position_joint1,position_joint2,position_joint3,position_joint4,position_joint5,position_joint6,position_joint7,velocity_joint1,velocity_joint2,velocity_joint3,velocity_joint4,velocity_joint5,velocity_joint6,velocity_joint7,ee_T_00,ee_T_10,ee_T_20,ee_T_30,ee_T_01,ee_T_11,ee_T_21,ee_T_31,ee_T_02,ee_T_12,ee_T_22,ee_T_32,ee_T_03,ee_T_13,ee_T_23,ee_T_33,v_x,v_y,time
0.465082246789,0.547670721734,-0.124034374884,-1.35582028807,0.0795218039309,1.89413865217,0.159131062978,-0.000603073771956,-0.0020122533763,0.000142513125395,0.00114858585877,7.76484260113e-05,-0.000478991954183,-0.00109834075493,0.573812891158,0.818972020647,0.00208380391038,0.0,0.818930714885,-0.573753874152,-0.0118204490472,0.0,-0.00848518984079,0.00848938051545,-0.999927963391,0.0,0.661697608805,0.260878717688,0.303303553491,1.0,0.0,0.0,0.0
0.465082243877,0.54767631799,-0.124033639192,-1.35582304347,0.0795252264967,1.89413922013,0.159136555986,-0.000972661122896,0.000188214162755,0.0010424253579,-0.000195867550943,0.0093419536293,9.92030012283e-05,0.000627740992515,0.573817949656,0.818968488403,0.00207907585778,0.0,0.818927084651,-0.573758914316,-0.0118273060821,0.0,-0.00849346620253,0.00848949550606,-0.999927892149,0.0,0.661696581344,0.260879332806,0.30329830881,1.0,-4e-05,-5.25714285714e-05,0.003
0.465082243729,0.547669932227,-0.124036657528,-1.35582108345,0.0795238777408,1.89414027977,0.15913885586,-0.000627142544615,-0.00147076455187,8.85707885916e-05,0.000763079355531,-0.000479964239375,0.000181261727905,-0.00134834582286,0.573821472977,0.818966003026,0.00208565099524,0.0,0.81892471624,-0.573762442544,-0.0118201335793,0.0,-0.00848378268245,0.00849080108494,-0.99992796327,0.0,0.66169818077,0.26087775754,0.303303955063,1.0,-0.0004,-0.000525714285714,0.021
0.465079055062,0.547666567111,-0.124037398885,-1.35583194044,0.0795197691933,1.89414405773,0.159133402497,-0.0015215883769,-0.000633761383053,-0.000226108785849,-0.00313811832283,-0.000423927579748,0.000320864266035,-0.000989709719722,0.573819661664,0.818967285634,0.00208034883279,0.0,0.818925963882,-0.573760686486,-0.0118189349504,0.0,-0.00848586208012,0.0084857523046,-0.999927988483,0.0,0.66169776661,0.260873563889,0.303301516448,1.0,-0.00072,-0.000946285714286,0.037
0.465081880644,0.547615107932,-0.124034703419,-1.35586841497,0.0795245453415,1.89414652566,0.159137819535,-0.00149454797948,-0.00490974147361,-0.00232965227418,-0.00281031564961,0.000247631623481,0.000113681864721,0.0010165170484,0.573822263057,0.818965410562,0.00210086262998,0.0,0.818924266501,-0.573763117055,-0.011818550858,0.0,-0.0084737500105,0.0085023586844,-0.999927950133,0.0,0.661689634849,0.260874284309,0.303320743516,1.0,-0.00104,-0.00136685714286,0.053
0.465082974025,0.547485682622,-0.124034712513,-1.3560119083,0.0795224929629,1.89418691002,0.159136452627,-0.00200187633349,-0.0100705365493,-0.000668956021175,-0.00680893876564,0.000208841627777,-0.00026362223234,0.000654139064341,0.573827595459,0.8189616036,0.0021282432805,0.0,0.818920741737,-0.573768266477,-0.0118127912515,0.0,-0.00845326676021,0.00852153223128,-0.99992796029,0.0,0.661668046904,0.260862082416,0.30334763251,1.0,-0.0014,-0.00184,0.071
0.46506920174,0.547347637396,-0.124034704109,-1.35621777481,0.0795191326887,1.89425487964,0.15913326709,-0.000543868236444,-0.00912503752776,-8.06452229538e-05,-0.0161809355624,5.7569323257e-05,0.01652986656,0.00154215820238,0.573846838287,0.818948106544,0.00213351295128,0.0,0.818907222043,-0.573787394245,-0.0118209472189,0.0,-0.00845672232371,0.00853072659419,-0.999927852673,0.0,0.661641828184,0.260834420146,0.30335332873,1.0,-0.00174,-0.00228685714286,0.088
0.465052465834,0.547192419179,-0.124036834611,-1.35640408321,0.0795156643885,1.89433557009,0.159119687925,-0.00042635203716,-0.0115310978971,-0.000431226479187,-0.0149606455813,-0.000149473144484,0.000278852029566,9.20776957405e-05,0.573860443936,0.818938450727,0.00217984101957,0.0,0.818898128083,-0.573800775579,-0.0118013841498,0.0,-0.00841397477953,0.00855758003767,-0.999927983833,0.0,0.661624352599,0.260806961056,0.303381670226,1.0,-0.00204,-0.00268114285714,0.103
0.465034963014,0.546982365756,-0.124035654152,-1.35664760207,0.0795135096008,1.89448360352,0.159105060318,-9.28753151404e-05,-0.0138992052764,-0.00120566024004,-0.0151625318934,-0.00505659953132,0.00833281801177,0.00100609154235,0.573875329616,0.818927737246,0.00228344662802,0.0,0.818888725677,-0.573815225632,-0.0117511145712,0.0,-0.00831319727865,0.00861372928826,-0.999928344642,0.0,0.661607999554,0.260779635243,0.303427359993,1.0,-0.0024,-0.00315428571429,0.121
0.465007058141,0.546755890769,-0.124037574454,-1.3569463611,0.0795093214981,1.89461119278,0.159080225936,-0.00127677095029,-0.0149215835234,-6.51106855084e-05,-0.0194018407945,-0.00189735606236,0.0098816370588,-0.00451397445054,0.573894851531,0.818913903567,0.00233769809128,0.0,0.81887551036,-0.573834451656,-0.0117331805978,0.0,-0.00826717219095,0.00864806215673,-0.999928429881,0.0,0.661578852463,0.260735561894,0.303456697779,1.0,-0.00274,-0.00360114285714,0.138
0.464977460133,0.546507903794,-0.124035393259,-1.35730642759,0.0794992895989,1.89473358637,0.158986356652,-0.00407691164735,-0.0156888178686,-0.000354558073237,-0.0263540908735,-0.000233355626542,0.00429339554107,-0.00544051959519,0.573858088432,0.818939616917,0.00235480075517,0.0,0.818901313664,-0.573797490909,-0.0117398810392,0.0,-0.00826323400884,0.00866554196194,-0.999928311103,0.0,0.661534977969,0.26068444103,0.303471476468,1.0,-0.00306,-0.00402171428571,0.154
0.464932829857,0.546211399847,-0.124035382697,-1.3577684063,0.0794907669053,1.89489441728,0.158935431647,-0.00785947942664,-0.0121289446448,-8.53625009738e-05,-0.0258740299466,-0.00423256312654,0.00996542179587,-0.00366344054243,0.573876456673,0.818926725673,0.00236164278453,0.0,0.818888326898,-0.57381563783,-0.0117587734674,0.0,-0.00827458560428,0.00868217211956,-0.999928072973,0.0,0.66148096852,0.260613512002,0.303475501411,1.0,-0.00342,-0.00449485714286,0.172
0.464894810803,0.545930653253,-0.124032885813,-1.35823927128,0.0794710795849,1.89505624322,0.158891883603,-0.0057461880178,-0.0170573388251,0.000592389926295,-0.025104657649,-0.00506711061498,0.0118406226228,-0.00130315778587,0.573891264819,0.818916403476,0.00234247375037,0.0,0.818877645577,-0.573830401217,-0.0117821523521,0.0,-0.00830457506614,0.00868004082283,-0.999927842859,0.0,0.661422995632,0.260545392038,0.303464103587,1.0,-0.00374,-0.00491542857143,0.188
0.464841550469,0.545613198389,-0.124037288493,-1.35877167918,0.0794326235917,1.89522640623,0.158788625898,-0.00481511042277,-0.0195487569186,-0.000971892451013,-0.0298639549576,0.000942091091607,0.010324556995,-0.00928609115393,0.5738728335,0.818929439111,0.00230035407227,0.0,0.818890164266,-0.573812164693,-0.0118002296641,0.0,-0.0083437449534,0.00865573520715,-0.999927727472,0.0,0.661360083193,0.260453899062,0.3034503003,1.0,-0.00406,-0.005336,0.204
0.464780817803,0.545222596882,-0.124037604176,-1.35945912337,0.0793402414672,1.89544766439,0.158749464624,-0.000510341423025,-0.0176801440714,0.000241144042754,-0.0394999783212,-0.00387368035556,0.0134901225358,-2.25734326756e-05,0.573904461982,0.818907531488,0.00220687335627,0.0,0.818867441148,-0.573844561624,-0.0118016872882,0.0,-0.00839825002323,0.00858034293,-0.999927920958,0.0,0.661277638851,0.260337123798,0.303418665233,1.0,-0.00442,-0.00580914285714,0.222
0.464721920039,0.544831602342,-0.124033207669,-1.36011105962,0.0793268698519,1.89565200941,0.158645835086,-0.00176750469991,-0.030729844174,0.00010592944381,-0.0432546162756,0.000466463088246,0.00539718082093,-0.00991466416812,0.573898251721,0.818911974393,0.00217296304901,0.0,0.818871119081,-0.573838155583,-0.0118578427229,0.0,-0.00846376324173,0.0085847371743,-0.999927330859,0.0,0.66119089331,0.260232145742,0.303398352774,1.0,-0.00476,-0.006256,0.239
0.464663037712,0.544443531898,-0.124038587441,-1.36080053872,0.0793037034097,1.89588572964,0.158586269326,-0.00382468092919,-0.0290776535507,-5.6972913425e-05,-0.0429560975665,-0.00118578501324,0.0148875362652,-0.0071382687159,0.573926942468,0.818891978693,0.0021304559824,0.0,0.818850406277,-0.573866847768,-0.0118995829075,0.0,-0.00852203900944,0.00857418106102,-0.999926926465,0.0,0.661105019839,0.260129719974,0.303373119596,1.0,-0.00508,-0.00667657142857,0.255
0.464591572074,0.543937676022,-0.124040798277,-1.36163042432,0.0792664759001,1.89618400947,0.158458469117,-0.00587060962286,-0.0276030977976,-0.00148230107827,-0.0478031190518,-0.0023287056183,0.0239174834428,-0.00760208836565,0.573924671971,0.818893625807,0.00210888992852,0.0,0.818851640565,-0.573864532872,-0.0119262549457,0.0,-0.00855628175601,0.0085718049691,-0.999926654411,0.0,0.661013148685,0.260007285472,0.303358500158,1.0,-0.00542,-0.00712342857143,0.272
0.464512945858,0.543420383084,-0.124038944631,-1.36246310089,0.0792261399009,1.89646489548,0.15835023918,-0.00344951644484,-0.0338681431272,-0.000578426977336,-0.0529491389608,-0.00408266087489,0.022667028406,-0.00447221033746,0.573934633214,0.818886703519,0.00208578466137,0.0,0.818844270634,-0.573874441502,-0.0119554481642,0.0,-0.00859334447717,0.00856974357091,-0.999926354251,0.0,0.660913390159,0.259876864523,0.303352434653,1.0,-0.00576,-0.00757028571429,0.289
0.464430040813,0.542876092397,-0.12404001633,-1.36332769791,0.0791705835579,1.89676979159,0.158255876208,-0.00502785184665,-0.0287039095339,0.000766932395797,-0.047937324438,-0.00501719780284,0.0250138294381,-0.00823862204794,0.573959241841,0.818869494683,0.00207033424509,0.0,0.818826868151,-0.573899118882,-0.0119627856763,0.0,-0.00860796299269,0.00856156153962,-0.999926298603,0.0,0.660814289266,0.259737663208,0.303352366661,1.0,-0.0061,-0.00801714285714,0.306
0.464360759191,0.54235973274,-0.124042203702,-1.36412704116,0.0791208177322,1.8970483291,0.158146735342,-0.0044473334205,-0.0344938292195,0.000120743589773,-0.0495859732406,-0.00423995256807,0.0194827809802,-0.0110630508167,0.573959197645,0.818869537189,0.00206576934534,0.0,0.818826844349,-0.573899086927,-0.0119659474535,0.0,-0.00861317254245,0.00855963779323,-0.999926270212,0.0,0.660720501238,0.259613355637,0.303361293223,1.0,-0.0064,-0.00841142857143,0.321
0.464274659612,0.541789638463,-0.124045311337,-1.36501386554,0.0790739578984,1.89737382746,0.15802501569,-0.00415780209519,-0.0385100569268,-0.00264082358059,-0.0577066959412,-0.00144925498552,0.0195779261311,-0.00814680406021,0.573967371872,0.818863760571,0.00208435857631,0.0,0.818821269469,-0.57390714246,-0.0119610785431,0.0,-0.00859843102833,0.00857215099209,-0.999926289889,0.0,0.660615276556,0.259464467537,0.303377337006,1.0,-0.00674,-0.00885828571429,0.338
0.464182801811,0.541115659417,-0.124048172123,-1.36606538847,0.0790083240099,1.89776773725,0.15788866756,-0.00357397001119,-0.0337268120556,0.000297599020357,-0.0623317047631,-0.0012516671705,0.0193362812819,-0.00486807514227,0.573975427307,0.818858106153,0.00208751923483,0.0,0.818815671691,-0.573915199181,-0.0119577106593,0.0,-0.00859377474378,0.00857289060446,-0.999926323577,0.0,0.660503447137,0.259309184779,0.303380852941,1.0,-0.00708,-0.00930514285714,0.355
0.464095376934,0.540443338203,-0.124054446201,-1.36706391026,0.0789529576992,1.8981321578,0.157760201989,-0.00907321278045,-0.0429742529206,-0.000599419189675,-0.0623237804514,-0.00474298883249,0.0249390775539,-0.00969114710244,0.573986707726,0.81885011044,0.00212200108399,0.0,0.81880810125,-0.573926311805,-0.0119427319302,0.0,-0.00856159994153,0.00859264649536,-0.99992643001,0.0,0.660390460255,0.259153874247,0.303412586904,1.0,-0.0074,-0.00972571428571,0.371
0.463994381291,0.539682875977,-0.12405944256,-1.3682482958,0.0788779971045,1.89857070721,0.157613134511,-0.00343248892529,-0.0340489524343,-0.00216442826108,-0.0694908799663,-0.0106245409898,0.0210281932562,-0.00893166033269,0.573998041715,0.818842142562,0.00213086220678,0.0,0.818800294567,-0.573937653996,-0.0119328891359,0.0,-0.00854833503298,0.00859437106688,-0.999926528678,0.0,0.660255748167,0.258971303718,0.303424406851,1.0,-0.00776,-0.0101988571429,0.389
0.463877332818,0.538870128878,-0.124054958499,-1.3694834051,0.0788031135493,1.89904145685,0.157467769465,-0.00768613645299,-0.0438929839882,0.00158812989405,-0.0654245459964,-0.00680015846383,0.0245493272171,-0.00464999436107,0.57402003748,0.818826614193,0.00217240929299,0.0,0.818785300701,-0.573959471266,-0.0119123297613,0.0,-0.00850742155064,0.00861681867273,-0.99992668442,0.0,0.660118837398,0.258780510493,0.303451371851,1.0,-0.00812,-0.010672,0.407
0.463787524867,0.538141529217,-0.12407162016,-1.37060237341,0.0787540244057,1.89946818905,0.157329604705,-0.00809497918853,-0.0450622766301,-0.000634815165805,-0.0703631452444,-0.000849476905542,0.0283464425481,-0.0104271431002,0.574040898057,0.818811892471,0.00220884756825,0.0,0.818770980374,-0.573980108123,-0.0119022719522,0.0,-0.00847805048456,0.00864109753721,-0.999926724362,0.0,0.659993914481,0.25860930512,0.303470957484,1.0,-0.00844,-0.0110925714286,0.423
0.463674900996,0.537296081316,-0.124072801966,-1.37193533364,0.0786687537682,1.8999701439,0.157167300948,-0.00116616546023,-0.0495389286969,-6.87506016002e-05,-0.0754947334742,-0.00253081154124,0.0272405088907,-0.0144219920345,0.574051808099,0.818804221536,0.00221705061531,0.0,0.818763462487,-0.573991031108,-0.0118926702188,0.0,-0.00846536439631,0.00864241527382,-0.999926820454,0.0,0.659841621674,0.258407422525,0.303477044328,1.0,-0.0088,-0.0115657142857,0.441
0.463567393447,0.536510754604,-0.124075498443,-1.37315667359,0.0786024469362,1.90043058455,0.157017203271,-0.00819492308741,-0.0461793553093,-0.000461904421328,-0.0774398423512,-0.00136327595138,0.0251070035653,-0.00788220713429,0.574068394339,0.818792528955,0.00224054681621,0.0,0.818752023499,-0.574007468067,-0.0118868634036,0.0,-0.00844694697246,0.00865849153016,-0.999926837129,0.0,0.659703021619,0.258220760587,0.303490133553,1.0,-0.00912,-0.0119862857143,0.457
0.4634597698,0.535637026861,-0.124079190612,-1.37453238705,0.0785265715511,1.90092525094,0.15685351923,-0.00898645102855,-0.0527270352775,-0.000312291965417,-0.0847706213851,-0.00234929351208,0.0289993302107,-0.0164658922946,0.57408033217,0.818784168147,0.00223721011871,0.0,0.818743536833,-0.574019333255,-0.0118984387358,0.0,-0.0084582142487,0.0086625277675,-0.999926706926,0.0,0.65953825373,0.258017072584,0.303494986617,1.0,-0.00946,-0.0124331428571,0.474
0.463357758063,0.53484248303,-0.124071694338,-1.37578349086,0.0784535339083,1.90137480967,0.156701589509,-0.00845891541316,-0.0508748032907,0.00324615798077,-0.0854985073653,-0.00504598134401,0.0306885761082,-0.0133283343932,0.574083215287,0.818782154469,0.00223435702951,0.0,0.818741392461,-0.574022131672,-0.0119109833385,0.0,-0.0084700932903,0.00866742307255,-0.999926563952,0.0,0.659386873581,0.257834752285,0.303498833353,1.0,-0.00976,-0.0128274285714,0.489
0.463228579642,0.533949851549,-0.124081576665,-1.37726034234,0.0783728635695,1.90190224739,0.156527444163,-0.0112507024081,-0.0563216397658,3.75634514904e-05,-0.0839443031115,-0.00553602407835,0.0237253190388,-0.0114722847205,0.574108397645,0.818764634439,0.00218358567796,0.0,0.818723123177,-0.574047426937,-0.0119476400836,0.0,-0.008528987635,0.00864715907465,-0.999926238785,0.0,0.659220749951,0.257619645475,0.303469285038,1.0,-0.01008,-0.013248,0.505
0.463090160386,0.532984022289,-0.124082530393,-1.37882629253,0.0782764627403,1.90249601467,0.156319168435,-0.0117486151564,-0.0506337494881,-0.000485381152344,-0.0846344221093,-0.0101997127661,0.0286865452293,-0.0170791709383,0.574116106562,0.818759242803,0.00217839683636,0.0,0.818717685163,-0.574055177606,-0.0119478854564,0.0,-0.00853208593565,0.00864313190216,-0.999926247171,0.0,0.659032804547,0.257362660418,0.303458869331,1.0,-0.01046,-0.0137474285714,0.524
0.4629687417,0.532132736469,-0.124080095023,-1.38020469734,0.0782048910233,1.90301968088,0.156160667732,-0.00989474573589,-0.0592443380402,0.000881550326208,-0.0919709669247,-0.00930167800072,0.0336005099141,-0.00670479456714,0.574140282513,0.818742284539,0.00218045988792,0.0,0.818700635591,-0.574079222322,-0.0119608813238,0.0,-0.00854128702964,0.00865253426659,-0.999926087302,0.0,0.658873165727,0.257155549316,0.303448277324,1.0,-0.01076,-0.0141417142857,0.539
0.462837074021,0.531137537834,-0.124080581558,-1.38179920477,0.0781169361841,1.90359478004,0.155947617768,-0.00916093409428,-0.0636010390617,0.000103078955194,-0.100281213006,-0.00555980587398,0.0383356745855,-0.00965410530119,0.574122845285,0.818754562826,0.00216131287727,0.0,0.81871253376,-0.57406173431,-0.0119857901557,0.0,-0.00857285841445,0.00865097644729,-0.999925830602,0.0,0.65866673236,0.256908266624,0.303440581846,1.0,-0.01112,-0.0146148571429,0.557
0.462694514281,0.530047014702,-0.124085829612,-1.38354897044,0.0779916507368,1.90420788649,0.155726517734,-0.00903273770931,-0.0579425773551,-0.001123185216,-0.101029176219,-0.0124220511789,0.0340657711167,-0.0208324065034,0.574137937037,0.818744106613,0.00211282811019,0.0,0.818701573811,-0.574077155143,-0.0119958277062,0.0,-0.00860875263274,0.00861720137911,-0.999925813857,0.0,0.65846817258,0.256648133505,0.303429382591,1.0,-0.01146,-0.0150617142857,0.574
0.462550116378,0.529003585938,-0.124087237035,-1.38519524061,0.0778966795738,1.9048266857,0.155502860161,-0.00583572378173,-0.0662818659556,0.000183569731633,-0.100108411311,-0.00405644503206,0.0368909691448,-0.0103229700646,0.574137978911,0.818744038881,0.00212764443235,0.0,0.818701653813,-0.57407708956,-0.0119935060596,0.0,-0.00859834521301,0.00862799946032,-0.99992581029,0.0,0.658276845243,0.256397136287,0.303434391172,1.0,-0.0118,-0.0155085714286,0.591
0.462406514438,0.52791283454,-0.124089012598,-1.38690870344,0.0777884582888,1.905488726,0.155250485183,-0.00958577547999,-0.0679643587448,0.000743801900616,-0.102895469899,-0.00710319826912,0.0337922423743,-0.0227325227291,0.574114075065,0.818760724547,0.00215676904026,0.0,0.81871878251,-0.574053131573,-0.0119709730904,0.0,-0.0085634274519,0.00863865778716,-0.999926017914,0.0,0.658079796552,0.256139913543,0.303444230084,1.0,-0.01214,-0.0159554285714,0.608
0.462259360975,0.526739685016,-0.124095414259,-1.38866791603,0.0776751196086,1.90615834354,0.155018019729,-0.00870942588414,-0.0721242272637,-0.000281468853712,-0.0995405686846,-0.00782852647623,0.0394426997402,-0.00962310103854,0.5741133465,0.818761059029,0.00222272115727,0.0,0.818720081246,-0.57405224027,-0.0119248021563,0.0,-0.0084877689982,0.00866614136883,-0.999926425179,0.0,0.657877437303,0.255873040446,0.303490769878,1.0,-0.01248,-0.0164022857143,0.625
0.462107006328,0.525579173539,-0.124098239874,-1.39049307449,0.0775631333853,1.90681740601,0.154763773579,-0.00652322214342,-0.0691267500095,0.000783141395604,-0.111134986482,-0.0125895241276,0.032461673021,-0.0183316932955,0.574100100613,0.818770362957,0.00221678168256,0.0,0.818729280625,-0.57403899233,-0.0119309359671,0.0,-0.00849634122986,0.00866466243301,-0.999926365194,0.0,0.657657042418,0.255596384383,0.303495732319,1.0,-0.01282,-0.0168491428571,0.642
0.46196913718,0.524549431086,-0.124107136827,-1.39211733284,0.0774606088614,1.90740310548,0.154543913025,-0.00912419446942,-0.07125592791,-0.000206811352667,-0.109241506227,-0.0124051569905,0.0328626175982,-0.0155841911254,0.574098953356,0.818771199125,0.00220502617554,0.0,0.818729993703,-0.574037923469,-0.011933429184,0.0,-0.00850514322604,0.00865645693493,-0.999926361435,0.0,0.657462368455,0.255344440085,0.303497896596,1.0,-0.01312,-0.0172434285714,0.657
0.461811922494,0.523360247754,-0.124111116986,-1.39403015722,0.0773444040064,1.90809480038,0.154287072952,-0.0111715922365,-0.0640284159262,0.000276257053436,-0.115434729852,-0.00338794404912,0.0432502004762,-0.0104518278854,0.574091555142,0.818776463676,0.00217617682365,0.0,0.818734842437,-0.574030603255,-0.0119528744775,0.0,-0.00853770457786,0.00864392250833,-0.999926192378,0.0,0.657229244797,0.255055490744,0.3034836068,1.0,-0.01346,-0.0176902857143,0.674
0.461663345161,0.522193966637,-0.124104281732,-1.39586116672,0.0772349748955,1.90881087735,0.154040271153,-0.0125728045175,-0.0723099763687,0.00686508716331,-0.114499176124,-0.011509393905,0.0490009412617,-0.012284920078,0.574075152264,0.818787846018,0.0022202854319,0.0,0.818746779371,-0.574014002388,-0.0119324445754,0.0,-0.00849582923546,0.00866813837168,-0.999926339418,0.0,0.657014019544,0.254790672152,0.303493603114,1.0,-0.01378,-0.0181108571429,0.69
0.461501930334,0.520948443111,-0.124112090335,-1.39785649655,0.0771108196008,1.90958514472,0.153774511662,-0.00836376503184,-0.0738265360302,0.000694363025596,-0.119480194771,-0.00302185852267,0.0516602662451,-0.0129654333032,0.574068679004,0.81879234518,0.00223476232034,0.0,0.818751546692,-0.574007552866,-0.0119155757087,0.0,-0.00847377487436,0.00867024084192,-0.999926508331,0.0,0.656780545796,0.254492036266,0.303486270872,1.0,-0.01412,-0.0185577142857,0.707
0.461325487195,0.519582725689,-0.124117792292,-1.40003026818,0.0769762895842,1.9103690747,0.153475360494,-0.0112455136462,-0.0766375324959,0.00263988480544,-0.124359859765,-0.0135571345191,0.043510675589,-0.017362186156,0.574051692676,0.818804317648,0.00221143344317,0.0,0.818763192706,-0.573990639742,-0.0119300737107,0.0,-0.00849921740367,0.00865928603186,-0.999926387325,0.0,0.656513202482,0.254164230262,0.303478795678,1.0,-0.01448,-0.0190308571429,0.725
0.461142203695,0.518163725466,-0.124120989022,-1.4022469205,0.0768288201835,1.91115516257,0.153170188731,-0.00686659676115,-0.0747158152024,-0.002475914884,-0.124627808893,-0.00751178084373,0.0468685792763,-0.0234554518774,0.574031809873,0.818818300901,0.00219505472239,0.0,0.818777002689,-0.573970866672,-0.0119336071947,0.0,-0.0085117223824,0.00864769695758,-0.99992638125,0.0,0.656238595603,0.253827147774,0.303487939045,1.0,-0.01484,-0.019504,0.743
0.460962577744,0.516874142579,-0.124123202615,-1.40424569459,0.0766982652232,1.91186549472,0.15290390469,-0.011631841744,-0.0836791128,6.48920488707e-05,-0.122888352498,-0.013703305663,0.0440971874587,-0.0128754596223,0.574032790518,0.818817622174,0.00219178667882,0.0,0.818776297674,-0.573971877013,-0.0119333845288,0.0,-0.00851340553972,0.00864490344472,-0.999926391076,0.0,0.655994173296,0.253514844667,0.303502951102,1.0,-0.01516,-0.0199245714286,0.759
0.460761382873,0.515445196944,-0.124128058067,-1.40655701796,0.0765570497127,1.91275383588,0.152579826014,-0.0128887486903,-0.0792532647864,0.000140777638127,-0.129092927529,-0.00623161481186,0.0568240434069,-0.0215775770809,0.574019927174,0.818826638282,0.00219238429026,0.0,0.818785347845,-0.573959039549,-0.0119298774174,0.0,-0.00851032648939,0.0086432459093,-0.999926431615,0.0,0.655720740281,0.253161925427,0.303482149718,1.0,-0.01552,-0.0203977142857,0.777
0.460585779773,0.514137156575,-0.124130568945,-1.40866212625,0.076435987649,1.91350524342,0.152298747595,-0.00990051532,-0.0837722587463,0.000692387821063,-0.132006253715,-0.00197091370411,0.0440333497635,-0.0179380093625,0.574013497486,0.818831240316,0.00215673055445,0.0,0.818789346848,-0.573952616349,-0.0119643877924,0.0,-0.00855911814071,0.00863379431128,-0.999926096815,0.0,0.655456756732,0.25284412267,0.303462355331,1.0,-0.01584,-0.0208182857143,0.793
0.460387853585,0.512737459139,-0.12413654765,-1.41093602819,0.0762947477654,1.91428881717,0.151978855318,-0.00964910054703,-0.0825138061091,-0.000630673692391,-0.136834837906,-0.00769932994681,0.0464215380431,-0.017726715211,0.573998844459,0.818841716505,0.0020776844738,0.0,0.818798702157,-0.573938204704,-0.0120153829702,0.0,-0.00864640078892,0.00859818683298,-0.999925652705,0.0,0.655168162004,0.252489879193,0.303428942661,1.0,-0.01618,-0.0212651428571,0.81
0.460215756932,0.511482655345,-0.124138790715,-1.41297363837,0.0761697368056,1.91504923757,0.151697569711,-0.0169376172547,-0.0846870160463,-0.000372144131768,-0.136725553708,-0.0057335764577,0.0537032362583,-0.0204638722892,0.573984097119,0.818852109011,0.00205589974983,0.0,0.818808788354,-0.573923529634,-0.0120290127014,0.0,-0.0086702201075,0.00858801612372,-0.999925533859,0.0,0.654918347458,0.252181912394,0.303403983768,1.0,-0.01648,-0.0216594285714,0.825
0.460017061043,0.510022538664,-0.124139126145,-1.41529337348,0.0760296188789,1.91593988496,0.151368841793,-0.00479840695769,-0.0793224486826,-0.000646097901428,-0.139512991494,-0.00883231564853,0.0531852764454,-0.0156991890857,0.573961405594,0.818867951505,0.00208081403701,0.0,0.818824943885,-0.573900723428,-0.012017396644,0.0,-0.00864664676591,0.0086015099122,-0.999925621997,0.0,0.654638975428,0.251833279119,0.303399291413,1.0,-0.01682,-0.0221062857143,0.842
0.459815352133,0.50850659759,-0.124146826095,-1.41766304545,0.0758730859531,1.91678219281,0.151040143498,-0.00823042327351,-0.0812864248156,-0.00149803561422,-0.139251746276,-0.00594407116548,0.0482029102299,-0.0166047718801,0.573943563584,0.818880499247,0.00206414013726,0.0,0.81883731838,-0.573882998221,-0.0120207022156,0.0,-0.00865911041561,0.00858956501692,-0.999925616823,0.0,0.654341829607,0.251467441747,0.303405371741,1.0,-0.01716,-0.0225531428571,0.859
0.459599382657,0.506978663925,-0.124151811927,-1.42005528244,0.0757170256057,1.91765393207,0.150700123622,-0.0161381891538,-0.0921251935232,-0.0014013184328,-0.142707368726,-0.00825961984553,0.0562247731561,-0.0203794802104,0.573927242206,0.818891938006,0.00206432162423,0.0,0.818848803618,-0.573866721892,-0.0120153743116,0.0,-0.00865481430446,0.00858648325142,-0.999925680486,0.0,0.654047448903,0.251093466143,0.303411049855,1.0,-0.0175,-0.023,0.876
0.459378600679,0.505384076559,-0.124154246654,-1.42250987752,0.0755580559831,1.91858568032,0.15037455134,-0.0143986539092,-0.0932926570814,-6.07420503007e-05,-0.143713641722,-0.0119355919497,0.0596139571617,-0.0237451722146,0.573927090051,0.818891904663,0.00211912352003,0.0,0.818849570823,-0.573866425554,-0.0119771819028,0.0,-0.00859208888549,0.00860943829977,-0.999926024054,0.0,0.653751657287,0.250714948734,0.303438180065,1.0,-0.01784,-0.0234468571429,0.893
0.459138953265,0.503627588761,-0.12415611021,-1.42513835488,0.0754007773554,1.9195846595,0.150006385618,-0.0117982471445,-0.0978223680292,0.000874173733367,-0.148528062962,-0.00558512457502,0.0516243871382,-0.0118593843959,0.57391613893,0.818899287014,0.00222937321504,0.0,0.818858373186,-0.573855007581,-0.0119223252143,0.0,-0.00848400997783,0.00866812266639,-0.999926439907,0.0,0.653435236382,0.250310827291,0.303500790087,1.0,-0.0182,-0.02392,0.911
0.458917876794,0.502037271187,-0.124164625309,-1.42749228316,0.0752498832354,1.92045219346,0.149679555574,-0.0124769109471,-0.0992522402294,-0.00034416099502,-0.151280722457,-0.00687127811447,0.045360204579,-0.0201843107749,0.573915376011,0.818899585959,0.00231434569956,0.0,0.818859846678,-0.573853976909,-0.0118706186039,0.0,-0.00839290976567,0.00870802296066,-0.999926862026,0.0,0.653149566626,0.249937615901,0.303566141905,1.0,-0.01852,-0.0243405714286,0.927
0.458681204969,0.500323563488,-0.124155362439,-1.43007438437,0.0750825980977,1.92136307255,0.149318603101,-0.0147470143486,-0.095353972429,0.00229324295418,-0.152522890662,-0.0106152405027,0.0539085652054,-0.0226910375591,0.573893218911,0.818915009067,0.00235119403843,0.0,0.818875682376,-0.573831608894,-0.0118595256591,0.0,-0.00836291511683,0.00873160508836,-0.99992690769,0.0,0.652820561675,0.249539658628,0.303611618174,1.0,-0.01886,-0.0247874285714,0.944
0.458425297829,0.498552917626,-0.124165612311,-1.4328233836,0.0749141072811,1.92239525406,0.148922089054,-0.0104244525249,-0.0988466719573,-0.000152704515212,-0.154937033215,-0.0103988575475,0.0634615226187,-0.0288379032736,0.573880014801,0.818924137316,0.00239433375971,0.0,0.818885387618,-0.573818256104,-0.0118354471646,0.0,-0.00831858109499,0.00875298004491,-0.999927090617,0.0,0.652485092471,0.249106712698,0.303627929248,1.0,-0.01922,-0.0252605714286,0.962
0.458184492083,0.496987396887,-0.124165726578,-1.43532803417,0.0747553641894,1.92330600409,0.148546524961,-0.00906075367677,-0.0993746183173,0.000106042271395,-0.157804746307,-0.0104554679642,0.0559856703491,-0.0274271950911,0.573853833977,0.818942561879,0.00236737718073,0.0,0.818903418423,-0.573792137469,-0.0118541627355,0.0,-0.00834965674356,0.00874137829897,-0.999926933099,0.0,0.652171194708,0.248709370383,0.303606111407,1.0,-0.01954,-0.0256811428571,0.978
0.457946030927,0.495487607936,-0.124163223965,-1.43771556729,0.0746081214691,1.92412581293,0.148199325801,-0.0135356989026,-0.102694773853,0.000234135957155,-0.158636170782,-0.0129346005005,0.0564649641,-0.0256590014006,0.57384354258,0.818949930926,0.00231218009949,0.0,0.818909907313,-0.573781895561,-0.0119015516736,0.0,-0.00842024995659,0.00872326371543,-0.999926499329,0.0,0.651862873726,0.248323994171,0.303585710014,1.0,-0.01984,-0.0260754285714,0.993
0.457658351656,0.493793124214,-0.12417480144,-1.44052117669,0.0744331234648,1.92511600326,0.147813889353,-0.0182456410913,-0.107266218499,-0.00140982758766,-0.169174461698,-0.0145310336486,0.0589444065289,-0.0262088312103,0.57386570279,0.818934698892,0.00220477074758,0.0,0.818893190088,-0.573804398299,-0.0119667297519,0.0,-0.0085350273996,0.00867293451092,-0.999925964016,0.0,0.651508067353,0.247858488984,0.303516719877,1.0,-0.0243051428571,-0.0319439020408,1.01
0.457325720142,0.491110901116,-0.124261176074,-1.444618582,0.0741979218306,1.92666254825,0.14720985376,-0.0194528003594,-0.15710113871,-0.0026795244157,-0.247493379925,-0.0222968761613,0.0907335381835,-0.0407159653066,0.573848009576,0.818946816137,0.00230676075742,0.0,0.818906848776,-0.573786514798,-0.011889296249,0.0,-0.00841327507537,0.00871183890038,-0.999926657643,0.0,0.651005854933,0.247207691432,0.30356960577,1.0,-0.033436,-0.0439444571429,1.029
0.456936968488,0.488492684505,-0.124268691491,-1.44886486883,0.0739740953867,1.92820765467,0.146578621789,-0.0297755133092,-0.187483987112,-0.00119527161595,-0.303287520673,-0.0162023012554,0.114562230396,-0.0412488279062,0.573806836612,0.818975810121,0.0022546828281,0.0,0.818934697446,-0.573745075633,-0.0119706477238,0.0,-0.00851022159566,0.00871544530158,-0.999925805818,0.0,0.650457981274,0.246550196584,0.303503317734,1.0,-0.0406445714286,-0.0534185795918,1.044
0.45633381897,0.484523226012,-0.124349323237,-1.45505116702,0.0735990751986,1.93054460658,0.145651178088,-0.0360736225081,-0.242993138772,-0.00253627836774,-0.363781104839,-0.0304083515528,0.14404802649,-0.0572322435741,0.573803879621,0.818977630352,0.00234427318808,0.0,0.818937906371,-0.573741987755,-0.011898903178,0.0,-0.00840008929751,0.00874761940217,-0.999926456123,0.0,0.649750043026,0.245593526606,0.303521226605,1.0,-0.0488142857143,-0.0641559183673,1.061
0.455643115933,0.480109932256,-0.124458188924,-1.46205149071,0.0731808228192,1.93297498314,0.144578950044,-0.0423385926481,-0.27074956841,-0.00993225710624,-0.434778295334,-0.0255735004056,0.159532221721,-0.0654397216828,0.57380077088,0.818980209536,0.00219968815979,0.0,0.81893851631,-0.573739375556,-0.0119825849038,0.0,-0.00855161682918,0.00867719287569,-0.999925785333,0.0,0.648800525397,0.2443424702,0.303463697914,1.0,-0.0574645714286,-0.0755248653061,1.079
0.45487042416,0.475246058978,-0.124564581511,-1.46955376762,0.07273780852,1.93566689269,0.143505119155,-0.0433681488044,-0.313963642878,-0.00750829178415,-0.490811753128,-0.0289068828403,0.181219983252,-0.0695098879726,0.573875548402,0.818927701987,0.00224070661832,0.0,0.818886511666,-0.573813942732,-0.0119660787028,0.0,-0.00851376855113,0.00870209194635,-0.999925891924,0.0,0.647850415616,0.243066322454,0.303497276434,1.0,-0.0651537142857,-0.0856305959184,1.095
0.453866830908,0.469126041646,-0.124642946788,-1.47894915896,0.0721802479908,1.93909770869,0.142076265836,-0.0578774577852,-0.360296275091,-0.00548994231043,-0.535107321536,-0.030687827126,0.200471102287,-0.0885176720171,0.573884026434,0.818921373433,0.00237807465911,0.0,0.818881788153,-0.57382167588,-0.0119183984903,0.0,-0.00839580211971,0.00878730972639,-0.99992614412,0.0,0.646655868552,0.241482806754,0.303554796416,1.0,-0.073804,-0.0969995428571,1.113
0.452845808924,0.463037967867,-0.124689467983,-1.48821201709,0.0715768262999,1.94248500873,0.140563847246,-0.0631125034953,-0.385373437262,-0.00364912583275,-0.599749266516,-0.0366284720438,0.219166455516,-0.0994183325593,0.573788530496,0.818987787017,0.00254438384336,0.0,0.818950508144,-0.57372570161,-0.0118165740884,0.0,-0.0082180096792,0.00886410978467,-0.999926943269,0.0,0.645468809179,0.239914117152,0.303639555056,1.0,-0.0814931428571,-0.107105273469,1.129
0.451695898148,0.456431552708,-0.12475286212,-1.49854953719,0.0709092480679,1.9459713469,0.139028716619,-0.0669327457648,-0.418584890457,-0.0015638106988,-0.669320095637,-0.0428288433035,0.223759177291,-0.110130817913,0.573816807293,0.818968609217,0.00233145581095,0.0,0.818928134273,-0.573754358315,-0.0119747280637,0.0,-0.00846940651761,0.00878076404,-0.999925580899,0.0,0.644066727722,0.238132388306,0.303570105536,1.0,-0.0891822857143,-0.117211004082,1.145
0.450276309585,0.448173547025,-0.124891017117,-1.51084330139,0.0700536902247,1.95048455462,0.13707767923,-0.0808563748823,-0.466915895772,-0.00695847601079,-0.684607322252,-0.0455270637192,0.256009977076,-0.106494011311,0.573809071089,0.818972968993,0.00267822632066,0.0,0.818937978533,-0.573746354408,-0.0116813963323,0.0,-0.00803027985626,0.00889636371012,-0.99992818208,0.0,0.642488026785,0.235966179736,0.303781190539,1.0,-0.0978325714286,-0.12857995102,1.163
0.448875952859,0.440423385097,-0.124925927328,-1.52271301002,0.0692888530783,1.95466015364,0.135229839804,-0.0978352772829,-0.498675790455,-0.00310561358396,-0.780888399851,-0.0581992566344,0.251292913262,-0.126047362507,0.573785910072,0.818988999751,0.00273762501956,0.0,0.818954349086,-0.573722507842,-0.0117049139098,0.0,-0.00801571297072,0.00895827707058,-0.999927746198,0.0,0.640771457859,0.233775038581,0.303814618763,1.0,-0.106002285714,-0.139317289796,1.18
0.447236911273,0.431492510261,-0.124983276186,-1.53610851585,0.0683755711689,1.95938666236,0.133019819409,-0.0948476398339,-0.549722810106,-0.00699949823407,-0.785021953519,-0.0618662656949,0.296433029968,-0.130905068021,0.573699562388,0.819048811958,0.00293302679745,0.0,0.819016805705,-0.573635631577,-0.0115922844994,0.0,-0.00781230857888,0.00905286107871,-0.999928504215,0.0,0.639058854667,0.231549835621,0.303929188027,1.0,-0.113691428571,-0.149423020408,1.196
0.44542920341,0.422119310122,-0.12503285126,-1.55040350513,0.0673627916856,1.96431151118,0.130655732342,-0.11351486222,-0.565632979992,-0.00175831048158,-0.847375445079,-0.0613537385689,0.293886184945,-0.15306068242,0.573609860664,0.819111745075,0.00290236651476,0.0,0.819079356185,-0.5735460597,-0.0116048514004,0.0,-0.00784118017058,0.00903409962553,-0.999928447909,0.0,0.637066713337,0.228989219883,0.303929574574,1.0,-0.121861142857,-0.160160359184,1.213
0.443461320432,0.41213782121,-0.125151597554,-1.56540711016,0.0662811822245,1.96955089839,0.128218260359,-0.11255423777,-0.60330544812,-0.000482448574894,-0.911694296732,-0.0602248543091,0.317782087799,-0.153955921326,0.573636304277,0.819092761811,0.00303065428985,0.0,0.819062542505,-0.573572683106,-0.0114749972283,0.0,-0.00766093415563,0.00906494493801,-0.99992956595,0.0,0.634985390019,0.226229582514,0.304011366093,1.0,-0.130030857143,-0.170897697959,1.23
0.441415926351,0.402381763058,-0.125220852784,-1.58041323222,0.0652933596178,1.97452733289,0.125705726481,-0.13514975764,-0.619880532101,-0.00376916642374,-0.950191572865,-0.0653126881176,0.306427981904,-0.159088518968,0.573639835252,0.819091040209,0.00282031259808,0.0,0.819057061152,-0.573575709708,-0.0117125023399,0.0,-0.00797609648959,0.00902892869562,-0.999927427532,0.0,0.63280624495,0.223454927879,0.303892969713,1.0,-0.13772,-0.181003428571,1.246
0.439025957751,0.391316788819,-0.125355133949,-1.59681562241,0.0640899636117,1.98022673828,0.122890213183,-0.141544411421,-0.65014073558,-0.00651973070709,-0.9767659637,-0.0748671957715,0.328739398072,-0.164739262486,0.573697967658,0.819049428168,0.00306969449457,0.0,0.819019274979,-0.573633696622,-0.0115133059117,0.0,-0.00766923407939,0.00911947474005,-0.999929006495,0.0,0.63049276657,0.220304381278,0.304027464183,1.0,-0.145889714286,-0.191740767347,1.263
0.436488005589,0.379819201388,-0.12549662194,-1.61407055263,0.0627697465986,1.98593366415,0.119809940964,-0.147736169183,-0.707483006419,-0.00866870173901,-1.01541386423,-0.0818522084683,0.350595439106,-0.186728473354,0.573639587887,0.819090729205,0.00295760711973,0.0,0.819059474236,-0.573576088715,-0.0115236721689,0.0,-0.00774266938663,0.00903306460087,-0.999929224903,0.0,0.627951248952,0.216962607437,0.304016573128,1.0,-0.154059428571,-0.202478106122,1.28
0.433859061037,0.368561644098,-0.125605238148,-1.63091882676,0.0615328263484,1.9914981288,0.11684521927,-0.16427539108,-0.708744253098,-0.00847004066908,-1.07105609088,-0.088600801317,0.342314687203,-0.182036577413,0.57371931897,0.819035119324,0.00289192944287,0.0,0.819002773123,-0.573655743331,-0.011588471006,0.0,-0.00783254359967,0.00901720153589,-0.999928668124,0.0,0.625276343557,0.213437306947,0.303987102774,1.0,-0.162229142857,-0.213215444898,1.297
0.430669044563,0.355389920015,-0.125782812075,-1.65036824145,0.0599948164717,1.99793339018,0.113273159005,-0.1883437593,-0.73914848213,-0.00804918080568,-1.10804000455,-0.0917090372776,0.351958865066,-0.209798959615,0.573777036985,0.818994466183,0.002953488093,0.0,0.818963583995,-0.573714030698,-0.0114719645745,0.0,-0.0077011662156,0.00900132233922,-0.999929831656,0.0,0.622530687749,0.209698199361,0.304043491504,1.0,-0.170398857143,-0.223952783673,1.314
0.427603041365,0.343177418324,-0.12593678492,-1.66826511712,0.0586957079537,2.00373900447,0.109900783783,-0.19163904036,-0.764505336684,-0.010827167632,-1.12049206101,-0.0851821666771,0.374975267551,-0.211676569518,0.573877713623,0.818923538841,0.00305847025573,0.0,0.818893439631,-0.573813690989,-0.0114947581303,0.0,-0.00765848334947,0.00910132197082,-0.999929254283,0.0,0.619790005834,0.206023111036,0.304100590153,1.0,-0.178088,-0.234058514286,1.33
0.424199811631,0.329890590835,-0.126035473459,-1.68784562928,0.0571667790154,2.00998320393,0.1061300231,-0.204713981203,-0.803678927462,-0.0112710999166,-1.15691462368,-0.0864010771033,0.362290742753,-0.234010773861,0.573840219779,0.818950079491,0.00298602879008,0.0,0.81891864463,-0.573775963106,-0.0115820784492,0.0,-0.00777198215647,0.00909175213677,-0.99992846561,0.0,0.616699621412,0.202016220285,0.304059890054,1.0,-0.186257714286,-0.244795853061,1.347
0.420358259465,0.31524350763,-0.126096947563,-1.7091825523,0.055342825733,2.01675507151,0.101964042766,-0.215370381651,-0.791101938774,0.00111949057257,-1.20990109359,-0.092795843379,0.374869199133,-0.240121225422,0.573732665104,0.819025542961,0.00295565071175,0.0,0.818994236969,-0.57366913021,-0.0115289096301,0.0,-0.00774705505135,0.00903534690566,-0.999929170314,0.0,0.613272606074,0.197604893455,0.304067563354,1.0,-0.194908,-0.2561648,1.365
0.416701510599,0.301784580624,-0.126198966871,-1.72849241656,0.0537329169161,2.02283623343,0.0979353327807,-0.233570983832,-0.861777548897,-0.01264141798,-1.22022299615,-0.101904791084,0.372229658947,-0.252656203356,0.573587211371,0.819126908319,0.00309288229802,0.0,0.819097552461,-0.573523477191,-0.011435364589,0.0,-0.00759332042614,0.00909272626913,-0.999929829445,0.0,0.61013569371,0.193512029878,0.30415270219,1.0,-0.202597142857,-0.266270530612,1.381
0.412500087253,0.287086277566,-0.12635478775,-1.74952522725,0.0520291671973,2.02924682361,0.0936118047858,-0.251695889237,-0.870747914128,-0.00720338373975,-1.24503478771,-0.0961136672848,0.385431353368,-0.259052348301,0.57367643216,0.819064240864,0.0031412453913,0.0,0.819034936962,-0.573611851019,-0.011487528326,0.0,-0.00760731454873,0.00916309040335,-0.999929080755,0.0,0.60664407216,0.188927112805,0.304197759097,1.0,-0.210766857143,-0.277007869388,1.398
