position_joint1,position_joint2,position_joint3,position_joint4,position_joint5,position_joint6,position_joint7,velocity_joint1,velocity_joint2,velocity_joint3,velocity_joint4,velocity_joint5,velocity_joint6,velocity_joint7,ee_T_00,ee_T_10,ee_T_20,ee_T_30,ee_T_01,ee_T_11,ee_T_21,ee_T_31,ee_T_02,ee_T_12,ee_T_22,ee_T_32,ee_T_03,ee_T_13,ee_T_23,ee_T_33,v_x,v_y,time
0.465066278576,0.547766066409,-0.124008729902,-1.35584163197,0.0795335057924,1.89409750861,0.159146192448,0.00186662440133,-0.00172475432489,-0.00178062925823,-0.000631968992919,-1.55010104945e-05,4.71683105469e-05,0.00113882622547,0.573824594228,0.818964122595,0.00196159681596,0.0,0.818920907786,-0.573765757564,-0.0119226313848,0.0,-0.00863887659311,0.00844805441299,-0.999926997429,0.0,0.661679587306,0.26087827819,0.303221449548,1.0,0.0,0.0,0.0
0.465064135072,0.54777102455,-0.124006595596,-1.35584155292,0.0795345703976,1.89409484023,0.159150076993,0.000395142102193,0.00119468474563,-0.000419097261427,-0.000367983281065,-5.26911535156e-05,-0.000626873304862,0.000971578499994,0.573828307378,0.818961533783,0.00195620485073,0.0,0.818918224624,-0.573769469162,-0.0119283082174,0.0,-0.00864658144787,0.00844693534732,-0.999926940287,0.0,0.661678950199,0.260878029056,0.303217674344,1.0,-0.00024,-0.000315428571429,0.013
0.465063017473,0.54776618427,-0.124006552999,-1.35584724621,0.0795341161983,1.89409555945,0.159145321445,-0.000540071785022,0.000573527727774,0.000767034105533,-0.000827001325884,-2.62502673514e-05,-0.000420809678639,0.00129935277444,0.573825485451,0.818963511104,0.00195617713707,0.0,0.818920200188,-0.573766646334,-0.0119284609248,0.0,-0.00864675152226,0.00844697048393,-0.99992693852,0.0,0.661678223741,0.260876677201,0.303218453746,1.0,-0.00058,-0.000762285714286,0.03
0.46506562872,0.547747041912,-0.124004837802,-1.35587141476,0.079534116144,1.8941002842,0.159149305266,0.000201304902842,-0.00531173236733,0.000669634639317,-0.00399837834671,4.95118709012e-05,-0.000157667442727,0.00227751504049,0.573826729719,0.818962636518,0.00195733206493,0.0,0.818919313237,-0.573767858849,-0.0119310292781,0.0,-0.00864817947027,0.00844940322042,-0.999926905617,0.0,0.66167305649,0.260877101046,0.303220864924,1.0,-0.00092,-0.00120914285714,0.047
0.465062676083,0.547635812068,-0.123998839817,-1.3559891653,0.0795341117629,1.89412263692,0.159148013382,-0.000590746611013,-0.0122740692831,0.00189666868154,-0.00444789230318,-0.000115119600468,0.00486012531618,0.00128089281861,0.573830285975,0.818960095323,0.00197789467773,0.0,0.818916918127,-0.573771209675,-0.0119342806201,0.0,-0.00863900690003,0.00846814611305,-0.999926826353,0.0,0.661652855923,0.260867623131,0.303245358851,1.0,-0.00126,-0.001656,0.064
0.465064751233,0.547503669581,-0.124001336645,-1.35617648671,0.0795313599319,1.89415803172,0.159136271485,0.000536781820007,-0.00896578989699,0.000752411447505,-0.0112644484297,-3.55457863166e-05,-0.000101153594998,-0.000205761313736,0.573830224712,0.8189601653,0.001966662299,0.0,0.818916729572,-0.573771085595,-0.0119531695978,0.0,-0.00866092253698,0.00846978572403,-0.999926622883,0.0,0.661620642866,0.260849004426,0.303252960428,1.0,-0.0016,-0.00210285714286,0.081
0.465044230884,0.547331319501,-0.124001346407,-1.35639410115,0.0795284779677,1.89427179501,0.15913609705,-0.00193726776153,-0.0162029752794,0.00103584909787,-0.0089535296045,0.000145509699265,0.0066691908974,0.000335347856345,0.573858496665,0.818940200941,0.00202977554209,0.0,0.818897544445,-0.573799048787,-0.0119251924243,0.0,-0.00860150181044,0.00850571496559,-0.999926830813,0.0,0.661603511413,0.260819125357,0.303281344141,1.0,-0.00196,-0.002576,0.099
0.465032218598,0.547166656464,-0.123998866039,-1.35657778703,0.0795267082682,1.89437607917,0.159127564607,0.000853661490854,-0.00812874072086,0.000873166759933,-0.00932596403376,0.000623516997495,0.00680719453735,0.000820150416885,0.573869599454,0.818932223876,0.002107705135,0.0,0.818890540436,-0.573809789955,-0.0118892656059,0.0,-0.00852724505801,0.00854903248352,-0.99992709741,0.0,0.661589207683,0.260799781866,0.303319522317,1.0,-0.00226,-0.00297028571429,0.114
0.465006946694,0.546938396976,-0.123999575096,-1.35687035388,0.0795206199203,1.89451351798,0.159106877237,-0.000482580697766,-0.0175232969147,0.00105770219909,-0.0131430512013,-0.000579191136683,0.00830499907725,-0.00372946207237,0.573888744706,0.818918629338,0.00217580405013,0.0,0.818877776764,-0.573828603735,-0.0118603186953,0.0,-0.0084642602926,0.00858838634414,-0.999927295316,0.0,0.661562644152,0.260759278206,0.303353891512,1.0,-0.00262,-0.00344342857143,0.132
0.464971897278,0.546701954862,-0.124003589427,-1.35723541499,0.0795106507163,1.89465020311,0.159086475903,-0.00191882229566,-0.0173143893807,-0.000154698270466,-0.0206567064773,-1.47824527021e-05,0.00817307948958,1.99635036671e-05,0.573921349286,0.818895747358,0.00218785124803,0.0,0.81885496687,-0.573861070358,-0.0118643187916,0.0,-0.00846028043134,0.00860088430411,-0.999927221574,0.0,0.661523016419,0.26070120358,0.303359574943,1.0,-0.00296,-0.00389028571429,0.149
0.464935178972,0.546435064537,-0.124004534159,-1.35762392496,0.0795027845517,1.894791568,0.158993712428,6.95376595056e-05,-0.0196224171541,1.54159063324e-05,-0.0240540586157,-0.000232655554984,0.0132289385069,-0.00770368019775,0.573895725958,0.818913634638,0.0022139631411,0.0,0.818873052665,-0.57383520261,-0.01186721388,0.0,-0.0084479359128,0.00862366411286,-0.999927129743,0.0,0.661479333668,0.260642079197,0.303375955183,1.0,-0.00328,-0.00431085714286,0.165
0.464900492422,0.546171642034,-0.124004525521,-1.35807219875,0.0794868840979,1.89494885258,0.158919874877,-0.00217399644745,-0.0178705762718,7.87155829987e-05,-0.0231291689319,-5.85693793024e-05,0.00508670376755,0.000770671127063,0.573884512828,0.818921540264,0.00219629914066,0.0,0.818880608605,-0.573823939258,-0.0118904367638,0.0,-0.00847720897687,0.0086224102946,-0.999926892812,0.0,0.661424685219,0.260577483714,0.303362755145,1.0,-0.0036,-0.00473142857143,0.181
0.464847661201,0.545844692816,-0.124002028629,-1.35861343077,0.0794676034205,1.89512876837,0.158886394724,-0.000905169329549,-0.0232186733921,0.000743890506434,-0.0329671403831,-0.00141143904319,0.0102000240705,-0.00106036786573,0.573923665391,0.81889415934,0.00217462768142,0.0,0.818852781436,-0.573863007784,-0.0119213058626,0.0,-0.00851451329132,0.00862278549779,-0.999926572621,0.0,0.661359187856,0.26049311691,0.303352149814,1.0,-0.00394,-0.00517828571429,0.198
0.464786575222,0.545490125633,-0.124004896091,-1.35922171317,0.0793756073103,1.8953341844,0.158788821889,-0.00307549245351,-0.0253015206355,0.000501971503521,-0.0378509254266,-0.00729136912382,0.0171406478393,-0.0101419441606,0.573905278281,0.818907235222,0.00210203808525,0.0,0.818865384551,-0.573845393716,-0.0119034866937,0.0,-0.00854177096073,0.00855292473875,-0.999926940145,0.0,0.661291498225,0.260382544958,0.303331416779,1.0,-0.00428,-0.00562514285714,0.215
0.464718389409,0.545102727629,-0.124004772129,-1.35990979868,0.0793429016655,1.89555391069,0.158702436033,-0.00652796982753,-0.0224804615851,0.000122961406406,-0.0405383663681,-3.03589826048e-05,0.0164982118961,-0.00703796243335,0.573919882473,0.818897163056,0.00203758250779,0.0,0.818854332172,-0.573860121473,-0.0119536842317,0.0,-0.00861971671619,0.0085291045247,-0.999926474727,0.0,0.661206952518,0.26027054286,0.30329716976,1.0,-0.00462,-0.006072,0.232
0.464656619327,0.544697346336,-0.12400521569,-1.3605771987,0.0793237838278,1.89577924221,0.15863612288,-0.000749709736518,-0.0266848644331,0.000362858184175,-0.0398226759429,-0.000356111870833,0.01497445208,-0.00255288701848,0.573955175431,0.818872477051,0.00201738072533,0.0,0.818829106995,-0.573895222494,-0.011996417681,0.0,-0.00866593794816,0.00853746044503,-0.999926003907,0.0,0.661121456004,0.26015831772,0.303285324457,1.0,-0.00496,-0.00651885714286,0.249
0.464584598555,0.544241138606,-0.124013628935,-1.3613428659,0.0792955367583,1.89605499507,0.158532076784,-0.00429918720034,-0.0269103044052,-0.000260647709848,-0.0506033863578,-0.00302930476135,0.0156971822838,-0.00178328151171,0.573963402108,0.81886676357,0.00199586113772,0.0,0.818823017887,-0.573903446235,-0.0120185972311,0.0,-0.00869636566413,0.00853265627547,-0.999925780746,0.0,0.661039517771,0.26004449178,0.303268602624,1.0,-0.00528,-0.00693942857143,0.265
0.464512835527,0.543732899614,-0.124016558694,-1.36215810388,0.0792563849378,1.89634459193,0.158443410529,-0.00470876009647,-0.0345762873421,-0.00222199655222,-0.0521823332208,-0.0050652483214,0.00873910706104,-0.0102253193606,0.573986569289,0.81885055,0.00198543222248,0.0,0.818806566396,-0.573926555341,-0.0120358963661,0.0,-0.00871627589809,0.00853429211594,-0.999925593428,0.0,0.660944561745,0.259918573791,0.30326538597,1.0,-0.00562,-0.00738628571429,0.282
0.464432620736,0.54320272381,-0.124014833469,-1.36300946844,0.0792073809345,1.89664049736,0.15832978713,-0.00216084034438,-0.0284125183535,-0.000261269870799,-0.049779118212,-0.00162157206745,0.0205448899552,-0.00660447969209,0.573992252727,0.818846613675,0.00196570156296,0.0,0.818802304169,-0.573932256304,-0.0120539936426,0.0,-0.00874236065982,0.00852858413603,-0.99992541441,0.0,0.660844680226,0.259784606914,0.303260812578,1.0,-0.00596,-0.00783314285714,0.299
0.464360566052,0.542622475401,-0.124023265644,-1.36391469001,0.0791633627566,1.89695945711,0.158214094014,-0.000251809449011,-0.040593294708,-0.000660591840944,-0.0563187307965,-0.00247618733015,0.0197101116247,-0.012171277189,0.574000948998,0.818840520185,0.00196467623025,0.0,0.818796111418,-0.573940872169,-0.0120644138856,0.0,-0.00875139144413,0.00853381857943,-0.999925290753,0.0,0.660738109451,0.259646792256,0.303268302093,1.0,-0.0063,-0.00828,0.316
0.464287340819,0.542067771706,-0.124023375826,-1.36477859521,0.0791063589888,1.89728496269,0.158089359754,-0.00278936505045,-0.040450392614,-0.00084372571175,-0.0525263470155,-0.000370158347845,0.0153407225932,-0.0077117679191,0.573991700477,0.818846977299,0.00197546293223,0.0,0.818802754294,-0.573931621951,-0.01205362128,0.0,-0.0087364589097,0.00853635741663,-0.999925399661,0.0,0.660640682683,0.259515946741,0.303277586865,1.0,-0.00662,-0.00870057142857,0.332
0.464200336412,0.541430232195,-0.124029453657,-1.36574647299,0.0790504433684,1.89764640897,0.157966949674,-0.00842480171514,-0.0374620888889,-0.000523306239112,-0.0628935403244,-0.00134596616747,0.0255759507956,-0.0128537454303,0.574005785796,0.818837039683,0.00200180338121,0.0,0.818793168142,-0.573945599555,-0.0120392464713,0.0,-0.00870942238215,0.00854982467428,-0.999925520456,0.0,0.660533365161,0.259363908891,0.303299199324,1.0,-0.00696,-0.00914742857143,0.349
0.46411647582,0.540750048933,-0.1240269074,-1.36679366073,0.0789938390689,1.89803561238,0.157837002206,-0.00229536999978,-0.0450242133582,-0.000679466830575,-0.0651110199593,-0.00844372898748,0.0273969088816,-0.000890491767334,0.574009231077,0.818834568192,0.00202471563535,0.0,0.818790916887,-0.573948868769,-0.0120365013185,0.0,-0.00869398749738,0.00856704658038,-0.999925507373,0.0,0.660411470641,0.25921187111,0.303315244141,1.0,-0.0073,-0.00959428571429,0.366
0.464023620408,0.54001230407,-0.124030841267,-1.3678967024,0.0789249140014,1.89843433053,0.157700891639,-0.00807998651354,-0.0446625594392,-0.000376718448054,-0.0692496343415,-0.000230748943324,0.0252214455069,-0.00583344444916,0.574019137978,0.818827556064,0.00205172259971,0.0,0.81878428029,-0.573958682243,-0.012019997009,0.0,-0.00866486760065,0.00857979172133,-0.999925650858,0.0,0.660284392224,0.259042928487,0.303346290157,1.0,-0.00764,-0.0100411428571,0.383
0.46392087976,0.539276990474,-0.12403042047,-1.3690433051,0.0788560402334,1.89887659089,0.157551897314,-0.00304984866891,-0.0442800183314,0.000449883778327,-0.0664946880217,-0.00485747578157,0.0234330201749,-0.00707990924235,0.574026118311,0.818822598249,0.00207725648464,0.0,0.818779665866,-0.573965563993,-0.0120057076512,0.0,-0.00863843735972,0.00859257056462,-0.99992576981,0.0,0.660157204663,0.258867748527,0.303358411169,1.0,-0.00798,-0.010488,0.4
0.463816620685,0.538561893196,-0.124041752157,-1.37016316413,0.0787937061617,1.89930909805,0.157416245999,-0.00632473258473,-0.0494536518207,-0.00133637012276,-0.0724158497929,0.000264257672201,0.0311107913906,-0.0145140541486,0.574053713446,0.818803195047,0.00209970476599,0.0,0.818760581028,-0.573993086957,-0.011991412842,0.0,-0.00861355696548,0.00860303620071,-0.999925894456,0.0,0.66003621707,0.258688063975,0.303368411641,1.0,-0.0083,-0.0109085714286,0.416
0.46370809145,0.537786501738,-0.124047105241,-1.37138452023,0.0787249625814,1.89978025796,0.15727086747,-0.00726335884884,-0.0488054124595,-0.000348529689236,-0.0666058576979,-0.00522762086118,0.0272118746236,-0.0068386046601,0.574076455231,0.818787195561,0.00212104595949,0.0,0.818744857238,-0.574015734308,-0.011980918755,0.0,-0.00859247454549,0.00861472470073,-0.99992597521,0.0,0.65990088055,0.258499369359,0.303375720701,1.0,-0.00864,-0.0113554285714,0.433
0.463592324716,0.536975205694,-0.124046078269,-1.37268073123,0.0786480258957,1.90026035666,0.157108681248,-0.0068411682317,-0.0437885392085,-3.9330031827e-06,-0.0783718616116,-0.00464522851565,0.0282287979082,-0.0138087335475,0.574088587757,0.818778699693,0.00211689340899,0.0,0.818736274023,-0.574027849315,-0.0119870226063,0.0,-0.0085997285834,0.00861495616623,-0.999925910855,0.0,0.659751509659,0.25830048691,0.303373174125,1.0,-0.00898,-0.0118022857143,0.45
0.463478230935,0.536131001601,-0.12405490637,-1.37398957573,0.0785676129799,1.90075632396,0.156945619044,-0.00771604621421,-0.0462699357872,0.000421706515594,-0.0786066728327,-0.00496118009902,0.0302611252024,-0.0113004643108,0.574105232237,0.818766969452,0.00213984901284,0.0,0.818724904108,-0.574044457718,-0.0119682436836,0.0,-0.00857099916258,0.00862314501953,-0.99992608694,0.0,0.659604963507,0.258096452864,0.303389379883,1.0,-0.00932,-0.0122491428571,0.467
0.46336072607,0.535227729042,-0.124058345237,-1.37541519894,0.078487308656,1.90125878198,0.156775728315,-0.00583793840006,-0.0507659944076,0.000861720932716,-0.0833299386709,-0.00732497608447,0.0275601517817,-0.00919609020529,0.574121396977,0.818755672232,0.00212546982122,0.0,0.818713330399,-0.574060590612,-0.0119861517593,0.0,-0.00859374673649,0.0086218226652,-0.9999259031,0.0,0.659433464517,0.2578806904,0.303391918975,1.0,-0.00966,-0.012696,0.484
0.463241842176,0.534391180096,-0.124057828051,-1.3767876004,0.0784187924052,1.90176536874,0.156610707234,-0.00677175516275,-0.0573097054458,-0.00121425883005,-0.0885196403416,-0.0104293943611,0.0344375680308,-0.0101576253414,0.57414122833,0.818741811289,0.00210790916532,0.0,0.818699129771,-0.574080382035,-0.0120081962395,0.0,-0.00862166903439,0.00862030990596,-0.999925675778,0.0,0.659263714644,0.257658280851,0.303376298357,1.0,-0.01,-0.0131428571429,0.501
0.463120425155,0.533474897474,-0.124064489132,-1.37825381201,0.0783322638244,1.9023057976,0.156422769985,-0.00485303294449,-0.0477370193152,0.00306030907687,-0.0889052171126,-0.00263379442783,0.0293963173803,-0.0134201268961,0.574147562415,0.818737396481,0.00209739780739,0.0,0.818694519729,-0.574086701522,-0.012020374455,0.0,-0.00863760819774,0.00861876272116,-0.999925551556,0.0,0.659100221588,0.257450689976,0.303368251924,1.0,-0.01032,-0.0135634285714,0.517
0.462970234639,0.53241478991,-0.124065081051,-1.37997257108,0.0782383378333,1.90295301331,0.156209075057,-0.00701921660456,-0.0536597455495,-0.000376979583495,-0.0967305770889,-0.00650115659066,0.0363423144183,-0.00820965611131,0.574164871912,0.818725274559,0.00209082797846,0.0,0.818682212928,-0.574103937755,-0.0120353558741,0.0,-0.00865346407286,0.00862216824361,-0.999925385103,0.0,0.658900872401,0.257189963141,0.303353782325,1.0,-0.0107,-0.0140628571429,0.536
0.462854003198,0.531551702579,-0.124062396696,-1.38134801463,0.0781586013471,1.90345375615,0.156036095355,-0.0103975941859,-0.0572014911846,0.00076687350367,-0.0881228453616,-0.00371384952403,0.0317823659126,-0.00958555704638,0.574170104341,0.818721625255,0.00208291203326,0.0,0.818678382643,-0.574109125857,-0.0120484148674,0.0,-0.00866864589364,0.00862324070024,-0.999925244355,0.0,0.658736439007,0.256984081684,0.303350793356,1.0,-0.011,-0.0144571428571,0.551
0.462709456359,0.530486164477,-0.124068027746,-1.38308793458,0.0780540316692,1.90406509002,0.155815660749,-0.00724309985555,-0.0590912583494,-0.00110935442474,-0.0950466674955,-0.00153944963016,0.0354701125156,-0.0121184054179,0.574178423409,0.818715929428,0.00202778042432,0.0,0.818671905946,-0.574117620419,-0.0120836766027,0.0,-0.00872908211062,0.00859843879214,-0.99992493217,0.0,0.658524472643,0.25671762998,0.303326660394,1.0,-0.01136,-0.0149302857143,0.569
0.462564333084,0.529425408901,-0.124062759618,-1.38472852324,0.0779483679464,1.90467514988,0.155593186638,-0.00574475446736,-0.0630311241744,0.000665960068522,-0.095888914874,-0.00643621369789,0.0345679044978,-0.0140654528648,0.574172063022,0.818720331907,0.00205111378822,0.0,0.81867662975,-0.57411117645,-0.0120697919133,0.0,-0.00870438427768,0.00860950200607,-0.999925052276,0.0,0.658332571438,0.256468629594,0.303345675182,1.0,-0.0117,-0.0153771428571,0.586
0.462437003404,0.528457990615,-0.124073597571,-1.38622822638,0.0778466096197,1.90524732478,0.15538686217,-0.005616304139,-0.0667817036698,-0.000411166344966,-0.0936050500323,-0.0114500897714,0.0355965023012,-0.00950257512299,0.574169037119,0.818722392201,0.00207562621576,0.0,0.818679170162,-0.574108204801,-0.0120387882912,0.0,-0.00866495833572,0.00861173723176,-0.999925375455,0.0,0.65816206161,0.256235559374,0.303363014359,1.0,-0.012,-0.0157714285714,0.601
0.462298042138,0.527341590446,-0.124074009278,-1.3879614817,0.077745357759,1.9059152421,0.155139486908,-0.011253708537,-0.0695801009309,-0.00101672798389,-0.100993296201,-0.00451738063853,0.0428594340685,-0.0139901695634,0.574147287079,0.818737531545,0.00211992461444,0.0,0.818694871641,-0.574086254303,-0.0120177647868,0.0,-0.00862254150557,0.00863570472327,-0.999925535418,0.0,0.657960032256,0.255981714405,0.30338182654,1.0,-0.01234,-0.0162182857143,0.618
0.462159903879,0.526175781924,-0.124080127193,-1.3897719851,0.0776370432734,1.90659316876,0.154892064861,-0.00613298322525,-0.0696225760733,-0.000873256512699,-0.108920427946,-0.00220701508339,0.0327780539716,-0.0227763445635,0.574130768715,0.818749044253,0.00214705634572,0.0,0.818706742525,-0.574069628626,-0.0120032552057,0.0,-0.00859525937393,0.00864941417316,-0.999925651812,0.0,0.657744127567,0.255716148198,0.303399396104,1.0,-0.01268,-0.0166651428571,0.635
0.462004020105,0.525002614167,-0.124078034223,-1.39162287527,0.077510374488,1.90725013382,0.15465575421,-0.00668865938859,-0.0666412733339,0.000577266739653,-0.112467084186,-0.00552168662569,0.0349507505599,-0.0184301852331,0.574128756139,0.818750520091,0.00212229270209,0.0,0.81870794408,-0.574067768862,-0.0120102437909,0.0,-0.00861521938356,0.008633130438,-0.999925620761,0.0,0.65751783433,0.255434679336,0.303400508539,1.0,-0.01302,-0.017112,0.652
0.461845898219,0.523818631678,-0.12408505096,-1.39351673669,0.0773984525728,1.9079400738,0.154386947584,-0.0107746882306,-0.0761843227966,-0.00027959966435,-0.10958290427,-0.00640936407598,0.0439323342847,-0.0193286875543,0.574114696453,0.818760424099,0.00210479144178,0.0,0.818717574768,-0.574053739586,-0.0120242976879,0.0,-0.00863692196375,0.00862672185287,-0.999925488849,0.0,0.657289541453,0.255146105659,0.30339166474,1.0,-0.01336,-0.0175588571429,0.669
0.461697683306,0.522674677097,-0.124085493857,-1.39533161525,0.077288309414,1.90863123124,0.154151253504,-0.00938643587889,-0.0694719007185,0.00027032316747,-0.114766730793,-0.0034594517148,0.0452696022416,-0.014668067037,0.574111148311,0.818762872466,0.00212013169114,0.0,0.818720224137,-0.574050128133,-0.0120163172427,0.0,-0.00862161854604,0.00863466262808,-0.999925552376,0.0,0.657074312907,0.254877110682,0.303391854576,1.0,-0.01368,-0.0179794285714,0.685
0.461532212206,0.521450623634,-0.124087623158,-1.39732182367,0.0771618748195,1.90940028723,0.153875185204,-0.00547544831705,-0.0713551707033,5.18784551467e-05,-0.122905394095,-0.00961568712591,0.0435397921007,-0.0189311226524,0.57409471254,0.818774407701,0.00211594597663,0.0,0.818731771697,-0.57403377904,-0.0120105551969,0.0,-0.00861947670393,0.00862775454249,-0.999925630471,0.0,0.656840485507,0.254578721094,0.303371398748,1.0,-0.01402,-0.0184262857143,0.702
0.461365355212,0.520143873802,-0.124090819421,-1.39934271072,0.0770335911274,1.9101469256,0.153611774223,-0.0116459930198,-0.0814116594626,0.000571897944982,-0.116786064272,-0.00878728971747,0.0507404069508,-0.0151462471695,0.574091020584,0.818776934444,0.0021397683158,0.0,0.818734644248,-0.574030023124,-0.0119942386417,0.0,-0.0085924801221,0.00863785345919,-0.999925775632,0.0,0.656597123999,0.254274502808,0.303392095877,1.0,-0.01436,-0.0188731428571,0.719
0.461190270028,0.518805217787,-0.124094734375,-1.40142770867,0.0769022111421,1.91088005069,0.153314134536,-0.0123329236563,-0.0813279473097,-0.000310356858625,-0.119786259698,-0.00950722042483,0.045504289956,-0.0166984393005,0.574078206034,0.818785976329,0.00211783494556,0.0,0.818743372096,-0.574017273834,-0.0120086173126,0.0,-0.00861697951238,0.00862801492469,-0.999925649747,0.0,0.656353020059,0.253973151183,0.303396246931,1.0,-0.01468,-0.0192937142857,0.735
0.4610241807,0.517541808908,-0.124099996073,-1.4034173721,0.076776154609,1.9116001326,0.153060994884,-0.00727220450831,-0.0773203267416,-0.0017926531643,-0.125986632179,-0.00542783670989,0.048295455346,-0.0124938438904,0.574072428122,0.818790028617,0.00211735887122,0.0,0.818747426198,-0.574011506684,-0.0120078803208,0.0,-0.00861671021404,0.00862714123773,-0.999925659606,0.0,0.656094734363,0.25365283048,0.303405297653,1.0,-0.01502,-0.0197405714286,0.752
0.460842235257,0.516180083551,-0.124106642875,-1.40556354603,0.0766405059156,1.91240201061,0.15274706835,-0.00886923559423,-0.0844500247052,-0.000662659987904,-0.130470393233,-0.0118323559369,0.0466271356605,-0.0223192799514,0.574046025967,0.818808513797,0.00212713573683,0.0,0.818766086858,-0.573985115011,-0.011997068755,0.0,-0.00860252341192,0.00862866237403,-0.999925768633,0.0,0.655837000778,0.253325254109,0.303408689365,1.0,-0.01536,-0.0201874285714,0.769
0.460651388991,0.514805371476,-0.124111734586,-1.40775742216,0.0765043292205,1.91323024518,0.152463015739,-0.0119558061785,-0.0839987190615,-0.000881373538662,-0.135379708546,-0.00742568006294,0.0459432853188,-0.014720538777,0.574052416099,0.818804025762,0.00213022740671,0.0,0.818761668833,-0.573991521226,-0.0119920853943,0.0,-0.00859660083957,0.00862840026459,-0.99992582183,0.0,0.65557466868,0.252989005366,0.303400324074,1.0,-0.0157,-0.0206342857143,0.786
0.460438937494,0.513239488535,-0.124109900696,-1.4102987813,0.0763518639926,1.91410829942,0.152104133324,-0.0116052320608,-0.0864871948769,-0.000161387887976,-0.137203582323,-0.0082694050206,0.0489561463921,-0.017983097558,0.574023343853,0.818824611763,0.00205006945284,0.0,0.818781021465,-0.573962604739,-0.0120546319474,0.0,-0.00869413351025,0.00859836364519,-0.999925237298,0.0,0.655248541358,0.252604812691,0.303364222286,1.0,-0.01608,-0.0211337142857,0.805
0.460260736777,0.511959358703,-0.124113491595,-1.41231113661,0.0762330417486,1.91482618587,0.151820494215,-0.012629547345,-0.0849475506265,0.000971542235232,-0.134771010465,-0.00578140391758,0.0554382634641,-0.0175353187044,0.574012812343,0.818832019622,0.00204005133406,0.0,0.818788200125,-0.57395202043,-0.0120709768726,0.0,-0.00871337854599,0.00859943090805,-0.999925060603,0.0,0.654998652394,0.252293520128,0.303365469653,1.0,-0.01638,-0.021528,0.82
0.460056263598,0.510412105814,-0.124113912608,-1.41477386081,0.0760783578295,1.91577351968,0.151467826861,-0.0087750930268,-0.087484696752,0.00062230229851,-0.136614860152,-0.00439775514968,0.0569804206191,-0.0234521212592,0.573978915117,0.818855725662,0.00206214776547,0.0,0.818812238422,-0.573918075815,-0.0120543504243,0.0,-0.00868743724659,0.00860762053017,-0.999925215855,0.0,0.654701298268,0.251926716167,0.303358789302,1.0,-0.01674,-0.0220011428571,0.838
0.459866947519,0.509012845587,-0.124123445572,-1.41700141592,0.0759454219881,1.91657910982,0.151155063089,-0.0145202615892,-0.0902565467323,-0.00123148891207,-0.139499965801,-0.00670714689149,0.0456187142184,-0.0203066743656,0.573966913143,0.81886418387,0.00204398966884,0.0,0.818820400675,-0.573906095136,-0.0120703067533,0.0,-0.00871105147395,0.00860178275844,-0.99992506065,0.0,0.654441725052,0.251609542404,0.30334689949,1.0,-0.01704,-0.0223954285714,0.853
0.459659175827,0.507498176531,-0.124122327746,-1.41938814,0.0757889127738,1.91743117294,0.15082366821,-0.0130336011669,-0.0888987133255,-0.000640608482149,-0.146017175932,-0.00792831492447,0.0632187590088,-0.0207042935189,0.573943958734,0.818880330964,0.00202056781378,0.0,0.818836233261,-0.573883236426,-0.012083085259,0.0,-0.00873519903924,0.00858969330318,-0.999924953917,0.0,0.654123480385,0.251218528503,0.303345283792,1.0,-0.0174,-0.0228685714286,0.871
0.459471820385,0.506209811442,-0.124127262348,-1.42138075879,0.0756610787502,1.91817611491,0.150559416238,-0.0146155433018,-0.0933347709237,-0.000548758567942,-0.144071761524,-0.00661944018594,0.0565987325179,-0.0106535956567,0.573946094957,0.818878742275,0.00205728797918,0.0,0.818835126609,-0.573885216315,-0.0120640302943,0.0,-0.00869849827023,0.00860884848676,-0.999925109123,0.0,0.653864074935,0.250886133096,0.303365826386,1.0,-0.0177,-0.0232628571429,0.886
0.459224698491,0.504394312087,-0.124128751128,-1.42415521527,0.0754876123042,1.91924320335,0.150183169976,-0.0127253382185,-0.10372141633,-0.00110221467933,-0.14958263894,-0.0108253313554,0.0595333471865,-0.00736515978017,0.573944775958,0.818879457464,0.00213897067706,0.0,0.818837022898,-0.57388366574,-0.0120089562354,0.0,-0.00860653293613,0.00864411250325,-0.999925600687,0.0,0.653550729948,0.250480172501,0.303402991498,1.0,-0.01806,-0.023736,0.904
0.458995166657,0.502732372254,-0.124136958723,-1.42662424936,0.0753347556644,1.92017579036,0.149829319465,-0.01426192189,-0.0941436426476,-0.000890197747556,-0.14822156679,-0.0094005978691,0.059093275346,-0.026324774057,0.5739343766,0.818886464575,0.00224419120596,0.0,0.818845458215,-0.573872890964,-0.0119485345553,0.0,-0.00849677631286,0.00869548792273,-0.99992609391,0.0,0.65325483208,0.250092920848,0.303469501843,1.0,-0.0184,-0.0241828571429,0.921
0.458770863866,0.501121402684,-0.12413824496,-1.42904005776,0.075175420731,1.92101690052,0.149494172162,-0.0181113113082,-0.109527543151,0.000573247663584,-0.155128500128,-0.00690438340792,0.0530719192058,-0.0131857408343,0.57392451991,0.818893294681,0.00227250391977,0.0,0.818852651536,-0.573862915178,-0.0119346787155,0.0,-0.0084692857101,0.00871061831877,-0.99992619544,0.0,0.652948516208,0.249711770074,0.303516987455,1.0,-0.01872,-0.0246034285714,0.937
0.458496706538,0.499225244027,-0.124140857392,-1.43195272629,0.0749935945959,1.92207808077,0.149084645005,-0.0200409405251,-0.0985046090269,-0.00142803093568,-0.154758732123,-0.0104470301718,0.055500609583,-0.0267279061556,0.573914756458,0.818900033439,0.0023096439069,0.0,0.818859840114,-0.573852968942,-0.0119196974163,0.0,-0.00843580701504,0.00873233300451,-0.999926289043,0.0,0.652586666914,0.249253458386,0.30354549192,1.0,-0.0191,-0.0251028571429,0.956
0.458259808432,0.497649406948,-0.124136384296,-1.43444156959,0.074839035306,1.92300077813,0.148714534154,-0.0130351400103,-0.099037253775,-0.000688733062268,-0.153840069493,-0.0154612009078,0.055003737259,-0.0248789930543,0.573887166834,0.818919346222,0.00231754780322,0.0,0.818879197747,-0.573825291094,-0.0119223193814,0.0,-0.00843371282555,0.00874002605029,-0.999926239496,0.0,0.652277416198,0.248864767223,0.303539501345,1.0,-0.01942,-0.0255234285714,0.972
0.457999946674,0.495973648304,-0.124138729239,-1.43712637487,0.074674310323,1.92394108825,0.148318528362,-0.0117933839961,-0.0997597001325,0.000395142597712,-0.16346958438,-0.0102818533471,0.0474747151464,-0.0254835195882,0.573874533043,0.818928391566,0.0022487138226,0.0,0.818887183269,-0.573812769625,-0.0119763681405,0.0,-0.0085176111819,0.00871454338433,-0.99992575076,0.0,0.651910962735,0.248405649959,0.303507359027,1.0,-0.01978,-0.0259965714286,0.99
0.457752837486,0.494493775238,-0.12414933592,-1.43954819456,0.0745190484017,1.92478203645,0.147983058458,-0.0190313094948,-0.100120856945,-0.00238270485259,-0.157749065513,-0.0114478888231,0.0553239827264,-0.028001565887,0.573883147253,0.818922587967,0.00216220217707,0.0,0.818880147149,-0.573821636197,-0.0120325117792,0.0,-0.00861314312462,0.00867600720615,-0.99992526754,0.0,0.651603003087,0.248009884978,0.303455037439,1.0,-0.0229422857143,-0.0301527183673,1.005
0.45744257021,0.4921621464,-0.124224882291,-1.4430363551,0.074315547893,1.92607492881,0.147469335345,-0.0182061490341,-0.158972519619,-0.00777610962421,-0.240629454169,-0.0103477652203,0.0895898636412,-0.0386715719269,0.573891679054,0.818916298788,0.002276662643,0.0,0.818875624454,-0.573829973903,-0.0119423459444,0.0,-0.00847352761627,0.00871808435947,-0.999926094436,0.0,0.651202439011,0.247457814219,0.303539426571,1.0,-0.0347914285714,-0.045725877551,1.021
0.457031029914,0.488913625158,-0.124258632293,-1.44820443158,0.074055520943,1.92805212913,0.146699465545,-0.0289514508471,-0.209119596843,-0.0009419914463,-0.342106236829,-0.0162786956885,0.123783689452,-0.0480280315753,0.573812116824,0.818971852974,0.00234638530378,0.0,0.818931693931,-0.5737497341,-0.0119528321354,0.0,-0.00844295769117,0.00878037825058,-0.999925807959,0.0,0.650547303198,0.246692252901,0.303511402807,1.0,-0.0473811428571,-0.0622723591837,1.038
0.456379997142,0.484521871026,-0.124345587994,-1.45510572495,0.0736527450316,1.93065449884,0.145651627151,-0.0411350626721,-0.284997412078,-0.00907213453531,-0.442722382251,-0.027474844538,0.157941327479,-0.0733496028733,0.573783797272,0.818991489562,0.00241679853161,0.0,0.818952342891,-0.573721237814,-0.0119058076161,0.0,-0.00836434750842,0.00881077195796,-0.999926201271,0.0,0.649696414762,0.245569434773,0.303505279849,1.0,-0.0599708571429,-0.0788188408163,1.055
0.455438988002,0.478407125509,-0.124516937582,-1.46488223634,0.0730627528806,1.93402185445,0.144175562481,-0.0566719238044,-0.344752355882,-0.00867588941849,-0.553986791188,-0.0342854108711,0.1927782944,-0.0779853978652,0.573787797208,0.81898943855,0.00214714247625,0.0,0.818946702754,-0.573726262936,-0.0120507330677,0.0,-0.00863771738312,0.00867312581745,-0.999925080557,0.0,0.648426218727,0.243914580679,0.30338906208,1.0,-0.0740417142857,-0.0973119673469,1.074
0.454587288973,0.472987302924,-0.124642698802,-1.47333573112,0.0725618535038,1.93700864949,0.142971279143,-0.0601009767233,-0.396455985372,-0.00519778202878,-0.622207341706,-0.0311337944293,0.213589568662,-0.0902692711087,0.573863084462,0.818936805552,0.00210135786576,0.0,0.818893364966,-0.573801629266,-0.0120869337361,0.0,-0.00869283969983,0.0086571997671,-0.999924740883,0.0,0.64733667453,0.242481868415,0.3033786855,1.0,-0.0844097142857,-0.110938481633,1.088
0.453389050155,0.465478360224,-0.124766029094,-1.48473869167,0.0718921082914,1.94128506253,0.141153004562,-0.0717769281713,-0.455155882999,-0.00802721451765,-0.694779705892,-0.0447792719648,0.267736487914,-0.11477527257,0.57380815767,0.818974386135,0.00242898069447,0.0,0.818935244489,-0.573745385197,-0.0119182717209,0.0,-0.00836730389872,0.00882814940687,-0.999926023265,0.0,0.645903275088,0.240566676819,0.303509805967,1.0,-0.0969994285714,-0.127484963265,1.105
0.451931883863,0.457056745856,-0.124843265437,-1.49787276099,0.0710600572047,1.94585052061,0.139126565157,-0.09470401386,-0.519835764266,-0.00565213114512,-0.784904845737,-0.0528611360454,0.270530171694,-0.123653081272,0.573784627551,0.818991238611,0.00230199194687,0.0,0.818949977551,-0.573721888484,-0.0120364382238,0.0,-0.0085371986499,0.00879170874415,-0.999924908229,0.0,0.644152634149,0.23831775654,0.303455568948,1.0,-0.109589142857,-0.144031444898,1.122
0.450159233461,0.44690227838,-0.125018692622,-1.51321709074,0.0699965918766,1.9513146289,0.136735184923,-0.106228634746,-0.594212168413,-0.0077676217682,-0.885649954869,-0.0636743111268,0.312678866972,-0.122851173635,0.573814123575,0.818970087215,0.00246875158962,0.0,0.818931864685,-0.573751621162,-0.011850110504,0.0,-0.00828859538733,0.00882166996034,-0.999926735979,0.0,0.642142863387,0.235599621691,0.303599543753,1.0,-0.122919428571,-0.16155124898,1.14
0.448520848116,0.43777835861,-0.125125690882,-1.52729277887,0.0690870536915,1.95612625152,0.134517982859,-0.112116136954,-0.615202298668,-0.00921075410055,-0.961279445568,-0.0635584311476,0.31979401534,-0.152785167978,0.573796535358,0.81898276687,0.00234744138237,0.0,0.818942462893,-0.57373398537,-0.0119709399265,0.0,-0.00845734943347,0.00879147254505,-0.999925588857,0.0,0.640204571814,0.233131874799,0.303561437257,1.0,-0.134028,-0.176151085714,1.155
0.446412952959,0.426431534422,-0.125253916754,-1.54429153941,0.0679371755489,1.96213643888,0.131723308031,-0.134879902125,-0.676495512043,-0.00424180081957,-1.02858844069,-0.0714332791783,0.358165750763,-0.171270428288,0.573749648821,0.819014776588,0.0026235680817,0.0,0.818978275592,-0.573686256219,-0.0118072195774,0.0,-0.00816533956167,0.00892320514889,-0.999926849144,0.0,0.637897630057,0.230087703345,0.303727472007,1.0,-0.146617714286,-0.192697567347,1.172
0.444037054465,0.414263509409,-0.125411422593,-1.56244285538,0.066627181967,1.96852107107,0.128691265817,-0.144722191824,-0.759161020991,-0.00681520672861,-1.08419985422,-0.0935192295503,0.395416291836,-0.186873714043,0.573727578691,0.819029328715,0.00289327758394,0.0,0.818997138966,-0.573664157648,-0.0115701122289,0.0,-0.00781664209857,0.00900785196683,-0.999928876825,0.0,0.635408396056,0.226743659197,0.303902471142,1.0,-0.159207428571,-0.20924404898,1.189
0.441400740157,0.401393092279,-0.125536978048,-1.58193816293,0.0653094179014,1.97512325947,0.125401219021,-0.163020690437,-0.783106924263,-0.00234838568175,-1.15773676563,-0.0753930414296,0.38993707694,-0.195952844239,0.573712657758,0.819039848695,0.00287393099135,0.0,0.819006754155,-0.573648552229,-0.0116628502558,0.0,-0.00790386493037,0.00904506785577,-0.999927855231,0.0,0.632617179486,0.223135437368,0.303894122169,1.0,-0.171797142857,-0.225790530612,1.206
0.438453761455,0.387609034273,-0.125697904546,-1.6025018101,0.0638116208926,1.9821907137,0.121869636646,-0.175375997782,-0.798944302613,-0.0126036506429,-1.24085035695,-0.104830222329,0.417478916472,-0.220959873926,0.573737632938,0.819021682216,0.00305933180437,0.0,0.818991380579,-0.573673372169,-0.0115207422905,0.0,-0.00768082841812,0.00911562529361,-0.999928952601,0.0,0.629672352884,0.219219791415,0.30398890399,1.0,-0.184386857143,-0.242337012245,1.223
0.435438117327,0.373938831645,-0.125844791663,-1.62283420302,0.0622954857041,1.98895530143,0.118181245113,-0.195450221581,-0.884993616466,-0.0112633967255,-1.28787808604,-0.0911585659713,0.425140953664,-0.230770304218,0.573622447247,0.819102173375,0.00310877585809,0.0,0.819072531244,-0.573558071178,-0.011492364839,0.0,-0.00763050444279,0.00913876730433,-0.999929126656,0.0,0.626463975305,0.215044812083,0.304051162437,1.0,-0.196976571429,-0.258883493878,1.24
0.431411997699,0.356870162318,-0.126037270259,-1.64812689955,0.0603395509512,1.99727951142,0.11365845697,-0.221011302386,-0.921692888168,-0.0120392088155,-1.36840183783,-0.0996335308094,0.434077267718,-0.255237603869,0.573710513889,0.819040654601,0.0030658220427,0.0,0.819010800489,-0.573646668681,-0.0114697469387,0.0,-0.00763563744894,0.00909143081397,-0.999929518979,0.0,0.622644059043,0.209973752093,0.304062129702,1.0,-0.211047428571,-0.277376620408,1.259
0.427856573782,0.342722405352,-0.126259855958,-1.66895327701,0.0587800501509,2.00401365881,0.109710898992,-0.244571521481,-0.98476099734,-0.0150652684257,-1.40533684108,-0.103890886317,0.462930842057,-0.256760736732,0.573819181111,0.818964350296,0.00311243228641,0.0,0.818934894282,-0.573754934631,-0.0114743546373,0.0,-0.00761146055177,0.00913326003075,-0.999929322117,0.0,0.619673964352,0.205947169432,0.304104679056,1.0,-0.221415428571,-0.291003134694,1.273
0.423343153265,0.325120663022,-0.126416075036,-1.69474912955,0.0567382136418,2.01232394309,0.104706118049,-0.257905321241,-0.999459147381,-0.007337543214,-1.44609246731,-0.132054982583,0.48381988,-0.283551635895,0.573768991989,0.818999365596,0.00315117226907,0.0,0.818970311564,-0.573704515037,-0.0114675674375,0.0,-0.00758423471785,0.00916062751466,-0.999929278643,0.0,0.615617031032,0.200642038838,0.304109692481,1.0,-0.234745714286,-0.308522938775,1.291
0.418762260939,0.307730010702,-0.126576089294,-1.71989846598,0.054683558722,2.02025258187,0.0996712796904,-0.27467281777,-1.05776856068,-0.0136585743477,-1.47915164957,-0.128315720534,0.498351339829,-0.308523618316,0.573668820016,0.81906922289,0.00323109213859,0.0,0.81904119026,-0.573604103032,-0.0114284094884,0.0,-0.00750743531197,0.00920269691734,-0.999929471905,0.0,0.611552588414,0.195386596629,0.304169148102,1.0,-0.247335428571,-0.325069420408,1.308
0.413430050301,0.288572946615,-0.126770848106,-1.74735736367,0.0523642847994,2.02870520667,0.0939822827046,-0.298696452282,-1.1088876528,-0.0189567641036,-1.53216788846,-0.12964540348,0.494261964971,-0.323433002707,0.573598566357,0.81911823303,0.00327900777662,0.0,0.819090879582,-0.573533792919,-0.0113958881348,0.0,-0.00745410150018,0.00922264802493,-0.999929687095,0.0,0.607012297792,0.189474682273,0.304232908452,1.0,-0.260665714286,-0.34258922449,1.326
0.40893967563,0.273387087233,-0.126903599751,-1.76912478166,0.0505836771628,2.03523853421,0.089297371758,-0.329162593104,-1.1030614611,-0.0113044637375,-1.54248089649,-0.119222039253,0.459746832316,-0.336523211242,0.573558172379,0.819146474246,0.00328991306696,0.0,0.819118444682,-0.573492362674,-0.0114991494721,0.0,-0.00753289276063,0.00929043849939,-0.999928469081,0.0,0.603059993687,0.184334998949,0.304219855451,1.0,-0.271774285714,-0.357189061224,1.341
0.402266201786,0.251819719652,-0.12722828819,-1.79945065583,0.0478450826679,2.04437099286,0.0825872518838,-0.362142920437,-1.16493575644,-0.0191747948039,-1.61740459798,-0.1477904024,0.499865514671,-0.357092870764,0.573674285394,0.81906464891,0.00341497947281,0.0,0.819039032393,-0.573609096127,-0.0113320412169,0.0,-0.00732295206157,0.00929808114709,-0.999929957577,0.0,0.598150571227,0.17773789593,0.304308160119,1.0,-0.285104571429,-0.374708865306,1.359
0.396630161547,0.234390634646,-0.127416441015,-1.82389219601,0.0456589809307,2.05138302473,0.0769287886929,-0.378605294054,-1.17811367952,-0.0112849150705,-1.59274531694,-0.139830195276,0.495691892377,-0.378709307419,0.573650630371,0.819081389843,0.00337312751186,0.0,0.819054740601,-0.5735849406,-0.0114190506523,0.0,-0.00741849956457,0.00931350099792,-0.999929109769,0.0,0.593814202557,0.172082992624,0.304300950724,1.0,-0.296213142857,-0.389308702041,1.374
0.390264368822,0.215253942762,-0.127602832075,-1.85046610844,0.0432064346007,2.05892901289,0.070544154987,-0.410747600802,-1.20865802553,-0.0132236666211,-1.68128595899,-0.1506074933,0.486152414975,-0.402970075776,0.573524556566,0.819169529062,0.00340772261011,0.0,0.819143023613,-0.573458401652,-0.0114418242409,0.0,-0.00741874944772,0.00935375946543,-0.999928732131,0.0,0.588995080835,0.165871510858,0.304304997928,1.0,-0.308062285714,-0.404881861224,1.39
0.38203350604,0.191807167721,-0.127926071744,-1.88264750688,0.0400715239303,2.06768025451,0.0624723914415,-0.442979959513,-1.26700777987,-0.0168167314227,-1.73108563496,-0.169824476439,0.466954855019,-0.445002001964,0.573446031824,0.819224889553,0.00331297808079,0.0,0.819197170503,-0.573380182378,-0.011485172909,0.0,-0.00750948811257,0.00930028815855,-0.999928553562,0.0,0.583005674508,0.158067422645,0.304304369147,1.0,-0.322133142857,-0.423374987755,1.409
