position_joint1,position_joint2,position_joint3,position_joint4,position_joint5,position_joint6,position_joint7,velocity_joint1,velocity_joint2,velocity_joint3,velocity_joint4,velocity_joint5,velocity_joint6,velocity_joint7,ee_T_00,ee_T_10,ee_T_20,ee_T_30,ee_T_01,ee_T_11,ee_T_21,ee_T_31,ee_T_02,ee_T_12,ee_T_22,ee_T_32,ee_T_03,ee_T_13,ee_T_23,ee_T_33,v_x,v_y,time
0.465072677326,0.547537941722,-0.123996213198,-1.35574867681,0.0794375553976,1.89410162263,0.159148306294,0.00111459069956,0.00269351561643,-9.21655608149e-05,4.32842661285e-05,2.41649690757e-05,-0.000221151259065,0.000106922559963,0.573781444765,0.818993769289,0.00219235273619,0.0,0.818954467076,-0.573722613118,-0.011691490718,0.0,-0.00831761585093,0.00850396122994,-0.999929247452,0.0,0.661708619223,0.260888571126,0.303427068117,1.0,0.0,0.0,0.0
0.465070285487,0.547538498414,-0.123999272168,-1.35575154645,0.0794371430205,1.89410349653,0.15914683312,-0.00073832889367,0.00341245211856,-0.0011882838386,-0.00345552347102,-0.000208508009945,0.000132783978777,-0.000226065923254,0.573784396379,0.818991707556,0.00219005216451,0.0,0.818952393791,-0.573725591697,-0.0116905532893,0.0,-0.00831813737668,0.00850156920665,-0.999929263454,0.0,0.661709670152,0.260884930445,0.303425571107,1.0,-0.00018,-0.000236571428571,0.01
0.465069468428,0.54752645429,-0.1239942171,-1.35574936915,0.0794407359601,1.89410162295,0.159145319009,-0.00168255728756,-0.000559816445575,-0.00103588430949,-0.000183480659633,4.58343525433e-05,-0.000232336590951,0.000383625405451,0.573781089189,0.818993986664,0.00220417745222,0.0,0.818954799243,-0.573722173793,-0.0116897817286,0.0,-0.00830943544425,0.00851266129063,-0.999929241437,0.0,0.661708964362,0.260888188575,0.303434816447,1.0,-0.00048,-0.000630857142857,0.025
0.465074407087,0.547520485433,-0.123991722676,-1.35576191579,0.0794385628861,1.89410187353,0.159146389507,-0.000669232935191,4.67644770233e-05,0.0015810420735,0.000226181587498,-6.66470741946e-05,-0.00022963473808,5.51890591626e-05,0.57377628002,0.81899737061,0.00219870907907,0.0,0.818958106621,-0.573717379924,-0.011693351721,0.0,-0.0083155468011,0.00851018232323,-0.999929211734,0.0,0.661704556258,0.260891152903,0.303433007609,1.0,-0.0008,-0.00105142857143,0.041
0.465063108523,0.547405021023,-0.123994533159,-1.35586344366,0.079434186174,1.89412295457,0.159139887174,-0.00202373575194,-0.0058476757529,-0.000575562650769,-0.00728843150258,0.00012224514361,0.00526851108238,-0.0123262661314,0.573786489485,0.818990131161,0.00223079525677,0.0,0.818951262213,-0.573727446717,-0.0116787801081,0.0,-0.00828509669947,0.00852820302528,-0.999929310964,0.0,0.661692374078,0.260872240449,0.303468391996,1.0,-0.00118,-0.00155085714286,0.06
0.465070917474,0.547278788772,-0.123989322679,-1.35603019968,0.0794339513133,1.89415333317,0.15913971014,0.000425344959568,-0.0105425508245,-0.00148520078081,-0.00909893326833,-1.45949180016e-05,0.00118569108364,0.000174156200857,0.57378533571,0.818990940613,0.00223038553436,0.0,0.818951914428,-0.57372613828,-0.0116973078447,0.0,-0.00830051848556,0.00853848660418,-0.999929095306,0.0,0.661660313779,0.260864307988,0.303480900709,1.0,-0.0015,-0.00197142857143,0.076
0.465049667882,0.547135160481,-0.123991757856,-1.35623217498,0.0794311617582,1.89421496465,0.159134231978,-0.00210440672438,-0.0102708589402,-0.000393146131933,-0.0118934657889,0.000328353409565,0.00340131093987,0.000144522019869,0.573810408794,0.81897335203,0.00223837562613,0.0,0.818934343296,-0.573751089676,-0.011703647577,0.0,-0.00830086484985,0.0085489220672,-0.999929003267,0.0,0.661636347059,0.260830482915,0.303491927859,1.0,-0.00184,-0.00241828571429,0.093
0.465029947007,0.546963158447,-0.123988878754,-1.35642920167,0.0794280295095,1.89434146584,0.159128043524,-0.00324259068838,-0.0106038928524,0.00101922842599,-0.0133897273307,9.61951889119e-05,0.00927287806659,0.000239516380571,0.573829945441,0.818959410418,0.00232909937304,0.0,0.818921558774,-0.573770268776,-0.0116578791264,0.0,-0.00821111993233,0.00859715535406,-0.999929330718,0.0,0.661625599671,0.260806070475,0.303530867183,1.0,-0.00216,-0.00283885714286,0.109
0.465002460508,0.546763954402,-0.123992462335,-1.35667449107,0.0794222099457,1.8944739621,0.159114281432,-0.000931750831484,-0.0105726124917,-0.000512084208279,-0.0178095326432,-0.000167104437144,0.0155095421028,-0.000345150690409,0.573856065683,0.818940885797,0.00240589888666,0.0,0.818904024919,-0.573796105016,-0.0116178630297,0.0,-0.00813400423516,0.00863734774741,-0.999929614622,0.0,0.661609347112,0.260767375728,0.303566822672,1.0,-0.0025,-0.00328571428571,0.126
0.464966500915,0.546523216847,-0.123991717735,-1.35700024692,0.079409634826,1.89460562494,0.159100656096,-0.00394946111409,-0.0138289242503,6.85072574434e-05,-0.0179416045553,-0.00169694310775,0.0139345737568,-0.00153005237571,0.573888735817,0.818917862124,0.00244967312284,0.0,0.818881520843,-0.573828566169,-0.0116007917952,0.0,-0.00809455904553,0.00866372259372,-0.999929706542,0.0,0.661577145505,0.260715416724,0.303593650156,1.0,-0.00284,-0.00373257142857,0.143
0.46494313545,0.546288900705,-0.123995484571,-1.35735655197,0.0793934755224,1.8947242184,0.159061846722,-0.00184264792361,-0.018498689156,-0.00208391874736,-0.0216459128014,-0.000390646435378,0.00998574184446,-0.00527803534138,0.573894271423,0.818913984038,0.00244926041406,0.0,0.818877591092,-0.573834052972,-0.0116067807024,0.0,-0.00809964193987,0.00866687628682,-0.999929638053,0.0,0.661533092577,0.260663994461,0.303600379101,1.0,-0.00314,-0.00412685714286,0.158
0.464898380474,0.545986682649,-0.123989925309,-1.35783226491,0.0793628544541,1.89488972968,0.158922657494,-0.00111420055544,-0.0147962836399,0.00223530681399,-0.025620944266,-0.000518453611195,0.0119938328698,-0.00436983801391,0.573831470474,0.818958007599,0.00244380546506,0.0,0.818921509975,-0.57377124258,-0.0116132936832,0.0,-0.00810877067707,0.00866552509099,-0.999929575777,0.0,0.661477004596,0.260591383533,0.303602078234,1.0,-0.0035,-0.0046,0.176
0.464849341097,0.545678943615,-0.123990012999,-1.35834750988,0.079315952352,1.895066994,0.158912669146,-0.00479866436229,-0.015612888866,0.00108638726961,-0.0339367743776,-0.00542435886142,0.0181448764912,-0.00442237034827,0.573879823839,0.818924230149,0.0024083119558,0.0,0.818887392163,-0.573819842802,-0.0116178252935,0.0,-0.00813233801934,0.00863953816773,-0.999929609252,0.0,0.661417614957,0.260506212111,0.303590025561,1.0,-0.00384,-0.00504685714286,0.193
0.464786947227,0.545315063274,-0.123998128544,-1.35897320591,0.0792764929139,1.89527229679,0.158814306799,-0.00472529522304,-0.0207910765926,-0.000841555437127,-0.0362847659706,-0.00439249866495,0.0165442861119,-0.0106115695028,0.57388042618,0.8189239568,0.00235718654547,0.0,0.818886468938,-0.573820641271,-0.0116434334317,0.0,-0.00818264182275,0.00861237252172,-0.999929433216,0.0,0.661344780693,0.260398296994,0.303567835673,1.0,-0.0042,-0.00552,0.211
0.464736495095,0.544961535217,-0.123994916968,-1.35957412994,0.0792528282377,1.8954607096,0.158738790285,-0.000975827513143,-0.0233713358768,-0.0011199856731,-0.0410499136086,-0.000114062177475,0.0126238790529,-0.00623888207928,0.573890764739,0.818916832384,0.0023148838934,0.0,0.81887863822,-0.573830967281,-0.0116851939408,0.0,-0.00824100860906,0.00860179946837,-0.999929044894,0.0,0.66126369224,0.260301922464,0.30354969482,1.0,-0.00452,-0.00594057142857,0.227
0.464663089802,0.54452909092,-0.123996348013,-1.36031376561,0.0792185631639,1.89571685719,0.158665443715,-0.000350567776782,-0.0198802799689,0.000117988106514,-0.0414503799556,-0.000801612883602,0.017261260684,-0.00208593987019,0.573917929864,0.818897904239,0.00227576701277,0.0,0.818859072078,-0.573858138708,-0.0117219287968,0.0,-0.00829325517412,0.00859112297916,-0.999928704721,0.0,0.66118115224,0.26018941121,0.303524522673,1.0,-0.00486,-0.00638742857143,0.244
0.464596010375,0.544072312628,-0.124001044417,-1.3610568584,0.0791819828937,1.89597674048,0.158553862455,-0.00225154862128,-0.0277695610016,-0.000140247458172,-0.0438794026466,-0.0012754810107,0.0195134555174,-0.0100393480228,0.573916413445,0.818899020066,0.00225659363605,0.0,0.818859860825,-0.573856613831,-0.0117414646903,0.0,-0.00832027293726,0.0085866185734,-0.999928518965,0.0,0.661094697699,0.260071851305,0.303516736988,1.0,-0.0052,-0.00683428571429,0.261
0.464529148421,0.543578091711,-0.124006664825,-1.36186145617,0.0791352077712,1.89625862998,0.158468321973,-0.00175821334219,-0.0302321326302,-0.00013970802926,-0.0512110627908,-0.000203047805378,0.0146317991656,-0.00433459478982,0.57393736281,0.818884406508,0.00223142340902,0.0,0.81884490455,-0.573877639886,-0.011756854727,0.0,-0.00834710171352,0.00857505298166,-0.999928394616,0.0,0.661000089691,0.25994693934,0.303508044982,1.0,-0.00554,-0.00728114285714,0.278
0.464440032555,0.54305697566,-0.124007730582,-1.36269529435,0.0790923637106,1.8965617385,0.158345265462,-0.00208149886517,-0.0314477346553,-0.000780043988131,-0.049825418445,0.000255513112784,0.0201265986984,-0.00790962613571,0.573945310776,0.818878848541,0.00222678044685,0.0,0.818839209565,-0.57388552586,-0.0117685593192,0.0,-0.00835926817839,0.00857804973085,-0.999928267276,0.0,0.660908094406,0.259808923541,0.30350610715,1.0,-0.00588,-0.007728,0.295
0.464383351347,0.542571238707,-0.124016788409,-1.36347814942,0.0790347194404,1.89683217986,0.15825931624,-0.00655957770991,-0.0327998762059,-0.00251526319948,-0.0503011916396,-0.000297159572034,0.0194186537115,-0.00534419787635,0.573955764094,0.818871605057,0.00219594974866,0.0,0.818831669212,-0.573896202417,-0.0117725633554,0.0,-0.00838013197249,0.00855520850845,-0.999928288326,0.0,0.660814505901,0.259688694358,0.303500750951,1.0,-0.00618,-0.00812228571429,0.31
0.464309809628,0.542017927564,-0.124008484986,-1.36433756787,0.0789794725314,1.89715506834,0.158138057626,-0.00134639470235,-0.0414414355149,-0.000351832921618,-0.0577417997537,-0.00388076727269,0.0203737455322,-0.0170152248439,0.573943917885,0.818879870131,0.00221004941179,0.0,0.818840104118,-0.573884289836,-0.0117665911653,0.0,-0.0083672731041,0.00856320539229,-0.999928327559,0.0,0.660715667973,0.259563139261,0.303510673601,1.0,-0.0065,-0.00854285714286,0.326
0.464218593302,0.541323407988,-0.124019559108,-1.3654166449,0.078921986217,1.89754804818,0.157993820535,-0.00336407148022,-0.036236218935,0.000126036012706,-0.0603242545176,-0.00108197476317,0.0261947399711,-0.00823892925102,0.573952775714,0.818873638297,0.00221870557065,0.0,0.818833952871,-0.573893080757,-0.0117658992551,0.0,-0.00836164594325,0.00856998698773,-0.999928316531,0.0,0.660592869402,0.259394856851,0.303522534185,1.0,-0.00688,-0.00904228571429,0.345
0.46412927734,0.540707370655,-0.124020133108,-1.36637506932,0.0788701400701,1.8979027582,0.157883113369,-0.0053503241059,-0.038546415586,0.000368672603513,-0.0621057151208,-0.00112223808201,0.0241077425796,-0.0140745541023,0.573974958775,0.818858053777,0.00223189725317,0.0,0.818818482144,-0.573915151513,-0.0117660131318,0.0,-0.00835393580274,0.00858108083581,-0.999928285833,0.0,0.660484813006,0.259245532324,0.30353258017,1.0,-0.0072,-0.00946285714286,0.361
0.464037189212,0.539987121459,-0.124021198973,-1.36744671891,0.0788057756528,1.89829203801,0.157738564696,-0.00513806471813,-0.0461538686875,0.000479169067853,-0.0617439243746,-0.00720372721453,0.0212426270645,-0.00661991948898,0.573974787874,0.818858082705,0.002264988988,0.0,0.818818925603,-0.573914838911,-0.0117503895233,0.0,-0.00832215087313,0.00859920874516,-0.999928395143,0.0,0.660361598925,0.259082353881,0.303565285647,1.0,-0.00754,-0.00990971428571,0.378
0.463931992957,0.539215244287,-0.124029271651,-1.36866406255,0.0787273176785,1.89875592125,0.157586790302,-0.00208937591606,-0.0435079851981,-0.000936391633146,-0.0714375818111,-0.00864023375831,0.0310140543365,-0.0152310125499,0.573988774117,0.818848252179,0.00227464104383,0.0,0.818809308828,-0.573928878441,-0.0117347845826,0.0,-0.00830368553369,0.00859829742188,-0.999928556492,0.0,0.660226518326,0.258892631223,0.303571699768,1.0,-0.0079,-0.0103828571429,0.396
0.463832984455,0.538515536796,-0.124032235506,-1.36976152497,0.0786696065403,1.8991845731,0.157450915464,-0.0083984455045,-0.0445203211543,-0.000130668798417,-0.0754782361221,-0.00343781483561,0.0262799988256,-0.0152640470409,0.574006019452,0.818836082961,0.00230342684853,0.0,0.818797472067,-0.573945970892,-0.0117247232803,0.0,-0.00827874331716,0.00861626770983,-0.999928608622,0.0,0.660106072237,0.25872421244,0.30358087308,1.0,-0.00822,-0.0108034285714,0.412
0.463723971807,0.537737359355,-0.124040943867,-1.37099444542,0.0785984949795,1.89965216568,0.157310077568,-0.00771234954964,-0.0504298424601,0.00221970570846,-0.0740064962454,-0.00141296754086,0.0323665843443,-0.00182790375682,0.574035164523,0.818815625513,0.00231261930701,0.0,0.81877714989,-0.573975094695,-0.0117182075729,0.0,-0.0082678247592,0.00862034902542,-0.999928663784,0.0,0.65996851606,0.258531297238,0.303584426359,1.0,-0.00856,-0.0112502857143,0.429
0.463600277987,0.536766971349,-0.124042734226,-1.37249114003,0.0785085664153,1.9002083555,0.157130316959,-0.00527930627143,-0.0550961843282,-0.000386319727544,-0.0782688991353,-0.00144335989993,0.0287231688872,-0.00616226387198,0.574048858934,0.818805954358,0.00233742722752,0.0,0.818767794385,-0.573988688807,-0.011706019826,0.0,-0.00824346065802,0.00863380368686,-0.999928748857,0.0,0.659795521465,0.258306908198,0.303605422859,1.0,-0.00896,-0.011776,0.449
0.463509415261,0.536082025403,-0.124045667454,-1.37358963012,0.0784464245311,1.90061946255,0.156994235689,-0.0104935897855,-0.052033699917,-0.000469655284576,-0.0802650576893,-0.00105804071552,0.0245212958721,-0.00675227925396,0.574057733397,0.818799737224,0.0023357978319,0.0,0.818761526041,-0.573997536716,-0.0117106028947,0.0,-0.00824805517177,0.00863518980598,-0.999928699,0.0,0.659668342091,0.258141700386,0.30360177582,1.0,-0.00924,-0.012144,0.463
0.463381971179,0.535082348779,-0.124052067868,-1.37515041694,0.078356035969,1.90118363721,0.156800283379,-0.0074133751901,-0.0596625663319,0.00115475436271,-0.088439390157,-0.00778218058553,0.0293334544573,-0.00580102638853,0.574069167383,0.818791711724,0.0023389685609,0.0,0.818753503217,-0.574008917258,-0.011713700484,0.0,-0.00824865087089,0.00863967932759,-0.999928655305,0.0,0.65948418921,0.25790544232,0.303613419033,1.0,-0.00962,-0.0126434285714,0.482
0.463285875468,0.534361106507,-0.124057451912,-1.37632841239,0.0782912567026,1.9016173297,0.156652036044,-0.00588705302539,-0.0533770324088,-0.000912924257212,-0.0898580458097,-0.00477199072055,0.0236708746008,-0.0169851480057,0.574077528486,0.818785902663,0.00232029919404,0.0,0.818747401656,-0.574017294312,-0.0117296638677,0.0,-0.00827235082089,0.00863364160369,-0.999928511667,0.0,0.659345532344,0.257727531673,0.303599320444,1.0,-0.0099,-0.0130114285714,0.496
0.46313281556,0.533272764751,-0.124057823711,-1.37806817114,0.0781891903128,1.9022533842,0.156439458539,-0.00924644877196,-0.0570363536126,0.000276588139557,-0.0873829191837,-0.00580970813918,0.0422220423121,-0.0112866372309,0.574096887306,0.818772364692,0.00230774879946,0.0,0.818733642711,-0.574036637266,-0.0117434352005,0.0,-0.00829062746845,0.0086314673584,-0.999928379069,0.0,0.659141519258,0.257460835464,0.30359395879,1.0,-0.0103,-0.0135371428571,0.516
0.463029887201,0.532551273179,-0.124057880345,-1.37924342245,0.0781347792503,1.90269558918,0.156294980246,-0.0115576744068,-0.0567571562198,-0.000504452893642,-0.0954333339277,-0.00783963434793,0.0341437018039,-0.0162448171025,0.574112662658,0.818761309751,0.00230545701381,0.0,0.818722405512,-0.574052260621,-0.011763149642,0.0,-0.00830791895029,0.00864106884171,-0.999928152625,0.0,0.659004578302,0.257284122364,0.303581638231,1.0,-0.01056,-0.0138788571429,0.529
0.462864644349,0.531353343891,-0.124056111648,-1.381168165,0.0780064570722,1.90340206073,0.156042124571,-0.00984559394568,-0.057440186899,0.000830720138172,-0.0907488063248,-0.00487752472563,0.0258546364644,-0.0147064247485,0.574110159224,0.818763134399,0.00228072916273,0.0,0.818723968,-0.574049912634,-0.0117689815926,0.0,-0.00832691619978,0.00862414556761,-0.999928140708,0.0,0.658777553054,0.256990723633,0.303571031474,1.0,-0.01098,-0.0144308571429,0.55
0.462745284371,0.530458931737,-0.124061647973,-1.38262321871,0.0779198495878,1.90391113069,0.155868249424,-0.00987856769194,-0.0604141128935,-0.000664516499269,-0.0997516636761,-0.00506101584495,0.0386423641031,-0.0122226701114,0.574125209433,0.818752704746,0.00223590352258,0.0,0.818712907165,-0.574065082616,-0.0117984517814,0.0,-0.00837662144335,0.00860451733671,-0.999927894648,0.0,0.658599774424,0.256768458031,0.303552993674,1.0,-0.01128,-0.0148251428571,0.565
0.462592005011,0.529295179169,-0.12406539668,-1.38445362901,0.0778025423816,1.90459165439,0.155621480526,-0.00614967068371,-0.0682128527225,0.00339634803542,-0.0939055624838,-0.00626338913866,0.0345925281193,-0.00882825219976,0.574119178658,0.818756915767,0.00224242788401,0.0,0.818717256471,-0.574059082413,-0.0117885858229,0.0,-0.00836486112565,0.00860413327145,-0.999927996402,0.0,0.658385174739,0.256490562691,0.303560588371,1.0,-0.01166,-0.0153245714286,0.584
0.462486966562,0.52846765313,-0.124065256513,-1.38573387119,0.0777198282476,1.90506997444,0.155440145511,-0.0115852733175,-0.0673124696239,0.000405431361251,-0.100251138815,-0.00630287678398,0.0469811009094,-0.00875627241772,0.574103739346,0.818767690016,0.00226122902622,0.0,0.818728308285,-0.574043607196,-0.0117745977408,0.0,-0.00834277675051,0.00861133860253,-0.999928118878,0.0,0.658234406015,0.256299479321,0.303575373743,1.0,-0.01192,-0.0156662857143,0.597
0.462319595602,0.527163423141,-0.124068452705,-1.38775801187,0.0775934314872,1.90585299171,0.155162890171,-0.00628678853202,-0.0724291076661,-0.0032974010291,-0.0990392184025,-0.010202750317,0.0369827044919,-0.0164317862218,0.574091679233,0.818776008761,0.00231045765906,0.0,0.818737333071,-0.574031431242,-0.0117406253534,0.0,-0.00828682659748,0.00863201945948,-0.99992840581,0.0,0.65800156064,0.255997005932,0.303597970585,1.0,-0.01232,-0.016192,0.617
0.462198266459,0.526218009553,-0.124068452826,-1.38925177316,0.0775016994105,1.90641466809,0.15495958467,-0.0112613741159,-0.0707655115973,0.000798536161704,-0.110667998547,-0.0115623949086,0.0440923475876,-0.0204343677003,0.574080545121,0.818783788027,0.00232014628332,0.0,0.818745237492,-0.574020261532,-0.0117355160109,0.0,-0.00827719863925,0.0086369064358,-0.999928443355,0.0,0.657824408977,0.255775563046,0.30360092172,1.0,-0.0126,-0.01656,0.631
0.46202963974,0.524900473312,-0.124074483776,-1.39128660674,0.0773741251331,1.90715247671,0.154678017227,-0.00721990930433,-0.0639653932996,5.00486239629e-05,-0.103248061602,-0.00717371615001,0.0377848649246,-0.018137194971,0.574067382871,0.818792975436,0.00233456685271,0.0,0.818754627679,-0.574007063353,-0.0117259445876,0.0,-0.00826122224947,0.00864308614156,-0.99992852208,0.0,0.657580160244,0.255466367079,0.303623280574,1.0,-0.01298,-0.0170594285714,0.65
0.461889365075,0.523863444214,-0.124083181238,-1.39295994226,0.0772631964425,1.90774720565,0.154460193305,-0.00989423858218,-0.0718986909232,0.00038439433907,-0.109810110573,-0.00813411054412,0.0435018176962,-0.0178698979879,0.574069891917,0.818791337738,0.00229158023759,0.0,0.818752492808,-0.574009796477,-0.0117412082358,0.0,-0.00829836986162,0.00861667707266,-0.999928442407,0.0,0.657376731504,0.255206524705,0.303607827061,1.0,-0.01328,-0.0174537142857,0.665
0.461713150466,0.522518682696,-0.124089749891,-1.39512118192,0.0771389439908,1.90856178964,0.154170313028,-0.0048882679547,-0.0690864387704,-0.00126481110752,-0.120505434476,-0.00673976000127,0.0420715242785,-0.0183769562173,0.57406401283,0.818795463898,0.0022900598817,0.0,0.818756551956,-0.574003874774,-0.0117476497635,0.0,-0.0083045789811,0.00861907044086,-0.999928370231,0.0,0.657119325227,0.254883179257,0.303595196613,1.0,-0.01366,-0.0179531428571,0.684
0.461571487894,0.521506144034,-0.124090409979,-1.39673235692,0.0770325540087,1.90920111856,0.153952247278,-0.0110704716942,-0.0714144007699,-0.000619849236246,-0.116674705533,-0.00587886387632,0.0505782747368,-0.0139932481807,0.574059627519,0.818798462415,0.00231708873595,0.0,0.81876001078,-0.573999502541,-0.0117201848054,0.0,-0.00826662067415,0.00862539058775,-0.999928630263,0.0,0.656935990979,0.254637939905,0.303595185765,1.0,-0.01394,-0.0183211428571,0.698
0.461399047658,0.520150083604,-0.124096760355,-1.39888159394,0.0769061117613,1.90999083411,0.153656780753,-0.00699383221676,-0.0749510563402,0.000311527063631,-0.121902355903,-0.00753518797214,0.0495769665777,-0.0190300596723,0.574043928286,0.818809476873,0.0023142781096,0.0,0.818770937314,-0.573983762078,-0.0117277441111,0.0,-0.00827458927613,0.00862727005814,-0.999928548139,0.0,0.656674443118,0.254316840027,0.303593301749,1.0,-0.0143,-0.0187942857143,0.716
0.461264088631,0.519069176169,-0.12410211805,-1.40058399943,0.0767930868342,1.91059474199,0.153448146187,-0.0104449481517,-0.0733951966444,0.0006045324142,-0.121656459801,-0.00589767879797,0.0405799843469,-0.0154247458641,0.574047230821,0.818807221108,0.0022931091475,0.0,0.818768451749,-0.573987190307,-0.0117334856444,0.0,-0.00829140713304,0.00861326620051,-0.999928529553,0.0,0.656462920626,0.254059994083,0.303594371972,1.0,-0.01458,-0.0191622857143,0.73
0.461072943349,0.517552461126,-0.12410602997,-1.40293699006,0.0766332645764,1.91143844808,0.153111811906,-0.00913579760111,-0.0816203050885,0.000510118265497,-0.12559151493,-0.0112254728985,0.049808317729,-0.0171482281911,0.574012468424,0.818831598292,0.00229055303821,0.0,0.818792882434,-0.573952531818,-0.0117240691156,0.0,-0.00828552905899,0.00860541605848,-0.999928645866,0.0,0.656172711433,0.253704385098,0.303612006248,1.0,-0.01496,-0.0196617142857,0.749
0.460892239564,0.516285030523,-0.124106645162,-1.40494334214,0.0765075270733,1.9121899253,0.152839394901,-0.0106359769293,-0.0791963386803,-0.00119860585991,-0.127317539279,-0.00513350294274,0.0502993513824,-0.0123398497033,0.574010037754,0.818833281657,0.002297892467,0.0,0.818794672317,-0.573950085718,-0.0117188135019,0.0,-0.00827703829712,0.00860838442827,-0.999928690635,0.0,0.655933531203,0.253394674268,0.303611253643,1.0,-0.01528,-0.0200822857143,0.765
0.460719422762,0.51499890192,-0.124111952315,-1.40700319138,0.0763792434971,1.91296447337,0.152558723613,-0.00581896212673,-0.0803623112392,0.000177451992064,-0.126265644476,-0.00815522923766,0.0484118948827,-0.019708871807,0.573999625725,0.818840591353,0.00229401862911,0.0,0.818801958371,-0.573939717123,-0.0117175500077,0.0,-0.00827833655806,0.00860438192589,-0.999928714337,0.0,0.655685250742,0.253082500454,0.303599953602,1.0,-0.0156,-0.0205028571429,0.781
0.460516071539,0.513511213211,-0.124112784222,-1.40938558097,0.0762428986527,1.91379296104,0.15223977807,-0.0154969987145,-0.0839099550537,-0.000445603829046,-0.132005412773,-0.0104348723755,0.0436709160256,-0.0112112622042,0.573993826015,0.818844797369,0.00224330526569,0.0,0.81880531304,-0.573933910203,-0.0117674533005,0.0,-0.00834836968251,0.00859144122462,-0.999928243356,0.0,0.655382737045,0.252719762867,0.303580540734,1.0,-0.01596,-0.020976,0.799
0.460322560742,0.512201233542,-0.124115968732,-1.41152349352,0.0761159324629,1.91455142973,0.151926855915,-0.0126921728662,-0.0868813962426,-0.0020024458597,-0.12968302338,-0.00928274204136,0.0555684024052,-0.0241525209157,0.573976035284,0.818857425242,0.00218516504524,0.0,0.818817076586,-0.573916234992,-0.011810893449,0.0,-0.00841749816679,0.00856858522105,-0.999927859934,0.0,0.65511635237,0.252385605734,0.303546562775,1.0,-0.01628,-0.0213965714286,0.815
0.460139563582,0.510839350689,-0.124119170547,-1.41369870699,0.075983041131,1.91537183258,0.151628697633,-0.0130989529221,-0.0879071061542,-0.00363210582094,-0.13298951838,-0.0111273653708,0.0453542319448,-0.0186272416822,0.573961986527,0.818867263468,0.00218854827018,0.0,0.818826952341,-0.573902168189,-0.0118097573514,0.0,-0.00841477309761,0.00857055910978,-0.999927865953,0.0,0.654851698493,0.252057839185,0.303536118269,1.0,-0.0166,-0.0218171428571,0.831
0.459926567007,0.509271001765,-0.124124786385,-1.41619817747,0.0758273376947,1.91630482114,0.151271240652,-0.0155443280218,-0.0869137342896,-0.000587440184987,-0.139930772553,-0.00789051249562,0.0384155692635,-0.0222904311582,0.573935951954,0.818885518461,0.00218577456776,0.0,0.818845183146,-0.573876159749,-0.0118095813641,0.0,-0.00841649328668,0.00856791925762,-0.999927874099,0.0,0.65454601588,0.251677297547,0.303525222781,1.0,-0.01696,-0.0222902857143,0.849
0.459717085193,0.507753505091,-0.12412545345,-1.41857042803,0.0756716407854,1.91715828623,0.150940970642,-0.00943680593482,-0.0916484138897,0.00113331304712,-0.138236958807,-0.00586646038526,0.0531750128835,-0.020494751344,0.573918339779,0.818897878973,0.0021794448522,0.0,0.818857478746,-0.57385859216,-0.0118106988559,0.0,-0.00842122522241,0.00856319626381,-0.999927874717,0.0,0.654250458572,0.251311125925,0.303531642058,1.0,-0.0173,-0.0227371428571,0.866
0.459510754987,0.50628875678,-0.124136607481,-1.42085933539,0.0755229582474,1.91799825501,0.150620516795,-0.0136238071833,-0.0980216722391,3.51432147876e-05,-0.155150493876,-0.0141715746517,0.0465501794671,-0.0238680173439,0.573910997224,0.818903008467,0.0021856097707,0.0,0.818862762404,-0.573851301794,-0.011798588006,0.0,-0.00840784607872,0.00856121869271,-0.999928004238,0.0,0.653971017348,0.250950353878,0.303539500597,1.0,-0.01762,-0.0231577142857,0.882
0.459298640879,0.504682209384,-0.124143218329,-1.42331512302,0.0753679772549,1.91896024081,0.150294389809,-0.00921846963927,-0.0981233788423,-0.00223168243034,-0.149855564525,-0.00507712359181,0.0531231922669,-0.0141711033827,0.573907390859,0.818905291078,0.00227549179453,0.0,0.818866316577,-0.573847458329,-0.0117386986425,0.0,-0.00830725718639,0.00860041507882,-0.999928508614,0.0,0.653679499653,0.25057776373,0.303576908552,1.0,-0.01796,-0.0236045714286,0.899
0.459066519628,0.503027724593,-0.124144993244,-1.42578508293,0.0752162453639,1.91989766407,0.149946125647,-0.0142186131628,-0.103913940772,-0.0021147243159,-0.147925403184,-0.00792516286512,0.057383404078,-0.0208818172511,0.573901539592,0.818909070372,0.00238835050782,0.0,0.818871589656,-0.57384122068,-0.011675615798,0.0,-0.00819089140841,0.00865657292501,-0.999928984,0.0,0.653366211762,0.250166995032,0.303645001411,1.0,-0.01832,-0.0240777142857,0.917
0.45886564807,0.501538801221,-0.12415042565,-1.42799838291,0.0750756279945,1.92069896418,0.149641723275,-0.0156869869446,-0.0977823864344,0.000144922226556,-0.1501054864,-0.007565994535,0.0597111343121,-0.0174495322719,0.573893670519,0.818914423199,0.00244321825745,0.0,0.818877641942,-0.573833142224,-0.0116481463885,0.0,-0.00813699213354,0.00868566151692,-0.999929171813,0.0,0.653109318543,0.24984720773,0.303693581772,1.0,-0.0186,-0.0244457142857,0.931
0.458614954916,0.499707843395,-0.12415115299,-1.43076222294,0.0748974154708,1.92167454439,0.149247084059,-0.0170544376643,-0.105296532723,-0.00129474375604,-0.150626719328,-0.0175712467376,0.0528942378347,-0.0297319624717,0.573868662549,0.818931842886,0.00247825617994,0.0,0.818895481676,-0.573807976324,-0.0116337138949,0.0,-0.00810533164884,0.0087058242356,-0.999929253609,0.0,0.652758571919,0.249416903049,0.303740056098,1.0,-0.01896,-0.0249188571429,0.949
0.458367756417,0.498032770215,-0.124145593754,-1.43339267144,0.0747397592028,1.92266195407,0.148875771617,-0.0165701104755,-0.09752063322,0.00179226594899,-0.152284671031,-0.00367752687233,0.0689835086145,-0.0302968058339,0.573854348708,0.818941783047,0.00250785766434,0.0,0.818905714829,-0.573793462279,-0.0116292633982,0.0,-0.00808485302924,0.00872737037558,-0.999929231575,0.0,0.6524336429,0.249010451267,0.303741574011,1.0,-0.0193,-0.0253657142857,0.966
0.458126727242,0.496457173495,-0.124145839736,-1.43590776551,0.074585597097,1.92355014883,0.14850236171,-0.0176774338245,-0.0979024437879,0.000959284805198,-0.160622604378,-0.0135913139711,0.0543636823943,-0.0212838982666,0.573831672408,0.818957801054,0.0024655092541,0.0,0.818921064122,-0.573770810476,-0.0116659626045,0.0,-0.00813945054842,0.00871352405587,-0.999928909395,0.0,0.652112550467,0.248611067114,0.303719653122,1.0,-0.01962,-0.0257862857143,0.982
0.457875339845,0.494893684843,-0.124153635103,-1.43847463835,0.0744213050035,1.92443283817,0.148144302124,-0.0176095287883,-0.104072676796,-0.00176190582635,-0.160947144837,-0.0171157203489,0.0540287469136,-0.0197949082656,0.573834701655,0.818955994032,0.00235837151216,0.0,0.818917794379,-0.57377415378,-0.0117308740127,0.0,-0.00825405588538,0.00866306177707,-0.999928408398,0.0,0.651781168893,0.248192402808,0.303663923898,1.0,-0.01994,-0.0262068571429,0.998
0.457568521543,0.492967838907,-0.124154621126,-1.44159490518,0.074223419244,1.92556883516,0.147698958006,-0.0173978764142,-0.106470859816,-0.00136391925157,-0.168772041694,-0.0030069612953,0.0661966583778,-0.0202903062827,0.573825244181,0.818962775025,0.00230416276103,0.0,0.81892382012,-0.573764847555,-0.0117653496276,0.0,-0.00831349584535,0.00863835470845,-0.999928129725,0.0,0.651388364927,0.247692597514,0.303618202025,1.0,-0.0210862857143,-0.0277134040816,1.017
0.457313309413,0.491353198664,-0.12415363321,-1.44418749353,0.0740567877466,1.9265076008,0.147341613983,-0.0189458075706,-0.106091406791,-0.00135904632652,-0.177279602281,-0.0133441134357,0.05884478671,-0.0257703894753,0.57382544397,0.818962739174,0.00226684750229,0.0,0.818923261592,-0.573765150542,-0.0117894252791,0.0,-0.0083546227738,0.00862161233777,-0.999927931443,0.0,0.651059823103,0.247277844192,0.303589110704,1.0,-0.0221234285714,-0.0290765061224,1.032
0.456983493225,0.489329379864,-0.12415714525,-1.44747460377,0.0738504828619,1.92765644853,0.14686679203,-0.0191581330916,-0.115336179651,-0.000505744609265,-0.175630974293,-0.0149185371072,0.0579846516664,-0.0238758763626,0.573816915604,0.818968982636,0.00216789009657,0.0,0.818928077213,-0.573756865859,-0.0118579143332,0.0,-0.00846758523754,0.00857978308397,-0.999927341022,0.0,0.650635001713,0.246743093452,0.303531750028,1.0,-0.023368,-0.0307122285714,1.05
0.456649059778,0.487250587473,-0.124171724967,-1.45068195645,0.0736487755009,1.92888998548,0.146404921776,-0.015382987977,-0.130341118877,-0.000549542558941,-0.18863088387,-0.0115061570938,0.0757538010432,-0.0285167510628,0.57382783468,0.818961109704,0.0022502977984,0.0,0.818921376492,-0.573767562974,-0.0118029532384,0.0,-0.0083751730462,0.00861584595194,-0.999927809232,0.0,0.650249583972,0.246215462047,0.303557053261,1.0,-0.0245434285714,-0.032257077551,1.067
0.456325387774,0.485332549822,-0.124187264205,-1.45359844499,0.073471292649,1.92998766217,0.145961873938,-0.0257328658338,-0.133251265138,-0.00170622480093,-0.196433517668,-0.00757167044509,0.0766133391754,-0.0321053068387,0.573837420702,0.818954160227,0.00233344176402,0.0,0.818915523636,-0.573776847305,-0.0117576165358,0.0,-0.0082902337303,0.00865801872425,-0.999928152787,0.0,0.649898466215,0.245721531077,0.303596391815,1.0,-0.0255805714286,-0.0336201795918,1.082
0.455959994685,0.483070284506,-0.124218137603,-1.45708085378,0.073250093428,1.93118139844,0.145440202184,-0.0220323876873,-0.136179561826,-0.0036873066702,-0.208404313214,-0.00721637646244,0.0678637247988,-0.0261716072025,0.573842310676,0.81895080991,0.00230658348546,0.0,0.818911795863,-0.5737818086,-0.0117751270885,0.0,-0.00831993440647,0.00864612102598,-0.99992800905,0.0,0.649451100023,0.245129002183,0.303613119645,1.0,-0.026756,-0.0351650285714,1.099
0.455570462385,0.480687010934,-0.124250186436,-1.46074623715,0.0730149423524,1.93249316417,0.144883464534,-0.0206404765909,-0.142159865626,-0.00486184303034,-0.220488186499,-0.0155003692095,0.0875716084236,-0.0334339198614,0.573843666783,0.818949811323,0.00232368867071,0.0,0.818911084104,-0.573783167005,-0.0117584222574,0.0,-0.00829642397642,0.00865055710226,-0.999928166025,0.0,0.648990262413,0.244505973534,0.303635703945,1.0,-0.0279314285714,-0.036709877551,1.116
0.455150085501,0.478255186729,-0.124262564153,-1.46449646119,0.0727903775381,1.93387195432,0.144343579712,-0.0270865483015,-0.140634749685,-0.000752980662467,-0.218125262374,-0.00904271573441,0.0812852916295,-0.0267228362235,0.573876459663,0.818926675949,0.00237810107637,0.0,0.818888546868,-0.573815638031,-0.0117434347536,0.0,-0.0082525792883,0.00868684774418,-0.999928214229,0.0,0.648523403422,0.243871513565,0.303655469133,1.0,-0.0291068571429,-0.0382547265306,1.133
0.454662298761,0.475408284133,-0.124273674739,-1.46884818657,0.072516274481,1.93547416945,0.143720676187,-0.0236219945393,-0.150085936931,0.00090972229579,-0.232531889006,-0.0110140257148,0.079000052392,-0.0360848612133,0.573909751044,0.818903108362,0.00245838818128,0.0,0.818866002866,-0.573848609769,-0.011704243593,0.0,-0.00817405619519,0.00873043811813,-0.99992847957,0.0,0.64797959935,0.243136003664,0.303693999429,1.0,-0.0304205714286,-0.039981322449,1.152
0.454266047611,0.473081914741,-0.124283275117,-1.47246093432,0.072281088078,1.93674025337,0.143199864574,-0.0266121229488,-0.150798737169,-0.000507086126798,-0.244307525573,-0.0112858245702,0.0881345833598,-0.0380835012765,0.573923853005,0.818893288496,0.00243719291913,0.0,0.81885584925,-0.573862724929,-0.011722541853,0.0,-0.00820105457348,0.00872372402358,-0.999928317102,0.0,0.647510106401,0.242525347104,0.303693443506,1.0,-0.0314577142857,-0.0413444244898,1.167
0.453841030448,0.47053239217,-0.124282976342,-1.47638395628,0.0720365915134,1.93814044152,0.142603134028,-0.0305424231511,-0.159331477203,-1.56069883992e-05,-0.244445190064,-0.0145033710787,0.0880488980762,-0.0402448942996,0.573903758801,0.818907291228,0.00246392156213,0.0,0.81887003342,-0.573842358663,-0.0117287114364,0.0,-0.00819098245301,0.00874895155561,-0.999928179247,0.0,0.646999156408,0.241876008336,0.303709372299,1.0,-0.032564,-0.0427984,1.183
0.45331802494,0.467377884033,-0.124280763286,-1.48113473263,0.0717259413681,1.9399650358,0.141834364751,-0.0306126194957,-0.168002568585,-0.000984881724909,-0.251725901108,-0.0139635895142,0.0884966867453,-0.045284516867,0.573841881066,0.818950067774,0.00265121282284,0.0,0.818915359525,-0.5737799541,-0.011616587598,0.0,-0.0079923463063,0.00883737352761,-0.999929009095,0.0,0.646406739607,0.241092840754,0.303783792545,1.0,-0.0338777142857,-0.0445249959184,1.202
0.452782569103,0.464287843177,-0.124288959105,-1.48591768131,0.0713922769854,1.94157706181,0.141124261934,-0.0320777620058,-0.175472271959,-0.00131430627499,-0.269258844651,-0.0220466957878,0.0875253378505,-0.0389040249183,0.573837521157,0.818953380281,0.00257043567203,0.0,0.818917599865,-0.573775848675,-0.0116613468193,0.0,-0.00807540096357,0.00879686273013,-0.999928699011,0.0,0.645764383037,0.240274202972,0.303778192424,1.0,-0.0351222857143,-0.0461607183673,1.22
0.452387845836,0.46205173184,-0.124286728632,-1.48949230202,0.071157569624,1.94283300124,0.140588054271,-0.024925379316,-0.169730818676,0.000697865508052,-0.278240554718,-0.0166684147821,0.100849988498,-0.0375607220398,0.573822934512,0.818963827527,0.00249718473434,0.0,0.818926972216,-0.573761391653,-0.011714372653,0.0,-0.00816101640148,0.00876715642022,-0.999928264817,0.0,0.645286089622,0.239675918955,0.303726562479,1.0,-0.0360211428571,-0.0473420734694,1.233
0.451838914574,0.459034604789,-0.124288132615,-1.49418785384,0.070837183971,1.94448800422,0.139887451747,-0.0373684865515,-0.173328925128,-4.2331275531e-05,-0.278470780074,-0.0239324671261,0.0956582611226,-0.0409320675471,0.573829645301,0.818959215358,0.00246751992005,0.0,0.818921955966,-0.573768189664,-0.0117320700944,0.0,-0.00819246021177,0.0087530843842,-0.999928130972,0.0,0.644666361701,0.23886789306,0.303712165259,1.0,-0.0371965714286,-0.048886922449,1.25
0.45118013004,0.455593915495,-0.124304226891,-1.49967870933,0.0704686393692,1.94640146485,0.139038962264,-0.0379872645553,-0.181029615373,-0.00399775441236,-0.29434417251,-0.0269555148812,0.10145320882,-0.0500159059732,0.573837745474,0.818953913786,0.0023400564585,0.0,0.818914913346,-0.573776677276,-0.0118083113011,0.0,-0.00832795327478,0.00869252922495,-0.99992753994,0.0,0.643936839483,0.237902922036,0.303631402217,1.0,-0.0385102857143,-0.0506135183673,1.269
0.450616585579,0.452525903651,-0.124350517269,-1.50436743607,0.0701512358145,1.94804462691,0.138282735337,-0.0396536884342,-0.196516011211,-0.00278036412671,-0.290104122841,-0.016480650462,0.105221836803,-0.0545211664347,0.573840635426,0.818951876223,0.00234445428704,0.0,0.818913058688,-0.5737796814,-0.0117909467095,0.0,-0.00831117771222,0.00868619581939,-0.999927734552,0.0,0.643322366268,0.237061681141,0.303650684776,1.0,-0.0396165714286,-0.0520674938775,1.285
0.450000715948,0.449135048299,-0.124375895556,-1.509409369,0.069810331991,1.94993340317,0.137521619444,-0.0411655761068,-0.197393413383,-4.35835688384e-07,-0.303588718089,-0.0199534026168,0.0999259046233,-0.0388334043935,0.573875422878,0.818926942214,0.00253164622532,0.0,0.818890797132,-0.573814033292,-0.0116646676408,0.0,-0.00809997242116,0.00876737666977,-0.999928759239,0.0,0.642681046904,0.236174923259,0.303741299909,1.0,-0.040792,-0.0536123428571,1.302
0.449339405421,0.445475963321,-0.124391099648,-1.51496816619,0.0694267203543,1.95176497736,0.136699897294,-0.0374675589903,-0.203496389268,0.000682604951377,-0.312414511034,-0.0179534746811,0.109297326689,-0.0473880178766,0.573902949012,0.818907841797,0.00246954652713,0.0,0.818870750893,-0.573841628751,-0.0117143222392,0.0,-0.00817597915453,0.00874529187175,-0.999928334049,0.0,0.641953257127,0.235251747118,0.303762361533,1.0,-0.0419674285714,-0.0551571918367,1.319
0.448769167927,0.442420363691,-0.124394039555,-1.51967401132,0.0690938741203,1.95347424869,0.135947093922,-0.0407129677715,-0.203924293572,0.00247935371414,-0.314342952527,-0.0256691373849,0.113392043612,-0.0545096508824,0.573868300705,0.818932026016,0.00250142214778,0.0,0.818895477403,-0.573807007518,-0.0116816999068,0.0,-0.00813134116832,0.00875232906819,-0.999928636467,0.0,0.641283685256,0.234381076772,0.30376160465,1.0,-0.0430737142857,-0.0566111673469,1.335
0.448048524949,0.438717346557,-0.124397963625,-1.5254565856,0.0687147047381,1.95550496334,0.135005225625,-0.0384070348866,-0.204280752051,0.000269188027344,-0.324338125649,-0.0196276066537,0.11382194855,-0.0516798647259,0.57384111245,0.818951203452,0.00245986349563,0.0,0.818913892355,-0.573779734431,-0.0117303097093,0.0,-0.00819528921472,0.00874591874885,-0.99992817049,0.0,0.640497015692,0.233363706985,0.303717236838,1.0,-0.0443182857143,-0.0582468897959,1.353
0.447195075216,0.434374932172,-0.124417809063,-1.53199263789,0.0682590724529,1.95781489544,0.133957362182,-0.0429928354239,-0.224182995395,0.000139458289043,-0.330015720688,-0.0217091632943,0.118938566937,-0.0469453661585,0.5738555773,0.818940812277,0.00254347965607,0.0,0.818904684221,-0.573794000299,-0.0116751994858,0.0,-0.00810201997288,0.00878291484394,-0.999928606291,0.0,0.639621389703,0.232179988217,0.303771073598,1.0,-0.0457011428571,-0.0600643591837,1.373
0.446620637641,0.431515729153,-0.124430479883,-1.53636315626,0.067940754317,1.95938315673,0.133256661171,-0.0449378088504,-0.223359030904,0.000330405237301,-0.345603035072,-0.0239648243369,0.117212380035,-0.0561110276589,0.573861976806,0.818936237888,0.00257230473553,0.0,0.81890067454,-0.573800504883,-0.01163669779,0.0,-0.00805387881572,0.00878448960895,-0.999928981367,0.0,0.639036538715,0.231386166276,0.303776470701,1.0,-0.0466,-0.0612457142857,1.386
0.445866870794,0.427729140228,-0.124469914155,-1.542270092,0.0675085931723,1.96125476228,0.13232518039,-0.0459874342646,-0.226563353613,-0.00247002579158,-0.341823209065,-0.0232516431073,0.113240204482,-0.0587773997944,0.57387700795,0.818926397873,0.00234126326853,0.0,0.81888777043,-0.573816303526,-0.0117650392299,0.0,-0.00829140579834,0.0086690842764,-0.999928047195,0.0,0.638188280192,0.230298884071,0.303707225818,1.0,-0.0477754285714,-0.0627905632653,1.403
