position_joint1,position_joint2,position_joint3,position_joint4,position_joint5,position_joint6,position_joint7,velocity_joint1,velocity_joint2,velocity_joint3,velocity_joint4,velocity_joint5,velocity_joint6,velocity_joint7,ee_T_00,ee_T_10,ee_T_20,ee_T_30,ee_T_01,ee_T_11,ee_T_21,ee_T_31,ee_T_02,ee_T_12,ee_T_22,ee_T_32,ee_T_03,ee_T_13,ee_T_23,ee_T_33,v_x,v_y,time
0.465082556826,0.547878265715,-0.123916426686,-1.35585832832,0.079472398844,1.8940923322,0.159167531716,0.000993680898024,-0.00011730835238,-0.00117967993208,0.00111983031655,0.000240267871594,-3.40615980322e-05,0.00159071119693,0.573749116192,0.819017298934,0.00183374402004,0.0,0.818972471674,-0.573690882195,-0.0119837067388,0.0,-0.00876302961534,0.00837758831714,-0.999926509963,0.0,0.661649714848,0.260928722962,0.30313040309,1.0,0.0,0.0,0.0
0.465081877044,0.547875222276,-0.123914222033,-1.35586333962,0.0794741756883,1.89409395835,0.159166824013,0.000322456247243,0.000498746699139,0.000877465167318,-0.000843220550985,0.00109180423189,1.68692633365e-05,0.00116726313625,0.57374830328,0.81901786526,0.00183514851189,0.0,0.81897302514,-0.573690033526,-0.0119865102715,0.0,-0.0087645283875,0.00838033840636,-0.999926473782,0.0,0.66164854189,0.260929392546,0.303130245651,1.0,-0.00026,-0.000341714285714,0.014
0.465076164457,0.547872867491,-0.12391962026,-1.35586895934,0.0794724982273,1.89409267976,0.159165192199,-0.0014942157116,-0.00235653822375,-0.00156460286784,-0.000479910030773,2.06357410003e-06,-0.000385824408155,-0.000938734834062,0.573755265753,0.819013000825,0.00182931748831,0.0,0.818968120823,-0.573697054831,-0.0119855436186,0.0,-0.00876701078234,0.00837508271618,-0.999926496054,0.0,0.661649884832,0.260921492895,0.303129303821,1.0,-0.00062,-0.000814857142857,0.032
0.46507513426,0.547839323863,-0.123914419271,-1.35588621459,0.079471429243,1.89409394251,0.159166666485,-0.00112146173731,-0.00587397394204,-0.00309422157945,-0.000883043258913,-6.511771981e-05,-0.00029742140723,0.000205023837875,0.573754292845,0.819013644201,0.00184633552476,0.0,0.818968953772,-0.573695977882,-0.0119801761209,0.0,-0.00875286095825,0.00838593040656,-0.999926529099,0.0,0.661646206805,0.260922130811,0.303144789512,1.0,-0.00092,-0.00120914285714,0.047
0.465077967057,0.547750678386,-0.123911835153,-1.35599785037,0.079468101883,1.89411433632,0.159163606492,-0.000671504020477,-0.00446204945146,-0.000249975136873,-0.00719976633964,-0.000181135091306,0.00240488081096,0.000390090993405,0.573752855516,0.819014647791,0.00184780751236,0.0,0.818969903569,-0.573694464471,-0.0119877180685,0.0,-0.00875820837309,0.0083914477745,-0.999926435989,0.0,0.661625879337,0.260914259771,0.303156134625,1.0,-0.00126,-0.001656,0.064
0.465080038486,0.547616620977,-0.123914677286,-1.35618005495,0.0794696409161,1.89414779931,0.159155615019,0.0009047542284,-0.00905327488431,6.53689643289e-06,-0.00344722887189,-2.88399758978e-06,-0.000267443121694,-0.00571994134288,0.573756942993,0.819011794848,0.00184314095556,0.0,0.818966841934,-0.573698430044,-0.0120070845417,0.0,-0.00877670576764,0.0083987811511,-0.999926212233,0.0,0.66159434618,0.260896637995,0.303167384119,1.0,-0.0016,-0.00210285714286,0.081
0.465056807004,0.54746247504,-0.123917662302,-1.35637810293,0.0794619684936,1.89424591959,0.159147720246,-0.00293282605136,-0.00982080789698,-0.00102018135331,-0.0134661871457,0.000139788094291,0.00982221136176,-0.0011221276635,0.573780776853,0.818994989909,0.00189037524014,0.0,0.81895066594,-0.57372207018,-0.0119808116085,0.0,-0.00872784272425,0.00842264561589,-0.999926439196,0.0,0.661579761587,0.260863489596,0.303190920178,1.0,-0.00192,-0.00252342857143,0.097
0.465041817564,0.547258846535,-0.123914794244,-1.35661117899,0.0794610392575,1.89437835295,0.159135745171,-0.00206514697708,-0.00820573045071,-0.000531294129126,-0.00876349079118,0.000311901416713,0.00581727639494,-0.000704792685231,0.573794275159,0.818985308249,0.00198533834571,0.0,0.818942154619,-0.573735100264,-0.011938551555,0.0,-0.00863860635044,0.00847631299375,-0.999926760617,0.0,0.661561421429,0.260839106476,0.30323562717,1.0,-0.00228,-0.00299657142857,0.115
0.46501346,0.547042446161,-0.123911786159,-1.35688238113,0.0794569216056,1.89450561631,0.159118975612,-0.00284249734494,-0.0128516670133,0.000684295565489,-0.0192691732915,-7.20438904971e-05,0.00557402515472,-8.09711041519e-05,0.573815862258,0.818970013485,0.00205429689103,0.0,0.818927672825,-0.57375631518,-0.0119123622213,0.0,-0.00857736677543,0.00851798696946,-0.999926933669,0.0,0.661537259331,0.260800727272,0.30327076649,1.0,-0.00262,-0.00344342857143,0.132
0.464984281767,0.546818833283,-0.123915030357,-1.3572249033,0.0794489175187,1.89463650808,0.159089663764,-0.000808103038693,-0.0204889634128,-0.00049771558304,-0.0161390187119,-0.00270568917474,0.0105001452884,0.000496318470022,0.573835086326,0.81895650343,0.00207028772491,0.0,0.818914278151,-0.573775378932,-0.0119149684379,0.0,-0.00857012576803,0.00853277940242,-0.999926869636,0.0,0.661499492548,0.260749419684,0.303277573464,1.0,-0.00294,-0.003864,0.148
0.464939230302,0.54651432171,-0.123912551985,-1.35769091057,0.0794326634217,1.89480507382,0.158947789488,0.000170306387017,-0.0183357556091,0.000509870900814,-0.0261295334308,0.000181517896093,0.0131394947776,-0.00290409715218,0.573775780425,0.818998019155,0.00208454272907,0.0,0.818955844358,-0.573715887218,-0.0119227784717,0.0,-0.008568961649,0.00854831455479,-0.999926746924,0.0,0.661446299798,0.260678550805,0.303285952184,1.0,-0.00332,-0.00436342857143,0.167
0.464895141447,0.546270278834,-0.123912552959,-1.35810947954,0.0794147286898,1.89494819227,0.158935328943,-0.000922088669715,-0.0100631915382,0.00032770788436,-0.0264103707,-0.00485504598545,0.00825746047024,0.000457471112807,0.573820290978,0.818966893774,0.00206093809224,0.0,0.818924327131,-0.573760405607,-0.011945304178,0.0,-0.00860048956818,0.00854237472686,-0.999926527007,0.0,0.661397694847,0.260609715201,0.303271941521,1.0,-0.00362,-0.00475771428571,0.182
0.464850439194,0.545969320328,-0.123913579401,-1.35861947376,0.0793848058452,1.89512770548,0.158884806773,-0.00247106432778,-0.0187336994956,0.000323404591591,-0.0343191420654,-0.00375525375194,0.0155429188576,-0.000510584790909,0.573836783421,0.818955402157,0.00203523267368,0.0,0.818912479576,-0.573776982165,-0.0119612889566,0.0,-0.00862815866505,0.00853066925756,-0.999926388571,0.0,0.661337889383,0.260530307207,0.303257874853,1.0,-0.00394,-0.00517828571429,0.198
0.464785851242,0.545620080298,-0.123918227306,-1.35922350917,0.0792797085531,1.89533741007,0.158789667432,-0.00083940905686,-0.0235155371963,-0.000418732277691,-0.0403415385733,-0.00947322788418,0.015778881199,-0.0128149003739,0.573820787749,0.818966800149,0.00195721807666,0.0,0.818923482563,-0.573761925102,-0.0119302100515,0.0,-0.00864763523323,0.00844877703837,-0.999926915615,0.0,0.661273944516,0.260414999375,0.303235813831,1.0,-0.00428,-0.00562514285714,0.215
0.464713517727,0.545217404176,-0.123918169537,-1.35995460904,0.0792660428558,1.89556242426,0.158705795171,-0.00469852605077,-0.0252543784801,0.000527944639611,-0.0417346973508,-0.000842173472956,0.0105899825125,-0.00386076613369,0.573848264196,0.818947715866,0.00188553923012,0.0,0.818903110337,-0.573789359234,-0.0120089138546,0.0,-0.00875293874579,0.00843553072065,-0.999926111213,0.0,0.66118098931,0.260298755633,0.30319242438,1.0,-0.00464,-0.00609828571429,0.233
0.464650504914,0.544797023011,-0.123918918276,-1.36062978468,0.0792485884629,1.89578980218,0.158629803469,-0.00882376722067,-0.0285278060831,0.00010191049125,-0.0399403943937,0.000276604081054,0.0143962324451,-0.0140402894224,0.573871040617,0.818931779805,0.00187501153567,0.0,0.818886787931,-0.573811938828,-0.0120430191952,0.0,-0.00878667630989,0.00844672475712,-0.999925720821,0.0,0.661099728056,0.260194645302,0.303188366893,1.0,-0.00496,-0.00651885714286,0.249
0.464583481141,0.544352887399,-0.123924603544,-1.36139333863,0.0792209710707,1.89607340655,0.15852481962,-0.00522145550657,-0.0270728670592,-6.21240702573e-05,-0.0445836390732,-0.0014302351707,0.0177348625897,-0.00373710395597,0.573879231791,0.818926092734,0.00185171807121,0.0,0.818880643842,-0.573820084441,-0.0120726440532,0.0,-0.00882422009702,0.00844473836867,-0.999925406985,0.0,0.661012630767,0.260077016404,0.303164049784,1.0,-0.0053,-0.00696571428571,0.266
0.464507858935,0.543811744434,-0.123917563646,-1.36226839397,0.0791732046631,1.89637258742,0.158423632703,-0.00602860794727,-0.0305090988461,0.00207931175063,-0.049348355523,0.000551598198099,0.013462967136,-0.0113434664863,0.573889237033,0.818919137652,0.00182661032416,0.0,0.818873232612,-0.573830077335,-0.0121003371234,0.0,-0.00886120430443,0.00844017804002,-0.999925118423,0.0,0.660905870092,0.259946920035,0.303156151367,1.0,-0.00566,-0.00743885714286,0.284
0.464439253039,0.543326694935,-0.123927808716,-1.36302269018,0.0791290904579,1.89663534687,0.158322752901,-0.0038024171857,-0.0300044932104,-0.000261405925364,-0.0493693743976,-0.000950606254206,0.0142803603054,-0.0064960683276,0.573900081531,0.818911552997,0.00181980425021,0.0,0.818865569143,-0.573840960454,-0.0121028376245,0.0,-0.00886704605411,0.00843615696471,-0.99992510057,0.0,0.66081999592,0.259823175413,0.303163389325,1.0,-0.00596,-0.00783314285714,0.299
0.464368372427,0.542747707115,-0.123922548737,-1.36392220764,0.0790696336778,1.8969599825,0.158223826159,-0.0048862341124,-0.039500836034,0.000801968405344,-0.0527279965438,-0.00726393235515,0.0110376453826,-0.00671263313808,0.573907516999,0.818906338164,0.00182157876145,0.0,0.818860380001,-0.573848389462,-0.0121016890107,0.0,-0.00886501047377,0.00843703140744,-0.999925111241,0.0,0.660713259972,0.259692632262,0.303172735487,1.0,-0.0063,-0.00828,0.316
0.464287674074,0.542117890728,-0.123928487055,-1.36489282761,0.079022565102,1.89732138788,0.158073330593,-0.00273648822612,-0.0380173665765,-0.000854614209904,-0.0519008351188,0.000214181268089,0.0162695161358,-0.00446581948527,0.573895882056,0.818914441741,0.00184406327485,0.0,0.818868693732,-0.573836576127,-0.0120993067981,0.0,-0.00885027651144,0.00845395079693,-0.999925098856,0.0,0.660603085356,0.259545847581,0.303187693459,1.0,-0.00666,-0.00875314285714,0.334
0.46420850283,0.541517538949,-0.123928736486,-1.36579975031,0.0789624768082,1.89766651238,0.157950616221,-0.00613728732048,-0.0369262957611,-0.00100183101906,-0.0538079952537,-0.00490268531816,0.0195423411852,-0.00617851980548,0.573894708113,0.818915197092,0.00187373217751,0.0,0.818869895484,-0.573835327428,-0.0120771754286,0.0,-0.00881513849754,0.00846553292752,-0.999925311254,0.0,0.660502454369,0.259407342681,0.303210418113,1.0,-0.00698,-0.00917371428571,0.35
0.464131066353,0.540829820842,-0.123930630625,-1.36685306624,0.0789022441765,1.89805311416,0.157817712464,-0.00119126185697,-0.041415267696,-0.00120534599262,-0.0636098700685,-0.00535291592685,0.0285600975198,-0.00863519249717,0.573892858853,0.818916448618,0.00189305091255,0.0,0.818871364856,-0.573833360375,-0.0120710082879,0.0,-0.00879902088026,0.00847779386388,-0.999925349335,0.0,0.660378373578,0.259255596641,0.303228802768,1.0,-0.00732,-0.00962057142857,0.367
0.464034548261,0.540104033685,-0.123930956128,-1.36796326113,0.0788395762634,1.89846108898,0.157680545578,-0.00518547377813,-0.0382477538625,-0.00142857226808,-0.0693478564087,-0.00143012083566,0.0261966233778,-0.00441529051373,0.57390446243,0.818908264623,0.00191547278649,0.0,0.818863423078,-0.573844815563,-0.0120651936185,0.0,-0.0087812717073,0.00849294257598,-0.999925376812,0.0,0.660250941722,0.259086972959,0.303248713734,1.0,-0.00766,-0.0100674285714,0.384
0.463941591509,0.539406160074,-0.123933828914,-1.36903709253,0.0787735293417,1.89887611485,0.157544779855,-0.0071679667804,-0.0438761356416,9.74319882485e-05,-0.0656521103812,-0.00296366941825,0.019555252786,-0.00490095756455,0.573913232994,0.818902044923,0.00194646233252,0.0,0.818857650964,-0.573853492074,-0.0120442514615,0.0,-0.00874624633703,0.00850639464302,-0.999925569443,0.0,0.660132228181,0.25892311479,0.303266782049,1.0,-0.00798,-0.010488,0.4
0.463824515925,0.538644767508,-0.123937166682,-1.37023239807,0.0787155717866,1.8993337895,0.157404105063,-0.0119165109365,-0.0423636910231,-0.000763807366027,-0.0750361975751,-0.00454501743751,0.0224470580398,-0.0136852620711,0.573946875498,0.81887840418,0.0019723528144,0.0,0.818834246546,-0.573886919548,-0.0120427221505,0.0,-0.00872978569112,0.00852707695415,-0.999925537128,0.0,0.660001265039,0.258733688531,0.303275535047,1.0,-0.00832,-0.0109348571429,0.417
0.463713270042,0.537865534339,-0.123935013507,-1.37145239858,0.0786420093339,1.89980903338,0.157247633449,-0.00680646249943,-0.0463773855173,0.000395209384384,-0.0752059630409,-2.90529000688e-05,0.0340295976075,-0.00896777789013,0.573956072967,0.818871888716,0.00200076889491,0.0,0.818828112475,-0.573896004212,-0.0120268645621,0.0,-0.00870039553476,0.00854134221922,-0.999925671533,0.0,0.659866404821,0.258547285212,0.303286320861,1.0,-0.00866,-0.0113817142857,0.434
0.46361001771,0.537082381341,-0.123938490303,-1.3726688407,0.0785695753985,1.90025416238,0.157098651865,-0.00702204018277,-0.0508469133876,0.0022110924849,-0.0743294824304,-0.0056492303504,0.025577066158,-0.00522863297304,0.573968601656,0.818863083566,0.00201037012449,0.0,0.818819422087,-0.573908479987,-0.0120232072612,0.0,-0.00869175945323,0.00854723812349,-0.999925696259,0.0,0.659725357452,0.258361522348,0.303299000797,1.0,-0.00898,-0.0118022857143,0.45
0.463487651853,0.536194074593,-0.123949454509,-1.37407084478,0.078492164665,1.90078374351,0.156924920091,-0.00600068016143,-0.0493916595479,0.000181281758194,-0.0803940915292,-0.00375991517532,0.022478901475,-0.00409547367334,0.573990685909,0.818847570089,0.00202394413765,0.0,0.818804074583,-0.573930492695,-0.012017649647,0.0,-0.00867918705673,0.00855539738842,-0.999925735686,0.0,0.659567520296,0.258143091018,0.303305024789,1.0,-0.00934,-0.0122754285714,0.468
0.463359963809,0.53530412009,-0.123949808383,-1.37548137093,0.0784080950626,1.90128977612,0.15676065162,-0.00614387174418,-0.0528048280392,0.000383440485174,-0.0820819394789,-0.00364516640193,0.0260861421893,-0.00862924999554,0.574015766856,0.818830018535,0.00201172779136,0.0,0.818786315501,-0.573955575177,-0.0120297203778,0.0,-0.00869582119983,0.00855258901764,-0.999925615191,0.0,0.659402010437,0.257923673036,0.303305576873,1.0,-0.00968,-0.0127222857143,0.485
0.463245682312,0.534455298774,-0.123950873816,-1.37686505216,0.0783354700886,1.90180469161,0.156589410332,-0.00988958118702,-0.050125256879,7.01147768881e-05,-0.0903076554337,-0.00192137683386,0.040894198359,-0.00999827186176,0.574026321795,0.818822650761,0.0019988466579,0.0,0.818778666587,-0.57396607302,-0.0120494424932,0.0,-0.00871925414837,0.00855347483624,-0.999925403555,0.0,0.659239155351,0.257717788924,0.303290540696,1.0,-0.01,-0.0131428571429,0.501
0.463117056146,0.533530176936,-0.123953738602,-1.37835246876,0.0782467828565,1.90234651656,0.156406489963,-0.00429520506692,-0.0555237131397,-0.00067882443162,-0.0880574938284,-0.00180046669044,0.0310401629506,-0.00742973439892,0.574041428535,0.818812104935,0.001980413851,0.0,0.818767848853,-0.573981226825,-0.0120626630088,0.0,-0.00874050239929,0.00854613203366,-0.999925280831,0.0,0.659064187224,0.257489350555,0.303282145024,1.0,-0.01034,-0.0135897142857,0.518
0.462990453655,0.532572036671,-0.123951910484,-1.37988470272,0.0781694159185,1.90292798838,0.15621208506,-0.00988268250319,-0.0546869514698,0.000373890367129,-0.0898461864848,-0.0034145750268,0.0364088104715,-0.0148882821862,0.574047695895,0.818807678603,0.00199379039789,0.0,0.818763446974,-0.573987288408,-0.0120730090402,0.0,-0.00874123045757,0.00856309058677,-0.999925129382,0.0,0.658884956276,0.257264612875,0.303278816796,1.0,-0.01068,-0.0140365714286,0.535
0.462866459,0.531646682464,-0.123951278605,-1.38135697931,0.0780857346221,1.90346092249,0.156022304708,-0.00381825439971,-0.0653472562312,-0.000109952850818,-0.0958300754947,-0.00333970460298,0.0319070654775,-0.00911231231847,0.57405110806,0.818805308808,0.00198456675708,0.0,0.818760864771,-0.573990650274,-0.0120882843768,0.0,-0.0087589972965,0.00856434352539,-0.999924963178,0.0,0.658708704179,0.257043310321,0.303276521241,1.0,-0.011,-0.0144571428571,0.551
0.462729471044,0.530643221253,-0.123954063639,-1.38299642562,0.0779740228779,1.90403962954,0.15580975874,-0.00748254633418,-0.0602279750126,-0.000493686074561,-0.0947910452121,-0.0122628594508,0.0333894602031,-0.0103645302481,0.574050193879,0.818806085698,0.0019276493275,0.0,0.818760953998,-0.573990040496,-0.0121111734094,0.0,-0.00881042060488,0.00853086969178,-0.999924797548,0.0,0.658509869791,0.256791262235,0.303253561267,1.0,-0.01134,-0.014904,0.568
0.462581152886,0.529529691238,-0.123954471003,-1.38473180132,0.0778707213138,1.90468048565,0.155579013059,-0.0111978757968,-0.0634473641421,0.000518132759152,-0.0993540767213,-0.00165080510815,0.037921471299,-0.00909699781764,0.574049400823,0.818806602112,0.00194439039618,0.0,0.818761650704,-0.573989136397,-0.0121069210136,0.0,-0.00879733726882,0.00854212750646,-0.999924816631,0.0,0.658305356375,0.256528786172,0.303267549427,1.0,-0.0117,-0.0153771428571,0.586
0.462456352887,0.528483147765,-0.123955432953,-1.38632676911,0.0777661334359,1.90528871054,0.155356862634,-0.00465166124663,-0.0671936746218,0.000920085534467,-0.0946614812102,-0.00796269061283,0.0396878484285,-0.0146223809064,0.574028673333,0.818821023056,0.00199029980052,0.0,0.818776759358,-0.573968296626,-0.0120730984359,0.0,-0.00874350616604,0.00856008070707,-0.999925135257,0.0,0.658119093745,0.256294864205,0.303298082969,1.0,-0.01202,-0.0157977142857,0.602
0.462312748617,0.527367959807,-0.123960382252,-1.38807006573,0.0776539138565,1.90596223661,0.155106757894,-0.00229328146369,-0.0652797572567,-2.36936785419e-05,-0.102020561598,-0.00364577084263,0.0378125511248,-0.0198826396075,0.574009162625,0.818834621264,0.00202265764518,0.0,0.818790881976,-0.573948748924,-0.0120445881365,0.0,-0.00870179147654,0.00857000258675,-0.999925414159,0.0,0.657918606529,0.25603275495,0.303311896932,1.0,-0.01236,-0.0162445714286,0.619
0.462163043209,0.526196343555,-0.123958424018,-1.38987565827,0.0775482078099,1.90663359685,0.154871859632,-0.00932421896788,-0.0702349947384,0.000922336487039,-0.102278681433,-0.00512844052064,0.0356928913077,-0.0117576773996,0.574006945224,0.818836090611,0.00205680547065,0.0,0.818792736928,-0.57394632658,-0.0120339128978,0.0,-0.00867347323885,0.00859181238121,-0.999925473034,0.0,0.657703652026,0.255764942106,0.303335071775,1.0,-0.0127,-0.0166914285714,0.636
0.462014499799,0.525085161921,-0.123963658683,-1.39161083076,0.077436736566,1.90725603039,0.154635176918,-0.00594069392515,-0.0722366211245,-0.00100004313039,-0.106360683905,-0.0019400284428,0.0371542295401,-0.0156231623337,0.574001646503,0.818839818828,0.00205129613057,0.0,0.818796421278,-0.573941079744,-0.0120334693991,0.0,-0.00867632783279,0.0085869905051,-0.999925489689,0.0,0.657494967339,0.255497080249,0.303344932404,1.0,-0.01302,-0.017112,0.652
0.461846413311,0.523902750401,-0.123967562515,-1.39350004732,0.0773219644935,1.90794133855,0.154386486654,-0.00966686879765,-0.0644725537731,0.000790100349895,-0.113354718328,-0.0112521928167,0.04301564652,-0.0175349256406,0.574008854657,0.818834815592,0.00203136658369,0.0,0.818791125352,-0.573948339965,-0.0120475307693,0.0,-0.00869920564394,0.00857881943827,-0.999925361054,0.0,0.657268804429,0.255203554944,0.30333671678,1.0,-0.01336,-0.0175588571429,0.669
0.461684078343,0.522606922726,-0.123970121578,-1.3955452927,0.0771916857027,1.90872701017,0.154102592937,-0.00678658463696,-0.0762903630482,0.000427079527572,-0.109112135779,-0.00852418468982,0.0430050641369,-0.0119846012699,0.573985717359,0.818850972363,0.00205626565465,0.0,0.81880768421,-0.573925175584,-0.0120256397556,0.0,-0.00866723105129,0.00858639689535,-0.999925573677,0.0,0.657027370178,0.254901887363,0.30334226751,1.0,-0.01372,-0.018032,0.687
0.46153591857,0.52151911921,-0.12398067831,-1.39728896952,0.0770894638848,1.90940483499,0.15386622136,-0.0158343115876,-0.0740695452072,0.00021904320723,-0.12035595715,-0.00537292244381,0.0511459204315,-0.0155225919736,0.573987645356,0.818849598949,0.00206498932002,0.0,0.818806459522,-0.573927100961,-0.0120171347743,0.0,-0.00865523929669,0.00858867884579,-0.999925657951,0.0,0.656809824553,0.254617732935,0.303329121823,1.0,-0.01404,-0.0184525714286,0.703
0.46135608693,0.520156104984,-0.123976426637,-1.39944322095,0.0769550044321,1.91019368738,0.153573227714,-0.0125352313903,-0.0795676666873,0.000540830856282,-0.124075011815,-0.00703413038364,0.039385462822,-0.0214550703533,0.573969632091,0.818862216626,0.00206845847407,0.0,0.818819084344,-0.573909037452,-0.0120195984168,0.0,-0.00865545463503,0.00859274319186,-0.999925621169,0.0,0.656563024072,0.254313578781,0.303335997821,1.0,-0.01438,-0.0188994285714,0.72
0.461191869783,0.518816366857,-0.123979602366,-1.4015357679,0.0768179174284,1.91093303064,0.153291098461,-0.0181444183326,-0.0829826675344,0.000546915883654,-0.127040416016,-0.00941383210273,0.0467663565394,-0.0184202226786,0.573949199899,0.818876579443,0.00205194448341,0.0,0.818833249459,-0.573888695498,-0.0120258746892,0.0,-0.00867028631733,0.00858260676676,-0.999925579729,0.0,0.656301179192,0.254001232452,0.303344734884,1.0,-0.01472,-0.0193462857143,0.737
0.461022260119,0.517551501415,-0.123976848996,-1.4035336211,0.0766920532977,1.91164587905,0.153024484805,-0.00785721151554,-0.080578468516,0.00170163990458,-0.127523301564,-0.00355414173796,0.0372601668138,-0.0139965554071,0.573939497889,0.818883425614,0.00203344983108,0.0,0.818839804591,-0.573879024478,-0.0120410374836,0.0,-0.00869341919241,0.0085760617855,-0.999925435034,0.0,0.656053161039,0.253699111244,0.303343148676,1.0,-0.01504,-0.0197668571429,0.753
0.460819505223,0.516108955582,-0.123987843593,-1.40581403491,0.0765484459196,1.91250637555,0.152706569549,-0.0163912051107,-0.0827720862609,-0.000499897066856,-0.127765814409,-0.00415233802834,0.0432844549511,-0.0224713834242,0.573934836174,0.818886661743,0.00204595873162,0.0,0.818843284556,-0.573874389603,-0.0120252732179,0.0,-0.00867337951314,0.00857720791997,-0.999925599228,0.0,0.655784076709,0.253343195738,0.303344567663,1.0,-0.0154,-0.02024,0.771
0.460655044721,0.514823805853,-0.123993957683,-1.40790420272,0.0764111655352,1.91327571428,0.152421428621,-0.00680011422705,-0.082158142736,0.00016462575343,-0.130005532716,-0.00631159190206,0.0461137693431,-0.0194070348586,0.573913375539,0.81890179874,0.00200706225272,0.0,0.818857979877,-0.573853162695,-0.0120375810275,0.0,-0.008706005352,0.00855219235876,-0.999925529965,0.0,0.655525779288,0.253030675644,0.303317713319,1.0,-0.01572,-0.0206605714286,0.787
0.460455911528,0.513417191012,-0.123992052061,-1.41016231352,0.0762884533744,1.91404929017,0.152115967809,-0.00862412637568,-0.0826559834157,-0.00130227164258,-0.13283101461,-0.00300194672517,0.0450674521077,-0.0182869444431,0.573910193794,0.818904164524,0.00195081656656,0.0,0.818859322723,-0.573849943596,-0.0120995341205,0.0,-0.00878905211985,0.00854165475767,-0.999924893528,0.0,0.655236958499,0.252684497095,0.303295794614,1.0,-0.01606,-0.0211074285714,0.804
0.46026317938,0.511980473573,-0.123989554298,-1.4124488284,0.0761512887666,1.91487534749,0.151782222099,-0.0106504667725,-0.0890853826186,-0.000206065087327,-0.133314726361,-0.0144499662955,0.0461099397601,-0.018927888981,0.573875546586,0.818928488361,0.00193258447719,0.0,0.8188832942,-0.573815270501,-0.0121215808231,0.0,-0.008817931148,0.00853900436566,-0.999924661909,0.0,0.654950804756,0.252341160666,0.30328549154,1.0,-0.0164,-0.0215542857143,0.821
0.460073138014,0.510517732939,-0.123995269941,-1.41477558033,0.0760042267602,1.91577342382,0.151458735794,-0.00738412134016,-0.0903810875405,-0.00036321555207,-0.13587455541,-0.00971097447947,0.0507537557597,-0.0146631540368,0.573852321903,0.818944710178,0.00195479393064,0.0,0.81889988888,-0.573792030956,-0.0121005828898,0.0,-0.00878823236879,0.00854489263591,-0.999924873069,0.0,0.654670949923,0.251993658716,0.303280285683,1.0,-0.01674,-0.0220011428571,0.838
0.459882437042,0.509115056635,-0.123999094541,-1.41699825752,0.0758692394586,1.91657727044,0.151160560417,-0.00677859523261,-0.0861920530612,-0.000439533569054,-0.141273573192,-0.0020991363177,0.0516339446194,-0.0111792175285,0.573846138374,0.818949077019,0.00194052146484,0.0,0.818904006325,-0.573785850016,-0.0121150174482,0.0,-0.0088083081863,0.00854142122972,-0.999924726082,0.0,0.654393707079,0.251654073369,0.303273870986,1.0,-0.01706,-0.0224217142857,0.854
0.459667708327,0.507601795252,-0.124003799104,-1.41937401343,0.075713091798,1.91742680687,0.150820207052,-0.00975400105225,-0.0924878348672,-0.000598393785051,-0.142740529835,-0.00961224709336,0.0527019809564,-0.0171908152326,0.57382732398,0.81896230058,0.00192337795087,0.0,0.818917035132,-0.573767142248,-0.0121203526664,0.0,-0.00882271069768,0.00853024073877,-0.999924694549,0.0,0.654098373404,0.251281345913,0.303275434802,1.0,-0.0174,-0.0228685714286,0.871
0.459435821698,0.505934946403,-0.124005195961,-1.42196234394,0.0755519827374,1.91839791232,0.150467455243,-0.0128886179399,-0.0929641002576,0.000338257650963,-0.146101708737,-0.0115141014568,0.0532830133071,-0.0189095411943,0.573819629167,0.818967597945,0.00196305880982,0.0,0.818922858021,-0.573759280177,-0.0120990877133,0.0,-0.00878260668464,0.00855045237863,-0.99992487497,0.0,0.65378325311,0.250883593876,0.303293079572,1.0,-0.01776,-0.0233417142857,0.889
0.459239099057,0.504478962424,-0.124013306256,-1.42415204316,0.0754148122067,1.91924519238,0.150162712968,-0.0105070372664,-0.104894293249,7.85271308989e-05,-0.147728340206,-0.0103575019392,0.0552520931219,-0.0183548865624,0.573812823102,0.818972139587,0.0020556080913,0.0,0.81892870534,-0.573752169782,-0.0120403547395,0.0,-0.00868147262508,0.00859247184884,-0.999925397948,0.0,0.653523874517,0.250544938973,0.303341912854,1.0,-0.01806,-0.023736,0.904
0.458998351949,0.502718474348,-0.124022916635,-1.42676757549,0.0752504600944,1.9202367724,0.149792911692,-0.0145449534704,-0.0967918252189,0.00534141786276,-0.145429572862,-0.00492402564967,0.0558041472731,-0.0181195783495,0.573803824294,0.818978153985,0.0021682762968,0.0,0.818936280499,-0.573742790291,-0.0119718825372,0.0,-0.00856084219017,0.00864535855942,-0.999925982139,0.0,0.653210877417,0.250135635327,0.303412694687,1.0,-0.01842,-0.0242091428571,0.922
0.458776427076,0.501100113722,-0.124021316432,-1.42918885971,0.0750894772832,1.92108722083,0.149455666126,-0.0147645723732,-0.105535822775,0.00141880220611,-0.15381667334,-0.016533653202,0.0571762633741,-0.0191166694741,0.573787941409,0.818989181582,0.0022058211321,0.0,0.818947802275,-0.573726760167,-0.0119519336541,0.0,-0.00852312984671,0.00866449459394,-0.999926138668,0.0,0.652904111117,0.249757564392,0.303463449955,1.0,-0.01874,-0.0246297142857,0.938
0.458534363565,0.499403270829,-0.124025408533,-1.43178939755,0.0749303939216,1.92203492069,0.149088142851,-0.0159192248415,-0.098154755453,0.00013952134154,-0.15139265082,-0.0114143890607,0.0610023886912,-0.0245242790695,0.573777521565,0.818996378156,0.00224392860314,0.0,0.818955445901,-0.573716136217,-0.0119381562501,0.0,-0.00849009214313,0.00868769051997,-0.999926218463,0.0,0.652580762384,0.249349716803,0.303491726684,1.0,-0.01908,-0.0250765714286,0.955
0.458281123239,0.497719275987,-0.124025025719,-1.43443519901,0.0747598730954,1.9230114242,0.148704638219,-0.0165125450736,-0.099517357976,0.000949918042184,-0.152968032517,-0.00758422292265,0.0538000004637,-0.0162052720497,0.573758681245,0.819009555305,0.00225186968277,0.0,0.818968736825,-0.573697276743,-0.0119327139645,0.0,-0.00848127854392,0.00869087642382,-0.999926265572,0.0,0.652253087442,0.248931897422,0.303491267223,1.0,-0.01942,-0.0255234285714,0.972
0.458020573934,0.49605032497,-0.124033991423,-1.43712513033,0.0745988491275,1.92395484681,0.148301044227,-0.0134766337564,-0.096266015627,-0.000316886476374,-0.158296304872,-0.00627163724578,0.0542881948945,-0.02663272769,0.573740337074,0.819022580787,0.00218739045878,0.0,0.818980773928,-0.573679047552,-0.0119828726568,0.0,-0.00855954801144,0.00866665498802,-0.999925808862,0.0,0.651909875727,0.248497885537,0.303456201758,1.0,-0.01976,-0.0259702857143,0.989
0.457757730657,0.49447331248,-0.124033962541,-1.43970948742,0.0744423386745,1.92484836707,0.147936184194,-0.0119951475155,-0.0988471091964,0.000441045647022,-0.158567522284,-0.00930219905409,0.0558939359533,-0.0217210410441,0.573744441705,0.819019952706,0.00209274564144,0.0,0.818976714947,-0.573683352428,-0.012053979498,0.0,-0.00867204334671,0.0086299798419,-0.999925156755,0.0,0.651576913307,0.248076467387,0.303402180262,1.0,-0.0210862857143,-0.0277134040816,1.005
0.457475752803,0.492512224097,-0.124092393594,-1.44276165588,0.0742524195079,1.92598645008,0.147513188934,-0.0197287371622,-0.120577249101,-0.00623493950099,-0.187601676201,-0.00817590004522,0.0725157810817,-0.0280821919116,0.573772926235,0.818999933237,0.00211787138321,0.0,0.818957264953,-0.573711967935,-0.012013447912,0.0,-0.00862413092003,0.00862760342627,-0.999925591644,0.0,0.651207707238,0.247569128865,0.303415052493,1.0,-0.025788,-0.0338928,1.022
0.457160099586,0.490360266316,-0.12410216209,-1.4462260168,0.0740501820461,1.92724559789,0.147000316389,-0.0151506828601,-0.135406840019,-0.000712994530816,-0.231037220623,-0.0136753806376,0.0802267062476,-0.0331180283645,0.573737050259,0.819025172682,0.00207619228539,0.0,0.818981771178,-0.573676084709,-0.0120563349537,0.0,-0.00868354714121,0.00861769560583,-0.999925162865,0.0,0.650763685525,0.247028485411,0.303372761894,1.0,-0.0302131428571,-0.0397087020408,1.038
0.456703782718,0.487453922453,-0.124122458729,-1.45083115691,0.0737825339335,1.92893487232,0.146338100702,-0.0293102388877,-0.166734833782,-0.00440184787361,-0.262481233508,-0.0210159465579,0.0961564421632,-0.0352579193895,0.5737397889,0.819023263832,0.00207239894353,0.0,0.818979619013,-0.57367864711,-0.0120805791648,0.0,-0.00870555196316,0.00862852756289,-0.999924878117,0.0,0.65018517546,0.246283782371,0.303348169067,1.0,-0.0351914285714,-0.0462515918367,1.056
0.456230442966,0.484462930755,-0.124179418826,-1.45542704861,0.0734918561389,1.93067325624,0.145640966979,-0.0290225136255,-0.199578473829,-0.00776859866852,-0.298427090898,-0.0195518134443,0.0983824377888,-0.0416580756394,0.57374592841,0.819018711689,0.00216943227172,0.0,0.818976622655,-0.573684664133,-0.0119976908034,0.0,-0.00858192846958,0.00866050730534,-0.999925670296,0.0,0.649630880326,0.245508694905,0.303389890609,1.0,-0.0396165714286,-0.0520674938775,1.072
0.455590207086,0.480484361339,-0.124242273136,-1.46167743383,0.0731178517395,1.93282776754,0.144689649003,-0.0365215498705,-0.212593115139,-0.00086766553157,-0.343523928972,-0.0181651141979,0.115966998707,-0.0537536459353,0.573740848074,0.81902252571,0.00207087684301,0.0,0.818978903639,-0.573679754957,-0.0120764667037,0.0,-0.00870304570205,0.00862493275145,-0.999924930948,0.0,0.648821369075,0.244454633462,0.303363118788,1.0,-0.0448714285714,-0.058973877551,1.091
0.455026042508,0.476949444401,-0.124316150294,-1.46708562314,0.0727882587327,1.9347819108,0.143903877015,-0.0390562643238,-0.244642336162,-0.00197499847043,-0.371110217767,-0.0270763592773,0.137403039821,-0.0509808395827,0.5737861129,0.818990660365,0.00213114491868,0.0,0.818947919799,-0.573724851208,-0.01203522597,0.0,-0.00863421309881,0.00865110878581,-0.999925301551,0.0,0.648142963775,0.243531361685,0.303409088768,1.0,-0.04902,-0.0644262857143,1.106
0.454306141655,0.472618489576,-0.124349579827,-1.47374349717,0.0723984961894,1.93719782978,0.142946499487,-0.0430059911006,-0.263683053279,-0.00351255969207,-0.407326268258,-0.0213090630918,0.141714508483,-0.0657717050868,0.573831049534,0.818958946515,0.00221752477937,0.0,0.818917048457,-0.57376913205,-0.0120248806141,0.0,-0.00857570140058,0.00871638652797,-0.999925238181,0.0,0.647294713989,0.242415966062,0.303446522883,1.0,-0.0537217142857,-0.0706056816326,1.123
0.453514260516,0.467881908977,-0.124384501514,-1.48089670808,0.0719563048116,1.93985274903,0.14180529769,-0.0467351299169,-0.286389991047,-0.00131571274712,-0.42733190429,-0.0261033499221,0.167740957654,-0.0771238609999,0.573791219025,0.818986280457,0.00241997805776,0.0,0.818947027859,-0.573728490889,-0.011921879228,0.0,-0.0083756064223,0.00882267331697,-0.999926002088,0.0,0.646394123453,0.241208736674,0.303544195847,1.0,-0.0584234285714,-0.076785077551,1.14
0.452717266671,0.463098118345,-0.124399132635,-1.488240985,0.0714692956613,1.94244703671,0.14065518925,-0.054540450632,-0.309297819743,-0.0022426372122,-0.474813770559,-0.0318264529974,0.168871019795,-0.072666981038,0.57372479642,0.819032753427,0.0024400179098,0.0,0.818993698461,-0.573661930942,-0.0119187990362,0.0,-0.00836230240674,0.00883663997558,-0.999925990107,0.0,0.645424646309,0.239978857796,0.303572479531,1.0,-0.0628485714286,-0.0826009795918,1.156
0.45178096596,0.457672045969,-0.124436531757,-1.49662969584,0.0709135757186,1.94530350385,0.139431643319,-0.0515553630204,-0.320775403709,-0.00238299658907,-0.506260806668,-0.0360958295144,0.169747997541,-0.0726806913232,0.573753731921,0.819012774875,0.0023402135668,0.0,0.818972219494,-0.573691053587,-0.0119927324537,0.0,-0.008479804761,0.00879761428148,-0.99992534466,0.0,0.644293898818,0.23853974878,0.303563524524,1.0,-0.0675502857143,-0.0887803755102,1.173
0.450767596189,0.451902352032,-0.124490883248,-1.50541716542,0.0703042978925,1.94849481497,0.137992440038,-0.0607848476741,-0.35214266872,-0.00193101929907,-0.512914583422,-0.0357395329244,0.205683362747,-0.0934077150796,0.573680103714,0.819064015852,0.00245426966071,0.0,0.819025366068,-0.573617420689,-0.0118849198908,0.0,-0.0083268586992,0.00882842115732,-0.999926358491,0.0,0.643150643619,0.237014227392,0.303622839949,1.0,-0.072252,-0.0949597714286,1.19
0.44967103181,0.445719424265,-0.124524807833,-1.51465432852,0.0697004396957,1.9518882077,0.136598156771,-0.0695677586903,-0.36700550399,-0.00141089965706,-0.562176093181,-0.0349793875255,0.199902023164,-0.0834780928482,0.573713324228,0.819039864038,0.00273306075981,0.0,0.819004969948,-0.573649741884,-0.0117294389367,0.0,-0.00803921325234,0.00896789840902,-0.999927471294,0.0,0.641945405486,0.235416434188,0.303759677829,1.0,-0.0769537142857,-0.101139167347,1.207
0.448510011434,0.439320070122,-0.124553164346,-1.52467413536,0.0690066069667,1.95523174196,0.135023802388,-0.0692342029236,-0.383141994129,-0.000494983805957,-0.606369639346,-0.0423599164943,0.203786136362,-0.0975429180959,0.573648293207,0.819086215168,0.00248087140944,0.0,0.819047737734,-0.573585326115,-0.011892177206,0.0,-0.00831788712648,0.00885404974017,-0.999926206556,0.0,0.640538315828,0.233678354276,0.303659458592,1.0,-0.0816554285714,-0.107318563265,1.224
0.447222891093,0.43245995,-0.124574787124,-1.53497015534,0.0683207978221,1.95891361429,0.133338256218,-0.0818558282385,-0.410593373392,-0.00240888794732,-0.618651261051,-0.0384372307514,0.228674077851,-0.101476901218,0.573598838881,0.819120205096,0.00268487228415,0.0,0.819084321089,-0.573535041876,-0.0117973550684,0.0,-0.00812373997242,0.00896625858942,-0.999926802849,0.0,0.639149789085,0.231863645292,0.303760004373,1.0,-0.0863571428571,-0.113497959184,1.241
0.445912897796,0.425832561689,-0.124614184269,-1.54515699874,0.0675788729518,1.96245983525,0.131677529761,-0.0818067135092,-0.420669906285,-0.0014615039336,-0.646213136416,-0.0420438456958,0.220316018417,-0.116231202154,0.573570619315,0.819140133844,0.00263299948584,0.0,0.819103838469,-0.573507305748,-0.0117906302241,0.0,-0.00814829085855,0.00891963079582,-0.999927020108,0.0,0.63774897668,0.230020309061,0.303732346761,1.0,-0.0907822857143,-0.119313861224,1.257
0.444336345487,0.417979155299,-0.124749153767,-1.55715261464,0.0667159888884,1.966465223,0.129732786317,-0.0915442386976,-0.445451613011,-0.00710492610249,-0.67079700795,-0.0496293995135,0.233395840715,-0.107541227215,0.573632112846,0.819097579274,0.00247015005144,0.0,0.819059407298,-0.573569662787,-0.0118438232324,0.0,-0.00828460331129,0.0088173667437,-0.999926807017,0.0,0.636068477549,0.227772661976,0.303706984142,1.0,-0.0957605714286,-0.12585675102,1.275
0.442836559558,0.410651335533,-0.124797748333,-1.56812317755,0.0659801073997,1.97039402628,0.127875204207,-0.0978260571721,-0.455369870602,0.00141869720298,-0.68978057229,-0.0456899198759,0.231867734862,-0.114792886598,0.57362405495,0.819102475638,0.00270645300496,0.0,0.819067342113,-0.573560696989,-0.0117287192377,0.0,-0.00805486297287,0.00894481497325,-0.999927552109,0.0,0.634560654987,0.225756428597,0.303789298887,1.0,-0.100185714286,-0.131672653061,1.291
0.441227165466,0.403151209768,-0.124868561203,-1.57966506449,0.0651828785566,1.9741514133,0.125994907962,-0.100344268402,-0.464480467822,-0.00235963986842,-0.721498885732,-0.0449862497609,0.238765538196,-0.116757416394,0.573697531467,0.819051790524,0.0024604327196,0.0,0.819012887278,-0.573634468326,-0.0119220015608,0.0,-0.00835350854096,0.00885491945585,-0.999925901903,0.0,0.632881668138,0.223580072755,0.303689705371,1.0,-0.104610857143,-0.137488555102,1.307
0.439405853121,0.394732221145,-0.124974839021,-1.59201487669,0.0642880698431,1.9785403778,0.123874891688,-0.107267848096,-0.49831394185,-2.53220075451e-06,-0.73655129731,-0.0571405094921,0.256751901457,-0.124102690592,0.573768411668,0.819001029382,0.0028054491039,0.0,0.818967247572,-0.573704762635,-0.0116721735545,0.0,-0.00795017570951,0.00899486859098,-0.999927940926,0.0,0.631173307409,0.221198888639,0.303862759088,1.0,-0.109312571429,-0.14366795102,1.324
0.437254229621,0.385172289143,-0.125015017701,-1.60663113812,0.0631832710753,1.98330213631,0.121325084981,-0.118436110662,-0.508598450338,-0.00270720722613,-0.764466295637,-0.0606450378694,0.247983138936,-0.139473730068,0.573718541278,0.819036902773,0.00251678188794,0.0,0.818999135459,-0.573655686475,-0.0118455220714,0.0,-0.00825831246554,0.00885740836639,-0.999926670608,0.0,0.629000456676,0.218405788955,0.303737100473,1.0,-0.114567428571,-0.150574334694,1.343
0.435359050132,0.37670558634,-0.125072103014,-1.61908660267,0.0622639215211,1.9875394744,0.119100374556,-0.120213005933,-0.524577199249,0.000430037172693,-0.79071422321,-0.0536256048585,0.264701889701,-0.1422401212,0.573695575797,0.819052400395,0.00270159558397,0.0,0.819017159436,-0.573632176754,-0.0117373439395,0.0,-0.00806393282803,0.00894648767841,-0.999927464042,0.0,0.627179759697,0.216000653613,0.303839676271,1.0,-0.118992571429,-0.156390236735,1.359
0.433166160248,0.367545751527,-0.125153993183,-1.63287316281,0.061199550116,1.99202625195,0.116678551293,-0.126206044962,-0.543169455426,-0.00440029167889,-0.794548852612,-0.0634823322589,0.254226273849,-0.140786995859,0.573764578726,0.819004591523,0.00253656543291,0.0,0.818967243328,-0.573701817134,-0.0118163562203,0.0,-0.00822257611147,0.00885734118022,-0.999926965708,0.0,0.625110741461,0.213256376137,0.303775815101,1.0,-0.123694285714,-0.162569632653,1.376
0.430880806435,0.358024828596,-0.125284009761,-1.64686969611,0.0600991240291,1.99666531666,0.114106328045,-0.136253689364,-0.554000178822,-0.00406635509754,-0.81128044305,-0.0607656710804,0.268549257938,-0.151697831509,0.573803444994,0.818977123009,0.00261254700588,0.0,0.818941302471,-0.573740986555,-0.0117119748488,0.0,-0.00809306998655,0.0088600647474,-0.999927998143,0.0,0.623019666105,0.210422387303,0.303842783082,1.0,-0.128396,-0.168749028571,1.393
0.428722966892,0.349496950431,-0.125343574941,-1.65969954059,0.0591788737669,2.00068042314,0.111718796135,-0.147532236265,-0.571653103123,-0.00192872847668,-0.853227488372,-0.059099335562,0.27100738481,-0.158737880316,0.573836144685,0.818954894351,0.00238892720217,0.0,0.818915114352,-0.57377340519,-0.0119524844041,0.0,-0.00841800477953,0.00881526588399,-0.999925711382,0.0,0.621014647274,0.207828680419,0.303732120825,1.0,-0.132544571429,-0.174201436735,1.408
