position_joint1,position_joint2,position_joint3,position_joint4,position_joint5,position_joint6,position_joint7,velocity_joint1,velocity_joint2,velocity_joint3,velocity_joint4,velocity_joint5,velocity_joint6,velocity_joint7,ee_T_00,ee_T_10,ee_T_20,ee_T_30,ee_T_01,ee_T_11,ee_T_21,ee_T_31,ee_T_02,ee_T_12,ee_T_22,ee_T_32,ee_T_03,ee_T_13,ee_T_23,ee_T_33,v_x,v_y,time
0.465094984059,0.547820033399,-0.123988523111,-1.35577054352,0.0794936036931,1.89409420564,0.159154920134,-0.00497777427953,0.000202657905391,-0.00165689544422,-0.000324427847287,-0.000305597296231,0.000315275212565,-0.0013550020437,0.573779732597,0.818995575001,0.00195281614304,0.0,0.818952575727,-0.573721260305,-0.0118886956717,0.0,-0.00861658290487,0.00842091856249,-0.999927418681,0.0,0.661683909217,0.260910006667,0.303216023133,1.0,0.0,0.0,0.0
0.465094623191,0.547814631476,-0.123988147025,-1.35576982826,0.0794943129431,1.89409267554,0.159161226938,-0.00125214315608,-0.00025050503173,-0.000573671665801,-0.000135085969114,-0.000200498320216,0.000267130788772,0.00111683883643,0.573785059109,0.818991832503,0.00195732935955,0.0,0.818948883171,-0.573726558949,-0.0118873550807,0.0,-0.00861284070682,0.00842390161683,-0.999927425795,0.0,0.661683879686,0.26091015347,0.303220046336,1.0,-0.00012,-0.000157714285714,0.007
0.465090802932,0.547821836317,-0.12398560015,-1.35576786552,0.0794914739899,1.89409221446,0.159160531728,-0.00331161685934,0.00114275505351,0.000826849817179,-0.000132776698554,-0.000161898850579,9.6093151826e-05,0.000109045930071,0.573784989091,0.818991895942,0.00195130132849,0.0,0.818948882341,-0.573726527673,-0.0118889216121,0.0,-0.0086175830313,0.008419862908,-0.999927418952,0.0,0.661684617266,0.260908745197,0.303215746823,1.0,-0.00032,-0.000420571428571,0.017
0.465088218023,0.547815967635,-0.123989095759,-1.35577729516,0.0794931256484,1.89409271901,0.159157361378,-0.000836585023156,-0.000671083343471,-0.000199178718587,0.000602126905035,-0.000249726696608,9.74075791128e-05,-0.000426083062761,0.573787897626,0.818989863227,0.00194919723358,0.0,0.818946815762,-0.573729438213,-0.0118908192268,0.0,-0.00862031454623,0.00841925912977,-0.999927400491,0.0,0.661684095628,0.260904270905,0.303215578916,1.0,-0.00066,-0.000867428571429,0.034
0.465092826578,0.547770200865,-0.123991230925,-1.35581866069,0.079492522621,1.8940943003,0.15915454904,-0.00146607864387,-0.00734055391694,-0.0006786133596,-0.00329883759927,0.000645621348798,-7.13565733248e-05,-0.0013284613733,0.573785340844,0.818991638588,0.00195587736319,0.0,0.818948653841,-0.573726830486,-0.0118900485415,0.0,-0.00861587689982,0.00842426088183,-0.999927396611,0.0,0.661675461978,0.260901786594,0.303228519799,1.0,-0.001,-0.00131428571429,0.051
0.46508435372,0.547670638251,-0.123988550196,-1.35594379797,0.0794912001658,1.89412497528,0.15915561645,-0.00151174533811,-0.0100151486998,-0.000430167603651,-0.00949993074635,2.3651448579e-05,0.00339074714866,4.08757234908e-05,0.573797799768,0.818982887276,0.00196525609787,0.0,0.818939934686,-0.573739161187,-0.0118955957741,0.0,-0.00861491085155,0.00843525578734,-0.999927312244,0.0,0.661657194407,0.260886055177,0.303242064041,1.0,-0.00132,-0.00173485714286,0.067
0.465080778439,0.547533440895,-0.12398354148,-1.35614561756,0.079488445975,1.89415391043,0.159157130174,-0.000429265226388,-0.0070648121471,0.00100644895872,-0.0127401288995,0.000344961115798,0.000625088295682,0.00194859208382,0.573808711218,0.818975295471,0.00194299769056,0.0,0.818931880334,-0.573749995032,-0.0119275091313,0.0,-0.00865370701038,0.00843545380349,-0.999926975571,0.0,0.661620252124,0.260865944512,0.303245537465,1.0,-0.00166,-0.00218171428571,0.084
0.465053503783,0.547367660184,-0.123988552799,-1.35636528584,0.0794856875873,1.89427764158,0.159148007434,-0.00303621990807,-0.0114614031733,-2.26162437834e-05,-0.0150304294801,7.92491723254e-05,0.00952907012456,-0.00264731254612,0.573838905705,0.81895398806,0.00200565234035,0.0,0.818911378512,-0.573779916117,-0.0118957516132,0.0,-0.00859143560474,0.0084688596629,-0.999927230177,0.0,0.661607369091,0.260829070065,0.303269323256,1.0,-0.00202,-0.00265485714286,0.102
0.465037968761,0.547199982501,-0.123986055903,-1.35656549779,0.0794803406,1.89439660186,0.159132880623,-0.000866690295026,-0.0123783212467,0.000382108344658,-0.0137759473242,0.000227201484498,0.00665689995769,-0.000876208014515,0.573847530294,0.818947752632,0.00208262713894,0.0,0.818906134144,-0.573788216334,-0.0118563552531,0.0,-0.00851491251601,0.0085093801514,-0.999927540732,0.0,0.661593398848,0.260805901537,0.303303040118,1.0,-0.00232,-0.00304914285714,0.117
0.465006948193,0.546976356264,-0.123988790525,-1.35687606529,0.0794754454995,1.89452690448,0.159119618768,-0.0010780172281,-0.0132045985686,-0.000640440763676,-0.0199820344692,-7.71025457077e-07,0.00609388500228,-0.000125723520457,0.573880136668,0.818924792193,0.00212611642093,0.0,0.818883652217,-0.573820557298,-0.0118439459255,0.0,-0.00847945490199,0.00853821167323,-0.999927596272,0.0,0.661563055398,0.260757929365,0.303325010812,1.0,-0.00268,-0.00352228571429,0.135
0.464977873739,0.546729955531,-0.123990683654,-1.35725039689,0.0794678340672,1.89465821553,0.159088830165,-0.00043197112952,-0.0138749912475,-0.000616897406597,-0.0237852012911,0.000291584341779,0.00579871097997,-0.000985091970576,0.573898930779,0.81891159343,0.00213689000388,0.0,0.818870458584,-0.573839170112,-0.0118543580559,0.0,-0.00848160335531,0.00855320418643,-0.99992744992,0.0,0.661518313482,0.260704082934,0.303332803909,1.0,-0.00302,-0.00396914285714,0.152
0.464943146479,0.54646322869,-0.123986757423,-1.35764372585,0.0794558112554,1.8948115019,0.158949013479,-0.00236169253023,-0.014942291651,5.02695657654e-05,-0.02901434739,-0.00310686060172,0.0167218920367,-0.0149945030478,0.573828975671,0.818960532203,0.00216801172855,0.0,0.818919678825,-0.573768975081,-0.0118519942464,0.0,-0.00846254057836,0.00857661031281,-0.999927410947,0.0,0.661474494235,0.260648659674,0.303347643758,1.0,-0.00334,-0.00438971428571,0.168
0.464898659078,0.546178060351,-0.123989233673,-1.35812935355,0.0794380580186,1.89498005253,0.158929394716,-0.00625235776187,-0.0123490910998,-0.000315364077548,-0.030483263474,-0.000278270628195,0.0186668329365,-0.000526957657361,0.573873500661,0.818929391714,0.00214558301722,0.0,0.818888137928,-0.573813474277,-0.011876918794,0.0,-0.00849535699992,0.00857300650408,-0.999927163582,0.0,0.661417316742,0.260572459294,0.303333122017,1.0,-0.00368,-0.00483657142857,0.185
0.46485643866,0.545844352066,-0.12398915278,-1.35867695988,0.0793811484605,1.89516376866,0.158863231366,-0.000706119034354,-0.0171455149788,-0.000228616906268,-0.0341534259066,-0.00735491242849,0.00976148135051,-0.00259314567498,0.573869240993,0.818932477616,0.00210671534272,0.0,0.818890899958,-0.57380955452,-0.0118758582448,0.0,-0.0085168365994,0.00854052421159,-0.999927258825,0.0,0.661351184698,0.260487209132,0.30332460928,1.0,-0.00402,-0.00528342857143,0.202
0.464802089408,0.545503190533,-0.123989243433,-1.35925869175,0.0792967314206,1.89536816954,0.158774942397,-0.0026185530685,-0.024690273782,-0.000338999257726,-0.0405116933251,-0.00179923024912,0.0219725004393,-0.00289200394847,0.573851560077,0.818945015938,0.00204811349595,0.0,0.818903097828,-0.573792533472,-0.0118571413296,0.0,-0.00853531889478,0.00848160883381,-0.999927602701,0.0,0.661286217909,0.260386838093,0.303306859049,1.0,-0.00434,-0.005704,0.218
0.464738022175,0.545098131933,-0.123990032647,-1.35995941107,0.0792856134095,1.89558413839,0.158705499115,-0.00456025205571,-0.0266913231502,-0.000174433043356,-0.039261063545,-0.000298388526925,0.0143184697373,-0.00316237161892,0.573883657255,0.81892264949,0.00199724540022,0.0,0.818879724591,-0.573824494115,-0.01192449193,0.0,-0.0086193341426,0.00847893804878,-0.999926904673,0.0,0.661196409537,0.260279004277,0.303278844678,1.0,-0.00468,-0.00615085714286,0.235
0.464660970725,0.544637960872,-0.123991463398,-1.36071351866,0.0792607443842,1.8958534185,0.158603866861,-0.00334872383866,-0.0263085697426,0.000623051050349,-0.042097686415,-0.000103107770755,0.0210808127606,-0.00333080996608,0.573899965697,0.818911246145,0.0019867590651,0.0,0.818867981876,-0.573840645053,-0.0119536289266,0.0,-0.00864904457763,0.00848724402278,-0.999926577663,0.0,0.66111062622,0.260158006106,0.303269014303,1.0,-0.00504,-0.006624,0.253
0.464597688685,0.544229025095,-0.123995664442,-1.36140071859,0.0792296151016,1.89609856018,0.158534488346,-0.00462243058221,-0.0294985276977,-0.00125449141499,-0.045246734098,-0.00012786451425,0.0180905599478,-0.00412103081271,0.573927937722,0.818891701641,0.00196218935218,0.0,0.818848024026,-0.573868625926,-0.0119775050867,0.0,-0.00868240777774,0.00848112295513,-0.999926340461,0.0,0.661031374065,0.260049127624,0.303252711607,1.0,-0.00534,-0.00701828571429,0.268
0.464519954518,0.543683818202,-0.123996002032,-1.36227558165,0.0791878925452,1.89640488335,0.158403967581,-0.0100511093239,-0.032098972283,-0.00107399458071,-0.0512384849342,-0.000789868784981,0.0164133995225,-0.00300544101645,0.573922486206,0.818895555087,0.00194848334762,0.0,0.818851563328,-0.573863101248,-0.0120002150708,0.0,-0.00870892775878,0.00848287522538,-0.999926094972,0.0,0.660928094002,0.259914892966,0.303248633868,1.0,-0.0057,-0.00749142857143,0.286
0.464436458822,0.543146060611,-0.124001226777,-1.36313211419,0.0791309459192,1.89670842634,0.158317129305,-0.00246947204803,-0.0367710717371,-0.000525184074599,-0.0473503654253,-0.00719342683323,0.0131452298812,-0.00300819291867,0.573955831277,0.818872225758,0.0019309392301,0.0,0.818828055187,-0.57389656581,-0.0120039448234,0.0,-0.00872170554232,0.00847100443726,-0.999926084236,0.0,0.660831620128,0.259773454184,0.303247835904,1.0,-0.00604,-0.00793828571429,0.303
0.464362979814,0.542598385022,-0.124001992177,-1.36399539289,0.0790790117766,1.89701151691,0.15819481788,-0.00700259468028,-0.0373769474032,0.000289942742373,-0.0556355668623,-0.00433055820277,0.0189835404663,-0.00586751603232,0.573950433103,0.818876033908,0.0019205035547,0.0,0.818831696645,-0.573891183411,-0.0120128712056,0.0,-0.00873506044791,0.00846752484147,-0.999925997133,0.0,0.660729727695,0.25964133755,0.303250599726,1.0,-0.00636,-0.00835885714286,0.319
0.464285902773,0.542003239472,-0.124002738918,-1.36492847847,0.0790314378401,1.89736562925,0.158059665006,-0.00433453016036,-0.0331542729203,-0.000211952296937,-0.0546074789201,-0.000190820899554,0.0215182607647,-0.00819302934664,0.573942618349,0.818881469329,0.00193828103609,0.0,0.818837289133,-0.573883220657,-0.0120120719984,0.0,-0.00872428417368,0.00848154013963,-0.999925972431,0.0,0.660623722842,0.259503366812,0.303258078158,1.0,-0.0067,-0.00880571428571,0.336
0.464198163714,0.541354914466,-0.124004858954,-1.3659175608,0.0789663646294,1.89773105345,0.157929339534,-0.000631899676877,-0.0388315300042,0.00139412919637,-0.0596317310421,-0.00072002270788,0.0186884008647,-0.0120242806961,0.57394671819,0.818878553926,0.00195588851821,0.0,0.818834655014,-0.573887295004,-0.0119969697097,0.0,-0.00870176917234,0.00848733410063,-0.999926119457,0.0,0.660512356671,0.25934955655,0.303277414532,1.0,-0.00704,-0.00925257142857,0.353
0.464119390979,0.540709055816,-0.124013710929,-1.36692351348,0.0789089562456,1.89809945046,0.157826369436,-0.00381718822735,-0.0410134359445,-0.00340102465879,-0.0680321816649,-0.00216966593806,0.0243340401474,-0.0143308928184,0.573973516057,0.81885975591,0.0019621207437,0.0,0.81881593996,-0.573914064659,-0.0119937381517,0.0,-0.00869526821481,0.00849086727414,-0.999926146015,0.0,0.660396235655,0.259197176947,0.303287381154,1.0,-0.00736,-0.00967314285714,0.369
0.464025230801,0.539973002944,-0.124016903975,-1.36803273427,0.078841842052,1.89850822995,0.157683166354,-0.00393081993381,-0.043986900026,-0.000895593216533,-0.0628681033812,-0.00344375267049,0.0253468184724,-0.0104449401829,0.57397902083,0.818855825307,0.00199196116394,0.0,0.818812405683,-0.573919449473,-0.0119773418183,0.0,-0.00866465768652,0.00850594920756,-0.999926283551,0.0,0.660269735286,0.25902802545,0.303315139523,1.0,-0.0077,-0.01012,0.386
0.463919163911,0.539184331838,-0.124012673056,-1.36924735888,0.0787772744871,1.89897832512,0.157529343782,-0.00523240716249,-0.050420401493,0.000230386533161,-0.0657069672272,-0.00861826435739,0.0261525678462,-0.0103931001096,0.573987643862,0.818849675207,0.00203494662107,0.0,0.818806785413,-0.573927861113,-0.0119584823847,0.0,-0.00862445290245,0.00853041346637,-0.999926422722,0.0,0.660142845878,0.258853964377,0.303337924907,1.0,-0.00804,-0.0105668571429,0.403
0.46382822194,0.538510748458,-0.124022609181,-1.37030433332,0.0787144815758,1.89939007758,0.157391812629,-0.00530413119206,-0.0435806366134,-0.0009778228128,-0.0681466306329,-0.00135310901489,0.0343798745468,-0.0148650584247,0.573997528911,0.818842695099,0.00205533182594,0.0,0.818800077427,-0.57393766656,-0.0119471758644,0.0,-0.00860339097334,0.00854071971714,-0.999926516185,0.0,0.660018054512,0.258683433143,0.303343620585,1.0,-0.00836,-0.0109874285714,0.419
0.463709592276,0.537677453857,-0.124028360458,-1.37161176452,0.0786478297989,1.89989301329,0.157233692835,-0.00830982656626,-0.0525909943457,-0.00358916700078,-0.0775268944965,-0.0015073847144,0.0346310202569,-0.00421964384344,0.574023656336,0.818824307721,0.00208373552007,0.0,0.818781991836,-0.573963605297,-0.0119405418856,0.0,-0.00858138280989,0.00856044344644,-0.99992653664,0.0,0.659873195232,0.25848088102,0.303353620482,1.0,-0.00872,-0.0114605714286,0.437
0.463604231979,0.536792440946,-0.124027931052,-1.37299384499,0.0785514092602,1.90040131185,0.157064990275,-0.00545443521141,-0.048168233436,-0.000880620993179,-0.0761286607252,-0.0107286165778,0.0287400904556,-0.0118036399722,0.574021719516,0.818825660247,0.00208579629256,0.0,0.818783466263,-0.573961755091,-0.0119283682442,0.0,-0.00857025170626,0.0085551226815,-0.999926677643,0.0,0.659709956931,0.258278067768,0.303364654059,1.0,-0.00908,-0.0119337142857,0.455
0.463495306246,0.535982304827,-0.124030105109,-1.37426429992,0.0784838388214,1.90086857917,0.156907223785,-0.00862637817148,-0.0514086132327,-0.00115720604584,-0.0866786758872,-0.00377459550732,0.0301407010301,-0.00720958242504,0.574034997161,0.818816326566,0.00209577804969,0.0,0.81877417242,-0.573974899972,-0.0119338041336,0.0,-0.00856883464281,0.00856655509288,-0.999926591909,0.0,0.65956206238,0.258085547542,0.303372370586,1.0,-0.0094,-0.0123542857143,0.471
0.463382352663,0.535151480318,-0.124033545922,-1.37558231501,0.0784136593196,1.9013422445,0.156748961202,-0.0107279287096,-0.0513288515522,-0.000275670090975,-0.0812137601502,-0.00225165650431,0.0271817778712,-0.0050163959389,0.574053799821,0.818803163638,0.00208830755187,0.0,0.818760807767,-0.573993626794,-0.0119500195278,0.0,-0.00858620388038,0.00856994349388,-0.999926413878,0.0,0.65940612394,0.2578842907,0.303372498532,1.0,-0.00972,-0.0127748571429,0.487
0.463265553787,0.53424914043,-0.124039329966,-1.37705438357,0.0783270180127,1.90187834743,0.156570930444,-0.00840209259421,-0.0570220235896,0.000682057700912,-0.0835882981962,-0.0019806303019,0.0239502321403,-0.00772755951253,0.574071118625,0.818791119377,0.00204951029825,0.0,0.818748241608,-0.574011088579,-0.0119722158908,0.0,-0.00862646849955,0.00855110095688,-0.999926228636,0.0,0.659220736501,0.257646219411,0.30335164278,1.0,-0.01008,-0.013248,0.505
0.463138340088,0.533382771048,-0.124039659767,-1.37845577928,0.0782365772076,1.90240839892,0.15639480303,-0.0066380238883,-0.0534463980324,-0.000127087557928,-0.0891269457282,-0.00639883768122,0.0390507363488,-0.0156980948043,0.574077884333,0.818786377378,0.00204886346315,0.0,0.818743528257,-0.5740178929,-0.0119683110214,0.0,-0.00862357176705,0.00854840095414,-0.999926276708,0.0,0.659071098649,0.257445683344,0.303345039397,1.0,-0.01038,-0.0136422857143,0.52
0.462990383883,0.53232997599,-0.124039870392,-1.38017954336,0.0781666101205,1.90305133816,0.15617308915,-0.0086383459892,-0.0584892676326,0.00262755528411,-0.0958998035997,-0.000719088798926,0.0288740182487,-0.00651181085134,0.574093217276,0.818775644614,0.00204170667392,0.0,0.818732369706,-0.574032924828,-0.0120106165873,0.0,-0.00866216025821,0.00856698980253,-0.999925784079,0.0,0.658867494877,0.257189534165,0.303322680418,1.0,-0.01076,-0.0141417142857,0.539
0.462856082306,0.531340429784,-0.124037528143,-1.38178104043,0.0780463602673,1.90363328269,0.155969421027,-0.00683822681433,-0.0587359782685,0.00119851274167,-0.0987610322872,-0.00644270225454,0.0319517112584,-0.00976883726782,0.57408964844,0.818778243105,0.00200276637036,0.0,0.818734618616,-0.574029677876,-0.0120124975873,0.0,-0.00868609156958,0.00853614902452,-0.999925840237,0.0,0.658676751159,0.256945358109,0.303308212422,1.0,-0.0111,-0.0145885714286,0.556
0.462725433495,0.530372122503,-0.124040271528,-1.38332658433,0.0779571966953,1.90417053431,0.155774343906,-0.00470490761022,-0.0576687378454,0.000552391673556,-0.0991621085825,-0.00315431334457,0.0365892147277,-0.00919885877053,0.574098734701,0.818771949536,0.00197088018055,0.0,0.818727807973,-0.574038800522,-0.012040716257,0.0,-0.00872740705833,0.00852633853646,-0.999925564188,0.0,0.658487660115,0.256709009683,0.303301526676,1.0,-0.01142,-0.0150091428571,0.572
0.462593040304,0.529390703989,-0.12404637677,-1.38486179364,0.0778668586786,1.90474322032,0.155561375254,-0.0099523162701,-0.0695723387592,0.000242437996166,-0.103997102749,-0.00593912254767,0.0308445575886,-0.0118927130773,0.574103163007,0.818768802365,0.00198831568927,0.0,0.818724876006,-0.574043141268,-0.0120331323281,0.0,-0.00871114207733,0.00853630719696,-0.999925620965,0.0,0.658297480987,0.256452767627,0.303314592349,1.0,-0.01176,-0.015456,0.589
0.462437510029,0.528218857362,-0.124046157642,-1.38667765351,0.0777506279968,1.90544335189,0.155319057214,-0.00958336077632,-0.0650068087788,-0.000637851611576,-0.0987339928022,-0.00930974752854,0.0390765233767,-0.0114495695313,0.574092204763,0.818776385048,0.00202943833786,0.0,0.818733072675,-0.574032085467,-0.0120028106555,0.0,-0.00866282198369,0.00855245297997,-0.999925902786,0.0,0.658101142349,0.256199473506,0.303333473877,1.0,-0.0121,-0.0159028571429,0.606
0.462315005982,0.527225161844,-0.124047131475,-1.38822416116,0.0776480101414,1.9060327474,0.155101955157,-0.0031215327932,-0.068498369897,-0.000831005707546,-0.109437385255,-0.00172600202479,0.040979064165,-0.0143876057596,0.574071486907,0.818790848512,0.00205455971391,0.0,0.818747951558,-0.574011351389,-0.0119794489695,0.0,-0.00862948873294,0.00855939143416,-0.999926131643,0.0,0.657919848966,0.255971165478,0.303347948281,1.0,-0.0124,-0.0162971428571,0.621
0.462146770251,0.525972838954,-0.124049986964,-1.39014183922,0.0775383043716,1.90674552107,0.154851227481,-0.0101500038011,-0.0744897876813,-0.000543861586529,-0.105689704266,-0.00658802873419,0.0383037487925,-0.0115907057272,0.574079867951,0.818784862389,0.00209791239403,0.0,0.818742467967,-0.574019488372,-0.0119643226943,0.0,-0.00859212913684,0.00858629207625,-0.999926222731,0.0,0.657694979873,0.255678262698,0.303378252058,1.0,-0.01276,-0.0167702857143,0.639
0.461998297537,0.524817098653,-0.124058212184,-1.39198274524,0.0774137571151,1.90739535104,0.154588163921,-0.0102362483858,-0.062888298819,-0.00087234943818,-0.107833731987,-0.0105674155652,0.036604337485,-0.015423566927,0.57405712413,0.818800906492,0.00205928736285,0.0,0.818758085567,-0.573996984913,-0.0119752048804,0.0,-0.00862344990228,0.00856067467285,-0.999926172755,0.0,0.657469370902,0.255396488361,0.303371537059,1.0,-0.0131,-0.0172171428571,0.656
0.461843990838,0.523673176563,-0.124061337736,-1.39377788812,0.0773025144818,1.90805374098,0.154354611644,-0.0103447214749,-0.0711113166346,-5.47977462789e-05,-0.10987593665,-0.00699959727652,0.0440400386775,-0.0179025367744,0.574060797451,0.818798321721,0.00206302625359,0.0,0.818755549694,-0.574000642308,-0.011973277634,0.0,-0.00861968719323,0.00856266835885,-0.999926188128,0.0,0.65725494994,0.255121865525,0.303378582346,1.0,-0.01342,-0.0176377142857,0.672
0.461687911772,0.522450222668,-0.124057458183,-1.39572780993,0.0771830744774,1.90880412167,0.15408535509,-0.00894218026218,-0.0726510184281,0.00257155830398,-0.117808717223,-0.00433302458217,0.0397622114846,-0.0154204272587,0.574037842932,0.818814369122,0.00208103398422,0.0,0.818771828871,-0.573977612704,-0.0119640822456,0.0,-0.00860206115418,0.00857189300163,-0.999926260878,0.0,0.657023257287,0.254837750198,0.303374975976,1.0,-0.01376,-0.0180845714286,0.689
0.461518201199,0.521121142282,-0.124069187656,-1.39783468382,0.077050812743,1.90961433979,0.153796400343,-0.00830132173586,-0.0807038181913,0.000364679916231,-0.116305621579,-0.00382358955858,0.0438921356955,-0.019041233473,0.574025608312,0.818822894561,0.0021012484733,0.0,0.818780720609,-0.573965398714,-0.0119415048758,0.0,-0.0085720987095,0.00857535644182,-0.999926488491,0.0,0.656776337736,0.254520380738,0.303376553887,1.0,-0.01412,-0.0185577142857,0.707
0.461357437098,0.519898627217,-0.12407738087,-1.39976277804,0.0769339309687,1.91031124792,0.153541226818,-0.00881994335255,-0.0786761609778,-0.000313917459585,-0.11580856174,-0.00593348040692,0.0438268815795,-0.00924829811981,0.574025214389,0.818823194165,0.00209209101625,0.0,0.818780880748,-0.573965022467,-0.0119486069101,0.0,-0.00858317466147,0.00857193080432,-0.999926422851,0.0,0.656541535784,0.254225644599,0.30337806164,1.0,-0.01444,-0.0189782857143,0.723
0.4611810522,0.518540300078,-0.124078114325,-1.4018349993,0.0767971080077,1.91104337057,0.153267101407,-0.00966420154467,-0.0787889877015,3.58573366986e-05,-0.120122927475,-0.00134651670567,0.0395374570469,-0.0171161033885,0.574018498303,0.818827873285,0.0021034348907,0.0,0.818785729511,-0.573958282288,-0.0119401106837,0.0,-0.00856977655595,0.00857627199553,-0.999926500543,0.0,0.656285954524,0.253908931657,0.303408691836,1.0,-0.01478,-0.0194251428571,0.74
0.461000212346,0.517196926408,-0.124083459489,-1.40397607253,0.076650710893,1.91182466137,0.152964028832,-0.013995472837,-0.0811779797833,0.000166990856031,-0.122037702762,-0.00846015663251,0.0450655779384,-0.0181972491094,0.573995970557,0.818843728128,0.00207884378524,0.0,0.81880137603,-0.573935970592,-0.0119396470845,0.0,-0.00858374716934,0.00855563419074,-0.999926557507,0.0,0.656025427962,0.253580069428,0.303400112926,1.0,-0.01512,-0.019872,0.757
0.460830424548,0.515919851351,-0.124095387905,-1.40599226228,0.0765319374887,1.91258204958,0.152682169948,-0.00754697308836,-0.0813817975188,-0.00193848505137,-0.131831772142,-0.00620738447611,0.0507516094908,-0.0197878296015,0.573987285963,0.818849780542,0.0020926924379,0.0,0.818807609249,-0.573927230446,-0.0119323128478,0.0,-0.00856988357849,0.0085626732167,-0.999926616169,0.0,0.655784423448,0.25327140748,0.30340224097,1.0,-0.01544,-0.0202925714286,0.773
0.460634466202,0.514450754506,-0.124093905999,-1.40835335026,0.0763943373387,1.9134479315,0.152380237105,-0.00423256053305,-0.0854825830929,-0.000120091437876,-0.13425301997,-0.00483015273575,0.0439177365651,-0.0210904334482,0.573986764539,0.81885019638,0.00207290222018,0.0,0.818807644788,-0.573926668728,-0.011956866651,0.0,-0.00860135434216,0.00856055620504,-0.999926364079,0.0,0.655492069651,0.252919390695,0.303383446238,1.0,-0.0158,-0.0207657142857,0.791
0.460455485461,0.513143994416,-0.124099746195,-1.41049728448,0.0762528281174,1.91419421356,0.152073697552,-0.0101770466049,-0.0817339765771,-0.00214166886954,-0.13656798373,-0.0112738179531,0.0497082935711,-0.0151312847194,0.573960537685,0.81886878941,0.00198841934036,0.0,0.818825139727,-0.573900803226,-0.01200022953,0.0,-0.00868562519646,0.00851598989677,-0.999926016179,0.0,0.655219838983,0.252589264882,0.303343655831,1.0,-0.01612,-0.0211862857143,0.807
0.460262784192,0.511800333278,-0.124097554046,-1.412654397,0.0761372215304,1.91496921247,0.151769535876,-0.00961766130732,-0.085839246263,0.000536861654298,-0.136195422779,-0.00430040693348,0.0503401957285,-0.0198313656987,0.573949512765,0.818876573538,0.001964944973,0.0,0.818832378913,-0.573889646688,-0.0120397495607,0.0,-0.0087315754001,0.00851933298443,-0.99992558751,0.0,0.654950636946,0.252259880118,0.303325301388,1.0,-0.01644,-0.0216068571429,0.823
0.460049753938,0.510238780561,-0.12410351508,-1.41511695452,0.0759798171825,1.91590617665,0.151430880111,-0.0108992877905,-0.084040905001,-0.000796658498371,-0.141044724243,-0.0125752253727,0.0526534538422,-0.00812352520359,0.573937052629,0.818885250058,0.00198840608853,0.0,0.818841444451,-0.573877168494,-0.0120179545596,0.0,-0.00870039237836,0.00852590288232,-0.999925803324,0.0,0.654655043509,0.251883335374,0.303327907505,1.0,-0.0168,-0.02208,0.841
0.459862940686,0.508817089304,-0.124112051439,-1.41735050607,0.0758359836914,1.91671727891,0.151101681424,-0.0169724220896,-0.0914312598634,-0.000484554419455,-0.137008416395,-0.00916045521411,0.043430294549,-0.0244889418542,0.573903730169,0.81890861902,0.00198219426157,0.0,0.818864770441,-0.573843914022,-0.0120165291352,0.0,-0.00870313672842,0.00851964397287,-0.999925832788,0.0,0.654377573351,0.251541567505,0.303330265912,1.0,-0.01712,-0.0225005714286,0.857
0.459662127476,0.507401001686,-0.124115859227,-1.4196014995,0.0756938472123,1.91752435799,0.15079881636,-0.0151508714256,-0.096471744156,-0.000376023548487,-0.140269737267,-0.0101245046293,0.0508741560195,-0.019370443204,0.573901043151,0.818910566691,0.00195533467141,0.0,0.81886633998,-0.573841315545,-0.0120336495874,0.0,-0.00873259911236,0.00850744559159,-0.999925679779,0.0,0.654096460953,0.2511913417,0.303319477443,1.0,-0.01744,-0.0229211428571,0.873
0.459431859301,0.505739616895,-0.124124108231,-1.42217902772,0.0755323440709,1.91850439473,0.150439209283,-0.01316534708,-0.0955052367026,-0.00256039555504,-0.142615880177,-0.0119243606128,0.0534807031724,-0.0229043507139,0.573890749341,0.818917661509,0.00200459222571,0.0,0.818874142485,-0.573830876153,-0.0120004684905,0.0,-0.00867726574428,0.00852863079688,-0.999925981019,0.0,0.65378662303,0.250792355811,0.303339345374,1.0,-0.0178,-0.0233942857143,0.891
0.459207803091,0.504090880772,-0.124119815786,-1.42466262659,0.0753792110217,1.91945905231,0.150107650291,-0.0107463221971,-0.0940703918275,0.000640297158457,-0.143007768462,-0.00653836480204,0.0520313414656,-0.0215263608498,0.573886312842,0.818920514768,0.00210649606263,0.0,0.818878331381,-0.573826021201,-0.0119466601745,0.0,-0.00857476793639,0.00858115395292,-0.999926415869,0.0,0.653487973869,0.250415447368,0.303391781405,1.0,-0.01814,-0.0238411428571,0.908
0.459003244752,0.502612964251,-0.124125559045,-1.42684639711,0.0752356158415,1.9202862163,0.149797924197,-0.0116791442427,-0.0994014900334,-0.000541324722815,-0.144403954422,-0.0107292393443,0.053807184961,-0.0260517470523,0.573877444897,0.818926472337,0.00220409744952,0.0,0.818885676079,-0.573816875518,-0.0118823307396,0.0,-0.00846616988388,0.00862407147443,-0.999926972013,0.0,0.653227300072,0.250071753286,0.303456243498,1.0,-0.01844,-0.0242354285714,0.923
0.458739814985,0.500686008585,-0.124131951493,-1.42972415426,0.0750597057692,1.92129449805,0.149388193354,-0.0102231215211,-0.105524847438,-0.00020495637203,-0.150809683155,-0.0077360119138,0.0526598600736,-0.0153721009021,0.573861341426,0.818937613971,0.00225657723707,0.0,0.81889740162,-0.573800464332,-0.0118667456603,0.0,-0.00842346148794,0.00865793851111,-0.999927040037,0.0,0.652863083931,0.249620083473,0.303518942872,1.0,-0.01882,-0.0247348571429,0.942
0.458488233744,0.49898860942,-0.124134881576,-1.43233132377,0.0748911801345,1.92225629256,0.149018852702,-0.0169734732299,-0.095092621151,-0.000606493079771,-0.154461018693,-0.0187671157042,0.0557426731088,-0.0260696707495,0.573854088295,0.818942586295,0.00229621447051,0.0,0.818902927936,-0.573793096176,-0.0118416342018,0.0,-0.008380227874,0.00867591399007,-0.999927247502,0.0,0.652543322439,0.249205359677,0.303545455902,1.0,-0.01916,-0.0251817142857,0.959
0.458263679657,0.497515125648,-0.124132371307,-1.4346676439,0.0747440399207,1.92311839802,0.148670593359,-0.011825226042,-0.0957884730476,0.000190548821978,-0.161136103621,-0.0150770375903,0.0579761988594,-0.0238833668766,0.573829789821,0.818959619122,0.00229378798505,0.0,0.81891989244,-0.573768772173,-0.0118470564848,0.0,-0.00838631841332,0.00867678959775,-0.999927188842,0.0,0.652252970857,0.248837426069,0.303535448483,1.0,-0.01946,-0.025576,0.974
0.457999262478,0.49583108855,-0.124129654696,-1.43737355152,0.074579183887,1.92405420117,0.14828056808,-0.0175670327789,-0.101980820416,0.00058364627929,-0.160072826161,-0.0127087545898,0.0540809070803,-0.0203673259204,0.573816964754,0.818968798301,0.00222379645747,0.0,0.81892796894,-0.573756028793,-0.0119057974454,0.0,-0.00847472316709,0.00865304426727,-0.999926649256,0.0,0.651903169787,0.248404929715,0.303502155196,1.0,-0.0198,-0.0260228571429,0.991
0.457725553491,0.494149435691,-0.124135865832,-1.44012078693,0.0744057339425,1.9250256601,0.147897365241,-0.0186745477111,-0.105058996019,6.56457318531e-05,-0.160945513491,-0.00547345275007,0.0610708781847,-0.0152972129307,0.573823063542,0.818964748812,0.00213982511652,0.0,0.818922748305,-0.573762390185,-0.0119582113884,0.0,-0.00856576733008,0.00861441481288,-0.999926207021,0.0,0.65155387989,0.247957380071,0.303450315621,1.0,-0.021276,-0.0279627428571,1.008
0.457448302858,0.492209421177,-0.124166204228,-1.44315916231,0.0742244698618,1.92615539976,0.14746022469,-0.0150454704895,-0.1105006424,-0.00349669991015,-0.179316903329,-0.00664520463228,0.0655617987965,-0.0244478413588,0.573817608404,0.818968511513,0.00216248404431,0.0,0.818926834282,-0.573756870886,-0.011943203293,0.0,-0.00854053177662,0.00862430260739,-0.999926337648,0.0,0.651177633568,0.247471758052,0.303453378747,1.0,-0.0244234285714,-0.0320993632653,1.025
0.457115212967,0.490075744859,-0.124175981978,-1.44663337568,0.0740172512109,1.9273853149,0.146959143063,-0.021922291368,-0.133377024229,0.000614346230736,-0.212102594454,-0.0143407832915,0.0781451815993,-0.0290690451898,0.573804513243,0.818977924521,0.00207041796237,0.0,0.818934841988,-0.573743955142,-0.012014383747,0.0,-0.00865179184876,0.00858961040131,-0.999925679784,0.0,0.650729183552,0.246915658455,0.303391037883,1.0,-0.0275708571429,-0.0362359836735,1.042
0.45672477345,0.48759203809,-0.124199444473,-1.45054137227,0.0737803201899,1.92882225402,0.146402137571,-0.0235301950932,-0.150073566065,-0.00329630753201,-0.234508440269,-0.0115905230986,0.089501431353,-0.029345329984,0.573815207065,0.818970412049,0.00207827574954,0.0,0.818927394171,-0.573754576799,-0.0120148066807,0.0,-0.00864751744635,0.00859640123465,-0.999925658401,0.0,0.650242022826,0.24627684089,0.303382589795,1.0,-0.0307182857143,-0.0403726040816,1.059
0.456311269724,0.485005084748,-0.124232693512,-1.45449883895,0.0735370056093,1.93033668381,0.145799677386,-0.0229582488805,-0.169933090345,-0.00371385545748,-0.260459915131,-0.0183850648611,0.0969032918927,-0.0394143770925,0.573814487106,0.818970616253,0.00219339986597,0.0,0.818929239669,-0.573753520341,-0.0119392299509,0.0,-0.008519571644,0.00864730888272,-0.99992631776,0.0,0.649766495106,0.245617188067,0.303427676436,1.0,-0.0336805714286,-0.0442658938775,1.075
0.455825340788,0.482018249732,-0.12427083617,-1.45914815085,0.0732505156749,1.93192679914,0.145099909013,-0.0280913256384,-0.18392752276,-0.00325855166966,-0.291163046071,-0.0173141722289,0.0968687717343,-0.0413790537009,0.573824282087,0.818963948747,0.00211916078415,0.0,0.818921451291,-0.573763466027,-0.0119953561862,0.0,-0.00860803296363,0.00861881881579,-0.999925806113,0.0,0.649128271055,0.244774772678,0.303419153667,1.0,-0.0370131428571,-0.048645844898,1.093
0.455290984413,0.478741042962,-0.12432291908,-1.46424027025,0.0729410036402,1.93376239594,0.144342476127,-0.0315386344425,-0.204614057636,-0.00113164850621,-0.303892884148,-0.0199440155655,0.105341306991,-0.040509057975,0.573836252859,0.818955496306,0.00214403283962,0.0,0.818913304686,-0.57377531307,-0.0119848413079,0.0,-0.00858502383599,0.00863327966267,-0.999925879177,0.0,0.648523077621,0.243967734937,0.303434400064,1.0,-0.0399754285714,-0.0525391346939,1.109
0.454732187992,0.475410175369,-0.124358742691,-1.46932027465,0.0726287545958,1.93564597823,0.143624077142,-0.0349866031008,-0.213435317592,-0.00305885006213,-0.327712167858,-0.0192039453693,0.118008076953,-0.0447540010528,0.573892829653,0.818915554462,0.00225424787004,0.0,0.818874837225,-0.573831470613,-0.0119243949703,0.0,-0.0084716772544,0.00868943892769,-0.999926359456,0.0,0.647893223035,0.243104648588,0.303486641844,1.0,-0.0429377142857,-0.0564324244898,1.125
0.454060327409,0.471422857459,-0.124384373247,-1.47547455717,0.0722539283553,1.93781614953,0.142705420129,-0.0383284732988,-0.224894341701,-0.00264923722495,-0.350158859374,-0.0115800577831,0.127538714046,-0.0583415646042,0.573902582349,0.818908694832,0.00226327271679,0.0,0.818867823406,-0.573840906763,-0.0119519210981,0.0,-0.0084889370775,0.00871272733263,-0.999926010428,0.0,0.647094952721,0.242066328851,0.303503237651,1.0,-0.0462702857143,-0.0608123755102,1.143
0.453346595277,0.467087950231,-0.124399496144,-1.48195344988,0.0718396641466,1.94026225175,0.141651464505,-0.0378149591723,-0.244323069599,-0.000914459501378,-0.367174960367,-0.0308592019102,0.140054813611,-0.0623264992518,0.57383028937,0.818958618563,0.00251534959335,0.0,0.818921151895,-0.573767768328,-0.0118085523577,0.0,-0.00822764761106,0.0088361481261,-0.999927111494,0.0,0.646283277753,0.2409862691,0.303624569891,1.0,-0.0496028571429,-0.0651923265306,1.161
0.452703397447,0.463320628915,-0.124409653789,-1.48777984408,0.0714565717315,1.94226391539,0.140769508213,-0.0425637810998,-0.253701444923,-0.000383227590813,-0.401470009822,-0.0224636547375,0.136175186616,-0.0631351449456,0.573810907638,0.818972355993,0.00246359435249,0.0,0.818934033548,-0.573748390516,-0.0118566427717,0.0,-0.00829693911208,0.00882116204519,-0.999926671262,0.0,0.645503861572,0.240000983198,0.303622735787,1.0,-0.05238,-0.0688422857143,1.176
0.451931177585,0.458824086968,-0.124423166952,-1.49471599559,0.0709921404842,1.94466573107,0.139738835382,-0.0432418639429,-0.265481070883,0.00019267738511,-0.414978053515,-0.0290693387103,0.143211900856,-0.0689761202705,0.573804206218,0.818977172906,0.00242282617436,0.0,0.818938199381,-0.573741720319,-0.0118916299035,0.0,-0.00834905772755,0.00880778173916,-0.999926355396,0.0,0.644574527229,0.238824343826,0.303625852854,1.0,-0.0555274285714,-0.0729789061224,1.193
0.451039786061,0.45387867701,-0.12443631991,-1.50244299837,0.0704588420352,1.947429779,0.138521519574,-0.0482760290396,-0.286698545222,-0.00154052219723,-0.431502594929,-0.0349609062614,0.156510524226,-0.0646248881198,0.573755772226,0.819011214874,0.00238550807418,0.0,0.818971847261,-0.573693535327,-0.0118990680023,0.0,-0.00837708086458,0.0087809919659,-0.999926356636,0.0,0.643553025582,0.23749870302,0.303587738417,1.0,-0.05886,-0.0773588571429,1.211
0.450252888737,0.449423155095,-0.124490822062,-1.50904880144,0.0700030280006,1.94993976766,0.137474862098,-0.0561845446057,-0.295815956905,-0.00891233756118,-0.45399268734,-0.0329195447886,0.162383044474,-0.0703803530525,0.573758528994,0.819008433967,0.00266127782912,0.0,0.818973212723,-0.573695866444,-0.0116908754448,0.0,-0.00804831645475,0.00888742586201,-0.999928116548,0.0,0.642722188019,0.236337696214,0.303719813413,1.0,-0.0616371428571,-0.0810088163265,1.226
0.449305391305,0.444232798681,-0.124526659296,-1.51704175744,0.0694765639014,1.95260668064,0.136298543616,-0.057385749621,-0.31434429364,-0.00154396405414,-0.48226907177,-0.0339890854372,0.159075268402,-0.071597939532,0.573811092037,0.818971978626,0.0025447557282,0.0,0.818934902828,-0.573748472801,-0.0117924463408,0.0,-0.00819779123273,0.00885079620284,-0.999927227165,0.0,0.641617784291,0.234933267083,0.303703686364,1.0,-0.0647845714286,-0.0851454367347,1.243
0.448239293685,0.438529767761,-0.12455100451,-1.52592026868,0.0688635943982,1.9555970803,0.134861943605,-0.0602006211101,-0.331583244822,0.00154142657827,-0.493606853313,-0.0311818421232,0.170801321852,-0.0825140805755,0.57374867816,0.819016218505,0.00237382336192,0.0,0.818976687144,-0.57368647607,-0.0119063004029,0.0,-0.00838978430239,0.00877549906629,-0.999926298352,0.0,0.640382818914,0.233372888996,0.303637894904,1.0,-0.0681171428571,-0.0895253877551,1.261
0.447292544018,0.433500876193,-0.12456694795,-1.53338842596,0.0683787126946,1.95837196378,0.133645948386,-0.059079072294,-0.338451807965,-0.00104209066326,-0.502284769127,-0.0330442477977,0.1980518442,-0.0877944801438,0.573733665424,0.819025863177,0.00265772599788,0.0,0.818990068934,-0.573670437865,-0.0117576617417,0.0,-0.00810532627266,0.00892258935358,-0.999927342903,0.0,0.639400580258,0.232057328751,0.303755942717,1.0,-0.0708942857143,-0.0931753469388,1.276
0.446060802793,0.427403797497,-0.124611533979,-1.54281824516,0.0676949989099,1.96161411698,0.132137400428,-0.0687254529155,-0.341909458018,-0.004856878258,-0.543795719905,-0.0390137320653,0.176593591304,-0.0894475499914,0.573754898256,0.819011350243,0.00254397361926,0.0,0.818974254775,-0.573692278854,-0.0117934770765,0.0,-0.00819969143096,0.00885018453257,-0.999927216998,0.0,0.638103801472,0.230330903337,0.303703432542,1.0,-0.0742268571429,-0.0975552979592,1.294
0.444848571226,0.421333418357,-0.124718994696,-1.55215283798,0.06701639732,1.96466829778,0.130591860445,-0.0722063680353,-0.363450732507,-0.00630592843089,-0.554573563511,-0.0431902681097,0.18299692362,-0.0887050054428,0.573766122018,0.819004132105,0.00232717002723,0.0,0.818964366552,-0.573704490788,-0.0118857254475,0.0,-0.00839951207579,0.00872566392068,-0.999926652803,0.0,0.636785854897,0.228582991403,0.303654416639,1.0,-0.0773742857143,-0.101691918367,1.311
0.443640978618,0.415371886397,-0.124764990304,-1.56097919206,0.0663968170453,1.96788049437,0.129177734607,-0.0783150291384,-0.378096843199,-0.00112218492847,-0.549383150878,-0.0387454987218,0.204753275909,-0.100071135313,0.573826735343,0.818960854561,0.00259680655428,0.0,0.818924948758,-0.573764460488,-0.0117055151132,0.0,-0.00809655923242,0.0088436974659,-0.999928114788,0.0,0.635597276895,0.226953882769,0.30377539413,1.0,-0.0803365714286,-0.105585208163,1.327
0.442286754062,0.408922683685,-0.12477543022,-1.57074921423,0.0657386184518,1.9712390502,0.12751465232,-0.0797680759083,-0.383874642525,-0.00163794988167,-0.583991133823,-0.0400533477843,0.185413339082,-0.0972756920909,0.573798713249,0.818980366634,0.00263488970006,0.0,0.818944542629,-0.573735853288,-0.0117368501058,0.0,-0.00810067507547,0.00889258923848,-0.999927647843,0.0,0.634215462913,0.225157526493,0.303780706144,1.0,-0.083484,-0.109721828571,1.344
0.440761414443,0.401926980896,-0.124861750402,-1.58152048748,0.0649678847273,1.97480090137,0.125729959651,-0.0823509108042,-0.391659209616,-0.00487537161187,-0.595215253609,-0.0422511821206,0.207247718355,-0.100153053671,0.573866700634,0.818933368913,0.00242777363367,0.0,0.818894710262,-0.573804452039,-0.0118596469745,0.0,-0.00831935350476,0.00879411678028,-0.999926723249,0.0,0.632665604153,0.223100460024,0.303688108518,1.0,-0.0868165714286,-0.114101779592,1.362
0.439518507969,0.396206388667,-0.124901745097,-1.58989604318,0.0643529405522,1.97782302224,0.124269755615,-0.090168788625,-0.404030596383,-0.00218486719098,-0.613289816221,-0.0456853158084,0.216279999141,-0.102291080364,0.573875979802,0.818925984449,0.0027090037669,0.0,0.818891430996,-0.573813189045,-0.0116616988253,0.0,-0.00799576004342,0.00891092037363,-0.999928329091,0.0,0.631511751048,0.221501609104,0.303816028442,1.0,-0.0894085714286,-0.117508408163,1.376
0.437748150689,0.388338908612,-0.124946303527,-1.60186861614,0.0634506995174,1.98172916187,0.122260845036,-0.0943233985693,-0.415269637408,-0.00248420840985,-0.633856268072,-0.0499724066207,0.208092784594,-0.108802757818,0.57391943243,0.818896178572,0.00250613281406,0.0,0.818858883666,-0.57385724755,-0.011778581309,0.0,-0.00820743076271,0.0088122954821,-0.999927488135,0.0,0.62974520272,0.219201243989,0.303742794478,1.0,-0.0929262857143,-0.122131689796,1.395
