position_joint1,position_joint2,position_joint3,position_joint4,position_joint5,position_joint6,position_joint7,velocity_joint1,velocity_joint2,velocity_joint3,velocity_joint4,velocity_joint5,velocity_joint6,velocity_joint7,ee_T_00,ee_T_10,ee_T_20,ee_T_30,ee_T_01,ee_T_11,ee_T_21,ee_T_31,ee_T_02,ee_T_12,ee_T_22,ee_T_32,ee_T_03,ee_T_13,ee_T_23,ee_T_33,v_x,v_y,time
0.46507595111,0.547825791776,-0.12397044009,-1.35584548248,0.0795525722255,1.89410431035,0.159153275281,0.000497991740752,0.000629823095931,0.000421699948914,-0.00428195616714,0.000141757685048,-4.27551520697e-05,0.00145611721477,0.573801134958,0.818980631401,0.00193127222234,0.0,0.81893664904,-0.573742065859,-0.0119813865825,0.0,-0.00870463902511,0.00845668563898,-0.999926354152,0.0,0.661666082461,0.260909135102,0.303176665798,1.0,0.0,0.0,0.0
0.465074049247,0.547826420269,-0.123972544937,-1.35584440733,0.0795518601487,1.89410427105,0.159154102247,-0.000844170903686,2.70516966668e-05,-7.36278188846e-05,0.000903972366695,-0.000101225819579,0.000130669387524,0.00281362460415,0.573804593833,0.818978209473,0.00193064914384,0.0,0.818934237722,-0.573745545157,-0.0119795909782,0.0,-0.00870349019312,0.00845518180888,-0.999926376869,0.0,0.661667324191,0.260906659952,0.303176797203,1.0,-0.0002,-0.000262857142857,0.011
0.465073330613,0.547826835949,-0.123972476874,-1.355845542,0.0795525722249,1.8941035376,0.159147071505,-0.000860564033714,0.00223998805567,0.000251565222465,-0.000746885055426,-0.000122607121701,-0.00376482200212,-0.00163857596519,0.57379962325,0.818981695313,0.00192924892299,0.0,0.818937695417,-0.573740571538,-0.0119814230413,0.0,-0.00870584538937,0.00845503347955,-0.999926357621,0.0,0.66166703829,0.260906148793,0.303175898081,1.0,-0.00052,-0.000683428571429,0.027
0.465072703225,0.547808167518,-0.123970684141,-1.35586926866,0.0795525722195,1.89410848886,0.1591477819,0.000291532460864,0.00231463611231,0.00161521208269,-0.00356389728791,2.12737750572e-05,3.66213387449e-05,-0.00195172780905,0.573800763235,0.818980893444,0.00193059195152,0.0,0.818936883742,-0.573741679133,-0.0119838630435,0.0,-0.00870706143219,0.00845754555137,-0.999926325788,0.0,0.661662832219,0.260904536297,0.303178201282,1.0,-0.00086,-0.00113028571429,0.044
0.465074739862,0.547715559749,-0.123972918458,-1.35596361923,0.0795528137744,1.8941292486,0.159146957088,0.000608783321167,-0.00614108010053,-0.000990487863146,-0.00494059081073,0.000146447178172,0.00193410008715,-0.000636185384019,0.573805177705,0.818977752563,0.00195083248654,0.0,0.818933947201,-0.573745949084,-0.011980105718,0.0,-0.00869232517411,0.00847201275147,-0.999926331528,0.0,0.661647763503,0.260896061239,0.303200776748,1.0,-0.00122,-0.00160342857143,0.062
0.465063117324,0.547602064895,-0.123970526418,-1.35612857663,0.0795490965044,1.89416091658,0.159150304998,-0.0014454511314,-0.00917809663964,0.000257462488214,-0.0124577092025,-0.000136453571065,0.00102020571106,9.00460695468e-05,0.573823805224,0.818964729067,0.00193907263065,0.0,0.818920661463,-0.573764518347,-0.0119989422944,0.0,-0.00871430722872,0.00847338850636,-0.99992612854,0.0,0.661621948018,0.260873209497,0.303205328671,1.0,-0.00152,-0.00199771428571,0.077
0.465046396433,0.547447550678,-0.12397303206,-1.35634545418,0.0795456076002,1.89425855697,0.159145362786,-0.00243605533692,-0.010640553914,9.90508087746e-05,-0.0142403171273,-0.00117671663226,0.00578240439043,0.00115891197535,0.573846525358,0.818948727928,0.00197313455062,0.0,0.818905056242,-0.57378704362,-0.0119868400875,0.0,-0.00868461560681,0.00849457994135,-0.999926207059,0.0,0.66160091333,0.260843054147,0.30322011428,1.0,-0.00188,-0.00247085714286,0.095
0.465023295438,0.547254861926,-0.123972894709,-1.35656878726,0.0795434748922,1.8943646918,0.159132174397,-0.00310594326821,-0.0156295020001,-0.000170375712445,-0.0159607059131,-0.000156959675222,0.00618596547724,-0.000106967130562,0.573866569624,0.818934508852,0.00204386428294,0.0,0.818891694611,-0.573806724534,-0.0119575196983,0.0,-0.00861980840968,0.00853588863902,-0.999926416047,0.0,0.661582080191,0.260810747124,0.303259513753,1.0,-0.00222,-0.00291771428571,0.112
0.464998827779,0.547061214793,-0.12397084363,-1.3568201309,0.0795413305342,1.89449408102,0.15912403586,-0.000230767440347,-0.0103876265617,-0.000149616625183,-0.0186161589743,-0.000115198147865,0.00287514224944,-9.23308528328e-05,0.573892210645,0.81891636845,0.00211162189434,0.0,0.818874365442,-0.573832010951,-0.0119307892091,0.0,-0.00855876711666,0.00857630515318,-0.999926594554,0.0,0.661561391314,0.260776906501,0.303288209755,1.0,-0.00254,-0.00333828571429,0.128
0.464962917004,0.546836600486,-0.123973166921,-1.357161357,0.0795339126141,1.89462554087,0.159095790879,-0.00595524970235,-0.0117143294843,0.000550128558278,-0.0174130720394,-0.000106309707867,0.0103138087414,-0.000968185126406,0.573917277556,0.818898752058,0.0021305637882,0.0,0.818856896852,-0.573856897831,-0.0119327360565,0.0,-0.00854922853831,0.00859319568912,-0.999926531141,0.0,0.661525575805,0.260721976308,0.303296363361,1.0,-0.00288,-0.00378514285714,0.145
0.464935951343,0.546556093555,-0.123973616738,-1.35755576554,0.0795273462101,1.89477516269,0.159000166286,0.000416607370053,-0.017693950556,0.00024271318293,-0.0219314257597,0.000305541936427,0.00727872757227,-0.0131705200244,0.57388167908,0.818923592578,0.00217136744565,0.0,0.818882119007,-0.573820986138,-0.0119288700469,0.0,-0.00852302099986,0.00862401998621,-0.999926489494,0.0,0.661479825455,0.260669844199,0.303320290854,1.0,-0.00322,-0.004232,0.162
0.464897708349,0.546285530049,-0.123974325691,-1.35798341135,0.0795154858923,1.894926173,0.158930783116,-0.00127305257564,-0.0164706032978,-0.000218598925562,-0.0223960210594,3.80964777759e-05,0.0131908242759,0.000552112281442,0.573877416575,0.818926572941,0.00217388540112,0.0,0.818884995781,-0.573816575895,-0.0119435260352,0.0,-0.00853362366624,0.00863444824326,-0.99992630907,0.0,0.661429722791,0.260605256213,0.303321459763,1.0,-0.00354,-0.00465257142857,0.178
0.464847311555,0.545976914892,-0.123973960034,-1.3585055475,0.0794996117923,1.89510382771,0.158896607789,-0.0025605896524,-0.0186293861725,0.000429483794009,-0.0306514004492,0.00011077586244,0.0101966578654,-0.0027044981012,0.573915381017,0.81890002695,0.00215132378508,0.0,0.818857986156,-0.573854457129,-0.0119752846788,0.0,-0.00857217924439,0.00863459497414,-0.999925978017,0.0,0.661367348374,0.260523690283,0.303306852849,1.0,-0.00388,-0.00509942857143,0.195
0.464787062664,0.545611870846,-0.123974070717,-1.35914541233,0.0794494672104,1.89531022595,0.158801428969,-0.00425206726188,-0.0205719828634,-0.00115813385736,-0.036602564231,-0.00609287005144,0.0103633568235,-0.00253687618893,0.573911118651,0.818903147491,0.00209995683714,0.0,0.818860473803,-0.573850446214,-0.0119973632106,0.0,-0.0086197832843,0.00860515746765,-0.999925822549,0.0,0.661296392587,0.260424671694,0.303284721503,1.0,-0.00422,-0.00554628571429,0.212
0.464729405969,0.545247121656,-0.12397490741,-1.35979577114,0.0793548636361,1.89550942955,0.158738536645,-0.00429794688873,-0.0180726468666,-0.000118994783852,-0.044330084018,-0.002836065486,0.0150091435817,0.00154373399538,0.573916452851,0.818899703431,0.00198185989959,0.0,0.818855936859,-0.573856721099,-0.012006882257,0.0,-0.00869529610711,0.00851396893982,-0.999925949338,0.0,0.661210077284,0.260305665715,0.303244413654,1.0,-0.00456,-0.00599314285714,0.229
0.464661678218,0.544838364794,-0.123976366688,-1.36045537873,0.0793426071009,1.8957384094,0.158633972549,-0.0024045045056,-0.0268064928972,0.00128182183678,-0.0400919703985,0.000554829866603,0.0190359029733,-0.00252869330311,0.573922117857,0.818895750945,0.00197449225052,0.0,0.818851578419,-0.573862113962,-0.0120463099018,0.0,-0.00873175380962,0.00853062402809,-0.999925489689,0.0,0.661125938509,0.260199032524,0.303237837318,1.0,-0.0049,-0.00644,0.246
0.464590471321,0.544377743608,-0.123982751957,-1.36124356979,0.079318422323,1.896026773,0.158559644216,-0.0037668682245,-0.0225767896734,-0.000543309346881,-0.0430574696743,-0.000402037240397,0.0196925061993,0.000687152817245,0.57396029971,0.818869038097,0.00195440635944,0.0,0.818824439981,-0.573900218865,-0.0120756854422,0.0,-0.00876693947571,0.0085314439851,-0.999925174818,0.0,0.661043227781,0.260078028393,0.303215778542,1.0,-0.00524,-0.00688685714286,0.263
0.464526052292,0.54389547774,-0.123988447279,-1.36201748964,0.0792873967436,1.89630083432,0.158454682816,-0.00324557541306,-0.0305075110438,-0.00240309781625,-0.0480807182949,-0.00920423123623,0.0133232161764,-0.00530823879374,0.573965911197,0.818865123607,0.00194654179329,0.0,0.818820280045,-0.573905725293,-0.0120960474102,0.0,-0.00878806907554,0.00853675112886,-0.999924944044,0.0,0.660952286527,0.259960187908,0.303212624434,1.0,-0.00556,-0.00730742857143,0.279
0.464445806827,0.54336441182,-0.123988552752,-1.36287143436,0.0792474074012,1.89658449137,0.15835045623,-0.00290134533346,-0.0346629801417,-0.00103123536186,-0.0516209109834,-0.00786025343403,0.0128580731502,-0.00728157248641,0.573983060322,0.818853165781,0.00191996200543,0.0,0.81880781111,-0.573922830979,-0.0121284560941,0.0,-0.00882968463793,0.0085337725345,-0.999924602855,0.0,0.660849335898,0.259825471899,0.303206488169,1.0,-0.0059,-0.00775428571429,0.296
0.464365192158,0.542807295183,-0.123986737761,-1.36375854652,0.0791945717103,1.89690827682,0.1582245542,-0.00426591369056,-0.0289937699871,-8.59416820386e-05,-0.0570892436255,-0.00714502300608,0.0199698626493,-0.0097495604349,0.57397997445,0.818855340095,0.00191515810778,0.0,0.818809889372,-0.573919734747,-0.0121346625975,0.0,-0.00883755638537,0.00853336801983,-0.999924536766,0.0,0.660747681539,0.259688685497,0.303206326175,1.0,-0.00624,-0.00820114285714,0.313
0.464293838251,0.542286136377,-0.12398968514,-1.36456236755,0.0791469798855,1.8971987834,0.15812271029,-0.00982339470781,-0.0342119877259,-0.000298221602821,-0.0501556843097,-0.000241180256595,0.0179449731661,-0.00698582706921,0.573989009179,0.818848991645,0.00192175063148,0.0,0.818803618007,-0.573928730199,-0.0121323819538,0.0,-0.00883181086914,0.00853755464098,-0.999924551793,0.0,0.660655909418,0.259563274271,0.303217580451,1.0,-0.00654,-0.00859542857143,0.328
0.464203157556,0.541586203605,-0.123990173764,-1.36564351514,0.0790870737623,1.89759388218,0.157975461044,-0.00459557138262,-0.0351949841309,0.00030029674158,-0.055877568537,-0.0016753262773,0.0208607104612,-0.00331041573765,0.573986220237,0.818850885002,0.0019478222388,0.0,0.818805803239,-0.573925778537,-0.0121245294397,0.0,-0.00881044589547,0.00855436567611,-0.999924596593,0.0,0.66053817722,0.259411735657,0.303240815877,1.0,-0.0069,-0.00906857142857,0.346
0.464113777506,0.540908054382,-0.123988169816,-1.36667351872,0.0790334788729,1.89798238511,0.157845919129,-0.00708172556235,-0.0403610037615,0.0018042284728,-0.0625586928016,3.22192028767e-05,0.0263502551492,-0.00495581565472,0.573995607582,0.818844245137,0.00197270985148,0.0,0.818799391122,-0.573934959822,-0.0121229490814,0.0,-0.00879476926657,0.00857393822376,-0.999924566963,0.0,0.660414034543,0.259247520337,0.30325493724,1.0,-0.00726,-0.00954171428571,0.364
0.46403060173,0.540234088092,-0.123998785932,-1.36771071705,0.0789668795096,1.89835740588,0.157711469198,-0.00487118540639,-0.0467418255087,-0.00048603880539,-0.0680431097696,-0.000653879830238,0.016767135528,-0.0143814479001,0.574000664404,0.818840687091,0.00197821332328,0.0,0.818795974986,-0.573940060037,-0.0121122142388,0.0,-0.00878276705142,0.00857233717128,-0.999924686183,0.0,0.660294681103,0.259086841994,0.303270447588,1.0,-0.00758,-0.00996228571429,0.38
0.463920834725,0.539392912764,-0.123996737619,-1.3689879302,0.0788874277505,1.898851833,0.157554392727,-0.00356004772135,-0.0434805959521,0.000274021113744,-0.0652835430623,-0.00508999659862,0.0236993681602,-0.0113260851726,0.574010033258,0.818834001907,0.00202631211058,0.0,0.818789956113,-0.573949254913,-0.0120833544752,0.0,-0.00873142928235,0.00859525619356,-0.99992493904,0.0,0.660152559602,0.258895687861,0.303299692529,1.0,-0.00796,-0.0104617142857,0.399
0.463817459364,0.538682005249,-0.124002718138,-1.37009637751,0.0788304294486,1.89928178066,0.157419290862,-0.00530958422896,-0.0473565378232,0.00139623266699,-0.0656261496679,-0.00580172897732,0.0283231106215,-0.0131812760242,0.574034411542,0.818816836384,0.00205662829253,0.0,0.81877314711,-0.573973460208,-0.0120725908685,0.0,-0.00870495820186,0.00861416046376,-0.999925007159,0.0,0.660031858303,0.258721682441,0.303311797,1.0,-0.00828,-0.0108822857143,0.415
0.463720746444,0.537993184585,-0.124005677673,-1.37117139667,0.0787703562914,1.89969560305,0.157289109469,-0.00871318019726,-0.0471973343996,0.000715147003657,-0.069499026932,-0.00750799655277,0.0281209899183,-0.0131305534644,0.574052460595,0.818804121279,0.00208095232553,0.0,0.818760735523,-0.573991388536,-0.0120619548103,0.0,-0.00868209675182,0.00862816301396,-0.999925085193,0.0,0.659912640229,0.258555926254,0.303322594983,1.0,-0.00858,-0.0112765714286,0.43
0.463609959374,0.537174402161,-0.124011586835,-1.37244116315,0.0786898661091,1.90016405097,0.15712623029,-0.00363993960512,-0.0476691970267,-1.87139214582e-05,-0.0775511512904,-0.0100600039055,0.0329425693372,-0.0143736857087,0.574062366442,0.818797148047,0.0020920531539,0.0,0.818753958091,-0.574001296323,-0.012050511674,0.0,-0.00866625022104,0.00863078821813,-0.999925200003,0.0,0.659767827365,0.258358183001,0.30333715999,1.0,-0.00892,-0.0117234285714,0.447
0.463511473252,0.536377237329,-0.124009204156,-1.37368028185,0.0786195052662,1.90063599124,0.156984682309,-0.00475601785762,-0.0484560819578,0.00125962818064,-0.0755074664913,-0.00070278293244,0.0273681353385,-0.00697807548303,0.57407487157,0.818788309819,0.00211953700974,0.0,0.818745435824,-0.57401364037,-0.0120415483583,0.0,-0.00864300227757,0.0086482780862,-0.999925250105,0.0,0.659624339281,0.258178605288,0.303350954158,1.0,-0.00924,-0.012144,0.463
0.463384819156,0.535453424486,-0.124017999632,-1.37515825312,0.078537206522,1.90117115752,0.15680056329,-0.0100182962751,-0.0502541041921,-0.000296243793304,-0.083652036971,-0.00537470697521,0.0306648942089,-0.00439935307246,0.574093133817,0.818775544419,0.0021043921773,0.0,0.818732415285,-0.574031907255,-0.0120560572237,0.0,-0.00866338335874,0.00864440019457,-0.999925107263,0.0,0.659451526454,0.257949644079,0.30334614435,1.0,-0.0096,-0.0126171428571,0.481
0.463264220497,0.534559408758,-0.124020847738,-1.37660939125,0.0784558094322,1.90168958933,0.156628373987,-0.00729658661648,-0.0489566821602,-0.000297267655001,-0.0906144073281,-0.00797953876599,0.0332593332879,-0.0156961847105,0.574110617702,0.818763364206,0.00207339739352,0.0,0.818719735845,-0.574049427768,-0.012082860497,0.0,-0.00870293848099,0.00863459611259,-0.999924848482,0.0,0.659277472221,0.257729955307,0.303331255658,1.0,-0.00994,-0.013064,0.498
0.463135365986,0.533636708709,-0.124020829149,-1.37808953808,0.0783734939368,1.90223187488,0.156450299189,-0.00876401870903,-0.05157253219,0.000169899616355,-0.0812237570918,-0.00293438038971,0.035509784586,-0.00437482557088,0.574129294157,0.818750293454,0.00206336151792,0.0,0.818706438905,-0.574068050987,-0.0120990343463,0.0,-0.00872174591713,0.00863586367688,-0.999924673666,0.0,0.659103340227,0.257504910269,0.303324585237,1.0,-0.01028,-0.0135108571429,0.515
0.463010968797,0.532757168452,-0.1240186976,-1.37952249782,0.0782956013029,1.90278400557,0.15627018063,-0.00646513661973,-0.0502346193343,9.14980563188e-05,-0.0885673252578,-0.00225629091246,0.0401773837329,-0.0110132291359,0.574139838814,0.818742894728,0.00206511999167,0.0,0.818698981121,-0.574078505433,-0.0121076344733,0.0,-0.00872766673329,0.00864235333009,-0.999924565936,0.0,0.658938778437,0.257290458099,0.303310556175,1.0,-0.0106,-0.0139314285714,0.531
0.462868673175,0.531764224343,-0.124019761122,-1.38109296481,0.078206954839,1.90334316433,0.15606487925,-0.0102391382959,-0.0647072470629,0.000440656627676,-0.0913550015935,-0.00549842014296,0.0281417306834,-0.0119489441553,0.574150772753,0.818735258,0.00205288953918,0.0,0.818691076273,-0.574089384224,-0.0121263124365,0.0,-0.00874986591192,0.00864318041038,-0.999924364779,0.0,0.658752090942,0.257046306787,0.303311523009,1.0,-0.01094,-0.0143782857143,0.548
0.462734684709,0.530755617035,-0.12402714514,-1.38273026897,0.0781085205302,1.9039176828,0.155852458572,-0.00940975493889,-0.0635723544618,-0.00124835094609,-0.0961971574912,-0.0039620045443,0.03795812112,-0.0133656679704,0.574154330654,0.818732881348,0.00200511661193,0.0,0.818688025962,-0.574093103923,-0.0121561127322,0.0,-0.00880165504292,0.00862121571509,-0.999924099874,0.0,0.658552676812,0.256795718924,0.303293035417,1.0,-0.01128,-0.0148251428571,0.565
0.462600488149,0.529794101158,-0.124026861991,-1.38427067911,0.0780086203771,1.90448965726,0.155645082475,-0.00900466485049,-0.0562913431158,0.00113799212355,-0.0923160246542,-0.00542323081998,0.037322281399,-0.018070456305,0.574151112589,0.818735163977,0.00199451289228,0.0,0.818690206128,-0.57408996879,-0.0121573445126,0.0,-0.00880878520538,0.00861320687988,-0.999924106105,0.0,0.658372097387,0.256559945278,0.303286783501,1.0,-0.0116,-0.0152457142857,0.581
0.462464884976,0.528717079744,-0.124030793972,-1.38596335042,0.0779045562924,1.90512310227,0.155420764406,-0.00913861268183,-0.0633142699627,0.000473204121346,-0.105572784355,-0.00240366341429,0.0393020985504,-0.0164164620313,0.574145132569,0.818739327107,0.00200696198521,0.0,0.818694552957,-0.574083954785,-0.012148609729,0.0,-0.00879454920359,0.00861831991806,-0.999924187359,0.0,0.658172333456,0.256307756978,0.303294647975,1.0,-0.01194,-0.0156925714286,0.598
0.462308442354,0.527529676672,-0.124032930077,-1.38777861579,0.0777876763241,1.90582673579,0.155158334865,-0.00882441917173,-0.0713163338302,-0.00122982386751,-0.0982313861462,-0.00220272319533,0.0370902545426,-0.0170803459402,0.574126806425,0.818752030512,0.00206629584278,0.0,0.818708136685,-0.574065473974,-0.012106420495,0.0,-0.00872613526527,0.00864248014983,-0.999924578206,0.0,0.657965905682,0.256032509941,0.303327590423,1.0,-0.0123,-0.0161657142857,0.616
0.462169071932,0.526446553399,-0.124033984152,-1.38946772283,0.0776863551481,1.90647149203,0.154929565458,-0.0134152745512,-0.0708637211852,-0.000128689328466,-0.104888504419,-0.0118167273019,0.0412144563913,-0.0102550724195,0.574118433332,0.818757819958,0.00209849155343,0.0,0.818714350484,-0.57405696636,-0.0120896065874,0.0,-0.0086939736245,0.00865909785719,-0.99992471459,0.0,0.657768528771,0.255781280978,0.303341783589,1.0,-0.01262,-0.0165862857143,0.632
0.462021456567,0.525261169721,-0.124037176565,-1.39130627002,0.0775717322697,1.9071274303,0.154699358823,-0.0103037406781,-0.0695159546069,0.000728290633402,-0.109058776813,-0.0030390402307,0.0384505606289,-0.00907745642305,0.574121055825,0.818755979557,0.00209907127597,0.0,0.818712501548,-0.574059569977,-0.0120911880183,0.0,-0.00869490793981,0.00866050826813,-0.999924694251,0.0,0.657543789177,0.255505663578,0.30335752661,1.0,-0.01296,-0.0170331428571,0.649
0.461864340899,0.524091212942,-0.124045250038,-1.3932082794,0.0774545329388,1.90780276163,0.154431506054,-0.012211973986,-0.0675102735758,-0.000188460498302,-0.110737039802,-0.0124651027243,0.0376676200979,-0.0151241622181,0.574093856798,0.818775156223,0.002057678424,0.0,0.81873104403,-0.574032461473,-0.01212260771,0.0,-0.00874468417319,0.00864436624988,-0.999924399858,0.0,0.657295673384,0.255203702397,0.303338291292,1.0,-0.01332,-0.0175062857143,0.667
0.461716756187,0.522945232541,-0.124040766062,-1.39500853326,0.0773464099748,1.90849863034,0.154180770129,-0.00807573105169,-0.071162812067,0.000961256203306,-0.112350081064,-0.0061253431277,0.0472299165405,-0.0178156361039,0.574086633601,0.818780156899,0.00208295218804,0.0,0.818736423309,-0.57402517708,-0.0121042193471,0.0,-0.00871519541211,0.00865442598623,-0.999924570295,0.0,0.65709859008,0.254950846159,0.30334268291,1.0,-0.01362,-0.0179005714286,0.682
0.461553667296,0.521714470464,-0.124051413783,-1.39696460253,0.0772259402463,1.90926223528,0.153920439087,-0.0112113987463,-0.071563972022,-0.000724768168392,-0.11839527949,-0.0119256049161,0.0413043215451,-0.0167678872258,0.574075649898,0.818787803615,0.0021042210673,0.0,0.8187443927,-0.5740141475,-0.012088208854,0.0,-0.00868999262442,0.00866253233443,-0.999924719447,0.0,0.656856791135,0.254641808855,0.303335655653,1.0,-0.01398,-0.0183737142857,0.7
0.46137241198,0.520361931533,-0.124055262829,-1.39911657802,0.0770934419984,1.91005313187,0.153634052725,-0.0142834388576,-0.0771949833228,-0.000887186390409,-0.121176277528,-0.00256893759159,0.0453314851778,-0.00735607050758,0.574082756456,0.818782833546,0.00209931697739,0.0,0.818739396188,-0.574021311741,-0.0120864261932,0.0,-0.00869127293471,0.0086575690642,-0.999924751305,0.0,0.656612916129,0.254327084955,0.303337493724,1.0,-0.01432,-0.0188205714286,0.717
0.461220441225,0.519125414727,-0.124057719745,-1.40105130698,0.0769705710382,1.91075542091,0.153368318761,-0.00713474119543,-0.0710315168972,-0.000819684832175,-0.123162926139,-0.00788871929377,0.0439079989281,-0.0130738100555,0.574061016307,0.818798075378,0.0020995751865,0.0,0.818754647651,-0.573999579493,-0.0120853876101,0.0,-0.00869050416028,0.00865695350912,-0.999924763316,0.0,0.656374349992,0.25404029794,0.303345728459,1.0,-0.01464,-0.0192411428571,0.733
0.461036440447,0.517759148913,-0.124057094821,-1.40317581964,0.0768388471486,1.91151496373,0.153077409489,-0.0120499101137,-0.0842468305721,0.000283185853614,-0.121186192801,-0.00650512163976,0.0437071610094,-0.00899555820776,0.574050007282,0.818805791347,0.00210049921662,0.0,0.818762321168,-0.573988513586,-0.0120910962259,0.0,-0.00869476459151,0.00866087023931,-0.999924692362,0.0,0.656112953658,0.253715977455,0.303359184635,1.0,-0.01498,-0.019688,0.75
0.46085722161,0.516421883453,-0.124057048908,-1.40530600699,0.0766943044297,1.91230229699,0.152786845005,-0.00992095531301,-0.0806691319125,0.000566403492422,-0.128230229808,-0.00535514027829,0.0505065848475,-0.0135067972454,0.574032412623,0.818818162064,0.00208653649283,0.0,0.81877460014,-0.573971071562,-0.0120876000941,0.0,-0.00870010241009,0.00864724381367,-0.999924763866,0.0,0.655853826564,0.253393270865,0.303351626319,1.0,-0.01532,-0.0201348571429,0.767
0.46068789188,0.515117386462,-0.124065255055,-1.40737039363,0.0765729871963,1.91308049947,0.15249969345,-0.0125722610122,-0.0753028051778,-0.00363981988613,-0.127226916281,-0.00149170622684,0.053459022654,-0.0202838451472,0.574018122601,0.81882814214,0.00210130116824,0.0,0.818784755918,-0.573956702735,-0.0120819602473,0.0,-0.0086871604275,0.00865594415641,-0.99992480111,0.0,0.655604971708,0.253082752631,0.303351510774,1.0,-0.01564,-0.0205554285714,0.783
0.460493878321,0.513694105033,-0.124063438253,-1.40964149122,0.076436184807,1.91386500748,0.152190880341,-0.0128852994787,-0.0860801144762,0.00046891069766,-0.138240818252,-0.00449465485028,0.0386713745855,-0.0152936193029,0.574005048695,0.818837436893,0.00205010157344,0.0,0.818793222024,-0.573943694281,-0.0121260985062,0.0,-0.00875282906869,0.00863921736802,-0.999924373094,0.0,0.655315382615,0.252737000177,0.303336090057,1.0,-0.01598,-0.0210022857143,0.8
0.460302094008,0.512286065399,-0.124068781692,-1.41191194146,0.0762940280316,1.91467683107,0.15187089171,-0.011537894121,-0.0851168410246,0.000131679436459,-0.137032728964,-0.0121001148681,0.0505209506458,-0.0153906277318,0.573984410937,0.818852018579,0.00200363971984,0.0,0.818807156396,-0.573923224763,-0.0121539958,0.0,-0.00880255810188,0.00861696456451,-0.999924128568,0.0,0.655031460248,0.25238944392,0.303312458274,1.0,-0.01632,-0.0214491428571,0.817
0.460094763062,0.510834166824,-0.124066554541,-1.41421096389,0.0761623072435,1.91554616772,0.151547318714,-0.0123372781237,-0.0792890263824,0.00320468020329,-0.133060777692,-0.00416792504183,0.0506523916805,-0.0191356092994,0.573972526324,0.818860293412,0.00202627737348,0.0,0.818815621506,-0.573911137634,-0.0121544633564,0.0,-0.0087900735139,0.00863564186858,-0.999924077266,0.0,0.654754136908,0.252038891009,0.303310223468,1.0,-0.01666,-0.021896,0.834
0.459889221165,0.509335319968,-0.124075410225,-1.4165732912,0.0760049304122,1.91642865582,0.151225282192,-0.0119828720921,-0.0904723389981,0.000306738161924,-0.13582497227,-0.0111223086368,0.0494253523588,-0.0119795151715,0.573963990236,0.818866262193,0.00203210622447,0.0,0.818821796232,-0.573902704451,-0.0121366692299,0.0,-0.00877224660271,0.00863011012457,-0.999924281578,0.0,0.654468063524,0.251673025073,0.303311672996,1.0,-0.017,-0.0223428571429,0.851
0.459689691689,0.507903123576,-0.124087205054,-1.41881883452,0.0758576264274,1.91722587788,0.150916477399,-0.0128891939333,-0.0941174693349,-0.00116383504951,-0.139419590073,-0.00790437016912,0.0492934580355,-0.0196362325937,0.573959443842,0.818869500398,0.00201122935655,0.0,0.818824813187,-0.573898301452,-0.0121413262143,0.0,-0.00878808981771,0.00861563922139,-0.999924267251,0.0,0.654188778016,0.251318328857,0.30331426998,1.0,-0.01732,-0.0227634285714,0.867
0.45946219436,0.506245719499,-0.124096934329,-1.42139298353,0.0757029874888,1.91817419008,0.1505517031,-0.011775958311,-0.0971862018447,-0.001613311063,-0.140992486141,-0.0076915805533,0.0566653355715,-0.0172378278562,0.573945480838,0.818879221661,0.00203770902546,0.0,0.818834849258,-0.573884192782,-0.0121313567482,0.0,-0.00876487572347,0.00863145072693,-0.999924334643,0.0,0.653872917415,0.250919598476,0.303330463235,1.0,-0.01768,-0.0232365714286,0.885
0.459239155336,0.504633379879,-0.124107477938,-1.42386427099,0.0755434690751,1.91913554334,0.150221642714,-0.0140232322854,-0.0978599498283,0.000573686570022,-0.145570779971,-0.00407698576163,0.0602335336716,-0.0256341143496,0.573949953231,0.818875888066,0.00211613602432,0.0,0.818832705052,-0.573888487887,-0.0120727589874,0.0,-0.00867183209365,0.00866208761325,-0.999924880962,0.0,0.653581376318,0.250535057313,0.303364608729,1.0,-0.01802,-0.0236834285714,0.902
0.459014481619,0.502962259953,-0.124118933735,-1.42633874654,0.075389395723,1.92006334335,0.149871183276,-0.0112848179408,-0.100707893967,-0.00174765272455,-0.146122366752,-0.0101213897665,0.0577726949243,-0.0182025376579,0.57394062939,0.818882149082,0.00221962851549,0.0,0.81884039192,-0.5738788045,-0.0120115447445,0.0,-0.00856240666816,0.00871160275951,-0.999925393802,0.0,0.65328316658,0.250148039507,0.303434708513,1.0,-0.01836,-0.0241302857143,0.919
0.458796775349,0.501356477182,-0.124120344854,-1.42873025799,0.0752344420526,1.9209234512,0.149547964271,-0.0174853032096,-0.104954622862,-0.000917290406011,-0.15329336774,-0.0163033550155,0.0596729689811,-0.016248948745,0.573935449521,0.818885611437,0.00228080371264,0.0,0.818844671804,-0.573873393538,-0.0119782531633,0.0,-0.00850009025207,0.00874253640217,-0.999925655498,0.0,0.652984649415,0.249775867797,0.303491870225,1.0,-0.01868,-0.0245508571429,0.935
0.458541666073,0.499551219235,-0.124126660602,-1.43148341834,0.0750620112575,1.92190304767,0.149150629223,-0.015455106194,-0.101510054881,-0.00054839255981,-0.155848570642,-0.00434429548267,0.0606100865122,-0.0254131727235,0.573917048476,0.818898433743,0.00230728911659,0.0,0.818857797215,-0.573854843543,-0.0119696860168,0.0,-0.00847807132568,0.00875911719363,-0.999925697326,0.0,0.652638343858,0.249341544409,0.30352601661,1.0,-0.01904,-0.025024,0.953
0.458302115879,0.497978575756,-0.124129061458,-1.43397727778,0.0749064440913,1.92283287415,0.148781449878,-0.0181396711647,-0.100870692178,-0.000383193335384,-0.160210326591,-0.0127655274186,0.0578086177302,-0.0275351497091,0.573899959079,0.818910385704,0.00231604306152,0.0,0.818869827378,-0.573837683685,-0.0119693564357,0.0,-0.0084729606404,0.00876591972175,-0.999925681033,0.0,0.65231189701,0.248921281513,0.303520247227,1.0,-0.01938,-0.0254708571429,0.97
0.458075174589,0.496496925782,-0.124124546678,-1.43633080926,0.0747622085988,1.92367332872,0.14844198641,-0.0172400517793,-0.106701274392,0.002088430597,-0.159004709522,-0.0142849343774,0.0673643732137,-0.0181029383474,0.573882208065,0.818922906723,0.00228714062807,0.0,0.818881866531,-0.573819944519,-0.0119961176927,0.0,-0.00851165253768,0.00875742510379,-0.999925426858,0.0,0.652032365944,0.248575613867,0.303501600213,1.0,-0.01966,-0.0258388571429,0.984
0.457784856573,0.494725698073,-0.124132381088,-1.43923804938,0.0745841225868,1.92467068155,0.148022906777,-0.014444014984,-0.0997458883795,-0.00105248275265,-0.162130946103,-0.0108053004687,0.0551706350066,-0.0192709615335,0.573880696936,0.818924286722,0.0021691479699,0.0,0.818881519785,-0.573818736979,-0.0120772740112,0.0,-0.00864584171601,0.00870735725647,-0.999924712841,0.0,0.651657019098,0.248099497592,0.303438565834,1.0,-0.0206405714286,-0.0271276081633,1.002
0.457485699424,0.4925802421,-0.12419338979,-1.44249301603,0.0744001066802,1.92586348774,0.147563854824,-0.0185637930269,-0.150032687191,-0.00656552884082,-0.218419012222,-0.00940542497341,0.0811321118271,-0.0312988049808,0.573907719413,0.818905166133,0.00223727065957,0.0,0.818863359339,-0.573845540267,-0.0120350134219,0.0,-0.00857185190998,0.00873917433027,-0.999925072286,0.0,0.6512590638,0.247562431989,0.303488051366,1.0,-0.0318702857143,-0.0418866612245,1.019
0.457135006747,0.489801891595,-0.124237249454,-1.44688760093,0.0741709545263,1.92755214913,0.146892736717,-0.0273678337834,-0.194269273311,-0.00104543647266,-0.314437744968,-0.0188497023418,0.116180616826,-0.0443275453758,0.573840004081,0.81895242088,0.00230845252074,0.0,0.818911352344,-0.573777342654,-0.0120210216099,0.0,-0.00852027103747,0.00878873027553,-0.999925078794,0.0,0.650667210231,0.246848713966,0.303475017038,1.0,-0.0431,-0.0566457142857,1.036
0.456548238868,0.485868055061,-0.124278317608,-1.45307816146,0.0738168619587,1.9298773141,0.145979430064,-0.0395622300103,-0.253701561291,-0.00493034428896,-0.383832307318,-0.0243254671493,0.154107688757,-0.0559158783802,0.57381087284,0.818972652355,0.00237145648861,0.0,0.818932268755,-0.573747814561,-0.0120054728951,0.0,-0.00847169910844,0.00883110314935,-0.999925118162,0.0,0.649937198821,0.245914418143,0.303466569128,1.0,-0.0536691428571,-0.0705365877551,1.052
0.455758448222,0.480679825129,-0.124424155266,-1.46131057825,0.0733218550512,1.93275671272,0.144737435909,-0.0429063497687,-0.313993782375,-0.0102356162417,-0.491700470156,-0.0264866338556,0.17542423851,-0.0757931190765,0.573816275636,0.818969307657,0.00221400812918,0.0,0.81892688836,-0.573753892283,-0.0120817842954,0.0,-0.00862448078599,0.00874600364314,-0.99992456003,0.0,0.648881142856,0.244524948011,0.303401861127,1.0,-0.0655594285714,-0.0861638204082,1.07
0.454951362601,0.475507901648,-0.124551857782,-1.46940980138,0.0728240122869,1.93560030452,0.143555098798,-0.057851093604,-0.359567580216,-0.00645527963416,-0.560175084075,-0.0378715246553,0.201500281786,-0.0759114661632,0.573859591302,0.818939190829,0.00212558128536,0.0,0.818895678361,-0.57379764451,-0.0121193241356,0.0,-0.00870550357418,0.00869558714091,-0.99992429762,0.0,0.647838817834,0.243148943911,0.303379138731,1.0,-0.075468,-0.0991865142857,1.085
0.453807387097,0.468367726196,-0.124675801751,-1.48037855075,0.0721907760492,1.93963266281,0.14188674365,-0.0601844662057,-0.423605476595,-0.00338855157047,-0.633136946961,-0.0373977616874,0.241941572351,-0.0938403335622,0.573875583698,0.818927494874,0.00230639873906,0.0,0.818886160894,-0.573812680168,-0.0120503309523,0.0,-0.00854507101625,0.00880423822678,-0.999924730743,0.0,0.64644804706,0.241303549996,0.303446046801,1.0,-0.0873582857143,-0.114813746939,1.103
0.452521283797,0.460722697985,-0.124730362607,-1.49216162814,0.0714439129921,1.94387690709,0.139999993731,-0.0789603482424,-0.466114781589,-0.00308042626902,-0.713714657774,-0.0383444020782,0.24593770268,-0.104438674728,0.573774902682,0.818997793566,0.00239208848236,0.0,0.818957412092,-0.573711485961,-0.0120264274385,0.0,-0.00847741211528,0.00885965140187,-0.999924817204,0.0,0.644911879413,0.239317415424,0.303477185079,1.0,-0.098588,-0.1295728,1.12
0.450922647586,0.451638443451,-0.124881171493,-1.50615132101,0.0705185401563,1.94868494411,0.137832309532,-0.0949264039978,-0.535921233988,-0.00711650548171,-0.781546832959,-0.0578334733384,0.295007981471,-0.128037206995,0.573810117944,0.818973445698,0.00227830820583,0.0,0.818931621327,-0.573747213632,-0.0120781348565,0.0,-0.00858466401752,0.0087965039794,-0.999924459678,0.0,0.643047664539,0.236846841208,0.303483775461,1.0,-0.110478285714,-0.145200032653,1.138
0.449466151199,0.44326916387,-0.1249868771,-1.51877085072,0.069661761159,1.95324349964,0.135895796669,-0.100245903484,-0.559800384733,-0.000153652186626,-0.884779684927,-0.0535054907212,0.299614207887,-0.135351572857,0.57382897017,0.818959583892,0.00250196850763,0.0,0.818921176927,-0.573765679928,-0.0119078721764,0.0,-0.00831668250258,0.00888216803205,-0.999925967201,0.0,0.641382948255,0.234645030584,0.303609949116,1.0,-0.120386857143,-0.158222726531,1.153
0.447604975311,0.433037272069,-0.125089775183,-1.53423302143,0.0686418969567,1.95861767951,0.13336778381,-0.110860976172,-0.632924251186,-0.00371859862954,-0.920008128144,-0.0689215498099,0.345087360452,-0.150416343796,0.573759802017,0.819007688673,0.00261579527983,0.0,0.818970545439,-0.573695847069,-0.0118771907551,0.0,-0.00822699805463,0.00895708635489,-0.999926040819,0.0,0.639271992465,0.231912066379,0.303707165654,1.0,-0.131616571429,-0.172981779592,1.17
0.445662959682,0.422739085036,-0.125189995712,-1.54978261253,0.0675439709062,1.9640787652,0.130792044777,-0.121405575506,-0.66432564421,-0.00637339395357,-1.01069574432,-0.064815090161,0.352755641674,-0.17620570952,0.573677495526,0.81906491141,0.00274753092201,0.0,0.819029865486,-0.573613486812,-0.0117641018041,0.0,-0.00805969738387,0.00899928360568,-0.999927024424,0.0,0.637136536361,0.229122063172,0.303789774226,1.0,-0.142185714286,-0.186872653061,1.186
0.443200683588,0.41031438918,-0.125336633554,-1.56837239212,0.0661967771082,1.97062978485,0.127702423592,-0.136532818193,-0.705637685928,-0.00492942646046,-1.06076117471,-0.0721739609696,0.369516169745,-0.174291256109,0.573670213512,0.81906911918,0.00300183888918,0.0,0.819038172831,-0.573606260679,-0.0115358595812,0.0,-0.00772694153335,0.0090765744201,-0.999928952562,0.0,0.634573189487,0.22569153941,0.303933006175,1.0,-0.154076,-0.202499885714,1.204
0.440602410771,0.39786028441,-0.125469775477,-1.587101126,0.0649616668956,1.97694453342,0.124546090575,-0.159365200665,-0.777484260188,-0.00834965507736,-1.11980441761,-0.0732010479264,0.395242735426,-0.191336891806,0.573723901207,0.819031316149,0.00305536452772,0.0,0.81900022517,-0.573658781322,-0.0116181187842,0.0,-0.00776301588961,0.00916811318431,-0.999927838039,0.0,0.631885556033,0.222185241783,0.303971602376,1.0,-0.165305714286,-0.217258938775,1.221
0.43793342561,0.385567769365,-0.125586500909,-1.60572256569,0.0635687563077,1.98317057737,0.121321880376,-0.169715741152,-0.794474033923,-0.00355536738527,-1.18324112825,-0.090845383428,0.382881225136,-0.208988554884,0.573684271203,0.819059611749,0.00290796778366,0.0,0.819026724478,-0.573619784406,-0.0116753771053,0.0,-0.00789491398732,0.00907985834982,-0.999927610633,0.0,0.629160279019,0.218642088686,0.303906917872,1.0,-0.175874857143,-0.231149812245,1.237
0.434831481242,0.371702983502,-0.125746314619,-1.62627420478,0.0620268874002,1.99003742292,0.117613272852,-0.192382056035,-0.838578316626,-0.0107149053316,-1.23157187967,-0.0865616852762,0.400677540854,-0.215257880803,0.573634764341,0.819093945739,0.0030020150198,0.0,0.819062542906,-0.573570277344,-0.0115945960845,0.0,-0.00777534656809,0.0091100768457,-0.99992827267,0.0,0.626126238001,0.214639418676,0.303988675352,1.0,-0.187104571429,-0.245908865306,1.254
0.431604832801,0.358105774909,-0.125911988862,-1.64641370006,0.0604657031413,1.99668106779,0.114021898887,-0.204190212402,-0.862475625821,-0.0108991852564,-1.27831354833,-0.104130419406,0.408934803277,-0.233521677303,0.573719616132,0.819034521447,0.0030002742692,0.0,0.819003540779,-0.573655645364,-0.0115389616036,0.0,-0.00772983244606,0.00907753864231,-0.999928921465,0.0,0.622907210662,0.210347213817,0.304020926319,1.0,-0.198334285714,-0.260667918367,1.271
0.427802435535,0.342993108137,-0.126128348181,-1.66864327785,0.0587968166343,2.00387291486,0.109800380694,-0.225571062279,-0.907806905505,-0.015635716521,-1.31850522854,-0.0930890680274,0.436077877434,-0.243941969323,0.573829524774,0.818957350487,0.00304655240373,0.0,0.818926619456,-0.573764979879,-0.0115622969852,0.0,-0.0077211716824,0.00912986602352,-0.999928511972,0.0,0.619709105554,0.206016620503,0.304059102464,1.0,-0.208903428571,-0.274558791837,1.287
0.423797772872,0.32734938859,-0.126264661927,-1.69158961508,0.0570184455584,2.01126326072,0.10536042777,-0.241063446422,-0.961316077272,-0.0118416851463,-1.35588308638,-0.110696444871,0.450608544019,-0.2709199062,0.573800432837,0.818977579006,0.00308792207753,0.0,0.8189470172,-0.573735323958,-0.0115891312124,0.0,-0.00771973727848,0.00917886980231,-0.999928074416,0.0,0.616102798746,0.201308084407,0.304059793927,1.0,-0.220133142857,-0.289317844898,1.304
0.419532643466,0.311127980852,-0.126395048915,-1.71519412135,0.0550485668565,2.01869593558,0.10064873351,-0.262430084663,-0.959902468441,-0.00679430841978,-1.37439227989,-0.110094329576,0.44317007063,-0.291985091543,0.573666927842,0.819071256566,0.00304622200463,0.0,0.819040362938,-0.573602218205,-0.0115812801191,0.0,-0.00773872295522,0.00913895211582,-0.99992829329,0.0,0.612292135916,0.196393478762,0.304061733252,1.0,-0.231362857143,-0.304076897959,1.321
0.414874431813,0.294239838279,-0.126538030259,-1.73956678224,0.0529686502486,2.02620713714,0.0956430758507,-0.278468903415,-0.984758853839,-0.0111911104627,-1.41916644089,-0.11299517922,0.421243391007,-0.286737134453,0.573560766649,0.819145828939,0.00298408997729,0.0,0.819114271098,-0.573496438296,-0.0115928015092,0.0,-0.00778497991347,0.00909366188906,-0.999928347134,0.0,0.608270783549,0.191192313444,0.30406547795,1.0,-0.242592571429,-0.31883595102,1.338
0.409806908198,0.276762666948,-0.126713572673,-1.7645574242,0.0509200548957,2.03381087908,0.0903385367345,-0.307054567438,-1.02471959344,-0.00755435021866,-1.4935065366,-0.124671447109,0.424423941198,-0.308611246028,0.573549325403,0.819153622278,0.00304324500723,0.0,0.819122099737,-0.57348394532,-0.0116574904165,0.0,-0.00780417360256,0.00917911173095,-0.999927416757,0.0,0.604071570894,0.185729176846,0.304084248686,1.0,-0.253822285714,-0.333595004082,1.355
0.403925936244,0.257703803893,-0.126969991451,-1.79154179333,0.0485233316982,2.04186308257,0.08440569974,-0.336092933624,-1.04897711577,-0.00960879103605,-1.51601153648,-0.130016358939,0.425315108916,-0.333707482375,0.573626811809,0.819099329662,0.00305218325477,0.0,0.819068227934,-0.573561751149,-0.0116147539569,0.0,-0.00776317107299,0.00916265702162,-0.999927886845,0.0,0.599468803569,0.17958009667,0.30411642371,1.0,-0.265712571429,-0.349222236735,1.373
0.399006429853,0.24233459303,-0.127161050909,-1.81305742742,0.0465524131912,2.04815087392,0.0795502086462,-0.363161421261,-1.10129280372,-0.017522621422,-1.56956998515,-0.14896244193,0.444749815331,-0.353054825966,0.5736786725,0.819063067041,0.0030364170639,0.0,0.819032025217,-0.573613968119,-0.0115889666567,0.0,-0.0077505125542,0.00913544171009,-0.999928234055,0.0,0.595432003744,0.174225783981,0.304138713185,1.0,-0.275621142857,-0.362244930612,1.388
0.39281193438,0.223320689759,-0.127341363096,-1.83948690296,0.0442056447656,2.05572421503,0.073298679289,-0.381417056536,-1.1116358216,-0.00656072401175,-1.56734939802,-0.159267806454,0.453672675145,-0.382255944178,0.573573389417,0.819136217861,0.00318911312472,0.0,0.819106561719,-0.573507499512,-0.0115903172384,0.0,-0.00766521591183,0.00926029931884,-0.99992774305,0.0,0.590682695997,0.168100718122,0.304203356199,1.0,-0.286850857143,-0.377003983673,1.405
