position_joint1,position_joint2,position_joint3,position_joint4,position_joint5,position_joint6,position_joint7,velocity_joint1,velocity_joint2,velocity_joint3,velocity_joint4,velocity_joint5,velocity_joint6,velocity_joint7,ee_T_00,ee_T_10,ee_T_20,ee_T_30,ee_T_01,ee_T_11,ee_T_21,ee_T_31,ee_T_02,ee_T_12,ee_T_22,ee_T_32,ee_T_03,ee_T_13,ee_T_23,ee_T_33,v_x,v_y,time
0.465075836265,0.547552762605,-0.123996937313,-1.3557475764,0.0794375377094,1.89410431035,0.159146210939,-0.000206998296097,0.000555889697177,0.000519248317792,-0.00145076851696,0.000176054184828,0.00030762036648,-0.000844941786102,0.57377762972,0.818996469112,0.00218222740303,0.0,0.818957043184,-0.573718844359,-0.0116959799712,0.0,-0.00832714163871,0.00849820578348,-0.9999292171,0.0,0.661708359171,0.26089035676,0.303417349901,1.0,0.0,0.0,0.0
0.465075476379,0.547555238945,-0.123994942126,-1.35574285163,0.0794416390591,1.89410268275,0.159146702693,-0.000137246580903,-4.25123202049e-05,0.000687058325692,0.000618389329875,0.000205284865003,-0.000244112819048,-0.000709898187453,0.573777754212,0.818996373515,0.00218537014809,0.0,0.818956944884,-0.573718912634,-0.0116995133941,0.0,-0.00832823120082,0.00850280828594,-0.9999291689,0.0,0.66170845764,0.260892355925,0.303417644729,1.0,-8e-05,-0.000105142857143,0.005
0.465080103155,0.547557382171,-0.123997729446,-1.35574940076,0.0794373947555,1.89410431035,0.159152915401,0.00142990508982,0.000538690553217,0.000164760586934,-0.00244653739366,0.00023900879623,0.000451215299555,-0.000873093834691,0.57378025038,0.818994648862,0.00217630648539,0.0,0.818955149795,-0.573721490734,-0.0116987433203,0.0,-0.00833277480837,0.00849496882966,-0.999929197678,0.0,0.661706895487,0.260892420452,0.303413234772,1.0,-0.00044,-0.000578285714286,0.023
0.465080751028,0.547538736241,-0.123994945402,-1.35575774031,0.0794392513765,1.89410602061,0.159144569518,0.00217250754555,-0.000180761085304,0.000582257093686,-0.000736364372082,-0.000142846968312,-0.000189090310192,-0.000764950375913,0.573771863084,0.819000490906,0.00218904801156,0.0,0.818961120061,-0.573713018677,-0.0116962784356,0.0,-0.00832353269158,0.00850390440707,-0.9999291987,0.0,0.661704905073,0.260894133941,0.303422534248,1.0,-0.00074,-0.000972571428571,0.038
0.465077570939,0.547455589199,-0.123995983413,-1.35582833316,0.0794373799894,1.89411351101,0.159149295303,0.000144696401654,-0.00833472682345,0.000739028568694,-0.00290083514056,9.5692261956e-05,0.00395243534636,-0.000867475831088,0.573782321824,0.818993110535,0.0022088368272,0.0,0.818953958329,-0.573723362998,-0.0116903289009,0.0,-0.0083071974762,0.00851680369744,-0.999929224758,0.0,0.661693585027,0.260884348018,0.303448515495,1.0,-0.0011,-0.00144571428571,0.056
0.465077541176,0.547330013248,-0.123990759501,-1.3559692023,0.0794378240963,1.89413894676,0.159146784473,-0.000237470863142,-0.00652432981643,0.000840508308853,-0.0127427477627,0.00024814298612,0.00509976685889,0.000693264301523,0.573784397433,0.818991611091,0.00222556199028,0.0,0.818952538007,-0.573725234281,-0.0116979888559,0.0,-0.00830385354026,0.00853491745091,-0.999929098087,0.0,0.661668461564,0.26087407778,0.303472454899,1.0,-0.0014,-0.00184,0.071
0.465062166866,0.547167742147,-0.123995999079,-1.35619491571,0.0794298307166,1.89419625811,0.159144548803,0.000889782607335,-0.00830030715524,-1.88547683894e-05,-0.0117157932702,0.000200566642741,0.00998537844473,-8.99287549238e-05,0.573809130869,0.818974288427,0.00222331484119,0.0,0.818935130386,-0.573749915782,-0.0117061207085,0.0,-0.00831154519763,0.00853799396181,-0.999929007918,0.0,0.661638087275,0.260838804877,0.303485096977,1.0,-0.00178,-0.00233942857143,0.09
0.465045874607,0.547018173926,-0.12399563213,-1.35636607924,0.0794263504206,1.89431073615,0.159134972386,0.000252279422235,-0.0149090624363,0.000832729802006,-0.00843784226819,0.000208324509,0.00705926216173,-0.000486477738867,0.573823298199,0.818964135957,0.00230507273167,0.0,0.818926043299,-0.57376378363,-0.0116620367792,0.0,-0.00822838104418,0.00857979768774,-0.999929337912,0.0,0.661629984471,0.260817108471,0.303519495866,1.0,-0.00206,-0.00270742857143,0.104
0.46502043794,0.546789227612,-0.123998141685,-1.35663197176,0.0794214543389,1.89444896243,0.159121286086,-0.00141595782807,-0.0139127704618,0.00137769065105,-0.0126530113699,0.00033897388724,0.00871343907736,-0.000539500385,0.573848403811,0.818946282187,0.00239650526551,0.0,0.818909343679,-0.573788524197,-0.0116173679081,0.0,-0.0081390697399,0.0086292947253,-0.999929642933,0.0,0.661610103442,0.260778876061,0.303567176004,1.0,-0.00246,-0.00323314285714,0.124
0.46499674457,0.5466082761,-0.123996345053,-1.35686575373,0.0794119048985,1.89454888274,0.159106132043,-0.00426251085317,-0.0172844983341,-0.00706278033461,-0.0177922477813,0.000398859622432,0.00780306069268,-0.00111091980488,0.573864715523,0.818934724805,0.00243960786347,0.0,0.81889831551,-0.573804650791,-0.0115982104966,0.0,-0.00809847490386,0.00865376114884,-0.999929761094,0.0,0.661587485204,0.260744108119,0.303592657164,1.0,-0.00272,-0.00357485714286,0.137
0.464955922871,0.546338570407,-0.123998171104,-1.35727698448,0.0793922634684,1.89468807824,0.159073962558,-0.00185037001414,-0.0172230775311,-0.000826918259977,-0.0222059697473,-0.00416686066084,0.00658292069347,-0.00530434202788,0.573890780632,0.818916457132,0.00244029623072,0.0,0.818880004499,-0.573830654445,-0.0116045315562,0.0,-0.00810298109302,0.0086582101594,-0.999929686075,0.0,0.661540181974,0.260677039869,0.303600026268,1.0,-0.00308,-0.004048,0.155
0.464923973661,0.546070212893,-0.123998141673,-1.35768219662,0.0793689107421,1.89483960299,0.158941326273,-0.00277692607624,-0.0198425584284,-0.000276682755364,-0.0263245314112,-0.000595509855163,0.0116608005543,-0.008597725284,0.573824768585,0.818962672034,0.00245431741789,0.0,0.818926383831,-0.573764582963,-0.0115986250874,0.0,-0.00809079635667,0.00866565048511,-0.999929720288,0.0,0.661494123846,0.260617851833,0.303610293808,1.0,-0.0034,-0.00446857142857,0.171
0.464873908439,0.545761352145,-0.124000280605,-1.35818424326,0.0793194064513,1.89501237841,0.158909929548,-1.63195890675e-06,-0.0219174163838,-0.000295626772695,-0.0335864553392,-0.00938780695052,0.00858606108942,-0.000922042965398,0.573856426823,0.818940575374,0.00242534579301,0.0,0.818904069615,-0.573796507319,-0.0115948203093,0.0,-0.0081039698969,0.00864005404026,-0.999929835107,0.0,0.661437796489,0.260531667801,0.303604996268,1.0,-0.00374,-0.00491542857143,0.188
0.464816360355,0.54541526353,-0.124001256564,-1.3587820474,0.0792710823723,1.89521165233,0.158852510412,7.24961573255e-05,-0.0226409639292,-0.000394601405869,-0.0324391129794,-0.000125148483291,0.0133699378902,-0.000863460780279,0.57387771954,0.818925807792,0.00237302531543,0.0,0.818888702864,-0.573818065602,-0.0116132171233,0.0,-0.00814883530793,0.00860797591185,-0.999929747149,0.0,0.661367312915,0.260432322244,0.30358271764,1.0,-0.0041,-0.00538857142857,0.206
0.464755667644,0.54504044368,-0.124002315548,-1.35944647571,0.0792500405217,1.89543355124,0.158740888252,-0.00360982425407,-0.024987592763,0.000196635720111,-0.0431355156621,0.000267144922522,0.0108061673958,-0.00536951272337,0.573868211465,0.818932607985,0.00232515601353,0.0,0.818894682224,-0.573808520414,-0.0116631139876,0.0,-0.00821726823112,0.00859731378393,-0.999929278849,0.0,0.661286035139,0.260329275546,0.30355105784,1.0,-0.00444,-0.00583542857143,0.223
0.464694636519,0.544645886249,-0.124001214857,-1.36008501844,0.0792268184274,1.89565093231,0.158677361514,-0.00263793131881,-0.0250153590081,0.000199857754427,-0.0403577490623,-0.000160924315534,0.0178797301528,-0.000675452159851,0.57389476218,0.818914041737,0.00231107962297,0.0,0.818875766302,-0.573834944943,-0.0116911174251,0.0,-0.0082480007744,0.00860212376909,-0.999928984453,0.0,0.661209962811,0.260229935141,0.303545191012,1.0,-0.00476,-0.006256,0.239
0.464629375268,0.544277514129,-0.124001680184,-1.36073563936,0.0791899307519,1.89585921578,0.158611836809,-0.00237298497457,-0.0232456983393,0.00129670292634,-0.0437831936704,-0.000293528916837,0.0089789731171,-0.00702132261715,0.57392122622,0.818895668636,0.00224875169088,0.0,0.818856517008,-0.573861568513,-0.0117325035061,0.0,-0.00831738426626,0.00857510287334,-0.999928641819,0.0,0.661130757919,0.260122284606,0.303514247956,1.0,-0.00506,-0.00665028571429,0.254
0.46455835101,0.543797461071,-0.12400511093,-1.36152331938,0.0791478511926,1.89614245677,0.158494697948,-0.00175791793645,-0.0297295018413,0.000185350301956,-0.0475224915717,-0.00238608637238,0.0211396568384,-0.01014858305,0.573916184754,0.81889919841,0.00225002698432,0.0,0.818860010106,-0.573856467966,-0.0117381823204,0.0,-0.00832135576682,0.00857935511157,-0.999928572301,0.0,0.661037524496,0.259993571853,0.303516955646,1.0,-0.00542,-0.00712342857143,0.272
0.464475907636,0.543222405072,-0.124015841801,-1.3624463559,0.0790945527573,1.89646205191,0.1583866697,-0.00426496455064,-0.0302475498406,-0.000571449711004,-0.0476759925508,-0.00420216262991,0.00896702129881,-0.00738895413396,0.573942207918,0.818881084734,0.00220407259439,0.0,0.818841296038,-0.573882659222,-0.0117631734115,0.0,-0.00836792226994,0.00855633211555,-0.999928380964,0.0,0.660933593293,0.259848899035,0.3034991819,1.0,-0.00578,-0.00759657142857,0.29
0.464404506823,0.542722238572,-0.124015106751,-1.3632676621,0.0790421973819,1.89675882007,0.158283421264,-0.00809668833327,-0.0327363887049,7.80655520913e-05,-0.0483220450646,-0.00185517288878,0.0232201240783,-0.0119097939329,0.573947352458,0.818877540377,0.00218114040702,0.0,0.818837456403,-0.573887894068,-0.0117750556368,0.0,-0.00839076007091,0.00854442597738,-0.999928291394,0.0,0.660838096843,0.259722881621,0.303487724284,1.0,-0.0061,-0.00801714285714,0.306
0.464332043597,0.542090868528,-0.124022229439,-1.36423595459,0.0789839462963,1.89711205597,0.158147548407,-0.0057489906604,-0.0381645228102,-0.00126822260216,-0.0618581662151,-0.00574953886535,0.0143521044684,-0.00903373699429,0.573938645117,0.818883609847,0.00219364214054,0.0,0.818843705301,-0.573879156974,-0.0117663240133,0.0,-0.00837652565441,0.00854956272625,-0.999928366832,0.0,0.660725722565,0.259578771478,0.303504182931,1.0,-0.00646,-0.00849028571429,0.324
0.46424575835,0.54147212819,-0.124016204069,-1.36517732911,0.0789301516799,1.89745695191,0.158015363066,-0.00571387851288,-0.0373344548638,-0.00157012331119,-0.0513844566538,-0.00631910658197,0.0228096289119,-0.00984443474235,0.573934691335,0.818886320552,0.00221607656169,0.0,0.818846637979,-0.573875046592,-0.0117627067972,0.0,-0.00836072961873,0.00856581725547,-0.999928359921,0.0,0.660617724491,0.259436341795,0.303523285231,1.0,-0.0068,-0.00893714285714,0.341
0.464176253107,0.540866469314,-0.124025423222,-1.36613743185,0.0788723701692,1.89781208115,0.157904210011,-0.00131442340884,-0.0374292285885,-0.000824966870957,-0.0664875606746,-0.000675846781421,0.0265470761724,-0.00327462390917,0.573944890777,0.818879178367,0.00221370476713,0.0,0.818839499042,-0.573885288742,-0.0117599776929,0.0,-0.00835974922241,0.00856241286803,-0.999928397276,0.0,0.660506306473,0.259293820431,0.303525528109,1.0,-0.00712,-0.00935771428571,0.357
0.464080394665,0.540161350262,-0.124026488687,-1.36719424696,0.0788150255585,1.89819681173,0.157759585714,-0.00155491072813,-0.0436053234839,-0.00158201462207,-0.0637273804923,-0.00463875407651,0.0228251286961,-0.0114710255387,0.573948838565,0.818876323766,0.00224588220737,0.0,0.818836993699,-0.573889042844,-0.0117512192884,0.0,-0.00833406851699,0.00858377536148,-0.99992842849,0.0,0.660385848331,0.259130534592,0.303554246121,1.0,-0.00746,-0.00980457142857,0.374
0.463956580298,0.539305736219,-0.12403009148,-1.36853470136,0.0787315810483,1.89870742969,0.157589583763,-0.00883705213453,-0.0419977525618,-0.00199038664227,-0.0672591811712,-0.00505877840185,0.0264282656344,-0.012085048486,0.573965501597,0.818864593672,0.00226431163363,0.0,0.818825549061,-0.573905681684,-0.0117360827004,0.0,-0.00831092129109,0.00859034820138,-0.999928564701,0.0,0.660237961511,0.258919956139,0.303565160583,1.0,-0.00786,-0.0103302857143,0.394
0.463869206,0.538641166745,-0.124035394373,-1.36955774962,0.0786784432339,1.89910275323,0.157469627381,-0.00446984499785,-0.0466508144384,-0.00175485979443,-0.0720710008954,-0.00127626439624,0.0264539518918,-0.00992685524399,0.573984957541,0.818850861731,0.00229818645642,0.0,0.81881222067,-0.573924970544,-0.0117227286842,0.0,-0.00828033931274,0.00861061886303,-0.999928644066,0.0,0.660124458164,0.258764708872,0.303582132393,1.0,-0.00816,-0.0107245714286,0.409
0.463752689869,0.537879208836,-0.124038210783,-1.37076246912,0.0786038198434,1.89956695137,0.157318695941,-0.00538751685815,-0.045560268106,-0.000294394640785,-0.076282255174,-0.00156766296814,0.0294118893424,-0.00714982708936,0.574005401419,0.818836488741,0.0023131687309,0.0,0.818798084234,-0.573945399945,-0.011709911929,0.0,-0.00826102966547,0.00861573670241,-0.999928759697,0.0,0.659993164781,0.258572592348,0.303587181055,1.0,-0.0085,-0.0111714285714,0.426
0.463652094504,0.537119416932,-0.124042489702,-1.37195549843,0.078533199443,1.90000812421,0.157177108396,-0.0100272296085,-0.04359057374,-0.000541036038865,-0.0709468809586,-0.0052481610268,0.02116055923,-0.00866768079519,0.574021680492,0.818825060381,0.00231899083309,0.0,0.818786727016,-0.573961650811,-0.0117075173118,0.0,-0.00825555570797,0.00861929362401,-0.999928774252,0.0,0.659855665896,0.258390595764,0.30359418744,1.0,-0.00882,-0.011592,0.442
0.463548234598,0.536325242978,-0.12404817166,-1.37318361082,0.0784656022016,1.90047671007,0.157021114321,-0.00821209192355,-0.0508109525396,-0.000974122854919,-0.075229367366,-0.00907848491746,0.0267295646091,-0.00241014981732,0.574032543393,0.818817356926,0.00234989874646,0.0,0.818779400857,-0.573972373458,-0.0116941926533,0.0,-0.00822678935002,0.00863706212959,-0.999928858017,0.0,0.659717151706,0.258204274424,0.303611065826,1.0,-0.00914,-0.0120125714286,0.458
0.463423621599,0.535417436224,-0.124049380006,-1.37463997183,0.0783666102058,1.90100138653,0.156853351051,-0.00416969469991,-0.052140637252,-0.00131452980213,-0.0797387555435,-0.00950674738863,0.0297801605581,-0.0122839971941,0.57404723699,0.818807131428,0.00232338726176,0.0,0.818768922713,-0.57398725852,-0.0116972286084,0.0,-0.00824433824673,0.00861724495714,-0.999928884459,0.0,0.65955562091,0.25799199769,0.303605533844,1.0,-0.00948,-0.0124594285714,0.475
0.463311112166,0.534567061073,-0.124055370728,-1.37599197555,0.0783093528585,1.90148744142,0.156684756198,-0.00296772038329,-0.0499184595349,-0.000484539983349,-0.0873689775855,-0.00114916147831,0.0329709166886,-0.0051885382067,0.574068549751,0.818792196437,0.0023208063088,0.0,0.818753708456,-0.574008321521,-0.0117285384913,0.0,-0.00827123290525,0.0086333200725,-0.999928523691,0.0,0.65938442249,0.25777672968,0.3036028397,1.0,-0.00982,-0.0129062857143,0.492
0.463193517607,0.533711619231,-0.124064058532,-1.37737502018,0.0782214112971,1.90199082678,0.156517124651,-0.00304700149652,-0.0570688553842,8.90906586523e-05,-0.0868983162271,-0.00857839212815,0.033308780599,-0.0115746353257,0.574085833257,0.818780152232,0.00229461648047,0.0,0.818741373909,-0.57402575267,-0.0117364739943,0.0,-0.00829258266934,0.00861660679872,-0.999928491023,0.0,0.659222898314,0.257561148893,0.303591831221,1.0,-0.01014,-0.0133268571429,0.508
0.463059297006,0.532787168436,-0.124062059224,-1.378855106,0.0781427327631,1.90255658164,0.156323075902,-0.00585118273599,-0.05877302667,0.000140146878348,-0.0891656573856,-0.004837032075,0.0317376832936,-0.0178948764399,0.574095425659,0.818773389334,0.00230782526236,0.0,0.818734682493,-0.574035190242,-0.0117416756745,0.0,-0.00828915826692,0.00863050504169,-0.999928399556,0.0,0.659054031472,0.257335936328,0.303588214548,1.0,-0.01048,-0.0137737142857,0.525
0.462933695496,0.531757576453,-0.124062064113,-1.38048763457,0.0780408658417,1.90316808682,0.156124514627,-0.00113991398224,-0.0619994247829,-0.00121603329466,-0.0921237615975,-0.00571041174744,0.0358810883975,-0.0151308156152,0.574094967937,0.818773704214,0.00230997339029,0.0,0.818735047626,-0.574034747804,-0.0117378449228,0.0,-0.00828479328239,0.00863006003375,-0.999928439572,0.0,0.658847937272,0.257084639626,0.303591521476,1.0,-0.01086,-0.0142731428571,0.544
0.462811407405,0.530871665638,-0.124059583832,-1.38192612939,0.0779589026604,1.90367991111,0.15594114915,-0.0110136723435,-0.0606684000151,-0.000503202915913,-0.0927220918222,-0.00179385085587,0.030238318083,-0.0110979311191,0.574101987546,0.818768865993,0.00228010461641,0.0,0.818729708368,-0.574041761835,-0.0117672089508,0.0,-0.00832590935694,0.00862253344466,-0.999928162995,0.0,0.658685908843,0.25688115348,0.303573870873,1.0,-0.01114,-0.0146411428571,0.558
0.462663378491,0.529793303,-0.124062061204,-1.38365961678,0.0778488182928,1.90429525579,0.15570951106,-0.0118432686677,-0.0565504523497,-0.000446860269853,-0.0961346499865,-0.00697754050024,0.0356448063821,-0.0070688677482,0.574099773598,0.818770521926,0.00224260571212,0.0,0.818730871341,-0.574039685656,-0.011787557286,0.0,-0.00836412078849,0.00860349014175,-0.999928008129,0.0,0.658476886268,0.256614581371,0.303561878298,1.0,-0.0115,-0.0151142857143,0.576
0.462532366932,0.528792435062,-0.124062715769,-1.38521326892,0.0777459438397,1.90487259916,0.155498197128,-0.00827607770874,-0.0674328395565,0.00179183627558,-0.0995402349589,-0.00241101129246,0.0375305270676,-0.0107901298546,0.574091057022,0.818776590752,0.00225822612298,0.0,0.818737205966,-0.574030975022,-0.0117717536734,0.0,-0.00834230521189,0.00860711796941,-0.999928159151,0.0,0.65829461703,0.256379211938,0.303577282136,1.0,-0.01182,-0.0155348571429,0.592
0.462393316699,0.52769550722,-0.12406845276,-1.38692159133,0.0776441234115,1.905544141,0.155257810603,-0.0125811877684,-0.0688491262374,0.000336025168902,-0.100755869273,-0.0101651139053,0.0429077032871,-0.0221676767958,0.574077476799,0.818785976249,0.00230708290608,0.0,0.818747268005,-0.574017254968,-0.0117409128895,0.0,-0.00828914901735,0.00862927761366,-0.999928410226,0.0,0.658100201294,0.256125054312,0.30359481757,1.0,-0.01216,-0.0159817142857,0.609
0.462247972474,0.526542450322,-0.124071641322,-1.388682535,0.0775289024782,1.90621318537,0.155006624456,-0.00781418742187,-0.067383403469,7.03041952738e-05,-0.101051808575,-0.00940096127852,0.031285218935,-0.0157830648756,0.57405718591,0.818800070659,0.00235340074549,0.0,0.818762053049,-0.573996887709,-0.011705566547,0.0,-0.00823383253911,0.00864670629335,-0.999928716695,0.0,0.657895678819,0.255860442971,0.303626191585,1.0,-0.0125,-0.0164285714286,0.626
0.462103107458,0.525441772243,-0.124071641663,-1.39040779898,0.0774175882664,1.90683831797,0.154780908955,-0.0111948904088,-0.0712607513144,0.000210874052006,-0.102491778036,-0.00881488789042,0.0379678617484,-0.021261765119,0.574053867926,0.818802406164,0.00235016606557,0.0,0.81876436191,-0.573993598161,-0.0117053764285,0.0,-0.00823556866864,0.00864391525551,-0.999928726529,0.0,0.65768778022,0.255599254315,0.303633511994,1.0,-0.01282,-0.0168491428571,0.642
0.461940181131,0.524200410803,-0.124076968814,-1.39239120493,0.0772994728031,1.90753810197,0.15452496741,-0.0100886451052,-0.0717344282755,0.00111652248232,-0.11048159145,-0.00167805778379,0.037976949993,-0.00179689187983,0.574057405692,0.818800033127,0.0023124926648,0.0,0.818761469085,-0.573997243127,-0.011728960978,0.0,-0.00827646857062,0.00862664289156,-0.999928537997,0.0,0.657431939174,0.255278712124,0.303622458295,1.0,-0.0132,-0.0173485714286,0.661
0.461774381722,0.523014492335,-0.124079442279,-1.39429698841,0.0771856402964,1.90825585394,0.154256881738,-0.0109932550486,-0.0720048431148,0.00136131751704,-0.109360845875,-0.00367180518337,0.0493229288415,-0.0182985918164,0.574045824026,0.818808156658,0.00231114914434,0.0,0.818769512592,-0.573985602711,-0.0117371219616,0.0,-0.00828404435677,0.00863011046293,-0.999928445341,0.0,0.657218756638,0.255007532991,0.303612164134,1.0,-0.01352,-0.0177691428571,0.677
0.461620629137,0.521850704656,-0.124089670879,-1.39612634935,0.0770640013228,1.90896522131,0.154010826025,-0.0089787978119,-0.0729222793189,-0.000877399564682,-0.11169353647,-0.0126111086664,0.0481623436048,-0.0121647717567,0.57404273807,0.818810243492,0.00233814501188,0.0,0.818772104958,-0.573982578747,-0.0117041163219,0.0,-0.00824155450742,0.00863323710972,-0.999928769461,0.0,0.657008280818,0.25472715046,0.303621042489,1.0,-0.01384,-0.0181897142857,0.693
0.461455685781,0.520602642555,-0.124099184051,-1.39816028984,0.0769439776105,1.90973675183,0.153732742731,-0.0107447677273,-0.0723790659561,-0.000393273502646,-0.119134828216,-0.00617024515155,0.043379926391,-0.0173501463851,0.574033284923,0.818816913956,0.00232295539222,0.0,0.818778578765,-0.573973183469,-0.0117119817072,0.0,-0.00825681358554,0.00862521950914,-0.999928712768,0.0,0.656766164742,0.254421168158,0.303596857206,1.0,-0.01418,-0.0186365714286,0.71
0.461302422825,0.519446846182,-0.124104869344,-1.39995996571,0.0768250051011,1.91038366441,0.153504026155,-0.0105514848546,-0.0793117450314,-0.00049951578481,-0.117801632436,-0.00263231171536,0.0403405717593,-0.0160449519767,0.5740390409,0.818812888979,0.00231932419257,0.0,0.818774563344,-0.573979011395,-0.0117070833861,0.0,-0.00825482629273,0.00861949252366,-0.99992877856,0.0,0.656547478809,0.254143487721,0.303608041306,1.0,-0.01448,-0.0190308571429,0.725
0.461133366291,0.518116968902,-0.124104227984,-1.40204515017,0.0766813672429,1.91113157788,0.153221725792,-0.0119399526915,-0.0779261603519,0.000288625982648,-0.122315600974,-0.0170994369084,0.0473365033851,-0.0144112247564,0.574017529977,0.818828011147,0.00230441786837,0.0,0.818789567491,-0.573957637042,-0.0117056375831,0.0,-0.00826242478416,0.0086062401788,-0.999928829951,0.0,0.656289333189,0.253830458625,0.303613735091,1.0,-0.01482,-0.0194777142857,0.742
0.460942995824,0.51668249129,-0.124106773132,-1.40429461695,0.0765384123444,1.91194438871,0.152907527059,-0.0128772981541,-0.0792695776872,0.000665559050626,-0.126050988324,-0.006632959446,0.0443970254684,-0.0154661063061,0.573998271522,0.818841526532,0.0022990471323,0.0,0.818803011676,-0.573938399338,-0.0117084899208,0.0,-0.00826804551454,0.00860328533251,-0.999928808918,0.0,0.656013305799,0.253488013624,0.303619951916,1.0,-0.01518,-0.0199508571429,0.76
0.460767686091,0.515393006341,-0.124115274786,-1.40634975711,0.0764128579463,1.91272827426,0.152633383181,-0.0141320770465,-0.0832383828339,-0.000203703517946,-0.12994948859,-0.0156536462494,0.0547776750723,-0.0241268157228,0.573998183245,0.818841557095,0.00231017467509,0.0,0.818803223895,-0.573938308635,-0.0116980905202,0.0,-0.00825314380948,0.00860642687812,-0.99992890499,0.0,0.655769536509,0.253173986727,0.303614271952,1.0,-0.0155,-0.0203714285714,0.776
0.460572636476,0.513924489542,-0.12411597761,-1.40871445515,0.0762765668886,1.9135691896,0.152316619451,-0.0118200324374,-0.0848714476432,-0.000580531964425,-0.134739325667,-0.00357260138627,0.0434059680234,-0.0161249511037,0.573986608848,0.818849790714,0.00226715957475,0.0,0.818810741245,-0.573926732342,-0.0117397966806,0.0,-0.0083121066023,0.00859502617806,-0.999928514649,0.0,0.655471346913,0.252819426641,0.303591060111,1.0,-0.01586,-0.0208445714286,0.794
0.46038852922,0.512600995298,-0.124116634807,-1.41085771861,0.0761475649279,1.91430864059,0.152008233801,-0.0109572142756,-0.0866210297291,0.00184072480793,-0.137420299378,-0.00499618419687,0.0416592634283,-0.0164419897141,0.573962683292,0.818866742896,0.00220056094399,0.0,0.818826695957,-0.573902928353,-0.011790577474,0.0,-0.00839216497838,0.00856939451895,-0.999928065935,0.0,0.655197652483,0.252490836232,0.30356237211,1.0,-0.01618,-0.0212651428571,0.81
0.460207740713,0.51126177415,-0.124128052531,-1.413027897,0.0760085586032,1.91512397,0.151705613748,-0.00556183405446,-0.0835376378229,-0.000517538078076,-0.134418816796,-0.0111054863635,0.0517240327879,-0.0210850250712,0.573947166715,0.818877676764,0.00217881122694,0.0,0.818837428847,-0.573887581305,-0.0117922026947,0.0,-0.0084061406857,0.00855235816838,-0.999928094399,0.0,0.654934471457,0.252158682207,0.303538414403,1.0,-0.0165,-0.0216857142857,0.826
0.460003240507,0.509790681391,-0.124125567826,-1.4153541986,0.0758726305768,1.91601142014,0.151370685399,-0.0147356662508,-0.0880458092207,0.000304118339724,-0.141109159792,-0.00811814384776,0.052471047617,-0.0237643931906,0.573923484649,0.818894195603,0.0022084107762,0.0,0.818854256969,-0.573863710621,-0.0117853458539,0.0,-0.00838378592421,0.00857241837113,-0.999928110304,0.0,0.654653745281,0.251807737703,0.303537825355,1.0,-0.01684,-0.0221325714286,0.843
0.459811150186,0.508377704612,-0.1241227553,-1.41758369019,0.0757287361096,1.91679665235,0.151060633546,-0.0131098664411,-0.0829507981615,0.00171163213175,-0.144683110442,-0.0119088682046,0.0402493959968,-0.0192345010084,0.573901582591,0.818909622978,0.0021794024408,0.0,0.818869260982,-0.573841876645,-0.0118059700106,0.0,-0.00841755212764,0.008560275351,-0.999927930654,0.0,0.654370493591,0.251467803951,0.303533256853,1.0,-0.01716,-0.0225531428571,0.859
0.459572544604,0.506673943095,-0.124134193756,-1.42026903727,0.0755606802738,1.91777594668,0.150691585864,-0.0121756227864,-0.0819639907852,0.00269516246811,-0.146579609983,-0.0135710796553,0.0460732914659,-0.0247505365333,0.573896555651,0.818913163981,0.00217259555633,0.0,0.818872726821,-0.573836890457,-0.0118079346357,0.0,-0.00842311980549,0.00855577698949,-0.999927922269,0.0,0.654039822089,0.251048153644,0.303531854312,1.0,-0.01754,-0.0230525714286,0.878
0.45935094792,0.505074238407,-0.124139055948,-1.42272793262,0.0754009074775,1.91871587206,0.15035187549,-0.0181491808136,-0.0884111063277,-0.000258041913747,-0.146360585719,-0.00463670658434,0.0509183333094,-0.0193664168651,0.573887110434,0.818919617737,0.00223406896744,0.0,0.818880081568,-0.573827313154,-0.0117632304335,0.0,-0.00835133116601,0.0085803660998,-0.999928313723,0.0,0.653745456423,0.250667682291,0.303561177254,1.0,-0.01788,-0.0234994285714,0.895
0.459132518653,0.503429495126,-0.124146185853,-1.42519411357,0.0752415742296,1.91966249393,0.150011214631,-0.012751948496,-0.0902854413488,-0.000493042592592,-0.140998255183,-0.0164759567088,0.045146037921,-0.0194297313268,0.573875913805,0.818927184583,0.00233426770963,0.0,0.818889062043,-0.573815858804,-0.0116966300051,0.0,-0.00823940708283,0.00862408656831,-0.999928866121,0.0,0.653450506529,0.250288285167,0.303618486556,1.0,-0.01822,-0.0239462857143,0.912
0.45891171716,0.501837955278,-0.124150083655,-1.4275496291,0.0750882523498,1.92053466373,0.14969261372,-0.0160186700321,-0.0934349933869,0.000651754187213,-0.146739489067,-0.0158751446286,0.0505419404316,-0.0205023713561,0.573872262746,0.818929473379,0.00242705237353,0.0,0.818892598073,-0.573811917962,-0.0116422732954,0.0,-0.008141685914,0.00866883984541,-0.999929279582,0.0,0.65314444828,0.249898986926,0.303686337017,1.0,-0.01856,-0.0243931428571,0.929
0.458688969999,0.500114874788,-0.124148884441,-1.43014404165,0.0749293373712,1.921444359,0.149318822358,-0.0107950258278,-0.0977307037687,-3.71427372387e-05,-0.152027231443,-0.00900704832956,0.0583151834532,-0.0140366100629,0.573842210212,0.818950436107,0.00245924368808,0.0,0.818913875347,-0.57378164488,-0.0116376829498,0.0,-0.00811977296931,0.00869226983782,-0.999929254364,0.0,0.652830276489,0.249524063902,0.303730342317,1.0,-0.01888,-0.0248137142857,0.945
0.458439777366,0.498455697187,-0.124151500989,-1.43275498969,0.0747715990172,1.92241891868,0.148950525559,-0.0129477598189,-0.0912516903724,-0.000444389149771,-0.15459059115,-0.00999239687064,0.0643191018548,-0.0164678006311,0.573836926456,0.81895408024,0.00247854688995,0.0,0.818917718273,-0.573776238279,-0.0116338293706,0.0,-0.0081055967788,0.0087058144666,-0.999929251545,0.0,0.652509699713,0.249112722899,0.303729359681,1.0,-0.01922,-0.0252605714286,0.962
0.458207664783,0.496959153348,-0.124148345342,-1.43510549481,0.0746232650655,1.92327789522,0.148601375453,-0.0185715350541,-0.0932867878553,-0.000174666608109,-0.156000781771,-0.00809892905159,0.0660961243874,-0.0264005951057,0.573817802878,0.818967470145,0.00248170227553,0.0,0.818931104153,-0.573757057651,-0.0116375404565,0.0,-0.00810702895621,0.00871033878132,-0.999929200534,0.0,0.652217508012,0.248738495022,0.303728150912,1.0,-0.01952,-0.0256548571429,0.977
0.457945626497,0.495287110187,-0.124145838762,-1.43780196185,0.0744532805859,1.92420103443,0.148206335413,-0.01277816576,-0.0938178108284,0.000735304905249,-0.16033066606,-0.00467930695293,0.0493762280969,-0.029055628756,0.573796931764,0.818982348844,0.00239588835497,0.0,0.818944723784,-0.573736342398,-0.011700243557,0.0,-0.0082078427552,0.00867583101761,-0.999928678093,0.0,0.651866654597,0.248306775593,0.303689662281,1.0,-0.01986,-0.0261017142857,0.994
0.45768408474,0.493707846634,-0.124154286288,-1.44040548901,0.0742893868253,1.92513090627,0.14784599463,-0.0201570021112,-0.0996713935434,-0.000201463478611,-0.167832747142,-0.00565314138074,0.0656468636529,-0.0267614903011,0.57380874228,0.818974318738,0.00231072099323,0.0,0.818935540853,-0.573748418406,-0.0117507108528,0.0,-0.00829791766078,0.00863515841528,-0.999928286729,0.0,0.651538018193,0.247880267535,0.303631197818,1.0,-0.0206022857143,-0.0270772897959,1.01
0.457404175879,0.491901222943,-0.124152503452,-1.4432942324,0.0741073479471,1.92620760905,0.14744028718,-0.0163204469932,-0.107549781365,0.00128448438768,-0.175664325872,-0.015683746404,0.066037719643,-0.0224796759154,0.573800102995,0.818980394529,0.00230262484229,0.0,0.818941481128,-0.573739779195,-0.0117585355301,0.0,-0.00830906257412,0.00863293010771,-0.999928213422,0.0,0.651177376317,0.247424069586,0.303606930668,1.0,-0.0217777142857,-0.0286221387755,1.027
0.457062938057,0.48979030278,-0.124164652154,-1.44671199191,0.0738866141981,1.92738890901,0.1469490159,-0.0218956960369,-0.11505149929,-0.00141034041758,-0.181884138417,-0.0102148144878,0.0687592210045,-0.0278113819439,0.573796269028,0.818983390927,0.00218950578469,0.0,0.818942938107,-0.573736310514,-0.0118261161584,0.0,-0.00842935603336,0.00857902680195,-0.999927670512,0.0,0.65073551409,0.246862351032,0.303551250354,1.0,-0.0230914285714,-0.0303487346939,1.046
0.456754113095,0.487873615102,-0.12416963988,-1.44971065264,0.0736953942845,1.92849738191,0.146517132942,-0.0254829202508,-0.128857654388,0.00165998891615,-0.192286558677,-0.0135259912062,0.0742731340702,-0.0306605312405,0.573796191447,0.818983396907,0.00220752655022,0.0,0.818943184948,-0.573736169058,-0.0118158809427,0.0,-0.00841063441663,0.0085879116513,-0.999927751891,0.0,0.650363200514,0.246372866366,0.30355239236,1.0,-0.0241977142857,-0.0318027102041,1.062
0.456377396223,0.485580590399,-0.124187928326,-1.45318562106,0.0734785474433,1.92984852744,0.146012552214,-0.0215395859467,-0.127596435571,-0.00263429469834,-0.195653513704,-0.0205788430773,0.0797940753297,-0.0353016869029,0.573818080894,0.818967678664,0.00234483357637,0.0,0.818929381153,-0.57375766714,-0.0117283836918,0.0,-0.00825995995373,0.00865037827818,-0.99992846945,0.0,0.649952184536,0.245792329568,0.303608567481,1.0,-0.0254422857143,-0.0334384326531,1.08
0.456004756463,0.48335456591,-0.124224386871,-1.45664446895,0.0732624772711,1.93103530855,0.145489756458,-0.0233667650631,-0.131363381081,-0.0054974764394,-0.21012735549,-0.0165373763759,0.0744271029861,-0.028137363654,0.573832491447,0.818957704615,0.00230145876796,0.0,0.818918808568,-0.573772201807,-0.011755522436,0.0,-0.00830692254008,0.00863057476525,-0.999928251535,0.0,0.649511267785,0.245194431561,0.30361112632,1.0,-0.0266177142857,-0.0349832816327,1.097
0.45564564084,0.48112787431,-0.124244620506,-1.46008387322,0.0730510684039,1.93223155368,0.144967623229,-0.0221706469492,-0.141998906616,-0.000116354074681,-0.218894062156,-0.00892288902814,0.0733784290613,-0.0379053350601,0.573824249484,0.818963515685,0.00228857656467,0.0,0.818924336729,-0.573763889875,-0.0117760897571,0.0,-0.0083312456788,0.00863174309982,-0.999928039089,0.0,0.649067733809,0.244618774587,0.303622547884,1.0,-0.027724,-0.0364372571429,1.113
0.455232464608,0.478704518929,-0.124267608189,-1.46381423497,0.0728244393429,1.93362888568,0.144407362528,-0.0241179404874,-0.143816983222,-0.00158116324434,-0.216891567346,-0.0127444790646,0.0749121017125,-0.0347516267803,0.573841040321,0.818951534332,0.00236469034657,0.0,0.818913331639,-0.573780378794,-0.0117379332136,0.0,-0.00825614444878,0.00867235122616,-0.999928310632,0.0,0.648636854117,0.244026514971,0.303649573615,1.0,-0.0288302857143,-0.0378912326531,1.129
0.454801844206,0.476163413683,-0.124277198878,-1.46767674536,0.0725825360603,1.93504667461,0.14386910835,-0.0265225985024,-0.157078420775,-0.00187427848681,-0.232260817652,-0.0148605949002,0.0880640568411,-0.0274393536016,0.573880928465,0.818923349623,0.00244423558629,0.0,0.818886163552,-0.573819952252,-0.0116987367562,0.0,-0.00817797499467,0.00871540041205,-0.99992857871,0.0,0.648127209772,0.243334667133,0.303692066656,1.0,-0.0300748571429,-0.039526955102,1.147
0.454383970713,0.473713022537,-0.124279969382,-1.47147886188,0.0723358592525,1.93640874852,0.143318330692,-0.02474820789,-0.154476695695,-1.59707074631e-05,-0.240070220518,-0.0209234926317,0.0869533097486,-0.0373412560953,0.573889682688,0.818917198982,0.00244953399196,0.0,0.818880027474,-0.573828628324,-0.011702684391,0.0,-0.00817807424465,0.00872209222166,-0.99992851955,0.0,0.647638375225,0.242697733519,0.303695664993,1.0,-0.0311811428571,-0.0409809306122,1.163
0.453933737393,0.471020306352,-0.124283265693,-1.47564094911,0.0720726085583,1.93785708791,0.142692505283,-0.0229355082192,-0.164654031032,-0.000724945100235,-0.248506809682,-0.0187399072639,0.0883791707471,-0.0463098036554,0.573875279267,0.818927337686,0.00243440715531,0.0,0.818889784744,-0.573814085092,-0.0117329916589,0.0,-0.00821172860895,0.00872695303717,-0.999928201324,0.0,0.647089985466,0.242003871014,0.303701413823,1.0,-0.0323565714286,-0.0425257795918,1.18
0.453529222259,0.468556994537,-0.124277975982,-1.47934039416,0.0718336337439,1.93930423996,0.14209596368,-0.027068363436,-0.167425023056,0.00234042454687,-0.247451695372,-0.0123183433943,0.0988158964954,-0.0413605403371,0.573825340059,0.818961791245,0.00260969112606,0.0,0.818926607362,-0.573763627423,-0.0116300688656,0.0,-0.00802739073568,0.0088109433598,-0.999928961614,0.0,0.646633366919,0.241400020946,0.303766767831,1.0,-0.0333937142857,-0.0438888816327,1.195
0.453031994316,0.465687722119,-0.124280838935,-1.48373625049,0.0715320082952,1.94085508317,0.141409559387,-0.0315826908972,-0.168025640678,-0.000594163211141,-0.265155322967,-0.0188326725485,0.0931888017276,-0.0385725338376,0.573796991575,0.818981618857,0.0026205599829,0.0,0.818946604378,-0.573735276215,-0.0116206241539,0.0,-0.00801372416508,0.00881414757895,-0.999929042996,0.0,0.64605917846,0.24065246631,0.303788501904,1.0,-0.0345691428571,-0.0454337306122,1.212
0.452513563426,0.462733639941,-0.124292728598,-1.48837295432,0.0712174107417,1.94244724734,0.140722946202,-0.0361032579404,-0.173088576718,-0.000182566523339,-0.268843376738,-0.02439223695,0.0926490491118,-0.0396563013721,0.573798605716,0.81898076108,0.00253376396006,0.0,0.818944569575,-0.573737138252,-0.0116719773117,0.0,-0.00810556643582,0.00877254544174,-0.999928668576,0.0,0.645439452331,0.23986005416,0.303756184547,1.0,-0.0357445714286,-0.0469785795918,1.229
0.451970983957,0.459732836431,-0.12428789305,-1.49307160798,0.0709054558983,1.94409235475,0.140033729767,-0.0370677432374,-0.180105980873,0.000710004809531,-0.271139976004,-0.0190512608318,0.0982267834908,-0.0417183096397,0.573807932551,0.818974375139,0.00248521794109,0.0,0.818937417498,-0.573746491989,-0.0117139256311,0.0,-0.0081676771017,0.00875695000945,-0.999928299868,0.0,0.644814143482,0.23905974958,0.303728590555,1.0,-0.03692,-0.0485234285714,1.246
0.451436761003,0.456870026267,-0.124299226599,-1.49760892239,0.0705980076882,1.94570698732,0.139327457499,-0.0362689035482,-0.17675446943,-0.00159545903837,-0.295365400086,-0.0163930098124,0.106404935442,-0.0424841989082,0.573800500068,0.818979770544,0.00242249099622,0.0,0.818942004764,-0.573739297676,-0.0117455539051,0.0,-0.00822965120557,0.00872365229461,-0.99992808278,0.0,0.644217146674,0.238271773312,0.30367877444,1.0,-0.0380262857143,-0.0499774040816,1.262
0.450833569217,0.453712787653,-0.124335926151,-1.50259946936,0.0702602762956,1.94740847257,0.138545884162,-0.0339819813162,-0.193153153704,-0.00435540576119,-0.29416254609,-0.0136807881548,0.101337528007,-0.0526283951333,0.57381684493,0.818968680145,0.0022970236625,0.0,0.818929266046,-0.573756096439,-0.0118129553456,0.0,-0.00835667000978,0.00865973939457,-0.999927584868,0.0,0.643550505332,0.237376904455,0.303621797371,1.0,-0.0392017142857,-0.0515222530612,1.279
0.45016064798,0.449949641531,-0.124384051703,-1.50819618564,0.0698823276607,1.94951394664,0.137672301443,-0.0342922972126,-0.197195100108,-0.00268213565495,-0.298451573538,-0.0274045193677,0.108565021138,-0.0448951989252,0.57383868706,0.818952758695,0.00250742102912,0.0,0.818916434232,-0.57377753379,-0.011660290093,0.0,-0.00811068104032,0.00874466220782,-0.999928871338,0.0,0.64284369272,0.236388043642,0.303724082368,1.0,-0.0405154285714,-0.0532488489796,1.298
0.449557424998,0.4467043928,-0.124396022922,-1.51309851049,0.069550956034,1.95113155702,0.136963129357,-0.032096195411,-0.209319898927,0.00358000598946,-0.30872150519,-0.0184951177064,0.0973195989678,-0.0436334656747,0.573889354403,0.818917360238,0.00247242893884,0.0,0.818880407667,-0.573828133364,-0.011700350392,0.0,-0.00816302793764,0.00873949841257,-0.999928490514,0.0,0.642169716138,0.235516516809,0.303755583581,1.0,-0.0416217142857,-0.0547028244898,1.314
0.448925729568,0.443237595029,-0.12439298182,-1.51841503889,0.0691762002762,1.95301019148,0.136136735433,-0.0373656187159,-0.209368612833,0.000897317966551,-0.316217882547,-0.020769041512,0.112280543743,-0.0418926752836,0.573861191866,0.818937061864,0.00248356125383,0.0,0.818900290774,-0.573799973772,-0.0116897720929,0.0,-0.00814827710893,0.00874226389449,-0.999928586651,0.0,0.641449506577,0.23460107448,0.30376143394,1.0,-0.0427971428571,-0.0562476734694,1.331
0.448217438284,0.439540093687,-0.124400406448,-1.52415157234,0.0687878511315,1.95504907317,0.135182661622,-0.0391513144472,-0.207391741026,-0.00106584434061,-0.328483371195,-0.0156471050351,0.114232149815,-0.0469031143725,0.57381214511,0.818971453967,0.002475199584,0.0,0.818934514918,-0.573750899667,-0.0117009533186,0.0,-0.00816275592231,0.00874134379218,-0.999928476604,0.0,0.640675769054,0.233593655086,0.303736603899,1.0,-0.0440417142857,-0.0578833959184,1.349
0.447603042612,0.436368771592,-0.124411786845,-1.52905156631,0.0684601600692,1.95676977096,0.134404769948,-0.0383370676243,-0.216478384295,-0.00311750570695,-0.32626866346,-0.0213881903606,0.126489116044,-0.0501528388662,0.573811112569,0.818972211238,0.00246398314103,0.0,0.818935028276,-0.573749802926,-0.011718788647,0.0,-0.00818380997338,0.0087423815727,-0.999928295439,0.0,0.640009415625,0.232724558718,0.303719982123,1.0,-0.0450788571429,-0.0592464979592,1.364
0.446808819719,0.432399545119,-0.124421692708,-1.53498948272,0.0680348356502,1.95891197791,0.133452780553,-0.0458656748868,-0.227577457626,-0.000756691610557,-0.332254471192,-0.0279564543913,0.118634541598,-0.0492240893743,0.573828787215,0.818959434085,0.002591368018,0.0,0.818924125373,-0.573767261255,-0.0116255621507,0.0,-0.00803417635209,0.00879338531723,-0.999929061676,0.0,0.639222986418,0.231643945776,0.303786772466,1.0,-0.0463234285714,-0.0608822204082,1.382
0.446144434987,0.429078122615,-0.124451070877,-1.54017333833,0.0676561923501,1.96058167579,0.132646826647,-0.0448950160079,-0.220101766431,-0.00191398657495,-0.350706987367,-0.0210776967763,0.104365319324,-0.0557243144068,0.573850943217,0.818944463627,0.00240984752646,0.0,0.818906765033,-0.573790026377,-0.0117244494282,0.0,-0.00821908471535,0.00870169433976,-0.999928361015,0.0,0.63848515613,0.230692418216,0.303727996194,1.0,-0.0473605714286,-0.062245322449,1.397
