position_joint1,position_joint2,position_joint3,position_joint4,position_joint5,position_joint6,position_joint7,velocity_joint1,velocity_joint2,velocity_joint3,velocity_joint4,velocity_joint5,velocity_joint6,velocity_joint7,ee_T_00,ee_T_10,ee_T_20,ee_T_30,ee_T_01,ee_T_11,ee_T_21,ee_T_31,ee_T_02,ee_T_12,ee_T_22,ee_T_32,ee_T_03,ee_T_13,ee_T_23,ee_T_33,v_x,v_y,w_z,time
0.4650939916291483,0.547274037228881,-0.12399494506122404,-1.3555717018343723,0.07944828386439218,1.8941833141619195,0.1591369417009849,-2.384994816579774e-05,-0.0006664714438959309,-6.846160678694073e-06,-0.0006078259810521229,-6.147364853147107e-05,0.0011872801162043634,-0.00010435422987753305,0.5737468694457637,0.8190166615680503,0.002642872739972894,0.0,0.8189833715483488,-0.5736866740329603,-0.01142733851373334,0.0,-0.007843150772995078,0.008721036432483772,-0.9999312118888456,0.0,0.6617659631982266,0.2609352237473556,0.3037053760983565,1.0,5e-324,6.9397750347728e-310,6.9395628351938e-310,0.0
0.46509764924030383,0.5472761964222432,-0.12399218315089386,-1.3555717046687472,0.0794466089076466,1.8941816474727373,0.15914215314637573,0.0004917529417330231,-0.0008611157198426955,0.000397576383230442,-0.00045380714799932815,-0.00021154581611319785,-6.996073624485614e-05,0.00097839313510872,0.5737457633621771,0.8190174478771284,0.002639317714186935,0.0,0.8189841111326576,-0.5736855784961767,-0.011429332393727114,0.0,-0.00784683521424484,0.008719258183848305,-0.9999311984900981,0.0,0.6617640788295747,0.2609388289624207,0.3037036053995563,1.0,-8e-05,-0.00010514285714285717,-4e-05,0.005
0.46509140260517656,0.5472730532192046,-0.12399772944441495,-1.355572377942859,0.07944899442651371,1.8941806214297257,0.15913544012841047,-0.000863507010998121,0.0008993626206464632,-0.0012233839259123238,0.0002698788137064021,7.361168076593547e-05,-0.0021994823435676405,-0.00044424746067013983,0.5737499116980576,0.8190145373027967,0.0026407223188376714,0.0,0.8189812227945383,-0.5736897264046928,-0.011428098217981882,0.0,-0.007844974349712763,0.008719740219206212,-0.9999312088878725,0.0,0.66176657203315,0.26093176338988383,0.30370561042649813,1.0,-0.0004400000000000003,-0.0005782857142857148,-0.00022000000000000014,0.023000000000000013
0.46508860561289966,0.5472525161713578,-0.12399851861932062,-1.3555866441431506,0.07944864085639633,1.8941847762093962,0.15914167449959693,-0.0002690266582545958,-0.001979674580766894,-0.0007260025902613946,-0.0016768242453580919,0.00021821259166771451,0.0003408644408532061,0.0007672702734095951,0.5737585312403441,0.8190084690974714,0.002649957876613731,0.0,0.8189752730561553,-0.5736983146569362,-0.011423343800977901,0.0,-0.007835689811997837,0.008724658913409622,-0.9999312387819548,0.0,0.66176560153658,0.26092825670034486,0.30371375506382203,1.0,-0.0007800000000000005,-0.001025142857142858,-0.00039000000000000026,0.04000000000000003
0.46509032081876867,0.5471752558262152,-0.1239958966962252,-1.3556519043680333,0.07944588521356793,1.8941937074172037,0.1591357423401142,-0.00060488142350787,-0.0070623440271330214,-0.0005001710891569633,-0.004236461448857873,0.00023293438121396834,0.000524794466263729,-0.0011719572970186134,0.573753181474918,0.8190121496115845,0.002670662320291951,0.0,0.8189791812089392,-0.5736928557543566,-0.011417307211179364,0.0,-0.007818923967035596,0.008738101412178664,-0.9999312526427546,0.0,0.6617535610440127,0.26092433428056705,0.3037381046302953,1.0,-0.001120000000000001,-0.0014720000000000015,-0.0005600000000000005,0.057000000000000044
0.46508721180069224,0.5470418489718645,-0.12399280267151482,-1.3558254569243289,0.0794436431158473,1.8942243754521435,0.1591405232648055,-7.040339941584748e-05,-0.004663738559538699,0.00022506307391760835,-0.013393914362924026,0.0003021685319675797,0.001311647263440082,0.008085087819562336,0.5737663419751299,0.8190029336813818,0.0026695203645303927,0.0,0.8189698287880988,-0.573705882253658,-0.01143359539043208,0.0,-0.007832779436639126,0.008746637238548599,-0.9999310695759553,0.0,0.6617236380524292,0.2609069312705545,0.303752543002579,1.0,-0.001460000000000001,-0.0019188571428571445,-0.0007300000000000005,0.07400000000000005
0.4650713165872977,0.5468913134533799,-0.12399740396671341,-1.3560266150645748,0.07943673398569776,1.8942941023040882,0.15913732492349617,-0.006510593765056438,-0.007409053044311447,-2.050947547671585e-05,-0.010877077274541203,-0.0011310542306405677,0.008963883589963587,0.0011220233298172922,0.5737893103729186,0.8189867819009721,0.002687987066270614,0.0,0.8189538896031465,-0.5737287603336286,-0.01142729938014022,0.0,-0.00781678215511461,0.008758368319611368,-0.9999310920764077,0.0,0.6617009899927514,0.26087546310948406,0.30376961243274847,1.0,-0.0018000000000000013,-0.002365714285714288,-0.0009000000000000006,0.09100000000000007
0.46505385405983507,0.5467120514183637,-0.12399817695087141,-1.356224765588918,0.07943582741479373,1.894401953811211,0.1591317858897445,0.00043192468971763384,-0.008901528628235362,0.000995008229351469,-0.012455922782250953,0.00019646177993873302,0.004900882710316642,0.0006324145333513504,0.573813395829616,0.8189696777207587,0.0027569261232697406,0.0,0.818937600719177,-0.5737525429238604,-0.011400549018787603,0.0,-0.007755059890811267,0.008799707633183398,-0.9999312097297796,0.0,0.661681982246334,0.26084832402405056,0.3038020587582489,1.0,-0.0021400000000000017,-0.002812571428571431,-0.0010700000000000009,0.10800000000000008
0.46502515818264095,0.5465062131260573,-0.12399563603531223,-1.3564711067822515,0.07942641592478418,1.894535083459924,0.15912692426921315,-0.006488002454257703,-0.014333448465113002,0.00010616443324494182,-0.010880048964182206,0.0003335136939601205,0.00836301185527449,9.968610878811725e-05,0.5738397412651807,0.8189508956450637,0.002851099448728772,0.0,0.8189200656154928,-0.5737786357866739,-0.011346812253164485,0.0,-0.007656729521031802,0.008846244672792297,-0.9999315568818852,0.0,0.6616694846295976,0.260812939694605,0.303851658920046,1.0,-0.002460000000000002,-0.0032331428571428606,-0.001230000000000001,0.1240000000000001
0.4649910276200441,0.5462769708449666,-0.12399881001213943,-1.356784812627256,0.0794194721691787,1.8946543639762412,0.15912013146338588,0.00078104662228816,-0.017436246094137742,-0.0001695849695580717,-0.023213281400735853,-0.0015366823729566674,0.0005530198305324265,0.0005751746504496469,0.5738800110623387,0.8189225523306352,0.0028867089525646287,0.0,0.8188921064684503,-0.5738187080739372,-0.011338215434121144,0.0,-0.007628819598856362,0.008870849165022926,-0.9999315522307612,0.0,0.6616373848687525,0.26076126499068863,0.30387513304584746,1.0,-0.002800000000000002,-0.0036800000000000036,-0.001400000000000001,0.1410000000000001
0.4649552140828625,0.5460239643816343,-0.12399632237130065,-1.357202824652951,0.0794013640845208,1.8947928130810172,0.15909903761824265,-0.004898238104907106,-0.014821427176716638,-0.0004028040994248703,-0.022681731214618226,-0.0024422101083451304,0.012088890650017689,-0.007315469900656637,0.5739088506945735,0.8189024062119926,0.0028682914515283965,0.0,0.8188716334088713,-0.5738474950460056,-0.011359900040043733,0.0,-0.007656835030399323,0.008868480427722356,-0.9999313591103242,0.0,0.6615855650159076,0.26069917851077434,0.3038672173871582,1.0,-0.003140000000000002,-0.0041268571428571465,-0.001570000000000001,0.1580000000000001
0.46492038965990984,0.5457580212661978,-0.12399046497380613,-1.3576194960684713,0.07937742198804229,1.8949464892018297,0.15909883762464846,-0.0003089151452460605,-0.01421826647495544,-0.00010349922027357262,-0.03053247796327406,-0.002892283436686297,0.00554693651249041,-0.0008828351740317202,0.5739536578446249,0.8188709992433437,0.002869171690850875,0.0,0.8188401964847878,-0.5738922461393262,-0.011365269161871316,0.0,-0.007660241412413948,0.008872701745932923,-0.9999312955724665,0.0,0.6615329863602295,0.26063221894950706,0.3038686854571616,1.0,-0.0034800000000000026,-0.00457371428571429,-0.0017400000000000013,0.17500000000000013
0.4648689563512385,0.5454282227209247,-0.12399727900715979,-1.35817523448552,0.07933388999283897,1.89512730330609,0.15904757522700957,-0.005564687568228633,-0.013557647742567354,-0.0010219423367028803,-0.03054679913408757,-0.0021024170353010864,0.0059920062614164235,-0.0035006585757255907,0.5739743963411581,0.8188566124719848,0.0028262089301816905,0.0,0.8188253398588652,-0.5739132089087357,-0.011377097446191468,0.0,-0.0076943609786770395,0.008844504410677634,-0.9999312834144451,0.0,0.6614712999934155,0.2605457355375721,0.3038550908217915,1.0,-0.003820000000000003,-0.005020571428571433,-0.0019100000000000015,0.19200000000000014
0.4648237782148317,0.5450995676898122,-0.12400209476821288,-1.3587310699817436,0.07929178681615832,1.8953089477370224,0.15893769110717573,-0.0029504849957604443,-0.020054641890806826,0.003162680492142059,-0.03577805175837123,-0.0026475055005715756,0.01852579248575431,-0.006348548822483087,0.5739445773690147,0.8188776649305047,0.002781885669018238,0.0,0.8188458737733239,-0.5738835900068573,-0.011393288658303961,0.0,-0.007733379969194987,0.008817221604056777,-0.9999312233536048,0.0,0.6614037969172478,0.2604569120858733,0.3038390201096671,1.0,-0.004140000000000003,-0.005441142857142862,-0.0020700000000000015,0.20800000000000016
0.4647577891539635,0.5447165437243178,-0.12400423939034967,-1.359377066075776,0.07926954979109595,1.8955322111544801,0.15892857873910915,-0.0029894537044283997,-0.0196079426469801,-0.0015555800269980609,-0.04007063538942983,-0.0001011010094278455,0.010005705227921753,-0.001224131465783871,0.5740227872161469,0.818822932307923,0.0027553918902458573,0.0,0.8187906525936975,-0.5739617057147632,-0.01142691994348045,0.0,-0.00777528436444852,0.008815571286283005,-0.9999309129414635,0.0,0.661328951361323,0.2603519298600351,0.3038220570995027,1.0,-0.004480000000000004,-0.005888000000000006,-0.002240000000000002,0.22500000000000017
0.464696250044592,0.5443022462307192,-0.12400773346722876,-1.3600921627855094,0.07923341432449595,1.8957487612246238,0.15891129965525733,-0.0018914170174456314,-0.023058483955675408,-0.00012835472455103653,-0.045095790492416236,-0.0006410117036361738,0.016159208222890714,-0.003646456396677083,0.5740915691315039,0.8187749394606626,0.002686198898839181,0.0,0.8187416619313049,-0.5740305820359585,-0.01147731704850509,0.0,-0.007855530497500318,0.008788503110428308,-0.9999305240133841,0.0,0.6612375601434812,0.2602386133166964,0.30379373199109716,1.0,-0.004820000000000004,-0.006334857142857149,-0.002410000000000002,0.2420000000000002
0.46463431638464775,0.5438744434031616,-0.12400836212305633,-1.360798320799502,0.07919866565198345,1.895987486849589,0.15887094933326537,-0.006072334966378994,-0.025577758097460237,-0.00013222209663969316,-0.04198336052734894,-0.002340165685905924,0.019448912209430194,-0.002392451987232143,0.5741375665379683,0.8187427728049891,0.0026596185189560933,0.0,0.8187090408462036,-0.5740765365908568,-0.011505801742797545,0.0,-0.007893619410861585,0.008783535850632976,-0.999930267703982,0.0,0.6611472812849943,0.26012288139732087,0.3037828965433795,1.0,-0.005160000000000004,-0.006781714285714292,-0.002580000000000002,0.2590000000000002
0.46457347866194626,0.54335513387241,-0.12401761716253805,-1.3616266356059739,0.07915671810143642,1.8962902303056248,0.1587811045916894,-0.004164654585666316,-0.02677040378430317,-0.001242037430638768,-0.04387108589907416,-0.003906860087452528,0.01725571000019475,-0.0032249926270598818,0.5741574472873104,0.8187288558011625,0.0026520377537222533,0.0,0.818695007960856,-0.5740964199261376,-0.011512231285661197,0.0,-0.007903022725983921,0.008781212463003549,-0.9999302138346816,0.0,0.6610560714241712,0.26000634054753863,0.30378070011646585,1.0,-0.005500000000000004,-0.007228571428571435,-0.002750000000000002,0.2760000000000002
0.464504957465505,0.542877245126043,-0.12401254469445477,-1.3624243584157196,0.07911289770202685,1.8965631410707497,0.1587427136621303,-0.003861243801844802,-0.026680973186160188,-0.00012553336333659195,-0.04824751686490581,-0.005592477688776639,0.021829817085921657,-0.0031990576605766324,0.5742112366054094,0.8186912523156047,0.0026145820320278273,0.0,0.8186568279004666,-0.5741502250300203,-0.01154400845163303,0.0,-0.007949968935498541,0.008769313637482734,-0.9999299461123524,0.0,0.6609585678019476,0.2598869966546134,0.3037625114354945,1.0,-0.005820000000000004,-0.007649142857142864,-0.002910000000000002,0.2920000000000002
0.4644364599667341,0.5423216984510869,-0.12401546186437962,-1.3633056017786833,0.07905611237181952,1.8968630584103414,0.1586911477240372,-0.0063052799308075955,-0.03306481122020771,0.0008739465744164235,-0.051092890578874194,-0.00176463885299164,0.017880675747843085,-0.006084049895573735,0.5742608737633633,0.8186565149547991,0.002589650132584542,0.0,0.8186217754368493,-0.5741999481915798,-0.011556607573839944,0.0,-0.007974068634666875,0.00875662014446299,-0.9999298654571005,0.0,0.6608516864359236,0.25975388532496435,0.3037620254246075,1.0,-0.006160000000000005,-0.008096000000000008,-0.0030800000000000024,0.3090000000000002
0.46435757827352797,0.5417268942315888,-0.12401624238512977,-1.364227562210358,0.07900190381527737,1.8972061573025727,0.15858621368011092,-0.004984531980753705,-0.032275993211504546,-0.00028747060303590453,-0.054679140305910194,-0.0018660708719310378,0.017893098546058337,-0.0014418489875081572,0.5742768688894693,0.8186452513629284,0.0026033018732465833,0.0,0.8186106768319519,-0.574215882458449,-0.011551061007816615,0.0,-0.007961517243678495,0.008764766605293808,-0.9999298940973477,0.0,0.6607469930520528,0.2596141863133176,0.30377353819973646,1.0,-0.006500000000000005,-0.00854285714285715,-0.0032500000000000025,0.32600000000000023
0.4642683994070399,0.5411134926434933,-0.12401869624918291,-1.3651956656069713,0.07894394891376494,1.8975452227433498,0.15856162190563527,-0.006130409742010825,-0.03901807176759428,0.0002950747780674388,-0.06047375491652189,-0.006109901596890146,0.02085826013777946,0.00179581893944871,0.5743588251339016,0.8185877967979542,0.002589560866994139,0.0,0.8185530594987176,-0.5742978914057992,-0.01155714555372817,0.0,-0.00797351248534145,0.008757810127560578,-0.9999298594703607,0.0,0.6606431454970085,0.2594699272619208,0.30377626563656207,1.0,-0.006820000000000005,-0.008963428571428579,-0.0034100000000000024,0.34200000000000025
0.4641864795735087,0.5404738162127075,-0.12402689621758602,-1.3661518239933166,0.07889163811109862,1.897907568598024,0.1584795079401199,-0.0032564958219482407,-0.038200245130512,0.0004511134993821205,-0.05911412336967869,-0.0016184635668906862,0.02984784572634832,-0.008949701562413174,0.5743998733778295,0.818558887320943,0.0026230426305189824,0.0,0.8185245448157539,-0.5743387795858513,-0.01154481265357456,0.0,-0.007943746838567523,0.008778532715519469,-0.9999299146687869,0.0,0.6605187183653233,0.2593072735423507,0.30380163803445653,1.0,-0.007180000000000006,-0.009436571428571438,-0.003590000000000003,0.36000000000000026
0.46408218561367337,0.5397883031853955,-0.12402272541001859,-1.3672052758365505,0.0788286720701527,1.8982951609626755,0.15837751302372371,-0.0057469989319017065,-0.032319377768803434,-0.0005814047904667756,-0.05976898718515015,-0.0012370934994720452,0.02243103652755957,-0.0057516608105668806,0.5744546908259135,0.8185203443540148,0.0026459342201854428,0.0,0.818486275568948,-0.574393488997545,-0.011536178037272377,0.0,-0.00792294157238388,0.008792841722444406,-0.9999299540124221,0.0,0.6604106269638237,0.2591463569281157,0.3038210257050374,1.0,-0.007500000000000006,-0.009857142857142866,-0.003750000000000003,0.3760000000000003
0.4639853348271834,0.5390462497966118,-0.1240339707039529,-1.368349028684763,0.07876137156801848,1.8987191753731483,0.15832693634799205,-0.008877539627265731,-0.04339419941474921,4.509172333600814e-05,-0.0700427160864881,0.0003779835508104395,0.027505613830827103,-0.005759013748014669,0.5745505411010505,0.8184530236208369,0.002659087739849484,0.0,0.8184191761396822,-0.5744893406188218,-0.01152373825647188,0.0,-0.007904173036935191,0.008797387825070488,-0.9999300625624061,0.0,0.6602745693742061,0.2589537138463303,0.30383782569465123,1.0,-0.007860000000000006,-0.010330285714285724,-0.003930000000000003,0.3940000000000003
0.46388319514145193,0.5382899106243259,-0.12403967330624206,-1.3695213901841858,0.0786923043996193,1.8991730456507836,0.15821677940907924,-0.004228385251195819,-0.047509769940959186,-0.0006380578479598925,-0.06612056444236036,-0.0002841935369554126,0.0314005060767823,-0.0060914009644095005,0.574589554175665,0.8184255276768572,0.002691984449549002,0.0,0.8183921239550532,-0.5745282614157315,-0.011504572315471846,0.0,-0.0078691660282601,0.008813675639616866,-0.9999301952375172,0.0,0.6601526919801494,0.25878737558610704,0.30385375871753506,1.0,-0.008180000000000007,-0.010750857142857154,-0.004090000000000003,0.4100000000000003
0.4637761019208632,0.5375224636729532,-0.12404356965646562,-1.3707403681856505,0.07862361948391035,1.8996445852542194,0.15812703508708237,-0.004050733893284174,-0.04488617600388029,0.0007587851945472742,-0.07579159034458624,-0.009459442789465495,0.029825183120464237,-0.002090294334915019,0.5746555138782731,0.8183791617262656,0.0027083062458448616,0.0,0.818345965652438,-0.5745941560531292,-0.011497096641288253,0.0,-0.00785295856370577,0.008823371345786313,-0.9999302371465176,0.0,0.6600171972985311,0.25860067948517673,0.30385651257362556,1.0,-0.008520000000000007,-0.011197714285714297,-0.004260000000000003,0.4270000000000003
0.4636838166249625,0.5367615317135404,-0.1240530710580023,-1.3719469073938648,0.0785570565899062,1.9000863383499724,0.15805504383585453,-0.005501664459242932,-0.045699257459899355,0.00042185361697203046,-0.07438995963177569,-0.0052682721169468195,0.026635229355033235,-0.0018767882039589475,0.5747251168188989,0.8183302769295816,0.0027101400453304145,0.0,0.8182971182661218,-0.5746637597679377,-0.011495057544295048,0.0,-0.007849485482516627,0.008824367975604819,-0.9999302556216064,0.0,0.6598869470598147,0.2584304690662798,0.3038612345651871,1.0,-0.008820000000000007,-0.01159200000000001,-0.004410000000000003,0.44200000000000034
0.463578074343628,0.5359151741439081,-0.12406723008527785,-1.373276552840856,0.07847785189143826,1.900576913191073,0.15795119152846238,-0.0009016951749178429,-0.0474717274791287,-0.0007299386377704017,-0.08442457221331331,-0.009878715411314947,0.024330477041971908,-0.01057534051595849,0.5747908550574174,0.8182841155702713,0.002706667499031392,0.0,0.8182509227749468,-0.5747295131399924,-0.01149613000202937,0.0,-0.007851650045835323,0.008822773438173712,-0.9999302526978652,0.0,0.6597223087100864,0.25821598825859005,0.30386552771447894,1.0,-0.009180000000000008,-0.01206514285714287,-0.004590000000000004,0.46000000000000035
0.4634628538931856,0.535031570123071,-0.1240652335095775,-1.374649003665005,0.0783974906663833,1.9010686598681976,0.15784658000170218,-0.009461822641333247,-0.055600798013439146,0.00018637260238981048,-0.0756412997858523,9.646154384221627e-05,0.03437725147544287,-0.006988723244542879,0.5748518483131678,0.8182412556686379,0.002710519129919719,0.0,0.8182080543646987,-0.5747904207567937,-0.011502125028475531,0.0,-0.00785368400275549,0.008829956419781501,-0.9999301733207221,0.0,0.6595588502279092,0.25801018795761255,0.30387831592176706,1.0,-0.009520000000000008,-0.012512000000000013,-0.004760000000000004,0.47700000000000037
0.46334144970493946,0.5341367016014895,-0.12406597344219773,-1.3760955734204925,0.07832435514894373,1.9015926620694203,0.15776043013264773,-0.004738052217676884,-0.05546430433166887,0.0006632253010272487,-0.08228032360544879,-0.00020796814641259304,0.024064278374805643,-0.003582801252218745,0.574940930192271,0.8181787236744504,0.002692548477115102,0.0,0.8181451500202119,-0.574879393173686,-0.011530121589463873,0.0,-0.007885961360457161,0.00883220435692543,-0.9999298994327646,0.0,0.6593863967904354,0.25779344311036156,0.3038665122848363,1.0,-0.009860000000000008,-0.012958857142857156,-0.004930000000000004,0.4940000000000004
0.463223634969855,0.5332720895501222,-0.12406663034969165,-1.3774773967366056,0.07825324196936718,1.9020963068263856,0.15763800986661072,-0.007311113230561539,-0.05709878220298221,-0.002819811210900237,-0.08547237607983525,-0.00103500008395492,0.030789590915283507,-0.004927967248002952,0.5749941933298035,0.8181413131248585,0.0026863165392272143,0.0,0.8181075361742336,-0.5749325329515671,-0.011549403016121144,0.0,-0.007904745168049676,0.008838705648459663,-0.9999296936716541,0.0,0.6592227285541457,0.2575853662544741,0.30386224226009195,1.0,-0.010180000000000007,-0.013379428571428582,-0.005090000000000003,0.5100000000000003
0.46310646438074177,0.5323562803207319,-0.12406694701348905,-1.378957589230521,0.07815968011056135,1.9026654672274466,0.15754069631641426,-0.002972876523505837,-0.0580924156533046,-0.00037612263502510195,-0.08804564884027252,-0.005401532454399479,0.03417082346917151,-0.0033308279020440898,0.5750666158235684,0.8180904148081243,0.002684672327829962,0.0,0.8180566670862488,-0.5750050082810212,-0.011544556669234542,0.0,-0.007900943237855063,0.008835273338073782,-0.9999297540532502,0.0,0.6590512412139578,0.2573677410057209,0.3038527256091858,1.0,-0.010520000000000007,-0.013826285714285725,-0.005260000000000003,0.5270000000000004
0.46296966331563405,0.5313863249589121,-0.12406601517374159,-1.3805121247424463,0.0780671408440301,1.9032458938874506,0.15742135894644524,-0.005690674911512328,-0.05880749050180221,7.18249297186521e-05,-0.09266596555493765,-0.0067248848034184875,0.02674872698600956,-0.0025759338833288886,0.5751402554504841,0.8180386618100667,0.0026797846098335163,0.0,0.8180048276044496,-0.5750786289043345,-0.011550735670657127,0.0,-0.00790801374553396,0.008835539923569738,-0.9999296958050898,0.0,0.6588704162611698,0.25713074404937963,0.30384673326145933,1.0,-0.010860000000000007,-0.014273142857142868,-0.005430000000000003,0.5440000000000004
0.4628302636806885,0.5303826656287903,-0.12406693688064986,-1.382134647847601,0.07797195602047788,1.9038215708533406,0.1573283975037784,-0.009022451861785647,-0.05806723785077124,0.0013075189782932996,-0.09501197301794012,-0.006635739207990035,0.03245151412150394,-0.0031726383613547666,0.5752415437220755,0.8179675604100998,0.0026426112467838585,0.0,0.8179331781748833,-0.5751799544996392,-0.011579416381490664,0.0,-0.007951763047934823,0.008822610633046096,-0.9999294630152905,0.0,0.6586744696486415,0.25688262101973747,0.30383156034105113,1.0,-0.011200000000000009,-0.014720000000000014,-0.005600000000000004,0.5610000000000004
0.46269534097479625,0.5293488242701576,-0.12407195751958125,-1.3837910226254693,0.07785730040530961,1.9044204283365194,0.15718848082378406,-0.010557920802130883,-0.06124749650926854,-0.0009773864729378382,-0.09844102249257101,-0.0057841915144871405,0.03497605475662285,-0.007052478241814795,0.5753000522840924,0.8179265097908801,0.002611766535854961,0.0,0.8178918355320312,-0.5752386788991741,-0.011582511367826974,0.0,-0.007971407440316602,0.00879973134358042,-0.9999295082113046,0.0,0.6584764290753866,0.2566299040154757,0.3038234171618175,1.0,-0.011540000000000009,-0.015166857142857157,-0.005770000000000004,0.5780000000000004
0.4625557973055603,0.5283287198202532,-0.12407557339463483,-1.385373424268531,0.07776111178514478,1.9050075164206994,0.15707316927795828,-0.006629894418237792,-0.06899002191304641,0.0015721171308711768,-0.09660463821511386,-0.011450310438387387,0.035542197972797646,-0.00020069135961563395,0.5753822984513771,0.8178685948453359,0.0026304174068454743,0.0,0.817834173654873,-0.5753208645374022,-0.011572127349608913,0.0,-0.007951298605333001,0.008809812094867475,-0.9999295795511511,0.0,0.6582923512170699,0.25638575483684717,0.30383952277056886,1.0,-0.01186000000000001,-0.015587428571428587,-0.005930000000000005,0.5940000000000004
0.46241868015574566,0.5272363657908536,-0.124090052900801,-1.3871091472260288,0.07764786472000124,1.9056698784063477,0.15695963589367118,-0.010913181541820957,-0.06323412243784551,-0.0009225790146235811,-0.09842141367667033,-0.004881553722478253,0.03688828684648768,-0.010650811502969265,0.5754753418086467,0.8178031133621624,0.0026354594634922426,0.0,0.8177689025292374,-0.5754140402466295,-0.011552109953823836,0.0,-0.007931023805129667,0.008803320708611562,-0.999929797738773,0.0,0.6580916485069692,0.256122007439062,0.3038401462501463,1.0,-0.01220000000000001,-0.01603428571428573,-0.006100000000000005,0.6110000000000004
0.4622707681759213,0.5260856059852403,-0.12408579499605839,-1.3888929258307885,0.07754242578346486,1.906345263847404,0.15683868506323378,-0.0071338700838491685,-0.07280319397263749,0.0006705010684659242,-0.1063028926288855,-0.0023364112878212695,0.03697510756154684,-0.007970628693410746,0.5755623308622781,0.8177417756128136,0.002671817956502359,0.0,0.8177080018514926,-0.5755008604931202,-0.011538205273172748,0.0,-0.0078977909913715,0.008825893169310317,-0.9999298617939264,0.0,0.6578813483877833,0.2558592848115659,0.3038592432643288,1.0,-0.01254000000000001,-0.01648114285714287,-0.006270000000000005,0.6280000000000004
0.4621119001469622,0.5249260318982122,-0.124094015425405,-1.390732074260663,0.07743176920112668,1.9070108224420874,0.15668952321879545,-0.007134915242917541,-0.06584546150182209,-0.0007268445768078701,-0.10800055155739959,-0.00771778987913016,0.03945439654223681,-0.01551312701903784,0.5756452279452287,0.8176834711376237,0.0026569669589498347,0.0,0.8176494972616697,-0.5755837874951535,-0.01154773145171075,0.0,-0.007913234386001444,0.00882003401498277,-0.9999297913961395,0.0,0.6576616934277322,0.2555741863034717,0.3038574396867558,1.0,-0.01288000000000001,-0.016928000000000016,-0.006440000000000005,0.6450000000000005
0.4619616387133032,0.5237572942360725,-0.1241025425140671,-1.3926035927725713,0.0773135057411445,1.9076830833380503,0.15656796482336843,-0.005198280259387348,-0.06706642610615207,0.00021988266503779143,-0.11181502782318525,-0.006687911703102385,0.0387270488461016,-0.012318448982625707,0.5757432816993696,0.8176145379960489,0.0026244498006815957,0.0,0.8175801756514155,-0.5756819734499801,-0.011561519266314508,0.0,-0.007942170704380469,0.008802334645066495,-0.9999297179448658,0.0,0.657433704422842,0.25529012234847437,0.30384695522740535,1.0,-0.01322000000000001,-0.017374857142857157,-0.006610000000000005,0.6620000000000005
0.46181896987567395,0.5226204881690734,-0.1241042834165297,-1.3944015630571576,0.07720031303746124,1.9083530582625279,0.15642593563294932,-0.0037336551249226137,-0.07342290363133451,-0.0001289807501657389,-0.117301046877321,-0.007701105480603776,0.045395273890141474,-0.017301767580086995,0.5758108900341075,0.8175669170992342,0.002627143732513766,0.0,0.8175326184707854,-0.5757495962896636,-0.011557119442114138,0.0,-0.007936294367706653,0.008802660405425725,-0.999929761734041,0.0,0.6572173704872446,0.2550239920808788,0.3038483144429533,1.0,-0.01354000000000001,-0.017795428571428587,-0.006770000000000005,0.6780000000000005
0.46165290488395694,0.5213321997406541,-0.12410284290280936,-1.3964821427653966,0.07707402269426916,1.9091781924461413,0.15627192163865372,-0.011603823040455347,-0.07267382596332254,0.0002741457564111702,-0.11577031356573265,-0.0074029614085944564,0.04594260993332958,-0.009976923624771494,0.5758973019815209,0.8175059768321076,0.002649965168644154,0.0,0.8174720144163402,-0.5758359669264523,-0.011540872634979802,0.0,-0.007908939373337476,0.008812799451240402,-0.999929889164146,0.0,0.6569747968098294,0.2547211880150483,0.3038346724194605,1.0,-0.01390000000000001,-0.018268571428571443,-0.006950000000000005,0.6960000000000005
0.4614968109477876,0.5201272113104011,-0.12410498561502623,-1.3983885254625799,0.07695410150995184,1.909882319792241,0.1561310238690602,-0.010535650574464464,-0.07814624569330406,-0.0014416213005891468,-0.11640340227399744,-0.009294347849362583,0.04068213410170106,-0.00885613175446857,0.5759804947069261,0.8174473731419286,0.0026474066051919197,0.0,0.8174133994471638,-0.5759191820313229,-0.011540237164443745,0.0,-0.007908996581635575,0.008811146785759907,-0.9999299032759204,0.0,0.6567441587690419,0.2544353416568371,0.3038346598540993,1.0,-0.01422000000000001,-0.018689142857142873,-0.007110000000000005,0.7120000000000005
0.4613201058112796,0.5188082702769045,-0.1241139034978529,-1.4004491881806027,0.07682046977310913,1.9106256552638652,0.15598977225976474,-0.010456157506910256,-0.07723862944657003,-0.0005436011174654632,-0.1250496783477813,-0.013407780205851549,0.038390189627499606,-0.006490855453338679,0.5760890877124173,0.8173708678600977,0.0026408887734251747,0.0,0.817336875129827,-0.5760278557417613,-0.011536414684233387,0.0,-0.00790845604732282,0.0088046679056899,-0.999929964620532,0.0,0.6564947686598315,0.2541157059742334,0.3038444571160251,1.0,-0.01456000000000001,-0.019136000000000018,-0.007280000000000005,0.7290000000000005
0.46115636159220147,0.517519677903128,-0.12411934200113689,-1.402424742251066,0.07669194885921611,1.9113345375359525,0.1558306186083491,-0.010315797837799887,-0.07354768788421914,-0.0012041002838846671,-0.1247965013632345,-0.00687334529716006,0.044317374547576796,-0.0074784542149345535,0.5761701576923444,0.8173137121345248,0.0026442849450294638,0.0,0.8172798214005117,-0.5761089690589442,-0.011528061528137578,0.0,-0.007898798564047405,0.008803415249183238,-0.9999300519842351,0.0,0.6562349025215702,0.25380119791959244,0.3038629886780037,1.0,-0.01490000000000001,-0.01958285714285716,-0.007450000000000005,0.7460000000000006
0.46095970393978,0.5160998161818298,-0.12412501984626698,-1.404684310459705,0.07654912716779219,1.9121760518363897,0.15566372571850418,-0.01667725154720821,-0.08327670742169598,-0.0005643885128010936,-0.12615547309437083,-0.006820480719432267,0.04454760379701706,-0.013421824412767245,0.576275747780451,0.817239253723671,0.0026479415529325114,0.0,0.8172054486446556,-0.5762145767088682,-0.011522291218134776,0.0,-0.007890838078307427,0.00880409875880693,-0.999930108817345,0.0,0.6559818450933299,0.25346699072785206,0.303863517301244,1.0,-0.015240000000000012,-0.020029714285714303,-0.007620000000000006,0.7630000000000006
0.4607911074434955,0.5148210433828614,-0.12413515491498545,-1.4067118748388707,0.0764212332659893,1.9129588700107525,0.15550356848351773,-0.007730092325391928,-0.07918471585664379,-0.004223490813351584,-0.1264864738143933,-0.00996997610457595,0.0525175719081067,-0.008337525465610843,0.5763623744531946,0.8171780953522078,0.002668462557771617,0.0,0.8171446546969762,-0.5763012363832852,-0.011499788887839483,0.0,-0.007859688632392448,0.008808735139895635,-0.9999303133118014,0.0,0.6557428061234011,0.25315907603858023,0.3038632129798669,1.0,-0.015560000000000011,-0.020450285714285733,-0.007780000000000006,0.7790000000000006
0.460585117939934,0.5133341396227681,-0.12413875212239589,-1.4090893750712696,0.0762859139108993,1.9138056299851482,0.1553246159274759,-0.010442996280292145,-0.08195242919434481,-0.0022542179483118537,-0.1313262157110509,-0.0010352051459098796,0.044960231288809306,-0.012801154351178064,0.5764753485611117,0.8170985140997177,0.0026339435427795987,0.0,0.8170644905612489,-0.5764141570062101,-0.011536237164493651,0.0,-0.0079081521550311,0.008802627557291387,-0.9999299849877393,0.0,0.655446472780501,0.2527949091538847,0.30384716161268727,1.0,-0.01592000000000001,-0.02092342857142859,-0.007960000000000005,0.7970000000000006
0.4604004595398831,0.5119983558010627,-0.12413624983068648,-1.4112539512141586,0.07614985293587197,1.9145569380930099,0.15515707616346924,-0.01303089599268093,-0.0795999156386336,0.001199979752526943,-0.13338086714318226,-0.011330115290027257,0.04463693703372473,-0.009136181970735837,0.5765639322281817,0.817036228334783,0.002565256957326194,0.0,0.817001241253414,-0.5765028773857819,-0.011582359755378139,0.0,-0.00798448323866291,0.008773957929190501,-0.9999296303688917,0.0,0.6551700885377595,0.2524650958675636,0.30381764813347484,1.0,-0.01624000000000001,-0.02134400000000002,-0.008120000000000006,0.8130000000000006
0.46022394388988586,0.5106386313761234,-0.12414476315308438,-1.4134362217137821,0.07601606382838726,1.9153867515362366,0.1549928889601821,-0.0111154434355659,-0.0874616303488709,0.0008552321532212487,-0.13688145551029146,-0.008241032206457003,0.04651590966625303,-0.00925641026271477,0.5766555111323398,0.8169715736303901,0.002572209515629406,0.0,0.8169367047087263,-0.5765944522181702,-0.011576055981376107,0.0,-0.007974340465648433,0.008776897826836633,-0.9999296855072736,0.0,0.6548884345515615,0.2521192294432133,0.3038072874303468,1.0,-0.01658000000000001,-0.02179085714285716,-0.008290000000000006,0.8300000000000006
0.4600226386299422,0.509167696490085,-0.12415249042446118,-1.4157788375208233,0.07587477563262394,1.9162650654493953,0.154801275809543,-0.012604267714379887,-0.08494816636858539,-0.0023372314071943823,-0.13530296583360943,-0.005180590409926896,0.05588715318015368,-0.012777479563430722,0.5767554435084159,0.8169010443670269,0.0025669041039705623,0.0,0.816866122410876,-0.576694407301828,-0.011577803998218773,0.0,-0.007977754533277981,0.008774547419085454,-0.9999296789025701,0.0,0.6546205148159862,0.25177982973215823,0.303794078997184,1.0,-0.016900000000000012,-0.02221142857142859,-0.008450000000000006,0.8460000000000006
0.4598175024358958,0.5076645422382554,-0.12414763363974286,-1.4181561432388046,0.07571749437037986,1.9171037487786584,0.15462132371554219,-0.010045953946229457,-0.08524710874007838,0.00012553758768594448,-0.1381070666132427,-0.0022069410831296273,0.04832367403285792,-0.0061345586952637615,0.5768530277905622,0.8168322520086579,0.0025304759499570036,0.0,0.8167968505521307,-0.5767920951101899,-0.01159874336840407,0.0,-0.008014823451470143,0.008757823632195932,-0.9999295290820596,0.0,0.6543183530395825,0.2514176622170662,0.30378656009566807,1.0,-0.017240000000000012,-0.022658285714285735,-0.008620000000000006,0.8630000000000007
0.45960094644023824,0.5061013756482813,-0.12415126871337985,-1.420586359781932,0.07555898415329927,1.9179868498894084,0.15442438693508723,-0.012341160595533501,-0.09752021079291993,0.0002643953285830239,-0.14189960839085733,-0.009876331614708807,0.05475558560540896,-0.008562581670394646,0.5769542111481818,0.8167607663320838,0.0025368721321379637,0.0,0.8167254943385425,-0.5768932949220954,-0.011590516494110359,0.0,-0.008003328699687284,0.008759294090407946,-0.9999296082708835,0.0,0.6540178424592589,0.2510404326109178,0.3037993850610641,1.0,-0.017580000000000012,-0.023105142857142876,-0.008790000000000006,0.8800000000000007
0.4593743509975418,0.5044914222522802,-0.12415470391378873,-1.4230485119456837,0.07541153503680204,1.918952791888779,0.15422953566877043,-0.014695940056956978,-0.09383225103361188,-0.00047234452188251526,-0.1502761334889395,-0.009887274291526181,0.05990118991292832,-0.013493158161542639,0.5770698978572509,0.8166787351073933,0.0026312566614415597,0.0,0.8166447189755651,-0.5770086877756017,-0.011537941844488033,0.0,-0.007904685987580151,0.008807170343837892,-0.9999299723930533,0.0,0.6537283188179404,0.25066093714756316,0.30383631787779397,1.0,-0.017920000000000016,-0.023552000000000024,-0.008960000000000008,0.8970000000000007
0.45915282361331833,0.5028272523576799,-0.12416572915415969,-1.4255325037165216,0.07525334942801656,1.919897315082214,0.15403523591687066,-0.010419691971509807,-0.0983617716962034,-0.0016864093605025788,-0.14512411320174837,-0.011328895833464562,0.05705203741705141,-0.016902737786835004,0.5771846766281615,0.8165972938710216,0.0027304961778317673,0.0,0.8165646694192438,-0.5771232530293596,-0.011473376584921308,0.0,-0.007793445482251138,0.008852054292278408,-0.9999304492525077,0.0,0.6534306334061117,0.2502753979396612,0.303898409374624,1.0,-0.018260000000000016,-0.02399885714285717,-0.009130000000000008,0.9140000000000007
0.45892138613998906,0.5011208807370525,-0.12416391464396818,-1.4280565154548994,0.07508408354159825,1.9208144517613992,0.15383419960837405,-0.010942851207221391,-0.10040639727394014,-0.0002590629518871054,-0.1501729770312681,-0.009489201041574613,0.05091939951035868,-0.012264864573195998,0.5772910169317066,0.8165218544897831,0.0028088808678205564,0.0,0.8164903099433957,-0.5772294126250889,-0.011424791912357988,0.0,-0.007707372016767355,0.008889024892953581,-0.9999307884314032,0.0,0.6531180271679397,0.2498832404550446,0.3039674266274122,1.0,-0.018600000000000016,-0.02444571428571431,-0.009300000000000008,0.9310000000000007
0.45870322791513773,0.4995332161010023,-0.1241618209024974,-1.4305042536898733,0.07493880137652974,1.9216808839265038,0.1536479891161922,-0.012705370834973646,-0.09452940629849967,0.00020070852069128004,-0.15132838582343633,-0.011055671851329298,0.04515215517949318,-0.015665377186422146,0.5774008406518798,0.8164441661469746,0.002817743828299124,0.0,0.8164126078325982,-0.5773390473060218,-0.011437881314284429,0.0,-0.007711746409761855,0.008904855319269336,-0.9999306138523084,0.0,0.6528048066916771,0.2495079484957614,0.30398501699314007,1.0,-0.018920000000000017,-0.02486628571428574,-0.009460000000000008,0.9470000000000007
0.45845181748809644,0.49785747652656853,-0.12416432655991864,-1.4331180146492608,0.07477325865424184,1.9226723707137336,0.1534467439206072,-0.013707044430115676,-0.09467071060241929,-0.0007397781687256971,-0.15474725357659413,-0.006771688778949167,0.05341964355533938,-0.011922553244304664,0.5775316132824995,0.8163515306255679,0.002856747418677105,0.0,0.8163205262911539,-0.5774697426795764,-0.011412341851060074,0.0,-0.007666945153823546,0.008923181555765533,-0.9999307949967993,0.0,0.652488171836066,0.2490949719659254,0.30399542363155163,1.0,-0.019260000000000017,-0.025313142857142885,-0.009630000000000008,0.9640000000000007
0.4581872761310844,0.4961870760719718,-0.12416253151840892,-1.4358017597351016,0.07460405711721962,1.9236311666281791,0.15322094497099578,-0.014585046074198452,-0.09549500928000382,0.00038481058852084027,-0.16082901175533537,-0.016123138901673897,0.056266992306304844,-0.015011329312264645,0.577651777332611,0.8162666807619875,0.0028065857356604045,0.0,0.8162349670540047,-0.577589973805969,-0.011447603171690796,0.0,-0.00772338996128219,0.008903733158260749,-0.9999305339789122,0.0,0.6521492150283573,0.24866502169107746,0.3039652591642818,1.0,-0.019600000000000017,-0.025760000000000026,-0.009800000000000008,0.9810000000000008
0.4579108364442323,0.4945169019345781,-0.1241643268893054,-1.4385253942520193,0.07443821061791611,1.9245693664357988,0.15299988703885128,-0.018264392527813506,-0.10155794778303953,-0.0004570728167327881,-0.1596398213195873,-0.01440054923432881,0.04944742976775792,-0.01678647463182585,0.5777903985788357,0.8161688974283515,0.002707966378599871,0.0,0.8161357616092,-0.5777287214922587,-0.011519109631378196,0.0,-0.007837219944215601,0.008865869843465976,-0.9999299847166624,0.0,0.6517987706062501,0.24821982831276465,0.30391369448607636,1.0,-0.019940000000000017,-0.02620685714285717,-0.009970000000000008,0.9980000000000008
0.4576365002167432,0.49279389962021264,-0.12421314729553447,-1.4412628080857461,0.07427370874463154,1.9255625771308267,0.15283226756481383,-0.02028847070074303,-0.12337487898442752,-0.00789157010710146,-0.18453350267520915,-0.008997257762907157,0.06653634854863821,-0.010837049022434504,0.5780054322602378,0.816016723445435,0.0026784764774568917,0.0,0.815983315306836,-0.5779439468804779,-0.011522599805958742,0.0,-0.007854776101003824,0.008845887708401431,-0.9999300239332019,0.0,0.6514660176788667,0.247751483097992,0.303897868418767,1.0,-0.02539542857142827,-0.03337684897959144,-0.034294386566570016,1.0139999999999991
