position_joint1,position_joint2,position_joint3,position_joint4,position_joint5,position_joint6,position_joint7,velocity_joint1,velocity_joint2,velocity_joint3,velocity_joint4,velocity_joint5,velocity_joint6,velocity_joint7,ee_T_00,ee_T_10,ee_T_20,ee_T_30,ee_T_01,ee_T_11,ee_T_21,ee_T_31,ee_T_02,ee_T_12,ee_T_22,ee_T_32,ee_T_03,ee_T_13,ee_T_23,ee_T_33,v_x,v_y,time
0.465087782702,0.547690502808,-0.123965806432,-1.35574284214,0.0794826983576,1.89409297546,0.159169994583,0.000369103044067,0.00201967779328,0.000184720793772,0.00026517720967,8.20862250983e-05,5.53259883126e-06,0.000849962262712,0.573777458709,0.81899683444,0.00208805061917,0.0,0.818955613728,-0.573718459066,-0.0118143713576,0.0,-0.00847814278964,0.00848900418979,-0.999928026361,0.0,0.661690732967,0.260921557944,0.303320091744,1.0,0.0,0.0,0.0
0.465087887645,0.547693008498,-0.123965806498,-1.35574534496,0.0794805705536,1.89408837932,0.159171622187,0.000729739582487,0.00201185860168,0.00197900234672,-0.000626676222141,0.00010565903768,3.33442952557e-05,-0.00423214874116,0.573778252039,0.818996302006,0.00207886734024,0.0,0.818954972358,-0.573719299177,-0.011818032969,0.0,-0.0084864023746,0.00848359238009,-0.999928002226,0.0,0.661689267441,0.260920638428,0.303316722025,1.0,-0.00016,-0.000210285714286,0.009
0.465082243765,0.547689766961,-0.123963690548,-1.35574868177,0.0794830523458,1.8940923322,0.159161302474,-0.000616331107211,0.00226616833052,3.72265978982e-06,-0.00105987852259,-0.000189983808796,-8.35187352671e-05,-0.00136730642047,0.573773805515,0.818999403636,0.00208419048611,0.0,0.818958111349,-0.573714800215,-0.0118189158251,0.0,-0.00848411742955,0.00848841244244,-0.999927980709,0.0,0.661690224268,0.260918446461,0.303317708185,1.0,-0.00044,-0.000578285714286,0.023
0.465083311499,0.547669189996,-0.123964363686,-1.3557613118,0.0794811394194,1.89409398523,0.159169896628,-0.00260845815655,-0.00311539178195,0.00768129923996,-0.00158188221028,0.000193143069194,-0.000436815876069,0.00161617014735,0.573780596472,0.818994626289,0.00209191865442,0.0,0.818953445683,-0.573721570933,-0.0118135410266,0.0,-0.00847521093563,0.00849172809891,-0.999928028087,0.0,0.661688186896,0.260917338289,0.303326436123,1.0,-0.00078,-0.00102514285714,0.04
0.465086760565,0.547582936837,-0.123966872263,-1.35583544192,0.0794822084057,1.89410520625,0.159167581612,0.000813264033955,-0.0114611858127,-0.000793428898986,-0.00816112712267,-0.000182995530657,0.000370041697094,0.000431097195503,0.573781880882,0.818993664855,0.00211589242315,0.0,0.818952739298,-0.573722703705,-0.0118074955122,0.0,-0.00845649131418,0.00850790668306,-0.999928049051,0.0,0.661675328768,0.260911440873,0.303353314325,1.0,-0.00112,-0.001472,0.057
0.465078291938,0.547456512811,-0.123966869328,-1.35600108897,0.0794812631364,1.89414516594,0.159163975823,0.000329889296178,-0.00622637316587,0.000281060732507,-0.00966161173586,0.000232326262245,0.000723530614455,-0.00303862249948,0.57379470597,0.818984661949,0.00212268565221,0.0,0.818943716881,-0.573735391909,-0.0118167488668,0.0,-0.00846003907343,0.00851891203481,-0.999927925341,0.0,0.661650925132,0.260890396702,0.303367496391,1.0,-0.00146,-0.00191885714286,0.074
0.465064881102,0.547307482319,-0.123967114871,-1.35620956957,0.0794730162218,1.89421061432,0.159155655022,-0.00317584839838,-0.01044277534,0.000958148614401,-0.0124701127149,-0.000402692166212,0.00661769639957,0.00122984122965,0.57380842899,0.818975026313,0.00213072679583,0.0,0.818934133824,-0.573749029147,-0.0118187525633,0.0,-0.00845692358301,0.00852678891103,-0.999927884557,0.0,0.661624133046,0.260861700018,0.303379509224,1.0,-0.0018,-0.00236571428571,0.091
0.46503970161,0.547127160495,-0.123961816401,-1.35641781626,0.0794704967981,1.89433315194,0.159142542865,-0.000539225169309,-0.0113425557707,0.00133347735813,-0.0148689779619,-0.000181813371996,0.00153472083174,-0.0017490985861,0.573825822088,0.818962609773,0.00221734071394,0.0,0.818922791682,-0.573766030283,-0.0117792469061,0.0,-0.0083746892469,0.00857523198684,-0.999928162408,0.0,0.661611082039,0.260833685243,0.30341858142,1.0,-0.00214,-0.00281257142857,0.108
0.465016540385,0.546942998233,-0.123961582565,-1.35663132499,0.0794686199868,1.89445811494,0.159134042145,-0.000929480902959,-0.0154842782212,0.000409155611817,-0.0202067517738,0.000405845831985,0.00671467360415,-0.0010625731036,0.573849336018,0.818945894403,0.00230401682502,0.0,0.818907169999,-0.573789178545,-0.0117376492484,0.0,-0.00829063936101,0.00862258413686,-0.999928455612,0.0,0.661598000404,0.260803768037,0.303458242823,1.0,-0.00246,-0.00323314285714,0.124
0.464982908415,0.546708725632,-0.123961995365,-1.35697347191,0.0794597446481,1.89460221658,0.159102938377,-0.000867434367817,-0.0181309254213,0.00194568968919,-0.0141876901271,0.000298022238942,0.00835014224177,-0.00152710474227,0.573868580308,0.818932305404,0.00234064142106,0.0,0.818893979627,-0.573808203289,-0.0117278672573,0.0,-0.00826140917983,0.00864715818573,-0.99992848533,0.0,0.661563808894,0.260752093774,0.303473824883,1.0,-0.00282,-0.00370628571429,0.142
0.464944174093,0.546478773908,-0.123965427675,-1.35732468665,0.0794506537909,1.89471850537,0.159011065708,-0.00419195496155,-0.0136734997765,-0.000512185856751,-0.0262978249682,-0.00487426309538,0.00556357742137,-0.00866380326208,0.573844606489,0.818949096937,0.00234331622414,0.0,0.818910693362,-0.573784104683,-0.0117398641902,0.0,-0.00826995279732,0.00865599111501,-0.999928338282,0.0,0.661523887059,0.260692233946,0.303479699291,1.0,-0.00312,-0.00410057142857,0.157
0.464895202061,0.546149372701,-0.123970065639,-1.35786097214,0.0794300189983,1.89491136159,0.158937310802,-0.00288080179645,-0.00992071521878,-0.00126640050312,-0.0270142544405,-0.00146044306665,0.0162972985111,0.000160194252966,0.573852072491,0.818943885402,0.00233631374397,0.0,0.81890529827,-0.573791499159,-0.0117547802886,0.0,-0.00828610800917,0.00865889144414,-0.999928179427,0.0,0.661462951892,0.26060757122,0.303474561547,1.0,-0.00352,-0.00462628571429,0.177
0.46486682792,0.545896979223,-0.123964802281,-1.3582882762,0.0794054466547,1.89505787559,0.158909601591,-0.00534977517621,-0.0183439262504,0.000177477171964,-0.0370878381915,0.000374113185678,0.0149664148442,-0.00392612420287,0.573866272737,0.81893399973,0.00231343954071,0.0,0.818895059775,-0.57380572604,-0.011773561092,0.0,-0.00831446470004,0.00865108039178,-0.999928011651,0.0,0.661408295631,0.260550406415,0.303462389416,1.0,-0.0038,-0.00499428571429,0.191
0.464810491042,0.545567472643,-0.123964776034,-1.35887113367,0.0793125036609,1.895239999,0.158812014733,-0.00562330702719,-0.0196979195784,-0.000517851713867,-0.0366160625002,-0.00855124527256,0.00825943564449,-0.00509574726901,0.573840221113,0.81895251057,0.00222102776175,0.0,0.818912823259,-0.57378049827,-0.0117675234415,0.0,-0.00836282146007,0.0085716713998,-0.999928292262,0.0,0.661339327702,0.260445604814,0.303433895391,1.0,-0.00414,-0.00544114285714,0.208
0.464754990204,0.545176785145,-0.123967742018,-1.35953622549,0.0792892845271,1.89546386718,0.158752451652,0.000188051420493,-0.0199540621973,0.00146619117442,-0.0420261681164,-0.000203826702329,0.0151502591237,-0.000540616564898,0.573869857168,0.818931838319,0.00218589177354,0.0,0.818891523644,-0.573810092133,-0.0118066748922,0.0,-0.00841473722371,0.00856566799463,-0.999927908166,0.0,0.661257904216,0.26034479897,0.303413401108,1.0,-0.00448,-0.005888,0.225
0.464681579227,0.544757041265,-0.123970845583,-1.36022823639,0.0792669767941,1.89569113473,0.158666404329,-0.00376762246882,-0.0202175948523,-0.00110986073178,-0.0393788771834,-0.00378727770073,0.0218701850318,-0.00703602613554,0.573894219115,0.818914840772,0.0021577141894,0.0,0.818873956167,-0.573834355343,-0.0118458195934,0.0,-0.00846270986861,0.00856530824858,-0.99992750639,0.0,0.661176299817,0.260229640107,0.303400927417,1.0,-0.00482,-0.00633485714286,0.242
0.464622518974,0.544349784042,-0.123978596505,-1.36091343248,0.0792395340394,1.89593741183,0.158560924205,-0.00120225034168,-0.0294482795445,-1.47476652208e-05,-0.0436006980276,-0.000474908420185,0.0180523696415,-0.00147575663721,0.573892558499,0.818916061935,0.0021358149739,0.0,0.818874786236,-0.573832675023,-0.0118698123084,0.0,-0.00849494308564,0.00856112681296,-0.99992726888,0.0,0.661097260853,0.260122387576,0.303384619239,1.0,-0.00514,-0.00675542857143,0.258
0.464565826689,0.543922520659,-0.123977319629,-1.36161343479,0.0792057522625,1.89619226547,0.158492938346,-0.00261996669366,-0.0290799587812,0.00144661089456,-0.0483373437607,-0.00374391537697,0.0178127193476,-0.00701339058069,0.573912451174,0.818902150144,0.00212456548265,0.0,0.818860633647,-0.573852515466,-0.0118869701089,0.0,-0.00851524207918,0.008561968034,-0.99992708902,0.0,0.661014639457,0.260019996082,0.303375818297,1.0,-0.00544,-0.00714971428571,0.273
0.464482622786,0.543342593447,-0.123980352632,-1.36254417172,0.079152095703,1.89651948486,0.158362607169,-0.00386329263145,-0.0309710922873,-0.000124869208625,-0.0457222669397,-0.00257557089844,0.0222533727986,-0.0057720659475,0.5739134356,0.818901510519,0.00210509095901,0.0,0.818859698697,-0.573853536703,-0.0119020655932,0.0,-0.00853876999847,0.00855469420814,-0.999926950639,0.0,0.660906249133,0.259873900065,0.303371549982,1.0,-0.00582,-0.00764914285714,0.292
0.464402846822,0.542789204743,-0.123984497333,-1.36343056894,0.0791007417219,1.89682338532,0.158265983673,-0.00233329643305,-0.0343870199385,-0.000501696107769,-0.0553606001184,-0.00897985725177,0.0172286364583,-0.000733697283522,0.573938030501,0.818884335938,0.00208048070158,0.0,0.818842163965,-0.573878189358,-0.0119197816084,0.0,-0.00856714489302,0.00854496581719,-0.999926791114,0.0,0.660801806412,0.259733138679,0.303367555362,1.0,-0.00616,-0.008096,0.309
0.464327138168,0.542199255307,-0.123991426901,-1.36435712621,0.0790547560825,1.89716473139,0.158122150609,-0.000342797040522,-0.0355624760792,-0.000841424652907,-0.0595913821079,-0.001142045972,0.0250638714448,-0.00517116808212,0.573926338992,0.818892510567,0.00208816883228,0.0,0.818850370614,-0.573866399804,-0.0119236162115,0.0,-0.00856599500648,0.00855333990034,-0.999926729369,0.0,0.660695685337,0.259592582715,0.303373586344,1.0,-0.0065,-0.00854285714286,0.326
0.464252246284,0.541605950013,-0.12398922374,-1.36525778833,0.0789945138949,1.89749264319,0.158016650746,-0.00390835687633,-0.0378221722511,0.000148057252797,-0.0555177529408,-0.00112980763787,0.0238841360623,-0.00895652697417,0.573933594223,0.818887387273,0.00210316137113,0.0,0.818845471898,-0.573873622124,-0.0119124255998,0.0,-0.00854815081996,0.00855927019832,-0.999926831329,0.0,0.660591289558,0.25945776986,0.303392739461,1.0,-0.00682,-0.00896342857143,0.342
0.464165986835,0.540948080607,-0.123988178954,-1.36626877007,0.0789354516506,1.89787236522,0.157874189532,-0.00674219131574,-0.0394601987794,0.000638085091321,-0.0633329396591,-0.0069234212033,0.018567508548,-0.00529560080735,0.573927165871,0.818891831225,0.00212695317768,0.0,0.818850201586,-0.573867073655,-0.0119027744408,0.0,-0.00852666052728,0.00857314669877,-0.999926895936,0.0,0.660476466658,0.259306242181,0.303409489249,1.0,-0.00716,-0.00941028571429,0.359
0.464083306254,0.540339050244,-0.123990346317,-1.36720988667,0.078880959957,1.89821839988,0.157759442832,-0.00534289820688,-0.0401728207048,0.001071166022,-0.0624777875303,-0.00101769679156,0.0218153663678,-0.0038398860249,0.57393998848,0.818882811816,0.00213940117948,0.0,0.818841323924,-0.573879823797,-0.0118987803846,0.0,-0.00851611152812,0.00858118118538,-0.999926916916,0.0,0.66036915093,0.259161329782,0.303422066182,1.0,-0.00746,-0.00980457142857,0.374
0.463981813232,0.539607232797,-0.124000313653,-1.36833149702,0.0788171689133,1.89865170865,0.157614759088,-0.0058553786077,-0.0395564617418,-0.00278277197217,-0.0626330234195,-0.000107766585739,0.0212474305732,-0.00242436508114,0.573956741354,0.818870975039,0.00217536076573,0.0,0.818829986944,-0.573896462051,-0.0118764568826,0.0,-0.00847701718919,0.00859798865651,-0.999927104728,0.0,0.660247774714,0.258984083789,0.303443234102,1.0,-0.0078,-0.0102514285714,0.391
0.463864512394,0.538771653625,-0.123999207038,-1.36965473826,0.0787357124031,1.89915639101,0.157457714744,-0.00510218373247,-0.0423154907909,0.000335588180422,-0.0744257293629,-0.0036212174561,0.0346603124897,-0.0145552876229,0.573974886374,0.818858223989,0.0021876282923,0.0,0.818817411814,-0.573914572395,-0.0118683025469,0.0,-0.00846310833044,0.00860354138695,-0.999927174785,0.0,0.660099023128,0.258782249781,0.303447424589,1.0,-0.00818,-0.0107508571429,0.41
0.463762280271,0.53803247882,-0.124004534283,-1.3707877087,0.0786687013842,1.8995870468,0.157318340006,-0.00701291694686,-0.0495196276276,-0.00219698526781,-0.0710944449005,-0.00995253261646,0.0245634149885,-0.00979955359891,0.573992857953,0.818845545193,0.00221789046572,0.0,0.818805148053,-0.573932443554,-0.0118501754863,0.0,-0.0084307064294,0.00861810215094,-0.999927323111,0.0,0.659973501154,0.258605280513,0.303467735745,1.0,-0.0085,-0.0111714285714,0.426
0.463646535425,0.537183664891,-0.124014095411,-1.37213689501,0.0785932396855,1.90009283126,0.15715526266,-0.00907400332908,-0.0480371806634,-0.000452642545959,-0.077954313713,-0.00518747148291,0.0327833789628,-0.0149447430461,0.574015047926,0.818829978448,0.00222217266796,0.0,0.818789624593,-0.57395460118,-0.0118496136588,0.0,-0.00842755492596,0.00862151446769,-0.999927320262,0.0,0.659820434148,0.258396451177,0.303469085628,1.0,-0.00886,-0.0116445714286,0.444
0.463546721143,0.536398245119,-0.124012277591,-1.37336125391,0.078527927082,1.90055918865,0.157014614492,-0.00347230808059,-0.0512777576725,0.00128283489558,-0.074851050441,-0.01162835372,0.0246639517964,-0.00676381236438,0.574030309733,0.818819204612,0.00224957037321,0.0,0.818779129036,-0.57396967331,-0.0118447826616,0.0,-0.00840771222011,0.00864133190327,-0.999927316238,0.0,0.659679199707,0.258217701529,0.303481155203,1.0,-0.00918,-0.0120651428571,0.46
0.463432695371,0.535530700629,-0.124022849371,-1.37471873918,0.0784446630873,1.90105214117,0.156830003691,-0.00591803015498,-0.0541626621623,-0.000901587272698,-0.0785746714943,-0.00455247477521,0.0339576910427,-0.0115123305718,0.574032153987,0.818817913627,0.00224886959917,0.0,0.818777862456,-0.57397155453,-0.0118411757776,0.0,-0.00840514149033,0.00863870660256,-0.999927360534,0.0,0.659521747842,0.258006584463,0.303490361399,1.0,-0.00952,-0.012512,0.477
0.463315209056,0.53467447423,-0.124023580909,-1.37607932781,0.0783691255263,1.90155319364,0.156666826435,-0.00692859555096,-0.0501616548643,-0.000522323921506,-0.0828916057002,-0.0123692001657,0.033753316246,-0.00884947372428,0.574049662114,0.818805639901,0.00224864262648,0.0,0.818765510587,-0.57398898409,-0.011850388945,0.0,-0.00841263117562,0.00864398922156,-0.999927251897,0.0,0.659362785303,0.257800192061,0.303490339532,1.0,-0.00984,-0.0129325714286,0.493
0.463181379073,0.533722815363,-0.124024405645,-1.3776467017,0.0782794158929,1.90212205614,0.156480246423,-0.010094561616,-0.0504459656575,5.85651457103e-05,-0.0845075211144,-0.00756186013469,0.0362525705734,-0.0140427751304,0.574068848366,0.81879229459,0.00220965073887,0.0,0.818751576396,-0.574008238768,-0.0118804409688,0.0,-0.00845941866268,0.00862951223562,-0.999926982211,0.0,0.659176434262,0.257562007969,0.303464925924,1.0,-0.0102,-0.0134057142857,0.511
0.463065711524,0.532903753163,-0.124025083287,-1.37896261056,0.0782140154576,1.90261586871,0.1563153242,-0.0123581871539,-0.0533186143731,0.000188169492564,-0.087310190941,-0.00355060584882,0.0369782128983,-0.00756246215291,0.574083507927,0.818782006491,0.00221329469991,0.0,0.818741204346,-0.574022747898,-0.011894204587,0.0,-0.00846844223555,0.00864054861881,-0.999926810524,0.0,0.659023719855,0.257362841661,0.303459014937,1.0,-0.0105,-0.0138,0.526
0.462930037438,0.53187856268,-0.124022546071,-1.38060602628,0.0781137457093,1.9032269974,0.156099053743,-0.00964072050222,-0.0549410031116,0.000564902081763,-0.0895375239893,-0.000861752747608,0.0289596761944,-0.0128595109053,0.574078547749,0.818785503866,0.002206031551,0.0,0.818744581667,-0.57401779146,-0.0119009234662,0.0,-0.00847816548893,0.00863840755585,-0.999926746629,0.0,0.658829511804,0.257118542998,0.303452398168,1.0,-0.01086,-0.0142731428571,0.544
0.462793997229,0.530874722712,-0.124028016403,-1.38221678659,0.0780172778455,1.90380016521,0.155896062093,-0.0058581608121,-0.0620291917418,-0.000167811368573,-0.0977215353364,-0.0114937282108,0.0285014715199,-0.00947748746753,0.574089286402,0.818778054389,0.00217618703919,0.0,0.81873670389,-0.574028608861,-0.0119211078901,0.0,-0.00851171178251,0.00862567059616,-0.999926571589,0.0,0.658636025689,0.256871021689,0.303443015651,1.0,-0.0112,-0.01472,0.561
0.46266526381,0.529905600728,-0.124030768676,-1.38377253073,0.0779173421085,1.90435376149,0.155690046086,-0.0115099770218,-0.0573021333367,-0.000360559156859,-0.0919743672192,-0.00301552000418,0.0358708956941,-0.00881301378223,0.574085522657,0.81878077821,0.00214401750737,0.0,0.818739016172,-0.574024984172,-0.0119368272386,0.0,-0.00854308956097,0.00860831622554,-0.999926453552,0.0,0.658447818496,0.256634111879,0.303433343084,1.0,-0.01152,-0.0151405714286,0.577
0.462521001731,0.528845590917,-0.124030795357,-1.38543064986,0.0778155136165,1.90497402845,0.155467246729,-0.00932757274545,-0.0612375837213,-0.000213766134118,-0.0997777324347,-0.00414502123576,0.0318438797537,-0.0124583318443,0.574083834912,0.818781915945,0.0021613687347,0.0,0.818740380271,-0.57402322618,-0.0119278002788,0.0,-0.00852575545848,0.00861732309607,-0.999926523919,0.0,0.658254411248,0.256381833568,0.30344442127,1.0,-0.01186,-0.0155874285714,0.594
0.462376002113,0.527736348492,-0.12402834404,-1.38714908396,0.0777065239641,1.90564055983,0.155231322799,-0.00443062855702,-0.0702296200282,0.00059558309776,-0.100307384622,-0.0118954147531,0.0361587129822,-0.0150337445389,0.5740715141,0.81879043367,0.00220665600812,0.0,0.818749541862,-0.574010778873,-0.0118979132329,0.0,-0.00847541637986,0.00863711795125,-0.999926781075,0.0,0.658056949458,0.256126001331,0.303465115172,1.0,-0.0122,-0.0160342857143,0.611
0.462240404483,0.526649908341,-0.12403398405,-1.38881512094,0.0775986562134,1.90627246524,0.154994940216,-0.00493103221808,-0.0714177904702,0.000309257419188,-0.0996389933493,-0.00428389440335,0.0367539752171,-0.0204765292762,0.57405395964,0.818802635134,0.00224566713215,0.0,0.818762341083,-0.573993163373,-0.0118669341375,0.0,-0.00842784162378,0.00865109476924,-0.999927062362,0.0,0.657863123008,0.255875441054,0.30349167248,1.0,-0.01252,-0.0164548571429,0.627
0.462083131423,0.525402283676,-0.12403786087,-1.39076398993,0.077489865704,1.9069732052,0.154746685321,-0.0099399536574,-0.0663775652234,0.0016573720801,-0.110369905938,-0.00619483408273,0.0339860071274,-0.0118367263453,0.574057839561,0.818799903654,0.00224978156008,0.0,0.818759543061,-0.573996903235,-0.0118790834335,0.0,-0.00843538712971,0.00866147785418,-0.999926908852,0.0,0.65762556755,0.255584750481,0.303502664863,1.0,-0.01288,-0.016928,0.645
0.461926266338,0.524220352868,-0.124049569984,-1.39262769315,0.0773605067307,1.90764696621,0.154477309183,-0.00944339880176,-0.0695359981273,-0.0018611626577,-0.11008159429,-0.00623000390502,0.0390325976985,-0.0155812784348,0.574038435768,0.818813559109,0.00223082514939,0.0,0.818773082002,-0.573977710543,-0.0118732846977,0.0,-0.00844172511917,0.00864242775181,-0.999927020197,0.0,0.657389460307,0.255277570139,0.303505056247,1.0,-0.01324,-0.0174011428571,0.663
0.461777114453,0.523108877059,-0.124052413799,-1.39442297914,0.0772463456752,1.90831711597,0.154236987001,-0.0119674240161,-0.0696279819122,-0.000757993499668,-0.111988647967,-0.00712790594591,0.0422829030497,-0.0154010995511,0.574032128552,0.818818025155,0.00221449137158,0.0,0.818777386371,-0.573971521025,-0.011875669284,0.0,-0.0084531198384,0.00863035733554,-0.999927028186,0.0,0.657188681148,0.25502275007,0.303490576421,1.0,-0.01354,-0.0177954285714,0.678
0.461615654568,0.52186555726,-0.124053872249,-1.39638312751,0.0771338001752,1.90908270338,0.153973136062,-0.00768494570605,-0.0779453606086,-0.00043402829172,-0.114220045584,-0.00473565156141,0.0405874270695,-0.0204556549806,0.574024189052,0.818823475727,0.00225674154516,0.0,0.818783363067,-0.573963391189,-0.0118565105067,0.0,-0.00841326409423,0.0086538728744,-0.999927161083,0.0,0.656960142901,0.254733188003,0.303497742741,1.0,-0.01388,-0.0182422857143,0.695
0.461447575969,0.520631560086,-0.124056357179,-1.39840056239,0.0770039004688,1.90984092591,0.153689452382,-0.00737654662161,-0.0711167518012,0.000320669665661,-0.116077444705,-0.00811571314397,0.0472130218592,-0.0173751842313,0.574004057863,0.818837665975,0.00222828158553,0.0,0.818797233597,-0.573943426692,-0.0118650795049,0.0,-0.00843682887468,0.00863528083652,-0.999927123266,0.0,0.656718553275,0.254428538496,0.30347015507,1.0,-0.01422,-0.0186891428571,0.712
0.461296714075,0.519382225106,-0.124070191035,-1.40033157783,0.0768824670335,1.91052746239,0.153445135014,-0.00979822353953,-0.0779336101013,-0.00185160417883,-0.119102657503,-0.00331806173555,0.04317259614,-0.016928710289,0.574007127136,0.818835515359,0.00222793271907,0.0,0.818795112437,-0.573946531756,-0.0118612577766,0.0,-0.00843386724529,0.00863283313056,-0.999927169386,0.0,0.656480512385,0.25413561839,0.303488204444,1.0,-0.01454,-0.0191097142857,0.728
0.46108951844,0.517791867697,-0.124069017793,-1.40282341223,0.0767224514182,1.91141780695,0.153108269783,-0.00775736489707,-0.0845462247864,0.000236622553261,-0.128341402422,-0.00572409365075,0.0440342085915,-0.00891499962299,0.573988898427,0.818848328831,0.00221489392663,0.0,0.818807737851,-0.573928338172,-0.011870045474,0.0,-0.00844873917343,0.00862701270829,-0.999927094071,0.0,0.656171731145,0.253760044211,0.303495454666,1.0,-0.01494,-0.0196354285714,0.748
0.460939555717,0.516678708982,-0.124071267849,-1.40457724977,0.0766164060211,1.91205740752,0.152861187381,-0.0112022247856,-0.0771574474576,0.000577032549059,-0.127165528601,-0.00352255120571,0.0502041473928,-0.0150184287429,0.573975119468,0.818857990265,0.00221380027501,0.0,0.818817344433,-0.573914523815,-0.0118752983247,0.0,-0.0084538135514,0.00862898997171,-0.999927034122,0.0,0.655957569198,0.253493083049,0.303497116763,1.0,-0.01522,-0.0200034285714,0.762
0.460714395046,0.514996793395,-0.124076968828,-1.40726277523,0.0764501008077,1.91307531672,0.152502063519,-0.00902111843752,-0.078766587982,-6.06661524135e-05,-0.127083244588,-0.00904115057545,0.0531171219521,-0.0138182981783,0.573966485888,0.818864023708,0.00222050775639,0.0,0.818823500048,-0.573905900308,-0.0118676140098,0.0,-0.00844376222542,0.00862998279598,-0.999927110482,0.0,0.655635307028,0.25308764319,0.303486728289,1.0,-0.01564,-0.0205554285714,0.783
0.460559012458,0.513822791096,-0.124077663345,-1.40911499938,0.0763404974145,1.91372561111,0.152236077538,-0.0124871305882,-0.0815630207252,0.000845944583293,-0.129679989377,-0.00432668144976,0.0452270475445,-0.0214283662055,0.573944058281,0.818879800062,0.00219952619151,0.0,0.818838890707,-0.573883444274,-0.0118916086031,0.0,-0.00847568959205,0.00862634177168,-0.999926871783,0.0,0.655401341206,0.252807437332,0.303484375681,1.0,-0.01592,-0.0209234285714,0.797
0.460337287033,0.512164877605,-0.124076216883,-1.41180313817,0.0761720061505,1.91467179345,0.151858293812,-0.00895278245312,-0.0870906680422,0.00183688656831,-0.138997482072,-0.00627715145433,0.0494812683062,-0.0195957153019,0.573910430304,0.81890356256,0.00212605646365,0.0,0.818861596572,-0.573850017611,-0.0119410991609,0.0,-0.00855873588681,0.00859423281356,-0.999926440896,0.0,0.655058994456,0.252402823435,0.303448423727,1.0,-0.01632,-0.0214491428571,0.817
0.46019571345,0.51114777637,-0.124086494927,-1.41342444959,0.0760767679237,1.91529668035,0.151626583272,-0.0119119419253,-0.0862532599854,-0.00156190787519,-0.134391554053,-0.00584357586707,0.0508533287421,-0.0132034942887,0.573903248828,0.818908555233,0.00214150705083,0.0,0.818866809567,-0.573842792898,-0.0119308059213,0.0,-0.00854151510338,0.0086009029198,-0.999926530795,0.0,0.654867367855,0.252152039393,0.303443505093,1.0,-0.01656,-0.0217645714286,0.829
0.459955846854,0.509412027973,-0.12408229386,-1.41619567768,0.0759062256821,1.91632342963,0.15124451496,-0.0123540604194,-0.0820051457699,0.00080365048809,-0.1411758639,-0.00558818437112,0.051945854436,-0.0187372537058,0.573882252537,0.818923291748,0.00213292227973,0.0,0.818881369316,-0.573821769078,-0.0119426638324,0.0,-0.00855637307868,0.00860045872397,-0.999926407587,0.0,0.654525386736,0.251733547137,0.303428352953,1.0,-0.01696,-0.0222902857143,0.849
0.459813596503,0.508352356378,-0.124085354267,-1.41786979885,0.0758053250629,1.91692550758,0.151012879021,-0.0157616340549,-0.0821421666317,0.000443697200395,-0.138434124132,-0.00621498286275,0.0523365560101,-0.0137520818265,0.573870899279,0.818931274168,0.00212274606714,0.0,0.818889161048,-0.573810400796,-0.0119546124029,0.0,-0.00857211723555,0.008598863471,-0.99992628646,0.0,0.654315286721,0.251478527182,0.303425213629,1.0,-0.0172,-0.0226057142857,0.861
0.45959522997,0.506815348246,-0.124088313803,-1.4202703278,0.0756533546817,1.91779614705,0.150674184775,-0.0112145586393,-0.0888043534367,-5.04029044051e-06,-0.137383926934,-0.011511483533,0.0420231950139,-0.0165355677954,0.573857622604,0.818940569568,0.00212588721453,0.0,0.818898485814,-0.573797101223,-0.0119542235797,0.0,-0.00857013574758,0.00860107374185,-0.999926284435,0.0,0.654018789111,0.251103901303,0.30343308053,1.0,-0.01754,-0.0230525714286,0.878
0.459342798728,0.505024508083,-0.124099578211,-1.42301283943,0.0754721011394,1.91885089384,0.150300328515,-0.016826535499,-0.0988751126338,0.00112660511303,-0.137032236915,-0.0138232455793,0.0537221712689,-0.0191608760898,0.573858897161,0.818939474498,0.00220230758198,0.0,0.818898575007,-0.573798255865,-0.0118925320616,0.0,-0.00847574689197,0.00862826799484,-0.999926854678,0.0,0.653694696219,0.250672704663,0.303471167758,1.0,-0.01792,-0.023552,0.897
0.459125599302,0.503463542555,-0.124106769198,-1.42534382988,0.0753269338595,1.91973666165,0.149960097708,-0.010424506567,-0.0994747493626,-0.000340114695669,-0.137428040699,-0.00503574825134,0.0618738158331,-0.0185916906732,0.573843973068,0.818949667741,0.00229851735836,0.0,0.818910078629,-0.573783013948,-0.0118356632916,0.0,-0.00837412353044,0.00867427008436,-0.999927312905,0.0,0.65341672992,0.250307175378,0.303529034429,1.0,-0.01824,-0.0239725714286,0.913
0.458880959329,0.5016842504,-0.124105699154,-1.42800217867,0.0751599134195,1.92071096351,0.149601754032,-0.016085381188,-0.095123296801,0.000205586828687,-0.150354176028,-0.00587612497459,0.054007338856,-0.0185641320115,0.573840943109,0.818951559151,0.00237963798395,0.0,0.81891300958,-0.57377965687,-0.0117955501866,0.0,-0.00829475605021,0.00871765398858,-0.999927597144,0.0,0.653088582321,0.249895222621,0.303590308614,1.0,-0.0186,-0.0244457142857,0.931
0.45863379416,0.499966725434,-0.124110716148,-1.43061845309,0.0749858876409,1.92162682726,0.149231496482,-0.0157176083877,-0.0956165106879,0.000661372912552,-0.154089045523,-0.0168043755034,0.0536726626494,-0.02746112286,0.57382966728,0.818959432985,0.00238892756461,0.0,0.818921025888,-0.573768370121,-0.0117880324049,0.0,-0.00828338874013,0.00872083362784,-0.99992766365,0.0,0.652758400122,0.249477364009,0.303622948517,1.0,-0.01894,-0.0248925714286,0.948
0.458415695541,0.498486126401,-0.124111614737,-1.43293165367,0.0748434329496,1.92248478876,0.148905954039,-0.0155639059299,-0.0953577791986,0.00225248124877,-0.147954726473,-0.00409835483058,0.0609530837339,-0.0203707510484,0.573821538567,0.818965067442,0.00240978977616,0.0,0.818926897707,-0.573760128111,-0.0117812776358,0.0,-0.00826597268843,0.00873396068056,-0.999927693199,0.0,0.652472603592,0.249114872073,0.303628940592,1.0,-0.01924,-0.0252868571429,0.963
0.458150835393,0.496830046658,-0.124116329039,-1.43560135736,0.0746778303879,1.92344098734,0.148506416558,-0.0214857496001,-0.0938012629087,7.8009153029e-05,-0.156608128634,-0.0103948495552,0.0455970112081,-0.0244777295383,0.573805117994,0.818976719889,0.00235918318813,0.0,0.818937813516,-0.573743818982,-0.0118167117005,0.0,-0.00832420528303,0.00871268171948,-0.999927395756,0.0,0.65213756362,0.248682786556,0.303595767186,1.0,-0.01958,-0.0257337142857,0.98
0.457920094658,0.495333200869,-0.124117073039,-1.43799527306,0.0745292223574,1.92425831268,0.148159191981,-0.0175418041475,-0.0879177696855,0.00105617344762,-0.161991589066,-0.0146723061671,0.0579297517072,-0.0252051183363,0.573789307489,0.818988050608,0.00226946545256,0.0,0.81894778142,-0.573728157465,-0.0118861069885,0.0,-0.00843268571468,0.00867886189006,-0.999926780903,0.0,0.651803759163,0.248272679577,0.303551696631,1.0,-0.0199,-0.0261542857143,0.996
0.457635551099,0.493641617339,-0.124118762297,-1.44077072615,0.0743543870278,1.92526372789,0.147769773277,-0.0223013145677,-0.102067546232,0.000585313460497,-0.164306578855,-0.00840913906457,0.0679129009564,-0.0235590656418,0.573798331991,0.818981858143,0.00222196725658,0.0,0.818940953121,-0.573737352811,-0.0119126903821,0.0,-0.00848161499015,0.00865530849518,-0.999926571225,0.0,0.651478246659,0.24784630674,0.303514394965,1.0,-0.0215891428571,-0.0283743020408,1.012
0.457322128924,0.491474292558,-0.124149340151,-1.44421277982,0.0741435822707,1.9265392098,0.14727892064,-0.0162743289914,-0.115643232699,-0.00147144961477,-0.190865243722,-0.0167622212395,0.0679952151844,-0.0244760489569,0.573791055985,0.818986965219,0.00221850744469,0.0,0.81894605867,-0.573730136052,-0.0119092768871,0.0,-0.00848088124089,0.00865044103683,-0.999926619569,0.0,0.65102497701,0.247269510346,0.303497258639,1.0,-0.0245148571429,-0.0322195265306,1.032
0.456983752703,0.489343175197,-0.124162919515,-1.44766193399,0.0739336277976,1.92774837455,0.146790347901,-0.0194786551406,-0.128282938759,-0.000207238498048,-0.208278422743,-0.0144740489835,0.0713194217104,-0.0268228573897,0.573792420933,0.818986263963,0.00212226795693,0.0,0.818943945915,-0.573731735073,-0.0119773336331,0.0,-0.00859182466645,0.00861068753903,-0.999926015568,0.0,0.650604178793,0.246736790726,0.303441643362,1.0,-0.0268554285714,-0.0352957061224,1.048
0.45657527759,0.486776615895,-0.124194083717,-1.45162690523,0.0736872615553,1.92926971897,0.146205627883,-0.0183339971074,-0.146440617852,-0.00287276391042,-0.22623973479,-0.0166666246799,0.0922740841158,-0.0371197333574,0.573800917785,0.818980059057,0.00221732218361,0.0,0.81893913716,-0.573740001468,-0.0119099640709,0.0,-0.00848201995043,0.00864996676918,-0.999926614013,0.0,0.650128112921,0.246080246252,0.303470633813,1.0,-0.0294885714286,-0.0387564081633,1.066
0.456189541881,0.484454381347,-0.124219912814,-1.45517356969,0.07346777713,1.9305798995,0.145671111322,-0.023125630222,-0.160739468092,0.000968437802347,-0.239520043689,-0.019216672265,0.0935731734895,-0.041819854657,0.573813223695,0.818971247866,0.00228612810349,0.0,0.818931268664,-0.573752080171,-0.0118690607964,0.0,-0.00840891067412,0.00868297300009,-0.999926945432,0.0,0.649694947388,0.245478380277,0.30350909396,1.0,-0.0316828571429,-0.0416403265306,1.081
0.45575820713,0.481805142798,-0.124261810418,-1.45928739326,0.0732081514872,1.93197253548,0.145042736144,-0.0301673518319,-0.169096111575,-0.000619156533943,-0.267694270644,-0.0231896654697,0.0926335822681,-0.0421993650216,0.573812757319,0.818971756375,0.00222006722112,0.0,0.818930852175,-0.573751810056,-0.0119107814064,0.0,-0.00848098926694,0.00865280645524,-0.999926598187,0.0,0.6491620248,0.244774387874,0.303510810092,1.0,-0.0340234285714,-0.0447165061224,1.097
0.455174633311,0.47822630213,-0.124296031142,-1.4647911618,0.0728747480929,1.93398613489,0.144237457089,-0.0263065398081,-0.182565553184,0.00013851271165,-0.280612775242,-0.0157534566321,0.107870853561,-0.0469051589323,0.573833820795,0.818956790776,0.00229518079877,0.0,0.818916795981,-0.573772501142,-0.0118804500647,0.0,-0.00841282560347,0.00869713360612,-0.999926789436,0.0,0.64847140068,0.243854217468,0.303546771036,1.0,-0.0369491428571,-0.0485617306122,1.117
0.454688540993,0.475368804196,-0.124316874528,-1.46914900711,0.0726038861912,1.93561442473,0.143613669568,-0.0358157010138,-0.192345620687,0.000496935609608,-0.296047547411,-0.0182119068001,0.109537024139,-0.0452347989116,0.573873568631,0.818928636866,0.00240038506595,0.0,0.818890045858,-0.573811871782,-0.0118226688276,0.0,-0.00830471251085,0.00875053706252,-0.999927227278,0.0,0.647932997888,0.243115677435,0.303592261101,1.0,-0.0391434285714,-0.0514456489796,1.132
0.454111632919,0.471945372102,-0.12433517867,-1.47443128198,0.0722813195181,1.93746303863,0.142834818674,-0.0329602445389,-0.204677678441,0.000344758402473,-0.316829735619,-0.023426693168,0.108086002916,-0.050545294309,0.573887541657,0.818918842825,0.00240110354423,0.0,0.818879941143,-0.573825503257,-0.0118608898303,0.0,-0.00833545220834,0.00877320134687,-0.999926772906,0.0,0.647202317879,0.24217394291,0.303605872185,1.0,-0.0417765714286,-0.0549063510204,1.15
0.453578335296,0.468734653632,-0.124341623868,-1.47925978981,0.0719868465761,1.9392779825,0.1420690601,-0.0332480176736,-0.215552817985,-0.000259979424107,-0.314304188836,-0.022248423401,0.122741776997,-0.0520985066374,0.573851798756,0.818943375977,0.00257039101653,0.0,0.818906676012,-0.573789125582,-0.0117746442489,0.0,-0.00816806175882,0.00886198176594,-0.999927371386,0.0,0.646637884153,0.241423725125,0.303682801982,1.0,-0.0438245714286,-0.0575980081633,1.164
0.45294567037,0.46492548271,-0.124342470001,-1.48506016742,0.0715943511929,1.94135765572,0.14115697866,-0.0394161561931,-0.224141656439,-0.00270069163623,-0.346714024536,-0.0249597926138,0.116134584303,-0.0555911996687,0.573789706564,0.818986674656,0.00263557936351,0.0,0.818950859703,-0.573726845374,-0.0117364044903,0.0,-0.00810001220232,0.00889280928832,-0.999927651255,0.0,0.64588037135,0.240457503376,0.303729931626,1.0,-0.0463114285714,-0.0608664489796,1.181
0.452145011288,0.460239497355,-0.124352428446,-1.49237572185,0.0711108651155,1.94386757837,0.140092220102,-0.0407288490671,-0.239681436279,-0.00121525484469,-0.366570905227,-0.0280027697836,0.118659604492,-0.0506589000362,0.573789564263,0.818987112605,0.0025282860842,0.0,0.818949660788,-0.573726834958,-0.0118202726464,0.0,-0.00823026385003,0.00885305857111,-0.999926940387,0.0,0.644892720387,0.239226244185,0.30369401683,1.0,-0.0492371428571,-0.0647116734694,1.201
0.451498221054,0.456597150127,-0.124354157732,-1.49804868934,0.0707303615277,1.94589896492,0.139211021775,-0.0455048071075,-0.241258080917,-0.000303210269599,-0.38330206673,-0.0276943307113,0.138267739091,-0.0576947650865,0.573756847994,0.819010058778,0.00251990099998,0.0,0.818972456055,-0.573694109536,-0.0118292775799,0.0,-0.0082428036652,0.00885102893898,-0.999926855062,0.0,0.644142754476,0.238264067103,0.303675659597,1.0,-0.0514314285714,-0.0675955918367,1.216
0.450703119068,0.452256968488,-0.124390744108,-1.50471679812,0.0702650738554,1.94828397557,0.138119021099,-0.0472103436606,-0.260460089249,-0.00908718610636,-0.395344011754,-0.0279446562838,0.148966133535,-0.0675450826887,0.573717485167,0.819037561021,0.00254317757482,0.0,0.819000506098,-0.573654928434,-0.0117873234863,0.0,-0.00819551211847,0.008845627614,-0.999927291583,0.0,0.643271664569,0.237089332709,0.303691030131,1.0,-0.0539182857143,-0.0708640326531,1.233
0.449978811283,0.448197365084,-0.124449632211,-1.51079615914,0.0698580987194,1.95051129815,0.137214377434,-0.0481639454808,-0.271426825956,-0.00648191479191,-0.412084096994,-0.0248134313396,0.137348954804,-0.0629943036705,0.573776884888,0.818995448066,0.00269987335587,0.0,0.818960725061,-0.573714081659,-0.0116717700053,0.0,-0.00801032536586,0.00890825358736,-0.999928236278,0.0,0.642488412039,0.236012223535,0.303776425805,1.0,-0.0561125714286,-0.0737479510204,1.248
0.449098644195,0.443504172134,-0.124470675628,-1.5181106583,0.069369739202,1.95290702718,0.13612243729,-0.0559919258549,-0.276432713907,-0.00154549564549,-0.440752431327,-0.0317940023427,0.145899163685,-0.0710159884602,0.573811247168,0.818971985636,0.00250724300842,0.0,0.818934358677,-0.573748700175,-0.0118191423676,0.0,-0.00824117774441,0.00883539437627,-0.999927006734,0.0,0.641466191102,0.234721412306,0.303717801644,1.0,-0.0585994285714,-0.0770163918367,1.265
0.448193662641,0.438658403623,-0.124495916933,-1.52562303305,0.0688398268972,1.95551886413,0.134894104644,-0.0534191319639,-0.288874581456,-0.0017383427402,-0.443298586345,-0.0258659956009,0.156316945464,-0.0688608776224,0.573750394634,0.81901482731,0.00243807396073,0.0,0.81897636343,-0.573688185492,-0.0118460487922,0.0,-0.00830355524836,0.00879356941894,-0.999926859379,0.0,0.640439846229,0.233400419771,0.303682750482,1.0,-0.0610862857143,-0.0802848326531,1.282
0.447210035332,0.433542744914,-0.124507311939,-1.53321323084,0.0683456538675,1.95832625668,0.133664110217,-0.0623940885037,-0.31039749664,-0.000254187750346,-0.445713262736,-0.0241416007939,0.167400287323,-0.0769983548194,0.573753315412,0.819011892169,0.00272037502535,0.0,0.818977116132,-0.573690088094,-0.0117009818163,0.0,-0.00802274553239,0.00894157415675,-0.999927839299,0.0,0.639443326366,0.232051594156,0.303804689787,1.0,-0.0635731428571,-0.0835532734694,1.299
0.446170866812,0.428392925115,-0.124555891695,-1.54120922669,0.0677460494012,1.96106296216,0.132390807199,-0.0594183680463,-0.305220140639,-0.00293314810251,-0.479236233987,-0.0321324877988,0.157604954739,-0.0711666951919,0.573773871833,0.818997936565,0.00258279007926,0.0,0.818961705579,-0.573711497965,-0.0117298252346,0.0,-0.00812508273113,0.0088456437153,-0.999927866207,0.0,0.638343932842,0.230580444571,0.303746332586,1.0,-0.06606,-0.0868217142857,1.316
0.445154070712,0.423294328075,-0.124629594435,-1.54902280454,0.0671794261209,1.96362132917,0.131076610979,-0.0654155608134,-0.318344719132,-0.00480591728808,-0.50038803395,-0.0343886986469,0.166205407186,-0.0767417424816,0.573757700312,0.81900975819,0.00242161591318,0.0,0.818971505973,-0.573696003554,-0.0118031695593,0.0,-0.0082777990484,0.00875556242576,-0.99992740645,0.0,0.637241760744,0.229125548843,0.303718517538,1.0,-0.0684005714286,-0.0898978938775,1.332
0.443874332493,0.417039392084,-0.12468021935,-1.55839006008,0.0665202789354,1.96694541317,0.129591475382,-0.0700177279704,-0.340748720177,-0.00252547461528,-0.487260547604,-0.0339662704224,0.193660553529,-0.0872012646267,0.573835534019,0.818954756049,0.00257572184251,0.0,0.818918740515,-0.573773512243,-0.0116961524905,0.0,-0.00810089470876,0.0088211446319,-0.999928278884,0.0,0.635966103454,0.227389315754,0.303793979179,1.0,-0.07118,-0.0935508571428,1.351
0.442817872075,0.411997233883,-0.124688778089,-1.56596853063,0.0660102918602,1.96967866984,0.12826812279,-0.0680028079418,-0.336433601588,-0.0014495698133,-0.51271545646,-0.0398749274237,0.178950637745,-0.0885872332036,0.573794598171,0.818982901231,0.00274107670102,0.0,0.818948945833,-0.573731911234,-0.0116217490869,0.0,-0.00794552358605,0.00891347033406,-0.999928706809,0.0,0.634927486876,0.225999243114,0.303838722161,1.0,-0.0733742857143,-0.0964347755102,1.366
0.441488621187,0.405808226841,-0.124749121647,-1.57551871463,0.0653191167422,1.97274509462,0.126732889442,-0.0733520326287,-0.351075104875,-0.00258728428936,-0.532500691582,-0.0413933432434,0.181592736303,-0.0869730447501,0.573862922568,0.818935890195,0.00246997047616,0.0,0.818898170858,-0.573800928608,-0.0117909708722,0.0,-0.0082389364997,0.00878922452945,-0.999927432096,0.0,0.633535518346,0.224190394021,0.303744337165,1.0,-0.0760074285714,-0.099895477551,1.384
0.440167695498,0.399746198838,-0.124815120529,-1.58460081682,0.064700107017,1.97591818509,0.125186194505,-0.0785236062769,-0.37403128879,-0.00271612885706,-0.52614617827,-0.0363993557181,0.202818077435,-0.0901398689859,0.573917114274,0.818897538736,0.00259111881898,0.0,0.818861347286,-0.573854617264,-0.0117353767091,0.0,-0.00812330200378,0.00885707110894,-0.99992777952,0.0,0.632265432936,0.22245702721,0.303786172348,1.0,-0.0784942857143,-0.103163918367,1.401
