position_joint1,position_joint2,position_joint3,position_joint4,position_joint5,position_joint6,position_joint7,velocity_joint1,velocity_joint2,velocity_joint3,velocity_joint4,velocity_joint5,velocity_joint6,velocity_joint7,ee_T_00,ee_T_10,ee_T_20,ee_T_30,ee_T_01,ee_T_11,ee_T_21,ee_T_31,ee_T_02,ee_T_12,ee_T_22,ee_T_32,ee_T_03,ee_T_13,ee_T_23,ee_T_33,v_x,v_y,time
0.465081453042,0.547857002284,-0.1239849517,-1.35584691298,0.0794781835681,1.89409469135,0.159166267064,-0.000321330352887,0.00022454994874,0.000192294058414,-0.00020742977095,-0.000216262845593,8.41883209331e-05,0.000335104823234,0.573797755993,0.818983186331,0.00185003385666,0.0,0.818938891163,-0.573739752723,-0.0119388268954,0.0,-0.00871642834266,0.00836569782256,-0.999927016825,0.0,0.661669075693,0.260891076901,0.303153382737,1.0,0.0,0.0,0.0
0.465077608958,0.547859786018,-0.123987483661,-1.35584554438,0.0794829953922,1.89409520822,0.159162401516,-0.000722863049232,0.000510765877482,-0.000597218971716,0.000240778788827,-0.00027672218307,-0.000538564776367,-0.00142982740729,0.573800716538,0.818981109454,0.001851205043,0.0,0.818936800075,-0.573742679653,-0.0119416049486,0.0,-0.00871800137604,0.00836828252568,-0.999926981484,0.0,0.661670732915,0.260888008746,0.303152199692,1.0,-8e-05,-0.000105142857143,0.005
0.465078948988,0.547856228303,-0.123982196908,-1.35585046203,0.0794794469302,1.89409684143,0.159166024838,-0.00140863107047,-0.000999014351985,0.000278538462428,-0.00081226723856,4.55717140266e-05,0.000270536431972,0.000862948943339,0.573796182257,0.818984286815,0.00185096705587,0.0,0.818939998442,-0.573738170075,-0.011938930074,0.0,-0.0087159934904,0.0083665045357,-0.999927013866,0.0,0.661669416477,0.260889706723,0.303152816839,1.0,-0.00042,-0.000552,0.022
0.46507513137,0.547850298961,-0.123982858285,-1.35586046561,0.0794832365619,1.89409642774,0.159162871354,-0.00135392846028,0.000438105460909,0.000886006984833,-0.000355637832624,0.000192586120875,0.000101902503521,-0.000663418296651,0.573800768498,0.818981076834,0.00184952960904,0.0,0.818936705443,-0.573742700162,-0.0119471080143,0.0,-0.0087234692285,0.00837006859435,-0.999926918848,0.0,0.661667376194,0.260887520669,0.303151772206,1.0,-0.00076,-0.000998857142857,0.039
0.465082857385,0.54779925177,-0.123982849527,-1.3559087808,0.0794789737,1.89410528805,0.159166464466,0.000716795337352,-0.00651736144769,0.000749309882572,-0.00441657374386,0.000139541497368,-0.000527171892213,-0.00117247287012,0.573795824554,0.818984507281,0.00186425832426,0.0,0.818940317583,-0.573737684497,-0.0119403737732,0.0,-0.00870955356303,0.0083782142254,-0.999926971935,0.0,0.661657176529,0.26088629143,0.303170729495,1.0,-0.0011,-0.00144571428571,0.056
0.465078257463,0.547673453745,-0.123985390221,-1.35606335971,0.0794766890442,1.89413214803,0.159164381954,-0.000534696967589,-0.0102668935329,-0.000788317387789,-0.0136989231212,0.000252073918628,0.000378986872181,0.00121799383469,0.573807234353,0.818976507434,0.00186680916525,0.0,0.818932255112,-0.573748989858,-0.0119501077571,0.0,-0.00871594545049,0.00838600997854,-0.99992685089,0.0,0.661631059818,0.260871605698,0.303184705635,1.0,-0.00142,-0.00186628571429,0.072
0.46506554923,0.547529601664,-0.123990273934,-1.35626979522,0.0794722515658,1.89418356878,0.159152124455,-0.000320440822489,-0.0064316412284,-0.00177370032942,-0.0094953254561,-0.000384244751432,0.00823046749701,-0.00226282711176,0.57382446651,0.81896445451,0.00185762904508,0.0,0.818920015816,-0.573766194837,-0.0119627864261,0.0,-0.00873142021818,0.00838595060146,-0.999926716381,0.0,0.661604206308,0.260836651545,0.303191926074,1.0,-0.00176,-0.00231314285714,0.089
0.465042846328,0.547352239145,-0.123985696706,-1.35648788415,0.0794689490692,1.89432486146,0.159146075891,-0.00424909889041,-0.0147862259569,0.00142761335768,-0.0142167446703,-0.000186501746837,0.00851491408583,0.000115655598807,0.573846609277,0.818948729208,0.00194803779491,0.0,0.818905438691,-0.573787924928,-0.0119183300045,0.0,-0.00864290705016,0.00843471440074,-0.999927075216,0.0,0.661592131326,0.260809802941,0.303225872491,1.0,-0.0021,-0.00276,0.106
0.465028205223,0.547172139408,-0.123977674527,-1.35670541348,0.0794678731183,1.89442811895,0.159136742558,-0.00117995923983,-0.00449781288786,0.0013769500837,-0.0170942124121,0.000267948509355,0.00716106144735,-0.00073052800395,0.573857332536,0.818941059025,0.00201261988524,0.0,0.818898491963,-0.573798264507,-0.0118978321848,0.0,-0.00858895085616,0.00847595281779,-0.999927191423,0.0,0.661569638732,0.26078815436,0.303258604759,1.0,-0.00242,-0.00318057142857,0.122
0.464997037101,0.546945816283,-0.123987594821,-1.3570456089,0.0794587758241,1.89457325572,0.159117322891,-0.000647285305305,-0.0103735279003,-0.00114481748376,-0.025926764751,-0.000321820901113,0.007753953645,0.000578666117518,0.573890639426,0.818917645893,0.00204208867608,0.0,0.818875435958,-0.573831420545,-0.0118856250226,0.0,-0.00856169825681,0.0084934287239,-0.999927276851,0.0,0.661537443705,0.260732768971,0.30326990088,1.0,-0.00278,-0.00365371428571,0.14
0.464964374232,0.546702401833,-0.123986038345,-1.35740505956,0.0794513658857,1.89470176593,0.159056498761,-0.000154325116996,-0.0127924419858,-0.000480821159511,-0.0218589500374,0.000328869289106,0.00989703962193,-0.00388789090385,0.573884588855,0.818921837322,0.00206153652033,0.0,0.818879734518,-0.573825146403,-0.0118923779114,0.0,-0.0085561312058,0.00851316679152,-0.999927156652,0.0,0.661495602188,0.260680118049,0.303282303581,1.0,-0.0031,-0.00407428571429,0.156
0.464920834911,0.546407724044,-0.123983541114,-1.35784713252,0.0794378099059,1.89486219591,0.15894229082,-0.0067589354136,-0.0217261505622,-0.00154501843565,-0.0290126886113,-0.00301966735771,0.00334786867611,-0.0152575681815,0.573846067671,0.818948780577,0.00208142043895,0.0,0.818906793928,-0.573786406793,-0.0118982830425,0.0,-0.00854995824708,0.00853243655028,-0.999927045209,0.0,0.6614454558,0.260612855437,0.303294399297,1.0,-0.00344,-0.00452114285714,0.173
0.464881338888,0.546111728461,-0.123986020888,-1.35834646184,0.0794155786647,1.89504262669,0.158923813244,-0.00077219974816,-0.0222674293785,-2.78397442278e-05,-0.0293782028435,-0.000777757143501,0.00847231701791,-0.00275468502584,0.573887051867,0.818920104122,0.00206438014956,0.0,0.818877828591,-0.573827388804,-0.0119153934789,0.0,-0.00857332246071,0.00852872937418,-0.999926876785,0.0,0.661386720958,0.260538554033,0.303282044345,1.0,-0.00378,-0.004968,0.19
0.464831274429,0.545803930089,-0.123984330703,-1.35888929448,0.0793427497476,1.89521568412,0.158847413921,-0.0014324829655,-0.0141564674788,-5.79350529314e-05,-0.0338652664804,-0.00430107769239,0.0066447434624,-0.000601062542858,0.573862719225,0.818937327924,0.00199482292906,0.0,0.818894499186,-0.573803694321,-0.0119107718817,0.0,-0.00860970469561,0.00846886051537,-0.999927073034,0.0,0.661317914912,0.260442579621,0.303261815668,1.0,-0.00412,-0.00541485714286,0.207
0.464761654936,0.545430795044,-0.123989221537,-1.35953695061,0.0792868783213,1.89543800367,0.158751411662,-0.00310032914975,-0.0228947015274,0.000337503094745,-0.0406241039236,-0.000302673927197,0.00780010399104,-0.00967785142177,0.573878264844,0.818926579686,0.00193419902335,0.0,0.818883063295,-0.573819589932,-0.0119312094534,0.0,-0.00866107001121,0.00843110692482,-0.999926948483,0.0,0.661249165273,0.260331153275,0.303231725596,1.0,-0.00444,-0.00583542857143,0.223
0.464698202187,0.545006145629,-0.123986737779,-1.36024441523,0.0792738792584,1.89566487074,0.15868939487,-0.00484253615642,-0.022161625487,0.000587174918563,-0.0442457179577,0.000376912800241,0.0146536844392,-0.00712189628638,0.57391354118,0.818901929858,0.00190353013385,0.0,0.818857674556,-0.573854662525,-0.0119867435327,0.0,-0.008723785729,0.00843823714915,-0.999926343146,0.0,0.661159657137,0.260225520259,0.303215198038,1.0,-0.00478,-0.00628228571429,0.24
0.464643511423,0.544677192416,-0.123987053535,-1.36079453732,0.0792528318775,1.89585686564,0.158598380619,-0.00307876860853,-0.0257163717302,0.000816428459784,-0.0405543393107,0.000516270208431,0.0185050155652,-0.00298702254493,0.573909066606,0.818905108336,0.00188512882768,0.0,0.818860477731,-0.573850136878,-0.0120118823197,0.0,-0.00875497891702,0.00843754811165,-0.999926076331,0.0,0.661095592022,0.26013781718,0.303202840426,1.0,-0.00504,-0.006624,0.253
0.464563369073,0.544114794843,-0.123995971465,-1.36170774028,0.0792105428703,1.89619504204,0.158486139722,-0.00233017456917,-0.0287446867022,-7.28357044029e-05,-0.0463364886819,-0.000336034137587,0.00969755827278,-0.0110888687671,0.57392871697,0.818891352569,0.00187814443106,0.0,0.818846548941,-0.573869736138,-0.0120250627347,0.0,-0.00876957848006,0.00843960340114,-0.999925931051,0.0,0.660993013751,0.259994762021,0.303195784459,1.0,-0.00544,-0.00714971428571,0.273
0.464481284339,0.543588623684,-0.12399815047,-1.3625500505,0.0791709528584,1.8964752031,0.158381960354,1.8644660394e-05,-0.0358723780044,-0.00449906464109,-0.0468974204679,-9.40749210774e-06,0.0188004510577,-0.00305816311106,0.57394832015,0.818877668803,0.00185370813682,0.0,0.818832400322,-0.573889303308,-0.0120546519179,0.0,-0.00880763156375,0.00843678593569,-0.999925620368,0.0,0.660892892561,0.259858772196,0.303191513602,1.0,-0.00578,-0.00759657142857,0.29
0.464401416779,0.543006588965,-0.124000230168,-1.36346988948,0.079105868936,1.89681341261,0.158278561995,-0.00723568223775,-0.0335060390873,-0.000475556054734,-0.055115475292,-0.00381572190337,0.0179519894592,-0.00330918411281,0.573964335143,0.818866457555,0.00184758640865,0.0,0.818821197939,-0.57390542814,-0.0120479150972,0.0,-0.00880546322012,0.00842807876167,-0.999925712894,0.0,0.660788662743,0.259715662349,0.30319478672,1.0,-0.00614,-0.00806971428571,0.308
0.46432743484,0.542481089511,-0.124005303523,-1.36428341866,0.0790613598747,1.89709787944,0.158163448435,-0.0017770373409,-0.0356784150926,-7.77060862938e-05,-0.0518961408505,-0.00575908734361,0.0170702076962,-0.00994364310829,0.573962305061,0.818867890178,0.00184328644591,0.0,0.818822516292,-0.573903361546,-0.0120567541131,0.0,-0.00881519023512,0.00842960912429,-0.999925614289,0.0,0.660685011361,0.259583210468,0.303201667154,1.0,-0.00646,-0.00849028571429,0.324
0.464248039034,0.541838405803,-0.124005441032,-1.36529484458,0.0790039992223,1.89748351689,0.1580188989,-0.0022108431067,-0.0373270940319,0.00177845211922,-0.059250338816,-0.00613417055149,0.0216397825845,-0.0121689838522,0.573955141531,0.818872868878,0.00186199538229,0.0,0.81882771967,-0.573896098184,-0.0120491032992,0.0,-0.00879826129505,0.00844046072733,-0.999925671848,0.0,0.660579016588,0.259439009888,0.30321055846,1.0,-0.0068,-0.00893714285714,0.341
0.464166541574,0.541134907792,-0.124016161763,-1.36635849355,0.0789475459449,1.89788480282,0.157876866815,-0.00741813395974,-0.0409991863602,-0.00137874775812,-0.0669302989931,-0.00034993144717,0.0223459927049,-0.015805823985,0.573957044948,0.81887145063,0.00189863092024,0.0,0.818826765204,-0.573897828077,-0.0120315591727,0.0,-0.00876284886366,0.00846041085276,-0.999925814212,0.0,0.660458852643,0.259280041032,0.303236797676,1.0,-0.00716,-0.00941028571429,0.359
0.46408604048,0.540517917379,-0.124011696448,-1.36730264893,0.0788884870371,1.89822236805,0.157767254995,-0.0113077003846,-0.0407327614568,0.000355322649731,-0.0665213456453,0.000259650350665,0.0213408934475,-0.0112647048572,0.573966506919,0.818864797265,0.00190778316605,0.0,0.818820203553,-0.573907222469,-0.0120300104404,0.0,-0.00875623010701,0.00846711748926,-0.999925815426,0.0,0.660347512702,0.259138845792,0.303252620394,1.0,-0.00746,-0.00980457142857,0.374
0.463995400638,0.539769067183,-0.124020023627,-1.36844231241,0.0788169727098,1.89865256723,0.157633643606,-0.00325130014367,-0.0426285220062,-0.000596290945303,-0.0732921954281,-0.00509140418214,0.0321533688098,-0.00735757470968,0.573981146345,0.818854466364,0.0019373841018,0.0,0.818810330023,-0.573921801716,-0.0120064925689,0.0,-0.00871983097487,0.00847801371211,-0.999926041181,0.0,0.660219019939,0.25896634049,0.303276924739,1.0,-0.0078,-0.0102514285714,0.391
0.463886892666,0.539021136859,-0.124017627416,-1.36960531273,0.0787508843067,1.89909102517,0.157483945933,-0.00898787139821,-0.047575818502,0.000461244880638,-0.0659161084612,-0.00306543511615,0.0225370192303,-0.0160016044171,0.573996900954,0.81884335287,0.00196673734438,0.0,0.81879953199,-0.573937363376,-0.0119990097691,0.0,-0.00869669278286,0.00849792165044,-0.999926073699,0.0,0.660080420098,0.2587789159,0.303293137171,1.0,-0.00816,-0.0107245714286,0.409
0.463789835729,0.538277534938,-0.124020534743,-1.37073689031,0.0786912725508,1.89952726748,0.157345932381,-0.0061500852842,-0.0442105538488,-7.45453649193e-06,-0.0667207972563,-0.00925371379841,0.0282275217169,-0.00863530364178,0.574007514299,0.818835822662,0.00200398501324,0.0,0.818792456249,-0.573947786932,-0.0119832535639,0.0,-0.00866230130288,0.00851948942926,-0.999926188694,0.0,0.659962133711,0.258616566937,0.303314290258,1.0,-0.00846,-0.0111188571429,0.424
0.463677074047,0.537491754068,-0.124024772377,-1.37199634003,0.0786138600478,1.89999765912,0.157187273369,-0.00745105004008,-0.0485459667308,0.000121235502062,-0.0763490716093,-0.000492768939634,0.021924895255,-0.00623741165991,0.574019528972,0.818827405746,0.00200171412253,0.0,0.818784048557,-0.57395984787,-0.0119800568513,0.0,-0.00866086208739,0.00851592214202,-0.999926231548,0.0,0.659811008922,0.258410354187,0.303313075681,1.0,-0.00882,-0.011592,0.442
0.463563030921,0.536592899913,-0.124032773385,-1.37336603168,0.0785344437656,1.90051680155,0.157019512951,-0.0040774852405,-0.0517261969304,-7.75420776702e-05,-0.0757919017962,0.000164931257954,0.0237397587448,-0.0146725139345,0.574037476995,0.818814732169,0.00203869807115,0.0,0.818771858114,-0.573977639581,-0.0119607910514,0.0,-0.00862367084693,0.00853533525749,-0.999926387467,0.0,0.659664587431,0.258211604521,0.30333855081,1.0,-0.00916,-0.0120388571429,0.459
0.463446170806,0.535791364272,-0.124041690593,-1.37464536738,0.0784582531635,1.90098938518,0.156872406263,-0.00184121828759,-0.0493476465078,-0.000115804796286,-0.0830551647788,-0.00544754510147,0.0287182812826,-0.0067115725265,0.574068893779,0.818792723895,0.00203159845037,0.0,0.81874977568,-0.574009100262,-0.011962631016,0.0,-0.00862892536947,0.00853090937598,-0.999926379906,0.0,0.659519443917,0.25800774315,0.303336608371,1.0,-0.00948,-0.0124594285714,0.475
0.463327301823,0.534891022096,-0.124040338829,-1.37607534852,0.0783832551374,1.90150772981,0.156692166181,-0.00397114286344,-0.0563008601484,-0.000946222354955,-0.0870788336185,-0.00400382536822,0.0281106863162,-0.0115967161151,0.574076016077,0.818787738877,0.00202813475568,0.0,0.81874460045,-0.574016092848,-0.0119812890467,0.0,-0.00864611704373,0.00853885946311,-0.999926163544,0.0,0.659348828894,0.257795247941,0.303336177012,1.0,-0.00982,-0.0129062857143,0.492
0.463193065699,0.533990607589,-0.124047431521,-1.37756633525,0.0782830256497,1.90203764166,0.15651233282,-0.00935075686785,-0.0562891915263,-0.00145253107661,-0.096164789177,-0.00328811760277,0.0283810304009,-0.0155442587355,0.574098362488,0.818772217493,0.00196798127888,0.0,0.818728365923,-0.574038761117,-0.012004601985,0.0,-0.00869950454461,0.00850322815206,-0.999926004128,0.0,0.659173243645,0.257557212467,0.303307835549,1.0,-0.01016,-0.0133531428571,0.509
0.463065672772,0.533113667132,-0.12404264533,-1.37894624279,0.078214561466,1.90257897694,0.156343647762,-0.0087086844986,-0.0590817192926,-0.000192134567999,-0.0850467426572,-0.00354931997954,0.0371118422629,-0.0119224288486,0.574114314964,0.818760963865,0.00199607256753,0.0,0.818717310253,-0.574054426955,-0.012009483183,0.0,-0.00868720898819,0.00852919958775,-0.999925889831,0.0,0.659006894627,0.257333806913,0.30330676979,1.0,-0.0105,-0.0138,0.526
0.462927968933,0.532165545607,-0.124038134185,-1.38050501204,0.0781367026745,1.9031529681,0.156145043196,-0.00997919814799,-0.0540859117526,0.00157516181178,-0.0868169627495,-0.00709163324878,0.0378717214571,-0.018547680815,0.574129763749,0.818750157371,0.00198521627228,0.0,0.818706193269,-0.574069754619,-0.0120346514524,0.0,-0.00871388792157,0.00853492477599,-0.999925608841,0.0,0.658833512812,0.25711501303,0.303292432372,1.0,-0.01082,-0.0142205714286,0.542
0.462781688529,0.531097334096,-0.124045730222,-1.38220603308,0.0780170815496,1.90376416604,0.155922766113,-0.00822630639243,-0.0612155631776,0.00118781236445,-0.0898721260996,-0.00798003943821,0.0295292843461,-0.0112053758389,0.574133260355,0.818747776974,0.00195549347758,0.0,0.818703563215,-0.574073513616,-0.0120342613095,0.0,-0.00873059577414,0.00851040301114,-0.999925672107,0.0,0.658632656748,0.256848489613,0.303288853522,1.0,-0.01118,-0.0146937142857,0.56
0.462660088229,0.530174223867,-0.124054915632,-1.38366874652,0.0779325915632,1.90428418668,0.155728294143,-0.00896478524905,-0.0654073030758,-0.00103130126479,-0.0938589669865,-0.0050861723459,0.0299551075465,-0.0101239695729,0.574142320652,0.818741451876,0.00194358384441,0.0,0.81869701758,-0.574082560812,-0.012047974052,0.0,-0.00874856661399,0.00850862189555,-0.999925530195,0.0,0.658444349867,0.256612063263,0.303293736048,1.0,-0.0115,-0.0151142857143,0.576
0.462515221791,0.529065235511,-0.124052478438,-1.38541678418,0.0778252776034,1.90493194353,0.155498879893,-0.0106390765888,-0.0583466042216,-0.000291597105273,-0.0963214753004,-0.00597615853692,0.0399633532573,-0.0149245400871,0.574131826387,0.818748806421,0.00194546016715,0.0,0.818704393133,-0.574072056354,-0.0120473100412,0.0,-0.008747054806,0.00850966473993,-0.999925534547,0.0,0.658249312595,0.256362894242,0.303293563598,1.0,-0.01184,-0.0155611428571,0.593
0.462378854131,0.527963312054,-0.124052922477,-1.38712826885,0.0777124657962,1.90560125015,0.155256026199,-0.0112404063538,-0.0646103618868,0.000308093781207,-0.0973952136166,-0.00103454168558,0.0422870820651,-0.0177716188752,0.574107455735,0.818765789332,0.00198957040613,0.0,0.818722065065,-0.574047610162,-0.0120111758175,0.0,-0.00869239906772,0.00852477490879,-0.999925882459,0.0,0.658052503498,0.256111358851,0.303312802812,1.0,-0.01218,-0.016008,0.61
0.462246434156,0.526862058425,-0.124053161964,-1.38880297044,0.077609221865,1.90623328559,0.155026476327,-0.0119147626992,-0.0743883394923,-0.000186185238176,-0.106830479939,-0.00341108253734,0.0407927948772,-0.0161457808439,0.574090799015,0.818777348461,0.00203839017423,0.0,0.818734275676,-0.574030763562,-0.011983956762,0.0,-0.00864226006381,0.00854894380938,-0.999926110721,0.0,0.65785477409,0.255865951641,0.303345559619,1.0,-0.0125,-0.0164285714286,0.626
0.462095450492,0.525704431675,-0.124055301707,-1.39063919695,0.077510194491,1.90690189437,0.154774877251,-0.00820385967046,-0.0636619945752,0.000392511187573,-0.106272067986,-0.00546878832954,0.0391794876153,-0.0224486992941,0.574082260906,0.818783341321,0.00203582653346,0.0,0.818740087065,-0.574022090953,-0.0120023260997,0.0,-0.00865886197394,0.00855730005127,-0.999925895617,0.0,0.657632351477,0.255591982259,0.303344108678,1.0,-0.01284,-0.0168754285714,0.643
0.46191878419,0.524437737559,-0.124061327962,-1.39261638033,0.0773739644146,1.90760749124,0.154506257718,-0.0134447551309,-0.0691132831106,-0.00137856241857,-0.109313484122,-0.00562358470837,0.0427524896073,-0.0247920918495,0.574080574435,0.818784557989,0.0020220178544,0.0,0.818741233238,-0.57402057125,-0.0119968195213,0.0,-0.00866229750122,0.00854281490957,-0.999925989719,0.0,0.657395935438,0.255280145376,0.303355219031,1.0,-0.0132,-0.0173485714286,0.661
0.461781055182,0.523391733705,-0.124065554438,-1.39430118547,0.0772668048344,1.90822929619,0.154287796951,-0.00573547881225,-0.0735506107848,0.0016370844863,-0.113079092751,-0.00790780236106,0.0331394713537,-0.0169632955684,0.574078980693,0.818785723194,0.00200257851001,0.0,0.818742176474,-0.574019091104,-0.0120032667525,0.0,-0.00867875224535,0.00853058287028,-0.999925951466,0.0,0.657193195709,0.25502578232,0.303342742833,1.0,-0.0135,-0.0177428571429,0.676
0.461619933477,0.522163794635,-0.124068452375,-1.39625105848,0.0771434760834,1.90899093956,0.154023816175,-0.010803709897,-0.0699427033144,-0.000855452834926,-0.114501462335,-0.00488911561203,0.0491985983896,-0.0140997572777,0.574068200077,0.818793213507,0.00203028973959,0.0,0.81875011151,-0.574008277003,-0.0119791374907,0.0,-0.00864319977418,0.00853930625654,-0.999926184949,0.0,0.656966753504,0.254734624991,0.30334377184,1.0,-0.01384,-0.0181897142857,0.693
0.461447443101,0.520836797173,-0.124073678704,-1.3983809126,0.0770113396394,1.90979993376,0.153731142012,-0.011206751603,-0.0763503806045,-0.00112014261579,-0.119038699592,-0.00558713730607,0.0389524861291,-0.0209280402019,0.574051736565,0.818804755524,0.00203051193184,0.0,0.818761695838,-0.573991853558,-0.0119743216306,0.0,-0.0086393005212,0.00853654987401,-0.999926242181,0.0,0.65671312537,0.254416424899,0.303332568631,1.0,-0.0142,-0.0186628571429,0.711
0.461287872873,0.519601746794,-0.12407446306,-1.4003158835,0.0768898215659,1.9104893195,0.15347430498,-0.0126489203229,-0.0795338415748,9.70966173308e-05,-0.12176588731,-0.00944867913737,0.0441090886846,-0.0168361746163,0.574042660271,0.818811144969,0.00201989231949,0.0,0.818767914304,-0.573982790911,-0.0119835363875,0.0,-0.00865303631707,0.00853304841648,-0.999926153297,0.0,0.656473599224,0.254124916598,0.303338620791,1.0,-0.01452,-0.0190834285714,0.727
0.461098548995,0.518187383852,-0.12408652738,-1.40253501769,0.0767492800828,1.9112730456,0.153173306326,-0.0066775069297,-0.0782086755314,-0.000856759611126,-0.126633153188,-0.00634691204248,0.0493858966593,-0.0260814294736,0.57403937547,0.818813503542,0.00199718006167,0.0,0.818769992263,-0.573979617715,-0.0119935448827,0.0,-0.00867430286423,0.00852016215732,-0.999926078921,0.0,0.656200865631,0.253779321677,0.303343449093,1.0,-0.01488,-0.0195565714286,0.745
0.460930962186,0.516900041921,-0.124090315358,-1.40454472195,0.0766237171725,1.91200463368,0.152890252833,-0.0145861406599,-0.0815070928081,0.000164339877169,-0.124731265259,-0.0116921772038,0.0431491845361,-0.0156312464905,0.574019905069,0.818827139642,0.0020027159463,0.0,0.818783694801,-0.573960120669,-0.0119911596835,0.0,-0.00866937481078,0.00852311960183,-0.999926096455,0.0,0.655954972379,0.253474917331,0.303353624,1.0,-0.0152,-0.0199771428571,0.761
0.460758418088,0.515621065069,-0.124093591662,-1.40658816599,0.076486951773,1.9127931881,0.152602637089,-0.0132493588896,-0.0802725382511,-0.000483050284821,-0.130897362245,-0.0141285654693,0.0465292720248,-0.03162369044,0.573999132721,0.818841675508,0.00201320324193,0.0,0.8187985008,-0.573939438026,-0.0119701072688,0.0,-0.00864633242341,0.00851940301209,-0.99992632764,0.0,0.655713279793,0.253165519814,0.303346449184,1.0,-0.01552,-0.0203977142857,0.777
0.460577389871,0.514229745448,-0.12409679969,-1.40882387755,0.0763557180048,1.91358595493,0.15231499858,-0.0107988585008,-0.0820254009987,-0.00133483822179,-0.13172409664,-0.00422953727742,0.0405197216384,-0.0182206264406,0.573996248024,0.818843799758,0.00197123135995,0.0,0.818799950669,-0.57393660652,-0.012006639127,0.0,-0.00870036767671,0.00850597371691,-0.999925973267,0.0,0.655430764381,0.252830535073,0.30332652924,1.0,-0.01586,-0.0208445714286,0.794
0.460377714245,0.512815644999,-0.12409151009,-1.41110257009,0.076217722087,1.9143715003,0.151981440856,-0.0161869951589,-0.0850375523512,0.000668808319519,-0.135545393381,-0.00449030803156,0.046911099586,-0.017762983903,0.573964844508,0.818865964091,0.00190709815938,0.0,0.81882110474,-0.573905315129,-0.0120596269241,0.0,-0.00878089331705,0.00848353744842,-0.999925459974,0.0,0.65513945106,0.25248201098,0.303300776673,1.0,-0.0162,-0.0212914285714,0.811
0.460177362951,0.511384615514,-0.12409999599,-1.41338847226,0.0760706743309,1.91524640932,0.151664278703,-0.0180118776222,-0.0821119694645,-0.000708388801219,-0.135283485678,-0.0172074273036,0.0466041474995,-0.0209457386389,0.573955291809,0.818872639962,0.00191557516331,0.0,0.818827996624,-0.573895828615,-0.0120431201968,0.0,-0.00876260974068,0.00848090242383,-0.999925642718,0.0,0.654867620507,0.252128957506,0.303291161247,1.0,-0.01654,-0.0217382857143,0.828
0.459974864945,0.509911630876,-0.124098609924,-1.41572760617,0.0759259814708,1.91612434414,0.151338321342,-0.0157340919968,-0.0880869174552,0.00120175188467,-0.137407789042,-0.0126940508221,0.0495831275298,-0.0174354276907,0.573936205486,0.818885998869,0.00192348386672,0.0,0.818841437749,-0.573876690044,-0.012041235471,0.0,-0.00875672517562,0.00848609267409,-0.999925650234,0.0,0.654582052777,0.251775168454,0.303285055998,1.0,-0.01688,-0.0221851428571,0.845
0.459776924804,0.508406946106,-0.124104637284,-1.41809683412,0.0757792466501,1.91696315263,0.151001197186,-0.00540689244417,-0.0822596553846,0.00105581307942,-0.137710173652,-0.00921000868378,0.0445439577253,-0.0156052772571,0.573909770232,0.818904579945,0.00190038911875,0.0,0.818859657088,-0.573850300282,-0.0120599238085,0.0,-0.00878555712333,0.00847762330458,-0.999925469167,0.0,0.654281981793,0.2514140385,0.303283128566,1.0,-0.01722,-0.022632,0.862
0.459571467686,0.50694352322,-0.124109984423,-1.42037081725,0.0756330282671,1.91779104443,0.150692414374,-0.0163064727275,-0.0923575377767,0.00117090070499,-0.140039015428,-0.0114497043119,0.0400745975168,-0.0178669569012,0.573907088192,0.818906436092,0.00191048460137,0.0,0.818861673144,-0.573847601712,-0.0120514383324,0.0,-0.00877284231235,0.00848099178442,-0.999925552237,0.0,0.654002212386,0.251058548794,0.303296162639,1.0,-0.01754,-0.0230525714286,0.878
0.459362668561,0.505351198805,-0.124116187703,-1.4228344609,0.0754800465719,1.91873746557,0.150347119962,-0.00907882658078,-0.0931942897504,0.000594007315289,-0.141496906771,-0.00419688858907,0.0572498516133,-0.0238240489547,0.573885820225,0.818921198815,0.00197037482968,0.0,0.818877272823,-0.573826131918,-0.01201371227,0.0,-0.00870779873951,0.00850815809538,-0.999925889997,0.0,0.65370451987,0.250686516041,0.303318822313,1.0,-0.01788,-0.0234994285714,0.895
0.459134681913,0.503697814451,-0.124122034682,-1.42532101513,0.0753187481048,1.91968441289,0.15000170865,-0.0142161831533,-0.0976062448129,-0.000847480714001,-0.144458968467,-0.00725262206357,0.0510115031575,-0.0190842663522,0.573878159973,0.818926343762,0.00206104366721,0.0,0.818883711964,-0.57381820087,-0.0119534736478,0.0,-0.0086065158027,0.00854775712181,-0.999926429161,0.0,0.653407160917,0.25029904351,0.303372582841,1.0,-0.01822,-0.0239462857143,0.912
0.4589118236,0.502098231478,-0.1241279814,-1.42767682205,0.0751674967157,1.92054526349,0.149689017916,-0.0201110130925,-0.105958961621,-0.000687425895065,-0.14680781276,-0.0122251948195,0.0478482381213,-0.0207407406549,0.573888437793,0.818918919261,0.00214745090982,0.0,0.818877458784,-0.573828168953,-0.011903231183,0.0,-0.00851567734578,0.0085897912723,-0.999926846687,0.0,0.653119770841,0.249925593799,0.303442868134,1.0,-0.01854,-0.0243668571429,0.928
0.458664342172,0.500294028706,-0.124131260563,-1.43040824694,0.0749909668678,1.92152046287,0.149302250522,-0.0119619350001,-0.100742571199,-0.00168343694907,-0.150561127325,-0.00591698099824,0.0580153254058,-0.0222220602403,0.573868081386,0.818933083681,0.00218552532412,0.0,0.818892116276,-0.573807659221,-0.0118835609712,0.0,-0.00847793328732,0.00860947155141,-0.999926998159,0.0,0.652775935704,0.249499597978,0.303486425786,1.0,-0.0189,-0.02484,0.946
0.458399450141,0.498528374036,-0.124125971405,-1.4331821437,0.0748176315439,1.92255047675,0.148903475803,-0.0192932531112,-0.0907461246334,0.000638107816236,-0.155753427675,-0.0127070163645,0.0574920576566,-0.0260521142361,0.573848946792,0.818946444847,0.00220309791625,0.0,0.818905654863,-0.573788404611,-0.0118803227329,0.0,-0.00846539901231,0.00862180602612,-0.999926998076,0.0,0.652432723468,0.249066001004,0.303486768745,1.0,-0.01926,-0.0253131428571,0.964
0.458167918077,0.497042952334,-0.124126623456,-1.4355413326,0.0746736871618,1.92339820227,0.148541560759,-0.0168239111978,-0.0939882114455,0.00102437670623,-0.158769461115,-0.00990470190129,0.0548790732824,-0.0236726651602,0.573823238379,0.818964514717,0.0021821164336,0.0,0.818923351465,-0.573762681794,-0.0119027856913,0.0,-0.00849610570691,0.00861724704294,-0.99992677694,0.0,0.652136192761,0.248688723326,0.303472910094,1.0,-0.01956,-0.0257074285714,0.979
0.45791048484,0.495368799604,-0.124129167482,-1.43825086371,0.0745082331552,1.92432630159,0.14815325893,-0.00760308738995,-0.0940980031964,0.000604473517714,-0.159094859201,-0.0127017056657,0.0531404983858,-0.0210566860569,0.573809669705,0.818974254806,0.00209280153607,0.0,0.818931744284,-0.57374929585,-0.0119704058795,0.0,-0.00860287645929,0.00858276150111,-0.999926160635,0.0,0.651782761885,0.248256593005,0.303430356513,1.0,-0.0199,-0.0261542857143,0.996
0.457618347372,0.493629473814,-0.124135315521,-1.44104365817,0.0743322020838,1.92533936138,0.147765821048,-0.0144010085543,-0.105169200984,0.0022377502925,-0.169103985271,-0.0106024916866,0.0617351043898,-0.0250989423068,0.573828860445,0.818960906158,0.00205426517307,0.0,0.81891785789,-0.573768610379,-0.0119946101716,0.0,-0.00864461037699,0.00856529282976,-0.999925950493,0.0,0.651436513958,0.247794841365,0.303400360752,1.0,-0.0224554285714,-0.0295128489796,1.013
0.457364925707,0.491722773691,-0.124192478232,-1.44405609575,0.0741506868368,1.92646433583,0.147332688375,-0.0197334306211,-0.128827991406,-0.00022614004687,-0.197231892595,-0.00747507136459,0.0670443409031,-0.0337907780327,0.573824979526,0.818963613879,0.00205886290907,0.0,0.818920796053,-0.573764879704,-0.0119724480023,0.0,-0.00862386208969,0.00855630011756,-0.999926206643,0.0,0.65106438064,0.247311333297,0.303392820847,1.0,-0.025756,-0.0338507428571,1.029
0.457004812666,0.489446895618,-0.124205868604,-1.44773684658,0.0739348529084,1.92776033807,0.146806532827,-0.0253123081586,-0.141767136871,-0.00811238501371,-0.221923114989,-0.0125641089963,0.0757166903312,-0.025685902071,0.57382380136,0.81896465665,0.00197054598732,0.0,0.818920442319,-0.573763836309,-0.0120464184381,0.0,-0.00873513109309,0.00852640617224,-0.999925496166,0.0,0.650589878587,0.246716090106,0.303336629713,1.0,-0.0292628571429,-0.038459755102,1.046
0.456553714126,0.48663080707,-0.124224667472,-1.45211048898,0.0736700903888,1.92941786934,0.146172047675,-0.0242776065416,-0.168539711499,-0.000848300542793,-0.252636955228,-0.010392293788,0.101749257879,-0.0324246943029,0.5738328437,0.818958118162,0.0020530682549,0.0,0.818914983001,-0.573772527567,-0.012003504742,0.0,-0.00865254008117,0.00856945860415,-0.999925846215,0.0,0.650056285144,0.246000237343,0.303355959219,1.0,-0.032976,-0.0433398857143,1.064
0.456138140549,0.484030732318,-0.124253927503,-1.45607824762,0.073423403116,1.93086549617,0.145556667277,-0.0300687954796,-0.174309242765,-0.0023003003159,-0.274442757393,-0.0141916145894,0.0946036426493,-0.0467226325319,0.573818949185,0.818967690972,0.00211697922811,0.0,0.81892542069,-0.573758398873,-0.0119667026254,0.0,-0.00858587350996,0.00860053441762,-0.999926154065,0.0,0.649563865164,0.245335774417,0.303398729885,1.0,-0.0360702857143,-0.0474066612245,1.079
0.455581432501,0.480607847092,-0.124315059927,-1.46141768423,0.0730984717106,1.93271836973,0.144767073555,-0.0341259472403,-0.190624728059,-0.00404906158197,-0.305175394384,-0.0178535598098,0.11468870048,-0.0416404283415,0.573845329757,0.818949354274,0.00205901729656,0.0,0.818906230693,-0.573784921518,-0.0120081668583,0.0,-0.0086528140102,0.00857713770033,-0.999925778005,0.0,0.648879539743,0.244424912392,0.303393705602,1.0,-0.0397834285714,-0.0522867918367,1.097
0.455005295737,0.477059678825,-0.124357013787,-1.46685079706,0.0727548284094,1.93469713492,0.143962721799,-0.0337397467924,-0.212120391453,0.00020380296471,-0.321217326715,-0.0241143560175,0.116057425786,-0.0460629136877,0.573859305987,0.818939379621,0.00212986826603,0.0,0.81889725846,-0.573798678329,-0.0119625973953,0.0,-0.00857469158287,0.00860915687595,-0.999926175816,0.0,0.648196977499,0.243509268914,0.303438225062,1.0,-0.0432902857143,-0.0568958040816,1.114
0.454398012553,0.473476754473,-0.124398520286,-1.4723521564,0.0724335729292,1.93671989446,0.143180343546,-0.0430459008905,-0.235217902667,-0.000917669458829,-0.353259259786,-0.0201905077217,0.122259798802,-0.0456271416246,0.57392455641,0.818893403732,0.00222346032398,0.0,0.818852363927,-0.573863397897,-0.0119312005083,0.0,-0.00849458244531,0.00866846159632,-0.999926347209,0.0,0.647508279004,0.242573224838,0.303475221878,1.0,-0.0465908571429,-0.0612336979592,1.13
0.453715606257,0.469381651969,-0.124420913986,-1.47859115092,0.0720478401118,1.93895526975,0.142215381598,-0.0447950062298,-0.253889226238,-0.000239365860409,-0.38241335147,-0.0270407967228,0.13866469838,-0.0615040833333,0.573902386448,0.818908714285,0.00230551494451,0.0,0.818868565114,-0.573840718318,-0.0119100784904,0.0,-0.00843043102363,0.00872330413349,-0.999926413191,0.0,0.646703895291,0.241524453609,0.303529492747,1.0,-0.0500977142857,-0.0658427102041,1.147
0.452985336324,0.465014129863,-0.124424961502,-1.48521947309,0.0716116568911,1.941373338,0.141166169177,-0.0432042503697,-0.262092325041,0.000961602798413,-0.408577074778,-0.0241603625044,0.140267517909,-0.058492854704,0.573838246734,0.818953293125,0.00243252271463,0.0,0.818914814496,-0.57377610855,-0.011842751234,0.0,-0.00830309656595,0.0087880216889,-0.99992691196,0.0,0.645849119572,0.240418467604,0.30359751551,1.0,-0.0536045714286,-0.070451722449,1.164
0.452190465866,0.460397415919,-0.124438717019,-1.49239327393,0.0711381962997,1.9438428502,0.140086537911,-0.0480992896368,-0.275781504544,-0.000971489809001,-0.429904397483,-0.0353050782746,0.151121832965,-0.0643191948766,0.573817503284,0.818968079489,0.0023461893125,0.0,0.818928301805,-0.573755520192,-0.0119074116725,0.0,-0.00840581283761,0.00875421061158,-0.999926350341,0.0,0.64494168336,0.239274532439,0.303574351493,1.0,-0.0569051428571,-0.0747896163265,1.18
0.451401521907,0.455857279122,-0.124458295461,-1.49947167065,0.0706546655598,1.94634847989,0.139008801223,-0.0511290622387,-0.279438889151,-0.00140856663067,-0.45045042728,-0.0310361073792,0.16434367333,-0.0702558465982,0.573792203785,0.818985917387,0.00230670725632,0.0,0.818945625284,-0.573730380982,-0.011927265724,0.0,-0.00844499722025,0.00873300803874,-0.999926205573,0.0,0.643943239688,0.238000902184,0.303549705679,1.0,-0.060412,-0.0793986285714,1.197
0.450427161178,0.450365829786,-0.124503864692,-1.50768863022,0.070088406364,1.94940739838,0.137669842148,-0.0508348889927,-0.307110429052,-0.00615771825214,-0.465163211882,-0.0299455880411,0.172006840197,-0.0715261018415,0.573746621798,0.819017097081,0.0025603840582,0.0,0.818980584973,-0.573684343434,-0.0117397800852,0.0,-0.0081463852015,0.00883273405575,-0.999927807003,0.0,0.642892944644,0.23656756616,0.303675127868,1.0,-0.0641251428571,-0.0842787591837,1.215
0.449449256467,0.444935062384,-0.124544516845,-1.51596978583,0.0695410678736,1.95226843515,0.136455685663,-0.06307392406,-0.324718529005,0.000705788050623,-0.498397598858,-0.03525406439,0.160940184326,-0.0732896220444,0.573805055855,0.818976153271,0.00256225477769,0.0,0.818939522395,-0.573742608117,-0.0117569210025,0.0,-0.00815872027881,0.00884468270399,-0.999927600815,0.0,0.641771597749,0.235119096021,0.303704361927,1.0,-0.067632,-0.0888877714286,1.232
0.448405947119,0.439319256391,-0.124569361391,-1.52475749961,0.0689344526299,1.95519159541,0.135055919409,-0.0671249177906,-0.337053820819,0.00020597778825,-0.525938078992,-0.0329715798513,0.174378895369,-0.0827198171824,0.573752858492,0.81901339263,0.00233815436039,0.0,0.818973555754,-0.573690962755,-0.0119055084199,0.0,-0.00840955472589,0.00874587446335,-0.999926391826,0.0,0.640540267589,0.233578791631,0.303617445872,1.0,-0.0711388571429,-0.0934967836735,1.249
0.447292225225,0.433348055102,-0.124589033319,-1.53367509847,0.0683485390421,1.9584330882,0.133594073771,-0.0645034088076,-0.358520552437,-9.78174463253e-06,-0.522666602948,-0.0379912440953,0.203311571803,-0.0886525684783,0.573715599244,0.819038852003,0.00255284067546,0.0,0.819001725521,-0.57365279384,-0.011806464941,0.0,-0.00820566729032,0.00886450469596,-0.999927041129,0.0,0.639417451913,0.2321067753,0.303712695226,1.0,-0.0744394285714,-0.097834677551,1.265
0.446147536159,0.427652861247,-0.124633567258,-1.54246671754,0.0677091507506,1.96149898235,0.132193471818,-0.071062563275,-0.357757534203,-0.00817090233147,-0.557073237831,-0.0438249604856,0.19074000067,-0.0856224315782,0.573734815334,0.819025484926,0.00252262095467,0.0,0.818988290027,-0.573672469841,-0.0117824041513,0.0,-0.00820308901494,0.00882614242257,-0.999927401635,0.0,0.638149249823,0.230405568115,0.303691990492,1.0,-0.0779462857143,-0.102443689796,1.282
0.445017587233,0.422033382823,-0.124727104775,-1.55109879808,0.0670819811699,1.96433741127,0.130756936629,-0.0785752923134,-0.367642399245,-0.00697612584737,-0.58903777785,-0.0395096119615,0.191949234556,-0.105742435865,0.573742705708,0.819020576565,0.00231294446642,0.0,0.818980797534,-0.573681311604,-0.0118723581326,0.0,-0.00839697425557,0.00870610360137,-0.999926844616,0.0,0.63685185521,0.22867574799,0.303637951277,1.0,-0.0812468571429,-0.106781583673,1.298
0.443505853938,0.414616045674,-0.124796348538,-1.5621832031,0.0663102544647,1.96830446885,0.128987674092,-0.0804998956511,-0.395341353676,-0.000376340459383,-0.580681206789,-0.0388070994483,0.224408267418,-0.09710210123,0.573830792302,0.818958107941,0.00256634869756,0.0,0.818921914905,-0.573768743974,-0.0117078020345,0.0,-0.00811586498911,0.00882010632168,-0.99992816665,0.0,0.635428380218,0.226733954249,0.303752154005,1.0,-0.08496,-0.111661714286,1.316
0.442154533846,0.408205904343,-0.124814187308,-1.57191703949,0.0656476854157,1.97160363599,0.127319927375,-0.0833994755114,-0.409497359149,-0.00399307603855,-0.624995056023,-0.0429252967396,0.202071656348,-0.108327070216,0.573798010181,0.818981130718,0.00254910601623,0.0,0.818944290694,-0.57373557017,-0.0117682268202,0.0,-0.00817560031978,0.00884033115495,-0.999927501424,0.0,0.634042111752,0.224934858072,0.303742237206,1.0,-0.0882605714286,-0.115999608163,1.332
0.440633372566,0.401214072018,-0.124912015485,-1.58261006883,0.0648957748189,1.97517427727,0.125527510352,-0.0960487495204,-0.423083693856,-0.0075794197811,-0.626877885322,-0.0422228100333,0.218880899639,-0.112249405202,0.573866914683,0.818933249745,0.00241735315095,0.0,0.818894564317,-0.573804821197,-0.0118518607547,0.0,-0.00831895411644,0.00878111718359,-0.999926840816,0.0,0.632513011141,0.222886439043,0.30368383203,1.0,-0.0917674285714,-0.120608620408,1.349
0.43893847333,0.393435138274,-0.124957832802,-1.59409757352,0.0640183135035,1.97924619136,0.123574320443,-0.0904116028612,-0.438875444176,-0.000751030318212,-0.657950576051,-0.0489947376327,0.22318791995,-0.1091628442,0.57389154861,0.818915202785,0.002669828337,0.0,0.818880489838,-0.57382927891,-0.0116382528511,0.0,-0.00799887052722,0.00886553597724,-0.99992870763,0.0,0.630905846019,0.220696105578,0.303804503171,1.0,-0.0954805714286,-0.12548875102,1.367
0.437468586497,0.386867491562,-0.124992997139,-1.60416506037,0.06327920142,1.98244399936,0.12183352947,-0.093278348528,-0.444143390813,-0.0031732791111,-0.67745852914,-0.0499916123298,0.209951587808,-0.11688975279,0.573872211278,0.818929583123,0.00240206380102,0.0,0.818890944458,-0.573810434955,-0.0118301615628,0.0,-0.00830989999375,0.00875619785442,-0.999927134626,0.0,0.629390110541,0.218773729291,0.303700064067,1.0,-0.0985748571428,-0.129555526531,1.382
0.435729031305,0.379075893108,-0.125035960821,-1.61560017378,0.0624409359321,1.98631518172,0.119794733081,-0.101327547038,-0.462989993698,0.00176201835632,-0.677518750913,-0.0477868752977,0.229237569852,-0.11611389475,0.573850870823,0.818944005077,0.00257711192424,0.0,0.818907649429,-0.57378845234,-0.0117397005062,0.0,-0.0081355969239,0.00884742436723,-0.999927764963,0.0,0.627718812768,0.216569846562,0.303808559527,1.0,-0.102081714286,-0.134164538775,1.399
