position_joint1,position_joint2,position_joint3,position_joint4,position_joint5,position_joint6,position_joint7,velocity_joint1,velocity_joint2,velocity_joint3,velocity_joint4,velocity_joint5,velocity_joint6,velocity_joint7,ee_T_00,ee_T_10,ee_T_20,ee_T_30,ee_T_01,ee_T_11,ee_T_21,ee_T_31,ee_T_02,ee_T_12,ee_T_22,ee_T_32,ee_T_03,ee_T_13,ee_T_23,ee_T_33,v_x,v_y,time
0.465069736287,0.547684858568,-0.123970385819,-1.35574224866,0.079496708654,1.89409360659,0.159166822889,0.000125837800822,-0.00072128666682,-0.00148130167825,-0.000820389386505,0.000109043731419,-0.00478672678585,-0.000656983800056,0.573796513191,0.818983452575,0.00210065669841,0.0,0.818942295549,-0.573737360843,-0.0118196546,0.0,-0.00847503947313,0.00850255691593,-0.999927937519,0.0,0.661696118605,0.260909426118,0.303324605161,1.0,0.0,0.0,0.0
0.465069495202,0.54768752277,-0.123961201107,-1.35573652211,0.0794996684411,1.8940939598,0.159169135479,0.000407549128623,0.0016150934136,0.0012329265546,0.000903736380863,-0.00028421938507,-8.8616806857e-05,0.00141571501707,0.573792665355,0.818986131653,0.00210718896495,0.0,0.818944993319,-0.573733421105,-0.0118239725381,0.0,-0.00847486796346,0.00851034442105,-0.999927872724,0.0,0.661695218899,0.260915731128,0.30332517574,1.0,-0.00018,-0.000236571428571,0.01
0.465066952915,0.547683339763,-0.12396391771,-1.35574283957,0.079498579158,1.8940923666,0.159164235716,8.43345391239e-05,-0.00201242037609,-0.000249091170159,-0.0023275742195,-0.00030861037258,0.00286710958636,-0.0016880759233,0.573792671111,0.818986137967,0.00210316403178,0.0,0.818944961842,-0.573733457421,-0.0118243904827,0.0,-0.00847751954226,0.00850728797872,-0.999927876256,0.0,0.661694911558,0.260911496293,0.303325081512,1.0,-0.0005,-0.000657142857143,0.026
0.465066191956,0.547657609692,-0.123961438304,-1.35576630082,0.0795005177882,1.89409493422,0.159170514972,-0.00174216225957,-0.00492824154197,0.000657669807949,-0.0051171565264,0.0101208780213,-3.94374906202e-05,0.000926327178741,0.573798470237,0.818982056934,0.0021101837043,0.0,0.818940922725,-0.573739178432,-0.0118265429848,0.0,-0.00847519460899,0.00851433199004,-0.99992783601,0.0,0.661690246187,0.260910470044,0.303332286777,1.0,-0.00086,-0.00113028571429,0.044
0.465070524749,0.547562707338,-0.123963707238,-1.35586686738,0.0794956380361,1.89411464412,0.159166837829,-0.000812234529319,-0.0147397115246,0.000794909850784,-0.00657026471103,-0.000137686925333,-0.000249200905177,0.000191331205369,0.573797659891,0.818982589809,0.00212367466866,0.0,0.818941610146,-0.573738293774,-0.0118218581757,0.0,-0.0084636254952,0.00852268419745,-0.999927862847,0.0,0.661673296564,0.260901882511,0.303353427092,1.0,-0.00118,-0.00155085714286,0.06
0.465065221105,0.547447166115,-0.123964281707,-1.3560192695,0.0794939018413,1.89414532788,0.159165671029,-0.000278035883678,-0.00987142564897,-0.000599680777906,-0.00907115480504,0.000139046946464,0.0057726329744,0.00162587694007,0.57380931672,0.818974422659,0.00212367036335,0.0,0.818933346258,-0.573749851844,-0.0118333763603,0.0,-0.00847294014684,0.00852941029841,-0.999927726611,0.0,0.661649141603,0.260883268458,0.303365415545,1.0,-0.00148,-0.00194514285714,0.075
0.465052632915,0.547302754818,-0.123968763995,-1.35622684474,0.0794906162948,1.89422191044,0.159159211396,-0.00156025910511,-0.00924166665528,-0.00675149606364,-0.0140647876132,0.000309999017849,0.00529919784104,0.00029632856678,0.573828201391,0.818961150801,0.002139081365,0.0,0.818920215459,-0.573768613277,-0.0118324144512,0.0,-0.00846311294838,0.00854167452866,-0.999927705144,0.0,0.661625135913,0.260854272982,0.303375703975,1.0,-0.00182,-0.002392,0.092
0.465033983061,0.547121152417,-0.123959076895,-1.35642283289,0.0794863568831,1.89433499518,0.159146748279,-0.000126876693347,-0.015172204512,0.00136899304116,-0.0111776059674,-0.000716780706879,0.00632015613407,-0.00114264812238,0.573836512921,0.818955086216,0.00222937225409,0.0,0.818915268691,-0.573776513759,-0.01179160144,0.0,-0.00837779183259,0.00859228385866,-0.999927990038,0.0,0.66161043044,0.260833666566,0.303420548244,1.0,-0.00214,-0.00281257142857,0.108
0.465011626059,0.546912509948,-0.123964366609,-1.35668735106,0.0794848569222,1.89446937571,0.159125647951,-0.00014722276509,-0.0117829030498,0.00195002448683,-0.013129801124,-0.000261411837846,0.00620948424562,0.000775321454238,0.573855820129,0.818941355885,0.0023022219404,0.0,0.818902436227,-0.573795489878,-0.0117593638302,0.0,-0.0083093847748,0.00863364075507,-0.999928204609,0.0,0.661589210372,0.260796048638,0.303454268807,1.0,-0.0025,-0.00328571428571,0.126
0.464983968952,0.546689282564,-0.12396150396,-1.35699877943,0.0794786313173,1.89458202669,0.159114327765,-0.00145946563374,-0.0131876531631,0.00127151061785,-0.0223452289676,0.00049861770485,0.00828836821468,-0.00271384681559,0.573882214631,0.81892279423,0.00232545080639,0.0,0.81888404856,-0.573821660296,-0.0117628266667,0.0,-0.00829861261332,0.00865491822289,-0.999928110126,0.0,0.661550851277,0.260748367742,0.303467857288,1.0,-0.00284,-0.00373257142857,0.143
0.46494632652,0.546431546391,-0.12395655957,-1.35738978491,0.0794696878588,1.89472805016,0.159033548984,-0.00529927851474,-0.0176996840182,0.00289323743545,-0.0199353194787,0.000188218669929,0.0120678662318,-0.00308686240133,0.573863637364,0.818935738188,0.00235145296079,0.0,0.818897179332,-0.573802829424,-0.0117673075997,0.0,-0.00828755793465,0.00867859522792,-0.999927996592,0.0,0.661508433328,0.260695414382,0.303482728886,1.0,-0.00316,-0.00415314285714,0.159
0.46490373869,0.546142563549,-0.123959893385,-1.35784597751,0.0794560058205,1.89488984219,0.158934877166,-0.00395684422471,-0.0217312373134,0.00112058617455,-0.0292604713596,-0.00644350840299,0.0118204277826,5.62937495642e-05,0.573841891876,0.818950968158,0.00235409910882,0.0,0.818912322733,-0.573780949998,-0.011780322477,0.0,-0.00829692901629,0.00868801057738,-0.999927837117,0.0,0.661456263042,0.260623724135,0.303484362424,1.0,-0.0035,-0.0046,0.176
0.464851506914,0.545846115248,-0.123966734249,-1.35835252296,0.0794354329414,1.89507192868,0.158911741599,-0.00284707592968,-0.0172380842734,-0.0011976910915,-0.0290726656699,-0.00389869673998,0.015482837131,0.000307344533877,0.573893391414,0.818914940921,0.00233275137014,0.0,0.818875953825,-0.573832457203,-0.0117995850786,0.0,-0.00832440833744,0.00868210505873,-0.999927660022,0.0,0.6614004427,0.2605380067,0.303469162154,1.0,-0.00384,-0.00504685714286,0.193
0.464784138112,0.545523761263,-0.123966813537,-1.35890339021,0.0793671096685,1.89525472835,0.158816765657,-0.00218554355564,-0.0217337956529,-0.0014900569247,-0.0321531857982,-0.00321786705651,0.00818676753446,-0.00236464285311,0.573883401731,0.818922105547,0.00227445961381,0.0,0.818882631505,-0.573822973342,-0.0117973719845,0.0,-0.00835615240893,0.0086329976517,-0.999927820429,0.0,0.66134028288,0.260433588249,0.303450935345,1.0,-0.00416,-0.00546742857143,0.209
0.46471841503,0.545130159725,-0.123967823982,-1.35957989643,0.0793011451792,1.89546473998,0.158742447549,-0.00125398870146,-0.0245541896158,-0.00057181389448,-0.0408395432329,-0.000492163152837,0.0173763028478,-0.000991228765296,0.573897125391,0.818912696024,0.00219833110661,0.0,0.818872397062,-0.573837159641,-0.0118177174396,0.0,-0.00841635681213,0.00858247196928,-0.999927750446,0.0,0.661258147702,0.26031797467,0.303425717936,1.0,-0.0045,-0.00591428571429,0.226
0.464640671095,0.54468994503,-0.123968657058,-1.36031496628,0.0792874354655,1.89571984794,0.158675214965,-0.000259609207374,-0.0262408481069,-0.00019285196111,-0.0402577388719,-0.000327761985449,0.0120341207765,-0.00418224404292,0.573943638976,0.818880145208,0.00218035877183,0.0,0.818839314855,-0.573883435458,-0.0118627929447,0.0,-0.00846309676744,0.00859410349708,-0.999927256043,0.0,0.661172853467,0.260199708995,0.303409593575,1.0,-0.00486,-0.00638742857143,0.244
0.464581010367,0.54428000039,-0.123979918391,-1.36101198992,0.0792598745839,1.89597053999,0.158552177077,-0.00311536461445,-0.0213487819784,-0.00110614481699,-0.0494498233426,0.000183294662661,0.0138001812371,-0.00545640420085,0.573931189704,0.818888940516,0.00215394654288,0.0,0.818847669712,-0.57387099543,-0.011887864123,0.0,-0.00849891664051,0.00858673542775,-0.999927015532,0.0,0.661092999569,0.260088939915,0.303390050915,1.0,-0.00518,-0.006808,0.26
0.464503686207,0.543723649811,-0.123975348989,-1.36191509435,0.0792179771542,1.89629472364,0.158462233644,-0.00606947660168,-0.0328667043619,-0.000216517399337,-0.0529937329257,-0.000521391748286,0.0222701555676,-0.00706218161161,0.573956807758,0.818871016758,0.00214187843957,0.0,0.818829431072,-0.57389649989,-0.0119128974644,0.0,-0.00852607407285,0.00859148711664,-0.999926743522,0.0,0.660985908534,0.259955799326,0.303381807357,1.0,-0.00556,-0.00730742857143,0.279
0.464439675707,0.54326740978,-0.123981061261,-1.362660305,0.0791716292378,1.89654458434,0.158356319669,-0.00566033463574,-0.036033748674,-0.00283225082308,-0.0499659907804,-0.00192774689698,0.023780282724,-0.0122448931331,0.573959518775,0.818869196486,0.00211110283839,0.0,0.818827233173,-0.573899359355,-0.0119262084323,0.0,-0.00855460885232,0.00857395442391,-0.999926650296,0.0,0.660905826834,0.25984078575,0.303375440814,1.0,-0.00584,-0.00767542857143,0.293
0.464364354303,0.54275546816,-0.123982888285,-1.36349893375,0.0791260358973,1.89683826794,0.158250895939,-0.00815548308726,-0.0299120347963,-0.00253093612892,-0.0561446316307,-0.00185587832698,0.0228567693558,-0.0163150403224,0.573966573087,0.818864330277,0.00208049991511,0.0,0.818821869166,-0.573906439795,-0.0119537374151,0.0,-0.00859464235696,0.00856476942738,-0.999926385714,0.0,0.660798123976,0.259706062949,0.303360167257,1.0,-0.00618,-0.00812228571429,0.31
0.464301244776,0.542152123213,-0.123983941918,-1.36441808941,0.079072536931,1.89717982198,0.15812044314,-0.00461954313669,-0.0381544141173,0.000360817343849,-0.0530131608811,-0.00563677679771,0.0243660298037,-0.0103867804699,0.573948972105,0.81887660863,0.0021033685633,0.0,0.81883442727,-0.573888728315,-0.0119438323856,0.0,-0.00857359051619,0.00857762605946,-0.999926456234,0.0,0.660689894593,0.259577096163,0.303378997175,1.0,-0.00652,-0.00856914285714,0.327
0.464212872558,0.541529985643,-0.123983953724,-1.36537671685,0.0790114276015,1.89753133444,0.157992397343,-0.00418631087021,-0.0378478475278,0.00141483043562,-0.061969672944,-0.00708842350085,0.0266931231287,-0.00563405145943,0.573953374368,0.818873494688,0.00211439117687,0.0,0.818831474444,-0.573893102234,-0.0119361036281,0.0,-0.00856088920268,0.00858226223418,-0.999926525276,0.0,0.660581632859,0.25942705491,0.303393063364,1.0,-0.00686,-0.009016,0.344
0.464134315416,0.540865906823,-0.123986334496,-1.3664022204,0.0789561870893,1.89790961193,0.157867270923,-0.00818478045182,-0.041559622815,-0.000722341058324,-0.0624746354502,-0.002148753293,0.0245163254925,-0.00752956345713,0.573959021009,0.818869492288,0.00213159653052,0.0,0.818827638514,-0.573898619743,-0.0119339668021,0.0,-0.00854920562823,0.00859518353976,-0.999926514251,0.0,0.660461881258,0.259277509435,0.303407274417,1.0,-0.0072,-0.00946285714286,0.361
0.464051219156,0.540159806847,-0.123984669589,-1.36747755638,0.0788923577472,1.89830627203,0.157735221073,-0.00687191822756,-0.045970343278,0.000543859333055,-0.0564246241833,-0.000621254638924,0.0257583217717,-0.0101513054488,0.573960244187,0.818868571058,0.00215599796687,0.0,0.818827008359,-0.57389971619,-0.0119244723257,0.0,-0.0085274131718,0.00860972817705,-0.999926575207,0.0,0.660335936,0.259121815971,0.303428811639,1.0,-0.00754,-0.00990971428571,0.378
0.463956106441,0.539468232945,-0.123992889242,-1.36855985773,0.0788292099166,1.8987266787,0.157598959922,-0.00393720214828,-0.0498340040411,-0.00127421957243,-0.0703887100035,-0.00661719606024,0.0235588396361,-0.00663907123127,0.573975465601,0.81885784064,0.00217913091187,0.0,0.818816619045,-0.573914882239,-0.0119079477941,0.0,-0.00850044441634,0.00861934443427,-0.999926721988,0.0,0.660217873725,0.258953164419,0.303439051946,1.0,-0.00786,-0.0103302857143,0.394
0.463852539561,0.5387185197,-0.123990345343,-1.3697293386,0.0787609707018,1.89917563291,0.157446668586,-0.0072390197532,-0.0451926694233,0.000197787488104,-0.0687537256908,-0.000749384853882,0.0328255931896,-0.0156791530695,0.573980267293,0.818854406109,0.00220482569104,0.0,0.818813497438,-0.573919557954,-0.0118972397068,0.0,-0.00847687777467,0.0086342880991,-0.999926793126,0.0,0.660086661723,0.258776714471,0.303450878396,1.0,-0.0082,-0.0107771428571,0.411
0.463723972932,0.537855208378,-0.123996617718,-1.3710907145,0.0786813121587,1.89969801742,0.157289179719,-0.0106016713539,-0.0436354243782,0.00155610928815,-0.0770341787269,-0.000345873274442,0.024064843472,-0.00746556489682,0.574014938697,0.818830050968,0.0022236648351,0.0,0.818789410037,-0.573954172637,-0.0118851430504,0.0,-0.00845579337927,0.00864312928493,-0.999926895265,0.0,0.659937516199,0.258560510815,0.303458120095,1.0,-0.00858,-0.0112765714286,0.43
0.463624964772,0.537140669871,-0.124002817727,-1.37221201574,0.078616074622,1.90011234506,0.157152125396,-0.00737047652768,-0.044882810441,-0.0014859301699,-0.0760981948087,-0.00115544556217,0.0245130657812,-0.00834555183455,0.57403246424,0.818817749368,0.00222939918461,0.0,0.818777179626,-0.573971669613,-0.0118827398283,0.0,-0.00845034900567,0.00864662607651,-0.999926911059,0.0,0.659809769605,0.258385419725,0.30346505804,1.0,-0.00888,-0.0116708571429,0.445
0.463488534333,0.536150482947,-0.124011577581,-1.37376465427,0.0785334954368,1.90070023536,0.156961977941,-0.00689781621918,-0.0471640322896,-0.00104105709342,-0.0836350442293,-0.00405999390055,0.0297108134651,-0.0130374525711,0.574058053367,0.818799742784,0.00225377081984,0.0,0.818759437449,-0.573997104634,-0.0118766309276,0.0,-0.00843108674812,0.00866333855556,-0.999926929001,0.0,0.659634807437,0.258145550843,0.303476281057,1.0,-0.00928,-0.0121965714286,0.465
0.463395137977,0.53547128459,-0.124018574402,-1.37482193071,0.0784645383986,1.90107902169,0.156837048445,-0.00549458939161,-0.0504709240316,0.000660977536846,-0.084632520879,-0.00975824928792,0.0370832625565,-0.0177856922173,0.574076650245,0.818786714727,0.00224996222973,0.0,0.818746411486,-0.574015767323,-0.0118726342825,0.0,-0.00842980372345,0.00865811731567,-0.999926985041,0.0,0.659512318891,0.257977855968,0.303485409887,1.0,-0.00954,-0.0125382857143,0.478
0.463266380775,0.534466738464,-0.124026661128,-1.3764283286,0.0783820188276,1.90166515209,0.156644826011,-0.00837518504218,-0.0474930689459,-0.00113902632851,-0.0810011020239,-0.00151860906272,0.0274233336365,-0.0153178776931,0.574096376354,0.818772906672,0.00224161957535,0.0,0.818732372442,-0.57403539848,-0.0118916150428,0.0,-0.00844992591472,0.00866238639591,-0.999926778226,0.0,0.659322029531,0.25773717482,0.303480638208,1.0,-0.00992,-0.0130377142857,0.497
0.463140619164,0.533542687639,-0.124020142879,-1.37790994917,0.078301292596,1.90221266455,0.156449144247,-0.00823240004865,-0.0567664795443,0.00120848891531,-0.0893387300266,-2.16053934678e-05,0.0366269180953,-0.00801207496066,0.57409405676,0.818774541816,0.00223842984658,0.0,0.818733832879,-0.574032955474,-0.0119089810525,0.0,-0.00846600100103,0.0086697204112,-0.999926578692,0.0,0.659146305829,0.257518398795,0.303474435789,1.0,-0.01026,-0.0134845714286,0.514
0.463004883469,0.532599390876,-0.124025092394,-1.37943213899,0.0782083616937,1.90279075786,0.156259481713,-0.00774704545369,-0.0549751800796,-0.000392442859738,-0.094692272415,-0.00786903568258,0.0342114345396,-0.0152124323154,0.574111787039,0.818762121869,0.00223398224983,0.0,0.818721385993,-0.574050733061,-0.0119077659941,0.0,-0.00846737162707,0.00866556469737,-0.99992660311,0.0,0.658973218495,0.257281948129,0.303465315411,1.0,-0.0106,-0.0139314285714,0.531
0.462882820103,0.53167810751,-0.124017324308,-1.38090130448,0.0781233548083,1.90332756355,0.156084101545,-0.0116007304735,-0.0629364484936,-0.000358359014543,-0.0899112036526,-0.00872884354705,0.0286692146408,-0.0088094001958,0.574119965893,0.818756404002,0.00222768259624,0.0,0.818715483836,-0.57405883165,-0.011923138572,0.0,-0.00848348852657,0.00866931705611,-0.999926433976,0.0,0.658796413069,0.257066413289,0.303461726453,1.0,-0.01092,-0.014352,0.547
0.462757176064,0.5308018408,-0.124019803655,-1.38233562812,0.0780386187948,1.90382856256,0.155890694414,-0.0117742534906,-0.0617497942142,4.12853619439e-05,-0.100727822393,-0.00757800689629,0.0303395078524,-0.0192620187088,0.574121447315,0.818755495142,0.00217940580294,0.0,0.81871386921,-0.574060431058,-0.0119569543813,0.0,-0.00853887587002,0.00864922023669,-0.999926136566,0.0,0.658622271818,0.256843756884,0.303440048985,1.0,-0.01122,-0.0147462857143,0.562
0.462612890124,0.529714037776,-0.124038577214,-1.38407196271,0.0779348906,1.90445315504,0.15566549878,-0.00363427034731,-0.0654080353744,-0.00276408575492,-0.0977581632279,-0.00131327992187,0.0381505966762,-0.0142102566277,0.574134857099,0.818746156829,0.0021548649909,0.0,0.818704237448,-0.574073966727,-0.0119665873035,0.0,-0.00856071029221,0.00863479823725,-0.999926074517,0.0,0.658416967147,0.256571614454,0.303434685188,1.0,-0.01158,-0.0152194285714,0.58
0.462473848001,0.528636831689,-0.124028694331,-1.38574823286,0.0778247684717,1.9050828249,0.155435781391,-0.0101116738315,-0.0666843566312,0.00447656840032,-0.10120668672,-0.0102515527098,0.035595018437,-0.0109302297878,0.574114943399,0.818760059697,0.00217791460786,0.0,0.818718461245,-0.574053981588,-0.0119521688794,0.0,-0.00853588229515,0.00864518410272,-0.999926197029,0.0,0.658218409322,0.256325917654,0.303449663249,1.0,-0.01192,-0.0156662857143,0.597
0.462340987433,0.527603620468,-0.124026303786,-1.38736423982,0.0777265360047,1.9057091793,0.155201887335,-0.00621934825974,-0.0675229363601,0.000578839623083,-0.103397958801,-0.00906401525025,0.0352192770716,-0.0232463739574,0.574091747069,0.818776227842,0.00221394896223,0.0,0.818735108568,-0.574030651271,-0.0119323216982,0.0,-0.00849919042054,0.00866305194487,-0.999926354935,0.0,0.658031138928,0.256088215304,0.303462076593,1.0,-0.01224,-0.0160868571429,0.613
0.462186536664,0.526437367613,-0.124034674454,-1.38915070939,0.0776101034044,1.90638752568,0.15496002361,-0.0101455322061,-0.0641984624442,-0.000906092248784,-0.109023752047,-0.0103717274415,0.0391871022918,-0.0156411922561,0.574091253,0.818776458352,0.00225640814387,0.0,0.818736010993,-0.574030108408,-0.0118964635704,0.0,-0.00844546069892,0.00867722534375,-0.99992668729,0.0,0.657826286561,0.255812188179,0.303491546241,1.0,-0.01258,-0.0165337142857,0.63
0.462030658931,0.525260101019,-0.124035648498,-1.39098417021,0.077495993781,1.90704948676,0.154714421077,-0.0087188195339,-0.0660526535691,0.000155739524314,-0.107421144563,-0.0127294909229,0.0386721443514,-0.0178538748771,0.574086388382,0.81877985967,0.00225986175414,0.0,0.818739439136,-0.574025212003,-0.011896793256,0.0,-0.00844379965947,0.00868019213938,-0.999926675568,0.0,0.657605399864,0.255533411232,0.303504445068,1.0,-0.01292,-0.0169805714286,0.647
0.461886484746,0.524155224275,-0.124042744397,-1.39275303678,0.0773843575372,1.90767704572,0.15446610413,-0.0109625322581,-0.0686594951157,0.000300241807822,-0.116569520746,-0.0025420801772,0.039801653586,-0.0166792387942,0.574070990719,0.818790751173,0.00222492908008,0.0,0.818749876089,-0.574009956451,-0.0119145793303,0.0,-0.00847857915435,0.00866164153222,-0.999926542133,0.0,0.657388607869,0.255263595106,0.30349411651,1.0,-0.01324,-0.0174011428571,0.663
0.461723560248,0.522960836101,-0.124042458208,-1.39467104732,0.0772660633263,1.90840107832,0.154215857834,-0.00820028822381,-0.066315876515,0.00149595149933,-0.114931684071,-0.011223767103,0.038268809449,-0.0130418521232,0.574070410682,0.818791165079,0.00222226677812,0.0,0.818750257557,-0.574009389484,-0.0119156802274,0.0,-0.00848101498535,0.00866008767218,-0.999926534935,0.0,0.657161249533,0.254974699212,0.303483581512,1.0,-0.01358,-0.017848,0.68
0.461571547948,0.521725878781,-0.124050656309,-1.39662895251,0.0771438286811,1.90916861937,0.153945075674,-0.0134004758775,-0.0697986002521,-8.93013248254e-05,-0.114174589186,-0.0117375992067,0.0518718651288,-0.0212146665268,0.574051055655,0.818804648972,0.00225371354576,0.0,0.818764248979,-0.573990011549,-0.011887730507,0.0,-0.0084402824423,0.00866959124208,-0.999926797231,0.0,0.656932974491,0.254686162259,0.303486274911,1.0,-0.01392,-0.0182948571429,0.697
0.461404599661,0.520548219871,-0.124064804815,-1.39853066865,0.0770316961483,1.90987388278,0.153690876966,-0.00828094257818,-0.0774691522247,-0.00210348038805,-0.118625795697,-0.00906626663033,0.0362255113748,-0.0133581436924,0.574060997862,0.818797730715,0.00223468347283,0.0,0.818757086283,-0.574000031728,-0.0118972323827,0.0,-0.00845888135213,0.00865956674589,-0.999926726931,0.0,0.656707950483,0.25438773294,0.303469947863,1.0,-0.01424,-0.0187154285714,0.713
0.461233664957,0.519145666693,-0.124066320535,-1.40071680473,0.0768885252466,1.91064732638,0.15339003883,-0.00829102669738,-0.0824756310326,0.00536811365427,-0.120168206181,-0.00546112037075,0.0478798001156,-0.0185589376383,0.574033093105,0.81881733042,0.00222133395059,0.0,0.818776522925,-0.573972194905,-0.0119025999024,0.0,-0.00847123425144,0.00865142889313,-0.999926692797,0.0,0.656434414449,0.254062957871,0.30348123481,1.0,-0.0146,-0.0191885714286,0.731
0.461075061512,0.517935873987,-0.124069056786,-1.40257578012,0.0767685830089,1.91132413878,0.153134405964,-0.010146646413,-0.0850832458445,-0.000288211352683,-0.127888917363,-0.00432061886415,0.0405248157458,-0.0143120654014,0.574021708962,0.818825257158,0.00224115645323,0.0,0.818784739313,-0.573960765301,-0.011888543435,0.0,-0.00844846642147,0.00865947344362,-0.999926815789,0.0,0.656209034897,0.25377908397,0.303504197951,1.0,-0.0149,-0.0195828571429,0.746
0.460888689187,0.51651864736,-0.124073854385,-1.40483782088,0.0766248639001,1.91215841001,0.152820864906,-0.00861035172875,-0.0762700276303,-0.0011107934412,-0.127962626892,-0.0100593230158,0.0522373619651,-0.0257487877154,0.57400190808,0.818839177298,0.00222668875182,0.0,0.818798499048,-0.5739410532,-0.0118925316907,0.0,-0.00846024566417,0.00864971182394,-0.999926800685,0.0,0.655933203559,0.253437558912,0.303494248733,1.0,-0.01526,-0.020056,0.764
0.460703500571,0.515136005831,-0.124073018569,-1.40702262364,0.0764948159773,1.91297653798,0.15252542958,-0.00888465531759,-0.0781598149826,0.00107610541947,-0.129525690168,-0.00741099284682,0.0496145940083,-0.016815098213,0.573991339204,0.818846547142,0.002240904411,0.0,0.818805998325,-0.573930371988,-0.0118916827236,0.0,-0.0084515029534,0.00866075561172,-0.999926779024,0.0,0.655668380477,0.25310995573,0.303494787067,1.0,-0.0156,-0.0205028571429,0.781
0.460510200511,0.513728701392,-0.124078464279,-1.40927441166,0.0763589153001,1.91376142299,0.152224867716,-0.0187909861211,-0.0861497681602,-0.000999099266392,-0.136926807108,-0.00391335588496,0.0453753624099,-0.0225939508618,0.573988906747,0.81884838871,0.00219046533064,0.0,0.818807080049,-0.573928037696,-0.0119297991944,0.0,-0.00851169125558,0.00864130729061,-0.999926436754,0.0,0.655384582768,0.252762676015,0.303477620298,1.0,-0.01594,-0.0209497142857,0.798
0.460323748546,0.512346905588,-0.124076226264,-1.4115390175,0.0762292853154,1.91456900068,0.151894099697,-0.0104560322338,-0.0801914307757,-0.000370904643836,-0.133814099011,-0.00386964123642,0.0453246406188,-0.0200269946319,0.573952917548,0.818873771478,0.0021311319833,0.0,0.818831500063,-0.573892105474,-0.0119821817685,0.0,-0.00858901991963,0.00862241219151,-0.99992593863,0.0,0.655096904815,0.252425102576,0.303437826696,1.0,-0.01628,-0.0213965714286,0.815
0.460155513979,0.511160738821,-0.124076490855,-1.41343720323,0.0761140447104,1.91528885029,0.151632092608,-0.0121979594858,-0.0838789753733,0.000836145954036,-0.137350465394,-0.00804490909892,0.0484847376541,-0.0194468620087,0.573944654087,0.818879549931,0.00213627026933,0.0,0.81883732788,-0.573883804001,-0.0119815222816,0.0,-0.00858561796469,0.00862615458054,-0.999925935568,0.0,0.654868277858,0.252135301366,0.303427460359,1.0,-0.01656,-0.0217645714286,0.829
0.459930969544,0.509499456341,-0.124082582203,-1.41606759274,0.0759443686607,1.91627781563,0.151270117637,-0.0147984140157,-0.0879928610156,0.00103183693684,-0.140356365338,-0.00800614698819,0.05305784016,-0.0149442174789,0.573927821042,0.81889132469,0.00214510679005,0.0,0.818849298715,-0.573867017813,-0.0119674041305,0.0,-0.00856916236794,0.00862511142695,-0.999926085723,0.0,0.65454884832,0.251734141708,0.303424257132,1.0,-0.01694,-0.022264,0.848
0.459727364344,0.508005007391,-0.124090818441,-1.41845193212,0.0757885765054,1.91711480766,0.150933922189,-0.014250563674,-0.0952314254727,-0.000587814105002,-0.144324281892,-0.0145748792763,0.0470071649798,-0.0189297689946,0.573906547792,0.818906367069,0.00209362748848,0.0,0.818863677695,-0.573845969161,-0.0119928282896,0.0,-0.00861974970723,0.00859732371201,-0.999925890224,0.0,0.654246795141,0.251364542194,0.303407750882,1.0,-0.01728,-0.0227108571429,0.865
0.459525630255,0.506563027881,-0.124094676035,-1.42072143307,0.075646983802,1.91795046327,0.150626924133,-0.0131574384209,-0.0938998932875,0.000218188476474,-0.143106445072,-0.0121326636606,0.0469080672806,-0.0204812213328,0.573902338797,0.818909306395,0.00209769484315,0.0,0.818866662594,-0.573841736217,-0.0119915624144,0.0,-0.0086164231014,0.00859988366523,-0.999925896881,0.0,0.653967424145,0.25101387179,0.30340844928,1.0,-0.0176,-0.0231314285714,0.881
0.459305232277,0.504956085172,-0.124103505339,-1.42317550775,0.0754972204957,1.91890433961,0.150286719898,-0.0140705765341,-0.0999968090994,-0.00034663857476,-0.147687585312,-0.00675253607151,0.0594204377136,-0.0174366377113,0.573897008817,0.818912812496,0.00218533770529,0.0,0.818871380975,-0.573836115318,-0.0119382191727,0.0,-0.00852249902396,0.00864098514419,-0.999926347481,0.0,0.653677086688,0.250635060971,0.303446432953,1.0,-0.01794,-0.0235782857143,0.898
0.459084590653,0.503289036711,-0.124104268784,-1.42564179251,0.0753414589985,1.91984326464,0.149942163028,-0.0129259890807,-0.0971142172734,-2.30087425257e-05,-0.143933149741,-0.0113706125138,0.0558655891151,-0.0141964948632,0.573880785925,0.818923860741,0.00230233724701,0.0,0.818884012083,-0.573819486977,-0.0118708896919,0.0,-0.00840039057254,0.00869799013127,-0.99992688653,0.0,0.653379920549,0.25025829442,0.303518333724,1.0,-0.01828,-0.0240251428571,0.915
0.45885608688,0.501588030403,-0.12410569589,-1.42816372733,0.0751735164057,1.92076215228,0.149582456483,-0.0133265796597,-0.0980358974796,0.00150325083915,-0.153556543424,-0.00670615575411,0.0532338159268,-0.0165021589628,0.573857761541,0.818939770863,0.0023807810693,0.0,0.818901016611,-0.57379623816,-0.0118215468141,0.0,-0.0083152117113,0.00873367858102,-0.999927287413,0.0,0.65306792988,0.24986670666,0.303585066625,1.0,-0.01862,-0.024472,0.932
0.458616638664,0.499859989021,-0.12410368174,-1.4307830255,0.0750075956313,1.9216772183,0.149219377906,-0.0225582559003,-0.104455018492,-0.00100686330599,-0.155555763044,-0.00914340306642,0.0544068593067,-0.0227932448573,0.573843424924,0.818949754229,0.00240221164428,0.0,0.8189111967,-0.573781735157,-0.0118202884891,0.0,-0.00830203702754,0.00875036131409,-0.999927251033,0.0,0.652733120183,0.249459023807,0.303623275373,1.0,-0.01896,-0.0249188571429,0.949
0.458366804162,0.498194077657,-0.124106190316,-1.43341351165,0.0748455147209,1.92265341462,0.148835300321,-0.0147421027891,-0.0974505766587,0.000575758610356,-0.15687139759,-0.010784085657,0.0576189948575,-0.025429116838,0.573825346625,0.818962396922,0.00241058093836,0.0,0.818923912888,-0.573763589928,-0.0118200962141,0.0,-0.00829727050254,0.00875692177947,-0.999927233164,0.0,0.652408413523,0.249044558338,0.303617748287,1.0,-0.0193,-0.0253657142857,0.966
0.458106535595,0.496505436004,-0.124108476113,-1.43609236122,0.0746769120368,1.92360388034,0.148439116378,-0.0184092250073,-0.0999648255328,0.000717935483825,-0.15616269239,-0.0120113674239,0.0552835153391,-0.0263102499254,0.573805581865,0.818976348255,0.00237531458942,0.0,0.818937327821,-0.573743881414,-0.0118473010942,0.0,-0.00833999774553,0.00874344961901,-0.999926995598,0.0,0.65206911642,0.248615404365,0.303602169894,1.0,-0.01964,-0.0258125714286,0.983
0.457848715152,0.494930443417,-0.124105697676,-1.4386473971,0.0745221054991,1.92448551365,0.148080453534,-0.0190137780801,-0.102714916366,0.00303709612108,-0.157549978456,-0.00484866623307,0.0590694544075,-0.0143578682026,0.5738078802,0.81897496755,0.00229478734774,0.0,0.818934701091,-0.573746289995,-0.0119120513789,0.0,-0.00843920864527,0.00871467772577,-0.999926414367,0.0,0.651739344289,0.248201725494,0.303559680413,1.0,-0.01996,-0.0262331428571,0.999
0.457586333416,0.493292435481,-0.124123657317,-1.44129457088,0.0743503301868,1.92544762722,0.147705188693,-0.0134266090615,-0.115568036929,-0.00159745478225,-0.177107120835,-0.0118622027397,0.0612464863576,-0.0251357677462,0.573808679645,0.818974532935,0.00224954859302,0.0,0.818933758988,-0.57374735479,-0.0119255256676,0.0,-0.00847619245185,0.00868536864295,-0.999926356555,0.0,0.651386927298,0.247739817372,0.30352674148,1.0,-0.0224571428571,-0.0295151020408,1.016
0.457276283074,0.491171935317,-0.124153577993,-1.44465740026,0.0741493944558,1.92669421001,0.147228927127,-0.0191942154906,-0.118985073933,-0.00120226861356,-0.195545653729,-0.011280936233,0.0670473049411,-0.0270603446881,0.573814669511,0.818970350584,0.00224428605069,0.0,0.818929493195,-0.573753349872,-0.011930028814,0.0,-0.00848283656155,0.00868370476749,-0.999926314663,0.0,0.650991785481,0.247227660208,0.303508208474,1.0,-0.0252645714286,-0.0332048653061,1.033
0.456942360532,0.489091338419,-0.124167762358,-1.44803722986,0.0739500800455,1.92788181075,0.146744539541,-0.0265237118626,-0.145229178224,-0.00282100876756,-0.216704116315,-0.0091190429777,0.072412641414,-0.0333120025294,0.5738161714,0.818969545764,0.00215208078148,0.0,0.818927273677,-0.573755014108,-0.012002129583,0.0,-0.00859477694974,0.0086495802243,-0.999925654522,0.0,0.650556366218,0.246677448908,0.30344983367,1.0,-0.0279068571429,-0.0366775836735,1.049
0.456538062728,0.486585671149,-0.124183754382,-1.45192052921,0.0737053785993,1.92937400195,0.1461744779,-0.0222083434293,-0.149888053242,0.000522290037243,-0.235174404443,-0.0140859067371,0.0909547901203,-0.0317593962382,0.573828429054,0.818960714658,0.00224248928411,0.0,0.818919787087,-0.573767067064,-0.0119365812667,0.0,-0.00848908806654,0.00868613575866,-0.999926240494,0.0,0.650060273591,0.24599396104,0.303472958265,1.0,-0.0308794285714,-0.0405843918367,1.067
0.456066682996,0.483681149046,-0.124223374087,-1.45638847398,0.0734280168442,1.93098199835,0.145484995014,-0.0279374561156,-0.164953894131,-0.0052534166734,-0.257399774317,-0.0173573405314,0.0823797443125,-0.0440749955811,0.573813386724,0.818971168281,0.00227368459003,0.0,0.818930629626,-0.573751883007,-0.0119225629822,0.0,-0.00845986739819,0.00870348376515,-0.999926337294,0.0,0.649530773551,0.245283700868,0.303502444761,1.0,-0.0336868571429,-0.044274155102,1.084
0.455615853387,0.480843443419,-0.124280103243,-1.46079756262,0.0731538706549,1.93251688553,0.144836298748,-0.0265848601039,-0.181630369884,-0.00389072609458,-0.288711352372,-0.0181962179068,0.105673504666,-0.0402720998233,0.57383348959,0.818957189847,0.0022347983868,0.0,0.818916155023,-0.573772150907,-0.0119413896746,0.0,-0.00849738545454,0.00868264897759,-0.9999262003,0.0,0.648966593575,0.244533192089,0.303506596026,1.0,-0.0363291428571,-0.0477468734694,1.1
0.454980173076,0.477036264676,-0.12431301453,-1.46663575802,0.072799660003,1.93464052747,0.143980471395,-0.0306073340408,-0.19518688383,-0.000117900055262,-0.300918895002,-0.0149299950287,0.100708516023,-0.0431108538634,0.573864794654,0.818935031721,0.002314774012,0.0,0.818894939427,-0.573803028473,-0.0119125814456,0.0,-0.00842756818251,0.00873193594625,-0.999926361983,0.0,0.648233435604,0.243547765589,0.303550117891,1.0,-0.039632,-0.0520877714286,1.12
0.454499655409,0.474160501624,-0.124340767516,-1.47102175598,0.0725319957697,1.93627901776,0.143356405471,-0.035094717217,-0.211185869145,-0.000946068364771,-0.326106289837,-0.0226140830637,0.113741376886,-0.0527330677577,0.573906521294,0.818905453943,0.00243088874053,0.0,0.818866882965,-0.573844305465,-0.0118527621528,0.0,-0.00831149993237,0.00879312107546,-0.999926797316,0.0,0.647651644093,0.242752614457,0.303598216786,1.0,-0.0421091428571,-0.055343444898,1.135
0.453913554002,0.470742733353,-0.124348928197,-1.47631535018,0.072211415412,1.93812290158,0.142557768887,-0.0337341306414,-0.217526466701,-0.000359796528023,-0.340289348311,-0.017831241528,0.11700653273,-0.0569762063623,0.573904575473,0.818906894468,0.0024048587285,0.0,0.818867650548,-0.57384210875,-0.0119059653884,0.0,-0.00837002908685,0.00880231850063,-0.99992622818,0.0,0.646995244106,0.241915675322,0.303598033174,1.0,-0.0445862857143,-0.0585991183673,1.15
0.453268103259,0.466811332553,-0.124355745721,-1.48217092891,0.0718359726836,1.94036256317,0.141598211722,-0.0405890924045,-0.238047112302,-0.00428291035829,-0.354205086735,-0.0283257454509,0.135995144906,-0.0617644860183,0.573828367834,0.818959479999,0.00266857458979,0.0,0.818923817547,-0.573765078719,-0.0117542501797,0.0,-0.00809527556452,0.00893045342512,-0.999927354119,0.0,0.64626585236,0.240945311681,0.303718850075,1.0,-0.0473937142857,-0.0622888816326,1.167
0.452576283247,0.462711038973,-0.124359256913,-1.48851613753,0.0714200537463,1.94253108914,0.140642378918,-0.042303529146,-0.24582725559,-0.00231944493328,-0.38918140945,-0.021300772091,0.120467621429,-0.0610137304168,0.57379850983,0.818980610611,0.00260316367626,0.0,0.818943839815,-0.573735181933,-0.0118184238609,0.0,-0.00818569100457,0.00891341046739,-0.999926770107,0.0,0.645410313354,0.239881898886,0.303713484666,1.0,-0.0502011428571,-0.065978644898,1.184
0.451833735967,0.458432877883,-0.12437314113,-1.49515465762,0.0709721617936,1.94483494154,0.139658435857,-0.043341081872,-0.250285979096,-0.000173930956665,-0.398483026529,-0.0314668641233,0.143259726957,-0.0586756759688,0.573796392013,0.818982280925,0.00254380505447,0.0,0.818944655013,-0.573733198382,-0.0118581617608,0.0,-0.0082523178392,0.00888757710044,-0.999926452407,0.0,0.644521711001,0.238752595014,0.30369899468,1.0,-0.0530085714286,-0.0696684081633,1.201
0.451030342907,0.45400139129,-0.124380459239,-1.50209404884,0.0705047603876,1.94731532958,0.138566755641,-0.0519013957581,-0.264918982483,-0.00161497039207,-0.421482869716,-0.0356061185992,0.149810848927,-0.0667628905684,0.573756659965,0.81901022889,0.00250739308608,0.0,0.818972089281,-0.573693568316,-0.0118808061063,0.0,-0.00829218609206,0.00887034736526,-0.999926275576,0.0,0.643602730153,0.237564494095,0.303657607582,1.0,-0.055816,-0.0733581714286,1.218
0.450240857275,0.44949335237,-0.124443427974,-1.50878666261,0.070030306468,1.94984931315,0.137506625534,-0.0522634457302,-0.282922363778,-0.00560674884691,-0.422987157636,-0.0257645955025,0.161991019357,-0.0654561624189,0.573755193379,0.819010425421,0.00276550592605,0.0,0.818976336761,-0.573691922278,-0.011665549291,0.0,-0.00796781148189,0.00895822587557,-0.999928129502,0.0,0.642759840902,0.236386006133,0.303786823611,1.0,-0.0584582857143,-0.0768308897959,1.234
0.449339034029,0.444572065205,-0.124474329937,-1.5163810394,0.0695309232627,1.95237466703,0.136384582188,-0.052102389447,-0.288650172827,0.000384461160303,-0.465781038046,-0.0324726097195,0.145925929228,-0.0704539323921,0.573800943495,0.818978787578,0.00264000788322,0.0,0.818942710976,-0.573737714474,-0.0117736158681,0.0,-0.00812782604579,0.00891789880353,-0.999927202113,0.0,0.641708771995,0.235051848824,0.303763914223,1.0,-0.0612657142857,-0.0805206530612,1.251
0.448387737692,0.439498058349,-0.124497772918,-1.52429477651,0.0689685168794,1.9550497162,0.135115798514,-0.0588461644706,-0.301874725446,-0.00267765691584,-0.467201617235,-0.0379987389854,0.159047019108,-0.0664201595895,0.573752770051,0.819013045143,0.00247742731499,0.0,0.818974806434,-0.573690104786,-0.011860733472,0.0,-0.00829297956813,0.00883424932682,-0.99992658857,0.0,0.640612706686,0.233657080728,0.303700575849,1.0,-0.0640731428571,-0.0842104163265,1.268
0.44730908022,0.433830491159,-0.124518267886,-1.53279616897,0.0684164461377,1.95814437057,0.133727504926,-0.0592681299209,-0.319996337072,-0.00466225652173,-0.472097069082,-0.0349115049284,0.175985641557,-0.0705176251114,0.573735123418,0.81902470667,0.00269905943994,0.0,0.818989288575,-0.573671568496,-0.0117568533054,0.0,-0.0080809352505,0.00895599288334,-0.999927241692,0.0,0.639482537096,0.232152473684,0.303791652046,1.0,-0.0670457142857,-0.0881172244898,1.286
0.446340760919,0.429035630504,-0.124546708826,-1.54018301323,0.067879022343,1.96076336002,0.132550593165,-0.0673996140217,-0.316733423837,-0.00146260398832,-0.506550599675,-0.0342893292318,0.172213720012,-0.0852072488251,0.573754415774,0.819011224509,0.00268912797241,0.0,0.818975952556,-0.57369119888,-0.011727930953,0.0,-0.0080627332729,0.00893145527309,-0.999927608099,0.0,0.638484764706,0.230806250965,0.303770994707,1.0,-0.0695228571429,-0.0913728979592,1.301
0.445066078657,0.422669221155,-0.12466463444,-1.55000589501,0.0671562357011,1.96395021555,0.130926580128,-0.068926963007,-0.337443935744,-0.00742476814776,-0.528342665238,-0.0389038263935,0.16990249123,-0.0917957632049,0.573769803357,0.819001301241,0.0024141710165,0.0,0.818962658059,-0.57370782274,-0.0118425391327,0.0,-0.0083141862359,0.00877217615365,-0.999926958949,0.0,0.637097320818,0.228960472057,0.303704939546,1.0,-0.0726605714286,-0.0954967510204,1.32
0.443999235675,0.417420530648,-0.124717010297,-1.55785929979,0.0666068775925,1.96670462729,0.129683801221,-0.0696366243091,-0.359441362085,-0.00299483486928,-0.522412005728,-0.0366393600728,0.190958825821,-0.0881056257866,0.573840270836,0.818951605408,0.00252160022892,0.0,0.818914516224,-0.573778043764,-0.0117693888128,0.0,-0.00819187873545,0.00881889408653,-0.999927557491,0.0,0.63602171244,0.227501362516,0.303768613992,1.0,-0.0751377142857,-0.0987524244898,1.335
0.442725414105,0.411356360337,-0.124726066341,-1.56692197923,0.0659972995533,1.96998799298,0.128107260088,-0.0817187641837,-0.354491210197,-0.000380623032375,-0.548468690491,-0.0355642379311,0.188352572364,-0.0956466771573,0.573804057871,0.818976204564,0.0027615993167,0.0,0.818942167344,-0.573740908768,-0.0116551728195,0.0,-0.00796101997193,0.00894954789529,-0.999928261304,0.0,0.634785395611,0.225834509901,0.303846349425,1.0,-0.0779451428571,-0.102442187755,1.352
0.441479942002,0.405516215087,-0.124788295306,-1.57589061167,0.0653484304798,1.97290436161,0.126666452376,-0.0761529542959,-0.36961719561,-0.0044613353042,-0.572996162079,-0.0425625453176,0.187423288087,-0.0880315256287,0.573870825007,0.818930077396,0.00255957884528,0.0,0.81889326937,-0.573808224441,-0.0117763256474,0.0,-0.00817543728387,0.00885428207604,-0.99992737932,0.0,0.633485817606,0.224137157011,0.303779119091,1.0,-0.0805874285714,-0.105914906122,1.368
0.440080402769,0.39909865234,-0.124848812619,-1.58551149039,0.064677467252,1.97625904735,0.125026997276,-0.0834711935678,-0.389324151693,-0.00276470041727,-0.55963551714,-0.0393348246944,0.208791374528,-0.0974989726272,0.57391524255,0.818898588649,0.00267259785795,0.0,0.818863279103,-0.573852259892,-0.011715837726,0.0,-0.00806056184891,0.00891256169032,-0.999927794187,0.0,0.632136663394,0.222303800131,0.30381908819,1.0,-0.0833948571429,-0.109604669388,1.385
0.438617329035,0.392483780443,-0.124863401576,-1.59540845214,0.063912342483,1.97964707104,0.123341470905,-0.0895209747856,-0.380599179529,0.000125161389433,-0.593975816993,-0.0430094790788,0.191278884858,-0.0895889687359,0.573912270941,0.818900516839,0.00271950091145,0.0,0.818866149665,-0.573849495154,-0.0116504397197,0.0,-0.00798012052478,0.00891340916808,-0.999928431846,0.0,0.630717365871,0.22042112623,0.303851479078,1.0,-0.0862022857143,-0.113294432653,1.402
