position_joint1,position_joint2,position_joint3,position_joint4,position_joint5,position_joint6,position_joint7,velocity_joint1,velocity_joint2,velocity_joint3,velocity_joint4,velocity_joint5,velocity_joint6,velocity_joint7,ee_T_00,ee_T_10,ee_T_20,ee_T_30,ee_T_01,ee_T_11,ee_T_21,ee_T_31,ee_T_02,ee_T_12,ee_T_22,ee_T_32,ee_T_03,ee_T_13,ee_T_23,ee_T_33,v_x,v_y,time
0.465066139299,0.54782004256,-0.123991336847,-1.35585117802,0.0794701065156,1.89409589018,0.159164039222,-0.00274781626272,-0.00013944701316,-0.000132697826356,0.000131191903948,-0.000375800111656,0.000380110304436,2.81951153182e-05,0.573810973267,0.818973871335,0.00187401463062,0.0,0.81892999511,-0.57375296973,-0.0119138463931,0.0,-0.00868207460021,0.0083711437569,-0.999927270122,0.0,0.661675236919,0.260876008726,0.303177835758,1.0,0.0,0.0,0.0
0.465066244158,0.54782004256,-0.123993842501,-1.35585368269,0.0794715306693,1.89409554435,0.159172380084,-0.000277935332666,-0.000487400410853,-0.00109080318248,-0.000481041325745,0.000101620884704,8.8136757992e-05,0.00363931326164,0.573819980086,0.818967565869,0.00187173955259,0.0,0.818923657544,-0.57376198262,-0.0119154234338,0.0,-0.0086845795343,0.00837028099172,-0.999927255591,0.0,0.661675061401,0.260874537409,0.303176699284,1.0,-0.00014,-0.000184,0.008
0.465063688731,0.547813066615,-0.123990763549,-1.3558592483,0.0794701050553,1.89409859665,0.159160688176,-0.00138827058095,-0.00140842387845,-0.00238338932286,-0.00147507548895,-0.000310969284229,0.00015129354726,-0.00157273313027,0.573810282207,0.818974351243,0.00187588393571,0.0,0.818930491408,-0.573752263239,-0.0119137555053,0.0,-0.00868093466702,0.00837261516072,-0.999927267699,0.0,0.661674619081,0.260874036679,0.303179152686,1.0,-0.00042,-0.000552,0.022
0.465065866029,0.547804155246,-0.123994204347,-1.35586677628,0.0794704637238,1.89409710106,0.159163634678,0.00116311153246,0.00180007628992,-0.000175728068707,-0.00120372314388,-0.000153718882638,0.000826224019141,-0.00902617734261,0.573813795991,0.818971889898,0.00187563022769,0.0,0.818928031695,-0.57375578242,-0.0119133515678,0.0,-0.00868071349033,0.0083722128477,-0.999927272988,0.0,0.661673033009,0.260872666174,0.303181867406,1.0,-0.00078,-0.00102514285714,0.04
0.465062688865,0.54774148317,-0.123989606511,-1.35592106274,0.0794685503612,1.89410574251,0.159166430326,0.000337355381772,-0.00768887447814,0.000125861091149,-0.00647576738635,0.000370816369428,0.00178016309706,0.000645328094354,0.573817882137,0.818968986615,0.00189314653276,0.0,0.81892530631,-0.573759746202,-0.011909795297,0.0,-0.00866770859125,0.00838456054701,-0.999927282342,0.0,0.661663852376,0.260867885193,0.30320102182,1.0,-0.00108,-0.00141942857143,0.055
0.465061990939,0.547614648682,-0.123989207005,-1.35609313823,0.079467943901,1.89414043307,0.15915681945,-0.000480498404449,-0.00671274144827,1.64151572747e-05,-0.0146165957505,-3.53006561254e-05,0.00269283908915,-0.000250414705056,0.573819551861,0.818967821441,0.00189109703316,0.0,0.818923983486,-0.573761297683,-0.0119259990531,0.0,-0.00868213833326,0.00839219772349,-0.999927093088,0.0,0.661634795666,0.260851150689,0.303211969875,1.0,-0.00144,-0.00189257142857,0.073
0.465046795983,0.547469918663,-0.123991667225,-1.35629685323,0.0794613928323,1.89419690201,0.15915438482,-0.00270590651006,-0.00981534929116,0.000208152133616,-0.00980447264736,7.24321502036e-05,0.00884069125579,-0.000105729074305,0.573841238966,0.818952622856,0.00189232171784,0.0,0.818908736598,-0.573782914869,-0.0119329220437,0.0,-0.00868688318428,0.00839740323324,-0.999927008176,0.0,0.661608067852,0.260820165778,0.303222506944,1.0,-0.00178,-0.00233942857143,0.09
0.465030325821,0.547296388941,-0.123991906917,-1.35649419828,0.0794617850719,1.89432438432,0.159146787965,-0.00050815344407,-0.00473387999753,-0.00330133400913,-0.016490102258,-0.000881279810866,0.00485082260525,0.000610892839095,0.573860129503,0.818939163807,0.00198611468222,0.0,0.81889646305,-0.573801378097,-0.011887312549,0.0,-0.00859551594736,0.00844823966206,-0.999927369539,0.0,0.661597165934,0.260796726004,0.303262576583,1.0,-0.0021,-0.00276,0.106
0.464999505405,0.547102667386,-0.123986971511,-1.35672882847,0.0794559896551,1.89444230402,0.15913362656,-0.001274340305,-0.00877020826627,-0.0016336634904,-0.0161248974232,4.23628485576e-05,0.0054675149187,-0.00138864256979,0.573882880762,0.818923045311,0.0020571652686,0.0,0.818881213003,-0.573823782022,-0.0118563517758,0.0,-0.00852915356047,0.00848889474045,-0.999927593481,0.0,0.661579226898,0.260760968282,0.30329818284,1.0,-0.00244,-0.00320685714286,0.123
0.464960438243,0.546836803732,-0.123986737815,-1.35711136565,0.0794473941948,1.89460221214,0.159110901127,-0.00193873202719,-0.0138480920635,0.000584466470826,-0.0182844841229,-9.9518632631e-05,0.00604140130393,0.0011166596075,0.573915322367,0.818900197769,0.00210136792853,0.0,0.818858835003,-0.573855936928,-0.0118456275326,0.0,-0.00849466781641,0.00851927486034,-0.999927628668,0.0,0.661541005086,0.260702815029,0.303318273808,1.0,-0.00284,-0.00373257142857,0.143
0.464937332943,0.546639248449,-0.12399454289,-1.3574110021,0.0794399396873,1.89470618553,0.159059851362,-0.00116583088628,-0.0132338709807,-0.00155830759405,-0.0211430335573,-0.0013828702562,0.00739970032386,-0.00864371174721,0.573912629193,0.818902069826,0.00210736550988,0.0,0.818860716614,-0.573853151435,-0.0118504968457,0.0,-0.00849524161606,0.00852695280381,-0.999927558349,0.0,0.661506438167,0.260655891068,0.303324841655,1.0,-0.0031,-0.00407428571429,0.156
0.464889207065,0.546330405214,-0.123989480208,-1.35787516228,0.0794274697038,1.89488028977,0.158938033434,-0.00252954408147,-0.0116861603538,-0.00101090851432,-0.0247536932354,-0.00192160465524,0.0047268350231,-0.00410485533902,0.573871399459,0.818930894595,0.00213393112698,0.0,0.818889717575,-0.573811650295,-0.0118561096805,0.0,-0.00848502332851,0.0085515011553,-0.999927435471,0.0,0.661454865761,0.260585750091,0.303337555875,1.0,-0.00346,-0.00454742857143,0.174
0.464846921944,0.546041021571,-0.123991995597,-1.35838196059,0.079398577003,1.89505932869,0.158916718912,-0.000265219236275,-0.018447118646,-0.000689737059888,-0.0279470279824,0.000498939200021,0.0114203792892,0.000564942908354,0.573908110494,0.818905218882,0.00211426042562,0.0,0.818863744554,-0.573848393986,-0.0118716248585,0.0,-0.00850863442115,0.00854467751167,-0.99992729317,0.0,0.661397896139,0.260515641779,0.303326684663,1.0,-0.00378,-0.004968,0.19
0.464797997504,0.545742756327,-0.123992413425,-1.35888330498,0.0793345749423,1.89521884425,0.158857822886,-0.00394076945118,-0.0146941924363,0.000283533764324,-0.0356015600038,-0.00758068060485,0.0103121279039,-0.00473207935909,0.573914015121,0.818901258032,0.00204444192651,0.0,0.818859165366,-0.573854869772,-0.0118744530708,0.0,-0.00855095623504,0.00848918849201,-0.999927404778,0.0,0.661336025994,0.260419699506,0.303303132067,1.0,-0.0041,-0.00538857142857,0.206
0.464739394988,0.545374398712,-0.123997076292,-1.35954576259,0.0792794412601,1.89544003275,0.158732426897,-0.00492875595417,-0.0225931686856,3.73193768939e-05,-0.0397564472453,-0.000535130529605,0.0128504251334,-0.00669084780001,0.573887148451,0.81892025809,0.00197449602844,0.0,0.818877318134,-0.573828355249,-0.011903926188,0.0,-0.00861551037298,0.00844854292847,-0.999927194901,0.0,0.661249818156,0.260306443799,0.303271786195,1.0,-0.00446,-0.00586171428571,0.224
0.464672915656,0.544912314802,-0.123993268276,-1.36028811939,0.0792631968084,1.89568117111,0.158688121815,-0.00550740060867,-0.0318333179328,-0.000449190775952,-0.0415289277116,0.000148314212853,0.0127740802987,-0.000827855356196,0.573937258387,0.818885184258,0.0019558473368,0.0,0.818841725921,-0.573878267074,-0.0119461028223,0.0,-0.00866023506686,0.00845800575395,-0.999926728549,0.0,0.66116402568,0.260200454377,0.303262412972,1.0,-0.0048,-0.00630857142857,0.241
0.464604742075,0.54448727854,-0.123995633,-1.36101033071,0.079234760341,1.89594467431,0.158585452897,-0.00102332066818,-0.0210792818883,0.000379024578058,-0.0450740037937,-0.000621843122748,0.0159153730878,-0.00140335933566,0.573943423485,0.818880915535,0.00193383350819,0.0,0.818837028,-0.573884385612,-0.01197415664,0.0,-0.00869577891808,0.0084561457448,-0.999926435808,0.0,0.661081554348,0.260087142989,0.303242405615,1.0,-0.00514,-0.00675542857143,0.258
0.464527900153,0.543963644897,-0.123998839297,-1.36185847481,0.0791987822612,1.89624576543,0.158477734066,-0.00780946210864,-0.0301170036555,-0.000202231977903,-0.04650432101,-0.00320256585372,0.0181106443174,2.99479622206e-05,0.573958022974,0.818870712752,0.00192108351589,0.0,0.818826508631,-0.573898891614,-0.0119982443736,0.0,-0.00872267115997,0.00845968560311,-0.999926171638,0.0,0.660982972419,0.259955298776,0.303235463181,1.0,-0.0055,-0.00722857142857,0.276
0.464455630096,0.543506217962,-0.123996569366,-1.36259480074,0.0791593630789,1.89649296876,0.158387010009,-9.56948648093e-05,-0.0390339321552,7.72450343693e-07,-0.0463967222421,-0.00732567729039,0.0150086083524,-0.00753780773625,0.57396285596,0.818867362253,0.00190523378808,0.0,0.818822851151,-0.573903695016,-0.0120180772563,0.0,-0.0087479589367,0.00845814175309,-0.999925963786,0.0,0.660888180229,0.259832769813,0.303237275595,1.0,-0.00582,-0.00764914285714,0.292
0.464377285449,0.542918748965,-0.124009928189,-1.36352914098,0.0790981149154,1.89682179151,0.15826183526,-0.00280628361797,-0.0356146527981,-0.000497015734543,-0.0522181066888,0.000190112367746,0.0185510968113,-0.00892277234805,0.573979776093,0.818855541865,0.00188814605994,0.0,0.818810859898,-0.573920737113,-0.0120212364585,0.0,-0.00876017857621,0.0084461437242,-0.999925958223,0.0,0.660795360867,0.259697487367,0.303236172741,1.0,-0.00614,-0.00806971428571,0.308
0.464310388489,0.542354360255,-0.124008330236,-1.36439020824,0.0790562025471,1.89713578907,0.158148831047,-0.000504970880008,-0.0371490988708,0.00117144446481,-0.0513168874587,-0.000371280256644,0.0196654379027,-0.00955841874433,0.573976000695,0.818858166893,0.00189737712358,0.0,0.818813516834,-0.573916836837,-0.0120264685618,0.0,-0.00875920396547,0.00845666517991,-0.999925877833,0.0,0.660686296576,0.25956399555,0.303246233859,1.0,-0.00648,-0.00851657142857,0.325
0.464215807839,0.541728133175,-0.124010824901,-1.36534969121,0.0789936866376,1.89749554372,0.15802131995,-0.00536592781398,-0.0434247608925,0.000199817321331,-0.056695925838,-0.00255354641169,0.0225687520373,-0.00164084413724,0.573987392187,0.818850137203,0.00191658923914,0.0,0.818805792213,-0.57392819672,-0.0120102684738,0.0,-0.00873479355361,0.00846321999429,-0.999926035909,0.0,0.660581855064,0.259408698246,0.303263609387,1.0,-0.00682,-0.00896342857143,0.342
0.464148848131,0.541120212462,-0.124014092972,-1.36629927456,0.078940119141,1.89785412973,0.157899940462,-0.00231642500682,-0.0371078320775,-3.82711722706e-05,-0.0630130534199,-0.00419332242531,0.0202382684987,-0.00933069051154,0.573983547601,0.818852796896,0.00193157952752,0.0,0.818808629656,-0.573924271073,-0.0120044148705,0.0,-0.0087214362341,0.00847209373429,-0.999926077357,0.0,0.660471332757,0.259273505931,0.30327261109,1.0,-0.00714,-0.009384,0.358
0.464051975844,0.540418398942,-0.124014407746,-1.36736610625,0.0788722260142,1.89823831736,0.15776208174,-0.00706687095968,-0.0430238957267,0.000621426947284,-0.0636096354252,-0.00332229395339,0.0187730458637,-0.0109745060828,0.573991069131,0.818847489296,0.00194646689544,0.0,0.818803526599,-0.573931738169,-0.0119954846595,0.0,-0.00870550097561,0.00847923827447,-0.999926155659,0.0,0.660349020101,0.259107017717,0.303294183246,1.0,-0.00748,-0.00983085714286,0.375
0.463947383105,0.53963868567,-0.124017765041,-1.36856873709,0.0788061525732,1.89870229119,0.157628380597,-0.00679534503452,-0.0448948600721,0.00102011637256,-0.0672194036613,-0.00561729642306,0.0295387505874,-0.00592509053032,0.574018598525,0.8188281036,0.00198297838462,0.0,0.818784592084,-0.573959084891,-0.011979463164,0.0,-0.00867113959208,0.00850023046005,-0.999926275993,0.0,0.660215670225,0.258924285342,0.303313091869,1.0,-0.00784,-0.010304,0.393
0.463831647966,0.538794415052,-0.124021118627,-1.36987691308,0.0787352208268,1.89919750898,0.157467159587,-0.0054186868901,-0.044624870918,8.10868124409e-05,-0.0722417279391,-0.00371739556927,0.0257345567177,-0.00463431689529,0.574037097494,0.818815063233,0.0020124176105,0.0,0.818771882872,-0.573977405889,-0.01197030692,0.0,-0.00864655185085,0.00851927521897,-0.999926326832,0.0,0.660068721108,0.258723865149,0.303329940618,1.0,-0.00822,-0.0108034285714,0.412
0.463746678508,0.53819615057,-0.124028993362,-1.37079896738,0.0786799467354,1.89954693848,0.157347835189,-0.00629701490074,-0.0408136808327,-0.00169615979966,-0.068789902212,-0.00573189048387,0.031520686151,-0.00919491381633,0.574050636083,0.818805523112,0.00203210126127,0.0,0.81876263853,-0.57399089918,-0.0119555973528,0.0,-0.00862306753515,0.00852709102848,-0.999926463009,0.0,0.659967557007,0.258576387826,0.303344175517,1.0,-0.00848,-0.0111451428571,0.425
0.463625634169,0.537299013143,-0.124035995877,-1.37221239618,0.0785979823153,1.90007245956,0.157165056836,-0.00811050365041,-0.0490595769118,-0.000225968160875,-0.0756460986711,-0.00158418809301,0.0252535093325,-0.00761772666372,0.574060998693,0.818798240026,0.00203931640351,0.0,0.81875544063,-0.574001221701,-0.011952942128,0.0,-0.00861664376756,0.00853158355525,-0.999926480064,0.0,0.659805944494,0.258358846243,0.303350721383,1.0,-0.00886,-0.0116445714286,0.444
0.463528973732,0.536554560825,-0.124034254567,-1.37337048504,0.0785318771422,1.90051924994,0.157034437712,-0.0077818566574,-0.0486361325176,-0.000166159428548,-0.0830864514251,-0.00443076870758,0.0279575815599,-0.00371748287103,0.574078117548,0.818786163775,0.00206878331893,0.0,0.818743719768,-0.574018187882,-0.0119410310427,0.0,-0.00858979712732,0.00854905256826,-0.999926561846,0.0,0.659674333603,0.258188009236,0.303363737137,1.0,-0.00916,-0.0120388571429,0.459
0.463401277219,0.535640570985,-0.124037256461,-1.37480598494,0.07845348313,1.90104127369,0.156853412077,-0.00849100925271,-0.0571725531804,0.00114761637083,-0.0809139586258,-0.00384032292786,0.0329020465351,-0.0129032141803,0.574094389944,0.818774744229,0.00207281172496,0.0,0.818732262761,-0.574034352042,-0.0119495393354,0.0,-0.00859428134406,0.00855740608528,-0.99992645186,0.0,0.659507305886,0.257966378196,0.303370912893,1.0,-0.00952,-0.012512,0.477
0.463297473724,0.534793485831,-0.124046032338,-1.37617586726,0.0783739635426,1.90153542316,0.156689646444,-0.0104230717443,-0.0483425440299,-0.0011548756462,-0.0848758834361,-0.00755449429431,0.0262305587796,-0.00583840650886,0.574105266205,0.818767182539,0.00204719657101,0.0,0.818724342874,-0.57404530922,-0.011965794967,0.0,-0.00862218264703,0.00854588010686,-0.999926310235,0.0,0.65934306444,0.257762007435,0.303359707896,1.0,-0.00984,-0.0129325714286,0.493
0.463183154503,0.533939676476,-0.124046078562,-1.37757230944,0.0782851899141,1.90203916748,0.156509170993,-0.00208248113042,-0.0538522868439,0.000416081866517,-0.0895061271406,-0.00393566886639,0.0305744829635,-0.0164822398068,0.574103761788,0.818768327956,0.00201065620646,0.0,0.818725009442,-0.574043955817,-0.0119850992934,0.0,-0.0086589813785,0.00852702928308,-0.99992615318,0.0,0.6591756331,0.257551883113,0.303340982605,1.0,-0.01016,-0.0133531428571,0.509
0.46307232662,0.533190246322,-0.124046058698,-1.37878173011,0.0782383343726,1.90250160673,0.156371875367,-0.00603604807525,-0.0557015526773,0.000949549543996,-0.082726860625,-0.00270171754327,0.0255248637696,-0.00808894499708,0.574135855876,0.818745787145,0.00202532226315,0.0,0.818702425746,-0.574075753125,-0.0120047762858,0.0,-0.00866633845998,0.00855067338419,-0.999925887535,0.0,0.659037211816,0.257368896298,0.303333985616,1.0,-0.01044,-0.0137211428571,0.523
0.462920089916,0.532068588917,-0.124044603316,-1.38061265434,0.0781222083153,1.90318274672,0.156131177009,-0.00611395058363,-0.0532517532385,-0.000200744840027,-0.0979005588465,-0.00386998262293,0.0326435140842,-0.0113716213557,0.574131251171,0.818749086465,0.00199668285551,0.0,0.818705366034,-0.574071285025,-0.0120179132158,0.0,-0.00869358455241,0.00853471883888,-0.999925787327,0.0,0.658821214297,0.257094247842,0.303312300199,1.0,-0.01084,-0.0142468571429,0.543
0.462784471792,0.531064439392,-0.124046771321,-1.38222022013,0.0780216992687,1.90376352414,0.155928610192,-0.00923230892344,-0.0592143400303,0.000873829880561,-0.0908291747617,-0.0047848451749,0.0316996228599,-0.00983991922525,0.574138450325,0.818744092026,0.00197446980163,0.0,0.818700076694,-0.57407857333,-0.0120300858436,0.0,-0.00871622871863,0.00852359752722,-0.99992568506,0.0,0.658629355642,0.256849169958,0.303305252612,1.0,-0.01118,-0.0146937142857,0.56
0.46264144144,0.530011912904,-0.124050066069,-1.38387238867,0.0779250549666,1.90434625438,0.155710769762,-0.00798777057089,-0.0629186177618,-0.00051285391734,-0.0974161525954,0.000422889984187,0.0313946133587,-0.0134996604624,0.574143170607,0.818740812384,0.00196180620659,0.0,0.818696551967,-0.574083269571,-0.0120458415156,0.0,-0.00873635014884,0.00852232569856,-0.999925520302,0.0,0.65843023174,0.256594687502,0.303311031301,1.0,-0.01152,-0.0151405714286,0.577
0.462509194907,0.529020631117,-0.124052477467,-1.3854246491,0.0778249861247,1.9049256936,0.155496247777,-0.00686319593451,-0.0673821411238,5.89008081047e-06,-0.0918282950506,-0.00786290834725,0.0305347181013,-0.0163553856112,0.574134819838,0.818746641331,0.00197303345561,0.0,0.818702579659,-0.574074922483,-0.0120339659814,0.0,-0.00872026809328,0.00852461059572,-0.999925641205,0.0,0.658248967533,0.256358118028,0.303320659086,1.0,-0.01184,-0.0155611428571,0.593
0.462366045527,0.527934249467,-0.124049675446,-1.38713695127,0.0777155546225,1.90559483816,0.155254078891,-0.0128445553096,-0.0637563580165,0.00160066022038,-0.10090810569,-0.00787782301198,0.0380229968049,-0.0140281068594,0.574115261797,0.818760277357,0.0020053165181,0.0,0.818716699807,-0.574055290619,-0.0120098156299,0.0,-0.00868216457817,0.00853696892939,-0.999925867342,0.0,0.658052328882,0.256104239298,0.303328455261,1.0,-0.01218,-0.016008,0.61
0.462221336244,0.526760534617,-0.124053161923,-1.38891173638,0.0776085111151,1.90626680929,0.155010876945,-0.00808411397162,-0.0675703114898,0.000553959162942,-0.107346577363,-0.00547650064229,0.0491945561721,-0.0165265712295,0.574104178193,0.818767900274,0.00206517879654,0.0,0.81872511862,-0.574043971177,-0.011976902639,0.0,-0.00862096596825,0.0085669685427,-0.99992614027,0.0,0.657845096209,0.255840023903,0.303368122528,1.0,-0.01252,-0.0164548571429,0.627
0.462060227434,0.525522960723,-0.124060990772,-1.39085641428,0.0774907798086,1.9069747772,0.154748047492,-0.0132855637533,-0.0721718445193,0.000477059772401,-0.10315109006,-0.010236836972,0.0466215426675,-0.0163201649527,0.574099459094,0.818771212027,0.002064055618,0.0,0.818728405233,-0.574039246935,-0.0119786620436,0.0,-0.00862310072872,0.00856700930581,-0.999926121514,0.0,0.657612037445,0.255543928265,0.303374823991,1.0,-0.01288,-0.016928,0.645
0.461928388505,0.524482422775,-0.124065252129,-1.39250130986,0.0773835918085,1.90756725136,0.154536702945,-0.00948842584375,-0.0704286242898,-0.00129725753129,-0.111919047284,-0.00930448032278,0.0433297445657,-0.0144574037211,0.574090677303,0.818777404753,0.00205002431794,0.0,0.818734477751,-0.574030587214,-0.0119785969787,0.0,-0.00863119406097,0.00855539115973,-0.999926151159,0.0,0.657398038368,0.255279491796,0.30337971209,1.0,-0.0132,-0.0173485714286,0.661
0.461754789541,0.523145561282,-0.124072348062,-1.39464649323,0.0772425598364,1.90835605733,0.15424213935,-0.0102384633964,-0.0716536855982,0.000801057682081,-0.115460603908,-0.00717532759286,0.0377738227797,-0.0226525344184,0.574079808152,0.81878509204,0.00202332040811,0.0,0.818741876486,-0.574019890532,-0.0119854855218,0.0,-0.00865227729006,0.00853736674738,-0.999926123004,0.0,0.657153262787,0.254971498662,0.303362597353,1.0,-0.01356,-0.0178217142857,0.679
0.461597272874,0.521899014755,-0.124076968707,-1.39660341845,0.0771349499629,1.90912042039,0.153977387009,-0.00963669793776,-0.0692713410418,0.00188319164111,-0.116730237136,-0.00707718617116,0.0502493623475,-0.0199991218673,0.574071319187,0.81879092194,0.00207208512564,0.0,0.81874828995,-0.574011146784,-0.0119661177244,0.0,-0.00860851434501,0.00856608606457,-0.999926255106,0.0,0.656924693522,0.254683822507,0.303373580718,1.0,-0.0139,-0.0182685714286,0.696
0.461423799246,0.52065506569,-0.124083191031,-1.39861979588,0.0769965694889,1.90987347358,0.15370938532,-0.0113069006025,-0.0707658205754,-0.000122157677276,-0.124993844567,-0.0123678017614,0.0490622683405,-0.010780202344,0.574068621884,0.818792885309,0.00204333958738,0.0,0.818750022094,-0.57400871205,-0.0119643935913,0.0,-0.00862363165642,0.00854153172392,-0.999926334893,0.0,0.656685183409,0.254372004715,0.303353149765,1.0,-0.01424,-0.0187154285714,0.713
0.461273991652,0.519478826136,-0.12408218494,-1.4004308524,0.076891365104,1.91052541077,0.15346284833,-0.00950407636145,-0.0777025895818,0.000968822904898,-0.123829116194,-0.00316132897083,0.045378403595,-0.0212600412864,0.574056590227,0.818801274402,0.00206183314507,0.0,0.818758549125,-0.57399650248,-0.0119666317856,0.0,-0.00861497420735,0.00855783211855,-0.999926270146,0.0,0.65646207326,0.25410196479,0.303373533057,1.0,-0.01454,-0.0191097142857,0.728
0.461093674821,0.518067157082,-0.124084092501,-1.40264905533,0.0767443300358,1.91132030289,0.153155874684,-0.0123818592719,-0.0769131125299,-0.000413430243798,-0.124113738064,-0.00417884083882,0.0494006320788,-0.0215216695265,0.574032037252,0.818818528973,0.00204541422438,0.0,0.818775630109,-0.573972061223,-0.0119702705488,0.0,-0.00862763481245,0.00854621865117,-0.999926260313,0.0,0.656187436911,0.253767988526,0.30337750615,1.0,-0.0149,-0.0195828571429,0.746
0.460934147281,0.516856980516,-0.124093599241,-1.40454389597,0.0766247310561,1.91200149806,0.15290542388,-0.0151639060157,-0.0818521537417,-0.000506904131122,-0.121552180633,-0.00294427249535,0.0549280533913,-0.018606439295,0.574032194919,0.818818436208,0.00203828930997,0.0,0.818775467296,-0.573972271277,-0.0119713349397,0.0,-0.0086325944141,0.00854099739449,-0.99992626212,0.0,0.65595556674,0.253475708805,0.303384004378,1.0,-0.0152,-0.0199771428571,0.761
0.460752772096,0.515494734701,-0.124099305456,-1.40670645708,0.0764884312309,1.91283246569,0.152593378148,-0.00988392068228,-0.0809868084809,-0.000163643986992,-0.12365497632,-0.00556225562796,0.0463837743348,-0.0176222560763,0.574006835465,0.81883616353,0.00205840607871,0.0,0.818793527683,-0.573946901375,-0.0119524193262,0.0,-0.00860582308406,0.00854634451177,-0.999926447197,0.0,0.655699025177,0.253148999551,0.303382261523,1.0,-0.01554,-0.020424,0.778
0.460563476601,0.514105297696,-0.124097476208,-1.40895463152,0.0763505254469,1.91363373078,0.152300882073,-0.0132904953877,-0.083563551159,-0.000553689931059,-0.131127354334,-0.0111754118351,0.0502563394939,-0.0153937057526,0.574001984092,0.818839687117,0.00200897006433,0.0,0.818796312841,-0.57394216469,-0.0119890186976,0.0,-0.00866421850469,0.00852682196874,-0.999926109583,0.0,0.655416459393,0.252809538797,0.303355625523,1.0,-0.01588,-0.0208708571429,0.795
0.460349654768,0.512531707371,-0.1241003807,-1.41149723676,0.0762031463067,1.9145121138,0.151943736148,-0.0099255892125,-0.0815222743143,-0.000377434451414,-0.13111256091,-0.0118794058492,0.0460950329993,-0.0185004391969,0.573980018888,0.818855258636,0.00193654923015,0.0,0.818810731813,-0.573920309171,-0.0120503564382,0.0,-0.00875624138978,0.00850249480773,-0.999925515135,0.0,0.65509092036,0.252422520482,0.303324269647,1.0,-0.01626,-0.0213702857143,0.814
0.460181133579,0.511345283638,-0.124103585056,-1.41339888115,0.0760754798898,1.91523792331,0.151674779448,-0.0124986924274,-0.0868361290186,0.000667672684018,-0.141645124126,-0.00311723149461,0.0506376400871,-0.019372471737,0.573965123475,0.81886569972,0.00193642918416,0.0,0.818821284431,-0.57390552598,-0.0120373715662,0.0,-0.00874583166527,0.00849478444003,-0.999925671771,0.0,0.65486408656,0.252128818434,0.303313085336,1.0,-0.01654,-0.0217382857143,0.828
0.459921543769,0.509426184369,-0.1241067996,-1.41643415467,0.0758891685052,1.91636809819,0.151253268532,-0.0139113830457,-0.0852525380223,0.000472291932281,-0.1374413789,-0.00328919942888,0.0517148620502,-0.0206774337635,0.573942787992,0.818881332517,0.00194583351335,0.0,0.818837011451,-0.573883124974,-0.0120355493808,0.0,-0.00873917395342,0.00850120093996,-0.999925675449,0.0,0.654492000854,0.251668630574,0.303309833457,1.0,-0.01698,-0.0223165714286,0.85
0.459782445561,0.508461409353,-0.12411487564,-1.41797330827,0.0757964497767,1.91690251909,0.151029973484,-0.0119717955178,-0.0845129025958,-0.00366126287463,-0.140691165,-0.00502842079947,0.0438083879189,-0.0260095843832,0.573934343199,0.818887331634,0.00191172368985,0.0,0.818842504085,-0.573874769824,-0.0120602223884,0.0,-0.00877904236183,0.00848733983624,-0.99992544396,0.0,0.654297986136,0.251424271176,0.303298867406,1.0,-0.0172,-0.0226057142857,0.861
0.459507549733,0.506460418768,-0.124124185176,-1.42110402333,0.0755967433891,1.91806086544,0.150604960216,-0.014007206927,-0.0928268629887,-0.00209931693059,-0.148010092326,-0.00657535877879,0.0544525910521,-0.0130130264945,0.573926160071,0.818893026588,0.00192890983087,0.0,0.818848481543,-0.573866569298,-0.0120445762847,0.0,-0.00875645124945,0.00849234580678,-0.999925599544,0.0,0.653914340816,0.250940239163,0.303308770003,1.0,-0.01764,-0.023184,0.883
0.459341359421,0.50523665244,-0.124117071946,-1.42297326331,0.0754796452663,1.91878097037,0.150342544491,-0.00866428758815,-0.0916296428387,0.00155751541336,-0.13982966962,-0.00563175194453,0.0561633593725,-0.0225005723089,0.57390721387,0.818906154061,0.00199188613855,0.0,0.81886243181,-0.57384735583,-0.0120115310992,0.0,-0.00869344551885,0.00852474920258,-0.999925873581,0.0,0.653688485808,0.250659987835,0.30333657223,1.0,-0.0179,-0.0235257142857,0.896
0.459093477953,0.503369718781,-0.124125961065,-1.42574501528,0.0752974806139,1.91983682349,0.149949398746,-0.0134881468625,-0.0956944800232,0.000187250197237,-0.14444903016,-0.0110815715129,0.0623305557067,-0.0227326081715,0.57388783657,0.818919431709,0.00211241763201,0.0,0.818877442489,-0.573827637591,-0.0119299380017,0.0,-0.00855765919072,0.00857642258087,-0.999926603029,0.0,0.653356669661,0.250230743256,0.303413161877,1.0,-0.01828,-0.0240251428571,0.915
0.458896081663,0.501966148713,-0.124131951167,-1.4278161713,0.0751661136616,1.92059291842,0.149675520138,-0.00985829977034,-0.100125435239,0.000633944967939,-0.146820630867,-0.00651291886169,0.0543788083391,-0.0158434438325,0.573899880687,0.818910797848,0.00218609614339,0.0,0.818869796444,-0.573839410187,-0.0118884267317,0.0,-0.00848125618892,0.00861306061491,-0.999926939071,0.0,0.653104130973,0.249901192539,0.303472935068,1.0,-0.01856,-0.0243931428571,0.929
0.458598876474,0.49985807962,-0.124129865317,-1.43102175259,0.0749619316896,1.92172999242,0.149226246161,-0.0144529453557,-0.101062286328,0.000929989263219,-0.15306936837,-0.00959624657826,0.0548882364086,-0.0222381453006,0.573881803688,0.818923375909,0.00221961410455,0.0,0.818882741884,-0.573821131384,-0.01187902027,0.0,-0.00845450868081,0.00863492351152,-0.999926977023,0.0,0.65269885504,0.249400189156,0.303516593791,1.0,-0.01898,-0.0249451428571,0.95
0.458422534553,0.498653364541,-0.124135155405,-1.43287235204,0.0748484600336,1.92242376899,0.148952483686,-0.0149773291671,-0.0985939792176,-0.00539565827694,-0.156599237643,-0.0114901567184,0.0578792618175,-0.024589084731,0.573869338843,0.818932002061,0.00225938869152,0.0,0.818891888271,-0.573808513394,-0.0118580007847,0.0,-0.008414601864,0.00865530478372,-0.999927137433,0.0,0.652473635494,0.249107135037,0.303536244455,1.0,-0.01922,-0.0252605714286,0.962
0.458094461004,0.496602325149,-0.124135506165,-1.43615749447,0.0746533131031,1.92360801356,0.148469273146,-0.0208131026987,-0.0967012789413,-0.00125770271753,-0.158112396838,-0.0120849271739,0.055561768638,-0.0273420342389,0.573856342101,0.818941214986,0.00222079462476,0.0,0.81890041453,-0.573795482644,-0.0118996672323,0.0,-0.00847100911074,0.00864747563964,-0.999926728901,0.0,0.652061931729,0.248579283498,0.303505098024,1.0,-0.01964,-0.0258125714286,0.983
0.457879355834,0.495216075955,-0.124132746265,-1.43840880905,0.074508018488,1.92437622123,0.148147612674,-0.0164939419423,-0.101554753855,-0.000117311124972,-0.159549449094,-0.00803758407071,0.0614591218704,-0.0226880980625,0.573841034579,0.818952164637,0.00213681313044,0.0,0.818910158016,-0.573780404698,-0.0119560521762,0.0,-0.00856553822064,0.00861089711504,-0.999926239283,0.0,0.651767017612,0.248220826454,0.303465899106,1.0,-0.01992,-0.0261805714286,0.997
0.457562550999,0.493170388075,-0.124165697772,-1.4416590909,0.074308499276,1.92555520671,0.147688157686,-0.0156281189532,-0.119706525214,-0.00347766821195,-0.189341015551,-0.0100201921134,0.0736408591173,-0.0214595866996,0.573857401139,0.818940771131,0.0021079467039,0.0,0.818898421283,-0.573796921659,-0.011967255994,0.0,-0.00859110592775,0.00859385810986,-0.999926166525,0.0,0.651364147226,0.247684570361,0.303446532507,1.0,-0.0253371428571,-0.033300244898,1.016
0.457319700135,0.49127814919,-0.12421791488,-1.44462450783,0.0741394979719,1.92667381679,0.147254495085,-0.0187981596986,-0.140450876111,-0.00110464553247,-0.229465742652,-0.016991354655,0.0817510773359,-0.0401580517494,0.573842037549,0.818951450155,0.00214129203977,0.0,0.818909615681,-0.57378150359,-0.0119404516255,0.0,-0.00855018102551,0.00860562341632,-0.999926416118,0.0,0.650997109543,0.247217778047,0.303450381572,1.0,-0.0303371428571,-0.0398716734694,1.03
0.45680966555,0.488004943617,-0.124229026563,-1.44988080574,0.0738398949448,1.92857904127,0.146494924348,-0.0314378471322,-0.186701215655,-0.00326270582141,-0.288278806219,-0.0159733719587,0.100867123894,-0.0456849099138,0.573825029748,0.818963488465,0.00209444434539,0.0,0.818920667525,-0.57376431615,-0.0120081936236,0.0,-0.00863272091921,0.00860595151593,-0.999925704104,0.0,0.650290424328,0.246331447845,0.30339111176,1.0,-0.0378371428571,-0.0497288163265,1.051
0.456414295764,0.485435453709,-0.124291512917,-1.45385028828,0.073601502599,1.93009335837,0.145888219258,-0.0301064238287,-0.20399229508,-0.00495321082055,-0.307161998439,-0.0158995079707,0.116948347648,-0.0575798781489,0.573831236076,0.818958937522,0.00217210923458,0.0,0.818917337528,-0.573770408783,-0.0119440027579,0.0,-0.00853552014015,0.00863278598536,-0.999926307236,0.0,0.649849827368,0.245714563233,0.303418395949,1.0,-0.0421228571429,-0.0553614693878,1.063
0.455667589398,0.480676666246,-0.124391442563,-1.46130028568,0.0731525572066,1.93270156225,0.144754535297,-0.0416922447671,-0.24274470934,-0.0113155944682,-0.378085309627,-0.0243667120384,0.134995936126,-0.0489583739486,0.573830150085,0.818959901513,0.00209415080031,0.0,0.818917204965,-0.57376956492,-0.0119935267946,0.0,-0.00862082350647,0.00859734892635,-0.99992588075,0.0,0.648896420032,0.244456246917,0.303402825981,1.0,-0.0496228571429,-0.0652186122449,1.084
0.455124172656,0.477312476252,-0.124449184619,-1.466494074,0.0728362275573,1.93455981536,0.143999065564,-0.0436093154392,-0.269741539913,-0.00188628669578,-0.41111378833,-0.0251300037652,0.158289887767,-0.063799150501,0.573865014251,0.818935421565,0.00211367568859,0.0,0.818892964999,-0.573804328482,-0.0119854658879,0.0,-0.00860265192818,0.00860907945572,-0.999925936323,0.0,0.648238262633,0.243574589331,0.303424067515,1.0,-0.0542657142857,-0.0713206530612,1.097
0.454339521009,0.472504429967,-0.124516946132,-1.47390062391,0.0724000641541,1.93725178317,0.142927144318,-0.0500797276293,-0.285794481135,-0.00602948992931,-0.455694097514,-0.024852274248,0.162088500741,-0.0640920704378,0.573918036697,0.8188980452,0.00219672983603,0.0,0.818856506877,-0.573856835024,-0.011962480639,0.0,-0.00853560791681,0.00866445674008,-0.999926032558,0.0,0.647298470133,0.242325879083,0.303460283566,1.0,-0.0603371428571,-0.079300244898,1.114
0.453446652021,0.467172986723,-0.124551706549,-1.4819503982,0.0718992731097,1.94026377027,0.141641032602,-0.0537840009068,-0.328846533832,-0.00509849561756,-0.493360789693,-0.0338191889291,0.183931706674,-0.075850510854,0.573868984395,0.818931718293,0.00244467253617,0.0,0.818893440903,-0.573806841594,-0.011831647729,0.0,-0.00828670132295,0.00879191124255,-0.999927013775,0.0,0.646288573704,0.240969966352,0.303572428924,1.0,-0.0664085714286,-0.0872798367347,1.131
0.452407841369,0.461051495155,-0.124583578216,-1.49143631929,0.0712840489768,1.94355539415,0.140191317346,-0.0577096364035,-0.341984417309,-0.00634633945762,-0.543386942072,-0.0352925474756,0.182995389922,-0.0768542974958,0.573832502126,0.818957477663,0.00237827347653,0.0,0.818918063174,-0.573770333469,-0.0118977787561,0.0,-0.00837935344267,0.00877511221053,-0.999926389212,0.0,0.645023776913,0.23936574083,0.30356289875,1.0,-0.0728371428571,-0.0957288163265,1.149
0.451384110342,0.455171755839,-0.12465489064,-1.50057841388,0.07067240496,1.94665251617,0.138818382171,-0.0691956725036,-0.37933732309,-0.00394777324172,-0.582050501929,-0.0388538160456,0.197924521531,-0.0883975369562,0.573853002942,0.818943559625,0.00221902339773,0.0,0.818901974904,-0.573791375243,-0.0119899998709,0.0,-0.00854604122485,0.00869782753407,-0.999925653724,0.0,0.643789313745,0.237775657968,0.303526435286,1.0,-0.0785514285714,-0.103239020408,1.165
0.450211016324,0.448342038957,-0.124724226837,-1.51064712898,0.0699786298003,1.95048227373,0.137193965819,-0.0695082475688,-0.408488273527,0.000542305089528,-0.606196813548,-0.0359381667343,0.229913330295,-0.0983170671244,0.573802867606,0.818977307507,0.00268063720721,0.0,0.818942521015,-0.573740334723,-0.0116585799527,0.0,-0.00801027695315,0.00888518546884,-0.999928441911,0.0,0.642515748855,0.236031606368,0.303754056746,1.0,-0.0846228571429,-0.111218612245,1.182
0.448991161593,0.441655056646,-0.124741687154,-1.52090173545,0.0693114225157,1.95402516026,0.13562165043,-0.0792515908137,-0.422703613622,-0.00216851960807,-0.64892853548,-0.0426585913157,0.228663075173,-0.103468012218,0.573802921918,0.818977321822,0.00266459027667,0.0,0.818941895,-0.5737399675,-0.011720461045,0.0,-0.00807016523413,0.0089075509024,-0.999927761376,0.0,0.641113439346,0.234253847656,0.303759154475,1.0,-0.0903371428571,-0.118728816327,1.198
0.447598940511,0.434093331907,-0.124774326419,-1.53245947198,0.0685249569132,1.95798616592,0.133740408148,-0.0888139028324,-0.463904481273,-0.00264584737503,-0.684080492983,-0.0423613620844,0.241759331302,-0.118707633958,0.573716849603,0.819037750331,0.00262429328004,0.0,0.819001548786,-0.573653775711,-0.0117709642979,0.0,-0.00813558500431,0.00890267221861,-0.999927274698,0.0,0.639513210612,0.232228789417,0.303766541558,1.0,-0.0964085714286,-0.126708408163,1.215
0.446164745942,0.426617989352,-0.124797841236,-1.54385917613,0.0677196561185,1.96203904992,0.13188946385,-0.0950426715078,-0.472209919118,-0.000756075314022,-0.732501866075,-0.0587875720645,0.247926054815,-0.117587942758,0.573660692567,0.819076828699,0.00270284892356,0.0,0.819041820632,-0.573597534013,-0.0117094803721,0.0,-0.00804077138131,0.00893118687615,-0.999927787341,0.0,0.637955009202,0.230207268845,0.303784266452,1.0,-0.102122857143,-0.134218612245,1.231
0.444506912694,0.418283102949,-0.124909953663,-1.55661444166,0.0668022125866,1.96630934951,0.129786237055,-0.1006128341,-0.502716216225,-0.0102938048529,-0.742758601586,-0.0546386942035,0.2698662623,-0.124936853417,0.57365166362,0.81908366144,0.00254387277244,0.0,0.819046789027,-0.573589300009,-0.011765168987,0.0,-0.00817767693406,0.00883282964744,-0.999927550736,0.0,0.636055968,0.227708355357,0.303753816707,1.0,-0.108551428571,-0.142667591837,1.249
0.442724111494,0.409497948764,-0.124996248204,-1.56982897452,0.0658975595899,1.97099299125,0.127583178104,-0.112890117515,-0.520229162894,-0.006049663639,-0.775794557587,-0.0492464140446,0.267360441567,-0.130767001473,0.573674040475,0.819067402164,0.00272633419332,0.0,0.819032932112,-0.573611057571,-0.0116686609904,0.0,-0.00799371830808,0.00892713726064,-0.999928200766,0.0,0.634333913208,0.225411173563,0.303814479074,1.0,-0.114265714286,-0.150177795918,1.265
0.440746355736,0.400328580135,-0.125090409368,-1.58375758997,0.0649588735678,1.97560439655,0.125252860353,-0.117537955913,-0.559211466797,-0.00936379713651,-0.785092778895,-0.0571665206706,0.288994769373,-0.138614198443,0.573753776894,0.819011938588,0.00260669346482,0.0,0.818975241648,-0.573690472066,-0.0118128205441,0.0,-0.00817956333161,0.00891263940914,-0.999926827124,0.0,0.632327709644,0.222768483577,0.303775791107,1.0,-0.120337142857,-0.158157387755,1.282
0.43864703022,0.390758817726,-0.125222802441,-1.59803810354,0.0638620239972,1.98058490003,0.122816501406,-0.123003647345,-0.567746833154,-0.00956115400048,-0.882350361826,-0.0770290405915,0.28601566469,-0.14232408867,0.573824250057,0.818962086904,0.00275266450692,0.0,0.81892825231,-0.573761486931,-0.0116198358005,0.0,-0.00793698490774,0.00892215007691,-0.999928697212,0.0,0.630318834516,0.219999714203,0.303849398888,1.0,-0.126408571429,-0.166136979592,1.299
0.436544221903,0.381379914598,-0.125296533276,-1.61206817342,0.0628123522041,1.98516443067,0.120301162545,-0.137893373001,-0.615155914334,-0.00899443687598,-0.887308255043,-0.0674661925634,0.302109312071,-0.151651839479,0.573775712955,0.818996397719,0.00266057251798,0.0,0.818961252889,-0.573713145204,-0.0116807613955,0.0,-0.00804025087791,0.00888121399116,-0.999928236627,0.0,0.628240368004,0.217282901297,0.303855605045,1.0,-0.132122857143,-0.173647183673,1.315
0.434029453298,0.37049980159,-0.125391324405,-1.6283175572,0.061626774253,1.99064531585,0.117414285701,-0.142374368641,-0.607385950257,-0.00302976823425,-0.909451449968,-0.0772323292374,0.301811153397,-0.161884156446,0.573804811605,0.818975787855,0.00272836718891,0.0,0.81894140589,-0.573741873872,-0.0116611656932,0.0,-0.00798498759306,0.00892577769402,-0.999928282661,0.0,0.625841688583,0.214110201475,0.303862623669,1.0,-0.138551428571,-0.182096163265,1.333
0.431477299642,0.35979545632,-0.125533532928,-1.64407022442,0.0603862640383,1.99586435865,0.114601247321,-0.151042534259,-0.640391319851,-0.00862370356954,-0.950735989984,-0.0763738096254,0.309274880835,-0.176073752682,0.573901247226,0.818907968348,0.00280084084486,0.0,0.818875120384,-0.573838723284,-0.011550055306,0.0,-0.00785135255325,0.00892230181159,-0.999929371903,0.0,0.623493279054,0.210930906786,0.303936573242,1.0,-0.144622857143,-0.190075755102,1.35
0.428900383528,0.349563551334,-0.125620992522,-1.65949756014,0.0592638095291,2.00072848612,0.111696880889,-0.172153523643,-0.645666431854,-0.0052021874535,-0.97362355058,-0.0681022461467,0.302040569614,-0.184640786582,0.57390854727,0.818903734615,0.00252976388678,0.0,0.818866366941,-0.573845867039,-0.0118127421242,0.0,-0.00822196238882,0.00885114264691,-0.999927025642,0.0,0.62109342037,0.207811347649,0.303794445185,1.0,-0.150337142857,-0.197585959184,1.366
0.426004065225,0.338134965942,-0.125730294771,-1.67602796436,0.057985473698,2.00620595565,0.108562316513,-0.173783317635,-0.666848985499,-0.00471998943057,-0.981634167901,-0.074083346234,0.312284938093,-0.191413385347,0.573973759081,0.818857118247,0.00280903631138,0.0,0.818823604572,-0.573910322268,-0.0116444618202,0.0,-0.00792316806045,0.00898389372908,-0.999928253957,0.0,0.618572871782,0.204403672496,0.303937404733,1.0,-0.156408571429,-0.20556555102,1.383
0.423020358713,0.326462301518,-0.125771084922,-1.69308668158,0.0565437949167,2.01162326252,0.105229194256,-0.17548954546,-0.710920849802,0.00107896517559,-1.00727760213,-0.0952088840715,0.322063461382,-0.200652724908,0.573832587067,0.818956222087,0.00275957014598,0.0,0.818922424822,-0.57376974073,-0.0116229792334,0.0,-0.00793550609829,0.00892969004255,-0.999928641643,0.0,0.615857034346,0.20092050736,0.30394918658,1.0,-0.16248,-0.213545142857,1.4
