position_joint1,position_joint2,position_joint3,position_joint4,position_joint5,position_joint6,position_joint7,velocity_joint1,velocity_joint2,velocity_joint3,velocity_joint4,velocity_joint5,velocity_joint6,velocity_joint7,ee_T_00,ee_T_10,ee_T_20,ee_T_30,ee_T_01,ee_T_11,ee_T_21,ee_T_31,ee_T_02,ee_T_12,ee_T_22,ee_T_32,ee_T_03,ee_T_13,ee_T_23,ee_T_33,v_x,v_y,time
0.465084316275,0.547864452489,-0.123949868312,-1.35584223506,0.0794667397747,1.89409551112,0.159168760726,-0.000104558270964,2.76960475759e-05,-0.00083011804502,0.00140825302769,0.000147914728843,0.0093056121466,-0.000659860582187,0.573769671083,0.819002861876,0.00185032030611,0.0,0.818958499907,-0.573711602341,-0.0119465338534,0.0,-0.00872286312989,0.00837005549137,-0.999926924245,0.0,0.661661951034,0.26091193251,0.303149219814,1.0,0.0,0.0,0.0
0.465085028148,0.547863487088,-0.123950932399,-1.35585013382,0.0794659047911,1.89409162013,0.159165567897,0.000408219318232,-0.000734402306194,-0.000861151270512,-0.000591565099324,-0.000148514015274,0.000101066463251,-0.00236331147239,0.573767396544,0.819004476736,0.00184082883754,0.0,0.818959990316,-0.573709367747,-0.0119516744544,0.0,-0.00873254226267,0.0083652073592,-0.999926880332,0.0,0.661659493437,0.260910460696,0.303145840367,1.0,-0.00024,-0.000315428571429,0.013
0.465079693213,0.547856000683,-0.123948386384,-1.35585145146,0.0794658547846,1.89409160705,0.159172386937,-0.000179416036236,-0.000853181939838,2.60297351254e-05,-0.000496259264057,-0.000262613649319,-1.44795369066e-05,0.00068831986629,0.573775617536,0.81899870378,0.00184684294863,0.0,0.818954282771,-0.573717549693,-0.0119500128431,0.0,-0.00872764685173,0.00836926707531,-0.999926889102,0.0,0.661660198166,0.260908338719,0.303150431125,1.0,-0.0006,-0.000788571428571,0.031
0.465081117423,0.547824528056,-0.123945842777,-1.3558779979,0.079463009659,1.89409581981,0.159167654902,0.000374855960338,-0.00207362701058,0.000806700811006,-0.0029930388325,0.000137347576434,-5.36799692503e-05,-0.00151516051531,0.573769468102,0.819002993003,0.00185521613021,0.0,0.818958671915,-0.573711356581,-0.01194654455,0.0,-0.00872006506798,0.00837406907702,-0.999926915045,0.0,0.661654991234,0.260907842851,0.303160368639,1.0,-0.00094,-0.00123542857143,0.048
0.465083256755,0.547739710193,-0.123945605581,-1.35598788985,0.0794625522884,1.89411751531,0.159163331398,0.00071792469863,-0.00454218608743,0.00117040681669,-0.00983321338624,-0.000129487507388,-0.000402118974244,-0.00157721191105,0.57376988623,0.819002696418,0.00185682957977,0.0,0.818958312602,-0.573711687363,-0.0119552877004,0.0,-0.00872629603999,0.00838041143205,-0.999926807552,0.0,0.661635780556,0.260898864458,0.303170027813,1.0,-0.00126,-0.001656,0.064
0.465075406461,0.547608390416,-0.123945842344,-1.35616808181,0.0794595819503,1.89415161688,0.159165925822,0.000458284179807,-0.00903589081272,0.000742455877166,-0.0133091242876,-0.00020692607441,0.00115574717131,0.00126363298966,0.573786343761,0.818991186796,0.00184785431603,0.0,0.81894655137,-0.573728052079,-0.0119756068211,0.0,-0.00874791901026,0.00838489500693,-0.999926581029,0.0,0.661605791574,0.260871696534,0.303179618116,1.0,-0.00162,-0.00212914285714,0.082
0.465053087829,0.547420330045,-0.12394571384,-1.3564032417,0.0794540953881,1.89426951487,0.159153334182,-0.00148421743031,-0.0096293175322,0.000290836743785,-0.0121769792409,-0.00203832569735,0.00535794354946,-0.00112250413471,0.573807400891,0.818976280547,0.00191454573411,0.0,0.818932497628,-0.573748807043,-0.0119422630439,0.0,-0.00868212899594,0.00842060476059,-0.999926854351,0.0,0.661587678672,0.260842698916,0.303211770105,1.0,-0.00198,-0.00260228571429,0.1
0.465033292138,0.547258920505,-0.123948078805,-1.35659591793,0.0794541744765,1.89437704623,0.15914511843,-0.00143312813274,-0.0132712380854,-0.000361795128952,-0.0120188365078,-2.49283027586e-05,0.0068485169377,0.000248234258225,0.573829534278,0.818960605662,0.00198465759789,0.0,0.818917693028,-0.573770603121,-0.0119102452278,0.0,-0.0086154493325,0.00845988457271,-0.999927099536,0.0,0.661574915011,0.260814813848,0.303243812626,1.0,-0.00228,-0.00299657142857,0.115
0.465010121162,0.547049094062,-0.12394526688,-1.35686679741,0.0794447702877,1.8945021588,0.159125981968,-0.00204576731624,-0.01256837669,-3.79937597898e-05,-0.0149047975222,-0.000495329065404,0.0108378421758,-0.00292525168688,0.573843650839,0.818950569774,0.00204341858276,0.0,0.818908380774,-0.573784435928,-0.011884102271,0.0,-0.00856017535711,0.00849315275649,-0.999927292234,0.0,0.661549211633,0.260778698992,0.303274259202,1.0,-0.00262,-0.00344342857143,0.132
0.464969651931,0.546817363197,-0.123945954198,-1.35723766514,0.0794383732594,1.89463791672,0.159084240645,-0.00395084007024,-0.0138861658544,0.000582398398228,-0.0242528779342,7.19036689286e-05,0.00465575344135,-0.00765879746613,0.573862149222,0.818937594014,0.00204882926654,0.0,0.818895330098,-0.573802765698,-0.0118983748021,0.0,-0.00856856750502,0.00850596742097,-0.999927111428,0.0,0.661508390008,0.260718731233,0.303273665493,1.0,-0.00296,-0.00389028571429,0.149
0.464939239265,0.546569354452,-0.123945720703,-1.35759867193,0.0794258490887,1.89476485534,0.15896238346,0.000626616327234,-0.0126174461557,0.000732694234907,-0.0230044524167,-0.000191200634323,0.00617236817585,-0.00546919360455,0.573791133701,0.818987287504,0.00207477583435,0.0,0.818945250284,-0.57373154254,-0.0118971018927,0.0,-0.00855337554737,0.00852574354469,-0.999927073073,0.0,0.661462137347,0.260667309307,0.303291941126,1.0,-0.00328,-0.00431085714286,0.165
0.464897283855,0.546261146665,-0.123951585936,-1.35809975472,0.0794097723384,1.89494433794,0.158937489288,-0.000547908186429,-0.0150161139835,-0.00148259089921,-0.0311249170767,-0.00304894455616,0.0177742315596,0.000223929337372,0.57384571093,0.818949081012,0.0020614700398,0.0,0.818906771652,-0.573786068988,-0.0119160932671,0.0,-0.00857599595436,0.00852631494549,-0.99992687445,0.0,0.661408083765,0.260588746678,0.303283981095,1.0,-0.00362,-0.00475771428571,0.182
0.46484444614,0.545916085694,-0.12395117829,-1.35867545528,0.0793580643563,1.89514546465,0.15888291481,-0.00144779187225,-0.0194740637547,0.000391308154073,-0.0341382814209,-0.00948921772912,0.00999653984693,-0.00252742348228,0.573862409191,0.818937467698,0.00202638096482,0.0,0.818894832013,-0.573803039135,-0.0119194497384,0.0,-0.00859870598081,0.00849968068809,-0.99992690617,0.0,0.661341672977,0.260495505465,0.303271654353,1.0,-0.00398,-0.00523085714286,0.2
0.4647869574,0.545575465321,-0.123949374469,-1.35924841013,0.0792774361561,1.89534220344,0.158777465424,-0.00176661703369,-0.0285574864478,0.000593845299602,-0.036068711375,-0.00234480101052,0.0162109095558,-0.00251890665318,0.573832384903,0.818958641062,0.00197108281761,0.0,0.818915665384,-0.573773621083,-0.0119042697751,0.0,-0.00861831520141,0.0084453687122,-0.999927197545,0.0,0.661277349962,0.260395287258,0.303256984688,1.0,-0.0043,-0.00565142857143,0.216
0.464726086344,0.545187596957,-0.123951998167,-1.35994646866,0.0792642286899,1.89556073652,0.158717862132,-0.00535396668491,-0.0199360987504,-0.000563641814539,-0.0411340341614,0.000596753618733,0.0120687467554,-0.00242686626067,0.573870538017,0.818932056681,0.00190762633545,0.0,0.81888794092,-0.573811730555,-0.0119743473109,0.0,-0.00871172622964,0.00843401971659,-0.999926483866,0.0,0.661187912467,0.260288431586,0.303218359699,1.0,-0.00464,-0.00609828571429,0.233
0.46465780333,0.544748433832,-0.123949354537,-1.36065076223,0.079242968061,1.89580208911,0.158620753571,-0.00501586276966,-0.0231868932786,0.00108991400728,-0.0427854133075,-0.000722116039705,0.0130191034276,-0.00678006008304,0.57387860244,0.818926423236,0.00189997097174,0.0,0.818881964033,-0.573819591126,-0.0120063617544,0.0,-0.00874225463696,0.00844620868065,-0.999926114542,0.0,0.66110404477,0.260179921923,0.303214827044,1.0,-0.00498,-0.00654514285714,0.25
0.464600860298,0.544319868536,-0.123952688447,-1.36136809733,0.0792119812197,1.89606899714,0.158519339086,-0.00294255482142,-0.0295872943033,0.000902032941147,-0.0434461409323,0.000177987939279,0.00836299179661,-0.00637218091573,0.573876324384,0.81892805152,0.00188617237515,0.0,0.818883307268,-0.573817271574,-0.0120255902983,0.0,-0.00876594371688,0.00844591924168,-0.999925909595,0.0,0.661020870594,0.260073922333,0.303199946815,1.0,-0.0053,-0.00696571428571,0.266
0.464519281566,0.54378459721,-0.123953489835,-1.36223943483,0.0791628829194,1.89637030814,0.158428174143,-0.00810270100731,-0.0288127773119,-0.000616616166589,-0.0438270525953,-0.005752564501,0.0223169045688,0.000530221016604,0.573904381147,0.818908454224,0.00185790264104,0.0,0.818863275118,-0.573845384569,-0.0120481605893,0.0,-0.00880036114313,0.00843602280804,-0.999925690821,0.0,0.660918661532,0.259935635031,0.303190098983,1.0,-0.00566,-0.00743885714286,0.284
0.464445156838,0.543265638389,-0.123953375446,-1.3630573456,0.0791155368178,1.89664940996,0.158308146543,-0.00600287386208,-0.0375855768766,0.00151249163777,-0.0528287368279,0.000283996295074,0.0136946020842,-0.0110086621713,0.57389945187,0.818911942814,0.00184281342334,0.0,0.818866504594,-0.573840462644,-0.0120630836717,0.0,-0.00882129221572,0.0084321776392,-0.99992553882,0.0,0.660821525026,0.259807720811,0.303192117452,1.0,-0.00598,-0.00785942857143,0.3
0.464375759243,0.542740735435,-0.123958991185,-1.36390794166,0.0790720365389,1.89695398988,0.158203507086,-0.00418327238379,-0.0303211218118,-7.57587211927e-05,-0.0513746876308,-0.00233509637118,0.0168685671335,-0.00847986021226,0.573910186054,0.818904455037,0.00182722867217,0.0,0.818858744864,-0.573851198971,-0.0120790852413,0.0,-0.00884322961213,0.00842871451414,-0.999925374246,0.0,0.660721844113,0.259678163504,0.303185135853,1.0,-0.0063,-0.00828,0.316
0.464291737247,0.542139261515,-0.123956568318,-1.36482951427,0.0790118344171,1.89729976311,0.158083963664,-0.0094199669918,-0.0351564866563,-0.000715189156113,-0.0566068452754,-0.00923413302851,0.0195219613584,-0.0158686085049,0.57391454151,0.81890135845,0.00184690889402,0.0,0.818855935095,-0.573855495463,-0.0120654377035,0.0,-0.0088207143333,0.00843704489641,-0.999925502861,0.0,0.660618798556,0.259536291334,0.303201734936,1.0,-0.00664,-0.00872685714286,0.333
0.464208239024,0.541427073314,-0.123959725482,-1.36592175493,0.078949694618,1.89771083938,0.157939173571,0.000120870825813,-0.0366857587793,0.00139444322077,-0.0599954349829,-0.000164106473766,0.0213677241599,-0.00988187436733,0.573910608377,0.818904052629,0.00187432161583,0.0,0.818858968353,-0.573851424519,-0.0120531915244,0.0,-0.00879499458809,0.00845242228068,-0.999925599546,0.0,0.660493405969,0.259376852081,0.303221152429,1.0,-0.00702,-0.00922628571429,0.352
0.464124800559,0.540858886156,-0.123961871219,-1.36678811771,0.0789012319663,1.89803309006,0.157816279186,-0.00719270647532,-0.0422329176342,-0.00340724605297,-0.061803961865,-0.0078365321339,0.017350720699,-0.00504202280662,0.573923482155,0.818894996926,0.00188879379314,0.0,0.818850096955,-0.573864229097,-0.0120462517111,0.0,-0.00878087312289,0.00846042859904,-0.999925655944,0.0,0.660389827305,0.259227625853,0.303234387144,1.0,-0.00732,-0.00962057142857,0.367
0.464026583605,0.540084519864,-0.123967003559,-1.36796963825,0.0788281884602,1.89845545462,0.1576856666,-0.00594093751996,-0.0433412237408,-0.000646286835051,-0.0700788042961,-0.00146530729127,0.0250213336605,-0.00554607213334,0.573937692975,0.818884993311,0.00190767212329,0.0,0.818840328336,-0.573878345096,-0.0120377997394,0.0,-0.00876297055232,0.00847118897537,-0.999925721894,0.0,0.660259813672,0.259058088806,0.303260136896,1.0,-0.00766,-0.0100674285714,0.384
0.463920715208,0.539341233682,-0.123967988443,-1.36911220282,0.0787699342595,1.8989017929,0.157532566409,-0.00781412485026,-0.0493581345267,-0.00235101798259,-0.0675445431312,0.000148242351156,0.0347699003343,-0.0115432833989,0.573947458497,0.818878043379,0.0019523978493,0.0,0.818833892111,-0.573887848549,-0.01202253383,0.0,-0.0087246995554,0.00849915590138,-0.999925819232,0.0,0.660135116312,0.258882619259,0.303280245207,1.0,-0.008,-0.0105142857143,0.401
0.463826568867,0.538635289203,-0.123973305527,-1.37022986088,0.0786982193485,1.89934018328,0.157399260168,-0.0059844232827,-0.0484860704614,-0.000465919262911,-0.0745371127101,-0.00889603164595,0.0354716656035,-0.0139450339595,0.573961837106,0.818867924076,0.00196961080311,0.0,0.81882408681,-0.573902239021,-0.0120034081736,0.0,-0.00869900936593,0.00850242667213,-0.999926015251,0.0,0.660012087364,0.258712135016,0.303285141124,1.0,-0.00832,-0.0109348571429,0.417
0.463714274335,0.537850338468,-0.123977214396,-1.3714550964,0.078630119388,1.89980663176,0.157249244661,-0.00434785327,-0.0471708742869,0.00140929709778,-0.0698340051462,-0.00243793362975,0.0200362497243,-0.0153240122982,0.57398312596,0.818852945007,0.00199310512915,0.0,0.818809387058,-0.573923398841,-0.011994449953,0.0,-0.00867796807557,0.00851674904117,-0.999926076196,0.0,0.659875760786,0.258521258122,0.30329691412,1.0,-0.00866,-0.0113817142857,0.434
0.463606039411,0.53697270553,-0.123985909103,-1.37282933425,0.0785549725793,1.90031752653,0.157080037355,-0.000436161861316,-0.0453694745287,-0.000185795342252,-0.0763535482788,-0.00466682411075,0.0326038516442,-0.00606573755898,0.573988333346,0.818849270422,0.00200310089114,0.0,0.818805803688,-0.573928524799,-0.0119937971433,0.0,-0.00867164225687,0.00852461439303,-0.999926064052,0.0,0.659706446283,0.258305874355,0.30330509563,1.0,-0.00904,-0.0118811428571,0.453
0.463493158006,0.536174658236,-0.123989931119,-1.3740743513,0.0784740756493,1.90078592158,0.156920259986,-0.00530892246753,-0.0474134870058,-0.000917594930724,-0.0853815395536,-0.00673716090899,0.0317937230759,-0.0114454566948,0.574006117192,0.818836762374,0.00202012686785,0.0,0.818793587019,-0.573946302939,-0.0119770655934,0.0,-0.00864798376644,0.00852914005334,-0.999926230352,0.0,0.659576493584,0.258120294339,0.303318531473,1.0,-0.00934,-0.0122754285714,0.468
0.463377667459,0.535222802887,-0.123993842273,-1.37557259397,0.07838723538,1.9013207353,0.156749415315,-0.00693153723111,-0.0524898203971,-0.00404922733231,-0.0851074573617,-0.00296239027472,0.0279598355164,-0.00323510358474,0.574022373873,0.818825388112,0.00201121300621,0.0,0.818782037347,-0.573962536809,-0.0119886846138,0.0,-0.00866244519169,0.00852868248798,-0.999926109079,0.0,0.659395791243,0.257898753846,0.303323616134,1.0,-0.0097,-0.0127485714286,0.486
0.463253814546,0.534329328375,-0.123990216742,-1.37704195012,0.0783106499926,1.90185407312,0.156561043821,-0.00922726518637,-0.0523285848051,0.000521068318062,-0.0858200942145,-0.000424577982051,0.0316555786876,-0.00982520579476,0.574026992573,0.818822223306,0.00198124165513,0.0,0.818778311674,-0.57396711552,-0.0120238734945,0.0,-0.00870841493354,0.00852438975943,-0.999925746387,0.0,0.659219447095,0.257680304791,0.303300730246,1.0,-0.01004,-0.0131954285714,0.503
0.463147938417,0.533560956969,-0.123993549616,-1.37826132375,0.0782400099065,1.90230783936,0.156416370684,-0.00565893944346,-0.0599648439118,-0.000567005170886,-0.086849951664,-0.00461550714706,0.0265537918182,-0.00716403857773,0.574045362138,0.818809339759,0.00198348985872,0.0,0.818765434382,-0.573985450564,-0.0120255104843,0.0,-0.00870827364091,0.00852736563483,-0.999925722244,0.0,0.659078401568,0.257493283418,0.303301727612,1.0,-0.01032,-0.0135634285714,0.517
0.463015262459,0.53255693702,-0.123991054604,-1.3798798899,0.078159963811,1.90292154624,0.156200771641,-0.00169878279726,-0.0608981516198,-0.000180237060937,-0.0927780908086,-0.00164581884245,0.0319082784853,-0.0164788878425,0.574042816127,0.818811105821,0.0019912658115,0.0,0.81876712158,-0.573982694846,-0.0120421567074,0.0,-0.00871746737166,0.00854326100958,-0.999925506452,0.0,0.658888272072,0.257257026221,0.303292439159,1.0,-0.01068,-0.0140365714286,0.535
0.46288172134,0.53158257889,-0.123986829381,-1.38144940584,0.0780576278768,1.90348561833,0.156008203629,-0.00940221665925,-0.0555950540963,0.00180829305113,-0.0914899052316,-0.0056258937569,0.0339419626934,-0.0139376718714,0.574049465368,0.818806517244,0.00196100239579,0.0,0.81876213508,-0.573989471081,-0.0120581983739,0.0,-0.00874790511106,0.00852776102411,-0.999925372939,0.0,0.658699496931,0.257019721909,0.303280957935,1.0,-0.01102,-0.0144834285714,0.552
0.462750293687,0.53062964286,-0.12399422126,-1.38299670131,0.0779604058497,1.90402943952,0.15580661203,-0.0118302277487,-0.0618326819143,-0.000152769074746,-0.0966166534286,-0.0085534711445,0.0326078494314,-0.0134502161943,0.574055115136,0.818802667588,0.00191395846845,0.0,0.818757671366,-0.573995325558,-0.0120825791321,0.0,-0.00879481413796,0.0085032982484,-0.999925169782,0.0,0.658512696785,0.256778895845,0.303263382212,1.0,-0.01134,-0.014904,0.568
0.462598415414,0.529523347985,-0.123996737824,-1.3847318079,0.0778573890874,1.90466912019,0.155561485538,-0.00466072305163,-0.0649412725415,-0.000614379516338,-0.0940903700197,-0.0099337658945,0.0391585801493,-0.0152780474306,0.574047031593,0.818808312588,0.00192344903667,0.0,0.818763405056,-0.573987167287,-0.0120816071793,0.0,-0.00878865453267,0.0085104242729,-0.999925163315,0.0,0.658309197801,0.256512742639,0.303272368984,1.0,-0.0117,-0.0153771428571,0.586
0.462459142488,0.528413886478,-0.123999639222,-1.38642789017,0.0777456376822,1.90532500423,0.155336027315,-0.00807428783253,-0.0687389377583,-0.00270116805588,-0.0973117029652,-0.00240790421537,0.0397042769927,-0.0102161469451,0.574040443536,0.818812806755,0.0019757480897,0.0,0.818768702242,-0.573980469827,-0.0120407386658,0.0,-0.00872523819339,0.00852971588702,-0.999925554312,0.0,0.658114977784,0.25625905361,0.303303264993,1.0,-0.01204,-0.015824,0.603
0.462342106776,0.527431430246,-0.12400662487,-1.38795900453,0.0776515765633,1.90592087804,0.1551172356,-0.0111980917059,-0.0656430337225,-0.000427761850392,-0.0998755338014,-0.00169721468295,0.0426814368255,-0.0142443330356,0.574012431831,0.818832333463,0.00202105915754,0.0,0.818788883099,-0.573952329733,-0.0120097880577,0.0,-0.00867417817248,0.00854875300903,-0.999925835977,0.0,0.657926062703,0.25601986137,0.303322701537,1.0,-0.01236,-0.0162445714286,0.619
0.462184997628,0.526190184184,-0.124003822155,-1.38987762054,0.077527769477,1.9066368006,0.15485730713,-0.00956525668543,-0.0661932909376,8.54410062434e-05,-0.112742523101,-0.00664039534903,0.0399351553933,-0.0125796026623,0.574003677815,0.818838420118,0.00204119937901,0.0,0.818795273513,-0.573943532197,-0.0119945330572,0.0,-0.00865021786058,0.00855639522944,-0.999925978176,0.0,0.657709841457,0.255749739575,0.303340174889,1.0,-0.0127,-0.0166914285714,0.636
0.462031641403,0.525007203105,-0.124009497335,-1.39172906944,0.0774108458048,1.90729615305,0.154608364748,-0.00601539191164,-0.0681229135122,-8.97650118664e-05,-0.110690987272,-0.0111563876427,0.0377110687967,-0.01293701387,0.573997356118,0.818842878968,0.00203018101599,0.0,0.818799592805,-0.573937261885,-0.0119997142861,0.0,-0.00866085080758,0.008550280283,-0.999925938443,0.0,0.65748472095,0.255467213071,0.303348402853,1.0,-0.01304,-0.0171382857143,0.653
0.461878265171,0.523897895301,-0.124013343418,-1.39351817019,0.0772937278362,1.90793533747,0.154374849583,-0.010414045247,-0.0686017361643,-0.00108339931913,-0.108876041158,-0.0103361415795,0.0495819766689,-0.0143380745049,0.573998800097,0.818841966575,0.0019895134806,0.0,0.818798180082,-0.573938908078,-0.0120173620123,0.0,-0.0086986286241,0.00852712556616,-0.999925808243,0.0,0.657267298756,0.255190811729,0.303332413661,1.0,-0.01336,-0.0175588571429,0.669
0.461724507229,0.522664170229,-0.124010927338,-1.39544282741,0.0771850736224,1.90867323969,0.154111329861,-0.00361132996397,-0.0705606915063,0.000410063490196,-0.114113834024,-0.0093176119067,0.0445414941297,-0.00808010460054,0.573981226919,0.818854177643,0.00203317538556,0.0,0.818810882293,-0.573921074412,-0.012003594718,0.0,-0.00866247825934,0.00855478886115,-0.999925885783,0.0,0.657038601651,0.254911401516,0.303347424769,1.0,-0.0137,-0.0180057142857,0.686
0.461548339761,0.521423775013,-0.124013406534,-1.39743056293,0.0770632780945,1.90945064479,0.153841228239,-0.0115607995764,-0.0660432555872,0.00505332663136,-0.118748652358,-0.00709771712134,0.0451832582191,-0.017237078573,0.573979754181,0.818855156753,0.00205449520635,0.0,0.818812186741,-0.573919558814,-0.0119870661918,0.0,-0.00863672226679,0.00856274387806,-0.999926040488,0.0,0.656809984003,0.254607610786,0.303340356603,1.0,-0.01404,-0.0184525714286,0.703
0.461393790391,0.520215966231,-0.124026849271,-1.39932768793,0.0769439554867,1.91014301412,0.153579230591,-0.00766225001575,-0.0754844331033,-0.000743275366107,-0.122301984665,-0.00704804571991,0.0442512342484,-0.0161056850233,0.573970131331,0.818861909047,0.00205162200003,0.0,0.818818957107,-0.573910004274,-0.0119820439555,0.0,-0.00863435923503,0.00855740708578,-0.999926106582,0.0,0.656581091447,0.254316678918,0.303346129218,1.0,-0.01436,-0.0188731428571,0.719
0.4612204737,0.518876447054,-0.124031386656,-1.40141778465,0.0768082248482,1.91088402546,0.153305342308,-0.0116993497941,-0.0849539882845,0.000542522665203,-0.122120174076,-0.00941353260845,0.044330958655,-0.0112889912551,0.573963734452,0.818866405029,0.00204674143034,0.0,0.818823408781,-0.573903647817,-0.0119822850768,0.0,-0.00863742462902,0.00855348156583,-0.999926113695,0.0,0.656307666129,0.253982166964,0.303362577791,1.0,-0.01472,-0.0193462857143,0.737
0.461040962533,0.517460545372,-0.124029431378,-1.40364871891,0.0766583037797,1.91169280789,0.152995292504,-0.00807266614762,-0.0767139338886,-0.000379938687531,-0.118957500869,-0.00875581658306,0.0386854972224,-0.0148906689991,0.573934423059,0.818887000812,0.00202603826689,0.0,0.818843787289,-0.5738744792,-0.0119867027652,0.0,-0.00865323002328,0.00853875458107,-0.99992610291,0.0,0.656046689885,0.253666017475,0.30335786125,1.0,-0.01506,-0.0197931428571,0.754
0.460865581181,0.516169506689,-0.124032471792,-1.40567477,0.0765282233342,1.91245262534,0.152716321309,-0.0143431644241,-0.0890491288179,0.000487611325841,-0.12731055442,-0.0122051180948,0.049337723932,-0.0249027413211,0.573923716386,0.818894465547,0.00204180516163,0.0,0.81885151241,-0.573863761834,-0.0119720666021,0.0,-0.00863230728927,0.00854315268389,-0.999926246187,0.0,0.655804337632,0.253356244917,0.303365067106,1.0,-0.01538,-0.0202137142857,0.77
0.460660138265,0.514719171462,-0.124038253672,-1.408015684,0.0763938228158,1.91332526907,0.152395079844,-0.0114528831129,-0.0866780395787,0.000138868331802,-0.133874738048,-0.0118213722188,0.0470795214622,-0.0204422095392,0.573920256959,0.818896924918,0.00202778541266,0.0,0.818853702881,-0.573860276625,-0.0119892906832,0.0,-0.00865449440038,0.00854152083419,-0.999926068341,0.0,0.655521647907,0.252996878229,0.30334364458,1.0,-0.01574,-0.0206868571429,0.788
0.460481055207,0.513402039493,-0.124041479274,-1.41014944345,0.0762612395858,1.91405602297,0.152110081207,-0.0135783787035,-0.079483605798,8.18874221163e-05,-0.13440597787,-0.0106802477554,0.047258992164,-0.017958669389,0.573911744351,0.818903071463,0.00195349584286,0.0,0.818858783396,-0.573851986946,-0.0120389714855,0.0,-0.00873790148752,0.00850910818142,-0.999925619312,0.0,0.655248090191,0.252669944092,0.303314611151,1.0,-0.01606,-0.0211074285714,0.804
0.460295495615,0.512049149745,-0.124045248381,-1.41229835508,0.076132727271,1.91482796787,0.151790344911,-0.0101117440577,-0.0847817312758,0.00180128567556,-0.130951204946,-0.00899302009072,0.0607135390246,-0.0207488197151,0.573882295183,0.818923755802,0.00193400114351,0.0,0.818879126673,-0.573822541762,-0.0120587464653,0.0,-0.00876558925842,0.00850417799769,-0.99992541892,0.0,0.654980857363,0.252340588261,0.303306586642,1.0,-0.01638,-0.021528,0.82
0.460093773084,0.51060541611,-0.124053035631,-1.41463007595,0.0759912338037,1.91571626856,0.151463039286,-0.00992892110567,-0.0831360262107,-0.00145267513655,-0.139666511724,-0.00847534878618,0.0604077945326,-0.0196327206018,0.573868815154,0.818933210995,0.00193023948606,0.0,0.818888547878,-0.573809094455,-0.0120588629749,0.0,-0.00876798321625,0.00850102008828,-0.999925424783,0.0,0.654700522789,0.251983608366,0.303284989499,1.0,-0.01672,-0.0219748571429,0.837
0.45988708385,0.509104827378,-0.124046060165,-1.41698929847,0.0758413108668,1.91657659263,0.151149331132,-0.0157724846547,-0.0909661863464,0.00105869127916,-0.139109086511,-0.00342500740093,0.0463597317108,-0.0310271497448,0.573858332365,0.818940557277,0.0019300063375,0.0,0.818895845348,-0.573798569626,-0.0120641148638,0.0,-0.00877252697209,0.00850373073163,-0.999925361882,0.0,0.654406941117,0.251626369114,0.303286643482,1.0,-0.01706,-0.0224217142857,0.854
0.459686217685,0.507682004109,-0.124059258694,-1.41923961316,0.0756995346771,1.91737554594,0.150824394386,-0.0100768436318,-0.0892776969853,-0.000771759618946,-0.142079077068,-0.0053229752946,0.0441726232678,-0.0248669989664,0.573844338464,0.818950430205,0.00190131026761,0.0,0.818905346339,-0.573784705734,-0.0120785804046,0.0,-0.00880098531245,0.00848838155271,-0.999925242224,0.0,0.65412680697,0.251270309221,0.303280569305,1.0,-0.01738,-0.0228422857143,0.87
0.459451808313,0.506024766213,-0.124063438421,-1.42182437694,0.0755384733364,1.91834542209,0.150475757469,-0.0168357948216,-0.0892790688932,-1.20868444084e-05,-0.14510735927,-0.00169787090951,0.0507519619816,-0.0240352188589,0.573843957515,0.818950620957,0.00193384559673,0.0,0.818905980653,-0.573784200702,-0.0120595512375,0.0,-0.00876673571122,0.00850410206309,-0.999925409515,0.0,0.653813351229,0.250869485361,0.303293213692,1.0,-0.01774,-0.0233154285714,0.888
0.459214669163,0.504287127624,-0.124073005848,-1.42444095269,0.0753715281476,1.91935140085,0.150108105233,-0.0109179700345,-0.0953910388236,-0.00040431147583,-0.141807046225,-0.00347882900977,0.0516329187696,-0.0241867456044,0.573833664991,0.818957585968,0.00203573345653,0.0,0.818914401164,-0.573773596411,-0.0119921028,0.0,-0.00865314005283,0.00854872833466,-0.999926018469,0.0,0.653502658403,0.250462584431,0.303349446847,1.0,-0.0181,-0.0237885714286,0.906
0.459005246637,0.502809542581,-0.124078758663,-1.42662476792,0.0752270029094,1.9201815392,0.149806476471,-0.0174044904772,-0.100072432567,-0.00235327973001,-0.145051806659,-0.0156635311768,0.0540882595877,-0.019796423922,0.573821960291,0.818965539776,0.00213294357457,0.0,0.818923769282,-0.573761636767,-0.0119243943251,0.0,-0.00854203129904,0.00858936289051,-0.999926625581,0.0,0.653259795107,0.250145929513,0.303412375955,1.0,-0.01838,-0.0241565714286,0.92
0.458752983241,0.50089819029,-0.1240798244,-1.42949259366,0.0750426213298,1.92118733773,0.149409939794,-0.0136112982229,-0.0993088166241,0.00155335504782,-0.158756564233,-0.00576679809264,0.0526461477215,-0.0230251637086,0.573810327947,0.818973613571,0.00216210934053,0.0,0.818932152355,-0.573749816008,-0.011917439791,0.0,-0.00851972292493,0.00860913664321,-0.999926645853,0.0,0.652894891485,0.249697108721,0.30345986358,1.0,-0.01876,-0.024656,0.939
0.458532620162,0.499391646649,-0.124078041628,-1.4317946503,0.0749000607137,1.92202590675,0.149077220849,-0.0116443308693,-0.0953401093448,0.000552718429165,-0.151898635153,-0.00570754311327,0.0599714477996,-0.021447900333,0.573799312229,0.818981193484,0.00221379896525,0.0,0.818940360458,-0.573738547661,-0.0118958749585,0.0,-0.00847251919013,0.00863898051926,-0.999926789537,0.0,0.652591892148,0.249311884448,0.30349812528,1.0,-0.01908,-0.0250765714286,0.955
0.45829141523,0.497818921228,-0.124082936388,-1.43428009197,0.0747495504914,1.92295139135,0.148714577504,-0.00724693306906,-0.10126132128,-0.000135696809634,-0.157179930407,-0.00656134155098,0.0581630602914,-0.0289690152629,0.573789033239,0.81898836758,0.00222396123308,0.0,0.818947624697,-0.573728186249,-0.0118955120888,0.0,-0.00846649978897,0.0086469886319,-0.999926771303,0.0,0.652286982194,0.248916093458,0.303492197228,1.0,-0.0194,-0.0254971428571,0.971
0.4580350211,0.496144377207,-0.124085956873,-1.4369600899,0.0745868479926,1.92389546559,0.1483188773,-0.0141305677155,-0.101398748901,-0.0002269570636,-0.158374745934,-0.0128930946944,0.0538219500815,-0.0282983886232,0.573768535681,0.819002863677,0.00217339631426,0.0,0.818961319538,-0.573707750557,-0.0119382139589,0.0,-0.00853070135144,0.00862986520689,-0.99992637357,0.0,0.651944235488,0.248489281208,0.303465633378,1.0,-0.01974,-0.025944,0.988
0.457744398067,0.494373054198,-0.12408333691,-1.43986585357,0.0744024552407,1.92490103905,0.147906816689,-0.0201770840545,-0.0965694672382,0.0017513574901,-0.163662338741,-0.0108426369448,0.0536490279894,-0.0267473131222,0.573763370451,0.819006770003,0.00206211541375,0.0,0.818963622589,-0.573702895735,-0.012013292715,0.0,-0.00865609313604,0.00858175005311,-0.999925710049,0.0,0.65156863546,0.24801886661,0.303403611377,1.0,-0.02124,-0.0279154285714,1.006
0.457486615716,0.49252365814,-0.124130930771,-1.44273973992,0.0742270313193,1.92597344734,0.147518194422,-0.0157707598471,-0.126522670903,-0.00164824964143,-0.189126768152,-0.0166530067351,0.0640458233516,-0.0210777839278,0.573787407264,0.818989853392,0.00209241659252,0.0,0.818947263683,-0.573726963827,-0.0119790310449,0.0,-0.00861039483733,0.00858716133719,-0.999926058147,0.0,0.651217427146,0.247551171327,0.30341753854,1.0,-0.025272,-0.0332146285714,1.022
0.457145363037,0.490272334534,-0.124136011765,-1.44636176696,0.0740221024253,1.92728496679,0.146975143206,-0.0260351144241,-0.139087254483,0.00197559971199,-0.226709917556,-0.0121428868953,0.0722641384814,-0.0375175774303,0.573751641426,0.819015014626,0.00205101930849,0.0,0.818971598315,-0.573691092401,-0.0120332271043,0.0,-0.0086789092611,0.00858397563212,-0.999925493173,0.0,0.650753484895,0.246982340906,0.30337371484,1.0,-0.029556,-0.0388450285714,1.039
0.456726706192,0.487598662738,-0.124161788267,-1.45059354153,0.0737649046061,1.92882948371,0.146380063652,-0.0282452191084,-0.17172466529,-0.0011315093302,-0.255096209568,-0.0164748983034,0.0938306285559,-0.0379887870122,0.57376646094,0.819004670525,0.00203589285937,0.0,0.818961001889,-0.573705920479,-0.0120474517339,0.0,-0.0086990829354,0.00857990579031,-0.9999253528,0.0,0.650222435984,0.246292009584,0.303352702492,1.0,-0.03384,-0.0444754285714,1.056
0.456277171298,0.484735958286,-0.12420431129,-1.45497725659,0.0734896575599,1.9305116685,0.145702365055,-0.030811210432,-0.184190436987,0.00151027546671,-0.286945111691,-0.0242427645073,0.107959632582,-0.0409867737779,0.573752572206,0.819014081704,0.00216026831757,0.0,0.818972273862,-0.57369174927,-0.0119556833976,0.0,-0.00855270961517,0.00862897009244,-0.999926193293,0.0,0.649695836777,0.245562892392,0.303401138695,1.0,-0.037872,-0.0497746285714,1.072
0.455730940899,0.481361795296,-0.124267834972,-1.46027148848,0.073179262097,1.93232509249,0.144901584436,-0.0361669773988,-0.207552820476,-0.0025481167348,-0.322109852396,-0.0182342113591,0.116067431768,-0.0523937621852,0.573765182306,0.819005474796,0.00207237287748,0.0,0.818962290126,-0.573704494169,-0.0120277854815,0.0,-0.00866205929706,0.00859848531473,-0.999925514615,0.0,0.649011743199,0.244661676895,0.303381143914,1.0,-0.042156,-0.0554050285714,1.089
0.455130623394,0.477568370568,-0.124327173277,-1.46609645631,0.0728168219664,1.93442557354,0.144047348601,-0.0340712359811,-0.239266490428,-0.00364544929335,-0.351102196302,-0.0230143067682,0.125649114989,-0.0521748405623,0.573785033648,0.818991440049,0.00212207200619,0.0,0.818948967502,-0.5737241973,-0.0119950390301,0.0,-0.00860651593247,0.00862060852538,-0.999925803744,0.0,0.648275143603,0.243682108212,0.303420720657,1.0,-0.04644,-0.0610354285714,1.106
0.454527448177,0.47397427951,-0.124353852395,-1.4716235345,0.0724876973689,1.93646773546,0.143250522147,-0.0434140364227,-0.244999061189,-0.00140615620264,-0.375509938055,-0.0263973213809,0.141796399602,-0.0538195405841,0.573829541985,0.818960001306,0.00221808654344,0.0,0.818918645923,-0.573768167036,-0.0119619712457,0.0,-0.00852387264761,0.00868073204085,-0.999925991505,0.0,0.6475318873,0.242689522597,0.303454129569,1.0,-0.050472,-0.0663346285714,1.122
0.453695943129,0.469014329826,-0.124397503712,-1.47916803241,0.0720266984329,1.93919959068,0.142098280302,-0.0496168635636,-0.274621459413,-0.00380587402099,-0.402797287361,-0.0254563744618,0.155867799522,-0.0662415892364,0.57382782189,0.818960846366,0.00234730614989,0.0,0.818921040965,-0.573765789042,-0.0119119642374,0.0,-0.00840879024377,0.00875784350411,-0.999926293496,0.0,0.646619554001,0.241475179655,0.3035290606,1.0,-0.055008,-0.0722962285714,1.14
0.452890017865,0.464180683008,-0.124415865288,-1.48650328008,0.0715411465229,1.94183564358,0.140932982734,-0.0498330738256,-0.289431940116,-0.000139066594206,-0.450240847473,-0.0314783311537,0.152478839239,-0.0703952362227,0.573760087784,0.819007996115,0.00245170711332,0.0,0.818969589138,-0.573697697334,-0.0118537353572,0.0,-0.00830192515372,0.00880924341164,-0.999926734951,0.0,0.645667149958,0.240241626958,0.303600821244,1.0,-0.059292,-0.0779266285714,1.157
0.452060117572,0.45937379845,-0.124438133441,-1.49395230981,0.0710575791361,1.94437434927,0.139837543545,-0.048923630086,-0.304951415843,-0.000616775233314,-0.475789381235,-0.0318758108133,0.162420157439,-0.0621752379091,0.573773410129,0.818998924822,0.00236259817414,0.0,0.818959058108,-0.573711051858,-0.0119346981579,0.0,-0.00841921837185,0.00878285273345,-0.999925986391,0.0,0.644662813042,0.238972231251,0.303586529413,1.0,-0.063324,-0.0832258285714,1.173
0.45111179784,0.454007959045,-0.124475659754,-1.50228563519,0.0704969595495,1.94732386353,0.138519638209,-0.0565531846092,-0.324254425266,-0.00263839536386,-0.496771131205,-0.0303623355651,0.173854999705,-0.0780123710339,0.573728049494,0.819030798661,0.0023287271645,0.0,0.818990521444,-0.573665864811,-0.0119477293192,0.0,-0.00844980968875,0.00876212161092,-0.999925910226,0.0,0.643557723028,0.237537667645,0.303565965449,1.0,-0.067608,-0.0888562285714,1.19
0.450094743989,0.448177113217,-0.124518003111,-1.51089078421,0.0699116981129,1.9506042495,0.137162056121,-0.0668593797622,-0.344639702689,-0.000540204746782,-0.517703965274,-0.0305618280503,0.188702865006,-0.0795222205005,0.573710983423,0.819041511147,0.00273082759741,0.0,0.819007036924,-0.573647910376,-0.0116745574224,0.0,-0.00799556754782,0.00893456085673,-0.999928119678,0.0,0.642468457879,0.236049820381,0.303755609297,1.0,-0.071892,-0.0944866285714,1.207
0.449062360204,0.442527762273,-0.124551627922,-1.51966384658,0.0693282700006,1.95354337609,0.135839765307,-0.068513464634,-0.359679628684,-0.0033610473129,-0.571422118237,-0.0409069909166,0.193137599253,-0.0838350718359,0.573729829222,0.819028831166,0.00256976304674,0.0,0.818991903071,-0.573666935496,-0.0118007086314,0.0,-0.00819109020923,0.0088752045511,-0.999927065733,0.0,0.641251247727,0.234516418374,0.30370438646,1.0,-0.075924,-0.0997858285714,1.223
0.447894438932,0.436205361193,-0.12456596865,-1.5294686895,0.0686739463766,1.95684688276,0.134259341254,-0.0688918347738,-0.38216262296,-0.00278593674583,-0.584601122589,-0.0325335074562,0.204227123989,-0.0852566766238,0.573653677624,0.819082629761,0.00241881669344,0.0,0.819043235772,-0.573590838856,-0.0119362648076,0.0,-0.0083895375965,0.00882856763259,-0.999925833276,0.0,0.639876996386,0.232811493945,0.303645005038,1.0,-0.080208,-0.105416228571,1.24
0.446777287895,0.430314411928,-0.124595330104,-1.53822442668,0.0680582159199,1.96009185536,0.132816139831,-0.0779618048311,-0.381922405006,-0.0046761860745,-0.595047577874,-0.0423993073871,0.212322777852,-0.0954113227836,0.573617270362,0.819107362551,0.00266508120931,0.0,0.819071640902,-0.573554005841,-0.0117556945612,0.0,-0.00810076392827,0.00892633372422,-0.999927346456,0.0,0.63854817409,0.231031690258,0.303747850068,1.0,-0.084492,-0.111046628571,1.257
0.445330003084,0.423054589629,-0.124671810786,-1.54943588084,0.0672444676728,1.96385342607,0.130961804552,-0.0875450534521,-0.413129946088,-0.00549388894576,-0.6389867711,-0.0435368710802,0.207138650314,-0.0984494108761,0.573596550539,0.81912250938,0.00246145036286,0.0,0.819084242329,-0.573534157565,-0.0118457155421,0.0,-0.00829152601757,0.00881096641752,-0.999926806055,0.0,0.637056769866,0.22906820295,0.303684047272,1.0,-0.088776,-0.116677028571,1.274
0.443781113535,0.415364292083,-0.124791493943,-1.56099458332,0.0664113712538,1.96787776023,0.12914151141,-0.081728792293,-0.430274748998,0.000137434813249,-0.645645573686,-0.0522622740644,0.233382746267,-0.101076027241,0.573707459156,0.819044430565,0.00259209762357,0.0,0.819008407345,-0.573645154884,-0.0117137473426,0.0,-0.00810729136978,0.00884338423406,-0.999928030601,0.0,0.63556602543,0.227027636917,0.303773742425,1.0,-0.09306,-0.122307428571,1.291
0.442210357287,0.407894999774,-0.124838156407,-1.57235124682,0.0656582419197,1.97178273203,0.127200803384,-0.0937494429161,-0.444235312994,-0.00296026396307,-0.671306238436,-0.0487583632551,0.22119984548,-0.106481211373,0.573695220339,0.819052934554,0.00261370592083,0.0,0.819016724184,-0.57363232868,-0.0117602678755,0.0,-0.00813313228873,0.00888764944614,-0.99992742829,0.0,0.63396385887,0.224922969672,0.303761735645,1.0,-0.097344,-0.127937828571,1.308
0.44060833613,0.40058740131,-0.124923432371,-1.58344042838,0.0648911552432,1.97546825187,0.125351655183,-0.105522888958,-0.465433801141,-0.00810611905183,-0.681469782668,-0.0419847894457,0.242426086268,-0.119653086532,0.573786030107,0.818989605354,0.00252287081143,0.0,0.81895190557,-0.573723130939,-0.0118445046329,0.0,-0.00825325573481,0.00886249178088,-0.999926667316,0.0,0.632376521884,0.222794433119,0.303736285496,1.0,-0.101376,-0.133237028571,1.324
0.438853594046,0.392514451384,-0.12499973561,-1.59540168126,0.063971598743,1.97970866601,0.12328049808,-0.0977973391166,-0.464194259435,-0.00475490927705,-0.721962038788,-0.0576371957272,0.24372743868,-0.1224362813,0.573791690839,0.818984892033,0.00275482245998,0.0,0.818951062032,-0.573728898252,-0.011621368601,0.0,-0.00793735687284,0.00892448134266,-0.999928673456,0.0,0.630704384763,0.220502409374,0.303843305305,1.0,-0.10566,-0.138867428571,1.341
0.436863504579,0.383759446173,-0.125047612597,-1.60873058605,0.062978506901,1.98396946411,0.120939083707,-0.11493903768,-0.495685359838,-0.00470221511979,-0.748143611182,-0.0558075306304,0.240920743392,-0.135002360691,0.573765456159,0.819004191097,0.00246641140076,0.0,0.818966197065,-0.573703244537,-0.0118195673856,0.0,-0.00826544613825,0.00880173649859,-0.99992710326,0.0,0.628708283651,0.217930843243,0.303742633446,1.0,-0.110196,-0.144829028571,1.359
0.435150926086,0.376154425921,-0.125097143011,-1.61993391584,0.0621759378781,1.98781519654,0.118950192037,-0.122611384342,-0.498722818083,-0.000399640265698,-0.765949963984,-0.0572426810372,0.258065018431,-0.13278233338,0.573766911885,0.819002549869,0.00266477682276,0.0,0.818967082921,-0.573703914457,-0.0117252944491,0.0,-0.00807440861483,0.00891012203565,-0.999927704212,0.0,0.627074262587,0.215770269892,0.303829037764,1.0,-0.113976,-0.149797028571,1.374
0.432919426367,0.366866792518,-0.125181281579,-1.63392550946,0.061091007851,1.99233461735,0.11652941896,-0.128050277781,-0.519880596826,-0.0105843261413,-0.791279361973,-0.0588764554649,0.254938742974,-0.131583024725,0.573870080032,0.818930903487,0.00246037788692,0.0,0.818892794308,-0.573807838956,-0.0118280295664,0.0,-0.00827471413488,0.00880270747617,-0.99992701806,0.0,0.624966314778,0.212978957478,0.303754308501,1.0,-0.118512,-0.155758628571,1.392
0.430882327113,0.358263471394,-0.125291132811,-1.64650975409,0.0600968007436,1.99652836799,0.114177022181,-0.131003446972,-0.537934682213,-0.00302143951186,-0.804262559119,-0.0663059593966,0.265648545499,-0.157442403559,0.573852247479,0.818943107603,0.00255567470336,0.0,0.818906724167,-0.573790178646,-0.0117198508969,0.0,-0.00813162662853,0.00881849175995,-0.999928052838,0.0,0.622956560484,0.210285835166,0.303831071684,1.0,-0.122796,-0.161389028571,1.409
