position_joint1,position_joint2,position_joint3,position_joint4,position_joint5,position_joint6,position_joint7,velocity_joint1,velocity_joint2,velocity_joint3,velocity_joint4,velocity_joint5,velocity_joint6,velocity_joint7,ee_T_00,ee_T_10,ee_T_20,ee_T_30,ee_T_01,ee_T_11,ee_T_21,ee_T_31,ee_T_02,ee_T_12,ee_T_22,ee_T_32,ee_T_03,ee_T_13,ee_T_23,ee_T_33,v_x,v_y,time
0.465052096606,0.547681760477,-0.124079389667,-1.35584474072,0.0795130177865,1.89416343975,0.159133402502,-0.0016740070243,0.000239179026301,-0.000605077449833,0.000332939705358,0.000289519809211,-6.98107888958e-05,-0.00142890730021,0.573870150501,0.818931964055,0.00205803649109,0.0,0.818890638176,-0.573811543044,-0.0117975708603,0.0,-0.00848064605983,0.00845574337999,-0.999928286952,0.0,0.661715348825,0.260829924533,0.303287723119,1.0,0.0,0.0,0.0
0.465057004509,0.547671131068,-0.124079091721,-1.35584724637,0.0795110898205,1.89416460677,0.159132696297,-0.000960085319286,0.00154113948234,0.00153359971813,-0.000202359815343,-0.000138817992597,0.000159769468704,-0.000156087057627,0.573866230063,0.818934701963,0.00206175067535,0.0,0.818893412787,-0.573807596868,-0.0117969136907,0.0,-0.00847801702507,0.00845836728268,-0.999928287054,0.0,0.661714502039,0.260832780796,0.303289652768,1.0,-0.00026,-0.000341714285714,0.014
0.465048878041,0.547670861818,-0.124082249981,-1.35584839409,0.079512412303,1.89416262595,0.159130813668,-0.00216447315145,-0.00470476178777,-0.00148077628885,-0.000915116117641,9.58687524058e-05,-0.000145178265273,-0.00149279483792,0.573872678504,0.818930180173,0.00206295181766,0.0,0.818888933487,-0.573814066603,-0.0117931540384,0.0,-0.00847418214402,0.00845726013827,-0.999928328926,0.0,0.661716168097,0.26082569661,0.303293727886,1.0,-0.00062,-0.000814857142857,0.032
0.465053487876,0.547638863945,-0.124077238711,-1.35588360624,0.0795075410104,1.89416505464,0.159135742178,0.000248879485005,-0.0058383472623,-0.000309088195087,-0.00399577309732,-0.0003311032189,-0.00021741618131,-0.00072509440401,0.57387003128,0.818932036154,0.00206258582994,0.0,0.818890770846,-0.573811407308,-0.0117949636535,0.0,-0.00847590151069,0.00845797150312,-0.999928308336,0.0,0.661707346052,0.260827262854,0.303299671201,1.0,-0.00096,-0.00126171428571,0.049
0.465047790495,0.547531351141,-0.124074492651,-1.35598595211,0.0795069102323,1.89419141827,0.159133400367,-0.000611044837393,-0.00727586760996,-0.000153259305105,-0.00710331003888,-0.000467378204826,0.00111874591353,0.000215187897033,0.573876273637,0.818927580311,0.00209467522096,0.0,0.818886654841,-0.573817445435,-0.0117869732524,0.0,-0.00845087900609,0.00847972913329,-0.999928335851,0.0,0.6616928758,0.260816038709,0.303329316676,1.0,-0.00128,-0.00168228571429,0.065
0.465036081061,0.547370995266,-0.124077478397,-1.3562010932,0.079504187357,1.89423943472,0.159125049061,-0.000568140409512,-0.0119687823998,-0.00109684653099,-0.0104923783482,-0.000331757184034,0.00156031824746,-0.00727302211321,0.573892188046,0.818916425808,0.00209545760632,0.0,0.818875393076,-0.573833237008,-0.0118005771093,0.0,-0.00846140611584,0.00848834111536,-0.999928173756,0.0,0.661661252451,0.260785947612,0.303344769849,1.0,-0.00166,-0.00218171428571,0.084
0.465021524016,0.547222042045,-0.124077317632,-1.35638735991,0.0795020120459,1.89432347598,0.159126247869,0.00171649872107,-0.0073257195701,-0.00050449566293,-0.0142622310664,-0.000184511868137,0.0076259556313,-0.00160068135471,0.573909284273,0.818904314949,0.00214552666126,0.0,0.81886387381,-0.573850075705,-0.0117810731172,0.0,-0.00841652301756,0.00851832551801,-0.999928297565,0.0,0.661642076996,0.260763104395,0.303370192778,1.0,-0.00198,-0.00260228571429,0.1
0.464996054012,0.547021100757,-0.12407541484,-1.35659964182,0.0795018812205,1.89445433318,0.159116908061,-0.00104374773344,-0.0105689467501,-0.000900931437512,-0.0133533923814,0.000571146105348,0.0106580914053,0.000546248874355,0.573938852193,0.818883315229,0.00224875161681,0.0,0.818844164988,-0.573879193752,-0.0117324910042,0.0,-0.00831718949627,0.00857527466086,-0.999928641966,0.0,0.661632064513,0.260732187356,0.303421503774,1.0,-0.0023,-0.00302285714286,0.116
0.464970495029,0.546835227967,-0.124074405303,-1.35683462956,0.0794973484459,1.89455999643,0.159089893407,-0.00261385822644,-0.0136918428233,-0.000309051852278,-0.0120618270796,-0.00319651671628,0.000754231084002,-0.0010907827451,0.573948970604,0.818876073798,0.00230256479578,0.0,0.818837558314,-0.573889043247,-0.0117117905288,0.0,-0.00826924754638,0.00860756237545,-0.99992876217,0.0,0.661610836319,0.260696855006,0.303450438984,1.0,-0.0026,-0.00341714285714,0.131
0.464938908958,0.546594852243,-0.124075520048,-1.35718331797,0.0794868389777,1.89469323073,0.159022276582,-0.00069046391515,-0.0124701419687,-0.000607063530804,-0.0161116092667,0.000509176425658,0.00164412110852,-0.00650157859283,0.573936980551,0.818884400629,0.00232973466252,0.0,0.818846153618,-0.573876866076,-0.0117075270303,0.0,-0.00825028927179,0.00862724308201,-0.999928749164,0.0,0.66157284069,0.260644423304,0.303466298279,1.0,-0.00294,-0.003864,0.148
0.464903267294,0.546296135793,-0.124075145296,-1.35762215243,0.0794646863298,1.89484983592,0.158959040709,-0.00374117753947,-0.0182556746528,-0.000188395938694,-0.0231141816836,0.000106610008354,0.00606483170989,-0.00126066027744,0.573932739305,0.818887324282,0.0023468672633,0.0,0.81884925014,-0.573872510243,-0.0117044621546,0.0,-0.0082379916952,0.00863947086179,-0.999928744979,0.0,0.661521702264,0.260579935739,0.303482507596,1.0,-0.0033,-0.00433714285714,0.166
0.464859728177,0.546011853905,-0.1240774142,-1.35811257885,0.0794329817703,1.89500460844,0.158916530841,-0.00418080291319,-0.0134856091987,-0.000973424691191,-0.0290420894418,-0.00492864738996,0.00637933880165,-0.0064995981994,0.573954081829,0.818872495227,0.00230117672923,0.0,0.818833818014,-0.573894009491,-0.0117299295732,0.0,-0.00828484466772,0.00861688818704,-0.999928552741,0.0,0.661461135953,0.260500701737,0.303463828032,1.0,-0.00364,-0.004784,0.183
0.464811192708,0.545700303435,-0.124073361732,-1.35863217574,0.0793990411825,1.89517820587,0.158835041183,-0.00165643396347,-0.024321382354,0.0016862375332,-0.0380107431029,-0.00402573429934,0.00417452934155,-0.00255425618541,0.573944230886,0.818879482574,0.00227150883409,0.0,0.818840391177,-0.573884241403,-0.0117489636628,0.0,-0.00831756229971,0.00860341873788,-0.999928397108,0.0,0.661398277861,0.260419639299,0.303451975454,1.0,-0.00396,-0.00520457142857,0.199
0.464749284716,0.545325460997,-0.124078235021,-1.35928317105,0.0793649909613,1.89539209661,0.158775109445,-4.73632213468e-05,-0.0242034287784,-0.000139902343065,-0.0360025523156,-0.00426805902808,0.0108323916087,-0.0064032070911,0.573976503287,0.818857004805,0.00221951730542,0.0,0.818817173572,-0.573916642064,-0.0117843593937,0.0,-0.00837604858265,0.00858148950527,-0.999928097339,0.0,0.661320420758,0.260312515405,0.303426159517,1.0,-0.00432,-0.00567771428571,0.217
0.464685027367,0.544929525396,-0.124078340247,-1.35999177008,0.0793339448549,1.89559877574,0.158665204222,-0.00460294918754,-0.025376346038,-0.000307402747302,-0.0397831414606,-0.00257078989738,0.00911456582934,0.00343702407349,0.573970264805,0.818861599036,0.00213626908643,0.0,0.81882049369,-0.573910535679,-0.0118508671266,0.0,-0.00847835590412,0.00855143089238,-0.999927492627,0.0,0.661227706528,0.260200035145,0.303387048437,1.0,-0.00466,-0.00612457142857,0.234
0.464628523728,0.54453545537,-0.124078341692,-1.36067412629,0.0792995978922,1.89582158447,0.158594590543,-4.24285888103e-05,-0.0230680411057,7.49353018812e-05,-0.0432104897955,-0.000209296100542,0.0189200183898,-0.00366539266835,0.573987545605,0.818849621238,0.00208379215814,0.0,0.818807722152,-0.573927914144,-0.011891610975,0.0,-0.00854165910933,0.00853202597519,-0.99992711964,0.0,0.661142254518,0.260096402634,0.303360467513,1.0,-0.00498,-0.00654514285714,0.25
0.464550122416,0.544038130561,-0.124081526166,-1.36149383347,0.0792592297137,1.89610579857,0.158497660954,-0.00255172790739,-0.0252005857143,-0.000207651423084,-0.0474363434712,-0.00357731381866,0.0163545674796,-0.0140548888405,0.574009505808,0.81883429994,0.00205508736464,0.0,0.818791925615,-0.573949887808,-0.0119187136064,0.0,-0.00858009954325,0.00852430796704,-0.999926856358,0.0,0.661046848467,0.259964702175,0.303346969921,1.0,-0.00534,-0.00701828571429,0.268
0.464486586754,0.543560880742,-0.124082246528,-1.36226876465,0.0792160906306,1.89637014792,0.15838533805,-0.0050533315553,-0.031332446869,-0.00243149084609,-0.0487299930406,-0.000314973139195,0.00572560090114,-0.00989127162458,0.574001647049,0.818839874614,0.00202875052876,0.0,0.818797086172,-0.573942068405,-0.0119407157078,0.0,-0.00861331471124,0.00851528945047,-0.999926647637,0.0,0.66095286769,0.259847518707,0.303338714198,1.0,-0.00566,-0.00743885714286,0.284
0.464408543038,0.543030209796,-0.1240794367,-1.36312312177,0.0791627918617,1.89666669908,0.158294503419,-0.0088987076981,-0.0324350988123,0.0054512969014,-0.0515395860085,-0.00599139220385,0.0151301224963,-0.00382979209989,0.574022473161,0.818825333379,0.00200514935495,0.0,0.818782203715,-0.573962957061,-0.0119571611217,0.0,-0.00864011133755,0.00850562356629,-0.999926498721,0.0,0.660851842603,0.259714613708,0.303333055237,1.0,-0.006,-0.00788571428571,0.301
0.464349596957,0.542519564168,-0.124087843683,-1.36391481837,0.0791156822053,1.89695048886,0.15819073614,-0.00335836088707,-0.0330423450233,-7.43129100225e-05,-0.0484717724245,-0.00134019424657,0.0211563417496,-0.00539849230247,0.574023082334,0.818824904285,0.00200598412421,0.0,0.818781801482,-0.573963578402,-0.011954878995,0.0,-0.00863775712628,0.00850500353228,-0.999926524334,0.0,0.660759331232,0.259595149731,0.303342263784,1.0,-0.0063,-0.00828,0.316
0.464271030304,0.541933793884,-0.124091001032,-1.36482984607,0.0790576968041,1.89728922125,0.158054884063,-0.00462249365419,-0.03729810385,0.000119711655587,-0.0499333535399,-0.00414843891091,0.0179670776035,-0.0125431636445,0.57401378585,0.818831407561,0.00201160327525,0.0,0.818788408641,-0.573954289816,-0.0119483043885,0.0,-0.00862924471084,0.00850573264278,-0.99992659163,0.0,0.660655700958,0.259454083387,0.30335041636,1.0,-0.00664,-0.00872685714286,0.333
0.464189696538,0.541301689981,-0.124089325628,-1.36580180903,0.0790012884211,1.89764493272,0.157953792081,-0.00313332181594,-0.0387283185149,0.00087276509786,-0.0592744466424,-0.00653708853692,0.0187065228592,-0.00758551836968,0.574035304429,0.818816285438,0.00202654187422,0.0,0.818773440251,-0.573975703136,-0.011945402911,0.0,-0.00861807056704,0.00851652562823,-0.999926596131,0.0,0.660542913486,0.259309256436,0.303365467083,1.0,-0.00698,-0.00917371428571,0.35
0.464100693211,0.540642033108,-0.124093531662,-1.36677485035,0.0789481028295,1.89800004802,0.157812471432,-0.00321189399769,-0.0397676979578,-0.000595195488811,-0.0595259868281,-0.00291901410695,0.0237928576382,-0.0099920210957,0.574035089933,0.818816339264,0.00206518334268,0.0,0.818773955077,-0.57397528667,-0.0119301165249,0.0,-0.00858337539538,0.00853938825543,-0.999926699571,0.0,0.660433477128,0.259156680139,0.303399531246,1.0,-0.0073,-0.00959428571429,0.366
0.464010465028,0.53989805427,-0.124096828745,-1.36787680463,0.0788767676284,1.89839898649,0.157669091378,-0.00651001882812,-0.0486795421207,-0.000306932495517,-0.0716203582834,-0.00106797544358,0.0224137816927,-0.011567894737,0.574035736903,0.818815803115,0.00209767219017,0.0,0.818773882922,-0.573975841206,-0.0119083692096,0.0,-0.0085469122928,0.00855351338046,-0.999926891177,0.0,0.660306157938,0.258989674548,0.303435470143,1.0,-0.00764,-0.0100411428571,0.383
0.463898904041,0.539161222533,-0.124098228019,-1.36902874277,0.0788109994359,1.89882711942,0.157529292902,-0.00442119423177,-0.0389523121588,0.000230831767124,-0.0734388312138,-0.00683363314013,0.0273462596461,-0.0154647584341,0.574059771444,0.818798921627,0.00210989407646,0.0,0.818757125559,-0.573999787913,-0.0119062892075,0.0,-0.0085379423931,0.00856257732661,-0.999926890232,0.0,0.660177474572,0.258806543568,0.303444939495,1.0,-0.00798,-0.010488,0.4
0.46379002602,0.538378213354,-0.124106317793,-1.37020924347,0.0787532965027,1.89928530058,0.1573889369,-0.00853617889664,-0.0519291202938,-0.000289149551801,-0.0673845744526,-0.00210445617812,0.022521542367,-0.00547940740857,0.574089587998,0.818777868863,0.00216640565451,0.0,0.81873675003,-0.574029313601,-0.0118839462725,0.0,-0.00848689525089,0.00859633125021,-0.999927035187,0.0,0.66004954734,0.258621872469,0.303476145775,1.0,-0.00832,-0.0109348571429,0.417
0.463687702105,0.537597685247,-0.124117842569,-1.37144755072,0.0786750427383,1.89975656463,0.157232880505,-0.00365913762019,-0.0549775674631,-0.00161322985964,-0.0723604482002,-0.00498116516605,0.0293016630738,-0.0138785200927,0.574101189558,0.818769719975,0.00217179702077,0.0,0.818728762509,-0.574040984585,-0.0118704825982,0.0,-0.00847265433761,0.00859313631198,-0.999927183417,0.0,0.659910751313,0.258430216925,0.303479171769,1.0,-0.00866,-0.0113817142857,0.434
0.463579477004,0.536817817548,-0.124121853887,-1.37266686738,0.0786069067929,1.90020455459,0.157084474881,-0.00898717843293,-0.0524675829425,-0.0018519943901,-0.0800905123592,-0.000473860501308,0.0319396400304,-0.0142179765877,0.574114980892,0.818760015195,0.00218475020124,0.0,0.818719179418,-0.574054674977,-0.011869384603,0.0,-0.00846417441278,0.00860325404583,-0.999927168233,0.0,0.659759505214,0.258232186258,0.303493244966,1.0,-0.009,-0.0118285714286,0.451
0.463473612364,0.535975496959,-0.124126122782,-1.37398671684,0.0785258611805,1.90070029065,0.156931826638,-0.00975341616693,-0.0517756696062,-0.000971994392573,-0.0712220525966,-0.00390921432647,0.028704746452,-0.0137377741146,0.574135703282,0.818745460971,0.00219345787683,0.0,0.818704767572,-0.574075389746,-0.0118615911751,0.0,-0.0084525764873,0.00860612310715,-0.999927241651,0.0,0.659618332784,0.258043931681,0.303497815604,1.0,-0.00932,-0.0122491428571,0.467
0.463356531553,0.535072172939,-0.124131600449,-1.37540486112,0.0784444518629,1.90119938379,0.156759185391,-0.00937231531373,-0.0558778374695,0.000741566577624,-0.0878312330419,-0.0075724931948,0.0280114766523,-0.0168872163581,0.574149991449,0.818735473325,0.00218149938799,0.0,0.818694560292,-0.574089658611,-0.0118755095206,0.0,-0.00847068775644,0.00860447103469,-0.999927102607,0.0,0.659448310113,0.257827742702,0.303503681057,1.0,-0.00966,-0.012696,0.484
0.463235775151,0.53418352704,-0.124138751457,-1.37685647127,0.078370692226,1.90172760777,0.156581709023,-0.00388329464482,-0.053920621162,-0.000720200925155,-0.0812779560796,-0.00676014751099,0.0322734132703,-0.0081797617332,0.574168465363,0.818722583917,0.00215658729456,0.0,0.818681221299,-0.574108103286,-0.0119033833407,0.0,-0.00850761832282,0.00860027044737,-0.999926825212,0.0,0.659276486527,0.257607212959,0.303485698657,1.0,-0.01,-0.0131428571429,0.501
0.463116146486,0.53332156162,-0.124138081665,-1.37824611956,0.0782890944932,1.90223564156,0.156401255306,-0.00740756568084,-0.0528713049251,-7.39968981047e-05,-0.0838851950019,-0.000512963806788,0.0302213147812,-0.0114937089236,0.574172401569,0.818719865806,0.00214044660689,0.0,0.81867823744,-0.574112048336,-0.0119183219945,0.0,-0.00852907500925,0.00859567411107,-0.999926681945,0.0,0.659112347797,0.25739636335,0.303476188473,1.0,-0.01032,-0.0135634285714,0.517
0.462982902399,0.532384297048,-0.124141562031,-1.37976637818,0.0782078450253,1.90281520475,0.156205274684,-0.00871992362997,-0.0563958269912,-0.00150221653331,-0.0937711086215,-0.000766957177662,0.0325596716074,-0.0197834651597,0.574184987333,0.818711039298,0.00214040986857,0.0,0.818669331398,-0.574124553011,-0.0119277139245,0.0,-0.00853665356154,0.00860116778378,-0.999926570033,0.0,0.658938124312,0.25716452869,0.303463788362,1.0,-0.01066,-0.0140102857143,0.534
0.462847775751,0.531413074712,-0.124141187243,-1.38133438434,0.0781178327814,1.90338437197,0.156007878515,-0.00850836149046,-0.0577547624097,-0.000317046030708,-0.087191418898,-0.000246109252996,0.036151936652,-0.0185707115419,0.574195109317,0.81870399677,0.00211872853464,0.0,0.818661919641,-0.574134675336,-0.0119491760137,0.0,-0.00856656757415,0.00859584629348,-0.999926359962,0.0,0.658751256166,0.256926390151,0.303451353233,1.0,-0.011,-0.0144571428571,0.551
0.462714434431,0.530398202064,-0.124136630619,-1.38297974464,0.0780104002864,1.90395646448,0.155806866431,-0.0033397840985,-0.063277079876,-9.78706937208e-05,-0.0953659556703,-5.73876421378e-05,0.0274380893893,-0.0168744213383,0.574196993328,0.818702810951,0.00206569477495,0.0,0.818660009023,-0.574136745684,-0.0119805585497,0.0,-0.00862269169928,0.00857046740878,-0.999926095407,0.0,0.658547162965,0.256680681522,0.303432735329,1.0,-0.01134,-0.014904,0.568
0.462569595702,0.529355097937,-0.124146476957,-1.38462269285,0.0778992987496,1.90456450711,0.155580165887,-0.00802175052297,-0.0641796667109,-0.000898075328151,-0.0966310624393,-0.0106386005754,0.0328426222105,-0.0272717206627,0.57419629152,0.818703309029,0.00206336858152,0.0,0.818660605766,-0.574136181883,-0.0119667924743,0.0,-0.00861276386033,0.00856065125205,-0.999926265056,0.0,0.658357528495,0.256421547796,0.30343848452,1.0,-0.01168,-0.0153508571429,0.585
0.462446324056,0.528322732001,-0.124144758326,-1.386225668,0.0777944972803,1.90517133798,0.155358758941,-0.00409768228671,-0.067061550811,-0.00075944710596,-0.101376928129,-0.00506679690376,0.0325146248592,-0.0122699535103,0.574173510411,0.818719219295,0.00208968914355,0.0,0.818676916482,-0.574113351706,-0.0119462426751,0.0,-0.00858106525037,0.00857016135962,-0.999926456122,0.0,0.658167748994,0.25618889735,0.303454974528,1.0,-0.012,-0.0157714285714,0.601
0.462295219232,0.527205163398,-0.124143231684,-1.38797137821,0.0776932531082,1.90583933783,0.155117159647,-0.00850440797802,-0.0711538278662,-8.95172122669e-05,-0.100153219291,-0.00754453274429,0.0429798867409,-0.0125419261137,0.574165725302,0.818724587385,0.00212527663493,0.0,0.818682706021,-0.574105379036,-0.0119326243627,0.0,-0.00854956481531,0.00859139655949,-0.999926543725,0.0,0.657965501724,0.255926728571,0.303468588338,1.0,-0.01234,-0.0162182857143,0.618
0.462140868869,0.525976636626,-0.124151052772,-1.38988309801,0.0775768785291,1.90654583425,0.154859412091,-0.00882464669738,-0.0684225034287,-0.000570766519998,-0.107331825188,-0.00632690759938,0.0369302292952,-0.0130766834704,0.574158455978,0.818729639626,0.00214278515324,0.0,0.818687999503,-0.574098052427,-0.0119219364947,0.0,-0.00853083823178,0.00859951870792,-0.999926633847,0.0,0.657738152594,0.255638955173,0.303484587733,1.0,-0.0127,-0.0166914285714,0.636
0.461995213896,0.52488721905,-0.124157048504,-1.39161050168,0.0774544294614,1.9071735767,0.15463208772,-0.00202726464268,-0.0658529229144,-0.00066384605135,-0.109717886419,-0.00591926785018,0.0354439479553,-0.009612239157,0.574155745223,0.818731593391,0.00212252501284,0.0,0.818689831476,-0.574095567488,-0.0119157932546,0.0,-0.0085374685688,0.00857937598064,-0.999926750286,0.0,0.657531787381,0.255371752857,0.303483246892,1.0,-0.01302,-0.017112,0.652
0.461838864945,0.523688534145,-0.124160327099,-1.39349925979,0.0773571275329,1.90784998214,0.154368178153,-0.00519065484799,-0.0705991066021,-0.000294129586192,-0.114055970213,-0.005883897381,0.0410818848057,-0.013934700547,0.574145243022,0.818738964366,0.00212015227088,0.0,0.818696967417,-0.57408487129,-0.011940812303,0.0,-0.0085594257506,0.00859168823286,-0.999926456858,0.0,0.657300265689,0.255088754169,0.303485841581,1.0,-0.01336,-0.0175588571429,0.669
0.461669515124,0.522410140116,-0.124161530322,-1.39554111215,0.0772156083558,1.9086350956,0.154091370457,-0.00687015264014,-0.0641685697198,-0.000594146225056,-0.112745963427,-0.00700213497302,0.0477830668933,-0.0173198906164,0.57412955912,0.818749946947,0.00212617496325,0.0,0.818708196812,-0.574069333852,-0.01191785658,0.0,-0.00853733696799,0.00858327586885,-0.999926717941,0.0,0.657061127938,0.254781566723,0.303480575135,1.0,-0.01372,-0.018032,0.687
0.461504412225,0.521160163832,-0.124161544464,-1.39753488948,0.077099312724,1.90941958804,0.153824068822,-0.00683623385861,-0.0757648322887,0.000910908924075,-0.116324566643,-0.00488171747163,0.044665460213,-0.015629191849,0.574121520811,0.818755494151,0.00216033336058,0.0,0.818714177129,-0.574061146264,-0.0119014040834,0.0,-0.00850434027105,0.00860171337144,-0.999926840686,0.0,0.656829015892,0.254487231602,0.303477814592,1.0,-0.01406,-0.0184788571429,0.704
0.461339742074,0.519865115744,-0.124164547849,-1.39957097289,0.0769621076806,1.91016054926,0.153549526874,-0.00874355801139,-0.074145778147,0.00023186144901,-0.119574017683,-0.0084788802343,0.044393404623,-0.0118734311938,0.574105072551,0.8187670493,0.00215210428321,0.0,0.818725706068,-0.574044815062,-0.011896025652,0.0,-0.0085048332606,0.00859171718597,-0.999926922433,0.0,0.656580408982,0.254180799749,0.303482472357,1.0,-0.0144,-0.0189257142857,0.721
0.461167336324,0.518515869038,-0.12416747216,-1.40164581152,0.0768245109928,1.91090439634,0.153283460267,-0.0135968151411,-0.0809079102962,0.00162062552122,-0.120531578715,-0.00209443045289,0.0402344439685,-0.0220283907433,0.574103359646,0.818768224874,0.00216177740621,0.0,0.81872705856,-0.574043115021,-0.0118849728481,0.0,-0.00849024814883,0.00859327394558,-0.999927033003,0.0,0.656325885379,0.25386563979,0.303506560214,1.0,-0.01474,-0.0193725714286,0.738
0.461004860728,0.517251373693,-0.12417630919,-1.40364074444,0.0766904416196,1.91162092014,0.15299769763,-0.00719529402024,-0.0828910574548,-0.00123182469098,-0.129634470881,-0.0128299916463,0.0442854223702,-0.0204725818097,0.574078063139,0.818786015368,0.00214134582542,0.0,0.818744668755,-0.574017990318,-0.0118853303695,0.0,-0.00850253496746,0.0085764880408,-0.999927072717,0.0,0.65608048571,0.253560688975,0.30350666921,1.0,-0.01506,-0.0197931428571,0.754
0.460818659467,0.515902880787,-0.124182481311,-1.40577864159,0.0765591592078,1.91242566852,0.152695796146,-0.00979985615512,-0.0806487705583,-0.00250085051853,-0.12226776689,-0.00837719858486,0.0481802029251,-0.0210256571379,0.574065448787,0.818794834209,0.00215101901692,0.0,0.818753631068,-0.574005356414,-0.0118781026531,0.0,-0.00849119613692,0.00858012815492,-0.99992713784,0.0,0.655825574612,0.253232296071,0.303504871219,1.0,-0.0154,-0.02024,0.771
0.460640834173,0.514597553851,-0.124177037172,-1.40785828815,0.0764326663336,1.91320770251,0.152428374234,-0.00991985368516,-0.0880385525716,0.00220774310093,-0.134393940696,-0.00602671062643,0.0478295871086,-0.0127567887243,0.574063847182,0.818795940692,0.00215725897641,0.0,0.818754769216,-0.574003679893,-0.0118806673537,0.0,-0.00848973106462,0.00858669300397,-0.999927093927,0.0,0.655573022364,0.252921811098,0.303497802285,1.0,-0.01572,-0.0206605714286,0.787
0.460453779325,0.513290716265,-0.124178075932,-1.40998773713,0.076307606242,1.9139443483,0.152131439507,-0.0101763565115,-0.079503030493,0.000389554388932,-0.138400255212,-0.00835916534924,0.055710783436,-0.0237922779651,0.574052605589,0.818804004027,0.00208708091931,0.0,0.818761757306,-0.573992562679,-0.0119360656148,0.0,-0.00857549449717,0.00856091643196,-0.999926583107,0.0,0.655302545974,0.252592881418,0.303464013285,1.0,-0.01604,-0.0210811428571,0.803
0.460264827495,0.511854451963,-0.124186293533,-1.41227371036,0.0761756743119,1.91476773147,0.151808257279,-0.0125684102093,-0.0827467508218,-3.11724357275e-05,-0.133602421931,-0.00111629939428,0.0525615853828,-0.0174457194132,0.574032731217,0.818817988095,0.00206706652955,0.0,0.818775370253,-0.573972663653,-0.0119591532693,0.0,-0.00860609583136,0.00855757333707,-0.999926348814,0.0,0.655017204337,0.252246444173,0.303453700195,1.0,-0.01638,-0.021528,0.82
0.460063945768,0.510385001572,-0.124189499012,-1.41461161285,0.0760246687479,1.91565546296,0.15148424967,-0.0147957526527,-0.0885947517717,-0.000220408429151,-0.1424391795,-0.0154303230445,0.0538591578152,-0.0127656717386,0.574015696553,0.818829906912,0.00207618830319,0.0,0.818787481673,-0.573955666689,-0.0119456867832,0.0,-0.00859001093931,0.00855713346327,-0.999926490888,0.0,0.654735208737,0.251890723807,0.30344683163,1.0,-0.01672,-0.0219748571429,0.837
0.45985189852,0.508799701444,-0.124195440074,-1.4171109829,0.0758680986643,1.91657263471,0.151130105163,-0.0128245126809,-0.0923334744838,-0.00134685031239,-0.137715165524,-0.00752242270582,0.0510426767313,-0.0253210012891,0.573991388001,0.818846949795,0.00207514176581,0.0,0.818804510531,-0.573931365112,-0.0119460694258,0.0,-0.00859117897171,0.00855624114287,-0.999926488489,0.0,0.654426316822,0.251509666861,0.303446295559,1.0,-0.01708,-0.022448,0.855
0.459633577935,0.507206844159,-0.12419571585,-1.41962404588,0.0756995326193,1.91748232775,0.150781281329,-0.0104839051076,-0.0933706538317,-0.000740609333326,-0.139053629698,-0.018284917268,0.0455008180211,-0.0258475669539,0.573969306734,0.818862470555,0.00205818975539,0.0,0.818819862938,-0.573909409057,-0.011948604745,0.0,-0.00860321517351,0.00854358352582,-0.999926493233,0.0,0.654112703558,0.251123979995,0.303443108139,1.0,-0.01744,-0.0229211428571,0.873
0.459434017272,0.505836365732,-0.124195891663,-1.42177576441,0.0755744537422,1.91828720926,0.150490977411,-0.0142611735256,-0.0944019575763,0.000834600215451,-0.147895945026,-0.00352961507612,0.0534736052379,-0.0155487387433,0.573972793413,0.818859968777,0.00208107112461,0.0,0.818817571258,-0.573912712941,-0.0119469588721,0.0,-0.00858869855311,0.00856141179419,-0.999926465539,0.0,0.653850814353,0.250790478844,0.30344685079,1.0,-0.01774,-0.0233154285714,0.888
0.459199108709,0.504108074765,-0.124207491837,-1.42440713079,0.0754108329169,1.9192956434,0.150118299346,-0.0114927928014,-0.0980397261417,-0.00154421005913,-0.151409527413,-0.00408027195132,0.0561207666485,-0.0235240130714,0.57395985688,0.818868815813,0.00216612105941,0.0,0.818827610134,-0.573899515636,-0.011892759856,0.0,-0.00849563792054,0.0085998120482,-0.999926931015,0.0,0.653536513988,0.250382636302,0.303489735716,1.0,-0.0181,-0.0237885714286,0.906
0.458963558243,0.502444113333,-0.124205442364,-1.42688829021,0.0752459657409,1.920228135,0.149774003605,-0.0137810299038,-0.0956134548271,0.000141573082958,-0.14916473428,-0.00538337755741,0.0519362513533,-0.0236775984379,0.57395200011,0.818874072413,0.00225876092776,0.0,0.818834163182,-0.573891385678,-0.0118337463201,0.0,-0.00839422621714,0.00864171936319,-0.999927426193,0.0,0.653237426752,0.249994136857,0.30355142327,1.0,-0.01844,-0.0242354285714,0.923
0.458749906978,0.50081957257,-0.124206171189,-1.42930880635,0.0750914880298,1.92106931146,0.149451796471,-0.0111923964547,-0.0987485479833,0.000652836210364,-0.149406026538,-0.00596243104181,0.0448881048083,-0.0170536836907,0.573945164271,0.818878754792,0.00229788179622,0.0,0.818839298023,-0.573884340628,-0.0118200886949,0.0,-0.00836066210123,0.00866584550904,-0.999927498597,0.0,0.652927165348,0.24962067194,0.303605997196,1.0,-0.01876,-0.024656,0.939
0.458533692268,0.499327534518,-0.124208620682,-1.43159349669,0.074945371193,1.92190960134,0.149114041563,-0.0121870369444,-0.09778584649,0.000650324501559,-0.154121649218,-0.00906658628927,0.0478412450932,-0.0249473605119,0.573924264657,0.818893295813,0.00233568228632,0.0,0.818854344404,-0.573863312866,-0.0117986312479,0.0,-0.00832161787094,0.00868427154932,-0.999927664436,0.0,0.652645603599,0.249260199983,0.30363227007,1.0,-0.01906,-0.0250502857143,0.954
0.458277921191,0.497652512403,-0.124209337288,-1.43424375506,0.0747811435676,1.92289461086,0.148734302766,-0.0134315786671,-0.0999730866341,0.000523419317266,-0.1581487206,-0.00971075681093,0.05331932316,-0.0184168400997,0.573913641638,0.8189007222,0.00234222603071,0.0,0.818861819629,-0.57385262837,-0.011799498624,0.0,-0.00831868554134,0.00869002000413,-0.999927638894,0.0,0.652318908582,0.24884096448,0.303624185344,1.0,-0.0194,-0.0254971428571,0.971
0.457978682286,0.495769114916,-0.124214551554,-1.43725418164,0.0746013253063,1.92394697781,0.148286065137,-0.011560469133,-0.0981431262746,0.000100376668877,-0.158020270294,-0.00837402794117,0.0568272271393,-0.018348769158,0.573898945254,0.81891119082,0.00228234262644,0.0,0.818871322279,-0.573837970954,-0.0118527440868,0.0,-0.0083968115775,0.00867138920533,-0.999927147629,0.0,0.65193528978,0.248353088685,0.303595219559,1.0,-0.01978,-0.0259965714286,0.99
0.457720575686,0.494194002823,-0.124205828796,-1.43984521002,0.0744369501541,1.92484017321,0.147929601509,-0.0185153425434,-0.101332166922,0.00285892684148,-0.162680031669,-0.00557237799562,0.0543346119692,-0.019418133065,0.57389795845,0.818912166706,0.00217793675721,0.0,0.818870769609,-0.573837227542,-0.0119266872,0.0,-0.00851729205032,0.00862831630552,-0.999926501246,0.0,0.651597784355,0.247937765362,0.303536267229,1.0,-0.0220628571429,-0.0289968979592,1.006
0.457427311742,0.492073243011,-0.124285452316,-1.44311389473,0.0742365171725,1.92604723885,0.147455271495,-0.0202559545065,-0.132739955565,-0.00663629264572,-0.209856949112,-0.0108633651612,0.0817409047293,-0.035479829072,0.573916975078,0.818898749255,0.00221158039347,0.0,0.818858075671,-0.573856396697,-0.0118758064773,0.0,-0.00845611632152,0.00862686348912,-0.999927032999,0.0,0.651201883909,0.247390061824,0.303563620959,1.0,-0.0291445714286,-0.0383042938776,1.023
0.457050538098,0.489438814454,-0.124293902805,-1.44734850362,0.074003000217,1.92761895614,0.146829793564,-0.0247804069376,-0.163492929064,-0.000185188757886,-0.272904681251,-0.0109513705979,0.0981795403854,-0.0366452595425,0.573867250097,0.818933631226,0.00219859366377,0.0,0.818892437603,-0.57380637271,-0.0119234716079,0.0,-0.00850312855694,0.00864306799369,-0.999926494389,0.0,0.650624603778,0.246699968423,0.303516338856,1.0,-0.0366428571429,-0.0481591836735,1.041
0.456537828999,0.486119118369,-0.124338176882,-1.45254480991,0.0736949519003,1.92957397656,0.146079155279,-0.0309608197567,-0.210769849545,-0.00529697779913,-0.324325133089,-0.0228577627615,0.122872645858,-0.0433951108643,0.573880744712,0.818924003921,0.00226131627603,0.0,0.818883678674,-0.573819666964,-0.0118851801916,0.0,-0.00843563400949,0.00867259802452,-0.999926810383,0.0,0.650022734706,0.245892953343,0.303521103672,1.0,-0.043308,-0.0569190857143,1.057
0.455985174113,0.48246666787,-0.124438620019,-1.45823980695,0.0733485060056,1.93162189373,0.145186385803,-0.0356984902655,-0.242487286435,-0.00489740307689,-0.38024031509,-0.0146606241417,0.126480446891,-0.0636210999781,0.573861403064,0.81893758634,0.00225092318847,0.0,0.818897289835,-0.573800537441,-0.0118709239239,0.0,-0.00843012715668,0.00865570660649,-0.999927003185,0.0,0.649308423654,0.244931651258,0.303525799235,1.0,-0.0499731428571,-0.0656789877551,1.073
0.455314936371,0.47826513754,-0.124528262064,-1.46483005971,0.0729636651224,1.9339319228,0.144200173755,-0.0466937201597,-0.273099965595,-0.00699043300961,-0.431446335778,-0.0185100527359,0.149937963979,-0.0600523293371,0.573885027947,0.818921211762,0.00218415337693,0.0,0.818879864098,-0.573824241444,-0.0119270704047,0.0,-0.00851417471817,0.0086334925745,-0.999926483115,0.0,0.64846273743,0.243814038386,0.303504066956,1.0,-0.0566382857143,-0.0744388897959,1.089
0.454498479777,0.473222770183,-0.1245998554,-1.4726112201,0.0724821694208,1.93678069824,0.14307487737,-0.0526116686648,-0.307875787041,-0.00330823778179,-0.471634025226,-0.0253089534393,0.170309933851,-0.0764858324665,0.573929501701,0.818889818052,0.00226712782387,0.0,0.818849614601,-0.573868442266,-0.0118771435983,0.0,-0.00842520105873,0.00867324683872,-0.999926892716,0.0,0.647480697403,0.242504274008,0.303538715934,1.0,-0.06372,-0.0837462857143,1.106
0.453629296247,0.46791538071,-0.124651733562,-1.48062796999,0.0720000613978,1.93975885825,0.141812107136,-0.0548252051584,-0.348082052629,0.000183259363338,-0.515725410136,-0.029724484891,0.203793439218,-0.080564521812,0.573887647655,0.818918439418,0.00251084686741,0.0,0.818881301416,-0.573825552103,-0.0117642188818,0.0,-0.0081933054242,0.00880759502448,-0.99992764539,0.0,0.646402528581,0.241068376243,0.303651565477,1.0,-0.0708017142857,-0.0930536816326,1.123
0.452596302084,0.461791183949,-0.124700767143,-1.49006118946,0.0713819415499,1.94310306601,0.140314263878,-0.0633606813098,-0.37089194305,-0.00617618029712,-0.581381158145,-0.041152482062,0.196508874821,-0.083564047054,0.573827490857,0.818960576528,0.00251629301755,0.0,0.818923515159,-0.573765389152,-0.0117601629308,0.0,-0.00818750560628,0.00880912591272,-0.999927679411,0.0,0.645234317724,0.239555633371,0.303671808801,1.0,-0.0774668571429,-0.101813583673,1.139
0.451431839513,0.45511374736,-0.124771697781,-1.5004560562,0.0706942639525,1.94661473092,0.138769134526,-0.0665719928329,-0.409898335681,-0.00627281047452,-0.621825526192,-0.050353901174,0.21113285612,-0.0914488255844,0.573860014656,0.81893834742,0.0023267155906,0.0,0.818898592721,-0.573798390741,-0.0118848022377,0.0,-0.00839801633017,0.00872572490634,-0.999926664834,0.0,0.643827326129,0.237753477517,0.30362415871,1.0,-0.0845485714286,-0.111120979592,1.156
0.450172019648,0.447761815663,-0.124863702337,-1.51132195303,0.0699453500585,1.95070695078,0.137025521533,-0.0766758503248,-0.437048156936,-0.00223862669725,-0.662385087149,-0.0425138440856,0.249072332709,-0.104718776655,0.573821018953,0.818964283588,0.00277260113321,0.0,0.818931141219,-0.57375867875,-0.011554713444,0.0,-0.00787224521995,0.00890107822564,-0.999929396788,0.0,0.642445932786,0.235862236795,0.303853490944,1.0,-0.0916302857143,-0.12042837551,1.173
0.448693827577,0.439585917231,-0.124885485057,-1.52387986346,0.0691321160319,1.95505374631,0.135059213824,-0.0830223862303,-0.464671048451,-0.00141359837545,-0.708781672197,-0.0447543310467,0.240207871894,-0.11526386076,0.573775106114,0.818996523148,0.00275128616598,0.0,0.818962544098,-0.573712211726,-0.0116359951232,0.0,-0.00795154616982,0.00892981658125,-0.999928513089,0.0,0.640722015471,0.233696548706,0.303848881201,1.0,-0.0991285714286,-0.130283265306,1.191
0.447155919025,0.43122618121,-0.124925223737,-1.53643429661,0.0682806645663,1.95950687962,0.132997207699,-0.0958220142269,-0.509854103191,-0.00226162665241,-0.757566056046,-0.0445013028742,0.273602778211,-0.129886897414,0.573689193645,0.819055990918,0.0029563046303,0.0,0.819024674749,-0.573625640521,-0.0115305502889,0.0,-0.00774850333831,0.00903641251479,-0.999929149463,0.0,0.639016811996,0.231491082533,0.303963978149,1.0,-0.106210285714,-0.139590661224,1.208
0.445574213673,0.423043944747,-0.124964626717,-1.54895059495,0.0673864520871,1.9638246761,0.130932052528,-0.104698336189,-0.525902649315,-0.00245581669318,-0.831041491414,-0.0603713281046,0.2737974843,-0.140792139172,0.573608576501,0.819112621794,0.00290872553093,0.0,0.819080753129,-0.573545260219,-0.0115456153629,0.0,-0.0077890234914,0.00900531847193,-0.999929115164,0.0,0.637273535851,0.229250884907,0.303948691048,1.0,-0.112875428571,-0.148350563265,1.224
0.443849555055,0.414352589204,-0.125082853966,-1.56207457882,0.066431254368,1.96834067529,0.12882392825,-0.104652664908,-0.560515963486,-0.00791299083278,-0.854298380499,-0.0616570611889,0.304034288962,-0.129985687329,0.573663568695,0.819074053583,0.00292431179634,0.0,0.819042842588,-0.573600724424,-0.0114794532578,0.0,-0.00772528368358,0.00898065367421,-0.999929831464,0.0,0.635448285735,0.226819141723,0.303991471735,1.0,-0.119540571429,-0.157110465306,1.24
0.441854833224,0.404743979381,-0.125153685905,-1.57677637708,0.0654562182765,1.97333432943,0.126364966422,-0.12294581338,-0.572937364249,-0.00414742374666,-0.895214619521,-0.0575106256578,0.294565446066,-0.148593728703,0.573665543096,0.819072934196,0.00284956713769,0.0,0.819040059573,-0.573602138514,-0.0116066536461,0.0,-0.00787232962082,0.00899242003757,-0.999928578854,0.0,0.633346534771,0.22410950042,0.30392493542,1.0,-0.126622285714,-0.166417861224,1.257
0.439374759165,0.393343994966,-0.125311808595,-1.59371996059,0.0642458677314,1.97916942645,0.123449079374,-0.13683197256,-0.607991684781,-0.0115440018254,-0.895048275677,-0.0705399182794,0.311047804589,-0.160618344876,0.573757752998,0.819007610959,0.00305302577003,0.0,0.818977696158,-0.573694065506,-0.0114629533724,0.0,-0.00763689032377,0.00907749315099,-0.999929636037,0.0,0.630960638543,0.220835196618,0.304046053668,1.0,-0.134537142857,-0.176820244898,1.276
0.437466217852,0.384730576932,-0.125396521731,-1.60688099572,0.0632418726054,1.98347821841,0.121142652585,-0.132922670779,-0.624370700502,-0.00117297562083,-0.940752227809,-0.07049244653,0.302063034173,-0.171456686537,0.573714733211,0.819038646594,0.00280128235925,0.0,0.819005528693,-0.57365191854,-0.0115830577892,0.0,-0.0078801626929,0.00893980876799,-0.999928988906,0.0,0.629010409414,0.218309668584,0.303937228919,1.0,-0.140369142857,-0.184485159184,1.29
0.43495294693,0.373683507608,-0.125513314711,-1.6231802817,0.0620557994255,1.98896066142,0.118193883429,-0.151348882475,-0.644745809608,-0.00826328168581,-0.970608465898,-0.0656161309464,0.321843990699,-0.183890444474,0.573717364745,0.819036209193,0.00296990281624,0.0,0.8190052631,-0.573653991728,-0.0114988560346,0.0,-0.0077144313778,0.00902963326759,-0.999929474149,0.0,0.626622819518,0.215116133613,0.304040437101,1.0,-0.147450857143,-0.193792555102,1.307
0.432070691163,0.361587353207,-0.125671249857,-1.64105666844,0.0606532739016,1.99492648196,0.115037206438,-0.163445356895,-0.694976467178,-0.00931950347575,-0.999026309371,-0.0818541071705,0.342552226403,-0.189710193558,0.57385062805,0.818942574461,0.00304357075261,0.0,0.818913252757,-0.573787808259,-0.0113746408191,0.0,-0.00756895957047,0.00901993886467,-0.999930673374,0.0,0.623974905071,0.211516863285,0.304101692263,1.0,-0.154949142857,-0.203647444898,1.325
0.429150633763,0.349855250066,-0.125787315023,-1.65866476888,0.0593338232207,2.00054480285,0.111759901936,-0.174425928101,-0.698403930316,-0.00669803647576,-1.05628398874,-0.0785909378996,0.325270316462,-0.196345654284,0.573875472123,0.818926008721,0.0028074253069,0.0,0.818893036375,-0.573812691518,-0.0115731124062,0.0,-0.00786673793879,0.00894067851577,-0.999929086837,0.0,0.621257583636,0.207956190122,0.303983518536,1.0,-0.162030857143,-0.212954840816,1.342
0.426033339677,0.337570784458,-0.125935670424,-1.67648113268,0.0579380485172,2.00638817563,0.108357973807,-0.191399527575,-0.710349895532,-0.00848409533895,-1.06847009228,-0.0872491819425,0.340319621508,-0.203019581381,0.573941535379,0.818878995513,0.00300858361616,0.0,0.818848893441,-0.573878418624,-0.011436662516,0.0,-0.00763882857627,0.00902772482061,-0.999930071796,0.0,0.618363018743,0.204043743379,0.304107132251,1.0,-0.169529142857,-0.222809730612,1.36
0.422805682608,0.324965823635,-0.125993954126,-1.69491718709,0.056391438492,2.01227332777,0.104759963755,-0.190805248349,-0.756329266706,-2.88115495314e-05,-1.08981940954,-0.0933018603631,0.359114413454,-0.216461266653,0.5738082735,0.818972468682,0.00298457783067,0.0,0.81894246083,-0.573745723236,-0.0113946399444,0.0,-0.00761965434092,0.0089827091318,-0.999930623496,0.0,0.615603877304,0.20049084663,0.304116214185,1.0,-0.176194285714,-0.231569632653,1.376
0.419541730565,0.312766465762,-0.126024482552,-1.71274106496,0.0549702845372,2.01780410228,0.101233623025,-0.206883232819,-0.766956599214,-0.000527441728956,-1.11707805201,-0.0902073638448,0.34557940813,-0.234306106453,0.573736213078,0.819023279476,0.00289350647314,0.0,0.81899141574,-0.573673162796,-0.0115286657179,0.0,-0.0077824684309,0.00898434295018,-0.999929354888,0.0,0.612698994087,0.196799700778,0.304076451657,1.0,-0.182859428571,-0.240329534694,1.392
0.416071270265,0.300182814216,-0.126132966936,-1.73083278022,0.0534152375324,2.02348214049,0.0974798163025,-0.223165577031,-0.790915290746,-0.00881128656039,-1.14783263816,-0.0970660753107,0.344971319089,-0.235995380828,0.573641275328,0.819089550682,0.00295670512309,0.0,0.819058989457,-0.573578603258,-0.0114326101834,0.0,-0.00766857638739,0.00898010589106,-0.999930272886,0.0,0.609757733177,0.192927100028,0.304131303712,1.0,-0.189524571429,-0.249089436735,1.408
