position_joint1,position_joint2,position_joint3,position_joint4,position_joint5,position_joint6,position_joint7,velocity_joint1,velocity_joint2,velocity_joint3,velocity_joint4,velocity_joint5,velocity_joint6,velocity_joint7,ee_T_00,ee_T_10,ee_T_20,ee_T_30,ee_T_01,ee_T_11,ee_T_21,ee_T_31,ee_T_02,ee_T_12,ee_T_22,ee_T_32,ee_T_03,ee_T_13,ee_T_23,ee_T_33,v_x,v_y,w_z,time
0.4651310353448266,0.5472442179071765,-0.123979661986493,-1.3555575154140196,0.07947040968165221,1.8941880177249741,0.15914381090902996,-0.0005525529791646117,-0.0014383698429047576,0.0004869037197507941,-0.0007190408695598437,-8.048570513927919e-07,-0.00018349246369961129,-0.0009740466567762063,0.5737165060885073,0.8190377431726379,0.0027005187420650967,0.0,0.8190049618748584,-0.5736558684233952,-0.011426458286378924,0.0,-0.007809682543748531,0.008767454775087752,-0.9999310679218507,0.0,0.6617565122930742,0.26097456554535764,0.30373320322171077,1.0,5e-324,6.9510216124649e-310,6.9508094128859e-310,0.0
0.46512893559549007,0.5472411308196838,-0.12397753112044248,-1.3555566396826988,0.07946651473717788,1.8941883778261943,0.15914720514980038,-0.0011294195032159492,-0.0018457013812032837,0.0004946756761776273,0.00029910622658938706,-7.947736123580421e-05,0.000189715155022395,-9.382542384498057e-05,0.5737184325549265,0.8190363869071211,0.002702585809058438,0.0,0.8190036565167786,-0.5736578153292111,-0.011422277578115144,0.0,-0.007805051758298098,0.008766767635436074,-0.9999311101032293,0.0,0.6617571426747239,0.2609739470241424,0.3037357610692506,1.0,-2e-05,-2.6285714285714293e-05,-1e-05,0.002
0.46513094036248953,0.5472459514990359,-0.12397966197431591,-1.3555568781833607,0.07947030448400069,1.8941883256955634,0.1591446117093133,-0.0009823232471268043,-0.00011478471078364112,0.000581881857749002,-0.0004915211966326492,-7.253748904290498e-05,3.687643303247932e-05,-0.00023413782779064718,0.5737171828389429,0.8190372718242965,0.0026996998293785344,0.0,0.819004481801308,-0.5736565497513272,-0.01142666259160798,0.0,-0.007810312438318645,0.008766907721228151,-0.9999310677984874,0.0,0.6617567050279857,0.260974559553347,0.3037323049945023,1.0,-0.00032000000000000013,-0.00042057142857142884,-0.00016000000000000007,0.017000000000000008
0.46512796024441144,0.5472361641515281,-0.12397928719920656,-1.3555582935826977,0.07946999236532157,1.8941907498031818,0.15914929090936977,0.00036212733799635737,-0.0033216911915939524,0.0007789062637372556,0.0016967629712568908,-2.982982941592654e-06,-7.283193380698667e-06,0.0012965179551447435,0.5737231813009636,0.8190330393634083,0.0027089795583787185,0.0,0.8190003727205033,-0.5736625222305637,-0.011421338492174617,0.0,-0.007800563717737297,0.00877151080121398,-0.9999311035286129,0.0,0.6617578295935495,0.26097287920877477,0.3037387634988493,1.0,-0.0006800000000000005,-0.0008937142857142865,-0.00034000000000000024,0.035000000000000024
0.4651248021714223,0.5472022369446298,-0.12398031426608991,-1.3556049196844295,0.07946674449607227,1.894196116659247,0.15914227186640104,6.79438866419406e-05,-0.005137559941526059,-0.0004522896398060113,-0.005239892943798701,7.162341825763817e-05,0.0014664513063867527,0.002277600769316915,0.5737224044986342,0.8190336037987901,0.002702836635899406,0.0,0.8190008515438865,-0.5736617577979498,-0.011425397663237543,0.0,-0.007807420924411335,0.00876880095268237,-0.9999310737787686,0.0,0.661750350478751,0.26096494147100124,0.3037410942100326,1.0,-0.0010200000000000007,-0.0013405714285714297,-0.0005100000000000004,0.05200000000000004
0.46512408813570455,0.5470712682623685,-0.12397968974146613,-1.3557442315758277,0.07946624454549321,1.894219218581267,0.15914929090936977,-0.002191154753760935,-0.003961656099917194,0.0005459563894285014,-0.010246443695844055,0.0002633366409474053,3.5783265410957216e-05,-0.0007711695464380697,0.5737301049116984,0.8190281534823641,0.002719820304450089,0.0,0.8189955213157164,-0.5736692921283116,-0.0114291834794901,0.0,-0.0078006958398154636,0.008784956422504916,-0.9999309844609624,0.0,0.6617251088542039,0.2609525478672025,0.3037668851389871,1.0,-0.001360000000000001,-0.001787428571428573,-0.0006800000000000005,0.06900000000000005
0.4651099108440427,0.5469446117153773,-0.12398035132057304,-1.3559332649606761,0.07946139289421038,1.8942594307544345,0.159145248890291,-0.001937085274358867,-0.008202770305397795,-5.268487607726437e-05,-0.01244499514652385,0.0003272160506122022,0.00236194501552552,3.5518053285891075e-05,0.573753555805991,0.8190117661972633,0.0027075693212409626,0.0,0.8189788885025375,-0.573692680734156,-0.011447059029036344,0.0,-0.007822113930891439,0.008785402080898355,-0.9999308132285599,0.0,0.6616986970429628,0.2609228931396275,0.3037727684904217,1.0,-0.0016800000000000012,-0.002208000000000002,-0.0008400000000000006,0.08500000000000006
0.4650921959025957,0.5467819760582916,-0.12398285796079163,-1.3561366491894407,0.0794551754426517,1.894361349245902,0.15914057972667348,2.3647011864978488e-05,-0.009940039438045696,-0.007559113722019675,-0.014361513550687087,-0.001218937134203688,0.002870311204457382,-0.001672976445186464,0.5737758243271602,0.8189959844279298,0.0027618489860898035,0.0,0.8189638055893294,-0.573714773109864,-0.011418894488907427,0.0,-0.007767664720219392,0.008813909649462076,-0.9999309868093325,0.0,0.6616822288267403,0.2608936306870037,0.30380008088160826,1.0,-0.0020000000000000013,-0.0026285714285714306,-0.0010000000000000007,0.10100000000000008
0.4650722578180295,0.5465949278344974,-0.12397764730902752,-1.3563458300405828,0.07945525715314633,1.8944814272731938,0.15913655598644946,-0.000995874656317067,-0.011697050250238376,0.00029746745639976985,-0.012012754385280041,0.00025404167208921966,0.005369069235985059,-0.0014971097916544373,0.5737970821459473,0.8189807789020354,0.0028529302516519736,0.0,0.8189497061996878,-0.5737356689941,-0.011380146771726964,0.0,-0.007683441550662695,0.008866472110471563,-0.9999311728305363,0.0,0.6616671375681723,0.2608692513742815,0.30384325897294573,1.0,-0.0023200000000000017,-0.00304914285714286,-0.0011600000000000009,0.11700000000000009
0.465043185526743,0.5463830407724904,-0.12398035263223149,-1.3566281510084943,0.07944787179449776,1.8946119874354348,0.15913245450786895,0.0006091693343883779,-0.007494541045923391,0.00016026571137765723,-0.01747334038996287,0.00037572553575338413,0.008065615617121918,-0.0006841210785949067,0.5738333514575344,0.818955172602485,0.0029080790663525225,0.0,0.8189247823229597,-0.573771734870128,-0.011355353918963189,0.0,-0.007631099179932599,0.00889775012195794,-0.9999312958239046,0.0,0.661642635218958,0.26082538949334894,0.30387035602348306,1.0,-0.0026600000000000018,-0.003496000000000003,-0.0013300000000000009,0.1340000000000001
0.4650108810604232,0.5461398546418407,-0.12398327566984707,-1.3569751833335422,0.07943774966385962,1.8947296552123238,0.15911819266475527,-0.0002971381934020723,-0.015151629753609569,0.0007749440230797086,-0.024173150322250394,-0.0025899718306536023,0.009421617122429365,-0.0012191997761331155,0.5738722877299899,0.8189278385042287,0.0029222593225437486,0.0,0.8188975489992577,-0.5738105283359454,-0.011359080730419434,0.0,-0.007625591080412164,0.008911864223049085,-0.9999312121524881,0.0,0.661599275651788,0.2607681112653472,0.30388584512955347,1.0,-0.0030000000000000022,-0.003942857142857146,-0.0015000000000000011,0.1510000000000001
0.4649738663879163,0.5458440483749532,-0.12398353855831787,-1.3574353857347552,0.07941468664926636,1.894894624042761,0.1591070456822267,-0.0019064067354926182,-0.018956228429561937,-8.465450934468482e-05,-0.021052366910783733,-0.0008196978190819825,0.015972619219152048,0.00018618418271749653,0.5739077486269651,0.8189029669446696,0.0029280874908164485,0.0,0.8188727089737865,-0.5738459164698296,-0.011362110281187943,0.0,-0.0076243415625471544,0.008918705779568478,-0.9999311606820517,0.0,0.661548700145588,0.260702745676862,0.3038923636912314,1.0,-0.0033400000000000027,-0.00438971428571429,-0.0016700000000000013,0.16800000000000012
0.4649334517085621,0.5455403558973474,-0.12397833101243327,-1.35792724438706,0.07938530124695549,1.8950526944282113,0.1590819598661531,-0.004843443512648581,-0.02106739413747182,0.00160927641428916,-0.028908852280068544,-0.002951332988431508,0.010526280331534445,-0.009223392794254574,0.5739362495506866,0.8188830782601311,0.002903875361025548,0.0,0.8188524511969302,-0.5738744199680568,-0.01138245036510237,0.0,-0.007654583579103924,0.008910817891447015,-0.999930999956865,0.0,0.661486340754174,0.2606305945808221,0.3038867494104881,1.0,-0.0036800000000000027,-0.004836571428571433,-0.0018400000000000014,0.18500000000000014
0.46488166850423396,0.545200715881521,-0.12398924328743456,-1.3584830312061031,0.07933769960792193,1.895229626996912,0.15897734983999784,-0.009094425681592053,-0.02608860338595665,-0.0008583723669657585,-0.03343308001154725,-0.008751759401150094,0.011638224433984845,-0.006813744462907463,0.5739189185261578,0.8188953763710927,0.0028608420125104264,0.0,0.8188643138488917,-0.5738573600877426,-0.011389147427225445,0.0,-0.007684952883193319,0.008879259559234173,-0.9999310477472247,0.0,0.6614216534622986,0.2605328067204193,0.3038782670820651,1.0,-0.004020000000000003,-0.005283428571428576,-0.0020100000000000014,0.20200000000000015
0.46483542585712423,0.5448517772661784,-0.12399161121846052,-1.3590772498727832,0.0793043141685294,1.8954289720992887,0.15893626985437567,0.0004995880074926248,-0.024812691152016626,-0.0012311220340549271,-0.044563072851744524,0.00026437943659754384,0.012921529974956159,-0.0008632315793004981,0.5739490790628676,0.8188743733275304,0.0028217461860491153,0.0,0.818842767008201,-0.5738875914249607,-0.011415000132232202,0.0,-0.007728234749958152,0.00886236589618257,-0.9999308640392952,0.0,0.6613486012281389,0.2604430198165677,0.3038597391879732,1.0,-0.004340000000000004,-0.005704000000000006,-0.002170000000000002,0.21800000000000017
0.4647780506190229,0.5444393338507317,-0.12398928072681062,-1.3597684125517466,0.07927857554283746,1.8956583840197043,0.15892712324173608,-0.004084590968021446,-0.02361824056284299,0.0011536028919565237,-0.03881656530290974,-0.003964652708947473,0.01465929322881337,2.520898368527884e-05,0.5740185887050658,0.8188257648271329,0.0027881136120712783,0.0,0.8187935486140249,-0.5739569968054459,-0.011455892253957392,0.0,-0.007780272215436701,0.008858955104678684,-0.9999304907235836,0.0,0.661262268784651,0.26034119864262834,0.30384245445843083,1.0,-0.004680000000000004,-0.006150857142857149,-0.002340000000000002,0.23500000000000018
0.4647232521505144,0.5439977821346466,-0.1239921799683537,-1.3605053259169377,0.07924217731427805,1.8958918024937068,0.15888210941561365,0.0007626187949020948,-0.0284131255562016,2.892014177888251e-05,-0.03918472291122327,-0.003546482505837646,0.013273689823842937,-0.0021692709142534716,0.5740598831106427,0.8187969807900324,0.002738932881797127,0.0,0.8187640209553271,-0.5739983207808352,-0.01149576578806839,0.0,-0.007840706402151787,0.008841967899274397,-0.9999301690252091,0.0,0.6611680236873465,0.2602315526084191,0.303824452165591,1.0,-0.005020000000000004,-0.006597714285714292,-0.002510000000000002,0.25200000000000017
0.46466046104323316,0.5436203616682658,-0.12398783189477365,-1.3611356584805898,0.07920848698371986,1.8961247278935236,0.15883739309720007,-0.008031864244121358,-0.026545811135582593,-0.002208053163974993,-0.04448058489233304,-0.006047099399694015,0.013242586246843104,0.0011013997667537222,0.5740978732564964,0.8187703946122659,0.0027239181431638814,0.0,0.8187371802730176,-0.574036286955759,-0.011511637496118072,0.0,-0.007861911484615236,0.00883914984507482,-0.9999300274408326,0.0,0.661096683188344,0.26013304315466496,0.3038114958237305,1.0,-0.0053000000000000035,-0.006965714285714291,-0.0026500000000000017,0.2660000000000002
0.4645865537401078,0.5430301859902003,-0.12399309116703149,-1.362100215529485,0.07916235109434706,1.8964646350253183,0.15876250877696874,-0.00900653893215468,-0.0327291606427764,0.00024446569425780963,-0.05241796208335591,-0.001981745971299264,0.016792192395171452,-0.0029860799007462554,0.5741421541651723,0.8187394274407684,0.00269882673515088,0.0,0.8187057841177754,-0.5740805276153695,-0.011538360635962579,0.0,-0.007897718960198752,0.008834374378548518,-0.9999297874673827,0.0,0.6609810733194189,0.25998998722219474,0.3037995116215057,1.0,-0.005700000000000004,-0.007491428571428578,-0.002850000000000002,0.2860000000000002
0.4645215949902769,0.5425222009421563,-0.12400096665205596,-1.3629181508792805,0.07910908178278309,1.8967452042397162,0.15871347996765892,-0.0014295583368335064,-0.03234081533490459,-0.0015818855945116976,-0.053784022126436765,-0.0009995068235936712,0.01324028428222513,0.0011813616609509187,0.5741919314908754,0.8187046160280683,0.0026691583540657,0.0,0.8186706257439156,-0.574130438446777,-0.011549592814700025,0.0,-0.007923412444778455,0.008817014300985693,-0.9999297374286086,0.0,0.6608837443487857,0.2598624806209304,0.30379402777941295,1.0,-0.0060200000000000045,-0.007912000000000008,-0.0030100000000000023,0.3020000000000002
0.46443972820872287,0.5419591304596826,-0.12399697856578622,-1.3638232034543212,0.07904976813895086,1.897069419427672,0.15864076865013876,-0.0076330477493568956,-0.033208669443656344,-0.00022865925083943847,-0.0543518622885294,-0.005685441424310787,0.019142893566331882,-0.004782803122869761,0.5742311048585521,0.818677198171885,0.0026514727165568713,0.0,0.8186429807489529,-0.5741696680096438,-0.011558949319596038,0.0,-0.00794080591849633,0.008808287353678862,-0.999929676364923,0.0,0.660778387365508,0.25972304765582205,0.303789366015231,1.0,-0.0063600000000000045,-0.00835885714285715,-0.0031800000000000023,0.31900000000000023
0.464351183170669,0.541354888117346,-0.12400263597343544,-1.3647648848125165,0.0789905567210057,1.8974063519417785,0.15858686153292872,-0.0016431890851688244,-0.036683817875036495,-0.001615961679890333,-0.059233071179192805,-0.0015973669339348427,0.019293230054337786,-0.009839691317558257,0.5742998482688636,0.8186289886518747,0.002647662814171026,0.0,0.8185947523599378,-0.5742384493663097,-0.011557749753157289,0.0,-0.007941272096760266,0.008805146341619108,-0.9999297003266718,0.0,0.6606719932445427,0.2595706924251121,0.3037977299381668,1.0,-0.0067000000000000046,-0.008805714285714293,-0.0033500000000000023,0.33600000000000024
0.4642575310166933,0.5407006795473012,-0.12400323668787853,-1.3657577001406103,0.07893676639693123,1.8977625043118804,0.15848011066857348,-0.008079431899001045,-0.03038655378430881,0.00025399908968338965,-0.05357406840404,-0.003280822188197709,0.019661241120725446,-0.007186490456347874,0.5743301505152449,0.8186076695825454,0.0026661603438149504,0.0,0.8185736064314952,-0.5742686122815804,-0.011556760062055912,0.0,-0.007929512889256418,0.00882001404647216,-0.9999296626151059,0.0,0.6605586488280217,0.2594146697881801,0.30381850528025695,1.0,-0.0070400000000000055,-0.009252571428571438,-0.0035200000000000027,0.35300000000000026
0.4641748051959773,0.5400475125545288,-0.12400845867718012,-1.3667421481372035,0.0788895408733164,1.898136269604952,0.15844021996108504,-0.0027092784715921654,-0.04359613641039741,0.0008616269350978703,-0.06696679944564464,-0.005077646474687239,0.026179009542196183,-0.004199504435185378,0.5744108245387195,0.8185509304566485,0.0027066219742638486,0.0,0.8185173288950419,-0.5743490723315396,-0.011544362764289398,0.0,-0.007895255070293428,0.008846794251116355,-0.999929697118179,0.0,0.6604484084962517,0.2592664287655607,0.30384412781737236,1.0,-0.007360000000000005,-0.009673142857142866,-0.0036800000000000027,0.36900000000000027
0.4640565801172813,0.5392981208562911,-0.12401797205423183,-1.3679369489233004,0.0788121354349847,1.8985742324196295,0.15832616925351425,-0.006346273437441841,-0.03750640337072973,-0.0005766648778662662,-0.07142557607910831,-0.010665839438357453,0.02638303059698053,-0.01034777275676895,0.5744663658791164,0.8185119942525487,0.0026938150577459057,0.0,0.8184783015584741,-0.5744047325863639,-0.01154209519764329,0.0,-0.007900155342665527,0.008835544767613751,-0.9999297578801328,0.0,0.6603165902048347,0.25906803752668045,0.3038431810652083,1.0,-0.0077200000000000055,-0.010146285714285724,-0.0038600000000000028,0.3870000000000003
0.46396133321194405,0.5385977134619123,-0.1240233347522952,-1.3690148994072096,0.07874333750223174,1.8989845426834653,0.15827464021180937,-0.005202623874987904,-0.042455949848862494,-0.0012887047252368193,-0.0688436142934722,-0.005987542848464287,0.02622746308779048,-0.002588246516982669,0.5745471402425035,0.8184552217137014,0.002716724120198264,0.0,0.8184218957870713,-0.5744855003299204,-0.011522035765691933,0.0,-0.007869703237926073,0.008843549469464862,-0.9999299272467687,0.0,0.6601973552244447,0.2588999806019044,0.30386060311844587,1.0,-0.008040000000000005,-0.010566857142857152,-0.004020000000000003,0.4030000000000003
0.4638527580711269,0.5378369081752916,-0.12402570230381875,-1.3702225352147455,0.0786871449242022,1.8994539790166092,0.15820045485032855,-0.002215964543423785,-0.04557710544159908,-0.0005399415835494789,-0.07145194980314001,-0.003582598160068374,0.03428607883141609,-0.004782527360143035,0.5746287596377566,0.8183978356906252,0.0027419035873814277,0.0,0.8183647326416024,-0.5745669114191663,-0.011522828293752507,0.0,-0.007855001894158331,0.008865396412527218,-0.9999298493852915,0.0,0.6600633485511129,0.2587163168633304,0.30386390863922824,1.0,-0.008380000000000007,-0.011013714285714297,-0.004190000000000004,0.4200000000000003
0.4637525306261912,0.5370296272393054,-0.12404079080989758,-1.3714748548318498,0.0786073090610254,1.8999185525533988,0.1580604705857283,-0.0014666625426339153,-0.04796826239157225,0.0033803239355506415,-0.0727258426435304,-0.003765125983190243,0.023322731283433037,-0.00681410760254776,0.5746544693567126,0.8183797496842844,0.0027519186491309494,0.0,0.8183468722531746,-0.5745926939616959,-0.011505634293498289,0.0,-0.007834896608942932,0.008863958847429548,-0.9999300198657296,0.0,0.6599210427423179,0.25852195292615576,0.3038785734765091,1.0,-0.008720000000000007,-0.01146057142857144,-0.004360000000000004,0.43700000000000033
0.4636363778811025,0.5362086900426664,-0.1240520585923028,-1.3727943891032965,0.07852588906308823,1.9004045510061824,0.1579847094917729,-0.006786021694984918,-0.04504325999263447,-0.0013556137313143757,-0.07721214299464214,-0.0057833530004977735,0.023925308029222447,-0.0003699280725966412,0.5747462991491902,0.8183153160384697,0.0027353340521682375,0.0,0.8182822793890977,-0.5746846283559193,-0.011508087174241769,0.0,-0.007845440608831467,0.008852676338232696,-0.9999300371442514,0.0,0.6597708434264341,0.2583127102198495,0.303872476773571,1.0,-0.009060000000000007,-0.011907428571428583,-0.004530000000000004,0.45400000000000035
0.463533210388621,0.5353960529737432,-0.12405927780146418,-1.3740693896116265,0.0784513683694107,1.9008647293891943,0.1578989969686948,-0.003567619027552953,-0.047378650057615865,-0.000511324159181387,-0.08161444150037413,-0.0038824540102092896,0.03304141080847114,-0.0007233965514834506,0.5748156899813647,0.8182665855410786,0.0027321126259223253,0.0,0.8182334978252627,-0.5747540103286667,-0.01151162668605141,0.0,-0.007849437900003864,0.008852740149392191,-0.9999300052086152,0.0,0.6596206368977443,0.25811893986235473,0.30387920128927304,1.0,-0.009380000000000008,-0.012328000000000013,-0.004690000000000004,0.47000000000000036
0.46341422187515635,0.5344978616242289,-0.1240574600591598,-1.375488068739358,0.07838801824574251,1.901378436144489,0.15777237401661293,-0.004964889783121777,-0.05329238684853088,0.00018468302551820663,-0.07863134585018139,-0.0005999687728931091,0.026418009671104817,-0.007399396143180934,0.5748690066981262,0.8182291088595033,0.0027381479326682515,0.0,0.8181958805572912,-0.5748070540190917,-0.011536836229226482,0.0,-0.007866019925511225,0.008872681769018592,-0.9999296981532039,0.0,0.6594510950080872,0.2579094927387386,0.3038821240510852,1.0,-0.009720000000000008,-0.012774857142857155,-0.004860000000000004,0.4870000000000004
0.46329114220561,0.5335794710270316,-0.12406357944650125,-1.3769568283679174,0.07829254375657073,1.9019120540347223,0.1577085048864082,-0.008489581408514663,-0.05340337326195333,0.0017796660422569823,-0.08246702131073627,-0.004777529175232283,0.03531863402909942,-0.004297025329599878,0.5749765672311058,0.8181536007814174,0.00271653543007713,0.0,0.8181201553585611,-0.5749147424495726,-0.011541109627491452,0.0,-0.007880775860963474,0.008858490537138095,-0.9999297077881187,0.0,0.6592787081160305,0.25768325017588817,0.30387720810369934,1.0,-0.010060000000000006,-0.013221714285714297,-0.005030000000000003,0.5040000000000003
0.46316147555199527,0.5326589218056113,-0.12406408307026127,-1.3784361437528239,0.07822010317563863,1.90247100370241,0.15758109223642958,-0.006255464081853075,-0.05486176940841513,0.00023122184096261022,-0.08319860136187478,-0.0013602502458710545,0.027824481288416813,-0.004808868656210342,0.575040375701223,0.8181087311403972,0.00272346221820017,0.0,0.8180752384867409,-0.5749783660983345,-0.011555500636500488,0.0,-0.007887875973123515,0.00887304726474826,-0.999929522738913,0.0,0.659107742795429,0.2574601468114982,0.30387066766358783,1.0,-0.010400000000000006,-0.01366857142857144,-0.005200000000000003,0.5210000000000004
0.4630372051824996,0.5316974704062867,-0.12406456536505032,-1.3799689269180218,0.07812281279084639,1.9030511501956315,0.15744930156511308,-0.011081226046851647,-0.062128418367193856,0.000335575918555383,-0.09553549323710465,-0.009061276171954643,0.03601062608222104,-0.009864762357715674,0.5750922041714938,0.8180722907660382,0.002725927949950578,0.0,0.8180388731757203,-0.5750302284403345,-0.011549253415831696,0.0,-0.007880784956286191,0.00887197144492427,-0.9999295881966657,0.0,0.6589292164460738,0.2572322562117983,0.3038691112324847,1.0,-0.010740000000000008,-0.014115428571428584,-0.005370000000000004,0.5380000000000004
0.46291298306459006,0.5307745389125866,-0.12406388180437794,-1.3814503055397747,0.07803028202594549,1.9035873317634802,0.15735728759377007,-0.012510259431859811,-0.058122690600563576,8.927178860009452e-05,-0.09384154338250528,-0.00932623876181581,0.033147701933991976,-0.013290960614070901,0.5751738740654677,0.8180149458474648,0.0027036759974092897,0.0,0.8179812332540619,-0.5751119538935205,-0.011562414719656055,0.0,-0.007903463831370139,0.008862125717918404,-0.9999294965082418,0.0,0.6587519445487829,0.25700849199156345,0.3038608242942435,1.0,-0.011060000000000007,-0.014536000000000012,-0.005530000000000004,0.5540000000000004
0.46277757544483394,0.5297679798152196,-0.12407195747030386,-1.383085408290634,0.07793663039345879,1.9041743907625746,0.15724367191433378,-0.004349526508291601,-0.05616009756744078,0.0004528286651896851,-0.09372459018496823,-0.000867201629885426,0.03208467793369981,-0.009462605919635067,0.5752611041356709,0.817953723920593,0.002667300930020316,0.0,0.817919492129885,-0.5751992409563487,-0.0115881188481731,0.0,-0.007944468450383713,0.008848001816948337,-0.9999292966429617,0.0,0.6585556739613254,0.2567584101842151,0.3038427961669294,1.0,-0.011400000000000007,-0.014982857142857155,-0.005700000000000004,0.5710000000000004
0.4626367217402067,0.5287104181937761,-0.1240679969212658,-1.3847615653208152,0.07782148899378508,1.9047776373876864,0.15712026564225237,-0.010367594041572782,-0.06408654664154435,0.0016007882451615771,-0.0981323662076854,-0.007964575107325612,0.03884576865310716,-0.008946281596249158,0.5753324242494386,0.8179036284764561,0.0026463245302829758,0.0,0.8178691837186769,-0.5752706882981123,-0.011592256448568166,0.0,-0.007959148915797742,0.008833918368816238,-0.9999293044184621,0.0,0.6583537378629737,0.2565052033336615,0.3038418800813658,1.0,-0.011740000000000009,-0.0154297142857143,-0.0058700000000000046,0.5880000000000004
0.4624983718342382,0.5276065402361377,-0.12407859433163164,-1.3864946074067934,0.07771730857484241,1.9054374672826546,0.1570014512369243,-0.010723814496907583,-0.068470356551199,-0.0015715719720879224,-0.107276210812218,-0.009559805469949377,0.04211487167534911,-0.005956722662217253,0.5754217924326008,0.817840688291187,0.0026676338313739775,0.0,0.8178065731164463,-0.5753600330240077,-0.011575330118630938,0.0,-0.007932078779200047,0.008842475931889762,-0.9999294438837346,0.0,0.6581525852695983,0.25624464064936214,0.30385164815741356,1.0,-0.01208000000000001,-0.015876571428571445,-0.006040000000000005,0.6050000000000004
0.4623583226509069,0.5265491941983006,-0.12407876495720069,-1.388140673645696,0.07762225623645527,1.90607423875202,0.15688365962185213,-0.006346524087535479,-0.06378864283400844,0.000826928239730134,-0.10277871573754294,-0.004794134803071979,0.04224215940792694,-0.005634993639309636,0.5755036246138686,0.8177829720841251,0.002708417760079524,0.0,0.8177493727160613,-0.5754417053068369,-0.011556561653714586,0.0,-0.007892374754375542,0.008865820738666971,-0.9999295513401765,0.0,0.6579630306210381,0.2559986672559775,0.30386746915381213,1.0,-0.012400000000000008,-0.01629714285714287,-0.006200000000000004,0.6210000000000004
0.46220098836122636,0.5253982171214662,-0.12408999077345027,-1.3899472506723216,0.07750146118480414,1.9067392787804964,0.15674461664479125,-0.013919498870257466,-0.06546443505894695,-0.0016927261495341068,-0.10781882502321531,-0.008528859753124438,0.03558654559092875,-0.007307905920472438,0.57559128750809,0.8177212817685141,0.0027059173760933626,0.0,0.8176877743065067,-0.5755295050283881,-0.0115429412481606,0.0,-0.007881725172347254,0.008856782491882376,-0.9999297154361397,0.0,0.65775178875478,0.2557148885190896,0.30387526855449715,1.0,-0.01274000000000001,-0.016744000000000016,-0.006370000000000005,0.6380000000000005
0.4620501974608981,0.5242186333532836,-0.12408654438415867,-1.391802371136107,0.07739013893613454,1.9074048519934317,0.15662116281575364,-0.009686700192172557,-0.07042523977327153,0.0003339092481073463,-0.11442885826387711,-0.0044008202122811525,0.036683349994135216,-0.006860578832925977,0.5756808414677528,0.8176582648896089,0.0026976889928483714,0.0,0.8176245824318029,-0.5756189979792738,-0.011556741312522021,0.0,-0.007896776051861176,0.008858861960270817,-0.9999295782667675,0.0,0.6575238924148097,0.25544017221427,0.3038793681761772,1.0,-0.01308000000000001,-0.01719085714285716,-0.006540000000000005,0.6550000000000005
0.4618957737486797,0.5230457349793471,-0.12409219192406767,-1.3936909428688111,0.07727126135435892,1.908097495632975,0.1564691505550207,-0.0074414018594131225,-0.06677402171996724,0.0014776366645281398,-0.11487937353898764,-0.009712593915006063,0.04021694435241824,-0.011565961035259968,0.5757560816004096,0.8176053704226359,0.002672013737797162,0.0,0.8175713854183969,-0.5756943474181461,-0.011566978734585898,0.0,-0.007919113195357097,0.008844490609499725,-0.9999295288329362,0.0,0.6572961778040212,0.2551543684880233,0.30386518839818877,1.0,-0.01342000000000001,-0.0176377142857143,-0.006710000000000005,0.6720000000000005
0.46173626966891507,0.5218141384014057,-0.1240978905735794,-1.3956527268171,0.07715106044929369,1.90885038776545,0.15633555113789888,-0.005727733515188909,-0.07213485896811045,-0.0006713895899428743,-0.11224940552971055,-0.007117978071486616,0.04537676388434883,-0.012942650949341784,0.5758540583763763,0.8175363220548583,0.0026856049002231463,0.0,0.8175025638296529,-0.575792323521814,-0.011554445313530434,0.0,-0.007899980138544649,0.00884933349454227,-0.9999296373298038,0.0,0.6570655519920545,0.25486115695212935,0.3038623250875112,1.0,-0.01376000000000001,-0.018084571428571446,-0.006880000000000005,0.6890000000000005
0.4615796589914467,0.5206381660730567,-0.1241000285955535,-1.3975363258258273,0.07703369011766636,1.9095826991266704,0.1561884880098074,-0.007666703359537146,-0.07749101764193159,-0.0007957632129536309,-0.11671323269911757,-0.0027445349267277825,0.03725804027051756,-0.011609496408656064,0.5759325102542752,0.8174810076682777,0.0027004879326924967,0.0,0.8174475011234581,-0.5758707826746547,-0.01153999436319389,0.0,-0.007878745811378318,0.008853935500002824,-0.999929764128762,0.0,0.656845435495659,0.25457956794546216,0.30385537715527133,1.0,-0.014080000000000011,-0.018505142857142876,-0.0070400000000000055,0.7050000000000005
0.461407328456525,0.5193394370791171,-0.12410366751871439,-1.399586716589652,0.07690170937301342,1.9103224421558014,0.15604956011672994,-0.015343339408108041,-0.07885893664794572,-0.0003216209746331882,-0.11740900833401993,-0.007285388303918577,0.038214719792445104,-0.003928316623202085,0.5760357697401698,0.8174083043065714,0.002683827810001791,0.0,0.8173746140825765,-0.5759741198637238,-0.011545579317471199,0.0,-0.007891788992792692,0.008844529674303617,-0.9999297445127499,0.0,0.6565951367889503,0.2542668319368888,0.3038555586059203,1.0,-0.014420000000000011,-0.018952000000000017,-0.0072100000000000055,0.7220000000000005
0.46124273610038224,0.5180839711587008,-0.12410716167465731,-1.4015495934476052,0.07677452938216851,1.9110345565335027,0.15590577406550749,-0.010932657947435614,-0.07575510681324374,0.0008636924674269529,-0.12571748359830306,-0.009081872799196733,0.04732109008783009,-0.005598150414762169,0.5761249663189278,0.8173454469878936,0.002681487158889137,0.0,0.8173117688707403,-0.5760633604646272,-0.011542274333548659,0.0,-0.007889470767378948,0.008841573652386359,-0.9999297889483844,0.0,0.6563558925516028,0.25396802793086565,0.3038642460348817,1.0,-0.014740000000000012,-0.019372571428571447,-0.007370000000000006,0.7380000000000005
0.46105306574497346,0.516641780347355,-0.1241163065275593,-1.4037935898932972,0.07663215885404094,1.9118454165438556,0.15572999232450005,-0.009636989988503592,-0.07540125474934266,-0.0008029293568702578,-0.12610986489366516,-0.0063563614667044395,0.04549939434034438,-0.004676903514776992,0.5762229513561006,0.817276366436291,0.0026829268283723798,0.0,0.8172427476603707,-0.5761613740911475,-0.011537300513408563,0.0,-0.007883516016173764,0.00884083005888385,-0.9999298424885079,0.0,0.6560824826156353,0.25362285485989605,0.3038784750049891,1.0,-0.015100000000000011,-0.019845714285714303,-0.0075500000000000055,0.7560000000000006
0.46086286814930605,0.5152736799128136,-0.12412551912254687,-1.4059337406589072,0.07648840296229568,1.9126672839726564,0.1555637522285237,-0.006792475817956594,-0.08107360329347507,-0.00023978057328847635,-0.12672475743550154,-0.006214389691158176,0.041941302865477884,-0.009551249769446256,0.5763232661341982,0.8172055320770051,0.002712592184135625,0.0,0.8171724658531911,-0.5762617696374499,-0.011501339354092144,0.0,-0.007835945840363734,0.008845315405163742,-0.9999301767364409,0.0,0.6558333209074804,0.2532891969294486,0.30389068422796744,1.0,-0.015440000000000011,-0.020292571428571448,-0.0077200000000000055,0.7730000000000006
0.46069310745633896,0.5139677347261403,-0.1241234656285599,-1.4080399440183813,0.0763708924261041,1.913436037778749,0.1553999763411382,-0.011591411950165782,-0.07944677500717391,-0.00010575642098323881,-0.1299111291428108,-0.012988121739510151,0.05173388817382413,-0.01700139372814944,0.5764052572062344,0.8171477939009386,0.0026850119278411157,0.0,0.8171142391834427,-0.5763436917938949,-0.011533254278639101,0.0,-0.007877035260623999,0.008841960112651773,-0.9999298835702778,0.0,0.6555532721455462,0.25295990893758546,0.3038682650003759,1.0,-0.015780000000000013,-0.020739428571428593,-0.007890000000000006,0.7900000000000006
0.46050070216087907,0.5125790453162901,-0.12412425486471716,-1.410314348772884,0.07623967616868703,1.9142245546336125,0.1552270699342295,-0.011866563890437,-0.07623715798541404,-0.0004651738647900031,-0.13275484060453735,-0.009695397529825683,0.035614873967240473,-0.008708788604304449,0.5765061334920857,0.8170768730825123,0.002609295099769403,0.0,0.8170421643851346,-0.5764446144488938,-0.01159547286354607,0.0,-0.007970432057005261,0.008816935095732836,-0.99992936443948,0.0,0.6552791911117544,0.25263353429206153,0.3038290094278246,1.0,-0.016100000000000014,-0.021160000000000023,-0.008050000000000007,0.8060000000000006
0.4603067394613396,0.5111370549437303,-0.12412879777470683,-1.4126178934991684,0.07609613834201197,1.915073664694029,0.15504120848725575,-0.01272607252396654,-0.08836533194786793,0.0004994308341537689,-0.1390824452930775,-0.00039421938114733604,0.05019061224398686,-0.01352264242570789,0.5765976814431848,0.8170123225219927,0.002593357432162574,0.0,0.816977416040022,-0.5765362147148223,-0.01160352119320635,0.0,-0.007985209062172038,0.008809447479538601,-0.9999293125373105,0.0,0.6549959252277806,0.2522838140896994,0.3038161828296059,1.0,-0.016440000000000014,-0.021606857142857164,-0.008220000000000007,0.8230000000000006
0.46011054008615215,0.5096798988918236,-0.12412736003197898,-1.4149531161212487,0.07594184251091331,1.9159639222744203,0.15486538276101028,-0.006298314071189852,-0.09050679537784963,0.0004671751535310866,-0.14277308057865776,-0.006345403584653258,0.054898522811242814,-0.010259909726263531,0.5766934509654018,0.8169447256994108,0.002593389044932502,0.0,0.8169099135715938,-0.5766320757722946,-0.011592635601712604,0.0,-0.007975264752070055,0.008804131758307826,-0.9999294387186111,0.0,0.6547125968463536,0.25193367020155216,0.3038017994731397,1.0,-0.016780000000000014,-0.02205371428571431,-0.008390000000000007,0.8400000000000006
0.45991480356552217,0.5082758054216011,-0.12412480979866217,-1.4171870991839781,0.07580422459933549,1.9167560065937335,0.1546902823583306,-0.009807858463876155,-0.0845525293758014,0.0007934612394147557,-0.1401122617788049,-0.010522925893095957,0.046436585159787276,-0.017704623614655777,0.5767871754476848,0.8168786611179308,0.0025601075107053685,0.0,0.8168433382391571,-0.5767258148117855,-0.01162076611933693,0.0,-0.008016430119732243,0.008794084945192418,-0.9999291979525912,0.0,0.6544302370870363,0.25159196067477513,0.30378944870957736,1.0,-0.017100000000000014,-0.02247428571428574,-0.008550000000000007,0.8560000000000006
0.45970434815244005,0.5067539010203319,-0.12413544926274074,-1.4195682833266496,0.07565695270801974,1.91762302570566,0.15449412278884336,-0.005719994464461664,-0.08245002696826906,-0.0006887444574905613,-0.14080926991402373,-0.005838503718513374,0.050559923301125714,-0.014763824889480808,0.5769047291155367,0.8167956480226629,0.002559257035834414,0.0,0.8167603118670317,-0.5768433541650743,-0.011622590746654369,0.0,-0.00801714548278848,0.008795596483543416,-0.9999291789225907,0.0,0.6541215421455169,0.2511933293728579,0.30379287398205906,1.0,-0.017460000000000014,-0.022947428571428594,-0.008730000000000007,0.8740000000000007
0.45947841610939855,0.5051609581015926,-0.12413632938183868,-1.4220151782427402,0.07550306213801818,1.9185417207828237,0.1543106476866448,-0.012810535122677734,-0.09139024333031562,0.0005157866622600165,-0.14285843829031672,-0.00824992819877931,0.05537623312243157,-0.01747426897888253,0.5770097733854889,0.8167212756957529,0.002612689177270043,0.0,0.8166866773013124,-0.5769482529398848,-0.011590144492855916,0.0,-0.007958684368738866,0.008821544932409678,-0.999929417353107,0.0,0.653841323110614,0.2508403785977284,0.3038241981681745,1.0,-0.017780000000000015,-0.023368000000000024,-0.008890000000000007,0.8900000000000007
0.4592500649598127,0.5035222435751614,-0.12414231459967327,-1.4244919862315422,0.0753463496294338,1.9195038402020856,0.15411229468781223,-0.008267573135094302,-0.09158963814134928,0.0012488959373033175,-0.1422577533863443,-0.006580386210713389,0.05180879569855399,-0.01249501361976611,0.577123637838358,0.8166404965780254,0.002711622802774992,0.0,0.8166072857408062,-0.5770618946854988,-0.011526381835773876,0.0,-0.007848287097719342,0.008866649063573082,-0.999929891004372,0.0,0.6535491703584012,0.2504552082234201,0.3038735962330241,1.0,-0.018120000000000015,-0.023814857142857165,-0.009060000000000007,0.9070000000000007
0.4590182793390466,0.5018365394336607,-0.12415326027356655,-1.4269792363015938,0.0751879059563364,1.920436333802917,0.15391071476500987,-0.020945787111210968,-0.092794732117643,-4.761936543193519e-06,-0.14830008889996835,-0.00950415689060756,0.05009561213165023,-0.010825612689020866,0.5772377105707756,0.8165595193201116,0.0028149252079239474,0.0,0.8165276990034467,-0.5771756863476705,-0.01146694163412467,0.0,-0.007738882957409876,0.008917787234062377,-0.9999302889508945,0.0,0.6532664888994429,0.25008699276832047,0.3039454152793582,1.0,-0.018440000000000015,-0.024235428571428595,-0.009220000000000008,0.9230000000000007
0.45880370610444315,0.500218111732151,-0.12415009859462402,-1.4294151181979662,0.07503215687122813,1.9212980105182265,0.1537255049885721,-0.013703057275673352,-0.09637618395150457,-0.00011964605778089114,-0.15091142061972848,-0.010271193268351398,0.05562627895558634,-0.012809342950720743,0.5773439624859745,0.8164842635663477,0.002853634650894503,0.0,0.8164529484326831,-0.5772818105635006,-0.011447317996524344,0.0,-0.007699351862628878,0.008939070461229576,-0.9999304040782961,0.0,0.6529401657920743,0.2496895653672262,0.3039921436260573,1.0,-0.018780000000000015,-0.02468228571428574,-0.009390000000000008,0.9400000000000007
0.458555205073394,0.49854422773001006,-0.12415222455901952,-1.4320116991736749,0.07486830389791171,1.922259234769246,0.15352017457088588,-0.010044150999382644,-0.09616751954500001,0.00013294042039087205,-0.14894191686124467,-0.010856349020336343,0.06164522092792882,-0.017149617513213176,0.5774684019241378,0.8163961583999125,0.0028817061361953496,0.0,0.8163652209028032,-0.5774061657697963,-0.011432092220945498,0.0,-0.007669348939410292,0.008954369091283623,-0.999930497765231,0.0,0.6526211733745706,0.2492789282367841,0.30400703799962403,1.0,-0.019120000000000015,-0.02512914285714288,-0.009560000000000008,0.9570000000000007
0.45829889587801736,0.4968632128136726,-0.12415435780061783,-1.434667006171066,0.07469900812659777,1.923236496253873,0.15330413750806487,-0.017868572787789926,-0.09109916521455276,-0.00023077061254663325,-0.15295253781045107,-0.004703805683471359,0.05686135274738369,-0.012304664219728962,0.5775914835224806,0.8163090971907897,0.002878004007268592,0.0,0.8162781257850665,-0.5775292592583873,-0.011433414471874364,0.0,-0.0076712164175709585,0.00895326692172499,-0.9999304933094617,0.0,0.6522924308031427,0.24885668149710963,0.3039997452589107,1.0,-0.019460000000000015,-0.025576000000000026,-0.009730000000000008,0.9740000000000008
0.4580252083603617,0.4951959268539178,-0.12414971926625157,-1.437390036667796,0.07452768061914684,1.9241642583085226,0.1530966626593351,-0.015723663760847224,-0.09768539016333953,0.0018784746325517412,-0.16038167492559188,-0.007535425902187069,0.05760699892312573,-0.005479876449819506,0.5777329192491624,0.8162093872202754,0.0027671520651359723,0.0,0.8161768397942476,-0.5776708576981608,-0.011510571269688376,0.0,-0.0077966833260534885,0.0089086928895597,-0.9999299210045236,0.0,0.6519386811787489,0.2484154655434215,0.30394559384401726,1.0,-0.019800000000000016,-0.026022857142857167,-0.009900000000000008,0.9910000000000008
0.45774951542988257,0.4935161572207173,-0.1241615734424801,-1.4401599480505238,0.07436071409253311,1.925148472895112,0.152884844026973,-0.015029604899944638,-0.09693565294902151,-0.004155851604406035,-0.16105975485237556,-0.009105388967466519,0.05726023465403697,-0.00992780688087564,0.5778876521586537,0.8161001546979549,0.0026731789579233205,0.0,0.816066303675076,-0.577825778129212,-0.01157173438503051,0.0,-0.007899214594665416,0.008868824438776415,-0.9999294706937393,0.0,0.6515878384293693,0.24796248070514454,0.30388266422997023,1.0,-0.02433599999999995,-0.03198445714285708,-0.029539682261999718,1.0079999999999998
