position_joint1,position_joint2,position_joint3,position_joint4,position_joint5,position_joint6,position_joint7,velocity_joint1,velocity_joint2,velocity_joint3,velocity_joint4,velocity_joint5,velocity_joint6,velocity_joint7,ee_T_00,ee_T_10,ee_T_20,ee_T_30,ee_T_01,ee_T_11,ee_T_21,ee_T_31,ee_T_02,ee_T_12,ee_T_22,ee_T_32,ee_T_03,ee_T_13,ee_T_23,ee_T_33,v_x,v_y,time
0.465089336717,0.547496816736,-0.123994616085,-1.35573297963,0.0794151197407,1.89411408342,0.159148472713,1.6355246513e-05,-0.00127963372814,0.000904216411741,-0.000993375296979,-4.03009738571e-05,-0.000182984082282,0.000806276423702,0.573760022128,0.819008649656,0.00223957535529,0.0,0.818970180035,-0.573701244469,-0.011639295966,0.0,-0.00824799570314,0.0085124720344,-0.999929751726,0.0,0.66171233695,0.260900142242,0.303464664011,1.0,0.0,0.0,0.0
0.465083989945,0.547499600799,-0.123994770239,-1.35573348952,0.079418313394,1.89411525818,0.159141802888,-0.000601739958562,0.00187518898972,0.00100577063413,-0.000576541503676,-7.90102957883e-05,-5.07125631973e-06,-0.00145155469794,0.573762662268,0.819006808319,0.00223656326583,0.0,0.818968308502,-0.573703904434,-0.0116398714282,0.0,-0.00825016771079,0.00851036190459,-0.999929751769,0.0,0.661714968947,0.260894259736,0.303461532096,1.0,-0.00018,-0.000236571428571,0.01
0.46508552436,0.547498868376,-0.123997840079,-1.35573402097,0.0794176014794,1.89411488037,0.159145782617,-0.000180014063141,-0.00150396377906,-7.02348170107e-05,-0.000199650951897,-0.000286971717322,-0.000205215912572,-2.65913398671e-05,0.573763917842,0.819005924345,0.00223816257653,0.0,0.818967430444,-0.57370513872,-0.0116408152371,0.0,-0.00825001011021,0.00851222589826,-0.999929737203,0.0,0.661713798815,0.260896059322,0.303462895406,1.0,-0.00042,-0.000552,0.022
0.465089659743,0.547476223089,-0.123997729429,-1.3557546184,0.0794190254701,1.89411645063,0.15914034516,0.000340971134491,0.000770404190958,0.000231198421114,-0.00127894369607,0.000278564530671,-0.00012615531621,-7.7751208652e-05,0.573757471883,0.819010426081,0.00224328552754,0.0,0.818971966425,-0.573698641605,-0.0116418955201,0.0,-0.00824802275046,0.0085169764795,-0.999929713146,0.0,0.661708803816,0.260897049563,0.303469268383,1.0,-0.00084,-0.001104,0.043
0.4650865624,0.547428804125,-0.123997738359,-1.35579411024,0.0794158141309,1.89412348489,0.159148264803,-0.000548228097515,-0.0114695455635,-0.000228527744691,-0.00142429190298,0.000272433787313,0.000604854752944,0.00131583589199,0.57376776735,0.819003177635,0.00225634094053,0.0,0.818964886121,-0.573708887058,-0.011635081165,0.0,-0.00823484414264,0.00852386265517,-0.999929763087,0.0,0.661703395866,0.260890888022,0.303484667504,1.0,-0.00106,-0.00139314285714,0.054
0.465087049218,0.547251026373,-0.123997755753,-1.35599114026,0.0794147313537,1.89415767831,0.159143947273,-0.00153363059593,-0.0111284188707,-0.00108169960707,-0.00938789686093,-0.000299828046808,0.00501798208704,0.000515174804113,0.57377422983,0.818998590911,0.00227775546009,0.0,0.818960434517,-0.573715123091,-0.0116409249224,0.0,-0.00822727675478,0.00854481884743,-0.999929646519,0.0,0.661669675096,0.260872291037,0.303519782383,1.0,-0.00148,-0.00194514285714,0.075
0.465069820536,0.547138924954,-0.124000261731,-1.35615157562,0.079410054601,1.89419576043,0.159140780179,-0.00307729844136,-0.0116711521199,-0.000631129112282,-0.010331273011,1.25326837034e-05,0.00381874996711,0.00161881841322,0.573795081619,0.818983998065,0.00227203107284,0.0,0.818945710264,-0.573735933853,-0.0116511264477,0.0,-0.00823869887125,0.0085461936924,-0.999929540725,0.0,0.661648777585,0.260843694229,0.303526202478,1.0,-0.00174,-0.00228685714286,0.088
0.465051651197,0.546916426193,-0.123997877531,-1.35641010011,0.0794027556381,1.89434953817,0.15913001431,-6.20555213439e-05,-0.0114327449767,0.000172041527768,-0.0137094147326,5.54696458941e-05,0.000948095177944,7.65682398687e-05,0.573812285829,0.818971648303,0.00237630157836,0.0,0.818934701715,-0.573752750756,-0.0115966473038,0.0,-0.00813407239605,0.00860050010787,-0.999929931677,0.0,0.661630644314,0.260814562814,0.303574015286,1.0,-0.00216,-0.00283885714286,0.109
0.465027178018,0.546752503267,-0.123993266995,-1.35658663024,0.0793964459013,1.89444736459,0.159124421854,-0.0071983212894,-0.0149560960043,0.000120705622078,-0.0130977320447,4.2442710643e-05,0.00679729361598,0.000731401924678,0.573832838279,0.81895702403,0.00245222448449,0.0,0.818921043854,-0.573773018069,-0.0115583117257,0.0,-0.00805889548897,0.00864088342167,-0.999930192232,0.0,0.661619673225,0.260787866948,0.303614427604,1.0,-0.00242,-0.00318057142857,0.122
0.464987993783,0.546479124402,-0.12399814132,-1.35696930308,0.079376919771,1.89461105002,0.159098885142,-0.000609356829596,-0.0120636082471,5.74837872385e-05,-0.0227952106811,-0.00279761421704,0.0104144424063,0.000409357760439,0.573863742114,0.81893522866,0.00249872931873,0.0,0.818899871462,-0.573803782057,-0.0115311368853,0.0,-0.00800962809858,0.00866367728437,-0.999930390854,0.0,0.66158418915,0.260725243099,0.3036402341,1.0,-0.00284,-0.00373257142857,0.143
0.464967586273,0.546273618181,-0.124000925621,-1.35727172777,0.0793527527355,1.89471814226,0.159057526188,0.000111078396342,-0.0186709612381,-0.00105197393645,-0.0227426930578,-0.00169678818446,0.009212285532,-0.00924446451011,0.573858984722,0.818938546716,0.00250384875682,0.0,0.818903311145,-0.573799067905,-0.0115214395538,0.0,-0.00799879888312,0.00866225841778,-0.999930489832,0.0,0.66154889946,0.260680286226,0.303651161038,1.0,-0.0031,-0.00407428571429,0.156
0.464911158039,0.545931813762,-0.123993133307,-1.35783464361,0.0792954050929,1.89490345354,0.158916130364,-4.30809268974e-05,-0.012641807873,0.00186194927155,-0.0240676090676,-0.00122192903259,0.0113253677624,-0.0018870244555,0.573800111334,0.818979921165,0.00246330337908,0.0,0.818944284431,-0.573740472039,-0.0115272131881,0.0,-0.00802741385718,0.00863179062256,-0.999930523995,0.0,0.661481825451,0.260588426456,0.303640973503,1.0,-0.00352,-0.00462628571429,0.177
0.464870691872,0.54571127962,-0.124000356623,-1.35819111204,0.0792760109551,1.89502282007,0.158909396948,-0.00165997049378,-0.0138529043621,0.000190553302042,-0.0312012857967,0.000270454088004,0.0104309291241,0.000762295536306,0.573847498291,0.81894676364,0.00244825021059,0.0,0.818910934599,-0.573787907142,-0.0115354112442,0.0,-0.00804226617978,0.00862463180324,-0.999930466423,0.0,0.661442905508,0.260523021377,0.303638010311,1.0,-0.00376,-0.00494171428571,0.189
0.464806066283,0.54532399208,-0.124004128504,-1.35887635533,0.0792532517145,1.89525203745,0.158837863055,-0.00267675461528,-0.021489123732,-0.000361702756642,-0.0380857169258,0.000707785436899,0.0086961805811,-0.00349914261849,0.573876665797,0.818926473306,0.00239805624648,0.0,0.818889818405,-0.573817056845,-0.0115843639501,0.0,-0.00811085289667,0.00861190580912,-0.999930022123,0.0,0.661360449272,0.260413711596,0.303606011896,1.0,-0.00416,-0.00546742857143,0.209
0.464756724847,0.545001299455,-0.12400518807,-1.35941334441,0.0792242374712,1.89543207958,0.158744438896,-0.0066868966312,-0.0205095841964,-0.000442052879276,-0.0395609424798,0.00024166540855,0.00600540127863,-0.00624206327898,0.573863501841,0.818935777696,0.00237068892922,0.0,0.818898713968,-0.573803933427,-0.011605565342,0.0,-0.00814405884483,0.00860153008949,-0.999929841532,0.0,0.661296212968,0.260328484627,0.303594455341,1.0,-0.00444,-0.00583542857143,0.223
0.464669414588,0.544500758384,-0.124005247499,-1.36028321643,0.0791810653357,1.89572162779,0.158642681829,-0.00385437395597,-0.0210523391099,0.00124971316099,-0.0407744407645,-0.000135309390513,0.0172336481496,-0.00359376834641,0.573888576875,0.818918373023,0.00231226286367,0.0,0.818880423176,-0.573829079856,-0.0116527486573,0.0,-0.00821596448301,0.00858101134697,-0.999929429596,0.0,0.661199094505,0.260193079302,0.303561245862,1.0,-0.00484,-0.00636114285714,0.243
0.464627954163,0.544196502866,-0.124015150075,-1.3608082638,0.0791495925162,1.89589230935,0.158591174985,-0.00386571022332,-0.027684839704,-0.000653857573364,-0.0439104775029,-0.00241824562516,0.010605683397,-0.00105289191667,0.573908185704,0.818904772144,0.00226173444804,0.0,0.818866179075,-0.573848884051,-0.0116784391843,0.0,-0.00826579493235,0.00855457439171,-0.999929245442,0.0,0.661128506324,0.260101705649,0.303540251069,1.0,-0.0051,-0.00670285714286,0.256
0.464546206631,0.543581660064,-0.124008421071,-1.36179172625,0.0791033254375,1.89624114152,0.158463356765,0.000267856283745,-0.035480377798,0.00125332082257,-0.0504576983227,-0.0016870785512,0.0182859693236,-0.0119393110791,0.573908153509,0.818904817325,0.0022535304685,0.0,0.818865941156,-0.573848699696,-0.0117041519573,0.0,-0.00829156052966,0.00856261244301,-0.999928963323,0.0,0.661010308465,0.259959084851,0.303537186787,1.0,-0.00552,-0.00725485714286,0.277
0.464493230854,0.543198536144,-0.124016818526,-1.362423421,0.0790607208653,1.89646441492,0.158377788977,-0.00558474430628,-0.0277364334672,0.000382110144174,-0.0471042986329,-0.00225549505361,0.0198729531022,-0.0110442789621,0.573911134348,0.81890280072,0.00222704858749,0.0,0.818863640905,-0.573851841168,-0.0117110585721,0.0,-0.00831238277091,0.00854492054055,-0.999928941788,0.0,0.660937589238,0.259857508402,0.303527155129,1.0,-0.00578,-0.00759657142857,0.29
0.464403522599,0.542519067876,-0.124023301115,-1.36352594018,0.0789958166415,1.89684980893,0.158245818343,-0.00942459085429,-0.0323840698511,-0.000881877639295,-0.0574714116945,-0.00448967085478,0.016373850728,-0.00637782310806,0.573924988047,0.818893180978,0.00219388782934,0.0,0.81885356823,-0.573865795366,-0.0117315645951,0.0,-0.00834806179109,0.00852967517007,-0.999928774716,0.0,0.660806811007,0.25968816676,0.303516573734,1.0,-0.0062,-0.00814857142857,0.311
0.464356685556,0.542103746517,-0.124023704573,-1.36416385522,0.0789606584275,1.89708472276,0.158158799588,-0.004291974271,-0.0328729514573,0.000286254053819,-0.0556772713154,-0.00288464540162,0.024916844793,-0.0130146381338,0.573918416266,0.818897753852,0.00220615231412,0.0,0.81885826463,-0.573859141347,-0.0117292472715,0.0,-0.00833919412765,0.00853832146263,-0.999928774917,0.0,0.660731794537,0.25959696908,0.303527019498,1.0,-0.00644,-0.008464,0.323
0.46426420973,0.54133262502,-0.12402465502,-1.36535238985,0.078888164231,1.89751938079,0.157994926436,-0.00381746802803,-0.0336902571586,8.4144045674e-05,-0.0573886486803,-0.00379961313784,0.0244448853773,-0.0115286706031,0.57390719182,0.818905582027,0.00222031611862,0.0,0.818866268785,-0.573847856628,-0.0117225504768,0.0,-0.00832569867083,0.00854596253694,-0.9999288221,0.0,0.66059295339,0.259422131865,0.303544210442,1.0,-0.00686,-0.009016,0.344
0.464192520285,0.540833509266,-0.124024392943,-1.36612256954,0.0788376813682,1.89780672088,0.157900276195,-0.00754621682364,-0.0356721117609,0.00100800030682,-0.0636970568796,-0.00859657559811,0.021567107015,-0.000985270161169,0.573917433224,0.818898373489,0.00223173459314,0.0,0.818859238829,-0.573858085005,-0.0117129057316,0.0,-0.00831114052781,0.00854988189502,-0.999928909704,0.0,0.660507015429,0.259301391202,0.303555329729,1.0,-0.00712,-0.00935771428571,0.357
0.464080746992,0.539963956651,-0.124025113012,-1.36742958132,0.0787628550612,1.8982916616,0.157735677846,-0.00724927353981,-0.0394349806604,0.000227703229552,-0.0577576536903,-0.00475587298182,0.0170252188503,-0.0049120942895,0.573927021092,0.81889153607,0.00227453614563,0.0,0.818852915278,-0.573867468997,-0.0116952156746,0.0,-0.00827199008888,0.00857487593986,-0.999929020322,0.0,0.660358094024,0.259104226743,0.303589822879,1.0,-0.00754,-0.00990971428571,0.378
0.464005499582,0.539407685657,-0.124032139348,-1.36831503522,0.0787144689712,1.89862165885,0.157624954386,-0.0031797595062,-0.0390506135126,0.000134544670965,-0.0672137545247,-0.00727326221191,0.0226192756829,-0.00264952562521,0.573938988483,0.818883145749,0.0022755237145,0.0,0.81884452109,-0.573879413962,-0.011696812097,0.0,-0.00827260534277,0.00857672175812,-0.999928999402,0.0,0.660257710006,0.258967224558,0.303590258237,1.0,-0.0078,-0.0102514285714,0.391
0.463874619539,0.538523272477,-0.124027686712,-1.36968910661,0.0786354805982,1.89914219312,0.157459265587,-0.0103382351118,-0.0479525451333,0.00105857389065,-0.0667605299956,-0.00664956136652,0.0310730510544,-0.00130529529403,0.573962214282,0.81886678698,0.0023040527456,0.0,0.818828479553,-0.573902476359,-0.0116882677342,0.0,-0.00824899148713,0.00859541352467,-0.999929033985,0.0,0.660104252758,0.25875444794,0.303605973327,1.0,-0.0082,-0.0107771428571,0.411
0.463792402393,0.537938270306,-0.124036160847,-1.37061385255,0.0785770281488,1.89950427828,0.157344896924,-0.006972464828,-0.0460018879925,0.0005075283575,-0.0684882309832,-0.00976937541999,0.0289465218172,-0.00841915693367,0.573977359518,0.818856131433,0.00231811942055,0.0,0.818818086268,-0.573917651343,-0.0116712458163,0.0,-0.00822681993651,0.00859731448853,-0.999929200302,0.0,0.660004271038,0.258608285283,0.30361063587,1.0,-0.00846,-0.0111188571429,0.424
0.463656815552,0.536949705772,-0.124046077254,-1.37218708586,0.0784891832172,1.90008324047,0.157151488041,-0.00951527435962,-0.0473782374144,0.0013483471542,-0.0774318871595,-0.00826966377552,0.0228254491081,-0.0185933665108,0.57400015853,0.818840162416,0.0023137248562,0.0,0.818802023798,-0.573940425579,-0.0116782109753,0.0,-0.00823480648865,0.00859794308299,-0.999929129157,0.0,0.659823476134,0.258364357896,0.303610334575,1.0,-0.00888,-0.0116708571429,0.445
0.46356631672,0.536307302549,-0.124054164365,-1.37318217637,0.078427225286,1.90047134865,0.157033100505,-0.00502486641163,-0.0449932515894,-0.00259629611138,-0.0782307180726,-0.00549083626163,0.0411705213358,-0.00634599046021,0.574021267644,0.818825290811,0.00233972698455,0.0,0.81878756052,-0.573961511689,-0.0116559314979,0.0,-0.00820141616414,0.0086066576288,-0.999929328611,0.0,0.659715714101,0.258206577281,0.303624065168,1.0,-0.00914,-0.0120125714286,0.458
0.463422950104,0.535221703206,-0.124064839837,-1.37488408366,0.0783256688335,1.90107929036,0.15681990187,-0.0113599029355,-0.0559169023631,-0.000444433677918,-0.0906334734556,-0.00564613758199,0.0202613905409,-0.00749342861658,0.574037715212,0.818813785611,0.00233086024671,0.0,0.818775932597,-0.573977981324,-0.0116617346826,0.0,-0.00821108475194,0.00860289343723,-0.999929281655,0.0,0.659515594405,0.257942870073,0.303633140275,1.0,-0.00956,-0.0125645714286,0.479
0.463330296691,0.534536505633,-0.124070506804,-1.37598554807,0.0782788728074,1.90148023042,0.156687273101,-0.00826435229434,-0.0514109329829,-0.000322551202207,-0.088144910262,-0.00204373608338,0.033153784066,-0.0128021292321,0.574056858446,0.818800376849,0.00232659486031,0.0,0.818762301442,-0.573996962874,-0.0116844875446,0.0,-0.00823196291193,0.00861265419503,-0.999929025969,0.0,0.659385479322,0.25777635239,0.303627252364,1.0,-0.00982,-0.0129062857143,0.492
0.463173529364,0.533463503884,-0.124071473083,-1.37771099391,0.0781584420861,1.90211483189,0.156472187519,-0.00994276524662,-0.0600163719438,0.000814585177644,-0.0843500158296,-0.00614225079316,0.0296345720012,-0.00983744174509,0.574075218764,0.818787554753,0.00230874065161,0.0,0.818749368103,-0.574015512242,-0.0116795050648,0.0,-0.00823793905083,0.00859535986208,-0.999929125563,0.0,0.65917883237,0.257491348946,0.303621590047,1.0,-0.01024,-0.0134582857143,0.513
0.463066725016,0.532766760505,-0.124074320594,-1.37883513309,0.0781166052405,1.9025422659,0.156334175695,-0.0135926122532,-0.0529694682683,-0.0010521000076,-0.0830268077038,-0.0018332578937,0.0320703587114,-0.00764358475622,0.574098776516,0.818771024983,0.00231308284296,0.0,0.818732678444,-0.574038825482,-0.0117036314151,0.0,-0.00825495386484,0.0086130028147,-0.999928833427,0.0,0.659058692264,0.257331170023,0.303611201592,1.0,-0.01048,-0.0137737142857,0.525
0.462920709124,0.531614802155,-0.124071641663,-1.3806692385,0.0779890081627,1.90321711543,0.156102760196,-0.00614706484273,-0.055578307011,0.000715021195637,-0.0943134408791,-0.00707694486958,0.0328376067048,-0.00544640007032,0.574092716231,0.818775318928,0.00229721252144,0.0,0.818736868309,-0.574032930857,-0.0116996437724,0.0,-0.00826086297185,0.00859765838947,-0.99992891668,0.0,0.65884022734,0.257059088827,0.303608607249,1.0,-0.01088,-0.0142994285714,0.545
0.462814607889,0.530789443163,-0.124077513816,-1.3820040568,0.0779179129205,1.90369948211,0.155928081452,-0.00208517086297,-0.0563092397224,-0.000271798241199,-0.0965729130819,-0.000954495458576,0.0275943720866,-0.014229697275,0.574094290361,0.818774270638,0.0022773705736,0.0,0.818735470218,-0.574034482816,-0.011721315902,0.0,-0.00828998224704,0.00859387006094,-0.999928708255,0.0,0.658679314845,0.256859399674,0.303596906104,1.0,-0.01116,-0.0146674285714,0.559
0.462642750462,0.529593857364,-0.124082958095,-1.38393144121,0.0777893762433,1.90439034108,0.155673585472,-0.00946225558405,-0.0576012624303,-0.00121048006901,-0.0987170626251,-0.00244136318418,0.0340076289176,-0.0144406533033,0.574100522649,0.81877002016,0.00223402857259,0.0,0.818730728132,-0.574040950805,-0.011735779178,0.0,-0.00832664058184,0.00856674973615,-0.999928636381,0.0,0.658450914681,0.256556079052,0.30358179895,1.0,-0.01156,-0.0151931428571,0.579
0.462527975842,0.528711417352,-0.124080818316,-1.38530487093,0.0776996643711,1.90490522984,0.155490534902,-0.00517286451799,-0.0592338416485,0.000396370401732,-0.0991130743577,-0.00361276473244,0.0381942183526,-0.00869574258337,0.574093459907,0.818774926573,0.0022507351559,0.0,0.818735888142,-0.574033863777,-0.0117224403045,0.0,-0.0083062019218,0.00857269901081,-0.999928755383,0.0,0.65828962866,0.256350751418,0.303594055297,1.0,-0.01184,-0.0155611428571,0.593
0.462359582774,0.527344513526,-0.124084013281,-1.38742525455,0.0775763257912,1.90572540483,0.155195023439,-0.00188289311731,-0.0590163634389,0.000490409760772,-0.099265564388,-0.00978286762423,0.0382904269625,-0.0139743493219,0.574073403594,0.818788829706,0.00230792882649,0.0,0.818750519982,-0.574013582893,-0.0116935702696,0.0,-0.00824994105831,0.00860275124121,-0.999928963049,0.0,0.658043542155,0.256040001983,0.303618259989,1.0,-0.01226,-0.0161131428571,0.614
0.462250082781,0.526526504922,-0.124092219555,-1.38868555327,0.077481237555,1.90620590466,0.15501510063,-0.00649989270721,-0.0678152301087,-0.000625632175668,-0.107951140808,-0.00665423860679,0.0441968221643,-0.0180931972942,0.574063968988,0.81879538855,0.00232768105992,0.0,0.818757536624,-0.574004287767,-0.0116585053452,0.0,-0.0082099895728,0.0085986998132,-0.999929326719,0.0,0.657900695336,0.255841561545,0.303635910628,1.0,-0.0125,-0.0164285714286,0.626
0.462073674145,0.52514930665,-0.124093623142,-1.39084931014,0.0773486481212,1.906980369,0.154738173266,-0.00154445754726,-0.0717945477794,-0.000303756769829,-0.112883606178,-0.00432827150277,0.0351862834004,-0.017335779496,0.574063339553,0.818795861398,0.0023165578557,0.0,0.818757817325,-0.57400364885,-0.0116702432229,0.0,-0.00822599256633,0.00859632415746,-0.999929215623,0.0,0.657636461069,0.255517090043,0.303642001235,1.0,-0.0129,-0.0169542857143,0.646
0.461947192525,0.524265142451,-0.12409927023,-1.39227486543,0.0772519243448,1.90748613957,0.154535102403,-0.00781131908013,-0.06630049619,-0.00104977016791,-0.115884322893,-0.00576125854486,0.0407089222382,-0.0190804982265,0.574055039447,0.818801785396,0.00227921447985,0.0,0.818763319282,-0.573995551857,-0.0116824803705,0.0,-0.00825753579517,0.0085726889936,-0.999929158544,0.0,0.657464633603,0.255291745746,0.303629247294,1.0,-0.01316,-0.017296,0.659
0.461752003344,0.522782430724,-0.124107823484,-1.39464906708,0.0771191027633,1.90837283794,0.154223479491,-0.00888238405409,-0.0713944751363,-0.000291528994812,-0.117866966697,-0.00792183804646,0.0439184986081,-0.0137030250058,0.574057451567,0.818800099419,0.00227736519336,0.0,0.818761522452,-0.573997880375,-0.0116939975246,0.0,-0.0082680027266,0.00857781055993,-0.99992902813,0.0,0.657181122464,0.254934802449,0.303618641085,1.0,-0.01358,-0.017848,0.68
0.46163257827,0.521837118757,-0.124108517095,-1.3961320763,0.0770278096945,1.9089489294,0.154024916829,-0.00885200204161,-0.070737783989,0.00019814289183,-0.114752523673,-0.00843888233191,0.0366414757099,-0.0102658196678,0.574048027446,0.81880662198,0.0023075719965,0.0,0.818768462948,-0.573988373178,-0.0116746922704,0.0,-0.0082349543927,0.00859136665601,-0.999929184465,0.0,0.657007245289,0.254716627502,0.303626977099,1.0,-0.01384,-0.0181897142857,0.693
0.461441764956,0.52035982962,-0.12411776485,-1.39850051069,0.076872282807,1.90984247135,0.153698079567,-0.0126870628957,-0.0851392656193,-0.000692234863497,-0.115388859969,-0.00520796405419,0.0467997656336,-0.0174453863543,0.574028159455,0.818820586469,0.0022948263099,0.0,0.81878230216,-0.573968596138,-0.0116764386091,0.0,-0.00824390879513,0.00858173295783,-0.999929193407,0.0,0.65670851798,0.254343381713,0.303609264444,1.0,-0.01426,-0.0187417142857,0.714
0.461303189337,0.519282663372,-0.124118482127,-1.40020021897,0.0767703095544,1.91045312983,0.153468618479,-0.0134078180112,-0.0777975949032,7.33399572897e-05,-0.116803437362,-0.005651271135,0.047451531254,-0.0186545593698,0.574016650854,0.818828669444,0.00228944108991,0.0,0.818790337389,-0.573957131747,-0.0116765241539,0.0,-0.00824719047941,0.00857725666968,-0.999929204753,0.0,0.65651475919,0.254105648586,0.303615314597,1.0,-0.01452,-0.0190834285714,0.727
0.461097945605,0.517685194821,-0.124118463134,-1.40266796325,0.0765951756514,1.91133626487,0.153130742813,-0.014665590436,-0.0851237327776,-0.000102547228729,-0.125623307735,-0.0160150609672,0.042863198132,-0.0167750797166,0.573991264542,0.818846469327,0.00228796894153,0.0,0.818808254582,-0.573931895814,-0.0116605358554,0.0,-0.00823520881677,0.00856661851038,-0.999929394699,0.0,0.656211051111,0.253730726793,0.303638327447,1.0,-0.01492,-0.0196091428571,0.747
0.460955181261,0.516666877307,-0.1241217583,-1.40429453691,0.0764993591841,1.91193406325,0.152910024358,-0.00905674045596,-0.0764672272227,-0.000753422408613,-0.123488303468,-0.0086990667796,0.0477554095234,-0.0171286927127,0.573990016634,0.818847368172,0.00227932955722,0.0,0.818808994096,-0.573930630583,-0.0116708768926,0.0,-0.00824864858973,0.00856546727546,-0.999929293784,0.0,0.656014098444,0.253480545047,0.303630435125,1.0,-0.01518,-0.0199508571429,0.76
0.460720099621,0.514904741817,-0.124128771914,-1.40712034997,0.0763333909013,1.91300044615,0.152528552805,-0.0149967450343,-0.075344336221,-0.00193562507013,-0.129579797168,-0.0119393372682,0.0499968555245,-0.0194159664144,0.57397968357,0.818854607514,0.0022806804724,0.0,0.818816204266,-0.573920245325,-0.0116757243318,0.0,-0.00825195084457,0.00856925166963,-0.999929234113,0.0,0.655673215468,0.253055570855,0.303613756618,1.0,-0.01562,-0.0205291428571,0.782
0.460582391115,0.513903359455,-0.124133526504,-1.40871046929,0.0762341289347,1.91356121611,0.152306848566,-0.0107998217788,-0.0865346067408,-0.00166856476921,-0.134016686123,-0.00723877560796,0.0418248533738,-0.018826428033,0.573970947404,0.818860802046,0.00225506320519,0.0,0.818822041885,-0.5739115795,-0.0116922854883,0.0,-0.00828030680827,0.00855769239936,-0.999929098696,0.0,0.655475059976,0.252809015822,0.303607524704,1.0,-0.01586,-0.0208445714286,0.794
0.460342756357,0.512178965627,-0.124134338927,-1.41151738806,0.0760590269146,1.91454505396,0.151911984936,-0.00930843668745,-0.0825308725077,-0.000150575830837,-0.132827298015,-0.00660212012546,0.0495031665431,-0.0115086395035,0.573944052094,0.818879885925,0.00216896151249,0.0,0.818839913117,-0.573884915096,-0.0117493750305,0.0,-0.00837675386967,0.00851968020124,-0.999928619974,0.0,0.655119250407,0.252379617622,0.303564956721,1.0,-0.01628,-0.0213965714286,0.815
0.460199634552,0.511148921832,-0.124135257148,-1.41315066527,0.0759707706048,1.91516101073,0.151681655394,-0.0102603954357,-0.0888916473604,0.000154154297184,-0.135924559023,-0.00724348268902,0.0505137738596,-0.0247527445816,0.573935076752,0.818886134433,0.0021848131902,0.0,0.818846254328,-0.573875764853,-0.0117543688951,0.0,-0.00837183955049,0.00853543504476,-0.999928526771,0.0,0.654921281689,0.252132560059,0.303562330403,1.0,-0.01652,-0.021712,0.827
0.459961997103,0.509323630364,-0.124140166676,-1.41604566555,0.0757856795871,1.91624678212,0.151275069056,-0.0080000191249,-0.0855162981198,-0.00069064332516,-0.140258662466,-0.00207436439746,0.0462354230644,-0.0192173690535,0.57390117448,0.81890987783,0.00219107856711,0.0,0.818870135229,-0.573841900043,-0.0117440319688,0.0,-0.00836013205514,0.00853428685403,-0.999928634523,0.0,0.654566272586,0.251698349205,0.303556286141,1.0,-0.01694,-0.022264,0.848
0.459807278303,0.508181320324,-0.124140741899,-1.41786386201,0.0756611007751,1.9168941637,0.151026392346,-0.0106520152665,-0.0879325853696,-0.000528344324346,-0.139130965271,-0.0117727687554,0.0534151028629,-0.0233841681142,0.573885143534,0.818921195923,0.00215958319628,0.0,0.818881093135,-0.573826041438,-0.011754844717,0.0,-0.00838722789696,0.00851453652733,-0.999928575987,0.0,0.654336810744,0.251419910389,0.303546176399,1.0,-0.0172,-0.0226057142857,0.861
0.459554097493,0.506365038274,-0.124148539316,-1.42068399115,0.0754853836906,1.917937255,0.150629678654,-0.0165192166241,-0.0934045958947,-0.00128187544222,-0.146352776597,-0.0084814308328,0.049263438166,-0.0180545124006,0.573871656404,0.818930567959,0.00218946116482,0.0,0.818890862206,-0.573812450796,-0.0117377173113,0.0,-0.00835619631004,0.00852903722725,-0.999928712213,0.0,0.653992674272,0.250981420515,0.30356457992,1.0,-0.0176,-0.0231314285714,0.881
0.459389657806,0.505145856667,-0.124147135815,-1.42256102169,0.075368020627,1.91865329152,0.15038848196,-0.015143362744,-0.0937391836008,0.00089010519136,-0.142653495323,-0.0054611329776,0.0577229831845,-0.0201803128164,0.573871458817,0.818930580066,0.00223622210212,0.0,0.818891490479,-0.573812085827,-0.0117116984967,0.0,-0.00830805673051,0.00855239741193,-0.999928913819,0.0,0.653749094993,0.250672811592,0.303580779997,1.0,-0.01788,-0.0234994285714,0.895
0.459109032181,0.503102416896,-0.124147952686,-1.42562832987,0.0751685531621,1.91982908267,0.149943951775,-0.0121027885037,-0.0955166275051,-7.32671630479e-05,-0.151640185772,-0.0110139470832,0.0579083387234,-0.0289524882734,0.573843157563,0.818950064853,0.00235980865869,0.0,0.818912684611,-0.573783445317,-0.0116327023786,0.0,-0.00817274057548,0.00860798963826,-0.999929551931,0.0,0.6533982051,0.250224315615,0.303654557192,1.0,-0.01828,-0.0240251428571,0.915
0.458919515882,0.501706658137,-0.124150411505,-1.4277015136,0.0750340572122,1.92058004374,0.149657112331,-0.0102574280373,-0.0971815449294,0.00165114053526,-0.149740326286,-0.0158289590609,0.0518379381464,-0.0246623892949,0.573834727305,0.818955796145,0.00242004134349,0.0,0.81891921527,-0.573774822251,-0.0115982375307,0.0,-0.00811004120257,0.00863745612638,-0.999929808328,0.0,0.653141359494,0.249900792136,0.303707266386,1.0,-0.01856,-0.0243931428571,0.929
0.458637999393,0.499691181475,-0.124155728531,-1.43076033259,0.0748440675373,1.92166354183,0.149239760119,-0.0138467666568,-0.101424212339,-0.00291362912798,-0.156354481048,-0.0123270540237,0.0536003515877,-0.0160924769932,0.573831617678,0.818957870818,0.00245505158484,0.0,0.818921668237,-0.573771510192,-0.011588886254,0.0,-0.00808232656613,0.0086607310316,-0.999929831406,0.0,0.652755381703,0.249420514292,0.303751635764,1.0,-0.01896,-0.0249188571429,0.949
0.458441038534,0.498418435508,-0.12415392772,-1.43275763441,0.074717764559,1.92240893316,0.148944996514,-0.0141983822426,-0.0943902980385,-0.000656261356746,-0.152953355484,-0.00810265657562,0.0538194772364,-0.0208692735272,0.573817669799,0.818967596599,0.0024707183037,0.0,0.818931587137,-0.573757499074,-0.0115816556586,0.0,-0.00806756287008,0.00866927483464,-0.999929876593,0.0,0.652511129436,0.249103099787,0.303753125196,1.0,-0.01922,-0.0252605714286,0.962
0.45812032734,0.496345222539,-0.124156140757,-1.43605096209,0.0745108278028,1.92359748437,0.148464382901,-0.0151268682601,-0.0947884352539,-0.00674216781832,-0.156976075982,-0.00769134632622,0.058101356313,-0.0186547420191,0.573799038492,0.818980738758,0.00244128447421,0.0,0.818944283225,-0.573738903337,-0.0116051140497,0.0,-0.00810386102531,0.00865844594913,-0.999929676902,0.0,0.65209815925,0.248576701305,0.303733763746,1.0,-0.01964,-0.0258125714286,0.983
0.457913797682,0.495092295193,-0.12415112945,-1.43814000028,0.0743887448187,1.92430394592,0.148165931947,-0.0188051779268,-0.092073760318,0.000725291777847,-0.161326991406,-0.0104740719684,0.054873543779,-0.0152492914224,0.573792438157,0.818985668652,0.00233652684357,0.0,0.818947631169,-0.573732443492,-0.0116879249126,0.0,-0.00823186023326,0.00862010201996,-0.999928962636,0.0,0.651822915475,0.248242165392,0.30367349909,1.0,-0.0199,-0.0261542857143,0.996
0.457584626259,0.493054702004,-0.124152483448,-1.44141624368,0.0741739542963,1.92549476794,0.147710265674,-0.0132797688131,-0.107616493132,0.000916112682553,-0.170894603952,-0.0137210385565,0.0629133683702,-0.019720375329,0.573796199156,0.818983172081,0.0022874840647,0.0,0.818944510245,-0.573736398094,-0.0117124524247,0.0,-0.00828004798826,0.00859404866323,-0.999928789031,0.0,0.651412814892,0.247711571597,0.303636125499,1.0,-0.0208371428571,-0.0273859591837,1.016
0.457359058074,0.491692772922,-0.124154967839,-1.44361633858,0.0740339762532,1.92630768722,0.147402421639,-0.0222320211194,-0.105828652626,-0.000436803595788,-0.171975717775,-0.00617390814817,0.0637604300225,-0.0207357479056,0.573802926728,0.818978530138,0.00226171459034,0.0,0.818939528022,-0.573743215355,-0.0117268571451,0.0,-0.00830656075361,0.00858127764651,-0.999928678818,0.0,0.65114008747,0.247352983017,0.303607286765,1.0,-0.02158,-0.0283622857143,1.029
0.456993048946,0.489373298992,-0.124158950636,-1.44736285384,0.0737972304019,1.92761054382,0.146866191183,-0.0161514763042,-0.113378917087,0.00129041510793,-0.17916867259,-0.0106178003576,0.0621382053707,-0.0213531963516,0.573788636455,0.818988832785,0.00215391515374,0.0,0.818948282715,-0.573729189358,-0.0118014582941,0.0,-0.00842966085544,0.00853565211678,-0.999928039141,0.0,0.650652765954,0.246749419979,0.303550309913,1.0,-0.02278,-0.0299394285714,1.05
0.456739188995,0.487834626129,-0.124166723732,-1.44973819278,0.0736425423681,1.92850257079,0.146514479383,-0.0234866969549,-0.119972824473,-0.000210382180634,-0.180005648059,-0.0120723020784,0.0686918588026,-0.0258490809011,0.57379005461,0.8189877308,0.00219475077783,0.0,0.81894778392,-0.573730522565,-0.0117712187705,0.0,-0.00838144960781,0.00855175919478,-0.999928306789,0.0,0.650364332313,0.246354136957,0.303566588846,1.0,-0.0235228571429,-0.030915755102,1.063
0.456308874104,0.485235905439,-0.124182965093,-1.45368673434,0.0733959454441,1.93002047516,0.145931664807,-0.0196109851007,-0.132595573145,-0.00165150394432,-0.192121898526,-0.0117971859272,0.0674960130103,-0.0325728017952,0.573805441089,0.818976571681,0.00233189084539,0.0,0.818938501334,-0.573745490413,-0.0116871795426,0.0,-0.0082337729034,0.0086160082916,-0.999928982171,0.0,0.649892988231,0.245694463077,0.303623945988,1.0,-0.0247228571429,-0.0324928979592,1.084
0.456061721278,0.483712268478,-0.124206484949,-1.45603887958,0.0732462698198,1.93080953126,0.14557527672,-0.0220553920093,-0.121930880957,-0.00275011746139,-0.197524785205,-0.0157326108771,0.0614349085288,-0.0324989652165,0.57380751188,0.818975224028,0.00229535168477,0.0,0.818936650281,-0.573747665551,-0.011710081269,0.0,-0.0082734730499,0.00859924577895,-0.999928798773,0.0,0.649588137885,0.245291208835,0.303630894665,1.0,-0.0254085714286,-0.033394122449,1.096
0.455269656913,0.47887867988,-0.12425755827,-1.46350194041,0.0727873995338,1.93350342389,0.144466921949,-0.0231326896588,-0.135135471304,-0.000174336648113,-0.214155574779,-0.0152148673136,0.0771037694852,-0.0261788395666,0.573825222713,0.818962671297,0.00234599688803,0.0,0.818924680264,-0.573765109135,-0.0116924973915,0.0,-0.00822982618703,0.00863081084101,-0.999928887004,0.0,0.648648323057,0.244036255015,0.30366471111,1.0,-0.0274657142857,-0.0360977959184,1.132
0.45524199163,0.4787433632,-0.124259415055,-1.46371047505,0.0727739851177,1.93358604501,0.144432356902,-0.0223517103236,-0.13724945825,-0.000951708654554,-0.211930417894,-0.0112594997996,0.0777048562411,-0.0301296573117,0.573827433794,0.818961101511,0.00235315486716,0.0,0.818923218554,-0.573767309641,-0.011686890173,0.0,-0.00822110339376,0.00863347757578,-0.999928935737,0.0,0.648624876726,0.243997754751,0.303666404583,1.0,-0.0275228571429,-0.0361728979592,1.133
0.454800102696,0.476182968504,-0.124273732563,-1.46760140859,0.0725309452866,1.93500810866,0.14387991909,-0.0275452137552,-0.149456865627,-0.0020183928464,-0.219753829033,-0.0123825382622,0.0823462879193,-0.0326223992059,0.573869513644,0.818931392116,0.00242965396668,0.0,0.818894471279,-0.573809075505,-0.0116506084896,0.0,-0.00814704838891,0.00867572626265,-0.99992917618,0.0,0.648139909993,0.24333355809,0.303710754623,1.0,-0.0285514285714,-0.0375247346939,1.151
0.454479679163,0.474290961345,-0.124278267062,-1.47052417721,0.0723492049573,1.93606622393,0.143469764732,-0.0246772313446,-0.145409002819,-0.00316308947114,-0.222431199969,-0.0140270329911,0.0876099893019,-0.0300882053147,0.573890638819,0.818916516929,0.00245354386976,0.0,0.818879826858,-0.573830028466,-0.0116479395775,0.0,-0.00813092950519,0.00869396845017,-0.999929148939,0.0,0.647766758753,0.242845075377,0.30372044179,1.0,-0.0292942857143,-0.0385010612245,1.164
0.453978360411,0.471325944702,-0.124281807139,-1.47514182434,0.0720516018013,1.93766671947,0.142775863951,-0.0235071778525,-0.155621895069,-0.0017231855617,-0.231552791453,-0.00273852874107,0.0833533437663,-0.0382975392486,0.573874944269,0.818927647817,0.00240891734087,0.0,0.818890208642,-0.573814315427,-0.0116920700356,0.0,-0.00819284589519,0.00868259203075,-0.999928742397,0.0,0.647157752574,0.24207252445,0.303711120433,1.0,-0.0304371428571,-0.0400031020408,1.184
0.453643448131,0.469316720359,-0.124274458882,-1.47816856988,0.0718546694632,1.93883536751,0.142301934864,-0.0257628583787,-0.156278514721,-0.000573897093023,-0.232053772982,-0.017890779393,0.0917306901269,-0.0381403815266,0.573846339129,0.818947313998,0.00253433706216,0.0,0.818911549567,-0.573785318322,-0.0116202136355,0.0,-0.00806233257183,0.00874378329026,-0.999929270022,0.0,0.646781714934,0.241576352755,0.303759175558,1.0,-0.03118,-0.0409794285714,1.197
0.453070222058,0.465995895265,-0.124278652241,-1.48324303337,0.0714999434097,1.94067223476,0.141501435521,-0.0301872875281,-0.160880377688,-0.00030083634148,-0.24383048704,-0.0213384913921,0.0834348996237,-0.0344805143307,0.573805539834,0.818975733506,0.00258791134138,0.0,0.818940823121,-0.573744513963,-0.0115718548255,0.0,-0.0079924222379,0.00875950929679,-0.99992969362,0.0,0.646129540164,0.240715374825,0.303794661609,1.0,-0.03238,-0.0425565714286,1.218
0.452702329865,0.463897116591,-0.124287844159,-1.48655772138,0.0712760477851,1.94177337177,0.141004525876,-0.026106247905,-0.158907991256,-0.000680419952423,-0.255151987286,-0.0187276721609,0.0922781031533,-0.0432684939369,0.573800328542,0.818979702722,0.00248523551899,0.0,0.818943366359,-0.573739555606,-0.0116375225257,0.0,-0.00810517286598,0.00871304914398,-0.999929191967,0.0,0.645678838124,0.240147751745,0.303759777603,1.0,-0.0331228571429,-0.0435328979592,1.231
0.452108025572,0.460611575157,-0.124283491803,-1.49171278017,0.0709419094148,1.9436069979,0.140239327465,-0.0235573292806,-0.161354850364,-0.00206209423699,-0.264067771666,-0.016857243592,0.0871681338814,-0.0443084034193,0.573803651993,0.818977511423,0.00243959928231,0.0,0.818940413258,-0.573742859983,-0.0116823393338,0.0,-0.00816802778561,0.00870142294737,-0.999928781744,0.0,0.644960516282,0.239228167953,0.303723124555,1.0,-0.0343228571429,-0.0451100408163,1.252
0.45170127049,0.458437479818,-0.124283834997,-1.49509819373,0.0707157488965,1.94480819254,0.139720633318,-0.0314292121012,-0.167144450454,0.000835338673717,-0.262324310137,-0.0114092275725,0.0934989686534,-0.0395086781278,0.573809532754,0.818973389059,0.00244029417473,0.0,0.818936254417,-0.573748689034,-0.0116875974836,0.0,-0.00817187307134,0.00870506782172,-0.999928718602,0.0,0.644555389648,0.238684766191,0.30371716537,1.0,-0.0350085714286,-0.0460112653061,1.264
0.451014530845,0.454849415957,-0.12431759051,-1.50082440633,0.0703202459428,1.9467604878,0.138844794962,-0.0318910823212,-0.177475192772,-0.00180020612575,-0.276749487046,-0.0174324021549,0.0908069485585,-0.0434723811051,0.573833368113,0.818957197648,0.00226295427823,0.0,0.818917777133,-0.573773199715,-0.0117786452755,0.0,-0.00834794453372,0.00861231899139,-0.999928067305,0.0,0.643789032469,0.237664330585,0.303629031198,1.0,-0.0362085714286,-0.0475884081633,1.285
0.450593261947,0.452507254813,-0.124350312947,-1.50436686846,0.0700858669949,1.94803675237,0.138264496407,-0.034427562852,-0.179295946996,-0.00285203378285,-0.26530133454,-0.0226947275326,0.104379262964,-0.0511791733641,0.573824509221,0.818963248613,0.00231882288693,0.0,0.8189246491,-0.573764229145,-0.0117377745248,0.0,-0.00828250779399,0.00863453016648,-0.999928419915,0.0,0.643330183587,0.237036447654,0.303662873083,1.0,-0.0369514285714,-0.0485647346939,1.298
0.449922969516,0.44877650682,-0.124371978755,-1.50991083756,0.0697038147101,1.95008530966,0.137441568771,-0.0311617320446,-0.186157591781,-0.00155327211567,-0.286210824573,-0.0191724050078,0.0945739970939,-0.0443582512651,0.573861344887,0.818936900893,0.00250122004276,0.0,0.81890091449,-0.573800661981,-0.0116120393646,0.0,-0.00807448127282,0.00871211964233,-0.999929448373,0.0,0.642616459125,0.236066699262,0.303761225914,1.0,-0.0380942857143,-0.0500667755102,1.318
0.449465001797,0.446293719843,-0.124371659863,-1.51366236153,0.0694363420108,1.95131784216,0.136885242019,-0.0381950300244,-0.191088552095,0.000707653294832,-0.290675446273,-0.0223637042316,0.0931631729,-0.0465553256347,0.573874247153,0.818927972196,0.00246408407475,0.0,0.818891440038,-0.57381362411,-0.0116396357229,0.0,-0.00811825456819,0.00869767200112,-0.999929219717,0.0,0.642096575797,0.235405380876,0.303783651212,1.0,-0.0388371428571,-0.0510431020408,1.331
0.448741983592,0.442343851355,-0.124371644284,-1.51975122248,0.0690214477033,1.95351755833,0.135921016791,-0.0305795043276,-0.185461038248,-0.00036848412307,-0.292247785021,-0.019277861406,0.10500798774,-0.0456034219193,0.573833813891,0.818956181523,0.00250473184653,0.0,0.818920176863,-0.573773053305,-0.0116178367039,0.0,-0.00807750706231,0.00871805084119,-0.99992937224,0.0,0.641279766054,0.234360443712,0.303780070857,1.0,-0.0400371428571,-0.052620244898,1.352
0.448255953,0.439865089097,-0.124377337704,-1.52360753737,0.0687535113264,1.9548752767,0.135280406369,-0.0350591633024,-0.193094529308,-0.000133065163979,-0.299503419991,-0.0216067022225,0.109809068712,-0.0440029064762,0.573807667027,0.818974580401,0.00247887435595,0.0,0.818938240553,-0.573747000518,-0.0116311847025,0.0,-0.00810355390344,0.0087042755468,-0.9999292815,0.0,0.640759373489,0.233674576492,0.303757453841,1.0,-0.04078,-0.0535965714286,1.365
0.447433576385,0.435737830536,-0.124391852058,-1.52998994095,0.0683275731118,1.95708093654,0.134270747939,-0.0409902619898,-0.197105165686,-0.000583833383188,-0.298282342188,-0.0228192287993,0.10340656046,-0.048993143536,0.573826928986,0.818961220801,0.00243337118087,0.0,0.818924101508,-0.573766220142,-0.0116785056811,0.0,-0.00816821434851,0.00869435475133,-0.999928841703,0.0,0.639888938835,0.232526527392,0.303730180889,1.0,-0.04198,-0.0551737142857,1.386
0.446915030582,0.433040198567,-0.124407454442,-1.5339778477,0.0680468951796,1.95852705444,0.133633831336,-0.0389185682907,-0.201374861405,-0.00234440705559,-0.307762511918,-0.0224169136129,0.112338339478,-0.0461159576796,0.57383674275,0.818953978729,0.00255348686515,0.0,0.818918574609,-0.573775778605,-0.0115961609529,0.0,-0.00803174787219,0.00874556943282,-0.999929500536,0.0,0.639361339998,0.231806662957,0.303797545544,1.0,-0.0427228571429,-0.0561500408163,1.399
