position_joint1,position_joint2,position_joint3,position_joint4,position_joint5,position_joint6,position_joint7,velocity_joint1,velocity_joint2,velocity_joint3,velocity_joint4,velocity_joint5,velocity_joint6,velocity_joint7,ee_T_00,ee_T_10,ee_T_20,ee_T_30,ee_T_01,ee_T_11,ee_T_21,ee_T_31,ee_T_02,ee_T_12,ee_T_22,ee_T_32,ee_T_03,ee_T_13,ee_T_23,ee_T_33,v_x,v_y,time
0.465074391681,0.547780733694,-0.123907257443,-1.35585117791,0.0795647999893,1.89409873256,0.159147777729,0.000259007281765,-0.000940169186938,-0.000776923294028,0.000436443813128,0.000351815435543,0.00224263877513,-0.00324379078062,0.573757197611,0.819011286989,0.00198415608422,0.0,0.818967546196,-0.573697471875,-0.012004829967,0.0,-0.00869395329755,0.00851298094046,-0.999925969426,0.0,0.661650069959,0.260946195055,0.303203322263,1.0,0.0,0.0,0.0
0.465078815504,0.547785996426,-0.123902956424,-1.35585368367,0.0795640864521,1.89409872802,0.159153275281,0.0009118768144,-0.000247176259682,0.00143945947234,-0.00112397074365,0.000202318102204,0.00019496413759,7.56841533822e-05,0.573755028507,0.819012821291,0.00197806098183,0.0,0.818968981944,-0.573695310382,-0.0120101773731,0.0,-0.00870185248322,0.00851103411334,-0.999925917287,0.0,0.66164725162,0.260951126818,0.303198257535,1.0,-0.0002,-0.000262857142857,0.011
0.46507325261,0.547781404296,-0.123905549804,-1.35585677173,0.0795634761006,1.89409638848,0.159151749402,-0.000476273703003,0.000739353938938,3.80864268279e-05,-0.00111077710038,-7.82320607569e-05,0.00348729375672,-0.000585366561391,0.573760129084,0.819009251359,0.00197670519687,0.0,0.818965407183,-0.573700428683,-0.0120094491076,0.0,-0.00870198084411,0.00850956008203,-0.999925928715,0.0,0.661648280228,0.26094538116,0.303199922357,1.0,-0.00056,-0.000736,0.029
0.465072353007,0.547758530875,-0.123908656612,-1.35587863635,0.0795634746402,1.89410103711,0.159153733591,5.13041934499e-05,-0.00236305476265,-0.0020818392567,-0.00310433607173,-4.73031987904e-05,-0.000112268627951,-0.000249042339882,0.573765846543,0.819005233606,0.00198180917222,0.0,0.818961456548,-0.573706124191,-0.0120067753924,0.0,-0.00869680326647,0.00851226686108,-0.999925950721,0.0,0.661645749449,0.260941009958,0.30320622626,1.0,-0.0009,-0.00118285714286,0.046
0.465075079832,0.547678639382,-0.123905678613,-1.35596078853,0.0795639287328,1.89411586304,0.159150869468,0.00120354114969,-0.00925547031134,-0.000363827123898,-0.00708075912862,-0.000145980137559,0.000119793753267,0.000409000640463,0.57376375247,0.819006662465,0.0019975209744,0.0,0.818963006743,-0.573703881533,-0.0120081972389,0.0,-0.00868897529613,0.00852592824198,-0.999925902383,0.0,0.661630566375,0.260936918949,0.303224911398,1.0,-0.00122,-0.00160342857143,0.062
0.465068724901,0.547544374693,-0.123903041775,-1.35614131127,0.0795606183395,1.89414905604,0.159150172125,-0.000783813106781,-0.00978537808369,0.000427038807154,-0.0119923034782,7.60500332549e-05,0.000703533024002,0.0014794099641,0.573775510535,0.818998436623,0.00199279219194,0.0,0.818954591191,-0.573715532768,-0.0120254700057,0.0,-0.00870571291222,0.00853209077604,-0.999925704235,0.0,0.661600583329,0.260916290876,0.303236891922,1.0,-0.00156,-0.00205028571429,0.079
0.465050619713,0.547393233663,-0.123902938125,-1.35634870474,0.0795568088839,1.89424675161,0.159140583417,0.000626679328822,-0.00854009368774,0.00146865973171,-0.0143160619907,-0.00341121816529,0.0088416849645,-0.00490543222536,0.573793136105,0.818985991205,0.00203225741003,0.0,0.818942614152,-0.57373294225,-0.0120105205688,0.0,-0.00867064200637,0.00855602118934,-0.999925804482,0.0,0.661581425935,0.260887765549,0.303253718476,1.0,-0.0019,-0.00249714285714,0.096
0.465026826648,0.54720357346,-0.12390301941,-1.35655629677,0.0795546423632,1.89435626453,0.159126861051,-0.00179092754531,-0.0140702935251,0.000758855470024,-0.0139765269814,-7.71183679619e-05,0.00671595487949,-0.00174103065727,0.573822706234,0.818965068869,0.00211297962968,0.0,0.818922693844,-0.573762119377,-0.0119749227973,0.0,-0.00859486128054,0.00860201519229,-0.999926064114,0.0,0.661565671438,0.260853594638,0.303295544742,1.0,-0.00224,-0.002944,0.113
0.465001246998,0.547001807291,-0.123905179653,-1.35681077714,0.0795492803387,1.89448900247,0.159116439832,-0.00516698040128,-0.0139407750357,0.000180609165031,-0.0144284937188,-0.00194219664792,0.0118286274049,0.000344583781939,0.573839562473,0.818953060488,0.00218818622634,0.0,0.818911664397,-0.573778662904,-0.0119364488969,0.0,-0.00852002082518,0.00864170421671,-0.999926362385,0.0,0.661547943477,0.260819359858,0.303332140864,1.0,-0.00256,-0.00336457142857,0.129
0.464966817652,0.546754704795,-0.123908630837,-1.35718372294,0.0795404048813,1.8946272231,0.159087825892,-0.000538171106508,-0.0168340076624,-0.0008074478048,-0.0231376973211,-0.000562794967089,0.0098899068781,-0.00157583947038,0.573865247592,0.818935016716,0.00220519944998,0.0,0.818893739475,-0.573804171134,-0.0119399974197,0.0,-0.00851289324346,0.00865794029154,-0.999926282642,0.0,0.661506748304,0.260761511384,0.303341742288,1.0,-0.00292,-0.00383771428571,0.147
0.464925604506,0.546487250373,-0.123908393736,-1.35757300265,0.0795345529484,1.89477324064,0.158992414369,-0.00203028723831,-0.0202693333197,-0.000267061397191,-0.0283732749277,0.000349247870441,0.00311464741367,-0.0120292311227,0.573840911124,0.81895198532,0.0022363724135,0.0,0.818910956197,-0.573779549985,-0.0119423925449,0.0,-0.00849722492497,0.00868459049578,-0.999926184804,0.0,0.661464625538,0.260700660886,0.303358529002,1.0,-0.00324,-0.00425828571429,0.163
0.464888823656,0.546193387834,-0.123906122713,-1.3580397198,0.0795163864388,1.89493056408,0.158928035664,-0.00381984959544,-0.0221243088545,0.000616500540692,-0.0313414496595,-0.00397543914786,0.0158413965809,0.000727541188284,0.573837916525,0.818954102278,0.00222953408305,0.0,0.818912856627,-0.573776453486,-0.011960835156,0.0,-0.00851628482346,0.00868954215134,-0.999925979635,0.0,0.661406713985,0.260633842209,0.303358032849,1.0,-0.00358,-0.00470514285714,0.18
0.464843734155,0.545874139126,-0.12390405355,-1.35856719794,0.079496502295,1.89511297911,0.158889188342,-0.00220915788806,-0.023908390773,0.00133779945538,-0.0365942028164,-0.00431763231225,0.00776047521066,-0.00281421729889,0.573865746993,0.818934642897,0.00221404423858,0.0,0.818893054822,-0.573804200856,-0.011985438899,0.0,-0.00854502775801,0.00869126563066,-0.999925719442,0.0,0.661342791932,0.260555957941,0.303348755039,1.0,-0.00392,-0.005152,0.197
0.464783685879,0.545554209609,-0.12390571801,-1.3591311298,0.0794345730181,1.89530300913,0.158799271115,-0.00377318984849,-0.0213444537604,0.00155886281556,-0.0321291248138,-0.00885836328868,0.010236034411,-0.0049451631109,0.573857462993,0.818940613721,0.00215180571634,0.0,0.818898431915,-0.5737963961,-0.0119917025884,0.0,-0.00858595921845,0.00864380477125,-0.999925780217,0.0,0.661279087403,0.260455407756,0.303323293316,1.0,-0.00424,-0.00557257142857,0.213
0.464721600344,0.545161698284,-0.123909565152,-1.35981675425,0.0793911961097,1.89552107593,0.158713152105,-0.00161606124315,-0.0254290234067,0.000923838722603,-0.0399783349283,-0.00312002859949,0.0107325784158,-0.00216340346231,0.573867072367,0.81893405121,0.00208564683941,0.0,0.818890977734,-0.573806253413,-0.0120290079021,0.0,-0.00865437359794,0.0086111347188,-0.999925472311,0.0,0.661194848186,0.260343664754,0.303293810189,1.0,-0.00458,-0.00601942857143,0.23
0.464651716071,0.544713459047,-0.123907609627,-1.36056985844,0.0793656367681,1.89578217626,0.158646400218,-0.00705574499859,-0.0199858408764,-0.000183533834997,-0.0418932731257,-0.00441077735413,0.0155553645262,-0.00670676894178,0.573903443003,0.818908631058,0.00205888054498,0.0,0.818864981964,-0.573842509262,-0.0120690835378,0.0,-0.0087021710436,0.00861259959579,-0.999925044865,0.0,0.661104765095,0.260228663744,0.303275198131,1.0,-0.00494,-0.00649257142857,0.248
0.464586652453,0.54428369918,-0.123909662355,-1.36127940597,0.0793342918759,1.89603851727,0.158530555551,0.000777222144241,-0.0239592454413,0.00440399550585,-0.0487822796169,-0.00753806510669,0.01472191396,-0.00376710003324,0.573894529635,0.818914914213,0.00204426911377,0.0,0.818870958142,-0.573833545358,-0.0120897905148,0.0,-0.00872760760251,0.00861242306457,-0.999924824692,0.0,0.661023159904,0.260118203998,0.303263903494,1.0,-0.00526,-0.00691314285714,0.264
0.464519686645,0.543778319096,-0.123914765068,-1.36210085994,0.0792943483909,1.89632486952,0.158432158387,-0.00355447289473,-0.0290351846919,-0.000122038642926,-0.047946082114,-0.0024040892703,0.0205622875383,-0.00464350760144,0.573907420662,0.818905933586,0.0020227083303,0.0,0.818861596935,-0.573846431274,-0.0121121955383,0.0,-0.00875819346059,0.00860776279953,-0.999924597391,0.0,0.660925357889,0.259993079438,0.303255501692,1.0,-0.0056,-0.00736,0.281
0.464430457789,0.543238674965,-0.12391822763,-1.36295529116,0.0792483154816,1.89662126664,0.158318454585,-0.00761658618449,-0.0340302873209,-0.000565688528461,-0.0552808963943,-0.00108354253355,0.0207786219177,-0.00757479524006,0.573924988887,0.818893653542,0.00200953272052,0.0,0.818849074016,-0.573863985691,-0.0121271105816,0.0,-0.00877778443426,0.00860572149999,-0.999924443175,0.0,0.660828500499,0.259850432388,0.303256391893,1.0,-0.00594,-0.00780685714286,0.298
0.464363687356,0.542713968351,-0.123916137239,-1.36379402885,0.0792000696695,1.89692646545,0.158209719523,-0.00713361301445,-0.0369445789812,0.000441284989543,-0.055855111053,-0.00268947526385,0.0110818353434,-0.0111633607362,0.573922943033,0.818895102541,0.00200334624417,0.0,0.818850391914,-0.573861918148,-0.0121359573994,0.0,-0.00878860116844,0.00860571093098,-0.999924348253,0.0,0.660729508203,0.25972775773,0.303254700053,1.0,-0.00626,-0.00822742857143,0.314
0.464278196269,0.542123514093,-0.123926373713,-1.36471507206,0.0791483171422,1.89726969288,0.158097165285,-0.00957956099553,-0.0330578085372,-0.00182267365117,-0.0591335171811,-0.000884841311989,0.0286911666339,-0.00537960519116,0.573945358104,0.818879368381,0.00201316964851,0.0,0.818834801195,-0.573884301786,-0.0121294442249,0.0,-0.0087773941596,0.00861025735229,-0.999924407553,0.0,0.660628616511,0.259578686003,0.303263967565,1.0,-0.0066,-0.00867428571429,0.331
0.464193167452,0.541476327683,-0.123925290703,-1.36567629906,0.0790850924462,1.89762545153,0.157960068513,-0.00470233268735,-0.0402720912213,-0.000121490194028,-0.0553583722856,-0.0112575671804,0.0156736081922,-0.00425297824994,0.573938393137,0.818884166801,0.0020467406488,0.0,0.818840079568,-0.573877231234,-0.012107620147,0.0,-0.00874032885783,0.0086251473884,-0.9999246039,0.0,0.660520225875,0.259431464574,0.303294829912,1.0,-0.00694,-0.00912114285714,0.348
0.464111373107,0.540843829498,-0.123922756078,-1.36665075331,0.0790293932909,1.89799047076,0.157851477135,-0.00639332044095,-0.038751719228,-0.0010856451547,-0.0596770120042,-0.00242432003311,0.0203969454295,-0.0119782030496,0.573953855727,0.818873275332,0.00206817420835,0.0,0.818829429263,-0.573892560206,-0.0121013228847,0.0,-0.00872270805419,0.008639249168,-0.999924636029,0.0,0.660408482352,0.259287307899,0.303309696498,1.0,-0.00726,-0.00954171428571,0.364
0.464023209374,0.540125225449,-0.123927809077,-1.3677582874,0.078964431607,1.89839221205,0.157701057932,-0.000921874964619,-0.0408839282757,-0.00105136665096,-0.0665480721192,-0.00102268928326,0.0259695084262,-0.00559419816763,0.573950340695,0.818875711232,0.00207915184677,0.0,0.818831996461,-0.573888986028,-0.0120971148743,0.0,-0.00871299895365,0.00864578571934,-0.999924664182,0.0,0.660279313422,0.259120882417,0.303325408547,1.0,-0.0076,-0.00998857142857,0.381
0.463929443152,0.539382057358,-0.123928411886,-1.36890249149,0.0789043082769,1.89883570225,0.157568238494,-0.000136976917273,-0.0451681435008,-0.000857580821977,-0.0671373783206,-0.00269171338641,0.0285073613093,-0.000854623010564,0.573966141484,0.818864534278,0.00211892254023,0.0,0.818821285825,-0.5739045604,-0.0120832252518,0.0,-0.0086786324,0.00867054798835,-0.999924748637,0.0,0.660150593167,0.258952929387,0.303344396547,1.0,-0.00794,-0.0104354285714,0.398
0.463820186293,0.538671965568,-0.123930893659,-1.37000771,0.078839125331,1.89926265269,0.157430934915,-0.00647766465412,-0.0436608811596,0.000216023453854,-0.0715609496808,-0.00150705506287,0.0355656008355,-0.0128706984511,0.57398520318,0.818851115381,0.00214109080904,0.0,0.81880815319,-0.573923521513,-0.0120725566629,0.0,-0.00865697078547,0.00868277867064,-0.99992483028,0.0,0.660021251112,0.258765499065,0.303355084609,1.0,-0.00828,-0.0108822857143,0.415
0.463708421157,0.53784328084,-0.123941083691,-1.37131184113,0.0787624919022,1.8997523783,0.157262818604,-0.00880595659873,-0.0480945791199,-0.00476614013817,-0.0741965005567,-0.00674137198803,0.0253138600536,-0.012785097026,0.574001196055,0.818839868325,0.00215496392264,0.0,0.818797138771,-0.573939505001,-0.0120597280815,0.0,-0.00863833354192,0.00868694388747,-0.999924955284,0.0,0.65988423146,0.258573160409,0.303364396232,1.0,-0.00862,-0.0113291428571,0.432
0.463600507907,0.537017764258,-0.123938079495,-1.37260305749,0.0786865759975,1.90022934627,0.157117708505,-0.00444947492414,-0.0470194824613,0.00111252155474,-0.080420779041,-0.000336190862264,0.0296160935018,-0.0176328910276,0.57401943047,0.818827057488,0.00216570306238,0.0,0.818784422759,-0.573957645843,-0.0120597149974,0.0,-0.00863196530623,0.00869592208965,-0.999924932239,0.0,0.659733258095,0.258381352846,0.303373939216,1.0,-0.00896,-0.011776,0.449
0.463496963239,0.536224965015,-0.123940967814,-1.373837141,0.0786208101374,1.90069702151,0.156959003707,-0.00358066374838,-0.0502761005588,-0.000520433157357,-0.0748115830656,-0.00465952505601,0.0240200593822,-0.0150457529681,0.574026649364,0.818821928225,0.00219147869587,0.0,0.818779571525,-0.573964695742,-0.0120535553136,0.0,-0.00861204980959,0.00871356772039,-0.999924950352,0.0,0.659592199394,0.258196380313,0.303386832293,1.0,-0.00928,-0.0121965714286,0.465
0.463371615808,0.535282452973,-0.123941687257,-1.37533136242,0.0785326732926,1.90122968788,0.156777473293,-0.00472609957403,-0.0526130836768,0.0017613810626,-0.0839726094917,-0.00454755452987,0.0308136229059,-0.00673426447727,0.57403948021,0.818812974209,0.00217608093408,0.0,0.818770351697,-0.573977524684,-0.0120689370016,0.0,-0.00863334687248,0.00870992456785,-0.99992479844,0.0,0.659413709737,0.257970190378,0.303386956079,1.0,-0.00964,-0.0126697142857,0.483
0.463246701525,0.534386803385,-0.123943827699,-1.37678821728,0.0784515925564,1.9017594349,0.15659861054,-0.00796641160136,-0.054433354722,0.00124992611977,-0.0932152618304,-0.00302703111507,0.0380457543573,-0.0121717347955,0.574054961676,0.818802185788,0.00215137739076,0.0,0.818759149549,-0.5739930179,-0.0120920359572,0.0,-0.00866627672386,0.00870312072283,-0.999924572824,0.0,0.659241525403,0.257748238637,0.303371426123,1.0,-0.00998,-0.0131165714286,0.5
0.463128825899,0.533520708964,-0.123947685957,-1.37817410716,0.0783797135781,1.90226898359,0.156434019261,-0.00549240180651,-0.0524616965646,-0.000816769273267,-0.0883444720883,-0.00586779736659,0.0354147036673,-0.0118730395686,0.574076044251,0.818787415526,0.00214720610318,0.0,0.818744212244,-0.574014002728,-0.0121072907692,0.0,-0.00868093808296,0.00870868583006,-0.999924397195,0.0,0.659078757002,0.257538099407,0.303366962016,1.0,-0.0103,-0.0135371428571,0.516
0.462997506521,0.532585071093,-0.123947300497,-1.37969539409,0.0782953760846,1.90285275665,0.156244990671,-0.00650066711133,-0.0538813800713,0.000477275006433,-0.0946437994112,-0.00493203690264,0.0357259752504,-0.0105740115585,0.574089243169,0.818778160756,0.00214738171959,0.0,0.818734894954,-0.574027134171,-0.0121147811133,0.0,-0.00868683007182,0.00871326962455,-0.999924306093,0.0,0.658903925359,0.25730943965,0.303353215345,1.0,-0.01064,-0.013984,0.533
0.462867116292,0.531600312235,-0.123950873708,-1.38125683736,0.0781996621322,1.90342378774,0.156036175282,-0.00757409155891,-0.0574006441749,-0.000158004280196,-0.0896392409319,-0.0103657694063,0.0389238981588,-0.0100070718023,0.574086973649,0.818779770121,0.00214047378093,0.0,0.818736410169,-0.574024890923,-0.0121186701276,0.0,-0.00869400409913,0.00870982216871,-0.999924273778,0.0,0.65871936222,0.257072309304,0.303353770502,1.0,-0.01098,-0.0144308571429,0.55
0.46273651767,0.530658489235,-0.12395092429,-1.38281690772,0.0781015032321,1.90396305403,0.155835171477,-0.00861312584317,-0.0569894147774,0.00116880435743,-0.098770337151,-0.00494359890744,0.0372083456665,-0.0119650304446,0.574087727051,0.818779421286,0.0020707071902,0.0,0.81873508763,-0.574025887786,-0.0121607292708,0.0,-0.00876848416209,0.00867685311551,-0.999923910058,0.0,0.658526591488,0.256834176004,0.303321660687,1.0,-0.0113,-0.0148514285714,0.566
0.462589791436,0.529615502019,-0.123954059372,-1.38445160646,0.0780011090642,1.90456330021,0.155613078426,-0.0099926898163,-0.0619281351413,0.000617605849973,-0.0903479717084,-0.00260875754571,0.0372072374483,-0.0144176720471,0.574090011026,0.818777806048,0.00207616583493,0.0,0.818733544469,-0.574028148076,-0.0121579306726,0.0,-0.00876303488848,0.00867974027875,-0.999923932771,0.0,0.658335766315,0.256579893459,0.303330449251,1.0,-0.01164,-0.0152982857143,0.583
0.462447021989,0.528455116257,-0.12395170508,-1.38623919388,0.0778874388049,1.90525040352,0.155382758194,-0.00178287364246,-0.0641324377416,0.00168148671634,-0.0983524840483,-0.0102299711564,0.0394775840752,-0.0164353980342,0.574083114016,0.818782520404,0.00212353117366,0.0,0.818738939961,-0.574021106206,-0.0121270244382,0.0,-0.00871061162737,0.00870070513084,-0.999924208615,0.0,0.658127584113,0.256318569287,0.303356215619,1.0,-0.012,-0.0157714285714,0.601
0.462314329967,0.527474660188,-0.123953764178,-1.38776229243,0.0777878610254,1.90583714395,0.155148100046,-0.00858561824522,-0.0727627930028,0.000388349490471,-0.100068243095,-0.00834715450376,0.0403700728561,-0.0134454894528,0.574056791111,0.818800891827,0.00215569597895,0.0,0.818757824747,-0.573994740913,-0.0120999471885,0.0,-0.00867025632339,0.00871121752412,-0.99992446782,0.0,0.657953714662,0.256085841671,0.303372375687,1.0,-0.0123,-0.0161657142857,0.616
0.462156724056,0.526248386537,-0.123960426091,-1.38967162783,0.0776753972822,1.90655439037,0.154898114287,-0.0106650276015,-0.0705158215474,0.000399289833896,-0.107933828609,-0.00983213315835,0.0389166537566,-0.0157228565506,0.574058726973,0.818799459257,0.00218412635688,0.0,0.818756761469,-0.573996552705,-0.01208593948,0.0,-0.00864244610514,0.00872647526642,-0.999924575533,0.0,0.657729468716,0.255798224074,0.303388918202,1.0,-0.01266,-0.0166388571429,0.634
0.461996386843,0.525055406728,-0.123966160282,-1.39151230917,0.0775548216026,1.90721151494,0.15465248473,-0.0130740800986,-0.0748982962201,-0.000449298228895,-0.111710212305,-0.00861773574126,0.0449745233546,-0.00919057517677,0.574059344405,0.818799019123,0.00218684397623,0.0,0.818756408113,-0.573997210281,-0.0120786449784,0.0,-0.00863490656766,0.00872451951071,-0.999924657736,0.0,0.657508764156,0.25551174762,0.303409103708,1.0,-0.013,-0.0170857142857,0.651
0.461848567092,0.523951910518,-0.123971835926,-1.39329550668,0.0774447819052,1.90784888507,0.154408109399,-0.0132733206718,-0.0697579628809,-0.00103133694125,-0.107701820854,-0.00308284304168,0.0403822429197,-0.0173688548422,0.574050360087,0.818805420679,0.0021480344648,0.0,0.818762275066,-0.573988365306,-0.012101253,0.0,-0.00867579179819,0.00870562583773,-0.999924468505,0.0,0.657290894526,0.255239573551,0.303391762574,1.0,-0.01332,-0.0175062857143,0.667
0.461693990903,0.522734728718,-0.123964673828,-1.39521927848,0.0773282640012,1.90858772343,0.154150371933,-0.00429459152872,-0.0736170613784,0.00123453513261,-0.108161592229,-0.0105736596646,0.0464008604176,-0.00929226967016,0.574032730377,0.818817708207,0.00217533542765,0.0,0.818774893884,-0.573970595276,-0.0120903186672,0.0,-0.00865135501759,0.00872151658579,-0.999924541755,0.0,0.657061787027,0.254961079512,0.303395511185,1.0,-0.01366,-0.0179531428571,0.684
0.461531425325,0.521508258361,-0.123970288254,-1.39720270101,0.0772064610716,1.90935395055,0.153882333395,-0.0101861944084,-0.0734713235675,-0.00015451000139,-0.120193737437,-0.00831473529301,0.0389183413993,-0.0214506716342,0.574023838376,0.818823934422,0.00217814037908,0.0,0.818781206301,-0.573961742425,-0.0120831014972,0.0,-0.00864392988315,0.00871957658685,-0.999924622889,0.0,0.65682891186,0.254663975203,0.303379872114,1.0,-0.014,-0.0184,0.701
0.461377553337,0.520372558863,-0.123976693052,-1.39899582069,0.0770987299424,1.91000913355,0.153643815861,-0.0109561673963,-0.0732581105284,-0.00187968941337,-0.120172038031,-0.00311692617085,0.0481144790564,-0.0104869439084,0.574025615669,0.818822696751,0.00217502703691,0.0,0.818779905911,-0.573963510537,-0.0120872308498,0.0,-0.00864907932863,0.00871941643871,-0.999924579758,0.0,0.656612932548,0.254388328242,0.303381098359,1.0,-0.0143,-0.0187942857143,0.716
0.461194468977,0.518965218662,-0.123977147011,-1.40117551184,0.0769544927294,1.91079579276,0.153340922952,-0.012530144358,-0.0762362409605,0.000482402340748,-0.123504182968,-0.00605354430889,0.0464407231306,-0.0200078546843,0.574004601929,0.818837410522,0.00218151222686,0.0,0.818794750865,-0.573942518732,-0.0120784125111,0.0,-0.00863835971688,0.00871944300197,-0.99992467219,0.0,0.656346442673,0.254057756757,0.303399871368,1.0,-0.01466,-0.0192674285714,0.734
0.461023617303,0.51761661848,-0.123987514748,-1.40329074355,0.0768205047371,1.91155368553,0.153058142125,-0.00935868573251,-0.0752939773124,-0.000665434757888,-0.12468905053,-0.0107657420788,0.0448369058919,-0.0144191526764,0.573989205203,0.818848242439,0.00216681030109,0.0,0.818805418774,-0.573927214898,-0.0120824288726,0.0,-0.00865025078955,0.00870954744728,-0.999924655634,0.0,0.656070289776,0.253720309569,0.303402312339,1.0,-0.01502,-0.0197405714286,0.752
0.460847180674,0.51627260291,-0.123988459601,-1.40542782132,0.0766878204575,1.91234919929,0.152761786086,-0.00924152636627,-0.0796776113199,-0.000946318051162,-0.130402753687,-0.0085839526137,0.0456291483596,-0.0208687813827,0.57397587588,0.818857581337,0.00216847778913,0.0,0.818814770116,-0.573913870768,-0.0120825527821,0.0,-0.00864953699626,0.00871084316908,-0.999924650522,0.0,0.655825583041,0.253416340753,0.303400131775,1.0,-0.01534,-0.0201611428571,0.768
0.460656603737,0.514898089594,-0.123987013268,-1.40761782131,0.0765491165694,1.91317973321,0.152468851004,-0.0126812643841,-0.0788898438066,1.34794892823e-05,-0.128023765347,-0.00945269128128,0.0539276652348,-0.0151063164213,0.573969205378,0.81886223537,0.00217661747943,0.0,0.818819561283,-0.573907197503,-0.0120748339972,0.0,-0.0086386154411,0.00871300759639,-0.999924726078,0.0,0.655563282314,0.253084306676,0.303393490783,1.0,-0.01568,-0.020608,0.785
0.460470534562,0.513491775145,-0.123993887717,-1.40988152217,0.0764176233794,1.91396169337,0.152149020113,-0.0147326867014,-0.0822102144824,-0.00122980969674,-0.126381789081,-0.00995673493698,0.0468497726924,-0.0144998899609,0.573947830082,0.818877377775,0.0021155172762,0.0,0.818833738818,-0.573885920671,-0.0121245672227,0.0,-0.00871463601802,0.00869129330331,-0.999924255401,0.0,0.655274080111,0.25274004137,0.303369712536,1.0,-0.01602,-0.0210548571429,0.802
0.460285440054,0.512141110881,-0.123989870952,-1.41203930273,0.0762828986975,1.91472930025,0.15185003482,-0.0156308074169,-0.0865004848723,0.00138485803923,-0.138450176775,-0.0110477454527,0.0564303378281,-0.0155070272193,0.573928226592,0.818891204828,0.00208141260469,0.0,0.818847032353,-0.573866381691,-0.0121515625704,0.0,-0.0087565235838,0.00867865038173,-0.999923999273,0.0,0.655002366969,0.252413173364,0.3033553086,1.0,-0.01634,-0.0214754285714,0.818
0.46008741121,0.510698076298,-0.123998128867,-1.41435833459,0.0761403531969,1.91560684104,0.151515991602,-0.0118235043632,-0.0885525640656,-0.00127324865678,-0.13645835676,-0.00886683352972,0.0552569086335,-0.0272622442784,0.573905621106,0.818907056006,0.00207812132342,0.0,0.818862867057,-0.57384381991,-0.0121499879256,0.0,-0.00875736237057,0.00867480976884,-0.999924025254,0.0,0.654722239618,0.252058942363,0.303338356002,1.0,-0.01668,-0.0219222857143,0.835
0.459885675848,0.509217126034,-0.123998271656,-1.41670529261,0.0759981061385,1.9164765205,0.151187849061,-0.0116965029114,-0.0851415532007,0.000841116685026,-0.138355413315,-0.00888212254512,0.0525411651282,-0.0155943029978,0.57388609172,0.81892073502,0.00208095794338,0.0,0.818876527858,-0.573824225764,-0.0121547089883,0.0,-0.0087598077914,0.00867963316243,-0.999923961977,0.0,0.654433013955,0.251703817789,0.303333204953,1.0,-0.01702,-0.0223691428571,0.852
0.459685514418,0.507789978013,-0.124002398815,-1.41894921558,0.0758433842868,1.9172762126,0.150867229435,-0.0160123907337,-0.0895683196643,0.00446223721682,-0.13963146279,-0.00971351262788,0.0543821985131,-0.0208124190922,0.573864684031,0.818935797902,0.00205675407625,0.0,0.818891359743,-0.573803012141,-0.0121569362085,0.0,-0.00877574753011,0.00866086124665,-0.99992398498,0.0,0.654153263707,0.251352314335,0.303332970702,1.0,-0.01734,-0.0227897142857,0.868
0.459441994639,0.506056189788,-0.124014088193,-1.42166951699,0.0756729646404,1.91828629976,0.150501602512,-0.0141621916201,-0.0856155412164,0.000307819867244,-0.138759254887,-0.00612301823902,0.0547918956416,-0.02364230182,0.573867738744,0.818933621212,0.00207108138922,0.0,0.818889418863,-0.573806051234,-0.0121442225951,0.0,-0.00875708175388,0.00866533102919,-0.999924109899,0.0,0.653821979837,0.250927295539,0.303338388526,1.0,-0.01772,-0.0232891428571,0.887
0.459231629345,0.504519126496,-0.124017633822,-1.42400413664,0.0755335608618,1.91919156293,0.150187162976,-0.0143047436699,-0.0991427580218,7.80207955848e-05,-0.14850177372,-0.0102500974935,0.0580415131558,-0.0143007372606,0.573868005052,0.818933197692,0.00216272898355,0.0,0.818890219452,-0.573805945905,-0.0120951159827,0.0,-0.00866427207213,0.00871220542878,-0.999924511084,0.0,0.653544137501,0.250569800844,0.303379844501,1.0,-0.01804,-0.0237097142857,0.903
0.459014454732,0.502937114997,-0.124028691522,-1.42633541322,0.0753855578808,1.92006753356,0.14985130391,-0.0140853696765,-0.102186663375,-0.00280163644254,-0.141461997492,-0.00741826270163,0.0548511281841,-0.0256824423373,0.573858381848,0.818939659686,0.00226677674312,0.0,0.818898147697,-0.573795993858,-0.0120302964301,0.0,-0.00855158409473,0.00876011437808,-0.999925062595,0.0,0.653265335558,0.250201217892,0.303451326945,1.0,-0.01836,-0.0241302857143,0.919
0.458764402057,0.501147103814,-0.124033503973,-1.42904022685,0.0752033598285,1.92102832812,0.149476305878,-0.0116662223098,-0.0977270786981,-0.00142569933494,-0.158586447271,-0.0105518356788,0.0518945765992,-0.0241190454923,0.573848126323,0.818946756559,0.00229885604201,0.0,0.818905736096,-0.573785682016,-0.0120055571972,0.0,-0.00851302534753,0.0087720817921,-0.999925286699,0.0,0.652926611083,0.249773696726,0.303496780601,1.0,-0.01872,-0.0246034285714,0.937
0.458534448233,0.499526733204,-0.12403396235,-1.43147887917,0.0750536888216,1.92190588527,0.149146067077,-0.0152840371909,-0.107963491279,-0.000231437581699,-0.153881438329,-0.00884640425506,0.0509361918102,-0.0201424510628,0.57384998747,0.818945302852,0.00235153508833,0.0,0.81890490912,-0.573787265197,-0.0119862845697,0.0,-0.00846699357552,0.00880418238573,-0.999925395413,0.0,0.652622027328,0.249390834698,0.303542536567,1.0,-0.01904,-0.025024,0.953
0.458296015005,0.497957741871,-0.124036187436,-1.43396963875,0.074895437001,1.92283832034,0.148772531861,-0.0150670258286,-0.0992386715377,-0.000145737639783,-0.161762596193,-0.00865144150686,0.0585648515907,-0.0222509168527,0.57382482606,0.818962920259,0.00235608547134,0.0,0.818922603314,-0.573762106717,-0.0119817184821,0.0,-0.00846091349299,0.00880502869581,-0.999925439427,0.0,0.652316392229,0.248996958055,0.303532041215,1.0,-0.01936,-0.0254445714286,0.969
0.458029786073,0.496282191905,-0.124039672097,-1.43664683594,0.0747296750436,1.92378676334,0.148378900291,-0.0159955714161,-0.0944200033671,-0.00124250147414,-0.160981280448,-0.0131280385225,0.0602116698512,-0.0142394094379,0.573813546354,0.81897095385,0.0023103403341,0.0,0.818929933559,-0.573750904919,-0.0120170681684,0.0,-0.00851623388689,0.00878773254987,-0.999925121955,0.0,0.65197809601,0.248563595828,0.303507944074,1.0,-0.0197,-0.0258914285714,0.986
0.457746488235,0.494506083439,-0.124039701987,-1.43954073539,0.0745490331044,1.92478366204,0.147966616141,-0.0144508385429,-0.0956289903518,0.00127655299624,-0.159671360139,-0.0112120319104,0.0563168382083,-0.0174187065302,0.573804671377,0.818977455938,0.00220741282797,0.0,0.818934909292,-0.573742275833,-0.0120897546127,0.0,-0.00863491666493,0.00874505346601,-0.999924478275,0.0,0.651602517873,0.24809787452,0.303454260013,1.0,-0.023004,-0.0302338285714,1.004
0.457450835768,0.49231680395,-0.124118805496,-1.44274107679,0.0743737501015,1.92595385859,0.147497218469,-0.021612142154,-0.177796806962,-0.0102236670717,-0.253650569289,-0.0195260751897,0.0887178207292,-0.0411486957278,0.573832791463,0.818957381715,0.00234121279871,0.0,0.818916715937,-0.573769970793,-0.0120074924936,0.0,-0.00849047048226,0.00880772080843,-0.999925165182,0.0,0.651217060001,0.247559427945,0.303558567863,1.0,-0.038124,-0.0501058285714,1.019
0.456983737051,0.488381350985,-0.124171603774,-1.44889650455,0.0740703519395,1.92835473489,0.146560653278,-0.0364092803233,-0.251379866207,-0.000303863406212,-0.391268794875,-0.0209387802492,0.151045044741,-0.0562301133187,0.573714019408,0.819040060372,0.00251998847443,0.0,0.819001372067,-0.573650121911,-0.0119598112389,0.0,-0.00835013358951,0.00892555724,-0.999925302059,0.0,0.650444352812,0.246660146353,0.303575375642,1.0,-0.056268,-0.0739522285714,1.037
0.456235409845,0.483173619487,-0.124270023732,-1.45713557289,0.0736001723905,1.93146339368,0.145278720438,-0.0501285458786,-0.338944646388,-0.00545172213682,-0.528073805027,-0.0304835713412,0.188521209606,-0.0923504029533,0.573629671151,0.819098944231,0.00258202183899,0.0,0.819061055655,-0.573565531861,-0.0119295712755,0.0,-0.00829070012922,0.0089581620533,-0.999925505037,0.0,0.649417254985,0.245343153974,0.303542493315,1.0,-0.073404,-0.0964738285714,1.054
0.455209566698,0.476476815131,-0.124455502957,-1.46780905746,0.0729528042157,1.93511633787,0.143711947588,-0.0648158914074,-0.429540376143,-0.0110398413048,-0.669639312432,-0.0392754582141,0.231644389164,-0.094965813727,0.573665350943,0.819074836509,0.00228565676572,0.0,0.819032960705,-0.573602283317,-0.0120903578795,0.0,-0.00859201538666,0.00880801720556,-0.999924295187,0.0,0.648021408974,0.243537099924,0.303425509331,1.0,-0.09054,-0.118995428571,1.071
0.454009016192,0.468861159347,-0.124613933783,-1.47968991515,0.0722746908689,1.93929589436,0.141958697928,-0.0782097753611,-0.507628485542,-0.00607901025651,-0.752057879945,-0.0395192128298,0.281950377653,-0.119345416627,0.573714917287,0.819040284978,0.00222534647863,0.0,0.818997099078,-0.573651571141,-0.0121808673685,0.0,-0.00870021508312,0.00881106726562,-0.999923332737,0.0,0.646472431061,0.24153600464,0.303402371709,1.0,-0.106668,-0.140192228571,1.087
0.452397371528,0.458876098423,-0.12475104777,-1.4950752869,0.0713141502127,1.94492645327,0.139500160724,-0.0903588849399,-0.580373117326,-0.0073244834366,-0.913282681411,-0.0560545788095,0.326050868611,-0.142547244769,0.573584265657,0.819131280315,0.00240472483208,0.0,0.819090537041,-0.573520271164,-0.0120804633585,0.0,-0.00851649094871,0.00889902239218,-0.999924135513,0.0,0.644479514224,0.238955731873,0.303453098537,1.0,-0.124812,-0.164038628571,1.105
0.450983514245,0.450706826027,-0.124895946714,-1.50761773172,0.0704972596255,1.94930760245,0.137520877043,-0.114816332042,-0.658067810784,-0.0149367469984,-0.974031066607,-0.070239178918,0.36509341349,-0.159070720813,0.573580291268,0.819134116279,0.00238661225874,0.0,0.819093225559,-0.573516465825,-0.0120788315489,0.0,-0.00852558572249,0.00888320868045,-0.999924198623,0.0,0.642815447516,0.236754732282,0.303479699473,1.0,-0.137916,-0.181261028571,1.118
0.448496426355,0.436698729537,-0.125087432233,-1.52914988909,0.0690478573312,1.95679836188,0.134164992448,-0.131138325338,-0.738766014847,-0.0133825915304,-1.12458316582,-0.0727775879434,0.376505124732,-0.188878377992,0.573573536015,0.819139066941,0.00230969578235,0.0,0.81909727535,-0.573510142553,-0.0121044125635,0.0,-0.00859072865387,0.00883480633503,-0.999924069906,0.0,0.639890440439,0.232973673231,0.303472678066,1.0,-0.158076,-0.207757028571,1.138
0.445986387458,0.423288510306,-0.125271187764,-1.54930381248,0.0676734882294,1.96378778687,0.130811228171,-0.155011767844,-0.82104765701,-0.0143293759342,-1.21175597665,-0.0829186294107,0.416706351785,-0.209990692869,0.573508231461,0.819184290089,0.0024807700024,0.0,0.819144929418,-0.573444345992,-0.0119963978085,0.0,-0.00840483890996,0.00891231464922,-0.99992496185,0.0,0.63712505544,0.229329987039,0.303622932515,1.0,-0.175212,-0.230278628571,1.155
0.443303830539,0.409617447085,-0.125456252496,-1.56965769912,0.0662161554228,1.97096981698,0.127424783321,-0.17287788523,-0.865404089774,-0.0128054444815,-1.30115986546,-0.0882841459819,0.463121477415,-0.20854544791,0.573510683632,0.81918143636,0.00283142796381,0.0,0.819147538168,-0.573446464124,-0.0117136841758,0.0,-0.0079721137618,0.00903745426455,-0.999927382275,0.0,0.634322818831,0.225571607088,0.30382628416,1.0,-0.19134,-0.251475428571,1.171
0.440055257329,0.394012492339,-0.125652952422,-1.59284169699,0.0646762973625,1.97892706312,0.123452281538,-0.196645266528,-0.931019304717,-0.0112441606299,-1.3856652015,-0.0872444619971,0.476455628436,-0.247358392624,0.573565988875,0.819141500217,0.00316321506901,0.0,0.819111363188,-0.573500008549,-0.011621608856,0.0,-0.00770578660436,0.00925696320824,-0.999927462112,0.0,0.631029576061,0.221204100306,0.304004035037,1.0,-0.208476,-0.273997028571,1.188
0.436209892824,0.376414130928,-0.125874283394,-1.61906051682,0.0626658234902,1.98776266181,0.118785154758,-0.220298054703,-1.01179516529,-0.0118456840841,-1.48600299219,-0.117003847922,0.507481367475,-0.271556851865,0.573485701018,0.819197445551,0.00323153707815,0.0,0.81916908227,-0.5734205949,-0.0114709589301,0.0,-0.007544095587,0.00922578381094,-0.999928983246,0.0,0.627202342978,0.216138873135,0.304084667808,1.0,-0.22662,-0.297843428571,1.206
0.432626557918,0.360879227785,-0.126072611761,-1.64202046002,0.0609680558064,1.99538563658,0.114664910271,-0.245359783044,-1.08077534224,-0.0192360060638,-1.55536380388,-0.124894070321,0.541559201872,-0.286457465716,0.573543838009,0.819156244668,0.00335553335403,0.0,0.81912946537,-0.573478335207,-0.011413365469,0.0,-0.0074251468721,0.00929486063288,-0.999929233876,0.0,0.623771420169,0.211601145975,0.304162848989,1.0,-0.24174,-0.317715428571,1.221
0.427533982477,0.340026488437,-0.126369815162,-1.6726530212,0.0586219584925,2.00530739289,0.108886567253,-0.280018479974,-1.13130011133,-0.0156195135267,-1.60865759866,-0.133166385905,0.549602351317,-0.304955364601,0.573576815484,0.819132944018,0.00340641529281,0.0,0.81910680583,-0.57351114228,-0.0113911028792,0.0,-0.00737735254832,0.00932406998139,-0.999929315696,0.0,0.61906976603,0.205360337729,0.304232582726,1.0,-0.260892,-0.342886628571,1.24
0.423159558345,0.322879391829,-0.126544604815,-1.69782864656,0.056642670741,2.01343263057,0.103971482832,-0.299473020097,-1.17789671897,-0.0138253763119,-1.71033124866,-0.150812180734,0.559632003604,-0.33762239161,0.573465992942,0.819210541038,0.00340459872429,0.0,0.819184299968,-0.573400239362,-0.0114015387529,0.0,-0.00738820525288,0.00932756814924,-0.999929202942,0.0,0.614814085707,0.199841064007,0.304203491507,1.0,-0.27702,-0.364083428571,1.256
0.417762748153,0.302494785168,-0.126745611775,-1.72734562459,0.0541777724991,2.02267344597,0.0979682643957,-0.326968521406,-1.22548106446,-0.00951180005453,-1.7593515688,-0.159303404031,0.542031384634,-0.363321744917,0.573295513245,0.819329752413,0.00342902406599,0.0,0.819303955224,-0.573229875833,-0.0113703697861,0.0,-0.00735060474405,0.00932817455841,-0.999929474398,0.0,0.610293007611,0.194005896567,0.304235077204,1.0,-0.293148,-0.385280228571,1.272
0.412093767077,0.282491457292,-0.126983503885,-1.75610072319,0.0517802769004,2.03140575298,0.0920072633491,-0.366002261401,-1.26489846717,-0.0129710829827,-1.80142303107,-0.150994177996,0.553963892173,-0.387327121801,0.573307954431,0.819321344839,0.00335710863781,0.0,0.819294172264,-0.573241961391,-0.0114655962056,0.0,-0.00746971597757,0.00932395656462,-0.999928631042,0.0,0.605491573145,0.187759129783,0.30422514979,1.0,-0.309276,-0.406477028571,1.288
0.405075709457,0.259071570694,-0.127343704181,-1.78940808551,0.0488899786894,2.04129543623,0.0847331648668,-0.407489995724,-1.30786049403,-0.0243995372623,-1.87345660645,-0.177795146997,0.554562575298,-0.413292289636,0.573324408573,0.819310178874,0.00327112049624,0.0,0.819281693922,-0.573258426655,-0.0115338273896,0.0,-0.00757473062963,0.00929277282259,-0.999928131332,0.0,0.599795427441,0.180273695197,0.304217529533,1.0,-0.32742,-0.430323428571,1.306
0.398616913526,0.238837657948,-0.127695743958,-1.81769317215,0.046323847911,2.04958059686,0.0782904359173,-0.441746758868,-1.36129980113,-0.0230306785172,-1.90181973486,-0.179564583248,0.540354005587,-0.435456474981,0.573441397866,0.8192276053,0.00344105060762,0.0,0.819201807431,-0.573375509052,-0.0113873272898,0.0,-0.00735594034722,0.00934905975462,-0.999929240108,0.0,0.594556193867,0.173231157055,0.30434744461,1.0,-0.343548,-0.451520228571,1.322
0.390345874571,0.213728423725,-0.128039429918,-1.85224074965,0.0431710833546,2.05955905617,0.0699471504116,-0.478836685294,-1.42330571809,-0.0218731714688,-1.93196125417,-0.188213808265,0.561975550093,-0.473752244268,0.573348295415,0.819291450629,0.0037413862837,0.0,0.81926955798,-0.573281657913,-0.0112373915794,0.0,-0.00706196668153,0.00950832625861,-0.999929857719,0.0,0.588681908212,0.165538658076,0.304469557915,1.0,-0.360684,-0.474041828571,1.339
0.381792465689,0.189258684545,-0.128421991706,-1.88574867894,0.0399225249014,2.06870486526,0.0614892902701,-0.512167963623,-1.45929988457,-0.0239762164926,-1.99860064696,-0.195548228261,0.540606115348,-0.508934476613,0.573247380189,0.819362132427,0.00372611750223,0.0,0.81934006388,-0.573180822937,-0.0112405889044,0.0,-0.00707451000441,0.00949677833595,-0.999929878796,0.0,0.58244310721,0.157409327765,0.304491516362,1.0,-0.37782,-0.496563428571,1.356
0.372298101274,0.164109407832,-0.128936465406,-1.91984435306,0.0365624710938,2.07758438967,0.0524511519348,-0.571865339757,-1.50176437288,-0.0282198037606,-2.03364072651,-0.213296769941,0.510873993402,-0.539923758243,0.573409500791,0.819249241765,0.00360155122873,0.0,0.819224975244,-0.573342469471,-0.0113841792673,0.0,-0.00726169776763,0.00947845975651,-0.999928710732,0.0,0.575922104597,0.14874452548,0.30445234436,1.0,-0.394956,-0.519085028571,1.373
0.362121689091,0.138232684095,-0.129393402161,-1.95414310154,0.0329476834781,2.0863051377,0.0427693004311,-0.618015796465,-1.55257635131,-0.0307009281441,-2.01420777156,-0.215797360274,0.507140911445,-0.582952576836,0.573345848922,0.819293270199,0.00371777257786,0.0,0.819271028437,-0.573279211375,-0.0112549842782,0.0,-0.00708994764727,0.00949904476498,-0.999929747928,0.0,0.569178094124,0.139852990638,0.304546790867,1.0,-0.412092,-0.541606628571,1.39
0.350968202986,0.1115624189,-0.129991214093,-1.98905656612,0.0292139415681,2.0948265707,0.0323540363763,-0.679509936961,-1.59294865637,-0.0431073386257,-2.06924895934,-0.230094208117,0.500914995212,-0.628567405291,0.573440688816,0.819226261878,0.00385423929849,0.0,0.819205873759,-0.573373831173,-0.0111773443619,0.0,-0.00694698783758,0.00956714371941,-0.999930102118,0.0,0.562119898029,0.130466076901,0.304601739096,1.0,-0.429228,-0.564128228571,1.407
0.339667956202,0.085911844924,-0.130520966775,-2.02223648682,0.0254720338134,2.10232200022,0.0218621226211,-0.713837887996,-1.59319992794,-0.0292994306275,-2.10661042151,-0.228430299494,0.454769575592,-0.664769118505,0.573393079021,0.819260142501,0.00373399807173,0.0,0.819237949167,-0.573326177964,-0.0112704572374,0.0,-0.00709277411724,0.00952161842045,-0.999929513185,0.0,0.555139219034,0.121341994378,0.304578238007,1.0,-0.43998,-0.578259428571,1.423
