position_joint1,position_joint2,position_joint3,position_joint4,position_joint5,position_joint6,position_joint7,velocity_joint1,velocity_joint2,velocity_joint3,velocity_joint4,velocity_joint5,velocity_joint6,velocity_joint7,ee_T_00,ee_T_10,ee_T_20,ee_T_30,ee_T_01,ee_T_11,ee_T_21,ee_T_31,ee_T_02,ee_T_12,ee_T_22,ee_T_32,ee_T_03,ee_T_13,ee_T_23,ee_T_33,v_x,v_y,time
0.465094656354,0.547539616084,-0.123991985862,-1.35573822536,0.0794373799894,1.89411489932,0.159129501565,0.0014189924379,3.32935000422e-05,0.00156623760299,-0.000705127774725,0.000498062759397,-0.000172856159244,-0.00117070676189,0.57374456303,0.819019555916,0.00221140713983,0.0,0.818980505564,-0.573685669464,-0.011680370681,0.0,-0.00829795918403,0.00851281240779,-0.999929335452,0.0,0.661706925032,0.260907657319,0.303431870996,1.0,0.0,0.0,0.0
0.465088948553,0.547540943696,-0.123996745857,-1.35573579917,0.079433474097,1.8941164252,0.159131837249,-0.000633976673788,0.000858979975534,0.00046748736467,0.000462209893616,0.000141082259315,0.000156747413916,-0.00137921050581,0.573753322412,0.819013423165,0.00221011261692,0.0,0.818974418932,-0.573694497137,-0.0116735594811,0.0,-0.00829303213136,0.00850793303698,-0.999929417856,0.0,0.661710552318,0.260900867304,0.30343236842,1.0,-6e-05,-7.88571428571e-05,0.004
0.465091405527,0.547540055886,-0.124000147265,-1.35573972966,0.079432862285,1.89411882955,0.159138895661,-3.26902330458e-05,0.000764529976498,-0.000425996917447,-0.000116939408474,-0.000268437530753,0.00313733701757,0.00114743553002,0.573759535309,0.819009075501,0.00220834547314,0.0,0.818970070175,-0.573700738236,-0.0116719324006,0.0,-0.00829264879568,0.00850561511687,-0.999929440754,0.0,0.661710328922,0.260900133835,0.303431446827,1.0,-0.0004,-0.000525714285714,0.021
0.465085445732,0.547522817006,-0.123997729446,-1.35575175331,0.0794355799439,1.89411819597,0.159139407338,-0.0010325579534,-0.00208826992184,-0.000137190291411,-0.00239398678846,-0.000231093088062,-0.000562862522142,0.00193925954666,0.573764486205,0.819005588607,0.0022151979093,0.0,0.818966623968,-0.57370561363,-0.0116741002394,0.0,-0.00829044147882,0.00851252117136,-0.99992940029,0.0,0.661708748529,0.260896786266,0.303437805732,1.0,-0.00074,-0.000972571428571,0.038
0.46508502795,0.547437813715,-0.123994570705,-1.35583367892,0.0794336544309,1.8941283612,0.15913271828,-0.00189759987381,-0.00356080341074,0.00156262574141,-0.00931873392859,0.00028419346736,0.000277196284713,0.000191729251187,0.573761022294,0.819007973483,0.00223059818455,0.0,0.818969141042,-0.573702023564,-0.0116739488229,0.0,-0.0082815179206,0.00852501202291,-0.999929367821,0.0,0.661693731264,0.260890107773,0.303459800527,1.0,-0.0011,-0.00144571428571,0.056
0.465088077585,0.547313700607,-0.123997721002,-1.35598603369,0.0794339073072,1.89415609318,0.15913645207,3.00701223989e-06,-0.00225519514331,0.000282661365624,-0.0106969610866,0.000330582356676,0.00653937524206,0.00106537039513,0.573772139045,0.819000170205,0.00223619345329,0.0,0.818961307448,-0.573713012247,-0.0116834662272,0.0,-0.0082859870775,0.00853516765125,-0.999929244162,0.0,0.6616675243,0.260875769211,0.303477712002,1.0,-0.00142,-0.00186628571429,0.072
0.465075107393,0.547161151596,-0.123998448503,-1.35617439947,0.0794245923125,1.89420263937,0.15913022051,-0.00391562913339,-0.00975458851483,-0.000205858858524,-0.0131162030655,0.00011222513507,0.00492732583814,0.00558399297352,0.57378602884,0.818990407266,0.00224784686651,0.0,0.818951653025,-0.573726813109,-0.0116825009562,0.0,-0.00827836558114,0.00854429824189,-0.999929229311,0.0,0.66164171984,0.260848060185,0.303500157899,1.0,-0.00174,-0.00228685714286,0.088
0.465055574978,0.54699116726,-0.123997086356,-1.35636711197,0.0794197831767,1.89431721661,0.15912439944,-0.00145897801177,-0.0164443269191,0.000218005786776,-0.0107925760567,0.000326133292735,0.00858595151795,0.000608970295858,0.573806015893,0.818976176091,0.00232938204794,0.0,0.818938469666,-0.573746489384,-0.0116402629384,0.0,-0.00819678107102,0.00858703879737,-0.99992953529,0.0,0.661629924545,0.260822296097,0.303538733389,1.0,-0.00206,-0.00270742857143,0.104
0.46503570028,0.546798126992,-0.123995398823,-1.35658369839,0.0794077125426,1.89444657578,0.159112597314,-0.000786507645853,-0.012721086983,0.000979309522576,-0.0133864601696,-0.00384473467322,0.00764375972899,-0.00365181528693,0.573820583596,0.818965707417,0.00241967281023,0.0,0.818929218003,-0.573760784076,-0.0115864342307,0.0,-0.0081007349016,0.00863024137324,-0.99992994606,0.0,0.661616624036,0.260793790208,0.303583530381,1.0,-0.0024,-0.00315428571429,0.121
0.465006353763,0.546579246131,-0.123997404079,-1.35687993232,0.079398973006,1.89457187851,0.159093465701,-0.00339060489468,-0.0157314785944,-9.37376713411e-05,-0.0176612011684,-0.00187040516465,0.00292992468371,-0.000357814357938,0.573844652632,0.818948707793,0.00246486351507,0.0,0.818912755742,-0.573784641979,-0.0115684922597,0.0,-0.00805985613487,0.00865719227367,-0.999930043424,0.0,0.661588047528,0.260748020872,0.303608479225,1.0,-0.00274,-0.00360114285714,0.138
0.46497402356,0.54630738585,-0.123998768568,-1.35726099769,0.0793724833399,1.89470765212,0.159040643812,0.000745583589886,-0.0162819709703,-0.00185629237286,-0.0238741707169,-0.00112244094915,0.0111824243336,-0.0114924525522,0.57384302775,0.818949782223,0.0024860813457,0.0,0.818914133068,-0.573782974738,-0.0115536774709,0.0,-0.0080355652082,0.00866605125983,-0.999930162185,0.0,0.661545101851,0.260689106063,0.303631407785,1.0,-0.00308,-0.004048,0.155
0.464936371688,0.54603653159,-0.123995635057,-1.35767591426,0.0793325317946,1.89485850992,0.158919799363,-0.00411855639171,-0.0137516993365,-0.000314074600792,-0.0261613195597,-0.000494221181706,0.0168982409188,-0.00879515584908,0.57378528776,0.818990240526,0.00248523115485,0.0,0.81895468051,-0.573725352732,-0.0115411353391,0.0,-0.00802639161929,0.00865759203351,-0.99993030914,0.0,0.66149845518,0.260624087709,0.303638629849,1.0,-0.0034,-0.00446857142857,0.171
0.46488916391,0.545740413582,-0.123995636031,-1.35817287058,0.0792975887225,1.89502553527,0.158904546057,-0.00271990734268,-0.0127099920869,0.000470305984468,-0.0273981136515,-0.00450198377193,0.00920552364023,9.81649109537e-06,0.573829903022,0.818959078531,0.00245295536687,0.0,0.818923122364,-0.573770096255,-0.011556089397,0.0,-0.00805668700326,0.00864017787627,-0.999930216126,0.0,0.661439764414,0.260543435612,0.303626186367,1.0,-0.00374,-0.00491542857143,0.188
0.464828851276,0.545400331471,-0.123998829527,-1.35873866802,0.0792701943937,1.89520542415,0.158837109582,-0.00811971570699,-0.022177542674,0.000968563970231,-0.028710975316,-0.00308972736482,0.0111681907642,-0.00138598379009,0.573850495499,0.818944755936,0.00241711438896,0.0,0.818908252634,-0.573790721769,-0.0115856929658,0.0,-0.00810128066312,0.00862801668585,-0.999929960837,0.0,0.661372664772,0.260446770779,0.303613315508,1.0,-0.00408,-0.00536228571429,0.205
0.464765970719,0.545029729926,-0.123998842693,-1.35938991497,0.079237845831,1.89542210414,0.158757254503,-0.00437853825968,-0.0204426519816,-0.000643132880019,-0.0333433886601,4.52072602554e-05,0.0206726192135,-0.00297719696579,0.573864312892,0.818935223497,0.00236579910715,0.0,0.818897958661,-0.573804616407,-0.0116250759932,0.0,-0.00816283491739,0.00860873005135,-0.99992962647,0.0,0.661294233378,0.260342206848,0.303584432357,1.0,-0.00442,-0.00580914285714,0.222
0.464703584376,0.544601201484,-0.124001695485,-1.36012102301,0.0792053500604,1.89566563212,0.158666342386,-0.00415488987742,-0.0222043816611,-0.000411329624894,-0.0454000857641,9.00853395013e-05,0.0160683344489,0.000646101807804,0.573875011027,0.818927855398,0.00232083462214,0.0,0.818889878658,-0.573815340196,-0.011664857027,0.0,-0.00822110412211,0.00859484341447,-0.999929268555,0.0,0.661204778065,0.260229409848,0.303560931337,1.0,-0.00478,-0.00628228571429,0.24
0.464640983649,0.544230930856,-0.124007454574,-1.3607816745,0.0791711939983,1.89587348162,0.158581619974,-0.00246763000034,-0.0249292721799,0.00117589677218,-0.0461639408945,-0.000160852211055,0.0157332461003,-0.00639303363214,0.573888545603,0.81891856287,0.00225200231051,0.0,0.818879616186,-0.573829047578,-0.011710903155,0.0,-0.00829817140615,0.00856503687051,-0.999928887719,0.0,0.661123595798,0.260119698108,0.303526695048,1.0,-0.00508,-0.00667657142857,0.255
0.464579151046,0.543744534745,-0.124012644518,-1.36156206537,0.0791333576406,1.89615532359,0.158485529733,0.00102333321558,-0.0259588538145,-0.000668484910322,-0.0449780952753,0.00021250157567,0.00835327544972,-0.00673642500874,0.573897524491,0.818912289748,0.00224499083744,0.0,0.818873179785,-0.573837977141,-0.0117234090699,0.0,-0.00831234280254,0.00856656316232,-0.999928756939,0.0,0.661032478438,0.260002572033,0.303524003557,1.0,-0.00542,-0.00712342857143,0.272
0.464502228818,0.54320112422,-0.124008125357,-1.36244380579,0.0790761084926,1.89646285929,0.158369309751,-0.00206083749853,-0.0271017729326,3.22817121684e-05,-0.0513936648376,-0.00367285341104,0.0190090266605,-0.00673838786989,0.573895939644,0.818913475407,0.00221746675688,0.0,0.818873987725,-0.57383647561,-0.0117404594326,0.0,-0.00834211773989,0.0085537925308,-0.999928618305,0.0,0.660927324374,0.259868421142,0.303515229561,1.0,-0.00578,-0.00759657142857,0.29
0.464425679168,0.542653009578,-0.124016903341,-1.36332199913,0.0790281648764,1.89676078316,0.158256164493,-0.000410733190148,-0.0362164086366,-0.000575213301333,-0.0526389802977,-0.00140923476981,0.0191849291604,-0.00657424136416,0.573912009543,0.818902279844,0.00219277677644,0.0,0.818862423645,-0.573852588813,-0.0117594368877,0.0,-0.0083716602276,0.00854462907158,-0.99992844975,0.0,0.660829585809,0.259735512835,0.303510335273,1.0,-0.0061,-0.00801714285714,0.306
0.464356958414,0.542064679293,-0.124022226475,-1.36422994828,0.0789690072399,1.89710166206,0.158145602506,-0.00539733280853,-0.0331751909959,0.000793487552004,-0.0612753918784,-0.000431252144849,0.018632369924,-0.00681344982159,0.573914246507,0.818900694278,0.00219942460963,0.0,0.81886095639,-0.573854832697,-0.0117521058108,0.0,-0.00836181815721,0.00854588842545,-0.999928521339,0.0,0.660711608566,0.259585108824,0.303519086381,1.0,-0.00648,-0.00851657142857,0.325
0.464287661223,0.541522558948,-0.124017912259,-1.36506663226,0.0789209946565,1.89740419666,0.15802175893,-0.00443474846771,-0.037123134823,0.00099146128991,-0.0542896594802,-0.00509168816181,0.0176429077143,-0.0105667116946,0.573898098121,0.818911970708,0.00221452139263,0.0,0.818872400678,-0.573838599823,-0.0117473257502,0.0,-0.00834940857742,0.00855534307205,-0.999928544188,0.0,0.660621438178,0.259470452868,0.303535770033,1.0,-0.00676,-0.00888457142857,0.339
0.464201503686,0.540822931481,-0.124020455789,-1.36613802918,0.0788606438736,1.89780685821,0.157886790446,-0.00405044896563,-0.0368727433466,-0.000466345436628,-0.0603549836016,-0.00527596357682,0.0207155261074,-0.00460507175966,0.573903236131,0.818908294523,0.00224223590527,0.0,0.818869057438,-0.57384360436,-0.0117359024797,0.0,-0.00832409541529,0.00857153504295,-0.999928616563,0.0,0.660499240642,0.259311632213,0.303555373129,1.0,-0.00712,-0.00935771428571,0.357
0.464100183773,0.540041778401,-0.124023371309,-1.36732409078,0.0787933772365,1.89824000341,0.157734622535,-0.00442802363192,-0.0443009571891,-0.00127559699167,-0.0636031666779,-0.00190006578389,0.0216369405331,-0.0122760542784,0.573911290737,0.818902577814,0.00226832883271,0.0,0.818863638093,-0.573851516912,-0.01172713299,0.0,-0.00830185533078,0.00858795137593,-0.9999286606,0.0,0.660362977086,0.259131000654,0.303580549883,1.0,-0.0075,-0.00985714285714,0.376
0.464004426292,0.539398942288,-0.124026488686,-1.3683295142,0.0787362158116,1.89861951984,0.157611868906,-0.00746299504864,-0.0425365449876,-0.0018731102641,-0.0642311858481,-0.0037571628068,0.0322468048935,-0.0118955477528,0.573931770982,0.818888183166,0.00228311836804,0.0,0.818849420447,-0.573871923665,-0.0117212953175,0.0,-0.00828837227393,0.00859691944959,-0.999928695388,0.0,0.660251938974,0.258971557685,0.303589212948,1.0,-0.0078,-0.0102514285714,0.391
0.463916042469,0.538737271008,-0.124023344936,-1.36935583198,0.0786718428678,1.89900867032,0.157486874603,-0.00670845224448,-0.043624858795,0.0009305118525,-0.0695514581025,-0.00665899323176,0.027538943214,-0.0103939746395,0.573939131112,0.818882969897,0.00230267070947,0.0,0.81884446964,-0.573879218993,-0.0117099722287,0.0,-0.00826780114848,0.00860650616404,-0.999928783222,0.0,0.660135363487,0.258817880909,0.303601761111,1.0,-0.0081,-0.0106457142857,0.406
0.463799619212,0.537967258378,-0.124030402398,-1.37055867542,0.0785966212428,1.89946972145,0.15733917024,-0.00844838529402,-0.0488960862675,-0.000484505662348,-0.0695316539276,-0.00185894649986,0.0264346450184,-0.0134294245517,0.573964829191,0.818864902502,0.00232232712149,0.0,0.818826723867,-0.573904910591,-0.0116917398973,0.0,-0.00824131918302,0.00861239681707,-0.999928951116,0.0,0.660005116049,0.258623380365,0.303613268889,1.0,-0.00844,-0.0110925714286,0.423
0.463679308753,0.537083981334,-0.12403885696,-1.37197185961,0.0785178421085,1.89999609079,0.157173634034,-0.0077608985096,-0.0481985867061,0.000895425716218,-0.0737326685932,-0.00515352754707,0.0318507607125,-0.00918371842001,0.573990591834,0.818846852412,0.00231941423646,0.0,0.818808608493,-0.573930652082,-0.011696844015,0.0,-0.00824689975804,0.00861320059303,-0.999928898182,0.0,0.659843390573,0.25840589343,0.303610217728,1.0,-0.00882,-0.011592,0.442
0.463570642728,0.536247647168,-0.124048190803,-1.37328306821,0.078440422874,1.90049225991,0.157012006381,-0.00700233430689,-0.0498771088033,-0.000926949963155,-0.0777792149432,-0.00574306359494,0.0269826514727,-0.00941964588598,0.574005268499,0.818836519535,0.00233514740746,0.0,0.818798509222,-0.573945299889,-0.0116850730824,0.0,-0.00822807611018,0.00861947467971,-0.999928999189,0.0,0.659694832896,0.258205254539,0.303619797976,1.0,-0.00916,-0.0120388571429,0.459
0.463467590318,0.535489398722,-0.124051394687,-1.37448716917,0.078366112899,1.90092527699,0.156855813655,-0.0069903195958,-0.0451958541342,-0.000715804849941,-0.0777412487956,-0.00846815832967,0.0322868587998,-0.0102347489493,0.574010179936,0.818833113002,0.00232234416992,0.0,0.81879493413,-0.573950255212,-0.0116921891152,0.0,-0.0082412002506,0.00861312504883,-0.999928945823,0.0,0.659553163832,0.258019805226,0.303619419171,1.0,-0.00946,-0.0124331428571,0.474
0.463333348002,0.534544192476,-0.124052138184,-1.37600431942,0.0782918157134,1.9014758936,0.156676621308,-0.012358305444,-0.0498312109216,-0.000751666257898,-0.0910096439232,-0.00201212053432,0.0381999451067,-0.0116186612739,0.574037202954,0.818814196442,0.002312624302,0.0,0.818775710878,-0.573977122423,-0.0117194331221,0.0,-0.00826880397261,0.00862107719893,-0.999928649409,0.0,0.659374346964,0.257788498145,0.30361194941,1.0,-0.00982,-0.0129062857143,0.492
0.463206323818,0.533632877561,-0.124058423974,-1.37747194886,0.0781926132289,1.90200484771,0.156494591432,-0.00977950105857,-0.0543307523233,4.03466101588e-06,-0.0873944455325,-0.00422844770185,0.0342018514723,-0.00953912914917,0.574050265416,0.818805126738,0.00228125066837,0.0,0.818766317314,-0.573990387203,-0.0117260364694,0.0,-0.00829208247132,0.00859931111956,-0.999928644062,0.0,0.659202217422,0.257558707361,0.303602203318,1.0,-0.01016,-0.0133531428571,0.509
0.463081247084,0.532763986302,-0.124055292798,-1.37885950621,0.0781300177475,1.90253788931,0.156310057625,-0.0116325025789,-0.0507499164623,0.000814516203819,-0.0865924674271,-0.000893620103739,0.0296751244704,-0.0112199212772,0.574058639262,0.818799191522,0.00230424648186,0.0,0.818760486623,-0.573998472224,-0.0117373902987,0.0,-0.00828809129838,0.00862474232716,-0.999928458122,0.0,0.659043390466,0.257350807793,0.303600586527,1.0,-0.01048,-0.0137737142857,0.525
0.462961704275,0.531844141025,-0.124056358263,-1.38032491866,0.0780390632685,1.90308645074,0.156133618648,-0.00919982363648,-0.0590525701418,-0.00375301913906,-0.0929879136871,-0.00816631239628,0.0331894177416,-0.00823662136399,0.574068407453,0.818792344074,0.0023038555535,0.0,0.818753648648,-0.574008255813,-0.011735927103,0.0,-0.00828701470539,0.00862368115501,-0.999928476197,0.0,0.658871611326,0.257132051546,0.30359909283,1.0,-0.0108,-0.0141942857143,0.541
0.462828112288,0.530835134895,-0.124056594713,-1.38193660434,0.0779330062002,1.90366304664,0.15593819179,-0.00958532306474,-0.0603954297934,0.00122209748107,-0.0950982323855,-0.00186816026378,0.0282537262126,-0.0126125901361,0.574077103338,0.81878632388,0.00227643400086,0.0,0.818747299337,-0.574017081813,-0.0117471918258,0.0,-0.00831188803845,0.00860778377255,-0.999928406725,0.0,0.658677508696,0.256887828249,0.303592998351,1.0,-0.01114,-0.0146411428571,0.558
0.462677930951,0.529762479077,-0.124061022429,-1.38366597566,0.0778331234829,1.90428499169,0.155708962292,-0.00897801029553,-0.0599443710924,0.000282848915843,-0.0960436774065,-0.00824914110919,0.032054114849,-0.0164972046108,0.574082604021,0.818782546337,0.00224777108577,0.0,0.818743077427,-0.574022616312,-0.0117709824893,0.0,-0.00834776429626,0.00859802883414,-0.999928191788,0.0,0.658471052845,0.256621203082,0.30357959269,1.0,-0.0115,-0.0151142857143,0.576
0.46256131453,0.52882544541,-0.124067268084,-1.38513006778,0.0777354014234,1.90482910794,0.155507725093,-0.0048431310253,-0.061908335444,-0.00294999225348,-0.0982794767209,-0.00193734333347,0.0430523740688,-0.0149419346055,0.574070838053,0.818790774908,0.00225537693066,0.0,0.818751496402,-0.574010917244,-0.0117558889458,0.0,-0.00833116283966,0.00859547174556,-0.999928352229,0.0,0.658298723161,0.256400428371,0.303589973854,1.0,-0.0118,-0.0155085714286,0.591
0.462411183078,0.527654971044,-0.124065176457,-1.38694894819,0.0776239002963,1.90553745825,0.155252794023,-0.00347363589146,-0.0675902234331,-7.71946412415e-05,-0.104271197925,-0.00201149129936,0.0381936194252,-0.0228711865339,0.574052217959,0.818803692686,0.00230451737545,0.0,0.818765075475,-0.573992138306,-0.0117270305909,0.0,-0.0082795205024,0.00861895220516,-0.999928579051,0.0,0.65808931042,0.256132308148,0.303609590552,1.0,-0.01216,-0.0159817142857,0.609
0.462268232572,0.526580000789,-0.124067803812,-1.38860015198,0.0775236284586,1.90616483341,0.155027750052,-0.00774174965371,-0.0649011720829,-0.000389571745346,-0.0978641310351,-0.00871985312461,0.0421523600093,-0.0113007306223,0.574049114709,0.818805748375,0.00234674912074,0.0,0.818767694143,-0.573988894186,-0.0117029603355,0.0,-0.00823560182384,0.00863968272706,-0.999928762835,0.0,0.657898582775,0.255881179628,0.303634633135,1.0,-0.01248,-0.0164022857143,0.625
0.462118648198,0.525415526878,-0.124074161802,-1.39042783157,0.0773993567608,1.90681994725,0.15478950498,-0.00781003823641,-0.0705644388816,0.000114912737255,-0.109354494491,-0.00679552071752,0.0358418221167,-0.017696235887,0.574045844073,0.818808085855,0.00233116743796,0.0,0.81876992085,-0.573985777202,-0.0117000505312,0.0,-0.00824219771405,0.00862522122379,-0.999928833335,0.0,0.65767769412,0.255601817369,0.303640878793,1.0,-0.01282,-0.0168491428571,0.642
0.461970772925,0.524321057031,-0.124078358604,-1.39217869963,0.0772908731222,1.90743991699,0.15454627898,-0.00966453693231,-0.0715954600319,0.000407961757796,-0.111919630246,-0.0123790837903,0.0371605685988,-0.0145828383115,0.574035505745,0.818815427191,0.00229809467595,0.0,0.81877680523,-0.573975533957,-0.0117207737241,0.0,-0.00827825960736,0.00860993265721,-0.999928667195,0.0,0.657463627433,0.255333233787,0.303631077148,1.0,-0.01314,-0.0172697142857,0.658
0.461808399237,0.52305533494,-0.124088736191,-1.39420818726,0.0771555906104,1.90818812909,0.154269950915,-0.00617559804517,-0.0691412371202,-0.000563185750116,-0.109042456644,-0.0121542813104,0.0445671522562,-0.0139441970941,0.574021919367,0.818825017739,0.00227449146641,0.0,0.818786204941,-0.573962157405,-0.0117191879296,0.0,-0.00829065185606,0.00858955836037,-0.99992873975,0.0,0.657220134334,0.255025099899,0.30362006774,1.0,-0.0135,-0.0177428571429,0.676
0.461661340442,0.521900479004,-0.124088244862,-1.39603746285,0.0770620632178,1.90890533034,0.154039282615,-0.0106879994805,-0.0761773542705,-0.000909893166092,-0.115676393409,-0.00450879737934,0.0421132508828,-0.00810686861056,0.574026176288,0.818821911614,0.00231795112113,0.0,0.818783532991,-0.573966116748,-0.0117119523807,0.0,-0.0082597368588,0.00862103343182,-0.999928724725,0.0,0.657005365627,0.254760280644,0.303623116151,1.0,-0.01382,-0.0181634285714,0.692
0.461497941374,0.520660451554,-0.124090405916,-1.398061343,0.0769277212823,1.9096646914,0.153757388211,-0.00324133381011,-0.075664678477,-0.000409303927479,-0.120834469793,-0.00447233663982,0.0491813889942,-0.0159789521707,0.574002569794,0.818838544388,0.002288011204,0.0,0.818799861025,-0.573942711917,-0.0117174196651,0.0,-0.00828164695461,0.00859941782042,-0.999928729629,0.0,0.656761736951,0.254457567891,0.303596771201,1.0,-0.01416,-0.0186102857143,0.709
0.461324697383,0.51926554537,-0.124095734366,-1.40021676453,0.0767886967141,1.91045348205,0.153473645595,-0.00767212815578,-0.0761260584549,0.000513647122243,-0.118710616349,-0.0127237377346,0.0386057629187,-0.0146376661544,0.573992931092,0.818845248584,0.00230669203848,0.0,0.818806857101,-0.573933056366,-0.0117014732115,0.0,-0.00825796792045,0.00860546384697,-0.999928873449,0.0,0.656499736412,0.25413426281,0.303618783906,1.0,-0.01452,-0.0190834285714,0.727
0.461154309816,0.518010341656,-0.124094804913,-1.40218957481,0.0766532771655,1.91115879922,0.153198494519,-0.0131960083558,-0.0783921123239,-0.000505227280983,-0.122064263006,-0.00682875270013,0.0463558664602,-0.00779115111043,0.57397437451,0.81885830697,0.00228853955126,0.0,0.818819742196,-0.57391463418,-0.0117033912243,0.0,-0.00827015201042,0.00859151343624,-0.999928892713,0.0,0.656257460586,0.253831321769,0.303621815677,1.0,-0.01484,-0.019504,0.743
0.460977742456,0.516657064242,-0.124105430493,-1.40430876802,0.0765246751592,1.91192616549,0.152909360116,-0.0126637535806,-0.0803152564509,-0.000682206906929,-0.122788613053,-0.0118323460163,0.0490623862358,-0.0198457409963,0.573967103553,0.818863405597,0.00228777494784,0.0,0.818824817997,-0.573907353554,-0.0117052923583,0.0,-0.00827222396412,0.00859190507721,-0.999928872209,0.0,0.655998607382,0.253506834216,0.303629380986,1.0,-0.01518,-0.0199508571429,0.76
0.460782376419,0.515206827902,-0.124106143714,-1.40660855872,0.0763877532558,1.91280816517,0.152594669666,-0.0141405002017,-0.0819322015867,0.000138418963346,-0.129896115561,-0.00113555413852,0.0458116408816,-0.016298717298,0.573954578919,0.818872108948,0.00231461128961,0.0,0.818833845495,-0.573894705994,-0.011693878935,0.0,-0.00824760693176,0.00860720313852,-0.999928943993,0.0,0.655724531106,0.253162077244,0.303628205344,1.0,-0.01554,-0.020424,0.778
0.460601572027,0.513893067045,-0.124109821654,-1.4087285035,0.0762576659077,1.91356083662,0.152307749427,-0.0149241824225,-0.0843477669247,-0.00141778475804,-0.137616229414,-0.00711290418014,0.047756095993,-0.0235276565351,0.573946585909,0.818877842799,0.00226759714495,0.0,0.818838908973,-0.573886826413,-0.0117259764484,0.0,-0.00830095798889,0.00858704624845,-0.999928675823,0.0,0.65545947351,0.252837159622,0.303605409398,1.0,-0.01586,-0.0208445714286,0.794
0.460412918426,0.512493446941,-0.124112044703,-1.41099168856,0.0761205681201,1.91434740526,0.151991456335,-0.00791024141363,-0.0826393744417,0.000117300192848,-0.136606306218,-0.0153257062272,0.0468861708717,-0.0185580459052,0.573925114414,0.818893068581,0.0022027653784,0.0,0.818853177559,-0.573865485604,-0.0117739090653,0.0,-0.0083776427957,0.00856124836747,-0.99992825749,0.0,0.655170590171,0.252493328692,0.303577088732,1.0,-0.0162,-0.0212914285714,0.811
0.460216838109,0.511058014806,-0.124121263271,-1.41329080041,0.0759840816768,1.91520721547,0.151669904669,-0.0102594983414,-0.0867538253476,-0.00314029371044,-0.135405134725,-0.00236641007739,0.0505527284666,-0.0229417939901,0.573912491386,0.81890192869,0.00219779889206,0.0,0.818861947892,-0.573852857488,-0.0117794375469,0.0,-0.0083851523918,0.00856022504234,-0.999928203306,0.0,0.654891268675,0.252141813794,0.303562874593,1.0,-0.01654,-0.0217382857143,0.828
0.460031617406,0.509664867526,-0.124128162935,-1.41549936318,0.075841328122,1.91605089545,0.15135627851,-0.0125469135474,-0.094898791367,-0.0033057287142,-0.140964312469,-0.00637466802644,0.0560699537927,-0.0154231815646,0.573888981685,0.818918361002,0.00221395939007,0.0,0.818878683191,-0.573829383717,-0.0117595705435,0.0,-0.00835985423632,0.00856181695577,-0.999928401501,0.0,0.654625403078,0.251806914083,0.303560191551,1.0,-0.01686,-0.0221588571429,0.844
0.459834297001,0.508261378045,-0.124122695089,-1.41773323027,0.0757021992117,1.91684016343,0.151044557686,-0.0136830395236,-0.0824419962965,0.00037711150711,-0.139448874071,-0.00233523664727,0.0550295886269,-0.0181397306874,0.573869677563,0.818931981028,0.0021795699105,0.0,0.818891755773,-0.573810111775,-0.0117896078485,0.0,-0.00840438946747,0.00855069491281,-0.999928123344,0.0,0.654342076063,0.251465491734,0.303547155504,1.0,-0.01718,-0.0225794285714,0.86
0.459618680886,0.506728703598,-0.12413367567,-1.42012289446,0.0755501457767,1.91771589457,0.150706267155,-0.0114238244593,-0.0958303139753,-0.00112085295911,-0.138685259577,-0.0059859571791,0.0546487965974,-0.0292786230827,0.573859652868,0.818938977997,0.00218998365772,0.0,0.818898933036,-0.573800093788,-0.011778656205,0.0,-0.00838954937134,0.00855283551032,-0.999928229658,0.0,0.654050255246,0.251089525698,0.303557809013,1.0,-0.01752,-0.0230262857143,0.877
0.459409539573,0.50522328735,-0.124131947307,-1.4224341959,0.0754048269994,1.91858612631,0.150404770036,-0.0127474281694,-0.0966226803487,-0.000625675622046,-0.140238973784,-0.0125535102647,0.0496559853731,-0.0242833916603,0.57386169801,0.818937409358,0.0022400920332,0.0,0.81889801644,-0.573801947744,-0.0117520354118,0.0,-0.00833897281408,0.00857861508402,-0.999928431887,0.0,0.653752050928,0.250712997656,0.303580853387,1.0,-0.01786,-0.0234731428571,0.894
0.459186167218,0.503568938611,-0.124139870829,-1.42490745506,0.0752463945281,1.91953916964,0.150045520481,-0.0125644863224,-0.0979784366503,-0.000524408540721,-0.143274451677,-0.0105147516584,0.0541397377551,-0.0163378921487,0.573841737741,0.818951084898,0.00235105771594,0.0,0.818913246706,-0.573781695077,-0.0116793692001,0.0,-0.00821599637925,0.00862758793266,-0.999929028547,0.0,0.653475965968,0.250351672155,0.303646550062,1.0,-0.01818,-0.0238937142857,0.91
0.458949953235,0.501895075185,-0.124144755361,-1.42740552407,0.0750810675552,1.9204624633,0.149711779143,-0.0153113008723,-0.0900920116618,0.000308013620726,-0.14758576147,-0.0121533469452,0.0464411406552,-0.0158967586862,0.573848444037,0.818946158002,0.00242908850958,0.0,0.81890941951,-0.573788212563,-0.0116274099872,0.0,-0.00812859688312,0.008661741356,-0.999929447586,0.0,0.65317276298,0.249956160533,0.303706310386,1.0,-0.01852,-0.0243405714286,0.927
0.458717764462,0.500174920157,-0.124144110396,-1.42999962959,0.0749216472778,1.92137832625,0.149345161392,-0.0112625762333,-0.0975418559968,0.000412030611489,-0.16101177018,-0.00911738935884,0.0510592995474,-0.0227386838773,0.57382691742,0.818961124819,0.00246815345539,0.0,0.818924788479,-0.573766439237,-0.0116194199969,0.0,-0.00809986559832,0.00868893529434,-0.999929444801,0.0,0.652842461613,0.249556333263,0.303751224228,1.0,-0.01886,-0.0247874285714,0.944
0.458474709357,0.498490522824,-0.124147905707,-1.43262097505,0.0747480222474,1.92234858648,0.148981506082,-0.00998321844689,-0.0951704548024,0.000634316422633,-0.154606113927,-0.0149045434123,0.0612670432455,-0.0178236571674,0.573817159601,0.818967900303,0.00248847777765,0.0,0.818931901371,-0.573756691076,-0.0115994510166,0.0,-0.00807195267831,0.00869402526017,-0.999929626276,0.0,0.652518824431,0.249144595808,0.303762497824,1.0,-0.0192,-0.0252342857143,0.961
0.458212289689,0.496819261847,-0.124147518019,-1.43526739561,0.0745810817607,1.92331871757,0.14858680261,-0.00881162244577,-0.0908154279646,0.00136676954454,-0.158722896119,-0.00592772833597,0.052363564244,-0.0221730308125,0.573797526446,0.818981676439,0.00248177408565,0.0,0.818945555612,-0.573737046022,-0.0116071471904,0.0,-0.00808231074142,0.00869275756695,-0.999929553628,0.0,0.65219106963,0.248720724644,0.303751958081,1.0,-0.01954,-0.0256811428571,0.978
0.457942705786,0.495155121584,-0.124145839734,-1.43796928031,0.0744159533806,1.92424440262,0.148185567265,-0.014995504357,-0.09189615422,0.00133887318369,-0.161896055855,-0.011184444727,0.0540409903667,-0.0232104018493,0.573780007083,0.818994225853,0.00238922414562,0.0,0.818956719542,-0.573719661,-0.0116785701195,0.0,-0.00819409438893,0.0086577679033,-0.999928947412,0.0,0.65184093708,0.248283804059,0.303705609078,1.0,-0.01988,-0.026128,0.995
0.457683321002,0.49357696774,-0.124150738879,-1.44058108508,0.074249022598,1.92517600159,0.147824553178,-0.0200158225988,-0.0977478770588,-5.55339660495e-05,-0.170656631661,-0.0123840228081,0.0606266693261,-0.0307405153221,0.573786442818,0.818989981282,0.0022968454409,0.0,0.818951233197,-0.5737263922,-0.0117324950234,0.0,-0.00829119466259,0.00861311682035,-0.999928532601,0.0,0.651509362657,0.247859433906,0.303642431141,1.0,-0.0205514285714,-0.0270104489796,1.011
0.457363990464,0.491563789164,-0.124152922599,-1.44380262539,0.074048232158,1.92636041607,0.147379866759,-0.0199853909383,-0.101043516175,4.65487285348e-05,-0.172838695305,-0.00832237184253,0.0601102581102,-0.0262856049489,0.573792475271,0.818985819979,0.00227352080618,0.0,0.818946711884,-0.573732452621,-0.0117517150117,0.0,-0.0083202554775,0.00860510370878,-0.999928360203,0.0,0.651106265694,0.247342840231,0.303612879585,1.0,-0.0216371428571,-0.0284373877551,1.03
0.457098861902,0.489921770678,-0.124159196829,-1.44645700092,0.0738709585312,1.92727897813,0.146994962078,-0.015639577068,-0.110016514622,0.000699116061471,-0.179512864755,-0.0161224780566,0.064307153112,-0.0220592623446,0.573782809598,0.818992829127,0.00218635531392,0.0,0.818952574873,-0.573723108874,-0.011799209897,0.0,-0.00840926763169,0.00856086994294,-0.99992799527,0.0,0.650762957413,0.246907562368,0.303571379229,1.0,-0.0224942857143,-0.0295639183673,1.045
0.45679507136,0.488058904254,-0.124165769386,-1.44936803449,0.0736902540036,1.92836051393,0.146569312956,-0.0226721787004,-0.118424311385,0.000459413560459,-0.186969514373,-0.00758277347184,0.0727636389789,-0.0291297732736,0.573783525096,0.81899225752,0.0022125440771,0.0,0.81895232242,-0.573723701061,-0.0117879321659,0.0,-0.00838499763655,0.00857585449391,-0.99992807068,0.0,0.650403942146,0.246429918843,0.303574605249,1.0,-0.0234085714286,-0.0307655510204,1.061
0.45640722202,0.485727314393,-0.124182974373,-1.45293425704,0.0734689325649,1.9297381574,0.146059245351,-0.0217759693624,-0.119885002195,-0.00165605249797,-0.187510141282,-0.00754540411835,0.0650098038217,-0.0246851012933,0.573812618629,0.818971553286,0.00232819922202,0.0,0.818933218164,-0.573752453939,-0.0117154892128,0.0,-0.00825900139257,0.00862930136591,-0.999928659482,0.0,0.649979839222,0.245833553136,0.303616533411,1.0,-0.0244942857143,-0.0321924897959,1.08
0.45606887575,0.483706253807,-0.124203270469,-1.45605343195,0.0732681578567,1.9308012914,0.145581831752,-0.0190164305195,-0.123017370028,-0.00379340833375,-0.197299168952,-0.0135044596711,0.0597420599039,-0.0251888438682,0.573811758481,0.818972249889,0.00229491639446,0.0,0.818933439411,-0.573751673194,-0.011738237649,0.0,-0.00829673851387,0.00861508843004,-0.999928469632,0.0,0.649579458711,0.245299019182,0.303627375114,1.0,-0.0254085714286,-0.033394122449,1.096
0.455675520894,0.48131294275,-0.124233120228,-1.45973366043,0.0730393134781,1.93208850923,0.145025338198,-0.0218605204057,-0.137888058256,-0.0028800164715,-0.205138905112,-0.0116215666865,0.0800829039144,-0.0254271688022,0.573817463873,0.818968257958,0.00229292650738,0.0,0.818929371336,-0.573757333152,-0.0117453956,0.0,-0.00830368264716,0.00861762389452,-0.999928390142,0.0,0.649111095494,0.24467249965,0.303648013741,1.0,-0.0264371428571,-0.0347459591837,1.114
0.455261515146,0.478864757445,-0.124246341029,-1.46351111641,0.0728009022797,1.93350148401,0.144465992495,-0.0238332150462,-0.140668301435,-0.000257936186423,-0.214394235615,-0.01831192576,0.0805725425149,-0.027664688808,0.573827374231,0.818961126005,0.00235914763975,0.0,0.818923130477,-0.573767028147,-0.0117068647609,0.0,-0.00823402454684,0.00864984657297,-0.999928687954,0.0,0.648644828263,0.244038665275,0.303669479598,1.0,-0.0274657142857,-0.0360977959184,1.132
0.454901643572,0.476750393971,-0.124259787736,-1.4667389021,0.0726000204161,1.93467476458,0.144016438786,-0.0267174332868,-0.140395099381,-0.00277950504005,-0.217079764842,-0.0165058406374,0.0839651520512,-0.0212658695009,0.573865406221,0.818934331559,0.00240894958029,0.0,0.818896948735,-0.573804837729,-0.0116851381168,0.0,-0.00818725147984,0.00867854508201,-0.999928823351,0.0,0.648239965421,0.243490626196,0.303699278018,1.0,-0.0283228571429,-0.0372243265306,1.147
0.454488200518,0.474276495329,-0.124266580237,-1.4705304954,0.07236601941,1.93605700158,0.143466615637,-0.0211558514493,-0.142373321905,0.000749319963484,-0.226753090404,-0.021456174783,0.0821107049986,-0.0353036459761,0.573877783563,0.818925489377,0.00246561990068,0.0,0.81888874546,-0.573816906483,-0.0116673602177,0.0,-0.0081400410131,0.0087148749974,-0.999928892815,0.0,0.647758194334,0.242858953256,0.303726283552,1.0,-0.0292942857143,-0.0385010612245,1.164
0.454033258969,0.471610673725,-0.124269487511,-1.47467218907,0.0720915525519,1.93749521433,0.142847439675,-0.0259182507639,-0.147118547312,8.15213570916e-05,-0.229903337206,-0.0151633038113,0.0825182102362,-0.0357539369477,0.57386830558,0.818932240105,0.00242917042931,0.0,0.818894939126,-0.573807471535,-0.0116966313684,0.0,-0.00818502997339,0.00870172893044,-0.999928640053,0.0,0.6472144612,0.242161807545,0.303722634608,1.0,-0.0303228571429,-0.0398528979592,1.182
0.453626727901,0.469143233884,-0.124268235493,-1.47841226684,0.0718571429501,1.93892432063,0.142258468257,-0.0250747355526,-0.159916434152,-0.000741760281205,-0.238037171287,-0.0158026387917,0.0997392854236,-0.0344823702233,0.573832580617,0.818956868368,0.00256204525951,0.0,0.818921284805,-0.573771271116,-0.011627752908,0.0,-0.00805275518299,0.00877066571612,-0.999929111766,0.0,0.646745984768,0.241549040753,0.303770470617,1.0,-0.0312371428571,-0.0410545306122,1.198
0.453142493379,0.466309952344,-0.124272960786,-1.48275833898,0.0715549414575,1.9405034664,0.141569258787,-0.0289912475357,-0.166159061209,-0.000716285757985,-0.24767879433,-0.0152047910206,0.0868947185832,-0.0378737512105,0.573790613294,0.818986140883,0.00260385082626,0.0,0.818951234234,-0.573729312574,-0.0115887333801,0.0,-0.00799726045615,0.00878210236409,-0.999929456763,0.0,0.646186990527,0.240815788547,0.303793997583,1.0,-0.0322657142857,-0.0424063673469,1.216
0.452749408189,0.464044482948,-0.124278302778,-1.48630874272,0.0713145227349,1.9416741436,0.141049021549,-0.0275259563307,-0.162176668641,0.000528898650528,-0.254187465607,-0.0159400343465,0.0865379399893,-0.0379112921581,0.573790615746,0.818986454834,0.0025025950288,0.0,0.818950110141,-0.573729531284,-0.0116571409377,0.0,-0.00811138402644,0.00873842679272,-0.999928920147,0.0,0.645701989722,0.240210594023,0.303767822246,1.0,-0.0330657142857,-0.0434577959184,1.23
0.452125786721,0.460600560859,-0.124274772195,-1.49171926397,0.070948338485,1.94359539264,0.14024292917,-0.0266489030777,-0.167205399049,0.00105781406375,-0.257064718529,-0.0284489817094,0.0849241607657,-0.0387810743203,0.573790418921,0.818986740362,0.00245380658631,0.0,0.818949713919,-0.573729457067,-0.0116885870342,0.0,-0.00816513387823,0.0087165112727,-0.999928673966,0.0,0.644989210188,0.239288826125,0.303731423151,1.0,-0.0342657142857,-0.0450349387755,1.251
0.45175651265,0.458594844666,-0.124285494482,-1.49484397766,0.070738776672,1.94470597418,0.139768361528,-0.0316203370865,-0.171668044842,-0.00190774238901,-0.262150544992,-0.017503891653,0.095117639371,-0.0454216673148,0.573799260226,0.8189805881,0.00243970902147,0.0,0.818943388092,-0.573738358377,-0.0116948761299,0.0,-0.00817827933896,0.00870866251251,-0.999928634926,0.0,0.644580710482,0.238744065211,0.3037210792,1.0,-0.0349514285714,-0.0459361632653,1.263
0.451059282222,0.455027183542,-0.124309061385,-1.50056496803,0.0703466177113,1.94667165001,0.138888588169,-0.0354944186941,-0.179399742977,-5.2849402093e-05,-0.276107733254,-0.0231675130945,0.0870074916646,-0.0444679452222,0.573822003715,0.818965158817,0.00226353675818,0.0,0.818925638433,-0.573761723669,-0.0117911013088,0.0,-0.00835793132011,0.00861982762224,-0.99992791918,0.0,0.643818202205,0.237724544302,0.303622480878,1.0,-0.0361514285714,-0.0475133061224,1.284
0.450629701927,0.452680346044,-0.124335667307,-1.50411010012,0.0701145128753,1.9479291977,0.138307654801,-0.028069737197,-0.181162726552,-0.00119359415645,-0.267918270924,-0.0209596158846,0.100956656827,-0.0463353485927,0.573815687025,0.818969457914,0.00230894544927,0.0,0.818930548536,-0.573755256201,-0.0117647591172,0.0,-0.0083103688093,0.00864183568097,-0.99992812564,0.0,0.643355736813,0.237093793152,0.303656550251,1.0,-0.0368942857143,-0.0484896326531,1.297
0.449955456117,0.448974857258,-0.124346156186,-1.5096365764,0.0697429186528,1.94998743328,0.137469693829,-0.0347871777044,-0.182288532493,0.00176681279544,-0.278460327419,-0.0203477792498,0.0918696143124,-0.0490028509703,0.573837843873,0.818953373599,0.0024995420782,0.0,0.818917086333,-0.573776868871,-0.0116472040145,0.0,-0.00810449363004,0.00873069224754,-0.999929043581,0.0,0.642645979008,0.236132007494,0.303746661229,1.0,-0.0380371428571,-0.0499916734694,1.317
0.449506512359,0.446485396466,-0.124360635971,-1.51336872741,0.0694746521962,1.95121433976,0.136924697874,-0.0364800113005,-0.191042364797,-0.000304606593228,-0.287342039773,-0.024851819553,0.101968322192,-0.0415136465363,0.573862445175,0.818936207308,0.00247573800813,0.0,0.818899631165,-0.573801572996,-0.0116574356633,0.0,-0.00812627024156,0.00871731331125,-0.999928983569,0.0,0.642131409099,0.235469563873,0.30378285449,1.0,-0.03878,-0.050968,1.33
0.448780338801,0.442527735581,-0.124359807463,-1.51946894003,0.06905327533,1.95340575633,0.135965641628,-0.0369649368453,-0.190083004339,-0.00125293835349,-0.296507561946,-0.0139382123138,0.10264281374,-0.0463862090407,0.573826819451,0.818961085151,0.0025038346459,0.0,0.818924902006,-0.573765882883,-0.0116388751462,0.0,-0.00809532678361,0.00872931931562,-0.999929129823,0.0,0.641311454987,0.234420268365,0.303778626192,1.0,-0.03998,-0.0525451428571,1.351
0.448370547316,0.440441363185,-0.124359971766,-1.52271806906,0.0688379885338,1.95455103877,0.135413437236,-0.0399258011019,-0.192073986757,-0.00173078879812,-0.296176588582,-0.0128773218849,0.105687804362,-0.0462736814796,0.573794810618,0.818983559756,0.00248818375077,0.0,0.818947068924,-0.573733820784,-0.0116596779736,0.0,-0.00812168576991,0.00872812154775,-0.999928926532,0.0,0.640872109319,0.233846549692,0.303758333936,1.0,-0.0406085714286,-0.0533712653061,1.362
0.447483460671,0.435926464279,-0.124375589779,-1.52970353853,0.0683665936982,1.95696808128,0.134310882417,-0.0395748649367,-0.204984670054,-0.00109859399977,-0.30532743204,-0.0206644104744,0.101203610175,-0.0468921695839,0.573805830546,0.818975996511,0.00243574875858,0.0,0.818938664396,-0.573744856403,-0.0117068616695,0.0,-0.00819029806872,0.00871236205849,-0.999928504327,0.0,0.639917902199,0.232597696008,0.303727554385,1.0,-0.0419228571429,-0.0550986122449,1.385
0.447004105724,0.433439630869,-0.124385593206,-1.53336317288,0.0681131611873,1.95828580217,0.133739634906,-0.0380501981258,-0.211540814453,-0.00063459008354,-0.309638422222,-0.0212264154559,0.110218094892,-0.0510474427491,0.57382668497,0.818961032682,0.00255136539399,0.0,0.818925288352,-0.573765389253,-0.0116360256857,0.0,-0.00806572174359,0.00876660847079,-0.999929042837,0.0,0.639432141105,0.231937527295,0.303796250046,1.0,-0.0426085714286,-0.0559998367347,1.397
