position_joint1,position_joint2,position_joint3,position_joint4,position_joint5,position_joint6,position_joint7,velocity_joint1,velocity_joint2,velocity_joint3,velocity_joint4,velocity_joint5,velocity_joint6,velocity_joint7,ee_T_00,ee_T_10,ee_T_20,ee_T_30,ee_T_01,ee_T_11,ee_T_21,ee_T_31,ee_T_02,ee_T_12,ee_T_22,ee_T_32,ee_T_03,ee_T_13,ee_T_23,ee_T_33,v_x,v_y,time
0.465085432733,0.547878685105,-0.123987454429,-1.3558415618,0.0794605178358,1.89409706133,0.159158887257,-0.000843712173692,0.00111802360326,-0.00099484485221,-0.000339120213448,-0.000137954177368,-0.00229431514805,-0.00353909983116,0.573785280744,0.818991978345,0.00182699485854,0.0,0.818947567068,-0.573727553035,-0.0119299699778,0.0,-0.00872252035963,0.00834161476933,-0.999927164898,0.0,0.661670726228,0.26088990602,0.303140825477,1.0,0.0,0.0,0.0
0.465086377462,0.547886705808,-0.123981457243,-1.35583913268,0.0794619417801,1.89409837351,0.15916204074,-0.000456215441003,0.00344528864966,0.00135504434528,0.0015905784569,0.000381096138804,-0.000509839468732,-0.000967772719932,0.573783166843,0.818993463275,0.00182522935309,0.0,0.818948988972,-0.573725408617,-0.0119354878414,0.0,-0.00872807410915,0.00834331237943,-0.999927102273,0.0,0.661669627563,0.26089450355,0.303136217627,1.0,-4e-05,-5.25714285714e-05,0.003
0.465082563087,0.547878668245,-0.123987465112,-1.35584450688,0.0794625565115,1.89409791438,0.159157361396,-0.000787528498438,0.00175986904297,-0.00253911514503,-6.96401436828e-05,0.000385438470835,0.000376026860523,-0.0004470615654,0.573787095528,0.818990708194,0.00182641687004,0.0,0.818946268559,-0.573729350134,-0.0119326824064,0.0,-0.00872505503511,0.00834271708355,-0.999927133588,0.0,0.661670857828,0.260888039562,0.303139513999,1.0,-0.00036,-0.000473142857143,0.019
0.465085027824,0.547871931914,-0.123987793721,-1.35585105837,0.0794612282349,1.89409816021,0.159158516319,9.92167146979e-05,-0.000602533574236,-0.0010519076445,-0.00290070777172,-0.000327824418718,-3.7884601568e-06,-0.00359016917141,0.573786247872,0.818991302272,0.00182632318273,0.0,0.818946868922,-0.573728510155,-0.011931865747,0.0,-0.00872444856065,0.0083421627417,-0.999927143505,0.0,0.661669090407,0.26088859263,0.303141197837,1.0,-0.00068,-0.000893714285714,0.035
0.465086523141,0.547823914544,-0.123982983163,-1.35589286577,0.0794612250978,1.89410498923,0.159154654187,0.00112881015136,-0.0024680902156,-0.000231933066884,-0.00551962854536,-0.000620996605547,0.00225741348361,-0.00145015834883,0.573780745007,0.81899512485,0.00184093264333,0.0,0.818950821981,-0.573722888725,-0.0119308436342,0.0,-0.00871528537395,0.0083534824809,-0.999927128911,0.0,0.661660646688,0.260888500957,0.303155749904,1.0,-0.00104,-0.00136685714286,0.053
0.465080813974,0.547701817782,-0.123985337291,-1.35604131139,0.0794611268057,1.89412988971,0.159156057856,-0.00075785531556,-0.0099211092327,-0.000500881270735,-0.00869600529776,0.000104172755798,-0.000475142888712,0.00112115386074,0.573796249342,0.818984251692,0.0018457038583,0.0,0.8189399025,-0.573738266926,-0.0119408566845,0.0,-0.00872059054179,0.00836330033671,-0.99992700059,0.0,0.66163684517,0.260869019465,0.303173832405,1.0,-0.00138,-0.00181371428571,0.07
0.465073726875,0.547575765941,-0.123982256346,-1.35623443464,0.0794568120782,1.89416286661,0.159152444413,0.00125736835988,-0.00480464889102,-0.000299613274477,-0.0161419698367,0.000192106443228,0.000520656542757,0.000184578000201,0.573806339687,0.81897723342,0.00182279327919,0.0,0.818932450087,-0.573748324135,-0.0119686945079,0.0,-0.00875643231499,0.00836061832034,-0.999926709791,0.0,0.661603851564,0.260846377641,0.30317396397,1.0,-0.0017,-0.00223428571429,0.086
0.465050316663,0.547415978557,-0.123985284904,-1.35643351814,0.0794515754384,1.89428594469,0.159149083058,0.000170291424848,-0.0127349581646,-0.00520234562545,-0.0175721965379,0.000220546884107,0.00927515576578,0.00118690507227,0.57383493285,0.818957033839,0.00189564431782,0.0,0.81891322151,-0.57377662518,-0.0119275703847,0.0,-0.00868065839352,0.00839698641392,-0.999927065735,0.0,0.661594077246,0.260815131202,0.303203174589,1.0,-0.00202,-0.00265485714286,0.102
0.465028615602,0.54720878003,-0.123980727515,-1.35667080599,0.0794493896549,1.89442206239,0.159134730311,-0.000211995452791,-0.0122893172134,0.00526896405343,-0.00934268235913,0.000211620707306,0.00701609237227,-0.00487908303611,0.573850715917,0.818945743377,0.00199302472684,0.0,0.818903131846,-0.573791936618,-0.0118836453448,0.0,-0.00858864461124,0.00845169530082,-0.99992739938,0.0,0.661577030174,0.260786877468,0.303248665184,1.0,-0.00238,-0.003128,0.12
0.465002877385,0.547009710159,-0.12398071865,-1.35695730984,0.0794441413216,1.89454164786,0.159116046279,-0.000401075444499,-0.0163892266741,-0.000238024306034,-0.023962799649,0.00057135975406,0.00903767215024,-8.31111277292e-05,0.57387120098,0.818931306385,0.00202657566843,0.0,0.81888904092,-0.573812192719,-0.0118765756536,0.0,-0.00856339065916,0.00847532851566,-0.999927415939,0.0,0.66154742726,0.260745736433,0.303263674977,1.0,-0.0027,-0.00354857142857,0.136
0.464964647619,0.546758015755,-0.123977568536,-1.35733953936,0.0794363236827,1.89468044011,0.159082783201,-0.0020782935011,-0.019999517084,0.00140567543447,-0.0261483579578,-0.000257625604762,0.010381128944,-0.00248420437056,0.57389235477,0.818916442198,0.00204272758924,0.0,0.818874228695,-0.573833121283,-0.011886690028,0.0,-0.00856218600737,0.00849458105667,-0.999927262886,0.0,0.661503740915,0.260688361917,0.303271943169,1.0,-0.00304,-0.00399542857143,0.153
0.464926492422,0.546473712544,-0.123982867034,-1.35776645243,0.0794239935599,1.8948330977,0.158936521492,-0.00533372585259,-0.0202821864493,-0.000336289297333,-0.026413984667,1.55902852792e-05,0.00436899738949,-0.0122052859999,0.573828088587,0.818961435603,0.00205879710804,0.0,0.818919318571,-0.573768685599,-0.0118908367735,0.0,-0.00855702819326,0.00850944869548,-0.999927180624,0.0,0.66145557241,0.260621481962,0.303283496415,1.0,-0.00338,-0.00444228571429,0.17
0.464888067748,0.546200396289,-0.123983815226,-1.35822801872,0.0794025920945,1.89498967131,0.158927838528,-0.000706730693801,-0.0135284793841,0.000217022006078,-0.0292527227638,0.000178231105534,0.00964711718408,-0.000278703065067,0.573873182563,0.818929898682,0.00203427648152,0.0,0.818887388427,-0.573813801003,-0.0119127559907,0.0,-0.00858858149311,0.00850241824664,-0.999926969909,0.0,0.661399479379,0.260551474271,0.303270939495,1.0,-0.0037,-0.00486285714286,0.186
0.464832649848,0.545854935496,-0.123985693934,-1.35882430418,0.0793341413563,1.8951869591,0.158861872681,-0.00209339613643,-0.0138644350878,-8.1517722724e-05,-0.0364782033477,-0.00589750118877,0.00359690819569,-0.00081738096804,0.573880905744,0.818924644106,0.0019698221414,0.0,0.818881561261,-0.573822052272,-0.0119158656422,0.0,-0.00862803476288,0.00845150151561,-0.999927061909,0.0,0.661329701324,0.260449786815,0.30324880591,1.0,-0.00406,-0.005336,0.204
0.464767444247,0.545461941986,-0.123980430794,-1.35950261576,0.0792699093352,1.89542277306,0.158749688081,-0.00479222575683,-0.0208816903835,0.00143567649989,-0.0408416138489,-0.000115017016168,0.0166232045743,-0.00482744511466,0.573859528884,0.818939752816,0.00191553329014,0.0,0.81889611842,-0.573801056108,-0.0119265312387,0.0,-0.00866814240827,0.00841293834899,-0.999927040226,0.0,0.661250619192,0.260339954873,0.303224374765,1.0,-0.00442,-0.00580914285714,0.222
0.464722191388,0.545126798668,-0.123983611689,-1.36006745261,0.0792663903735,1.89560424672,0.158705737691,-0.00409646788916,-0.0220259015191,-0.00190423079018,-0.0392313030985,0.000829071195866,0.0231726701867,-0.00594571245494,0.573893268374,0.818916167879,0.00189034459511,0.0,0.818871898593,-0.573834601133,-0.0119754389958,0.0,-0.00872230340573,0.00842073601835,-0.999926503613,0.0,0.661178525204,0.260257284599,0.303208641468,1.0,-0.0047,-0.00617714285714,0.236
0.46464102194,0.544657975819,-0.123991509251,-1.36083514328,0.0792378036468,1.89587335501,0.158602599725,-0.00543453502831,-0.0258493566162,-0.00141411084905,-0.0421783955652,-0.00657198897002,0.0159180840132,-0.00629451854816,0.573915962325,0.818900304503,0.00187253172879,0.0,0.818855650919,-0.573857222154,-0.0120024347698,0.0,-0.0087544001808,0.00842188423615,-0.999926213449,0.0,0.661092556814,0.260127708007,0.30319866653,1.0,-0.00506,-0.00665028571429,0.254
0.46457353157,0.544183343327,-0.123988974848,-1.36161634532,0.0792029992943,1.89615610091,0.158515007717,-0.00329895695566,-0.0329063337708,0.000322982285576,-0.0442935759711,-0.000406332240028,0.0180045454314,-0.00049489518473,0.573932009466,0.818889089312,0.00185871409582,0.0,0.818844110993,-0.573873188314,-0.0120263264592,0.0,-0.00878173041313,0.00842445299944,-0.99992595216,0.0,0.661000643839,0.260011614987,0.303187152997,1.0,-0.0054,-0.00709714285714,0.271
0.464509044349,0.543736394758,-0.123987147095,-1.3623498152,0.0791690824579,1.89640647219,0.158415183005,-0.00282768948632,-0.0283277749574,0.000940014634001,-0.0485408485565,-0.00172618122988,0.0178797534785,-0.00864428336395,0.573933504354,0.818888097153,0.00183407264541,0.0,0.81884265225,-0.57387465198,-0.0120557692431,0.0,-0.00881996794579,0.00842118893273,-0.999925643107,0.0,0.660911757392,0.259900351306,0.303175934692,1.0,-0.0057,-0.00749142857143,0.286
0.4644191666,0.543163358707,-0.123995291443,-1.36326123067,0.0791044342305,1.89673463628,0.158300976458,-0.00633818974899,-0.0300654014088,0.00113333747151,-0.0534470932694,-0.00324813897917,0.02195381911,-0.00337682911167,0.573952726687,0.818874660963,0.00181770815616,0.0,0.818829113064,-0.573894049393,-0.0120519944831,0.0,-0.00882607093117,0.00840582929119,-0.999925718494,0.0,0.66081122549,0.259747380245,0.30317620039,1.0,-0.00606,-0.00796457142857,0.304
0.464347307579,0.542582138104,-0.123999168551,-1.36416972319,0.0790546245734,1.89705273114,0.158181274112,-0.00218504291661,-0.0347099015553,0.00183987270992,-0.0534871347014,0.000240513034046,0.0260931995747,-0.00562553989174,0.573953366146,0.818874225157,0.00181211618869,0.0,0.818828542432,-0.573894654572,-0.0120619423981,0.0,-0.00883742008867,0.0084069667593,-0.999925608691,0.0,0.660702940957,0.259610970302,0.303182583238,1.0,-0.0064,-0.00841142857143,0.321
0.464255955057,0.541978414006,-0.124005197489,-1.3651127051,0.078997984441,1.89741001234,0.15804713393,-0.00585613559126,-0.0366700672964,-0.000342483662043,-0.0562238701561,-0.00143423547228,0.0191560730961,-0.0051317180876,0.573959876153,0.818869632361,0.00182555896606,0.0,0.818824155717,-0.573901133692,-0.0120514589086,0.0,-0.00882105319827,0.00841202759935,-0.999925710647,0.0,0.660600903314,0.259458198132,0.30319184899,1.0,-0.00674,-0.00885828571429,0.338
0.464180962497,0.541277346121,-0.124012908566,-1.36617107445,0.0789386234632,1.8978068642,0.157911454313,-0.00514096542927,-0.0406691845771,-0.000491142865723,-0.0697138033591,-0.0038784796614,0.0232484795,-0.00278553895586,0.573958461323,0.818870546839,0.00185986459224,0.0,0.818825514149,-0.573899565325,-0.0120338356305,0.0,-0.00878694725825,0.00842998866669,-0.999925859676,0.0,0.660478827594,0.259305095798,0.303218415741,1.0,-0.0071,-0.00933142857143,0.356
0.464093054389,0.540625043865,-0.124005915574,-1.36717719517,0.0788762898636,1.89817611278,0.157793845531,-0.00856290670699,-0.0427099255065,0.000471774493277,-0.0628817892867,-0.00222262864964,0.0210859573957,0.000685050804263,0.573968300798,0.818863618673,0.00187365819235,0.0,0.818818732115,-0.573909311058,-0.0120305244811,0.0,-0.00877621789821,0.00843948860592,-0.999925873768,0.0,0.660361977291,0.259155201807,0.303232389609,1.0,-0.00742,-0.009752,0.372
0.463998822757,0.539932764368,-0.124014043135,-1.36822379033,0.0788077560908,1.89856423004,0.157661680649,-0.00603804661963,-0.044928913958,-0.000903945201584,-0.0621633824248,-0.00401195965364,0.0231345319496,-0.00588168503928,0.573982515872,0.8188535994,0.00189766297642,0.0,0.818809110378,-0.573923501885,-0.0120083990075,0.0,-0.00874417572201,0.00844659743064,-0.99992609446,0.0,0.660245858878,0.258988375562,0.303257374906,1.0,-0.00774,-0.0101725714286,0.388
0.463901346293,0.539175389571,-0.124014833469,-1.369393867,0.0787445544495,1.89901154562,0.157518144801,-0.00484602743087,-0.0467246596341,-0.000892144815115,-0.0694849941641,-0.00618990046861,0.0250833613742,-0.00793759959029,0.573993229678,0.818846013403,0.00193016016034,0.0,0.818801892888,-0.573934021389,-0.0119977580046,0.0,-0.00871669955259,0.00846721367893,-0.999926159995,0.0,0.660113362423,0.258814742735,0.303274387036,1.0,-0.00808,-0.0106194285714,0.405
0.463783955754,0.538362846613,-0.124014813789,-1.37065483823,0.0786817358847,1.89949897607,0.157362931393,-0.00636949166718,-0.0443707880732,0.000335364040829,-0.0722302917554,-0.00663916625617,0.0321024519607,-0.00682103833384,0.574015200999,0.818830517981,0.00196945327931,0.0,0.818786805349,-0.573955720793,-0.0119893643306,0.0,-0.00868704568115,0.00849480328623,-0.999926184053,0.0,0.659973978961,0.258621162937,0.303290435883,1.0,-0.00844,-0.0110925714286,0.423
0.463690866509,0.537664390495,-0.124023369887,-1.37175315441,0.0786172872754,1.89991795057,0.157226040224,-0.00558435187949,-0.0489887513963,-0.00153482914951,-0.0707748436692,-0.00245088372728,0.0285733010207,-0.00807705131145,0.574028741166,0.818820991829,0.00198357160222,0.0,0.818777494902,-0.573969230487,-0.0119784471953,0.0,-0.00866986186863,0.00850024040806,-0.999926286987,0.0,0.659851119284,0.258451562098,0.303297526119,1.0,-0.00874,-0.0114868571429,0.438
0.463574786472,0.536833128754,-0.12402119756,-1.37305012171,0.0785419603356,1.90040806102,0.157061538145,-0.00480834931529,-0.0497622501031,0.00055298044639,-0.0765216763681,-0.000812793966441,0.0327126145326,-0.017066613645,0.574038863683,0.818813841622,0.0020056546091,0.0,0.818770594624,-0.573979221452,-0.0119713667517,0.0,-0.0086512832924,0.00851436471168,-0.999926327732,0.0,0.659703748302,0.258254261221,0.303309524363,1.0,-0.00908,-0.0119337142857,0.455
0.463465309825,0.535971531071,-0.124030094114,-1.374403004,0.0784582754004,1.90090228842,0.156902852106,-0.00752692107396,-0.0481813568504,0.00175565465082,-0.0847901137993,-0.000830074152503,0.0255641569578,-0.00887722474445,0.574058694678,0.818799934152,0.00200743589037,0.0,0.818756708,-0.573999040157,-0.0119708773704,0.0,-0.00864965386098,0.0085157517931,-0.999926330016,0.0,0.659535835942,0.258035467231,0.303318906866,1.0,-0.00944,-0.0124068571429,0.473
0.463342901619,0.53506197168,-0.124036085021,-1.37582555361,0.0783817315279,1.901411144,0.15672711473,-0.00985510525397,-0.057372350969,-0.00170655457891,-0.0840694655749,-0.00286466126706,0.0296071929429,-0.0107388256322,0.57407471107,0.818788711326,0.00200479836942,0.0,0.818745394378,-0.574015010126,-0.0119789079817,0.0,-0.00865757695831,0.00851837157522,-0.999926239133,0.0,0.659378203455,0.257828621291,0.303325925529,1.0,-0.00976,-0.0128274285714,0.489
0.463219145258,0.534178460204,-0.124039264145,-1.3772946095,0.0782981483159,1.90194957457,0.156546569707,-0.00716082655823,-0.0536893655229,-0.000661006562069,-0.0817534998538,-0.00189229677463,0.0320856383588,-0.0170617243877,0.574088585443,0.818779080319,0.00196484011273,0.0,0.818735177637,-0.574028988779,-0.0120073245651,0.0,-0.00870363855347,0.00850211538531,-0.999925977615,0.0,0.65920452809,0.257605402637,0.303296778197,1.0,-0.0101,-0.0132742857143,0.506
0.463091178006,0.53325338828,-0.124037525976,-1.37877656951,0.0782187332836,1.90250786029,0.156357957685,-0.010403035766,-0.052063496078,-0.000627497133254,-0.0861182237637,9.10926580806e-05,0.0337507700869,-0.0124264284566,0.57409757462,0.818772763867,0.00197049887834,0.0,0.818728825531,-0.574037845686,-0.0120170239966,0.0,-0.00870823868064,0.00851241245327,-0.999925849958,0.0,0.659032268682,0.257383318056,0.303292178868,1.0,-0.01044,-0.0137211428571,0.523
0.462976432834,0.532414746717,-0.124037554173,-1.3801573016,0.0781297032075,1.90302323476,0.156199373392,-0.0100590414722,-0.0560608397319,-0.000558096336321,-0.101932245166,-0.00339458565796,0.0345940057015,-0.00613898130506,0.574113260906,0.818761831627,0.00194258172672,0.0,0.818717563202,-0.574053683094,-0.0120277816818,0.0,-0.00873291050088,0.00849589831281,-0.999925775238,0.0,0.658869911951,0.257175366278,0.303270963245,1.0,-0.01074,-0.0141154285714,0.538
0.462831321402,0.53130881273,-0.124037181447,-1.38193963427,0.0780385007243,1.90367070428,0.155966322518,-0.00821900869038,-0.0538480164276,-0.000318705916952,-0.101334103485,-0.00244925169423,0.0292734961617,-0.00825383378404,0.574113639574,0.818761604634,0.00192627433457,0.0,0.818716921149,-0.57405393591,-0.0120593777416,0.0,-0.00876813892101,0.00850069030333,-0.999925426221,0.0,0.658654730098,0.256912105859,0.303258283502,1.0,-0.01112,-0.0146148571429,0.557
0.462703009082,0.530332184488,-0.124039312682,-1.38349722482,0.0779339404273,1.9042120438,0.155765680334,-0.00555301828549,-0.0652586121861,-0.000302641587521,-0.0955653791973,-0.00595835549788,0.0409385482964,-0.0110947385034,0.574112257646,0.81876266549,0.00188682859763,0.0,0.818717496034,-0.574052754761,-0.0120765616306,0.0,-0.00880486815738,0.00847824487972,-0.99992529404,0.0,0.658463920968,0.256674137257,0.303252029633,1.0,-0.01144,-0.0150354285714,0.573
0.462569599822,0.52934307433,-0.124038009133,-1.38504996103,0.0778396812224,1.90479354075,0.155549295793,-0.010394349337,-0.0665886097642,-0.000723100895472,-0.0985984672326,-0.00459155838853,0.0370578946029,-0.0163842661224,0.574104137429,0.818768321948,0.00190296151846,0.0,0.818723369933,-0.574044571364,-0.0120673325235,0.0,-0.00878813407029,0.00848606797982,-0.99992537489,0.0,0.658270708115,0.25642124196,0.303264985069,1.0,-0.01178,-0.0154822857143,0.59
0.462431114515,0.528247927593,-0.124042882422,-1.38675628332,0.0777311968217,1.90544208897,0.15531090409,-0.00267304315103,-0.0656757213171,-0.000742710435937,-0.101462271463,-0.00457369727666,0.0431898035796,-0.0139950776646,0.574087334981,0.818780043654,0.00192842676083,0.0,0.818735471154,-0.574027705637,-0.0120485823853,0.0,-0.00875833704749,0.00849597351828,-0.999925552212,0.0,0.658083643007,0.256184249785,0.303275394458,1.0,-0.0121,-0.0159028571429,0.606
0.462284132782,0.527099864734,-0.124045039631,-1.38851190533,0.0776215898071,1.90612060564,0.155066807215,-0.0104436886235,-0.074931799295,-0.000586025210609,-0.105591899943,-0.00256591892273,0.0425448650902,-0.018641620624,0.574074861555,0.818788652413,0.00198567649912,0.0,0.818744887194,-0.574015046301,-0.0120117948292,0.0,-0.00869548052862,0.008521596002,-0.999925882763,0.0,0.657882082695,0.255921264618,0.303306745642,1.0,-0.01244,-0.0163497142857,0.623
0.462142748069,0.525996626288,-0.124041429087,-1.39020993505,0.0775109002469,1.90674866181,0.154846834276,-0.009375022257,-0.0709671884693,-0.000664602482004,-0.106717241376,-0.00482288180418,0.0374253525905,-0.013322149349,0.574069640053,0.818792252544,0.0020105829726,0.0,0.818748842536,-0.57400974951,-0.0119952996717,0.0,-0.00866773109034,0.00853246412288,-0.999926031011,0.0,0.65767955663,0.255668021387,0.303329109665,1.0,-0.01276,-0.0167702857143,0.639
0.461966997923,0.524773267744,-0.124046678266,-1.39216840533,0.0773882815165,1.90743425137,0.154577046259,-0.00888880660121,-0.0668966910261,0.00188411611693,-0.114689343114,-0.0134474726102,0.0392241152965,-0.0114538924381,0.574068436834,0.818793205357,0.00196560241455,0.0,0.818749176907,-0.574008706877,-0.0120223394426,0.0,-0.0087157047522,0.00851114483584,-0.999925795699,0.0,0.657441390282,0.255359716903,0.303317026416,1.0,-0.01312,-0.0172434285714,0.657
0.461815230013,0.523566609836,-0.124052331916,-1.39408395564,0.0772657373236,1.9081379608,0.154317487178,-0.0081068509646,-0.0749598945576,0.00104267902675,-0.11221032697,-0.00705694522187,0.0406114378603,-0.0152568561749,0.57405390547,0.81880341706,0.00195569087126,0.0,0.818759303284,-0.573994262762,-0.0120223334901,0.0,-0.00872154031953,0.00850287129465,-0.999925815205,0.0,0.657209810185,0.255073085673,0.303314871866,1.0,-0.01346,-0.0176902857143,0.674
0.461665960775,0.522420011197,-0.124061399359,-1.39589883146,0.0771708461784,1.9088511713,0.154068907283,-0.00827565235305,-0.0675170723664,-0.00215297768331,-0.11750710304,-0.00235842923963,0.0549531101367,-0.0149062342245,0.574051011544,0.818805344555,0.00199769235787,0.0,0.818761713555,-0.573991126023,-0.0120079375587,0.0,-0.00868567299035,0.00852896692928,-0.999925905159,0.0,0.657000282295,0.25480235422,0.303319080964,1.0,-0.01378,-0.0181108571429,0.69
0.461503178349,0.521166808549,-0.124058107207,-1.39789807388,0.077031238886,1.909625337,0.153796005721,-0.00796941249418,-0.0728779842125,0.00456681835253,-0.117971779683,-0.00694402688789,0.042978419447,-0.0119913294014,0.574027782359,0.818821600032,0.00200980159127,0.0,0.818778288873,-0.573968007684,-0.0119827679122,0.0,-0.00865835407964,0.00852418771606,-0.99992618284,0.0,0.656764721431,0.254506457915,0.303314959532,1.0,-0.01412,-0.0185577142857,0.707
0.461335964835,0.519871031846,-0.124070487123,-1.39994686559,0.0769061463139,1.91036073339,0.153521182705,-0.00784811329531,-0.0740334483229,-0.000675290306243,-0.125265446527,-0.00847082852363,0.0455858243029,-0.0106545085771,0.574023691707,0.818824511866,0.00199173984931,0.0,0.818780960989,-0.573963989725,-0.0119926361151,0.0,-0.0086768445187,0.00851501986449,-0.999926100672,0.0,0.656514023982,0.254192982325,0.30331394932,1.0,-0.01446,-0.0190045714286,0.724
0.461172660597,0.518583267724,-0.124069027628,-1.40190488199,0.0767813636682,1.91105602287,0.153260861128,-0.00564344158764,-0.0821196576804,0.000525990170768,-0.122605569795,-0.00620402039543,0.0417735540426,-0.0128716097777,0.5740132359,0.818831791882,0.00201209247701,0.0,0.818788481078,-0.573953424323,-0.01198485976,0.0,-0.00865890353626,0.00852711044901,-0.999926153162,0.0,0.65627171602,0.253898205776,0.303346154763,1.0,-0.01478,-0.0194251428571,0.74
0.460969271129,0.517068667382,-0.124077355578,-1.40428664095,0.0766219591098,1.91191940392,0.152925553411,-0.00783891459213,-0.0829892054999,-0.00200849655155,-0.128662856493,-0.0105081723922,0.0428313820375,-0.0230096296355,0.57399402613,0.81884528946,0.00199919888929,0.0,0.818801912116,-0.573934371231,-0.0119796968655,0.0,-0.00866227616566,0.00851338621797,-0.999926240893,0.0,0.655982127767,0.253529974112,0.303350346887,1.0,-0.01516,-0.0199245714286,0.759
0.46079849792,0.515800398226,-0.124083310929,-1.40633130115,0.0764990074264,1.91269195876,0.152644585948,-0.0111808770777,-0.082022475169,-0.00218928830093,-0.128259340728,-0.0019356082297,0.049811959506,-0.0201624924695,0.573983005402,0.818853029042,0.00199329890979,0.0,0.818809569877,-0.573923371963,-0.0119832505366,0.0,-0.00866868706714,0.00851047823354,-0.99992621009,0.0,0.655736169564,0.253221021022,0.303333870421,1.0,-0.01548,-0.0203451428571,0.775
0.460630569953,0.51456353504,-0.124081951217,-1.40829728161,0.0763749212895,1.91341866224,0.152383292692,-0.0133934453824,-0.0860061326337,0.000388426584005,-0.132101518198,-0.00383885362231,0.0464245177614,-0.019769047971,0.573986588233,0.818850559192,0.0019761430431,0.0,0.818806848088,-0.573926999342,-0.0119954929772,0.0,-0.00868852156611,0.00850349526327,-0.99992609735,0.0,0.655479598615,0.25289772448,0.303323182539,1.0,-0.0158,-0.0207657142857,0.791
0.460428595745,0.513094957811,-0.124087965933,-1.41069799042,0.0762341775059,1.91424255074,0.152051649994,-0.0127049325543,-0.0850688728714,-0.001393360179,-0.131260197375,-0.00828889035011,0.0499049561277,-0.0139685303054,0.57396147822,0.81886834327,0.0018986339636,0.0,0.818823467163,-0.573902076695,-0.0120533352298,0.0,-0.00878063373029,0.00847295928163,-0.999925551945,0.0,0.655188115497,0.252555656737,0.303286392516,1.0,-0.01614,-0.0212125714286,0.808
0.460237159692,0.511657699746,-0.124095655334,-1.41299740173,0.0761011946693,1.91508417992,0.151733039512,-0.0125538782412,-0.0804737220648,-0.00100809920382,-0.135921181673,-0.0141129072834,0.0495222101274,-0.0190277743712,0.573947334927,0.818878293285,0.00188266238006,0.0,0.81883311464,-0.57388791449,-0.0120722356279,0.0,-0.00880542405182,0.00847057685057,-0.999925354132,0.0,0.654903546536,0.252207400266,0.303271916531,1.0,-0.01648,-0.0216594285714,0.825
0.460030482318,0.510187584409,-0.124091508971,-1.41532213741,0.0759561253362,1.91597186616,0.151408177692,-0.015262142846,-0.0825359681551,0.000572425422304,-0.141854749227,-0.0122890951538,0.0495216591338,-0.0201504997569,0.573929895332,0.818890457394,0.00190812322256,0.0,0.818845613059,-0.573870367427,-0.0120586178597,0.0,-0.00877984075899,0.00848342294822,-0.999925470188,0.0,0.654623913105,0.251854723884,0.303271496307,1.0,-0.01682,-0.0221062857143,0.842
0.459838437952,0.508770482351,-0.124097207996,-1.41755501219,0.0758110433586,1.91677314647,0.151094386258,-0.0116654176111,-0.0889621084576,0.000748774464585,-0.140348006654,-0.00866833952819,0.0513591855815,-0.024512084361,0.573910947992,0.818903777839,0.00189032225679,0.0,0.818858723856,-0.573851522225,-0.0120651442312,0.0,-0.00879559722904,0.00847238835398,-0.999925425272,0.0,0.654345178889,0.251510370194,0.303270017433,1.0,-0.01714,-0.0225268571429,0.858
0.459620472165,0.507245773466,-0.124101116838,-1.41995304074,0.0756568582961,1.91764479327,0.15076585671,-0.0159937797253,-0.0880578538813,0.000743431872601,-0.141323714132,-0.00381148159231,0.0567773124586,-0.0201079945819,0.573907814333,0.818905985576,0.00188529503719,0.0,0.818860841728,-0.573848387678,-0.0120704906863,0.0,-0.00880289303743,0.00847130630766,-0.999925370237,0.0,0.654031363906,0.251115160937,0.303269315197,1.0,-0.0175,-0.023,0.876
0.459416288043,0.505767391827,-0.124108789532,-1.42224680873,0.0755198537913,1.91851341738,0.150450240649,-0.0116599820196,-0.0953342686412,-1.6197594819e-05,-0.142302066362,-0.0109739867217,0.0536221826136,-0.0156092909626,0.573901586819,0.818910249331,0.00192849364629,0.0,0.818865702264,-0.573842004228,-0.0120441994548,0.0,-0.00875663631178,0.00849152597125,-0.999925604886,0.0,0.653772525453,0.25078136615,0.303288075839,1.0,-0.0178,-0.0233942857143,0.891
0.459176938674,0.504019044421,-0.124113245832,-1.42487307888,0.0753534034415,1.91951986775,0.150081054249,-0.0148356841876,-0.0940042985888,0.000581795417627,-0.147069409423,-0.00770662440338,0.0482770655655,-0.0193402933981,0.573888758047,0.818918985124,0.00203373821572,0.0,0.818875896322,-0.573828811528,-0.0119794984854,0.0,-0.00864338757065,0.00854044314207,-0.999926173616,0.0,0.653459055082,0.250375120934,0.303346943693,1.0,-0.01816,-0.0238674285714,0.909
0.458948627363,0.502337303258,-0.124124840708,-1.42736699254,0.0751984116653,1.92045071104,0.149739700699,-0.00674820691937,-0.0984599022605,-0.000516246172596,-0.152824923117,-0.00910152272746,0.0549289744738,-0.0276715015006,0.57389043589,0.818917558193,0.00213245816491,0.0,0.818875810039,-0.573830134607,-0.0119218811876,0.0,-0.00853953348792,0.00858823734875,-0.999926656584,0.0,0.653157606834,0.249983588982,0.303415242331,1.0,-0.0185,-0.0243142857143,0.926
0.458725154575,0.500724177518,-0.124128327743,-1.42980499313,0.0750373107482,1.92130054225,0.149390773135,-0.00927877823169,-0.105124758215,-0.00205328006062,-0.154354582721,-0.0166672463881,0.0553687840846,-0.0273432034457,0.573870673695,0.818931360588,0.00215021392414,0.0,0.818889845336,-0.57381030433,-0.0119122941468,0.0,-0.00852170041636,0.00859707013532,-0.99992673282,0.0,0.652847812964,0.249599434654,0.303454375875,1.0,-0.01882,-0.0247348571429,0.942
0.458463357643,0.49891046572,-0.124130912383,-1.43257901256,0.0748633754946,1.92231962077,0.149007816767,-0.0159911842782,-0.103087358356,-0.0011825028119,-0.156653518537,-0.00321323288949,0.0596665686209,-0.0224351086728,0.573867411837,0.818933517613,0.00219869543577,0.0,0.81889261945,-0.573806833153,-0.0118887736063,0.0,-0.0084746518878,0.00862324122827,-0.999926907322,0.0,0.652504982148,0.249163009992,0.30348755151,1.0,-0.01918,-0.025208,0.96
0.458204889949,0.497230273468,-0.124131702763,-1.43523120196,0.0746935301097,1.9232939678,0.148608635286,-0.0154458054367,-0.100789264519,0.00180728793162,-0.157880431912,-0.0159473934784,0.0589178750099,-0.0191911477599,0.573841269931,0.818951841213,0.00219672451667,0.0,0.818910911206,-0.57378069612,-0.0118902972525,0.0,-0.00847730591959,0.00862223095555,-0.999926893537,0.0,0.652176369784,0.248740274263,0.30348107195,1.0,-0.01952,-0.0256548571429,0.977
0.457956332626,0.4956483562,-0.124129167595,-1.43776298913,0.0745395938492,1.92416100136,0.148239576726,-0.0159674138342,-0.10398761069,-0.000560003677562,-0.1549246589,-0.0155061131851,0.0538951468999,-0.0263507002573,0.57382675065,0.818962190737,0.00213008990828,0.0,0.818920197298,-0.573766251528,-0.0119476342863,0.0,-0.00856265190468,0.00860041139296,-0.999926354246,0.0,0.65184758399,0.248334447196,0.303453441038,1.0,-0.01984,-0.0260754285714,0.993
0.457671814882,0.49395948892,-0.124133595173,-1.44054058976,0.0743652748196,1.92514731053,0.147851303977,-0.0220631900887,-0.109723879815,-0.000139430159877,-0.171020355012,-0.0128875241474,0.0631335847628,-0.0305945239009,0.573837522576,0.818954873444,0.00203957011995,0.0,0.818911607656,-0.573777307851,-0.0120052798126,0.0,-0.00866169012137,0.00855947246772,-0.999925852529,0.0,0.651496207241,0.24787828155,0.303393371629,1.0,-0.0220371428571,-0.0289631020408,1.01
0.457385163523,0.491825350777,-0.124184087196,-1.44390341939,0.0741637911011,1.92640548348,0.147369642081,-0.0152032023306,-0.122714569226,-0.00140071047943,-0.200654633986,-0.00999613854508,0.0753897810016,-0.0265131338438,0.573828586585,0.818961095763,0.00205517545648,0.0,0.818918157633,-0.573768430118,-0.0119827625914,0.0,-0.0086343878256,0.0085592370115,-0.999926090673,0.0,0.651079487054,0.247344290221,0.303388780682,1.0,-0.0261514285714,-0.0343704489796,1.028
0.457069781682,0.489796646093,-0.124188792708,-1.44718414464,0.07397878237,1.92757124389,0.146901538495,-0.0239967627358,-0.138986435665,-0.00100118772193,-0.231497057531,-0.0125537456896,0.0829308072005,-0.0314398251458,0.573820741135,0.818966751842,0.0019908094273,0.0,0.818922672292,-0.573760562212,-0.012050765844,0.0,-0.00872709664782,0.0085454628907,-0.999925403642,0.0,0.650655506118,0.246823457677,0.303339630891,1.0,-0.02958,-0.0388765714286,1.043
0.456639731254,0.487121652824,-0.124210006876,-1.45136947472,0.0737222053032,1.92912375112,0.146284528544,-0.0240278478734,-0.166754701953,3.45786627746e-05,-0.257998640029,-0.020696378457,0.097457161827,-0.0369154524777,0.573821386125,0.818966221195,0.00202293530316,0.0,0.818922549909,-0.573761058287,-0.0120354536589,0.0,-0.00869611593017,0.0085629929021,-0.999925523587,0.0,0.650138593781,0.246134558895,0.303341821975,1.0,-0.0334657142857,-0.0439835102041,1.06
0.45617005919,0.484092281186,-0.124263974642,-1.45598989568,0.0734292358365,1.93084096815,0.145587427016,-0.0247976430384,-0.180003609302,0.00105538181428,-0.285197980511,-0.0186808399713,0.101668830549,-0.0416137352106,0.573817405637,0.818968792251,0.00210931492213,0.0,0.818926399216,-0.573756864461,-0.0119733058282,0.0,-0.00859569539123,0.00859803049994,-0.999926091215,0.0,0.649534624897,0.245317794549,0.303390105381,1.0,-0.03758,-0.0493908571429,1.078
0.455662845434,0.48095407033,-0.124317932147,-1.4608934723,0.0731335748536,1.9325374305,0.144859037922,-0.0323949821122,-0.210403749552,-0.00857911628374,-0.322145519369,-0.0218482688981,0.102941688276,-0.0450247002137,0.573840149596,0.818952991186,0.00205617135329,0.0,0.818909851077,-0.573779774443,-0.0120072124502,0.0,-0.00865371962754,0.0085742046454,-0.999925795322,0.0,0.648942142861,0.244526893217,0.303387657484,1.0,-0.0410085714286,-0.0538969795918,1.093
0.455036616715,0.477092158909,-0.124368671157,-1.46686271238,0.0727654106411,1.93470255898,0.14398193516,-0.0388233628866,-0.224061216958,-0.00438029077829,-0.339239475939,-0.0264808774058,0.127877194684,-0.0506448680358,0.57386167921,0.818937796008,0.00209912016938,0.0,0.818895216226,-0.573801121145,-0.0119852040048,0.0,-0.00861082483082,0.00859697427924,-0.999925970124,0.0,0.648188672742,0.243522908923,0.303411034493,1.0,-0.0451228571429,-0.0593043265306,1.111
0.45436493671,0.473111679115,-0.124403510198,-1.47297533459,0.072402844401,1.93693520614,0.143096067778,-0.0435282525737,-0.241577463831,-0.00393121305334,-0.376354373532,-0.0208547677916,0.132072624666,-0.0515615310499,0.573908014931,0.818905085846,0.00219035972014,0.0,0.818863514034,-0.573846890904,-0.0119598530038,0.0,-0.0085372177033,0.00865762783987,-0.999926077965,0.0,0.647417181163,0.242489654676,0.303449972619,1.0,-0.0490085714286,-0.0644112653061,1.128
0.453728148652,0.469332122044,-0.12442483063,-1.47871823434,0.0720554788242,1.93901222552,0.142207199122,-0.0443964995519,-0.257871982141,0.000177081157519,-0.385431688403,-0.0236308944087,0.155046124604,-0.0657723463288,0.573895974189,0.818913178042,0.00231614760861,0.0,0.81887310645,-0.573834201492,-0.01191182743,0.0,-0.00842582996683,0.00873294893091,-0.999926367785,0.0,0.646635729892,0.241455573879,0.303517676532,1.0,-0.0526657142857,-0.0692177959184,1.144
0.452911912402,0.464454362304,-0.124440250407,-1.48609874451,0.0715719994252,1.94169950414,0.141021831098,-0.044260303907,-0.275576692321,-0.00221976841782,-0.432764939415,-0.0326037197379,0.148972363909,-0.0651565554385,0.573822421007,0.818964349098,0.00244355412272,0.0,0.818925923028,-0.573760146168,-0.0118479603001,0.0,-0.00830120294855,0.00879988450386,-0.999926823354,0.0,0.645732404646,0.240281232708,0.303593701152,1.0,-0.0565514285714,-0.0743247346939,1.161
0.452073450753,0.459563824677,-0.124458653249,-1.49366573902,0.0710711853117,1.94428714935,0.139908915834,-0.0516090270922,-0.294279585957,-0.00488847828173,-0.45187622173,-0.0306365555592,0.162423069423,-0.0673587834777,0.573826384806,0.818961810544,0.00236217516993,0.0,0.818922103173,-0.573764193472,-0.0119157931202,0.0,-0.00840340976822,0.00877220283855,-0.999926212859,0.0,0.644712998231,0.238996273945,0.303585220865,1.0,-0.0604371428571,-0.0794316734694,1.178
0.451235317226,0.454759837655,-0.124479321663,-1.50115357834,0.0705642425678,1.94692892514,0.138751720483,-0.0554633369196,-0.307667347109,0.000619389070964,-0.472306887264,-0.0341270833269,0.168524349383,-0.0707867540572,0.573786125453,0.818990165618,0.00231035908064,0.0,0.818949766149,-0.573724128529,-0.0119436915974,0.0,-0.0084564200216,0.00874536092939,-0.999926001073,0.0,0.643712747556,0.237722534651,0.303554226561,1.0,-0.0640942857143,-0.0842382040816,1.194
0.450206766241,0.448924674133,-0.12451706812,-1.50981778293,0.0699682730221,1.95021677079,0.137366029616,-0.064247635912,-0.32650085935,-0.00334648404638,-0.492899320174,-0.0325230783865,0.191159487401,-0.0686230470408,0.57375229997,0.819012770927,0.00266950173692,0.0,0.818977614909,-0.573689563318,-0.0116917970469,0.0,-0.0080444206908,0.0088946288611,-0.999928083851,0.0,0.642614063077,0.236221718896,0.303720414226,1.0,-0.0682085714286,-0.0896455510204,1.212
0.449227599908,0.443530618197,-0.124549179778,-1.51812473764,0.0694198176729,1.95301464793,0.136117549734,-0.0642458294161,-0.348272265445,-0.00254771541744,-0.527749324368,-0.0346637702662,0.170545156077,-0.0797455374594,0.573776605169,0.818996062074,0.00256993561121,0.0,0.818959285195,-0.573713866287,-0.0117828572159,0.0,-0.0081758633749,0.0088655711334,-0.999927275809,0.0,0.641467854967,0.234770364487,0.30370486798,1.0,-0.0718657142857,-0.0944520816326,1.228
0.448124521576,0.437567896634,-0.124575531239,-1.52745345214,0.0687767371509,1.95612055053,0.134604193941,-0.0694696881054,-0.35615133814,-0.0027739895498,-0.555897003527,-0.0338743276117,0.186513468938,-0.0865712044429,0.57369368072,0.819054850492,0.00233655487995,0.0,0.819014706965,-0.57363150188,-0.0119397122158,0.0,-0.00843912019802,0.00876357898417,-0.999925987728,0.0,0.640156250128,0.233139175951,0.303611417982,1.0,-0.0757514285714,-0.0995590204082,1.245
0.446936023313,0.431209497713,-0.124609571839,-1.5368789049,0.0681341281913,1.95963024951,0.133073217825,-0.0707705257945,-0.379215082793,-0.000991922143847,-0.566690928013,-0.0344626333564,0.202572597648,-0.0906866752163,0.573671561395,0.819069254411,0.0026912871023,0.0,0.819034099893,-0.573608446515,-0.0117149562296,0.0,-0.00805177047207,0.00892496497451,-0.999927754387,0.0,0.638917290274,0.231471338958,0.303766698086,1.0,-0.0796371428571,-0.104665959184,1.262
0.445630437225,0.424725838979,-0.124675377884,-1.54688722115,0.0674152023878,1.96299272634,0.131443877214,-0.0844456925072,-0.393325012596,-0.00563692858587,-0.591474738572,-0.0404940144823,0.194949098289,-0.102786508527,0.573682068198,0.819062439775,0.00252017453624,0.0,0.819025121372,-0.573619639913,-0.0117943278669,0.0,-0.00821482750903,0.00883045067263,-0.99992726723,0.0,0.637521988705,0.229626798621,0.303709253485,1.0,-0.0835228571429,-0.109772897959,1.279
0.444327544304,0.418341375586,-0.124794924973,-1.55667149006,0.0667031139584,1.96624858794,0.129863331787,-0.0783437445688,-0.397404911142,-0.00403439892752,-0.606231623815,-0.0434518181773,0.209531714214,-0.101451007681,0.573754706054,0.819012053578,0.00235377902799,0.0,0.818972850177,-0.573693197142,-0.0118462283679,0.0,-0.00835201760908,0.00872467837144,-0.999927059234,0.0,0.63615346476,0.22777522556,0.303672997708,1.0,-0.08718,-0.114579428571,1.295
0.44286989386,0.411230056075,-0.124837551895,-1.56727798988,0.0659881320174,1.97007795987,0.128058082179,-0.0879560658512,-0.414100221601,-0.000457180575347,-0.630284369878,-0.0459215652771,0.217657043666,-0.123498812154,0.573741813596,0.819020247895,0.00262902489172,0.0,0.818984648682,-0.573679312301,-0.0117020836877,0.0,-0.00807618178244,0.00886727646773,-0.999928070761,0.0,0.634704641164,0.225825180533,0.303773858316,1.0,-0.0910657142857,-0.119686367347,1.312
0.441302217448,0.403975580438,-0.124896169806,-1.57842121174,0.0652061849963,1.97371642646,0.126258637399,-0.0952538257352,-0.424385032045,-0.00472478873546,-0.668878049462,-0.0418563703477,0.216269161313,-0.112096845552,0.573825583583,0.818962307276,0.00238448886673,0.0,0.818923115694,-0.573763540272,-0.0118775981468,0.0,-0.00835933335235,0.00876855156201,-0.999926614332,0.0,0.632995004767,0.223589426858,0.30367716165,1.0,-0.09518,-0.125093714286,1.33
0.439752298661,0.396808098778,-0.124990051108,-1.58896797929,0.0644514435478,1.97747129954,0.12442121942,-0.099059395401,-0.452499602227,-0.000247085831752,-0.672693336,-0.056687174762,0.242187804723,-0.118414200394,0.57386788282,0.818931715509,0.00269170992092,0.0,0.818896950382,-0.573805167359,-0.0116688246204,0.0,-0.00801160775099,0.00890076809284,-0.999928292663,0.0,0.631634387122,0.221688276753,0.303824710251,1.0,-0.0986085714286,-0.129599836735,1.345
0.43780784265,0.388153759891,-0.125023793042,-1.60213427372,0.0634405743366,1.98184619269,0.122182411328,-0.103337560846,-0.458961137556,-0.00176589618944,-0.717719226876,-0.0546420207898,0.225558742523,-0.123094582641,0.573872899224,0.81892872732,0.00252626343759,0.0,0.818891928178,-0.573810898133,-0.0117392524858,0.0,-0.00816417079144,0.00880574513413,-0.999927899985,0.0,0.629705847543,0.219170722511,0.303752649268,1.0,-0.102951428571,-0.135307591837,1.364
0.436098700467,0.380507408423,-0.125079098592,-1.61345564371,0.0625978282745,1.98558031459,0.120145301211,-0.107227449667,-0.487491576686,0.00178640303096,-0.715888250349,-0.0583164631571,0.247054738103,-0.121908404542,0.573832744649,0.818956779918,0.00255356527066,0.0,0.818920292049,-0.573770602411,-0.0117302165499,0.0,-0.00814153643957,0.00882251863617,-0.999927936678,0.0,0.628034213183,0.216979317085,0.30380954476,1.0,-0.106608571429,-0.140114122449,1.38
0.4344030594,0.373273829634,-0.125128254498,-1.6243203946,0.0618097929886,1.98924791822,0.118193947134,-0.112580739978,-0.484311675809,-0.00294466792201,-0.740133876469,-0.0485054694373,0.240289364208,-0.132456200395,0.573837710185,0.818953248542,0.00257020876067,0.0,0.818916810149,-0.573775325993,-0.0117422415869,0.0,-0.00814178127774,0.00884309844141,-0.999927752894,0.0,0.626432235305,0.214857507861,0.303788859794,1.0,-0.110037142857,-0.144620244898,1.395
