position_joint1,position_joint2,position_joint3,position_joint4,position_joint5,position_joint6,position_joint7,velocity_joint1,velocity_joint2,velocity_joint3,velocity_joint4,velocity_joint5,velocity_joint6,velocity_joint7,ee_T_00,ee_T_10,ee_T_20,ee_T_30,ee_T_01,ee_T_11,ee_T_21,ee_T_31,ee_T_02,ee_T_12,ee_T_22,ee_T_32,ee_T_03,ee_T_13,ee_T_23,ee_T_33,v_x,v_y,time
0.465064142609,0.547834650231,-0.124005923221,-1.35584823978,0.0795445401253,1.89409787497,0.159157001576,-0.000862442708439,0.0020691395305,-0.00101775073876,-0.000845235032997,0.000214474514215,-0.000503051339733,5.31942612008e-05,0.573836639852,0.818955821297,0.00190274229253,0.0,0.818911713006,-0.573777926191,-0.0119684844023,0.0,-0.00871007614266,0.00842629505603,-0.999926563366,0.0,0.661675610731,0.260878600108,0.303169679131,1.0,0.0,0.0,0.0
0.465066991474,0.547827089172,-0.124006661358,-1.35584974965,0.0795425343648,1.89409708701,0.159159701041,0.00141624428988,-0.000107905018979,-0.000265818803143,-0.000751035896537,0.000174981534177,-0.000269851347419,0.00035946096387,0.573836565465,0.818955865392,0.00190619416739,0.0,0.818911822327,-0.573777856728,-0.0119643338093,0.0,-0.00870469693713,0.00842673940137,-0.999926606464,0.0,0.66167484752,0.260879600742,0.303174269088,1.0,-0.00016,-0.000210285714286,0.009
0.465060980008,0.547827959399,-0.12400439195,-1.35584553068,0.0795412960683,1.89409662957,0.159159732522,-0.00105195451374,0.000763403014739,0.000410668738432,7.87876370958e-05,-0.000219781763345,4.02356759163e-05,0.00866271870485,0.57383936882,0.818953895937,0.001908408329,0.0,0.818909885742,-0.573780654227,-0.0119627241874,0.0,-0.00870207934173,0.00842765880225,-0.999926621499,0.0,0.661676817573,0.260877194724,0.303175543374,1.0,-0.00046,-0.000604571428571,0.024
0.465060954977,0.547811765255,-0.12400511333,-1.35586890913,0.0795409809179,1.89409592791,0.159155731824,-0.00200854589486,-0.000488643459744,-0.000321309867924,-0.00586159221042,-0.000171270261838,-8.53075563663e-05,-0.0017483810216,0.573837776055,0.818955025633,0.00190254162482,0.0,0.8189109195,-0.573779067725,-0.0119680518657,0.0,-0.00870982535378,0.00842589460227,-0.999926568925,0.0,0.66167193519,0.260874098016,0.303175851221,1.0,-0.00086,-0.00113028571429,0.044
0.465062685853,0.547761616621,-0.124007382822,-1.35591190521,0.0795415517242,1.89410153833,0.159158831522,0.000253564325355,-0.00563415384877,-0.000881828637831,-0.00495484498278,-0.000744439620681,0.00323517943628,5.57824412919e-06,0.573842932752,0.818951382025,0.00191554485487,0.0,0.818907415822,-0.573784139949,-0.0119646126703,0.0,-0.00869949431683,0.0084346247036,-0.999926585258,0.0,0.661664563998,0.260869961671,0.303191476484,1.0,-0.0011,-0.00144571428571,0.056
0.465061960824,0.547626201564,-0.124003821614,-1.35608596759,0.0795374781341,1.89413501974,0.159151585629,-0.00098366534497,-0.00952667680977,-1.47917807141e-05,-0.0139114480205,-4.15332759007e-05,0.00541379612326,-0.000430865914647,0.573843521889,0.81895096517,0.00191727258106,0.0,0.818906902613,-0.573784606421,-0.0119773615237,0.0,-0.00870893796073,0.0084433616314,-0.999926429316,0.0,0.661634514712,0.260854272683,0.303207341563,1.0,-0.00146,-0.00191885714286,0.074
0.465050285059,0.547491448095,-0.124002002384,-1.35627849175,0.0795376914229,1.89418638045,0.159149365784,-0.000694169686495,-0.00790652204932,0.00121890919937,-0.012446618712,0.000249451617238,0.0025665426686,0.000501208538491,0.573860680184,0.818938936586,0.00191957887286,0.0,0.818894759642,-0.573801612703,-0.0119928642005,0.0,-0.00872013389163,0.0084543290592,-0.999926239072,0.0,0.661606790297,0.260830038235,0.303215565783,1.0,-0.00178,-0.00233942857143,0.09
0.465028693492,0.547313436152,-0.12400911536,-1.35649785661,0.0795361757477,1.89430893204,0.159141292778,-0.00245698771599,-0.0108370960445,0.00332086317917,-0.0137690785896,-6.97490511231e-05,0.00810887624992,-0.000168256612654,0.573888836804,0.818919031432,0.00199244872968,0.0,0.818875795723,-0.573829448947,-0.011955818734,0.0,-0.00864768823584,0.00849304246265,-0.999926540161,0.0,0.661592993009,0.260796027203,0.303248126349,1.0,-0.00212,-0.00278628571429,0.107
0.46501663315,0.547109745509,-0.124007546454,-1.35674124885,0.0795308273085,1.89443821383,0.159123854317,-0.00114160477502,-0.0165896250412,-0.00425092136212,-0.0142330910659,2.70462550736e-05,0.0105869340896,-0.00129894794767,0.57389574017,0.818913991789,0.00207373280087,0.0,0.818871781184,-0.573835981048,-0.0119172033729,0.0,-0.00856934707531,0.00853751789646,-0.999926835863,0.0,0.661571432424,0.260770668047,0.303287722542,1.0,-0.00246,-0.00323314285714,0.124
0.464983220079,0.5468868121,-0.124003453785,-1.35706585554,0.0795276811726,1.89457350172,0.15909906458,-0.00417598774374,-0.0109014921359,0.000868518079708,-0.0207504122286,0.000151076247215,0.0116784881739,-0.00576972708574,0.573917364893,0.81889873924,0.00211188216587,0.0,0.818856879057,-0.573857300756,-0.0119145663364,0.0,-0.0085450688713,0.00856747070527,-0.999926787442,0.0,0.661537791729,0.260724008879,0.303302726203,1.0,-0.0028,-0.00368,0.141
0.464942437098,0.546588344359,-0.124005484595,-1.35750896372,0.0795169058817,1.89472766791,0.158985387255,-0.00272507270572,-0.0134157065688,-0.000709747046617,-0.0243583140943,3.32889569288e-05,0.00897778710343,-0.0100692292652,0.573880949776,0.818924213367,0.00212958843942,0.0,0.818882430408,-0.573820663973,-0.0119229890359,0.0,-0.00854218702845,0.00858642414438,-0.99992664949,0.0,0.661486449469,0.260655896915,0.303316635503,1.0,-0.00318,-0.00417942857143,0.16
0.464902998545,0.546296625851,-0.124005248469,-1.35795852551,0.0795040286062,1.89488682659,0.158942157297,0.000965274471041,-0.0165744413459,-1.14481408957e-05,-0.0242457508076,-0.0046550757153,0.00409748218481,-0.0039909305774,0.573899367882,0.818911282514,0.00213864831935,0.0,0.818869476964,-0.573838901332,-0.0119349033055,0.0,-0.00854655191829,0.00860087288688,-0.999926488016,0.0,0.661433654518,0.260589130184,0.303323029188,1.0,-0.00352,-0.00462628571429,0.177
0.464852213019,0.546034918,-0.124007559041,-1.35841107244,0.0794964338877,1.89505128117,0.158907415507,-0.00235547053361,-0.0149089651112,-0.00117428255794,-0.0265810480432,0.000235086677966,0.00914157489391,-0.00397674866542,0.573935291779,0.818886115478,0.00213486043492,0.0,0.818844051677,-0.573874626201,-0.0119615775444,0.0,-0.00857019253901,0.00861345510208,-0.999926177371,0.0,0.661378525999,0.260516128597,0.303312278637,1.0,-0.00384,-0.00504685714286,0.193
0.46479048395,0.545667973532,-0.124001981701,-1.35902255086,0.0794631322257,1.89525364553,0.158810027965,-0.00540524051271,-0.0207694760201,0.0052439597616,-0.0381596635444,0.00101374524018,0.0111004976021,-0.00959576945957,0.573929587316,0.818890221633,0.00209299266713,0.0,0.818847540717,-0.573869025136,-0.011991411658,0.0,-0.00861871202574,0.00859623334657,-0.999925908543,0.0,0.66130990174,0.260416820973,0.303293379785,1.0,-0.00418,-0.00549371428571,0.21
0.464729409048,0.545311519454,-0.124005225361,-1.35965349432,0.0793500606585,1.89546439338,0.158719805394,-0.000178768029201,-0.0250035333332,0.000290915655372,-0.040363198114,-0.0100415369556,0.0168160860748,-0.0125340888035,0.573913107466,0.818902013835,0.00199592507793,0.0,0.818858721101,-0.57385360149,-0.0119660283784,0.0,-0.00865380255489,0.00850200487732,-0.9999264111,0.0,0.661239328239,0.260300324202,0.303263623083,1.0,-0.0045,-0.00591428571429,0.226
0.46466834553,0.544912788002,-0.124008329167,-1.36032320444,0.0793384854326,1.89569491244,0.158683815834,-0.00620880316848,-0.0273726502795,0.00107575188656,-0.044020338562,1.12733526142e-05,0.0136585161217,-0.00195297019235,0.573970060443,0.818862145721,0.00197558118507,0.0,0.818818311009,-0.573910362228,-0.0120090209894,0.0,-0.00870009368562,0.00851062440825,-0.999925936078,0.0,0.66115911424,0.260197656132,0.303247212663,1.0,-0.00482,-0.00633485714286,0.242
0.464596404125,0.544501490161,-0.12401055213,-1.36100603017,0.0793206506798,1.89593507318,0.158576218869,-0.00617039355406,-0.0246804488434,-2.38702621513e-05,-0.044175172225,-0.00209204341655,0.0118612056881,-0.00513705715075,0.573975739447,0.818858200266,0.00196093951305,0.0,0.818813942798,-0.573915877054,-0.0120432572933,0.0,-0.00873647387622,0.00851834612909,-0.999925553131,0.0,0.66108103774,0.260086560885,0.303234214975,1.0,-0.00514,-0.00675542857143,0.258
0.464539063404,0.544007259118,-0.124011377682,-1.36180187349,0.0792879440235,1.89622669654,0.158461830587,-0.00158216844135,-0.034080781059,0.00411809080119,-0.0447032405215,-0.000504504682607,0.0184273019698,-0.00895125592911,0.573965285746,0.8188655295,0.00196016734144,0.0,0.818821110211,-0.573905280099,-0.0120609224219,0.0,-0.00875149173149,0.00852774136843,-0.999925341723,0.0,0.660986036094,0.259974693253,0.303230466711,1.0,-0.00548,-0.00720228571429,0.275
0.464449400957,0.543462355118,-0.12401267386,-1.36269997341,0.0792436792184,1.89653268179,0.158359521285,-0.00151980754005,-0.027555779321,0.000531267179577,-0.0556092652804,-0.00497493768439,0.018554713452,-0.00856121823158,0.573993951766,0.818845519775,0.00192483277632,0.0,0.818800504401,-0.573933966145,-0.0120947674288,0.0,-0.00879918862397,0.00851854140861,-0.999925001554,0.0,0.660880721336,0.259828821729,0.303215089873,1.0,-0.00584,-0.00767542857143,0.293
0.464389298111,0.543079928816,-0.124017284363,-1.36330431252,0.0792113927969,1.8967487924,0.158283306574,-0.00255530904253,-0.0338135111471,-0.00139629063632,-0.0528225254035,-0.00135316171733,0.0227227108867,-0.00695981945118,0.574006057219,0.818837037922,0.00192314947408,0.0,0.818791995255,-0.573946072348,-0.0120963400837,0.0,-0.00880131664926,0.00851819587494,-0.999924985769,0.0,0.660806961242,0.259722088195,0.303219454358,1.0,-0.0061,-0.00801714285714,0.306
0.464300565253,0.542310648788,-0.124021545992,-1.36450292477,0.0791357206202,1.89718267992,0.158125666507,-0.00138422215712,-0.0329863918005,-0.000348699243823,-0.0573972158276,-0.00252051670658,0.0203881941995,-0.00129556757997,0.574001955248,0.818839916114,0.00192199156752,0.0,0.818794859142,-0.573941976787,-0.0120968105551,0.0,-0.00880240917419,0.00851747371345,-0.999924982303,0.0,0.660671947896,0.259553075269,0.303228162147,1.0,-0.00652,-0.00856914285714,0.327
0.464225572959,0.541763345873,-0.124028727866,-1.36534151496,0.0790916226918,1.8975002105,0.158018664423,-0.00485714746068,-0.0396269212222,-0.00093965945226,-0.0541833763189,-0.00010131730274,0.0263310001997,-0.00787177754352,0.574015637794,0.818830268273,0.00194582338079,0.0,0.81878550467,-0.57395553557,-0.0120866634407,0.0,-0.00878027881458,0.0085313100567,-0.999925058918,0.0,0.660579848504,0.259421423942,0.303243786999,1.0,-0.00682,-0.00896342857143,0.342
0.464144703494,0.541152654461,-0.124024759468,-1.36629695839,0.0790379118284,1.89786042186,0.15788484357,-0.00871309273752,-0.0395295145315,-0.0020737323722,-0.0584996355565,-0.000770651860519,0.0258846844853,-0.010410949984,0.574002695491,0.818839303686,0.00196143046543,0.0,0.818794653734,-0.573942438843,-0.0120887887155,0.0,-0.00877319606049,0.00854517060772,-0.999925002733,0.0,0.660462152662,0.259271944104,0.303252869902,1.0,-0.00716,-0.00941028571429,0.359
0.464056649008,0.540438717681,-0.124021897069,-1.36737003078,0.0789708855818,1.8982407406,0.157760920502,-0.00340344271,-0.0423656156081,0.00110142112156,-0.0622672841173,-0.00199561940211,0.0199626106362,-0.00776371839569,0.574018271662,0.818828340002,0.00197997720239,0.0,0.818783942441,-0.573957942044,-0.0120782145866,0.0,-0.00875372929613,0.0085544541012,-0.999925093964,0.0,0.6603430691,0.25912113063,0.303278601432,1.0,-0.00748,-0.00983085714286,0.375
0.46395791162,0.539699391285,-0.124024403697,-1.36850949425,0.0789034355417,1.8986786154,0.157607848138,-0.00479865679447,-0.0433988782062,0.000846800037248,-0.0662822230488,-0.00707814823137,0.0265511176999,-0.00846881640179,0.574020696688,0.81882656321,0.00201148114092,0.0,0.818782592081,-0.573960245046,-0.012060303183,0.0,-0.00872095430345,0.00856999437681,-0.999925247282,0.0,0.660216425533,0.258947726598,0.303296743068,1.0,-0.00782,-0.0102777142857,0.392
0.463849252515,0.538944101215,-0.124027599022,-1.36967107284,0.0788357292473,1.89912418002,0.157478857054,-0.00529798497719,-0.047020462032,-0.00187904782709,-0.0646704036515,-0.00236610187267,0.0275677953565,-0.00859203505862,0.574052502283,0.818804183949,0.00204447346205,0.0,0.818760654405,-0.573991915729,-0.0120423576262,0.0,-0.00868698882125,0.00858704528565,-0.999925396656,0.0,0.660089129792,0.258765449512,0.303316203651,1.0,-0.00816,-0.0107245714286,0.409
0.463748459058,0.538155715332,-0.1240354439,-1.37088167669,0.0787684621371,1.89958862113,0.157316716703,-0.0114960143811,-0.0471563503082,0.000163257746742,-0.0699652170376,-0.00492783763892,0.0240217396645,-0.0116682200163,0.574056727312,0.818801129665,0.00208105442712,0.0,0.818758078352,-0.573995985502,-0.0120235045723,0.0,-0.00865050878867,0.00860621950569,-0.99992554807,0.0,0.659953882627,0.258581644492,0.303337369743,1.0,-0.0085,-0.0111714285714,0.426
0.463624189537,0.537267369786,-0.124040396298,-1.37228595015,0.0786782583964,1.90011080613,0.157142504267,-0.0108561074118,-0.0439112287127,-0.00470650382702,-0.0756460877173,-0.0032913193317,0.0285651581239,-0.0118861057661,0.574072614162,0.818789990842,0.00208121798506,0.0,0.818747003315,-0.574011930997,-0.0120164277806,0.0,-0.00864445327055,0.00860245872142,-0.999925632801,0.0,0.659794302737,0.258362572589,0.303341686321,1.0,-0.00888,-0.0116708571429,0.445
0.463527266729,0.536512904637,-0.124046691137,-1.37345701556,0.078618747171,1.90055798901,0.15700124814,-0.00253639325699,-0.0471330635671,0.000730760431927,-0.0797265760796,-0.00259789282137,0.025832738892,-0.00645515978547,0.574089374875,0.818778163128,0.00211095747008,0.0,0.818735503428,-0.574028504394,-0.0120082667466,0.0,-0.00862052280156,0.0086223001829,-0.999925668501,0.0,0.659661552203,0.258186574246,0.303355897601,1.0,-0.00918,-0.0120651428571,0.46
0.463404694655,0.535649805486,-0.124049273932,-1.37480811986,0.0785401215494,1.90105295493,0.156846041326,-0.00937330493848,-0.0516132563478,-0.00106385102826,-0.08524440308,-0.00817518355987,0.0315727279655,-0.0127299480424,0.574123717744,0.818754084392,0.00211019356389,0.0,0.818711401869,-0.574062833266,-0.0120104460266,0.0,-0.00862238405122,0.00862328748046,-0.999925643939,0.0,0.659497224215,0.257956293117,0.303361143368,1.0,-0.00954,-0.0125382857143,0.478
0.463278041939,0.53470741484,-0.124054541969,-1.37634160231,0.0784578210636,1.90160774792,0.156658335679,-0.00322061788818,-0.0467813970955,-0.00135591495565,-0.0863680392473,-0.00377492087887,0.0361502991444,-0.0134610068557,0.574133456123,0.818747307994,0.00208976417595,0.0,0.818704225803,-0.574072523809,-0.0120364014903,0.0,-0.00865526176409,0.00862156554055,-0.999925374741,0.0,0.659323545724,0.257744121123,0.303348276277,1.0,-0.00988,-0.0129851428571,0.495
0.463168957247,0.533897512952,-0.124053266135,-1.37765581904,0.0783864846675,1.90208392121,0.156497002565,-0.00954052328261,-0.0555155800962,0.000754484300158,-0.0890082621339,-0.00390236881961,0.029456543384,-0.011741192823,0.574142648737,0.81874091288,0.00206963250925,0.0,0.818697451024,-0.574081684894,-0.0120602511111,0.0,-0.00868625012351,0.00861887331729,-0.999925129238,0.0,0.659165943608,0.257548337461,0.303335291438,1.0,-0.01018,-0.0133794285714,0.51
0.463033016826,0.532972938418,-0.124058369903,-1.37915419235,0.0783058870053,1.90265418122,0.156300484345,-0.00662780338727,-0.0593044440955,-0.000362367209636,-0.0921664906021,-0.00099651850524,0.0332129109609,-0.0156588622576,0.574157170115,0.818730731557,0.00206884266114,0.0,0.818687192748,-0.574096141701,-0.0120684471192,0.0,-0.00869326132134,0.00862308645727,-0.999925031984,0.0,0.658995823523,0.257315684716,0.303323736309,1.0,-0.01052,-0.0138262857143,0.527
0.462882495715,0.531880973926,-0.12405316196,-1.38089909642,0.0782008426665,1.90329722603,0.156073370799,-0.00755642108482,-0.0613238142562,0.000165954825856,-0.094616185602,-0.00376623298545,0.0331647910015,-0.0210927233128,0.574157857878,0.818730269355,0.0020608684908,0.0,0.818686564711,-0.574096802541,-0.0120796099105,0.0,-0.00870697190091,0.00862297431426,-0.999924913658,0.0,0.658789485243,0.257053376444,0.303318582436,1.0,-0.0109,-0.0143257142857,0.546
0.462787023915,0.531183599744,-0.124053162289,-1.3820417842,0.0781314477335,1.90370300645,0.155937436189,-0.00864208814003,-0.0587921637565,0.000960453013662,-0.0958231910695,-0.00709324303669,0.0278521848616,-0.0163308694515,0.574168289817,0.818723039655,0.00202637812596,0.0,0.818678839106,-0.574107337896,-0.0121024739066,0.0,-0.00874538404843,0.00860797536745,-0.999924707674,0.0,0.658650552738,0.25688031146,0.303301364971,1.0,-0.01114,-0.0146411428571,0.558
0.462644630039,0.530084289342,-0.124059324434,-1.38379059439,0.0780222143656,1.90432132555,0.155704400675,-0.00564719911184,-0.0604332361913,0.00071384489296,-0.0947521204001,-0.00855871387204,0.0385622357021,-0.0135123141875,0.574164007371,0.818726115703,0.00199674918852,0.0,0.81868151712,-0.574103174974,-0.0121187834521,0.0,-0.00877579341521,0.00859303636884,-0.999924569743,0.0,0.658438412716,0.256614096849,0.303297304982,1.0,-0.0115,-0.0151142857143,0.576
0.46249372103,0.528974769754,-0.124062021237,-1.38553476024,0.0779134012666,1.9049760533,0.155473198992,-0.00904618085641,-0.0617604574047,-0.00220010292427,-0.0961295271129,-0.00817246869631,0.0365938088767,-0.00721401403435,0.574165639452,0.818724937682,0.00201042054558,0.0,0.818680550204,-0.574104778738,-0.0121081232691,0.0,-0.00875919906819,0.00859812607834,-0.999924671493,0.0,0.6582357453,0.256347529049,0.303305414896,1.0,-0.01186,-0.0155874285714,0.594
0.462357664858,0.527881186161,-0.124054352543,-1.3872481322,0.0778122544733,1.90563899958,0.155228585173,-0.00875324719855,-0.0616143957519,0.00273834313522,-0.100611999622,-0.00608573880578,0.0352175166619,-0.0177735431046,0.574137139719,0.818744828113,0.00204893515364,0.0,0.818700900041,-0.574076071797,-0.0120932610646,0.0,-0.00872521829475,0.00862082134942,-0.999924773173,0.0,0.658034399438,0.256102025817,0.303317075514,1.0,-0.0122,-0.0160342857143,0.611
0.462215163424,0.52677569319,-0.124060528246,-1.38891849487,0.0777048862041,1.90627230821,0.154998493135,-0.00861917287344,-0.0681611517633,0.000585777669688,-0.102956495074,-0.00661245394879,0.0353895977576,-0.0114167899001,0.574131167653,0.81874888043,0.00210238585483,0.0,0.818705745843,-0.574069965493,-0.0120550131633,0.0,-0.00866327875088,0.00864256055894,-0.999925124071,0.0,0.657842182383,0.255846521251,0.303355149191,1.0,-0.01252,-0.0164548571429,0.627
0.462056245572,0.525538643275,-0.124071200439,-1.39086776473,0.077581190838,1.90698330918,0.154734443493,-0.00646518056755,-0.0730089241813,0.000215096053407,-0.105777584304,-0.00955491590972,0.0366657000142,-0.0111890832808,0.574124349359,0.818753679156,0.00209552916988,0.0,0.81871051085,-0.574063232914,-0.0120520098829,0.0,-0.0086648280077,0.00863515034305,-0.999925174668,0.0,0.657609053165,0.255548897685,0.303359648532,1.0,-0.01288,-0.016928,0.645
0.461908549786,0.524427379478,-0.124081803357,-1.39262859177,0.077473267412,1.90760988947,0.154496760717,-0.0100633230194,-0.0707136742233,-0.00333524141139,-0.114638877617,-0.0111500303987,0.0412775721177,-0.014978469937,0.574123669902,0.8187542126,0.00207313989875,0.0,0.818710746066,-0.574062643348,-0.0120641074818,0.0,-0.00868759391476,0.0086237576088,-0.999925075451,0.0,0.657395660403,0.255276275101,0.303357741387,1.0,-0.0132,-0.0173485714286,0.661
0.461752042799,0.52323834065,-0.124078033124,-1.39453625289,0.0773521649852,1.90832037052,0.154234993414,-0.0125984722641,-0.0663571453668,0.000587334522023,-0.114137819596,-0.00699247574707,0.0420347191262,-0.0162490029076,0.574104611201,0.818767602691,0.00206278514641,0.0,0.818724000491,-0.574043631067,-0.0120692813229,0.0,-0.00869797532235,0.00861804769269,-0.99992503443,0.0,0.657165658147,0.254993404574,0.303347157684,1.0,-0.01354,-0.0177954285714,0.678
0.461601304603,0.522071469656,-0.124079098869,-1.39636357299,0.0772471736081,1.90903884428,0.153991080066,-0.0119883155754,-0.0711931358938,-0.000848762132999,-0.120127907199,-0.00630709614291,0.0394013750702,-0.0116466079786,0.574107586331,0.818765388456,0.00211302761815,0.0,0.818722437995,-0.574046387066,-0.0120441654917,0.0,-0.00864853647862,0.00864479634202,-0.999925232361,0.0,0.656940522401,0.25470127776,0.303361096895,1.0,-0.01388,-0.0182422857143,0.695
0.461423147819,0.52074730583,-0.124087237683,-1.39848636008,0.0771120300683,1.90983996314,0.153708592294,-0.0155227179345,-0.0758039884385,-0.00282794614235,-0.115632609735,-0.0036660513381,0.0387151983004,-0.0122113102433,0.574096326552,0.818773297463,0.00210762944408,0.0,0.818730347746,-0.574035222753,-0.0120385888074,0.0,-0.00864718800238,0.00863705608897,-0.999925310912,0.0,0.656702369441,0.254400059236,0.303349312572,1.0,-0.01422,-0.0186891428571,0.712
0.461241301775,0.519339465736,-0.124092537718,-1.40066827182,0.0769736042556,1.91062115821,0.153400053745,-0.0102566587031,-0.0712570590829,0.00313792811564,-0.118842830826,-0.00394821307403,0.0471413429457,-0.0246790333231,0.574074946281,0.818788280786,0.00211049771573,0.0,0.818745372958,-0.574013837496,-0.0120364249004,0.0,-0.0086439951819,0.00863793652456,-0.999925330912,0.0,0.656434923556,0.254067748976,0.303367188377,1.0,-0.01458,-0.0191622857143,0.73
0.461075438224,0.518071142693,-0.124098641228,-1.40264262502,0.0768474472692,1.91133683801,0.153149597636,-0.0120971433654,-0.0748860312878,-0.00171859697559,-0.122722225131,-0.00468847798789,0.0374892028751,-0.0198506483728,0.574080653879,0.818784269507,0.00211417853368,0.0,0.818741441813,-0.57401956089,-0.0120308800276,0.0,-0.00863728177583,0.00863782735886,-0.999925389868,0.0,0.656194496275,0.253765846089,0.30337986176,1.0,-0.0149,-0.0195828571429,0.746
0.460888773528,0.516632218434,-0.124100202623,-1.40490920336,0.0767001806455,1.91216158821,0.152837240547,-0.0105372229877,-0.0758963717033,0.000439978135521,-0.126847972582,-0.0118922529114,0.0481202713622,-0.0105595975521,0.5740589574,0.818799501867,0.00210619860667,0.0,0.818756598692,-0.573997929538,-0.0120314539964,0.0,-0.00864256129567,0.00863139412564,-0.999925399802,0.0,0.655915768243,0.253424549433,0.303382065412,1.0,-0.01526,-0.020056,0.764
0.46071343983,0.515328455324,-0.12410321768,-1.40696839675,0.0765767709305,1.91294167298,0.152548684715,-0.0111745772371,-0.078163631404,0.000573696474739,-0.130499730088,-0.00423482913177,0.0539067938391,-0.0204643989754,0.574043967235,0.818809959595,0.00212618190511,0.0,0.818767302886,-0.573982842649,-0.0120227688701,0.0,-0.00862413700019,0.00864261256029,-0.999925461977,0.0,0.655669094977,0.253113504864,0.303383955089,1.0,-0.01558,-0.0204765714286,0.78
0.460528138126,0.513929374812,-0.124111022407,-1.40921535888,0.0764395890476,1.91373349844,0.152235339006,-0.00993561162551,-0.0816441221327,-0.000909509130582,-0.130265183258,-0.0109764104714,0.0397223785411,-0.0122470064562,0.574025723453,0.818822875718,0.00207699698872,0.0,0.81877950576,-0.573964738717,-0.0120559760766,0.0,-0.00867975307884,0.0086212089422,-0.999925165521,0.0,0.655386220608,0.252770795192,0.303364076238,1.0,-0.01592,-0.0209234285714,0.797
0.460327464687,0.512523258055,-0.124107343584,-1.41150495945,0.0762994552433,1.91453312411,0.151924703016,-0.0163274092501,-0.0819066408795,-0.000781150237827,-0.135193107839,-0.0130287206259,0.0474301518708,-0.0169606161707,0.574015147239,0.818830465861,0.00200644415235,0.0,0.818786030761,-0.573954327309,-0.0121083811952,0.0,-0.0087632728313,0.00859340810777,-0.999924676356,0.0,0.655095491702,0.252419882066,0.303328730401,1.0,-0.01626,-0.0213702857143,0.814
0.460144593866,0.511164268644,-0.124106800591,-1.41367981632,0.0761664265653,1.91534506205,0.15160931937,-0.0118652920645,-0.0864305089513,0.000694660554012,-0.133040868507,-0.00827835338742,0.0470539995756,-0.0192923664429,0.5739842213,0.818852155993,0.0020018055575,0.0,0.818807621707,-0.573923387825,-0.0121148851931,0.0,-0.00877158571282,0.00859301203344,-0.999924606872,0.0,0.654828301062,0.252093786275,0.30331569842,1.0,-0.01658,-0.0217908571429,0.83
0.45993074888,0.509596080223,-0.124107593085,-1.41617666464,0.0760092166519,1.91628737428,0.151273248076,-0.0117888805742,-0.0933929136367,0.00134716011378,-0.14173357446,-0.00553525422118,0.0508678541742,-0.00832848789148,0.573972579947,0.818860299301,0.00200863099384,0.0,0.818815876983,-0.573911740369,-0.012108706283,0.0,-0.00876273065136,0.0085949298129,-0.999924668029,0.0,0.654524335943,0.251716176656,0.303306728882,1.0,-0.01694,-0.022264,0.848
0.459743710996,0.508285560255,-0.124113157986,-1.41825424487,0.0758797991072,1.91702598824,0.15097415014,-0.0148536917663,-0.0866594039598,0.00165743920208,-0.138424664719,-0.0104761418828,0.0541657823177,-0.0154096417507,0.573957631251,0.818870840739,0.00198257822498,0.0,0.818826034223,-0.573896865283,-0.0121268544514,0.0,-0.00879270135839,0.00858385258672,-0.999924500089,0.0,0.65426496272,0.251390494512,0.303299003075,1.0,-0.01724,-0.0226582857143,0.863
0.459532036731,0.506753501704,-0.124121675299,-1.42066467282,0.0757264773778,1.91789817121,0.150641423799,-0.0146376907975,-0.0908057015277,-0.00108784921633,-0.143879244533,-0.00852823988422,0.0549418325244,-0.0192711682638,0.573947896753,0.818877688129,0.00197245996662,0.0,0.818832764109,-0.573887191107,-0.0121302599483,0.0,-0.0088013991673,0.00857741717285,-0.999924478792,0.0,0.653965745331,0.251015660405,0.303299011621,1.0,-0.01758,-0.0231051428571,0.88
0.459321877958,0.505242598067,-0.124125522518,-1.4229800621,0.0755825840804,1.91879250105,0.150318700032,-0.0130462972423,-0.0872090931672,-0.000500689616727,-0.141992005782,-0.0095506578749,0.0580891010008,-0.0149056163606,0.573947467767,0.818877829816,0.00203739553451,0.0,0.81883382683,-0.573886548858,-0.012088836982,0.0,-0.00873021478458,0.00860681146418,-0.999924850249,0.0,0.653672856092,0.250634616164,0.303322677037,1.0,-0.01792,-0.023552,0.897
0.459081927567,0.503489793148,-0.124131871269,-1.42560661469,0.0754157813351,1.9197937302,0.149955086702,-0.0147359209534,-0.0918640635829,0.000912642841574,-0.144807239197,-0.012201296702,0.0490718023853,-0.0193640469151,0.573932769375,0.818887844436,0.00214973805242,0.0,0.818845397393,-0.573871461819,-0.012021122265,0.0,-0.00861044335831,0.00865978583008,-0.999925431407,0.0,0.653376077458,0.250250459556,0.30339188574,1.0,-0.01826,-0.0239988571429,0.914
0.458857494403,0.501891087195,-0.124137542401,-1.42797473398,0.0752665972398,1.92066074574,0.149617654422,-0.0124183246803,-0.0949332053897,-0.000726039301898,-0.144184970818,-0.00669416713944,0.0525014417806,-0.0279285608082,0.573925163997,0.818892955267,0.00223178086268,0.0,0.818851604071,-0.573863543087,-0.0119762818789,0.0,-0.00852671935344,0.00870115440495,-0.999925789731,0.0,0.653087032101,0.249875416606,0.303456167458,1.0,-0.01858,-0.0244194285714,0.93
0.458623832702,0.500171597391,-0.124134593147,-1.43057269192,0.0750933184703,1.92156843684,0.149257494535,-0.0119883935945,-0.0983356633755,0.000696067813927,-0.153115650528,-0.0128863861176,0.053161588656,-0.0223960612831,0.573904705713,0.818907233985,0.0022533948734,0.0,0.818866155395,-0.573842989628,-0.011966190077,0.0,-0.00850626853835,0.00871284934056,-0.999925862078,0.0,0.652754495735,0.249472798792,0.303498003699,1.0,-0.01892,-0.0248662857143,0.947
0.458323519481,0.498191621859,-0.124140963312,-1.43365680036,0.0749047551888,1.92272583741,0.148817540896,-0.0185023665301,-0.0962448398887,-0.00109066227154,-0.155686030258,-0.00466288494603,0.0612076553493,-0.0176057832047,0.57390105361,0.818909672278,0.00229700165461,0.0,0.818869151821,-0.573839150664,-0.0119452192418,0.0,-0.00846410905632,0.00873648590951,-0.999926013599,0.0,0.652379597434,0.248981449302,0.303511457609,1.0,-0.01932,-0.025392,0.967
0.458094412288,0.496714785375,-0.124136238958,-1.43602323462,0.0747681626833,1.92355602847,0.148466083281,-0.0149096554979,-0.0936699429252,0.00113831778816,-0.155336874763,-0.00199292822533,0.0563107689165,-0.0222030392968,0.573880439084,0.818924239152,0.00225367850504,0.0,0.818882922626,-0.57381847754,-0.0119941972324,0.0,-0.00852930068961,0.00872890207346,-0.999925525876,0.0,0.652075172186,0.248607959492,0.303486400095,1.0,-0.01962,-0.0257862857143,0.982
0.457827028642,0.495032009985,-0.124144385642,-1.43873554452,0.0745997685493,1.92449499526,0.148071833268,-0.0168297770858,-0.100985678457,-0.00104101543978,-0.158022351857,-0.0127454679646,0.0560152526756,-0.023582030392,0.573873541055,0.818929284256,0.00217558425785,0.0,0.818886823555,-0.573811778698,-0.0120482254381,0.0,-0.00861843469346,0.00869588250057,-0.999925049297,0.0,0.651727126247,0.248166116198,0.303449499608,1.0,-0.01996,-0.0262331428571,0.999
0.45756215896,0.493306970169,-0.124186035859,-1.44140829208,0.0744335598604,1.92545558906,0.147702011055,-0.018720653006,-0.135575398684,-0.00333251337697,-0.202961839133,-0.0130792066067,0.0719217620596,-0.022530439942,0.57390692191,0.818905885692,0.00217767391355,0.0,0.818863564315,-0.573845259588,-0.0120344499762,0.0,-0.00860559974878,0.00869003927565,-0.999925210638,0.0,0.651399634299,0.24771340354,0.303462975884,1.0,-0.0301497142857,-0.0396253387755,1.014
0.457220453622,0.490334698351,-0.124252031617,-1.44595749096,0.074187214653,1.92721649406,0.147014819435,-0.0273629959237,-0.19061047017,-0.00117384115245,-0.303593665631,-0.0166196502593,0.116891364656,-0.04600998702,0.573833887694,0.818956627344,0.00233639995241,0.0,0.818916416894,-0.573771624136,-0.011948739608,0.0,-0.0084451020894,0.00877007683089,-0.999925880255,0.0,0.650835508655,0.247031559752,0.303520220694,1.0,-0.0434485714286,-0.0571038367347,1.031
0.456685328757,0.486572374846,-0.124290458597,-1.45194487605,0.0738652630448,1.92948052565,0.146122329211,-0.0412375089905,-0.257871698952,-0.00252879473701,-0.409698434129,-0.0159067412354,0.151899386331,-0.0538284753504,0.573781077723,0.818993491757,0.00238373824439,0.0,0.818953576651,-0.573718295518,-0.0119625908617,0.0,-0.00842985211853,0.00881624897815,-0.999925602906,0.0,0.650083074653,0.246102313943,0.303482758957,1.0,-0.0559651428571,-0.0735541877551,1.047
0.455917345369,0.481455316854,-0.124437390171,-1.46003549345,0.0733790842388,1.93237001058,0.144882480581,-0.0523786289584,-0.324474059319,-0.00614060634305,-0.52713342928,-0.0328598139978,0.178325505813,-0.0745814920428,0.573770020798,0.819001503561,0.00229069835805,0.0,0.81896053102,-0.57370777893,-0.0119908267895,0.0,-0.00850647747841,0.00875613706289,-0.999925482176,0.0,0.648990910983,0.244654895326,0.303438047308,1.0,-0.0700462857143,-0.0920608326531,1.065
0.454933357751,0.475181308093,-0.124591196773,-1.46994645252,0.0727768476447,1.93581401136,0.143438415074,-0.0660047371715,-0.39438491187,-0.01262622557,-0.611880949146,-0.0360154596332,0.207520585417,-0.0864584177247,0.573816973232,0.818969076794,0.00211645610714,0.0,0.81892571899,-0.573755344821,-0.0120920621698,0.0,-0.00868886427574,0.00867201781686,-0.999924647033,0.0,0.647689193881,0.242959833221,0.303369002914,1.0,-0.0833451428571,-0.109539330612,1.082
0.453764354124,0.467782907625,-0.124722661011,-1.48126657113,0.0721327065028,1.93996893555,0.141704666326,-0.0731254558125,-0.461829793687,-0.00819042962039,-0.672926687647,-0.0386958544399,0.267201928901,-0.111389555878,0.573822337459,0.818964756673,0.00232363115982,0.0,0.818923862586,-0.573759591402,-0.0120160502088,0.0,-0.0085076797698,0.00879812441363,-0.999925103391,0.0,0.646333202488,0.241164289979,0.303457522483,1.0,-0.0958617142857,-0.125989681633,1.098
0.452371999464,0.459424759951,-0.124821156502,-1.49420690582,0.0713134772017,1.9446227799,0.139670303101,-0.0892252915285,-0.514756110362,-0.00355914404772,-0.818841113796,-0.051192918067,0.283866678851,-0.119544505468,0.573753572542,0.819012797523,0.00237115800284,0.0,0.818972459848,-0.573690574833,-0.011999219169,0.0,-0.00846736608503,0.00882667790908,-0.999925193936,0.0,0.64464405186,0.238972872024,0.303464502478,1.0,-0.109160571429,-0.143468179592,1.115
0.451008158087,0.451701235181,-0.124955473328,-1.50610769882,0.0705361467115,1.94868569934,0.137790730302,-0.100981768791,-0.572849897284,-0.014737329046,-0.838226302605,-0.067329577,0.304126987321,-0.14065161243,0.573764254657,0.81900564498,0.00225398986663,0.0,0.81896369432,-0.573701654421,-0.0120675598574,0.0,-0.00859044732152,0.00877003920566,-0.999924642474,0.0,0.643052325277,0.236865036573,0.303463863424,1.0,-0.120112571429,-0.157862236735,1.129
0.448968059095,0.440095834709,-0.125102781366,-1.52380447694,0.0693466564069,1.95497207358,0.135064752041,-0.113967815255,-0.63179003477,-0.00863402927559,-0.979584696284,-0.0645274772436,0.335562549471,-0.156860112038,0.573777112377,0.818996337665,0.00236031884977,0.0,0.818956048205,-0.573714353172,-0.0119824443686,0.0,-0.00845959212531,0.0088084193161,-0.999925420744,0.0,0.640542716127,0.233597293611,0.303538482415,1.0,-0.135758285714,-0.17842517551,1.149
0.446865378542,0.428605742162,-0.125252401714,-1.54103878988,0.0681992508377,1.96099163944,0.132236546246,-0.127975904718,-0.688816861108,-0.00486101826618,-1.04431741305,-0.0712910324752,0.369344875792,-0.174431340634,0.573732939139,0.819026585903,0.00259095203562,0.0,0.818989371452,-0.573669356098,-0.0118585928062,0.0,-0.00822631137572,0.00892579933318,-0.99992632624,0.0,0.638335660009,0.230693838123,0.30369729809,1.0,-0.148274857143,-0.194875526531,1.165
0.444319437928,0.41554762628,-0.125408274605,-1.56063188896,0.066797344364,1.96783316238,0.128976779348,-0.146778818423,-0.748466805465,-0.0057987668868,-1.10170759095,-0.075492869879,0.407157534215,-0.184929450939,0.573701810317,0.819047755745,0.00278451960646,0.0,0.819013692221,-0.573638230851,-0.0116832770175,0.0,-0.00797200840595,0.00898344981855,-0.999927869754,0.0,0.635637828052,0.227100044984,0.303835550503,1.0,-0.162356,-0.213382171429,1.183
0.441788655776,0.403176656308,-0.125530447255,-1.57935260555,0.0655094487816,1.97426354134,0.125841808419,-0.165816644496,-0.76699700295,-0.0094978331238,-1.20818082539,-0.0792980589303,0.393332717358,-0.200606100171,0.573704570428,0.819045652253,0.00283413077637,0.0,0.819011959127,-0.573640509145,-0.0116929028078,0.0,-0.00795140207455,0.0090296326304,-0.99992761785,0.0,0.63298489602,0.223635062888,0.303848088181,1.0,-0.174872571429,-0.229832522449,1.199
0.438808114959,0.389074113249,-0.125698001905,-1.60027395941,0.06401053494,1.98146046452,0.122233766456,-0.179740331201,-0.807689082149,-0.0022697803636,-1.26591958463,-0.101716382057,0.423602229334,-0.220759741987,0.5737285768,0.819027704519,0.00314424779912,0.0,0.81899830475,-0.573663817348,-0.0115042767293,0.0,-0.0076187268507,0.00917564259174,-0.999928878763,0.0,0.630188377255,0.219906039839,0.304025169688,1.0,-0.187389142857,-0.246282873469,1.215
0.435745875804,0.375078276907,-0.125848229727,-1.62110663292,0.062436898423,1.98837216731,0.11848302776,-0.193174647949,-0.879449136772,-0.0115566243849,-1.32233538756,-0.0996893489148,0.435852577776,-0.241154619168,0.573596765228,0.819120095474,0.00312522182735,0.0,0.819090646576,-0.573532318528,-0.0114864789073,0.0,-0.00761653662061,0.00914862325171,-0.999929143021,0.0,0.626716187124,0.215391987627,0.304059801419,1.0,-0.201470285714,-0.264789518367,1.233
0.432085605284,0.359469003091,-0.126032336019,-1.6442262265,0.060670651939,1.99605470436,0.114350963751,-0.218317679589,-0.93145212793,-0.0128307356634,-1.390567948,-0.109745409042,0.470204877238,-0.254600107246,0.57368388787,0.819058862979,0.0031816150543,0.0,0.819030501209,-0.573619693346,-0.0114119409259,0.0,-0.00752215913221,0.00915286263204,-0.999929818651,0.0,0.623457207519,0.211054686311,0.304106138593,1.0,-0.213986857143,-0.281239869388,1.249
0.428501453096,0.345132293319,-0.126228622608,-1.66548225106,0.0590701982392,2.00287553673,0.110320595599,-0.246739953491,-0.993959389594,-0.0189376324043,-1.42824363081,-0.106446715862,0.47521641484,-0.265887138783,0.57373625503,0.819022614141,0.00306823896456,0.0,0.818992366275,-0.573671893417,-0.0115243042393,0.0,-0.00767865116582,0.00912495112957,-0.999928884263,0.0,0.620194705049,0.206694675048,0.30406903186,1.0,-0.225721142857,-0.296662073469,1.264
0.423117332126,0.323974066663,-0.126439611181,-1.69640093215,0.0565987952202,2.01285520393,0.104347887473,-0.263221792379,-1.04584521547,-0.0119599401659,-1.4979936242,-0.133645871749,0.491387860154,-0.30174172485,0.573688589726,0.819055639561,0.00316357767718,0.0,0.819026836274,-0.573624195146,-0.0114486290449,0.0,-0.00756250508729,0.00915917920991,-0.999929456488,0.0,0.615343668047,0.200333795226,0.304120038407,1.0,-0.242149142857,-0.318253159184,1.285
0.418663238618,0.307142802083,-0.126611278942,-1.72076761181,0.0546281845625,2.02051956495,0.0994565665213,-0.288511957971,-1.084370414,-0.0156148005599,-1.51675803314,-0.128437589315,0.499554920648,-0.321224736799,0.57361127511,0.819109561454,0.00322153740755,0.0,0.819081333221,-0.573546505654,-0.0114421292648,0.0,-0.00752480083697,0.00920221268345,-0.999929345831,0.0,0.611401618585,0.195226329203,0.30416102548,1.0,-0.254665714286,-0.334703510204,1.301
0.41347397086,0.288555022836,-0.126806737138,-1.74742760172,0.0523849383307,2.02870693619,0.0939362777217,-0.314865965766,-1.13232179707,-0.0210626251415,-1.58964413431,-0.134086161262,0.510535354484,-0.335327111109,0.573562888962,0.819143341059,0.00324747676211,0.0,0.819115406173,-0.57349799765,-0.011434376346,0.0,-0.00750411629997,0.00921856966353,-0.99992935061,0.0,0.606990215069,0.189476111822,0.304212327357,1.0,-0.267964571429,-0.352182008163,1.318
0.40781185411,0.269359071389,-0.127019769287,-1.77476802466,0.0500861485211,2.03701233089,0.0880197082794,-0.342940348382,-1.16016528485,-0.0190777196526,-1.59649255736,-0.140025085906,0.516025313891,-0.360379225283,0.573529570563,0.819166300472,0.00333927582776,0.0,0.819139168611,-0.573463938982,-0.0114402812993,0.0,-0.00745668220299,0.00929685023918,-0.999928980711,0.0,0.60237599613,0.183430278104,0.304245532426,1.0,-0.281263428571,-0.369660506122,1.335
0.401981948285,0.250726233222,-0.127308773797,-1.80101063151,0.0477117556544,2.04482694936,0.0822128998953,-0.374035877787,-1.19281237867,-0.0183611283436,-1.63905026852,-0.15202275301,0.508892862277,-0.37453646866,0.57365848724,0.819075789134,0.00339684748992,0.0,0.819050008876,-0.573593438908,-0.0113312268703,0.0,-0.00733286533787,0.009282621151,-0.999930028567,0.0,0.597876899134,0.177381062471,0.304300399094,1.0,-0.29378,-0.386110857143,1.351
0.395382091253,0.230270277698,-0.127530377316,-1.82957777743,0.0451495906332,2.05308989103,0.0755501782243,-0.388299903304,-1.23143517441,-0.0103526093213,-1.66800951787,-0.162312519043,0.500281955909,-0.402323509445,0.57359073317,0.81912292825,0.00347075469901,0.0,0.819097740291,-0.573525030493,-0.0113436392071,0.0,-0.00730141084451,0.00934967367085,-0.999929634025,0.0,0.592806980194,0.170778333607,0.304335510483,1.0,-0.307078857143,-0.403589355102,1.368
0.388751411465,0.210474790306,-0.127744919791,-1.85699617682,0.0425702511538,2.06076809714,0.0688932864574,-0.421752944387,-1.25587510215,-0.0157377779483,-1.74195863848,-0.174120158362,0.472140323197,-0.423327377748,0.573438385323,0.819229705345,0.00344311189329,0.0,0.819203977916,-0.573372546814,-0.0113803351505,0.0,-0.00734906426912,0.00934671192571,-0.999929312617,0.0,0.58779694276,0.164328104123,0.304336980947,1.0,-0.319595428571,-0.420039706122,1.384
0.381535497199,0.190177788639,-0.128025450416,-1.88482975856,0.0398761528216,2.06829296678,0.0618690121812,-0.463166754367,-1.29416571309,-0.0150196863567,-1.77782294577,-0.1796141864,0.469991355899,-0.45473345549,0.573411195795,0.81924909082,0.00335777133553,0.0,0.81922201724,-0.573345299925,-0.0114542753455,0.0,-0.00745888585599,0.00931894934838,-0.999928758565,0.0,0.582599065619,0.15753738588,0.304325105645,1.0,-0.332112,-0.436490057143,1.4
