position_joint1,position_joint2,position_joint3,position_joint4,position_joint5,position_joint6,position_joint7,velocity_joint1,velocity_joint2,velocity_joint3,velocity_joint4,velocity_joint5,velocity_joint6,velocity_joint7,ee_T_00,ee_T_10,ee_T_20,ee_T_30,ee_T_01,ee_T_11,ee_T_21,ee_T_31,ee_T_02,ee_T_12,ee_T_22,ee_T_32,ee_T_03,ee_T_13,ee_T_23,ee_T_33,v_x,v_y,time
0.465072242669,0.547716706762,-0.124001993656,-1.35582001946,0.0795130226546,1.89413211208,0.159127554026,0.0015193016281,0.000163790293543,0.000763871922001,-0.000259429728122,-0.000285925599824,-0.000166786222883,-0.000710719169387,0.573793284363,0.81898586447,0.00204145027458,0.0,0.818943912168,-0.573734343934,-0.0118540378979,0.0,-0.00853720370893,0.00847376375896,-0.999927653123,0.0,0.661690810046,0.260888388569,0.303269447999,1.0,0.0,0.0,0.0
0.465066952916,0.547716783291,-0.124011608442,-1.35581994576,0.0795144468082,1.89413384455,0.159127053893,-0.000333497820069,0.000254757106144,-0.00144385637678,0.000201537908286,0.0003899991857,7.86803359668e-05,-0.000756885782332,0.573804310275,0.818978139914,0.00204126261634,0.0,0.818936223803,-0.573745407599,-0.0118497047845,0.0,-0.00853364843026,0.00847123867723,-0.999927704867,0.0,0.661694678899,0.260879680543,0.303269900367,1.0,-4e-05,-5.25714285714e-05,0.003
0.465066241693,0.547718349783,-0.124006670022,-1.3558221142,0.0795130226546,1.89413317172,0.159129472412,-0.00124158396542,0.000588872331281,-0.00151645101997,-0.000266130938897,-5.29221304309e-05,-0.000171345725021,8.54435512705e-05,0.573803162298,0.818978952452,0.00203795945848,0.0,0.818936978109,-0.573744257939,-0.0118532387765,0.0,-0.00853844993073,0.00847054933818,-0.999927669718,0.0,0.661693136927,0.260881512591,0.303267533916,1.0,-0.0004,-0.000525714285714,0.021
0.465067058548,0.547707293183,-0.124007378811,-1.35582703772,0.0795126701082,1.89413671421,0.159130246828,-0.000474873416448,0.00038406935783,0.000602914809599,0.0011318397074,0.000230152452158,8.86360705562e-06,0.000325088252272,0.573803802757,0.818978483356,0.00204612860128,0.0,0.818936622156,-0.573744872215,-0.0118480968877,0.0,-0.008529544847,0.00847429585126,-0.999927713975,0.0,0.661692977803,0.260881389041,0.303273353735,1.0,-0.00074,-0.000972571428571,0.038
0.465071559437,0.547643189437,-0.124001354185,-1.35587719144,0.0795089578755,1.89414449034,0.159134110414,0.000513585721602,-0.00854941669454,0.00146120794324,-0.00723845539952,-9.11300721507e-05,0.00328698163996,0.00116486627765,0.57380076525,0.818980559233,0.0020669537837,0.0,0.818938932253,-0.573741714965,-0.0118413111397,0.0,-0.00851206989435,0.00848742572742,-0.999927751525,0.0,0.661682378898,0.260882672929,0.303295362994,1.0,-0.00106,-0.00139314285714,0.054
0.465071155655,0.547509736102,-0.12400428788,-1.35604563287,0.0795109785334,1.89418069656,0.159126121135,-0.00152223265808,-0.00862710318598,-0.00128912907303,-0.00806182639225,0.000281235082592,0.00320990776001,-0.0085334154149,0.573806350195,0.818976624476,0.0020755575212,0.0,0.81893498055,-0.573747136154,-0.0118519318402,0.0,-0.00851577390333,0.00850062407359,-0.999927607872,0.0,0.661655175565,0.260865251955,0.303312972732,1.0,-0.00142,-0.00186628571429,0.072
0.465061654572,0.547374528817,-0.124009578875,-1.35623919096,0.0795068345971,1.89423317164,0.159120296467,-0.000276755365746,-0.0102907658884,-0.000469623400759,-0.00845468418166,0.000140329478897,0.00441841756833,-0.00149608979449,0.573822652815,0.81896520544,0.00207419765468,0.0,0.818923477819,-0.573763376365,-0.0118605362482,0.0,-0.00852343195802,0.00850461727106,-0.999927508669,0.0,0.661628758972,0.260837593061,0.303321345971,1.0,-0.00174,-0.00228685714286,0.088
0.465042187302,0.547212316012,-0.124007309917,-1.35643197271,0.0795040403756,1.89434028973,0.15912045893,0.000999054103699,-0.00673976773516,0.000470578951002,-0.0121824011296,0.000215145064569,0.00105116937833,0.0015831900774,0.573847375521,0.818947702559,0.00214405735019,0.0,0.818906845304,-0.573787778868,-0.0118283742705,0.0,-0.00845674884774,0.00854362926395,-0.999927742288,0.0,0.661614922126,0.260812107031,0.303353713228,1.0,-0.00206,-0.00270742857143,0.104
0.465023030786,0.547002135691,-0.124002025713,-1.35667063522,0.0795025954247,1.89447865607,0.159107735363,0.000180912916438,-0.00827865409171,0.0016325742881,-0.0147023758589,0.000252220981397,0.00693939842586,0.000919188935929,0.573862164097,0.818937068432,0.00224532112042,0.0,0.818897458576,-0.573802100744,-0.0117833959645,0.0,-0.00836165075928,0.00860089846174,-0.999928051083,0.0,0.661597206918,0.260786100392,0.30340083003,1.0,-0.00242,-0.00318057142857,0.122
0.464996428362,0.546773310569,-0.124011963632,-1.35698167617,0.0794952192903,1.8946102684,0.159084634942,-0.00309914937671,-0.0161349308323,-0.00229602361437,-0.021299624541,-0.000145502413195,0.0121441374968,-0.00168352181955,0.573887492117,0.81891919289,0.00229102794592,0.0,0.818880150431,-0.573827223814,-0.0117627948163,0.0,-0.00831828438399,0.00862676421838,-0.999928189964,0.0,0.661567786364,0.260736578648,0.303426595708,1.0,-0.00276,-0.00362742857143,0.139
0.464967618772,0.546540230357,-0.124004535366,-1.35731941233,0.079489555956,1.89473010919,0.159057193131,0.00048941656175,-0.0185756192357,-0.000151005560944,-0.0228730316716,-0.000386195592479,0.0103957972899,-0.00350768087517,0.573900756392,0.818909832012,0.00231424919866,0.0,0.81887091971,-0.57384022016,-0.01177138404,0.0,-0.00831185288603,0.00865084412965,-0.999928035409,0.0,0.661526476667,0.260692009134,0.303441061334,1.0,-0.00306,-0.00402171428571,0.154
0.464928235853,0.546244108438,-0.124005570324,-1.35777461567,0.0794779794441,1.89489155182,0.158919210179,-0.00123187816322,-0.0163237028067,-0.000744710301624,-0.0260341409396,-0.00248890195086,0.00546947989501,-0.00142207573073,0.573843085404,0.818950212402,0.00232590680509,0.0,0.818911298152,-0.573782352281,-0.0117832453493,0.0,-0.00831548710264,0.00866661208757,-0.999927868653,0.0,0.66147317734,0.26062429527,0.303448125858,1.0,-0.00342,-0.00449485714286,0.172
0.464881562451,0.54595714696,-0.124003067605,-1.35828603535,0.0794667985586,1.89506224999,0.158888595589,0.000954441497924,-0.0119924703561,0.00161513834757,-0.0354207773616,-0.0012107536602,0.00908085925678,-0.00476897225985,0.573880088151,0.81892438277,0.00229055241407,0.0,0.818884792175,-0.573819261151,-0.0118279151912,0.0,-0.00837196623984,0.00866367035264,-0.999927422865,0.0,0.661409601034,0.260547700533,0.303422614669,1.0,-0.00376,-0.00494171428571,0.189
0.464820389922,0.545651139589,-0.124009567482,-1.35881463949,0.0794247453049,1.89523573374,0.158840208367,-0.00470365862547,-0.0138918848511,0.000560412270656,-0.0320692494702,-0.00415490043049,0.0113778630288,-0.00221400718035,0.573913408342,0.8189011689,0.0022410265499,0.0,0.818861019705,-0.573852858565,-0.0118437336308,0.0,-0.00841298979875,0.00863253302439,-0.999927347849,0.0,0.661350661024,0.260449706352,0.303402872544,1.0,-0.00408,-0.00536228571429,0.205
0.464757081555,0.545243886477,-0.124009864407,-1.35951160304,0.0793170403554,1.89545639327,0.158732753402,-0.00102768429658,-0.0250352402113,-1.63528473412e-05,-0.0400484276214,-0.00207499306432,0.0109487303001,-0.00668463287367,0.573887602846,0.818919507574,0.00214623286443,0.0,0.818878648901,-0.573827962611,-0.0118310861931,0.0,-0.00845730167673,0.0085473825263,-0.999927705537,0.0,0.661267865326,0.260327809841,0.303378417919,1.0,-0.00444,-0.00583542857143,0.223
0.464694956405,0.544832236049,-0.124013971258,-1.36021917233,0.0793079972542,1.89568044351,0.158670178628,-0.00210927429247,-0.0215912312779,-0.00149842721054,-0.0426825024376,-0.000154914174498,0.0142148911472,-0.00442791617815,0.573927028693,0.818891990963,0.00210232587519,0.0,0.818850220779,-0.573867217111,-0.0118945347553,0.0,-0.00853404765471,0.00854824957711,-0.999927046069,0.0,0.661178377711,0.260219500111,0.303352597379,1.0,-0.00478,-0.00628228571429,0.24
0.464628241064,0.544459134429,-0.124013709925,-1.36085832057,0.0792917620903,1.89589894167,0.158594199588,-0.00561858745481,-0.0279449809595,0.000158454620726,-0.038891374957,0.000372520745289,0.0152268628645,-0.0015587285872,0.573950549865,0.818875578739,0.00207358530791,0.0,0.818833197742,-0.573890616723,-0.0119373872453,0.0,-0.00858538903327,0.00854955506729,-0.999926595408,0.0,0.661103014112,0.260116767068,0.303331386801,1.0,-0.00508,-0.00667657142857,0.255
0.464555451143,0.543948449337,-0.124013848256,-1.36168844268,0.079256696802,1.89620057643,0.158462300751,-0.00209681517064,-0.028418375507,0.000648966019424,-0.0458000068982,-0.000148138800124,0.0132813812146,-0.000152828552391,0.573939201198,0.818883551433,0.00206625790666,0.0,0.818840919654,-0.573879145307,-0.0119591714709,0.0,-0.00860755220691,0.00855593857389,-0.999926350268,0.0,0.661006565718,0.25999152722,0.303323801183,1.0,-0.00544,-0.00714971428571,0.273
0.46448130634,0.543438987607,-0.124020124157,-1.3625255819,0.0792103180815,1.89648266873,0.158386012869,-0.00325359455613,-0.0286087493602,-0.00142487061541,-0.0445896680742,-0.00247015797381,0.0195260934465,-0.00462316595599,0.573975982442,0.81885786698,0.00202784762944,0.0,0.818814681346,-0.573916030009,-0.0119856168805,0.0,-0.00865086896828,0.00854005205714,-0.999926112259,0.0,0.660906836909,0.259857833568,0.303310437701,1.0,-0.00578,-0.00759657142857,0.29
0.464413086852,0.54292551194,-0.124022940975,-1.36333720997,0.0791614549118,1.89676416148,0.158272360711,-0.00535421604919,-0.030129361347,0.000485105662312,-0.0485992207747,-0.00583557130241,0.0161966513548,-0.0048930352708,0.573972788219,0.818860141564,0.0020134159293,0.0,0.818816744971,-0.573912874636,-0.0119957235541,0.0,-0.00866746143937,0.00853400187855,-0.999926020226,0.0,0.660810659643,0.259732709043,0.303311824563,1.0,-0.0061,-0.00801714285714,0.306
0.464340575129,0.542338353451,-0.124028914969,-1.36425007324,0.0791065748172,1.89709148295,0.158138707319,-0.000631456548678,-0.0362910061334,-0.00167900020195,-0.0538546182787,-0.0035508354322,0.0215116803648,-0.00446583293171,0.573962962697,0.818867027698,0.00201377791378,0.0,0.818823639528,-0.573903052457,-0.0119950252881,0.0,-0.00866678427561,0.00853379351453,-0.999926027873,0.0,0.660704287193,0.259594013026,0.303321150904,1.0,-0.00644,-0.008464,0.323
0.464258574917,0.541723482171,-0.124026805107,-1.36520309021,0.0790511036994,1.8974447717,0.158026910603,-0.0023902933187,-0.0406801636275,-0.000838431020541,-0.0532396884982,-0.00551083765286,0.021807858052,-0.00634633304034,0.573975225884,0.818858397126,0.00202791266151,0.0,0.818815157773,-0.573915219408,-0.0119918820509,0.0,-0.0086559700289,0.00854369332739,-0.999926037008,0.0,0.660595060351,0.259451004721,0.303332871789,1.0,-0.00678,-0.00891085714286,0.34
0.464173778258,0.541076345067,-0.124024402719,-1.36621141438,0.0789884880881,1.8978165381,0.157889596734,-0.0041718453424,-0.0441984750185,0.000518726397115,-0.0618290491378,-0.00657868890634,0.0239754429036,-0.00829142414573,0.573969762519,0.818862205723,0.00203633338243,0.0,0.818819067894,-0.573909713064,-0.0119884196433,0.0,-0.00864835875272,0.0085485435637,-0.999926061413,0.0,0.660478497028,0.259300284151,0.303342577192,1.0,-0.00712,-0.00935771428571,0.357
0.464084224389,0.540363747408,-0.124026911624,-1.36727371999,0.0789388081057,1.89819852279,0.157755242144,-0.00358232088113,-0.0459283461637,0.000275065451831,-0.0646460747297,-0.00869414988079,0.0233795126141,-0.0133490903734,0.573980324709,0.818854712415,0.00207212553778,0.0,0.818811902113,-0.573919985657,-0.0119860720446,0.0,-0.00862578339124,0.00857661570361,-0.999926016025,0.0,0.66035468765,0.259140823442,0.303373827224,1.0,-0.00746,-0.00980457142857,0.374
0.463975995384,0.539596479751,-0.124036095579,-1.36847461842,0.0788676983586,1.89865318356,0.15761947534,-0.0093592259925,-0.0400810273745,-0.00355028179646,-0.0695749180547,-8.53481877832e-06,0.0257853169594,-0.00717009612232,0.574011772875,0.818832628977,0.00208739649792,0.0,0.818790056517,-0.573951404662,-0.0119739440759,0.0,-0.00860675766156,0.00858248960331,-0.999926129569,0.0,0.660222129581,0.25895089669,0.303384130288,1.0,-0.00782,-0.0102777142857,0.392
0.463879809872,0.538917694225,-0.124033300957,-1.36950573326,0.0787997042702,1.89903995157,0.157493178602,-0.0050427221288,-0.0450488185742,0.000376429871887,-0.0679008377534,-0.00494134107588,0.0272439844769,-0.0121742501098,0.574023974249,0.818824007067,0.00211408143586,0.0,0.818781821725,-0.573963533116,-0.011955666756,0.0,-0.00857634643132,0.00859397625607,-0.999926292211,0.0,0.660106700146,0.258790776758,0.303406313454,1.0,-0.00812,-0.010672,0.407
0.463760737302,0.538101642438,-0.124049199104,-1.37077038259,0.0787270618826,1.89953471429,0.1573232173,-0.00398365424629,-0.0464323845893,-0.00388435639395,-0.0709208110977,-0.00253606449892,0.0326318192617,-0.0152157304428,0.574044042437,0.818809844044,0.00215024176323,0.0,0.818768202535,-0.573983523509,-0.0119286276849,0.0,-0.00853323872198,0.00860827297641,-0.999926538038,0.0,0.659972616555,0.258585366021,0.303424178308,1.0,-0.00848,-0.0111451428571,0.425
0.463653032801,0.537301454182,-0.124048445862,-1.37203851728,0.0786567534472,1.90000166866,0.157173706983,-0.00311937308895,-0.0478490111942,0.0012866818399,-0.0738558801366,-0.000852090796836,0.0197831366953,-0.00572660993381,0.574060394174,0.818798374913,0.00215220389649,0.0,0.818756681503,-0.573999787037,-0.0119368285975,0.0,-0.00853865567457,0.00861475771084,-0.999926435949,0.0,0.659824588981,0.258395004899,0.303426083005,1.0,-0.00882,-0.011592,0.442
0.463542184313,0.536510860731,-0.124054810404,-1.37326142819,0.0785917780295,1.90046888217,0.157033049435,-0.00846924255816,-0.0491905086142,-0.00063830097381,-0.0795381800858,-0.00425849979966,0.0297061549339,-0.0129996074231,0.574090487391,0.818777190844,0.00218424850194,0.0,0.818735878479,-0.574029709211,-0.0119248117645,0.0,-0.00851010419132,0.00863440985312,-0.999926509846,0.0,0.659688721427,0.258204572666,0.303442855037,1.0,-0.00914,-0.0120125714286,0.458
0.463430064058,0.535655507526,-0.124064114115,-1.37462659264,0.0785102058142,1.90096547318,0.156864359058,-0.0123336002812,-0.0476145191106,0.000519484857113,-0.0773001893263,0.000342163296148,0.0287834693393,-0.0136633234239,0.574103879474,0.818767837228,0.00217052875529,0.0,0.8187263536,-0.574043162897,-0.0119311337613,0.0,-0.00852301548804,0.00862694536754,-0.999926464307,0.0,0.659529034855,0.257994888751,0.303440109914,1.0,-0.00948,-0.0124594285714,0.475
0.463305645912,0.53469588471,-0.124070191066,-1.37614436069,0.0784243279246,1.90151524133,0.156680841516,-0.00709880688716,-0.0549965398218,-0.00141066455341,-0.0806019800094,-0.00417529458143,0.0357629897464,-0.0118629894401,0.574119277321,0.818757062362,0.00216220772535,0.0,0.818715408526,-0.574058530247,-0.0119428050784,0.0,-0.00853718658078,0.00862699349835,-0.999926343002,0.0,0.659358840978,0.25777804279,0.303440625047,1.0,-0.00982,-0.0129062857143,0.492
0.463203394015,0.533953376808,-0.124065490342,-1.37735388793,0.078352865612,1.90195289451,0.156526748835,-0.00862187416454,-0.0520285933988,-0.000393343633315,-0.084289427778,-0.0106715788249,0.0258243520903,-0.0122801005312,0.57412133386,0.818755676413,0.00214085260279,0.0,0.818713675362,-0.574060604703,-0.01196188969,0.0,-0.00856505084834,0.00862048733824,-0.999926160825,0.0,0.659204380985,0.257584770146,0.303428477443,1.0,-0.01012,-0.0133005714286,0.507
0.463065511931,0.532974114574,-0.124068996413,-1.37892876009,0.078273165279,1.90255034602,0.156330570399,-0.00571137249692,-0.0557007788965,0.000536495936031,-0.0890433079176,-0.00628226865492,0.0259491371075,-0.0081549310945,0.574141029413,0.818741846226,0.0021481349401,0.0,0.818699816322,-0.57408014307,-0.0119727602354,0.0,-0.00856956319642,0.00863289677736,-0.999926015103,0.0,0.659023473824,0.257345387014,0.303421387727,1.0,-0.01048,-0.0137737142857,0.525
0.462943794575,0.532070526593,-0.124071154002,-1.38039372637,0.0781876302096,1.90309203566,0.156153491502,-0.00854294832603,-0.0617324410983,0.000284030654349,-0.0900965774598,-0.00217055893935,0.0317511140469,-0.0038509971796,0.57415431666,0.818732573135,0.00213102065847,0.0,0.818690278725,-0.574093457992,-0.0119864887901,0.0,-0.00859048918467,0.00862690627198,-0.999925887246,0.0,0.658850491706,0.257124802493,0.303408156656,1.0,-0.0108,-0.0141942857143,0.541
0.462819242792,0.531124751679,-0.124068343672,-1.38190761545,0.0781005169386,1.90363634795,0.155957660599,-0.00571663370171,-0.0596426064227,-0.00100588686188,-0.0958852801198,-0.0070975056401,0.037848666852,-0.0109022721541,0.574153032971,0.818733518765,0.00211350013122,0.0,0.818690893846,-0.574092145384,-0.012007324584,0.0,-0.00861762119888,0.00862451118788,-0.999925674444,0.0,0.658667030941,0.25689993634,0.303401245903,1.0,-0.01112,-0.0146148571429,0.557
0.462670091576,0.530023645678,-0.124073792019,-1.38364024732,0.0779842461531,1.90424841056,0.155734948151,-0.00375577777119,-0.0694255296129,-0.00291977796956,-0.0985413426861,-0.00740787684397,0.0403799569942,-0.00906991397047,0.574159411371,0.818729106487,0.00208983882429,0.0,0.818686235606,-0.574098685054,-0.0120122582657,0.0,-0.00863517800967,0.00860803914656,-0.999925664919,0.0,0.65845947316,0.256630071024,0.303405540368,1.0,-0.01148,-0.015088,0.575
0.462529769685,0.528991866677,-0.124074188105,-1.38529604083,0.0778864960017,1.90486698532,0.155508086322,-0.0118896064247,-0.0584936070729,0.000773162898945,-0.099273275773,-0.00159853199383,0.0332420954836,-0.0187860562917,0.574152528629,0.818733945128,0.00208515355121,0.0,0.818690972269,-0.574091782237,-0.0120193341837,0.0,-0.00864373379427,0.00860819323658,-0.999925589669,0.0,0.658264410498,0.256380606684,0.303397764024,1.0,-0.01182,-0.0155348571429,0.592
0.462394585705,0.527955074752,-0.124074482817,-1.38691434707,0.0777763451076,1.90549347735,0.155288651638,-0.0118757580554,-0.0638458766476,0.000266412456878,-0.100019092847,-0.00214128795054,0.0373073591593,-0.0111975020497,0.574141916925,0.818741309666,0.00211517784341,0.0,0.818698858139,-0.574081175415,-0.0119887704783,0.0,-0.00860158346726,0.0086151152168,-0.99992589353,0.0,0.6580787141,0.256137663639,0.303411761361,1.0,-0.01214,-0.0159554285714,0.608
0.462228085337,0.526672237895,-0.124077383833,-1.38888933584,0.077651651772,1.906244332,0.155009249585,-0.0108863999512,-0.0633739310163,0.000319882511516,-0.103505068177,-0.00817578483551,0.0382344986975,-0.0150644249176,0.574124777944,0.818753208217,0.00216108442982,0.0,0.81871141891,-0.574063912713,-0.011957573705,0.0,-0.00854986586136,0.00863461009103,-0.999926168926,0.0,0.657849627312,0.255839605754,0.303439747787,1.0,-0.01252,-0.0164548571429,0.627
0.4620942208,0.525641652665,-0.124082337462,-1.39050720719,0.0775514710473,1.90682507445,0.154800247655,-0.00689266277611,-0.0669148519634,-0.000284997666784,-0.114009748414,-0.00746432821714,0.0396334955784,-0.0153420895801,0.574126894716,0.818751744194,0.00215337975446,0.0,0.818709847052,-0.574066053423,-0.0119624223408,0.0,-0.00855823671177,0.00863110777682,-0.999926127553,0.0,0.657653888666,0.255593378446,0.303445244111,1.0,-0.01282,-0.0168491428571,0.642
0.461927705043,0.524376971019,-0.124088894975,-1.39248803439,0.0774345374064,1.9075404599,0.154539865933,-0.00993803548292,-0.0718425765195,-0.000151477023406,-0.114096908012,-0.0112545634472,0.0450531357958,-0.0161482949602,0.574129647253,0.818749814631,0.00215315745719,0.0,0.818707862331,-0.57406875383,-0.0119686647148,0.0,-0.00856344647128,0.00863453843148,-0.999926053331,0.0,0.657415033068,0.255291191658,0.303454085033,1.0,-0.01318,-0.0173222857143,0.66
0.46177784036,0.523264022228,-0.124095832941,-1.39427885647,0.0773239040501,1.90819467783,0.154287284718,-0.00645955799329,-0.0722737208668,-0.000153242468598,-0.109157794228,-0.00870913120269,0.0475757100771,-0.0147572881444,0.574116751876,0.818758918851,0.00212953455494,0.0,0.818716661934,-0.574055961233,-0.0119803066052,0.0,-0.00858667619783,0.00862174613231,-0.999925964502,0.0,0.657199511137,0.255017198388,0.303441082707,1.0,-0.0135,-0.0177428571429,0.676
0.461596733228,0.521883867477,-0.124101811015,-1.39646855209,0.0771870956347,1.90904738631,0.154009665223,-0.0102035049216,-0.0750933676609,-0.000892713724619,-0.121698192895,-0.00632722094568,0.0486006763823,-0.00889344975519,0.574122611717,0.81875473097,0.00215965963657,0.0,0.818712957026,-0.574061786876,-0.0119543192556,0.0,-0.00854804195237,0.00863155250371,-0.999926210918,0.0,0.656945259208,0.25468863613,0.303442862485,1.0,-0.01388,-0.0182422857143,0.695
0.461462231476,0.520858762145,-0.124100706391,-1.39813455402,0.0770911169575,1.90967924427,0.153764048213,-0.00987975504695,-0.0658321460212,0.00074986888296,-0.120910107774,-0.00579527683405,0.0438238918792,-0.018500072202,0.574094149729,0.818774705037,0.00215326276857,0.0,0.818732781363,-0.574033287831,-0.0119651195321,0.0,-0.00856085753204,0.00863221813663,-0.999926095533,0.0,0.656744651657,0.254443981018,0.303424782937,1.0,-0.01416,-0.0186102857143,0.709
0.461273335262,0.519384274495,-0.124110250538,-1.40041900413,0.0769398791745,1.91049792214,0.153467180263,-0.0113768005615,-0.0771485312405,-0.00131401473464,-0.121981504396,-0.0173463942114,0.0398289501026,-0.0141522460315,0.574093089515,0.818775450273,0.00215255723319,0.0,0.818733601233,-0.57403231519,-0.0119556777571,0.0,-0.00855354270891,0.00862620899743,-0.99992620999,0.0,0.656465789017,0.254093745841,0.303444041965,1.0,-0.01454,-0.0191097142857,0.728
0.46111573963,0.518203544629,-0.124106380181,-1.40226411982,0.0768189259299,1.91116763502,0.153207020999,-0.0135501043957,-0.0808079085265,0.000713202062222,-0.123942748429,-0.00179349832194,0.0559174796001,-0.0235251422519,0.574071561724,0.818790541613,0.00215357544918,0.0,0.818748714538,-0.574010794697,-0.0119539498036,0.0,-0.00855177012717,0.00862582583709,-0.999926228457,0.0,0.656239901061,0.253814991572,0.303452464059,1.0,-0.01484,-0.019504,0.743
0.460941986785,0.516913193882,-0.124114587078,-1.40426504763,0.0766938252691,1.91188385082,0.152937344979,-0.00987478329875,-0.0805947391297,-0.00113774623434,-0.123697397357,-0.00432900904071,0.0449574035882,-0.0174336680291,0.574070875533,0.818791017392,0.00215559849264,0.0,0.818749218885,-0.574010102509,-0.0119526438422,0.0,-0.00854954670563,0.00862672538872,-0.99992623971,0.0,0.655995728309,0.253504075301,0.303467718463,1.0,-0.01516,-0.0199245714286,0.759
0.460756284182,0.515552612548,-0.124119893118,-1.40644156339,0.0765608564452,1.91270964578,0.15263895332,-0.0112370607607,-0.0829700638504,-3.1137140496e-05,-0.127649592443,-0.0007078270029,0.0519518587854,-0.0249004475203,0.574061664544,0.818797462641,0.00216041069153,0.0,0.818755742724,-0.574000888975,-0.0119482263896,0.0,-0.0085432642777,0.00862803350628,-0.999926282119,0.0,0.655735719106,0.253173262581,0.303457733312,1.0,-0.0155,-0.0203714285714,0.776
0.460563472112,0.514077728106,-0.124120617037,-1.40879936252,0.0764155009833,1.91355894913,0.152310624473,-0.00951914371337,-0.0798571916872,-0.00165889627406,-0.133147120368,-0.0110544612788,0.0414003645646,-0.028593900324,0.574036036349,0.81881550825,0.00213056877129,0.0,0.8187733335,-0.573975320566,-0.0119710747834,0.0,-0.00857937296907,0.0086164471079,-0.999926072867,0.0,0.655440914417,0.25282015768,0.303443036806,1.0,-0.01586,-0.0208445714286,0.794
0.460385174811,0.512749882591,-0.124116388402,-1.41093399056,0.0762886902609,1.91429414325,0.152024191799,-0.00893867599297,-0.0862963654117,0.00177264723048,-0.12944582443,-0.00226963815584,0.0381993674483,-0.0236912153852,0.574022039202,0.818825467176,0.00207357547034,0.0,0.818782368973,-0.573961383828,-0.0120211910263,0.0,-0.00865327171397,0.00859840116827,-0.999925591425,0.0,0.655165821692,0.252499361429,0.303421034732,1.0,-0.01618,-0.0212651428571,0.81
0.460186858147,0.511312345763,-0.124120000594,-1.41323186101,0.0761503142814,1.91516677059,0.151685637339,-0.0146641064489,-0.0867004333307,0.000397636689988,-0.133696203279,-0.0035065637392,0.0585844713611,-0.0191527275372,0.573992936351,0.818845846233,0.00208231283331,0.0,0.818802845718,-0.573932231484,-0.0120183363231,0.0,-0.00864622479235,0.00860360947587,-0.999925607583,0.0,0.654888835526,0.252150373479,0.303409910419,1.0,-0.01652,-0.021712,0.827
0.45998374676,0.509850516617,-0.124127955423,-1.41557672443,0.0760017391373,1.91605072122,0.151369016402,-0.0133257575291,-0.0854580589819,-0.00040692626335,-0.136252632013,-0.00594037284207,0.0497854891626,-0.0218879575191,0.573988017106,0.818849310186,0.00207613314695,0.0,0.818806289114,-0.573927398707,-0.0120145254672,0.0,-0.00864670267043,0.00859631003274,-0.999925666231,0.0,0.654605348506,0.251789667238,0.303394068291,1.0,-0.01686,-0.0221588571429,0.844
0.459799827967,0.508445002906,-0.124128645743,-1.4178023186,0.0758612066375,1.91683931046,0.15104645179,-0.0107803696072,-0.081903527348,0.00104171836029,-0.136208141282,-0.00859060441702,0.051249816219,-0.0217282883117,0.573952517693,0.818874264598,0.00204770935812,0.0,0.818830814565,-0.573891966805,-0.0120355496772,0.0,-0.00868060506856,0.00858472684337,-0.999925472003,0.0,0.654321983631,0.251454150394,0.303386584034,1.0,-0.01718,-0.0225794285714,0.86
0.45956756505,0.506818546084,-0.124128782649,-1.4203367006,0.075704772912,1.9177652921,0.150700261909,-0.0108416184239,-0.0888624653903,0.000175056087614,-0.136474081845,-0.00555839265778,0.0557522272498,-0.016588705667,0.573948340918,0.818877154706,0.00206260973776,0.0,0.818833848303,-0.573887676762,-0.0120337124636,0.0,-0.00867059284809,0.00859582946906,-0.99992546349,0.0,0.654009944011,0.251060391866,0.303398024156,1.0,-0.01754,-0.0230525714286,0.878
0.459355580359,0.5052219353,-0.124134456984,-1.42280006298,0.0755446050268,1.91870269122,0.15035747637,-0.013364072977,-0.0933181601374,0.00147608260457,-0.139394754365,-0.0026387071406,0.0572127671612,-0.0183866855275,0.573929291108,0.818890371799,0.00211534504613,0.0,0.818847862018,-0.573868515219,-0.0119938739021,0.0,-0.00860790366705,0.00861594719843,-0.999925831974,0.0,0.65371170326,0.250684921563,0.303422937024,1.0,-0.01788,-0.0234994285714,0.895
0.459137342627,0.503657529682,-0.124140876891,-1.42514207033,0.0753993468535,1.91959696031,0.150040888689,-0.0120209659908,-0.0978227968864,-0.000837114528834,-0.140683338889,-0.00628355142257,0.060438676682,-0.0133143525926,0.573934718663,0.818886311653,0.00221228438031,0.0,0.818845126846,-0.573873604771,-0.01193695477,0.0,-0.00850560101102,0.00866271784577,-0.99992630332,0.0,0.653433056777,0.250318444407,0.303478753032,1.0,-0.0182,-0.02392,0.911
0.4589058051,0.501961445359,-0.124143336555,-1.42763932269,0.0752389734483,1.92052103934,0.14968627373,-0.0161990474678,-0.0985359695457,-0.000402486674188,-0.150057401084,-0.00670564866473,0.0535824659279,-0.0248261648968,0.57392018076,0.818896217553,0.00231471250006,0.0,0.818856418779,-0.573858712934,-0.0118781275693,0.0,-0.00839879750492,0.00871268205611,-0.999926772005,0.0,0.65312873004,0.249928639523,0.303554418286,1.0,-0.01854,-0.0243668571429,0.928
0.458674505786,0.500259910685,-0.124143801243,-1.43022554536,0.0750719844153,1.92143010203,0.149325539376,-0.0166680300354,-0.0956784759473,-0.000294118386396,-0.152929341161,-0.0139575932287,0.0520583409504,-0.0217330176527,0.573901051446,0.818909569291,0.00233396123333,0.0,0.818869984724,-0.573839472712,-0.0118724292591,0.0,-0.00838328825179,0.00872497841734,-0.999926794935,0.0,0.652798819174,0.249527786324,0.303589588105,1.0,-0.01888,-0.0248137142857,0.945
0.458440563934,0.498673303168,-0.124144046206,-1.4326907692,0.0749153250065,1.9223430161,0.14897846791,-0.0156208005353,-0.0971836512186,-0.000461800060003,-0.149657798162,-0.00812107080897,0.0625260647612,-0.0184630454694,0.573891709336,0.818916041097,0.00236018891326,0.0,0.818876800954,-0.573830032648,-0.0118585577591,0.0,-0.00835697678973,0.00873840017084,-0.999926897979,0.0,0.652494792963,0.249140129952,0.303601959343,1.0,-0.0192,-0.0252342857143,0.961
0.458169405971,0.496995552873,-0.124144495716,-1.43534332983,0.0747548738184,1.9233156509,0.148577587171,-0.0178573122562,-0.0986250689745,-0.000379533393115,-0.155197346503,-0.00831092623888,0.0593896841518,-0.0227877735378,0.573877067209,0.81892630344,0.00235969628934,0.0,0.818886964876,-0.573815298109,-0.0118696804413,0.0,-0.00836652477863,0.00874423028631,-0.999926767168,0.0,0.652168212939,0.248710617952,0.303593358892,1.0,-0.01954,-0.0256811428571,0.978
0.457905252871,0.495341823028,-0.124144993727,-1.43806134156,0.0745890427461,1.92423956261,0.148185289221,-0.0172569678104,-0.08930768492,-0.000899068876207,-0.161880510171,-0.0118306491127,0.0571001743375,-0.0218118736545,0.573864705055,0.818935295693,0.00224246788989,0.0,0.818894214483,-0.573803181668,-0.0119549610982,0.0,-0.00850376811582,0.00869704165074,-0.999926020961,0.0,0.651812671871,0.248273691929,0.303532132023,1.0,-0.01988,-0.026128,0.995
0.457635972622,0.493685075753,-0.124158383874,-1.44072928397,0.0744267183001,1.92519047904,0.147820590036,-0.0175364925491,-0.113170397634,0.00265541982947,-0.177741084392,-0.00599126587552,0.0633535565421,-0.0221229939565,0.573886565304,0.818920120585,0.00218933006001,0.0,0.818878266208,-0.573825175461,-0.0119916654212,0.0,-0.00856408827211,0.00867481750164,-0.999925699206,0.0,0.651477466358,0.247834294685,0.303498900455,1.0,-0.0251228571429,-0.0330186122449,1.011
0.457331326192,0.491249698216,-0.124238792794,-1.44444634798,0.0742097467378,1.92660690724,0.147273178593,-0.0195907261756,-0.150836983126,-0.00296654147756,-0.241249990678,-0.0126400446107,0.101984347428,-0.0323940865557,0.573873844771,0.818928753767,0.00229203896353,0.0,0.818888495782,-0.573812302871,-0.0119087972165,0.0,-0.00843741875391,0.00871123930271,-0.999926459433,0.0,0.651025978373,0.247241172312,0.303549593134,1.0,-0.0338657142857,-0.0445092244898,1.028
0.4568451308,0.487950887433,-0.124255247872,-1.44974814324,0.0739272243559,1.92854723651,0.146490412967,-0.0361251443971,-0.204046082384,4.02355660512e-05,-0.316129063797,-0.017666980591,0.118017324065,-0.0478702141427,0.573831586309,0.818958457849,0.0022587106433,0.0,0.818917266925,-0.573769671749,-0.0119841818769,0.0,-0.00851873145607,0.00872676726112,-0.999925634609,0.0,0.650346557521,0.246416247614,0.303488497743,1.0,-0.0431228571429,-0.056675755102,1.046
0.456014328859,0.482445386159,-0.124398338413,-1.45833892739,0.0734096820443,1.93170095913,0.145170671054,-0.0458954338817,-0.259320839444,-0.00345364819007,-0.417137098634,-0.0247009279712,0.142814312555,-0.0583935459823,0.573818807747,0.818967309941,0.00229521780105,0.0,0.818926873535,-0.573757033195,-0.0119327097708,0.0,-0.00845576466489,0.00872699685348,-0.999926167059,0.0,0.649281158416,0.244977655395,0.303499247134,1.0,-0.0549514285714,-0.072221877551,1.069
0.455572799797,0.479618937986,-0.124471930228,-1.46279302712,0.0731426582306,1.9332431559,0.144507829513,-0.047475254756,-0.294957273248,-0.0099932337325,-0.451633833908,-0.031381366868,0.149726353976,-0.066013492997,0.573836038517,0.818955454041,0.0022163249829,0.0,0.818913950159,-0.57377454217,-0.0119776413757,0.0,-0.00853764825497,0.00868834900202,-0.999925807825,0.0,0.648706700844,0.24421946726,0.303474621768,1.0,-0.0600942857143,-0.0789810612245,1.079
0.454703072477,0.474228262819,-0.124579184628,-1.47116628606,0.0726345419139,1.93624398479,0.143305984651,-0.0516041096962,-0.325630731377,-0.00547940816525,-0.515083494715,-0.0340330206268,0.182589812381,-0.0794535347253,0.573909749235,0.818903787151,0.0022212664622,0.0,0.818862359038,-0.57384823477,-0.0119744437525,0.0,-0.00853141175575,0.0086913288415,-0.999925835158,0.0,0.64764275149,0.242794514567,0.303484349813,1.0,-0.0688371428571,-0.0904716734694,1.096
0.453707608073,0.468117688738,-0.124660330504,-1.48047619513,0.0720876378798,1.93967738566,0.141874992254,-0.0618372073297,-0.37456341082,-0.00198055286301,-0.555601632509,-0.0292995475522,0.218275947396,-0.0898548715634,0.573909909076,0.818903089313,0.00242764877851,0.0,0.818864198161,-0.573847411496,-0.0118878169317,0.0,-0.00834203065293,0.00881062023656,-0.999926389039,0.0,0.646465219984,0.241226710918,0.30357475035,1.0,-0.07758,-0.101962285714,1.113
0.452635945945,0.461777924571,-0.124703054912,-1.49025042063,0.0714552716429,1.94319076904,0.140312173662,-0.0700292455093,-0.412734402065,-0.00544377278779,-0.643082784165,-0.0467973552321,0.219202525124,-0.0963263173836,0.57382675504,0.818961189685,0.00248432924016,0.0,0.818922987846,-0.573763997327,-0.0118643268344,0.0,-0.00829116417421,0.0088427127419,-0.999926528815,0.0,0.645192082014,0.23957498854,0.30359910145,1.0,-0.0858085714286,-0.112776979592,1.129
0.45124540182,0.453922152969,-0.124810560853,-1.50251247226,0.0706546577943,1.94730260119,0.138453494528,-0.0839603861719,-0.448775049862,-0.00594063933095,-0.694558442217,-0.042660378982,0.23493870634,-0.108937325917,0.573869346033,0.818932106286,0.0022194320679,0.0,0.818890104881,-0.573807285326,-0.0120392000207,0.0,-0.00858592644677,0.00872656681492,-0.999925061641,0.0,0.643532058413,0.237423853987,0.303525457594,1.0,-0.0950657142857,-0.124943510204,1.147
0.44991335726,0.446140973902,-0.124917728131,-1.51401708939,0.0698621149198,1.95161088122,0.136653819862,-0.0858270875127,-0.484520084451,-0.00815204249805,-0.738152616107,-0.0434116953837,0.265113732138,-0.10690241763,0.573870159903,0.818930198283,0.00266773587832,0.0,0.818894939633,-0.573807326326,-0.0117037173093,0.0,-0.00805391620792,0.0089011809101,-0.99992794911,0.0,0.642061395139,0.235416055079,0.303761830471,1.0,-0.103294285714,-0.135758204082,1.163
0.448322386368,0.437460287886,-0.124950576695,-1.52738763044,0.0689802654001,1.95619041147,0.134532997873,-0.104002011829,-0.520741577918,-0.00114612342511,-0.778097774536,-0.0580169999085,0.272998871113,-0.126774076598,0.573812219811,0.818971091717,0.00257569964759,0.0,0.818934082757,-0.573749122042,-0.0118177813183,0.0,-0.00820077374677,0.00889068673312,-0.999926848824,0.0,0.640215127938,0.233088960889,0.303732621022,1.0,-0.112037142857,-0.147248816327,1.18
0.446577310737,0.428046764763,-0.125033739348,-1.54148508484,0.0680215684959,1.9612568027,0.132217846929,-0.110869206692,-0.560475291792,-0.00133820729379,-0.854852581311,-0.0585108269574,0.299303828942,-0.131932032205,0.573755000828,0.81901018909,0.00287334176303,0.0,0.81897732813,-0.573691168021,-0.0116329980763,0.0,-0.00787928486266,0.00902786639521,-0.999928204672,0.0,0.638316240077,0.230584184799,0.303880517306,1.0,-0.12078,-0.158739428571,1.197
0.444742434778,0.418743346717,-0.125097948474,-1.55568275015,0.0670125748104,1.96605931324,0.129846914061,-0.110665389334,-0.583863954567,-0.00697652126992,-0.905339958127,-0.0676323984715,0.310278139464,-0.150738608192,0.573683408877,0.819060713039,0.00276435088486,0.0,0.819026350963,-0.573619860719,-0.0116978082254,0.0,-0.00799568251822,0.0089750875154,-0.999927755823,0.0,0.636318390717,0.228003895607,0.303861922466,1.0,-0.129008571429,-0.169554122449,1.213
0.442644562089,0.408222254436,-0.125215990392,-1.57148558303,0.0659016178116,1.97160903206,0.127232960103,-0.126815093886,-0.619824344826,-0.00612458293796,-0.943403428613,-0.0572422808935,0.318599445005,-0.158267452071,0.573691042613,0.81905471576,0.00295078261991,0.0,0.819023084118,-0.573627222821,-0.0115647663705,0.0,-0.0077796769759,0.0090515362287,-0.999928770622,0.0,0.634119263059,0.225095631531,0.303946607168,1.0,-0.137751428571,-0.181044734694,1.23
0.440144023303,0.39642515986,-0.125320880308,-1.58919564589,0.0647093588429,1.97760123942,0.12422600315,-0.144357454577,-0.674715064349,-0.00672216631138,-0.996144501344,-0.0677053871309,0.349172271511,-0.168909308998,0.573731086851,0.819026389283,0.0030266382726,0.0,0.818995102218,-0.573666267973,-0.0116095837144,0.0,-0.00777242479161,0.00913975697245,-0.999928024537,0.0,0.631580389486,0.221765461372,0.303992883612,1.0,-0.147008571429,-0.193211265306,1.248
0.437918125566,0.386238988447,-0.125445862424,-1.60467646085,0.063515138366,1.98278921238,0.121559315063,-0.151422979575,-0.692029469955,-0.00665633807614,-1.0610035221,-0.0720538537224,0.341198230204,-0.184758785019,0.573722931787,0.819032705547,0.00285861628571,0.0,0.818999730875,-0.57365924109,-0.0116302553412,0.0,-0.0078858396761,0.00901392370638,-0.999928278784,0.0,0.629323599559,0.218794615361,0.303917912299,1.0,-0.154722857143,-0.203350040816,1.263
0.43519133215,0.374044525828,-0.125565344922,-1.62274427715,0.0621744960838,1.98884200821,0.118293553437,-0.171265235468,-0.734668962923,-0.00778616823255,-1.08632616529,-0.0794210425837,0.371521712683,-0.198383704241,0.573672301855,0.819067795924,0.00296355641814,0.0,0.819036219769,-0.573608314979,-0.0115723202001,0.0,-0.00777874396159,0.00906615416433,-0.99992864545,0.0,0.626501191411,0.215071939023,0.303997098331,1.0,-0.16398,-0.215516571429,1.281
0.432175482933,0.361380079601,-0.12574174512,-1.64146239819,0.060732910395,1.99505752928,0.114987903588,-0.181745571053,-0.76262069488,-0.010338826263,-1.11960338237,-0.0877417841,0.386328370341,-0.20052000799,0.573821702168,0.818962877405,0.00303421403502,0.0,0.818932759136,-0.57375811129,-0.0114678962119,0.0,-0.00765102367139,0.00906551953543,-0.999929636621,0.0,0.623884048673,0.211517467733,0.304060031725,1.0,-0.172208571429,-0.226331265306,1.297
0.428916213556,0.348329511018,-0.125896071514,-1.66098547569,0.0592660384241,2.00128892407,0.111318423456,-0.195398206509,-0.768055749078,-0.0093418168487,-1.15979974389,-0.0973974382547,0.363093353479,-0.222812994419,0.573854603447,0.818940638364,0.00280567997205,0.0,0.818906991538,-0.573791091895,-0.0116562847225,0.0,-0.00793608387116,0.00898677661553,-0.999928125626,0.0,0.620878100033,0.207542155883,0.303954698586,1.0,-0.180951428571,-0.237821877551,1.314
0.425434307786,0.334634821531,-0.126027764584,-1.68093326513,0.0577097377556,2.00785455527,0.107526295253,-0.203688366898,-0.817354756645,-0.00367028245003,-1.19200866603,-0.0932762174573,0.385196835576,-0.229023741303,0.573905997155,0.818903861179,0.00301984699451,0.0,0.818873186217,-0.573842001756,-0.0115242707974,0.0,-0.00770450314453,0.00908689480466,-0.999929031969,0.0,0.617811183086,0.203436130078,0.304051929425,1.0,-0.189694285714,-0.249312489796,1.331
0.421815842124,0.320462418797,-0.1261199567,-1.70148577374,0.056013403031,2.01443253951,0.103482967195,-0.220939848432,-0.850308577455,-0.00618750087006,-1.22325717151,-0.103716292322,0.386516363563,-0.238590799334,0.573770550031,0.818998416082,0.00311404456245,0.0,0.818969277446,-0.573706661154,-0.0114340040299,0.0,-0.00757802898193,0.00911097702111,-0.999929779322,0.0,0.614538651768,0.199218958147,0.304124217215,1.0,-0.198437142857,-0.260803102041,1.348
0.418126812555,0.306722109733,-0.12619451544,-1.72131778013,0.0543882844233,2.02068463597,0.0994517547913,-0.2321920906,-0.890558946155,-0.00363867589565,-1.24375526624,-0.107339520501,0.403370654808,-0.263330244116,0.573653583219,0.819079995112,0.00320545918675,0.0,0.819051945895,-0.573589328396,-0.0113990866809,0.0,-0.00749829104604,0.00916474095396,-0.99992988912,0.0,0.611324073121,0.195065189071,0.304177114724,1.0,-0.206665714286,-0.271617795918,1.364
0.413641541555,0.290793726128,-0.126354874736,-1.74426938789,0.0524744377706,2.0276557314,0.0947523010804,-0.256331993311,-0.921949247363,-0.0124673864065,-1.27550977771,-0.105278551557,0.40424596058,-0.262415022852,0.573669735848,0.819069044504,0.00311149635305,0.0,0.819039463189,-0.573605375941,-0.0114881387484,0.0,-0.00762495459647,0.0091390117782,-0.999929166757,0.0,0.607514903631,0.190104701931,0.304171793963,1.0,-0.215922857143,-0.283784326531,1.382
0.4091151042,0.275414420773,-0.126491462328,-1.76638457504,0.050620082372,2.03428489186,0.0900207138627,-0.268567854211,-0.917622567031,-0.00964804891863,-1.30250054116,-0.11399776357,0.384777663843,-0.280447438602,0.573625469438,0.819100489344,0.00299266944944,0.0,0.819068724133,-0.573560732221,-0.0116300688487,0.0,-0.00780986776848,0.0091226812905,-0.999927888726,0.0,0.603767783324,0.185251059563,0.304114773453,1.0,-0.224665714286,-0.295274938775,1.399
