position_joint1,position_joint2,position_joint3,position_joint4,position_joint5,position_joint6,position_joint7,velocity_joint1,velocity_joint2,velocity_joint3,velocity_joint4,velocity_joint5,velocity_joint6,velocity_joint7,ee_T_00,ee_T_10,ee_T_20,ee_T_30,ee_T_01,ee_T_11,ee_T_21,ee_T_31,ee_T_02,ee_T_12,ee_T_22,ee_T_32,ee_T_03,ee_T_13,ee_T_23,ee_T_33,v_x,v_y,time
0.465085879596,0.547607084281,-0.123993234796,-1.35573020627,0.0794588382725,1.8940886821,0.159168023486,-0.00145544806994,0.00188208095402,-0.0046170982484,7.95221078765e-05,-0.000370849551112,9.68538314341e-05,-0.00126850479786,0.573789369716,0.818988333355,0.00214847149428,0.0,0.818948259939,-0.57373049813,-0.0117392486966,0.0,-0.00838182548035,0.00849550666715,-0.999928783148,0.0,0.661703119916,0.260902876765,0.303385693472,1.0,0.0,0.0,0.0
0.465088618545,0.547597182885,-0.123988148931,-1.35573549599,0.0794573106054,1.89409274773,0.159166488994,0.00228251147018,-0.000325964417763,-0.00130771301542,-0.00143884699192,-0.000180002962385,0.000199976528431,0.00445080118757,0.573782209779,0.818993328364,0.00215655688612,0.0,0.818953347833,-0.573723295843,-0.0117363018947,0.0,-0.00837484726885,0.00850036437584,-0.999928800335,0.0,0.661701183464,0.260907164502,0.303390372162,1.0,-6e-05,-7.88571428571e-05,0.004
0.465082926997,0.547603768805,-0.12398537366,-1.35573581121,0.0794619402936,1.89409180891,0.159169282506,-0.0017401629885,0.000791011824625,0.00105592922207,-0.000386394459686,0.000158419391192,0.00024680411512,-0.00043756616434,0.573788469343,0.818988952406,0.00215294854128,0.0,0.818948868815,-0.573729511444,-0.0117449932404,0.0,-0.00838397101264,0.00850246016506,-0.999928706059,0.0,0.661701337199,0.26090556603,0.303385391518,1.0,-0.00044,-0.000578285714286,0.023
0.465081537186,0.547584220136,-0.12398838529,-1.35573977226,0.0794595473676,1.89409397216,0.159169282507,-0.000937728185048,-0.00150489017725,-0.000297327258841,0.00124985504564,-0.000371112836758,0.00889409725844,0.00230127578335,0.573791271994,0.818986952895,0.00216658096908,0.0,0.818947082042,-0.573732297868,-0.0117334606703,0.0,-0.00836667480779,0.00850703627236,-0.999928812009,0.0,0.661702566588,0.260902451733,0.303397638219,1.0,-0.00076,-0.000998857142857,0.039
0.465087128739,0.547499509357,-0.123987739172,-1.35582427323,0.0794576287502,1.8941036613,0.159171963313,-0.000133402232405,-0.00226739315646,0.00307376859745,-0.00678197239826,4.7198004187e-05,0.000160360446465,0.000668196103064,0.573792456679,0.818986091297,0.00217849083216,0.0,0.818946316943,-0.573733377833,-0.0117340541717,0.0,-0.00836031521945,0.0085171427949,-0.999928779168,0.0,0.661685866185,0.260897954743,0.303418242731,1.0,-0.0011,-0.00144571428571,0.056
0.465089755811,0.547375601771,-0.123986011056,-1.35596542579,0.0794597559328,1.89413491536,0.159169164184,0.00177768524707,-0.00220896445041,0.000273208051299,-0.00596724635447,2.74494694314e-05,0.00418784696922,0.00151118152819,0.573795067739,0.818984209026,0.00219829612884,0.0,0.818944562838,-0.573735781528,-0.0117389477546,0.0,-0.00835293251389,0.00853619733249,-0.999928678383,0.0,0.661661811022,0.260888032821,0.303441491189,1.0,-0.00142,-0.00186628571429,0.072
0.465071513504,0.547220417771,-0.123988551814,-1.35617821215,0.0794536753122,1.89420329087,0.159167520123,0.00122987323155,-0.0115957189192,-0.00429134480079,-0.0125930110086,-0.000243819108077,0.00422127165993,0.00181530745564,0.57382063645,0.818966259977,0.00221113186216,0.0,0.818926721709,-0.573761238178,-0.0117393755133,0.0,-0.00834565138322,0.00854721545609,-0.99992864506,0.0,0.661636444073,0.260854930268,0.303456144545,1.0,-0.00176,-0.00231314285714,0.089
0.46505499881,0.547057430112,-0.123987020601,-1.35637631919,0.0794510562871,1.89430491939,0.159149275118,0.000323381509262,-0.00869363534638,0.000190695025569,-0.011270543091,-0.000134019309889,0.00356808843786,0.00106408026208,0.573828667868,0.818960463286,0.00227297345931,0.0,0.818921676122,-0.573768982295,-0.0117128235425,0.0,-0.00828833730239,0.00858270640912,-0.999928817774,0.0,0.661619696789,0.260830001054,0.303486070102,1.0,-0.00208,-0.00273371428571,0.105
0.465032724635,0.546845934951,-0.123985681119,-1.35660032221,0.07944703465,1.89442768264,0.159136053659,0.000571380698977,-0.0175886731855,0.000213419971886,-0.0124938492859,-0.00168259959037,0.00304235034023,0.00065885852886,0.573846746088,0.818947513869,0.0023724319859,0.0,0.818909984093,-0.573786657837,-0.0116643105818,0.0,-0.00819134604059,0.00863650119195,-0.999929153839,0.0,0.661604122477,0.260799925373,0.303539862147,1.0,-0.00242,-0.00318057142857,0.122
0.46499945669,0.546616087446,-0.123986283865,-1.35693602116,0.0794364967007,1.89457356947,0.159105386426,-0.00228361431632,-0.015550480456,-0.000286093581765,-0.0207363864305,-8.21908184487e-05,0.00553419867824,-0.00164257528942,0.573865406472,0.8189343255,0.00241094868407,0.0,0.818897242402,-0.573805121206,-0.0116505865058,0.0,-0.00815780756301,0.00866035452841,-0.999929221713,0.0,0.661571691864,0.260748940071,0.30355553279,1.0,-0.00278,-0.00365371428571,0.14
0.464959157753,0.546358431903,-0.12398707312,-1.35733283714,0.0794249782126,1.89471055552,0.158995021727,-0.00262123268028,-0.00821063957993,9.28017008255e-05,-0.0203732520766,-0.00422833235361,0.0159785196098,-0.00415860571984,0.573829281328,0.818959595053,0.00242579110578,0.0,0.818922590658,-0.573768826382,-0.0116563837856,0.0,-0.00815442102691,0.00867547649712,-0.999929118251,0.0,0.661526093855,0.260680888241,0.303565580436,1.0,-0.00314,-0.00412685714286,0.158
0.464920707687,0.546079693743,-0.123989239161,-1.35777616022,0.0794064563523,1.8948737348,0.158957016129,-0.00185964967691,-0.0161406466947,-0.000137295973736,-0.0254287902477,9.96856836874e-05,0.00785716166325,-0.00143663730709,0.573849428483,0.818945498014,0.00241901096696,0.0,0.818908332575,-0.573788917714,-0.0116690894732,0.0,-0.00816850387434,0.00867741562969,-0.99992898648,0.0,0.661475823751,0.260617962633,0.303561592473,1.0,-0.00346,-0.00454742857143,0.174
0.464870983305,0.545774436185,-0.123989243325,-1.35828613043,0.0793714241394,1.8950451149,0.158917553217,-0.00502966233717,-0.0165528801448,-6.10712406363e-05,-0.0319687901114,-0.000213123961022,0.0107222793385,0.00157971401383,0.57387698206,0.818926281579,0.0023878236395,0.0,0.81888872284,-0.573816592884,-0.0116843586943,0.0,-0.00819861344167,0.00866091310474,-0.999928883132,0.0,0.661415906763,0.260534500122,0.303549808762,1.0,-0.0038,-0.00499428571429,0.191
0.464818836391,0.545485870199,-0.123991374299,-1.35879798255,0.0792904082469,1.89522135949,0.158831678848,-0.00286926529693,-0.0167786507443,-0.00233383667863,-0.035524167892,-0.00315164403255,0.014151367875,-0.0137359925864,0.573857937081,0.818939825198,0.00231897717303,0.0,0.818901794259,-0.573798243656,-0.0116693546691,0.0,-0.00822603262051,0.00859573185977,-0.999929220386,0.0,0.661359736044,0.260440647343,0.303525700526,1.0,-0.0041,-0.00538857142857,0.206
0.464764885225,0.545104976285,-0.123992087623,-1.35945911397,0.0792673858503,1.89543012999,0.158746579497,-0.0027358663526,-0.0183402760795,-0.00241170718859,-0.0403183455542,0.000238024559695,0.018332269013,-0.00315430362946,0.573863577196,0.818936017887,0.00226721781258,0.0,0.818897116868,-0.573803868361,-0.0117209018145,0.0,-0.00829789006684,0.00858298202227,-0.999928736181,0.0,0.66127502977,0.260341516119,0.303498761527,1.0,-0.00444,-0.00583542857143,0.223
0.464696053148,0.544689972365,-0.123994945386,-1.36015337846,0.0792483841025,1.89566235131,0.158691202676,-0.00716319925667,-0.0230077351414,-0.000574371978434,-0.0470426938694,-0.00177827811325,0.0107689952907,-0.00282678542615,0.573910183391,0.818903435814,0.00223855172098,0.0,0.81886393847,-0.573850346196,-0.0117633900601,0.0,-0.0083486475943,0.008584363901,-0.99992830182,0.0,0.661192347219,0.260230067436,0.30348227904,1.0,-0.00478,-0.00628228571429,0.24
0.464634558939,0.544251583621,-0.123995870302,-1.36088181186,0.0792177146374,1.89591948583,0.158565679767,-0.00328062623449,-0.0263812608247,-0.000356883667942,-0.040905004296,-4.26944752641e-05,0.0175067551622,-0.00345932508903,0.573890839857,0.818917049533,0.00221738885958,0.0,0.818877136259,-0.573830941744,-0.0117912217352,0.0,-0.00838378759017,0.00858280842951,-0.999928021162,0.0,0.661105606642,0.260120649325,0.30346812378,1.0,-0.00512,-0.00672914285714,0.257
0.464566560567,0.543788721785,-0.12399883587,-1.3616269305,0.0791802105727,1.89618192141,0.158501737879,-0.00173159327601,-0.0310683262624,-0.000121423804283,-0.0445740424318,-0.00734018101584,0.0144344822253,-0.000430493621692,0.573927720988,0.818891240221,0.00220333209558,0.0,0.818851070566,-0.573867797533,-0.0118077131193,0.0,-0.00840497332526,0.00858113993942,-0.999927857628,0.0,0.661019177561,0.26000334959,0.303463814899,1.0,-0.00544,-0.00714971428571,0.273
0.464484143003,0.543243732349,-0.124004414328,-1.36250712013,0.0791358887447,1.89648530602,0.158355759732,-0.00681294377066,-0.0335218331156,-0.000570128602042,-0.0495845083622,-0.00131170674541,0.0155782700541,-0.00320162764024,0.573916677278,0.818899042316,0.00218012339493,0.0,0.818858478035,-0.573856751457,-0.0118308350426,0.0,-0.00843734340199,0.0085752911631,-0.999927635191,0.0,0.660916605649,0.259861731221,0.303456899652,1.0,-0.0058,-0.00762285714286,0.291
0.46439954452,0.542671349875,-0.124008441843,-1.36344507202,0.0790709892973,1.89682037849,0.158256706983,-0.0066132276166,-0.0292617712915,-0.000796047830111,-0.0486305980134,-0.000964059678425,0.0200334205637,-0.00313931947966,0.573942517113,0.818881018011,0.00214762495539,0.0,0.818840099799,-0.573882786106,-0.0118400031382,0.0,-0.0084632317736,0.00855420733157,-0.999927597001,0.0,0.660808988699,0.259711902624,0.303444466217,1.0,-0.00616,-0.008096,0.309
0.464334680303,0.542068951657,-0.124019057749,-1.3643554354,0.0790185959492,1.897161726,0.158129184016,-0.00616005454045,-0.0424672512229,-0.000741598613545,-0.0504857403586,-0.0060487943835,0.0181665667952,-0.00618546386675,0.573935266076,0.818886027978,0.00217495697317,0.0,0.818845493374,-0.57387545668,-0.0118222291684,0.0,-0.00843306622199,0.00856631288722,-0.999927748229,0.0,0.660705314145,0.259577425937,0.303467095866,1.0,-0.0065,-0.00854285714286,0.326
0.464254969562,0.541529234272,-0.124006327814,-1.36520946115,0.078968269806,1.89746853022,0.158027164826,-0.00388272616832,-0.0374839272153,0.00132047060748,-0.06095680668,-0.00366176269216,0.0176209494499,-0.0119850962467,0.57394201485,0.818881305496,0.00217209565046,0.0,0.818840639477,-0.573882120225,-0.0118349536694,0.0,-0.00844505804757,0.00857134237098,-0.999927603922,0.0,0.660604335534,0.259450530354,0.303468380815,1.0,-0.0068,-0.00893714285714,0.341
0.464173684534,0.540825668252,-0.124012227826,-1.36628673269,0.0789010798065,1.89786639933,0.157882406917,-0.00644205429682,-0.0411322347752,0.0028973495686,-0.0633606854377,-0.010259585992,0.0288511951514,-0.0132340679203,0.573935952813,0.818885506343,0.0021900847435,0.0,0.818845111858,-0.573876026449,-0.0118209963036,0.0,-0.00842336758926,0.00857800011654,-0.999927729785,0.0,0.660479789558,0.259290908731,0.303487656084,1.0,-0.00716,-0.00941028571429,0.359
0.464080766267,0.540119624462,-0.12401731948,-1.36735277984,0.0788511749589,1.89826003867,0.15774027349,-0.00270178066409,-0.0486212751042,2.0639115625e-05,-0.0680597607575,-0.000257454414522,0.0224366731543,-0.00887497824947,0.573944908553,0.818879133153,0.00222578860461,0.0,0.818839090871,-0.573884727211,-0.0118156691076,0.0,-0.00839842048587,0.0086042715018,-0.99992771391,0.0,0.660358724323,0.259127952567,0.303513549564,1.0,-0.0075,-0.00985714285714,0.376
0.463990191632,0.539400174984,-0.124025777406,-1.36849954897,0.0787756352664,1.89869626357,0.157607910192,-0.00362184859767,-0.0417402403087,2.91233825883e-05,-0.0716606982903,-0.00694781242075,0.0289977145196,-0.0149081565513,0.573959989324,0.818868561652,0.00222627364493,0.0,0.818828627237,-0.573899908301,-0.0118034473868,0.0,-0.00838797523797,0.00859780866308,-0.999927857177,0.0,0.660229233632,0.258953937434,0.303514153689,1.0,-0.00784,-0.010304,0.393
0.463886994598,0.538690817562,-0.124021210689,-1.36960100044,0.0787165941577,1.89911643743,0.157475718711,-0.00467214997536,-0.0445908869989,0.000244230948552,-0.071247296301,-0.00031355259173,0.0261495207262,-0.00461518841445,0.573978198925,0.818855720769,0.00225446757581,0.0,0.818816072577,-0.573917924163,-0.0117984115062,0.0,-0.00836747850653,0.00861819119959,-0.999927853439,0.0,0.660105901462,0.25878597925,0.303527287448,1.0,-0.00816,-0.0107245714286,0.409
0.463772763584,0.537912501163,-0.124032188322,-1.37079649329,0.0786549682014,1.89957898317,0.157322559197,-0.00973162641278,-0.0445888989393,-0.00118206318243,-0.0702470917243,-0.00209099690712,0.0265820433052,-0.00540760028631,0.574003642693,0.818837771869,0.00229530771482,0.0,0.818798633035,-0.573943186039,-0.0117798404536,0.0,-0.00832856243787,0.00864123252052,-0.999927979481,0.0,0.659977399899,0.258593929807,0.303548432905,1.0,-0.0085,-0.0111714285714,0.426
0.463684878365,0.537154961002,-0.124032562913,-1.37198677234,0.0785743036015,1.9000233238,0.157169840494,-0.0046701295438,-0.0474232657369,0.000218700507639,-0.0711526528922,-0.00333886025875,0.0262260118043,-0.0141802710825,0.573994841021,0.818843929963,0.00229950953455,0.0,0.818804915964,-0.573934442391,-0.0117691261967,0.0,-0.00831746996175,0.00863843374807,-0.999928095993,0.0,0.659837491866,0.258421471577,0.303555294923,1.0,-0.00882,-0.011592,0.442
0.463560180986,0.536268836636,-0.124033659015,-1.37336101118,0.0784992161613,1.90055196368,0.157005931896,-0.00992471840874,-0.0505784042835,0.00107768188421,-0.0807273196576,-0.00163252037237,0.0310640924863,-0.0166258092745,0.574019144619,0.81882678748,0.00233679656492,0.0,0.818788209238,-0.573958551416,-0.0117557037801,0.0,-0.00828482029793,0.00866150726384,-0.999928167442,0.0,0.659684230264,0.258210782806,0.303572588831,1.0,-0.00918,-0.0120651428571,0.46
0.463461175305,0.535509709601,-0.124042078608,-1.37456315271,0.0784277897691,1.90098336717,0.156848691865,-0.00608454259133,-0.0479584257544,-0.000387651849521,-0.0833184248763,-0.00325220352684,0.0300642562361,-0.0111174134838,0.574024225519,0.818823258027,0.00232541015799,0.0,0.818784528614,-0.573963671174,-0.0117620906512,0.0,-0.00829653217092,0.00865590148952,-0.999928118878,0.0,0.659542692868,0.258025573035,0.303573803618,1.0,-0.00948,-0.0124594285714,0.475
0.463339068665,0.534602114623,-0.124048507624,-1.37598639304,0.0783428839925,1.90150925326,0.156679333131,-0.00680679790783,-0.0497765511368,-0.000606811805856,-0.0840322055945,-0.00589929455094,0.0331785217941,-0.00630917679147,0.574045374585,0.818808411332,0.00233245598255,0.0,0.818769778653,-0.573984796483,-0.0117579705868,0.0,-0.008288890531,0.00865951982097,-0.999928150924,0.0,0.659378524491,0.257806229384,0.30358251429,1.0,-0.00982,-0.0129062857143,0.492
0.46321692497,0.533701015536,-0.124049986802,-1.3774630861,0.0782619842382,1.90204513593,0.156506570611,-0.00512425216349,-0.0551905677411,0.000297355944918,-0.0878093713787,-0.000842674149588,0.0251140386735,-0.00832341240887,0.574064176433,0.818795317359,0.00230141422199,0.0,0.818756179035,-0.574003607102,-0.0117866545933,0.0,-0.00832999790173,0.00865075983071,-0.999927885144,0.0,0.659202042578,0.257584649913,0.303561749201,1.0,-0.01016,-0.0133531428571,0.509
0.463089827847,0.532830322437,-0.124044272502,-1.37886185295,0.078187220953,1.90257350426,0.15632730476,-0.00349995598431,-0.0520636157639,0.00124178370779,-0.0926761528008,-0.00205080739312,0.0307217692365,-0.0159072767784,0.57408398997,0.818781403495,0.00230925352973,0.0,0.818742318963,-0.574023338274,-0.0117885180278,0.0,-0.00832681423288,0.00865844975725,-0.999927845103,0.0,0.659032593663,0.257355178285,0.303557723372,1.0,-0.0105,-0.0138,0.526
0.462961937961,0.531855071363,-0.124052398236,-1.38041340544,0.0780876033556,1.90315813966,0.156128627671,-0.00752189033541,-0.0573470253946,0.000572269764708,-0.0839355333021,-0.00652243062966,0.0264442752903,-0.0136941088931,0.574079768441,0.81878436885,0.00230731320892,0.0,0.81874527204,-0.574019138129,-0.0117879376563,0.0,-0.0083274974845,0.00865648496521,-0.999927856424,0.0,0.658861366426,0.257136517228,0.303555497834,1.0,-0.01082,-0.0142205714286,0.542
0.462821730199,0.530838619989,-0.124055332777,-1.38203131779,0.0779965250628,1.9037301599,0.155932978735,-0.00523051536708,-0.0645459284586,-0.00264711174042,-0.0922512881342,-0.00180702193056,0.0392194369005,-0.00994052833517,0.574099978873,0.818770260075,0.00228525197578,0.0,0.81873077208,-0.574039322396,-0.0118121164319,0.0,-0.00835974609829,0.0086525084961,-0.999927621752,0.0,0.658666562787,0.256887824412,0.303551407065,1.0,-0.01116,-0.0146674285714,0.559
0.462692344977,0.529873362786,-0.124060926819,-1.38357697128,0.0778910220422,1.90427472735,0.155724420235,-0.00974151245135,-0.0615031523573,-0.00139048342099,-0.0931703157699,-0.00523726664795,0.0389348719143,-0.00892936221708,0.574094586334,0.818774147182,0.00224694222209,0.0,0.818734230306,-0.574034150431,-0.0118237543302,0.0,-0.00839132435771,0.00862776797315,-0.999927571025,0.0,0.658479980866,0.256648468131,0.303543094341,1.0,-0.01148,-0.015088,0.575
0.462550892421,0.528825083883,-0.124059464919,-1.38523988192,0.0777909613522,1.90489122361,0.155500934086,-0.0138270267101,-0.0635234652651,0.000444910413801,-0.101594509915,-0.00316491190898,0.0381214928656,-0.00727545395077,0.574087337223,0.818779193558,0.00226016313282,0.0,0.818739390916,-0.574026791429,-0.0118236790221,0.0,-0.00838374959655,0.00863847531014,-0.999927542118,0.0,0.658271644124,0.256386360145,0.303551748036,1.0,-0.01184,-0.0155611428571,0.593
0.46241499647,0.527718024617,-0.124056358259,-1.38694543614,0.0776870379983,1.90555659333,0.155248248928,-0.0141419085467,-0.0693038223711,0.000594838122834,-0.100084753834,-0.0059740659629,0.0396064550493,-0.0095770676057,0.574056487699,0.818800699271,0.00230449696049,0.0,0.818761509684,-0.573995812687,-0.0117959391158,0.0,-0.00833591208302,0.00865853549198,-0.999927768558,0.0,0.658085845143,0.256150969665,0.303568412925,1.0,-0.01216,-0.0159817142857,0.609
0.462274537659,0.526575740957,-0.124067339713,-1.3887037701,0.0775733561723,1.90622691581,0.155009356805,-0.00729217257847,-0.0662132991374,-0.00103126980004,-0.100715692146,-0.000762513023652,0.0423138268161,-0.019324281068,0.574048103409,0.818806467083,0.00234336020941,0.0,0.818767901999,-0.573987406485,-0.0117612394769,0.0,-0.00828527921285,0.00867035226889,-0.999928086984,0.0,0.657882351866,0.255885532484,0.303593828447,1.0,-0.0125,-0.0164285714286,0.626
0.462113738084,0.525407969789,-0.124065243362,-1.39054063117,0.0774659391418,1.90688951699,0.154768735869,-0.0125737356641,-0.0720418183291,0.000360361728502,-0.102689389099,-0.00214953667116,0.0308967950956,-0.014724229207,0.574051258921,0.818804262827,0.00234055731868,0.0,0.818765566796,-0.573990473299,-0.0117741280838,0.0,-0.00829740841376,0.00867548781886,-0.999927941866,0.0,0.657660884551,0.255605873364,0.303598435817,1.0,-0.01284,-0.0168754285714,0.643
0.461965219335,0.524228097978,-0.124076075281,-1.3924138929,0.077343265805,1.90755726971,0.154521083513,-0.00837490809898,-0.0718703030097,-0.000310723868995,-0.111399778017,-0.00988906461033,0.0412631702514,-0.00869566951598,0.574045253583,0.818808556244,0.0023112683622,0.0,0.818769543728,-0.573984646706,-0.0117816174544,0.0,-0.00832041681754,0.00865574437147,-0.999927921779,0.0,0.657432256247,0.25532054653,0.3035947657,1.0,-0.01318,-0.0173222857143,0.66
0.461815297931,0.523118552693,-0.124078024024,-1.39422564872,0.0772251533709,1.90823012462,0.154269209982,-0.00741832270333,-0.0730531671767,0.000137395720371,-0.118480976539,-0.00472728901351,0.0458927600274,-0.0203871645485,0.574028580604,0.818820333951,0.00227953041496,0.0,0.818780957262,-0.57396814718,-0.0117922410442,0.0,-0.00834750961657,0.00863568574773,-0.999927869406,0.0,0.657214758233,0.255046948044,0.303570819655,1.0,-0.0135,-0.0177428571429,0.676
0.46164922323,0.521879470974,-0.124083983603,-1.39616367104,0.0771152333411,1.90897287231,0.154009682352,-0.0124601024736,-0.0737348540229,-0.000827477621445,-0.117047507723,-0.0105189601108,0.0429500906321,-0.0127417449327,0.57403058508,0.818818820416,0.00231810836973,0.0,0.818779912161,-0.573969970039,-0.0117760704984,0.0,-0.00831210359688,0.00865801189905,-0.999927971288,0.0,0.656988882748,0.254753176232,0.303583691183,1.0,-0.01384,-0.0181897142857,0.693
0.461457980415,0.520493255429,-0.12409007866,-1.39841051661,0.0769734356884,1.90983184772,0.153706302107,-0.0149689041344,-0.0743674077405,-0.00051596836776,-0.111999842888,-0.00289083669786,0.0419887399457,-0.0152527272834,0.574025014902,0.818822750396,0.00230924276307,0.0,0.818783797696,-0.573964507849,-0.0117721392075,0.0,-0.00831403208882,0.00864843945263,-0.999928038093,0.0,0.656724712746,0.254410866104,0.303562656802,1.0,-0.01422,-0.0186891428571,0.712
0.461316200009,0.519335689775,-0.124098949189,-1.40021695561,0.0768585840953,1.91047984838,0.153465804892,-0.00668937599355,-0.0795091954645,-0.000272463567415,-0.118810533315,-0.0159980059858,0.0391522544506,-0.016804922131,0.574015472122,0.818829454461,0.00230416436243,0.0,0.818790463981,-0.573955014857,-0.011771317545,0.0,-0.00831637494881,0.00864371262376,-0.999928059482,0.0,0.656502205757,0.25413882039,0.303572045064,1.0,-0.01452,-0.0190834285714,0.727
0.461138773968,0.517999076363,-0.124097901333,-1.40232337729,0.0767218261752,1.91123304885,0.15317947323,-0.00895785123749,-0.0793638146951,0.0022016851221,-0.121439226461,-0.0128606448703,0.0457543374831,-0.0172885309964,0.574000254691,0.818840172935,0.00228597976096,0.0,0.818800943531,-0.573939865814,-0.0117810102625,0.0,-0.00833491003624,0.00863423151205,-0.999927987068,0.0,0.656241847497,0.253819558196,0.303572794071,1.0,-0.01486,-0.0195302857143,0.744
0.460972158922,0.516715610655,-0.124111737466,-1.40431873825,0.0765924163521,1.91196001594,0.152892000926,-0.0158753067306,-0.0753242880456,-0.000641016557034,-0.12502137304,-0.00548813363564,0.050272601809,-0.0240019298696,0.573981686872,0.818853172633,0.00229165991466,0.0,0.818814101719,-0.573921366456,-0.0117677037856,0.0,-0.00832094919383,0.00863105609852,-0.999928130755,0.0,0.656000645446,0.253510638912,0.303586911004,1.0,-0.01518,-0.0199508571429,0.76
0.460787899946,0.515348080097,-0.124115855831,-1.40650425224,0.0764605126008,1.91279425964,0.152603480459,-0.0104675907868,-0.0819005613903,0.000900669945106,-0.128141125538,-0.00931915079924,0.0426627296577,-0.0229907455795,0.573979265467,0.818854838872,0.00230273130047,0.0,0.818815915532,-0.573918907267,-0.0117614307421,0.0,-0.0083094834268,0.00863649669552,-0.999928179126,0.0,0.655739665879,0.253181225972,0.30357814199,1.0,-0.01552,-0.0203977142857,0.777
0.460572636476,0.513782390132,-0.124118597261,-1.40900216661,0.0763004917272,1.91367775041,0.152250935849,-0.0132922812622,-0.0838728916843,3.7750951011e-05,-0.134858868116,-0.00809632725131,0.0442278541004,-0.0209778054156,0.573956776539,0.818870729471,0.00225698503198,0.0,0.818831185844,-0.573896568768,-0.0117883140036,0.0,-0.00835799023894,0.00861423828726,-0.999927966855,0.0,0.655427672667,0.252796773452,0.303563317426,1.0,-0.0159,-0.0208971428571,0.796
0.460378792409,0.512387019974,-0.124121679557,-1.41128366816,0.0761737251954,1.91446917328,0.151942037449,-0.011446695495,-0.0846388854666,-0.00034287530618,-0.131053441245,-0.00756230073664,0.0424384880379,-0.0187620448394,0.573950108092,0.818875604618,0.00218276968653,0.0,0.818834875341,-0.573889965008,-0.0118533492798,0.0,-0.00845391170318,0.00859072444261,-0.999927362777,0.0,0.655136124768,0.252448790898,0.303523761488,1.0,-0.01624,-0.021344,0.813
0.460199578786,0.511104678774,-0.12412448925,-1.41329975347,0.0760435703034,1.91523686814,0.15164881049,-0.0127235405065,-0.0912845444333,0.000633109072292,-0.135816096192,-0.0137269062116,0.0459275755066,-0.0190394545021,0.573929136629,0.81889024141,0.00220579992482,0.0,0.818849879796,-0.57386897465,-0.0118330550887,0.0,-0.00842429539084,0.00859771962678,-0.999927552608,0.0,0.654895711117,0.252138417981,0.303528802855,1.0,-0.01654,-0.0217382857143,0.828
0.460021001123,0.509821496052,-0.124125309157,-1.41535836928,0.0759221431447,1.91602629026,0.151364357439,-0.0154892924798,-0.0857058717259,0.00034643504131,-0.140148575608,-0.0112617169041,0.0536328978218,-0.0176609418096,0.5739179029,0.818898083102,0.00221745882612,0.0,0.818857835383,-0.573857658042,-0.0118313414168,0.0,-0.00841631911825,0.00860616788425,-0.999927547099,0.0,0.654647716555,0.251827499364,0.303515697551,1.0,-0.01684,-0.0221325714286,0.843
0.459811382005,0.508234558835,-0.124131233564,-1.4178750108,0.0757644515207,1.91691851784,0.151021583669,-0.0123440725691,-0.0863759380039,0.000213004507125,-0.140456350876,-0.0127287622378,0.0524887297032,-0.0155584768388,0.573901084481,0.818909962973,0.00218281387834,0.0,0.818869218984,-0.573840931785,-0.0118547083244,0.0,-0.00845551359997,0.00859103446335,-0.999927346569,0.0,0.654328880214,0.25144421643,0.303505725872,1.0,-0.0172,-0.0226057142857,0.861
0.459587899199,0.50661159584,-0.12413206004,-1.42041886888,0.075604918007,1.91784257702,0.150655470608,-0.00912876626722,-0.0896398685532,-0.0010815557135,-0.141580633397,-0.0102405183586,0.0554041905147,-0.0207528742998,0.573873417591,0.818929349259,0.00218366799581,0.0,0.818888579294,-0.573813227266,-0.0118584070698,0.0,-0.00845834285425,0.00859357082791,-0.999927300846,0.0,0.654012174343,0.251054012373,0.303509988604,1.0,-0.01756,-0.0230788571429,0.879
0.459367286563,0.505013854855,-0.124140817572,-1.42287400877,0.0754487861515,1.91879132516,0.150317160218,-0.0130088094,-0.0927117042637,-0.000617574437254,-0.140792238788,-0.0143005338091,0.0565585756541,-0.018159460444,0.573868016975,0.818932941292,0.00225469751979,0.0,0.818893203661,-0.573807659849,-0.0118083613195,0.0,-0.00837665463629,0.00862296338819,-0.999927735469,0.0,0.653720815733,0.25067347934,0.303540601349,1.0,-0.0179,-0.0235257142857,0.896
0.459154188316,0.503457953384,-0.124138428422,-1.42520163232,0.0752976021109,1.91967008246,0.150001078344,-0.0174307520088,-0.09240015865,0.000899411065946,-0.145891441342,-0.00783033460092,0.0558339989659,-0.0173490713233,0.573860742876,0.818937793023,0.0023421880866,0.0,0.818899249352,-0.573800112037,-0.0117557533908,0.0,-0.00828344243262,0.00866434825543,-0.999928154244,0.0,0.65343930247,0.250315130922,0.303595606588,1.0,-0.01822,-0.0239462857143,0.912
0.458924107089,0.501763938313,-0.124144644777,-1.42770437058,0.0751334604459,1.92059768528,0.149647412015,-0.0129101010968,-0.0969720304927,0.00128173224064,-0.146067559334,-0.0112933325059,0.058476856977,-0.0199267276985,0.573847620728,0.818946708008,0.0024381404432,0.0,0.81890950088,-0.573786732645,-0.0116945162911,0.0,-0.00817837043866,0.00870765437194,-0.99992864296,0.0,0.653134952607,0.249923036496,0.303667560513,1.0,-0.01856,-0.0243931428571,0.929
0.458698758664,0.500147812874,-0.12414473696,-1.43015511217,0.0749814746282,1.92145487195,0.149303261731,-0.0162135913955,-0.0978209321079,-0.000934962230198,-0.154522560325,-0.0112491000948,0.0567393184693,-0.0189824150949,0.573834081325,0.818956130433,0.00245976370433,0.0,0.818919109101,-0.573773015353,-0.011694721172,0.0,-0.00816627478592,0.00872534507138,-0.999928587605,0.0,0.652822695587,0.249540117022,0.303703045399,1.0,-0.01888,-0.0248137142857,0.945
0.45845372511,0.498468827083,-0.124145145068,-1.43276817162,0.0748168966998,1.9224257668,0.148923108736,-0.0148963738844,-0.0954060790336,0.00191689247055,-0.14958833498,-0.00492241522192,0.0569231884108,-0.0217435862546,0.573812208532,0.818971368839,0.00248862694488,0.0,0.818934714356,-0.573751032948,-0.0116804415447,0.0,-0.0081382516068,0.0087405712387,-0.999928683095,0.0,0.652500230922,0.249131455488,0.303714450146,1.0,-0.01922,-0.0252605714286,0.962
0.458191594243,0.496799379308,-0.124150776905,-1.43542866553,0.074653776877,1.92339214071,0.148528386888,-0.0139599181921,-0.0954748992157,-0.000645034753815,-0.152978604253,-0.0100137283512,0.0535568365466,-0.0213600130806,0.573798472509,0.818981059578,0.00246655636961,0.0,0.81894405463,-0.573737309643,-0.0116996500332,0.0,-0.00816679360138,0.0087333811369,-0.999928513213,0.0,0.652169285406,0.248702919347,0.303695835332,1.0,-0.01956,-0.0257074285714,0.979
0.457926825163,0.495131303599,-0.124145149091,-1.43814860796,0.0744844974744,1.92431834885,0.148137690184,-0.0157712056743,-0.0872739708942,1.38489618751e-05,-0.163584735477,-0.0106231166832,0.0557314165712,-0.0255064905773,0.57378253422,0.818992535428,0.00236161759491,0.0,0.818953972304,-0.573721555183,-0.0117777445721,0.0,-0.00829113359941,0.008692087588,-0.999927849756,0.0,0.651813044278,0.248268749195,0.303643564655,1.0,-0.0199,-0.0261542857143,0.996
0.457629269555,0.493322813376,-0.124151156429,-1.44108155175,0.074297047366,1.92538913526,0.147737486874,-0.0186394913048,-0.101382178694,-0.000685660137991,-0.162986265282,-0.0148707892879,0.0616924446995,-0.032134563786,0.573799605419,0.81898072421,0.00230934955303,0.0,0.818941473795,-0.57373881519,-0.0118059876364,0.0,-0.0083440734773,0.0086656600146,-0.999927638769,0.0,0.651448091348,0.247789914755,0.303599920946,1.0,-0.0210497142857,-0.0276653387755,1.014
0.457355570416,0.491577579603,-0.124153311028,-1.44386698071,0.0741198478828,1.92640985011,0.14734172636,-0.0188326970209,-0.108317948669,0.00145233962202,-0.173323793679,-0.0116553431436,0.0676893779975,-0.0289261247562,0.573792746536,0.818985587922,0.0022886020848,0.0,0.818946044004,-0.573732012559,-0.0118195463989,0.0,-0.00836715497011,0.00865637827681,-0.99992752629,0.0,0.651098533049,0.247343937737,0.303577218393,1.0,-0.0223662857143,-0.0293956897959,1.03
0.457018244849,0.4895253135,-0.124162472541,-1.4472025948,0.0739092017146,1.9275766201,0.146863256193,-0.0230792072352,-0.115358472506,-0.00155360867579,-0.188611779754,-0.00971061044416,0.0724264946267,-0.0214731483646,0.573792796096,0.818985834328,0.00218568526892,0.0,0.818944843607,-0.57373235691,-0.0118858178482,0.0,-0.00848048136185,0.00861011810921,-0.999926970984,0.0,0.65066975886,0.246796099367,0.303518385469,1.0,-0.0238474285714,-0.0313423346939,1.048
0.456725739945,0.487652830361,-0.124177329314,-1.45009491574,0.0737241619045,1.92866061618,0.146452310556,-0.0176529249816,-0.128588955384,-0.00379104452177,-0.19613666944,-0.00289406260671,0.0812115456346,-0.0321789096021,0.573800018901,0.818980645835,0.00223314987392,0.0,0.818940358279,-0.573739477451,-0.0118510969191,0.0,-0.00842473496916,0.00862914233173,-0.999927278227,0.0,0.650314992014,0.246322773149,0.303537442695,1.0,-0.0250817142857,-0.0329645387755,1.063
0.456349806724,0.485420829742,-0.124194173649,-1.45350124131,0.0735141475949,1.92996348679,0.145937640257,-0.021816554898,-0.127944427974,-0.00206394669822,-0.201491316477,-0.0150905114808,0.0786872804442,-0.0311707421874,0.57381032375,0.818973131663,0.00233856239631,0.0,0.818934284241,-0.57374944471,-0.0117881165028,0.0,-0.00831256185501,0.00867943897517,-0.99992778172,0.0,0.649908416656,0.245748806606,0.303579622212,1.0,-0.0264805714286,-0.0348030367347,1.08
0.455989088424,0.483223032034,-0.12423316515,-1.45688774337,0.0733109700652,1.93112312149,0.145421526594,-0.0229551668812,-0.139441083655,-0.00262555921854,-0.219739692141,-0.0182975412428,0.0785092324557,-0.0374197328264,0.573822348242,0.818964775603,0.00231427781243,0.0,0.818925517831,-0.573761462011,-0.0118121910274,0.0,-0.00834608564102,0.00867348734071,-0.999927554112,0.0,0.649475868011,0.245165573817,0.303594646437,1.0,-0.0277971428571,-0.0365333877551,1.096
0.455585749484,0.480751611408,-0.12425981146,-1.46071810065,0.0730736535493,1.93248815361,0.144859074748,-0.024096622527,-0.146319562475,-0.000320227702184,-0.22819504535,-0.0112047401962,0.0952444714697,-0.0298910890134,0.57383416449,0.818956489173,0.00231676643816,0.0,0.818917217544,-0.573773219162,-0.0118165427646,0.0,-0.00834809656613,0.00867814295088,-0.999927496931,0.0,0.648989837324,0.244521616536,0.303604409879,1.0,-0.029196,-0.0383718857143,1.113
0.455121675909,0.478043381836,-0.124267871918,-1.46488247266,0.0728148052188,1.93402935963,0.14423781465,-0.028071352502,-0.149119998958,0.000866946768213,-0.239216532015,-0.0136286479587,0.0862970298869,-0.038827469291,0.573843672613,0.818949620812,0.00238848807923,0.0,0.818911234633,-0.573782403391,-0.0117851708502,0.0,-0.00828114820616,0.00871897331216,-0.999927698431,0.0,0.64847210939,0.243821472628,0.303632425852,1.0,-0.0306771428571,-0.0403185306122,1.131
0.454691490855,0.475530025574,-0.124288667368,-1.46873106142,0.0725783981009,1.93545259003,0.143695187959,-0.0221661599187,-0.159869968347,-0.00159903075855,-0.239099111093,-0.0180206413837,0.0878274854797,-0.0397801887858,0.573888723335,0.818917835455,0.00246148395827,0.0,0.818880388743,-0.573827166197,-0.0117490071074,0.0,-0.00820916315653,0.00875845225728,-0.999927946981,0.0,0.647994076692,0.243166617278,0.303664337203,1.0,-0.0319937142857,-0.0420488816327,1.147
0.454165302436,0.472399363573,-0.12428824672,-1.47355749061,0.0722761258388,1.93712201461,0.142991688448,-0.0251312718888,-0.166037677668,0.00196631549152,-0.252359438732,-0.0152004803357,0.0863633213957,-0.0317177742109,0.57389225024,0.818915412692,0.00244517279526,0.0,0.818877486975,-0.573830469087,-0.0117898674464,0.0,-0.00825194838891,0.00876857933496,-0.999927506054,0.0,0.647358324349,0.24236143777,0.303676777338,1.0,-0.0335571428571,-0.0441036734694,1.166
0.453735614076,0.46985211835,-0.124288587473,-1.47746874466,0.0720281547577,1.93856637393,0.142387489632,-0.0249705871969,-0.169578861945,0.0016534948704,-0.264656907637,-0.0137603180876,0.103232456004,-0.0356904400199,0.573868773551,0.818931659405,0.00251294011379,0.0,0.818894564048,-0.573806689274,-0.0117610891208,0.0,-0.00818974406105,0.00880732435665,-0.99992767695,0.0,0.646859814911,0.241712458377,0.303700165571,1.0,-0.0347914285714,-0.045725877551,1.181
0.453211402817,0.466661452839,-0.124291364332,-1.48228554617,0.071706820489,1.94038270486,0.141604380877,-0.0292640303604,-0.173020050443,-0.000119791507649,-0.280253571278,-0.0185775331375,0.0977640077556,-0.0376649092793,0.573799310675,0.818979851634,0.00266469279441,0.0,0.818944874722,-0.573736851996,-0.0116646358489,0.0,-0.00802442377651,0.00887556739823,-0.999928413901,0.0,0.646251259622,0.240916216771,0.303767034889,1.0,-0.0362725714286,-0.047672522449,1.199
0.452702145875,0.463746185167,-0.124299883458,-1.4868282547,0.0713988569984,1.94190710816,0.140931811871,-0.0310320877419,-0.181182257192,-0.00324804588276,-0.285010532239,-0.0231561184546,0.0957289794791,-0.045939928962,0.573800224309,0.818979512775,0.00257043555613,0.0,0.818943196139,-0.573737973137,-0.0117271726933,0.0,-0.00812971421471,0.00883426511871,-0.999927929156,0.0,0.645638380873,0.240138640299,0.30374732425,1.0,-0.0375891428571,-0.0494028734694,1.215
0.452101427438,0.460380949099,-0.124296021472,-1.49212219804,0.0710455958316,1.94375917457,0.140151839645,-0.0329156474837,-0.188755771941,0.00134739097375,-0.297953942542,-0.0161737924672,0.0995701694846,-0.0418903275857,0.573800513878,0.818979529661,0.00249943413057,0.0,0.81894214879,-0.573738370191,-0.0117807642823,0.0,-0.00821434167805,0.00880687011625,-0.999927479185,0.0,0.644932244024,0.239242041294,0.303706019444,1.0,-0.0390702857143,-0.0513495183673,1.233
0.451544022127,0.457311523671,-0.124304147563,-1.49690987111,0.0707239049853,1.94546293674,0.139411967995,-0.0363848980061,-0.194870866328,-2.35073182535e-05,-0.30562808002,-0.0252734060074,0.102820308933,-0.0432315123827,0.573790232616,0.818986797978,0.00247802197341,0.0,0.818949120631,-0.573728150802,-0.0117937990433,0.0,-0.00823741334577,0.00879670997646,-0.999927378821,0.0,0.644301850824,0.238417795984,0.303687023522,1.0,-0.0403868571429,-0.0530798693878,1.249
0.450902589701,0.453967662472,-0.124336007817,-1.50221629406,0.0703594302916,1.94728767033,0.138589691067,-0.0340414294344,-0.203420368965,-0.000973819992595,-0.309949888218,-0.0229777035518,0.102466038074,-0.0462980459162,0.573808404161,0.818974461377,0.00234389156933,0.0,0.818935051118,-0.573746845285,-0.0118611330552,0.0,-0.00836932579707,0.00872568078849,-0.999926905769,0.0,0.643595061032,0.237470334296,0.303618815983,1.0,-0.0417857142857,-0.0549183673469,1.266
0.450228623668,0.450169496175,-0.124394652496,-1.50788002592,0.0699800394079,1.94941226945,0.137695240766,-0.0407900833687,-0.213837800385,-0.00171183467735,-0.318599601713,-0.0256618314974,0.115473256399,-0.0520120791679,0.573822640439,0.818963821675,0.00256573735628,0.0,0.818927699459,-0.573760680935,-0.0116983320731,0.0,-0.00810854764382,0.00881409088806,-0.999928279057,0.0,0.642841271197,0.236411095081,0.30372841433,1.0,-0.0433491428571,-0.0569731591837,1.285
0.449665624018,0.447144286856,-0.12441610371,-1.51245276325,0.0696668627325,1.95094251675,0.137014193527,-0.0378968929586,-0.222322062448,-0.00230404738293,-0.330017326983,-0.0181691700811,0.112640422412,-0.0596394149358,0.573863020987,0.818935664324,0.00252145660832,0.0,0.818898882621,-0.573801124806,-0.0117318419423,0.0,-0.00816096626061,0.00879745763617,-0.999927999092,0.0,0.642257594919,0.235649502633,0.303745965013,1.0,-0.0444188571429,-0.0583790693878,1.298
0.448989095291,0.443442824643,-0.124423090314,-1.51815240123,0.0692761719465,1.95291134048,0.136151521031,-0.0357052655903,-0.224162455136,-0.00123261560788,-0.339818341402,-0.0198940795267,0.117991057637,-0.0577928792603,0.573862407532,0.818936196796,0.0024879107737,0.0,0.818898893568,-0.573800542418,-0.0117595295343,0.0,-0.00820289777269,0.00878586846506,-0.999927757882,0.0,0.641478019451,0.234660988879,0.303738600855,1.0,-0.0458177142857,-0.0602175673469,1.315
0.448230356567,0.439464424723,-0.124425431544,-1.52429793733,0.0688457644908,1.95510124901,0.135132913055,-0.0435180975854,-0.224897768724,-0.00111972873822,-0.344408590481,-0.02517523383,0.124725323805,-0.044998834443,0.573804248125,0.818976936824,0.00249172331056,0.0,0.818939731625,-0.573742428254,-0.0117511228661,0.0,-0.00819444899496,0.00878358455128,-0.999927847221,0.0,0.640650287957,0.233583384326,0.303724099744,1.0,-0.0472988571429,-0.0621642122449,1.333
0.447463238988,0.435590463728,-0.124435438805,-1.53024584057,0.0684496922864,1.95721414096,0.134184835824,-0.0458086180033,-0.230192445731,-0.00162918767621,-0.34697758206,-0.0266591075629,0.122303383744,-0.0604163877721,0.573814976107,0.818969332108,0.00252054807209,0.0,0.818932399276,-0.573752939198,-0.0117489182269,0.0,-0.00817598926164,0.00880603325523,-0.999927800883,0.0,0.639850313132,0.232519224584,0.303722085861,1.0,-0.0486977142857,-0.0640027102041,1.35
0.446661310083,0.431560224115,-0.124460011859,-1.53630810585,0.0680121467155,1.95939286242,0.133221383132,-0.0508770341105,-0.236761465793,-0.00158952088696,-0.361678813627,-0.0211963071214,0.126684812773,-0.047978900465,0.573841897615,0.818950156863,0.00261992683874,0.0,0.818914806663,-0.573779818851,-0.0116621528145,0.0,-0.00804761567139,0.0088378989389,-0.99992856116,0.0,0.639045001774,0.23141207555,0.303774194421,1.0,-0.0500965714286,-0.0658412081633,1.367
0.445940590745,0.427970817754,-0.124493956424,-1.5419290999,0.0675946226687,1.96117480784,0.132341897781,-0.0492396819552,-0.243687154058,-0.00171075025013,-0.371934237655,-0.0309640227195,0.116276028097,-0.059479265203,0.573860284337,0.818937988185,0.00238588953658,0.0,0.818899563971,-0.573799018363,-0.011787177598,0.0,-0.00828410592918,0.0087181648408,-0.99992768098,0.0,0.638238192026,0.230376169215,0.303699010665,1.0,-0.0513308571429,-0.0674634122449,1.382
0.445110714483,0.423763196183,-0.124533890302,-1.5482963743,0.0671389760002,1.96336721959,0.131264815512,-0.0550641424612,-0.249623435795,-0.00222248929196,-0.374068996639,-0.0222831990374,0.130716152479,-0.0674224229305,0.573830375938,0.818958923421,0.00239338675781,0.0,0.818920727717,-0.573769223559,-0.0117671879942,0.0,-0.00826375105256,0.00871253167911,-0.999927898506,0.0,0.637358645833,0.229210180065,0.303720795847,1.0,-0.0527297142857,-0.0693019102041,1.399
