position_joint1,position_joint2,position_joint3,position_joint4,position_joint5,position_joint6,position_joint7,velocity_joint1,velocity_joint2,velocity_joint3,velocity_joint4,velocity_joint5,velocity_joint6,velocity_joint7,ee_T_00,ee_T_10,ee_T_20,ee_T_30,ee_T_01,ee_T_11,ee_T_21,ee_T_31,ee_T_02,ee_T_12,ee_T_22,ee_T_32,ee_T_03,ee_T_13,ee_T_23,ee_T_33,v_x,v_y,time
0.465060971258,0.547883451428,-0.123985911797,-1.35584414399,0.0794906335231,1.89409314747,0.159175606559,-0.00286100493945,0.00348367925993,-0.000537806687766,0.000309220665595,3.6571936347e-05,6.87711910082e-05,0.00051226090524,0.573826030488,0.818963411246,0.00183430512821,0.0,0.818918802775,-0.573767986923,-0.0119598722728,0.0,-0.00874240055211,0.0083651940469,-0.999926794301,0.0,0.661673562188,0.260878857064,0.30313588473,1.0,0.0,0.0,0.0
0.46506095052,0.547873654026,-0.123990653539,-1.35584163245,0.0794896532619,1.89409738456,0.159176420361,-0.000252112987535,-0.000553999396621,-0.000540376742184,0.00342309008577,-0.000389530418095,0.000314923672874,-0.000144225013577,0.573829644046,0.818960851441,0.00184670608257,0.0,0.818916447218,-0.57377158799,-0.0119483970417,0.0,-0.00872584993276,0.00836880353098,-0.999926908664,0.0,0.661676395052,0.260876658848,0.30314454361,1.0,-0.00016,-0.000210285714286,0.009
0.46506594497,0.547876835624,-0.123988155772,-1.35584154488,0.0794898819742,1.89409163321,0.159175591932,0.00118603663138,0.00234330778877,0.0004846846327,0.00160628801823,-5.66056839872e-05,-0.000251532553785,-0.000171834599916,0.573823150662,0.81896541612,0.0018400718292,0.0,0.818920902223,-0.573765101409,-0.011954547569,0.0,-0.00873476019587,0.00836683052072,-0.99992684738,0.0,0.661673292957,0.260881022151,0.303141749737,1.0,-0.00044,-0.000578285714286,0.023
0.46506809938,0.547862398036,-0.123988543697,-1.35585973718,0.079489877577,1.89409638688,0.15917556266,0.00132630661433,-0.0030807201139,0.00109378728771,-0.00329979225981,-0.000124072091431,-4.8023819054e-06,0.00073052857048,0.573822633077,0.818965775442,0.00184155488009,0.0,0.818921270084,-0.573764567224,-0.0119549865258,0.0,-0.00873427403358,0.00836829142352,-0.999926839402,0.0,0.661669979907,0.260880575818,0.303143744922,1.0,-0.00078,-0.00102514285714,0.04
0.465062705245,0.547792200635,-0.123983682094,-1.35592939968,0.0794911985437,1.89410597806,0.159171626801,-0.000517972989586,-0.000588783582115,0.00116573335464,-0.0114555103175,7.71365207626e-05,0.000408617573457,-0.000247163341642,0.573824527788,0.818964415867,0.00185573545004,0.0,0.818919998139,-0.573766308019,-0.0119585672949,0.0,-0.00872905066272,0.00838197948139,-0.999926770366,0.0,0.661657998594,0.26087334195,0.303160992811,1.0,-0.00112,-0.001472,0.057
0.46506510225,0.547662884485,-0.123989201216,-1.35608540881,0.0794917412176,1.8941403366,0.159170510627,-0.000815404160413,-0.00680169252348,-0.0018481342975,-0.00545040809965,4.74278362854e-05,0.00209387989058,0.000664058969346,0.573834178119,0.818957626426,0.00186789802538,0.0,0.818913273469,-0.573775815214,-0.0119629140641,0.0,-0.00872553298836,0.0083945370672,-0.999926695724,0.0,0.661633116522,0.26085733765,0.303181516002,1.0,-0.00144,-0.00189257142857,0.073
0.465056257174,0.547508263729,-0.123985730765,-1.35630378735,0.0794840670814,1.89419496158,0.15916485967,-0.00177870289984,-0.0131622013409,0.000684888438183,-0.0183611346162,-0.000220914854058,0.00569794714823,-7.48604945422e-05,0.573844359191,0.818950498846,0.00186514522409,0.0,0.818906006266,-0.573785907028,-0.0119763391348,0.0,-0.00873800309829,0.00840009501069,-0.999926540155,0.0,0.6615999646,0.260832066959,0.303191723523,1.0,-0.0018,-0.00236571428571,0.091
0.465036123608,0.547318081138,-0.123986046158,-1.35650813455,0.0794854127921,1.89432709474,0.159154397918,-0.000960921041756,-0.0105702114173,0.000494103526479,-0.0127364889581,0.000417619210177,0.00866053590218,0.00164240618563,0.57386459931,0.818936065406,0.00197214029059,0.0,0.818892924373,-0.573805651638,-0.0119247416197,0.0,-0.00863414197243,0.00845832165019,-0.999926951526,0.0,0.661589748033,0.260806021097,0.30324066458,1.0,-0.00214,-0.00281257142857,0.108
0.465016634572,0.547136129889,-0.123983462743,-1.35673048464,0.0794787574002,1.89444990787,0.15913989241,0.000834371532432,-0.00782008753769,0.000749796987945,-0.0100923688549,-0.000306840808467,0.010349319655,8.21068174286e-05,0.573877773881,0.818926652381,0.00204586596916,0.0,0.818884454699,-0.573818504562,-0.0118878331029,0.0,-0.00856147245093,0.00849765464208,-0.999927242881,0.0,0.661572925832,0.260777895843,0.303274281032,1.0,-0.00246,-0.00323314285714,0.124
0.464984683321,0.546917730988,-0.12398354148,-1.35706524331,0.0794727861187,1.89458144693,0.159119376981,-0.000500685113291,-0.0158878161159,0.00127915998637,-0.0215077506174,0.000385877904292,0.0119868395217,0.000301395061109,0.573904398654,0.818907943423,0.00206598770917,0.0,0.818865890066,-0.573844927168,-0.0118911964157,0.0,-0.00855240329543,0.00851634075854,-0.999927161516,0.0,0.661536821608,0.260727810383,0.3032810499,1.0,-0.0028,-0.00368,0.141
0.464946926281,0.54663455249,-0.123986047134,-1.35747693287,0.0794629292481,1.89472843557,0.159008821139,-0.00532349713194,-0.0150418720068,-0.000113001249284,-0.0235590572363,9.77045507935e-05,0.00837464688921,-0.00959378661782,0.573866892035,0.818934164856,0.00209063622515,0.0,0.818892296173,-0.573807189083,-0.0118938608978,0.0,-0.00854083138299,0.00853766326308,-0.999927078594,0.0,0.661490124454,0.260664618932,0.30329848209,1.0,-0.00316,-0.00415314285714,0.159
0.464909062742,0.546369792564,-0.123988180923,-1.35790070387,0.0794468049929,1.89488337135,0.158956544707,-0.0043705704464,-0.0174447158797,0.000414107812258,-0.0296412791715,0.000245839843251,0.0114150116549,0.000984226356488,0.573876012867,0.818927771144,0.00209150815283,0.0,0.818885833323,-0.573816224779,-0.0119029015075,0.0,-0.00854763985787,0.00854366054723,-0.999926969192,0.0,0.661442013011,0.260599417312,0.303297770801,1.0,-0.00348,-0.00457371428571,0.175
0.464858639161,0.54606604832,-0.123989500285,-1.35841633864,0.0794210064205,1.89505593474,0.158924686229,-0.00229720176318,-0.016326585587,-0.00128866482368,-0.0348616242697,-0.000226312407434,0.00710579897344,-0.000704457962548,0.573914049206,0.818901195231,0.00205996930431,0.0,0.818858776687,-0.57385431585,-0.0119279052386,0.0,-0.00858581888428,0.00853258061717,-0.999926736707,0.0,0.661380942235,0.2605156123,0.30328241056,1.0,-0.00382,-0.00502057142857,0.192
0.464800781654,0.545730083941,-0.123982968294,-1.35899997933,0.0793166869534,1.89525439568,0.158825425649,-0.00831447827454,-0.0218988779039,0.00108355606744,-0.0348571889263,-0.0112787800845,0.0109540722448,-0.00827320296051,0.573880421381,0.818924956109,0.00198119121866,0.0,0.818882072311,-0.573821570918,-0.011903919449,0.0,-0.00861173225743,0.00845395104499,-0.999927181738,0.0,0.661314746019,0.26041283088,0.303259319107,1.0,-0.00416,-0.00546742857143,0.209
0.464740163608,0.545370267627,-0.123988993637,-1.359631085,0.0792990318712,1.8954556601,0.158754076768,-0.00560264937637,-0.0241057769499,8.86015906498e-05,-0.0398122935614,-0.000382547962755,0.0119755062869,-0.000218398937979,0.573906255611,0.818906971421,0.00193101766755,0.0,0.818863226707,-0.573847408813,-0.0119546746975,0.0,-0.00868182411799,0.00844226449053,-0.999926674362,0.0,0.661237509458,0.260309859522,0.30323131767,1.0,-0.00448,-0.005888,0.225
0.464670146814,0.544927444563,-0.123991749087,-1.36037620704,0.0792805119364,1.89570287635,0.158675162821,-0.00147456261208,-0.0232500724666,-0.00116290630013,-0.0386218203832,-0.00010891770032,0.0115029670946,-0.00522574734324,0.573937422702,0.818885205922,0.00189769500939,0.0,0.818840750356,-0.573878446079,-0.0120042319127,0.0,-0.00874120995403,0.00844375049929,-0.999926144436,0.0,0.661147086259,0.260193109535,0.303211655591,1.0,-0.00484,-0.00636114285714,0.243
0.464590596295,0.544489056148,-0.12399780792,-1.36110791221,0.079254824705,1.89597571079,0.158560082105,-0.00749427660159,-0.0302619810301,-0.00319571436422,-0.0467094919157,0.000147062231275,0.0160761768946,-0.00390902651494,0.573946617021,0.818878784319,0.00188793615727,0.0,0.818834054369,-0.573887539448,-0.0120262368753,0.0,-0.0087647359448,0.00844848704769,-0.99992589849,0.0,0.661068288247,0.260070265586,0.303197518382,1.0,-0.00518,-0.006808,0.26
0.464529575795,0.54405739527,-0.124000895391,-1.36181921538,0.0792200570342,1.89622382254,0.158481926939,-0.00410330495772,-0.0308453310182,-0.00145673243381,-0.0466866090014,0.000531091696675,0.00610348079963,-0.0022770503542,0.573965072633,0.818865902722,0.00186431160596,0.0,0.818820775645,-0.573906010149,-0.0120488915671,0.0,-0.00879665619734,0.00844234253997,-0.999925670084,0.0,0.660983987622,0.259960582659,0.303186026573,1.0,-0.00548,-0.00720228571429,0.275
0.464447310031,0.543543181756,-0.123996594189,-1.36265996336,0.0791744723802,1.89650752492,0.158384649351,-0.00526792698451,-0.0281329723639,0.00085825248561,-0.0493332251141,-0.00053626376584,0.0177151524572,-0.00698324350551,0.573984294225,0.818852503035,0.00183170908803,0.0,0.818806831738,-0.573925259351,-0.0120795645219,0.0,-0.00884028773386,0.0084334586019,-0.999925360259,0.0,0.660883490977,0.259827527385,0.303174118314,1.0,-0.00582,-0.00764914285714,0.292
0.46437929868,0.542978272306,-0.124007375317,-1.36352555388,0.0791132770007,1.89683450975,0.158256242777,-0.00449064215059,-0.0333010630518,-0.000614633457493,-0.050496113914,-0.00086270355314,0.0182732588792,-0.00746674652344,0.573974269686,0.818859496803,0.00184638428486,0.0,0.818814157355,-0.57391530534,-0.0120559077817,0.0,-0.00881259604879,0.00843178879483,-0.999925618778,0.0,0.660787756887,0.259693298916,0.303190406443,1.0,-0.00616,-0.008096,0.309
0.46431833853,0.54245550779,-0.124008549021,-1.3643361218,0.0790693726568,1.89711852684,0.158154650596,-0.00319990317552,-0.0368191468833,-0.00051476177045,-0.051915613595,-0.00320522880747,0.0197338206059,-0.00704475498248,0.573975054538,0.818858947416,0.00184605161642,0.0,0.818813532691,-0.573916023696,-0.012064133942,0.0,-0.00881951522098,0.00843624640676,-0.999925520175,0.0,0.660689892836,0.259575158504,0.30319899091,1.0,-0.00646,-0.00849028571429,0.324
0.464237328816,0.541798074933,-0.124010926877,-1.36535292423,0.0790135543644,1.89750508483,0.15802218898,-0.00220755039607,-0.0400274449273,0.000242653767224,-0.0572350180918,-0.00354646556421,0.0204697379908,-0.0200331738971,0.573969943604,0.818862471885,0.00187159777179,0.0,0.818817351431,-0.573910763675,-0.0120551746097,0.0,-0.00879756935385,0.00845196734785,-0.999925580742,0.0,0.66056754879,0.259415524526,0.303216716068,1.0,-0.00684,-0.00898971428571,0.343
0.464150295265,0.541097664316,-0.124010953549,-1.36642380681,0.0789554539875,1.89790275928,0.157883422444,-0.0063582125012,-0.0428459284154,-0.00195926174556,-0.0618096970329,-6.94641950778e-05,0.0266948696831,-0.00913107121249,0.573977769935,0.818856925852,0.00189776338976,0.0,0.818812084683,-0.57391841485,-0.0120486503458,0.0,-0.00877712841334,0.0084697321222,-0.99992561006,0.0,0.6604509114,0.259267562151,0.303233445232,1.0,-0.00718,-0.00943657142857,0.36
0.464081720012,0.540478247513,-0.124011582001,-1.36736931895,0.0788918425443,1.89823889667,0.157753803471,-0.000173221836156,-0.0460702161583,0.000336800631869,-0.061674004647,0.000671930294063,0.0173990483497,-0.0128427284993,0.573963493307,0.818866920111,0.00190326046931,0.0,0.818822185303,-0.573904149514,-0.0120417160878,0.0,-0.00876844270439,0.00847010040351,-0.999925683144,0.0,0.66033735526,0.259130328793,0.303250366659,1.0,-0.00748,-0.00983085714286,0.375
0.463968565318,0.539695981305,-0.124014115057,-1.3685790052,0.0788237055838,1.8987018454,0.157616229048,-0.00505746971284,-0.0437970056296,-0.00127538915045,-0.0700218691002,-0.000840697668071,0.0250205293957,-0.00613383197991,0.57399410598,0.818845388904,0.00193449508607,0.0,0.818801042536,-0.57393460467,-0.0120278512428,0.0,-0.00873884510596,0.0084880457354,-0.999925790079,0.0,0.660204385417,0.258941210835,0.303267613773,1.0,-0.00784,-0.010304,0.393
0.463871043335,0.53894098423,-0.124012299257,-1.36973812558,0.0787636535218,1.89913937635,0.157467114141,-0.00628212964142,-0.0453905889923,0.00173163633884,-0.0703138954989,-0.00232633237424,0.0289364625332,-0.0102739661154,0.5739986337,0.818842134147,0.00196844044009,0.0,0.81879813227,-0.573938890096,-0.0120214777894,0.0,-0.00871409578057,0.00851223106881,-0.999925800476,0.0,0.660071579053,0.258770176834,0.303287189566,1.0,-0.00818,-0.0107508571429,0.41
0.46376424133,0.538199021117,-0.124014840111,-1.37088301644,0.078699976572,1.8995843573,0.157331835189,-0.00303369248663,-0.0429686756506,0.000236345122673,-0.0724558448399,-0.0057035055313,0.0315701960508,-0.00422549360035,0.57402339212,0.818824688467,0.00200543170232,0.0,0.818781153984,-0.573963472822,-0.0120041929501,0.0,-0.0086784520954,0.00853286152438,-0.999925934629,0.0,0.659946577245,0.258591937925,0.303304989067,1.0,-0.0085,-0.0111714285714,0.426
0.463650542701,0.53740608913,-0.124026789593,-1.37214206103,0.0786145957656,1.90005525463,0.157176860734,-0.00659143967855,-0.0473945561715,0.00087190897824,-0.0784377302532,0.00046289164066,0.0293615691151,-0.0120601648598,0.574044568136,0.818809855463,0.0020003230547,0.0,0.818766392478,-0.573984803613,-0.0119911080036,0.0,-0.00867044930861,0.00852139176991,-0.999926101865,0.0,0.659806523731,0.258389072332,0.303306851254,1.0,-0.00884,-0.0116182857143,0.443
0.463518377747,0.536521810585,-0.124030104189,-1.37353197294,0.0785351923322,1.90058195765,0.156999243624,-0.00731759247732,-0.0438435291079,0.000703710882555,-0.0778390814577,-0.00199555968124,0.0318390492316,-0.00451740253927,0.574065002161,0.818795484028,0.00201879420127,0.0,0.818752239366,-0.574005134951,-0.0119842598445,0.0,-0.00865402621902,0.00853280070952,-0.999926146844,0.0,0.659651826352,0.258169464881,0.303315342657,1.0,-0.0092,-0.0120914285714,0.461
0.463407496891,0.535703888281,-0.124038447139,-1.37482535281,0.0784686126165,1.90105186823,0.156845360569,-0.00475808011973,-0.0463903526641,-0.000865076303299,-0.0799089265104,-0.00125766652035,0.0272565377008,-0.00648606667922,0.574088860896,0.818778758062,0.0020179302712,0.0,0.818735411062,-0.574028904569,-0.0119954280511,0.0,-0.00866341817664,0.00853875699341,-0.99992601467,0.0,0.659501070305,0.257969805658,0.303318032442,1.0,-0.00952,-0.012512,0.477
0.463297208303,0.534905898883,-0.124036933908,-1.37609273828,0.0783932415514,1.90150469479,0.15669269459,-0.0082660896545,-0.0509113343716,0.00118728479092,-0.0830393583922,-0.00195904424961,0.030594242421,-0.0129192072208,0.574102331132,0.818769345864,0.00200463555804,0.0,0.818725767198,-0.574042372104,-0.0120091655632,0.0,-0.0086821580401,0.00853590107256,-0.999925876515,0.0,0.65935020862,0.257776526286,0.303317060862,1.0,-0.00982,-0.0129062857143,0.492
0.463148175902,0.533896968849,-0.124047797018,-1.37773157172,0.0782906514718,1.90211105269,0.156485880608,-0.0073439967233,-0.0551109822804,-0.000646894120096,-0.0856258999788,-0.00876978877161,0.0326383309813,-0.0208054319732,0.574124960069,0.818753542534,0.00197831098641,0.0,0.818709681706,-0.574065170446,-0.0120159919369,0.0,-0.00870262408426,0.00851850725662,-0.999925846935,0.0,0.65916312865,0.257515222968,0.303301646745,1.0,-0.0102,-0.0134057142857,0.511
0.463016015332,0.533028733484,-0.124044321349,-1.37914247365,0.0782214760448,1.90264945999,0.156301122896,-0.00902166870617,-0.0501382753574,0.000245699853355,-0.0921939016776,-0.00548820889833,0.0347722468253,-0.0202711092599,0.574138231469,0.818744226435,0.00198235901295,0.0,0.818700254239,-0.574078262125,-0.0120328535738,0.0,-0.00871396794488,0.00853164335883,-0.999925636147,0.0,0.659001955258,0.257299382297,0.303288974658,1.0,-0.01052,-0.0138262857143,0.527
0.462879552877,0.531997995132,-0.124046768917,-1.38079725826,0.0781281555241,1.903253096,0.15609094561,-0.00984367434539,-0.0590746826378,-0.000358316748519,-0.0954409050506,-0.000929106884883,0.0347388751567,-0.0143705892689,0.5741448473,0.818739623735,0.00196716682842,0.0,0.818695364635,-0.574084855901,-0.0120509356786,0.0,-0.00873742608047,0.00852965721124,-0.999925448388,0.0,0.658804637825,0.257051011677,0.303280422113,1.0,-0.01088,-0.0142994285714,0.545
0.462745426299,0.530980220791,-0.12404927795,-1.3824249251,0.0780272285169,1.90383338472,0.155895225369,-0.0069961113515,-0.0671711955412,-0.000659564238119,-0.101069131263,-0.00677371058916,0.0329013236654,-0.0114925926134,0.574157584109,0.818730757533,0.00193963390924,0.0,0.818686116681,-0.574097688855,-0.0120678459352,0.0,-0.00876694609069,0.0085169605984,-0.999925298229,0.0,0.658608005672,0.256804419606,0.303273362399,1.0,-0.01122,-0.0147462857143,0.562
0.462612732131,0.530005510482,-0.124055261694,-1.38396505757,0.0779307218184,1.90438147563,0.155692300663,-0.0116017716283,-0.0593538581483,-0.00249971310136,-0.0938581368524,-0.00827290693701,0.0315883811515,-0.0108995893224,0.5741619226,0.818727756931,0.00192186575193,0.0,0.818682888815,-0.574102108993,-0.0120765439356,0.0,-0.00878422366998,0.00850745408495,-0.999925227524,0.0,0.65842399724,0.256565136315,0.303274712719,1.0,-0.01154,-0.0151668571429,0.578
0.462488994745,0.528953066784,-0.124053848221,-1.38562032551,0.0778282600248,1.90500588869,0.155456691436,-0.0108803346376,-0.0606776001705,0.00178952144194,-0.102494268724,-0.0143897188221,0.0325563662156,-0.0104610602409,0.574131647718,0.818748948351,0.00193844372884,0.0,0.818704300659,-0.574071769357,-0.0120672536604,0.0,-0.00876741422261,0.00851536839209,-0.999925307685,0.0,0.658226266487,0.25632762952,0.303282167475,1.0,-0.01188,-0.0156137142857,0.595
0.462352153391,0.527852900914,-0.124053853582,-1.38734481705,0.0777146110141,1.90567658306,0.155215046549,-0.0057394105366,-0.063808466069,0.000235224811926,-0.103443613059,0.000126057192786,0.040052342822,-0.0104191272983,0.574108798891,0.818764892248,0.00197108092907,0.0,0.818720776144,-0.5740488849,-0.0120380794563,0.0,-0.00872502800338,0.00852509638025,-0.999925595541,0.0,0.65802664314,0.256074434439,0.303294064471,1.0,-0.01222,-0.0160605714286,0.612
0.462218059192,0.526746889901,-0.124058866948,-1.38901558728,0.077615655203,1.90631758273,0.154991624039,-0.0116386972498,-0.0679844814843,-0.00153757536153,-0.100667310012,-0.00085072604491,0.0458988747894,-0.00698557546801,0.574102911885,0.818768861981,0.00203571006135,0.0,0.818725608779,-0.574042742377,-0.012002264541,0.0,-0.00865866259924,0.00855738773773,-0.999925896593,0.0,0.657832972381,0.255826972507,0.303332948392,1.0,-0.01254,-0.0164811428571,0.628
0.462070402309,0.525585379857,-0.124059544765,-1.39085239126,0.077506630416,1.90697882342,0.15475126472,-0.00847148878556,-0.0666422160088,0.000461478870338,-0.10618781601,-0.000872989725224,0.0355692217306,-0.0155092801718,0.574097026366,0.818773015718,0.00202483359093,0.0,0.818729545578,-0.574036829584,-0.0120165044843,0.0,-0.00867662761196,0.00855659531847,-0.999925747648,0.0,0.657608338615,0.25555392916,0.303333216509,1.0,-0.01288,-0.016928,0.645
0.461912023842,0.524393528568,-0.124070217355,-1.39272022556,0.0773702603234,1.90764102731,0.15449223684,-0.00659742843525,-0.0685692114867,-0.00106512771376,-0.112276505157,-0.00842658759264,0.03684335219,-0.0118402754781,0.574085525569,0.818781143811,0.00199869249443,0.0,0.818737522265,-0.57402562795,-0.0120081219782,0.0,-0.00868489034518,0.0085302577915,-0.999925900946,0.0,0.657383322064,0.255260454074,0.303340095336,1.0,-0.01322,-0.0173748571429,0.662
0.461763990474,0.523265670843,-0.124071284044,-1.39452928953,0.0772614034178,1.90830820282,0.154235907554,-0.00952404551499,-0.0712604937821,0.00183861672648,-0.114138985241,-0.00843166893705,0.0430653011455,-0.0203458159226,0.574065344726,0.818795323831,0.0019860914719,0.0,0.818751495997,-0.57400546223,-0.0120193192228,0.0,-0.00870150255277,0.00852615415168,-0.999925791521,0.0,0.657164513175,0.254990282958,0.3033298411,1.0,-0.01354,-0.0177954285714,0.678
0.461598413356,0.52202814449,-0.124073860327,-1.39649186545,0.0771432031571,1.90907423691,0.153977947595,-0.0111429879786,-0.0795185974813,-0.000212804027506,-0.114167833972,-0.00818577778312,0.0441047719111,-0.0187400885207,0.574064986834,0.818795496253,0.00201819415226,0.0,0.818752116068,-0.574004996281,-0.0119993158261,0.0,-0.0086666990905,0.00854095225434,-0.99992596749,0.0,0.656936911129,0.254696126305,0.303331905508,1.0,-0.01388,-0.0182422857143,0.695
0.461433069348,0.520790007433,-0.12407552713,-1.39849779186,0.0770170830408,1.90983277543,0.153700009251,-0.0127442352632,-0.0713516811071,0.00117930285023,-0.12226883031,-0.00279855504137,0.0429247328629,-0.0250132403464,0.574050855798,0.818805405839,0.00201723250421,0.0,0.818762029313,-0.573990887047,-0.0119978266061,0.0,-0.00866617905977,0.00853916041502,-0.999925987301,0.0,0.65668266468,0.254378482703,0.303322300802,1.0,-0.01424,-0.0187154285714,0.713
0.461281078966,0.519528778854,-0.124084105422,-1.40043457604,0.0769022897367,1.9105251088,0.153438548462,-0.0131698477678,-0.0777858744566,-0.00164579420673,-0.124287406989,-0.00793658691795,0.043732348547,-0.00524899273372,0.574035572239,0.818816112552,0.00202052748008,0.0,0.8187727423,-0.573975555293,-0.0120002205678,0.0,-0.00866640742794,0.00854307078698,-0.99992595192,0.0,0.656457847126,0.25410612576,0.303336804667,1.0,-0.01454,-0.0191097142857,0.728
0.461098298611,0.518193757364,-0.124085116042,-1.40252062423,0.0767616416448,1.9112787819,0.153163926941,-0.00798364985166,-0.0753917195932,0.000390374140415,-0.125930308,-0.0104345143581,0.0504419645094,-0.0257753958514,0.574031387221,0.818819056399,0.0020164976826,0.0,0.818775720341,-0.573971473327,-0.0119922678355,0.0,-0.00866225206254,0.00853516181252,-0.999926055467,0.0,0.656189239702,0.253763182251,0.303348539904,1.0,-0.0149,-0.0195828571429,0.746
0.460917303773,0.516750262097,-0.124093897357,-1.40479386376,0.0766187470428,1.91210108244,0.152842384288,-0.00771162484605,-0.0770574415701,0.000311784810445,-0.122259860286,-0.00668412501467,0.0443807741866,-0.0199313311411,0.574006407453,0.818836596796,0.00200470724061,0.0,0.818793101299,-0.573946540973,-0.0119988445908,0.0,-0.00867466529796,0.0085290183459,-0.999926000276,0.0,0.655923658885,0.253441985571,0.303348608148,1.0,-0.01524,-0.0200297142857,0.763
0.460736768489,0.515457780227,-0.124096878731,-1.40684350773,0.0764911930205,1.91288612555,0.152567045218,-0.0106306411366,-0.0786397331535,-0.00135707970488,-0.132712223628,-0.00890729412711,0.0487439846854,-0.0182968107445,0.57400483788,0.818837649201,0.00202416477454,0.0,0.818794447282,-0.573944928665,-0.0119841087044,0.0,-0.0086514468593,0.00853647560539,-0.999926137798,0.0,0.655681521005,0.253128204446,0.303347598943,1.0,-0.01556,-0.0204502857143,0.779
0.460550017861,0.514070024061,-0.12410488109,-1.40908866438,0.0763551983007,1.91367849481,0.152256219943,-0.0104173279303,-0.0774136097434,-0.00200477632938,-0.130883914267,-0.0116877993959,0.0497722557539,-0.0231342750482,0.573990201641,0.818848047048,0.00196752805346,0.0,0.818804030159,-0.573930459966,-0.0120222385222,0.0,-0.00871533005143,0.00851183089228,-0.999925793125,0.0,0.655399275718,0.252784723461,0.303320757878,1.0,-0.0159,-0.0208971428571,0.796
0.460343654105,0.512576762371,-0.124105318312,-1.41149184111,0.0762070312663,1.91451301914,0.151921225236,-0.0124734007248,-0.0794785064716,-0.000537993495909,-0.135144878536,-0.0131435487511,0.0537713861768,-0.0181419227171,0.573970918865,0.818861714975,0.00190340428934,0.0,0.81881674156,-0.573911341292,-0.0120690918991,0.0,-0.00879070123019,0.00848601044724,-0.999925352813,0.0,0.655093612961,0.25241643079,0.30329558027,1.0,-0.01626,-0.0213702857143,0.814
0.460152083876,0.511211027376,-0.124106444512,-1.41365659753,0.0760766109344,1.91534541545,0.151614126728,-0.00925850353955,-0.0865539086603,0.000508515322491,-0.132464501628,-0.0074397688558,0.0574086455952,-0.0135042939401,0.573955381294,0.818872542425,0.00193040067199,0.0,0.81882791366,-0.573895680325,-0.0120558208682,0.0,-0.00876450082224,0.00850033287577,-0.999925461155,0.0,0.654835539552,0.252086732135,0.303293911842,1.0,-0.01658,-0.0217908571429,0.83
0.459927621475,0.509551060442,-0.124112800955,-1.41629691022,0.0759117690772,1.91633745906,0.151246087916,-0.0072927050179,-0.0892302729741,-0.0011685468252,-0.141973161611,-0.00684667396555,0.0520400600147,-0.0180569112207,0.573933553056,0.818887845751,0.00192864161888,0.0,0.81884319582,-0.573873864212,-0.0120563483033,0.0,-0.00876616884714,0.00849896151675,-0.99992545819,0.0,0.654495901482,0.251665572869,0.30328121366,1.0,-0.01698,-0.0223165714286,0.85
0.459735739167,0.508136792711,-0.124109996132,-1.41853103457,0.0757649861188,1.91712464218,0.150924447911,-0.0136355244437,-0.088277227172,0.00118859799637,-0.136264968817,-0.00505365889937,0.0543429740363,-0.0246260588473,0.573903326594,0.818909088139,0.00190367782685,0.0,0.818864111308,-0.573843749537,-0.0120691851341,0.0,-0.00879132103083,0.008485562323,-0.999925351167,0.0,0.654229805998,0.251344618508,0.303279639867,1.0,-0.01728,-0.0227108571429,0.865
0.459544979922,0.506785060833,-0.124115974635,-1.42065607835,0.0756268035162,1.91789382298,0.15065048692,-0.0111183089851,-0.0943739527859,0.000268366033153,-0.138426491007,-0.011685448353,0.057705526416,-0.01418144967,0.573911972246,0.818903050696,0.00189435340761,0.0,0.818857988453,-0.573852470014,-0.0120699754218,0.0,-0.00879722968661,0.00847847305693,-0.999925359337,0.0,0.653966899829,0.251011908521,0.303280341471,1.0,-0.01758,-0.0231051428571,0.88
0.459324425417,0.505181505749,-0.124121705152,-1.42311719736,0.0754765191221,1.91885190074,0.150307454717,-0.0151267918351,-0.0972332471246,0.00169168495982,-0.145073192461,-0.00412974792185,0.055937071083,-0.0214358934677,0.57390250658,0.81890948875,0.00197713866229,0.0,0.818865559986,-0.573842698284,-0.0120207818239,0.0,-0.00870953339849,0.00851793157425,-0.999925791681,0.0,0.653675020295,0.250634124967,0.303312973385,1.0,-0.01792,-0.023552,0.897
0.459097467168,0.503529082988,-0.124128301351,-1.42559610911,0.0753166480213,1.9197909729,0.14995420363,-0.0163131104926,-0.0981482201006,-0.00114876517588,-0.145734414631,-0.0130951287313,0.0484965299358,-0.019627339603,0.573888047577,0.818919398211,0.00206760334962,0.0,0.818876749166,-0.573827957889,-0.0119620784882,0.0,-0.00860969527238,0.00855817094936,-0.999926312714,0.0,0.653377607702,0.250247493307,0.303368970533,1.0,-0.01826,-0.0239988571429,0.914
0.458877392385,0.501922335707,-0.12412946462,-1.42796388389,0.0751626517324,1.92066401859,0.149628521128,-0.0153209098564,-0.0965990165312,0.000311769666986,-0.146955837618,-0.00593512374868,0.0558184945013,-0.0148126624001,0.573881834875,0.818923513296,0.00216006301456,0.0,0.818882120752,-0.573821418604,-0.0119079286376,0.0,-0.00851235622189,0.00860274654793,-0.99992676359,0.0,0.65308822009,0.24987772423,0.303439403871,1.0,-0.01858,-0.0244194285714,0.93
0.458650696481,0.500212043119,-0.124129192864,-1.43057021029,0.0749964048067,1.92157082168,0.149261365882,-0.0151992539836,-0.0996739669248,-0.00535143834388,-0.151793571086,-0.00728147889844,0.0525589835143,-0.0172286890438,0.573854238664,0.818942826689,0.00216939705143,0.0,0.818901479671,-0.57379371119,-0.0119117795562,0.0,-0.00851044388785,0.00861231345747,-0.999926697514,0.0,0.652751737863,0.249478041343,0.303470902844,1.0,-0.01892,-0.0248662857143,0.947
0.458393739572,0.498531890457,-0.124131300397,-1.43318324292,0.0748321734035,1.92255116215,0.148893693153,-0.0190466050972,-0.0943724787526,0.0005729311141,-0.150784563711,-0.00705509736964,0.0688533603959,-0.0251906791918,0.573853681749,0.818943117504,0.0022066120291,0.0,0.818902268042,-0.573793017752,-0.0118909661591,0.0,-0.00847204943449,0.0086308404757,-0.999926863811,0.0,0.652434351225,0.249061329194,0.303484054551,1.0,-0.01926,-0.0253131428571,0.964
0.458128901278,0.496862280718,-0.124129993948,-1.43584086848,0.0746796407113,1.92350835375,0.148492934204,-0.023718076269,-0.0895879226931,0.000530942453197,-0.154896490462,-0.00712124790982,0.058168471177,-0.0265764960652,0.57383499997,0.818956259954,0.00218723398276,0.0,0.818914953832,-0.573774208691,-0.0119248787295,0.0,-0.00851113950286,0.00863423763724,-0.999926502521,0.0,0.652100615693,0.24863653138,0.303465972979,1.0,-0.0196,-0.02576,0.981
0.457860522031,0.49518244876,-0.124129827166,-1.43856298871,0.0745064440124,1.924440014,0.148106777411,-0.0223251591303,-0.0941807259615,0.000825946041567,-0.163790809168,-0.00745978238726,0.0571068835744,-0.0226472625355,0.573828573607,0.818961012155,0.00209178960151,0.0,0.818918324118,-0.573768037719,-0.0119901717006,0.0,-0.0086194470879,0.00859347341011,-0.99992592593,0.0,0.651747364842,0.248196469652,0.303421531792,1.0,-0.01994,-0.0262068571429,0.998
0.457586739269,0.493410171519,-0.124144851153,-1.44138883948,0.0743338939065,1.92547221601,0.147705759818,-0.0161176808829,-0.113132925869,-0.00518081451553,-0.174612987805,-0.00914139984145,0.0654395729189,-0.035994454888,0.573830690566,0.818959582736,0.00207058227712,0.0,0.818916584678,-0.573770210228,-0.0120050029282,0.0,-0.00864374017916,0.00858463856808,-0.999925792115,0.0,0.651394885924,0.24773983611,0.303400586257,1.0,-0.022868,-0.0300550857143,1.015
0.45731741464,0.491475281574,-0.124183025266,-1.44444426258,0.0741425538914,1.92660488215,0.147257803825,-0.0199579872179,-0.11741298373,-0.000626227499839,-0.20378859271,-0.0118268708932,0.0687116988318,-0.0379654806187,0.573813240288,0.818971811007,0.00207001149996,0.0,0.818928938139,-0.573752896292,-0.011989794677,0.0,-0.00863179495557,0.00857526035393,-0.999925975773,0.0,0.651014579332,0.247251376446,0.30339216314,1.0,-0.0261685714286,-0.0343929795918,1.031
0.456958623694,0.489154123528,-0.124191631356,-1.4481925944,0.0739228528835,1.92791716782,0.146732835606,-0.0228904779804,-0.145602067951,0.00444627447253,-0.229447668238,-0.00904418838683,0.0818231778822,-0.0296320817896,0.573810655853,0.818973848737,0.00197818492547,0.0,0.818929491522,-0.573750422491,-0.0120701080362,0.0,-0.00875028686643,0.00854611512279,-0.9999251954,0.0,0.650526586241,0.246652921374,0.30333641168,1.0,-0.0296754285714,-0.0390019918367,1.048
0.456502878344,0.486309561267,-0.124234125071,-1.45259883244,0.0736477979667,1.92961603834,0.146083159616,-0.0230003107267,-0.163464539624,-0.00139299821257,-0.256865068125,-0.0179204190262,0.102798218518,-0.0479227692182,0.573826903809,0.818962208712,0.00208136195153,0.0,0.8189194319,-0.57376645883,-0.0119900658824,0.0,-0.00862536122613,0.00858485541376,-0.999925948959,0.0,0.650000682267,0.245917801066,0.3033640935,1.0,-0.0333885714286,-0.043882122449,1.066
0.45608794291,0.48368444599,-0.12427059015,-1.45663378257,0.0733984068673,1.93104926089,0.145458803095,-0.0312113137824,-0.181683126006,-0.000551023147157,-0.277435020806,-0.0168313372238,0.0983874224153,-0.0515997437671,0.573812598304,0.818972190026,0.00209783044658,0.0,0.818929610351,-0.573752068692,-0.0119834829359,0.0,-0.00861067048778,0.00859441441952,-0.999925993459,0.0,0.649490779234,0.245240610446,0.30339107973,1.0,-0.0364828571429,-0.0479488979592,1.081
0.455558373374,0.480433032508,-0.124322135595,-1.46172729875,0.0730926413961,1.93283429551,0.144689931258,-0.026328721721,-0.19249365184,-0.00641082562186,-0.307514279525,-0.0127704326343,0.10912232536,-0.053643136161,0.573820071215,0.81896707881,0.0020485596828,0.0,0.818923715769,-0.573759608466,-0.0120252378644,0.0,-0.00867306010757,0.0085781021102,-0.999925594328,0.0,0.648838631474,0.244378314408,0.30337786451,1.0,-0.0399897142857,-0.0525579102041,1.098
0.454891474484,0.476435457659,-0.124359351881,-1.46784204114,0.0727120091174,1.93507091653,0.143814268149,-0.0341377927899,-0.213056920905,-0.00119090174644,-0.327390578714,-0.0142894946351,0.118267306074,-0.0490494628031,0.573869525405,0.81893217878,0.00214505719128,0.0,0.818890083306,-0.573808660446,-0.0119749555872,0.0,-0.00857598919068,0.00862879427267,-0.999925995421,0.0,0.648073738368,0.243343421305,0.303431077631,1.0,-0.0439091428571,-0.0577091591837,1.117
0.454322815971,0.473041019538,-0.124391748337,-1.47307864568,0.0723979480674,1.9369676986,0.143055685288,-0.0424038381062,-0.229483577953,-0.00107891933797,-0.348330417144,-0.0172519072852,0.129572222158,-0.0501891046352,0.573904491029,0.8189075447,0.00219438179388,0.0,0.81886594877,-0.573843273305,-0.0119667258821,0.0,-0.00854057531125,0.00866482908106,-0.999925986916,0.0,0.647407780994,0.242459443703,0.303452101831,1.0,-0.0470034285714,-0.0617759346939,1.132
0.453638418971,0.468915903385,-0.124420342055,-1.47933265926,0.0720061076983,1.93925574596,0.142076526268,-0.0407746469347,-0.255460074054,-0.00196297069524,-0.370705789665,-0.0263784363998,0.143946338285,-0.0618555754325,0.573875714342,0.818927341935,0.00232809381538,0.0,0.81888746246,-0.573813934722,-0.0119012203454,0.0,-0.00841050399893,0.00873643636759,-0.999926466347,0.0,0.646612392057,0.24140693406,0.303524216878,1.0,-0.0505102857143,-0.0663849469388,1.149
0.452899400929,0.464484169071,-0.124427526114,-1.48604156315,0.0715712188388,1.94166279567,0.141016449826,-0.0469740527332,-0.264561079205,-0.00182911010644,-0.411911995853,-0.0311594181768,0.139190600056,-0.065159576079,0.573815801401,0.818969006516,0.00243707399331,0.0,0.818930457967,-0.573753511891,-0.0118557794931,0.0,-0.00831139621066,0.00879899714047,-0.999926746488,0.0,0.645738799365,0.240284466857,0.30359677287,1.0,-0.0540171428571,-0.0709939591837,1.166
0.452152791936,0.46011764211,-0.124441614649,-1.49282664784,0.0711228920207,1.94398750603,0.140016911652,-0.0443687019847,-0.276641339311,-9.92925603245e-05,-0.431430347287,-0.0320251110846,0.140753263248,-0.0685395148631,0.573812481701,0.818971580553,0.00235223137979,0.0,0.818931713024,-0.573750299697,-0.0119243407684,0.0,-0.00841626478625,0.00876882126925,-0.999926134402,0.0,0.644823839078,0.239137166133,0.303577002521,1.0,-0.0573177142857,-0.0753318530612,1.182
0.451296607663,0.455272718422,-0.124460485623,-1.500381973,0.0706115849227,1.94665930606,0.138837671896,-0.0532186190853,-0.28176347712,0.000103126948541,-0.455898009627,-0.0273638332877,0.158001607969,-0.0706364290329,0.573770020704,0.819001467988,0.0023034052545,0.0,0.818960948557,-0.573708023541,-0.0119505382621,0.0,-0.00846618930434,0.0087434278763,-0.999925935311,0.0,0.643818880691,0.237846598905,0.303545211849,1.0,-0.0608245714286,-0.0799408653061,1.199
0.450381073245,0.450044538892,-0.124501941527,-1.50816384618,0.070067549272,1.94958744192,0.137589487832,-0.0548357905135,-0.319124108746,-0.00238164832065,-0.474552263322,-0.0340292542494,0.1804632821,-0.0705918386157,0.573733340183,0.819026312959,0.00258842497319,0.0,0.81899007986,-0.573670869075,-0.0117358410972,0.0,-0.00812721513351,0.0088533081417,-0.999927781047,0.0,0.642828541091,0.236496114778,0.30368484449,1.0,-0.0643314285714,-0.084549877551,1.216
0.449465798,0.444946371735,-0.12454312521,-1.51597449156,0.0695500122645,1.95226487892,0.136439008361,-0.0582240626545,-0.321209210851,-0.00226605170255,-0.499052211512,-0.0328691475694,0.169616230437,-0.0751815822139,0.573779810908,0.818993874741,0.00255120196988,0.0,0.818957001088,-0.573717299671,-0.0117744353342,0.0,-0.00817967919637,0.00884542829596,-0.99992742299,0.0,0.641764747569,0.235131001071,0.303694110157,1.0,-0.067632,-0.0888877714286,1.232
0.448351380455,0.438998074245,-0.124572304192,-1.52528362985,0.0689022768755,1.95537431755,0.134953307009,-0.0633292374485,-0.337426818742,-0.00263898833012,-0.526742546421,-0.0351705988843,0.17155570374,-0.0889708701863,0.573730126363,0.819029368488,0.00232003436267,0.0,0.818989252193,-0.573668260475,-0.0119196735367,0.0,-0.00843179495047,0.00873892726359,-0.999926265274,0.0,0.640465527838,0.23349179311,0.303602520138,1.0,-0.0713451428571,-0.0937679020408,1.25
0.447232390683,0.433003595725,-0.124594214543,-1.53419973852,0.068314394987,1.95865728309,0.133495063106,-0.0718970667408,-0.35754878546,-0.00023201144437,-0.526357589036,-0.0291474133065,0.20248675388,-0.0907695433328,0.57369674729,0.819051840048,0.00262151936919,0.0,0.819015722139,-0.573633817062,-0.0117574535528,0.0,-0.00812632826147,0.00889244964614,-0.999927440932,0.0,0.639284908204,0.231923300128,0.303734511401,1.0,-0.074852,-0.0983769142857,1.267
0.446151060649,0.427655447944,-0.12462511681,-1.54245678396,0.0677237227917,1.96150418226,0.132174797597,-0.0750640032698,-0.366325746585,-0.00863808771908,-0.557111602962,-0.0427799295945,0.183653956603,-0.0916094803443,0.573719690824,0.819036089762,0.00251931133179,0.0,0.818998737607,-0.57365723675,-0.0117978567254,0.0,-0.00821780748108,0.00883214555942,-0.999927227775,0.0,0.63806927845,0.230309038688,0.303685586283,1.0,-0.0781525714286,-0.102714808163,1.283
0.444786586414,0.420902427331,-0.124740623529,-1.55285541658,0.0669684546848,1.96489833257,0.130460492244,-0.0751960453982,-0.384031496849,-0.00885775895311,-0.584493637247,-0.0461897066222,0.191073918476,-0.0925800990075,0.573741592414,0.819021427278,0.00228772704325,0.0,0.818981171134,-0.573680144291,-0.0119029523586,0.0,-0.0084365118783,0.00870299177335,-0.999926538902,0.0,0.636681417258,0.228462354584,0.303633327327,1.0,-0.0816594285714,-0.107323820408,1.3
0.443430953023,0.414210026066,-0.124806556128,-1.56277781778,0.0662835463251,1.9685239848,0.12886923932,-0.0780922487307,-0.400698854569,0.00159640062672,-0.589312238566,-0.0421979799035,0.219042403411,-0.0920570952901,0.573820521033,0.81896520461,0.00259811078601,0.0,0.818929353392,-0.573758283444,-0.0117001381619,0.0,-0.0080914742449,0.0088416187908,-0.999928174331,0.0,0.635347743294,0.226626783552,0.303763362226,1.0,-0.0851662857143,-0.111932832653,1.317
0.442066326423,0.407792448995,-0.1248233462,-1.57252979937,0.0656165521039,1.97180047037,0.12720488707,-0.0860690687165,-0.405012876434,-0.00118381608332,-0.615379962622,-0.0402752364509,0.205798070645,-0.0943584429867,0.573799414186,0.81898013625,0.00255256902816,0.0,0.818943240663,-0.573736852462,-0.011778777543,0.0,-0.00818223945061,0.00884923518115,-0.999927368359,0.0,0.63395424584,0.224816061321,0.303747213145,1.0,-0.0884668571428,-0.116270726531,1.333
0.440526690113,0.400766139525,-0.12490461775,-1.58323714519,0.0648624619906,1.97539335475,0.125410164284,-0.095182307903,-0.432363635322,-0.00583173522821,-0.625951395221,-0.0416666209905,0.22322962125,-0.0992526010457,0.573868588802,0.81893195265,0.00245898702928,0.0,0.818893695194,-0.573806214785,-0.011844439448,0.0,-0.00828896747401,0.00881097036449,-0.999926827233,0.0,0.632426273153,0.222765920539,0.30370583143,1.0,-0.0919737142857,-0.120879738776,1.35
0.438836357317,0.393001093333,-0.124956850846,-1.59476977623,0.0639736355958,1.97945699788,0.123444884438,-0.0959511207532,-0.432536085991,-0.000558947745832,-0.667721801719,-0.0571145956818,0.221857837805,-0.113165475475,0.573881969585,0.818921982451,0.00264925370388,0.0,0.818886917907,-0.57381967879,-0.0116592802545,0.0,-0.00802800155448,0.00886066051188,-0.999928517388,0.0,0.630804520346,0.220567534048,0.303794569122,1.0,-0.0956868571428,-0.125759869388,1.368
0.437251420017,0.385972760789,-0.124998937491,-1.60553076085,0.0631755940922,1.98286415533,0.121567807858,-0.0998753969626,-0.438982477326,-0.00248155762624,-0.68519170621,-0.0541303108711,0.20693306494,-0.120159844951,0.573858969509,0.818938993924,0.00235674484738,0.0,0.81889970774,-0.573797309085,-0.0118601708107,0.0,-0.00836062346775,0.00873617126473,-0.999926886971,0.0,0.629184687704,0.218500214571,0.303686440247,1.0,-0.0989874285714,-0.130097763265,1.384
0.435618054818,0.378611780131,-0.125053340557,-1.61627856766,0.0623922467173,1.98654754059,0.119653867398,-0.106301070556,-0.447467766244,-0.00196606734288,-0.674061619168,-0.0415458943177,0.230202190933,-0.12631861007,0.573846087934,0.818947342894,0.00258143984677,0.0,0.818911037375,-0.573783647728,-0.011738201141,0.0,-0.00813193722807,0.00885006077806,-0.999927771402,0.0,0.627523847037,0.216297811228,0.303803794307,1.0,-0.102494285714,-0.13470677551,1.401
