position_joint1,position_joint2,position_joint3,position_joint4,position_joint5,position_joint6,position_joint7,velocity_joint1,velocity_joint2,velocity_joint3,velocity_joint4,velocity_joint5,velocity_joint6,velocity_joint7,ee_T_00,ee_T_10,ee_T_20,ee_T_30,ee_T_01,ee_T_11,ee_T_21,ee_T_31,ee_T_02,ee_T_12,ee_T_22,ee_T_32,ee_T_03,ee_T_13,ee_T_23,ee_T_33,v_x,v_y,time
0.465070174454,0.547834265679,-0.123975619039,-1.35583743487,0.0795579866242,1.89410431035,0.159152564675,0.00102469190007,-0.000383797077841,-0.00164627094839,-0.00129942849226,-6.14734091417e-05,-2.05093729061e-05,0.000674716542028,0.573809912906,0.818974479166,0.00193215577558,0.0,0.818930493843,-0.573750824892,-0.0119826579024,0.0,-0.00870508264438,0.008458232018,-0.999926337211,0.0,0.661670095778,0.260904037074,0.303174674434,1.0,0.0,0.0,0.0
0.465072674276,0.547833828511,-0.123972580095,-1.3558324213,0.0795581446504,1.89410349655,0.159155772927,-0.000175702911889,-0.00100640611088,0.000295088555519,-0.000166575434822,3.08260884201e-05,-2.02142883857e-05,0.0051583266078,0.573808131609,0.818975716228,0.00193680898468,0.0,0.818931779168,-0.573749011964,-0.01198162093,0.0,-0.00870158187378,0.00846142885593,-0.999926340634,0.0,0.661669736193,0.260908022129,0.30317719926,1.0,-0.00016,-0.000210285714286,0.009
0.46506443807,0.547838628327,-0.12397039215,-1.35583793823,0.0795615221495,1.89410314334,0.159153263583,-0.000747756118943,0.00182999679788,0.00108992886654,-0.00494159988601,-0.000240390412708,-0.000186639290899,-9.72900977339e-05,0.573809192369,0.818974964448,0.00194042817036,0.0,0.818931065993,-0.573750048865,-0.0119807128349,0.0,-0.0086987505884,0.00846388302184,-0.999926344499,0.0,0.661671381722,0.260905649592,0.303179068822,1.0,-0.00038,-0.000499428571429,0.02
0.465069458568,0.547826526322,-0.123975036728,-1.35584211585,0.0795579733007,1.89410349655,0.159149370393,0.000186796848615,-0.000731733222553,-0.000135335777716,-0.00166906413525,-0.000323156080129,-0.000661318223664,-0.000721140889853,0.573807709174,0.818976017355,0.00193462937323,0.0,0.818932055464,-0.573748602338,-0.011982351555,0.0,-0.00870343522422,0.00846005858781,-0.999926336099,0.0,0.661669119465,0.260903389605,0.303177839243,1.0,-0.0007,-0.00092,0.036
0.465071639504,0.547781494302,-0.123973269388,-1.35588582485,0.0795593088721,1.89410934235,0.15915392531,0.00101496163752,-0.00273989107734,0.000128603804029,-0.00577035459067,4.24318013587e-05,-9.26316624712e-05,0.00154302422512,0.573811120074,0.818973605021,0.00194413458637,0.0,0.818929709098,-0.573751916011,-0.0119840448745,0.0,-0.00869933297881,0.00846885083534,-0.99992629737,0.0,0.661660408006,0.260901874056,0.303189389162,1.0,-0.00102,-0.00134057142857,0.052
0.465066682909,0.547660962851,-0.12397326939,-1.35603133591,0.0795564459241,1.89414201689,0.159149290916,-0.00123418561227,-0.00906430325942,-0.000547246609849,-0.0082418005164,-5.81532008969e-05,-0.00121284282969,-0.00063431772379,0.573818584335,0.818968348413,0.00195536968408,0.0,0.818924517921,-0.573759252609,-0.0119875307982,0.0,-0.00869566426936,0.00848013139702,-0.999926233676,0.0,0.661638207364,0.260884662177,0.303208350568,1.0,-0.00136,-0.00178742857143,0.069
0.465057344796,0.547522132782,-0.123970763736,-1.35623963003,0.0795554732528,1.89419546306,0.159141313957,-0.00158435774202,-0.00198380107911,0.000174983196504,-0.008388446494,-0.00433694104885,0.000839681054086,0.00147367016312,0.57382918749,0.81896093297,0.00194955231383,0.0,0.818916874314,-0.573769730841,-0.0120081570327,0.0,-0.00871578518629,0.00848731568763,-0.999925997542,0.0,0.661606690126,0.260860500694,0.303212114464,1.0,-0.00172,-0.00226057142857,0.087
0.46504273832,0.547361121171,-0.123976427201,-1.35642956125,0.0795530637895,1.89430471515,0.159141646528,-0.000262812394863,-0.0142013039694,-0.000316119181745,-0.0163685055351,-0.000325089318426,0.0057985190071,0.00104777041501,0.573855587031,0.818942262308,0.00202067803811,0.0,0.818899138599,-0.57379583308,-0.0119703651931,0.0,-0.0086437477326,0.00852415656611,-0.999926309475,0.0,0.6615944389,0.260834172999,0.303245439202,1.0,-0.00202,-0.00265485714286,0.102
0.465017336493,0.547157009529,-0.123970772973,-1.35667804491,0.079550910451,1.8944286663,0.159131948897,-0.00098523184706,-0.0140100352142,-0.000291785763871,-0.0123013476306,-0.000104696003225,0.010692245941,-0.00322107214008,0.573877986325,0.818926375449,0.00209649885291,0.0,0.818884146692,-0.573817821824,-0.011941882414,0.0,-0.00857667920377,0.00857013810861,-0.999926493952,0.0,0.661573022575,0.260801907608,0.303282320883,1.0,-0.00238,-0.003128,0.12
0.464991184624,0.546942963942,-0.123970426225,-1.35698668795,0.0795428079216,1.89456400085,0.159112383342,0.00261027498614,-0.0123482226396,0.000822350970943,-0.0221906208343,-0.00107243593357,0.0170661569195,0.000803457448931,0.573898390771,0.818911973461,0.00213628026243,0.0,0.818870198664,-0.573837996013,-0.0119289133589,0.0,-0.00854301567479,0.00859548591296,-0.999926564556,0.0,0.661542068784,0.260758864269,0.303298749508,1.0,-0.00272,-0.00357485714286,0.137
0.464962180594,0.546708120368,-0.123971084277,-1.35734844068,0.0795365969635,1.89468703278,0.159073122674,0.000720039445064,-0.0202180860647,0.000963106710774,-0.0267850428746,9.83006179208e-05,0.00746146448741,-0.000750224938257,0.573908978826,0.818904539011,0.00214170761927,0.0,0.818862681115,-0.573848405735,-0.0119441874301,0.0,-0.0085522984567,0.00860880660041,-0.999926370609,0.0,0.661497869582,0.26070678459,0.303303586404,1.0,-0.00304,-0.00399542857143,0.153
0.464917924222,0.546419874201,-0.123974305434,-1.35776900221,0.0795284330006,1.89485096487,0.158947862985,-0.00487733209445,-0.0178853533984,-0.00127642937857,-0.0302876996337,-0.000257261633201,0.0130552015228,0.000230106461784,0.573866295544,0.818934354692,0.00217817491457,0.0,0.818892839994,-0.5738054454,-0.0119404496261,0.0,-0.0085287599873,0.00863607970714,-0.999926336477,0.0,0.661454395112,0.26063931952,0.303321870291,1.0,-0.00338,-0.00444228571429,0.17
0.464876301813,0.546126957372,-0.123968670424,-1.3582608891,0.0795176779471,1.89501127523,0.158921448953,-0.00225058008869,-0.0189630174482,0.00158441871677,-0.0313212831019,0.000567131902154,0.0117330397532,-0.000468138025034,0.573899370616,0.818911233312,0.00215667870597,0.0,0.818869204681,-0.573838368494,-0.011979122237,0.0,-0.0085724178207,0.00864101485536,-0.999925920514,0.0,0.661391329361,0.260569642546,0.303308883174,1.0,-0.00372,-0.00488914285714,0.187
0.464822312045,0.545827389444,-0.123971885288,-1.35878901964,0.0794984334515,1.8951877043,0.158870954316,-0.00433715392608,-0.0210331057148,0.000551095340618,-0.0364203716024,0.000742377455851,0.010565852852,-0.00928017825252,0.573928849855,0.818890675017,0.00211768149067,0.0,0.818848003172,-0.573867871531,-0.0120150167646,0.0,-0.00862388185548,0.00862999016672,-0.999925573196,0.0,0.661329013616,0.260482166339,0.303285013918,1.0,-0.00404,-0.00530971428571,0.203
0.464752529956,0.545467866341,-0.12397082852,-1.35942437458,0.0794097088091,1.89539379291,0.158758290566,-0.00888933564301,-0.0215906944221,0.00140575744736,-0.0428148258595,-0.00549670533868,0.00346463344414,-0.0112323510071,0.573904806676,0.81890774581,0.00203067178855,0.0,0.818864333251,-0.573844590906,-0.0120139967969,0.0,-0.00867323199994,0.0085578999754,-0.999925765942,0.0,0.661256524303,0.260365542404,0.303254841262,1.0,-0.00438,-0.00575657142857,0.22
0.464690187676,0.545066042497,-0.123979661513,-1.36011707508,0.079361941128,1.89561426973,0.158694225187,-0.00609317490577,-0.0284428822672,-0.000661213404306,-0.0427103629226,-0.0004558723523,0.0114700853916,-0.00632061213161,0.573935379225,0.818886479559,0.0019649353155,0.0,0.818842247655,-0.573875478712,-0.012043890116,0.0,-0.00873511876055,0.00852155075755,-0.999925537664,0.0,0.661172800173,0.260249475632,0.303228942625,1.0,-0.00472,-0.00620342857143,0.237
0.46462253905,0.544664588495,-0.12397798452,-1.36080337267,0.0793438923096,1.89585285974,0.158601461986,-0.00573274783677,-0.022336472778,0.000449601003381,-0.0450141806571,-0.00155717649057,0.0139739048921,-0.0128474866114,0.57394710255,0.818878326685,0.00193815922025,0.0,0.818833487004,-0.573887065866,-0.0120873113078,0.0,-0.00878592190598,0.00852467110174,-0.999925065972,0.0,0.661091375852,0.26014279179,0.303207077091,1.0,-0.00504,-0.006624,0.253
0.464555057126,0.544161315744,-0.123982478532,-1.36163475985,0.0793140915702,1.89615630006,0.158512786276,-0.00396804180898,-0.0320786157978,-5.66108439531e-05,-0.0489660990216,-0.00207939306359,0.0165867009288,-0.0084835804219,0.573971352937,0.818861357776,0.00192604528054,0.0,0.818816178117,-0.573911190467,-0.0121144051485,0.0,-0.0088148090211,0.00853056278839,-0.99992476149,0.0,0.660994131957,0.260019264751,0.303193984261,1.0,-0.0054,-0.00709714285714,0.271
0.464469852288,0.543547461696,-0.123982832735,-1.36261688572,0.079275467018,1.89649086265,0.158377791207,-0.00078227307561,-0.0315392939289,-0.000919611713338,-0.0485001388303,-0.000896828524027,0.02066647183,-0.0114030112921,0.573975094678,0.818858774691,0.00190911027304,0.0,0.818813128839,-0.573914770621,-0.0121508437739,0.0,-0.008854328933,0.00853765063775,-0.999924351829,0.0,0.660875327899,0.259870671541,0.303189876056,1.0,-0.0058,-0.00762285714286,0.291
0.464405260619,0.543120783268,-0.123990683653,-1.36327888066,0.0792334921793,1.89673316927,0.158301101111,-0.00457276348127,-0.0346384441077,-0.00112312195142,-0.0491032621159,-0.000271641749044,0.0155451681309,-0.000857634832224,0.573996331339,0.818843882205,0.00191182782818,0.0,0.81879832382,-0.573936042528,-0.0121437596542,0.0,-0.00884674672942,0.00853603925654,-0.999924432698,0.0,0.660803346624,0.259760110132,0.303197871824,1.0,-0.00606,-0.00796457142857,0.304
0.4643254303,0.542534356353,-0.123988957634,-1.36418390779,0.0791787462069,1.89705509499,0.158173095622,-0.00741200685385,-0.0352114406332,-6.49398169264e-05,-0.05447050113,-0.00222214655668,0.0168714192092,-0.00799713803013,0.573991314913,0.818847389981,0.00191552241732,0.0,0.818801845181,-0.57393097672,-0.0121457478472,0.0,-0.00884630659099,0.0085401514916,-0.999924401479,0.0,0.660697826095,0.259621620875,0.303209717142,1.0,-0.0064,-0.00841142857143,0.321
0.464256811251,0.541930660381,-0.123992413421,-1.36511626872,0.0791268593468,1.89740726531,0.158039786796,-0.00231983270539,-0.0382377628238,-0.000751949425369,-0.0560911191157,-0.000399731054856,0.0238310147129,-0.0122180747276,0.573978777329,0.818856128347,0.00193678734324,0.0,0.818810841059,-0.573918326094,-0.0121370688128,0.0,-0.00882712537704,0.00855244705212,-0.999924465901,0.0,0.660590466317,0.259487039191,0.303223489583,1.0,-0.00674,-0.00885828571429,0.338
0.464165630413,0.541311223829,-0.123994842762,-1.36605016034,0.0790729432241,1.89776052821,0.157927717244,-0.00498509442488,-0.0367869120875,-0.00101438274015,-0.0595020541676,-0.00273149867637,0.0201969750843,-0.00808127945399,0.574000845711,0.818840578814,0.0019704091666,0.0,0.818795730474,-0.573940242276,-0.0121201054035,0.0,-0.00879370631552,0.00857047837289,-0.999924605973,0.0,0.660488969302,0.259337929021,0.303247633534,1.0,-0.00706,-0.00927885714286,0.354
0.464085440175,0.540573625437,-0.123993130377,-1.36718852482,0.0790023884631,1.89817608682,0.157783316418,-0.00225363517208,-0.0429975367382,-0.000203328933334,-0.0644838015634,-0.0082605356213,0.0165408027072,-0.0102593978613,0.573991283087,0.818847253046,0.00198242783514,0.0,0.818802552037,-0.573930618445,-0.012114986198,0.0,-0.00878271622995,0.00857727858219,-0.999924644255,0.0,0.660352744038,0.259177301398,0.303263140344,1.0,-0.00742,-0.009752,0.372
0.463988785127,0.539879487745,-0.123991058262,-1.36822084362,0.0789410211867,1.89856291275,0.157662591414,-0.008770812978,-0.0429085855473,0.000704436727699,-0.058400369017,-0.00598375779115,0.0293711882083,-0.00726876564921,0.574010861779,0.818833424164,0.00202507591819,0.0,0.818789268068,-0.573949996035,-0.0120947695026,0.0,-0.00874147751156,0.00860080508617,-0.999924803534,0.0,0.660237616162,0.259017577499,0.303295787961,1.0,-0.00774,-0.0101725714286,0.388
0.463888015296,0.539108604703,-0.1239965692,-1.3693976489,0.078873552528,1.89900590028,0.157517088379,-0.00997290350315,-0.0463517084491,-0.000203230718562,-0.0676694224606,3.30376130608e-05,0.0209537349113,-0.0133153927672,0.574025172327,0.818823312732,0.00205693031243,0.0,0.818779573032,-0.573964167066,-0.0120786013617,0.0,-0.00870980377741,0.00861775966968,-0.999924933951,0.0,0.660105231882,0.258837426417,0.303318899483,1.0,-0.00808,-0.0106194285714,0.405
0.463779939609,0.53830053791,-0.123999785597,-1.3706534812,0.0788110715036,1.89950085728,0.157351822921,-0.00413619399102,-0.0476528328922,-8.57896769215e-05,-0.0721941609613,-0.00344613892691,0.0259615379619,-0.0160143490941,0.574033472498,0.818817379187,0.0021021164426,0.0,0.818774159269,-0.57397220233,-0.0120637460276,0.0,-0.00867161545687,0.00864631911497,-0.999925019315,0.0,0.659966740559,0.258649227386,0.303334980645,1.0,-0.00844,-0.0110925714286,0.423
0.463662835123,0.537503783599,-0.123999896729,-1.37190748166,0.0787292526141,1.89997756965,0.157195338151,-0.00341200695197,-0.0486427533313,0.000728051587676,-0.0720850337684,-0.00522968390866,0.026493840609,-0.00686927191634,0.574048652662,0.818806706086,0.00211408311345,0.0,0.818763704775,-0.573987391818,-0.0120505882792,0.0,-0.00865381205559,0.00864872500236,-0.999925152745,0.0,0.659827150688,0.25845259683,0.303342080822,1.0,-0.00878,-0.0115394285714,0.44
0.463565667754,0.536770377625,-0.124005912272,-1.37305848014,0.078665393923,1.90039527649,0.157065052952,-0.00525238724693,-0.0497125164347,0.000770201863915,-0.0766180168794,-0.00750033461489,0.0389862900433,-0.00192980370267,0.574072008561,0.818790327652,0.0021154742711,0.0,0.818747300227,-0.574010694572,-0.0120551976221,0.0,-0.00865654102044,0.00865275695306,-0.999925094242,0.0,0.659692935945,0.258276006507,0.303348442528,1.0,-0.00908,-0.0119337142857,0.455
0.463446429535,0.535907619459,-0.124017201092,-1.37441222314,0.0785865605745,1.90090431911,0.15689964513,-0.0111671908206,-0.0526903953289,-0.000846530704607,-0.0866019923218,-0.00064127112659,0.0371574663225,-0.00989251454626,0.574095537096,0.81877379647,0.00212870909816,0.0,0.81873097024,-0.574034192355,-0.0120453841491,0.0,-0.00864065946125,0.00865820804523,-0.99992518442,0.0,0.659540782749,0.258063212128,0.30335756056,1.0,-0.00942,-0.0123805714286,0.472
0.463318448647,0.534951392512,-0.124020209207,-1.37591668549,0.0785091922234,1.90144563571,0.156703294496,-0.00587490226613,-0.0545586965075,-5.50426340413e-05,-0.0843701470092,-0.00125708111162,0.0218902694304,-0.0154711068022,0.574103466833,0.818768234146,0.00212955995315,0.0,0.818725270279,-0.574041968444,-0.0120622208677,0.0,-0.00865387310613,0.0086686542645,-0.999924979643,0.0,0.659362451749,0.257835241373,0.303363262498,1.0,-0.00978,-0.0128537142857,0.49
0.463197027369,0.534057717348,-0.124023704586,-1.37739880979,0.0784194952459,1.90196975132,0.156531416183,-0.00924959052474,-0.0508916818909,-0.00120837455339,-0.0824017866393,-0.00176210781244,0.0280839440988,-0.0159817686534,0.574121714938,0.818755584661,0.00207266129371,0.0,0.818711829647,-0.574060410678,-0.0120967677082,0.0,-0.00871463110761,0.00864209572896,-0.999924681857,0.0,0.659182934753,0.257610008559,0.303333794994,1.0,-0.01012,-0.0133005714286,0.507
0.463073401441,0.533196290854,-0.124021897032,-1.37879890991,0.0783445397639,1.90249993533,0.156356068908,-0.00779266963027,-0.0531023398541,0.000430105929323,-0.0879977199292,-0.00131234056061,0.0320369399809,-0.0115555470868,0.574134756508,0.818746448269,0.00206923092531,0.0,0.81870254578,-0.57407336371,-0.0121103886715,0.0,-0.008727615388,0.00864724616377,-0.999924524083,0.0,0.659021054583,0.25739851771,0.303320821863,1.0,-0.01044,-0.0137211428571,0.523
0.462941695366,0.532246274913,-0.124021976098,-1.38035677431,0.0782578311343,1.90308131071,0.156164706936,-0.00950915435145,-0.0552091961362,0.000856980983572,-0.094147600257,-0.000893179592233,0.0349534819692,-0.00594552416716,0.574147913642,0.818737273492,0.00204869616257,0.0,0.818693012386,-0.574086519593,-0.0121312156265,0.0,-0.00875631814279,0.00864253177023,-0.999924313904,0.0,0.658837751854,0.257164638269,0.303299543458,1.0,-0.01078,-0.014168,0.54
0.462812512417,0.53129406031,-0.124026536849,-1.38185780984,0.0781721588868,1.90362662742,0.155974131375,-0.00776913008635,-0.0618676403716,-0.00139490158673,-0.0964260099837,-0.00355093852412,0.0361449504278,-0.0181132653408,0.574159639359,0.818729054432,0.00204715951547,0.0,0.818684713577,-0.57409819168,-0.0121389030256,0.0,-0.00876337074212,0.00864581284364,-0.999924223756,0.0,0.65866047434,0.256934349608,0.303303654158,1.0,-0.0111,-0.0145885714286,0.556
0.462670127057,0.530262446403,-0.124024748076,-1.38351377309,0.078062441992,1.9042091487,0.155752895791,-0.0145940164925,-0.0661046502699,-8.26900690645e-05,-0.0972991188114,-0.00768359449307,0.0378996532086,-0.0148596445067,0.574154228203,0.818732948928,0.00200685757827,0.0,0.818688082379,-0.574092960519,-0.0121590852667,0.0,-0.00880309041501,0.00862434664472,-0.999924060239,0.0,0.65845937349,0.256680391329,0.303292757455,1.0,-0.01144,-0.0150354285714,0.573
0.462536700917,0.529217304661,-0.124032262823,-1.38516099712,0.077960985397,1.90482093211,0.155524531933,-0.00507313327796,-0.0655046577639,-0.000881955365702,-0.100448680448,-0.00449744255967,0.0416533048144,-0.0167049100558,0.574143985588,0.818740119746,0.00201172392963,0.0,0.818695348865,-0.574082729028,-0.012152895959,0.0,-0.00879533686664,0.00862466719829,-0.999924125704,0.0,0.658265416156,0.256431468314,0.303298154916,1.0,-0.01178,-0.0154822857143,0.59
0.462403079764,0.528125797838,-0.124030498192,-1.38686789971,0.0778585378964,1.90547345315,0.155299200581,-0.00258773086786,-0.0644794266188,-0.000763690399385,-0.097131085927,-0.00104167601837,0.0429498221499,-0.0134199650424,0.574132728924,0.818747936152,0.00204292098006,0.0,0.818703565562,-0.574071328648,-0.0121378854009,0.0,-0.00876525501822,0.00864147033421,-0.999924244778,0.0,0.658064359294,0.256183956719,0.303310775101,1.0,-0.01212,-0.0159291428571,0.607
0.462244767789,0.526905689857,-0.124031396378,-1.388718641,0.0777438597966,1.90618576311,0.155037697278,-0.00833580081764,-0.0669043064714,2.66234296893e-05,-0.102371838575,-0.00628460250543,0.033920984922,-0.0134252008509,0.574118178478,0.818757968082,0.00211038979375,0.0,0.818714534195,-0.574056540785,-0.0120973708083,0.0,-0.00869350305429,0.00867329427758,-0.999924595643,0.0,0.657852000168,0.255905375598,0.303350400276,1.0,-0.01248,-0.0164022857143,0.625
0.462106242994,0.525810499347,-0.124033981133,-1.3904440232,0.0776377583627,1.90681140358,0.154802291076,-0.0063167460756,-0.0679956767126,-7.23427579614e-05,-0.105541288825,-0.00341685275364,0.0432555659198,-0.0115063141672,0.574105098424,0.818767153482,0.0021050517436,0.0,0.818723629058,-0.574043464717,-0.0121023443205,0.0,-0.00870077833043,0.00867164013613,-0.99992454671,0.0,0.657642720826,0.255647631114,0.303354054961,1.0,-0.0128,-0.0168228571429,0.641
0.461963756417,0.524778993765,-0.124034648057,-1.39207212842,0.0775346578339,1.90739807889,0.154584572095,-0.010509956394,-0.0706916489002,-0.000338412366932,-0.108133212876,-0.0105538980745,0.0437098603736,-0.0101173802456,0.574109737957,0.81876393008,0.00209343845009,0.0,0.818720249888,-0.574048149916,-0.012108711829,0.0,-0.00871260976081,0.00866583667033,-0.999924494002,0.0,0.657435746585,0.255373635653,0.303354730143,1.0,-0.01312,-0.0172434285714,0.657
0.461788106738,0.523500181349,-0.124042744397,-1.39410137813,0.0774075627728,1.9081347419,0.154321711614,-0.0102486011192,-0.0701936489298,0.000198377108754,-0.114230681303,-0.00868969217299,0.0454816796595,-0.0126262039266,0.574112672006,0.8187619126,0.00207779188242,0.0,0.818718044166,-0.574051167652,-0.0121147833734,0.0,-0.00872653236213,0.00865654302474,-0.999924453094,0.0,0.657203818398,0.25508218469,0.303352898894,1.0,-0.01346,-0.0176902857143,0.674
0.461626832158,0.522294257234,-0.124043198263,-1.39602956218,0.0772916661328,1.90890161171,0.154052728777,-0.0122973757299,-0.0718211033289,0.000543514698178,-0.115885003327,-0.00669510034036,0.0464047507575,-0.0153493462555,0.574097272384,0.818772620631,0.00211292394124,0.0,0.81872925025,-0.574035656787,-0.0120924117923,0.0,-0.00868820928552,0.00867230022939,-0.999924650275,0.0,0.656982108543,0.254796162616,0.303349207452,1.0,-0.0138,-0.0181371428571,0.691
0.461476054306,0.521111447517,-0.124044263708,-1.39791585814,0.0771790500073,1.90962360355,0.153796864979,-0.00954350792375,-0.0749435510233,0.000537164209233,-0.119081657443,-0.00164375443348,0.0415988523167,-0.017327735097,0.574082626697,0.818782851928,0.00212744321663,0.0,0.818739661035,-0.574020940405,-0.0120861211989,0.0,-0.00867487884639,0.00868042146749,-0.999924695545,0.0,0.656757351902,0.254518895131,0.303345014891,1.0,-0.01412,-0.0185577142857,0.707
0.461292415539,0.519736613108,-0.124055657411,-1.40008359008,0.0770354852181,1.91041492836,0.15350431534,-0.0103209605376,-0.0755895126213,-0.00018238342482,-0.119514363322,-0.00888424757509,0.0398215682887,-0.0123351465498,0.574078183628,0.818785995208,0.00211660941995,0.0,0.818742771376,-0.574016652915,-0.0120790478571,0.0,-0.00867535319347,0.00866744339129,-0.999924804009,0.0,0.656496755664,0.254182943588,0.303347675765,1.0,-0.01448,-0.0190308571429,0.725
0.461118843929,0.518389104191,-0.124055664382,-1.40216401085,0.0769075968372,1.9111507995,0.153220910684,-0.00982492081142,-0.0756625479121,0.000458331384041,-0.122571582258,-0.00405249652986,0.0519843620507,-0.0145531791671,0.574064017443,0.818795918683,0.00211998271848,0.0,0.818752669396,-0.57400240461,-0.0120852290274,0.0,-0.00867862811637,0.00867360363079,-0.999924722174,0.0,0.656238215905,0.253869079387,0.303367101821,1.0,-0.01482,-0.0194777142857,0.742
0.460944833699,0.517107383067,-0.12405952777,-1.40417607416,0.076777242223,1.91187104653,0.152950090937,-0.0116649449308,-0.0814895465345,-5.07711550415e-05,-0.126008727754,-0.00988696430012,0.0534302143119,-0.0232845754986,0.574058709834,0.818799674236,0.00210666469987,0.0,0.818756269274,-0.573997173196,-0.0120898134085,0.0,-0.0086900830089,0.00866527445109,-0.999924694903,0.0,0.655991391289,0.25355852511,0.303371286295,1.0,-0.01514,-0.0198982857143,0.758
0.460755648968,0.515683479145,-0.124064878357,-1.40646113297,0.0766348711429,1.91274949101,0.152630073621,-0.0145284863216,-0.0764729985932,-0.000195777362185,-0.128839605771,-0.0141315315617,0.0500977389608,-0.0182463546742,0.57404148274,0.818811732792,0.0021140567099,0.0,0.818768443855,-0.573979935948,-0.0120836823272,0.0,-0.00868100186611,0.00866762472131,-0.999924753413,0.0,0.655732615575,0.253234314162,0.303359591644,1.0,-0.01548,-0.0203451428571,0.775
0.460551427244,0.514198867775,-0.124066682039,-1.40882014413,0.076493985148,1.91358930814,0.152313511659,-0.00767874190484,-0.0792062995661,0.000308957709166,-0.133533928316,-0.0122558969186,0.0420752035322,-0.0092341016987,0.574033328205,0.818817517248,0.0020876919555,0.0,0.818773806606,-0.573971819238,-0.0121058348427,0.0,-0.00871436105889,0.00865866686107,-0.999924540853,0.0,0.65542541238,0.252854249981,0.303349487741,1.0,-0.01586,-0.0208445714286,0.794
0.460394113377,0.513034678029,-0.124071266873,-1.41069609224,0.0763739558682,1.91424450101,0.152042379646,-0.0146450429863,-0.0860820357376,-0.000487549380661,-0.131180090164,-0.00552246344717,0.0482399873709,-0.014241113778,0.57400925021,0.818834526686,0.00203604536707,0.0,0.818790107459,-0.573947936617,-0.0121356038668,0.0,-0.00876863623446,0.00863320889736,-0.999924286495,0.0,0.655187945069,0.252566272346,0.303329335365,1.0,-0.01614,-0.0212125714286,0.808
0.460197384713,0.511610332824,-0.124069589733,-1.41299262954,0.0762411187916,1.91509115406,0.151721592869,-0.0115260117949,-0.0808219068971,0.000449497275632,-0.133774100684,-0.00810764005363,0.056066863286,-0.0242442250468,0.573991011836,0.818847357683,0.00201743589752,0.0,0.818802561098,-0.573929651077,-0.012160117416,0.0,-0.00879958315375,0.00863184596919,-0.9999240264,0.0,0.654903935146,0.252220546076,0.303307316793,1.0,-0.01648,-0.0216594285714,0.825
0.460004158323,0.510136271312,-0.124073021648,-1.41532682724,0.0760998246277,1.91596995751,0.151390329304,-0.00719681931473,-0.085153171414,0.000749795464778,-0.133886366109,-0.00864434376687,0.0494600090105,-0.0201351664391,0.573964287114,0.818866054779,0.00203183419254,0.0,0.818821427586,-0.573902847412,-0.0121547669058,0.0,-0.00878721977559,0.00864027784842,-0.9999240623,0.0,0.654618495274,0.251871190052,0.303304617432,1.0,-0.01682,-0.0221062857143,0.842
0.45980403804,0.508713360417,-0.124078705934,-1.41756255197,0.0759527459725,1.91676592087,0.151088302382,-0.016457390393,-0.0849909202555,-0.00182291913488,-0.140472332378,-0.00629291212352,0.0493344930249,-0.0194112821563,0.573961189349,0.818868276849,0.0020112665241,0.0,0.818823410717,-0.573899870731,-0.0121617160949,0.0,-0.00880474742262,0.00862739125347,-0.999924019385,0.0,0.654340308659,0.251520624667,0.303305354845,1.0,-0.01714,-0.0225268571429,0.858
0.459577838466,0.507090741195,-0.124084771936,-1.42010004252,0.0757947136373,1.91768048535,0.150733213959,-0.0158927638843,-0.0900809062035,-2.8207506944e-05,-0.146398514436,-0.00371182993111,0.0491234755087,-0.0204703981685,0.57394870283,0.818877034611,0.00200888224425,0.0,0.81883210564,-0.573887365407,-0.0121664087083,0.0,-0.00881009016793,0.00862799788999,-0.999923967091,0.0,0.654025155014,0.251125931941,0.303311945688,1.0,-0.0175,-0.023,0.876
0.459360757608,0.505513627572,-0.124090444291,-1.42256258808,0.0756378294745,1.91862021352,0.150397074174,-0.0121867146515,-0.087914401827,0.00124743643702,-0.153188513451,-0.00664943888914,0.0562138194792,-0.0246424594714,0.573940282793,0.818882837286,0.00204877696161,0.0,0.818838515069,-0.573878853647,-0.0121364936263,0.0,-0.00876278527204,0.00864340648129,-0.99992424969,0.0,0.65372827383,0.250747644231,0.303323971039,1.0,-0.01784,-0.0234468571429,0.893
0.459151400745,0.503952860196,-0.124097128858,-1.42489213613,0.0754882720178,1.91950913713,0.150067070398,-0.0127575767433,-0.0981837705808,-0.000690040008041,-0.143850864963,-0.0096480948129,0.0547782636523,-0.0147984908688,0.573925828691,0.81889271836,0.00214613139382,0.0,0.818849783787,-0.57386409478,-0.0120739064099,0.0,-0.00865581294289,0.00868705322236,-0.999924803177,0.0,0.653449636132,0.250387201802,0.303382816896,1.0,-0.01816,-0.0238674285714,0.909
0.458916076465,0.502262654299,-0.124101008438,-1.42738541478,0.075333201311,1.92043248471,0.149730791229,-0.0086198481261,-0.099763926155,-0.000323378591197,-0.146735524919,-0.0120105193523,0.0545159538265,-0.0218530850513,0.573931819592,0.818888245042,0.00224844235511,0.0,0.818846671059,-0.573869679672,-0.0120194404948,0.0,-0.00855243029989,0.00873963715633,-0.999925234544,0.0,0.65314707809,0.249995276114,0.303456390418,1.0,-0.0185,-0.0243142857143,0.926
0.458684429122,0.500534473623,-0.124102526565,-1.42997251684,0.0751620588709,1.92134435141,0.149367471094,-0.0137637793008,-0.104163629347,2.95384280144e-05,-0.148868508339,-0.00621142966652,0.0566863624484,-0.0263697091235,0.573910513284,0.818903062145,0.002290077088,0.0,0.818862049857,-0.573848223361,-0.0119961140085,0.0,-0.00850966166444,0.00876012182613,-0.999925420181,0.0,0.652818894723,0.249593344197,0.303510083466,1.0,-0.01884,-0.0247611428571,0.943
0.458453399966,0.498959796294,-0.124102201848,-1.43243433383,0.0750087760084,1.92224969663,0.149023951941,-0.0147347324561,-0.0989381840117,0.00171244894232,-0.155374085115,-0.00888428046709,0.064692790835,-0.0221747788371,0.573902128156,0.818908898194,0.0023044865492,0.0,0.818868035995,-0.57383974128,-0.0119932420475,0.0,-0.00849913030029,0.00877018636232,-0.999925421527,0.0,0.652512946816,0.249208196993,0.30351521599,1.0,-0.01916,-0.0251817142857,0.959
0.458187838462,0.497270953137,-0.124109701425,-1.43508346129,0.0748501069206,1.92322789941,0.148629442876,-0.0172658600645,-0.104421830731,-0.000719522942147,-0.155496141663,-0.0105207347539,0.0546669761066,-0.0236186149277,0.573893625864,0.81891481202,0.00232029062837,0.0,0.818874097686,-0.573831115303,-0.0119920869974,0.0,-0.00848920615359,0.00878237727125,-0.999925398832,0.0,0.652188835383,0.248779394387,0.303516783716,1.0,-0.0195,-0.0256285714286,0.976
0.457905925731,0.495510387337,-0.124107471916,-1.43793400193,0.0746743188446,1.9242112438,0.148203006427,-0.0211831352801,-0.098391429269,0.000344088877383,-0.163726662467,-0.00686036948252,0.0543820353798,-0.0303754660741,0.573869962164,0.818931641352,0.00223164067284,0.0,0.818889568073,-0.573807614899,-0.0120599869736,0.0,-0.00859593801363,0.00874849997065,-0.99992478397,0.0,0.651820329297,0.248320575748,0.303472035391,1.0,-0.01986,-0.0261017142857,0.994
0.457643257735,0.493877989836,-0.124130920211,-1.44059165371,0.0745069267884,1.92515638905,0.147836664816,-0.0172092619566,-0.108027655459,0.000637647207357,-0.185159692464,-0.00970340642239,0.066891889918,-0.0225131668811,0.5738903934,0.818917526768,0.00215583300688,0.0,0.818874466431,-0.573828369004,-0.0120978532845,0.0,-0.00867023288159,0.00870836604698,-0.999924492861,0.0,0.651486777796,0.247879297038,0.303426664718,1.0,-0.0259251428571,-0.034073044898,1.01
0.457323246553,0.491279439901,-0.124208742885,-1.44450793647,0.0742890279229,1.92664579833,0.147262984601,-0.0200055143442,-0.169022263206,-0.000749942414971,-0.255354368858,-0.0213353222479,0.099067073736,-0.0404040948958,0.573876828495,0.818926646851,0.00229775887263,0.0,0.818885603147,-0.573814375806,-0.0120074134459,0.0,-0.00851486769491,0.00877254690576,-0.999925266932,0.0,0.651009068835,0.247260975591,0.303502346443,1.0,-0.0371548571429,-0.0488320979592,1.027
0.456855827125,0.487845061172,-0.124233059227,-1.44999855584,0.074005616562,1.92870490451,0.146445893486,-0.0256258565125,-0.227444747895,-0.00246469571698,-0.352339269322,-0.0201661504625,0.139630854171,-0.0427932298852,0.573806499104,0.818975857156,0.00232247356344,0.0,0.81893465435,-0.573743456451,-0.0120509329667,0.0,-0.0085370835114,0.00881702749655,-0.99992468628,0.0,0.650308015106,0.246430814605,0.303456143595,1.0,-0.0483845714286,-0.0635911510204,1.044
0.456232007624,0.483693351043,-0.124330328047,-1.45650734262,0.0736111491914,1.93111257791,0.145456128568,-0.0393204033992,-0.280873897801,-0.00908976223992,-0.431723348469,-0.0299782390944,0.156077452755,-0.0682383632714,0.57379236129,0.818985687934,0.00234861362914,0.0,0.818945039258,-0.573729433072,-0.0120127933043,0.0,-0.00849100050049,0.00881640425961,-0.999925084157,0.0,0.649501204846,0.24535149184,0.303452597358,1.0,-0.0589537142857,-0.0774820244898,1.06
0.455403843944,0.478367654671,-0.124469389837,-1.46496657134,0.0731082773381,1.9340215918,0.144190943835,-0.0529036974149,-0.33344168014,-0.00621905098365,-0.529162184806,-0.0332784936016,0.178743633818,-0.0818881750264,0.573812134354,0.818972384099,0.0021483604062,0.0,0.818928941108,-0.573749866426,-0.0121337171834,0.0,-0.00870472538652,0.00872199659268,-0.999924074383,0.0,0.648402017568,0.243917479394,0.303374920416,1.0,-0.0701834285714,-0.092241077551,1.077
0.454335799537,0.471677197816,-0.124616206068,-1.4753852398,0.0724886297267,1.93774312183,0.142687221388,-0.0633726747133,-0.392294153272,-0.00440692121015,-0.608489740144,-0.0325966532418,0.216248788891,-0.0870083485947,0.573896899138,0.81891302331,0.00213455231458,0.0,0.818869319078,-0.573834599675,-0.012150612742,0.0,-0.00872558303719,0.0087212862874,-0.999923898787,0.0,0.647068377993,0.242147341482,0.303371713847,1.0,-0.0820737142857,-0.107868310204,1.095
0.453315785574,0.465296217454,-0.124703414403,-1.48503512711,0.0719049598988,1.94137431918,0.141116866605,-0.0701492976629,-0.433053531783,-0.00429685888786,-0.674427705365,-0.0426393679483,0.244023896939,-0.110612409021,0.573811073652,0.818972311566,0.00243957853151,0.0,0.818932730323,-0.573747649212,-0.0119818667409,0.0,-0.0084132766358,0.00887334936608,-0.999925237429,0.0,0.645855017691,0.240531647185,0.303500258862,1.0,-0.0919822857143,-0.120891004082,1.11
0.451836983219,0.456822541908,-0.124772100762,-1.49827868042,0.0710567271245,1.94593613742,0.139100107909,-0.0863310982033,-0.492048036688,-0.00252509200308,-0.787999793501,-0.0474567695594,0.256658819254,-0.111958551056,0.573806632057,0.818975942011,0.00225883048991,0.0,0.818933487516,-0.57374342709,-0.0121313559557,0.0,-0.00863946586165,0.00881105407411,-0.999923859579,0.0,0.644080806771,0.238259182691,0.303428858739,1.0,-0.103872571429,-0.136518236735,1.128
0.450267114556,0.447741385256,-0.124940058461,-1.51191634025,0.0700981377,1.95082395119,0.136954719626,-0.0882654402417,-0.556097333518,-0.0112320300067,-0.811308847752,-0.062458109136,0.298763755565,-0.120587519419,0.573817019802,0.8189680509,0.00247109122472,0.0,0.818929400185,-0.573754020185,-0.0119041478423,0.0,-0.00833147863843,0.00885462237156,-0.999926088332,0.0,0.642305447563,0.235840471905,0.303598848522,1.0,-0.115102285714,-0.151277289796,1.145
0.448623401671,0.438587568674,-0.125022898788,-1.52598966503,0.0691901753466,1.95568549871,0.134757693902,-0.108083308167,-0.586139430398,-0.00223253343908,-0.911154925768,-0.0628007195803,0.302689135115,-0.141395101999,0.573804241688,0.818977148743,0.00242259332922,0.0,0.818937367373,-0.573740909033,-0.0119876821519,0.0,-0.00842785911225,0.00886270570455,-0.999925209022,0.0,0.64037779234,0.233387160417,0.303587639316,1.0,-0.125671428571,-0.165168163265,1.161
0.446657157154,0.427946421486,-0.125138709186,-1.54189096952,0.0681255832874,1.96133523047,0.132131966582,-0.114284612855,-0.637497221921,-0.00573319363738,-0.959363608061,-0.065299129674,0.336851783297,-0.158965233979,0.573748860364,0.819014973043,0.00273240992555,0.0,0.818979407794,-0.573684537659,-0.011812186966,0.0,-0.00810697274905,0.00901518984316,-0.999926498971,0.0,0.638228641265,0.230548349744,0.303766459664,1.0,-0.136901142857,-0.179927216327,1.178
0.44445227441,0.416655922962,-0.125264418413,-1.55892351318,0.0669117549076,1.96724800938,0.129293814416,-0.134554437759,-0.682116250255,-0.0118164130024,-1.01537417213,-0.0659408664525,0.36917682597,-0.166922400102,0.573705569236,0.819044987774,0.00282395663209,0.0,0.81901101579,-0.573641376809,-0.0117163871891,0.0,-0.00797646340322,0.00903478211908,-0.999927371734,0.0,0.635871817842,0.227433101315,0.303842882137,1.0,-0.148130857143,-0.194686269388,1.195
0.442174176544,0.405337847083,-0.125377110112,-1.57600751495,0.0657178172228,1.97317821266,0.126451083818,-0.143268395148,-0.722188676667,-0.00589826345115,-1.10717438835,-0.0667958416504,0.369197635756,-0.178473285763,0.573695150926,0.81905190964,0.00293087356705,0.0,0.81901938216,-0.57363065708,-0.0116562346476,0.0,-0.00786597376165,0.00908774252069,-0.999927767088,0.0,0.633465967319,0.224289935932,0.303883512595,1.0,-0.1587,-0.208577142857,1.211
0.439296495188,0.39171674371,-0.125524475026,-1.5962580498,0.0643088111505,1.98009133932,0.122972236226,-0.163041998322,-0.753438252435,-0.00597401159288,-1.17058744763,-0.082270487957,0.395753126174,-0.198460978327,0.573720831485,0.819033095687,0.00315318737201,0.0,0.819003296735,-0.573655425355,-0.0115671862892,0.0,-0.0076652129308,0.00921898408268,-0.999928124839,0.0,0.630569661252,0.220457660514,0.304017508184,1.0,-0.170590285714,-0.22420437551,1.229
0.43633463286,0.378268560365,-0.125671680113,-1.61642323703,0.0627397784972,1.98678540203,0.11936795181,-0.17693062329,-0.824275611617,-0.0125992189944,-1.20244854683,-0.0892822231171,0.414754606737,-0.211221504831,0.573623256078,0.819101859341,0.00304154771985,0.0,0.819071182075,-0.573558894247,-0.0115473124847,0.0,-0.00771406689934,0.00911522656904,-0.999928700366,0.0,0.627598408953,0.216563534485,0.304011908195,1.0,-0.18182,-0.238963428571,1.246
0.433243448355,0.365003170878,-0.125807395072,-1.63624211676,0.0612778592425,1.99329308968,0.115865955423,-0.197503460843,-0.880987647561,-0.00925916262811,-1.24348804728,-0.0875396562853,0.409392906278,-0.223520751947,0.573695867004,0.819051258782,0.002972300703,0.0,0.819019357315,-0.573631337299,-0.0116244618436,0.0,-0.00781617576415,0.009103452797,-0.999928014681,0.0,0.624625375357,0.212659371707,0.303987658067,1.0,-0.192389142857,-0.252854302041,1.262
0.429406719579,0.349424132117,-0.126018766121,-1.659503931,0.0594943579197,2.00082063345,0.111558983998,-0.225133327935,-0.883258815213,-0.00865577343971,-1.31158803761,-0.0886721240703,0.404988411129,-0.258000568135,0.57376712136,0.819002022549,0.00277928185208,0.0,0.818967505628,-0.573703118101,-0.0117347308458,0.0,-0.00801643997351,0.00900931772048,-0.999927281798,0.0,0.621078055361,0.207930668924,0.303900100306,1.0,-0.204279428571,-0.268481534694,1.28
0.425451728355,0.333909235895,-0.126202100777,-1.68213911367,0.0577467347033,2.00821136394,0.107227763378,-0.244991756527,-0.913885666331,-0.00896379201489,-1.37609839275,-0.106287517646,0.433099618603,-0.256728851426,0.573839420629,0.818950731384,0.00296070919667,0.0,0.818918618558,-0.573774839724,-0.0116394320641,0.0,-0.00783349177602,0.00910392011609,-0.999927874922,0.0,0.617593258899,0.203246836912,0.303990685977,1.0,-0.215509142857,-0.283240587755,1.297
0.421829544108,0.319726408989,-0.12631051793,-1.70265051639,0.0560739385546,2.01476717597,0.103197715799,-0.247096549147,-0.962228693208,-0.00425282925751,-1.38786980919,-0.109300030869,0.43061722929,-0.27111437998,0.573736461982,0.819022381385,0.0030915828718,0.0,0.818992167837,-0.573671707917,-0.0115476169667,0.0,-0.00768435106877,0.00915744737029,-0.9999285434,0.0,0.614326952472,0.19902566005,0.304084647466,1.0,-0.225417714286,-0.296263281633,1.312
0.417401738223,0.303141492817,-0.126445908337,-1.72658550933,0.0540716370556,2.02231758404,0.0983003861595,-0.269501437152,-0.979381201575,-0.00720579825359,-1.40950260047,-0.121764124912,0.435004418727,-0.291016132433,0.573564757276,0.819142294132,0.00318089228299,0.0,0.819113508922,-0.573500077311,-0.0114659377048,0.0,-0.0075681382558,0.00918214640079,-0.999929203229,0.0,0.610439921443,0.194000438495,0.304141506588,1.0,-0.236647428571,-0.311022334694,1.329
0.412529946396,0.285955097216,-0.126617964788,-1.75120450671,0.0520487474911,2.02987643692,0.0931965497149,-0.29218727244,-1.01236869285,-0.00613755057633,-1.4557974293,-0.118881246764,0.448269600976,-0.311867766973,0.573580261074,0.819131157559,0.0032523412944,0.0,0.819102878374,-0.573514853097,-0.0114862882607,0.0,-0.00754365579812,0.00925248847411,-0.999928739818,0.0,0.606355624835,0.188664989309,0.304187616896,1.0,-0.247877142857,-0.325781387755,1.346
0.407588516516,0.269282607199,-0.126805400062,-1.77499054701,0.0500046054043,2.03703657176,0.0880295514647,-0.321366337687,-1.07111328667,-0.0181291116665,-1.50703201362,-0.13058169676,0.471375244405,-0.337273817274,0.573527756352,0.819167998034,0.00323273749145,0.0,0.819139307447,-0.573462222135,-0.0115161486664,0.0,-0.00757995356031,0.00925307140668,-0.999928459928,0.0,0.602322971345,0.183389353405,0.304187564084,1.0,-0.258446285714,-0.339672261224,1.362
0.401859000098,0.251054085571,-0.127066102931,-1.80069531065,0.0476774563168,2.04466232323,0.0823741650096,-0.347999544749,-1.11084055626,-0.0213038788199,-1.54504134826,-0.150987742329,0.464531905472,-0.336938106135,0.573676772979,0.819063583886,0.00324847613583,0.0,0.819035616836,-0.573611808353,-0.0114410914148,0.0,-0.0075077616148,0.00922428365394,-0.999929270552,0.0,0.597909387752,0.177464192678,0.304225426703,1.0,-0.269676,-0.354431314286,1.379
0.395402684287,0.231162694992,-0.127265100525,-1.82845413332,0.0451973291929,2.05268390424,0.0759124943284,-0.363091073818,-1.13381862931,-0.00989109456783,-1.56086253941,-0.145641479204,0.470982648571,-0.364230339492,0.573648555216,0.819083082221,0.00331457688768,0.0,0.819055571669,-0.573582906843,-0.0114615181206,0.0,-0.00748689508885,0.00928988483708,-0.999928819688,0.0,0.593266082778,0.171388589817,0.304268605883,1.0,-0.280905714286,-0.369190367347,1.396
