position_joint1,position_joint2,position_joint3,position_joint4,position_joint5,position_joint6,position_joint7,velocity_joint1,velocity_joint2,velocity_joint3,velocity_joint4,velocity_joint5,velocity_joint6,velocity_joint7,ee_T_00,ee_T_10,ee_T_20,ee_T_30,ee_T_01,ee_T_11,ee_T_21,ee_T_31,ee_T_02,ee_T_12,ee_T_22,ee_T_32,ee_T_03,ee_T_13,ee_T_23,ee_T_33,v_x,v_y,time
0.465072685886,0.547811534194,-0.123981755406,-1.35584545268,0.0795388936699,1.89410193216,0.159141280764,9.10539211458e-05,-0.0012257461838,0.000259753053261,0.000638372468075,-0.000170238702784,3.49104874538e-05,0.00123068552524,0.573798224192,0.818982669712,0.00193171614595,0.0,0.818938874529,-0.57373932985,-0.0119602704237,0.0,-0.00868711992905,0.00844490196701,-0.999926606096,0.0,0.661670213367,0.260898241283,0.303186922717,1.0,0.0,0.0,0.0
0.465072597746,0.547811529159,-0.123977177071,-1.35584795544,0.0795389068673,1.8941050844,0.15913780427,-0.000274896355135,0.000806524199314,0.00129292898322,-0.000342089634719,-1.7114767594e-05,-0.00271283456626,-0.00136993715795,0.573792412714,0.818986737377,0.00193339457884,0.0,0.8189429415,-0.57373349005,-0.0119619339137,0.0,-0.00868757927213,0.0084471693987,-0.999926582953,0.0,0.661669239079,0.260900751838,0.303185857369,1.0,-0.00028,-0.000368,0.015
0.465071931437,0.547808338863,-0.123979085663,-1.3558532399,0.0795382965157,1.89410683441,0.15913669418,-0.000659050580359,0.00127871819972,-8.86652244662e-05,-0.00134979281488,-0.000231243324374,-0.000260099229982,-7.11518301382e-05,0.573793516164,0.818985966457,0.00193247426103,0.0,0.818942170759,-0.573734609091,-0.0119610277714,0.0,-0.00868735378295,0.00844590745805,-0.999926595572,0.0,0.661669107411,0.260898640879,0.303185816373,1.0,-0.00058,-0.000762285714286,0.03
0.465072622492,0.547781553882,-0.123987457029,-1.35587516443,0.079537788228,1.89411109998,0.159141382529,0.000748380172652,-0.00148236630861,-0.0012778327114,-0.00259343551005,-0.000347986096905,0.00314894066129,-0.000822305300003,0.573803683759,0.818978827257,0.0019390487502,0.0,0.8189351492,-0.573744778768,-0.0119539592782,0.0,-0.00867768752688,0.00844734368441,-0.999926667373,0.0,0.661667413216,0.260892212246,0.303195002891,1.0,-0.00094,-0.00123542857143,0.048
0.46506915909,0.547680175851,-0.123980269639,-1.35599199233,0.0795361506741,1.89413715982,0.159141235342,-0.000858644099403,-0.0108472412512,-0.00371507011797,-0.0130013620419,0.000440616588933,0.00446462535977,-0.00156090575417,0.57380732473,0.818976240531,0.00195408124295,0.0,0.818932650578,-0.573748250876,-0.011958483816,0.0,-0.00867273039981,0.00846228946333,-0.999926584007,0.0,0.661647854455,0.260883051007,0.303213237638,1.0,-0.00128,-0.00168228571429,0.065
0.465060955026,0.547563238246,-0.123979425224,-1.35617304284,0.0795335671852,1.89417375675,0.159131814029,-0.00471278502105,-0.00215319565154,0.000949999890688,-0.0139642384763,0.000100935331093,0.00404541019687,-0.00206472293903,0.573814983644,0.818970916116,0.0019364925011,0.0,0.818926973473,-0.573755863079,-0.0119820115642,0.0,-0.00870201260205,0.00846146662227,-0.999926336566,0.0,0.661618820532,0.260860217052,0.303213049343,1.0,-0.0016,-0.00210285714286,0.081
0.465054626829,0.547391653424,-0.123985188464,-1.35638628523,0.0795327805752,1.89427089101,0.159136425162,0.000598812259311,-0.0145252626527,-0.000776873226577,-0.0147228922169,0.00053199734804,0.00531181555886,0.0010428337098,0.573839775936,0.818953419546,0.00198873524659,0.0,0.818910106864,-0.573780381686,-0.0119606591916,0.0,-0.00865429209808,0.00849226088622,-0.999926489665,0.0,0.661596857001,0.260836115574,0.303241723785,1.0,-0.00194,-0.00254971428571,0.098
0.465033157954,0.547198479591,-0.123977343441,-1.3565986086,0.0795274348389,1.89439388987,0.159129891124,-0.00361472223251,-0.00736201605713,0.00306495562261,-0.00953883104408,8.05259424812e-05,0.00191067050982,0.000737148387488,0.573857207154,0.818940971733,0.00208267029591,0.0,0.818898844176,-0.57379738295,-0.0119160911204,0.0,-0.00856370935401,0.00854379556321,-0.999926830543,0.0,0.661581910838,0.260811291754,0.303287908882,1.0,-0.00228,-0.00299657142857,0.115
0.465013481925,0.546985473604,-0.123982065016,-1.356872177,0.0795243578273,1.89452966262,0.159111659188,-0.000378797221802,-0.0116047222375,0.000445281482217,-0.0205487327663,-0.00017212817637,0.0107435070646,-0.00234331867161,0.573876363143,0.818927368231,0.00215227516295,0.0,0.818886102317,-0.573816209341,-0.0118851264831,0.0,-0.00849820859327,0.00858322663462,-0.999927051675,0.0,0.661558264627,0.260774598926,0.303320512557,1.0,-0.00262,-0.00344342857143,0.132
0.46498135236,0.546765590125,-0.123979607214,-1.35720680704,0.0795204746577,1.89465104103,0.159097993542,-0.00473802945805,-0.0142250909656,0.000322153639598,-0.0263795234611,0.000270620545953,0.00200675214186,0.00116610220323,0.573907244306,0.818905683979,0.00216854372047,0.0,0.818864473382,-0.573846862977,-0.0118953346338,0.0,-0.00849690872504,0.00860272776061,-0.999926895136,0.0,0.661517302718,0.260721637605,0.303327197504,1.0,-0.00296,-0.00389028571429,0.149
0.464943370956,0.546465922255,-0.123982854335,-1.3576320831,0.0795083040783,1.89480909759,0.158999674115,-0.00195531495217,-0.0191166816058,-0.00029259481876,-0.0215085064527,-8.70585935765e-05,0.00824640803461,-0.00731189735167,0.573880834032,0.818924101328,0.00220261123592,0.0,0.818883224511,-0.573820207832,-0.0118903573952,0.0,-0.00847356054946,0.00862749571615,-0.999926879871,0.0,0.661472719101,0.260660756082,0.303351038112,1.0,-0.0033,-0.00433714285714,0.166
0.464905106448,0.546213558711,-0.123984662254,-1.3580483185,0.0795009885169,1.89495771726,0.158928623017,-0.00479565989793,-0.0176735961942,-0.0016759601924,-0.0335738247672,0.000362887858363,0.00900791824217,-0.00205281496814,0.573876591451,0.818927084579,0.00219882449879,0.0,0.818885994477,-0.573815814146,-0.0119116071906,0.0,-0.0084931809994,0.00863654539991,-0.999926635289,0.0,0.661424275749,0.26059720478,0.303344582387,1.0,-0.0036,-0.00473142857143,0.181
0.464857245309,0.545879845677,-0.123982147023,-1.35863181744,0.0794761119337,1.89515135212,0.158894396578,-0.000538953635992,-0.0228168109849,0.000410278225046,-0.034346104289,8.93335075725e-05,0.00727421564902,-0.00422565724111,0.57391195311,0.818902416133,0.00215634652627,0.0,0.818860628356,-0.573851198015,-0.0119507642749,0.0,-0.00854925230154,0.00862459978791,-0.999926260563,0.0,0.661351000908,0.260511228379,0.303319833657,1.0,-0.00396,-0.00520457142857,0.199
0.464786577846,0.545524215479,-0.12397827753,-1.35923842313,0.0793718790965,1.89535337669,0.158800433755,-0.00483228915969,-0.0218794584455,0.000745445255425,-0.0365614109213,-0.0130709501906,0.0161334978305,-0.00565601379696,0.573896279355,0.818913602633,0.00207818809695,0.0,0.818871344772,-0.573836396956,-0.0119271597835,0.0,-0.00857493851188,0.0085468858587,-0.9999267079,0.0,0.661284681638,0.260396222784,0.303300115073,1.0,-0.0043,-0.00565142857143,0.216
0.464727034384,0.545158241445,-0.123982516441,-1.35989914596,0.0793373500203,1.89555881821,0.158722914727,-0.00532224168387,-0.0237983233364,0.00129879457233,-0.0441808058433,-0.00149198114986,0.0100150737351,-0.000673486016904,0.573912076919,0.818902717234,0.00200364029748,0.0,0.818859394338,-0.573852410116,-0.011977086866,0.0,-0.00865844186725,0.00851465841274,-0.99992626327,0.0,0.661201861564,0.260289109894,0.303262631682,1.0,-0.00462,-0.006072,0.232
0.464657789137,0.544727852113,-0.123983538568,-1.36061478852,0.0793202765419,1.89580068389,0.158646843824,-0.00156419170587,-0.0223416933022,0.00157798370761,-0.0391780681705,-0.000762439766036,0.0225395121917,0.00102153392159,0.573942495233,0.818881454606,0.00198049737726,0.0,0.818837555874,-0.573882654072,-0.012020954473,0.0,-0.00870733123644,0.00852120629674,-0.999925782959,0.0,0.661116114683,0.260177082938,0.303247658705,1.0,-0.00496,-0.00651885714286,0.249
0.464580422885,0.544241963009,-0.123994935113,-1.36142749197,0.0792922988819,1.8960908906,0.158519428614,-0.00308913969749,-0.0287881129951,-0.000598568055294,-0.0458972966534,-0.00506251972923,0.0213479247193,-0.00714254876691,0.573947363434,0.818878097785,0.00195751792197,0.0,0.818833735292,-0.573887460556,-0.0120516997157,0.0,-0.00874564632981,0.00852008702673,-0.999925458115,0.0,0.661024150651,0.260044406007,0.303230244941,1.0,-0.00532,-0.006992,0.267
0.464518492351,0.543787991254,-0.12398994707,-1.3621497238,0.0792655768858,1.89634417654,0.158455716085,-0.000772191637966,-0.0325042237644,0.000318569113208,-0.0452720303762,-0.00237638137543,0.0192163538873,-0.00302904604581,0.573975468538,0.818858404419,0.00195497599107,0.0,0.818813802749,-0.5739153726,-0.012076772049,0.0,-0.00876734431477,0.00853269650162,-0.999925160582,0.0,0.660936857525,0.25993945165,0.303229508297,1.0,-0.00562,-0.00738628571429,0.282
0.464436585695,0.543248235051,-0.124000951963,-1.36300659501,0.0792099503976,1.89663666214,0.158336157613,-0.00604369204881,-0.0304915469308,-0.00157011307964,-0.0442866792426,-0.00616660367474,0.0180925219067,-0.00755638525602,0.573985080266,0.818851727077,0.00192966229681,0.0,0.818806842148,-0.573925139797,-0.0120845381078,0.0,-0.00878813239583,0.00851652923704,-0.999925115926,0.0,0.660839010031,0.259795161143,0.303229208425,1.0,-0.00596,-0.00783314285714,0.299
0.464356207672,0.542653185382,-0.123998842733,-1.36394706389,0.0791613203229,1.89697915364,0.158210225497,-0.00661262284384,-0.033520316664,0.00045455058368,-0.0495842033801,-0.00187716488575,0.0171316494553,-0.00157607669588,0.573985635331,0.818851332786,0.00193187208835,0.0,0.818806372587,-0.573925584168,-0.012095244918,0.0,-0.00879562594765,0.00852449013853,-0.999924982202,0.0,0.660729402742,0.259654817085,0.303232087538,1.0,-0.00632,-0.00830628571429,0.317
0.464283981972,0.542121138298,-0.124001792416,-1.36477261401,0.0791178568709,1.89728377871,0.158097522138,-0.00771561214134,-0.0355851744485,6.2544566996e-05,-0.0585711894908,-0.000157601080483,0.0188997375719,-0.00139287209247,0.573986293971,0.818850844931,0.00194293358691,0.0,0.818805973595,-0.573926140145,-0.0120958738541,0.0,-0.00878978538216,0.00853391573746,-0.999924953162,0.0,0.660629377797,0.259519581782,0.303241394623,1.0,-0.00664,-0.00872685714286,0.333
0.464200004748,0.54144750066,-0.12400739726,-1.36578980752,0.0790421905012,1.89766465857,0.157963819166,-0.00391270382156,-0.0407532264286,-0.00092976160759,-0.0586928326936,-0.00100578287574,0.024873480017,-0.00386018111158,0.573988319242,0.818849368753,0.00196661301044,0.0,0.818804971528,-0.573928222188,-0.0120648778786,0.0,-0.00875079140601,0.00853553582093,-0.999925281348,0.0,0.660522031754,0.259371002021,0.303267221248,1.0,-0.00698,-0.00917371428571,0.35
0.464115541997,0.540758623416,-0.124002719274,-1.36685137349,0.0789889036234,1.89805433643,0.157837651826,-8.26197792109e-05,-0.0445382947161,0.000678821058895,-0.0628416653264,-0.00483904528876,0.0269519270177,-0.0088575328217,0.573995500651,0.818844283032,0.00198803396603,0.0,0.818800030224,-0.57393517758,-0.0120693554949,0.0,-0.00874208843181,0.00855572274544,-0.99992518495,0.0,0.660396616086,0.259218781283,0.303282549839,1.0,-0.00732,-0.00962057142857,0.367
0.464030028285,0.540070941721,-0.124005461728,-1.36790169579,0.0789256392154,1.89843482369,0.157704440054,-0.00886123044648,-0.0489116677806,5.9702164181e-05,-0.0683647092622,-0.000375805080104,0.0249137908303,-0.010546982754,0.573999557986,0.818841402457,0.00200298645795,0.0,0.818797338311,-0.573939163246,-0.0120624445454,0.0,-0.00872780467426,0.00856404270211,-0.999925238504,0.0,0.660274266821,0.259060657188,0.303301703895,1.0,-0.00764,-0.0100411428571,0.383
0.463929290484,0.539336094141,-0.12401163717,-1.3690476231,0.0788594145457,1.89887484501,0.157558668094,-0.00381292001369,-0.0434187714209,-0.00121705143134,-0.069221095687,-0.00117181564748,0.0132685276135,-0.00751053105312,0.574012822392,0.818832045822,0.00202666375661,0.0,0.818788308335,-0.573952341307,-0.0120483585539,0.0,-0.00870254122626,0.00857548599225,-0.999925360623,0.0,0.660147623052,0.258883326004,0.303313855584,1.0,-0.00798,-0.010488,0.4
0.46381985095,0.538565660076,-0.124012303629,-1.37023772353,0.0787912770143,1.89933615182,0.157414201168,-0.00669418830443,-0.0474061244411,0.000990439638448,-0.0708553515967,-0.00499857979642,0.0269395725541,-0.00609740152648,0.574032270326,0.818818321899,0.00206282538403,0.0,0.818775048163,-0.573971624253,-0.0120308752124,0.0,-0.00866726468786,0.00859526605083,-0.999925497187,0.0,0.660016803894,0.258699816925,0.303331661674,1.0,-0.00832,-0.0109348571429,0.417
0.463713947065,0.537789721851,-0.1240232541,-1.37146113785,0.0787239109613,1.89980797618,0.157261508502,-0.001655935101,-0.0444767455786,-0.00202383618354,-0.0722788556572,-0.00837922116764,0.0260277425875,-0.0109537816788,0.574051279283,0.818804944343,0.00208297234388,0.0,0.818761944624,-0.573990556489,-0.0120194009415,0.0,-0.00864610492844,0.00860537665372,-0.999925593413,0.0,0.659881651163,0.258509640026,0.303338623872,1.0,-0.00866,-0.0113817142857,0.434
0.463603181074,0.536956110747,-0.124023703327,-1.37275859251,0.0786475528865,1.90028628994,0.157095659329,-0.00743467680355,-0.0522299845534,-0.000321170490054,-0.0766244459293,-0.00841839353395,0.0285678687031,-0.0150563391654,0.574057510944,0.818800542187,0.00209598305513,0.0,0.818757680834,-0.573996701184,-0.0120164057345,0.0,-0.00863611844321,0.00861437604516,-0.999925602224,0.0,0.659731227605,0.258313322943,0.303351128762,1.0,-0.009,-0.0118285714286,0.451
0.463484265125,0.536114479327,-0.124024478712,-1.37407507931,0.0785750546198,1.90078128222,0.156941969392,-0.00990934788577,-0.0491631400538,0.00316207392608,-0.086699240672,-0.000363952643537,0.0329105171196,-0.00517923161639,0.574082646697,0.818782868037,0.00211581486492,0.0,0.818740205165,-0.574021690095,-0.0120134361215,0.0,-0.00862203805883,0.00862917403951,-0.99992559614,0.0,0.659581595897,0.258111054253,0.303361549105,1.0,-0.00934,-0.0122754285714,0.468
0.46336325066,0.535275616623,-0.124030860913,-1.37540589465,0.0785003912175,1.90126598984,0.156777545365,-0.0126859938977,-0.0537535748301,-0.00112478039532,-0.0841462051073,-0.00502233104791,0.0289245425117,-0.00682987735571,0.574104654993,0.818767449857,0.00211070390311,0.0,0.818724672489,-0.574043669282,-0.0120217850753,0.0,-0.00863157628011,0.00863001428936,-0.999925506598,0.0,0.659428141702,0.257901382354,0.303362328888,1.0,-0.00966,-0.012696,0.484
0.463243849489,0.534376657395,-0.12403641006,-1.37687772734,0.0784231852799,1.90179026032,0.156602399285,-0.00423888398495,-0.0609380134753,-0.000382308321771,-0.0866019292552,-0.000139160811619,0.0321760335919,-0.0122486525754,0.574122885409,0.818754761865,0.00207346901026,0.0,0.818711363943,-0.574061921396,-0.0120565275374,0.0,-0.00868120686892,0.00861966697455,-0.999925166194,0.0,0.659250579597,0.257679596115,0.303341648573,1.0,-0.01,-0.0131428571429,0.501
0.463113534741,0.533453756947,-0.124038866161,-1.37835947305,0.0783376264397,1.90233449877,0.1564127263,-0.00381715001258,-0.054665454181,0.000798954452619,-0.0846310228585,-0.00237286664629,0.0319984010052,-0.0147977191906,0.574134195054,0.81874686115,0.00206163248002,0.0,0.818703255626,-0.574073227735,-0.0120687748988,0.0,-0.00869791101586,0.00861712749152,-0.99992504292,0.0,0.659077519693,0.257451575689,0.30333456457,1.0,-0.01034,-0.0135897142857,0.518
0.462991164208,0.532565007082,-0.124037268267,-1.3797979598,0.0782590150877,1.90287416563,0.156235120856,-0.00461599262637,-0.058573068756,0.000786267452829,-0.0912649783626,-0.0034353867813,0.0318701115557,-0.017606135143,0.574145479661,0.818738961222,0.00205632277689,0.0,0.818695189578,-0.574084437964,-0.012082696361,0.0,-0.00871223909933,0.00862089304235,-0.999924885725,0.0,0.658908993305,0.257236661178,0.303323291388,1.0,-0.01066,-0.0140102857143,0.534
0.462848400622,0.531533681722,-0.124037871114,-1.38146323536,0.0781624928053,1.90348618572,0.156030245731,-0.00639176950411,-0.0579523025341,0.000467561401308,-0.094968925217,-0.00580791082476,0.030225243658,-0.0183498952353,0.574159997027,0.818728825392,0.00203842768141,0.0,0.818684750569,-0.574098962465,-0.0120998918524,0.0,-0.00873643923029,0.00861626941781,-0.999924714431,0.0,0.658712115564,0.256984026018,0.303310717044,1.0,-0.01102,-0.0144834285714,0.552
0.462722728443,0.530583294339,-0.124038008104,-1.38299473379,0.0780694344564,1.90402661327,0.155825610697,-0.00229651923728,-0.0552655460875,1.7106500125e-05,-0.0966851844389,-0.00578023502225,0.0317190922702,-0.0105221194003,0.574158721109,0.818729806767,0.00200334396366,0.0,0.818685197543,-0.574097765533,-0.0121264106313,0.0,-0.00877830754942,0.00860275809809,-0.999924464082,0.0,0.658512452489,0.256737881114,0.303299991698,1.0,-0.01136,-0.0149302857143,0.569
0.462592777797,0.529607805327,-0.124043119248,-1.38455139045,0.0779682120605,1.90459962083,0.155623225386,-0.00936733299528,-0.0553966158681,0.0018687836589,-0.0970872970237,-0.00737008854427,0.035815633963,-0.0131518497016,0.574155314888,0.818732226629,0.0019905691669,0.0,0.818687521949,-0.574094485996,-0.0121247456108,0.0,-0.00878431431385,0.00859130668193,-0.999924509786,0.0,0.658341230309,0.256515483844,0.303294401788,1.0,-0.01166,-0.0153245714286,0.584
0.462451101026,0.528442248851,-0.124046804511,-1.38633906422,0.0778585195549,1.90528275036,0.155377534946,-0.00840042690596,-0.0701730357118,-0.000491168605158,-0.102439788119,-0.00537581602897,0.040334842277,-0.0169295370054,0.574140280797,0.818742647334,0.00204017263956,0.0,0.818698635807,-0.574079281114,-0.012094197964,0.0,-0.00873098291464,0.00861421862229,-0.999924779758,0.0,0.658133212207,0.256251783153,0.303323617831,1.0,-0.01202,-0.0157977142857,0.602
0.462304004411,0.527332706854,-0.12404245539,-1.38807867136,0.0777559886818,1.90595375423,0.155127678239,-0.0106542619361,-0.0665642431248,0.00152872761225,-0.103140199214,-0.0107626755409,0.0433782374061,-0.0128184633577,0.574119798978,0.818756919232,0.00207618232952,0.0,0.818713346275,-0.574058614762,-0.0120793356392,0.0,-0.00869835675257,0.008634950181,-0.999924885291,0.0,0.657931172469,0.255994514955,0.303334699169,1.0,-0.01236,-0.0162445714286,0.619
0.462163066777,0.526237069403,-0.12404745464,-1.38977802715,0.0776440480936,1.90659039391,0.15490238054,-0.00690697564091,-0.0674012287263,0.000335230436859,-0.107821801355,-0.00298001006811,0.0406600568497,-0.0125028979139,0.574115848235,0.818759635036,0.0020975564763,0.0,0.818716437456,-0.574054668674,-0.0120573344717,0.0,-0.00866811357159,0.0086397771158,-0.999925106225,0.0,0.657731894452,0.255736658764,0.303352168859,1.0,-0.01268,-0.0166651428571,0.635
0.461993625737,0.525046872832,-0.124052128175,-1.39162369422,0.0775293310453,1.9072454955,0.154655208059,-0.0106620916317,-0.0697778589269,-8.66254861232e-05,-0.110767169834,-0.0077905917454,0.041256194054,-0.0126221186493,0.574123787144,0.818754073073,0.00209565344875,0.0,0.818710832823,-0.574062596934,-0.0120604278626,0.0,-0.00867165513071,0.0086400790477,-0.999925072909,0.0,0.657511261888,0.25544497786,0.303367825951,1.0,-0.01302,-0.017112,0.652
0.461839824095,0.52385240645,-0.124062054731,-1.39351705993,0.0774155892233,1.90792900402,0.154393842983,-0.00679875047313,-0.0690982612014,0.000297109134219,-0.114499668498,-0.00225054969241,0.0399659957357,-0.0123840339668,0.57411374866,0.818761150053,0.0020807845746,0.0,0.818717694784,-0.574052602625,-0.012070317671,0.0,-0.00868839465575,0.00863347669703,-0.999924984626,0.0,0.657281737821,0.255157028393,0.303366126028,1.0,-0.01336,-0.0175588571429,0.669
0.461685931737,0.522704973707,-0.124070486633,-1.39532635374,0.0772989752279,1.90862993488,0.154154471718,-0.0144233282617,-0.0777737705382,0.00010580956455,-0.11144436875,-0.00609550020464,0.0458552296776,-0.0134647695668,0.574115482461,0.818759869292,0.00210621392189,0.0,0.818716868245,-0.574054349422,-0.0120432745587,0.0,-0.00865163521166,0.00863878957314,-0.999925257468,0.0,0.657073491184,0.254879978638,0.303372516674,1.0,-0.01368,-0.0179794285714,0.685
0.461513339289,0.521399484465,-0.124069846297,-1.39743529238,0.0771719976975,1.9094505906,0.153866555443,-0.0144744084279,-0.0810449382859,0.000495597351675,-0.116125851359,-0.0049908225853,0.0482679870222,-0.0168027826788,0.574099494617,0.818771048612,0.00211828642084,0.0,0.818728210355,-0.574038317673,-0.0120363746155,0.0,-0.00863922382387,0.00864454386838,-0.999925315048,0.0,0.656825319989,0.254568903885,0.303357158666,1.0,-0.01404,-0.0184525714286,0.703
0.461356327905,0.520103800286,-0.124076970235,-1.39946439198,0.0770398019486,1.91019002708,0.153583728236,-0.00669363957878,-0.0757334090603,0.000542706562273,-0.121528015785,-0.0130506517285,0.0432003824269,-0.0245577095317,0.574073932789,0.81878897466,0.00211697143034,0.0,0.81874618241,-0.574012827853,-0.0120295116548,0.0,-0.00863462899963,0.00863925767454,-0.999925400422,0.0,0.656576845863,0.254266639502,0.303365674498,1.0,-0.01438,-0.0188994285714,0.72
0.461178313088,0.518766746855,-0.124076586699,-1.40155176671,0.0769137338631,1.91093541826,0.153314458101,-0.0147329267934,-0.0810482681613,0.0017613823993,-0.122915449161,-0.0146789172432,0.0437792693736,-0.00935608947793,0.574075741483,0.818787714075,0.00211405356375,0.0,0.818744800973,-0.574014565876,-0.0120405956038,0.0,-0.00864536066185,0.00864325062278,-0.999925273187,0.0,0.656319448318,0.253950032526,0.303375396237,1.0,-0.01472,-0.0193462857143,0.737
0.461019044408,0.517505608194,-0.124086866148,-1.40354261748,0.076782663298,1.91164179968,0.153044469491,-0.00855235154336,-0.0785911706055,-0.00137683764822,-0.124022519694,-0.00404690981388,0.0385884375577,-0.0195754934762,0.574062327909,0.818797188115,0.00208693815941,0.0,0.818753977467,-0.574001325461,-0.0120478069761,0.0,-0.00866697207143,0.00862504709655,-0.999925243285,0.0,0.656072302077,0.253646587792,0.303374351311,1.0,-0.01504,-0.0197668571429,0.753
0.460831972291,0.516135949783,-0.124087295195,-1.40569580324,0.076647534655,1.91244995163,0.152735455805,-0.0081800395762,-0.0847615355615,-0.000158460855802,-0.126629772573,-0.00813166972062,0.0436262378375,-0.0200788999855,0.574040241598,0.818812627043,0.0021046905856,0.0,0.818769665131,-0.573979183496,-0.0120365807175,0.0,-0.00864782219147,0.00863290471924,-0.999925341277,0.0,0.655814187079,0.253319056915,0.303380304211,1.0,-0.01538,-0.0202137142857,0.77
0.460653309474,0.514850435127,-0.124090407201,-1.40777502038,0.0765182536186,1.9132201883,0.152462832537,-0.0128156830359,-0.0812797550409,-0.000166208800531,-0.131264023159,-0.0121032774498,0.0468067221764,-0.0150318349707,0.574040327025,0.818812628107,0.00208084165976,0.0,0.818769349368,-0.573979364786,-0.0120494081313,0.0,-0.00867201432818,0.00862074153204,-0.999925236697,0.0,0.655561202956,0.253001588518,0.303358904048,1.0,-0.0157,-0.0206342857143,0.786
0.460457118241,0.513439979663,-0.124093660562,-1.41002548847,0.0763893099058,1.91400016669,0.15214445785,-0.0140244951521,-0.0810021582477,-0.00268930741161,-0.126921599565,-0.00602341632084,0.0494272354635,-0.0206675932437,0.574025879052,0.818822872251,0.00203493443076,0.0,0.818778804906,-0.573964929109,-0.0120944487515,0.0,-0.00873539845223,0.00860885350463,-0.999924787399,0.0,0.655276389771,0.252654686434,0.303344008748,1.0,-0.01604,-0.0210811428571,0.803
0.460257412902,0.511928162061,-0.124096536263,-1.41245771426,0.0762414322243,1.91486539669,0.151799334034,-0.00997997920049,-0.083102162095,0.000983113050386,-0.131331050711,-0.00528971155154,0.0466815623044,-0.0144655545449,0.573996245254,0.818843761692,0.00198778129252,0.0,0.81879897542,-0.573935404761,-0.0121299593641,0.0,-0.00879185276454,0.00859030980581,-0.999924452097,0.0,0.654968905075,0.252288258667,0.303320531752,1.0,-0.0164,-0.0215542857143,0.821
0.460079454359,0.510645840692,-0.124094351257,-1.41451356142,0.0761111377051,1.91565942304,0.151519482025,-0.00639348903901,-0.0899768022174,0.00144380831355,-0.135469222033,-0.00539289494685,0.05593911279,-0.01826303844,0.573978764836,0.818855949138,0.00201469113594,0.0,0.818811539949,-0.573917833115,-0.0121132068442,0.0,-0.00876287302883,0.00860254147976,-0.999924601326,0.0,0.654707319786,0.251960543999,0.303314206239,1.0,-0.01672,-0.0219748571429,0.837
0.459869218227,0.509063022909,-0.124094466234,-1.41701081733,0.0759534794692,1.91657697932,0.151170508925,-0.0090238233188,-0.0925528596224,0.00101226162101,-0.141668314906,-0.00592134942079,0.0522734854167,-0.0205930145347,0.573957608339,0.818870814698,0.00199989149471,0.0,0.818826212379,-0.573896744524,-0.0121205382322,0.0,-0.00877759279442,0.00859440418222,-0.999924542194,0.0,0.654412396389,0.251602288203,0.303307380251,1.0,-0.01706,-0.0224217142857,0.854
0.45964760435,0.507548670704,-0.124100709002,-1.4193949699,0.0758018588212,1.91742719916,0.150830738736,-0.0149480460591,-0.0890497428381,-0.00139239643513,-0.142684717871,-0.00999523812986,0.0479673618835,-0.024579899654,0.573947838049,0.818877712114,0.00197957160896,0.0,0.81883282865,-0.573887049866,-0.0121325851541,0.0,-0.00879922247468,0.0085845745189,-0.999924436527,0.0,0.654117032905,0.251223922028,0.303305807291,1.0,-0.0174,-0.0228685714286,0.871
0.45943253925,0.50597739159,-0.124106292319,-1.42182503526,0.0756440801852,1.91833663378,0.15050784537,-0.0120427227346,-0.0933020410847,-7.53056182219e-05,-0.140880500959,-0.00891267583048,0.052088817279,-0.015222285429,0.573946548264,0.818878527471,0.0020159080352,0.0,0.818834204643,-0.573885684502,-0.0121042691507,0.0,-0.00875519390014,0.00859806349027,-0.999924707107,0.0,0.65382155194,0.250848588484,0.303326715658,1.0,-0.01774,-0.0233154285714,0.888
0.459217127434,0.504439379101,-0.124112662929,-1.42416262717,0.0755022536728,1.91924105221,0.150179307658,-0.0139123272351,-0.0939723058798,0.000363317740915,-0.150433610695,-0.00661355273314,0.0539112290341,-0.0253969337233,0.573940899517,0.818882266275,0.00210350743848,0.0,0.818839136102,-0.573879706582,-0.0120539811729,0.0,-0.00866379799391,0.00864087337446,-0.999925134153,0.0,0.653544804895,0.250485352999,0.303367400187,1.0,-0.01806,-0.023736,0.904
0.458976053476,0.502664714904,-0.124115977159,-1.42678558584,0.0753361694804,1.92022521415,0.149816771809,-0.0123580152874,-0.0944043910684,0.000150529676441,-0.150524800334,-0.00974249947027,0.0600336862574,-0.0150074341123,0.573933532402,0.818887130194,0.00221704496238,0.0,0.818845544423,-0.573871927797,-0.0119888184123,0.0,-0.00854535376207,0.00869636972202,-0.999925672279,0.0,0.653227639844,0.2500780367,0.303443658621,1.0,-0.01842,-0.0242091428571,0.922
0.458765543103,0.501145940818,-0.124119412987,-1.42904814978,0.0751922661301,1.92102662612,0.149499456597,-0.0129728690171,-0.104231148595,-0.00127367449586,-0.152917517704,-0.00188384653848,0.0533577379425,-0.0273273131698,0.573925028391,0.81889295692,0.00226578783956,0.0,0.818851989537,-0.57386320759,-0.0119659979513,0.0,-0.00849878279537,0.00872309854087,-0.999925836371,0.0,0.652944052394,0.249721360656,0.303496352373,1.0,-0.01872,-0.0246034285714,0.937
0.458512368076,0.499342901968,-0.124117078785,-1.43180176116,0.0750128675149,1.92202145807,0.149107895409,-0.0137732766039,-0.0978410930203,-0.000744168403662,-0.154210388075,-0.00821994278451,0.0592451182141,-0.0162061587232,0.573901610812,0.818909272573,0.0023002831349,0.0,0.818868756298,-0.573839654731,-0.0119481177662,0.0,-0.00846459371825,0.00874084231029,-0.999925971424,0.0,0.65259841457,0.249293203726,0.303529693848,1.0,-0.01908,-0.0250765714286,0.955
0.458260497114,0.497669573803,-0.12411920391,-1.43444182673,0.0748549170541,1.92300342137,0.148724589963,-0.0185851773139,-0.100678117084,0.000335250063416,-0.159198156077,-0.0111498246916,0.0526305008913,-0.0253157207519,0.573887117077,0.818919390008,0.00231439473951,0.0,0.818878981844,-0.5738250276,-0.0119497989372,0.0,-0.00845802727435,0.0087532133961,-0.999925918771,0.0,0.652272472912,0.248877678393,0.303525084569,1.0,-0.01942,-0.0255234285714,0.972
0.458013836379,0.496092984316,-0.124119579059,-1.43696631108,0.0747031114922,1.92388669593,0.148350642053,-0.0126424197219,-0.0947973109942,0.000714587743353,-0.155214207216,-0.00534765127855,0.0488286215551,-0.020331999399,0.573869726805,0.818931721189,0.00226265089924,0.0,0.818890466029,-0.573807672717,-0.0119960943214,0.0,-0.00852581987199,0.008737226839,-0.999925482855,0.0,0.651948997574,0.24847354006,0.303498876898,1.0,-0.01974,-0.025944,0.988
0.457742607872,0.494426818314,-0.124119914235,-1.43971057445,0.0745295911412,1.92483684264,0.147957918788,-0.0184963791846,-0.0940167576425,0.000625980959488,-0.160646194538,-0.0101196691105,0.0599718296112,-0.0243818006106,0.573861630043,0.81893769371,0.00215181008659,0.0,0.818894844251,-0.573799891142,-0.0120692123026,0.0,-0.00864939102213,0.00868833130832,-0.999924847643,0.0,0.651594016717,0.24802976208,0.30343576517,1.0,-0.0226222857143,-0.0297321469388,1.005
0.457414174892,0.491937293023,-0.124206580435,-1.44344521674,0.0743163548295,1.92623750923,0.147424581989,-0.015365618732,-0.154583770452,-0.0100368434623,-0.234225072289,-0.0185508679912,0.0906397969816,-0.0288798325233,0.573886438868,0.818919974691,0.00227535409378,0.0,0.818878970672,-0.57382441827,-0.0119797866853,0.0,-0.00850499661749,0.00873844497963,-0.999925649542,0.0,0.651144299906,0.247415611061,0.303514929169,1.0,-0.0345125714286,-0.0453593795918,1.023
0.457051016089,0.489152753373,-0.12423223107,-1.44787735851,0.0740866093981,1.92791416883,0.14675472872,-0.0283987672845,-0.204638208403,-0.00376884511808,-0.327843720478,-0.0208362602701,0.118950977835,-0.0491790339027,0.573814231467,0.818970458418,0.00231579473075,0.0,0.818929657058,-0.573751720147,-0.011996971325,0.0,-0.00849663748198,0.00878067492065,-0.999925350663,0.0,0.650580733692,0.246752019725,0.303488179242,1.0,-0.0444211428571,-0.0583820734694,1.038
0.456365032437,0.484507520792,-0.124320264688,-1.45517753283,0.0736596448471,1.93065995118,0.145650375838,-0.0362883963323,-0.266674782738,-0.00260086319432,-0.414760863486,-0.0295720940521,0.150415271432,-0.0668587469488,0.573782275361,0.818992650027,0.00238465624372,0.0,0.81895282885,-0.573719575061,-0.0119524144569,0.0,-0.00842097775338,0.00881117418217,-0.999925722413,0.0,0.649677926637,0.245567762164,0.303480856002,1.0,-0.056972,-0.0748774857143,1.057
0.455621672151,0.479687306576,-0.124457603654,-1.46283513419,0.0731984739904,1.93330319234,0.144488692618,-0.0497905468256,-0.324511348262,-0.0119228088336,-0.507007750482,-0.0346919941743,0.172824389827,-0.0816402163933,0.573789025642,0.818988425196,0.0022046199482,0.0,0.818946224712,-0.573727031602,-0.0120466236012,0.0,-0.00860136083625,0.00871785344762,-0.999925004999,0.0,0.648688519166,0.244266437608,0.303412365482,1.0,-0.0675411428571,-0.0887683591837,1.073
0.454778457681,0.474352485091,-0.124590120333,-1.47115533807,0.0726912830496,1.93624938809,0.143301831197,-0.0548714013128,-0.371316992395,-0.0133713288063,-0.577577519591,-0.0347644607088,0.205424249236,-0.0718507135225,0.573869203242,0.818932378659,0.0021549140695,0.0,0.818889609833,-0.57380749046,-0.0120630718085,0.0,-0.00864250065062,0.00868742940893,-0.999924915058,0.0,0.647624451314,0.242845823877,0.303404917153,1.0,-0.0774497142857,-0.101791053061,1.088
0.453596821495,0.467031074858,-0.124703873466,-1.48231867429,0.0720393796514,1.9403915615,0.141562729084,-0.068025365773,-0.435402086801,-0.00144593803465,-0.64506968253,-0.0311645902371,0.237500730029,-0.106618544664,0.573853434692,0.818942697528,0.00241672465159,0.0,0.818903239441,-0.573790539721,-0.0119435280216,0.0,-0.00839453293461,0.00883306828751,-0.999925751604,0.0,0.646216310703,0.24096624324,0.303511313826,1.0,-0.08934,-0.117418285714,1.106
0.452179125379,0.458773083582,-0.124765061358,-1.49516252059,0.0712267756287,1.94491062346,0.139568526188,-0.0878214448825,-0.480844422194,-0.00416737428007,-0.748726213726,-0.0513044217177,0.263496426507,-0.107060386369,0.573806533853,0.818975729001,0.00235879557739,0.0,0.818935108218,-0.573743452981,-0.0120202158718,0.0,-0.00849108501659,0.00882914890546,-0.999924970988,0.0,0.644516734937,0.238783325262,0.303481155533,1.0,-0.101230285714,-0.133045518367,1.124
0.450823714054,0.451067530881,-0.124908563882,-1.50695297703,0.0704324340288,1.94897593444,0.137698956476,-0.0913242937624,-0.543159868739,-0.0134891482799,-0.786690836788,-0.0632980036237,0.286605735682,-0.123831024756,0.573813880949,0.818970731764,0.00230595864847,0.0,0.818929683902,-0.573751288059,-0.0120157886,0.0,-0.00851769642973,0.00878341338422,-0.999925147447,0.0,0.642951708754,0.236686176618,0.303519725783,1.0,-0.111138857143,-0.146068212245,1.139
0.449149519235,0.441514835297,-0.125018139906,-1.52143008149,0.0694785071921,1.9541703421,0.13547854032,-0.105387588813,-0.569476573634,-0.00349585996931,-0.89743877781,-0.0494079061418,0.30647316628,-0.136023023338,0.573837471308,0.818953599049,0.00251118069532,0.0,0.818915404279,-0.573774242817,-0.0118922586298,0.0,-0.00829851697582,0.00888083915825,-0.999926129928,0.0,0.641025852725,0.234167491869,0.303625410271,1.0,-0.122368571429,-0.160827265306,1.156
0.447256200988,0.43110615279,-0.125115719653,-1.53705743111,0.0684336836443,1.95965960853,0.132891854701,-0.110649612125,-0.632497063862,-0.00455180488117,-0.932863421614,-0.056486952401,0.345275666216,-0.160853216303,0.573739528621,0.819021533099,0.00272553110123,0.0,0.818986111836,-0.573675491824,-0.0117866704595,0.0,-0.00809012227482,0.00899482405097,-0.999926818853,0.0,0.63890018193,0.231405119996,0.303769582642,1.0,-0.133598285714,-0.175586318367,1.173
0.445131819835,0.420064439876,-0.125235761412,-1.55385918644,0.0672303938121,1.96542926097,0.130126300342,-0.129195251556,-0.670226032424,-0.0103172762376,-1.01836866839,-0.067944576357,0.338658365518,-0.168391369197,0.573684564811,0.819060190128,0.00267804889733,0.0,0.819024457682,-0.573621046812,-0.011771969868,0.0,-0.00810592273053,0.00894695721314,-0.999927120331,0.0,0.636562911882,0.228357314314,0.303783652846,1.0,-0.144828,-0.190345371429,1.19
0.442759678992,0.408181241289,-0.125373194934,-1.57160302565,0.0659667669278,1.97170359733,0.127167380638,-0.149101251895,-0.691346027045,-0.0103772203153,-1.06990653022,-0.0750192532815,0.361350918539,-0.171611906361,0.573687823122,0.81905689075,0.00297291404109,0.0,0.819025581344,-0.573623973879,-0.0115490517713,0.0,-0.00775414495997,0.00906061746556,-0.999928886695,0.0,0.634112696512,0.225078324923,0.3039312511,1.0,-0.156057714286,-0.20510442449,1.207
0.440609769841,0.397839987823,-0.125485639782,-1.58709076143,0.0649427311118,1.97694162398,0.124541477248,-0.155658774037,-0.781485742955,-0.0108777996089,-1.11599039305,-0.0698105866082,0.397975131828,-0.194223883574,0.573719340818,0.819034472994,0.00306543954465,0.0,0.819003733715,-0.573654450291,-0.0115845898872,0.0,-0.00772982425926,0.00915708600854,-0.999928196218,0.0,0.631890833831,0.222178872925,0.30399014716,1.0,-0.165305714286,-0.217258938775,1.221
0.437588438894,0.383978311689,-0.125621985543,-1.60806124207,0.0633619296793,1.98393203936,0.120904587016,-0.176949941334,-0.817560776941,-0.0104607974675,-1.18184992377,-0.0848818774607,0.384827405882,-0.215567127725,0.573670241214,0.819069404468,0.002917517951,0.0,0.819036946019,-0.573606075241,-0.0116317841802,0.0,-0.00785388373162,0.00906253791087,-0.999928090873,0.0,0.628646730467,0.217940575902,0.303949095601,1.0,-0.177856571429,-0.23375435102,1.24
0.434254943717,0.36922640583,-0.125784216354,-1.63003063821,0.061716125103,1.99125181787,0.116958197392,-0.194310026304,-0.840727948951,-0.00613755562706,-1.24193737156,-0.0930648717268,0.403997859377,-0.211836167549,0.573645328609,0.819086842692,0.00292027311242,0.0,0.819054560172,-0.573581318564,-0.011612293357,0.0,-0.00783661347894,0.0090533751539,-0.999928309374,0.0,0.625558630164,0.213891807828,0.303957121069,1.0,-0.189086285714,-0.248513404082,1.257
0.430736921501,0.35464870603,-0.125978884436,-1.6515748095,0.0600389446541,1.99835078564,0.113022529914,-0.215890255179,-0.837777730085,-0.0149653963818,-1.28837918143,-0.0998562818118,0.415789327292,-0.249022525975,0.573728892214,0.819028200819,0.00295150880241,0.0,0.818996797561,-0.573665320158,-0.0115365911116,0.0,-0.00775576454211,0.00903632587279,-0.999929093952,0.0,0.62232487441,0.20953066769,0.304001873537,1.0,-0.200316,-0.263272457143,1.274
0.426885101082,0.339362920292,-0.126163589671,-1.6739633983,0.0583782203996,2.00558588051,0.108805524751,-0.231878556116,-0.907932693425,-0.00289297327878,-1.33203159937,-0.0966613804168,0.432341969094,-0.257307104725,0.573846383627,0.818945513922,0.00305288830005,0.0,0.818914858896,-0.573781809092,-0.0115601183117,0.0,-0.00771556380849,0.00913396353602,-0.999928517838,0.0,0.618880474205,0.204925370496,0.30406696765,1.0,-0.211545714286,-0.278031510204,1.291
0.422830379282,0.323536168559,-0.12629986002,-1.69711011555,0.0564921530643,2.01304485114,0.104278350372,-0.241667600353,-0.93679651373,-0.00920980965124,-1.37034045264,-0.125157816916,0.436593318541,-0.274921433084,0.573745647506,0.819015955203,0.00308933529664,0.0,0.81898608042,-0.573681338033,-0.0115008422667,0.0,-0.00764722654093,0.00912885655767,-0.999929089438,0.0,0.615227910595,0.200163585725,0.304082643311,1.0,-0.222775428571,-0.292790563265,1.308
0.41846877105,0.307086424763,-0.1264550631,-1.72089763163,0.0545377726615,2.02058322393,0.0994917826911,-0.267380361218,-0.985913269737,-0.0158010525464,-1.41209889707,-0.12982305487,0.470715558414,-0.287762114515,0.573649584187,0.819082858398,0.00318944225686,0.0,0.8190544291,-0.573585165758,-0.0114300785339,0.0,-0.00753290966352,0.00916936314368,-0.999929586547,0.0,0.611390822547,0.195176921692,0.304138233033,1.0,-0.234005142857,-0.307549616327,1.325
0.41399675246,0.291090167547,-0.126590511272,-1.74389003391,0.0526156757167,2.02759069374,0.0947463090377,-0.289419197832,-1.0460898255,-0.0104921747706,-1.43937544098,-0.118659453221,0.459119217362,-0.288169005078,0.573598420417,0.819118838333,0.00315082287833,0.0,0.819089604648,-0.573533755445,-0.0114890306107,0.0,-0.00760392452839,0.00917107264773,-0.999929033361,0.0,0.607574391286,0.190234825145,0.304160779479,1.0,-0.244574285714,-0.321440489796,1.341
0.408233182413,0.271441245399,-0.126803651946,-1.77195283899,0.0502549176894,2.03610255128,0.0886972772716,-0.310679155177,-1.05807346373,-0.0173343067208,-1.47207802018,-0.128001150045,0.456319606384,-0.326597967022,0.573545946062,0.81915544947,0.00318500559143,0.0,0.81912623961,-0.573480676812,-0.0115266563353,0.0,-0.00761573081543,0.00922016618278,-0.999928492033,0.0,0.602841214208,0.184052230556,0.304172003576,1.0,-0.257125142857,-0.337935902041,1.36
0.403254492134,0.255525813686,-0.127008277777,-1.79450147763,0.048268897614,2.04277908667,0.083749442352,-0.340991180933,-1.06654662597,-0.0112058791177,-1.49459131878,-0.131227265994,0.441098154518,-0.328631764494,0.573659726029,0.819075879757,0.00315734592343,0.0,0.819046261276,-0.573594467223,-0.0115479852238,0.0,-0.0076477872474,0.00921080375031,-0.999928333654,0.0,0.598970482384,0.178892457848,0.304171420572,1.0,-0.267033714286,-0.350958595918,1.375
0.397229042818,0.236881125214,-0.127209970343,-1.82066175296,0.0459241331157,2.05030830987,0.077748638022,-0.362477820377,-1.09135693088,-0.00996608821617,-1.52490795109,-0.120799329579,0.433412825094,-0.35521292174,0.573681415167,0.819060849174,0.00311546862236,0.0,0.819030275498,-0.573615793356,-0.0116222343854,0.0,-0.00773238403188,0.00921930049381,-0.999927604747,0.0,0.594354024091,0.172832635627,0.304175842008,1.0,-0.278263428571,-0.36571764898,1.392
0.391260662902,0.218862897979,-0.127382766374,-1.84567509541,0.0436311763886,2.05744638241,0.0717556443876,-0.381171921662,-1.10442404825,-0.0102432556134,-1.55428786585,-0.141771851097,0.440502366663,-0.377860092767,0.573569457208,0.819138987396,0.00318496261459,0.0,0.819109034486,-0.573503287999,-0.0116239054697,0.0,-0.00769515578,0.00927612739719,-0.999927366381,0.0,0.589840050833,0.166993778331,0.304201549109,1.0,-0.288832571429,-0.379608522449,1.408
