position_joint1,position_joint2,position_joint3,position_joint4,position_joint5,position_joint6,position_joint7,velocity_joint1,velocity_joint2,velocity_joint3,velocity_joint4,velocity_joint5,velocity_joint6,velocity_joint7,ee_T_00,ee_T_10,ee_T_20,ee_T_30,ee_T_01,ee_T_11,ee_T_21,ee_T_31,ee_T_02,ee_T_12,ee_T_22,ee_T_32,ee_T_03,ee_T_13,ee_T_23,ee_T_33,v_x,v_y,time
0.465106001942,0.547548861238,-0.123996319418,-1.35573617345,0.079432589266,1.89410204009,0.159154908736,0.000897663049211,0.000494471315739,-0.000412321860304,0.00147163500139,-6.55058090879e-05,4.10712272047e-05,0.000882210318664,0.573757657409,0.819010438913,0.00219052911541,0.0,0.8189711691,-0.573698892786,-0.0116855252361,0.0,-0.00831402309515,0.00849880340397,-0.999929321183,0.0,0.661702889301,0.26091112556,0.303425314941,1.0,0.0,0.0,0.0
0.465103596848,0.547546356455,-0.123991037498,-1.35573712997,0.0794286784066,1.89409936666,0.159149098116,0.000602776151825,-0.00146195621158,0.00136601127464,0.000892270602135,-0.000387388216847,-0.000186407064733,-0.00817327611481,0.573750171495,0.819015687221,0.00218899469979,0.0,0.81897640119,-0.573691417291,-0.0116858427623,0.0,-0.00831524116307,0.00849765289651,-0.999929320832,0.0,0.661701836737,0.260911694394,0.303426219637,1.0,-0.00022,-0.000289142857143,0.012
0.465103504206,0.547540736552,-0.12399245938,-1.35574260011,0.0794302005768,1.89410185423,0.159146923016,-0.000145937159424,-0.00118635398693,-0.000238990131415,-0.00196331999264,-2.0710070911e-05,7.54400861368e-05,0.000347864249835,0.573750168065,0.819015681673,0.00219196726487,0.0,0.818976425283,-0.57369139362,-0.0116853163768,0.0,-0.00831310465597,0.0084997853972,-0.999929320472,0.0,0.661701492812,0.260910650748,0.303427863142,1.0,-0.00056,-0.000736,0.029
0.46510563819,0.547515275371,-0.123995243869,-1.35576402148,0.0794315230052,1.89410347606,0.159154902883,0.00152552657408,0.00035435581655,0.0016504520983,-0.0022660270718,-0.000174311748828,4.36849149055e-05,0.000556876060541,0.573758385983,0.819009908484,0.00219800398242,0.0,0.818970713954,-0.573699571149,-0.0116841196223,0.0,-0.00830857576628,0.00850412623764,-0.999929321205,0.0,0.661697586656,0.260908567662,0.303435939074,1.0,-0.0009,-0.00118285714286,0.046
0.465104926175,0.547400446864,-0.123994875624,-1.355876234,0.0794332618517,1.89411800641,0.159150519368,0.000548219133779,-0.00982802013921,-0.000937966783939,-0.00938797152627,1.4693788878e-05,0.000719207511142,-0.000998616562477,0.573761601316,0.819007597824,0.00221956352112,0.0,0.81896857247,-0.573702592341,-0.0116858781971,0.0,-0.00829761343949,0.00852282504633,-0.99992925303,0.0,0.661677796058,0.26089776598,0.303465123193,1.0,-0.00122,-0.00160342857143,0.062
0.465099227433,0.547270519648,-0.123993883198,-1.3560495157,0.079428503169,1.89415444702,0.159148214839,-0.000749487107507,-0.00555153922512,-0.00057979782758,-0.00887220532759,-0.000150382788225,0.00484607081846,-0.00077168105918,0.573771908511,0.819000380019,0.00221843064158,0.0,0.818961250372,-0.57371281051,-0.0116973649066,0.0,-0.00830756417173,0.0085285923209,-0.999929121233,0.0,0.661650293321,0.260877406734,0.303477800981,1.0,-0.00156,-0.00205028571429,0.079
0.465074742389,0.547104162701,-0.123995510452,-1.35626364923,0.0794214788,1.89424403392,0.159142920721,-0.00416095681637,-0.0122592298033,-7.94313666574e-05,-0.0105032465672,0.000110715904074,0.00469023000001,-0.00111754806034,0.573798904196,0.818981361653,0.00225692475905,0.0,0.818942702457,-0.573739629801,-0.0116805046361,0.0,-0.00827138766576,0.00855071744987,-0.999929232185,0.0,0.661630612508,0.260841981472,0.303501535466,1.0,-0.0019,-0.00249714285714,0.096
0.465054980213,0.546920287852,-0.123989589375,-1.35647734458,0.0794201270245,1.89437588666,0.159130188564,-0.00144622532956,-0.00640694135002,0.000396516317834,-0.00697453974853,0.000394864230983,0.00899161441569,-0.000437087394058,0.573812383938,0.818971653958,0.00235052190939,0.0,0.818934147311,-0.573752702487,-0.0116381123082,0.0,-0.00818282333295,0.00860318126161,-0.999929510853,0.0,0.661616634475,0.260818130904,0.303541316678,1.0,-0.00224,-0.002944,0.113
0.465034735359,0.546721804698,-0.123992577757,-1.35671712484,0.0794110731946,1.89448805915,0.159122723763,0.00061966593538,-0.016008535584,0.000251606314041,-0.010578567105,0.000268746741707,0.00293924014658,-0.000182544132592,0.573837552765,0.818953842007,0.00241134837401,0.0,0.818917131822,-0.573777660195,-0.0116049459887,0.0,-0.00812049362044,0.00863421453578,-0.999929751494,0.0,0.661594442425,0.260778688108,0.30357584803,1.0,-0.00258,-0.00339085714286,0.13
0.464989943696,0.546474535491,-0.123992404333,-1.35708206997,0.0793997635423,1.89463465946,0.159098807683,-0.00141888980607,-0.0148218418912,0.00152059840854,-0.0199138607181,-0.00208015724185,0.00940276222908,0.0016955017809,0.573870465571,0.81893068509,0.00244308521975,0.0,0.818894300665,-0.573810366385,-0.0115989081049,0.0,-0.00809699002773,0.00865706603211,-0.999929744512,0.0,0.661560049194,0.260721826694,0.303591704117,1.0,-0.00292,-0.00383771428571,0.147
0.464957893137,0.546216534645,-0.123992439516,-1.35746876684,0.0793765045379,1.89476505162,0.159001733119,7.03690778746e-05,-0.0145026497838,0.000576068589483,-0.0249885599688,-0.00283387882013,0.0145579665898,-0.00407434799517,0.573832600084,0.818957210336,0.00244573525197,0.0,0.818920837333,-0.573772471772,-0.0115999879546,0.0,-0.00809675410203,0.00865948153123,-0.999929725507,0.0,0.66151380151,0.260663172887,0.303601624455,1.0,-0.00324,-0.00425828571429,0.163
0.464907162259,0.54592526879,-0.123992715504,-1.35794133855,0.079342407169,1.89492797854,0.158923515964,-0.00645450798458,-0.01324363381,-0.000555240525773,-0.0274902545439,-0.00598348218484,0.00697659044599,-0.00130434567203,0.573827610069,0.818960762285,0.00242706840491,0.0,0.818924176574,-0.573767579025,-0.0116062562029,0.0,-0.00811265145805,0.00864774174954,-0.999929698253,0.0,0.661460714812,0.260582720204,0.303597020642,1.0,-0.00358,-0.00470514285714,0.18
0.464858022481,0.54560119244,-0.124003088068,-1.35846003089,0.0792778143393,1.89510932009,0.158888550446,-0.0052483723489,-0.0217945115572,-0.00137520676549,-0.0290968964861,-0.00664839839432,0.0094468099774,-0.00408376274317,0.573858264207,0.818939378894,0.00239441002117,0.0,0.818902692296,-0.573798686759,-0.0115842360471,0.0,-0.00811303394875,0.00860866414643,-0.999930032343,0.0,0.661405145613,0.26048874506,0.303595551283,1.0,-0.00392,-0.005152,0.197
0.46480643842,0.545259766391,-0.124001317606,-1.35907768413,0.0792625572853,1.89531667674,0.158800431168,-0.000843294049482,-0.024227602228,-0.00248824915013,-0.0395408003994,5.53716920542e-05,0.0154331246903,-0.0130070689721,0.57385752706,0.818940031292,0.00234748506768,0.0,0.818902503481,-0.573797870148,-0.0116379082139,0.0,-0.0081839245507,0.00860102822301,-0.999929520363,0.0,0.66132752746,0.260398421105,0.303561185219,1.0,-0.00426,-0.00559885714286,0.214
0.4647450992,0.544855836038,-0.123996337043,-1.35976070374,0.0792367636787,1.89553331348,0.158707409943,-0.0030717841331,-0.0249707478486,0.000850429141463,-0.0446610090104,-1.19119482068e-05,0.00996972022276,-0.0112475002313,0.573859199659,0.818938981833,0.00230432232324,0.0,0.818900682034,-0.573799477694,-0.0116867131181,0.0,-0.00824864480836,0.00859370441416,-0.999929051535,0.0,0.661240707637,0.260295493362,0.303540602546,1.0,-0.0046,-0.00604571428571,0.231
0.464682046756,0.544470137748,-0.124004298071,-1.36042908716,0.0791985890945,1.89575989876,0.158658302383,-0.00649012709802,-0.0231190064305,-0.000374839747291,-0.0416489793412,-0.00105782333144,0.0174272801725,-0.00740521973414,0.573903273222,0.818908234321,0.00225469452591,0.0,0.818869279546,-0.573843718885,-0.0117147860914,0.0,-0.00829965229586,0.00856961915668,-0.999928836167,0.0,0.661162783791,0.260184112517,0.303515318966,1.0,-0.00492,-0.00646628571429,0.247
0.464618623401,0.544004532398,-0.124007639955,-1.36119014376,0.0791670116029,1.89603086842,0.158531481861,-0.00822974193056,-0.0284894483641,-9.65491305914e-05,-0.0475326822893,0.000354732278101,0.00928071664917,-0.00773047662712,0.573887696683,0.818919188624,0.00224075910185,0.0,0.818879918624,-0.573828058263,-0.0117381994275,0.0,-0.00832698662695,0.00857148589132,-0.999928592912,0.0,0.661073087078,0.260069298154,0.303506151345,1.0,-0.00526,-0.00691314285714,0.264
0.464546729495,0.543513824681,-0.124007731051,-1.3620024251,0.0791182883622,1.89631980302,0.158435855074,-0.00153101726125,-0.0326440726686,-0.000360097767316,-0.04762870075,-0.00377855248534,0.0110953938043,-0.0108961972587,0.573900581147,0.818910236633,0.00221228335948,0.0,0.818870571256,-0.57384102319,-0.0117564678784,0.0,-0.00835815386601,0.00855878226908,-0.999928441695,0.0,0.66097815708,0.259943465229,0.303491736708,1.0,-0.0056,-0.00736,0.281
0.464467471773,0.542981364739,-0.124011587809,-1.3628478083,0.0790599361218,1.89660745169,0.158344092753,-0.000712635516395,-0.031387455026,0.000735569899819,-0.0515525230807,-0.00121709200657,0.018867434711,-0.00691803576,0.573924391388,0.818893620267,0.00218599124227,0.0,0.818853658122,-0.573864977041,-0.0117652711881,0.0,-0.00838020304744,0.00854254750199,-0.999928395976,0.0,0.660879642699,0.259805565504,0.303491040047,1.0,-0.00594,-0.00780685714286,0.298
0.464402339676,0.54241324315,-0.124022332969,-1.36375312594,0.0790128782877,1.89692753963,0.158212215207,-0.00567200944606,-0.0365694924628,-0.000831169062013,-0.0571020983167,-0.00475967448204,0.0234420946648,-0.0135777216638,0.573914982179,0.818900249086,0.00217305745041,0.0,0.818860073848,-0.573855573005,-0.0117774229289,0.0,-0.00839767512296,0.00853883385369,-0.999928281113,0.0,0.660771878737,0.259670398492,0.303490041443,1.0,-0.00628,-0.00825371428571,0.315
0.464321465116,0.541865512381,-0.124017283834,-1.36462733122,0.0789650913758,1.89725741953,0.158096113208,-0.00700553753017,-0.0329083887997,0.00064098129924,-0.0552158922909,-0.00152478686448,0.0187398066818,-0.0056283870158,0.573918481803,0.818897780606,0.0021790056383,0.0,0.818857612782,-0.573858978096,-0.0117826206471,0.0,-0.00839848164557,0.00854672365958,-0.999928206933,0.0,0.660673074489,0.259537961606,0.303489691498,1.0,-0.0066,-0.00867428571429,0.331
0.464238076216,0.541231461464,-0.12402050799,-1.36558874972,0.0789002871243,1.89761017539,0.157956884519,-0.00402885964668,-0.041015458326,0.000399018814303,-0.0601811551497,-0.00117928273048,0.0127882899918,-0.0146387458011,0.57391101436,0.818902967251,0.00219652547212,0.0,0.818863089853,-0.573851508008,-0.0117657866132,0.0,-0.00837471935432,0.00855133280461,-0.999928366826,0.0,0.660564343135,0.259388660095,0.303511013167,1.0,-0.00694,-0.00912114285714,0.348
0.46414454071,0.540547667799,-0.12402369445,-1.36661702455,0.078835083054,1.89799525216,0.157843460463,-0.00719153518491,-0.0432747883908,-0.00065636032798,-0.0668065019318,-0.000705591148616,0.0254627594698,-0.00597908772384,0.573936527534,0.818884999985,0.00222846640255,0.0,0.818845580706,-0.573876940349,-0.0117439003518,0.0,-0.00833819889478,0.00856518815948,-0.999928553443,0.0,0.660450411667,0.25922753288,0.303538386882,1.0,-0.00728,-0.009568,0.365
0.464055822398,0.539880489841,-0.124023704736,-1.36764739413,0.0787896576529,1.89837485955,0.157709553676,-0.00809553735907,-0.0422487800646,-0.000385330025678,-0.0680888410571,0.000212672576969,0.0288039166958,-0.0131950100777,0.573944429489,0.818879398389,0.00225158905456,0.0,0.818840119674,-0.573884589182,-0.011750898415,0.0,-0.00833057675441,0.00858821948748,-0.999928419427,0.0,0.660331201583,0.259073796064,0.303552377056,1.0,-0.0076,-0.00998857142857,0.381
0.463964271421,0.539132910956,-0.124028979152,-1.36880319781,0.0787163521394,1.89881171263,0.157564096291,-0.000809044140227,-0.0432520722394,0.000726042777572,-0.0709002818912,-0.00123890004948,0.0243336538881,-0.00803000756229,0.573948351571,0.81887659287,0.00227206504866,0.0,0.818837637746,-0.573888493008,-0.0117331796202,0.0,-0.00830427404714,0.00859485695658,-0.999928581183,0.0,0.660199825135,0.258900688513,0.303568463546,1.0,-0.00794,-0.0104354285714,0.398
0.463855236183,0.538389219536,-0.124027361934,-1.3699636757,0.0786473680577,1.89926803197,0.157416133843,-0.00133452227203,-0.042824735928,0.000969038531304,-0.0701751584108,-0.00604232461515,0.027335678535,-0.00692526696692,0.57396115507,0.818867526347,0.00230513924793,0.0,0.818829007608,-0.573901178456,-0.0117149719733,0.0,-0.00827024721797,0.00861161952853,-0.99992871897,0.0,0.660073624378,0.258721458125,0.303580930138,1.0,-0.00828,-0.0108822857143,0.415
0.463748785471,0.537607787319,-0.124044552349,-1.37120586048,0.0785757929168,1.89973238881,0.157270664384,-0.00582751809099,-0.043497522368,-0.00462114845283,-0.0754527043375,-0.00123276846156,0.0332616265871,-0.00955270146837,0.573990697308,0.818846820047,0.00230469152075,0.0,0.818808341828,-0.573930766965,-0.0117098670018,0.0,-0.00826601313187,0.00860862111093,-0.999928779799,0.0,0.659934628759,0.258523958597,0.303582346783,1.0,-0.00862,-0.0113291428571,0.432
0.463642955375,0.536834552975,-0.124042882421,-1.37240444869,0.0785049350142,1.90018105684,0.157123440493,-0.00851878683622,-0.0498544402941,-0.00103066783691,-0.0752056519389,-0.00788063927382,0.0289738421501,-0.00968517146725,0.574004170053,0.818837274786,0.00234031717442,0.0,0.81879924345,-0.573944090284,-0.0116930344447,0.0,-0.00823163973158,0.00862826658453,-0.999928894034,0.0,0.659792239966,0.258326407856,0.303605642419,1.0,-0.00896,-0.011776,0.449
0.463530873256,0.535984172054,-0.124051309314,-1.37373777872,0.0784301120816,1.90068410322,0.156953631491,-0.00516226117049,-0.051642148052,0.000860029573229,-0.0806257535801,-0.00510891257594,0.0245290813366,-0.00572654546743,0.574014701144,0.818829886328,0.00234244072495,0.0,0.818791860153,-0.573954588793,-0.0116947275054,0.0,-0.00823169627649,0.00863108308756,-0.999928869261,0.0,0.659646091369,0.258138027224,0.303606096704,1.0,-0.00928,-0.0121965714286,0.465
0.46341603585,0.535085198694,-0.124055332433,-1.37514053511,0.0783486178719,1.90118868955,0.156798975221,-0.00209887175478,-0.0565859036504,0.000467849467689,-0.0894252426759,-0.000508347546424,0.0286166176278,-0.00416885623446,0.574040004883,0.818812143478,0.00234379784799,0.0,0.818774092842,-0.573979840299,-0.0116993470736,0.0,-0.00823443327849,0.00863510046049,-0.99992881204,0.0,0.659479790346,0.257926291945,0.303616642758,1.0,-0.00962,-0.0126434285714,0.482
0.463290729235,0.534194965343,-0.124060608838,-1.37657528793,0.0782678784102,1.90171475195,0.15661001614,-0.00566513868716,-0.0537800753283,-0.00348803243018,-0.0894892301882,-0.000735687192605,0.026869541027,-0.0103182617593,0.574048626839,0.818806140873,0.00232907557805,0.0,0.818767846238,-0.573988460159,-0.0117136019863,0.0,-0.00825446565754,0.00863131550991,-0.999928679551,0.0,0.659312706866,0.257704606075,0.30360753383,1.0,-0.00996,-0.0130902857143,0.499
0.463157612397,0.533277066487,-0.124062446928,-1.37804985586,0.0781862462761,1.90225909845,0.156433171552,-0.0119239337613,-0.0593041155447,0.0028986345845,-0.0860354333081,-0.000983929057898,0.0301625352349,-0.0110782927397,0.574072960286,0.818789103661,0.00232096856297,0.0,0.818750626663,-0.574012740169,-0.0117274193113,0.0,-0.00827017684797,0.00863285499514,-0.999928536441,0.0,0.659141646156,0.257476521426,0.303600281822,1.0,-0.0103,-0.0135371428571,0.516
0.463032662313,0.532395489408,-0.124062296979,-1.37949569321,0.0781028758896,1.90280257949,0.156247028964,-0.0106602788179,-0.0546129402336,0.00024320463742,-0.0873272785673,-0.000674222361467,0.0321306631357,-0.00998649999554,0.574079500892,0.818784567201,0.00230349092613,0.0,0.818745816021,-0.574019296161,-0.011742371307,0.0,-0.00829238382249,0.00862719431745,-0.999928401381,0.0,0.658973311283,0.257257590185,0.303580777642,1.0,-0.01062,-0.0139577142857,0.532
0.462904471152,0.531420343268,-0.124068010028,-1.38105415935,0.0780101041902,1.90337476293,0.156041843239,-0.00732069250619,-0.0590147456086,-0.00174470166695,-0.0923769882109,-0.00571245871218,0.0366347244495,-0.0149108301747,0.574080560614,0.818783854815,0.00229257931973,0.0,0.818744947342,-0.574020381678,-0.0117498732626,0.0,-0.00830477916017,0.0086225775755,-0.999928338332,0.0,0.65878921772,0.257021431413,0.303576095475,1.0,-0.01096,-0.0144045714286,0.549
0.462770597721,0.530416446021,-0.124070520859,-1.38270098191,0.0779022907913,1.9039500873,0.155832565423,-0.00774659782207,-0.0579215512793,0.000846913965809,-0.0972861652042,-0.00418014658305,0.0342507168043,-0.0129870818138,0.57407640133,0.818786957259,0.00222507525205,0.0,0.818747150578,-0.574016457462,-0.0117879974504,0.0,-0.00837478999149,0.00858915054542,-0.999928042104,0.0,0.658573342307,0.256761446232,0.303545441805,1.0,-0.01132,-0.0148777142857,0.567
0.462631983778,0.529372603605,-0.124070784291,-1.38434050423,0.0777930893562,1.90455219845,0.1556101709,-0.00834933480695,-0.0637057973855,-0.00133482768815,-0.103279388517,-0.00595439175835,0.0355730075162,-0.0158781023695,0.574072274453,0.818789839988,0.00222902165346,0.0,0.818750175984,-0.574012409701,-0.0117749622392,0.0,-0.00836189434946,0.00858485651036,-0.999928186902,0.0,0.658393204439,0.256521970082,0.303556634691,1.0,-0.01164,-0.0152982857143,0.583
0.462491500069,0.528294894728,-0.124068479044,-1.38603221997,0.0776987891993,1.90519164404,0.155372145742,-0.00710246103627,-0.0607245949668,0.00028509459281,-0.0977693882956,-0.0118506316129,0.0478746985924,-0.0178035536588,0.5740572214,0.818800323401,0.00225474153052,0.0,0.818760903573,-0.57399716745,-0.0117720618517,0.0,-0.00834491346482,0.00860409698509,-0.999928163387,0.0,0.658194143415,0.256272292605,0.303565655767,1.0,-0.01198,-0.0157451428571,0.6
0.46236215263,0.527254251472,-0.124071314888,-1.38765679398,0.0775983808808,1.90581635543,0.155159322118,-0.00832643975502,-0.0697255527937,0.000396481066453,-0.109967703295,-0.00705850635134,0.036634471626,-0.0141839039142,0.574051855189,0.818803998256,0.00228624043371,0.0,0.818765027799,-0.573991723811,-0.0117506234347,0.0,-0.00830933434318,0.00861752680868,-0.99992834403,0.0,0.658005061273,0.256032480652,0.303579157163,1.0,-0.0123,-0.0161657142857,0.616
0.462205273002,0.526097401557,-0.12407693134,-1.38945095028,0.077482217637,1.90649502957,0.154907353598,-0.0101963151889,-0.0713076702192,-0.000147720153824,-0.11085038145,-0.00584413739873,0.0356034857925,-0.00865026276596,0.574043553514,0.818809736668,0.0023153204511,0.0,0.818771229756,-0.573983403395,-0.0117248817883,0.0,-0.00827165111197,0.0086264766657,-0.999928579294,0.0,0.657798106552,0.255755485281,0.303598203936,1.0,-0.01264,-0.0166125714286,0.633
0.462048702424,0.524931748771,-0.124080727216,-1.39129209426,0.0773631580574,1.90715206999,0.154665988196,-0.00893294372084,-0.0644768780249,-0.000769461185929,-0.111682715635,-0.00958163255026,0.0388353172324,-0.0214154316355,0.574043684502,0.818809702513,0.00229483244491,0.0,0.818770951165,-0.573983633428,-0.0117330723043,0.0,-0.00829011678864,0.00861440405373,-0.999928530449,0.0,0.657575118101,0.255472419857,0.303598846238,1.0,-0.01298,-0.0170594285714,0.65
0.461889024673,0.523752589825,-0.124086517614,-1.39319091315,0.077238415601,1.90782709926,0.154404564642,-0.011333738701,-0.065384151056,-0.000410334398189,-0.114026205128,-0.00628520204792,0.0393504299375,-0.0261173791468,0.574032673838,0.818817545917,0.0022500591284,0.0,0.818778252935,-0.573972834234,-0.0117518077104,0.0,-0.00833127393724,0.00858838643763,-0.999928412184,0.0,0.657343474131,0.255179831773,0.303582864454,1.0,-0.01332,-0.0175062857143,0.667
0.461734499301,0.522526315719,-0.124092939064,-1.39510945381,0.0771188395114,1.90856502137,0.154150087963,-0.00821407288011,-0.0715323365013,-0.00107215577086,-0.112588378003,-0.00890774553045,0.0422248148849,-0.022432751815,0.574026105038,0.818822057109,0.002283949908,0.0,0.818783269818,-0.573966206299,-0.0117259538845,0.0,-0.00829071923927,0.00860122921029,-0.999928638869,0.0,0.657118914461,0.254893633184,0.303595761656,1.0,-0.01366,-0.0179531428571,0.684
0.461580940646,0.521378691499,-0.124098278036,-1.39696062197,0.0770174636644,1.90929420927,0.153899511723,-0.0052997331786,-0.0739152172315,-0.00111367495161,-0.115297444191,-0.00424507722938,0.0496858858436,-0.0079094658955,0.574022495062,0.818824522404,0.00230728718428,0.0,0.818785993434,-0.573962463189,-0.0117189892087,0.0,-0.00827165876139,0.00861630374506,-0.999928666941,0.0,0.656904312566,0.254618017148,0.303584409256,1.0,-0.01398,-0.0183737142857,0.7
0.461407106407,0.520092454677,-0.124105085315,-1.39899495462,0.0768905776669,1.91004119287,0.153628648113,-0.0148514497311,-0.0801111707586,-0.00264377979832,-0.120459454745,-0.00406206607722,0.0412799331475,-0.0193738042127,0.574022074722,0.818824831122,0.00230229664398,0.0,0.818786255951,-0.573962080847,-0.0117193735682,0.0,-0.00827484242666,0.00861243379529,-0.99992867394,0.0,0.656659935586,0.254305493344,0.303584444089,1.0,-0.01432,-0.0188205714286,0.717
0.461236591656,0.518754347491,-0.12410888286,-1.40106123453,0.0767522297743,1.91077932328,0.153349231071,-0.00804562514041,-0.0774429687374,-0.000341489981105,-0.122277046185,-0.00418936173429,0.0396039035533,-0.016587072744,0.574007823198,0.818834816767,0.00230405258482,0.0,0.818796324375,-0.573947886994,-0.0117110676773,0.0,-0.00826718301199,0.00860896000154,-0.999928767209,0.0,0.656405970746,0.253991424013,0.303604388323,1.0,-0.01466,-0.0192674285714,0.734
0.461060264091,0.517407359853,-0.124111712786,-1.40317685517,0.0766137928522,1.91154150085,0.153062058772,-0.0114076478527,-0.0784031085497,0.000771370959492,-0.122734286386,-0.00902619604783,0.0456270726865,-0.0161488432024,0.573993670023,0.818844769452,0.00229286196904,0.0,0.818806165047,-0.573933811771,-0.0117128428609,0.0,-0.00827520842575,0.00860067276561,-0.99992877214,0.0,0.656145876619,0.253670028385,0.303608755533,1.0,-0.015,-0.0197142857143,0.751
0.460879155623,0.516057837177,-0.124118481803,-1.40530538802,0.0764746444991,1.91233224633,0.152765903422,-0.00859401298092,-0.078752474482,0.000797691567704,-0.125538362533,-0.00931573171254,0.04721770787,-0.013117013252,0.573979206421,0.818854901437,0.0022951885186,0.0,0.818816407811,-0.573919425086,-0.011701739641,0.0,-0.00826493271086,0.00859605875169,-0.999928896803,0.0,0.65588986492,0.253343556791,0.303610959251,1.0,-0.01534,-0.0201611428571,0.768
0.460690925241,0.514681069666,-0.124121650711,-1.40751012636,0.076345571735,1.91316915668,0.152471047458,-0.00787528705773,-0.0825304382562,-0.000170328972582,-0.127998656617,-0.00166478835496,0.0446523556911,-0.0162837206377,0.573975775034,0.818857285735,0.00230264505884,0.0,0.818818845188,-0.573915921012,-0.0117030455484,0.0,-0.00826175851732,0.00860287943894,-0.999928864376,0.0,0.655625348394,0.253010604058,0.303599520469,1.0,-0.01568,-0.020608,0.785
0.460507769618,0.513292104371,-0.12411958256,-1.40978333041,0.0762071715173,1.91394823335,0.152152881738,-0.0108483929457,-0.0744023952842,0.000694888590271,-0.137833854378,-0.0115915058102,0.0561385303713,-0.0182112526493,0.573945552936,0.818878712188,0.00221447334141,0.0,0.818838980935,-0.573885884467,-0.0117669797497,0.0,-0.00836503528443,0.00856706773559,-0.999928313198,0.0,0.655330482923,0.252670808587,0.303558445551,1.0,-0.01602,-0.0210548571429,0.802
0.460307073493,0.511854164665,-0.124128063371,-1.41207120576,0.0760769750886,1.9147501498,0.151825993815,-0.0180672353277,-0.0917121187381,4.5491922541e-05,-0.136247803662,-0.00696778096228,0.0441568232132,-0.014861960637,0.57393281395,0.818887738666,0.00217794287859,0.0,0.818847381574,-0.573873134126,-0.0118041738064,0.0,-0.00841659233492,0.00855837028754,-0.999927955041,0.0,0.655043461812,0.252315169468,0.303546539926,1.0,-0.01636,-0.0215017142857,0.819
0.460125339519,0.510485084731,-0.124131233278,-1.41424664081,0.0759388817851,1.91558996137,0.151528810387,-0.0145225490365,-0.0876871238545,-0.00127126802615,-0.143751351198,-0.00610345261252,0.0447683004114,-0.014984911904,0.573917087062,0.818898701327,0.00220023741211,0.0,0.81885870062,-0.573857390501,-0.0117843407815,0.0,-0.0083877203518,0.00856508298701,-0.999928140168,0.0,0.654782584858,0.251988785499,0.303542586592,1.0,-0.01668,-0.0219222857143,0.835
0.459941449546,0.509097169342,-0.124128439672,-1.41646838266,0.0758061968241,1.9164158119,0.151217888139,-0.0106438051727,-0.0872970896984,-0.00012701190501,-0.137768902548,-0.00578444921242,0.0589282314271,-0.0251083881939,0.573891043309,0.818916968668,0.00219447930911,0.0,0.818876811172,-0.573831288639,-0.0117969150697,0.0,-0.00840159479543,0.00856731706343,-0.99992800455,0.0,0.654506426184,0.251659238899,0.303527973157,1.0,-0.017,-0.0223428571429,0.851
0.459725242991,0.507589666913,-0.124128045067,-1.41884773778,0.0756511081324,1.91725988918,0.150880750789,-0.0128417028691,-0.0930512426234,0.0048131251918,-0.139211476517,-0.00966903724335,0.0563246749419,-0.0195340404781,0.573872998766,0.8189296879,0.00216667141672,0.0,0.818889152611,-0.573813338235,-0.011813361143,0.0,-0.00843120952234,0.00855379739219,-0.999927871027,0.0,0.654208343933,0.251287788477,0.303523135857,1.0,-0.01734,-0.0227897142857,0.868
0.459505740112,0.506024299826,-0.12413192426,-1.42126842016,0.0754954356544,1.91815784099,0.150544118424,-0.0107238723986,-0.0946118404626,0.0012017862484,-0.141241026611,-0.0107744472111,0.0587934896599,-0.0242801536781,0.573862901824,0.818936680034,0.00219793228119,0.0,0.818896594466,-0.573803164822,-0.0117916289848,0.0,-0.00839557863488,0.00856682262426,-0.999928059317,0.0,0.653913491284,0.250911134431,0.303543325172,1.0,-0.01768,-0.0232365714286,0.885
0.459281127525,0.504398860914,-0.124137660936,-1.42374534167,0.0753357260794,1.9191220134,0.1502093387,-0.0139110581047,-0.0981485736199,-0.000376626031357,-0.144550801652,-0.01195644254,0.0548858353225,-0.022713636719,0.573861453012,0.818937452673,0.00228653817126,0.0,0.818898640095,-0.573801503778,-0.011730235036,0.0,-0.00829446945279,0.00860413837724,-0.999928582739,0.0,0.653620856674,0.250528035204,0.303583920506,1.0,-0.01802,-0.0236834285714,0.902
0.459053426544,0.502745076375,-0.124148271546,-1.42622196604,0.0751824452573,1.92006867741,0.14986473185,-0.0164722734474,-0.0964718572718,-0.00192800160864,-0.14289058255,-0.00739983172284,0.0524371211486,-0.0210891347032,0.573859159553,0.818938767989,0.00238876177048,0.0,0.818901346907,-0.573798901779,-0.0116683869195,0.0,-0.00818518311789,0.00865233752655,-0.999929067401,0.0,0.653325992605,0.250140422172,0.30364243653,1.0,-0.01836,-0.0241302857143,0.919
0.458812247721,0.501030217937,-0.124149980536,-1.42877210442,0.0750102045504,1.92096707034,0.14949231495,-0.0140172406198,-0.104724988853,-0.00245779349917,-0.149737144947,-0.00781120735253,0.0550151570713,-0.0278455638198,0.57383618101,0.81895472577,0.00243749958612,0.0,0.818917978101,-0.573775795151,-0.0116373941741,0.0,-0.00813207725897,0.00867423706838,-0.999929310967,0.0,0.653006648114,0.249735221524,0.30370341424,1.0,-0.0187,-0.0245771428571,0.936
0.458580060289,0.499430159509,-0.124150435827,-1.43121566529,0.0748549369314,1.92184498926,0.149155819663,-0.0177468250109,-0.101054546837,-0.000452960599563,-0.149271321595,-0.00649140963378,0.0530304930237,-0.0237128666331,0.573833411141,0.818956582414,0.00246561943564,0.0,0.818920168168,-0.573772892758,-0.0116263754066,0.0,-0.0081069471567,0.00869091546872,-0.999929370204,0.0,0.652701345286,0.249349170469,0.303732663514,1.0,-0.01902,-0.0249977142857,0.952
0.458332305328,0.497760699516,-0.124148179657,-1.43385500739,0.0746964748485,1.92282681058,0.148768836659,-0.0155784215117,-0.0984789170741,2.77309992829e-06,-0.158758081618,-0.0124959857919,0.0590384633022,-0.0225034957884,0.573809192141,0.818973515936,0.0024775211596,0.0,0.818937165598,-0.573748537792,-0.0116310397547,0.0,-0.00810419541012,0.00870309924319,-0.99992928654,0.0,0.652373717524,0.248938823002,0.30372556738,1.0,-0.01936,-0.0254445714286,0.969
0.458070329274,0.496087399328,-0.124148344379,-1.43653458178,0.0745342959113,1.92377353163,0.148381040018,-0.0100104454458,-0.0993173685419,0.000563666314198,-0.159522415729,-0.00486926477577,0.0544730996884,-0.0214708534447,0.573797915356,0.818981561722,0.00242915499775,0.0,0.818944439367,-0.573737280285,-0.0116741313571,0.0,-0.00816735879574,0.00868810248695,-0.999928903035,0.0,0.652032477053,0.24851031032,0.303698423163,1.0,-0.0197,-0.0258914285714,0.986
0.457798327737,0.494423280647,-0.124153716947,-1.43927378703,0.0743617447264,1.92471395323,0.148000558926,-0.0139885635334,-0.096773836129,-0.0033185499855,-0.163936619538,-0.0136772085857,0.0506559406796,-0.0181822859889,0.573804053284,0.818977600358,0.00231202246436,0.0,0.818938840846,-0.573743726618,-0.011749809451,0.0,-0.00829648209709,0.00863565954847,-0.999928294314,0.0,0.651678200225,0.248063149682,0.303635565471,1.0,-0.0201182857143,-0.0264411755102,1.003
0.457522705466,0.492675118747,-0.124155072511,-1.44209809267,0.0741796304568,1.92576465854,0.147599160341,-0.011571348378,-0.106167130396,0.000499812510987,-0.180187135544,-0.0158016198991,0.0633877172742,-0.0267352377525,0.573794634128,0.818984279371,0.00228361337408,0.0,0.818945165515,-0.5737344313,-0.011762870506,0.0,-0.00832357865887,0.00861979206858,-0.999928206034,0.0,0.651326702927,0.247612950367,0.303599452687,1.0,-0.0212937142857,-0.0279860244898,1.02
0.457247869188,0.490929512456,-0.12415722864,-1.44490546778,0.0740077691885,1.92675982168,0.147207511041,-0.0192302306924,-0.112160599735,-0.00234350422212,-0.182636365059,-0.0157402994955,0.0667708040934,-0.0269232836719,0.573794296092,0.818984670243,0.00222768485182,0.0,0.818944695885,-0.573734170403,-0.0118082045694,0.0,-0.00839280119249,0.00859999669909,-0.999927797866,0.0,0.650966180725,0.247162880833,0.303564126649,1.0,-0.0224,-0.02944,1.036
0.456929738438,0.488979761437,-0.124168537613,-1.44802632139,0.0738095993814,1.92785296936,0.146757646555,-0.0184588978103,-0.120031434826,-0.00011056573623,-0.184942058255,-0.0147636861811,0.0657313037224,-0.0319096012892,0.573795966225,0.818983688258,0.0021574087231,0.0,0.818942731029,-0.573736046382,-0.0118532391047,0.0,-0.00846998940211,0.00856829994296,-0.999927419124,0.0,0.650566865953,0.246647450377,0.303529556538,1.0,-0.0235754285714,-0.0309848489796,1.053
0.456590551744,0.486901833036,-0.124183533052,-1.45124389552,0.073606322069,1.92910638669,0.146288408231,-0.0188144385571,-0.127903880466,-0.00111298155459,-0.193944393678,-0.0153139357658,0.0683053749664,-0.0207593355697,0.573805103224,0.818977048952,0.00224581942047,0.0,0.81893737215,-0.573744969512,-0.0117914102816,0.0,-0.00836852792059,0.00860532252745,-0.999927955487,0.0,0.650183937811,0.246116360886,0.303550982114,1.0,-0.0247508571429,-0.0325296979592,1.07
0.45622159418,0.484694113735,-0.124202908053,-1.45458794744,0.0733880778995,1.93034478106,0.145777156183,-0.0223422408382,-0.129292587562,-0.00148873449848,-0.195583950319,-0.0113693473156,0.0738678907739,-0.0324759717236,0.573808133755,0.818974707716,0.002323931899,0.0,0.818936167854,-0.573747829599,-0.0117357536033,0.0,-0.00827809387289,0.00863738905355,-0.999928431775,0.0,0.649777638825,0.24554703242,0.303599976021,1.0,-0.0259262857143,-0.0340745469388,1.087
0.455864592694,0.482531782554,-0.124229226324,-1.45792202338,0.0731795483682,1.93146407393,0.145282927996,-0.0249749126758,-0.136606867463,0.00146030629104,-0.21160187701,-0.0174275998276,0.06619005787,-0.0274460027547,0.573821194371,0.818965683874,0.00227869005809,0.0,0.818926451421,-0.573760950433,-0.0117722479969,0.0,-0.00833380420961,0.00862141095805,-0.999928106906,0.0,0.649344818945,0.244975982359,0.303611080351,1.0,-0.0270325714286,-0.035528522449,1.103
0.455469378034,0.48015400682,-0.124250501941,-1.4616130975,0.0729463467931,1.93282616069,0.144730388917,-0.0244248698284,-0.138023593393,-0.000841732424365,-0.218213398727,-0.0172079550669,0.0879624190607,-0.036361494076,0.573824772237,0.818963078362,0.00231386021831,0.0,0.818924343939,-0.573764437352,-0.0117488823252,0.0,-0.00829444982393,0.0086368424715,-0.999928300957,0.0,0.648885926034,0.24435617588,0.303621437558,1.0,-0.028208,-0.0370733714286,1.12
0.455046486526,0.477667786002,-0.124262971339,-1.46538905207,0.0727157992414,1.93421097884,0.144182794677,-0.0277454335414,-0.146479655548,0.000175835638284,-0.223250218334,-0.0177934819648,0.0880538402324,-0.0313122906241,0.573852540436,0.818943383504,0.00239652918738,0.0,0.818905652066,-0.573791820586,-0.0117143733794,0.0,-0.00821845795618,0.00868502143382,-0.99992851112,0.0,0.648415712922,0.24371725045,0.303666730881,1.0,-0.0293834285714,-0.0386182204082,1.137
0.454612161603,0.475119181515,-0.124278998935,-1.46933836673,0.0724669299285,1.93565411775,0.143622331787,-0.0263062328833,-0.148562096713,0.000269803576405,-0.243528990917,-0.0109138850792,0.0852996424552,-0.0290784889415,0.573883949484,0.818921279168,0.00242856983404,0.0,0.818883947253,-0.573823091078,-0.011699913589,0.0,-0.00818789639581,0.00870327703603,-0.999928603112,0.0,0.647917884487,0.243050567075,0.303676515925,1.0,-0.0305588571429,-0.0401630693878,1.154
0.454164954864,0.472466449273,-0.124282434756,-1.47343964233,0.0722158832561,1.9370563264,0.143020038044,-0.0245308367747,-0.155910458265,0.000271766491467,-0.244719942028,-0.0179063140883,0.0804939798167,-0.0374769748332,0.57388756774,0.818918835363,0.00239741148931,0.0,0.818880812619,-0.573826520461,-0.0117510017148,0.0,-0.00824757713702,0.00870711570012,-0.999928079217,0.0,0.647374528255,0.242363881807,0.303680475696,1.0,-0.0317342857143,-0.0417079183673,1.171
0.453725248493,0.46991012232,-0.124283265695,-1.47736849133,0.0719606691155,1.93852439459,0.142414353581,-0.0310823826776,-0.159203549339,4.69701608413e-05,-0.245232556307,-0.0136623772024,0.096448465014,-0.0356145975365,0.57385619657,0.818940566262,0.00248223481478,0.0,0.818903631132,-0.573794826443,-0.0117084143895,0.0,-0.00816435920465,0.00875182575234,-0.999928371827,0.0,0.646845883707,0.241672974028,0.303703334875,1.0,-0.0329097142857,-0.0432527673469,1.188
0.453257371745,0.467070821696,-0.124278054614,-1.48165999177,0.071677139191,1.94014588025,0.141723431354,-0.0330772256531,-0.170026653803,0.00119954466293,-0.257517636269,-0.0201495476659,0.0925401347941,-0.0379285611788,0.573809834481,0.818972649434,0.00261155763339,0.0,0.818937504793,-0.573748133839,-0.0116270831135,0.0,-0.00802404123172,0.00881060676023,-0.999928991464,0.0,0.646336583192,0.241001767823,0.303761322992,1.0,-0.034016,-0.0447067428571,1.204
0.452751010364,0.464145140311,-0.124288853869,-1.48619875228,0.071368957968,1.94167458093,0.14104453194,-0.0274351465691,-0.17184800099,-2.69110906747e-06,-0.270839264869,-0.0203829638576,0.0866812143065,-0.0368206770074,0.573804724949,0.818976477836,0.00253244516472,0.0,0.818940221768,-0.573743210071,-0.0116785688136,0.0,-0.00811165610951,0.00877530812256,-0.999928594952,0.0,0.645726126824,0.240225506023,0.303751347302,1.0,-0.0351914285714,-0.0462515918367,1.221
0.452217409848,0.461162155365,-0.124285308505,-1.49086721041,0.0710468421048,1.94332409171,0.140345046056,-0.0258650489632,-0.189666017173,0.000565259958387,-0.274401233083,-0.00923750976504,0.100514690618,-0.0426905138634,0.573795581733,0.818983012627,0.00249044435213,0.0,0.818946208432,-0.5737342156,-0.0117006173427,0.0,-0.00815391069212,0.00875347102574,-0.999928442682,0.0,0.645109277868,0.239431928253,0.303727244888,1.0,-0.0363668571429,-0.0477964408163,1.238
0.451662866858,0.458129174396,-0.12428859217,-1.49560168559,0.0707292912499,1.94499973136,0.13961537488,-0.0285679585265,-0.186377409229,-0.000135043453205,-0.276756803176,-0.0169647737785,0.106163916482,-0.0420210948673,0.573786738507,0.818989297082,0.0024610728189,0.0,0.818952058305,-0.57372542331,-0.0117222757215,0.0,-0.00818859596434,0.00874175531065,-0.999928261732,0.0,0.644484754454,0.238616815486,0.3037064878,1.0,-0.0375422857143,-0.0493412897959,1.255
0.451074559432,0.455046152576,-0.124316224075,-1.50055868292,0.0703935462336,1.946700745,0.138863825545,-0.0309988733572,-0.188340302755,-0.00120777934723,-0.296750156384,-0.0158331014173,0.0991029017423,-0.0390748064655,0.573808746104,0.818974345826,0.0023001467932,0.0,0.818934972535,-0.573747986793,-0.0118112366625,0.0,-0.00835355605898,0.00866122830565,-0.999927597992,0.0,0.643820709918,0.237739803031,0.303615319216,1.0,-0.0387177142857,-0.0508861387755,1.272
0.450522464453,0.451938706864,-0.124359289526,-1.50523915567,0.0700847391139,1.94839529436,0.138124596417,-0.0332428498807,-0.197968578562,-0.00615530664417,-0.289852471607,-0.0205784257404,0.113102160328,-0.0478785551867,0.573815996826,0.818969002401,0.00239202705981,0.0,0.818930962707,-0.573755034472,-0.0117467288304,0.0,-0.00824792802173,0.00869953342915,-0.999928142319,0.0,0.643215093731,0.23691404982,0.303669398662,1.0,-0.039824,-0.0523401142857,1.288
0.449941685195,0.448754096026,-0.124389824043,-1.51000265527,0.0697609749212,1.95014023397,0.137401311312,-0.033963798881,-0.198037969493,-0.000473569722333,-0.303888693992,-0.0197565103796,0.10351966464,-0.0486853870034,0.573847510827,0.818946589776,0.00250286120573,0.0,0.818910173701,-0.573786337703,-0.0116667465538,0.0,-0.00811849104514,0.00874472033706,-0.99992880745,0.0,0.642557435882,0.236012470215,0.303733560141,1.0,-0.0409994285714,-0.0538849632653,1.305
0.44925895274,0.44509644161,-0.124399632495,-1.51560057587,0.0693743309977,1.95199887061,0.136564213138,-0.0410435603287,-0.205267337932,-0.000721809151172,-0.317722042105,-0.0180208458251,0.108205376727,-0.043642368673,0.573872747998,0.818929087249,0.00244255279946,0.0,0.818891754078,-0.57381164551,-0.0117148401814,0.0,-0.00819221586146,0.00872318182193,-0.999928394285,0.0,0.641828785286,0.235080425253,0.303741327276,1.0,-0.0421748571429,-0.0554298122449,1.322
0.448615158421,0.441603864533,-0.124395113446,-1.52095595966,0.0689923849165,1.95393425992,0.135714447506,-0.0415289980382,-0.211000643169,0.00503103997569,-0.318682573269,-0.0178830802921,0.112114802906,-0.042322882135,0.573833067526,0.8189567596,0.00248664846265,0.0,0.818920128888,-0.573771949532,-0.011675587125,0.0,-0.00813518848969,0.00873637265689,-0.999928744712,0.0,0.641111223293,0.234156869801,0.30374986886,1.0,-0.0433502857143,-0.0569746612245,1.339
0.447962706018,0.43829091626,-0.124400574669,-1.52610451473,0.0686604321152,1.95574030343,0.134865238698,-0.0498950804426,-0.216404183894,-0.000467302384261,-0.325657252759,-0.0209184052729,0.118948356502,-0.0507962800706,0.573811803161,0.818971724686,0.0024648770613,0.0,0.818934573473,-0.573750511688,-0.0117158700079,0.0,-0.00818089929908,0.00874144583963,-0.999928327437,0.0,0.640412603498,0.233244077249,0.303720591111,1.0,-0.0444565714286,-0.0584286367347,1.355
0.447239209313,0.434612756918,-0.12441527315,-1.53165484401,0.0682661535572,1.95770103839,0.133986984146,-0.0450648649342,-0.222563232844,0.000603378974805,-0.323811253851,-0.0206494935319,0.113903778622,-0.0483405516715,0.573828580477,0.818959791555,0.00252328077136,0.0,0.81892352976,-0.573767217635,-0.0116695875816,0.0,-0.00810930335505,0.00876288558524,-0.999928722977,0.0,0.639668067131,0.232239677076,0.303759735843,1.0,-0.045632,-0.0599734857143,1.372
0.446487111849,0.430887845476,-0.124439398751,-1.53738746386,0.0678502675742,1.95970915801,0.133073054063,-0.0464391159382,-0.221298891627,-0.000928535072466,-0.338386771796,-0.0267695610513,0.109558622892,-0.0387172511577,0.573845728794,0.818947848864,0.00249945725926,0.0,0.818911459305,-0.573784644123,-0.0116597979444,0.0,-0.00811477248528,0.00873792767284,-0.999928897016,0.0,0.638891291681,0.231191827748,0.303745434305,1.0,-0.0468074285714,-0.0615183346939,1.389
0.445729021257,0.427056375544,-0.124477268614,-1.54331859078,0.0674163668243,1.96160931009,0.13212714948,-0.0449983714898,-0.226489653847,-0.00793874316828,-0.346762139835,-0.0279496921969,0.118995370167,-0.0519766821398,0.573851435468,0.818944405588,0.00231029612498,0.0,0.818905529227,-0.57379101118,-0.011762507872,0.0,-0.00830737281043,0.00864201268345,-0.999928149006,0.0,0.638043322805,0.230102269007,0.303696929177,1.0,-0.0479828571429,-0.0630631836735,1.406
