position_joint1,position_joint2,position_joint3,position_joint4,position_joint5,position_joint6,position_joint7,velocity_joint1,velocity_joint2,velocity_joint3,velocity_joint4,velocity_joint5,velocity_joint6,velocity_joint7,ee_T_00,ee_T_10,ee_T_20,ee_T_30,ee_T_01,ee_T_11,ee_T_21,ee_T_31,ee_T_02,ee_T_12,ee_T_22,ee_T_32,ee_T_03,ee_T_13,ee_T_23,ee_T_33,v_x,v_y,time
0.465079363176,0.547813303027,-0.123988042649,-1.35577448194,0.0794830523464,1.89409310611,0.159149409215,0.00112840881785,0.000573622180654,0.000659223226564,-0.00104142549791,-0.000408062476186,0.00042569341506,-0.00173096992421,0.573785076942,0.818991839951,0.00194896741221,0.0,0.818948879579,-0.573726706816,-0.0118804639049,0.0,-0.00861199414542,0.00841309955259,-0.99992752403,0.0,0.661687522996,0.260897785,0.303218785655,1.0,0.0,0.0,0.0
0.465078947386,0.547805299465,-0.123989943316,-1.35576732585,0.0794843747748,1.89409227986,0.159151749402,0.000949253310161,0.00316745957853,-0.000640819442275,0.000706032711906,2.33286664898e-05,0.000129198349786,-0.000644355997103,0.573788602008,0.818989340442,0.00196146611314,0.0,0.818946547477,-0.57373018474,-0.0118732638527,0.0,-0.00859888977141,0.00841924146513,-0.999927585112,0.0,0.661689683459,0.260897525853,0.30322785508,1.0,-0.00012,-0.000157714285714,0.007
0.465084271143,0.547810091334,-0.123988148827,-1.35577054008,0.0794843747748,1.89408655402,0.159149405333,0.00368128652072,0.000885846544074,0.000330447629842,-0.000411626338245,0.000122418098441,-0.000408346425258,-0.00112548240801,0.573781212313,0.818994544,0.00195043487815,0.0,0.818951586566,-0.573722820827,-0.0118815245168,0.0,-0.00861206056241,0.00841486929167,-0.999927508566,0.0,0.661685874823,0.26090125073,0.303222373836,1.0,-0.00042,-0.000552,0.022
0.465076924955,0.547803494441,-0.123990968601,-1.35577775715,0.0794830523284,1.89409445603,0.159146552063,0.00185946160345,-0.000917847015249,-0.00112839537757,-0.00135695299148,-0.000379344617482,0.00391528440849,-0.0014240086714,0.573786949342,0.818990513032,0.00195530829601,0.0,0.818947648732,-0.573728566158,-0.0118755173285,0.0,-0.00860428546347,0.00841547401529,-0.999927570411,0.0,0.661688610271,0.260894311814,0.30322438954,1.0,-0.00076,-0.000998857142857,0.039
0.465074473188,0.547747859209,-0.123988238845,-1.35583846543,0.079480063781,1.89410447503,0.15914532412,-7.22225446671e-05,-0.00454873381557,-0.000112368058475,-0.00986825796934,0.000142055543227,0.000390892266294,-0.00193837860505,0.573788538379,0.818989385053,0.00196145269427,0.0,0.818946564789,-0.573730094617,-0.0118764241875,0.0,-0.00860148650732,0.00842104315283,-0.999927547606,0.0,0.66167834423,0.260887991064,0.303235682431,1.0,-0.0011,-0.00144571428571,0.056
0.465076612936,0.547623031843,-0.123985784665,-1.35599302361,0.0794816229378,1.89413161875,0.159143604906,-0.00272319588774,-0.000251356385138,0.000852179958226,-0.0122061512512,1.25911662706e-05,0.00373671848091,-0.00107545412701,0.573792481444,0.818986607872,0.00196755332277,0.0,0.818943716045,-0.573733864265,-0.0118907462691,0.0,-0.00860967574392,0.00843429862402,-0.999927365407,0.0,0.661650415106,0.260876215892,0.303252826399,1.0,-0.00142,-0.00186628571429,0.072
0.465059640766,0.547465689509,-0.123985478647,-1.35621457468,0.0794768204373,1.89419021533,0.159146192514,-0.00209702008068,-0.0103050450712,0.000238984352173,-0.0155299069387,-0.000300361819057,0.00757295381905,0.000794285348688,0.573814335105,0.818971260767,0.00198236415239,0.0,0.818928456188,-0.573755550707,-0.0118953175735,0.0,-0.00860469646149,0.00844928083405,-0.999927281782,0.0,0.661620415808,0.260844087199,0.303271295887,1.0,-0.0018,-0.00236571428571,0.091
0.465041847371,0.547293381011,-0.123991335874,-1.35642675069,0.0794749916884,1.89432442947,0.159133594361,-0.0012996952141,-0.00510794825466,-0.00112112429092,-0.013059823197,0.000109606098677,0.00248608905684,-0.000118393099053,0.573839304483,0.818953594034,0.00205191378443,0.0,0.818911698151,-0.573780236996,-0.0118582108411,0.0,-0.00853414111824,0.00848520702965,-0.999927582226,0.0,0.66160885519,0.260814882124,0.303296818619,1.0,-0.00212,-0.00278628571429,0.107
0.465025420834,0.547093122261,-0.123983538668,-1.35665148193,0.0794721642918,1.89443219509,0.159125076843,-0.000569128589093,-0.00948472960999,0.000922615285332,-0.0100358838017,-0.000584383497584,0.0090843552915,-0.00411217470615,0.573852232065,0.818944333756,0.00213093034003,0.0,0.818903366958,-0.573792748438,-0.0118281159031,0.0,-0.00846401907992,0.0085327810248,-0.999927773406,0.0,0.661586758893,0.260791355534,0.303340796185,1.0,-0.00244,-0.00320685714286,0.123
0.464990327352,0.546869465704,-0.123986047134,-1.35696979619,0.0794664443486,1.89456949675,0.1591107925,-0.00621128055658,-0.0147898952491,5.38096602413e-05,-0.0176030145674,0.000479845608721,0.00753272547096,-0.000710435948376,0.573887426899,0.818919559353,0.00217335169384,0.0,0.818879064867,-0.573827691662,-0.011815426568,0.0,-0.00842891681578,0.00856060177163,-0.999927832125,0.0,0.661557085395,0.260740242031,0.303359695102,1.0,-0.00278,-0.00365371428571,0.14
0.464959131503,0.546611523639,-0.123988789599,-1.357355807,0.0794556317327,1.89470550317,0.159061134814,-0.00155483350181,-0.0171786957275,-0.000933354786645,-0.0267772176242,-0.00164461739668,0.00834328163367,-0.00603304824322,0.57389289629,0.818915690867,0.0021867191054,0.0,0.818875261766,-0.573832997758,-0.0118213050519,0.0,-0.00842600284067,0.00857497826889,-0.999927733501,0.0,0.661511825737,0.2606830671,0.303370526356,1.0,-0.00312,-0.00410057142857,0.157
0.464918625671,0.546353112872,-0.123986077376,-1.35773508313,0.0794424422175,1.89485472489,0.158927990657,-0.00179199031806,-0.0220192601687,-0.000188080922211,-0.0275239249865,-0.000232833827199,0.00911789870417,-0.00384820550865,0.573831262277,0.818958809126,0.00221320808924,0.0,0.818918616846,-0.573771157993,-0.0118196506193,0.0,-0.00841009394761,0.00859508782387,-0.999927694779,0.0,0.66146853908,0.260620746151,0.303382611469,1.0,-0.00344,-0.00452114285714,0.173
0.46487286848,0.546049130853,-0.123988204672,-1.35826521427,0.0794169027728,1.89503199032,0.158914032646,-0.00189121424021,-0.0146625870117,-0.000254380470386,-0.0324007700407,-0.00142884227286,0.0106543678661,0.000702213029356,0.57388323179,0.818922486734,0.0021780480643,0.0,0.818881773453,-0.573823194359,-0.0118460805146,0.0,-0.00845136993039,0.00858199606133,-0.999927459214,0.0,0.661407559288,0.260541668992,0.303364184013,1.0,-0.00378,-0.004968,0.19
0.464810525566,0.545716506134,-0.123991643751,-1.35883956098,0.0793410535772,1.89521785445,0.15885578437,-0.00369671869058,-0.0170466973896,-0.00147380124103,-0.0380215546969,-0.00692704268963,0.0119122664936,-0.00525361999358,0.573900830046,0.81891034104,0.00210654027375,0.0,0.818869041756,-0.573841421943,-0.0118432182175,0.0,-0.00848987725988,0.0085219774553,-0.999927646325,0.0,0.661342777046,0.260434961089,0.30334243469,1.0,-0.00412,-0.00541485714286,0.207
0.464746765876,0.545330329059,-0.123991985846,-1.35950320254,0.0792836827996,1.89543638913,0.15872478117,-0.00644927977141,-0.0222936867385,-0.000253753980295,-0.0410163637361,-1.17138205221e-05,0.00795208088167,-0.0174680034686,0.57386770886,0.818933702811,0.00204695612948,0.0,0.81889173765,-0.573808653158,-0.0118616386507,0.0,-0.00853949893374,0.00848341018953,-0.99992755173,0.0,0.661263963338,0.26032442989,0.303318841019,1.0,-0.00446,-0.00586171428571,0.224
0.464677284725,0.544945254473,-0.123990643389,-1.36016461423,0.0792706328697,1.89565361134,0.158682193095,-0.00601056043691,-0.0237249464272,0.00178159547956,-0.0465272509765,0.000427450044056,0.0131218022533,-0.00669887564171,0.573924363902,0.818894068951,0.00201872660474,0.0,0.818851430214,-0.57386511323,-0.0119127643857,0.0,-0.00859698084722,0.00849022635308,-0.999927001324,0.0,0.661178706982,0.260213770858,0.303298760473,1.0,-0.0048,-0.00630857142857,0.241
0.464607626207,0.544482515893,-0.124003051397,-1.3609383127,0.0792451266158,1.89593569259,0.158574748948,-0.0043951654947,-0.0252591308623,-0.00119822655112,-0.0490478460119,-0.00208951391619,0.017804232836,-0.00675896568851,0.573936269615,0.818885785134,0.0019940481292,0.0,0.818842693817,-0.573876990585,-0.0119410786812,0.0,-0.00863420748699,0.00848639328455,-0.99992671311,0.0,0.661096840888,0.260094443451,0.30327953007,1.0,-0.00514,-0.00675542857143,0.258
0.4645410039,0.544032400215,-0.123996334125,-1.36168020787,0.0792063450416,1.89619789291,0.158487402099,-0.00297134641579,-0.0269567958101,0.00157644139797,-0.0484206976175,0.000369767315868,0.0163897960977,-0.00509687108189,0.573945585236,0.818879306482,0.00197319662489,0.0,0.81883582912,-0.573886280293,-0.0119653308723,0.0,-0.00866593822136,0.00848333625491,-0.999926464557,0.0,0.661008250862,0.259983654414,0.303267425643,1.0,-0.00546,-0.007176,0.274
0.464474155999,0.543524359484,-0.124007309444,-1.36252733315,0.079162645661,1.89648608262,0.158378347059,-0.00277514647551,-0.0287355523053,-0.00124960991677,-0.0486713660935,-0.00698574381685,0.0219768986695,-0.00623109876582,0.573954135231,0.818873414458,0.00193097009509,0.0,0.81882932753,-0.573894950701,-0.0119943668902,0.0,-0.00871386195093,0.00846551440792,-0.999926199115,0.0,0.660906428924,0.259851706613,0.303249007092,1.0,-0.0058,-0.00762285714286,0.291
0.464388532925,0.542966410719,-0.124007730244,-1.36340364867,0.0791098738437,1.89679663484,0.158270565656,-0.00634299803107,-0.0340058764115,-0.000639373948469,-0.0537809304149,-0.000982169499396,0.0137347735766,-0.00587961070711,0.573970892295,0.81886168469,0.00192432993728,0.0,0.818817485596,-0.573911709248,-0.0120009237717,0.0,-0.00872286911629,0.00846401888488,-0.999926133241,0.0,0.660806503922,0.259710719526,0.303253513245,1.0,-0.00614,-0.00806971428571,0.308
0.464327966209,0.542406419304,-0.124007385062,-1.3642732334,0.079051345615,1.89711099848,0.15814778732,-0.00257954899828,-0.0373692345682,0.000699763780513,-0.0534125045489,-0.00380155453359,0.022026772861,-0.00701767992969,0.573952380297,0.818874657826,0.00192531110244,0.0,0.818830505172,-0.573893227998,-0.0119963977624,0.0,-0.00871879097308,0.00846202743358,-0.999926185664,0.0,0.660702450908,0.259586895865,0.303262891958,1.0,-0.00646,-0.00849028571429,0.324
0.464246454542,0.541792780678,-0.124008418305,-1.36522973599,0.079006324617,1.89747055474,0.15802257607,-0.00522375652542,-0.0366709633648,0.000439582026077,-0.057177279844,-0.00527074434499,0.0172693883983,-0.0125879541283,0.573958473681,0.818870338668,0.00194572364243,0.0,0.818826339317,-0.573899123684,-0.011998698944,0.0,-0.00870889724782,0.00848012796828,-0.99992611854,0.0,0.660593643171,0.259444078669,0.303272761657,1.0,-0.0068,-0.00893714285714,0.341
0.464154709698,0.541097234797,-0.124009084213,-1.36630034383,0.0789419733715,1.89785847515,0.157883161276,-0.00925381148193,-0.0378857869543,0.000921083738557,-0.062026315299,-0.00689975665846,0.0142946889176,-0.00999169122736,0.573962040605,0.81886781195,0.00195688468918,0.0,0.818823937944,-0.573902622894,-0.0119952068209,0.0,-0.00869959500169,0.00848730081855,-0.999926138658,0.0,0.660469793435,0.259281054511,0.303288555979,1.0,-0.00716,-0.00941028571429,0.359
0.464075096476,0.540430128937,-0.124014120137,-1.36729662285,0.0788815191407,1.89822961841,0.157753304895,-0.00341233914841,-0.0404124771278,-0.000559370813495,-0.0629369914508,-0.000558802875228,0.0212622025936,-0.0103462038075,0.57396345097,0.818866739768,0.00199157063173,0.0,0.818823343338,-0.573903910962,-0.0119741508316,0.0,-0.00866243045705,0.00850363317817,-0.999926322546,0.0,0.660356465796,0.259131462573,0.303318206025,1.0,-0.00748,-0.00983085714286,0.375
0.463977787895,0.539694839891,-0.124017310584,-1.3684316492,0.0788183911227,1.89866631917,0.157629312647,-0.00227155763129,-0.0459930738731,-0.000459621675105,-0.0661896168306,-0.00221736853039,0.0287948671511,-0.0144178414051,0.573989888903,0.818848128424,0.00202408358912,0.0,0.818805138182,-0.573930191866,-0.011959408504,0.0,-0.00863142276955,0.00852207367777,-0.999926433695,0.0,0.6602300659,0.258959699845,0.303335533355,1.0,-0.00782,-0.0102777142857,0.392
0.463873442474,0.538937532629,-0.124019445367,-1.36959652984,0.0787512647764,1.8991085526,0.157488100165,-0.00722852106995,-0.0433853507446,-0.00115916362893,-0.0718809871288,-0.00427306268183,0.0275909399157,-0.00166361279083,0.574007691425,0.818835574169,0.00205415693902,0.0,0.81879296395,-0.573947855273,-0.0119452297848,0.0,-0.00860236574211,0.0085387474182,-0.99992654185,0.0,0.660100016146,0.258780390077,0.303354522787,1.0,-0.00816,-0.0107245714286,0.409
0.463771879119,0.538203247589,-0.124018299642,-1.37072057843,0.0786803182265,1.89955511354,0.157335160513,-0.00224704186969,-0.0478847178433,-0.000457805256435,-0.0670014434925,-0.00481967769921,0.0302449205165,-0.0155182395105,0.574008058607,0.818835200736,0.00209990283918,0.0,0.818793241477,-0.573948089084,-0.0119149338731,0.0,-0.0085512966869,0.00855881909721,-0.999926808292,0.0,0.659978186526,0.258609052514,0.303376818122,1.0,-0.00848,-0.0111451428571,0.425
0.463662205977,0.537408127463,-0.124025840013,-1.37199619544,0.0786033124988,1.90002220345,0.157180673672,-0.00580584304073,-0.0498028870156,4.09577678515e-05,-0.078168413891,-0.00979292884153,0.0208231163608,-0.00882841912712,0.57402636236,0.818822405713,0.00208569416147,0.0,0.818780275951,-0.57396646322,-0.011920810117,0.0,-0.00856407280173,0.00855074913731,-0.999926767992,0.0,0.65983110609,0.258410555826,0.303371878695,1.0,-0.00882,-0.011592,0.442
0.463544619576,0.536559113227,-0.124032086359,-1.37330523612,0.0785256184361,1.90051059297,0.157018766394,-0.00678660497686,-0.0460128127903,-0.000236661420268,-0.074682483509,-0.00149225835533,0.0295094803419,-0.0109669607685,0.574047157044,0.818807777112,0.00210535768403,0.0,0.818765867587,-0.573987139051,-0.0119149141635,0.0,-0.00854774071749,0.00856368249018,-0.999926797056,0.0,0.65967388399,0.25819396985,0.303386566726,1.0,-0.00918,-0.0120651428571,0.46
0.463426868856,0.535756740901,-0.124036816832,-1.37459324361,0.0784707629096,1.90097772272,0.156864478985,-0.00660036682857,-0.0514364407735,0.000367227600578,-0.0819158620247,-0.00543403198114,0.0256626894339,-0.0123098125973,0.574069350675,0.818792203564,0.0021106634638,0.0,0.818750184477,-0.574009129169,-0.0119332288063,0.0,-0.00855945940927,0.00857877218062,-0.999926567465,0.0,0.659523812499,0.257997336964,0.303388675301,1.0,-0.0095,-0.0124857142857,0.476
0.463293600841,0.534807074018,-0.124040221909,-1.37610995626,0.0783716925899,1.90153652952,0.156684675252,-0.00840136744806,-0.0498892134603,-0.000696559711567,-0.0838933217834,-0.00857492171014,0.0364720863318,-0.0121541152299,0.574096164375,0.818773454992,0.00209053874905,0.0,0.818731248743,-0.57403609723,-0.011935171123,0.0,-0.00857232163543,0.00856369024099,-0.999926586561,0.0,0.659358056413,0.25777018073,0.30338138005,1.0,-0.00984,-0.0129325714286,0.493
0.463168283844,0.533901067059,-0.124048881323,-1.37758165319,0.0782852468095,1.90206766811,0.156504288745,-0.0067589129981,-0.0540761557348,-0.000798644183839,-0.0857237584301,-0.00157374250748,0.0341816057451,-0.0126691096957,0.574114557856,0.818760636745,0.00205938725996,0.0,0.818718003347,-0.574054595981,-0.0119540256658,0.0,-0.00860545062593,0.00854920218396,-0.999926425974,0.0,0.659184641627,0.257541788112,0.303366317486,1.0,-0.01018,-0.0133794285714,0.51
0.46304717623,0.533032983012,-0.124046066914,-1.37897253329,0.0782036494125,1.9025979394,0.156327585398,-0.00411119904362,-0.054727346524,0.00158976939703,-0.0890405951617,-0.00933961337995,0.0317990672958,-0.00683229666422,0.57412135058,0.818755856853,0.00206605360852,0.0,0.81871327588,-0.574061325942,-0.0119546165877,0.0,-0.00860203648948,0.00855507085059,-0.999926405157,0.0,0.659024538049,0.257332668875,0.303362349964,1.0,-0.0105,-0.0138,0.526
0.462918926372,0.532072962213,-0.124043909543,-1.38052951882,0.078126331353,1.90317741461,0.156134692859,-0.00877243274032,-0.0558564779136,0.00194369500014,-0.0908983440088,-0.00432324159462,0.0287740759158,-0.0110717415899,0.574131254781,0.818748928959,0.0020592504066,0.0,0.818706075889,-0.574071074999,-0.0119795264379,0.0,-0.00862623442758,0.00856390624685,-0.999926121066,0.0,0.658839351071,0.257103996398,0.303348277548,1.0,-0.01084,-0.0142468571429,0.543
0.462785645003,0.53106192519,-0.124043444152,-1.38214397531,0.0780225893034,1.90376535993,0.155932154415,-0.0075654851409,-0.0643480437348,0.00045486864174,-0.102354881273,-0.00813112639613,0.0316927558949,-0.0138199836249,0.574131521703,0.818748780276,0.00204388956452,0.0,0.818705728958,-0.574071408324,-0.0119872606341,0.0,-0.00864138283567,0.00855577300989,-0.999926059892,0.0,0.658633502429,0.256848909742,0.303345074626,1.0,-0.0112,-0.01472,0.561
0.462659873864,0.530090680511,-0.124049907991,-1.38370358199,0.0779123896268,1.90431458071,0.15572290795,-0.0114250887281,-0.0597103927876,0.000303784623536,-0.0951866483856,-0.00897739861078,0.0434544869124,-0.0122833506477,0.574125407116,0.818753179926,0.00199854085659,0.0,0.818709658402,-0.574065605357,-0.0119967865089,0.0,-0.00867528056245,0.00852404875488,-0.999926037315,0.0,0.658457232183,0.256621730308,0.303333085015,1.0,-0.0115,-0.0151142857143,0.576
0.462518791532,0.529035763496,-0.124052478319,-1.38536376533,0.0778284199048,1.90493412562,0.155504389971,-0.00881092685533,-0.0606502273522,0.000210760160798,-0.0919355318771,-0.00367102134134,0.0361046597009,-0.0131724704616,0.574131427472,0.818748909695,0.00201835686899,0.0,0.818705492193,-0.574071389042,-0.0120043424198,0.0,-0.00867002826138,0.00854467461466,-0.999925906828,0.0,0.658261861177,0.256372576146,0.303339700467,1.0,-0.01184,-0.0155611428571,0.593
0.46237420733,0.52788368881,-0.124052125728,-1.38717091692,0.0777077288644,1.90563809933,0.155242819095,-0.0109122640086,-0.0584251452673,8.17488088253e-05,-0.101777388956,-0.0016017858095,0.0376376598922,-0.00964384717641,0.574100957925,0.818770191297,0.00205203646559,0.0,0.818727335755,-0.574040902975,-0.0119723974279,0.0,-0.00862485532189,0.00855358786345,-0.999926221281,0.0,0.658053250666,0.256106477193,0.30335168279,1.0,-0.0122,-0.0160342857143,0.611
0.462234716666,0.526772431579,-0.124052214054,-1.38884410722,0.0775999917306,1.90626521568,0.1550223963,-0.00915440671985,-0.0706867655211,0.000871475217569,-0.107322272574,-0.0123747325632,0.0350308725478,-0.013410723772,0.574096081087,0.818773477999,0.00210435457472,0.0,0.818731356506,-0.574035861895,-0.0119390968137,0.0,-0.00856760578323,0.00857725490671,-0.999926510714,0.0,0.657857164944,0.25585576492,0.303391728267,1.0,-0.01252,-0.0164548571429,0.627
0.462083867956,0.525606131821,-0.124055529593,-1.39068095704,0.0774956745781,1.90693373067,0.15477270378,-0.00960732289671,-0.067922386403,0.00077204776124,-0.113251010646,-0.00172865071143,0.0375282736638,-0.0110205055099,0.574088378878,0.818778875291,0.00210559132581,0.0,0.818736677425,-0.57402806297,-0.0119491783616,0.0,-0.0085752314092,0.00858397454877,-0.999926387684,0.0,0.657635314496,0.255580387337,0.303396068217,1.0,-0.01286,-0.0169017142857,0.644
0.461933315348,0.524425968817,-0.124059179564,-1.39255078735,0.0773712607377,1.90760167651,0.154505337812,-0.00964490227367,-0.0680855080119,0.000200382863848,-0.109049105319,-0.00596774204956,0.0439978435211,-0.012394154002,0.574069344324,0.818792286422,0.00208002513897,0.0,0.818749820856,-0.574009201872,-0.0119546608399,0.0,-0.0085945959852,0.00856598944171,-0.999926375662,0.0,0.657393618357,0.255278376611,0.303395999598,1.0,-0.01322,-0.0173748571429,0.662
0.461783774422,0.523295365175,-0.124065252143,-1.39434431579,0.0772635310938,1.90826425964,0.154276916687,-0.00630533571882,-0.0782397722098,0.000328715954166,-0.109468254544,-0.00071465103384,0.0419342123777,-0.0132886524971,0.5740690629,0.818792487661,0.00207847827051,0.0,0.818749973673,-0.574008898736,-0.0119587492633,0.0,-0.00859883458974,0.00856706695489,-0.99992632999,0.0,0.657191995962,0.255025725613,0.303392911845,1.0,-0.01352,-0.0177691428571,0.677
0.461610815386,0.521992090811,-0.124071236833,-1.39642144635,0.0771371641629,1.90907682346,0.153994120016,-0.0118352803111,-0.0773256264338,-0.00065545906461,-0.122130800224,-0.00149343688273,0.0462738586283,-0.018898873645,0.574060800125,0.818798208267,0.00210684574441,0.0,0.81875612214,-0.574000578022,-0.0119371600476,0.0,-0.00856495948571,0.00857781364929,-0.999926528592,0.0,0.656951576326,0.254713829712,0.303390800706,1.0,-0.01388,-0.0182422857143,0.695
0.461454642473,0.52081872519,-0.124074333899,-1.39831738762,0.0770093115651,1.90979224561,0.153743210402,-0.00751049575531,-0.0768620486569,-0.000831313921006,-0.121469325367,-0.00783066416706,0.0472351040945,-0.016718387404,0.57405221356,0.818804269154,0.00209089043382,0.0,0.818762087048,-0.573992169997,-0.0119323298926,0.0,-0.00857025292361,0.00856188704602,-0.999926619735,0.0,0.65672550576,0.254427697549,0.303374783244,1.0,-0.0142,-0.0186628571429,0.711
0.461294534487,0.519588309316,-0.124079755684,-1.40023767433,0.0768861370356,1.91047984453,0.15347441283,-0.00984257962443,-0.0747116024533,-4.84567132225e-05,-0.119303989998,-0.00935267669745,0.0479700105437,-0.0223447822979,0.574035854391,0.818815753311,0.00208492323513,0.0,0.818773511936,-0.573975855843,-0.0119331455465,0.0,-0.00857451704781,0.00855729807321,-0.999926622461,0.0,0.656490274889,0.254134423624,0.30338454735,1.0,-0.01452,-0.0190834285714,0.727
0.461094397017,0.518073205873,-0.124084158048,-1.40258368171,0.0767351583036,1.91131291634,0.15315928258,-0.0136154604081,-0.083515887413,0.00089803178475,-0.125320987683,-0.00701542503522,0.0470634521029,-0.0194267317123,0.574028283606,0.81882106662,0.002082637864,0.0,0.818778803389,-0.573968303304,-0.0119333492506,0.0,-0.00857607475659,0.0085554644454,-0.999926624793,0.0,0.656201619735,0.25377412668,0.303403677066,1.0,-0.0149,-0.0195828571429,0.746
0.460920048702,0.516716625931,-0.124092911425,-1.40472703532,0.0766042752933,1.91208857441,0.152868534866,-0.0126392017381,-0.07473586859,-0.0014023216007,-0.126903192106,-0.0124540845571,0.0451924835027,-0.0163877784892,0.574017212238,0.818828857815,0.00207088519034,0.0,0.81878642232,-0.573957262698,-0.0119416130201,0.0,-0.00858970313292,0.00855046871449,-0.999926550545,0.0,0.655937774091,0.253449569656,0.303402769076,1.0,-0.01524,-0.0200297142857,0.763
0.460738222233,0.515415202963,-0.124090810214,-1.40676794465,0.0764683911807,1.91287904952,0.152575720157,-0.0128825880318,-0.0823702701202,0.00152381600273,-0.126575339405,-0.00894303820661,0.0480779947868,-0.0158216546835,0.57399600855,0.818843630753,0.0021065244784,0.0,0.81880176746,-0.57393602327,-0.0119102350621,0.0,-0.00854377433342,0.00856141818647,-0.999926850344,0.0,0.655698682462,0.253138091447,0.303412448119,1.0,-0.01556,-0.0204502857143,0.779
0.460553524367,0.51402533671,-0.124091509124,-1.40901963788,0.0763408188773,1.91367380231,0.152279757553,-0.0125564194101,-0.0774023212407,0.00144676997153,-0.132624913441,-0.00861718497427,0.0443954117372,-0.0205090310867,0.573989363147,0.818848421257,0.00205448311518,0.0,0.818805691976,-0.573929405548,-0.0119592281171,0.0,-0.00861383263313,0.00854685675293,-0.999926373853,0.0,0.655412814423,0.252800979523,0.303383946688,1.0,-0.0159,-0.0208971428571,0.796
0.460361785162,0.512617533654,-0.124097287896,-1.41128874764,0.0762092444205,1.91446078461,0.151951670934,-0.00313159764013,-0.0776938830268,0.000197782099551,-0.134529247731,-0.00318304605274,0.0408824583429,-0.016192394912,0.573965131908,0.818865553906,0.00199471331723,0.0,0.818821881721,-0.57390526752,-0.0120090311173,0.0,-0.00868917273131,0.00852624419788,-0.999925897973,0.0,0.655123985465,0.252453372666,0.303358760629,1.0,-0.01624,-0.021344,0.813
0.460183188721,0.511341389941,-0.124108439892,-1.4133197769,0.0760820465924,1.91523902517,0.151674274155,-0.0137803163395,-0.0890903557358,-0.00319945280847,-0.132777751816,-0.0113534856948,0.0468556585668,-0.017515686381,0.573964270073,0.818866125364,0.00200806194405,0.0,0.818822708892,-0.573904429352,-0.011992675825,0.0,-0.00866812722981,0.00852777833295,-0.999926067551,0.0,0.654883522726,0.252137861832,0.303353639789,1.0,-0.01654,-0.0217382857143,0.828
0.459981869613,0.509876571767,-0.124112397433,-1.41566311387,0.075942745883,1.91612059067,0.151349192876,-0.0160741840903,-0.0868399876362,-0.000904967424925,-0.138398539324,-0.00453233846604,0.0576587232823,-0.0194241982617,0.573943841726,0.818880405964,0.00202340666367,0.0,0.818837171765,-0.573883921231,-0.0119865754278,0.0,-0.00865453782875,0.0085366260965,-0.999926109765,0.0,0.654581414113,0.251762969516,0.303350987207,1.0,-0.0169,-0.0222114285714,0.846
0.459762445606,0.50828380822,-0.124118470109,-1.41817858821,0.0757760650408,1.91700888864,0.150994939747,-0.0083067739235,-0.0882713103908,-0.000666377380625,-0.137365241536,-0.00983634930366,0.0453902059489,-0.0183482534538,0.573929783989,0.818890380672,0.00197342227575,0.0,0.818846497743,-0.573870080404,-0.0120121127487,0.0,-0.00870428316582,0.00851020304195,-0.999925903204,0.0,0.654281767103,0.251390964196,0.303334646465,1.0,-0.01724,-0.0226582857143,0.863
0.459563401833,0.506830923786,-0.12412235287,-1.42044607736,0.0756352965844,1.91783149891,0.150676790287,-0.0117803486942,-0.0858356295028,-0.000410077795143,-0.142789200173,-0.00593915685757,0.0432798695918,-0.0129421927178,0.573914321478,0.818901204565,0.00197880431881,0.0,0.818857359958,-0.573854565655,-0.0120128440005,0.0,-0.00870195406897,0.0085148656315,-0.999925883783,0.0,0.653999948198,0.251041671396,0.303342872457,1.0,-0.01756,-0.0230788571429,0.879
0.459341349697,0.505225682414,-0.124133724231,-1.42290273174,0.0754818022555,1.91878323238,0.150341875776,-0.0156790293862,-0.0893243303804,-0.00478001229366,-0.141265339874,-0.00264525267641,0.0661202278279,-0.0205977296937,0.573915613444,0.818900102854,0.00205841977508,0.0,0.818857401887,-0.573855625848,-0.0119592206284,0.0,-0.00861233704852,0.00854930031277,-0.999926365846,0.0,0.653709822457,0.250659217028,0.303378433175,1.0,-0.0179,-0.0235257142857,0.896
0.459103385525,0.503483176552,-0.124129511355,-1.42551173438,0.075317301614,1.9197830436,0.149963620573,-0.012981796228,-0.0973483910313,0.00106184999992,-0.139285491955,-0.0015316854353,0.0528868610549,-0.0249340502702,0.573887528625,0.818919495535,0.00217053533885,0.0,0.818878290184,-0.573827120798,-0.0118965626691,0.0,-0.00849697864863,0.00860485888653,-0.999926876205,0.0,0.653396301274,0.250260803172,0.30344036021,1.0,-0.01826,-0.0239988571429,0.914
0.458888124495,0.50188972726,-0.124140482704,-1.42788063959,0.0751619218936,1.92065616753,0.149652185144,-0.0154913855284,-0.0919627402548,-0.00115815282529,-0.150211962738,-0.010424816134,0.0475757928459,-0.0213787179646,0.573895770062,0.81891351306,0.00224725032401,0.0,0.818873412263,-0.57383516465,-0.0118442138162,0.0,-0.00840999740451,0.00863772405284,-0.999927328193,0.0,0.653107414284,0.24988790792,0.303501290169,1.0,-0.01858,-0.0244194285714,0.93
0.458654182249,0.500171475152,-0.124135567643,-1.43047995477,0.0749996908022,1.92156205468,0.149281230828,-0.014654320665,-0.0969800781999,0.000684258182676,-0.152688651897,-0.0116239793402,0.0482251201203,-0.0242886243765,0.573868452122,0.818932588842,0.00227189190536,0.0,0.818892686263,-0.573807627725,-0.011845743996,0.0,-0.00839739856871,0.00865850113948,-0.999927254382,0.0,0.652773234773,0.249487712152,0.303541418132,1.0,-0.01892,-0.0248662857143,0.947
0.458407988216,0.498493228183,-0.124133061991,-1.43311219784,0.0748352521275,1.92253917847,0.148912528042,-0.0164083711503,-0.0961270035765,0.000889976193827,-0.154584004118,-0.0134446545362,0.0564803603605,-0.0204989215223,0.573855832985,0.818941380934,0.00229007527914,0.0,0.818901678985,-0.573794902096,-0.0118404976857,0.0,-0.00838280140003,0.00867025208271,-0.99992727504,0.0,0.652446838447,0.24907818006,0.303543679176,1.0,-0.01926,-0.0253131428571,0.964
0.458166437874,0.496905036461,-0.124133065015,-1.43562477257,0.0746796080493,1.92344421472,0.148539918062,-0.0157260667634,-0.0963452577668,0.00140306438339,-0.158453739689,-0.00956890074015,0.0546421119892,-0.0236776276254,0.573833687231,0.818956944489,0.00227362577955,0.0,0.818916945737,-0.573772737987,-0.0118586689472,0.0,-0.00840735666565,0.00866698127299,-0.999927097237,0.0,0.652130347493,0.248679912441,0.303533350559,1.0,-0.01958,-0.0257337142857,0.98
0.457897395642,0.495235242715,-0.12413638432,-1.43834459484,0.0745114860263,1.92437704884,0.148142381622,-0.0116132364535,-0.0921343132818,-0.000204544913151,-0.156762724074,-0.0137617904376,0.0617272093035,-0.0231712871961,0.573822415026,0.81896511233,0.00217432778063,0.0,0.818923658021,-0.573761697953,-0.0119290903689,0.0,-0.00852212691201,0.00862595398075,-0.999926480433,0.0,0.651778416359,0.248238379717,0.303483254363,1.0,-0.01992,-0.0261805714286,0.997
0.457614335564,0.493486204061,-0.124147409669,-1.44114185771,0.0743407122156,1.92539930727,0.147759752579,-0.0182897087025,-0.10678958719,-0.00360419423008,-0.170002719484,-0.0101557881383,0.0640555851107,-0.0182152331434,0.573843409353,0.818950466681,0.00214978301743,0.0,0.818908643891,-0.573782740748,-0.0119476475306,0.0,-0.00855118776606,0.00861672058677,-0.999926311942,0.0,0.651431704211,0.247780722162,0.30345877684,1.0,-0.0223868571429,-0.0294227265306,1.014
0.457364251515,0.491718667021,-0.124174138174,-1.44393684941,0.0741621264084,1.92643986973,0.147354233661,-0.0159929276507,-0.118608594613,-0.000394680195324,-0.189856363281,-0.0154209463721,0.0712788846916,-0.0292124671496,0.573823521534,0.818964374848,0.00216003828231,0.0,0.818922787647,-0.57376291635,-0.0119302386982,0.0,-0.00853125486606,0.00861492201805,-0.999926497703,0.0,0.651060642579,0.247306563301,0.303456151413,1.0,-0.0253491428571,-0.0333160163265,1.03
0.457003918576,0.489363690654,-0.124181005562,-1.44774152746,0.0739401994985,1.92778163939,0.146806900145,-0.016634787563,-0.140419557607,0.000892949734127,-0.223897835423,-0.00418525492338,0.0848701782673,-0.0341227425728,0.573808659069,0.818975032649,0.00206532706587,0.0,0.818931939484,-0.573748177323,-0.0120105958529,0.0,-0.00865156706063,0.00858331145606,-0.999925735818,0.0,0.650589589727,0.24673287502,0.303393136724,1.0,-0.0284965714286,-0.0374526367347,1.047
0.456588180281,0.486792615007,-0.124213579302,-1.45172230629,0.0736983007831,1.92929830074,0.146230009443,-0.0251102719392,-0.155390299231,-0.00293901447769,-0.242496588604,-0.0154511912542,0.091944129136,-0.0394376417946,0.573832595087,0.818958044219,0.00214977328825,0.0,0.818916150931,-0.573771856981,-0.0119557844867,0.0,-0.00855797123614,0.00862126889105,-0.999926214703,0.0,0.65011066319,0.246069363192,0.303417417307,1.0,-0.031644,-0.0415892571429,1.064
0.456166677211,0.484117154866,-0.12424656815,-1.45580290986,0.0734409167953,1.93079055598,0.145608016602,-0.0286834521122,-0.163207449265,-0.00258309063763,-0.267991176753,-0.0138598967007,0.0924270135982,-0.0342421334989,0.573823524168,0.818964221709,0.00221665834367,0.0,0.81892328575,-0.573762602152,-0.0119111430924,0.0,-0.00848312769948,0.00865033378607,-0.999926601441,0.0,0.649604601293,0.245387762186,0.3034628506,1.0,-0.0346062857143,-0.0454825469388,1.08
0.455601608753,0.48065982511,-0.124307834552,-1.46121650464,0.0731127481566,1.93266726424,0.144787243073,-0.0306719330533,-0.191334940981,-0.00483447530688,-0.29413163135,-0.0214508100743,0.101267193203,-0.0412108066372,0.573834190711,0.818956936226,0.00214594487291,0.0,0.818914959214,-0.573773434109,-0.0119617217795,0.0,-0.00856501376444,0.0086215572866,-0.999926151918,0.0,0.648910205823,0.244464135984,0.303448566788,1.0,-0.038124,-0.0501058285714,1.099
0.455117032347,0.477674798309,-0.124340055004,-1.46579926064,0.0728313330156,1.9343402654,0.144125707108,-0.0356173599636,-0.207459457749,-0.00415711334654,-0.314227527583,-0.018189479596,0.119760439986,-0.0403758166917,0.57385913574,0.818939294306,0.00220714075473,0.0,0.818898099904,-0.573798110711,-0.0119321842057,0.0,-0.00850544507398,0.00865498292128,-0.999926371627,0.0,0.648334089614,0.243695975504,0.303481221137,1.0,-0.0409011428571,-0.0537557877551,1.114
0.454512966052,0.474071538125,-0.124378284529,-1.471317396,0.0724978916453,1.93637050543,0.143327067179,-0.0340513047472,-0.216452128042,-0.00154535601183,-0.337084058309,-0.0203143070593,0.120068922857,-0.0467347559084,0.573903647798,0.818907832119,0.00230487305877,0.0,0.818867863232,-0.573842177307,-0.0118880196029,0.0,-0.00841272095765,0.00871013198885,-0.999926677175,0.0,0.647643427401,0.24276066714,0.303525305416,1.0,-0.0440485714286,-0.0578924081633,1.131
0.453829261177,0.469995678563,-0.124408603453,-1.47758334898,0.0721131699665,1.93858416864,0.142388000382,-0.0336909059543,-0.234075334252,-0.00322192700447,-0.351791855257,-0.0226411931791,0.134475302101,-0.0559218910138,0.573911462036,0.818902287119,0.0023291191709,0.0,0.81886241134,-0.573849663782,-0.0119021667339,0.0,-0.00841030923148,0.00873818628942,-0.999926452695,0.0,0.646830638689,0.241701565692,0.30355249234,1.0,-0.0473811428571,-0.0622723591837,1.149
0.453178333858,0.466082106488,-0.124405464926,-1.48343268406,0.0717309523655,1.94078917937,0.141412069974,-0.0411997612275,-0.244705079657,0.00208927164737,-0.376114556831,-0.0211805110062,0.132262607943,-0.0659034022241,0.573816045596,0.818968481001,0.0025533988151,0.0,0.818931620549,-0.573753505024,-0.0117755356138,0.0,-0.00817892846446,0.00884822066593,-0.999927404425,0.0,0.646093558493,0.24073087911,0.303660014818,1.0,-0.0503434285714,-0.0661656489796,1.165
0.452474502665,0.462019284838,-0.124420315428,-1.48977970151,0.071310326033,1.94296004217,0.140475777148,-0.045377766294,-0.25661340322,0.000145684946193,-0.402969657037,-0.0238072951031,0.136691185721,-0.0548240018782,0.573818517805,0.818967062989,0.00245056405753,0.0,0.818928679832,-0.573756165341,-0.01185018919,0.0,-0.00829904818259,0.0088068647446,-0.999926779786,0.0,0.645241259815,0.239651938943,0.303627962223,1.0,-0.0533057142857,-0.0700589387755,1.181
0.451636529207,0.457197316444,-0.124433399101,-1.49723887666,0.0707974057548,1.94556823558,0.13935342601,-0.0487290567461,-0.269194561955,0.000681799458136,-0.420954775959,-0.0331758962451,0.143382869299,-0.0686017870346,0.573799779341,0.818980317492,0.00240825458923,0.0,0.818941393069,-0.573737602458,-0.0118703472628,0.0,-0.00834003512741,0.00878359111961,-0.99992664348,0.0,0.6442457076,0.238382440712,0.30362244241,1.0,-0.0566382857143,-0.0744388897959,1.199
0.450771762865,0.452398059831,-0.124458292046,-1.50459427725,0.0702970172703,1.94821835982,0.138166092189,-0.0527292095723,-0.290723321623,-0.00222262696918,-0.431645145882,-0.0373271144452,0.160822969016,-0.0724188922002,0.573753486871,0.819012565552,0.00246995370405,0.0,0.818974577453,-0.573691220595,-0.0118225123762,0.0,-0.00826595458249,0.00880620653732,-0.9999270597,0.0,0.643282688199,0.23710686135,0.303649070856,1.0,-0.0597857142857,-0.0785755102041,1.216
0.449974858094,0.447908566733,-0.124512025537,-1.51131441211,0.0698432001875,1.95072166459,0.137142454858,-0.0553039486582,-0.302228599817,-0.000419557607519,-0.462769215957,-0.0318755931035,0.161804756206,-0.0756852570389,0.57380415992,0.818976416918,0.00267609661645,0.0,0.818941486514,-0.573741548476,-0.0116715088808,0.0,-0.008023457183,0.00888889802828,-0.999928303243,0.0,0.64235981869,0.235841837954,0.303748250943,1.0,-0.062748,-0.0824688,1.232
0.448962111102,0.442378766178,-0.124536087033,-1.51995062287,0.0692655654153,1.95360051964,0.13583501303,-0.0537333843471,-0.310162937573,-0.000491044202004,-0.491812859558,-0.0307904676281,0.161663132873,-0.083800955427,0.573790287324,0.818986750192,0.00248114581536,0.0,0.818948885044,-0.573727949856,-0.0118199044007,0.0,-0.00825700136366,0.00881424764294,-0.999927062824,0.0,0.641216592451,0.234423860697,0.303674409378,1.0,-0.0658954285714,-0.0866054204082,1.249
0.447933287787,0.436924128637,-0.124551950097,-1.5283915162,0.0686998766901,1.95650484266,0.134463792393,-0.0581636232199,-0.328807757416,-0.000807366738654,-0.493050274238,-0.031361585717,0.17726396443,-0.0817288262476,0.573737510283,0.819023943682,0.00240746153484,0.0,0.818984833904,-0.573675160189,-0.0118911445592,0.0,-0.00835819215125,0.00879423947544,-0.999926398279,0.0,0.640052781013,0.232942654389,0.303636982941,1.0,-0.0690428571429,-0.0907420408163,1.266
0.446893924884,0.431498407283,-0.124565786376,-1.53642433341,0.0681495704297,1.95950382253,0.133159114447,-0.0647674936935,-0.332233925314,-0.000269593612842,-0.50795365608,-0.0306999133811,0.179125469214,-0.0867288479109,0.573728093305,0.819029550367,0.00272350494889,0.0,0.818994848478,-0.573664895595,-0.0116949830796,0.0,-0.00801631188992,0.00894044899779,-0.999927900959,0.0,0.63900119011,0.231513628897,0.303773943727,1.0,-0.0720051428571,-0.0946353306122,1.282
0.445721384794,0.425656909364,-0.124647968832,-1.54550285341,0.0674825303202,1.96252056998,0.131686186999,-0.072506690019,-0.355910322649,-0.00971417175404,-0.541720107263,-0.0412132476971,0.181386082091,-0.0996235945712,0.573744562781,0.819018744588,0.00249391153718,0.0,0.81898125753,-0.573682409925,-0.0117872498369,0.0,-0.00822342370912,0.00880550684421,-0.999927416542,0.0,0.637731985927,0.229829557698,0.303693526276,1.0,-0.0751525714286,-0.0987719510204,1.299
0.44439958405,0.419161977745,-0.124750669683,-1.55545968661,0.066778499012,1.96581015705,0.130085144024,-0.0778417594551,-0.365455657993,-0.00465279436617,-0.555720217948,-0.0380822534007,0.193836535125,-0.0853164076907,0.573814313548,0.818970392344,0.00231882144174,0.0,0.818930632469,-0.573752827817,-0.0118768125717,0.0,-0.00839648915068,0.00871420673832,-0.999926778105,0.0,0.636330731933,0.227960389257,0.303654044032,1.0,-0.0784851428571,-0.103151902041,1.317
0.443166168815,0.413117868466,-0.124773582548,-1.56437292202,0.0661716064954,1.96909502512,0.128589840447,-0.0771567547271,-0.378612295051,-0.00187060985132,-0.565729360418,-0.0365686912631,0.212546196858,-0.101799521638,0.573818187739,0.818966638059,0.00266083960467,0.0,0.818931498873,-0.573755616047,-0.0116807580344,0.0,-0.00803963425868,0.0088818477755,-0.999928235956,0.0,0.635131158576,0.226327331332,0.303791958009,1.0,-0.0814474285714,-0.107045191837,1.333
0.441688454969,0.406209614305,-0.12480448006,-1.57492788147,0.0654263010739,1.97258207282,0.126843392849,-0.0842945164066,-0.3901505369,-0.00337538609469,-0.598553857279,-0.0404838921305,0.191288865444,-0.0951256500009,0.573840884568,0.818951192735,0.00251595252163,0.0,0.818913803223,-0.573778434374,-0.0117999169433,0.0,-0.00822011501874,0.00883179306417,-0.999927211921,0.0,0.633610059749,0.224352882639,0.303742094306,1.0,-0.08478,-0.111425142857,1.351
0.440320283501,0.399856727378,-0.124889208066,-1.58446837163,0.0647560224137,1.97588237045,0.12523703252,-0.0826485942689,-0.403796088871,-0.00357278132165,-0.595142338851,-0.0409744349443,0.222696725754,-0.100654299112,0.573902391957,0.818907860805,0.00258977196058,0.0,0.818871541235,-0.573839781141,-0.0117495292425,0.0,-0.00813582432223,0.00886394415185,-0.999927616809,0.0,0.632269475326,0.222529567665,0.303773855376,1.0,-0.0877422857143,-0.115318432653,1.367
0.438868807683,0.39329846605,-0.124914954206,-1.5942230181,0.0639992196741,1.97929149627,0.123555358089,-0.089303808782,-0.405784336098,-0.00258210135763,-0.62846973287,-0.0584835722524,0.208768742447,-0.108119785272,0.573899005669,0.818909883671,0.00269826250778,0.0,0.818875499795,-0.57383659318,-0.0116287172386,0.0,-0.00797466325311,0.00888342135347,-0.999928742247,0.0,0.630797885338,0.220542378368,0.303829261518,1.0,-0.0908897142857,-0.119455053061,1.384
0.437187574663,0.3857811406,-0.124971915807,-1.60571355781,0.0631385027414,1.98294138937,0.121554116587,-0.0934899553014,-0.423068217935,-0.0028512535144,-0.640019684166,-0.0456243553502,0.208634168724,-0.115953406481,0.573874740156,0.818927753859,0.00242146053144,0.0,0.818889471197,-0.57381299912,-0.0118077476695,0.0,-0.00828038617042,0.0087592453024,-0.999927352774,0.0,0.629166217288,0.218456888169,0.30373327615,1.0,-0.0940371428571,-0.123591673469,1.401
