position_joint1,position_joint2,position_joint3,position_joint4,position_joint5,position_joint6,position_joint7,velocity_joint1,velocity_joint2,velocity_joint3,velocity_joint4,velocity_joint5,velocity_joint6,velocity_joint7,ee_T_00,ee_T_10,ee_T_20,ee_T_30,ee_T_01,ee_T_11,ee_T_21,ee_T_31,ee_T_02,ee_T_12,ee_T_22,ee_T_32,ee_T_03,ee_T_13,ee_T_23,ee_T_33,v_x,v_y,w_z,time
0.4650767899517311,0.5472347469266416,-0.12401051756550714,-1.3555409089071484,0.07944692151938797,1.894195070794563,0.15912918115332664,-0.0008830329268153774,-0.00021694723327840082,-0.0004494241643374684,-0.0009232569263830635,1.1810508686022785e-05,0.0001778481738880383,0.0020639802352458506,0.5737634035927965,0.8190048664803679,0.002707818364015289,0.0,0.8189725436978508,-0.5737031470565245,-0.011376230822198337,0.0,-0.007763853966738732,0.00874506217959728,-0.9999316208916778,0.0,0.6617845308572754,0.2609195805285282,0.30374941237435765,1.0,5e-324,6.94274582888013e-310,6.94253362930113e-310,0.0
0.46507373121585993,0.5472366597404479,-0.12401302029450989,-1.3555325975857393,0.07944695705490712,1.8941966097534755,0.15912589668231716,0.0012400529576252451,0.0012925222887449365,0.0014845590139889646,-0.000438051680701339,-7.450824614157468e-05,-0.0005434448044056427,-0.00011033016748564862,0.5737568758756214,0.8190094592805273,0.0027018319106320984,0.0,0.8189770952621015,-0.573696679119106,-0.011374739775859153,0.0,-0.007766137000818407,0.008739241865238084,-0.9999316540482681,0.0,0.6617844747928288,0.26092042831038886,0.30374688282710294,1.0,-0.00028000000000000014,-0.0003680000000000002,-0.00014000000000000007,0.015000000000000006
0.4650756022605061,0.5472459297309865,-0.12401526939313229,-1.3555409028202863,0.0794476691315157,1.8941936899934646,0.15912224090133656,0.0011105310789132192,-0.0022926037977980393,-0.00048380720686482117,-0.000432076677978163,5.7020597668981586e-05,0.00023459833932283551,-0.0005564891624716779,0.5737585928524559,0.8190082442930882,0.0027055145779303034,0.0,0.8189759126478885,-0.5736983674959806,-0.011374732357879504,0.0,-0.007763999762189944,0.008742270018161177,-0.9999316441750519,0.0,0.6617867116645993,0.26091703271081756,0.3037474453707569,1.0,-0.0006000000000000004,-0.0007885714285714292,-0.0003000000000000002,0.03100000000000002
0.46507860812664115,0.5471992622376013,-0.12401344689671796,-1.3555655461358787,0.07944301493432297,1.8941993004973139,0.15912461978884018,0.001780353689973408,-0.0021337295300103247,-0.0006378562316932321,0.0019710645339965516,0.0002021037857817571,-0.0003439722107751676,-0.0009432039592280906,0.5737639257530174,0.8190044575474731,0.0027208313184971,0.0,0.8189723280264087,-0.5737036578078325,-0.011365995166567111,0.0,-0.0077479989991718345,0.008749852027701621,-0.9999317019681906,0.0,0.661780518510691,0.2609147376672244,0.3037651002876415,1.0,-0.0009400000000000007,-0.0012354285714285726,-0.00047000000000000037,0.048000000000000036
0.4650777712103319,0.5470901882668395,-0.1240084182644965,-1.355690146942697,0.07944323816338812,1.8942147716826918,0.15912599230483118,0.0007316080546454354,-0.00907320074069192,0.0011777462540925616,-0.0063910921184103485,0.00011792297360379219,0.001024109667555305,0.0014123653410233075,0.5737655640761593,0.8190032903669201,0.002726673749023683,0.0,0.8189711163050263,-0.5737051425456864,-0.011378355590395874,0.0,-0.00775475321866953,0.008761744348349684,-0.999931545476235,0.0,0.661757525391152,0.2609063620537159,0.303782406711219,1.0,-0.001240000000000001,-0.0016297142857142875,-0.0006200000000000005,0.06300000000000004
0.4650687250633713,0.5469620718960809,-0.12401092688138017,-1.3558637137419913,0.07943980951696379,1.894250779382429,0.15912380835646597,-0.001848143018369594,-0.010051272560339053,-0.0003502419695403583,-0.00780742471533423,1.6958146575089274e-05,-2.2728332851903527e-05,0.0006828787579402072,0.5737815322108424,0.8189921148593816,0.002723232113395576,0.0,0.818959817250442,-0.5737210299735777,-0.011390539775972701,0.0,-0.007766536257449275,0.008766067813252745,-0.9999314161329542,0.0,0.6617314262986096,0.26088188771396137,0.30379373528119435,1.0,-0.001560000000000001,-0.002050285714285716,-0.0007800000000000005,0.07900000000000006
0.4650496585380985,0.5468148676752008,-0.1240162165947734,-1.3560621802468276,0.0794348816425283,1.894325177689698,0.15911877041724,0.00029567557818147814,-0.011508313424830302,-0.0007018843215967521,-0.009430506540383679,-1.7279023435895594e-05,0.00032975514999009406,-0.0013511069923836498,0.5738124693943522,0.8189703357800934,0.002754265964844461,0.0,0.8189383800642248,-0.5737518014061517,-0.01138186901117648,0.0,-0.007741297070964381,0.008786801644302122,-0.9999314298673297,0.0,0.6617093959021335,0.26084995353827223,0.3038147232255167,1.0,-0.0019000000000000015,-0.0024971428571428597,-0.0009500000000000008,0.09600000000000007
0.4650275186689301,0.5466200707141569,-0.12401126281556647,-1.3562782444877497,0.07943450498639597,1.8944485734747876,0.15912205761972692,-0.002227071766270951,-0.012774090375194912,-0.004478853553064692,-0.012066765929023806,0.00029498998123028664,0.0011265330928775087,0.0011092529192815968,0.5738359733557914,0.818953573548531,0.002840238741768965,0.0,0.8189226853011635,-0.5737749951468597,-0.01134184043974664,0.0,-0.007658930246614015,0.008834462076465086,-0.9999316441973907,0.0,0.6616959660613191,0.26082228788043443,0.30385584393002874,1.0,-0.002220000000000002,-0.0029177142857142887,-0.001110000000000001,0.11200000000000009
0.4649984243076524,0.5463972179089728,-0.12400615234920712,-1.3565594388663684,0.07942304686751549,1.8945903376458648,0.15910948339624192,-0.001144478935731344,-0.008426584452161554,0.0006200028867836494,-0.017273007068090377,-0.0004931022398063529,0.0021165216858756047,-0.0001717438470461773,0.5738587589915876,0.8189373452495092,0.0029148216976977942,0.0,0.8189073994535581,-0.5737975370917054,-0.011305062976898934,0.0,-0.007585766800497329,0.008874649331077816,-0.999931846048169,0.0,0.6616726817716445,0.26078331536255345,0.3038919559614746,1.0,-0.002580000000000002,-0.003390857142857146,-0.001290000000000001,0.1300000000000001
0.4649597215696863,0.5460959442470146,-0.12400816152387996,-1.3570074395542628,0.07940306461506641,1.894754809832456,0.1591077989683317,0.0006501642143509029,-0.016575338459510175,0.00014051438776370009,-0.02274404135669792,5.359746549194345e-06,0.003800384217766465,-0.0019204648051964442,0.5739077456128368,0.8189029052824334,0.00294586944542381,0.0,0.8188733407447419,-0.5738464062764744,-0.011291621775877201,0.0,-0.007556410767323163,0.00889281436611207,-0.9999319069361499,0.0,0.6616315081623084,0.26072004399493304,0.3039154212119317,1.0,-0.002960000000000002,-0.0038902857142857176,-0.001480000000000001,0.1490000000000001
0.46492820120200956,0.5458770199047779,-0.12400910850061789,-1.3573694624999515,0.07938336915604177,1.8948785148892913,0.15909493103851108,-0.003742767576022264,-0.015320685537308006,-0.00016979490881999102,-0.02789235112476289,-0.0002464752871171267,0.014076210880174297,-0.0021405852278966082,0.5739371977372123,0.8188823531298934,0.0029209052043375075,0.0,0.8188524782703017,-0.5738759397947721,-0.011303603693524764,0.0,-0.0075802303151337735,0.008879520051834747,-0.9999318447934431,0.0,0.6615854976047114,0.2606589243332063,0.30390425387383424,1.0,-0.0032600000000000025,-0.004284571428571433,-0.0016300000000000012,0.16400000000000012
0.46488912286300216,0.5456239589147048,-0.12400903295192497,-1.357753253427199,0.07935323968182272,1.8950096739099254,0.15908375907830738,-0.001360961012627509,-0.022713836796410238,-0.0013474813428944732,-0.02418473765922993,-0.0008745068158231198,0.011851255291422497,0.0008024565406269562,0.5739773280228904,0.8188542519558512,0.0029133950530156657,0.0,0.8188242607787704,-0.57391606396265,-0.011310543175637625,0.0,-0.007589788276649578,0.008877724824795222,-0.9999317882315026,0.0,0.6615358808716367,0.260594937745173,0.30390760687044494,1.0,-0.003560000000000003,-0.004678857142857147,-0.0017800000000000014,0.17900000000000013
0.4648380653689231,0.5453391999828688,-0.12401161741841236,-1.358255190401241,0.07931714966939964,1.895172611488019,0.15905670956690207,-0.0001728558626386483,-0.014498667546424137,-0.0003598377781614282,-0.03451387231215588,-0.0035094931098224786,0.011692894995917745,-0.0007284625504584366,0.574017227202836,0.8188264623533857,0.0028625732157169376,0.0,0.8187958450959317,-0.5739561407193966,-0.011333996882991535,0.0,-0.007637732146616227,0.008849942908037436,-0.999931669444558,0.0,0.6614765916358952,0.2605090417628969,0.3038844404549994,1.0,-0.003880000000000003,-0.005099428571428576,-0.0019400000000000014,0.19500000000000015
0.4647840831205259,0.5449597987551881,-0.1240148128338684,-1.3588593225386012,0.07928541495629811,1.8953606710994912,0.1589382553560505,-0.0015378390352495481,-0.02295077827400395,-0.00025345298759226034,-0.03426003011058194,-0.006397955576554902,0.011119329703467403,-0.007600727413098073,0.5739917934369072,0.818844388860189,0.0028345723618830396,0.0,0.818813336172679,-0.5739307075568582,-0.011358271446833644,0.0,-0.007673956467556031,0.0088407104614395,-0.9999314737674134,0.0,0.6614019355346218,0.26041238025679797,0.303881816289137,1.0,-0.004220000000000003,-0.00554628571428572,-0.0021100000000000016,0.21200000000000016
0.4647198480611389,0.5446040076244096,-0.12401552256675533,-1.3594910310102213,0.07926347422495306,1.8955751814637924,0.1589169340724039,-0.0038650896550995904,-0.025911246573043566,0.0002496078661807033,-0.04071104883924507,0.00020300227735746884,0.012488098961628396,-0.0020599150333172086,0.5740580966549689,0.8187980621750177,0.002789613686234562,0.0,0.8187662914957461,-0.5739969810365735,-0.011400551408188023,0.0,-0.007733668463676957,0.008828790476360801,-0.9999311190431164,0.0,0.6613238604153161,0.2602998766477405,0.3038528195576413,1.0,-0.004560000000000003,-0.005993142857142863,-0.0022800000000000016,0.22900000000000018
0.46464775146869247,0.5441853633482584,-0.1240236125166235,-1.3602164217381962,0.07922011676827254,1.8958071143528015,0.15890360744417611,-0.008760717594569218,-0.031290398026075444,-0.000551579008371125,-0.043615612884162075,-0.002971186234551281,0.01752798418667459,-0.00026299808661610157,0.5741394762829595,0.8187412255873154,0.002722902590686113,0.0,0.8187085645859538,-0.5740785258120245,-0.01144025245825821,0.0,-0.0078035966569292015,0.008797733610091563,-0.9999308494903747,0.0,0.6612407100144579,0.2601859392041013,0.3038228723639795,1.0,-0.004880000000000004,-0.0064137142857142925,-0.002440000000000002,0.2450000000000002
0.4645853785158079,0.5437236085846974,-0.12402690788890444,-1.3609610414895448,0.07918342947862161,1.896057814618487,0.15884670968086714,-0.0050266165835572835,-0.027669281873028174,-0.0019412719279295362,-0.04182996774990687,-0.00019805076078434667,0.017133825960234342,-0.01186621744156575,0.5741778991785103,0.8187143593021923,0.0026990495663194707,0.0,0.8186813029683333,-0.5741169218108672,-0.011464343055525116,0.0,-0.00783660312958867,0.008792403107819383,-0.9999306382439628,0.0,0.6611506755678636,0.2600715427228527,0.30381698949325725,1.0,-0.005220000000000003,-0.006860571428571434,-0.0026100000000000016,0.2620000000000002
0.4645198775356134,0.5432275967193545,-0.12403607285533708,-1.3617587176710737,0.07914645882163002,1.8963496232462032,0.1587824979016796,-0.006924992748346762,-0.0350793066763401,-0.0005246301794410502,-0.048419276423510904,0.00041785451202945166,0.01836393525210593,-0.0009467411459593502,0.5742199830108898,0.8186848619822737,0.002693468627490059,0.0,0.8186516752154014,-0.5741589529704616,-0.011475116212410666,0.0,-0.007848175907275545,0.008794422960467355,-0.9999305297168004,0.0,0.6610596116329386,0.2599485794538757,0.30381380773896816,1.0,-0.005560000000000004,-0.007307428571428578,-0.002780000000000002,0.2790000000000002
0.4644556515924438,0.5427181961809121,-0.12403390105834763,-1.3626068076418987,0.07909613150970682,1.896640687287546,0.15873422580853508,-0.00019444278858741582,-0.031435791107844786,0.00045208224225204083,-0.05197810318290324,-0.0004885054996732383,0.009570797857191208,-0.007164298136484468,0.5742652607856992,0.8186532353549931,0.0026528095942901526,0.0,0.818619472266008,-0.5742043006192052,-0.011503376832059655,0.0,-0.007894173970619311,0.008777800286335027,-0.9999303136916367,0.0,0.6609548491949438,0.2598250118723471,0.3037955789638771,1.0,-0.005900000000000004,-0.007754285714285721,-0.002950000000000002,0.2960000000000002
0.46438577510169915,0.5421548241401448,-0.12403656873222357,-1.3635061669491433,0.07902496073941859,1.8969533077813079,0.1586722974698667,-0.002232638221469431,-0.03416277139157503,-0.00043930329743008603,-0.05146302658455789,-0.0007544431718927563,0.023457076646808583,-0.004670507942611805,0.5743045785062881,0.818625751532979,0.0026223910822807386,0.0,0.818591719117119,-0.5742438508959579,-0.011504086329157226,0.0,-0.007911801689962195,0.008753685610182069,-0.9999303857680577,0.0,0.6608476050630829,0.2596876247994757,0.30379305232745873,1.0,-0.006240000000000004,-0.008201142857142863,-0.003120000000000002,0.3130000000000002
0.46431111150747145,0.5415904214787611,-0.12403693188766007,-1.3643837314260423,0.07898326989805698,1.897269084969727,0.15858270645554093,-0.002296305741441832,-0.033836810516238984,0.0006246567651781432,-0.054966778166052235,-0.00037097909972844134,0.016529021807089764,-0.00890307481554411,0.574330184278284,0.8186077611448537,0.0026305363504338314,0.0,0.8185737251347256,-0.5742693060754258,-0.011513796937419909,0.0,-0.007914799633067182,0.008766177832375877,-0.9999302526041401,0.0,0.6607449690865197,0.2595559994688587,0.3038018124861015,1.0,-0.006560000000000005,-0.008621714285714293,-0.0032800000000000025,0.32900000000000024
0.46423047215952395,0.540973421254924,-0.12403717999774475,-1.3653564825677507,0.07893183291925335,1.8976173018101883,0.15853445256206203,-0.006645710448548736,-0.03564708826116615,-0.0002301524087799937,-0.06143786137994223,-0.0002707439307200102,0.01809758194323624,0.0006505188437394165,0.5743970660371751,0.8185608443111748,0.0026270876783721147,0.0,0.8185266869068113,-0.5743361059380497,-0.01152593330211437,0.0,-0.007925998988140392,0.008770972514066666,-0.9999301218491208,0.0,0.6606301616993305,0.2594105166657209,0.3038051731085773,1.0,-0.006900000000000005,-0.009068571428571436,-0.0034500000000000025,0.34600000000000025
0.4641297787317147,0.5402926705183301,-0.12404284299711493,-1.366371148534821,0.07886305642845412,1.8980057552037919,0.15846269473559013,-0.011488187588110342,-0.04026492830595357,-0.0009420687742115804,-0.06155504383223638,-0.0013496792106028504,0.020950660592531284,-0.003155578856665224,0.5744626111685092,0.8185147165338196,0.0026672248176133435,0.0,0.8184811839438575,-0.57440162859589,-0.01149206236752916,0.0,-0.007874515500903456,0.008785002620450136,-0.9999304054455913,0.0,0.660522616065194,0.25924444134589897,0.30383719752883764,1.0,-0.007240000000000005,-0.00951542857142858,-0.0036200000000000026,0.36300000000000027
0.4640471203312776,0.5396407060345614,-0.1240466135327479,-1.3673791293389164,0.07881252340744209,1.898373878905972,0.158368338164264,-0.008600769423722125,-0.03930885638201718,0.0018642683017587164,-0.06557037496293361,-0.0004068326480810982,0.019667387280322832,-0.006369888782516744,0.5745004217868249,0.8184881187059488,0.0026854804346765453,0.0,0.8184547093531894,-0.5744392491390352,-0.011497159970010957,0.0,-0.007867794949275808,0.008803236850347576,-0.9999302979826109,0.0,0.6603967826733996,0.25908572823437603,0.303852352936818,1.0,-0.007580000000000006,-0.009962285714285724,-0.003790000000000003,0.3800000000000003
0.46394148895269405,0.5388897120648575,-0.12404919304942924,-1.3685446233064884,0.07874203639062684,1.898795716084344,0.15830863831975484,-0.00765245210851956,-0.04568788036856546,-0.0009446047783340317,-0.06300897786103252,-0.001386710864523767,0.024537570780198387,-0.003132339632455512,0.57458289076938,0.8184302240323725,0.002686433813041576,0.0,0.8183968590556292,-0.5745217406332025,-0.011493368909261316,0.0,-0.007863257252997635,0.008802631605152267,-0.9999303390047715,0.0,0.6602718877167133,0.2589108562497082,0.30386261065136466,1.0,-0.007900000000000006,-0.010382857142857152,-0.003950000000000003,0.3960000000000003
0.46383549177581923,0.5381469040731338,-0.12404994365469625,-1.3697110756070605,0.07867669558409471,1.899253601883265,0.1581967126766759,-0.009135537660949917,-0.042386281960358665,0.0024757063911991922,-0.06781913116351546,-0.006251132937866354,0.029958720319603834,-0.0027772337684568637,0.5746280510784494,0.8183983890983547,0.002725167189246206,0.0,0.818365510853162,-0.57456675477622,-0.011475271376953726,0.0,-0.00782570381026615,0.008824365562304856,-0.999930442046994,0.0,0.6601370935509099,0.2587248435399853,0.3038755054609663,1.0,-0.008260000000000007,-0.010856000000000011,-0.0041300000000000035,0.4140000000000003
0.4637355180147544,0.537313791896272,-0.124061292814307,-1.3710263105900935,0.07860532751564978,1.8997555960743937,0.15813909322154604,-0.0039220662271040796,-0.04945222622947772,1.9835495144994757e-05,-0.07473725257567457,-0.0003064448817165631,0.02907937547249837,-0.0035648436662379405,0.5747218731485277,0.8183324822987174,0.002732003051816305,0.0,0.8182996942095799,-0.5746605453253298,-0.011472358262835493,0.0,-0.007818379579493606,0.008829182481251294,-0.9999304568206049,0.0,0.6599941663055054,0.2585369756711021,0.3038779438712251,1.0,-0.008600000000000007,-0.011302857142857154,-0.0043000000000000035,0.4310000000000003
0.46362165509770314,0.5365468162473394,-0.12406172050270159,-1.3722336097987329,0.07852810468972761,1.9001919676634256,0.1580130465532168,-0.005710505697219477,-0.04923379397948854,0.00038109161038845366,-0.07436341357870012,-0.0041781495749921484,0.02582289238391063,-0.0120533566547276,0.5747579491221485,0.8183071659219513,0.0027256233955079675,0.0,0.8182743103784328,-0.5746966541233319,-0.011474128086973883,0.0,-0.007823105209495862,0.008825323846376423,-0.9999304539236155,0.0,0.6598554466225506,0.2583454646251335,0.3038825648310949,1.0,-0.008920000000000008,-0.011723428571428584,-0.004460000000000004,0.44700000000000034
0.4635065997617555,0.5356985671177653,-0.12407482367216173,-1.3735851285251353,0.07844108212715813,1.9006881376017584,0.157919348136047,-0.003798268359751413,-0.055135394005275846,0.0006237151184043255,-0.0773052380657614,-0.0051512278798342935,0.024575407441033596,-0.0043232776092644205,0.5748356340583131,0.8182526428199164,0.002711685123212782,0.0,0.818219697849223,-0.5747744762068157,-0.011470590826765591,0.0,-0.007827384563782624,0.00881262820350602,-0.9999305324046452,0.0,0.6597008244552766,0.2581322466332831,0.3038813618081374,1.0,-0.009260000000000008,-0.012170285714285727,-0.004630000000000004,0.46400000000000036
0.4633894921610266,0.534805573011487,-0.12408123799186828,-1.3749736038273737,0.07838436494802374,1.9011876066780136,0.15784278405733201,-0.011954884713427791,-0.05359223354470816,-0.0010433321653369803,-0.08479850422987666,-0.004493350840435321,0.032750964474918536,-0.002072445561957798,0.5749342697278865,0.8181832880277669,0.0027275604012670773,0.0,0.818150330001642,-0.5748728026353482,-0.011491092619621604,0.0,-0.007833970478527519,0.008838347551612322,-0.9999302538272848,0.0,0.6595364474935377,0.2579228853476612,0.3038940939532543,1.0,-0.009600000000000008,-0.01261714285714287,-0.004800000000000004,0.48100000000000037
0.4632673253837766,0.5339185556785266,-0.12409008789396714,-1.3764231465934738,0.07829408559023013,1.9017151987798635,0.1577196284557404,-0.006885026039289937,-0.05295918553878687,-8.7850055634706e-05,-0.08826611492661496,-0.004414754794622189,0.028513336851051292,-0.004891131863338131,0.5749949487906657,0.8181407629752606,0.0026921598552825388,0.0,0.8181073835341307,-0.5749336295488574,-0.01150554309557065,0.0,-0.007865492004826169,0.008818274797423156,-0.9999301835953944,0.0,0.659366720265405,0.25769796184013954,0.3038758391500516,1.0,-0.009940000000000008,-0.013064000000000013,-0.004970000000000004,0.4980000000000004
0.4631519128261997,0.5330523119933863,-0.12409080970777026,-1.3778194982777352,0.0782130388564058,1.902233259854132,0.15762120588262604,-0.00529348339036732,-0.052913190603311455,-0.000704632546143411,-0.08479702406622615,-0.003571543067156375,0.03827024196065748,-0.0005238792602518768,0.5750640791402626,0.8180922089222027,0.002681321420755796,0.0,0.818058654810248,-0.5750027479988935,-0.011516248737192137,0.0,-0.0078797378920763,0.008816228909507132,-0.999930089475543,0.0,0.6592024479044041,0.25748911198888547,0.30386700133684624,1.0,-0.010260000000000007,-0.01348457142857144,-0.0051300000000000035,0.5140000000000003
0.46302653378306263,0.532102840725537,-0.12409141802750967,-1.3793230129944334,0.07812755647472829,1.9028114935532734,0.15751656321020277,-0.007971460256052573,-0.06231891761633778,0.0006450318684722966,-0.09044254472378777,-0.0081231838678523,0.03265229146673491,-0.00937017955921302,0.5751408090627638,0.8180381996948932,0.002701942222836079,0.0,0.8180048876792015,-0.5750793734668139,-0.011509337390209234,0.0,-0.007861397753983368,0.008829861565085043,-0.9999301135429891,0.0,0.6590298513456793,0.2572655041189385,0.3038708732055794,1.0,-0.010600000000000007,-0.013931428571428582,-0.0053000000000000035,0.5310000000000004
0.4628954884733923,0.53113209967235,-0.12408900444818513,-1.3808902235510263,0.07803433367447715,1.9033896209697119,0.15739810154647924,-0.007093129408420737,-0.060442415385539815,0.00046809151841176145,-0.0993640844778437,-0.00950433156054903,0.040726904299067855,-0.005813206303654437,0.5752098523947498,0.8179897071464463,0.002685444411968825,0.0,0.8179561405684463,-0.5751484158776773,-0.01152383273821558,0.0,-0.00788199922017574,0.008825367790973898,-0.999929991035196,0.0,0.6588437392178419,0.25703141547831904,0.3038590976965922,1.0,-0.010940000000000007,-0.014378285714285725,-0.0054700000000000035,0.5480000000000004
0.46275810447452576,0.5301088978436113,-0.12409151006627833,-1.3825209870846318,0.07792698717208127,1.9039657916543256,0.15727776589530623,-0.010219910264518389,-0.06352683036367279,0.00021255541908493612,-0.09870033345941588,-0.01055332018254913,0.03651045790630469,-0.0074456096494147,0.5752852679723747,0.8179367777986043,0.0026523347446902566,0.0,0.8179028166581378,-0.5752239688756821,-0.011537548907854845,0.0,-0.007911451378711909,0.008806903533785881,-0.999929921238098,0.0,0.6586468707041943,0.25678106589402944,0.3038537760028458,1.0,-0.011280000000000009,-0.014825142857142872,-0.005640000000000004,0.5650000000000004
0.46261999118419866,0.5290741371892604,-0.1240999654248822,-1.3841638679189505,0.07783087017379647,1.9045638285207755,0.1571659232701725,-0.0129299823666362,-0.054753276538540695,0.0016382241023202605,-0.09836887819699704,-0.003969682801188537,0.03954054079559379,-0.0016889543282065872,0.5753760398590905,0.8178729610513172,0.0026418248293780776,0.0,0.81783884854189,-0.5753147472101351,-0.011545837320086622,0.0,-0.007923299920985172,0.00880395463400499,-0.9999298533903088,0.0,0.6584523007101529,0.2565287997182334,0.303852707620399,1.0,-0.011620000000000009,-0.015272000000000015,-0.005810000000000004,0.5820000000000004
0.4624718582737411,0.5279963630589568,-0.12410038199471622,-1.3858609958456947,0.07772653566595554,1.9052004396706774,0.15704594645709352,-0.007329205946667225,-0.06335609862957739,-0.0007257764143759082,-0.10271049884413987,-0.005317922566392457,0.0426237481861458,-0.0058544494295152075,0.575463293007233,0.8178115341510955,0.00265328323243098,0.0,0.8177775829014091,-0.5754019658656019,-0.0115390416906272,0.0,-0.007910209295747317,0.008810260102814452,-0.999929901496009,0.0,0.6582545834449804,0.25627004869269104,0.30385893420553434,1.0,-0.011960000000000009,-0.015718857142857156,-0.005980000000000004,0.5990000000000004
0.4623367266606056,0.5269395189755297,-0.12410347909734433,-1.3875018667189574,0.07761574234596857,1.9058299640515761,0.15691648809634248,-0.010689433932581162,-0.06646100818735878,-0.0005759707125744207,-0.10202947316574644,-0.006298169186277996,0.042426936426770874,-0.008820909339269427,0.5755290736714362,0.8177651465405738,0.00268279026028827,0.0,0.8177317015262531,-0.5754677805532631,-0.011508464940579284,0.0,-0.00786751363582916,0.00881742857383877,-0.9999301751535131,0.0,0.6580652133449507,0.25602320424056835,0.3038763997222397,1.0,-0.01228000000000001,-0.016139428571428586,-0.006140000000000005,0.6150000000000004
0.4621964564367552,0.5258415799943682,-0.12410958077561775,-1.3891947829269466,0.07751706395720183,1.9064679755584006,0.15680957990415748,-0.007515779538574837,-0.06960923667586236,-0.0009617814863131021,-0.10893887898330953,-0.00025163369374624277,0.040433455076768834,-0.011133885580658927,0.5756254567084946,0.817697188176258,0.0027182602867237343,0.0,0.8176642014623494,-0.5755640363876358,-0.011490890536376776,0.0,-0.007831686802897198,0.008837243384019922,-0.99993028147526,0.0,0.6578672725305297,0.2557681435712918,0.3038986025457593,1.0,-0.012600000000000009,-0.016560000000000016,-0.006300000000000004,0.6310000000000004
0.4620300752167138,0.5246278706292778,-0.12411824502776435,-1.3911227278956024,0.07738481786321766,1.9071688255175983,0.15666715852942864,-0.007944796412494386,-0.06856745053190658,-0.002194069914160108,-0.10581158061272802,-0.0023397706754385316,0.03778579195282456,-0.01142433157991782,0.5757191861623158,0.8176312770566956,0.002694506345536922,0.0,0.8175981139508225,-0.575657977781586,-0.011487540279862457,0.0,-0.007841609130548044,0.008816790397605273,-0.9999303842634887,0.0,0.6576383203755712,0.25546695136094233,0.30389557984880317,1.0,-0.01296000000000001,-0.01703314285714287,-0.006480000000000005,0.6490000000000005
0.46187266648435915,0.5234420329218396,-0.12412240672410992,-1.393019490901355,0.07727176120451158,1.9078402362444384,0.1565232822718892,-0.011236929358139674,-0.06549421528424162,0.0010373727294492921,-0.10542148617884414,-0.008469645422063162,0.03723976121986358,-0.003531331333398958,0.5758044160383979,0.8175713711666025,0.002659778308315812,0.0,0.8175377014115566,-0.5757432451738816,-0.011513874611283607,0.0,-0.0078822166158099,0.008804378402901533,-0.9999301743532696,0.0,0.6574050739997265,0.2551787591745478,0.3038848111448821,1.0,-0.01330000000000001,-0.017480000000000016,-0.006650000000000005,0.6660000000000005
0.46171675245730137,0.522295632958495,-0.12412768992132014,-1.3948406819080392,0.07715621928297446,1.9085370849126073,0.15638992580657898,-0.012797175153143995,-0.07703491768683068,-0.0007702984681145228,-0.1189520613936758,-0.004314903655147561,0.044470674780264584,-0.01116831505653096,0.5758931246204758,0.8175088500346411,0.002671335080530843,0.0,0.8174754060651993,-0.5758319904348167,-0.01149896393694822,0.0,-0.007862415964015101,0.008806094545848728,-0.9999303151290386,0.0,0.657193058250593,0.2549006790668633,0.3038842271275952,1.0,-0.01362000000000001,-0.017900571428571446,-0.006810000000000005,0.6820000000000005
0.46155778602128855,0.521078441238871,-0.12413339187412993,-1.396816087539031,0.07704501769544597,1.9093058940092142,0.15624330525508962,-0.0073209916700926,-0.0714642430528305,-0.0011455572593509484,-0.1211705063043145,-0.002941274611585451,0.03980427442599929,-0.005563967416433004,0.5759897525362585,0.817440719366189,0.002687414466635683,0.0,0.8174074476048596,-0.5759285141962056,-0.011496000916324842,0.0,-0.00784969176896716,0.00881846110548247,-0.9999303061128128,0.0,0.6569466690471993,0.25459645122801344,0.303870010470373,1.0,-0.01398000000000001,-0.018373714285714302,-0.006990000000000005,0.7000000000000005
0.46139468122229077,0.5198108107736618,-0.12413766055692664,-1.3988537882923513,0.07691364310163229,1.9100611141863928,0.15609934577008508,-0.00978782049144564,-0.0734201643234426,-0.0029746330539139666,-0.12312251274886701,-0.00455613067217803,0.04551296951292333,-0.006849371803546995,0.576075002189224,0.8173807389968467,0.002658245824273835,0.0,0.8173471630921623,-0.5760139296060746,-0.011502816445143916,0.0,-0.007871145527320378,0.008799364107116764,-0.9999303057010513,0.0,0.6567139460514789,0.25430375522103377,0.30385187343243114,1.0,-0.01430000000000001,-0.018794285714285732,-0.007150000000000005,0.7160000000000005
0.4612239504967494,0.5184638577568598,-0.12413943690678793,-1.4009165767732996,0.07677553233348902,1.9108005827332835,0.15594833092839333,-0.007511598668335052,-0.07847565489340402,0.0011577347936120328,-0.11538895330480856,-0.014658652183629849,0.04317178729025457,-0.01417541262034102,0.5761643800144133,0.8173176987232111,0.002670853348529771,0.0,0.8172843499423142,-0.5761033272315603,-0.011488889994373166,0.0,-0.00785153679686329,0.008802505298910301,-0.9999304322153566,0.0,0.6564609233497721,0.25399136456734744,0.30387962297712184,1.0,-0.01464000000000001,-0.019241142857142873,-0.007320000000000005,0.7330000000000005
0.46104709300937746,0.5171123999961645,-0.12414513988293491,-1.4030388284605215,0.07663404041188923,1.9115684133589175,0.15578513802343089,-0.015230631600962706,-0.08398607857653233,0.0001336097519000361,-0.12647283286646763,-0.005044063436529629,0.04248084312627659,-0.008419977409425043,0.5762536262548003,0.8172548167072988,0.0026588903927574495,0.0,0.8172213949855035,-0.5761926924962557,-0.011485625497618342,0.0,-0.007854800775624782,0.008791704726249627,-0.9999305016013772,0.0,0.6562015014919814,0.2536670972158716,0.3038844344472274,1.0,-0.01498000000000001,-0.019688000000000018,-0.007490000000000005,0.7500000000000006
0.4608826017507695,0.5158571015152992,-0.12415407892857087,-1.4050355870253233,0.07651083155796205,1.9123168637570085,0.1556338232462868,-0.009458763360528361,-0.08147086889213791,-0.0006021087816937063,-0.12073021612302172,-0.012179009250844376,0.04619387166268426,-0.011930616678908297,0.5763430430699641,0.8171917603349779,0.002659031154672603,0.0,0.817158382003419,-0.5762821442804043,-0.01148110649467438,0.0,-0.00785006458952231,0.008790074687176241,-0.9999305531250328,0.0,0.6559612743759253,0.25336433678945236,0.30387960645810713,1.0,-0.015300000000000012,-0.020108571428571448,-0.007650000000000006,0.7660000000000006
0.4606976416229508,0.5144708231385672,-0.1241515766816523,-1.4072271613857175,0.07637978965049978,1.9131459445617114,0.1554572884969503,-0.007344540369729275,-0.07666955959799003,0.0009546108903019607,-0.1326298598700039,-0.013637532670402273,0.04859732739208167,-0.009582633352410394,0.5764283616745465,0.8171315182291857,0.0026781849959959404,0.0,0.8170983527576059,-0.5763673518277145,-0.011476261112537219,0.0,-0.00783414710424335,0.00880375243937298,-0.9999305576299463,0.0,0.6556966591723272,0.25303766513510645,0.3038801272764675,1.0,-0.01564000000000001,-0.02055542857142859,-0.007820000000000006,0.7830000000000006
0.46050816752651674,0.5130790922272058,-0.12415443109696561,-1.4094900174073497,0.07624700237806148,1.9139489394640903,0.1552898515775412,-0.010534389359810329,-0.08261725529368735,-0.001029490766305583,-0.13744175857467342,-0.011608687867385399,0.05191781948208324,-0.014432927052385,0.5765313085704918,0.8170590746728669,0.0026202354709823107,0.0,0.8170250543777989,-0.5764703560778585,-0.011521110347110253,0.0,-0.007903091843456889,0.008783247957507082,-0.9999301954109752,0.0,0.6554116390568696,0.2526945944850283,0.3038480478885534,1.0,-0.01598000000000001,-0.021002285714285734,-0.007990000000000006,0.8000000000000006
0.4603132129938016,0.5116708471059902,-0.1241547304254011,-1.4117664552276605,0.0761128669345646,1.914757419021644,0.15510838575131689,-0.010248212086413374,-0.07849264984987399,0.000629306019942063,-0.13527972416647632,-0.008194446600833719,0.04922712032494313,-0.005834018877727881,0.5766254037581333,0.8169928303617425,0.0025701711007332113,0.0,0.8169580471975255,-0.5765644789207706,-0.01156277074210231,0.0,-0.00796498478462171,0.008767278108417473,-0.9999298444650757,0.0,0.6551249029578831,0.2523482533158789,0.3038210202803722,1.0,-0.01632000000000001,-0.021449142857142875,-0.008160000000000006,0.8170000000000006
0.4601182751662397,0.5102068837937429,-0.1241576617045773,-1.414094312638124,0.07596708093075535,1.91563788185728,0.15493180399270176,-0.012074645834865012,-0.08652571094204821,0.00024046725900064739,-0.13718676137358274,-0.00901232731018015,0.04927867991110365,-0.011781296043463969,0.5767199549537779,0.8169260645264256,0.00257789772623425,0.0,0.8168914287380601,-0.5766590445655888,-0.011553652072030688,0.0,-0.007952064580198592,0.008769253094553384,-0.9999299299796341,0.0,0.6548586042166782,0.25201783436923236,0.3038167828322199,1.0,-0.016640000000000012,-0.021869714285714305,-0.008320000000000006,0.8330000000000006
0.4599154423233549,0.5086999050098385,-0.12416006504422863,-1.4164679457947478,0.07581043947615809,1.91651822696181,0.15474467853010002,-0.012516170040962643,-0.09295036232268035,-0.0014112347308721314,-0.13286342774460258,-0.005488970260478677,0.04871102377282504,-0.012225861037889458,0.5768202681431702,0.8168552302439187,0.0025803068817101763,0.0,0.8168206954208297,-0.576759414202632,-0.011544546854560848,0.0,-0.007942160104578988,0.008766945464623935,-0.9999300289320716,0.0,0.6545509291452882,0.25163644396106893,0.30381547129631326,1.0,-0.01700000000000001,-0.02234285714285716,-0.008500000000000006,0.8510000000000006
0.459717638932527,0.5072912938040813,-0.12416391171879143,-1.41871041717433,0.07566650713581788,1.9173115301188022,0.1545722986662547,-0.01296716586070178,-0.08960317708219553,-0.001093400922143888,-0.14143311405134112,-0.005459489462763766,0.04368227948874321,-0.010766015258815478,0.5769208581563824,0.8167843156524348,0.002540084544897455,0.0,0.8167492553326116,-0.5768601214294873,-0.011567243370382792,0.0,-0.007982823175335718,0.008748164561548366,-0.9999298696163423,0.0,0.6542685870609277,0.25128784191511694,0.30380222286226477,1.0,-0.017320000000000012,-0.02276342857142859,-0.008660000000000006,0.8670000000000007
0.45950606855139997,0.5057256285751729,-0.12416961656207727,-1.4211453628378476,0.0755169570497048,1.9182122807558577,0.15437732903398596,-0.0072114334284379125,-0.09772270925518925,-0.0004036585566351731,-0.14823756069071375,-0.009260784323269012,0.054313450452950475,-0.012679558961941046,0.5770238290198964,0.8167115011348137,0.0025635051287179692,0.0,0.8166767423877239,-0.5769629988042616,-0.011556096009343082,0.0,-0.00795910214991341,0.008761866478529223,-0.9999299387400997,0.0,0.6539690186481825,0.25091476739061014,0.3038160256788599,1.0,-0.017660000000000012,-0.023210285714285735,-0.008830000000000006,0.8840000000000007
0.45927637908775615,0.5041036993091055,-0.1241759974081033,-1.4236061349896136,0.0753613777429984,1.9191749384261378,0.15419469410297962,-0.012717198921852985,-0.09862300326902357,-0.0009595832567419261,-0.14701076532013563,-0.0063200739779602794,0.06144402543954238,-0.01113066624409573,0.577151596942396,0.8166209015030348,0.0026616304065330164,0.0,0.816587523734282,-0.5770905520682714,-0.011491635926147731,0.0,-0.00784845943621254,0.008806039752576725,-0.9999304252538543,0.0,0.6536810955317247,0.2505303631432494,0.30386161332706824,1.0,-0.018000000000000013,-0.023657142857142877,-0.009000000000000006,0.9010000000000007
0.459055043166235,0.502428559050563,-0.12417990799149083,-1.42609058275749,0.07519912684337254,1.9201201001076715,0.15399437658284454,-0.01476859580546008,-0.10398279541694788,-0.00031766237858997135,-0.14503213452788952,-0.004212888676725787,0.056353200847101145,-0.008526584262961845,0.5772549549805792,0.8165474818621489,0.0027701473176564477,0.0,0.8165156147680803,-0.5771936783893642,-0.011421706022638659,0.0,-0.007727602551692081,0.00885527542746671,-0.9999309317427412,0.0,0.6533820132042534,0.2501486274285364,0.30393080362777714,1.0,-0.018340000000000016,-0.024104000000000025,-0.009170000000000008,0.9180000000000007
0.45883645369987586,0.5008301208805566,-0.12418018253655629,-1.4284870310321547,0.07504840053638745,1.9209683136536737,0.15380645590048822,-0.01664770336761719,-0.09633927064452948,0.000632712889355409,-0.15478696221139257,-0.007605216640217018,0.04752166261645662,-0.010296031436006693,0.5773614756701567,0.8164720229369943,0.0028123076573541347,0.0,0.8164406585938896,-0.5773000089844892,-0.011406030093449699,0.0,-0.007689307271213974,0.008881655681625439,-0.9999309929920374,0.0,0.6530795249323716,0.24977571648021368,0.303979211110468,1.0,-0.018660000000000013,-0.02452457142857145,-0.009330000000000007,0.9340000000000007
0.45860597199811703,0.4991279096063392,-0.12417737651808147,-1.4310858473992367,0.07488158992234535,1.9219132466614661,0.15358815029994732,-0.01717812117776234,-0.09850984631948256,0.0010035835463075113,-0.14949646320032703,-0.012215318638914991,0.05961067637764767,-0.0024756090772597482,0.5774728418372386,0.8163930801636478,0.002864001142405462,0.0,0.8163623787569125,-0.5774112007441724,-0.011380628573879177,0.0,-0.007637507122737641,0.008910238259526235,-0.9999311356984082,0.0,0.6527372251838968,0.24935293239670933,0.3040197726306941,1.0,-0.019020000000000016,-0.02499771428571431,-0.009510000000000008,0.9520000000000007
0.4583532461116383,0.49744810872574763,-0.12417779233987103,-1.4337056819653815,0.07471823687410245,1.922897744540513,0.15339699598295775,-0.012839611256756854,-0.10278177899639675,0.0009338618551271704,-0.1534972530716026,-0.015100794864383373,0.06129779974247359,-0.0033880375119130627,0.5775956848012266,0.8163061051568334,0.002883484678563055,0.0,0.8162756623305424,-0.5775339788562357,-0.011370719173733309,0.0,-0.007616823749620916,0.008921568461487894,-0.999931192438837,0.0,0.6524324695770317,0.24896490642151425,0.30402092474408254,1.0,-0.019340000000000017,-0.02541828571428574,-0.009670000000000008,0.9680000000000007
0.45808850736922696,0.4957689913582427,-0.12418092390730096,-1.436410838240514,0.07455505320492127,1.9238412912259542,0.15318575521913066,-0.01688010166992432,-0.1007845323366572,-0.001157457606653733,-0.15987728821753355,-0.006508486594787765,0.05702673893188517,-0.015701050148775788,0.5777331755935038,0.8162090356665266,0.002816880574787745,0.0,0.816177608082022,-0.5776715069708316,-0.01142317822525516,0.0,-0.007696617820631302,0.0088987952106135,-0.9999307843635591,0.0,0.6520644971858504,0.24850605829554168,0.3039891278102352,1.0,-0.019700000000000016,-0.025891428571428596,-0.009850000000000008,0.9860000000000008
0.4578231401034144,0.49408272613913756,-0.12418022190079982,-1.4391695902475812,0.07438252225119017,1.9247881835191611,0.1529648799833735,-0.0198504058830124,-0.10362753368072315,3.942356658120938e-05,-0.16336915982321118,-0.0056762436946208895,0.056875470168963896,-0.01255332812405289,0.5778616773078874,0.8161184461509303,0.002703821797857442,0.0,0.8160854258830358,-0.5778001959754844,-0.01150035187307462,0.0,-0.00782353116337603,0.00885233262125662,-0.9999302118484561,0.0,0.6517259727818073,0.24808863933230285,0.3039287661206508,1.0,-0.020256571428571596,-0.02662292244897982,-0.011231249667429269,1.0020000000000004
0.45755302903737555,0.4921925337264982,-0.12424373696114901,-1.4421518249314569,0.07419820815977637,1.9258939740979406,0.15279982469629338,-0.01315100071666354,-0.12341878794351945,-0.005122459166803412,-0.1895578110762296,-0.007241868702849786,0.07243841260456159,-0.012812978880222939,0.5780926974869355,0.8159548429751411,0.002697079698392027,0.0,0.8159219716388865,-0.5780314758865841,-0.011475887002655935,0.0,-0.007804958888251834,0.008834903157863158,-0.9999305111371208,0.0,0.6513635992068996,0.24759206051263088,0.3039227619449945,1.0,-0.024958285714285364,-0.03280231836734649,-0.03233249401371266,1.0189999999999986
