position_joint1,position_joint2,position_joint3,position_joint4,position_joint5,position_joint6,position_joint7,velocity_joint1,velocity_joint2,velocity_joint3,velocity_joint4,velocity_joint5,velocity_joint6,velocity_joint7,ee_T_00,ee_T_10,ee_T_20,ee_T_30,ee_T_01,ee_T_11,ee_T_21,ee_T_31,ee_T_02,ee_T_12,ee_T_22,ee_T_32,ee_T_03,ee_T_13,ee_T_23,ee_T_33,v_x,v_y,time
0.465072677219,0.547866597977,-0.123907234876,-1.35586290503,0.0794660278691,1.89409477361,0.159163757328,0.00065678427972,-0.00167856591833,0.000291195655497,-0.00139855546239,-0.000478940380374,0.000409835091002,-0.00104851931653,0.573746252908,0.819019288418,0.001841025106,0.0,0.818974566461,-0.57368799786,-0.0119786268635,0.0,-0.00875472099839,0.00838060636858,-0.999926557452,0.0,0.661650287442,0.260926251175,0.303136386409,1.0,0.0,0.0,0.0
0.465070118093,0.547869382365,-0.123910189589,-1.35585510967,0.0794667399459,1.89409395981,0.159163802661,-0.000305521927336,-0.000394344625254,-0.000511842645139,0.00136847928582,-0.000293931707066,-0.00134836007298,0.000148948005041,0.573750213627,0.819016507127,0.00184399492447,0.0,0.818971840138,-0.573691960901,-0.0119752227733,0.0,-0.00875018853198,0.00838112790359,-0.999926592754,0.0,0.661653145934,0.260923797852,0.303138152293,1.0,-0.00014,-0.000184,0.008
0.465070174278,0.547872954655,-0.123905442758,-1.3558583239,0.0794673502968,1.89408996709,0.159161345475,0.000207222497178,0.00245055639771,0.000360856678188,0.00134559113082,-2.35220076204e-05,-0.00909457908985,-0.00137784375316,0.573745152885,0.819020069152,0.00183650979306,0.0,0.818975264741,-0.573686894829,-0.0119837116313,0.0,-0.00876148741427,0.00837981389341,-0.999926504828,0.0,0.661650376869,0.260925978792,0.303133589361,1.0,-0.00046,-0.000604571428571,0.024
0.465069458572,0.547850296952,-0.123906259939,-1.35587346569,0.0794673502975,1.894093644,0.159162856731,-0.000989361334681,-0.00927587531922,0.000422234933098,-8.03240805054e-05,1.78397989335e-05,-0.000450135370059,-0.00105356082876,0.573748360878,0.819017798846,0.00184674403207,0.0,0.818973121996,-0.573690052796,-0.0119789679189,0.0,-0.00875169775345,0.008385508381,-0.99992654282,0.0,0.661648615422,0.260923785363,0.303142780155,1.0,-0.0008,-0.00105142857143,0.041
0.465071559795,0.547801110759,-0.12390578753,-1.3559274136,0.0794669507537,1.89410205114,0.15916596501,0.000398737515271,-0.00552098614384,0.000910332687885,-0.00649442288956,0.000158027835364,-0.000275552426269,-0.00108650951568,0.573751665176,0.819015471547,0.00185228931887,0.0,0.81897082341,-0.573693291095,-0.0119810290758,0.0,-0.00875017069063,0.00839126784933,-0.999926507868,0.0,0.661638592322,0.260920199205,0.303152662261,1.0,-0.0011,-0.00144571428571,0.056
0.465073931558,0.547664727865,-0.123902632936,-1.35612010221,0.0794651969834,1.89413907871,0.159163566861,0.00117919774431,-0.00644018343841,0.000948565868996,-0.0132457016492,0.0001179882304,0.0054374144627,0.000800582213828,0.573755616449,0.819012723294,0.00184352322495,0.0,0.818967806352,-0.573697131662,-0.0120033404394,0.0,-0.00877343347136,0.0083969318317,-0.999926256481,0.0,0.661604157552,0.260904740471,0.303160676146,1.0,-0.00148,-0.00194514285714,0.075
0.465064131288,0.547518992194,-0.123911136925,-1.35630744401,0.0794579246625,1.89419021398,0.159151349946,0.000228366319958,-0.00802682458128,-0.00171171309843,-0.00753302233784,0.000157359584284,0.000656160124555,-0.00127332699563,0.573767971383,0.819004046549,0.00185301199669,0.0,0.818959236617,-0.573709428015,-0.0120003278505,0.0,-0.0087653953778,0.00840310684283,-0.999926275102,0.0,0.661580172363,0.26087530895,0.303179455469,1.0,-0.0018,-0.00236571428571,0.091
0.465039368218,0.547359824491,-0.123908631283,-1.35649821346,0.0794589650255,1.89430997112,0.159150878127,-0.00330032730837,-0.0132031244629,0.00450895647697,-0.0145228882065,0.000424827965133,0.00111978814618,0.00185476973643,0.573797356363,0.818983271719,0.00193426389395,0.0,0.818939464602,-0.573738407465,-0.0119641137224,0.0,-0.00868881480006,0.00844918453583,-0.999926555192,0.0,0.661570354567,0.260848143908,0.303211722713,1.0,-0.0021,-0.00276,0.106
0.465013087747,0.547148792872,-0.123906916679,-1.35675228133,0.0794526601154,1.89444174929,0.159132482728,-0.00225226983187,-0.00889259516301,-0.000110712379476,-0.0128069084397,-3.56591617733e-05,0.00822851366808,-0.00375384929248,0.573815345587,0.818970473726,0.00201475419926,0.0,0.818927680446,-0.573756023336,-0.0119258872738,0.0,-0.00861113798396,0.00849335863399,-0.999926852906,0.0,0.661550767671,0.260812310146,0.303251649587,1.0,-0.00246,-0.00323314285714,0.124
0.46498245557,0.546930507691,-0.123911148656,-1.35707828783,0.0794459174659,1.89457826864,0.159103828123,0.00076850034491,-0.0224799293736,-0.00120745497633,-0.0194584760444,-0.000395386547175,0.0102345383224,-0.00402403826337,0.573836473254,0.818955596017,0.00204465589234,0.0,0.818913118395,-0.573776951937,-0.0119189281461,0.0,-0.00858806182488,0.00851407514747,-0.999926875186,0.0,0.661518316562,0.260761950048,0.30326307321,1.0,-0.0028,-0.00368,0.141
0.464945406223,0.546682786102,-0.123904397604,-1.35744753805,0.0794343340121,1.89470909342,0.159015289996,-0.00273420884712,-0.018212089845,0.00110294360506,-0.0223121524803,-8.90837523072e-06,0.0111976698762,-0.00682478062523,0.573807113145,0.818976126674,0.00206100556129,0.0,0.818933717764,-0.573747384969,-0.0119269045343,0.0,-0.00858551882538,0.00853173386855,-0.999926746509,0.0,0.66147498441,0.260707782087,0.30327388362,1.0,-0.00312,-0.00410057142857,0.157
0.464889166923,0.546340934923,-0.123911808616,-1.35799554707,0.0794169657538,1.89490553901,0.158953218339,-0.00121680742879,-0.01412756779,-0.00107476863364,-0.0284265107019,-0.00463203323909,0.011496994603,0.00112490739108,0.573833529782,0.818957622045,0.00205919731992,0.0,0.818915072627,-0.573773689606,-0.0119416850413,0.0,-0.00859838628631,0.008539011404,-0.999926573823,0.0,0.661414739992,0.260616256978,0.303272411473,1.0,-0.00354,-0.00465257142857,0.178
0.464846678379,0.546104208003,-0.123909320541,-1.35839023763,0.0793932147775,1.89504059262,0.158913941014,-0.000819999698611,-0.0218268931253,0.000266802931862,-0.0293246820661,-0.00420938337704,0.0152238664715,0.000536696939444,0.573850128767,0.818946039128,0.00204000319146,0.0,0.818903207641,-0.573790334556,-0.0119555588362,0.0,-0.00862058941376,0.00853142839112,-0.999926447379,0.0,0.661369131161,0.260551173815,0.303263782954,1.0,-0.0038,-0.00499428571429,0.191
0.464803614277,0.545782917839,-0.123911486552,-1.35893808059,0.079314017198,1.89522454126,0.158841874672,-0.0067786689955,-0.0162467089264,-0.00105258221288,-0.0376248919934,-0.0134203969042,0.0117257558519,-0.00278962957165,0.573841001616,0.818952606036,0.0019699827819,0.0,0.818909326951,-0.573781958184,-0.01193840845,0.0,-0.00864681661187,0.00846414849776,-0.999926792697,0.0,0.661303143287,0.260449165765,0.303243745947,1.0,-0.00414,-0.00544114285714,0.208
0.464732313101,0.545394563153,-0.123910076056,-1.3596407118,0.0792712859155,1.89545506553,0.158724376988,-0.00171461586972,-0.0194164631466,-0.000438818370208,-0.0445572677761,-0.000675046134903,0.0105530976875,-0.00941295891533,0.573826324808,0.818963041971,0.00190571341981,0.0,0.818918799689,-0.573767432657,-0.0119866442386,0.0,-0.00872335028393,0.00843903903417,-0.999926340177,0.0,0.66122001613,0.26034436891,0.303206832528,1.0,-0.00448,-0.005888,0.225
0.464670159672,0.544966893368,-0.123915031331,-1.36033739546,0.079252280546,1.89568955073,0.158671894747,-0.00267779359289,-0.0312949223562,-0.000920226760204,-0.0402159214227,0.000351728336639,0.0133569298117,-0.00247426956943,0.573871394729,0.818931503028,0.00188747461371,0.0,0.818886799283,-0.573812359553,-0.0120221830281,0.0,-0.00876245685964,0.00844497757916,-0.99992594811,0.0,0.661136282398,0.260236162534,0.303198467297,1.0,-0.00482,-0.00633485714286,0.242
0.464599373608,0.544556010224,-0.123913244741,-1.36101457509,0.0792296545103,1.89593823277,0.158572522258,-0.00269525317038,-0.0261855008675,0.000417729677148,-0.0423411999482,-0.00163021015803,0.0156890821496,-0.00611142914748,0.573878498776,0.81892653681,0.0018822467888,0.0,0.818881575325,-0.573819302908,-0.0120465806461,0.0,-0.00878536417412,0.00845477361271,-0.999925664327,0.0,0.661060242785,0.260128631884,0.303188469275,1.0,-0.00514,-0.00675542857143,0.258
0.464533153693,0.544073952916,-0.123915751206,-1.36181470423,0.0791908638388,1.8962247168,0.158479683703,-0.00387744878069,-0.0283061810033,4.1031362792e-05,-0.0505763553836,-0.00402997198832,0.0147877166529,0.000411413078071,0.573892690189,0.818916644765,0.00185902557969,0.0,0.818871281509,-0.573833499595,-0.0120700440681,0.0,-0.0088177586054,0.00844937539642,-0.999925424814,0.0,0.660965936996,0.260007926228,0.303173676673,1.0,-0.00548,-0.00720228571429,0.275
0.464455477205,0.543544223589,-0.12391613324,-1.36265326577,0.0791362131466,1.89650231843,0.158383179514,-0.0042670439983,-0.0318370199093,-0.00123638403899,-0.0502836461169,-0.00396598158948,0.0196060330983,-0.00326191201067,0.573909434639,0.818904973771,0.00183075563752,0.0,0.818859227063,-0.57385035327,-0.0120865713615,0.0,-0.00884734397323,0.00843589090013,-0.999925277333,0.0,0.660865532334,0.259873783911,0.303173394194,1.0,-0.00582,-0.00764914285714,0.292
0.464380761031,0.543031393456,-0.123924337231,-1.36346989697,0.0790864154585,1.89681302353,0.158259875083,-0.00423807735997,-0.0363622128785,-7.88007271014e-05,-0.0536079875989,-0.00512530550528,0.0243586982539,-0.010819435896,0.573907613985,0.818906243459,0.00183355814793,0.0,0.818860583074,-0.573848567846,-0.0120794689525,0.0,-0.00883993802178,0.00843409008119,-0.999925358024,0.0,0.660776973265,0.25974248843,0.303174674144,1.0,-0.00614,-0.00806971428571,0.308
0.464305408655,0.542395142711,-0.123922133436,-1.36445024641,0.0790389962016,1.89716255814,0.158127146382,-0.00194796062796,-0.0354962204587,-0.000406031364667,-0.0537679870466,-0.00744317913132,0.0242497635004,-0.00369911965469,0.573900805206,0.81891098795,0.00184567029655,0.0,0.818865336755,-0.573841563971,-0.0120899388831,0.0,-0.00884163169431,0.00844994377646,-0.999925209203,0.0,0.660659191933,0.259602020903,0.303188292781,1.0,-0.0065,-0.00854285714286,0.326
0.464225291155,0.541789174583,-0.123927800291,-1.36539848901,0.0789829058166,1.8975193261,0.158011056,-0.00802538072782,-0.0394300425323,-0.00169639345553,-0.0601999383569,-0.00345161966515,0.0190643695325,0.000775002982737,0.57391302709,0.81890239811,0.00185650401613,0.0,0.818856907303,-0.573853754442,-0.0120822504435,0.0,-0.00882899204838,0.00845453483909,-0.999925282079,0.0,0.660552822737,0.259456350692,0.303196562586,1.0,-0.00684,-0.00898971428571,0.343
0.464153917643,0.541172125895,-0.123925551879,-1.36633805131,0.0789239647604,1.89787641617,0.157881576759,-0.00383563475705,-0.0389479140082,0.000609753711375,-0.0534681718708,-0.00788244568584,0.0241358695081,-0.0113150280671,0.573900263193,0.818911278154,0.00188502532629,0.0,0.818866174465,-0.573840880702,-0.0120656062218,0.0,-0.00879912582985,0.0084682011031,-0.999925429697,0.0,0.660444739134,0.259321791676,0.303216472857,1.0,-0.00716,-0.00941028571429,0.359
0.464062651411,0.540468094268,-0.123926341574,-1.3674176055,0.0788563919693,1.89827023644,0.157744256643,-0.00905121432999,-0.0432749734325,-0.000468395724722,-0.0664775173493,-0.00340429103988,0.0353924725667,-0.00292507947284,0.573904772576,0.818908085101,0.00189922938769,0.0,0.818863176465,-0.573845336645,-0.012057144872,0.0,-0.00878399861076,0.00847502516541,-0.999925504884,0.0,0.660320104859,0.259157963113,0.303234424054,1.0,-0.0075,-0.00985714285714,0.376
0.4639664227,0.539724442733,-0.123930926419,-1.36855915757,0.0787985450742,1.89870105072,0.157607654147,-0.00445292055921,-0.0490564602215,-0.00155461242204,-0.0668689903448,-0.00279936206615,0.0266762833117,-0.00911186527812,0.57392265568,0.81889547613,0.00193167594482,0.0,0.818850916199,-0.57386300389,-0.0120489297339,0.0,-0.00875846531865,0.00849707196316,-0.999925541755,0.0,0.660190969027,0.258985908688,0.303254108422,1.0,-0.00784,-0.010304,0.393
0.463867726655,0.539011965718,-0.12393136722,-1.36965707551,0.0787357918772,1.89911631997,0.1574675684,-0.00278179582148,-0.0444375081037,-0.000328718465648,-0.0665983731294,-0.00383455537874,0.0217397831257,-0.00977870694491,0.573932989872,0.818888169921,0.00195836704659,0.0,0.81884393209,-0.573873195802,-0.0120381443993,0.0,-0.00873420784135,0.00851284907921,-0.999925619741,0.0,0.660067742821,0.258817562048,0.303270918576,1.0,-0.00816,-0.0107245714286,0.409
0.463757342192,0.538242714057,-0.123936337472,-1.37086397451,0.0786681127898,1.899575526,0.157315111262,-0.00728349012666,-0.0430237276236,-0.000147211472154,-0.07277259773,-0.0015647421329,0.0258321016758,-0.0145261051914,0.573950603175,0.818875779633,0.00197725730163,0.0,0.818831772123,-0.573890709828,-0.0120303381538,0.0,-0.00871679076381,0.00852402505389,-0.999925676516,0.0,0.659933654789,0.25862887634,0.303279806012,1.0,-0.0085,-0.0111714285714,0.426
0.463642265676,0.53739269342,-0.123935952502,-1.37219961944,0.0785892784851,1.90007724964,0.157160078368,-0.00344797905055,-0.047572445449,0.000442740773866,-0.0779177694648,0.000684118180614,0.0278735688272,-0.00678634776017,0.573970146092,0.818862048563,0.0019909090852,0.0,0.818818198238,-0.573910171277,-0.0120258238744,0.0,-0.00870505539865,0.0085328207593,-0.99992570373,0.0,0.659780677316,0.258427077909,0.30328781486,1.0,-0.00886,-0.0116445714286,0.444
0.463525936083,0.536596022385,-0.12393891323,-1.37343282186,0.0785164077423,1.90055559707,0.157005931873,-0.00822975601424,-0.0506913572157,-0.00031673707057,-0.0798146379538,-0.00801757379829,0.0227710181826,-0.0107491167098,0.573989714064,0.818848247609,0.0020254474558,0.0,0.818804869368,-0.573929610881,-0.0120056051624,0.0,-0.00866847137348,0.00854970472211,-0.99992587733,0.0,0.659645853252,0.258233364559,0.303304843977,1.0,-0.00918,-0.0120651428571,0.46
0.463408229982,0.535737851521,-0.123944124762,-1.37479781264,0.0784446378365,1.90104942689,0.156839652188,-0.00287760789176,-0.049908560163,-0.00195897773896,-0.0859743709169,-0.00289124360272,0.0221984193195,-0.0121551784114,0.574009305932,0.818834531147,0.00201846632352,0.0,0.818790957435,-0.573949127056,-0.0120214174096,0.0,-0.00868522192138,0.00855327211419,-0.999925701468,0.0,0.659485656955,0.258023846204,0.303303840465,1.0,-0.00952,-0.012512,0.477
0.463284425466,0.534831707745,-0.123946927718,-1.37625181962,0.0783597914352,1.90156890127,0.156659816878,-0.00373496555406,-0.0486695458859,0.00113049640987,-0.0804970032327,-0.00104168383532,0.0325991515156,-0.0116727355244,0.574022288052,0.818825488451,0.00199478911022,0.0,0.818781544754,-0.573962148877,-0.0120407860052,0.0,-0.0087145368196,0.00854514056221,-0.999925515936,0.0,0.659312561147,0.257801417751,0.303296281927,1.0,-0.00986,-0.0129588571429,0.494
0.463162940718,0.533982174621,-0.123950179116,-1.37765250907,0.0782804558938,1.90207955989,0.156495526517,-0.00573059038909,-0.0535321889026,-0.000995511203706,-0.0884821396628,-0.00737106774904,0.0330027249895,-0.0118605158265,0.574044952325,0.818809681706,0.00196080502193,0.0,0.818765227232,-0.573984891491,-0.0120662304602,0.0,-0.00875464241872,0.00853216192913,-0.999925276433,0.0,0.659147450086,0.257586150148,0.303273259588,1.0,-0.01018,-0.0133794285714,0.51
0.463038368285,0.533063287811,-0.123950613558,-1.37914629163,0.0781949946292,1.90265307398,0.156300327927,-0.00939728104671,-0.0535678511146,0.00206487520401,-0.0918858196705,-0.00761402086508,0.0309652532833,-0.0104817237495,0.574046337001,0.81880871332,0.00195981331151,0.0,0.818764209148,-0.573986244496,-0.0120709506521,0.0,-0.00875906232852,0.00853407430942,-0.999925221405,0.0,0.658975176707,0.257363631315,0.303260026074,1.0,-0.01052,-0.0138262857143,0.527
0.462908214581,0.53204253472,-0.123954063038,-1.38080130098,0.0780968579791,1.90326052829,0.156101619576,-0.00683662703624,-0.058340151496,-0.00128707262769,-0.0979968518145,-0.00591186407538,0.0405946385883,-0.00920402023183,0.57405657636,0.818801592099,0.00193566927178,0.0,0.818756737594,-0.573996553982,-0.0120874961198,0.0,-0.00878636274041,0.00852391300903,-0.999925068561,0.0,0.658777187196,0.257118169439,0.303244702864,1.0,-0.01088,-0.0142994285714,0.545
0.462795434633,0.531154546273,-0.123948773276,-1.38221738821,0.0780197828112,1.90377035518,0.155909214154,-0.00739727887204,-0.0616933285481,0.00132860545155,-0.0922155073152,-0.0100340209797,0.0341250002987,-0.0125564991664,0.574043984899,0.818810442757,0.00192591133401,0.0,0.818765310377,-0.573983861306,-0.0121095163164,0.0,-0.00881012601482,0.00852842859131,-0.999924820967,0.0,0.658603910316,0.256912654861,0.303240566243,1.0,-0.01118,-0.0146937142857,0.56
0.462637850288,0.529987982491,-0.123954098071,-1.38406721102,0.0779044680338,1.90441740477,0.155660726957,-0.00717210123877,-0.057906566964,-0.00093602185993,-0.0985635493276,-0.00438376197959,0.0322209564368,-0.0127130886515,0.574042554774,0.818811522975,0.00189263114486,0.0,0.818765928265,-0.573982552624,-0.0121297525431,0.0,-0.00884581420675,0.00851277993218,-0.999924639235,0.0,0.658379661156,0.25662681267,0.303238263917,1.0,-0.01156,-0.0151931428571,0.579
0.462489037679,0.528861466791,-0.123954474904,-1.38583725039,0.0777930849701,1.9050899548,0.155432134085,-0.00910596456619,-0.0620144313472,-0.00259441756329,-0.098369849587,-0.0129616403727,0.0402725191364,-0.0114101053517,0.574043598073,0.818810743136,0.00191346215701,0.0,0.818765463383,-0.573983544391,-0.0121141917338,0.0,-0.00882110437871,0.00852091499429,-0.999924788234,0.0,0.658173944588,0.256360945098,0.303247479227,1.0,-0.01192,-0.0156662857143,0.597
0.462374550456,0.527957918972,-0.123957258964,-1.387226781,0.0777038389905,1.90563806106,0.155215614154,-0.00735989215798,-0.0597622046358,-0.00108347716147,-0.0984884705565,-0.00535233344738,0.0418345414766,-0.0229478047786,0.574013366262,0.818831822455,0.00196183301495,0.0,0.818787267293,-0.573953193733,-0.0120784611575,0.0,-0.0087643967793,0.00853968645689,-0.999925126749,0.0,0.65801667281,0.256153662519,0.303269841866,1.0,-0.0122,-0.0160342857143,0.611
0.462224035746,0.526777114659,-0.123956928133,-1.38901548036,0.0775916557754,1.90631074037,0.154983428357,-0.008367830375,-0.0679630453456,0.000599775843571,-0.102718523971,-0.0111870804752,0.0387188207067,-0.02102822498,0.574012616974,0.818832218654,0.00201498110195,0.0,0.818788389764,-0.573952246207,-0.0120473550235,0.0,-0.00870842717752,0.00856534182593,-0.999925396325,0.0,0.657807388844,0.255885531204,0.303307818718,1.0,-0.01254,-0.0164811428571,0.628
0.462071378248,0.525598571587,-0.123960462713,-1.39085239248,0.0774798555462,1.90698336032,0.154735473832,-0.00596026094564,-0.0652136930432,0.000180980206221,-0.108266162668,-0.00461927918741,0.0347211028635,-0.0109601571391,0.574005858954,0.818836928866,0.00202600924368,0.0,0.818793228854,-0.573945426901,-0.0120433476446,0.0,-0.00869888653886,0.00857199979732,-0.999925422315,0.0,0.657587547922,0.255608085797,0.303321091736,1.0,-0.01288,-0.016928,0.645
0.461922422617,0.524485153458,-0.123969468285,-1.39261574997,0.0773638275097,1.90761243488,0.154493417863,-0.00669206206394,-0.0739042237239,-0.000499058948643,-0.109840855937,-0.00604251931871,0.0408418663746,-0.016570077979,0.57399931214,0.818841578773,0.00200135863037,0.0,0.818797619413,-0.573939048127,-0.012048833145,0.0,-0.00871759552832,0.00855489432771,-0.999925405873,0.0,0.657374529931,0.255334182978,0.303319666936,1.0,-0.0132,-0.0173485714286,0.661
0.461764329337,0.52327248433,-0.1239750629,-1.39452155584,0.0772464028709,1.90831825257,0.154243576126,-0.00819223404035,-0.076896340211,-0.00151224947951,-0.112035886008,-0.00136427298232,0.0432712017118,-0.0119045028222,0.57399868082,0.818842002285,0.00200913210673,0.0,0.818798159543,-0.57393839836,-0.0120430776216,0.0,-0.00870842739411,0.00855794910611,-0.999925459622,0.0,0.657147006378,0.255045649767,0.303326479287,1.0,-0.01354,-0.0177954285714,0.678
0.461607760043,0.522032792499,-0.12397598284,-1.39648587542,0.077130211917,1.90909119619,0.153975595677,-0.0120147120716,-0.0757827672964,0.00115546133134,-0.118485448077,0.000184833491901,0.0496904029283,-0.018449770288,0.573982202465,0.818853454722,0.00204886406658,0.0,0.818810142168,-0.57392176402,-0.0120210968113,0.0,-0.00866779585609,0.00857769144858,-0.999925643498,0.0,0.656917663329,0.254759000788,0.3033297914,1.0,-0.01388,-0.0182422857143,0.695
0.461448320714,0.520855289452,-0.123978941064,-1.39837515644,0.0770018838382,1.90980086571,0.153716479233,-0.00733255836797,-0.075388399215,-0.00029716724872,-0.118372876487,-0.00736812488799,0.0399141348128,-0.0123103568713,0.573968885803,0.818862818076,0.00203720507367,0.0,0.818819470345,-0.573908614118,-0.0120135143061,0.0,-0.00866841753308,0.00856365147708,-0.99992575845,0.0,0.656692940277,0.254471204492,0.303319355349,1.0,-0.0142,-0.0186628571429,0.711
0.461257239672,0.519374992383,-0.123977388033,-1.40068121283,0.0768618317058,1.91062164802,0.153414723503,-0.0117968265234,-0.0758070272813,0.000513046240533,-0.125604893104,-0.0121032646469,0.0468888971102,-0.017664964288,0.57396180615,0.818867787384,0.00203439613989,0.0,0.818824310226,-0.573901455672,-0.0120256002918,0.0,-0.00868000091376,0.00856821324417,-0.999925618887,0.0,0.656406885528,0.254125489842,0.303332281077,1.0,-0.01458,-0.0191622857143,0.73
0.461080807725,0.518023742853,-0.12398429592,-1.4027780294,0.0767276633852,1.91137757134,0.153131091867,-0.00973543273204,-0.081322371781,0.000123883681506,-0.12957330079,-0.0110871191403,0.0499801329036,-0.0127976914301,0.573953728741,0.818873438369,0.00203865139642,0.0,0.818830048327,-0.573893392381,-0.0120196938147,0.0,-0.00867280641484,0.00856822206957,-0.999925681238,0.0,0.656150991301,0.253804207175,0.303348382524,1.0,-0.01492,-0.0196091428571,0.747
0.460918859791,0.516821983476,-0.123985410178,-1.40466671584,0.0766089557319,1.91206376282,0.152863935514,-0.00805457783974,-0.082505226987,-0.000339483561678,-0.122483913702,-0.00828190279047,0.051092459632,-0.0179407491809,0.573936125736,0.818885783122,0.00203584811503,0.0,0.818842343141,-0.573875790309,-0.0120225320589,0.0,-0.00867692369183,0.00856736906059,-0.999925652828,0.0,0.655919986881,0.253516350269,0.303352072904,1.0,-0.01522,-0.0200034285714,0.762
0.460720057493,0.515368621176,-0.123993251966,-1.40698774074,0.0764669475609,1.91293719472,0.152547325327,-0.010903925804,-0.0792786826027,-0.000945682946025,-0.127891966474,-0.000726818864377,0.038804309589,-0.0248774585023,0.573929482866,0.81889043695,0.0020366322112,0.0,0.818847027495,-0.573869164982,-0.0120197315578,0.0,-0.00867424980715,0.00856633347786,-0.999925684899,0.0,0.655641866914,0.253161354341,0.303342554508,1.0,-0.01558,-0.0204765714286,0.78
0.46053470796,0.513979576262,-0.123991964582,-1.40923539269,0.076332605519,1.91372104882,0.152239622498,-0.009760554871,-0.0868603698651,-0.00116105819689,-0.132772946469,-0.00998596710569,0.0397927434629,-0.0185158418584,0.573910071527,0.818904191682,0.00197523328687,0.0,0.818859827316,-0.573849869117,-0.0120688782921,0.0,-0.00874993612253,0.00854405449159,-0.999925216079,0.0,0.655354764608,0.252823658064,0.303314375231,1.0,-0.01592,-0.0209234285714,0.797
0.460361364409,0.512738061609,-0.123988919538,-1.41124712021,0.0762134875647,1.91442172438,0.151959738908,-0.0112173873759,-0.083371983182,0.000852459032372,-0.134102989721,-0.00490123894297,0.0473950659656,-0.0204540730107,0.573893778355,0.818915743313,0.00191922421771,0.0,0.818870485436,-0.573833666436,-0.0121160326793,0.0,-0.00882086426698,0.00852507597394,-0.999924754886,0.0,0.655098222809,0.252517788362,0.303287444131,1.0,-0.01622,-0.0213177142857,0.812
0.460161277239,0.51131278332,-0.123999905449,-1.41353461555,0.0760720968417,1.91530049058,0.151642374595,-0.0138705247787,-0.086976238164,-4.80340129332e-05,-0.134993367408,-0.005200428502,0.0552013453301,-0.0258483587224,0.573887259348,0.81892029362,0.00192695540217,0.0,0.818875207078,-0.57382718208,-0.0121040175644,0.0,-0.00880665578478,0.00852444159301,-0.999924885534,0.0,0.654826781645,0.252164367235,0.303273459604,1.0,-0.01656,-0.0217645714286,0.829
0.459947772857,0.509742956607,-0.124004168324,-1.4160164561,0.0759232864391,1.91623455731,0.151282958356,-0.0129963518815,-0.0905592963033,-0.000177601512308,-0.143075739225,-0.00881033478138,0.0470574718523,-0.0219348883327,0.573860125698,0.818939265329,0.00194492604669,0.0,0.818894381873,-0.573799941994,-0.0120981323269,0.0,-0.00879180641637,0.00853548908523,-0.999924921965,0.0,0.65452511816,0.251787567521,0.303272234276,1.0,-0.01692,-0.0222377142857,0.847
0.459752157776,0.508338173664,-0.124005219228,-1.41824264214,0.0757809020915,1.91702058928,0.150977693211,-0.0103768435271,-0.0883190279256,0.000842987488961,-0.133411937271,-0.00784788308441,0.053398488638,-0.0192987190327,0.573847936908,0.81894788394,0.00191196177367,0.0,0.818902527778,-0.57378785972,-0.0121197747038,0.0,-0.0088285733709,0.00852078209048,-0.999924723449,0.0,0.654244045321,0.251443682357,0.303263730232,1.0,-0.01724,-0.0226582857143,0.863
0.459530936084,0.506708489161,-0.124009139513,-1.42080246776,0.0756177081893,1.91795283169,0.150619812355,-0.0115291623774,-0.0956765229237,0.000784347441525,-0.145797528321,-0.0068656812192,0.0547963341211,-0.0200245271351,0.573827072901,0.818962509279,0.00190937242789,0.0,0.818917124303,-0.573767014693,-0.0121203661513,0.0,-0.00883076057827,0.0085187760218,-0.999924721228,0.0,0.653925503458,0.251051357526,0.303265972103,1.0,-0.0176,-0.0231314285714,0.881
0.459321205825,0.505191929729,-0.124012540156,-1.42311649889,0.0754700464047,1.91885085443,0.15030359409,-0.0147469350917,-0.0959810297494,0.00225456130001,-0.145303726885,-0.00975123132434,0.048003578169,-0.0226846369453,0.573835128355,0.818956677852,0.00198800629066,0.0,0.818912437282,-0.573774837955,-0.0120665776862,0.0,-0.00874150468872,0.00855239389227,-0.999925218531,0.0,0.653635889993,0.250664172517,0.303301497507,1.0,-0.01794,-0.0235782857143,0.898
0.459112288352,0.503617030374,-0.124022990734,-1.42545547126,0.0753180840793,1.91973579673,0.149974828467,-0.00992866344384,-0.0966258202338,-0.00156588603953,-0.141284151917,-0.0117102848878,0.0510385286095,-0.0268059638478,0.573810346324,0.818973797842,0.00208609731677,0.0,0.818930954058,-0.573749755402,-0.0120023982068,0.0,-0.00863291802785,0.00859563543029,-0.999925791135,0.0,0.653370534938,0.250330830144,0.303366372432,1.0,-0.01824,-0.0239725714286,0.913
0.458876163808,0.501931149626,-0.124026842908,-1.42796074973,0.0751558133018,1.9206551058,0.149631637997,-0.0126561519677,-0.0973037504114,0.000210325300901,-0.14571702354,-0.00977926891828,0.0495688289441,-0.029080915305,0.573809609488,0.818974102433,0.00216760329262,0.0,0.818932378236,-0.57374873718,-0.0119538011981,0.0,-0.00854635849895,0.00863449275764,-0.999926199922,0.0,0.653064499747,0.249935562989,0.30343074862,1.0,-0.01858,-0.0244194285714,0.93
0.458647633062,0.500206983384,-0.124033603522,-1.43056806847,0.0749893721326,1.92156954929,0.149266123945,-0.0106701373232,-0.0993849789651,0.000915719310956,-0.153771408073,-0.00845772981565,0.0487869175992,-0.0148403970263,0.573782695503,0.818992914776,0.00218421343359,0.0,0.818951350148,-0.573721700957,-0.0119516878922,0.0,-0.00853538138953,0.00864660270896,-0.999926189039,0.0,0.65271119331,0.249507514813,0.303465681533,1.0,-0.01894,-0.0248925714286,0.948
0.458393026135,0.498534187443,-0.124033873685,-1.43319602904,0.0748251773839,1.92254638973,0.148881999812,-0.00801434529668,-0.0955082845951,-0.000889529870449,-0.15634008335,-0.00931507032394,0.0579893481161,-0.0187567752725,0.57377326842,0.818999452924,0.00220894925013,0.0,0.818958220349,-0.573712184067,-0.0119377584644,0.0,-0.00850988039428,0.00865877054663,-0.999926301098,0.0,0.652408868803,0.249114960081,0.303472917854,1.0,-0.01926,-0.0253131428571,0.964
0.458148633022,0.496936409911,-0.124031849219,-1.43570298551,0.0746681824342,1.92345148485,0.148514422764,-0.0155877317042,-0.0945317088451,0.00148590650719,-0.156192513386,-0.00357137674387,0.0503677042327,-0.0210959139246,0.573755339574,0.819012023384,0.00220516780356,0.0,0.818970671051,-0.573694201195,-0.0119478188783,0.0,-0.00852047937864,0.00866125938965,-0.999926189284,0.0,0.652094303361,0.248716631449,0.303471885296,1.0,-0.01958,-0.0257337142857,0.98
0.457876031253,0.495169679979,-0.124034382377,-1.43857724012,0.0744942193151,1.92444640376,0.14809508119,-0.014197342829,-0.095781093777,0.000852347955631,-0.157904212687,-0.00721656381985,0.0552506341231,-0.0259783218509,0.573734764411,0.819026683289,0.0021116507375,0.0,0.818983911457,-0.573673814741,-0.0120188999717,0.0,-0.00863256725026,0.00862523478684,-0.999925539282,0.0,0.651720881102,0.24825948559,0.303421200062,1.0,-0.01994,-0.0262068571429,0.998
0.45761778937,0.49361857374,-0.124055275481,-1.44106017016,0.0743374831607,1.92534552934,0.147753640143,-0.0179802581311,-0.111770142637,-0.00551580040318,-0.177101724089,-0.00616911136753,0.0649387268208,-0.02679684738,0.573759241447,0.819009635195,0.00207297214744,0.0,0.818966403206,-0.573698496782,-0.0120337903739,0.0,-0.00866669612003,0.00860235860224,-0.999925441123,0.0,0.651392606233,0.247813089545,0.303394899428,1.0,-0.0235754285714,-0.0309848489796,1.014
0.45730931315,0.491341811516,-0.124099431902,-1.44463365396,0.0741212582229,1.92668390037,0.14722970095,-0.0156838097315,-0.135759186409,-0.00398890654046,-0.217460535575,-0.0160666040091,0.0809854545512,-0.0349466888354,0.573740088243,0.819022975561,0.0021032230107,0.0,0.818980246864,-0.57367932624,-0.0120055317393,0.0,-0.0086263968535,0.00861071872306,-0.999925717641,0.0,0.650972179973,0.247276378158,0.30339908408,1.0,-0.0282771428571,-0.037164244898,1.031
0.456925227085,0.488819037527,-0.12410827313,-1.4487175522,0.0738889488484,1.92813194588,0.14665035883,-0.0190975139215,-0.157541212921,-0.000732591351714,-0.256334930794,-0.0192159572601,0.088485352187,-0.0378330573434,0.573727253196,0.819032184707,0.00201649611202,0.0,0.818987971015,-0.573666514341,-0.0120905152143,0.0,-0.00874589317997,0.00858830949453,-0.999924872324,0.0,0.650441601312,0.246631381136,0.303335512483,1.0,-0.0329788571429,-0.0433436408163,1.048
0.456476025927,0.485993264387,-0.124140056042,-1.45306180033,0.0736208277785,1.9297967085,0.146015213489,-0.0297844239039,-0.184107798902,-0.000450436345339,-0.27846927935,-0.0168921211542,0.105688297807,-0.0396132308622,0.57374080014,0.819022401225,0.00213247460773,0.0,0.818979853868,-0.573679714864,-0.0120137676344,0.0,-0.00861635328223,0.00863940873323,-0.999925556766,0.0,0.649918826925,0.245912776121,0.303376105375,1.0,-0.037404,-0.0491595428571,1.064
0.455954888616,0.482646466283,-0.124203962874,-1.45826522617,0.0733074646461,1.9316385512,0.145204513523,-0.0324247694637,-0.201393209215,-0.00290827983009,-0.327210408819,-0.0218612181072,0.114934624391,-0.049053961544,0.573720574868,0.819036612675,0.00211564939731,0.0,0.818993804803,-0.57365952197,-0.0120269468022,0.0,-0.00863701363707,0.00863297679437,-0.999925434074,0.0,0.649257959311,0.245039136987,0.30338372962,1.0,-0.0421057142857,-0.0553389387755,1.081
0.455341037777,0.478881941994,-0.124273911102,-1.4641485132,0.0729515710175,1.93371889041,0.144338183686,-0.0310850964706,-0.226080716686,-0.00416262853997,-0.35181701348,-0.0266253950825,0.131359524945,-0.0497166965811,0.57374868999,0.819017028542,0.00207234018498,0.0,0.818973569779,-0.573687732547,-0.0120592051616,0.0,-0.00868798550689,0.00861631089356,-0.999925136245,0.0,0.64846258267,0.243978957071,0.303372079936,1.0,-0.047084,-0.0618818285714,1.099
0.454711122194,0.474961340558,-0.12431738754,-1.47014844345,0.0725920519725,1.9359125887,0.143487987909,-0.038869065352,-0.253406113652,0.000216901517925,-0.390718068354,-0.0172405761762,0.140778655439,-0.0524619843998,0.573798771452,0.818981673763,0.00217596437169,0.0,0.818939506345,-0.573737308081,-0.0120138738793,0.0,-0.00859087599798,0.00867569629476,-0.999925461794,0.0,0.647751257381,0.243035505657,0.303425134672,1.0,-0.0512325714286,-0.0673342367347,1.114
0.453909322802,0.470181276185,-0.124357384,-1.47748165307,0.0721441727274,1.93853579983,0.142370303257,-0.0457035956872,-0.274583750604,-0.00118290741342,-0.417064760108,-0.0207993236659,0.161448712382,-0.0673604439036,0.573798460522,0.818981720224,0.0022395409343,0.0,0.818940175211,-0.573736522749,-0.0120057815136,0.0,-0.00854777373953,0.008723116942,-0.999925418616,0.0,0.646809050869,0.241794741262,0.303467421845,1.0,-0.0562108571429,-0.0738771265306,1.132
0.453032745453,0.464928492102,-0.124389679328,-1.48539564564,0.0716336083515,1.94146760794,0.141105846017,-0.052363510568,-0.303835621695,0.000769351032596,-0.468433639027,-0.0241264124763,0.156309741643,-0.0691352267008,0.573739691306,0.819022259761,0.00245998728548,0.0,0.818983734652,-0.573677031775,-0.0118765521057,0.0,-0.00831608245002,0.00882890889704,-0.999926443865,0.0,0.645805928648,0.240459870134,0.303579992249,1.0,-0.0611891428571,-0.0804200163265,1.15
0.452229220106,0.460284296849,-0.124412816185,-1.49261377367,0.071166877684,1.94393354917,0.140032328995,-0.0530090585136,-0.315156856084,-0.00138278987658,-0.493416271714,-0.0247097383593,0.156420048381,-0.066914077282,0.573744642828,0.81901906496,0.00236705697659,0.0,0.818979035348,-0.573682039857,-0.0119584157403,0.0,-0.00843639483001,0.00879981643076,-0.999925692476,0.0,0.644835261975,0.239229536602,0.30355825062,1.0,-0.0653377142857,-0.0858724244898,1.165
0.451195780755,0.454365234187,-0.12446881675,-1.50179462051,0.0705380160382,1.94712423712,0.138619812251,-0.0616491224445,-0.334540239605,-0.00131250568272,-0.523353932655,-0.0368603638066,0.184244366171,-0.0824425154794,0.573725248133,0.819032899904,0.0022793488302,0.0,0.818991829411,-0.573663109996,-0.0119902664182,0.0,-0.00851300823821,0.00874605503293,-0.999925514832,0.0,0.643608802408,0.237642023424,0.303536928601,1.0,-0.070316,-0.0924153142857,1.183
0.45006973231,0.447922952469,-0.124505496712,-1.51130095122,0.0698988319719,1.95074062403,0.137103492018,-0.0633973478427,-0.361352292433,-0.00430267056775,-0.545931578544,-0.0375890219398,0.197726434186,-0.0754722719433,0.573689687871,0.819056447982,0.00272469268186,0.0,0.819021698364,-0.573626420497,-0.0117018894741,0.0,-0.00802170676,0.00894500796684,-0.999927816921,0.0,0.642402106319,0.236003362012,0.303746123768,1.0,-0.0752942857143,-0.0989582040816,1.201
0.449131377645,0.442756490673,-0.124527976704,-1.5192779033,0.0693776707181,1.95343492943,0.135890656287,-0.0702310919068,-0.374781947052,-0.00189080470398,-0.573354026291,-0.0363769708014,0.186323349541,-0.0897156876112,0.573694888463,0.819053119252,0.00262863005692,0.0,0.819016729236,-0.573631533577,-0.0117986362944,0.0,-0.0081560017974,0.00892188109838,-0.999926937167,0.0,0.641298265305,0.234617297066,0.303721469417,1.0,-0.0791662857143,-0.104047118367,1.215
0.447848607307,0.435764229145,-0.124550043153,-1.53011765524,0.068636589395,1.95709652487,0.134145761492,-0.0723959137959,-0.404521373964,-0.00278356008636,-0.604136378262,-0.038649166205,0.216124912169,-0.104402663506,0.573604746872,0.819116773521,0.00246020400431,0.0,0.819077827287,-0.573541654212,-0.011926048475,0.0,-0.00835795778998,0.00885610707474,-0.999925854206,0.0,0.639781000874,0.232732042005,0.30365831695,1.0,-0.0841445714286,-0.110590008163,1.233
0.446511645253,0.428780189356,-0.124575646356,-1.54062894128,0.0678850298487,1.96092202809,0.132436327155,-0.0817589818491,-0.418696354657,0.000341745000723,-0.637660200782,-0.0510947844992,0.220550253309,-0.0997049347033,0.573564700165,0.819144139908,0.00267575778997,0.0,0.819108467232,-0.573501304778,-0.0117609195011,0.0,-0.00809949364578,0.00893755620498,-0.9999272565,0.0,0.638374485359,0.230860870799,0.303747475426,1.0,-0.0888462857143,-0.116769404082,1.25
0.445146680308,0.42195363134,-0.124661399172,-1.55113857275,0.0671345242745,1.96441510601,0.130673253894,-0.0897521493928,-0.426023571644,-0.0033877145831,-0.66647746022,-0.0498049667684,0.221235001233,-0.108746625176,0.573538346024,0.81916320143,0.00248233057454,0.0,0.819125021172,-0.573475683711,-0.011856929721,0.0,-0.00828936388188,0.00883391302572,-0.999926621521,0.0,0.636896673448,0.228918100013,0.303692327059,1.0,-0.0932714285714,-0.122585306122,1.266
0.443511424114,0.413849213667,-0.124784968223,-1.5632469255,0.0662776005175,1.96871817434,0.128742937663,-0.0918118388538,-0.462458574406,-0.00815735096912,-0.679829354807,-0.0460081171358,0.245386934339,-0.114438880335,0.573653872623,0.819081648339,0.00268973602147,0.0,0.819046738585,-0.573591059244,-0.0116826225408,0.0,-0.00802636772646,0.0089049726273,-0.99992813686,0.0,0.635250738767,0.226652575051,0.303800391605,1.0,-0.0982497142857,-0.129128195918,1.284
0.441935822383,0.406440735098,-0.12482260788,-1.57456014332,0.0655179655853,1.97250110321,0.126828127667,-0.104516072528,-0.474832344787,-0.00206039762959,-0.720117168099,-0.0564150591564,0.230581285297,-0.126442965649,0.573653493957,0.819082218675,0.00259515382746,0.0,0.819045456713,-0.573590337556,-0.0118072605723,0.0,-0.00818271956884,0.00889899656647,-0.99992692281,0.0,0.633628799987,0.224546934637,0.303754575201,1.0,-0.102674857143,-0.134944097959,1.3
0.440264925986,0.398707160306,-0.124930914363,-1.58614685837,0.0647152859686,1.97646463301,0.124875793455,-0.106508470303,-0.503383625623,-0.0122790777911,-0.716883681054,-0.0514503973932,0.262212087983,-0.129912250187,0.57374176355,0.819020147725,0.00267082012524,0.0,0.818984362685,-0.573678310075,-0.0117710291777,0.0,-0.00810867459716,0.0089410631005,-0.99992715074,0.0,0.631993874867,0.222322695592,0.303800647413,1.0,-0.1071,-0.14076,1.316
0.438282255175,0.389739323038,-0.124995028701,-1.59959569474,0.0636894711009,1.98108289597,0.122592262718,-0.113126761735,-0.503230720193,-0.00167098945983,-0.77965307166,-0.0605700983708,0.247556634391,-0.133344664104,0.573775026061,0.818996657689,0.00272783125756,0.0,0.818962111803,-0.573711918624,-0.0116807859883,0.0,-0.00800168943643,0.00893630578374,-0.999928055115,0.0,0.630069578921,0.219745355068,0.303829600511,1.0,-0.112078285714,-0.147302889796,1.334
0.436301741579,0.380916415637,-0.125054219203,-1.61279525025,0.0626974692729,1.98539628269,0.120203906512,-0.113923192139,-0.529282520946,-0.00441068175251,-0.781042889559,-0.0558498441753,0.27453273058,-0.139186181738,0.57370196824,0.81904811225,0.00264355048573,0.0,0.819012376994,-0.573639063395,-0.0117344867518,0.0,-0.00809482124798,0.00889737001474,-0.999927652721,0.0,0.628110968682,0.217194785265,0.303833567343,1.0,-0.11678,-0.153482285714,1.351
0.434321268483,0.372434877081,-0.125107713813,-1.62549766553,0.0617688495069,1.98968159257,0.117929341775,-0.126900519168,-0.534343814427,-0.00517433141406,-0.773945963662,-0.0580135483048,0.265732932449,-0.145868989412,0.57370604339,0.819045143913,0.00267860255957,0.0,0.819009728321,-0.573642862682,-0.0117336231126,0.0,-0.00807396123935,0.00892562389104,-0.999927569571,0.0,0.626236957165,0.214716689448,0.303824722909,1.0,-0.121205142857,-0.159298187755,1.367
0.432079882977,0.363067752563,-0.12522904817,-1.63936550458,0.0606768404317,1.99421798692,0.115510117672,-0.13418866371,-0.565269118385,-0.0050228491407,-0.788479908364,-0.062580108197,0.274597433196,-0.150305612657,0.57383346526,0.818955981444,0.0026460358014,0.0,0.818920573834,-0.573770859736,-0.0116979130902,0.0,-0.00806201287773,0.00887971812384,-0.999928074691,0.0,0.624164157931,0.211916468468,0.303853989054,1.0,-0.125906857143,-0.165477583673,1.384
0.429738123969,0.353484531166,-0.12531653266,-1.65366743062,0.0596013174432,1.99883849889,0.112824139398,-0.139737712147,-0.581162885801,-0.00247429134228,-0.867007107697,-0.0576401903984,0.26951688484,-0.165040272587,0.573805278605,0.818976058605,0.00254255344806,0.0,0.81893897199,-0.57374268753,-0.0117913342179,0.0,-0.00819820681589,0.00884829628015,-0.999927245882,0.0,0.621971543023,0.209048021605,0.303804710468,1.0,-0.130608571429,-0.171656979592,1.401
