position_joint1,position_joint2,position_joint3,position_joint4,position_joint5,position_joint6,position_joint7,velocity_joint1,velocity_joint2,velocity_joint3,velocity_joint4,velocity_joint5,velocity_joint6,velocity_joint7,ee_T_00,ee_T_10,ee_T_20,ee_T_30,ee_T_01,ee_T_11,ee_T_21,ee_T_31,ee_T_02,ee_T_12,ee_T_22,ee_T_32,ee_T_03,ee_T_13,ee_T_23,ee_T_33,v_x,v_y,time
0.465079623251,0.547832481776,-0.123985662026,-1.35576775946,0.0794340099125,1.89409125381,0.159179164825,-0.000672839861606,0.00124325115836,0.000338182428444,0.00113555415655,-0.000124675391692,-0.000180576922807,-0.00188034297315,0.573794228033,0.81898552209,0.00190928900189,0.0,0.818942489245,-0.573736452096,-0.0118503057411,0.0,-0.00860996590485,0.00836339594386,-0.999927958453,0.0,0.661690323384,0.260891802714,0.303208068509,1.0,0.0,0.0,0.0
0.465079055072,0.547831781034,-0.123987082927,-1.35577340454,0.0794349906151,1.89408956832,0.159182705139,-0.00100907379812,-0.00164439217511,0.000102443171211,0.00119800361265,-4.92924058929e-05,0.000175346401476,-0.000891047660587,0.573793987152,0.818985675303,0.00191594831718,0.0,0.818942723359,-0.573736178414,-0.0118473768124,0.0,-0.00860374868254,0.00836716660505,-0.999927980422,0.0,0.66169055596,0.260891558385,0.303212931929,1.0,-0.00018,-0.000236571428571,0.01
0.465075798249,0.547829206967,-0.12398743756,-1.35577581927,0.0794340230538,1.89409090609,0.159185899355,-0.00204337551302,0.00037694964396,-0.000717725342265,-0.000360781803425,-0.000294291930535,0.000248951328783,0.00167025401997,0.573804551348,0.818978299901,0.00190474254424,0.0,0.818935209066,-0.573746793924,-0.0118527092137,0.0,-0.00861443756768,0.00836116020455,-0.999927938636,0.0,0.661689897187,0.260887307903,0.303206581048,1.0,-0.00038,-0.000499428571429,0.02
0.465079021383,0.547816335896,-0.123985363899,-1.35578087498,0.0794340230558,1.89409157925,0.159180405213,0.00139179308922,-0.00376361721537,0.000407631804336,-0.00314479498852,-0.000348005914406,1.86524167272e-05,-0.000211042517547,0.573796221909,0.81898411641,0.00191303194744,0.0,0.818941117677,-0.573738416231,-0.0118499966144,0.0,-0.00860754480888,0.00836630488545,-0.999927954962,0.0,0.66168789729,0.260890257288,0.303213282672,1.0,-0.00064,-0.000841142857143,0.033
0.46508011374,0.547785515069,-0.123987489834,-1.355821523,0.0794321516686,1.89409956724,0.159181322245,0.00147901334498,-0.00188931835436,-0.000104366450366,-0.00515443981454,0.000271644343703,0.000346108136117,0.0001233733829,0.573799287636,0.818981971846,0.00191159645605,0.0,0.818938950986,-0.573741484111,-0.0118511969222,0.0,-0.00860932019243,0.00836585021655,-0.999927943482,0.0,0.661681295385,0.260885568467,0.303216531058,1.0,-0.001,-0.00131428571429,0.051
0.465082543796,0.547664498918,-0.123984984222,-1.3559640646,0.0794313856403,1.89412363819,0.159181085285,0.000747916748089,-0.00526371153005,0.000629448414337,-0.0112443107048,0.00018793085771,0.00416830368569,-0.0019748726324,0.573802883547,0.818979431717,0.00192045789875,0.0,0.818936404403,-0.573744924871,-0.011860591448,0.0,-0.00861189327675,0.00837853577265,-0.999927815111,0.0,0.661655452234,0.260874807292,0.303236422581,1.0,-0.00134,-0.00176114285714,0.068
0.465069434988,0.547537098666,-0.123980378891,-1.35613146755,0.0794292384133,1.89415710348,0.159173922934,-0.000854246194981,-0.00438714852042,0.00103027404315,-0.0117407230571,0.000197673939888,0.00294199775878,-0.0037204305133,0.573813109282,0.818972263719,0.00192192012266,0.0,0.818929122134,-0.57375501367,-0.0118753572493,0.0,-0.00862304292297,0.00838831352694,-0.999927637045,0.0,0.66162959468,0.260852524761,0.303249744271,1.0,-0.00164,-0.00215542857143,0.083
0.465049998511,0.547358815309,-0.123985611863,-1.35636067237,0.0794243175406,1.89427071966,0.159165912382,-0.000621518576789,-0.0114933315922,-0.000534910971094,-0.0112379806506,-1.22467809031e-05,0.0110606472273,-0.000474320648381,0.573837800601,0.818954829,0.0019782722702,0.0,0.818912404663,-0.573779455872,-0.0118472110851,0.0,-0.00856740369061,0.00841857133776,-0.999927861023,0.0,0.661610964122,0.260818702181,0.303276971856,1.0,-0.002,-0.00262857142857,0.101
0.46503250046,0.547158538981,-0.123983654837,-1.35658433451,0.0794188605948,1.89440253774,0.159149607888,2.26267762067e-05,-0.00833718827882,-5.96533141988e-05,-0.0211322414698,0.000575459871688,0.00935832450657,0.000693542921431,0.573848721966,0.818946937299,0.00207487047975,0.0,0.818905751257,-0.573789971816,-0.0117976990537,0.0,-0.00847131273216,0.00846938095494,-0.999928250649,0.0,0.661595684822,0.260792427225,0.303323751004,1.0,-0.00234,-0.00307542857143,0.118
0.465006350454,0.54695809006,-0.123985300154,-1.3568405927,0.0794146156508,1.89451558939,0.159125232265,0.000469217543897,-0.016619652864,-0.000519096510992,-0.0213729276211,0.000369632082346,0.0072005388651,-0.00238707132093,0.573864601009,0.818935670264,0.00212945501773,0.0,0.818895125524,-0.573805566761,-0.0117767503762,0.0,-0.00842266998205,0.00850222418404,-0.999928382843,0.0,0.661572189106,0.260753387282,0.303353620536,1.0,-0.00266,-0.003496,0.134
0.464969048209,0.546718301371,-0.12398282275,-1.35721140667,0.0793984184132,1.89464867041,0.159032311285,-0.00476558368658,-0.0201821776824,-0.000150305319347,-0.0235437869829,-0.00394732924871,0.00117048821815,-0.00945688741661,0.573833746407,0.818957274038,0.00213581062196,0.0,0.81891673229,-0.573774610825,-0.011782548491,0.0,-0.00842409207483,0.00851043885043,-0.999928300981,0.0,0.661530056607,0.260695688643,0.30335839733,1.0,-0.003,-0.00394285714286,0.151
0.464935653625,0.546435133966,-0.123988289251,-1.35763082155,0.0793764513136,1.89481720617,0.158962884896,-0.00231843526473,-0.0163981619182,-0.00112642630642,-0.0297704186096,-0.00273811439198,0.0162969932053,0.000303842754394,0.573825758961,0.818962797646,0.00216363696027,0.0,0.818922628402,-0.573766527582,-0.0117663681283,0.0,-0.00839495692375,0.00852386049856,-0.999928431689,0.0,0.661486093573,0.260632255836,0.303374079436,1.0,-0.00334,-0.00438971428571,0.168
0.464893429716,0.546156357041,-0.123987785304,-1.35809334932,0.0793447711525,1.89496566496,0.158939938687,-0.00493845263621,-0.0196032360582,-0.00182258403623,-0.0344939686186,-4.45133495882e-05,0.0140409750271,-0.00378945354503,0.573858526951,0.818939921501,0.00213141247982,0.0,0.818899334149,-0.573799417132,-0.0117837316137,0.0,-0.00842732725628,0.0085077709273,-0.999928296424,0.0,0.661429548911,0.26055831757,0.303364154056,1.0,-0.00366,-0.00481028571429,0.184
0.464840821425,0.545813165026,-0.123988178,-1.35867723443,0.0792579353666,1.89517129055,0.158842825754,-0.00230184518332,-0.0192178903834,-0.00106569857896,-0.0333314021695,-0.0115697941122,0.0136524694825,-0.00483530294028,0.573831908217,0.818958724692,0.00207250191654,0.0,0.818917814973,-0.573773476522,-0.0117625193852,0.0,-0.00844403381893,0.00844708031773,-0.99992867002,0.0,0.661364196579,0.26045838384,0.303346950725,1.0,-0.00402,-0.00528342857143,0.202
0.464769864645,0.545455580525,-0.123986725612,-1.35930367457,0.0792510824309,1.89537806371,0.158776857531,-0.00355078959357,-0.0173951747032,0.000812298535899,-0.0367452736234,-0.000253539012547,0.0163888961191,0.00332777937062,0.57386805029,0.818933489866,0.00203640209559,0.0,0.818891788728,-0.573809435494,-0.0118201942895,0.0,-0.00851161009837,0.00845098751329,-0.999928064064,0.0,0.66128948255,0.260355553975,0.303319843276,1.0,-0.00436,-0.00573028571429,0.219
0.464708109941,0.545065097734,-0.123986711456,-1.35996418087,0.0792278514011,1.89558650805,0.158696102551,-0.00488117043188,-0.0212072005778,-0.00022708399813,-0.0443582069738,-0.00280129209591,0.0146523835137,-0.00471988753283,0.573882981324,0.818923132642,0.00199335684575,0.0,0.818880667101,-0.573824336164,-0.0118672311664,0.0,-0.00857467854293,0.00844288593716,-0.999927593661,0.0,0.661206918646,0.260251831726,0.303299943087,1.0,-0.00468,-0.00615085714286,0.235
0.464631152891,0.544640879913,-0.123993985217,-1.36068330658,0.0791972069409,1.89583409834,0.158601514877,-0.00657893549104,-0.0287806203927,-0.000916091839832,-0.0423642107504,-0.000187769289267,0.0162908284047,-0.00337624641738,0.573905531533,0.818907415409,0.00195774509527,0.0,0.818864374903,-0.573846920437,-0.0118993412069,0.0,-0.00862117874334,0.00843238780352,-0.999927282413,0.0,0.66112553584,0.260128785742,0.30327961333,1.0,-0.00502,-0.00659771428571,0.252
0.464561542385,0.544175539002,-0.123994896025,-1.36145853863,0.0791538576933,1.89611556162,0.158514862641,-0.00355042476472,-0.022827465871,-0.000282412762041,-0.0519997067623,-0.00493802267934,0.0180510307458,-0.0107013525834,0.573923901293,0.818894597547,0.00193404618973,0.0,0.818851207013,-0.5738653459,-0.0119168976017,0.0,-0.00864896749932,0.00842325059343,-0.99992711945,0.0,0.66103633183,0.260008413582,0.303264348702,1.0,-0.00536,-0.00704457142857,0.269
0.464496491365,0.543691846482,-0.123993130377,-1.3622419535,0.0791172965401,1.89638558802,0.158403562701,-0.00145613973229,-0.0331613174723,0.00060094001565,-0.0496043681235,-0.00299017085609,0.0165099344417,-0.00529889891982,0.573918580266,0.818898371045,0.0019152090269,0.0,0.818854591205,-0.573859964566,-0.0119434681863,0.0,-0.00868159200561,0.00842301817892,-0.999926838686,0.0,0.660941162262,0.2598922049,0.303257055416,1.0,-0.00568,-0.00746514285714,0.285
0.464411694455,0.543151032147,-0.123999783486,-1.36309612837,0.0790488641631,1.89668878799,0.158280698194,-0.00542697253637,-0.0314088778525,0.000215725784753,-0.0461844214063,-0.00648067732358,0.0223698235637,-0.00606778035714,0.573923010907,0.818895326813,0.00188896178073,0.0,0.818851402235,-0.573864696222,-0.0119347554961,0.0,-0.00868947432328,0.00839657147172,-0.999926992647,0.0,0.660839789331,0.259740377663,0.303257096182,1.0,-0.00604,-0.00793828571429,0.303
0.464337820223,0.54254217422,-0.12400297568,-1.36405680455,0.0789927830537,1.897031233,0.158169647932,-0.00379465089728,-0.034653652315,-0.000330499574522,-0.0518282863671,-0.00623811699221,0.027691076914,-0.00326918849426,0.573931434034,0.818889425956,0.00188785224998,0.0,0.818845424506,-0.573873062697,-0.0119425950853,0.0,-0.00869644471469,0.00840025163128,-0.999926901139,0.0,0.660732558127,0.259604986886,0.303262708052,1.0,-0.00638,-0.00838514285714,0.32
0.464267162687,0.541978455015,-0.124008171347,-1.36493211308,0.0789507587351,1.89736264057,0.158049064122,-0.00502288045886,-0.0328735350454,-3.49085829503e-05,-0.0574452708905,-0.00439504148727,0.0189728301593,-0.00412804369303,0.573929256373,0.818890915124,0.00190386637702,0.0,0.81884704317,-0.573870741139,-0.0119431678454,0.0,-0.0086877457036,0.00841367078289,-0.999926863935,0.0,0.660637591254,0.259483396941,0.303270377687,1.0,-0.00668,-0.00877942857143,0.335
0.464189050772,0.541329063627,-0.124007710939,-1.36592006375,0.0788911009512,1.89773312663,0.157918779399,-0.00113009639788,-0.036500032683,-0.000406353253319,-0.0647259286821,-0.00473598561704,0.0253287760682,-0.007901728552,0.573927483705,0.818892081882,0.00193612518601,0.0,0.818848631878,-0.5738688349,-0.0119258250766,0.0,-0.0086550484569,0.00843011454284,-0.999927008989,0.0,0.660520090298,0.25932990474,0.30329462773,1.0,-0.00704,-0.00925257142857,0.353
0.464108450148,0.54063743983,-0.124005915682,-1.36698787751,0.0788248266393,1.89812580442,0.157781198095,-0.00895942778613,-0.0424380097764,0.000804106731963,-0.0646985344873,-0.000989323494996,0.0215151863049,-0.00711836568263,0.573920997741,0.818896595838,0.00194950709989,0.0,0.818853312951,-0.573862286905,-0.0119194982994,0.0,-0.00864225436896,0.0084373731495,-0.999927058427,0.0,0.660394254477,0.259175969021,0.303309236499,1.0,-0.00738,-0.00969942857143,0.37
0.464022114221,0.539939534078,-0.124011613144,-1.36802961668,0.0787604568635,1.89850597202,0.157663462631,-0.00309087559677,-0.0498882415409,0.000121012279994,-0.0644981867398,-0.00507714736306,0.0330728032137,-0.00379015678898,0.573939641097,0.818883459287,0.00197873323518,0.0,0.818840584649,-0.573880833909,-0.0119009371356,0.0,-0.00861008926212,0.0084508493725,-0.999927222106,0.0,0.660275018157,0.259016549946,0.303339744038,1.0,-0.0077,-0.01012,0.386
0.463905104911,0.53914333219,-0.124009111981,-1.36925556397,0.0787016840837,1.89897603776,0.15750202081,-0.00599395122908,-0.0449609276956,0.00043582632082,-0.0655258063791,-0.00414069435501,0.0206168653599,-0.00873902814444,0.573953657468,0.818873531348,0.00202129601135,0.0,0.818831070078,-0.573894534917,-0.011894888314,0.0,-0.00858056366673,0.00848237794095,-0.999927208947,0.0,0.660139250775,0.258828067176,0.303359469812,1.0,-0.00806,-0.0105931428571,0.404
0.463790700686,0.538332609374,-0.124022604822,-1.3705262611,0.0786349108857,1.89946314039,0.157347062588,-0.00507216693149,-0.0445207866179,-0.00194842458111,-0.0721018817139,-0.00268790281801,0.0264049152757,-0.00422434400341,0.57398233443,0.818853371302,0.00204523110403,0.0,0.818811209317,-0.573923098439,-0.0118839166653,0.0,-0.00855754461264,0.00849597995727,-0.999927290734,0.0,0.660000064778,0.258626779563,0.303370005503,1.0,-0.00842,-0.0110662857143,0.422
0.463697581971,0.537692772684,-0.124017976267,-1.37154492198,0.0785582403555,1.89985911568,0.157203807626,-0.00539176224028,-0.0420557831721,0.000362554176456,-0.0742363124055,-0.00464478754746,0.0265113508019,-0.0116537570606,0.573973786165,0.818859348253,0.00205121306324,0.0,0.81881739034,-0.573914652364,-0.0118659167163,0.0,-0.0085394600077,0.00849045753907,-0.999927492248,0.0,0.659887221809,0.258469963538,0.303371156199,1.0,-0.0087,-0.0114342857143,0.436
0.463566996161,0.536743104936,-0.124018045414,-1.3730033722,0.0784703220056,1.90040019632,0.157040598665,-0.00889693012134,-0.0531323858395,0.00113709043933,-0.0755461713836,-0.00165220740551,0.0312234660013,-0.00418273564098,0.57400382396,0.818838224174,0.00207836774499,0.0,0.818796607466,-0.573944565005,-0.0118532191278,0.0,-0.00851316493481,0.00850571732566,-0.999927586776,0.0,0.659720680826,0.258245607035,0.303394361478,1.0,-0.00908,-0.0119337142857,0.455
0.463451947676,0.535886125578,-0.124032849599,-1.37435890194,0.0784027860486,1.90089875524,0.156879347845,-0.00355709205246,-0.0510148333062,-0.000617838051523,-0.0801630492324,-0.00919128424231,0.0252909032601,-0.00661082840372,0.57403281839,0.818817889402,0.00208189987793,0.0,0.818776243256,-0.57397346633,-0.0118604523326,0.0,-0.00851675923083,0.00851306294358,-0.999927493657,0.0,0.659564962531,0.258034368481,0.303397771222,1.0,-0.00942,-0.0123805714286,0.472
0.463335615697,0.535034999157,-0.124033982699,-1.37568167145,0.078326748816,1.90136961812,0.156717160145,-0.00557511143405,-0.0606910831253,0.000384386359529,-0.0818167815021,-0.00252323158847,0.0227705654832,-0.0111756351892,0.574048126484,0.818807153419,0.00208348077363,0.0,0.818765458347,-0.573988696702,-0.0118679053907,0.0,-0.00852179548709,0.00851879495858,-0.999927401932,0.0,0.659408530759,0.257830805536,0.303409603992,1.0,-0.00974,-0.0128011428571,0.488
0.463204218135,0.534152497671,-0.124039673954,-1.37715205343,0.0782271849535,1.90191034122,0.156537087693,-0.00913235002179,-0.0548606410754,0.000768972208657,-0.0854491744737,-0.0070080401403,0.0286759660525,-0.00986959049841,0.574066163348,0.818794632412,0.00203394542763,0.0,0.818752389814,-0.57400702873,-0.0118828465725,0.0,-0.00856227687018,0.00848700122222,-0.999927326472,0.0,0.659238435984,0.257598505706,0.303379354324,1.0,-0.01008,-0.013248,0.505
0.4630787619,0.5332783913,-0.124046075621,-1.37854905569,0.0781730613838,1.90244404743,0.156356586203,-0.00665630761623,-0.0594086586675,-0.000722428435014,-0.087550586196,-0.00168951361138,0.0293964370962,-0.00871433251226,0.57408770107,0.81877947498,0.00205663138745,0.0,0.818737289295,-0.574028234578,-0.0118989044465,0.0,-0.00856217909954,0.00851501944672,-0.999927089108,0.0,0.659079558915,0.257385176185,0.303377416259,1.0,-0.0104,-0.0136685714286,0.521
0.462956388418,0.532388932314,-0.124044520227,-1.38000593595,0.0780785664257,1.90298978498,0.156170853872,-0.00695808345305,-0.0571969396595,0.000460887246411,-0.0910208031772,-0.00547363790016,0.0284384769247,-0.0113960555785,0.574088988618,0.81877863112,0.00203304477769,0.0,0.818736173868,-0.574029653799,-0.01190718527,0.0,-0.00858248610542,0.00850047491202,-0.999927038768,0.0,0.658908799847,0.257165927759,0.303358357111,1.0,-0.01072,-0.0140891428571,0.537
0.462825620535,0.531412219031,-0.124041233972,-1.38158673377,0.0779821525735,1.90356207163,0.155968468328,-0.00825935504463,-0.0515341645973,0.00141278998358,-0.0961627952494,-0.00120311858579,0.0341120923087,-0.0112594280612,0.574088233618,0.818779228677,0.00200539496338,0.0,0.818736359173,-0.57402896143,-0.0119278040299,0.0,-0.00861524926554,0.00848966516983,-0.999926848857,0.0,0.658718215187,0.256930111756,0.303343881382,1.0,-0.01106,-0.014536,0.554
0.462684292322,0.530312952956,-0.124044263604,-1.38333867307,0.0778687796668,1.90417058577,0.155748202513,-0.00462954607608,-0.0644697021304,-0.000267879574284,-0.100006034027,-0.00840325638934,0.0319556782668,-0.0136125251713,0.57409025704,0.818777911449,0.00196351646349,0.0,0.818734495816,-0.574031158722,-0.0119499405203,0.0,-0.0086573943921,0.00846810612394,-0.999926667662,0.0,0.658502751592,0.256664727711,0.303337394877,1.0,-0.01142,-0.0150091428571,0.572
0.462563555811,0.529403800899,-0.124047801636,-1.38477529746,0.0777844840686,1.90470945806,0.155548595911,-0.00855761798124,-0.0595976359005,0.000228624789655,-0.0958376626705,-0.000814958946082,0.0386359601971,-0.0153935428812,0.574083548659,0.818782592229,0.0019729984968,0.0,0.818739280793,-0.574024392486,-0.0119471259989,0.0,-0.00864971606544,0.00847418301431,-0.999926682629,0.0,0.658334848867,0.256447513014,0.30334082893,1.0,-0.01172,-0.0154034285714,0.587
0.462418413218,0.52824499761,-0.124046781794,-1.38657794521,0.0776890995033,1.90539988645,0.155293760735,-0.0124573206653,-0.0635829634351,0.000387132207695,-0.0975020844204,-0.00169134644297,0.0427847324368,-0.0132262978358,0.574065194716,0.818795347544,0.0020193953417,0.0,0.818752515852,-0.574005724707,-0.0119370302095,0.0,-0.008615006178,0.00850618235841,-0.999926710579,0.0,0.658123545021,0.256185211518,0.303358628354,1.0,-0.01208,-0.0158765714286,0.605
0.462279466185,0.527109087967,-0.12404749792,-1.38833418933,0.0775624225574,1.90607749898,0.155046189048,-0.00415815388669,-0.071965775583,-0.000391527307927,-0.106109829421,-0.000996922121998,0.0447308036969,-0.0165826177467,0.574037638488,0.818814576554,0.00205565649363,0.0,0.818772416567,-0.573978220343,-0.0118945088688,0.0,-0.00855965998685,0.00851117448343,-0.999927143411,0.0,0.657919927601,0.255925317294,0.303380979438,1.0,-0.01242,-0.0163234285714,0.622
0.462117017507,0.525938831106,-0.124053073469,-1.39014327287,0.0774495004233,1.90674875553,0.154802559027,-0.0103225610595,-0.0703870380252,0.000431302705315,-0.108445337339,-0.00698242449141,0.0373808425777,-0.012143426511,0.574042207652,0.818811311805,0.00207999918699,0.0,0.818769502487,-0.573982723773,-0.011877773665,0.0,-0.00853193610334,0.00852154738232,-0.999927292005,0.0,0.657709363468,0.255643137776,0.303401684966,1.0,-0.01276,-0.0167702857143,0.639
0.461975342499,0.52484267767,-0.124064152462,-1.39188167822,0.0773403947279,1.90736606029,0.154564077384,-0.0115270879479,-0.0656831925402,-0.00175993321642,-0.112411552986,-0.00489100326712,0.04317031422,-0.00859903544396,0.574034734799,0.818816615235,0.00205444873852,0.0,0.818774494519,-0.573975376614,-0.0118886949073,0.0,-0.00855562265736,0.00850681783821,-0.999927215037,0.0,0.65749783859,0.255375843028,0.303399128262,1.0,-0.01308,-0.0171908571429,0.655
0.461817738531,0.523647360975,-0.124071109548,-1.39377643849,0.0772220063074,1.90804902595,0.154313444358,-0.0128241789806,-0.070369980791,-0.000582176180128,-0.107950231722,-0.00223966865006,0.042284031592,-0.0160998046863,0.574033157707,0.81881776507,0.00203675199758,0.0,0.818775421381,-0.573973879289,-0.0118971483163,0.0,-0.0085727190013,0.00849716368754,-0.999927150696,0.0,0.657268350898,0.255086204246,0.30339715358,1.0,-0.01342,-0.0176377142857,0.672
0.461677547043,0.52249643254,-0.124068760891,-1.39561365863,0.0771072787882,1.90875914491,0.15406279228,-0.00992310514542,-0.0681226237529,0.000664177221109,-0.121188701432,-0.0100242088019,0.0425112550769,-0.012413153987,0.574008711676,0.818834860645,0.00205348815487,0.0,0.818792760783,-0.573949393778,-0.0118850819173,0.0,-0.00855348579499,0.00850368551736,-0.999927259961,0.0,0.657049307109,0.254822110573,0.303393123418,1.0,-0.01374,-0.0180582857143,0.688
0.46149909504,0.521168219053,-0.124072328406,-1.3977200565,0.0769836833253,1.90957602437,0.15377164002,-0.00689144506505,-0.0719079103109,0.000405477951576,-0.119691406553,-0.00785585302044,0.0424432997377,-0.0203743379112,0.573998437297,0.818841982152,0.00208546070984,0.0,0.818800291747,-0.57393898458,-0.011868913834,0.0,-0.00852200180255,0.00852047787635,-0.999927385835,0.0,0.656803733534,0.254505644588,0.303394663681,1.0,-0.0141,-0.0185314285714,0.706
0.461326931076,0.519877152618,-0.124084140364,-1.39977147091,0.0768571997783,1.91031271862,0.153502813833,-0.00961042751346,-0.0771925898364,-0.00237849042381,-0.122338138868,-0.00579419056413,0.0441895332301,-0.0147908132516,0.57400267761,0.818839070558,0.00206143793035,0.0,0.818797073108,-0.573943327104,-0.0118809614493,0.0,-0.00854561141563,0.00850776682912,-0.999927292571,0.0,0.656553807018,0.254188743305,0.303389189715,1.0,-0.01444,-0.0189782857143,0.723
0.461173531966,0.518671400552,-0.124079530209,-1.40160312391,0.076728222391,1.91096734903,0.153252749313,-0.0122865026771,-0.0850100547196,0.00665042704395,-0.119286679805,-0.00613088148069,0.0435714482831,-0.0193201687736,0.573982382095,0.818853253111,0.00207889759504,0.0,0.81881155817,-0.57392303861,-0.0118627509578,0.0,-0.00852088904149,0.00851139930287,-0.999927472636,0.0,0.656328158924,0.253912803082,0.30342033207,1.0,-0.01474,-0.0193725714286,0.738
0.460988783087,0.517257265311,-0.124087620225,-1.40386202028,0.0765882713014,1.9117735212,0.152942173818,-0.00979214386276,-0.0816994388267,-0.000607550303657,-0.130176634985,-0.00508819017539,0.044548128751,-0.0228119418107,0.573966819482,0.818864252277,0.00204288483096,0.0,0.818822064354,-0.573907599524,-0.0118844872851,0.0,-0.00855951946224,0.00849422408286,-0.999927288748,0.0,0.656047877963,0.253569455082,0.303407625638,1.0,-0.0151,-0.0198457142857,0.756
0.46079846661,0.515823401121,-0.12409689838,-1.40613540912,0.0764531904468,1.91263447632,0.152623595909,-0.00774267733722,-0.0757299968793,-0.000710831555632,-0.128314009272,-0.00747673645698,0.0548701286462,-0.0185541952919,0.57394960286,0.818876278199,0.00205943686488,0.0,0.818834288908,-0.573890301066,-0.0118775650985,0.0,-0.00854452996821,0.00850362501317,-0.999927337045,0.0,0.655793363378,0.253242537398,0.303406617178,1.0,-0.01544,-0.0202925714286,0.773
0.460627483101,0.514588991369,-0.124096155676,-1.40809883124,0.0763298798369,1.91336536127,0.152359956991,-0.0119560909343,-0.0829719474146,-3.86536707346e-05,-0.130302521396,-0.00925140245865,0.0480067439249,-0.0181538237641,0.573945938054,0.818878851296,0.00205766704029,0.0,0.818836852054,-0.573886656908,-0.0118769374301,0.0,-0.00854506973994,0.00850177728192,-0.999927348144,0.0,0.655538188839,0.252926009547,0.30340043514,1.0,-0.01576,-0.0207131428571,0.789
0.460426486074,0.51311130744,-0.124094706075,-1.41051466663,0.0761838367752,1.9141906603,0.152023864133,-0.0166860461635,-0.0844620227585,0.000154922188003,-0.132871145671,-0.00931133403232,0.0493126833823,-0.0167689557677,0.573921346299,0.818896317829,0.00196362170478,0.0,0.818852922778,-0.573862287201,-0.0119462582884,0.0,-0.00865606513755,0.00846429297615,-0.999926711455,0.0,0.655225761337,0.252560331878,0.30335765925,1.0,-0.01612,-0.0211862857143,0.807
0.460231499661,0.511688186737,-0.124102533134,-1.41279454675,0.0760547240792,1.91502854806,0.151692993335,-0.0085538834002,-0.0810320163102,0.000619110862405,-0.134333779859,-0.00811821197604,0.0542984059035,-0.0228762431698,0.573900245082,0.818911137592,0.00195046760331,0.0,0.8188674597,-0.573841135142,-0.0119658666686,0.0,-0.00867989005708,0.00846455123411,-0.99992650274,0.0,0.65494550931,0.252212166995,0.30334226488,1.0,-0.01646,-0.0216331428571,0.824
0.460040116323,0.510291839501,-0.124103607077,-1.41498081077,0.0759221234351,1.91585916285,0.15138592198,-0.00944936305179,-0.0859696499056,-0.000309076326361,-0.13810201538,-0.00260482938399,0.0413602855128,-0.0232659469765,0.573884708053,0.818921945076,0.00198409600718,0.0,0.818878691119,-0.573825444615,-0.0119496963983,0.0,-0.00864751033542,0.00848264528746,-0.999926629955,0.0,0.654682316738,0.251880058451,0.303351324893,1.0,-0.01678,-0.0220537142857,0.84
0.459830384209,0.508790958532,-0.124106809721,-1.41734896187,0.0757637482208,1.91671955086,0.151059767837,-0.0132256130665,-0.0874349543275,0.000102166861342,-0.135690012071,-0.00913016345568,0.0480876064122,-0.0199105426178,0.573871807372,0.818931019565,0.00196997418287,0.0,0.818887649621,-0.573812671351,-0.0119491587943,0.0,-0.0086553072875,0.00847063596829,-0.999926664302,0.0,0.654389975446,0.251512498678,0.303349139328,1.0,-0.01712,-0.0225005714286,0.857
0.459620701887,0.50726573228,-0.124109760439,-1.41975386984,0.0756093364164,1.91758299398,0.150726253812,-0.0103973381664,-0.096967717472,0.000183684943705,-0.137347135897,-0.0133803454643,0.0475499012594,-0.0253958394516,0.573855213478,0.81894269067,0.00195198945229,0.0,0.818899078576,-0.573796147515,-0.0119593940091,0.0,-0.00867418128573,0.00846160587814,-0.999926577207,0.0,0.654088819121,0.251142013778,0.303346237341,1.0,-0.01746,-0.0229474285714,0.874
0.45941099837,0.505797193329,-0.124118306753,-1.42205466599,0.0754726675512,1.91844744359,0.15041905542,-0.0101442248396,-0.0921548007701,0.000107417210695,-0.142724199696,-0.0047291354028,0.0538049410708,-0.0179184637285,0.573863601864,0.818936748759,0.00197860766018,0.0,0.818893460707,-0.573804400708,-0.0119480810665,0.0,-0.00864955541053,0.00847700091892,-0.999926660134,0.0,0.653810673457,0.250782785248,0.303353014107,1.0,-0.01778,-0.023368,0.89
0.459194675183,0.504152927671,-0.124121709226,-1.4245252704,0.0753134029338,1.91940352164,0.150073309813,-0.0116229001759,-0.0945739100248,0.00106407315579,-0.142569943057,-0.00837102058947,0.0502504568239,-0.0170271788961,0.573844313468,0.818950004862,0.00208334783725,0.0,0.818908188765,-0.573784790206,-0.0118802274402,0.0,-0.00853408332572,0.00852363566961,-0.999927255883,0.0,0.653515477029,0.250407039712,0.303408880357,1.0,-0.01812,-0.0238148571429,0.907
0.458955486307,0.502476358392,-0.124128801198,-1.42700132167,0.0751547154622,1.92034382054,0.149730610624,-0.0100265724942,-0.0969165843113,-0.00119752984085,-0.148832972815,-0.00452112358545,0.0504472239689,-0.0159608046093,0.57384869829,0.818946630677,0.00219874414884,0.0,0.818906410427,-0.573788811721,-0.0118083617128,0.0,-0.0084089651447,0.00857694380895,-0.999927860068,0.0,0.653222121981,0.250013110916,0.303482779579,1.0,-0.01846,-0.0242617142857,0.924
0.458733103309,0.500869721875,-0.124134087651,-1.42943011148,0.075001325004,1.92118976152,0.149390922568,-0.01464556412,-0.100971385042,-6.80378518289e-05,-0.152467344455,-0.00393312117842,0.0506618817804,-0.0217442514281,0.573838647751,0.818953618712,0.00221892929298,0.0,0.818913607584,-0.573778629471,-0.011804006799,0.0,-0.00839392148375,0.0085908720928,-0.999927866898,0.0,0.65291345848,0.249630579029,0.303521547668,1.0,-0.01878,-0.0246822857143,0.94
0.458476826726,0.499063693298,-0.124137661058,-1.43219092879,0.074824055524,1.9221995195,0.149003471717,-0.0188203688314,-0.0985085935937,-0.00114863314677,-0.155431712636,-0.00928157768513,0.0584494181313,-0.0181543773005,0.57382625414,0.818962185124,0.00226192368498,0.0,0.818922750626,-0.573766089959,-0.0117791944496,0.0,-0.00834906046223,0.00861171759586,-0.999928063167,0.0,0.65257093317,0.249197484361,0.303554916103,1.0,-0.01914,-0.0251554285714,0.958
0.458223610511,0.497384533782,-0.124130684564,-1.43484792705,0.0746586002583,1.92317601006,0.14860048217,-0.0120292058916,-0.100979776749,0.000981610136573,-0.159470133598,-0.00880808955213,0.0570720112786,-0.0228107797505,0.573788659254,0.818988528007,0.00226106290233,0.0,0.8189489995,-0.573728417632,-0.0117892290225,0.0,-0.00835816820296,0.00861638700826,-0.999927946854,0.0,0.652238437068,0.248782973009,0.303545438778,1.0,-0.01948,-0.0256022857143,0.975
0.457977960885,0.495816861171,-0.124135567644,-1.4373706966,0.0745067592782,1.92405090388,0.1482324222,-0.0113171565324,-0.100679489854,-0.000289843781868,-0.16194228728,-0.010528384149,0.046092981745,-0.0199579392149,0.573778183168,0.818996047108,0.0021950496424,0.0,0.818955506252,-0.57371804207,-0.0118420388174,0.0,-0.00843940588276,0.00859251694136,-0.99992746991,0.0,0.651914029982,0.248376414742,0.303513158052,1.0,-0.0198,-0.0260228571429,0.991
0.457703591572,0.494140911948,-0.124133000132,-1.4401205216,0.0743348880423,1.92502371676,0.147852178472,-0.0195788389188,-0.0999190768978,0.00209052012328,-0.163978453629,-0.00660341083131,0.0585923544393,-0.0182100346292,0.573781474074,0.818993970491,0.00210789231509,0.0,0.818952166987,-0.573721551986,-0.0119027675344,0.0,-0.00853911599683,0.00855601521047,-0.999926936382,0.0,0.651562324021,0.247933555473,0.30345597142,1.0,-0.021276,-0.0279627428571,1.008
0.457407422207,0.492083622614,-0.124168164249,-1.44334556403,0.0741315742848,1.92623243386,0.147391139705,-0.0166857981713,-0.122361958228,-0.000602339260642,-0.185327519866,-0.00597137661716,0.0682334536231,-0.0255931006962,0.573778606957,0.818995918868,0.0021311914358,0.0,0.818954571085,-0.57371874417,-0.0118726571204,0.0,-0.00850111692643,0.00855779039561,-0.999927244971,0.0,0.651166462282,0.24741403859,0.303458766888,1.0,-0.0246085714286,-0.0323426938776,1.026
0.457093849761,0.490062563578,-0.124174309212,-1.4466392987,0.0739386246774,1.92738814143,0.146900995756,-0.0213139114584,-0.127557447843,0.000240105304458,-0.213605339335,-0.0123593140689,0.0778635264116,-0.0305543720314,0.57375061411,0.819015769542,0.00203689752089,0.0,0.818972942733,-0.573690889891,-0.0119511015865,0.0,-0.00861975706838,0.00852527996931,-0.999926506994,0.0,0.650737685692,0.246889980911,0.30339741336,1.0,-0.0275708571429,-0.0362359836735,1.042
0.456708798423,0.48757886809,-0.124192976713,-1.45054975649,0.0737045182548,1.92882516257,0.146345243249,-0.0268639463846,-0.153385925958,0.00042172782669,-0.240242213123,-0.0151283985759,0.0926939335285,-0.0337870869513,0.573755311119,0.819012457844,0.00204542399798,0.0,0.81896965293,-0.573695462504,-0.0119570390722,0.0,-0.00861967944803,0.00853571919367,-0.999926418605,0.0,0.650247362194,0.246257667453,0.303387646351,1.0,-0.0307182857143,-0.0403726040816,1.059
0.456268909128,0.484817077149,-0.124231152145,-1.45476037257,0.0734424654248,1.93043451836,0.145697410257,-0.0273240028307,-0.168569600691,-0.00548896442652,-0.258893970933,-0.0143626927029,0.0978572465519,-0.0453365956157,0.573749824997,0.819015974619,0.00217221921284,0.0,0.818975000876,-0.573689640029,-0.0118697836649,0.0,-0.00847552595869,0.00858944490566,-0.999927190797,0.0,0.649741925502,0.245553747456,0.30344193642,1.0,-0.0338657142857,-0.0445092244898,1.076
0.455836357296,0.482179111224,-0.12427093164,-1.45887131945,0.0731911513602,1.93182691239,0.145079246827,-0.0261203587883,-0.175997455544,-0.00555265616618,-0.27999287965,-0.019163936062,0.091754305873,-0.040855888002,0.573759576588,0.819009322839,0.0021033966023,0.0,0.818967309711,-0.573699524296,-0.0119225982071,0.0,-0.00855816622513,0.00856348282934,-0.999926709591,0.0,0.649209071077,0.244851640577,0.30343739548,1.0,-0.0366428571429,-0.0481591836735,1.091
0.455273022467,0.478723910827,-0.124326486119,-1.46423796971,0.072866281865,1.93375944842,0.144288153467,-0.0374222974271,-0.19597298333,0.000311863652499,-0.303652920419,-0.00992311128523,0.115007810212,-0.0423225986467,0.573786818905,0.818990202565,0.00211694464589,0.0,0.818948334786,-0.573726676656,-0.0119194104895,0.0,-0.00854749736073,0.00857303397805,-0.999926719004,0.0,0.648532556359,0.243942550219,0.30344702563,1.0,-0.0399754285714,-0.0525391346939,1.109
0.454646264433,0.474963131017,-0.124360635131,-1.4699835651,0.0725193259964,1.9358829307,0.143471403704,-0.0385833340457,-0.211643369297,-0.00340599634779,-0.32998193079,-0.0217254080099,0.119791956382,-0.0460867446046,0.573839975925,0.818952643531,0.00223530432044,0.0,0.818912255001,-0.573779288837,-0.0118656315446,0.0,-0.00843498139685,0.00863965816175,-0.999927101041,0.0,0.647815234087,0.242974048379,0.303500641332,1.0,-0.043308,-0.0569190857143,1.127
0.454085845001,0.471640342315,-0.124386465683,-1.47512523373,0.0721998582148,1.93768954623,0.142705302962,-0.0401569849798,-0.225504657986,-0.00133336580261,-0.344362751315,-0.0209572977121,0.122313276844,-0.0440497656995,0.573849693649,0.818945860246,0.00222575509146,0.0,0.818905182231,-0.573788874282,-0.0118902130723,0.0,-0.00846049015529,0.00864604397087,-0.999926830338,0.0,0.647147701835,0.242103077651,0.303508149047,1.0,-0.0460851428571,-0.060569044898,1.142
0.453415185532,0.467570144632,-0.124398888344,-1.48121837201,0.0718101694132,1.93998384156,0.14171458115,-0.0409873020494,-0.242880808786,-0.00163715648194,-0.369410135113,-0.0198087808853,0.141843304435,-0.0555877422227,0.573780381061,0.818993777139,0.00245239025318,0.0,0.818956128229,-0.573718781699,-0.011762927477,0.0,-0.00822694045042,0.00875790565365,-0.999927805664,0.0,0.646382961586,0.241088205378,0.303617460935,1.0,-0.0492325714286,-0.0647056653061,1.159
0.452655460351,0.463040819835,-0.124411091133,-1.48818388737,0.0713514307604,1.94240394485,0.140647449677,-0.0399886896253,-0.256450195612,-0.00127964711052,-0.395262501156,-0.0309192238578,0.134231576108,-0.0668055858761,0.573739099302,0.819022751733,0.00243412741895,0.0,0.818984706163,-0.573677404235,-0.0117912613118,0.0,-0.00826106643787,0.0087587894075,-0.999927516568,0.0,0.64545527766,0.239918168505,0.303635190402,1.0,-0.0525651428571,-0.0690856163265,1.177
0.45192514053,0.458820994462,-0.124421746451,-1.49472334424,0.0709126856819,1.94466959172,0.139676884936,-0.0460994555307,-0.273008090833,0.00133689616989,-0.413105827109,-0.0311949486792,0.142704386671,-0.058172369546,0.573733603171,0.819026762318,0.00237951703351,0.0,0.818987889685,-0.573671993303,-0.0118333237126,0.0,-0.00832690684686,0.00873813932114,-0.999927151118,0.0,0.644578681854,0.238808347578,0.303624640933,1.0,-0.0555274285714,-0.0729789061224,1.193
0.451140543758,0.454439483285,-0.124443134868,-1.50158446143,0.0704454697962,1.94711371743,0.138607358348,-0.0433846063144,-0.275908855289,-0.00218814049888,-0.437029946199,-0.0317700470918,0.15632207311,-0.0648756496652,0.573703356574,0.81904808892,0.00233100689136,0.0,0.819008636549,-0.573641991931,-0.0118518037967,0.0,-0.00837019496574,0.00870870206499,-0.999927046511,0.0,0.643670008673,0.237630119412,0.303583856198,1.0,-0.0584897142857,-0.0768721959184,1.209
0.45019915031,0.449131273407,-0.124501371138,-1.50950351273,0.0699124198621,1.95009944495,0.137361782286,-0.0538755232676,-0.295828456459,-0.00146786916914,-0.451760243935,-0.0281408352866,0.167231180669,-0.0640020415533,0.573711374329,0.819041589787,0.00262298815641,0.0,0.819006393774,-0.573649427117,-0.0116451116797,0.0,-0.00803330979625,0.00882934708917,-0.999928751744,0.0,0.642666026155,0.236243883899,0.30371758759,1.0,-0.0618222857143,-0.0812521469388,1.227
0.449305145002,0.444236258979,-0.12452333347,-1.51704416233,0.0694064296846,1.95260657156,0.136228199467,-0.0526385633106,-0.31070335016,-0.000439703072611,-0.479018743784,-0.0350534101865,0.155768292912,-0.0729484259487,0.573729621093,0.819029186178,0.00250219294647,0.0,0.818992119397,-0.573667774727,-0.0117447651143,0.0,-0.00818403552194,0.00878776513494,-0.999927895774,0.0,0.641619872963,0.2349238949,0.303699966419,1.0,-0.0647845714286,-0.0851454367347,1.243
0.44830564849,0.438863836809,-0.124544332813,-1.52544290924,0.0688283448394,1.95542728859,0.134881287724,-0.0576862524034,-0.317375079046,0.000427670199383,-0.498888824394,-0.0304739109817,0.164789244399,-0.0769561440103,0.573672115026,0.819070014641,0.00231569814307,0.0,0.819030270136,-0.573610717658,-0.0118704713443,0.0,-0.00839459948611,0.00870655290625,-0.999926860643,0.0,0.64044712911,0.233454223046,0.303621956994,1.0,-0.067932,-0.0892820571429,1.26
0.447231473954,0.433165419057,-0.124555876554,-1.53390492173,0.0682657696997,1.95856491073,0.133495748183,-0.0635497003693,-0.340514648755,-0.00207784484768,-0.499669444276,-0.0340091381392,0.198196255038,-0.0872776403958,0.573640759314,0.8190910375,0.00262648868647,0.0,0.819055436156,-0.573578313693,-0.0116986095671,0.0,-0.00807588478168,0.00886220973661,-0.999928118078,0.0,0.639332397905,0.231964123886,0.303755135495,1.0,-0.0710794285714,-0.093418677551,1.277
0.446134584434,0.427751835997,-0.124599441182,-1.54227526024,0.0676589689861,1.96143904424,0.132154306916,-0.0712548576923,-0.342123511765,-0.00178715862221,-0.531298759609,-0.0399764629776,0.17453048437,-0.0841930042142,0.573663342595,0.819075546155,0.00252308439499,0.0,0.81903877385,-0.573601453057,-0.0117305960233,0.0,-0.00816115659688,0.00879608622644,-0.999928009604,0.0,0.638182288953,0.230426865656,0.303709361945,1.0,-0.0740417142857,-0.0973119673469,1.293
0.444928442479,0.421701753433,-0.124707119747,-1.55159274978,0.0669858876421,1.96448263669,0.13061650845,-0.0702890045349,-0.358380084297,-0.00556778281779,-0.558778271756,-0.0396252182458,0.167364624948,-0.0934786769671,0.573677254367,0.819066468243,0.00229680695454,0.0,0.819026873407,-0.573616339908,-0.0118330946496,0.0,-0.00837476628451,0.00866969078647,-0.999927347236,0.0,0.63686543119,0.228684413034,0.303654362463,1.0,-0.0771891428571,-0.101448587755,1.31
0.443635937857,0.415371225557,-0.124759288151,-1.56099038989,0.0663357581081,1.9678827525,0.129120565582,-0.0785015641494,-0.372159142428,-0.0030104841534,-0.550598958336,-0.0302652327172,0.203444186455,-0.0892692081302,0.573760659365,0.819007271037,0.00255786129185,0.0,0.818971323831,-0.573699037005,-0.0116675868509,0.0,-0.00808855163614,0.00878938659609,-0.999928658463,0.0,0.635597663465,0.226943597419,0.30377048712,1.0,-0.0803365714286,-0.105585208163,1.327
0.442363387616,0.409313922337,-0.124764365502,-1.5701647672,0.065714590406,1.97103725497,0.127548181859,-0.0757487316389,-0.383373372902,-0.000511469542986,-0.582357709973,-0.0444141042379,0.194870812717,-0.0930550100368,0.573721811917,0.819034369071,0.00259455440867,0.0,0.818998518059,-0.573659650175,-0.0116953015702,0.0,-0.00809061853772,0.00883495592381,-0.999928240148,0.0,0.634300071016,0.225258495097,0.303776558097,1.0,-0.0832988571429,-0.109478497959,1.343
0.44091823916,0.40272433811,-0.124836511035,-1.5803326148,0.0649856392333,1.97437803631,0.125874903356,-0.085198265736,-0.388983010009,-0.00916615131817,-0.59447970091,-0.0404032061348,0.199393664754,-0.109850954407,0.573792569221,0.81898547961,0.00237035773133,0.0,0.818946530937,-0.573731032351,-0.0118333800714,0.0,-0.00833157907369,0.00873126989893,-0.999927172206,0.0,0.632833221211,0.223316766258,0.303678493325,1.0,-0.0864462857143,-0.113615118367,1.36
0.439327101193,0.395356975064,-0.124909538048,-1.59113032133,0.0641815256584,1.97824688415,0.124015679356,-0.0947982497318,-0.400733937861,-0.00256571459056,-0.609592174909,-0.0513960209503,0.215775516116,-0.10936819527,0.573826477003,0.81896072162,0.00269399980263,0.0,0.818926655541,-0.573764503897,-0.0115833420649,0.0,-0.00794073359973,0.00885318706871,-0.999929280414,0.0,0.631342424111,0.2212464983,0.303836485048,1.0,-0.0897788571428,-0.117995069388,1.378
0.43792970186,0.389149854962,-0.124934452163,-1.60056196988,0.0634814852314,1.98130397754,0.122428061093,-0.0960988430554,-0.410106848569,-0.00419484998108,-0.636247748652,-0.0415860998206,0.195004565193,-0.110319733556,0.57385437205,0.81894168498,0.00253439999935,0.0,0.818905322222,-0.573792701083,-0.0116942858853,0.0,-0.00812287435683,0.00878641989722,-0.999928406306,0.0,0.629944997576,0.2194391683,0.303782967755,1.0,-0.092556,-0.121645028571,1.393
