position_joint1,position_joint2,position_joint3,position_joint4,position_joint5,position_joint6,position_joint7,velocity_joint1,velocity_joint2,velocity_joint3,velocity_joint4,velocity_joint5,velocity_joint6,velocity_joint7,ee_T_00,ee_T_10,ee_T_20,ee_T_30,ee_T_01,ee_T_11,ee_T_21,ee_T_31,ee_T_02,ee_T_12,ee_T_22,ee_T_32,ee_T_03,ee_T_13,ee_T_23,ee_T_33,v_x,v_y,time
0.465093911051,0.547607717843,-0.123988868484,-1.3557486045,0.0794480472531,1.89408893267,0.159183912532,0.00130200388823,0.000729212158715,0.000792533404976,0.0027156931971,0.000130569934337,-0.000305575335954,0.00629717325836,0.573790905542,0.818987311033,0.00212790620306,0.0,0.818947027364,-0.573732170197,-0.0117435153551,0.0,-0.00839710348916,0.00848112805735,-0.999928777024,0.0,0.661696442096,0.260906790585,0.303376344217,1.0,0.0,0.0,0.0
0.465090696888,0.547605291299,-0.123993843801,-1.35574868564,0.0794495710836,1.89408737721,0.159178915677,0.000267696471512,-0.00179475764156,-0.00145380213832,0.00133478142876,-0.000190860973367,2.57780688159e-05,0.00892763089418,0.573793314963,0.818985621718,0.00212838519234,0.0,0.818945353311,-0.573734586616,-0.0117422021922,0.0,-0.00839572820798,0.00848079156564,-0.999928791426,0.0,0.661698073078,0.260901948068,0.303378056965,1.0,-8e-05,-0.000105142857143,0.005
0.465090343653,0.547604978401,-0.123990712998,-1.35575491823,0.0794480281851,1.89409313292,0.159184370549,0.000325863214843,-0.000101923060152,-0.00566173000731,-0.000753624407304,0.000157956548165,0.000798738997605,-0.000105022247336,0.573795854915,0.818983843054,0.0021280505956,0.0,0.818943569867,-0.573737127107,-0.0117424551829,0.0,-0.0083961010885,0.00848068874164,-0.999928789167,0.0,0.661697260493,0.260902931484,0.303375705602,1.0,-0.00044,-0.000578285714286,0.023
0.46508753688,0.547588046186,-0.123991038762,-1.35576657113,0.0794462493592,1.89409541117,0.159176539173,0.000674554328877,-0.00165950943879,0.000684426019523,-0.000751859954755,-0.00013700791394,0.0008390490796,-0.00115127024212,0.573792117616,0.818986445372,0.00213423543918,0.0,0.818946260753,-0.573733374847,-0.0117381210409,0.0,-0.0083890414404,0.00848322878979,-0.999928826874,0.0,0.661696398361,0.260899592325,0.303382359479,1.0,-0.00078,-0.00102514285714,0.04
0.465090308429,0.547484265427,-0.123986402278,-1.35585426086,0.0794430555436,1.89410610116,0.159174792928,2.56174020027e-05,-0.0117737489281,0.000554527763832,-0.00902237499635,-0.000279980719878,0.00295741004645,-0.00118816600338,0.573789005025,0.818988554711,0.00216144971273,0.0,0.81894865468,-0.573730088809,-0.0117317131662,0.0,-0.00836821118862,0.00850180804541,-0.999928843619,0.0,0.661679561789,0.26089527434,0.303414907978,1.0,-0.00114,-0.00149828571429,0.058
0.46509240386,0.547365342379,-0.123989243432,-1.3559940833,0.0794474518437,1.89413567629,0.15917921966,0.00100357070169,-0.00880783287052,-0.000741623129479,-0.0120514652531,0.000199237270573,0.00109225253246,0.00156624820464,0.573801688238,0.818979628384,0.00217664155637,0.0,0.818939798634,-0.573742583351,-0.0117388740388,0.0,-0.00836522780492,0.00851848814665,-0.999928726622,0.0,0.661656405071,0.260882701637,0.303435267615,1.0,-0.00144,-0.00189257142857,0.073
0.465071957935,0.547223626231,-0.123991749302,-1.35619798955,0.0794400294526,1.89419802561,0.159164349429,-0.0019833591375,-0.00657292017432,0.00042396826813,-0.0130632931691,0.000254281529735,0.0102972028079,-0.000991576991698,0.57381734926,0.818968648042,0.00217947558604,0.0,0.818928807596,-0.573758183258,-0.0117431740048,0.0,-0.00836696047569,0.00852343642478,-0.999928669958,0.0,0.66163215751,0.26084841037,0.303444080301,1.0,-0.00178,-0.00233942857143,0.09
0.46505203067,0.54705611391,-0.123986737779,-1.35639588254,0.0794340698725,1.89431014406,0.159156488238,-0.00446633459325,-0.00962478137893,0.00108939509197,-0.0109897615411,0.000254406530667,0.00831029034629,-7.63528525381e-05,0.573833412032,0.818957194681,0.00225286866456,0.0,0.818918281681,-0.573773940684,-0.0117072550844,0.0,-0.00829526315938,0.00856309433237,-0.999928928487,0.0,0.661617949888,0.260823496446,0.303478102976,1.0,-0.0021,-0.00276,0.106
0.465027176533,0.546853165665,-0.123989243469,-1.35663018755,0.0794337928826,1.8944432392,0.159140137291,-0.00203941664825,-0.0147536053188,-0.00238860967006,-0.0201688712083,-0.000234324749468,0.00658496391868,0.000281577338729,0.573860080393,0.818938243555,0.00234697146525,0.0,0.818900552899,-0.573800260937,-0.0116572685857,0.0,-0.0082000480974,0.00861174312103,-0.999929296046,0.0,0.661603591349,0.260786411516,0.303522353212,1.0,-0.00246,-0.00323314285714,0.124
0.464997702469,0.546623141885,-0.123988868644,-1.35694211801,0.0794212680202,1.89457448984,0.159123235709,-0.000651957696967,-0.0179574958069,0.000358179055055,-0.0195421839302,4.7240639076e-05,0.0117884033064,-0.000302096935137,0.573879585829,0.81892444704,0.00239121512673,0.0,0.818887248147,-0.573819518063,-0.0116439861611,0.0,-0.00816357619083,0.00864054788768,-0.999929345982,0.0,0.661572196384,0.260743060968,0.30354777119,1.0,-0.00278,-0.00365371428571,0.14
0.464958719116,0.546374455279,-0.123990199291,-1.35733620583,0.0794105381483,1.89470902138,0.159010806648,-0.000598271625502,-0.0178495078468,-5.31846313163e-05,-0.0245618669118,-0.00103676029537,0.0110558207681,-0.00331512799615,0.573839510236,0.818952533826,0.00238971399609,0.0,0.818915186248,-0.5737793161,-0.0116602336911,0.0,-0.00817816691903,0.00864824237818,-0.999929160236,0.0,0.661526245803,0.260680381528,0.303548012018,1.0,-0.00312,-0.00410057142857,0.157
0.464917841104,0.546089341974,-0.123989921251,-1.35778850944,0.0793880875916,1.89486507249,0.158949326629,-0.000434695712815,-0.0161529826369,0.000968920663668,-0.0296555266785,-0.000248570538374,0.0111346065937,-0.00160574091473,0.573841723155,0.818951002448,0.00238311905192,0.0,0.818913507704,-0.573781487487,-0.0116712646311,0.0,-0.00819096197644,0.0086491935132,-0.99992904728,0.0,0.661472940146,0.260610511977,0.303548116722,1.0,-0.00346,-0.00454742857143,0.174
0.464873070478,0.545785911511,-0.123997729434,-1.35828757156,0.0793343775929,1.89504109669,0.158920086102,-0.00571208059344,-0.0211891046541,-0.00192109496799,-0.0300720097524,-0.00611212107988,0.00864880611791,-0.00488078599463,0.57387352472,0.818928811726,0.00235071311851,0.0,0.818891126705,-0.573813644991,-0.0116606314953,0.0,-0.00820051371683,0.0086168717123,-0.999929248045,0.0,0.661417951852,0.260524370601,0.303540859981,1.0,-0.0038,-0.00499428571429,0.191
0.46482132548,0.545470975689,-0.123997755741,-1.35882898169,0.0792481906534,1.89522553071,0.158810519029,-0.00152970215532,-0.0194709755964,-0.00288918096284,-0.0355469745931,-0.000768262221969,0.0102070956998,-0.0135469611344,0.573833514219,0.818957033173,0.0022853176525,0.0,0.818918937501,-0.573774333991,-0.0116419223661,0.0,-0.00822313590817,0.00855217978339,-0.999929617652,0.0,0.661357021024,0.260428558956,0.303521984311,1.0,-0.00412,-0.00541485714286,0.207
0.464756506193,0.545083302446,-0.123993218272,-1.35949470097,0.079244138482,1.89544129336,0.158767937,-0.00655722071493,-0.0279043339272,-0.000280058904419,-0.0425395625115,0.000274949347296,0.0159620546289,0.000699015900836,0.573884515436,0.818921385282,0.00225268116461,0.0,0.818882486336,-0.573825055551,-0.011705814608,0.0,-0.00829365669877,0.00856263175426,-0.999928945774,0.0,0.661273392289,0.260328374052,0.303498128519,1.0,-0.00446,-0.00586171428571,0.224
0.464697017753,0.544648472184,-0.123999120243,-1.36022785002,0.0792231047158,1.89569460235,0.158656772441,0.000124296557424,-0.0242685773371,-0.000441541388283,-0.0432301040598,-0.000792032903072,0.0174656025071,-0.00730289516074,0.573881595223,0.818923506505,0.00222532247686,0.0,0.818884043849,-0.573822024115,-0.0117453936324,0.0,-0.00834180049624,0.00856291116557,-0.999928542905,0.0,0.661184874316,0.260218088691,0.303479097112,1.0,-0.00482,-0.00633485714286,0.242
0.464627643384,0.544270151361,-0.124004533181,-1.36087730503,0.0791958730712,1.89591480184,0.15857922489,-0.00702232944057,-0.0285025680471,0.00115074471635,-0.0440086011281,4.09579991188e-05,0.0188122103664,-0.00360742273214,0.573903524943,0.818908229468,0.00219149916549,0.0,0.818868203004,-0.573843953393,-0.0117783769841,0.0,-0.00838799279192,0.00855436575084,-0.999928229626,0.0,0.661105067423,0.260104235826,0.303459090815,1.0,-0.00514,-0.00675542857143,0.258
0.464557895964,0.543750855546,-0.124004771042,-1.36171534403,0.0791556926304,1.89621698766,0.158471927535,-0.00685570550211,-0.029226827804,-0.00067056942378,-0.0446802793358,6.00480735972e-05,0.0156251307457,-0.00565459109949,0.573911520497,0.818902657242,0.00217979447751,0.0,0.818862354261,-0.573851866638,-0.0117994419855,0.0,-0.00841187722083,0.00855695207644,-0.999928006855,0.0,0.661016842249,0.259989229494,0.303452942648,1.0,-0.00546,-0.007176,0.274
0.46447233788,0.543229096324,-0.124005473383,-1.36254192811,0.0790995537034,1.89650468136,0.158381834701,-0.00721554198452,-0.0351688188618,0.000211163034566,-0.0464715293465,-0.00076860282001,0.0141602247688,0.000179625481376,0.573940744246,0.818882229568,0.00215941974871,0.0,0.818841717466,-0.573881222874,-0.0118038413964,0.0,-0.00842686775738,0.00854309297279,-0.999927999139,0.0,0.660918181234,0.259844811268,0.303452337675,1.0,-0.00582,-0.00764914285714,0.292
0.46441057659,0.542713200988,-0.124013680251,-1.36337511385,0.0790581373718,1.89679869687,0.158262379696,-0.00256970728519,-0.0330418056354,-0.00150082059069,-0.0530241458442,-0.0039245410115,0.0212131333411,-0.00789963525403,0.573934500041,0.818886650795,0.0021423616312,0.0,0.818845848806,-0.57387497745,-0.0118208734955,0.0,-0.00845067047504,0.0085388354471,-0.999927834625,0.0,0.66081873487,0.259720362034,0.303446427752,1.0,-0.00614,-0.00806971428571,0.308
0.464333472072,0.54212855001,-0.124008432918,-1.36429642938,0.0789972601796,1.89713037424,0.15812798937,-0.00584320315479,-0.0289514467429,7.7598755475e-05,-0.0495427370468,-0.000173572471114,0.0238201916267,-0.00214454698691,0.573918826186,0.818897651185,0.00213652371688,0.0,0.818856771197,-0.573859326443,-0.011824069527,0.0,-0.00845680152161,0.00853572735524,-0.999927809328,0.0,0.660710160785,0.259583427564,0.303449925553,1.0,-0.00648,-0.00851657142857,0.325
0.464257563243,0.541501265688,-0.124011604714,-1.36525857062,0.078943589464,1.89748165092,0.158006193714,-0.00611501638941,-0.0372362264189,0.00148994553693,-0.0564055077669,-0.000427087257234,0.0167535622054,-0.0108779853091,0.573922516818,0.818895023437,0.00215225010876,0.0,0.818854309714,-0.573862916003,-0.0118203214749,0.0,-0.00844466849387,0.00854649247408,-0.999927819915,0.0,0.660598270823,0.259440621953,0.303466049097,1.0,-0.00682,-0.00896342857143,0.342
0.464176488701,0.540882140784,-0.124011617527,-1.36621286546,0.0788886326646,1.89783962452,0.157884340691,-0.00576786419746,-0.042938014459,-0.000170768085134,-0.0646527683639,-0.00158071015373,0.0357512988732,-0.00214315615743,0.573927403799,0.818891544245,0.00217274810997,0.0,0.818851071688,-0.573867696232,-0.0118125576396,0.0,-0.00842649585079,0.0085588724415,-0.999927867334,0.0,0.660489841116,0.259297312721,0.303480527658,1.0,-0.00714,-0.009384,0.358
0.464086503578,0.540147158275,-0.124014924411,-1.36734298524,0.0788190029147,1.89825675421,0.157741001376,-0.00890223302392,-0.0362567674476,-0.000673457496474,-0.0636665949928,-0.00110419133367,0.0253787486244,-0.00587132134902,0.573930003522,0.818889676844,0.00218977528621,0.0,0.818849442852,-0.573870246682,-0.0118015598334,0.0,-0.00840769050864,0.00856653048208,-0.999927960053,0.0,0.660359362127,0.259128508581,0.303498333763,1.0,-0.0075,-0.00985714285714,0.376
0.463980618516,0.539419504039,-0.124014813826,-1.36848263907,0.078751620169,1.89868394776,0.157603649923,-0.00786400514324,-0.0430596144374,0.000576932169117,-0.0692891508314,-0.00350831818582,0.0218496472115,-0.0105605851933,0.573949237438,0.818876161552,0.00220267712005,0.0,0.818836079185,-0.573889411692,-0.0117968416624,0.0,-0.00839622099568,0.00857458486036,-0.999927987391,0.0,0.660231481049,0.258951015088,0.303507072748,1.0,-0.00784,-0.010304,0.393
0.463900465592,0.538754769844,-0.12402648426,-1.3695125427,0.0786934298023,1.89907856806,0.157471009874,-0.00302543353339,-0.0463215058811,0.000515728131528,-0.0662036026611,-0.00499208612849,0.0214070769062,-0.00671195142081,0.573955881931,0.818871440528,0.00222629417965,0.0,0.818831694796,-0.573895994535,-0.0117809148994,0.0,-0.00836955458192,0.00858485092227,-0.999928122862,0.0,0.660116139366,0.258795164579,0.303521055928,1.0,-0.00814,-0.0106982857143,0.408
0.463791680638,0.537988874339,-0.124031822321,-1.37072162581,0.0786356586968,1.8995435154,0.157324295043,-0.00560170353562,-0.0437272870938,0.000470220404396,-0.0720275467869,-0.00845616902852,0.0234198179387,-0.0095760090878,0.573988200754,0.818848705,0.00225623938331,0.0,0.818809259107,-0.573928102683,-0.011776122115,0.0,-0.00834810388223,0.00860695055296,-0.999928112198,0.0,0.659977285739,0.258593653922,0.303529584266,1.0,-0.0085,-0.0111714285714,0.426
0.463680555504,0.537140756192,-0.124030686719,-1.37206260528,0.0785580073924,1.90004800943,0.157162061419,-0.0036172312874,-0.0457671536898,0.000501974680215,-0.0787418954613,-0.00639791291664,0.0302930007362,-0.0112917889578,0.573990532446,0.81884705696,0.00226116592921,0.0,0.818807628921,-0.573930367626,-0.0117790847832,0.0,-0.00834767783406,0.00861270888088,-0.999928066173,0.0,0.659826803657,0.258409935346,0.303531293977,1.0,-0.00884,-0.0116182857143,0.443
0.463564126596,0.536350081957,-0.124041833163,-1.37328117443,0.0784670280091,1.90051207123,0.157010626172,-0.000713383021831,-0.0529917787131,-0.00285394804668,-0.0747706307552,-0.00215804807882,0.0297119636925,-0.00298548381123,0.57401241946,0.818831665162,0.0022788887954,0.0,0.818792680829,-0.573952405289,-0.0117443256052,0.0,-0.00830881195635,0.00860749194253,-0.999928434802,0.0,0.659695287488,0.258209155474,0.303549991907,1.0,-0.00916,-0.0120388571429,0.459
0.463451336356,0.535484554753,-0.124043179478,-1.37464894973,0.0783981386838,1.90100616058,0.156840512892,-0.00935648133519,-0.0555192553901,-0.000743181933645,-0.0820176926974,-0.00284242824353,0.030474107827,-0.00960290451505,0.574023072424,0.818824197195,0.00227888458445,0.0,0.818785066297,-0.573962905215,-0.0117620384301,0.0,-0.00832320670568,0.00861776402184,-0.999928226611,0.0,0.65953240985,0.258005354454,0.303552690367,1.0,-0.0095,-0.0124857142857,0.476
0.463321636439,0.534579700682,-0.124042891187,-1.37609398934,0.0783175200326,1.90153573013,0.156664771085,-0.0052040482771,-0.0527345835437,0.00013338532295,-0.0850326334036,-0.00752524554796,0.0325979460017,-0.0128139648232,0.574042827297,0.818810365331,0.00227265427746,0.0,0.818771068504,-0.573982593424,-0.0117756837766,0.0,-0.0083377484665,0.00862069635468,-0.999928080186,0.0,0.659363997628,0.257783226343,0.303549202929,1.0,-0.00984,-0.0129325714286,0.493
0.46320842576,0.533720873859,-0.124054437566,-1.37748515708,0.0782307103268,1.90203496833,0.156490125976,-0.00164091248691,-0.0539741844899,-0.000881411086765,-0.0925066135039,-0.0117034019176,0.0358594069648,-0.0181690474363,0.574053489913,0.818802981543,0.00223942764006,0.0,0.818763291371,-0.573993421699,-0.0117886153331,0.0,-0.00836729774563,0.0086010225149,-0.999928002778,0.0,0.659199285205,0.257567856589,0.303536457079,1.0,-0.01016,-0.0133531428571,0.509
0.463062814787,0.532733021772,-0.124049627235,-1.37906739059,0.0781506873025,1.90263331424,0.156294675837,-0.0119122764759,-0.0603456160721,0.000751996959032,-0.0906731757569,-0.00455864423448,0.0282518853342,-0.00893675339763,0.574074472433,0.818788239503,0.00225074484434,0.0,0.818748531983,-0.574014188813,-0.0118025132095,0.0,-0.00837196072267,0.00861848151379,-0.99992781342,0.0,0.659017138338,0.257327468356,0.303531667441,1.0,-0.01052,-0.0138262857143,0.527
0.462936125094,0.531756205482,-0.124049972789,-1.38061447627,0.0780534568652,1.90321245674,0.156091186561,-0.00835496216127,-0.0646307364536,-0.0024189255896,-0.0891231697614,-0.0047602818532,0.0330446165118,-0.00914085887649,0.574070180954,0.818791236415,0.00225508546153,0.0,0.818751606787,-0.574009903231,-0.0117976386074,0.0,-0.00836552277681,0.00861919332143,-0.999927861166,0.0,0.658835885582,0.257096537174,0.303534073187,1.0,-0.01086,-0.0142731428571,0.544
0.462819202381,0.530814126146,-0.124047467498,-1.38212721873,0.0779658357737,1.90375095827,0.155902781984,-0.0016311696549,-0.0564973177589,0.000149462053955,-0.0931054465245,-0.00882006314719,0.0370332718907,-0.0117219711096,0.574068632948,0.818792390187,0.00223009814051,0.0,0.81875233674,-0.574008350562,-0.0118224983705,0.0,-0.00840023847414,0.00861298936802,-0.999927623585,0.0,0.658649513067,0.256876143814,0.303524536169,1.0,-0.01118,-0.0146937142857,0.56
0.462677105557,0.529790374997,-0.124052807689,-1.38378003517,0.0778664556682,1.90434112717,0.155689749013,-0.007436444059,-0.0593284190119,0.000704995417315,-0.0953770419297,-0.0055204755293,0.0356699714006,-0.00881844027476,0.57407735187,0.81878637057,0.00219552717516,0.0,0.818745831362,-0.574017167042,-0.0118449343689,0.0,-0.00843836299691,0.0085976528093,-0.999927434565,0.0,0.658451371425,0.256620686359,0.303510389889,1.0,-0.01152,-0.0151405714286,0.577
0.462534757938,0.528730248382,-0.124055667616,-1.38543257524,0.077752274712,1.90496256885,0.155458331275,-0.00994489989919,-0.0632077864668,-0.00237406290535,-0.0955590356177,-0.00629220619552,0.0390828098685,-0.0178378196769,0.574065361536,0.818794735318,0.00221110843829,0.0,0.818754528251,-0.574005249189,-0.0118213058835,0.0,-0.00841019709424,0.00859672279569,-0.999927679856,0.0,0.658260336335,0.256366774474,0.303524341943,1.0,-0.01186,-0.0155874285714,0.594
0.462411821479,0.527684013146,-0.124053164887,-1.38705868723,0.0776543257318,1.90559070626,0.155228707023,-0.00577578440205,-0.0657330290711,0.000106721172706,-0.0999430920754,-0.0102249361891,0.043715191773,-0.014296800687,0.574038057709,0.818813766581,0.0022518570052,0.0,0.81877408512,-0.573977786265,-0.0118002250604,0.0,-0.00836983197462,0.00861770635103,-0.999927837921,0.0,0.658068902065,0.256134797308,0.303541277774,1.0,-0.01218,-0.016008,0.61
0.462250031183,0.526468654513,-0.124053849538,-1.38893626444,0.0775404536832,1.90630148149,0.154974566378,-0.0097068770872,-0.0662493479958,0.000758040915981,-0.101834594664,-0.000146929027652,0.0369199793352,-0.00657638486994,0.574033740833,0.818816680877,0.00229224875359,0.0,0.818777526029,-0.573973316718,-0.0117788567654,0.0,-0.00832919514417,0.0086384692926,-0.999927998086,0.0,0.657850530373,0.255850837803,0.303564533928,1.0,-0.01254,-0.0164811428571,0.628
0.46211114369,0.525372475987,-0.124069026926,-1.39066594089,0.0774322853332,1.9069270578,0.154740914682,-0.0121973458883,-0.0684218404495,-0.00242990912699,-0.108770491717,-0.00587178769506,0.033643915472,-0.018753074998,0.574030856395,0.818818737203,0.00228000265242,0.0,0.818779477307,-0.573970535385,-0.0117787500428,0.0,-0.00833616738985,0.00862835147685,-0.999928027342,0.0,0.657643254991,0.255584699274,0.303567116072,1.0,-0.01286,-0.0169017142857,0.644
0.461953183958,0.524185454755,-0.124072647846,-1.39253110684,0.0773115109015,1.90759947865,0.154476640864,-0.00270040026825,-0.0714528598738,-0.00228298034985,-0.107057734192,-0.00698532451094,0.0378933269086,-0.019181867308,0.574013945632,0.818830618908,0.00227038771683,0.0,0.818791263668,-0.573953694066,-0.0117800895905,0.0,-0.00834296126097,0.00862107531582,-0.999928033439,0.0,0.657418276528,0.255299038887,0.303572485598,1.0,-0.0132,-0.0173485714286,0.661
0.461798751492,0.522998488654,-0.124074088159,-1.3944431957,0.0771926072484,1.90830765083,0.154230444886,-0.0078471896102,-0.0710078002921,0.00031084345142,-0.113042281291,-0.0107580352882,0.0429794623751,-0.0152583815618,0.574010377452,0.818833169765,0.00225245904577,0.0,0.818793580813,-0.573950194333,-0.0117895439432,0.0,-0.00836103130578,0.00861178538007,-0.999927962559,0.0,0.657187286633,0.255014147433,0.303558232541,1.0,-0.01354,-0.0177954285714,0.678
0.461632918132,0.521762891765,-0.124075423002,-1.3964007604,0.0770772940459,1.90907247195,0.153963561366,-0.0124937067489,-0.0729288691957,0.00112435119461,-0.11608918475,-0.000876291149612,0.0448699005749,-0.0156334345509,0.574002532929,0.818838570368,0.00228796218515,0.0,0.818799441441,-0.57394221364,-0.0117710237323,0.0,-0.00832557045649,0.0086301457538,-0.999928100146,0.0,0.656960230557,0.254721490616,0.303561096327,1.0,-0.01388,-0.0182422857143,0.695
0.461473900023,0.520590490006,-0.124084017997,-1.39829889534,0.0769555916633,1.90978785116,0.153710307864,-0.0110402497057,-0.0717983953589,-0.000384506470775,-0.116450761008,-0.0116384437083,0.0509237942877,-0.0110405786693,0.574000053735,0.818840354303,0.00227142630227,0.0,0.81880108954,-0.573939879493,-0.011770191003,0.0,-0.00833440569606,0.00861610248599,-0.999928147648,0.0,0.656735258082,0.25443099537,0.30354347037,1.0,-0.0142,-0.0186628571429,0.711
0.461306639098,0.519273805968,-0.124090297824,-1.40034345182,0.0768268216195,1.910526534,0.15343494264,-0.0102825026199,-0.0748796574271,0.000275943022848,-0.123056782372,-0.00560441438399,0.0481282304645,-0.0101168387973,0.573989892674,0.8188474608,0.00227726832911,0.0,0.818808283885,-0.573929709815,-0.0117655996427,0.0,-0.00832739976917,0.0086181473747,-0.999928188396,0.0,0.656485450121,0.25412145874,0.303559022673,1.0,-0.01454,-0.0191097142857,0.728
0.461112408782,0.517838745276,-0.124091468711,-1.40256663783,0.0766785083839,1.911328378,0.153123719151,-0.00819236600768,-0.0843101398066,-0.000402862895588,-0.119393683673,-0.00368729959571,0.046060204345,-0.0172219624251,0.573972611856,0.81885955963,0.00228239855524,0.0,0.818820504741,-0.57391246902,-0.0117560971197,0.0,-0.00831685564554,0.00861671840459,-0.999928288467,0.0,0.656215108891,0.253778751199,0.303577511419,1.0,-0.0149,-0.0195828571429,0.746
0.460952045928,0.516662805414,-0.124093637618,-1.40444593301,0.0765592268305,1.91201277356,0.152859662101,-0.0160877919707,-0.0776744112016,-0.00122483154667,-0.12889694246,-0.00251419752171,0.0491933387687,-0.0166320825033,0.573956439043,0.818870950607,0.00226257264451,0.0,0.818831639956,-0.573896375358,-0.0117661658317,0.0,-0.00833664966631,0.00860609840506,-0.999928215095,0.0,0.655985216961,0.2534918572,0.303567388532,1.0,-0.0152,-0.0199771428571,0.761
0.460768070584,0.515282571844,-0.124102122921,-1.40663366482,0.076426880883,1.91284030353,0.152569127077,-0.0109779978395,-0.081192048863,-0.00250296678733,-0.130324748853,-0.0055827599699,0.0488218016354,-0.0167186520793,0.573955120226,0.818871836901,0.00227631254346,0.0,0.818832722283,-0.573895022625,-0.0117568204061,0.0,-0.00832112489086,0.00861197227354,-0.999928293836,0.0,0.655723593893,0.25315947848,0.303565998036,1.0,-0.01554,-0.020424,0.778
0.460564004544,0.513797839176,-0.124103518309,-1.40900129941,0.0762876168094,1.91367616796,0.152240211778,-0.0120133247338,-0.0834316975491,7.95116000537e-05,-0.13762597616,-0.011147800218,0.0525991955036,-0.0265225961923,0.573940688624,0.818882053725,0.00223940391725,0.0,0.818842319653,-0.573880589678,-0.0117928468571,0.0,-0.00837196139922,0.00860227896476,-0.999927952934,0.0,0.655426615998,0.252797657693,0.303552281352,1.0,-0.0159,-0.0208971428571,0.796
0.460402886047,0.512571813522,-0.124114822828,-1.41100393693,0.0761619820525,1.91436655025,0.151950930365,-0.0102170687833,-0.0846262807077,-0.00166498499795,-0.138458965836,-0.00735715482561,0.0418596075398,-0.0204700270888,0.57391466055,0.818900503524,0.0021620904593,0.0,0.818859730504,-0.573854832273,-0.0118372351947,0.0,-0.00845295454893,0.00856417651637,-0.999927598599,0.0,0.655170362135,0.252490543668,0.303518308315,1.0,-0.0162,-0.0212914285714,0.811
0.460186346016,0.511048823897,-0.12411599714,-1.41343332669,0.0760199495604,1.91528696762,0.15162004717,-0.00902813956918,-0.083386781428,0.00176795613915,-0.135307498883,-0.0102259026984,0.0438566759673,-0.021505445659,0.573910844226,0.818903143928,0.00217500483863,0.0,0.81886247127,-0.573850896837,-0.0118384224397,0.0,-0.00844655550013,0.00857539395678,-0.999927556535,0.0,0.654878022697,0.252119212379,0.30350841805,1.0,-0.01656,-0.0217645714286,0.829
0.459990045999,0.50957240495,-0.124113894944,-1.41577436187,0.075866772256,1.91616818994,0.151280744655,-0.00816752983679,-0.0905126377251,0.000468796135811,-0.139970159098,-0.0131648061013,0.0512254234796,-0.0204330092584,0.573872930304,0.818929693532,0.0021826169738,0.0,0.81888917267,-0.573813011268,-0.0118278436193,0.0,-0.00843392071123,0.00857516578343,-0.99992766514,0.0,0.654591465513,0.251768583603,0.303503922223,1.0,-0.0169,-0.0222114285714,0.846
0.459790058979,0.508159752068,-0.124115675646,-1.41801474314,0.0757232899933,1.91697296264,0.150973727264,-0.0140654062164,-0.0900573189577,0.000506706101654,-0.138989638916,-0.0105666466307,0.0548152768164,-0.0207329767032,0.573864007735,0.818936007913,0.00215927566544,0.0,0.818895169937,-0.573804168158,-0.0118416282469,0.0,-0.00845869724282,0.0085638695379,-0.999927552665,0.0,0.65431235875,0.25142087856,0.303495733743,1.0,-0.01722,-0.022632,0.862
0.45958314687,0.506632839796,-0.124125735592,-1.42042324659,0.0755735904539,1.9178420937,0.150646201484,-0.0102478687055,-0.0917645629878,-0.000785730425786,-0.142260174069,-0.00777333811408,0.0527783405351,-0.0124304571251,0.573856582042,0.818941248123,0.00214529046159,0.0,0.818900216406,-0.573796786947,-0.0118503063055,0.0,-0.00847390701148,0.00855731985078,-0.999927479959,0.0,0.65401190963,0.251048789229,0.303492793001,1.0,-0.01756,-0.0230788571429,0.879
0.459364109065,0.505031982199,-0.124126260551,-1.42288321939,0.0754204526334,1.91877859647,0.150318379768,-0.0124815203395,-0.0901201780814,0.000461072506809,-0.141876510845,-0.00736233615197,0.0570886420332,-0.0123664377134,0.573853568355,0.818943191382,0.00220868179109,0.0,0.818903004447,-0.573793544564,-0.0118145852638,0.0,-0.00840830869306,0.00858870342601,-0.99992776465,0.0,0.653714603732,0.250673241345,0.303521974511,1.0,-0.0179,-0.0235257142857,0.896
0.459143333266,0.503473444167,-0.124135128548,-1.42521394561,0.0752664728522,1.91966532657,0.149972135047,-0.0142291932923,-0.0942497407485,6.38075516817e-05,-0.142856350028,-0.0133655856797,0.0521654366973,-0.0268326144193,0.573835336761,0.818955719081,0.00229855846855,0.0,0.818916837407,-0.573775111783,-0.0117508046485,0.0,-0.00830469291953,0.00862552124236,-0.99992831366,0.0,0.653438615747,0.250303050425,0.303578393411,1.0,-0.01822,-0.0239462857143,0.912
0.458901089747,0.501688552903,-0.124135424062,-1.42786750498,0.0750972011608,1.92064156202,0.149607547965,-0.0171673997969,-0.0937726249739,0.00200040995335,-0.141973153263,-0.00462843709929,0.0532532944583,-0.0203720499093,0.573825318336,0.818962481198,0.00238858257621,0.0,0.818924781467,-0.57376477349,-0.0117018760218,0.0,-0.00821307100774,0.00867106914251,-0.999928676469,0.0,0.653112031266,0.249892266613,0.303646044596,1.0,-0.01858,-0.0244194285714,0.93
0.458669235679,0.499974655252,-0.12414122935,-1.43046041304,0.0749348216387,1.92156600653,0.149245243934,-0.00489244858044,-0.0996874253194,0.000379492462687,-0.150619729386,-0.00341764929251,0.0535091040346,-0.0176316365675,0.573810784741,0.818972551697,0.00242688755321,0.0,0.818935312073,-0.573750062861,-0.0116861845171,0.0,-0.00817839492684,0.00869328999694,-0.999928767746,0.0,0.652784897341,0.249489060232,0.303688040587,1.0,-0.01892,-0.0248662857143,0.947
0.45842184624,0.498393913841,-0.124144736851,-1.43292744203,0.0747780599567,1.92248239056,0.148889772082,-0.0174530063921,-0.095870977721,-0.00149006275125,-0.155223821352,-0.0121404370667,0.0603551228026,-0.0129908739751,0.573807885779,0.818974518371,0.00244854622608,0.0,0.818937577399,-0.573747104811,-0.0116726580815,0.0,-0.00815492022967,0.00870323733399,-0.999928872938,0.0,0.652484958306,0.249090657808,0.303695767389,1.0,-0.01924,-0.0252868571429,0.963
0.458166108703,0.496721133055,-0.124140136659,-1.43558685018,0.0746167693601,1.92344227147,0.148496546352,-0.0129188287046,-0.0995362287136,0.00147724583359,-0.157087137936,-0.0186912875265,0.0564927910235,-0.021554683831,0.57378314407,0.818991912835,0.00242841387533,0.0,0.818954577932,-0.573722297764,-0.0116991980076,0.0,-0.00818847101984,0.00870173081149,-0.999928611863,0.0,0.652148991057,0.248672335628,0.303679077729,1.0,-0.01958,-0.0257337142857,0.98
0.45787891549,0.494942181206,-0.124143018225,-1.43847109838,0.0744303207467,1.92443686114,0.14808959744,-0.0172917071812,-0.104339677699,0.000420573761568,-0.156651932662,-0.0124926886656,0.0617422927159,-0.0189323415764,0.57378187627,0.818993086821,0.00233004403705,0.0,0.818954389687,-0.573721305467,-0.0117608743778,0.0,-0.00829543861659,0.00865654302468,-0.999928122397,0.0,0.651777808171,0.248202436056,0.303631966048,1.0,-0.01994,-0.0262068571429,0.998
0.457635909859,0.49344178973,-0.124151121016,-1.44092348074,0.0742775392481,1.92531858701,0.147756263801,-0.0115751634588,-0.100263034073,-0.000686551153919,-0.161544638314,-0.00960565658222,0.0589347317763,-0.017403632515,0.573795720238,0.818983565814,0.00226655348327,0.0,0.8189439952,-0.573735339595,-0.0117999884504,0.0,-0.00836375581348,0.0086271293356,-0.999927807508,0.0,0.651468616198,0.24780361788,0.303586206976,1.0,-0.0209674285714,-0.0275571918367,1.013
0.457348777841,0.491606183474,-0.124159343634,-1.44387403625,0.0740885547188,1.92640839154,0.147328925952,-0.0158542136102,-0.107245167773,0.0001357683526,-0.183294829663,-0.0132841767628,0.0649719208889,-0.0243731084585,0.573783511464,0.818992197817,0.0022380321328,0.0,0.818952278841,-0.573723265766,-0.0118121209815,0.0,-0.00839018535649,0.00861060755077,-0.999927728502,0.0,0.651100447339,0.247329732313,0.303554040276,1.0,-0.0223662857143,-0.0293956897959,1.03
0.45701249212,0.489550074805,-0.124167487573,-1.44720133551,0.0738827978332,1.92756670753,0.146840618586,-0.0173613190516,-0.116279186469,-0.000224203295628,-0.189100092689,-0.00976410074213,0.0675110027642,-0.0272402893756,0.573774831628,0.818998536773,0.002141554279,0.0,0.818957207115,-0.573714810058,-0.0118809315818,0.0,-0.00850198786424,0.0085709858472,-0.999927124547,0.0,0.650671354093,0.246784419998,0.303501074466,1.0,-0.0238474285714,-0.0313423346939,1.048
0.456717526485,0.487686737983,-0.124190108721,-1.45008280388,0.0737018016821,1.92866215833,0.146428554647,-0.0151583808365,-0.13162426707,-0.00142032780952,-0.195311674569,-0.0145674048843,0.0756047689896,-0.0244208632673,0.573789488581,0.818988114437,0.00219956961236,0.0,0.818947652052,-0.573729348314,-0.0118374398381,0.0,-0.00843292725248,0.00859369637567,-0.999927514433,0.0,0.650323419707,0.246307490317,0.303520201236,1.0,-0.0250817142857,-0.0329645387755,1.063
0.456325926629,0.485307574432,-0.124204088995,-1.45370498307,0.0734834020279,1.93004278514,0.145890192736,-0.0197053797005,-0.133610165635,0.000964311735815,-0.202991348632,-0.0131673627154,0.0761147916545,-0.0287766501659,0.573799589462,0.818980715638,0.00231634355473,0.0,0.818941775971,-0.573739001072,-0.0117759551204,0.0,-0.00831546361308,0.00865415533741,-0.999927976736,0.0,0.649887054659,0.245705309152,0.30356846418,1.0,-0.0265628571429,-0.0349111836735,1.081
0.455923874492,0.48296693756,-0.124233446935,-1.45731831886,0.0732423533382,1.93127865502,0.145339497536,-0.02188329405,-0.144125634717,-0.00257564319897,-0.223098367401,-0.0172622358166,0.0755010254186,-0.0377306685672,0.573803245079,0.818978272772,0.0022741074618,0.0,0.818938810322,-0.573742844719,-0.0117949134344,0.0,-0.00835518581088,0.00863048062688,-0.999927850234,0.0,0.649396607201,0.245043734642,0.303582850831,1.0,-0.028044,-0.0368578285714,1.099
0.455548083697,0.480621448905,-0.124250939295,-1.4609384666,0.0730247746843,1.93257637553,0.144812587783,-0.0224641724082,-0.14961504775,-0.000635166184904,-0.228933761566,-0.0150355924185,0.08662410881,-0.0343212727187,0.573817250202,0.818968395953,0.00229710750298,0.0,0.818929136178,-0.573756660177,-0.0117945632429,0.0,-0.00834155441183,0.00864925863555,-0.999927801791,0.0,0.648966468786,0.244476245682,0.303597090496,1.0,-0.0292782857143,-0.0384800326531,1.114
0.455114942514,0.478056730079,-0.124263305167,-1.46487054102,0.0727839028893,1.93402980635,0.144225720224,-0.0233001169449,-0.155779297587,-0.00164900953358,-0.235335554115,-0.0178111296904,0.0855300363704,-0.0393812405962,0.573836592777,0.818954645011,0.00236666555808,0.0,0.81891622364,-0.573775667839,-0.011766416473,0.0,-0.00827838569911,0.00869026847408,-0.999927971188,0.0,0.64844545964,0.243772979424,0.303628198144,1.0,-0.0307594285714,-0.040426677551,1.132
0.454636737981,0.475221556026,-0.124282206711,-1.46922355197,0.0725161699062,1.93563215174,0.143605314841,-0.0250708967387,-0.159923649116,-0.00213419411491,-0.247642408884,-0.00811172011618,0.0916863575505,-0.032264741853,0.57386132012,0.818937097623,0.00244178380105,0.0,0.818899616522,-0.573800075052,-0.0117319576692,0.0,-0.00820679764101,0.00873226065701,-0.99992819547,0.0,0.647931404367,0.243083049364,0.303658694998,1.0,-0.0321582857143,-0.0422651755102,1.149
0.454191474328,0.472579493503,-0.124280129056,-1.47330265258,0.0722641293197,1.93702553011,0.143016932682,-0.0264056042805,-0.164238779306,0.000398992212467,-0.258629139669,-0.0041669986031,0.0841368193611,-0.0302057298933,0.573869399921,0.818931521669,0.0024127892381,0.0,0.818893374461,-0.573807954763,-0.0117821566716,0.0,-0.00826446095014,0.00873740452208,-0.999927675608,0.0,0.64738995607,0.242402570376,0.30366495331,1.0,-0.0334748571429,-0.0439955265306,1.165
0.453711197785,0.469689537006,-0.124278521803,-1.47771592738,0.071981603511,1.93865967541,0.142321875932,-0.0250055766453,-0.176624902017,0.00069737540913,-0.2550302967,-0.0144202782551,0.104995391787,-0.0378361415752,0.573825958603,0.818961682822,0.00250563443899,0.0,0.818924707795,-0.573764137999,-0.0117381348234,0.0,-0.00817559686971,0.00878774160929,-0.999927965012,0.0,0.646827355226,0.241674486849,0.303702510624,1.0,-0.0348737142857,-0.0458340244898,1.182
0.453212246543,0.466679062068,-0.124279101209,-1.4822791195,0.0716787253894,1.9403808336,0.141589965033,-0.0338629597448,-0.175831226231,0.000322547514516,-0.277118698091,-0.0149880300376,0.097491056867,-0.0445463897051,0.573769133461,0.819001072877,0.00264026801551,0.0,0.818965959438,-0.573706962936,-0.0116543923483,0.0,-0.00803037430204,0.00884939060538,-0.999928598138,0.0,0.646250547657,0.240919999987,0.303757411794,1.0,-0.0362725714286,-0.047672522449,1.199
0.452702931588,0.463763660107,-0.124281509881,-1.4868352547,0.071371455548,1.94190778964,0.140917291636,-0.0335340272282,-0.187126620449,0.00102053899553,-0.290158798301,-0.0180931637804,0.095344960997,-0.0382803949522,0.573766356509,0.819003338698,0.00253894498115,0.0,0.818966751198,-0.57370437341,-0.0117260080016,0.0,-0.00814719272211,0.00880746998127,-0.999928023271,0.0,0.645633459618,0.240144699173,0.303731491152,1.0,-0.0375891428571,-0.0494028734694,1.215
0.452139452942,0.460586785716,-0.124288197685,-1.49182286118,0.07103424307,1.94365770244,0.140165644781,-0.0329586737196,-0.190805404271,-0.00155294282991,-0.29286351146,-0.0180769101238,0.102740756271,-0.0441180364191,0.573757089034,0.819010020416,0.00247712367171,0.0,0.81897258579,-0.573695286547,-0.0117630276345,0.0,-0.00821308145572,0.00877798587598,-0.999927743518,0.0,0.644971393866,0.239295201722,0.303697763185,1.0,-0.038988,-0.0512413714286,1.232
0.45154251062,0.457324121405,-0.124294261306,-1.49690435759,0.0706957100805,1.94546691456,0.139393960813,-0.0343777736421,-0.193409011371,-2.02263163485e-05,-0.302147134884,-0.0216248675953,0.108795106155,-0.0439260505421,0.573760677069,0.819007554405,0.00246133665966,0.0,0.818969865536,-0.573698880482,-0.0117771294798,0.0,-0.00823365045032,0.00877318324843,-0.999927616508,0.0,0.644303319772,0.238419002291,0.303681024555,1.0,-0.0403868571429,-0.0530798693878,1.249
0.450943323657,0.45418779675,-0.124332906694,-1.50190092389,0.0703461079808,1.94718465013,0.138617717904,-0.0425618581795,-0.200825815695,-0.0029145205523,-0.31245726805,-0.0183369901567,0.104988121103,-0.0540305746076,0.573776673712,0.818996764332,0.00231853803908,0.0,0.818957318843,-0.573715524122,-0.0118386737245,0.0,-0.00836581527597,0.00869170586923,-0.999927231044,0.0,0.643638607532,0.237523648821,0.303608702591,1.0,-0.0417034285714,-0.0548102204082,1.265
0.45030638523,0.450601468888,-0.124400587565,-1.50723411668,0.0699867590905,1.9491766253,0.137775390657,-0.0364526849398,-0.217868481059,-0.00876246324587,-0.315498398042,-0.0218890101515,0.118694881024,-0.0481892047616,0.573802491945,0.818978130537,0.0025037653404,0.0,0.818941499308,-0.573741076941,-0.0116937694406,0.0,-0.00814058514409,0.0087605200542,-0.999928489524,0.0,0.642966744925,0.236570274132,0.30370629971,1.0,-0.0431022857143,-0.0566487183673,1.282
0.449582260815,0.446734687078,-0.1244171173,-1.51312329164,0.0695891515654,1.95115956609,0.136910537046,-0.0403259341453,-0.217885844836,0.000370010649909,-0.3322256275,-0.0141803991074,0.109343697476,-0.0494709774443,0.57385470048,0.818941664792,0.00246562500051,0.0,0.818904384184,-0.573793252274,-0.0117328645465,0.0,-0.00819393039508,0.00875223910047,-0.999928126325,0.0,0.642165084547,0.235524442405,0.303726350521,1.0,-0.0445834285714,-0.0585953632653,1.3
0.44898264088,0.443463132368,-0.124420626412,-1.51814551698,0.0692364351318,1.95291060521,0.136126342655,-0.0383640503076,-0.220548092402,0.00111120897577,-0.333578043887,-0.0293845216269,0.122342011793,-0.0583048451435,0.573832660394,0.818957143693,0.00245388674966,0.0,0.81891972201,-0.573771270251,-0.0117373437328,0.0,-0.00820456974396,0.00874497580293,-0.999928102632,0.0,0.641482043786,0.234652653183,0.303727847741,1.0,-0.0458177142857,-0.0602175673469,1.315
0.448221274408,0.439487694936,-0.12442707797,-1.52430577207,0.0688088869249,1.9551002156,0.135109689785,-0.047042940839,-0.220545187364,-0.00139705324467,-0.344952970456,-0.0231856505805,0.126842872809,-0.0515037243247,0.573782796701,0.818992110863,0.00244365632445,0.0,0.818954575864,-0.57372147136,-0.0117397986869,0.0,-0.00821298253109,0.0087375062761,-0.999928098866,0.0,0.640651755062,0.23356963184,0.303704496823,1.0,-0.0472988571429,-0.0621642122449,1.333
0.44745679539,0.435607914031,-0.124435606034,-1.53024868906,0.0684236066005,1.95720564499,0.134152590983,-0.0441661004995,-0.232119429233,-0.000552206900745,-0.34721223129,-0.0202538942138,0.1283709403,-0.0575236303647,0.573785912823,0.818989812137,0.00248208857143,0.0,0.818952571966,-0.573724227353,-0.011744901829,0.0,-0.00819507837531,0.00877194092346,-0.999927944275,0.0,0.639850224984,0.232509896658,0.303708138057,1.0,-0.0486977142857,-0.0640027102041,1.35
0.446660552016,0.431574522174,-0.124454719498,-1.53630504251,0.0679854142859,1.95939366702,0.133186254914,-0.047680969106,-0.236776014139,-0.000959571992814,-0.366003520638,-0.0256691865354,0.131856742487,-0.0603143794283,0.573801302037,0.818978673287,0.0025971875218,0.0,0.81894322491,-0.573739523793,-0.0116490391869,0.0,-0.00805036052078,0.00881135262356,-0.999928773344,0.0,0.639045918201,0.231410833914,0.303765846255,1.0,-0.0500965714286,-0.0658412081633,1.367
0.445896505231,0.427750802763,-0.124498586375,-1.54229689408,0.0675414257441,1.96129719726,0.132236182724,-0.046751600884,-0.236054821704,-0.00290153197334,-0.372750032669,-0.0315913428971,0.122525867355,-0.0610031878334,0.573813113607,0.818971150162,0.00234792596387,0.0,0.818932458469,-0.573752234245,-0.0117791793204,0.0,-0.008299840066,0.00868200749901,-0.999927865099,0.0,0.638187040368,0.230305171295,0.303684486464,1.0,-0.0514131428571,-0.0675715591837,1.383
0.445057861664,0.423526269926,-0.124528475523,-1.5486659629,0.0670884987216,1.96349595053,0.131163846337,-0.0498444191483,-0.247956168245,-0.00127691841953,-0.382196137127,-0.0284542253623,0.133803605089,-0.0570547865994,0.573787503998,0.818989008318,0.00237726979746,0.0,0.818950779718,-0.573726603215,-0.0117538106515,0.0,-0.00826249788229,0.00869122396342,-0.999928094292,0.0,0.637308048543,0.229140460734,0.303716877234,1.0,-0.052812,-0.0694100571429,1.4
