position_joint1,position_joint2,position_joint3,position_joint4,position_joint5,position_joint6,position_joint7,velocity_joint1,velocity_joint2,velocity_joint3,velocity_joint4,velocity_joint5,velocity_joint6,velocity_joint7,ee_T_00,ee_T_10,ee_T_20,ee_T_30,ee_T_01,ee_T_11,ee_T_21,ee_T_31,ee_T_02,ee_T_12,ee_T_22,ee_T_32,ee_T_03,ee_T_13,ee_T_23,ee_T_33,v_x,v_y,time
0.465097132806,0.547801050345,-0.123972397224,-1.35576065049,0.0794810028815,1.89408538114,0.159189455673,0.000842680488683,0.00117279925565,-0.000990736958435,-0.000293717845444,0.000105051014323,-0.000485026273552,0.00035869932304,0.573791015245,0.818987636097,0.00196714135424,0.0,0.818944858548,-0.573732517159,-0.0118770498494,0.0,-0.00859870957103,0.00842608701761,-0.999927529,0.0,0.661681365545,0.260919547158,0.30323285598,1.0,0.0,0.0,0.0
0.465091813626,0.547793488767,-0.12397215938,-1.35576089149,0.0794825246414,1.89409016171,0.159186555846,-0.00251850218467,-0.0016133034948,-0.000627052410312,0.000215957531726,0.000272536119785,-0.000149050830186,-0.000320431207265,0.5737932669,0.81898603143,0.00197840461642,0.0,0.818943391792,-0.573734713897,-0.0118720685201,0.0,-0.00858814422392,0.00843247671921,-0.999927565934,0.0,0.661683713246,0.260916809835,0.303238508269,1.0,-0.0001,-0.000131428571429,0.006
0.465090644802,0.547613805369,-0.12396935535,-1.35597063931,0.0794757749173,1.89412696796,0.159179591481,-0.00330433345351,-0.00382591901912,-0.00387518723145,-0.00731702541085,-0.000379518010816,0.0041992795063,0.000576222965055,0.573796160296,0.818983974377,0.00199073989652,0.0,0.8189413746,-0.573737437866,-0.0118795732868,0.0,-0.00858718346657,0.00844691543457,-0.999927452318,0.0,0.661647761344,0.260896528341,0.30326905749,1.0,-0.00136,-0.00178742857143,0.069
0.465021239542,0.546933730433,-0.123968378849,-1.35683873552,0.0794630523161,1.89452556428,0.159136323468,0.00124698206237,-0.0114252223768,-0.00046131022829,-0.0208760156805,-0.00399846125407,0.011799237776,0.000363820856747,0.573862426174,0.818937031159,0.00219128344194,0.0,0.818896790518,-0.573802645058,-0.0118033006344,0.0,-0.00840895764285,0.00856807067855,-0.999927936202,0.0,0.661564765635,0.260782104112,0.303372154539,1.0,-0.00266,-0.003496,0.134
0.464815285474,0.545661875682,-0.123970765038,-1.35892888743,0.079314096358,1.89524222131,0.158806053519,-0.00468108251917,-0.0147067077372,-0.000748096062587,-0.0374456439084,-0.00880214699137,0.00568877959932,-0.00872400398608,0.573839374309,0.818953444498,0.00209168324359,0.0,0.818912023694,-0.573780104976,-0.0118421064196,0.0,-0.00849813122676,0.00850853531195,-0.999927690682,0.0,0.661324036449,0.260437599867,0.303339971894,1.0,-0.00416,-0.00546742857143,0.209
0.464582401166,0.544188288711,-0.123984983161,-1.36142250861,0.0792167618109,1.89609254133,0.158518330407,-0.00775633030539,-0.0227478802151,-0.000776572287612,-0.0484213450874,0.00010407330312,0.0175392484901,-0.00723666876554,0.573917390259,0.818899072776,0.00197095561169,0.0,0.818855542986,-0.573858075535,-0.0119689500639,0.0,-0.00867048024878,0.00848327984187,-0.999926425661,0.0,0.661028481277,0.260040673283,0.303270263974,1.0,-0.00534,-0.00701828571429,0.268
0.464302999622,0.542028100079,-0.123992065269,-1.36484156905,0.0790185414672,1.89731059437,0.158063401858,-0.0023281454049,-0.03505257732,-0.00100676329721,-0.053564952017,-0.000347782078739,0.0184458777526,-0.00437008859119,0.573920589543,0.818896908904,0.00193814014052,0.0,0.818852822895,-0.573861288558,-0.0120009513058,0.0,-0.00871548612991,0.00847480774006,-0.999926106238,0.0,0.660620484112,0.259516088052,0.303276879634,1.0,-0.00668,-0.00877942857143,0.335
0.463939217666,0.539262445174,-0.123999519033,-1.36906067401,0.0787717941444,1.89888127514,0.157523692934,-0.00912046217606,-0.0478704520303,-0.000338496957873,-0.0612211441881,-0.00326924878408,0.0221113200781,-0.00824144271805,0.573944621029,0.818879816295,0.00204092087903,0.0,0.818837002939,-0.573884817333,-0.0119551642836,0.0,-0.00861875516419,0.00853294805558,-0.999926450224,0.0,0.660147366725,0.25888262046,0.303359656131,1.0,-0.008,-0.0105142857143,0.401
0.463498569526,0.536031593345,-0.124015818105,-1.37411301607,0.0784817664862,1.90079253446,0.15690104364,-0.00945895235823,-0.0531605801113,0.00122717448977,-0.0823617174971,-0.0022525307739,0.028106006871,-0.0084258620753,0.574008096474,0.818835128352,0.00211770157972,0.0,0.818793268024,-0.5739479211,-0.0119211997714,0.0,-0.00854621126675,0.00857699011925,-0.99992669607,0.0,0.659576721169,0.258107826891,0.303402490307,1.0,-0.00936,-0.0123017142857,0.469
0.462994264392,0.532309180048,-0.124030786536,-1.38009633401,0.0781278141166,1.90301418532,0.15615881688,-0.00335243801448,-0.0567297214618,-0.00292008291378,-0.0924247529733,-0.0135094206074,0.0328991906101,-0.00409218874819,0.574056668107,0.818801175689,0.00207927686943,0.0,0.818758744464,-0.573996574285,-0.0119498106345,0.0,-0.00859118660373,0.00856245945025,-0.999926435195,0.0,0.65887910621,0.257198768697,0.303373305748,1.0,-0.01074,-0.0141154285714,0.538
0.462461673308,0.528280597733,-0.124036115034,-1.38648092418,0.0777470820462,1.90535400836,0.155302056814,-0.00606054107668,-0.0625259941545,-0.000334320564723,-0.100475339489,-0.000721107020931,0.0345066301026,-0.00629108331056,0.574039500596,0.818813247015,0.00206522890279,0.0,0.818770476984,-0.573979312376,-0.0119750526431,0.0,-0.00862009903592,0.00856526660057,-0.999926162324,0.0,0.658119471148,0.256237155764,0.303375497133,1.0,-0.01206,-0.0158502857143,0.604
0.461878241658,0.523818985543,-0.124052474375,-1.39345593141,0.0773041574428,1.90793300344,0.154344753671,-0.00742413877712,-0.0703282521894,-0.000893061921358,-0.109984670607,-0.00166439549228,0.0488860930365,-0.0154249033324,0.574001344979,0.818839894295,0.00210484572499,0.0,0.818797792814,-0.573941149242,-0.0119364395954,0.0,-0.00856614028694,0.00857514051389,-0.999926541405,0.0,0.657291922268,0.255177942286,0.30341848129,1.0,-0.01336,-0.0175588571429,0.669
0.461238980958,0.518895587031,-0.124068479018,-1.40123827867,0.076818041672,1.91082682848,0.153291489571,-0.0110281931857,-0.0785858796992,-0.000274986874545,-0.128321257715,-0.00510699454749,0.0434277139016,-0.0172026506456,0.573958021378,0.818870223767,0.00211972267282,0.0,0.818828398275,-0.573897852552,-0.0119187212601,0.0,-0.00854354614511,0.00857669992086,-0.999926721334,0.0,0.656356485968,0.254007440853,0.303424212601,1.0,-0.01468,-0.0192937142857,0.735
0.460517337582,0.51349782213,-0.124084425178,-1.40982785153,0.0762876514163,1.91395219208,0.152122209037,-0.0114306934712,-0.0794628965917,-0.000980668275446,-0.131900719209,-0.00314863914011,0.0493695641027,-0.0183200910823,0.573912819043,0.818902073147,0.00205368815401,0.0,0.818859284559,-0.573852825761,-0.0119646712635,0.0,-0.00861954530476,0.00854852441186,-0.999926310369,0.0,0.655300505696,0.252702746972,0.303392797395,1.0,-0.01602,-0.0210548571429,0.802
0.4597094875,0.50770435645,-0.124096965038,-1.41903745365,0.0757010999856,1.91731180746,0.150814897751,-0.0122720203299,-0.0932260885118,-6.32862290215e-05,-0.142678373139,-0.00885192034777,0.0505581568653,-0.0151734990124,0.573834177138,0.818957344044,0.00198813647162,0.0,0.818913712366,-0.573774480915,-0.0119968183275,0.0,-0.00868430770233,0.00851246048316,-0.999926057674,0.0,0.654164498917,0.251283120581,0.30335663063,1.0,-0.01736,-0.022816,0.869
0.458814459017,0.501130022578,-0.124116389833,-1.42896253578,0.0750744701793,1.92101378098,0.149444797062,-0.0128942336004,-0.100058259034,-0.000291689790526,-0.15467795695,-0.00802234174539,0.0496568720694,-0.0194747515364,0.573799915213,0.81898060164,0.00227559671971,0.0,0.818940865754,-0.573739207191,-0.011829092545,0.0,-0.00838235965789,0.00865127801101,-0.999927443085,0.0,0.652955922096,0.249745839558,0.303546651286,1.0,-0.01872,-0.0246034285714,0.937
0.457842747188,0.494797746689,-0.124119579023,-1.43900465256,0.0744419687877,1.92460284878,0.147998878947,-0.0191117692914,-0.0996433419494,0.00092281209183,-0.163985880993,-0.0128224885464,0.0656988963669,-0.0161065382258,0.573754200942,0.819012945065,0.00215861505134,0.0,0.818971411514,-0.573693683137,-0.0119219105865,0.0,-0.00852597943252,0.00860825603339,-0.999926600108,0.0,0.651667003332,0.248116776698,0.303488530921,1.0,-0.0201451428571,-0.0264764734694,1.002
0.456520911263,0.486339840927,-0.124192605386,-1.45242727585,0.0736254961449,1.92955145671,0.146068795983,-0.0243007732251,-0.153549688104,-0.000921592738609,-0.238714900466,-0.0198655359594,0.0888055496402,-0.037324118696,0.573754944588,0.819012472299,0.00214025240646,0.0,0.818970584827,-0.573694386126,-0.0119448489411,0.0,-0.00855529418796,0.00860638560692,-0.999926365823,0.0,0.650016419471,0.245965955285,0.303417578795,1.0,-0.0310445714286,-0.0408014367347,1.068
0.454495886949,0.474033229388,-0.12434921917,-1.47136423264,0.0724591540905,1.93638879298,0.143259926433,-0.0335961127321,-0.209181699782,-0.00297794993994,-0.319600182403,-0.0262999099919,0.120510225502,-0.0432373306177,0.573832283632,0.818957852671,0.00230058936856,0.0,0.818918009484,-0.573771026885,-0.011867996913,0.0,-0.00839953946009,0.00869440123123,-0.999926924892,0.0,0.647636187851,0.242756820407,0.303530123852,1.0,-0.0421091428571,-0.055343444898,1.135
0.45173114561,0.45774256046,-0.124380317986,-1.49636741331,0.0708264037628,1.94526755099,0.139421678662,-0.0463253365287,-0.255472587778,0.00123629341344,-0.393462489567,-0.034726224346,0.144236602166,-0.060185799832,0.573719827714,0.819036273107,0.00242683427606,0.0,0.81899761151,-0.57365761128,-0.0118576668177,0.0,-0.00831984746715,0.00879071928794,-0.999926749013,0.0,0.644302057634,0.238484165935,0.303631097943,1.0,-0.0536691428571,-0.0705365877551,1.205
0.448298850667,0.438984810329,-0.12450445524,-1.52525845146,0.06885817756,1.95538477766,0.134917206123,-0.0620127713958,-0.30026283972,-0.00122803692945,-0.470446798368,-0.029714588805,0.165031317126,-0.0751788349714,0.573678450134,0.819065478932,0.00235031374692,0.0,0.819025917975,-0.573616638328,-0.0118846463823,0.0,-0.0083862859725,0.00874310172287,-0.999926611497,0.0,0.640474175703,0.233495192308,0.303622314064,1.0,-0.0644034285714,-0.0846445061224,1.27
0.44380725066,0.416453832329,-0.124713522482,-1.55943622656,0.0664547461492,1.96729757555,0.12937983376,-0.0749675897934,-0.353419825202,-0.0023451225055,-0.526072645711,-0.0321341989282,0.191171954915,-0.0881000538781,0.573767629612,0.819002630069,0.00247912276019,0.0,0.818965338516,-0.573705943614,-0.0117478284741,0.0,-0.00819937281877,0.0087710081763,-0.999927917253,0.0,0.635804075726,0.22722612101,0.303725007467,1.0,-0.0756331428571,-0.0994035591837,1.338
0.438651092195,0.392585121173,-0.124853872692,-1.59544251256,0.0638660961515,1.97962919084,0.123287292065,-0.0927786676246,-0.386354139759,-0.000346002142676,-0.593775642923,-0.050541407015,0.192716796245,-0.0983496933625,0.573819326007,0.818966140915,0.00256671708675,0.0,0.818930000683,-0.573757330003,-0.011701587478,0.0,-0.00811068735272,0.00881672841477,-0.999928238451,0.0,0.630694679571,0.220434876473,0.30376619703,1.0,-0.0862022857143,-0.113294432653,1.402
0.432279946061,0.364880988767,-0.125037123021,-1.63676974933,0.0607808666012,1.99324409964,0.116022710904,-0.0986944729365,-0.437017026323,0.00119277412863,-0.624402700402,-0.0567122748534,0.211416702973,-0.113060339775,0.573875261209,0.818927227045,0.00247553568973,0.0,0.818889549203,-0.573813211903,-0.0117919868329,0.0,-0.00823644257018,0.00879448915008,-0.999927406352,0.0,0.62454483527,0.21237981507,0.303795723723,1.0,-0.0972668571428,-0.127836440816,1.469
0.424734156315,0.334727045927,-0.125143194236,-1.68121278057,0.0573451027825,2.00771410229,0.107633093435,-0.119862630008,-0.469198566594,-0.00230819731027,-0.689433095721,-0.0504003683226,0.217151499205,-0.134780953719,0.573764452877,0.819004635726,0.00255072068119,0.0,0.818967369953,-0.5737015285,-0.0118215925767,0.0,-0.00821874500473,0.00887193741696,-0.999926867804,0.0,0.617686331034,0.203434010205,0.30382824405,1.0,-0.108331428571,-0.14237844898,1.536
0.416064867242,0.302622091152,-0.125277803743,-1.72768062624,0.05351680557,2.02241955546,0.0983212182014,-0.140317678007,-0.497634322734,-0.000269596424066,-0.718501188015,-0.0624540784135,0.222091120077,-0.148862158967,0.573599127317,0.81911992655,0.00270813068411,0.0,0.819084889701,-0.573535849783,-0.0117183351407,0.0,-0.00804566669053,0.00893998785549,-0.999927669316,0.0,0.610220955285,0.193689073241,0.303943664066,1.0,-0.119230857143,-0.156703412245,1.602
0.405187099394,0.266248648718,-0.125591216716,-1.7795873639,0.0490891881615,2.03821122722,0.0873256360133,-0.165494768283,-0.532097081947,-0.00556988820385,-0.767312156585,-0.0640618421213,0.2311962585,-0.164511709663,0.573755221576,0.819010342012,0.00278429396867,0.0,0.818976291487,-0.573691653949,-0.011681912219,0.0,-0.00797043416546,0.00898300183316,-0.999927886328,0.0,0.601543357151,0.18215271137,0.304019403051,1.0,-0.130790857143,-0.171896555102,1.672
0.393562519792,0.230417004349,-0.125774442659,-1.82975672469,0.0446271951311,2.05284215214,0.0759228429756,-0.188856910263,-0.566614578498,0.000711675030903,-0.774717974187,-0.0707883958138,0.220150183195,-0.184108836541,0.573789653459,0.818985702395,0.00293253432967,0.0,0.818952969662,-0.573724879651,-0.011685155235,0.0,-0.00788765902422,0.00910660420116,-0.999927424664,0.0,0.592731456628,0.170618215188,0.304111924003,1.0,-0.141525142857,-0.186004473469,1.737
0.37958649426,0.190963762456,-0.126083152569,-1.88404713709,0.0394904510965,2.06780597561,0.062461337596,-0.215943590934,-0.592093192474,-0.0100646626528,-0.789959127383,-0.0827031745558,0.221817031149,-0.208061128961,0.573760372952,0.819006318654,0.00290367614804,0.0,0.818972764091,-0.573695189009,-0.0117553683836,0.0,-0.00796204924179,0.0091229718744,-0.999926685891,0.0,0.582736470575,0.157509662829,0.304147565649,1.0,-0.152754857143,-0.200763526531,1.805
0.363959734767,0.150867368918,-0.126378749654,-1.93804032235,0.0340655318232,2.08192682339,0.047886454957,-0.255671385947,-0.615522908192,-0.00326725211345,-0.800449767734,-0.0808382952776,0.206728862069,-0.225373499878,0.573773431076,0.818997079032,0.00292937340845,0.0,0.818963748698,-0.573708028926,-0.0117568178203,0.0,-0.00794834743969,0.00914497639634,-0.999926593896,0.0,0.572178406056,0.143602149567,0.304181869084,1.0,-0.163819428571,-0.215305534694,1.872
0.345548318178,0.107637034774,-0.126860170961,-1.99476000267,0.0281053984983,2.09567675171,0.0310531440739,-0.284601257479,-0.649349530419,-0.00245167731674,-0.84594587404,-0.0955211374827,0.190912198078,-0.261452977768,0.573882704744,0.818920128631,0.00303496621117,0.0,0.818887766178,-0.573816449082,-0.0117582340984,0.0,-0.00788769290852,0.00923332165856,-0.999926262317,0.0,0.560878840028,0.128651618991,0.304272357836,1.0,-0.174884,-0.229847542857,1.939
0.325956500913,0.0654382723472,-0.127202433695,-2.04880699022,0.0221023387885,2.10768934157,0.0133529159179,-0.328275875778,-0.661073602673,-0.0114836581275,-0.870436753045,-0.10124147076,0.16650074478,-0.287736573418,0.573779983607,0.818991791191,0.00311821657452,0.0,0.818959834684,-0.57371265397,-0.0118036752813,0.0,-0.0078783045364,0.00932658630546,-0.999925470775,0.0,0.549545949657,0.113869702597,0.30431986462,1.0,-0.185288,-0.243521371429,2.002
0.303138261831,0.0207442598652,-0.127587068535,-2.10447451917,0.0155751852517,2.11876165506,-0.00691879311567,-0.358551973144,-0.661562214088,-0.0131317961089,-0.85070401664,-0.0989300202274,0.150952303783,-0.327061162808,0.573747054723,0.819014886304,0.00311128763716,0.0,0.818981730563,-0.57367844658,-0.0119462058821,0.0,-0.00799939580691,0.00940236919809,-0.999923799657,0.0,0.536861934816,0.0972808705563,0.304341438115,1.0,-0.18998,-0.249688,2.069
0.277629307607,-0.0245786838184,-0.127924980357,-2.15902427252,0.00875438861666,2.12826699037,-0.029281012326,-0.387339617172,-0.669547104617,-0.00874059164181,-0.791772656626,-0.0994173411343,0.122434690996,-0.350850979564,0.573710346719,0.819040001126,0.00326519886095,0.0,0.819008730677,-0.573641035934,-0.011891504092,0.0,-0.0078667169265,0.00949668815085,-0.999923960949,0.0,0.52396383242,0.080310427139,0.304470763869,1.0,-0.18998,-0.249688,2.137
0.251553113416,-0.0667827536191,-0.12830723748,-2.20858069814,0.0023350036561,2.13563901118,-0.052001680253,-0.407619640604,-0.643124559374,-0.0056014781586,-0.747831412261,-0.0986654831762,0.0919578461599,-0.351687762948,0.573776851773,0.818993293357,0.00329495172913,0.0,0.818961193985,-0.573705953195,-0.0120328266005,0.0,-0.00796462420718,0.00960277985027,-0.999922172662,0.0,0.511396898573,0.06382206741,0.304447845878,1.0,-0.18998,-0.249688,2.203
0.221989280039,-0.110559532298,-0.128791032115,-2.25824113897,-0.0044515245633,2.14156020881,-0.0777294978415,-0.439297535425,-0.625214348713,-0.0147070731465,-0.723841433423,-0.0991299563618,0.0694693423243,-0.388190910024,0.573878804701,0.818921490736,0.00338473450008,0.0,0.818889679575,-0.573806473631,-0.0121066265362,0.0,-0.00797234757554,0.00971964764911,-0.99992098194,0.0,0.498475414223,0.0468098707261,0.304488451105,1.0,-0.18998,-0.249688,2.271
0.191835781203,-0.151461330987,-0.129263597767,-2.30287529393,-0.0108634319348,2.14570213734,-0.104100973062,-0.468423307666,-0.609334879346,-0.0108820938185,-0.655595236652,-0.0957687733478,0.0432614538192,-0.412300111363,0.573904374036,0.818902056022,0.00373349786997,0.0,0.818875520792,-0.573831671067,-0.0118676715836,0.0,-0.0075762072038,0.00986836864076,-0.999922605197,0.0,0.486024934436,0.030316755813,0.304650041798,1.0,-0.18998,-0.249688,2.337
0.160284910917,-0.190611114711,-0.129684064928,-2.34440892455,-0.0170191502657,2.14808162626,-0.131803563838,-0.494669854797,-0.603381081741,-0.00234659453868,-0.609393039624,-0.0938025228178,0.0391264199625,-0.438310144742,0.573886455952,0.818913952117,0.00387577134491,0.0,0.818888603662,-0.573812383316,-0.0118974974743,0.0,-0.00751920585236,0.0100018302112,-0.999921709403,0.0,0.473492746408,0.0138611201484,0.304714166402,1.0,-0.18998,-0.249688,2.403
0.125384671056,-0.230291274537,-0.130112270312,-2.38526144164,-0.0233050913178,2.14913265614,-0.162712510145,-0.529246856861,-0.576151431658,-0.00187364328304,-0.581091108126,-0.0947269078233,0.00360438965033,-0.46988190312,0.573768284019,0.818996463559,0.00393647461054,0.0,0.818970869622,-0.573692630515,-0.0120094673263,0.0,-0.00757753068613,0.0101147042342,-0.999920133704,0.0,0.460745601398,-0.00276028697416,0.304704936577,1.0,-0.18998,-0.249688,2.47
0.0892863815036,-0.267536785812,-0.130730644899,-2.42216864261,-0.029232914071,2.1490154929,-0.194779023956,-0.561022905639,-0.555022274122,-0.0153271513592,-0.522337623266,-0.10119806529,-0.00548046485696,-0.501575683646,0.573908676736,0.818896484244,0.00425743599042,0.0,0.818875703945,-0.573832751569,-0.0118026105486,0.0,-0.00722219912381,0.0102601290349,-0.999921281698,0.0,0.44827716579,-0.019299457679,0.304795980291,1.0,-0.18998,-0.249688,2.536
0.0507197864512,-0.303820341133,-0.131270058416,-2.45695538031,-0.0349931040988,2.14763406815,-0.229547021144,-0.580584101217,-0.522158481262,-0.00781361428258,-0.508071560573,-0.0897156839659,-0.0385061401235,-0.53850908766,0.573779480874,0.818985534113,0.00453311626824,0.0,0.818968837417,-0.573703433669,-0.011625852104,0.0,-0.00692087357488,0.0103833562568,-0.99992214068,0.0,0.435614892928,-0.035959940858,0.304875068237,1.0,-0.18998,-0.249688,2.603
0.0104628200842,-0.337761912556,-0.131873046917,-2.48868242755,-0.0403810498647,2.14508207826,-0.265911942345,-0.636414017658,-0.49444825034,-0.0159487619817,-0.463825813341,-0.0827031356518,-0.0409598721447,-0.545936210824,0.573912603098,0.818891819022,0.00461081821634,0.0,0.818874678789,-0.573834105375,-0.0118079146084,0.0,-0.00702369515425,0.0105525964661,-0.999919651979,0.0,0.42305164528,-0.0524577981533,0.304824795166,1.0,-0.18998,-0.249688,2.669
-0.0322841768679,-0.370450731709,-0.132408635963,-2.5180617371,-0.0455882972889,2.14163994061,-0.305182007202,-0.645038191431,-0.461571258143,-0.00643022878378,-0.423887800622,-0.0672590918545,-0.058872249978,-0.594633516904,0.57370731657,0.81903468926,0.00477907982104,0.0,0.81901973975,-0.573628303401,-0.0117465884185,0.0,-0.0068795803989,0.010653469544,-0.999919584247,0.0,0.41034929573,-0.0690750804365,0.304876867166,1.0,-0.18998,-0.249688,2.736
-0.0773755630896,-0.400838470595,-0.133049219354,-2.54456706492,-0.0505165826028,2.13749336947,-0.346714754292,-0.670392546625,-0.430639574222,-0.00186834498137,-0.38367592176,-0.0663578038884,-0.0762229521339,-0.630705717052,0.573795152858,0.818972585644,0.00487579958414,0.0,0.818958612234,-0.573715370558,-0.0117563571588,0.0,-0.00683094457179,0.0107390255735,-0.999919002483,0.0,0.397628383635,-0.0858330911166,0.304901345509,1.0,-0.18998,-0.249688,2.803
-0.124473856166,-0.428751291845,-0.133718180448,-2.56819586647,-0.0549829703781,2.13291059934,-0.390599519903,-0.725173738496,-0.397584208669,-0.0146467696368,-0.333273196406,-0.0648293357856,-0.0729878915973,-0.668423196089,0.573875330004,0.818915317949,0.00505515003984,0.0,0.818902969347,-0.573793809673,-0.011804138162,0.0,-0.00676610602475,0.0109139911894,-0.999917548904,0.0,0.384903479309,-0.10256556922,0.304924142507,1.0,-0.18998,-0.249688,2.87
-0.172688065181,-0.453531221046,-0.134302136943,-2.58856192493,-0.0589810238644,2.12821775092,-0.436066525506,-0.755396376341,-0.354774610486,-0.0171895102116,-0.295119313579,-0.0523999090216,-0.0778701982665,-0.707897110953,0.573817774287,0.818954508905,0.00523652153203,0.0,0.818944178496,-0.573735088349,-0.011799483304,0.0,-0.00665899211694,0.0110593849989,-0.999916670442,0.0,0.37220134413,-0.119243844721,0.30496301106,1.0,-0.18998,-0.249688,2.937
-0.223486972069,-0.475596204481,-0.134882442877,-2.60613695744,-0.0626235757478,2.12359907739,-0.484342745316,-0.778215254008,-0.310562864099,-0.0165710767841,-0.237694622595,-0.0482889473745,-0.0704446016153,-0.732999825009,0.573808182702,0.818959867083,0.00544540847548,0.0,0.818953104567,-0.573726264569,-0.0116074444102,0.0,-0.00638198014053,0.0111201948577,-0.99991780242,0.0,0.359747047355,-0.135711730416,0.305052717344,1.0,-0.18998,-0.249688,3.003
-0.275944181108,-0.494121895738,-0.135405116129,-2.62090509838,-0.0657795690714,2.1192225602,-0.534690199713,-0.801901457972,-0.249933104955,-0.010664904241,-0.197695749047,-0.0403507604441,-0.0575880503188,-0.770761600057,0.573755432254,0.818996279005,0.00552682872646,0.0,0.818988738853,-0.573670059458,-0.011868252379,0.0,-0.00654960447272,0.0113361030174,-0.999914294052,0.0,0.347003951588,-0.15238998633,0.304962661475,1.0,-0.188299428571,-0.24747924898,3.07
-0.328438961194,-0.508735207791,-0.135481617905,-2.63204282784,-0.0680975472722,2.11557873448,-0.585104466279,-0.780508261683,-0.186771991091,-0.00485886819941,-0.139431112143,-0.0252841858801,-0.0465949851801,-0.733345013238,0.573896599049,0.81889569127,0.00576951642156,0.0,0.818892074994,-0.57381170768,-0.0116893345895,0.0,-0.00626185021883,0.0114333007667,-0.999915030823,0.0,0.334759996461,-0.16855853718,0.305042144306,1.0,-0.177234857143,-0.232937240816,3.137
-0.378985350037,-0.518966983987,-0.135197516792,-2.64001529119,-0.0697214519322,2.11271373603,-0.634040828639,-0.748494909661,-0.128984667899,0.000962082316857,-0.0945259090167,-0.0241060814099,-0.0382275371616,-0.713249599805,0.573865978161,0.818916561432,0.00585247145775,0.0,0.818912403036,-0.57377783779,-0.0119254314849,0.0,-0.00640803830108,0.0116364849077,-0.999911760739,0.0,0.323195289793,-0.183693724378,0.304961908884,1.0,-0.166170285714,-0.218395232653,3.204
-0.426314885644,-0.525607312479,-0.134751720288,-2.64491032745,-0.0707376494133,2.11072719455,-0.680194430997,-0.696532450654,-0.0759950561644,0.00757385898048,-0.0577261608996,-0.0186209658804,-0.0266828133383,-0.674086092076,0.573797457904,0.818963503565,0.00600033604894,0.0,0.818961675926,-0.573709512252,-0.0118286016862,0.0,-0.00624486344419,0.0117014921348,-0.999912034512,0.0,0.312593893505,-0.19765981427,0.305015701293,1.0,-0.155270857143,-0.204070269388,3.27
-0.471682915973,-0.52906716146,-0.134237910709,-2.64762258125,-0.0713018325356,2.10952801342,-0.7245109165,-0.643420053549,-0.0307642286999,0.014437515932,-0.0229800923131,-0.00021132405934,-0.0108536069184,-0.645983914381,0.573899889089,0.818890776036,0.00612871342607,0.0,0.818889650586,-0.57380958964,-0.0119600126234,0.0,-0.00627735034103,0.0118828186952,-0.999909692669,0.0,0.302502858873,-0.210896570563,0.304958092776,1.0,-0.144206285714,-0.189528261225,3.337
-0.513991902588,-0.530060712646,-0.133676669348,-2.64837671222,-0.0714814207476,2.10894417695,-0.766072774884,-0.62267301492,-0.00280276029941,0.00725601109748,-5.35781646909e-05,-0.00170173366399,-0.00375039094574,-0.59322073408,0.57399611692,0.818822148525,0.00628440508192,0.0,0.818822577411,-0.573904234073,-0.0120109840025,0.0,-0.00622833295642,0.0120403027576,-0.999908115268,0.0,0.293129825298,-0.223161479539,0.304942167097,1.0,-0.133141714286,-0.174986253061,3.404
-0.552825667002,-0.529249087248,-0.132966860002,-2.64774350427,-0.0715004545506,2.10894241171,-0.804587482374,-0.555241908858,0.0235076919313,0.0122726670108,0.0143786063778,-0.00125107630052,0.000781428562055,-0.562209837496,0.573784855506,0.818970199902,0.00628475655296,0.0,0.818971169273,-0.573694056342,-0.0119205922486,0.0,-0.00615720088202,0.0119871205129,-0.999909194787,0.0,0.284519972205,-0.234347408525,0.304951543039,1.0,-0.122077142857,-0.160444244898,3.471
-0.588594182425,-0.526694779709,-0.132287354269,-2.64589540578,-0.0714098422497,2.10931316964,-0.839899782119,-0.514726248972,0.0449190989896,0.00701199266955,0.0329899201718,0.00044376393062,0.0122207320801,-0.496336108695,0.573822694669,0.818944417985,0.00618887996722,0.0,0.818943581612,-0.573731220453,-0.0120267915327,0.0,-0.00629864140353,0.0119698199082,-0.99990852108,0.0,0.276551477382,-0.244669137951,0.304906807899,1.0,-0.111012571429,-0.145902236735,3.538
-0.620368538327,-0.522934413248,-0.131576249235,-2.64296515362,-0.0710049618471,2.10995621166,-0.871457362332,-0.460621177855,0.0699536307546,0.00615303861781,0.0537801520356,0.0121113850396,0.0114917326013,-0.448351484767,0.573833259567,0.818937145389,0.00617163003809,0.0,0.818936158195,-0.57374199715,-0.01201816992,0.0,-0.00630132374338,0.0119508267029,-0.999908731365,0.0,0.269528637882,-0.2538964274,0.304933692434,1.0,-0.100113142857,-0.131577273469,3.604
-0.649125111957,-0.518408942814,-0.130798796315,-2.63948187053,-0.0703411232339,2.11081601103,-0.900164555413,-0.399855359115,0.0740155517788,0.0127936852999,0.0537220256355,0.015223423596,0.0156726187533,-0.415873600026,0.573797596271,0.818961642618,0.00623645206635,0.0,0.818961416752,-0.573705905296,-0.0120199418027,0.0,-0.00626610254622,0.0120046584603,-0.999908307863,0.0,0.2631733821,-0.262249980319,0.304946037539,1.0,-0.0890485714286,-0.117035265306,3.671
-0.67453509942,-0.513515965053,-0.130041722026,-2.63578384823,-0.0695965638288,2.11177247028,-0.925510750193,-0.35027074554,0.0753743837062,0.0140896063466,0.0567006410754,0.011836701948,0.00667492271501,-0.349887510723,0.573830962181,0.818937620457,0.00632040697272,0.0,0.818937919266,-0.573737799017,-0.0120983167712,0.0,-0.00628163130355,0.0121186430102,-0.99990683546,0.0,0.257524026858,-0.26964640267,0.304921461515,1.0,-0.077984,-0.102493257143,3.738
-0.697106451728,-0.508494728162,-0.129259823605,-2.63203513714,-0.0688085781647,2.11277516885,-0.948058158345,-0.307305943457,0.0682760107255,0.00980811052284,0.0525136863461,0.00768479211878,0.0125224569306,-0.304404951145,0.573831660509,0.818936510709,0.00640029104229,0.0,0.81893698451,-0.573736450596,-0.0122248746565,0.0,-0.00633943798349,0.0122566911491,-0.999904787991,0.0,0.252481708971,-0.276216375052,0.304869403681,1.0,-0.0665891428572,-0.0875171591837,3.807
-0.715095588843,-0.504051834679,-0.128444987117,-2.62856029951,-0.0680632178548,2.11368592115,-0.965985930076,-0.253201080252,0.0757384854551,0.0103930723943,0.0486446306626,0.00904276598354,0.0142483606759,-0.246118646738,0.57380183944,0.818957407051,0.00640010883176,0.0,0.818958202303,-0.573707264459,-0.0121731051944,0.0,-0.0062975869837,0.0122266071757,-0.999905420765,0.0,0.248514135778,-0.281477512326,0.304893395856,1.0,-0.0558548571429,-0.0734092408164,3.872
-0.730814122095,-0.499906414933,-0.127612607861,-2.62532233822,-0.0672956983397,2.11455850014,-0.981746960855,-0.205243491744,0.0570995319207,0.00593726724444,0.0409450615118,0.0168430027731,0.00622510652521,-0.200854149229,0.573668036176,0.819051026581,0.00641459488104,0.0,0.819052392686,-0.573574167819,-0.0121078052437,0.0,-0.00623778449037,0.0121999850295,-0.999906120798,0.0,0.245049993881,-0.286056514392,0.304911886709,1.0,-0.0444600000001,-0.0584331428572,3.941
-0.742912686657,-0.496554708114,-0.126909711192,-2.62272556568,-0.0666101529255,2.11525746352,-0.993572412707,-0.158759042797,0.0447476610679,0.0118953117693,0.0357897717984,0.0107786269276,0.00545559102098,-0.159933413887,0.573825520178,0.818940283537,0.00646771168145,0.0,0.818942414192,-0.573731513663,-0.0120921201228,0.0,-0.0061921134864,0.0122356861131,-0.999905968437,0.0,0.242408529933,-0.28951568262,0.304908275194,1.0,-0.0335605714286,-0.0441081795919,4.007
-0.751417453673,-0.494108754308,-0.126211635423,-2.62084336707,-0.0660138769892,2.11579045611,-1.00186764907,-0.112037065607,0.0283145453317,0.00793692834137,0.0237220390866,0.0132915550876,0.00732442307457,-0.107022224794,0.5738363744,0.818932505798,0.00648947342937,0.0,0.81893518637,-0.573742793971,-0.0120463186638,0.0,-0.0061419515638,0.0122273093728,-0.999906380286,0.0,0.240545830947,-0.291981053787,0.304912628103,1.0,-0.0228262857143,-0.0300002612246,4.072
-0.757445224993,-0.492352730025,-0.125617088061,-2.61951006529,-0.0656396457579,2.11609342793,-1.00780447223,-0.0833389216527,0.0214088531481,0.00409911719793,0.0232756663377,0.00196253237351,0.00412823310284,-0.0849542316053,0.573711283097,0.819020515116,0.00644254352537,0.0,0.819022064537,-0.57361692088,-0.01213395165,0.0,-0.00624252353905,0.0122382058926,-0.999905624155,0.0,0.239244014581,-0.29366078847,0.304898069136,1.0,-0.0190247058824,-0.0250038991597,4.137
-0.762847189518,-0.490614996385,-0.125597492731,-2.61816644359,-0.0654258732212,2.11646681022,-1.01325644475,-0.0786565275797,0.0260206723075,0.00146639715955,0.0194067128875,0.000154158422815,-1.64241710078e-05,-0.0780232291639,0.573815253493,0.818947171756,0.00650627640539,0.0,0.818949612208,-0.573720687796,-0.0121182491067,0.0,-0.00619153966462,0.0122821851923,-0.999905401907,0.0,0.237968119168,-0.295329891614,0.30488668042,1.0,-0.0176647058824,-0.0232164705882,4.205
-0.767837067612,-0.488994757119,-0.125479735098,-2.61680103407,-0.0652312116863,2.11675622941,-1.01836661303,-0.0650498569619,0.0239576681333,0.0071918425034,0.0163362610079,0.00481968655866,0.0108064513304,-0.0623627397186,0.573783020034,0.818969808326,0.00649968247298,0.0,0.818972523449,-0.57368920892,-0.0120600292543,0.0,-0.00614812052098,0.012243137082,-0.9999061487,0.0,0.236821562859,-0.29687358336,0.304923596665,1.0,-0.0162847058824,-0.0214027563025,4.274
-0.772040746459,-0.487616415395,-0.125378686719,-2.61572097201,-0.0650747464098,2.11703373516,-1.02264275414,-0.0666564989601,0.0130777963801,0.00215634772923,0.0118781199158,0.00644451788226,0.00149718803342,-0.0694839755702,0.573776692572,0.818974225194,0.00650172510125,0.0,0.818976938252,-0.573682816399,-0.0120643143691,0.0,-0.00615055296259,0.0122472211106,-0.999906083727,0.0,0.235822505083,-0.298176071082,0.304918910662,1.0,-0.0150047058824,-0.0197204705882,4.338
-0.776308165613,-0.48619715317,-0.125353134976,-2.61455892242,-0.0649246950525,2.11727724784,-1.0269538367,-0.0627006152581,0.0160862647856,0.000331074573483,0.0104507795296,0.00369252871572,0.00524552755025,-0.0550046581495,0.573839180926,0.818930280082,0.00652209321652,0.0,0.818933324895,-0.573745329653,-0.0120520943525,0.0,-0.00612792246259,0.0122573594269,-0.999906098444,0.0,0.234821075673,-0.299483645238,0.304933083832,1.0,-0.0136647058824,-0.0179593277311,4.405
-0.779973068564,-0.48493687644,-0.125209617465,-2.61357367648,-0.064783405053,2.11755490162,-1.0306813783,-0.0535027000938,0.0169619872593,0.000202961682501,0.0156688900983,0.00275942171894,0.00773124727063,-0.0490419049644,0.573793546265,0.818962510946,0.00648990218421,0.0,0.81896524403,-0.573700066939,-0.0120378223304,0.0,-0.00613538600968,0.0122224644106,-0.999906479828,0.0,0.233980239693,-0.300602396533,0.304930971439,1.0,-0.0123447058824,-0.0162244705882,4.471
-0.78337634861,-0.483821434655,-0.125181929779,-2.61264875791,-0.0646412708885,2.11777183462,-1.03411051686,-0.0515971874375,0.0163634473914,-0.000336969439884,0.013760574983,0.0018691195755,0.0104382744538,-0.0458724921031,0.573858700724,0.818916658246,0.00651500966828,0.0,0.818919995197,-0.57376564767,-0.011990409576,0.0,-0.00608117448057,0.0122163077485,-0.999906886236,0.0,0.233166390528,-0.301656571137,0.304947950142,1.0,-0.0110047058824,-0.0144633277311,4.538
-0.786294905957,-0.48274864782,-0.125065609717,-2.61183807317,-0.0645055086563,2.11797028263,-1.03710795153,-0.044593225301,0.0133665149867,0.00350653085503,0.0120622940273,0.000106558083685,0.000548654040581,-0.0380152474172,0.573808367809,0.818951900958,0.00651827050208,0.0,0.818954972028,-0.573714693127,-0.0120395839246,0.0,-0.00612033041633,0.0122468198268,-0.999906274088,0.0,0.232493154022,-0.302544277514,0.304929344864,1.0,-0.00968470588236,-0.0127284705882,4.604
-0.78889314574,-0.481785560845,-0.125003708511,-2.61106662348,-0.0643746963863,2.11815151116,-1.03976041328,-0.0314969395233,0.0150595526071,0.00138623243665,0.0186801094856,0.000107250855712,0.00065227684508,-0.0324959792092,0.573813149358,0.818948419988,0.00653467091923,0.0,0.818951727343,-0.573719444155,-0.0120338930486,0.0,-0.00610618749393,0.0122570220918,-0.999906235546,0.0,0.231891579219,-0.303355567756,0.304931425635,1.0,-0.00834470588236,-0.0109673277311,4.671
-0.791244115717,-0.480949473898,-0.124914947683,-2.61032792693,-0.0642670015228,2.11830469274,-1.04207153745,-0.029687392907,0.0123947865878,0.00253007467842,0.0085173452487,0.000946756292205,-0.000167070447582,-0.0364164704413,0.573863504814,0.81891333477,0.0065095990544,0.0,0.81891672361,-0.573770720598,-0.0119710850451,0.0,-0.00606838067002,0.0122008232537,-0.999907153024,0.0,0.231359601831,-0.304093883604,0.304964706456,1.0,-0.00694470588235,-0.00912732773109,4.741
-0.793045454122,-0.480253087307,-0.124830813007,-2.60973846292,-0.0641718306965,2.11843306707,-1.04392090902,-0.0316170284222,0.00724574746921,0.000469978071642,0.0124484783221,0.00475346290348,0.000501325926272,-0.0226092796237,0.573832708285,0.818935032813,0.0064947544529,0.0,0.818938407757,-0.573740356716,-0.0119429592966,0.0,-0.0060543215913,0.012172298903,-0.999907585895,0.0,0.23096102813,-0.304662199268,0.30498086205,1.0,-0.00562470588235,-0.00739247058824,4.807
-0.794496512606,-0.47970201237,-0.12475453563,-2.60931974223,-0.0640887401763,2.11852349286,-1.0453563049,-0.015356690469,0.00342597540625,0.00214818568812,0.00714844655935,0.000488330230064,-0.000110104237551,-0.0196440865321,0.573846533384,0.818925293286,0.00650131068475,0.0,0.818928546374,-0.573753733721,-0.0119764717601,0.0,-0.00607780138576,0.0121970005404,-0.999907142443,0.0,0.230629530604,-0.305099354997,0.304971168863,1.0,-0.00432470588235,-0.00568389915966,4.872
-0.795617192715,-0.479292953368,-0.124653585524,-2.60910665541,-0.0640121201025,2.11858993269,-1.04647183077,-0.0118901703876,0.00502799174316,0.00320283092028,0.000455158101681,0.000591118851127,0.000407719798363,-0.00912616795637,0.573821602518,0.818942553692,0.00652756750815,0.0,0.818945396812,-0.57372718455,-0.0120955218938,0.0,-0.00616061327044,0.0122866296753,-0.999905538326,0.0,0.230363853666,-0.305395407182,0.304920571309,1.0,-0.00300470588235,-0.00394904201681,4.938
-0.796408832052,-0.479139806336,-0.124582318263,-2.60893063961,-0.0639394191164,2.1186267754,-1.04722722391,-0.0111523796224,0.00108618030726,0.00232542514161,0.00513184442808,0.000104585117236,-0.000212566600324,-0.00677238167044,0.573839218883,0.818930180002,0.00653131334205,0.0,0.818933487103,-0.573745610385,-0.012027683318,0.0,-0.00610263799925,0.0122509034786,-0.9999063322,0.0,0.230184073237,-0.30561125989,0.304947031061,1.0,-0.00166470588235,-0.00218789915966,5.005
-0.796869503479,-0.479090130171,-0.124514822174,-2.60883019997,-0.0638824471518,2.11867310167,-1.04757948666,-0.00390949765749,-0.00159413752153,0.000650011054447,2.21463040552e-05,0.00187129349258,6.37674982232e-06,-0.000602557492633,0.573908136454,0.818881978254,0.00651947121949,0.0,0.818885759744,-0.573815831538,-0.0119268967125,0.0,-0.00602586099184,0.0121838797861,-0.999907616769,0.0,0.230091458935,-0.305734739987,0.30497920797,1.0,-0.000324705882352,-0.00042675630252,5.072
-0.796868622653,-0.479069785812,-0.124428135635,-2.60883699719,-0.0638428158354,2.11867470355,-1.04762701572,2.22487037294e-05,-8.17382759693e-05,0.00375124524014,-0.000713448820993,0.000114939745084,-0.000415156532468,-2.46023760826e-05,0.573822583447,0.818941938498,0.00651851187274,0.0,0.818945557555,-0.573729999036,-0.0119502664694,0.0,-0.00604682499765,0.0121958739267,-0.999907343991,0.0,0.23011701814,-0.305712103216,0.304970523076,1.0,0.0,0.0,5.141
-0.796874625327,-0.479060902463,-0.124426961164,-2.60882988075,-0.0638355356474,2.11867787027,-1.04763619731,-0.00092934146525,0.00215140596564,-0.000566421197746,0.0015583624347,8.58432716584e-06,-0.0054249558204,0.000469644297331,0.573822611236,0.818941884955,0.00652279096982,0.0,0.818945572343,-0.573730033514,-0.0119475974531,0.0,-0.00604218322799,0.012197847199,-0.999907347981,0.0,0.23011786461,-0.305715021253,0.304970677263,1.0,0.0,0.0,5.205
-0.796875000205,-0.479057376655,-0.124421604617,-2.6088344533,-0.0638256306503,2.11867730217,-1.04764225051,-0.000560945133311,0.00398178165776,0.000421817790486,0.000271749098749,-1.96064675169e-05,-0.000154355650083,0.00041465054378,0.573818175278,0.818944930356,0.00653067116389,0.0,0.818948673294,-0.573725468907,-0.0119542351328,0.0,-0.00604316423211,0.0122080769194,-0.999907217208,0.0,0.230119141764,-0.305711727536,0.304967343758,1.0,0.0,0.0,5.275
-0.796880056024,-0.479059919304,-0.124418510661,-2.60883442584,-0.0638242933691,2.11868063805,-1.04764694997,0.00162664091408,0.000815000022218,-0.00309314911815,8.34092213884e-05,0.000203745680538,-0.000168407377611,-0.0012443660238,0.573816786672,0.818945916029,0.00652907764258,0.0,0.818949674432,-0.573724160784,-0.0119484300592,0.0,-0.00603934468483,0.0122034307059,-0.999907297,0.0,0.230119051669,-0.30571277263,0.304968675923,1.0,0.0,0.0,5.339
-0.796880290064,-0.479067987775,-0.124422915181,-2.60883436174,-0.0638195098837,2.11867664951,-1.04764866591,0.000683791408618,-0.00169346628401,-0.000885916865951,-0.00111184785194,0.00026318093274,0.00040464735615,-0.000724447009999,0.573820801044,0.818943059726,0.0065345325829,0.0,0.818946918761,-0.573728210193,-0.0119428632153,0.0,-0.00603159538709,0.0122047336402,-0.999907327873,0.0,0.230117945748,-0.305712808037,0.304971329306,1.0,0.0,0.0,5.409
-0.796877952636,-0.479054899751,-0.124417724037,-2.60883194927,-0.0638189932898,2.11868182468,-1.04764657207,0.000473461559245,0.0016169292581,0.000531232288661,-0.000123092191981,-0.000373377268394,-0.000164594917132,0.00128617486381,0.573817218002,0.818945582921,0.00653295034726,0.0,0.818949386607,-0.573724564616,-0.0119487669708,0.0,-0.00603739207695,0.0122067989201,-0.999907267679,0.0,0.230120984303,-0.305712487047,0.304968014858,1.0,0.0,0.0,5.476
-0.796881003351,-0.479060189465,-0.124417212399,-2.60882861127,-0.0638148783461,2.11868182469,-1.04764966133,5.26213454658e-06,-4.3943378947e-06,0.000333653515698,0.00118586221712,-9.3371705195e-05,-0.000222951377772,-0.000151472739335,0.573818710303,0.818944527544,0.00653417263953,0.0,0.818948402182,-0.573726162557,-0.0119395084552,0.0,-0.00602908539558,0.0122024985221,-0.999907370289,0.0,0.230121354749,-0.305713805853,0.304971548576,1.0,0.0,0.0,5.539
