position_joint1,position_joint2,position_joint3,position_joint4,position_joint5,position_joint6,position_joint7,velocity_joint1,velocity_joint2,velocity_joint3,velocity_joint4,velocity_joint5,velocity_joint6,velocity_joint7,ee_T_00,ee_T_10,ee_T_20,ee_T_30,ee_T_01,ee_T_11,ee_T_21,ee_T_31,ee_T_02,ee_T_12,ee_T_22,ee_T_32,ee_T_03,ee_T_13,ee_T_23,ee_T_33,v_x,v_y,time
0.46507857872,0.547679739085,-0.123957279124,-1.35576648869,0.0794229932567,1.89408681251,0.159173148066,0.00166715945219,0.00205341737054,-0.000102958120463,0.000194244975166,0.000252605129076,-8.25148670021e-05,0.00148732251851,0.573767036229,0.819004251843,0.00204218042519,0.0,0.818962897942,-0.573708681215,-0.0117842180219,0.0,-0.00847987128985,0.00843402822901,-0.999928476918,0.0,0.661688160582,0.260907637439,0.303315533582,1.0,0.0,0.0,0.0
0.465080749999,0.547674928386,-0.123949551625,-1.35577202068,0.0794199085055,1.89408261319,0.159168468704,-0.000614623738222,0.00162092529901,0.000928346026074,-0.00168134472081,4.66927229847e-05,0.00019443479598,-0.000195549404832,0.57375547365,0.819012360699,0.0020387205098,0.0,0.818970938983,-0.573697110977,-0.0117886750358,0.0,-0.0084856258786,0.00843363205264,-0.999928431441,0.0,0.661684013366,0.260912166447,0.303315682132,1.0,-0.00012,-0.000157714285714,0.007
0.465080828957,0.547657911894,-0.12394949252,-1.3557673244,0.0794233542403,1.8940851849,0.159172334264,-0.000666415378117,-0.00138926207145,0.000685495717197,-0.000367879064736,0.000162276176896,-0.000140680027639,0.0011884526238,0.57375917606,0.819009709912,0.00206151819416,0.0,0.818968561811,-0.573700700582,-0.0117791263829,0.0,-0.00846468742107,0.00844686306706,-0.999928497229,0.0,0.661685827294,0.260913771441,0.303330200212,1.0,-0.00044,-0.000578285714286,0.023
0.465083594663,0.547620872419,-0.123946983836,-1.35577133331,0.0794218811666,1.89408615574,0.159168486255,-0.000149160514268,-0.0015267605119,0.00124312333259,-0.000796748647651,-0.00055703503964,0.00119482855827,0.00085472999023,0.573751773416,0.819014819899,0.00209145641461,0.0,0.818974058582,-0.573693179613,-0.0117632451322,0.0,-0.00843458020467,0.00846219422742,-0.999928622015,0.0,0.661684868401,0.260916896764,0.303354530266,1.0,-0.00076,-0.000998857142857,0.039
0.465078605225,0.547505999531,-0.123954545372,-1.3558500166,0.0794240740698,1.89409410341,0.159165516106,-0.000622767826098,-0.00721902430582,-0.00111830016128,-0.00747128891837,4.10581560107e-05,0.00129322952083,-0.00150388133154,0.573763432377,0.81900654352,0.00213359783224,0.0,0.818966279869,-0.573704624017,-0.0117466471615,0.0,-0.00839668760979,0.00848730468062,-0.999928728108,0.0,0.661674368394,0.260902289193,0.303399399594,1.0,-0.0011,-0.00144571428571,0.056
0.465060860994,0.547378596029,-0.123961922464,-1.3559895898,0.0794203480698,1.89413018368,0.159164841607,-0.00109266907293,-0.00742884298676,-0.00136817100456,-0.00677108579747,-0.000223144204674,0.00404772866885,-0.000672246034529,0.573789217922,0.818988419435,0.00215618378166,0.0,0.81894842626,-0.573730296644,-0.0117374928984,0.0,-0.00837596405956,0.00850081385226,-0.999928787159,0.0,0.661659464847,0.260873233983,0.303426586387,1.0,-0.00144,-0.00189257142857,0.073
0.46503169578,0.547251293306,-0.12396050905,-1.35617054969,0.0794147546255,1.89421484566,0.159160934989,-0.00171809830587,-0.00898436228729,0.000447018304901,-0.0129544847633,-0.00267650200594,0.00549641756028,-0.000511400421769,0.573817664539,0.818968412025,0.00218514751642,0.0,0.818928764824,-0.573758598825,-0.011725839852,0.0,-0.00834950601991,0.0085181381958,-0.999928861005,0.0,0.66164582218,0.260839795845,0.303437925724,1.0,-0.00176,-0.00231314285714,0.089
0.465007992275,0.547080853152,-0.123963676472,-1.35638989345,0.0794043570711,1.8943429978,0.159149601568,-0.00104914718625,-0.00672508168112,-0.000983496158286,-0.012463927971,0.000301417542929,9.65239022204e-05,-0.00239183353721,0.57383979005,0.818952727987,0.00225201690358,0.0,0.818914000343,-0.573780523906,-0.0116840630689,0.0,-0.00827669123738,0.0085491530674,-0.999929201676,0.0,0.661633083648,0.260805513579,0.303465468786,1.0,-0.00212,-0.00278628571429,0.107
0.465009767987,0.546899887594,-0.123958311845,-1.35664814783,0.0793983261842,1.89447442339,0.159134350735,-0.000780278875736,-0.0107029045729,0.000510129565986,-0.0146982407617,-0.000507140316758,0.00254219466349,-0.000741908727247,0.573835160442,0.818955829218,0.00230333063088,0.0,0.818917701623,-0.57377563792,-0.0116645702577,0.0,-0.0082313312844,0.00857994396212,-0.999929312375,0.0,0.661603492444,0.260789472404,0.303481948997,1.0,-0.00246,-0.00323314285714,0.124
0.465002898583,0.546706167682,-0.123954937098,-1.3569536653,0.0793839925815,1.89456504881,0.159109335994,-0.00144344097309,-0.0122189648377,0.000928944424872,-0.0243415932334,-0.00211991104243,0.00547215262052,-0.00140704405254,0.573831090816,0.818958721085,0.00228894566359,0.0,0.818920323846,-0.573771535165,-0.0116822741064,0.0,-0.00825412731173,0.00857828137626,-0.999929138725,0.0,0.661558419944,0.260756987587,0.303481459451,1.0,-0.00276,-0.00362742857143,0.139
0.46498090019,0.546422297797,-0.123953379362,-1.35736000679,0.079374511607,1.89471050664,0.159005323597,-0.00460536929099,-0.0172902062352,0.00122681983027,-0.0224271072688,0.000289788248933,0.00785665948932,-0.0107539277085,0.573782971097,0.818992352614,0.00231847783689,0.0,0.818954186138,-0.573723153895,-0.0116846306581,0.0,-0.00823961737346,0.00860333486603,-0.99992904315,0.0,0.661507603935,0.260707173511,0.303501645977,1.0,-0.00312,-0.00410057142857,0.157
0.464939969809,0.546138727865,-0.123953353151,-1.35779534763,0.0793599126468,1.89487218349,0.158951924516,-0.00217196295685,-0.0177573803534,-0.000699323753634,-0.024376103384,-0.000314614237036,0.0055317640474,-0.000727640674935,0.573793206206,0.818985139974,0.00233321995665,0.0,0.818947061377,-0.573733225472,-0.0116894633443,0.0,-0.00823500951126,0.00861828420688,-0.999928952374,0.0,0.661458905363,0.260640774834,0.303509248786,1.0,-0.00346,-0.00454742857143,0.174
0.464881738976,0.545853244578,-0.123955092666,-1.3582675875,0.07932635001,1.89502567293,0.158921542664,-0.00836834763912,-0.0203725427983,-0.000829348049357,-0.0298093587593,-0.00527530592263,0.00843196829472,-0.00108555317339,0.573834609969,0.81895622016,0.00230147006554,0.0,0.818917753956,-0.573774766836,-0.0117036788968,0.0,-0.00826443429706,0.00860085630497,-0.999928859668,0.0,0.661406092923,0.260553925005,0.303499935025,1.0,-0.00378,-0.004968,0.19
0.464823077555,0.545517098162,-0.123958364471,-1.3588339035,0.0792236882867,1.89521995038,0.158821713807,-0.000840528896841,-0.0195396754178,0.00186822270776,-0.0333676999674,-0.00199834898181,0.00853808003375,-0.0147310058772,0.573807505756,0.818975402867,0.00223220482923,0.0,0.818936627996,-0.573748533251,-0.0116690538994,0.0,-0.00827610321227,0.00852398912159,-0.999929421372,0.0,0.661345436593,0.260446984825,0.303485158839,1.0,-0.00412,-0.00541485714286,0.207
0.464747776719,0.545141284346,-0.123956829977,-1.3594911507,0.079216512609,1.89544667269,0.15874807385,-0.000673237533153,-0.0238052697978,-0.000528556644299,-0.0438146019389,-0.000356280744989,0.0154699538627,-0.00265967897634,0.573848582976,0.818946719794,0.00219564493796,0.0,0.81890715905,-0.573789422794,-0.011726467835,0.0,-0.00834367516825,0.00852741048794,-0.999928830645,0.0,0.661265172074,0.260330858981,0.303452441099,1.0,-0.00448,-0.005888,0.225
0.464695235496,0.544740052761,-0.123959047619,-1.36019300368,0.0791931256749,1.89568192504,0.158670332556,-0.0107541566557,-0.0253321584915,0.000957838833926,-0.0432602967174,0.000130786611451,0.00769092206068,-0.00846979100019,0.573856329335,0.818941396302,0.00215629486014,0.0,0.818901120009,-0.573797110751,-0.0117719260587,0.0,-0.00840340359455,0.00852135061568,-0.999928382131,0.0,0.661180887116,0.260237331961,0.303428391994,1.0,-0.0048,-0.00630857142857,0.241
0.464629230485,0.544333515945,-0.123961579734,-1.36087903377,0.0791501599482,1.89592876647,0.158560150963,-0.00282723350092,-0.0230277722433,-0.00030397402127,-0.0383837126672,1.44857472137e-05,0.0159083426876,-0.00560075730729,0.573848753989,0.818946782952,0.00212629691079,0.0,0.818906125101,-0.573789661264,-0.0117868486044,0.0,-0.00843291692131,0.00850526970192,-0.999928270577,0.0,0.661103231751,0.260125930543,0.303411022924,1.0,-0.00512,-0.00672914285714,0.257
0.464558314744,0.543818390184,-0.123964775546,-1.36171525293,0.0791017226221,1.89623421112,0.158488881089,-0.00691331496445,-0.0314971991347,0.000136305031724,-0.04840053278,-0.00130480713765,0.0260314047126,-0.00431057663469,0.573884398816,0.81892184171,0.00211207650418,0.0,0.81888098669,-0.573825344939,-0.0117961877115,0.0,-0.00844835539436,0.00849935102371,-0.999928190583,0.0,0.661007214792,0.259997596698,0.303404067992,1.0,-0.00548,-0.00720228571429,0.275
0.464474529563,0.543326737541,-0.123969801291,-1.36250642436,0.0790694499315,1.89649567897,0.158374563485,-0.00677113446958,-0.0286208198449,-0.00109277959741,-0.0478520500693,-0.000666741675472,0.0164315309418,-0.00332077340068,0.573898172507,0.818912251827,0.00208765459361,0.0,0.81887091609,-0.573839049629,-0.0118285588231,0.0,-0.00848873744825,0.00849807153573,-0.999927859456,0.0,0.660914915267,0.259864371094,0.303398158832,1.0,-0.0058,-0.00762285714286,0.291
0.464397833288,0.542777592788,-0.123976796913,-1.36340000719,0.0790137920529,1.89678908299,0.158254543775,1.47132741628e-05,-0.0294388126756,0.000672059542593,-0.0533454139319,-0.0010848612557,0.0220589723558,-0.00183107452382,0.573902240219,0.818909516011,0.00204209676285,0.0,0.818867578506,-0.573843290155,-0.0118538650546,0.0,-0.0085355637056,0.00847532971774,-0.999927653852,0.0,0.660806704037,0.259721678767,0.303386914948,1.0,-0.00614,-0.00806971428571,0.308
0.46431192546,0.54216693379,-0.123971892926,-1.36429946985,0.0789774296759,1.89713270696,0.158145903838,-0.00387371192268,-0.0365467808806,0.000895362530796,-0.0488408042697,0.000103055493986,0.0220915099877,-0.00340065154594,0.5739204808,0.818896586198,0.00209993611183,0.0,0.818855224911,-0.573861120603,-0.0118440616949,0.0,-0.0084941535371,0.0085172572233,-0.999927650225,0.0,0.660707235389,0.25958645228,0.303420304822,1.0,-0.00648,-0.00851657142857,0.325
0.464241242427,0.541582133049,-0.123977328399,-1.36518658258,0.0789197908982,1.89746865655,0.158017748396,-0.00238062175077,-0.0372716378252,0.000567087612843,-0.0524932268071,-0.00165399978907,0.0263000449933,-0.0066991023457,0.573911106106,0.818903091871,0.00212492659412,0.0,0.818862121225,-0.573851713767,-0.0118230254217,0.0,-0.00846268223833,0.00852555163891,-0.999927846386,0.0,0.660607863583,0.259452460959,0.303440843405,1.0,-0.0068,-0.00893714285714,0.341
0.464169351798,0.540890366792,-0.123980674645,-1.36626687486,0.0788511762135,1.89786635288,0.157867740504,-0.00346746507125,-0.0343686028969,-0.000385051815143,-0.0638175116467,-0.00192097616146,0.0256543757598,-0.0062711408702,0.573891042451,0.818917140034,0.00212980147883,0.0,0.81887626443,-0.573831665249,-0.0118165313205,0.0,-0.00845477528549,0.00852560950105,-0.99992791278,0.0,0.660479334055,0.259299775562,0.303450250914,1.0,-0.00716,-0.00941028571429,0.359
0.464098816248,0.540195738555,-0.123978248851,-1.36732358613,0.078781486232,1.89826039223,0.157737854178,-0.0058203096806,-0.0458880193679,-0.00133622504939,-0.056924609595,-0.000705674400211,0.0222438651438,-0.0126281656519,0.573880616647,0.818924382377,0.00215422527172,0.0,0.818883859268,-0.573821180245,-0.011799365817,0.0,-0.00842681051843,0.00853565197311,-0.999928063167,0.0,0.660353788341,0.2591537543,0.303472284725,1.0,-0.0075,-0.00985714285714,0.376
0.464016837691,0.539570895604,-0.123984250757,-1.36831196395,0.0787171729865,1.8986659174,0.157621444967,-0.00888940120287,-0.0412687355702,-0.00554399894542,-0.0712954741229,-0.00709039321944,0.0256481813753,-0.00632977778378,0.573894391484,0.818914651579,0.0021835185253,0.0,0.818874623238,-0.57383495562,-0.0117703876932,0.0,-0.00838612513959,0.00854315187463,-0.999928341163,0.0,0.660248904035,0.259004135553,0.303478717221,1.0,-0.0078,-0.0102514285714,0.391
0.463909230022,0.538838063088,-0.123982888255,-1.36950685175,0.0786557091409,1.89909879839,0.157478974645,-0.00601714659187,-0.0417630197707,-0.000640640044912,-0.0734216987926,-0.00405937128932,0.0292221054333,-0.0101189181015,0.573923391063,0.818894358623,0.00217198245617,0.0,0.818854034189,-0.573863847572,-0.0117941529449,0.0,-0.0084119050574,0.00854764141787,-0.999928086254,0.0,0.660100216699,0.258809960475,0.303472104212,1.0,-0.00816,-0.0107245714286,0.409
0.463793164237,0.53799140479,-0.123986737667,-1.37080714927,0.0785807035857,1.89957513275,0.157321530344,-0.00375644020682,-0.0489565429503,-0.000673141406105,-0.0800204164512,-0.00735938525753,0.0249244090276,-0.0117240838997,0.573934884211,0.818886271292,0.00218409632132,0.0,0.818846092816,-0.573875280568,-0.0117892126232,0.0,-0.00840078721847,0.00855484382812,-0.999928118127,0.0,0.659960529156,0.258619212999,0.303485700577,1.0,-0.0085,-0.0111714285714,0.426
0.46368141483,0.537232411899,-0.123990644241,-1.37196952073,0.078521544911,1.90002324446,0.157170554255,-0.00618650620839,-0.0482128737914,-0.00124515754687,-0.0760688093467,-0.00454204166063,0.0272822776091,-0.0149606261745,0.573953806474,0.818872894505,0.00222656256936,0.0,0.818833202937,-0.573893970288,-0.0117746990189,0.0,-0.00836433207378,0.00858148190228,-0.999928195481,0.0,0.659833667564,0.25843602322,0.303507365505,1.0,-0.00882,-0.011592,0.442
0.46354736849,0.536347587455,-0.123993273056,-1.37332759618,0.0784521263724,1.90056043244,0.157005118077,-0.00824003811497,-0.0516962189191,-0.000556698623905,-0.074623638109,-0.0097621739566,0.0286966453761,-0.00140549066991,0.573986279664,0.818849969989,0.00228567440762,0.0,0.818810983675,-0.573926149719,-0.0117513651591,0.0,-0.00831095670729,0.0086168235793,-0.999928336607,0.0,0.659688285148,0.258221681308,0.303532254245,1.0,-0.00918,-0.0120651428571,0.46
0.46343283721,0.535471059029,-0.123999930776,-1.37471133239,0.0783645758207,1.90104508172,0.156840488407,-0.00441891297773,-0.0525723819961,0.00033546190129,-0.0818759665295,-0.00619189345033,0.031133944106,-0.00526744074037,0.574002291081,0.818838809517,0.00226291058591,0.0,0.818799542108,-0.573942260553,-0.0117617301866,0.0,-0.00833234155018,0.00860429588515,-0.999928266515,0.0,0.6595227906,0.258008260597,0.303534438997,1.0,-0.00952,-0.012512,0.477
0.463340441191,0.534673906655,-0.124007382098,-1.37598826458,0.0782920000727,1.90150205097,0.156675344476,-0.0115773091751,-0.0500950436391,-0.00182434461216,-0.0869764496969,-0.00319648628266,0.0308944817996,-0.0163952048707,0.573998465836,0.818841543388,0.00224386743463,0.0,0.818801985384,-0.573938463971,-0.0117768928995,0.0,-0.00835572820304,0.00859736709301,-0.99992813096,0.0,0.659367822223,0.257821164268,0.303528942118,1.0,-0.00982,-0.0129062857143,0.492
0.463218138011,0.533774310482,-0.124000616099,-1.37744622701,0.0782032280547,1.90205939712,0.156496424694,-0.0106390106886,-0.0497581389714,0.00106793406877,-0.0919472355375,-0.0074404255887,0.0378888640821,-0.0108027166492,0.57400352013,0.818838005569,0.00224196674385,0.0,0.81879839972,-0.573943501117,-0.0117807063262,0.0,-0.00835988878375,0.00859805122208,-0.999928090302,0.0,0.659198539137,0.257606661818,0.303517628924,1.0,-0.01016,-0.0133531428571,0.509
0.463067187176,0.532805134659,-0.124011300381,-1.37903074422,0.0781021269411,1.90266527276,0.156289114217,-0.0199053556589,-0.0554881747131,-0.00132087177634,-0.0956996125638,-0.0112420144232,0.0370039116429,-0.0108082014195,0.574024544183,0.818823311469,0.00222579694075,0.0,0.818783597179,-0.573964689098,-0.0117772476112,0.0,-0.00836611711357,0.0085830404676,-0.99992816717,0.0,0.659022963541,0.257350354684,0.30349972936,1.0,-0.01052,-0.0138262857143,0.527
0.462924691726,0.531828402668,-0.124020551469,-1.38059557822,0.0780197953306,1.90323070482,0.156094644336,-0.00793709772713,-0.0629058449592,0.000617841109029,-0.0921359833245,-0.00479451487514,0.0372827577967,-0.0170030923289,0.574051731938,0.818804293044,0.00221035143771,0.0,0.818764274626,-0.573991827174,-0.011797958959,0.0,-0.00839165734974,0.00858256080619,-0.999927957273,0.0,0.65884011489,0.257103207941,0.303492778947,1.0,-0.01086,-0.0142731428571,0.544
0.462794048778,0.530889922472,-0.12401660735,-1.38211877762,0.0779244680418,1.90376742961,0.155911512053,-0.0103524969249,-0.0576981493514,0.00193682924422,-0.0929888698392,-0.00650045024812,0.0305550567427,-0.0136926053855,0.574063148059,0.818796401984,0.00216818815147,0.0,0.818755784808,-0.574003354974,-0.0118262514297,0.0,-0.00843890732159,0.00856439660823,-0.999927715364,0.0,0.658654472618,0.256871974225,0.303475538283,1.0,-0.01118,-0.0146937142857,0.56
0.462666162013,0.529873039175,-0.124025352698,-1.38377105722,0.077821317926,1.90435812561,0.155691678829,-0.00822808875798,-0.0569234656902,-4.41874185583e-05,-0.0960541187044,-0.0051613359427,0.0321025674454,-0.0137638794013,0.574055994071,0.818801529275,0.00212561267806,0.0,0.818760372511,-0.573996384673,-0.0118469274488,0.0,-0.0084803515929,0.00854133158851,-0.999927562022,0.0,0.658453713288,0.256623307304,0.303456985466,1.0,-0.01152,-0.0151405714286,0.577
0.462554210753,0.528875133121,-0.1240223092,-1.38535148686,0.0777347276363,1.9049290254,0.155480608129,-0.00549361353831,-0.0649730883239,-0.000204628306914,-0.0959992804598,-0.0101058570165,0.0406742271636,-0.017072256589,0.574035054664,0.818816220514,0.00212130673372,0.0,0.818774867006,-0.573975323416,-0.0118655876595,0.0,-0.00849832154199,0.00854830048079,-0.999927349906,0.0,0.658257160993,0.256401612285,0.303456947163,1.0,-0.01184,-0.0155611428571,0.593
0.462425356046,0.527756223512,-0.124019356448,-1.38706074974,0.0776242438328,1.90558764103,0.155235474143,-0.0134098621921,-0.0683985055521,0.00328236312135,-0.0996310594179,-0.00202804368558,0.0412270631932,-0.0151266659454,0.57400061378,0.818840221862,0.00217562449473,0.0,0.818799635313,-0.573940732087,-0.0118296307682,0.0,-0.00843806042637,0.00857178089797,-0.999927659238,0.0,0.658056379346,0.256157140513,0.303488100254,1.0,-0.01218,-0.016008,0.61
0.462259972657,0.526472063297,-0.124015020341,-1.38902869653,0.0775159080246,1.90635872014,0.154967372771,-0.00686943767852,-0.0613612240925,0.00128146684771,-0.108781818132,-0.00379653500145,0.0404444046853,-0.00954137815258,0.573990803976,0.818846882512,0.00225540523842,0.0,0.818807250393,-0.573930528033,-0.0117975674219,0.0,-0.00836611645887,0.00861860330604,-0.999927861284,0.0,0.657830146325,0.255868881062,0.303521860719,1.0,-0.01256,-0.0165074285714,0.629
0.46212651976,0.52551348226,-0.124022283006,-1.39054121653,0.0774140960509,1.90689549301,0.154756919855,-0.0124905342378,-0.0589313377753,-0.00018927992892,-0.10958302186,-0.00860923655418,0.0369446856378,-0.0165308658656,0.573986755564,0.818849779191,0.00223393320791,0.0,0.818809936379,-0.57392663339,-0.0118006132907,0.0,-0.00838097718196,0.00860272807341,-0.999927873544,0.0,0.657648949551,0.255629914349,0.303523056194,1.0,-0.01284,-0.0168754285714,0.643
0.461955027469,0.524178332887,-0.124036477007,-1.39265338785,0.077261538095,1.90763643625,0.154473566351,-0.00974941863778,-0.0703889825131,-0.000871121177969,-0.112875939368,-0.00212109371151,0.0416790940109,-0.0174501591044,0.573977231088,0.818856581736,0.00218715394492,0.0,0.818816324307,-0.573917489458,-0.0118020864144,0.0,-0.00840913213933,0.00856517114113,-0.999927959575,0.0,0.657391115863,0.255301381253,0.303521304744,1.0,-0.01322,-0.0173748571429,0.662
0.461796351201,0.52305852403,-0.124035727088,-1.39445097728,0.0771555442948,1.90830246965,0.15422165885,-0.0109687346283,-0.066375610598,-0.00138275935152,-0.110387456948,-0.0107566185354,0.0443686705462,-0.0225667093189,0.573968226867,0.818862917843,0.00217789568416,0.0,0.818822478215,-0.573908459562,-0.0118142335547,0.0,-0.00842448720097,0.00856446951914,-0.999927836335,0.0,0.65717674362,0.255026914996,0.303510635882,1.0,-0.01354,-0.0177954285714,0.678
0.461632966787,0.521882332558,-0.124045969541,-1.39626082805,0.0770530791211,1.9090437677,0.153982286425,-0.00285251421143,-0.0750712068058,-0.000713123588554,-0.113655075262,-0.00393320965488,0.045584067531,-0.0171034249261,0.57398292486,0.818852370484,0.00226808792755,0.0,0.818813160677,-0.573922867075,-0.01175999371,0.0,-0.00832815154288,0.00860734154865,-0.999928275209,0.0,0.656978955909,0.254747890452,0.303540321923,1.0,-0.01386,-0.018216,0.694
0.461496120604,0.520794878911,-0.124061279547,-1.39803082174,0.0769352208039,1.90972200314,0.153742233491,-0.00816109757513,-0.0754086472604,-0.000869444786367,-0.115815297652,-0.0103324225504,0.0475990246256,-0.0160129017768,0.573972107432,0.818859996137,0.00225244722113,0.0,0.818820743891,-0.573912276259,-0.0117488482053,0.0,-0.00832811502617,0.0085880270196,-0.999928441586,0.0,0.656770293376,0.254480240885,0.303521054969,1.0,-0.01416,-0.0186102857143,0.709
0.461300227279,0.519338160709,-0.124054504857,-1.40033376715,0.0767832854241,1.91052664933,0.153424400311,-0.0135067894187,-0.0803536141346,0.00203818036237,-0.125841432164,-0.0114400524223,0.0364342923152,-0.0253419429327,0.573948624153,0.818876562736,0.00221330869665,0.0,0.818836769651,-0.573888911957,-0.0117732026378,0.0,-0.00837076755193,0.00856971699287,-0.999928242526,0.0,0.656481932538,0.254131460214,0.30351729643,1.0,-0.01454,-0.0191097142857,0.728
0.461135469569,0.518078164096,-0.124065256369,-1.40230180203,0.076655913725,1.91124459265,0.153164264749,-0.0119745598801,-0.0760907200161,-0.0010698875668,-0.128623586164,-0.0101781788085,0.0442434119702,-0.0109230002745,0.573948081006,0.818876938932,0.00221497084047,0.0,0.818837239435,-0.573888436226,-0.011763714615,0.0,-0.00836204945784,0.00856562695208,-0.999928350515,0.0,0.656244185928,0.253828174468,0.30352747288,1.0,-0.01486,-0.0195302857143,0.744
0.460958531907,0.516724757293,-0.124065946675,-1.40442519026,0.0765306686052,1.91201145504,0.152863864308,-0.00479819223454,-0.0786949743238,-0.000197728230191,-0.120313122116,-0.00546048725426,0.0517716997776,-0.0217949401539,0.573925942023,0.818892456076,0.00221480369152,0.0,0.818852658584,-0.573866202477,-0.0117750620411,0.0,-0.00837166967215,0.0085717764986,-0.999928217321,0.0,0.655981860029,0.253509256508,0.303532810182,1.0,-0.0152,-0.0199771428571,0.761
0.460757059172,0.515258358805,-0.124065646147,-1.40675501702,0.0763900983917,1.9128694671,0.152552139307,-0.0115951237435,-0.0791639083482,0.000151592937842,-0.128461355819,-0.0125115182231,0.0487297651304,-0.0173806546777,0.573920442387,0.818896323372,0.00221004073643,0.0,0.818856402709,-0.573860659157,-0.0117848426567,0.0,-0.00838247027786,0.00857343318343,-0.999928112634,0.0,0.655697748747,0.253155569602,0.303526583066,1.0,-0.01556,-0.0204502857143,0.779
0.460598380829,0.514017365159,-0.124056700228,-1.40874363569,0.0762754866864,1.91357027707,0.152285641002,-0.0108035731818,-0.0814149406512,0.00120457741322,-0.13322891318,-0.00507896763862,0.0412567894539,-0.0106059828497,0.573899324727,0.818911213639,0.00217627074091,0.0,0.818870665119,-0.573839483127,-0.0118249022526,0.0,-0.00843487737527,0.00856855265803,-0.999927713762,0.0,0.655442289816,0.252866134944,0.303510428488,1.0,-0.01586,-0.0208445714286,0.794
0.460392754594,0.512520680681,-0.12406148418,-1.41112181583,0.0761389773395,1.91442199066,0.151948648002,-0.00892631639104,-0.0786005494845,0.00034437068658,-0.130136398618,-0.0101197606123,0.0443268033962,-0.0123826577865,0.573882968944,0.818922732248,0.00215486995921,0.0,0.818881765185,-0.573823071869,-0.0118525836807,0.0,-0.00846999918629,0.00856674456468,-0.999927432368,0.0,0.655146437959,0.252501798459,0.303501132914,1.0,-0.01622,-0.0213177142857,0.812
0.460168290508,0.510991385827,-0.124071905057,-1.41354743335,0.0759867852226,1.91534580722,0.151600210069,-0.0137949350614,-0.0876399295225,-0.00353051039204,-0.13474352196,-0.0088986446489,0.0539160105247,-0.0228394628937,0.573874761206,0.818928439944,0.00217154372073,0.0,0.818887765402,-0.573814875726,-0.0118348202909,0.0,-0.00844596943866,0.00857012025465,-0.999927606699,0.0,0.654860440319,0.252119028041,0.303497997825,1.0,-0.01658,-0.0217908571429,0.83
0.459985845876,0.509700902266,-0.124083981489,-1.41562577996,0.075845454934,1.91613417517,0.151311845807,-0.0078166063029,-0.0863167672553,-0.0010739106065,-0.132114385355,-0.0124055778187,0.0556960871401,-0.0189597033363,0.573866827131,0.818934033016,0.00215897845537,0.0,0.818893362539,-0.573807161922,-0.0118215319248,0.0,-0.00844238005746,0.00855212279936,-0.9999277911,0.0,0.654612213783,0.251793542829,0.303480820701,1.0,-0.01688,-0.0221851428571,0.845
0.459772014035,0.508207491474,-0.124100704593,-1.4179988283,0.0756979166924,1.91697923413,0.150974821146,-0.0122813362942,-0.0855876317951,-0.00198154901486,-0.142169973261,-0.00945049856592,0.0490938518138,-0.0199617588512,0.573861124569,0.818938118189,0.00212489696903,0.0,0.818897009493,-0.573801599861,-0.011838865714,0.0,-0.00847619232193,0.00853410087358,-0.999927659026,0.0,0.654318676105,0.251415454865,0.303469998485,1.0,-0.01722,-0.022632,0.862
0.459546617638,0.506606559584,-0.124113037567,-1.42055551508,0.0755307145238,1.91791626207,0.150621813411,-0.0153642398098,-0.0877019624208,-0.0021381244106,-0.146144489605,-0.00639182522953,0.0512721767251,-0.0161993282234,0.573852519643,0.818944214035,0.00209926176284,0.0,0.818902858915,-0.573793185486,-0.0118420796911,0.0,-0.00849362407971,0.00851486266526,-0.999927675116,0.0,0.654004329806,0.2510151334,0.303454274637,1.0,-0.01758,-0.0231051428571,0.88
0.459353299267,0.505081734757,-0.124109129168,-1.42289452361,0.0753888317923,1.91879230961,0.150308039123,-0.00956268421037,-0.0963789306907,-0.000825340410043,-0.140183751801,-0.0111818261261,0.052647429744,-0.0171318619209,0.573833471976,0.818957420263,0.00215340146468,0.0,0.818916712052,-0.573773868044,-0.011820066506,0.0,-0.00844472827243,0.00854637079343,-0.99992782045,0.0,0.653713852558,0.250670089726,0.303482518676,1.0,-0.0179,-0.0235257142857,0.896
0.459157432942,0.503509580582,-0.124106052437,-1.42523423004,0.075238547046,1.91965890326,0.149977578977,-0.0128511247885,-0.0929528695271,0.00178419076866,-0.144660442135,-0.00574066539089,0.0557091939275,-0.0205904998858,0.573805384718,0.818976845157,0.00224821395398,0.0,0.818937356948,-0.573745403794,-0.0117713177412,0.0,-0.00835069502094,0.00859575739342,-0.999928186845,0.0,0.653407447961,0.25030037088,0.30354662449,1.0,-0.01824,-0.0239725714286,0.913
0.458918096489,0.501712448057,-0.124107538793,-1.4278480963,0.075075864732,1.92065411553,0.149618105835,-0.0139115809021,-0.0933162337628,-0.000191469919466,-0.143018489917,-0.00368978301695,0.0605020154418,-0.0168565159205,0.573793085146,0.818985066594,0.00238810296398,0.0,0.81894745417,-0.57373264481,-0.0116904443437,0.0,-0.00820432466839,0.00866379377422,-0.999928811333,0.0,0.653109193397,0.249919118774,0.303638801232,1.0,-0.01858,-0.0244194285714,0.93
0.45868413755,0.500088974685,-0.12410526313,-1.43028423438,0.0749294273222,1.92151171785,0.149272553146,-0.0144203433229,-0.0979999756271,9.99055993606e-05,-0.149149198563,-0.00407096595482,0.0504263151493,-0.0204357086293,0.573784497719,0.818990953617,0.00243207162906,0.0,0.818953777435,-0.573723756252,-0.0116836997297,0.0,-0.00817366448125,0.0086958474505,-0.999928784187,0.0,0.652802000546,0.249534707989,0.303686290622,1.0,-0.0189,-0.02484,0.946
0.458401179279,0.498317198265,-0.124116125648,-1.43306293617,0.0747592535946,1.92254179359,0.148873068346,-0.0162644668122,-0.0957091055452,-0.000685872486711,-0.152824838187,-0.00348330280283,0.0610306510806,-0.0265538628163,0.573792272943,0.818985455476,0.0024491083256,0.0,0.818948492981,-0.573731461141,-0.0116757544407,0.0,-0.0081572996238,0.00870531885561,-0.999928835411,0.0,0.652465829411,0.249079882385,0.303689021596,1.0,-0.01926,-0.0253131428571,0.964
0.458132461295,0.496757446972,-0.124119200832,-1.43557960475,0.0745986931614,1.92344746003,0.148497718726,-0.0202616157015,-0.0909351463227,0.000671455043413,-0.160890610245,-0.0132838375333,0.0582494312661,-0.020608551028,0.573791148454,0.818986384478,0.00240143648388,0.0,0.818948772031,-0.573730476685,-0.0117045210523,0.0,-0.00820822411376,0.00868277120651,-0.999928614723,0.0,0.652155447542,0.248660520127,0.303657048903,1.0,-0.01958,-0.0257337142857,0.98
0.457861144473,0.495102606009,-0.124120920528,-1.43831108403,0.074422721481,1.9243951056,0.148115489203,-0.017492403631,-0.0977587541646,0.00023236436516,-0.158053245888,-0.00786889100346,0.061048247855,-0.0190677458384,0.573802868943,0.818978487902,0.00229147273597,0.0,0.818939375207,-0.57374253063,-0.0117709465465,0.0,-0.00832559693096,0.00863094632171,-0.999928093015,0.0,0.651786106491,0.248186037051,0.303595429314,1.0,-0.01994,-0.0262068571429,0.998
0.457586649219,0.493396653698,-0.124137141829,-1.44110846728,0.074234644571,1.92540261011,0.147717323718,-0.0158686089193,-0.10653918328,0.000812806779347,-0.173760058201,-0.0121382010268,0.0664368149108,-0.0195065903968,0.573789954639,0.818987763764,0.0022085427626,0.0,0.818947641816,-0.573730007499,-0.0118061577089,0.0,-0.00840215321239,0.00858310083483,-0.999927864499,0.0,0.651430138849,0.247730904026,0.303538692966,1.0,-0.02178,-0.0286251428571,1.015
0.457295126342,0.491338754998,-0.124145393471,-1.44437543032,0.0740323276236,1.92659934756,0.147244281094,-0.0165142283993,-0.118630560647,0.000531797696385,-0.190069144241,-0.011622474516,0.0692733664167,-0.0289079681486,0.573757562588,0.819010509186,0.00218909059433,0.0,0.818970098542,-0.573697658916,-0.0118203532248,0.0,-0.008425279577,0.0085749818899,-0.999927739564,0.0,0.651036740076,0.247251048597,0.303517628121,1.0,-0.0239657142857,-0.0314977959184,1.032
0.457006196539,0.489511562165,-0.124145484503,-1.44735253815,0.0738653309922,1.92763906015,0.146822744819,-0.0186781173103,-0.123362118862,0.000356845387604,-0.207055636199,-0.0118182661462,0.0726119220867,-0.0335914457494,0.573752309727,0.819014408483,0.0021053934215,0.0,0.818972588941,-0.573692417954,-0.0119018925486,0.0,-0.00854013766692,0.00855316251592,-0.999926952062,0.0,0.650647502974,0.246777915907,0.303461602937,1.0,-0.0258942857143,-0.0340324897959,1.047
0.456642466238,0.487174587939,-0.124162454573,-1.4509326224,0.0736421713024,1.92898702299,0.146307899412,-0.0219485289694,-0.138312584863,-0.00281507377134,-0.215738098166,-0.0117512677229,0.0766113772913,-0.0296529417147,0.573758076516,0.819010147674,0.00218964403913,0.0,0.818969483215,-0.573697905061,-0.0118509996515,0.0,-0.00845005746633,0.0085930238543,-0.999927375598,0.0,0.650209605912,0.246193414965,0.303498893133,1.0,-0.02808,-0.0369051428571,1.064
0.456235795476,0.48465934189,-0.124169968142,-1.45476808155,0.0734175949634,1.93041538967,0.145720579279,-0.0261064968897,-0.148653125939,-0.00485595670622,-0.227693801993,-0.00870657336821,0.0815995396936,-0.0364836483876,0.573744261126,0.819019555815,0.00228843140847,0.0,0.818980037661,-0.573683562818,-0.0118158608082,0.0,-0.00836474663429,0.0086536285792,-0.99992757024,0.0,0.649736143742,0.245564135175,0.303543765852,1.0,-0.0302657142857,-0.0397777959184,1.081
0.45581919675,0.482126489331,-0.124197289914,-1.45868329055,0.0731753292558,1.9317408637,0.145136508583,-0.0258157699004,-0.157169665477,0.00025895282543,-0.253161014032,-0.015288542345,0.0841089490885,-0.0398694313422,0.573752549542,0.819013880849,0.00224093120758,0.0,0.818973593905,-0.573691880241,-0.0118585805906,0.0,-0.00842690031687,0.00863932066629,-0.999927172093,0.0,0.649228069521,0.244898445064,0.303553142673,1.0,-0.0323228571429,-0.0424814693878,1.097
0.455355155829,0.479240707035,-0.124232778646,-1.46311122744,0.072899057053,1.93337349738,0.144476595048,-0.0282077222163,-0.174795712516,-0.00378612714116,-0.261216608412,-0.014230145152,0.101086266886,-0.0365605954018,0.573758840438,0.819009279253,0.00231093435803,0.0,0.818969973147,-0.573697969979,-0.0118139420418,0.0,-0.00835011057234,0.00867110648171,-0.999927541158,0.0,0.64867690819,0.244156569268,0.303588337654,1.0,-0.0345085714286,-0.045354122449,1.114
0.454846502429,0.476214106101,-0.124257306361,-1.46774762165,0.0726103915354,1.93509753997,0.143813269537,-0.0359725964023,-0.183107913416,-0.00155763583277,-0.282234962592,-0.0229886850532,0.106570075805,-0.0429266744201,0.573806173979,0.818975819448,0.00241428349938,0.0,0.818937884568,-0.573744935217,-0.0117574416211,0.0,-0.00824403617956,0.00872380877447,-0.999927962919,0.0,0.648069003278,0.243323108505,0.303633658542,1.0,-0.0368228571429,-0.048395755102,1.132
0.454298866272,0.473010376292,-0.124286995868,-1.47270161233,0.0722987442425,1.93686340894,0.143095511413,-0.0350378182411,-0.191333160119,-0.00307010571697,-0.298674710632,-0.0150255279264,0.103342869643,-0.0421520107135,0.573831825509,0.818957851694,0.0024124848097,0.0,0.818919845101,-0.573770539096,-0.0117644662856,0.0,-0.00825054817438,0.00872662486604,-0.999927884636,0.0,0.647468941015,0.242527872899,0.303639461007,1.0,-0.03888,-0.0510994285714,1.148
0.453724921751,0.469617769773,-0.124298068229,-1.47787709929,0.0719754068029,1.93873080405,0.142298397005,-0.0370682089443,-0.206814742787,-0.00164433344055,-0.309715681948,-0.0214992290377,0.114473771462,-0.0422950348985,0.57381599163,0.818968724309,0.00248661520176,0.0,0.818931555119,-0.573754298768,-0.0117413618497,0.0,-0.00818925964296,0.00877391777215,-0.999927974603,0.0,0.646804724529,0.241657538819,0.303682224148,1.0,-0.0410657142857,-0.0539720816327,1.165
0.453127324553,0.466040031476,-0.124309523233,-1.4832696248,0.0716229388257,1.94074805824,0.141431958041,-0.034516255006,-0.215905939818,-0.00475242805739,-0.319787195459,-0.0227511401279,0.113578537328,-0.0424702563584,0.573763281125,0.819005139102,0.00265070921584,0.0,0.818970211928,-0.573701131113,-0.0116426386593,0.0,-0.00801482032939,0.00885114085824,-0.999928707439,0.0,0.646123750507,0.240754521654,0.303759506798,1.0,-0.0432514285714,-0.0568447346939,1.182
0.452523594184,0.462552898248,-0.124325752384,-1.48871553253,0.071258714122,1.94260526935,0.140626485506,-0.0371675235472,-0.222356477507,-0.00158171506344,-0.344306543536,-0.0332978007342,0.116386917738,-0.0544004832817,0.573765011718,0.819004226884,0.00255628159064,0.0,0.81896796107,-0.573703070767,-0.0117052224947,0.0,-0.00812023644124,0.00880972945866,-0.999928222638,0.0,0.645392844623,0.239825972838,0.303732585933,1.0,-0.0453085714286,-0.0595484081633,1.198
0.451773539422,0.458234626091,-0.124339082862,-1.49540481941,0.0708118820233,1.94493696239,0.139621194243,-0.0378199195158,-0.236683679471,-0.00125696782859,-0.358492349459,-0.0210250111766,0.127246129724,-0.0599582100535,0.573753548748,0.81901238874,0.00251381992024,0.0,0.818975471766,-0.573691655427,-0.0117391669441,0.0,-0.00817252299563,0.00879431486647,-0.99992793235,0.0,0.644499439849,0.238688818926,0.303723744429,1.0,-0.0477514285714,-0.0627590204082,1.217
0.451077142262,0.454510685919,-0.124342139744,-1.50129629769,0.0704234695162,1.94702502719,0.138692362917,-0.0478870016592,-0.240158596526,-0.002686089104,-0.366205393792,-0.0215945094277,0.11720120056,-0.0573931494014,0.573729965952,0.819029130785,0.00244049077774,0.0,0.818991107798,-0.57366818428,-0.0117951936869,0.0,-0.00826073436433,0.00876616509385,-0.999927454677,0.0,0.643717186086,0.237672473745,0.303660913466,1.0,-0.0498085714286,-0.0654626938775,1.233
0.450358871278,0.450521239454,-0.124394476495,-1.50728287608,0.0700071346793,1.94925620076,0.137719996743,-0.0448294348146,-0.255951993303,-0.00276544570158,-0.381122680761,-0.031282268521,0.144729022597,-0.0547069998656,0.573718498481,0.819036637941,0.00261095980683,0.0,0.81900127859,-0.573656584312,-0.0116522892471,0.0,-0.00804601243541,0.00882368319413,-0.999928699608,0.0,0.642957709876,0.236611216201,0.303744705621,1.0,-0.0518657142857,-0.0681663673469,1.249
0.449543211679,0.44613570083,-0.124430632805,-1.51399319549,0.0695607300824,1.95153299977,0.136750567519,-0.0545423337576,-0.261943183435,-0.00169951441114,-0.407113732186,-0.0274479465516,0.1285013715,-0.0613913768064,0.573798182735,0.818980965215,0.00256339735323,0.0,0.818944849824,-0.57373627512,-0.01169471934,0.0,-0.0081071945725,0.00880985938244,-0.999928327318,0.0,0.642047976934,0.235417297091,0.303755312996,1.0,-0.0540514285714,-0.0710390204082,1.266
0.448712980392,0.441638164251,-0.124452217835,-1.52097810563,0.0690652874717,1.95390454089,0.13565276073,-0.0439169682587,-0.266641892027,-0.00265740937592,-0.408819372963,-0.0327842639614,0.149223847167,-0.0691167224984,0.573768238644,0.819002307513,0.00244448609894,0.0,0.818964647843,-0.573706767992,-0.0117557153894,0.0,-0.00822569818135,0.00874717222033,-0.999927909835,0.0,0.641084561645,0.234192218454,0.303715281231,1.0,-0.0562371428571,-0.0739116734694,1.283
0.447824752202,0.437029309907,-0.124464033911,-1.52813828783,0.0686010348566,1.95643012555,0.134489096419,-0.0526352008275,-0.279249912418,-0.00251181529154,-0.419350942014,-0.0317261468443,0.152082266749,-0.0677494374331,0.573739270939,0.819022660611,0.00242431216637,0.0,0.818984460303,-0.573677584139,-0.011799582159,0.0,-0.00827351091786,0.00875552622748,-0.999927442256,0.0,0.640111169938,0.232933182089,0.303676221285,1.0,-0.0584228571429,-0.0767843265306,1.3
0.446946341772,0.432444771974,-0.124484571232,-1.53491144004,0.068134652881,1.95895250446,0.133382034764,-0.0596136129814,-0.288300756393,-0.00373275239232,-0.427125929233,-0.027883276607,0.159820076923,-0.0653792934837,0.573733179717,0.819026095282,0.00269084380447,0.0,0.818991639455,-0.573670840673,-0.0116278960443,0.0,-0.00798004530668,0.0088752592261,-0.999928771789,0.0,0.639226904128,0.231721018931,0.303798529931,1.0,-0.06048,-0.079488,1.316
0.445908622464,0.427244337695,-0.124524527132,-1.54302474979,0.0675358231139,1.96160434524,0.132094101526,-0.051858073597,-0.297110702804,-0.00760776079083,-0.454100820447,-0.0278762524741,0.144650680515,-0.0737851703828,0.573737639622,0.819023763901,0.00243761091758,0.0,0.818986036475,-0.573676221274,-0.011756364499,0.0,-0.00823050094431,0.00874160642508,-0.999927918988,0.0,0.638076581247,0.230238430564,0.303709959876,1.0,-0.0627942857143,-0.0825296326531,1.334
0.444999056971,0.422705686568,-0.124569674753,-1.54993634265,0.0670297551271,1.96391159972,0.130939956186,-0.0653269834225,-0.307574143609,-0.00456211621213,-0.474040246976,-0.0341413819031,0.153709591386,-0.0756371913693,0.57372125133,0.81903548138,0.00235646217467,0.0,0.818996814522,-0.573660260994,-0.0117842971975,0.0,-0.00830010862455,0.00869100407756,-0.999927784715,0.0,0.637107825707,0.228959731405,0.303707009629,1.0,-0.0647228571429,-0.0850643265306,1.349
0.443863046482,0.417105091863,-0.124595698435,-1.55827684297,0.0664593052465,1.96691307232,0.129619609603,-0.0642869393435,-0.319373974681,-0.00212900071131,-0.460753727701,-0.0328720763731,0.182229446582,-0.0698298260809,0.573780024276,0.818993676364,0.00256685005098,0.0,0.818957815286,-0.57371833451,-0.0116668903637,0.0,-0.00808261610992,0.00879653990668,-0.999928643555,0.0,0.635974971724,0.227433025829,0.303798036423,1.0,-0.0670371428571,-0.0881059591837,1.367
0.442805521483,0.41203572608,-0.124611353074,-1.56589983233,0.0659371678509,1.96965413934,0.128286716117,-0.0669848813755,-0.317942601334,-0.00077513476037,-0.487619362459,-0.0319577568944,0.166356972234,-0.0839696762577,0.573735249102,0.819024556444,0.00271786325716,0.0,0.818990651306,-0.573673041607,-0.0115888441712,0.0,-0.00793253580149,0.00887500386783,-0.999929152081,0.0,0.63492943807,0.226031979862,0.303840967374,1.0,-0.0690942857143,-0.0908096326531,1.383
0.441624149923,0.406534438341,-0.124676743493,-1.5743884436,0.065323932385,1.97235869178,0.126922581526,-0.0665049371773,-0.330225446337,-0.0061264069554,-0.508875185993,-0.0400470786427,0.169913387816,-0.0894471355027,0.573805393779,0.818976234621,0.00245847457531,0.0,0.818938760995,-0.57374387124,-0.0117483128564,0.0,-0.00821121239737,0.00875475396358,-0.999927962542,0.0,0.633691318738,0.224416010404,0.303756252275,1.0,-0.07128,-0.0936822857143,1.4
