position_joint1,position_joint2,position_joint3,position_joint4,position_joint5,position_joint6,position_joint7,velocity_joint1,velocity_joint2,velocity_joint3,velocity_joint4,velocity_joint5,velocity_joint6,velocity_joint7,ee_T_00,ee_T_10,ee_T_20,ee_T_30,ee_T_01,ee_T_11,ee_T_21,ee_T_31,ee_T_02,ee_T_12,ee_T_22,ee_T_32,ee_T_03,ee_T_13,ee_T_23,ee_T_33,v_x,v_y,time
0.465088609651,0.547542508669,-0.123997728471,-1.35573759725,0.0794380744697,1.89409872818,0.159160413136,-0.000989823863738,-0.00183698266999,0.000195242170894,0.00108995723042,-0.000191613949658,0.0051309379401,0.00119139513642,0.57377888999,0.818995552371,0.00219488016098,0.0,0.81895629353,-0.573720060009,-0.0116888378831,0.0,-0.00831401953162,0.00850448308488,-0.999929272922,0.0,0.661706623346,0.260899380014,0.303428906435,1.0,0.0,0.0,0.0
0.465088542579,0.547546024462,-0.123997492671,-1.35573971652,0.079435508385,1.89409636307,0.159163920936,-0.000456741055721,0.000303938723461,0.000643497857151,0.000476520622876,0.000199509271904,-0.00730217991913,0.0015062751324,0.57378108042,0.81899403959,0.00218672566451,0.0,0.818954691676,-0.573722297815,-0.0116912305626,0.0,-0.00832063507134,0.00849919978195,-0.999929262816,0.0,0.661705680011,0.260898596528,0.303425188761,1.0,-6e-05,-7.88571428571e-05,0.004
0.465087193129,0.54755070124,-0.124000235099,-1.35574260011,0.0794355086015,1.89409954343,0.159154919918,-0.00148724086219,0.000904825261855,-0.00537512444026,-6.82906452813e-05,0.000145031922352,0.0093753711346,-0.000978365067321,0.57377691903,0.818996966978,0.00218223972634,0.0,0.818957574769,-0.573718167958,-0.0116919367491,0.0,-0.00832383041726,0.0084958887714,-0.999929264359,0.0,0.661706511751,0.260895928368,0.30342087015,1.0,-0.00034,-0.000446857142857,0.018
0.465085054408,0.547538707775,-0.124000261407,-1.35574904098,0.0794380769737,1.89409710058,0.159162752817,-0.000577612187044,-0.00142872639748,-0.000571568087789,-5.55588022764e-05,-0.000237280529506,-0.000206629718156,-6.00119899099e-05,0.573786096825,0.818990524823,0.00218683370566,0.0,0.818951161067,-0.573727295593,-0.0116932878267,0.0,-0.00832220597453,0.00850051964482,-0.999929238523,0.0,0.661705284497,0.260894141358,0.303426093961,1.0,-0.00066,-0.000867428571429,0.034
0.465084617293,0.547484700612,-0.123997903465,-1.35579380867,0.0794382227131,1.89410673151,0.159158060237,-0.000654216178899,-0.00786668730373,0.000280371478836,-0.00484670060879,7.02750833462e-05,7.87554900192e-05,0.000312706965054,0.573783414106,0.818992352843,0.00220603305197,0.0,0.818953192554,-0.573724494626,-0.0116884375935,0.0,-0.00830724574814,0.00851343334875,-0.999929253058,0.0,0.66169793395,0.260891291608,0.303443802857,1.0,-0.00102,-0.00134057142857,0.052
0.465087129025,0.547353883866,-0.123995744813,-1.35593171349,0.0794346106079,1.89413213289,0.159158087752,-0.000848511588841,-0.0128524162601,-0.000603088979786,-0.0112198926858,-0.00112160627106,0.00289904040596,0.000344505582816,0.573786382338,0.818990217216,0.00222675775517,0.0,0.818951242018,-0.573727299167,-0.0116874415275,0.0,-0.00829450825751,0.00852986504845,-0.999929218763,0.0,0.661673891201,0.260880690882,0.303472957721,1.0,-0.00134,-0.00176114285714,0.068
0.465075939601,0.54722697145,-0.124000350085,-1.35611227105,0.0794311531449,1.89417322891,0.159150578903,0.000962706729393,-0.0107463353163,0.00127801630009,-0.0186880065264,-7.50838015703e-05,-0.000264632798811,0.000243009679944,0.573791392381,0.818986720756,0.00222174608974,0.0,0.81894756697,-0.573732210624,-0.0117038432894,0.0,-0.00831076494827,0.00853522242132,-0.999929038064,0.0,0.661643283946,0.260861034835,0.303480113361,1.0,-0.00168,-0.002208,0.085
0.465063779033,0.547056354632,-0.124000915661,-1.35633726333,0.0794239658793,1.89429591466,0.159149127432,-0.00233016786615,-0.0105270319238,-0.00061254366357,-0.0158200338068,0.000134971894046,0.00215615776189,0.000693370497163,0.573821687477,0.81896533362,0.00228039712284,0.0,0.818926977123,-0.57376232194,-0.0116683745072,0.0,-0.00824774706764,0.00856320994062,-0.999929320554,0.0,0.661629305894,0.260827420099,0.30350505054,1.0,-0.00202,-0.00265485714286,0.102
0.465044184821,0.546852148621,-0.123995636031,-1.35655503788,0.079424049986,1.89441294345,0.159132050911,0.000701302185901,-0.00878597825463,0.000331124859358,-0.0139262715272,6.78614198335e-05,0.00538237308491,-7.20618896803e-05,0.573832381052,0.818957565597,0.00237720629745,0.0,0.818920371832,-0.57377256668,-0.0116281221778,0.0,-0.00815911996075,0.00861950165362,-0.999929563996,0.0,0.661611989699,0.260802316018,0.303556023806,1.0,-0.00236,-0.00310171428571,0.119
0.465007790178,0.546649773988,-0.123998142299,-1.35682849321,0.0794105567073,1.89454317918,0.159117994062,-0.00272738385983,-0.015672959859,-0.000860372178397,-0.0195758893217,-0.000360645427565,0.00712598809838,-0.000529650650208,0.573864289088,0.818935058682,0.0024278120357,0.0,0.818898545753,-0.573804318258,-0.0115984056557,0.0,-0.00810540804047,0.00864420898935,-0.999929787541,0.0,0.661591410048,0.2607536481,0.303580565135,1.0,-0.00268,-0.00352228571429,0.135
0.464980383151,0.546403294378,-0.123995635983,-1.35720602692,0.0793971354596,1.89467055736,0.159083944707,-0.000703800906068,-0.0143012383185,0.000731457099152,-0.0282296714425,-0.000260858798288,0.00748431560157,0.000501667252581,0.573874573177,0.818927843356,0.00243074847404,0.0,0.818891259055,-0.573814474064,-0.0116104305782,0.0,-0.00811346242589,0.00865361617972,-0.999929640852,0.0,0.661544031409,0.26070186198,0.303586370591,1.0,-0.00302,-0.00396914285714,0.152
0.464941337717,0.546120537455,-0.123996359695,-1.35763737649,0.0793740635131,1.89482280474,0.158944729104,-0.00515452352728,-0.0155200455701,0.000937549038756,-0.0272841752868,-0.000539985613244,0.00647305873864,-0.003746309346,0.573810994875,0.818972375753,0.00243655811224,0.0,0.818935825442,-0.573750839059,-0.0116118640634,0.0,-0.00811197481828,0.00865856670371,-0.999929610066,0.0,0.661494511206,0.260634722272,0.303594484162,1.0,-0.00336,-0.004416,0.169
0.464892248306,0.545827271848,-0.12399571519,-1.35813173532,0.07933960422,1.89499363799,0.158920652705,-0.00627549891975,-0.0198093609454,5.90844453906e-05,-0.0317601736877,-0.000340397808374,0.0115194171345,0.00122911118936,0.573849495615,0.81894548483,0.00240752178858,0.0,0.818908578471,-0.573789459364,-0.0116251163721,0.0,-0.00813908264066,0.0086427738123,-0.999929526414,0.0,0.661437419999,0.260553806611,0.303581575087,1.0,-0.0037,-0.00486285714286,0.186
0.464834874121,0.545488402443,-0.1240013443,-1.35867514068,0.0792795779833,1.8951834106,0.158860971289,-0.00339665416285,-0.0191966280968,-0.000358532639412,-0.0387526950387,-0.0016340557234,0.0133901535511,-0.00244457610068,0.57386591774,0.818934062557,0.00237834852187,0.0,0.818897023156,-0.573806242696,-0.011610693819,0.0,-0.00814383822329,0.00861076977264,-0.999929763805,0.0,0.661379029253,0.260455705345,0.303579392647,1.0,-0.00404,-0.00530971428571,0.203
0.464786522494,0.545149001625,-0.123998839785,-1.35926650235,0.0792606708898,1.89537807466,0.158766231124,-0.00190689941424,-0.0219518027684,0.000316545054829,-0.0383118658389,4.90868133018e-05,0.0186542686236,-0.00891077321708,0.573854102747,0.818942454379,0.002339247156,0.0,0.818904711685,-0.573794362548,-0.0116554531905,0.0,-0.00820305654628,0.00860431581034,-0.99992933531,0.0,0.661304036367,0.260369587343,0.303554965993,1.0,-0.00436,-0.00573028571429,0.219
0.464714589836,0.544733739224,-0.12399990258,-1.35996444598,0.0792376741899,1.89560254091,0.158687844077,-0.00928901017812,-0.0228403411789,-5.35874433149e-05,-0.0435175024508,-0.00295294705872,0.0110568493689,-0.00494561643017,0.573882244326,0.818922845286,0.0023000034737,0.0,0.818884382692,-0.573822424337,-0.0117021370924,0.0,-0.00826351293258,0.00859925118496,-0.999928881088,0.0,0.661219610682,0.260255518644,0.303536175779,1.0,-0.0047,-0.00617714285714,0.236
0.464651935618,0.544303273814,-0.1240073973,-1.36068812365,0.0791910563836,1.89584860894,0.158606285049,-0.00173019940893,-0.0270008484891,-0.00170033731946,-0.0430499837296,-0.0100530960743,0.0195140656421,-0.00400265702041,0.573899895506,0.818910598202,0.00225587914708,0.0,0.818871590213,-0.573840266319,-0.0117223885769,0.0,-0.00830523385279,0.0085749180176,-0.999928744397,0.0,0.661134272141,0.260138653598,0.303517904576,1.0,-0.00504,-0.006624,0.253
0.464592727252,0.543850449666,-0.124008680556,-1.36141758723,0.0791594790456,1.89610965512,0.158494086762,-0.00386704850686,-0.0327678531665,-0.000467362047611,-0.0434938827202,-0.00425448503106,0.0130420305065,-0.00361408159907,0.573901057309,0.818909802501,0.00224915296845,0.0,0.81887059921,-0.573841341938,-0.0117389493837,0.0,-0.00832264400041,0.00857892587289,-0.999928565262,0.0,0.661043489552,0.260019826206,0.303515851109,1.0,-0.00538,-0.00707085714286,0.27
0.464511051002,0.543314241323,-0.124009220185,-1.36229306029,0.0791104755645,1.89642291634,0.15839362392,-0.00442158094294,-0.0328045147414,0.000235981887696,-0.0450955083657,-0.000730257718056,0.0137460427317,-0.00672075705658,0.573910303411,0.818903380331,0.00222805369409,0.0,0.818863834021,-0.573850596077,-0.0117584699853,0.0,-0.00835064165376,0.008572944723,-0.999928383137,0.0,0.660947126055,0.259892876045,0.303503590555,1.0,-0.00572,-0.00751771428571,0.287
0.464448860191,0.54281332431,-0.124017227291,-1.36310254552,0.0790575335404,1.89670051904,0.15829820989,-0.00615484609892,-0.0279861167312,0.000394321608149,-0.0517821706038,-0.000170962813777,0.0209418845213,-0.00356576157841,0.573919525747,0.818896999742,0.00219742612677,0.0,0.818857094101,-0.5738599741,-0.0117701515394,0.0,-0.00837768817836,0.00855466246588,-0.999928313476,0.0,0.660850217943,0.259767893262,0.30349692047,1.0,-0.00604,-0.00793828571429,0.303
0.464358834979,0.542160598687,-0.124020267755,-1.36411096632,0.0789955914754,1.89707655473,0.158157144224,-0.00514378388797,-0.0325073589936,-0.000353525193801,-0.0536231397539,-0.00724478681101,0.0271380877642,-0.01272372766,0.573919405851,0.81889704134,0.00221318181057,0.0,0.818857359203,-0.573859813031,-0.0117595564461,0.0,-0.00835997083646,0.00856148269651,-0.999928403388,0.0,0.660737566577,0.259611006975,0.30351123446,1.0,-0.00642,-0.00843771428571,0.322
0.464287361995,0.541547011619,-0.124020508328,-1.36506297452,0.0789428417575,1.89741798247,0.158019732434,-0.00467927937714,-0.0396111238262,-0.000550977012079,-0.0562012015182,-0.00615379142765,0.0207507841412,-0.00469594423004,0.573904288573,0.818907621257,0.00221862703749,0.0,0.818867944391,-0.573844609706,-0.0117643725064,0.0,-0.00836094811257,0.00856855136653,-0.999928334669,0.0,0.660623844057,0.259473329843,0.303521549726,1.0,-0.00676,-0.00888457142857,0.339
0.464194566899,0.54087266168,-0.124024082572,-1.36613564599,0.0788812683573,1.89781824081,0.157888531103,-0.00605659345291,-0.0368967591245,-0.000851973571936,-0.0603614193579,-0.00143811825759,0.0145177730313,-0.00582612371947,0.573918453697,0.818897689822,0.0022201375594,0.0,0.818858015873,-0.573858750177,-0.0117656953613,0.0,-0.00836101636094,0.00857069213767,-0.999928315752,0.0,0.660502233658,0.25930868049,0.303522509572,1.0,-0.00712,-0.00935771428571,0.357
0.464114909837,0.540214262765,-0.124023361138,-1.36713389499,0.0788119895078,1.89817920391,0.157764447375,-0.00251868860542,-0.0427782821802,-0.00658845399048,-0.0658050591688,-0.00230580474129,0.0226099720498,-0.00792908066533,0.573918263616,0.818897786006,0.00223375566857,0.0,0.818858345613,-0.573858566297,-0.0117517066142,0.0,-0.0083417473072,0.00857381359829,-0.999928449926,0.0,0.660385393882,0.25915992515,0.303543941836,1.0,-0.00744,-0.00977828571429,0.373
0.464009235075,0.539493522067,-0.124029582569,-1.36825723159,0.0787578939321,1.89861234725,0.157630095804,-0.00345935077101,-0.0400430169879,-0.000822430443922,-0.0682802167796,7.70588690027e-05,0.0189787653448,-0.0082405798822,0.573946974979,0.818877578496,0.00226456429036,0.0,0.818838461449,-0.573887078145,-0.0117448921238,0.0,-0.00831818478898,0.0085954231338,-0.999928460693,0.0,0.660262990273,0.258983289338,0.303556320502,1.0,-0.00778,-0.0102251428571,0.39
0.46391981767,0.538833460902,-0.124035314114,-1.36928001987,0.0786944552101,1.89899912394,0.157496811901,-0.0064308549169,-0.0468553959553,-0.00160495564757,-0.0710179570795,-0.00218019511323,0.0311954702245,-0.00769140534639,0.57395468598,0.818872125073,0.00228213075535,0.0,0.818833279835,-0.573894767263,-0.0117304238356,0.0,-0.00829617392262,0.00860158194751,-0.999928590593,0.0,0.660148976417,0.258824167494,0.30356951247,1.0,-0.00808,-0.0106194285714,0.405
0.463810556033,0.538118818912,-0.124035421683,-1.37040943276,0.0786322332696,1.89943164652,0.157352701885,-0.00698341510559,-0.0433659780903,-0.00215205331898,-0.0702243262978,-0.00202597508594,0.0236703841152,-0.00658857825415,0.573972044127,0.818859910518,0.00229921920321,0.0,0.818821243032,-0.573912013443,-0.0117268788213,0.0,-0.00828328089883,0.008613715975,-0.999928593028,0.0,0.660024433656,0.25864657683,0.303574202038,1.0,-0.0084,-0.01104,0.421
0.46370693998,0.537320362966,-0.124039409748,-1.37166275428,0.0785529938253,1.89990259106,0.157200134724,-0.00407593837078,-0.0472839531377,0.00161410495218,-0.0743052962756,-0.0048379298014,0.0287936248281,-0.0114367185283,0.573982689486,0.81885242115,0.00230899287114,0.0,0.818813927199,-0.573922669591,-0.0117161792103,0.0,-0.0082687975603,0.00861568545296,-0.999928695933,0.0,0.659881193699,0.258456725158,0.303582414309,1.0,-0.00874,-0.0114868571429,0.438
0.463592995821,0.536493773592,-0.124048084102,-1.37296159333,0.0784841573457,1.90038672425,0.157037254386,-0.00376698094797,-0.0497100733407,0.000298865233868,-0.0748762862853,-0.00663487417836,0.0248523006456,-0.0146291807469,0.574001820018,0.818838975718,0.00232150014659,0.0,0.818800592671,-0.5739416976,-0.0117159762759,0.0,-0.0082612513329,0.00862600347889,-0.999928669351,0.0,0.659733654945,0.258254891853,0.303589997319,1.0,-0.00908,-0.0119337142857,0.455
0.463483508748,0.535687146367,-0.124056937496,-1.37423415908,0.0784038174325,1.90085971073,0.156882823185,-0.00464189681237,-0.0564882528722,0.000253139603343,-0.082525207977,-0.00458363486535,0.030679826064,-0.00512182774664,0.574019681706,0.818826451468,0.00232256141646,0.0,0.818788143579,-0.573959617254,-0.0117081423728,0.0,-0.00825403912659,0.00862255591965,-0.999928758646,0.0,0.659588697067,0.258056155202,0.303594862063,1.0,-0.0094,-0.0123542857143,0.471
0.463365995648,0.534794583932,-0.124055664324,-1.37563799726,0.0783308277619,1.90136603781,0.156714297689,-0.0108254904388,-0.050504809726,0.000677083518884,-0.0844635806508,-0.000960077528165,0.0269762170669,-0.0121124037206,0.57403442886,0.818816106318,0.00232495561095,0.0,0.818777686857,-0.573974204683,-0.0117242810027,0.0,-0.0082657247131,0.00863392895624,-0.999928563981,0.0,0.659421209662,0.257847014409,0.303600307714,1.0,-0.00974,-0.0128011428571,0.488
0.463237113332,0.533898406886,-0.124065830722,-1.37710942329,0.0782465593978,1.90190567012,0.15653702823,-0.00609622791809,-0.053770403852,-0.00174174310676,-0.0856092146707,-0.00499684373587,0.0325537257867,-0.0116550527301,0.574060041911,0.818798239614,0.00229303008666,0.0,0.818759386252,-0.573999913926,-0.0117436424694,0.0,-0.00829963450187,0.00861916174013,-0.999928410496,0.0,0.659250566588,0.25761621387,0.303579218834,1.0,-0.01008,-0.013248,0.505
0.463109635193,0.532971304014,-0.124056566436,-1.37859557027,0.0781589207999,1.90246318025,0.156346039537,-0.00861711345817,-0.0548168811894,0.00313605611374,-0.0872851198408,-0.0110498244446,0.029978659938,-0.0147564402703,0.574059366195,0.818798711507,0.00229369145197,0.0,0.818759792332,-0.573999158541,-0.0117522489869,0.0,-0.00830630928659,0.00862463699266,-0.999928307862,0.0,0.659075884996,0.257396973563,0.303573656766,1.0,-0.01042,-0.0136948571429,0.522
0.462997488315,0.53212570932,-0.124061674284,-1.37995919486,0.078082461582,1.90297699613,0.156175127834,-0.00619307859997,-0.0586602462189,-0.00202240245672,-0.0918107959689,-0.00447349947925,0.0331561699756,-0.0128443708754,0.574068894167,0.818792040212,0.00229053194833,0.0,0.818753044752,-0.574008660691,-0.0117582338175,0.0,-0.00831292313031,0.00862558236095,-0.999928244745,0.0,0.658917234493,0.257191821793,0.303565458601,1.0,-0.01072,-0.0140891428571,0.537
0.462861541236,0.531086382179,-0.124059574318,-1.38163565719,0.0779765144285,1.90358742799,0.155960835383,-0.00782185993201,-0.0520510064327,-0.000911630415695,-0.0957153784024,-0.00865089917146,0.0445227507285,-0.00355653239644,0.574066136485,0.818794045419,0.00226473566102,0.0,0.818754705325,-0.574005991553,-0.0117728956367,0.0,-0.0083397655723,0.00861284951623,-0.999928130984,0.0,0.658715739857,0.256942409149,0.303552835691,1.0,-0.01108,-0.0145622857143,0.555
0.462724687278,0.530048483199,-0.124061030887,-1.38327656267,0.0778810864173,1.90416115382,0.155740245645,-0.0100260968218,-0.0624239983499,-4.76659527794e-05,-0.0953199948127,-0.00302429339664,0.037231648738,-0.0176914523156,0.574061992265,0.818797012722,0.00224229682237,0.0,0.818757284073,-0.574001834045,-0.0117962362816,0.0,-0.00837180172334,0.00860783348487,-0.999927906471,0.0,0.658515161174,0.256693778693,0.303552823505,1.0,-0.01142,-0.0150091428571,0.572
0.462587309892,0.529006031813,-0.124064843301,-1.38493144773,0.0777650652964,1.9047684086,0.155522841071,-0.00642917837189,-0.0604992209901,-0.000655225328547,-0.102367428915,-0.00404800434476,0.0376632147834,-0.0167716712633,0.574057697467,0.818800064123,0.0022275260144,0.0,0.818760269595,-0.573997726258,-0.0117888966707,0.0,-0.00837431571402,0.00859148209121,-0.999928026046,0.0,0.658319465144,0.256440812356,0.303552077918,1.0,-0.01176,-0.015456,0.589
0.462445904917,0.527929624257,-0.124060501614,-1.38663803759,0.0776702098411,1.90542799395,0.155289308898,-0.0110451160733,-0.0619120263573,0.000279507393081,-0.103164050165,-0.0050061676974,0.0373238596433,-0.0185483314962,0.574046345205,0.818807944265,0.00225629478859,0.0,0.818768439909,-0.5739861787,-0.0117836909103,0.0,-0.00835365854022,0.00861193347053,-0.999928022905,0.0,0.65812054104,0.256191208627,0.303554706125,1.0,-0.0121,-0.0159028571429,0.606
0.462332442919,0.52704989164,-0.124071174343,-1.3879561132,0.0775853350501,1.90593800703,0.155103335174,-0.0092954296764,-0.0702132513742,-0.00530196210587,-0.109360732293,-0.00572478779124,0.0461644182709,-0.0140043220568,0.57404296643,0.818810158178,0.0023118083162,0.0,0.818771485646,-0.573982704425,-0.0117412186622,0.0,-0.00828705067196,0.00863297293141,-0.999928395721,0.0,0.65797287033,0.255986299654,0.303591053824,1.0,-0.01236,-0.0162445714286,0.619
0.462162302362,0.525680380144,-0.124075867988,-1.39010390352,0.0774468243003,1.90673250635,0.154815256118,-0.00881036529738,-0.0733080068796,-0.000819033035638,-0.10458954976,-0.00500663628285,0.0409436185747,-0.0147811972699,0.574028218578,0.818820476155,0.00231926847427,0.0,0.818781962538,-0.573967995161,-0.0117296741031,0.0,-0.00827347074777,0.00863230532154,-0.999928513938,0.0,0.657715946523,0.255666197622,0.303601338485,1.0,-0.01276,-0.0167702857143,0.639
0.462000779609,0.524512225756,-0.124079749922,-1.39194398561,0.0773277858019,1.90738626713,0.154558807074,-0.0084540941781,-0.0722507590049,5.87416459038e-05,-0.108601360581,-0.00704939075848,0.0375008942324,-0.02479419836,0.574019951623,0.818826327656,0.00229938618218,0.0,0.818787573103,-0.573959821608,-0.0117379816389,0.0,-0.00829177275886,0.00862071045963,-0.999928462369,0.0,0.657493695288,0.255379779572,0.303603851282,1.0,-0.0131,-0.0172171428571,0.656
0.461847365903,0.523314527472,-0.12408941999,-1.39384946433,0.0772065402344,1.90807657247,0.154308798231,-0.011447577425,-0.0718702985459,-0.000861481741914,-0.111241611852,-0.00553891786414,0.0399827790683,-0.0167309769349,0.574017199022,0.818828315234,0.0022786617302,0.0,0.818789334775,-0.573957192186,-0.0117436663001,0.0,-0.0083083521641,0.00860697606905,-0.999928443063,0.0,0.657262905552,0.255090101895,0.303599067442,1.0,-0.01344,-0.017664,0.673
0.46168762016,0.522166346971,-0.124087564174,-1.39568040377,0.0770947952272,1.90878865312,0.154060386845,-0.0112672021918,-0.0728182597212,0.00253400668739,-0.111490620076,-0.00908318376092,0.0466672907097,-0.0105977966468,0.57401144844,0.818832283429,0.00230121162922,0.0,0.818793608234,-0.573951370512,-0.0117302303355,0.0,-0.00828446722399,0.00861766979545,-0.999928549132,0.0,0.657050579553,0.254814181599,0.303596186489,1.0,-0.01376,-0.0180845714286,0.689
0.461523568998,0.520923245019,-0.124098614824,-1.3976688622,0.0769749058984,1.90956330403,0.153793679852,-0.00656080437921,-0.0769048903702,-0.00198625372012,-0.114118091912,-0.00715730228318,0.0459886542227,-0.0168873863862,0.574009411301,0.818833655432,0.00232107107914,0.0,0.81879530033,-0.573949324532,-0.0117122127814,0.0,-0.00825833582549,0.00862356848543,-0.999928714437,0.0,0.656819973098,0.254513425128,0.303590553648,1.0,-0.0141,-0.0185314285714,0.706
0.461349934473,0.519625654898,-0.12409998296,-1.3997290572,0.0768395484297,1.91031077238,0.15352009193,-0.0102277363795,-0.0739027169017,-0.00113137767804,-0.119997841146,-0.0100162954249,0.0475716800302,-0.0234664622376,0.574001618495,0.81883917237,0.00230188153893,0.0,0.818800607268,-0.573941644778,-0.011717543599,0.0,-0.00827379732249,0.00861083677781,-0.999928696342,0.0,0.65656880373,0.254199982252,0.303585974814,1.0,-0.01444,-0.0189782857143,0.723
0.461177445344,0.518287261148,-0.124103595744,-1.4017918718,0.0766989427759,1.9110452671,0.153236656868,-0.00896204138957,-0.0771065241155,-0.000223890322182,-0.123747628842,-0.00947680131453,0.0459829839269,-0.017058757517,0.573984609946,0.818851092824,0.00230265679332,0.0,0.818812614778,-0.573924715588,-0.0117076734917,0.0,-0.00826544872339,0.00860563451751,-0.999928810172,0.0,0.656315259918,0.253884554016,0.303607299667,1.0,-0.01478,-0.0194251428571,0.74
0.460981011415,0.516840746469,-0.124112070572,-1.40405075343,0.0765599339464,1.91185780095,0.152925835887,-0.0116025072203,-0.0821055591229,-0.000251252791749,-0.122105744039,-0.00696609810137,0.0402804144047,-0.0187937964792,0.57397890703,0.818855095974,0.00230064864791,0.0,0.818816575127,-0.573919003413,-0.0117107096239,0.0,-0.00826914748051,0.00860567524285,-0.999928779241,0.0,0.656040037841,0.253534313327,0.303617700766,1.0,-0.01514,-0.0198982857143,0.758
0.460805739694,0.515578591159,-0.124120987781,-1.40608710332,0.07642375635,1.91263618148,0.152646475038,-0.0117076884857,-0.0804811580006,-0.00123471465426,-0.13279073976,-0.0165095838649,0.0503576780357,-0.0166438971831,0.573970929568,0.818860709683,0.00229282580851,0.0,0.818822228877,-0.573911203222,-0.0116976585103,0.0,-0.00826303361983,0.00859169808468,-0.999928949976,0.0,0.65579966082,0.253219858047,0.303601380977,1.0,-0.01546,-0.0203188571429,0.774
0.460632022459,0.514272880725,-0.124124175469,-1.40818178807,0.0763112502029,1.91339684496,0.152356997594,-0.00627501304746,-0.0886320735238,-0.00146482811932,-0.131576435488,-0.00958914850612,0.0478622985867,-0.0163061035413,0.573958453931,0.818869501806,0.00227575816141,0.0,0.818830621756,-0.573898608331,-0.0117280489025,0.0,-0.00829784687949,0.00859503876712,-0.999928632976,0.0,0.655539324259,0.252906083342,0.303585778303,1.0,-0.01578,-0.0207394285714,0.79
0.460433265195,0.512863177901,-0.124122358858,-1.41045791112,0.0761655814703,1.91418452043,0.15205309986,-0.00784789887688,-0.0912216200268,-0.00193494421353,-0.129507677249,-0.0153401716713,0.0520430057147,-0.0170148817402,0.573950892114,0.818874992535,0.0022061150974,0.0,0.818835138901,-0.573891240973,-0.0117730937258,0.0,-0.00837478314637,0.00856378708852,-0.999928259706,0.0,0.655250155266,0.252555278391,0.303558433718,1.0,-0.01612,-0.0211862857143,0.807
0.460230152816,0.511369881414,-0.124135858033,-1.41288856519,0.0760191124723,1.9150768134,0.151699639861,-0.00964319809745,-0.0861932679729,-0.00385514491679,-0.137468332715,-0.0101977889837,0.052834453836,-0.0102006934322,0.573925153814,0.818893143893,0.002164163755,0.0,0.818852727746,-0.573865650619,-0.0117971269468,0.0,-0.00841880922127,0.00854296377013,-0.999928068124,0.0,0.654950967099,0.252182411053,0.30352522853,1.0,-0.01648,-0.0216594285714,0.825
0.460047234859,0.50999569869,-0.124129392844,-1.41507788891,0.0758890431492,1.91590435917,0.15140061111,-0.00687303584794,-0.085011350053,0.00133916286716,-0.141607372419,-0.0085016307742,0.0421380066442,-0.022746047818,0.573904756074,0.818907406903,0.00217641372733,0.0,0.818867067225,-0.573845123589,-0.011800307114,0.0,-0.00841459650207,0.00855461060456,-0.99992800401,0.0,0.654681828809,0.251859791892,0.303516736677,1.0,-0.0168,-0.02208,0.841
0.45984544149,0.508485086929,-0.12413683047,-1.41744195243,0.0757413406372,1.91675468923,0.151065610915,-0.011375181631,-0.084320975816,-0.000593765190888,-0.135352231107,-0.00827863916534,0.0471063578537,-0.016508345877,0.573883837814,0.818922080517,0.00217109157601,0.0,0.818881654272,-0.573824211007,-0.0118050015161,0.0,-0.00842171363551,0.00855273130336,-0.999927960168,0.0,0.654387058165,0.25149658913,0.303522445552,1.0,-0.01714,-0.0225268571429,0.858
0.459625370261,0.506959475659,-0.124142297536,-1.41983965828,0.0755807534181,1.91762322699,0.150729241262,-0.0147371780211,-0.0801093059727,-0.00131289864827,-0.139890424566,-0.0140056217507,0.0496598272594,-0.0179445432201,0.573873125138,0.818929618377,0.00215946537153,0.0,0.818889115896,-0.573813621065,-0.0118021629017,0.0,-0.0084261723466,0.00854147124645,-0.999928018854,0.0,0.654092130966,0.251118041112,0.303523617515,1.0,-0.01748,-0.0229737142857,0.875
0.459404574389,0.505365963787,-0.124144045319,-1.42228269471,0.0754237388969,1.91855298284,0.150387880138,-0.0162418664853,-0.0928415470654,-0.00303318177228,-0.139213634508,-0.00943326245867,0.0582376032363,-0.0180978772147,0.573859435829,0.818939042308,0.00222256502974,0.0,0.818899425784,-0.573799756836,-0.0117607995647,0.0,-0.00835623154199,0.00856926801466,-0.999928367954,0.0,0.653798509708,0.250741450401,0.303555281706,1.0,-0.01782,-0.0234205714286,0.892
0.459196444979,0.503807733667,-0.124141540224,-1.42461971084,0.0752795446012,1.91945666229,0.150069371099,-0.0160821226722,-0.0999456237278,0.000249476920969,-0.148771456225,-0.0150137772243,0.057232762249,-0.0185100373359,0.573848716274,0.818946259767,0.00232837823304,0.0,0.818908032084,-0.573788656323,-0.0117029809959,0.0,-0.00824827430178,0.00862263427025,-0.99992880554,0.0,0.653518370922,0.25038808987,0.30360974879,1.0,-0.01814,-0.0238411428571,0.908
0.458920376377,0.501849977858,-0.124150458009,-1.42755056066,0.0750913703277,1.92053998603,0.149650967397,-0.0140588781243,-0.0972101254541,7.86361102867e-05,-0.154029928896,-0.0114100189492,0.055049726325,-0.0240972681775,0.573837710274,0.818953713732,0.00241742300258,0.0,0.818916706811,-0.573777396973,-0.0116478723331,0.0,-0.00815216258088,0.00866382327889,-0.999929237702,0.0,0.653162669174,0.249923735685,0.303675778649,1.0,-0.01854,-0.0243668571429,0.928
0.458728479726,0.500417183744,-0.12415085322,-1.42968181874,0.0749567564697,1.92128634146,0.149358559638,-0.0186238184229,-0.101961100739,0.000381296754391,-0.150520951172,-0.0087233643835,0.0564161586696,-0.0228925777951,0.573827729067,0.818960582338,0.00245943719698,0.0,0.818924064939,-0.573767208577,-0.0116324170829,0.0,-0.00811550290165,0.00868926308031,-0.999929315162,0.0,0.652891308625,0.249593234841,0.303725816716,1.0,-0.01882,-0.0247348571429,0.942
0.458443081302,0.498456867586,-0.124151050055,-1.43275209321,0.0747625368564,1.92242279065,0.14892815184,-0.0141836777782,-0.0929964123361,0.00110873579025,-0.148491318146,-0.0129323889918,0.0585844215964,-0.0246772724254,0.573812857756,0.818970945132,0.00247834727723,0.0,0.818934661571,-0.573752260266,-0.0116237178781,0.0,-0.00809768577012,0.00869961075661,-0.999929369635,0.0,0.65251070077,0.249114288314,0.303730227175,1.0,-0.01922,-0.0252605714286,0.962
0.458227111251,0.497064841183,-0.124151301805,-1.43494979486,0.0746300903712,1.92322719786,0.148604580878,-0.0185521518988,-0.0984010274277,0.000386860224649,-0.156029292116,-0.011594177777,0.0541273661061,-0.0226988187385,0.573800602559,0.818979530638,0.00247866904763,0.0,0.818943171428,-0.573739919713,-0.0116332884691,0.0,-0.0081054698052,0.00870524462702,-0.999929257535,0.0,0.652237727006,0.248764175691,0.303724310588,1.0,-0.0195,-0.0256285714286,0.976
0.457930032123,0.495219214428,-0.124149009679,-1.43796667836,0.074442350891,1.92426652364,0.148162898073,-0.0175770366262,-0.0853978515179,0.00110455118543,-0.160460884562,-0.0157750158459,0.0507299776916,-0.0176671441082,0.573781860109,0.818992991867,0.00236710453576,0.0,0.818955008891,-0.573721394955,-0.0117132952081,0.0,-0.00823520672407,0.00865959515266,-0.999928593842,0.0,0.651846775423,0.24827879868,0.303664404305,1.0,-0.01988,-0.026128,0.995
0.457717352871,0.493906764953,-0.124159036002,-1.44008946168,0.0742990880992,1.92501411736,0.147866446002,-0.0181585685674,-0.100863907337,-0.00189020785248,-0.163273045319,-0.00992061606643,0.0617918774885,-0.0256126264374,0.573785801021,0.818990397383,0.00230877519118,0.0,0.818951686003,-0.573725582813,-0.0117404650556,0.0,-0.00829088437445,0.00862745358695,-0.999928411578,0.0,0.651558887143,0.247905187188,0.303633753147,1.0,-0.0205331428571,-0.0269864163265,1.009
0.45742262338,0.492026977674,-0.124158614688,-1.44313161632,0.0741088316589,1.92613972398,0.147439474398,-0.0158979424795,-0.106799075041,-0.0010552922246,-0.171234814236,-0.00965540832704,0.0575264184721,-0.0276563051507,0.57378083215,0.818993986379,0.00227020553825,0.0,0.818954739513,-0.573720724593,-0.0117648503106,0.0,-0.00833303812546,0.00860980695202,-0.999928213273,0.0,0.651196768716,0.247445797067,0.303591172178,1.0,-0.0217085714286,-0.0285312653061,1.026
0.457136858965,0.490265808761,-0.124161841535,-1.44598941174,0.0739275482709,1.92713007771,0.147034037274,-0.0163993695249,-0.109533866457,-0.0015955482631,-0.186287747238,-0.0163525280888,0.0657447882196,-0.0253167098971,0.573778422189,0.818995926222,0.00217760502894,0.0,0.818955362509,-0.573718557249,-0.0118270109334,0.0,-0.00843710379879,0.00856960998001,-0.999927685917,0.0,0.650826321571,0.246980504509,0.303542051659,1.0,-0.0228148571429,-0.0299852408163,1.042
0.456767264024,0.488023803742,-0.124174930076,-1.44952828177,0.0737088055138,1.92843511089,0.146520619123,-0.0209582656741,-0.12202219032,-0.000276449351201,-0.190258985009,-0.00299920895828,0.072675186943,-0.0278591043979,0.57378137368,0.818993864859,0.00217518805781,0.0,0.81895327231,-0.573721520519,-0.0118279993482,0.0,-0.00843926918185,0.00856822805664,-0.999927679487,0.0,0.65041200192,0.246428463606,0.303528292602,1.0,-0.0240594285714,-0.0316209632653,1.06
0.456392807471,0.485724184477,-0.124190539508,-1.45299766922,0.0734911931369,1.92977910886,0.146018210248,-0.0203920747156,-0.130097085438,-0.000405781925569,-0.192358311259,-0.0155075847173,0.0742764026569,-0.0256081860366,0.573806208068,0.818976059149,0.00232314989271,0.0,0.818937481126,-0.573745877861,-0.0117395291472,0.0,-0.00828165509016,0.00863889555138,-0.999928389272,0.0,0.649976664747,0.245818512894,0.303592452343,1.0,-0.0253731428571,-0.0333475591837,1.079
0.456043430473,0.483626291527,-0.124212526615,-1.45623759514,0.0732880011682,1.93088971357,0.145504924932,-0.0244658979116,-0.131493457475,-0.000801630053863,-0.21419458333,-0.00972951188738,0.0642092833908,-0.0303345920353,0.573791650513,0.818986336787,0.0022953992821,0.0,0.818947317453,-0.573731342598,-0.0117637008803,0.0,-0.00831752791729,0.00862989058096,-0.999928169279,0.0,0.64956135489,0.245265341507,0.303603309182,1.0,-0.0264794285714,-0.0348015346939,1.095
0.455661933581,0.481281312882,-0.124252285191,-1.45986390831,0.0730567440553,1.9321647784,0.144968778033,-0.0261106582416,-0.136071502309,-0.00187671178567,-0.217845514837,-0.0165353489837,0.0761652925945,-0.029558000451,0.57380814615,0.81897481817,0.00228156008777,0.0,0.818935672539,-0.573747944167,-0.0117646805884,0.0,-0.008326097039,0.00861928645134,-0.999928189426,0.0,0.649101859552,0.244645244203,0.303615339089,1.0,-0.0276548571429,-0.0363463836735,1.112
0.455249643677,0.478871134364,-0.124257686022,-1.46359203541,0.0728264051188,1.9335585115,0.144422140055,-0.0235400347333,-0.136437510555,0.00103418713898,-0.222203337217,-0.0103469506603,0.0845425307304,-0.0293808577944,0.573821307303,0.818965416378,0.00234541317279,0.0,0.818927053797,-0.573760814967,-0.0117368934981,0.0,-0.00826656285418,0.00865576852067,-0.999928368239,0.0,0.648640235217,0.244022435899,0.303632062554,1.0,-0.0288302857143,-0.0378912326531,1.129
0.454842001648,0.476490288286,-0.12427505894,-1.4672168997,0.0726013639903,1.93488299138,0.143900668602,-0.0212402706418,-0.147754072065,-0.000382013915721,-0.226327574133,-0.0125027388859,0.0821242469416,-0.0318140832322,0.57385522217,0.818941451556,0.00241450049912,0.0,0.818903959365,-0.573794442399,-0.0117042774228,0.0,-0.00819984884694,0.0086939721253,-0.999928586114,0.0,0.648160314376,0.243364881052,0.303670026588,1.0,-0.0300057142857,-0.0394360816327,1.146
0.454400185279,0.473894147489,-0.12428524198,-1.47123773339,0.0723491566915,1.93632653565,0.143319651522,-0.026736788175,-0.148997544151,-0.000228991364796,-0.242716087177,-0.0137364064187,0.0840994843517,-0.0381062775209,0.573873415225,0.818928663229,0.0024279090063,0.0,0.818891255603,-0.573812489199,-0.0117083576182,0.0,-0.00819530292737,0.00870747627356,-0.999928505878,0.0,0.647673438726,0.242727820236,0.303678291571,1.0,-0.031112,-0.0408900571429,1.162
0.45392201699,0.471039357515,-0.124277975003,-1.47564125062,0.0720735361474,1.93786338833,0.142665326541,-0.0215763436821,-0.156362610859,0.00158936792449,-0.248559232422,-0.015636508113,0.0951787280594,-0.039278413843,0.573859137099,0.818938678597,0.00242453435375,0.0,0.818900969652,-0.57379795191,-0.0117413452667,0.0,-0.00822440727645,0.00872349975075,-0.999928127256,0.0,0.647092289856,0.241999674172,0.303688560101,1.0,-0.0323565714286,-0.0425257795918,1.18
0.453484191399,0.468403890262,-0.124280760041,-1.47961187877,0.0718135128817,1.93940970721,0.142022985522,-0.026500940453,-0.164482718703,-0.00053738364072,-0.252745001455,-0.021462415779,0.0958920630363,-0.0400173532696,0.57380916885,0.818973144706,0.00260247864336,0.0,0.818937861536,-0.57374747696,-0.011634368318,0.0,-0.00803522435559,0.00880734507823,-0.999928930396,0.0,0.646570120652,0.241302644269,0.303754157139,1.0,-0.033532,-0.0440706285714,1.197
0.452991106681,0.465541938078,-0.124280848823,-1.48401338144,0.0715151429983,1.94093778084,0.141350266323,-0.0300344815565,-0.17103107885,0.000373228330886,-0.264388274626,-0.0189057552255,0.0798385315528,-0.0367770567675,0.573790355727,0.818986397057,0.00257992481155,0.0,0.818950806153,-0.573728728243,-0.0116477633459,0.0,-0.00805933792256,0.00879637513538,-0.999928832896,0.0,0.646021064267,0.24059820763,0.303764407036,1.0,-0.0346382857143,-0.0455246040816,1.213
0.45250146777,0.462768320311,-0.124287144738,-1.48838760302,0.0712211972531,1.94244651586,0.140699068986,-0.0294935451495,-0.16822970815,0.000149044450403,-0.274156318615,-0.014053248826,0.092266625729,-0.0472119870952,0.573786783886,0.818989164032,0.00249454141817,0.0,0.818952378214,-0.573725366662,-0.0117026821046,0.0,-0.00815334512114,0.00875792357176,-0.999928408306,0.0,0.645436200244,0.239853926135,0.303725255731,1.0,-0.0357445714286,-0.0469785795918,1.229
0.451929446159,0.459564178873,-0.124291063469,-1.49335636197,0.0708817414302,1.94419650082,0.139950951244,-0.0326258234197,-0.175637002724,-0.00091717952526,-0.274954818697,-0.0199603556493,0.100946248911,-0.0392036580285,0.573783575729,0.818991530173,0.00245532674996,0.0,0.818954247499,-0.573722314731,-0.01172147532,0.0,-0.00819127096913,0.00873655849861,-0.999928285241,0.0,0.644814175679,0.239049679489,0.303707266986,1.0,-0.03692,-0.0485234285714,1.246
0.45138894919,0.45670371482,-0.124297433788,-1.49792563113,0.0705772918956,1.94581217925,0.139258778698,-0.0330041877994,-0.180774050836,0.00028266394981,-0.29397987369,-0.0234948613137,0.101441692686,-0.0411461861431,0.573791020469,0.81898652495,0.00238404717784,0.0,0.818948220694,-0.573729921579,-0.0117701235062,0.0,-0.00827193260852,0.00870616999276,-0.999927886267,0.0,0.644174846271,0.238210746728,0.3036515886,1.0,-0.0380954285714,-0.050068277551,1.263
0.450791677787,0.453535063046,-0.124340332569,-1.50290889137,0.0702317766009,1.94752061178,0.138469385799,-0.0330832593117,-0.19168825343,-0.000626582018667,-0.294598297033,-0.025908886573,0.104928176719,-0.0455918137175,0.57379785026,0.818982051467,0.00227449178404,0.0,0.818942420128,-0.573737269529,-0.0118154546912,0.0,-0.00837184580028,0.00864252670328,-0.999927606845,0.0,0.643511794016,0.237316319728,0.303606507038,1.0,-0.0392708571429,-0.0516131265306,1.28
0.450189640782,0.450156770268,-0.124379090879,-1.50789911864,0.0699044674181,1.94941210763,0.137693520937,-0.0394072221468,-0.192003501837,-0.00153629545196,-0.294164387867,-0.0172362459626,0.108918837847,-0.0393923358625,0.573821445254,0.818964863436,0.00249966490908,0.0,0.818928404179,-0.573760284937,-0.0116683829051,0.0,-0.00812194353446,0.00874278326301,-0.999928796352,0.0,0.642884110493,0.236438465165,0.303714499692,1.0,-0.0404462857143,-0.0531579755102,1.297
0.449596787637,0.446916607985,-0.124401140434,-1.51279529004,0.0695590627604,1.95103651534,0.136974218103,-0.0349086323884,-0.199445975268,-0.00180442465302,-0.307586734398,-0.0257580193568,0.100737906207,-0.0457884938065,0.573858313471,0.818939147567,0.00246080149437,0.0,0.818902184134,-0.573797288202,-0.0116889594905,0.0,-0.00816070241562,0.00872313024519,-0.999928652422,0.0,0.642213644312,0.235566510252,0.303746470293,1.0,-0.0415525714286,-0.0546119510204,1.313
0.448995373028,0.44367230659,-0.124400788956,-1.51777943518,0.0692173896033,1.95278730835,0.136206808463,-0.0378132278303,-0.20517735513,0.000209836065826,-0.315435942966,-0.0203611566039,0.117449796837,-0.0408925962371,0.573850406202,0.818944682779,0.00246267176231,0.0,0.818907691317,-0.573789319247,-0.0116943200085,0.0,-0.00816410361996,0.00872765916897,-0.999928585139,0.0,0.641538862164,0.234701591801,0.303747476666,1.0,-0.0426588571429,-0.0560659265306,1.329
0.448370981226,0.440396875823,-0.124397930319,-1.52285752297,0.0688649891044,1.95460144485,0.135365130683,-0.0432733146466,-0.196659051304,0.0012694303782,-0.320598282945,-0.0272383895578,0.109544435715,-0.0474899526392,0.573801580314,0.818978891999,0.00246328859866,0.0,0.818941869558,-0.573740455552,-0.0116983267545,0.0,-0.00816755161154,0.0087299766281,-0.999928536751,0.0,0.640809295454,0.23375813592,0.303727742735,1.0,-0.0438342857143,-0.0576107755102,1.346
0.447667066704,0.436810611893,-0.124407910821,-1.52840242744,0.0684986552712,1.95654216251,0.134476439893,-0.0414996640067,-0.209782342784,-0.00171265585955,-0.325422986088,-0.0217277460593,0.117538081999,-0.0450554444284,0.573796634944,0.818982411914,0.00244491366775,0.0,0.818945018781,-0.573735436849,-0.0117239761963,0.0,-0.00819915455035,0.00872959603091,-0.999928281437,0.0,0.64010121057,0.23282891402,0.30370755964,1.0,-0.0449405714286,-0.0590647510204,1.362
0.446838239746,0.432628418561,-0.124433814218,-1.53465958377,0.0680661442884,1.95879615187,0.133484669782,-0.0420279330798,-0.221495352501,-0.00156598917306,-0.326170558258,-0.0280828688753,0.119858089528,-0.0553829853033,0.573834592597,0.818955397643,0.00258145536045,0.0,0.818919935556,-0.5737730732,-0.0116338523754,0.0,-0.00804659154455,0.0087900814319,-0.999928990895,0.0,0.639273034155,0.231688327846,0.303778159466,1.0,-0.0462542857143,-0.0607913469388,1.381
0.446131666516,0.429085878658,-0.124460759726,-1.54019256682,0.0676450355692,1.96057571386,0.132618596546,-0.0462326761077,-0.229365008522,-0.0056296207458,-0.350329869297,-0.0258803163593,0.110114744227,-0.0590845140686,0.573842804343,0.818950268627,0.00237493594058,0.0,0.818912209213,-0.573782115261,-0.0117313558347,0.0,-0.00824485998367,0.0086769852276,-0.99992836354,0.0,0.638484344705,0.230674129141,0.303713406759,1.0,-0.0473605714286,-0.062245322449,1.397
