position_joint1,position_joint2,position_joint3,position_joint4,position_joint5,position_joint6,position_joint7,velocity_joint1,velocity_joint2,velocity_joint3,velocity_joint4,velocity_joint5,velocity_joint6,velocity_joint7,ee_T_00,ee_T_10,ee_T_20,ee_T_30,ee_T_01,ee_T_11,ee_T_21,ee_T_31,ee_T_02,ee_T_12,ee_T_22,ee_T_32,ee_T_03,ee_T_13,ee_T_23,ee_T_33,v_x,v_y,time
0.465077257895,0.547667152821,-0.124024365255,-1.35581394022,0.0795301488572,1.89415027273,0.159135788244,0.00401303491024,-0.000809351943377,0.00117881391134,-0.000111961566746,-0.000448653164075,9.29469518761e-06,0.0033870373064,0.573815789417,0.818969926482,0.00210860958492,0.0,0.818928840841,-0.573756571073,-0.0118193777726,0.0,-0.00847004941499,0.0085091106169,-0.999927924052,0.0,0.661700012715,0.260884155777,0.303309797024,1.0,0.0,0.0,0.0
0.465076935395,0.547664594098,-0.124022245929,-1.35581394022,0.0795314712856,1.89414955743,0.159123072613,0.00316393914282,-4.7574124241e-05,0.000523917293931,-4.9760690743e-05,0.000297922089115,0.00045624324381,0.00111722656338,0.573804500123,0.818977828346,0.00211168617175,0.0,0.818936758196,-0.573745246363,-0.011820543659,0.0,-0.00846935633424,0.00851218245916,-0.999927903778,0.0,0.661699461057,0.260885368608,0.303311479805,1.0,-4e-05,-5.25714285714e-05,0.003
0.465072811528,0.547664237747,-0.124025088165,-1.35581214993,0.0795307460661,1.89415062886,0.159129433032,-0.00198028475741,-5.90523167779e-05,0.00101409087256,0.00130799200878,-0.00124735705894,-5.91525566306e-05,-0.00060837007266,0.573814788668,0.818970615924,0.00211316384043,0.0,0.818929590032,-0.573755552978,-0.0118168903531,0.0,-0.00846540946831,0.00851140270904,-0.999927943837,0.0,0.661701864217,0.260881167954,0.303312770279,1.0,-0.00034,-0.000446857142857,0.018
0.46507902028,0.547658246761,-0.124028528607,-1.35582024555,0.0795317267707,1.89414981651,0.159126833173,-0.00156198397155,-0.00289086602668,-0.000385804626414,-0.000753405222347,0.00035424671133,0.00519592070338,-0.00161954608539,0.573810664578,0.818973511471,0.00211083560151,0.0,0.818932453867,-0.573751437148,-0.0118182602565,0.0,-0.00846791017529,0.00851023939925,-0.999927932564,0.0,0.661699119708,0.260882506054,0.303313206156,1.0,-0.00066,-0.000867428571429,0.034
0.465081117205,0.547607996306,-0.124025114847,-1.35586449838,0.0795320816371,1.89415296346,0.159130072771,-0.000595808669021,-0.00759427998398,0.000153454543336,-0.00751775366958,5.97133840466e-05,-0.000478500881078,4.35018238793e-05,0.57381165746,0.818972786486,0.00212218282906,0.0,0.818931816221,-0.573752324512,-0.0118193654231,0.0,-0.00846229422922,0.00852017674191,-0.999927895483,0.0,0.661689580527,0.260881548697,0.30332790163,1.0,-0.00102,-0.00134057142857,0.052
0.465080751099,0.547486910329,-0.124020103539,-1.35599722134,0.0795292453684,1.89419404181,0.159123819597,0.00106218984132,-0.00510217535276,0.00113631734729,-0.00652698639662,0.000129560427158,0.00127967528515,0.000571177984073,0.573809898392,0.818973939803,0.00215251750426,0.0,0.818933283937,-0.573750365447,-0.0118127689915,0.0,-0.0084395047429,0.00854121644814,-0.999927908592,0.0,0.661669651892,0.260872376366,0.3033539024,1.0,-0.00136,-0.00178742857143,0.069
0.465068493065,0.547363170067,-0.124025114851,-1.35618895252,0.0795280029929,1.89424487826,0.15912959419,0.000312917162292,-0.00605943616845,4.24764111212e-05,-0.01310399149,-0.000405848057575,0.00952896462479,0.00178742656146,0.573838444202,0.818953964134,0.00214277537325,0.0,0.818913088876,-0.573778852372,-0.0118291309577,0.0,-0.00845819734206,0.00854292138244,-0.999927736085,0.0,0.661643517045,0.260843477729,0.303354875203,1.0,-0.00168,-0.002208,0.085
0.465051268562,0.547210159932,-0.124020366968,-1.35637500105,0.0795265617543,1.89432963782,0.159113413586,-0.00306297933629,-0.00796875815676,0.00163512553395,-0.0144013752882,0.000165559262573,0.0109718315532,-0.00111710965379,0.573846067742,0.818948487952,0.00219351780676,0.0,0.818908185473,-0.573786187328,-0.011812785359,0.0,-0.00841561451574,0.00857517521298,-0.999927819296,0.0,0.661625289711,0.260820283766,0.303381906811,1.0,-0.00198,-0.00260228571429,0.1
0.465038453576,0.547005874159,-0.124022259584,-1.35658407164,0.0795208672078,1.89445199519,0.159105398614,0.00152715906733,-0.0147590283056,0.000783953278946,-0.0166830090492,-3.35525113985e-06,0.000230478706642,0.00169529351589,0.573861688428,0.818937258953,0.00229681403385,0.0,0.818898314707,-0.573801425328,-0.011756758149,0.0,-0.00831029212527,0.00862777633479,-0.999928247686,0.0,0.661611246014,0.260795977433,0.303437773603,1.0,-0.00232,-0.00304914285714,0.117
0.465006978633,0.546778620528,-0.124023397871,-1.35689770708,0.0795168807514,1.89459991475,0.159072335867,-0.0016674550304,-0.0099933157643,-0.000337140909195,-0.0183758540558,-0.000154106718483,0.00602002649882,-0.000446210896717,0.573877853388,0.818925762079,0.00235637324585,0.0,0.818887510777,-0.573817280617,-0.011735419079,0.0,-0.00825846832567,0.00866446854932,-0.999928359777,0.0,0.661583506406,0.260749653915,0.30346232475,1.0,-0.0027,-0.00354857142857,0.136
0.464971872332,0.546527728188,-0.124026270822,-1.35725217851,0.0795083758215,1.89472782459,0.158996356238,-0.00363985371549,-0.018720248874,0.000184140465602,-0.02338777709,-0.000247697522821,0.00855392679844,-0.00897594755641,0.573863912624,0.818935449768,0.00238449204588,0.0,0.818897459261,-0.57380312734,-0.011733250687,0.0,-0.00824070459467,0.00868611085961,-0.999928318564,0.0,0.661544607165,0.260693289769,0.303482475483,1.0,-0.00302,-0.00396914285714,0.152
0.464938865665,0.546266463705,-0.124022976431,-1.35764450142,0.0794955978056,1.89486264747,0.158922890176,-0.00267142649203,-0.0198419447722,0.000421171089783,-0.0252084600111,-0.00215067152317,0.0140270057085,-0.00334565657547,0.573846958942,0.818947298109,0.00239531501236,0.0,0.818909320078,-0.573786000489,-0.0117429993324,0.0,-0.00824265805085,0.00870039775354,-0.999928178254,0.0,0.661496926407,0.26063730319,0.30349232763,1.0,-0.00334,-0.00438971428571,0.168
0.464889121377,0.545962570477,-0.124021876776,-1.35816676452,0.0794812232043,1.89503874395,0.158895898041,-0.00227409893008,-0.0141777372546,1.48040649807e-05,-0.0307384469501,0.00028333614688,0.0144872017166,-0.0115826304228,0.573890181604,0.818917088711,0.00236815882578,0.0,0.818878575957,-0.573829128034,-0.0117794973982,0.0,-0.00828767276516,0.00869953992107,-0.999927813637,0.0,0.661433698457,0.260556649126,0.30347415252,1.0,-0.0037,-0.00486285714286,0.186
0.464827082829,0.545625484725,-0.124026162772,-1.35872663185,0.0794366503686,1.89521976358,0.158811001214,-0.00580319592308,-0.018743248286,0.00111861086241,-0.0358733840988,-0.00163631100947,0.00868965960611,-0.00267304229001,0.573893806471,0.818914669424,0.00232594024068,0.0,0.818875679987,-0.573832988078,-0.0117927698439,0.0,-0.00832273121829,0.00867262044557,-0.99992775629,0.0,0.661369771485,0.260456163541,0.303462106882,1.0,-0.00404,-0.00530971428571,0.203
0.464774567967,0.545281719284,-0.124026461293,-1.35932535068,0.0793582037463,1.8954107486,0.158744721866,-0.00129731608437,-0.0219723920022,0.000802596868004,-0.0387815386297,-0.00447013473299,0.0158143299293,-0.00669586814608,0.573895235211,0.818913886473,0.00224776429609,0.0,0.818874204641,-0.573835051654,-0.0117948026116,0.0,-0.00836924283973,0.00860978298423,-0.999927911107,0.0,0.66129752275,0.260354954876,0.303436944233,1.0,-0.00436,-0.00573028571429,0.219
0.464707161969,0.544857767745,-0.124026491617,-1.36005964886,0.0793385414711,1.89563928879,0.158651172156,-0.00825037471415,-0.0200482264097,0.00037282685635,-0.0410158403061,0.000135144685145,0.0141127343264,-0.00731345190306,0.573909429895,0.818904090276,0.00219182764718,0.0,0.818863392414,-0.573849168075,-0.0118584891988,0.0,-0.00845334959065,0.00860067178783,-0.999927282019,0.0,0.661204168325,0.260241084503,0.303407344021,1.0,-0.00472,-0.00620342857143,0.237
0.464643099603,0.54444643359,-0.124029691989,-1.360749089,0.0793115756359,1.89587337318,0.158561771102,-0.00341286252934,-0.0240840378103,0.000914861841664,-0.0441767991019,-3.63490619846e-05,0.0169049391448,-0.00150909010947,0.573922143621,0.818895261029,0.00216134829368,0.0,0.818854013123,-0.573861846435,-0.0118925733086,0.0,-0.00849862022601,0.00859540537866,-0.999926943562,0.0,0.661122078915,0.260131951556,0.303390700251,1.0,-0.00504,-0.006624,0.253
0.464574432348,0.543998179255,-0.12403219809,-1.36148213543,0.0792797185346,1.89613456165,0.158476466058,-0.00457836045737,-0.0294123032324,-0.00309884041957,-0.0472951118463,-0.00363461859733,0.0159819107443,-0.00500598875647,0.573942654513,0.818880923735,0.00214685202248,0.0,0.818839366751,-0.573882291858,-0.0119144220223,0.0,-0.00852461667774,0.00859628745823,-0.999926714691,0.0,0.661037564382,0.260016539637,0.303381711158,1.0,-0.00536,-0.00704457142857,0.269
0.464493762606,0.543465897694,-0.124030757743,-1.36234957625,0.0792328848801,1.89643028452,0.158368302746,-0.00397213405205,-0.0368355286831,0.00668886087365,-0.0447617141212,-0.000307906047796,0.0164951720916,-0.00380809583827,0.57395487304,0.818872438428,0.00211664792264,0.0,0.818830385216,-0.573894528917,-0.011942228734,0.0,-0.00856459419623,0.00858764134943,-0.999926447366,0.0,0.660934162973,0.259880555266,0.303371000601,1.0,-0.00572,-0.00751771428571,0.287
0.464419345118,0.542931542348,-0.124047055228,-1.36321542564,0.079180529587,1.89673347857,0.158265946643,-0.00347828477907,-0.0307898133604,-0.00120997983472,-0.0539720422482,-0.00697279439838,0.020372610721,-0.0100434449575,0.573977588712,0.818856589465,0.00208816819322,0.0,0.818814214063,-0.573917408115,-0.0119515025313,0.0,-0.00858829587588,0.00856988139911,-0.999926396445,0.0,0.660835291488,0.259738263473,0.303363675198,1.0,-0.00606,-0.00796457142857,0.304
0.464346976306,0.542381685074,-0.124038866185,-1.36406874033,0.0791331852633,1.89703164511,0.158155525088,-0.00493937341813,-0.0360192723606,0.000131936574572,-0.0515621862499,-0.000102594736578,0.0120505391277,-0.00964767185437,0.573975409255,0.818858116413,0.00208845773668,0.0,0.818815633578,-0.57391511678,-0.0119642735188,0.0,-0.00859861056193,0.00857742577628,-0.999926243112,0.0,0.660732161026,0.259613686449,0.303371977992,1.0,-0.00638,-0.00838514285714,0.32
0.46427098467,0.541785943195,-0.124047450944,-1.36500170448,0.0790798626271,1.8973800341,0.158020814554,-0.00370615105221,-0.034974352103,5.95631064087e-05,-0.0535016404061,-0.00214532564301,0.0217319855516,-0.00874588514964,0.573970995816,0.818861187813,0.00209713064084,0.0,0.818818828575,-0.573910678467,-0.0119585121727,0.0,-0.00858896117744,0.00858117440916,-0.99992629388,0.0,0.660626878403,0.259470588566,0.303379652951,1.0,-0.00672,-0.008832,0.337
0.464185515272,0.541131669339,-0.124045665994,-1.365995516,0.0790157131231,1.89774113029,0.157895023489,-0.00354419976732,-0.040253078477,0.000312716786229,-0.0634886075425,-0.00628435497035,0.0232798635594,-0.00182635151289,0.573974691853,0.818858553739,0.00211399652601,0.0,0.818816427302,-0.573914317388,-0.0119482876994,0.0,-0.00857086972783,0.00858915520106,-0.999926380593,0.0,0.660512161106,0.259319907599,0.303400404902,1.0,-0.00706,-0.00927885714286,0.354
0.464107035679,0.540475313701,-0.124048251056,-1.3669994042,0.0789541935706,1.8981110426,0.157762117127,-0.00372094271829,-0.0375368051462,0.000333153944043,-0.0669701565418,-0.00340930444547,0.0295028534626,-0.00440341456247,0.573971136886,0.818860998842,0.00213201742632,0.0,0.818819118174,-0.573910699828,-0.0119376395344,0.0,-0.0085518444693,0.00859776269784,-0.999926469513,0.0,0.660395798828,0.259171172276,0.303418651495,1.0,-0.00738,-0.00969942857143,0.37
0.464001579982,0.539749653258,-0.124051367135,-1.36810228282,0.078893044721,1.89851630321,0.157638733623,-0.0071003882847,-0.0443423877794,-0.000548818248618,-0.0682156759321,-0.0067989166307,0.0274724690074,-0.00399469363327,0.573997994094,0.818842101512,0.0021592751347,0.0,0.818800511551,-0.573937377371,-0.0119313051536,0.0,-0.00853073052094,0.00861672670866,-0.999926486627,0.0,0.660263146786,0.258989238274,0.303440039793,1.0,-0.00774,-0.0101725714286,0.388
0.463907187784,0.538990092177,-0.124054560461,-1.36926313402,0.0788318210433,1.89895572271,0.157489492747,-0.00133601146315,-0.0442350942578,0.00129169595556,-0.0669885683712,0.000302069009826,0.0301096084201,-0.00164768231497,0.574016418642,0.818829116419,0.00218543729522,0.0,0.818787848279,-0.57395567412,-0.0119201743512,0.0,-0.00850640547015,0.00863195148296,-0.999926562543,0.0,0.660130984267,0.258812181392,0.303457429466,1.0,-0.00808,-0.0106194285714,0.405
0.463800597098,0.538264024701,-0.124057767348,-1.37038810107,0.0787663031037,1.89938820886,0.157359119803,-0.00730689578794,-0.0502473387379,-0.000471563029653,-0.0697612451991,-0.00560835950963,0.0286767241487,-0.00248090387922,0.574036052162,0.818815253065,0.00222240141272,0.0,0.81877445925,-0.573975149086,-0.0119021011825,0.0,-0.0084701818868,0.00865204726888,-0.999926696362,0.0,0.660017116186,0.258646359984,0.303479042386,1.0,-0.00838,-0.0110137142857,0.42
0.463684865488,0.537371332859,-0.124066540861,-1.37178899477,0.0786793078688,1.8999167542,0.157195614323,-0.00649491437435,-0.0509304969329,0.00108646053741,-0.0751794119095,-0.00611532127227,0.034186005897,-0.00635088568759,0.574057162981,0.818800418436,0.00223501683725,0.0,0.818759854193,-0.573996273662,-0.0118880564055,0.0,-0.00845121693517,0.00865453261986,-0.999926835322,0.0,0.659858314466,0.258432100744,0.303488731923,1.0,-0.00876,-0.0115131428571,0.439
0.463574794812,0.5365894054,-0.124067349815,-1.3730073361,0.0786173853329,1.90036927285,0.157035399717,-0.00684319613743,-0.0478906376227,0.000994858098048,-0.0753602742034,-0.00217227113478,0.0299837244866,-0.005490884656,0.574067221396,0.818793312811,0.00225457658221,0.0,0.818752893894,-0.574006140842,-0.0118910014815,0.0,-0.00844229423284,0.00867234225077,-0.999926756392,0.0,0.6597187569,0.258245325397,0.303500120224,1.0,-0.00908,-0.0119337142857,0.455
0.463492421074,0.535995505603,-0.124072306031,-1.37394876416,0.0785577302052,1.90072011499,0.156916534497,-0.00501096149645,-0.053900374768,-0.000392590404187,-0.0792691728273,-0.00498108201715,0.0341841523978,-0.00517232948265,0.574076660957,0.818786696233,0.00225395585639,0.0,0.818746310333,-0.574015623901,-0.0118865358321,0.0,-0.00843889400134,0.00866936775411,-0.999926810887,0.0,0.65961165555,0.258098303951,0.303501778401,1.0,-0.00932,-0.0122491428571,0.467
0.463341991036,0.534833134295,-0.124079369015,-1.37577920023,0.0784589776105,1.90137112581,0.156695806773,-0.00949557604894,-0.0446207964625,0.00151987409548,-0.0873865476127,-0.00478069903284,0.0307494539891,-0.0155816071041,0.574097990604,0.818771767355,0.00224434151522,0.0,0.818731126843,-0.574036856371,-0.0119069882073,0.0,-0.00846093392956,0.00867345725267,-0.999926589174,0.0,0.659392900106,0.257821159695,0.303507406825,1.0,-0.00976,-0.0128274285714,0.489
0.463227552731,0.533993815017,-0.124085737548,-1.37715925096,0.0783793389272,1.90186789367,0.15652475918,-0.00706954741816,-0.0516864322449,-0.000505736001283,-0.0821507816468,-0.00393854113252,0.0238913429534,-0.00909820918995,0.574110415025,0.818763159012,0.00220628766864,0.0,0.81872197606,-0.57404938472,-0.011932171651,0.0,-0.00850326819037,0.0086568868904,-0.999926373659,0.0,0.659228581348,0.257610025173,0.303485878461,1.0,-0.01008,-0.013248,0.505
0.463104696456,0.533130358749,-0.124086858969,-1.37855295935,0.0783005859613,1.90240069973,0.156357001188,-0.0084845921676,-0.0517348482485,-0.000383664171609,-0.085869325895,-0.00146481200392,0.035344346658,-0.0121903689708,0.574129769006,0.818749580162,0.00220912360395,0.0,0.818708394946,-0.574068684831,-0.0119354951151,0.0,-0.00850415666396,0.00866131785065,-0.999926327732,0.0,0.659069503845,0.257397681078,0.303477669059,1.0,-0.0104,-0.0136685714286,0.521
0.462971126773,0.532123404538,-0.124088321385,-1.38018493258,0.0782122728793,1.90301850011,0.156155557125,-0.0106890295874,-0.0552436664936,-0.000623409829276,-0.0932479088742,-0.00114755488295,0.0383997787409,-0.0089503911447,0.574140868509,0.818741804909,0.00220610597267,0.0,0.818700488747,-0.574079701918,-0.0119479066534,0.0,-0.00851593395722,0.00866608838995,-0.999926186166,0.0,0.65887864469,0.257155916658,0.30346442962,1.0,-0.01076,-0.0141417142857,0.539
0.462849784018,0.531183334634,-0.124084013281,-1.3816908319,0.0781179958757,1.90356115101,0.155962624879,-0.00427971371197,-0.0613131582722,-0.000236963839129,-0.101375160424,-0.0111060808235,0.0389166323587,-0.00630855019638,0.574135933429,0.818745321777,0.00218515816617,0.0,0.818703694223,-0.574074814132,-0.0119630993681,0.0,-0.00854045180362,0.00865760897129,-0.999926050511,0.0,0.658695852367,0.256933634108,0.303457102087,1.0,-0.01108,-0.0145622857143,0.555
0.462698835419,0.530158608538,-0.124086527616,-1.38332826757,0.07801905271,1.90413737064,0.155753404232,-0.0106706865536,-0.0586477277813,-0.00024364450741,-0.0974755199625,-0.00693183154647,0.0310894630214,-0.0116500302554,0.574152350668,0.818733892478,0.00215370158898,0.0,0.818691796663,-0.574091300292,-0.0119861548089,0.0,-0.00857721497483,0.00864526323046,-0.999925842654,0.0,0.658500275671,0.256674938582,0.303449741338,1.0,-0.01142,-0.0150091428571,0.572
0.462562198086,0.529118960326,-0.12408914189,-1.38498335792,0.0779144823787,1.90474484446,0.155521751406,-0.0105821415646,-0.0645221272671,-0.000204203700769,-0.100035866882,-0.0134251396215,0.0335019284721,-0.00832886040036,0.574138153697,0.8187438755,0.00214329240105,0.0,0.818701660842,-0.574077165356,-0.0119893975126,0.0,-0.00858599586528,0.00863845391725,-0.999925826144,0.0,0.658303394179,0.25642494364,0.303446958302,1.0,-0.01176,-0.015456,0.589
0.462415514446,0.528031713965,-0.124087457496,-1.38668808903,0.0778032543651,1.90540015107,0.155284181434,-0.00746382324135,-0.062660515708,-7.87717633737e-05,-0.106141828613,-0.010194439189,0.0378020679712,-0.0175234131701,0.574125152115,0.818752922112,0.00217005600574,0.0,0.818711131386,-0.574064130347,-0.0119668080741,0.0,-0.00855227242302,0.00864726100006,-0.999926039022,0.0,0.658107180793,0.256167755488,0.303457808718,1.0,-0.0121,-0.0159028571429,0.606
0.462280908226,0.526940587726,-0.124095418088,-1.38834918548,0.0777024538399,1.90603035067,0.155066363697,-0.00761108481451,-0.0716860010274,-0.000336633542543,-0.104067088089,-0.00899933634686,0.0404863642799,-0.0158815315444,0.574125397758,0.818752618618,0.00221902160032,0.0,0.818711512572,-0.574064223256,-0.0119362330973,0.0,-0.008499124828,0.00866980002609,-0.999926297006,0.0,0.657914315559,0.255918145211,0.303490018777,1.0,-0.01242,-0.0163234285714,0.622
0.46214747577,0.525917853417,-0.124098502619,-1.3899505,0.0776002066997,1.90662246844,0.154848543216,-0.00753047308323,-0.0737761591443,-0.000489409943794,-0.107903685275,-0.00793802788574,0.0358396456313,-0.0199044234656,0.574110779244,0.818762830313,0.00223332838334,0.0,0.818721952254,-0.574049591267,-0.011923865346,0.0,-0.00848093977772,0.00867426160585,-0.999926412715,0.0,0.657710527365,0.255661056756,0.303504153602,1.0,-0.01274,-0.016744,0.638
0.461988456901,0.524759977344,-0.124110292788,-1.39179566321,0.0774847938775,1.90728161925,0.154570883344,-0.0129960541389,-0.0617709609089,-0.00238483063264,-0.105550285401,-0.00243174225231,0.0364491351255,-0.0227165303625,0.574096690507,0.818772803936,0.0021982687754,0.0,0.818731483232,-0.574035660647,-0.0119400825642,0.0,-0.00851449414195,0.0086547203697,-0.999926296886,0.0,0.657502631844,0.255386386985,0.303492529085,1.0,-0.01306,-0.0171645714286,0.654
0.461822572724,0.523415774935,-0.124111020804,-1.39391403441,0.0773526743208,1.9080430343,0.154305499476,-0.0071362637423,-0.0689983768809,-0.00062313989081,-0.11093701166,-0.0104359774182,0.0455364936571,-0.0243095174512,0.574093765042,0.818774889928,0.00218528373798,0.0,0.818733368936,-0.57403275694,-0.0119503745477,0.0,-0.00853040639281,0.00864996677327,-0.999926202398,0.0,0.657241585922,0.255073431775,0.303495340705,1.0,-0.01344,-0.017664,0.673
0.4616687104,0.52220488764,-0.124120564499,-1.395855401,0.0772348557122,1.90880232436,0.154041101175,-0.00911053041986,-0.0728060223979,-0.000914184126441,-0.113279784369,-0.00261968557038,0.0463654494481,-0.0123667670639,0.574082612683,0.818782657737,0.00220456491502,0.0,0.818741457507,-0.574021598129,-0.011932206034,0.0,-0.00850457923296,0.00865520734631,-0.999926377049,0.0,0.657015722591,0.254784657696,0.303488461119,1.0,-0.01378,-0.0181108571429,0.69
0.46151460059,0.521030909913,-0.124120196298,-1.39774007996,0.0771100289064,1.90952364909,0.153781093497,-0.0093559046285,-0.0801301254954,-0.00032175440078,-0.118087534193,-0.0119982036471,0.0419924063741,-0.011927766695,0.57406285451,0.818796507423,0.00220576610545,0.0,0.818755411494,-0.574001927831,-0.0119209855844,0.0,-0.00849491091801,0.008649544479,-0.999926508234,0.0,0.656792219913,0.25450409675,0.303478678511,1.0,-0.0141,-0.0185314285714,0.706
0.461335212395,0.519656783507,-0.124123772977,-1.39991474814,0.0769779246335,1.91031628333,0.153493798203,-0.00899447222679,-0.0823948344918,-0.00125196347382,-0.122597219423,-0.00543502758828,0.0427629122973,-0.0143451218224,0.574057257883,0.818800452589,0.0021978203481,0.0,0.818759213896,-0.573996324124,-0.0119296459773,0.0,-0.00850662250335,0.00864795201759,-0.999926422443,0.0,0.656526804009,0.254176567824,0.303477390345,1.0,-0.01446,-0.0190045714286,0.724
0.461169962802,0.518391349371,-0.12412106784,-1.40186237316,0.07685033555,1.91100975171,0.153231819361,-0.012107856928,-0.075818498916,2.29564667829e-05,-0.122529279087,-0.00462867295141,0.0441648551228,-0.0134338210007,0.574044926605,0.818809080198,0.00220438763749,0.0,0.818767927471,-0.573983968218,-0.0119261089613,0.0,-0.00850008679828,0.0086511708025,-0.999926450179,0.0,0.656286367908,0.253881589978,0.303498608036,1.0,-0.01478,-0.0194251428571,0.74
0.460993134246,0.517113594551,-0.124126978025,-1.40387466046,0.0767286326862,1.91173157958,0.152941145011,-0.0143062090737,-0.0836662534319,0.00183098937178,-0.13055010676,-0.00930661329413,0.0445369821403,-0.0199365642875,0.574029604122,0.818819852148,0.00219322172381,0.0,0.818778504912,-0.57396864311,-0.0119374839177,0.0,-0.0085159722785,0.00864839847991,-0.999926338997,0.0,0.656040510078,0.253569384933,0.303500113681,1.0,-0.0151,-0.0198457142857,0.756
0.460801673848,0.51568780578,-0.12413087132,-1.40615256712,0.0765769613083,1.91259383365,0.15263709187,-0.00506480583193,-0.0821607544897,-0.00190656142624,-0.130831978836,-0.012629414778,0.0471650177693,-0.0144300675385,0.574019719731,0.818826785777,0.00219161013969,0.0,0.818785535396,-0.573958886194,-0.0119243820385,0.0,-0.00850627307435,0.00863945545361,-0.999926498863,0.0,0.655767743075,0.253223900347,0.303490741252,1.0,-0.01546,-0.0203188571429,0.774
0.460630983553,0.514448387461,-0.124128774334,-1.40811193978,0.0764584586421,1.91332155886,0.152371116508,-0.0141406320365,-0.08779883803,0.000448338812318,-0.134767919484,-0.00809226256516,0.0524213240763,-0.0172232340749,0.574011530585,0.818832508343,0.00219839401821,0.0,0.818791296208,-0.573950619664,-0.0119267071336,0.0,-0.00850436964493,0.00864625977164,-0.99992645624,0.0,0.655529588383,0.252927173248,0.303490049724,1.0,-0.01576,-0.0207131428571,0.789
0.46045173747,0.513152316617,-0.124136249589,-1.41024569392,0.0763321287942,1.91406872829,0.152071635827,-0.00721064004519,-0.0789547862167,-0.000382877627775,-0.134235232947,-0.00555467814625,0.0537678618937,-0.019926889823,0.573989832025,0.818847922209,0.00212130308071,0.0,0.81880557517,-0.573929108854,-0.011981443218,0.0,-0.0085936677521,0.0086143272217,-0.99992596838,0.0,0.655240621141,0.252579597762,0.303450428796,1.0,-0.0161,-0.02116,0.806
0.460218293723,0.511457100321,-0.124145456412,-1.41295096605,0.0761698098232,1.91505011564,0.151690473055,-0.0110635622668,-0.0898621443322,-0.00152950449883,-0.137946217659,-0.012840199762,0.0529833360061,-0.0239043245864,0.573979775583,0.818855036086,0.0020961871008,0.0,0.818812307856,-0.573919104932,-0.0120005165899,0.0,-0.00862380765563,0.00860460328213,-0.999925792619,0.0,0.654925475661,0.252182768985,0.303432898838,1.0,-0.01648,-0.0216594285714,0.825
0.460033381899,0.510164769619,-0.124140935769,-1.41498345134,0.0760435530499,1.91583030534,0.151396149576,-0.0140058541861,-0.0839765627244,-0.000143538611018,-0.132675270028,-0.0161230688624,0.050658573345,-0.0216130469646,0.573959173219,0.818869393468,0.00212857216925,0.0,0.81882708829,-0.573898370609,-0.0119835969627,0.0,-0.00859158209136,0.00862119394119,-0.999925927123,0.0,0.654682890749,0.251872632785,0.303437722471,1.0,-0.01678,-0.0220537142857,0.84
0.459818587667,0.508577802019,-0.124146890271,-1.4174941651,0.0758819549367,1.91673784665,0.151051746372,-0.0128548578193,-0.0855057442132,-4.3803794678e-05,-0.139997996297,-0.00656281362474,0.0484021991035,-0.0156797720541,0.573944122616,0.818879993071,0.00210901964036,0.0,0.818837450357,-0.573883420867,-0.0119914990446,0.0,-0.00860943300696,0.0086095604238,-0.999925873819,0.0,0.654370216606,0.251487025171,0.303432042519,1.0,-0.01714,-0.0225268571429,0.858
0.459605555818,0.507046280291,-0.124157435702,-1.41988980834,0.0757225675608,1.91760404657,0.150716884707,-0.0102476817307,-0.089965050615,-0.00149985349906,-0.140385443009,-0.0118826577436,0.0527551031785,-0.0206273125379,0.573932629962,0.818888059123,0.00210470694936,0.0,0.818845517908,-0.573872005394,-0.0119869148986,0.0,-0.00860827481438,0.00860327708463,-0.999925937871,0.0,0.654090962838,0.251135848883,0.303438074632,1.0,-0.01746,-0.0229474285714,0.874
0.459391601683,0.505565535204,-0.124161063315,-1.42220153003,0.0755798947207,1.91846841518,0.150408997578,-0.0128353951524,-0.100746551192,-0.000705086035734,-0.141957222413,-0.00590273876769,0.0566501176382,-0.0198749889235,0.57393950849,0.818883177774,0.00212806326554,0.0,0.818840971185,-0.57387881607,-0.0119714358216,0.0,-0.00858212221322,0.00861359122079,-0.99992607388,0.0,0.653794530621,0.250749224859,0.30344815811,1.0,-0.0178,-0.0233942857143,0.891
0.459155365932,0.503817162319,-0.124162525851,-1.42483190806,0.0754162782006,1.91947636676,0.150041080072,-0.0182265976473,-0.099147099365,0.000612359582512,-0.146518378045,-0.00607709178348,0.0532708710729,-0.021717475946,0.573924115425,0.818893685656,0.00223343408985,0.0,0.818852898634,-0.573863042285,-0.0119115909607,0.0,-0.00847280447005,0.00866537011904,-0.999926558776,0.0,0.653478761351,0.250346813951,0.303505038917,1.0,-0.01816,-0.0238674285714,0.909
0.458940219976,0.502233014976,-0.124171019331,-1.42716902072,0.0752686438309,1.92035004314,0.149705990364,-0.0136860751871,-0.0991182206907,-0.00101808653256,-0.144302734577,-0.00634816761758,0.0505731962002,-0.0262056817488,0.573911896923,0.81890196958,0.00233359985894,0.0,0.818862553502,-0.573850498536,-0.0118520337017,0.0,-0.00836667738386,0.00871308843742,-0.999927037738,0.0,0.653196667233,0.249980308522,0.303574686407,1.0,-0.01848,-0.024288,0.925
0.458719257618,0.50063305079,-0.124168796696,-1.42959654552,0.0751131792655,1.92119738044,0.149371658906,-0.0166742448197,-0.106664900025,0.00131018371975,-0.148657092835,-0.0105904854926,0.0589165195105,-0.0159776623479,0.573899120338,0.818910874913,0.00235064379023,0.0,0.818871615666,-0.573837589615,-0.0118509367896,0.0,-0.00835613412979,0.00872628568516,-0.999927010817,0.0,0.652886405066,0.24960291235,0.303609192477,1.0,-0.0188,-0.0247085714286,0.941
0.458458606336,0.49885061905,-0.124169590292,-1.43236352057,0.0749405048743,1.92221399699,0.148978088556,-0.0183040940658,-0.101033046379,0.00109071453254,-0.154367987383,-0.00933947364535,0.0574618130677,-0.0252642241452,0.573885105917,0.818920620913,0.0023767104387,0.0,0.818881666859,-0.573823440577,-0.0118415213527,0.0,-0.00833361430539,0.00874208565361,-0.999927060745,0.0,0.65254328672,0.249168725124,0.303623635058,1.0,-0.01916,-0.0251817142857,0.959
0.458220847816,0.497275420853,-0.124174253119,-1.43485134864,0.0747852737571,1.9231415596,0.148612813693,-0.017203178489,-0.103357650631,-4.29814154044e-05,-0.157495633248,-0.00977502323495,0.0562469801036,-0.0189960888449,0.573868462574,0.818932256174,0.00238628617781,0.0,0.818893424652,-0.573806760315,-0.0118367131985,0.0,-0.00832435937418,0.00874699887235,-0.999927094868,0.0,0.652237357631,0.248774463846,0.30361824407,1.0,-0.01948,-0.0256022857143,0.975
0.457958456674,0.495601083676,-0.124172859823,-1.43755597528,0.0746164689202,1.92406555759,0.148221863735,-0.0194405165841,-0.0994587127239,-0.000659744102424,-0.161735550154,-0.0164069387508,0.0461466213493,-0.0203984294592,0.573852949251,0.818943382525,0.00229690149884,0.0,0.818903215029,-0.573791418702,-0.0119029047254,0.0,-0.00843002499214,0.00871162472908,-0.999926518437,0.0,0.651885151613,0.248341142858,0.303577723325,1.0,-0.01982,-0.0260491428571,0.992
0.457677368695,0.49391377956,-0.124176090451,-1.44032764495,0.0744441103534,1.92504783463,0.147824563911,-0.013879742707,-0.0991130775547,-0.000306642520619,-0.171242847688,-0.00763713966957,0.0703743676736,-0.0218875039998,0.573853038528,0.818943564235,0.00220809224867,0.0,0.818902121638,-0.573791745319,-0.0119622356558,0.0,-0.00852957501974,0.00867294368693,-0.999926010462,0.0,0.651533245378,0.247888619891,0.303518957958,1.0,-0.023564,-0.0309698285714,1.009
0.457424365074,0.491922614345,-0.124251386073,-1.44334616288,0.0742719304722,1.92617905165,0.147391928616,-0.0148979073369,-0.137572156167,-0.00842003793833,-0.209495103327,-0.0107732270246,0.0884461806205,-0.0296798860783,0.573865418537,0.818934670334,0.00228780121578,0.0,0.818894460528,-0.573804001267,-0.0118986363741,0.0,-0.00843161869948,0.00870185122281,-0.999926590101,0.0,0.651166956349,0.247396970595,0.303568335304,1.0,-0.030284,-0.0398018285714,1.024
0.457028779727,0.489163336766,-0.12426414542,-1.44777124625,0.0740270352492,1.92781177994,0.146738349569,-0.0285862430783,-0.18025415295,-0.000807586264564,-0.281653000195,-0.01882231423,0.0942884634079,-0.0391019634348,0.573818785863,0.818967392923,0.00227095140419,0.0,0.818926647838,-0.573757116826,-0.0119441723972,0.0,-0.00847907644717,0.0087137008897,-0.999926085608,0.0,0.650601606807,0.246715067116,0.30352316663,1.0,-0.0379,-0.0498114285714,1.041
0.456456263932,0.485463788293,-0.124330716409,-1.45356037471,0.0736844617753,1.92999083299,0.145886580805,-0.0373170405814,-0.223396846552,-0.00541005819232,-0.339937339948,-0.0166920454234,0.130906081816,-0.0576375855574,0.573833189814,0.818957109169,0.0023389120283,0.0,0.818917342805,-0.57377134395,-0.011898630829,0.0,-0.00840262938557,0.00874337324331,-0.999926471919,0.0,0.649893714419,0.245758937096,0.303528740123,1.0,-0.045964,-0.0604098285714,1.059
0.455863865019,0.481596427711,-0.124429821332,-1.45963512312,0.073317572454,1.93211719952,0.144938447781,-0.043279311115,-0.256204496241,-0.00475981744447,-0.396761833633,-0.0224473367831,0.135635954334,-0.0573009665346,0.573812532643,0.818971806004,0.00225948082582,0.0,0.81893101805,-0.573751020204,-0.0119373947297,0.0,-0.00848017356146,0.00870035314473,-0.999926192532,0.0,0.649116890734,0.244732745309,0.303507976503,1.0,-0.053132,-0.0698306285714,1.075
0.45505545452,0.476515015392,-0.124528465251,-1.46755442534,0.0728453734551,1.93494703879,0.143776979759,-0.0495166137639,-0.303846605741,-0.00389348277689,-0.456471303726,-0.0212572870495,0.176334211925,-0.0637159243309,0.573852539662,0.818943806279,0.00224761702312,0.0,0.818902779069,-0.573790983464,-0.0119537704729,0.0,-0.00849996755905,0.00870044888153,-0.999926023634,0.0,0.648108725772,0.243395863649,0.303507185005,1.0,-0.061196,-0.0804290285714,1.093
0.454165406701,0.471103997773,-0.124599177353,-1.47591188937,0.0723485933244,1.93797278764,0.142561138056,-0.0532407930278,-0.330193315298,-0.00340147225051,-0.505706952166,-0.032167582077,0.182339445469,-0.0775791523172,0.573904824123,0.818906969465,0.00231842850565,0.0,0.818866670362,-0.573842774651,-0.0119412332822,0.0,-0.00844850837225,0.00875178371647,-0.999926011757,0.0,0.647043365611,0.241985717258,0.303535539707,1.0,-0.068812,-0.0904386285714,1.11
0.453226775699,0.465393586768,-0.124652083464,-1.48451630639,0.0718064917022,1.94119805958,0.141150038177,-0.0606678515196,-0.367460160561,-0.00658611886819,-0.556048939653,-0.0330431122255,0.198592173712,-0.089049835496,0.573818052682,0.818966954038,0.00259181623777,0.0,0.818930384678,-0.573755144241,-0.0117816131753,0.0,-0.00816184109719,0.00888319042724,-0.999927233991,0.0,0.64596190594,0.240537126149,0.303662178463,1.0,-0.07598,-0.0998594285714,1.126
0.452016890447,0.458378474782,-0.124703161779,-1.49538185709,0.0711052725899,1.94491336778,0.139519030803,-0.0717395850112,-0.413210433367,-0.00691751570912,-0.618566624072,-0.0410272691115,0.214339067735,-0.0914626761521,0.573826055779,0.818961711155,0.00247391862328,0.0,0.818923226065,-0.573763180969,-0.0118873410602,0.0,-0.00831599386564,0.00884738579386,-0.999926281288,0.0,0.644503774218,0.238675976585,0.30364543907,1.0,-0.084044,-0.110457828571,1.144
0.450824440115,0.451553889448,-0.124809217824,-1.50578657137,0.0703974474779,1.94856394872,0.137843740223,-0.0800264481386,-0.448041071726,-0.00786963711762,-0.647382386305,-0.0426204393322,0.245267735035,-0.10539968738,0.573791717268,0.818985692169,0.0024996237422,0.0,0.818947861056,-0.573729089083,-0.0118355444877,0.0,-0.00825919375685,0.0088383690795,-0.999926831798,0.0,0.643131632243,0.236843215747,0.303701199883,1.0,-0.091212,-0.119878628571,1.16
0.44954905195,0.444188841274,-0.124879819214,-1.51677855174,0.0696688165837,1.95264042546,0.136178122781,-0.0827484699443,-0.46607818706,-0.00154046234762,-0.708722824259,-0.0414210508659,0.245299312892,-0.109133675283,0.573821353022,0.818963756808,0.00285775279259,0.0,0.818930966749,-0.573757876465,-0.0116067995223,0.0,-0.00786604141328,0.0090007049548,-0.999928553799,0.0,0.641702932283,0.234944010033,0.303871552451,1.0,-0.09838,-0.129299428571,1.176
0.447947962299,0.435457053261,-0.124920851666,-1.53023582431,0.0687545095025,1.95722899278,0.134000118831,-0.0918957655522,-0.501969207066,-0.0067095639371,-0.76066351023,-0.0576312896298,0.262429739861,-0.123525234013,0.573721713398,0.819034003102,0.00272841337256,0.0,0.81899918777,-0.573658301617,-0.011714534509,0.0,-0.00802957970623,0.00895562356968,-0.999927658711,0.0,0.639836644776,0.232593133182,0.303832822576,1.0,-0.106444,-0.139897828571,1.194
0.446272039949,0.426578825122,-0.124953452391,-1.54360707003,0.0678213464914,1.96199995213,0.131824304647,-0.100016124582,-0.526820068321,-0.000274251952618,-0.786909634997,-0.0563930431682,0.277855538425,-0.133977120978,0.573661611816,0.81907531757,0.00295401039738,0.0,0.819043582857,-0.573597616785,-0.0115814636786,0.0,-0.00779182773337,0.00906347888076,-0.999928567834,0.0,0.638131127146,0.2303726608,0.303940582176,1.0,-0.113612,-0.149318628571,1.21
0.444537982985,0.417794748157,-0.125042567986,-1.55698025207,0.066879742916,1.96651740883,0.129616751804,-0.111256553527,-0.558360304705,-0.00864030408984,-0.840646433872,-0.0554779184384,0.289759283868,-0.137745397606,0.573636196065,0.819093502994,0.00284513941667,0.0,0.819060356668,-0.573572565593,-0.0116357653169,0.0,-0.0078990379397,0.00900521043829,-0.999928253118,0.0,0.636137708849,0.227777599536,0.30392522128,1.0,-0.121228,-0.159328228571,1.227
0.442800054978,0.409117930326,-0.125135389509,-1.57002482793,0.0659569856518,1.97111493456,0.127455514166,-0.124623111821,-0.582238576819,-0.00477685297053,-0.871292281613,-0.0604704985087,0.301472402434,-0.148847469101,0.57363925639,0.819090797611,0.00300261524233,0.0,0.819060004049,-0.573575472844,-0.0115166670726,0.0,-0.00771111802387,0.00906590893502,-0.999929171469,0.0,0.634326414345,0.225375834248,0.30399106086,1.0,-0.127948,-0.168160228571,1.242
0.44060782264,0.398816042461,-0.125235217797,-1.5855802818,0.0649195631609,1.97634187333,0.124829851147,-0.136291790892,-0.621464346295,-0.00685399493325,-0.906990908007,-0.0635708599983,0.329560725297,-0.15723740429,0.57369527147,0.819051607187,0.00299118017271,0.0,0.819019985876,-0.573630720752,-0.0116105920021,0.0,-0.00779399125983,0.00911095348748,-0.99992811953,0.0,0.632094956079,0.22244561483,0.303992917971,1.0,-0.135564,-0.178169828571,1.259
0.438257856277,0.388077848379,-0.12537236539,-1.60175204817,0.0636901855247,1.98187375333,0.122060365939,-0.14892229325,-0.643783948858,-0.0111974098406,-0.974085002977,-0.0764413923111,0.330679851534,-0.169461802039,0.573735476705,0.819023426873,0.00299598147047,0.0,0.818992531296,-0.573671682705,-0.0115230657612,0.0,-0.00771909969289,0.00906505260617,-0.999929117648,0.0,0.629778254409,0.21933093317,0.303994896537,1.0,-0.14318,-0.188179428571,1.276
0.435743354489,0.376789575734,-0.125481947187,-1.61855435683,0.0624428513993,1.98742344924,0.1190310566,-0.147702644699,-0.672307328682,-0.00482731913099,-1.00863184696,-0.0677699469606,0.328827525353,-0.180184927655,0.573674128674,0.819066422135,0.00298950198569,0.0,0.819035399126,-0.573610312041,-0.0115313399396,0.0,-0.00773027301158,0.00906391385274,-0.999929041655,0.0,0.627291429739,0.216077332365,0.304035311045,1.0,-0.150796,-0.198189028571,1.293
0.432795188987,0.364433133115,-0.1256364045,-1.63691924128,0.0610528565089,1.9935265202,0.11578189135,-0.171952352135,-0.70046480482,-0.0117571679502,-1.00585300644,-0.0722816188283,0.352140129603,-0.189432536362,0.573813426397,0.818968755792,0.0030125776696,0.0,0.818938266671,-0.573749795877,-0.0114906054836,0.0,-0.007682128958,0.00906075328646,-0.999929441333,0.0,0.624572806104,0.212392477872,0.30405902236,1.0,-0.15886,-0.208787428571,1.311
0.429822109665,0.352316871478,-0.125788021926,-1.65497557628,0.0596691264188,1.99941082738,0.11243386431,-0.181899605671,-0.712270615901,-0.0114090528538,-1.08189228037,-0.0702015280651,0.340588358561,-0.201384924347,0.573852852388,0.818941480756,0.00291578545752,0.0,0.818909739953,-0.573789524191,-0.0115397851208,0.0,-0.00777751130527,0.00901007719017,-0.999929161904,0.0,0.621830334212,0.208734009045,0.304013291273,1.0,-0.166476,-0.218797028571,1.328
0.426641371113,0.339624611359,-0.125928862543,-1.6734364975,0.0582817283706,2.00543636755,0.108953522255,-0.187703085903,-0.764381215277,-0.00319247395498,-1.10451715301,-0.0891888636756,0.353718012619,-0.209375362482,0.57393255406,0.818884899604,0.00311311596534,0.0,0.818855516497,-0.573868367654,-0.0114667610732,0.0,-0.00760358510541,0.00913051544195,-0.999929407099,0.0,0.618998330584,0.204945206665,0.304125925844,1.0,-0.174092,-0.228806628571,1.345
0.423313513236,0.326677928975,-0.126004640696,-1.69243474491,0.0567178678129,2.01151585812,0.10522882906,-0.197648261335,-0.775546421465,-0.0013349858772,-1.11026456675,-0.101000301223,0.37086200999,-0.221158615538,0.573811476923,0.818969920101,0.0030668913596,0.0,0.818940144591,-0.573747692555,-0.0114617523599,0.0,-0.00762735542376,0.00908866048813,-0.999929607372,0.0,0.615992766362,0.201050325112,0.304111967568,1.0,-0.181708,-0.238816228571,1.362
0.419755883812,0.313276707287,-0.126053946188,-1.71205560593,0.0551046239065,2.01760947343,0.101370268878,-0.208572993607,-0.801725017737,-0.00581974730158,-1.14930945021,-0.0936052769455,0.36168663965,-0.244141719101,0.573720367985,0.819034299943,0.00291578083111,0.0,0.819002229753,-0.573656675722,-0.0115807150367,0.0,-0.007812496109,0.00903229699425,-0.999928688715,0.0,0.61279949718,0.196989555546,0.304054764688,1.0,-0.189324,-0.248825828571,1.379
0.416170147473,0.300245588806,-0.12615318094,-1.73079147663,0.0535054974273,2.02350174977,0.0974773605053,-0.228449116087,-0.840562014308,-0.00312601090004,-1.18530079422,-0.0999346615301,0.369570947303,-0.242522724076,0.573605725652,0.819114293932,0.00299864572862,0.0,0.819083706516,-0.573542261702,-0.0114848884779,0.0,-0.00768773427592,0.00904411377453,-0.999929548892,0.0,0.609753024525,0.192993296494,0.304112978122,1.0,-0.196492,-0.258246628571,1.395
0.412100622917,0.285982413817,-0.126303277703,-1.75113698763,0.0518849477304,2.02971377315,0.0932970331189,-0.239836552719,-0.842910890326,-0.00772661834362,-1.21276325292,-0.10318254888,0.365841248052,-0.251819447635,0.573703843139,0.819045164768,0.0031089128388,0.0,0.819015278555,-0.573639161744,-0.0115252986483,0.0,-0.0076564933868,0.00915853157262,-0.999928747166,0.0,0.606370932717,0.18856425553,0.304181265693,1.0,-0.204108,-0.268256228571,1.412
