position_joint1,position_joint2,position_joint3,position_joint4,position_joint5,position_joint6,position_joint7,velocity_joint1,velocity_joint2,velocity_joint3,velocity_joint4,velocity_joint5,velocity_joint6,velocity_joint7,ee_T_00,ee_T_10,ee_T_20,ee_T_30,ee_T_01,ee_T_11,ee_T_21,ee_T_31,ee_T_02,ee_T_12,ee_T_22,ee_T_32,ee_T_03,ee_T_13,ee_T_23,ee_T_33,v_x,v_y,time
0.465066269718,0.547792475069,-0.123997492708,-1.35584164127,0.0795272909138,1.8941095945,0.159142983937,0.000199115435596,-0.00127809352972,0.00442365011018,-0.000412328548667,-0.000299371075817,3.7996833856e-05,-0.000981856298018,0.573812607195,0.818972555023,0.00194752255541,0.0,0.818929170169,-0.573753843676,-0.0119284540096,0.0,-0.00865184448071,0.00843974281644,-0.999926955496,0.0,0.661679064387,0.260884237583,0.303203403253,1.0,0.0,0.0,0.0
0.465061285309,0.547793118394,-0.123997729444,-1.35583936521,0.0795269354935,1.89411008815,0.159147427322,-0.000692263152054,-0.000431928475932,-0.00345954106625,8.50106934954e-05,-0.000377411216017,4.84459194148e-05,-0.00715905378956,0.573820279672,0.818967175923,0.00194892245019,0.0,0.818923817628,-0.573761517483,-0.0119268134414,0.0,-0.00864961855135,0.00844002893441,-0.999926972339,0.0,0.661681042611,0.260881040584,0.303204080843,1.0,-0.0002,-0.000262857142857,0.011
0.465065864969,0.547785970774,-0.123999869188,-1.35584231357,0.0795272909138,1.89410813043,0.159151381443,7.19008876532e-05,-0.0020704904391,-0.000690838230013,-0.00164017366654,-0.000376135772286,-0.000456964714786,0.00164558227454,0.573821491108,0.818966322594,0.00195082017322,0.0,0.818922991494,-0.573762723267,-0.0119255311298,0.0,-0.00864746696974,0.00844086006003,-0.999926983933,0.0,0.661679442571,0.260882501664,0.303207642476,1.0,-0.00054,-0.000709714285714,0.028
0.465063080859,0.547775565475,-0.124000601239,-1.35586296175,0.0795271724403,1.89411395252,0.15914421764,-0.000819173979899,-0.00240689991663,-0.000518158531612,-0.00187515999154,-0.000142184372445,0.000319067672524,-0.0013368890609,0.573819534187,0.818967701557,0.0019475349989,0.0,0.818924317915,-0.573760770788,-0.0119283834864,0.0,-0.00865170819727,0.00843978571841,-0.999926956313,0.0,0.661677045596,0.260878296711,0.303205716016,1.0,-0.00088,-0.00115657142857,0.045
0.465067886687,0.547684350266,-0.123995773046,-1.35595398668,0.0795282586121,1.89412938012,0.159149319908,0.000136171686729,-0.00751370796878,0.000199280840421,-0.00890250556128,0.000312753397389,0.00488255483473,0.00166897216836,0.573821607361,0.818966202174,0.00196711025207,0.0,0.818922966308,-0.573762657238,-0.0119304364331,0.0,-0.00864213619852,0.00845701679704,-0.999926893502,0.0,0.661659245997,0.260875891497,0.303228191784,1.0,-0.0012,-0.00157714285714,0.061
0.46505984018,0.547549196652,-0.123995744778,-1.35613595889,0.079523916902,1.89416480365,0.159146071059,-1.27669115261e-05,-0.013337532239,-0.000257140742857,-0.0145651687105,-0.000458642150672,0.00299749671177,0.00278929314159,0.57383430764,0.818957314197,0.00196260002812,0.0,0.818913916731,-0.573775274226,-0.0119448136374,0.0,-0.00865636778765,0.0084617072536,-0.999926730719,0.0,0.661630497021,0.260852458014,0.303240389701,1.0,-0.00154,-0.002024,0.078
0.465043833806,0.547413508689,-0.124000899438,-1.35634727378,0.0795204486814,1.89426710663,0.159129378035,-0.00155630548417,-0.0069915105267,-0.000416833766779,-0.0165601914717,-0.000315307558845,0.0100713711114,-0.00175193459172,0.573848437244,0.81894735242,0.00198794814961,0.0,0.818904259302,-0.573789270797,-0.0119345597765,0.0,-0.00863327902951,0.00847673088726,-0.999926803084,0.0,0.661611588092,0.260821972742,0.303244978721,1.0,-0.00188,-0.00247085714286,0.095
0.465028252718,0.547218496029,-0.124000277518,-1.35655343505,0.0795203372398,1.89438430584,0.159123183775,-0.001822082081,-0.0133822248547,4.15536993533e-05,-0.0101116876121,0.000173218413706,0.0087572623995,-0.0020661974155,0.573867380153,0.818933837232,0.00208497810427,0.0,0.818891955312,-0.573807760489,-0.011889761527,0.0,-0.00854071584966,0.00853068233681,-0.999927139161,0.0,0.661596777619,0.260798073768,0.303295145073,1.0,-0.00222,-0.00291771428571,0.112
0.46501012891,0.547012242938,-0.124003484234,-1.35681862341,0.0795168630112,1.89450769771,0.159117929071,-0.00039916727264,-0.00805149520013,-0.00137899246941,-0.0135274915296,-0.00115699805413,0.00909648069792,0.000672008469856,0.573894197828,0.818914887754,0.00214551048793,0.0,0.818873736478,-0.573834273584,-0.0118649512466,0.0,-0.00848538113586,0.00856629379552,-0.999927305817,0.0,0.661571675515,0.260763283266,0.30332582894,1.0,-0.00256,-0.00336457142857,0.129
0.464975778665,0.54678257574,-0.123994106475,-1.3571769687,0.0795086016025,1.89463558667,0.159098540541,-0.00323306897113,-0.0160537617041,0.00172028755344,-0.0285063804025,-8.26334716617e-05,0.00833409861041,-0.00312302865258,0.573917737596,0.818898367721,0.00215423255302,0.0,0.818857156891,-0.573857600687,-0.0118809782574,0.0,-0.00849325449921,0.00858287815257,-0.999927096758,0.0,0.661528304564,0.260713809491,0.303328711023,1.0,-0.0029,-0.00381142857143,0.146
0.46494234481,0.546520652532,-0.124001966158,-1.35754821562,0.0795027427558,1.8947752957,0.159003848867,-0.0022476184861,-0.0159748363871,-0.00103458004347,-0.0213603363618,0.000203786086245,0.00984875005732,-0.0122240281179,0.573892267764,0.8189161272,0.00218826748817,0.0,0.818875250606,-0.573831887615,-0.0118758411282,0.0,-0.0084697832302,0.00860753720622,-0.999927083879,0.0,0.661488747182,0.260655053763,0.303349884077,1.0,-0.00322,-0.004232,0.162
0.464900912662,0.546233268179,-0.12399840542,-1.35800651564,0.0794933985405,1.89493899045,0.158921443765,-0.000188496896812,-0.0221615175047,-0.000444283066384,-0.0245190398666,0.000201278601227,0.0088284452664,-0.00261544651084,0.573888476672,0.818918777753,0.00219059075493,0.0,0.818877720576,-0.573827873471,-0.0118994652209,0.0,-0.00848783689724,0.00862295795162,-0.999926797931,0.0,0.661431877455,0.260580169115,0.303347365456,1.0,-0.00358,-0.00470514285714,0.18
0.464847782758,0.545927846306,-0.123996334001,-1.35853818104,0.0794731157213,1.89512206862,0.158889970333,-0.00354720496003,-0.0204828832624,0.00131698356072,-0.029769676141,-0.000167332591877,0.0142841477815,-0.00226808082602,0.573919981147,0.818896773915,0.00216236305189,0.0,0.81885522355,-0.573859361002,-0.0119291054314,0.0,-0.00852797786428,0.00861718015198,-0.999926506199,0.0,0.661371289665,0.260504770455,0.303328334828,1.0,-0.0039,-0.00512571428571,0.196
0.464783738938,0.545600132847,-0.124001345434,-1.35909627388,0.07942124439,1.89530738892,0.158800987417,-0.0016648872243,-0.0221579314683,-0.00148074824483,-0.0363832586354,-7.52368968527e-07,0.0106364002928,-0.0065793808096,0.573920393732,0.818896614414,0.00211269043989,0.0,0.818854566309,-0.57386012699,-0.0119373693754,0.0,-0.00856324743142,0.00858125116161,-0.999926513761,0.0,0.661309437572,0.260401740093,0.303310886198,1.0,-0.00422,-0.00554628571429,0.212
0.464722073947,0.545207867239,-0.124005179321,-1.35978728096,0.0793278479469,1.89551209975,0.158714164949,-0.00686679895933,-0.0227367596301,0.00034987528961,-0.0383336903019,-0.00108750581624,0.0158511378141,-0.00419573961601,0.573913112867,0.818901976941,0.00200946339533,0.0,0.818858949625,-0.573853637747,-0.0119486386242,0.0,-0.00863179210049,0.00850311118376,-0.999926591938,0.0,0.661218716035,0.260278697184,0.303279730288,1.0,-0.00458,-0.00601942857143,0.23
0.464650203623,0.544754207616,-0.124002265717,-1.36053753806,0.0793107017126,1.89577137725,0.158652022836,-0.00437691133032,-0.0281724024183,-0.00306708982894,-0.0436138204031,-0.00253764487579,0.012467730526,-0.00226553348033,0.573959147984,0.818869766446,0.00198719562955,0.0,0.818826184805,-0.573899501252,-0.0119911818008,0.0,-0.00867893275628,0.00850978014515,-0.999926127155,0.0,0.661134149988,0.260166510002,0.303263824815,1.0,-0.00492,-0.00646628571429,0.247
0.46458431931,0.544334582477,-0.12400980139,-1.36123956114,0.0792877435321,1.89603293459,0.158543807968,-0.00309625579095,-0.0229352748367,0.00238141284855,-0.0468151450473,-0.00456983536813,0.015212570374,-0.00915787968048,0.573962880757,0.818867174068,0.00197728322772,0.0,0.818823315269,-0.57390313089,-0.0120133936948,0.0,-0.0087027722661,0.00851445159005,-0.999925880188,0.0,0.661056049451,0.260054797589,0.303249592703,1.0,-0.00524,-0.00688685714286,0.263
0.464511046186,0.543831501871,-0.124008794675,-1.36204772826,0.0792506332904,1.89631933468,0.158424546389,-0.00457357826426,-0.0297468777196,-0.000665609824842,-0.0443424576322,-0.0076143008066,0.0180729271715,-0.0160139878202,0.573959624928,0.818869478493,0.00196800572781,0.0,0.818825358039,-0.57389977781,-0.0120343243693,0.0,-0.00872527085886,0.00851883330989,-0.9999256468,0.0,0.660961336423,0.259931047586,0.30324569933,1.0,-0.00558,-0.00733371428571,0.28
0.46443093799,0.54329538202,-0.12401373714,-1.36289937732,0.0792070963396,1.89661064612,0.158351646891,-0.00208547655562,-0.0323645102776,-0.00351297842237,-0.0530777635639,-0.0037412443021,0.0179537516611,-0.0142700111597,0.574004670585,0.818837945405,0.00195043904376,0.0,0.818793509351,-0.573944809535,-0.0120536946019,0.0,-0.0087507466359,0.00851604778904,-0.999925447903,0.0,0.660861841144,0.259793906316,0.303245037697,1.0,-0.00592,-0.00778057142857,0.297
0.46436508051,0.542761229187,-0.12401927476,-1.36373722748,0.0791580060067,1.89690638301,0.158229426648,-0.00306968434532,-0.0327682169605,-0.000845509871356,-0.0548036908619,-0.00361782378426,0.0118860923979,-0.000821219959598,0.573995837371,0.818844153968,0.00194347489194,0.0,0.818799611442,-0.573935992522,-0.0120590087195,0.0,-0.00875918724303,0.00851330120159,-0.999925397388,0.0,0.660762976727,0.259666860097,0.30324988063,1.0,-0.00624,-0.00820114285714,0.313
0.464279995724,0.542136782867,-0.12401729316,-1.36471049241,0.0791012680166,1.89726425017,0.158087408658,-0.00896614828563,-0.0332107111912,-0.000517819876015,-0.0543560446259,-0.00237403005823,0.0128990885125,-0.00648018043539,0.573986782271,0.818850479391,0.00195271101575,0.0,0.818806015302,-0.573926857458,-0.012058959059,0.0,-0.00875393965008,0.00852073868427,-0.999925379992,0.0,0.660651230229,0.259519565017,0.303259196021,1.0,-0.0066,-0.00867428571429,0.331
0.464199034918,0.541502195434,-0.124018290569,-1.36567151195,0.0790394815403,1.89762295395,0.157961097278,-0.00640022669654,-0.0378744727999,0.000284365527018,-0.054168974847,-0.00773326987361,0.0202559105815,-0.00656740224484,0.57398720629,0.818850121653,0.00197792470828,0.0,0.818806025056,-0.573927209857,-0.0120415123211,0.0,-0.00872517700657,0.00853137494034,-0.999925540692,0.0,0.660542476621,0.259374107014,0.303281579292,1.0,-0.00694,-0.00912114285714,0.348
0.464108331877,0.540881431569,-0.124012712923,-1.3666482746,0.0789937205544,1.89798487332,0.157847217105,-0.00548606305821,-0.0363436390121,0.00156025049433,-0.0641351343288,-0.00240712942329,0.0201661691987,-0.00732950639717,0.574006297667,0.81883670734,0.00199094272662,0.0,0.818792623409,-0.573946088825,-0.0120529612094,0.0,-0.00872688129892,0.00854880944901,-0.999925376916,0.0,0.660430323029,0.259226789419,0.303286707234,1.0,-0.00726,-0.00954171428571,0.364
0.464032073426,0.540153138374,-0.124026488561,-1.36775493675,0.078920057384,1.89838758871,0.1577097321,-0.00644413261103,-0.0436114904667,0.000626713594873,-0.0653457535371,-0.0111857060887,0.0255706500715,-0.00681884971793,0.574007370775,0.818835921079,0.0020048811048,0.0,0.818792134269,-0.573947214909,-0.0120325499735,0.0,-0.00870215575761,0.00854851783821,-0.999925594896,0.0,0.66030119863,0.25906205148,0.303310038217,1.0,-0.0076,-0.00998857142857,0.381
0.463918554621,0.539404133735,-0.124026908049,-1.36890329558,0.0788550572434,1.89881981871,0.157566255349,-0.00886880349332,-0.0461807058699,-0.00113017425488,-0.0688465805854,-0.00278631168449,0.0210329137587,-0.0102261476048,0.57402933121,0.81882045257,0.00203476412815,0.0,0.818777021414,-0.573969011347,-0.012021236204,0.0,-0.00867550954446,0.0085667252266,-0.999925670614,0.0,0.660174760213,0.258879188396,0.303330180817,1.0,-0.00794,-0.0104354285714,0.398
0.463814915354,0.538656268336,-0.124029363696,-1.37008942566,0.0787921675025,1.89928108576,0.157411184407,-0.0108138105579,-0.0461835062597,0.000476813467224,-0.0698540666543,-0.00424550777968,0.0273470632799,-0.0142826964944,0.574037854753,0.818814421828,0.00205689523808,0.0,0.818771231103,-0.573977392143,-0.0120154620252,0.0,-0.00865798891963,0.00858162191398,-0.999925694736,0.0,0.660042895779,0.258699486341,0.303334017074,1.0,-0.00828,-0.0108822857143,0.415
0.463708656975,0.53786667713,-0.124036003028,-1.37130828777,0.0787246642945,1.89975266933,0.157273416738,-0.00696628038829,-0.0392308665505,0.000651005830166,-0.0743922755223,-0.00466890164209,0.032366098157,-0.00914433189928,0.574066050067,0.81879456199,0.00209339856069,0.0,0.818751847026,-0.574005429754,-0.0119969373197,0.0,-0.00862157088941,0.00860117395742,-0.999925841411,0.0,0.659908252337,0.258512259668,0.303352634508,1.0,-0.00862,-0.0113291428571,0.432
0.463586526737,0.536989402256,-0.124039352803,-1.37267160518,0.0786408414932,1.90025638884,0.157094727373,-0.00876001737444,-0.048638217801,-0.000792643242788,-0.0750881609303,8.15655920853e-05,0.0320565509397,-0.0169483544596,0.574074752811,0.818788426634,0.00210653658894,0.0,0.818745898572,-0.574014091998,-0.0119884386148,0.0,-0.0086069788149,0.00860714384098,-0.999925915751,0.0,0.659752816695,0.258300033425,0.303366919851,1.0,-0.00898,-0.0118022857143,0.45
0.463481514139,0.5362549957,-0.124042470057,-1.37383519431,0.0785778942004,1.90069104906,0.156952593273,-0.0073797911349,-0.0438332722839,1.48779479405e-05,-0.0809135873634,-0.000662879968329,0.0301190982627,-0.00949843414928,0.574093768202,0.818775076053,0.0021135392179,0.0,0.818732581127,-0.574033017545,-0.0119917584265,0.0,-0.00860547730484,0.00861498306675,-0.999925861165,0.0,0.659620241203,0.258119769887,0.303369291771,1.0,-0.00928,-0.0121965714286,0.465
0.463360165319,0.535368251701,-0.124046065555,-1.37524404377,0.078496777243,1.90119543311,0.156791778103,-0.00819857281883,-0.0543641326334,0.000422240860641,-0.084711440169,-0.00263237246112,0.027869068955,-0.0071699039122,0.574119556491,0.818757030138,0.00209937027797,0.0,0.818714290453,-0.574058801963,-0.0120062232522,0.0,-0.00862518376797,0.00861195782306,-0.999925717435,0.0,0.659453698462,0.257903154409,0.303368351101,1.0,-0.00962,-0.0126434285714,0.482
0.463237863017,0.534467135587,-0.124051230746,-1.37670460692,0.0784158151142,1.90172739666,0.15660810621,-0.014474175822,-0.0522554385528,-0.000837415470123,-0.0902058119149,-0.00757865048239,0.0371523172032,-0.0106272409941,0.574131357096,0.818748810752,0.00207764102364,0.0,0.818705711202,-0.574070616626,-0.0120263241705,0.0,-0.00865399256495,0.00860583207771,-0.99992552126,0.0,0.659281256918,0.257680958749,0.303355217579,1.0,-0.00996,-0.0130902857143,0.499
0.463117748041,0.533601141264,-0.124057421304,-1.37809002097,0.0783386955913,1.90222988421,0.156428072708,-0.00503082381594,-0.053533314722,-0.00115767429209,-0.0875893370465,-0.00275341493927,0.0357071450262,-0.0140177659217,0.574141806482,0.818741515655,0.00206482303681,0.0,0.818698183706,-0.574081054464,-0.0120405067368,0.0,-0.008672853928,0.00860359080452,-0.999925377131,0.0,0.659118590801,0.257466712635,0.303350375388,1.0,-0.01028,-0.0135108571429,0.515
0.462990352039,0.532658561886,-0.124055587498,-1.37962392063,0.0782572316398,1.90281302892,0.156240682323,-0.00826837664667,-0.0609153183318,-0.000319475861311,-0.0906048642803,-0.00010389719088,0.0343121619529,-0.0114816781929,0.574153580346,0.81873326577,0.00206218299766,0.0,0.818689784916,-0.574092724626,-0.012055144414,0.0,-0.00868623073649,0.00860995825009,-0.99992520621,0.0,0.65893938304,0.25724048452,0.303335438181,1.0,-0.01062,-0.0139577142857,0.532
0.462851145782,0.531622902149,-0.124055667505,-1.38127144344,0.0781624837327,1.90341373261,0.156030866342,-0.00894406529793,-0.0522325184876,-0.000892060633643,-0.0933904171964,-0.00472108773822,0.0319953161952,-0.0108847954207,0.57416024393,0.818728611547,0.00205470807882,0.0,0.818684950963,-0.574099338089,-0.0120684702193,0.0,-0.00870136284632,0.00861156018695,-0.99992506085,0.0,0.658743418088,0.256992181398,0.303333381539,1.0,-0.01098,-0.0144308571429,0.55
0.462742821302,0.530787206816,-0.124055670541,-1.38263105434,0.0780704018917,1.90388670397,0.155854341816,-0.0071732282017,-0.0568247237895,-0.00132430142712,-0.0973443864875,-0.00670515161871,0.0307670172285,-0.0141556605741,0.574153512492,0.818733453261,0.00200586782392,0.0,0.818689172479,-0.574092836278,-0.0120913647368,0.0,-0.00874821888772,0.00858464708439,-0.999924883429,0.0,0.658575358057,0.256787626322,0.30331614051,1.0,-0.01126,-0.0147988571429,0.564
0.462591963212,0.529701539255,-0.124054109016,-1.38436909677,0.0779709727186,1.90452266279,0.155628071072,-0.0071905450182,-0.0609358114746,-0.000812989945694,-0.0982227309675,-0.00365701679481,0.0366175981923,-0.0137181549103,0.574154620079,0.818732693433,0.00199896167838,0.0,0.818688228832,-0.574093882092,-0.0121055945285,0.0,-0.00876382307459,0.00858717475304,-0.999924725084,0.0,0.658357874282,0.25651195678,0.303310678407,1.0,-0.01164,-0.0152982857143,0.583
0.462441759545,0.528483984207,-0.124054217648,-1.38623231175,0.0778438127685,1.9052340198,0.155367240663,-0.00929427779132,-0.0594426862838,0.0013484189996,-0.0980207806323,-0.00520964763618,0.0386733900434,-0.017822001257,0.574134791669,0.818746491937,0.00204201770417,0.0,0.818702726578,-0.574074003915,-0.0120677430962,0.0,-0.00870832070826,0.0086004822165,-0.999925095623,0.0,0.658152272567,0.256247790993,0.303341000401,1.0,-0.012,-0.0157714285714,0.601
0.462304627813,0.527432175202,-0.124063781874,-1.38786205993,0.077748828116,1.90586495947,0.15514326614,-0.00756471831001,-0.0655587272103,-0.00109834519325,-0.101003414195,-0.00227024464037,0.0459680177059,-0.015956850105,0.574133263235,0.818747453719,0.00208565970422,0.0,0.818704292974,-0.574072323502,-0.01204138511,0.0,-0.00866170065021,0.00862106426281,-0.999925323308,0.0,0.657966696271,0.25599976965,0.303360716232,1.0,-0.01232,-0.016192,0.617
0.462150983939,0.526280035566,-0.124057423692,-1.38966670505,0.0776388301664,1.90654124281,0.15490612312,-0.00731971088596,-0.0694100732963,0.000309072551095,-0.107634498564,-0.0059542465246,0.040703461563,-0.0158583878864,0.574128278878,0.818750896333,0.00210619252953,0.0,0.818707965231,-0.574067214432,-0.0120352765936,0.0,-0.0086449638625,0.00863431547407,-0.999925353812,0.0,0.657752724158,0.255731401373,0.303370940683,1.0,-0.01266,-0.0166388571429,0.634
0.462002947669,0.525156628523,-0.124067922518,-1.39139765382,0.0775249915225,1.90715687093,0.154667676728,-0.00720373190096,-0.0674612390682,0.000243182456225,-0.107343534942,-0.0127433833847,0.0443675930437,-0.00965271460825,0.574124013443,0.818753885548,0.00210689083767,0.0,0.818711035674,-0.574063018626,-0.0120265378427,0.0,-0.00863745277198,0.00862982510474,-0.999925457486,0.0,0.657545244214,0.25546061395,0.303390986281,1.0,-0.01298,-0.0170594285714,0.65
0.461872741255,0.524112980771,-0.124074153045,-1.39306176654,0.077420989245,1.90775274813,0.15443491084,-0.00900433391991,-0.070808738265,0.000141319735291,-0.113703972516,-0.0148396052665,0.0410847365622,-0.0139495779153,0.574110485567,0.818763431296,0.00208346706863,0.0,0.818720270945,-0.574049586912,-0.0120389622509,0.0,-0.00866121538691,0.00861763710272,-0.999925357054,0.0,0.657328823152,0.255191246085,0.303382891684,1.0,-0.0133,-0.01748,0.666
0.461706829182,0.522827315602,-0.124080817184,-1.39509452047,0.0773033555832,1.90853898588,0.154174053736,-0.00897665842825,-0.0704103212797,-0.000828459857297,-0.116752889064,-0.0131886203741,0.0476740698414,-0.0126077812484,0.574110347927,0.818763446177,0.00211530359937,0.0,0.818720702408,-0.574049315689,-0.0120225416151,0.0,-0.0086294951654,0.00863427463482,-0.999925487781,0.0,0.657103505482,0.254908159573,0.303389288305,1.0,-0.01364,-0.0179268571429,0.683
0.461540793279,0.521587710699,-0.12408374633,-1.39705548464,0.0771865920177,1.90931035455,0.153901266107,-0.00587619091222,-0.0718859760325,-0.000263417511803,-0.119648679589,-0.00312252190434,0.0529871691695,-0.0166161029701,0.574098787643,0.818771446518,0.00215575863471,0.0,0.818729259513,-0.574037616562,-0.0119983870056,0.0,-0.00858661545487,0.00865340870921,-0.999925691515,0.0,0.656877334371,0.254614305913,0.303393928472,1.0,-0.01398,-0.0183737142857,0.7
0.461382440223,0.520382135136,-0.124087925649,-1.39896961979,0.0770623359943,1.91001093122,0.153655036492,-0.0108871998726,-0.0791577812345,0.000169993917764,-0.120948508064,-0.00793775367407,0.0378653911996,-0.0147900119958,0.574098337943,0.818771795609,0.00214289253603,0.0,0.818729487099,-0.57403726715,-0.011999574119,0.0,-0.00859497815275,0.00864355127983,-0.999925704926,0.0,0.656645245335,0.254323970656,0.303390494683,1.0,-0.0143,-0.0187942857143,0.716
0.461204832242,0.518982109384,-0.124090739398,-1.40116071632,0.0769223673332,1.91079040574,0.15334687192,-0.00731709277788,-0.0828084108223,-0.000243170979706,-0.124699254496,-0.0120583191641,0.0449725484786,-0.0173506218749,0.574071993096,0.818790301585,0.00212971228584,0.0,0.818747810578,-0.574010970098,-0.0120073220255,0.0,-0.0086091663604,0.0086369308458,-0.999925640075,0.0,0.656373331016,0.253994353676,0.303398177543,1.0,-0.01466,-0.0192674285714,0.734
0.461023070099,0.51754329942,-0.124097174455,-1.40340264042,0.0767822304839,1.91159819798,0.153051478103,-0.00944925424887,-0.0720796652213,-0.00204085058287,-0.125927324849,-0.00537199905896,0.0474228903344,-0.0190904286044,0.574064452461,0.818795585834,0.00213071374891,0.0,0.818753104079,-0.574003422401,-0.0120071868186,0.0,-0.00860856032278,0.00863759392288,-0.999925639565,0.0,0.656097112327,0.253656315107,0.303411006706,1.0,-0.01502,-0.0197405714286,0.752
0.46085286303,0.516362271039,-0.124102261596,-1.40529486279,0.0766573718531,1.91229989538,0.152773267904,-0.0128511026867,-0.0771848544662,-8.46380582683e-05,-0.126646690361,-0.00362264864851,0.0514765241126,-0.0200988487277,0.574046023653,0.818808546439,0.00211516150479,0.0,0.818765935369,-0.573985134804,-0.012006456832,0.0,-0.00861708411059,0.00862424703397,-0.999925681351,0.0,0.655870934593,0.25336007456,0.303399825141,1.0,-0.01532,-0.0201348571429,0.767
0.46066973034,0.514977351162,-0.124102875395,-1.4074890569,0.0765215993076,1.91312093094,0.152473274572,-0.00776138525968,-0.0814369309686,-0.00140196740541,-0.127940790643,-0.00840622187328,0.0455719579691,-0.0158063808136,0.574029957905,0.818819790207,0.00212261482828,0.0,0.818777270112,-0.573969033604,-0.0120032209195,0.0,-0.00861032542889,0.00862832329573,-0.999925704407,0.0,0.655604467552,0.253031173773,0.303397741578,1.0,-0.01566,-0.0205817142857,0.784
0.460467725923,0.513489807665,-0.124106800911,-1.40989029909,0.0763847269707,1.91395132014,0.152154483112,-0.00874096408163,-0.0834793530438,0.000619852115426,-0.131345643801,-0.00575514646224,0.0506415141703,-0.0170696093915,0.574026241647,0.81882256321,0.00205688591829,0.0,0.818778975687,-0.57396538762,-0.0120610815772,0.0,-0.00869547182349,0.00860767799769,-0.999925145523,0.0,0.655298036613,0.252665324587,0.303369551804,1.0,-0.01602,-0.0210548571429,0.802
0.460300049972,0.512259069343,-0.124112771554,-1.41191768793,0.0762575869197,1.9146641864,0.151868593204,-0.0129081797977,-0.0798991145178,0.000245052883447,-0.136044793413,-0.00372463452325,0.0446150668298,-0.018144556196,0.574005501007,0.818837287517,0.00198199062586,0.0,0.818792669495,-0.573944923116,-0.012105226611,0.0,-0.00877482640816,0.00857147108849,-0.999924763322,0.0,0.655040718782,0.252355435225,0.303328831918,1.0,-0.01632,-0.0214491428571,0.817
0.460100809754,0.510804014977,-0.124112956462,-1.41422678478,0.0761208172966,1.9155452637,0.15153704723,-0.0143739749033,-0.0792045884358,-0.00242129700558,-0.136526223565,-0.00809977897133,0.0562705814063,-0.0143303226428,0.573981358987,0.818854153656,0.00200536184215,0.0,0.81880979634,-0.573920638223,-0.0120981544718,0.0,-0.00875587407024,0.00858629037924,-0.999924802316,0.0,0.654762188054,0.252007593506,0.303325090519,1.0,-0.01666,-0.021896,0.834
0.459899475858,0.509321765562,-0.124118827538,-1.41657321156,0.0759735993242,1.91641893523,0.151212469517,-0.0164963514712,-0.0884880121645,-0.000743511191431,-0.141915863137,-0.0087926856682,0.0531935158251,-0.0152202213353,0.573967181336,0.818864082679,0.0020089174784,0.0,0.818819795433,-0.573906470035,-0.0120935173322,0.0,-0.00875018470618,0.00858638876892,-0.999924851274,0.0,0.654475418801,0.251648914758,0.30332164795,1.0,-0.017,-0.0223428571429,0.851
0.459704918187,0.507882880678,-0.12411989225,-1.41881567048,0.0758264656694,1.91721863432,0.150900939265,-0.0165249261752,-0.0982954467629,0.00019592442783,-0.138504980131,-0.00652833556612,0.0508812730925,-0.0200246152597,0.573948560652,0.818877153365,0.00200108086164,0.0,0.818832771294,-0.573887893292,-0.0120965073489,0.0,-0.00875732602919,0.00858148878959,-0.99992483082,0.0,0.654193856716,0.251304380889,0.303330245033,1.0,-0.01732,-0.0227634285714,0.867
0.459472003719,0.506232694133,-0.124130112379,-1.42138610531,0.0756619869329,1.91816739622,0.150565835946,-0.0198442947609,-0.0952579542166,-0.00459773885952,-0.142832029068,-0.0146705904686,0.0550892481073,-0.0124153687429,0.573960715297,0.818868590764,0.00201872686597,0.0,0.818824504909,-0.573900034141,-0.0120800610626,0.0,-0.00873360331026,0.00858662883408,-0.999924994176,0.0,0.653880780804,0.250900622222,0.303343194011,1.0,-0.01768,-0.0232365714286,0.885
0.459245211396,0.504610059736,-0.124128754869,-1.42385603159,0.07550858784,1.91912892007,0.150204819179,-0.0157704310776,-0.101454948321,-0.00100946532271,-0.147723050884,-0.0160489948194,0.049354298255,-0.0187744990717,0.573936032174,0.818885650739,0.00211397434353,0.0,0.818842858489,-0.573874996498,-0.012025323158,0.0,-0.00863437379903,0.00863294526408,-0.999925457144,0.0,0.653587798466,0.250521865127,0.303384803789,1.0,-0.01802,-0.0236834285714,0.902
0.459030350936,0.503037622068,-0.124131951203,-1.42619025662,0.0753639050403,1.92000725929,0.149887997469,-0.0141340584352,-0.102753813629,-0.000150112351157,-0.146112596463,-0.00911299318704,0.0511985352197,-0.0186365573527,0.573935670171,0.81888564391,0.00221260135546,0.0,0.818844168422,-0.573874254755,-0.0119714022264,0.0,-0.00853361876534,0.00868275764664,-0.999925890789,0.0,0.653306016907,0.250159582415,0.303448208569,1.0,-0.01834,-0.024104,0.918
0.458794306528,0.501325189206,-0.124140165735,-1.42872372503,0.0752032754883,1.92092198491,0.149530616979,-0.0129121337498,-0.104346272427,-0.000875091219892,-0.151213316123,-0.00489781525164,0.0618562360175,-0.0309774518642,0.573928182606,0.818890676689,0.00229079549118,0.0,0.818850246395,-0.573866477656,-0.0119283990105,0.0,-0.00845360675614,0.00872203074403,-0.999926228635,0.0,0.652993500388,0.249758789255,0.303517187465,1.0,-0.01868,-0.0245508571429,0.935
0.45855143798,0.499611827478,-0.124140857358,-1.43131518859,0.0750349798081,1.92184588471,0.149163095302,-0.0155772288801,-0.103576748751,-0.00135370108896,-0.15247920741,-0.00660810028833,0.0539106565247,-0.0232539707078,0.573912912759,0.818901275267,0.00232740964624,0.0,0.818861317256,-0.573851058809,-0.0119101766168,0.0,-0.00841783439977,0.00874139818135,-0.9999263613,0.0,0.652668124838,0.24935061151,0.303559145802,1.0,-0.01902,-0.0249977142857,0.952
0.458311903427,0.498040153059,-0.124141207348,-1.43379843887,0.0748777378752,1.92277867147,0.14881561428,-0.0160729879668,-0.101113917801,-0.00160595366238,-0.151826338386,-0.00750348288562,0.0635714376907,-0.0243311119354,0.573908623122,0.818904241497,0.00234146667986,0.0,0.818864478575,-0.573846726525,-0.011901558082,0.0,-0.00840275518336,0.00874791912831,-0.999926431102,0.0,0.652364296788,0.248958194183,0.303554076143,1.0,-0.01934,-0.0254182857143,0.968
0.45805264177,0.496360638605,-0.124141501508,-1.4364803797,0.0747201848854,1.92372328064,0.14840736464,-0.018018327482,-0.103388613641,-0.000558932957134,-0.159991231146,-0.0157674492498,0.051832516237,-0.0219733424316,0.573880022758,0.818924408467,0.00229773747372,0.0,0.818883872453,-0.573818093571,-0.0119476285742,0.0,-0.0084658843205,0.00873825375688,-0.999925983123,0.0,0.652021361808,0.248531757591,0.303530085828,1.0,-0.01968,-0.0258651428571,0.985
0.457768754683,0.494590813625,-0.12413872697,-1.43937806008,0.074542361269,1.92471947345,0.148005466613,-0.0199883688893,-0.100397730076,0.000264046237379,-0.161799038314,-0.00555889995217,0.0566381685418,-0.0178353952938,0.573879220511,0.818925271819,0.00218777117614,0.0,0.818883079788,-0.573817516899,-0.0120293739411,0.0,-0.00859594239919,0.00869510394682,-0.999925249677,0.0,0.651643990375,0.248067137975,0.303470123082,1.0,-0.0211502857143,-0.0277975183673,1.003
0.457499598776,0.492756916814,-0.124194308851,-1.44220402142,0.0743717445002,1.92575387025,0.147600620292,-0.0158408191555,-0.143404104274,-0.00296260212777,-0.212944611959,-0.0121310987849,0.0798401239429,-0.0317025361526,0.573903512615,0.818908128692,0.00223201048959,0.0,0.818866660598,-0.573841771203,-0.0119900243795,0.0,-0.00853807195926,0.00870900375909,-0.999925624525,0.0,0.651272541394,0.247557526471,0.303506847134,1.0,-0.0305125714286,-0.0401022367347,1.019
0.457114081124,0.489768732939,-0.124243750866,-1.4469302201,0.0741270649707,1.92755144517,0.146887302026,-0.0265118880161,-0.179398575411,-0.00108187944207,-0.297890813925,-0.012599901321,0.107377458901,-0.0374310024644,0.573842799242,0.818950551138,0.00227671911423,0.0,0.818909448157,-0.573780658688,-0.0119924282571,0.0,-0.00851503227839,0.00874636378882,-0.999925494897,0.0,0.650707857882,0.246872441201,0.303479668108,1.0,-0.04046,-0.053176,1.036
0.45655409763,0.486039514889,-0.124290290996,-1.4528137925,0.0737906187885,1.92974602284,0.146034651887,-0.0345781873762,-0.234631646725,-0.0113562138377,-0.372859888105,-0.0210126163107,0.133204448447,-0.0537345284492,0.573838636601,0.818953363862,0.00231384181545,0.0,0.818912605518,-0.5737762009,-0.0119901086501,0.0,-0.00849187594062,0.00877539078376,-0.9999254375,0.0,0.649973725816,0.245927357133,0.303462250671,1.0,-0.0504074285714,-0.0662497632653,1.053
0.455908476023,0.481782360163,-0.124421056594,-1.45953027986,0.0733755932999,1.93213339507,0.144991953716,-0.043762620863,-0.27956004324,-0.00775565537982,-0.449077785891,-0.0229764499578,0.153558491349,-0.0647448203475,0.573825858878,0.818962553224,0.00222867683153,0.0,0.818920927465,-0.573764024741,-0.0120043897851,0.0,-0.00855257578323,0.00871370714253,-0.9999254596,0.0,0.649125122168,0.24478695087,0.303430527745,1.0,-0.0597697142857,-0.0785544816326,1.069
0.454948552172,0.475688057013,-0.124569507333,-1.46908516492,0.0728043913973,1.93550159986,0.143598093106,-0.0524605876339,-0.345097264064,-0.0071008436257,-0.532459200978,-0.0335425312198,0.19062017744,-0.0716165874826,0.573888001035,0.818919249684,0.00213814558015,0.0,0.818876391706,-0.573826487414,-0.012056713924,0.0,-0.00864671702856,0.00867024731964,-0.999925027738,0.0,0.64790025714,0.243163035664,0.303400815734,1.0,-0.0708874285714,-0.0931663346939,1.088
0.454051636188,0.470180801608,-0.124661328134,-1.47757773119,0.0723062268389,1.93857349108,0.142342137173,-0.065533685649,-0.375592214136,-0.000177609295149,-0.572656337073,-0.0296651298021,0.213637907927,-0.0848816588658,0.573933988904,0.818886814487,0.00221547769663,0.0,0.818844784846,-0.573871960227,-0.0120390405193,0.0,-0.00858737634529,0.00872391486801,-0.999925072331,0.0,0.64681728269,0.241724416952,0.303434938845,1.0,-0.0796645714286,-0.104702008163,1.103
0.45295706633,0.463572091615,-0.124712154617,-1.48759838094,0.0716888633907,1.94231017234,0.140706853461,-0.0740437136833,-0.424636100133,-0.00718882464476,-0.668418407135,-0.0442895481913,0.234394648771,-0.0965062932392,0.5738356363,0.818954941861,0.00249251178545,0.0,0.818916511107,-0.573772488045,-0.0119007016817,0.0,-0.00831616387713,0.00887037655939,-0.999926076187,0.0,0.645545960993,0.240043691173,0.303549749263,1.0,-0.0890268571428,-0.117006726531,1.119
0.451541163945,0.455423044413,-0.1248143992,-1.50040388781,0.0708608688923,1.94663215295,0.138790197618,-0.0810479645102,-0.466969391468,-0.00533124361752,-0.730921351214,-0.0472826611589,0.247195566412,-0.111843543748,0.573868293482,0.818932906962,0.00219602647416,0.0,0.818890160074,-0.573805886275,-0.0121019631274,0.0,-0.00865076948067,0.00874340573629,-0.999924355661,0.0,0.643810789278,0.23782780057,0.303440648354,1.0,-0.0995594285714,-0.130849534694,1.137
0.450045416232,0.446714772871,-0.124950464302,-1.51333416486,0.0699637135149,1.95136859329,0.136743214002,-0.0929275285185,-0.516199222458,-0.0053229141728,-0.763410336426,-0.0518453992741,0.281216396908,-0.116189836758,0.573858770136,0.818938471918,0.00257644184473,0.0,0.818901654812,-0.573795861252,-0.0117956033277,0.0,-0.00818167921995,0.00887903385773,-0.999927108785,0.0,0.642142437556,0.23555394272,0.303674441211,1.0,-0.109506857143,-0.143923297959,1.154
0.448469220575,0.438032261521,-0.124996749862,-1.52668079842,0.0691020487049,1.95594871819,0.134631250932,-0.103668438325,-0.54653314397,-0.00651535400608,-0.830818488696,-0.0590624582669,0.286427748934,-0.140174403287,0.573812143248,0.818971336244,0.00251427402839,0.0,0.818933066162,-0.573748782337,-0.0119044031887,0.0,-0.00830696325921,0.00889008440873,-0.999925977641,0.0,0.64030267186,0.233233855138,0.303659479253,1.0,-0.118869142857,-0.156228016327,1.17
0.446509256215,0.427391805694,-0.125090423608,-1.54260933723,0.0680144414235,1.96162772617,0.132015919708,-0.111393731966,-0.592128443723,-0.00541252633141,-0.915778143694,-0.0712083071301,0.320717238686,-0.150909721305,0.573736639162,0.819023250597,0.00281616157447,0.0,0.818989193696,-0.573672488468,-0.0117185103384,0.0,-0.00798233169577,0.00902991848865,-0.999927368839,0.0,0.638145093767,0.230407876712,0.303825389976,1.0,-0.129401714286,-0.17007082449,1.188
0.444547615623,0.417391512695,-0.125188607369,-1.55772828204,0.0669411454109,1.96683509075,0.129505865344,-0.125999837011,-0.647953323065,-0.00622533609069,-0.94500854714,-0.0625399564487,0.339165878816,-0.152020913543,0.573700394336,0.819048521011,0.00285038069362,0.0,0.819015105168,-0.573636353029,-0.0116764245866,0.0,-0.00792862895319,0.00903344815519,-0.99992776422,0.0,0.636042723799,0.227645521819,0.303874872765,1.0,-0.138764,-0.182375542857,1.204
0.442424987869,0.40679257011,-0.125298937818,-1.5737256612,0.0658190994661,1.97240088029,0.126841251711,-0.137924913408,-0.659617136234,-0.00475398713906,-1.02948353574,-0.0595691418663,0.338709452626,-0.167363793802,0.573683811735,0.819059757303,0.00295719827937,0.0,0.819027863535,-0.573619570346,-0.0116057817329,0.0,-0.00780967232339,0.00908025171447,-0.999928276451,0.0,0.633796261985,0.224705290214,0.303917505898,1.0,-0.148126285714,-0.194680261224,1.22
0.439749066077,0.394071480854,-0.125423945356,-1.59267885005,0.0645263055503,1.97887536743,0.123625066085,-0.146415783907,-0.708539275284,-0.00711130443898,-1.06108261376,-0.0683502118205,0.375867831694,-0.184451343477,0.573728772916,0.819027507026,0.00315986776244,0.0,0.81899787023,-0.573663435641,-0.0115541364083,0.0,-0.00765060223935,0.00921704292792,-0.999928254629,0.0,0.63108789858,0.221138551782,0.304030756103,1.0,-0.158658857143,-0.208523069388,1.238
0.436805452288,0.380830274681,-0.125576059349,-1.61265536311,0.0629770604627,1.98549561877,0.120080106784,-0.167417362495,-0.765902176145,-0.0108232325796,-1.09967797563,-0.0810936201784,0.368976702855,-0.202702681432,0.573672776921,0.819067441425,0.00296956554444,0.0,0.819035860116,-0.573608673671,-0.0115799928632,0.0,-0.00778157639234,0.00907548206359,-0.999928538794,0.0,0.628156551185,0.217266612036,0.303978809928,1.0,-0.169191428571,-0.222365877551,1.256
0.434144660018,0.369213182311,-0.125690175537,-1.63003950221,0.0616954098935,1.99124817704,0.117007719901,-0.183461922674,-0.795780845529,-0.00596673533494,-1.17273009732,-0.0798938694258,0.385734577685,-0.201909049002,0.573697704455,0.819050136329,0.0029265992925,0.0,0.819017793178,-0.573633501703,-0.0116278580321,0.0,-0.00784515434966,0.00906798694162,-0.999928109999,0.0,0.625561168407,0.213874431084,0.303958948605,1.0,-0.177968571429,-0.23390155102,1.271
0.430623561133,0.354702209074,-0.125910454725,-1.65152093545,0.0600031898695,1.99832757895,0.113061270357,-0.201985652256,-0.776963415338,-0.00952525419886,-1.20804291142,-0.0942227442603,0.389771565897,-0.231365711035,0.573786563377,0.818987906558,0.00292155811847,0.0,0.818956205341,-0.57372318438,-0.0115407252546,0.0,-0.00777569849562,0.00901471479427,-0.999929134204,0.0,0.622345229617,0.20949932175,0.303988515947,1.0,-0.188501142857,-0.247744359184,1.289
0.42721127416,0.341132979239,-0.126071394863,-1.67130323227,0.0585512902914,2.00473313332,0.109337006523,-0.216721622879,-0.874797258945,-0.00159142728754,-1.24061225366,-0.0936122852946,0.409139639054,-0.232997863767,0.573904376094,0.818904760726,0.00308331982739,0.0,0.818874606803,-0.573839824639,-0.0115317341795,0.0,-0.00767420806223,0.00914314105465,-0.999928752213,0.0,0.619311469996,0.205428284376,0.304091251302,1.0,-0.197863428571,-0.260049077551,1.305
0.42364572508,0.32722739192,-0.126194375113,-1.69169609185,0.0569288850724,2.01129324561,0.105372034257,-0.229982081289,-0.913167991579,-0.0146629027296,-1.27606512477,-0.1098561966,0.428920439182,-0.254646594097,0.573851995606,0.818941432138,0.0030926958396,0.0,0.818911379342,-0.573787397409,-0.0115291916636,0.0,-0.0076673304555,0.00914886960387,-0.999928752576,0.0,0.616102765658,0.201234474354,0.304089382529,1.0,-0.207225714286,-0.272353795918,1.321
0.419392955358,0.311057284265,-0.126309591399,-1.71524991037,0.0549699016665,2.01872970901,0.100688277633,-0.241286370949,-0.910004611201,-0.00677561114848,-1.30044111446,-0.106065844819,0.421398723679,-0.26293065559,0.573720806059,0.819033476145,0.00305753981927,0.0,0.819003121893,-0.573656518205,-0.0115252918788,0.0,-0.00768577019901,0.00911660992707,-0.999928905653,0.0,0.612299306495,0.196343746597,0.304081787892,1.0,-0.217758285714,-0.286196604082,1.339
0.415267046188,0.296157027996,-0.126437416282,-1.73688383301,0.0531207403847,2.02538897862,0.0962172488248,-0.265358451386,-0.928097167973,-0.0101730062755,-1.37742487954,-0.113313183039,0.396904907609,-0.286532040793,0.57359810154,0.819119930456,0.00291622021315,0.0,0.819087837907,-0.57353439119,-0.0115828673814,0.0,-0.00781535540925,0.00903272515758,-0.999928662504,0.0,0.608729476393,0.191727928528,0.304030758899,1.0,-0.227120571429,-0.298501322449,1.355
0.410818327134,0.280664240021,-0.12659994938,-1.7588870741,0.0513222560715,2.03215115854,0.0915898873873,-0.284312338468,-0.974197908561,-0.00995433748627,-1.4104238627,-0.121346507893,0.41812999667,-0.30469168477,0.573628072729,0.81909823693,0.00310794733237,0.0,0.81906822411,-0.57356326787,-0.0115398831963,0.0,-0.00766984122038,0.0091653983219,-0.999928581954,0.0,0.605064766539,0.186918611425,0.304131561525,1.0,-0.236482857143,-0.310806040816,1.371
0.405401712808,0.262780036706,-0.126806787061,-1.78421266015,0.0491104037656,2.03970915876,0.0860590140547,-0.310367296036,-1.00026257089,-0.0123784505944,-1.43834882733,-0.123906490375,0.422817102317,-0.313624334135,0.573647919049,0.819084237393,0.00313431445535,0.0,0.819054571348,-0.573583035389,-0.0115263857749,0.0,-0.007643438463,0.00917943852924,-0.999928655333,0.0,0.600750348133,0.18121840035,0.304180989078,1.0,-0.247015428571,-0.32464884898,1.389
0.399844935163,0.245484879862,-0.127016379413,-1.80857889361,0.0469290755999,2.04679793582,0.0806073257064,-0.332485650842,-1.0220082536,-0.0154448634776,-1.44189966395,-0.133029993379,0.419999254874,-0.324553748833,0.573777459314,0.818993698906,0.00308143414155,0.0,0.818963225801,-0.573712579693,-0.0115696840669,0.0,-0.00770778921744,0.009162181574,-0.999928319638,0.0,0.596511476508,0.1755682354,0.304185738355,1.0,-0.256962857143,-0.337722612245,1.406
