position_joint1,position_joint2,position_joint3,position_joint4,position_joint5,position_joint6,position_joint7,velocity_joint1,velocity_joint2,velocity_joint3,velocity_joint4,velocity_joint5,velocity_joint6,velocity_joint7,ee_T_00,ee_T_10,ee_T_20,ee_T_30,ee_T_01,ee_T_11,ee_T_21,ee_T_31,ee_T_02,ee_T_12,ee_T_22,ee_T_32,ee_T_03,ee_T_13,ee_T_23,ee_T_33,v_x,v_y,time
0.465085432614,0.547540352763,-0.124005923164,-1.35574293754,0.0794257960961,1.89411013096,0.159148477089,-0.000672461795469,-0.00102578659705,0.000284085137501,-0.000370347723558,0.000244383709523,3.2077596546e-05,0.000636729756531,0.573774556649,0.818998593397,0.00219295637436,0.0,0.818959466737,-0.573715895126,-0.0116709221169,0.0,-0.00830049467832,0.00849258405477,-0.999929486416,0.0,0.661711131407,0.260890715705,0.303429131488,1.0,0.0,0.0,0.0
0.465088216673,0.547540352763,-0.124006632218,-1.3557427305,0.0794244738123,1.89411402194,0.159144611547,0.000747809661419,6.83665687832e-05,-0.000130149113242,0.000506896177558,-0.000157453762403,0.000222745140029,-0.000912053672108,0.5737692709,0.819002289867,0.00219541915852,0.0,0.818963214841,-0.573710621017,-0.0116671749648,0.0,-0.00829606744864,0.00849239750998,-0.999929524741,0.0,0.661711465998,0.26089222294,0.303429589323,1.0,-8e-05,-0.000105142857143,0.005
0.465088108449,0.547537594926,-0.124003471442,-1.35574617574,0.0794257565869,1.89411013096,0.159150816788,-0.000293728617185,-0.00278171884578,0.00127640631279,0.000674524148105,0.000234699634132,0.000182551757068,0.000877645932414,0.573772729641,0.818999872508,0.0021932745114,0.0,0.818960735011,-0.573714051845,-0.0116725373169,0.0,-0.00830165400019,0.00849375283514,-0.999929466864,0.0,0.661709202949,0.260893550507,0.303429462514,1.0,-0.00048,-0.000630857142857,0.025
0.465087534488,0.547528760951,-0.124009142247,-1.35575534663,0.0794258752229,1.89411314896,0.159150104549,0.000916375362035,-0.000188012754828,-0.000877398609837,-0.000107294917142,0.000209319307418,-0.000159673175847,0.000593200571529,0.573777115756,0.818996796081,0.00219461728337,0.0,0.81895769768,-0.573718454621,-0.0116692389893,0.0,-0.00829813667352,0.00849300452471,-0.999929502416,0.0,0.661709381466,0.260889140762,0.303431805501,1.0,-0.00074,-0.000972571428571,0.038
0.465090659381,0.547419812653,-0.124004215333,-1.35585000308,0.0794264686637,1.89412511462,0.159142287684,0.000746404149115,-0.0087771286071,0.000421446112754,-0.0114185076218,0.0003449652959,0.00485550528395,-0.00028256142857,0.573769920983,0.819001757565,0.00222391143986,0.0,0.818962929716,-0.57371103989,-0.0116665916178,0.0,-0.00827923589593,0.00851540432681,-0.999929468584,0.0,0.661690965374,0.260885164855,0.303464805621,1.0,-0.00114,-0.00149828571429,0.058
0.465087129786,0.547310641352,-0.123998921591,-1.35598098682,0.0794249221651,1.89414860075,0.159139778587,-0.000653667756172,-0.0101425621078,-0.000689260984014,-0.00679456753597,-5.98812923095e-05,0.00337376172641,-0.000283770050964,0.573773766111,0.818999042642,0.0022316757881,0.0,0.818960202422,-0.57371473944,-0.0116761080038,0.0,-0.00828253544808,0.00852726229425,-0.999929340206,0.0,0.661668294471,0.2608731209,0.30348165342,1.0,-0.00142,-0.00186628571429,0.072
0.465068426564,0.547123254786,-0.124006608409,-1.35623026761,0.0794168843369,1.8942268579,0.159133400986,-0.00501371509934,-0.0123514012265,0.000374442413698,-0.0125590991045,-0.000279057252581,0.00828436313805,-0.00151846753914,0.573800914113,0.818979976564,0.00224852197649,0.0,0.818941314633,-0.573741780328,-0.011672171826,0.0,-0.00826936321745,0.00853907481049,-0.999929348421,0.0,0.661638790256,0.260833179529,0.303502768047,1.0,-0.00184,-0.00241828571429,0.093
0.4650600002,0.546987343714,-0.124004452593,-1.35638244405,0.0794108255221,1.89431907656,0.159131849413,-0.00162677434229,-0.0132456358714,0.000791686966236,-0.0132289905847,0.000129635181251,0.0162586345608,2.94481334752e-05,0.573812113901,0.818971944956,0.00231478229468,0.0,0.818934150608,-0.573752745428,-0.0116357631285,0.0,-0.00820140876631,0.00857256115833,-0.999929621568,0.0,0.661627920724,0.260817864108,0.303534531666,1.0,-0.00208,-0.00273371428571,0.105
0.465028694578,0.546737819656,-0.124007309594,-1.35666884583,0.0794055168959,1.89447621808,0.159119644289,-0.00311858040447,-0.00911683582745,-0.00133403437066,-0.0179796276161,-0.000573805568252,0.005613928272,0.00087130785991,0.573844576562,0.818948887692,0.00242243666017,0.0,0.81891246516,-0.573784797582,-0.0115813371922,0.0,-0.00809472173133,0.00862981726489,-0.999929998417,0.0,0.661609283688,0.260774602568,0.303588677612,1.0,-0.0025,-0.00328571428571,0.126
0.465002101918,0.54656436177,-0.124006582492,-1.35690970831,0.0793956172005,1.89457934398,0.159105291876,-0.00154588776933,-0.0127706473245,0.000325553351441,-0.0163390816742,0.000406828752973,0.00219730864962,0.000477816994071,0.57386499815,0.818934480021,0.00245524573277,0.0,0.818898457495,-0.573805076226,-0.0115670960339,0.0,-0.00806401656837,0.00864871500202,-0.999930083239,0.0,0.661586503443,0.260736518213,0.303605792092,1.0,-0.00276,-0.00362742857143,0.139
0.464956625889,0.546249365468,-0.124007318341,-1.35737188114,0.0793699811746,1.89473640554,0.159025222989,-0.00536411500009,-0.0157804867009,0.000345154453478,-0.0237960405213,-0.00564748261932,0.0076066537233,-0.0157306805246,0.573856112178,0.818940674901,0.0024658485504,0.0,0.818904752663,-0.573796115048,-0.0115659553119,0.0,-0.0080570920545,0.00865665591364,-0.999930070343,0.0,0.66153356362,0.260661791358,0.303622487092,1.0,-0.00316,-0.00415314285714,0.159
0.464932462951,0.546041439581,-0.124004534283,-1.35771248812,0.0793371123895,1.89485924831,0.158919962251,-0.00129671423197,-0.0163011176805,-0.000166217293998,-0.033435582334,-0.00735614689602,0.0093147914039,-0.00306955063887,0.573798084621,0.81898137584,0.00245173682276,0.0,0.818945350146,-0.573738228313,-0.0115631201425,0.0,-0.00806348014928,0.00864290106339,-0.999930137834,0.0,0.661492886061,0.260612733104,0.303618109248,1.0,-0.00342,-0.00449485714286,0.172
0.464870388993,0.545658075526,-0.124004396258,-1.35833162305,0.079284211288,1.89507515128,0.158896667954,-0.00476052986979,-0.0194693323442,0.00102071775144,-0.0318043093275,-0.00148897867332,0.0110820183554,0.000476439763531,0.573850256654,0.818944898558,0.002425482562,0.0,0.818908649633,-0.573790609514,-0.0115631696184,0.0,-0.00807803517971,0.0086219425019,-0.999930201292,0.0,0.661423035147,0.260509381749,0.303613489306,1.0,-0.00384,-0.00504685714286,0.193
0.464833777176,0.545404576228,-0.124006982134,-1.35877879218,0.0792635663393,1.8952152729,0.158841558689,0.000590558952295,-0.0115228087854,-0.000107592365685,-0.0335032476948,-0.000506833629504,0.0125926449104,0.000385537010239,0.573856320385,0.818940775405,0.00238261082275,0.0,0.818903893453,-0.573796739589,-0.0115957675777,0.0,-0.00812926908332,0.00860559947796,-0.999929926866,0.0,0.661366263039,0.260440082414,0.303592323275,1.0,-0.0041,-0.00538857142857,0.206
0.464755315799,0.544921379104,-0.124003015142,-1.3595969838,0.0792293278447,1.89548403925,0.158727835228,-0.00618622058023,-0.027421903891,0.000718383663664,-0.0403929941681,-0.000476454797913,0.0103570631814,-0.000258152510313,0.573861113406,0.818937552487,0.00233549760305,0.0,0.818899858579,-0.57380148808,-0.0116456342313,0.0,-0.00819709301392,0.00859568077662,-0.999929458481,0.0,0.66126606745,0.260312409997,0.30356806521,1.0,-0.00452,-0.00594057142857,0.227
0.464707064368,0.544644090619,-0.124005224924,-1.36007884754,0.0792052332572,1.89564653936,0.15868235261,-0.00555683740871,-0.0234300279303,-0.00097226934393,-0.0426533158274,-0.00452236288762,0.0084396401511,-0.00810796363758,0.573885568706,0.818920498332,0.00230615330727,0.0,0.818882392588,-0.57382601431,-0.0116653037955,0.0,-0.00822978408555,0.0085831830936,-0.999929297312,0.0,0.661206582795,0.260224547426,0.30355436945,1.0,-0.00478,-0.00628228571429,0.24
0.464623931228,0.544096378476,-0.124007710939,-1.36099576406,0.0791666069401,1.89595833969,0.158548654285,-0.000699041834928,-0.0289206305414,0.000494535444263,-0.0462587098965,0.000210975451031,0.0206781863835,-0.00229196558031,0.573886450638,0.818920006953,0.00226072741177,0.0,0.818881106316,-0.573826850809,-0.0117143463896,0.0,-0.00829600625944,0.00857413671382,-0.999928827697,0.0,0.661099575085,0.260089647684,0.303527379263,1.0,-0.00518,-0.006808,0.26
0.464572820501,0.543698054984,-0.124009131516,-1.36164619407,0.0791264353676,1.89619117552,0.158472549634,0.000429885137274,-0.0310451129646,0.00110397983315,-0.0443937832498,-0.00248238381305,0.0160143892675,-0.00543367966334,0.573892508488,0.818915810734,0.00224288480778,0.0,0.818876677093,-0.573832973452,-0.011724043445,0.0,-0.00831412335711,0.00856515166647,-0.999928754227,0.0,0.661022721729,0.259992359375,0.303519833018,1.0,-0.00546,-0.007176,0.274
0.464483710503,0.543088924198,-0.124014122855,-1.36263029922,0.0790613339284,1.89653732779,0.158367843025,-0.00947706798859,-0.0285388974474,0.000131680840589,-0.0526030287304,-0.000884103321253,0.0150827309889,-0.00719653072462,0.573920595224,0.81889620713,0.00221341967087,0.0,0.818856734825,-0.573861213163,-0.0117346818845,0.0,-0.00833945134984,0.00854741378062,-0.999928695092,0.0,0.660909202323,0.25983470595,0.303512474627,1.0,-0.00586,-0.00770171428571,0.294
0.464433275677,0.54271111535,-0.124022369345,-1.36325479415,0.0790269483542,1.89675406527,0.158261550393,-0.00856782128161,-0.0307725799241,-0.00120751485371,-0.0535659478749,-0.000730452772214,0.0230390630102,-0.00737365210985,0.57390179445,0.818909450923,0.0021882452449,0.0,0.818869637107,-0.573842495634,-0.0117496608545,0.0,-0.0083663612849,0.0085352033673,-0.9999285746,0.0,0.660828200825,0.259732059536,0.303503672461,1.0,-0.00612,-0.00804342857143,0.307
0.464348834013,0.541985467392,-0.124020419506,-1.36437971578,0.0789628724621,1.89717245756,0.158131948751,-0.00602625466771,-0.038111110098,0.000395651242606,-0.0531098949565,-0.00429415327988,0.0185345560618,-0.0044685681632,0.573913233034,0.818901386891,0.0022059912409,0.0,0.818861751129,-0.573853811508,-0.011746593405,0.0,-0.00835354598047,0.00854809182593,-0.999928571647,0.0,0.66070380585,0.259575924562,0.30351543837,1.0,-0.00652,-0.00856914285714,0.327
0.464281292884,0.541510115868,-0.12402050822,-1.36510688717,0.0789138538522,1.89744015321,0.158018202198,-0.00542338505825,-0.0332581263653,0.000512771583949,-0.0587503958665,-0.00645212895227,0.0168828279613,-0.00880628276176,0.573902715317,0.818908728439,0.00221692114577,0.0,0.818869270616,-0.573843290405,-0.011736379292,0.0,-0.00833901866959,0.00855107317997,-0.999928667413,0.0,0.660622300737,0.259461410249,0.303528606523,1.0,-0.00678,-0.00891085714286,0.34
0.464178014331,0.540691857932,-0.124021560608,-1.36636417807,0.0788350614658,1.8979066804,0.157865853111,-0.0081787476259,-0.0374447498583,0.000176913005636,-0.062590444529,-0.00533009250069,0.0280689797375,-0.00561468780358,0.573911930209,0.818902212655,0.00223816308829,0.0,0.81886305211,-0.573852445983,-0.0117225863074,0.0,-0.00831543660038,0.00856064601129,-0.999928781891,0.0,0.660478165815,0.259272988627,0.303549048238,1.0,-0.0072,-0.00946285714286,0.361
0.46409038606,0.540117698963,-0.124020478603,-1.36724264317,0.0788004603392,1.89822275088,0.157750617428,-0.0123693176969,-0.0454365507956,0.000622585700132,-0.0612567687239,-0.000241154719766,0.0214005940331,-0.0114490221057,0.573927902299,0.818890961471,0.00225900079565,0.0,0.818851884907,-0.573868145267,-0.0117341098402,0.0,-0.00831274793844,0.0085844853834,-0.999928599867,0.0,0.660377838137,0.259134852482,0.303564087382,1.0,-0.00748,-0.00983085714286,0.375
0.463973911088,0.539262202324,-0.124029688042,-1.36859315446,0.0787071979878,1.89872884011,0.157581110319,-0.00728582132999,-0.0397150110903,-0.000834824967564,-0.0670425244814,-0.0014700142686,0.0217570278937,-0.0144279468394,0.573940765484,0.81888194716,0.00225859073681,0.0,0.818843007557,-0.573881155384,-0.0117173107629,0.0,-0.00829909137461,0.00857463862878,-0.999928797792,0.0,0.660226638554,0.258922779218,0.303569897088,1.0,-0.00788,-0.0103565714286,0.395
0.463885816003,0.538684864365,-0.124027618665,-1.3694763187,0.0786596679636,1.89907246562,0.157474420812,-0.0119199245156,-0.0428701760563,2.33844309533e-05,-0.0751336499618,-0.00344339613359,0.0238527998222,-0.00655941471981,0.573960256851,0.818868188101,0.00229368108885,0.0,0.818829658198,-0.573900466058,-0.0117043930155,0.0,-0.00826816964343,0.0085961560261,-0.999928869206,0.0,0.660131073661,0.258784191661,0.303587100315,1.0,-0.00814,-0.0106982857143,0.408
0.463759102456,0.537779502372,-0.124044270943,-1.37090633652,0.0785781129989,1.89962199705,0.157293954169,-0.00497665782737,-0.0485546311865,0.000119898909355,-0.0738029594961,-0.000809091516801,0.0297321403967,-0.0129667768189,0.573985174506,0.818850671558,0.00231171717881,0.0,0.818812425668,-0.573925365998,-0.0116890006779,0.0,-0.00824495166787,0.00860234146627,-0.999929007727,0.0,0.659974606471,0.258557121978,0.303594049142,1.0,-0.00854,-0.011224,0.428
0.46367414781,0.537170802101,-0.124040395311,-1.37188177909,0.078525109669,1.89998404564,0.157178739109,-0.00556724927823,-0.0436688857436,0.000691750469824,-0.080160385704,-0.00543065759797,0.0310171699148,-0.0157255671889,0.573997271365,0.818842194114,0.00231095323425,0.0,0.818803858657,-0.573937381098,-0.0116991678426,0.0,-0.00825358872561,0.00860767356867,-0.999928890586,0.0,0.659860868094,0.258411501166,0.303590821001,1.0,-0.0088,-0.0115657142857,0.441
0.463541429508,0.53612102535,-0.124054235865,-1.37351486823,0.0784215268274,1.900597088,0.156981605676,-0.00757797312718,-0.049945898148,0.000900911360614,-0.0808551800719,-0.00477504655266,0.022875977168,-0.0046767166526,0.574016389653,0.818828740482,0.00232917843245,0.0,0.818790745416,-0.573956538595,-0.0116770683875,0.0,-0.00822483036288,0.00861010415363,-0.999929106623,0.0,0.659675274723,0.258160674181,0.303608121084,1.0,-0.00922,-0.0121177142857,0.462
0.46344528855,0.535407143546,-0.124055654457,-1.37463790775,0.0783548513003,1.90099417481,0.156850880013,-0.00690087150471,-0.0533146675279,0.00152177973171,-0.0800769462305,-0.000663634544554,0.0332697832403,-0.000775577653807,0.574032766222,0.818817287976,0.00231929221547,0.0,0.818779124953,-0.573972907889,-0.0116872773572,0.0,-0.00823869247263,0.00860803393296,-0.999929010329,0.0,0.659541427229,0.257988660138,0.30361182751,1.0,-0.0095,-0.0124857142857,0.476
0.463299250055,0.534301406106,-0.124064061556,-1.37641125289,0.0782746578843,1.90164513405,0.156625698172,-0.00628331812548,-0.0519876025256,-0.000590339544868,-0.085507088578,-0.00353677126809,0.0311684492535,-0.00995246801365,0.574049692456,0.818805428814,0.00231672972181,0.0,0.81876700752,-0.573989606562,-0.0117160512928,0.0,-0.00826354672017,0.00862262351523,-0.999928679536,0.0,0.659332371744,0.257722670633,0.303604602709,1.0,-0.00992,-0.0130377142857,0.497
0.463206205147,0.533655231224,-0.124066284496,-1.37746070361,0.0781983190952,1.90202363612,0.15650561056,-0.0135903769412,-0.0521076007253,-2.55120841232e-05,-0.0938629608773,-0.0124085358016,0.0281263518258,-0.0114229201614,0.574066035365,0.81879405402,0.00228714744794,0.0,0.818755345362,-0.574006158274,-0.0117201367731,0.0,-0.00828370106901,0.00860091224411,-0.999928699761,0.0,0.659209510307,0.257557290861,0.303593697576,1.0,-0.01016,-0.0133531428571,0.509
0.463055312043,0.532543608942,-0.124062060162,-1.3792292286,0.0781045297074,1.90269155563,0.156282526142,-0.000927756417103,-0.060903201835,0.000724306268241,-0.0917487036218,-0.00614458251542,0.0339625921009,-0.0105503917289,0.574075582046,0.818787316141,0.00230302560342,0.0,0.818748673148,-0.574015498407,-0.011728798237,0.0,-0.00828157828645,0.00861898177371,-0.999928561755,0.0,0.659003364251,0.257295089234,0.303593519225,1.0,-0.01056,-0.0138788571429,0.529
0.462949450172,0.531760270629,-0.124062060216,-1.38049816467,0.078032710201,1.90316214202,0.156115985778,-0.00620454929343,-0.0613944075325,0.000147997916215,-0.0899682094746,-0.00157311392283,0.0291315654451,-0.0123726949434,0.574075907041,0.818787119929,0.00229174478066,0.0,0.818748269345,-0.574015802148,-0.0117421135175,0.0,-0.00829895337087,0.00861739245259,-0.999928431399,0.0,0.658853336113,0.25710530014,0.303582514306,1.0,-0.01084,-0.0142468571429,0.543
0.462788991356,0.530573994133,-0.124061659085,-1.38240966095,0.0779111339114,1.90383709781,0.155876350501,-0.0063798417513,-0.0629264420483,0.00119896745949,-0.0958440341082,-0.00302208582723,0.0347898123694,-0.00732191607237,0.574082025063,0.818782958628,0.00224545329074,0.0,0.81874348455,-0.574022071972,-0.0117692097042,0.0,-0.00834764930996,0.00859510747448,-0.999928217863,0.0,0.658621096005,0.256814659521,0.303567110647,1.0,-0.01124,-0.0147725714286,0.563
0.462684388755,0.529798565337,-0.124067685432,-1.38366638414,0.077829141286,1.90429087701,0.15570867739,-0.0105383056339,-0.0546413733823,0.000111935155672,-0.0944323670667,-0.00607315229776,0.0357510619986,-0.0119164327549,0.574080835378,0.81878387121,0.00221666389719,0.0,0.81874406853,-0.5740210395,-0.0117789370678,0.0,-0.00837215316655,0.00857710758541,-0.999928167558,0.0,0.658471264415,0.256620814097,0.303554722169,1.0,-0.0115,-0.0151142857143,0.576
0.462517725442,0.52854432321,-0.124073386405,-1.38561033981,0.0777031591113,1.90501897555,0.155444764068,-0.00760433809118,-0.0631285165587,-0.000593300232495,-0.100212035041,-0.00200042638282,0.0367444544416,-0.0155602454226,0.574076764704,0.818786653929,0.00224287243267,0.0,0.818747277311,-0.57401695697,-0.0117548249024,0.0,-0.00833740746163,0.00858468282899,-0.999928392865,0.0,0.658245999977,0.256322523557,0.303575986421,1.0,-0.0119,-0.01564,0.596
0.462399161764,0.527623316383,-0.124068659683,-1.38702634617,0.077621119063,1.90557828568,0.155246475831,-0.00995568325341,-0.0666993399855,-0.00165343808746,-0.0975567257337,-0.00828087828893,0.0347659141817,-0.0140840333782,0.574062912616,0.818796208922,0.00229945957554,0.0,0.818757540131,-0.574002865209,-0.0117280907046,0.0,-0.00828317929887,0.00861552765059,-0.999928578261,0.0,0.658084193304,0.256115910551,0.303598701726,1.0,-0.01218,-0.016008,0.61
0.46221204165,0.526210099976,-0.124073442482,-1.38924049594,0.0774855925141,1.90641365895,0.154943236265,-0.0115755580161,-0.0658406106382,0.000297638212861,-0.107876698814,-0.00233793796413,0.0406013439121,-0.0122570144672,0.574054371843,0.818802122907,0.00232563783613,0.0,0.818763817163,-0.57399425223,-0.0117114052062,0.0,-0.00825457962058,0.00862729757329,-0.999928713285,0.0,0.657825557359,0.255780506459,0.303611887523,1.0,-0.0126,-0.01656,0.631
0.462107323725,0.525384960116,-0.124087511716,-1.39052342083,0.0773974832087,1.90687042856,0.154773646947,-0.0068102675978,-0.0680920356966,-0.00130275240799,-0.109308719531,-0.00888475934735,0.0349731994476,-0.00785977501006,0.574056406898,0.818800722694,0.00231627193053,0.0,0.818762409084,-0.573996440459,-0.0117025942485,0.0,-0.00825271967524,0.0086145914492,-0.999928838184,0.0,0.657672174599,0.255578761558,0.303621720806,1.0,-0.01284,-0.0168754285714,0.643
0.461920049381,0.523933784595,-0.124083933796,-1.39283469464,0.0772430523997,1.9077027923,0.154458258554,-0.00870326487715,-0.0705448540502,0.000114160619155,-0.112927150329,-0.0104728615443,0.0417371440395,-0.0117004707784,0.574031399999,0.818818340983,0.00228542903918,0.0,0.818779664434,-0.573971590079,-0.0117141705853,0.0,-0.00828016580388,0.00859573005715,-0.999928773603,0.0,0.657388909247,0.255233963318,0.303614106514,1.0,-0.01326,-0.0174274285714,0.664
0.461800478991,0.523016279897,-0.124092601729,-1.39429800545,0.0771573856308,1.90824572587,0.154256541049,-0.00899967619188,-0.0725396104412,0.000358154761303,-0.110670940884,-0.00283553911782,0.0472831198201,-0.014416741565,0.574025704055,0.818822344171,0.00228181316394,0.0,0.818783610973,-0.57396589825,-0.011717207386,0.0,-0.00828478778448,0.00859445491113,-0.99992874628,0.0,0.657214326529,0.25501166542,0.303609917646,1.0,-0.01352,-0.0177691428571,0.677
0.461604821244,0.521507138001,-0.124099332903,-1.39671927542,0.0770141797586,1.9092014384,0.153929850945,-0.00997220457551,-0.0686037312041,-0.00123438013432,-0.119953832683,-0.0115038662533,0.0458810814174,-0.0278765518214,0.574014562893,0.818830060749,0.00231518916042,0.0,0.818791796759,-0.573954672068,-0.0116950790077,0.0,-0.00824762741137,0.00860896930643,-0.999928928619,0.0,0.656933656033,0.254653251946,0.303600988366,1.0,-0.01394,-0.0183211428571,0.698
0.461488776172,0.520608421232,-0.124102145633,-1.39815212527,0.076918838809,1.9097245736,0.153737908866,-0.00570418452833,-0.0750015355174,-0.000783904700359,-0.123714467619,-0.00808738173175,0.0395824840895,-0.0181941314578,0.574005064145,0.818836762026,0.00230008537356,0.0,0.818798352712,-0.573945283103,-0.0116968586075,0.0,-0.00825785366645,0.00859752771933,-0.99992894266,0.0,0.656759128216,0.254437223966,0.303595675929,1.0,-0.01418,-0.0186365714286,0.71
0.461278300294,0.518982896388,-0.124105696619,-1.40070469634,0.0767630361267,1.91064282246,0.153408974477,-0.00887391435697,-0.0805349954333,5.07239698332e-05,-0.120929603173,-0.0115160854668,0.0419498937227,-0.0112186622955,0.574004194964,0.818837394911,0.00229167204431,0.0,0.818798821532,-0.573944388144,-0.0117079493348,0.0,-0.00827177368106,0.00859699592066,-0.999928832178,0.0,0.656445094663,0.254052482266,0.303601718659,1.0,-0.0146,-0.0191885714286,0.731
0.461141844629,0.517947352277,-0.124106369112,-1.40230955671,0.0766506722433,1.91121474844,0.153185334994,-0.00979652336633,-0.0794074858232,-7.97531708987e-05,-0.121117171783,-0.0106274122972,0.0452898120104,-0.0138919940247,0.573987826372,0.818848883314,0.0022865637502,0.0,0.818810318856,-0.573928118687,-0.0117014194276,0.0,-0.00826953021413,0.00858889965902,-0.99992892031,0.0,0.656247828617,0.253806341591,0.303614152888,1.0,-0.01486,-0.0195302857143,0.744
0.460925398516,0.516363929209,-0.124111465961,-1.40481747875,0.0764876484029,1.91213769918,0.152827250145,-0.00961740969568,-0.0784975627098,0.00320997703021,-0.129978910477,-0.0106500408588,0.0438833539697,-0.0161650473838,0.573964075887,0.818865555851,0.00227770332017,0.0,0.818826937271,-0.573904467174,-0.0116985579802,0.0,-0.00827252134443,0.00857976204098,-0.999928974015,0.0,0.655944632298,0.253420810829,0.303611401725,1.0,-0.01526,-0.020056,0.764
0.460789907469,0.515311780734,-0.124115937662,-1.40648239884,0.0763943409385,1.91277018602,0.152601078062,-0.0108350456031,-0.0811676446225,0.000569576671428,-0.126110047065,-0.0131610985686,0.0454781120837,-0.0139777299712,0.573955862119,0.818871260472,0.00229652201248,0.0,0.818832828058,-0.573896124389,-0.0116955122662,0.0,-0.00825931280614,0.00859334088831,-0.999928966599,0.0,0.65574408861,0.253173375809,0.303611722917,1.0,-0.01552,-0.0203977142857,0.777
0.460547448655,0.513595780248,-0.124116625074,-1.40924802597,0.0762341845056,1.91374392319,0.152230832547,-0.0159195515652,-0.0825053541984,-0.000781873137833,-0.134818927328,-0.00285818781344,0.0440345673613,-0.0164200801248,0.573953806083,0.81887286726,0.00223666031851,0.0,0.818833466107,-0.573894094898,-0.0117502989822,0.0,-0.00833855541264,0.00857574625423,-0.999928459976,0.0,0.655396839162,0.25274859269,0.303582594225,1.0,-0.01594,-0.0209497142857,0.798
0.460390266397,0.512454398336,-0.12411638986,-1.41112676639,0.0761192047143,1.91439298184,0.151960775225,-0.00950455725953,-0.0796763552842,0.0010469479198,-0.129840365547,-0.00185346903354,0.0457956867708,-0.0210284003262,0.573928480156,0.818890819218,0.00216165839214,0.0,0.818850339016,-0.573868954384,-0.0118022196783,0.0,-0.00842438289518,0.00854386920563,-0.999928013445,0.0,0.655155334992,0.252463300931,0.303544310399,1.0,-0.01622,-0.0213177142857,0.812
0.4601655571,0.510839093066,-0.124122770613,-1.4136947595,0.0759584358546,1.91537336112,0.151598070713,-0.00743567768463,-0.0855076106691,0.00151246943012,-0.136540698351,-0.00608631676202,0.0539473530261,-0.0153373894668,0.573911076976,0.818902969806,0.00217914372002,0.0,0.818862772647,-0.573851541968,-0.0117861891695,0.0,-0.00840140208276,0.00854880877937,-0.999928164576,0.0,0.654848540796,0.252069406788,0.303538375917,1.0,-0.0166,-0.0218171428571,0.831
0.46001059866,0.509707897484,-0.124133762604,-1.41549346395,0.0758421759928,1.91606304645,0.151343806876,-0.0117063753669,-0.0939644279579,-0.000780071305015,-0.142897643772,-0.0141898667591,0.0529440867641,-0.0148088960623,0.573900083437,0.818910645017,0.00219011639494,0.0,0.818870694848,-0.573840613775,-0.0117678376893,0.0,-0.00838019116092,0.00854714972499,-0.999928356747,0.0,0.654634621732,0.251790961241,0.30353417815,1.0,-0.01686,-0.0221588571429,0.844
0.459754645614,0.507850581737,-0.124138476533,-1.41842428595,0.0756551672566,1.91710242696,0.150938251512,-0.00925071092027,-0.0866181216417,-0.00155886370777,-0.143537365467,-0.00874745340269,0.0460184864276,-0.0129829232997,0.573882318725,0.818923182725,0.00215683827677,0.0,0.818882770173,-0.573822949538,-0.0117889014774,0.0,-0.00841672346503,0.00853180408161,-0.999928180964,0.0,0.654266097239,0.251337760553,0.303528836374,1.0,-0.01728,-0.0227108571429,0.865
0.459594163071,0.506686387831,-0.124141458424,-1.42026272263,0.0755454477752,1.91777919974,0.150690238449,-0.0177873884897,-0.0885723512039,0.000667164154618,-0.145821442161,-0.00574726477346,0.0494809037503,-0.0228225798954,0.573878356214,0.818925952904,0.0021593587699,0.0,0.818885520957,-0.573818924827,-0.011793726231,0.0,-0.00841926966138,0.00853659621025,-0.999928118628,0.0,0.65403868801,0.251056421004,0.303526657195,1.0,-0.01754,-0.0230525714286,0.878
0.459332872093,0.504799998068,-0.124150507603,-1.4231485059,0.0753595741269,1.91889906349,0.150285838584,-0.0110868643999,-0.0964040391665,-0.000965093864985,-0.146769018067,-0.00799585293238,0.0604821809546,-0.0153409579281,0.573866496475,0.818934011279,0.00225306350456,0.0,0.818894939523,-0.573806853889,-0.0117268646116,0.0,-0.00831086500481,0.00857484210387,-0.999928698261,0.0,0.65369768373,0.250608632154,0.303568827568,1.0,-0.01794,-0.0235782857143,0.898
0.459160327045,0.503525154207,-0.124150800937,-1.42504374593,0.0752388859583,1.91960801293,0.150014590174,-0.0175414195607,-0.0976672256458,0.00116564141578,-0.139520679926,-0.0115560811283,0.0554130865133,-0.0190633637743,0.57385060114,0.818944942968,0.00232698525679,0.0,0.81890685179,-0.573790707713,-0.0116849789743,0.0,-0.00823431045831,0.00861118217142,-0.999929019317,0.0,0.653467464182,0.250316233398,0.303618649609,1.0,-0.0182,-0.02392,0.911
0.458851342562,0.501326632218,-0.124163173817,-1.42830625444,0.0750333289266,1.92080692527,0.149565224182,-0.0140770371588,-0.0984041159291,-0.00193242538479,-0.149304232219,-0.0149305536102,0.0614744782101,-0.02433879131,0.573855776054,0.818940991507,0.00243877444398,0.0,0.818904392752,-0.573795524532,-0.0116206049637,0.0,-0.00811738817447,0.00866584122907,-0.999929503118,0.0,0.65307103469,0.249797244369,0.303704810108,1.0,-0.01864,-0.0244982857143,0.933
0.458691890034,0.500113386609,-0.124157751908,-1.43014119909,0.0749118077924,1.92144712539,0.149310962075,-0.0113512956957,-0.098477667838,7.48012486201e-05,-0.152546914234,-0.0122598767133,0.0543011268756,-0.0251862788032,0.573834609447,0.818955779351,0.00245344042478,0.0,0.818919337929,-0.573774273813,-0.0116166939153,0.0,-0.00810599368633,0.00867539785256,-0.999929512685,0.0,0.652833755752,0.249518534751,0.303733214152,1.0,-0.01888,-0.0248137142857,0.945
0.45838014032,0.498030913589,-0.124160979602,-1.43338421447,0.074711721856,1.92265828939,0.148850843618,-0.01485850199,-0.105756237581,-0.000251748179366,-0.157488857193,-0.00923773528846,0.0619244848456,-0.0223267848058,0.573826357422,0.818961436811,0.00249468337552,0.0,0.818925504109,-0.573765850901,-0.011598015374,0.0,-0.00806711852216,0.00869837422691,-0.999929627466,0.0,0.652436867345,0.249005854255,0.303746991112,1.0,-0.0193,-0.0253657142857,0.966
0.45817681905,0.496772455977,-0.124155428596,-1.43542231651,0.074587025439,1.92338232829,0.148544771459,-0.0176673232728,-0.0992229547729,0.00185054335238,-0.154199588493,-0.0106221984812,0.0461974206022,-0.0246333142116,0.573807711517,0.81897463842,0.00244923023784,0.0,0.818937997013,-0.573747238577,-0.0116365877498,0.0,-0.00812498759043,0.00868309866834,-0.999929291687,0.0,0.652177822154,0.248680432811,0.303716729447,1.0,-0.01956,-0.0257074285714,0.979
0.457859751403,0.494794065427,-0.124163224001,-1.43863025592,0.0743867022321,1.92448607306,0.148081273984,-0.0162731890802,-0.102251283102,0.00351366314113,-0.165653224443,-0.017272505052,0.0553957596119,-0.0206996427614,0.573800766438,0.818979821933,0.00234064155609,0.0,0.818941637259,-0.573740545534,-0.0117101697467,0.0,-0.00824763056315,0.0086363194799,-0.999928692746,0.0,0.651764548791,0.248157599248,0.303664097825,1.0,-0.01996,-0.0262331428571,0.999
0.457649559768,0.49350938392,-0.124159295749,-1.44075175907,0.0742570339353,1.9252459696,0.14778662002,-0.0163200096009,-0.100046604008,-0.000630938788671,-0.16660471359,-0.0100579593054,0.0582755136194,-0.0252794576749,0.573800404231,0.818980258639,0.00227573407083,0.0,0.818941113389,-0.573740304045,-0.011758538037,0.0,-0.00832449043727,0.00861091185928,-0.999928274956,0.0,0.651493553385,0.247819056618,0.303614697518,1.0,-0.0206085714286,-0.0270855510204,1.012
0.457312243796,0.491381668875,-0.124165725712,-1.44415181176,0.0740326741142,1.9264939137,0.147300326182,-0.0186689516672,-0.107729058351,-0.000322197535337,-0.175091275385,-0.0150015197927,0.059543430205,-0.025194884299,0.573792423929,0.81898593618,0.00224443348344,0.0,0.818946445953,-0.57373250753,-0.0117675556253,0.0,-0.00834991887173,0.00859037048167,-0.99992823962,0.0,0.651069263986,0.247269181889,0.303585442854,1.0,-0.0217514285714,-0.0285875918367,1.032
0.457063400045,0.489856761467,-0.124171363494,-1.44663963553,0.0738791825791,1.92735306379,0.1469507004,-0.0176234367866,-0.115228501235,-0.000533725029482,-0.175157908414,-0.0183469573726,0.0710640244162,-0.024959621679,0.573796244063,0.818983497481,0.00215593464782,0.0,0.818942727552,-0.573736538944,-0.011829614191,0.0,-0.00845148303818,0.00855353987455,-0.999927702082,0.0,0.650746009423,0.24686284537,0.303536608031,1.0,-0.0225514285714,-0.0296390204082,1.046
0.456669672779,0.48748656267,-0.12418311194,-1.45030309913,0.0736491280266,1.92873871264,0.146423090718,-0.0200926909661,-0.123072381761,0.000133289411094,-0.187375300366,-0.0105558672698,0.0737887274056,-0.0340090116947,0.573812449636,0.818971931888,0.00223479851005,0.0,0.818932263159,-0.573752512884,-0.0117791857726,0.0,-0.00836476231493,0.00858935741619,-0.999928124262,0.0,0.650281730097,0.246224766365,0.303560879946,1.0,-0.0237514285714,-0.0312161632653,1.067
0.456412684486,0.485896333769,-0.124195175152,-1.45273228406,0.0734910669233,1.92967413818,0.146070565092,-0.0188857893694,-0.126180645403,0.000886288093756,-0.187280595491,-0.00648259667264,0.0737814356642,-0.0213606342391,0.5738211977,0.818965559695,0.00232206889293,0.0,0.818927119305,-0.573761027921,-0.0117219028465,0.0,-0.00826768126896,0.00862804763667,-0.999928598571,0.0,0.649987877757,0.245823517542,0.303601071581,1.0,-0.0244942857143,-0.0321924897959,1.08
0.455967309124,0.483215370467,-0.124218259904,-1.45685386681,0.0732244332175,1.93109753371,0.145444296213,-0.0208844083254,-0.132114998545,0.000596040399845,-0.198199446996,-0.0158094974434,0.0755334965358,-0.0302040928495,0.573820783784,0.818965959022,0.00228319131893,0.0,0.818926988823,-0.573760733808,-0.0117453913693,0.0,-0.00830923015871,0.00860968243616,-0.999928412469,0.0,0.649485785174,0.245148967799,0.303613171357,1.0,-0.0256371428571,-0.0336945306122,1.1
0.455657481529,0.481343004746,-0.124243516235,-1.45972679128,0.0730460887569,1.93210085771,0.145011719859,-0.0219803933587,-0.136354116076,-0.000991627269677,-0.204174923915,-0.0172725436844,0.0788366015574,-0.0331205150486,0.573830426131,0.818959201458,0.00228370192399,0.0,0.818920202846,-0.573770336725,-0.011749424072,0.0,-0.00831213856808,0.0086125124824,-0.999928363925,0.0,0.649120846943,0.244656972451,0.303631914206,1.0,-0.0264371428571,-0.0347459591837,1.114
0.455200805622,0.478625185185,-0.124258061045,-1.46391447864,0.0727904467849,1.93366511941,0.144386696329,-0.0227684829258,-0.138868440996,-0.00179696818047,-0.20821073522,-0.0131401298405,0.0782359194074,-0.0326319990211,0.573837908722,0.818953731836,0.00236358353551,0.0,0.818915726952,-0.573777474635,-0.0117127560342,0.0,-0.00823619284439,0.00865696583062,-0.999928608487,0.0,0.648602413164,0.243957147791,0.303658066987,1.0,-0.02758,-0.036248,1.134
0.454880241616,0.47678368194,-0.12426193129,-1.46672936434,0.0726182755791,1.93468291097,0.143993789279,-0.0261955910309,-0.141634143869,6.95170931137e-05,-0.216255448404,-0.0153528176762,0.0739425400229,-0.0376584882966,0.573871007774,0.818930420704,0.00240403474921,0.0,0.818892844029,-0.573810318731,-0.0117036326498,0.0,-0.00820515883872,0.0086851895331,-0.999928618878,0.0,0.648247823645,0.243479578554,0.303681659879,1.0,-0.0283228571429,-0.0372243265306,1.147
0.454364041629,0.473738668972,-0.124269739243,-1.47143775397,0.0723151875963,1.93638610977,0.143315920097,-0.0254059801841,-0.143376081361,-0.000621680002811,-0.22472146849,-0.0042889171545,0.0745635585093,-0.032354608615,0.573888342532,0.818918186618,0.00243327628791,0.0,0.81888094812,-0.573827500845,-0.0116935444073,0.0,-0.00817993281904,0.00870351998163,-0.999928666175,0.0,0.647646981969,0.24269062419,0.303695179054,1.0,-0.0295228571429,-0.0388014693878,1.168
0.454033792128,0.471791823898,-0.124270094995,-1.47444462125,0.0721271063006,1.93742061871,0.142870721831,-0.0257125946553,-0.142062840872,-0.000538769534865,-0.227540286179,-0.011047441956,0.0833891719656,-0.0356094427937,0.573886867896,0.818919272073,0.00241569539656,0.0,0.818881629655,-0.573825904104,-0.0117241329839,0.0,-0.00821508801981,0.00870666217025,-0.999928350615,0.0,0.647249434711,0.242186863404,0.303699469819,1.0,-0.0302657142857,-0.0397777959184,1.181
0.453524497138,0.468722981375,-0.124266213912,-1.47910088518,0.0718270951065,1.93921612803,0.142128631057,-0.0306624176032,-0.152781524069,-0.000644354921193,-0.235189585065,-0.0140176732043,0.0921690917702,-0.0370369704034,0.573833670387,0.818956024402,0.00258761032832,0.0,0.818920688722,-0.573772180649,-0.0116248525722,0.0,-0.0080356989381,0.00878994868516,-0.999929079657,0.0,0.64666986423,0.241423075736,0.303758191996,1.0,-0.0314085714286,-0.0412798367347,1.201
0.453174185204,0.466663118758,-0.124269428088,-1.48224759524,0.0716048685838,1.9403457803,0.1416330423,-0.0308404374487,-0.154120070305,-0.000166509776079,-0.241126415192,-0.0201092997175,0.0855063699683,-0.0390686316785,0.573804554083,0.81897634634,0.00261242214766,0.0,0.81894144002,-0.573743100655,-0.0115982399135,0.0,-0.00799997898949,0.00879471296273,-0.999929324182,0.0,0.646262604511,0.240891186008,0.303779823449,1.0,-0.0321514285714,-0.0422561632653,1.214
0.452572071791,0.463263895748,-0.124272524506,-1.48757980752,0.0712447654762,1.942151747,0.140844571876,-0.0308329459702,-0.16463125142,0.00085582194069,-0.260761272143,-0.0171282841016,0.094286561023,-0.0435917712991,0.573805195726,0.818976255376,0.00249747668239,0.0,0.818939709586,-0.573743982696,-0.0116765270534,0.0,-0.00813004271205,0.00874550309828,-0.999928706749,0.0,0.645545012979,0.239980847367,0.30374216442,1.0,-0.0333514285714,-0.0438333061224,1.235
0.452193447185,0.461114131515,-0.124273422464,-1.49094487504,0.0710195488221,1.94334198831,0.140340449275,-0.0329869117587,-0.167090221215,0.00035719447178,-0.257698311105,-0.021468549666,0.0896982647219,-0.0421583741429,0.573798169234,0.818981258638,0.00247100862355,0.0,0.818944324156,-0.573737003842,-0.0116957793801,0.0,-0.00816107215929,0.00873480345533,-0.999928547502,0.0,0.6450991456,0.239411917641,0.30372451099,1.0,-0.0340942857143,-0.0448096326531,1.248
0.451573669612,0.457774620991,-0.124284396807,-1.49617551802,0.0706774652607,1.94519171512,0.139543906502,-0.0306139020686,-0.167307554845,-0.00229948252757,-0.268286301442,-0.0146071077919,0.0940474346625,-0.0420647981697,0.573809980195,0.818973104281,0.00243063657307,0.0,0.81893553916,-0.573748847166,-0.011729875438,0.0,-0.00821203567575,0.00872142217964,-0.999928247058,0.0,0.644411120976,0.238503654468,0.303693774374,1.0,-0.0352371428571,-0.0463116734694,1.268
0.451149816321,0.455585262699,-0.124296361533,-1.49972866985,0.0704319854536,1.94640217144,0.1390053255,-0.0292689722402,-0.170113593843,-0.0015070922299,-0.272490429161,-0.017981688817,0.093299316241,-0.0421875787367,0.573820389452,0.818966218296,0.00228928799369,0.0,0.818926775902,-0.573759745205,-0.0118083612273,0.0,-0.00835730854674,0.00865080422882,-0.999927656873,0.0,0.643931927709,0.237876674026,0.303613432131,1.0,-0.03598,-0.047288,1.281
0.450461922491,0.451786492518,-0.124348080234,-1.5054752631,0.0700399675009,1.9484796982,0.13808595706,-0.0325974991212,-0.188590062497,-0.00226326171285,-0.271737115997,-0.0181872370651,0.11169849235,-0.0392774271542,0.573823186894,0.818964004064,0.00237847257222,0.0,0.818925986839,-0.573762483206,-0.0117297845759,0.0,-0.00824175169303,0.00867878245873,-0.999928373567,0.0,0.643190382388,0.236854625003,0.303668432072,1.0,-0.03718,-0.0488651428571,1.302
0.450057434701,0.449547562944,-0.124361954343,-1.50879290309,0.0698066721282,1.94972200166,0.137584926276,-0.0362555825853,-0.18087140313,0.000576211973905,-0.272549999789,-0.0233351542056,0.0957150011684,-0.0398870651469,0.573840318422,0.818951627423,0.00250355641446,0.0,0.81891545254,-0.573779393954,-0.011637678741,0.0,-0.00809436270375,0.00872853835997,-0.999929144445,0.0,0.642767976718,0.236271997881,0.303733088085,1.0,-0.0378657142857,-0.0497663673469,1.314
0.449333574196,0.445590665142,-0.124373967907,-1.51480498857,0.0693975733307,1.95171807507,0.136694531849,-0.0313837223533,-0.188526321059,0.000357169846973,-0.28763478367,-0.0109383509118,0.0988809186225,-0.0445114883148,0.573869189103,0.818931559717,0.00244973456341,0.0,0.81889449411,-0.573808246762,-0.0116897547274,0.0,-0.00816758842817,0.00871463199592,-0.9999286703,0.0,0.641937825264,0.235215327218,0.303756332874,1.0,-0.0390657142857,-0.0513435102041,1.335
0.448880062471,0.443109819585,-0.124374823083,-1.5185980116,0.0691258505833,1.95309428873,0.136098439062,-0.0292969525545,-0.196647470996,-3.14792849056e-05,-0.28978236028,-0.0207632179551,0.105997665921,-0.0498716589452,0.573846852773,0.818947090476,0.00248987250633,0.0,0.818910676126,-0.573785909125,-0.011652549805,0.0,-0.00811432422567,0.00872593021121,-0.999929005422,0.0,0.641432307522,0.234560455337,0.303768441821,1.0,-0.0398085714286,-0.0523198367347,1.348
0.44809919209,0.4391335108,-0.124375920534,-1.52483027546,0.0687147298033,1.95528272825,0.135072971056,-0.0364599582044,-0.190275247163,0.00174096793854,-0.306447745819,-0.0188708333418,0.0992656441493,-0.0510779985574,0.573809752745,0.818973261361,0.00243140528889,0.0,0.818935854682,-0.573748774653,-0.0117113791738,0.0,-0.00819644839884,0.00871143627849,-0.999928461997,0.0,0.640585384109,0.233462403131,0.303711072197,1.0,-0.0410085714286,-0.0538969795918,1.369
0.447589008862,0.436553143711,-0.124395282003,-1.52878886553,0.0684410826303,1.95666291437,0.134445710081,-0.0376567816225,-0.201740386278,-0.00396285460083,-0.302095569404,-0.0274606765503,0.111691930408,-0.0432494201781,0.573825741111,0.818962082863,0.00242333915976,0.0,0.818924597867,-0.573764818588,-0.0117125087056,0.0,-0.00820183168237,0.00870563864568,-0.999928468348,0.0,0.640051229679,0.232743708944,0.30370942377,1.0,-0.0417514285714,-0.0548733061224,1.382
0.446741149708,0.432262393973,-0.124414198971,-1.5352209436,0.0679862165355,1.95898230065,0.133423594858,-0.0352506321176,-0.204149744085,-0.00124499709071,-0.311140553446,-0.0299601687185,0.104057337611,-0.048258525325,0.573849996707,0.818944689267,0.00255423190941,0.0,0.818909118188,-0.573788836083,-0.0116178584938,0.0,-0.008048948727,0.00875876049229,-0.999929246767,0.0,0.639197454806,0.231577065714,0.303775988544,1.0,-0.0429514285714,-0.0564504489796,1.403
