position_joint1,position_joint2,position_joint3,position_joint4,position_joint5,position_joint6,position_joint7,velocity_joint1,velocity_joint2,velocity_joint3,velocity_joint4,velocity_joint5,velocity_joint6,velocity_joint7,ee_T_00,ee_T_10,ee_T_20,ee_T_30,ee_T_01,ee_T_11,ee_T_21,ee_T_31,ee_T_02,ee_T_12,ee_T_22,ee_T_32,ee_T_03,ee_T_13,ee_T_23,ee_T_33,v_x,v_y,w_z,time
0.46509353274422927,0.5472778966014781,-0.12400070347392977,-1.355574923658775,0.07944134034439199,1.8941809746969687,0.1591294331879295,0.0011642497943990674,8.705214990238332e-05,0.0002073456380020137,-0.0013389187960523407,-4.459461433964532e-05,-0.0031737868390846217,-0.0005307081718521061,0.5737434544114536,0.8190190961095187,0.002629758385749849,0.0,0.8189857149023784,-0.5736833879712928,-0.011424362250367703,0.0,-0.00784827324722115,0.008708555280222824,-0.9999312804747976,0.0,0.6617664894119089,0.26092986939070806,0.30370108169377014,1.0,5e-324,6.9257698625524e-310,6.9255576629734e-310,0.0
0.4650935326682283,0.5472726329313258,-0.12399883890034503,-1.3555717882157143,0.07944217055041754,1.8941816867193333,0.159130246828222,-0.0009211105920706845,0.0010948955617533897,-0.0009244135906815864,-0.0004346776096821959,-0.00010135840809330497,-0.00045072109711054726,0.0007987881710022942,0.5737521864793869,0.8190129816690681,0.0026289292257407346,0.0,0.8189796054992411,-0.5736921390809022,-0.01142288204853012,0.0,-0.007847443742422855,0.008707110610283675,-0.9999312995658902,0.0,0.6617686317146905,0.2609243568604072,0.30370090948887724,1.0,-0.00012,-0.00015771428571428574,-6e-05,0.007
0.46509069575710793,0.5472797585261006,-0.12399883978094474,-1.3555745899478224,0.0794414192060375,1.8941833143234252,0.15912556746602058,-0.004091777558943823,-0.00026278175643558747,0.0011117895096424918,0.00033345736468064707,-0.000276415396173306,0.0004680732555492135,-0.0017969621680518093,0.5737413313808845,0.8190205798748222,0.002630837890932454,0.0,0.8189872061209463,-0.5736812545658134,-0.01142459063640891,0.0,-0.007847863561727175,0.008709550102095287,-0.9999312750257068,0.0,0.6617672916609509,0.2609292578500521,0.30370006351407325,1.0,-0.00032000000000000013,-0.00042057142857142884,-0.00016000000000000007,0.017000000000000008
0.4650833037614755,0.5472670604875681,-0.12400213284473403,-1.3555780081889077,0.07944084390320531,1.894181273460388,0.15912616069947125,-0.00152061776590113,0.00016998084943837041,0.00035671150417490837,0.0007037385384970932,-0.0002172414032742657,-0.0001948374291182634,-0.0041700158115787825,0.573750166036624,0.8190143730264128,0.0026364086000870823,0.0,0.8189810865117977,-0.5736900874342437,-0.011419738037868126,0.0,-0.007840599064742493,0.008711413096806925,-0.9999313157853206,0.0,0.6617691513111577,0.26092198884497125,0.303707362764226,1.0,-0.0006400000000000005,-0.0008411428571428579,-0.00032000000000000024,0.03300000000000002
0.4650843577524918,0.547219582154038,-0.12399911437038848,-1.3556149021951114,0.07944049336181559,1.8941860228695944,0.15913573999206193,0.000498284389645591,-0.009416464244777057,0.0010625538450890783,-0.0042208503321006716,-0.0003847015215828217,0.00010599578556851045,0.0015316764011793246,0.5737568997385749,0.8190096050694935,0.0026521137794485667,0.0,0.8189764823927452,-0.5736967272348819,-0.011416363203719072,0.0,-0.007828752851035625,0.008722403905357626,-0.9999313127904883,0.0,0.6617619417824516,0.2609209415374147,0.3037237464833982,1.0,-0.0010000000000000007,-0.0013142857142857153,-0.0005000000000000003,0.05100000000000004
0.46508629536905877,0.5471096779324636,-0.1239992080151498,-1.355747484543338,0.07943738047892106,1.8942107438632632,0.15913645206888516,-0.0002401187367029333,-0.002950324991980865,0.0028401768969735248,-0.012886708509817596,0.0002647129547648678,0.006910973286081425,-0.0011041652693325973,0.5737623498474237,0.8190057679682309,0.0026579754587612477,0.0,0.8189726523465527,-0.5737020816327266,-0.011422046223741112,0.0,-0.007829986437126235,0.008730517382246977,-0.9999312323248197,0.0,0.661739068552533,0.2609090448363296,0.3037406300296525,1.0,-0.0013200000000000009,-0.0017348571428571443,-0.0006600000000000004,0.06700000000000005
0.4650740529003243,0.546967932487975,-0.12399966248718515,-1.3559237161411113,0.0794344425366485,1.8942531357007135,0.15913165439716837,-3.410600876799411e-05,-0.009551094716744767,-0.0015802080066334976,-0.010044769401105656,0.00040238917603942236,0.006353428376444805,-0.0005981482990884877,0.5737816735281007,0.8189921941150281,0.0026690828297942686,0.0,0.8189591491294081,-0.573721286529275,-0.0114256002747114,0.0,-0.007826318483987404,0.00874183815740491,-0.9999311621329826,0.0,0.661714061276815,0.2608778095182104,0.3037613772158581,1.0,-0.0016600000000000013,-0.0021817142857142877,-0.0008300000000000007,0.08400000000000006
0.46505176607135895,0.5467951799907432,-0.1240052796518873,-1.3561394373189866,0.07943175992118366,1.8943482791220048,0.1591254383177094,0.0004292677763173808,-0.009712445357137688,0.0001901369664750157,-0.010270515312955064,0.0001710352573026891,0.003722413908015538,0.0008375390655091885,0.5738108904537567,0.8189715340589624,0.002726774465376132,0.0,0.8189391942068831,-0.5737502743271884,-0.011400254491262113,0.0,-0.007772145949727416,0.008774821606996885,-0.999931295766415,0.0,0.6616953478041898,0.2608477666947702,0.30379295285022656,1.0,-0.0020000000000000013,-0.0026285714285714306,-0.0010000000000000007,0.10100000000000008
0.4650211185411882,0.5466006032239378,-0.12399674281472592,-1.3563564102450067,0.07942540643861946,1.8944724741275547,0.15912920001335876,-0.0015129710521819269,-0.012775345663569183,0.0004355273522788818,-0.008519644166475548,4.1634104314577546e-05,0.01141285225606159,0.0016635183603582592,0.5738389276854118,0.8189516048030563,0.002810865447520427,0.0,0.8189203000668505,-0.5737779938083987,-0.011362343985160488,0.0,-0.007692545208960733,0.008822199918854842,-0.9999314944218928,0.0,0.6616821787734326,0.26081758422628626,0.30383399634860786,1.0,-0.0023200000000000017,-0.00304914285714286,-0.0011600000000000009,0.11700000000000009
0.4649942475858078,0.5463768081995846,-0.12400211632475226,-1.3566467775289017,0.07941538648271738,1.894600998788544,0.15911622276480744,0.0002411672565200754,-0.013855243753086305,-0.00011197215456456567,-0.018323582610196114,-1.580872565059142e-06,0.0034324167948430956,-0.0007538686921066953,0.5738676943631931,0.8189312554144954,0.002866212260084334,0.0,0.8189006564212955,-0.5738065824443161,-0.01133436180621587,0.0,-0.00763755872844013,0.008851737601415693,-0.9999316548835253,0.0,0.661655919829038,0.26077227067521264,0.30386560244698696,1.0,-0.0026600000000000018,-0.003496000000000003,-0.0013300000000000009,0.1340000000000001
0.464958428560903,0.5461322539321897,-0.12400230090537119,-1.3570131933567569,0.07940244792656814,1.894738516824862,0.15910148404235733,0.00024133196169860835,-0.017198523600117414,-0.0006251421407349435,-0.025690105473397368,-0.0008400860483868145,0.012574535734541115,-0.001486528685777376,0.5739021465052903,0.8189070487715686,0.002884200074235041,0.0,0.8188766123789253,-0.5738408967871385,-0.011334274328621777,0.0,-0.007626792022686679,0.008866739064691681,-0.9999316041519045,0.0,0.6616158548690771,0.2607154224771033,0.3038762927482954,1.0,-0.0030000000000000022,-0.003942857142857146,-0.0015000000000000011,0.1510000000000001
0.4649207949030032,0.5458684768869301,-0.12400699268745384,-1.3574192812169812,0.07937649174775874,1.8948825096070467,0.1590958157613293,-0.0023962907440399353,-0.015136228572986573,0.0021169732676159176,-0.0331708297549252,-0.005377999610146393,0.008710922103333426,-0.0007684747961578686,0.5739473884927205,0.8188753438415183,0.002883295342130052,0.0,0.8188449231663345,-0.5738861676586983,-0.01133160517934817,0.0,-0.007624635571253702,0.008864887629567136,-0.9999316370131114,0.0,0.6615706999741398,0.2606486389365326,0.3038823803438514,1.0,-0.0033200000000000026,-0.004363428571428575,-0.0016600000000000013,0.16700000000000012
0.4648792552352516,0.5455694503396337,-0.12400486767922106,-1.3579149064845386,0.07933774552988623,1.895044938251802,0.15907664016523562,-0.002008168402845874,-0.014457443966762963,0.000892453926663957,-0.028602900638566988,-0.0015641139172585814,0.0023893444477401885,-0.0008256901746759526,0.5739815677400347,0.8188515052304904,0.00284941707383102,0.0,0.8188206836241575,-0.5739204845049589,-0.011345150332588556,0.0,-0.007654801977995118,0.008845239108732694,-0.9999315805352819,0.0,0.6615097460535222,0.2605722341642752,0.303872133938499,1.0,-0.0036600000000000027,-0.004810285714285718,-0.0018300000000000013,0.18400000000000014
0.4648220398598297,0.5452343872764515,-0.12400818348615418,-1.3584699888237874,0.07929282609411657,1.8952227967023088,0.1590114291600479,-0.0004710403292887762,-0.017218441838431523,-0.0003900670398141457,-0.034294883347432976,-0.003242598634945064,0.009289326468497248,-0.013212161975502252,0.5739963189849364,0.8188413129204163,0.0028065900520986104,0.0,0.818810009948699,-0.5739354438197496,-0.01135873392798845,0.0,-0.007690347158550048,0.008818105267327264,-0.9999315474471617,0.0,0.661444800846564,0.2604757760765192,0.303860583930523,1.0,-0.004000000000000003,-0.005257142857142861,-0.0020000000000000013,0.20100000000000015
0.46476629722105944,0.5448658988126885,-0.12401313959139265,-1.3590840763405827,0.07927198382401146,1.895428964098144,0.15891953118660873,-0.0003874633920990082,-0.019091987227098737,-0.0011313790504495565,-0.03584549448545852,-7.049447735604401e-05,0.010766053026781125,-0.0034279060546566153,0.5739988703571435,0.8188396126323501,0.0027807398357423564,0.0,0.8188078343280287,-0.5739379113110872,-0.011390842994185687,0.0,-0.007731450306065979,0.008815392297430807,-0.9999312544044252,0.0,0.6613714171389056,0.26037860345709907,0.3038471412463513,1.0,-0.004340000000000004,-0.005704000000000006,-0.002170000000000002,0.21800000000000017
0.4646977389242046,0.5444747595892764,-0.12400948362935717,-1.359786557676091,0.07924430347535764,1.8956583905344273,0.15892269968820724,-0.004413233260007865,-0.021039118377595062,-0.0005952689576922132,-0.040707513207976324,-0.0016989570906665932,0.012539564401606132,0.001008822554667884,0.5740868444129218,0.8187781467053837,0.002718170509613581,0.0,0.8187453845021703,-0.5740258702905462,-0.011447379384937971,0.0,-0.007812714304014146,0.008797448845084321,-0.9999307807988621,0.0,0.661284637519929,0.2602682245873306,0.3038093437279534,1.0,-0.004680000000000004,-0.006150857142857149,-0.002340000000000002,0.23500000000000018
0.4646439255262898,0.5440540867440575,-0.12401478746458204,-1.3604845224989532,0.079204409395929,1.8958790697322265,0.1588805416211724,-0.005497359645347833,-0.024163380192289186,-0.000918075773051432,-0.04445260150281515,-0.0029314280310042025,0.011314193951724717,-0.011477812101094137,0.5741282449214972,0.8187492762843629,0.002669806809796089,0.0,0.8187158451119482,-0.5740673713237336,-0.011478895647892274,0.0,-0.007865839968807742,0.008776340322276505,-0.9999305497944009,0.0,0.6611967342589931,0.2601607624011108,0.30379407770250844,1.0,-0.005000000000000004,-0.006571428571428577,-0.002500000000000002,0.25100000000000017
0.4645770811314028,0.5435903792491799,-0.12401764846708556,-1.361248037956348,0.07916772519651749,1.8961511760512588,0.15883933842668452,-0.0046725008199830186,-0.03026302553719332,-0.0002493053554757764,-0.04759675280569306,-0.001882891768456888,0.016417864158423674,-0.007924803806319752,0.5741840267575499,0.8187102241105427,0.00264938758178082,0.0,0.8186764483208154,-0.5741231229391656,-0.01150041619261365,0.0,-0.007894585641328389,0.008772515392645702,-0.9999303568205326,0.0,0.661107707263067,0.2600429000266879,0.3037824173121751,1.0,-0.005340000000000004,-0.00701828571428572,-0.002670000000000002,0.2680000000000002
0.4645017646850494,0.5430795662518647,-0.12401271296055243,-1.3620651043994412,0.07912233477527168,1.8964402396922209,0.15874634108364666,-0.0093524415497939,-0.03311826130600118,0.0005744253334538243,-0.04276883625681656,-0.0005259554642279168,0.01752669668838419,-0.0021103985021159915,0.574199457565578,0.8186994392719875,0.0026377961137546025,0.0,0.8186654351099851,-0.5741385028625585,-0.011516587520915337,0.0,-0.007914315809196604,0.008772459707747829,-0.9999302013420477,0.0,0.6610117711647261,0.2599179631131631,0.30377974284236925,1.0,-0.005680000000000004,-0.007465142857142863,-0.002840000000000002,0.2850000000000002
0.46443548012097124,0.5425461184997045,-0.12402404658855334,-1.3629406914064135,0.07906713342600385,1.8967387268183973,0.1587097267602745,-0.0053514463645257275,-0.03397076955205725,-0.0010633550127869618,-0.05143044382784852,-0.0026195339597297708,0.015615403807709245,-0.006160841148528627,0.5742655946391108,0.818653184720387,0.002595546602293222,0.0,0.8186186712624831,-0.5742048132665359,-0.011534746776473426,0.0,-0.007952734946200524,0.008748939571570066,-0.9999301025888002,0.0,0.6609066459548992,0.25978197918440465,0.30376649952789697,1.0,-0.0060200000000000045,-0.007912000000000008,-0.0030100000000000023,0.3020000000000002
0.4643562212082611,0.5419727792350547,-0.12402436447267365,-1.3638501243009893,0.07900996683656644,1.8970625722551324,0.15862435780287773,-0.004528599610413171,-0.03402804052799194,0.001785092992465885,-0.05283791380094896,-0.0029868985325909652,0.018244883240775226,-0.006023017502654698,0.5742960652494837,0.8186318482800227,0.0025832773375897705,0.0,0.8185971752557804,-0.5742353203294456,-0.011541596536208787,0.0,-0.007965062767228637,0.008743125341151,-0.9999300553210625,0.0,0.6608006460108614,0.25964171945858394,0.30376713097452523,1.0,-0.0063600000000000045,-0.00835885714285715,-0.0031800000000000023,0.31900000000000023
0.4642830892132864,0.5414061403202576,-0.12402426761711896,-1.3647293868204315,0.07895723676942658,1.8973810209915396,0.15857996953765147,-0.007964956806554848,-0.034747277497057215,0.0008625949668213583,-0.05954666361350791,-0.0015528739130458514,0.02518871519408522,-0.001538110173026457,0.5743542316805887,0.8185910257734262,0.0025876582112846526,0.0,0.8185563962210083,-0.5742934503360119,-0.011541490720109323,0.0,-0.007961838855149783,0.008747216626103699,-0.9999300452148342,0.0,0.6606982709748219,0.25950960100672826,0.3037768387180701,1.0,-0.006680000000000005,-0.00877942857142858,-0.0033400000000000027,0.33500000000000024
0.4641914343174893,0.5407612581089482,-0.12402723300331134,-1.365709094422004,0.07889890033863031,1.8977372219591555,0.15850451132727475,-0.0019307237451886348,-0.03616183671133891,0.0002628521045534878,-0.05700494159495233,-0.0031863152367946944,0.022532580197276397,-0.0073514030310391845,0.5744082606653161,0.8185530582815964,0.002605332704300193,0.0,0.8185186546554043,-0.5743474104481469,-0.011533039227507123,0.0,-0.007944191389188726,0.008757355029132247,-0.9999300968348066,0.0,0.6605879864284067,0.2593542363185751,0.30379734225529065,1.0,-0.007020000000000005,-0.009226285714285723,-0.0035100000000000027,0.35200000000000026
0.4640937191832924,0.5400665861447376,-0.12403638046497077,-1.3667464775961478,0.07884722106313857,1.8981358973555902,0.1584022839295062,-0.009755186455282063,-0.046168237058444445,-0.000514068204906963,-0.06158598679387833,-0.003312202054845843,0.024371735965776957,-0.003822642903281496,0.5744546873469917,0.8185203134159917,0.002656240136926399,0.0,0.8184865354852545,-0.574393626553495,-0.011510860318743724,0.0,-0.007896297618737835,0.008786733624439144,-0.9999302184633334,0.0,0.6604766094261104,0.2591890567520415,0.30382939438607187,1.0,-0.007360000000000005,-0.009673142857142866,-0.0036800000000000027,0.36900000000000027
0.46400051930759306,0.5393615194897926,-0.12403611503562588,-1.3678700722549813,0.07877450156045494,1.898545561937033,0.15835523750734307,-0.008245885447329257,-0.041141001499115024,4.468094222552834e-08,-0.06245394960152295,-0.0059973785017474485,0.01954482781302922,-0.004345611078185555,0.5745350151061946,0.818463970447047,0.002644314313398852,0.0,0.8184300669104735,-0.5744740153692937,-0.011514258274280976,0.0,-0.007905067879456884,0.008779699928428086,-0.9999302109502383,0.0,0.6603454344453557,0.2590195803003642,0.30382825485621734,1.0,-0.007700000000000006,-0.01012000000000001,-0.003850000000000003,0.3860000000000003
0.4639003264542583,0.5386193935869459,-0.12404142903440545,-1.369011752301768,0.07871406571911262,1.898983926187131,0.15825002822279877,-0.00936354559220589,-0.04484369849023713,-0.00015292992981068624,-0.06371204132389621,-0.004023286277736039,0.02723108342023137,-0.004877646287899877,0.5745816566264288,0.818431113327451,0.0026794602489908217,0.0,0.8183976329643676,-0.574520501098497,-0.011500220739639713,0.0,-0.007872885195967516,0.008800849253168097,-0.9999302789350437,0.0,0.6602189570788077,0.258844528434331,0.30384727418990753,1.0,-0.008040000000000005,-0.010566857142857152,-0.004020000000000003,0.4030000000000003
0.46379676021640787,0.53784934764296,-0.12404676498141506,-1.37021473950744,0.07864456246730842,1.899449557870281,0.1581599032993635,-0.008026763621656668,-0.046151200182126706,0.0005004387399351027,-0.06961203328020713,-0.0023840123015951486,0.035659755542077544,-0.008822613247633988,0.5746443373225328,0.8183870184662515,0.0027056404555420672,0.0,0.8183538957042732,-0.57458311060023,-0.011484654971375217,0.0,-0.007844428260578518,0.00881393304809551,-0.9999303873417829,0.0,0.6600856170455218,0.25866072175711613,0.3038590616671181,1.0,-0.008380000000000007,-0.011013714285714297,-0.004190000000000004,0.4200000000000003
0.46370051059237344,0.537055927124395,-0.12405779799334467,-1.3714640164889051,0.07855918779826707,1.899919391703396,0.15808639176704264,-0.0025422428670296275,-0.046229939392831494,-0.0007555225067131613,-0.07358822222200555,-0.004463939900694314,0.026145246786574955,-0.002952418246718014,0.5747167436880826,0.818336166532747,0.0027073917823576543,0.0,0.818303202839786,-0.5746556557207582,-0.011467016678354019,0.0,-0.00782820718739391,0.008805923393359005,-0.999930585033492,0.0,0.6599430435585376,0.25847098678499564,0.3038657079245414,1.0,-0.008720000000000007,-0.01146057142857144,-0.004360000000000004,0.43700000000000033
0.46358085912982183,0.5362237267528034,-0.12405886389935966,-1.3727950582192445,0.07849445947836521,1.9004019950858952,0.15797697687743234,-0.008195400484961557,-0.04537037237384255,-0.0003954782775439256,-0.08221158004197127,-0.0008854753523867854,0.02253367428050996,-0.005968699493062444,0.5747817814159475,0.8182905092441721,0.002700580387961125,0.0,0.8182573107985622,-0.5747205423686226,-0.011489926258683253,0.0,-0.007850169724210099,0.008814139628653225,-0.9999303404627282,0.0,0.6597874250133204,0.2582666114372079,0.3038614895050943,1.0,-0.009060000000000007,-0.011907428571428583,-0.004530000000000004,0.45400000000000035
0.4634743661102411,0.5354042129322477,-0.12406731709072177,-1.3740644078407391,0.07840969166451928,1.9008588772476194,0.1578846590582371,-0.0058760813877261064,-0.05369897748931991,0.0011024130511080987,-0.0858473141131629,-0.002216104082327102,0.03446220224259855,-0.005563038609902828,0.5748430826320332,0.8182474543231749,0.002698285558146163,0.0,0.8182142724290613,-0.5747818952503171,-0.011485825483766154,0.0,-0.00784747286402454,0.008810492711712678,-0.9999303937713991,0.0,0.6596278890840817,0.2580593876637345,0.3038730532061911,1.0,-0.009400000000000007,-0.012354285714285726,-0.004700000000000004,0.47100000000000036
0.46335180434539314,0.5344593838241924,-0.12406586483326394,-1.3755652039031747,0.07834860092213967,1.9014024429644054,0.15778817684136492,-0.010032860013066264,-0.053422605587789745,0.0006898071508251869,-0.08601340031664666,-0.007014844237917133,0.025705515515997947,-0.005793013590587989,0.5749325120972422,0.8181846012318434,0.002704023271336408,0.0,0.8181512543959462,-0.5748710264533461,-0.011514112038028457,0.0,-0.007866355984555096,0.008832307439240211,-0.9999300529481165,0.0,0.6594591749525855,0.25785007338239424,0.30387484276267007,1.0,-0.009740000000000007,-0.012801142857142869,-0.004870000000000004,0.4880000000000004
0.46322588317549207,0.5336085865110826,-0.1240697082587248,-1.3769493111971614,0.07825669295425007,1.901912864102128,0.1576941638535552,-0.007750155230597548,-0.052348642592973386,0.0013896590808385833,-0.08318135514748543,-0.005821554961151118,0.03462304523058634,-0.011319538132986836,0.5750125165320759,0.8181284668106572,0.0026766633521811386,0.0,0.8180948384881679,-0.5749511914810668,-0.011519963312810348,0.0,-0.007886010969442747,0.008814057265561379,-0.9999300591668947,0.0,0.6593000552456849,0.2576314554475567,0.3038604640271454,1.0,-0.010060000000000006,-0.013221714285714297,-0.005030000000000003,0.5040000000000003
0.46310319899967084,0.5326799120322884,-0.12407232343070154,-1.378437844468926,0.0781769169638009,1.9024701897378609,0.1575648107289784,-0.011051282275954408,-0.05235554238613427,-0.0009509499258646024,-0.09085491199987267,-0.0038350610391026845,0.025907110147565256,-0.005159332254566686,0.5750689786231369,0.8180887780168417,0.002677313851835118,0.0,0.8180550796617629,-0.575007556703688,-0.011530102967891469,0.0,-0.007893324121887091,0.008820964564409672,-0.9999299405550673,0.0,0.6591259063001269,0.257409462276226,0.3038551840197214,1.0,-0.010400000000000006,-0.01366857142857144,-0.005200000000000003,0.5210000000000004
0.4629699206963883,0.5317052624220685,-0.12407195752022553,-1.3799676391100297,0.07809589850892758,1.903053868689856,0.1574600650393885,-0.004946479804930759,-0.06142570317007674,-0.002176257817938723,-0.08712867626617002,-0.005040319191288813,0.03521892876370229,-0.0075736238472580986,0.5751539267079809,0.818028964843555,0.0027055813756729895,0.0,0.8179955489646707,-0.5750923080635371,-0.011526750684780686,0.0,-0.007873408480202737,0.008842979695959374,-0.9999299031177139,0.0,0.6589503344400026,0.2571795251151906,0.3038646619848345,1.0,-0.010740000000000008,-0.014115428571428584,-0.005370000000000004,0.5380000000000004
0.46284865962410465,0.5307866271905071,-0.12407233230399765,-1.3814638859484025,0.07799353954135982,1.903587975878522,0.1573632709201144,-0.006743704181752954,-0.06024278959576851,-0.0007242105272413292,-0.09522318363037033,-5.9405369186127095e-05,0.036257725489010406,-0.010701543104213321,0.5752281244248734,0.8179769410158569,0.0026600259758476075,0.0,0.8179429956501028,-0.5751667137107926,-0.011543578616321862,0.0,-0.007912575067630767,0.008816110429254814,-0.9999298312145198,0.0,0.658769073501356,0.25695356955984056,0.3038461134896578,1.0,-0.011060000000000007,-0.014536000000000012,-0.005530000000000004,0.5540000000000004
0.46270538095243635,0.5297803407539936,-0.12407631921906258,-1.3830984618038322,0.07788645684337217,1.9041736844725166,0.15723854979940183,-0.011625686030622985,-0.05796099181078625,0.001336528160294903,-0.09582932264536993,-0.007123534450308305,0.03528227073614111,-0.010378306878052296,0.5753061157282112,0.8179222299465922,0.002616460609359241,0.0,0.8178877652531492,-0.5752448901230822,-0.011561433202708702,0.0,-0.00795140071989947,0.008791503612450818,-0.9999297398771696,0.0,0.6585744528784578,0.25669850315693565,0.3038278725396744,1.0,-0.011400000000000007,-0.014982857142857155,-0.005700000000000004,0.5710000000000004
0.4625639420281834,0.5287235102292444,-0.12408263582675139,-1.3847622724611475,0.07778558749199226,1.9047820464980756,0.15712604530970922,-0.012112723950833758,-0.06415228137577833,-0.002730791009547129,-0.09804308595184687,-0.005969666822966583,0.037084570455771224,-0.009594811753026573,0.5753973189819169,0.8178580787830922,0.002614417499110619,0.0,0.8178235957881105,-0.575336097856177,-0.011562334411396927,0.0,-0.007952332952899488,0.008791237800074028,-0.9999297348006752,0.0,0.6583780893669641,0.25644304355166125,0.30383312364034615,1.0,-0.011740000000000009,-0.0154297142857143,-0.0058700000000000046,0.5880000000000004
0.46242478483047905,0.527616218998199,-0.12409049061974835,-1.386497534299499,0.07767638412143255,1.905435609300425,0.15701409128398505,-0.011293215501908097,-0.06433475088609414,-0.000815034383086553,-0.10451384207796778,-0.004198375948066663,0.032852579529423276,-0.0036534207687570147,0.5754897044003455,0.8177930251410988,0.0026296503533907974,0.0,0.8177588116363632,-0.5754285008661495,-0.011546137156075512,0.0,-0.007929327337029834,0.00879527214316718,-0.9999298820196894,0.0,0.6581750887402329,0.2561821130986213,0.3038435963908442,1.0,-0.01208000000000001,-0.015876571428571445,-0.006040000000000005,0.6050000000000004
0.4622827506050289,0.5264947059201753,-0.124098851382132,-1.3882508124311703,0.07757086484925037,1.9061128269136651,0.15688375323986814,-0.0072115511564878314,-0.06576146345485587,-0.0014238351740287504,-0.10077624842347224,-0.0034361998111898124,0.03839346319176018,-0.007424212908731003,0.5755716309935464,0.81773525560175,0.0026638773579398143,0.0,0.8177015395794207,-0.5755103648666672,-0.011522109255212153,0.0,-0.007889097816233925,0.008810225457487525,-0.9999300685863157,0.0,0.6579730907074625,0.25591925529680726,0.30385730420366325,1.0,-0.01242000000000001,-0.016323428571428586,-0.006210000000000005,0.6220000000000004
0.46213907308202257,0.5254062081147739,-0.12410315583457121,-1.3899608869768887,0.07746652462486239,1.9067381249893598,0.1567528513866809,-0.009093614323408272,-0.06572278410823378,-0.0012134100571971759,-0.11264982076622548,-0.005268116249072991,0.03480678831939791,-0.007104274661694715,0.5756491224040645,0.8176807057547664,0.0026642471780081887,0.0,0.8176469946175218,-0.5755878454962995,-0.011522639067093554,0.0,-0.007888483229226029,0.00881158041499612,-0.9999300614957688,0.0,0.6577688927678322,0.2556590946796339,0.303863427617052,1.0,-0.01274000000000001,-0.016744000000000016,-0.006370000000000005,0.6380000000000005
0.461984810284427,0.5242381517477399,-0.12410082505413886,-1.3918033136714003,0.07734416630568085,1.9074019186500297,0.15661429988645992,-0.008424860490278003,-0.06969621038524071,0.0003444262562195798,-0.1051698265376098,-0.01086133867588238,0.04488174761805247,-0.012100315643540069,0.5757262553489628,0.8176264490314774,0.0026487067119251454,0.0,0.8175925736549972,-0.575665060951246,-0.011526838482626135,0.0,-0.007900032206447194,0.008802035959542653,-0.9999300543808571,0.0,0.6575450413968932,0.25538092420074876,0.30386532987170556,1.0,-0.01308000000000001,-0.01719085714285716,-0.006540000000000005,0.6550000000000005
0.46182863257304946,0.5230563859090223,-0.12410191298159554,-1.3936965053626684,0.07722458987601627,1.9080927286616527,0.15647600441233314,-0.005952087778618113,-0.06787836320646361,0.000671187729957842,-0.11089588968587896,-0.011023330730403503,0.04626736873673496,-0.01005871453551423,0.5758109151976378,0.8175669027283459,0.00262610046381902,0.0,0.8175327458344557,-0.5757497971539518,-0.011538087656390361,0.0,-0.00792133428952524,0.008790849187167646,-0.9999299842657193,0.0,0.6573155290824703,0.255095973060931,0.3038548772328854,1.0,-0.01342000000000001,-0.0176377142857143,-0.006710000000000005,0.6720000000000005
0.461672595685277,0.5218162199889508,-0.12410429529870011,-1.3956537000223217,0.07710897805641459,1.9088466831387791,0.15634284697225292,-0.006285840940045468,-0.07534597313461051,-5.278289481658191e-05,-0.11113557979089923,-0.006963796701179136,0.04813132561568726,-0.0033707831487537684,0.5759050516986632,0.8175005005179222,0.0026551802415606847,0.0,0.817466723933945,-0.5758438304689001,-0.011523240551882162,0.0,-0.007891437692495895,0.008806983501013999,-0.999930078681884,0.0,0.6570845061266732,0.25480845174734656,0.3038602075200859,1.0,-0.01376000000000001,-0.018084571428571446,-0.006880000000000005,0.6890000000000005
0.46150368573685413,0.5205872741266232,-0.12410724460989932,-1.3976532589934112,0.07698476763884944,1.9096244450404722,0.1561856743562026,-0.008898592808470716,-0.07352679451287276,-2.250450820047377e-05,-0.115524803537938,-0.00637170966893353,0.04779338448119719,-0.014104753709199516,0.5759902458317079,0.8174404801037918,0.0026542599005146845,0.0,0.8174067515420438,-0.575929083873701,-0.011516934622179566,0.0,-0.007885894921926206,0.008803421460428007,-0.9999301537766876,0.0,0.6568511713122933,0.2545072388764322,0.3038392523071759,1.0,-0.01410000000000001,-0.018531428571428588,-0.007050000000000005,0.7060000000000005
0.46134471388216197,0.5192740986126737,-0.12411539159555247,-1.3997051078822023,0.07685343293545648,1.9103669524269329,0.1560439754396341,-0.007877685554477456,-0.07575598545330049,-0.00043293502316743717,-0.11957261885789573,-0.008824403418902116,0.040568564285055314,-0.009664025924953155,0.576083713513103,0.817374623921333,0.0026506783322794783,0.0,0.8173408987444459,-0.5760226071017952,-0.011513394307525501,0.0,-0.007884057491161611,0.00879935617308128,-0.9999302040484703,0.0,0.656598984388794,0.254200971629308,0.3038492417834802,1.0,-0.01444000000000001,-0.018978285714285732,-0.007220000000000005,0.7230000000000005
0.4611702914690143,0.5180097131303073,-0.12412233602581775,-1.4016723771826602,0.07672325426816208,1.91107417801381,0.15589009948168045,-0.008404492689959318,-0.07843441464738996,-0.0005806853393551014,-0.12219325347800024,-0.01229123493155604,0.04598361734969967,-0.008806430761162835,0.5761744564245221,0.8173106752287911,0.0026462845977534167,0.0,0.817276965222272,-0.5761134333971865,-0.011507427062000876,0.0,-0.007880734605394013,0.008793202273851594,-0.9999302843777912,0.0,0.6563613380363322,0.2538925100515881,0.30386175278069183,1.0,-0.014760000000000011,-0.019398857142857162,-0.0073800000000000055,0.7390000000000005
0.46099204309124203,0.5166580598564707,-0.12413096399432669,-1.4037974440409848,0.07658468551108424,1.9118366555164348,0.1557423527696132,-0.013830092651640888,-0.07661952386581904,-0.0014967773425319862,-0.12594170255815912,-0.0040717311233590065,0.04537961038582513,-0.005519290900810166,0.5762803316068066,0.8172360838209496,0.0026286128195644257,0.0,0.817202207311365,-0.5762194222704888,-0.011509850776849682,0.0,-0.007891759554800315,0.00878117788562817,-0.9999303030942056,0.0,0.6561007684693582,0.25356542518955816,0.30386485983406064,1.0,-0.015100000000000011,-0.019845714285714303,-0.0075500000000000055,0.7560000000000006
0.46080703318105126,0.5152815836162281,-0.12414126491808425,-1.4059373959876973,0.07645265166936803,1.9126601502206344,0.15556202822806106,-0.01116787382469741,-0.0809545750300411,0.00021420974987487742,-0.12853077911797822,-0.009176553806586546,0.05114857275946318,-0.00639814997578298,0.5763688882070968,0.8171734846400508,0.002673501329752465,0.0,0.8171402654181024,-0.5763079083970158,-0.011477292916817984,0.0,-0.007838330399774052,0.008799949570581542,-0.9999305583209762,0.0,0.6558504684053447,0.25323666631136715,0.3038832301560838,1.0,-0.015440000000000011,-0.020292571428571448,-0.0077200000000000055,0.7730000000000006
0.46062601603061076,0.5138908139456552,-0.12414473650869354,-1.4081699215847008,0.07631171834465429,1.9134811227129873,0.1553944562981977,-0.014162831489703147,-0.0837602057958032,0.003571892229669169,-0.13156329753863627,-0.009333197948031693,0.04409198663075632,-0.011706395688520933,0.5764617192237825,0.817108079417969,0.002649475541964749,0.0,0.8170745698633991,-0.5764008278886925,-0.011488245861727418,0.0,-0.00786012994795654,0.008787522236165093,-0.9999304964897062,0.0,0.6555751716848498,0.25290221572618055,0.30386671663903386,1.0,-0.015780000000000013,-0.020739428571428593,-0.007890000000000006,0.7900000000000006
0.4604446026721656,0.5125914863105114,-0.12414192306221751,-1.4103139085822005,0.07619587026261147,1.91422345881606,0.15522223696069595,-0.00868195368452423,-0.0739989447539355,0.0008076199790420124,-0.12851166052548602,-0.0012751269321677687,0.038036060493021454,-0.013509427620167033,0.5765483462442585,0.8170472130513274,0.0025696282372734977,0.0,0.8170124351297018,-0.5764874463418007,-0.01156079387208267,0.0,-0.007964509334777492,0.008764943564057215,-0.9999298687184894,0.0,0.6552992888905462,0.2525792832623931,0.3038209054847461,1.0,-0.016100000000000014,-0.021160000000000023,-0.008050000000000007,0.8060000000000006
0.46023323812732814,0.5110653809265385,-0.12414264046171104,-1.4127536641955485,0.0760429291049265,1.9151266660153743,0.15503849950929174,-0.009738134445921016,-0.08926869592907087,0.0010797367836995664,-0.13497009472805313,-0.009557413517428096,0.055757456122827016,-0.011821490706568545,0.5766576880365197,0.8169700904823964,0.0025551882061966066,0.0,0.816935131043476,-0.5765968291716819,-0.011568714593647304,0.0,-0.007978133994509196,0.008758779856850848,-0.999929814113663,0.0,0.6550005835052997,0.2522075077096537,0.30380671191575886,1.0,-0.016460000000000013,-0.02163314285714288,-0.008230000000000006,0.8240000000000006
0.4600478674882589,0.509691882014639,-0.1241433209288499,-1.4149497125931179,0.07590417988651701,1.9159606761383055,0.1548765688288766,-0.013955699986914507,-0.0855026523700244,0.0011258109601649763,-0.13872256335988398,-0.0019481853799036355,0.04784635849235007,-0.013196925559450678,0.5767544142551565,0.8169017975939391,0.0025584421413278567,0.0,0.8168669206718607,-0.5766935767247746,-0.011562844704769985,0.0,-0.00797042493067901,0.008758997116363368,-0.9999298736891201,0.0,0.6547338705815926,0.2518773400950508,0.3037952013766403,1.0,-0.016780000000000014,-0.02205371428571431,-0.008390000000000007,0.8400000000000006
0.4598519130467038,0.5082877749101707,-0.12415349696857236,-1.417182995736765,0.07576219806273263,1.9167556510132855,0.1546974387554738,-0.011550056127247056,-0.08201458299182421,-0.0014532765657757608,-0.14208686095582074,-0.0015638671960072703,0.053936078843524964,-0.005845700893766831,0.5768571285820876,0.8168293759206945,0.0025240321404761323,0.0,0.8167941113653028,-0.5767964581574366,-0.011574644582452935,0.0,-0.007998810913783405,0.008738699074466269,-0.9999298246189336,0.0,0.654440255544633,0.25150575238125283,0.30378553031499533,1.0,-0.017120000000000014,-0.02250057142857145,-0.008560000000000007,0.8570000000000007
0.45962730646062705,0.5066832909565145,-0.12414903603460692,-1.4196999810963409,0.07559699875243518,1.9176739508733633,0.1544937505445402,-0.013806027420099693,-0.08229568207704457,0.0014285814170153894,-0.13878648442124703,-0.013250690884148694,0.05719217592078658,-0.003800304046013192,0.5769562709013796,0.8167593523886068,0.0025236193306545406,0.0,0.8167240780746641,-0.5768955847309525,-0.011576334144738805,0.0,-0.00799936834232351,0.00874030752810133,-0.9999298061016275,0.0,0.6541611526074396,0.2511587250258695,0.303791403338354,1.0,-0.017440000000000015,-0.02292114285714288,-0.008720000000000007,0.8730000000000007
0.4594099060283134,0.5050773675560055,-0.12415850324607064,-1.4221564752208624,0.07545690734556881,1.9186052814165229,0.1543078493808324,-0.008510580014782084,-0.09003052147190198,0.0010082952396038394,-0.1445349488184654,-0.0077251822686361825,0.0649832239125165,-0.011120021519235197,0.5770736984631704,0.8166761782443193,0.0025910097451147312,0.0,0.8166417244314568,-0.5770127137058083,-0.011548551453924794,0.0,-0.007936534104257431,0.008780461016761207,-0.9999299550122223,0.0,0.653846996684087,0.2507638862109788,0.3038215086815829,1.0,-0.017800000000000014,-0.023394285714285736,-0.008900000000000007,0.8910000000000007
0.45919907263137905,0.5035242483282572,-0.12416219195879945,-1.4244965216423697,0.07529810883583199,1.9195029611865817,0.15412328207665396,-0.01868105296971791,-0.09172323078181109,0.0007387825283278316,-0.14295477323395528,-0.006118210099065602,0.05321806311407568,-0.008981916882044359,0.5771750200354999,0.8166043056295005,0.0026741682052737956,0.0,0.8165710890783484,-0.5771139309401006,-0.011485386257042285,0.0,-0.007835867009099606,0.008812896162343486,-0.9999304636070686,0.0,0.6535676834243346,0.250401966618904,0.30387050585118347,1.0,-0.018120000000000015,-0.023814857142857165,-0.009060000000000007,0.9070000000000007
0.4589636904887672,0.501848503958538,-0.12417565616218189,-1.4269872040065354,0.07513413324636979,1.9204322411837174,0.15391474598286667,-0.014338056546425896,-0.09275457746770185,-0.0005239202022675906,-0.14699462016820686,-0.011276460591157588,0.05329500962557329,-0.012502956529497889,0.5772895180725317,0.8165230732767905,0.0027622511502785867,0.0,0.8164911307535614,-0.5772282918712437,-0.01142275647054193,0.0,-0.007732643582775478,0.008849761528388234,-0.9999309415875242,0.0,0.6532693129055474,0.25000344806637853,0.3039358467645835,1.0,-0.018460000000000015,-0.02426171428571431,-0.009230000000000007,0.9240000000000007
0.4587572016792464,0.5002252235076092,-0.12417116250508735,-1.429414875496572,0.0749811093622283,1.921285849330497,0.15373941989716677,-0.013483525832437405,-0.09635943715176469,0.00013558920835549944,-0.14759641971163534,-0.012448057808458557,0.04553043086025726,-0.01270104255446788,0.5773999301691575,0.8164448512937346,0.002805768666848397,0.0,0.8164134211392784,-0.5773385000156046,-0.011407413580616758,0.0,-0.007693793940338589,0.008877477920045354,-0.9999309955794863,0.0,0.6529402903444137,0.24961164637802444,0.3039868292155234,1.0,-0.018800000000000015,-0.02470857142857145,-0.009400000000000007,0.9410000000000007
0.45849813101604026,0.4984574460731919,-0.12417455849418947,-1.4321718290550614,0.0748143428869665,1.9223165855263755,0.1535173175041112,-0.0151521380194046,-0.0905935940293161,0.00031847463276344674,-0.15683837641514037,-0.01377422081966437,0.060229473937701464,-0.015229895359439855,0.5775215702024886,0.8163587005607875,0.002838110421182838,0.0,0.8163276426775675,-0.5774599745507916,-0.011397565244085467,0.0,-0.007665753970148126,0.008899339105887402,-0.9999310166104196,0.0,0.652618380210059,0.24920606739603562,0.30399694318587595,1.0,-0.019140000000000015,-0.025155428571428596,-0.009570000000000007,0.9580000000000007
0.4582565520116104,0.4968785084716955,-0.1241689058294051,-1.4346720266087492,0.07465759923772447,1.9232307916834073,0.15331758485208474,-0.016514959203527343,-0.09454705574137971,0.0015652427259649348,-0.1597478980289232,-0.006414013160611163,0.05505286465341019,-0.012697131808464652,0.5776358712893999,0.8162778574567219,0.0028295806770378728,0.0,0.816246640891156,-0.5775742307065669,-0.011409476711503799,0.0,-0.007679158169597189,0.008900330102903045,-0.9999309049398691,0.0,0.652305680324654,0.24881281253376344,0.3039866112304165,1.0,-0.019460000000000015,-0.025576000000000026,-0.009730000000000008,0.9740000000000008
0.4579935691920429,0.49520775880389917,-0.12417414509483254,-1.4373845137013503,0.0744878637952965,1.9241676845102467,0.15309787525275886,-0.01630611303817434,-0.09538026662599347,-0.00048577585536666663,-0.157738714310584,-0.012321025055004728,0.05390833593789252,-0.014459561056677703,0.5777656132665451,0.8161863476871325,0.0027365812761280753,0.0,0.8161538418940716,-0.5777041430351815,-0.011470674903499426,0.0,-0.007781423730541914,0.008861003444143478,-0.9999304636136898,0.0,0.6519558500396817,0.24837494497648369,0.30394098343537734,1.0,-0.019800000000000016,-0.026022857142857167,-0.009900000000000008,0.9910000000000008
0.4577054129676257,0.4935285288379255,-0.12418001044362172,-1.4401403833325843,0.07431217468119015,1.9251501386232692,0.15287848714524008,-0.019606739475926928,-0.09909568288740644,-0.0026819068375719393,-0.15952785419922932,-0.015227231908131885,0.055036529863629294,-0.011904140930944357,0.5779167945979883,0.8160795971021548,0.002648889650323001,0.0,0.8160459330354936,-0.5778555590798826,-0.01152106409648829,0.0,-0.007871581288554086,0.008820001871573752,-0.9999301204459254,0.0,0.6516102335558441,0.24791751153717967,0.30388399359869306,1.0,-0.02247999999999998,-0.029545142857142832,-0.02120997374999984,1.0079999999999998
