position_joint1,position_joint2,position_joint3,position_joint4,position_joint5,position_joint6,position_joint7,velocity_joint1,velocity_joint2,velocity_joint3,velocity_joint4,velocity_joint5,velocity_joint6,velocity_joint7,ee_T_00,ee_T_10,ee_T_20,ee_T_30,ee_T_01,ee_T_11,ee_T_21,ee_T_31,ee_T_02,ee_T_12,ee_T_22,ee_T_32,ee_T_03,ee_T_13,ee_T_23,ee_T_33,v_x,v_y,time
0.465085018966,0.547645035083,-0.124021681464,-1.35582071116,0.0795240356272,1.89415302712,0.159127093345,0.000961298998151,-0.000128319544318,0.000384664795952,-0.000557402890094,6.88937174385e-05,-0.00026772124837,-0.000974553738398,0.573799165674,0.818981538837,0.00212212579775,0.0,0.818940666734,-0.573739934081,-0.0118075955091,0.0,-0.00845281716765,0.00851324747386,-0.99992803466,0.0,0.661697298278,0.260889530673,0.303322381983,1.0,0.0,0.0,0.0
0.465085024907,0.547647540737,-0.124021892205,-1.35582024916,0.0795240225417,1.89415617029,0.159134469093,0.00135803825928,0.00178458220139,0.0001862572404,-5.61625341107e-05,-3.53600057001e-05,-0.000123939269293,0.00151118766405,0.573805345864,0.818977207314,0.00212270081993,0.0,0.818936349044,-0.573746117653,-0.0118065911184,0.0,-0.00845160038714,0.00851320586533,-0.9999280453,0.0,0.661698012585,0.260889646173,0.303321106921,1.0,-0.00014,-0.000184,0.008
0.465082076284,0.547645424626,-0.124019412894,-1.35582097356,0.0795246016661,1.894156041,0.159132945254,-0.000388309410099,0.000413521364743,0.000395039137505,0.000681644546005,-5.11073816692e-05,0.000124680031911,-0.00106838808326,0.573804905941,0.818977508411,0.00212544972715,0.0,0.818936686834,-0.573745667945,-0.0118050147271,0.0,-0.00844873663894,0.00851454805414,-0.999928058072,0.0,0.661699765652,0.260885819064,0.303322901014,1.0,-0.0005,-0.000657142857143,0.026
0.465073420277,0.547611443081,-0.124019439214,-1.35584083971,0.0795200058609,1.89415787854,0.159126283917,-0.00122671514174,-0.00573770238709,0.0011189450038,-0.0010706560355,-0.00016936947231,-0.00192663894253,-0.00202926179575,0.573806438702,0.818976403425,0.00213739075215,0.0,0.818935742157,-0.573747158827,-0.0117980870046,0.0,-0.00843619541391,0.00852036801301,-0.999928114384,0.0,0.661697278115,0.260880884758,0.303336938067,1.0,-0.00084,-0.001104,0.043
0.46507821094,0.547541670106,-0.124027860421,-1.35591857933,0.0795198495105,1.89417092012,0.159134908638,-6.70169466961e-05,-0.00759707443481,-0.00149956324382,-0.0132288245946,0.00015740962655,0.00544011942258,0.00126517482505,0.573819632522,0.818967144252,0.00214309819451,0.0,0.818926540001,-0.573760311351,-0.0117972073611,0.0,-0.00843206287866,0.00852467330842,-0.999928112546,0.0,0.661684594377,0.260871729858,0.30335077409,1.0,-0.00116,-0.00152457142857,0.059
0.465070120707,0.54740574774,-0.124021871189,-1.35610382236,0.079516872461,1.89421312801,0.159130927412,-0.000667160268901,-0.00475445666813,0.000124889269802,-0.0137106537933,-0.000124601896534,0.00652159089307,0.000560730151988,0.573828192142,0.81896114362,0.00214430515608,0.0,0.81892041811,-0.57376872675,-0.0118128704246,0.0,-0.0084441092085,0.0085347376749,-0.999927925039,0.0,0.661655034668,0.260852020188,0.303362348911,1.0,-0.00152,-0.00199771428571,0.077
0.465053448668,0.547245587162,-0.124025106073,-1.35630493824,0.0795129527514,1.89429464535,0.159122235278,-5.79720013162e-05,-0.0109738889288,-0.000125388643396,-0.00986283830188,-0.00012392575901,-4.08608839279e-05,0.000369824346288,0.573847206258,0.818947718599,0.00218288190519,0.0,0.818907449624,-0.573787542079,-0.0117979831523,0.0,-0.00840958285413,0.0085579826929,-0.999928017333,0.0,0.661634723853,0.260822253037,0.303387252729,1.0,-0.00186,-0.00244457142857,0.094
0.465039371625,0.547083129001,-0.124022617942,-1.35648417767,0.0795102010124,1.89438424199,0.159114635423,-0.000419022246861,-0.0132202708089,-0.000841084157752,-0.0107041293157,-0.00018839113956,0.000588015246293,0.00081725675739,0.573860147689,0.81893846834,0.00225008217863,0.0,0.8188990241,-0.573800173135,-0.0117684552897,0.0,-0.00834670390592,0.00859620309439,-0.999928216337,0.0,0.661619040095,0.260800884871,0.303424706867,1.0,-0.00216,-0.00283885714286,0.109
0.465013057137,0.546874485602,-0.124022609661,-1.356737636,0.0795100309541,1.89452715095,0.159091334567,-0.00337858365476,-0.0136889464659,-0.00010321928296,-0.0130825661991,0.000229690567714,0.00711573323988,-0.00438500534009,0.573876997469,0.818926405917,0.00234101877394,0.0,0.81888807937,-0.573816612067,-0.0117284305104,0.0,-0.00826156504399,0.00864787535228,-0.99992847784,0.0,0.661601796915,0.260765822669,0.303464259891,1.0,-0.00252,-0.003312,0.127
0.464983622595,0.546639924641,-0.124025679937,-1.35707087768,0.0795024840715,1.89465820109,0.159048451239,-0.00108151754967,-0.0139727333889,-0.000617837850151,-0.0200649126254,-0.000601024781975,0.0082359096833,-0.012624184399,0.57388479859,0.818920841605,0.00237487570326,0.0,0.818882870744,-0.573824198547,-0.0117209242116,0.0,-0.00823590653944,0.00867137221482,-0.999928486017,0.0,0.661566486748,0.260715772426,0.303483237071,1.0,-0.00286,-0.00375885714286,0.144
0.46494697931,0.546402172902,-0.124022612437,-1.35742228702,0.0794903292662,1.89478489373,0.158930988628,-0.00418566573545,-0.0119142927835,-0.000455899034493,-0.024802869168,0.000173449584101,0.012189878201,-0.0103958770848,0.57383887775,0.818952978088,0.00238934399191,0.0,0.818915066899,-0.573778094814,-0.0117285130544,0.0,-0.00823430598678,0.00868711381763,-0.999928362563,0.0,0.661525269352,0.260653712521,0.303492011731,1.0,-0.00318,-0.00417942857143,0.16
0.46490478507,0.546107808903,-0.12402021732,-1.35790489649,0.0794721089323,1.89494762652,0.158912741117,-0.00206835132561,-0.0176445261307,-0.00019761330524,-0.0303763493539,-0.00259447527676,0.00435308204476,-0.00187858575106,0.573872907657,0.818929167483,0.00237726800124,0.0,0.818890993746,-0.573812053964,-0.0117479354657,0.0,-0.00825678094461,0.00868871252527,-0.999928163341,0.0,0.661467858101,0.260589490687,0.303487972721,1.0,-0.00352,-0.00462628571429,0.177
0.464863535755,0.545790360331,-0.124029241994,-1.35842521968,0.0794444886157,1.89511381796,0.158862066559,-0.00116308972841,-0.0198709579001,-0.000463191833222,-0.0266786185776,-0.00169572399097,0.00970600667697,-0.00183401430724,0.573893131236,0.818915085148,0.00234608991527,0.0,0.818876477415,-0.573832361618,-0.0117678543889,0.0,-0.0082907707853,0.00867481566579,-0.999928002755,0.0,0.661404284353,0.260506186514,0.303479756551,1.0,-0.00386,-0.00507314285714,0.194
0.464805868094,0.545475119875,-0.124026862049,-1.3589895996,0.0793781591123,1.89529720509,0.158789483434,-0.00374366078299,-0.0216218699971,-0.000432207554023,-0.0355430513548,-0.00645541168618,0.0122363317755,-0.000375928288372,0.573893109928,0.818915308046,0.00227233954709,0.0,0.818875969654,-0.573832857094,-0.0117790212895,0.0,-0.00834223836713,0.00862082938744,-0.999928041591,0.0,0.66133773893,0.260408266264,0.303450030872,1.0,-0.00418,-0.00549371428571,0.21
0.464739356745,0.545061404589,-0.124031469786,-1.3597169457,0.0793478262651,1.895522676,0.158689572516,-0.00610566026635,-0.0244992195189,-0.000880191447387,-0.0422128912475,-0.000585723647728,0.0173747864501,-0.00534862713918,0.573901364965,0.818909710514,0.00220368319856,0.0,0.818869311133,-0.573841204304,-0.011835135366,0.0,-0.0084275053115,0.00859689440071,-0.999927532655,0.0,0.661246558652,0.26029108776,0.303416375975,1.0,-0.00454,-0.00596685714286,0.228
0.464676970855,0.544686409104,-0.124028994341,-1.36033362126,0.0793225961635,1.89573192064,0.158629005527,-0.00565494210512,-0.0236749269923,-0.000290228342448,-0.0436013968987,-0.00122593741273,0.0189992782404,-0.00360142308557,0.573928753577,0.818890570963,0.00218300409324,0.0,0.818849752386,-0.573868518391,-0.0118639588342,0.0,-0.00846268963201,0.00859678498216,-0.999927236439,0.0,0.661173495429,0.26019310518,0.303406322754,1.0,-0.00484,-0.00636114285714,0.243
0.464606688484,0.544276069468,-0.124027528782,-1.36102303859,0.0792922545505,1.89596595759,0.158525785013,-0.00835858389354,-0.025557777747,-0.000353675339046,-0.0434165010338,-0.00209021787272,0.0136601777761,-0.00539431470723,0.573931983044,0.818888414009,0.00214269485194,0.0,0.818846925965,-0.573871762662,-0.0119020485106,0.0,-0.00851698153509,0.00858567069755,-0.999926870968,0.0,0.661085452581,0.260075798154,0.30338277793,1.0,-0.00518,-0.006808,0.26
0.464529148476,0.543701914838,-0.124032852632,-1.36197365826,0.0792473371989,1.89630558795,0.158425684339,-0.0023949981365,-0.0299454829031,0.000436312615155,-0.0519110544923,-0.000110788535874,0.00970666580551,0.000330920394485,0.573957345201,0.818870686313,0.00212412048179,0.0,0.818828840148,-0.573897080228,-0.01192555021,0.0,-0.00854662149153,0.00858421352175,-0.999926630578,0.0,0.660980091822,0.259938133094,0.303372206683,1.0,-0.00556,-0.00730742857143,0.279
0.464458479871,0.543202394272,-0.124037497961,-1.36275932282,0.0791994083909,1.89656965428,0.15831153085,-0.00128964901979,-0.0344366858683,-0.0018477035088,-0.0529553059121,-0.00230307390314,0.0169652818788,-0.0096227746708,0.573955807793,0.818871813972,0.00210472888932,0.0,0.818829697172,-0.573895604419,-0.0119377200459,0.0,-0.00856773276603,0.00857530337241,-0.999926526364,0.0,0.660887131658,0.259812191762,0.303374654578,1.0,-0.00588,-0.007728,0.295
0.464390077771,0.542685607711,-0.124041515622,-1.36359964307,0.0791456119572,1.89686333359,0.158200757563,-0.0014308579664,-0.0331556896255,0.000749911858282,-0.0592062217875,-0.000985992242937,0.0164800182019,-0.00873213603116,0.573951182231,0.818875119606,0.00207985739633,0.0,0.818832678671,-0.573891081972,-0.0119506181409,0.0,-0.00859261768251,0.00856229146412,-0.999926424336,0.0,0.660780552843,0.259674846067,0.303369798911,1.0,-0.00622,-0.00817485714286,0.312
0.46430835966,0.542061884135,-0.124043910399,-1.36457470101,0.079088835085,1.89722705356,0.158092555,-0.00500117656859,-0.0314625417031,0.000365734767944,-0.0543572468401,-0.00303514580088,0.0178578963244,-0.00826417403395,0.573975354067,0.818858159381,0.00208677767399,0.0,0.818815811375,-0.573915224914,-0.011946905661,0.0,-0.00858535299636,0.00856608088464,-0.999926454282,0.0,0.66067656515,0.259535470704,0.303374378235,1.0,-0.00656,-0.00862171428571,0.329
0.464228047112,0.541461851724,-0.124041818031,-1.36547453499,0.0790317074733,1.89754269969,0.157959824104,-0.00519913171032,-0.0404868191245,0.00196324877846,-0.0578191716219,-0.00650698720013,0.0219703471946,-0.00817966088214,0.573965529218,0.818865010962,0.00210047434861,0.0,0.818822825502,-0.573905328898,-0.011941557722,0.0,-0.00857321543403,0.00857412391708,-0.999926489486,0.0,0.660571312191,0.259396867644,0.303397604566,1.0,-0.00688,-0.00904228571429,0.345
0.464156744882,0.540874502933,-0.124046040174,-1.36638006296,0.0789828824507,1.89787876784,0.15784328635,-0.00197627586837,-0.0392002790983,0.000142993660136,-0.0638404516651,-0.00292070950485,0.0228510513262,-0.00472740237559,0.573968651476,0.81886277808,0.00211771090566,0.0,0.818820779539,-0.573908342199,-0.0119370285153,0.0,-0.00855958117543,0.00858567115497,-0.99992650721,0.0,0.660466989751,0.259262446176,0.303411074865,1.0,-0.00718,-0.00943657142857,0.36
0.464058799298,0.540167025284,-0.124045914986,-1.36744060135,0.0789230002553,1.89826366223,0.157728953687,-0.00252553220641,-0.041873092005,0.000308618860097,-0.065532123317,-0.00206561092765,0.0215210053139,-0.00418471255838,0.573997822252,0.81884225272,0.0021475828851,0.0,0.818800591756,-0.573937335271,-0.01192782558,0.0,-0.00853459388701,0.00860515372017,-0.999926553321,0.0,0.660346138092,0.259097660231,0.303439661428,1.0,-0.00752,-0.00988342857143,0.377
0.463962919393,0.539422932252,-0.124056003858,-1.36859320566,0.0788558857569,1.89869463393,0.157583676604,-0.00494494286674,-0.0457891451904,-2.66411141472e-05,-0.069001020043,-0.00404092837457,0.0244108077832,-0.00250738334218,0.574010338542,0.818833432633,0.00216512129527,0.0,0.818792024553,-0.573949803383,-0.0119159819368,0.0,-0.00851469738508,0.00861284669834,-0.99992665671,0.0,0.66021615935,0.258919830864,0.303454517062,1.0,-0.00786,-0.0103302857143,0.394
0.463854027676,0.538670598729,-0.124049274978,-1.36975391727,0.0787915283555,1.89914033362,0.157434845982,-0.00637440596861,-0.0419796270381,0.00132231019271,-0.0641830943842,-0.00100492844497,0.0218597546165,-0.00343763145568,0.574019963074,0.818826590421,0.00220084371429,0.0,0.818785576931,-0.573959210813,-0.0119058907491,0.0,-0.00848582878511,0.00863640433603,-0.999926698928,0.0,0.660086592982,0.258743767495,0.303471943072,1.0,-0.0082,-0.0107771428571,0.411
0.463737668539,0.537889444332,-0.124060270875,-1.37096784121,0.0787129715552,1.89961225572,0.157284052812,-0.0101673943716,-0.0477631046884,0.000215216714302,-0.0682419766728,-0.00804704431545,0.0297880999868,-0.00983188824498,0.574045625368,0.81880852846,0.00222724465188,0.0,0.818767981824,-0.573984889991,-0.0118779166022,0.0,-0.00844749727824,0.00864222906234,-0.999926973167,0.0,0.659957228937,0.258546052234,0.303487103684,1.0,-0.00854,-0.011224,0.428
0.463643099353,0.537124381038,-0.124068779919,-1.37217112858,0.0786555290199,1.90005203342,0.157133836266,-0.008275202678,-0.0530338882133,-0.00269637589378,-0.0794794077621,-0.00394838010038,0.0290493147015,-0.00820898336568,0.574056993859,0.81880053839,0.00223451005589,0.0,0.818759971743,-0.573996110872,-0.011887820521,0.0,-0.00845131647516,0.008653980518,-0.999926839259,0.0,0.659815853268,0.258366455302,0.303492996648,1.0,-0.00886,-0.0116445714286,0.444
0.463525435012,0.53623455338,-0.1240754048,-1.3735635845,0.0785671150872,1.90058318085,0.156969266571,-0.00527179848727,-0.0495717937957,-0.000660263090975,-0.0810303304242,-0.00430723115318,0.031959718955,-0.0143812059797,0.574076315829,0.818786939655,0.00225343202864,0.0,0.818746698784,-0.574015436921,-0.0118687955367,0.0,-0.00842467220544,0.00865875115721,-0.9999270228,0.0,0.659659101116,0.258153100952,0.303504605196,1.0,-0.00922,-0.0121177142857,0.462
0.46340808837,0.53535484427,-0.124076484226,-1.37494301243,0.0784835972479,1.90107245604,0.156800725757,-0.00625225566402,-0.0525869451169,0.000829340353789,-0.0866404073751,8.36442457249e-05,0.0342824643059,-0.00794392260047,0.574088658914,0.818778330308,0.00223705750524,0.0,0.818737804463,-0.574027769633,-0.0118858796556,0.0,-0.00844793021719,0.00865527890272,-0.999926856636,0.0,0.659482171463,0.25793199743,0.303506055323,1.0,-0.00958,-0.0125908571429,0.48
0.463289306619,0.53446880828,-0.124077197694,-1.37638798002,0.0784119278578,1.90158896421,0.156628475009,-0.00603632986217,-0.0539398637146,0.000800956472607,-0.0876545853049,-0.00456530466101,0.0362274786221,-0.0100572218146,0.574105211132,0.818766782179,0.00221581877705,0.0,0.818725828929,-0.574044250546,-0.0119147958707,0.0,-0.00848362438223,0.00865466109299,-0.999926559783,0.0,0.65932012812,0.257727373865,0.30349345654,1.0,-0.0099,-0.0130114285714,0.496
0.463161960017,0.533552272876,-0.124080153513,-1.37786378904,0.0783245808392,1.90212678846,0.156433889427,-0.00821302137095,-0.0556438005027,-0.000956480567069,-0.0828164758329,-0.0164409466469,0.0348705764978,-0.0141387625535,0.574109638007,0.818763728767,0.00219702156429,0.0,0.818722493558,-0.574048715006,-0.0119288827309,0.0,-0.00850590286399,0.00864740400933,-0.999926433304,0.0,0.659146573488,0.257500908288,0.303484174505,1.0,-0.01024,-0.0134582857143,0.513
0.463046457989,0.532720095228,-0.124082258541,-1.37920164922,0.078253437099,1.90263330978,0.156281265265,-0.00537865606274,-0.0534889396395,-0.000906373013523,-0.0944730983253,-0.00599114169898,0.0379033417351,-0.0113457340313,0.574134934889,0.818745980107,0.00220079501833,0.0,0.818704715586,-0.574073913591,-0.0119363860768,0.0,-0.0085096129446,0.00865506413935,-0.999926335463,0.0,0.65899217611,0.257298517709,0.303478169363,1.0,-0.01054,-0.0138525714286,0.528
0.462914522037,0.531746774288,-0.124082978245,-1.38074837443,0.0781649532329,1.90320421112,0.156086598758,-0.00156595176587,-0.0617064941904,-0.000682895369121,-0.0964850646321,-0.00275028513313,0.032390413262,-0.00655179581035,0.574144783198,0.818739075188,0.00220036094559,0.0,0.818697739563,-0.574083695864,-0.0119443827275,0.0,-0.00851630548942,0.00865940228423,-0.999926240926,0.0,0.658810186472,0.25706475443,0.303477595921,1.0,-0.01088,-0.0142994285714,0.545
0.462751789033,0.530625834079,-0.124075663705,-1.38256781203,0.0780596021156,1.90384480098,0.15585123473,-0.0116782964963,-0.0583126413009,0.00112752390154,-0.100281343108,-0.00497215601855,0.0371404437378,-0.017067526683,0.57415083186,0.818734953879,0.00215510398747,0.0,0.818692869811,-0.574089769267,-0.0119861856284,0.0,-0.00857645110999,0.00864641318785,-0.999925839263,0.0,0.658588894715,0.256786983747,0.303456802713,1.0,-0.01126,-0.0147988571429,0.564
0.462617511481,0.529602806248,-0.124084115024,-1.38420941894,0.0779421349489,1.90444690554,0.155634861496,-0.00350360801777,-0.0611508176752,0.000496791091942,-0.099031595708,-0.00229744309856,0.03747915281,-0.0103446304714,0.574147175713,0.818737588463,0.00212808813926,0.0,0.818695320467,-0.574086395049,-0.0119804075956,0.0,-0.00858726890699,0.00862093896587,-0.999925966372,0.0,0.658395307058,0.256534083419,0.303448543347,1.0,-0.0116,-0.0152457142857,0.581
0.462496763872,0.528652936294,-0.124091482845,-1.38568966906,0.0778549260057,1.90500300156,0.155431998998,-0.00837711345031,-0.0655785911365,-0.00119484932949,-0.101553292719,-0.0145926266104,0.0404890110201,-0.00469718798865,0.574142056105,0.818741124032,0.00214898387384,0.0,0.818699134926,-0.574081196081,-0.0119688629172,0.0,-0.00856587396515,0.00863136498351,-0.999926059937,0.0,0.65822252977,0.256310686587,0.303461339152,1.0,-0.0119,-0.01564,0.596
0.462367963184,0.527613699811,-0.124092803515,-1.38731061939,0.0777498880288,1.90561823097,0.155205794965,-0.00795809280007,-0.0676813316332,0.000358388503955,-0.105066305923,-0.00779031008179,0.0387407970799,-0.0133293187235,0.574123859277,0.818753821331,0.00217282427094,0.0,0.818712214593,-0.574062975941,-0.0119480638668,0.0,-0.00853534931322,0.00863875263165,-0.999926257164,0.0,0.65801955613,0.25605423259,0.303475420657,1.0,-0.01224,-0.0160868571429,0.613
0.462212639108,0.526398701187,-0.124095445193,-1.38921336119,0.0776343614451,1.90634225928,0.154949202429,-0.00603572443021,-0.065872220802,-7.85034197667e-05,-0.104092739242,-0.0112095725417,0.0360016852082,-0.0118212750495,0.574113599638,0.818760939243,0.00220135899495,0.0,0.818719716152,-0.574052613412,-0.0119319034561,0.0,-0.00850584436042,0.00865273064708,-0.999926387723,0.0,0.657809391177,0.255787924303,0.303487011765,1.0,-0.01254,-0.0164811428571,0.63
0.4620427875,0.525150317368,-0.124093602542,-1.39113972802,0.0775059103183,1.9070362382,0.154684086438,-0.00521767738664,-0.0726123801283,0.000933816275022,-0.106141695682,-0.00374564447228,0.0378677135735,-0.0151962396206,0.574103291992,0.818768143814,0.00220990972849,0.0,0.818727074143,-0.57404231525,-0.0119224690924,0.0,-0.00849331971415,0.00865420830107,-0.999926481397,0.0,0.657578643928,0.255491354942,0.303508353742,1.0,-0.01294,-0.0170068571429,0.648
0.461901714299,0.524046187457,-0.12410427805,-1.39290894527,0.0773963803244,1.90766813916,0.154442796395,-0.00802637062701,-0.0652497394395,-0.0016836952096,-0.113154000709,-0.00716552500829,0.0319625898824,-0.0127521291588,0.574094289575,0.818774542082,0.0021778010899,0.0,0.818733058883,-0.574033449079,-0.0119383638851,0.0,-0.00852486188221,0.00863695056935,-0.999926362196,0.0,0.657362478712,0.255222060734,0.303497801108,1.0,-0.01326,-0.0174274285714,0.664
0.461730252954,0.522767984132,-0.124101791444,-1.39495263173,0.0772782230361,1.90843121446,0.154167480062,-0.00790801882158,-0.0761095125327,0.00493104180648,-0.116624502232,-0.00685552036308,0.0392098650601,-0.00794949266988,0.574085393584,0.818780778773,0.00217809221218,0.0,0.81873920778,-0.574024460242,-0.0119488740037,0.0,-0.00853339445006,0.00864312993462,-0.999926236021,0.0,0.657117143114,0.254917674494,0.303489642906,1.0,-0.01362,-0.0179005714286,0.682
0.461582100407,0.521613762244,-0.124108203721,-1.39680209358,0.0771630093177,1.90915928238,0.153912093508,-0.0129544208134,-0.0724096976431,-0.000182367964297,-0.112977824421,-0.0064991909497,0.0479614442757,-0.0171063269693,0.574070355149,0.818791264405,0.002199903248,0.0,0.818750063701,-0.574009422334,-0.011927412229,0.0,-0.00850345946544,0.00864851120939,-0.99992644451,0.0,0.656902568679,0.254642969857,0.303483710115,1.0,-0.01394,-0.0183211428571,0.698
0.461415332384,0.520414845988,-0.12411458313,-1.39869746065,0.0770455540844,1.90987029486,0.153661510688,-0.00697685267602,-0.0790184386689,-0.00056810908169,-0.118413484194,-0.00587438304853,0.0473201622403,-0.0180616359065,0.574075805106,0.81878742071,0.00220829789513,0.0,0.818746363012,-0.574014871923,-0.0119191764383,0.0,-0.00849183939369,0.00865071323314,-0.999926524213,0.0,0.656679178876,0.254349740971,0.303485515537,1.0,-0.01426,-0.0187417142857,0.714
0.461244227192,0.519014160831,-0.124123772472,-1.40088467124,0.0768983726648,1.91065454693,0.153367232904,-0.0104848309008,-0.0778506766367,-0.00104425679524,-0.12117563708,-0.0158543991529,0.0493104184726,-0.018100137519,0.574057900146,0.818800004311,0.00219707090411,0.0,0.818758897733,-0.573997113597,-0.0119133482863,0.0,-0.0084937008009,0.00863798936068,-0.999926618401,0.0,0.656409443659,0.254020298362,0.303496113964,1.0,-0.01462,-0.0192148571429,0.732
0.461063068644,0.517670656187,-0.12412490357,-1.40299663371,0.0767616410643,1.91140662367,0.153073439879,-0.0179457440803,-0.0829637177953,-0.000240324703471,-0.132481432103,-0.0109452981206,0.0464256682922,-0.021010049249,0.574041409735,0.818811613372,0.00217913209995,0.0,0.818770271243,-0.573980695873,-0.0119226924455,0.0,-0.00851182315684,0.00862849388503,-0.999926546282,0.0,0.65614892241,0.253696694425,0.303498937891,1.0,-0.01496,-0.0196617142857,0.749
0.460887195691,0.516409247805,-0.124127374065,-1.40499641923,0.0766245794444,1.91215998597,0.152797593297,-0.013794815823,-0.0808916279999,-0.00036796277245,-0.119704322868,-0.0130280617974,0.0453276179864,-0.0193679076066,0.574030139063,0.818819508534,0.00218146589413,0.0,0.818778327217,-0.57396954944,-0.0119060529395,0.0,-0.00849697701322,0.00862073619608,-0.999926739461,0.0,0.655911312908,0.253388074328,0.303497332411,1.0,-0.01528,-0.0200822857143,0.765
0.460681734291,0.514867546492,-0.124134408003,-1.40743732605,0.0764881645174,1.91308060031,0.152462127488,-0.0143859579998,-0.0814667298212,-0.000585126462257,-0.13075241246,-0.00335117148204,0.0498759462013,-0.020179251924,0.57402093232,0.818825904735,0.00220315571482,0.0,0.818784910047,-0.57396015913,-0.0119060368019,0.0,-0.00848461110652,0.00863839131484,-0.999926692098,0.0,0.655617522719,0.253020174681,0.303496596919,1.0,-0.01566,-0.0205817142857,0.784
0.460510240795,0.513610506991,-0.124128793355,-1.40943712061,0.0763659455535,1.91377331132,0.152184172137,-0.0138055303976,-0.0853977530097,0.000861594475273,-0.13306266996,-0.00861963729331,0.0487473396469,-0.0203636280568,0.574001677537,0.818839509637,0.00216299426785,0.0,0.818797857271,-0.573940933176,-0.0119424057096,0.0,-0.00853764706275,0.00862618206367,-0.99992634607,0.0,0.655362374616,0.252717531232,0.303485634543,1.0,-0.01596,-0.020976,0.799
0.4603246125,0.512291732366,-0.124142832114,-1.4115749503,0.0762320501687,1.91452817032,0.151881476574,-0.0160340645292,-0.0877031288077,-0.000615112905127,-0.133740268716,-0.00903301555183,0.0429124672829,-0.0281889982329,0.573991627307,0.818846710276,0.00210327183172,0.0,0.818804273734,-0.573931124626,-0.0119738214914,0.0,-0.00859775670338,0.00859520673195,-0.99992609777,0.0,0.655096345436,0.252380966568,0.303457902342,1.0,-0.01628,-0.0213965714286,0.815
0.460114359985,0.510765376813,-0.124139060222,-1.41400944426,0.0760861828917,1.91545811123,0.151537972347,-0.0129019600324,-0.0836008140574,0.00109328682425,-0.13473385285,-0.0128146802016,0.0511783547012,-0.0289765467388,0.573968033327,0.818863200584,0.00212187400104,0.0,0.818820955933,-0.573907405722,-0.0119699074426,0.0,-0.0085841227869,0.00860794486145,-0.99992610533,0.0,0.654802036981,0.252016117821,0.303448509755,1.0,-0.01664,-0.0218697142857,0.833
0.459930716875,0.509355131363,-0.124144835307,-1.4162489154,0.0759488294603,1.91628860406,0.151229440337,-0.00871732381315,-0.0890679013285,0.000963592486016,-0.139003396565,-0.00150974331469,0.0441977290181,-0.018499756556,0.57394957967,0.818876139007,0.00212034495931,0.0,0.818833862568,-0.573888948841,-0.0119719176279,0.0,-0.00858684046704,0.00860765306738,-0.999926084508,0.0,0.654525373352,0.251679474762,0.303441829845,1.0,-0.01696,-0.0222902857143,0.849
0.459714855861,0.507846226419,-0.1241529326,-1.4186181571,0.0757906539758,1.91712849682,0.150902745349,-0.0115672400403,-0.0907151343627,0.00126152645132,-0.140182926172,-0.00333089642206,0.0497360151109,-0.0225827706544,0.573944584075,0.818879705873,0.00209490349639,0.0,0.818837154158,-0.573884116078,-0.0119784466544,0.0,-0.00860684074027,0.00859051479421,-0.99992605994,0.0,0.654230998037,0.251303718389,0.303442769945,1.0,-0.0173,-0.0227371428571,0.866
0.45952606703,0.506505748848,-0.12415835053,-1.42074646415,0.0756515605139,1.9179137757,0.150596774106,-0.0154669375429,-0.0903294517976,0.000504715582257,-0.148172420275,-0.00630185939972,0.0493250468098,-0.0216155979268,0.573925074856,0.818893402047,0.00208600972711,0.0,0.818850789803,-0.573864701666,-0.0119764402517,0.0,-0.00861050633136,0.00858187530825,-0.999926102568,0.0,0.653969620427,0.250973011367,0.303435345007,1.0,-0.0176,-0.0231314285714,0.881
0.459305444696,0.504901798023,-0.124165309479,-1.4232099189,0.0754990241212,1.91886856443,0.150269847088,-0.0122679274177,-0.0981738179058,-0.000499541932867,-0.147302397439,-0.0110956467358,0.0651670779648,-0.0160315594469,0.57392920423,0.818890308561,0.00216286341297,0.0,0.818848771324,-0.57386858757,-0.0119281516911,0.0,-0.00852681261453,0.00861713856288,-0.999926516495,0.0,0.653676893732,0.25059360854,0.303466776476,1.0,-0.01794,-0.0235782857143,0.898
0.459065985775,0.503131179351,-0.124171600399,-1.42585304218,0.0753296579042,1.91985857601,0.149899247527,-0.0151538346431,-0.102470601144,5.50115577738e-05,-0.151450331451,-0.00819187705331,0.0539815825939,-0.0215977107439,0.573916352045,0.818899057479,0.00225863155342,0.0,0.818858846111,-0.573855433461,-0.0118692263481,0.0,-0.00842373246332,0.00866161027777,-0.999927005955,0.0,0.653356793338,0.25018298845,0.303531417054,1.0,-0.0183,-0.0240514285714,0.916
0.458840426523,0.501443211519,-0.124174906198,-1.42837696039,0.0751664943714,1.92077694613,0.149556320449,-0.0098960638895,-0.100179492608,-0.00213393167016,-0.156115439737,-0.00854718205762,0.0448000530256,-0.0216523577815,0.573904492387,0.818907173248,0.00232854513369,0.0,0.818867902303,-0.573843334137,-0.0118293425478,0.0,-0.00835107414809,0.00869585112131,-0.999927318226,0.0,0.653023240419,0.249768418024,0.303592468008,1.0,-0.01866,-0.0245245714286,0.934
0.458598179963,0.499734304156,-0.124172367785,-1.43096771762,0.0750069164677,1.9216916645,0.149179251397,-0.0176102899156,-0.0992751511787,-0.0012304287874,-0.151323941944,-0.00380920648422,0.0565184996216,-0.0249556462437,0.573884037871,0.818921425627,0.00235725005031,0.0,0.81888241857,-0.573822657293,-0.0118274864469,0.0,-0.0083332990167,0.00871808415249,-0.999927272923,0.0,0.652714844209,0.249387442774,0.303626434573,1.0,-0.01898,-0.0249451428571,0.95
0.458374930901,0.498281549099,-0.12416965461,-1.43328522781,0.0748643839871,1.92256218347,0.148849329958,-0.0155941888564,-0.0950626741882,-6.92228724658e-05,-0.154239171127,-0.0031227012962,0.0576623030453,-0.0237068093037,0.573874289398,0.818928245817,0.00236115908833,0.0,0.818889245767,-0.573812849133,-0.0118306482921,0.0,-0.00833374907953,0.00872300061155,-0.999927226295,0.0,0.652430111427,0.249023655905,0.30361191675,1.0,-0.01928,-0.0253394285714,0.965
0.458116064228,0.496606126272,-0.124174370087,-1.435950217,0.0747027185367,1.92351532563,0.148456869174,-0.0174104402082,-0.0952334363693,-0.00065370970273,-0.152422305596,-0.0142620365807,0.0555031884203,-0.0204619475145,0.57385958938,0.818938633028,0.00233107534033,0.0,0.818899132713,-0.573798153937,-0.0118590000524,0.0,-0.00837438779795,0.00871448425585,-0.999926961029,0.0,0.652094235299,0.248596715319,0.303594083801,1.0,-0.01962,-0.0257862857143,0.982
0.457825895521,0.494820614448,-0.124175078541,-1.43885480322,0.0745165876537,1.92450616945,0.14804185014,-0.0154898203239,-0.0930800312121,-0.000780915729085,-0.16392403633,-0.0134772125517,0.0584681341886,-0.0273378085296,0.57385368072,0.818943082956,0.00221966313118,0.0,0.818901993056,-0.573792545895,-0.0119326001068,0.0,-0.00849865778558,0.00866541989008,-0.999926338944,0.0,0.651717577924,0.248123650094,0.303541448337,1.0,-0.01998,-0.0262594285714,1.0
0.457550838711,0.493024335679,-0.124210472193,-1.44165554649,0.0743458993589,1.92552504891,0.147651844643,-0.0142065123416,-0.12956797564,-0.00475622878275,-0.193372463871,-0.0060588215952,0.0715964678119,-0.0228111153438,0.573879683346,0.81892484553,0.00222560505542,0.0,0.818883895268,-0.573818584715,-0.0119224497368,0.0,-0.00848666016048,0.00866473063967,-0.999926446816,0.0,0.651373806103,0.247656942354,0.303548379554,1.0,-0.0267,-0.0350914285714,1.016
0.457253273268,0.490680600984,-0.124261018441,-1.44529453606,0.074143522027,1.92690596444,0.147104491837,-0.0249184962633,-0.156307118012,-0.00119702436844,-0.25486206889,-0.0110214009617,0.0928113984625,-0.0420964558226,0.573839723556,0.818952646241,0.00229821352921,0.0,0.818912651559,-0.573778350477,-0.0118836249578,0.0,-0.00841362292661,0.00870149972652,-0.999926744743,0.0,0.650921989913,0.247093967247,0.30356822714,1.0,-0.033868,-0.0445122285714,1.032
0.456754932758,0.487418083632,-0.124281109752,-1.45053827383,0.0738469646794,1.92882914546,0.146326631057,-0.0295101308583,-0.201913498744,-0.0051375144458,-0.317365412822,-0.0137469784642,0.127228730309,-0.0397489902049,0.573814691951,0.818970297261,0.00225796500943,0.0,0.81892950067,-0.57375319676,-0.0119368773208,0.0,-0.00848059660322,0.00869883721997,-0.999926202133,0.0,0.650218610905,0.246206126267,0.303504480849,1.0,-0.04238,-0.0556994285714,1.051
0.45616941038,0.483600675904,-0.124378822653,-1.45645531117,0.0734859164331,1.93102875101,0.145430931868,-0.0339747236544,-0.235614978506,-0.00814188186698,-0.36646454966,-0.0249542214655,0.133686122459,-0.059425700913,0.573818050573,0.818967756471,0.00232499438794,0.0,0.818928071618,-0.573756534589,-0.0118743182278,0.0,-0.00839086458579,0.00871786915398,-0.999926793395,0.0,0.649532340921,0.245264480106,0.30353529986,1.0,-0.049548,-0.0651202285714,1.067
0.455423880775,0.478871718831,-0.124482914468,-1.46391484341,0.0730408567232,1.93363229906,0.144307651843,-0.0448499740647,-0.276908348439,-0.00433720983127,-0.434415363969,-0.0299549709034,0.145173120739,-0.0699321444751,0.573828089875,0.818961038016,0.00221096880933,0.0,0.818919734154,-0.573766891059,-0.0119486668544,0.0,-0.00851707589015,0.00866725353867,-0.999926166341,0.0,0.64857185662,0.244003629808,0.303492278376,1.0,-0.057612,-0.0757186285714,1.085
0.454746590071,0.474650238302,-0.124562936219,-1.47039408944,0.0726473637014,1.93599490238,0.143384325469,-0.0537535351114,-0.312970037786,-0.0105091498067,-0.479537796732,-0.0317000260564,0.177675860283,-0.0727375124109,0.573891877879,0.81891611781,0.00229159271272,0.0,0.818875942527,-0.573830426869,-0.0118986911311,0.0,-0.00842920661189,0.00870525994326,-0.999926580767,0.0,0.647758188866,0.242903264185,0.303537644001,1.0,-0.063884,-0.0839618285714,1.099
0.45375654167,0.468666737421,-0.124625991002,-1.4795755507,0.0721053570473,1.93934674595,0.14196970139,-0.0557679428182,-0.352151971097,-0.00545359945979,-0.526409882491,-0.0280255645256,0.207475583748,-0.0813987149394,0.573882589834,0.818922140813,0.0024591201856,0.0,0.818883903654,-0.573820233255,-0.0118422609491,0.0,-0.00828695631963,0.00880997093936,-0.999926852708,0.0,0.646523426852,0.24126905767,0.303608759043,1.0,-0.072396,-0.0951490285714,1.118
0.452637133123,0.461976887029,-0.12466704259,-1.48981000862,0.0714468152033,1.94302132468,0.14033332,-0.0657454910197,-0.387210508848,-0.00363088807442,-0.589479700543,-0.0427155174906,0.206015916504,-0.0977903551719,0.573792458762,0.818985060635,0.00253606509201,0.0,0.818947716824,-0.573729707208,-0.0118155438941,0.0,-0.00822189634683,0.00885674521922,-0.999926976576,0.0,0.645255520849,0.239633690321,0.303655554497,1.0,-0.080012,-0.105158628571,1.135
0.451510929159,0.455490909759,-0.124745702185,-1.49992753252,0.0707882156798,1.94644343384,0.138830916904,-0.0770225772262,-0.42256671163,-0.0034990209492,-0.649008971193,-0.0387389259009,0.221932753925,-0.0934593616065,0.573835820521,0.818955238888,0.00234833696871,0.0,0.818915154943,-0.573773478584,-0.0119461785016,0.0,-0.00843613441891,0.00877840288662,-0.999925882893,0.0,0.643802250374,0.237766406241,0.303606142432,1.0,-0.087628,-0.115168228571,1.152
0.450214712507,0.447902900036,-0.124847742424,-1.51116113943,0.0700089685299,1.95062284048,0.137032250775,-0.0762964479923,-0.457816759348,-0.00182193871411,-0.677045474284,-0.0405999536185,0.255868898617,-0.100519831322,0.573791692806,0.81898490153,0.00275158766684,0.0,0.818950942788,-0.573728813686,-0.0116339397614,0.0,-0.00794950893475,0.00892904521543,-0.999928536176,0.0,0.642449475728,0.235920501701,0.303825828601,1.0,-0.094796,-0.124589028571,1.168
0.448764750697,0.439911353726,-0.124878738465,-1.52341282289,0.0692119628021,1.95488933589,0.135123565927,-0.0869180036183,-0.474818946453,-0.00116394051165,-0.7445550454,-0.0512210192666,0.237611505637,-0.12178986985,0.573767860677,0.819001569254,0.00276016575186,0.0,0.818967287913,-0.573704467844,-0.0116838266385,0.0,-0.00798570667759,0.00896446226857,-0.999927930856,0.0,0.640778052939,0.233797936886,0.303834513214,1.0,-0.101964,-0.134009828571,1.185
0.447181823857,0.431271437566,-0.124924146147,-1.53639465148,0.0683232859769,1.95949480981,0.132974296872,-0.096447224873,-0.524692931031,-0.00121152170001,-0.781751081639,-0.0529888419146,0.277319206834,-0.127975156672,0.573660070036,0.819076362765,0.00296359680952,0.0,0.819044815096,-0.573596117207,-0.0115685820195,0.0,-0.00777579416809,0.00906392668106,-0.999928688586,0.0,0.639015120762,0.231518080836,0.303951105269,1.0,-0.110028,-0.144608228571,1.202
0.445541554765,0.422767066888,-0.124962731041,-1.54938374327,0.0674042773917,1.96397415125,0.130838654031,-0.104867930417,-0.546732863087,-0.00201427606328,-0.8130333724,-0.0610197657643,0.283526828167,-0.145716192434,0.573582621201,0.819130721999,0.00292981822378,0.0,0.819098725231,-0.573518775215,-0.0115861858436,0.0,-0.00781044539124,0.00904561937435,-0.999928584306,0.0,0.637204435274,0.229196864664,0.303943639511,1.0,-0.117196,-0.154029028571,1.218
0.443531792895,0.412599201581,-0.125099620655,-1.56471867198,0.0662906906295,1.96931067347,0.128349669767,-0.112274215854,-0.582783517743,-0.001291703946,-0.875954104925,-0.0639019417896,0.310436711004,-0.147548565069,0.573619930224,0.819104310627,0.00300846518969,0.0,0.819073932874,-0.573556531396,-0.0114692929336,0.0,-0.00766917007801,0.00904334453953,-0.999929698404,0.0,0.635078250904,0.226364818552,0.304004555059,1.0,-0.12526,-0.164627428571,1.236
0.44142571572,0.402564191215,-0.125168116475,-1.58010982518,0.0652741123345,1.97442278272,0.125778155133,-0.133816965558,-0.600990137653,-0.00218804422858,-0.929856059015,-0.0617610631513,0.291764310972,-0.157842559524,0.573631984062,0.819096532549,0.00282207877874,0.0,0.81906273485,-0.573568032823,-0.0116916638916,0.0,-0.00795810039787,0.00901834554871,-0.999927666425,0.0,0.632848397491,0.223515356474,0.303903709298,1.0,-0.132876,-0.174637028571,1.253
0.439245345875,0.392512502166,-0.125310820335,-1.59497759056,0.0642033873025,1.9796069381,0.123224833153,-0.141897100739,-0.62504294203,-0.0073226005168,-0.955550763356,-0.0724696410912,0.318720610192,-0.16519554249,0.573718611581,0.819034898658,0.00308810727604,0.0,0.819005048982,-0.573654358366,-0.0114958153766,0.0,-0.00764411495688,0.00912471436677,-0.999929151037,0.0,0.630765023291,0.22064201113,0.304044137043,1.0,-0.140044,-0.184057828571,1.269
0.437101574735,0.382867287946,-0.12542030698,-1.60959821614,0.0630847472749,1.98439101896,0.120620076767,-0.146217245286,-0.653686511397,-0.0105147667526,-0.974783174932,-0.0732790134147,0.322450136336,-0.182135500743,0.573663485129,0.81907430711,0.0028691747957,0.0,0.819041770139,-0.573600111334,-0.0115861100935,0.0,-0.00784427714131,0.00899667551271,-0.999928761035,0.0,0.628603339487,0.217814145321,0.303970974055,1.0,-0.146764,-0.192889828571,1.284
0.434464102487,0.371356176871,-0.125534374613,-1.62666540151,0.0618416217747,1.99010794834,0.117580670869,-0.156022026517,-0.673140095979,-0.00509704682636,-1.02323003661,-0.0732000682848,0.341286550028,-0.176704945559,0.573699907578,0.819048402108,0.00297958890866,0.0,0.819017189106,-0.573636047031,-0.0115445397003,0.0,-0.00774648633513,0.00906361039434,-0.999928918932,0.0,0.626086976165,0.214471961791,0.304033434021,1.0,-0.15438,-0.202899428571,1.301
0.431454059885,0.358730847545,-0.125712485219,-1.64534093788,0.0603549685296,1.99633238083,0.114254366243,-0.167530862991,-0.704334830608,-0.00957631811042,-1.05687344814,-0.0844351604675,0.344104294722,-0.188183233068,0.57381199746,0.818969700806,0.00302780993701,0.0,0.818939973872,-0.573748989408,-0.0114089109196,0.0,-0.00760649591947,0.0090263383393,-0.999930330791,0.0,0.623308859745,0.210705124877,0.304081141501,1.0,-0.162444,-0.213497828571,1.319
0.428151150533,0.345634972918,-0.125881778844,-1.66468055192,0.0589442177236,2.00255205027,0.110574172573,-0.183770465749,-0.747416625436,-0.0167135877322,-1.06698004747,-0.07870088057,0.358133338093,-0.200402165396,0.573889120048,0.818915740971,0.00300565816775,0.0,0.818885054231,-0.573825374009,-0.0115089096369,0.0,-0.00770025259453,0.00906630113031,-0.999929251644,0.0,0.620347927388,0.206727544377,0.304082044742,1.0,-0.170508,-0.224096228571,1.337
0.424898208534,0.332862953648,-0.125974784867,-1.68349307654,0.0574633008471,2.00860692341,0.107014135379,-0.194131380638,-0.753788602506,-0.00351777101134,-1.12268123671,-0.0913980848594,0.346832391452,-0.214365527432,0.573891374088,0.818914270438,0.00297578906196,0.0,0.81888304156,-0.573827539931,-0.0115440704897,0.0,-0.00774616348387,0.00906204014638,-0.999928935665,0.0,0.617400720814,0.202885640666,0.304060754451,1.0,-0.178124,-0.234105828571,1.354
0.422093792526,0.321947733632,-0.126005316587,-1.69931509034,0.0561176259509,2.01368482279,0.10389774784,-0.204845480646,-0.767843090179,-0.000523834404586,-1.1454746105,-0.100752907213,0.35535379739,-0.223243729002,0.573753432356,0.819010659117,0.00304729610306,0.0,0.818980820552,-0.573689941523,-0.011446111353,0.0,-0.00762643091284,0.0090630972316,-0.999929846449,0.0,0.614881243117,0.199646973274,0.304119405339,1.0,-0.184396,-0.242349028571,1.368
0.418426254854,0.30835050595,-0.126088312325,-1.71895268364,0.0545568255931,2.01987498148,0.0999246456581,-0.22514604642,-0.842179409817,-0.00905640882939,-1.16148413911,-0.092173285794,0.374214805752,-0.239200216786,0.573692528335,0.819052916534,0.00315432266727,0.0,0.819024052688,-0.573628232496,-0.0114454751793,0.0,-0.00756518694362,0.00914982589052,-0.999929521833,0.0,0.61170860907,0.19552326023,0.304172251851,1.0,-0.192012,-0.252358628571,1.385
0.414527640497,0.294428677844,-0.126205162063,-1.73916135264,0.0528278195405,2.02595292643,0.0957915560446,-0.239244113938,-0.870984963871,-0.00690757599938,-1.18507217332,-0.0900177900095,0.349361880078,-0.243044686774,0.573639972747,0.819090617185,0.00291365878461,0.0,0.819058469812,-0.573576240404,-0.0115873368023,0.0,-0.00782002396113,0.00903359039776,-0.999928618187,0.0,0.608341313182,0.191183747947,0.30410615172,1.0,-0.199628,-0.262368228571,1.402
