position_joint1,position_joint2,position_joint3,position_joint4,position_joint5,position_joint6,position_joint7,velocity_joint1,velocity_joint2,velocity_joint3,velocity_joint4,velocity_joint5,velocity_joint6,velocity_joint7,ee_T_00,ee_T_10,ee_T_20,ee_T_30,ee_T_01,ee_T_11,ee_T_21,ee_T_31,ee_T_02,ee_T_12,ee_T_22,ee_T_32,ee_T_03,ee_T_13,ee_T_23,ee_T_33,v_x,v_y,time
0.465088621462,0.547777000967,-0.123978971671,-1.35585014407,0.0795814704779,1.89410401218,0.159152694842,-0.00198541711258,-6.60288039292e-05,0.00056311416172,-0.000967561943395,4.43374190956e-05,0.000362345901684,3.10612723083e-05,0.57380406893,0.818978449772,0.00198398325466,0.0,0.818934932292,-0.573744559045,-0.0119793380354,0.0,-0.00867268707205,0.00849870972662,-0.999926275498,0.0,0.661663285002,0.2609173428,0.303209321107,1.0,0.0,0.0,0.0
0.465081205849,0.54777350166,-0.123976465687,-1.35584795902,0.0795828904493,1.8941050834,0.159150161296,-0.00243896253606,-0.00274324784881,0.00160579175552,2.3205645607e-05,0.00544116241868,0.000227522587611,-0.00152173106318,0.573806574745,0.818976676681,0.00199116352122,0.0,0.818933231571,-0.573747013402,-0.0119780525201,0.0,-0.00866748839856,0.00850387899172,-0.999926276626,0.0,0.661665372759,0.260914496142,0.303212852736,1.0,-0.00016,-0.000210285714286,0.009
0.465089253371,0.547773581459,-0.123981892504,-1.35585105881,0.0795817704274,1.89410252574,0.159155801966,0.000780475307191,-0.00243638723264,0.000430175839609,-0.000112711352334,-7.24891868859e-05,-0.000274830562592,0.000356504700633,0.573808249601,0.818975519525,0.00198444196649,0.0,0.818932017851,-0.573748746887,-0.0119780000357,0.0,-0.00867128465964,0.00849836191791,-0.999926290617,0.0,0.661663358743,0.260915954845,0.303211276272,1.0,-0.00042,-0.000552,0.022
0.46508598288,0.547765658857,-0.123979323202,-1.35585195332,0.0795779794093,1.8941034965,0.159154089091,7.53443262932e-05,-0.00481687442856,-0.000391767566069,0.00118657253489,-0.000201882251272,0.000397217834938,-0.000134495405865,0.573806767177,0.818976544615,0.00199002860679,0.0,0.818933138553,-0.573747263422,-0.0119724348766,0.0,-0.00866353667852,0.00849972817066,-0.999926346164,0.0,0.661664034142,0.260914728891,0.30321645515,1.0,-0.00068,-0.000893714285714,0.035
0.46508492283,0.547707778547,-0.123981930913,-1.35590709375,0.0795782367268,1.89410757649,0.159146210937,-0.000113211071459,-0.00595236605752,-0.000241178433979,-0.00386796375121,6.22405558395e-05,0.000269611807774,-0.00153664361312,0.573806010194,0.818977054424,0.00199847292964,0.0,0.818933718224,-0.573746431487,-0.0119726527197,0.0,-0.00865887785648,0.0085067607371,-0.999926326714,0.0,0.661654600138,0.26090705363,0.303231654873,1.0,-0.00108,-0.00141942857143,0.055
0.465086413436,0.547599955472,-0.123979661662,-1.35603682085,0.079578749232,1.89413336413,0.159145684956,-0.000100298788046,-0.00517975715764,0.000655425717345,-0.00698598299303,-0.000100796989539,4.48959896718e-05,-0.0015425318989,0.573809980556,0.818974248554,0.00200831294156,0.0,0.818930924559,-0.573750245787,-0.0119809499551,0.0,-0.00865998617415,0.00851962226393,-0.999926207615,0.0,0.661631914353,0.260897205137,0.303248457365,1.0,-0.00136,-0.00178742857143,0.069
0.465066250255,0.5474394924,-0.123980372275,-1.35627914034,0.07957576283,1.89418591763,0.159151408225,-0.000440052753531,-0.00864316367479,0.000727487793501,-0.0164316268395,0.000341244695627,0.00620386098582,0.00184082087441,0.573844196006,0.818950317544,0.00199072991726,0.0,0.818906611312,-0.573784381263,-0.0120080251884,0.0,-0.00869189365318,0.00852112150844,-0.999925917992,0.0,0.661596662664,0.260859874863,0.303251373358,1.0,-0.00176,-0.00231314285714,0.089
0.465049561996,0.547308442192,-0.123985263096,-1.35643972713,0.0795724958707,1.89428130063,0.159141252904,0.00100970627907,-0.0138353166411,-0.00187000148502,-0.0145153589173,-4.97074368466e-05,0.0120240475172,0.000507014789635,0.573861298466,0.818938191616,0.00204825201082,0.0,0.818895257553,-0.573801260396,-0.0119757098348,0.0,-0.00863224276747,0.0085498648652,-0.999926189374,0.0,0.661587992531,0.260834622091,0.303276208345,1.0,-0.00202,-0.00265485714286,0.102
0.465017183764,0.547062601622,-0.123977235398,-1.35670018885,0.0795720120624,1.89442960951,0.15912579229,0.000571824009617,-0.0146375001005,-0.000860076350345,-0.0178093094644,0.000407428394201,0.00734734389532,-0.00110311995777,0.573888364808,0.818918929991,0.00216280876803,0.0,0.818877400671,-0.573827762214,-0.0119268136662,0.0,-0.00852617792559,0.00861590069715,-0.999926532574,0.0,0.661568087458,0.260797489845,0.303332165376,1.0,-0.00244,-0.00320685714286,0.123
0.464994873556,0.546896119308,-0.123985039446,-1.35695481272,0.0795668654861,1.89454154888,0.159113355363,-0.00161207184682,-0.0135864903839,-0.000755973427185,-0.0161961613319,-0.00275420829818,0.00798231810346,-0.00355681314036,0.573910771907,0.818903140662,0.00219522313603,0.0,0.818862004452,-0.573850005645,-0.0119136722974,0.0,-0.00849657843764,0.00863513593497,-0.999926618599,0.0,0.661547191631,0.260759628494,0.303345675417,1.0,-0.0027,-0.00354857142857,0.136
0.464949780345,0.546585686831,-0.123980727307,-1.35740420041,0.0795567229996,1.89470746888,0.159068933338,-0.000897667242234,-0.0146210678077,-0.000286931589295,-0.0201917938765,9.92702432126e-05,0.00101192854977,-0.00667175716617,0.573930735102,0.818889058556,0.00222889754484,0.0,0.818848190296,-0.573869656717,-0.0119165955541,0.0,-0.00847943630101,0.00866459598755,-0.999926509268,0.0,0.661496711358,0.260692651332,0.303365882305,1.0,-0.0031,-0.00407428571429,0.156
0.464923173153,0.546348531044,-0.123982857848,-1.35776119019,0.0795488140871,1.89483622733,0.15894342632,-0.00197614959008,-0.0208734646296,-0.00099215644481,-0.0240863244656,-0.00360071368446,0.0172584193546,-0.00569418108441,0.573869084346,0.818932220929,0.00224465080997,0.0,0.818891434116,-0.573807823751,-0.011922559894,0.0,-0.00847593344477,0.00868028097259,-0.999926402929,0.0,0.661454591933,0.260642016187,0.303375147172,1.0,-0.00338,-0.00444228571429,0.17
0.464869534879,0.546000222376,-0.123980589815,-1.35834400294,0.0795329952038,1.89503356046,0.158918741364,-0.00234636012937,-0.0203607847101,0.000421583476161,-0.0304362220381,-3.21815990593e-05,0.00555909146281,-0.00489582040278,0.573919545886,0.818896915516,0.0022234007512,0.0,0.818855637527,-0.573858146086,-0.0119590953996,0.0,-0.00851751369051,0.00868437004156,-0.999926014102,0.0,0.661383684497,0.260554068984,0.303361414078,1.0,-0.00378,-0.004968,0.19
0.464831027815,0.545734611793,-0.123985696214,-1.35877710425,0.0795144449681,1.89518527964,0.158858983824,-0.00291852201161,-0.0204205675872,-0.000847209655775,-0.0369294594017,0.000562361285883,0.0117089507302,-0.0028804558376,0.573924978565,0.818893136852,0.00221275791143,0.0,0.818851659875,-0.573863560272,-0.0119716420695,0.0,-0.00853383869735,0.00868291207979,-0.999925887571,0.0,0.661333732766,0.260485012403,0.303356640414,1.0,-0.00404,-0.00530971428571,0.203
0.46475709761,0.545281469726,-0.123983541475,-1.35958557547,0.0794293729368,1.89545079102,0.158759340828,-0.00066807871412,-0.0218047286746,0.000385800298826,-0.0420963434118,-0.00385397776383,0.0136393617187,-0.00421539988698,0.57392488441,0.818893458833,0.00211590064398,0.0,0.818850966819,-0.573864117288,-0.0119923279714,0.0,-0.00860636517586,0.0086154686073,-0.99992584934,0.0,0.661236408316,0.260351581562,0.303315465131,1.0,-0.00446,-0.00586171428571,0.224
0.464710323582,0.544950572074,-0.123988316577,-1.36010890827,0.0794038830585,1.89562247428,0.158696362032,-0.00492554207468,-0.026007847937,0.00456482757089,-0.0390327781396,-0.000849603147709,0.0148783112666,-0.00837870185156,0.573937262995,0.818884821693,0.00210091574271,0.0,0.81884206717,-0.573876490055,-0.0120079180567,0.0,-0.00862760179249,0.00861227562642,-0.999925693837,0.0,0.66117378412,0.260267633845,0.303315623771,1.0,-0.00472,-0.00620342857143,0.237
0.464624360241,0.544452406806,-0.12398384459,-1.36096784002,0.0793774544811,1.89591920103,0.158578086099,-0.00789547339133,-0.0266093104031,0.00106359525603,-0.0467190642284,-3.67264456731e-05,0.0179758451112,-0.00123361105096,0.573948538283,0.818877021403,0.00206061217561,0.0,0.818833439054,-0.573887635068,-0.0120635112489,0.0,-0.00869613973858,0.00861129859639,-0.999925108541,0.0,0.661071392263,0.260133822138,0.303284964109,1.0,-0.00512,-0.00672914285714,0.257
0.464573176724,0.544053505468,-0.123989243397,-1.36161703661,0.0793489911207,1.89615676672,0.158520338908,-0.0058914274637,-0.0298481566927,-0.000492280787211,-0.0465466879273,-0.00559935401653,0.0151085589652,-0.00970615722012,0.573975590034,0.818858078379,0.00205339238114,0.0,0.81881432138,-0.57391463493,-0.0120766641203,0.0,-0.00871076974525,0.0086132233344,-0.999924964622,0.0,0.660996065918,0.260036546958,0.303279016228,1.0,-0.0054,-0.00709714285714,0.271
0.464487766456,0.543445338057,-0.123986977465,-1.3625926055,0.0793023830613,1.89649846663,0.158376383375,-0.00524884013801,-0.035080908375,0.00035335931825,-0.0478296355135,-0.00345291538125,0.0106235915709,-0.00439500288277,0.5739679169,0.818863492818,0.00203897059766,0.0,0.818819381651,-0.573906861609,-0.0121029472312,0.0,-0.00874065071115,0.00861641794738,-0.999924676347,0.0,0.660879952576,0.259889228231,0.303274506002,1.0,-0.0058,-0.00762285714286,0.291
0.464424705265,0.543026045794,-0.123989934073,-1.36325872742,0.0792615499052,1.89673563314,0.15829095494,-0.00356438133698,-0.0349422511331,9.20480075668e-05,-0.056600740202,-0.00131877771544,0.0125768255478,-0.0124808823233,0.573977828425,0.818856568784,0.00202956589658,0.0,0.818812334949,-0.573916813091,-0.0121077944797,0.0,-0.00874991351481,0.00861160497327,-0.999924636797,0.0,0.660804218103,0.259781758008,0.303274697889,1.0,-0.00606,-0.00796457142857,0.304
0.464331809695,0.542343328666,-0.123993105864,-1.36432908973,0.0792049509961,1.89712883513,0.158154587582,-0.00284149723376,-0.030275787661,0.00183363111723,-0.0522824899058,-0.00621186602778,0.0185131714732,-0.00919677788038,0.573988895466,0.81884879147,0.0020375207498,0.0,0.818804591219,-0.573927774696,-0.0121118839206,0.0,-0.00874858019825,0.00862058419119,-0.999924571092,0.0,0.660681958633,0.259617966192,0.303282286231,1.0,-0.00646,-0.00849028571429,0.324
0.464260548573,0.541838883301,-0.123993842334,-1.36510560007,0.079160878427,1.89741374176,0.158052442537,-0.00715347846049,-0.0327758117219,0.000932766249817,-0.0511658993557,-0.000667379985708,0.012836262281,-0.00457715620073,0.573995489821,0.818844138243,0.0020498370622,0.0,0.818800068917,-0.573934284878,-0.0121091157328,0.0,-0.00873917492485,0.00862915068201,-0.999924579446,0.0,0.66059412469,0.259497109591,0.303294112508,1.0,-0.00674,-0.00885828571429,0.338
0.464151682419,0.541066345212,-0.123998486632,-1.36629037804,0.079089367303,1.89785724923,0.157896072783,-0.00938887297563,-0.0377541154683,0.000849161699529,-0.0599702581298,-0.00328247025768,0.0188959434244,-0.0058462888268,0.574006540931,0.818836327909,0.00207508210323,0.0,0.81879261349,-0.573945249793,-0.0120935203435,0.0,-0.00871179800259,0.00864098804436,-0.999924716117,0.0,0.660462818029,0.259310535115,0.303314946957,1.0,-0.00714,-0.009384,0.358
0.464088650459,0.54052712981,-0.124002028197,-1.36711282583,0.0790325167322,1.8981522109,0.157803319246,-0.00424407912225,-0.0438493237918,-0.00250953869272,-0.0642288284575,-0.00839888823374,0.0204567405765,-0.00592995613054,0.574015011961,0.818830375882,0.00208049942642,0.0,0.81878679821,-0.57395376184,-0.0120832631341,0.0,-0.00870019992747,0.00863962623606,-0.999924828865,0.0,0.660366243964,0.259187123138,0.303330280713,1.0,-0.0074,-0.00972571428571,0.371
0.463956211375,0.539627306676,-0.124007730546,-1.36850545926,0.0789577722982,1.89867942737,0.157628579481,-0.00662602494343,-0.0455450330238,-0.00125541561455,-0.0749212997859,-0.00956262780577,0.033901461969,-0.0114805287326,0.574036983228,0.81881486441,0.00212287754882,0.0,0.818771775242,-0.57397548375,-0.012069425073,0.0,-0.00866431180149,0.00866661543669,-0.999924906919,0.0,0.660222098042,0.258980049633,0.303354985654,1.0,-0.0078,-0.0102514285714,0.391
0.463879120128,0.539039825152,-0.124006184646,-1.36938383984,0.0789069154897,1.89901629657,0.157518766607,-0.0116745002098,-0.0478158363763,0.000840643560417,-0.0667853407718,-0.00595349264052,0.0324113163553,-0.00799654555958,0.574048746858,0.818806537952,0.0021532625649,0.0,0.818763853315,-0.573987124447,-0.012053230912,0.0,-0.00863348550773,0.00868232281707,-0.99992503729,0.0,0.660114979196,0.258834621127,0.303375319455,1.0,-0.00808,-0.0106194285714,0.405
0.463761605594,0.53813644453,-0.124020090273,-1.37078913604,0.0788271796943,1.89955562572,0.157350478627,-0.00699677631313,-0.0472458830935,-0.000424802113767,-0.0687616711174,-0.00272737552408,0.0280390671463,-0.0103746974437,0.574073366919,0.818789197559,0.00218317566391,0.0,0.818746945482,-0.574011657698,-0.0120334114691,0.0,-0.00859982461203,0.00869569686296,-0.99992521114,0.0,0.659959081019,0.258617719658,0.303391738963,1.0,-0.00848,-0.0111451428571,0.425
0.463680581551,0.537528789507,-0.124020841545,-1.37175878462,0.0787646667065,1.89992512558,0.157238226693,-0.0022971854798,-0.0475441638414,3.34692283633e-05,-0.0813756040754,-0.00557679221797,0.0280348184291,-0.00257614273765,0.574085172762,0.818780912851,0.00218587913572,0.0,0.818738740087,-0.574023495239,-0.0120270235308,0.0,-0.00859291676408,0.00869436720458,-0.999925282089,0.0,0.659848745438,0.258471642696,0.303391366802,1.0,-0.00874,-0.0114868571429,0.438
0.463557058276,0.53653862915,-0.124028861797,-1.37328329984,0.0786842960634,1.90049295635,0.157039607888,-0.0020972365371,-0.0511916014409,-0.000790088502177,-0.0747332782944,-0.000775936978774,0.0283338590948,-0.0128693011725,0.574091791622,0.818776183915,0.00221863620848,0.0,0.818734367419,-0.57402990433,-0.0120187953953,0.0,-0.00856730484567,0.00871653331458,-0.999925308878,0.0,0.659672815084,0.258243036812,0.30341427537,1.0,-0.00914,-0.0120125714286,0.458
0.463457272704,0.535836639589,-0.124026908377,-1.37441860447,0.0786162730656,1.90090352081,0.156897321867,-0.00554391788826,-0.0554637525471,-0.000601229323696,-0.0822991577883,-0.00965520846,0.0355197350443,-0.00877057470028,0.57409981367,0.818770611228,0.00219932608954,0.0,0.818728495898,-0.574037958394,-0.0120340861567,0.0,-0.0085908248198,0.00870958524803,-0.999925167627,0.0,0.659538797032,0.258069647279,0.303404893214,1.0,-0.00942,-0.0123805714286,0.472
0.463308553021,0.534734517967,-0.12402604042,-1.37617588976,0.0785244283781,1.90153352988,0.156687409846,-0.00622493910548,-0.0495952446155,-0.00261987951959,-0.0814182218186,-0.0104198140066,0.034669881007,-0.0113721570138,0.574120892349,0.818755868091,0.00218548324831,0.0,0.818713384815,-0.574058903128,-0.0120630080936,0.0,-0.00862222855171,0.00871507715101,-0.999924849479,0.0,0.659328496662,0.257805826159,0.303400735585,1.0,-0.00984,-0.0129325714286,0.493
0.46321232984,0.534053016995,-0.124032948754,-1.37730633215,0.0784616969002,1.90193844692,0.156543713256,-0.00803629123724,-0.0555228968959,-0.000125665929058,-0.0807696320206,-0.0142272646193,0.0269334001304,-0.0134001027427,0.57413202239,0.818748161562,0.00214841932954,0.0,0.818705133485,-0.574070128387,-0.0120887964531,0.0,-0.00866450332964,0.00869965458513,-0.999924618355,0.0,0.659194178389,0.257630451559,0.303378753361,1.0,-0.0101,-0.0132742857143,0.506
0.46305638593,0.532971441787,-0.124027631398,-1.37905308003,0.0783665319287,1.90261012195,0.156325437495,-0.00680627011321,-0.0551310207612,0.00185353651407,-0.0924252900569,-0.00403005950803,0.0441054074681,-0.0104213263229,0.574147556111,0.818737242695,0.00215827154833,0.0,0.818694233927,-0.574085507961,-0.0120966022339,0.0,-0.00866507317036,0.00871236682179,-0.999924502736,0.0,0.658994255244,0.257367760871,0.303368163838,1.0,-0.0105,-0.0138,0.526
0.462953219623,0.532241658643,-0.124035462842,-1.38024896196,0.0782944922527,1.90305048621,0.156185986249,-0.00788432446941,-0.0555938977595,-0.00079080211388,-0.0905905827453,-0.00270363326553,0.0371833664513,-0.0132072016303,0.574169397384,0.818721991629,0.00213317398005,0.0,0.818678665546,-0.574107465044,-0.0121081816492,0.0,-0.00868873077363,0.0086986988652,-0.999924416441,0.0,0.658854969526,0.257181072472,0.303351896385,1.0,-0.01076,-0.0141417142857,0.539
0.462803198738,0.531069671531,-0.124033983846,-1.38213232062,0.0781877305429,1.90373052564,0.155942923563,-0.00823784916978,-0.0617118646348,0.000121778290885,-0.0990800102468,-0.00181394289052,0.0357759841639,-0.00744001166235,0.574162138979,0.818727146678,0.00210816447146,0.0,0.818683340073,-0.574100162695,-0.0121383187253,0.0,-0.00872784152734,0.00869544958818,-0.999924104089,0.0,0.658613985943,0.256888106316,0.303341050849,1.0,-0.01118,-0.0146937142857,0.56
0.462682534461,0.530207517152,-0.124036729521,-1.38350635413,0.0780960006003,1.90421237612,0.155754191433,-0.00515094465713,-0.0644345371576,-0.00118478303022,-0.0994193698457,-0.00812829260684,0.0377447301773,-0.017953989869,0.574162271268,0.818727127231,0.00207949244491,0.0,0.818682994476,-0.57410046893,-0.0121471408249,0.0,-0.00875152461786,0.00867704212719,-0.999924056995,0.0,0.658460915347,0.25668881759,0.303335676503,1.0,-0.01144,-0.0150354285714,0.573
0.462521380951,0.528980200858,-0.124040475332,-1.38543006445,0.0779836494324,1.9049312896,0.155502373983,-0.00640109274759,-0.060690167779,0.00042858675362,-0.0952029760383,-8.19007109497e-05,0.0357765785687,-0.0117393370756,0.574165003269,0.818725161221,0.00209912023085,0.0,0.818681252548,-0.574103082241,-0.0121410291307,0.0,-0.00873522281799,0.00868963171268,-0.99992409021,0.0,0.658235312928,0.256398897539,0.303346918457,1.0,-0.01184,-0.0155611428571,0.593
0.462415418908,0.528132009303,-0.124042908727,-1.38675386195,0.0778937846278,1.90544646103,0.155315988844,-0.0106292945515,-0.0621324246139,-0.00170064106578,-0.101782450677,-0.00816382997939,0.042837454254,-0.0158070854326,0.574151690323,0.818734436761,0.00212260742533,0.0,0.818690938813,-0.574089772164,-0.0121172233964,0.0,-0.0087023884073,0.00869505116752,-0.999924329398,0.0,0.65806970647,0.25618995887,0.303355852925,1.0,-0.01212,-0.0159291428571,0.607
0.462234091925,0.526706715952,-0.124041145213,-1.38891262014,0.0777621606931,1.90626295442,0.155010538115,-0.0133695847649,-0.0679049856149,0.000983330971142,-0.106145450929,-0.00558678142549,0.0338180001883,-0.00958897752838,0.574127025656,0.818751538004,0.00219643550779,0.0,0.818709033323,-0.574064822898,-0.0120766207353,0.0,-0.00862702153699,0.00873192405065,-0.999924661163,0.0,0.657831122846,0.255880431301,0.303405094245,1.0,-0.01252,-0.0164548571429,0.627
0.462122312227,0.525815817298,-0.124048946182,-1.39031446332,0.0776728875224,1.90677708649,0.154836798608,-0.00846392319224,-0.0665883646171,-0.000934783680954,-0.105604688181,-0.00872558613141,0.0442610366098,-0.0119245582382,0.574133358072,0.818747102822,0.00219446390324,0.0,0.818704622155,-0.574071213228,-0.0120718973354,0.0,-0.0086242184565,0.00872766473077,-0.999924722529,0.0,0.657663540589,0.255668113593,0.303409479827,1.0,-0.01278,-0.0167965714286,0.64
0.461931550452,0.524354972003,-0.124052478281,-1.39261634292,0.0775295759113,1.90759607047,0.154526296634,-0.00843464440828,-0.0746484929003,-5.43644072092e-05,-0.107766121997,-0.0130907363367,0.0460503695369,-0.00764608410721,0.574120317104,0.818756307254,0.00217203170456,0.0,0.818713486823,-0.574058222189,-0.0120884627956,0.0,-0.00865079905476,0.00871867160531,-0.999924571376,0.0,0.657394100556,0.255339558657,0.303410388014,1.0,-0.01318,-0.0173222857143,0.66
0.461812352446,0.523444631053,-0.124055666632,-1.39407683912,0.0774407267336,1.90813821996,0.154321945771,-0.00642752457312,-0.0715374816696,-0.000562045616965,-0.114896052657,-0.00536191962158,0.0418497222155,-0.0131560381651,0.574109944241,0.818763599853,0.00216480487158,0.0,0.818720685843,-0.574047882399,-0.012091905834,0.0,-0.00865787738838,0.00871462169679,-0.999924545417,0.0,0.65720671239,0.255099785846,0.30340434099,1.0,-0.01346,-0.0176902857143,0.674
0.461608829558,0.521923948633,-0.124056358261,-1.39648087452,0.0772976288157,1.90908148851,0.153996380001,-0.0129632524706,-0.0712344455041,0.000282924768994,-0.115502402937,-0.00332688725809,0.0492096462117,-0.0187339147938,0.574101113865,0.818769660204,0.00221393078979,0.0,0.818727411329,-0.57403886807,-0.0120644429795,0.0,-0.00860728327116,0.00873898422958,-0.999924769585,0.0,0.656928668543,0.254741076467,0.303410589215,1.0,-0.01388,-0.0182422857143,0.695
0.461487478936,0.521046778193,-0.124059541734,-1.397902297,0.0772076939514,1.90962356234,0.153806416219,-0.0129975584688,-0.0792567399676,0.000734818061366,-0.122658096766,-0.0113126809191,0.0513859101913,-0.0130075791427,0.574099029678,0.81877113909,0.00220744571205,0.0,0.818728848204,-0.574036854837,-0.0120627239492,0.0,-0.00860962079651,0.00873266573066,-0.999924804662,0.0,0.656761267916,0.254524539736,0.303397359327,1.0,-0.01412,-0.0185577142857,0.707
0.46128458898,0.519423092623,-0.124067360623,-1.40043483251,0.0770485379383,1.91053217532,0.153464635545,-0.00725959906385,-0.0775844721177,7.38581102136e-05,-0.122399584519,-0.00833356357596,0.0426253922958,-0.0203278030023,0.574082631733,0.818782647565,0.00220338156808,0.0,0.818740305367,-0.574020477956,-0.0120644169769,0.0,-0.00861351496971,0.00873013762852,-0.9999247932,0.0,0.65644935854,0.254143437365,0.303411111321,1.0,-0.01454,-0.0191097142857,0.728
0.461148145876,0.518395221991,-0.124069161446,-1.40202714246,0.0769504562525,1.91110775605,0.153251638397,-0.0121851484931,-0.079701749291,-0.000603996313971,-0.121678678824,-0.00351401766635,0.0420792070702,-0.0175147779593,0.574079259075,0.818784988231,0.00221229471868,0.0,0.818742739426,-0.57401704476,-0.0120625811151,0.0,-0.00860693116995,0.00873634606924,-0.999924795669,0.0,0.656255164112,0.253900548097,0.30342462879,1.0,-0.0148,-0.0194514285714,0.741
0.460934878046,0.516811155725,-0.124080698478,-1.40454614971,0.0767886538446,1.91201145496,0.152904611192,-0.0131959734827,-0.0766194672324,-0.00235540124819,-0.118916396669,-0.00620164256839,0.0417256351861,-0.0161737088872,0.574067553918,0.818793285812,0.00217842798792,0.0,0.818750632485,-0.574005522792,-0.0120751194945,0.0,-0.00863676335585,0.00871569140847,-0.999924718687,0.0,0.65594624198,0.253510923129,0.303415777156,1.0,-0.0152,-0.0199771428571,0.761
0.460798572062,0.515768858448,-0.124080437683,-1.40621054125,0.0766867752336,1.91264806216,0.152682307456,-0.0103833451212,-0.0862669902847,3.51800067821e-05,-0.131581033274,-0.00491851575942,0.0487846764888,-0.0181891646283,0.574053368316,0.818803229002,0.00217931239015,0.0,0.818760620887,-0.573991369228,-0.012070651961,0.0,-0.0086327485062,0.00871370134741,-0.999924770701,0.0,0.655731307458,0.25324134457,0.303402175506,1.0,-0.01548,-0.0203451428571,0.775
0.460563070975,0.51406803382,-0.124082165186,-1.40897429123,0.0765160674573,1.91363676304,0.15230292931,-0.0142517688881,-0.0751316596774,8.0341334489e-05,-0.134797948868,-0.0146577985551,0.0432610742013,-0.0187689376642,0.574040418156,0.818812455581,0.00212316045765,0.0,0.818768990742,-0.573978537776,-0.0121130043196,0.0,-0.00869979777453,0.00869189935585,-0.999924379343,0.0,0.655401065318,0.252843008556,0.303372432072,1.0,-0.01588,-0.0208708571429,0.795
0.460414015729,0.512981288732,-0.124087611127,-1.41071463449,0.0764081329087,1.91424308703,0.152061706077,-0.0118275983235,-0.0858761228516,-0.000662795771044,-0.134499138594,-0.0127531835902,0.0496981975579,-0.0224663592997,0.574030870176,0.818819256423,0.00208141725249,0.0,0.818775189334,-0.573969116461,-0.0121404111135,0.0,-0.00874630157261,0.00867335054962,-0.999924134722,0.0,0.655181493531,0.252573637865,0.303358316964,1.0,-0.01614,-0.0212125714286,0.808
0.460176421696,0.511211237357,-0.124087731309,-1.41353514778,0.0762341223562,1.91530049229,0.151665515565,-0.00526001502849,-0.0872415978979,-3.69568961398e-05,-0.13008159987,-0.015489381437,0.0463012461555,-0.0173004074552,0.574001935475,0.818839532533,0.002084450272,0.0,0.818795484286,-0.573940151548,-0.0121410154134,0.0,-0.00874536205589,0.00867587185327,-0.999924121066,0.0,0.654836692091,0.252150096459,0.30334724378,1.0,-0.01656,-0.0217645714286,0.829
0.460035075902,0.510174520433,-0.124089024086,-1.41518225373,0.0761326840215,1.91591666697,0.15142559584,-0.00683253503899,-0.087638273196,0.000547517072559,-0.134438350241,-0.00844688285064,0.0510328913095,-0.0182729441419,0.573980799129,0.818854340063,0.0020877959543,0.0,0.818810324754,-0.573918992543,-0.0121403861978,0.0,-0.00874315051015,0.00867802453379,-0.999924121726,0.0,0.654635439385,0.251900374863,0.303342507625,1.0,-0.0168,-0.02208,0.841
0.459777787384,0.508330619291,-0.124096146581,-1.41811324103,0.0759480826563,1.91697176587,0.151024766545,-0.0120128086553,-0.0869394555236,0.000234859047341,-0.139163279426,-0.0120916590575,0.0515285637513,-0.0182201799829,0.573970793295,0.818861434065,0.00205600263532,0.0,0.818816976628,-0.573909101751,-0.0121593015604,0.0,-0.00877699347165,0.00866274060891,-0.999923957764,0.0,0.654270609011,0.251446089821,0.303329395237,1.0,-0.01722,-0.022632,0.862
0.459617532948,0.507152148721,-0.124097895988,-1.4199536567,0.0758292985361,1.91763798832,0.150758882438,-0.00723363703349,-0.0876313551672,-0.000359681493419,-0.141530292117,-0.00702760282137,0.0524155230202,-0.0167695006141,0.573948727767,0.818876899092,0.00205643603179,0.0,0.818832453539,-0.573887043281,-0.012158185975,0.0,-0.00877606460229,0.00866221870834,-0.999923970438,0.0,0.654041264458,0.251163407502,0.303335407731,1.0,-0.01748,-0.0229737142857,0.875
0.459353231837,0.505286561463,-0.124109571702,-1.42284206198,0.0756460025829,1.9187345921,0.150377633488,-0.0118970436956,-0.0918491085523,-0.00356398272897,-0.142698886806,-0.00589776138254,0.0589433170931,-0.0237255315087,0.573961185703,0.818868026871,0.00211158158034,0.0,0.818824417749,-0.573899372709,-0.0121173348338,0.0,-0.0087108304324,0.00868406162192,-0.999924351392,0.0,0.653695833027,0.250710368581,0.303360117408,1.0,-0.01788,-0.0234994285714,0.895
0.459168775183,0.503920806734,-0.12411379233,-1.42488879491,0.0755208366585,1.91951153053,0.150084520624,-0.0169278265204,-0.0974785245638,0.000474569464413,-0.152461407277,-0.00595295457771,0.0598333187648,-0.0178371999771,0.573946883628,0.818877837644,0.00219287272329,0.0,0.818835320846,-0.573884754,-0.0120728357639,0.0,-0.00862788753482,0.00872493608527,-0.99992471469,0.0,0.65344943968,0.250394955835,0.303407528381,1.0,-0.01816,-0.0238674285714,0.909
0.458895506715,0.501940084281,-0.124114837674,-1.4278248832,0.0753310965708,1.92059769873,0.149676684244,-0.0143400600379,-0.0971919707661,0.000911578964433,-0.147906436455,-0.0104865263456,0.0538254126302,-0.0222543589177,0.573936532126,0.818884796278,0.00230096033568,0.0,0.818843762237,-0.573874025497,-0.0120101126428,0.0,-0.00851460120687,0.00877733840962,-0.999925227153,0.0,0.653091173854,0.24993665852,0.303487126619,1.0,-0.01856,-0.0243931428571,0.929
0.458697203044,0.500505639145,-0.124120239626,-1.42997169508,0.0752005504575,1.92135182846,0.149374290251,-0.0147420215948,-0.0999087006593,0.000801720694616,-0.156205521137,-0.0120502021424,0.0571271883662,-0.0239042169817,0.573929309922,0.818889749736,0.00233920733698,0.0,0.818849145533,-0.573866576008,-0.0119990292598,0.0,-0.00848365249921,0.00880222198199,-0.999925271472,0.0,0.652820105982,0.249598389696,0.303531813559,1.0,-0.01884,-0.0247611428571,0.943
0.458415045682,0.498541927989,-0.124120348266,-1.43303679975,0.0750083778249,1.9224846412,0.148943345117,-0.0112766502377,-0.0919183136689,0.000868851310076,-0.153014177063,-0.00850081962447,0.0543632306265,-0.0189385581753,0.573911717944,0.818902008911,0.00236362200912,0.0,0.818861699969,-0.573848862803,-0.0119894072231,0.0,-0.00846195077739,0.00881651057815,-0.999925329477,0.0,0.652439053714,0.249122340706,0.303540789026,1.0,-0.01924,-0.0252868571429,0.963
0.458216906275,0.497239797997,-0.124123465605,-1.43508414517,0.0748839468961,1.92322443345,0.148644527993,-0.0171579143537,-0.102788580463,0.000294042998141,-0.153310869809,-0.00881941826218,0.0593954244428,-0.0212730167273,0.57390174529,0.818909009354,0.00235967211315,0.0,0.81886858015,-0.573838835915,-0.0119994057991,0.0,-0.00847251313935,0.00881891107482,-0.999925218868,0.0,0.652182869333,0.248795747721,0.303538301094,1.0,-0.0195,-0.0256285714286,0.976
0.457885316104,0.495190759094,-0.124123465318,-1.4384147124,0.0746794954959,1.92437916716,0.148153198943,-0.0157810535225,-0.0989586349948,-0.000563730555103,-0.160013419424,-0.00650194270623,0.0507829173174,-0.0232015247258,0.573883755739,0.81892191514,0.00225359785738,0.0,0.818879873569,-0.573821054116,-0.0120788003529,0.0,-0.00859859796921,0.00877742223247,-0.999924507636,0.0,0.651754215548,0.248257124844,0.303480957749,1.0,-0.01992,-0.0261805714286,0.997
0.457655627242,0.493831222612,-0.124151669657,-1.44060376377,0.0745457001555,1.92515883499,0.147844153302,-0.020985878842,-0.120412537468,-0.00919913878533,-0.182685714361,-0.0087921443465,0.0627345842747,-0.0250305532816,0.573913084908,0.818901491874,0.00220555650945,0.0,0.818858835944,-0.573850597179,-0.0121014799163,0.0,-0.00864442646926,0.00875140559831,-0.999924340533,0.0,0.651485109173,0.247880670258,0.303454301347,1.0,-0.0282085714286,-0.037074122449,1.01
0.457220026238,0.490054617093,-0.124246622454,-1.44630138322,0.0742453041252,1.92735667693,0.146985276446,-0.0253294524953,-0.205892317105,-0.00249966189057,-0.328346794329,-0.0183309273257,0.131707718514,-0.0504064611641,0.573840564973,0.818951624886,0.00244724112399,0.0,0.818912184012,-0.57377714866,-0.011973531396,0.0,-0.00840173371755,0.00887514446865,-0.999925318552,0.0,0.650782967415,0.247015956649,0.303563286078,1.0,-0.0474085714286,-0.0623084081633,1.031
0.456812626529,0.487071562714,-0.124267565352,-1.45102400104,0.0739940359236,1.92916521595,0.146276138066,-0.0364388134171,-0.258711188785,-0.00238380400674,-0.412019112807,-0.0264374298278,0.16032209547,-0.0638992691993,0.573776951913,0.818995974236,0.00252002763129,0.0,0.818957213545,-0.573712968121,-0.0119691058017,0.0,-0.00835703783356,0.00893156381128,-0.999925190745,0.0,0.650188870842,0.24630010754,0.303546217854,1.0,-0.05838,-0.076728,1.043
0.455845746268,0.480638199847,-0.124444907539,-1.46126786481,0.0733931157656,1.93284862167,0.144711314006,-0.0533652128443,-0.358022216255,-0.00839633283436,-0.57232809143,-0.0270172233368,0.202263364345,-0.0827323166959,0.573757899806,0.819009699062,0.00239419159205,0.0,0.818969328401,-0.573694459294,-0.0120271947925,0.0,-0.00847701794557,0.00886163811889,-0.999924802941,0.0,0.648890778452,0.244592163526,0.303459592432,1.0,-0.0766657142857,-0.100760653061,1.063
0.454977787151,0.475008444947,-0.124590729173,-1.47018644509,0.0728472327511,1.93591523133,0.143414629582,-0.060680090412,-0.427093865888,-0.0128742445253,-0.665137308805,-0.0394481640886,0.227687233392,-0.0932895361786,0.57379706766,0.818982835646,0.00218791291231,0.0,0.8189396955,-0.57373441471,-0.0121385095239,0.0,-0.00868611725086,0.00875697850372,-0.999923930454,0.0,0.647723849551,0.243082576188,0.303383657095,1.0,-0.0894657142857,-0.117583510204,1.077
0.45345735917,0.465419889655,-0.12476060328,-1.48484827413,0.0719886537369,1.94129543772,0.1411395519,-0.0828413805404,-0.511268879935,-0.00854095367494,-0.775397550717,-0.0486329687819,0.28926422862,-0.130430764885,0.573771515557,0.818999982752,0.00245419821813,0.0,0.818960196999,-0.573707620152,-0.012021198463,0.0,-0.00843753156336,0.00890748341376,-0.999924729567,0.0,0.645856947551,0.240617659275,0.30349892929,1.0,-0.107751428571,-0.141616163265,1.097
0.452276632855,0.458366665345,-0.124845739386,-1.49582501227,0.0712924731799,1.94520471566,0.139427826289,-0.0957866989942,-0.562417101267,-0.00897435236054,-0.876438964762,-0.0549234312432,0.307647601533,-0.127730179637,0.573723148761,0.819033934062,0.00243111724733,0.0,0.818993719919,-0.573659220134,-0.0120471071037,0.0,-0.00847251982333,0.00890294538824,-0.999924474134,0.0,0.644410880612,0.238755516342,0.303473592656,1.0,-0.119637142857,-0.157237387755,1.11
0.450000029606,0.445331724798,-0.125071484451,-1.51569885621,0.0699308128843,1.95222063261,0.136327533599,-0.118248182049,-0.652431159238,-0.000799004964734,-0.994837308075,-0.0714350574247,0.347449611466,-0.145066941887,0.573746975205,0.819017019563,0.00250539618063,0.0,0.818978603696,-0.573683625032,-0.0119118411497,0.0,-0.00831885603661,0.00888641978557,-0.999925911344,0.0,0.641786451708,0.235245029472,0.303574486066,1.0,-0.138837142857,-0.182471673469,1.131
0.448390071566,0.43648442366,-0.125175170539,-1.52942096729,0.0690549757336,1.95687293989,0.134161013276,-0.124919965598,-0.705202591629,-0.0101557078511,-1.07196635321,-0.0751824762589,0.357055778058,-0.171528920278,0.57373707764,0.819024492922,0.002322205034,0.0,0.818982986085,-0.573673734963,-0.0120855789667,0.0,-0.0085663620787,0.00883596129063,-0.999924268747,0.0,0.639884828438,0.232830863734,0.303498774553,1.0,-0.150722857143,-0.198092897959,1.144
0.445557034661,0.421365367199,-0.125376675683,-1.55215593757,0.0674962412219,1.96476096694,0.130371185874,-0.151964410118,-0.76472454567,-0.0081986879771,-1.18492927676,-0.0789429502404,0.399610807251,-0.19871278804,0.573650321036,0.81908471155,0.00250826266126,0.0,0.819045878691,-0.57358648719,-0.0119639965618,0.0,-0.00836098207876,0.00891770435735,-0.999925281472,0.0,0.63675838701,0.228723318419,0.30365859035,1.0,-0.169008571429,-0.22212555102,1.164
0.443307376548,0.409898696022,-0.125520360777,-1.56914154301,0.0662619660121,1.97083208601,0.127552545114,-0.166083672603,-0.823973864232,-0.00904227342123,-1.25486981182,-0.0895139780566,0.434737930509,-0.200878929454,0.573652767284,0.819081685918,0.00290538851022,0.0,0.819049020514,-0.57358858711,-0.0116439526031,0.0,-0.00787100217946,0.00905941566821,-0.999927984563,0.0,0.634434192449,0.225589946764,0.303871280122,1.0,-0.181808571429,-0.238948408163,1.178
0.439648846993,0.392407043595,-0.125725762593,-1.59517865024,0.0645381683134,1.97971979696,0.123094948384,-0.191549930555,-0.88518983859,-0.0145193208672,-1.34239129616,-0.0896775484893,0.454193882751,-0.232448316789,0.573714872801,0.819037021378,0.00321702350778,0.0,0.819007577411,-0.573648693667,-0.0115979006668,0.0,-0.00765381604333,0.00928883357424,-0.999927565712,0.0,0.630718830447,0.220686493561,0.304040781044,1.0,-0.200094285714,-0.262981061224,1.198
0.437013862069,0.380373422308,-0.125874174788,-1.61317558042,0.0631403202899,1.98572342882,0.119881819755,-0.204362589557,-0.964412066615,-0.0114097165982,-1.40024704678,-0.11029957405,0.47219947519,-0.248710571345,0.573642304607,0.819088047085,0.00316613169128,0.0,0.819058549295,-0.573577028862,-0.0115426032512,0.0,-0.00763853501228,0.0092147501726,-0.999928368015,0.0,0.628082835454,0.217206020028,0.304063630599,1.0,-0.21198,-0.278602285714,1.211
0.43228083622,0.359692958759,-0.126123222368,-1.64378266046,0.0608204581341,1.99593606657,0.114403268319,-0.237247476228,-1.01846705085,-0.0133594186601,-1.49998811219,-0.11792774502,0.50586652676,-0.275923245754,0.573670226202,0.81906789637,0.00331656546812,0.0,0.819040780073,-0.573605027066,-0.0114114154718,0.0,-0.00744446876908,0.00926297000403,-0.999929386143,0.0,0.62351973952,0.211184427592,0.304160179687,1.0,-0.23118,-0.303836571429,1.232
0.428984221843,0.346379003248,-0.126287631567,-1.6636006868,0.0593485899639,2.00223880737,0.110642733243,-0.256556345927,-1.04700972481,-0.0149245081565,-1.52001831457,-0.101141900796,0.491733325579,-0.293273430237,0.573675128552,0.819065175761,0.00313554423154,0.0,0.819034977345,-0.573609579869,-0.0115975285422,0.0,-0.00770070180688,0.00922151161867,-0.999927828853,0.0,0.620455827143,0.207155397744,0.304088148298,1.0,-0.243065714286,-0.319457795918,1.245
0.423494069401,0.324618369557,-0.126538890565,-1.69530877138,0.0568669895905,2.01258415855,0.104516947776,-0.284817206891,-1.12584225969,-0.0124042521788,-1.59347930871,-0.135194120068,0.535238932546,-0.314232652993,0.573651581131,0.819080625846,0.00339687073186,0.0,0.819054008215,-0.573585476238,-0.0114446484301,0.0,-0.00742583705267,0.00934764122682,-0.999928736735,0.0,0.615512992857,0.200641359769,0.304196327441,1.0,-0.261351428571,-0.34349044898,1.265
0.419643872102,0.310000078921,-0.126661350337,-1.71661186848,0.0550957482295,2.01919094584,0.100269464867,-0.30422939355,-1.12757749653,-0.0112569064106,-1.59423718597,-0.117583274816,0.530075958991,-0.33140344559,0.57354262444,0.81915724912,0.00331753914644,0.0,0.819129353393,-0.57347645643,-0.0115153477122,0.0,-0.00753049494621,0.00932221592564,-0.99992819139,0.0,0.611777757155,0.195853408798,0.304174336815,1.0,-0.274151428571,-0.360313306122,1.279
0.412732037736,0.285112629482,-0.12695766618,-1.75236942258,0.0520871185644,2.03024981292,0.0928516932521,-0.341962036923,-1.20808905748,-0.013270643168,-1.74948952647,-0.1457979815,0.539876428209,-0.362478465774,0.573450482954,0.819221737894,0.00332184650473,0.0,0.819194175934,-0.573384658857,-0.0114752779214,0.0,-0.00749624562266,0.00930192006687,-0.999928637746,0.0,0.606137673403,0.18850133343,0.304214452317,1.0,-0.292437142857,-0.384345959184,1.299
0.407664405112,0.26790984048,-0.127174507843,-1.77679073036,0.0500278509736,2.03761317269,0.087536129693,-0.373656168939,-1.25738935436,-0.0173398789964,-1.77080697576,-0.155738535131,0.554130667101,-0.385028336531,0.573415891281,0.819245605503,0.00340593475995,0.0,0.819218787019,-0.573349391163,-0.0114804855799,0.0,-0.00745269022682,0.00937347908239,-0.999928295078,0.0,0.601997864699,0.183083259558,0.304263831448,1.0,-0.305237142857,-0.401168816326,1.313
0.40006460375,0.243812516753,-0.127588502298,-1.81067981627,0.046953974149,2.04760801332,0.0799754211839,-0.416819582229,-1.29477076778,-0.0159145195905,-1.81257779079,-0.168011576782,0.513485043315,-0.409348825838,0.573603046821,0.819114456788,0.00343485959576,0.0,0.819088668448,-0.57353726757,-0.0113799310266,0.0,-0.00735158757497,0.00934119752909,-0.999929345598,0.0,0.596151314616,0.175219289029,0.304321227731,1.0,-0.322608571429,-0.423999836735,1.332
0.394113442097,0.225444016323,-0.127805443384,-1.8361605871,0.044693463356,2.05497627059,0.073939905819,-0.4280805047,-1.30981700062,-0.00403638938127,-1.83047118063,-0.161054562061,0.518016525444,-0.43799837468,0.573526982609,0.819166904452,0.00362350260316,0.0,0.819143105566,-0.573460116118,-0.0113496575147,0.0,-0.00721946858651,0.00947768447825,-0.999929023866,0.0,0.59160538626,0.169308207758,0.304398304601,1.0,-0.335408571429,-0.440822693878,1.346
0.38482874933,0.198502207559,-0.128177352455,-1.87329110825,0.0411401381922,2.06520705676,0.064723916637,-0.482467553032,-1.36412752838,-0.0220131056445,-1.85684970908,-0.175737600609,0.495846437184,-0.469989961382,0.57341008213,0.819249071813,0.00354724494521,0.0,0.819224164899,-0.57334328192,-0.0114015623385,0.0,-0.00730707098816,0.00944394140003,-0.999928706801,0.0,0.584771610305,0.160384118482,0.304405097618,1.0,-0.353694285714,-0.464855346939,1.366
0.37823617545,0.180375820515,-0.128512222011,-1.89791309726,0.0387382989687,2.07179147424,0.0583462935069,-0.535465204246,-1.39649083305,-0.0297114279334,-1.87542326975,-0.178816385789,0.490987057886,-0.498558168875,0.573453142942,0.819218886243,0.00355755169467,0.0,0.819193998951,-0.573386160942,-0.0114126870217,0.0,-0.00730977857828,0.00945914835915,-0.999928543272,0.0,0.580136789224,0.154250570106,0.304436524713,1.0,-0.36558,-0.480476571429,1.379
0.367283454751,0.151751205718,-0.129038853818,-1.93629845097,0.0348757652213,2.08182180029,0.047895889766,-0.558924586385,-1.42594689886,-0.0194972808781,-1.94298498126,-0.205023136471,0.518305157121,-0.536479459629,0.573489282645,0.819193138432,0.00365944508305,0.0,0.819169651828,-0.573422124024,-0.0113532420753,0.0,-0.00720222990004,0.0095088520829,-0.999928852277,0.0,0.572343083643,0.143950442771,0.304482576666,1.0,-0.38478,-0.505710857143,1.4
