position_joint1,position_joint2,position_joint3,position_joint4,position_joint5,position_joint6,position_joint7,velocity_joint1,velocity_joint2,velocity_joint3,velocity_joint4,velocity_joint5,velocity_joint6,velocity_joint7,ee_T_00,ee_T_10,ee_T_20,ee_T_30,ee_T_01,ee_T_11,ee_T_21,ee_T_31,ee_T_02,ee_T_12,ee_T_22,ee_T_32,ee_T_03,ee_T_13,ee_T_23,ee_T_33,v_x,v_y,time
0.465079738111,0.547817258549,-0.123997413437,-1.3558401429,0.0795579733004,1.89409791874,0.159157954978,-0.000515182303228,-0.000784819080587,0.000510476177585,0.000883833119842,-8.74532263044e-05,0.00522493569289,-0.00149215598263,0.573821791677,0.818966151282,0.00193425752085,0.0,0.81892229585,-0.573762792888,-0.0119698688075,0.0,-0.00869327976389,0.00845274091647,-0.999926486327,0.0,0.661671163598,0.26089722001,0.303185599931,1.0,0.0,0.0,0.0
0.465078999344,0.547822548356,-0.123997726196,-1.35584192893,0.0795586853772,1.89409791438,0.159158887797,-0.00028077072371,0.000646225995131,0.000817073921712,0.00104498638997,0.00534832310598,-2.82059494176e-08,0.000307464669219,0.57382367437,0.818964845878,0.001928432079,0.0,0.818920907201,-0.573764692957,-0.0119737949815,0.0,-0.00869981842039,0.00845024307343,-0.999926450571,0.0,0.661670836596,0.260896382156,0.303181013887,1.0,-0.0002,-0.000262857142857,0.011
0.465075848094,0.547814084624,-0.124005608251,-1.35585113827,0.079558672234,1.89409710058,0.159162752817,0.000195683903293,-0.00135600049177,-0.00100084197692,-0.000165929328407,-0.000617414501918,0.0002295448406,0.00130164642534,0.573835405805,0.818956632468,0.00192563831777,0.0,0.818912688108,-0.573776464651,-0.0119718323487,0.0,-0.00869969305468,0.00844695355523,-0.999926479456,0.0,0.661671420061,0.260888695873,0.303182816886,1.0,-0.00062,-0.000814857142857,0.032
0.465073704234,0.547799557878,-0.12399789572,-1.35586357221,0.0795575001245,1.8941002238,0.159160412974,-0.00020039023162,-0.00244247899796,0.00109494337371,-0.00138586107484,-0.000252059885351,-0.000221915616104,0.00140932733403,0.57383022161,0.818960249965,0.00193200542915,0.0,0.818916351064,-0.573771217609,-0.0119727484373,0.0,-0.00869684338664,0.0084526384648,-0.999926456205,0.0,0.66166843146,0.260890479014,0.303187203638,1.0,-0.00086,-0.00113028571429,0.044
0.465077225186,0.547693184481,-0.123995218537,-1.35598320324,0.0795549042526,1.8941199186,0.159155615041,-1.19109612566e-05,-0.00944222366684,0.000208444981575,-0.00862786175664,6.97846919526e-06,-0.000175404625094,-0.000145148365511,0.573827331833,0.818962250224,0.00194238250955,0.0,0.818918398423,-0.573768198391,-0.011977401287,0.0,-0.00869472959727,0.00846377595059,-0.999926380377,0.0,0.66164636031,0.260882473221,0.303207237949,1.0,-0.00126,-0.001656,0.064
0.465077506441,0.547592478535,-0.123997431391,-1.35612615161,0.0795520227051,1.89414091816,0.159153976691,-7.50687278626e-05,-0.00319332601706,8.59379721458e-05,-0.0120077520068,-0.000125564045078,-0.000648544354141,0.000751341080526,0.573830614611,0.818959980323,0.00192957661064,0.0,0.818915822104,-0.573771399776,-0.0120001669704,0.0,-0.00872068853337,0.00846638700866,-0.999926132213,0.0,0.661618009042,0.260867174623,0.303213198299,1.0,-0.00154,-0.002024,0.078
0.465058502192,0.547398207296,-0.123998115329,-1.35638384493,0.0795527083479,1.89423668596,0.159146735798,0.000846859368287,-0.0103973981858,0.000694307751969,-0.0110834086924,0.000306913134568,0.00574062553108,0.000479203188848,0.57385900025,0.818940006181,0.00196494502796,0.0,0.818896222237,-0.573799546378,-0.0119918590554,0.0,-0.00869329593615,0.00849088578485,-0.999926163006,0.0,0.661591255997,0.260832300795,0.303235737074,1.0,-0.00194,-0.00254971428571,0.098
0.465038554283,0.547254121024,-0.123993341385,-1.35654139218,0.0795495880285,1.89434073743,0.159132477346,-0.00411214809739,-0.0117596883044,0.00175426373941,-0.0169845147753,-0.000202124474083,0.0041822532168,0.000439128442738,0.573868567319,0.818933103674,0.00204598441944,0.0,0.818890363034,-0.573808758692,-0.011951095287,0.0,-0.00861330960859,0.00853395915942,-0.999926488517,0.0,0.661583979409,0.260811634566,0.303271684053,1.0,-0.0022,-0.00289142857143,0.111
0.465015533015,0.547005016502,-0.123998062768,-1.3568696311,0.0795434971302,1.89450844206,0.159118744338,-0.00022758565061,-0.0109391127049,0.00043175393296,-0.0169081362915,-8.95906889665e-05,0.0101591891741,0.000428343157329,0.573896494511,0.818913327805,0.00212650693579,0.0,0.818871606482,-0.573836321611,-0.0119128082013,0.0,-0.00853545482371,0.00857822017456,-0.999926777394,0.0,0.661556160913,0.260768394913,0.303306604044,1.0,-0.00262,-0.00344342857143,0.132
0.464992449174,0.546825117363,-0.123998379,-1.3571421332,0.0795396539259,1.89460548209,0.159094829893,0.0002437128937,-0.0152832512311,-0.000286824173899,-0.0245157372016,-0.00326548134442,0.00504791513514,0.000633277632547,0.573910241462,0.818903665885,0.00213720510527,0.0,0.81886196685,-0.573849905567,-0.0119210750082,0.0,-0.00853594142098,0.00859186843258,-0.999926656061,0.0,0.661524058291,0.260728921517,0.303312746976,1.0,-0.00288,-0.00378514285714,0.145
0.464942022981,0.546484081653,-0.123998010721,-1.35764409295,0.0795275887999,1.89478996499,0.158949206948,0.000128417498471,-0.0166014244588,0.00324592014237,-0.0257270565725,9.1214393879e-05,0.00222927127318,-0.0104954698236,0.573856886587,0.818940972932,0.00216874857241,0.0,0.818899510084,-0.573796252767,-0.011924747188,0.0,-0.00852140832361,0.0086192513854,-0.999926544355,0.0,0.661468411845,0.26065124323,0.303331337212,1.0,-0.0033,-0.00433714285714,0.166
0.464905539726,0.546283853107,-0.124000992392,-1.35797803707,0.0795206052041,1.89490683901,0.15893921462,-0.00716374245108,-0.0182047370382,0.000416727069167,-0.0323449153452,0.000241363233873,0.0109573818864,-0.00194600311214,0.573897482586,0.818912546983,0.00216027234634,0.0,0.818870860103,-0.573836763426,-0.0119427934884,0.0,-0.00854062417585,0.00862308921356,-0.999926347323,0.0,0.661430937531,0.260595172475,0.303324415837,1.0,-0.00354,-0.00465257142857,0.178
0.4648383965,0.54590146341,-0.123998493606,-1.35864180517,0.0794917054093,1.89513408959,0.158886747462,-0.00161267735665,-0.0168197768869,-0.00109476421121,-0.0361324874742,-0.00405389057946,0.00832240928385,-0.00474009538641,0.573937167398,0.818884840069,0.00211978410181,0.0,0.818842477457,-0.573876461424,-0.0119812785639,0.0,-0.00859495866088,0.00861243616245,-0.999925973575,0.0,0.661352475442,0.2604891741,0.303298845163,1.0,-0.00396,-0.00520457142857,0.199
0.464792274766,0.545636715502,-0.124001911283,-1.35909726474,0.0794536118192,1.89529182743,0.15880192227,0.000282172205358,-0.0239728118004,-0.000949227379808,-0.0363047126507,-0.00728138563764,0.0109361658171,-0.0124486143038,0.573923184562,0.818894729975,0.00208478828235,0.0,0.818851998589,-0.573862713869,-0.0119890341099,0.0,-0.00862154057992,0.00858808303503,-0.999925954193,0.0,0.66130122711,0.26041063579,0.303283246055,1.0,-0.00422,-0.00554628571429,0.212
0.464711736301,0.545175574999,-0.12400442525,-1.35990395804,0.0793678001693,1.89555435631,0.158712190197,-0.00782379367022,-0.0231940635924,0.000696029586727,-0.0401183512229,-0.000228195516685,0.00764350330968,-0.00934160756261,0.573939516836,0.818883513359,0.00199235152682,0.0,0.818839862694,-0.573879717033,-0.0120040218892,0.0,-0.00868669273439,0.00852116343265,-0.999925962831,0.0,0.661206707818,0.260270130133,0.303248466647,1.0,-0.00462,-0.006072,0.232
0.464660617569,0.5448312384,-0.124004159495,-1.36049609176,0.0793521615409,1.89574794045,0.158654631006,-0.00363834418683,-0.0229515070886,-0.00477022161023,-0.0453830195233,-0.000353521597619,0.0176643855915,-0.00419134771339,0.573962839521,0.818867251883,0.00195692216884,0.0,0.818822908147,-0.57390296313,-0.0120491039438,0.0,-0.00874370154611,0.00851827461772,-0.999925490565,0.0,0.661132367881,0.26018131657,0.303227143135,1.0,-0.0049,-0.00644,0.246
0.464570289409,0.544295174884,-0.124002473741,-1.36138030345,0.0793193930945,1.89607139327,0.158509873905,-0.00283308374736,-0.027459487078,0.000703476975652,-0.0486322733574,-0.00324301068312,0.0141552957364,-0.00961846722551,0.573957731356,0.818870856049,0.00194695466895,0.0,0.818826163982,-0.573897686633,-0.0120791289963,0.0,-0.00877406284889,0.00852729107524,-0.999925147763,0.0,0.661032560226,0.260041300103,0.303213659034,1.0,-0.0053,-0.00696571428571,0.266
0.4645267889,0.543904339136,-0.124013382092,-1.36200899476,0.0792916575232,1.89629928101,0.158469304919,-0.00552068320766,-0.0269638978819,-0.000459949988629,-0.0476764480928,-0.00281169571618,0.0190805469015,0.000352127669012,0.573995421299,0.818844452626,0.0019405237034,0.0,0.818799627797,-0.573935352606,-0.0120883187319,0.0,-0.00878488671549,0.00852770387409,-0.999925049207,0.0,0.660958987109,0.25994770406,0.303211093195,1.0,-0.00556,-0.00730742857143,0.279
0.46443225713,0.543271811542,-0.124011613503,-1.363003703,0.079243565952,1.89664300689,0.158319523035,-0.00698153662312,-0.0285246584686,0.00192008340358,-0.0517430899282,0.000167965752681,0.0166245425336,-0.0112002350759,0.573991377287,0.818847306199,0.00193257132411,0.0,0.818802210999,-0.573931182645,-0.0121113067965,0.0,-0.00880831758672,0.00853434365455,-0.999924786431,0.0,0.66084200805,0.259792021288,0.303214876009,1.0,-0.00596,-0.00783314285714,0.299
0.464369081549,0.542812020622,-0.124021048689,-1.36374965665,0.0791976364486,1.8969109593,0.158234914771,-0.00351428410448,-0.033724471254,-0.000739554934942,-0.0579776166295,-0.00126728721848,0.0200778955382,-0.00561621804232,0.574009679856,0.818834520731,0.00191363344308,0.0,0.818789214355,-0.573949601817,-0.0121170925363,0.0,-0.00882373439119,0.00852235491272,-0.999924752758,0.0,0.660756827015,0.259673042367,0.303208582904,1.0,-0.00624,-0.00820114285714,0.313
0.464280936654,0.542103406954,-0.124018002348,-1.36483092842,0.0791335679322,1.89731526378,0.158078433603,-0.0018125029743,-0.0360197698136,-0.00141032487296,-0.0542958708412,0.00039449110074,0.0172122822942,-0.014071548588,0.573994617735,0.818845012296,0.00194204799558,0.0,0.818800048306,-0.573934388044,-0.0121056191723,0.0,-0.00879818714444,0.0085388736416,-0.999924836945,0.0,0.660632616103,0.259514592901,0.303230001789,1.0,-0.00664,-0.00872685714286,0.333
0.464209403865,0.541617532178,-0.124023319176,-1.3655707839,0.0790900701047,1.89758539177,0.157984997904,-0.00606831461773,-0.0383170755236,-0.0013700934989,-0.0522471193831,-0.000901071602574,0.0254578714806,-0.0114116244934,0.57400689154,0.818836370016,0.00195818898929,0.0,0.818791600288,-0.573946573174,-0.0120993115924,0.0,-0.00878362963608,0.00854860152021,-0.99992488181,0.0,0.660541254304,0.259392360211,0.303246854383,1.0,-0.00692,-0.00909485714286,0.347
0.464112809289,0.540782681777,-0.124021198973,-1.36685545443,0.079018624888,1.89806263151,0.157816933148,-0.00399833683604,-0.0362227259412,0.000685537339953,-0.0666733071516,-0.00140299324155,0.0313670975748,-0.0112924950498,0.574002027502,0.818839721538,0.00198236114324,0.0,0.818795217062,-0.573941554635,-0.0120926126653,0.0,-0.0087643208915,0.00856449690339,-0.999924915217,0.0,0.660399976143,0.259210821808,0.303264992393,1.0,-0.00732,-0.00962057142857,0.367
0.464042373764,0.540220201998,-0.124021198973,-1.36770170528,0.0789632297606,1.89836778166,0.157711350152,-0.0051204825841,-0.0434891504815,0.000374109611986,-0.0678427037167,-0.0100556790116,0.0225319440133,-0.0167240753976,0.574005239804,0.81883742989,0.00199874725015,0.0,0.818793163445,-0.573944718616,-0.0120814887253,0.0,-0.00874577313221,0.00857156344598,-0.999925017065,0.0,0.660301493317,0.259082985719,0.303286174505,1.0,-0.00758,-0.00996228571429,0.38
0.463915620858,0.539302583363,-0.12402439943,-1.3691143655,0.078880848777,1.89891158952,0.157545665397,-0.00609751431007,-0.0465455186325,-0.000400781685737,-0.0654295764411,-0.00897645716938,0.0212270685336,-0.0157629363798,0.574032069936,0.818818512043,0.00204301762168,0.0,0.818774851574,-0.573971381602,-0.0120558049773,0.0,-0.00869905012969,0.00859335558453,-0.999925237589,0.0,0.660137947522,0.258852830757,0.303314031089,1.0,-0.00802,-0.0105405714286,0.402
0.463831555857,0.538730791543,-0.124026533625,-1.37002175193,0.0788314892042,1.89926358425,0.157428708518,-0.00486019598134,-0.0478373711723,0.000484575145468,-0.0736942615402,-0.00999464319938,0.0241548471653,-0.0140573785123,0.574043533011,0.818810445695,0.00205502571958,0.0,0.818766901699,-0.573982751894,-0.0120543814048,0.0,-0.00869087141914,0.00860249235586,-0.999925230144,0.0,0.660045964815,0.25872432375,0.303312054917,1.0,-0.00826,-0.010856,0.414
0.463700357733,0.537801671038,-0.124035124842,-1.37145918493,0.0787514649928,1.8998209838,0.157249971078,-0.0012864051477,-0.0478234890241,-0.00165112535233,-0.0745579391322,-0.00606939359464,0.0302077244218,-0.00903532299347,0.574068732061,0.818792672256,0.00209705292728,0.0,0.818749685497,-0.574007777362,-0.0120320790984,0.0,-0.00864822001302,0.00862436786257,-0.999925411503,0.0,0.65988908491,0.258499184353,0.3033326891,1.0,-0.00866,-0.0113817142857,0.434
0.463614266707,0.537163318529,-0.124033629849,-1.37244711438,0.0786912932013,1.90017807315,0.157129575527,-0.00820828024666,-0.0535833825216,0.00135271716586,-0.0781302778753,-0.00248163264243,0.0310115992673,-0.0123060294737,0.574077856958,0.818786257683,0.00210363508633,0.0,0.818743333016,-0.574016849487,-0.0120315438261,0.0,-0.0086439071808,0.00862954624312,-0.999925404118,0.0,0.659773391425,0.258348849589,0.303344092301,1.0,-0.00892,-0.0117234285714,0.447
0.46347193203,0.536125327906,-0.124042855723,-1.37408359251,0.0785929720456,1.90079438371,0.156929224645,-0.00486412163138,-0.0519688984296,0.000884193986398,-0.0787041110439,-0.00648587368405,0.0331536990427,-0.011061857807,0.57410064558,0.818770248914,0.00211545248837,0.0,0.818727517709,-0.574039624572,-0.0120211508817,0.0,-0.00862837327036,0.00863349586799,-0.999925504187,0.0,0.659588340178,0.258094870811,0.303351619475,1.0,-0.00934,-0.0122754285714,0.468
0.463379951801,0.535439650302,-0.124046315321,-1.37516719271,0.0785352713335,1.90119110017,0.156794980395,-0.00519747988779,-0.0530969223833,-0.000624331896051,-0.081031361668,-0.00964368644819,0.0347498446871,-0.0130226607976,0.574112543616,0.818761901126,0.00211741083532,0.0,0.818719123116,-0.574051440437,-0.0120286357159,0.0,-0.00863325212353,0.00863952172702,-0.999925410029,0.0,0.659461632463,0.257930148207,0.303354259444,1.0,-0.0096,-0.0126171428571,0.481
0.463229127214,0.534320308498,-0.1240541949,-1.37695272671,0.0784380752927,1.90183617212,0.15657511182,-0.00966500889516,-0.0563587460366,0.000672548693031,-0.0823463652547,-0.00393702894605,0.0370488745571,-0.00746280138865,0.574133388098,0.818747322466,0.00210274269064,0.0,0.818704247324,-0.574072238799,-0.0120485250086,0.0,-0.00865773807467,0.00863915118704,-0.999925201522,0.0,0.659250820637,0.257656903473,0.303350294167,1.0,-0.01002,-0.0131691428571,0.502
0.463130629176,0.533638368959,-0.124058450651,-1.3780827924,0.0783694296748,1.90224419076,0.156440045194,-0.00945618346609,-0.0527510335854,-0.000425617077362,-0.0888111405127,3.2713842341e-05,0.0362416696077,-0.0122269474305,0.574149906195,0.818735832268,0.00206617467525,0.0,0.818692266826,-0.574088898302,-0.0120688022647,0.0,-0.0086951603324,0.00862102889819,-0.999925033214,0.0,0.659117366733,0.257480886127,0.303328911966,1.0,-0.01028,-0.0135108571429,0.515
0.462981907991,0.532524852125,-0.12405635783,-1.37987889548,0.0782792212644,1.90293249852,0.156211474818,-0.00944177924038,-0.0541715014574,0.000232226251624,-0.0922937121005,-0.00582693280914,0.0356150421687,-0.00971046555715,0.574157302169,0.818730612951,0.00207910642078,0.0,0.818687045203,-0.574096067832,-0.0120819625252,0.0,-0.00869843323492,0.00863925083302,-0.999924847478,0.0,0.658908458064,0.257217582478,0.303318813021,1.0,-0.01068,-0.0140365714286,0.535
0.46287352388,0.531772199724,-0.124056276407,-1.38108539743,0.0782013978137,1.90336755582,0.156055098764,-0.00465750551482,-0.0586581280662,-4.80257906978e-05,-0.0966044282107,-0.00459252854083,0.035454350836,-0.0105922927514,0.574162816473,0.818726794052,0.00206004398583,0.0,0.818682984129,-0.574101670489,-0.0120909197615,0.0,-0.00871665310253,0.0086288456338,-0.999924778662,0.0,0.658765914599,0.257029819142,0.303312800952,1.0,-0.01094,-0.0143782857143,0.548
0.462710534874,0.530595847497,-0.124058863917,-1.38299660726,0.0780858916013,1.9040466192,0.155811807039,-0.00876523168573,-0.0564650472108,-0.000199692195447,-0.0897921258611,-0.00450043363448,0.0337289693802,-0.0201768183158,0.574171819098,0.81872060173,0.00201130755893,0.0,0.818676087715,-0.574110818138,-0.0121234814385,0.0,-0.00877119946296,0.00860773652047,-0.999924483615,0.0,0.658535101485,0.25673693255,0.303291040414,1.0,-0.01134,-0.014904,0.568
0.462587112364,0.529735712211,-0.12406472593,-1.38435812871,0.0779979354655,1.90453832655,0.155636214887,-0.0143949111559,-0.0580518865921,-0.000423342345275,-0.101067099308,-0.00721041360076,0.0354206817037,-0.0055159377762,0.574183501544,0.81871244022,0.00199842073463,0.0,0.818667799257,-0.574122596423,-0.012125412853,0.0,-0.00878005688791,0.00859842026062,-0.999924486034,0.0,0.658375563738,0.256521075468,0.30329172532,1.0,-0.01162,-0.015272,0.582
0.462426580188,0.528448459139,-0.124065246285,-1.38633944843,0.0778745684359,1.90529465706,0.155352487476,-0.00583938336344,-0.0648556433734,0.00061935870851,-0.10146449661,-0.00450001004352,0.0408306788521,-0.0161964217995,0.574157388668,0.818730628802,0.00204875587894,0.0,0.8186866908,-0.574096311447,-0.0120943950019,0.0,-0.008726036435,0.008621541414,-0.999924759825,0.0,0.658144943073,0.256228168941,0.303320728989,1.0,-0.01202,-0.0157977142857,0.602
0.462286208592,0.527403338254,-0.12406525987,-1.38796828752,0.0777803781518,1.90592230714,0.155126326876,-0.0116813471524,-0.0671594946038,-0.000483662561415,-0.110189508057,-0.00301531082879,0.0384017194104,-0.015241829621,0.574150139824,0.818735614664,0.00208737210791,0.0,0.818692156788,-0.574088872746,-0.0120774792198,0.0,-0.00869009258342,0.00864336796746,-0.999924884419,0.0,0.657957324818,0.255983497074,0.303335573785,1.0,-0.01234,-0.0162182857143,0.618
0.462131874031,0.526177418155,-0.124065916626,-1.3898876545,0.0776557054388,1.90663920893,0.154883798069,-0.00863599656765,-0.0675712869544,0.000434477395769,-0.106952969791,-0.0129216071837,0.0356292867521,-0.00944660220268,0.574148460635,0.818736755733,0.00210163378889,0.0,0.818693546664,-0.574087194984,-0.0120630057225,0.0,-0.00867007204862,0.0086467166627,-0.999925029261,0.0,0.657729025838,0.255698335756,0.303346829891,1.0,-0.0127,-0.0166914285714,0.636
0.462015021418,0.525264615847,-0.124071550127,-1.39129323622,0.0775677772435,1.9071404467,0.154679757787,-0.0078493585432,-0.0671945251225,0.000410453198328,-0.110681382738,-0.00576200627956,0.038576697481,-0.015125149596,0.574132932571,0.818747630733,0.00210708497221,0.0,0.818704497558,-0.574071650339,-0.0120595545973,0.0,-0.00866428082109,0.00864903391064,-0.999925059417,0.0,0.657559051162,0.255483158287,0.303363534853,1.0,-0.01296,-0.0170331428571,0.649
0.461824737234,0.523886275421,-0.124080126573,-1.39351987316,0.0774279954172,1.9079401143,0.154382161691,-0.0097627071099,-0.0639183249279,-0.0039227492907,-0.114645210474,-0.0032346252037,0.0383377933857,-0.0136608994117,0.574133049999,0.818747667291,0.00206036545092,0.0,0.818703926812,-0.574071971012,-0.012083013785,0.0,-0.00871030899531,0.00862425288647,-0.999924873568,0.0,0.657289681418,0.255138540934,0.30334257949,1.0,-0.01336,-0.0175588571429,0.669
0.461704405321,0.522958324196,-0.124080961137,-1.39499323497,0.0773383354368,1.90851151372,0.15418466952,-0.00599617272773,-0.0743981796448,0.00116859886972,-0.106823155108,-0.00990110402902,0.0525519461125,-0.0131696267344,0.57412551337,0.818752901732,0.00208031345526,0.0,0.818709442624,-0.574064370158,-0.0120703925247,0.0,-0.00868860235377,0.00863325879127,-0.999924984702,0.0,0.657117157103,0.254920524395,0.303343164051,1.0,-0.01362,-0.0179005714286,0.682
0.461505847239,0.521427297594,-0.124083711336,-1.39744313716,0.0771902286369,1.9094490012,0.153847721097,-0.00525487707559,-0.071203564919,0.000381210880836,-0.118438509433,-0.00893973289632,0.0471709822321,-0.0153838447289,0.574105545322,0.818766870675,0.00209313586257,0.0,0.818723586459,-0.574044357142,-0.0120628317472,0.0,-0.00867526119616,0.00863920463016,-0.999925049184,0.0,0.656826477114,0.25455741998,0.303334261887,1.0,-0.01404,-0.0184525714286,0.703
0.461374563699,0.520442119503,-0.124087918193,-1.39899689467,0.077094333868,1.91001571261,0.15364882174,-0.0109305308265,-0.081560849149,-0.00272421898259,-0.122239017634,-0.00337674870748,0.0430999190181,-0.0129912601233,0.574110140004,0.818763658391,0.00208943645737,0.0,0.818720321517,-0.574048962733,-0.0120652568226,0.0,-0.00867932208832,0.00863761667268,-0.999925027663,0.0,0.656638422783,0.254320223663,0.303335945429,1.0,-0.0143,-0.0187942857143,0.716
0.461156413164,0.518800774139,-0.124090407204,-1.40155552462,0.0769250870042,1.91093498987,0.153296005678,-0.0122954037735,-0.0809432908316,0.000133020100956,-0.126780282351,-0.00674483627474,0.0422844206671,-0.0159787665014,0.574091798704,0.818776532808,0.00208395907143,0.0,0.818733177047,-0.574030699567,-0.0120618265163,0.0,-0.00867985112476,0.00863096828469,-0.999925080479,0.0,0.656325652479,0.2539284941,0.303350192337,1.0,-0.01472,-0.0193462857143,0.737
0.461034881072,0.517845173072,-0.124093603391,-1.40305373887,0.0768313659324,1.91147151077,0.153094130826,-0.00972728357041,-0.0782149802936,-0.000994454005655,-0.12581228197,-0.00638885301458,0.0489594565709,-0.00820669697638,0.57408234362,0.818783179794,0.00207704863529,0.0,0.818739719353,-0.574021260933,-0.0120669321434,0.0,-0.00868809826692,0.0086281410204,-0.999925033256,0.0,0.656140007979,0.253702885412,0.303354315381,1.0,-0.01496,-0.0196617142857,0.749
0.460807883525,0.51617228092,-0.124102462307,-1.4057003525,0.0766673540091,1.91245710227,0.15273435565,-0.00854455745358,-0.0805009463935,-0.000187094514054,-0.129723654654,-0.00431107994357,0.0520190026951,-0.0137409822536,0.574075745852,0.818787792605,0.00208221215416,0.0,0.818744429417,-0.574014671523,-0.0120608074422,0.0,-0.00868018869741,0.00862878276082,-0.999925096411,0.0,0.655822041593,0.253297036875,0.303353851449,1.0,-0.01538,-0.0202137142857,0.77
0.460665467325,0.515121221174,-0.124105287934,-1.40736573277,0.0765639380685,1.91308700266,0.152493121299,-0.0104756688658,-0.0744587116469,0.000390748676141,-0.129409100158,-0.00935185743267,0.0541554394514,-0.0167735765834,0.574053827163,0.818803149325,0.00208640272213,0.0,0.818759876278,-0.573992772945,-0.0120543977811,0.0,-0.00867276576007,0.0086283021366,-0.999925164968,0.0,0.655605188098,0.253025964847,0.303349808694,1.0,-0.01566,-0.0205817142857,0.784
0.460436460024,0.513394935368,-0.124100525974,-1.41016761177,0.0763924247013,1.91406210382,0.152114895256,-0.00733570231239,-0.0784179527893,2.47701119579e-05,-0.133312462708,-0.00896885102944,0.046407761593,-0.0184644134635,0.574032055946,0.81881860756,0.00200837279312,0.0,0.818774118906,-0.57397114818,-0.0121165246001,0.0,-0.00876865658734,0.00859984276488,-0.999924573838,0.0,0.655262729746,0.252625536436,0.303313597934,1.0,-0.01606,-0.0211074285714,0.804
0.460285873494,0.512286914429,-0.124109598859,-1.4119172131,0.0762812028235,1.91468113231,0.151855579061,-0.00662679222117,-0.0858294011653,-0.000473982900488,-0.136608292236,-0.00681674821966,0.0569716329292,-0.0205430488525,0.574010969939,0.818833445131,0.00198555447963,0.0,0.818788662233,-0.573950169131,-0.0121275246505,0.0,-0.0087909827147,0.00858724701485,-0.999924486055,0.0,0.655045068454,0.252352587386,0.303311008545,1.0,-0.01632,-0.0214491428571,0.817
0.460050567695,0.510572661467,-0.124106827259,-1.41464470122,0.0761156501421,1.91572303465,0.151473964151,-0.010596198339,-0.0903073770072,0.00106842382245,-0.136922966937,-0.0151181384406,0.0575140970473,-0.0159544593704,0.573987346753,0.818849948577,0.00200857772926,0.0,0.818805437819,-0.573926419477,-0.0121188665279,0.0,-0.00877092627627,0.0086008760045,-0.999924545045,0.0,0.654715616749,0.251942880004,0.303303445557,1.0,-0.01672,-0.0219748571429,0.837
0.459899169124,0.509432301815,-0.124110622677,-1.41644467853,0.0760061877716,1.9163877536,0.151232120107,-0.00879944461532,-0.086570612963,-0.000918406206761,-0.136563345511,-0.0115268540669,0.0472854938505,-0.014292307146,0.573980242632,0.818854920412,0.00201178685633,0.0,0.818810427472,-0.573919278513,-0.0121199222505,0.0,-0.00877002355886,0.00860403362415,-0.999924525798,0.0,0.654493461571,0.251670377755,0.303302606728,1.0,-0.01698,-0.0223165714286,0.85
0.459635366644,0.507554233971,-0.124115859229,-1.4193847689,0.0758214548303,1.91742849469,0.150809220013,-0.0129788464867,-0.091351539903,-0.000334580577129,-0.139039382441,-0.00310464165598,0.0561648647276,-0.0192308753003,0.573956119612,0.818871878218,0.00199166398692,0.0,0.818827060295,-0.573895186547,-0.0121370131838,0.0,-0.00879582175329,0.0085971068791,-0.999924358776,0.0,0.65412503655,0.251211399154,0.303307397234,1.0,-0.0174,-0.0228685714286,0.871
0.459469298306,0.506363964559,-0.124121569951,-1.42124777236,0.0757077585045,1.918131332,0.150563732764,-0.0113345825232,-0.0989928816238,0.00100442347373,-0.14517579946,-0.00503830499101,0.0540332658277,-0.0188405361223,0.573960996804,0.818868402336,0.00201511894982,0.0,0.81882390315,-0.573899971643,-0.0121237403715,0.0,-0.00877144007761,0.0086087474175,-0.999924472801,0.0,0.653899573971,0.250923367164,0.303314018904,1.0,-0.01766,-0.0232102857143,0.884
0.459173519553,0.504151683101,-0.124126267992,-1.42459232908,0.0754965447082,1.91941337743,0.150098244568,-0.0108246240439,-0.0939370779279,-0.000815786314002,-0.144403847336,-0.00812337483398,0.0499732833837,-0.0220969742396,0.573942717647,0.818880879407,0.00214688210591,0.0,0.818838241698,-0.573881266652,-0.0120404576468,0.0,-0.00862781123606,0.0086686490506,-0.999925204901,0.0,0.653483842498,0.250386198663,0.30338572588,1.0,-0.01814,-0.0238411428571,0.908
0.459015823415,0.503064518689,-0.124125944831,-1.42618530183,0.0753964265213,1.92002172056,0.14987801611,-0.0207948089821,-0.104035260332,0.000620450556406,-0.146176301303,-0.00393021248508,0.0610313780924,-0.0196927630622,0.573944254155,0.818879596104,0.00222420967266,0.0,0.818837977677,-0.573882490212,-0.0120000267872,0.0,-0.00855030672291,0.00870878144552,-0.999925521917,0.0,0.653309937262,0.250159963272,0.303432954214,1.0,-0.01834,-0.024104,0.918
0.458747756188,0.501056564386,-0.124132900912,-1.42919566763,0.0751949117359,1.92108600928,0.149463834285,-0.0125150313628,-0.0990565810005,-2.23700310957e-05,-0.152870902331,-0.0076665213187,0.0528311219081,-0.0217398518654,0.573928583999,0.818890453215,0.00227002264926,0.0,0.818849502755,-0.57386670619,-0.0119683860607,0.0,-0.00849827028287,0.00872797382273,-0.999925798185,0.0,0.652930066164,0.249689947095,0.3034941128,1.0,-0.01874,-0.0246297142857,0.938
0.458563058227,0.499752815716,-0.124135154423,-1.43118123262,0.0750684239922,1.92179932717,0.149173091583,-0.00992410109206,-0.103194981912,-0.00114698941692,-0.150707670818,-0.00834029091696,0.059664568022,-0.0211734154301,0.573910238261,0.818903239385,0.00229561450407,0.0,0.818862610722,-0.573848246743,-0.0119566455471,0.0,-0.00847416456624,0.00874200249137,-0.999925880217,0.0,0.652681470099,0.249377737537,0.303520498642,1.0,-0.019,-0.0249714285714,0.951
0.458244353787,0.497682252279,-0.124135555935,-1.43444298284,0.0748667902815,1.92301006747,0.148707280507,-0.0129874331071,-0.0993235331187,0.000738613783872,-0.157255637601,-0.00885545418802,0.0608585961608,-0.0244933867487,0.573901461446,0.818909347907,0.0023107059681,0.0,0.818868867186,-0.573839359689,-0.0119546864173,0.0,-0.00846399338332,0.00875314570968,-0.99992586888,0.0,0.652280254624,0.248859588448,0.303516832856,1.0,-0.01942,-0.0255234285714,0.972
0.458046429108,0.496401371266,-0.124135568616,-1.43649360132,0.0747440719378,1.92373522372,0.148398626063,-0.0221728333734,-0.101771624602,0.000757427683709,-0.158450764192,-0.00755351769636,0.0525096913681,-0.0241334455671,0.57388139147,0.81892351139,0.00227550379221,0.0,0.818882436965,-0.57381929657,-0.0119881698166,0.0,-0.00851183001505,0.00874332600232,-0.999925548729,0.0,0.652018418241,0.248533663202,0.303496410083,1.0,-0.01968,-0.0258651428571,0.985
0.457726947759,0.494430429727,-0.124143668489,-1.43971367271,0.0745458678422,1.92484159777,0.147943080024,-0.0171800960248,-0.100112284642,-0.00359833939421,-0.161323852768,-0.0072388253676,0.0574856088648,-0.0146567404667,0.573884310891,0.818921794901,0.0021537063915,0.0,0.818878937255,-0.573822527902,-0.0120722613136,0.0,-0.00865055920759,0.00869187351139,-0.999924806753,0.0,0.651602478472,0.248008110827,0.303432968995,1.0,-0.0232805714286,-0.030597322449,1.005
0.457483254451,0.492656339979,-0.124208158374,-1.44236506189,0.0743921533331,1.92581570138,0.147566639831,-0.0199346942061,-0.158786276665,-0.00720040351373,-0.228014025961,-0.0141998903081,0.0841572051513,-0.0331475352773,0.57391376573,0.81890095138,0.00222895394415,0.0,0.818859247032,-0.573851835453,-0.0120146326533,0.0,-0.00855986960233,0.0087207305194,-0.999925335958,0.0,0.651282948893,0.247561871036,0.303492269343,1.0,-0.0340074285714,-0.044695477551,1.018
0.456970058108,0.488463831102,-0.124270647303,-1.44893807997,0.0740585821231,1.92834369505,0.146559054352,-0.0343781814675,-0.228167224635,-0.000534593232598,-0.358523727222,-0.00843953046496,0.136961943885,-0.0589698995924,0.573794249245,0.818984286219,0.00237599702936,0.0,0.818944153462,-0.573731374577,-0.0119804105552,0.0,-0.00844874661008,0.00882026937352,-0.999925407982,0.0,0.650455966296,0.246584579446,0.303500604698,1.0,-0.0513354285714,-0.0674694204082,1.039
0.456452316148,0.484928146493,-0.12433420385,-1.45449187821,0.0737378824895,1.93046422274,0.145726888394,-0.0419071703663,-0.28824266182,-0.00621864834363,-0.454714787102,-0.0210824666975,0.169932360913,-0.0717158031033,0.573772059045,0.818999589922,0.00245822465885,0.0,0.818960594376,-0.573708927638,-0.0119313917423,0.0,-0.00836166049912,0.00885925890317,-0.99992579533,0.0,0.649773349227,0.245691039533,0.303498745463,1.0,-0.0620622857143,-0.0815675755102,1.052
0.455414200816,0.478160794809,-0.124531444459,-1.4652634352,0.0730821672937,1.93418769655,0.144090098476,-0.0580248199862,-0.378322160416,-0.0128602309443,-0.580760768123,-0.0399695158196,0.201143745447,-0.0844905363564,0.573773683013,0.818999204222,0.00219341452111,0.0,0.81895678464,-0.573711664502,-0.0120605890296,0.0,-0.00861939127184,0.00871652811059,-0.999924861293,0.0,0.648380131313,0.243862227082,0.303393124561,1.0,-0.0785651428571,-0.103257044898,1.072
0.454567876354,0.47285681399,-0.124642787329,-1.47358654347,0.0725794242169,1.93708714614,0.142912761819,-0.0702734040489,-0.419805752509,-0.010590726635,-0.666281064079,-0.0452236546945,0.226021629302,-0.0954043146743,0.573848792641,0.818946863396,0.00208447078334,0.0,0.818902861137,-0.573787073665,-0.0121344557896,0.0,-0.00874160041991,0.00867048882644,-0.99992420065,0.0,0.647297421325,0.242449350311,0.303356484808,1.0,-0.089292,-0.1173552,1.085
0.452976370469,0.462881360945,-0.124795589439,-1.48881303107,0.0716816897408,1.94273402302,0.140452899995,-0.0817663162409,-0.497426843328,-0.0107163276942,-0.762610954299,-0.055486750882,0.278856736132,-0.133639284374,0.573730201974,0.819029002664,0.00242797001557,0.0,0.818989367676,-0.573666937537,-0.0119752791811,0.0,-0.00841541686387,0.00885923153869,-0.999925344601,0.0,0.645359022498,0.239899943194,0.303487246027,1.0,-0.10662,-0.140129142857,1.106
0.451776605472,0.455947369518,-0.124875706319,-1.49970609391,0.0709891105435,1.94646640728,0.138833010166,-0.0992627460559,-0.536960952849,-0.0099684231568,-0.842369220988,-0.0573413643813,0.288638049838,-0.129614980444,0.57376188466,0.819007370242,0.00223026925617,0.0,0.818964726827,-0.573698995864,-0.0121237476984,0.0,-0.00865010202846,0.00878282527732,-0.999924015971,0.0,0.643890793742,0.238027251355,0.303400332213,1.0,-0.117346857143,-0.154227297959,1.119
0.449551208858,0.443206874324,-0.125082654784,-1.5189993482,0.0696796546745,1.95332853552,0.135811386454,-0.114588226429,-0.621522573962,-0.010070252641,-0.959163422018,-0.0590153823405,0.335028367527,-0.158745384499,0.573777518828,0.818995850097,0.0024296734349,0.0,0.818956560579,-0.573714582073,-0.0119363772945,0.0,-0.00838206577088,0.00883879212157,-0.999925805611,0.0,0.641343291903,0.23462540674,0.303554413279,1.0,-0.134674857143,-0.177001240816,1.14
0.448115280262,0.43525533519,-0.12517963281,-1.53116430425,0.0688786067393,1.95746843175,0.133851621923,-0.123872057416,-0.684828139461,-0.0081644334322,-1.00663787944,-0.0747128376512,0.35618775549,-0.167792410135,0.573734992842,0.819025748767,0.00239327086378,0.0,0.81898565436,-0.573671860537,-0.0119933849169,0.0,-0.00845010160323,0.00884124933531,-0.99992521125,0.0,0.639524355625,0.232296019425,0.303580203917,1.0,-0.145401714286,-0.191099395918,1.153
0.445246765055,0.420087197588,-0.125365645359,-1.55400676016,0.0673004700503,1.96542319997,0.130055732765,-0.143966583214,-0.753332102965,-0.00904067994974,-1.13028929877,-0.0788182467975,0.386779012883,-0.188267513236,0.573658622991,0.819078774102,0.0025481337724,0.0,0.819041006775,-0.573595217675,-0.0118786524049,0.0,-0.00826811389074,0.00890148881316,-0.999926198171,0.0,0.636520703905,0.228346670714,0.303701866539,1.0,-0.161904571429,-0.212788865306,1.173
0.443247368625,0.409920243898,-0.125497051983,-1.56902594749,0.0662084565531,1.97082760181,0.127554948621,-0.15606653557,-0.780653553994,-0.00835286529588,-1.18178282671,-0.0883320004496,0.41626874048,-0.192682320049,0.573664070388,0.819073606697,0.00295094226727,0.0,0.819042025601,-0.573600309976,-0.0115581830595,0.0,-0.00777449096921,0.00904763426721,-0.999928846271,0.0,0.634474293127,0.22557022393,0.303910271189,1.0,-0.172631428571,-0.226887020408,1.186
0.439597931593,0.392490008258,-0.125698006269,-1.59504809864,0.0644821861958,1.97969532219,0.123115032952,-0.176472469819,-0.837160481181,-0.0122744029735,-1.27509090807,-0.0857926287298,0.433776094233,-0.224724000371,0.573728130865,0.819027784059,0.00320432434367,0.0,0.818998624454,-0.573662534974,-0.0115453891757,0.0,-0.00761794035576,0.00924842984259,-0.999928214188,0.0,0.630754649519,0.220674671528,0.304044203233,1.0,-0.189959428571,-0.249660963265,1.207
0.437084838844,0.381114455978,-0.125823373846,-1.61214333358,0.0631593397419,1.9853580236,0.120076470445,-0.202026772998,-0.899300662951,-0.00923623766163,-1.30721043161,-0.0973979957284,0.439920185289,-0.237780081081,0.573668751139,0.819069846737,0.00308172599286,0.0,0.819039493661,-0.57360402307,-0.0115533303767,0.0,-0.00769544227459,0.00915201611018,-0.999928507829,0.0,0.628241540395,0.217368803118,0.304026670039,1.0,-0.200686285714,-0.263759118367,1.22
0.432836761323,0.362513233429,-0.126034273042,-1.63969778305,0.0610821469697,1.99454124992,0.115148443693,-0.226830976875,-0.967839733788,-0.0211069582618,-1.41192441815,-0.115686188214,0.485115462946,-0.253841154394,0.573698142365,0.819048768669,0.00320981141893,0.0,0.819020472327,-0.573633498327,-0.0114377623648,0.0,-0.00752697474562,0.00919090123925,-0.999929433503,0.0,0.62392493799,0.211669319954,0.30411573192,1.0,-0.218014285714,-0.286533061224,1.241
0.428740155377,0.345939157869,-0.126249679287,-1.66430441171,0.059228066888,2.00248390169,0.110510811921,-0.253962258271,-1.00159989528,-0.0137257004238,-1.43305501611,-0.11022889161,0.472198785214,-0.276874278731,0.573722884275,0.819031911253,0.00308663416706,0.0,0.819001462608,-0.573657944164,-0.0115721322544,0.0,-0.0077074217787,0.00916733149112,-0.999928275269,0.0,0.620369665924,0.206950714777,0.304064053564,1.0,-0.231216571429,-0.303884636735,1.257
0.422690596749,0.322095011231,-0.126493265011,-1.69913602994,0.0564376413499,2.01372482867,0.103789606049,-0.266754841288,-1.05872793415,-0.00671878984099,-1.56499260595,-0.136276991592,0.493901155724,-0.305671426606,0.573662953195,0.819073468612,0.00319625544547,0.0,0.819044733804,-0.57359803375,-0.011478963713,0.0,-0.00756889451025,0.00920310960209,-0.999929004785,0.0,0.614897901855,0.199792026751,0.30412343863,1.0,-0.250194857143,-0.328827526531,1.28
0.419842175254,0.311446280409,-0.126591716252,-1.71474374508,0.0551795577872,2.01853851194,0.100680462615,-0.286261709632,-1.05112824705,-0.00587897351127,-1.54294486837,-0.117404784178,0.480236279934,-0.314115599144,0.573624064611,0.819101264168,0.00304933402451,0.0,0.819070185056,-0.573559083918,-0.0116084499238,0.0,-0.0077596721757,0.00915668110736,-0.999927968745,0.0,0.612351712052,0.196521486998,0.304059791676,1.0,-0.258446285714,-0.339672261224,1.29
0.414298372765,0.29134280221,-0.126811888573,-1.74356381313,0.0527598684144,2.02746570407,0.0947336057113,-0.314876195872,-1.1363786932,-0.0128413732564,-1.56755163571,-0.11955346747,0.50108975519,-0.335729420933,0.573556602241,0.819148148567,0.00314350528796,0.0,0.81911842769,-0.573491492992,-0.0115436470321,0.0,-0.00765333090358,0.00919601512991,-0.999928427355,0.0,0.607614819908,0.19033287669,0.30414716052,1.0,-0.273298857143,-0.359192783673,1.308
0.409957313753,0.276351801509,-0.126985071662,-1.76497556341,0.0509659848168,2.03394853739,0.0901716806171,-0.347820349291,-1.15163747599,-0.00762831396013,-1.62929957157,-0.144580903089,0.493635212057,-0.360449969939,0.573533034934,0.819164580388,0.00316148357115,0.0,0.819134724241,-0.57346742921,-0.0115826628949,0.0,-0.00767524710634,0.00923289853788,-0.999927919485,0.0,0.604007574456,0.185635787931,0.304164442018,1.0,-0.284025714286,-0.373290938775,1.321
0.402637795585,0.252542115478,-0.127351761419,-1.79843480263,0.048019132718,2.04407196523,0.0827607447275,-0.376346487812,-1.20940567734,-0.022448857911,-1.66869248226,-0.151380543831,0.533335387026,-0.38022498434,0.573646549682,0.819083953821,0.00344376714062,0.0,0.819058388487,-0.573580877105,-0.0113613630172,0.0,-0.00733077230396,0.00933823284895,-0.999929526109,0.0,0.598322177333,0.177991107209,0.304309695413,1.0,-0.300528571429,-0.394980408163,1.341
0.397510328079,0.236637396,-0.127561443383,-1.82076424325,0.045996973692,2.050460119,0.0776060229242,-0.398965700078,-1.21834607624,-0.0084265500983,-1.69390773099,-0.151971258803,0.492028172354,-0.400814440732,0.573644776902,0.819085555403,0.00335704703473,0.0,0.819058618747,-0.57357903488,-0.0114375130117,0.0,-0.0074429131985,0.00931086717027,-0.999928952874,0.0,0.594369351489,0.172805284826,0.304297203089,1.0,-0.311255428571,-0.409078563265,1.354
0.38867489268,0.209997765517,-0.127840549846,-1.85759390814,0.0425818015925,2.06097857481,0.068716278283,-0.43607612485,-1.28799386836,-0.0162245138433,-1.76215934371,-0.170415660904,0.491746516047,-0.443121641149,0.573451817323,0.819219879329,0.00354251638494,0.0,0.819195251009,-0.573385463963,-0.0113576996864,0.0,-0.00727336600037,0.00941528739837,-0.99992922275,0.0,0.587697383923,0.16418786484,0.304368558333,1.0,-0.328583428571,-0.431852506122,1.375
0.382691811901,0.193117888369,-0.12807688828,-1.88076321215,0.0403430699704,2.06729596317,0.0628780941397,-0.467273137916,-1.32416296952,-0.0205834185983,-1.80657465099,-0.17545027607,0.516260182616,-0.462439204557,0.573425596589,0.819238418337,0.00349942829677,0.0,0.819213121474,-0.573359222201,-0.0113934553092,0.0,-0.00732766790079,0.00940025747032,-0.999928967699,0.0,0.583385896073,0.158544484402,0.304359549419,1.0,-0.339310285714,-0.445950661224,1.388
0.372657139832,0.166322998698,-0.128605804386,-1.91707086529,0.0368013529088,2.07676291742,0.053318162123,-0.514107618885,-1.34393104178,-0.025952455397,-1.84871187815,-0.195438328275,0.460222191461,-0.48834131921,0.5735997325,0.819116916644,0.00340156499959,0.0,0.819089570768,-0.573532629543,-0.0115475023006,0.0,-0.00750799051272,0.00941001181801,-0.999927538253,0.0,0.576456558085,0.149358817445,0.304350983511,1.0,-0.355813142857,-0.467640130612,1.408
