position_joint1,position_joint2,position_joint3,position_joint4,position_joint5,position_joint6,position_joint7,velocity_joint1,velocity_joint2,velocity_joint3,velocity_joint4,velocity_joint5,velocity_joint6,velocity_joint7,ee_T_00,ee_T_10,ee_T_20,ee_T_30,ee_T_01,ee_T_11,ee_T_21,ee_T_31,ee_T_02,ee_T_12,ee_T_22,ee_T_32,ee_T_03,ee_T_13,ee_T_23,ee_T_33,v_x,v_y,time
0.465060575219,0.547781323256,-0.124003431435,-1.35582873758,0.0794782616231,1.89410927571,0.159163995688,7.35591776584e-05,0.000891605643743,-0.000112675147315,-0.00053793558964,-0.000629329689254,-0.000389445110652,0.000845149053944,0.573824909728,0.818963955523,0.00193892530273,0.0,0.818920954623,-0.573766664094,-0.0118756959869,0.0,-0.0086134420926,0.00840255851279,-0.999927600192,0.0,0.661687859417,0.260870747461,0.303217522961,1.0,0.0,0.0,0.0
0.465057791158,0.547785995982,-0.124001235567,-1.35582872807,0.0794794655781,1.89410960627,0.15916122712,-0.00397613763084,0.00183747442888,0.00268637337545,0.000336592363776,0.000194456944261,0.000119621932194,0.000627467404613,0.573823717213,0.818964797227,0.00193632831901,0.0,0.818921740426,-0.573765460863,-0.0118796414366,0.0,-0.00861817575648,0.00840268314301,-0.999927558357,0.0,0.661687957581,0.260870332483,0.303214175508,1.0,-0.00016,-0.000210285714286,0.009
0.465063502821,0.547779937167,-0.124001717788,-1.35582884137,0.0794782616765,1.8941047946,0.15916053189,0.0024149081002,0.000626088286465,0.000285919879461,0.00111937761225,0.000170375908283,-0.000602405024068,0.000665589393257,0.573818450235,0.818968486275,0.00193689413237,0.0,0.818925443677,-0.573760198864,-0.0118785015744,0.0,-0.00861697159442,0.00840243702417,-0.999927570803,0.0,0.661685820933,0.260873377287,0.303218009502,1.0,-0.00038,-0.000499428571429,0.02
0.465057623606,0.547774006654,-0.124006393492,-1.35583525072,0.0794795708878,1.8941063325,0.15915751971,-5.99371618393e-06,0.00131297276739,-0.000534329671292,0.000431079342784,0.000220512270595,0.00539455311089,-0.00193822022266,0.573824762299,0.818964061756,0.00193768574453,0.0,0.818921036979,-0.57376651423,-0.0118772574187,0.0,-0.00861543365659,0.00840243780723,-0.999927584049,0.0,0.661687349375,0.260866415099,0.30321945105,1.0,-0.00068,-0.000893714285714,0.035
0.465056352241,0.547735360682,-0.124004129386,-1.35587175633,0.0794779067828,1.89411327008,0.159159714182,-5.6972544302e-05,-0.00253023720377,-0.000443851167238,-0.00523614358447,-2.63212970597e-05,0.00277248764895,0.00213235320487,0.573827551059,0.818962085934,0.00194688169229,0.0,0.818919156392,-0.573769240961,-0.0118751977807,0.0,-0.00860844165374,0.00840881626968,-0.999927590649,0.0,0.661681292742,0.260863262038,0.303229977765,1.0,-0.001,-0.00131428571429,0.051
0.465056298123,0.547619363228,-0.124001984434,-1.3560133661,0.0794797702502,1.8941460294,0.159153413498,0.000123473786641,-0.0105317389742,0.00620329370893,-0.0153388549616,0.000320177976441,0.0035767162939,-0.000536204722987,0.573827752974,0.81896192734,0.00195406884803,0.0,0.818918958789,-0.573769283737,-0.0118867521429,0.0,-0.00861377860342,0.00842133443556,-0.99992743934,0.0,0.661654897635,0.260852021859,0.30324496356,1.0,-0.00136,-0.00178742857143,0.069
0.465044256136,0.547473351722,-0.124004129494,-1.35622617448,0.0794717779211,1.89420457978,0.159156323228,0.000174610639474,-0.00980144210002,-0.000603655680782,-0.0132649492859,-0.000437314618675,0.00548037938338,0.00119477821969,0.573852573861,0.818944529936,0.00195633908218,0.0,0.818901532987,-0.573794035561,-0.0118924735117,0.0,-0.00861690633505,0.0084267378485,-0.999927366869,0.0,0.661628668864,0.260821837469,0.303254812201,1.0,-0.0017,-0.00223428571429,0.086
0.465025417816,0.547323833083,-0.124003497583,-1.35641048723,0.0794687316242,1.89430759377,0.159141650566,-0.000327992714016,-0.0159196569243,0.00127413008007,-0.0110393283979,9.80608310879e-05,0.00936437564512,-0.000497455095568,0.573865247013,0.818935499055,0.00201830631078,0.0,0.818893279412,-0.573806424871,-0.0118629933323,0.0,-0.00855707398657,0.00846069996733,-0.999927593899,0.0,0.661615847533,0.260796339937,0.303281918015,1.0,-0.002,-0.00262857142857,0.101
0.464999253951,0.547124370387,-0.123997148069,-1.3566492232,0.0794666477771,1.8944253062,0.159126004894,-0.00251645935255,-0.0122938665954,0.00155851541715,-0.0163677502653,-3.03978061064e-05,0.00410919700595,-0.000708617814856,0.573882358258,0.818923319928,0.00209328935743,0.0,0.818881974223,-0.573823131523,-0.011835240756,0.0,-0.00849114027857,0.00850635657096,-0.999927768609,0.0,0.661595332176,0.260764656181,0.303319580171,1.0,-0.00236,-0.00310171428571,0.119
0.464964311271,0.546915633651,-0.124003816852,-1.35695120968,0.0794630357336,1.89456246961,0.159103838452,-0.00664458222342,-0.0148354720094,-2.56660447991e-05,-0.0199574288946,-0.000240841256972,0.0121118406967,-0.00285134086262,0.573913578202,0.818901330175,0.00213613982931,0.0,0.818860479188,-0.573854114931,-0.0118202073299,0.0,-0.00845391363834,0.00853314225748,-0.999927855811,0.0,0.661569779678,0.260713309547,0.303335814805,1.0,-0.0027,-0.00354857142857,0.136
0.464937693376,0.546676976519,-0.124001992335,-1.35730185405,0.0794554445062,1.89468605538,0.15904310567,0.000507060529475,-0.0154203897515,-0.00018927244921,-0.0259256585155,-0.000209697259373,0.00486121931615,-0.0081223281162,0.573901912727,0.818909457183,0.00215462444387,0.0,0.818868704834,-0.57384223476,-0.0118271192558,0.0,-0.00844908797495,0.0085521255456,-0.999927734419,0.0,0.661527226518,0.260665431667,0.303348600732,1.0,-0.00302,-0.00396914285714,0.152
0.464893729199,0.546390731501,-0.124006599881,-1.35772796046,0.0794478331644,1.89484263697,0.158943400488,-0.000774241036943,-0.0181901305209,-0.00116013332316,-0.026774916793,0.000148838848329,0.011111670648,-0.000293371484453,0.573881281883,0.818923852074,0.00217846514082,0.0,0.818883264341,-0.573821365058,-0.0118316222988,0.0,-0.00843931035122,0.00857402029379,-0.99992762949,0.0,0.661481168103,0.260596261352,0.303362233841,1.0,-0.00336,-0.004416,0.169
0.464849445566,0.546104993613,-0.124002028629,-1.35821334064,0.079429913744,1.89500489717,0.158920404305,-0.00186880194048,-0.0155546562443,0.000392767227312,-0.0273263635673,-0.00454749746501,0.00339343485344,-0.00181542008384,0.573917842091,0.818898296847,0.00215333499078,0.0,0.81885723161,-0.573857867726,-0.0118629165526,0.0,-0.00847897718087,0.00857177843138,-0.999927313139,0.0,0.66142113494,0.260523860217,0.303347448222,1.0,-0.0037,-0.00486285714286,0.186
0.464801468072,0.545795937066,-0.12400476813,-1.35874338438,0.0794072065903,1.89518495455,0.158844008938,-0.00793151845243,-0.0140925867051,-0.000455303439446,-0.0276257478492,-0.000507690013383,0.00781879242079,-0.00338725578247,0.573920041091,0.818896836012,0.00212257041295,0.0,0.818855270591,-0.573860089421,-0.0118907735475,0.0,-0.00851942241406,0.00856259606931,-0.999927048034,0.0,0.661357874235,0.260440222316,0.3033296755,1.0,-0.00402,-0.00528342857143,0.202
0.46473972907,0.545432792141,-0.123999819793,-1.35937134048,0.0792916381877,1.89539089539,0.15874970546,-0.00163710027821,-0.0193587099046,0.00195414958166,-0.0421027138713,-0.00504374287802,0.00828926183873,-0.00310645452605,0.573896131762,0.818913833905,0.00202718738279,0.0,0.818871727276,-0.573837267331,-0.0118588275919,0.0,-0.00854824688105,0.00846590471079,-0.999927625347,0.0,0.661282308753,0.260319670049,0.303306737521,1.0,-0.00438,-0.00575657142857,0.22
0.464677946245,0.544993145314,-0.124004975991,-1.3601106667,0.079266442946,1.8956252699,0.158682485251,-0.00530970357717,-0.0309490776927,0.00431531212201,-0.0395879399362,-0.000357717807612,0.0129786683158,-0.00864647643936,0.573927688519,0.818891822604,0.0019844709634,0.0,0.81884888071,-0.573868719705,-0.0119142773609,0.0,-0.0086178444122,0.00846307843376,-0.99992705187,0.0,0.661192746257,0.260213740011,0.303285194325,1.0,-0.00472,-0.00620342857143,0.237
0.464610550953,0.544596483598,-0.124008390645,-1.36079086471,0.0792503853888,1.89586046214,0.158568152112,-0.00263928245279,-0.02407946106,-0.000102354955675,-0.0434690370696,-0.000348139222498,0.0140091323755,-0.00410622085433,0.573925276363,0.818893582037,0.00195585071817,0.0,0.818850022312,-0.57386618747,-0.0119577062981,0.0,-0.00866985927014,0.00846454126466,-0.999926589846,0.0,0.661112908494,0.260105029102,0.303262707645,1.0,-0.00504,-0.006624,0.253
0.464542262309,0.544085315756,-0.124013604577,-1.36160749741,0.0792195306679,1.89616271787,0.158503464155,-0.00542575868516,-0.0282563629057,-0.000889023941847,-0.0488755008385,-0.00360671654602,0.0207241515282,-0.00128426817691,0.5739692147,0.818862773997,0.00196082624777,0.0,0.81881913258,-0.573909956267,-0.0119723481513,0.0,-0.00867853960114,0.00847748453172,-0.999926404895,0.0,0.66101946724,0.259982161616,0.303262129537,1.0,-0.0054,-0.00709714285714,0.271
0.464475908952,0.54360191598,-0.124013710941,-1.36239099365,0.0791855806013,1.8964317746,0.158375022427,-0.00181773698478,-0.0283634190585,-0.00148751948245,-0.0451795577716,-0.000543293019751,0.0169499008208,-0.0106847715508,0.573952942656,0.818874224084,0.00194207328693,0.0,0.818830175136,-0.573893606996,-0.0120007931412,0.0,-0.00871276447593,0.00847828198048,-0.999926100504,0.0,0.66092467961,0.259864348578,0.303254563105,1.0,-0.00572,-0.00751771428571,0.287
0.464393537631,0.543091267016,-0.124016905779,-1.36319937496,0.079133393026,1.89671646593,0.158287807713,-0.00388867045503,-0.0280886434875,1.65110498309e-05,-0.0511615341853,-0.00397960998425,0.0210856969289,-0.00403608464483,0.573982211005,0.818853741833,0.00192816969189,0.0,0.81880953297,-0.573922952018,-0.012005863787,0.0,-0.00872459361984,0.00847011904244,-0.999926066542,0.0,0.660833778845,0.259729683052,0.303255800441,1.0,-0.00604,-0.00793828571429,0.303
0.46431014787,0.542478975114,-0.124013839367,-1.36415362384,0.0790739910067,1.89705755115,0.158158365949,-0.00710209733093,-0.0337386966733,0.000837289801345,-0.0528465613237,-0.00051141002395,0.0235343184208,-0.00580791442456,0.573979488,0.818855652335,0.00192740640767,0.0,0.818811408004,-0.573920207857,-0.0120091647278,0.0,-0.00872776296755,0.00847135967615,-0.999926028374,0.0,0.660722294081,0.259584663806,0.303264117967,1.0,-0.0064,-0.00841142857143,0.321
0.464229519965,0.541871470019,-0.124020815088,-1.36509493047,0.0790249090541,1.8974069728,0.158025456982,-0.00217283175322,-0.0402985375911,0.00573796728367,-0.0532323730035,-0.0024887173222,0.0176622676761,-0.00210971884057,0.573980765696,0.818854719601,0.00194311580983,0.0,0.81881063685,-0.573921375992,-0.012005917828,0.0,-0.00871607458875,0.00848237311349,-0.99992603696,0.0,0.660616183648,0.259439366337,0.303276199759,1.0,-0.00674,-0.00885828571429,0.338
0.464151477767,0.54125492838,-0.124023701215,-1.36603391683,0.0789675284063,1.89775585806,0.157901583639,-0.00432364985312,-0.0445266328833,0.000792696693211,-0.0571499919534,-0.00786663755186,0.0268011172052,-0.0121490193132,0.573982032493,0.818853780431,0.00196457366834,0.0,0.81880999311,-0.573922566326,-0.0119929123654,0.0,-0.00869309583636,0.00849249227364,-0.999926151103,0.0,0.66050944138,0.25929717202,0.3032954925,1.0,-0.00706,-0.00927885714286,0.354
0.464072471841,0.540571203792,-0.124023625742,-1.36710017739,0.0789037899667,1.89814480679,0.15776803685,-0.000674115400247,-0.0416215245806,-5.68270753982e-06,-0.0655521932076,-0.000374040789571,0.0196795458524,-0.00709044570464,0.573979355714,0.818855643203,0.00197020560559,0.0,0.818811904277,-0.57391984147,-0.0119928262988,0.0,-0.00868982070984,0.00849702610996,-0.999926141054,0.0,0.660382826666,0.259143527942,0.303304984598,1.0,-0.0074,-0.00972571428571,0.371
0.463964927343,0.539834785314,-0.124029358824,-1.36821390531,0.0788399523959,1.89856403838,0.157637828036,-0.00689690562488,-0.0412184291758,-0.000807625441908,-0.0691765778813,-0.00286961360857,0.032954773916,-0.000670432615262,0.574009428398,0.818834475548,0.00200615680494,0.0,0.81879120734,-0.573949760404,-0.0119740643022,0.0,-0.00865351005246,0.0085160133178,-0.999926294424,0.0,0.660261204795,0.258964777907,0.303331830613,1.0,-0.00774,-0.0101725714286,0.388
0.463877715983,0.53912038259,-0.124027598048,-1.36930934028,0.0787786558873,1.89897102572,0.157495766517,-0.00359282767578,-0.0424279273213,0.00146753682899,-0.0686930603316,-0.00294456373611,0.0296911096621,-0.0158648955544,0.574007450115,0.818835800435,0.00203126564255,0.0,0.818792798842,-0.573947617176,-0.0119679657705,0.0,-0.00863412498952,0.00853305148332,-0.999926316744,0.0,0.660133448175,0.258805271789,0.303350405802,1.0,-0.00806,-0.0105931428571,0.404
0.463770904754,0.538347925546,-0.124030823769,-1.3705134484,0.0787129080511,1.89944134731,0.157348032853,-0.00603049749552,-0.0424171466705,0.000137980712751,-0.0705370263751,-0.00500401147329,0.0341350517769,-0.0161106496403,0.574025285094,0.818823211555,0.00206571873278,0.0,0.818780635972,-0.573965283542,-0.0119528384364,0.0,-0.0086017763284,0.00855276665619,-0.999926427107,0.0,0.660000944694,0.258621380037,0.303363808936,1.0,-0.0084,-0.01104,0.421
0.463658095483,0.537545068345,-0.124041040284,-1.37176405364,0.0786398649748,1.89992243321,0.157196819799,-0.00440590404575,-0.0546059641799,-0.00148563779189,-0.0788966308987,-0.0036622253074,0.0296034780931,-0.00312175634797,0.574050552319,0.818805431734,0.00209170872098,0.0,0.818763237857,-0.57399048319,-0.01193450638,0.0,-0.0085715827791,0.00856378906363,-0.999926592048,0.0,0.659863911106,0.258423918328,0.303377565256,1.0,-0.00874,-0.0114868571429,0.438
0.463555992945,0.536761273843,-0.124037208881,-1.37299121752,0.0785679417547,1.90035867141,0.157046720945,-0.0104284204782,-0.053803522122,0.00109049132449,-0.0770472523807,-0.00799271544673,0.0286443098088,-0.00553945347043,0.574056748475,0.818801097225,0.00208796890986,0.0,0.818758776847,-0.57399661631,-0.0119455724605,0.0,-0.0085827259925,0.00856714430016,-0.999926467723,0.0,0.659716539941,0.258241366175,0.303384524442,1.0,-0.00906,-0.0119074285714,0.454
0.463430324216,0.535851586381,-0.124040376389,-1.37441863865,0.0784854400203,1.90089622431,0.156873343779,-0.00440596006929,-0.0555647601846,0.00164047632118,-0.0835236309113,-0.00281149617625,0.0267767423826,-0.00436575046271,0.57407635628,0.81878730632,0.00210501091963,0.0,0.818745188063,-0.574016131536,-0.0119392069204,0.0,-0.00856752580044,0.00857764911334,-0.999926508018,0.0,0.659554213992,0.258022260197,0.303393896241,1.0,-0.00942,-0.0123805714286,0.472
0.463315410327,0.534958211962,-0.124050993644,-1.37583583281,0.078402747468,1.90140684159,0.156694957185,-0.00791979155046,-0.0523084512322,-0.00106791395298,-0.0886644681711,-0.00817950031332,0.0355701553903,-0.00838886887392,0.574087402904,0.81877959316,0.00209249913907,0.0,0.818737299744,-0.574027216183,-0.0119472168285,0.0,-0.00858115109228,0.00857211881567,-0.999926438607,0.0,0.6593870364,0.257805087062,0.303394348368,1.0,-0.00976,-0.0128274285714,0.489
0.463198049318,0.53411662967,-0.124053738987,-1.37722765542,0.0783323432094,1.90190127539,0.156522674289,-0.0116699989886,-0.0523678464094,3.71105017459e-05,-0.0846035496465,-0.0027217762467,0.0312770631328,-0.00994567383128,0.574101726661,0.81876965522,0.00205086242207,0.0,0.818726654539,-0.574041547813,-0.011988053763,0.0,-0.00863834072199,0.00856162293214,-0.999926036106,0.0,0.659218963132,0.257594103515,0.30336854405,1.0,-0.01008,-0.013248,0.505
0.463065756846,0.533196608789,-0.124049963187,-1.37871223728,0.0782460537533,1.90246243562,0.156330854519,-0.00362520549218,-0.0507437135262,0.00077199579885,-0.0859326896909,-0.00204683180324,0.0303116794752,-0.0113802164012,0.574108523795,0.818764893892,0.00204898449708,0.0,0.818721812511,-0.574048296295,-0.0119955884337,0.0,-0.00864551708439,0.0085644827618,-0.999925949593,0.0,0.65904757257,0.257369061263,0.303359291989,1.0,-0.01042,-0.0136948571429,0.522
0.462928489384,0.532245773451,-0.124052408401,-1.38025257218,0.078157725544,1.90304409621,0.156147170161,-0.0109993841606,-0.0579056665894,-0.000532862378395,-0.0874705123601,-0.0023871816896,0.0371855018538,-0.00187100399798,0.57413278752,0.818747896731,0.00204225203047,0.0,0.818704689363,-0.574072547569,-0.0120036929401,0.0,-0.00865576417207,0.00856387988366,-0.999925866106,0.0,0.658870510925,0.257131997089,0.303347022341,1.0,-0.01076,-0.0141417142857,0.539
0.462798660655,0.531311298063,-0.124052487638,-1.38175440809,0.0780703821012,1.90358486024,0.15594638176,-0.009680284099,-0.0563937983049,0.000134601630504,-0.101267973983,-0.00795760439161,0.0294802329135,-0.0161752682713,0.574133085218,0.818747740556,0.00202106259531,0.0,0.81870417835,-0.574072857693,-0.0120236980323,0.0,-0.00868430561721,0.00855802000691,-0.999925668802,0.0,0.658690914418,0.256902987368,0.303337714217,1.0,-0.01108,-0.0145622857143,0.555
0.462662283576,0.530281057336,-0.12405346196,-1.38340400857,0.0779691576081,1.90416979132,0.155730616335,-0.00661546281335,-0.0671642707981,-0.000410637161133,-0.101467820627,-0.0130237632498,0.0327247534903,-0.0124551170268,0.574131156019,0.818749167785,0.00199068882802,0.0,0.818705161823,-0.574071012207,-0.0120448266711,0.0,-0.00871906293159,0.0085452620026,-0.999925475442,0.0,0.658490383186,0.256653650373,0.303329191939,1.0,-0.01142,-0.0150091428571,0.572
0.462510010972,0.529165921088,-0.124060582542,-1.38514555525,0.0778546339431,1.90481620913,0.155495028339,-0.00723082586422,-0.0599405131425,8.41111947649e-06,-0.0994670848978,-0.0078284088918,0.0412410160148,-0.0164305182475,0.574131677918,0.818748777771,0.00200055251994,0.0,0.818704997827,-0.574071587183,-0.0120285586668,0.0,-0.00870007484983,0.00854400341535,-0.999925651588,0.0,0.658288598134,0.256382522259,0.303341957131,1.0,-0.01178,-0.0154822857143,0.59
0.462378245153,0.528143017378,-0.124062466416,-1.38675413417,0.0777588773068,1.90543524928,0.155268576437,-0.00476688499298,-0.0612669910559,-0.00034694513405,-0.10141281549,-0.00352801671372,0.0347669339489,-0.0146495695881,0.574117038687,0.818758975556,0.00202798853731,0.0,0.818715557623,-0.574056836894,-0.0120137680303,0.0,-0.00867236669003,0.00855781945578,-0.999925774136,0.0,0.658102054757,0.256143695383,0.303350287047,1.0,-0.0121,-0.0159028571429,0.606
0.462226905453,0.526992943955,-0.12406985521,-1.38850322053,0.0776531498962,1.90611540062,0.155030510339,-0.0089495896402,-0.0726773174393,-0.0018073615554,-0.106932587171,-0.00496379707257,0.0413053561493,-0.016734822764,0.574117514274,0.8187584746,0.00209451091476,0.0,0.818715987688,-0.574057095994,-0.01197200665,0.0,-0.00859997862565,0.00858831362273,-0.999926137891,0.0,0.657904486281,0.255876336414,0.303386446195,1.0,-0.01244,-0.0163497142857,0.623
0.462086018347,0.525814441331,-0.124076211643,-1.39031553692,0.0775297667348,1.90677424528,0.1547791825,-0.010214021039,-0.0701976314503,-0.00165482214362,-0.108497751607,-0.0105719638608,0.037203201601,-0.0209207224935,0.574095914983,0.818773586202,0.00210756711144,0.0,0.818731380374,-0.574035556233,-0.0119521493114,0.0,-0.00857645081862,0.00858737675891,-0.999926348014,0.0,0.657686079324,0.255605096294,0.303410304288,1.0,-0.01278,-0.0167965714286,0.64
0.46193869794,0.524725772476,-0.124074482817,-1.39204705341,0.0774295770333,1.90739746523,0.15454640057,-0.0105281127073,-0.0676910365911,0.00123104598193,-0.112282217117,-0.00767101167076,0.040137533089,-0.01823940931,0.574090840367,0.81877717961,0.00209381407437,0.0,0.818734687362,-0.574030432076,-0.0119717025352,0.0,-0.00860040942367,0.00858728831256,-0.999926142991,0.0,0.657475144705,0.255344091212,0.303405849956,1.0,-0.0131,-0.0172171428571,0.656
0.461776403944,0.523459640897,-0.124083665936,-1.39406500331,0.077308304656,1.90812916604,0.154276347298,-0.00546913065888,-0.0701374708888,0.000355537563791,-0.109390642665,-0.00453683983066,0.0456198173758,-0.0105109676512,0.574084708883,0.818781527374,0.0020746948434,0.0,0.818738761893,-0.574024357228,-0.0119843224146,0.0,-0.0086217824333,0.00857881450073,-0.999926031669,0.0,0.657230062566,0.255039213116,0.303399299614,1.0,-0.01346,-0.0176902857143,0.674
0.461631515666,0.522314587077,-0.12408402207,-1.39588926406,0.0771909223368,1.9088467357,0.154029403328,-0.0145004857417,-0.0702057744567,-0.000744939213137,-0.110983439653,-0.00630555383762,0.0440209201931,-0.0119626480947,0.574067735585,0.818793361342,0.00210078167249,0.0,0.818751026951,-0.574007368263,-0.0119600981543,0.0,-0.00858715013987,0.00858608892539,-0.999926267246,0.0,0.657017275779,0.254771988974,0.303397986819,1.0,-0.01378,-0.0181108571429,0.69
0.46147216136,0.521121804908,-0.124084114354,-1.39776941794,0.0770822837541,1.90957063095,0.15377797873,-0.00955093049699,-0.080446309854,0.00158288631522,-0.116443413915,-0.00273063267387,0.0421494177365,-0.00750952073478,0.574063806969,0.818796032389,0.00213301986083,0.0,0.818754078936,-0.574003267858,-0.0119479544259,0.0,-0.00855874209087,0.00860547259673,-0.999926344175,0.0,0.656796391285,0.254491281292,0.30340384991,1.0,-0.0141,-0.0185314285714,0.706
0.461291138239,0.51967666164,-0.124096365527,-1.40006510989,0.0769278443073,1.91040286974,0.153460802347,-0.00960741084286,-0.0791280591901,0.000243109574929,-0.119616845873,-0.00984050309298,0.0460355572703,-0.0194892348099,0.574041475313,0.818811758607,0.00210606009697,0.0,0.818769578151,-0.573981174662,-0.0119472142636,0.0,-0.00857384574638,0.00858273968326,-0.999926410167,0.0,0.656515730086,0.254143314385,0.303398544976,1.0,-0.01448,-0.0190308571429,0.725
0.461119128684,0.518327771317,-0.124090845764,-1.40216347526,0.0767999101906,1.91114124264,0.153188236586,-0.0108882707782,-0.0828288843754,0.000410361635965,-0.126399167726,-0.0139089025831,0.0436507496804,-0.0186920247296,0.57403187709,0.818818505372,0.00209910597486,0.0,0.818776121085,-0.573971493164,-0.0119639239776,0.0,-0.00859162077437,0.00858653690353,-0.999926224997,0.0,0.656251818937,0.253831753631,0.303410427297,1.0,-0.01482,-0.0194777142857,0.742
0.460944306076,0.517048943397,-0.124096799812,-1.40417531587,0.0766662844525,1.91186222154,0.152910692924,-0.00932189811271,-0.081326368909,0.000700021125264,-0.118570876958,-0.0114873334869,0.0403992080374,-0.0198100059077,0.574022262134,0.818825290016,0.0020818034965,0.0,0.818782738818,-0.573962009757,-0.011965988091,0.0,-0.00860334319116,0.00857345338674,-0.999926236471,0.0,0.656005961648,0.253518964688,0.303412793092,1.0,-0.01514,-0.0198982857143,0.758
0.460767489479,0.515701597916,-0.12410560989,-1.40634591647,0.076534001622,1.91269122102,0.15259976682,-0.013737923591,-0.0825889725298,-0.00039822430155,-0.129954231395,-0.00477858521938,0.0574250546251,-0.0186669991492,0.573997920891,0.818842352645,0.00208212127799,0.0,0.818799839996,-0.57393770453,-0.0119616154124,0.0,-0.00859983497237,0.0085709479638,-0.999926288128,0.0,0.655746186271,0.253192788949,0.303396793079,1.0,-0.01548,-0.0203451428571,0.775
0.460573115592,0.514306242067,-0.124109256397,-1.40857630719,0.0763988458861,1.91349020687,0.152300763463,-0.0124781743945,-0.0833314574811,-0.000889970254879,-0.131559364182,-0.00344546468997,0.0495533398667,-0.0161498628898,0.573995702193,0.818843986638,0.00205092963623,0.0,0.818800993965,-0.573935543419,-0.0119862915132,0.0,-0.00863796762,0.0085595478363,-0.999926057094,0.0,0.655470065943,0.252849263967,0.303382790407,1.0,-0.01582,-0.020792,0.792
0.460401917989,0.513075950264,-0.124112090516,-1.41058477951,0.0762812986291,1.91419098789,0.152023931665,-0.0136013283611,-0.0815330482437,-0.00113041761144,-0.139661413602,-0.012546733356,0.0486598140114,-0.0130030357289,0.573984813769,0.818851776039,0.00198729535859,0.0,0.818807810652,-0.57392478607,-0.0120356159193,0.0,-0.00871499519838,0.00853563806121,-0.999925593103,0.0,0.655214942356,0.252541827317,0.303349835855,1.0,-0.01612,-0.0211862857143,0.807
0.460191054401,0.511563164389,-0.124115631109,-1.4130126873,0.0761332769039,1.91507824922,0.15168029952,-0.0149709950346,-0.0859558605371,-0.00238869194224,-0.138490933362,-0.0137097265501,0.0537955464667,-0.016236541541,0.573965764039,0.818865189727,0.00196205657777,0.0,0.81882083956,-0.573905793473,-0.0120548671151,0.0,-0.00874544378717,0.00852581797682,-0.999925411039,0.0,0.654915647086,0.25216969759,0.303330894478,1.0,-0.01648,-0.0216594285714,0.825
0.459992964893,0.510096433644,-0.124115977606,-1.41532646974,0.0759955079511,1.91595995045,0.151348429128,-0.0141965625638,-0.0850478657747,-0.000250292136214,-0.132702077466,-0.00169016789089,0.0524214999667,-0.0187751214787,0.573940251234,0.818883000029,0.00199177762213,0.0,0.818838998594,-0.573880117248,-0.0120437664288,0.0,-0.00871956188815,0.00854351201257,-0.999925486045,0.0,0.654635783764,0.251822040463,0.303332910819,1.0,-0.01682,-0.0221062857143,0.842
0.459798237787,0.508664966405,-0.124121679413,-1.41755709783,0.0758514863832,1.91675722465,0.151036976014,-0.0190680759671,-0.0898100739998,-0.000988899333406,-0.141599148251,-0.011970602777,0.0470135637289,-0.0220160260233,0.573925587891,0.818893291705,0.00198576594496,0.0,0.81884922438,-0.573865493942,-0.0120453101678,0.0,-0.00872442911033,0.00853931903155,-0.999925479407,0.0,0.654357771316,0.251476289659,0.303342143105,1.0,-0.01714,-0.0225268571429,0.858
0.459577112027,0.507050558335,-0.124122735524,-1.42008921358,0.0756897109331,1.91768078939,0.150683218586,-0.0116217250523,-0.0937197909391,-0.00383457252962,-0.142118539805,-0.00934855734823,0.0487823215857,-0.0220596209883,0.573905151632,0.818907611394,0.00198691533224,0.0,0.818863555718,-0.573845052018,-0.0120449280888,0.0,-0.00872366971608,0.00853982325312,-0.999925481726,0.0,0.654043267213,0.251088378739,0.303346150392,1.0,-0.0175,-0.023,0.876
0.459354675073,0.505469757292,-0.124128518539,-1.42254544988,0.0755297204264,1.91861040548,0.150357130651,-0.0126373156757,-0.0985052291313,0.00122602924519,-0.150171311264,-0.0117694974179,0.0547460324427,-0.0185289555584,0.573905249657,0.818907442818,0.00202766236314,0.0,0.81886400478,-0.573845060203,-0.0120139692906,0.0,-0.00867493185831,0.00855542448653,-0.99992577238,0.0,0.653729044892,0.250683901049,0.303364714124,1.0,-0.01786,-0.0234731428571,0.894
0.459147945506,0.503904280647,-0.124136909508,-1.42487932785,0.0753830300888,1.91949713576,0.150028668219,-0.016220643774,-0.104350586133,-0.000286261223113,-0.143538981742,-0.0117748981713,0.0465222995657,-0.0211035895699,0.5738949409,0.8189144268,0.00212256678935,0.0,0.818872320914,-0.573834449739,-0.0119537958067,0.0,-0.0085712989196,0.00859849967888,-0.999926296603,0.0,0.653467062197,0.250346300389,0.303422761763,1.0,-0.01816,-0.0238674285714,0.909
0.458916430482,0.502227843596,-0.124140817897,-1.42737225629,0.075229622958,1.92043006145,0.149672600502,-0.0189781990793,-0.097989639741,-0.00011283946209,-0.154776668156,-0.0139623139667,0.0508566490989,-0.0225915230178,0.573882132305,0.818923139285,0.00222195085161,0.0,0.818882336603,-0.573821247331,-0.01190133657,0.0,-0.0084714403979,0.00864964724579,-0.999926706464,0.0,0.65316508997,0.249957609253,0.303487726025,1.0,-0.0185,-0.0243142857143,0.926
0.458688371274,0.500502214457,-0.124141540432,-1.42995644933,0.0750591028086,1.92134342156,0.149316951939,-0.0143130739602,-0.106324806491,0.000417967561202,-0.156018675302,-0.00603664685366,0.0588719944742,-0.0159436413824,0.573863599896,0.818936007083,0.00226537376212,0.0,0.818895779705,-0.573802554565,-0.0118775947751,0.0,-0.00842727503827,0.00867139126015,-0.999926891332,0.0,0.65283671872,0.249558995898,0.303541111381,1.0,-0.01884,-0.0247611428571,0.943
0.458450889956,0.498909545195,-0.124141540552,-1.43241735266,0.0749097616476,1.92224716445,0.148972286644,-0.0130507410727,-0.0974130107504,-0.000162771904677,-0.154089004737,-0.0106836384038,0.05823585585,-0.021411043648,0.573860783423,0.818937892176,0.00229715229298,0.0,0.818898009186,-0.573799541689,-0.0118694317506,0.0,-0.00840238425821,0.00869270220416,-0.999926915763,0.0,0.652532608406,0.249170312319,0.303559050656,1.0,-0.01916,-0.0251817142857,0.959
0.458189483039,0.49724002737,-0.124139729887,-1.43507128817,0.0747457212068,1.92321677385,0.14858003568,-0.0145650824313,-0.0978835695788,0.000912638942067,-0.157800147235,-0.00620650363537,0.0569544335384,-0.0229676351375,0.573842665489,0.81895062373,0.00228430687095,0.0,0.818910493784,-0.573781394313,-0.0118853528714,0.0,-0.00842298653438,0.00869113277086,-0.999926756072,0.0,0.652202247051,0.24874744056,0.303543832178,1.0,-0.0195,-0.0256285714286,0.976
0.457920009502,0.495561691897,-0.124142569452,-1.43776203627,0.0745823928854,1.92414896719,0.148182490346,-0.0178487775303,-0.0973296240832,-0.00055494412599,-0.160074258316,-0.011143919562,0.0535193764551,-0.0221829252419,0.573831430758,0.818958676731,0.00221850904065,0.0,0.818917519346,-0.573770249956,-0.0119391655876,0.0,-0.00850493251038,0.00866801127745,-0.999926263133,0.0,0.651857465846,0.24831014291,0.303513528822,1.0,-0.01984,-0.0260754285714,0.993
0.457656287169,0.493962643422,-0.124159172565,-1.44037926493,0.0744195532803,1.92507620076,0.147811651721,-0.0196033213841,-0.104161220028,-0.00403925237804,-0.172159084444,-0.00595624888899,0.0603144696015,-0.0206027352661,0.573843322404,0.818950562999,0.00213625786008,0.0,0.818908286981,-0.573782431117,-0.0119869160519,0.0,-0.00859110982632,0.00862817711647,-0.999925870948,0.0,0.651527815113,0.247876060361,0.303462445772,1.0,-0.0246611428571,-0.0324117877551,1.009
0.457343745981,0.491510364413,-0.124233034395,-1.44409245623,0.0742104731846,1.92648079706,0.147271567281,-0.0185867380558,-0.158873988959,-0.00298139596899,-0.245238506015,-0.0125069996405,0.0888936160447,-0.0341684860003,0.573840385251,0.818952307697,0.00225319215901,0.0,0.81891170442,-0.573779168082,-0.0119093887639,0.0,-0.00846054958073,0.00867942077345,-0.99992654068,0.0,0.651075632413,0.247282774541,0.303525639874,1.0,-0.0346085714286,-0.0454855510204,1.026
0.456904336035,0.488350396106,-0.124243660221,-1.44918012495,0.0739412974604,1.92836657894,0.146510208226,-0.0256801915298,-0.205131248748,0.000581111819842,-0.331106542906,-0.0226796341736,0.125073901271,-0.0485383479151,0.573766368078,0.819004208949,0.00223774148153,0.0,0.818962919337,-0.573704726481,-0.0119737406818,0.0,-0.00852290524297,0.00870292455799,-0.999925806843,0.0,0.650420712443,0.246513626993,0.303465283101,1.0,-0.044556,-0.0585593142857,1.043
0.456337397126,0.484505189595,-0.124337220045,-1.45517628371,0.0735800862059,1.93063249178,0.145608507737,-0.0320628326588,-0.257124172224,-0.00285016404605,-0.39264562598,-0.0277852814822,0.144305794951,-0.0635545243668,0.573759330476,0.819008915242,0.00231826376554,0.0,0.81896895016,-0.573697648574,-0.0119001510902,0.0,-0.00841650940843,0.00872657677798,-0.999926501913,0.0,0.64968751438,0.245525701207,0.303481049613,1.0,-0.0539182857143,-0.0708640326531,1.059
0.4555870548,0.479642960143,-0.12448014944,-1.46289626792,0.0731255823815,1.93329461681,0.144439285177,-0.0416901190555,-0.303657739229,-0.00913725815782,-0.478129351423,-0.030758939704,0.163946123416,-0.0707061966246,0.573774614383,0.818998688213,0.00214184430948,0.0,0.818956328839,-0.573713551583,-0.0120016284774,0.0,-0.0086006784634,0.00864047306011,-0.999925682516,0.0,0.64869015341,0.24421210459,0.303413795192,1.0,-0.0638657142857,-0.0839377959184,1.076
0.454613735878,0.473538980257,-0.124620572235,-1.47239119629,0.0725479291872,1.93668810644,0.143073511124,-0.0591651659637,-0.351215263504,-0.00548175165301,-0.552603886579,-0.0301750752743,0.192400497027,-0.0818490630933,0.573857999224,0.81894030148,0.00212749626563,0.0,0.818897841773,-0.573797072959,-0.0119996126887,0.0,-0.00860638100246,0.00862844195353,-0.99992573734,0.0,0.647481596049,0.242592731177,0.303418053927,1.0,-0.0743982857143,-0.0977806040816,1.094
0.453678552274,0.467750701086,-0.12469719402,-1.48118681677,0.0720437511214,1.939962469,0.141700346806,-0.0631973657114,-0.398849180673,-0.00372832569498,-0.603790124577,-0.0380623898837,0.232248351583,-0.0994353292976,0.573839806459,0.818952389983,0.00236777619215,0.0,0.818912849942,-0.573777689863,-0.0119018367189,0.0,-0.00838862197948,0.0087689188577,-0.999926365831,0.0,0.646372268923,0.241119267097,0.303515929776,1.0,-0.0831754285714,-0.109316277551,1.109
0.452359075508,0.460043409233,-0.124733568128,-1.49308616563,0.0712838762046,1.94419733124,0.139837004181,-0.0751725416912,-0.452844029269,-0.000297104592963,-0.686301686588,-0.0471397322022,0.238690136638,-0.101597026873,0.573772705768,0.818999302756,0.00240231162939,0.0,0.81895992065,-0.573710155621,-0.0119185824273,0.0,-0.00838324152244,0.00880612377479,-0.999926083991,0.0,0.644809439437,0.239107261957,0.303532108023,1.0,-0.093708,-0.123159085714,1.127
0.450935933124,0.451936485695,-0.124867396711,-1.5056058195,0.0704382239657,1.94845612555,0.137872292226,-0.0905452486183,-0.501861009507,-0.0129085079374,-0.742772161831,-0.0571416950135,0.265643723599,-0.118213841306,0.573770781456,0.819001121176,0.00223623826495,0.0,0.818959679625,-0.573709010388,-0.011990056289,0.0,-0.00853708386699,0.00871110065534,-0.999925614696,0.0,0.643129923367,0.236896191111,0.303518176844,1.0,-0.103655428571,-0.13623284898,1.144
0.449486952324,0.443515144085,-0.124973348817,-1.51819635707,0.0696058318427,1.95307133896,0.135944737018,-0.09360144779,-0.535020774223,-0.00419986364749,-0.796127849437,-0.0483821637369,0.284616589088,-0.125884313018,0.573797560489,0.818981326408,0.00258717498254,0.0,0.81894488139,-0.573734872679,-0.0117611231807,0.0,-0.00814794462651,0.00886742822435,-0.999927487228,0.0,0.641483522085,0.234710401566,0.303699005427,1.0,-0.113017714286,-0.148537567347,1.16
0.447728092474,0.433970623155,-0.125015795194,-1.53271730722,0.0686385171884,1.95808780166,0.13357991164,-0.107656695889,-0.589597127043,0.000403332961158,-0.873130774104,-0.0551739188547,0.314811138699,-0.145448134048,0.573706651843,0.819044911323,0.00261873398285,0.0,0.819008465924,-0.573643412086,-0.0117947198654,0.0,-0.00815834286231,0.00891164612214,-0.999927009339,0.0,0.63948707465,0.23216421205,0.303743640251,1.0,-0.122965142857,-0.161611330612,1.177
0.445808779052,0.423707703115,-0.12511373225,-1.54817376756,0.067547387728,1.96355756971,0.131024347994,-0.118938293778,-0.612024600831,-0.00602719040127,-0.933327087727,-0.0655208756344,0.329391945445,-0.156839160311,0.573619840676,0.819105094946,0.00280512324917,0.0,0.819071524609,-0.573556456037,-0.0116437199581,0.0,-0.00792868644405,0.00897683819561,-0.999928273581,0.0,0.63737472388,0.229401241623,0.303849501859,1.0,-0.132912571429,-0.174685093878,1.194
0.443650865324,0.41276190945,-0.125243168986,-1.56459716728,0.0663629395905,1.96930708845,0.128327627913,-0.130533831106,-0.664348670566,-0.00792399865165,-0.985351817999,-0.0676314360505,0.353311982442,-0.165970749514,0.573630346685,0.819097140684,0.00297428756626,0.0,0.819066350577,-0.573567087364,-0.0114828805332,0.0,-0.00769978940002,0.00902324132903,-0.999929644705,0.0,0.635105253006,0.226378110392,0.303956499577,1.0,-0.14286,-0.187758857143,1.211
0.441277979966,0.40130086948,-0.125341682772,-1.58209152084,0.0651919855896,1.97516135073,0.125376811508,-0.144401777325,-0.695316325372,-0.0083805807885,-1.03748828271,-0.0616220494888,0.340733623618,-0.176233135297,0.573614249612,0.819108913845,0.00283316132727,0.0,0.819075424035,-0.573550448642,-0.0116653120831,0.0,-0.00793035284356,0.00901213556405,-0.999927942862,0.0,0.632578434774,0.223141699821,0.303881236746,1.0,-0.152807428571,-0.200832620408,1.228
0.438632587725,0.38904302947,-0.125480655308,-1.60033733969,0.063847035355,1.98143451509,0.122263253296,-0.156781784881,-0.723622770447,-0.0112306568582,-1.10162659584,-0.0848182271817,0.360899486795,-0.184941621051,0.573669756217,0.819069396555,0.00301352443925,0.0,0.819038743004,-0.573605933005,-0.0115116454445,0.0,-0.00770040924669,0.00907225077347,-0.999929196475,0.0,0.629976769256,0.219647951506,0.303985847569,1.0,-0.162754857143,-0.213906383673,1.245
0.436145963823,0.377742497791,-0.125607061857,-1.61722674024,0.0625598055144,1.98704989008,0.119229876864,-0.171048819104,-0.75661794851,-0.00339934107969,-1.1364583465,-0.0826414117984,0.388724804042,-0.198883969841,0.573588068732,0.819126747702,0.00297413992,0.0,0.819095889778,-0.573524738075,-0.0114910863574,0.0,-0.00770706176169,0.00902742962146,-0.999929550875,0.0,0.627483883957,0.216388403254,0.304002095533,1.0,-0.171532,-0.225442057143,1.26
0.432820813784,0.363627984615,-0.125791371847,-1.63823120228,0.060999444628,1.99397718417,0.115497175534,-0.19432040758,-0.797523885298,-0.0144278933585,-1.1715560811,-0.0915232549061,0.39552795675,-0.206864168898,0.573711838025,0.819040117886,0.00295957852429,0.0,0.819009018613,-0.5736484753,-0.0115065684491,0.0,-0.00772673223457,0.00902554980678,-0.999929416039,0.0,0.624354103261,0.212198962958,0.304013262262,1.0,-0.182064571429,-0.239284865306,1.278
0.429170011605,0.348918249606,-0.125987248371,-1.66021175826,0.0593230346272,2.00104312763,0.111415934013,-0.205295231972,-0.815224955143,-0.010424831335,-1.24125087122,-0.0896898684482,0.390527885024,-0.230859588538,0.573787207016,0.818988093719,0.00273684334424,0.0,0.818953840467,-0.573724263236,-0.0116543494498,0.0,-0.00797473354651,0.00892863689184,-0.999928338966,0.0,0.620990490616,0.2077179854,0.303915528576,1.0,-0.192597142857,-0.253127673469,1.296
0.42590184944,0.336022160464,-0.126129667905,-1.67891420301,0.0578836798843,2.00721814948,0.107840088376,-0.224184460896,-0.853350701661,-0.00881657432826,-1.27341816084,-0.102194831801,0.408007224207,-0.240374150556,0.573845626298,0.818946205472,0.00300942223058,0.0,0.818915628222,-0.573781945689,-0.011498676294,0.0,-0.00769019323609,0.00906310248886,-0.999929358055,0.0,0.618129157833,0.203857378143,0.304048635886,1.0,-0.201374285714,-0.264663346939,1.311
0.422051705736,0.320993648863,-0.126239548156,-1.70079210359,0.0560927269767,2.0141948421,0.103543994567,-0.235933253878,-0.886445392638,-0.00505169205811,-1.3053327273,-0.113734079567,0.415410558978,-0.250196140968,0.573723992072,0.819031285121,0.00304660710514,0.0,0.819001363956,-0.573660419574,-0.0114558174487,0.0,-0.00763510197629,0.00906782727745,-0.999929737395,0.0,0.614645885366,0.199359805223,0.304090026473,1.0,-0.211321714286,-0.277737110204,1.328
0.417899727172,0.305422651607,-0.126349706854,-1.72326241311,0.0542254270018,2.02130103818,0.098978521217,-0.2522987543,-0.924663740417,-0.00478929494037,-1.33115421163,-0.115722987922,0.416158138847,-0.276184976966,0.573580536733,0.819131355074,0.00315244619555,0.0,0.819102972989,-0.573516873689,-0.0113781428984,0.0,-0.00751235716019,0.00910863473109,-0.999930296202,0.0,0.611006210981,0.19465366091,0.304152536438,1.0,-0.221269142857,-0.290810873469,1.345
0.413634053571,0.290280094083,-0.126504021142,-1.74502103567,0.0524209598111,2.02794107433,0.0944994222903,-0.274031382334,-0.989827593047,-0.0149073771206,-1.36249288076,-0.116070772334,0.434189242979,-0.289652560906,0.57359086245,0.81912420791,0.00313072362805,0.0,0.819095236825,-0.573526889187,-0.0114301045936,0.0,-0.0075672668816,0.0091207399658,-0.999929771821,0.0,0.607399672055,0.189947265735,0.30417328384,1.0,-0.230631428571,-0.303115591837,1.361
0.408784988657,0.27385350413,-0.126660978323,-1.76862854442,0.0504499735853,2.03498813789,0.0894469837305,-0.292478596819,-0.984503139258,-0.00771301774717,-1.39201122594,-0.118456560907,0.414715569071,-0.312703050027,0.573565725095,0.81914231905,0.002994501584,0.0,0.819110784928,-0.573501232001,-0.0116019744065,0.0,-0.00778646778687,0.0091074987535,-0.999928209616,0.0,0.603392178359,0.184751846251,0.304111377951,1.0,-0.240578857143,-0.316189355102,1.378
0.403166266696,0.25580412638,-0.126903605412,-1.79413391545,0.0481945956771,2.04260760478,0.0838265663474,-0.321080737701,-1.00046418113,-0.0146211780125,-1.40091108751,-0.113838128036,0.40369008352,-0.319770278111,0.573673303041,0.819066789918,0.00304662648306,0.0,0.819036166014,-0.57360890386,-0.011546907567,0.0,-0.00771026488342,0.00911962545886,-0.999928689581,0.0,0.599037586884,0.178915343064,0.304152830238,1.0,-0.251111428571,-0.330032163265,1.396
