position_joint1,position_joint2,position_joint3,position_joint4,position_joint5,position_joint6,position_joint7,velocity_joint1,velocity_joint2,velocity_joint3,velocity_joint4,velocity_joint5,velocity_joint6,velocity_joint7,ee_T_00,ee_T_10,ee_T_20,ee_T_30,ee_T_01,ee_T_11,ee_T_21,ee_T_31,ee_T_02,ee_T_12,ee_T_22,ee_T_32,ee_T_03,ee_T_13,ee_T_23,ee_T_33,v_x,v_y,time
0.465076549262,0.547778426683,-0.124003194523,-1.35583770861,0.0795379351027,1.89409345998,0.159156428764,-0.000574252579906,-7.67392448707e-05,-0.000741446199294,-0.00100456005341,-8.7073013958e-05,-7.78551869218e-06,0.00192426173246,0.573821650935,0.818966202174,0.00195435837168,0.0,0.818922822333,-0.573762775713,-0.011934620614,0.0,-0.00865287942934,0.00844897504657,-0.999926868575,0.0,0.661675150982,0.260889021194,0.303214034069,1.0,0.0,0.0,0.0
0.465076909145,0.547779616444,-0.124006174355,-1.35582991426,0.0795374723003,1.89409302827,0.159157954643,0.00110230494429,-0.000644739264116,-0.00443609768893,0.00198467180165,0.000126425036084,-0.00360541256522,0.00131686535528,0.573824138724,0.81896444948,0.00195836831999,0.0,0.818921149512,-0.573765273436,-0.0119293244354,0.0,-0.0086462153507,0.00844924622962,-0.999926923929,0.0,0.661677437725,0.260888341412,0.303216961204,1.0,-0.00034,-0.000446857142857,0.018
0.465072628614,0.547777052732,-0.124001013639,-1.35583910219,0.0795374287359,1.89409237145,0.159149528195,-0.000430696309375,-0.00183529427328,-6.33127036042e-05,0.00103490494339,0.000187410392908,-6.4043605551e-05,-0.00178194840566,0.573817618881,0.818969028422,0.00195388044049,0.0,0.81892563241,-0.573758736445,-0.0119359891089,0.0,-0.00865431605346,0.00844932630056,-0.999926853174,0.0,0.661675201001,0.26088738554,0.303214176427,1.0,-0.00066,-0.000867428571429,0.034
0.465077571763,0.547742521668,-0.124004459438,-1.35587738855,0.0795335059607,1.89409911718,0.159150121798,0.00219452656971,0.00128754998685,-0.000258506202009,-0.00593857107335,-0.000354049559367,-0.000227029397284,-0.00182608549794,0.573817501363,0.818969107627,0.00195519400195,0.0,0.818925751665,-0.573758635845,-0.0119326423723,0.0,-0.00865082258703,0.00844848040784,-0.999926890551,0.0,0.661668405072,0.26088439396,0.303221108853,1.0,-0.001,-0.00131428571429,0.051
0.465075406442,0.54761906196,-0.124003308816,-1.35600799639,0.0795348282208,1.89412607492,0.159148891704,0.00064085331819,-0.00326381920563,0.000112194095756,-0.00832481490625,-9.71615783399e-05,0.00788657842856,0.000189785293237,0.573824914463,0.818963855863,0.00197920001183,0.0,0.8189206966,-0.573765834292,-0.0119334395553,0.0,-0.00863762462694,0.00846867583272,-0.999926833809,0.0,0.661647332509,0.260871794365,0.303248709487,1.0,-0.00132,-0.00173485714286,0.067
0.465065866065,0.547497913909,-0.124003301859,-1.35618930834,0.0795320141067,1.89416799977,0.159151472739,-0.000785025356252,-0.00719061810564,-0.0010167839238,-0.00778767957722,0.000376839769596,-0.000587221343438,0.00109023227294,0.573844066293,0.818950461108,0.00196894184129,0.0,0.818907060505,-0.573784921195,-0.0119514586952,0.0,-0.00865807016475,0.0084708171208,-0.999926638848,0.0,0.661619967236,0.260847941731,0.303251867101,1.0,-0.00164,-0.00215542857143,0.083
0.465043996132,0.547338156694,-0.12400196718,-1.35639290714,0.0795278843619,1.89427891629,0.159144063675,0.000360352087018,-0.006093308894,-0.000173495638403,-0.0119297714991,-2.09890334956e-05,0.0030199680101,0.00127807733479,0.573865486028,0.818935302826,0.00202993404567,0.0,0.818892668195,-0.573806056211,-0.0119228659786,0.0,-0.00859943297739,0.00850458312617,-0.999926858234,0.0,0.661605262069,0.260819050328,0.303277707633,1.0,-0.00198,-0.00260228571429,0.1
0.465028584971,0.547139631828,-0.124004132411,-1.35662121008,0.0795270607963,1.89438949862,0.15912558841,-0.001176058365,-0.0175149157611,0.000373738418155,-0.0161509510259,-8.74365765496e-07,0.00980575103931,-0.00276379945415,0.573877146425,0.81892694085,0.0021055313635,0.0,0.818885225289,-0.57381734096,-0.0118909174423,0.0,-0.00852976646109,0.008548278876,-0.999927082348,0.0,0.661584775644,0.260790497759,0.303319336312,1.0,-0.00232,-0.00304914285714,0.117
0.465000540567,0.54693056865,-0.124001345147,-1.35690158761,0.0795204953962,1.89452146897,0.159115321545,-0.000429162472097,-0.0101587593088,-0.00108634588648,-0.0206872073079,0.000283268387171,0.00563930456383,-0.00271570432645,0.573903857688,0.818908072533,0.00216281574326,0.0,0.818867038809,-0.573843754291,-0.0118686694594,0.0,-0.00847839415994,0.0085826989551,-0.999927224407,0.0,0.661559354135,0.26075092781,0.303345318515,1.0,-0.00266,-0.003496,0.134
0.464965518116,0.546684949577,-0.123996334465,-1.35727985384,0.0795155597878,1.89466130161,0.159078969298,7.25777250904e-06,-0.0135041578034,0.00197119883569,-0.0198880930526,0.000233661562377,0.0160308268661,-0.00288918958385,0.573919130714,0.818897323672,0.00217981305995,0.0,0.818856325112,-0.573858768889,-0.0118818809459,0.0,-0.00847929892061,0.008604358156,-0.999927030593,0.0,0.661515202653,0.260697677676,0.303351199788,1.0,-0.003,-0.00394285714286,0.151
0.464928537823,0.546425635067,-0.124003500492,-1.35767489672,0.0795023902896,1.89480390026,0.158962319453,-0.00361973813603,-0.0129609663263,-0.000176110692727,-0.024207408811,-1.42725934602e-05,0.00687044009182,-0.00162680963502,0.573877483849,0.818926480986,0.00219070149509,0.0,0.818885552086,-0.573817010463,-0.0118843590418,0.0,-0.00847551772614,0.00861426571865,-0.999926977347,0.0,0.661471856477,0.260633126555,0.303359408006,1.0,-0.00332,-0.00436342857143,0.167
0.464888128739,0.546134007915,-0.123999185331,-1.35816408885,0.0794860157484,1.8949759158,0.158939388654,-0.00509434421426,-0.0164676534013,0.000453204007464,-0.0336770697127,-0.000111026242972,0.0112631260947,-0.00266603794962,0.57391178655,0.818902480064,0.002176305501,0.0,0.81886120894,-0.573851209672,-0.0119103548874,0.0,-0.00850470735332,0.00861775112384,-0.999926699473,0.0,0.661412021006,0.260563676273,0.303347839377,1.0,-0.00366,-0.00481028571429,0.184
0.464843948221,0.545799029881,-0.12400168447,-1.35872098788,0.0794570094408,1.89516043031,0.158883714658,-0.00412811719488,-0.0194057078796,-3.05397376237e-05,-0.032423915771,-0.00447901455842,0.00978148240097,-0.00672555168489,0.573927458704,0.818891575789,0.00214619401889,0.0,0.818849847092,-0.573866936178,-0.0119337496231,0.0,-0.00854098168827,0.00860668294354,-0.999926485618,0.0,0.66134348298,0.260479120969,0.303336005662,1.0,-0.004,-0.00525714285714,0.201
0.46478234618,0.545430583469,-0.124004534282,-1.35933864314,0.0793631764539,1.89537004134,0.15877804042,-0.00962943573087,-0.0258374385479,0.000235630623963,-0.0384762525665,-0.00956212998376,0.0123187183009,-0.006047657395,0.573902864855,0.81890898136,0.00208059131492,0.0,0.818866885075,-0.573843101692,-0.0119107543755,0.0,-0.00856005556694,0.00853950779981,-0.999926898456,0.0,0.661275065138,0.260367277041,0.303320993747,1.0,-0.00434,-0.005704,0.218
0.464723052161,0.545055327735,-0.124004771407,-1.35999215259,0.0793452653287,1.89557223281,0.158708671986,-0.00154617104456,-0.0215587092456,-1.51637071955e-05,-0.0435103238127,-0.0020238373352,0.0207817810937,-0.00968149658389,0.573926322142,0.81889267463,0.00202758245562,0.0,0.818849629089,-0.573866518754,-0.0119687299035,0.0,-0.00863770985999,0.00852961849754,-0.999926315074,0.0,0.661191577584,0.260266096899,0.303293119961,1.0,-0.00466,-0.00612457142857,0.234
0.46465448233,0.544624086775,-0.124005116605,-1.36070636276,0.0793269374883,1.89582061715,0.158629362112,-0.00139479651554,-0.0264525844881,0.000800407576216,-0.0397108709913,-0.000626946449496,0.0123538330246,-0.00400522246314,0.573954172195,0.818873176339,0.00201895843564,0.0,0.818829780047,-0.573894166586,-0.012000990293,0.0,-0.00866878747266,0.00854136618867,-0.999925945852,0.0,0.661104911033,0.260148031177,0.303284384452,1.0,-0.00502,-0.00659771428571,0.252
0.464575662023,0.544102108839,-0.124010514642,-1.36156296163,0.0792888700521,1.8961411111,0.158497673044,-0.00348766375483,-0.0292037920779,-0.00111160274532,-0.0490384165979,-0.00156498873129,0.0169765406936,-0.01283778846,0.573950902782,0.818875503879,0.00200430662153,0.0,0.81883179539,-0.573890840765,-0.0120225057831,0.0,-0.00869484967165,0.00854168249119,-0.999925716866,0.0,0.661011697101,0.260020852986,0.303269592466,1.0,-0.00538,-0.00707085714286,0.27
0.464506202333,0.543649799738,-0.124007356877,-1.36230134275,0.0792540901509,1.89639094865,0.15841937688,-0.00542913430689,-0.0280200847285,-0.000380466374002,-0.0494001199748,-0.0036588309486,0.0162561820083,-0.00930140620679,0.573973216324,0.818859924176,0.00197950058632,0.0,0.818815744407,-0.573913113416,-0.0120524628947,0.0,-0.0087333856523,0.00853880153681,-0.99992540564,0.0,0.660922759883,0.259906381357,0.303259725688,1.0,-0.00568,-0.00746514285714,0.285
0.464417320898,0.543072904806,-0.124015917359,-1.36320827592,0.0791992313592,1.89671331242,0.158290601387,-0.00575353821971,-0.0347966293667,0.000430571732115,-0.0476393487447,-0.00294685199899,0.0234390226428,-0.00816464749033,0.573982338997,0.818853550135,0.00197100266087,0.0,0.818809276214,-0.573922288074,-0.0120550130273,0.0,-0.00874025613445,0.00853340413071,-0.999925391685,0.0,0.660821505115,0.259755596198,0.303264366748,1.0,-0.00604,-0.00793828571429,0.303
0.464337024713,0.54249286696,-0.124016258267,-1.36412013291,0.0791513637136,1.89703241821,0.158194622857,-0.00162588664531,-0.0325610978506,-0.00144063710669,-0.0546105991947,-0.00183569284894,0.0193209348461,-0.00528214310215,0.574007576626,0.818835875672,0.00196407505723,0.0,0.818791413711,-0.573947457364,-0.012069959394,0.0,-0.00875620846869,0.00853658029009,-0.999925225009,0.0,0.660713895341,0.259615622697,0.303268272489,1.0,-0.00638,-0.00838514285714,0.32
0.464261904839,0.541965613276,-0.124020393121,-1.36493388993,0.0791075170378,1.8973440027,0.158078850242,-0.00490648662174,-0.0379947909156,2.030904365e-05,-0.0550205203405,-0.00199832747665,0.0251938773536,-0.00522317332058,0.574010781107,0.818833574314,0.00198686974233,0.0,0.818789391374,-0.573950544411,-0.0120603501508,0.0,-0.00873522283129,0.008549763487,-0.999925295923,0.0,0.660625186465,0.259487971869,0.303280945615,1.0,-0.00668,-0.00877942857143,0.335
0.464174121723,0.541318362042,-0.124020143608,-1.36591753931,0.0790436903019,1.89771164612,0.157935723889,-0.00685646489179,-0.0410095539095,-0.000812348843325,-0.0571174809879,-0.0045408653814,0.0267866488854,-0.004777934475,0.574002856367,0.818839070113,0.00201122837866,0.0,0.818795242912,-0.573942552767,-0.0120433886533,0.0,-0.00870743526111,0.00855988852054,-0.999925451661,0.0,0.660514885875,0.259336487215,0.303302218555,1.0,-0.00702,-0.00922628571429,0.352
0.464084784499,0.540591302723,-0.124023677883,-1.36705496857,0.0789754474283,1.89812543396,0.157803126895,-0.0118498511883,-0.0405637081311,7.21485538021e-05,-0.0692808364744,-0.00369837707703,0.0182535435572,-0.00816028760254,0.57401471173,0.818830754672,0.00201316218617,0.0,0.818786946343,-0.573954392079,-0.0120432226829,0.0,-0.00870606545811,0.00856150275097,-0.999925449769,0.0,0.660381709012,0.25916699891,0.303310745586,1.0,-0.00738,-0.00969942857143,0.37
0.463995446418,0.539943045491,-0.124023796753,-1.36803380633,0.0789209468044,1.89848995405,0.157679047614,-0.00783550025737,-0.0413146746842,-0.000971262882016,-0.0681169284396,-0.00569663100629,0.018052336795,-0.0152250123696,0.574029324684,0.81882041217,0.00205278302433,0.0,0.818777073278,-0.573968786964,-0.0120284149746,0.0,-0.00867104526937,0.00858559990102,-0.999925547453,0.0,0.660266166445,0.259003597481,0.303339910811,1.0,-0.0077,-0.01012,0.386
0.463886132186,0.539094497298,-0.124032875689,-1.36933039975,0.0788442172606,1.8989813928,0.157523582493,-0.00486136453609,-0.0490833383251,-0.000645318952213,-0.0702075104096,-0.00327584707246,0.0182258729414,-0.0112722542602,0.574045817587,0.818808781781,0.00207968514081,0.0,0.818765839741,-0.573985209432,-0.0120094099815,0.0,-0.00863986818996,0.00859689223908,-0.999925720302,0.0,0.660126714204,0.258816898508,0.303359861924,1.0,-0.00806,-0.0105931428571,0.404
0.463782866274,0.538375200126,-0.124037762127,-1.37044696049,0.0787683330929,1.89941615274,0.157386143671,-0.00439525681717,-0.0461079350071,-0.000757057168144,-0.0707743100711,-0.00578799369592,0.0225518702202,-0.00654304475226,0.57405772948,0.818800353008,0.00210998583423,0.0,0.818757905287,-0.573997091809,-0.0119824048654,0.0,-0.00860023718232,0.00860632541101,-0.999925980802,0.0,0.659997758348,0.258630776018,0.303375537915,1.0,-0.0084,-0.01104,0.421
0.463685948336,0.537637795121,-0.124041404695,-1.37161206206,0.0787143656975,1.89987077663,0.157238945199,-0.00691159903538,-0.0485974488351,-0.00282738282604,-0.0774263218068,-0.00509760150648,0.032472729311,-0.012577208277,0.574074194277,0.818788747411,0.00213388825898,0.0,0.818746527184,-0.574013370769,-0.0119800377429,0.0,-0.00858440498145,0.0086247101685,-0.999925958442,0.0,0.659875140064,0.258467432467,0.303380089459,1.0,-0.0087,-0.0114342857143,0.436
0.463585793637,0.536808776023,-0.124044975505,-1.37290969168,0.0786407217431,1.90034466191,0.157087310835,-0.0034683306081,-0.0539956320343,-0.0011121901912,-0.0741928295894,-0.00338969153013,0.0317847592973,-0.00554103297781,0.57408628155,0.818780257391,0.00213970670733,0.0,0.818738065878,-0.574025384972,-0.0119826454444,0.0,-0.00858307280556,0.00863109787281,-0.999925914761,0.0,0.659721453586,0.258276361932,0.303388963107,1.0,-0.00904,-0.0118811428571,0.453
0.463461729667,0.53590100024,-0.124046376733,-1.37432867326,0.0785545588676,1.90086759902,0.156905312136,-0.00836536162419,-0.0526893932605,-0.00226241637925,-0.0806639663899,-0.00352051784464,0.0230645429397,-0.0130577704029,0.574094772078,0.818774280666,0.00214869609309,0.0,0.818732198991,-0.574033829738,-0.0119789629696,0.0,-0.00857480763288,0.00863643297109,-0.999925939607,0.0,0.659557532234,0.258058727098,0.303399676026,1.0,-0.0094,-0.0123542857143,0.471
0.463349083295,0.535052726941,-0.124048862768,-1.37565329214,0.078481670671,1.90135151924,0.156746254088,-0.00799818950227,-0.0496307177393,-0.000963525711336,-0.0809589925432,-0.00481012503925,0.0311588953026,-0.00961979207616,0.574111686144,0.818762395906,0.00215818993274,0.0,0.818720363505,-0.574050627239,-0.0119829316595,0.0,-0.00857242859672,0.00864666162124,-0.999925871608,0.0,0.659402402761,0.257857929947,0.303409804085,1.0,-0.00972,-0.0127748571429,0.487
0.463219548376,0.534108200815,-0.124049270684,-1.37721344209,0.0784016810774,1.90191219457,0.156560006935,-0.0107929334563,-0.0554635373817,0.00218452131715,-0.0881978694838,0.000299407243045,0.0203615499677,-0.00524354519077,0.574129629888,0.818749919237,0.00211771943396,0.0,0.818707178932,-0.574068556944,-0.0120247243059,0.0,-0.00862969206315,0.00863770892147,-0.999925456421,0.0,0.659214286107,0.257624580408,0.303382177227,1.0,-0.01008,-0.013248,0.505
0.463088816228,0.533195538031,-0.124049986964,-1.37869430105,0.0783110413838,1.90247103721,0.156362499328,-0.00718576156195,-0.0516542835508,0.00010814459608,-0.0899741152235,-0.00327572074332,0.0237699133587,-0.0122682515299,0.574132305859,0.818748070081,0.0021071328717,0.0,0.818705196082,-0.574071281708,-0.012029643692,0.0,-0.00863976943051,0.00863189389313,-0.999925419615,0.0,0.659043982839,0.257397435346,0.303369445778,1.0,-0.01042,-0.0136948571429,0.522
0.462967645458,0.532352952427,-0.124052213984,-1.38006617045,0.0782354315206,1.90298729881,0.156190287877,-0.0102255216787,-0.052521114213,0.000347175356006,-0.0904426547901,-0.00828647792852,0.0459994835923,-0.01281557702,0.574146871099,0.818737880423,0.00209772947463,0.0,0.818694817621,-0.574085818979,-0.0120422152551,0.0,-0.00865530769158,0.00863156664384,-0.999925288062,0.0,0.658885414099,0.257187290459,0.303355380574,1.0,-0.01072,-0.0140891428571,0.537
0.462840565558,0.531373449881,-0.124052162337,-1.38164619245,0.0781419906684,1.90356644077,0.155994346617,-0.006982732246,-0.0580891002664,-0.000385112266434,-0.0919568178617,-0.00883753069092,0.0383123470034,-0.00523223900986,0.574151534793,0.818734656436,0.00207950626558,0.0,0.818691301266,-0.574090505494,-0.0120578453647,0.0,-0.00867851816725,0.0086256701839,-0.999925137766,0.0,0.658696077215,0.256953079168,0.303343935936,1.0,-0.01106,-0.014536,0.554
0.4627076976,0.53040779067,-0.124052478769,-1.38319502696,0.0780472234658,1.90410552259,0.155796023691,-0.00577784759063,-0.0626845534139,0.00148251396477,-0.0967536176781,-0.00527988115429,0.0330184962048,-0.00987852545503,0.57415679194,0.818731065151,0.00204159933786,0.0,0.818687148459,-0.574095859171,-0.0120848803004,0.0,-0.0087223611271,0.00861021301776,-0.999924889503,0.0,0.658506870559,0.256715472519,0.303333895382,1.0,-0.01138,-0.0149565714286,0.57
0.462559962971,0.529359688433,-0.124055654645,-1.38483575083,0.0779493354255,1.90471305974,0.155567777399,-0.0053853250592,-0.0648229896838,0.000304010398306,-0.0968132694374,0.000953761209702,0.0396196355533,-0.0106315764095,0.57415592369,0.818731643048,0.00205398749559,0.0,0.818687868943,-0.57409491849,-0.0120807578657,0.0,-0.00871188268356,0.00861797925968,-0.999924913948,0.0,0.658316238129,0.256460741848,0.303343994267,1.0,-0.01172,-0.0154034285714,0.587
0.462410807206,0.528273969205,-0.124056644024,-1.38654435892,0.077836466431,1.90536983265,0.155347886484,-0.0103032892457,-0.0596162310734,0.000574570211477,-0.106194203131,-0.00114752620599,0.0411414252468,-0.0163880218663,0.574161098308,0.818727959583,0.00207564173309,0.0,0.818684572164,-0.57410010241,-0.0120578030669,0.0,-0.00868060149892,0.00862258332771,-0.999925146306,0.0,0.658120748125,0.25619972971,0.303352203859,1.0,-0.01206,-0.0158502857143,0.604
0.462272807739,0.527139025493,-0.124059199309,-1.38829293501,0.0777361833697,1.9060391363,0.155091179558,-0.00815712373486,-0.0658025896823,0.00107734638582,-0.105287586571,-0.00372367415008,0.0427712392141,-0.0148448688909,0.574133445844,0.818747224739,0.00212491093265,0.0,0.818704453171,-0.574072216784,-0.0120355795746,0.0,-0.00863441128446,0.00864986935386,-0.999925310562,0.0,0.657915989466,0.255943954476,0.303376915036,1.0,-0.0124,-0.0162971428571,0.621
0.462124146192,0.526039981084,-0.124064188142,-1.38999316876,0.0776235613571,1.90667320349,0.154863025561,-0.0100685156264,-0.0663484713878,0.000892294991578,-0.112809756297,-0.0121295086625,0.0381629464717,-0.0171520817899,0.574133284446,0.818747282529,0.00214614642109,0.0,0.818704885308,-0.574072063711,-0.0120134649694,0.0,-0.00860411474835,0.00865455728704,-0.999925531151,0.0,0.657718021452,0.255680686473,0.303396085862,1.0,-0.01272,-0.0167177142857,0.637
0.461969922753,0.524870130428,-0.124073624146,-1.39183632166,0.0775059361166,1.90733133942,0.154614645631,-0.011229817543,-0.0672424185101,-0.00290622641169,-0.106859585592,-0.00025232829795,0.0379189747339,-0.0153073462782,0.574130250483,0.818749457009,0.00212815176517,0.0,0.818706858415,-0.574069139157,-0.0120187500403,0.0,-0.0086188047563,0.00864282681823,-0.9999255061,0.0,0.65749532553,0.255396011212,0.303399002455,1.0,-0.01306,-0.0171645714286,0.654
0.461813370964,0.523667881182,-0.124077506876,-1.39374696237,0.0773853968923,1.90801595337,0.154363606693,-0.00652701126325,-0.0742240041328,-0.000136937690566,-0.112201285779,-0.0141273245385,0.0368683799487,-0.0135763682496,0.574125641013,0.818752750661,0.00210440424542,0.0,0.818709835675,-0.574064623872,-0.012031603703,0.0,-0.00864301099986,0.00863071481039,-0.999925401779,0.0,0.657261783367,0.255106815956,0.303394392998,1.0,-0.0134,-0.0176114285714,0.671
0.461656316307,0.522448015927,-0.12407551881,-1.39568943606,0.0772744004023,1.90876437924,0.15410312754,-0.0106914855317,-0.0733809552431,0.000997418252416,-0.106689417648,-0.00704703482418,0.046576799478,-0.0102746754311,0.574115992053,0.818759439404,0.00213423474618,0.0,0.818716881338,-0.574054818011,-0.0120200262855,0.0,-0.00861650813879,0.00864838983912,-0.999925477794,0.0,0.657019088246,0.254805462785,0.303394944965,1.0,-0.01376,-0.0180845714286,0.689
0.461490027396,0.521209328508,-0.12408402174,-1.39767364718,0.0771452596702,1.90953560432,0.153819726873,-0.00961632304534,-0.0741516490646,-0.00101992420654,-0.116932337441,-0.0106710919643,0.0442509225883,-0.0148503746904,0.574095630372,0.818773699591,0.00214078184242,0.0,0.818731333506,-0.574034538525,-0.0120041250501,0.0,-0.0085999447362,0.00864440734191,-0.999925654823,0.0,0.656801687885,0.254521005697,0.303385048415,1.0,-0.01408,-0.0185051428571,0.705
0.461326477315,0.519921332993,-0.124088005737,-1.39972348416,0.0770184783099,1.91027565224,0.153555983946,-0.00490084854261,-0.0711100223125,-0.000194548446014,-0.123725881606,-0.0100368700421,0.0400076561763,-0.0191411399418,0.574091389394,0.818776728027,0.00211970890817,0.0,0.818734060745,-0.574030360042,-0.0120179210803,0.0,-0.00862338285889,0.00863502914366,-0.999925533997,0.0,0.656548794947,0.254214633178,0.303378222556,1.0,-0.01442,-0.018952,0.722
0.461158445365,0.51862981506,-0.124087859595,-1.40166667261,0.0768971593048,1.91098041285,0.153289805363,-0.0107334056373,-0.078607296719,0.00106182083091,-0.121016233512,-0.00290140644566,0.0432054943303,-0.0125209812045,0.574085593161,0.81878068771,0.00215964337696,0.0,0.818738556593,-0.574024412854,-0.0119956782907,0.0,-0.00858230693498,0.00865489602167,-0.999925715632,0.0,0.656284695441,0.253879276959,0.303420971184,1.0,-0.01478,-0.0194251428571,0.74
0.46095338699,0.517123783188,-0.124090819024,-1.40404452836,0.0767449847973,1.91182871358,0.152959841378,-0.0091136274964,-0.075312719284,0.000804924694347,-0.123663263367,-0.00398172563613,0.0536845306486,-0.0203671529858,0.574065585926,0.818794777816,0.0021358317667,0.0,0.818752329966,-0.574004501313,-0.0120083949379,0.0,-0.00860659972069,0.00864248990617,-0.999925614138,0.0,0.65600559377,0.253532514005,0.303420038099,1.0,-0.01514,-0.0198982857143,0.758
0.460790590075,0.515846902529,-0.1240975101,-1.40606806707,0.0766175507158,1.9125983205,0.152687496185,-0.00973062570833,-0.0829027998162,-0.000577228682354,-0.130783291755,-0.00629112938081,0.04807477605,-0.018167519195,0.574053594404,0.818803136145,0.00215450508203,0.0,0.818760962791,-0.573992464499,-0.0119951410747,0.0,-0.00858515473949,0.00865004504479,-0.999925733162,0.0,0.655777542375,0.25325079823,0.303418925825,1.0,-0.01544,-0.0202925714286,0.773
0.460597262435,0.514456546214,-0.124105698014,-1.40829015521,0.0764794529244,1.91341558453,0.152379706241,-0.0125263942841,-0.0858095093918,-0.000454736886223,-0.130002011053,-0.00439464339885,0.0441897096941,-0.0204776281573,0.574045526273,0.818808836189,0.00213786014941,0.0,0.81876645604,-0.573984477144,-0.0120023898466,0.0,-0.00860072991245,0.00864049273034,-0.999925681904,0.0,0.655507959786,0.25290696049,0.303407140658,1.0,-0.01578,-0.0207394285714,0.79
0.460404503264,0.513066340425,-0.124109502489,-1.41056404437,0.0763410211021,1.91419826076,0.152060400928,-0.0150093610029,-0.0826149093138,-0.000594544014477,-0.132835891214,-0.00755728123118,0.0503931854656,-0.024090446614,0.574026429192,0.818822444499,0.00205179809062,0.0,0.818778809931,-0.573965616164,-0.0120614580799,0.0,-0.00869869851081,0.0086037301598,-0.999925151435,0.0,0.655217131623,0.252557629732,0.303367063646,1.0,-0.01612,-0.0211862857143,0.807
0.460204121679,0.511648459906,-0.12411217251,-1.41285048449,0.0762031562159,1.91503611219,0.151742130329,-0.0110227071597,-0.0825803701808,-0.00209927978718,-0.1364725769,-0.00794473276991,0.055278133271,-0.0164986434997,0.574014377359,0.818830960199,0.0020248718172,0.0,0.818786906447,-0.573953615392,-0.0120828849939,0.0,-0.00873182593603,0.00859385369594,-0.999924947631,0.0,0.654935819011,0.252206687209,0.303344692098,1.0,-0.01646,-0.0216331428571,0.824
0.459992512042,0.510093256425,-0.124117663362,-1.41531603984,0.0760597725468,1.91597306813,0.151394652295,-0.0102429260807,-0.08505588439,-0.000305847798495,-0.137928217041,-0.00882458204025,0.0482614161218,-0.0220714062025,0.573997341739,0.818842843956,0.00204828722914,0.0,0.818799044647,-0.573936429982,-0.0120766604053,0.0,-0.00871346805319,0.0086092723513,-0.999924975138,0.0,0.654638026297,0.25183314983,0.303341393756,1.0,-0.01682,-0.0221062857143,0.842
0.45980112299,0.508664813834,-0.124119172772,-1.41755063839,0.0759053338032,1.91676946489,0.151089169444,-0.0131550567596,-0.0921517720627,0.00153895084589,-0.138300562627,-0.00806226666375,0.047311021009,-0.0186761370848,0.573979139593,0.81885564665,0.00203080354859,0.0,0.818811698638,-0.573918384247,-0.0120763114424,0.0,-0.00872340827667,0.00859456202636,-0.999925015014,0.0,0.654357588432,0.251489798866,0.303346399278,1.0,-0.01714,-0.0225268571429,0.858
0.459603100405,0.507226017834,-0.12412779096,-1.41981046105,0.0757581185014,1.91758482858,0.150759999468,-0.00722149539282,-0.095359905188,-0.00062002923197,-0.143523226405,-0.0104239773588,0.0509772408497,-0.0159958396049,0.573955123626,0.818872507606,0.00201971570016,0.0,0.818828459079,-0.5738944629,-0.0120767112668,0.0,-0.008730351268,0.00858545629929,-0.999925032643,0.0,0.654077190941,0.251137593382,0.303348070718,1.0,-0.01746,-0.0229474285714,0.874
0.459413782429,0.505849420172,-0.124126514876,-1.4219752124,0.0756349067272,1.91839624128,0.150482310714,-0.0127714241503,-0.0951452487262,-0.000378507840866,-0.14551018212,-0.00780300814192,0.0592987106543,-0.017476874646,0.573960722427,0.818868523688,0.00204375287719,0.0,0.818824673734,-0.573899843367,-0.0120776805894,0.0,-0.00871729085258,0.00860575524665,-0.999924972094,0.0,0.653810587712,0.250810921515,0.303350434501,1.0,-0.01776,-0.0233417142857,0.889
0.459182287992,0.504106461627,-0.124135145259,-1.42459656885,0.0754709334178,1.91940504758,0.150112755341,-0.0123056949982,-0.100172459797,0.000237961757461,-0.151624206052,-0.00961523376953,0.0510555516513,-0.018264920168,0.57394475917,0.818879438767,0.00215060142733,0.0,0.818837083654,-0.573883527619,-0.0120114138167,0.0,-0.00860187068404,0.00865504684763,-0.999925546221,0.0,0.653497585962,0.250408406574,0.303408248193,1.0,-0.01812,-0.0238148571429,0.907
0.458963185527,0.502541065139,-0.124140774196,-1.42692050416,0.0753208276103,1.92028197319,0.149783763795,-0.0111932816309,-0.0951102230418,-0.000563818483381,-0.147756997561,-0.00873578258735,0.0532901202762,-0.0228983292751,0.573937463435,0.818884293568,0.00224693451302,0.0,0.818843292782,-0.57387593538,-0.0119507137386,0.0,-0.00849695372472,0.00869901706769,-0.999926061706,0.0,0.65321940983,0.250042121132,0.30347139473,1.0,-0.01844,-0.0242354285714,0.923
0.45873133923,0.500830717135,-0.124138747294,-1.42948866188,0.0751584855685,1.92118592759,0.149424626152,-0.0149664135105,-0.1002160228,0.00117114019588,-0.150032578279,-0.0069517223355,0.0540413695517,-0.0201233212556,0.573918822439,0.818897245423,0.00228770396972,0.0,0.81885670619,-0.573857060292,-0.0119380057586,0.0,-0.00846334790233,0.00872491592628,-0.999926121063,0.0,0.652892723421,0.249644985147,0.303520995624,1.0,-0.01878,-0.0246822857143,0.94
0.458485650324,0.499121472144,-0.124141940937,-1.43210176385,0.0749885286874,1.92213752148,0.149058682606,-0.0150470470669,-0.104694624861,0.000782337875597,-0.151126785819,-0.00717278161867,0.0558387146783,-0.020854324418,0.573909623435,0.818903590807,0.00232378846069,0.0,0.818863556618,-0.573847754181,-0.0119154338884,0.0,-0.00842425300086,0.00874141615907,-0.999926307087,0.0,0.652568567312,0.249232494149,0.303552105444,1.0,-0.01912,-0.0251291428571,0.957
0.458234589997,0.497454068719,-0.124144500401,-1.43475898141,0.074822440984,1.92311269027,0.148660015813,-0.00887928950313,-0.0995894537762,-0.00064216221083,-0.160516184648,-0.0168912393749,0.0529667694846,-0.0240985459265,0.573880649048,0.818923938442,0.00230880828169,0.0,0.81888366937,-0.573818802087,-0.0119275022987,0.0,-0.00844304211049,0.00873577634904,-0.999926197902,0.0,0.652237141009,0.24881341321,0.303534556673,1.0,-0.01946,-0.025576,0.974
0.457981784379,0.495872714732,-0.124139151704,-1.43729183891,0.0746753040892,1.92399309795,0.148296964154,-0.0180748840454,-0.0988973692465,0.00219150123465,-0.160503673794,-0.0113039195825,0.0505895354952,-0.0164383046603,0.57387477919,0.818928199362,0.00225588157712,0.0,0.818886988514,-0.573812888092,-0.0119840061301,0.0,-0.00851975066987,0.00872479892224,-0.999925643102,0.0,0.651911035848,0.24840825927,0.303507185567,1.0,-0.01978,-0.0259965714286,0.99
0.457703521977,0.494202035205,-0.124143991326,-1.44003691464,0.0745010570246,1.92495854576,0.147912119595,-0.0191542255866,-0.10260650108,-5.28932627896e-05,-0.169449261388,-0.00555093396126,0.0522117820855,-0.0261532092524,0.573882009301,0.818923393523,0.00215912981846,0.0,0.818880827198,-0.573820425345,-0.0120439696957,0.0,-0.0086243017884,0.00868005465863,-0.999925136233,0.0,0.651561674521,0.247958130079,0.30344820285,1.0,-0.0244234285714,-0.0320993632653,1.007
0.457388139663,0.491669789372,-0.12423322114,-1.44381199232,0.0742870041883,1.9263846671,0.147364912885,-0.0172766054366,-0.163074604256,-0.00482192975636,-0.25213169501,-0.0152952534219,0.103002981782,-0.0365555096676,0.573888425907,0.818918494537,0.00230668950905,0.0,0.818878098655,-0.573826483848,-0.0119403885976,0.0,-0.00845472830391,0.00874151663761,-0.999926048994,0.0,0.651105502001,0.247348324458,0.303539960547,1.0,-0.0370131428571,-0.048645844898,1.024
0.456933231012,0.488243744585,-0.124256048881,-1.44929655553,0.0740023646301,1.92845422367,0.146531539997,-0.0293732962542,-0.224420113813,-0.000472054955647,-0.361131436362,-0.0180617319812,0.126512246863,-0.0572938464462,0.573793096032,0.81898520568,0.00233724701951,0.0,0.818944753352,-0.57373057175,-0.0119778502904,0.0,-0.00846889516734,0.00878705316386,-0.999925529983,0.0,0.65040509057,0.246528209122,0.303492013273,1.0,-0.0496028571429,-0.0651923265306,1.041
0.45625756921,0.483657521489,-0.124374282862,-1.45648884877,0.0735688072098,1.93113675906,0.145435095431,-0.0448261998664,-0.287840995248,-0.00924447035339,-0.459841521901,-0.0370652482586,0.1631623147,-0.076584040537,0.573772796496,0.818999300275,0.00238139697836,0.0,0.818959716642,-0.57371040345,-0.0119206707547,0.0,-0.00839695045299,0.00879019402811,-0.999926109126,0.0,0.649517293212,0.245339834528,0.303489502634,1.0,-0.0621925714286,-0.0817388081633,1.058
0.455437404825,0.478407560989,-0.124525903737,-1.4648725773,0.0730715504445,1.9340182575,0.144166754436,-0.0492789827192,-0.347555372843,-0.00990846076276,-0.556107089874,-0.0303500423486,0.18036050483,-0.0784882540112,0.573795705006,0.818983845545,0.00216715345206,0.0,0.818941338251,-0.573734052172,-0.0120444503116,0.0,-0.008621006483,0.00868599263843,-0.999925113086,0.0,0.648357941299,0.243819477304,0.303400369159,1.0,-0.0747822857143,-0.0982852897959,1.075
0.454249474899,0.470904165532,-0.124685290968,-1.47656632567,0.0723917023982,1.93816734593,0.142482328822,-0.0625555866395,-0.414704465105,-0.00899542714053,-0.634319038768,-0.0377872260824,0.238232914072,-0.092880303286,0.573879665905,0.818925133139,0.00212185648386,0.0,0.818881727373,-0.573817887843,-0.0121035146832,0.0,-0.0086944805632,0.00868367765311,-0.999924497025,0.0,0.646921413777,0.241934608832,0.303382451621,1.0,-0.0881125714286,-0.115805093878,1.093
0.453148035558,0.464046790948,-0.124768185495,-1.48692823275,0.0717676124527,1.94207257141,0.140798594063,-0.0735002411099,-0.46795762557,-0.00531595789905,-0.72379325451,-0.0409037343332,0.263557633417,-0.121551041702,0.57378651708,0.818989445598,0.0024632736048,0.0,0.818950566028,-0.573723417141,-0.0119229999544,0.0,-0.00835173416941,0.00885872648788,-0.999925883004,0.0,0.645616056786,0.240203244634,0.303522862322,1.0,-0.0992211428571,-0.130404930612,1.108
0.451555707183,0.454956378805,-0.124874191462,-1.50120499967,0.0708514117456,1.9469543784,0.138627152944,-0.0933101817262,-0.525242786861,-0.00587282669827,-0.800498126414,-0.0526817427012,0.275607568832,-0.129743145889,0.573802806153,0.818978799004,0.0021939309831,0.0,0.818935912374,-0.573740302897,-0.0121154099347,0.0,-0.00866368405379,0.00874871352942,-0.999924197422,0.0,0.643695596617,0.237733559195,0.303409994733,1.0,-0.112551428571,-0.147924734694,1.126
0.449848358157,0.445137114537,-0.125032207496,-1.51592623673,0.0698297225944,1.95226680495,0.136307559884,-0.104582721922,-0.58666475457,-0.0088277105454,-0.883741240884,-0.0603071920654,0.312313022943,-0.138923938427,0.573804938328,0.818976489305,0.00247984225049,0.0,0.818938271402,-0.573742245781,-0.0118612790767,0.0,-0.00829147807153,0.00883706837599,-0.999926576111,0.0,0.64177503784,0.23513422327,0.303602006653,1.0,-0.125141142857,-0.164471216327,1.143
0.447923517642,0.434510078912,-0.125147386797,-1.53212496911,0.068774678645,1.95781864176,0.133728328657,-0.121332963892,-0.648682148516,-0.00782919867212,-0.958086900909,-0.0629496373219,0.331806020392,-0.15641652977,0.573774910717,0.818997479616,0.002495419068,0.0,0.818959008475,-0.573711675528,-0.0119080939898,0.0,-0.00832120811905,0.00887638238931,-0.999925980926,0.0,0.639416033066,0.232100421807,0.303658162218,1.0,-0.138471428571,-0.181991020408,1.161
0.446019134768,0.424358456119,-0.125258420034,-1.54737847421,0.0677175342859,1.96320879549,0.131185283842,-0.131623276576,-0.686891092862,-0.00146676513995,-1.03356508422,-0.0805111579238,0.354300117218,-0.177870788161,0.573705250591,0.819045733467,0.00266811446612,0.0,0.819009826891,-0.57364171651,-0.0117826752364,0.0,-0.00812016445736,0.00894516683834,-0.999927020797,0.0,0.637468636963,0.229537440016,0.303760501366,1.0,-0.148839428571,-0.195617534694,1.175
0.443602893633,0.412020127547,-0.125408914023,-1.56579124127,0.0663826199024,1.96971148002,0.128118920697,-0.1445737918,-0.73886293456,-0.00596696897402,-1.10601946974,-0.0795552194656,0.395756864923,-0.191964018213,0.573682166599,0.819060909163,0.00295731447764,0.0,0.819029610589,-0.573618616432,-0.0115293869111,0.0,-0.00774704864115,0.00903650576845,-0.999929159891,0.0,0.634937687724,0.226149926062,0.303930166499,1.0,-0.161429142857,-0.212164016327,1.192
0.440906455233,0.39895929586,-0.12555344344,-1.58544007557,0.0650861298088,1.97637225939,0.124805309086,-0.16828961181,-0.791633046394,-0.0183079966508,-1.16737685174,-0.0730462615015,0.411567121167,-0.206902445412,0.573727976436,0.819028417851,0.00306703565213,0.0,0.818997800241,-0.573663199328,-0.0115708183828,0.0,-0.00771753217506,0.00915057384572,-0.999928350781,0.0,0.631960229272,0.222258289788,0.303993061773,1.0,-0.174759428571,-0.229683820408,1.21
0.437740165387,0.384286214863,-0.125720991213,-1.60754293446,0.0634439316281,1.98380610704,0.120958174795,-0.176002924188,-0.803567201024,-0.0158081958439,-1.25067505799,-0.0938664997431,0.407572956672,-0.228441717976,0.573680900073,0.819061756611,0.00296827393891,0.0,0.81903006013,-0.573616685225,-0.0115933574421,0.0,-0.00779317429663,0.00908216817481,-0.999928387764,0.0,0.628908189391,0.218270582211,0.303957017335,1.0,-0.187349142857,-0.246230302041,1.227
0.434841858136,0.371274396361,-0.125863461244,-1.62678178633,0.0620056875199,1.99025208389,0.117478322269,-0.199720104892,-0.870704161377,-0.0118305264593,-1.30942490816,-0.0951846487953,0.432794344299,-0.233751238617,0.5736184426,0.81910499687,0.00310375786833,0.0,0.819075264301,-0.573554052,-0.0114981627263,0.0,-0.0076381767007,0.00913794542592,-0.99992907559,0.0,0.626065404031,0.21453447687,0.304053577557,1.0,-0.198457714286,-0.260830138775,1.242
0.431184840892,0.355964643131,-0.126049176654,-1.64951826399,0.0602335631568,1.99771886646,0.113388843319,-0.220262560765,-0.922059838832,-0.00737188543632,-1.36779812212,-0.10692705086,0.429463381502,-0.258891904279,0.573703152095,0.819045859043,0.00305302503087,0.0,0.819015853525,-0.573639363866,-0.0114742668211,0.0,-0.00764676261272,0.00908347382977,-0.999929506278,0.0,0.622641374598,0.209971542381,0.304055524386,1.0,-0.211047428571,-0.277376620408,1.259
0.427135182619,0.339853654904,-0.126274706777,-1.67317215099,0.0584692599185,2.00536738409,0.108916049567,-0.238717953548,-0.951902843348,-0.00838543086659,-1.40716099401,-0.0955775476666,0.449706810959,-0.263693039367,0.573820211033,0.818963601816,0.00311948903637,0.0,0.818934018271,-0.573755680188,-0.0114995683139,0.0,-0.00762805019542,0.00915351664176,-0.999929010472,0.0,0.619011115083,0.205095905845,0.304103802497,1.0,-0.223637142857,-0.293923102041,1.276
0.422827267291,0.32311834483,-0.126411343066,-1.69768102056,0.0564764080146,2.01324069506,0.104142850902,-0.256116887771,-1.00557663192,-0.00864894366481,-1.45535157193,-0.132050658761,0.471428325001,-0.284587920833,0.573738555275,0.819020794749,0.00312327708164,0.0,0.818991463267,-0.573674267354,-0.0114701775328,0.0,-0.00760271660314,0.00913899630771,-0.999929336227,0.0,0.615139931611,0.200047788591,0.304103356582,1.0,-0.236226857143,-0.310469583673,1.293
0.418763470229,0.307757296086,-0.126571441634,-1.71988569647,0.0546804536024,2.02024334246,0.0996652518155,-0.27347942085,-1.05903984631,-0.0124477877029,-1.47848663695,-0.126592513938,0.490418611241,-0.306827332294,0.573634582204,0.819093194353,0.00323294985125,0.0,0.819065382491,-0.573570105643,-0.0114008779475,0.0,-0.00748420224279,0.00918811206428,-0.999929780191,0.0,0.611056863724,0.194740074758,0.304179452018,1.0,-0.248816571429,-0.327016065306,1.31
0.413419752223,0.288598149575,-0.12676246155,-1.74733123002,0.0523633158057,2.028700247,0.0939752629029,-0.307921144427,-1.11270649926,-0.0203589573459,-1.54961141951,-0.13155096065,0.492637456276,-0.324126284002,0.573593509424,0.819121790512,0.00327492849675,0.0,0.819094388409,-0.573528753413,-0.0113973148824,0.0,-0.00745766689841,0.00922007891061,-0.999929684203,0.0,0.607018653816,0.189475409589,0.304228587715,1.0,-0.260665714286,-0.34258922449,1.326
0.40792094335,0.269934291259,-0.126952329142,-1.7739248977,0.0501280731112,2.036770937,0.0882221096972,-0.336986825139,-1.14404038201,-0.0177705483894,-1.56370432744,-0.137297537089,0.49911957951,-0.350855725863,0.57354277416,0.819156997773,0.0033535219036,0.0,0.819130184208,-0.573477266949,-0.0114154506148,0.0,-0.00742802069032,0.00929439917452,-0.999929216821,0.0,0.602526078205,0.183608763514,0.304256557918,1.0,-0.273255428571,-0.359135706122,1.343
0.401894813,0.250680832256,-0.127242550825,-1.80109005967,0.0476710542973,2.04484999564,0.082217488139,-0.36432049446,-1.16385621025,-0.0204165552067,-1.62726572904,-0.156074881957,0.493617334183,-0.358177813039,0.573667996633,0.819069212183,0.00337671354392,0.0,0.81904326559,-0.573603120547,-0.0113285520215,0.0,-0.00734211611195,0.00926468060473,-0.999930127071,0.0,0.597864520716,0.177355700754,0.304292327173,1.0,-0.285845142857,-0.375682187755,1.36
0.395463188573,0.230792963735,-0.127443509626,-1.8288942142,0.0451831825153,2.05286514222,0.0757465469034,-0.385316362148,-1.2027363222,-0.0173135962937,-1.63322626617,-0.153468165916,0.488498776544,-0.388692937199,0.573610682234,0.819109197645,0.00341386303862,0.0,0.819083245985,-0.573545097783,-0.0113755816179,0.0,-0.00735998082394,0.00932157262085,-0.999929466996,0.0,0.592924114851,0.170931581823,0.304311940665,1.0,-0.298434857143,-0.392228669388,1.377
0.388612886699,0.210315185179,-0.127667760662,-1.85723513207,0.0425092505427,2.06080456636,0.0688760325919,-0.418621869817,-1.2425228484,-0.0173796050647,-1.70874630391,-0.185208528405,0.475946499165,-0.412441414446,0.573457853003,0.81921627692,0.00339549106888,0.0,0.819189990564,-0.57339221779,-0.0113960887882,0.0,-0.00738905553623,0.00931690828512,-0.99992929604,0.0,0.58774777377,0.164263661137,0.304324812025,1.0,-0.311024571429,-0.40877515102,1.394
0.381566873955,0.190541032497,-0.127932840267,-1.88433746343,0.0398979946589,2.06812228047,0.0620181228184,-0.450405814479,-1.25823646399,-0.0194830910162,-1.71771008494,-0.167275569153,0.46021288068,-0.447297343463,0.573430638705,0.819235630829,0.00332124616135,0.0,0.819208050055,-0.573364805341,-0.0114768297778,0.0,-0.00749808658553,0.00930213651632,-0.999928621929,0.0,0.582686832969,0.157645616638,0.304319294024,1.0,-0.322873714286,-0.424348310204,1.41
