position_joint1,position_joint2,position_joint3,position_joint4,position_joint5,position_joint6,position_joint7,velocity_joint1,velocity_joint2,velocity_joint3,velocity_joint4,velocity_joint5,velocity_joint6,velocity_joint7,ee_T_00,ee_T_10,ee_T_20,ee_T_30,ee_T_01,ee_T_11,ee_T_21,ee_T_31,ee_T_02,ee_T_12,ee_T_22,ee_T_32,ee_T_03,ee_T_13,ee_T_23,ee_T_33,v_x,v_y,time
0.465065563991,0.547767644942,-0.123931751197,-1.35584867236,0.0795509749924,1.8940984442,0.159162058456,0.0016232957258,-0.000307638689354,-0.00127991176113,0.00126728602685,-0.000255233280296,-0.000330516155691,0.00139023582049,0.573789411005,0.818988720225,0.00198364911852,0.0,0.818945231722,-0.573729937018,-0.0119755463368,0.0,-0.0086699254075,0.00849610524246,-0.99992632158,0.0,0.661659641888,0.260924391695,0.303214546344,1.0,0.0,0.0,0.0
0.465065456068,0.547764815281,-0.123929298082,-1.35585378571,0.079547180973,1.89410242377,0.159159760049,0.00139304272689,-0.000124150573423,-0.000556617667437,-0.000625986979763,-0.000174144912415,3.07993609492e-06,-9.78254819509e-05,0.573785199723,0.818991670554,0.00198369400171,0.0,0.818948204574,-0.573725747568,-0.0119729571768,0.0,-0.0086678227581,0.00849461181371,-0.999926352497,0.0,0.661659016003,0.260924825816,0.303214374648,1.0,-0.00024,-0.000315428571429,0.013
0.465063080888,0.547767610573,-0.123929519053,-1.35585502572,0.0795507923649,1.89410186895,0.159157378875,0.000440516361353,0.00229691549274,0.000574871664917,-0.000237346203516,0.000300211101687,-0.00042416735175,-0.00118641702275,0.573786375061,0.818990851866,0.00198173028598,0.0,0.818947325745,-0.573726897206,-0.0119779789291,0.0,-0.0086730501818,0.00849589740069,-0.999926296248,0.0,0.661659014149,0.260923489136,0.303211770126,1.0,-0.00056,-0.000736,0.029
0.465063053642,0.547741353428,-0.123932399385,-1.35587630006,0.0795467584788,1.89410448821,0.159161187525,-0.000483162804019,-0.00282600466344,-0.000936934594398,-0.00394247865808,-0.000185001000509,-0.000938266948152,0.000998271970079,0.573791592871,0.818987184768,0.00198646336413,0.0,0.81894375486,-0.573732128219,-0.0119715632157,0.0,-0.00866502583037,0.00849614767017,-0.99992636369,0.0,0.661656250387,0.260919149679,0.303220560678,1.0,-0.0009,-0.00118285714286,0.046
0.465062676205,0.547638683996,-0.123927118444,-1.35598171809,0.0795431511154,1.89412265072,0.159152482337,-0.00318636533048,-0.00728285814792,0.000597945469455,-0.00660650997025,-0.00506331974656,-0.000109528142002,-0.00161255305695,0.573785825074,0.818991182583,0.0020041698882,0.0,0.818947905445,-0.573726209967,-0.0119712599832,0.0,-0.00865467820592,0.00851041387056,-0.999926331987,0.0,0.661637510126,0.260911443923,0.30324451368,1.0,-0.00124,-0.00162971428571,0.063
0.465062320713,0.547516701893,-0.123929625061,-1.35615562394,0.0795443136456,1.89415033658,0.159151664612,0.000206545985224,-0.00796509598241,-0.00105256980413,-0.0134862104255,1.16443328385e-05,0.00131139673004,-0.000420564707354,0.573796973229,0.818983404631,0.00199081717012,0.0,0.81893980934,-0.57373727167,-0.0119949437926,0.0,-0.00868162104214,0.00851318578118,-0.99992607483,0.0,0.661606983506,0.260892781223,0.303250641737,1.0,-0.00156,-0.00205028571429,0.079
0.465049460475,0.547358587167,-0.123933434118,-1.35636768341,0.0795401765923,1.89423635784,0.159142129056,-0.000169838305191,-0.00781073551788,-0.000846465249835,-0.014180128558,-6.20987874605e-05,0.00543135073352,-0.00185491152069,0.573813154175,0.81897199135,0.00202197462958,0.0,0.818928756648,-0.573753273956,-0.0119841170209,0.0,-0.00865470824755,0.0085326614373,-0.999926142129,0.0,0.661584158428,0.260864150895,0.303269300758,1.0,-0.0019,-0.00249714285714,0.096
0.465029201712,0.547171200761,-0.123930311795,-1.35658009398,0.0795395277353,1.89436785675,0.159139349863,-0.00181232374991,-0.0137635178937,0.000141364323028,-0.0130920174552,5.94057276262e-05,0.00863066791006,-0.000713592865162,0.573837286034,0.8189548375,0.00211900758693,0.0,0.81891282514,-0.573776957074,-0.0119388128984,0.0,-0.00856167569066,0.00858638379606,-0.999926483159,0.0,0.661571239884,0.260838647517,0.303312248037,1.0,-0.00224,-0.002944,0.113
0.465008476675,0.546969123134,-0.123927920783,-1.35684024072,0.0795372566188,1.89448846297,0.159125774577,0.000324202867666,-0.0162159460127,0.000281174838911,-0.0172874678264,-5.95743247493e-06,0.0101013926691,-0.000440314768448,0.573855536018,0.818941889713,0.00217989799874,0.0,0.818900578363,-0.573794863482,-0.0119182338764,0.0,-0.00850969053612,0.00862463027234,-0.999926597766,0.0,0.661545952669,0.26080592693,0.303341947804,1.0,-0.00258,-0.00339085714286,0.13
0.464975006201,0.546750339242,-0.123930314731,-1.35717119318,0.0795293541093,1.89461550459,0.159101680434,-0.00400895428194,-0.0144435533736,0.000148911732091,-0.0230919714679,-0.000228726976717,0.00639022632338,-0.000432612057408,0.573877945918,0.818926135952,0.00219862352967,0.0,0.818884967003,-0.573817091749,-0.011920693566,0.0,-0.00850072342546,0.00864160927184,-0.999926527446,0.0,0.661508744365,0.260751633521,0.303349591948,1.0,-0.00292,-0.00383771428571,0.147
0.46494307507,0.546450742771,-0.123927809076,-1.35759621281,0.0795204030782,1.89477256397,0.158965435961,-0.00209945788776,-0.0211621495177,0.000700499094788,-0.0220100244675,0.000234555359208,0.00247789992701,-0.00865302581595,0.573815521165,0.818969774976,0.00223657019918,0.0,0.818928946497,-0.573754364941,-0.0119187332439,0.0,-0.00847800359633,0.0086709131469,-0.999926466657,0.0,0.661460825628,0.260696365471,0.303373889698,1.0,-0.00326,-0.00428457142857,0.164
0.464896863402,0.546176985313,-0.123926017924,-1.35803529872,0.0795065026846,1.89493025479,0.158930888061,-0.00780859014648,-0.0162675234277,0.00111854064013,-0.0256756869353,-3.68746365022e-05,0.0101868030369,0.00106205645227,0.573844679555,0.818949343147,0.00223696350058,0.0,0.818908390292,-0.573783385636,-0.0119340511871,0.0,-0.00849001434897,0.00868032708187,-0.999926283072,0.0,0.66141112895,0.26062676295,0.303372362442,1.0,-0.00358,-0.00470514285714,0.18
0.464856157216,0.545865591778,-0.12393032676,-1.35857540208,0.0794867741103,1.89511813573,0.158889376933,-0.00225121915189,-0.0190236485212,-0.00047211918702,-0.0327254365819,-0.00482473113023,0.0131010572517,-0.00359798832296,0.57387198557,0.818930289829,0.00220714293132,0.0,0.818888829576,-0.573810688476,-0.0119635065103,0.0,-0.00853095989631,0.00867309291111,-0.999925997353,0.0,0.661345502721,0.260546875507,0.303352198384,1.0,-0.00392,-0.005152,0.197
0.464787740434,0.545498700013,-0.123930914651,-1.35917968743,0.0794377566106,1.89532051234,0.158786522269,-0.005508016223,-0.0189688925535,0.000643763950137,-0.0354754839692,-0.00239296402616,0.0177249451224,-0.00228425994368,0.573864838473,0.81893539593,0.00217056651563,0.0,0.818893533886,-0.573803768703,-0.0119733906229,0.0,-0.00856011895231,0.00864873727529,-0.999925959113,0.0,0.661277439792,0.260440171518,0.303341834889,1.0,-0.00426,-0.00559885714286,0.214
0.464725838344,0.54513960869,-0.123931005376,-1.35982587935,0.0793707421666,1.89552090612,0.158705814258,-0.00705990781342,-0.0243989050569,-0.000786080096955,-0.0374842246368,-0.000868244587665,0.0170364467658,0.000235317351055,0.57387700978,0.818927092943,0.0020835043502,0.0,0.818884272214,-0.573816477984,-0.0119977171423,0.0,-0.00862987264499,0.00859152839482,-0.99992585272,0.0,0.661194202872,0.260323561521,0.303307398516,1.0,-0.0046,-0.00604571428571,0.231
0.464653773442,0.544715838808,-0.123931014145,-1.36053084384,0.0793471489256,1.8957575956,0.158635818442,-0.00322256510311,-0.0251023973601,0.000352177599124,-0.04288716322,-0.00555112441416,0.0101349550011,-0.0131221485236,0.573902261476,0.818909473464,0.0020531549281,0.0,0.818866047637,-0.573841647348,-0.0120377197854,0.0,-0.00867978407774,0.00858989885122,-0.999925434713,0.0,0.661114643763,0.260216409608,0.30329068214,1.0,-0.00492,-0.00646628571429,0.247
0.464576791608,0.544227642909,-0.123938840187,-1.3613311886,0.0793213873015,1.89605328962,0.15852574136,-0.00553836172661,-0.0233480203213,-0.000236167527207,-0.0443409215743,-0.00246487384459,0.0164105773217,-0.00735221611871,0.573918465843,0.818898128147,0.00204870252555,0.0,0.818854467173,-0.573857693644,-0.0120605114715,0.0,-0.00870083408026,0.00859950502308,-0.9999251692,0.0,0.661025654442,0.260088291134,0.303281142184,1.0,-0.00528,-0.00693942857143,0.265
0.464506811194,0.543782473343,-0.12393431594,-1.36205877176,0.0792837254561,1.89631144038,0.158443689621,-0.00331689357938,-0.0280847226255,0.00061706697893,-0.0540539841298,-0.00951777926247,0.013185941019,-0.00914075493524,0.57393589341,0.81888595549,0.00203200807513,0.0,0.818841971469,-0.57387508736,-0.012081256984,0.0,-0.00872722088325,0.00859792605561,-0.999924952826,0.0,0.660940689769,0.259975558192,0.303272048043,1.0,-0.00558,-0.00733371428571,0.28
0.464425208835,0.543212101983,-0.1239434403,-1.36295485207,0.0792363855016,1.89662209788,0.158329686447,-0.0084536611557,-0.0347159015755,-0.00015936923405,-0.0501915982147,-0.00141432141086,0.0145319652009,-0.00808253880619,0.573952895869,0.818874065796,0.0020210370481,0.0,0.81882988484,-0.573892082503,-0.0120931482391,0.0,-0.00874307663776,0.00859594848398,-0.999924831315,0.0,0.660837286018,0.259830886807,0.30327627342,1.0,-0.00594,-0.00780685714286,0.298
0.464346465004,0.542689917804,-0.12394773937,-1.36379543793,0.0791821903901,1.89692589762,0.158209500459,-0.00652646822976,-0.0348878896705,-0.00160087853735,-0.0544586214382,-0.00391243448378,0.0154039992379,-0.00324551403788,0.573955212933,0.818872481147,0.00200501088357,0.0,0.818828114122,-0.573894491995,-0.0120986975325,0.0,-0.00875679436003,0.00858603510686,-0.999924796449,0.0,0.660734409818,0.259689601927,0.303271883052,1.0,-0.00628,-0.00825371428571,0.315
0.464272149532,0.542091247227,-0.123946296116,-1.36472034868,0.0791320051732,1.89727005769,0.158102573323,-0.0078995499403,-0.0366277322554,-0.000298900753537,-0.0543190149949,-0.00275512193332,0.0268746890213,-0.00881502182154,0.573964570346,0.818865876744,0.00202355953119,0.0,0.818821699295,-0.573903715564,-0.0120953266493,0.0,-0.008743290263,0.00859938898231,-0.999924799865,0.0,0.660635374882,0.259560333329,0.303284923379,1.0,-0.0066,-0.00867428571429,0.331
0.464193311732,0.54146642488,-0.123943691028,-1.36567657717,0.0790723349942,1.89762140506,0.157970140173,-0.00411809155609,-0.0354138438302,0.000557449915789,-0.0548256612254,-0.00795001789581,0.0219832707001,-0.0048052264987,0.573955978279,0.818871857599,0.00204027714104,0.0,0.818827893161,-0.573895046687,-0.0120873351818,0.0,-0.00872724169508,0.00860839986029,-0.999924862529,0.0,0.660524507092,0.259418654532,0.303301925724,1.0,-0.00694,-0.00912114285714,0.348
0.464107333186,0.540728079012,-0.123943828024,-1.36678751077,0.0790109256963,1.89803078335,0.157823121177,-0.00792582633081,-0.0395262228262,0.00179629945791,-0.0639139892906,-0.000645480857662,0.0245619483319,-0.0122262426632,0.57395123984,0.818875091237,0.00207512380079,0.0,0.818831524505,-0.573890101544,-0.012076122176,0.0,-0.00869811010546,0.00863044824358,-0.999924926304,0.0,0.660394897091,0.259257462755,0.303330577774,1.0,-0.0073,-0.00959428571429,0.366
0.464033232983,0.540091520824,-0.123948043495,-1.36775947803,0.0789535611452,1.89838941884,0.157701168206,-0.00277025741052,-0.0467436161547,-0.000292207679838,-0.0680460130989,-0.00345878651347,0.0262578325465,-0.0146049659491,0.573953489147,0.818873465067,0.00209461375074,0.0,0.818830155501,-0.573892269545,-0.0120659147846,0.0,-0.00867854189842,0.00864057315139,-0.999925008891,0.0,0.660282016925,0.259114126625,0.303349052758,1.0,-0.0076,-0.00998857142857,0.381
0.463932611613,0.539304036108,-0.123953021403,-1.36896947854,0.0788857526084,1.89885452465,0.157553516547,-0.00241524933085,-0.0474131343246,-0.000621557003014,-0.0687441982282,-0.0073359882646,0.0276062805276,-0.00323723224872,0.573967386114,0.818863628938,0.00213161465046,0.0,0.81882079952,-0.573906004185,-0.0120475530305,0.0,-0.00864212293548,0.00866047967539,-0.9999251521,0.0,0.660146760607,0.258932103562,0.303370035251,1.0,-0.00796,-0.0104617142857,0.399
0.463825861077,0.538551616982,-0.12394808862,-1.37015439172,0.0788126944629,1.89931456494,0.157406808637,-0.00754729783802,-0.0426959808129,0.00185420577538,-0.0736727582993,-0.00417034043293,0.0301488352412,-0.00864394489893,0.573977279905,0.818856635859,0.00215382528973,0.0,0.818814106731,-0.573915813273,-0.0120351482939,0.0,-0.00861911259582,0.0086716511678,-0.999925253889,0.0,0.660014728684,0.258753119263,0.30337728177,1.0,-0.0083,-0.0109085714286,0.416
0.463729979509,0.537817989854,-0.12396122531,-1.37130482834,0.0787501996299,1.89975820904,0.157274241815,-0.00658798147604,-0.0407843883055,-0.00124980190195,-0.068499302188,-0.00246598225698,0.0284294909491,-0.00360780953813,0.574003354201,0.818838300209,0.00217586262344,0.0,0.818796078836,-0.573941812042,-0.01202183738,0.0,-0.00859528783471,0.00868232992569,-0.999925366302,0.0,0.659887409516,0.25857527675,0.303386726744,1.0,-0.00862,-0.0113291428571,0.432
0.463614586743,0.536987613385,-0.123957515046,-1.3725987048,0.0786784214098,1.90022450488,0.157116924618,-0.00631760098203,-0.0482063273139,-0.000158910554081,-0.0812138883132,-0.000977772017247,0.0327502700952,-0.0147394654032,0.574018399482,0.818827735205,0.00218266286689,0.0,0.818785497311,-0.573956720543,-0.0120307621554,0.0,-0.0085985332558,0.00869317890856,-0.999925244139,0.0,0.659735361072,0.258378633167,0.303397484956,1.0,-0.00896,-0.011776,0.449
0.463493712368,0.536150912111,-0.123964693708,-1.37391148033,0.0785970712536,1.9007208925,0.156945442567,-0.00333131732806,-0.0463759903688,-0.00156897834199,-0.0785474955958,-0.00544703212244,0.022641586292,-0.0162620629117,0.574032504203,0.818817811384,0.00219608311724,0.0,0.818775805468,-0.5739708249,-0.0120174641545,0.0,-0.00857979124655,0.00869668220403,-0.999925374666,0.0,0.659589242253,0.258170402446,0.303406512647,1.0,-0.0093,-0.0122228571429,0.466
0.463382305016,0.535308687972,-0.123973604836,-1.37524332711,0.0785208870029,1.90119912222,0.156786623497,-0.00526848359643,-0.0505346974371,-0.00227251191858,-0.0882935687169,-0.0124642343628,0.0357095703932,-0.0135888215828,0.574052607533,0.818803743758,0.00218629680308,0.0,0.818761578691,-0.573990934694,-0.0120262650283,0.0,-0.00859240171341,0.00869393200547,-0.999925290299,0.0,0.659432570328,0.257964841788,0.303408695288,1.0,-0.00962,-0.0126434285714,0.482
0.463251223685,0.534422736863,-0.123968670308,-1.37668621063,0.0784526487403,1.90172735906,0.156608652626,-0.00790830234385,-0.0462123073159,-0.000127028387312,-0.0832526812528,-0.00183712187532,0.0360913817439,-0.011925840054,0.574071638985,0.818790438427,0.00217213155626,0.0,0.818747861242,-0.574009793826,-0.012059983631,0.0,-0.00862794061247,0.00870189017355,-0.999924915055,0.0,0.659262361602,0.257746426048,0.303392638762,1.0,-0.00996,-0.0130902857143,0.499
0.463114361509,0.533495364573,-0.123974316088,-1.37815765019,0.0783566466818,1.90227293321,0.156425504756,-0.00812548836053,-0.055506717776,0.00020478054799,-0.0864369169494,-0.00488813074505,0.0331626248583,-0.00917640184678,0.574092518364,0.8187758123,0.00216713003569,0.0,0.818733244739,-0.574030767247,-0.0120540081912,0.0,-0.00862569710254,0.00869458472248,-0.99992499796,0.0,0.659095135043,0.257511933873,0.303393816628,1.0,-0.0103,-0.0135371428571,0.516
0.462995410709,0.532608251142,-0.123970051286,-1.37959559473,0.078286647163,1.90281969155,0.156249077015,-0.0085297073619,-0.0564950888709,0.000997815452265,-0.0890458489114,-0.000315828433305,0.0353858005852,-0.0128968734856,0.57410245113,0.818768835068,0.00217191820853,0.0,0.818726155081,-0.574040502064,-0.0120719459251,0.0,-0.00863753038246,0.00870890766298,-0.999924771168,0.0,0.658926198202,0.257302738039,0.303382200664,1.0,-0.01062,-0.0139577142857,0.532
0.462849145168,0.53156665815,-0.123970289154,-1.38125187939,0.0781903499519,1.9034202614,0.15603383346,-0.00562682820355,-0.0553718999776,0.00082642038135,-0.0967016941062,-0.00683818513833,0.0325850922052,-0.0158384861732,0.574110575939,0.81876316568,0.00216148618137,0.0,0.818720272806,-0.574048593112,-0.0120861302342,0.0,-0.00865504678643,0.00870859541319,-0.999924622425,0.0,0.658730272959,0.257048482836,0.303380134446,1.0,-0.01098,-0.0144308571429,0.55
0.462716556395,0.530558364352,-0.123973001183,-1.38289255117,0.0780839454433,1.9039987357,0.155828424666,-0.0142363416641,-0.0588986565828,0.00117735174465,-0.0942460321734,-0.0072597758104,0.0348276299395,-0.0156340821463,0.574113428182,0.818761298755,0.00211048412007,0.0,0.81871774139,-0.574051666295,-0.0121116166667,0.0,-0.00870516366759,0.00868149970313,-0.999924422988,0.0,0.658529826359,0.25680012528,0.303359953358,1.0,-0.01132,-0.0148777142857,0.567
0.462589224374,0.529584416117,-0.12398061972,-1.38443504923,0.0779896258129,1.90457215491,0.155613192935,-0.0081565376729,-0.0634808122429,-0.000331886700178,-0.095829332047,-0.0146168984597,0.037281079854,-0.00930783727103,0.574105313395,0.818766986109,0.00211151387772,0.0,0.81872346898,-0.574043574803,-0.0121079506396,0.0,-0.00870165681235,0.00868015188308,-0.999924465213,0.0,0.658349071373,0.256565198684,0.303361804363,1.0,-0.01164,-0.0152982857143,0.583
0.46244718495,0.528486460786,-0.123979652701,-1.38612649354,0.0778823508603,1.90520696406,0.155395879336,-0.00703359097843,-0.0682496682681,0.000211201702914,-0.0975790254657,-0.00684712303043,0.0362750734543,-0.00757051071975,0.574105855969,0.818766521846,0.00214376955425,0.0,0.818723463223,-0.574044015551,-0.0120874265002,0.0,-0.00866632892396,0.00869478417268,-0.999924644896,0.0,0.658151087381,0.256311630768,0.303384877251,1.0,-0.01198,-0.0157451428571,0.6
0.462314598762,0.527383836338,-0.123984530025,-1.38785452428,0.0777712061038,1.9058730311,0.155147008769,-0.0065583991195,-0.0698121130698,-0.00047131603007,-0.101021739884,-0.00457441853054,0.0388851281167,-0.0181405514645,0.574077827623,0.818786099231,0.00217219661412,0.0,0.818743510303,-0.574015968694,-0.0120614643152,0.0,-0.00862904990993,0.00870285866991,-0.999924897054,0.0,0.657949517995,0.256058116189,0.303396463018,1.0,-0.01232,-0.016192,0.617
0.462173242253,0.526288151988,-0.123982138662,-1.38955616171,0.0776720957213,1.90651207492,0.15491679476,-0.00726228390442,-0.0701286868588,-0.00019004077764,-0.106116424613,-0.0074650923541,0.0383581554145,-0.0124110737569,0.574068626068,0.818792469534,0.00220256647608,0.0,0.818750223575,-0.574006585869,-0.0120522892095,0.0,-0.00860420163984,0.00872236083468,-0.999924941251,0.0,0.657747975397,0.255806243194,0.303412886421,1.0,-0.01264,-0.0166125714286,0.633
0.462014619608,0.525118088595,-0.123980045134,-1.39140057935,0.0775499652266,1.90717161072,0.15467987875,-0.0127879428418,-0.0647219963332,0.00258325659738,-0.1163699794,-0.0111686290079,0.0419696747169,-0.0106223130878,0.574069284301,0.818792055278,0.00218493428733,0.0,0.81874959857,-0.574007338125,-0.0120589187269,0.0,-0.00861974449135,0.00871173664156,-0.999924900005,0.0,0.65752416753,0.255524611523,0.303415159407,1.0,-0.01298,-0.0170594285714,0.65
0.461848451295,0.523879684041,-0.123994337425,-1.39340177938,0.0774288609599,1.90788908821,0.154393729068,-0.0116120394739,-0.0675960377694,-0.00143976757124,-0.110617162889,-0.0018447581078,0.0331838742029,-0.0198613958968,0.574055974632,0.818801498304,0.00214272408235,0.0,0.818758479657,-0.573994198893,-0.0120813297192,0.0,-0.00866246646178,0.00868990032629,-0.99992472082,0.0,0.657281844279,0.255214892999,0.303396146816,1.0,-0.01334,-0.0175325714286,0.668
0.461701512407,0.522723955728,-0.123997429555,-1.39521650285,0.0773166384976,1.90859045874,0.154155997433,-0.00904360030319,-0.0727070757378,-3.76507753178e-05,-0.111891702716,-0.00999695306504,0.0434568644832,-0.0168719081974,0.574051042629,0.818804871009,0.00217498749341,0.0,0.818762327614,-0.573989184486,-0.0120587675392,0.0,-0.00862552436991,0.00870331346708,-0.999924923514,0.0,0.657069442072,0.254945730515,0.303405661194,1.0,-0.01366,-0.0179531428571,0.684
0.461540669186,0.521493491776,-0.124001326067,-1.39719990654,0.0772003496631,1.90936257485,0.153884338734,-0.00438548118393,-0.0759820261353,-0.00236985735505,-0.122083144918,-0.00557932861939,0.0400703836001,-0.0153484790442,0.574038125487,0.818813887962,0.00218958197018,0.0,0.818771536448,-0.573976208692,-0.0120511352074,0.0,-0.00861103470476,0.00871074616721,-0.999924983678,0.0,0.656836723772,0.254652084724,0.303393294189,1.0,-0.014,-0.0184,0.701
0.461368806823,0.520198314297,-0.124004769209,-1.39923317686,0.0770679781475,1.91009678286,0.153614318168,-0.00840887839531,-0.081155903914,0.000382855641283,-0.119654150333,-0.0134689922108,0.0409327452432,-0.0122612491588,0.574032736059,0.818817689789,0.00218076219076,0.0,0.818775259014,-0.573970893435,-0.0120513740895,0.0,-0.00861635015915,0.00870360494079,-0.999925000073,0.0,0.656589248726,0.254341338997,0.303398927626,1.0,-0.01434,-0.0188468571429,0.718
0.461199500182,0.518951632853,-0.124009524112,-1.40117588783,0.0769493541561,1.91079332406,0.153344094407,-0.00849135945917,-0.079760594977,-0.00114904334428,-0.127299740851,-0.00132319690358,0.0440256140107,-0.0173625827089,0.574024632283,0.818823371335,0.00218059386627,0.0,0.818780902207,-0.573962754889,-0.012055583034,0.0,-0.00861997944183,0.0087057978448,-0.999924949703,0.0,0.656352574957,0.254041327608,0.30341002712,1.0,-0.01466,-0.0192674285714,0.734
0.461026254853,0.517589596384,-0.124018680527,-1.40328791266,0.0768017029038,1.91155477704,0.153049658762,-0.0102523880257,-0.0765621708695,-0.00166345033242,-0.123625138247,-0.0119810396164,0.0503719553079,-0.0275408948444,0.574003765263,0.818838005096,0.00217847984978,0.0,0.818795661871,-0.573942054489,-0.0120386499182,0.0,-0.00860754860438,0.00869412762108,-0.999925158325,0.0,0.656094719162,0.253717377855,0.303426847545,1.0,-0.015,-0.0197142857143,0.751
0.460847564426,0.516244683448,-0.124014180573,-1.40543045816,0.0766746526352,1.91235194545,0.152768301276,-0.011358581193,-0.0819551068036,0.000923546488257,-0.130251320404,-0.00599557312496,0.0499922152433,-0.025173366171,0.573995627973,0.81884370623,0.00217961836663,0.0,0.818801292384,-0.573933827109,-0.0120479289153,0.0,-0.00861457991193,0.00870030036674,-0.999925044084,0.0,0.655832697852,0.253399719761,0.30341946066,1.0,-0.01534,-0.0201611428571,0.768
0.460667914163,0.514876457171,-0.124022309268,-1.40762666457,0.0765386940479,1.91317388978,0.15246636023,-0.0106461751099,-0.0781940252549,-0.000862383787584,-0.129187438385,-0.0116018701953,0.0434916453053,-0.0166494150326,0.573980503645,0.818854334516,0.00216960369212,0.0,0.818811816431,-0.573918773726,-0.0120497858538,0.0,-0.00862200908636,0.0086930066606,-0.999925043488,0.0,0.655566288822,0.25306830481,0.303405024317,1.0,-0.01568,-0.020608,0.785
0.46048962199,0.513544483464,-0.12402621424,-1.40976226982,0.0764127957774,1.91391219137,0.152172608648,-0.00778408242278,-0.0754211282121,-0.00387191542977,-0.131333579686,-0.0093081299438,0.0443486800898,-0.0204356166989,0.573961029496,0.818868106392,0.00212317122337,0.0,0.818824825724,-0.573899343163,-0.0120911370804,0.0,-0.008682727124,0.00867851388166,-0.999924643984,0.0,0.655277935434,0.252726593715,0.303390304913,1.0,-0.01602,-0.0210548571429,0.802
0.460281121886,0.512035683486,-0.124026188796,-1.41217859617,0.0762612410936,1.9147711771,0.151830263937,-0.0162478348714,-0.0839753133678,0.000313709397794,-0.132002557095,-0.00966096751757,0.0466043046027,-0.0153164359545,0.573942679886,0.818881095491,0.00207329541599,0.0,0.818837098818,-0.57388114804,-0.0121235483508,0.0,-0.00873808763644,0.00865607968996,-0.999924356193,0.0,0.65499080391,0.252373373466,0.303367582068,1.0,-0.01636,-0.0215017142857,0.819
0.460100073477,0.510682056125,-0.124026772758,-1.41435330805,0.0761301974184,1.91560928195,0.151515032778,-0.00810944445824,-0.0804527887174,0.000199268108909,-0.140689217538,-0.00690670392517,0.0648312236825,-0.0276999541284,0.573911785676,0.818902715799,0.00208595776386,0.0,0.818858874851,-0.573850192907,-0.0121180064109,0.0,-0.00872660910903,0.00866293851403,-0.999924397037,0.0,0.654728192542,0.252049848795,0.303353035887,1.0,-0.01668,-0.0219222857143,0.835
0.459868629223,0.509013639086,-0.124035047919,-1.4170088262,0.0759578759745,1.91657820778,0.151152585802,-0.0168691310188,-0.0856781821869,-0.000301515835,-0.144232145366,-0.0146360758373,0.0486690319285,-0.0160759988641,0.57390201079,0.818909625962,0.00206238184582,0.0,0.818865530236,-0.573840574969,-0.0121237293117,0.0,-0.00874492861868,0.00864681251193,-0.999924376569,0.0,0.6544009074,0.25163829462,0.303341034119,1.0,-0.01706,-0.0224217142857,0.854
0.459672244377,0.507601150322,-0.124036014408,-1.41924027215,0.0758262214648,1.91737083191,0.150844459785,-0.00774823157472,-0.0873019069278,-0.000404668200141,-0.146930027166,-0.00796844090071,0.0502986672516,-0.0228490135047,0.573891305341,0.81891717641,0.00204321728888,0.0,0.818872692881,-0.573829819597,-0.0121489874129,0.0,-0.00877672443931,0.00864549954113,-0.999924109343,0.0,0.654119319886,0.251295598683,0.303335757247,1.0,-0.01738,-0.0228422857143,0.87
0.459483044291,0.506207779869,-0.124043852764,-1.42138629337,0.0756868066019,1.9181784387,0.150545288832,-0.0136636333544,-0.0949509051034,0.00012874067631,-0.143285007726,-0.00683502617402,0.0520203298827,-0.0197198434087,0.573880189699,0.818924864907,0.00208336493587,0.0,0.818881006684,-0.573818628751,-0.0121171403787,0.0,-0.00872772197273,0.00865998152661,-0.999924412938,0.0,0.653860028186,0.250963268458,0.303358761198,1.0,-0.01768,-0.0232365714286,0.885
0.459244056397,0.504495438997,-0.124048526352,-1.42400573555,0.0755235908244,1.91918684276,0.150185169215,-0.0140948746531,-0.100704022805,0.000796037182181,-0.147327869056,-0.0109301728574,0.0482632447764,-0.0217527422674,0.573875495501,0.818927940729,0.00216574665539,0.0,0.818885234228,-0.573813656274,-0.0120668113914,0.0,-0.00863928032992,0.00869851279684,-0.999924846531,0.0,0.653547828197,0.250558075959,0.303396136749,1.0,-0.01804,-0.0237097142857,0.903
0.458998443025,0.502727002976,-0.124050942217,-1.42663205268,0.0753615321192,1.92017420563,0.149815715202,-0.0121347050949,-0.101346038412,0.00030521530702,-0.148395539073,-0.00786346067687,0.0512317641019,-0.0241136291285,0.573866879379,0.818933679215,0.00227611512336,0.0,0.818892440516,-0.573804606943,-0.0120079480892,0.0,-0.00852783195201,0.00875502572735,-0.999925310014,0.0,0.65323113558,0.25014869242,0.303466746353,1.0,-0.0184,-0.0241828571429,0.921
0.458774960332,0.501123247675,-0.124054875112,-1.42904290307,0.0752002225695,1.92102862335,0.14948416901,-0.010728314972,-0.103715602047,0.000536426307911,-0.154197942617,-0.0107611479175,0.0557630853514,-0.0191272515177,0.573860450433,0.818938086361,0.00231106862425,0.0,0.818897356391,-0.57379808993,-0.0119840973806,0.0,-0.00848831043958,0.00876989635536,-0.999925515978,0.0,0.652929001188,0.249767598116,0.303512803805,1.0,-0.01872,-0.0246034285714,0.937
0.458573648317,0.49971305011,-0.124057431599,-1.43117130447,0.0750678937774,1.92179424053,0.149173241875,-0.0141542511964,-0.0988671432253,-0.000173604432863,-0.151190269118,-0.00954295849823,0.0527470642001,-0.0286580427582,0.573845088374,0.818948734046,0.00235211711108,0.0,0.818908506889,-0.57378252975,-0.0119671550302,0.0,-0.00845104546464,0.008793631152,-0.999925623175,0.0,0.652663787087,0.249431427881,0.303550000326,1.0,-0.019,-0.0249714285714,0.951
0.458288642924,0.497837814067,-0.124056593899,-1.43412942968,0.0748813450782,1.92289066065,0.148754495695,-0.0117914446647,-0.102045683206,0.000663061945737,-0.162181127893,-0.0129804879925,0.0513555085248,-0.0309806092841,0.573834908483,0.818955843371,0.00236036340121,0.0,0.818915704758,-0.573772298169,-0.0119651684729,0.0,-0.00844479609308,0.00879913942453,-0.999925627517,0.0,0.652298553881,0.248964126267,0.303544719922,1.0,-0.01938,-0.0254708571429,0.97
0.458039360405,0.49624853085,-0.124053540949,-1.43664414023,0.074732925795,1.92378706482,0.148371793591,-0.0157661131835,-0.100142444645,0.0022341969741,-0.163370209015,-0.00544989734703,0.0602418914076,-0.0215374718088,0.573810598219,0.818972932358,0.00234101208346,0.0,0.818932362262,-0.573747883222,-0.0119958092061,0.0,-0.00848125560453,0.00880062245154,-0.999925305884,0.0,0.651980265414,0.248563003585,0.303533071112,1.0,-0.0197,-0.0258914285714,0.986
0.457768465225,0.494583743358,-0.124069500728,-1.43938514473,0.074556449388,1.92472807234,0.147995165554,-0.0141575925938,-0.103899383053,-0.00259436500355,-0.161934359656,-0.018565857838,0.0613690748946,-0.026490643385,0.573825622473,0.818962745626,0.00221882227602,0.0,0.81892051955,-0.573763349796,-0.0120643272508,0.0,-0.00860732138536,0.00874002745809,-0.999924760139,0.0,0.651627962176,0.248109577056,0.303470291619,1.0,-0.021996,-0.0289090285714,1.003
0.457440431153,0.492126804298,-0.124151220727,-1.44301445955,0.0743524400974,1.92606081734,0.147469176294,-0.020856633388,-0.179532799437,-0.00490396971198,-0.259883579246,-0.0184445544522,0.0950047658634,-0.0405358959928,0.573849588144,0.818945583062,0.00235139780952,0.0,0.818905245452,-0.573786926703,-0.0119795082492,0.0,-0.00846152695598,0.00880017730603,-0.999925476944,0.0,0.651187941786,0.247507560809,0.303570886413,1.0,-0.039132,-0.0514306285714,1.02
0.45695742237,0.488097182307,-0.12419727869,-1.44931634591,0.0740365621567,1.92852125279,0.146498277237,-0.0309705896166,-0.260554393859,-0.000357475683292,-0.410213947714,-0.0181339242732,0.15496128224,-0.0646933735175,0.573714644334,0.819039573373,0.00253594688635,0.0,0.819001288967,-0.573650893803,-0.0119284370331,0.0,-0.00831527387541,0.00892063452845,-0.999925636485,0.0,0.650396647453,0.246587796646,0.303588190104,1.0,-0.057276,-0.0752770285714,1.038
0.456240894467,0.483151933668,-0.124293373608,-1.4571408045,0.0735895586067,1.93146539372,0.145289826272,-0.0487675231204,-0.334467095517,-0.00788487899007,-0.537541862743,-0.0357464435174,0.188006902911,-0.0833191830264,0.573648304553,0.819085878599,0.00258709562064,0.0,0.819048252963,-0.573584356058,-0.0119034744578,0.0,-0.00826620940917,0.00894753635713,-0.999925802935,0.0,0.649421365214,0.245331126928,0.303555867848,1.0,-0.073404,-0.0964738285714,1.054
0.455209885681,0.476471790831,-0.124484400475,-1.46780488128,0.0729542313043,1.93509921306,0.143709131909,-0.0707439908988,-0.42306512179,-0.0126738028364,-0.671279369635,-0.0337777976671,0.222391079115,-0.0967000767265,0.573683894428,0.819061880671,0.00227416065138,0.0,0.819019949143,-0.57362096975,-0.0120852335103,0.0,-0.00859421331435,0.0087958561138,-0.999924383347,0.0,0.648025415077,0.243519980268,0.303430343166,1.0,-0.09054,-0.118995428571,1.071
0.454009875499,0.468847606516,-0.124634823564,-1.479694117,0.0722685060499,1.93928904503,0.141955648308,-0.0758859049197,-0.50365081399,-0.0108045648307,-0.757101728689,-0.0416802970921,0.29017126429,-0.109172310444,0.57372524247,0.819033065987,0.00222033194807,0.0,0.818989949038,-0.573662053105,-0.0121679539718,0.0,-0.00869240382008,0.00879966131256,-0.999923501112,0.0,0.646475101478,0.241522534586,0.303409712366,1.0,-0.106668,-0.140192228571,1.087
0.452504215578,0.45946698209,-0.124763225739,-1.49414954398,0.0713635913662,1.94460811217,0.13963870499,-0.09171304156,-0.574411156089,-0.00987161974824,-0.898688540817,-0.0526599065971,0.319533107047,-0.128460983563,0.573589392243,0.819127675289,0.00240989273426,0.0,0.819087195038,-0.573525580122,-0.012054989464,0.0,-0.00849260387575,0.00888869749515,-0.999924430513,0.0,0.6446075364,0.239105278305,0.303459867069,1.0,-0.123804,-0.162713828571,1.104
0.450652026672,0.448657525002,-0.124961993897,-1.51064934684,0.0702588506537,1.95045848444,0.137045165457,-0.112225702721,-0.676491096092,-0.0140369156789,-1.01094430511,-0.0678802442843,0.377863339209,-0.150826621524,0.573582181259,0.819132479508,0.0024918385165,0.0,0.819093650621,-0.573518653634,-0.0119453902415,0.0,-0.00835590213314,0.00889288331349,-0.999925544991,0.0,0.64243586134,0.236212186575,0.303543454899,1.0,-0.14094,-0.185235428571,1.121
0.448637486329,0.437436491332,-0.125099892072,-1.52804241952,0.0691178872581,1.95640819746,0.13434248021,-0.129020618548,-0.733274141138,-0.0123106013436,-1.11944810335,-0.0757744687082,0.375289712741,-0.178585573079,0.573583083105,0.819132444776,0.00228726734391,0.0,0.81909047243,-0.573519898841,-0.0121025000913,0.0,-0.00860192276569,0.00881543792947,-0.999924144612,0.0,0.640043448874,0.233161766148,0.303462677323,1.0,-0.157068,-0.206432228571,1.137
0.446148691665,0.42407575714,-0.125292804809,-1.54808187108,0.0677405736305,1.96336891331,0.13101895896,-0.156216236615,-0.82001349672,-0.0146657677045,-1.2198387996,-0.0903152589952,0.409087091055,-0.204399917224,0.573527607915,0.819170724226,0.00248081278495,0.0,0.819131644072,-0.573464016782,-0.0119631951037,0.0,-0.00837740362357,0.00889350615356,-0.999925359543,0.0,0.637301965501,0.229535671317,0.303633783903,1.0,-0.174204,-0.228953828571,1.154
0.443129739222,0.408733580609,-0.125489603035,-1.57099608815,0.0661282660056,1.97143759473,0.127203174284,-0.178578353293,-0.86031509998,-0.00695336883244,-1.31477580835,-0.0912016152645,0.464952546263,-0.209271467868,0.57352721661,0.819169837436,0.00283833457495,0.0,0.819136077907,-0.573463026426,-0.0117042767426,0.0,-0.00796026380097,0.0090378775213,-0.999927472855,0.0,0.634138207812,0.225314745829,0.303828141707,1.0,-0.192348,-0.252800228571,1.172
0.439658618559,0.392113140587,-0.125692397225,-1.59564762415,0.0644877612804,1.97987597167,0.122971551409,-0.1922691122,-0.938509514145,-0.0103048711108,-1.38783963211,-0.0918356070929,0.482134105321,-0.244566170312,0.57358385375,0.819128855685,0.00319803108766,0.0,0.819099144945,-0.573517728166,-0.01160832164,0.0,-0.00767473145973,0.00927802902204,-0.99992750571,0.0,0.630625903798,0.220664741977,0.304027732229,1.0,-0.210492,-0.276646628571,1.19
0.436433591763,0.37742175805,-0.125882099724,-1.61754207912,0.0627758536089,1.98725371404,0.119056826258,-0.219471814483,-1.01072066827,-0.0118250439574,-1.48408195867,-0.123967624762,0.503486848448,-0.272348112842,0.573505695511,0.81918344619,0.00323196627159,0.0,0.819155169093,-0.573440684109,-0.0114602643078,0.0,-0.00753486292957,0.00922018624745,-0.99992910449,0.0,0.627432618929,0.216418941322,0.304090502039,1.0,-0.225612,-0.296518628571,1.205
0.432376468885,0.359774621355,-0.126111602122,-1.64361824422,0.0608265683507,1.99592806391,0.114379395727,-0.253432017605,-1.08209383175,-0.020661087044,-1.57858454768,-0.129486846495,0.541748892046,-0.280723431566,0.573559241575,0.819145372486,0.00337669052911,0.0,0.819119137885,-0.573494017244,-0.0113664874399,0.0,-0.00737443575205,0.0092854445241,-0.999929696637,0.0,0.623538338334,0.211268678407,0.304183034031,1.0,-0.242748,-0.319040228571,1.222
0.428091023488,0.34230353206,-0.126373985274,-1.66935737969,0.0588816198236,2.00422638201,0.109506042708,-0.276659384179,-1.14682936572,-0.0209165759884,-1.60202030931,-0.131321371632,0.557138294719,-0.305071363366,0.573597998329,0.819118309607,0.00335828536582,0.0,0.819091571364,-0.573532487279,-0.0114118647651,0.0,-0.00742172450823,0.00929674501502,-0.999929241765,0.0,0.619585367489,0.206012850056,0.304208317714,1.0,-0.258876,-0.340237028571,1.238
0.422840653147,0.321686869779,-0.126591304299,-1.69954214044,0.0564749413419,2.01395216197,0.103631110922,-0.299000337773,-1.1904621324,-0.0172280463596,-1.70685346069,-0.147962397059,0.543960257567,-0.34611845516,0.573514260562,0.819176731473,0.00340917097434,0.0,0.819150741121,-0.573448729848,-0.0113738496865,0.0,-0.00736234999345,0.00931586928231,-0.999929502706,0.0,0.614827139729,0.199805649423,0.304217499527,1.0,-0.27702,-0.364083428571,1.256
0.417061188944,0.300039368368,-0.126801517964,-1.7309304587,0.0538709690011,2.02372049236,0.097240387787,-0.333478666323,-1.22584950091,-0.00949669938215,-1.75794142121,-0.162355708436,0.53712661551,-0.369035819891,0.573326691912,0.819308281899,0.00334521376081,0.0,0.819281380671,-0.573261262011,-0.0114145373863,0.0,-0.0074344866893,0.00928510907509,-0.999929255076,0.0,0.609697884316,0.193206809405,0.304212159246,1.0,-0.295164,-0.387929828571,1.274
0.41208124532,0.282463744881,-0.127035927905,-1.75608396333,0.0517734217543,2.03138719729,0.0920153218422,-0.362355239726,-1.26844932784,-0.0133488083558,-1.79805925519,-0.144158865959,0.544752185297,-0.382741481026,0.5733627887,0.819282927849,0.00336802168438,0.0,0.819256086225,-0.573296993623,-0.0114354356065,0.0,-0.00743812366577,0.00931610487672,-0.999928939728,0.0,0.605505655574,0.187720743214,0.304249838522,1.0,-0.309276,-0.406477028571,1.288
0.405069046157,0.259039510112,-0.127393071485,-1.78938581912,0.0488890808314,2.0413033238,0.0847395521232,-0.404108229777,-1.30950986299,-0.0278599883055,-1.87679533249,-0.17393411588,0.553362422638,-0.411057398074,0.573373128003,0.819275910332,0.0033144734917,0.0,0.819248189037,-0.573307257044,-0.0114865434958,0.0,-0.007510581275,0.00930163086505,-0.999928532862,0.0,0.599814469081,0.180243660713,0.304249433481,1.0,-0.32742,-0.430323428571,1.306
0.397746739907,0.236085489918,-0.127772860299,-1.82136179431,0.0460080903015,2.05064962448,0.0773933721799,-0.438272496598,-1.36473977489,-0.0160516488974,-1.86232007884,-0.163804372321,0.537151671566,-0.446432898942,0.573465367235,0.81921062681,0.0034883241362,0.0,0.819185448063,-0.573399353983,-0.0113635132828,0.0,-0.00730904875482,0.00937434617351,-0.999929347224,0.0,0.594237532805,0.172780727847,0.304378681569,1.0,-0.344556,-0.452845028571,1.323
0.390853820153,0.215175145547,-0.128040170116,-1.85026011957,0.0433760034889,2.05898876947,0.0704312859595,-0.478639306541,-1.41072538078,-0.0204902951321,-1.93936757813,-0.184836660243,0.55213809416,-0.471266000912,0.57335971379,0.819283531696,0.00372561337471,0.0,0.819261310777,-0.573292946798,-0.0112627135774,0.0,-0.00709162442173,0.00951002022742,-0.999929631713,0.0,0.589040433891,0.166012025283,0.304460584757,1.0,-0.359676,-0.472717028571,1.338
0.381797518285,0.189283949219,-0.128427630734,-1.8857406434,0.039919248055,2.06871734652,0.0614832900307,-0.518772610689,-1.45137825174,-0.0269441597191,-2.01134477738,-0.198341673687,0.545331625957,-0.51120127524,0.573241530547,0.819366261685,0.00371803301137,0.0,0.819344135226,-0.573175056561,-0.0112378604936,0.0,-0.00707697621411,0.00948853957566,-0.999929939558,0.0,0.582447688569,0.157409642127,0.304481256777,1.0,-0.37782,-0.496563428571,1.356
0.372304615934,0.164105458969,-0.128959450078,-1.91982308462,0.0365521358669,2.0775802811,0.0524404694878,-0.57468614666,-1.50422665333,-0.0333856203109,-2.03643017371,-0.217018123847,0.518715468282,-0.546416148026,0.573409355365,0.819249306851,0.00360988992644,0.0,0.819225288108,-0.57334248418,-0.0113609005001,0.0,-0.00723784595283,0.0094719421114,-0.999928945425,0.0,0.575930830973,0.148735432665,0.304464397612,1.0,-0.394956,-0.519085028571,1.373
0.362751654176,0.139801576493,-0.129382588615,-1.95212093459,0.0331337509558,2.08576026906,0.0433706860921,-0.615647937087,-1.5308737289,-0.0284416835179,-2.00644612455,-0.209856945321,0.490954903698,-0.572426294956,0.573355221793,0.819287086592,0.00363404546767,0.0,0.819263822551,-0.573288875271,-0.0112872251609,0.0,-0.00716425791311,0.00944901338951,-0.999929692306,0.0,0.569573979552,0.140374190381,0.304518864481,1.0,-0.411084,-0.540281828571,1.389
0.351640196119,0.113161751332,-0.129972575502,-1.98698519521,0.0294380015831,2.09430692288,0.0329922331094,-0.67787856551,-1.58892773034,-0.0438849878621,-2.0741205592,-0.223421903336,0.504347000704,-0.623028690986,0.573461251369,0.81921202489,0.00382077940079,0.0,0.819191160988,-0.573394410023,-0.0111999649783,0.0,-0.00698446691082,0.00955287856744,-0.999929977415,0.0,0.562543466602,0.131012592716,0.304593478581,1.0,-0.42822,-0.562803428571,1.406
0.339659559509,0.0858937720213,-0.130540305788,-2.02225874271,0.0254614160235,2.1023059016,0.0218573510031,-0.718901632225,-1.58828501823,-0.0281099333489,-2.09695630277,-0.224076631971,0.455190410791,-0.672990058036,0.573407517041,0.819250129894,0.003713619477,0.0,0.819227688414,-0.573340686077,-0.0112782590134,0.0,-0.00711068292565,0.00950952148499,-0.99992950111,0.0,0.555132732037,0.121323022469,0.304576912401,1.0,-0.43998,-0.578259428571,1.423
