position_joint1,position_joint2,position_joint3,position_joint4,position_joint5,position_joint6,position_joint7,velocity_joint1,velocity_joint2,velocity_joint3,velocity_joint4,velocity_joint5,velocity_joint6,velocity_joint7,ee_T_00,ee_T_10,ee_T_20,ee_T_30,ee_T_01,ee_T_11,ee_T_21,ee_T_31,ee_T_02,ee_T_12,ee_T_22,ee_T_32,ee_T_03,ee_T_13,ee_T_23,ee_T_33,v_x,v_y,time
0.465072638808,0.547729541592,-0.124014805543,-1.35580718753,0.0795353149369,1.89412866711,0.159129200092,0.000346700337118,-0.00192154780591,-0.000346586414936,0.000333196990148,-8.26627924801e-05,0.000148941771176,0.0012516837827,0.573808464062,0.818975215181,0.00204704460942,0.0,0.818933207678,-0.573749372082,-0.0118661829952,0.0,-0.00854378370691,0.00848547241865,-0.999927497631,0.0,0.661694312699,0.260885969235,0.30326662941,1.0,0.0,0.0,0.0
0.465070284185,0.547732047282,-0.124013070301,-1.35580464189,0.0795331477207,1.89412880066,0.159125487224,-0.000622448161432,0.000234175287223,9.88682818058e-05,0.000449685537336,-0.000161403000468,9.52325245018e-05,0.000793009695415,0.573805431603,0.818977341652,0.00204631995268,0.0,0.818935338061,-0.573746356178,-0.0118649799287,0.0,-0.00854324558825,0.00848415699746,-0.99992751339,0.0,0.661695194064,0.260885342535,0.303266016102,1.0,-0.00012,-0.000157714285714,0.007
0.46507227021,0.547730369857,-0.124018306059,-1.35580761902,0.0795335057925,1.894133131,0.159128628863,0.00256058128398,0.000534143770815,-0.00120595494296,-0.000128210106014,0.000216494852584,0.000103710490008,0.00189129006706,0.573810320574,0.81897391274,0.00204771981085,0.0,0.818931953606,-0.573751264954,-0.0118612068605,0.0,-0.00853930156862,0.00848318942383,-0.999927555289,0.0,0.661696084184,0.260883647914,0.303266337652,1.0,-0.00042,-0.000552,0.022
0.465071572544,0.547720052495,-0.124013020308,-1.35582447463,0.0795327937139,1.89413189732,0.159126186911,0.00115603695122,0.000284671438812,-0.000591613064039,-0.00227686857716,-9.49414698912e-05,0.00536902281972,7.70607321269e-05,0.573805904396,0.818977019016,0.00204286685603,0.0,0.818934956864,-0.573746829369,-0.0118684083163,0.0,-0.00854802985792,0.00848330117812,-0.999927479764,0.0,0.661691253947,0.260884179243,0.30326534039,1.0,-0.00076,-0.000998857142857,0.039
0.465071559793,0.547642091242,-0.12401061987,-1.35589393982,0.079534116144,1.89414425323,0.159120617138,0.00211831776481,-0.00626823533348,0.000300123563285,-0.00532361970884,0.000408054082199,0.000375875166785,-0.00139581671685,0.573803766637,0.818978459543,0.00206569558723,0.0,0.818936616426,-0.57374452194,-0.0118654423288,0.0,-0.00853252443059,0.00850027291243,-0.999927468063,0.0,0.661679235018,0.260879395604,0.30328850198,1.0,-0.00112,-0.001472,0.057
0.465070183593,0.547515784374,-0.124011224967,-1.35606618472,0.0795298182934,1.8941751588,0.159126895639,0.000254483614163,-0.00921255889352,8.89255848817e-05,-0.0113863276324,-0.000188447859937,-0.000235405427071,0.00202068486124,0.57381871644,0.818968005631,0.00205750270119,0.0,0.818925961518,-0.573759409145,-0.0118809456732,0.0,-0.00854976745833,0.00850261507585,-0.999927300864,0.0,0.661649984953,0.260860746243,0.303298689677,1.0,-0.00146,-0.00191885714286,0.074
0.46505781797,0.547378648388,-0.124015631178,-1.356256427,0.0795295816064,1.89423969436,0.159121505466,0.00216682424696,-0.00451294495885,-0.000804391129725,-0.0110109453164,4.26776717512e-05,0.00193518080062,0.00073960371054,0.573838037607,0.818954429358,0.00207271118693,0.0,0.818912497593,-0.573778580953,-0.0118831067841,0.0,-0.00854261012356,0.0085165117418,-0.999927243773,0.0,0.661627111369,0.260833578554,0.303311033378,1.0,-0.00178,-0.00233942857143,0.09
0.465036385421,0.54719815087,-0.124016262547,-1.35647051305,0.0795249350508,1.89436788119,0.159114149155,-0.000340461233564,-0.0148120304832,-0.00122338052389,-0.0139950568651,-0.000931524345517,0.00955323895705,0.000169686653837,0.573861025463,0.818938104908,0.00215654468668,0.0,0.818897264168,-0.573801230226,-0.0118391651315,0.0,-0.00845827831032,0.00856018879714,-0.999927587726,0.0,0.661614358274,0.260803958195,0.303348134744,1.0,-0.00212,-0.00278628571429,0.107
0.465013053127,0.546995516618,-0.124016216485,-1.35672173147,0.0795232565754,1.89449551959,0.159102932497,-0.00187237982819,-0.0125074672144,-5.61864628361e-05,-0.0133749117962,-0.000341084214284,0.00543106645493,0.000668350175893,0.573884697964,0.818921317542,0.00223069910421,0.0,0.818881372739,-0.573824539482,-0.0118085634425,0.0,-0.00839041598789,0.0086035974551,-0.999927786908,0.0,0.661593725412,0.260769795498,0.303383169847,1.0,-0.00248,-0.00325942857143,0.125
0.464981468309,0.546729637999,-0.124016136682,-1.35710137318,0.0795189093519,1.89464508859,0.159085245426,-0.00187748495657,-0.01821644392,-0.000493585691036,-0.0231741632891,9.48790533361e-05,0.00879430798481,0.000274846915364,0.573916147779,0.818899165954,0.00227117120618,0.0,0.818859598259,-0.573855675407,-0.0118054666526,0.0,-0.00836432334819,0.00863528454146,-0.999927732367,0.0,0.661551951539,0.260716827049,0.303403758141,1.0,-0.00286,-0.00375885714286,0.144
0.464955939419,0.546527786041,-0.124013710937,-1.35739906964,0.0795118715722,1.89474696216,0.159047613766,-0.00182212378557,-0.0149129748517,0.000379263937234,-0.0238751603295,-4.46832867359e-05,0.00181233248649,-0.00363281709283,0.57391926371,0.818896948055,0.0022834423176,0.0,0.818857419784,-0.573858619461,-0.0118134599184,0.0,-0.00836379424608,0.00864995244102,-0.999927610014,0.0,0.661515785366,0.260674431311,0.303413766693,1.0,-0.00312,-0.00410057142857,0.157
0.464907283246,0.546174439527,-0.124011637282,-1.357952487,0.0794982436297,1.89494082891,0.15889597075,0.000606130847818,-0.0150348820948,0.00130572782506,-0.0288584396583,-0.000509079460835,0.0122927669354,-0.00383424949203,0.573860767137,0.818937921711,0.00229068247588,0.0,0.818898276774,-0.573799884073,-0.0118343667126,0.0,-0.00837737963176,0.00866728156442,-0.999927346231,0.0,0.661449729345,0.260593343416,0.303417313411,1.0,-0.00354,-0.00465257142857,0.178
0.464869998753,0.545941675311,-0.124011647359,-1.35835044383,0.0794866153803,1.89508101406,0.15889506253,-0.00470848421917,-0.0205698876877,0.000529092349226,-0.0280771791336,-0.000198735562981,0.011818848057,0.00163993747068,0.57390973721,0.818903647799,0.00227509508802,0.0,0.818863679569,-0.573848784404,-0.0118572265935,0.0,-0.00840452737275,0.00866813742197,-0.999927111,0.0,0.661402832737,0.260532121346,0.303404863066,1.0,-0.0038,-0.00499428571429,0.191
0.464802620576,0.545530274504,-0.124014005129,-1.35904138699,0.0794130267061,1.89530536685,0.158823789196,-0.00429176764889,-0.0176985499381,0.000139787969563,-0.0384934123855,-0.0108174929658,0.0138548799801,-0.00658764007498,0.573927129717,0.818891637221,0.00220978864976,0.0,0.818851062431,-0.573866681765,-0.0118623782108,0.0,-0.00844604084703,0.00861779438101,-0.999927196357,0.0,0.661321950698,0.260412879699,0.303386687699,1.0,-0.0042,-0.00552,0.211
0.464746083813,0.545211408618,-0.124018456917,-1.35960066905,0.0793493076277,1.89548187313,0.158724483147,-0.00805119714373,-0.0240187251384,-0.000668659568866,-0.0357762474713,-0.000728699429604,0.011587027874,-0.00633477996206,0.5739095925,0.818904128053,0.00213438408001,0.0,0.818862806029,-0.573849684734,-0.0118739687676,0.0,-0.00849899004066,0.00856251716868,-0.999927222586,0.0,0.661251521897,0.260305488756,0.303361461971,1.0,-0.0045,-0.00591428571429,0.226
0.464676147914,0.544735794743,-0.124019252125,-1.36037978044,0.0793308242085,1.89573675645,0.15864986111,-0.0043671794344,-0.02607924631,0.0010209841388,-0.0391581118073,1.70289479802e-05,0.0129227793516,-0.000740586529838,0.573944520178,0.818879706335,0.00211215822575,0.0,0.818837791849,-0.57388439348,-0.0119214286442,0.0,-0.00855024596364,0.00857191865663,-0.999926705066,0.0,0.661160052326,0.260193723675,0.303349520346,1.0,-0.00486,-0.00638742857143,0.244
0.464612221084,0.544377206684,-0.12401941388,-1.36098466033,0.0793169007753,1.89594517574,0.158576692689,-0.00946211832916,-0.026992085289,-0.00171819730549,-0.047299842449,0.00017536922102,0.0147910476422,-0.0109085814274,0.573967063983,0.818863957334,0.00209182767318,0.0,0.818821545237,-0.573906785331,-0.0119593356062,0.0,-0.00859272022265,0.00857726345168,-0.999926295139,0.0,0.66108940461,0.260096158167,0.30333348362,1.0,-0.00514,-0.00675542857143,0.258
0.464532366118,0.543809513306,-0.1240173982,-1.36193607248,0.0792738357045,1.8962870048,0.158437928228,-0.00537418101019,-0.0235239535694,0.000389671377247,-0.0486825462165,-0.000286588793531,0.0140316330441,-0.00180825939012,0.573959007449,0.818869675978,0.00206359685076,0.0,0.8188267247,-0.573898677292,-0.0119937492889,0.0,-0.0086371883835,0.00857381376034,-0.999925941605,0.0,0.660976325648,0.259955276164,0.303311904131,1.0,-0.00554,-0.00728114285714,0.278
0.46446172737,0.543345122439,-0.124027319494,-1.36267561281,0.0792304795167,1.8965365435,0.158375171446,-0.00315202325415,-0.0325125067253,-0.00190212797447,-0.0488990695343,-0.00411641275387,0.0207552995671,-0.00768353733798,0.574001906822,0.818839664322,0.00204009770479,0.0,0.818796406287,-0.573941670092,-0.0120063018478,0.0,-0.00866050583253,0.00856222967311,-0.999925839181,0.0,0.6608911172,0.259831065165,0.303310388908,1.0,-0.00584,-0.00767542857143,0.293
0.464376145354,0.542759495848,-0.124023674905,-1.36361538919,0.0791697008664,1.89686496562,0.158237108524,-0.00636622005478,-0.0287155140549,0.00138320832406,-0.0551600472803,-0.000913325859249,0.0175466520309,-0.00897437681612,0.573992378839,0.818846400505,0.00201700681975,0.0,0.818802819373,-0.573932219749,-0.0120206913743,0.0,-0.00868564188764,0.00855148075044,-0.999925713142,0.0,0.660780340888,0.259685202986,0.303305648592,1.0,-0.0062,-0.00814857142857,0.311
0.464317920751,0.542236753229,-0.12402720063,-1.36442171756,0.0791294423812,1.89716239166,0.15812761385,-0.00440684924863,-0.0286372698432,-0.000738533250479,-0.0550110975748,-0.00736513355364,0.0203569702847,-0.00684154304769,0.573986953433,0.818850165177,0.00203253039899,0.0,0.818806719274,-0.573926662608,-0.0120203710847,0.0,-0.00867652650971,0.00856395060847,-0.999925685558,0.0,0.660685745439,0.259569505538,0.303317454663,1.0,-0.0065,-0.00854285714286,0.326
0.464222216151,0.541577836387,-0.124029692419,-1.36544072898,0.0790714390505,1.89752825856,0.158002520269,-0.00249220382667,-0.0377354344856,-0.000191023826677,-0.0540221386069,-0.00135337495668,0.0223483981536,-0.00387907172689,0.574005676383,0.818837024749,0.00203894128539,0.0,0.818793619895,-0.573945313886,-0.012022129173,0.0,-0.00867409069028,0.00857040751026,-0.999925651369,0.0,0.660569681189,0.259407966375,0.303330132489,1.0,-0.00686,-0.009016,0.344
0.464149263155,0.541003601149,-0.124026990221,-1.36633924885,0.0790271363646,1.89786134758,0.157879652613,-0.00686405574121,-0.0369276662989,0.000633215567489,-0.0581342757192,-0.00382486291193,0.0240245199951,-0.00429809082974,0.574000956124,0.818840300356,0.00205226303782,0.0,0.818796956676,-0.573940426171,-0.0120282104289,0.0,-0.00867147367051,0.00858475629946,-0.999925550981,0.0,0.660464632426,0.2592776578,0.303337209648,1.0,-0.00716,-0.00941028571429,0.359
0.464039267677,0.540107018169,-0.124032915043,-1.36768216335,0.0789300841286,1.89834697326,0.157722050912,-0.00703713385639,-0.0467011998823,-0.00122363034939,-0.0662860491538,-0.0075031610872,0.0248867522003,-0.0112152717525,0.574014467356,0.818830768404,0.00207626644736,0.0,0.818787891772,-0.573953986971,-0.0119981677339,0.0,-0.00863295371061,0.00858730902051,-0.999925862369,0.0,0.66031019364,0.259071198722,0.303373944139,1.0,-0.00758,-0.00996228571429,0.38
0.463951246513,0.539505592238,-0.124036320109,-1.36862834382,0.0788813716385,1.89870280211,0.157594395315,-0.00488307340552,-0.0501479223261,-0.00178938854865,-0.070464563368,-0.00262344451856,0.0313898042044,-0.0117377601584,0.574023808349,0.818824188097,0.00208886021067,0.0,0.818781414929,-0.573963213377,-0.0119987981633,0.0,-0.00862614332541,0.00859808127591,-0.999925828574,0.0,0.660204571156,0.258922944836,0.303379528872,1.0,-0.00786,-0.0103302857143,0.394
0.463842472878,0.538703184459,-0.124041661431,-1.36985521973,0.0788162545901,1.89918219044,0.157444952493,-0.0111052075906,-0.0445353270778,-0.00129631331184,-0.0657484367849,-0.000551068729647,0.0264983275592,-0.0102851404761,0.574044820924,0.81880933001,0.00213812044866,0.0,0.81876717473,-0.573983993387,-0.0119764695019,0.0,-0.00857936323458,0.00862581920324,-0.999925992146,0.0,0.66007050357,0.258734925178,0.303404171075,1.0,-0.00822,-0.0108034285714,0.412
0.463746658996,0.537969712627,-0.124048190425,-1.37099262554,0.0787443758923,1.89962848208,0.157294470586,-0.00533856087241,-0.044022831646,-0.000620468203317,-0.0764571486941,-0.00552590016544,0.0321887853114,-0.0059394858034,0.574048363768,0.818806763552,0.00216954336891,0.0,0.818765105453,-0.57398749467,-0.0119501027707,0.0,-0.00853969862655,0.00863644962603,-0.999926239922,0.0,0.659945772147,0.258561159818,0.303419723539,1.0,-0.00854,-0.011224,0.428
0.463630447292,0.537157021529,-0.124043221172,-1.37226087819,0.0786720030858,1.90009454681,0.157144086437,-0.00738540060259,-0.0505544622168,0.00218380271189,-0.0720521919001,-0.00420145735277,0.027606933688,-0.00433733943328,0.574067412335,0.81879337667,0.00218158599719,0.0,0.818751797105,-0.574006412161,-0.0119532604891,0.0,-0.00853517049547,0.00864832128065,-0.999926175977,0.0,0.659799171717,0.258367390796,0.303430152917,1.0,-0.00888,-0.0116708571429,0.445
0.463519606705,0.536362122192,-0.124055276622,-1.37351804831,0.0786017469878,1.90055933669,0.156996041992,-0.0100467582429,-0.0491587742237,0.000155068122443,-0.0808413166644,-0.00354986784166,0.035873247758,-0.0155467893463,0.574095836445,0.81877344342,0.00218307780334,0.0,0.818731877903,-0.574034821109,-0.0119533744916,0.0,-0.00853410722466,0.00864990445409,-0.999926171358,0.0,0.65965652469,0.258168636383,0.303433605296,1.0,-0.0092,-0.0120914285714,0.461
0.463399147402,0.535433976211,-0.124059407484,-1.37496599112,0.0785209987561,1.90109009945,0.156824212858,-0.00937320351577,-0.056555790308,0.000751298104082,-0.0828396624495,-0.00165219306958,0.0416001583087,-0.00392881465042,0.574114596722,0.818760257914,0.00219471949187,0.0,0.818718782781,-0.574053469168,-0.0119547546579,0.0,-0.00852835586613,0.00866042396026,-0.999926129373,0.0,0.659487212001,0.257950037295,0.30344559385,1.0,-0.00956,-0.0125645714286,0.479
0.463296756559,0.534644478958,-0.124058872686,-1.37624431504,0.0784534767053,1.90155292491,0.156673945312,-0.00871914931081,-0.055407132344,0.00048410653019,-0.0877398339314,-0.0022257486836,0.0302732832719,-0.00838509599602,0.574127067844,0.818751560006,0.00217712151187,0.0,0.818709731293,-0.574065885118,-0.0119784109897,0.0,-0.00855769625869,0.00865972727354,-0.999925884733,0.0,0.659333303459,0.257761922425,0.303434292252,1.0,-0.00986,-0.0129588571429,0.494
0.463177576609,0.533786850654,-0.124067507393,-1.37763665717,0.0783710739935,1.90204914253,0.156498749936,-0.00559778782321,-0.0534290372467,-0.00183353220679,-0.0869290864833,-0.00661976302277,0.0309811431265,-0.0161638825457,0.574141398304,0.81874160204,0.00214260206202,0.0,0.818699298901,-0.574080332479,-0.0119990308425,0.0,-0.00859424549665,0.00864345356547,-0.999925712068,0.0,0.659168275959,0.257544654338,0.303419813086,1.0,-0.01018,-0.0133794285714,0.51
0.463036312239,0.532802220525,-0.124064279149,-1.37921860898,0.0782811463916,1.90265571984,0.156299792927,-0.00556782520248,-0.0545041096364,0.0017732036851,-0.0924967049924,-0.00661432851696,0.0372219444079,-0.0142920277558,0.574154483462,0.8187324008,0.00215218544331,0.0,0.818690163142,-0.574093316124,-0.0120011689986,0.0,-0.00859035601951,0.00865266462962,-0.999925665826,0.0,0.658987504035,0.257305157103,0.303413656562,1.0,-0.01054,-0.0138525714286,0.528
0.462908459457,0.531880634165,-0.124063066545,-1.38067015902,0.0782054347258,1.90318871196,0.156113439539,-0.00789064643382,-0.0594314341346,0.00123488006354,-0.0917761417712,-0.00283229319288,0.0281559606921,-0.0108707243933,0.574164663122,0.818725238115,0.00216124895074,0.0,0.818682979335,-0.574103316221,-0.0120128494874,0.0,-0.00859460834008,0.00866689827381,-0.999925506016,0.0,0.658816584872,0.257085318159,0.303418601131,1.0,-0.01086,-0.0142731428571,0.544
0.462779734219,0.530876685311,-0.124065528366,-1.38228617463,0.0781018664433,1.90376630608,0.155914541221,-0.00497738188633,-0.0660034189646,0.000299072731437,-0.0895333669961,-0.00547669815233,0.0388121714266,-0.00676217495887,0.574169068465,0.818722236955,0.00212754172176,0.0,0.818679545045,-0.574107869196,-0.0120292956266,0.0,-0.0086273794837,0.00864879086908,-0.999925380586,0.0,0.658620562575,0.256842891359,0.303407071141,1.0,-0.0112,-0.01472,0.561
0.462633477352,0.529808483561,-0.124066555222,-1.38403000364,0.0779941854442,1.90439645473,0.155688590141,-0.00949767310888,-0.055116190435,-0.00102044327055,-0.0926290936131,-0.0061748722523,0.0369601497557,-0.0136436550504,0.57417039401,0.818721413674,0.00208622518928,0.0,0.81867815008,-0.574109337451,-0.01205413353,0.0,-0.00867142283483,0.00862923971655,-0.999925168524,0.0,0.658410789341,0.25657834737,0.303384268065,1.0,-0.01156,-0.0151931428571,0.579
0.462509722701,0.52885952619,-0.124072181718,-1.38549363166,0.0778972799443,1.90494442422,0.155476575877,-0.00940840365915,-0.0598146212172,0.000984908561448,-0.0961212773572,-0.00076790844126,0.0346117797941,-0.0151172755454,0.574155456776,0.818731831717,0.00210857536347,0.0,0.818688954031,-0.574094401097,-0.0120317113563,0.0,-0.00864039012123,0.00863450632936,-0.999925391696,0.0,0.658241214222,0.256353834832,0.303403592629,1.0,-0.01186,-0.0155874285714,0.594
0.462368571516,0.527745914351,-0.124069515764,-1.38722289782,0.0777938535171,1.90561057643,0.155251319239,-0.0025987671564,-0.06631589027,0.0066788653428,-0.103292651127,-0.00604122220503,0.0409513149324,-0.0150901347457,0.574150710868,0.818735048122,0.002151531331,0.0,0.818692724271,-0.57408946853,-0.0120105058078,0.0,-0.00859841611836,0.00865745017692,-0.999925555127,0.0,0.658039894899,0.256100292999,0.303422182012,1.0,-0.0122,-0.0160342857143,0.611
0.462221526643,0.526579999768,-0.124079713199,-1.38900240519,0.0776860768434,1.90628524651,0.154986877243,-0.00729796370974,-0.0669505661596,-0.00141040133735,-0.107470820272,-0.00889784773437,0.0391676164217,-0.0177968815383,0.574129013206,0.818750131793,0.00220108738149,0.0,0.818708507579,-0.574067621973,-0.0119788113265,0.0,-0.00854424485663,0.00867959920059,-0.999925827468,0.0,0.657834028747,0.255830023472,0.303454516679,1.0,-0.01254,-0.0164811428571,0.628
0.462064741187,0.525401573326,-0.124082258528,-1.39083937336,0.0775678558213,1.90695055987,0.154762151377,-0.00655408830623,-0.0696001046252,-0.000473281819547,-0.110619330761,-0.00510701509854,0.0419098792076,-0.013799454254,0.574142248557,0.818740846808,0.00220251910313,0.0,0.818699269879,-0.574080878832,-0.0119748469646,0.0,-0.00854003666399,0.0086786334346,-0.9999258718,0.0,0.657613886504,0.255548881095,0.303466935256,1.0,-0.01288,-0.016928,0.645
0.461912367437,0.524220952591,-0.124089368873,-1.39270739202,0.0774529105752,1.90761620636,0.154488925122,-0.00210965843276,-0.0758312953448,0.000880888398376,-0.106340631284,-0.00263794672077,0.0458820681896,-0.0185540818583,0.57411768733,0.818758124767,0.00218199999905,0.0,0.818716257662,-0.574056382388,-0.0119877512697,0.0,-0.00856264258135,0.00866898581353,-0.999925762163,0.0,0.65738570625,0.255264918557,0.303466002894,1.0,-0.01322,-0.0173748571429,0.662
0.461747599339,0.523030800969,-0.124096109006,-1.39462837879,0.0773321167875,1.90833648323,0.154240568571,-0.00694666688604,-0.0705151332256,-0.000428238652172,-0.114036928152,-0.00842533584037,0.0466739248121,-0.00834366810107,0.574124659669,0.818753275277,0.00216709130931,0.0,0.818711261736,-0.574063464112,-0.0119898281677,0.0,-0.00857282819175,0.0086580447706,-0.999925769684,0.0,0.657159008596,0.254969639154,0.303450992264,1.0,-0.01356,-0.0178217142857,0.679
0.461602035927,0.521860959929,-0.124096710664,-1.39645776015,0.0772235341349,1.90905773206,0.153998482212,-0.00141270280644,-0.070490315716,-8.14710156708e-05,-0.118829279951,-0.00955956930221,0.0529193833258,-0.0130750519453,0.57411502875,0.818759890921,0.0022184867431,0.0,0.818718567593,-0.574053643294,-0.0119611287261,0.0,-0.00851992608857,0.00868354723618,-0.999926000695,0.0,0.656945983568,0.254703204173,0.303464866935,1.0,-0.01388,-0.0182422857143,0.695
0.46143832214,0.520621576524,-0.124102492513,-1.39847307313,0.0770990424709,1.90981054738,0.153715552143,-0.00641761627448,-0.0671174977475,-0.000496044526207,-0.118781090334,-0.00272022802791,0.0415467574803,-0.0211726477303,0.574095686873,0.818773518102,0.00219437239694,0.0,0.818731892845,-0.574034415328,-0.0119718235251,0.0,-0.00854273126391,0.00866974183533,-0.999925925916,0.0,0.65670327291,0.254400314983,0.303441710882,1.0,-0.01422,-0.0186891428571,0.712
0.461256185833,0.519227395464,-0.124106721632,-1.40065381984,0.0769544072056,1.91058934442,0.15342480525,-0.00414113666141,-0.0790235984724,-0.00031477121372,-0.121899644441,-0.00450362983821,0.039215529277,-0.0135643142642,0.574086577829,0.818779941057,0.00218086698086,0.0,0.818738190442,-0.574025414415,-0.0119727197994,0.0,-0.00855131437848,0.00865910353703,-0.999925944732,0.0,0.656435433952,0.254067236721,0.303450263873,1.0,-0.01458,-0.0191622857143,0.73
0.461103036709,0.518037481399,-0.124116726842,-1.40250589856,0.0768297661853,1.91125481645,0.153167101575,-0.0122354304606,-0.0751202242881,-0.000779913571233,-0.126456045787,-0.0178529364953,0.0454754863345,-0.0241686770458,0.574072555117,0.818789787237,0.00217547210237,0.0,0.818748061481,-0.574011512027,-0.0119642293091,0.0,-0.00854760730752,0.00864966578897,-0.999926058112,0.0,0.656209440595,0.253781733623,0.303461838617,1.0,-0.01488,-0.0195565714286,0.745
0.460906151385,0.516609071979,-0.124115950274,-1.40476949678,0.0766828622618,1.91207456855,0.152871920028,-0.0125001981077,-0.0764119295628,0.000963270078896,-0.125891110834,-0.0105528667482,0.0405249468641,-0.0151464654783,0.574071575588,0.818790522313,0.00215721422078,0.0,0.818748568536,-0.57401061793,-0.0119724235058,0.0,-0.00856480792687,0.00863941041629,-0.999925999588,0.0,0.655932235941,0.253435027648,0.303457567909,1.0,-0.01524,-0.0200297142857,0.763
0.460725694345,0.515225854631,-0.12412554358,-1.40693969944,0.0765542063576,1.9129039137,0.152559875668,-0.00906158169885,-0.0827000800935,0.000131942764205,-0.126606824116,-0.006843054121,0.0499032111902,-0.0206749418141,0.574050735275,0.818805042463,0.00219149917918,0.0,0.818763550412,-0.57398965439,-0.0119529105772,0.0,-0.00852936981303,0.00865606341021,-0.999926158482,0.0,0.65567426036,0.253107132442,0.303466784807,1.0,-0.01558,-0.0204765714286,0.78
0.460547477403,0.51392387648,-0.12412806361,-1.40906409228,0.0764323884778,1.91365399627,0.152279400433,-0.0111802273588,-0.0863431250274,-0.000362966125033,-0.135272270043,-0.0104927425568,0.0411708742566,-0.0151242231678,0.57404769011,0.818807331259,0.0021332268379,0.0,0.818764918712,-0.573986688222,-0.0120015220606,0.0,-0.00860265606938,0.00863622358929,-0.999925702215,0.0,0.655405826903,0.25278504942,0.303433409221,1.0,-0.0159,-0.0208971428571,0.796
0.4603373076,0.512439486734,-0.124130886108,-1.41147129834,0.0762867843156,1.91449123291,0.151938063775,-0.0143523209678,-0.0801166576514,0.000149786605037,-0.130341148958,-0.00911453125694,0.0462284845251,-0.0198763817553,0.574029075087,0.818820566176,0.00206113141206,0.0,0.818777075387,-0.57396824341,-0.012054180991,0.0,-0.00868735458631,0.00860722323047,-0.999925219993,0.0,0.655100889263,0.252412856698,0.303400367295,1.0,-0.01626,-0.0213702857143,0.814
0.460147837688,0.51106817583,-0.124134430515,-1.4136425108,0.0761500183246,1.91531423664,0.151629519596,-0.0104450933223,-0.0930524941676,-0.000133916220933,-0.133678603815,-0.00512426554505,0.0481699607505,-0.0249399995881,0.574010895078,0.81883327302,0.00207610911186,0.0,0.818790019057,-0.573950042748,-0.0120415955378,0.0,-0.00866864307137,0.00861207026115,-0.99992534065,0.0,0.654839911095,0.252080781934,0.303398725124,1.0,-0.01658,-0.0217908571429,0.83
0.459948587875,0.509679003434,-0.124137660076,-1.41584943334,0.0760107159697,1.91615302002,0.151324348452,-0.0128357495604,-0.0927608389159,-0.000398740804999,-0.141510409144,-0.00969404757144,0.0513734899838,-0.0174789567783,0.574004112355,0.818837995205,0.00208890149457,0.0,0.818794952933,-0.573943251054,-0.0120298180194,0.0,-0.00865172772732,0.00861571289412,-0.999925455771,0.0,0.654575734094,0.25173921013,0.303393525926,1.0,-0.0169,-0.0222114285714,0.846
0.459734349878,0.508099320513,-0.124145804794,-1.41836524058,0.0758526683392,1.91704715104,0.1509691137,-0.0114333428239,-0.0808833668698,-0.00121919331048,-0.146086274833,-0.0122757231035,0.0531842699237,-0.0223659639778,0.573982340213,0.818853356321,0.00204960168356,0.0,0.818809765647,-0.573921613962,-0.0120538628516,0.0,-0.0086942027368,0.00859710380324,-0.999925247529,0.0,0.654258748539,0.251351695652,0.303379085178,1.0,-0.01726,-0.0226845714286,0.864
0.459519251879,0.50655578939,-0.124149369469,-1.42078263359,0.0757056036314,1.91793403931,0.150638063963,-0.0129592432117,-0.0944722460484,-0.000176742655545,-0.14646210605,-0.0100239611808,0.0607848847648,-0.0235181327757,0.573975726395,0.818857972567,0.00205746798873,0.0,0.818814440811,-0.573914923959,-0.0120548113636,0.0,-0.00869053412829,0.0086040192637,-0.999925219939,0.0,0.653979812093,0.251000906978,0.303382766529,1.0,-0.01758,-0.0231051428571,0.88
0.459302695438,0.505043623655,-0.124156137347,-1.42309315759,0.0755608591341,1.9188191545,0.150330003621,-0.0109206913647,-0.0969863386869,-0.00040322027271,-0.144118350561,-0.00303537832286,0.0548252645615,-0.027595474958,0.573985677243,0.818850812326,0.00212987670214,0.0,0.818808296122,-0.573924637065,-0.0120096657585,0.0,-0.00861190165463,0.00863750314598,-0.999925611578,0.0,0.653686611558,0.250615673834,0.303418892959,1.0,-0.01792,-0.023552,0.897
0.459094578666,0.503480574441,-0.124154325731,-1.42542286171,0.0754133441029,1.91970847149,0.149997039296,-0.0117638852766,-0.0950713929361,-0.00145332349603,-0.143997557854,-0.00518006473144,0.0578003615244,-0.0188461833495,0.573962190695,0.818867001483,0.00223258529288,0.0,0.818825874699,-0.573900780205,-0.0119510796022,0.0,-0.00850522602881,0.0086877337007,-0.999926089475,0.0,0.653405500098,0.250261385051,0.303478847382,1.0,-0.01824,-0.0239725714286,0.913
0.45884534307,0.501690134311,-0.124167847336,-1.42807996446,0.0752395052921,1.92068348541,0.149625965456,-0.0161161608846,-0.0964668686323,0.000458230804572,-0.149585991599,-0.00319632807159,0.0544810198375,-0.0190006218017,0.573961032059,0.818867575843,0.00231814863796,0.0,0.818827683376,-0.573899401899,-0.0118932055189,0.0,-0.00840873814967,0.00872456876803,-0.999926584816,0.0,0.653082845949,0.249837144308,0.303548987422,1.0,-0.0186,-0.0244457142857,0.931
0.458629507289,0.500072915982,-0.124166389933,-1.43052831634,0.0750850087327,1.92154224774,0.149283017035,-0.0147576160142,-0.0977345306808,0.000585340109966,-0.153431489961,-0.0126071946439,0.0544704283244,-0.0181067611868,0.573950211987,0.818875085882,0.00234409542775,0.0,0.818835509399,-0.573888458303,-0.0118824608332,0.0,-0.00838516326449,0.00873953775098,-0.999926652069,0.0,0.652790477454,0.249479636562,0.303590183513,1.0,-0.0189,-0.02484,0.946
0.458378286983,0.498397087541,-0.124166411515,-1.43315170414,0.0749135201774,1.92252498348,0.148903778113,-0.0157677381568,-0.0893617300842,-0.00259339199249,-0.157147974676,-0.00830633739792,0.0635072674931,-0.0242626447165,0.573921114238,0.818895415438,0.00236645474364,0.0,0.818856132521,-0.573859279383,-0.011870492853,0.0,-0.00836284117307,0.00875068094166,-0.999926741552,0.0,0.652447727715,0.249047330976,0.303591724032,1.0,-0.01926,-0.0253131428571,0.964
0.45812177839,0.496726624957,-0.124161367349,-1.43582554145,0.0747552706538,1.92347794425,0.148506936108,-0.0132314097741,-0.0937165654143,0.00163681221716,-0.162072725449,-0.0119194578815,0.0532429416224,-0.0240920708336,0.573895367066,0.818913567587,0.00232881600082,0.0,0.818873596637,-0.573833477304,-0.0119130162603,0.0,-0.00841954016493,0.00874399912315,-0.999926324197,0.0,0.652106643238,0.248627058267,0.303565978162,1.0,-0.0196,-0.02576,0.981
0.45787133678,0.495147685644,-0.124161156895,-1.43838311028,0.0746012457247,1.92436171214,0.148147725687,-0.0193045494339,-0.0967642605264,0.00142293915888,-0.158529025157,-0.00461797525747,0.0583026982146,-0.023093413016,0.573893505682,0.818915088869,0.00225127964156,0.0,0.81887391089,-0.573831726134,-0.0119756021417,0.0,-0.00851530955546,0.00871640227808,-0.999925754161,0.0,0.651775601005,0.248216675359,0.303525375227,1.0,-0.01992,-0.0261805714286,0.997
0.457551634229,0.493028384554,-0.124199703641,-1.44171525472,0.0743946933474,1.9255592247,0.147680217256,-0.0162803905818,-0.126613402095,-0.00407800767049,-0.201539625349,-0.0131531894455,0.0743819547253,-0.0297201047622,0.573911846322,0.818902294099,0.0022298591964,0.0,0.818860896888,-0.573850213612,-0.0119795987582,0.0,-0.00853067997134,0.0087013456709,-0.999925754285,0.0,0.651360839283,0.247666649183,0.303519962906,1.0,-0.0276942857143,-0.0363982040816,1.016
0.4572429642,0.490576592222,-0.124255585963,-1.44551528552,0.0741885479975,1.92701055637,0.147109380159,-0.0221522865383,-0.1629166393,-0.00114726242856,-0.262074135723,-0.016666868242,0.100723311312,-0.0401202948408,0.573872844017,0.818929378791,0.00231912787815,0.0,0.818889144257,-0.573810853275,-0.0119340262747,0.0,-0.00844254652222,0.00874789066643,-0.999926096178,0.0,0.650890842978,0.247079769651,0.303544586821,1.0,-0.0359228571429,-0.0472128979592,1.032
0.456815963416,0.48772017233,-0.124271827266,-1.45008300212,0.0739358543191,1.92868096575,0.14643723831,-0.0346438335325,-0.213584483442,-0.00469958795906,-0.33580834382,-0.0182868975717,0.116788401519,-0.0469787514208,0.573841686033,0.818951284435,0.00229346769099,0.0,0.818910389856,-0.573779466741,-0.011985150529,0.0,-0.00849947339233,0.00875589208591,-0.999925543881,0.0,0.650265876774,0.246305022371,0.303498128084,1.0,-0.0441514285714,-0.0580275918367,1.048
0.456170495178,0.483490438649,-0.124373536721,-1.45668505022,0.0735347970335,1.93113395628,0.145436755186,-0.0442917051729,-0.253688262729,-0.00968932883779,-0.394611227972,-0.0288872262825,0.135740028826,-0.0529219059277,0.573844276308,0.818949318742,0.00234665317848,0.0,0.818909363066,-0.573782096348,-0.0119292872623,0.0,-0.00842317626862,0.0087674182756,-0.999926088508,0.0,0.649495932899,0.24525726614,0.303511610309,1.0,-0.0528942857143,-0.0695182040816,1.065
0.455422050606,0.478740499668,-0.124491733088,-1.46420859358,0.0730889100928,1.93373243324,0.144306745873,-0.0476262797948,-0.295574615095,-0.00425112153394,-0.45669453637,-0.0289063982524,0.161025644661,-0.0740082735893,0.57386424762,0.818935754897,0.00219124516431,0.0,0.818893612173,-0.573802535389,-0.0120270205912,0.0,-0.00859218058221,0.00869644122391,-0.999925270379,0.0,0.648522830555,0.24397851534,0.303452595049,1.0,-0.0616371428571,-0.0810088163265,1.082
0.454540518733,0.47322941153,-0.124597215515,-1.47274387232,0.0725621411603,1.93681537862,0.143080292752,-0.0550953173098,-0.335296458444,0.00100683114846,-0.518380640971,-0.0339357637858,0.183411071087,-0.0724101468182,0.573928085305,0.818890923872,0.00222589311912,0.0,0.818849344623,-0.57386633401,-0.0119970163742,0.0,-0.00854704725538,0.00870826341988,-0.999925554295,0.0,0.647439660189,0.242532179813,0.303474362605,1.0,-0.07038,-0.0924994285714,1.099
0.453588524085,0.467361212016,-0.124658543364,-1.48164419993,0.0720393879795,1.940123358,0.141682943496,-0.0621557267322,-0.384073378408,-0.00370996273365,-0.569103383874,-0.0336557633709,0.220887635341,-0.0946384030231,0.573891998014,0.818915511908,0.00247100641971,0.0,0.81887696061,-0.573829095928,-0.0118928108367,0.0,-0.00832143210787,0.00884880956671,-0.999926223447,0.0,0.646314107389,0.241045000136,0.303579505123,1.0,-0.0786085714286,-0.103314122449,1.115
0.4524133961,0.460534984476,-0.12470720196,-1.49222748647,0.071355216187,1.94385042902,0.140009726492,-0.0695048601464,-0.412788121577,-0.00159741057009,-0.649297980599,-0.0440957858556,0.220394435833,-0.0975178615388,0.573829903976,0.818959125328,0.00243705689959,0.0,0.818919939272,-0.573766938897,-0.0119323004467,0.0,-0.00837392488379,0.0088430355636,-0.999925836302,0.0,0.644920197034,0.239240687566,0.30357136909,1.0,-0.0873514285714,-0.114804734694,1.132
0.451168308816,0.453463173787,-0.124822876384,-1.50322098725,0.0706324093577,1.94756790692,0.138340335213,-0.0745229195534,-0.466241926821,-0.0130844206827,-0.699050133747,-0.0409515029028,0.242872886661,-0.112525098485,0.573876109994,0.818927302467,0.00224288950434,0.0,0.818885449747,-0.573813789791,-0.0120458183433,0.0,-0.00857781374481,0.00874964541083,-0.99992492959,0.0,0.643440379888,0.237303761025,0.303526843995,1.0,-0.09558,-0.125619428571,1.148
0.449730128858,0.445156365318,-0.124932604911,-1.51554568358,0.0697908753394,1.95216114668,0.136413909501,-0.091912546213,-0.497617462208,-0.00406651413158,-0.762861666194,-0.0503642214394,0.269346172533,-0.117627127569,0.573891048699,0.818915497368,0.00268687449941,0.0,0.818880153046,-0.573827774547,-0.011735715061,0.0,-0.00806891107317,0.00893542205942,-0.999927522827,0.0,0.641752549745,0.235016348856,0.303753819372,1.0,-0.104837142857,-0.137785959184,1.166
0.448021955937,0.43584620324,-0.124979526959,-1.52984115608,0.0688442672949,1.95704358452,0.13412681354,-0.0968940640308,-0.534670869619,-0.00527931628848,-0.774962773745,-0.0496384685276,0.282238810946,-0.13331989709,0.573818262755,0.818966788347,0.00259765563901,0.0,0.818929860277,-0.573754859725,-0.0118318126503,0.0,-0.0081996019275,0.00891677962537,-0.999926626093,0.0,0.639881675567,0.232648696501,0.303741459008,1.0,-0.11358,-0.149276571429,1.183
0.446247108103,0.426352281752,-0.125044096989,-1.54410825664,0.0678440651994,1.96214139079,0.131779524406,-0.106504146503,-0.559659727692,-0.00386813730904,-0.868742170216,-0.058579299445,0.299731393735,-0.137521475868,0.573737268863,0.819022745355,0.00283475040036,0.0,0.818989280729,-0.573673451715,-0.0116651511028,0.0,-0.00792795567197,0.00901453568376,-0.999927940236,0.0,0.63794588888,0.230114223256,0.303861912507,1.0,-0.122322857143,-0.160767183673,1.2
0.444254163614,0.416293363291,-0.12513693822,-1.55929766694,0.0667534361572,1.96736621065,0.12926856364,-0.116718946577,-0.608010899923,-0.00809182050593,-0.897069054384,-0.0731572299361,0.329876408167,-0.154037212531,0.573717240853,0.819036657489,0.00286847307407,0.0,0.819003894169,-0.57365361344,-0.0116146469376,0.0,-0.00786746313476,0.00901298734046,-0.999928431981,0.0,0.635832702149,0.227327354579,0.303916330646,1.0,-0.131065714286,-0.172257795918,1.217
0.441977728761,0.405037647815,-0.125219721311,-1.57640733471,0.0655915511012,1.97325498337,0.12643523886,-0.13152247458,-0.639439285983,-0.00674077059415,-0.973931526579,-0.0714785889605,0.335751924007,-0.155704553822,0.573700539249,0.819048277905,0.00289078311555,0.0,0.819015367341,-0.573636338247,-0.0116587479457,0.0,-0.00789097111201,0.00905640014245,-0.999927854493,0.0,0.633400420471,0.224202369707,0.303897823186,1.0,-0.140322857143,-0.184424326531,1.235
0.440005620221,0.395748428215,-0.125328895748,-1.59019744033,0.0646445487093,1.97795531846,0.124065315066,-0.141226910191,-0.664681051547,-0.00809148693831,-0.984283179818,-0.071119934632,0.341871283206,-0.171146401868,0.573740357156,0.819019800527,0.00305218229916,0.0,0.818988824398,-0.573675429882,-0.0115997225085,0.0,-0.00774958962611,0.00915510839215,-0.999928061338,0.0,0.631438001794,0.221579665719,0.30400211528,1.0,-0.147522857143,-0.193887183673,1.249
0.43745562496,0.384169627306,-0.125444134595,-1.60780838037,0.0632929630113,1.98380522728,0.120978774191,-0.154381496207,-0.688962925991,-0.00572232871625,-1.04730450737,-0.081918772032,0.334232514927,-0.198562229545,0.573681052149,0.81906216464,0.00282272243995,0.0,0.819028510745,-0.573617245892,-0.0116747891705,0.0,-0.00794336875227,0.00900966895526,-0.999927861777,0.0,0.6288513073,0.218204470662,0.303901738648,1.0,-0.156265714286,-0.205377795918,1.266
0.434670374564,0.371873959911,-0.125573767992,-1.62601844391,0.0619556370106,1.98989530856,0.117710883925,-0.1736118148,-0.716873535796,-0.00582740269678,-1.08594357225,-0.0722483928433,0.353519843182,-0.190096897275,0.573696693272,0.819050830232,0.00293061889646,0.0,0.819018563365,-0.573632505191,-0.0116227687125,0.0,-0.0078386910233,0.00906834984918,-0.999928157396,0.0,0.626002946183,0.214428725059,0.303974896387,1.0,-0.165522857143,-0.217544326531,1.284
0.431624002018,0.359091177849,-0.125751192858,-1.64485955414,0.0604641085658,1.99617867261,0.114363476026,-0.182215390974,-0.763126122847,-0.00163907455571,-1.13672775798,-0.092398110441,0.370855969862,-0.205730139161,0.573810521462,0.818970714125,0.00303344138929,0.0,0.818940624225,-0.573746979847,-0.0114631589223,0.0,-0.00764771085524,0.00906206405653,-0.999929693285,0.0,0.62336786423,0.210844367709,0.304059341628,1.0,-0.173751428571,-0.228359020408,1.3
0.428303692873,0.345866753006,-0.125933490458,-1.6644225525,0.0590201768257,2.00245624275,0.110643556208,-0.202067160221,-0.798832845883,-0.0144831815477,-1.14688083481,-0.0837679865634,0.382495359476,-0.21776566061,0.573877523695,0.818924000095,0.00296930412101,0.0,0.818892515637,-0.573813511683,-0.0115692931866,0.0,-0.00777069463968,0.00907107289244,-0.999928663426,0.0,0.620369599494,0.20682278183,0.304045460166,1.0,-0.182494285714,-0.239849632653,1.317
0.424820514723,0.332198380438,-0.126051991409,-1.68457550139,0.0574421212778,2.00896139422,0.106830938113,-0.207769242793,-0.83526996238,-0.00940509780916,-1.21242616353,-0.0886283075746,0.373528649667,-0.227000345692,0.573897037186,0.818910422185,0.00294245586975,0.0,0.81887842831,-0.573832922359,-0.0116036100918,0.0,-0.007813989632,0.00906896569602,-0.999928345146,0.0,0.617217652743,0.202699321443,0.304015119942,1.0,-0.191237142857,-0.251340244898,1.334
0.421347719107,0.318785959295,-0.126136623124,-1.70395248729,0.0558083592379,2.0151958182,0.103009477886,-0.22749660106,-0.838014974491,-0.0044932472347,-1.21922294192,-0.106148975383,0.389443623708,-0.23910536747,0.57379300111,0.818982805508,0.00308270345845,0.0,0.818953256104,-0.57372919693,-0.0114507558229,0.0,-0.00760948165555,0.0090951286929,-0.999929684739,0.0,0.614142480684,0.198688879482,0.304111494848,1.0,-0.199465714286,-0.262154938775,1.35
0.417157620249,0.303243055476,-0.126219226807,-1.72638745229,0.0539459698148,2.02222939615,0.0983872003574,-0.242628575762,-0.876086042577,-0.00352945284693,-1.26114011111,-0.112755776289,0.391908542965,-0.268295177525,0.573606330075,0.81911332347,0.00314456888384,0.0,0.819084532878,-0.573542315498,-0.0114231009302,0.0,-0.00755341627509,0.00912820648426,-0.999929808411,0.0,0.610485945841,0.193981932568,0.304156858458,1.0,-0.208722857143,-0.274321469388,1.368
0.412850953651,0.28806979456,-0.126391816038,-1.7481043482,0.0521684495468,2.02887504881,0.0939297870584,-0.255011256158,-0.902354979633,-0.0077024609532,-1.27825697006,-0.102236441909,0.403264025104,-0.272038266921,0.573684401337,0.819058434572,0.00319926882133,0.0,0.819029987391,-0.57361977269,-0.0114447819626,0.0,-0.00753892649194,0.00918616685323,-0.99992938697,0.0,0.606890489338,0.18925520833,0.304208800661,1.0,-0.217465714286,-0.285812081633,1.385
0.408802143488,0.274476044954,-0.126520373308,-1.76769848832,0.0505044203252,2.03468913026,0.0897292797274,-0.280035089846,-0.92228276233,-0.01319995306,-1.29202727369,-0.110732604088,0.392227691218,-0.281034762046,0.573663485718,0.819073804733,0.00300906228586,0.0,0.819042341326,-0.57359879384,-0.0116109311523,0.0,-0.00778436493078,0.00912549235107,-0.999928061938,0.0,0.603557096595,0.184925416565,0.304126161156,1.0,-0.22518,-0.295950857143,1.4
