position_joint1,position_joint2,position_joint3,position_joint4,position_joint5,position_joint6,position_joint7,velocity_joint1,velocity_joint2,velocity_joint3,velocity_joint4,velocity_joint5,velocity_joint6,velocity_joint7,ee_T_00,ee_T_10,ee_T_20,ee_T_30,ee_T_01,ee_T_11,ee_T_21,ee_T_31,ee_T_02,ee_T_12,ee_T_22,ee_T_32,ee_T_03,ee_T_13,ee_T_23,ee_T_33,v_x,v_y,time
0.465064168855,0.547758322241,-0.124002448787,-1.35582626102,0.0795259684854,1.89412107437,0.159152145027,7.33178324058e-05,0.000760792910844,-0.000226148898273,-8.71933859697e-05,-5.49677210059e-05,0.000167697468807,0.000339041407046,0.573824122602,0.818964366311,0.00199748169551,0.0,0.81892170526,-0.573765222439,-0.0118935728603,0.0,-0.00859449230197,0.00846076302337,-0.999927272451,0.0,0.661687553379,0.260882831949,0.303236076407,1.0,0.0,0.0,0.0
0.465066925697,0.547755163462,-0.123999869081,-1.35583127233,0.0795266805622,1.8941196672,0.159151680976,-0.00100268892104,0.000575358038446,-0.000231099719208,-0.00454594050592,0.000514226825938,-0.000546474503956,-0.000951769626299,0.573820129366,0.818967167773,0.00199603229853,0.0,0.818924460811,-0.573761209037,-0.0118974531229,0.0,-0.00859854313151,0.00846176067906,-0.999927229183,0.0,0.661684855351,0.260885614902,0.303235722638,1.0,-0.00028,-0.000368,0.015
0.465060271378,0.547757684837,-0.124003325841,-1.35583268507,0.0795233628193,1.89412107583,0.159150244894,-0.00128425625513,0.00134913934441,0.000342394263938,-0.000641880977318,-0.00074038972488,0.000513148027506,-0.00123048571908,0.573826030524,0.818963044969,0.00199112272141,0.0,0.818920322443,-0.573767177229,-0.0118944830022,0.0,-0.00859886670925,0.00845609763339,-0.999927274308,0.0,0.661687461414,0.260878567825,0.30323349473,1.0,-0.00064,-0.000841142857143,0.033
0.465065864948,0.547713383479,-0.124001291762,-1.35585926054,0.0795240357052,1.89412349087,0.159159582248,0.000404537521733,-0.00577028970476,-0.000592347201646,-0.00436748612446,-0.000556769260048,0.000442306122489,0.00115799178454,0.573829242338,0.818960746065,0.00201095569651,0.0,0.818918243046,-0.573770269166,-0.0118884956422,0.0,-0.00858254991013,0.00846893780601,-0.999927305823,0.0,0.661681061173,0.260881150883,0.303252373107,1.0,-0.00094,-0.00123542857143,0.048
0.465062756242,0.547618069546,-0.123998141685,-1.35598084294,0.0795217018167,1.89415154826,0.15914854623,0.000671287041243,-0.00667958581056,-0.000141456022967,-0.0100480219057,-1.42152829068e-05,0.00410116264272,-0.00338817680465,0.573826596036,0.818962585152,0.00201710286483,0.0,0.818920078171,-0.573767515095,-0.0118950027719,0.0,-0.00858437939794,0.00847767820777,-0.999927216053,0.0,0.661661521929,0.260869264172,0.303264353544,1.0,-0.00128,-0.00168228571429,0.065
0.465053443303,0.547473847879,-0.124003773522,-1.35617649623,0.0795232048197,1.89418631111,0.159152395905,-0.000415344539007,-0.00780699492184,-0.000659174090771,-0.0143211481071,0.000187329611467,-0.000126705886071,0.00140388210927,0.57385237669,0.818944536879,0.00201051843835,0.0,0.818901803237,-0.573793180596,-0.0119150937248,0.0,-0.00860434480321,0.00848408537197,-0.999926990108,0.0,0.661631043969,0.26084111321,0.303276601685,1.0,-0.00164,-0.00215542857143,0.083
0.465026642979,0.547329862891,-0.124001754557,-1.35636361701,0.079516542771,1.89428202566,0.159141241924,-0.00138504948941,-0.00552140810956,0.000542800275821,-0.0103719715917,0.000137319103913,0.0087986007653,8.38994696895e-05,0.573872638077,0.818930221729,0.00205769451283,0.0,0.81888808891,-0.573813232651,-0.011891962721,0.0,-0.00855812009803,0.00850965738307,-0.999927169504,0.0,0.661617937131,0.260809658978,0.303297765088,1.0,-0.00194,-0.00254971428571,0.098
0.46500568753,0.547126731203,-0.123995270159,-1.35660003754,0.0795172352374,1.89441436783,0.159128503743,-0.0045721053905,-0.0107413407046,0.00120672150383,-0.0116537261196,-2.16229002406e-05,0.0133113567674,-0.00453120845506,0.573888475406,0.818918883072,0.00215119627036,0.0,0.818877866249,-0.573828590279,-0.0118547900304,0.0,-0.00847385663554,0.00856505929252,-0.999927414122,0.0,0.661599426621,0.260783268205,0.30334040071,1.0,-0.0023,-0.00302285714286,0.116
0.464979699919,0.546912862106,-0.124001755317,-1.35688138423,0.0795116150509,1.89454189557,0.159116963547,-0.0063142470303,-0.00976284976034,-0.00017505859406,-0.0176480757172,-0.00123479790167,0.00932378785518,-0.00059755040505,0.573919200309,0.81889720326,0.00220656095807,0.0,0.818856874121,-0.573859059622,-0.0118298899239,0.0,-0.0084213709146,0.00859642408133,-0.999927588381,0.0,0.66157456262,0.260739491435,0.303369247798,1.0,-0.00264,-0.00346971428571,0.133
0.464944171343,0.546686323867,-0.123996254576,-1.35722024636,0.0795085972154,1.89466447421,0.159088790409,-0.00146855774312,-0.00959006392974,0.00105467641721,-0.0211445056978,0.000691518917891,0.0132170982779,-0.0028495315727,0.573939513837,0.818882912822,0.00222630781383,0.0,0.818842655167,-0.57387910365,-0.0118417639754,0.0,-0.00841954874687,0.00861961801486,-0.999927404057,0.0,0.661535419365,0.26068975733,0.303378858655,1.0,-0.00296,-0.00389028571429,0.149
0.464906607518,0.546409269234,-0.124001345435,-1.35763352858,0.079498308073,1.89481152631,0.15894936451,-0.00348265337197,-0.0121863195258,0.000552798719475,-0.0226251762203,1.126166693e-05,0.00883692135104,-0.0126810323099,0.573880001069,0.81892457331,0.00224376983071,0.0,0.818884421168,-0.573819405054,-0.0118466051087,0.0,-0.00841411936233,0.00863608418287,-0.999927307681,0.0,0.661488760133,0.260624859615,0.30339127123,1.0,-0.0033,-0.00433714285714,0.166
0.464861414712,0.546119390159,-0.124001345435,-1.35811738088,0.0794880427042,1.89498245482,0.158918919792,-0.00256661707113,-0.0174740571072,-0.000549026581015,-0.0266445807551,0.000584499111886,0.0115688486993,-9.94839266292e-06,0.57391641307,0.818899082966,0.00223374746039,0.0,0.818858618041,-0.573855665086,-0.011873761389,0.0,-0.00844172620767,0.00864383632512,-0.999927008012,0.0,0.661431784893,0.26055127538,0.303381064098,1.0,-0.00364,-0.004784,0.183
0.464816533924,0.545818799651,-0.124007000329,-1.35862991292,0.0794662562461,1.89515654972,0.158878041905,-0.00340854498777,-0.0209509301407,-0.000127363726315,-0.0357725810252,0.00037473008527,0.0146298505514,-0.00321621250544,0.57394647555,0.81887809249,0.00220448291797,0.0,0.81883716598,-0.573885758203,-0.011898699181,0.0,-0.00847862597746,0.00863449524436,-0.999926776516,0.0,0.661370956085,0.260469708183,0.303365212231,1.0,-0.00396,-0.00520457142857,0.199
0.464760875708,0.54546276342,-0.124003510216,-1.35924378959,0.079369933167,1.89536504641,0.158797292456,-0.00306261872901,-0.0211270167964,-0.000681354616999,-0.0378242311549,-0.00723383865059,0.0081470358467,-0.00991266960631,0.573932146811,0.818888332211,0.00213005322706,0.0,0.81884691372,-0.573872213271,-0.0118811458868,0.0,-0.00850711716856,0.00856332394693,-0.999927146566,0.0,0.661299999436,0.260365272468,0.303342903522,1.0,-0.0043,-0.00565142857143,0.216
0.464692819375,0.54504101402,-0.124004534608,-1.3599853239,0.0793160295402,1.89558937176,0.158670470632,-0.00474752980472,-0.0252717869516,-0.000654047051734,-0.0386755169464,-0.000958714212538,0.0152911703462,-0.00628911638925,0.57391157527,0.818902968916,0.00204405823555,0.0,0.818860434342,-0.573851998362,-0.011925600474,0.0,-0.00859308817461,0.00851820257045,-0.999926796851,0.0,0.661206399584,0.260243678061,0.303307926288,1.0,-0.00466,-0.00612457142857,0.234
0.464640536197,0.54466787758,-0.124004425536,-1.36062343127,0.0793046700854,1.89580426243,0.158622375966,0.000234484931707,-0.025029998919,0.000262187501041,-0.0470963745137,-0.000841266340685,0.0130746557983,-0.00478737936007,0.573955782408,0.818872062569,0.00201292948434,0.0,0.818828825299,-0.573896036148,-0.011976704664,0.0,-0.00865234318327,0.00852250766583,-0.999926249191,0.0,0.661122315807,0.260141546643,0.303284830576,1.0,-0.00498,-0.00654514285714,0.25
0.464558749645,0.544179850725,-0.124007739351,-1.36143306202,0.0792768396254,1.89609286186,0.158516999243,-0.00714020922773,-0.0274235586553,-0.000865834415421,-0.0476961776249,0.000140866697568,0.0180933715686,-0.00350481863038,0.573968172301,0.818863415919,0.00199753744383,0.0,0.818819790212,-0.573908304981,-0.0120064787701,0.0,-0.00868543011174,0.00852712403968,-0.999925922986,0.0,0.661034350055,0.260020459493,0.30327210185,1.0,-0.00532,-0.006992,0.267
0.464493420815,0.543667203203,-0.124008769221,-1.36225671159,0.0792445659232,1.89638339817,0.158405346138,-0.00356269429143,-0.027942555644,-0.000495408579381,-0.0488603113454,-0.00167460019934,0.0114391908082,-0.00836979713459,0.573968198872,0.818863417188,0.0019893658341,0.0,0.818819499918,-0.573908185041,-0.0120319823154,0.0,-0.00871100453295,0.00853507108243,-0.999925632716,0.0,0.660935252891,0.259900133935,0.303268025833,1.0,-0.00566,-0.00743885714286,0.284
0.464414467736,0.543156001972,-0.124009052266,-1.36305664128,0.0792047359093,1.89666161291,0.158303951593,-0.00680486900186,-0.0356665895407,-0.00094729317994,-0.0464046824018,-0.000511396958007,0.0187042519345,-0.00401332319317,0.573983830413,0.818852470019,0.00198536372924,0.0,0.818808392373,-0.573923725914,-0.012046589296,0.0,-0.00872510003675,0.00854034437903,-0.999925464796,0.0,0.660842799231,0.25977198268,0.30327304689,1.0,-0.00598,-0.00785942857143,0.3
0.464336023739,0.542590476462,-0.124017316065,-1.36395573443,0.079141364091,1.89697917326,0.158180233662,-0.00566154810949,-0.03120531459,0.000784184342339,-0.0518316862272,-0.00158990443956,0.0152000893219,-0.0101133713856,0.573985578182,0.818851294627,0.00196474611164,0.0,0.818807041384,-0.573925653783,-0.0120465684329,0.0,-0.00873689817283,0.008523468601,-0.999925505772,0.0,0.660739662677,0.259627353037,0.303272873005,1.0,-0.00632,-0.00830628571429,0.317
0.464260668724,0.541993883469,-0.124022255696,-1.36488443849,0.0790874229056,1.89732590525,0.158063827278,-0.000232212871964,-0.0355506722617,-0.00162174184515,-0.0523084183337,0.000121478718068,0.0199145276675,-0.00446820302813,0.573992669897,0.818846294861,0.00197666365491,0.0,0.818802199509,-0.573932695515,-0.0120401826531,0.0,-0.00872475503392,0.00852963735738,-0.999925559197,0.0,0.66063410676,0.259487098126,0.303282942465,1.0,-0.00666,-0.00875314285714,0.334
0.464171030076,0.541395766835,-0.124018028977,-1.36580376956,0.0790249903838,1.89766472732,0.157942319436,-0.00507915262262,-0.0354020483295,0.000504759587237,-0.0580028222426,-0.00330086589971,0.0244529985935,-0.00427833170359,0.573997954999,0.818842560568,0.00198885922784,0.0,0.81879865773,-0.573937960226,-0.0120300794566,0.0,-0.00870942694116,0.0085338805764,-0.999925656619,0.0,0.660531103907,0.259341953256,0.303297464529,1.0,-0.00698,-0.00917371428571,0.35
0.464088916036,0.540655703328,-0.12402370317,-1.36692044702,0.0789678158308,1.89807139059,0.157804768144,-0.000271077245927,-0.0443660786653,0.00104958810543,-0.0603193327344,-0.006428159516,0.0198482415473,-0.0136936185153,0.574003113549,0.81883887025,0.00201918411621,0.0,0.818795282362,-0.573942909206,-0.0120237038791,0.0,-0.00868674694147,0.00855510660385,-0.999925672527,0.0,0.660399668311,0.259179940279,0.303324537815,1.0,-0.00734,-0.00964685714286,0.368
0.463989097992,0.539966523843,-0.124028652227,-1.36796314063,0.0789120821764,1.89845679265,0.15766767682,-0.0014862624249,-0.0391492175355,-0.000310057523538,-0.0708103141475,9.469263434e-05,0.0240042823078,-0.00943227875533,0.574017580014,0.818828679169,0.0020393396899,0.0,0.818785264147,-0.573957199141,-0.0120237960226,0.0,-0.00867510234183,0.00857181661616,-0.999925630514,0.0,0.660272799907,0.259007253961,0.303340197777,1.0,-0.00768,-0.0100937142857,0.385
0.463901252748,0.539252188362,-0.12403010462,-1.36904312463,0.0788362399785,1.89887165852,0.157534761282,-0.00554963471186,-0.0521062508124,0.000949963177656,-0.0654566586045,-0.00472814101338,0.0227756529795,-0.0114930668299,0.574026262129,0.818822508337,0.00207295155234,0.0,0.81877968986,-0.573965895008,-0.0119882334912,0.0,-0.00862659801353,0.00857901666229,-0.999925988401,0.0,0.660153845029,0.258839742011,0.303369576331,1.0,-0.008,-0.0105142857143,0.401
0.463779252804,0.538403290111,-0.124040979264,-1.37037565954,0.0787676844846,1.89938027129,0.157367195677,-0.00859437199018,-0.0549261622778,0.000650473988511,-0.0716025233396,-0.000767858296089,0.0296725058285,-0.00750205124327,0.574044010844,0.818809956285,0.002115656887,0.0,0.818767595786,-0.573983364603,-0.0119778191475,0.0,-0.0085933711632,0.00860819238183,-0.999926023762,0.0,0.660022658086,0.258657197512,0.303387759713,1.0,-0.00834,-0.0109611428571,0.418
0.463679168671,0.537665397044,-0.124039194804,-1.37152821436,0.0787041860326,1.89983411461,0.157222462304,-0.00827022346238,-0.0487093215954,-0.000498234289943,-0.074761552072,-0.00659011694738,0.0252457890169,-0.00804613520469,0.574057235882,0.818800610672,0.00214401385971,0.0,0.818758644366,-0.573996495266,-0.0119604598287,0.0,-0.00856274022965,0.00862158438262,-0.999926171156,0.0,0.65988834301,0.258469707562,0.303397220324,1.0,-0.00868,-0.011408,0.435
0.463577026928,0.536886801366,-0.124047080357,-1.37275206305,0.0786317061244,1.90027646518,0.157069255814,-0.00363280405573,-0.0498477911028,-0.000951556204064,-0.0823941547119,-0.00721561414471,0.0314425993479,-0.00733087310812,0.57406891946,0.818792429101,0.00214024700839,0.0,0.81875041109,-0.574008190278,-0.0119628063233,0.0,-0.00856670087187,0.00861996937883,-0.999926151155,0.0,0.659745598333,0.258280970838,0.303403021833,1.0,-0.009,-0.0118285714286,0.451
0.463454746568,0.535989730022,-0.124050783021,-1.37415970837,0.0785553840066,1.90080134724,0.156903779204,-0.00161937141734,-0.0485471221701,-0.00219915940334,-0.0858994648462,-0.00040850177919,0.0159218350421,-0.0111091774752,0.574093187788,0.818775373915,0.00215539026782,0.0,0.818733484984,-0.574032324318,-0.011963197989,0.0,-0.00855807299088,0.00863284686419,-0.999926113941,0.0,0.65958396953,0.258066101202,0.303411854319,1.0,-0.00936,-0.0123017142857,0.469
0.463339861299,0.535083673806,-0.124049247255,-1.37556727132,0.0784716588675,1.90131101333,0.156743948449,-0.00581582680284,-0.0632874777066,0.000826002604843,-0.0838307218874,-0.00869518482244,0.0319862735109,-0.0141966145858,0.574110073656,0.818763512991,0.00216333601182,0.0,0.818721678839,-0.57404912609,-0.0119649628246,0.0,-0.00855477855403,0.0086405421372,-0.999926075665,0.0,0.659416516221,0.257857075982,0.303425374742,1.0,-0.0097,-0.0127485714286,0.486
0.4632165693,0.534249889747,-0.124049278058,-1.37695841418,0.0783992279799,1.90181540199,0.156579599094,-0.00766274690739,-0.0516873359672,0.000818480075756,-0.0890682844874,-0.000918408933941,0.0319383762792,-0.00990419302512,0.57413338435,0.818747273116,0.00212288515914,0.0,0.81870476562,-0.574072454928,-0.012002922336,0.0,-0.00860883578391,0.00862946076335,-0.999925707417,0.0,0.659251473039,0.257644075444,0.30339519029,1.0,-0.01002,-0.0131691428571,0.502
0.463095113259,0.533323517081,-0.124055339655,-1.37843804148,0.0783074332507,1.90235611611,0.15637925909,-0.00909237253868,-0.0536299143325,0.000605641500168,-0.0861255874722,-0.00244756925238,0.0303855113563,-0.0117631412911,0.574129400851,0.818750102849,0.00210880649126,0.0,0.818707429915,-0.574068549164,-0.0120079958407,0.0,-0.00862111432988,0.00862080497732,-0.999925676293,0.0,0.659077154731,0.25741885817,0.303391330594,1.0,-0.01036,-0.013616,0.519
0.462962707126,0.532380397452,-0.124057798492,-1.37997116841,0.0782293026035,1.90294342556,0.156191012447,-0.00345465468099,-0.0569933957,4.19106531355e-05,-0.0959995827159,-0.00544732459814,0.0441743104431,-0.0059593931913,0.574148451558,0.818736736816,0.00211145981355,0.0,0.818693983518,-0.57408747132,-0.0120201300324,0.0,-0.00862932555492,0.00863014464844,-0.999925524899,0.0,0.658900967507,0.25718775595,0.303377588674,1.0,-0.0107,-0.0140628571429,0.536
0.462838648446,0.531465525964,-0.124055372196,-1.38143940299,0.0781450473104,1.90347708499,0.155992051395,-0.0070023634993,-0.0572457247879,0.00107932054665,-0.0960362777221,-0.00387752417824,0.0378531746115,-0.0161145788939,0.574142847416,0.818740703444,0.0020971853556,0.0,0.818697671471,-0.574081835943,-0.0120380757862,0.0,-0.00865227320116,0.00862870200585,-0.999925339048,0.0,0.65872513354,0.256967738109,0.303369788478,1.0,-0.01102,-0.0144834285714,0.552
0.462699817045,0.530453245371,-0.124061569054,-1.38308479518,0.0780401760839,1.90405320784,0.15579730002,-0.00275207262938,-0.0588613434236,-0.00117965022836,-0.0998911548221,-0.00318889164943,0.0387633764905,-0.0166426504187,0.574162637129,0.818726960474,0.00204382490935,0.0,0.818683232623,-0.574101851807,-0.0120654579652,0.0,-0.00870511966189,0.00860094594205,-0.999925119507,0.0,0.658525469559,0.256712816706,0.303350056392,1.0,-0.01136,-0.0149302857143,0.569
0.462557603829,0.529403048697,-0.124056358263,-1.38472142271,0.077937539266,1.90466277987,0.1555665752,-0.00949504190549,-0.0605774973555,7.47675854631e-05,-0.096076236193,-0.00801984740347,0.0337349405291,-0.00911204439693,0.574147802893,0.818737316528,0.00206248863579,0.0,0.818693822516,-0.5740869296,-0.0120569124107,0.0,-0.00868756360701,0.00861116226696,-0.999925184263,0.0,0.658333215884,0.256466486832,0.303363481716,1.0,-0.0117,-0.0153771428571,0.586
0.462421050649,0.528293770311,-0.124059554412,-1.38642779366,0.0778293803777,1.90531245948,0.155324213793,-0.00694029033867,-0.0645310769942,0.000610909377403,-0.101937834235,-0.00429029018025,0.0386447145635,-0.0169226534841,0.574126903625,0.818751868131,0.0021032991825,0.0,0.818708973028,-0.574065925251,-0.0120282106072,0.0,-0.00864085387681,0.00862787533906,-0.999925444926,0.0,0.658134501931,0.256213343302,0.303388798072,1.0,-0.01204,-0.015824,0.603
0.462269618399,0.527171581245,-0.124068062816,-1.3881765014,0.0777233893048,1.90598770092,0.155082460673,-0.00719245544122,-0.0685580558274,-0.000599500349691,-0.103171973037,-0.00907612525576,0.0328736623792,-0.0170248654795,0.574125216318,0.818752952859,0.00214127843343,0.0,0.818710614304,-0.574064139812,-0.0120016794215,0.0,-0.00859734482918,0.0086437205941,-0.999925683117,0.0,0.657935701724,0.25594456264,0.303405180681,1.0,-0.01238,-0.0162708571429,0.62
0.462124291044,0.52599819055,-0.12406806688,-1.38999540863,0.0776041263552,1.90665734824,0.154839168394,-0.00475780125912,-0.0728826771671,-0.00056268717572,-0.108496908274,-0.00831736328813,0.0443111059447,-0.0136978351385,0.574110968928,0.818762902344,0.00215685032984,0.0,0.818720818638,-0.574049881543,-0.0119875572651,0.0,-0.00857699263569,0.00864821288914,-0.999925819054,0.0,0.65771734347,0.255674624486,0.303423100006,1.0,-0.01272,-0.0167177142857,0.637
0.461982787373,0.524972506286,-0.124074307611,-1.391616902,0.0775030473475,1.90724507959,0.154619970257,-0.00940035310324,-0.0679070937499,-0.000989371050477,-0.108501335171,-0.00597089110228,0.0395342827133,-0.014891180421,0.574109324775,0.818764077993,0.00214818438166,0.0,0.818721890584,-0.574048282965,-0.011990896737,0.0,-0.00858471923781,0.00864301761225,-0.999925797668,0.0,0.657510239069,0.255405510338,0.303427938546,1.0,-0.01304,-0.0171382857143,0.653
0.46181967757,0.523710422449,-0.124080461859,-1.39361834892,0.0773778219597,1.90796452778,0.154359092462,-0.00766420132408,-0.068708954855,0.000983879962865,-0.109790018724,-0.00504803704673,0.0367650601535,-0.0134492522685,0.574109737715,0.818763845721,0.00212624142114,0.0,0.818721372118,-0.574048787334,-0.0120021455519,0.0,-0.00860652224177,0.00863151411195,-0.99992570961,0.0,0.657280141368,0.255119258592,0.303421275868,1.0,-0.01338,-0.0175851428571,0.67
0.461665643681,0.522491067933,-0.124081111677,-1.39555174935,0.077263444683,1.90871254328,0.154082790995,-0.0105717572466,-0.0709995884262,0.00103474566438,-0.114108433649,-0.00577230754052,0.0470931478918,-0.0223197127315,0.574083142595,0.818782419333,0.00215454888796,0.0,0.81874030536,-0.574022068027,-0.0119885236136,0.0,-0.00857939894023,0.00864659179928,-0.99992581243,0.0,0.657052054837,0.25483640858,0.303422952274,1.0,-0.01372,-0.018032,0.687
0.461510535619,0.521333247154,-0.124087218368,-1.3974331354,0.0771526405483,1.90943639023,0.15384046345,-0.00919145125843,-0.0770392795382,-0.000662773380676,-0.123362457883,-0.00446160540294,0.0491103914338,-0.0140411039374,0.574087057323,0.818779680516,0.00215227559527,0.0,0.818737538795,-0.574025993611,-0.0119895007223,0.0,-0.00858146265363,0.00864533246158,-0.99992580561,0.0,0.656830463429,0.254554015565,0.303403936366,1.0,-0.01404,-0.0184525714286,0.703
0.46134807643,0.52004379291,-0.124092546847,-1.39945530909,0.077017723756,1.91017680439,0.153566657849,-0.00924248905445,-0.0741753208013,-0.000675940760623,-0.119870736606,-0.00558189122725,0.0447079151058,-0.0102311837447,0.574070967343,0.818790965706,0.00215077495441,0.0,0.818748892631,-0.574010000761,-0.0119798473934,0.0,-0.00857458957044,0.00863839350981,-0.999925924542,0.0,0.656584778218,0.254249588721,0.303411374273,1.0,-0.01438,-0.0188994285714,0.72
0.461163535515,0.518612802395,-0.124090027308,-1.40166638444,0.0768750985003,1.91096187416,0.153270134867,-0.00944476240779,-0.0822304412789,0.00176155777858,-0.123512813131,-0.00783798408338,0.0397183072077,-0.015091742359,0.574056240638,0.818801285933,0.00215258908859,0.0,0.818759215669,-0.573995247402,-0.011981219409,0.0,-0.00857482704471,0.00864051228269,-0.999925904199,0.0,0.656310581577,0.253916534378,0.303431462365,1.0,-0.01474,-0.0193725714286,0.738
0.461006340077,0.51744242246,-0.124094003577,-1.40353728914,0.0767565403404,1.91163348101,0.153003521664,-0.00937499541193,-0.078084820618,0.000821399850463,-0.120908481539,-0.00819616833556,0.0447129687579,-0.0177775464916,0.574036549249,0.818815164554,0.00212445832542,0.0,0.818772719304,-0.573975667327,-0.0119964303354,0.0,-0.00860363734077,0.00862600407051,-0.999925781985,0.0,0.656079835729,0.253630819135,0.30342059712,1.0,-0.01504,-0.0197668571429,0.753
0.46080911178,0.516001316461,-0.124102488724,-1.4058137959,0.0766168968724,1.91248064251,0.152701037536,-0.00898097473602,-0.0802632801158,-0.00136668187009,-0.128329453715,-0.0120350884743,0.05493655527,-0.0221217715321,0.574039133761,0.818813336155,0.00213080885399,0.0,0.818770990494,-0.573978241843,-0.011991243388,0.0,-0.00859571757766,0.00862825356372,-0.999925830689,0.0,0.655806771688,0.253280153148,0.303421584976,1.0,-0.0154,-0.02024,0.771
0.460615843824,0.514612795934,-0.124105397008,-1.40803256889,0.0764809851303,1.91330911584,0.152390541817,-0.0122073368745,-0.0853534642057,-0.00160458571066,-0.131673585149,-0.000654963863715,0.0465919058205,-0.0149415779962,0.574025594509,0.818822838298,0.00212678912146,0.0,0.818780426454,-0.573964707257,-0.0119947897574,0.0,-0.0086010714957,0.00862685571903,-0.999925796712,0.0,0.655538935966,0.252940896725,0.303410947478,1.0,-0.01574,-0.0206868571429,0.788
0.46042730568,0.513309095294,-0.124106385169,-1.41016438429,0.0763509497951,1.91404139184,0.152097895456,-0.0155731082836,-0.0824201904355,-0.00122225561446,-0.135134640132,-0.00892872711829,0.0473613029378,-0.0244037375986,0.574017710071,0.818828572419,0.00204558475189,0.0,0.818784967762,-0.573957034578,-0.0120518017661,0.0,-0.00869444927209,0.00859300713913,-0.999925280599,0.0,0.655267513596,0.252609629496,0.30337346839,1.0,-0.01606,-0.0211074285714,0.804
0.460238222875,0.511869684226,-0.124112080789,-1.41244804693,0.0762096950595,1.91485786068,0.151775447271,-0.0141881657195,-0.0880395402953,-0.000501625904713,-0.134837354833,-0.0117682355847,0.0504382437186,-0.0222494117306,0.573993913705,0.818845317071,0.00202005975657,0.0,0.818801332147,-0.573933304718,-0.0120700915668,0.0,-0.00872432635457,0.00858235195375,-0.999925111878,0.0,0.654981328029,0.252262961063,0.303365773497,1.0,-0.0164,-0.0215542857143,0.821
0.460019934649,0.510324963747,-0.124110349094,-1.41490483591,0.0760558535622,1.91580160123,0.151416495959,-0.014247420639,-0.0863692061122,0.0009291153203,-0.140005966371,-0.00657054705145,0.0499885581187,-0.0169346753549,0.573964521557,0.81886586279,0.00204295190198,0.0,0.818822203835,-0.573903844395,-0.0120549904934,0.0,-0.00869912972605,0.00859211665451,-0.999925247543,0.0,0.65468748982,0.251888945394,0.303359732998,1.0,-0.01676,-0.0220274285714,0.839
0.459829502524,0.508897949171,-0.124123792309,-1.41715010515,0.0759126108691,1.91661961264,0.151112561726,-0.00767095831658,-0.0945085885234,-0.00337185152129,-0.144728035048,-0.0170281847193,0.0474255492355,-0.0364244785809,0.573959242478,0.818869579684,0.00203625725431,0.0,0.818825889124,-0.573898649787,-0.0120519696796,0.0,-0.00870055356967,0.0085848448293,-0.999925297613,0.0,0.654410796779,0.251541179165,0.303361023254,1.0,-0.01708,-0.022448,0.855
0.459613051161,0.507393847772,-0.12413055721,-1.41953382497,0.0757666937346,1.91746848402,0.150786690401,-0.0130125919976,-0.0877228723271,-0.00123254625146,-0.144101699268,-0.0164544136301,0.0496568572669,-0.014339442767,0.573958573736,0.818870115525,0.00200908815049,0.0,0.818826002732,-0.573898031828,-0.0120736578993,0.0,-0.00873391405837,0.0085750381831,-0.999925090927,0.0,0.654113434192,0.251166630773,0.303352350103,1.0,-0.01742,-0.0228948571429,0.872
0.459398915669,0.505828045838,-0.124137533157,-1.42197494631,0.0756178873282,1.91838680185,0.150452905651,-0.0134893595945,-0.0941200745182,0.000739617937833,-0.147207623569,-0.00600042737755,0.053791949058,-0.0181033773202,0.573951757844,0.818874807686,0.00204350351238,0.0,0.818831150351,-0.573891074416,-0.0120552403857,0.0,-0.00869915171179,0.00859257617612,-0.999925243403,0.0,0.653816456785,0.250791736733,0.303364960488,1.0,-0.01776,-0.0233417142857,0.889
0.45919509127,0.504287950033,-0.124141448691,-1.42430144598,0.0754731188729,1.91927504406,0.150122962106,-0.0104987837221,-0.0928653035902,0.00120596052312,-0.147578779754,-0.0123780080305,0.0492806717596,-0.0198071977271,0.57393217002,0.818888321379,0.00212796288903,0.0,0.818845815641,-0.573871180166,-0.0120060686045,0.0,-0.00861061857256,0.00863330873308,-0.999925658851,0.0,0.653535818518,0.250437314782,0.30341081866,1.0,-0.01808,-0.0237622857143,0.905
0.458966480606,0.50261015309,-0.124147951693,-1.42677163674,0.0753095239839,1.92022132677,0.149782968359,-0.00884684052815,-0.0955983820684,0.000861283138871,-0.152317356486,-0.0112515922292,0.0517152633779,-0.0160682702742,0.573928178757,0.818890788472,0.00225146311089,0.0,0.818850059637,-0.573866851754,-0.0119232206846,0.0,-0.00847193865134,0.00868685028385,-0.999926379734,0.0,0.653242688444,0.250050944049,0.30348889702,1.0,-0.01842,-0.0242091428571,0.922
0.458735591004,0.500895487783,-0.124151186094,-1.42933380565,0.0751479245402,1.92111726006,0.149424414608,-0.0135394195658,-0.0969380591929,0.0015316092707,-0.150382963885,-0.00907977351037,0.0431238973259,-0.0136121313793,0.573912871754,0.818901399242,0.00229365525532,0.0,0.818861163896,-0.573851320107,-0.01190813066,0.0,-0.00843553017381,0.00871258242047,-0.999926463665,0.0,0.652916919286,0.24965170106,0.303543840137,1.0,-0.01876,-0.024656,0.939
0.458509048916,0.499295862393,-0.12415424679,-1.43178731759,0.0749875750207,1.92201513697,0.149079267782,-0.0139606016957,-0.0965942646661,7.10173415051e-05,-0.152133889705,-0.0102380483745,0.058578167789,-0.0204276631695,0.573899471882,0.818910698746,0.00232605975484,0.0,0.818870929337,-0.573837839137,-0.0118862257546,0.0,-0.00839913804418,0.0087264094068,-0.999926649439,0.0,0.652612417597,0.249267161758,0.303569834833,1.0,-0.01908,-0.0250765714286,0.955
0.45825123287,0.497517063004,-0.124154325745,-1.4345866961,0.0748234077043,1.92305269828,0.148673317813,-0.016315306776,-0.0964318165833,0.000113516503058,-0.156168191515,-0.00583968871236,0.0476190224886,-0.0141791125848,0.573876268204,0.818926907377,0.0023443691708,0.0,0.818887251913,-0.573814436819,-0.0118914950336,0.0,-0.00839319397151,0.00874418917373,-0.999926544027,0.0,0.652263182087,0.248834214262,0.303567645352,1.0,-0.01944,-0.0255497142857,0.973
0.458006235345,0.495955261705,-0.124149036035,-1.43711807439,0.0746652600796,1.92393453802,0.148299384745,-0.0133728121032,-0.09897798629,0.000307144801437,-0.162299849712,-0.00541095769505,0.0528425531576,-0.0187820023713,0.573854484585,0.818942402957,0.00226231346432,0.0,0.818901527241,-0.573792827433,-0.0119510154371,0.0,-0.00848925750515,0.00871092346725,-0.999926023423,0.0,0.651914304718,0.248405746449,0.303524319782,1.0,-0.01978,-0.0259965714286,0.99
0.457736160489,0.494272540627,-0.124156748301,-1.43986538107,0.0744935969889,1.92489077848,0.147908946778,-0.0157183055931,-0.100242164676,0.00177833498722,-0.163990547662,-0.0155469297615,0.0595494666544,-0.0262727888438,0.573850787167,0.818945227478,0.00217608831586,0.0,0.81890310685,-0.573789362287,-0.01200900573,0.0,-0.00858626691457,0.00867354986663,-0.999925520003,0.0,0.651583071158,0.247985584075,0.303475156896,1.0,-0.0227257142857,-0.0298680816327,1.006
0.45742378894,0.492011547495,-0.124233892732,-1.44330430199,0.0742949483642,1.92617062546,0.147410223922,-0.0178366666849,-0.146948359331,-0.00461370597161,-0.223870517918,-0.0157977255518,0.0802050487603,-0.0397689407708,0.573872948845,0.818929487718,0.00225380364405,0.0,0.818888572605,-0.573811397174,-0.0119470930111,0.0,-0.00849073201422,0.00870189508383,-0.999926089515,0.0,0.651168117548,0.247413715384,0.303525291022,1.0,-0.0320611428571,-0.0421375020408,1.023
0.457026943879,0.489058275904,-0.124252600394,-1.44801421797,0.0740450138063,1.92793070517,0.146706313467,-0.0276232115198,-0.190554194425,-0.000151008340601,-0.301326549221,-0.0204034256985,0.102861158546,-0.046554594321,0.57380364684,0.818977994411,0.00227298145316,0.0,0.818936958833,-0.573741645888,-0.011980322736,0.0,-0.00850768036594,0.00873594958908,-0.999925648516,0.0,0.650565808287,0.246704033602,0.303490688339,1.0,-0.0413965714286,-0.054406922449,1.04
0.456482793835,0.485508729339,-0.124317514174,-1.45360672835,0.0737149302045,1.93004542894,0.145882854104,-0.0360805808758,-0.241886081486,-0.00524563151785,-0.37139460455,-0.0253455651123,0.138006997681,-0.0607122613611,0.573810530672,0.818973024135,0.00232540993058,0.0,0.818932767039,-0.573748414461,-0.0119426493502,0.0,-0.00844667001844,0.00875734095616,-0.999925978633,0.0,0.649881043822,0.245786264541,0.30348006443,1.0,-0.0501828571429,-0.0659546122449,1.056
0.455790475912,0.480970066323,-0.124435527089,-1.46075798332,0.0732817928434,1.93255580764,0.144781709314,-0.0415108267136,-0.282139009246,-0.00679936612251,-0.451324895509,-0.0305163625309,0.162785060476,-0.0665250239415,0.573794813908,0.818984316637,0.0022243058374,0.0,0.818942778305,-0.573733148927,-0.01198943641,0.0,-0.00854316687523,0.0087012231615,-0.999925648744,0.0,0.648966072723,0.244580851611,0.303446302382,1.0,-0.0595182857143,-0.0782240326531,1.073
0.454941653013,0.475606727644,-0.124554020231,-1.46912616644,0.0727794928414,1.93551447695,0.14356495431,-0.0487991516573,-0.334779142496,-0.00862678980539,-0.519735106136,-0.0358357131793,0.188949655412,-0.0680079052368,0.573858176332,0.818940045249,0.00217776168838,0.0,0.818897882967,-0.573796679392,-0.0120156103468,0.0,-0.00859063745222,0.00867878777092,-0.999925437016,0.0,0.64782846486,0.243069903773,0.303437095006,1.0,-0.0694028571429,-0.0912151836735,1.091
0.454009987082,0.469886984652,-0.124651063816,-1.47795217666,0.0722674480351,1.93870562873,0.142255919575,-0.0613199363188,-0.379268004414,-0.00560393230896,-0.563521020127,-0.0325743966714,0.203429923643,-0.0866070052225,0.573896770952,0.818912790152,0.0022550650957,0.0,0.818871363668,-0.573834670569,-0.0120086434981,0.0,-0.00854016164128,0.00873849820034,-0.999925349358,0.0,0.646768131133,0.241665907572,0.303470577765,1.0,-0.07764,-0.102041142857,1.106
0.452795375058,0.462618731574,-0.124696971197,-1.48901593543,0.0715707182275,1.94278794694,0.140456243811,-0.0721624869084,-0.406843533169,-0.000763057633664,-0.64526250477,-0.0411395885063,0.226687752975,-0.106801636263,0.573784878965,0.818990496356,0.00249528582349,0.0,0.818952186494,-0.573721816954,-0.0118886453771,0.0,-0.00830524756371,0.00886521541273,-0.999926212687,0.0,0.645353238678,0.239807066575,0.303572673882,1.0,-0.0875245714286,-0.115032293878,1.124
0.451393237586,0.454614847729,-0.124791759662,-1.50157727118,0.0707530812116,1.94701585873,0.138589411937,-0.0793825536802,-0.459813391134,-0.0032282668245,-0.731147370205,-0.0452766693747,0.236240691473,-0.111788941985,0.573831478296,0.818958687095,0.00220232843858,0.0,0.818916123745,-0.573769151288,-0.0120867779633,0.0,-0.00863510994562,0.00873946419643,-0.999924525473,0.0,0.643648400339,0.237627222128,0.30346979297,1.0,-0.0974091428571,-0.128023444898,1.142
0.450113386428,0.447120966867,-0.124921039269,-1.51261689886,0.069975647783,1.95112474421,0.136828455765,-0.0820666541247,-0.508640427318,-0.00794162812991,-0.75086946661,-0.0450562622632,0.274943723238,-0.112668049445,0.573820854493,0.818964896972,0.0026213315008,0.0,0.81892889856,-0.573758042538,-0.0117437058786,0.0,-0.00811382906053,0.00888563853694,-0.999927602982,0.0,0.642242247316,0.235679550154,0.303715223659,1.0,-0.105646285714,-0.138849404082,1.157
0.448495067645,0.438204825413,-0.124963396561,-1.5263229316,0.0690918788011,1.95583846753,0.134670454469,-0.101067705849,-0.533387235645,-0.000720844882179,-0.834732268861,-0.0498753273547,0.275954975348,-0.137070698987,0.573778497216,0.818994746449,0.00256677270088,0.0,0.818957377505,-0.5737151734,-0.0118516050854,0.0,-0.0082339643861,0.00890244499492,-0.999926471449,0.0,0.64035504441,0.233300878052,0.303701083639,1.0,-0.114981714286,-0.15111882449,1.174
0.446699827278,0.428518152018,-0.12505109697,-1.54084117612,0.0681036556555,1.96101248974,0.132287764402,-0.112381385081,-0.568500471158,-0.0068096227861,-0.890808109701,-0.0650266140564,0.307595207335,-0.138668973979,0.573721415237,0.819033864467,0.00283080498815,0.0,0.819000166612,-0.573657406928,-0.0116898874275,0.0,-0.00795065450062,0.0090253422816,-0.999927662529,0.0,0.638392876283,0.230717797253,0.303845795779,1.0,-0.124317142857,-0.163388244898,1.191
0.444826420229,0.418910959364,-0.125121478441,-1.55544438356,0.0670619538901,1.96600263824,0.129857419991,-0.124363592094,-0.604730767607,-0.00586000700772,-0.927741213516,-0.06406534475,0.307262850538,-0.144846185118,0.573646140419,0.819086732616,0.00278871592493,0.0,0.819052547875,-0.573582355574,-0.0117026533296,0.0,-0.00798608358632,0.00899746002781,-0.999927631472,0.0,0.636348324853,0.22807272823,0.303857549509,1.0,-0.133103428571,-0.174935934694,1.207
0.442661579012,0.408054826154,-0.125244420308,-1.57174142179,0.065909780897,1.97172998134,0.127155975178,-0.135645782515,-0.632539795095,-0.000544849278778,-0.982290722802,-0.060305519322,0.332743241024,-0.170666543968,0.573649455087,0.819083716746,0.00298572282375,0.0,0.819052474996,-0.573585454794,-0.011554918935,0.0,-0.00775202801479,0.00907411132384,-0.999928780747,0.0,0.634082379902,0.225071114628,0.303949281561,1.0,-0.142438857143,-0.187205355102,1.224
0.440087893209,0.395834292902,-0.125354170827,-1.59003726445,0.0646789313746,1.97792916248,0.124064279143,-0.150422603197,-0.699141926926,-0.00597183499003,-1.02905858165,-0.0674009567145,0.365825480538,-0.167512885718,0.573695802977,0.819050829582,0.00310017894456,0.0,0.819020442684,-0.573630687602,-0.0115799657612,0.0,-0.00770637115512,0.00918266448214,-0.999928142677,0.0,0.631458620951,0.221637377521,0.304018910254,1.0,-0.152323428571,-0.200196506122,1.242
0.437775549724,0.38529614888,-0.125476029628,-1.606075338,0.0634322897852,1.98328774645,0.12128225715,-0.159729587967,-0.706614299981,-0.00487074632402,-1.0899517759,-0.0892262587961,0.351727846848,-0.190346928909,0.573666510201,0.819072088877,0.00289744672168,0.0,0.819039580343,-0.573602653929,-0.0116149962462,0.0,-0.00785168727781,0.00903643188887,-0.999928344386,0.0,0.629114062368,0.218558284861,0.303927828073,1.0,-0.160560571429,-0.211022465306,1.257
0.434743739345,0.371916160504,-0.125614304307,-1.62594151211,0.0619644556256,1.989904658,0.117696979959,-0.179307489078,-0.746373555895,-0.00795785733369,-1.13583391611,-0.0874667393591,0.368314859314,-0.202405269538,0.573639840836,0.819090516282,0.00296749787708,0.0,0.819058902021,-0.57357574141,-0.0115814846721,0.0,-0.00778434933725,0.00907433128589,-0.999928527654,0.0,0.626178994667,0.214680136616,0.303989878716,1.0,-0.170445142857,-0.224013616327,1.275
0.431601417249,0.358725104672,-0.125802556348,-1.64544312112,0.0604468564237,1.99637089851,0.114227111001,-0.186970990536,-0.773546173362,-0.0137833993738,-1.17330456819,-0.0934999897096,0.376991054319,-0.214822310728,0.573773681471,0.81899658402,0.00301740214993,0.0,0.818966203364,-0.573710095445,-0.0114817695911,0.0,-0.00767256371878,0.00905926200967,-0.999929528286,0.0,0.623271735245,0.21074825285,0.304042575014,1.0,-0.179780571429,-0.236283036735,1.292
0.428357920987,0.345868350061,-0.125976089887,-1.66446244254,0.0590316587142,2.00246443615,0.110604751902,-0.212064499218,-0.824717388821,-0.0200949146028,-1.17424705957,-0.0931487559353,0.387846583685,-0.227478458094,0.573839681944,0.818950615039,0.00294218533042,0.0,0.818918761954,-0.573775742967,-0.0115846883152,0.0,-0.00779928320724,0.00905733900828,-0.999928565344,0.0,0.620356873775,0.20682895051,0.304027433307,1.0,-0.188566857143,-0.247830726531,1.308
0.424534812549,0.330869259102,-0.126102302965,-1.68650790693,0.0573417249804,2.00956812814,0.106420855328,-0.222107041708,-0.826382459737,-0.00397351027972,-1.2343054559,-0.0953326357161,0.390629699607,-0.237731431255,0.573869104029,0.818929912981,0.00296579978319,0.0,0.818897892355,-0.5738045327,-0.0116338751353,0.0,-0.00782568966226,0.00910518399487,-0.999927924505,0.0,0.616904140097,0.202318936379,0.304021119676,1.0,-0.198451428571,-0.260821877551,1.326
0.420693974521,0.316097859853,-0.126202425948,-1.70793161803,0.055509099193,2.01642209168,0.102207352452,-0.236110392432,-0.857972874976,-0.00440207857643,-1.28445176926,-0.114007212789,0.399797939992,-0.250069501782,0.5737552531,0.819009460014,0.00302668922507,0.0,0.818979011297,-0.573691418281,-0.0115014150047,0.0,-0.00768352998994,0.00907796700508,-0.99992927444,0.0,0.613485587701,0.197878175286,0.304079487715,1.0,-0.207786857143,-0.273091297959,1.343
0.416830094977,0.301780529567,-0.126302302692,-1.72856723105,0.0537957252833,2.02289158524,0.0979115125836,-0.250889686341,-0.911339609874,-0.0146300637221,-1.31024008839,-0.114557307027,0.395912146298,-0.267873189656,0.573568728874,0.819139822672,0.00310017297479,0.0,0.819110332374,-0.573504701199,-0.0114615881251,0.0,-0.00761082602073,0.00911356771199,-0.999929506621,0.0,0.610117548011,0.193533795402,0.304127359737,1.0,-0.216573142857,-0.284638987755,1.359
0.412079871588,0.285144294756,-0.126470485666,-1.75241018941,0.0518446731743,2.0301741471,0.0930037305891,-0.265128495141,-0.924745667206,-0.00637122101261,-1.3407455149,-0.109686741232,0.401960706073,-0.281776526208,0.573638315325,0.819090954073,0.00313672567169,0.0,0.8190613946,-0.573573515966,-0.011515231592,0.0,-0.00763302621834,0.00917492559989,-0.999928776289,0.0,0.606152355674,0.188349281563,0.304158825803,1.0,-0.226457714286,-0.297630138775,1.377
0.40724824731,0.268957513081,-0.126656818866,-1.77546358595,0.0498605382388,2.0370853223,0.0879760374812,-0.294354776384,-0.973945597576,-0.0144934926921,-1.36669884657,-0.124208481656,0.422473361116,-0.298944116787,0.57360715658,0.819112826553,0.0031231710353,0.0,0.819082795911,-0.573542049243,-0.0115601943855,0.0,-0.00767798140778,0.0091893228176,-0.999928299903,0.0,0.602005022057,0.182911320281,0.304174362043,1.0,-0.236342285714,-0.310621289796,1.395
0.402630315192,0.254311834246,-0.126863750557,-1.79609952409,0.0480067942474,2.0431800474,0.0834297494986,-0.314325401253,-1.00789214404,-0.0172477922596,-1.36727592469,-0.121474704201,0.422564049498,-0.302147807092,0.573741265664,0.819018887624,0.00312549034273,0.0,0.818989328038,-0.573676662158,-0.0115028151956,0.0,-0.0076281489041,0.00915955933448,-0.999928954385,0.0,0.598704962541,0.17843946743,0.304212892106,1.0,-0.244030285714,-0.320725518367,1.409
