position_joint1,position_joint2,position_joint3,position_joint4,position_joint5,position_joint6,position_joint7,velocity_joint1,velocity_joint2,velocity_joint3,velocity_joint4,velocity_joint5,velocity_joint6,velocity_joint7,ee_T_00,ee_T_10,ee_T_20,ee_T_30,ee_T_01,ee_T_11,ee_T_21,ee_T_31,ee_T_02,ee_T_12,ee_T_22,ee_T_32,ee_T_03,ee_T_13,ee_T_23,ee_T_33,v_x,v_y,time
0.465064481502,0.547809105953,-0.123997085727,-1.35585644124,0.0795263429424,1.89411084285,0.159144864006,-0.000322823153096,-0.00292196410112,-0.00148743263411,-0.00148574951718,2.36464425491e-05,0.000206743193753,-0.00122419231691,0.573815920784,0.818970295366,0.00192126628931,0.0,0.818926559598,-0.573757258367,-0.0119434231941,0.0,-0.00867913544245,0.00842686461306,-0.999926827603,0.0,0.661675901231,0.260881238873,0.303184671232,1.0,0.0,0.0,0.0
0.465068503627,0.547809111394,-0.123996087477,-1.35584864293,0.0795266804177,1.89410816179,0.159149291072,0.000101465102266,-0.00130545736939,-0.000217289902085,0.0002499256035,-0.000288481755244,-0.000225152432493,0.000677784187369,0.573815199958,0.818970789556,0.00192588986597,0.0,0.818927110911,-0.573756515145,-0.0119413250542,0.0,-0.00867477156617,0.00842943954044,-0.999926843768,0.0,0.661675857673,0.260885277371,0.303188113577,1.0,-0.00014,-0.000184,0.008
0.46506376515,0.547810131703,-0.123991747786,-1.35584894948,0.0795272908957,1.89411047215,0.159146493009,-0.00043160110744,-0.00111699206343,0.000463549894635,0.000848843860972,-2.90435014134e-05,0.000375228431796,-0.00119608398797,0.573816815698,0.818969663452,0.00192334858361,0.0,0.818925940799,-0.573758130793,-0.011943941452,0.0,-0.00867835590832,0.0084288767812,-0.99992681741,0.0,0.661675408715,0.260884338919,0.303186129214,1.0,-0.00048,-0.000630857142857,0.025
0.46506058704,0.54778961799,-0.123991749087,-1.35586151339,0.0795268038564,1.89411314792,0.159150106337,-0.00105304308556,-0.00301941866268,0.000945251402709,0.00108237025896,-0.000122109030535,-0.000140956935147,0.000695706321255,0.573820056135,0.818967359363,0.0019376215157,0.0,0.818923804556,-0.573761293227,-0.0119384934767,0.0,-0.00866567109174,0.0084374738279,-0.999926854915,0.0,0.661675481247,0.260881639526,0.303196086876,1.0,-0.00082,-0.00107771428571,0.042
0.465065156446,0.547740350272,-0.123993879953,-1.35591830551,0.0795268150632,1.89412262692,0.159146702081,6.39890525085e-05,-0.00743851803297,0.000617012935342,-0.00536416400999,-4.32452669357e-05,0.000636736255424,-0.000429860468374,0.573818097617,0.818968722605,0.00194142823417,0.0,0.818925181486,-0.573759284004,-0.0119406050865,0.0,-0.0086652364539,0.00844178229462,-0.999926822317,0.0,0.661664952191,0.260877981803,0.303204852309,1.0,-0.00112,-0.001472,0.057
0.465065184701,0.547600662937,-0.123989243434,-1.35610030974,0.0795245272531,1.89415407625,0.159144809517,-0.00046699198543,-0.0097532840545,0.000806624642652,-0.015313404807,7.44318941771e-05,-0.000951854237423,-0.000394074793577,0.57382258605,0.818965581302,0.00193991819023,0.0,0.818921869323,-0.573763631007,-0.0119588703311,0.0,-0.00868101582417,0.00845107403965,-0.999926606963,0.0,0.661632244726,0.260862677146,0.303219754466,1.0,-0.00148,-0.00194514285714,0.075
0.465048200894,0.547475374479,-0.123989243433,-1.35628190354,0.0795201461548,1.8942143596,0.159140542848,-0.00491343947521,-0.00822249360687,0.000202930306592,-0.0174972607928,-5.43431307683e-05,0.00719926292611,-0.000985435711022,0.573841950617,0.81895199565,0.00194716031356,0.0,0.818908309568,-0.573782895894,-0.0119631016925,0.0,-0.00868012584111,0.00845963824577,-0.99992654227,0.0,0.661610617195,0.260834914489,0.303227302295,1.0,-0.00178,-0.00233942857143,0.09
0.465031122234,0.547283034491,-0.123999512632,-1.3565118322,0.0795176039895,1.89434978335,0.159132499014,-0.00145909648034,-0.0140271590537,-0.00213069968723,-0.0107621424183,-0.000194461945688,0.0029789174853,-0.000381618673856,0.573869005666,0.818932828775,0.00203302513049,0.0,0.818890284585,-0.573809612314,-0.0119154324231,0.0,-0.00859153483203,0.00850288559127,-0.999926940564,0.0,0.661596950091,0.260801707691,0.303266204292,1.0,-0.00214,-0.00281257142857,0.108
0.465010820365,0.547080342528,-0.123990279187,-1.35676174915,0.0795155454663,1.89446827357,0.159123625654,-0.00459676452613,-0.00786097902923,0.000761225410451,-0.0173917136829,-4.01832596113e-05,0.00436361416491,0.000413551092026,0.573885466044,0.81892111738,0.00210292036328,0.0,0.818879359361,-0.573825661644,-0.0118933491012,0.0,-0.00853316935644,0.00854762283985,-0.999927058922,0.0,0.661571914891,0.260774341679,0.303300802208,1.0,-0.00248,-0.00325942857143,0.125
0.464990284985,0.546853845928,-0.123992119825,-1.3570880116,0.0795067379606,1.89459960489,0.159110701965,-0.00156737794259,-0.0115976803731,0.000129621525417,-0.0207626563408,-0.000249334054208,0.00734301902822,0.000922892136901,0.573908959733,0.818904570152,0.0021349060134,0.0,0.818863156796,-0.573848951103,-0.0118852287146,0.0,-0.00850791833898,0.00856940011289,-0.999927087696,0.0,0.661535519912,0.260731431635,0.303317381966,1.0,-0.00282,-0.00370628571429,0.142
0.464958975119,0.546598440887,-0.123992430962,-1.35745307641,0.0795047744446,1.89474362954,0.159059921035,-0.0033859114183,-0.0111915114892,1.2143320025e-05,-0.0234985273324,0.000364684411037,0.013668717538,-0.0125763589349,0.573913169869,0.818901513316,0.00217527948331,0.0,0.818860459782,-0.573852831039,-0.0118837122153,0.0,-0.00848346296004,0.00860163491326,-0.999927018703,0.0,0.661495571536,0.260680023735,0.303337018601,1.0,-0.00314,-0.00412685714286,0.158
0.464910624987,0.546295936911,-0.123994954155,-1.35791808328,0.079487824236,1.89491219494,0.158933488011,-0.00564073613665,-0.0138818544524,-0.00172057973176,-0.029886401145,7.10306755841e-05,0.00805652432333,-0.00333639855415,0.573872486646,0.818929993284,0.00218679490978,0.0,0.818888989937,-0.573812005561,-0.0118891267261,0.0,-0.00848171659635,0.00861375083462,-0.99992692922,0.0,0.661444582015,0.260604052212,0.303344599504,1.0,-0.0035,-0.0046,0.176
0.464866004955,0.545986746944,-0.123992439732,-1.35842919047,0.079474987596,1.89508309948,0.158917234383,-0.00406847923643,-0.0198690000955,0.000223571561201,-0.0298788584606,0.000143215545665,0.0104789212738,0.00076385926563,0.573919051039,0.818897404659,0.00217034531064,0.0,0.818855986057,-0.573858426654,-0.0119217095308,0.0,-0.00851735003399,0.00861946242146,-0.999926577113,0.0,0.66138124711,0.260528901229,0.30333499657,1.0,-0.00384,-0.00504685714286,0.193
0.464807611308,0.545688457626,-0.123990174775,-1.35894606175,0.0794269313461,1.89524805259,0.15884625321,-0.00221718375367,-0.018480401671,-0.00147256082595,-0.0343689231314,-0.00482766026367,0.0194259346747,-0.0069890126677,0.573917647041,0.818898538823,0.00211291989644,0.0,0.818856540381,-0.573857426477,-0.0119317749577,0.0,-0.00855856308317,0.00857819964218,-0.999926580049,0.0,0.661318219939,0.260430260265,0.303311873553,1.0,-0.00416,-0.00546742857143,0.209
0.464742986027,0.545289148042,-0.123993238036,-1.35966258778,0.0793289651193,1.8954803921,0.158745213905,-0.000853747202516,-0.0225748096751,0.000209631878578,-0.0449790576669,-0.00104423137946,0.0208074355622,-0.000779757163335,0.573909362827,0.818904598625,0.00201209115895,0.0,0.818861663852,-0.573849934678,-0.011940470914,0.0,-0.00862363419279,0.00850053603002,-0.999926684223,0.0,0.661235920642,0.260313133228,0.303276084058,1.0,-0.0045,-0.00591428571429,0.226
0.464674821656,0.544873125465,-0.12399563603,-1.36036840567,0.0793155828093,1.89571033187,0.158676592045,-0.0054913647621,-0.0252175101895,0.00027769317696,-0.0452838186064,0.00024532686393,0.00915587771965,-0.0161978804558,0.573946357148,0.818878757873,0.00197634066041,0.0,0.818835051252,-0.573886774295,-0.0119948335467,0.0,-0.00868828590554,0.00850285173095,-0.99992610487,0.0,0.661149528719,0.260201785678,0.303254647717,1.0,-0.00484,-0.00636114285714,0.243
0.464606177908,0.544453194747,-0.123995647751,-1.3610571202,0.0792955915162,1.89596349526,0.158563034412,-0.00815224417985,-0.0256652456121,0.000783348477645,-0.0498014362114,-0.00283923011274,0.0184219965937,-0.00493091283757,0.573942720747,0.818881311264,0.00197440263856,0.0,0.818837368895,-0.573882940736,-0.0120200056001,0.0,-0.00871004965023,0.0085156733323,-0.999925806419,0.0,0.661071672986,0.260094102091,0.303246004438,1.0,-0.00516,-0.00678171428571,0.259
0.464531464801,0.543932546186,-0.124000968596,-1.36191223111,0.0792589849387,1.89626736627,0.158487487583,-0.00877985717022,-0.0315240064184,-0.000455043043813,-0.0507113526007,-0.000363134685993,0.0103270468757,0.000439226719383,0.573983649216,0.81885267178,0.00195429082044,0.0,0.818808330605,-0.573923817548,-0.0120464220269,0.0,-0.00874279913983,0.00851480281554,-0.999925528025,0.0,0.660971924108,0.259961656665,0.303233941283,1.0,-0.00552,-0.00725485714286,0.277
0.464450690837,0.543418322078,-0.124004285287,-1.36275649446,0.0792124918556,1.89654995465,0.158384146781,-0.0109142164394,-0.0304976816414,-0.00012395599547,-0.0504229010123,-0.00588995026086,0.0171417185353,-0.000429963630448,0.574001967805,0.818839922284,0.00191560204508,0.0,0.818794998007,-0.573942226506,-0.012075544407,0.0,-0.00878866214988,0.00850003527663,-0.999925251615,0.0,0.660871794535,0.259824531297,0.303220504197,1.0,-0.00586,-0.00770171428571,0.294
0.464376489148,0.542936255763,-0.12400765067,-1.36353164168,0.0791674678646,1.8968291128,0.158257172321,-0.00381362552074,-0.0287196275923,9.39002287098e-05,-0.0569063128034,-0.00357189807962,0.0213264309933,-0.00960608137424,0.573992221845,0.818846781555,0.00190381193572,0.0,0.818801681788,-0.57393251272,-0.0120840243831,0.0,-0.00880247438119,0.00849514397709,-0.999925171687,0.0,0.660784162256,0.25969951953,0.303216861928,1.0,-0.00616,-0.008096,0.309
0.464306252165,0.542341225517,-0.124013696922,-1.36444720592,0.0791147239862,1.89716160828,0.158156231204,-0.00308465574458,-0.0366980079831,-0.000300009678239,-0.0560274818873,-0.00452552824265,0.024859544848,-0.00272017692533,0.574009354624,0.81883475366,0.00191151854816,0.0,0.818789749238,-0.573949604373,-0.01208077334,0.0,-0.00879521108244,0.0084997723479,-0.999925196268,0.0,0.660670651606,0.259552674554,0.303229187947,1.0,-0.00652,-0.00856914285714,0.327
0.464223153813,0.541680208308,-0.124014083716,-1.36546625101,0.0790509468527,1.89752950446,0.158018446772,-0.00155207963393,-0.0407200578355,0.00101026527841,-0.0587964230734,-0.00519633384379,0.0193957210356,-0.00899157987566,0.574003090006,0.81883912252,0.00192119609599,0.0,0.81879424326,-0.573943296946,-0.0120758435223,0.0,-0.00878568464372,0.00850479954354,-0.99992523727,0.0,0.660558638076,0.259410011476,0.303245189441,1.0,-0.00686,-0.009016,0.344
0.464142452544,0.54106484646,-0.124011269099,-1.36641890203,0.0789997747818,1.89789396977,0.157886362693,-0.00691390033211,-0.0340115028509,0.000948715336154,-0.0614478626132,-0.00335967508792,0.0280269363829,-0.00625130645672,0.573998313392,0.818842407765,0.00194791408885,0.0,0.818797813008,-0.573938341798,-0.0120693052233,0.0,-0.00876504512124,0.00852287272956,-0.99992526452,0.0,0.660450799976,0.259269786865,0.303258298879,1.0,-0.00718,-0.00943657142857,0.36
0.464055485072,0.540359050363,-0.124014802013,-1.36749162305,0.0789345238319,1.89828477058,0.157752821804,-0.0050291949997,-0.044081824645,-0.000421530534509,-0.064567958067,-0.0004358938286,0.0212850974867,-0.00407397030963,0.574004593838,0.81883795854,0.00196743674913,0.0,0.818793625359,-0.573944543153,-0.0120584973734,0.0,-0.00874492415304,0.00853272183695,-0.999925356694,0.0,0.660326556634,0.259108199768,0.303280559399,1.0,-0.00752,-0.00988342857143,0.377
0.463955497676,0.539620697182,-0.124012927919,-1.36864685937,0.0788662025398,1.89871828835,0.15761324526,-0.0049539446819,-0.0390096752343,0.00558553640636,-0.067002099868,-0.00336053923528,0.0222684144434,-0.00695714295037,0.574016583102,0.818829518803,0.00198200972122,0.0,0.818785351403,-0.573956443969,-0.0120538647224,0.0,-0.0087326411293,0.00854212322956,-0.999925383771,0.0,0.660194711464,0.258934191453,0.303289973155,1.0,-0.00786,-0.0103302857143,0.394
0.463859570495,0.538899525014,-0.124020504398,-1.36973745348,0.0788069623587,1.89914218409,0.157473369172,-0.00459867593787,-0.0394428023889,-6.4036385339e-05,-0.0670263567489,-0.00614036661494,0.0316808567837,-0.00399628640128,0.574030466346,0.818819669671,0.00202957324168,0.0,0.818776124609,-0.57397012287,-0.0120292445445,0.0,-0.00868503485523,0.008567083912,-0.999925584853,0.0,0.660075836963,0.258765657973,0.303317377174,1.0,-0.00818,-0.0107508571429,0.41
0.463736698842,0.538069427358,-0.124028281089,-1.37101869188,0.0787313666177,1.89963814179,0.157316869972,-0.00290736463204,-0.0458727950883,-0.00208861600974,-0.0702525067373,-0.00433776250056,0.0249301069336,-0.0108300129979,0.574059028562,0.818799555387,0.00206560533168,0.0,0.818756526022,-0.573998573846,-0.0120056328583,0.0,-0.00864471876964,0.00858333503721,-0.999925794845,0.0,0.659937758784,0.258560277242,0.303337097253,1.0,-0.00854,-0.011224,0.428
0.463631641889,0.53731076656,-0.124029718701,-1.37221276275,0.078660842122,1.90007828755,0.157167432439,-0.00730460441222,-0.0402164789244,-0.0017986569128,-0.0778576440066,-0.00173912373531,0.025356561708,-0.0140829814601,0.574070638061,0.818791405768,0.00206960332757,0.0,0.818748405742,-0.574010142373,-0.012006308749,0.0,-0.00864285551973,0.00858711907792,-0.999925778463,0.0,0.659800237066,0.258376791659,0.303342670332,1.0,-0.00886,-0.0116445714286,0.444
0.463509857218,0.536412524284,-0.124035019477,-1.37360421172,0.0785819981016,1.90060783266,0.156987289283,-0.00750143607629,-0.0518553788286,-0.00059618323883,-0.0796963404654,-0.00588711326672,0.0281257428924,-0.0106186209019,0.574082141938,0.818783259452,0.002101249527,0.0,0.818740659769,-0.574021499606,-0.0119915358383,0.0,-0.00861247221175,0.00860467066982,-0.999925889736,0.0,0.659643846254,0.258163162537,0.303360573933,1.0,-0.00922,-0.0121177142857,0.462
0.46339812028,0.535593857512,-0.124038315537,-1.37489901937,0.0785086519096,1.90107898845,0.156841955198,-0.00253505457869,-0.0457628184922,-0.00117586494334,-0.0797490971313,-0.00508485229351,0.033150262083,-0.0106533216863,0.574108418453,0.818764842957,0.00209826102776,0.0,0.81872215072,-0.574047731805,-0.0119995179249,0.0,-0.00862044739595,0.0086070827525,-0.999925800254,0.0,0.659492453853,0.257964700248,0.303363017992,1.0,-0.00954,-0.0125382857143,0.478
0.463264113185,0.534646089502,-0.124034229696,-1.37643030603,0.078424201667,1.90162239397,0.156653246612,-0.00652668639411,-0.0535399815503,0.000875769720886,-0.0837868486823,-0.00990090891174,0.0272099929939,-0.00159596462322,0.57412203133,0.818755371956,0.0020690421486,0.0,0.818712147258,-0.574061315659,-0.0120321526749,0.0,-0.00866379938576,0.00860203949115,-0.999925468971,0.0,0.659308262721,0.257732589147,0.303349866611,1.0,-0.0099,-0.0130114285714,0.496
0.46315671949,0.533886592216,-0.124044173473,-1.37766182179,0.0783520151638,1.90207275587,0.156500972098,-0.00806283773781,-0.0569551310242,-0.00190429593075,-0.0872495960775,-0.00711685086284,0.031274581124,-0.0175246124017,0.574138294852,0.818744039121,0.00204051190466,0.0,0.81870042184,-0.574077678804,-0.0120492688818,0.0,-0.00869402212185,0.00858868000585,-0.999925321489,0.0,0.659154653347,0.257526192354,0.303333757389,1.0,-0.0102,-0.0134057142857,0.511
0.463003515482,0.532852580075,-0.12404288242,-1.37933899028,0.078259023847,1.90271825154,0.156284199844,-0.00827752429898,-0.0536979870304,-0.0013588818964,-0.0919627709118,-0.00487247093905,0.0357805323133,-0.0185501976362,0.574154445365,0.818732683091,0.00205265836977,0.0,0.818689172835,-0.574093724327,-0.0120491025486,0.0,-0.00868674301691,0.00859870052543,-0.999925298632,0.0,0.658975365407,0.257281681422,0.303325618698,1.0,-0.01056,-0.0138788571429,0.529
0.462883537821,0.531938411517,-0.124042908729,-1.38081466005,0.0781827023743,1.90324690515,0.156103638303,-0.00142162419867,-0.0616055152439,-0.000123140360162,-0.0978921216545,-0.00519985380085,0.0342547103418,-0.0130870306253,0.574164869809,0.818725426227,0.00203116412482,0.0,0.818681467085,-0.574104073739,-0.0120795227405,0.0,-0.00872388076756,0.00859867957846,-0.999924975493,0.0,0.658796009462,0.25706296908,0.303313547366,1.0,-0.01088,-0.0142994285714,0.545
0.4627483805,0.530868598618,-0.124043148884,-1.38254328862,0.0780701423528,1.90385417238,0.15589303476,-0.00869385591985,-0.0614119722337,-0.000794535694487,-0.102579360806,-0.00904853187658,0.0310535193454,-0.0074694768185,0.574166982308,0.81872406395,0.00198253309583,0.0,0.818679464339,-0.57410639263,-0.0121050201161,0.0,-0.00877265524054,0.00857352707073,-0.999924764747,0.0,0.65858294003,0.256805669387,0.303297345008,1.0,-0.01124,-0.0147725714286,0.563
0.462625044908,0.529966292851,-0.124046078684,-1.38397819966,0.0779811146359,1.9043713327,0.155689929236,-0.00833270961605,-0.0576536439368,-0.00299624872282,-0.0948633838816,-0.00777457211273,0.0386407299192,-0.0149879551146,0.574154485503,0.818732843452,0.00197603923857,0.0,0.818688105133,-0.574093873323,-0.0121143727794,0.0,-0.00878417197456,0.00857344635567,-0.999924664332,0.0,0.65839811474,0.256578857411,0.303297831605,1.0,-0.01156,-0.0151931428571,0.579
0.462473080255,0.528781269424,-0.124044974305,-1.38584774275,0.0778704400652,1.90507762195,0.155440504636,-0.00716879934526,-0.0673402757291,0.0011945140029,-0.102675480061,-0.00439707802606,0.0413580173042,-0.0167814456988,0.574148939485,0.818736707973,0.00198625429953,0.0,0.818692111442,-0.574088291265,-0.0121081541285,0.0,-0.00877327382664,0.00857817973486,-0.999924719416,0.0,0.658191630721,0.25630922198,0.303300908983,1.0,-0.01192,-0.0156662857143,0.597
0.462348368763,0.527807418923,-0.124040690335,-1.38735889542,0.0777731459678,1.90566773791,0.155228171023,-0.00243320970202,-0.0635018620537,0.00330280325413,-0.0986398565173,-0.00492577766307,0.0333139575019,-0.0158171145545,0.574129973251,0.818749906354,0.0020276984062,0.0,0.818705909389,-0.574069203939,-0.0120801457386,0.0,-0.00872674699924,0.00859582791369,-0.999924975,0.0,0.658017539815,0.256087345694,0.30331826638,1.0,-0.01222,-0.0160605714286,0.612
0.46217754012,0.526502358719,-0.124046769041,-1.38935709558,0.077640134653,1.90643011257,0.154941413905,-0.0123773283566,-0.068778634019,0.00355160450875,-0.0984965920252,-0.0121029155815,0.0482719951736,-0.0250967956558,0.574111523868,0.81876271684,0.0020781183266,0.0,0.818719527834,-0.574050688743,-0.0120369596449,0.0,-0.00866263530725,0.00861211910959,-0.999925392294,0.0,0.657788034835,0.255781588328,0.303351889153,1.0,-0.0126,-0.01656,0.631
0.462048564184,0.525472493857,-0.124057741747,-1.39097659775,0.0775447505832,1.90701388626,0.154727452897,-0.0116588900214,-0.0681677383595,-0.000780547493621,-0.110754283576,-0.0104340645055,0.038008090147,-0.0156383520206,0.574111205223,0.81876295536,0.00207216526489,0.0,0.818719668849,-0.574050375785,-0.0120422922378,0.0,-0.00867042246546,0.0086103031448,-0.99992534044,0.0,0.657592228515,0.255535856282,0.303356538202,1.0,-0.0129,-0.0169542857143,0.646
0.461908512899,0.524347885587,-0.124063778679,-1.39274359574,0.0774359573515,1.90764208856,0.154494506836,-0.0101249465414,-0.0733608046863,-0.000712962308359,-0.114644282507,-0.00683651865575,0.0387419570842,-0.0146369975201,0.574104947926,0.81876737788,0.00205829728909,0.0,0.818723887894,-0.574044156215,-0.0120519296418,0.0,-0.0086863405396,0.00860441526002,-0.999925252969,0.0,0.657375084835,0.25527033877,0.303361045055,1.0,-0.01322,-0.0173748571429,0.662
0.461749301911,0.523149434732,-0.124064881678,-1.39465507423,0.0773155915539,1.90836575265,0.154228963891,-0.0141017404725,-0.0714020989719,0.000674156221858,-0.116796015815,-0.00776642981819,0.0471846207686,-0.0193706223155,0.574088902992,0.818778616211,0.00206300726019,0.0,0.818735222125,-0.574028127294,-0.0120454152486,0.0,-0.00867847132227,0.00860436159421,-0.99992532176,0.0,0.657148790514,0.25498353319,0.303356536131,1.0,-0.01356,-0.0178217142857,0.679
0.461577911093,0.521838666737,-0.124060968613,-1.39672032705,0.0771870305202,1.90917727344,0.153945163368,-0.00716362649916,-0.0741267548039,0.000821041980735,-0.116554230147,-0.00712408029207,0.0469872322013,-0.0106415805749,0.574070260364,0.81879157253,0.0021080369804,0.0,0.818748812785,-0.574009342644,-0.01201678085,0.0,-0.00862937210968,0.00862459533649,-0.999925572376,0.0,0.656908525459,0.254679522889,0.30336487441,1.0,-0.01392,-0.0182948571429,0.697
0.461411162819,0.520666402305,-0.124070578713,-1.39861980836,0.0770671972893,1.90987346732,0.15370503544,-0.0102157712144,-0.0782245419159,0.000291449573416,-0.120896808442,-0.00747562106086,0.0465776654352,-0.00976381625278,0.574086049636,0.818780585372,0.00207545929067,0.0,0.818737439498,-0.574025306391,-0.0120291183589,0.0,-0.00865800910968,0.00860517094089,-0.99992549218,0.0,0.656681382742,0.254382217072,0.303344918293,1.0,-0.01424,-0.0187154285714,0.713
0.46124163268,0.519328362685,-0.124071667604,-1.40067998617,0.0769426862665,1.91061243684,0.153421065447,-0.0140270138181,-0.0804880924503,-0.00150221769698,-0.120166367654,-0.00396388083288,0.0416363343386,-0.0181050876167,0.574068997105,0.818792501385,0.00209120541058,0.0,0.818749494892,-0.574008123525,-0.0120285345196,0.0,-0.00864867148739,0.00861754803644,-0.999925466396,0.0,0.656427557834,0.254073361259,0.303367919591,1.0,-0.01458,-0.0191622857143,0.73
0.461061437063,0.517988038858,-0.124072332307,-1.40278806296,0.0768025989213,1.91137580294,0.153138617716,-0.00911590072452,-0.0760745025446,0.00103166529527,-0.124165800876,-0.00376649725144,0.0504093635812,-0.018152765009,0.574059643679,0.818799085483,0.00208086809143,0.0,0.818755992722,-0.573998863475,-0.012028134173,0.0,-0.00865437596496,0.00860875538263,-0.999925492778,0.0,0.656170041689,0.253751302493,0.303371430161,1.0,-0.01492,-0.0196091428571,0.747
0.460886922612,0.516705147445,-0.124081234592,-1.40479830455,0.0766795684849,1.91210270683,0.152858769613,-0.00670417348618,-0.0750499338628,0.00068125637394,-0.122778367868,-0.010163447367,0.0405112104147,-0.0191723096591,0.574052812955,0.818803880651,0.00207842987743,0.0,0.818760744764,-0.573992032706,-0.0120306327514,0.0,-0.00865789328461,0.00860812109994,-0.99992546779,0.0,0.655925658721,0.253439345744,0.30337793541,1.0,-0.01524,-0.0200297142857,0.763
0.46069116403,0.515324340036,-0.124090402843,-1.40699084109,0.0765398384624,1.91292540222,0.152562094109,-0.0092346159233,-0.0787987031622,0.000233837362018,-0.127494822208,-0.0127437251558,0.0470020403004,-0.0213404774413,0.574045609053,0.818808909094,0.0020871069533,0.0,0.818765959262,-0.573984865475,-0.0120176978321,0.0,-0.00864239664085,0.00860772452354,-0.999925605262,0.0,0.655649811613,0.25308314754,0.30337721423,1.0,-0.0156,-0.0205028571429,0.781
0.460500372628,0.513851112427,-0.124099193751,-1.40937329528,0.0763976646536,1.9137653763,0.152244189194,-0.0112920355454,-0.0809984974956,-0.000513254471139,-0.135340945605,-0.00675708141911,0.0373234887071,-0.0188799855417,0.574043781408,0.818810355187,0.00202142684996,0.0,0.81876644869,-0.57398321982,-0.0120628672554,0.0,-0.00871710336123,0.00857985560593,-0.999925196296,0.0,0.655363678891,0.252737270171,0.303346101245,1.0,-0.01594,-0.0209497142857,0.798
0.460329452634,0.512530269859,-0.124100404295,-1.41150358325,0.0762706276446,1.91451871146,0.151934837295,-0.014711672034,-0.0821286906263,-0.000356248092895,-0.137613299254,-0.0154984130128,0.0482997755218,-0.0259800663595,0.574008612593,0.818835122309,0.00197535908988,0.0,0.818790488314,-0.573948132376,-0.0121005987022,0.0,-0.00877481050019,0.0085634179787,-0.999924832462,0.0,0.655092230929,0.252419747153,0.303322957351,1.0,-0.01626,-0.0213702857143,0.814
0.460120904049,0.511081573496,-0.124106682174,-1.41380740157,0.0761280734187,1.91539259676,0.151608575191,-0.0114421630114,-0.0822680750633,-0.000347592825816,-0.135880892464,-0.00892327301851,0.0464212144254,-0.00736878824124,0.573998882862,0.818841914733,0.00198697002708,0.0,0.818797465472,-0.573938385392,-0.0120907903356,0.0,-0.00876021620114,0.00856719111265,-0.999924928106,0.0,0.654817553267,0.252061382791,0.303316929865,1.0,-0.0166,-0.0218171428571,0.831
0.45990927936,0.509501291182,-0.124111715874,-1.4163022368,0.0759724802457,1.91632736666,0.151260390758,-0.0113668664826,-0.0869956423275,-0.000410272725065,-0.138504677179,-0.0143043818234,0.0499215498997,-0.021529079741,0.573978767841,0.818855982955,0.00200003706471,0.0,0.818811725095,-0.5739182363,-0.0120815475329,0.0,-0.00874535811118,0.00857237061044,-0.999925013775,0.0,0.654513132567,0.251682913615,0.303316813706,1.0,-0.01696,-0.0222902857143,0.849
0.459722076089,0.508184681162,-0.124113162858,-1.41839310204,0.0758374350713,1.91706475674,0.150962966531,-0.0104441537582,-0.0883276655892,-0.000645405194745,-0.142599891016,-0.0168214388781,0.0469961234044,-0.0229486199619,0.573955463836,0.818872399962,0.00196596415862,0.0,0.818827666745,-0.573895054486,-0.0121022935962,0.0,-0.0087821461778,0.0085561281114,-0.999924830465,0.0,0.654230901373,0.251336541842,0.303308899188,1.0,-0.01728,-0.0227108571429,0.865
0.459500309358,0.506543693614,-0.124118514401,-1.42095444016,0.0756807991145,1.91801220639,0.150624588916,-0.0149488610918,-0.0909065536999,7.59171915323e-05,-0.143021413815,-0.0126225482882,0.0511436842538,-0.0202913247403,0.573963050842,0.818867033042,0.00198629456408,0.0,0.818822528888,-0.573902515811,-0.0120960916375,0.0,-0.00876531998268,0.00856929738311,-0.999924865331,0.0,0.653915503762,0.25093781663,0.303317158939,1.0,-0.01764,-0.023184,0.883
0.459281030605,0.504941870585,-0.124122739397,-1.42341473486,0.075522870357,1.91896304604,0.150268315134,-0.0139564398052,-0.0888026334027,0.000665193033861,-0.144694240124,-0.0075881929014,0.0544538121772,-0.0147984313101,0.573935408883,0.818886227275,0.00205915304746,0.0,0.818842797543,-0.573874683592,-0.0120443905974,0.0,-0.00868145691753,0.00859899044146,-0.999925342048,0.0,0.653640762495,0.250587872783,0.303348503946,1.0,-0.01796,-0.0236045714286,0.899
0.459081677246,0.503468290902,-0.124128755016,-1.42560030825,0.0753813694152,1.91978228557,0.149969156667,-0.00683845242227,-0.0947029220216,-0.000278120977466,-0.145669649937,-0.0103658583266,0.0613071797198,-0.0274873417261,0.573932019399,0.818888379723,0.0021460581376,0.0,0.818846174468,-0.573871018808,-0.0119892965662,0.0,-0.00858650038602,0.00863849900346,-0.999925821422,0.0,0.653377070963,0.25024692068,0.303408703558,1.0,-0.01826,-0.0239988571429,0.914
0.458831845208,0.501665178343,-0.124135118768,-1.42827152613,0.0752159959937,1.92075341176,0.149589892097,-0.0131885887113,-0.0979917459237,-0.00104802801639,-0.15234207163,-0.00552584374044,0.0503314824221,-0.0231035301722,0.573922529186,0.818894794485,0.00223449313986,0.0,0.818853731924,-0.573861156185,-0.0119451261017,0.0,-0.00849967641251,0.0086854672524,-0.999926156353,0.0,0.653048584254,0.249826083414,0.303480419274,1.0,-0.01862,-0.024472,0.932
0.458594366987,0.499955260878,-0.124135478494,-1.43086879851,0.0750490071968,1.92166893934,0.149242443183,-0.0116231169362,-0.0934806497014,0.000110929231898,-0.153330108456,-0.012211518332,0.0509631750232,-0.0141728188379,0.573919737198,0.81889668911,0.00225714883613,0.0,0.818855883734,-0.573858233876,-0.0119380060671,0.0,-0.00848087348136,0.00869990440977,-0.9999261905,0.0,0.652718754143,0.249420526412,0.303516625992,1.0,-0.01896,-0.0249188571429,0.949
0.458374125374,0.498473030944,-0.124133137804,-1.43318080809,0.0749058220649,1.9225399908,0.148906691402,-0.0146873475267,-0.0919790517552,0.00420843193097,-0.149003235492,-0.0166746152502,0.0586501953863,-0.0150040196263,0.573902518063,0.818908661513,0.00229145389903,0.0,0.818868281959,-0.573840857241,-0.0119228462781,0.0,-0.00844895488584,0.00871911828901,-0.999926293352,0.0,0.652435649487,0.249059450178,0.303525356021,1.0,-0.01926,-0.0253131428571,0.964
0.458095164998,0.496696245372,-0.124136363775,-1.43600406091,0.0747381878538,1.92355388004,0.148477707285,-0.0205958278437,-0.0944321291796,1.11107357462e-06,-0.152123074345,-0.0100915498431,0.0521819182543,-0.0216987800482,0.573879789135,0.818924657525,0.00226711741769,0.0,0.818883809354,-0.573818073292,-0.0119529260884,0.0,-0.00848779637116,0.00871621626457,-0.999925989705,0.0,0.652081306622,0.248605991025,0.303508143822,1.0,-0.01962,-0.0257862857143,0.982
0.457828558577,0.495021575348,-0.124133062318,-1.43874077171,0.0745594244071,1.92449990869,0.148089345528,-0.0139776980115,-0.0945532546714,0.000341021872497,-0.160016991243,-0.0152532130624,0.0587921261371,-0.0195740546722,0.573867113063,0.81893381825,0.00216443360597,0.0,0.818891524046,-0.573805713083,-0.0120175862916,0.0,-0.00859980903219,0.00866910079247,-0.999925442209,0.0,0.65172632755,0.248167206829,0.303454264755,1.0,-0.01996,-0.0262331428571,0.999
0.457548514516,0.49319472663,-0.124165196452,-1.44157777387,0.074396086948,1.92551191288,0.147696572179,-0.0140879056408,-0.131626989537,0.00394820099297,-0.198637723631,-0.0101302250272,0.0691675599532,-0.0319100662835,0.573896438451,0.818913261368,0.00216683859165,0.0,0.818870931468,-0.573834957034,-0.0120244161595,0.0,-0.00860371177119,0.00867529777064,-0.99992535489,0.0,0.65137335299,0.247695995371,0.303464613009,1.0,-0.028692,-0.0377094857143,1.015
0.457215582519,0.490442345038,-0.12423996762,-1.44583146431,0.0741595873377,1.92715417255,0.147061115885,-0.0227670216929,-0.17974878833,-0.00138374765107,-0.279356982479,-0.0195169318114,0.107456187365,-0.0401726220005,0.573852558383,0.818943698493,0.00228184969677,0.0,0.818903004208,-0.573790747155,-0.0119496895319,0.0,-0.00847698190688,0.00872614148686,-0.999925994878,0.0,0.650850860718,0.247040458367,0.303499568435,1.0,-0.0392708571429,-0.0516131265306,1.032
0.45668187976,0.486832984915,-0.124272747879,-1.45158550485,0.0738478246616,1.92930388463,0.146211840287,-0.033740483846,-0.231586916362,-0.00290571972751,-0.367235959947,-0.0219002926029,0.136013498699,-0.056605275729,0.573820794072,0.818965903767,0.00230036073826,0.0,0.818925098585,-0.573758548815,-0.0119815470694,0.0,-0.00849279039778,0.00875925264066,-0.999925571232,0.0,0.650126554978,0.246135071716,0.303456940731,1.0,-0.0498497142857,-0.0655167673469,1.049
0.455990356787,0.482292855484,-0.124395831206,-1.45872169878,0.0734097875879,1.93187138744,0.145107626741,-0.0447281896213,-0.272963534591,-0.00803804906698,-0.449381848698,-0.026523906541,0.149513193006,-0.0687511495654,0.573793818528,0.818984887466,0.00227042357135,0.0,0.818943884931,-0.573731897449,-0.0119737248176,0.0,-0.00850384897409,0.00872996686395,-0.999925733358,0.0,0.64928901655,0.24501682401,0.303441149268,1.0,-0.0598062857143,-0.0786025469388,1.065
0.455141538577,0.476832201597,-0.12454352409,-1.46732610653,0.0728925897978,1.93487416043,0.14382425219,-0.0455334867046,-0.335924527904,-0.00585225256038,-0.524421382473,-0.0324926215615,0.189656968558,-0.0718514033101,0.57383469644,0.818956649422,0.00212000699677,0.0,0.818913700805,-0.573773413026,-0.0120485700431,0.0,-0.00865101946157,0.00865015685099,-0.999925164524,0.0,0.648122123516,0.243468171741,0.303391021689,1.0,-0.0710074285714,-0.0933240489796,1.083
0.454125006828,0.470509831733,-0.124663609666,-1.47713697957,0.072325581413,1.93839417391,0.142408295625,-0.0636900424593,-0.393884066757,-0.00770857041138,-0.592081387526,-0.0332367126083,0.217081250907,-0.0873987178914,0.57391370055,0.818901201487,0.00215253913436,0.0,0.818858397964,-0.573851988466,-0.0120650867263,0.0,-0.00864504159759,0.00868711057149,-0.999924895863,0.0,0.646864069405,0.241809373701,0.303402113717,1.0,-0.0815862857143,-0.107227689796,1.1
0.453020366264,0.463729479972,-0.124720801205,-1.48737857845,0.071687799534,1.94223609526,0.14071874233,-0.0775975560068,-0.431865856212,-0.00167865873742,-0.673426172453,-0.0470904823537,0.239660243027,-0.110781177821,0.573788871193,0.818987770267,0.00247191219362,0.0,0.818949240525,-0.573725989246,-0.0118902316572,0.0,-0.00831991422843,0.00884702354706,-0.999926251881,0.0,0.645568754289,0.240098211836,0.303539772911,1.0,-0.0915428571428,-0.120313469388,1.116
0.451627951855,0.455836277454,-0.124807123031,-1.49980297204,0.0708943876958,1.94642837955,0.138881749568,-0.0830970349714,-0.481028331303,-0.00318504940238,-0.764470286806,-0.0605879900664,0.255205942352,-0.119247542705,0.573848288955,0.818946968409,0.0021797013993,0.0,0.818904051748,-0.573785998272,-0.0121049212354,0.0,-0.00866277319047,0.00873152275525,-0.999924355574,0.0,0.643886740453,0.237944947855,0.303424889059,1.0,-0.102121714286,-0.134217110204,1.133
0.450086593967,0.44690194819,-0.12495332157,-1.51312284463,0.0699658654963,1.95127401027,0.136766666175,-0.0976486938693,-0.545669293466,-0.00638291155766,-0.806393919964,-0.0557504503503,0.292899315014,-0.120100964904,0.573837010287,0.818953927396,0.00250944768813,0.0,0.818916301568,-0.573774422151,-0.0118216078798,0.0,-0.0082416539815,0.00883887391799,-0.999926972057,0.0,0.642163095411,0.235595205618,0.303638866387,1.0,-0.112700571429,-0.14812075102,1.15
0.448467235943,0.437966324097,-0.125024035837,-1.52687978537,0.0690766428418,1.95599250741,0.134604333494,-0.111467121616,-0.572407844245,-0.000432708960346,-0.890772190107,-0.0602890570434,0.288886798013,-0.133722705829,0.573813238899,0.818970835041,0.00242592613434,0.0,0.81893154443,-0.573750362705,-0.0119328846196,0.0,-0.00838096984154,0.00883408469236,-0.999925856397,0.0,0.640269755166,0.233193073405,0.303614665181,1.0,-0.122657142857,-0.161206530612,1.166
0.446441610477,0.426979294194,-0.125126861664,-1.54331100582,0.0679606201125,1.96185563185,0.131894475722,-0.118038296663,-0.614419775849,-0.00296726755281,-0.943360065807,-0.0583540403603,0.325600822654,-0.150686950644,0.573734653475,0.819024855949,0.00275311498338,0.0,0.818990093904,-0.573670853584,-0.0117356182761,0.0,-0.00803253589674,0.00898807783208,-0.999927343773,0.0,0.638045966789,0.230273403558,0.303793087378,1.0,-0.133858285714,-0.175928032653,1.184
0.44427054375,0.41593097029,-0.125249931239,-1.55991768409,0.0667725805422,1.96762793902,0.129127427157,-0.127981489114,-0.678768430353,-0.0168415764756,-0.988237783121,-0.0689312660257,0.357178166542,-0.160945318246,0.573706973135,0.819043807053,0.00288062585124,0.0,0.819011149297,-0.573643246851,-0.0116150579513,0.0,-0.00786094106479,0.00902307815136,-0.999928392269,0.0,0.635752049533,0.227223398705,0.303892979596,1.0,-0.144437142857,-0.189831673469,1.201
0.442059686281,0.404948087193,-0.125362562256,-1.57660486842,0.06562277039,1.97336575966,0.126357925589,-0.140859979365,-0.690236474774,-0.00692042669149,-1.06499034804,-0.0683989068797,0.352031974485,-0.177490433795,0.573696668526,0.819051000357,0.00288760061814,0.0,0.819018232728,-0.573632690246,-0.0116369258072,0.0,-0.00787496523002,0.0090412371944,-0.999928117893,0.0,0.633383159534,0.224159765913,0.303878051282,1.0,-0.153771428571,-0.202099591837,1.217
0.439420400044,0.392466426755,-0.125482103893,-1.5951632279,0.064332885367,1.9797140373,0.123176259226,-0.157688741667,-0.735927367688,-0.00879450417046,-1.11172337992,-0.0864013384414,0.378339940566,-0.194493392339,0.573716048813,0.819036634299,0.00310385450102,0.0,0.819006481576,-0.573651141547,-0.0115541265479,0.0,-0.00768287116142,0.0091710413557,-0.999928430184,0.0,0.630729325027,0.220656494951,0.304001317393,1.0,-0.164972571429,-0.216821093878,1.234
0.43654528568,0.379457782113,-0.125633987638,-1.61468248746,0.0628208889441,1.98620647679,0.119710420863,-0.171658698957,-0.77805600353,-0.0127801111831,-1.15467712273,-0.090447164795,0.401147989742,-0.204483901595,0.573658394599,0.819077406277,0.00299928894746,0.0,0.819046464756,-0.573594495846,-0.0115321206462,0.0,-0.00772547257536,0.00907222949398,-0.999929003342,0.0,0.627863981007,0.216876784492,0.303994639864,1.0,-0.175551428571,-0.230724734694,1.251
0.433581329612,0.366656702711,-0.125758820598,-1.63389044096,0.0614038776686,1.99248688199,0.116306657255,-0.190913292875,-0.825706157707,-0.0099546566979,-1.20846804959,-0.0943539869049,0.398497671035,-0.215186595809,0.573692234697,0.819054190351,0.0028635672679,0.0,0.819021089065,-0.57362831312,-0.0116516503123,0.0,-0.00790086186749,0.00902995714261,-0.999928015537,0.0,0.624974659109,0.213112504818,0.303936809773,1.0,-0.185508,-0.243810514286,1.267
0.430753750194,0.354916361272,-0.12593459563,-1.65117425656,0.0600371681319,1.99821653662,0.113113976191,-0.211206009909,-0.832981662788,-0.0130484548539,-1.25777495838,-0.101682663435,0.400156695548,-0.225729143468,0.573739859856,0.819020557924,0.0029403761529,0.0,0.818989134945,-0.573676466793,-0.0115262826459,0.0,-0.00775358712154,0.00902139760164,-0.999929245633,0.0,0.622388887793,0.209600360023,0.304002505397,1.0,-0.19422,-0.255260571429,1.281
0.426331870297,0.337461759874,-0.126147437925,-1.67679038526,0.0581230528223,2.00652517465,0.108257035263,-0.227171945163,-0.868404183106,-0.00802314153866,-1.30037105939,-0.09630147132,0.426897253534,-0.252416267218,0.573853870751,0.818940304855,0.00304286187783,0.0,0.818909698283,-0.573789538154,-0.0115420476237,0.0,-0.00770643406082,0.00911545330829,-0.999928757155,0.0,0.618451134824,0.20432282348,0.30405340917,1.0,-0.206665714286,-0.271617795918,1.301
0.422623692635,0.322943731237,-0.126260883714,-1.69795304965,0.0563954094872,2.0133061924,0.104126623719,-0.235824657104,-0.925370268113,0.00102065252293,-1.33300386215,-0.10868211899,0.425467902284,-0.258777548852,0.57375605717,0.819008668387,0.00308785817912,0.0,0.818978866837,-0.573691861159,-0.0114896047014,0.0,-0.00763875381072,0.00912129649764,-0.999929223191,0.0,0.615095819558,0.19997611174,0.304090410406,1.0,-0.216622285714,-0.28470357551,1.317
0.418106127827,0.305976902451,-0.126399416121,-1.72244322101,0.0543750455815,2.02106931215,0.0991741813857,-0.261185063682,-0.971570657416,-0.00283457580754,-1.37842632153,-0.119518430813,0.431541329487,-0.287560292184,0.573636854648,0.819091659909,0.00321847148073,0.0,0.819063725146,-0.573572498514,-0.0113995614108,0.0,-0.0074914031823,0.00917551844948,-0.999929841909,0.0,0.611142598006,0.194839960438,0.304163573942,1.0,-0.227823428571,-0.299425077551,1.335
0.413455192564,0.289384716625,-0.126561504499,-1.74625605273,0.0523854063473,2.02835827541,0.09425690779,-0.278451315,-1.02106727069,-0.0147761415041,-1.4038205654,-0.118389445032,0.458218224698,-0.301976691554,0.573610876036,0.819109838633,0.00322211862945,0.0,0.819081754023,-0.573546271446,-0.0114237313595,0.0,-0.00750940120364,0.00919213210843,-0.999929554319,0.0,0.607195761319,0.189703387366,0.304199920844,1.0,-0.238402285714,-0.313328718367,1.352
0.408737408417,0.273443541217,-0.126703291349,-1.76917445967,0.0504787084781,2.035181883,0.0893345528107,-0.305454243516,-1.02557751713,-0.0144706172683,-1.42208644281,-0.120154408813,0.438368937998,-0.315209281189,0.573573501138,0.819136566587,0.00307749476431,0.0,0.819105707114,-0.573508263133,-0.0116129063041,0.0,-0.00774773668892,0.00918182563089,-0.999927830723,0.0,0.603297505745,0.184661215047,0.304131500768,1.0,-0.248358857143,-0.326414497959,1.368
0.403281074372,0.255898785522,-0.126942316203,-1.79401096712,0.0482859908571,2.04258919673,0.0838680658859,-0.327732378503,-1.0453611757,-0.0165847470333,-1.45626296149,-0.122237288561,0.427616164725,-0.315245312477,0.57367491739,0.81906548091,0.00309419468224,0.0,0.819034993189,-0.573609796281,-0.0115856999742,0.0,-0.00771473507225,0.009180855956,-0.999928094788,0.0,0.599050710221,0.178984842783,0.304150520367,1.0,-0.258937714286,-0.340318138775,1.385
0.397430352282,0.237809092117,-0.127138351989,-1.81938536659,0.0459999289688,2.04990153285,0.0780506120803,-0.346779564217,-1.06662676555,-0.00534145098697,-1.48301345588,-0.121519717355,0.425373288813,-0.350446541314,0.573701104721,0.819047277439,0.00305723121293,0.0,0.819016034898,-0.573635774184,-0.0116395900698,0.0,-0.00777978714847,0.00918174384432,-0.999927582624,0.0,0.594580756835,0.173099760943,0.304162076587,1.0,-0.269516571429,-0.354221779592,1.402
