position_joint1,position_joint2,position_joint3,position_joint4,position_joint5,position_joint6,position_joint7,velocity_joint1,velocity_joint2,velocity_joint3,velocity_joint4,velocity_joint5,velocity_joint6,velocity_joint7,ee_T_00,ee_T_10,ee_T_20,ee_T_30,ee_T_01,ee_T_11,ee_T_21,ee_T_31,ee_T_02,ee_T_12,ee_T_22,ee_T_32,ee_T_03,ee_T_13,ee_T_23,ee_T_33,v_x,v_y,time
0.465093995087,0.547815112696,-0.123985188465,-1.35576732486,0.079502111329,1.89408996709,0.159154089083,0.000444928094816,0.00140993150056,-0.000119217078506,-0.000337410040117,0.000387920847504,0.00032012661823,0.000481245131525,0.573779572433,0.818995665517,0.00196189284517,0.0,0.818952687557,-0.573720967995,-0.0118950967855,0.0,-0.00861661954259,0.00843202330845,-0.999927324784,0.0,0.661682947182,0.260912820817,0.303220578127,1.0,0.0,0.0,0.0
0.465094074221,0.547810013122,-0.123994905215,-1.35576949712,0.0795015009774,1.89409231912,0.159156468255,0.000419487989446,-0.000546434611389,-0.00261415514322,-0.000250659246673,0.000172484743378,-0.000101869816582,0.00148180300503,0.573788209341,0.818989610118,0.00196373120434,0.0,0.818946712811,-0.573729651786,-0.0118876044235,0.0,-0.00860933944842,0.00842932076069,-0.999927410278,0.0,0.661685299405,0.260907120996,0.30322368178,1.0,-8e-05,-0.000105142857143,0.005
0.465088890782,0.547811127916,-0.123990574695,-1.35577304476,0.0795007889006,1.89409314599,0.159154902885,0.000554417616879,0.000323076879644,-2.4653406908e-05,-0.00149808012061,-9.56793617962e-05,-5.88011827988e-05,0.00114757522284,0.573788159602,0.818989651042,0.00196119531022,0.0,0.818946702389,-0.573729594556,-0.0118910839492,0.0,-0.00861364474322,0.00842923989591,-0.999927373882,0.0,0.661685018665,0.260905701483,0.303221130661,1.0,-0.00038,-0.000499428571429,0.02
0.465085459345,0.547807377828,-0.123988601512,-1.35578233719,0.079500178549,1.89409165937,0.159155614962,-0.000462624298229,-0.00123906944434,-0.0012045536935,-0.00144809392491,-0.000417108355135,-6.77550901212e-05,0.000936884104676,0.573790502957,0.818988022213,0.00195578364868,0.0,0.818944987026,-0.573731944232,-0.0118958519486,0.0,-0.00862063067851,0.00842756834428,-0.999927327769,0.0,0.661683166489,0.260903317692,0.30321916898,1.0,-0.00072,-0.000946285714286,0.037
0.465087534468,0.547758486383,-0.123988156748,-1.35582495093,0.0795001759808,1.89410396011,0.159146617886,0.00948169573488,0.00109330593937,-0.000709462189505,-0.00328189105438,0.000676791374208,0.00382156862066,-0.00128044645222,0.573783449917,0.818992920096,0.00197391358262,0.0,0.818950090704,-0.573724787698,-0.0118896517203,0.0,-0.0086052231074,0.00843878456265,-0.999927365887,0.0,0.661676503469,0.260901370977,0.303234576054,1.0,-0.00106,-0.00139314285714,0.054
0.465089646169,0.547631466599,-0.123983182022,-1.35597706704,0.0794986355902,1.89412969124,0.159150567642,0.000893853834919,-0.0116674685269,0.000960939892115,-0.0105302080299,0.000113055476017,0.000272286822804,-0.00295769900354,0.573789329565,0.818988782111,0.00198165453905,0.0,0.818945919388,-0.573730503149,-0.0119011670121,0.0,-0.00861015239332,0.00845179326253,-0.999927213584,0.0,0.661648513895,0.260890756609,0.303254223864,1.0,-0.00138,-0.00181371428571,0.07
0.465075110575,0.547486261271,-0.12398560112,-1.35618119764,0.0794958795546,1.89417260102,0.159144108155,-0.00230499172192,-0.0114697040117,-0.000301636937582,-0.0149544540693,0.000549200860485,0.0040696880657,0.000317797949332,0.573808087546,0.818975658008,0.00197412219445,0.0,0.81893257947,-0.573749174536,-0.0119189724506,0.0,-0.00862886345839,0.00845603857325,-0.9999270164,0.0,0.661618607425,0.260859879002,0.303263728073,1.0,-0.00174,-0.00228685714286,0.088
0.46505484437,0.547328412652,-0.123981377513,-1.35638196601,0.0794888647335,1.8942962817,0.159139902932,0.00109031620188,-0.0094799587209,-0.000576835904368,-0.0140424763389,-0.0031582162486,0.00686603757602,-0.00214688659358,0.57382568008,0.8189631374,0.00205313467246,0.0,0.818921116017,-0.573766468775,-0.0118740031921,0.0,-0.00854651562366,0.0084951268518,-0.999927392309,0.0,0.66160616998,0.260833381759,0.303295069864,1.0,-0.00208,-0.00273371428571,0.105
0.465037938938,0.547130476389,-0.123985364959,-1.35660062732,0.0794903669575,1.89442499903,0.15913156424,-0.00459346054647,-0.00938307564704,5.50975350524e-05,-0.0127608878384,0.000136113556331,0.00936930822551,-0.00181660576817,0.573846776487,0.818948134214,0.00213950556709,0.0,0.818907150887,-0.5737871304,-0.0118386702983,0.0,-0.00846779922393,0.00854580373002,-0.999927630189,0.0,0.661591929172,0.260802500898,0.303331992923,1.0,-0.0024,-0.00315428571429,0.121
0.465003792812,0.546916619382,-0.123985730745,-1.35691571984,0.0794822384673,1.8945526062,0.159105299976,0.00044609876604,-0.00876597404602,-0.000292951125064,-0.0192390230848,-0.00140757967938,0.00981117323507,-0.00201164508183,0.57387288784,0.818929752726,0.00217154408927,0.0,0.818889123107,-0.573813048172,-0.011829484614,0.0,-0.00844161910402,0.00856703927418,-0.999927669837,0.0,0.661560406427,0.260756543987,0.303350589498,1.0,-0.00274,-0.00360114285714,0.138
0.464961702376,0.546660853709,-0.123986008851,-1.35730475483,0.0794731285449,1.89469162351,0.159074333011,-0.00279388923989,-0.0132226296416,-0.000439309110501,-0.0230132969923,-0.00135835867272,0.00590398442263,-0.0021850692381,0.573901506376,0.818909663417,0.00218427185474,0.0,0.818869066284,-0.573841477849,-0.0118388126763,0.0,-0.00844165484284,0.00858311033428,-0.999927531714,0.0,0.661517179088,0.260693680395,0.303358626217,1.0,-0.00308,-0.004048,0.155
0.46492389954,0.546389666514,-0.123988552452,-1.35770935918,0.0794620628008,1.89484118265,0.158937398479,0.000142720709355,-0.0163894685678,-0.000782543282657,-0.0253461791632,2.8287607577e-05,0.0124462312217,-0.00135046629095,0.573841788422,0.818951453205,0.00220591377411,0.0,0.818911022113,-0.573781564449,-0.011840652946,0.0,-0.00843136961066,0.00860127416724,-0.999927462414,0.0,0.661472373865,0.260631097875,0.303371145305,1.0,-0.0034,-0.00446857142857,0.171
0.464868490875,0.546087878227,-0.123986047135,-1.35821329784,0.0794432450662,1.89500912119,0.158911559096,-0.00712706355159,-0.0205323559438,-0.000237058255164,-0.0361789341883,-0.000730343205094,0.0153406644912,-0.00143100831179,0.573887360649,0.818919579428,0.00218325854578,0.0,0.818878710359,-0.573827074959,-0.0118698216505,0.0,-0.00846777951968,0.008599930136,-0.999927166303,0.0,0.661413063939,0.260548389446,0.30335945064,1.0,-0.00374,-0.00491542857143,0.188
0.464813469735,0.545753588375,-0.123983542455,-1.35877863316,0.0793857110505,1.89519824593,0.158847698108,-0.00212359279233,-0.0209575779814,0.00105873658919,-0.0326485711401,-0.00990548830552,0.00673212871148,-0.00542061609813,0.573894609847,0.818914626703,0.00213491496728,0.0,0.818873291314,-0.573834681387,-0.0118759467642,0.0,-0.00850046192133,0.00856393156296,-0.999927197962,0.0,0.661346755633,0.260454246419,0.303343292945,1.0,-0.00408,-0.00536228571429,0.205
0.464746484081,0.545409277125,-0.123988927635,-1.35937723977,0.0793094335748,1.89540248272,0.158760287931,-0.00426835051742,-0.0218933855547,-0.000559958297718,-0.0397729276329,-0.00223365828047,0.0130945163021,-0.0124618296668,0.573894774574,0.818914682369,0.00206824039755,0.0,0.818872835507,-0.573835471655,-0.0118691886736,0.0,-0.00853318745891,0.00850545499343,-0.99992741834,0.0,0.661281995488,0.260341799539,0.303319909329,1.0,-0.0044,-0.00578285714286,0.221
0.464681961614,0.544996096968,-0.123996927119,-1.36007274606,0.0792978606363,1.89561851303,0.158692782097,-0.0113003982791,-0.0246783963908,-0.00105589087009,-0.0374690292083,0.00095958121438,0.0142091130404,-0.000705985069404,0.573933456132,0.818887676586,0.00202681237819,0.0,0.818844992772,-0.573874022368,-0.0119260708097,0.0,-0.0086031430813,0.0085045799446,-0.999926826347,0.0,0.661195394013,0.260230151782,0.303300357208,1.0,-0.00474,-0.00622971428571,0.238
0.46460863266,0.544533665404,-0.123994570719,-1.36084352171,0.0792698272815,1.89589719883,0.158582823152,-0.00565724479432,-0.0280984773658,0.000569089556857,-0.0428473909109,0.000380286282323,0.0142391919619,-0.00795521374224,0.573937371601,0.818884970093,0.00201150096176,0.0,0.818841887038,-0.573877803888,-0.0119573048025,0.0,-0.00863746772915,0.00851000917713,-0.999926484245,0.0,0.661106031097,0.260111988375,0.303284869422,1.0,-0.0051,-0.00670285714286,0.256
0.464550160766,0.544081342881,-0.124000357595,-1.36158411692,0.0792325387334,1.89616684886,0.158515868026,-0.00598023563359,-0.028304850203,0.00034637666183,-0.0447864164964,-0.00258747236012,0.0172228436117,-0.00281748938947,0.573965848792,0.818865045366,0.0019971977996,0.0,0.81882172521,-0.573906287665,-0.0119708898928,0.0,-0.00865650558482,0.00850639470044,-0.999926350368,0.0,0.661019964089,0.260000274653,0.303276011973,1.0,-0.00542,-0.00712342857143,0.272
0.464484078243,0.543565440177,-0.124001348347,-1.36241668178,0.0791846859385,1.89644788461,0.158381911616,-0.0028936804955,-0.0355031790436,0.000177718960995,-0.0441312463357,-0.00274123860785,0.0118045941545,-0.00500612247615,0.573944439162,0.81888012097,0.00196853659099,0.0,0.818836359739,-0.573884935827,-0.0119934691214,0.0,-0.00869166729133,0.00849565781241,-0.999926136631,0.0,0.660918037497,0.259875293291,0.303269129471,1.0,-0.00576,-0.00757028571429,0.289
0.464403565284,0.54298015438,-0.124007318001,-1.3633412876,0.0791261840501,1.89678157259,0.158287238704,-0.00501076678311,-0.0383671442564,-0.000865853312104,-0.053472705135,-0.000513199053053,0.0206031931173,-0.0102431420897,0.573972843086,0.818860232077,0.00196026100667,0.0,0.818816399553,-0.573913407177,-0.0119938228397,0.0,-0.00869641191359,0.00848938590142,-0.999926148646,0.0,0.660812604464,0.259729735503,0.303272175561,1.0,-0.00612,-0.00804342857143,0.307
0.464349930658,0.54250372084,-0.124003092613,-1.36409098796,0.0790895178444,1.8970480936,0.158177370866,-0.00498216008231,-0.0350544819215,0.000168497832741,-0.0502510902922,-0.00411239684,0.0216051590532,-0.0037680204032,0.573952719934,0.81887435911,0.00195094204493,0.0,0.8188302978,-0.57389322171,-0.0120108442999,0.0,-0.00871590782118,0.00849131069434,-0.999925962556,0.0,0.66071357335,0.259615028943,0.303272690657,1.0,-0.00642,-0.00843771428571,0.322
0.464259849641,0.541823108686,-0.124007993977,-1.36515695211,0.0790293363195,1.89744666678,0.158029978758,-0.00327342832815,-0.0383505208614,-0.000345509730489,-0.0577255278055,-0.000554140347507,0.0184723860525,-0.0142394512035,0.57395537634,0.818872446044,0.00197230371812,0.0,0.818828627018,-0.573895751081,-0.0120038897081,0.0,-0.00869792526569,0.00850483952507,-0.999926004163,0.0,0.660600019134,0.259463517875,0.303283908562,1.0,-0.00678,-0.00891085714286,0.34
0.464177429649,0.541203771904,-0.124007683171,-1.36610408041,0.0789717649,1.89779419091,0.157921445725,-0.0103691946027,-0.0398371109991,-5.28638105678e-05,-0.0581856247072,-5.2704233675e-05,0.0196610615283,-0.0133877796791,0.573970915265,0.818861514277,0.00198891093963,0.0,0.818817903843,-0.573911209623,-0.0119962793209,0.0,-0.00868200032258,0.00851423523349,-0.999926062601,0.0,0.660491607309,0.259319229311,0.303301072691,1.0,-0.0071,-0.00933142857143,0.356
0.464088481265,0.540547808303,-0.124010540365,-1.36710857619,0.0789123146657,1.89815917689,0.157792482013,-0.00548424388341,-0.0404259728859,-0.00372559100131,-0.0660718862256,-0.00288453724407,0.0192093517868,-0.0133320466627,0.573979879315,0.818855196316,0.0020031248499,0.0,0.818811757545,-0.573920098907,-0.0119905245035,0.0,-0.00866903659009,0.00852266607411,-0.999926103253,0.0,0.660376754672,0.259163353265,0.303318352325,1.0,-0.00742,-0.009752,0.372
0.46399542014,0.539775118017,-0.124016295515,-1.36828840558,0.0788472558937,1.89861225198,0.157640220795,-0.00403720275873,-0.0405045231302,-0.00171571590368,-0.0684975585932,-0.000656901428248,0.0287483313266,-0.00992103375275,0.573983458305,0.818852587625,0.00204358342172,0.0,0.818809663307,-0.573923494429,-0.0119709948809,0.0,-0.0086297857462,0.00854462340502,-0.999926255385,0.0,0.660243882475,0.258988877733,0.303342304445,1.0,-0.00778,-0.0102251428571,0.39
0.463884430596,0.539020618488,-0.124011479538,-1.36945796141,0.0787774591815,1.89905665831,0.157495819045,-0.0113118298017,-0.0458456702413,0.000723777975594,-0.0677403174712,-0.00477397688252,0.0288729424661,-0.00310021756298,0.573998781384,0.818841781804,0.00206935795426,0.0,0.818799168698,-0.573938683551,-0.0119605921503,0.0,-0.00860631370591,0.00855991869654,-0.999926326864,0.0,0.660113417587,0.258808334502,0.303357056174,1.0,-0.00812,-0.010672,0.407
0.463775910569,0.538294204877,-0.124024734946,-1.37059212266,0.0787151253895,1.89949993171,0.157361409121,-0.00598957024705,-0.0442312127683,-0.00149839623107,-0.0695427213022,-0.00251512547674,0.0306841094954,-0.00527073727701,0.57403300352,0.81881771795,0.00209822362172,0.0,0.818775515888,-0.573972816757,-0.0119418217823,0.0,-0.00857401701401,0.00857313901302,-0.999926491058,0.0,0.659993024418,0.258623910555,0.303369199611,1.0,-0.00844,-0.0110925714286,0.423
0.463660498769,0.537497907846,-0.124023694539,-1.37185084392,0.0786220104974,1.8999673824,0.157198318987,-0.00824283707497,-0.0489581158328,0.000449758538524,-0.0775596620259,-0.000885225516295,0.029568970074,-0.00687346547079,0.574037704532,0.818814436841,0.00209253363879,0.0,0.81877229739,-0.573977677262,-0.0119288697304,0.0,-0.00856662808702,0.00856109440012,-0.999926657583,0.0,0.659850408285,0.258426051135,0.303372865087,1.0,-0.00878,-0.0115394285714,0.44
0.463548568748,0.536656830443,-0.12403776153,-1.37315361909,0.0785638275602,1.90045442992,0.157041829788,-0.00952682967468,-0.0513697569357,0.000188522631907,-0.0757637149892,-9.64857967055e-06,0.0293441611593,-0.0101794852309,0.574067299856,0.818793613639,0.00212141490343,0.0,0.818751731037,-0.574007030994,-0.011928042322,0.0,-0.0085490624022,0.00858457645249,-0.999926606596,0.0,0.65970300225,0.258224062494,0.303389289272,1.0,-0.00912,-0.0119862857143,0.457
0.46342477789,0.53579430778,-0.12404494266,-1.37451825136,0.0784946151707,1.90095616798,0.156876521619,-0.00924064254775,-0.0560334727907,-0.000531206758105,-0.0798156080418,0.000474769222389,0.0312358406216,-0.0116178694456,0.574094846535,0.818774287976,0.0021258958832,0.0,0.818732360331,-0.574034452004,-0.0119380467261,0.0,-0.00855439292819,0.00859427632384,-0.999926477685,0.0,0.659546523545,0.25801041544,0.303392286048,1.0,-0.00946,-0.0124331428571,0.474
0.463311744435,0.534944657942,-0.124051017512,-1.37585107119,0.0784003605334,1.90143814536,0.156714339094,-0.00920228378748,-0.0573337890441,-0.00179889834634,-0.0812327823727,-0.00965044782139,0.0369587755596,-0.0131751070847,0.574101804411,0.818769460602,0.00210605304956,0.0,0.81872734373,-0.57404155999,-0.0119403071288,0.0,-0.00856756180137,0.0085794002669,-0.999926492686,0.0,0.659376323178,0.257795956959,0.303391239512,1.0,-0.0098,-0.01288,0.491
0.463196587199,0.534059052675,-0.124049159597,-1.37732189087,0.0783227388575,1.90196688641,0.156529615678,-0.00658015377013,-0.0561075550359,-0.000522734327923,-0.0899155797238,-0.00234676655552,0.0341793343977,-0.0143219716314,0.574118090152,0.818758122416,0.00207423206242,0.0,0.818715500272,-0.574057884902,-0.011967510094,0.0,-0.00860793255337,0.00856913496209,-0.999926233991,0.0,0.659202443988,0.257571540321,0.303370509913,1.0,-0.01014,-0.0133268571429,0.508
0.463062532173,0.533124342503,-0.124046769403,-1.37879010785,0.0782431919309,1.9025374356,0.156343821807,-0.00624174745262,-0.0543837163017,0.000672539784146,-0.0813639153642,-0.0016629131497,0.0296805898613,-0.0115041836628,0.57412330224,0.818754380865,0.00210820789135,0.0,0.818712111707,-0.574062865636,-0.0119604073366,0.0,-0.00858255728113,0.00859292933139,-0.999926247918,0.0,0.65904657984,0.257365106658,0.303379581394,1.0,-0.01046,-0.0137474285714,0.524
0.462940977692,0.532176205815,-0.124047018726,-1.38034695445,0.0781600068422,1.90312070976,0.156160342212,-0.00765562004917,-0.0539852642896,0.000715028896209,-0.0933827704277,-0.00773348085916,0.0418315325387,-0.0115777520118,0.574135607479,0.818745798272,0.00209020029428,0.0,0.818703180177,-0.574075130039,-0.0119831022504,0.0,-0.0086113484072,0.00859134472817,-0.999926014,0.0,0.658861071938,0.257138612371,0.303357620332,1.0,-0.0108,-0.0141942857143,0.541
0.462811078215,0.531172584728,-0.124051737525,-1.38196125288,0.0780509738991,1.90369521121,0.155951768374,-0.00326894734381,-0.0606910052763,-0.000569249528124,-0.098288936587,-0.00485231226915,0.0344647170731,-0.00657167420999,0.574133044021,0.818747693359,0.00205165379855,0.0,0.818704638802,-0.574072794292,-0.0119953390603,0.0,-0.00864352397222,0.00856678394796,-0.999925947111,0.0,0.658666031244,0.256893210045,0.303346541883,1.0,-0.01114,-0.0146411428571,0.558
0.462691731434,0.530197281979,-0.124057755678,-1.38350645521,0.0779590537059,1.90424592777,0.155751556219,-0.0114165188209,-0.061026745463,-0.00203144806033,-0.0980998247315,-0.00321711089482,0.0359978287028,-0.015722927888,0.574130289823,0.818749666655,0.00203483715606,0.0,0.818706353631,-0.574070072707,-0.0120085406135,0.0,-0.00866401631936,0.00856056582847,-0.999925823016,0.0,0.658477838712,0.256663001982,0.30334617325,1.0,-0.01146,-0.0150617142857,0.574
0.46254928559,0.529140887955,-0.124060944545,-1.38516281746,0.0778520368605,1.90486024269,0.155521333023,-0.00899819208821,-0.0699813353542,-0.00133450620272,-0.100837360112,-0.00882828594402,0.0327151806048,-0.0116207545634,0.574121782576,0.818755613973,0.00204212176849,0.0,0.818712450611,-0.574061589779,-0.0119983855758,0.0,-0.00865160845011,0.00856060985058,-0.999925930072,0.0,0.658284175895,0.256408995368,0.303355191973,1.0,-0.0118,-0.0155085714286,0.591
0.462405837667,0.527998934803,-0.124050666054,-1.38696779293,0.0777389972462,1.90556051203,0.155268580313,-0.00700044674646,-0.0637184677529,0.00179634199661,-0.098670263961,-0.00484930120487,0.0400260552043,-0.0172716636833,0.574092595184,0.818776004186,0.00207220299922,0.0,0.818733233955,-0.574032280559,-0.0119824619755,0.0,-0.00862160691583,0.00857578926568,-0.999926059133,0.0,0.658072159796,0.256150514536,0.303360487825,1.0,-0.01216,-0.0159817142857,0.609
0.462277960297,0.526956111816,-0.124056006368,-1.38853119491,0.0776481699887,1.90615222714,0.155054035555,-0.00713899476099,-0.0732209377107,0.000264537207675,-0.105044930921,-0.00955674748289,0.037760270288,-0.0188133303294,0.574085479555,0.81878083474,0.0021339466206,0.0,0.818738865009,-0.574024905402,-0.0119509749696,0.0,-0.00856045556982,0.00860819196508,-0.9999263061,0.0,0.657890311251,0.25591682949,0.303401779538,1.0,-0.01246,-0.016376,0.624
0.462115271397,0.525724687119,-0.124056361134,-1.39045581659,0.0775215409244,1.90685414897,0.154800600111,-0.00892905239669,-0.0711604962538,0.000493273328831,-0.111027710403,-0.0104829323273,0.037645238804,-0.0186504117991,0.574080984459,0.818783981745,0.0021357487297,0.0,0.818742083957,-0.574020452209,-0.0119443419359,0.0,-0.00855403708969,0.0086058126316,-0.999926381509,0.0,0.657659920078,0.255624490509,0.303412963901,1.0,-0.01282,-0.0168491428571,0.642
0.461962446452,0.524551200558,-0.124064870578,-1.39231427555,0.0774062696783,1.90751652347,0.154548982319,-0.00247347753472,-0.0682242437699,-0.000750528734283,-0.11424479029,-0.00474635541072,0.0404279199221,-0.0115338876029,0.574074872584,0.818788325053,0.0021133683415,0.0,0.818746131782,-0.574014429375,-0.0119563147682,0.0,-0.00857675214934,0.00859429749865,-0.99992628597,0.0,0.657433725614,0.255340179769,0.303411416916,1.0,-0.01316,-0.017296,0.659
0.461806104659,0.523423465839,-0.124068369653,-1.39411436483,0.077297046358,1.90817502653,0.1543052172,-0.00890201309763,-0.072319665271,0.000104148861084,-0.111647839043,-0.0056289889509,0.042001651251,-0.00968961464213,0.574072929957,0.818789721297,0.00210006915785,0.0,0.818747328577,-0.574012515906,-0.0119662204976,0.0,-0.00859251779791,0.00858907464066,-0.999926195494,0.0,0.657218121117,0.255063539919,0.303404701325,1.0,-0.01348,-0.0177165714286,0.675
0.461643979564,0.522198462137,-0.124071644532,-1.39605023972,0.0771729303908,1.9089346504,0.154044091195,-0.00810321128407,-0.0814987130184,-0.000455503050973,-0.120078252869,-0.00158479294314,0.0381831091068,-0.0192236744242,0.574062710248,0.818796788582,0.00213789908093,0.0,0.818755005869,-0.574002259097,-0.011932888053,0.0,-0.0085436160052,0.00860080722353,-0.99992651367,0.0,0.65698183022,0.254753672234,0.303412945813,1.0,-0.01384,-0.0181897142857,0.693
0.461477461335,0.520948659715,-0.124080725907,-1.39807084915,0.07705451138,1.90969748005,0.153769206914,-0.00740274043527,-0.075514282576,-0.00025758467679,-0.121910325772,-0.0123276763385,0.0369650783281,-0.0209636617357,0.574058542512,0.8187997423,0.00212571867407,0.0,0.818757777088,-0.573998117839,-0.011941946087,0.0,-0.00855806862997,0.0085959903612,-0.999926431499,0.0,0.656754540995,0.254467350218,0.303392885241,1.0,-0.01416,-0.0186102857143,0.709
0.461329022258,0.519789544198,-0.124081947811,-1.39988420395,0.0769367129843,1.91035597813,0.153528283643,-0.00748877636063,-0.0841963712672,0.000360103499239,-0.122952390247,-0.00772426976178,0.054051890451,-0.0162326414049,0.574048354193,0.818806887082,0.00212499802333,0.0,0.81876493847,-0.573987959859,-0.0119391947568,0.0,-0.00855633634894,0.00859371443198,-0.999926465887,0.0,0.656532764196,0.25419481759,0.303400865539,1.0,-0.01446,-0.0190045714286,0.724
0.461125894755,0.518297914648,-0.124086560191,-1.4022048597,0.0767850182332,1.9111756894,0.153211129497,-0.013139112753,-0.0754833417268,5.78807028885e-05,-0.123364646684,-0.00416506243547,0.0472585206754,-0.0142147546142,0.574040234789,0.818812613825,0.00211167844489,0.0,0.818770514079,-0.573979918671,-0.0119434140389,0.0,-0.0085675219965,0.00858514553564,-0.999926443716,0.0,0.656247814032,0.253834105429,0.303414507762,1.0,-0.01484,-0.019504,0.743
0.460932034727,0.516841271221,-0.124090444631,-1.40446002159,0.0766390991289,1.91199244157,0.152901455479,-0.0152547837745,-0.0821492202013,0.00159335467212,-0.123051657677,-0.0135154862456,0.0410027733048,-0.0192085922122,0.574027980642,0.818821177147,0.00212230941389,0.0,0.818779250467,-0.573967657079,-0.0119337560178,0.0,-0.00855363987246,0.00858817812857,-0.999926536522,0.0,0.655973112547,0.253487994509,0.303433997392,1.0,-0.0152,-0.0199771428571,0.761
0.460756051747,0.515563902514,-0.124096936157,-1.4065121509,0.0765147465725,1.91278703328,0.152618756478,-0.0096993758378,-0.0857924172925,0.000785780380484,-0.132255086373,-0.00510129707961,0.0537195046227,-0.0167751236905,0.574020320033,0.818826514082,0.00213516442094,0.0,0.818784790306,-0.573959980535,-0.0119228691631,0.0,-0.00853742683707,0.0085923747552,-0.999926639029,0.0,0.655731479709,0.253175799716,0.30342219716,1.0,-0.01552,-0.0203977142857,0.777
0.460582921411,0.514252977207,-0.124102581555,-1.40861158464,0.0763886641289,1.91353532834,0.152333385667,-0.0122184159685,-0.0840424351607,-0.0020881643383,-0.134004756483,-0.00338087066846,0.0465002468495,-0.0228804063151,0.574008819434,0.818834665334,0.0021007046192,0.0,0.81879241764,-0.57394854751,-0.0119494153638,0.0,-0.00857906433901,0.00857927599747,-0.99992639513,0.0,0.655468669581,0.25285749621,0.303406979762,1.0,-0.01584,-0.0208182857143,0.793
0.460410916008,0.513011797388,-0.124100332021,-1.41061511913,0.0762614400043,1.91423336656,0.152056540021,-0.00660578789889,-0.0866424716875,0.00175563104824,-0.136016251217,-0.0105567393919,0.042856832928,-0.019479478399,0.573991938382,0.81884664158,0.00204429631698,0.0,0.818803584325,-0.573931829649,-0.011987164525,0.0,-0.00864252908327,0.0085545776553,-0.999926060213,0.0,0.655214031089,0.252551497315,0.303383548602,1.0,-0.01614,-0.0212125714286,0.808
0.460199970267,0.511507532867,-0.124106459918,-1.41305297181,0.0761168574606,1.91513732788,0.15171656412,-0.00928268229835,-0.0823654365418,-0.000190749420895,-0.135663419089,-0.00986531122375,0.0584022216058,-0.01790555479,0.573979384288,0.818855506495,0.00201811695984,0.0,0.81881204617,-0.573919326818,-0.0120077580055,0.0,-0.00867454944835,0.00854482853838,-0.999925866301,0.0,0.65491589185,0.252178174129,0.303355442839,1.0,-0.0165,-0.0216857142857,0.826
0.460005224322,0.510040126357,-0.124109677508,-1.41537986436,0.0759773175764,1.91601195195,0.151377738691,-0.0148441846315,-0.0852444723494,-3.96108450414e-05,-0.13688578946,-0.00784314263912,0.0521383333335,-0.0169730328558,0.573947590202,0.818877761367,0.00203040440183,0.0,0.818834424268,-0.573887448107,-0.0120053921069,0.0,-0.00866589185734,0.00855319556413,-0.999925869834,0.0,0.654631387983,0.251828731267,0.303351158294,1.0,-0.01684,-0.0221325714286,0.843
0.459801777666,0.508541544874,-0.124111049531,-1.4177615235,0.0758222630408,1.916854765,0.151056188119,-0.0136767892594,-0.0834382775004,0.000727935443016,-0.142364088429,-0.00847545839955,0.0491122262842,-0.0249480542126,0.573933224361,0.818887916514,0.00199526037453,0.0,0.818844105067,-0.573873218011,-0.0120253128008,0.0,-0.00870252440349,0.00853569808407,-0.999925701203,0.0,0.654314479201,0.251440505235,0.303340839641,1.0,-0.0172,-0.0226057142857,0.861
0.459578261112,0.507003944666,-0.124118511476,-1.42016138423,0.0756711268405,1.91772404606,0.150715164998,-0.0144127497244,-0.089482326915,-0.00511591502827,-0.145630702965,-0.0114797171871,0.0488601831834,-0.0183736600004,0.573925991824,0.818892988938,0.00199386026201,0.0,0.818849159906,-0.57386599304,-0.0120258993241,0.0,-0.0087038836197,0.00853481131926,-0.999925696942,0.0,0.654035609046,0.251083593117,0.303347984539,1.0,-0.01752,-0.0230262857143,0.877
0.459387297081,0.505597001391,-0.124125105121,-1.42231324947,0.0755340829787,1.91855543743,0.150417716892,-0.0162299674008,-0.0972957626174,0.000261110507054,-0.14237814503,-0.0121315389956,0.0531695494049,-0.0218754457011,0.573917792886,0.818898566624,0.00206191439378,0.0,0.818855722796,-0.573857603397,-0.011979280867,0.0,-0.00862673677016,0.00856369771453,-0.999926118518,0.0,0.653779701673,0.250752307696,0.303379512266,1.0,-0.01782,-0.0234205714286,0.892
0.459139372701,0.503748965909,-0.124128992066,-1.42509244565,0.0753563128715,1.91961695821,0.150037450828,-0.0123339113597,-0.0979095059445,0.000750539170152,-0.144682973414,-0.0114594189296,0.0536780877154,-0.0223907846293,0.573907260912,0.818905674454,0.00216774570119,0.0,0.818864306292,-0.573846733845,-0.011913053219,0.0,-0.00851187697065,0.00861224313418,-0.999926685922,0.0,0.653445685401,0.250325877071,0.303439896034,1.0,-0.0182,-0.02392,0.911
0.458918857375,0.50215540025,-0.124137633104,-1.42743536333,0.0752106802909,1.92049760072,0.149703047236,-0.0128117145933,-0.102900825613,-5.6249432919e-05,-0.148204703297,-0.0104516419456,0.0541549446568,-0.0213685031638,0.573900819445,0.818909882594,0.00228046740561,0.0,0.818869995533,-0.573839858323,-0.011853029849,0.0,-0.0083981018786,0.00867003680259,-0.99992714852,0.0,0.653184059407,0.249981463205,0.303512844363,1.0,-0.0185,-0.0243142857143,0.926
0.458696138154,0.5004421007,-0.124140064136,-1.43002738626,0.0750416741539,1.92140142296,0.149344764395,-0.0129685285147,-0.0996698897652,-0.000174790085102,-0.154675357248,-0.00366212838239,0.0512188891448,-0.0298523097996,0.573877843861,0.818925937239,0.0022970727175,0.0,0.81888628217,-0.573816837264,-0.0118423413323,0.0,-0.00838006281509,0.00867726571179,-0.999927237156,0.0,0.652831458843,0.249558409428,0.303554226758,1.0,-0.01886,-0.0247874285714,0.944
0.458446666465,0.498748944245,-0.124140476625,-1.43264571998,0.0748689617519,1.92236836835,0.148983350614,-0.0157563638672,-0.0978596412935,-0.00551345249028,-0.153194633583,-0.0110797387251,0.0556216522002,-0.0209622068666,0.57386231586,0.818936731204,0.00232800834207,0.0,0.818897543784,-0.573801259228,-0.0118184006385,0.0,-0.00834286889484,0.00868870235783,-0.999927448863,0.0,0.652491853385,0.249124602195,0.303569782088,1.0,-0.01922,-0.0252605714286,0.962
0.458204056297,0.497177834493,-0.124140857358,-1.43514764917,0.0747240233112,1.92328192115,0.148604986669,-0.016598502257,-0.10172111393,-0.00156420849812,-0.155928468395,-0.0105108747697,0.0498483312612,-0.0288899775225,0.573849908516,0.818945458897,0.00231619272648,0.0,0.818905957024,-0.573788731947,-0.0118436287517,0.0,-0.00837044185258,0.00869337667146,-0.999927177801,0.0,0.652196226074,0.248748946444,0.303556465533,1.0,-0.01952,-0.0256548571429,0.977
0.45793710532,0.495502953279,-0.124133805618,-1.43784634739,0.0745542612103,1.92421010339,0.148215063726,-0.0182487050333,-0.0992790630362,0.000831451659664,-0.15969351998,-0.00913095062947,0.0555774594306,-0.0223969119515,0.573834230231,0.818956666957,0.00223623862589,0.0,0.818915950614,-0.573773192108,-0.0119053244519,0.0,-0.00846701407372,0.00866314096492,-0.999926627139,0.0,0.651846086436,0.248316819532,0.303519296392,1.0,-0.01986,-0.0261017142857,0.994
0.457640854259,0.493704604542,-0.124143867154,-1.44080408824,0.0743706662103,1.92526551175,0.147809650283,-0.0185409047052,-0.100925900167,0.00297104377415,-0.162556729287,-0.0119479460926,0.0608952378432,-0.0251543360107,0.573851250236,0.818944988329,0.002143733864,0.0,0.818902982657,-0.573790500767,-0.011962989834,0.0,-0.00856714138663,0.00862065270231,-0.99992614149,0.0,0.651472287186,0.247832982024,0.303455818902,1.0,-0.0220165714286,-0.0289360653061,1.012
0.457392051202,0.49194725016,-0.124177443759,-1.44354396041,0.0742032580999,1.92629917055,0.147411687291,-0.0208940755452,-0.117744707641,-0.00192721481968,-0.190714416635,-0.0114932902261,0.0734905485202,-0.0216819166984,0.573840933076,0.818952145665,0.00217106853731,0.0,0.818910605165,-0.573780182702,-0.0119360624505,0.0,-0.00852951207218,0.00862747836929,-0.999926404312,0.0,0.651110334073,0.247364048179,0.303460217537,1.0,-0.0249788571429,-0.032829355102,1.028
0.457033786446,0.489642039198,-0.124189449704,-1.44730446235,0.0739848811233,1.92762510283,0.146873419467,-0.0214673771864,-0.136172840499,-0.00120574983062,-0.222384626474,-0.0154623014466,0.0744659774776,-0.0264939289194,0.573835505841,0.818956198012,0.0020748191769,0.0,0.81891312866,-0.573774881287,-0.0120174961704,0.0,-0.00865149041445,0.00859532814417,-0.999925633259,0.0,0.650649740625,0.246791994237,0.303394377859,1.0,-0.0281262857143,-0.0369659755102,1.045
0.456734408466,0.487726631723,-0.124199479659,-1.45029236681,0.0738028441734,1.92872862663,0.146441236405,-0.02672048262,-0.149863540436,-0.0034958404431,-0.231716951005,-0.0107256912851,0.0882900471323,-0.0317467299499,0.573848695769,0.818946802166,0.00213459279754,0.0,0.818904531481,-0.573787837887,-0.0119846699419,0.0,-0.00859016912523,0.00862558099931,-0.999925901428,0.0,0.650196689924,0.246187092426,0.303411990811,1.0,-0.0309034285714,-0.0406159346939,1.061
0.45621578972,0.484466335088,-0.124243399691,-1.45528083181,0.0734911445291,1.93061253093,0.145689909349,-0.0266201471131,-0.171958936831,-0.00184630129961,-0.270153925912,-0.0161726569872,0.0906522847913,-0.038717667476,0.573836522197,0.81895510047,0.0022217352971,0.0,0.818914091635,-0.573775436299,-0.0119250208751,0.0,-0.008491443016,0.00866258963043,-0.999926424762,0.0,0.649672429949,0.245474679852,0.303453559573,1.0,-0.034236,-0.0449958857143,1.078
0.455727930166,0.481424539562,-0.12429549719,-1.46004169131,0.0731990794372,1.93224194611,0.144964845926,-0.0252234195856,-0.182998257673,-0.00441845613879,-0.295501525878,-0.0190493631539,0.101267046108,-0.0431147064785,0.573833645884,0.818957327522,0.00214230042833,0.0,0.818915167902,-0.573772768508,-0.0119793488967,0.0,-0.00858154713154,0.00862868189654,-0.999925948707,0.0,0.649055863624,0.244667364067,0.303440424762,1.0,-0.0373834285714,-0.0491325061224,1.095
0.455185910787,0.478108266624,-0.12433868734,-1.46517710665,0.0728947095173,1.93410251923,0.144219995187,-0.0329595224648,-0.200714171877,0.000334133062702,-0.314509856207,-0.0183480384566,0.114372148813,-0.0415882026795,0.573866583546,0.818934151104,0.00217884057549,0.0,0.818892357133,-0.57380543919,-0.0119738166872,0.0,-0.00855570155459,0.00865577581946,-0.999925936015,0.0,0.648408255013,0.243803365847,0.303456663745,1.0,-0.0405308571429,-0.0532691265306,1.112
0.454620832596,0.474740430055,-0.124369159101,-1.47031207443,0.0725793793972,1.93600824504,0.143478099759,-0.0390791415855,-0.212030405131,-0.000606616999543,-0.327974168427,-0.0256891543515,0.126181150561,-0.0499579072799,0.573906684964,0.81890573365,0.00229417738582,0.0,0.818865454075,-0.573845079319,-0.0119138560328,0.0,-0.00843998510707,0.00871623204217,-0.999926394266,0.0,0.647769841786,0.242934453081,0.303509573489,1.0,-0.0434931428571,-0.0571624163265,1.128
0.453977240038,0.470919332558,-0.124393350434,-1.47617552567,0.072215166736,1.93806974298,0.14260461823,-0.0381251837773,-0.234020376747,-0.0020157240704,-0.351260869746,-0.0189078167215,0.127782770619,-0.0527317150388,0.573913895591,0.818900628643,0.00231252183581,0.0,0.818860385506,-0.573852006303,-0.011928571295,0.0,-0.0084414317609,0.00873977361043,-0.999926176569,0.0,0.646963281112,0.241880445726,0.303540980077,1.0,-0.0468257142857,-0.0615423673469,1.146
0.45322056008,0.466331885998,-0.124407552157,-1.48304635527,0.0717723569916,1.94066934966,0.141492592557,-0.0429280176172,-0.245035443388,-0.000295102311024,-0.367784688426,-0.0289647357012,0.138303882934,-0.0546356713741,0.573842594063,0.818949810732,0.00257519750765,0.0,0.818913145366,-0.57377987412,-0.0117755382982,0.0,-0.00816613558226,0.00886633923899,-0.99992734849,0.0,0.646147611125,0.240797662023,0.30366132376,1.0,-0.0501582857143,-0.0659223183673,1.164
0.452572478037,0.462514394448,-0.124413346253,-1.48896727018,0.071383914997,1.94268446618,0.14060244024,-0.0485117231934,-0.2597355403,0.00417247059514,-0.398888367082,-0.0264816097457,0.141982848802,-0.055256568103,0.573819712141,0.818966078838,0.00249931442572,0.0,0.818928179134,-0.573757012461,-0.0118437735704,0.0,-0.00826580876396,0.00884312001005,-0.999926735133,0.0,0.645347865806,0.239801602367,0.303649454743,1.0,-0.0529354285714,-0.069572277551,1.179
0.451796611984,0.457979920762,-0.124424953739,-1.49596887491,0.0709041795311,1.94511032604,0.139564230068,-0.0444434085391,-0.269300051647,-0.000302103607003,-0.424149687677,-0.0287278906934,0.14516987253,-0.0588638960884,0.573806330659,0.818975604212,0.00244979634742,0.0,0.818937020801,-0.5737437809,-0.0118733627174,0.0,-0.00831859914551,0.00881940941672,-0.999926506762,0.0,0.644407642328,0.238615982783,0.303648670632,1.0,-0.0560828571429,-0.0737088979592,1.196
0.450945810976,0.453262600247,-0.124442071176,-1.50329865672,0.0704159568265,1.94773249235,0.138394951669,-0.0482150204205,-0.287098857607,-0.00202252047845,-0.433687749621,-0.0312801162825,0.163379814142,-0.0729894519967,0.573760929115,0.819007422299,0.00244649584493,0.0,0.818968758621,-0.573698358425,-0.0118790927505,0.0,-0.00832567477771,0.00881953276197,-0.999926446786,0.0,0.643439392575,0.23735570617,0.303629742127,1.0,-0.0592302857143,-0.0778455183673,1.213
0.450035460644,0.448204240748,-0.124492579528,-1.51085377756,0.0698854462257,1.95056717846,0.137218373985,-0.0509110169341,-0.299867305088,-0.00174010688698,-0.451287373798,-0.0347157329385,0.157405329044,-0.0624097911512,0.573776923826,0.818995427808,0.0026977426796,0.0,0.818960628273,-0.573714073691,-0.0116789506588,0.0,-0.00801742860904,0.00891062897956,-0.999928158184,0.0,0.642479453831,0.236024272546,0.3037506328,1.0,-0.0623777142857,-0.0819821387755,1.23
0.449143229092,0.443290457933,-0.124523699884,-1.51847653343,0.0693865946379,1.95309292065,0.136077861518,-0.055644463699,-0.309770277392,-0.00254720849224,-0.478994808952,-0.0382127339142,0.155598085472,-0.076262978896,0.573800221356,0.818979597838,0.00254385515244,0.0,0.818942385309,-0.573737471938,-0.0118080371154,0.0,-0.00821119455483,0.00885889567821,-0.999927045464,0.0,0.641415992959,0.234693339376,0.30370774036,1.0,-0.06534,-0.0858754285714,1.246
0.448061869147,0.437560678137,-0.124550852839,-1.52739502228,0.0687704512669,1.95614598438,0.134630320447,-0.0646353361526,-0.323403082941,-0.00097693209057,-0.496617453764,-0.0323379548113,0.177545713845,-0.0821505724591,0.573743635045,0.81901964063,0.00241172314757,0.0,0.818980568408,-0.573681248628,-0.0118911918552,0.0,-0.00835572020676,0.00879781941954,-0.999926387447,0.0,0.640186139657,0.233121154732,0.303645426824,1.0,-0.0686725714286,-0.0902553795918,1.264
0.447029122315,0.432159963459,-0.124567952709,-1.53537980003,0.0682310761301,1.95914833679,0.133316571142,-0.0636704291956,-0.337307768915,-0.00214348627787,-0.504516925198,-0.0331852651155,0.186149896061,-0.0744828502576,0.573725770385,0.819031079063,0.00275296683462,0.0,0.818996730378,-0.573662437297,-0.0116837735706,0.0,-0.00799025384809,0.00895812530088,-0.999927951322,0.0,0.639147047472,0.231701254271,0.30378940956,1.0,-0.0716348571429,-0.0941486693877,1.28
0.445934013938,0.426695650633,-0.124628590736,-1.54387625719,0.0676192564708,1.96198641768,0.131967184496,-0.0654087621679,-0.345736928365,-0.00967164038873,-0.54098904573,-0.0398125197441,0.180756604667,-0.090942358826,0.573756004574,0.819010534178,0.0025571511711,0.0,0.818973689855,-0.573693422495,-0.0117770629586,0.0,-0.00817867528244,0.00885157053902,-0.999927376848,0.0,0.637959564485,0.230138560862,0.303714304719,1.0,-0.0745971428571,-0.0980419591837,1.296
0.444694258384,0.4206015429,-0.124738623137,-1.55325596199,0.066950312587,1.96503166748,0.130425433168,-0.0760699192858,-0.367613881598,-0.00836821014895,-0.561100737687,-0.0407894486678,0.178083712125,-0.0934181623936,0.57380426622,0.818977399665,0.00233019463798,0.0,0.818937643692,-0.573742587274,-0.0118880693527,0.0,-0.00839928993746,0.00872987709508,-0.999926617895,0.0,0.63656064772,0.228262534988,0.303665536187,1.0,-0.0779297142857,-0.102421910204,1.314
0.443382908678,0.414237419048,-0.124778899364,-1.56266255244,0.0662985050139,1.96849432415,0.128915428731,-0.0810681851798,-0.370837798793,-0.00214291318732,-0.559146321627,-0.0420865495902,0.200334871363,-0.091048247762,0.573876643058,0.818925689775,0.00265708118941,0.0,0.81889049052,-0.573814064675,-0.0116846317423,0.0,-0.00804432943013,0.00888156675587,-0.99992820069,0.0,0.635375587602,0.22662594977,0.303796068316,1.0,-0.080892,-0.1063152,1.33
0.4419287447,0.407364517133,-0.124804800931,-1.57312466083,0.0655844800655,1.9719956749,0.127138686997,-0.0851486395957,-0.390864267176,-0.0038855348658,-0.588554459597,-0.0397080132304,0.185182691333,-0.096791971287,0.573859291244,0.818938076365,0.00258608465971,0.0,0.818901459459,-0.573796427956,-0.0117815899194,0.0,-0.00816466364003,0.00887889428921,-0.999927249106,0.0,0.633876376322,0.224684381702,0.303769384712,1.0,-0.0842245714286,-0.11069515102,1.348
0.440481577852,0.400677265493,-0.124894052109,-1.5832842741,0.0648589665858,1.975434892,0.125434647447,-0.0863388200038,-0.407695370218,-0.000135644815504,-0.592599677971,-0.034789894084,0.21481395276,-0.103931493835,0.573918531953,0.818896733656,0.00253084753151,0.0,0.818859449188,-0.573855920808,-0.0118038777601,0.0,-0.00821397324604,0.00884704294406,-0.999927127582,0.0,0.632432478852,0.222741412552,0.303746219416,1.0,-0.087372,-0.114831771429,1.365
0.439135863639,0.394531488756,-0.124923129506,-1.59235813584,0.0641623643496,1.97868030596,0.123884673449,-0.0894645928427,-0.40299412556,0.000470903845741,-0.626241319649,-0.0447985971039,0.218636047777,-0.104262425651,0.573931813967,0.818886706116,0.00275360917477,0.0,0.818852917862,-0.573869072267,-0.011616096819,0.0,-0.00793220883909,0.00892182019862,-0.999928738055,0.0,0.631169926968,0.221012195188,0.303845133789,1.0,-0.0901491428571,-0.118481730612,1.38
0.437374214929,0.386642498655,-0.124964873177,-1.60443469502,0.0632511407633,1.98252869024,0.121797464557,-0.0883699507575,-0.42214438803,-0.00582040334186,-0.65477049552,-0.0556220492821,0.199259101323,-0.122694052248,0.573900375902,0.818909741252,0.00243744184509,0.0,0.818871540476,-0.57383843763,-0.01181501578,0.0,-0.00827689305097,0.00877676273585,-0.999927228091,0.0,0.629356755406,0.218704239192,0.303728810861,1.0,-0.0936668571428,-0.123105012245,1.399
