position_joint1,position_joint2,position_joint3,position_joint4,position_joint5,position_joint6,position_joint7,velocity_joint1,velocity_joint2,velocity_joint3,velocity_joint4,velocity_joint5,velocity_joint6,velocity_joint7,ee_T_00,ee_T_10,ee_T_20,ee_T_30,ee_T_01,ee_T_11,ee_T_21,ee_T_31,ee_T_02,ee_T_12,ee_T_22,ee_T_32,ee_T_03,ee_T_13,ee_T_23,ee_T_33,v_x,v_y,time
0.465057791158,0.547796273135,-0.12400100452,-1.35583913573,0.0795218823883,1.89411241454,0.159152001861,-0.00152217999795,0.000379882544777,0.00262860913663,0.000557549658997,0.000236279000918,2.31770380517e-05,-0.000373096612947,0.573827845918,0.818961884834,0.00194456647075,0.0,0.8189185368,-0.573769166334,-0.0119214408378,0.0,-0.00864763986955,0.00843345861537,-0.999927044889,0.0,0.661683422859,0.260876157725,0.303202256362,1.0,0.0,0.0,0.0
0.465065864931,0.54779064638,-0.124000890681,-1.35584450121,0.0795211703115,1.89411474185,0.159159998642,0.0013763096189,-0.00131317535278,0.000336903286493,-0.000680222122578,3.59435140352e-05,-6.21991294246e-05,0.000509666216588,0.57382781361,0.818961902814,0.00194652690795,0.0,0.818918584184,-0.573769129632,-0.0119199522265,0.0,-0.00864529615586,0.0084342095687,-0.999927058821,0.0,0.661680713777,0.260881046104,0.303203885788,1.0,-0.00014,-0.000184,0.008
0.465063077955,0.547796289311,-0.124003773631,-1.35584215839,0.0795224932274,1.89411548865,0.159155615017,0.000128167637653,-0.000266515128655,0.000788275514392,-6.40521289415e-05,0.00140203147224,0.000151876020153,0.00125677019893,0.573828758195,0.818961246578,0.00194416377252,0.0,0.818917902841,-0.573770089483,-0.0119205587952,0.0,-0.00864713915328,0.00843263232409,-0.999927056188,0.0,0.661682564949,0.260878002057,0.303201166121,1.0,-0.00044,-0.000578285714286,0.023
0.465063411069,0.54777550062,-0.123998141725,-1.35585999308,0.0795218823884,1.89411726443,0.159156875219,0.00150804110971,-0.00464912982723,0.00126771482127,-0.00305024946752,4.81942104361e-05,7.73946333199e-06,-0.00137826141659,0.573826370178,0.818962905319,0.00195025678112,0.0,0.81891960188,-0.57376763825,-0.0119218226165,0.0,-0.00864470269671,0.00843832216853,-0.999927029255,0.0,0.661678035261,0.260879660651,0.303207371287,1.0,-0.0008,-0.00105142857143,0.041
0.465062294223,0.54772217727,-0.124003390048,-1.35591156107,0.0795230865272,1.89412181799,0.159157954642,0.00138890533195,-0.00259810853701,-0.000227954435936,-0.0079672468842,0.000346107835863,-0.000224762735125,0.000414877938816,0.573834907891,0.818956905149,0.00195777827513,0.0,0.818913669057,-0.573776113675,-0.0119214474683,0.0,-0.00863999166001,0.00844435668042,-0.999927019029,0.0,0.661669962033,0.260870969513,0.303221173527,1.0,-0.0011,-0.00144571428571,0.056
0.465058813606,0.54758387633,-0.124001963876,-1.35608011313,0.0795184278947,1.89416254644,0.159154784315,0.000238521921105,-0.00589944939377,-0.000932065252322,-0.00506303151656,-0.000148898040251,0.00287758169433,0.00193617658307,0.57384217233,0.818951781932,0.00197155476475,0.0,0.818908640288,-0.573783236729,-0.0119240518015,0.0,-0.00863414463046,0.00845720984792,-0.999926960907,0.0,0.661643941478,0.260853314002,0.303242403121,1.0,-0.00146,-0.00191885714286,0.074
0.465044587535,0.547433361926,-0.12400060321,-1.3562992035,0.07951433699,1.89422048524,0.159151481947,-4.69798198849e-05,-0.00762600199174,0.000939899929568,-0.0112132429745,-0.000224266979109,0.00370800423254,-0.00322769676724,0.573861179376,0.818938470134,0.0019687154156,0.0,0.818895170788,-0.573802135081,-0.0119396791225,0.0,-0.00864837595368,0.00846405284834,-0.999926780021,0.0,0.661612864761,0.260823928445,0.303249724229,1.0,-0.0018,-0.00236571428571,0.091
0.465032245294,0.547255985421,-0.124004137904,-1.35649292355,0.079512182646,1.89434991459,0.159141945476,-0.000373589199925,-0.0122473756817,-0.000835064901596,-0.0169271047781,-0.000364920217,0.0100502228942,-0.000599678007284,0.573876535109,0.818927464218,0.00206826033449,0.0,0.818885476139,-0.57381709338,-0.0118855884932,0.0,-0.0085467962643,0.00851469262522,-0.999927223493,0.0,0.661603107379,0.260801512721,0.3032945172,1.0,-0.00212,-0.00278628571429,0.107
0.465010156488,0.547072584416,-0.124001345423,-1.35671395391,0.0795089688408,1.89446475365,0.159123705386,-0.00190262448398,-0.0132042646554,0.000410904231251,-0.0178880210354,-0.00356579792035,0.00426529309282,-0.00126675605114,0.573889413428,0.818918255354,0.00213988402578,0.0,0.818877142907,-0.573829625306,-0.0118546550771,0.0,-0.00848022787551,0.00855572789004,-0.999927439995,0.0,0.661585470334,0.260771977235,0.303329094118,1.0,-0.00244,-0.00320685714286,0.123
0.464975741763,0.546836140547,-0.12400205373,-1.35704811615,0.0795019472573,1.89460065826,0.159105292042,-0.00356937197948,-0.012501590926,-0.00385160831989,-0.0201169249274,-0.000276215626506,0.00706859951544,-0.00106747248303,0.573919903616,0.818896783733,0.00217915746275,0.0,0.818856087827,-0.573859860233,-0.0118454692831,0.0,-0.00844984838651,0.00858293219199,-0.999927464038,0.0,0.661551698656,0.260720334076,0.303349321545,1.0,-0.0028,-0.00368,0.141
0.464946459063,0.546587076836,-0.124001424063,-1.35741411468,0.0794947487778,1.89473418745,0.159036333823,-0.00306810005768,-0.0160100335351,-0.00160030342395,-0.0231309157294,-5.43320048863e-05,0.00585261891763,-0.0149250145805,0.573905513437,0.818906807093,0.00220223642826,0.0,0.818866270134,-0.573845236857,-0.0118500073587,0.0,-0.00844047131058,0.00860428734658,-0.999927359703,0.0,0.661508823062,0.260669053899,0.303363068986,1.0,-0.00312,-0.00410057142857,0.157
0.464904841305,0.546290665063,-0.123999548851,-1.35787663972,0.079485955526,1.89490062182,0.158923845772,-0.00285543420916,-0.0143896067213,0.000630544282942,-0.0272396543145,0.000269399907155,0.00561751089506,5.77794449093e-05,0.57386968806,0.818931880972,0.00221412626166,0.0,0.818891304737,-0.57380917101,-0.0118664734624,0.0,-0.00844751011913,0.008623104189,-0.999927138169,0.0,0.66145459683,0.260601472581,0.30336720084,1.0,-0.00348,-0.00457371428571,0.175
0.464852577535,0.546002991862,-0.124001584683,-1.35836243133,0.0794699624036,1.8950678293,0.158901212603,-0.00547138811243,-0.0163311062215,-0.000195844813573,-0.0315099403891,0.000209428739105,0.0144538600318,-0.00701152570633,0.573918267125,0.818897891568,0.00219379723539,0.0,0.818856922154,-0.573857694083,-0.0118926398988,0.0,-0.0084800935836,0.00862197533401,-0.999926872103,0.0,0.661398985784,0.260520592063,0.303354235183,1.0,-0.0038,-0.00499428571429,0.191
0.464792591258,0.545648137942,-0.124004874466,-1.35898312576,0.0794134528786,1.89526994261,0.158818382195,-0.00568595336805,-0.0204407795018,-0.0011014798868,-0.0382768022987,-0.00161929378486,0.0119316441405,-0.00253368037343,0.57392144598,0.818895837645,0.00212787062058,0.0,0.818854147664,-0.573861278073,-0.0119107213448,0.0,-0.00853270185965,0.00857839926098,-0.999926799353,0.0,0.661325640884,0.260414552538,0.30332760299,1.0,-0.00416,-0.00546742857143,0.209
0.464733323632,0.545292827234,-0.124008028739,-1.35960478562,0.079327666824,1.89546714376,0.158723136471,-0.00525403220302,-0.0268689040139,-1.28296878436e-05,-0.0352242920191,-0.000538944758958,0.0128618791835,-0.00594629030967,0.573905968692,0.818906904266,0.00204160373128,0.0,0.818864485974,-0.57384654954,-0.011909579925,0.0,-0.00858143519001,0.00850693957851,-0.99992699281,0.0,0.661252454505,0.260303888938,0.303300323224,1.0,-0.00448,-0.005888,0.225
0.464660900711,0.544873828557,-0.124001900388,-1.36031509507,0.0793125364703,1.8956997116,0.158665810168,-0.0026975611614,-0.0281798816636,0.00133824142913,-0.0393651014127,-0.00010878447799,0.0181077363838,-0.00310545403854,0.573949530139,0.818876457148,0.00200790506365,0.0,0.818833268399,-0.573889918038,-0.011966095356,0.0,-0.00864660377251,0.00851223816002,-0.999926386313,0.0,0.661164888036,0.260194065669,0.303278798046,1.0,-0.00482,-0.00633485714286,0.242
0.464600540404,0.544466853821,-0.124007727606,-1.3609978552,0.0792902015743,1.89594665124,0.158559967329,-0.00392390553231,-0.0269863818992,0.000246843580465,-0.0418323010141,-0.0011259593938,0.0177139116277,-0.00511965854423,0.573948532601,0.818877196118,0.00199160823594,0.0,0.818833633103,-0.573888830325,-0.0119932743194,0.0,-0.00867822420869,0.00851448193443,-0.99992609328,0.0,0.661086131442,0.260088222924,0.30326346741,1.0,-0.00514,-0.00675542857143,0.258
0.464533106543,0.543976951467,-0.124010207486,-1.36179539934,0.0792552685126,1.89623180748,0.158453977285,-0.00513143865844,-0.0293749504736,-6.29103108035e-05,-0.048309110739,-0.00655858243836,0.0140346611247,-0.0044735810191,0.573953832451,0.818873512857,0.00197865056548,0.0,0.818829648431,-0.573894054916,-0.0120153020812,0.0,-0.00870364439915,0.00851657039485,-0.999925854553,0.0,0.660992460522,0.259967666543,0.30325533166,1.0,-0.00548,-0.00720228571429,0.275
0.464459902366,0.543460573837,-0.12401442123,-1.36263733822,0.0792165647256,1.89651126777,0.158366015365,-0.00776986532575,-0.0274842239457,-0.00115366598978,-0.052043152032,-0.000452839854134,0.0177380426058,-0.00175214943869,0.573981108195,0.81885447474,0.00194513106859,0.0,0.818810028242,-0.573921330344,-0.0120495281283,0.0,-0.00875062629241,0.00850905815923,-0.99992550846,0.0,0.660890119339,0.25983637632,0.303244300017,1.0,-0.00582,-0.00764914285714,0.292
0.464381186084,0.542944362032,-0.124011644796,-1.36346211193,0.0791687930026,1.89681242911,0.158247168768,-0.00737833091816,-0.0367495483072,0.000287267560978,-0.0532469014597,-0.00452424825591,0.0146673730534,-0.00416023049102,0.573979469179,0.81885563518,0.00194025693887,0.0,0.818811076481,-0.573919665469,-0.0120575918671,0.0,-0.0087600440918,0.00850967788989,-0.999925420724,0.0,0.66079627582,0.259707545512,0.303242897433,1.0,-0.00614,-0.00806971428571,0.308
0.464321677314,0.54235151828,-0.124017280165,-1.36438476232,0.0791133028579,1.8971476713,0.158121423405,-0.0033326962651,-0.0369684983927,-6.08625890468e-05,-0.0578859368235,-0.000594989252536,0.018963481765,-0.00759625247055,0.573965639614,0.818865320871,0.00194363528896,0.0,0.818820814589,-0.573905831046,-0.012054774516,0.0,-0.00875594175535,0.00851067925301,-0.999925448132,0.0,0.660685937299,0.25957699243,0.303252266815,1.0,-0.00648,-0.00851657142857,0.325
0.464226583318,0.541691181164,-0.124017657214,-1.36539440954,0.079051215777,1.89751589471,0.157981181354,-0.00798047104003,-0.0398243875251,1.17224566332e-05,-0.0520669595194,-0.00179065202644,0.0215181357231,-0.00685372398662,0.573968386598,0.818863357966,0.00195935382335,0.0,0.81881905388,-0.573908506706,-0.0120469844536,0.0,-0.00874051259812,0.00851910849329,-0.999925511341,0.0,0.660572136278,0.259417715914,0.303270550465,1.0,-0.00684,-0.00898971428571,0.343
0.464155776964,0.541076249499,-0.124020590124,-1.36634457411,0.0789986096608,1.8978714739,0.157862349472,-0.0027438834057,-0.0411135751334,-0.000373475326366,-0.0600464784085,-0.0033813845379,0.028916993953,-0.00534037869287,0.573969813023,0.81886231286,0.00197818534712,0.0,0.818818223599,-0.573909821495,-0.0120407804788,0.0,-0.00872460932779,0.00853098297977,-0.999925548989,0.0,0.660461929057,0.259280148272,0.303283954333,1.0,-0.00716,-0.00941028571429,0.359
0.464066903234,0.540363869688,-0.124021227423,-1.3674108884,0.0789391360824,1.89826147297,0.157734191298,-0.00234980078375,-0.0482236617389,-0.00155680045018,-0.0637773387652,-0.00265498340865,0.0255939213502,-0.00471609031683,0.573981222327,0.818854233279,0.00201195401749,0.0,0.818810532022,-0.573921032867,-0.012029446576,0.0,-0.00869582794661,0.0085522502464,-0.99992561803,0.0,0.660338704907,0.259120706494,0.303313761118,1.0,-0.0075,-0.00985714285714,0.376
0.46396005585,0.539635537658,-0.124021198961,-1.36856340558,0.0788633435386,1.89869915815,0.15759167464,-0.00596039167397,-0.0451479272575,0.000848839670439,-0.0687758603696,-0.00510935042497,0.029307891595,-0.0130974637805,0.573995619843,0.818844124263,0.00201877738573,0.0,0.818800573014,-0.573935459485,-0.0120190215082,0.0,-0.00868322439387,0.00855200643334,-0.999925729642,0.0,0.660210686249,0.258940361255,0.303317798706,1.0,-0.00784,-0.010304,0.393
0.463853856858,0.538869273323,-0.124029416871,-1.3697211209,0.0788011171079,1.89913692025,0.157437601388,-0.0105999124446,-0.0468528728392,-0.000818388358578,-0.0679346747817,-0.00272147782355,0.0220504100196,-0.0195843168606,0.574009574113,0.81883423874,0.00206038699308,0.0,0.818791208407,-0.5739492142,-0.0120001439391,0.0,-0.00864373765022,0.00857538937042,-0.999925871501,0.0,0.660083214939,0.25875775692,0.303346332084,1.0,-0.00818,-0.0107508571429,0.41
0.463743501106,0.538134088252,-0.124029854759,-1.37086710724,0.078737525884,1.89957665872,0.157297759255,-0.00318666296812,-0.0465742586262,0.000488152722467,-0.0725410734388,-0.00486451470176,0.0196951092733,-0.00955571325482,0.574032102173,0.818818378805,0.00208688926252,0.0,0.818775658442,-0.573971592669,-0.0119907819921,0.0,-0.00862062349135,0.00859195334537,-0.999925928851,0.0,0.659957165016,0.258577829138,0.303358287688,1.0,-0.0085,-0.0111714285714,0.426
0.463624887385,0.537282694381,-0.124036321089,-1.37220569899,0.0786606644765,1.90007767101,0.157139822983,-0.00718569486735,-0.0488204159131,-0.000484666049671,-0.0742173449685,-0.00272955508545,0.0296651685118,-0.00728013461381,0.574057719917,0.818800389917,0.00209823202955,0.0,0.818757808775,-0.573997151093,-0.0119861590197,0.0,-0.00861005824192,0.00859885653084,-0.999925960541,0.0,0.659805762627,0.25836964347,0.303366003253,1.0,-0.00886,-0.0116445714286,0.444
0.463521835468,0.536538256411,-0.124044860372,-1.37335877398,0.0785944742908,1.90051832309,0.156997199302,-0.00800947003124,-0.0493602643408,-9.32356732274e-05,-0.0787962176832,-0.00850510930004,0.0376414072966,-0.00896992909658,0.574077158667,0.818786693562,0.00212443971481,0.0,0.818744475709,-0.574016500028,-0.0119703004532,0.0,-0.00858182450609,0.00861141514945,-0.999926095178,0.0,0.659678099348,0.258188784529,0.303381193758,1.0,-0.00916,-0.0120388571429,0.459
0.463392622309,0.535628544685,-0.124050408227,-1.3748003483,0.0785063405969,1.90104020021,0.156823578969,-0.00462213471689,-0.0513529564185,-0.000402553400441,-0.0805925510006,-0.00531477678595,0.0284395676906,-0.00786247257809,0.574100258433,0.818770525387,0.00211351047284,0.0,0.818728168179,-0.574039645355,-0.0119757710743,0.0,-0.00859233500117,0.00860584951578,-0.999926052833,0.0,0.659511033269,0.257962312272,0.303382510662,1.0,-0.00952,-0.012512,0.477
0.463274550819,0.534733403152,-0.124054194474,-1.37625274901,0.0784313983489,1.90155775207,0.15664330818,-0.00833992094467,-0.0464766999576,0.000388928794827,-0.0852247929947,-0.000113156729449,0.0285123679939,-0.0127422617388,0.574111551847,0.818762679239,0.00208519143434,0.0,0.818719803408,-0.574050906617,-0.0120077900106,0.0,-0.00863469053203,0.0086011640775,-0.99992572829,0.0,0.659335826349,0.257744588593,0.303367812631,1.0,-0.00986,-0.0129588571429,0.494
0.463150140046,0.533873160969,-0.124055313265,-1.37765888342,0.0783513454418,1.90206705597,0.156470823257,-0.00955643895938,-0.0554477287315,0.00145858322108,-0.0875131548306,-0.00170509726639,0.0330178932129,-0.017383273756,0.574128537929,0.818750844007,0.00205530419228,0.0,0.818707499089,-0.574067938412,-0.0120324529658,0.0,-0.00867186374101,0.00859103298809,-0.99992549369,0.0,0.659169761565,0.257527903545,0.303349533279,1.0,-0.01018,-0.0133794285714,0.51
0.463029808056,0.53295027718,-0.124058141449,-1.37915411342,0.0782690842608,1.90263784429,0.156283043961,-0.00208827403777,-0.054886296389,0.000292739491869,-0.0940086604158,-0.00208400528789,0.0380114785844,-0.0120584773976,0.574135203142,0.818746169497,0.00205556508722,0.0,0.818702769333,-0.574074543571,-0.0120391366551,0.0,-0.00867711649256,0.00859515448193,-0.999925412703,0.0,0.658995983722,0.257306983548,0.303338244506,1.0,-0.01052,-0.0138262857143,0.527
0.462896346444,0.53198142536,-0.124056358263,-1.38070117368,0.0781820313688,1.90320837802,0.156078171313,-0.00822564714336,-0.0621638429965,0.000518434454608,-0.0945195145948,-0.000532415687448,0.0274711475053,-0.0132073773417,0.574136593857,0.818745202849,0.00205214684613,0.0,0.818701662989,-0.574075854576,-0.0120518509903,0.0,-0.00868947452864,0.00859967028316,-0.999925266559,0.0,0.658813476574,0.257073781902,0.30333431266,1.0,-0.01086,-0.0142731428571,0.544
0.462762481773,0.530969137609,-0.124058863917,-1.3823141714,0.078085002864,1.9037829462,0.155877236736,-0.00695203426319,-0.05988275457,-0.000509516599686,-0.0975695794023,-0.00435169893325,0.0304355582441,-0.006661550543,0.574145135948,0.818739269338,0.00202943671672,0.0,0.818695382268,-0.574084443113,-0.0120693881596,0.0,-0.00871678182086,0.0085912363822,-0.999925101381,0.0,0.658618733135,0.256829266088,0.303329868131,1.0,-0.0112,-0.01472,0.561
0.462630282287,0.529931553659,-0.124063857876,-1.38395964312,0.0779784065596,1.90436781233,0.155661524775,-0.00939467192778,-0.0548946610942,-0.000541546802433,-0.0960365479133,-0.0117634368929,0.0281580157619,-0.00294674582149,0.574140927433,0.818742280918,0.0020049402205,0.0,0.818698100688,-0.574080367415,-0.0120788484313,0.0,-0.00873863534291,0.0085765671167,-0.999925036565,0.0,0.658419334298,0.256580064743,0.303328513283,1.0,-0.01154,-0.0151668571429,0.578
0.462491885764,0.528879341294,-0.124064816543,-1.3856212748,0.077879344962,1.90500072885,0.155436533414,-0.00628890100111,-0.0624852269825,-0.000603855488457,-0.0977043900346,-0.00873184914463,0.03778121082,-0.0146421756258,0.57413437615,0.81874682771,0.00202413908568,0.0,0.8187028906,-0.574073726395,-0.0120698172018,0.0,-0.00872028736994,0.00858703081679,-0.99992510694,0.0,0.658225925334,0.256331881397,0.303333580422,1.0,-0.01188,-0.0156137142857,0.595
0.462353810742,0.527846795373,-0.124059899266,-1.38723130785,0.0777750852218,1.90562600416,0.155207072762,-0.00762900781067,-0.0638365410045,0.00161911282201,-0.0998611877358,-0.00512408098449,0.036612353079,-0.0168358746317,0.57411537805,0.818760057877,0.00206087671295,0.0,0.818716658831,-0.574054630744,-0.0120441012755,0.0,-0.00867834032193,0.00860214347169,-0.999925341982,0.0,0.658040950973,0.256091866807,0.303348239286,1.0,-0.0122,-0.0160342857143,0.611
0.462207837318,0.526611590567,-0.124065246768,-1.38913347872,0.0776553040072,1.90634521396,0.154950891218,-0.00841529118006,-0.0642887267607,0.00186639030026,-0.105033606926,-0.00373882525534,0.0407111794546,-0.0104842018812,0.574099499277,0.818771089859,0.00210100971511,0.0,0.818728281101,-0.574038650069,-0.0120156919571,0.0,-0.00863220661519,0.00861852474196,-0.999925600252,0.0,0.657816302142,0.255812567556,0.303374679095,1.0,-0.01256,-0.0165074285714,0.629
0.462064788879,0.52549981628,-0.124068452449,-1.3908626958,0.0775442735816,1.90696924591,0.154724491158,-0.0101449900108,-0.0682899108873,0.00107065092379,-0.108478476027,-0.0138118947394,0.0376437450142,-0.00808441059262,0.574096674008,0.818773066169,0.00210283410581,0.0,0.818730305409,-0.574035841642,-0.0120119280999,0.0,-0.00862810717301,0.00861782790016,-0.99992564164,0.0,0.657607674504,0.255550359529,0.30338795811,1.0,-0.01288,-0.016928,0.645
0.461918745566,0.524385901756,-0.124082513639,-1.39261332028,0.0774395506619,1.90759593166,0.154477203811,-0.00909424947763,-0.0720243983885,-0.00178973756163,-0.114271861589,-0.00526830498286,0.0366252060761,-0.0172067503733,0.574089548471,0.818778089327,0.00209228957651,0.0,0.81873518638,-0.57402875681,-0.0120178134151,0.0,-0.00863905425,0.00861249799075,-0.999925593042,0.0,0.657396965873,0.255278576276,0.30339287739,1.0,-0.0132,-0.0173485714286,0.661
0.461746749174,0.523127337028,-0.124081208183,-1.39464261153,0.0773052009702,1.90835219327,0.154193444397,-0.0105639459946,-0.0720867753012,0.00104243395007,-0.111491538533,-0.00392038521346,0.0458561638679,-0.0167136307777,0.574069825911,0.818791967856,0.00207249983494,0.0,0.818748868789,-0.574009182143,-0.0120206311511,0.0,-0.00865292889554,0.00859770406012,-0.999925600386,0.0,0.657154534889,0.254971538922,0.303377300062,1.0,-0.01356,-0.0178217142857,0.679
0.461603719932,0.521952270183,-0.124079521933,-1.39647915874,0.0771975584876,1.90907625375,0.153951573237,-0.00811855629207,-0.0712987003707,0.00080266358027,-0.117465260596,-0.00412441352102,0.0441681158665,-0.0186877348605,0.574057300563,0.818800612464,0.00212593519778,0.0,0.818758206087,-0.573996429521,-0.0119935717171,0.0,-0.00860023023576,0.00862579036602,-0.999925813138,0.0,0.656939299209,0.254707666281,0.303391637788,1.0,-0.01388,-0.0182422857143,0.695
0.461429858436,0.520701618186,-0.124087208295,-1.39849121403,0.0770706698768,1.90983188669,0.153676315791,-0.01235553025,-0.0749834657346,-3.23028297685e-05,-0.118613692227,-0.00884108165345,0.0410412695627,-0.011279553939,0.574053035525,0.818803631486,0.0021147978424,0.0,0.818761135958,-0.573992267717,-0.0119927372717,0.0,-0.00860598491206,0.00861614740636,-0.999925846764,0.0,0.656701357001,0.254397346347,0.303378266843,1.0,-0.01422,-0.0186891428571,0.712
0.461264829727,0.519383504884,-0.124090407178,-1.40055518553,0.0769422472223,1.91056138389,0.153398758405,-0.00942593475159,-0.0805176094024,-4.95671164321e-05,-0.123095118573,-0.00178564165318,0.0398209120563,-0.0181374695944,0.574038155164,0.818814102977,0.00209954365819,0.0,0.818771364619,-0.573977409253,-0.0120055423834,0.0,-0.00862538285319,0.00861085141316,-0.999925725246,0.0,0.656443805116,0.254088234698,0.303384743405,1.0,-0.01456,-0.019136,0.729
0.461083406009,0.518043692213,-0.124100014454,-1.40265169215,0.0768000701745,1.91132199594,0.153113717654,-0.00936841150587,-0.0797085117469,-0.00108923263393,-0.127926603895,-0.00469498045068,0.0422408279155,-0.0179472308331,0.574032863633,0.818817829925,0.00209278934698,0.0,0.818775124299,-0.573972267296,-0.0119949616753,0.0,-0.00862065141677,0.00859919161841,-0.999925866388,0.0,0.656190967939,0.253760990635,0.303393451543,1.0,-0.0149,-0.0195828571429,0.746
0.460914426263,0.516754164946,-0.124096845995,-1.40466693442,0.076672933059,1.91205691043,0.15283770033,-0.00736171073897,-0.0791339379115,-0.00157137745968,-0.124672920875,-0.00335013753426,0.0491262537862,-0.0183113917114,0.574015236109,0.818830171332,0.00209907872153,0.0,0.818787522145,-0.573954590122,-0.0119945386834,0.0,-0.00861688019961,0.00860391307158,-0.999925858279,0.0,0.655943304223,0.253459070125,0.303402542503,1.0,-0.01522,-0.0200034285714,0.762
0.460724684274,0.515384430202,-0.124111725447,-1.40683439805,0.076539295088,1.91288330963,0.152533401029,-0.00737693962021,-0.0803779200787,-0.000469237039534,-0.13103787679,-0.00257597639651,0.0493231360424,-0.0151798778905,0.5740105709,0.818833394826,0.00211728950936,0.0,0.818791065105,-0.573949931596,-0.0119755846433,0.0,-0.00859095586195,0.00860789563913,-0.999926047071,0.0,0.655688891536,0.253121158565,0.303403579325,1.0,-0.01556,-0.0204502857143,0.779
0.460531320784,0.51399740485,-0.12410958501,-1.409079046,0.0764000045995,1.91367297537,0.152239565717,-0.0115425558132,-0.083902334017,-0.000450927590721,-0.127263835138,-0.0150573187489,0.0496539506287,-0.0141460937041,0.574007111127,0.818835969777,0.00205861050429,0.0,0.818792775869,-0.573946619789,-0.0120172674844,0.0,-0.00865880504312,0.00858373766517,-0.999925669509,0.0,0.655405761708,0.252778605021,0.303375874342,1.0,-0.0159,-0.0208971428571,0.796
0.460335545837,0.512581847266,-0.124110641189,-1.41136107275,0.0762688360202,1.91446309138,0.151911767054,-0.014199964879,-0.0822551629218,-6.70641500294e-05,-0.130194858008,-0.010858860915,0.0456254135832,-0.0217498233266,0.573983880988,0.81885240154,0.0019989394094,0.0,0.818808224998,-0.57392344733,-0.0120712129822,0.0,-0.00873747176655,0.0085655946197,-0.999925140786,0.0,0.655114586392,0.2524299575,0.303350087436,1.0,-0.01624,-0.021344,0.813
0.460125811357,0.511055835226,-0.124115739867,-1.41378722121,0.0761193190971,1.91539080563,0.151572647947,-0.00806935932731,-0.0904856603681,0.000226446469087,-0.140896311605,0.000875361452364,0.0501294721254,-0.0173708381712,0.573968350886,0.818863240254,0.00201812859537,0.0,0.818819347366,-0.573907868802,-0.012057421287,0.0,-0.00871532698011,0.00857322601258,-0.999925268643,0.0,0.654823982461,0.252060517151,0.30334461271,1.0,-0.0166,-0.0218171428571,0.831
0.459922905403,0.509575216605,-0.124121640103,-1.41614574737,0.0759696613524,1.91627388068,0.151238422121,-0.0118164649469,-0.0837139435995,-0.00116128157557,-0.139031690073,-0.00265650304737,0.0518235990674,-0.0208980933971,0.5739476404,0.818877760155,0.00201665665655,0.0,0.818833891757,-0.573887210255,-0.0120529879101,0.0,-0.00871275802788,0.00856925577389,-0.999925325063,0.0,0.654536862557,0.251699567342,0.303335180779,1.0,-0.01694,-0.022264,0.848
0.459742998517,0.508248059175,-0.124122662426,-1.41823782499,0.0758354005902,1.91701198815,0.150948325777,-0.0146218050455,-0.0855155998369,-0.000319485209577,-0.143970037549,-0.0134221138822,0.0504300076795,-0.0214527420212,0.573930303513,0.818889973535,0.00199119399144,0.0,0.818845736963,-0.573869950467,-0.0120700418552,0.0,-0.00874151815949,0.00855800826493,-0.999925170378,0.0,0.654271801196,0.251378908694,0.303331975287,1.0,-0.01724,-0.0226582857143,0.863
0.459513962156,0.506624344395,-0.124125555759,-1.42079690479,0.0756754993096,1.91794556841,0.150595098575,-0.0165896150766,-0.0894902168946,0.000108173283274,-0.147248936049,-0.00599001433639,0.0545000594644,-0.0109720277298,0.573919948046,0.818897241103,0.00198712085885,0.0,0.818852922678,-0.573859585936,-0.0120753282495,0.0,-0.00874829306738,0.0085575962448,-0.999925114654,0.0,0.653955084592,0.250982668806,0.303330449429,1.0,-0.0176,-0.0231314285714,0.881
0.4592937034,0.505015992588,-0.124134101729,-1.42325029508,0.0755250774874,1.91889782777,0.150269040872,-0.0125574620315,-0.0915421928268,-0.000212910604379,-0.143674408214,-0.0113097371472,0.0522669393675,-0.0189752988629,0.573925688761,0.818893000192,0.00207482960085,0.0,0.818849902199,-0.57386502419,-0.0120215881311,0.0,-0.00865388884682,0.00859863781429,-0.999925584049,0.0,0.653664528781,0.25060400087,0.30336961459,1.0,-0.01794,-0.0235782857143,0.898
0.459082851088,0.503448988114,-0.124133015172,-1.42558363915,0.0753718995945,1.91977530785,0.149928987826,-0.0150224821871,-0.0965055484576,0.000469918567796,-0.143673993378,-0.0052695301756,0.060235722545,-0.0221760091342,0.573897587991,0.8189124599,0.00216527587332,0.0,0.81887062127,-0.573836629208,-0.0119655965642,0.0,-0.00855642624581,0.00864027415871,-0.999926063883,0.0,0.653381369983,0.250245450726,0.303429574979,1.0,-0.01826,-0.0239988571429,0.914
0.458866765114,0.501841139578,-0.124135292395,-1.42794965733,0.0752186774879,1.92064123744,0.14960523509,-0.0131595752108,-0.0884286905256,-0.000590305524612,-0.147936435508,-0.00977375821909,0.0462911025628,-0.0197971133871,0.57389117718,0.818916720641,0.00225129093657,0.0,0.818876075331,-0.573829943499,-0.0119128542204,0.0,-0.00846394031776,0.00868037734282,-0.999926503681,0.0,0.653072539198,0.249852020461,0.303499509121,1.0,-0.0186,-0.0244457142857,0.931
0.458617672525,0.500032369977,-0.124138667561,-1.43070544616,0.0750397077276,1.9216129953,0.149219889797,-0.0158259629409,-0.100674701816,0.000889713080063,-0.153100723152,-0.0103313168409,0.0579748325654,-0.0210573577182,0.573873300772,0.818929189276,0.00227255679979,0.0,0.81888878163,-0.573811943912,-0.0119064371894,0.0,-0.00844667134433,0.00869392506427,-0.999926532006,0.0,0.652740353528,0.249446976203,0.303535748945,1.0,-0.01894,-0.0248925714286,0.948
0.458399447185,0.498538661913,-0.124138748032,-1.4330173745,0.0748991343292,1.92248189879,0.148874955962,-0.0145277701735,-0.0960628557842,0.0007526924939,-0.159043813744,-0.0114717477505,0.056613047591,-0.0283832237253,0.573849373466,0.818945833631,0.00231625852726,0.0,0.818905960691,-0.573787810705,-0.0118879238313,0.0,-0.00840668663754,0.00871884342163,-0.999926652005,0.0,0.652457111918,0.249086220992,0.303552416641,1.0,-0.01924,-0.0252868571429,0.963
0.458119989789,0.496780055391,-0.124136241982,-1.43585143421,0.0747256522736,1.92349548302,0.14846233927,-0.0175810267977,-0.0934360576883,0.00271195469993,-0.157038510535,-0.0107117051315,0.0589409078104,-0.0204633441313,0.573835253448,0.818955871598,0.00226476849284,0.0,0.81891518454,-0.573773749652,-0.0119311207133,0.0,-0.00847175976034,0.00870131851405,-0.999926255452,0.0,0.652098837278,0.248633326187,0.303517250701,1.0,-0.0196,-0.02576,0.981
0.457851536765,0.495098195799,-0.124138756386,-1.43857181006,0.0745559309108,1.92443253767,0.148078268717,-0.0155868846991,-0.0978469717052,0.000125711824409,-0.16039940328,-0.0161126291193,0.0558445695707,-0.0221747017492,0.573833518119,0.818957322472,0.00217815372006,0.0,0.81891535822,-0.573772217645,-0.0119927157638,0.0,-0.00857192333681,0.00866571265427,-0.999925711018,0.0,0.651747578757,0.248192781646,0.303475563409,1.0,-0.01994,-0.0262068571429,0.998
0.457572697782,0.493337580077,-0.124180849485,-1.44133249428,0.0743932867948,1.92542448593,0.147686862314,-0.0173618133725,-0.124407783201,-0.0112504704844,-0.194622683729,-0.0110312588564,0.067115785451,-0.0307088148673,0.573866552205,0.818934204862,0.00216685711796,0.0,0.818892117024,-0.573805318434,-0.0119960041311,0.0,-0.00858074917205,0.00865869445025,-0.999925696116,0.0,0.651409375002,0.247723429454,0.303474766504,1.0,-0.0271188571429,-0.0356419265306,1.014
0.457254614856,0.490726261055,-0.124237451892,-1.44535357331,0.0741671915064,1.92695912096,0.147080033014,-0.0257680475585,-0.168245709286,-0.00296394044797,-0.269130325143,-0.0156622346073,0.093004835355,-0.0397086316264,0.573811857486,0.818972246073,0.0022714032126,0.0,0.818931579505,-0.573750262158,-0.0119353116593,0.0,-0.00847163391372,0.00870891484709,-0.999926190387,0.0,0.650910185241,0.247108344973,0.303512501296,1.0,-0.0364542857143,-0.0479113469388,1.031
0.456756135363,0.487409825101,-0.124260298069,-1.45068348903,0.0738733111682,1.92893237484,0.146303271336,-0.0294922697058,-0.215042994056,-0.00500708573278,-0.335735152291,-0.0224626476245,0.124542277823,-0.0468074759389,0.573787147606,0.818989619616,0.00224924516237,0.0,0.818948312818,-0.573725285315,-0.0119876947152,0.0,-0.00852751289344,0.00872056858583,-0.999925613837,0.0,0.650235174243,0.246269042853,0.303452919621,1.0,-0.0457897142857,-0.0601807673469,1.048
0.45617299285,0.483505027671,-0.124367184156,-1.45679223508,0.0734974092092,1.93118665766,0.145365799536,-0.0408044254032,-0.253575779958,-0.00569755334002,-0.40899199295,-0.0258945572285,0.140415313386,-0.0609431430695,0.573774228638,0.818998612722,0.00227020089494,0.0,0.818957886253,-0.573712597476,-0.011940809944,0.0,-0.0084772271396,0.00871069564911,-0.999926127472,0.0,0.649479700398,0.245247376644,0.303455016313,1.0,-0.054576,-0.0717284571429,1.064
0.455401200385,0.478577425397,-0.124494299632,-1.46456572841,0.0730390603029,1.93388818562,0.144194685222,-0.0521534264549,-0.302237453718,-0.00521042234658,-0.479460503313,-0.0193647361581,0.163740376833,-0.0736552342715,0.573794894635,0.818984482875,0.00214070116813,0.0,0.818941938998,-0.573733663741,-0.0120220855962,0.0,-0.00861787515173,0.00865148787136,-0.999925439213,0.0,0.648478459005,0.243925944104,0.303409297646,1.0,-0.0639114285714,-0.083997877551,1.081
0.454491591437,0.472858877611,-0.124617525487,-1.47344003675,0.0724971170986,1.93707408265,0.142925382482,-0.0527378289948,-0.348786256412,-0.00574034102598,-0.538379362687,-0.0394088639834,0.194845282543,-0.0818812220422,0.573871483448,0.818930790269,0.00215131029388,0.0,0.818888471448,-0.573810285444,-0.012007270721,0.0,-0.00859884528113,0.00865248004604,-0.999925594456,0.0,0.647348261715,0.242418257803,0.303422433231,1.0,-0.0732468571429,-0.0962672979592,1.098
0.453496962684,0.466756650495,-0.124673934765,-1.48267719654,0.0719469878142,1.9405377574,0.141465157357,-0.0645698074823,-0.398900795573,-0.00055329399725,-0.599235079828,-0.0373120870315,0.226742513226,-0.101993963183,0.573823295887,0.81896375207,0.00243819490272,0.0,0.818925074184,-0.573760848749,-0.0118725825274,0.0,-0.00832443422774,0.00880963299086,-0.999926544383,0.0,0.646185542927,0.240875900132,0.303541497962,1.0,-0.0820331428571,-0.107814987755,1.114
0.452187156901,0.459167814723,-0.124723081901,-1.49443545907,0.0712015771359,1.94463827198,0.139658402807,-0.0758474133632,-0.440173536717,-0.0041891661855,-0.671525832581,-0.0443382066535,0.235089049314,-0.0884284252255,0.573799656649,0.818980482097,0.00238135987205,0.0,0.818940635014,-0.573736985152,-0.0119522003408,0.0,-0.00842250672299,0.00880853040905,-0.999925732828,0.0,0.644624718493,0.238871712429,0.303530351016,1.0,-0.0919177142857,-0.120806138776,1.132
0.450800301393,0.451197422129,-0.124867276948,-1.50663886025,0.0703753358052,1.94885595506,0.137717526712,-0.0782329091466,-0.494156609739,-0.00935965228996,-0.717158877838,-0.0492030951381,0.273901891732,-0.114222919274,0.573785119939,0.818990818239,0.00232866443371,0.0,0.818950590945,-0.573722980834,-0.0119422675941,0.0,-0.00844476179606,0.00875952520591,-0.999925975618,0.0,0.643003198048,0.236713908427,0.303568045405,1.0,-0.101253142857,-0.133075559184,1.149
0.449382052564,0.443040372902,-0.12494228083,-1.51891263507,0.0695698710613,1.95333939203,0.135856234561,-0.0943697157571,-0.509429895455,0.000281419278046,-0.785342838827,-0.044456134192,0.269031726286,-0.121857861133,0.573810609693,0.818972073969,0.00262167201683,0.0,0.818935869087,-0.573747566962,-0.0117693937084,0.0,-0.00813478345345,0.00890055559434,-0.999927300061,0.0,0.641386639794,0.234595759502,0.303705269862,1.0,-0.110039428571,-0.14462324898,1.165
0.447564328392,0.433154699559,-0.125004248601,-1.53386796579,0.0685741549961,1.95853438494,0.133401291602,-0.101821993956,-0.574481079032,-0.00607485915214,-0.81386459594,-0.054591434161,0.30380089386,-0.138405636662,0.57371489937,0.819038894749,0.00269258789615,0.0,0.819003293124,-0.573651260375,-0.0117721800626,0.0,-0.00809742280743,0.00895928594796,-0.999927078811,0.0,0.63945204084,0.232117959693,0.303778873221,1.0,-0.119374857143,-0.156892669388,1.182
0.445807933119,0.423797394462,-0.125076794885,-1.54801672782,0.0675649379089,1.96351987381,0.131081779292,-0.112265012285,-0.593387967926,-0.00403257083996,-0.899640602233,-0.06104550047,0.307342488369,-0.148849580321,0.573638566236,0.819091858849,0.00284059755632,0.0,0.819058599854,-0.573574889587,-0.0116448675981,0.0,-0.00790907309142,0.00900673441776,-0.999928160068,0.0,0.637397037529,0.229439861867,0.303858946813,1.0,-0.128710285714,-0.169162089796,1.199
0.443844525977,0.413846142111,-0.125184382054,-1.5629902627,0.0664778345504,1.9687324547,0.128621219616,-0.119626235235,-0.640380357513,-0.0065380922627,-0.965667849117,-0.0715544653134,0.346367404805,-0.160956378173,0.573633982668,0.819094701346,0.00294466586421,0.0,0.819063298598,-0.573570548444,-0.0115276080747,0.0,-0.00775337835499,0.00902466921936,-0.99992921773,0.0,0.635320884975,0.2266885439,0.303936103892,1.0,-0.137496571429,-0.180709779592,1.215
0.44142481194,0.402147191035,-0.12528386622,-1.58089460655,0.0652798600819,1.97474223187,0.125603518115,-0.136176001058,-0.654336019953,-0.00413642700583,-1.02097537291,-0.0643062464239,0.316682493964,-0.166771360432,0.573613223871,0.819109787613,0.00278785551003,0.0,0.819075471903,-0.573549311395,-0.0117177483432,0.0,-0.00799930376001,0.00900509284704,-0.99992745709,0.0,0.632740044462,0.22338238738,0.303842925809,1.0,-0.147381142857,-0.193700930612,1.233
0.438865550195,0.390291348027,-0.125427074473,-1.598462272,0.0640036923408,1.98080249221,0.122602344643,-0.15409227691,-0.693665603138,-0.00582709854507,-1.04054801726,-0.0804307399811,0.357167411132,-0.175672207982,0.57368917287,0.819055728428,0.00303208867531,0.0,0.819025027989,-0.57362494982,-0.0115398168454,0.0,-0.00771261986982,0.00910379976961,-0.999928815629,0.0,0.63024933532,0.220008688793,0.303984485163,1.0,-0.156716571429,-0.20597035102,1.25
0.436463442258,0.379418361265,-0.125558113177,-1.61475908424,0.0627550591561,1.98620772084,0.119683219019,-0.167433712958,-0.740139924223,-0.00488416726017,-1.08826497638,-0.0892626175753,0.374812825793,-0.190093777418,0.573621425683,0.819103472115,0.00295107905503,0.0,0.819072096065,-0.573557907013,-0.0115315069298,0.0,-0.00775303190858,0.00903203984736,-0.999929153867,0.0,0.627683263673,0.216639558419,0.303981391849,1.0,-0.165502857143,-0.217518040816,1.266
0.433287287477,0.365835548165,-0.125704319465,-1.63505106626,0.0612560593326,1.99287938868,0.116098635583,-0.181946039013,-0.780103946442,-0.00892793602899,-1.11847545267,-0.0862958903613,0.37617096333,-0.205467497033,0.573716947481,0.81903681081,0.00288333369062,0.0,0.819004281335,-0.573653317908,-0.0116019356137,0.0,-0.00784852951449,0.0090178633441,-0.999928536809,0.0,0.624816423947,0.212842783089,0.303962775725,1.0,-0.174838285714,-0.229787461224,1.283
0.429996477044,0.352459297985,-0.125893888324,-1.65495406314,0.0597131596463,1.99940027125,0.112424494739,-0.199143047512,-0.775037125757,-0.00679621983141,-1.19055288074,-0.0881760421853,0.384243679956,-0.220849019894,0.573798375031,0.818980027812,0.00280815916305,0.0,0.81894680347,-0.573735304824,-0.0116051706689,0.0,-0.00789341491649,0.00895893352923,-0.999928713215,0.0,0.621813247288,0.208786258524,0.303932189249,1.0,-0.184173714286,-0.242056881633,1.3
0.4266719371,0.339236457252,-0.126051076765,-1.67412863834,0.0582915212198,2.00567432639,0.10879369858,-0.208430599267,-0.818976503411,-0.00479964796118,-1.21616301528,-0.0938619319656,0.396702225756,-0.230862946608,0.573900462681,0.818907553821,0.00306987485538,0.0,0.818877432369,-0.573836199703,-0.0115114538269,0.0,-0.00766535875566,0.0091204555137,-0.999929027265,0.0,0.618880752442,0.20483584485,0.304076352252,1.0,-0.19296,-0.253604571429,1.316
0.422753239141,0.323962131312,-0.126170357132,-1.69645781071,0.0564613198686,2.01284416246,0.104420166647,-0.226190752522,-0.881383645049,-0.00640176913255,-1.25059095142,-0.105239447537,0.40280034965,-0.238904801077,0.573790221021,0.818984742026,0.00308569122248,0.0,0.818955139126,-0.573726298019,-0.0114613246603,0.0,-0.00761645445868,0.00910361396724,-0.999929554436,0.0,0.615352203016,0.200242274495,0.304093884286,1.0,-0.202844571429,-0.266595722449,1.334
0.419017984964,0.309934889339,-0.126254903259,-1.71685475252,0.05479893316,2.01925126741,0.100330591174,-0.246903509816,-0.909322853004,-0.00572065565907,-1.2717514331,-0.0966199954792,0.422492671801,-0.259759814609,0.573686151412,0.819057688886,0.00307389927666,0.0,0.81902770752,-0.573622008548,-0.0114957611639,0.0,-0.00765258262964,0.0091127431059,-0.999929195439,0.0,0.612046287469,0.195992537772,0.304091876187,1.0,-0.211630857143,-0.278143412245,1.35
0.414744469773,0.294539139154,-0.12636760748,-1.7391814366,0.0529050679609,2.02603222624,0.0957587523953,-0.257139541047,-0.918544796392,-0.00919979059344,-1.31946309992,-0.103741695165,0.383129209935,-0.26322792999,0.573592367881,0.81912405856,0.00288428464071,0.0,0.819091387672,-0.573528574658,-0.0116197931543,0.0,-0.00786398387535,0.0090276911895,-0.999928326706,0.0,0.608334424899,0.19123201299,0.30403707544,1.0,-0.220966285714,-0.290412832653,1.367
0.409835225327,0.277678106858,-0.126543278731,-1.76330266206,0.0509306742709,2.03335804529,0.0906395182705,-0.283598452186,-0.929023755527,-0.00579370443262,-1.3594271337,-0.104520435397,0.384962910342,-0.292169156411,0.573603144702,0.819116373511,0.00292334308446,0.0,0.819083477952,-0.573538376667,-0.0116933116526,0.0,-0.00790168572008,0.0091019575977,-0.999927356227,0.0,0.604286045439,0.185942888573,0.304051985538,1.0,-0.230850857143,-0.303403983673,1.385
0.405122369151,0.262163518626,-0.126748891403,-1.78512542675,0.0489805336593,2.03994741191,0.0858524119894,-0.302895764643,-0.974145352191,-0.0188556870115,-1.38950670403,-0.129877009576,0.416963026055,-0.296847531279,0.573639958905,0.819090070502,0.00306608133964,0.0,0.81905965006,-0.573575444898,-0.0115432038267,0.0,-0.00769644284811,0.00913312231877,-0.999928672878,0.0,0.600590326139,0.180992705668,0.30415943388,1.0,-0.239637142857,-0.314951673469,1.401
