position_joint1,position_joint2,position_joint3,position_joint4,position_joint5,position_joint6,position_joint7,velocity_joint1,velocity_joint2,velocity_joint3,velocity_joint4,velocity_joint5,velocity_joint6,velocity_joint7,ee_T_00,ee_T_10,ee_T_20,ee_T_30,ee_T_01,ee_T_11,ee_T_21,ee_T_31,ee_T_02,ee_T_12,ee_T_22,ee_T_32,ee_T_03,ee_T_13,ee_T_23,ee_T_33,v_x,v_y,time
0.46508220841,0.547724956588,-0.124012646581,-1.35582304237,0.079524646057,1.89413175865,0.15913658916,0.000714105494506,0.00172691359609,-0.00159960064206,9.3019535481e-05,-0.000357971137077,0.000101239250628,0.00207467071703,0.573803222463,0.818978917436,0.00203508921322,0.0,0.818936827363,-0.573744251969,-0.0118639379487,0.0,-0.00854885891143,0.008474338487,-0.999927548675,0.0,0.661689021173,0.260890208031,0.303262508433,1.0,0.0,0.0,0.0
0.465081533822,0.54771994528,-0.124008787778,-1.35582025831,0.0795259684854,1.89413383146,0.159133058931,0.000211586813187,-0.000498499997572,0.005017590378,0.00064624129024,0.000157666634551,0.000267355758767,0.00142475173059,0.57379839118,0.81898227719,0.00204519690227,0.0,0.818940292843,-0.573739354785,-0.0118615526046,0.0,-0.00854115585574,0.00848119724082,-0.999927556351,0.0,0.661689422119,0.260892748285,0.303267438415,1.0,-4e-05,-5.25714285714e-05,0.003
0.465079133983,0.547718937852,-0.124012329213,-1.35581870633,0.0795259684854,1.89413313198,0.159129682173,0.000456695347401,0.000544593675725,1.35120370623e-05,0.00107257692081,0.000347989086482,0.00024326761068,0.000565307466014,0.573799974121,0.818981166237,0.00204595934655,0.0,0.818939210448,-0.573740952959,-0.0118589792381,0.0,-0.00853859437601,0.00848036158505,-0.999927585315,0.0,0.661691104744,0.260889261121,0.303268947278,1.0,-0.00034,-0.000446857142857,0.018
0.465075955475,0.54771503283,-0.124009823997,-1.35582884089,0.0795249895498,1.89413154411,0.159133400311,0.000173609536563,-0.000230547545242,-0.000324551686444,5.88086462488e-05,-0.000114695129139,-0.000277560172025,0.00131882568183,0.573804148261,0.818978257068,0.00203980118951,0.0,0.818936204979,-0.573745135436,-0.0118641746496,0.0,-0.00854633960988,0.00847834290906,-0.999927536265,0.0,0.661688875836,0.260887187976,0.303266667209,1.0,-0.0007,-0.00092,0.036
0.465078542324,0.54766049068,-0.12400732224,-1.35587437971,0.0795222531663,1.89414026197,0.159133124511,-3.77136261112e-05,-0.0012227274609,-0.00115235346616,-0.00162682268001,-2.91912157226e-05,-0.000257843444835,0.000507342193581,0.573801780533,0.818979874238,0.00205648999392,0.0,0.818938017135,-0.57374267855,-0.0118579004106,0.0,-0.00853164997022,0.00848838563461,-0.999927576506,0.0,0.661680523296,0.260885810147,0.303284299845,1.0,-0.00106,-0.00139314285714,0.054
0.46507582117,0.547548408642,-0.124007327473,-1.3560044269,0.0795220059084,1.8941779737,0.159125433779,2.37189453551e-05,-0.0107468225429,0.000596886041976,-0.0103585872257,7.35993650824e-05,0.00169937608801,-0.000277234953923,0.573804812358,0.818977694273,0.00207858091701,0.0,0.818936043598,-0.573745540352,-0.0118557295595,0.0,-0.00851716550903,0.00850526326043,-0.99992755657,0.0,0.661661919964,0.260872565821,0.303305075432,1.0,-0.00136,-0.00178742857143,0.069
0.465057777364,0.547380797343,-0.12400985063,-1.3562552667,0.0795188105822,1.89424958341,0.159121884418,-0.00244980624937,-0.00706266158251,-0.00115071666442,-0.0126486007852,1.34300108574e-05,0.00567960231595,-0.00208177959933,0.573831496008,0.818959006522,0.00207526529144,0.0,0.81891719048,-0.573772112079,-0.0118720444055,0.0,-0.00853215261268,0.00851218730982,-0.999927369882,0.0,0.661628581516,0.260835934398,0.303310711306,1.0,-0.00178,-0.00233942857143,0.09
0.465037608354,0.547201349772,-0.124013017264,-1.35646098019,0.0795169810115,1.89436088212,0.159117067247,-0.00521065657032,-0.0124007306255,-0.00103360985986,-0.0109194146084,0.000133930996999,0.00370778298292,0.00111134890499,0.573857473771,0.818940604911,0.00215228398042,0.0,0.818899764484,-0.573797752216,-0.0118347868801,0.0,-0.00845717464329,0.00855415044019,-0.999927648736,0.0,0.66161444593,0.260805970847,0.303349676021,1.0,-0.00212,-0.00278628571429,0.107
0.465031528264,0.54705044319,-0.124007673475,-1.35664119497,0.0795139048168,1.89444851213,0.159107039811,-0.00150280077429,-0.00942686217979,-0.000438168958885,-0.0133213455087,-0.000262389718503,0.00321246206745,0.000510109200424,0.57385986009,0.818938785829,0.00220747443478,0.0,0.818898598149,-0.573799855501,-0.0118134955848,0.0,-0.00840804309976,0.00858715397286,-0.999927780191,0.0,0.661595114174,0.260791091597,0.303378215783,1.0,-0.00238,-0.003128,0.12
0.465003764811,0.546840746943,-0.124010885532,-1.35693982527,0.0795107460103,1.89458505086,0.159088678522,-0.000674481046911,-0.0148974108951,-0.00114906700595,-0.0157035955412,1.53245540401e-05,0.0102342207622,-0.00185951622291,0.573885832574,0.818920457291,0.00225448489022,0.0,0.818880802396,-0.573825562084,-0.0117984179911,0.0,-0.00836844591576,0.00861726523683,-0.999927853324,0.0,0.661567542987,0.260746935031,0.303396556817,1.0,-0.00272,-0.00357485714286,0.137
0.464968745452,0.546582066362,-0.124009804352,-1.35733098508,0.0795039379248,1.89471906514,0.159047716493,-0.005455111491,-0.0128129454297,-0.000866499137375,-0.0248204322428,-0.000532628876061,0.0108272449281,-0.00186515392038,0.573900217227,0.81891034562,0.00226570169378,0.0,0.818870667602,-0.573839727516,-0.0118128644517,0.0,-0.00837368848779,0.00863488838184,-0.999927657405,0.0,0.66152062021,0.260689352401,0.303405165969,1.0,-0.00306,-0.00402171428571,0.154
0.464933175634,0.54629204449,-0.124007727768,-1.35775773702,0.0794906822402,1.89487852025,0.158925466354,-0.000342244017386,-0.0160814383973,0.00115648379308,-0.0284341876327,-4.69851931898e-05,0.0093308906567,-0.00241273584272,0.573848129549,0.818946769424,0.0022934613777,0.0,0.818907327166,-0.573787409701,-0.0118129117451,0.0,-0.00835834757208,0.00865711631254,-0.99992759356,0.0,0.661471681014,0.260628855308,0.303421178193,1.0,-0.0034,-0.00446857142857,0.171
0.464888110678,0.546021066049,-0.12400735547,-1.35822856444,0.0794788157808,1.89503289126,0.158898517178,-0.00338212427876,-0.0196129825325,-0.00418290784075,-0.0359078410877,0.000243285995849,0.0177159709528,0.000787335893561,0.573896406203,0.818913026109,0.00226219310702,0.0,0.818873013002,-0.573835632407,-0.0118491543236,0.0,-0.00840546164297,0.00865280256167,-0.999927235964,0.0,0.661411467526,0.260547934366,0.303401764836,1.0,-0.00374,-0.00491542857143,0.188
0.464829395914,0.545693587243,-0.124010543876,-1.35879295778,0.079446950453,1.89521768851,0.158839931012,-0.00439982817571,-0.0135103833671,0.000508852681415,-0.039429765611,-0.000259534367232,0.0129406880226,-0.00957924252207,0.573911165741,0.818902800791,0.00221891783677,0.0,0.818862164364,-0.573850499331,-0.0118788506267,0.0,-0.00845445971433,0.00863455911522,-0.999926980584,0.0,0.6613475532,0.260459479331,0.303381647627,1.0,-0.00406,-0.005336,0.204
0.464759632987,0.545344460882,-0.124008442279,-1.35939167387,0.0793385762958,1.89541790066,0.158751135114,-0.0043548282045,-0.0280790447975,-0.000594935902531,-0.0445168175674,-0.00391635684198,0.0177215320455,-0.000673655355573,0.573902690721,0.818908938462,0.0021445257362,0.0,0.818867925828,-0.573842922276,-0.0118476793096,0.0,-0.00847171267806,0.00855566309911,-0.999927512729,0.0,0.661278176235,0.260336978682,0.303367387585,1.0,-0.0044,-0.00578285714286,0.221
0.464689674062,0.544901461623,-0.124013710941,-1.36013418068,0.0793268502816,1.89564461301,0.158683165896,-0.00314925524756,-0.0275236211158,-3.02602577938e-05,-0.0401699014753,-4.95281101278e-05,0.0175807617587,-0.000505702071629,0.573942076797,0.818881468945,0.00209265432295,0.0,0.818839441523,-0.573882171343,-0.0119150880102,0.0,-0.00855627250044,0.00855228291285,-0.999926821651,0.0,0.661189202929,0.26022595562,0.303340969119,1.0,-0.00474,-0.00622971428571,0.238
0.464618283251,0.544472233607,-0.124011873969,-1.36086124912,0.0793049821914,1.89590001885,0.158577674964,-0.00264857292107,-0.0255026117807,-3.94267629228e-05,-0.0440160003251,0.000129770074773,0.0199928446099,-0.0100155957718,0.573947599824,0.818877659365,0.00206846589373,0.0,0.818835077956,-0.57388755518,-0.0119555852732,0.0,-0.00860326048955,0.0085557766286,-0.999926388588,0.0,0.66110363727,0.260112938378,0.303320782167,1.0,-0.00508,-0.00667657142857,0.255
0.464552489278,0.544022162534,-0.124019412841,-1.36159581327,0.0792733670069,1.89616921042,0.158492120707,-0.00423231286665,-0.0321998528451,-0.000873928250496,-0.0472471489129,-0.00130954594626,0.0166337608864,-0.00376615839516,0.573969266288,0.818862495108,0.00205969978303,0.0,0.818819710736,-0.573909167293,-0.0119706269004,0.0,-0.00862038279344,0.00855745947721,-0.999926226723,0.0,0.661020796198,0.259996940306,0.303313222929,1.0,-0.0054,-0.00709714285714,0.271
0.464471626645,0.543477852018,-0.124019076155,-1.36247554052,0.0792262733096,1.89646300839,0.158372188183,-0.00292247642121,-0.0290724812736,-0.000370683337613,-0.0500561764043,-0.00239807871226,0.021706743863,-0.00948359097202,0.573973328242,0.818859726704,0.00202813961223,0.0,0.818816418312,-0.573913249987,-0.0120000621719,0.0,-0.00866255821536,0.00854855422322,-0.99992593841,0.0,0.660914796546,0.259858719478,0.303305048777,1.0,-0.00576,-0.00757028571429,0.289
0.464396038625,0.54296044129,-0.124025784917,-1.36328619508,0.0791749076032,1.89675080002,0.158268509003,-0.00751654699735,-0.0331273799653,0.000208756575113,-0.0487481159271,-0.00500746208177,0.0197709852275,-0.0101240630904,0.573993132399,0.818845884868,0.0020118884257,0.0,0.818802406796,-0.573933162145,-0.0120037876262,0.0,-0.0086747296299,0.00853759512054,-0.999925926524,0.0,0.660815994127,0.259717649786,0.30330604127,1.0,-0.0061,-0.00801714285714,0.306
0.464327468205,0.542409379125,-0.124028994015,-1.36413991598,0.0791256080004,1.8970527428,0.158171176454,-0.00756404201391,-0.0296392450863,-0.000697201705937,-0.0493021453525,-0.00116018036398,0.0248782177681,-0.00262352702966,0.573999312217,0.818841531328,0.00202065544129,0.0,0.818798127271,-0.573939264304,-0.0120039397136,0.0,-0.00866975779934,0.00854492654697,-0.99992590702,0.0,0.660722443123,0.259597900866,0.303320023355,1.0,-0.0064,-0.00841142857143,0.321
0.464246615765,0.541798760875,-0.124029955319,-1.36508428395,0.07907824558,1.89740265827,0.158033352823,-0.00659670438631,-0.0391672979354,-4.22496655011e-05,-0.0570170297919,-0.00191935759046,0.0118214624109,-0.0117821927941,0.573985441088,0.818851187574,0.00204766413709,0.0,0.818808024935,-0.57392517119,-0.0120026279226,0.0,-0.00865332674135,0.00856614243497,-0.999925867822,0.0,0.660606409249,0.259453479455,0.303336893954,1.0,-0.00676,-0.00888457142857,0.339
0.464167758563,0.541113167777,-0.12403219809,-1.36614430498,0.0790219833421,1.89779785507,0.157911064026,-0.00344922174215,-0.0420420616817,-0.00128203955004,-0.0591392955897,-0.00311438790963,0.0256163191667,-0.00734236948524,0.574003014292,0.818838837283,0.00206034996541,0.0,0.818795797124,-0.573942646089,-0.0120011879808,0.0,-0.00864468253809,0.00857588908076,-0.999925859047,0.0,0.660490775911,0.259303419209,0.303347181472,1.0,-0.0071,-0.00933142857143,0.356
0.464086507444,0.540450729872,-0.124027855865,-1.3671460723,0.0789471419793,1.89815163846,0.157777637448,-0.00214324095131,-0.0453514075676,0.000190625383694,-0.062880934204,-0.00298255073749,0.0154290860558,-0.00873910423412,0.573992623446,0.818846104976,0.00206675985466,0.0,0.8188032257,-0.573932306328,-0.0119888380083,0.0,-0.00863099922978,0.00857393929112,-0.99992599397,0.0,0.660371693415,0.259153960403,0.303369079989,1.0,-0.00742,-0.009752,0.372
0.463992759826,0.539724357223,-0.124035365111,-1.36825816323,0.0788803823178,1.89857551874,0.157655410626,-0.00457033333228,-0.0384776705255,-0.000643724120351,-0.0663847596356,0.000225313396231,0.0267321209682,-0.0105676805613,0.574018368536,0.818827981171,0.00209683945884,0.0,0.818785540008,-0.573957968402,-0.0119681612069,0.0,-0.00859653307345,0.00858697152481,-0.999926179045,0.0,0.660248102596,0.258983188279,0.303390044136,1.0,-0.00776,-0.0101988571429,0.389
0.463891511295,0.538960965276,-0.124030183959,-1.3694255803,0.0788195890672,1.89900961114,0.157499016077,-0.00405047665427,-0.0433097041043,1.73444316014e-05,-0.0679879821406,-0.00808172167393,0.02999327822,-0.00919803451614,0.574017872257,0.818828245934,0.00212905879981,0.0,0.8187861053,-0.573957219037,-0.0119654245443,0.0,-0.00857580403437,0.00861177710361,-0.999926143713,0.0,0.660113208012,0.258810410796,0.303411190828,1.0,-0.0081,-0.0106457142857,0.406
0.463790354676,0.538222005645,-0.124041834132,-1.37055146522,0.0787619452344,1.89945289178,0.157359726372,-0.004510059597,-0.0429239781643,-0.00213499895262,-0.0678909833724,0.000333818798628,0.0297158618179,-0.00293953405476,0.574041752319,0.818811374033,0.00217881850455,0.0,0.818769879083,-0.573980888956,-0.011940314941,0.0,-0.00852642966133,0.00863835659063,-0.999926336683,0.0,0.659992540453,0.258633679652,0.303436073649,1.0,-0.00842,-0.0110662857143,0.422
0.463675612471,0.537433627604,-0.124041802927,-1.37180479477,0.0786848958023,1.89992579505,0.157200428869,-0.0077945029145,-0.042107218322,-0.000556130283463,-0.076181191717,-0.00618114140992,0.0313619609059,-0.0156838757339,0.574053835963,0.818802889737,0.00218359232777,0.0,0.818761467437,-0.573992962223,-0.011936735746,0.0,-0.00852063114293,0.00864033655572,-0.999926369004,0.0,0.659851232405,0.258439167028,0.303437235547,1.0,-0.00876,-0.0115131428571,0.439
0.46355815111,0.536600527011,-0.124039311329,-1.37309721704,0.0786091766361,1.9004066828,0.157045080008,-0.00864756595372,-0.046097655178,0.0025321883499,-0.0706513745879,-0.00088251987194,0.0298082424311,-0.0139974415721,0.574071965277,0.818790126322,0.00220332061866,0.0,0.818748920741,-0.574010968161,-0.0119314759353,0.0,-0.00850480823073,0.00865365882716,-0.999926388504,0.0,0.659703414969,0.258241011496,0.303451832044,1.0,-0.0091,-0.01196,0.456
0.463449538017,0.535787672698,-0.124056656686,-1.37437853975,0.0785402347564,1.90087895659,0.156890748572,-0.00522519955911,-0.0522858932508,-0.00121312496828,-0.0831745950886,-0.00345900108524,0.0304630779772,-0.0107565840596,0.574098732217,0.818771350675,0.00220632788047,0.0,0.818730177504,-0.574037712648,-0.0119309598542,0.0,-0.00850237640188,0.00865610280042,-0.999926388031,0.0,0.65955750246,0.258038753983,0.303457185399,1.0,-0.00942,-0.0123805714286,0.472
0.463312885879,0.534838896788,-0.124052059074,-1.37588157654,0.078453989755,1.90142469006,0.156717538521,-0.00903504191051,-0.0533197102062,0.000626800223757,-0.0869872749056,-0.00749032909497,0.0314974042126,-0.00785219764399,0.574124919015,0.81875300017,0.00220203985424,0.0,0.818711675498,-0.574063816246,-0.0119446298322,0.0,-0.00851575406342,0.00866071211918,-0.999926234278,0.0,0.659381178764,0.257808417583,0.303458398052,1.0,-0.00978,-0.0128537142857,0.49
0.463188670458,0.533935638545,-0.124058791901,-1.37735816893,0.0783745519904,1.90195162667,0.156526572026,-0.00744078292862,-0.0550962113202,0.000535682000158,-0.090240700961,-0.00192065204681,0.0275848035882,-0.0104724388709,0.574134588809,0.818746316874,0.00216551124539,0.0,0.81870440707,-0.574073524119,-0.0119762119024,0.0,-0.00856248156737,0.00864903761703,-0.999925936286,0.0,0.659204664109,0.257582090656,0.303438655535,1.0,-0.01012,-0.0133005714286,0.507
0.463075273516,0.533125276575,-0.124060994745,-1.37866588176,0.0782925228415,1.90244600671,0.156362601203,-0.00590397009323,-0.0527924068649,0.00120944188331,-0.0860044348896,-0.00423984198462,0.0302094190557,-0.0118170903169,0.574144380017,0.81873946764,0.002159148834,0.0,0.818697507542,-0.574083373342,-0.0119757462634,0.0,-0.00856564958941,0.00864366359976,-0.999925955622,0.0,0.659054488301,0.257381744026,0.303430619383,1.0,-0.01042,-0.0136948571429,0.522
0.462933505552,0.532117154078,-0.124059600517,-1.38030687227,0.0782074945976,1.90306714947,0.156160982151,-0.00450087718509,-0.052902088996,0.000961951876953,-0.0925662303991,-0.00959758266972,0.0340500570826,-0.012752156987,0.574161405219,0.81872753944,0.00215495258368,0.0,0.818685383352,-0.574100271307,-0.0119945184302,0.0,-0.00858324895231,0.00865118430098,-0.999925739667,0.0,0.658863463299,0.257135947509,0.3034141207,1.0,-0.01078,-0.014168,0.54
0.462797686237,0.531116508787,-0.124061240363,-1.3819034229,0.0781085501994,1.9036411135,0.155954681944,-0.0096059103194,-0.0626386084398,0.000447880722875,-0.0935869780498,-0.00812890377802,0.0328834398383,-0.0112149094795,0.574165213602,0.818724922941,0.00213423201184,0.0,0.818682476241,-0.574104145168,-0.0120075183863,0.0,-0.0086057488081,0.00864172408738,-0.999925628081,0.0,0.658672655154,0.256892087319,0.303409241251,1.0,-0.01112,-0.0146148571429,0.557
0.462672302602,0.530147302034,-0.124064831283,-1.38345420324,0.0780117492053,1.90418648157,0.155755566047,-0.0115134020337,-0.0612090304871,-0.000217297391157,-0.101150197642,-0.0072311673021,0.0391702810038,-0.0164448593306,0.574165560843,0.818724765306,0.00210102777073,0.0,0.818681861618,-0.574104608187,-0.0120272697503,0.0,-0.00864098024411,0.00862588348321,-0.999925461019,0.0,0.658483205659,0.256657426518,0.30340136054,1.0,-0.01144,-0.0150354285714,0.573
0.462528761246,0.529099190965,-0.124070566846,-1.38510720579,0.0779080000732,1.90479556107,0.155535820742,-0.00875807505986,-0.0639884497839,-0.00141092410226,-0.0987809802541,-0.00606691343263,0.0441268880433,-0.0189535919891,0.574169053465,0.818722316964,0.00210063047469,0.0,0.818679441685,-0.574108135581,-0.0120236152433,0.0,-0.00863817939666,0.00862349679673,-0.999925505805,0.0,0.658289756294,0.256401679511,0.303405767754,1.0,-0.01178,-0.0154822857143,0.59
0.462379345909,0.527950442937,-0.124068040563,-1.38692225785,0.0777952315067,1.90549598711,0.155274896,-0.00884157580564,-0.0627137684241,-0.00189388399909,-0.101796854979,-0.00314628427915,0.0359127432097,-0.0161888968671,0.574144177071,0.818739694297,0.00212692723663,0.0,0.818697188963,-0.574083178665,-0.0120068171788,0.0,-0.00860959043898,0.00863511977096,-0.999925652066,0.0,0.658078882791,0.256133709608,0.303411301639,1.0,-0.01214,-0.0159554285714,0.608
0.462261463013,0.526919601211,-0.124073387383,-1.38847791118,0.0776982986248,1.90608990584,0.155073075579,-0.00925498152332,-0.0698199935022,-0.000893721940987,-0.102631584368,-0.00787073866959,0.043143949267,-0.0155617286836,0.574137288118,0.8187443782,0.00218276439632,0.0,0.818702664985,-0.574076123298,-0.0119707103419,0.0,-0.0085480434491,0.00866003293332,-0.999925964651,0.0,0.65789675831,0.255906523,0.303448020799,1.0,-0.01244,-0.0163497142857,0.623
0.462091436854,0.525690359421,-0.124070526472,-1.39039491343,0.0775749141674,1.90679353825,0.154811824134,-0.00887973291529,-0.072366077459,-8.11614789932e-05,-0.106478589791,-0.0165117867587,0.0354531247433,-0.0162539938309,0.574130671966,0.818748990455,0.00219295168534,0.0,0.818707425207,-0.574069481521,-0.011963661583,0.0,-0.00853649356014,0.00866425770552,-0.999926026722,0.0,0.657669419067,0.255612738613,0.303461330062,1.0,-0.0128,-0.0168228571429,0.641
0.461937979559,0.524529597456,-0.124073715631,-1.39225877243,0.07746309573,1.90745340318,0.154566471929,-0.010590964556,-0.0722596680187,5.47274374313e-05,-0.109213728179,-0.00403586691079,0.0433593796803,-0.00128073542242,0.574127724384,0.818751155411,0.00215603968952,0.0,0.818709034442,-0.574066611331,-0.0119912292775,0.0,-0.00858028762439,0.00864983288614,-0.999925776773,0.0,0.657439890846,0.255330688556,0.303447882169,1.0,-0.01314,-0.0172697142857,0.658
0.461781445822,0.523326502292,-0.124085474446,-1.39416339039,0.0773390128421,1.90815619636,0.15430779588,-0.0124640422034,-0.0775006877953,-0.000683137380548,-0.11048853316,-0.00113046266258,0.047802432302,-0.0167108075449,0.57412119248,0.818755754417,0.00214891938241,0.0,0.818713638714,-0.57406020867,-0.0119833846174,0.0,-0.00857802115732,0.0086394310092,-0.999925886146,0.0,0.657213264157,0.255038304818,0.30344846011,1.0,-0.01348,-0.0177165714286,0.675
0.461621602442,0.52210236986,-0.124091163792,-1.39609366035,0.0772288050657,1.90891285507,0.154042175073,-0.0112606937983,-0.0732317725108,-0.001356238429,-0.111794825677,-0.00311084007853,0.0418085282315,-0.0220082569476,0.574112633288,0.818761642063,0.0021919594656,0.0,0.818720084242,-0.574051469857,-0.0119616268018,0.0,-0.0085355879854,0.00866208907197,-0.999926053241,0.0,0.656989988003,0.25475039259,0.303455790788,1.0,-0.01382,-0.0181634285714,0.692
0.461463068602,0.520860088091,-0.124092229639,-1.39811059754,0.0771066138405,1.90967977864,0.153772244475,-0.00875935562777,-0.0718708813411,-0.000715306981517,-0.119232928181,-0.00501612644347,0.0388592302762,-0.0159522114673,0.574097199869,0.818772488516,0.00218267112701,0.0,0.818730800173,-0.574036066937,-0.0119673557867,0.0,-0.0085457742619,0.00865761221118,-0.999926005009,0.0,0.656747399041,0.254454810082,0.303435041875,1.0,-0.01416,-0.0186102857143,0.709
0.461310928586,0.519707163104,-0.124096096005,-1.39992106741,0.0769818425079,1.91033789774,0.153522856807,-0.0111411344259,-0.079458701912,-0.000175172600793,-0.118581176849,-0.00897865623035,0.0486182558771,-0.0134766808146,0.574082941814,0.818782508164,0.00217419958644,0.0,0.818740811259,-0.574021948618,-0.0119596565418,0.0,-0.00854448380456,0.00864610720819,-0.999926115584,0.0,0.656527971608,0.254177422651,0.303440065654,1.0,-0.01446,-0.0190045714286,0.724
0.461127718699,0.518283649371,-0.124098956947,-1.40212455089,0.0768425658107,1.91111966175,0.153234060639,-0.0102964015513,-0.0743997448443,0.000504765518145,-0.121579223167,-0.00774591753893,0.0452376870078,-0.0239235331763,0.574077723544,0.818786168735,0.00217350381213,0.0,0.81874444118,-0.574016712029,-0.0119624934444,0.0,-0.00854726122534,0.00864711165226,-0.999926083161,0.0,0.656255236076,0.253843232466,0.303458302797,1.0,-0.01482,-0.0194777142857,0.742
0.460956326929,0.516991861694,-0.12410808534,-1.40413698985,0.0767135897947,1.91184137412,0.152951996803,-0.0128358704103,-0.0780501781498,-0.000498364055653,-0.126222819137,-0.00275460182321,0.0477846028216,-0.0182769591753,0.574065197163,0.818794961705,0.00216956091567,0.0,0.818753217019,-0.574004238081,-0.0119604008073,0.0,-0.00854794333503,0.00864255122272,-0.999926116757,0.0,0.656009342006,0.253531726938,0.303469616691,1.0,-0.01514,-0.0198982857143,0.758
0.46077628917,0.515648849717,-0.124114503011,-1.40629857695,0.0765782395639,1.91267042143,0.152646580998,-0.00748868795785,-0.0814221075465,0.0048216791913,-0.134045094075,-0.0102750722676,0.0470152527831,-0.0174515826784,0.574045027053,0.818809095522,0.00217230462682,0.0,0.818767447924,-0.57398412129,-0.0119516370672,0.0,-0.00853940518465,0.00863955647724,-0.999926215589,0.0,0.655752062425,0.253205348602,0.303454765165,1.0,-0.01548,-0.0203451428571,0.775
0.460575593451,0.514171431045,-0.12410999428,-1.40865475803,0.0764364664587,1.91351567337,0.152332199016,-0.00998600851388,-0.0802373230309,0.000934032769209,-0.135365777057,-0.0123936177953,0.0427955600531,-0.0136303926991,0.574034458465,0.818816574698,0.00214578587324,0.0,0.818774456751,-0.573973537486,-0.011979738697,0.0,-0.00857774944554,0.00863386370677,-0.999925936563,0.0,0.655457576128,0.252850650007,0.303442130598,1.0,-0.01584,-0.0208182857143,0.793
0.460381993124,0.512751056404,-0.124115967813,-1.41093098994,0.0762997975221,1.91430323571,0.152016568298,-0.0112459643719,-0.0854376937975,0.000283665936901,-0.133388636146,-0.00467878138694,0.0454501028269,-0.0133646670409,0.574021129489,0.818826066555,0.00208866744611,0.0,0.818783080215,-0.573960325771,-0.0120232647549,0.0,-0.00864631680702,0.00861193938636,-0.99992553508,0.0,0.655168433684,0.252500240609,0.303422436206,1.0,-0.01618,-0.0212651428571,0.81
0.460205649722,0.51150117521,-0.124121675648,-1.41297132912,0.0761749226871,1.91506304142,0.151733737946,-0.00741998011264,-0.0841522620622,0.000439149623783,-0.135283159851,-0.00891594297538,0.0503445461811,-0.0166472401409,0.574011244352,0.818833071124,0.00205909983996,0.0,0.818789686789,-0.573950555357,-0.012039755592,0.0,-0.00867689560743,0.00859709032271,-0.999925397978,0.0,0.654919565065,0.252187065499,0.303392803616,1.0,-0.01648,-0.0216594285714,0.825
0.459994407906,0.509951287048,-0.124122704844,-1.41543207658,0.0760235620711,1.91599758734,0.151369422477,-0.0119447585725,-0.0910154573582,0.000155686749641,-0.136251260471,-0.0107789821085,0.0495973885592,-0.0217559758899,0.573974399862,0.818858853891,0.00207668197719,0.0,0.818815697362,-0.5739136391,-0.0120306072078,0.0,-0.00865969984507,0.00860584604263,-0.999925471729,0.0,0.654621574834,0.251815444964,0.303387654053,1.0,-0.01684,-0.0221325714286,0.843
0.459794049007,0.508435833195,-0.124136961162,-1.41781061409,0.0758761168931,1.91683891372,0.151050184372,-0.0121896091551,-0.0897144814734,-0.00121998446852,-0.138743605279,-0.00733263380818,0.0490920559444,-0.0172372185406,0.573970869346,0.818861383501,0.00205490981828,0.0,0.818817924311,-0.573910183365,-0.0120438846851,0.0,-0.00868310558202,0.00859560144701,-0.999925356871,0.0,0.654322693772,0.251446996674,0.303389300664,1.0,-0.01718,-0.0225794285714,0.86
0.459592205744,0.507000678949,-0.124142986006,-1.42005896613,0.0757307934203,1.91766006873,0.150734984224,-0.016725176807,-0.0890736567815,-0.000500760501528,-0.143312629366,-0.00736501421681,0.0500489985657,-0.0222589486478,0.573959520994,0.818869334684,0.00205617977218,0.0,0.818825930946,-0.573898869519,-0.0120386575498,0.0,-0.00867821533401,0.00859352088872,-0.999925417207,0.0,0.654046280564,0.2510958064,0.303394223035,1.0,-0.0175,-0.023,0.876
0.459372590452,0.505397653136,-0.124150080358,-1.42251723065,0.0755711891294,1.91859408133,0.150405981275,-0.0149582753767,-0.097625925139,-0.001261504138,-0.146160494167,-0.0126072676474,0.0483881197753,-0.0210044589619,0.573958952169,0.818869581476,0.00211581187229,0.0,0.818827070878,-0.573898163673,-0.0119946917847,0.0,-0.00860799342406,0.00861711067235,-0.999925821175,0.0,0.653751077106,0.25071505506,0.30342584608,1.0,-0.01784,-0.0234468571429,0.893
0.459154620479,0.503748780653,-0.124158271497,-1.42500395489,0.0754150347911,1.91954232898,0.150054127653,-0.0161063044857,-0.0987521101206,-0.0040939289863,-0.146184371075,-0.0103961223306,0.0514756345492,-0.0239328964062,0.573941102602,0.818881854735,0.00220581765488,0.0,0.818840598685,-0.573880027416,-0.011938801457,0.0,-0.00851075704257,0.00865854862496,-0.999926295559,0.0,0.653451688947,0.250333555818,0.30347658643,1.0,-0.01818,-0.0238937142857,0.91
0.45893442904,0.502163568686,-0.124159573263,-1.42734707842,0.0752629621581,1.92041154808,0.149728605129,-0.0111025229465,-0.100226726456,-0.000886539825099,-0.152260829624,-0.0087435864232,0.0520541930898,-0.0175649868105,0.57393467708,0.818886106117,0.00229751035739,0.0,0.818846104843,-0.573873297431,-0.01188452693,0.0,-0.00841375612696,0.00870241708131,-0.999926735639,0.0,0.653167098981,0.249966271256,0.303543476792,1.0,-0.0185,-0.0243142857143,0.926
0.45864407813,0.500070870905,-0.124157857819,-1.43052615545,0.0750655177003,1.92153958324,0.14927900907,-0.0152278258293,-0.09306249367,0.0012738702892,-0.147953931253,-0.00939921877928,0.0515838261245,-0.0253470316376,0.5739117314,0.818902079862,0.00233560707444,0.0,0.818862467132,-0.573850093251,-0.0118775965176,0.0,-0.00838646161993,0.00872940102153,-0.999926729725,0.0,0.652764278479,0.249472882204,0.303588346711,1.0,-0.01892,-0.0248662857143,0.947
0.458454011945,0.498751729254,-0.124165017668,-1.43254164955,0.0749362797081,1.92228407091,0.148992854245,-0.0153596285699,-0.100796303996,-0.00078692670465,-0.156602332825,-0.00849818357459,0.0562246330742,-0.0236951383047,0.573901016051,0.818909481683,0.00237307521948,0.0,0.818870411319,-0.573839290381,-0.0118518008047,0.0,-0.00834394890091,0.00874516997655,-0.999926947591,0.0,0.652498243831,0.249132404504,0.303611441332,1.0,-0.0192,-0.0252342857143,0.961
0.458166065553,0.496913423596,-0.124163224001,-1.43550740712,0.0747567715093,1.92337344652,0.14855529277,-0.0111137309063,-0.0958284065541,-0.000249311011479,-0.162409129541,-0.00715917086538,0.0582593946732,-0.0211968711731,0.573884074966,0.818921446203,0.0023410148268,0.0,0.818881830716,-0.573822342921,-0.0118833071593,0.0,-0.00838832997322,0.00873682345469,-0.999926649228,0.0,0.652147162978,0.248683294015,0.303578160573,1.0,-0.01956,-0.0257074285714,0.979
0.457933125842,0.495418994512,-0.124162849213,-1.43789169081,0.0746093880229,1.92418490903,0.148211659613,-0.0132164521172,-0.0963403431473,0.000277419401311,-0.156186860365,-0.0106833302448,0.0534042589518,-0.0269013107379,0.573873437732,0.818929082434,0.00227646887318,0.0,0.818888463848,-0.573811795639,-0.0119354037882,0.0,-0.00846814761899,0.00871375306796,-0.999926177767,0.0,0.651836856395,0.248300018982,0.303554898366,1.0,-0.01986,-0.0261017142857,0.994
0.457640271642,0.493692076031,-0.124177077103,-1.44072749434,0.0744354172678,1.92519420167,0.147811972085,-0.0202557963202,-0.110579605965,-0.0011851580135,-0.181333671783,-0.00708965580477,0.0699789316484,-0.025262679303,0.573891922686,0.818916368919,0.00218830856504,0.0,0.818874515468,-0.573830550822,-0.0119905696775,0.0,-0.00856372035046,0.00867340819219,-0.999925714583,0.0,0.651481132433,0.247827877921,0.303495811433,1.0,-0.0251228571429,-0.0330186122449,1.011
0.457355521025,0.491397500047,-0.124246493122,-1.44419215159,0.0742409541031,1.92650785704,0.147314039838,-0.0156052501285,-0.154698598464,-0.00712669421458,-0.238093246763,-0.00820396594595,0.083823366101,-0.0347626520488,0.573889010491,0.818918087614,0.00230571408581,0.0,0.81887790938,-0.573827310512,-0.0119136116008,0.0,-0.00843335268423,0.00872535709335,-0.999926370642,0.0,0.651058253485,0.247278863003,0.303559415674,1.0,-0.0333514285714,-0.0438333061224,1.027
0.456918821284,0.488384758938,-0.124249329273,-1.44907806649,0.0739730968146,1.92830107846,0.146589424198,-0.0277520833873,-0.201121816358,-0.000429984681533,-0.308205522576,-0.0181451864933,0.11627992165,-0.0475964630355,0.573827286687,0.81896148402,0.00225380707834,0.0,0.818920178615,-0.573765341075,-0.0119925535188,0.0,-0.00852844723894,0.00872751057292,-0.999925545302,0.0,0.650427651316,0.246532017805,0.303484441547,1.0,-0.0420942857143,-0.0553239183673,1.044
0.456342886992,0.484511673394,-0.124347123524,-1.45510009782,0.0736152556368,1.9305819665,0.145670769955,-0.0328854348036,-0.246359695028,-0.00540327653294,-0.37066025258,-0.020396263027,0.134846354018,-0.0634653262953,0.573819204078,0.818966874647,0.00235077925174,0.0,0.818927097094,-0.573757140445,-0.0119121926614,0.0,-0.00840707667506,0.00876073041151,-0.999926282615,0.0,0.64969493739,0.245534568733,0.303508675153,1.0,-0.0508371428571,-0.0668145306122,1.061
0.455620446084,0.479941826483,-0.124461504992,-1.46234099144,0.0731793473022,1.9330856344,0.144577856809,-0.0447296304257,-0.28277630849,-0.00631048248811,-0.455864048116,-0.0313421275983,0.155512053458,-0.0646709241896,0.57383503074,0.818956209865,0.00219788985924,0.0,0.818914359336,-0.573773502731,-0.0119994390957,0.0,-0.0085660891229,0.00868574929589,-0.99992558717,0.0,0.648762154904,0.244300946297,0.303452175275,1.0,-0.05958,-0.0783051428571,1.078
0.454768708104,0.474560291294,-0.124577722831,-1.47066171247,0.0726691148412,1.93606498133,0.143384019206,-0.0521387169156,-0.332042538665,-0.00481832313038,-0.514672197119,-0.0315046995916,0.183711919808,-0.0736751386229,0.573904048002,0.818907793922,0.00221712458746,0.0,0.818866299813,-0.573842539059,-0.0119779087759,0.0,-0.00853668680645,0.00868986624708,-0.999925802849,0.0,0.64770508835,0.242886607037,0.303479325727,1.0,-0.0683228571429,-0.089795755102,1.095
0.45378310334,0.468522154391,-0.124655263887,-1.47991389756,0.0721301994142,1.93945300273,0.14197460505,-0.0596521883484,-0.377556188674,-0.00273094353167,-0.547409826434,-0.0386381315903,0.217856214423,-0.0939967838141,0.573910974646,0.818902494774,0.00237573882718,0.0,0.81886281418,-0.573848562014,-0.0119275449773,0.0,-0.00840434383837,0.00879092239731,-0.999926040609,0.0,0.646528191317,0.241331312894,0.303543757873,1.0,-0.0770657142857,-0.101286367347,1.112
0.452707256882,0.462187189011,-0.124683824663,-1.48961226212,0.0715146706252,1.94296849819,0.140395345041,-0.0751428493164,-0.402979595296,0.000682152797399,-0.626168083039,-0.0401073622233,0.219147142405,-0.098386562851,0.57380932166,0.818973344074,0.00250419113196,0.0,0.818935194389,-0.573746269367,-0.0118790858254,0.0,-0.00829204397075,0.00886727115329,-0.999926304039,0.0,0.645272412454,0.239696646831,0.303601153976,1.0,-0.0852942857143,-0.112101061224,1.128
0.451407842026,0.454839634478,-0.12478400015,-1.50111404386,0.0707537821659,1.9468357961,0.138681391536,-0.0785048987527,-0.445055055361,-0.0111568050272,-0.692386297009,-0.0519670875601,0.233827211136,-0.10449403389,0.573866854862,0.818933797241,0.00223953744749,0.0,0.818891969,-0.573804619463,-0.0120394639286,0.0,-0.00857463206716,0.00874315686179,-0.999925013635,0.0,0.643718151831,0.237680938245,0.303519638762,1.0,-0.0940371428571,-0.123591673469,1.145
0.450001766976,0.446626385808,-0.124914379922,-1.51326878472,0.0699101920175,1.95134093345,0.136753907933,-0.0886823127915,-0.484322932069,-0.00750610483773,-0.732151899855,-0.0488745044438,0.267679955923,-0.114965905587,0.573856685261,0.818939658249,0.002662297636,0.0,0.818904338808,-0.573793883528,-0.0117051274272,0.0,-0.00805833810327,0.00889740401383,-0.999927947099,0.0,0.642160932442,0.235545904137,0.303761986798,1.0,-0.10278,-0.135082285714,1.162
0.448524331571,0.43851779368,-0.124947954066,-1.52578418433,0.0690943665005,1.95564307819,0.13479518946,-0.0980937645624,-0.516894700891,-0.000901393504567,-0.779668455197,-0.0608344065692,0.260899367327,-0.127680021322,0.573820814385,0.81896506278,0.00257794987531,0.0,0.818928085716,-0.57375770995,-0.01181641229,0.0,-0.00819826805818,0.00889183007513,-0.999926859205,0.0,0.640435432716,0.233375261516,0.303726103973,1.0,-0.111008571429,-0.145896979592,1.178
0.446795398447,0.429160791923,-0.12502196089,-1.53977656399,0.0681453240685,1.96064522986,0.132495147002,-0.10271693559,-0.554727114241,-0.00150818273375,-0.839017711016,-0.0582659727923,0.290035309074,-0.138250353136,0.573755719401,0.819009707787,0.00286703796133,0.0,0.818976682668,-0.573691813442,-0.0116466019061,0.0,-0.00789403580125,0.00903051555929,-0.999928064406,0.0,0.638547212428,0.230894229582,0.30388204434,1.0,-0.119751428571,-0.157387591837,1.195
0.444866493618,0.41935502287,-0.125087741964,-1.55478707259,0.0670794713929,1.96574458869,0.129989981701,-0.121436302287,-0.583255303153,-0.0026255583609,-0.90548989832,-0.0653362653336,0.299977363092,-0.147652544686,0.573672681077,0.819068297416,0.00274336569203,0.0,0.819033589374,-0.573609125767,-0.0117173894809,0.0,-0.00802387714048,0.00896902757,-0.999927584348,0.0,0.636439120607,0.228174810312,0.303845873472,1.0,-0.128494285714,-0.168878204082,1.212
0.442904807757,0.409458460967,-0.125212204351,-1.56957120414,0.06601575946,1.97098181899,0.127545525763,-0.128380744169,-0.619255304402,-0.0023887758236,-0.950962290719,-0.0598947120749,0.318972075738,-0.154654198704,0.573684237526,0.819059363587,0.00298352721215,0.0,0.819028410824,-0.573620611542,-0.0115153453594,0.0,-0.00772048738088,0.00904993991296,-0.999929243828,0.0,0.634399990058,0.225445162849,0.303967643303,1.0,-0.136722857143,-0.179692897959,1.228
0.440434470969,0.397758582764,-0.125306767433,-1.58720914702,0.0648531983681,1.97691293319,0.124574552597,-0.151373974741,-0.687378876882,-0.0110601327483,-0.99211002015,-0.0678473315764,0.349234770755,-0.166567843934,0.573730309812,0.819027023565,0.00300219491489,0.0,0.818995376316,-0.573665520772,-0.0116271557837,0.0,-0.00780084927526,0.00912981122126,-0.999927894049,0.0,0.631861311626,0.222146349024,0.303981176519,1.0,-0.14598,-0.191859428571,1.246
0.437927240838,0.386229510473,-0.125439829208,-1.60469360967,0.0635124812539,1.98278808519,0.121557421145,-0.14833751741,-0.694863696039,-0.0103548231983,-1.07001805124,-0.0872861185313,0.342211887729,-0.186094704311,0.573709133852,0.819042394244,0.00285185342369,0.0,0.819009308481,-0.573645441032,-0.0116364731,0.0,-0.00789496407589,0.00901181890915,-0.999928225755,0.0,0.629315887326,0.218801638874,0.303915858531,1.0,-0.154722857143,-0.203350040816,1.263
0.43554666004,0.375497597889,-0.125549205768,-1.62057851679,0.0623337701741,1.98810886612,0.11869803611,-0.162858550608,-0.722392833273,-0.0116763863663,-1.07409001378,-0.0776973098297,0.359745982849,-0.193655225995,0.573659669384,0.819076669461,0.0029563775543,0.0,0.819045051476,-0.573595767051,-0.0115692080743,0.0,-0.00778045256466,0.00905836888674,-0.999928702714,0.0,0.626976273458,0.215727342929,0.303996143544,1.0,-0.162437142857,-0.213488816327,1.278
0.432359884738,0.362147148824,-0.125731822043,-1.64034014052,0.0608267076136,1.9946847591,0.115193803165,-0.1769220936,-0.756673848038,-0.0149022560931,-1.10795564707,-0.0869905731382,0.377466335728,-0.204053858233,0.573819569147,0.818964397823,0.0030272204287,0.0,0.818934106476,-0.573755902281,-0.011482192701,0.0,-0.00766676905167,0.00906797551206,-0.999929493751,0.0,0.624051260554,0.211745877197,0.30405244181,1.0,-0.171694285714,-0.225655346939,1.296
0.429116547876,0.349117344998,-0.125886144833,-1.65985864986,0.0593453417482,2.00091809878,0.111542315638,-0.196577897309,-0.773202184458,-0.00847677381218,-1.16011542544,-0.0879765022781,0.357104538244,-0.223500101078,0.573850813866,0.818943391355,0.00277706373585,0.0,0.818909410492,-0.573787443143,-0.0116659504801,0.0,-0.00796046201266,0.00896885148252,-0.999928092788,0.0,0.62104785893,0.207777230659,0.303938425762,1.0,-0.180437142857,-0.237145959184,1.313
0.425856382939,0.336237602763,-0.126032044743,-1.67852346223,0.0578956236734,2.00709980564,0.107984728766,-0.213356556345,-0.816593531287,-0.0065087881828,-1.18220138812,-0.100140708316,0.385194702994,-0.229502908107,0.573915545876,0.818897007669,0.00306332081822,0.0,0.818867053685,-0.573851601442,-0.0114819342212,0.0,-0.00764477720437,0.00909828820942,-0.999929386773,0.0,0.618198576373,0.203922109791,0.304079958429,1.0,-0.188665714286,-0.247960653061,1.329
0.422259655535,0.322164520715,-0.12612746308,-1.69901571661,0.056217282039,2.01366459716,0.103956955695,-0.215323609826,-0.855485341439,-0.00657073531929,-1.2166344089,-0.104762919881,0.388853761495,-0.236535407528,0.573786184775,0.818987447624,0.00311796339995,0.0,0.818958420546,-0.573722355453,-0.0114241486653,0.0,-0.00756753474912,0.00910867642854,-0.999929879757,0.0,0.614942550246,0.199719906657,0.304121422582,1.0,-0.197408571429,-0.259451265306,1.346
0.418112345754,0.30672682459,-0.126211803178,-1.72131472511,0.0543952884766,2.02066673255,0.0994522596909,-0.230038873288,-0.884915258494,-0.00868100640419,-1.24928492166,-0.117511177269,0.401229492811,-0.257986755525,0.573681668238,0.819060380212,0.0031912372017,0.0,0.819032110446,-0.573617406395,-0.0114113995829,0.0,-0.00751622078485,0.00916041285624,-0.999929794166,0.0,0.611326997545,0.195046417854,0.304174355913,1.0,-0.206665714286,-0.271617795918,1.364
0.414139183559,0.292640830514,-0.126336385512,-1.74171485234,0.052674483133,2.02681574247,0.0952848718467,-0.257470149506,-0.916338866959,-0.0100448217628,-1.27295152356,-0.103012779508,0.391793757309,-0.259191677433,0.573673822408,0.819066594596,0.00300100037114,0.0,0.819035549192,-0.573609768212,-0.0115477215413,0.0,-0.00773709879398,0.00908272641441,-0.999928818158,0.0,0.607929544238,0.190647629892,0.304123069566,1.0,-0.214894285714,-0.282432489796,1.38
0.409656025825,0.277248592,-0.126487165614,-1.76381045177,0.0508472536547,2.03351445058,0.0905814053562,-0.272839008253,-0.91256387517,-0.00756172232833,-1.31593595827,-0.117644793133,0.367390338024,-0.283992096526,0.573642864903,0.81908837559,0.0029737890409,0.0,0.81905636204,-0.5735781842,-0.0116399876525,0.0,-0.00782862878525,0.0091130721526,-0.999927829639,0.0,0.604206892506,0.185816456152,0.304097299073,1.0,-0.223637142857,-0.293923102041,1.397
