position_joint1,position_joint2,position_joint3,position_joint4,position_joint5,position_joint6,position_joint7,velocity_joint1,velocity_joint2,velocity_joint3,velocity_joint4,velocity_joint5,velocity_joint6,velocity_joint7,ee_T_00,ee_T_10,ee_T_20,ee_T_30,ee_T_01,ee_T_11,ee_T_21,ee_T_31,ee_T_02,ee_T_12,ee_T_22,ee_T_32,ee_T_03,ee_T_13,ee_T_23,ee_T_33,v_x,v_y,time
0.4650666237,0.547785980307,-0.123966186144,-1.3558454547,0.0796035213254,1.89410031715,0.159162752817,0.000548693492034,0.00140135036769,-0.000925195495675,0.000324555612507,-0.000554006481561,0.000158601792291,0.000503756439254,0.573826965655,0.818962387232,0.00199215634563,0.0,0.818918709893,-0.57376715708,-0.0120059545515,0.0,-0.00868955861853,0.00852091862863,-0.999925940016,0.0,0.661664949307,0.260913947078,0.303204489051,1.0,0.0,0.0,0.0
0.465063776721,0.547774949822,-0.123971805709,-1.35584795937,0.0796019943164,1.89410016049,0.159157835258,0.00070262847584,-0.00225900019372,-0.000972600923818,-0.00043093110586,4.12761450201e-05,-0.000134422936727,-0.000416836921057,0.573828907689,0.818961013469,0.00199750324212,0.0,0.818917446894,-0.573769116404,-0.0119984638747,0.0,-0.00868033558803,0.0085210197304,-0.999926019262,0.0,0.661666756445,0.260908402519,0.303211280544,1.0,-0.00016,-0.000210285714286,0.009
0.465063189258,0.547772536648,-0.12396689623,-1.35585142741,0.0796010063128,1.89410232954,0.159163922556,0.00074973526938,-0.000630600421087,-0.000671210277557,0.000589652356633,8.12161154912e-05,-0.000291887616422,0.00108946401092,0.573830882192,0.818959626017,0.00199912449297,0.0,0.818916064357,-0.57377106785,-0.0119995057138,0.0,-0.00868023803811,0.00852296620505,-0.99992600352,0.0,0.661665539022,0.260910462445,0.30321136354,1.0,-0.00054,-0.000709714285714,0.028
0.465062045626,0.547769012091,-0.123969295231,-1.35585871862,0.0796014609281,1.8941011571,0.159161226938,0.000638606373182,-0.00158195274513,-0.000260488136416,-8.39408696906e-05,-0.000233862356396,-0.000204660633634,0.000373546141792,0.57383179146,0.818958999053,0.00199496410828,0.0,0.818915381424,-0.573771992992,-0.0120018759341,0.0,-0.008684556974,0.00852092881607,-0.999925983382,0.0,0.661664550053,0.260907491257,0.303210368571,1.0,-0.0008,-0.00105142857143,0.041
0.465059846021,0.547672617792,-0.123964442607,-1.35597530847,0.0796015940656,1.89412181143,0.159154622214,0.000649513600121,-0.00580491649338,0.000977543016291,-0.00848740377793,0.000114433741795,0.00110988533937,-0.000801985119347,0.573831167885,0.818959419049,0.0020019031753,0.0,0.818915771923,-0.573771222185,-0.0120120767744,0.0,-0.00868893627406,0.00853245840455,-0.999925847021,0.0,0.661643941605,0.260897695582,0.30322479731,1.0,-0.00122,-0.00160342857143,0.062
0.465050571255,0.547573803067,-0.123967579737,-1.35610456755,0.0795981410985,1.89414182991,0.159153275342,-0.000532692795351,-0.00723692751037,-0.000311818425216,-0.00788438171974,0.000159011038454,0.000564189311141,-0.00112612892879,0.573845958254,0.81894906987,0.00199601011899,0.0,0.818905285187,-0.573785976293,-0.0120222378533,0.0,-0.0087004854042,0.00853362013565,-0.999925736683,0.0,0.661624243559,0.260876495948,0.303235111092,1.0,-0.00148,-0.00194514285714,0.075
0.46503502322,0.547395027111,-0.123967107081,-1.35635647975,0.0795922292657,1.89422087261,0.159151173375,-0.000988960620515,-0.0044294742694,-0.00355444385912,-0.0101766961253,-0.00445245193627,0.00805340878559,0.000311906176232,0.573869059572,0.818932855492,0.00200687898932,0.0,0.818889108384,-0.573808925922,-0.0120287823218,0.0,-0.00869936746737,0.00854652189206,-0.99992563622,0.0,0.66159124923,0.260843338679,0.303248688213,1.0,-0.00188,-0.00247085714286,0.095
0.465022892308,0.547254099875,-0.123969714829,-1.35652025124,0.0795933544525,1.8943264953,0.159137217202,-0.00115800896436,-0.0148597456798,-0.000244390346764,-0.0166688167912,0.000289144595778,0.00242693138063,-0.000302121597203,0.573879112965,0.818925623429,0.00208180112636,0.0,0.818882837666,-0.573818644973,-0.0119919872712,0.0,-0.00862613543066,0.00858686755553,-0.999925925003,0.0,0.661582192457,0.260823584606,0.303279824265,1.0,-0.00214,-0.00281257142857,0.108
0.464986486898,0.54700419794,-0.123967556952,-1.3568314559,0.0795917826709,1.8944920843,0.159125624357,-0.00142296466701,-0.0113341052158,0.000264698146754,-0.0160281908367,6.16951575914e-05,0.00927844796435,-0.000227078034287,0.573915196795,0.818900081554,0.00217949967926,0.0,0.818858486971,-0.573854236701,-0.0119515788596,0.0,-0.00853659813395,0.00864406096789,-0.999926200628,0.0,0.661559540517,0.260778096822,0.30332301441,1.0,-0.00256,-0.00336457142857,0.129
0.464966502378,0.546832528495,-0.123970065603,-1.3570925061,0.0795876948988,1.89458467831,0.159110911261,-0.00474088291262,-0.0119196043442,-0.00127482300377,-0.0191647968023,-0.000956262231423,0.00431644233824,-0.000338319882481,0.573934768116,0.818886342259,0.00218799212118,0.0,0.818844761605,-0.573873672736,-0.0119587221036,0.0,-0.00853736749776,0.00865531892604,-0.999926096674,0.0,0.661528671463,0.260740315476,0.303328465562,1.0,-0.00282,-0.00370628571429,0.142
0.464925339601,0.546504788428,-0.123964771701,-1.35755866881,0.079575971227,1.89476082196,0.159005731184,-0.000935838459717,-0.0149153622657,0.000404365764577,-0.0266265115207,-0.000139698968614,0.0127467301212,-0.0117304414241,0.573901606851,0.818909465759,0.00223146716134,0.0,0.818868282905,-0.573840166221,-0.0119559936524,0.0,-0.00851053474188,0.00868900894172,-0.999926033225,0.0,0.661475666503,0.2606751841,0.303353793159,1.0,-0.00322,-0.004232,0.162
0.464892613202,0.546266070308,-0.123969696939,-1.35793393418,0.0795653848359,1.89488860196,0.158924146992,-0.00622041064133,-0.0169160626623,-0.00143754717557,-0.0272541251744,0.000409778969521,0.00534080564243,-0.00425459000859,0.573883165291,0.818922393324,0.00223006912533,0.0,0.81888108737,-0.573821625672,-0.0119688579733,0.0,-0.0085220680022,0.00869505493564,-0.999925882442,0.0,0.661431573085,0.260616232806,0.303355463977,1.0,-0.0035,-0.0046,0.176
0.464841141265,0.545898008951,-0.123967806129,-1.35854729955,0.0795465575048,1.8951061353,0.158901922534,-0.00466852223584,-0.0243513550026,-0.000158430618685,-0.0339362558978,-0.00116034274195,0.0172197486914,0.00232832394628,0.573935097347,0.818886037195,0.00221563124118,0.0,0.818844352816,-0.573873416819,-0.0119989262236,0.0,-0.00855442597427,0.00870102954176,-0.999925554169,0.0,0.661357873028,0.260527019994,0.303342930543,1.0,-0.0039,-0.00512571428571,0.196
0.464796795252,0.545628237919,-0.12396544456,-1.35900022353,0.0795232649085,1.89525589827,0.158827856642,-0.00529214981704,-0.015857782521,0.00135148638158,-0.0328602414388,-0.00652866985009,0.0106351530894,-0.00633262106292,0.573928167333,0.818890962774,0.00219014356872,0.0,0.818848862186,-0.573866508748,-0.0120215612236,0.0,-0.0085876631401,0.00869307653946,-0.999925338444,0.0,0.661303141312,0.260455225937,0.303331236876,1.0,-0.00416,-0.00546742857143,0.209
0.464720521941,0.545156730187,-0.123965154345,-1.35983302955,0.0794365095143,1.89552671424,0.158724188986,-0.00152787865354,-0.0230343535029,0.00209055893202,-0.0416656137489,-0.00298249993958,0.0144810769945,-0.00172163518254,0.573928863251,0.818890730674,0.00209237761833,0.0,0.818847607363,-0.57386787085,-0.0120419941785,0.0,-0.00866049586415,0.00862475248984,-0.999925301938,0.0,0.661202863904,0.260316610552,0.303291989591,1.0,-0.00458,-0.00601942857143,0.23
0.464666320122,0.544825241855,-0.123967979663,-1.36037430368,0.0794205217123,1.89570964653,0.158662761708,-0.00342253073888,-0.0276742147737,-0.000542655964652,-0.0459810878866,1.88451642377e-05,0.0200079295881,-0.000459654483396,0.573950805482,0.818875388481,0.00207796242297,0.0,0.818831907954,-0.573889703808,-0.0120690215494,0.0,-0.00869067079276,0.00862869270419,-0.99992500614,0.0,0.661139303014,0.260229062616,0.303284950586,1.0,-0.00484,-0.00636114285714,0.243
0.464580984703,0.544267840173,-0.123971027779,-1.36128509325,0.0793817256658,1.89603620383,0.158536919481,-0.00277018547819,-0.0342439353416,-0.000505438804252,-0.0447526821145,-0.00455376945259,0.0145541183443,-0.00734302140358,0.573960247938,0.8188688088,0.00206268327001,0.0,0.818824968258,-0.573899051912,-0.0120953078822,0.0,-0.00872086628823,0.00863136865466,-0.99992472015,0.0,0.661034710195,0.26008596549,0.303274328069,1.0,-0.00526,-0.00691314285714,0.264
0.464522889851,0.543880228829,-0.123973957061,-1.36191305785,0.0793548698086,1.89626588786,0.158475160006,-0.00407461845699,-0.0315635301241,-0.000377463294517,-0.0563372480236,-0.000922566060637,0.0196332634428,-0.00774900498394,0.5739871735,0.81884994689,0.00205816342801,0.0,0.818805951454,-0.573925898862,-0.0121088141896,0.0,-0.00873423672175,0.00863570675916,-0.999924565994,0.0,0.660963505811,0.259987653507,0.303269718256,1.0,-0.00552,-0.00725485714286,0.277
0.464433000596,0.543265732919,-0.123979660525,-1.36291463305,0.0793089771043,1.89660500219,0.158338058532,-0.00275171633817,-0.033123919269,-0.000618655394773,-0.053107731825,-0.00160833840645,0.020855606024,-0.00406437541097,0.573995917032,0.81884390262,0.00202417258039,0.0,0.818799295479,-0.573934625316,-0.0121452248483,0.0,-0.00878346969051,0.00862886668955,-0.999924193787,0.0,0.66084394726,0.259829697113,0.303257326054,1.0,-0.00592,-0.00778057142857,0.297
0.464363443784,0.54284779667,-0.123979750647,-1.36359287573,0.0792675653649,1.89685564869,0.158252896172,-0.00410374759384,-0.0351791025846,-0.00181321849888,-0.0571041907123,7.80603777742e-05,0.0175121941071,-0.00303897287412,0.574009945383,0.818834091673,0.00201489874465,0.0,0.818789359111,-0.57394868879,-0.0121505120867,0.0,-0.00879297432735,0.00862445847864,-0.999924148282,0.0,0.660769094309,0.259718963197,0.303251850918,1.0,-0.00618,-0.00812228571429,0.31
0.464271136707,0.542118286007,-0.123981070012,-1.36473325911,0.0791992510149,1.89726785937,0.158104455047,-0.003909837913,-0.0355498298903,-0.000284231720479,-0.056209571584,-0.00838402299211,0.0164335059285,-0.00865921477242,0.57401003448,0.818834026654,0.00201593917245,0.0,0.818789284885,-0.573948750892,-0.0121525803271,0.0,-0.00879406982668,0.0086264985328,-0.999924121051,0.0,0.660635719958,0.259548339251,0.303260745333,1.0,-0.0066,-0.00867428571429,0.331
0.464204074554,0.541666383662,-0.12398675353,-1.36541681413,0.0791658110873,1.89751618645,0.158006937506,-0.0100699972075,-0.0417847730635,-0.00101716841655,-0.0602643511088,-0.00521646939721,0.0205184571321,-0.0145136180696,0.574018080044,0.818828343163,0.00203349852024,0.0,0.818783779056,-0.573956666727,-0.0121496821247,0.0,-0.00878153312342,0.00863929914278,-0.999924120714,0.0,0.660560049481,0.259436977853,0.303276642007,1.0,-0.00684,-0.00898971428571,0.343
0.464106410518,0.540846611964,-0.123989243392,-1.36667260904,0.0790921362109,1.89798571119,0.157852801726,-0.00110515878945,-0.0359788677117,-0.000814670869929,-0.0626969130665,-0.00405425195598,0.0206039598936,-0.00988592312591,0.57402361352,0.818824392141,0.00206224546554,0.0,0.818780198702,-0.573962067861,-0.0121358053075,0.0,-0.0087536112664,0.00865493120191,-0.999924230357,0.0,0.660415431323,0.25925266388,0.303299219897,1.0,-0.00726,-0.00954171428571,0.364
0.464029555463,0.540298350801,-0.123988878389,-1.36750308237,0.079039406924,1.89829161197,0.157749166578,-0.00785025689683,-0.0426062785619,-0.00078185870177,-0.0648961748362,-0.00390364230703,0.0267177308124,-0.00688792971279,0.574033332677,0.818817530542,0.00208123865845,0.0,0.818773603166,-0.57397172032,-0.0121242703967,0.0,-0.0087331611531,0.00866396542572,-0.999924330937,0.0,0.660321828359,0.259122968042,0.303317929511,1.0,-0.00752,-0.00988342857143,0.377
0.46390863677,0.539383236269,-0.123993129276,-1.3689210159,0.0789604206398,1.89882158418,0.157578068614,-0.00659216200004,-0.0413220034075,0.000616095495132,-0.0695080534143,-0.00387252076748,0.027609088711,-0.00352080698309,0.574052641464,0.818803929708,0.00210628181648,0.0,0.81876029003,-0.573990878294,-0.0121163528531,0.0,-0.00871209851498,0.00868013139061,-0.99992437447,0.0,0.660160540941,0.258907545355,0.303335752028,1.0,-0.00794,-0.0104354285714,0.398
0.463824076058,0.538709624398,-0.123998510065,-1.36994720243,0.0788981239888,1.89922811936,0.157453251308,-0.00503137678037,-0.0408678049741,-0.000622946952763,-0.0659634877233,-0.00756996778771,0.0320110018257,-0.0101743069366,0.57406368132,0.81879607713,0.0021495970076,0.0,0.818753071481,-0.574001798124,-0.0120867940991,0.0,-0.00866291383371,0.0086987461461,-0.99992464003,0.0,0.660048533652,0.258753138082,0.303358592321,1.0,-0.00824,-0.0108297142857,0.413
0.463722166871,0.537975314868,-0.123996334126,-1.37109887643,0.0788239665757,1.89967642247,0.157304779037,-0.011603607687,-0.0436234441634,5.24901208781e-05,-0.070500708078,-0.00925395192002,0.0239407230686,-0.01186580083,0.574067921507,0.818793043883,0.00217248385685,0.0,0.818750391131,-0.574005994484,-0.0120690604393,0.0,-0.00863521023173,0.00870735009195,-0.999924804772,0.0,0.659920616485,0.258578489562,0.303367836991,1.0,-0.00856,-0.0112502857143,0.429
0.463620981472,0.537155901707,-0.12400450148,-1.37235931889,0.0787577060669,1.90013763907,0.157143831519,-0.00889357318908,-0.0431792274218,-0.00238939803646,-0.0792663084449,-0.00419702320423,0.0253748638775,-0.0063041062578,0.574078704258,0.818785439374,0.00218917507998,0.0,0.818742951891,-0.574016651831,-0.0120668575102,0.0,-0.00862371031185,0.00871986547555,-0.999924794955,0.0,0.659765219191,0.258376560561,0.30338404257,1.0,-0.00892,-0.0117234285714,0.447
0.463519912086,0.536411168398,-0.124005195379,-1.37352659568,0.0786992322578,1.9005792268,0.157002780348,-0.0106566455685,-0.0465291121474,-0.000762224309694,-0.0766742209215,-0.00154377259889,0.0234401317353,-0.0142043365046,0.574092887272,0.818775425732,0.00221492718191,0.0,0.818733162505,-0.574030610546,-0.0120670489811,0.0,-0.00860893291289,0.00874120962213,-0.999924735932,0.0,0.659640281264,0.258213317521,0.303395211712,1.0,-0.0092,-0.0120914285714,0.461
0.463378460025,0.535323609192,-0.124004081809,-1.37525159421,0.0785958014705,1.90120256205,0.156801032844,-0.00526777538741,-0.0503185811027,0.0008750211876,-0.0902105321498,-0.00467631695697,0.0265198856967,-0.0144901662637,0.574109755996,0.818763630081,0.0022029589737,0.0,0.818721154127,-0.574047470571,-0.0120797440638,0.0,-0.00862601815104,0.00873887628082,-0.999924609084,0.0,0.659434753601,0.25795574036,0.303395675171,1.0,-0.00962,-0.0126434285714,0.482
0.46328369382,0.534643884184,-0.124006326833,-1.37633946929,0.0785384002668,1.90159007645,0.156667815305,-0.00978834925523,-0.0499347836927,0.00132344354835,-0.0819688225252,-0.0124194773927,0.027795572145,-0.00552725904637,0.574124102189,0.818753607428,0.00218918042799,0.0,0.818710848682,-0.574061769645,-0.0120986686718,0.0,-0.00864927035481,0.00873861130035,-0.999924410541,0.0,0.659305264234,0.257788739739,0.303391123349,1.0,-0.00988,-0.0129851428571,0.495
0.463133210708,0.533564217133,-0.124006936488,-1.37808532679,0.0784475018685,1.9022389886,0.156444140839,-0.00380121627048,-0.0537037527103,0.0026281300731,-0.0887267413813,-0.00507848445867,0.0406144284549,-0.015935257593,0.574135991902,0.818745292823,0.00218063848396,0.0,0.818702268652,-0.574073539267,-0.0121207969258,0.0,-0.00867216554201,0.00874444779731,-0.999924161213,0.0,0.659100959262,0.257525423521,0.30337797842,1.0,-0.01028,-0.0135108571429,0.515
0.463022414784,0.532861611627,-0.124013043159,-1.37925093024,0.0783712332748,1.90268029744,0.156295073662,-0.0104397268974,-0.0545186924653,9.45062921511e-05,-0.0889456184548,-0.00529604706466,0.031709816928,-0.00865953196093,0.574152366987,0.818733876385,0.00215546855724,0.0,0.818690596422,-0.574090094593,-0.0121250782276,0.0,-0.0086899464592,0.00872647221459,-0.999924163881,0.0,0.658970209219,0.257337316287,0.303357077482,1.0,-0.01054,-0.0138525714286,0.528
0.462862027403,0.531653353551,-0.124017579587,-1.38118045633,0.0782723221593,1.903389061,0.156050996106,-0.00589600901673,-0.0593449405967,0.00392628183992,-0.0911368271385,-0.00386694272947,0.0362648134506,-0.00767773100897,0.574165878194,0.818724409354,0.00215238186279,0.0,0.818680912907,-0.57410344068,-0.0121469807549,0.0,-0.00870950749589,0.00873666402873,-0.999923904695,0.0,0.658741383774,0.257047898581,0.303352030953,1.0,-0.01096,-0.0144045714286,0.549
0.462752779249,0.530877506323,-0.124016208295,-1.3824382103,0.0781957482655,1.90382552956,0.155887957831,-0.0119614572204,-0.0691361785974,-0.000949204553186,-0.0989337459227,-0.00539836626686,0.0318134353954,-0.0197993095626,0.574168669658,0.818722552145,0.00211383358485,0.0,0.818678478127,-0.574106327382,-0.0121746134574,0.0,-0.00875423391128,0.00872099958097,-0.999923650863,0.0,0.658587347547,0.256854859791,0.303337912607,1.0,-0.01122,-0.0147462857143,0.562
0.462587463915,0.52967529069,-0.12402119605,-1.3843748059,0.0780733012252,1.90453553368,0.155636374819,-0.00800884269599,-0.0551130017612,0.000255590066162,-0.0966559036135,-0.00366319971907,0.0413273793124,-0.0167421476208,0.574169497785,0.818722050403,0.0020830021804,0.0,0.818677612112,-0.574107330651,-0.0121855332436,0.0,-0.00878086699984,0.00870203629496,-0.99992358255,0.0,0.658346565138,0.256542234942,0.30332319783,1.0,-0.01164,-0.0152982857143,0.583
0.462462041792,0.528656371561,-0.124020934626,-1.38595944189,0.0779745059886,1.9051269202,0.155424892943,-0.00597605098207,-0.0693370801861,2.65863260728e-05,-0.102366889878,-0.0025944796171,0.040385988862,-0.00924206000207,0.57416271587,0.818726743585,0.00210759221861,0.0,0.818682628567,-0.574100442369,-0.0121730298464,0.0,-0.00875658405203,0.0087149168036,-0.999923683318,0.0,0.658170264279,0.256324389217,0.303339351028,1.0,-0.01194,-0.0156925714286,0.598
0.462337784483,0.527682290711,-0.124023690775,-1.38747663751,0.0778775503879,1.90571292906,0.155210875152,-0.00708897585211,-0.0634739923361,-0.001540490054,-0.101847354921,-0.00737148660249,0.0310392607396,-0.0136601060099,0.574147382891,0.818737413516,0.00213946925226,0.0,0.818693795383,-0.574085051334,-0.0121478449823,0.0,-0.00871782571026,0.00872639161668,-0.999923921908,0.0,0.657995389305,0.25609777648,0.30335384117,1.0,-0.01224,-0.0160868571429,0.613
0.462175099756,0.526451861275,-0.124025092353,-1.38936986799,0.0777647849848,1.90643175686,0.154947982516,-0.0103670296892,-0.0665508095397,-0.000601361133084,-0.105263368461,-0.00615037206329,0.0448394901904,-0.0158113817955,0.574138370478,0.818743606995,0.00218733864976,0.0,0.818700614783,-0.574075832541,-0.0121238915856,0.0,-0.00867082741149,0.00875173535412,-0.99992410906,0.0,0.657775561244,0.25581187893,0.303380982959,1.0,-0.0126,-0.01656,0.631
0.462016914633,0.525196802011,-0.124024440137,-1.39130014903,0.0776450431458,1.90712869123,0.154687241579,-0.0109999759219,-0.0713029045467,0.00107562121901,-0.106592211495,-0.00974712769902,0.0449403829631,-0.016109966497,0.574125561745,0.818752540447,0.00220539449444,0.0,0.818709758218,-0.574062921471,-0.0121177923783,0.0,-0.00865560473508,0.00876288106223,-0.999924143334,0.0,0.657541436817,0.255523518112,0.303405490402,1.0,-0.01296,-0.0170331428571,0.649
0.461868319841,0.524103332958,-0.12403316618,-1.3930664767,0.0775375990291,1.90776560493,0.154453582783,-0.012485290233,-0.062922129627,-5.156811745e-06,-0.112812295884,-0.00608196551976,0.0373341277147,-0.0157853121539,0.574128082758,0.818750862319,0.00217185200166,0.0,0.818707623883,-0.574065568986,-0.0121365563776,0.0,-0.00869019785788,0.00874621802785,-0.999923989177,0.0,0.657327997319,0.255251291082,0.303389223782,1.0,-0.01328,-0.0174537142857,0.665
0.461713179215,0.522894104142,-0.124037249521,-1.39500856518,0.0774153631438,1.90850273884,0.154185627554,-0.0115628411777,-0.0737385854317,-0.00190130449665,-0.116770212847,-0.00719034477824,0.0425974014258,-0.0128486108751,0.574110018109,0.818763534139,0.00217006278513,0.0,0.818720322349,-0.574047564783,-0.0121315308527,0.0,-0.00868730307578,0.00874167620486,-0.999924054047,0.0,0.65709711036,0.254962545439,0.303378925843,1.0,-0.01362,-0.0179005714286,0.682
0.461541792763,0.521651336651,-0.124031970687,-1.39695196334,0.0773010400409,1.90926998512,0.153923370073,-0.00982712128176,-0.0707117760131,-0.00022458387216,-0.108345786102,-0.0120543182527,0.0381041218317,-0.0105412703514,0.574105091939,0.818766851843,0.00222095340589,0.0,0.818724318876,-0.57404243424,-0.0121045559126,0.0,-0.0086360539089,0.00876780455701,-0.99992426922,0.0,0.656859023996,0.254652580539,0.303390334648,1.0,-0.01398,-0.0183737142857,0.7
0.461369465749,0.520299582028,-0.124043217584,-1.39910584111,0.0771669582904,1.91005718528,0.15363634317,-0.00625008029933,-0.0757861585259,-1.17914100117e-05,-0.118054768555,-0.00261547832973,0.0427895435851,-0.0262919089503,0.574098223805,0.818771698198,0.00220965059584,0.0,0.818729023665,-0.574035621561,-0.0121094132465,0.0,-0.00864659316854,0.00876126639265,-0.999924235449,0.0,0.656611932509,0.254346309405,0.303386417497,1.0,-0.01432,-0.0188205714286,0.717
0.46121983111,0.519134782989,-0.124046650984,-1.40092117797,0.0770464283426,1.91070636742,0.153383070159,-0.0117190302971,-0.0771477592821,-0.000170594108915,-0.126664879785,-0.00875499832293,0.0392623484951,-0.0191548320217,0.574079676543,0.818784720819,0.00220291507236,0.0,0.818742002625,-0.574017150473,-0.012107477091,0.0,-0.00864907273866,0.0087544441803,-0.999924273757,0.0,0.656388613502,0.254070502635,0.303396527963,1.0,-0.01462,-0.0192148571429,0.732
0.461037202964,0.517764551148,-0.124049230408,-1.40303994405,0.0769159968255,1.91146585104,0.153110677528,-0.00744660219369,-0.0807622721323,-1.9059967589e-05,-0.12335755712,-0.00765642542569,0.0418758951487,-0.0145807239663,0.574085087898,0.818780902985,0.00221171000731,0.0,0.818738260894,-0.574022484144,-0.0121076317437,0.0,-0.00864409280505,0.00876179113042,-0.999924252469,0.0,0.656129032017,0.253746143548,0.303415592102,1.0,-0.01496,-0.0196617142857,0.749
0.46086813596,0.516509399249,-0.124055667456,-1.40504871152,0.0767841514071,1.91220637903,0.152823467968,-0.00953975915137,-0.0772712069683,-0.00121735123755,-0.129728418076,-0.00825069197032,0.048026861488,-0.0199580666213,0.574063654211,0.81879598131,0.00219289909363,0.0,0.818753162941,-0.57400120421,-0.0121087835883,0.0,-0.00865606327623,0.00874682402713,-0.999924279952,0.0,0.655885450484,0.25343850728,0.303404396277,1.0,-0.01528,-0.0200822857143,0.765
0.460685588365,0.515137786197,-0.124059395579,-1.40723938256,0.076649106734,1.91303086674,0.152523076532,-0.012522180043,-0.0799072572283,-3.21509291279e-05,-0.131950203895,-0.00762556568058,0.0390406360546,-0.0160611972505,0.574049155691,0.818806143213,0.0021939889912,0.0,0.818763349061,-0.573986712971,-0.0121069595091,0.0,-0.00865409891059,0.00874651605599,-0.999924299649,0.0,0.655620784579,0.253108752838,0.303395122857,1.0,-0.01562,-0.0205291428571,0.782
0.460497179197,0.513727674411,-0.124061043185,-1.40950360406,0.0765132323549,1.91381839324,0.152216497625,-0.0101250359769,-0.0785318053829,0.000493286556379,-0.132393242785,-0.00455205373567,0.0432413790483,-0.0281566392564,0.574035806528,0.818815647498,0.00213895711821,0.0,0.818771990126,-0.573973459088,-0.0121508579534,0.0,-0.00872177592801,0.0087265137342,-0.999923886395,0.0,0.655332459944,0.252765634824,0.303374133891,1.0,-0.01596,-0.020976,0.799
0.460316773271,0.512412094382,-0.124071313542,-1.41163604098,0.0763801918724,1.91457515471,0.151907712765,-0.0103427170745,-0.0843465719121,-0.000793106225117,-0.138139154195,-0.00870273632541,0.0486290532255,-0.019004956526,0.574013826593,0.818831198442,0.00208380434672,0.0,0.818786788466,-0.573951693714,-0.0121817575848,0.0,-0.0087789691505,0.00869885623467,-0.999923626884,0.0,0.655065785829,0.252435550271,0.303346826975,1.0,-0.01628,-0.0213965714286,0.815
0.460118622924,0.510959334616,-0.124069372758,-1.41394000463,0.0762403321369,1.91544743402,0.151586398243,-0.0109043216752,-0.0863506566349,-0.000311881241629,-0.132379410416,-0.00880368591084,0.0575439056885,-0.0154272720881,0.573994553021,0.818844665463,0.00210091574391,0.0,0.818800448748,-0.573932316509,-0.0121765388181,0.0,-0.00876507917023,0.00870966539817,-0.999923654644,0.0,0.654786195928,0.252089151345,0.303343134556,1.0,-0.01662,-0.0218434285714,0.832
0.459937471715,0.509656111018,-0.124072332258,-1.41602795062,0.0761077523625,1.91622994839,0.151296590848,-0.0144177518032,-0.091053772769,-0.000429168675604,-0.149476715451,-0.0144910221394,0.0494778980105,-0.0201371049589,0.573980868361,0.818854275703,0.0020939959896,0.0,0.818809997223,-0.573918692783,-0.0121765932462,0.0,-0.00876924083721,0.00870388399233,-0.999923668496,0.0,0.654531854301,0.251769866997,0.303329517025,1.0,-0.01692,-0.0222377142857,0.847
0.459682596816,0.50779310838,-0.124076936972,-1.41895915532,0.0759212077081,1.91727088959,0.150883458692,-0.0133402837969,-0.0886384148771,0.00100264868583,-0.145916219405,-0.00600321805105,0.0493226563147,-0.0198703756188,0.573956166161,0.8188716587,0.00206707642114,0.0,0.81882698699,-0.573894072739,-0.0121944886319,0.0,-0.0087996076467,0.00869184724623,-0.999923506423,0.0,0.654163139122,0.251317654635,0.303328103729,1.0,-0.01734,-0.0227897142857,0.868
0.459521286702,0.506623712323,-0.124079422952,-1.42081146017,0.0758031950763,1.91794765601,0.150630009731,-0.0106029465067,-0.0906241885587,0.000869185235468,-0.1463905896,-0.0115686332506,0.0579250718462,-0.0249189195719,0.57394648114,0.818878468765,0.00205841729211,0.0,0.818833685109,-0.573884428981,-0.0121985738757,0.0,-0.00880802544593,0.00868699721928,-0.999923474455,0.0,0.65393292892,0.251033178281,0.303322939075,1.0,-0.0176,-0.0231314285714,0.881
0.459240921229,0.504611946777,-0.12409668138,-1.42386330959,0.0756198625471,1.91913239132,0.150214806724,-0.0107050847036,-0.0969886416654,-0.00117240691197,-0.146900628014,-0.00818654694347,0.0535632464453,-0.0222711956338,0.57395678458,0.818870937556,0.00217806378648,0.0,0.818827830167,-0.573894316306,-0.012126217743,0.0,-0.00867999598143,0.00874355252962,-0.999924101099,0.0,0.653574584623,0.250554857837,0.30337952977,1.0,-0.01802,-0.0236834285714,0.902
0.459035267111,0.503146312174,-0.124097211893,-1.42605945718,0.0754813033943,1.91995538745,0.149910387399,-0.0121510181403,-0.0992398714879,-0.000465818507896,-0.146281332363,-0.0129518468881,0.054906789912,-0.0217391594276,0.573951715427,0.818874281414,0.00225532642796,0.0,0.818832222192,-0.573888956618,-0.0120832227875,0.0,-0.00860049903293,0.00878208947996,-0.999924450306,0.0,0.653308913534,0.250212367045,0.303429222386,1.0,-0.01832,-0.0240777142857,0.917
0.45879028422,0.501347881927,-0.124108810243,-1.4287511869,0.0753082005181,1.9209215656,0.149522357397,-0.0126391573859,-0.101220921911,0.000331817250147,-0.152738810261,-0.0117267310285,0.0493849284227,-0.0254914685402,0.573933621244,0.818886801089,0.00231350591619,0.0,0.818845555703,-0.573870676291,-0.0120478089453,0.0,-0.00853830291138,0.00880921625829,-0.999924744714,0.0,0.652974547879,0.249787605944,0.303487527962,1.0,-0.01868,-0.0245508571429,0.935
0.458579781834,0.499846660123,-0.124109622446,-1.43103935669,0.0751575259969,1.92173245033,0.149215176475,-0.0169680791665,-0.0982182516608,-0.000281491852576,-0.151744696787,-0.00931982490259,0.056849013815,-0.0156757104145,0.573930710402,0.818888793566,0.00233030707257,0.0,0.818847775361,-0.573867704252,-0.0120385092067,0.0,-0.00852107636783,0.00881760666975,-0.999924817709,0.0,0.652685204978,0.249428841853,0.303516120236,1.0,-0.01898,-0.0249451428571,0.95
0.45829860339,0.497959547912,-0.124105805684,-1.43398915517,0.0749765887242,1.92283955238,0.148784742987,-0.0138109783823,-0.0970338485697,0.00040921755377,-0.160420358379,-0.0118753583091,0.0612312098283,-0.0259313914815,0.573907058858,0.818905260469,0.00236834769002,0.0,0.81886468947,-0.573843847822,-0.0120252051076,0.0,-0.00848860540136,0.00884087660547,-0.999924888419,0.0,0.652322582493,0.248968486856,0.30352395073,1.0,-0.01936,-0.0254445714286,0.969
0.458073489581,0.496489757398,-0.124105477103,-1.43633823547,0.0748373521293,1.92366893466,0.148435316402,-0.0177508831977,-0.0995682298364,0.00081514853916,-0.161459536392,-0.0115976001581,0.0596665461817,-0.0245216510052,0.573886357528,0.818919878349,0.00232989013953,0.0,0.818878633611,-0.573823130201,-0.0120642266187,0.0,-0.00854285461849,0.00883156235946,-0.999924508721,0.0,0.652022029645,0.248596518476,0.303502218798,1.0,-0.01966,-0.0258388571429,0.984
0.457768866999,0.494605893122,-0.124115324429,-1.43939190626,0.074646551332,1.92472819007,0.147998179122,-0.0165471353934,-0.106223943236,-0.00054033431721,-0.163993209411,-0.00756532358135,0.0578139073182,-0.0216415419421,0.573887160899,0.818919584235,0.00223338605765,0.0,0.818876943564,-0.573824203815,-0.0121277086148,0.0,-0.00865021366359,0.0087889738288,-0.99992396098,0.0,0.651631187624,0.248096162009,0.303453306502,1.0,-0.0218085714286,-0.0286626938776,1.003
0.457520874576,0.492936615381,-0.124170166957,-1.4419252233,0.0745060949403,1.92565331757,0.147633263745,-0.0230115814283,-0.151227580074,-0.00780370865122,-0.224868793679,-0.00984768345479,0.0819220633299,-0.0317266124068,0.573920503385,0.818896079658,0.00228329055546,0.0,0.818854154912,-0.573857394085,-0.0120959141466,0.0,-0.00859517899025,0.00881194475136,-0.999924233394,0.0,0.651326165166,0.247664183814,0.30349146274,1.0,-0.0336942857143,-0.0442839183673,1.016
0.45701386175,0.488668510572,-0.124243731214,-1.44852798094,0.0741705950276,1.92820388092,0.146625060335,-0.0275643688538,-0.235408705192,-0.00174282721965,-0.371747084919,-0.0168407812516,0.140753024166,-0.0611286307649,0.573804630707,0.818976683856,0.00248676119051,0.0,0.818937179697,-0.573740447058,-0.0120225629886,0.0,-0.00841960539414,0.00893527554348,-0.999924632708,0.0,0.650500027009,0.24668301918,0.303540623916,1.0,-0.0528942857143,-0.0695182040816,1.037
0.456539572871,0.48534003538,-0.124283640045,-1.45376674039,0.0738790293796,1.93022063902,0.145844013356,-0.0379593857664,-0.294527385197,-0.00310729634234,-0.452556643795,-0.0233433679365,0.177409866463,-0.0723119943031,0.573764485299,0.819004514366,0.00258220041636,0.0,0.818966170382,-0.573699833396,-0.0119858179793,0.0,-0.008335191563,0.00899194459271,-0.999924831932,0.0,0.649851304891,0.245863732943,0.303535342512,1.0,-0.0638657142857,-0.0839377959184,1.049
0.455472792435,0.478352361159,-0.124487492527,-1.46493074019,0.0732126327347,1.93407378958,0.144136901735,-0.0619034847005,-0.391551529093,-0.0132599355381,-0.609072012227,-0.0353171921963,0.204308952912,-0.0899240596837,0.573754014069,0.81901272664,0.00228732200663,0.0,0.81897039908,-0.573690442621,-0.0121453026468,0.0,-0.0086351089148,0.00884183539499,-0.999923625504,0.0,0.648403550625,0.243975745488,0.303407725156,1.0,-0.0821514285714,-0.10797044898,1.069
0.454536750487,0.472337078583,-0.124616036014,-1.4743912321,0.0726299056326,1.93736449246,0.142773154051,-0.0665194321671,-0.441810137339,-0.0063568647485,-0.701482019612,-0.0393680209999,0.2362586052,-0.105270147939,0.573795366881,0.818984150487,0.0021412842255,0.0,0.818939809259,-0.573732326635,-0.012229189908,0.0,-0.00878715790725,0.00877080427025,-0.999922926454,0.0,0.647165982631,0.24238314273,0.303356156892,1.0,-0.0949514285714,-0.124793306122,1.083
0.452924457979,0.462263635308,-0.124771100555,-1.48977812384,0.0717077692664,1.94305814074,0.140309359352,-0.0852654523292,-0.526163578536,-0.00600227612741,-0.800589059354,-0.0543070490162,0.292937933648,-0.135499950841,0.573692062708,0.819055611806,0.00246350470068,0.0,0.819015507158,-0.573627674776,-0.0120680017928,0.0,-0.008471393219,0.00894113753769,-0.999924142901,0.0,0.64520413096,0.239800849221,0.303480974395,1.0,-0.113237142857,-0.148825959184,1.103
0.451651872352,0.454915377205,-0.124878789864,-1.50131425638,0.0709805529375,1.94702767301,0.138582570094,-0.104831693212,-0.577690731654,-0.00967858146048,-0.901322921925,-0.0578580843388,0.307846577799,-0.140532520038,0.573735951754,0.819025425665,0.00227083258718,0.0,0.818982400428,-0.573671961968,-0.0122087977514,0.0,-0.00869677022935,0.00886456879129,-0.999922889831,0.0,0.64365544345,0.237805281407,0.303393026499,1.0,-0.125122857143,-0.164447183673,1.116
0.44926055546,0.441364564505,-0.125105495564,-1.52191229371,0.0695799820502,1.95435133854,0.135330556244,-0.118395964363,-0.670789403715,-0.00575515177867,-1.04193108146,-0.0611499485189,0.355643976162,-0.169412423865,0.573744599784,0.819018894391,0.00243551849758,0.0,0.818978844011,-0.573680762087,-0.0120325880922,0.0,-0.00845786972838,0.00889844188563,-0.999924638246,0.0,0.640930756583,0.234160106885,0.303517875041,1.0,-0.144322857143,-0.189681469388,1.137
0.44756817164,0.432052039787,-0.125219055001,-1.53598483423,0.0686470411331,1.95922685249,0.13303618615,-0.135896721438,-0.733510531438,-0.0100105602963,-1.10127973095,-0.0746165214684,0.392844014515,-0.183460633107,0.573697121929,0.819051892621,0.00252118719997,0.0,0.819012833988,-0.573632809594,-0.0120051831109,0.0,-0.00838679372295,0.00895239603396,-0.999924755317,0.0,0.639004741971,0.23166101027,0.303602473362,1.0,-0.156208571429,-0.205302693878,1.15
0.44443203754,0.415729904166,-0.12544450566,-1.56049232418,0.0669455480847,1.96773485896,0.128989691331,-0.158305526897,-0.799591938624,-0.00930729115413,-1.18995417555,-0.0799782066542,0.444284922539,-0.196800126682,0.573688583662,0.819057183608,0.00273602958295,0.0,0.819021366067,-0.573623922713,-0.0118466923348,0.0,-0.00813382303808,0.0090373528303,-0.999926080856,0.0,0.635624834686,0.227180430226,0.3037717296,1.0,-0.175408571429,-0.230536979592,1.171
0.442418468043,0.405735173268,-0.125553153495,-1.57552483873,0.0658575620038,1.97298703796,0.126461844271,-0.182490719869,-0.824567959187,-0.00794939547527,-1.27350366059,-0.0860794629033,0.436592106161,-0.214688551614,0.573660722274,0.819076250616,0.00286675745218,0.0,0.819042584463,-0.573596101769,-0.0117262002591,0.0,-0.0079604445061,0.0090750316653,-0.999927134907,0.0,0.633520318013,0.224400052423,0.303833910168,1.0,-0.18638,-0.244956571429,1.183
0.438441317107,0.386994698651,-0.12579243771,-1.60347138241,0.0639088370257,1.9825159394,0.121643084326,-0.197890689533,-0.916111219797,-0.0112516855113,-1.39702437442,-0.106594610091,0.466338677424,-0.242485886682,0.57370690588,0.819043017446,0.00310944038692,0.0,0.819012331787,-0.573641260111,-0.011629788494,0.0,-0.00774174281116,0.00921893748789,-0.999927535679,0.0,0.629511657074,0.219088164214,0.303970471188,1.0,-0.20558,-0.270190857143,1.204
0.435734629959,0.374642056592,-0.125926647614,-1.62172898464,0.0625268519332,1.98859804829,0.118320509801,-0.206635480074,-0.951783696256,-0.00493446338308,-1.42049843917,-0.101962680155,0.472526870128,-0.261611809093,0.573596172174,0.819120206927,0.00320386838216,0.0,0.819091043219,-0.573530597419,-0.0115439873369,0.0,-0.00761854342942,0.00924602485816,-0.999928231835,0.0,0.626813572934,0.215560950747,0.304071287898,1.0,-0.217465714286,-0.285812081633,1.217
0.430785928744,0.353623281455,-0.126179491379,-1.65287191799,0.060144475411,1.99880604219,0.112695475822,-0.249917795922,-1.01519028635,-0.0134000017758,-1.50225709281,-0.115999529167,0.48376143175,-0.282791651146,0.573661216567,0.819074720482,0.00318712658788,0.0,0.819045505059,-0.5735958855,-0.0115311612969,0.0,-0.00761690666775,0.00922555934445,-0.999928433333,0.0,0.622111156972,0.209353450178,0.30410659623,1.0,-0.236665714286,-0.311046367347,1.238
0.427349570584,0.339866502626,-0.126384692232,-1.67302296236,0.0586148456253,2.00538283186,0.108862103068,-0.266775475968,-1.07283138295,-0.00940627247443,-1.57069755465,-0.12463893716,0.517398137986,-0.291540174948,0.57373068991,0.819025599641,0.00330295166281,0.0,0.818997868436,-0.573664978145,-0.0114774234302,0.0,-0.00750566042098,0.00929023930026,-0.999928675714,0.0,0.619027053969,0.205202050952,0.304169623591,1.0,-0.248551428571,-0.326667591837,1.251
0.421435826288,0.316783823475,-0.126597902629,-1.70683508963,0.0559406386525,2.01612081666,0.102269390449,-0.29043215073,-1.13492702146,-0.0103146932164,-1.63246766874,-0.125940333961,0.510257836286,-0.316621032606,0.573621957042,0.819101967093,0.00325035463706,0.0,0.819073039605,-0.573555787591,-0.0115698407316,0.0,-0.00761276615775,0.00929917157337,-0.999927782992,0.0,0.613629386809,0.198255326223,0.304136410144,1.0,-0.267751428571,-0.351901877551,1.272
0.417742001263,0.302966626088,-0.126746063317,-1.72677257658,0.0542369209923,2.0224205611,0.0981389861886,-0.313084397785,-1.17265329754,-0.0132193159863,-1.66430777416,-0.156907225077,0.52359719167,-0.355380891182,0.57345459574,0.819218898514,0.00331207536427,0.0,0.819191335077,-0.573388955129,-0.0114634014347,0.0,-0.00749207190977,0.00928714248137,-0.999928806387,0.0,0.610395591962,0.194042842415,0.304180858682,1.0,-0.278722857143,-0.366321469388,1.284
0.410612667482,0.277858172032,-0.12701176118,-1.76286183796,0.0512465831918,2.03331750948,0.0906124690426,-0.3476350078,-1.20837124493,-0.012620522709,-1.74765036399,-0.146210408595,0.514919166358,-0.371395333575,0.573416361408,0.819246122153,0.00319604550247,0.0,0.819216080659,-0.573349896483,-0.0116471581852,0.0,-0.00770958525272,0.00929710193545,-0.999927060435,0.0,0.60433042481,0.186223916802,0.304150555283,1.0,-0.297922857143,-0.391555755102,1.305
0.405773511582,0.261667209532,-0.127235450025,-1.78566498874,0.0492693243422,2.04019400112,0.0855856055888,-0.37356349875,-1.25024522414,-0.0164989811965,-1.77279804917,-0.15801180952,0.529948161777,-0.399834569888,0.573397206149,0.819258883477,0.0033574879748,0.0,0.819231084359,-0.57333041325,-0.0115505222342,0.0,-0.00753806311219,0.00937377616724,-0.999927652345,0.0,0.600451646684,0.181103220976,0.304248106782,1.0,-0.309808571429,-0.407176979592,1.318
0.397576788483,0.236064830932,-0.127654041995,-1.82146624823,0.0460179786749,2.05068071729,0.0774094860925,-0.41768001617,-1.30377803824,-0.0202940361489,-1.77653749063,-0.154932845649,0.51027577042,-0.427380803752,0.573529979233,0.819165475456,0.00346895410877,0.0,0.819139641547,-0.573463494291,-0.0114287034742,0.0,-0.00737282272019,0.00939644280204,-0.99992867163,0.0,0.594221710413,0.172742024771,0.304343561389,1.0,-0.328094285714,-0.431209632653,1.338
0.391904013375,0.218887838046,-0.127831149425,-1.84534385342,0.0438532524094,2.05753846939,0.0716683266386,-0.45776717386,-1.30412208927,-0.0225193595589,-1.83197338998,-0.175535137144,0.509879847744,-0.466435420583,0.573407398091,0.819250876993,0.00356416368205,0.0,0.819225907927,-0.573340187134,-0.0114319071161,0.0,-0.00732226263433,0.00947517776959,-0.999928300168,0.0,0.589918017643,0.167180083093,0.304355376163,1.0,-0.33998,-0.446830857143,1.351
0.38239892739,0.191556150339,-0.128235498661,-1.88278124726,0.0402176451596,2.06788056102,0.0623215855228,-0.496065732766,-1.40461416679,-0.0227488688976,-1.89262649918,-0.184441010778,0.530126976464,-0.48554636202,0.573312545685,0.819317005811,0.0036215812121,0.0,0.819293178551,-0.573245708921,-0.011348642385,0.0,-0.00722221885966,0.00947363823536,-0.999929042349,0.0,0.5826343622,0.157650165802,0.304420453212,1.0,-0.35918,-0.472065142857,1.372
0.375036966927,0.171860904208,-0.128673741649,-1.90943008036,0.037654968516,2.07490801567,0.0553056871023,-0.52893287954,-1.42861087584,-0.0319600543972,-1.93161344333,-0.17595943503,0.510480789934,-0.510399688373,0.57352190846,0.819170336907,0.00365055471711,0.0,0.819146373708,-0.573454293246,-0.0114078438027,0.0,-0.0072516805933,0.00953317055075,-0.999928263321,0.0,0.577951543959,0.151349887359,0.304443979694,1.0,-0.371065714286,-0.487686367347,1.385
0.363809138549,0.143090916124,-0.129158742287,-1.9479987272,0.033607163856,2.08466036114,0.0446221315514,-0.583041460125,-1.44949594856,-0.0254514868318,-1.92725628011,-0.204438500868,0.4664979264,-0.539116944497,0.573454830122,0.819218094349,0.00346678559305,0.0,0.81919184409,-0.573387867579,-0.0114814106641,0.0,-0.0074181093877,0.0094242143303,-0.999928075332,0.0,0.570378773124,0.141436603002,0.30440559212,1.0,-0.389351428571,-0.511719020408,1.405
