position_joint1,position_joint2,position_joint3,position_joint4,position_joint5,position_joint6,position_joint7,velocity_joint1,velocity_joint2,velocity_joint3,velocity_joint4,velocity_joint5,velocity_joint6,velocity_joint7,ee_T_00,ee_T_10,ee_T_20,ee_T_30,ee_T_01,ee_T_11,ee_T_21,ee_T_31,ee_T_02,ee_T_12,ee_T_22,ee_T_32,ee_T_03,ee_T_13,ee_T_23,ee_T_33,v_x,v_y,time
0.465081758037,0.547700413493,-0.124027634862,-1.3558209713,0.0795185254547,1.89414386423,0.159132706145,0.000749282959156,-0.000401816171266,-0.00010481252761,-0.00306884188785,0.000120633087704,0.000139617685481,0.000850912481781,0.573809187508,0.818974672883,0.00206116701429,0.0,0.818933072891,-0.573750261265,-0.0118324437022,0.0,-0.00850804040356,0.00847768596545,-0.999927868443,0.0,0.661696467448,0.260881641759,0.303282417687,1.0,0.0,0.0,0.0
0.465081367795,0.54769480953,-0.124025661729,-1.35582697627,0.0795185239944,1.89414264926,0.159135947575,0.000828623214125,-0.000180343531598,-0.00059519855164,-0.000836877556974,-4.99121649186e-05,-4.27449287699e-05,0.000858813549172,0.573811092273,0.818973339695,0.00206061986355,0.0,0.818931715217,-0.573752150678,-0.0118347921811,0.0,-0.00851025804758,0.00847860522697,-0.999927841777,0.0,0.661694645238,0.260881803154,0.303283358506,1.0,-0.0002,-0.000262857142857,0.011
0.465078620325,0.547695476686,-0.124025114811,-1.35582132463,0.0795192360712,1.8941434186,0.159130601379,-0.00102886257807,-0.00111921539486,0.000318464079518,0.000957574350182,5.98620432617e-05,-0.000281085518863,-0.000125951376407,0.573808468211,0.818975164927,0.00206590028414,0.0,0.8189336066,-0.573749503316,-0.0118322578888,0.0,-0.00850517984509,0.00848144823939,-0.999927860874,0.0,0.661696628527,0.260881132605,0.303285625984,1.0,-0.0005,-0.000657142857143,0.026
0.465077896287,0.547667632772,-0.124020103647,-1.35584508279,0.0795185254547,1.89414661259,0.159130364934,-0.000195875381513,0.000963253076178,0.00152544042874,-0.000909845534567,0.000167957986932,0.000621980506266,-0.000148244497338,0.573806447727,0.818976559366,0.00207428468982,0.0,0.818935071524,-0.573747411131,-0.0118323180483,0.0,-0.00850043931358,0.0084883282951,-0.999927842804,0.0,0.661691633954,0.260881202193,0.303294152976,1.0,-0.00086,-0.00113028571429,0.044
0.465072255545,0.547605076975,-0.124027503203,-1.35591245113,0.0795181685453,1.89415893594,0.15912856399,-0.000324405685051,-0.00702018591317,-0.000488387505497,-0.00637851637074,-2.70080717902e-05,0.0025729433904,-0.000666703935544,0.573818321275,0.81896822095,0.00208186087349,0.0,0.818926820307,-0.573759241701,-0.0118297272325,0.0,-0.00849384728268,0.00849316944696,-0.999927857713,0.0,0.661683492751,0.260866792183,0.303307717134,1.0,-0.00116,-0.00152457142857,0.059
0.465076885599,0.547470978358,-0.124022925151,-1.35606769246,0.0795157692376,1.89419006222,0.159132156887,0.00072178175689,-0.0103880286579,0.000325809287026,-0.011471794624,0.000112164187712,0.000312576345721,-0.000239943814245,0.573822091599,0.81896554043,0.0020970652096,0.0,0.818924219056,-0.573762832407,-0.0118356449984,0.0,-0.00848993078552,0.00850905588318,-0.999927755912,0.0,0.661655529282,0.260857564358,0.303331367372,1.0,-0.00148,-0.00194514285714,0.075
0.465059473293,0.547302090222,-0.124027486713,-1.35630343117,0.0795123009687,1.8942851797,0.159119633416,0.000314186622827,-0.0130357938706,0.000155896076555,-0.0145500686991,-0.00444545970513,0.0111681934079,-0.00091409125999,0.573841594259,0.818951801119,0.00212580439769,0.0,0.818910791641,-0.573782156393,-0.0118279009154,0.0,-0.00846689514069,0.00852834987736,-0.99992778686,0.0,0.661630696017,0.260823539328,0.303347201853,1.0,-0.00186,-0.00244457142857,0.094
0.465042194019,0.547125432274,-0.124025089407,-1.35651339881,0.0795101476285,1.89440257833,0.15910787611,-0.000931972353993,-0.00782966488474,0.000218594539744,-0.0144281856928,0.00012272534804,0.00518010706291,-0.00655620025738,0.573855823573,0.818941626165,0.00220308582684,0.0,0.818901572081,-0.573796031239,-0.011793077633,0.0,-0.00839388187857,0.00857180175832,-0.999928030891,0.0,0.661614711175,0.260798526642,0.30338250885,1.0,-0.0022,-0.00289142857143,0.111
0.465022652043,0.546906672308,-0.124027507541,-1.3567630562,0.0795031255376,1.89453291834,0.15910126979,-0.000547512968004,-0.0105128148415,-0.000529171160312,-0.0149596431011,-5.95973287356e-05,0.00383780729047,0.000516856169364,0.573880368062,0.818924184533,0.00229129669285,0.0,0.81888527404,-0.5738202329,-0.0117471348229,0.0,-0.00830538030779,0.00861792509782,-0.999928373447,0.0,0.661595275743,0.260765161498,0.303430012424,1.0,-0.00254,-0.00333828571429,0.128
0.465000249224,0.546704880799,-0.124023292062,-1.35705844268,0.0794991250204,1.89464759519,0.159072288075,-0.000398246537488,-0.0146390798418,0.0042145161593,-0.0159384812895,-5.2662860136e-05,0.00656864664349,-0.00615781757573,0.573887525407,0.818919094214,0.00231780385029,0.0,0.818880393167,-0.57382714931,-0.0117495234835,0.0,-0.00829205000015,0.00864107545235,-0.999928284289,0.0,0.66156081389,0.260727505656,0.303442144976,1.0,-0.00284,-0.00373257142857,0.143
0.464965119646,0.546435121948,-0.124023371309,-1.35745022027,0.0794873128581,1.8947829261,0.158976404802,-0.00160243212699,-0.0198035293262,0.000708096809438,-0.0220450675193,4.24613653636e-05,0.01066741518,0.000460314044001,0.5738565269,0.818940762329,0.0023369277094,0.0,0.818902189091,-0.573795956889,-0.0117537849894,0.0,-0.00828489347813,0.00865886815894,-0.999928189693,0.0,0.661514871895,0.260668529714,0.303458440355,1.0,-0.00318,-0.00417942857143,0.16
0.464926396172,0.546126509695,-0.124024084881,-1.35793513408,0.0794718642707,1.89494803836,0.158924294555,-0.000965985572598,-0.0150403674131,0.000532351145951,-0.0306232111863,0.00029141426917,0.0160411853073,0.000154480510547,0.573869009879,0.818932020409,0.00233502703703,0.0,0.818893283056,-0.573808299829,-0.0117716996812,0.0,-0.00830052372017,0.00866771847744,-0.999927983388,0.0,0.66145577426,0.260597694078,0.303460500445,1.0,-0.00354,-0.00465257142857,0.178
0.464875736863,0.545810999967,-0.124026113883,-1.35846009508,0.0794448894955,1.89512394232,0.158868221093,-0.00264030715166,-0.0194043099875,-0.000569179022899,-0.0321151285167,-0.000115583686861,0.0145341464475,-0.00186909778363,0.573888119046,0.818918704939,0.0023083370847,0.0,0.818879559436,-0.573827444297,-0.0117931425491,0.0,-0.00833319829344,0.00865836115035,-0.999927792687,0.0,0.661393830592,0.260512403559,0.303449320581,1.0,-0.00388,-0.00509942857143,0.195
0.464841911468,0.545597913452,-0.124026476654,-1.35884400597,0.0793857781761,1.89524564632,0.158804878246,-0.00589142877919,-0.0208923591225,0.000327427699185,-0.0355572217516,-0.00506439896737,0.0123283221355,-0.000203739044767,0.573869892963,0.8189316493,0.00224646980681,0.0,0.818891982315,-0.573809750117,-0.0117914745128,0.0,-0.00836752649275,0.00860655403268,-0.999927953269,0.0,0.661347757139,0.260445727849,0.303427922684,1.0,-0.0041,-0.00538857142857,0.206
0.464764163408,0.545123506539,-0.124031499015,-1.35967497626,0.0793324783881,1.89550254246,0.158716773132,-0.00404345741097,-0.0251020763466,-0.000721635352502,-0.0427686639181,-0.000453503002207,0.0152609891546,-0.00792467459478,0.573896956291,0.818912920576,0.00215846598011,0.0,0.818872083369,-0.573837127282,-0.011841002203,0.0,-0.00845830462783,0.00856318752566,-0.999927561827,0.0,0.661244955875,0.260307783784,0.303390619543,1.0,-0.00452,-0.00594057142857,0.227
0.464695061227,0.544676382011,-0.124029469522,-1.36041105666,0.0793101471239,1.89574883623,0.158615216812,-0.00228786624782,-0.0266215824883,-0.000105503004971,-0.0427030704775,-0.00278118418105,0.0143792638475,-0.0153976760718,0.573903985609,0.818908055954,0.00213497021554,0.0,0.818866660336,-0.573843994363,-0.011883165646,0.0,-0.008506244013,0.00856821702097,-0.999927112079,0.0,0.661155421444,0.260194856274,0.303378027437,1.0,-0.00488,-0.00641371428571,0.245
0.46463638872,0.544295881652,-0.124031235659,-1.36107029689,0.0792820991733,1.89598289052,0.158571034714,-0.00346812469602,-0.0291258989729,-0.000240518006995,-0.0500624344495,-0.00814016076058,0.0159980819735,-0.00533961528692,0.573946416551,0.818878404837,0.00210140909245,0.0,0.818836455134,-0.573886438485,-0.0119147961863,0.0,-0.00855096374772,0.00855932974076,-0.999926806768,0.0,0.661077748319,0.260093120409,0.303353872627,1.0,-0.00518,-0.006808,0.26
0.464564172201,0.543799877306,-0.124031960446,-1.36187275144,0.0792467067262,1.89626860227,0.15843055154,-0.00796349447625,-0.0239360944896,-0.00406184298183,-0.0536074620576,-0.000754531315161,0.0193250150305,-0.0111251370904,0.573926298243,0.818892532363,0.00209081947264,0.0,0.818850302524,-0.573866223934,-0.0119367493505,0.0,-0.00857522932786,0.00856304739067,-0.999926567134,0.0,0.660984080525,0.259969875311,0.303347684123,1.0,-0.00552,-0.00725485714286,0.277
0.464467611025,0.543205657441,-0.124037154192,-1.36282329415,0.0791940366018,1.89658838359,0.158337683785,-0.00590664408819,-0.0351686484997,-0.00151638140236,-0.053729425653,-0.00748009507354,0.0166431631357,-0.00635156886164,0.573971681775,0.818860798261,0.00206118695037,0.0,0.818818114199,-0.573911656637,-0.0119604822744,0.0,-0.00861119663773,0.00855288000706,-0.999926345056,0.0,0.66087388924,0.259811183893,0.303343510857,1.0,-0.0059,-0.00775428571429,0.296
0.464396647388,0.542645053341,-0.124037900043,-1.36372095011,0.0791420223615,1.89690078736,0.158209208515,-0.00160581941384,-0.0379189306507,-0.000687033313147,-0.0548265525875,-3.38258728892e-05,0.0171430929511,-0.00346510208034,0.573961086959,0.818868274011,0.00204141512664,0.0,0.818825276481,-0.573901090469,-0.0119771388799,0.0,-0.00863629495036,0.00854613849531,-0.999926186239,0.0,0.660765664263,0.25967743888,0.303339869816,1.0,-0.00624,-0.00820114285714,0.313
0.464319062655,0.5421320561,-0.124040964499,-1.36452400504,0.0790949491623,1.89719991173,0.158093265189,-0.00760682510156,-0.0379737546527,0.000385074961922,-0.0543883136799,-5.54538233639e-05,0.0222208176911,-0.00422582231497,0.573963933513,0.818866260199,0.00204886177684,0.0,0.818823357275,-0.57390390303,-0.0119735779819,0.0,-0.00862907538919,0.0085502224137,-0.999926213655,0.0,0.660677191281,0.259548487954,0.303346449136,1.0,-0.00654,-0.00859542857143,0.328
0.464232979882,0.541503717544,-0.124039273883,-1.36547588308,0.0790378018971,1.89754937956,0.157986055038,-0.00169917573273,-0.0386350097372,0.000674924583994,-0.0566006854056,-0.00244597475291,0.022815674735,-0.00573876838439,0.573983012616,0.818852829609,0.0020716108124,0.0,0.818810203774,-0.573922865515,-0.0119641771829,0.0,-0.00860812125949,0.00856365541125,-0.99992627931,0.0,0.660569023715,0.259402324098,0.303367880259,1.0,-0.00688,-0.00904228571429,0.345
0.464138289294,0.540832793765,-0.1240424697,-1.36650757146,0.0789754781398,1.8979241132,0.157846744619,-0.00512513567898,-0.0389580979283,-0.0029327216112,-0.061484095447,-0.00262642600463,0.0254833951243,-0.0137684771764,0.573991259016,0.818847031033,0.0020787601606,0.0,0.818804470765,-0.573931053658,-0.0119637453556,0.0,-0.00860357800075,0.00856934835888,-0.999926269639,0.0,0.660446843208,0.259225758133,0.303379974113,1.0,-0.00724,-0.00951542857143,0.363
0.46403820432,0.54006999208,-0.124051383702,-1.36765951035,0.0789069430882,1.89834174421,0.15770813315,-0.0110476523378,-0.0413604170546,2.54593257483e-05,-0.0605314790689,-0.000767149902208,0.0215391881404,-0.00239046104283,0.574009367061,0.818834267536,0.00210611894885,0.0,0.818792106714,-0.573949089074,-0.0119447074169,0.0,-0.00857209573589,0.00858101272632,-0.999926439992,0.0,0.660321161205,0.259058873444,0.303410987786,1.0,-0.00758,-0.00996228571429,0.38
0.463951855514,0.539471223632,-0.124048827687,-1.36860996327,0.0788521151944,1.89870267349,0.157591194093,-0.00488121367896,-0.0455340381012,0.000417015920384,-0.0749525871114,-0.00203809176852,0.0271287022206,-0.0102206638905,0.574020556556,0.81882640076,0.00211493987996,0.0,0.818784322076,-0.573960208003,-0.0119440550841,0.0,-0.00856638123093,0.00858797810792,-0.999926429166,0.0,0.660214041743,0.258913995501,0.303412892452,1.0,-0.00786,-0.0103302857143,0.394
0.463826260852,0.53857963928,-0.124054564731,-1.3699618425,0.0787718048519,1.8992266735,0.157419147234,-0.00555209892266,-0.0499420739463,0.000249212903324,-0.0706448681472,-0.00264344487219,0.0262303220172,-0.0140471007074,0.574039905818,0.818812698003,0.00216772208785,0.0,0.81877134917,-0.573979382098,-0.0119119102497,0.0,-0.0085095594208,0.00861294640227,-0.99992669959,0.0,0.660067576994,0.25870154688,0.303444880606,1.0,-0.00826,-0.010856,0.414
0.463731531178,0.537844754315,-0.124060952626,-1.37112136159,0.0787076538089,1.89967803595,0.157273318419,-0.00868656912091,-0.0471224909327,-0.000503549034242,-0.0732641176037,-0.00627836289223,0.0261379081804,-0.00524288078649,0.574049557917,0.818805870422,0.00219055222779,0.0,0.818764816874,-0.573988938876,-0.011900403261,0.0,-0.00848693070139,0.00862513438519,-0.999926786852,0.0,0.659938002728,0.258527564685,0.303451338787,1.0,-0.00858,-0.0112765714286,0.43
0.463633273015,0.537068550522,-0.124066659139,-1.37231007754,0.0786373251688,1.90011275377,0.157127111177,-0.00698182241587,-0.0490230223922,-0.00107762080559,-0.0750424354822,-0.00917953855267,0.0302814542264,-0.0177212722744,0.574060934058,0.818797845068,0.00220902729229,0.0,0.818757030288,-0.574000237712,-0.0118911463543,0.0,-0.00846862586672,0.00863506546062,-0.999926856335,0.0,0.65980028726,0.258346615929,0.303471464088,1.0,-0.0089,-0.0116971428571,0.446
0.463516564163,0.536182436556,-0.124072775978,-1.37372061992,0.0785632934163,1.90064334821,0.156958811847,-0.00519496957074,-0.0504436548051,-0.000866091881432,-0.0762983329218,-0.00917660498825,0.0229640645196,-0.00695106230112,0.574080903515,0.818783821234,0.00221747755277,0.0,0.818743042485,-0.574020095374,-0.0118956879272,0.0,-0.00846728316232,0.00864479803051,-0.999926783611,0.0,0.659637933854,0.258134275853,0.303471800696,1.0,-0.00926,-0.0121702857143,0.464
0.463419622161,0.535399522625,-0.124072704376,-1.37494946116,0.0784830115886,1.90108194788,0.156809831119,-0.00826097872301,-0.0537998565197,-0.00053670192098,-0.0852263060389,-0.00659903855045,0.0306623761543,-0.00859025820378,0.574084135951,0.818781580496,0.00220798324748,0.0,0.818740694294,-0.574023381918,-0.0118987149968,0.0,-0.00847517783348,0.00863879557851,-0.999926768604,0.0,0.65949019667,0.257951559856,0.303477410423,1.0,-0.00956,-0.0125645714286,0.479
0.463306742659,0.534515145117,-0.12407384751,-1.37638953078,0.0784063270249,1.90160169991,0.156631911261,-0.00785827011264,-0.0472443675106,0.000298374178013,-0.0833993869701,-0.00593303478462,0.0256784125221,-0.0068848325242,0.574090135622,0.818777444102,0.00218176806685,0.0,0.818736087792,-0.574029355748,-0.0119274552055,0.0,-0.00851369628507,0.00863389285729,-0.999926483733,0.0,0.6593161379,0.257739977507,0.303461038405,1.0,-0.0099,-0.0130114285714,0.496
0.46316783252,0.533539370004,-0.124071328373,-1.37795321891,0.0783252884469,1.90217182601,0.156441998625,-0.0067598335142,-0.0576476947915,0.000803338329795,-0.0879907054244,0.000815021071372,0.0339475653006,-0.00478516963589,0.574110520462,0.818763172222,0.00217370843519,0.0,0.818721543874,-0.574049601657,-0.011951373785,0.0,-0.00853769262829,0.00864123772052,-0.999926215686,0.0,0.659131516989,0.257502618414,0.303454357657,1.0,-0.01026,-0.0134845714286,0.514
0.463045089375,0.532655032598,-0.124076931376,-1.37938480853,0.0782391809677,1.90272002768,0.156256568461,-0.00602096666512,-0.0596580884622,0.000207608465445,-0.0896140695745,-0.00843364578976,0.0357361754332,-0.0156265474856,0.574118481155,0.818757596592,0.0021712945519,0.0,0.818715963952,-0.574057598717,-0.0119495031778,0.0,-0.00853746273837,0.00863827044056,-0.999926243287,0.0,0.658968444239,0.257283391882,0.303444227138,1.0,-0.01058,-0.0139051428571,0.53
0.462908927057,0.531627629531,-0.12407943703,-1.38104269561,0.0781448065113,1.90332609796,0.156051715875,-0.00686936123996,-0.055055024595,-0.0010475608754,-0.0927803370392,-0.00578721069345,0.0323317286327,-0.0144328022819,0.574129157879,0.818750161008,0.00215193497188,0.0,0.81870819794,-0.574068274773,-0.0119686852166,0.0,-0.00856417023822,0.00863354418971,-0.999926055718,0.0,0.658770738306,0.257034755232,0.303431964004,1.0,-0.01094,-0.0143782857143,0.548
0.462762379657,0.530560863105,-0.124081804768,-1.38277318752,0.0780423805356,1.90392886881,0.155822232219,-0.00969318826337,-0.0627099541956,-0.00121826130058,-0.0919112820178,-0.00546420528664,0.0282283571481,-0.0171133729832,0.574129458314,0.818750083184,0.00210078170479,0.0,0.81870735719,-0.574068691895,-0.0120061305125,0.0,-0.00862419339305,0.00861316447525,-0.999925715584,0.0,0.658559047123,0.256769775381,0.303412343435,1.0,-0.0113,-0.0148514285714,0.566
0.462630654367,0.529586875643,-0.124082633292,-1.38433007819,0.077934787836,1.90450148917,0.155627729327,-0.00554040940159,-0.0601443357731,-0.00108750519828,-0.102540802152,-0.0089190572297,0.0404077047399,-0.015544662415,0.574134288654,0.818746740263,0.00208345914284,0.0,0.818703883295,-0.57407368914,-0.012004074992,0.0,-0.00863240439377,0.00859785268269,-0.999925776507,0.0,0.658375101745,0.256531990141,0.303407057715,1.0,-0.01162,-0.015272,0.582
0.462514606734,0.528702813246,-0.124083323601,-1.38570502361,0.0778566129381,1.90501556169,0.155436280454,-0.00743687619425,-0.0625068688383,-0.00026702332542,-0.105129606452,-0.00546305677779,0.0402223328568,-0.0127811342559,0.574126646782,0.818752042545,0.00210551292361,0.0,0.818709419841,-0.574065902424,-0.0119988515667,0.0,-0.00861554692787,0.00861282950306,-0.999925793006,0.0,0.658213598438,0.256325814777,0.303419782732,1.0,-0.0119,-0.01564,0.596
0.462368252938,0.527584248308,-0.124083190507,-1.38743445344,0.077746089765,1.90568217898,0.155190765193,-0.0106020338861,-0.0720974281637,-8.51970118403e-05,-0.104915114463,-0.00643778080637,0.0375986955029,-0.0174211080433,0.57410938802,0.818764032075,0.00214878308115,0.0,0.818722041537,-0.57404853414,-0.0119685443472,0.0,-0.00856607277331,0.00863067590893,-0.999926064182,0.0,0.658014702499,0.256066312565,0.303441845806,1.0,-0.01224,-0.0160868571429,0.613
0.462205564375,0.526365283453,-0.124091817108,-1.38932813001,0.0776246959115,1.90640025351,0.154931984717,-0.00943584371201,-0.0623618673144,-0.00211192195385,-0.108684483346,-0.00840126510877,0.0485365944051,-0.0166419432233,0.574106489402,0.81876598453,0.00217906020224,0.0,0.818724490052,-0.574045614185,-0.0119410688909,0.0,-0.00852622523095,0.00863966143382,-0.999926327153,0.0,0.657796437338,0.255774560596,0.303460835401,1.0,-0.0126,-0.01656,0.631
0.462052876956,0.525181161381,-0.124095414145,-1.39115185419,0.0775082671198,1.90705026839,0.15468651828,-0.00991793459188,-0.0694391804537,0.000597497731576,-0.105969329746,-0.00896539543267,0.0376732776457,-0.0115016842226,0.574099750521,0.818770693822,0.002185015198,0.0,0.818729286734,-0.57403886183,-0.0119367941348,0.0,-0.00851937760285,0.00864201285491,-0.999926365198,0.0,0.657575489351,0.255496412124,0.303482202079,1.0,-0.01294,-0.0170068571429,0.648
0.461905202298,0.524079548791,-0.124106724944,-1.39291686338,0.0774019751075,1.90768396198,0.154447672711,-0.00751280227263,-0.0655952378913,-0.000952233204328,-0.115473658107,-0.00633386391007,0.0409725097128,-0.0105066144041,0.574099291617,0.818771089329,0.00215720761782,0.0,0.818729306813,-0.574038503384,-0.011952644056,0.0,-0.00854832374336,0.00862833970535,-0.999926236237,0.0,0.657362257778,0.255223510582,0.303472074089,1.0,-0.01326,-0.0174274285714,0.664
0.461758624655,0.522941367901,-0.124105618983,-1.39471994192,0.0772954779988,1.90836721219,0.154201159143,-0.0117231103161,-0.0746050703339,0.000660247888076,-0.114987248719,-0.00642946886137,0.04210942649,-0.0197367562737,0.574084858543,0.818781166697,0.00217328225776,0.0,0.818739554636,-0.574023966823,-0.0119488112069,0.0,-0.00853610982455,0.00863915006968,-0.999926247238,0.0,0.657147293662,0.254957856889,0.303473150796,1.0,-0.01358,-0.017848,0.68
0.46159532163,0.521712615853,-0.124110682475,-1.3966779894,0.0771743095096,1.90913959424,0.153944020174,-0.0121978954241,-0.0709531804758,-0.000113515807004,-0.118525095417,-0.00600367021489,0.0436814723121,-0.00829687034785,0.574084088087,0.818781624037,0.002204278941,0.0,0.818740496915,-0.574023152708,-0.0119233287411,0.0,-0.00849745892581,0.00864989228001,-0.999926483575,0.0,0.656921883192,0.254664106363,0.303471736559,1.0,-0.01392,-0.0182948571429,0.697
0.461416132342,0.520371902945,-0.124112368198,-1.39882397883,0.0770365038221,1.90993453911,0.153655787007,-0.0104843261804,-0.076270153384,-0.000375841964623,-0.121107656715,-0.00487674274821,0.0469439401203,-0.0135537621531,0.574073376833,0.818789173329,0.00218964659819,0.0,0.818747890357,-0.574012537381,-0.0119266871968,0.0,-0.00850872156989,0.00863972846795,-0.999926475672,0.0,0.656663051432,0.2543399859,0.303460989889,1.0,-0.01428,-0.018768,0.715
0.461238466185,0.519046226352,-0.124113046487,-1.40087178117,0.0768999338278,1.91066713153,0.153369012074,-0.0151753279341,-0.0825895865442,0.00037525836328,-0.123582796398,-0.0099867347373,0.0433770992758,-0.0138422141515,0.574056361538,0.8188010939,0.00219301321721,0.0,0.818759897573,-0.57399555406,-0.0119197712374,0.0,-0.00850130556799,0.00863833809876,-0.999926550762,0.0,0.656413105789,0.254024967885,0.303480518445,1.0,-0.01462,-0.0192148571429,0.732
0.461052874015,0.517616896551,-0.124118479204,-1.40311384586,0.0767525745447,1.91147785977,0.153070609245,-0.0135819321364,-0.0760982611298,0.00119106622006,-0.123691737578,-0.00461065884463,0.0443662467555,-0.0189845676992,0.57404685134,0.818807784883,0.00218421196915,0.0,0.818766531601,-0.573986139224,-0.011917449819,0.0,-0.00850455703139,0.00862970035132,-0.999926597697,0.0,0.656138433835,0.253683889851,0.303486862187,1.0,-0.01498,-0.019688,0.75
0.460902915721,0.516522471983,-0.124129094833,-1.40487675962,0.0766390018947,1.91212245304,0.152821717824,-0.00968638009092,-0.0733229614805,-0.00328883601103,-0.126095556385,-0.0174711245739,0.0500312343701,-0.0159462573277,0.574035994543,0.81881546792,0.00215716603177,0.0,0.818773920066,-0.57397545192,-0.0119245676901,0.0,-0.00852602427733,0.00861152816013,-0.999926571551,0.0,0.655924831515,0.25340986074,0.303471735909,1.0,-0.01526,-0.020056,0.764
0.460720532958,0.515142845843,-0.124131105176,-1.40705980562,0.0765115301651,1.91294137062,0.152531599175,-0.011763591626,-0.0766182918985,-0.00111317098743,-0.127857932856,-0.00603360103052,0.0469025272869,-0.0158903140952,0.574030184002,0.818819503408,0.00217154196552,0.0,0.818778079526,-0.573969519686,-0.011924506706,0.0,-0.00851778375419,0.00862320376211,-0.99992654116,0.0,0.655660284091,0.25308305635,0.303471162666,1.0,-0.0156,-0.0205028571429,0.781
0.46051949171,0.513653671694,-0.12412885392,-1.40945903809,0.0763725090294,1.91377939415,0.152207941932,-0.0161221231502,-0.0870698464878,-0.000391606141307,-0.134226301084,-0.00488178393479,0.0495083419108,-0.0192024860849,0.574016707288,0.818829098109,0.00211535944043,0.0,0.818786740497,-0.573956072497,-0.0119769500374,0.0,-0.00859311724503,0.00860716339961,-0.999926034802,0.0,0.655354553921,0.252721851534,0.303445575037,1.0,-0.01596,-0.020976,0.799
0.460323562099,0.512268297382,-0.124133728298,-1.41173377133,0.0762252823877,1.91458173822,0.151882026867,-0.0104070702318,-0.0831256112371,-0.00132951679438,-0.139567678092,-0.0118622097974,0.0461423167882,-0.0228289326915,0.573993074574,0.818845867712,0.00203523317364,0.0,0.818802447303,-0.573932761847,-0.0120201527,0.0,-0.00867473238678,0.00856610323255,-0.999925682685,0.0,0.655068388965,0.252369597514,0.303403189963,1.0,-0.0163,-0.0214228571429,0.816
0.460136022893,0.510886990485,-0.124129021349,-1.41390436662,0.0761016764638,1.91540979489,0.151579296387,-0.0134644997128,-0.0891437794605,0.00156327243676,-0.13897062161,-0.00859414689807,0.0523604260587,-0.0209240274178,0.573975803513,0.818857880066,0.002072712218,0.0,0.818814841735,-0.573915228303,-0.0120130170043,0.0,-0.00864755902381,0.0085925140469,-0.999925691452,0.0,0.654805671748,0.252046256322,0.303408971856,1.0,-0.01662,-0.0218434285714,0.832
0.459972248399,0.509671796787,-0.124142093827,-1.41584168587,0.0759743097047,1.91614862136,0.151305666986,-0.00996205681241,-0.0848607319558,-0.00385874536696,-0.140606900052,-0.0160075033131,0.053859032295,-0.0122594574584,0.573961899112,0.818867615081,0.00207707500674,0.0,0.818824768886,-0.573901441731,-0.0119949964377,0.0,-0.00863044394767,0.00858559669689,-0.999925898738,0.0,0.654573900718,0.251747024112,0.303401929696,1.0,-0.0169,-0.0222114285714,0.846
0.459709954698,0.507813781975,-0.124142297578,-1.41877859143,0.0757950729949,1.91718879759,0.150890384872,-0.0135223277869,-0.0943016402362,-0.000451967911977,-0.13850548527,-0.00739642785654,0.0451862424013,-0.0216229669613,0.573940702658,0.818882550943,0.00204560371581,0.0,0.81883916012,-0.573880247953,-0.0120265441407,0.0,-0.00867456258954,0.00857770877074,-0.999925584669,0.0,0.654204085825,0.251292892219,0.303394128885,1.0,-0.01732,-0.0227634285714,0.867
0.459504025052,0.506346813848,-0.124146149986,-1.42106232728,0.0756473968619,1.9180294673,0.15058876191,-0.0141450692688,-0.0964822737496,-0.00143137237651,-0.144808619034,-0.00592440723546,0.0488151423476,-0.0233697902671,0.573943311743,0.818880684682,0.00206059710568,0.0,0.818837531939,-0.573882835149,-0.0120139382072,0.0,-0.00865560728303,0.00858277897517,-0.999925705424,0.0,0.653924212097,0.250937490001,0.303405854237,1.0,-0.01764,-0.023184,0.883
0.459295653581,0.504837898416,-0.124152529238,-1.42337447195,0.0754948541542,1.9189347265,0.15027219387,-0.0143382616402,-0.0971973651286,-0.000458261680778,-0.151106701409,-0.0107390417862,0.0491998486824,-0.0254868458957,0.573937540406,0.818884531042,0.00213809105288,0.0,0.818842555989,-0.573876908124,-0.011954485531,0.0,-0.00856250704996,0.00861205377386,-0.999926255282,0.0,0.653652084845,0.25057979752,0.303438517126,1.0,-0.01796,-0.0236045714286,0.899
0.459081795868,0.503268081963,-0.124150438799,-1.42570346439,0.0753609050684,1.91981069135,0.149940808422,-0.012645748375,-0.100049667658,0.00128399478014,-0.144394351463,-0.013001492228,0.0582416649162,-0.0214562187849,0.573923484462,0.818894098641,0.00224412452227,0.0,0.818853412813,-0.573862329574,-0.0119105802476,0.0,-0.00846584834374,0.00867353773397,-0.99992654688,0.0,0.653369187882,0.250223374293,0.303502305075,1.0,-0.01828,-0.0240251428571,0.915
0.458835446112,0.501461033347,-0.124159335595,-1.42838156923,0.0751837180299,1.92078172983,0.149565741594,-0.01711957071,-0.101168476537,0.00100787215847,-0.154056869273,-0.0104726902112,0.0486054254531,-0.0201406646428,0.57391334241,0.818900986305,0.00232313032327,0.0,0.818861424756,-0.57385197503,-0.0118585286966,0.0,-0.00837798922379,0.0087082573077,-0.99992698511,0.0,0.653039399473,0.249800679484,0.303573449571,1.0,-0.01864,-0.0244982857143,0.933
0.458581306879,0.499643069005,-0.124162444238,-1.43113015096,0.0750035078705,1.92176417532,0.149173558435,-0.0166025451043,-0.102499774545,0.00314658901256,-0.155228660345,-0.0115676904425,0.0563910885966,-0.0170946699717,0.573893636596,0.818914681912,0.00236316009217,0.0,0.818875663957,-0.57383214019,-0.0118350650223,0.0,-0.00833601178894,0.00872737082347,-0.999927169301,0.0,0.652694705762,0.249368507256,0.303618773763,1.0,-0.019,-0.0249714285714,0.951
0.458361463551,0.49818575569,-0.124165309969,-1.43345755175,0.074862305109,1.92263696273,0.148847158724,-0.0187669184027,-0.100975737262,-0.00113838630161,-0.156772795082,-0.00788282113834,0.0581270161529,-0.0296666019991,0.573898666721,0.818911102126,0.00238202698758,0.0,0.818872319941,-0.573837087039,-0.0118265833272,0.0,-0.00831818510986,0.00873800460246,-0.999927224888,0.0,0.652394246018,0.248972345028,0.303614198323,1.0,-0.01932,-0.025392,0.967
0.458086203942,0.49640811243,-0.124160337756,-1.43628009109,0.0746892767319,1.92364906054,0.148422474213,-0.0188689969375,-0.095619765071,-0.000392849839535,-0.157828981028,-0.00738459420318,0.0646169380295,-0.0253333934364,0.573859059964,0.818938982488,0.00233862336365,0.0,0.818899466213,-0.573797476222,-0.011868758081,0.0,-0.00837805378583,0.00872625978699,-0.999926827625,0.0,0.652051306382,0.248555822167,0.30358624714,1.0,-0.01966,-0.0258388571429,0.984
0.457809286362,0.494728831589,-0.124160838032,-1.43903045392,0.0745171984918,1.92458295595,0.148029492542,-0.0147547856491,-0.0983635725375,-9.43197835137e-06,-0.165122028588,-0.00682322914117,0.0549722947215,-0.0227042261717,0.573856249631,0.818941276589,0.0022219720018,0.0,0.818900061104,-0.573794946389,-0.0119497415586,0.0,-0.00851134417103,0.00867717394543,-0.999926129108,0.0,0.651693635731,0.248106809532,0.303528043031,1.0,-0.01998,-0.0262594285714,1.001
0.457538721082,0.492889726477,-0.124208902289,-1.44188867708,0.0743433672525,1.92562388853,0.147634034007,-0.0151913295043,-0.131149164626,-0.00216384798519,-0.200104617513,-0.0091613270426,0.0728625182067,-0.0326307104634,0.573885243558,0.818920932666,0.00223162906574,0.0,0.818879961174,-0.573824018063,-0.0119311517591,0.0,-0.00849027103305,0.00867471527107,-0.999926329593,0.0,0.65134324746,0.247630343889,0.303539678559,1.0,-0.0276691428571,-0.0363651591837,1.017
0.457156071804,0.489977236293,-0.124254983955,-1.44648760757,0.0740923696981,1.92735892202,0.146954345249,-0.0261930342127,-0.169065821152,0.000294252461642,-0.271171354959,-0.00677011313292,0.0975809589043,-0.0429880446606,0.573838372565,0.81895364816,0.00227842903044,0.0,0.818913148705,-0.573776823384,-0.011923033415,0.0,-0.00845726476954,0.00870789723635,-0.999926320885,0.0,0.650765737877,0.246924491839,0.303528731058,1.0,-0.0368,-0.0483657142857,1.036
0.456706762036,0.487053527668,-0.124284678091,-1.45115182783,0.0738246306007,1.92907242518,0.146262833522,-0.0350130106902,-0.208829806014,-0.0036776533166,-0.3248953283,-0.0173343093143,0.116598209685,-0.0500664129702,0.573829144475,0.818960140411,0.00226898006333,0.0,0.818919310807,-0.573767421662,-0.0119522018112,0.0,-0.00848667342751,0.00871680115503,-0.999925994137,0.0,0.650137557633,0.246120951207,0.303493266326,1.0,-0.0444891428571,-0.058471444898,1.052
0.456139347956,0.483308467994,-0.124377145415,-1.4569777708,0.0734715732093,1.93121928389,0.145377503,-0.0337519197756,-0.245988388119,-0.00464460222266,-0.38838915083,-0.0273970695633,0.133408417827,-0.066480335526,0.573819980263,0.818966473838,0.00230040905976,0.0,0.818926276912,-0.573758362306,-0.0119097258148,0.0,-0.00843394959981,0.00871807190855,-0.999926429152,0.0,0.649457689356,0.245198466104,0.303505967541,1.0,-0.0516977142857,-0.0679455673469,1.067
0.455357827124,0.478370653106,-0.124494342139,-1.46476751928,0.0730063219494,1.93393708421,0.144196971758,-0.0469990930052,-0.28919693373,-0.0109915441176,-0.456099485396,-0.0250488311776,0.156589113153,-0.0715009872872,0.573832432913,0.818958082851,0.00217815783951,0.0,0.818916188185,-0.57377120286,-0.0119845900585,0.0,-0.00856527756258,0.00866104193782,-0.999925808434,0.0,0.648456207128,0.243874808213,0.303460438007,1.0,-0.060348,-0.0793145142857,1.085
0.454489098178,0.472979767208,-0.124597637418,-1.47310905618,0.0724972851741,1.93695548024,0.142999609937,-0.0554180715847,-0.327490148839,-0.00776371614282,-0.512512617992,-0.0310159720841,0.183356482089,-0.0744077993522,0.57390326853,0.818908321976,0.00222384147326,0.0,0.818867089252,-0.573841909295,-0.0119540862715,0.0,-0.00851333120033,0.00868168692701,-0.999926073019,0.0,0.6473996321,0.242457949701,0.303485178366,1.0,-0.0685177142857,-0.0900518530612,1.102
0.453546949455,0.467268135424,-0.12465456964,-1.48173473677,0.0719847440018,1.94017870721,0.141630560697,-0.0608437396111,-0.370763084225,-0.00553114790264,-0.559441253688,-0.0400913698283,0.211823506382,-0.0982823322211,0.573868361246,0.81893200586,0.00249412119116,0.0,0.818894198899,-0.57380584654,-0.011827442124,0.0,-0.00825488851353,0.00882998620882,-0.999926941411,0.0,0.646317012996,0.241006100166,0.303605112093,1.0,-0.0762068571429,-0.100157583673,1.118
0.45234728236,0.460238139619,-0.124694421948,-1.49263915685,0.0712844289872,1.94398352357,0.139947202356,-0.0678323144085,-0.396826587184,-0.000916737906777,-0.631978530567,-0.0379100823582,0.20972532187,-0.0833287575142,0.573826685191,0.818961320058,0.00245733828779,0.0,0.818922823058,-0.573764091196,-0.0118711596153,0.0,-0.00831224811628,0.00882452847881,-0.999926514414,0.0,0.644958768263,0.239262173517,0.303606848024,1.0,-0.0843765714286,-0.110894922449,1.135
0.451071784958,0.452899808705,-0.124821154282,-1.50395535734,0.0705338365946,1.94783998237,0.138184106634,-0.0789281775358,-0.444278357593,-0.00856183218221,-0.683130834849,-0.0386500269421,0.232892703808,-0.118013365024,0.573830826325,0.818958867012,0.0023029985816,0.0,0.818918258638,-0.573768736667,-0.0119611618678,0.0,-0.00847447414456,0.00874981944761,-0.999925809222,0.0,0.643351557805,0.237166366309,0.303587217908,1.0,-0.0930268571428,-0.122263869388,1.153
0.449851791819,0.445805765931,-0.124897128868,-1.51443988409,0.0698145238245,1.95179348153,0.136551693246,-0.0826054010115,-0.471895788405,-0.00247654985579,-0.720492332686,-0.0387020480966,0.254486445854,-0.109422746916,0.57382706732,0.818960149119,0.00274187282664,0.0,0.818925992627,-0.573764136442,-0.0116482288123,0.0,-0.00796640028834,0.00892963182811,-0.999928396507,0.0,0.642011611869,0.235348049118,0.30380511845,1.0,-0.100235428571,-0.131737991837,1.168
0.448208605607,0.436877676336,-0.124936576901,-1.52818442928,0.0689045400934,1.95648898136,0.134359832021,-0.0924599134724,-0.511594943863,-0.00443825100736,-0.758442524985,-0.0522056869625,0.263978751595,-0.124926132706,0.573766499938,0.81900292316,0.00263861825968,0.0,0.818966893965,-0.573703352248,-0.0117659300001,0.0,-0.00812270331008,0.00891200905893,-0.99992729625,0.0,0.640113083706,0.23294664564,0.303776308255,1.0,-0.108885714286,-0.143106938775,1.186
0.446513421794,0.42774226753,-0.124996225476,-1.54189375516,0.0679599132776,1.96139549641,0.132121995836,-0.10750086899,-0.535391993853,-0.00586382810464,-0.828663639741,-0.0589561627523,0.294128886356,-0.132277490797,0.573699900227,0.81904871894,0.00289264297179,0.0,0.819016235355,-0.57363615598,-0.011606622196,0.0,-0.00784721552909,0.00902801337002,-0.999928455532,0.0,0.638255974597,0.230521500167,0.303903934705,1.0,-0.117055428571,-0.153844277551,1.203
0.442958564811,0.40977470906,-0.12516123422,-1.56907599296,0.0660285236025,1.97079899941,0.127624772015,-0.124569244775,-0.599128473975,-0.00616444258668,-0.897512720839,-0.0514474121448,0.307604404398,-0.151470838321,0.573645499543,0.819086466446,0.00299136113558,0.0,0.819055524424,-0.57358174747,-0.0115227505488,0.0,-0.00772248756515,0.00906023929603,-0.999929135114,0.0,0.634332684421,0.225386785281,0.303976968197,1.0,-0.132433714286,-0.174055738775,1.235
0.442198514122,0.406114186886,-0.125176424194,-1.57469854699,0.0656612454466,1.97267611926,0.126689318476,-0.125562230139,-0.618796290611,-0.00241168438242,-0.947922596297,-0.0678163703436,0.318792538249,-0.152698427781,0.573643465668,0.819088154491,0.00291828201936,0.0,0.819055927912,-0.573579556909,-0.0116028336678,0.0,-0.00783002746053,0.00904630007336,-0.999928425001,0.0,0.633645094597,0.224524595597,0.303932675452,1.0,-0.134836571429,-0.177213779592,1.24
0.440432153293,0.397833960145,-0.125270705983,-1.58705044223,0.0648215264648,1.97686755049,0.124582228926,-0.14276433848,-0.659189870319,-0.00815005330119,-0.949188642254,-0.0725998945347,0.335999242022,-0.169450095738,0.573694079675,0.819052344731,0.00301768753145,0.0,0.819021144211,-0.573629532962,-0.0115875428563,0.0,-0.00775991885933,0.00911943020683,-0.999928307256,0.0,0.631886842083,0.222175799791,0.304000813168,1.0,-0.141084,-0.185424685714,1.253
0.437993497809,0.386697858072,-0.125405477604,-1.60394029591,0.0635298424057,1.98256610185,0.121683189318,-0.144561699406,-0.66509831411,-0.00470784803239,-1.02833139708,-0.0790177948192,0.335045998692,-0.181208209452,0.573706298984,0.819044245765,0.002890136067,0.0,0.81901192828,-0.573642790735,-0.0115826108846,0.0,-0.00782891580776,0.00901224625006,-0.999928741208,0.0,0.629438813615,0.21893224289,0.303940059778,1.0,-0.149253714286,-0.19616202449,1.27
0.435697297528,0.376342495658,-0.125509856933,-1.61927855924,0.0623933780349,1.98766937161,0.118918858908,-0.150456081835,-0.690520968335,-0.00295355870763,-1.04171856243,-0.0789649704827,0.342371490578,-0.186744214195,0.573654221475,0.819080477676,0.00295840753253,0.0,0.819049078984,-0.573590538158,-0.0115432946924,0.0,-0.00775812212979,0.00904511484127,-0.999928996198,0.0,0.627174507051,0.215963354318,0.304011482043,1.0,-0.156462285714,-0.205636146939,1.285
0.432972332222,0.364980407117,-0.12566161208,-1.63620685064,0.0611150975482,1.99325890645,0.115922746379,-0.174955884993,-0.732213217694,-0.0118566539276,-1.04956404288,-0.0781867783235,0.354454658517,-0.187676211978,0.57379521004,0.818981680701,0.00296825085539,0.0,0.818950641891,-0.573731748741,-0.0115097148033,0.0,-0.00772341451971,0.00903524412283,-0.99992935412,0.0,0.624513094012,0.212342479621,0.304031570431,1.0,-0.164632,-0.216373485714,1.302
0.429522648224,0.350922523815,-0.125834441854,-1.65713409842,0.059510884872,2.00006410155,0.112051751701,-0.185063445379,-0.747065306113,-0.00443751258218,-1.13636226621,-0.0826543479891,0.35438259832,-0.21043138433,0.573848896643,0.818944595677,0.0028177890298,0.0,0.818911486872,-0.573785777204,-0.0116019588361,0.0,-0.00788470602463,0.00896546369402,-0.999928723396,0.0,0.62148050171,0.208313564962,0.303966413065,1.0,-0.173282285714,-0.227742432653,1.32
0.426196969026,0.337733778832,-0.125989901344,-1.67624192797,0.0580481660277,2.00634746812,0.108396002002,-0.202941235417,-0.768874665944,-0.00705713791919,-1.13624810695,-0.0906188806552,0.368577063666,-0.226155193022,0.573909669908,0.81890103174,0.00308834960168,0.0,0.818871538067,-0.57384581291,-0.0114513776888,0.0,-0.00760545494502,0.00910119320394,-0.999929660195,0.0,0.618561235298,0.204368076885,0.304115298702,1.0,-0.181452,-0.238479771429,1.337
0.422937433677,0.325042965406,-0.126064693523,-1.69480864782,0.0565194531054,2.01231156039,0.104771971053,-0.206117082422,-0.7898016025,-0.00529463635195,-1.16097833105,-0.103972939528,0.384303925185,-0.23402529031,0.573806985254,0.81897296356,0.00309443577897,0.0,0.818943796415,-0.573743420224,-0.0114145943502,0.0,-0.00757297779861,0.00908411785398,-0.999930061959,0.0,0.615622196532,0.200561889051,0.304122533347,1.0,-0.189141142857,-0.248585502041,1.353
0.418984167144,0.310267846403,-0.126115561677,-1.71630055056,0.0547817460164,2.01903009092,0.100484994444,-0.228769751034,-0.818096233939,-0.00170002371966,-1.19467477969,-0.0909009773638,0.385124904395,-0.251764736633,0.57370606727,0.819043773366,0.00306473333173,0.0,0.819013738675,-0.573642027866,-0.0114920245185,0.0,-0.0076545586559,0.00910327816183,-0.999929266528,0.0,0.612131862396,0.196094551246,0.304116266346,1.0,-0.197791428571,-0.25995444898,1.371
0.414987283777,0.295896816986,-0.126240779666,-1.73719985376,0.0529752576917,2.0254065116,0.0962010810017,-0.241892556451,-0.851379049581,-0.0121185396846,-1.23779009558,-0.100212819097,0.365119969666,-0.247552490978,0.573616851252,0.819107028465,0.00285145239701,0.0,0.819074377632,-0.573553674529,-0.0115798636693,0.0,-0.00784983785384,0.00897812939016,-0.99992888409,0.0,0.608671340425,0.191623216724,0.304045391117,1.0,-0.205961142857,-0.270691787755,1.388
0.411204197765,0.282727496842,-0.126386086066,-1.75580715876,0.0514650167685,2.03116620783,0.0923047388909,-0.254400863947,-0.87891871996,-0.00640168325295,-1.25984943356,-0.102520038819,0.381063752275,-0.265525518771,0.573684394211,0.819058798708,0.00310596186849,0.0,0.819029192243,-0.573620105046,-0.0114849571819,0.0,-0.00762535987112,0.00913278997821,-0.999929220512,0.0,0.605591977066,0.187541622097,0.304180433566,1.0,-0.213169714286,-0.280165910204,1.403
