position_joint1,position_joint2,position_joint3,position_joint4,position_joint5,position_joint6,position_joint7,velocity_joint1,velocity_joint2,velocity_joint3,velocity_joint4,velocity_joint5,velocity_joint6,velocity_joint7,ee_T_00,ee_T_10,ee_T_20,ee_T_30,ee_T_01,ee_T_11,ee_T_21,ee_T_31,ee_T_02,ee_T_12,ee_T_22,ee_T_32,ee_T_03,ee_T_13,ee_T_23,ee_T_33,v_x,v_y,time
0.465080072965,0.547693549185,-0.123957527579,-1.35573401871,0.0794995849515,1.89409202968,0.159172493054,0.000186264775742,0.00128015046227,0.000639736207083,0.000534548825971,0.000179772669692,-9.03077406239e-05,-0.000720251947291,0.573784024297,0.818992195869,0.00210320426845,0.0,0.818950987338,-0.573724778466,-0.0118281788053,0.0,-0.00848068900942,0.00850940507963,-0.999927831365,0.0,0.661691648966,0.260924928699,0.303321808571,1.0,0.0,0.0,0.0
0.465075223181,0.547693424018,-0.123957287929,-1.35573401871,0.0795015004838,1.8940919641,0.159171535082,-0.00304004744609,0.00020487406436,0.000466566599599,0.000658250367574,-0.000181303644197,0.000264379209441,-0.00280220340818,0.573787550966,0.818989722038,0.00210438909951,0.0,0.818948510617,-0.573728281635,-0.0118297384398,0.0,-0.00848124994502,0.00851130683579,-0.999927810422,0.0,0.661692742041,0.260922166004,0.303321887169,1.0,-0.00014,-0.000184,0.008
0.465069459568,0.547683811886,-0.123957367823,-1.35574431492,0.0795015002551,1.89409114918,0.159169312756,-0.00039831394607,0.000814075099939,0.000809871430557,9.0199957127e-05,-0.000282559668384,-0.000118947491461,-0.00202391631577,0.57379104655,0.818987274729,0.00210371860082,0.0,0.818946043605,-0.573731768432,-0.0118314182494,0.0,-0.00848297411866,0.00851175776221,-0.999927791958,0.0,0.661691995361,0.260917154347,0.303323727665,1.0,-0.00048,-0.000630857142857,0.025
0.465071590016,0.547662311732,-0.123955584236,-1.3557577307,0.0794973577113,1.89409657076,0.159180290309,0.00117525296854,-0.00424534909007,0.00107456180303,4.18207020511e-05,2.65304789363e-05,0.000628803368572,0.00200198603845,0.573796678742,0.818983302217,0.00211401396504,0.0,0.818942228341,-0.57373738256,-0.0118232565388,0.0,-0.00847032392411,0.00851556459217,-0.999927866785,0.0,0.661689837842,0.260917985307,0.303332977642,1.0,-0.00082,-0.00107771428571,0.042
0.465073672449,0.547579326536,-0.123957978526,-1.35583483215,0.0794980254695,1.89410668974,0.159169007588,-0.00241661459025,-0.00667432484589,0.000751902344574,-0.00997893195751,-0.00027092179715,0.000707444196698,-0.000422077389012,0.573801801252,0.818979672486,0.00212975008607,0.0,0.818938746869,-0.573742385485,-0.0118216274878,0.0,-0.00845990759279,0.00852757019502,-0.999927852652,0.0,0.661678037639,0.260902953974,0.303355058564,1.0,-0.00116,-0.00152457142857,0.059
0.465067259775,0.547438462196,-0.123955431241,-1.35602053481,0.0794959911854,1.89414852446,0.159170554464,0.000559031429121,-0.00941287477174,-0.00251547269805,-0.0121007007629,-9.92852862189e-05,0.00190267680557,-0.000375808573199,0.573806089761,0.818976651114,0.00213616120797,0.0,0.818935677863,-0.573746516009,-0.0118337564535,0.0,-0.0084661181787,0.00853982456273,-0.999927695506,0.0,0.66164703792,0.260890261079,0.303370967799,1.0,-0.0015,-0.00197142857143,0.076
0.465049877299,0.547303530584,-0.12395590774,-1.35622434065,0.0794911019746,1.89423157103,0.159163580471,-0.00132349485256,-0.0100466911043,0.00127582550458,-0.0184364939336,5.89834709298e-05,0.00636950369473,-0.000804947407674,0.573825111065,0.818963283116,0.00215167873785,0.0,0.818922458893,-0.573765420252,-0.0118319797524,0.0,-0.00845556092425,0.00855170978518,-0.99992768326,0.0,0.661625356464,0.260860914511,0.303376761546,1.0,-0.00184,-0.00241828571429,0.093
0.465035672439,0.547118579526,-0.123955770032,-1.35642615311,0.0794889609579,1.89434399744,0.159153846182,-0.000619389096142,-0.0129229828747,0.00187481364014,-0.0108504409818,0.000155937779435,0.00617968850692,-0.00318457212171,0.573839558725,0.818952927499,0.00223836669312,0.0,0.818913196662,-0.57377949348,-0.0117905087576,0.0,-0.00837170393758,0.008599053925,-0.999927982829,0.0,0.661610187026,0.260837372778,0.303421468196,1.0,-0.00216,-0.00283885714286,0.109
0.465022939145,0.546926928345,-0.123950446255,-1.35666920972,0.0794875076311,1.89447918377,0.15913380358,-0.000169510971437,-0.0104174158549,0.00200564056811,-0.0206296986279,0.000657397360172,0.0134482079727,-0.00175815093498,0.573843308375,0.818950080801,0.00231721612769,0.0,0.818911295637,-0.573782860301,-0.0117586565395,0.0,-0.00830033363263,0.00864538728259,-0.999928178291,0.0,0.661588652333,0.260814652869,0.303453089569,1.0,-0.0025,-0.00328571428571,0.126
0.464990323291,0.546684861535,-0.123960428987,-1.35703069772,0.0794786254507,1.89460616146,0.159102794613,-0.00256902756996,-0.0131107878776,-0.000525538347028,-0.0226877762265,0.00034887810652,0.00412820710302,-0.0015617554649,0.573869415544,0.818931754615,0.00232853778597,0.0,0.818893043795,-0.573808845668,-0.0117617328294,0.0,-0.0082960806495,0.00865668880782,-0.999928115809,0.0,0.661548743666,0.26075474895,0.303463811695,1.0,-0.00286,-0.00375885714286,0.144
0.464951629413,0.546452108003,-0.123953486856,-1.3573856317,0.0794703633678,1.8947337523,0.158964914026,-0.00545341558453,-0.0152367869122,0.0010086462395,-0.024455783332,0.000313209366374,0.0115275574223,-0.00637284320647,0.573800972748,0.818979669689,0.00234333319206,0.0,0.818940987303,-0.57374018443,-0.0117731468821,0.0,-0.00829766328267,0.00867466174528,-0.999927946918,0.0,0.661507855907,0.260701419933,0.303470540159,1.0,-0.00316,-0.00415314285714,0.159
0.464900892369,0.546137512023,-0.123957563096,-1.35789687153,0.0794524382313,1.89491378622,0.158942674802,-0.000601634519379,-0.0151867866059,4.15952838459e-05,-0.0282760855678,9.18448994993e-05,0.0121679660153,-0.000943496658409,0.573850970667,0.818944662478,0.00233455869971,0.0,0.818905759875,-0.573790098505,-0.0117909373465,0.0,-0.00831673866228,0.00867819148941,-0.999927757816,0.0,0.661449896769,0.260618261231,0.303465711181,1.0,-0.00354,-0.00465257142857,0.178
0.464848323709,0.54584391684,-0.123954832699,-1.35838228833,0.0794317804824,1.89508112574,0.158898151298,-0.00151718172842,-0.0205840239135,0.00149045572801,-0.0318812481076,-0.00519373023977,0.00981562274,-0.00368126031003,0.57387726256,0.818926283614,0.00231871163984,0.0,0.81888706549,-0.57381633368,-0.011812538992,0.0,-0.00834324467803,0.0086778775871,-0.999927539729,0.0,0.661393801688,0.260539318653,0.303456950068,1.0,-0.00386,-0.00507314285714,0.194
0.464786231513,0.545524539937,-0.123955174835,-1.35894570182,0.0793582510945,1.89526674009,0.158815519665,0.00046250333973,-0.0235554785759,0.00034526699564,-0.0384375930727,-0.00222123765716,0.0155703460046,-0.00125282738136,0.573872566864,0.818929775002,0.00224666807413,0.0,0.818889928979,-0.573812236176,-0.0118130746415,0.0,-0.00838507436533,0.00861913927187,-0.999927697869,0.0,0.661330216711,0.260436056689,0.303430888059,1.0,-0.00418,-0.00549371428571,0.21
0.464725411858,0.545109975156,-0.12396683872,-1.359656109,0.0792918329398,1.89549323747,0.158707213356,-0.00126089006891,-0.0258695389059,-0.000200299078444,-0.0438912477581,-5.87870869478e-05,0.00981125870832,-0.0126393399782,0.573863689433,0.818936197405,0.0021719649068,0.0,0.818895586264,-0.573803862446,-0.0118276431167,0.0,-0.00843996572113,0.00856623231846,-0.999927690707,0.0,0.661245320504,0.260314813826,0.303406157788,1.0,-0.00454,-0.00596685714286,0.228
0.464657286942,0.544712104308,-0.123962641793,-1.36031829354,0.0792807045804,1.89572791073,0.158659937444,-0.00291872927544,-0.0246339575354,-0.000917410538996,-0.0405141537243,-0.00556069157657,0.0152548833998,-0.00514132309508,0.573903963674,0.818908015546,0.0021562594872,0.0,0.818866924247,-0.573843914526,-0.0118688262141,0.0,-0.00848228384724,0.00857742112453,-0.999927236707,0.0,0.661161513792,0.260207062178,0.303389890063,1.0,-0.00488,-0.00641371428571,0.245
0.464609029837,0.544290501387,-0.123970012226,-1.36101521276,0.0792548662265,1.89597232005,0.15854042863,-0.000898145633355,-0.0293268945338,0.000730626087813,-0.0520809631642,0.000168162471067,0.013940481711,-0.016847241587,0.573890563096,0.818917440729,0.0021433061251,0.0,0.818876021134,-0.573830406395,-0.0118942679446,0.0,-0.00851069309692,0.00858127533625,-0.999926962241,0.0,0.661083054933,0.260111989614,0.303380905792,1.0,-0.00518,-0.006808,0.26
0.464534616147,0.543764462427,-0.123971000497,-1.36186145746,0.0792167808855,1.89627661039,0.158460970065,-0.00146125991218,-0.0312359200165,-0.000390548992834,-0.0503328108065,-0.000778797604313,0.0204764826131,-0.0100742260965,0.573924116915,0.818893944917,0.00213586111645,0.0,0.818852298372,-0.573863855209,-0.0119136911062,0.0,-0.00853052025296,0.00858667475164,-0.999926746937,0.0,0.660984594074,0.259983170011,0.303376742211,1.0,-0.00554,-0.00728114285714,0.278
0.464448668323,0.5432362556,-0.123971167192,-1.36270952589,0.0791756519325,1.89657402909,0.158333652957,-0.000776234948332,-0.0304595313233,0.000527472773262,-0.0571276549851,-0.00465812768702,0.0178207781844,-0.0103035193816,0.573926541241,0.818892280916,0.00212236103366,0.0,0.818850335705,-0.573866210887,-0.0119351002944,0.0,-0.0085557749437,0.00858793222055,-0.999926520368,0.0,0.660887251542,0.259846062937,0.303372553363,1.0,-0.00588,-0.007728,0.295
0.464385931654,0.542714311826,-0.123978842085,-1.36355006313,0.0791096404279,1.8968629171,0.15825014701,-0.00215258263733,-0.0330751836322,0.000224691644969,-0.0567011284294,-0.000560809232147,0.0165941343232,-0.00250311223726,0.573943945475,0.81888017479,0.0020865497161,0.0,0.818837900333,-0.573883897538,-0.0119378400771,0.0,-0.00857838844598,0.00856036183624,-0.999926563032,0.0,0.660786729047,0.259716159234,0.303366917705,1.0,-0.0062,-0.00814857142857,0.311
0.464311875408,0.542116970537,-0.12397255726,-1.36447264587,0.079065415478,1.89719906585,0.158107747685,-0.000704719827004,-0.0370305189769,0.00153047291875,-0.0602844460422,-0.000121106401219,0.0258314364154,-0.0058655844441,0.573923012444,0.818894801467,0.00210400053462,0.0,0.818852602291,-0.573862743236,-0.0119463194668,0.0,-0.00857553649511,0.00857929914709,-0.999926425193,0.0,0.660677107795,0.259584858002,0.303379173144,1.0,-0.00654,-0.00859542857143,0.328
0.464245402216,0.541567660338,-0.123983566919,-1.3653174535,0.0790161788349,1.8975179118,0.158002126376,-0.00921437691867,-0.0362576362869,-0.00530770061751,-0.0571524055823,-0.000408791619032,0.0262133674675,-0.00699037633459,0.573932470461,0.818888126964,0.00212173726978,0.0,0.818846201169,-0.573872169565,-0.0119322559307,0.0,-0.00855374142535,0.00858585093197,-0.999926555639,0.0,0.660582845044,0.259455165261,0.303393463158,1.0,-0.00684,-0.00898971428571,0.343
0.464161635756,0.540908779711,-0.123977922852,-1.3663295273,0.0789594252538,1.89789067263,0.157876479777,-0.00648263057599,-0.0416201740001,0.00596917988897,-0.0594738570899,-0.00844297671107,0.0218010989203,-0.0035193903402,0.573935171521,0.818886180895,0.00214208557047,0.0,0.818844443362,-0.573874709828,-0.0119307123401,0.0,-0.00854077116468,0.0086016559084,-0.999926530673,0.0,0.66046456844,0.259307735592,0.303409650832,1.0,-0.00718,-0.00943657142857,0.36
0.464066110198,0.54012762241,-0.123989160561,-1.36753658183,0.0788815605671,1.89833912759,0.157719443274,-0.00812954253351,-0.0436950409353,-0.000663264150081,-0.0641495968779,-0.00329291929339,0.0260088339471,-0.00655447012329,0.573938744806,0.818883641322,0.0021554782951,0.0,0.818842171342,-0.57387832207,-0.0119128834167,0.0,-0.00851844709014,0.00860242750601,-0.999926714465,0.0,0.660327471192,0.259122943387,0.303426446336,1.0,-0.00756,-0.009936,0.379
0.463967663321,0.539433967055,-0.123991669083,-1.36862449861,0.0788259168173,1.898753978,0.157588524276,-0.00557412976159,-0.0433441037626,-0.00297305911684,-0.0714709902067,-0.00610278000737,0.0317075517181,-0.00977055425184,0.573959331779,0.81886915554,0.00217680282325,0.0,0.818827893902,-0.573898749981,-0.0119101570131,0.0,-0.0085037595202,0.00861853856542,-0.999926700747,0.0,0.66020618509,0.258955597333,0.303434823909,1.0,-0.00788,-0.0103565714286,0.395
0.46386070885,0.538693629557,-0.123990670334,-1.36979030817,0.078750776591,1.89919792278,0.1574468732,-0.00494190615389,-0.0434150647522,0.000813047071204,-0.068270095244,-0.00209562119835,0.0261547951744,-0.00605242091427,0.573974630397,0.818858400012,0.00218890194828,0.0,0.818817340196,-0.573914042847,-0.0118988116194,0.0,-0.00848736368621,0.00862209287466,-0.999926809408,0.0,0.660076178903,0.258774871841,0.303441373801,1.0,-0.00822,-0.0108034285714,0.412
0.463736704904,0.537900464891,-0.12399563603,-1.37101544649,0.0786884680824,1.89967361019,0.157290606371,-0.00841957196109,-0.0454813259652,-0.000496414682076,-0.0758186678455,-0.000492225793743,0.0232422498306,-0.00662545981308,0.574002779058,0.818838557245,0.00223018032136,0.0,0.818797978162,-0.573941965087,-0.0118843835103,0.0,-0.00845156008988,0.00864790279929,-0.999926889782,0.0,0.659944977509,0.258577323331,0.303459843937,1.0,-0.00856,-0.0112502857143,0.429
0.463611457933,0.536942261794,-0.123992434975,-1.37251658105,0.0785991908099,1.900230382,0.157108593654,-0.0064610730298,-0.0520018002396,0.00310211385348,-0.0780154493993,-0.00606076436593,0.0261484126513,-0.0108346423231,0.574012856893,0.818831458471,0.00224268603484,0.0,0.818791001219,-0.573951949969,-0.0118828595615,0.0,-0.00844302775711,0.00865737199007,-0.999926879923,0.0,0.659769980678,0.258354263246,0.30347006059,1.0,-0.00896,-0.011776,0.449
0.46352617057,0.536299660751,-0.124007355789,-1.37352176488,0.0785405209226,1.9006174213,0.156985241223,-0.00702166085489,-0.0545587006374,0.000148034694189,-0.0757034754788,-0.000681461083701,0.0284868014117,-0.00717735953138,0.574031866583,0.818818084713,0.00225991025597,0.0,0.818777918241,-0.573970957508,-0.0118662310767,0.0,-0.00841932384757,0.00866212616185,-0.999927038616,0.0,0.659659652813,0.258195221267,0.303479269114,1.0,-0.00922,-0.0121177142857,0.462
0.463405372175,0.535373430396,-0.124012573341,-1.37498132061,0.0784592077817,1.90115067789,0.156803083438,-0.00780078145599,-0.050186668058,-8.52948963793e-05,-0.0833337829702,-0.00173525910259,0.0349371519357,-0.0135637915401,0.574043661618,0.818809810308,0.00226185757054,0.0,0.818769607534,-0.573982679948,-0.0118726492332,0.0,-0.00842333677187,0.00866752615102,-0.999926958026,0.0,0.659488457106,0.25797444842,0.303484620048,1.0,-0.00958,-0.0125908571429,0.48
0.46328899743,0.534487638261,-0.124011650011,-1.37642393749,0.0783755027628,1.90167642309,0.15662967057,-0.00812800418555,-0.0513658626061,0.00159917538259,-0.0884765224161,-0.00529648969395,0.0251458351258,-0.0134284634374,0.574052999843,0.818803333991,0.00223618385478,0.0,0.818762728021,-0.573992048105,-0.011894150567,0.0,-0.00845558118462,0.00865894351835,-0.99992676024,0.0,0.659315850955,0.257760761511,0.303468470038,1.0,-0.00992,-0.0130377142857,0.497
0.463167114228,0.533567764896,-0.124017687348,-1.37790477919,0.0782940616147,1.90222070449,0.156437609637,-0.00583409219236,-0.0532037250429,-0.000521318888869,-0.0844184477265,-0.00781164054423,0.038912118525,-0.0233976678174,0.574059056726,0.818799121102,0.00222386483776,0.0,0.818758284893,-0.573998082113,-0.0119088014033,0.0,-0.0084745851327,0.00865732974116,-0.999926613331,0.0,0.659141468661,0.257536949743,0.303459826669,1.0,-0.01026,-0.0134845714286,0.514
0.463044716675,0.532667078707,-0.12401549702,-1.37933601544,0.0782140460454,1.90276147129,0.156266652497,-0.00807522851176,-0.0590777185514,0.000203442557861,-0.0917991197289,-0.00940201255929,0.0374164820842,-0.00876238447652,0.574074613868,0.818788183037,0.0022351580593,0.0,0.818747423355,-0.574013519827,-0.0119114527675,0.0,-0.00847010889967,0.00866825944079,-0.99992655657,0.0,0.658975234677,0.257323224165,0.303460500923,1.0,-0.01058,-0.0139051428571,0.53
0.46291683236,0.531756696699,-0.124018418517,-1.38080220596,0.0781294740545,1.90329597111,0.156075842051,-0.00912322746199,-0.0640828848606,-0.000278848414341,-0.0973775640267,-0.00575318247308,0.0350178683263,-0.00603620933716,0.574082435943,0.818782746207,0.00221769173781,0.0,0.818741702084,-0.574021353087,-0.0119272113381,0.0,-0.00849295595769,0.00866308603837,-0.999926407612,0.0,0.658802319779,0.257097758876,0.303450811959,1.0,-0.0109,-0.0143257142857,0.546
0.462787927604,0.530753456512,-0.124018667011,-1.38242843556,0.0780270977764,1.90386834069,0.155865253045,-0.0111649958358,-0.0575764214233,-0.000962657121666,-0.0993361744455,-0.00236625180138,0.0279309300039,-0.0195236391911,0.574076626205,0.818786941962,0.00217205416391,0.0,0.81874526835,-0.574015694465,-0.0119547046553,0.0,-0.00854172734216,0.00864144195961,-0.999926179463,0.0,0.65860229261,0.256855127145,0.303433373505,1.0,-0.01124,-0.0147725714286,0.563
0.462648843393,0.52973421266,-0.124018693319,-1.3840687094,0.0779275643395,1.90445798113,0.155653499029,-0.00306596195132,-0.0617521017725,-0.000209780220877,-0.0987635307045,-0.0118991047296,0.0353270280826,-0.0113130605965,0.574079455803,0.818785030449,0.00214458372428,0.0,0.818742948497,-0.574018586128,-0.0119747220221,0.0,-0.00857385729159,0.00863047086688,-0.999925999234,0.0,0.658404801049,0.256606116202,0.303421795098,1.0,-0.01158,-0.0152194285714,0.58
0.462514594901,0.5287295295,-0.124016607234,-1.38563879287,0.0778297273789,1.90504752172,0.155438333006,-0.00421845837528,-0.0699116087606,0.00130267996326,-0.101094378263,-0.0065966444728,0.0352374707402,-0.0222030099555,0.574070608847,0.81879118376,0.00216341305641,0.0,0.81874935332,-0.574009668681,-0.0119642634705,0.0,-0.00855457814022,0.00863979139855,-0.999926083867,0.0,0.658221057182,0.256369946533,0.303433044991,1.0,-0.0119,-0.01564,0.596
0.462364003184,0.527548531247,-0.124019115932,-1.38746845427,0.0777185217771,1.90576004389,0.155179790878,-0.0101488504947,-0.0667510528025,0.000555170103861,-0.102889079772,-0.00540301178851,0.0344875769472,-0.0175881237177,0.574053304454,0.818803176844,0.00221543149369,0.0,0.818762068668,-0.573992199131,-0.0119321896036,0.0,-0.00849863798414,0.00866379094889,-0.999926353227,0.0,0.658011235178,0.256098044607,0.303455432566,1.0,-0.01226,-0.0161131428571,0.614
0.462214884408,0.52639152737,-0.124021978925,-1.38927530672,0.077596040268,1.90643377783,0.154942490725,-0.00930858443452,-0.0656642547958,3.44879796196e-05,-0.109350788706,-0.00542270186019,0.0389782059589,-0.00498165700088,0.57404767404,0.818807092257,0.00222721793824,0.0,0.81876624996,-0.57398663655,-0.011912845554,0.0,-0.00847609228636,0.00866227893629,-0.999926557695,0.0,0.657798121989,0.255824907581,0.303468106316,1.0,-0.0126,-0.01656,0.631
0.462066459086,0.525266202652,-0.124033536811,-1.39098993671,0.0774888362665,1.90704585268,0.154708058794,-0.0125269228019,-0.0730894679607,-0.000845019940326,-0.107768732053,-0.0085950939543,0.0355179224144,-0.015719264747,0.574048696745,0.818806330934,0.00224345463318,0.0,0.818765733321,-0.573987628088,-0.0119005732074,0.0,-0.00845671229825,0.00866853921437,-0.999926667534,0.0,0.657593919568,0.255556026314,0.303497019391,1.0,-0.01292,-0.0169805714286,0.647
0.46191238501,0.524106239159,-0.124048743894,-1.39286345478,0.0773684759516,1.9077202002,0.154433136233,-0.00855914578288,-0.0656809310124,-0.00079931277753,-0.113195585528,-0.0109574095189,0.0391494838485,-0.0210912823706,0.574028692761,0.818820466535,0.00220235605684,0.0,0.818779401301,-0.573967860604,-0.0119136014496,0.0,-0.00849118258445,0.00864215922823,-0.999926603758,0.0,0.657368167891,0.25526503443,0.303479937297,1.0,-0.01326,-0.0174274285714,0.664
0.461765154225,0.522981946924,-0.124050651918,-1.39468091251,0.0772567815808,1.90840411511,0.154201157437,-0.0102670653371,-0.0700361178587,0.0013099927992,-0.115016687164,-0.0126342167294,0.0464617120703,-0.0191711177704,0.574028146407,0.818820879586,0.0021911612509,0.0,0.818779672904,-0.573967363952,-0.0119188614489,0.0,-0.00850192125639,0.00863600650696,-0.999926565667,0.0,0.657150738782,0.254994528761,0.303464584124,1.0,-0.01358,-0.017848,0.68
0.461605469943,0.521737226265,-0.124053852597,-1.39663318737,0.0771496253327,1.9091795688,0.153940335248,-0.00837908055176,-0.0733401451071,0.000689035705196,-0.117904623516,-0.000873569662797,0.0495394222989,-0.0193014914821,0.574023588917,0.818823910582,0.00225160559454,0.0,0.818783453388,-0.573962526095,-0.0118920981116,0.0,-0.00844535964528,0.0086700891682,-0.999926750044,0.0,0.656925635482,0.254707595693,0.303477365377,1.0,-0.01392,-0.0182948571429,0.697
0.461439472758,0.520486884488,-0.124064180893,-1.39865156277,0.077014090157,1.9099197836,0.15366153419,-0.01082408514,-0.0780817816342,-0.00502095048504,-0.118869374356,-0.010427319924,0.0385736083425,-0.0176985657984,0.574009632439,0.818833788325,0.00221717524359,0.0,0.818792996248,-0.573948824873,-0.0118963281311,0.0,-0.00846873335454,0.00864418092609,-0.999926776665,0.0,0.65668213259,0.254397736673,0.303459435923,1.0,-0.01426,-0.0187417142857,0.714
0.461269459245,0.519080660227,-0.124057538764,-1.40083941771,0.0768801212372,1.9107027151,0.153366509391,-0.00957643629149,-0.080673388891,0.000432579590289,-0.115854761594,-0.00667591566744,0.0434570069287,-0.0127266419843,0.573982612853,0.81885272029,0.00222025154376,0.0,0.818811871701,-0.573921697777,-0.0119059011962,0.0,-0.00847509221833,0.00865191517535,-0.999926655898,0.0,0.65640756546,0.254080266997,0.303473040381,1.0,-0.01462,-0.0192148571429,0.732
0.461099097671,0.517802401874,-0.12406275097,-1.4028252783,0.0767516995666,1.91141944781,0.153092748067,-0.00579670725396,-0.0748412835873,0.00432082031806,-0.128361543928,-0.00423355775586,0.0442751952215,-0.0175418562984,0.573972157259,0.818860040933,0.00222327605454,0.0,0.818819266715,-0.573911267102,-0.0119001197553,0.0,-0.0084687324217,0.00865096523417,-0.999926718001,0.0,0.65616589798,0.253774413393,0.303487183915,1.0,-0.01494,-0.0196354285714,0.748
0.460914532611,0.51646151851,-0.12406807565,-1.40495767975,0.0766115964756,1.91220833858,0.152797525167,-0.0117202075608,-0.0746872440541,0.000134715548691,-0.121170055373,-0.00634877125707,0.0465627924336,-0.0130279319253,0.573960298285,0.818868380701,0.00221313854053,0.0,0.818827550685,-0.573899527992,-0.0118962561726,0.0,-0.00847151196754,0.00864032390478,-0.999926786464,0.0,0.655909118406,0.253445655368,0.303481423581,1.0,-0.01528,-0.0200822857143,0.765
0.460744992788,0.515236626898,-0.124072328898,-1.40688802711,0.0764994648646,1.91292927348,0.152533567397,-0.0117777063916,-0.077714445316,-1.89443557092e-05,-0.129305210563,-0.00284799103628,0.0405427775038,-0.0175438328847,0.573957711491,0.81887015508,0.00222742928765,0.0,0.818829459034,-0.573896831158,-0.0118950033932,0.0,-0.00846231158916,0.00865128020833,-0.999926769635,0.0,0.655677336792,0.253149763473,0.303484201646,1.0,-0.01558,-0.0204765714286,0.78
0.46055950274,0.513837608768,-0.124076217461,-1.40913586356,0.0763593896335,1.91372520459,0.152227030189,-0.0110227314795,-0.0857456014732,0.000621488194375,-0.134829588319,-0.0145095269817,0.0490605048015,-0.0123867237466,0.573941617495,0.818881563039,0.00217998227096,0.0,0.818840194564,-0.573880874795,-0.0119257792582,0.0,-0.00851491456524,0.00862992429704,-0.999926507618,0.0,0.655394430785,0.252808928085,0.303464051803,1.0,-0.01592,-0.0209234285714,0.797
0.460340084714,0.512273028114,-0.124084407985,-1.41167145635,0.076209058168,1.91462157166,0.151875276669,-0.0123141192517,-0.0890733512753,-0.000311259861203,-0.135005849629,-0.00771913481772,0.0448647191587,-0.0243109275245,0.573931349825,0.818888924823,0.00211692975277,0.0,0.818846614986,-0.573870746606,-0.0119722269193,0.0,-0.00858924534153,0.0086048427883,-0.999926088041,0.0,0.655076627176,0.25241660008,0.303431345333,1.0,-0.0163,-0.0214228571429,0.816
0.460147004938,0.510829650341,-0.124087859916,-1.41397263798,0.0760696621455,1.91549852941,0.151543304537,-0.0119960763209,-0.090547845508,-0.000859908466677,-0.13188158025,-0.00698723182006,0.053177450892,-0.0205942315532,0.573902969685,0.81890877839,0.00213095391179,0.0,0.818866647368,-0.573842307937,-0.0119652142058,0.0,-0.00857575254745,0.00861200485887,-0.999926142193,0.0,0.654798285596,0.252070970007,0.30342294468,1.0,-0.01664,-0.0218697142857,0.833
0.459957295765,0.509429066507,-0.124089023931,-1.41620388824,0.0759337354413,1.91633361257,0.151235805488,-0.0120894954458,-0.0924597753509,-0.000239050368513,-0.143369546872,-0.00786463387036,0.0530884917679,-0.0204891912131,0.573887028837,0.818919943891,0.00213319752256,0.0,0.81887781188,-0.57382632945,-0.011967445071,0.0,-0.00857645966516,0.00861495547875,-0.999926110711,0.0,0.6545246881,0.251734428176,0.303413704363,1.0,-0.01696,-0.0222902857143,0.849
0.459722970567,0.5077410858,-0.124093936786,-1.4188572961,0.0757601554257,1.91727587299,0.150865053934,-0.00846394342485,-0.0865278349704,-0.000426806276816,-0.136491317726,-0.0101915857944,0.049518729605,-0.0156792509029,0.573869343322,0.818932404375,0.00210731123095,0.0,0.818889948099,-0.573808766827,-0.0119791033056,0.0,-0.00860104781036,0.00860026171377,-0.999926026001,0.0,0.654192258732,0.251321549154,0.303413447618,1.0,-0.01734,-0.0227897142857,0.868
0.459538794557,0.506459631982,-0.124091375002,-1.42087287366,0.0756309618646,1.91800924475,0.150598737782,-0.012811458067,-0.0965291676773,0.000892813838879,-0.145822962677,-0.0118331880117,0.0546894811953,-0.0189893301747,0.573862686323,0.81893707335,0.00210571611648,0.0,0.818894554568,-0.57380207562,-0.011984715856,0.0,-0.00860662955403,0.00860210631439,-0.999925962107,0.0,0.653961729525,0.25103619672,0.30341126645,1.0,-0.0176,-0.0231314285714,0.881
0.459312249686,0.504850870657,-0.124103191042,-1.42332277063,0.0754795124847,1.91896871471,0.1502515146,-0.0155558038505,-0.100479735935,-0.00112605467169,-0.142416754768,-0.0112757361749,0.0639214917078,-0.0174934609467,0.573864935014,0.818935250824,0.00219959567418,0.0,0.818894092685,-0.573804076668,-0.0119202963715,0.0,-0.00849997758491,0.00864204239254,-0.999926530043,0.0,0.653656494368,0.250625259507,0.303455394706,1.0,-0.01796,-0.0236045714286,0.899
0.459087250877,0.503185694791,-0.124107090289,-1.42580367438,0.0753255353674,1.91989791715,0.149905020793,-0.00735920786788,-0.100866388655,-0.00210250111516,-0.146391608409,-0.00888922388587,0.0550814847972,-0.0126064196962,0.573854099745,0.818942580428,0.00229544543447,0.0,0.818902694032,-0.573792885019,-0.0118680120437,0.0,-0.00840227191916,0.00869042113493,-0.999926936534,0.0,0.653355460224,0.250241698986,0.30351826598,1.0,-0.0183,-0.0240514285714,0.916
0.458866021079,0.501597364109,-0.124109247498,-1.42816943482,0.0751736343421,1.92076801407,0.149570133812,-0.0176175211464,-0.0940492068878,-0.00120612546799,-0.152860475685,-0.0112291033302,0.0535803236674,-0.0276158671115,0.573842467061,0.818950513386,0.00237202961349,0.0,0.81891165808,-0.57378099255,-0.0118243710207,0.0,-0.00832270944979,0.00872797698234,-0.999927274818,0.0,0.653065793652,0.249870726674,0.303576479822,1.0,-0.01862,-0.024472,0.932
0.458615536298,0.499762468562,-0.124107570513,-1.4309315928,0.0749971476881,1.92174270626,0.149183553461,-0.0149739147001,-0.106079008436,-0.00180506239079,-0.153144645899,-0.0169904454035,0.0632532539147,-0.0199673916281,0.573822574159,0.818964333543,0.0024126067736,0.0,0.818925951708,-0.573760890185,-0.0118098863193,0.0,-0.00828777583397,0.00875269418291,-0.999927348919,0.0,0.652714644422,0.249442432267,0.303626382108,1.0,-0.01898,-0.0249451428571,0.95
0.458359010454,0.49809612433,-0.124110006995,-1.4335638903,0.0748253517863,1.92272037218,0.148812096448,-0.0140014628291,-0.100283754293,-0.000728234539918,-0.158518294753,-0.00374946334321,0.0563395148936,-0.029314201107,0.573817545398,0.81896784835,0.00241554616253,0.0,0.818929554035,-0.573755902993,-0.0118023815029,0.0,-0.00827999653076,0.00875074420444,-0.999927430433,0.0,0.652391907449,0.249021994003,0.303620366289,1.0,-0.01932,-0.025392,0.967
0.45812808805,0.496633226844,-0.124110332757,-1.4359223791,0.0746843663122,1.92355094228,0.14845513803,-0.0149993915853,-0.0961220452107,-0.000108419586923,-0.156420041138,-0.00675252023756,0.0509377621239,-0.0242764657917,0.573795860065,0.818983194591,0.00236322890133,0.0,0.818944063658,-0.573734256569,-0.0118477989042,0.0,-0.00834744353277,0.00873373839345,-0.999927018337,0.0,0.652090984863,0.248644447606,0.303589533302,1.0,-0.01962,-0.0257862857143,0.982
0.457838752251,0.494856380944,-0.124103027507,-1.43881181683,0.0745091059211,1.92455207098,0.148038776002,-0.0154476390039,-0.0960021589591,0.000629285542962,-0.15863270132,-0.00977566381788,0.0472083787486,-0.0224161911729,0.573784805143,0.818991196038,0.00227268568027,0.0,0.818950649528,-0.573723314362,-0.0119222101936,0.0,-0.00846045531489,0.00870216801056,-0.999926343771,0.0,0.651717286142,0.248180700518,0.30353875015,1.0,-0.01998,-0.0262594285714,1.0
0.457555433502,0.493086566196,-0.12412155478,-1.44164607736,0.0743263348882,1.92559131185,0.147651931309,-0.0156528071441,-0.108524534599,-0.00177779892529,-0.172008516102,-0.0118253723284,0.071585588559,-0.0314331175936,0.573806331364,0.818976200474,0.00224143810912,0.0,0.818935320905,-0.573745039547,-0.011929655118,0.0,-0.00848425297313,0.00868107161243,-0.99992632551,0.0,0.651367684104,0.247713639315,0.30351266099,1.0,-0.0223205714286,-0.0293356081633,1.017
0.457280490185,0.491230357591,-0.124145108155,-1.44460437062,0.0741411011725,1.92666837108,0.147224929084,-0.0199647689667,-0.126641481237,-0.000189517519327,-0.193940687293,-0.0141342551868,0.0614040371864,-0.0227049896293,0.573796724483,0.818983008577,0.00221303754672,0.0,0.818941790838,-0.573735581435,-0.0119403817384,0.0,-0.00850943520907,0.00866386766857,-0.999926260736,0.0,0.650995482671,0.247237846145,0.303490343881,1.0,-0.0246611428571,-0.0324117877551,1.033
0.456937732455,0.489072482479,-0.124158281513,-1.4480968601,0.0739377733864,1.92790113498,0.146719746814,-0.0261417492009,-0.134478714301,-0.00212425828437,-0.207591498966,-0.00771743676116,0.0801429234605,-0.0308000477054,0.573792284466,0.818986336819,0.00213103086012,0.0,0.81894381045,-0.573731238654,-0.0120103297057,0.0,-0.00861382279745,0.00863679533687,-0.999925601144,0.0,0.65054583722,0.24667254789,0.303435972468,1.0,-0.027148,-0.0356802285714,1.05
0.456525135095,0.486477314458,-0.124188328851,-1.45210174231,0.0736848817002,1.92944436659,0.14613261072,-0.023643700466,-0.149862569736,-0.00139750112411,-0.230256253909,-0.018858496925,0.0872969367947,-0.0325409578596,0.57380143957,0.818979651398,0.00223281069646,0.0,0.818938654617,-0.573740178327,-0.0119345987769,0.0,-0.00849330386113,0.00867679200178,-0.999926285818,0.0,0.650065948425,0.24601009126,0.303467524872,1.0,-0.0297811428571,-0.0391409306122,1.068
0.456069508601,0.483669104278,-0.12421363566,-1.45641887226,0.073413910183,1.93098575276,0.14547292019,-0.0266431189477,-0.160247935671,-0.00340980905234,-0.244682463255,-0.0218183207264,0.089414550228,-0.0334802372887,0.573791489582,0.818986556422,0.0022569414071,0.0,0.818945847128,-0.573730104688,-0.0119253237752,0.0,-0.00847196773475,0.00869112941646,-0.999926342303,0.0,0.649522248326,0.245285860937,0.303496356965,1.0,-0.0324142857143,-0.0426016326531,1.086
0.45564761524,0.48110893349,-0.124256345191,-1.46037564499,0.0731667116479,1.93237099839,0.144882739401,-0.0301247284519,-0.174640446877,-0.00277448926168,-0.270390910979,-0.0197995330246,0.0973077047462,-0.0408780395865,0.573810890746,0.818973005933,0.00224145379516,0.0,0.818932095297,-0.573749566294,-0.0119333721603,0.0,-0.00848723993186,0.00868326454163,-0.99992628112,0.0,0.649020485174,0.244606413427,0.303509964909,1.0,-0.0346085714286,-0.0454855510204,1.101
0.455209632333,0.478425283748,-0.124279423249,-1.46451512521,0.0729144703747,1.93387408752,0.144277018696,-0.0270002493299,-0.181657708124,-0.00179513912117,-0.279974149108,-0.0191881838899,0.0994130551929,-0.0390405211035,0.573823389295,0.818964137954,0.00228156596598,0.0,0.818923679962,-0.573761830055,-0.0119212277587,0.0,-0.0084541453192,0.00870927539452,-0.999926335261,0.0,0.648497530986,0.243915462648,0.303530225914,1.0,-0.0368028571429,-0.0483694693878,1.116
0.454605429654,0.474786975013,-0.12431093019,-1.47007376164,0.0725828401487,1.93594346548,0.143481980501,-0.0326091471895,-0.19742873639,-0.00507265623878,-0.301039530846,-0.0157870624194,0.110441490913,-0.0402096084672,0.573869193695,0.81893167276,0.00241055592809,0.0,0.818892829608,-0.573807053111,-0.0118636553441,0.0,-0.00833248954877,0.00878234237878,-0.999926717355,0.0,0.647805303843,0.242982422605,0.30358308294,1.0,-0.0395822857143,-0.0520224326531,1.135
0.454015855033,0.471337528875,-0.124326564284,-1.4753992993,0.0722503942207,1.93779928328,0.142694179697,-0.0377185306133,-0.209228980652,-0.0012476142055,-0.32451794788,-0.0194591401739,0.10839163921,-0.0435543922804,0.573885878432,0.818919987114,0.00240834870102,0.0,0.818880900293,-0.573823517901,-0.0118906829395,0.0,-0.00835571166897,0.0087962151308,-0.999926401633,0.0,0.64706872464,0.242025740349,0.303602105018,1.0,-0.0422154285714,-0.0554831346939,1.153
0.453405101736,0.467627960399,-0.12433260482,-1.48093053434,0.0719055839939,1.9399165745,0.141796933556,-0.0376946185402,-0.222577715904,-0.00145975007883,-0.331363906799,-0.0207615672864,0.12406325606,-0.0555440966755,0.573822110103,0.818963928605,0.00264886797359,0.0,0.81892802239,-0.573758906751,-0.011762566476,0.0,-0.0081134622683,0.00891902464553,-0.999927308723,0.0,0.646422647541,0.241164239481,0.303706469853,1.0,-0.044556,-0.0585593142857,1.169
0.45283096322,0.464231337618,-0.124344728795,-1.48613844987,0.071550727662,1.94172376612,0.140991424159,-0.0394636708348,-0.231824420416,-0.00365130928351,-0.359147221308,-0.0250592485409,0.12452804823,-0.0567560606546,0.573782524276,0.818991734911,0.00262676305773,0.0,0.818955480853,-0.573719340292,-0.011780740905,0.0,-0.00814146141213,0.00891095682088,-0.999927153074,0.0,0.645681066709,0.240224508665,0.303724037586,1.0,-0.0468965714286,-0.0616354938775,1.185
0.452059487946,0.459757738664,-0.12434899485,-1.49312162661,0.0710824427289,1.94412873756,0.13996846214,-0.0390121163505,-0.245528395569,-0.00096535048976,-0.362353725096,-0.0252396496889,0.129647544926,-0.0620913383816,0.573783155446,0.818991573228,0.00253779617898,0.0,0.818954033845,-0.573720163704,-0.011841077207,0.0,-0.00824191629367,0.00887271988893,-0.99992667014,0.0,0.644791537432,0.239104547178,0.303693144882,1.0,-0.0495297142857,-0.0650961959184,1.203
0.451357651004,0.455864720287,-0.12435326583,-1.49922410313,0.0706735491563,1.94631553617,0.139019003456,-0.0476476927283,-0.245687293855,-0.000422107810376,-0.390717985307,-0.0218491274415,0.14171259616,-0.0611932510911,0.573753222403,0.819012635321,0.00250796091331,0.0,0.818974660169,-0.573690297094,-0.0118615312439,0.0,-0.00827611046229,0.00885971878752,-0.999926502988,0.0,0.643985371202,0.238064208027,0.303655890863,1.0,-0.0518702857143,-0.0681723755102,1.219
0.450608675362,0.451724181896,-0.124391983088,-1.50551487631,0.0702378206007,1.94859525958,0.138002379017,-0.0461734345614,-0.271981946325,-0.00596261625171,-0.394484082312,-0.0346831176944,0.156935706939,-0.063206554586,0.573730015737,0.819028622305,0.00259456924668,0.0,0.818992062002,-0.573667079353,-0.0117826713671,0.0,-0.00816208328031,0.00888517491334,-0.999927214383,0.0,0.643170130282,0.236957378176,0.303703867226,1.0,-0.0542108571429,-0.071248555102,1.235
0.449775782532,0.447114970554,-0.124446869775,-1.51249306495,0.0697693268028,1.95106150855,0.136963969545,-0.0574342997758,-0.274973857261,-0.000880042191717,-0.418520069446,-0.0323755406133,0.141257762217,-0.0586893146894,0.573788558249,0.818987399304,0.00266028286893,0.0,0.818951829124,-0.573725524658,-0.0117333213726,0.0,-0.00808332580048,0.00891126064472,-0.99992762202,0.0,0.642247669633,0.235721219184,0.303758275168,1.0,-0.0566977142857,-0.0745169959184,1.252
0.448842228932,0.442090487484,-0.124465998023,-1.52030521357,0.0692299781317,1.95367494236,0.135771850064,-0.0523201186833,-0.284195930147,2.11161199369e-05,-0.439107009893,-0.0336279715377,0.15154963557,-0.0754952412405,0.573789951139,0.818986928366,0.00250000781393,0.0,0.818949060654,-0.573727277211,-0.0118403690664,0.0,-0.00826294390359,0.00884143406392,-0.99992677372,0.0,0.641163131116,0.234350142439,0.303706966154,1.0,-0.0593308571429,-0.0779776979592,1.27
0.44801947544,0.437804024185,-0.124486237923,-1.52697061084,0.0687814022847,1.95599999591,0.134669023121,-0.0569845351493,-0.284437438033,-0.00126476045996,-0.451527232382,-0.023814971576,0.158152986591,-0.0752283862544,0.573745865257,0.81901797588,0.00244625971375,0.0,0.818979276368,-0.573683262715,-0.0118830072694,0.0,-0.00832917866961,0.0088214321377,-0.99992640085,0.0,0.640254698649,0.233170740344,0.303666553135,1.0,-0.0615251428571,-0.0808616163265,1.285
0.446970270744,0.432351009297,-0.124510337054,-1.53504115099,0.0682376256157,1.95901182939,0.133352040408,-0.0608199307557,-0.301407886255,-0.00273710769634,-0.460777674937,-0.0361038486743,0.169226671247,-0.0771776493421,0.573746554617,0.819016471664,0.00276714808654,0.0,0.818982216727,-0.573683068094,-0.0116881550482,0.0,-0.00798547924894,0.00897245651029,-0.999927860971,0.0,0.639202822242,0.231726848854,0.303806729796,1.0,-0.0641582857143,-0.0843223183673,1.303
0.445983821038,0.427466574259,-0.124562203896,-1.54266790977,0.0676672790967,1.96152243143,0.132148166319,-0.0595629077583,-0.310283447175,-0.00273080601899,-0.486215340091,-0.0284164639642,0.152170927893,-0.07276208424,0.57377408835,0.818997941834,0.00253253031628,0.0,0.818960780076,-0.573711598007,-0.0117893982738,0.0,-0.00820270883452,0.00883866442181,-0.999927294146,0.0,0.638131145094,0.230317507818,0.303722675226,1.0,-0.0664988571429,-0.0873984979592,1.319
0.4448992748,0.421999993531,-0.124638739524,-1.55102713505,0.0670553386962,1.96426924288,0.13076402933,-0.0637390159926,-0.323474360443,-0.00796947053596,-0.495456973806,-0.0419430979551,0.153240495989,-0.0912658220874,0.573767413705,0.819003088072,0.0023756260992,0.0,0.818964017089,-0.573705659647,-0.0118533414752,0.0,-0.00834517380429,0.00874678177794,-0.999926923271,0.0,0.636950700967,0.228764937363,0.303700285001,1.0,-0.0689857142857,-0.0906669387755,1.336
0.443742549379,0.416358316945,-0.124669687971,-1.55939014668,0.0664754057071,1.96731917767,0.129433551453,-0.0715164292828,-0.340222212518,-0.00113331276838,-0.488037710028,-0.0317861920126,0.190583387885,-0.0791874960145,0.573836335311,0.818954002287,0.00263615562491,0.0,0.81891856212,-0.573773869744,-0.0116911041181,0.0,-0.00806207451444,0.00886774784836,-0.999928180422,0.0,0.635827399671,0.227221924018,0.303811635465,1.0,-0.0714725714286,-0.0939353795918,1.353
0.442536429715,0.410627913902,-0.124683443511,-1.56805569982,0.0658824671626,1.97034621745,0.127920160597,-0.0688700950866,-0.344181454223,-0.000934235746147,-0.518766605056,-0.0426743500339,0.16234134296,-0.0835129348245,0.573786079754,0.818988969847,0.00271087636039,0.0,0.818954319291,-0.573723158704,-0.0116750581079,0.0,-0.00800660541636,0.0089192414501,-0.999928168121,0.0,0.634617550177,0.225623861159,0.303829406446,1.0,-0.0739594285714,-0.0972038204082,1.37
0.441350316085,0.405101810679,-0.12475201514,-1.57659778815,0.0652643009565,1.97310327911,0.126564594859,-0.0755149575716,-0.346438051951,-0.010981797059,-0.536113965782,-0.0387230822458,0.170055115154,-0.0826186004029,0.573869373293,0.81893137388,0.00246863779566,0.0,0.818893420521,-0.573807152494,-0.0118179725724,0.0,-0.00826174555534,0.00880369326061,-0.999927116617,0.0,0.633375149981,0.224000491452,0.303738801449,1.0,-0.0763,-0.10028,1.386
0.439948476441,0.398642247585,-0.124813767685,-1.58620253503,0.0645974600705,1.97650387069,0.124904059332,-0.0809067076595,-0.362393586563,-0.00358533086044,-0.532015142887,-0.0420202488789,0.192580202444,-0.0908596711237,0.57389953088,0.818909609066,0.00266974456076,0.0,0.818874387259,-0.573836698335,-0.0117016424673,0.0,-0.00805074505596,0.00890192395345,-0.999927968033,0.0,0.632039967205,0.222171149837,0.303817771591,1.0,-0.0789331428571,-0.103740702041,1.404
