position_joint1,position_joint2,position_joint3,position_joint4,position_joint5,position_joint6,position_joint7,velocity_joint1,velocity_joint2,velocity_joint3,velocity_joint4,velocity_joint5,velocity_joint6,velocity_joint7,ee_T_00,ee_T_10,ee_T_20,ee_T_30,ee_T_01,ee_T_11,ee_T_21,ee_T_31,ee_T_02,ee_T_12,ee_T_22,ee_T_32,ee_T_03,ee_T_13,ee_T_23,ee_T_33,v_x,v_y,time
0.465075717741,0.547879413304,-0.123944305317,-1.3558600294,0.0794684149027,1.89409779658,0.159164839921,-0.00194467315008,-0.00214215639835,0.00127963142394,-0.000621350197915,-9.87571538844e-05,0.000133246425902,-7.49769303348e-05,0.573771069239,0.819001935388,0.00182670098489,0.0,0.818957204412,-0.57371304259,-0.0119661608504,0.0,-0.00875247522793,0.00836198783186,-0.999926732984,0.0,0.661658796418,0.26090757297,0.303130170406,1.0,0.0,0.0,0.0
0.465078620689,0.547882113421,-0.123945918462,-1.35585753289,0.0794673504598,1.89409674589,0.159163212202,0.000722804595571,7.28584871484e-05,0.000356129121033,0.00118447318582,-7.87867725938e-05,-0.00034495537208,0.000692754518227,0.573768064691,0.819004045055,0.00182456179259,0.0,0.818959305357,-0.573710065886,-0.0119650897,0.0,-0.00875285591708,0.00835958916723,-0.999926749708,0.0,0.661658760391,0.26090857683,0.303129405968,1.0,-0.00014,-0.000184,0.008
0.4650764334,0.547872618694,-0.123947980893,-1.35586404556,0.0794667399459,1.89409600167,0.159169168081,-0.000264710966702,-0.00376063715217,0.000295934920384,-0.00253197121262,-0.000414863561269,-2.10735886749e-05,0.00152906391463,0.573776346713,0.818998239588,0.00182603559175,0.0,0.818953528569,-0.573718349624,-0.0119632876151,0.0,-0.00875044984366,0.00835985070665,-0.99992676858,0.0,0.661658449598,0.260905138901,0.30313303508,1.0,-0.0005,-0.000657142857143,0.026
0.465073315508,0.547855191786,-0.123950895295,-1.35588122048,0.0794673502975,1.89409710528,0.159165196409,-0.000501021773479,-0.00112515265915,-0.00278434212464,-0.000142184875072,-0.000210219756198,-8.35853914028e-05,-0.000174490126982,0.573778760199,0.818996544818,0.00182779166227,0.0,0.818951849594,-0.573720748512,-0.0119631799219,0.0,-0.0087493294722,0.00836125288616,-0.99992676666,0.0,0.661656642611,0.260899753998,0.303137399898,1.0,-0.00084,-0.001104,0.043
0.465077780576,0.547784175293,-0.123943415626,-1.35595400165,0.0794635411631,1.89411238302,0.159164471129,0.000331736417926,-0.00673765913525,0.00124707241243,-0.00628846414562,-0.000343399486523,0.000338849117842,-0.00054822274087,0.573772228236,0.819001088013,0.00184250926499,0.0,0.81895652528,-0.573714097592,-0.0119620577741,0.0,-0.00874003306434,0.00837259272716,-0.999926753074,0.0,0.661642216749,0.260899754716,0.303154141442,1.0,-0.00116,-0.00152457142857,0.059
0.465080008798,0.547652178271,-0.123947815481,-1.35613031283,0.0794638750479,1.89413979789,0.159155317542,-0.000303008480524,-0.00819633959307,-0.0047653320347,-0.0087268856269,-0.000240899220442,0.0037299624472,-0.00113224917232,0.573775646372,0.818998710317,0.00183494676818,0.0,0.818953918878,-0.573717423198,-0.0119809838263,0.0,-0.00875983802455,0.00837729487472,-0.999926540386,0.0,0.661611159853,0.260881400958,0.303166261174,1.0,-0.0015,-0.00197142857143,0.076
0.465056771359,0.547504065366,-0.123943890238,-1.35633971925,0.0794604067709,1.89421473557,0.1591571435,-0.00308906726228,-0.0173034964902,0.00137786252227,-0.0114143110951,-0.000196210896667,0.00743227111755,0.000968622162059,0.573804197203,0.818978667523,0.00185265116382,0.0,0.818934000295,-0.573745792278,-0.0119839853357,0.0,-0.00875184603216,0.00839382172063,-0.999926471771,0.0,0.661587360446,0.260849917728,0.303177885558,1.0,-0.00184,-0.00241828571429,0.093
0.465039607131,0.54734463488,-0.123946287007,-1.35653892571,0.079453964812,1.89433462234,0.159145671813,-0.000735331028149,-0.0136741624969,0.000776583232608,-0.0169420674166,0.000176716231331,0.00519391112888,-0.0046362976218,0.573820253432,0.81896725773,0.00192208690906,0.0,0.818923521456,-0.573761576153,-0.0119443140203,0.0,-0.0086793495886,0.00842809374523,-0.999926815385,0.0,0.661575201435,0.26082273795,0.303206482463,1.0,-0.00216,-0.00283885714286,0.109
0.465016264735,0.547134419167,-0.123944135104,-1.35678137386,0.0794554575919,1.89445985943,0.159125390929,-0.000857862140496,-0.0122618900873,0.000244855889172,-0.0164010303798,0.00539612149017,0.00264662404852,-0.00153753383178,0.573835378735,0.818956447347,0.00201056284784,0.0,0.818913757085,-0.573776226761,-0.0119099522668,0.0,-0.00860028461409,0.00848099283068,-0.999927051272,0.0,0.661555648629,0.260791288716,0.303250792504,1.0,-0.0025,-0.00328571428571,0.126
0.464986798629,0.546905378618,-0.123948538485,-1.35713962646,0.0794448756992,1.89459751138,0.159108290245,-0.000585854376158,-0.0165534298944,-0.00055047393993,-0.0221911381658,-0.000647313817185,0.00775150486706,-0.000869144471553,0.573865864211,0.81893505743,0.00202200554513,0.0,0.818892445356,-0.573806591413,-0.0119124090922,0.0,-0.00859541480279,0.00849209350304,-0.999926998932,0.0,0.661516254696,0.260737363518,0.303254581849,1.0,-0.00286,-0.00375885714286,0.144
0.464955069393,0.54665302365,-0.123945873036,-1.3575132424,0.0794362141647,1.89474361823,0.15901331207,0.000455250412608,-0.023365114724,-0.000327607713699,-0.0235637492572,0.000492231083071,0.0139626063617,-0.00952742738535,0.573830844673,0.818959521769,0.00205190336862,0.0,0.818917164379,-0.573771319901,-0.0119120630214,0.0,-0.00857833929078,0.00851601203319,-0.999926942148,0.0,0.661474476457,0.260685404518,0.303268061832,1.0,-0.00318,-0.00417942857143,0.16
0.464913621184,0.546366306543,-0.12394880192,-1.3579728249,0.0794169599846,1.89489751813,0.158934165585,6.9728487037e-05,-0.018310130254,-0.0013968244206,-0.0338880495215,-0.000466623957928,0.0118706114959,-0.00186814613798,0.573822518495,0.818965385019,0.00204017417965,0.0,0.818922784606,-0.573762953565,-0.0119286575506,0.0,-0.00859874681307,0.00851584139454,-0.999926768318,0.0,0.661419805755,0.260612830909,0.303265786271,1.0,-0.00352,-0.00462628571429,0.177
0.464865484013,0.546058490847,-0.123948427419,-1.3584945816,0.0793825748222,1.895078168,0.158914203626,0.000518475587086,-0.0171995245634,0.00135774205742,-0.0319107795209,-0.00671632651961,0.0160701275572,-0.000388308882314,0.573865329061,0.818935463798,0.00200926287704,0.0,0.818892465858,-0.573805892217,-0.0119446355754,0.0,-0.0086291249344,0.0085001461111,-0.999926640169,0.0,0.661358541113,0.260530007051,0.303251026722,1.0,-0.00386,-0.00507314285714,0.194
0.464818107576,0.545728294468,-0.123946405718,-1.35904497704,0.0792898346356,1.89525725864,0.158828228005,-0.00370329170986,-0.0184892984587,-0.000333127921407,-0.0368582297897,-0.00262976534135,0.0150318507798,0.000987394515831,0.573838276101,0.818954582154,0.00194220282811,0.0,0.818911202733,-0.57377960451,-0.0119228515135,0.0,-0.00865004404887,0.00843244256327,-0.999927032663,0.0,0.661293619509,0.260435980686,0.303238162819,1.0,-0.00418,-0.00549371428571,0.21
0.464748312291,0.545344632694,-0.123951998057,-1.35971457098,0.0792702212799,1.8954813252,0.158728191219,-0.00274417384157,-0.0264202215813,-0.000206446011874,-0.0409983709605,-0.000472796937984,0.0103275776485,-0.00292249034598,0.573849506172,0.818946814102,0.00189916835663,0.0,0.818902669846,-0.573790816398,-0.0119692622309,0.0,-0.00871263155449,0.00842395144535,-0.99992656085,0.0,0.661215111606,0.26032416988,0.303210686536,1.0,-0.00452,-0.00594057142857,0.227
0.464691177888,0.544912181285,-0.123954366169,-1.36041466819,0.0792505026735,1.89571645893,0.158662096976,-0.00492687239856,-0.0319266578083,-0.000976094493176,-0.0388664645365,-0.00100631644143,0.00754174554674,-0.00833349842214,0.573877504943,0.81892723091,0.00188326727898,0.0,0.818882645226,-0.573818653835,-0.0120046973949,0.0,-0.00875048817471,0.00843156301338,-0.999926166125,0.0,0.661128981097,0.26022036241,0.303204044846,1.0,-0.00486,-0.00638742857143,0.244
0.464619305054,0.544490677995,-0.12395047597,-1.36110338506,0.0792268916647,1.89597603356,0.158547185485,-0.00238525675246,-0.0281475037545,-0.00070750754451,-0.0455909768923,-0.000973725498393,0.0135502588214,-0.00627940041723,0.573871728153,0.818931270755,0.00188687766316,0.0,0.818886542915,-0.573812679805,-0.012024359823,0.0,-0.00876457868682,0.00844574148475,-0.999925923062,0.0,0.661052589401,0.260112678812,0.303196939964,1.0,-0.00518,-0.006808,0.26
0.464547736821,0.543939158146,-0.123955766742,-1.36202025776,0.0791776930616,1.89628776868,0.158487285822,-0.00292858415019,-0.0298334848577,0.000194077074323,-0.0542885819248,-0.00186224577483,0.0208238345608,-0.00103710230176,0.573922833958,0.818895557058,0.00184233377462,0.0,0.818850172539,-0.573863901256,-0.0120567271452,0.0,-0.00881612118218,0.00842838861324,-0.99992561637,0.0,0.660940874258,0.259973901149,0.303177992827,1.0,-0.00556,-0.00730742857143,0.279
0.464464176315,0.543404752726,-0.123961094581,-1.36286588774,0.0791301741418,1.89658179901,0.158343582926,-0.00653270832591,-0.0300882501299,-0.00146546996181,-0.0503950715919,-0.000251572321031,0.0202389285118,-0.00136644736661,0.573911604781,0.818903456876,0.00182896564469,0.0,0.818857854599,-0.573852691082,-0.0120685459485,0.0,-0.00883358721353,0.00842410364673,-0.999925498332,0.0,0.660844480535,0.259834492442,0.303179240107,1.0,-0.0059,-0.00775428571429,0.296
0.464387664483,0.542874871533,-0.123961204352,-1.36369317529,0.0790810965029,1.89688314507,0.158227422589,-0.0115805239274,-0.0347161218845,0.000831617067099,-0.0536967381958,-0.00932999079983,0.0238381107096,-0.00903428154256,0.573912105197,0.818903097746,0.00183273357477,0.0,0.818857522198,-0.573853153366,-0.0120691181878,0.0,-0.00883188837113,0.00842752295686,-0.999925484526,0.0,0.660750589878,0.259705138112,0.303186412299,1.0,-0.00622,-0.00817485714286,0.312
0.464317807407,0.542277034093,-0.123962552985,-1.36461930616,0.079031190734,1.89721907124,0.158107786112,-0.00550496828346,-0.0325613532216,-0.00087243069457,-0.0552643502848,-0.00011285434886,0.0221636925569,-0.0115374508603,0.573910378406,0.818904286577,0.00184225003294,0.0,0.818858768028,-0.573851320559,-0.0120717363281,0.0,-0.00882858898903,0.00843679979101,-0.999925435433,0.0,0.660641076077,0.259570842497,0.303197578176,1.0,-0.00656,-0.00862171428571,0.329
0.464226820089,0.541614434899,-0.123959473866,-1.36563156005,0.0789646046656,1.89759388138,0.157969633267,-0.00494986594623,-0.034892507135,-0.000224167323927,-0.0544060470949,7.04029705342e-05,0.0210403840651,-0.00511682756486,0.573907978959,0.818905924692,0.00186147609226,0.0,0.818860684148,-0.573848862653,-0.0120585940424,0.0,-0.00880681772494,0.00844497551437,-0.999925558404,0.0,0.660526403909,0.259415732828,0.303216662067,1.0,-0.00692,-0.00909485714286,0.347
0.464147822074,0.541036471694,-0.123965118483,-1.36653716809,0.0789166285444,1.89793920424,0.157854759241,-0.00607887808363,-0.0336123924683,0.000489375942531,-0.0580662356946,-0.000758182603311,0.0283490526873,-0.00882534972554,0.573920036626,0.818897436606,0.00187797241744,0.0,0.818852384344,-0.573860820593,-0.0120531383621,0.0,-0.00879275860307,0.0084554825962,-0.999925593337,0.0,0.660425916446,0.259276046395,0.303224340169,1.0,-0.00722,-0.00948914285714,0.362
0.464051465803,0.540326071572,-0.123962967391,-1.36762785257,0.0788450353694,1.89833358733,0.157719056851,-0.00923993105673,-0.0366343548006,-0.000374786204076,-0.065452048108,-0.000455053619975,0.0221632631179,-0.00912309581382,0.573927486345,0.818892193388,0.00188757174159,0.0,0.818847286581,-0.573868246893,-0.0120458859295,0.0,-0.00878123352985,0.00845926089814,-0.999925662658,0.0,0.660299819896,0.25910870965,0.303241417588,1.0,-0.00756,-0.009936,0.379
0.46395511452,0.539537087619,-0.123973530463,-1.36885118794,0.0787845377946,1.89880045208,0.157572605496,-0.00201745510192,-0.0438266261938,0.000915624471595,-0.0655902569515,-0.00523072903978,0.0176842934914,-0.0102627846578,0.573945464344,0.818879519989,0.00191901100009,0.0,0.818834963614,-0.573886028269,-0.0120364372802,0.0,-0.00875526694735,0.00847977514821,-0.999925716598,0.0,0.660161658931,0.258926006302,0.303257508565,1.0,-0.00792,-0.0104091428571,0.397
0.463857090093,0.538873175464,-0.123971830563,-1.3698801196,0.0787241743657,1.89920205362,0.157439925798,-0.00109945779923,-0.0399337275694,0.00130421867329,-0.069205655284,-0.0015192343088,0.0261869228313,-0.0124201432559,0.573956720649,0.818871556203,0.00195042684991,0.0,0.818827405504,-0.573897143611,-0.0120206261286,0.0,-0.00872417239386,0.00849654569492,-0.999925846014,0.0,0.660049542572,0.258766350375,0.303271562441,1.0,-0.00822,-0.0108034285714,0.412
0.46375576456,0.538126629663,-0.123977538999,-1.37103147623,0.0786580307978,1.89964046789,0.157304791243,-0.00765592848538,-0.0482144550607,-0.000238900095598,-0.0697229679578,-0.00366290733576,0.0225310785699,-0.0114307816792,0.573978935253,0.818855917509,0.00197867289762,0.0,0.818812141743,-0.573919240972,-0.0120053437185,0.0,-0.00869521570794,0.00851113966381,-0.999925974123,0.0,0.659921270266,0.258588345917,0.303289040226,1.0,-0.00854,-0.011224,0.428
0.463634815774,0.537278035304,-0.123978496817,-1.3723712377,0.0785789821515,1.90013835624,0.157143447108,-0.00644324487199,-0.0461485921175,0.000881330183774,-0.0736109653452,-0.00365678005715,0.0245282722344,-0.011974862513,0.573999199692,0.81884169929,0.00198422717676,0.0,0.818797972314,-0.573939456065,-0.012005340805,0.0,-0.00869181474312,0.0085159011605,-0.999925963151,0.0,0.65976833018,0.258381086451,0.303293771352,1.0,-0.0089,-0.0116971428571,0.446
0.463528978199,0.536477807675,-0.12398143926,-1.37361741501,0.0785084980628,1.90061219083,0.156991299682,-0.00799915232407,-0.0457509769034,0.000480688448039,-0.0759904487999,-0.0132786328601,0.0301896751794,-0.0124046504512,0.574013101016,0.818831894306,0.00200888775713,0.0,0.818788465752,-0.573953228218,-0.0119952936881,0.0,-0.00866928835069,0.00853047409008,-0.99992603449,0.0,0.659626800685,0.258192886695,0.303306727896,1.0,-0.00922,-0.0121177142857,0.462
0.463413811068,0.535603265496,-0.123990023324,-1.3749940117,0.0784264732147,1.90110731791,0.15681322269,-0.00729082128683,-0.0556033696055,4.80407124072e-05,-0.0849949334697,-0.00110755274428,0.0228341201366,-0.0116926099001,0.574021155049,0.818826266371,0.00200148922938,0.0,0.818782736517,-0.573961307849,-0.0119997656528,0.0,-0.00867711299239,0.00852706834117,-0.999925995669,0.0,0.659465240165,0.257980352013,0.303311929616,1.0,-0.00956,-0.0125645714286,0.479
0.463294939431,0.534714374872,-0.123990222938,-1.37643424627,0.0783480985739,1.90163471332,0.156636017379,-0.00814160864093,-0.0517636704256,0.000339983005565,-0.0870623307449,-0.00246811536233,0.0354040318353,-0.0139066603752,0.574031515686,0.818819044371,0.00198455955958,0.0,0.818775185816,-0.573971633455,-0.012021064123,0.0,-0.00870416292753,0.00852554192394,-0.999925773587,0.0,0.659294200153,0.257765665702,0.303299344117,1.0,-0.0099,-0.0130114285714,0.496
0.463183254405,0.53385601794,-0.123996567264,-1.3778335474,0.0782669593532,1.90214382821,0.156461269763,-0.00817303596907,-0.0524603734391,0.00015053687388,-0.0876735641166,-0.00621741867566,0.0382155765165,-0.0121942358661,0.574039180236,0.818813738327,0.00195662525463,0.0,0.818769479984,-0.573979382546,-0.0120396827189,0.0,-0.00873536324258,0.00851343855057,-0.999925604629,0.0,0.659127578501,0.25755494038,0.303283140668,1.0,-0.01022,-0.013432,0.512
0.463054881816,0.532919732592,-0.123996651069,-1.37934055692,0.0781852741598,1.90272062157,0.156274614341,-0.00349097273938,-0.0563904841855,-0.000184161783652,-0.091401351779,-0.00380552884156,0.0362678850888,-0.00798251042635,0.574052144914,0.818804629559,0.00196479838808,0.0,0.818760397252,-0.5739922317,-0.0120447806492,0.0,-0.00873471131621,0.00852319537334,-0.999925527206,0.0,0.658953984438,0.257329601546,0.303276126993,1.0,-0.01056,-0.0138788571429,0.529
0.462923965488,0.531939895343,-0.123996738916,-1.3808991346,0.078093452843,1.90328998494,0.156072767615,-0.00343289448005,-0.0603952981848,-0.00107965780669,-0.0967768260363,-0.00990147251311,0.0377822558146,-0.00995367738348,0.57405928314,0.818799646109,0.0019559842496,0.0,0.818755285726,-0.573999394422,-0.0120509004315,0.0,-0.00874470759652,0.00851956773411,-0.99992547075,0.0,0.658759133281,0.257075989602,0.303275954718,1.0,-0.01092,-0.014352,0.547
0.462803581342,0.530990822405,-0.123994233262,-1.38242405444,0.0780057201021,1.90383065973,0.155874937032,-0.00693251653523,-0.0638843394739,0.000617470125094,-0.0991131949033,-0.00150425880813,0.0362570331373,-0.0154681783856,0.574048609817,0.818807189616,0.00193046669001,0.0,0.818762338221,-0.573988680153,-0.012082030814,0.0,-0.00878495680583,0.00851643038118,-0.999925144672,0.0,0.6585810697,0.256871040566,0.303264247212,1.0,-0.01122,-0.0147462857143,0.562
0.462651547847,0.529892907651,-0.123996740035,-1.38416119024,0.0778983637854,1.90445813302,0.155654267344,-0.0125333209592,-0.0659122675856,-0.000162954590337,-0.0951370026117,-0.00644329435379,0.0388177033136,-0.0114702483379,0.574059597353,0.818799514841,0.00191835435372,0.0,0.818754490251,-0.57399970494,-0.0120900919697,0.0,-0.00879839600254,0.00851125843718,-0.999925070547,0.0,0.658374885587,0.256602905297,0.303265393314,1.0,-0.01158,-0.0152194285714,0.58
0.46251350271,0.528818775808,-0.124002329488,-1.38583501671,0.0777890403884,1.90509187207,0.155423895463,-0.00777371107255,-0.0666774772406,-0.0021637999739,-0.0997752009231,-0.00756761954422,0.031664795214,-0.010400244978,0.574049346151,0.818806649122,0.00194073150801,0.0,0.818762016067,-0.57398945336,-0.0120671197433,0.0,-0.00876684725313,0.00851628340555,-0.999925304863,0.0,0.658180849963,0.256349521157,0.303280280715,1.0,-0.01192,-0.0156662857143,0.597
0.46237703407,0.527781322138,-0.123997882469,-1.38744712764,0.0776878370176,1.90572290243,0.155181676215,-0.006947635034,-0.0676171271353,0.000870942490655,-0.107192926295,-0.0123539447214,0.0415998662983,-0.00905481723545,0.574019811019,0.818827245229,0.00198643633294,0.0,0.818783246108,-0.573959760559,-0.0120389389983,0.0,-0.00871784457898,0.0085372146454,-0.999925554805,0.0,0.657996148273,0.256110999129,0.303297914282,1.0,-0.01224,-0.0160868571429,0.613
0.462234034286,0.526611200677,-0.124000704831,-1.38924531118,0.0775709790228,1.90640181586,0.154946748049,-0.0108482461098,-0.0639254705118,0.000297505787096,-0.106288389695,-0.000731027361633,0.0441951515711,-0.0164902110574,0.574012161576,0.818832515273,0.00202415308701,0.0,0.81878909203,-0.573952033336,-0.0120097087309,0.0,-0.00867234019714,0.00855123797459,-0.999925830672,0.0,0.657784583045,0.255844370565,0.303324458613,1.0,-0.01258,-0.0165337142857,0.63
0.462067317482,0.525354365558,-0.124011953026,-1.3911749459,0.0774635581799,1.90709475725,0.154685947186,-0.0101564712938,-0.0711753156514,-0.000792484024268,-0.107506007492,-0.001768734907,0.0316828264411,-0.0145621630344,0.574017935875,0.818828415541,0.00204501782453,0.0,0.818785177904,-0.573957633018,-0.0120089486062,0.0,-0.00865968149521,0.00856794713379,-0.999925797346,0.0,0.65755412085,0.255545288792,0.303350631152,1.0,-0.01294,-0.0170068571429,0.648
0.461921842487,0.524248555652,-0.124009922837,-1.3929433321,0.0773352734699,1.90772729269,0.154450563456,-0.00560905285927,-0.0685898608382,-0.00042343572786,-0.113514326314,-0.0101359218573,0.0356793425082,-0.016042946418,0.574003094771,0.818838910536,0.00200815489769,0.0,0.818795308696,-0.573943065283,-0.0120144568033,0.0,-0.00868550536487,0.00854076763271,-0.99992580589,0.0,0.657337580264,0.255277663617,0.303341330234,1.0,-0.01326,-0.0174274285714,0.664
0.461761088946,0.523051782843,-0.124012665549,-1.39487577434,0.0772259096993,1.90845363537,0.154191860005,-0.00733347725559,-0.073240985124,0.000803291084355,-0.114118569087,-0.00400066895888,0.0426226097897,-0.0130489868901,0.573999130115,0.818841704971,0.00200193152139,0.0,0.818797942913,-0.573939050015,-0.0120267389848,0.0,-0.0086991762661,0.00854267960004,-0.999925670716,0.0,0.657106942434,0.254988339915,0.303325962357,1.0,-0.0136,-0.0178742857143,0.681
0.461598213805,0.52179342241,-0.124013403606,-1.39683466019,0.0771038389089,1.90922252015,0.153929208831,-0.010449566381,-0.0714368157866,0.000792174254798,-0.118080032675,-0.00912586774629,0.0417471899588,-0.00846036482325,0.573990045118,0.818847939404,0.00205600109858,0.0,0.818804950642,-0.573929804073,-0.0119908174101,0.0,-0.00863882214445,0.0085662386309,-0.999925992415,0.0,0.656880335098,0.254697325593,0.303344522134,1.0,-0.01394,-0.0183211428571,0.698
0.461435654319,0.520619117802,-0.124019113005,-1.39873727062,0.0769833462083,1.90992573624,0.153671519432,-0.0108796858556,-0.0740652777137,-0.000951652730581,-0.117218188256,-0.00824674022236,0.0459299094579,-0.0123272459815,0.573985201513,0.818851401796,0.00202906954593,0.0,0.818808094364,-0.573925106815,-0.0120009696753,0.0,-0.00866264366835,0.0085499621789,-0.999925925632,0.0,0.656651965349,0.254405075071,0.303324984953,1.0,-0.01426,-0.0187417142857,0.714
0.461263000461,0.519285073719,-0.124025011402,-1.40079821579,0.0768491410099,1.91066050395,0.153388428703,-0.00947909793472,-0.0779922801321,0.00156155622329,-0.123989088886,-0.0135078295392,0.0488740480028,-0.0149819578737,0.573972078937,0.818860595924,0.00203074999375,0.0,0.818817347366,-0.573912015268,-0.0119957193923,0.0,-0.00865751679268,0.00854818590004,-0.999925985221,0.0,0.656399395152,0.254089398737,0.303344582452,1.0,-0.0146,-0.0191885714286,0.731
0.461085364793,0.517928590649,-0.12402550559,-1.40290713722,0.0767150108171,1.91141860013,0.153110922605,-0.00968047926929,-0.0848505517453,-0.000574000416478,-0.127610776013,-0.0117052415737,0.04250433039,-0.0201499560006,0.573966094192,0.818864785463,0.00203291622717,0.0,0.818821554281,-0.57390601139,-0.0119958007395,0.0,-0.00865640261815,0.00854994313491,-0.999925979844,0.0,0.656140008137,0.253769844527,0.303358550928,1.0,-0.01494,-0.0196354285714,0.748
0.460911592075,0.516668996679,-0.124031469713,-1.40491015131,0.0765846236303,1.91215932882,0.152816859137,-0.0119201937627,-0.0753216252204,-0.000970968128645,-0.12168827808,-0.00624773308933,0.0527020940999,-0.015714173917,0.57394254938,0.818881310615,0.00202386732523,0.0,0.818838026409,-0.573882571857,-0.0119927947977,0.0,-0.00865938005611,0.00854055917894,-0.999926034258,0.0,0.65589900003,0.25346039527,0.303353256996,1.0,-0.01526,-0.020056,0.764
0.460713463645,0.515195345326,-0.124034293346,-1.40722715682,0.0764502251222,1.91302821864,0.152511867546,-0.0104727160321,-0.0807833482146,0.00061395872909,-0.13086449225,-0.00994615915696,0.0478692992535,-0.0194189862205,0.57394312573,0.8188808482,0.00204738350254,0.0,0.818837800155,-0.5738829794,-0.0119887402648,0.0,-0.0086425576485,0.00855749482274,-0.999926035004,0.0,0.655619644995,0.253110420425,0.303359253159,1.0,-0.01562,-0.0205291428571,0.782
0.460522783561,0.513791967387,-0.124038282253,-1.40948869602,0.0763054383546,1.91382586038,0.152202677595,-0.0143551154786,-0.0819131273062,0.000106479112856,-0.133723183587,-0.015487746517,0.0479089547689,-0.0123686411525,0.573928468506,0.818891259306,0.00199132389788,0.0,0.818847454746,-0.573868536696,-0.012020621746,0.0,-0.00870099146888,0.00852973175827,-0.999925765456,0.0,0.655335389171,0.252763943897,0.30333578929,1.0,-0.01596,-0.020976,0.799
0.460357624179,0.512562296864,-0.124044895603,-1.41150189984,0.0761931772255,1.91452473801,0.151913717834,-0.0130544509322,-0.0816656971734,-0.0036701012522,-0.131086902621,-0.00676647778563,0.0481809715593,-0.0150701034953,0.573906921708,0.818906521325,0.00192391496884,0.0,0.818861652916,-0.573847104946,-0.0120764410961,0.0,-0.00878561248322,0.00850633709945,-0.999925224826,0.0,0.655077480984,0.25245843675,0.30329998419,1.0,-0.01626,-0.0213702857143,0.814
0.460147064773,0.511023950585,-0.124042176408,-1.41393627585,0.0760415979326,1.91545181035,0.151556690516,-0.0131091244626,-0.0858794385653,0.000981999391081,-0.135093031561,-0.00551452003474,0.0544033453736,-0.0263642235156,0.573871525492,0.818931270733,0.00194754887419,0.0,0.818886714126,-0.573811613141,-0.0120635382386,0.0,-0.00876185123086,0.00851790698609,-0.999925334824,0.0,0.65478361786,0.25209185608,0.303298913128,1.0,-0.01662,-0.0218434285714,0.832
0.459941787262,0.509534761216,-0.124050302042,-1.41630484406,0.075890773834,1.91633379314,0.15123747838,-0.0107831691336,-0.0947526937699,-0.00148765123501,-0.142818636701,-0.0172764496634,0.0492220529005,-0.0192169097241,0.573866686848,0.818934671959,0.00194311358168,0.0,0.818890112381,-0.57380684778,-0.0120595267906,0.0,-0.00876116141653,0.00851192106438,-0.999925391842,0.0,0.654495223635,0.25172673683,0.303290668147,1.0,-0.01696,-0.0222902857143,0.849
0.459742266622,0.508116937664,-0.12405065631,-1.41853808485,0.0757475837807,1.91711927921,0.150921219833,-0.0121405918429,-0.0905404427918,-0.000921201629132,-0.134674344738,-0.0137733374853,0.0544795137731,-0.0163930807825,0.57384827246,0.818947641118,0.0019152552263,0.0,0.818902672233,-0.573788513208,-0.0120790074928,0.0,-0.00879329254269,0.00850008885865,-0.999925210451,0.0,0.654213453204,0.251379874802,0.303287772753,1.0,-0.01728,-0.0227108571429,0.865
0.459525631371,0.506590882989,-0.124053199367,-1.42096255232,0.0755979289227,1.91801151242,0.150593810362,-0.0125362456929,-0.0877904819155,-0.000755496202494,-0.146746913882,-0.00460833662009,0.0558713765728,-0.0144635092084,0.573839940938,0.818953492606,0.00190945894388,0.0,0.818908438108,-0.573780198598,-0.0120830705652,0.0,-0.00880003253665,0.00849758414568,-0.999925172446,0.0,0.65389568625,0.250982296626,0.303280015891,1.0,-0.01764,-0.023184,0.883
0.459296965702,0.504883471969,-0.124063437108,-1.42356433797,0.0754364450845,1.91902738298,0.150233943532,-0.0109396020738,-0.0944086636363,-0.00311366667164,-0.144461788763,-0.00515266365219,0.0590979085001,-0.0197127172766,0.573835132553,0.818956630966,0.00200602757389,0.0,0.818912921923,-0.573775055107,-0.0120232835042,0.0,-0.00869570658925,0.00854230885124,-0.999925704063,0.0,0.653606477177,0.250606584073,0.303321737432,1.0,-0.01798,-0.0236308571429,0.9
0.45907976,0.50332413217,-0.124066630337,-1.42589907432,0.0752921471891,1.91990107862,0.149916440944,-0.0147443589449,-0.0957139731278,-0.00111007869921,-0.146961689718,-0.00503100983682,0.0584029536074,-0.01892751683,0.573836221378,0.818955660114,0.00208918729642,0.0,0.818913047091,-0.573775804017,-0.0119789369264,0.0,-0.00861165887837,0.00858497592419,-0.999926066027,0.0,0.653323995521,0.250242298878,0.303375479743,1.0,-0.0183,-0.0240514285714,0.916
0.458846484383,0.501626418655,-0.124069991558,-1.42842258972,0.0751235862478,1.92082087027,0.149546788766,-0.0156038676127,-0.0977946594284,0.000884468838481,-0.151556131767,-0.0163592133021,0.0458045033624,-0.0282995669826,0.573810184914,0.818973710061,0.00216352005127,0.0,0.818932151584,-0.573749550413,-0.0119302725861,0.0,-0.00852942516306,0.00861765396585,-0.999926489771,0.0,0.653013286891,0.249846220824,0.303439333146,1.0,-0.01864,-0.0244982857143,0.933
0.45860995547,0.499889642927,-0.124072383516,-1.43101915315,0.0749496912917,1.92173203212,0.149187864539,-0.0150911822518,-0.0964005586899,-0.00109400843564,-0.153001873091,-0.0138390031696,0.0590681776344,-0.0316290407513,0.573796452308,0.818983227384,0.00220260832414,0.0,0.818942209027,-0.57373569268,-0.0119063058685,0.0,-0.00848751320479,0.00863577125939,-0.9999266901,0.0,0.652684001344,0.249439164074,0.30349422608,1.0,-0.01898,-0.0249451428571,0.95
0.458370968627,0.49831928428,-0.124070935635,-1.43349159767,0.0747990025965,1.92266221459,0.148833713081,-0.0168071975918,-0.0938341563409,0.000634412188683,-0.151624485972,-0.0120522761424,0.0546310312694,-0.0209970077711,0.57378621793,0.818990333547,0.0022263359771,0.0,0.818949578625,-0.573725317908,-0.0118993345371,0.0,-0.00846829768628,0.0086510976307,-0.999926720537,0.0,0.65238148375,0.249050285586,0.303493210877,1.0,-0.0193,-0.0253657142857,0.966
0.458098309647,0.49652539199,-0.124073451725,-1.43632551726,0.074624819813,1.92368327165,0.148413251528,-0.0179238496543,-0.096789474555,-0.000744218728575,-0.161463592668,-0.00751054714486,0.0573773916726,-0.015570497918,0.573763284153,0.819006443569,0.00221044141147,0.0,0.818965387784,-0.573702355184,-0.011918396244,0.0,-0.00849327139892,0.00864877969435,-0.999926528776,0.0,0.652024925282,0.248599782289,0.303483356213,1.0,-0.01966,-0.0258388571429,0.984
0.457842058513,0.494948230312,-0.12407352255,-1.43890042987,0.0744739273351,1.92456693592,0.148045615659,-0.0189487941558,-0.101734404948,-0.00111707007737,-0.163175281048,-0.00696516985639,0.0576667795231,-0.0206515782588,0.573761030581,0.819008264453,0.00211883122697,0.0,0.81896577063,-0.573700231823,-0.0119940586742,0.0,-0.0086078249397,0.00861713962103,-0.999925822376,0.0,0.651690731706,0.248183909664,0.303433240066,1.0,-0.01998,-0.0262594285714,1.0
0.457563529474,0.49312582631,-0.124110727767,-1.44179518202,0.0742844970625,1.92562072325,0.147649769086,-0.018474957147,-0.116458978703,-0.00626901927003,-0.188014279522,-0.0107118420701,0.0662280843229,-0.0250981765457,0.57378575854,0.818991019527,0.00208809284955,0.0,0.818948302933,-0.573725263099,-0.0119894331318,0.0,-0.00862141243359,0.00858957145537,-0.999925942513,0.0,0.651334038838,0.247702487841,0.303416819104,1.0,-0.024012,-0.0315586285714,1.017
0.457316986805,0.491360008725,-0.124135609175,-1.44457669433,0.0741165015695,1.92665624257,0.147242790544,-0.0255078728622,-0.131961913106,-0.000562591146169,-0.209051632898,-0.014011491984,0.0825333566946,-0.0236876067429,0.573766257471,0.819004649681,0.00210059274583,0.0,0.818962123841,-0.573705739951,-0.011979589447,0.0,-0.00860638304229,0.00859395555975,-0.999926034314,0.0,0.65098650173,0.247264062364,0.303412199036,1.0,-0.02754,-0.0361954285714,1.031
0.456829196166,0.488281825749,-0.124150161232,-1.44955247171,0.0738362680505,1.9284333804,0.146525034912,-0.0260417983391,-0.161522025885,-0.000175606430616,-0.253925612521,-0.00924396205812,0.0887988407961,-0.0401348975248,0.573760648358,0.819008806365,0.00201007290112,0.0,0.818964684264,-0.57370010545,-0.012074014915,0.0,-0.00873571369781,0.00857393841963,-0.999925084637,0.0,0.650347981177,0.246464465999,0.303338884538,1.0,-0.032832,-0.0431506285714,1.052
0.456451522792,0.485838072107,-0.124189394647,-1.45327987188,0.073602845214,1.92987216575,0.145980077485,-0.0265189111222,-0.180089934787,-0.00104037071161,-0.273677378673,-0.0113053011692,0.101186435106,-0.0429231097333,0.573773532463,0.818999476385,0.00213026467419,0.0,0.818957156548,-0.573712709385,-0.0119853965038,0.0,-0.00859403900481,0.00862166478398,-0.99992590195,0.0,0.649902613472,0.245846343501,0.303388078703,1.0,-0.03636,-0.0477874285714,1.066
0.455898237474,0.482389747121,-0.124244352936,-1.45864937307,0.0732747275241,1.93175803809,0.145145290928,-0.0327854830377,-0.197944814666,-0.00164082126887,-0.314448894995,-0.0224098983489,0.109850112739,-0.04217921103,0.573757322886,0.8190109198,0.00209632625233,0.0,0.818968081836,-0.573696568464,-0.0120114598802,0.0,-0.00863502787834,0.00860865309784,-0.99992566093,0.0,0.649218839629,0.244939442187,0.303390488743,1.0,-0.040896,-0.0537490285714,1.084
0.455265922028,0.47851760689,-0.124311158401,-1.46468029494,0.0729088319165,1.93391070011,0.144256502652,-0.0378237550309,-0.225967524534,-0.00309076229321,-0.344211592425,-0.0154070896276,0.125684459514,-0.0474743565115,0.573790370933,0.818987794824,0.00208543899012,0.0,0.81894477448,-0.573729618121,-0.012022002505,0.0,-0.00864956173636,0.00860613433489,-0.999925556996,0.0,0.648455260864,0.24391420496,0.303392394182,1.0,-0.045432,-0.0597106285714,1.102
0.454654735839,0.47472285386,-0.124353171037,-1.470486244,0.0725577801877,1.9360536905,0.143419052849,-0.0346341144761,-0.244454659544,0.00115831700504,-0.367591272713,-0.0232052571282,0.130409327202,-0.0552918314512,0.573821237463,0.818965878914,0.00219624931283,0.0,0.818924276504,-0.573759991338,-0.0119686504294,0.0,-0.00854196079083,0.00866659453849,-0.999925959781,0.0,0.647725582438,0.242945170785,0.303442561029,1.0,-0.049464,-0.0650098285714,1.118
0.453922164071,0.470373236629,-0.124397061618,-1.47716496128,0.07215695224,1.93841548545,0.142429875375,-0.0426620265352,-0.267453338214,-0.00510630350403,-0.395623387617,-0.021532622805,0.146573632186,-0.059995685714,0.573853819106,0.818942955331,0.0022309442265,0.0,0.81890154268,-0.573792159148,-0.0119820031072,0.0,-0.00853264301059,0.00870300947225,-0.999925723056,0.0,0.646863685581,0.241808537154,0.303476276031,1.0,-0.053748,-0.0706402285714,1.135
0.453131443894,0.46563065039,-0.124409626698,-1.48425909045,0.0716970913556,1.94107974838,0.141278404127,-0.0524776639185,-0.286243580959,-0.000986262124151,-0.431190168185,-0.0288650335441,0.160406798878,-0.067885139982,0.57377841001,0.818995045284,0.00248976063439,0.0,0.81895714923,-0.57371588873,-0.0118327361689,0.0,-0.00826269614192,0.00882854579334,-0.999926889643,0.0,0.645971191744,0.240620705105,0.303603650522,1.0,-0.058032,-0.0762706285714,1.152
0.452372221852,0.461223913004,-0.124428096828,-1.49112082525,0.0712591414993,1.94342108013,0.140254984134,-0.0504283663286,-0.300267177111,-0.00160971761358,-0.465413622231,-0.0281398371027,0.164632821501,-0.0616266676981,0.5737767897,0.818996460542,0.00239585512149,0.0,0.8189569964,-0.573714266731,-0.0119216231138,0.0,-0.00838939239167,0.00880262243009,-0.999926063234,0.0,0.645047044048,0.239456543702,0.303577890278,1.0,-0.061812,-0.0812386285714,1.167
0.451463545318,0.455945128496,-0.124466481406,-1.49931420167,0.0707045743589,1.94625650293,0.139009886082,-0.0534150892711,-0.312553563994,-0.00617863818055,-0.491384949912,-0.035655382001,0.177123548969,-0.0754474429426,0.573755707878,0.819011475041,0.0023104827711,0.0,0.818970868532,-0.573693498649,-0.0119679992275,0.0,-0.00847658295657,0.00875909459015,-0.999925710142,0.0,0.643946708861,0.238055122578,0.303556551369,1.0,-0.066096,-0.0868690285714,1.184
0.450404332358,0.449894371027,-0.124501641412,-1.50831068498,0.0700920462488,1.9496489506,0.137546102351,-0.063917974507,-0.342588719385,-0.0033384806365,-0.510244729495,-0.0264170025912,0.203871301639,-0.0790669168833,0.573692968452,0.819054351206,0.00266357277855,0.0,0.819018837477,-0.573629950455,-0.0117290536386,0.0,-0.00807898284265,0.00891056343562,-0.999927663331,0.0,0.642800805071,0.236503791125,0.303723106375,1.0,-0.070632,-0.0928306285714,1.202
0.449392841439,0.444294533739,-0.124533860808,-1.5168561025,0.0695336817195,1.95262428317,0.136279529825,-0.0682284446009,-0.357081139282,-0.00181996046812,-0.5477402503,-0.0415910816603,0.189748206655,-0.0848519724268,0.573738596236,0.819022316912,0.00268598010723,0.0,0.818986891253,-0.573675267748,-0.0117433399138,0.0,-0.00807733262103,0.00893756193104,-0.999927435709,0.0,0.641645251593,0.235015853457,0.303751361594,1.0,-0.074664,-0.0981298285714,1.218
0.44825596318,0.438093980251,-0.124562636148,-1.52656359819,0.0688605682197,1.9558306902,0.134731132875,-0.0720855065885,-0.366597976835,-0.00340667972659,-0.571711291111,-0.0388514315168,0.191393928802,-0.0918344367638,0.573665419913,0.819074414259,0.00241594756442,0.0,0.819035130385,-0.573602746211,-0.0119202196524,0.0,-0.0083779140728,0.00881713349792,-0.999926031621,0.0,0.640274976716,0.233321980023,0.303649946131,1.0,-0.078948,-0.103760228571,1.235
0.447015823441,0.431474903087,-0.124580796538,-1.53643109052,0.0681934320309,1.95945839354,0.133115199685,-0.0739348377787,-0.38339514109,-0.000465747785648,-0.587024770439,-0.0460515628409,0.214075825866,-0.0954748071347,0.573617211831,0.819107208749,0.0027242921905,0.0,0.819072129984,-0.573553594307,-0.0117416882109,0.0,-0.00805532896863,0.00896679889953,-0.999927351457,0.0,0.638963791396,0.231586045362,0.303783196584,1.0,-0.083232,-0.109390628571,1.252
0.445747673567,0.425099859975,-0.124634723694,-1.54626181389,0.0674825693647,1.9628118233,0.131501957027,-0.0771644526126,-0.408227444993,-0.011748861136,-0.619230398376,-0.0394107031345,0.20747923421,-0.111148877359,0.573596607047,0.819122036866,0.00260153904196,0.0,0.819085503894,-0.573533593198,-0.0117856559043,0.0,-0.00816197757891,0.00889126634004,-0.9999271611,0.0,0.637599300947,0.229791959351,0.303735695271,1.0,-0.087264,-0.114689828571,1.268
0.444301068256,0.418003387304,-0.124769072729,-1.55712599694,0.0666995117949,1.9664403445,0.129748331827,-0.0890999013388,-0.429490527608,-0.0145160499994,-0.635760634022,-0.0468754185283,0.226495027226,-0.10222575344,0.573682091263,0.819062673914,0.00243747149566,0.0,0.819024281136,-0.573619976726,-0.011836220336,0.0,-0.00829658366979,0.00878674514661,-0.999926977238,0.0,0.636082859739,0.227737115473,0.30370161694,1.0,-0.091548,-0.120320228571,1.285
0.442765726774,0.410540423013,-0.124820965607,-1.56827640091,0.0659524782961,1.97043932976,0.127873703803,-0.0920699677504,-0.441311028478,-0.00094086696453,-0.66820929411,-0.0490320795817,0.223744667895,-0.110113174771,0.573695984676,0.819052135014,0.00269521723345,0.0,0.819017070806,-0.573632896286,-0.0117083272824,0.0,-0.00804382005882,0.00892462109954,-0.999927821444,0.0,0.63455459865,0.225680171929,0.303795844475,1.0,-0.095832,-0.125950628571,1.302
0.441218470542,0.403394030884,-0.124890176653,-1.57931396669,0.0651766339236,1.97403134739,0.126058227659,-0.0996403263225,-0.445840187621,-0.0102710994524,-0.702026567593,-0.0552286628511,0.229894932344,-0.118669642988,0.57375562589,0.81901119006,0.00242883065493,0.0,0.8189722246,-0.573693048757,-0.0118965559167,0.0,-0.00835016992226,0.00881503044723,-0.999926282233,0.0,0.632950881231,0.223590437594,0.303683220071,1.0,-0.099864,-0.131249828571,1.318
0.43947968165,0.395359574945,-0.12498991423,-1.59108913781,0.0643394685467,1.97823294244,0.124022291353,-0.106337068086,-0.469472478015,-0.00651453747155,-0.69575035224,-0.0510281514381,0.250467409592,-0.123684772362,0.573817800394,0.818966490814,0.0027867142453,0.0,0.818932668859,-0.57375443874,-0.0116565347756,0.0,-0.00794757472791,0.00897103119954,-0.999928175748,0.0,0.63132621954,0.221322870287,0.303855337125,1.0,-0.104148,-0.136880228571,1.335
0.437426499946,0.386239169513,-0.125023886226,-1.60503005475,0.0632768650525,1.98278416065,0.121636822197,-0.117040274225,-0.491259902087,-0.000892389299757,-0.736958818758,-0.0559167101158,0.235502038773,-0.12880834685,0.573804362988,0.818976782898,0.00251574877472,0.0,0.818939309027,-0.573741830449,-0.0118096157682,0.0,-0.00822856924758,0.0088368247525,-0.999927097931,0.0,0.62925847659,0.218659254285,0.303739532987,1.0,-0.108936,-0.143173028571,1.354
0.435741196845,0.378653710582,-0.125076412772,-1.61615441096,0.0624485068971,1.98653911869,0.119632302684,-0.117963847843,-0.512627134984,-1.67860443319e-05,-0.749047781151,-0.0475245888972,0.254723746504,-0.128312771812,0.573763929908,0.819004610766,0.0026734213107,0.0,0.818969319902,-0.573700972541,-0.0117129870921,0.0,-0.00805940119676,0.00891011108482,-0.999927825382,0.0,0.627630527186,0.216510987812,0.303847053661,1.0,-0.112716,-0.148141028571,1.369
0.43342549403,0.368946219264,-0.125147712361,-1.63079964006,0.0613478942565,1.99132825136,0.117053281038,-0.123275788313,-0.520110522457,-0.00341564675472,-0.798314270645,-0.0560974600465,0.24116662962,-0.133474971022,0.573822024934,0.818964409144,0.00251538402386,0.0,0.818926851904,-0.573759407087,-0.0118195140007,0.0,-0.00823669463571,0.00884238322088,-0.999926981894,0.0,0.625435710696,0.213617303578,0.303769880998,1.0,-0.117504,-0.154433828571,1.388
0.431408178639,0.360396055065,-0.125269592601,-1.6433195371,0.0603473859349,1.99548624225,0.114801321307,-0.131603431761,-0.534329738911,-0.00689161225804,-0.785815915889,-0.0612061939447,0.254983652162,-0.148124626763,0.573876307429,0.818926083911,0.00260763551225,0.0,0.818890406541,-0.5738140838,-0.0116895769283,0.0,-0.00807675697673,0.00884390922042,-0.999928273061,0.0,0.623570368545,0.211092218822,0.303856791884,1.0,-0.121536,-0.159733028571,1.404
