position_joint1,position_joint2,position_joint3,position_joint4,position_joint5,position_joint6,position_joint7,velocity_joint1,velocity_joint2,velocity_joint3,velocity_joint4,velocity_joint5,velocity_joint6,velocity_joint7,ee_T_00,ee_T_10,ee_T_20,ee_T_30,ee_T_01,ee_T_11,ee_T_21,ee_T_31,ee_T_02,ee_T_12,ee_T_22,ee_T_32,ee_T_03,ee_T_13,ee_T_23,ee_T_33,v_x,v_y,time
0.465070172528,0.547853761966,-0.124005937052,-1.35586441252,0.0794677248781,1.89409791438,0.159164591245,-5.76895565978e-05,-0.00319460117759,-0.000986092344718,0.00575703967486,0.000259873973065,-0.000238791262707,0.000769873309366,0.573818483223,0.81896870866,0.00183014964473,0.0,0.81892434667,-0.573760745936,-0.0119276047988,0.0,-0.00871843493104,0.0083431948286,-0.999927187345,0.0,0.661674139727,0.260867954434,0.303148305412,1.0,0.0,0.0,0.0
0.465075458335,0.547853758964,-0.124004851976,-1.35586655817,0.0794717859281,1.89409837448,0.159161791762,0.00125380751964,0.00056953931252,0.000476422093915,-0.000644996677001,0.000175459605991,-0.000127849761503,-5.64835451228e-05,0.573812299981,0.8189730384,0.00183130148358,0.0,0.818928645879,-0.573754514985,-0.0119321580062,0.0,-0.00872156611969,0.00834668497298,-0.999927130912,0.0,0.661671883235,0.260872514305,0.303147297888,1.0,-0.00016,-0.000210285714286,0.009
0.465066964814,0.547844205628,-0.124006174381,-1.35586929736,0.0794721408523,1.89409791432,0.159162410306,-0.000722613496716,-0.00251213732574,-0.00122381549116,-0.00238882224443,0.000168873915282,-0.00018764262686,0.000704952618623,0.573820910768,0.818966992561,0.00183694364057,0.0,0.818922674361,-0.573763101594,-0.0119291058856,0.0,-0.00871574129541,0.00834964595925,-0.99992715698,0.0,0.661673917238,0.260865957328,0.303152766272,1.0,-0.0005,-0.000657142857143,0.026
0.465068740107,0.547834326503,-0.124001013796,-1.35588129755,0.0794683235302,1.89409749303,0.159161420318,0.00019826913495,-0.00682044229994,-2.77438649524e-05,-0.000423460076806,0.000155826553636,-2.86380251362e-05,-0.000462295285115,0.573814663368,0.818971375112,0.00183459872076,0.0,0.818927021601,-0.573756860328,-0.0119308599433,0.0,-0.00871858703187,0.00834866558597,-0.999927140357,0.0,0.661669909161,0.260868176097,0.303153838935,1.0,-0.00076,-0.000998857142857,0.039
0.465063881364,0.547756362971,-0.123998222141,-1.35596248377,0.0794680625916,1.89411720531,0.159159554036,-0.000497939243315,-0.00798057788907,0.000931397322229,-0.00443612655532,0.000122059275188,0.00194462666119,0.000452381518922,0.573819527873,0.818967925518,0.00185291815849,0.0,0.818923740227,-0.573761579155,-0.0119291609376,0.0,-0.00870663456731,0.00836274517461,-0.999927126849,0.0,0.661657934621,0.260859264812,0.303172047785,1.0,-0.00118,-0.00155085714286,0.06
0.465068054416,0.547637121189,-0.12400126628,-1.35612870243,0.0794653746907,1.89414665732,0.159150935627,0.00065207397421,-0.0117480060003,0.00107884918503,-0.01111682588,0.000472220248163,0.00618477344473,-0.002705485518,0.573819532324,0.818967945336,0.00184275258016,0.0,0.818923532075,-0.573761535049,-0.0119455603903,0.0,-0.00872589850024,0.00836383035787,-0.99992694985,0.0,0.661628610516,0.260843660871,0.303180060821,1.0,-0.0015,-0.00197142857143,0.076
0.465052359595,0.547489420296,-0.124001345314,-1.35632800678,0.0794605836915,1.89421403754,0.159155207716,-0.00116622260295,-0.00852640508401,-0.00018136106327,-0.0117766431432,0.000184484601544,0.00737370198051,0.00152815571933,0.573845755863,0.818949530653,0.00186054357234,0.0,0.818905276128,-0.573787609654,-0.0119446489717,0.0,-0.00871467560465,0.008378156371,-0.999926927793,0.0,0.661604635823,0.260815316008,0.303195674049,1.0,-0.00182,-0.002392,0.092
0.465021135169,0.547311905186,-0.124001345435,-1.35653708413,0.0794591017731,1.89434264978,0.159145498984,-0.00481344109551,-0.0145968234901,-9.01810097277e-05,-0.0135096343593,0.000311122002455,0.00435771720719,0.000712372761865,0.573874979184,0.818928849092,0.00194815137515,0.0,0.818885704602,-0.573816431987,-0.0119017679657,0.0,-0.00862898600599,0.00842560237405,-0.999927272268,0.0,0.661595271011,0.260780685131,0.303233069429,1.0,-0.00216,-0.00283885714286,0.109
0.464992767125,0.547116856791,-0.124001099331,-1.3567862779,0.079455541209,1.89446583079,0.15912604466,-0.00255595462576,-0.0144978229614,-0.000424668481304,-0.0142261027312,-0.000126890292305,0.00838256344547,-0.000569536878942,0.573895270279,0.818914473138,0.00201279332609,0.0,0.818872107319,-0.573836393318,-0.01187486669,0.0,-0.0085696511286,0.00846331308611,-0.999927464075,0.0,0.661575385531,0.260742842629,0.303263300309,1.0,-0.0025,-0.00328571428571,0.126
0.464960910505,0.546906416882,-0.124003471334,-1.3570967502,0.0794488349133,1.89458636203,0.15911167977,-0.00142041306927,-0.0172250600846,0.000107263961817,-0.0173482447406,-0.000382581604508,0.00530213964804,-0.00298111673742,0.57392687309,0.818892267749,0.00203594365376,0.0,0.81885011492,-0.573867810698,-0.0118731647692,0.0,-0.00855464499932,0.00848162432205,-0.999927437416,0.0,0.661542987045,0.260693405797,0.303275108705,1.0,-0.00282,-0.00370628571429,0.142
0.464923291449,0.546626044927,-0.124001433245,-1.35750682295,0.0794387128379,1.89473862543,0.159015707576,-0.00287353788684,-0.0121610519918,-0.000312885799298,-0.0264394054149,-0.00304872708104,0.00468807687976,-0.00754946572241,0.573897902241,0.818912499859,0.00206452884999,0.0,0.818870571439,-0.573838580815,-0.0118750705604,0.0,-0.00854010183673,0.0085058237662,-0.999927356173,0.0,0.661496570771,0.260633407689,0.303291629535,1.0,-0.00318,-0.00417942857143,0.16
0.464886328232,0.546342977087,-0.124007239282,-1.35796342449,0.0794230707973,1.89489905744,0.158928123177,0.000674213377553,-0.017938663525,3.43862256329e-06,-0.0336939551909,-0.000769790973136,0.00729660269876,-0.00136239351814,0.573881862081,0.818923755266,0.00205872182307,0.0,0.818881654294,-0.573822469702,-0.0118893408664,0.0,-0.00855528754481,0.00850909043389,-0.999927198567,0.0,0.66144307785,0.260563469458,0.303288855405,1.0,-0.00352,-0.00462628571429,0.177
0.46484405725,0.546057998667,-0.124003825686,-1.35844880774,0.0794011982716,1.89507110355,0.158906381907,0.00103115004536,-0.0182440455978,-0.00145309452826,-0.0331266178083,-0.00051636623121,0.00817578122835,-0.00625683693307,0.573917618239,0.818898747975,0.00203836727084,0.0,0.818856284799,-0.573858208227,-0.0119116999665,0.0,-0.00858490768512,0.00850562808409,-0.999926974159,0.0,0.661384918873,0.260491744663,0.303274411043,1.0,-0.00384,-0.00504685714286,0.193
0.464778736279,0.545692710175,-0.124006665149,-1.35907438345,0.0793194246581,1.89528102792,0.158818112135,-0.00298487053318,-0.0227732864315,-0.000999760499875,-0.0299232742843,-0.007915812609,0.0145029255842,-0.0111495213546,0.573913958331,0.818901479892,0.00197016860476,0.0,0.818858506379,-0.573855202062,-0.0119038018833,0.0,-0.00861761539161,0.00844520997552,-0.999927204917,0.0,0.661314974321,0.26037843813,0.303253467397,1.0,-0.0042,-0.00552,0.211
0.464730747831,0.54532934061,-0.12400755608,-1.35971632867,0.0792765756923,1.89548323853,0.15870675065,-0.00363429353702,-0.0222462292378,-0.000392611553029,-0.0440058865345,-0.000481400847964,0.0118704802118,-0.00701896967673,0.573886980876,0.818920545234,0.00190280755183,0.0,0.818876677129,-0.573828492382,-0.0119413519106,0.0,-0.00868730048614,0.00841131306463,-0.999926887639,0.0,0.661232461594,0.260281534995,0.303222685669,1.0,-0.00452,-0.00594057142857,0.227
0.464672997339,0.544927406856,-0.124008440857,-1.36037775084,0.0792583150283,1.89570785,0.158671785655,-0.00800984663811,-0.022106377466,0.000116854830458,-0.0409790297019,-0.00269354718846,0.01306400238,-0.00647982104243,0.57393821374,0.818884682741,0.00188416625349,0.0,0.818840346689,-0.573879580633,-0.0119774983751,0.0,-0.00872707344074,0.00841733743053,-0.999926490608,0.0,0.661152054478,0.260181887929,0.303211889385,1.0,-0.00484,-0.00636114285714,0.243
0.464603473293,0.544479579501,-0.124010571737,-1.36110495904,0.0792349439182,1.89597420439,0.158571400349,-0.00544804614804,-0.023338937388,-0.000218363116723,-0.0476847746204,-0.000395270197892,0.0137167819719,-0.006199860864,0.57394879075,0.818877271583,0.00188323723807,0.0,0.818832732836,-0.573889976567,-0.0119998888854,0.0,-0.00874583367973,0.00842954030389,-0.9999262239,0.0,0.661069610554,0.260068541661,0.303205882002,1.0,-0.00518,-0.006808,0.26
0.464527678244,0.54394756634,-0.124013472722,-1.36196661419,0.0791953264631,1.89627693432,0.158450713124,-0.00434767586987,-0.0341167074313,-0.00107483739252,-0.0522427376913,0.000218311935366,0.0164205202617,-0.00016239097728,0.573951457954,0.818875440924,0.00186629708531,0.0,0.818830548393,-0.573892588834,-0.0120239927375,0.0,-0.00877526723982,0.00842953152252,-0.999925966101,0.0,0.660968312694,0.259935593089,0.303198564,1.0,-0.00554,-0.00728114285714,0.278
0.464459209219,0.543452767434,-0.124010926882,-1.36275947049,0.0791534312901,1.89654896378,0.158367052404,-0.00211563163263,-0.0335867926397,0.00021448925671,-0.0529405739881,-0.00214573378702,0.0227270555497,-0.0067525293303,0.57397009484,0.81886241944,0.00184801471383,0.0,0.818817182734,-0.573911201825,-0.0120457701988,0.0,-0.00880340167638,0.00842726031594,-0.999925737944,0.0,0.660872601168,0.259815876058,0.303194749788,1.0,-0.00586,-0.00770171428571,0.294
0.464380350185,0.542893650746,-0.124019716884,-1.36363876696,0.0790934649576,1.89687036611,0.158247000953,-0.00410912965484,-0.0347012597779,-0.00228180984022,-0.0541672536229,-0.0041185925985,0.0161239374633,-0.00948740375615,0.573975431495,0.818858690371,0.00184286326141,0.0,0.818813481231,-0.573916651063,-0.0120377526362,0.0,-0.00879973786959,0.00841849762828,-0.999925844006,0.0,0.660774713993,0.259673744644,0.303199860702,1.0,-0.0062,-0.00814857142857,0.311
0.464289977525,0.542302593711,-0.124012307798,-1.36456200883,0.0790475593367,1.89719667943,0.158113262705,-0.0075828801225,-0.0338645036778,-0.000504605057248,-0.0545492788537,-0.00460408976984,0.0152591348716,-0.0106175461375,0.573972358217,0.818860841144,0.00184438171617,0.0,0.818815538186,-0.573913462812,-0.012049835226,0.0,-0.00880879230787,0.00842664298732,-0.999925695672,0.0,0.660661130107,0.259521805432,0.30320799696,1.0,-0.00656,-0.00862171428571,0.329
0.464209741563,0.541717380734,-0.124023255941,-1.36546041794,0.0789852426353,1.89753607772,0.157991910538,-0.00615997844623,-0.0400502209885,0.000534641009179,-0.0553919826041,-0.0124765252622,0.0223266142351,-0.015236360099,0.573980982857,0.818854759465,0.0018604091853,0.0,0.81880975148,-0.573922098581,-0.0120317306432,0.0,-0.00878467909022,0.00842946805608,-0.999925883994,0.0,0.660569551741,0.259385855453,0.303222441608,1.0,-0.00686,-0.009016,0.344
0.464120188718,0.541062712236,-0.124021186914,-1.36647315469,0.0789342281403,1.89792276118,0.157868077029,-0.00400708533133,-0.0441701447256,0.00141196349291,-0.0591250723848,0.000418293005117,0.0233589969405,-0.0111279901778,0.573994092734,0.81884550194,0.0018900687738,0.0,0.818800784787,-0.573934985537,-0.0120272236924,0.0,-0.00876383015786,0.00845130786056,-0.999925882592,0.0,0.660455760547,0.259234272561,0.30323670005,1.0,-0.0072,-0.00946285714286,0.361
0.464025755811,0.540347011841,-0.124023945342,-1.3675549047,0.0788630958429,1.8983203899,0.157742766056,-0.00807514511238,-0.0441142846673,0.000643704226939,-0.0664389416951,-0.00304324336284,0.028174030817,-0.00551658520959,0.574011602536,0.818833173811,0.00191324902818,0.0,0.818788816233,-0.573952448423,-0.0120086744471,0.0,-0.00873515522546,0.00845982824858,-0.999926061451,0.0,0.660333123957,0.259066781399,0.303262218699,1.0,-0.00754,-0.00990971428571,0.378
0.463931003766,0.539649095435,-0.12403280543,-1.36864264016,0.0788014606169,1.89873371007,0.157622483456,-0.00769945698382,-0.0466898106092,0.00100137765783,-0.0705225779346,-0.00879493525908,0.0297632931995,-0.00512014480137,0.574040701365,0.818812729769,0.00193226434135,0.0,0.818768634369,-0.573981475932,-0.0119973147159,0.0,-0.0087146378577,0.00846918744814,-0.999926161249,0.0,0.660212506491,0.258897201401,0.303273794676,1.0,-0.00786,-0.0103302857143,0.394
0.463832587983,0.538907135278,-0.124041531163,-1.36981196078,0.0787372853864,1.89917805613,0.157466983917,-0.00400722426684,-0.044472894693,-0.000587956443289,-0.0708536862813,-0.0100577843063,0.0273074497543,-0.00411183019539,0.574047641975,0.818807828769,0.00194709809769,0.0,0.818763914684,-0.573988340636,-0.0119909852049,0.0,-0.00870086847295,0.00847777366597,-0.999926208398,0.0,0.660081204216,0.258717875876,0.303280234297,1.0,-0.0082,-0.0107771428571,0.411
0.463716461297,0.538066595888,-0.124041841869,-1.37109962388,0.0786658484226,1.89967405804,0.1573071018,-0.00308686491342,-0.0471965543368,0.000132304026487,-0.0759723556226,-0.00556404341345,0.0330203726349,-0.00391081105697,0.574064090768,0.818796190507,0.00199123127941,0.0,0.818752812003,-0.574004561615,-0.011972593013,0.0,-0.00866030444961,0.00850352565072,-0.999926341876,0.0,0.659938214253,0.258521334152,0.303304037664,1.0,-0.00856,-0.0112502857143,0.429
0.463631271737,0.537358336128,-0.124051337726,-1.37221585142,0.0785940759773,1.90008264412,0.157167391452,-0.00628890750788,-0.0466935368858,-0.00110036410776,-0.0763447836478,-0.000333806091461,0.0340491855645,-0.00464668975261,0.574068389359,0.818793187937,0.0019866122302,0.0,0.818749816914,-0.574008945555,-0.0119672314323,0.0,-0.00865852108714,0.00849671126122,-0.999926415248,0.0,0.659807871983,0.258352522669,0.303308593847,1.0,-0.00886,-0.0116445714286,0.444
0.463504887643,0.53647098882,-0.124052059387,-1.37360350496,0.0785277645163,1.90061113461,0.15700107344,-0.00646847914905,-0.0430496275434,0.000279677975722,-0.0788537882854,-0.00625442888411,0.0335249242068,-0.0145787614374,0.57409493261,0.81877449864,0.00201881891217,0.0,0.818731398413,-0.574035203693,-0.0119678350613,0.0,-0.00864025137829,0.00852370800191,-0.999926343516,0.0,0.659651303151,0.258140775973,0.303320408835,1.0,-0.00922,-0.0121177142857,0.462
0.463394404125,0.535596295089,-0.124060273806,-1.37498720343,0.07844271653,1.90111359435,0.1568365275,-0.00260427449395,-0.053596379387,-0.00144520484271,-0.0821973487842,-0.000741936752011,0.0295402427869,-0.0120511241658,0.574109618266,0.818764223277,0.00200992491626,0.0,0.818721030823,-0.574049948187,-0.0119698611535,0.0,-0.00864686325492,0.00851774420979,-0.999926337182,0.0,0.659488428352,0.257930704762,0.303322954676,1.0,-0.00956,-0.0125645714286,0.479
0.46328295588,0.534755102322,-0.124055501956,-1.37633590534,0.0783725611048,1.90159321995,0.156669472717,-0.0119593656505,-0.0481958635118,-0.000459749472837,-0.0865640591335,0.000266537164049,0.0275580965924,-0.0103725598928,0.574115823504,0.818759912823,0.00199330332588,0.0,0.818716329021,-0.574056051066,-0.0119987386828,0.0,-0.00867998551869,0.00852077977288,-0.999926024346,0.0,0.65932437116,0.257732124327,0.303315976872,1.0,-0.00988,-0.0129851428571,0.495
0.463137686095,0.533739271934,-0.124054931763,-1.37799100401,0.0782748839174,1.90220806289,0.156462209656,-0.00423730640968,-0.0527431793873,0.000106332514332,-0.0860398267071,-0.00765521560001,0.0295867435778,-0.0126382848075,0.574129175126,0.818750601975,0.0019720383465,0.0,0.818706693198,-0.574069444925,-0.0120153992037,0.0,-0.00870569598372,0.00851307613027,-0.999925866448,0.0,0.659131457235,0.257479469096,0.303298028878,1.0,-0.01026,-0.0134845714286,0.514
0.463018422897,0.532852973845,-0.124060954415,-1.3794238172,0.0781918254776,1.90275449853,0.156275412209,-0.00884062671756,-0.0561775914041,-0.000811235495263,-0.0933621674552,-0.000245341048804,0.0399058503805,-0.0117018441602,0.574134309682,0.818747005128,0.0019705179723,0.0,0.818703074283,-0.574074583155,-0.0120164902058,0.0,-0.00870740872923,0.00851251232323,-0.999925856335,0.0,0.65896681177,0.257262553897,0.303288612383,1.0,-0.01058,-0.0139051428571,0.53
0.462899115308,0.531997389708,-0.12405886289,-1.38079345984,0.0781207552279,1.90325564194,0.156106477305,-0.0108194411067,-0.0624040198563,0.000286076486906,-0.0961035001287,-0.00515600186856,0.0326345926793,-0.0153467173724,0.574147875888,0.818737503481,0.00196568259561,0.0,0.81869336259,-0.57408802483,-0.0120359752183,0.0,-0.00872599746592,0.008519884934,-0.999925631499,0.0,0.658804189369,0.257056309189,0.303283255826,1.0,-0.01088,-0.0142994285714,0.545
0.462754670067,0.530919021261,-0.124061647977,-1.38251979472,0.0780014229505,1.90386841367,0.155885942094,-0.00747707227663,-0.0680626757825,-0.000427306746513,-0.0976455982838,-0.0107173336473,0.0350764995279,-0.013033439902,0.574149291436,0.81873660353,0.00192667732072,0.0,0.818692038374,-0.574089691206,-0.0120465619618,0.0,-0.00875704423692,0.00849404393424,-0.999925579928,0.0,0.658596326252,0.256791078015,0.303274731122,1.0,-0.01124,-0.0147725714286,0.563
0.462618840273,0.529889035074,-0.124067258337,-1.38416046541,0.0779039974648,1.90445805604,0.155672563559,-0.00521854190304,-0.0598256743888,-0.00120115854828,-0.0951275323241,-0.00621277424296,0.0332540422206,-0.00902320646473,0.574152638849,0.818734299375,0.0019082010357,0.0,0.818689451966,-0.574093078797,-0.0120608879165,0.0,-0.00877934664022,0.00848717808874,-0.999925442661,0.0,0.658399309636,0.256541399692,0.303270756535,1.0,-0.01158,-0.0152194285714,0.58
0.46248442513,0.528885046776,-0.124065660117,-1.38572831906,0.0778036754771,1.90505230184,0.15545116629,-0.0092504512518,-0.0640223474108,-0.000265393203949,-0.103731841206,-0.00270770686874,0.0354128256895,-0.00795450512362,0.574138414582,0.818744221536,0.0019306746587,0.0,0.81869970603,-0.57407879594,-0.0120446793368,0.0,-0.00875332075237,0.00849611945071,-0.999925594897,0.0,0.658217266037,0.256305012107,0.303283038139,1.0,-0.0119,-0.01564,0.596
0.462351267475,0.527776249532,-0.124068050739,-1.38744153274,0.0776945229904,1.90571973958,0.155220849846,-0.00784767272635,-0.0692117637311,-3.69397593041e-05,-0.100447524858,-0.00580145421674,0.0388064020126,-0.0107481418834,0.57411821781,0.818758274094,0.0019767353227,0.0,0.818714416869,-0.574058459404,-0.0120139793164,0.0,-0.00870195087558,0.00851599006015,-0.999925874235,0.0,0.658004880327,0.2560377028,0.303304363764,1.0,-0.01226,-0.0161131428571,0.614
0.462183608611,0.526477080812,-0.124070444687,-1.38944394935,0.077568411598,1.9064768861,0.154942041637,-0.009356951317,-0.0660506772682,-0.000794675738801,-0.103857376106,-0.00971887786628,0.0462172526179,-0.013400814103,0.574108999229,0.818764628902,0.00202147573663,0.0,0.818721435096,-0.574049130913,-0.0119813986581,0.0,-0.00864968556953,0.00853381861155,-0.999926175715,0.0,0.657785427958,0.255753460627,0.303333059491,1.0,-0.01262,-0.0165862857143,0.632
0.462055365847,0.525498041669,-0.124073979063,-1.39096176819,0.0774709188044,1.90701390588,0.154733627697,-0.0113737391047,-0.0703837280553,-0.00125188436481,-0.110759220697,-0.00751958867337,0.0395624497526,-0.0153212331828,0.574101151086,0.818770142572,0.00201714048485,0.0,0.818726901058,-0.574041310686,-0.0119825711202,0.0,-0.00865321609792,0.0085308592967,-0.99992617042,0.0,0.657601040071,0.255520447555,0.303346029024,1.0,-0.0129,-0.0169542857143,0.646
0.461887260997,0.524252909638,-0.124082631868,-1.39293840218,0.0773623232828,1.90772710612,0.154468454801,-0.00995445466938,-0.0666921538352,-0.00153589986023,-0.11398839955,-0.00182462182537,0.0355073927534,-0.0125220949946,0.574104764946,0.818767636975,0.0020055944305,0.0,0.818724124262,-0.574044854097,-0.0120025304346,0.0,-0.00867614936217,0.00853290274246,-0.99992595426,0.0,0.657362483773,0.255217442362,0.303342995619,1.0,-0.01326,-0.0174274285714,0.664
0.46173281564,0.523053832238,-0.124080249053,-1.39487167353,0.0772314966336,1.90845430021,0.154208669481,-0.010957755474,-0.0715963968108,0.000811632168806,-0.114008176091,-0.00643130149593,0.044116336679,-0.0142885279303,0.574085288565,0.818781329201,0.00199080547561,0.0,0.818737714184,-0.574025531876,-0.0119996261881,0.0,-0.00868246387254,0.00851892040297,-0.999926018672,0.0,0.657130264831,0.25493179085,0.303328718408,1.0,-0.0136,-0.0178742857143,0.681
0.461571983845,0.521813211062,-0.124081238006,-1.39682304007,0.0771250057638,1.90921987675,0.153946388966,-0.0145112609564,-0.0772761762994,0.000149437808464,-0.116280231265,-0.010149926406,0.0525785829625,-0.00814890456435,0.574078975177,0.818785631272,0.00204136825766,0.0,0.818742602719,-0.574018934043,-0.0119816841209,0.0,-0.00863881308933,0.00854995271451,-0.99992613188,0.0,0.656902973471,0.25464489769,0.303338153449,1.0,-0.01394,-0.0183211428571,0.698
0.461410309489,0.520625953673,-0.124089697566,-1.3987336491,0.076988321644,1.90991929684,0.153687438827,-0.0108616459222,-0.0749178917709,-0.000790521453837,-0.119625832213,-0.0121651494172,0.0370321702056,-0.0137354296099,0.574070253234,0.81879183233,0.00200662976917,0.0,0.818748530234,-0.574010536252,-0.0119789570886,0.0,-0.00865661226069,0.00851985213709,-0.999926234871,0.0,0.656673568484,0.254347994182,0.303323630025,1.0,-0.01426,-0.0187417142857,0.714
0.461230382652,0.519232485467,-0.12409291287,-1.40090839061,0.0768626043598,1.91070133941,0.153389566169,-0.010350771241,-0.0734488700413,-0.00122094746242,-0.12354250844,-0.00265634620029,0.0446093820507,-0.00876479573186,0.574057637717,0.818800666836,0.00201083781972,0.0,0.818757306156,-0.573997792887,-0.0119897571717,0.0,-0.0086631714899,0.00852936405186,-0.999926096973,0.0,0.656405855979,0.254020925483,0.30333483388,1.0,-0.01462,-0.0192148571429,0.732
0.461074046912,0.518035754355,-0.124094667476,-1.40277916113,0.0767351402862,1.91137784664,0.153137186095,-0.0128392440297,-0.0812269920562,0.000512502868736,-0.121347009735,-0.00666395748753,0.0472574952483,-0.0196965540904,0.574044888285,0.818809618756,0.002005334593,0.0,0.818766263428,-0.57398514416,-0.0119836161691,0.0,-0.00866143468074,0.00852119797614,-0.999926181643,0.0,0.656176824218,0.253736321521,0.303343001933,1.0,-0.01492,-0.0196091428571,0.747
0.460878145875,0.516618658426,-0.124107740986,-1.40503690533,0.0765846454225,1.91220558048,0.152824064454,-0.00976038062951,-0.0757504252975,-0.00146408297324,-0.120894385886,-0.00722696249172,0.0434628459994,-0.0201877297435,0.574036927628,0.818815253265,0.00198334100852,0.0,0.818771737665,-0.573977401544,-0.0119804432149,0.0,-0.00867154368088,0.0085012840547,-0.999926263531,0.0,0.655905278085,0.253382705399,0.303334733377,1.0,-0.01528,-0.0200822857143,0.765
0.460692021371,0.515229441917,-0.124112077374,-1.40723569912,0.0764522110666,1.91302466489,0.152523822543,-0.00883357975571,-0.0793711619834,-0.00017672266549,-0.12924611651,-0.00798945525861,0.0418465862264,-0.0207324439218,0.574026898426,0.818822267594,0.00199019516489,0.0,0.818778814335,-0.573967318143,-0.0119798915091,0.0,-0.00866726182127,0.00850647337981,-0.999926256523,0.0,0.655638952216,0.253049585888,0.303333512336,1.0,-0.01562,-0.0205291428571,0.782
0.460528861066,0.514004340275,-0.124109927003,-1.40922736603,0.0763309490793,1.91372481046,0.152254604978,-0.0171268454434,-0.0857265303296,0.000118983115788,-0.134836965232,-0.0151942270259,0.0458774735008,-0.0184536416326,0.574014208227,0.818831322247,0.00192389231213,0.0,0.818786883364,-0.573954794616,-0.0120283112085,0.0,-0.00874509912467,0.0084798425881,-0.999925805003,0.0,0.655367485572,0.252727797574,0.303300053756,1.0,-0.01594,-0.0209497142857,0.798
0.460328233685,0.512516060678,-0.124115286514,-1.41162768761,0.0761931793558,1.91456902135,0.151914793374,-0.0075584767944,-0.0798743489065,-0.000820495649788,-0.132740349209,-0.0138412431419,0.0533757414492,-0.0181297377401,0.573988786622,0.81884924327,0.00188056605622,0.0,0.818804074381,-0.573929405925,-0.0120694528778,0.0,-0.00880391969896,0.00846770879114,-0.99992539167,0.0,0.655080934434,0.252386749497,0.303278641924,1.0,-0.01628,-0.0213965714286,0.815
0.460123288652,0.511064034562,-0.12411360561,-1.41392772239,0.0760518413582,1.91544087953,0.151585009312,-0.0118833662255,-0.0797895557088,0.00118333712485,-0.136049497982,-0.00614736862323,0.0456675929771,-0.0240756328376,0.573967611068,0.818864043381,0.0018991588578,0.0,0.818819100502,-0.573908135444,-0.0120614934988,0.0,-0.00878694979265,0.00847813738748,-0.999925452571,0.0,0.654804013365,0.252035950851,0.303276309827,1.0,-0.01662,-0.0218434285714,0.832
0.459940347673,0.509656639558,-0.124118818765,-1.41615515961,0.0759083984773,1.91627702619,0.151275993882,-0.0109289088849,-0.0880421795004,0.000897285195227,-0.145587436949,-0.0151692118605,0.0517363536702,-0.0293998679857,0.573945468279,0.818879546888,0.00190631341954,0.0,0.818834761332,-0.573886025936,-0.0120503016509,0.0,-0.00877390784816,0.00847733493282,-0.999925573897,0.0,0.654531338174,0.251700893355,0.303273929471,1.0,-0.01694,-0.022264,0.848
0.45971761005,0.508052513961,-0.124119304124,-1.41866738647,0.0757454434818,1.91717350724,0.15092503285,-0.00692374424156,-0.0888486091174,0.00101811198822,-0.136738278512,-0.00398860659289,0.0574962808521,-0.0180512861671,0.57392694914,0.818892558929,0.00189232189508,0.0,0.81884757859,-0.573867558428,-0.012058827593,0.0,-0.00878911125723,0.0084705724171,-0.999925497688,0.0,0.654216866979,0.251312434055,0.303278205366,1.0,-0.0173,-0.0227371428571,0.866
0.459511976913,0.50660685338,-0.124128061637,-1.42095153287,0.0756074060994,1.91800621597,0.150616943696,-0.0100674745424,-0.0957334660552,-0.00110235732641,-0.144853089568,-0.00879417433499,0.0628758314537,-0.0210550497035,0.573930235843,0.818890269681,0.00188613572899,0.0,0.818845168775,-0.573870833465,-0.0120666057198,0.0,-0.00879899713718,0.00847000606981,-0.999925415542,0.0,0.653935294401,0.250955040518,0.30327444873,1.0,-0.01762,-0.0231577142857,0.882
0.459306617342,0.505091786223,-0.124131832931,-1.42325640234,0.0754621650481,1.91890628573,0.150306170494,-0.0125318680682,-0.093574433753,0.00112072467018,-0.14486753757,-0.00249158983672,0.0565794001687,-0.0238334839058,0.573926522702,0.818892661642,0.00197538604877,0.0,0.818848815329,-0.573866821898,-0.0120097984748,0.0,-0.0087012948519,0.00851044825536,-0.999925927126,0.0,0.653662354499,0.250602608339,0.303314433598,1.0,-0.01794,-0.0235782857143,0.898
0.459081101671,0.503435946815,-0.12413799542,-1.42574286392,0.0753031178364,1.91983767727,0.149948060294,-0.0143236896043,-0.0913116373623,-0.000490395185558,-0.14633750636,-0.00383738356893,0.051366536718,-0.0132178392432,0.573907128751,0.818906052465,0.002057111274,0.0,0.818863340303,-0.573847153476,-0.0119591494923,0.0,-0.00861311828186,0.00854809873404,-0.99992636939,0.0,0.653361110377,0.25021595315,0.303368512469,1.0,-0.01828,-0.0240251428571,0.915
0.458831483863,0.501628201795,-0.124142352128,-1.42841858589,0.0751304185318,1.92081563468,0.149572823031,-0.0114000030201,-0.098911941189,-0.00150181390111,-0.154284513801,-0.0116325097306,0.0499823385938,-0.0193457216378,0.573897429681,0.818912616894,0.00214778912898,0.0,0.818871130834,-0.573837128102,-0.0119066535576,0.0,-0.00851819167936,0.00859212581071,-0.999926805214,0.0,0.653032845867,0.249795259155,0.303441820529,1.0,-0.01864,-0.0244982857143,0.933
0.458608212132,0.500019523111,-0.124144736526,-1.43085857164,0.0749783475482,1.9216714639,0.149231840657,-0.0149820710051,-0.0949594535713,0.000283671321846,-0.151150650465,-0.015583998858,0.0530050481104,-0.0231899470086,0.57388577007,0.818920729198,0.00217004639194,0.0,0.81887945477,-0.573825300937,-0.0119041783044,0.0,-0.00850351457262,0.00860881068579,-0.999926786629,0.0,0.652722416995,0.249413467439,0.303477154283,1.0,-0.01896,-0.0249188571429,0.949
0.458358839515,0.498343424724,-0.124147130896,-1.43348241267,0.0748118775964,1.92265735685,0.148848510762,-0.0128947869649,-0.0941953928024,-0.000526118242788,-0.15644006433,-0.00661871493099,0.0566269254571,-0.0209050632839,0.573866290988,0.818934304302,0.00219822795798,0.0,0.818893422209,-0.573805736858,-0.0118863919187,0.0,-0.00847298141457,0.00862148004915,-0.999926936665,0.0,0.652401573547,0.249000234241,0.303482768595,1.0,-0.0193,-0.0253657142857,0.966
0.458092275558,0.496664219289,-0.124147933149,-1.43615136774,0.0746509218748,1.92361266417,0.148458102142,-0.0161432480841,-0.097364485915,3.31834817534e-05,-0.158988855867,-0.0122882735266,0.0565366971317,-0.0188021190027,0.573857082728,0.818940828907,0.0021712329937,0.0,0.818899460918,-0.573796502038,-0.0119161259887,0.0,-0.00851292009771,0.0086163407166,-0.999926641741,0.0,0.652066172477,0.248570420398,0.303465791,1.0,-0.01964,-0.0258125714286,0.983
0.457843772076,0.495080880244,-0.124142643441,-1.4387291251,0.0744869769948,1.92449893169,0.148089742148,-0.0185257115513,-0.0979417179146,0.00101087838439,-0.161354499846,-0.0072610144397,0.0619066572965,-0.0228861100416,0.573840503263,0.818952686127,0.0020788464246,0.0,0.818909963807,-0.573780153985,-0.0119813593554,0.0,-0.00861953155867,0.0085779424846,-0.999926058556,0.0,0.651729592153,0.248160573007,0.303418697342,1.0,-0.01996,-0.0262331428571,0.999
0.457565029054,0.493222850245,-0.12419079808,-1.4416673247,0.0743103345749,1.92556995729,0.147677076439,-0.0152365494039,-0.11784453025,-0.00676293728362,-0.188220242983,-0.00787798208553,0.0797471378402,-0.0296625132194,0.573865534884,0.818935187195,0.0020625099384,0.0,0.818892343759,-0.57380534213,-0.011979381387,0.0,-0.00862702381476,0.00856369258235,-0.999926116085,0.0,0.651368628254,0.247671072932,0.303408292209,1.0,-0.0257742857143,-0.0338747755102,1.016
0.457222802885,0.490658667844,-0.124237205469,-1.44567120394,0.0740841880907,1.92706703065,0.147085388553,-0.0276177049104,-0.15773944992,0.000658010291331,-0.246944403993,-0.0145281836992,0.0873151237717,-0.0400435264878,0.573834468095,0.818956830704,0.00211176973107,0.0,0.818914589459,-0.573774034475,-0.0119582371146,0.0,-0.00858176655529,0.00859157309076,-0.999926266359,0.0,0.650868312772,0.247045209131,0.303417878995,1.0,-0.0327274285714,-0.0430131918367,1.034
0.456830244007,0.488096712384,-0.124250191368,-1.44980080769,0.0738504995455,1.92856658096,0.146493448564,-0.0262647669786,-0.187575933742,-0.00441887317768,-0.289526442721,-0.0237167180343,0.113918918923,-0.0433961115543,0.57382091293,0.818966450882,0.00206376249428,0.0,0.818923291943,-0.573760391262,-0.0120167480557,0.0,-0.00865737501141,0.0085856898165,-0.999925665131,0.0,0.650303065119,0.246338279321,0.303364669724,1.0,-0.038908,-0.0511362285714,1.05
0.456256642469,0.484347946186,-0.124338357043,-1.45558567486,0.0734990202429,1.93074311901,0.145607638815,-0.0358901352115,-0.217927009505,-0.0074179123112,-0.341908578315,-0.0241491725743,0.125651060956,-0.0499956686679,0.573822477243,0.818965092453,0.00216537627706,0.0,0.818923534677,-0.573761809908,-0.0119321726562,0.0,-0.00852978689554,0.00862039243647,-0.999926463081,0.0,0.649637683942,0.245420904061,0.303405118698,1.0,-0.0454748571429,-0.059766955102,1.067
0.455611864897,0.480275172671,-0.124427207489,-1.46201654437,0.0731096935447,1.93296471988,0.144644656071,-0.0436606111328,-0.249168787116,-0.00565154852987,-0.393002869223,-0.0230086278249,0.136629395619,-0.0613975653627,0.573835235625,0.818956469989,0.00204194006459,0.0,0.818913203318,-0.573774979732,-0.01200770445,0.0,-0.00866233990672,0.00856278045169,-0.999925818578,0.0,0.648807119918,0.244330507714,0.303364261616,1.0,-0.0520417142857,-0.0683976816326,1.084
0.454907031486,0.475884800625,-0.124512735302,-1.46875713428,0.0727085337301,1.93540428381,0.143664349802,-0.0449903346431,-0.282711257376,-0.00681874747304,-0.431241399171,-0.0211527261141,0.159607004672,-0.0597614739688,0.573890263731,0.818917726783,0.00211396697379,0.0,0.818875389383,-0.573829689054,-0.011972114461,0.0,-0.00859128515683,0.0086019210679,-0.999926095656,0.0,0.647959176804,0.243184123947,0.303410392143,1.0,-0.0582222857143,-0.0765207183673,1.1
0.45399518966,0.470418842499,-0.12456691789,-1.47718471709,0.0722067005411,1.93842788048,0.142426661415,-0.0480225510007,-0.318445352822,-4.41624266865e-05,-0.486227644654,-0.0312993622593,0.17639643134,-0.0743389003216,0.573931306927,0.818888802062,0.0021752442908,0.0,0.81884694684,-0.57387015469,-0.011977900805,0.0,-0.00856042587846,0.00865585106135,-0.99992589493,0.0,0.646877442268,0.24176147243,0.303441843615,1.0,-0.0651754285714,-0.0856591346939,1.118
0.453093128936,0.465010748868,-0.124606027222,-1.48532099059,0.0716955621099,1.94146914699,0.141098837996,-0.0576702231669,-0.348267900908,0.000285222689784,-0.532666018943,-0.0311545774508,0.187818814935,-0.0836256762899,0.573858051172,0.818939401127,0.00243747564674,0.0,0.818901042326,-0.573795950175,-0.0118337374113,0.0,-0.00829265983339,0.00878710601573,-0.999927006616,0.0,0.645852809643,0.240388858408,0.303565630414,1.0,-0.071356,-0.0937821714286,1.134
0.452092589747,0.459205443568,-0.124643623493,-1.494355276,0.0711064585009,1.94455286769,0.139746667138,-0.0654928721449,-0.38110616249,-0.00408195326585,-0.580843211132,-0.0500656277748,0.200863319485,-0.0829172917349,0.573857902712,0.818939878454,0.00230865173023,0.0,0.818899538028,-0.57379598757,-0.0119355841051,0.0,-0.00844999338536,0.00874005137062,-0.999926101826,0.0,0.644636677291,0.238846187381,0.303532623358,1.0,-0.0775365714286,-0.101905208163,1.15
0.450855471454,0.452100016691,-0.124739586817,-1.50519511357,0.070370252835,1.94835044311,0.138023962253,-0.071912953351,-0.411366391008,-0.00689762902452,-0.603730588893,-0.0421652812177,0.223687739448,-0.104111699843,0.573826385842,0.818961901418,0.00233020144222,0.0,0.818922102022,-0.573764658842,-0.011893442921,0.0,-0.0084034511859,0.00873319297077,-0.999926553977,0.0,0.643202945678,0.236948330535,0.303587917326,1.0,-0.0844897142857,-0.11104362449,1.168
0.449588866983,0.444827455962,-0.124789238651,-1.51603241596,0.0696670209778,1.95236364681,0.136367535374,-0.0723374408939,-0.428012527339,-0.000686294057053,-0.662532021403,-0.0432713168556,0.228166019776,-0.0975525044398,0.573841555386,0.818950133564,0.00270091622582,0.0,0.818915323311,-0.573778628177,-0.011684433896,0.0,-0.00801939509109,0.00891700708501,-0.999928085558,0.0,0.641791799011,0.235083779029,0.303763499469,1.0,-0.0910565714286,-0.11967435102,1.185
0.448361603779,0.438148373122,-0.124805252492,-1.52640978334,0.0689538429854,1.95585561857,0.134722976015,-0.0851099639165,-0.454507239452,-0.00381216010735,-0.701226481222,-0.0513475363083,0.233862580233,-0.115326544514,0.57377046774,0.819000588804,0.00249655543607,0.0,0.818962823941,-0.573707967497,-0.011824040533,0.0,-0.00825176128558,0.00882904134366,-0.999926975566,0.0,0.640243892116,0.233148935115,0.303688482104,1.0,-0.0972371428571,-0.127797387755,1.201
0.446772174287,0.429532671407,-0.124844714432,-1.5393558276,0.0680799970708,1.96047732433,0.132596979191,-0.0918780606311,-0.476608536043,-0.00120073528214,-0.741056518676,-0.0531722392804,0.262772763212,-0.12377707856,0.57368801923,0.819057512989,0.00275570474053,0.0,0.819023144762,-0.573624619701,-0.0116889228885,0.0,-0.00799331392287,0.00896295354611,-0.999927883598,0.0,0.638485096126,0.230874022962,0.303808663273,1.0,-0.104190285714,-0.136935804082,1.219
0.445001525627,0.420526815022,-0.124909109723,-1.55318388485,0.0670807838129,1.96514353529,0.130301984912,-0.0972071550507,-0.506123013372,-0.00272868341054,-0.787437621876,-0.0516940632865,0.257273516488,-0.129190150148,0.573612702964,0.819110850905,0.00257445720261,0.0,0.819074094814,-0.573549927155,-0.0117836822134,0.0,-0.00817571963153,0.00886811174679,-0.999927254455,0.0,0.636636529162,0.228498901203,0.303757205884,1.0,-0.110757142857,-0.145566530612,1.236
0.443418939088,0.412554012553,-0.125022232179,-1.56510177212,0.0662262599083,1.96941395576,0.128363126578,-0.107092031655,-0.544311234154,-0.00364666401946,-0.818172836598,-0.0565675455814,0.28508336479,-0.136974869589,0.573661859629,0.819075685683,0.00279979123967,0.0,0.819042499048,-0.573599000622,-0.0115895702937,0.0,-0.0078869296259,0.00894181461839,-0.99992891762,0.0,0.635011815304,0.226292229586,0.303860813751,1.0,-0.116551428571,-0.153181877551,1.251
0.441327718977,0.4026796886,-0.125098169326,-1.58029396694,0.065219444223,1.97442082725,0.125829742766,-0.117807198794,-0.559605403791,-0.00646209111868,-0.870189834907,-0.0504919423965,0.275942426122,-0.145905405435,0.573692101162,0.819055306373,0.00255442135468,0.0,0.819017890553,-0.573628958238,-0.0118431467913,0.0,-0.00823506071344,0.00888660765131,-0.999926603296,0.0,0.632805884125,0.223463930474,0.303737635671,1.0,-0.123504571429,-0.162320293878,1.269
0.439156858892,0.392734334371,-0.125241268765,-1.59497887995,0.0641359893244,1.9795559423,0.123307739621,-0.131853380166,-0.586546890388,-0.00990588107933,-0.895436958277,-0.0713248428134,0.303717369531,-0.151560906737,0.57378448636,0.818989686773,0.00282897022737,0.0,0.818956588382,-0.573721184698,-0.0116127290389,0.0,-0.00788781703273,0.00898018046915,-0.999928566799,0.0,0.630756697235,0.220611252306,0.303889699169,1.0,-0.130071428571,-0.170951020408,1.286
0.43716256564,0.38379352396,-0.125342681964,-1.60859416361,0.0631143843991,1.98399654039,0.120904596944,-0.13660212209,-0.602683144998,-0.00644888701583,-0.912546615002,-0.0655901991895,0.296537076861,-0.162130939323,0.573758352822,0.819008722288,0.00261003551601,0.0,0.818972773582,-0.573695804576,-0.0117246255225,0.0,-0.00810536019645,0.0088648205282,-0.999927856444,0.0,0.628610366472,0.217797149076,0.303812287132,1.0,-0.136252,-0.179074057143,1.302
0.434719363912,0.373123358861,-0.125438457235,-1.62433297971,0.0619721162507,1.98932376126,0.118076921946,-0.147661233072,-0.632937465112,-0.00207198993348,-0.945627439599,-0.0641530505166,0.315545926861,-0.167889836967,0.573774636215,0.818996736404,0.00278558729059,0.0,0.818962985369,-0.573711380527,-0.0116459156456,0.0,-0.00793999664569,0.00896359647348,-0.999928302626,0.0,0.626436293242,0.214901013592,0.303896703216,1.0,-0.142432571429,-0.187197093878,1.318
0.431463220499,0.359456596501,-0.125612697926,-1.64455133538,0.0603749287808,1.99604517582,0.114484478564,-0.154305755548,-0.658658363874,-0.0120074162998,-0.985926546764,-0.0825966988247,0.318627028237,-0.174265278794,0.573892822894,0.818913764227,0.0028322239336,0.0,0.818881402651,-0.573830289306,-0.0115236438854,0.0,-0.00781180511408,0.00893276401019,-0.999929588235,0.0,0.62342591963,0.210834874813,0.303949910487,1.0,-0.150544571429,-0.197858579592,1.339
0.429281898512,0.350820579304,-0.125697597131,-1.65757473656,0.0594300072394,2.00014836395,0.112028795669,-0.173677089906,-0.667771767478,-0.000683542098495,-1.00920185299,-0.074468888363,0.318609904805,-0.194109690239,0.573911266168,0.818901557315,0.00261627488138,0.0,0.818865713294,-0.573848701917,-0.0117199744387,0.0,-0.00809631525419,0.00886877391788,-0.999927894665,0.0,0.621563528219,0.208395044419,0.303838007089,1.0,-0.15518,-0.203950857143,1.351
0.425767209768,0.336944674809,-0.125838265452,-1.67780931454,0.0578610016597,2.00676488745,0.108188129026,-0.179199127168,-0.685932505439,-0.00235039185417,-1.01445257873,-0.0833963433531,0.324792060713,-0.193096673052,0.573966891774,0.818862060675,0.00277121549634,0.0,0.818828168058,-0.573903711135,-0.0116493966034,0.0,-0.00794899109332,0.00895568969245,-0.999928302011,0.0,0.618293708666,0.204026820889,0.303923585015,1.0,-0.163292,-0.214612342857,1.372
0.423192697514,0.32691196342,-0.125865535654,-1.69242117391,0.0566389073322,2.01143760078,0.105331017062,-0.188945614152,-0.718338286541,-0.00133039113215,-1.03050501031,-0.0873084438841,0.345069354538,-0.207407847219,0.573858001612,0.818938301361,0.00279274974727,0.0,0.81890494227,-0.573795049121,-0.0116053449768,0.0,-0.00790174765675,0.00894698890424,-0.999928754349,0.0,0.615975137284,0.201040847824,0.303957514606,1.0,-0.1687,-0.22172,1.386
0.419287630246,0.312239859634,-0.125890929746,-1.71382214664,0.0549405838201,2.01811191443,0.101107840986,-0.200276177984,-0.732198498496,-0.00334839988292,-1.05807833774,-0.0784287639752,0.338306813222,-0.219913109443,0.573764259153,0.81900417294,0.00273615192012,0.0,0.818969227161,-0.573700556753,-0.0117398060729,0.0,-0.00804537318165,0.00897687819016,-0.999927341175,0.0,0.612492503244,0.196626450423,0.303931164483,1.0,-0.176425714286,-0.231873795918,1.406
