position_joint1,position_joint2,position_joint3,position_joint4,position_joint5,position_joint6,position_joint7,velocity_joint1,velocity_joint2,velocity_joint3,velocity_joint4,velocity_joint5,velocity_joint6,velocity_joint7,ee_T_00,ee_T_10,ee_T_20,ee_T_30,ee_T_01,ee_T_11,ee_T_21,ee_T_31,ee_T_02,ee_T_12,ee_T_22,ee_T_32,ee_T_03,ee_T_13,ee_T_23,ee_T_33,v_x,v_y,w_z,time
0.46510563829775736,0.5472932168057091,-0.12399772912098098,-1.3555678922419017,0.07946698880797824,1.8941661408075936,0.15914567855824965,0.00148280222916368,-0.0006027325707174498,-0.0006374221465593325,-0.0017441338972558492,0.00044944119190090795,0.0001686694080917318,-9.6204998764923e-05,0.5737511066588866,0.8190137515193293,0.002624753539922384,0.0,0.8189800667334791,-0.5736907904876426,-0.011457491178178989,0.0,-0.007878197579403001,0.008723537027419417,-0.9999309145659169,0.0,0.661759457791728,0.2609433822615042,0.3036922334633983,1.0,5e-324,6.9431702280383e-310,6.9429580284593e-310,0.0
0.46510245450888643,0.5472985065192507,-0.12399494538199023,-1.355570676301655,0.07946555074881045,1.8941664683408321,0.1591469556102819,0.00033124279169659656,-0.0012376785344645957,0.00044308334616078004,-0.001001884413392356,-0.00012458959334192435,8.249324509849967e-05,0.0008509491863337688,0.5737493548883666,0.8190149789325316,0.0026246810351380013,0.0,0.8189812809383769,-0.5736890255786831,-0.011459070831656353,0.0,-0.007879551656058636,0.008724367104596675,-0.9999308966545257,0.0,0.6617582020043187,0.260946164082819,0.3036920140746961,1.0,-8e-05,-0.00010514285714285717,-4e-05,0.005
0.4651000835674413,0.5472904008687051,-0.12398993407828554,-1.3555660720585405,0.07946565861697014,1.894166593718294,0.15915010471145322,-0.00098950195322519,-0.0005697109885971198,0.0017284206612535925,0.0006003659295571789,-8.789941210296709e-05,-0.00029753483162666647,0.001419907288192482,0.5737533778968471,0.8190121428295601,0.0026302378025914583,0.0,0.8189785066172102,-0.5736930190448829,-0.011457421150503036,0.0,-0.007874969599567239,0.008728010355948015,-0.9999309009571773,0.0,0.6617597727250273,0.2609442860746267,0.3036948742700424,1.0,-0.0003800000000000002,-0.0004994285714285718,-0.0001900000000000001,0.02000000000000001
0.4651024195765134,0.5472678275100997,-0.1239924426538791,-1.3555890574173026,0.07946622507805753,1.8941692677043278,0.1591501046573756,0.0009768597467715693,-0.003924750054044943,0.0009538070598251914,-0.004583589347467826,-8.379547424483782e-05,5.2225810530372144e-05,0.00012221364363985664,0.5737545994514082,0.8190112780653198,0.0026330422279263596,0.0,0.8189776666765549,-0.5736942187469325,-0.011457388994927039,0.0,-0.007873321285981505,0.008730300498969279,-0.9999308939447393,0.0,0.6617555668387379,0.26094222055411787,0.30370023973147203,1.0,-0.0008200000000000006,-0.0010777142857142867,-0.0004100000000000003,0.04200000000000003
0.4650988807385428,0.5472040092299321,-0.12399573459565008,-1.3556416838719274,0.07946255261985023,1.8941740361256507,0.15914587513204684,-0.0004397201133471642,-0.006281822071190011,-8.096894017207821e-05,-0.003275118495106734,0.00027541695755924425,0.00010341579835739846,-0.00045564079708379545,0.5737581458041077,0.8190087488170614,0.0026469578297671483,0.0,0.8189753201930896,-0.573697723181144,-0.011449638972746558,0.0,-0.007858952118363793,0.008737284983111673,-0.9999309459771335,0.0,0.6617480192187948,0.2609322906989707,0.3037209132491846,1.0,-0.0010800000000000009,-0.0014194285714285728,-0.0005400000000000004,0.05500000000000004
0.4650984922601794,0.5470993664591401,-0.12399097177922318,-1.3557778954837998,0.07946219725520533,1.8942001158432422,0.15914452537052767,-3.329264903499884e-06,-0.0077957360286943075,0.0007408581093496808,-0.013716864984529313,-3.36505427852243e-05,0.0001787365557362374,0.00014541134100832685,0.5737613696665008,0.8190064835720443,0.0026490463536922824,0.0,0.818972965155618,-0.5737008101064351,-0.011463408247258696,0.0,-0.007868997141794898,0.008746926569552796,-0.9999307826842662,0.0,0.6617237844959432,0.2609217043678109,0.3037323035619234,1.0,-0.001360000000000001,-0.001787428571428573,-0.0006800000000000005,0.06900000000000005
0.46508220329078265,0.5469746031062426,-0.12399716496849329,-1.355961268219831,0.07945527469749235,1.8942415898033909,0.15914837325052622,-0.003971501514379189,-0.0053299812162217065,-0.0004044807649170154,-0.013237031339797993,-0.0024746418307599405,0.0030702086283653086,0.01055319541642117,0.5737904418030587,0.8189861578635877,0.0026361002441964553,0.0,0.8189524358703372,-0.5737298803319029,-0.011475151310113734,0.0,-0.00788573242951307,0.008743341192581966,-0.9999306822019415,0.0,0.6616993723719454,0.26088890239266993,0.30373717954900425,1.0,-0.0016800000000000012,-0.002208000000000002,-0.0008400000000000006,0.08500000000000006
0.46507054914058044,0.5468055573549718,-0.12399313037733893,-1.3561597925174633,0.0794476432601088,1.8943502949354254,0.15914103667407836,0.0008840298375027383,-0.006858404520081357,0.0015386536880187384,-0.012158745579934235,-0.0005679917620776294,0.009773411675341815,-0.00022525383486391725,0.5738003786636311,0.818978966651615,0.0027063866935203382,0.0,0.8189461440732076,-0.573739580632405,-0.011439126915339737,0.0,-0.007815793652199587,0.008780329351181212,-0.9999309072061283,0.0,0.6616825345058952,0.26086833127933906,0.30377171890624577,1.0,-0.0020000000000000013,-0.0026285714285714306,-0.0010000000000000007,0.10100000000000008
0.4650445646169128,0.5466111180835284,-0.1239981416850759,-1.3563798241781622,0.07944557940501736,1.8944653785340244,0.15913879631317643,0.0007616749997034053,-0.01612257666432109,-0.0009274009461783625,-0.01875179064011166,-0.001747864878159476,0.008063175971446903,0.00027184449514448074,0.5738351794384026,0.8189543118369325,0.0027872681609655966,0.0,0.8189225111961517,-0.5737740990303517,-0.011399598208068195,0.0,-0.007736636782124273,0.008824217018529548,-0.9999311364515616,0.0,0.6616681983793141,0.26083215633708373,0.303814864482765,1.0,-0.0023200000000000017,-0.00304914285714286,-0.0011600000000000009,0.11700000000000009
0.46501266652930856,0.5464008833363907,-0.1239981416850759,-1.3566623934239816,0.07943813146889368,1.8945958090811164,0.15913046971941427,-0.00042997345785361526,-0.014159515951249303,-0.0013880435361188711,-0.01525575778280846,-0.0002844101432696582,0.009056525144944937,0.001570108666120321,0.573868414722976,0.8189308373082823,0.0028413359714593587,0.0,0.8188996915033278,-0.5738071159770005,-0.011376986029699554,0.0,-0.007686733889488595,0.008855832589894225,-0.9999312418117818,0.0,0.6616436871544518,0.26078792162677394,0.30384057203009807,1.0,-0.0026600000000000018,-0.003496000000000003,-0.0013300000000000009,0.1340000000000001
0.4649747940276448,0.5461571221091609,-0.12399034761989011,-1.357029132133379,0.07942115220842662,1.8947243763093222,0.1591101955535765,-0.0024648840664791365,-0.014741037953102366,0.0010570463739542485,-0.020475961897494146,-0.0022284743982413815,0.007071184183463095,-0.0029634761391472836,0.5738933335952375,0.8189133414982189,0.0028509072898233612,0.0,0.8188822344099497,-0.5738319050277704,-0.011383226307867558,0.0,-0.007686082312531484,0.008867485751056503,-0.9999311435469642,0.0,0.6616006728856775,0.2607330205364221,0.3038494978159011,1.0,-0.0030000000000000022,-0.003942857142857146,-0.0015000000000000011,0.1510000000000001
0.46493340127593763,0.5458388388312357,-0.12399058462120165,-1.3575208055238617,0.07939221807008355,1.8948906756522472,0.15909220919903572,-0.004099589149911069,-0.01584631526088301,0.0032057205128776145,-0.02484820729095757,0.0005309404791141868,0.0013503517409310683,-0.0016428705268520178,0.573932391647333,0.8188859881886831,0.0028451831970382835,0.0,0.8188547843200978,-0.5738709491674833,-0.01138959169181726,0.0,-0.007694157202148333,0.008866818186459763,-0.9999310873656228,0.0,0.6615418890569387,0.2606579161487845,0.3038552239768748,1.0,-0.0033800000000000024,-0.004442285714285718,-0.0016900000000000012,0.17000000000000012
0.4648858731474796,0.5455414762140298,-0.12399633412535765,-1.3580199252025082,0.07934801028059572,1.895064813446086,0.15906432267395468,-0.007164490714075492,-0.013898370676071244,-0.0011965508059671563,-0.028363072594825043,-0.002204378047614053,0.012590657275257823,-0.004408914888159317,0.5739619997693224,0.8188653394090764,0.002815250693467404,0.0,0.8188338687252059,-0.5739007821476636,-0.011390108867806711,0.0,-0.007711439258122066,0.008842882533010882,-0.9999311661974917,0.0,0.6614887719350028,0.2605769945934295,0.30384536841423376,1.0,-0.0037000000000000028,-0.004862857142857147,-0.0018500000000000014,0.18600000000000014
0.4648346008120969,0.5451896717558934,-0.12400370880464102,-1.358589173709705,0.07931703606243154,1.8952567929664674,0.15895733168502965,-0.005284364845633875,-0.022713913401408888,-0.0008903941993530806,-0.039751068363664974,-0.00037411751089173683,0.012243821719609653,-0.011306667806024372,0.5739517027119583,0.818872641632977,0.002790455210536411,0.0,0.8188408335946316,-0.5738905426570535,-0.011405314026785351,0.0,-0.007738232755692187,0.008831208104464222,-0.9999310623824198,0.0,0.6614197444146465,0.26047934440364934,0.3038383501059752,1.0,-0.004060000000000003,-0.005336000000000005,-0.0020300000000000014,0.20400000000000015
0.46477480708980756,0.5448375725518761,-0.12399650270295863,-1.3591767331517985,0.07929526171315834,1.8954513619580087,0.1589432991181457,-0.001998784387550472,-0.019198097985798218,0.000940950148697257,-0.037746900881794894,-9.237961485997659e-05,0.015492889538424984,0.0019739411465878004,0.5740110781131148,0.8188311109327555,0.0027642129544668886,0.0,0.8187987902074102,-0.5739497946441858,-0.011442083900535718,0.0,-0.007782764656429186,0.008831387170170013,-0.999930715187284,0.0,0.6613480158066185,0.26038852970969356,0.3038245208101798,1.0,-0.004380000000000004,-0.005756571428571435,-0.002190000000000002,0.22000000000000017
0.46471036351219863,0.544412157228683,-0.12400488180050681,-1.359923818226473,0.07925746819785308,1.8956888451313152,0.1589215577680635,-0.0041972945682732035,-0.024028169550315583,0.0006253108236682494,-0.0470120866847021,-0.0007939371003163181,0.015822551652708336,-0.0011167216098550586,0.574083439169814,0.8187806162689928,0.0026933611594346825,0.0,0.8187473057212673,-0.5740222893473181,-0.011489456376936045,0.0,-0.007861446191325727,0.008801258275179497,-0.9999303653337839,0.0,0.6612557385303206,0.2602679647833104,0.30379082589935735,1.0,-0.004740000000000004,-0.0062297142857142915,-0.002370000000000002,0.23800000000000018
0.46464855285546397,0.543987778548049,-0.12400591248440936,-1.3606294504507253,0.07921988807937382,1.8959180533330862,0.15887265431220263,-0.007329910571828432,-0.026826706255753053,0.00047200433482570345,-0.043831833039303415,-0.005098800640203502,0.015218624306239312,-0.0020151749821035268,0.5741239509603647,0.8187523475681234,0.0026512613141862016,0.0,0.8187184112148606,-0.5740628431570255,-0.011522245679365417,0.0,-0.00791202742230862,0.008786002822019578,-0.9999301005452733,0.0,0.6611688285346291,0.26015778139637386,0.30377513294074654,1.0,-0.005060000000000004,-0.0066502857142857206,-0.002530000000000002,0.25400000000000017
0.46458635206104465,0.543512745237174,-0.12401198013524432,-1.3614003987476706,0.07918238626435556,1.896195977145045,0.15879946881777524,-0.006096580289231126,-0.025472803830887934,-0.0007094165950051281,-0.04890704484837149,0.0002538141832458863,0.023063493929888913,-0.0023040964704600687,0.5741521888539878,0.8187325870348473,0.00263853417813603,0.0,0.8186984241014197,-0.5740910510782512,-0.011536999043470485,0.0,-0.007931110912309136,0.008784326152691882,-0.9999299640943559,0.0,0.6610791058019336,0.26004065958633293,0.3037685518451959,1.0,-0.005400000000000004,-0.0070971428571428635,-0.002700000000000002,0.2710000000000002
0.4645205228986545,0.5430323376715934,-0.12400706473739255,-1.362176991932608,0.07914085301204139,1.8964751352931597,0.15876270587692776,-0.00218202483617383,-0.028302980896658538,0.0011460314324701563,-0.05010616198328909,-0.0026267912317863937,0.019557215940016023,-0.0052093527168364274,0.5742047173523266,0.8186957851435175,0.0026269487590485138,0.0,0.8186613919138506,-0.5741435228616767,-0.011553676768384348,0.0,-0.007950853936865954,0.00878492636779453,-0.9999298020313162,0.0,0.6609870170482026,0.25992633852459873,0.3037627737137847,1.0,-0.005720000000000004,-0.007517714285714292,-0.002860000000000002,0.2870000000000002
0.4644520814895832,0.5424960579878596,-0.12401717881404385,-1.3630531213473926,0.07908386178116478,1.8967736380156561,0.1586882143253067,-0.007108389479297443,-0.02869701423835761,-0.003004788729598814,-0.04974460523150744,-0.004881791978530253,0.013764780518540506,-0.010615384777162411,0.5742403015014007,0.8186709552795941,0.0025865062121557683,0.0,0.8186360808636189,-0.574179285743007,-0.011569867463069428,0.0,-0.007986949932519971,0.0087614601742311,-0.9999297202535741,0.0,0.6608822122283228,0.25978931754729245,0.3037512282243197,1.0,-0.006060000000000005,-0.007964571428571435,-0.0030300000000000023,0.3040000000000002
0.46438277323610616,0.5419620845814218,-0.12401871296276126,-1.3639163261877294,0.07902484155475922,1.8970870268446198,0.15863703020620903,0.0008733391791774966,-0.032582828952687125,-0.001192284533136276,-0.05725667167594309,-0.0011963252981542108,0.020787825063832425,-0.0011903223075797253,0.5742884620666235,0.8186372318792354,0.0025674538873201565,0.0,0.818602164728355,-0.5742275642237444,-0.011573559907168417,0.0,-0.008000398285878951,0.008748453664566835,-0.9999297266236995,0.0,0.6607815330746897,0.2596588881465309,0.3037451501036088,1.0,-0.006380000000000005,-0.008385142857142865,-0.0031900000000000023,0.32000000000000023
0.4643036214572848,0.5413901189647717,-0.12401871588594375,-1.3647988121015557,0.07897761672931104,1.8974048059613435,0.1585794577650585,-0.00685507150331474,-0.033683391645287754,9.838478237991321e-05,-0.05594671863221959,2.8750881415884094e-05,0.022172979817723044,-0.009384463813798413,0.5743424633644552,0.8185993179598149,0.0025764924574727616,0.0,0.818564304168045,-0.5742814583185648,-0.01157728269478012,0.0,-0.007997677852032592,0.008758518446252944,-0.9999296602779626,0.0,0.6606796937904719,0.25952326377662543,0.303757043912681,1.0,-0.0067000000000000046,-0.008805714285714293,-0.0033500000000000023,0.33600000000000024
0.4642162478040037,0.5407773806220929,-0.12401868451038839,-1.3657280230570594,0.07892082589748808,1.897743020767943,0.15848488666885446,-0.005513900263981096,-0.040270865045852186,-1.8276991761592568e-05,-0.058037828681210275,-0.005259519345520649,0.025250683362762493,-0.004483453120066505,0.5743728600760215,0.818577932859405,0.002594676265486061,0.0,0.8185431498098047,-0.5743117842876276,-0.011568631250645875,0.0,-0.007979826735878881,0.008768731126932716,-0.9999297133897407,0.0,0.6605747398711102,0.25937706421943163,0.303777201598634,1.0,-0.007020000000000005,-0.009226285714285723,-0.0035100000000000027,0.35200000000000026
0.4641170619996933,0.5400432823831638,-0.12402508021427233,-1.3668341312399748,0.07886401025622158,1.8981665238461647,0.15842912525468109,-0.005340721396946248,-0.03797049851394653,0.0009546527390315952,-0.06332305573491087,0.0002749900693427638,0.021331863405568637,-0.008671088874815654,0.574459038201387,0.8185173087786475,0.0026411284910086525,0.0,0.8184830933393219,-0.574397758163802,-0.011549382464083893,0.0,-0.007936463969824059,0.008796535519932383,-0.9999298142882342,0.0,0.6604535222520793,0.2592057204067885,0.30380646535902567,1.0,-0.0073800000000000055,-0.009699428571428581,-0.0036900000000000027,0.3700000000000003
0.46402453285572803,0.5393908439906933,-0.1240301046758364,-1.3678792685763117,0.07879967597955725,1.8985565536774596,0.15833271595890352,-0.003110354171504339,-0.03805518258556629,-0.001581255590021828,-0.0689696617799365,-0.00524700031925604,0.021581268009732143,-0.004257297813373235,0.5745000949423488,0.8184885107258913,0.0026354548285648658,0.0,0.8184542522785586,-0.5744388624513118,-0.011548901852426286,0.0,-0.00793888865215675,0.008792013695334,-0.9999298348094978,0.0,0.6603357414803556,0.25904226095995697,0.3038039677180993,1.0,-0.007700000000000006,-0.01012000000000001,-0.003850000000000003,0.3860000000000003
0.4639171883190203,0.5386548399293408,-0.12402869148542485,-1.3690351262499156,0.0787304734932664,1.898990016360114,0.15827618397325263,-0.009736588763447832,-0.04188976912606631,0.00189849191316357,-0.07055673751074334,-0.004018988445726485,0.026050243435706794,-0.004986862738990475,0.57458611707347,0.8184280912959288,0.0026458165741327887,0.0,0.8183939607092728,-0.5745248323508712,-0.011545085014879927,0.0,-0.007928887224541659,0.00879913528601868,-0.9999298515223949,0.0,0.660205651185388,0.25886287692175125,0.3038112580233725,1.0,-0.008040000000000005,-0.010566857142857152,-0.004020000000000003,0.4030000000000003
0.4638199917102919,0.5378841131716643,-0.12404456256214433,-1.3702394843570738,0.0786709806659307,1.8994591684126558,0.1581595419438481,-0.004563747481128694,-0.044755487076557215,4.4368471025470614e-05,-0.07011440968519257,-0.0010097519298076932,0.030308686204641423,-0.005726006141906474,0.5746320671378801,0.8183957263314983,0.002677581071549141,0.0,0.8183619923862525,-0.5745706553566694,-0.01153075547477109,0.0,-0.007898413559812023,0.008817342195778191,-0.99992993231518,0.0,0.660072922336187,0.25867886118986594,0.30382355142606204,1.0,-0.008380000000000007,-0.011013714285714297,-0.004190000000000004,0.4200000000000003
0.46371045855311743,0.5370368784446009,-0.12405201965440425,-1.3715637996064405,0.0785841851214713,1.8999596907125775,0.1580809611080539,-0.004982130467128433,-0.04523758429837986,-0.00013107321870057246,-0.07369030095469048,-0.009602074077754175,0.028393225116600522,-0.007504871813169687,0.5747124516125174,0.8183392384010288,0.002689936051764711,0.0,0.8183057639491679,-0.5746511006608668,-0.011512432324741305,0.0,-0.007875452014773965,0.008817698149202594,-0.9999301102851703,0.0,0.6599231948168525,0.258476079911593,0.30383502932678796,1.0,-0.008740000000000006,-0.011486857142857153,-0.004370000000000003,0.43800000000000033
0.46360423070742324,0.536260883450609,-0.12405777139902079,-1.3728101974184468,0.07852234077529965,1.9004173799999526,0.15796198021255453,-0.007345522193765103,-0.052588383304057525,-0.001769952826171282,-0.07640248921580485,-0.007793273037895042,0.02735645969535132,-0.013598754318846643,0.5747581325757445,0.818307175635228,0.002683699526251444,0.0,0.8182735195943653,-0.5746966834680993,-0.011528922006211934,0.0,-0.007892038334054219,0.008822511800472527,-0.999929937053824,0.0,0.6597781863215313,0.25828592411365936,0.3038294207876653,1.0,-0.009060000000000007,-0.011907428571428583,-0.004530000000000004,0.45400000000000035
0.4634849276607714,0.5353384999901754,-0.12405955346077407,-1.3742572125587218,0.07842393850480447,1.9009458412500895,0.15788818789148826,-0.008784766979956702,-0.0562402642493194,0.0006269241249786938,-0.08507464784042579,-0.005569170686887517,0.03203071906947836,-0.006766854228129153,0.5748497067183674,0.8182428646341735,0.002678817328024002,0.0,0.8182092301979934,-0.5747883569593677,-0.011521598151548535,0.0,-0.007887864331948935,0.008815190101874024,-0.999930034562293,0.0,0.659608795177093,0.25806646836530045,0.30383743648127076,1.0,-0.009420000000000008,-0.012380571428571442,-0.004710000000000004,0.47200000000000036
0.4633805730789822,0.5345008114921382,-0.12406776738273273,-1.3755840398422607,0.07835735711444157,1.9014215483629346,0.15778279403636422,-0.003132013265168457,-0.052278146417029964,-0.0004926225828415704,-0.07696998476070216,-0.0038386476614064523,0.030964100518609323,-0.00029104264972014296,0.5749095124857435,0.8182008677267485,0.002671966655646005,0.0,0.8181670395049796,-0.5748480604136967,-0.011539055744567945,0.0,-0.00790544277773536,0.008820197777100455,-0.9999298515824302,0.0,0.6594500670546585,0.25786786913617915,0.30383840722141664,1.0,-0.009740000000000007,-0.012801142857142869,-0.004870000000000004,0.4880000000000004
0.4632438151576823,0.5335192885483997,-0.1240666303008719,-1.3771449937154283,0.07828396386019568,1.9019939527870027,0.15767700263258372,-0.007414104494503023,-0.05203384908253345,0.0008443390448144876,-0.08768607995468806,-0.0010687509452129136,0.033936003333091776,-0.004495222191354843,0.5749998846495636,0.8181373473965559,0.0026758828681276332,0.0,0.8181033731776088,-0.5749381887883733,-0.011562731916419825,0.0,-0.00792158808426402,0.00883788847555847,-0.9999295676043972,0.0,0.6592662478365133,0.2576328984551307,0.3038373094601734,1.0,-0.010100000000000007,-0.013274285714285725,-0.005050000000000003,0.5060000000000003
0.46313155718654236,0.5326467884776214,-0.1240712580917111,-1.3785487468611435,0.07818629821348305,1.9025215112662155,0.15755740052241204,-0.010118159720732161,-0.053748092006233796,0.0021440656661473783,-0.08523650722615493,-0.008450960536953362,0.03592456233348352,-0.009474036448077044,0.5750477353260743,0.8181037594522435,0.0026622861730603202,0.0,0.8180697336274196,-0.5749862174796089,-0.0115545459652441,0.0,-0.007922192163182129,0.008822521091340227,-0.9999296985253125,0.0,0.6591031457467764,0.25742103094872815,0.30383020765057545,1.0,-0.010420000000000007,-0.013694857142857154,-0.005210000000000004,0.5220000000000004
0.462998566381898,0.5316231943918024,-0.124074570471363,-1.3801788628966924,0.07809654829243029,1.9031402576453011,0.15747335496886303,-0.0050168811574039344,-0.05155403081387455,-0.0009773790449196771,-0.09373078055456265,-0.002238943744454342,0.032567997274714225,-0.0005373782669069589,0.5751551084007219,0.8180282393365572,0.0026735425365489963,0.0,0.8179943112038534,-0.5750934860732329,-0.011555778445364682,0.0,-0.007915568597540112,0.008833477661875117,-0.9999296542488252,0.0,0.658913705494309,0.25717884423347886,0.30382958233232926,1.0,-0.010780000000000008,-0.014168000000000014,-0.005390000000000004,0.5400000000000004
0.46289049344581445,0.5307347173327641,-0.12407245992772847,-1.381588756316738,0.0780217776758604,1.9036465381961394,0.15735822941045044,-0.008207624311054807,-0.06062993777969662,0.005866855361035719,-0.0933794675793188,-0.006248947938231363,0.03327464122154185,-0.011069244595511557,0.5752045030855898,0.8179935324007594,0.0026659860831710833,0.0,0.8179593757614539,-0.5751427541297465,-0.011576652244530312,0.0,-0.007936456885920484,0.008839781007266165,-0.999929432972068,0.0,0.6587407224665781,0.2569754207308639,0.3038284137641073,1.0,-0.011080000000000008,-0.014562285714285727,-0.005540000000000004,0.5550000000000004
0.4627315746269293,0.5296664603890737,-0.1240670334844063,-1.383330459390219,0.07790541851562599,1.9042647177810055,0.15723101841363293,-0.0055885728816610115,-0.058332984509029996,0.0011791980451027915,-0.10013478673172507,-0.006449821263919586,0.03736567553996877,-0.006229573594481703,0.5752898962390057,0.817933651416298,0.0026122915848293266,0.0,0.8178988124675614,-0.5752283330984216,-0.011603631594150246,0.0,-0.007988490428779749,0.00881221186323082,-0.9999292619694389,0.0,0.6585315446512495,0.25670432360933815,0.30380532428736223,1.0,-0.011440000000000007,-0.015035428571428583,-0.005720000000000004,0.5730000000000004
0.4625997553530578,0.528673654597982,-0.12407233229592875,-1.3848998609567345,0.07780966248920665,1.9048406701406584,0.15712046925080675,-0.009410925429373097,-0.05711101452238946,0.0014412096035567347,-0.09792016915495126,-0.006296465657727527,0.03448324710754558,-0.005375047578119972,0.5753703817982838,0.817877048852236,0.002608373298153415,0.0,0.8178421706752614,-0.5753088346679742,-0.011604978214636134,0.0,-0.007990978982749142,0.008810568056946341,-0.9999292565703891,0.0,0.6583460768543554,0.25646477713755417,0.30380756668029874,1.0,-0.011760000000000008,-0.015456000000000013,-0.005880000000000004,0.5890000000000004
0.4624502609452936,0.5275551759100147,-0.12407007251222915,-1.3866293492238457,0.07769639481750336,1.9054996557754518,0.1569944696658736,-0.0074533615312505075,-0.0643927108144015,0.0001786185698836693,-0.10214502689843923,-0.004798104214592787,0.03815187273145628,0.0005445001010884137,0.5754511807893388,0.8178200904793697,0.0026429221857344927,0.0,0.8177857353520679,-0.5753895898059985,-0.011578337478697263,0.0,-0.007948440124192935,0.008824281931604686,-0.999929474687082,0.0,0.6581463440862665,0.2562034611198609,0.3038287801289982,1.0,-0.012100000000000008,-0.015902857142857156,-0.006050000000000004,0.6060000000000004
0.46231539295032814,0.5265010849067033,-0.12408051277347405,-1.388279819182552,0.0776044307247057,1.906133708932442,0.15686645503810165,-0.00711893079258943,-0.06877894936341954,-0.0025146588698198424,-0.10641865712619808,-0.009354522799910803,0.037654710639226464,-0.0020039453430969792,0.5755287142791604,0.8177654269892467,0.0026743901136007343,0.0,0.8177314773360259,-0.5754670059041074,-0.0115630009431281,0.0,-0.007916951558091356,0.008841942279363052,-0.9999295684870786,0.0,0.6579559264463934,0.255954680985116,0.30384030888040386,1.0,-0.01242000000000001,-0.016323428571428586,-0.006210000000000005,0.6220000000000004
0.4621435614642843,0.5252674423148032,-0.12409389585917098,-1.390198863127065,0.07748235092521975,1.9068398592897442,0.15673033075767762,-0.005684014782750577,-0.07030176144934332,-0.0034352970447248323,-0.1105384505574298,-0.015500598228399621,0.03739502417998828,-0.0070570727994784515,0.5756378213511228,0.8176885965133085,0.002684150412468284,0.0,0.8176548628516107,-0.5755761671000195,-0.011547641437644671,0.0,-0.007897593767011157,0.008842138034846694,-0.9999297198341811,0.0,0.6577328801798057,0.2556504300591956,0.3038563446584784,1.0,-0.01278000000000001,-0.016796571428571445,-0.006390000000000005,0.6400000000000005
0.4620064513126597,0.5241765327294186,-0.12410253376194469,-1.3919367025667553,0.07736868659144924,1.9074625252076063,0.15660225763417182,-0.0075278591056181,-0.06898311657117444,-0.004283068843947461,-0.10811503415527965,-0.003997350283144007,0.041936159185045604,-0.0016861000709465983,0.5757139831979333,0.8176350681453549,0.002655520762264083,0.0,0.817601026388146,-0.5756524841485081,-0.011555346983538427,0.0,-0.007919552270745589,0.008823901227391323,-0.9999297072589453,0.0,0.6575209443588369,0.25538716612927004,0.3038505517627177,1.0,-0.01310000000000001,-0.017217142857142872,-0.006550000000000005,0.6560000000000005
0.4618399392664798,0.5229217366600778,-0.12410210920954368,-1.3939508137133836,0.07723945435387729,1.9081974030416076,0.15645631315241398,-0.013691233993172142,-0.06512130834989249,0.0011848698268407739,-0.11601585559552353,-0.006977162491768264,0.04091822747966414,-0.011493752894087458,0.5758036343212951,0.8175720227999587,0.002628523992786195,0.0,0.8175376519897362,-0.5757422369908439,-0.011567671550334141,0.0,-0.007944205295470685,0.00880979426841795,-0.9999296360880457,0.0,0.6572764844572783,0.25508433387982105,0.3038376252006038,1.0,-0.01346000000000001,-0.01769028571428573,-0.006730000000000005,0.6740000000000005
0.4616900613320629,0.5217770623817584,-0.12410772836047383,-1.3957874792867837,0.07712773990564765,1.9089150859007724,0.15633297085416437,-0.012994031315083969,-0.07071431694499841,0.0006466095305297068,-0.11523598067021555,-0.005560769536063066,0.045351785489273516,-0.007466889764541939,0.5758977246756768,0.8175056963970599,0.0026446120593993545,0.0,0.8174715915189114,-0.5758363258437522,-0.011552913031552642,0.0,-0.007921861042080702,0.008815361280416073,-0.9999297642950358,0.0,0.657062993546147,0.25481019025925733,0.30383017277555807,1.0,-0.013780000000000011,-0.01811085714285716,-0.0068900000000000055,0.6900000000000005
0.4615269711110594,0.5205318097714634,-0.12411588654682007,-1.3977835939203718,0.07699880020006312,1.9096887901725417,0.1561837247855735,-0.015777342372894236,-0.07350136938446009,-0.0013380099531711672,-0.1165113335595252,-0.007265992497006652,0.049893559463380414,-0.01405933316614525,0.5759867780947143,0.8174429254945955,0.0026536616430425175,0.0,0.8174090612213072,-0.5759254757266322,-0.011533427225323026,0.0,-0.007899759242705418,0.008812398326317597,-0.9999299652673909,0.0,0.6568300098391969,0.2545093464743123,0.3038220907331854,1.0,-0.014120000000000011,-0.018557714285714302,-0.0070600000000000055,0.7070000000000005
0.4613704995162869,0.519289366723448,-0.12411917342231991,-1.3997196546828894,0.07688798509700519,1.9103837487458943,0.1560291884680811,-0.010086110488446237,-0.07541668028310089,-0.0005187182964982153,-0.12421128775321504,-0.007140812569411737,0.03897975428914514,-0.009723124462621283,0.5760637005541701,0.8173887074999981,0.0026571895917078233,0.0,0.8173547990641085,-0.5760022766929294,-0.01154368193608006,0.0,-0.00790528020423592,0.008821932648464967,-0.9999298375632354,0.0,0.6565909322585547,0.2542204327578911,0.30383326757193496,1.0,-0.01444000000000001,-0.018978285714285732,-0.007220000000000005,0.7230000000000005
0.46118180245438445,0.5178745550999457,-0.12412547575158892,-1.4019351190882499,0.07673501663144672,1.9111766138999988,0.15586957347626954,-0.00859350699637122,-0.08008618236554721,-0.00038848418835762423,-0.1241960246119494,-0.00981246042404396,0.04506991724445693,-0.006700343515408961,0.5761679077961642,0.8173153183818513,0.0026380419580185046,0.0,0.8172812841330644,-0.5761066701772444,-0.01153924106278521,0.0,-0.007911557236886468,0.008804732218126027,-0.9999299395220922,0.0,0.6563203464657918,0.253877630589983,0.303840594196406,1.0,-0.014800000000000011,-0.019451428571428588,-0.0074000000000000055,0.7410000000000005
0.4609974137272158,0.5165286185646046,-0.12412567542760455,-1.4040521084369273,0.07659191453084627,1.9119515322542724,0.15570600490970085,-0.013284998433480315,-0.07642568634646199,0.0006061690128400667,-0.12529123038604836,-0.012067581797063421,0.045328695306786536,-0.014716466910159555,0.5762582747079588,0.8172516270174659,0.0026317046033864713,0.0,0.8172175958411716,-0.5761971414005382,-0.011532657570217172,0.0,-0.007908854763575446,0.008796634025618588,-0.9999300321753257,0.0,0.6560638353044502,0.25355241686254115,0.3038443021137187,1.0,-0.015140000000000011,-0.019898285714285733,-0.0075700000000000055,0.7580000000000006
0.4608145173063206,0.515170137117328,-0.12413823196208591,-1.4062228610574745,0.076468463510256,1.912775144893683,0.15554596230330917,-0.015471790285670277,-0.07510484147394043,-3.3553230500026965e-05,-0.13177633005416203,-0.0073095154884704715,0.048728280532850506,-0.0010366876426133513,0.5763672993563549,0.8171747157456296,0.002639522668955097,0.0,0.8171407693719748,-0.5763061084368274,-0.01153166552521235,0.0,-0.007902364605169077,0.008803505995102795,-0.999930023009531,0.0,0.6558052105381064,0.25322122856139195,0.30383549536239685,1.0,-0.015480000000000011,-0.020345142857142874,-0.0077400000000000056,0.7750000000000006
0.4606494126500901,0.5139307106185794,-0.12413862950991818,-1.4081879442821768,0.07635017775956249,1.913495554203714,0.15538753505660857,-0.015493792126968636,-0.07969491258015865,-6.142497902305097e-05,-0.13012671476180174,-0.008057253727746242,0.04646716392864418,-0.012291559940747225,0.57644445932354,0.8171203060772406,0.0026339348201219253,0.0,0.8170862435565063,-0.5763832283994187,-0.011540862696945157,0.0,-0.00791226974001874,0.008804987788713636,-0.9999299316340131,0.0,0.6555633539475301,0.25292557435569835,0.3038313679421682,1.0,-0.015780000000000013,-0.020739428571428593,-0.007890000000000006,0.7900000000000006
0.46044774745397343,0.512460402431583,-0.1241415405042395,-1.410603147231418,0.07620601454725964,1.9143274982539433,0.1552027990804439,-0.011243706315334176,-0.08033016629517639,4.096051043794159e-05,-0.127307869678861,-0.007273048020321351,0.048638544718507246,-0.00815698314210562,0.5765478732773369,0.8170476478895631,0.0025372817581997362,0.0,0.8170122013064224,-0.5764868096796644,-0.011608965630264718,0.0,-0.008022523055024489,0.008766283377800138,-0.9999293932071263,0.0,0.6552532652712197,0.25255762024529016,0.30378417329299123,1.0,-0.016140000000000012,-0.02121257142857145,-0.008070000000000006,0.8080000000000006
0.4602620759548049,0.51111970288165,-0.12413944713775209,-1.412774195659014,0.07606754946709463,1.9151256743810432,0.15502795883876305,-0.00850937763064051,-0.08329933861523214,0.001267310900612711,-0.13969084193527953,-0.011690793402378033,0.05475845489444209,-0.008629371352668305,0.5766313236491142,0.8169888570823696,0.0025041747387250833,0.0,0.8169529827496599,-0.5765703656552004,-0.011626879455406119,0.0,-0.008055353103444685,0.008750384384422327,-0.9999292685282813,0.0,0.6549847465187412,0.25222898971332863,0.30375884969682837,1.0,-0.016460000000000013,-0.02163314285714288,-0.008230000000000006,0.8240000000000006
0.46005363583436537,0.5095494794673103,-0.12414013778276477,-1.4152579842905486,0.07591268266594021,1.9160771931668632,0.15484037789265226,-0.012239247386391212,-0.08588570122812662,0.001697060353898252,-0.13884140858415128,-0.006108015689099063,0.049947533693065045,-0.01126567020419706,0.5767366339110847,0.8169144378775466,0.0025304531870617404,0.0,0.8168789452131995,-0.5766756165420672,-0.011609007468575749,0.0,-0.008024469654635158,0.008762582527700527,-0.9999294100256313,0.0,0.6546846800728483,0.2518574937552559,0.3037582465231362,1.0,-0.016820000000000012,-0.022106285714285735,-0.008410000000000006,0.8420000000000006
0.4598879346483455,0.5083357722544823,-0.12414586847329112,-1.4172054766055233,0.07579251024023784,1.9167653500360766,0.15467460945637118,-0.012423137663184659,-0.08636717342678328,-0.00019181964401994138,-0.14052799975089472,-0.005823964751044872,0.047015610148687104,-0.013913132257500755,0.576809184980077,0.8168633407845368,0.002488675582124112,0.0,0.8168272684592589,-0.576748262014192,-0.011636265131165672,0.0,-0.008070054466147225,0.008744891050598794,-0.9999291980442547,0.0,0.6544382914064972,0.2515578744288548,0.3037403129935736,1.0,-0.017100000000000014,-0.02247428571428574,-0.008550000000000007,0.8560000000000006
0.45964826053087177,0.506624635815133,-0.12414929244104035,-1.4198734001956523,0.07561728159506745,1.9177367548748858,0.15446379320501055,-0.009983035340471716,-0.09089209958208974,0.00030794437450626643,-0.1388168349588603,-0.006538576779279394,0.05057981409470784,-0.017837063226817867,0.5769256987387777,0.8167810438099151,0.002492289864097005,0.0,0.8167450808049191,-0.5768648163301354,-0.011627706677306313,0.0,-0.008059731237113621,0.008744056636161984,-0.9999292886029139,0.0,0.6541094496122333,0.2511426508631427,0.30375133889388667,1.0,-0.017480000000000013,-0.022973714285714306,-0.008740000000000006,0.8750000000000007
0.45943392741430267,0.505032109560538,-0.12415325319361654,-1.4223213261577536,0.07546999672823751,1.918678359042272,0.1542748556700611,-0.01060041195665117,-0.08709827794429907,0.0018779843036280637,-0.14248874255272634,-0.007839011126880732,0.05726663515468009,-0.0129301808882933,0.5770359186290983,0.8167029602002959,0.002563262209547148,0.0,0.8166679332752254,-0.5769747961411152,-0.01158957631229892,0.0,-0.007986457354964505,0.008781104928483524,-0.9999295518661063,0.0,0.6538153504381384,0.2507707089549128,0.3037809744713054,1.0,-0.017820000000000013,-0.02342057142857145,-0.008910000000000006,0.8920000000000007
0.4592074815099555,0.5033876943308422,-0.12416109502304655,-1.424798245245793,0.07531213944452544,1.9196259234321091,0.1540904520137906,-0.017660258911273236,-0.09643789148312827,0.0004242854976769907,-0.14488995855261871,-0.012768649646102134,0.057344121069538706,-0.009789133368514747,0.5771650750127574,0.8166114025099693,0.0026533709554907832,0.0,0.8165776381519628,-0.5771037418660683,-0.011531647564550544,0.0,-0.007885756409213074,0.008822517480390826,-0.9999299865646409,0.0,0.6535018798742832,0.25036170762305215,0.30383068596795804,1.0,-0.018180000000000016,-0.02389371428571431,-0.009090000000000008,0.9100000000000007
0.45897385877856156,0.5016875214556736,-0.12416408963522906,-1.4272965512805271,0.07515329246644405,1.9205521858825796,0.15387902622407118,-0.014796917604058659,-0.09947732699830819,-0.002184419241717485,-0.14890382146643458,-0.009848708442641105,0.05577752040808796,-0.01918269732512996,0.5772654185441477,0.8165401179239163,0.002760303435353678,0.0,0.8165077873087101,-0.5772037865495455,-0.01147035127225442,0.0,-0.007772894037860301,0.0088754172576129,-0.9999304021214575,0.0,0.6532169150188962,0.2499934142736646,0.3039111347174778,1.0,-0.018500000000000013,-0.024314285714285736,-0.009250000000000006,0.9260000000000007
0.458746140064994,0.4999714537964488,-0.12416263804725279,-1.429891751820347,0.07498686660938467,1.9214790383907754,0.1536780838038812,-0.013990952171054727,-0.09967458283046514,0.00046015207662615065,-0.15340605326104345,-0.009745747166159103,0.05169904992961838,-0.015658064305937903,0.5773732045806527,0.8164637774294431,0.00279815637894073,0.0,0.8164319183083041,-0.5773114202953459,-0.011453980321333497,0.0,-0.0077365013580487085,0.008897896815603656,-0.9999304845733007,0.0,0.6528875684315137,0.24959637392324313,0.3039535027045334,1.0,-0.018840000000000016,-0.024761142857142884,-0.009420000000000008,0.9430000000000007
0.45850795941982075,0.4983910512390566,-0.12415866282910108,-1.4323473147677006,0.07482965623456563,1.9223881482976244,0.15347828733968003,-0.013015256289617598,-0.08977835692463672,0.0027211563550471,-0.15471347564000118,-0.01271385331332903,0.060139133297836704,-0.016477379318323385,0.5774838893343844,0.8163854094218133,0.0028227191888718405,0.0,0.8163538730681731,-0.5774220213127073,-0.011441596520987456,0.0,-0.007711000701247195,0.008911846982224345,-0.9999305573146321,0.0,0.6525852326309144,0.24920910792288964,0.30396554437884044,1.0,-0.019160000000000014,-0.025181714285714307,-0.009580000000000007,0.9590000000000007
0.4582545121359736,0.49670819325210924,-0.12416180061224133,-1.4350032377996151,0.07467332479732579,1.9233603537042505,0.1532828461347325,-0.014838323685039493,-0.09403633116867546,0.0006939119647854967,-0.15469362465204978,-0.009381363350400278,0.057214273152928485,-0.008808630827576538,0.5776257948359241,0.816285011594504,0.0028227446812736628,0.0,0.8162533836667186,-0.5775638025990104,-0.011454888965500289,0.0,-0.007720287659595593,0.00892088599547064,-0.9999304050540263,0.0,0.6522540373109413,0.24878983309063593,0.3039588005709615,1.0,-0.019500000000000014,-0.025628571428571452,-0.009750000000000007,0.9760000000000008
0.45798576938115065,0.49503270393426235,-0.12416525374157764,-1.4377149657407164,0.07450092818729995,1.9242994291231927,0.15304723201473042,-0.01782545654063459,-0.09971146877862483,-0.0011363751831294032,-0.16383536572036766,-0.01284305959694839,0.05889810452096124,-0.01590299720610862,0.5777451319931693,0.8162008495518556,0.0027354250551946914,0.0,0.8161680190307316,-0.5776833155871783,-0.01151079948848402,0.0,-0.007815065370322172,0.00888304584448564,-0.9999300056752883,0.0,0.6519059807140278,0.248349133405466,0.30391689453771364,1.0,-0.019840000000000017,-0.0260754285714286,-0.009920000000000009,0.9930000000000008
0.45770017944320307,0.4933405734345716,-0.12417064213013879,-1.4404866341566753,0.07432581236784812,1.9252840257212207,0.15283834837446397,-0.01605889947973304,-0.10154937779806758,-0.0021124034570644563,-0.1670663216627877,-0.008311494096571661,0.06140089988343181,-0.013371670812758016,0.5779033469788637,0.8160891224333876,0.0026481498708640135,0.0,0.8160551165912255,-0.5778417436858566,-0.011563426852716073,0.0,-0.007906727562641158,0.008843749601933584,-0.999929633400385,0.0,0.6515563754008844,0.247892194907826,0.30386146888685917,1.0,-0.020720571428571418,-0.027232751020408154,-0.01331367679542846,1.0099999999999996
