position_joint1,position_joint2,position_joint3,position_joint4,position_joint5,position_joint6,position_joint7,velocity_joint1,velocity_joint2,velocity_joint3,velocity_joint4,velocity_joint5,velocity_joint6,velocity_joint7,ee_T_00,ee_T_10,ee_T_20,ee_T_30,ee_T_01,ee_T_11,ee_T_21,ee_T_31,ee_T_02,ee_T_12,ee_T_22,ee_T_32,ee_T_03,ee_T_13,ee_T_23,ee_T_33,v_x,v_y,time
0.465085027716,0.547851337252,-0.123899019579,-1.35585900835,0.0795205601245,1.89409314601,0.159146046392,0.00210454380024,-0.00143920842677,0.000949629574481,0.000284922066106,-0.000125108414525,-0.000108013311769,-0.00146723854627,0.573730097143,0.819030497235,0.00188868518883,0.0,0.81898584949,-0.573671113002,-0.0120157955396,0.0,-0.00875798747952,0.00844079249742,-0.999926022602,0.0,0.661643092294,0.260948572815,0.303148739601,1.0,0.0,0.0,0.0
0.465082252405,0.54785101248,-0.123899011837,-1.35585711282,0.079521170474,1.89409314617,0.159149903201,-0.000571589307789,-0.00127740046158,0.00051489153107,0.000498611835811,-4.45331317275e-05,-7.0549091424e-05,1.24971610701e-05,0.573735581406,0.819026650552,0.0018908241671,0.0,0.818982027766,-0.573676584508,-0.0120150524385,0.0,-0.00875609518682,0.00844217664503,-0.999926027489,0.0,0.66164422409,0.260947069769,0.303149872682,1.0,-0.00018,-0.000236571428571,0.01
0.46508434463,0.547849167087,-0.123899049836,-1.35585978758,0.0795211703115,1.89409234523,0.159153160372,0.00111839417013,-0.00135885711493,-0.000443676120418,-0.000398627660922,-0.000159710093943,-0.000323532371819,0.00175594647405,0.573736698824,0.819025870733,0.00188954870375,0.0,0.818981227711,-0.57367770383,-0.0120161427452,0.0,-0.00875770842614,0.00844176951868,-0.999926016799,0.0,0.661642962529,0.26094808406,0.303149838703,1.0,-0.0005,-0.000657142857143,0.026
0.465078629156,0.547841386915,-0.123899062495,-1.35587370616,0.0795190439931,1.89409214556,0.159150109099,-0.0009399948642,0.000777380886517,0.000760396697945,-0.00339285926119,-0.00396701767316,0.000181312416424,0.00173012981846,0.573739070032,0.819024223291,0.00188363537379,0.0,0.818979507523,-0.573680104545,-0.0120187689925,0.0,-0.00876322752011,0.00843845858194,-0.999925996392,0.0,0.661641550309,0.260942385591,0.303148705214,1.0,-0.00084,-0.001104,0.043
0.465088678636,0.547772691839,-0.123902219812,-1.35594608232,0.0795218823881,1.89410560533,0.159151971916,0.00203624064636,-0.00625465273117,-0.000204809003464,-0.00996567841103,-0.000364574774455,0.000225073836903,0.00317712897939,0.573739246011,0.819024071076,0.00189617667667,0.0,0.818979451983,-0.573680161748,-0.0120198231144,0.0,-0.00875689411552,0.00844933666225,-0.999925960017,0.0,0.661627405403,0.260940895862,0.303164201596,1.0,-0.00114,-0.00149828571429,0.058
0.465081084376,0.54765176976,-0.123904751789,-1.35609642966,0.0795227126681,1.89412910266,0.159145321932,-0.000118632884803,-0.00580777780028,-0.00188746542563,-0.00850609238762,-9.96932233244e-06,2.20154073811e-05,2.51646441292e-05,0.573750161915,0.81901642051,0.0018977720932,0.0,0.81897170112,-0.573690952532,-0.0120328986203,0.0,-0.00876657566024,0.00845826201894,-0.999925799725,0.0,0.661603335939,0.260919877781,0.3031804318,1.0,-0.00146,-0.00191885714286,0.074
0.46506808833,0.547483765628,-0.123899749255,-1.35633264905,0.0795156625014,1.89420762545,0.159139329148,-0.000599746093687,-0.00376471567412,0.000641568045423,-0.0204066656513,0.000173069344859,0.00567523908276,5.55948728764e-05,0.573763672574,0.819006922104,0.00191219283253,0.0,0.818962288101,-0.57370429968,-0.0120371964681,0.0,-0.00876168266982,0.00847268299586,-0.999925720521,0.0,0.661571912072,0.260892534597,0.303193654194,1.0,-0.00184,-0.00241828571429,0.093
0.46504596974,0.547297050616,-0.123899749251,-1.35654645754,0.0795127946589,1.89433674753,0.159126016313,-0.00292435422818,-0.00805439770674,0.000689669384645,-0.0123416025211,-0.000352934730379,0.00553711194404,-0.000761740966259,0.573782363924,0.818993608641,0.00200368577858,0.0,0.818950154117,-0.57372258312,-0.0119912297202,0.0,-0.00867134767024,0.00852143897646,-0.999926093673,0.0,0.661559513089,0.260863300491,0.303235356292,1.0,-0.00218,-0.00286514285714,0.11
0.465028720098,0.547103416188,-0.123899749359,-1.35677845571,0.0795114748353,1.89445774522,0.159119774271,-0.00293125567418,-0.0189785838235,-0.00055558143335,-0.0146320499818,0.000188912882195,0.0093987962168,4.23760574183e-05,0.573804182302,0.818978130888,0.00208048080317,0.0,0.818935619299,-0.573744019355,-0.0119582021397,0.0,-0.00860000819577,0.00856561115013,-0.999926332369,0.0,0.661540134647,0.26083491277,0.303272592879,1.0,-0.0025,-0.00328571428571,0.126
0.465004911626,0.546905748621,-0.12389998125,-1.3570882498,0.0795032711761,1.89458065328,0.159097818495,-0.000188797826522,-0.0134967608597,-0.00108312535666,-0.0250707796383,8.89892666074e-05,0.00857864588002,-0.00155541800485,0.573821086366,0.818966250926,0.0020946567662,0.0,0.818923841636,-0.573760780267,-0.0119605822527,0.0,-0.00859364676018,0.0085787638355,-0.999926274305,0.0,0.661505525233,0.26079186978,0.303275811707,1.0,-0.00282,-0.00370628571429,0.142
0.464965355882,0.546638848597,-0.123899798026,-1.3574811033,0.0794981042408,1.89472825281,0.159041289002,-0.000895208673305,-0.0182805304986,0.000254712369076,-0.022586210707,0.000430879801949,0.00612156658913,-0.00388896891895,0.57382765938,0.818961570913,0.00212358159342,0.0,0.818919373369,-0.573767067278,-0.0119649207921,0.0,-0.00858053434667,0.00860501027371,-0.999926161388,0.0,0.66146243377,0.26073187128,0.30329065457,1.0,-0.00316,-0.00415314285714,0.159
0.464919943071,0.546322901594,-0.123900152719,-1.35798975751,0.0794802523197,1.89490785986,0.158928007307,0.000336033298214,-0.0162027186925,0.000104953319662,-0.0254627534801,0.000287691386772,0.0196371230024,-0.00220019704588,0.573796002646,0.818983760899,0.00211981876289,0.0,0.818941378382,-0.573735293922,-0.0119824113864,0.0,-0.0085973510265,0.00861163285578,-0.999925959926,0.0,0.661402766881,0.260654698605,0.303287870764,1.0,-0.00354,-0.00465257142857,0.178
0.464869653184,0.54603262633,-0.123905126714,-1.35847983889,0.0794600543735,1.89507193361,0.158896623148,-0.00407799480394,-0.0168143064588,0.00543989631454,-0.0317414150887,-0.00201014536529,0.0128988468871,-0.00427661429675,0.573836927908,0.818955155934,0.00209275872941,0.0,0.818912331789,-0.573776238623,-0.0120069869529,0.0,-0.00863257484398,0.00860400409117,-0.999925722124,0.0,0.661346003338,0.260572057153,0.303274527913,1.0,-0.00386,-0.00507314285714,0.194
0.464807142062,0.545701197335,-0.123905442434,-1.35907770807,0.0794106946921,1.89526641669,0.158811508705,-0.00547073346053,-0.0212223187418,-0.00168614242879,-0.0383182062571,-0.00452055615718,0.0106639470221,-0.00809335107674,0.5738388413,0.81895398922,0.00202352586057,0.0,0.818910331535,-0.573778514543,-0.012034618981,0.0,-0.00869491096481,0.00856318291271,-0.999925532438,0.0,0.661275325689,0.260469114634,0.303241435872,1.0,-0.0042,-0.00552,0.211
0.464752187782,0.545388438553,-0.123905809372,-1.35963177055,0.0793515014813,1.8954545758,0.158727169994,1.73494683842e-05,-0.0183380192673,0.000609316881085,-0.0386189306799,-0.002437458169,0.0161479570803,-0.00585396259614,0.573828909537,0.818961096917,0.00196245199924,0.0,0.818916807916,-0.573769009027,-0.0120471114024,0.0,-0.00874028970759,0.00852022976683,-0.999925503735,0.0,0.661205513135,0.260370016872,0.303214517666,1.0,-0.0045,-0.00591428571429,0.226
0.46468820484,0.544937034036,-0.123902632936,-1.36038542715,0.0793308393203,1.89570308096,0.158682199804,-0.000539813745872,-0.0307313612056,0.000679982486503,-0.0508319768688,-0.00452361447517,0.0129034196847,0.000207367568444,0.573879947972,0.81892540666,0.00193146124002,0.0,0.818880453298,-0.573819923753,-0.0120931886749,0.0,-0.00879527784831,0.00852183841513,-0.999925007867,0.0,0.661116785703,0.260263600161,0.30319765393,1.0,-0.00484,-0.00636114285714,0.243
0.464598401202,0.544448557672,-0.123909081967,-1.36121221149,0.0792987522626,1.89599822424,0.158540168399,-0.00367029207268,-0.0252667025007,0.00031616169491,-0.0452998262104,-0.000151776463649,0.0171802476613,-0.00256938799585,0.573885420283,0.818921610658,0.00191491139156,0.0,0.818876237396,-0.573825271541,-0.0121248699022,0.0,-0.0088306634577,0.008526525657,-0.999924656033,0.0,0.661021229547,0.260120393628,0.303181542567,1.0,-0.00524,-0.00688685714286,0.263
0.464545446796,0.543994507661,-0.123908676185,-1.36191938004,0.0792629342228,1.89625224342,0.158470557563,-0.00239350262889,-0.0388189420403,-0.00105791507226,-0.0488609398874,-0.00408489522154,0.0164119902598,-0.00570826272255,0.573895149673,0.818914811534,0.00190670732179,0.0,0.818869290251,-0.57383499687,-0.0121337855622,0.0,-0.00884257157375,0.00852502888586,-0.99992456356,0.0,0.660940582051,0.260022301698,0.303182361439,1.0,-0.00552,-0.00725485714286,0.277
0.464469429113,0.543471950976,-0.123909503408,-1.36276299539,0.0792189402906,1.89654565229,0.158356516989,-0.00722269969184,-0.0366018778683,-4.91622450333e-05,-0.0528626034725,-0.00373236318011,0.0161931304674,-0.00854773410242,0.573899741982,0.818911639444,0.00188675308763,0.0,0.818865758438,-0.573839582837,-0.012155234579,0.0,-0.00887154027688,0.0085210475433,-0.999924340899,0.0,0.660841042563,0.259891096138,0.303175998901,1.0,-0.00586,-0.00770171428571,0.294
0.464398506958,0.542940224067,-0.123911515878,-1.36358763947,0.0791687923204,1.89684721805,0.158261300207,-0.00336092525297,-0.0356459491763,0.00495335003478,-0.0590429865719,-0.0102610222827,0.0212429440204,-0.00494978472071,0.573913731403,0.818901820542,0.00189317778555,0.0,0.818856027323,-0.573853545256,-0.0121516260322,0.0,-0.00886475257022,0.00852438920014,-0.999924372616,0.0,0.660746918808,0.259764514054,0.303185822515,1.0,-0.00618,-0.00812228571429,0.31
0.464326863002,0.542388750279,-0.123912882855,-1.36445746832,0.0791181775852,1.89715919986,0.158139742026,-0.00189952044141,-0.0392990645244,0.000543134119743,-0.0543291826733,-0.00132996465054,0.0206497733783,-0.00536876099793,0.573908598475,0.818905428739,0.00188845958626,0.0,0.818859538913,-0.573848400625,-0.0121579411214,0.0,-0.0088726853001,0.00852409421064,-0.999924304772,0.0,0.660644915966,0.259633360201,0.303188928091,1.0,-0.0065,-0.00854285714286,0.326
0.464250427441,0.541770045048,-0.123916842831,-1.36540449463,0.0790666467719,1.89751902612,0.158013239428,-0.00272603528413,-0.0413644497861,0.000122141412468,-0.0558528938897,-0.00203376332846,0.0246433888019,-0.00786882878365,0.573909256153,0.818904901419,0.00191703819637,0.0,0.818859361687,-0.573848907348,-0.0121459546413,0.0,-0.00884646183567,0.00854062490078,-0.999924396062,0.0,0.660538182403,0.259492365979,0.303206996481,1.0,-0.00684,-0.00898971428571,0.343
0.464175629724,0.541111473457,-0.123918338868,-1.36641112398,0.0790049813809,1.89789648171,0.157883137736,-0.00357661527342,-0.0370149538397,-0.000668772803397,-0.0618528156133,-0.00421968771406,0.0192199755138,-0.00955611609679,0.573904393275,0.818908253012,0.0019409868472,0.0,0.818863043571,-0.573843955055,-0.0121316948797,0.0,-0.00882109132422,0.00855200003904,-0.999924522973,0.0,0.660421672624,0.259346893981,0.303226225306,1.0,-0.00718,-0.00943657142857,0.36
0.464068999117,0.540314665129,-0.123916463215,-1.36762610511,0.078935809344,1.89833809909,0.157738640152,-0.00456497656053,-0.0423223221708,-0.00050708645426,-0.0632959466392,-0.00231162091969,0.027755694056,-0.00708865052122,0.57392080303,0.818896697794,0.00196394840348,0.0,0.818851722876,-0.573860197248,-0.0121275248496,0.0,-0.00880432774417,0.00856858630614,-0.999924528723,0.0,0.660281179001,0.259162587172,0.303249341651,1.0,-0.00756,-0.009936,0.379
0.463981335211,0.539574773901,-0.12391861438,-1.36877950019,0.0788627304077,1.89878158106,0.157592736595,-0.00288211589857,-0.0468985922601,-0.000106467082459,-0.0672854782878,-0.00259960343519,0.0324215772746,-0.00706495522203,0.573918999633,0.818897908764,0.00198589639622,0.0,0.818853278242,-0.573858353505,-0.0121097368302,0.0,-0.00877718391773,0.00857633094263,-0.99992470096,0.0,0.660149769772,0.258994534882,0.30326170227,1.0,-0.0079,-0.0103828571429,0.396
0.463873122238,0.538872523875,-0.12391918504,-1.36987440693,0.0788074885562,1.8992078807,0.157455032303,-0.00338629061555,-0.0432137901002,0.000882482256032,-0.0673044469462,-0.000239031336285,0.0320522574082,-0.010257184549,0.573941126111,0.818882319976,0.00201908122995,0.0,0.818838049821,-0.573880260203,-0.0121013228929,0.0,-0.0087510169879,0.00859891298107,-0.999924736366,0.0,0.660031214896,0.258822008695,0.303273676345,1.0,-0.00822,-0.0108034285714,0.412
0.463755504645,0.538090679219,-0.123925303406,-1.37110211936,0.0787394567528,1.89967488636,0.157309837641,-0.00657031204073,-0.0432835056216,-0.0040123265414,-0.0723828065102,-0.00677544480085,0.028301344444,-0.00691597754997,0.573972479218,0.818860298133,0.00203768069499,0.0,0.818816255076,-0.573911512714,-0.0120939198679,0.0,-0.00873395057413,0.00861022901934,-0.999924788203,0.0,0.659896309709,0.258626045776,0.30328224272,1.0,-0.00856,-0.0112502857143,0.429
0.463638462859,0.537286189388,-0.123925313552,-1.37236753491,0.0786558987293,1.90013495227,0.157159032081,-0.0095957198687,-0.0472906072687,0.00285807191657,-0.0781076274611,-0.00664514034511,0.0257093153008,-0.0140530580979,0.573992119091,0.818846544074,0.00203257975987,0.0,0.818802475097,-0.573931212371,-0.0120920280439,0.0,-0.00873512258692,0.00860517581552,-0.999924821465,0.0,0.659750915657,0.258426871956,0.303287886499,1.0,-0.0089,-0.0116971428571,0.446
0.463523379248,0.536500382753,-0.12392986997,-1.37361033757,0.078595134719,1.90060620483,0.157005099628,-0.00958042255299,-0.043360485134,0.0008400341058,-0.0736562784229,-0.000140935946498,0.0335647181968,-0.0093802906902,0.574015727091,0.818829950921,0.002050226198,0.0,0.818786008704,-0.573954638393,-0.0120951196552,0.0,-0.00872727742472,0.00862165142225,-0.999924748046,0.0,0.659611498331,0.258233240599,0.303292124515,1.0,-0.00922,-0.0121177142857,0.462
0.463414797109,0.53562950121,-0.123939853991,-1.37498665773,0.07851230408,1.90111158708,0.156833343884,-0.00807977030091,-0.0526379715532,0.0066903229718,-0.0834522441978,-0.009710223,0.0308926877124,-0.00362799785643,0.574024411423,0.818823870397,0.00204725650335,0.0,0.818779914207,-0.573963359022,-0.0120938617608,0.0,-0.00872786051391,0.00861859031779,-0.999924769346,0.0,0.659450628267,0.258024785775,0.303295817459,1.0,-0.00956,-0.0125645714286,0.479
0.46330385818,0.534787384375,-0.123938489005,-1.37632745401,0.0784383658114,1.9016086341,0.156660956711,-0.00757103489721,-0.0492962929893,0.000587042722342,-0.0782947278822,-0.00467833681249,0.0322733243603,-0.0133886624915,0.574026890591,0.818822127666,0.00204915201347,0.0,0.818778107726,-0.573965742232,-0.0121030556053,0.0,-0.00873427484748,0.00862544625036,-0.999924654221,0.0,0.659292788414,0.257826088353,0.303294879761,1.0,-0.00988,-0.0129851428571,0.495
0.463162644166,0.53377606136,-0.123941692818,-1.37799361941,0.0783327124135,1.90220977574,0.156467471231,-0.00879733963814,-0.0544472320291,0.000370293149077,-0.0866996041909,-0.0112590818485,0.0324237727146,-0.011384328411,0.574049182003,0.818806625923,0.00199822103292,0.0,0.81876194782,-0.573988261062,-0.0121283084465,0.0,-0.00878395301968,0.00859847843526,-0.999924451315,0.0,0.659094719599,0.257570339156,0.303267423226,1.0,-0.01026,-0.0134845714286,0.514
0.463048803219,0.532947144232,-0.123941693261,-1.37933477042,0.0782747796449,1.90272944663,0.156292636286,-0.00491879479047,-0.0574523679854,-0.000405708614312,-0.0940317637095,-0.00215994727233,0.0349945773427,-0.0146042087701,0.574057381334,0.818800823639,0.00202015974624,0.0,0.818756238434,-0.573996172541,-0.0121393095103,0.0,-0.00878028171077,0.00862284464,-0.999924273734,0.0,0.658930210692,0.257360564835,0.303262876827,1.0,-0.01058,-0.0139051428571,0.53
0.462912198957,0.53197423554,-0.123944481543,-1.38089588552,0.0781802209424,1.9032922243,0.156091194336,-0.00994839065295,-0.059558754781,-0.00168242730894,-0.0970359522835,-0.000541371582193,0.0340629900001,-0.0107958262819,0.574065842963,0.818794959908,0.00199210304833,0.0,0.818749970228,-0.574004720472,-0.0121578793146,0.0,-0.00881150340128,0.00861062333005,-0.999924104407,0.0,0.658755444338,0.257131600059,0.303250421995,1.0,-0.0109,-0.0143257142857,0.546
0.462806037163,0.531089552502,-0.123946613387,-1.38231852142,0.078087033253,1.90379911844,0.155916282702,-0.00922870515605,-0.0582882038128,-0.00254296444072,-0.0944363423892,-0.00361426879342,0.042044635752,-0.00576039599589,0.574063356627,0.818796778694,0.00196078545251,0.0,0.818751401019,-0.574002395271,-0.0121712963235,0.0,-0.00884049288275,0.00859265649357,-0.999924003082,0.0,0.658580828593,0.256922513245,0.303240787385,1.0,-0.0112,-0.01472,0.561
0.462667358988,0.530049749881,-0.123943936645,-1.38395916511,0.0780022850156,1.90438526215,0.155692032356,-0.00396112425656,-0.0633989579882,-0.00022683724582,-0.0990001799183,-0.00225379896746,0.0380287669163,-0.0195935562669,0.574057709646,0.818800746317,0.00195722456631,0.0,0.818755116968,-0.573996565808,-0.0121962198906,0.0,-0.00886300440942,0.00860398733891,-0.999923706367,0.0,0.658381604862,0.256677717122,0.303243230304,1.0,-0.01154,-0.0151668571429,0.578
0.462506038243,0.528856842736,-0.123947677481,-1.38583393667,0.077868396438,1.90509069019,0.155442394518,-0.0071144429083,-0.0660214065837,-0.00150919140843,-0.0974673748148,-0.00542770797175,0.0365922000511,-0.00931527573391,0.574053699811,0.818803541451,0.00196396078983,0.0,0.818758199677,-0.573992719997,-0.0121702404949,0.0,-0.00883790697894,0.00859454605588,-0.999924009702,0.0,0.658164944631,0.25638869782,0.303252291008,1.0,-0.01192,-0.0156662857143,0.597
0.462350123206,0.527657752034,-0.123947782745,-1.38766206348,0.077765099605,1.90580756178,0.155188710754,-0.00974434747859,-0.0735950214741,-0.00193851029252,-0.106436928425,-0.0111468331251,0.0461129777246,-0.00706930384476,0.57404509786,0.818809382337,0.00204154858801,0.0,0.818765034438,-0.57398375489,-0.012133194398,0.0,-0.00876312640384,0.00863671564909,-0.999924304514,0.0,0.657957169846,0.256116691192,0.303288488866,1.0,-0.01228,-0.0161394285714,0.615
0.462222853253,0.526629326508,-0.123950872836,-1.38923473683,0.0776584967732,1.90639956109,0.154969506707,-0.0064380264386,-0.0713981622841,-0.00112012799279,-0.107852015883,-0.00338956689382,0.0424481094439,-0.0167084526418,0.574028181337,0.81882115741,0.0020751167635,0.0,0.818777366237,-0.573966810713,-0.0121025467662,0.0,-0.00871894106674,0.00864642801853,-0.999924606833,0.0,0.657772844007,0.255880934322,0.303315101696,1.0,-0.01258,-0.0165337142857,0.63
0.462064345014,0.525393313256,-0.123951041308,-1.39116651256,0.0775340452864,1.90710168216,0.15471289509,-0.00970125987618,-0.0680625866679,0.000635959477772,-0.107405252116,-0.00755873206808,0.0360706111847,-0.0190735976668,0.574018374874,0.818828028538,0.00207650889476,0.0,0.818784276597,-0.573957020341,-0.0120993429809,0.0,-0.00871562210447,0.00864562448327,-0.999924642715,0.0,0.657539484074,0.255591058496,0.303326044429,1.0,-0.01294,-0.0170068571429,0.648
0.461911714454,0.524269598253,-0.123954474903,-1.39294376669,0.077431023641,1.9077285231,0.154469748757,-0.00745706098289,-0.0637658343716,-0.000579473571577,-0.10753830128,-0.0083986691486,0.0396178040981,-0.0231527080303,0.574014269611,0.818830957576,0.0020562343134,0.0,0.818786836852,-0.573952901003,-0.0121214739046,0.0,-0.00874542481177,0.00864168295845,-0.999924416574,0.0,0.657321895079,0.255318407821,0.303324843954,1.0,-0.01326,-0.0174274285714,0.664
0.461746623277,0.523067752976,-0.123959888429,-1.3948744609,0.0773107700081,1.90846512035,0.154217094586,-0.0116092922401,-0.075905561104,0.000548790664346,-0.110012361276,-0.00556445559017,0.0491501482562,-0.00528281102489,0.574017694613,0.818828553568,0.00205743387326,0.0,0.818784502274,-0.573956373456,-0.0121147474662,0.0,-0.0087391921166,0.00863884070569,-0.999924495626,0.0,0.657096172819,0.255023897496,0.303314832721,1.0,-0.0136,-0.0178742857143,0.681
0.461611285353,0.521974243168,-0.123958369298,-1.39659669977,0.077204897308,1.90913782574,0.153983782782,-0.007683537131,-0.0756115687697,0.000851190486249,-0.117337963719,-0.0072228760684,0.0417014462571,-0.0167156971375,0.57400021148,0.818840720846,0.00209236847251,0.0,0.818797158133,-0.57393877284,-0.0120932115468,0.0,-0.00870169020137,0.00865489797799,-0.999924683828,0.0,0.656893410361,0.254774310329,0.303321820004,1.0,-0.0139,-0.0182685714286,0.696
0.461450420509,0.520717816803,-0.12396684541,-1.39860890531,0.0770833359889,1.9098787683,0.153704434286,-0.00625902582112,-0.0744900055892,-8.01828592566e-06,-0.117075135092,-0.00279847409255,0.0415797401507,-0.0182811138314,0.573983813686,0.818852254213,0.00207708891543,0.0,0.818808481754,-0.573922433187,-0.0121019747596,0.0,-0.00871780923285,0.00864724213315,-0.999924609661,0.0,0.656649210305,0.254472010312,0.303311203846,1.0,-0.01424,-0.0187154285714,0.713
0.4612785531,0.519397803588,-0.123970051176,-1.40066783597,0.0769527080855,1.91061532983,0.153420802916,-0.00525642629029,-0.0762553531265,-0.000529439796266,-0.119888871635,-0.00528790135126,0.0432063556393,-0.0230123791873,0.573968661803,0.818862887411,0.00207214640962,0.0,0.818819044466,-0.573907298827,-0.0121050267951,0.0,-0.0087233051956,0.00864478541273,-0.999924582972,0.0,0.656396158116,0.254159162727,0.303322033455,1.0,-0.01458,-0.0191622857143,0.73
0.461105012032,0.518061417869,-0.123967384212,-1.40277871327,0.076814613682,1.91136920934,0.153144525816,-0.0130810887586,-0.0784558691716,0.000672323229307,-0.12742917477,-0.00539504528114,0.0401995822325,-0.00737855454299,0.573957134538,0.818871022448,0.00205017308409,0.0,0.818826887882,-0.573895864281,-0.012116581377,0.0,-0.0087454999047,0.00863330139139,-0.999924488318,0.0,0.656133452404,0.253842721864,0.303320557693,1.0,-0.01492,-0.0196091428571,0.747
0.460911794096,0.516626176124,-0.123972824353,-1.40503820161,0.076666507322,1.91220282468,0.152830307078,-0.0143408244088,-0.0793993663408,0.000384100971072,-0.121657652419,-0.00868879708054,0.0515056329249,-0.0185264648926,0.57394138853,0.818882057951,0.00205051177815,0.0,0.818838007114,-0.573880197103,-0.0121072036549,0.0,-0.00873779197115,0.0086280283712,-0.999924601216,0.0,0.655860645648,0.253496135288,0.303324452923,1.0,-0.01528,-0.0200822857143,0.765
0.46072677186,0.515239162125,-0.1239694306,-1.40723088426,0.0765356018132,1.91302739224,0.152535844767,-0.0159727069065,-0.083568538345,0.00192267775739,-0.128726593748,-0.00834509162218,0.0544375052724,-0.0166002197358,0.57392406008,0.818894176304,0.00206111072616,0.0,0.81885022838,-0.573862789579,-0.0121057473868,0.0,-0.00873069937694,0.00863568694311,-0.999924597057,0.0,0.655609268219,0.253186012272,0.303324087497,1.0,-0.0156,-0.0205028571429,0.781
0.460537836275,0.513843602695,-0.123974343342,-1.40949977732,0.0764015109738,1.91381375019,0.152219601497,-0.00914589895852,-0.0780553542866,0.00052777855702,-0.130567333853,-0.00146933361034,0.0445192320909,-0.0206260608091,0.573911936649,0.818902836359,0.00199511307404,0.0,0.818857847487,-0.573850782777,-0.0121594250014,0.0,-0.00881266009392,0.00861231896225,-0.99992407961,0.0,0.655305468401,0.252823670328,0.303291501418,1.0,-0.01596,-0.020976,0.799
0.460365335552,0.512600978302,-0.123980451537,-1.41150281103,0.0762743960371,1.91452178829,0.151948344641,-0.00891611470422,-0.086010443356,-0.000406388924419,-0.135598202869,-0.00527734461815,0.0505694640607,-0.0188139507269,0.573905902429,0.818907182362,0.00194646705569,0.0,0.818861533479,-0.573844944115,-0.0121867142387,0.0,-0.00886298818067,0.00858807957804,-0.999923843265,0.0,0.655054718083,0.25251326295,0.303270355973,1.0,-0.01626,-0.0213702857143,0.814
0.460150971924,0.511069673338,-0.1239828934,-1.41393881697,0.0761338424678,1.91545013736,0.151595258924,-0.0103631013385,-0.0863900686679,-0.000221186944359,-0.129880286956,-0.00572924038211,0.0528683790171,-0.0263563587624,0.573883762003,0.818922645846,0.00196843356476,0.0,0.818877213385,-0.573822638784,-0.0121834116143,0.0,-0.00884791028194,0.00860393313589,-0.999923840509,0.0,0.654762087058,0.252142735355,0.303263906317,1.0,-0.01662,-0.0218434285714,0.832
0.45994078406,0.509577201242,-0.123989112597,-1.41630153092,0.0759853713759,1.91633689755,0.151272672974,-0.0129302029878,-0.0921347444992,-0.000154686195513,-0.140769574432,-0.0158966219272,0.0586100002352,-0.0232079733236,0.573879238977,0.818925794128,0.00197729210515,0.0,0.818880519411,-0.573818117347,-0.0121741543354,0.0,-0.00883529308051,0.00860582610011,-0.999923935784,0.0,0.65447683326,0.251776945513,0.303261114098,1.0,-0.01696,-0.0222902857143,0.849
0.459731267315,0.508068206394,-0.123991843855,-1.41867847885,0.0758256983126,1.91717738853,0.150941044551,-0.0139625384734,-0.089612394807,3.73592291708e-05,-0.140109764916,-0.0117035151864,0.0476063802879,-0.0225671665817,0.573861061506,0.818938605779,0.00194652362678,0.0,0.818892963323,-0.57380011418,-0.0121856673396,0.0,-0.00886256857419,0.00858703982269,-0.999923855914,0.0,0.65417801875,0.251407389553,0.303258441089,1.0,-0.0173,-0.0227371428571,0.866
0.45951539128,0.506527296147,-0.123996254334,-1.42110100381,0.0756715541135,1.91806829957,0.150599820619,-0.0117781122225,-0.0914756177128,0.000368520403271,-0.14632465112,-0.00822678849628,0.0530703984594,-0.02135742199,0.573845202363,0.818949710614,0.00194990033138,0.0,0.818904131644,-0.573784260575,-0.0121816416692,0.0,-0.00885750033428,0.00858732339902,-0.999923898387,0.0,0.653879901761,0.251032042753,0.303260309226,1.0,-0.01764,-0.023184,0.883
0.459310455665,0.505018168913,-0.124005186867,-1.42341246625,0.0755334096588,1.91896445051,0.150287943395,-0.0148272612077,-0.0927824443331,-0.000177529535728,-0.141673828973,-0.00414889408153,0.0560998723812,-0.0138490982361,0.573846216284,0.818948810309,0.00202806595912,0.0,0.818904299745,-0.573784971429,-0.0121367756446,0.0,-0.0087758931699,0.0086256007852,-0.999924288489,0.0,0.653605087426,0.250676896567,0.303292840333,1.0,-0.01796,-0.0236045714286,0.899
0.459063330434,0.503257773434,-0.124008802711,-1.42604333882,0.0753672008511,1.9199602131,0.149918950404,-0.0171330880851,-0.0956554726026,0.000340905082793,-0.147530421057,-0.0117846359596,0.0564112655641,-0.0215454998837,0.573839279722,0.818953407318,0.00213180483835,0.0,0.818910326416,-0.57377765897,-0.0120756887042,0.0,-0.00866641127574,0.00867542853307,-0.999924812301,0.0,0.653289927272,0.250265065389,0.303356668045,1.0,-0.01832,-0.0240777142857,0.917
0.4588577398,0.501752640467,-0.124014849328,-1.42826019738,0.0752276956053,1.92076492508,0.149606805845,-0.0135474945368,-0.0955926584771,0.00154342877841,-0.15041538476,-0.0105256874137,0.0509703372017,-0.0215142034903,0.573831895096,0.818958373455,0.00221034379206,0.0,0.818916339556,-0.573769964725,-0.012033423836,0.0,-0.0085868096549,0.00871541685042,-0.999925151303,0.0,0.653017104504,0.249916199369,0.303422159976,1.0,-0.01862,-0.024472,0.932
0.458609304896,0.499937831711,-0.124013290387,-1.4310123595,0.0750538591161,1.92174243997,0.149222115434,-0.0124171635472,-0.0959442150015,0.00104399434565,-0.1526052601,-0.00459420956576,0.0576028361529,-0.0191783877171,0.573812234397,0.818972054374,0.00224515312084,0.0,0.818930411631,-0.573750097089,-0.012023056889,0.0,-0.00855855555788,0.00873776953632,-0.999925198458,0.0,0.65266776561,0.249490723495,0.303463173951,1.0,-0.01898,-0.0249451428571,0.95
0.458389140214,0.498459787432,-0.124019103722,-1.43333452651,0.074912045653,1.92260249827,0.148893641916,-0.0184622891864,-0.0989926390492,0.000442931580381,-0.154873609405,-0.00599634926879,0.0593276031204,-0.0203101546762,0.573807528718,0.818975317766,0.00225738282935,0.0,0.818933809826,-0.573745315909,-0.0120197544802,0.0,-0.00854888401282,0.00874584111929,-0.999925210626,0.0,0.652381609008,0.249123177076,0.303463480929,1.0,-0.01928,-0.0253394285714,0.965
0.458122495443,0.496776447053,-0.124024295806,-1.43599894111,0.0747456303446,1.92356118596,0.148497572091,-0.0161029198366,-0.0997336016832,-0.00185653096388,-0.160056015129,-0.00635119685869,0.0549817363031,-0.0228496524217,0.573795136135,0.818984057913,0.00223641079265,0.0,0.818942220626,-0.573732955401,-0.0120366965947,0.0,-0.00857492514129,0.00873825742046,-0.99992505395,0.0,0.652049502162,0.248690688076,0.303452007104,1.0,-0.01962,-0.0257862857143,0.982
0.457857275568,0.495103887335,-0.124022241243,-1.43872589689,0.0745717369371,1.92450469224,0.148099332542,-0.0180848470781,-0.088033712388,0.00117212568656,-0.162956844208,-0.0120734814589,0.0542795484675,-0.0237675839294,0.573774959147,0.818998450717,0.00214029903973,0.0,0.818955216743,-0.573713045812,-0.012101278274,0.0,-0.00868317785513,0.00869638694366,-0.999924484787,0.0,0.651696042376,0.248253813575,0.303401167446,1.0,-0.01996,-0.0262331428571,0.999
0.457592749728,0.493379037316,-0.124043541386,-1.44144926439,0.0744066659981,1.9254907455,0.147713139419,-0.0160222819099,-0.114621781649,-0.00528677179903,-0.182210960874,-0.0108341063616,0.0630647388866,-0.0249561440283,0.573782921587,0.818992907773,0.00212669054151,0.0,0.818949475341,-0.573721045324,-0.0121105694294,0.0,-0.00869851082451,0.00869065733455,-0.999924401335,0.0,0.651356663541,0.2478091568,0.303392118596,1.0,-0.024588,-0.0323156571429,1.015
0.457236458763,0.490795318722,-0.124091135327,-1.44548910209,0.0741766712165,1.92700185673,0.147123693724,-0.0174196092828,-0.139642673037,-0.00224442589949,-0.23271018438,-0.0112322374777,0.0825971390774,-0.0370981706047,0.573766807445,0.819004077072,0.00217239858276,0.0,0.818961232665,-0.573704727472,-0.0120885056511,0.0,-0.00865438670082,0.00871526131117,-0.999924570061,0.0,0.650855066646,0.247169782476,0.303399545518,1.0,-0.0308417142857,-0.0405348244898,1.034
0.456835246965,0.488208557971,-0.124106027615,-1.44964847446,0.0739377584337,1.92849607582,0.146526909117,-0.0282078897206,-0.176652770739,-0.00622391226347,-0.274393427198,-0.0124998949297,0.102009121448,-0.0367935432534,0.573759974225,0.819009021123,0.00211239148324,0.0,0.818965110436,-0.573697872624,-0.0121509561906,0.0,-0.00874003650806,0.00870187477313,-0.999923941676,0.0,0.650322325639,0.246504074348,0.303348350173,1.0,-0.036108,-0.0474562285714,1.05
0.456320627641,0.484930428695,-0.124164025264,-1.45472693813,0.0736325304971,1.93042140978,0.145778287371,-0.0360214337104,-0.197762343398,-0.0100698239609,-0.310725609277,-0.0135763354437,0.121142443606,-0.0401810509968,0.573779264021,0.818995251779,0.00220921802404,0.0,0.818952772778,-0.573716908707,-0.0120835228056,0.0,-0.00862904820305,0.00874268837248,-0.999924549617,0.0,0.649706871052,0.245658309326,0.30337655897,1.0,-0.0417034285714,-0.0548102204082,1.067
0.455804684367,0.481660271513,-0.12422719237,-1.45985914584,0.0733160667037,1.93218117953,0.144989796791,-0.0340483906361,-0.22890661438,-0.00195754821971,-0.361429421801,-0.0246470834866,0.114418548065,-0.0533195149155,0.573767194183,0.81900395393,0.00211594606409,0.0,0.818960170103,-0.573705156162,-0.0121400362127,0.0,-0.00872897655174,0.00869859753855,-0.999924066802,0.0,0.649042266017,0.244790146838,0.303357040759,1.0,-0.0466405714286,-0.0612990367347,1.082
0.455132312501,0.477476967573,-0.124302743471,-1.46634842593,0.0729312069853,1.93451749916,0.144027428843,-0.0405876790876,-0.258016432502,-0.00354257352261,-0.397447935782,-0.0199079712682,0.145414456766,-0.0596153016412,0.573796180133,0.818983585603,0.00213941111253,0.0,0.818940038843,-0.573733966433,-0.0121365333797,0.0,-0.00871233654014,0.00871611372512,-0.999924059393,0.0,0.648221954341,0.243693098948,0.303371756321,1.0,-0.052236,-0.0686530285714,1.099
0.454365612375,0.472830160099,-0.124360346243,-1.47348064793,0.0725003340781,1.93710942861,0.143006588073,-0.0467745630239,-0.279267816428,-0.00471300577265,-0.435144149204,-0.0224501384196,0.151079165597,-0.0671075637849,0.573856870096,0.818940822349,0.00222913317682,0.0,0.818898375418,-0.573794188484,-0.012100698352,0.0,-0.00863085836793,0.00876967126268,-0.999924297709,0.0,0.647319376142,0.242486438241,0.303418260274,1.0,-0.0578314285714,-0.0760070204082,1.116
0.453465323697,0.467396842609,-0.124399333141,-1.48167929489,0.0720004734414,1.94013854039,0.141701578297,-0.0497767943629,-0.313580259838,-0.00128783456642,-0.463964618772,-0.0328646645187,0.174044447025,-0.0849630874679,0.573808950263,0.818973743657,0.00245819015252,0.0,0.818934222338,-0.573745258173,-0.0119943782432,0.0,-0.00841286788279,0.00889574890047,-0.999925041843,0.0,0.646281845787,0.241108355765,0.303531903346,1.0,-0.063756,-0.0837936,1.134
0.452526062462,0.461856838346,-0.124436022485,-1.49024707097,0.0714390188147,1.94312483592,0.140368526063,-0.0592033018822,-0.329840810731,-0.00184171290732,-0.526958512986,-0.0301943033468,0.177082492889,-0.0764772392761,0.573761893026,0.819006845022,0.00241346628833,0.0,0.818966601754,-0.573698243024,-0.0120323756859,0.0,-0.00847015975625,0.00888043791169,-0.999924694273,0.0,0.645145934787,0.239654078536,0.303532945184,1.0,-0.0693514285714,-0.0911475918367,1.151
0.451610585111,0.456588492809,-0.124485234709,-1.49837657187,0.0708948351328,1.94589484988,0.139179446869,-0.0663375975007,-0.353767655541,-0.00613984594355,-0.561206197848,-0.0424187795284,0.19003656544,-0.0880526692572,0.573800773479,0.818979871784,0.00232139361964,0.0,0.818938329167,-0.573737399934,-0.012089492914,0.0,-0.00856934600352,0.00883820876011,-0.999924223316,0.0,0.644053155606,0.238246309836,0.303530163889,1.0,-0.0742885714286,-0.0976364081633,1.166
0.45049131856,0.450172807272,-0.124544062353,-1.50797168018,0.0702323546695,1.94946254264,0.137604888799,-0.0662422235801,-0.396349666022,-0.00707552536629,-0.575766585276,-0.0480697720721,0.222247975179,-0.093896514373,0.573727872145,0.819030057614,0.00261540630092,0.0,0.818992981442,-0.573664001368,-0.011868310058,0.0,-0.00822029649299,0.00895135202089,-0.999926147284,0.0,0.64282370873,0.236580441357,0.303679000744,1.0,-0.079884,-0.1049904,1.183
0.449277856408,0.443410840599,-0.124576569735,-1.5182512838,0.0695697548437,1.95309797055,0.136068914022,-0.0696261672841,-0.405047995136,-0.00208569900338,-0.622999345024,-0.0410870209291,0.207560398186,-0.0918099133792,0.573768450355,0.81900130226,0.00271646365931,0.0,0.818965301554,-0.573703930992,-0.0118482621458,0.0,-0.00814545307237,0.00902302221182,-0.999926115603,0.0,0.641442174695,0.234801723738,0.30373473609,1.0,-0.0854794285714,-0.112344391837,1.2
0.447971857058,0.436302881571,-0.124615625405,-1.52929351225,0.0687987276968,1.9568253855,0.134292026076,-0.0851242062524,-0.423045877855,-0.000922986485731,-0.65724519953,-0.0442879627278,0.222893444464,-0.107961623038,0.573685076323,0.819060341368,0.00251740024527,0.0,0.819021554542,-0.573621123652,-0.0119685670233,0.0,-0.00835910557306,0.00892816524335,-0.999925203812,0.0,0.639901732329,0.23286860342,0.303661490894,1.0,-0.0910748571428,-0.119698383673,1.217
0.446540384239,0.428706176036,-0.124640488161,-1.54071691198,0.0680168912899,1.96094547412,0.132431568836,-0.0896342398323,-0.449268935296,-0.00328679663846,-0.699809331966,-0.0525874238419,0.244866574004,-0.109774457237,0.573631131747,0.819097381287,0.00274801022275,0.0,0.81906175961,-0.573566478399,-0.0118353581987,0.0,-0.00811830066349,0.00904009405643,-0.999926182222,0.0,0.638359282147,0.230853362113,0.303759996099,1.0,-0.0966702857143,-0.12705237551,1.234
0.445063844542,0.421286354017,-0.124714503482,-1.55212478037,0.0671875815557,1.9647672581,0.13052259348,-0.0947921226688,-0.465611281012,-0.0058676937533,-0.739585487938,-0.0437489999028,0.236092096006,-0.118299308267,0.573583644466,0.81913122443,0.00256648906792,0.0,0.819093332632,-0.573519786459,-0.0119127611916,0.0,-0.00828634193681,0.00893533109656,-0.999925745441,0.0,0.636755913843,0.22875893501,0.303708120283,1.0,-0.101936571429,-0.133973779592,1.25
0.44319743338,0.411933513665,-0.124841407786,-1.56612907083,0.0661869052555,1.96974539401,0.128233063614,-0.0996458370485,-0.495401539543,-0.00192694853475,-0.760636903965,-0.0552539768445,0.263450757835,-0.129770715749,0.573633697211,0.819095447197,0.00278867467963,0.0,0.819061123014,-0.57356975768,-0.0117199293151,0.0,-0.00800039531559,0.00900721481566,-0.999927429245,0.0,0.634838575407,0.22616328183,0.303815948602,1.0,-0.108190285714,-0.142192946939,1.269
0.441451570683,0.403803888978,-0.124902343973,-1.57862388988,0.0653541594587,1.97383264818,0.126172582151,-0.109882521341,-0.510963947169,-0.00612027239495,-0.796387617142,-0.0479820612743,0.256736677954,-0.126859944827,0.573695731507,0.819052724855,0.00256679957055,0.0,0.81901462865,-0.573631632941,-0.0119387875061,0.0,-0.00830625893047,0.0089516501757,-0.999925434231,0.0,0.633024887708,0.223819118369,0.303718212525,1.0,-0.113456571429,-0.14911435102,1.285
0.439355216828,0.394138957214,-0.125040459027,-1.59290520437,0.0643316039791,1.97883980832,0.123716964397,-0.116050873815,-0.537025818543,-0.00488759233286,-0.806218946511,-0.0628453372717,0.278100978748,-0.140606555547,0.573782154163,0.818991231882,0.00285456919868,0.0,0.818957429566,-0.573717585684,-0.0117306153542,0.0,-0.00796970801243,0.00906876300287,-0.99992711799,0.0,0.631034523269,0.221059196913,0.303865683614,1.0,-0.119381142857,-0.156900930612,1.303
0.437389219998,0.385360354749,-0.125101217976,-1.60629406112,0.0633100212415,1.98322629243,0.121398752943,-0.126034577578,-0.553413204483,-0.00315514683099,-0.862432245435,-0.0614054883138,0.265456179034,-0.151121418483,0.573762090333,0.819006077277,0.00261839308801,0.0,0.818969187841,-0.573698364931,-0.0118491494842,0.0,-0.00820251552863,0.00894314822078,-0.999926366709,0.0,0.629053473928,0.21848983357,0.303767083672,1.0,-0.124647428571,-0.163822334694,1.319
0.435170334983,0.375556422518,-0.125169247749,-1.62072168668,0.0622536808037,1.98810918073,0.118783369307,-0.137222380466,-0.570924337071,-0.000458754071553,-0.849062635134,-0.0533454340649,0.290965635552,-0.161298178879,0.573727421392,0.819029711761,0.00281497715575,0.0,0.818995413765,-0.573663020916,-0.0117472365835,0.0,-0.00800664164669,0.00904533928479,-0.999927035101,0.0,0.62694278003,0.21568790451,0.30388028358,1.0,-0.130242857143,-0.171176326531,1.336
0.432782240701,0.365533298578,-0.125273285552,-1.63571625806,0.0611052610641,1.99302879475,0.116165202344,-0.148820779018,-0.601033942095,-0.00405070269555,-0.886427538725,-0.0569567010239,0.289982790421,-0.156491235113,0.57383063921,0.818957711254,0.00272242239647,0.0,0.818922309963,-0.573766668987,-0.0117816257565,0.0,-0.00808677372983,0.00899028336719,-0.999926886775,0.0,0.624699236753,0.212698647473,0.303850530411,1.0,-0.135838285714,-0.178530318367,1.353
0.430580163104,0.356382643109,-0.125377709794,-1.64927624102,0.0600180369378,1.99747430275,0.113638417185,-0.147989866144,-0.603170327814,-0.00459940433667,-0.9036212554,-0.0736294462967,0.290232872356,-0.171978415135,0.573803873476,0.818976579128,0.00268784764997,0.0,0.818941196263,-0.573740550387,-0.0117407328001,0.0,-0.00807341343329,0.00893823921679,-0.999927461307,0.0,0.622649061921,0.209968362998,0.303858237892,1.0,-0.140775428571,-0.185019134694,1.368
0.427882389843,0.345679128938,-0.125476535242,-1.66507139241,0.0588653094493,2.0025705334,0.110645322929,-0.164844729494,-0.650944994892,-0.00571293746047,-0.926506420866,-0.06427936485,0.317565274664,-0.174838103557,0.573842893112,0.818949213997,0.00269551860917,0.0,0.818913272642,-0.573778808903,-0.0118185128205,0.0,-0.00813228689978,0.0089895386314,-0.999926524353,0.0,0.620220275652,0.206746843079,0.303861845164,1.0,-0.146370857143,-0.192373126531,1.385
0.424928206117,0.334052108638,-0.125556868519,-1.68217488595,0.0575081905747,2.00810936394,0.107428668526,-0.167322633826,-0.652814524586,-0.00437855090125,-0.971423496019,-0.072794250969,0.31000251814,-0.185722050084,0.573850930293,0.818943564289,0.00270096506367,0.0,0.818907726151,-0.573786860773,-0.0118119158423,0.0,-0.0081236706019,0.00899029314438,-0.999926587608,0.0,0.617548872015,0.203258957155,0.303857575148,1.0,-0.152295428571,-0.200159706122,1.403
