position_joint1,position_joint2,position_joint3,position_joint4,position_joint5,position_joint6,position_joint7,velocity_joint1,velocity_joint2,velocity_joint3,velocity_joint4,velocity_joint5,velocity_joint6,velocity_joint7,ee_T_00,ee_T_10,ee_T_20,ee_T_30,ee_T_01,ee_T_11,ee_T_21,ee_T_31,ee_T_02,ee_T_12,ee_T_22,ee_T_32,ee_T_03,ee_T_13,ee_T_23,ee_T_33,v_x,v_y,time
0.465082556471,0.547794852225,-0.123971861329,-1.35576776044,0.0794647008093,1.89408984338,0.159167076496,6.9790946667e-05,-0.000836440008062,0.00372984558366,0.000926321953734,-0.000225541868606,0.000342489285267,0.000511675649923,0.57378034037,0.818995127828,0.00196175918238,0.0,0.818952423499,-0.573722005972,-0.0118631703024,0.0,-0.00859053965946,0.00841360331868,-0.99992770434,0.0,0.661685385294,0.260907111294,0.303234202607,1.0,0.0,0.0,0.0
0.465074004366,0.547801199479,-0.123977858084,-1.35577304917,0.079462710594,1.89408948255,0.159171592554,-0.00139085922728,0.00209647666371,-0.00107710505658,-0.000432257959458,0.000360873778491,0.000286228012875,0.00147437127585,0.573795002652,0.818984886096,0.0019488916482,0.0,0.818942057961,-0.5737367618,-0.0118651069272,0.0,-0.00859935802624,0.00840433020728,-0.999927706524,0.0,0.661687651535,0.260896921204,0.303227352431,1.0,-8e-05,-0.000105142857143,0.005
0.465073049947,0.547800165838,-0.123973312897,-1.35577375188,0.0794623940536,1.89409075233,0.159166864016,-0.00177236832135,0.00300671688932,0.0005936705879,-1.54748081696e-05,-0.000338084102904,-0.000355095481178,0.00104230352567,0.573788697742,0.818989297758,0.00195125664312,0.0,0.818946480521,-0.573730428541,-0.0118660991592,0.0,-0.00859887846256,0.00840677020071,-0.999927690138,0.0,0.661686994104,0.260898885521,0.303227709456,1.0,-0.0004,-0.000525714285714,0.021
0.46507901996,0.547788778667,-0.123979004352,-1.35578787069,0.0794602778553,1.89409161866,0.159166824013,0.00181929742344,0.000973377263668,-0.000569093962351,-0.00171697191633,-0.000320477138743,0.000357632032033,0.000966472589236,0.573787948111,0.818989831223,0.0019477826278,0.0,0.818947003538,-0.573729727203,-0.0118639125592,0.0,-0.00859908850792,0.00840266256779,-0.999927722857,0.0,0.661684099659,0.260897731126,0.303229316241,1.0,-0.00074,-0.000972571428571,0.038
0.465077013258,0.547738085367,-0.123973269388,-1.3558348992,0.0794605571102,1.89410016485,0.159162768853,-2.76810471406e-06,-0.00548692975807,0.000298063140172,-0.00473559987744,-0.000193296564275,0.000360006390201,0.000480691217371,0.57378524602,0.818991686786,0.00196349874684,0.0,0.818949004133,-0.573726902976,-0.0118623915205,0.0,-0.00858885334771,0.00841463258807,-0.999927710165,0.0,0.66167554955,0.260891114906,0.303246448843,1.0,-0.0011,-0.00144571428571,0.056
0.465071826156,0.547600639353,-0.123975853963,-1.35600965919,0.0794564435964,1.89412944107,0.159164261954,-0.000913470470125,-0.00838795029841,-0.00103531968293,-0.0136066318777,-0.000282165587752,-0.000568045532528,-0.00108808882946,0.573800560515,0.818980965351,0.00196011397864,0.0,0.818938138252,-0.573742131144,-0.0118760080462,0.0,-0.00860179017393,0.00841983427393,-0.999927555174,0.0,0.661647140721,0.260872887095,0.303260206509,1.0,-0.00144,-0.00189257142857,0.073
0.465059819452,0.547457202439,-0.123973270363,-1.35621105904,0.0794534652027,1.89419626194,0.159156012536,-0.000954516097767,-0.00964911326578,8.28067648159e-05,-0.0150178333521,-0.00024532050923,0.00508756222897,0.000767449255269,0.57381224471,0.818972746137,0.00197377976406,0.0,0.818929990234,-0.573753653301,-0.0118812171394,0.0,-0.00859809521763,0.00843413770283,-0.999927466409,0.0,0.661620787611,0.26084847268,0.303271667725,1.0,-0.00178,-0.00233942857143,0.09
0.465037191702,0.547269920055,-0.123971591053,-1.35644774335,0.0794504649126,1.89432512315,0.159138547666,-0.00070460371719,-0.00884695622124,0.000723404303103,-0.017636967034,0.00031378275876,0.0119362213583,-0.00376735895975,0.573827981311,0.81896154003,0.00204712413076,0.0,0.818919683825,-0.573769035893,-0.0118487043851,0.0,-0.00852922096563,0.00847571154806,-0.999927704738,0.0,0.661602855604,0.260817119011,0.303302806025,1.0,-0.00214,-0.00281257142857,0.108
0.465017249071,0.547096674657,-0.123973349392,-1.35666138239,0.0794445148067,1.89443830639,0.159136020047,-0.00116478180657,-0.0167281600717,-0.00103173928993,-0.0161292577539,0.000291135764636,0.00612738009718,-0.00178052837241,0.573854023401,0.818943128258,0.00211173086182,0.0,0.818902107016,-0.573794811961,-0.011815235641,0.0,-0.00846446879143,0.00850968520002,-0.999927966419,0.0,0.661586954836,0.260786558377,0.303333710363,1.0,-0.00244,-0.00320685714286,0.123
0.464981111215,0.546882248974,-0.123973009047,-1.35697603882,0.0794397948625,1.89456333047,0.159111844746,-0.00265565702149,-0.0124673236852,0.000276216065401,-0.020743033833,-0.000398632494624,0.00637639410696,-0.000844722408471,0.573879978579,0.818924865603,0.00214046361593,0.0,0.818884100588,-0.573820532465,-0.0118141113826,0.0,-0.00844679023132,0.00853283789375,-0.999927918608,0.0,0.66155498718,0.260736042331,0.303346653594,1.0,-0.00278,-0.00365371428571,0.14
0.464944174106,0.546621097659,-0.123971719932,-1.35736513061,0.079423545273,1.89470339981,0.15904560459,-0.000207945337276,-0.016700112496,0.000742844713539,-0.0213874784303,0.000257847732998,0.0132694079015,-0.00798765033342,0.573872495489,0.818930069794,0.00215559970301,0.0,0.81888942217,-0.573812910501,-0.0118154518164,0.0,-0.00843928032353,0.00854592515,-0.999927870254,0.0,0.661510790927,0.260676477032,0.303358501671,1.0,-0.00312,-0.00410057142857,0.157
0.464910793446,0.546352291158,-0.123978865676,-1.35777929895,0.0794030984512,1.89485976323,0.1589256125,-0.000292420469008,-0.0169321307722,-0.00119961481246,-0.0303063048343,-0.000266888361757,0.00898219258465,-0.000741335672395,0.573824322547,0.818963797146,0.00216626852497,0.0,0.818923278534,-0.573764691833,-0.0118105538328,0.0,-0.00842964991749,0.00855135541473,-0.999927905063,0.0,0.661465508632,0.26061193261,0.303365506369,1.0,-0.00344,-0.00452114285714,0.173
0.464857255411,0.546042500727,-0.123976553486,-1.35831071783,0.0793568118573,1.89504398721,0.158914194865,-0.00687329203223,-0.0134960942817,-0.00129354559495,-0.0286494986199,-0.00675465763361,0.00905750533403,0.00154528935192,0.573874597053,0.818928674873,0.00212584796442,0.0,0.818887729,-0.573815218456,-0.0118207132976,0.0,-0.0084606400563,0.00852460201733,-0.999927871764,0.0,0.661404436061,0.260523851151,0.303347766247,1.0,-0.0038,-0.00499428571429,0.191
0.46480439938,0.545701349708,-0.123977415674,-1.35889301547,0.0792855623306,1.89523345684,0.158838184793,-0.00125134916651,-0.0160915644861,-0.000881922035464,-0.0354771914986,-0.00130196401967,0.0107990068913,-0.00962968796837,0.57386972848,0.818932250818,0.00206160262,0.0,0.818890757424,-0.57381089369,-0.0118208540346,0.0,-0.00849767216582,0.00847202073886,-0.999928004625,0.0,0.661335445191,0.260425071023,0.30332850605,1.0,-0.00414,-0.00544114285714,0.208
0.464749705289,0.545387110937,-0.123976339475,-1.35943647566,0.0792775751352,1.89542035746,0.158749520752,-0.00470481623331,-0.0204737482806,0.000619534674131,-0.0347723239839,-0.000274583493358,0.0130307029186,-0.00777054391547,0.573869349182,0.818932572922,0.00203911214429,0.0,0.818890530988,-0.573810350108,-0.0118628524344,0.0,-0.00854497713019,0.00847770025459,-0.999927553358,0.0,0.661270587006,0.260340530769,0.303308485836,1.0,-0.00442,-0.00580914285714,0.222
0.464687810472,0.544947563758,-0.123977156333,-1.3601706934,0.079252414257,1.89565199869,0.158685490591,0.00121143608974,-0.0225178495556,0.00080009816442,-0.0400422690619,-0.000364329812213,0.0113138494986,-0.00746159320033,0.573902238017,0.818909631462,0.00199589552708,0.0,0.818866797629,-0.573843185059,-0.0119127495651,0.0,-0.00861030008469,0.00847128931357,-0.999927047334,0.0,0.661177316781,0.260229392966,0.303290263433,1.0,-0.00478,-0.00628228571429,0.24
0.464609071865,0.544510944079,-0.12397929012,-1.36089992897,0.0792117761943,1.89591928951,0.158575620859,-0.00212791051983,-0.0316426252004,8.80141417505e-05,-0.0395286707946,-0.00494571546179,0.0156986819143,-0.00846789716099,0.573908134,0.818905550682,0.00197476376468,0.0,0.81886240895,-0.573849135875,-0.0119277561009,0.0,-0.00863465544214,0.00846265899252,-0.999926910393,0.0,0.661097686323,0.260106833256,0.30327541056,1.0,-0.00512,-0.00672914285714,0.257
0.464543019723,0.544024011988,-0.123982860583,-1.36169295481,0.0791689937146,1.89619748447,0.158492694539,-0.00559664185227,-0.034287832381,0.0016480955945,-0.0469501913922,-0.00633027268872,0.0218840539783,-0.00204288957531,0.573929550343,0.818890594844,0.00195238856072,0.0,0.818847105468,-0.573870588192,-0.0119462452803,0.0,-0.00866241631034,0.00845517369197,-0.999926733607,0.0,0.661003929641,0.259985316817,0.303266745059,1.0,-0.00546,-0.007176,0.274
0.464463538132,0.543507575734,-0.123983924472,-1.36253338468,0.0791276862945,1.89648316395,0.158361403986,-0.0044613183161,-0.0269492461048,0.00062100025516,-0.0426359788643,-0.000352781124735,0.0170697705515,-0.012442419386,0.57392352664,0.818894881331,0.00192504566801,0.0,0.818850908216,-0.573864556695,-0.0119752905879,0.0,-0.00870195622565,0.0084493890773,-0.999926439185,0.0,0.660904247596,0.259851888624,0.303256909546,1.0,-0.0058,-0.00762285714286,0.291
0.464388399646,0.542959008636,-0.123992360684,-1.36340850126,0.0790754797829,1.89680820072,0.158262726612,-0.00648612436822,-0.0311961674917,0.000490531965035,-0.058722602023,-0.00340586286798,0.019711129618,-0.0114695316428,0.573944959284,0.818879869095,0.00192109459575,0.0,0.818835875981,-0.57388603406,-0.0119739308347,0.0,-0.00870288911344,0.00844560102553,-0.999926463068,0.0,0.66080632198,0.259714281905,0.303256873013,1.0,-0.00614,-0.00806971428571,0.308
0.464321815969,0.542436362933,-0.123995632621,-1.36421356826,0.0790379611552,1.89709084576,0.158163333608,-0.00120517158161,-0.0348973173783,0.000474829740587,-0.0531715284223,-0.00158007947289,0.0164926413732,-0.00814739185162,0.573945796786,0.818879267596,0.0019272658034,0.0,0.818835227352,-0.573886721348,-0.011985341427,0.0,-0.00870868302566,0.0084572122949,-0.999926314485,0.0,0.660702866448,0.259588653328,0.30326758929,1.0,-0.00646,-0.00849028571429,0.324
0.464238087053,0.541779047458,-0.123998117618,-1.3652303743,0.0789630591622,1.89747750568,0.158020606015,-0.00705258936979,-0.0394523547542,-0.00187029237929,-0.0574367110907,-0.0047969709404,0.0233276387245,-0.00622296788077,0.573944972018,0.818879811878,0.00194157005258,0.0,0.818836113525,-0.573885987195,-0.0119599243711,0.0,-0.00867966788326,0.00845432890653,-0.99992659115,0.0,0.660597471298,0.25943810581,0.303282349757,1.0,-0.0068,-0.00893714285714,0.341
0.464154954029,0.541129264585,-0.123998839769,-1.3662327442,0.0788985100904,1.89785160469,0.157900451469,-0.00347318323981,-0.0428338715695,-1.37584255729e-05,-0.0588093827293,-0.000881308991332,0.0225625298578,-0.00177290523261,0.573953526843,0.818873778944,0.00195705989219,0.0,0.818830318983,-0.573894511416,-0.0119476098674,0.0,-0.00866060525428,0.00846003567841,-0.999926708171,0.0,0.660483203412,0.25928726988,0.303297069896,1.0,-0.00714,-0.009384,0.358
0.464069771547,0.540466009213,-0.123999636888,-1.3672376311,0.0788488262432,1.89821442918,0.157766073517,-0.00573670049137,-0.0444654368102,-0.000887433976583,-0.0636548320562,-0.00791928956766,0.0224611469016,-0.00714103078941,0.573956110552,0.818871909042,0.00198157587613,0.0,0.818828650947,-0.573896876974,-0.0119483006851,0.0,-0.00864707406798,0.00848053456689,-0.999926651632,0.0,0.660366004321,0.259136563523,0.303319067293,1.0,-0.00746,-0.00980457142857,0.374
0.463967472175,0.539728383682,-0.123999582992,-1.36835297173,0.0787859151624,1.89864516632,0.157622659516,-0.00486471966283,-0.0493871931263,-0.00439675000851,-0.0635477543327,-0.00305082224209,0.0264681868481,-0.00774048350246,0.573967394152,0.818863884864,0.00202864903799,0.0,0.818821216177,-0.573907939894,-0.01192641469,0.0,-0.00860201809091,0.00850663781283,-0.999926818521,0.0,0.66024357761,0.258965391636,0.303346792872,1.0,-0.0078,-0.0102514285714,0.391
0.463869051236,0.538941832909,-0.124004889317,-1.36959965687,0.0787131415297,1.89911990906,0.157478818531,-0.00395885039218,-0.0384696312085,-0.00163222506852,-0.0650055713256,-0.00633263848221,0.0211964332414,-0.0155398573892,0.573983472293,0.818852587743,0.00203960346479,0.0,0.818810071186,-0.573923980197,-0.0119196971617,0.0,-0.0085900629128,0.00851192090462,-0.999926876337,0.0,0.660101368938,0.25878012067,0.303350436962,1.0,-0.00816,-0.0107245714286,0.409
0.463766880783,0.538243767309,-0.124010547709,-1.37066446454,0.078638669193,1.89952371136,0.157343808639,-0.00289271537951,-0.0461803649684,0.000271558932539,-0.0706526031952,-0.0056828685736,0.0321141677133,-0.00414438337574,0.57399941336,0.818841352857,0.00206378676898,0.0,0.81879927632,-0.573939944531,-0.011892521639,0.0,-0.00855376353052,0.00851629152209,-0.999927150301,0.0,0.659985678573,0.258607528827,0.303371849586,1.0,-0.00846,-0.0111188571429,0.424
0.463651375288,0.537401396392,-0.124013827298,-1.37200459372,0.0785805098564,1.90002077787,0.157180168555,-0.00793577649742,-0.0471799337893,0.0004976371695,-0.0779998113794,-0.00289527150564,0.032174001909,-0.00622556749188,0.574020657626,0.818826434895,0.00207389406127,0.0,0.818784286804,-0.573960942531,-0.0119111306421,0.0,-0.00856297931305,0.00853547124841,-0.999926907887,0.0,0.659830367204,0.258405697363,0.303372074352,1.0,-0.00882,-0.011592,0.442
0.463548038717,0.536604155112,-0.124017765114,-1.37322360273,0.0785002826158,1.90048725862,0.157021832939,-0.00185955441026,-0.044413266886,0.00333797902847,-0.080354779783,-0.0046125974318,0.024338370646,-0.0170409672862,0.574024043513,0.818823977362,0.00210676704743,0.0,0.818782345994,-0.573964283104,-0.0118835394546,0.0,-0.00852148206821,0.00854658558277,-0.999927167457,0.0,0.659693792281,0.258219679496,0.303395242076,1.0,-0.00914,-0.0120125714286,0.458
0.463430624229,0.535752507899,-0.124026895228,-1.37458303337,0.0784171881177,1.90098464889,0.156866804153,-0.00268755432555,-0.0521523501268,-8.6899298149e-05,-0.0810167464009,-0.000198418938969,0.0356368103089,-0.00562350575279,0.574052081175,0.818804353579,0.00209417277625,0.0,0.818762588454,-0.573992398455,-0.0118868484424,0.0,-0.00853112825099,0.00853846480182,-0.999927154582,0.0,0.659536917833,0.258007053488,0.303392693065,1.0,-0.00948,-0.0124594285714,0.475
0.463308820404,0.53483630251,-0.124028312827,-1.37601710305,0.0783444932988,1.90150535013,0.156688896142,-0.00704887235484,-0.0532825431905,0.000996114048695,-0.0913168998109,-0.00232434416565,0.0381540352113,-0.0130904472975,0.574066277162,0.818794376202,0.00210376493797,0.0,0.818752586981,-0.574006404595,-0.0118993990251,0.0,-0.00853575079346,0.00855367136887,-0.999926985167,0.0,0.659367514754,0.257791276402,0.303401790502,1.0,-0.00982,-0.0129062857143,0.492
0.463186428629,0.533936777481,-0.124036479621,-1.37749433895,0.0782485060598,1.90203759821,0.156506889131,-0.00486990468752,-0.0559951522972,0.000510055514497,-0.0853916851297,-0.0122969877161,0.0264525591939,-0.0193523435474,0.574078323849,0.81878604601,0.00205811757459,0.0,0.818743719559,-0.57401869322,-0.011916728478,0.0,-0.0085760181461,0.00852637050775,-0.999926873786,0.0,0.659192546472,0.257562893831,0.303379592423,1.0,-0.01016,-0.0133531428571,0.509
0.463051231546,0.533071415223,-0.124031880638,-1.37888729566,0.0781748283446,1.90257276777,0.156337587756,-0.0135134470285,-0.0559337477355,0.00199172006312,-0.0882354467711,-0.000231393974831,0.038944118281,-0.00775100936486,0.574103742195,0.818768195443,0.00206935470991,0.0,0.818725906285,-0.574043953737,-0.01192377691,0.0,-0.00857507384086,0.00853988367466,-0.999926766566,0.0,0.659035668661,0.257346851022,0.303373108123,1.0,-0.01048,-0.0137737142857,0.525
0.462912409359,0.532053468385,-0.12403478293,-1.38052989701,0.0780831416577,1.90318386413,0.156129134166,-0.00660573709966,-0.0615833816907,5.15804565466e-05,-0.0878705021579,-0.0111006119965,0.0348951966296,-0.0101090089607,0.574113888826,0.81876110506,0.00205970844635,0.0,0.818718614837,-0.574054063822,-0.0119376894311,0.0,-0.00859189720718,0.00854007937203,-0.999926620481,0.0,0.658843041887,0.257098702709,0.30336201058,1.0,-0.01084,-0.0142468571429,0.543
0.462772732771,0.531050219245,-0.124040613531,-1.38215381554,0.0779832218046,1.90376371125,0.155923135067,-0.0147574072999,-0.0574098734692,0.00035166096707,-0.0944588124967,-0.00419791853973,0.0306907432498,-0.0214468092884,0.574125197608,0.818753269279,0.00202198369513,0.0,0.818710275377,-0.574065515908,-0.0119589020257,0.0,-0.00863080518714,0.0085214898816,-0.999926444001,0.0,0.658649017052,0.256846907053,0.303346585744,1.0,-0.01118,-0.0146937142857,0.56
0.46264529454,0.530132629034,-0.124042507778,-1.38360984524,0.0778870735801,1.90427742096,0.155733714744,-0.0118270849174,-0.0604717849224,-0.000485503839598,-0.0897113848368,-0.0019016755789,0.0348296678108,-0.0113896570203,0.574128898876,0.818750736872,0.00199630869964,0.0,0.818707433014,-0.574069348615,-0.0119695033593,0.0,-0.0086541866805,0.00850659433305,-0.999926368742,0.0,0.65847406538,0.256620424267,0.30334462001,1.0,-0.01148,-0.015088,0.575
0.462513904603,0.529089733466,-0.124043197257,-1.38526436313,0.0777905059064,1.90489343447,0.155499843798,-0.00972335624475,-0.061669854992,0.000348333729938,-0.0947792348295,-0.00945360827433,0.0385950839031,-0.0138988781185,0.574115994481,0.818759770211,0.00200261506492,0.0,0.818716541884,-0.574056412779,-0.0119668665049,0.0,-0.00864854136056,0.00851010739088,-0.999926387693,0.0,0.65826697562,0.256358401905,0.303348603482,1.0,-0.01184,-0.0155611428571,0.593
0.462370685325,0.527924203895,-0.124047086107,-1.38707019503,0.0776730927111,1.90559818708,0.15525379181,-0.00548590898905,-0.0623443430946,-0.00089416047423,-0.101799145098,-0.00245172110451,0.0399418648797,-0.0115621256699,0.574094242243,0.818774908116,0.0020488446788,0.0,0.818732356115,-0.574034543769,-0.0119339227064,0.0,-0.00859525433221,0.00852881595043,-0.999926687763,0.0,0.658069468828,0.256110252073,0.303367387135,1.0,-0.01218,-0.016008,0.61
0.462231852333,0.526827500565,-0.124050358932,-1.38873744071,0.0775755288795,1.90622852932,0.155022971372,-0.00618665133351,-0.0650677154909,0.00466031697728,-0.102575174811,-0.00272895583189,0.0345913961045,-0.0132111570216,0.574085082291,0.818781198913,0.00210083314175,0.0,0.818739307179,-0.574025154858,-0.0119086259442,0.0,-0.00854479247217,0.00855676392032,-0.999926881483,0.0,0.657875060382,0.255860486661,0.303400440278,1.0,-0.0125,-0.0164285714286,0.626
0.46208455183,0.525660662344,-0.124053150251,-1.39058005112,0.0774560948101,1.9068925187,0.154785039553,-0.00970797995495,-0.0723616940121,0.000496263909414,-0.108334788415,-0.00103679984641,0.0383561972056,-0.00834246842967,0.574079847518,0.818784907705,0.00208578292076,0.0,0.818742848557,-0.574020010722,-0.0119131074716,0.0,-0.00855715621887,0.00854695932625,-0.999926859607,0.0,0.657650795949,0.255584344533,0.303401995843,1.0,-0.01284,-0.0168754285714,0.643
0.461925215214,0.524485579997,-0.124056594976,-1.39244299024,0.0773399024762,1.90756078325,0.154527187499,-0.0109822421907,-0.0692446683694,-0.000643632842922,-0.111739211415,-0.002190744223,0.0435598872937,-0.00979117506919,0.574070347168,0.818791617155,0.00206665923289,0.0,0.818749292672,-0.574010573726,-0.0119249277536,0.0,-0.00857791177924,0.00853798758329,-0.999926758417,0.0,0.657425277186,0.25529845265,0.303399770556,1.0,-0.01318,-0.0173222857143,0.66
0.461780681689,0.523365133393,-0.12406369775,-1.39423857875,0.0772204559248,1.90822151286,0.15427332377,-0.0138550626704,-0.0700061672205,0.000555815304735,-0.109420344086,-0.00878080517156,0.0453862516452,-0.0153885288575,0.574049942927,0.81880597432,0.00204605582633,0.0,0.818763471429,-0.573990346229,-0.0119250656064,0.0,-0.00859006405584,0.00852098305717,-0.999926799144,0.0,0.657209300474,0.255026436346,0.303390353597,1.0,-0.0135,-0.0177428571429,0.676
0.461618359434,0.522135337421,-0.124069055922,-1.39619123609,0.0771022742551,1.90898640339,0.154018616564,-0.0160686415788,-0.0745143034839,-0.000632864618832,-0.120007260604,-0.00583527125956,0.0525927209319,-0.0211301286077,0.574051047986,0.818805119465,0.0020778706835,0.0,0.818763080742,-0.573991370308,-0.0119025764937,0.0,-0.0085533754059,0.00853413462068,-0.999927001493,0.0,0.656983500532,0.254733797798,0.303391722728,1.0,-0.01384,-0.0181897142857,0.693
0.461451324585,0.520881481153,-0.124074801424,-1.39820683408,0.076981893926,1.90974881291,0.153752380469,-0.00716790922,-0.0787017326464,-0.000122875090674,-0.120758763137,-0.00524941054252,0.0457702868169,-0.013015632343,0.574049201496,0.818806418644,0.00207604194264,0.0,0.818764351514,-0.573989526923,-0.0119040569929,0.0,-0.00855565666406,0.00853346784193,-0.999926987667,0.0,0.656743719474,0.254430218172,0.303379505618,1.0,-0.01418,-0.0186365714286,0.71
0.461294598549,0.519650357278,-0.12408111924,-1.40013596348,0.0768538450577,1.9104414123,0.153487739899,-0.0117515178023,-0.0782308539525,-0.000147365882492,-0.123459321223,-0.00856696070321,0.0411925459923,-0.0204216848691,0.574033253162,0.818817628624,0.00206451447059,0.0,0.818775475194,-0.573973691191,-0.0119025183168,0.0,-0.00856117966081,0.00852297922064,-0.999927029852,0.0,0.656507055043,0.254137161562,0.303386034923,1.0,-0.0145,-0.0190571428571,0.726
0.461106850815,0.518217375492,-0.124081928603,-1.40235546146,0.0767107904505,1.91122754474,0.153186044933,-0.0121846868283,-0.0776039661416,0.00045569250267,-0.128719655484,-0.0131484088089,0.0418129801824,-0.0172753576863,0.574019414511,0.818827338737,0.00206106817657,0.0,0.818785130303,-0.573959858257,-0.0119053939225,0.0,-0.00856565653916,0.00852166329288,-0.999927002727,0.0,0.656232453569,0.25379912489,0.303403589679,1.0,-0.01486,-0.0195302857143,0.744
0.460927536118,0.516849528473,-0.124088252011,-1.404487382,0.0765722063367,1.91200362692,0.152891932313,-0.0100524651583,-0.08063265899,-0.000888275355047,-0.126984153219,-0.00768321715424,0.0471073427503,-0.0256048109408,0.574005177202,0.818837308679,0.002065275292,0.0,0.818795209466,-0.573945659722,-0.0118967030333,0.0,-0.00855627323875,0.00851997068391,-0.999927097487,0.0,0.655972908506,0.253473026968,0.303415993362,1.0,-0.0152,-0.0199771428571,0.761
0.460747226659,0.515576235791,-0.12409906431,-1.40652714039,0.0764438599979,1.91278860691,0.152602423215,-0.012780477678,-0.0774152556616,-0.00189172849367,-0.13180905717,-0.00735575888825,0.0520591070922,-0.0155845421353,0.57399669833,0.81884323077,0.00207379565146,0.0,0.818801333362,-0.573937237856,-0.0118815145462,0.0,-0.00853903361224,0.00851814076583,-0.999927260446,0.0,0.655734459517,0.253155613047,0.303406517915,1.0,-0.01552,-0.0203977142857,0.777
0.460566283381,0.514182576233,-0.124099914269,-1.40876630158,0.0763124568734,1.91358273441,0.152317289209,-0.00955514604516,-0.0817337683947,0.000140714975006,-0.130609017799,-0.00929847542401,0.0446609307185,-0.00538749487091,0.57398342841,0.818852630573,0.00203475203092,0.0,0.818810058701,-0.573923964112,-0.0119213291586,0.0,-0.00859418425457,0.00850888463395,-0.999926866765,0.0,0.655433486418,0.252805788099,0.303385869687,1.0,-0.01588,-0.0208708571429,0.795
0.460371452584,0.512765872235,-0.124097653255,-1.41104205879,0.0761744166574,1.914367847,0.151988214987,-0.0128978051331,-0.0872322251853,0.000521834686756,-0.133167822689,-0.00769428485382,0.0484066876783,-0.0195827342747,0.573964513231,0.818866042635,0.00197197174697,0.0,0.818822533312,-0.573905195445,-0.0119679774047,0.0,-0.0086686123625,0.00848405257121,-0.9999264353,0.0,0.655159775629,0.252474986165,0.303364115792,1.0,-0.0162,-0.0212914285714,0.811
0.460175459435,0.511416975386,-0.124108536488,-1.41320737337,0.0760447861973,1.91519424473,0.151686513842,-0.015041312594,-0.0831773255823,-0.00211818374659,-0.134734369462,-0.00559388337535,0.0550032232133,-0.0151569801434,0.573964245194,0.818866218506,0.00197694956145,0.0,0.818822794337,-0.573904926332,-0.0119630225414,0.0,-0.00866170070254,0.00848528193536,-0.999926484763,0.0,0.654903364344,0.252136126037,0.30335026064,1.0,-0.01652,-0.021712,0.827
0.459967984577,0.509864628128,-0.124106787768,-1.41568206768,0.0758888846011,1.91612144857,0.151337225041,-0.0126449598888,-0.0859661090925,0.000599669460915,-0.140115648728,-0.0043010327888,0.0464524474532,-0.01902122417,0.573930974374,0.818889550785,0.00197159116635,0.0,0.818846046631,-0.573871672265,-0.0119667284291,0.0,-0.00866815543687,0.00848266905719,-0.999926450999,0.0,0.654615228891,0.251790013626,0.303335209072,1.0,-0.01686,-0.0221588571429,0.844
0.459772803269,0.508446762642,-0.124112505084,-1.41791148292,0.0757546980193,1.91691159171,0.151026381497,-0.0104576437783,-0.0881778559468,0.000819691870058,-0.135167027655,-0.0139678076552,0.0437439964447,-0.0190419140313,0.573911091849,0.818903510795,0.00196101003799,0.0,0.818859794279,-0.573851764162,-0.0119806920628,0.0,-0.00868586895201,0.00848180764023,-0.999926304594,0.0,0.654300492074,0.251403886586,0.303338720434,1.0,-0.01722,-0.022632,0.862
0.459568728399,0.506908222367,-0.124110569515,-1.42031165956,0.0756010247801,1.91778800818,0.150690771335,-0.0154379917936,-0.0897980293604,0.000363664115054,-0.139145715294,-0.00566461656937,0.0472543783943,-0.0249896002392,0.573896234976,0.818913902011,0.00196963826231,0.0,0.818870280549,-0.573836855569,-0.0119780518175,0.0,-0.0086789092212,0.00848720048176,-0.999926319267,0.0,0.654019268974,0.251058581126,0.30334857206,1.0,-0.01754,-0.0230525714286,0.878
0.459344513126,0.505319943377,-0.124118483246,-1.42277987257,0.0754381552588,1.91873250974,0.150356033055,-0.00894541772986,-0.0957115462665,-0.00196299213362,-0.145340960451,-0.0124979587515,0.0478590737224,-0.0224202280951,0.573894860556,0.818914755634,0.00201467940538,0.0,0.818871864753,-0.573835433471,-0.0119378101151,0.0,-0.00862012038737,0.00850097582306,-0.999926710782,0.0,0.653724784216,0.250673179128,0.303366094796,1.0,-0.01788,-0.0234994285714,0.895
0.459119217907,0.503661821721,-0.124116389832,-1.42526090122,0.0752791679555,1.91967647667,0.14999884457,-0.0095769707129,-0.0938653796414,0.000347920232262,-0.143291849713,-0.0067585017889,0.0558277017853,-0.024788490496,0.573869982232,0.818931937163,0.00211487326532,0.0,0.818890402525,-0.573810199414,-0.011878998365,0.0,-0.00851471922727,0.00854901459523,-0.999927204303,0.0,0.653425702911,0.250293002446,0.303425260089,1.0,-0.01822,-0.0239462857143,0.912
0.45889928752,0.502061794905,-0.124124858686,-1.42761344332,0.0751261108659,1.92054896117,0.149678682873,-0.0143721073289,-0.100223613236,-0.000653743704624,-0.14639021371,-0.00905606196118,0.0431997050416,-0.0157362205148,0.573872924152,0.818929618492,0.0022121896468,0.0,0.818889440202,-0.573812846507,-0.0118173097388,0.0,-0.00840832400408,0.00859333828532,-0.9999277247,0.0,0.653141382783,0.249920869483,0.303498475715,1.0,-0.01854,-0.0243668571429,0.928
0.45865214716,0.500256701754,-0.124128426831,-1.43034001663,0.0749540074283,1.92152071547,0.149292100681,-0.0163486800432,-0.101738246789,5.78160137016e-05,-0.153888429527,-0.0113093913811,0.0534963292517,-0.0183598794292,0.57385361626,0.818943032682,0.00225460138979,0.0,0.818903365736,-0.573793335355,-0.0117996944717,0.0,-0.00836976346788,0.00861776392848,-0.999927837999,0.0,0.652797812863,0.249495991612,0.303544654118,1.0,-0.0189,-0.02484,0.946
0.458407829163,0.498581990794,-0.124123465196,-1.43295714917,0.074781426652,1.92249402319,0.14893012499,-0.0139509419352,-0.092579375485,0.000217324548206,-0.155233460047,-0.00797794958138,0.0621728636041,-0.0182974874425,0.573840067954,0.818952469914,0.00227493579754,0.0,0.818913102919,-0.573779747343,-0.01178466409,0.0,-0.00834592836147,0.00862565324568,-0.999927969199,0.0,0.652473678701,0.249089322065,0.30355123915,1.0,-0.01924,-0.0252868571429,0.963
0.458157503431,0.496991531584,-0.124128755356,-1.43546094439,0.0746365264213,1.9233981892,0.148544049403,-0.0150643036193,-0.0997578269853,-0.0017258902309,-0.155838209765,-0.00612193106967,0.060078587775,-0.0220200559202,0.573820497978,0.818966190859,0.0022718344272,0.0,0.818926641536,-0.573760045024,-0.0118031105441,0.0,-0.0083630216734,0.00863349872927,-0.999927758675,0.0,0.652162059429,0.248684949669,0.303546794036,1.0,-0.01956,-0.0257074285714,0.979
0.457898812658,0.495318815053,-0.124125833416,-1.43818171724,0.0744711387455,1.92432422083,0.148149340715,-0.0121882446937,-0.101053497171,3.31480313707e-05,-0.158343082767,-0.00338171878248,0.0520297395335,-0.0279628728449,0.573799344386,0.818981283551,0.00217174504453,0.0,0.818940210963,-0.573739061238,-0.0118813879485,0.0,-0.00848478274767,0.00859622746417,-0.999927054007,0.0,0.651804560247,0.248253738412,0.303497526918,1.0,-0.0199,-0.0261542857143,0.996
0.45761586404,0.493588938292,-0.124140000982,-1.44097446044,0.0742876172582,1.92533548417,0.1477650402,-0.0182224200439,-0.103720414328,-0.00154040581002,-0.166563740718,-0.00365031070936,0.0591843915434,-0.0277110493992,0.573817180059,0.818968929223,0.00211748357783,0.0,0.818927215387,-0.573757179245,-0.0119021874181,0.0,-0.0085327645627,0.00856390943263,-0.999926923022,0.0,0.65145765764,0.247791858084,0.3034610491,1.0,-0.0224554285714,-0.0295128489796,1.013
0.457357395931,0.491680652685,-0.124182771387,-1.44398911391,0.0741072306587,1.92645674392,0.147342328704,-0.0150004600956,-0.118394319783,0.00164727174094,-0.193685505092,-0.0158851558327,0.0674918119729,-0.0275827618705,0.573804124043,0.818978048561,0.00212840512683,0.0,0.818936557013,-0.57374416113,-0.0118869700675,0.0,-0.00851417145929,0.00856398609684,-0.999927080855,0.0,0.651057766032,0.24728591742,0.303455641271,1.0,-0.0259622857143,-0.0341218612245,1.03
0.456954393073,0.489106799278,-0.124191341394,-1.44813276564,0.0738643402453,1.92791680945,0.146732710368,-0.0233507966808,-0.149147390354,-0.000853742444122,-0.228948726833,-0.0200696261046,0.0800148037377,-0.0317690423954,0.573793721092,0.818985572374,0.002035873181,0.0,0.818942583348,-0.573733848586,-0.0119692551108,0.0,-0.00863476413841,0.00853531100213,-0.999926291941,0.0,0.650546441141,0.246648747351,0.303397420937,1.0,-0.0296754285714,-0.0390019918367,1.048
0.456553779379,0.486597453071,-0.124220748585,-1.45204446677,0.0736269119065,1.92940831005,0.14618436362,-0.0309257476428,-0.164533508252,-0.00253296960806,-0.251142791909,-0.0184600798085,0.0962107953488,-0.0292605177875,0.573824032717,0.81896415915,0.00210532801072,0.0,0.81892215219,-0.573763945475,-0.0119243627648,0.0,-0.00855782918386,0.00856675061138,-0.999926684484,0.0,0.650072795702,0.246003355839,0.303409320532,1.0,-0.032976,-0.0433398857143,1.064
0.456144766902,0.483993389448,-0.124244899932,-1.45600944835,0.0733825592842,1.93085556791,0.145560573,-0.0262079542954,-0.173890020229,-0.0027236182469,-0.274522624609,-0.0173458107299,0.0929403319981,-0.0374622148486,0.573794672838,0.818984542029,0.00217720950233,0.0,0.818943459464,-0.573734286161,-0.0118880606098,0.0,-0.00848716153867,0.00860448299308,-0.999926962814,0.0,0.649578251065,0.245346880699,0.303455953615,1.0,-0.0360702857143,-0.0474066612245,1.079
0.455585013028,0.480591024751,-0.124308902011,-1.46135396225,0.0730523795256,1.9327218548,0.144751687111,-0.0312156576429,-0.193767778478,-0.00293076745067,-0.309236724138,-0.0164389175438,0.107577266994,-0.0436871337619,0.573808617938,0.818974961702,0.00210451569515,0.0,0.818932905587,-0.57374849734,-0.0119291595314,0.0,-0.00856238510506,0.00856867667052,-0.999926628979,0.0,0.648896536688,0.244431544026,0.303435557423,1.0,-0.0397834285714,-0.0522867918367,1.097
0.455016698605,0.477049853684,-0.12435569191,-1.4667889089,0.0727116122443,1.93469853265,0.143969469404,-0.0320395081563,-0.208454835367,-0.000361452781211,-0.328913716658,-0.024347278033,0.121298501322,-0.0422982146949,0.573838708983,0.81895371676,0.0021662821631,0.0,0.818912531135,-0.573778400393,-0.0118895118713,0.0,-0.00849415756198,0.00859682326749,-0.999926969292,0.0,0.648211987581,0.243518139259,0.303474334232,1.0,-0.0432902857143,-0.0568958040816,1.114
0.454450989528,0.473690725242,-0.12438650471,-1.47193277257,0.0724159900425,1.93659392108,0.143218074337,-0.0423092496344,-0.232250535427,0.000122128749301,-0.346858156645,-0.0164703847678,0.125278876937,-0.0580939077063,0.573882500814,0.81892278606,0.00225668633689,0.0,0.818882611376,-0.573821657895,-0.0118625721516,0.0,-0.00841975724748,0.008655850425,-0.999927089313,0.0,0.64751882379,0.242589353406,0.303509294961,1.0,-0.0465908571429,-0.0612336979592,1.13
0.453731591124,0.469374561346,-0.12441321833,-1.4785157919,0.0720038521018,1.93895149259,0.142210736973,-0.0420741243321,-0.246781311674,0.000920881363693,-0.375549446508,-0.0189945163426,0.139998682261,-0.0596829123912,0.57386303618,0.818936171137,0.00234738394387,0.0,0.818897009323,-0.573801668664,-0.0118355422861,0.0,-0.0083457815413,0.008714413702,-0.999927200812,0.0,0.646718788781,0.241541115453,0.303569429739,1.0,-0.0500977142857,-0.0658427102041,1.147
0.45295056368,0.464724563346,-0.124418940742,-1.48555791645,0.0715428626002,1.94151409655,0.141084117104,-0.0427567190135,-0.266128924927,8.65381917883e-05,-0.403471458936,-0.0280126357482,0.140423636085,-0.0574200362912,0.573790892712,0.818986308635,0.00248688771932,0.0,0.818948951697,-0.573728997152,-0.0117643207609,0.0,-0.00820817606918,0.00878706338048,-0.999927704068,0.0,0.645810885706,0.240362028641,0.30364775366,1.0,-0.0538108571429,-0.0707228408163,1.165
0.452199269217,0.460389277233,-0.12443155033,-1.49232140303,0.0710960878672,1.9438408819,0.140085169251,-0.0496863227824,-0.274184145269,-0.000368756636292,-0.425299483763,-0.0274544384256,0.150805217448,-0.063788891656,0.573790468837,0.818986879414,0.00239501984798,0.0,0.818948125137,-0.573728704637,-0.0118359077047,0.0,-0.00831952165769,0.00875289656552,-0.999927083522,0.0,0.644902232487,0.239214997731,0.303617191188,1.0,-0.0571114285714,-0.0750607346939,1.181
0.451302691102,0.45526538383,-0.124450511819,-1.50031773937,0.0705528901206,1.9466537856,0.138858980166,-0.0485951349946,-0.28677820942,-0.00132095260155,-0.452113384428,-0.0332142667997,0.163463927841,-0.076433878296,0.573754170981,0.819012505386,0.00232684419114,0.0,0.818972840662,-0.573692651714,-0.0118732694694,0.0,-0.00838962428739,0.00871812792923,-0.999926801546,0.0,0.643833513111,0.237854506888,0.303579746527,1.0,-0.0608245714286,-0.0799408653061,1.199
0.450381058437,0.450036165242,-0.124490128516,-1.50810377177,0.0700212589483,1.94958509171,0.137597899872,-0.0560698085001,-0.316550214088,-0.0044849434461,-0.473558609038,-0.0295428671052,0.178201422277,-0.0675807158688,0.573714466228,0.819039435858,0.00261928457224,0.0,0.819004019884,-0.573652342772,-0.0116684166491,0.0,-0.00805448973226,0.00883971421532,-0.999928489767,0.0,0.642843272125,0.236502848716,0.303718349876,1.0,-0.0643314285714,-0.084549877551,1.216
0.449468878092,0.444932263893,-0.124531456435,-1.51591469294,0.0695063831607,1.9522683849,0.136455988673,-0.0599099180056,-0.330124450751,0.000145243351949,-0.500634647529,-0.0330116057458,0.174260600981,-0.0666465591043,0.573766299551,0.819003209929,0.00259278352477,0.0,0.818967286555,-0.573704084587,-0.0117027254406,0.0,-0.00809723509906,0.00883820452147,-0.999928157882,0.0,0.641779977117,0.235140468452,0.303731883016,1.0,-0.067632,-0.0888877714286,1.232
0.448423489801,0.439320918429,-0.124555860918,-1.52471052068,0.0688905895476,1.95519483433,0.135052484066,-0.0684151296695,-0.335634920996,-0.000178191707346,-0.52375950985,-0.0382467311475,0.177270361635,-0.0911616590123,0.573709885895,0.819043444534,0.00235577866217,0.0,0.819004227498,-0.573648333471,-0.0118495463198,0.0,-0.008354065572,0.00872776258688,-0.999927015211,0.0,0.640548062924,0.233596867753,0.303638346103,1.0,-0.0711388571429,-0.0934967836735,1.249
0.447374342978,0.433723453529,-0.124579032182,-1.53308276927,0.0683492474964,1.95822588425,0.133688057222,-0.0652705580011,-0.367690705672,-0.0015755325428,-0.524013862297,-0.0288707341431,0.199803915333,-0.0921018577372,0.573686636013,0.819059067845,0.00257564407737,0.0,0.819022597734,-0.573624140101,-0.0117506252846,0.0,-0.00814716143123,0.00885085780012,-0.99992764042,0.0,0.639429168109,0.232121277512,0.30373733685,1.0,-0.0744394285714,-0.097834677551,1.265
0.4462310088,0.42801706984,-0.124609141338,-1.54183816992,0.0677149039203,1.96131766882,0.132269077972,-0.0770440817004,-0.358020882418,-0.00125838634414,-0.560871719591,-0.0418032569988,0.189152210644,-0.09011923536,0.573683598767,0.819061190912,0.0025770038362,0.0,0.819025010551,-0.573621394114,-0.0117164503491,0.0,-0.00811842154783,0.00883233604503,-0.999928037947,0.0,0.638241274266,0.230530714124,0.303726587217,1.0,-0.07774,-0.102172571429,1.281
0.444955737564,0.421678875888,-0.124720795455,-1.55162700495,0.0669982542096,1.96452237806,0.130646179871,-0.0762127132901,-0.367020539729,-0.0118327246479,-0.593300762788,-0.0502159054762,0.187603439635,-0.0966232873605,0.573695076676,0.819053907411,0.00232436103248,0.0,0.819014645664,-0.573634027088,-0.0118220157352,0.0,-0.00834969635944,0.00868608518514,-0.999927414613,0.0,0.636861196222,0.228694423446,0.303657445072,1.0,-0.0812468571429,-0.106781583673,1.298
0.443523927562,0.414608371763,-0.124788441791,-1.56212358964,0.0662744445923,1.96829590181,0.128973914385,-0.0800017883202,-0.390887656339,0.00200876441108,-0.594762530915,-0.0324726915334,0.220383909581,-0.091476419096,0.573784617185,0.818990366473,0.0025960754004,0.0,0.818954893739,-0.573722834064,-0.0116506908052,0.0,-0.00805253083222,0.00881122546067,-0.999928756989,0.0,0.635438425882,0.22675105577,0.30378441683,1.0,-0.08496,-0.111661714286,1.316
0.442253750383,0.408598888994,-0.124805890429,-1.57122136211,0.0656516665316,1.97140143272,0.127408885399,-0.0853290422592,-0.404559359491,-0.00259821927763,-0.616116070723,-0.0453878694677,0.202656402228,-0.0961199292925,0.573754414007,0.819011478592,0.00261098532164,0.0,0.818975884784,-0.573692237857,-0.0116817492797,0.0,-0.00806974010544,0.00884095944237,-0.999928355799,0.0,0.63415022852,0.225065414073,0.30378954647,1.0,-0.0880542857143,-0.115728489796,1.331
0.440726564834,0.401643960745,-0.124896431562,-1.58194339043,0.0648971356361,1.97494110626,0.125627395412,-0.0870869796952,-0.417166578494,-0.0101082186159,-0.625444398802,-0.039941201743,0.219544603164,-0.104128576196,0.573832404212,0.818957486025,0.00239892926718,0.0,0.818918900845,-0.573770744217,-0.0118200601175,0.0,-0.00830385116242,0.008747430449,-0.999927261613,0.0,0.632607502966,0.223011088017,0.303690599781,1.0,-0.0915611428571,-0.120337502041,1.348
0.439032615065,0.393856712875,-0.124955471831,-1.59337747027,0.0640300634344,1.9790278461,0.123669019703,-0.0984516680438,-0.430009251678,-0.00166782511987,-0.647002109183,-0.0469524971846,0.224685706561,-0.112247779919,0.573863721372,0.818934550111,0.00271640000506,0.0,0.818900835426,-0.573801736976,-0.0115643972303,0.0,-0.00791196173168,0.00886102086562,-0.999929439096,0.0,0.631021287513,0.220821800215,0.303844456686,1.0,-0.0952742857143,-0.125217632653,1.366
0.437457188014,0.386861037844,-0.124992584177,-1.60411005245,0.0632366229703,1.98243243447,0.121835067916,-0.0993250805463,-0.443071552386,-0.00311580575414,-0.681673775035,-0.0519552874108,0.212507220201,-0.123577797591,0.573866008713,0.81893387999,0.00241891517496,0.0,0.818895880642,-0.573804613201,-0.0117707025205,0.0,-0.00825160126785,0.00873581393904,-0.999927795709,0.0,0.629407107236,0.218765975621,0.303729154373,1.0,-0.0985748571428,-0.129555526531,1.382
0.435724877238,0.379065414964,-0.125058452776,-1.61553252325,0.0624067177389,1.98630166572,0.119787078959,-0.0970646438399,-0.46009982385,-0.00264420018673,-0.669283640995,-0.03936049667,0.231427422386,-0.108926627035,0.573850805918,0.818943957517,0.0026065102752,0.0,0.818908421742,-0.573788760567,-0.0116705590338,0.0,-0.00806210272179,0.00883182296272,-0.999928498145,0.0,0.627741754243,0.216555684104,0.303846655482,1.0,-0.102081714286,-0.134164538775,1.399
