position_joint1,position_joint2,position_joint3,position_joint4,position_joint5,position_joint6,position_joint7,velocity_joint1,velocity_joint2,velocity_joint3,velocity_joint4,velocity_joint5,velocity_joint6,velocity_joint7,ee_T_00,ee_T_10,ee_T_20,ee_T_30,ee_T_01,ee_T_11,ee_T_21,ee_T_31,ee_T_02,ee_T_12,ee_T_22,ee_T_32,ee_T_03,ee_T_13,ee_T_23,ee_T_33,v_x,v_y,time
0.465089659377,0.547719213909,-0.124019412898,-1.35582947967,0.0794348170441,1.89411082923,0.159166010213,0.00145443417187,0.000952716473831,0.00118425391993,-0.000239628960132,8.56908744392e-05,0.00015179916836,0.0011294052467,0.573802338928,0.818979704544,0.00196628751088,0.0,0.818937538061,-0.573744453173,-0.0118050035682,0.0,-0.00854007620467,0.00838416673297,-0.999928383859,0.0,0.66168817291,0.260874547899,0.303261752693,1.0,0.0,0.0,0.0
0.465085027836,0.547715608839,-0.124021918548,-1.35583413109,0.079435114998,1.89410894576,0.159168354172,0.00144359605958,9.21330182465e-05,-0.000517569378779,0.00254213802426,0.000232390704894,-0.000329118735035,0.000443240041374,0.573810115837,0.818974262141,0.00196362267788,0.0,0.818932064461,-0.573752243212,-0.011806104695,0.0,-0.00854242743332,0.00838269726896,-0.999928376095,0.0,0.661688592872,0.260869448116,0.303262012568,1.0,-0.0002,-0.000262857142857,0.011
0.465084240454,0.547719288768,-0.124024049426,-1.35583293673,0.079431619366,1.89410931714,0.159162843605,0.0004515840663,0.00151655808592,-0.000465076505629,-0.000353488422967,-0.000132810470888,-0.000109066578445,-0.000870700769936,0.573806754496,0.818976627646,0.00195927691585,0.0,0.818934417398,-0.573748942798,-0.011803285185,0.0,-0.00854264610924,0.00837748535655,-0.999928417906,0.0,0.661689734121,0.260867245546,0.30326007057,1.0,-0.00054,-0.000709714285714,0.028
0.465079025482,0.547692352883,-0.124021869657,-1.35585108342,0.0794312668377,1.89411232071,0.159167496235,-0.001233252452,-0.0030923403518,0.000352860256313,-0.00136574139966,0.000131428752421,5.76217754977e-05,0.000427967816264,0.573814183304,0.818971395114,0.00197076788727,0.0,0.818929312216,-0.573756303071,-0.0117997109992,0.0,-0.00853304956937,0.00838492255641,-0.999928437509,0.0,0.661687766474,0.260863405268,0.303270703021,1.0,-0.00088,-0.00115657142857,0.045
0.465081804046,0.547618348491,-0.124020100616,-1.35594129182,0.0794318771892,1.89412819439,0.159165199165,0.000333285016061,-0.00519315994652,-7.78783280917e-05,-0.00402167360141,6.24141586958e-05,0.00185004279969,-0.000873091008552,0.573810835165,0.81897371711,0.00198066450053,0.0,0.81893168597,-0.573752840145,-0.0118033487259,0.0,-0.00853038473419,0.00839507994022,-0.999928375019,0.0,0.661670766492,0.26085684179,0.303285962305,1.0,-0.00122,-0.00160342857143,0.062
0.465080751034,0.54748741234,-0.124019121406,-1.35611799731,0.0794277911674,1.89415398451,0.159161870629,0.000201853798711,-0.00682432089516,0.000431853661684,-0.0121516671411,5.10739359674e-05,0.00406524791747,0.000360625421663,0.573819818904,0.818967462777,0.0019639871824,0.0,0.818925089122,-0.573761766345,-0.0118271208653,0.0,-0.00855933120582,0.00839515636426,-0.999928127017,0.0,0.661639409841,0.260839406743,0.303292359611,1.0,-0.00154,-0.002024,0.078
0.465059248412,0.547321202,-0.124020015849,-1.35634540559,0.0794213604691,1.8942427221,0.159157123836,-0.000594455968416,-0.00690423466841,0.00117752886599,-0.0109843441009,-0.000881319178119,0.00703714051405,0.000755163190366,0.573845194001,0.818949617004,0.00199123872848,0.0,0.818907542664,-0.573786974514,-0.0118191094574,0.0,-0.00853687267919,0.00841314155256,-0.999928167847,0.0,0.661615532562,0.260804839826,0.303309581312,1.0,-0.0019,-0.00249714285714,0.096
0.465042467418,0.547134534353,-0.124018028113,-1.35655967294,0.079418091077,1.89436711979,0.159146762394,0.000987401285058,-0.00745529658196,0.0017148306548,-0.0149636593515,-0.00450594289358,0.00859388430777,0.00173288321644,0.57386041421,0.818938734454,0.00207872897926,0.0,0.818897758599,-0.573801807583,-0.0117768195231,0.0,-0.00845187795521,0.00846067992577,-0.99992848877,0.0,0.661600249293,0.260779840277,0.303350550016,1.0,-0.00224,-0.002944,0.113
0.465019369545,0.546941596293,-0.124025123595,-1.35680894818,0.07941000182,1.89448764975,0.159122032074,0.000581164813737,-0.0120218057513,-0.00193098394875,-0.0193047308735,-0.000209194368871,0.00627263281163,-0.00142874828326,0.573875978624,0.818927682779,0.00213504995436,0.0,0.818887447749,-0.573817160845,-0.0117456690194,0.0,-0.00839388681799,0.00848908635225,-0.999928736499,0.0,0.661580320538,0.260740279887,0.303379245605,1.0,-0.00256,-0.00336457142857,0.129
0.464980376533,0.546716864935,-0.124020104511,-1.35716139068,0.0793961693628,1.89462708453,0.159085094972,-0.000896877924436,-0.0140643449331,0.000727208799637,-0.0236520183311,-0.00178865298467,0.00546916617366,-0.00431725328655,0.573890275799,0.818917625304,0.00214970043776,0.0,0.818877499262,-0.573831317679,-0.0117476360883,0.0,-0.0083869422882,0.00850235913011,-0.999928682001,0.0,0.661543000259,0.260685731603,0.303382574348,1.0,-0.0029,-0.00381142857143,0.146
0.464943054888,0.546450626602,-0.124022468569,-1.35753712546,0.0793724847459,1.89475737074,0.158969437937,-0.0027421807958,-0.0141580084559,0.000575660603407,-0.0254365100993,-0.00640653672355,0.0113534263466,-0.00622977487465,0.573842411564,0.818951117912,0.00216796268345,0.0,0.818911230525,-0.573783390871,-0.0117372816825,0.0,-0.0083684800945,0.00851088287559,-0.99992876417,0.0,0.661501394561,0.260623580093,0.303403628801,1.0,-0.00322,-0.004232,0.162
0.46490190125,0.546169755773,-0.124025797989,-1.35800255318,0.0793410402419,1.89492300921,0.1589492147,-0.0055228892334,-0.0161012193676,-0.000856250508942,-0.030085846144,-0.000306942127516,0.0138300012792,-0.00115518614863,0.57387955367,0.818925142934,0.00214826686201,0.0,0.818885037303,-0.573820641922,-0.0117436572708,0.0,-0.00838461776914,0.00849879201052,-0.99992873182,0.0,0.661448262458,0.260549019404,0.303395425936,1.0,-0.00356,-0.00467885714286,0.179
0.464850867934,0.545823725638,-0.124025795017,-1.35856519191,0.0792974192732,1.89511761947,0.158888868071,-0.000394687821856,-0.02285471687,0.000529349786768,-0.0323641782876,-0.00438423482079,0.00698793058276,-0.00213161966363,0.573891727753,0.818916674998,0.00212394167178,0.0,0.818876318504,-0.573832973864,-0.011749042536,0.0,-0.00840286086324,0.00848208716376,-0.999928720523,0.0,0.661382755021,0.260459166364,0.303389453308,1.0,-0.00392,-0.005152,0.197
0.464799422679,0.545503881976,-0.124020508328,-1.35912913763,0.0792678880062,1.89530908535,0.158800703523,-0.00422549477702,-0.0226374542718,0.0015383651679,-0.0394640552626,-0.000911879530433,0.0110836254514,-0.00125255326207,0.57388158052,0.818923892816,0.00208235836238,0.0,0.818882900035,-0.57382289293,-0.0117826346872,0.0,-0.00845433893829,0.00846720769167,-0.999928412711,0.0,0.661313674988,0.260373669352,0.303363874141,1.0,-0.00424,-0.00557257142857,0.213
0.464734350353,0.545106019185,-0.124025807785,-1.35981347681,0.0792343772132,1.89553384074,0.158724849188,-0.00452160503363,-0.0272477923697,-0.000737908987872,-0.0432136786243,-0.0060547480009,0.0116157870701,-0.00662343224648,0.573905638133,0.818907158913,0.00203236342124,0.0,0.818865430188,-0.573847059621,-0.0118197423472,0.0,-0.00851316975617,0.00844781156812,-0.999928077624,0.0,0.661231760937,0.26026138218,0.303339430118,1.0,-0.00458,-0.00601942857143,0.23
0.464680045353,0.54467471768,-0.124025777263,-1.36051903952,0.0792036848475,1.8957774787,0.158621699423,-0.0051034284716,-0.0242799473687,-0.000149851515826,-0.0455047818323,-0.00170518714384,0.0152230795797,-0.0015137813867,0.573896739804,0.818913443223,0.00201282190801,0.0,0.818871321085,-0.573838102933,-0.011846435236,0.0,-0.00854633570727,0.0084470353268,-0.999927801264,0.0,0.661145352625,0.260158968253,0.303329984576,1.0,-0.00492,-0.00646628571429,0.247
0.464613274014,0.544215402383,-0.124019510741,-1.3612743033,0.0791613074118,1.89604434966,0.158542992395,-0.00373453273803,-0.0261052069044,0.00266763076965,-0.0457290801855,-0.00480429123046,0.0158377943473,-0.0087592820317,0.573913365627,0.818901845757,0.00199064590634,0.0,0.818859351375,-0.573854734136,-0.0118681792034,0.0,-0.00857669740611,0.00844152821175,-0.99992758781,0.0,0.661055260951,0.26004608276,0.303318457683,1.0,-0.00526,-0.00691314285714,0.264
0.464544194161,0.543740410162,-0.124026907351,-1.36204960372,0.0791261536357,1.89631384881,0.158441929743,-0.00488708063977,-0.0275617098721,0.00061598030179,-0.0423455679512,-0.000193990601429,0.0208315437897,-0.00447394060433,0.57392610552,0.818892969871,0.00196880661046,0.0,0.81885009133,-0.573867463837,-0.0118915423585,0.0,-0.00860823211715,0.00843718650924,-0.999927353473,0.0,0.660964723159,0.259922937024,0.303309132141,1.0,-0.00558,-0.00733371428571,0.28
0.464464983601,0.543214239246,-0.12403040077,-1.36289011707,0.0790728502335,1.89660494053,0.15833934002,-0.00730245772733,-0.0299108684986,-0.000197063657184,-0.0505703500453,-0.00199635545326,0.0224152796073,-0.00909518902188,0.573941872458,0.818881971922,0.00194679244969,0.0,0.818838813546,-0.573883326414,-0.0119026045718,0.0,-0.00862976272556,0.00842567459513,-0.999927264956,0.0,0.660867466039,0.259786824031,0.303306634766,1.0,-0.00592,-0.00778057142857,0.297
0.464396771425,0.542646454713,-0.124032888409,-1.36379111533,0.0790164301016,1.89692675069,0.158216170272,-0.00461239204748,-0.0362940394751,0.000265179500767,-0.0572623073364,-0.000611538614689,0.0259156777661,-0.00541795577418,0.573933609617,0.818887790449,0.00193527969363,0.0,0.818844487264,-0.573875117341,-0.0119080760584,0.0,-0.00864093559548,0.00841930028186,-0.999927222159,0.0,0.66076045536,0.259653517486,0.303307349408,1.0,-0.00626,-0.00822742857143,0.314
0.464309888745,0.54205716664,-0.124033273222,-1.36471275293,0.0789662342754,1.89726993873,0.158091328013,-0.00612855310117,-0.0344124285468,0.000297561238074,-0.0530263659303,-0.00116402217637,0.0271598168857,-0.0139443711553,0.573940626554,0.818882844672,0.00194699610124,0.0,0.818839639661,-0.5738820317,-0.0119081952012,0.0,-0.00863423691878,0.00842903688595,-0.999927197995,0.0,0.660657395093,0.259509392105,0.303315172561,1.0,-0.0066,-0.00867428571429,0.331
0.46422141099,0.541422012177,-0.124033300855,-1.36568194412,0.078904768195,1.89762378303,0.157966205626,-0.00322865680081,-0.0323424884235,0.000330514959555,-0.0598361478282,-0.0102779648009,0.0257861802603,-0.00537629576036,0.573947958845,0.818877668662,0.00196244870661,0.0,0.818834676754,-0.573889310739,-0.0118986581758,0.0,-0.00861748304483,0.00843629405011,-0.99992728132,0.0,0.660547505036,0.259358289836,0.303333602358,1.0,-0.00694,-0.00912114285714,0.348
0.464124099154,0.540774088691,-0.124036435338,-1.36665776656,0.0788571735351,1.89798521553,0.157837149805,-0.0110750553579,-0.0395930249233,-0.000523791572736,-0.058974615729,-0.00174205855287,0.0199098864023,-0.0058427611955,0.573965519287,0.818865277351,0.00199677736215,0.0,0.818822637511,-0.573906634552,-0.0118915944313,0.0,-0.00859181541534,0.00846053457062,-0.999927297388,0.0,0.660439997561,0.259201700313,0.303358596052,1.0,-0.00726,-0.00954171428571,0.364
0.4640289396,0.540069409552,-0.124039513569,-1.36775915981,0.0787827633388,1.89838590878,0.157706200742,-0.00496451180225,-0.0392983472056,-0.0011609580975,-0.0651711472296,-0.00146222753541,0.022499874257,-0.010303534064,0.573979421636,0.818855537543,0.00199476152647,0.0,0.818812938911,-0.573920609874,-0.0118849288854,0.0,-0.00858737041278,0.00845520394462,-0.999927380661,0.0,0.660313542191,0.259030741637,0.303367204093,1.0,-0.0076,-0.00998857142857,0.381
0.463933430308,0.539323845743,-0.124049612025,-1.36890778971,0.0787148087794,1.89882472375,0.15756631297,-0.00564206165531,-0.047949280985,-0.000723530623536,-0.067573263502,-0.00754925926839,0.0296366057437,-0.00525268248261,0.573995601029,0.818844127813,0.00202268275283,0.0,0.818801937985,-0.573936718308,-0.0118649328446,0.0,-0.00855480339184,0.0084667588286,-0.999927562043,0.0,0.660185972642,0.258854049957,0.303385655889,1.0,-0.00794,-0.0104354285714,0.398
0.463813871486,0.538561510819,-0.124046104685,-1.37008862546,0.0786606377662,1.8992817407,0.157424056974,-0.00627773640315,-0.0471543671132,0.000671582044896,-0.0778971563264,-0.00480313169966,0.0311628208441,-0.0112366166732,0.574025423826,0.818823117187,0.00206457320653,0.0,0.818781316609,-0.573966213303,-0.0118612166176,0.0,-0.008527407278,0.00849923750092,-0.999927520517,0.0,0.660057131269,0.258669242813,0.303401662328,1.0,-0.00828,-0.0108822857143,0.415
0.463712239522,0.537777203369,-0.12406768828,-1.37131416974,0.0785844831264,1.89974867016,0.157262384381,-0.00881176676274,-0.0455873571893,-0.0017155101542,-0.0682553560242,-0.00290831946459,0.0247217768137,-0.012917942634,0.574038726273,0.818813754931,0.0020790323923,0.0,0.818772273035,-0.573979586458,-0.0118383335305,0.0,-0.00850023183327,0.00849807959296,-0.999927761742,0.0,0.659922563165,0.258473826572,0.303413421505,1.0,-0.00862,-0.0113291428571,0.432
0.46361149304,0.537016050188,-0.124066521244,-1.37252614372,0.0784980012442,1.90018935151,0.157128920576,-0.00700348433943,-0.0429713518936,-0.000537948591494,-0.0825564674426,-0.00786038786953,0.0216985535604,-0.00334896679187,0.57405465712,0.818802627824,0.00206257328051,0.0,0.818761021529,-0.573995670654,-0.0118366632226,0.0,-0.00850814662612,0.00848380959346,-0.999927815603,0.0,0.65978016487,0.258290071063,0.303412114768,1.0,-0.00894,-0.0117497142857,0.448
0.463501317255,0.536179960165,-0.124064844125,-1.37383731408,0.0784397188268,1.9006909771,0.156962321826,-0.00166997490073,-0.0497057156607,0.00118742274033,-0.078989314925,-0.00442066132995,0.0286430148687,-0.0136685486114,0.574063923834,0.818796046384,0.00209587201984,0.0,0.818754683189,-0.574004613275,-0.0118414355849,0.0,-0.00849284394573,0.00851390992643,-0.999927689855,0.0,0.659629380615,0.258098293257,0.303421684694,1.0,-0.00928,-0.0121965714286,0.465
0.463388389711,0.535280338919,-0.124068040465,-1.37524684712,0.078364326286,1.90119849754,0.156786866424,-0.0133101655832,-0.0508294553582,0.000596266703476,-0.0840516858063,-0.000337137810748,0.035742579852,-0.00997510539647,0.574072085438,0.818790317592,0.00209843745533,0.0,0.818748879524,-0.574012655103,-0.0118528883261,0.0,-0.0085006642057,0.00852266972291,-0.99992754878,0.0,0.65946106077,0.257888689022,0.303429751282,1.0,-0.00962,-0.0126434285714,0.482
0.463269579531,0.534392594022,-0.124068834003,-1.3766887167,0.0782725508935,1.90172660577,0.156603314898,-0.00687639407094,-0.0530709786617,-0.000607290858512,-0.0860585896021,-0.00321214981393,0.0318318177698,-0.00835834503639,0.574074069882,0.818788992865,0.00207228202469,0.0,0.818747231126,-0.574014760993,-0.0118647624127,0.0,-0.00852538053538,0.00850809142339,-0.999927462503,0.0,0.659290542237,0.257671374597,0.303415563595,1.0,-0.00996,-0.0130902857143,0.499
0.463144371303,0.533469804009,-0.124071236874,-1.37816513533,0.078192242812,1.90226127121,0.156425227583,-0.00281481803532,-0.057571609556,0.0004230047491,-0.0866158280072,-0.000263700067936,0.0232604078493,-0.009434469254,0.574091684069,0.818776674424,0.00205975810265,0.0,0.818734644967,-0.574032319295,-0.0118837887884,0.0,-0.00854796591772,0.00850894346108,-0.999927262435,0.0,0.659115230999,0.257447582513,0.303410109533,1.0,-0.0103,-0.0135371428571,0.516
0.463015819559,0.532524980953,-0.124071236874,-1.37968118772,0.078114935656,1.90284566527,0.156229949401,-0.00854662044734,-0.05570768696,-0.000404459974341,-0.0846918111669,-0.00180584850724,0.032406495589,-0.0102445508033,0.574099352888,0.818771254489,0.00207671337331,0.0,0.818729326294,-0.574039799265,-0.0118889034961,0.0,-0.00854234076862,0.0085258420936,-0.999927166563,0.0,0.658940960242,0.257222431836,0.30340538513,1.0,-0.01064,-0.013984,0.533
0.462891559073,0.531614205544,-0.124071239898,-1.38115829174,0.0780206851968,1.9033817297,0.156040265285,-0.00585627622731,-0.0559820138281,-8.55503850766e-05,-0.0970947766977,-0.00672753613815,0.035844737219,-0.0175706686079,0.574100980043,0.818770187734,0.00204726499254,0.0,0.81872788197,-0.574041552058,-0.0119037261377,0.0,-0.00857136593604,0.0085102576218,-0.99992705094,0.0,0.658764657133,0.256998312654,0.303390779254,1.0,-0.01096,-0.0144045714286,0.549
0.462749312195,0.530603828058,-0.124071628688,-1.38279742798,0.0779164225562,1.90395641131,0.155835341605,-0.00641182403613,-0.0567244687964,0.00128578855911,-0.0924577186543,-0.0086752580034,0.0349146440835,-0.0115904379805,0.574110941266,0.818763324647,0.00199805731521,0.0,0.818720355065,-0.574051692294,-0.0119323793643,0.0,-0.00862297243514,0.00848652313482,-0.999926808957,0.0,0.658565713952,0.256745233169,0.303372400977,1.0,-0.0113,-0.0148514285714,0.566
0.462608430726,0.529625992559,-0.124076556463,-1.3843380625,0.0778161291434,1.90452598503,0.155633174795,-0.00892787880306,-0.0627383516768,-0.00204445661195,-0.0944825632342,-0.00485770193374,0.0398605809772,-0.0204922965519,0.574120927005,0.81875632242,0.00199814256181,0.0,0.818713419243,-0.574061740714,-0.01192484384,0.0,-0.00861664998786,0.00848237184068,-0.999926898684,0.0,0.658387931882,0.256501995721,0.303377447273,1.0,-0.01162,-0.015272,0.582
0.462464616543,0.528534648309,-0.124078332184,-1.38602873427,0.0777125194327,1.9051598434,0.155395859586,-0.00977252476886,-0.0682344415518,-0.000278574562499,-0.102104808665,-0.0106437079811,0.0473796133451,-0.0169770955607,0.574109421764,0.818764321232,0.00202608512147,0.0,0.818721788465,-0.574050127966,-0.0119092643179,0.0,-0.00858797163743,0.00849618446329,-0.999927028134,0.0,0.658190652125,0.256246188743,0.303396256192,1.0,-0.01196,-0.0157188571429,0.599
0.462324650853,0.527421076741,-0.124083235918,-1.3877533838,0.0776098636263,1.90582623714,0.155149822733,-0.00610186358112,-0.0674543022549,-0.000173499277856,-0.100300791411,-0.00822872723494,0.0417538388587,-0.0239204951687,0.574091872723,0.818776511635,0.00207185193389,0.0,0.818734595444,-0.574032414861,-0.0118825844606,0.0,-0.00854003530715,0.00851815602158,-0.999927251761,0.0,0.657991670671,0.255989729986,0.303417199058,1.0,-0.0123,-0.0161657142857,0.616
0.462176202963,0.526272231325,-0.124086389682,-1.38954382404,0.0774939019713,1.906502644,0.154904685403,-0.011554825879,-0.0696738212461,-0.00126389139593,-0.102149178248,-0.00808255163081,0.0362581146309,-0.0171387692264,0.574080384996,0.818784505365,0.00209576686548,0.0,0.818742974497,-0.574020906156,-0.01186119341,0.0,-0.00850891120695,0.00852533701578,-0.999927455898,0.0,0.657782160119,0.25571993809,0.303432162227,1.0,-0.01264,-0.0166125714286,0.633
0.462023494689,0.525081273071,-0.12409184992,-1.39138864563,0.0773838760122,1.90716441589,0.154660301862,-0.00801257754593,-0.0730175642966,-0.00132773582407,-0.110047967639,-0.00691961734666,0.0427990723801,-0.0136238162235,0.574078720607,0.818785653835,0.00210297944428,0.0,0.818744170624,-0.574019166718,-0.0118628078864,0.0,-0.00850611017234,0.00853215200554,-0.999927421602,0.0,0.657558783929,0.255440114372,0.30344937223,1.0,-0.01298,-0.0170594285714,0.65
0.461870535579,0.523987016627,-0.124098604594,-1.39316957631,0.0772644090995,1.90779776156,0.154418900328,-0.0109378850254,-0.067196298318,-0.00101162265345,-0.110460583689,-0.00697150050148,0.037951027418,-0.0116840921691,0.574074400285,0.818788819327,0.00204919098518,0.0,0.818746702014,-0.574015130005,-0.0118834072243,0.0,-0.00855389903004,0.00849989188578,-0.999927288681,0.0,0.657342489105,0.255162286568,0.30342628728,1.0,-0.0133,-0.01748,0.666
0.461722667417,0.522771397557,-0.1241021817,-1.39510283071,0.077144447605,1.90853573019,0.154155966493,-0.0123656076761,-0.0742611336812,-0.00127800354042,-0.114484905624,-0.00598081026462,0.041215503479,-0.0148393988711,0.574054156655,0.818802979454,0.00206227195561,0.0,0.818761069865,-0.573994873104,-0.011871942766,0.0,-0.00853721294704,0.00850380980981,-0.999927397971,0.0,0.65711186945,0.254880179787,0.30342469726,1.0,-0.01364,-0.0179268571429,0.683
0.461553452254,0.521535961809,-0.124103212057,-1.39705687615,0.0770353783744,1.90930160059,0.153892386276,-0.0119194174418,-0.0670513551235,-0.00514193478374,-0.115486659743,-0.00873301975021,0.0456137671622,-0.0134642208819,0.574053043342,0.818803651517,0.00210489744091,0.0,0.818762241748,-0.573993533584,-0.011855875921,0.0,-0.00849960061978,0.00852947642015,-0.999927499783,0.0,0.656886067105,0.2545869815,0.303429157732,1.0,-0.01398,-0.0183737142857,0.7
0.461386178028,0.520260922314,-0.124103976849,-1.39909389243,0.0769071513164,1.91004604294,0.153623595716,-0.0144056333912,-0.0761399056157,0.000576973609806,-0.116604203763,-0.00845230006514,0.0465858044588,-0.0172502604938,0.574044432267,0.818809735618,0.0020865142586,0.0,0.818768079818,-0.573984990522,-0.0118662979919,0.0,-0.00851877646743,0.00852031760943,-0.999927414683,0.0,0.656637243438,0.254281443878,0.303419706175,1.0,-0.01432,-0.0188205714286,0.717
0.461222938802,0.518926888827,-0.12410959886,-1.40116572477,0.07676752164,1.91078423719,0.153340412743,-0.0118243138512,-0.0832681984118,-0.000817341960795,-0.125858852948,-0.00728060322783,0.0387538440897,-0.0167580713287,0.574022376238,0.818825216841,0.00207912122151,0.0,0.818783538882,-0.573963040979,-0.0118613214555,0.0,-0.00851917439444,0.00851117802525,-0.999927489129,0.0,0.656380470952,0.253970182722,0.303434281852,1.0,-0.01466,-0.0192674285714,0.734
0.46105979475,0.517644937383,-0.124111378251,-1.40316402809,0.0766411308665,1.91149849756,0.153070621409,-0.00579906670794,-0.07919982159,6.14532258398e-06,-0.127083886372,-0.00208800950715,0.0493656436686,-0.0129282673112,0.574007939408,0.818835347488,0.00207511495032,0.0,0.818793598945,-0.573948603634,-0.011865479926,0.0,-0.00852502918343,0.00851013436727,-0.999927448113,0.0,0.656132605298,0.253669816597,0.303444734504,1.0,-0.01498,-0.019688,0.75
0.46085259082,0.516225453588,-0.124115282946,-1.4054126711,0.0764908141402,1.91234589657,0.152751934807,-0.00846233209293,-0.0779958187956,0.000266188649569,-0.131751155928,-0.0115195712567,0.0435332613737,-0.0174011489889,0.573997762906,0.818842466564,0.00208087305974,0.0,0.818800910778,-0.573938522964,-0.0118485133579,0.0,-0.00850793649689,0.00850500466544,-0.999927637338,0.0,0.655867837621,0.253316599358,0.303443742242,1.0,-0.01534,-0.0201611428571,0.768
0.460678998418,0.51493381691,-0.124119161688,-1.40746526735,0.0763739036143,1.91312606266,0.152465650674,-0.0165722602093,-0.080161547722,0.00137735690797,-0.130750969788,-0.00310591731043,0.0506632542691,-0.020558637397,0.573985145259,0.818851264837,0.0020990467142,0.0,0.818809880025,-0.573925768658,-0.0118464908251,0.0,-0.00849598057103,0.00851859395459,-0.999927623316,0.0,0.655621637501,0.253007883682,0.303440202371,1.0,-0.01566,-0.0205817142857,0.784
0.460490993123,0.513515743885,-0.124124867422,-1.40973571977,0.076240384055,1.91391137546,0.152164266751,-0.00843481094041,-0.0814910590416,-0.000288857022041,-0.12940619279,-0.0017228303192,0.0461766627834,-0.0112972210891,0.573979395979,0.81885543306,0.00204441696407,0.0,0.818813197618,-0.573920101274,-0.0118916635249,0.0,-0.00856438618537,0.00849972908493,-0.999927200297,0.0,0.655332174391,0.252662274481,0.303421689404,1.0,-0.016,-0.0210285714286,0.801
0.460311024834,0.512187476639,-0.124135800525,-1.41188318794,0.0760976634842,1.9146718843,0.15184721309,-0.00989234525697,-0.080553928863,-0.00322605447503,-0.138535673887,-0.0115919532613,0.0485642360462,-0.0181952657858,0.573948661422,0.818877120166,0.00198570425961,0.0,0.818834180916,-0.57388967174,-0.0119153571046,0.0,-0.00861780406527,0.00846492875762,-0.999927036555,0.0,0.65506345422,0.252329199577,0.303396369126,1.0,-0.01632,-0.0214491428571,0.817
0.460110831262,0.510740345563,-0.124139745561,-1.41418763767,0.0759681366484,1.9155466156,0.1515298025,-0.0112866536609,-0.0862293320314,-0.00165483876158,-0.134475587567,-0.0132078629025,0.0527728276304,-0.0192330447398,0.573941236807,0.818882280026,0.00200375949571,0.0,0.818839477624,-0.573882076654,-0.011917167467,0.0,-0.00860900135626,0.00848067449326,-0.999926978962,0.0,0.654785253927,0.251979723737,0.303388850803,1.0,-0.01666,-0.021896,0.834
0.459911665849,0.509247224218,-0.124140165694,-1.41655434754,0.0758187375623,1.91642622695,0.151209363327,-0.0177312081919,-0.0867711225699,-0.000641338294885,-0.13188183567,-0.00897939094815,0.0426785051674,-0.029850080464,0.573925141884,0.818893557341,0.00200503385118,0.0,0.818850773531,-0.573865980416,-0.0119161281532,0.0,-0.00860758557901,0.00848095234563,-0.999926988794,0.0,0.654493449617,0.251623448394,0.303383676223,1.0,-0.017,-0.0223428571429,0.851
0.459703553654,0.507728757363,-0.124143361875,-1.41892687373,0.0756652477795,1.9172729712,0.150864273037,-0.0162333594545,-0.0932768603674,-9.63006863017e-05,-0.136646968474,-0.0105938728288,0.0517329936655,-0.0194505200572,0.573896625211,0.8189135677,0.00199477058077,0.0,0.818870647961,-0.573837507511,-0.0119215679598,0.0,-0.00861822549997,0.0084753698745,-0.999926944479,0.0,0.654196474136,0.25125658545,0.303390146758,1.0,-0.01734,-0.0227897142857,0.868
0.459489755118,0.506173558409,-0.124149332534,-1.4213672683,0.0755084974514,1.91817379294,0.150533669762,-0.00989320460816,-0.0979335536988,-0.00146717657641,-0.13909528446,-0.00919431696983,0.0514059849916,-0.0269971658356,0.573889044128,0.818918862459,0.00200215901514,0.0,0.818876081815,-0.573829938988,-0.0119126258259,0.0,-0.00860674091119,0.00847620877106,-0.999927036286,0.0,0.653896257276,0.250879999514,0.303394258493,1.0,-0.01768,-0.0232365714286,0.885
0.459276443903,0.504649436278,-0.124149631089,-1.42369150365,0.075361837692,1.91907891931,0.15022841521,-0.0127843956509,-0.104100135256,-0.00164436094514,-0.150811251903,-0.00535557220005,0.0504584922049,-0.0199668791598,0.573896491901,0.818913403087,0.00209802997014,0.0,0.818871969856,-0.573837095015,-0.0118504121959,0.0,-0.00850069762079,0.00851909194019,-0.999927578984,0.0,0.653605314295,0.250493472141,0.30344149389,1.0,-0.01802,-0.0236834285714,0.902
0.459045616255,0.502981990757,-0.124150438756,-1.42617420347,0.0752092369568,1.92001837214,0.149867295398,-0.0115719692386,-0.0988420725276,0.000309217633146,-0.144364649687,-0.0117285807182,0.0668836505043,-0.0232481542772,0.573874554335,0.818928525516,0.00219382845832,0.0,0.818888301588,-0.573814745127,-0.0118040119666,0.0,-0.00840795287646,0.0085706875792,-0.999927922224,0.0,0.653322179826,0.250137526902,0.303495843702,1.0,-0.01834,-0.024104,0.918
0.458812984771,0.501285474817,-0.124156167028,-1.42871791289,0.0750427232914,1.92092441674,0.149528897118,-0.0127272211161,-0.100463158411,-0.000713450107106,-0.149630092756,-0.0110658028588,0.058569147619,-0.0238142860664,0.573876752521,0.818926860737,0.00223977240618,0.0,0.818887263008,-0.573816795274,-0.0117763681009,0.0,-0.0083589260707,0.00859247040935,-0.999928146322,0.0,0.653003927184,0.249737498172,0.303548011805,1.0,-0.01868,-0.0245508571429,0.935
0.45857169124,0.499582520163,-0.124156742401,-1.43131112611,0.0748779430576,1.92184734477,0.149154756042,-0.00922924551215,-0.103279981553,-0.000140485248878,-0.154779100098,-0.0105954144678,0.0589765218225,-0.0230904087119,0.57385569672,0.818941540381,0.00226708666843,0.0,0.818902250108,-0.573795588792,-0.0117674956147,0.0,-0.00833620715316,0.00860953252875,-0.999928189222,0.0,0.65267704379,0.249330576018,0.303581799064,1.0,-0.01902,-0.0249977142857,0.952
0.458308962628,0.497905716434,-0.124156834318,-1.43395322765,0.074714169207,1.92282847207,0.14876414298,-0.0189902841343,-0.0978754282155,-0.000621482744855,-0.158969048959,-0.00932043630683,0.0538045430728,-0.0245800776885,0.573841061846,0.818951761582,0.00227921982063,0.0,0.818912589865,-0.57378086915,-0.0117656814267,0.0,-0.00832791313906,0.00861827885799,-0.999928182987,0.0,0.652353295672,0.248907969841,0.303578575811,1.0,-0.01936,-0.0254445714286,0.969
0.458054653892,0.496232911854,-0.124159272286,-1.43662647163,0.0745452093806,1.92378460576,0.148375703322,-0.0113667861827,-0.0996238318925,0.000154960415405,-0.15764038045,-0.0116739665367,0.0583439653853,-0.0186646416168,0.573818916914,0.818967373938,0.00224453067417,0.0,0.81892767079,-0.573758776591,-0.011793354054,0.0,-0.00837071418807,0.00860552361005,-0.999927935457,0.0,0.652033305164,0.248511431121,0.303556915328,1.0,-0.01968,-0.0258651428571,0.985
0.457794733694,0.494651785835,-0.124162174938,-1.43921735774,0.0743853173129,1.92466798376,0.148010711607,-0.0200139801161,-0.100207643993,-0.00101128155937,-0.163927102973,-0.0149536449913,0.0510482576427,-0.0230491301711,0.573825515764,0.818963051292,0.00213189550123,0.0,0.818921743682,-0.573765675555,-0.0118690429614,0.0,-0.00849726277575,0.00855678002469,-0.999927286377,0.0,0.651678204634,0.248060233245,0.303500025299,1.0,-0.0208051428571,-0.0273439020408,1.002
0.457485339708,0.492401086138,-0.124230995788,-1.44259170353,0.0741920645083,1.92590536827,0.147528743245,-0.0136216449175,-0.16427448098,-0.00613780967816,-0.231980280028,-0.015951231225,0.0855079921708,-0.0303785092417,0.573851032711,0.818944927032,0.00222388078476,0.0,0.818904926605,-0.573790938719,-0.011807909531,0.0,-0.00839414657951,0.00859729353388,-0.999927809818,0.0,0.651267662398,0.247500705703,0.30356991908,1.0,-0.0348325714286,-0.0457799510204,1.019
0.457068301461,0.489101775873,-0.124280164011,-1.44778100384,0.0739192614842,1.92792039095,0.1467277339,-0.0335136263768,-0.211208120779,-0.00199192440721,-0.342261531161,-0.00956770479023,0.136795640402,-0.0529931290155,0.573759033116,0.819009059226,0.00234088103648,0.0,0.818970398444,-0.573698315184,-0.0117676050348,0.0,-0.00829497532619,0.00866904886806,-0.999928017897,0.0,0.650622107919,0.24672114667,0.303570918618,1.0,-0.04886,-0.064216,1.036
0.456424525158,0.48455886114,-0.12435625832,-1.45492074232,0.0735120858353,1.93063169417,0.145652367208,-0.044725411771,-0.291085297994,-0.00368827214062,-0.462588532091,-0.0319891725756,0.173505301399,-0.0743545820413,0.573705201004,0.819046489388,0.00243669108474,0.0,0.819009043179,-0.573644101641,-0.0117208679104,0.0,-0.00820230016597,0.00872016280445,-0.999928337949,0.0,0.649735035196,0.245589742329,0.303565526967,1.0,-0.0628874285714,-0.0826520489796,1.053
0.455550051231,0.478865110572,-0.124528324884,-1.46404591571,0.0729710587778,1.93376977813,0.144278796271,-0.0533685320356,-0.362203521438,-0.0130993123314,-0.579741356654,-0.0340310929757,0.194815727059,-0.0863711931694,0.57372082457,0.819036291485,0.00217154020195,0.0,0.818995324838,-0.573660662067,-0.0118680070616,0.0,-0.00847476446656,0.00858756940779,-0.999927213361,0.0,0.648550187727,0.24404143589,0.303447904408,1.0,-0.0769148571429,-0.101088097959,1.07
0.4545243256,0.472367108049,-0.124675570307,-1.47422357593,0.0723809143568,1.93733716023,0.142804530576,-0.065763451849,-0.430108975684,-0.0106576714806,-0.662927815649,-0.0276720663921,0.238064053826,-0.103457877532,0.573796912952,0.818983239972,0.00207418258912,0.0,0.818940640566,-0.573736771378,-0.0119620775224,0.0,-0.00860687189314,0.00856260042964,-0.999926299099,0.0,0.647142365878,0.242201958502,0.30340773422,1.0,-0.0909422857143,-0.119524146939,1.087
0.453411157018,0.465327801059,-0.124792586846,-1.4848714872,0.0717453887124,1.94134271397,0.141099170291,-0.0809504526093,-0.48612099945,-0.00780315853328,-0.741233177846,-0.0467484606241,0.277688036321,-0.119837299528,0.573727629413,0.819030851858,0.00241202292486,0.0,0.818992808982,-0.573666325791,-0.0117674292594,0.0,-0.00825435020328,0.00872689674363,-0.999927850885,0.0,0.645893643307,0.240532513214,0.303555733477,1.0,-0.102494285714,-0.13470677551,1.101
0.451699583911,0.455347883352,-0.124905276515,-1.50049441467,0.0707614378777,1.94675372962,0.138695128739,-0.0955868854468,-0.547808624702,-0.00437555542153,-0.851972837757,-0.0488059690637,0.287057713845,-0.126475433501,0.573702057693,0.819049329898,0.00221158166861,0.0,0.819008132511,-0.573640972542,-0.0119356777956,0.0,-0.0085074188353,0.00865899299605,-0.999926320118,0.0,0.643801591821,0.237858913885,0.303462203837,1.0,-0.118172,-0.155311771429,1.12
0.449910009243,0.44503770624,-0.125082716464,-1.5160079819,0.0696893923378,1.95233169896,0.13626218261,-0.112024471618,-0.611126799349,-0.00736023460051,-0.939024880732,-0.0629411592475,0.331427520148,-0.13630505585,0.573715149668,0.819039439563,0.00246381473606,0.0,0.819002416372,-0.573654025699,-0.011698191192,0.0,-0.00816805997631,0.00872946780218,-0.999928537041,0.0,0.641773336081,0.235118131807,0.303637812764,1.0,-0.132199428571,-0.173747820408,1.137
0.448005261876,0.434518215302,-0.125210218596,-1.5321266476,0.0686478492825,1.95783817869,0.133668352781,-0.128588407525,-0.67839485232,-0.0135473781791,-1.00872329109,-0.0677355786566,0.353158324022,-0.176437071887,0.573672182299,0.819069768215,0.00238515280189,0.0,0.819031177353,-0.573610777576,-0.0118047987538,0.0,-0.00830096424502,0.00872576716823,-0.99992747486,0.0,0.639551723892,0.232273648055,0.303635926905,1.0,-0.145401714286,-0.191099395918,1.153
0.445565714705,0.421543586595,-0.125366833747,-1.55167969386,0.0673020730527,1.96465978194,0.130423620197,-0.143283488525,-0.73210189618,-0.00790344129035,-1.12300100238,-0.0778773797058,0.384342521514,-0.192959354361,0.57359552081,0.819122957908,0.00255053651354,0.0,0.819086713103,-0.573533725515,-0.0116948286605,0.0,-0.00811684021027,0.00879738128268,-0.999928358928,0.0,0.636862713258,0.228751233813,0.303754064758,1.0,-0.160254285714,-0.210619918367,1.171
0.443111733514,0.409095903393,-0.125524850657,-1.57016421116,0.0659859090807,1.97122201662,0.127341687753,-0.154172716629,-0.776487856757,-0.00949262728543,-1.19133139098,-0.0793887457564,0.410375370901,-0.199764839101,0.573599232568,0.81911907114,0.00293506280633,0.0,0.819088496463,-0.573536942869,-0.0114086382659,0.0,-0.0076618137439,0.00894823461627,-0.999930610446,0.0,0.63432270296,0.22533816381,0.303959986745,1.0,-0.173456571429,-0.227971493878,1.187
0.440149947027,0.395016459224,-0.125689713664,-1.59113521961,0.0645954981054,1.97839025756,0.123784860722,-0.180949264943,-0.846823473032,-0.00827340315369,-1.25542869234,-0.0820842019484,0.434259543481,-0.213509342086,0.573689215738,0.819055123146,0.00318369204613,0.0,0.819027110147,-0.573625406696,-0.0113680489819,0.0,-0.00748495622261,0.00912943297089,-0.999930312014,0.0,0.631340704871,0.221378546914,0.304094547556,1.0,-0.187484,-0.246407542857,1.204
0.43690067434,0.380153620501,-0.125858768801,-1.61341116609,0.0628931025739,1.98583255635,0.119831623114,-0.197324102883,-0.900020166758,-0.00705542058003,-1.32776302949,-0.103777042301,0.454203318274,-0.239922563103,0.573609213768,0.819111403738,0.00311850102917,0.0,0.819083058005,-0.573546218897,-0.0113325098381,0.0,-0.00749412785267,0.00905491775287,-0.99993092087,0.0,0.628079672997,0.21708963328,0.304106671597,1.0,-0.201511428571,-0.264843591837,1.221
0.433299715562,0.364459503623,-0.126030355998,-1.63678618488,0.0611629204241,1.99356091936,0.115650314787,-0.21987499581,-0.92605097149,-0.0130757047671,-1.37187948682,-0.102495997017,0.457105632587,-0.251888237826,0.573626199817,0.819099519017,0.00311572297807,0.0,0.81907094518,-0.573562978639,-0.0113597182357,0.0,-0.00751782113249,0.009068404762,-0.999930620794,0.0,0.62458331182,0.212506999885,0.304117186849,1.0,-0.215538857143,-0.283279640816,1.238
0.429523516815,0.34894788616,-0.126226730991,-1.65989193652,0.05940464872,2.00105578845,0.111360115727,-0.242910545895,-0.977046692724,-0.0120811340073,-1.44885073995,-0.107536060857,0.459464513333,-0.279958784657,0.573638562309,0.819091339702,0.00298729964717,0.0,0.819060841401,-0.57357540662,-0.0114602751113,0.0,-0.00767371822728,0.00902100958341,-0.999929865258,0.0,0.620829248867,0.207554532523,0.304058541826,1.0,-0.229566285714,-0.301715689796,1.255
0.425134162976,0.33162572054,-0.126435037665,-1.68528105236,0.0574445890142,2.00927873521,0.106514442317,-0.265309230597,-1.0168857577,-0.0101259502312,-1.52716718152,-0.117778075897,0.477036825596,-0.290995324049,0.573704335396,0.819044988591,0.00306416580701,0.0,0.819015384455,-0.573640819349,-0.0114349159735,0.0,-0.00760812651895,0.00907003443165,-0.999929922988,0.0,0.617109935676,0.202614736396,0.304090477348,1.0,-0.242768571429,-0.319067265306,1.271
0.42044364325,0.313507146453,-0.126599809811,-1.71158183546,0.0552584649698,2.01759158719,0.101313057477,-0.29134825233,-1.06673566896,-0.0130007347299,-1.57209911829,-0.135186605087,0.484476146808,-0.316743831108,0.57357451517,0.819135849689,0.00307931861252,0.0,0.819106763505,-0.573511355671,-0.0113834001168,0.0,-0.00755867246284,0.00905169317861,-0.999930464243,0.0,0.612887344542,0.197157904894,0.304139549503,1.0,-0.256796,-0.337503314286,1.288
0.41529503399,0.294704331606,-0.126798163376,-1.73872539446,0.0529860575137,2.02596301266,0.0956997493902,-0.316850648002,-1.12630806614,-0.0107310054287,-1.60963195847,-0.14075144446,0.480332539979,-0.334741160354,0.573444955874,0.819226739428,0.00302966835039,0.0,0.81919693958,-0.57338187414,-0.0114169825859,0.0,-0.00761608713444,0.00902907995352,-0.999930233032,0.0,0.608419608273,0.191367061814,0.304148374235,1.0,-0.270823428571,-0.355939363265,1.305
0.4099989399,0.27632014372,-0.12700381616,-1.76489239744,0.050858090359,2.03393895729,0.0901695734979,-0.339734181098,-1.15495772998,-0.0153428217391,-1.65256100876,-0.142426726989,0.488416508723,-0.362013709435,0.573469263432,0.819209145604,0.00318222530779,0.0,0.819180547144,-0.573404797726,-0.0114418541673,0.0,-0.00754871365375,0.00916854527332,-0.999929474863,0.0,0.604030716222,0.185642853352,0.304222479852,1.0,-0.284025714286,-0.373290938775,1.321
0.403820367167,0.256175970304,-0.127307284284,-1.79329652857,0.0483669246028,2.04246131651,0.0838717677093,-0.380703072488,-1.18872645744,-0.0191148389247,-1.68243222545,-0.150359219083,0.487479212514,-0.378553820123,0.57353486299,0.819162698012,0.00331391350439,0.0,0.819136056398,-0.573470323245,-0.0113426790187,0.0,-0.00739121080277,0.00922014541252,-0.999930177023,0.0,0.599194310671,0.179167917017,0.304306596272,1.0,-0.298053142857,-0.391726987755,1.338
0.39714006621,0.235334140994,-0.127586669868,-1.82237406898,0.0457535277981,2.05096654295,0.0771917242506,-0.405502845659,-1.2274631756,-0.0131257543615,-1.69574120689,-0.145090435772,0.498573344159,-0.392905758875,0.573578937019,0.819131225038,0.00346209136862,0.0,0.819106546435,-0.573514055578,-0.0112623506591,0.0,-0.00723992442157,0.00929584779765,-0.999930582945,0.0,0.594099455646,0.172417669613,0.304393873995,1.0,-0.312080571429,-0.410163036735,1.355
0.390027668817,0.213839484962,-0.127812927615,-1.85211726525,0.0430292252805,2.05950226715,0.0700428149791,-0.427367620138,-1.2812789883,-0.0208165692741,-1.76663066288,-0.164669319243,0.516567942373,-0.426647429507,0.57344784035,0.819222221254,0.00364328176006,0.0,0.819199662354,-0.573382233319,-0.0112015451311,0.0,-0.00708769811174,0.00940825818985,-0.9999306222,0.0,0.588725542812,0.165470821402,0.304450844654,1.0,-0.326108,-0.428599085714,1.372
0.382264345358,0.191748148519,-0.12811048333,-1.88250990491,0.0400865141128,2.06777319304,0.0624223071896,-0.46369634739,-1.32667016798,-0.0223500345453,-1.80320766203,-0.185107612593,0.510773242575,-0.453155413331,0.573367197268,0.819279173659,0.00352698259114,0.0,0.819254936032,-0.573301662726,-0.0112827392386,0.0,-0.00722182733864,0.00935883065831,-0.999930126308,0.0,0.583060933094,0.158115542867,0.304414098825,1.0,-0.340135428571,-0.447035134694,1.389
0.37425907616,0.1703666029,-0.128531379462,-1.91141696868,0.0373255165051,2.07536755203,0.0547790811294,-0.507613493005,-1.35927915551,-0.0202928024036,-1.80953090191,-0.17421926577,0.471830546058,-0.487184103183,0.573521035827,0.819171331307,0.00356347168789,0.0,0.81914676923,-0.573454350384,-0.0113765279091,0.0,-0.00727597725612,0.00944386621458,-0.999928934248,0.0,0.577569448459,0.150795568763,0.304449122256,1.0,-0.353337714286,-0.464386710204,1.405
