position_joint1,position_joint2,position_joint3,position_joint4,position_joint5,position_joint6,position_joint7,velocity_joint1,velocity_joint2,velocity_joint3,velocity_joint4,velocity_joint5,velocity_joint6,velocity_joint7,ee_T_00,ee_T_10,ee_T_20,ee_T_30,ee_T_01,ee_T_11,ee_T_21,ee_T_31,ee_T_02,ee_T_12,ee_T_22,ee_T_32,ee_T_03,ee_T_13,ee_T_23,ee_T_33,v_x,v_y,time
0.465077611,0.547728750629,-0.124011590546,-1.35582669267,0.079432106154,1.89411012631,0.159157363564,-0.000828748850325,-0.000827910936551,-4.52440792097e-05,0.00098165459754,-0.000206650930701,4.11443437173e-05,-0.00253296301846,0.573798801169,0.818982197889,0.00196015792511,0.0,0.818939938326,-0.573740927302,-0.0118098541454,0.0,-0.008547602047,0.00838189313834,-0.999928338616,0.0,0.661689917232,0.260870819597,0.303255998181,1.0,0.0,0.0,0.0
0.465082139589,0.547725681265,-0.124012739778,-1.35583198532,0.0794362539023,1.89411013095,0.159163671993,-0.000653401147029,-0.00245188298281,-0.000799408612864,-0.000273204772627,0.000383815387609,4.02196874742e-05,-2.84432214954e-05,0.573802443986,0.818979644964,0.00196043659244,0.0,0.818937352088,-0.57374453234,-0.0118140538063,0.0,-0.00855084444621,0.00838456912832,-0.999928288459,0.0,0.661687635418,0.260873235212,0.303255699543,1.0,-0.00022,-0.000289142857143,0.012
0.465081978396,0.547728834342,-0.124009826918,-1.35583985229,0.0794318817326,1.89410931709,0.159166010049,0.00112666755951,-0.000401383434081,-0.00148441605851,-0.000959499929439,-7.402672907e-05,5.02025985077e-05,-0.000457316552487,0.573801726343,0.818980175528,0.00194880445935,0.0,0.818937747565,-0.573743877481,-0.011818441834,0.0,-0.00856111976883,0.00837755315529,-0.999928259342,0.0,0.661685203106,0.26087307267,0.303249546329,1.0,-0.00056,-0.000736,0.029
0.465078100261,0.547707277002,-0.124010771495,-1.35585675601,0.0794319210003,1.89411092766,0.159158820571,-0.000905748126736,-0.00326840937652,0.00015828431412,-1.5858254456e-05,0.000214962802595,-0.000387774124548,-0.00476428586344,0.573800581212,0.818980962978,0.00195503991509,0.0,0.818938604816,-0.573742696306,-0.0118163818002,0.0,-0.00855586660031,0.00838146577439,-0.999928271517,0.0,0.661683446545,0.260868353556,0.303256943433,1.0,-0.00092,-0.00120914285714,0.047
0.465082887346,0.547617710094,-0.124010087067,-1.35594843078,0.0794314032955,1.89412739349,0.159163107161,0.000172705177533,-0.0026914050193,-0.000346457238239,-0.0106696884074,0.00158872331349,0.000595428482165,0.0011821074552,0.573804516388,0.81897816624,0.00197157227623,0.0,0.818935951642,-0.573746494433,-0.0118158425366,0.0,-0.00854589890624,0.00839473685539,-0.999928245428,0.0,0.661666706527,0.260863248517,0.303278165279,1.0,-0.00122,-0.00160342857143,0.062
0.465072994677,0.547477790263,-0.124008040448,-1.3561326149,0.0794285031757,1.89415765525,0.159161481829,-0.00140480849764,-0.00981773158251,-0.000450575280013,-0.00845171789691,0.000104423732465,0.00442387322336,0.00102280447145,0.573819104149,0.818967957475,0.00196653104026,0.0,0.818925543928,-0.573760969809,-0.0118342691771,0.0,-0.00856373337779,0.00840133399098,-0.99992803744,0.0,0.661636482895,0.26083944358,0.303292171365,1.0,-0.00156,-0.00205028571429,0.079
0.465056937655,0.547329549878,-0.124015525788,-1.35634569013,0.079419583771,1.8942403965,0.159150567722,-0.00358458373352,-0.00435913374232,-0.000446253172214,-0.0112199988406,6.96597469559e-05,0.00575733939745,-0.000813006381892,0.573838123015,0.818954594124,0.00198197869909,0.0,0.818912388745,-0.573779931152,-0.0118252724119,0.0,-0.00854730612911,0.00840902093561,-0.999928113379,0.0,0.6616144529,0.260805318392,0.303303179028,1.0,-0.0019,-0.00249714285714,0.096
0.465044912942,0.547150071699,-0.124010514642,-1.35654716182,0.0794174232978,1.89436635786,0.159144344139,-0.000385252466462,-0.0108412398081,0.000146331555431,-0.0138623833551,0.00014972092472,0.0071157800578,0.000879989483837,0.573850342944,0.818945797953,0.00207625138773,0.0,0.818904769241,-0.57379172657,-0.0117805065619,0.0,-0.00845642329045,0.00846066278816,-0.999928450485,0.0,0.661600230473,0.260786927708,0.303345183991,1.0,-0.00222,-0.00291771428571,0.112
0.465021921991,0.546934680698,-0.124007749091,-1.35680110738,0.0794146151693,1.8944828629,0.159123699116,-0.001476682082,-0.0177880147395,0.00262891594062,-0.0170996136188,0.000115595439438,0.00353307505283,-0.0011991644911,0.573863857802,0.818936135993,0.00215052919757,0.0,0.818895976194,-0.573804854588,-0.0117522731866,0.0,-0.0083905386429,0.00850542829121,-0.999928625728,0.0,0.661576433752,0.26075347099,0.303386893407,1.0,-0.00256,-0.00336457142857,0.129
0.464989998041,0.546711281259,-0.124005226228,-1.35715197296,0.0793964314796,1.8946190169,0.159096531964,8.61069806464e-05,-0.0101175186326,-0.00289166759299,-0.0202043799529,-0.000930738649383,0.0118620840548,-0.00314902846133,0.573880850441,0.818924204611,0.00215951394677,0.0,0.818884129505,-0.573821778152,-0.0117514366738,0.0,-0.00838452122624,0.00851248006232,-0.999928616196,0.0,0.661537760684,0.260701396068,0.303389818613,1.0,-0.0029,-0.00381142857143,0.146
0.464951589723,0.546432618001,-0.124010107417,-1.35755208577,0.0793751245102,1.89476665799,0.158964589304,-0.00330946740326,-0.0136428275984,0.000579602151165,-0.0221782928705,-0.00335944048682,0.00853299821454,-0.00742979050952,0.573824354729,0.818963728612,0.00218358389654,0.0,0.818923955272,-0.573765186208,-0.0117393985854,0.0,-0.00836143819976,0.00852470610641,-0.999928705327,0.0,0.661495079588,0.260635902607,0.303409663738,1.0,-0.00324,-0.00425828571429,0.163
0.464908334414,0.546159956971,-0.124008787121,-1.35798633303,0.0793417523195,1.8949220973,0.15895004341,-0.00423278642757,-0.0159909141693,0.000347813413683,-0.0269731154482,-0.00053479274282,0.0161762120414,0.000665162287242,0.573868704853,0.818932710007,0.00216170589332,0.0,0.818892757757,-0.573809721512,-0.0117388965844,0.0,-0.00837311974421,0.00850695446497,-0.999928758758,0.0,0.661443975941,0.260557334101,0.30340386398,1.0,-0.00358,-0.00470514285714,0.18
0.464860449559,0.545826934221,-0.124010821168,-1.3585472995,0.0792960785898,1.89512123009,0.158878686865,-0.00046181265462,-0.0212629184255,0.0018470259088,-0.036822250656,-0.000339754112279,0.0153324673643,-0.00273715862194,0.573863768534,0.818936221316,0.00214184053393,0.0,0.81889605587,-0.573804907324,-0.0117441437686,0.0,-0.0083888676231,0.00849364689584,-0.999928739892,0.0,0.661381644213,0.260476286141,0.303395514316,1.0,-0.00392,-0.005152,0.197
0.464796235122,0.545505988001,-0.12400865799,-1.35911715214,0.0792733915971,1.89530710649,0.158790138003,-0.00623914314257,-0.0214409247523,-0.000304626519824,-0.0388042126315,-0.000789586367242,0.0134629735787,-0.00454782974926,0.573868048458,0.818933343726,0.00209484927573,0.0,0.818892413423,-0.573809213458,-0.0117876499034,0.0,-0.00845141845084,0.00848017509478,-0.99992832751,0.0,0.661313781613,0.260380576815,0.303367534444,1.0,-0.00424,-0.00557257142857,0.213
0.46473689162,0.545104979319,-0.124013790836,-1.35980427255,0.0792400765545,1.8955262733,0.158740945423,-0.00473032805588,-0.0204572874585,0.000218334360546,-0.0404067730767,-0.00103694477717,0.010857597401,-0.00790420513726,0.573909289786,0.818904579172,0.00204063958056,0.0,0.818862847064,-0.573850567537,-0.0118283869319,0.0,-0.00851546199037,0.00845958795348,-0.999927958544,0.0,0.661228657402,0.260271538046,0.303343502719,1.0,-0.00458,-0.00601942857143,0.23
0.464669052137,0.544685383132,-0.124011992298,-1.36051038326,0.0792040521684,1.89576945192,0.158619214816,-0.000938919658218,-0.020662910424,0.000818885728777,-0.0394726555377,0.000233354851093,0.0186320143512,-0.00895482685501,0.573893649749,0.818915621346,0.00200768403568,0.0,0.818873357649,-0.573834960243,-0.0118578850019,0.0,-0.00855869275674,0.00844936654593,-0.999927675876,0.0,0.661145136601,0.260160085335,0.303325405209,1.0,-0.00492,-0.00646628571429,0.247
0.464598825964,0.544216351618,-0.124017617528,-1.36127465997,0.0791653513129,1.8960369909,0.158541669438,-0.00284964347733,-0.0307830698673,0.000422386734368,-0.0438907488629,-0.00557833452854,0.00973849471025,-0.00634934769981,0.573923835616,0.818894518567,0.00198627136252,0.0,0.81885191133,-0.573865165692,-0.0118771131801,0.0,-0.00858641625016,0.00844318301144,-0.999927490429,0.0,0.661056781473,0.260037727849,0.303316922141,1.0,-0.00526,-0.00691314285714,0.264
0.464520614405,0.543714733466,-0.124023317826,-1.36209726499,0.0791220990246,1.89632500637,0.158440374615,-0.00618114453739,-0.0277451044128,-0.000897438153143,-0.0494451603491,-0.00388303266401,0.0187249046301,-0.0111290080163,0.5739431642,0.818881035349,0.00195987654557,0.0,0.818838025155,-0.573884542188,-0.0118982225119,0.0,-0.00861865185104,0.00843388729544,-0.999927291549,0.0,0.660962183724,0.259904210716,0.30330545828,1.0,-0.0056,-0.00736,0.281
0.464444290992,0.543205330883,-0.124023292346,-1.36289255662,0.0790698766931,1.89660530773,0.158332859091,-0.00757091852254,-0.0333087367621,0.000835543960534,-0.0509020124329,-0.00213703095538,0.0190136472903,-0.00407269992878,0.573947856189,0.818877762959,0.00195310225234,0.0,0.818834676586,-0.573889273367,-0.0119004720761,0.0,-0.00862433356458,0.00842968058433,-0.999927278034,0.0,0.660871125397,0.259776640415,0.303311566279,1.0,-0.00592,-0.00778057142857,0.297
0.464372269893,0.54265657511,-0.124032171233,-1.3637875157,0.0790209721114,1.89691993105,0.15821513621,-0.00289184652866,-0.0332434714419,-0.000541705142302,-0.0525604961359,-0.00135534921155,0.0215374362602,-0.012876115726,0.573953312407,0.818874001684,0.00192651093038,0.0,0.818830534519,-0.573894805776,-0.0119186636548,0.0,-0.00865443581024,0.0084184045394,-0.999927112947,0.0,0.660765599305,0.259638308161,0.303301298765,1.0,-0.00626,-0.00822742857143,0.314
0.464298378913,0.542066061195,-0.12403314608,-1.36470514113,0.0789654921517,1.89726775055,0.158096293452,-0.00208065994818,-0.0355457092729,-0.000670153143341,-0.0561849258112,-0.00492088487221,0.0203974327341,-0.0052482939378,0.573953418504,0.818873887831,0.00194322353707,0.0,0.818830645811,-0.573894849572,-0.0119089048921,0.0,-0.00863685155544,0.0084264898933,-0.999927196881,0.0,0.660661478193,0.259502379382,0.303312310944,1.0,-0.0066,-0.00867428571429,0.331
0.464211439673,0.541423154739,-0.124035022524,-1.36567287337,0.0789038201755,1.89762458521,0.157964878097,-0.00487636316003,-0.0420549323749,0.000225108896065,-0.061354183027,-0.000728351802815,0.0192014263517,-0.00589280386654,0.573955508096,0.818872362545,0.0019686259281,0.0,0.818829479818,-0.573896861757,-0.0118920960162,0.0,-0.00860848625835,0.00843766540719,-0.999927347244,0.0,0.660552763318,0.25935166878,0.303337235279,1.0,-0.00694,-0.00912114285714,0.348
0.464129089926,0.540751442308,-0.124035426868,-1.36671116621,0.078854417213,1.89800638026,0.157834741008,-0.0104511279818,-0.0398954048787,0.000729574981137,-0.0634455927703,-0.000781355752903,0.0256373648725,-0.0107188330209,0.573961005406,0.818868460997,0.00198865765663,0.0,0.818825706449,-0.573902145739,-0.0118969103519,0.0,-0.00860087536766,0.00845688945868,-0.999927250336,0.0,0.660431111039,0.259200528287,0.303350991084,1.0,-0.00728,-0.009568,0.365
0.464039611641,0.540015818845,-0.124039183467,-1.36782407942,0.0787785510613,1.89841357934,0.157701369488,-0.00691337599052,-0.0462776658315,0.000415413721636,-0.0672306359626,-0.00245190254198,0.0262831954192,-0.0047993922252,0.573968964665,0.818862833182,0.00200871480934,0.0,0.818820421596,-0.573910102508,-0.0118767974531,0.0,-0.00857281134258,0.0084618527616,-0.999927449345,0.0,0.660302866361,0.259032174915,0.303376559103,1.0,-0.00762,-0.0100148571429,0.382
0.463945480402,0.539323568977,-0.1240400894,-1.36889632878,0.0787188139671,1.89882311377,0.157565606726,-0.0047805536464,-0.0467136544873,-0.000199476540427,-0.0680914403123,-0.00538907544242,0.024451392498,-0.00881507093912,0.573978915107,0.818855792107,0.00203559511873,0.0,0.818813695869,-0.573919908344,-0.0118666408384,0.0,-0.00854896361344,0.00847813802727,-0.999927515571,0.0,0.660182789298,0.258869431668,0.303390859034,1.0,-0.00794,-0.0104354285714,0.398
0.463830885521,0.538565085298,-0.124042132704,-1.37007037434,0.0786614703265,1.89927848688,0.157429602792,-0.0133611408132,-0.0464914370336,0.00102288912046,-0.0706125218045,-0.00337028221543,0.0284223402104,-0.0139996563886,0.57401246735,0.818832173221,0.00207516887963,0.0,0.818790498138,-0.57395320344,-0.0118569524542,0.0,-0.00851796831696,0.00850533084811,-0.999927549157,0.0,0.660055258341,0.258684811503,0.303407410275,1.0,-0.00828,-0.0108822857143,0.415
0.463726320988,0.53778684599,-0.124048172133,-1.37130532728,0.0785909476085,1.89974674317,0.157264029168,-0.0055743994184,-0.0418091437756,-0.00150601936384,-0.0683051015202,0.00012082351849,0.0230761847359,-0.0162535958731,0.574016096544,0.818829605221,0.0020845678291,0.0,0.818788045699,-0.57395678774,-0.0118528025533,0.0,-0.00850913760773,0.00851068253069,-0.999927578808,0.0,0.659915509715,0.258496280125,0.303410026969,1.0,-0.00862,-0.0113291428571,0.432
0.463623098342,0.537017619835,-0.124054552553,-1.37251622973,0.0785034646135,1.90019111445,0.157124965671,-0.00456042216296,-0.0460271624611,-0.000505972127414,-0.0751053180384,-0.00293011345597,0.0264686122543,-0.0108048116625,0.574031986305,0.818818506019,0.00206876805356,0.0,0.818776849639,-0.573972847483,-0.01184853363,0.0,-0.00851454584631,0.00849546024788,-0.999927662216,0.0,0.659764438368,0.258298527044,0.303410287688,1.0,-0.00896,-0.011776,0.449
0.46350267293,0.536172098672,-0.124055174785,-1.37384024775,0.0784415717713,1.90069403267,0.156960809048,-0.00817383329049,-0.0466569836487,0.000385362691769,-0.0783193013882,-0.0059454728812,0.0279607516239,-0.00984231240871,0.574055437676,0.818801969428,0.00210623759598,0.0,0.818760677924,-0.573996023486,-0.0118433191813,0.0,-0.00848852449597,0.00852339039977,-0.999927645766,0.0,0.659626854197,0.258105062459,0.30342578741,1.0,-0.00928,-0.0121965714286,0.465
0.463389785235,0.53528112007,-0.124063748103,-1.37523781711,0.0783569424179,1.90119458756,0.156783903975,-0.008367298105,-0.0490436174792,-0.00291632923502,-0.0852808191655,-0.00533788827348,0.0298578928001,-0.00546181875599,0.574062990326,0.818796692833,0.00209901037233,0.0,0.81875531145,-0.574003608186,-0.011846715293,0.0,-0.00849537533778,0.00851950072454,-0.999927620733,0.0,0.659461426139,0.257891708712,0.303433002205,1.0,-0.00962,-0.0126434285714,0.482
0.463254972087,0.534389654549,-0.124072012598,-1.37669119479,0.0782738935537,1.90172102301,0.156605345089,-0.0121473236726,-0.053630319709,-0.00243444080622,-0.0887154779838,-0.0128163637996,0.0356883709916,-0.00495375415578,0.574090382934,0.818777565285,0.00206826255717,0.0,0.818735745842,-0.574031082858,-0.0118676574925,0.0,-0.00852988893878,0.00850663230074,-0.999927436468,0.0,0.659293343947,0.257659481816,0.303416078304,1.0,-0.00996,-0.0130902857143,0.499
0.463128904152,0.533468074446,-0.124070546192,-1.37815338006,0.0781876480524,1.90226449334,0.156418830861,-0.011730940092,-0.0556862164798,-0.000626372694482,-0.0864646227286,-0.00513963384976,0.0293907193382,-0.0085229192817,0.574096768944,0.818773080106,0.002071251453,0.0,0.818731256377,-0.57403741294,-0.0118711952903,0.0,-0.00853100355497,0.00851117703056,-0.999927388286,0.0,0.659122737009,0.257438684265,0.303417168349,1.0,-0.0103,-0.0135371428571,0.516
0.462998889462,0.532531766762,-0.124068451513,-1.37968012621,0.0781151915532,1.90284124368,0.156231036469,-0.0066088453736,-0.0560647793058,0.000743060562396,-0.0881302912759,0.00103488343125,0.0313471370554,-0.00560403602221,0.57411213612,0.818762311015,0.00206884575302,0.0,0.818720259641,-0.5740525922,-0.0118955766169,0.0,-0.00855218819047,0.00852336493518,-0.999927103507,0.0,0.658943849411,0.257212673755,0.303400635323,1.0,-0.01064,-0.013984,0.533
0.462874093666,0.531609963427,-0.124068461563,-1.38115490954,0.0780195966527,1.90337954229,0.156050053753,-0.0106454038322,-0.0609970134974,0.00135786789229,-0.0915941422663,-0.00575450243862,0.0366576574416,-0.00990804689609,0.574120835236,0.818756253664,0.00205195907374,0.0,0.818714008342,-0.574061384919,-0.011901503728,0.0,-0.0085666450721,0.00851303280136,-0.999927067773,0.0,0.658769036501,0.256988556709,0.303395092552,1.0,-0.01096,-0.0144045714286,0.549
0.462731584283,0.530593873251,-0.12407442471,-1.3827943313,0.0779125602921,1.90395723664,0.155824802213,-0.013964987337,-0.061326746239,-8.73594522129e-06,-0.0914868822324,-0.00759988316715,0.0374467861547,-0.0179810251952,0.574117571338,0.818758652944,0.00200733914594,0.0,0.81871585912,-0.57405833711,-0.0119211795564,0.0,-0.00860840488146,0.00848776246356,-0.999926923957,0.0,0.658572268507,0.256731865673,0.303381036376,1.0,-0.0113,-0.0148514285714,0.566
0.4625934662,0.529555395776,-0.124082523729,-1.38443759671,0.0778152554127,1.90456422864,0.155613118464,-0.0116156825002,-0.0646593878131,-0.00179182381308,-0.09789562328,-0.00620629180941,0.0396184648016,-0.00759668953906,0.574126155502,0.818752632823,0.00200766425031,0.0,0.818709837617,-0.574066913331,-0.0119217326305,0.0,-0.00860858210173,0.00848843642313,-0.99992691671,0.0,0.658379400873,0.256480233831,0.303383308216,1.0,-0.01164,-0.0152982857143,0.583
0.462464796387,0.528455296863,-0.124083313744,-1.38612600571,0.0777091876738,1.90520376025,0.155382988558,-0.00597656866864,-0.0698785912683,-0.00146993003908,-0.10501012244,-0.0023116823441,0.0426217283678,-0.00719193442102,0.57410995348,0.818763904322,0.00204381891735,0.0,0.81872159514,-0.574050579633,-0.0119007804665,0.0,-0.00857083906027,0.00850583896795,-0.999927093053,0.0,0.658191490697,0.256249332811,0.303406563384,1.0,-0.01196,-0.0157188571429,0.599
0.462332741649,0.527420487823,-0.124083323974,-1.38775038711,0.0776113442015,1.90582693915,0.155154333805,-0.0033924773719,-0.0708682631946,-0.00119807778132,-0.104267035101,-0.00491998498955,0.0401175517076,-0.00573454260455,0.574086922536,0.818779937444,0.00208957255643,0.0,0.818738253181,-0.574027394929,-0.0118730598539,0.0,-0.00852211539052,0.00852714555136,-0.999927328028,0.0,0.657979858791,0.255981426041,0.303428558181,1.0,-0.01232,-0.016192,0.617
0.462183731736,0.526257605512,-0.12408398382,-1.38954476993,0.0774915024987,1.90650088311,0.154909497663,-0.00928526444217,-0.0715104664503,-0.000380674192211,-0.109455323758,-0.00696247450202,0.0372796654492,-0.0121268430231,0.574075810207,0.818787687631,0.00210561632052,0.0,0.818746292805,-0.574016300371,-0.0118550338863,0.0,-0.00849826131011,0.00852981796523,-0.999927508253,0.0,0.657779631337,0.255725867797,0.303441756234,1.0,-0.01264,-0.0166125714286,0.633
0.462031360116,0.525085541102,-0.124086392622,-1.39138252722,0.0773748605916,1.9071560375,0.154658319799,-0.0137755308667,-0.0661005071202,0.000538499582288,-0.107250536344,-0.0114455984312,0.0393193613991,-0.00875384891605,0.57406394243,0.818796038567,0.00209383140636,0.0,0.818754484554,-0.574004475434,-0.0118618339565,0.0,-0.00851071791339,0.00852394913184,-0.999927452354,0.0,0.657555676575,0.255447123336,0.303448361999,1.0,-0.01298,-0.0170594285714,0.65
0.461879103048,0.523906798137,-0.124093613925,-1.39328297331,0.0772618574308,1.90783396517,0.154400165004,-0.0113401477618,-0.0644728617802,-0.0030474637367,-0.112830547598,-0.00198255570587,0.0434014885963,-0.0100703465006,0.574053877104,0.818803191635,0.00205583323803,0.0,0.81876108699,-0.573994508979,-0.0118883553806,0.0,-0.00855435103665,0.00850795655977,-0.999927216228,0.0,0.65732197238,0.255160461521,0.303431688094,1.0,-0.01332,-0.0175062857143,0.667
0.461723024685,0.522680038586,-0.124091529371,-1.39520541345,0.0771412492182,1.90857654847,0.154136449483,-0.00918905962465,-0.0730874365831,-0.000772425247689,-0.114336817121,-0.00908265193442,0.0392673069284,-0.0179929879216,0.574034949798,0.818816368649,0.00209230582026,0.0,0.818774775152,-0.573975472854,-0.0118646971288,0.0,-0.00851423992109,0.00852404216247,-0.999927421578,0.0,0.657095927784,0.254877891124,0.303443252418,1.0,-0.01366,-0.0179531428571,0.684
0.461551266056,0.521464483775,-0.124093770078,-1.39718224005,0.0770247400729,1.90934112267,0.153871785971,-0.0142299113841,-0.0668041797338,0.00149414279179,-0.116145675843,-0.00697468597272,0.0395317879851,-0.0158081262967,0.574035037657,0.818816304439,0.00209332921208,0.0,0.818774711829,-0.573975544141,-0.011865618318,0.0,-0.00851440589619,0.00852540982096,-0.999927408505,0.0,0.656865259812,0.254578078488,0.30342282485,1.0,-0.014,-0.0184,0.701
0.461386661266,0.520163540168,-0.124102498503,-1.39921581946,0.0768959199123,1.91009390074,0.153601067889,-0.00482147131253,-0.0781407802345,-0.00259200326957,-0.120063807647,-0.0106063910084,0.041237016823,-0.0111366860229,0.574027955949,0.818821238999,0.00210505450122,0.0,0.818779854373,-0.573968471842,-0.0118528606004,0.0,-0.00849730268669,0.00852761374354,-0.9999275352,0.0,0.656620723073,0.254270866125,0.303434129086,1.0,-0.01434,-0.0188468571429,0.718
0.461221105775,0.518917068101,-0.12411122383,-1.40116632709,0.0767647356068,1.91079056816,0.153342410644,-0.00646440797288,-0.0767980980448,-0.00142935130521,-0.12490744292,-0.00962140803334,0.0489473410497,-0.0165464495415,0.574025950335,0.818822682527,0.00209041230331,0.0,0.818781193849,-0.573966611707,-0.0118504069786,0.0,-0.00850371888741,0.00851419533375,-0.999927595,0.0,0.65638284026,0.253968067614,0.303441475242,1.0,-0.01466,-0.0192674285714,0.734
0.461039350359,0.517567037888,-0.124114565557,-1.40327895858,0.0766262569041,1.91155332057,0.153045319046,-0.0147068655714,-0.0746352347096,-0.000818267431836,-0.118835878208,-0.0122874495342,0.0459116949955,-0.015262203672,0.574008308626,0.818835064028,0.0020848137539,0.0,0.818793542975,-0.573949035073,-0.0118484607675,0.0,-0.0085055220465,0.00850831077633,-0.999927629752,0.0,0.656125105687,0.253643243168,0.30344952361,1.0,-0.015,-0.0197142857143,0.751
0.460865711464,0.51629845311,-0.124123405991,-1.40528628477,0.076501836188,1.91230066516,0.15277129086,-0.00818574739707,-0.0806318849715,-0.00155888290524,-0.132073723332,-0.0111442493815,0.0503911787002,-0.0195507070036,0.574004978479,0.818837390669,0.00208787581458,0.0,0.818795940622,-0.573945724283,-0.0118431456919,0.0,-0.00849944675977,0.00850773262973,-0.999927686331,0.0,0.655884780801,0.253333210475,0.303449038988,1.0,-0.01532,-0.0201348571429,0.767
0.460670360501,0.514841924833,-0.124121678101,-1.40760253957,0.0763571377039,1.91317625561,0.152454034459,-0.0106860447517,-0.0798549893665,0.000905497620229,-0.130617629689,-0.0125508710959,0.0457905671999,-0.0221820791405,0.573987104844,0.818849894085,0.00209793485264,0.0,0.818808579405,-0.573927817261,-0.0118371351154,0.0,-0.0084889371031,0.0085123338597,-0.999927736449,0.0,0.655605139351,0.25298638117,0.303443691838,1.0,-0.01568,-0.020608,0.785
0.460493656844,0.513525280958,-0.124122362757,-1.40974024123,0.0762388248148,1.91390661491,0.15216265877,-0.0138429712182,-0.0849357804577,0.000858432440003,-0.133022826821,-0.0086043820631,0.0552828833711,-0.0145118040707,0.573973894151,0.818859329775,0.00202824433694,0.0,0.818816872105,-0.573914654713,-0.0119015109419,0.0,-0.00858178935089,0.00849208076428,-0.999927116072,0.0,0.655328736493,0.252664255495,0.303412375531,1.0,-0.016,-0.0210285714286,0.801
0.460295819006,0.512114427577,-0.124130558516,-1.41202490854,0.0760984346369,1.91471990461,0.151841370058,-0.013228674418,-0.0788231643012,-0.000487700523012,-0.138024697836,-0.0088068340391,0.0511517900477,-0.0238075156678,0.573960314492,0.818868980459,0.00197411523034,0.0,0.818825769783,-0.573901253348,-0.0119355370771,0.0,-0.00864086023598,0.00846714405631,-0.999926818825,0.0,0.655043810969,0.252309811898,0.303384113745,1.0,-0.01634,-0.0214754285714,0.818
0.460088008294,0.510564086499,-0.124130547455,-1.41447929064,0.0759509507514,1.91565437121,0.151485518265,-0.00954366529958,-0.0890080566875,-0.000617148001473,-0.136651118402,-0.0110541923201,0.047307741305,-0.0136600789079,0.573927689457,0.818891785384,0.00199950183521,0.0,0.818848869768,-0.573868491736,-0.011926004086,0.0,-0.00861882161507,0.0084821170944,-0.999926882129,0.0,0.654746421245,0.251942396496,0.303382486356,1.0,-0.0167,-0.0219485714286,0.836
0.459904117693,0.509159885882,-0.124134208475,-1.41670385236,0.0758112768763,1.91647256527,0.151185489785,-0.0111452189985,-0.0915532910345,2.0541717658e-05,-0.137986685672,-0.00524800277236,0.0512404906274,-0.0155625814467,0.573913246535,0.81890192084,0.00199409084528,0.0,0.81885893305,-0.573854071395,-0.0119289315714,0.0,-0.00862447387491,0.00847921419893,-0.999926858014,0.0,0.654470226675,0.251607345575,0.303377470573,1.0,-0.01702,-0.0223691428571,0.852
0.459685432786,0.507654340449,-0.124137305086,-1.41908695418,0.0756666721932,1.9173133035,0.150855864325,-0.0131187927081,-0.086993426811,-0.000220102673369,-0.144555810565,-0.0107937264271,0.046250169091,-0.0206606388446,0.573908987172,0.818904979246,0.0019637492078,0.0,0.818861491578,-0.573849836889,-0.0119569734841,0.0,-0.00866489478629,0.00847041622901,-0.999926583129,0.0,0.654171270249,0.251233224739,0.303369365574,1.0,-0.01736,-0.022816,0.869
0.459484032919,0.506172431877,-0.12414229747,-1.42136728258,0.075508518963,1.91817296129,0.150549691509,-0.0136017796865,-0.0932705917203,-0.000544847172763,-0.143617988343,-0.00737360344552,0.0524408232332,-0.0150024965189,0.573898848826,0.818911971167,0.00201039720416,0.0,0.818869228768,-0.573839640417,-0.0119163821657,0.0,-0.0086049880724,0.00848521378179,-0.999926974997,0.0,0.653877729138,0.250861686883,0.303397829814,1.0,-0.0177,-0.0232628571429,0.886
0.459257661067,0.504549747448,-0.124144037403,-1.42384805559,0.0753561525163,1.91913170549,0.150198745905,-0.0142769184741,-0.103105116209,0.00120467462355,-0.152564031346,-0.015076439697,0.0556592821828,-0.0189342595994,0.573887975878,0.818919397187,0.0020878112087,0.0,0.818877724371,-0.573828514334,-0.0118682588485,0.0,-0.00852126583851,0.00852087719252,-0.999927388704,0.0,0.653600349182,0.250498747577,0.303431069199,1.0,-0.01802,-0.0236834285714,0.902
0.45902996057,0.502883701009,-0.124149748147,-1.42631803179,0.0751955314429,1.92006642231,0.149862391431,-0.01145162431,-0.101660540637,-0.000638909567419,-0.149400536974,-0.0124897870242,0.0589763164509,-0.0184673104897,0.573886417188,0.818920212874,0.00219363043225,0.0,0.818880018397,-0.573826639932,-0.0118004100155,0.0,-0.00840499252387,0.00856858012559,-0.999927965173,0.0,0.653304267104,0.250113003012,0.303500141812,1.0,-0.01836,-0.0241302857143,0.919
0.45879951819,0.501168870874,-0.12415605741,-1.42887316871,0.0750302382456,1.920974286,0.149497858323,-0.0150627292864,-0.108957589046,0.000140012971643,-0.151314545425,-0.00904975262529,0.0531318895782,-0.0187790805185,0.573866712124,0.818933872416,0.00224860563328,0.0,0.818894402585,-0.573806735802,-0.0117700579844,0.0,-0.00834879484532,0.00859598054297,-0.999928200794,0.0,0.652983560493,0.249713275124,0.303559771783,1.0,-0.0187,-0.0245771428571,0.936
0.458569400103,0.499567919451,-0.124156465174,-1.43131470121,0.0748787727504,1.92184734919,0.149152126138,-0.0124691008652,-0.102688462622,0.0042576339833,-0.154866117024,-0.00268404992641,0.0522471645712,-0.0224702762822,0.573855609336,0.818941572649,0.00227752568693,0.0,0.818902407545,-0.573795450895,-0.0117632627662,0.0,-0.0083267513465,0.00861565146871,-0.999928215304,0.0,0.652677031168,0.249329143019,0.303590251549,1.0,-0.01902,-0.0249977142857,0.952
0.458311630627,0.497902245764,-0.12415933604,-1.43394781656,0.0747097924928,1.9228324465,0.148767070349,-0.0163793274863,-0.0935070527263,-0.000661563636611,-0.157901211219,-0.00413323465054,0.057703294553,-0.0202217441565,0.573841562615,0.818951389415,0.00228685186691,0.0,0.818912378996,-0.573781405284,-0.0117542068758,0.0,-0.00831413104734,0.0086179496659,-0.999928300514,0.0,0.652355622884,0.248908497259,0.30358397268,1.0,-0.01936,-0.0254445714286,0.969
0.458048278363,0.496222973609,-0.124154404594,-1.43662790882,0.074546549309,1.92378025387,0.148373885591,-0.014682135039,-0.100988624452,-0.000376120577354,-0.161346552448,-0.00769456184244,0.0538969307425,-0.0254134256421,0.573823041875,0.818964482828,0.00224485643755,0.0,0.818924765162,-0.573762880506,-0.011795459252,0.0,-0.00837220808104,0.00860704055143,-0.999927909894,0.0,0.652013830047,0.248481998515,0.30356073802,1.0,-0.0197,-0.0258914285714,0.986
0.457777315816,0.494561783265,-0.124157067655,-1.43936450791,0.0743752194433,1.92472210231,0.147979267739,-0.0155478748943,-0.0982697527565,0.000270078659559,-0.158940574444,-0.00274099300986,0.0558422400433,-0.0253576855654,0.573815013498,0.818970414946,0.0021299362776,0.0,0.818929062265,-0.573755162745,-0.0118722829799,0.0,-0.00850115025631,0.00855692568421,-0.999927252087,0.0,0.651659401086,0.248037663978,0.303497201119,1.0,-0.0216302857143,-0.0284283755102,1.003
0.457460018702,0.492232462029,-0.124232820061,-1.44284494681,0.0741789137905,1.9259980212,0.147497296206,-0.0175092699577,-0.164636749315,-0.00829774665093,-0.231954483737,-0.0124914602311,0.089944642693,-0.0334335105407,0.573856490233,0.818941081206,0.00223182243924,0.0,0.818901165323,-0.573796345575,-0.0118060213136,0.0,-0.00838798579441,0.0086027695809,-0.99992781442,0.0,0.65123641969,0.247459506858,0.303574795802,1.0,-0.0356577142857,-0.0468644244898,1.02
0.457079527022,0.489086450726,-0.124285626772,-1.44779495174,0.0739184712048,1.9279211343,0.146732619512,-0.0306163360894,-0.216145076475,-0.00268056183227,-0.347348189345,-0.0136304746097,0.130647743807,-0.0454615618158,0.573758226115,0.819009621996,0.00234178231201,0.0,0.818970990976,-0.57369752375,-0.0117649515394,0.0,-0.00829229345187,0.00866825639709,-0.999928047012,0.0,0.650617751208,0.246723725112,0.303575149351,1.0,-0.04886,-0.064216,1.036
0.45642175089,0.484556653217,-0.124366956927,-1.45492213325,0.0735133623029,1.93063139604,0.145645921581,-0.0413383415889,-0.297805164122,-0.0098627873533,-0.459815930951,-0.0270602484548,0.17667215188,-0.0703563344059,0.573710378966,0.819042865589,0.00243563026338,0.0,0.819005439297,-0.573649318662,-0.0117173590223,0.0,-0.00819997954465,0.00871733275464,-0.999928381658,0.0,0.649737696897,0.245581703564,0.303566698849,1.0,-0.0628874285714,-0.0826520489796,1.053
0.455541989444,0.478862541276,-0.124527966804,-1.4640452791,0.0729715096517,1.93376935906,0.144270865651,-0.0563964214926,-0.360569689891,-0.0101115804014,-0.581912024227,-0.0327277442489,0.196721756624,-0.0821375184581,0.573720766437,0.819036324627,0.00217439709027,0.0,0.818995390069,-0.573660587388,-0.0118671152156,0.0,-0.00847239563799,0.00858939700253,-0.999927217737,0.0,0.648552193326,0.244036569667,0.303449931911,1.0,-0.0769148571429,-0.101088097959,1.07
0.454442253336,0.471949417322,-0.124684338884,-1.47490941465,0.0723401073721,1.93758987604,0.142702914591,-0.0688210552801,-0.424592586146,-0.00806307994595,-0.663276948166,-0.0329728018563,0.242448984904,-0.105109734195,0.573804387662,0.818978029448,0.0020637060384,0.0,0.818935346305,-0.573744341243,-0.0119614532918,0.0,-0.0086122935981,0.00855374088692,-0.999926328244,0.0,0.647145647917,0.242195235389,0.303398410572,1.0,-0.0909422857143,-0.119524146939,1.087
0.453161559173,0.463834937368,-0.124810707123,-1.48717073318,0.0715880842051,1.94218816878,0.140718823584,-0.0790425125262,-0.486564887352,-0.00665430308999,-0.747036161283,-0.0495662988165,0.278020836287,-0.122255014502,0.57369897028,0.819050857012,0.00243557559698,0.0,0.81901324025,-0.573637709955,-0.0117403966373,0.0,-0.00821900216082,0.0087303902101,-0.999928111561,0.0,0.645599398339,0.240140705521,0.30356425192,1.0,-0.104969714286,-0.137960195918,1.104
0.451689728864,0.455348892251,-0.124926503128,-1.50049153138,0.0707590696845,1.94676853967,0.138693437572,-0.0952677429142,-0.554284917527,-0.0129382282803,-0.847379154123,-0.0456410550841,0.29201999006,-0.123974183112,0.573724000405,0.819034027121,0.00218647615133,0.0,0.818992637401,-0.573663151398,-0.011932959085,0.0,-0.00851936275956,0.00863709918362,-0.99992640778,0.0,0.643690644705,0.237682713641,0.303453194816,1.0,-0.118997142857,-0.156396244898,1.121
0.449903328029,0.445026920061,-0.125093651782,-1.5160108487,0.0696908651054,1.95232477233,0.136259466887,-0.110550958535,-0.614875927172,-0.00690922765102,-0.936771939285,-0.0567591067472,0.330765937827,-0.143492583428,0.573726996266,0.819031140832,0.00246394076655,0.0,0.818994139491,-0.573665891965,-0.0116957589557,0.0,-0.00816586924105,0.00872829374925,-0.999928565182,0.0,0.641775375942,0.23510697716,0.303643510791,1.0,-0.132199428571,-0.173747820408,1.137
0.447859123661,0.43379253888,-0.12522114763,-1.53315900336,0.0685926262729,1.95820023487,0.133491773323,-0.127202626764,-0.700778042599,-0.00670836787265,-1.02053296702,-0.0745245851294,0.362961408937,-0.181147834306,0.573685610813,0.819060204258,0.00243898513927,0.0,0.819022221941,-0.57362390434,-0.0117882669606,0.0,-0.00825639912763,0.00876051082674,-0.999927540037,0.0,0.63941675332,0.232077724328,0.303670965441,1.0,-0.146226857143,-0.192183869388,1.154
0.445558356447,0.421538457375,-0.125370648277,-1.55168858111,0.0672972713844,1.96464852889,0.130414782539,-0.13627862538,-0.736387911881,-0.00966580384403,-1.12236269912,-0.0870231970839,0.384906664311,-0.187196474211,0.57359593695,0.819122713008,0.00253555703434,0.0,0.819086298757,-0.573534222436,-0.0116994779121,0.0,-0.00812923586899,0.00878778221341,-0.999928342637,0.0,0.636860996317,0.228741893577,0.303752441416,1.0,-0.160254285714,-0.210619918367,1.171
0.44310501757,0.40909200484,-0.125522586717,-1.57017333548,0.0660037069948,1.97121024454,0.127348999601,-0.159395843335,-0.776690533407,-0.00906385478431,-1.18739165525,-0.0799831268207,0.409867827042,-0.19362466847,0.573606481931,0.819113994776,0.00293502135335,0.0,0.819083286975,-0.573544036647,-0.0114260197453,0.0,-0.00767599647,0.00895823839984,-0.9999304121,0.0,0.634147438805,0.225111544445,0.303962635144,1.0,-0.174281714286,-0.229055967347,1.188
0.439974861073,0.394172847489,-0.125699543782,-1.59240991465,0.0645198030186,1.97881084981,0.123570805489,-0.184926536117,-0.846429079743,-0.00581395162855,-1.25720160853,-0.0887736564485,0.438354179931,-0.207278777506,0.573682510356,0.81905985679,0.00317414681081,0.0,0.819031575409,-0.57361855303,-0.0113921465817,0.0,-0.00751024504252,0.00913537759672,-0.999930068103,0.0,0.631329393371,0.221388249886,0.304093039955,1.0,-0.187484,-0.246407542857,1.204
0.436918128745,0.380149306097,-0.12585361157,-1.61341290187,0.0628957657959,1.98582555272,0.119833261898,-0.199861556066,-0.90477235998,-0.00930802513919,-1.32234961741,-0.110964368632,0.445677954518,-0.233206539545,0.573593247351,0.81912258729,0.00311776934968,0.0,0.819094182809,-0.57353019704,-0.0113392977339,0.0,-0.00750028443213,0.00905806574338,-0.999930846198,0.0,0.628072928613,0.217103489536,0.304107968711,1.0,-0.201511428571,-0.264843591837,1.221
0.433313415922,0.364467936658,-0.126016205135,-1.63680088901,0.061167892674,1.99355184414,0.115651374085,-0.214732475117,-0.927806459576,-0.00797928647749,-1.37364628449,-0.104075568985,0.460801785322,-0.248439164986,0.573607267554,0.819112856187,0.00309488911937,0.0,0.819083891387,-0.573543962634,-0.0113863381535,0.0,-0.00755178639227,0.00906643469594,-0.999930382719,0.0,0.624571226065,0.212522407735,0.304103608908,1.0,-0.215538857143,-0.283279640816,1.238
0.429291702817,0.347955818848,-0.126231723295,-1.66132668522,0.0593039666525,2.00150512766,0.111076612551,-0.241482826761,-0.983618664029,-0.0111974048737,-1.45101420293,-0.107897345402,0.450599754173,-0.27371314992,0.573633701116,0.819094728801,0.00299150400868,0.0,0.819064225585,-0.573570463389,-0.0114658098266,0.0,-0.00767589383464,0.00902758265025,-0.999929789238,0.0,0.620824316543,0.207561525396,0.304064581405,1.0,-0.229566285714,-0.301715689796,1.255
0.424885193956,0.330594534255,-0.126431131379,-1.68676321295,0.0573496432781,2.0097300137,0.106215418624,-0.264364487976,-1.0115983726,-0.00658530564134,-1.51905072359,-0.109445499828,0.46927815116,-0.292451657234,0.573680771293,0.819061441384,0.00307811422816,0.0,0.81903176697,-0.573616917116,-0.011460540705,0.0,-0.0076213753299,0.00909594029135,-0.999929586775,0.0,0.616865338652,0.202326379682,0.304100302017,1.0,-0.243593714286,-0.320151738775,1.272
0.420163831949,0.312462076117,-0.126597328476,-1.71312349277,0.0551535517601,2.01805856213,0.100994610532,-0.285602122362,-1.05884074804,-0.00437131693312,-1.56821727759,-0.125836508583,0.475710898338,-0.320183014747,0.573556767758,0.819148327862,0.00306561917724,0.0,0.819118822427,-0.5734933616,-0.0114221647667,0.0,-0.00759848121616,0.00906254075685,-0.999930064274,0.0,0.612628923594,0.196845956908,0.304126922438,1.0,-0.257621142857,-0.338587787755,1.289
0.414968483399,0.293598823311,-0.12679614979,-1.74026232076,0.052869748194,2.02643054227,0.0953897534228,-0.322988081624,-1.11802381241,-0.020499534759,-1.60381329917,-0.138781152861,0.478926185853,-0.334201308975,0.573464839682,0.819212684593,0.0030662602322,0.0,0.819183235493,-0.573401500714,-0.0114145769362,0.0,-0.00759291418377,0.00905786190253,-0.999930148956,0.0,0.608165948264,0.191029487215,0.304171153771,1.0,-0.271648571429,-0.357023836735,1.306
0.409640555631,0.275176423684,-0.127007712609,-1.76650821259,0.0507252053999,2.03442016249,0.0898161657505,-0.340956381284,-1.15412343584,-0.0150694886378,-1.62734570896,-0.138559760024,0.488796692915,-0.353173567041,0.573477219403,0.819203540719,0.00319133192681,0.0,0.81917498016,-0.57341262844,-0.0114479835336,0.0,-0.00754842394703,0.00917959376809,-0.999929375683,0.0,0.603757587883,0.185277019928,0.304228266806,1.0,-0.284850857143,-0.374375412245,1.322
0.403417008062,0.254975352279,-0.127325447918,-1.79495359908,0.0482232499457,2.04296369354,0.0835038934335,-0.378459188045,-1.18303219675,-0.0156986664557,-1.67472829567,-0.146240342101,0.499055701449,-0.370229486613,0.573572243788,0.819136383092,0.0033487240345,0.0,0.819110217081,-0.573507635699,-0.0113221450952,0.0,-0.00735400376587,0.00923722008272,-0.999930293767,0.0,0.598916686522,0.178767616377,0.304324355167,1.0,-0.298878285714,-0.392811461224,1.339
0.396721665778,0.234072507772,-0.127603055669,-1.82412998316,0.0455988941025,2.05150856639,0.0767916467693,-0.409319189925,-1.25063778088,-0.0167819945195,-1.71609057902,-0.152307146034,0.524854173301,-0.404666475992,0.573595189488,0.819119692699,0.00349778923009,0.0,0.819095504083,-0.573530251515,-0.011240671181,0.0,-0.00720150583792,0.00931279764883,-0.999930702656,0.0,0.593794709866,0.172006458778,0.304399667518,1.0,-0.312905714286,-0.411247510204,1.356
0.390009620905,0.213859887687,-0.127809462292,-1.85215625756,0.0430244000688,2.05949449226,0.0700354487445,-0.432786000239,-1.27927065142,-0.0162620096171,-1.76697331047,-0.169781335352,0.512188619991,-0.431128452418,0.573452968872,0.819218875254,0.00358801083209,0.0,0.819195523726,-0.573387393985,-0.0112399834386,0.0,-0.00715082408538,0.00938506497726,-0.999930390712,0.0,0.588714087178,0.165457180345,0.304419617349,1.0,-0.326108,-0.428599085714,1.372
0.381775672083,0.190415501412,-0.128129910672,-1.88432189691,0.0399109279613,2.06822380413,0.0619240624335,-0.463760698856,-1.32937970397,-0.0172271145583,-1.81972104296,-0.185945733401,0.511909013273,-0.464326840869,0.573345920285,0.819294169151,0.00350242620501,0.0,0.819269517882,-0.573280328698,-0.0113079042247,0.0,-0.00725676766582,0.0093529518559,-0.999929928352,0.0,0.582713378529,0.15766304138,0.304413243916,1.0,-0.340960571429,-0.448119608163,1.39
0.373731201419,0.16903188599,-0.128560584515,-1.91321907613,0.0371273001355,2.07581703722,0.0542888695909,-0.507282401623,-1.34498091914,-0.0253241163934,-1.80236311191,-0.186260328137,0.463275665985,-0.490481632153,0.573532293775,0.819163571863,0.00353517074711,0.0,0.819138710441,-0.573465771111,-0.0113810949645,0.0,-0.00729581945149,0.00942340213734,-0.999928982734,0.0,0.577222068255,0.150320367687,0.304445936815,1.0,-0.354162857143,-0.465471183673,1.406
