position_joint1,position_joint2,position_joint3,position_joint4,position_joint5,position_joint6,position_joint7,velocity_joint1,velocity_joint2,velocity_joint3,velocity_joint4,velocity_joint5,velocity_joint6,velocity_joint7,ee_T_00,ee_T_10,ee_T_20,ee_T_30,ee_T_01,ee_T_11,ee_T_21,ee_T_31,ee_T_02,ee_T_12,ee_T_22,ee_T_32,ee_T_03,ee_T_13,ee_T_23,ee_T_33,v_x,v_y,time
0.465079054917,0.547860932357,-0.123899296503,-1.35584898775,0.0795144424271,1.89408685127,0.15917225444,0.00248715756313,-0.00134457350675,0.000598456324988,0.00178289161598,-0.000173223642916,-0.000394068597541,-0.00155330393839,0.57375445035,0.819013458127,0.00187963089284,0.0,0.818968754911,-0.573695562651,-0.0120136079087,0.0,-0.00876113933436,0.0084323823239,-0.99992606595,0.0,0.661645844947,0.260944103586,0.303146162582,1.0,0.0,0.0,0.0
0.465084264176,0.547865510334,-0.12390287453,-1.35585473879,0.0795154143682,1.89408744609,0.159182432718,-0.00123679062088,0.000333834628612,-0.000275077939778,8.26908556889e-05,0.000245172664958,-0.00515477544158,-0.000751941317262,0.57376160233,0.819008467849,0.00187087804245,0.0,0.818963654599,-0.57370275561,-0.0120178014723,0.0,-0.00876952212284,0.00842769640745,-0.999926031972,0.0,0.661643929961,0.260944932372,0.303140354364,1.0,-0.00026,-0.000341714285714,0.014
0.46508112602,0.547857774312,-0.12390011397,-1.35586074125,0.0795097152296,1.89408837763,0.159177018414,0.000782509454073,-0.000276122409262,0.0065877788864,-0.000481160455249,-0.000204222806013,0.00714579777932,0.000907046869936,0.573756619646,0.819011957965,0.00187110211147,0.0,0.818967180966,-0.573697804602,-0.012013841899,0.0,-0.00876620177939,0.0084255547565,-0.999926079135,0.0,0.661643449711,0.26094298297,0.303142956872,1.0,-0.0006,-0.000788571428571,0.031
0.465083364981,0.547840002589,-0.123904751889,-1.35588705005,0.0795156460611,1.8940891218,0.159176420216,0.00216400451631,0.0015972557863,-0.000687531536463,-0.00330295629191,0.000205585478323,0.00260151679351,0.000490081671021,0.573760517073,0.819009235112,0.0018678197159,0.0,0.818964357092,-0.573701659851,-0.0120222376347,0.0,-0.00877492132264,0.00842772531428,-0.999925984362,0.0,0.661638183932,0.260939901146,0.303143254669,1.0,-0.00092,-0.00120914285714,0.047
0.465083018229,0.547729220554,-0.123900004651,-1.35599107437,0.0795102678989,1.89411392674,0.159172287816,0.00154742680249,-0.00634452116615,0.000352299204066,-0.00377354878594,-0.000205620174136,0.00106474827904,-0.0012894466649,0.573758330393,0.819010697541,0.0018980306599,0.0,0.818966165659,-0.573699296591,-0.0120118066028,0.0,-0.00874906769668,0.0084464596138,-0.999926052833,0.0,0.661621521635,0.260932347698,0.303174210895,1.0,-0.00126,-0.001656,0.064
0.465071916707,0.547590173714,-0.123904719479,-1.3561758489,0.0795090889954,1.89414925658,0.159171050339,-0.0016590419011,-0.0104977702867,8.01722931432e-06,-0.0088773812821,-0.000194795023154,0.00726448734642,0.00123580896722,0.57377947171,0.818995893344,0.00189510711052,0.0,0.818951212047,-0.573720340531,-0.0120262233651,0.0,-0.00876233475376,0.00845256309223,-0.999925885087,0.0,0.661593924174,0.260904374453,0.303187989838,1.0,-0.0016,-0.00210285714286,0.081
0.46505637631,0.547439460435,-0.123905441423,-1.35636677169,0.0795085679865,1.89424290577,0.159160740307,-0.00222201691308,-0.0111986832302,4.42114620293e-05,-0.0149329154067,0.000352589297764,0.00406595547027,-0.000294944729533,0.573794929007,0.818984944336,0.0019460982616,0.0,0.818940866489,-0.573735516578,-0.0120067111358,0.0,-0.00871693778783,0.00848329269008,-0.999926021634,0.0,0.661577063281,0.260879279531,0.30321203521,1.0,-0.00192,-0.00252342857143,0.097
0.46503323859,0.547245741657,-0.123900861354,-1.35659964611,0.0795046677371,1.89436858313,0.159141221928,-0.000314970594364,-0.0113806044005,-0.00407796699217,-0.0113062800371,0.00054276024797,0.0074514187031,-0.0015225442113,0.573806897468,0.818976365367,0.00202590486042,0.0,0.818933272998,-0.573747091363,-0.0119714840981,0.0,-0.00864217190228,0.00852856524787,-0.999926285503,0.0,0.661559056386,0.260849445869,0.303249170101,1.0,-0.00228,-0.00299657142857,0.115
0.465013069395,0.547031753522,-0.123900231462,-1.35687038344,0.0794994826675,1.89450285289,0.159122177058,-6.28457321706e-05,-0.0150192531651,0.000697190075495,-0.0119847401759,-0.00290955772104,0.00686329082497,-0.00267403628837,0.573821322973,0.818966077485,0.00209764888579,0.0,0.81892386924,-0.573761166339,-0.0119401545457,0.0,-0.00857519716071,0.00856949500912,-0.999926512174,0.0,0.661534805968,0.260815434021,0.303283507275,1.0,-0.00262,-0.00344342857143,0.132
0.46497261478,0.546807691165,-0.123902936889,-1.35720749116,0.0794921826082,1.894625689,0.1590709177,-0.00197307627072,-0.0193574853072,0.000124895449443,-0.0222889365054,-0.000415507210058,0.00190390251671,0.000218698426701,0.573831269461,0.818959069418,0.00211274913447,0.0,0.818916950284,-0.573770941703,-0.0119449527462,0.0,-0.00857035833077,0.00858471875836,-0.999926423074,0.0,0.661499465129,0.260757194006,0.303292492771,1.0,-0.00294,-0.003864,0.148
0.464934613419,0.546541170291,-0.12390056066,-1.35761930036,0.079484293724,1.89477709103,0.158966120209,-0.00144331345493,-0.011710109967,0.00174935836687,-0.025075357201,3.25830711995e-06,0.00982940986223,-0.00328808055697,0.573795844223,0.818983849555,0.00212843188694,0.0,0.818941761536,-0.573735282538,-0.0119567422404,0.0,-0.00857138734394,0.00860395641961,-0.999926248907,0.0,0.661452003159,0.260697053635,0.303298292043,1.0,-0.00328,-0.00431085714286,0.165
0.464891009915,0.546254324832,-0.123906125253,-1.35810016147,0.0794681492208,1.89494648164,0.158946704562,-0.00235040731838,-0.0177145038745,-0.00011379939567,-0.0305281870929,-0.000966493367993,0.0140220043386,-0.00216942905177,0.573842134444,0.818951457821,0.00211219562457,0.0,0.818909055389,-0.573781531203,-0.0119774936464,0.0,-0.00859721256606,0.00860305227845,-0.999926034978,0.0,0.66139652463,0.260620560918,0.303287411481,1.0,-0.00362,-0.00475771428571,0.182
0.46484118051,0.545962720563,-0.123908628363,-1.35861350041,0.0794437653253,1.89512063869,0.158871959321,-0.00414757523618,-0.0216889123762,-0.00136744775419,-0.0358295199255,0.000290978424463,0.0153074945351,-0.00676510666873,0.573845664342,0.818949081645,0.00207414800182,0.0,0.81890610262,-0.573785139791,-0.0120064710796,0.0,-0.00864273956276,0.00858855918587,-0.999925767097,0.0,0.661335999297,0.260536917051,0.303264722959,1.0,-0.00394,-0.00517828571429,0.198
0.464780537718,0.545617369374,-0.123908868706,-1.35921339054,0.0793719535288,1.89532153733,0.158788653871,-0.00807427338535,-0.0214433556239,-0.00101839881437,-0.0326084352745,-0.00823428184521,0.0114494501787,-0.00158622957878,0.573841627299,0.818952074532,0.00200830749977,0.0,0.818908521148,-0.573781663071,-0.0120076649049,0.0,-0.0086815392135,0.00853528242436,-0.999925887169,0.0,0.661267244526,0.260432001792,0.303241032249,1.0,-0.00428,-0.00562514285714,0.215
0.464710127086,0.545216971643,-0.123906451274,-1.35990967204,0.0793318687724,1.8955387563,0.158719897975,-0.00462122391946,-0.0273673389821,-0.00109323897546,-0.0372326908899,-0.000475546546134,0.0137583876754,0.000587536118489,0.573869301847,0.818932840277,0.00194278534829,0.0,0.818888333749,-0.573809519584,-0.0120531732444,0.0,-0.00875611925443,0.0085080341775,-0.999925469088,0.0,0.661181124706,0.260317696484,0.303211794946,1.0,-0.00462,-0.006072,0.232
0.464652240579,0.544804656196,-0.123914758356,-1.3605829199,0.0793067822001,1.89576881199,0.15863008558,-0.00624436987183,-0.0220053070413,-0.000986015692109,-0.0343294593841,-0.00521933437495,0.0187084700831,-0.0005059558992,0.573879760392,0.818925558008,0.00192300675838,0.0,0.818880656493,-0.57381993045,-0.0120791034954,0.0,-0.00878859617355,0.00850682983925,-0.999925194414,0.0,0.661101461233,0.260211664981,0.303203414581,1.0,-0.00494,-0.00649257142857,0.248
0.464582530605,0.544357629364,-0.123909981316,-1.36133841192,0.0792792273814,1.89604915333,0.158506498031,-0.00461587558618,-0.0291412709974,0.00178069759554,-0.0439543518449,-0.000752757348932,0.0161118120424,-0.00175201230533,0.573867158881,0.818934421221,0.00190908293351,0.0,0.818889132736,-0.57380719365,-0.0121094881744,0.0,-0.00882160101201,0.0085127287383,-0.999924853579,0.0,0.661013949945,0.260099105061,0.303184351303,1.0,-0.00528,-0.00693942857143,0.265
0.464516401631,0.543812794613,-0.123912946678,-1.36220895787,0.0792380333352,1.89635611396,0.158436683898,-0.00355365149372,-0.0317870491763,-0.000121282277334,-0.0482071645562,-0.00484539081793,0.0144103496643,-0.00900281812693,0.57390366104,0.818908866889,0.00189801926944,0.0,0.818863315829,-0.573843626623,-0.0121288529638,0.0,-0.00884342923971,0.00851517541615,-0.999924639934,0.0,0.660909350341,0.259971663155,0.303182227143,1.0,-0.00564,-0.00741257142857,0.283
0.464445775756,0.543307833211,-0.12391612897,-1.36301339568,0.079192035748,1.89663096297,0.158336292982,-0.00903478387142,-0.0243378733817,0.00216375054543,-0.0520916235856,-0.00185759292378,0.0108186668944,-0.0053843426323,0.573913889503,0.818901744805,0.00187794859366,0.0,0.81885588189,-0.573853895995,-0.0121448609191,0.0,-0.00886795041567,0.00850803742547,-0.999924483526,0.0,0.660813878205,0.259845495858,0.303180502947,1.0,-0.00596,-0.00783314285714,0.299
0.464370521371,0.542741236038,-0.123919890342,-1.36391226214,0.0791332049448,1.89695835853,0.158193992503,-0.00208294644582,-0.0364937486954,-0.00108912644642,-0.0517407456394,0.000204527023479,0.0186432684125,-0.00740212223696,0.573895897824,0.818914371311,0.00187024675434,0.0,0.81886845013,-0.573835981838,-0.0121438968788,0.0,-0.00887176760423,0.00850098233368,-0.99992450967,0.0,0.660710687306,0.259707033044,0.303181932788,1.0,-0.0063,-0.00828,0.316
0.464301542715,0.542137376874,-0.123919314303,-1.36483590257,0.0790885822879,1.89730425506,0.158075587715,-0.00574373163571,-0.0377690430193,-0.00027227212494,-0.0554981152856,-0.00560209131381,0.0228577355756,-0.00782336181015,0.57389444388,0.818915325103,0.00189855105327,0.0,0.818869667731,-0.573834299206,-0.0121413024938,0.0,-0.00885341542137,0.00852265600033,-0.999924487834,0.0,0.660602904975,0.25957634338,0.30319933574,1.0,-0.00664,-0.00872685714286,0.333
0.464220985757,0.541539699429,-0.123916843717,-1.36573884827,0.0790333726832,1.89764546553,0.157957934018,-0.00863476613717,-0.0334511830532,0.000878125508179,-0.0561147994776,-0.00148982138862,0.0256710880532,-0.00569305590429,0.573897726314,0.818912952981,0.00192926772819,0.0,0.818867697884,-0.573837445106,-0.0121254631694,0.0,-0.00882278265212,0.00853875516409,-0.999924621242,0.0,0.660501817036,0.259439456625,0.303221644893,1.0,-0.00696,-0.00914742857143,0.349
0.464140366338,0.540856809946,-0.123920013709,-1.36678520336,0.078971672165,1.89802838594,0.15781645824,-0.00887073401525,-0.0399333983851,-7.64195075808e-05,-0.0619951047409,-0.00616474771917,0.0236231720703,-0.00330620828421,0.573891592938,0.818917211501,0.00194606374988,0.0,0.818872164544,-0.573831227098,-0.0121180791983,0.0,-0.00880716104136,0.00854820578912,-0.999924678209,0.0,0.660379696718,0.259285141151,0.303239652201,1.0,-0.0073,-0.00959428571429,0.366
0.464047632294,0.54014291177,-0.123922519358,-1.36789610812,0.0789019069504,1.89843708481,0.15768518431,-0.00664680643689,-0.0442426782744,-0.00028361403026,-0.0710976589739,-0.00321464040882,0.0209927260687,-0.00656504446061,0.573904634593,0.818908054131,0.0019535030312,0.0,0.818863130053,-0.573844259195,-0.0121114545444,0.0,-0.00879733054975,0.00855063612763,-0.999924743967,0.0,0.660251860042,0.259116407965,0.303250952521,1.0,-0.00764,-0.0100411428571,0.383
0.463946648905,0.539456929351,-0.123922519255,-1.36897373207,0.0788457032953,1.89885249044,0.157551028009,-0.00937460584646,-0.0402159183045,-0.000321529027713,-0.0702109387944,-0.000621279066993,0.0209493949086,-0.00629216484217,0.573922172099,0.81889570607,0.00197733539227,0.0,0.818851027144,-0.573861625117,-0.0121069180205,0.0,-0.00877975531663,0.00856773676021,-0.999924752061,0.0,0.660132918008,0.258949920648,0.303258782121,1.0,-0.00796,-0.0104617142857,0.399
0.46381914646,0.538597734725,-0.123924686715,-1.37031116581,0.0787724230766,1.89936276722,0.157388187398,-0.00868732985378,-0.0473197422488,0.000564488324857,-0.066854547669,0.00018742934276,0.0255074464209,-0.0121457566302,0.573949126648,0.818876742129,0.00200701834077,0.0,0.818832406484,-0.573888402775,-0.012097030715,0.0,-0.00875434109962,0.00858665719152,-0.999924812589,0.0,0.659985421392,0.258739795875,0.303273484291,1.0,-0.00834,-0.0109611428571,0.418
0.463711099419,0.537870969019,-0.123931686873,-1.37146159308,0.0786983940659,1.89980664629,0.157240008326,-0.0076189684621,-0.0406130494903,-6.00485181655e-05,-0.0666162926984,-0.0100054480494,0.034398497599,-0.0104770558211,0.573964946872,0.818865625231,0.00201853376526,0.0,0.818821532084,-0.573904261328,-0.0120807420046,0.0,-0.00873422738625,0.00858690667763,-0.999924986339,0.0,0.659860320902,0.258555557544,0.303277900202,1.0,-0.00866,-0.0113817142857,0.434
0.463593429201,0.537097661121,-0.123934899428,-1.37268666991,0.0786265822742,1.90025801712,0.157085927236,-0.0101602732767,-0.047885330487,6.01288704846e-05,-0.0765747695321,-0.0109288868233,0.0247391167354,-0.00941339793648,0.573985631209,0.818851128205,0.00201789581924,0.0,0.818807006522,-0.57392492595,-0.012083556792,0.0,-0.00873668161146,0.00858822055762,-0.999924953615,0.0,0.659721885009,0.258359800604,0.303280061854,1.0,-0.00898,-0.0118022857143,0.45
0.463478377964,0.536255166224,-0.123942751446,-1.37399349965,0.0785593253678,1.9007463195,0.156926081096,-0.0103622816144,-0.0512965796201,-0.00133409114738,-0.0783605605991,-0.003834719096,0.0282847471572,-0.0154243988307,0.574008358386,0.818835136434,0.00204223999531,0.0,0.818791261834,-0.573947474992,-0.0120794203731,0.0,-0.00871908320997,0.00860602221393,-0.999924954169,0.0,0.659573533758,0.258157539114,0.303295376814,1.0,-0.00932,-0.0122491428571,0.467
0.463363310517,0.535374814874,-0.123945427784,-1.37541023276,0.0784800059099,1.90126164022,0.156760657787,-0.00695176252005,-0.0453420308267,0.000476376846833,-0.0845023346026,0.000534783075982,0.0340824609946,-0.00995357863058,0.574025524558,0.818823142772,0.00202605949453,0.0,0.818778979484,-0.573964632951,-0.0120966845408,0.0,-0.00874232707561,0.0086028662461,-0.999924778376,0.0,0.659405212741,0.257945622454,0.303287108987,1.0,-0.00966,-0.012696,0.484
0.463247105796,0.534526046201,-0.123947677513,-1.37678869991,0.0783965407665,1.90176415761,0.156588715753,-0.00534358241916,-0.0552953219458,-0.000144112178612,-0.0892617670087,-0.00670283117113,0.0351569269679,-0.009137166326,0.574034643538,0.818816811264,0.00200112740426,0.0,0.818772300863,-0.573973838708,-0.0121119247097,0.0,-0.00876902162195,0.0085912974815,-0.999924644094,0.0,0.659242479381,0.25773581239,0.303273471805,1.0,-0.00998,-0.0131165714286,0.5
0.463118113137,0.533549623757,-0.12394808975,-1.37836591438,0.0783130202984,1.90234712749,0.156391821998,-0.00605273845427,-0.0551010835654,0.000332302393138,-0.0888033575844,-0.00551434007078,0.0310324833183,-0.0147433480933,0.574043305955,0.818810763345,0.00199088416137,0.0,0.818765986192,-0.573982415044,-0.0121323524225,0.0,-0.00879153751353,0.00859472940255,-0.999924416891,0.0,0.659055436823,0.257502185449,0.303262039628,1.0,-0.01034,-0.0135897142857,0.518
0.46299927256,0.53265774411,-0.123943078449,-1.37979796527,0.0782369182386,1.90289365446,0.156213200184,-0.00582573420867,-0.0586664202453,0.000988158929895,-0.0918964135234,-0.00324867207891,0.0330862516864,-0.0104015557565,0.574048800176,0.818806885946,0.0020013609136,0.0,0.818762127722,-0.573987746809,-0.0121404951404,0.0,-0.00879213365426,0.00860804092033,-0.999924297143,0.0,0.658888043981,0.257293265529,0.303256547027,1.0,-0.01066,-0.0140102857143,0.534
0.462878497624,0.531729660987,-0.123945584103,-1.38127278823,0.0781465465327,1.90342235128,0.156033768392,-0.0117684931381,-0.0565630382343,0.00120546758637,-0.0880896992349,-0.00270031648463,0.0382588656175,-0.0122485858683,0.574058572533,0.818800075844,0.00198443979005,0.0,0.818755072443,-0.573997569505,-0.0121518909211,0.0,-0.008811075232,0.00860083289247,-0.99992419244,0.0,0.658710707229,0.257070627317,0.30325470317,1.0,-0.01098,-0.0144308571429,0.55
0.462734679771,0.530661174646,-0.123948089756,-1.38300595769,0.0780409727683,1.90403427612,0.155805768314,-0.00979969638239,-0.0610377155819,-9.32841580162e-05,-0.0947682596462,-0.00428457707724,0.0364125218815,-0.00629128532596,0.574057203832,0.818801146247,0.00193817830111,0.0,0.818755478331,-0.573996350125,-0.0121821035644,0.0,-0.00886238371989,0.00858028360806,-0.99992391555,0.0,0.658499706096,0.256807205366,0.303235857807,1.0,-0.01134,-0.014904,0.568
0.462599427484,0.529676411789,-0.12395181866,-1.38455346608,0.077948070259,1.90460137262,0.155594711733,-0.0114732057541,-0.0648484656816,-0.000780564765503,-0.0955495425158,-0.00501724306662,0.0335826461033,-0.0135343008237,0.574056795721,0.8188014253,0.00194116287649,0.0,0.818755777828,-0.573995910612,-0.0121826833856,0.0,-0.00886114957178,0.00858305575888,-0.999923902696,0.0,0.658317845336,0.256568681966,0.303242294111,1.0,-0.01166,-0.0153245714286,0.584
0.462466641426,0.528575237613,-0.123951278604,-1.3862355171,0.0778428271662,1.90524865579,0.155358480133,-0.00641446427293,-0.0637663821477,-0.00108884649601,-0.0988245565828,-0.0124831745235,0.0441661384322,-0.0138561836927,0.574034677563,0.818816801645,0.00199529456019,0.0,0.81877191277,-0.573973602629,-0.0121492898941,0.0,-0.00880296577066,0.00860797058066,-0.999924202445,0.0,0.65812222924,0.256323287105,0.303273227048,1.0,-0.012,-0.0157714285714,0.601
0.462347455259,0.527581043916,-0.123957228272,-1.38776801414,0.0777397506772,1.90584336822,0.155151417184,-0.00881224080002,-0.0681473060251,-0.000537855763477,-0.10596135836,-0.00889148869321,0.0429210439216,-0.0170152362938,0.57402219349,0.818825455648,0.00203505918815,0.0,0.818781235778,-0.573961091587,-0.0121119850669,0.0,-0.00874972535742,0.00861898245467,-0.999924574879,0.0,0.657945737784,0.256096224338,0.303295419581,1.0,-0.0123,-0.0161657142857,0.616
0.462197540096,0.52641568648,-0.123957589294,-1.38955446868,0.0776286693529,1.90652446625,0.154913306164,-0.0099633942294,-0.0658633296732,0.000756016217673,-0.105775090655,-0.0082142124558,0.0326665512307,-0.0157439904154,0.574016824302,0.818829097006,0.00208379829544,0.0,0.818785554327,-0.573955551697,-0.0120825329745,0.0,-0.00869768942227,0.00864192753388,-0.999924830818,0.0,0.657738037717,0.255828889376,0.303324261683,1.0,-0.01264,-0.0166125714286,0.633
0.462026746051,0.525085531881,-0.123966085258,-1.39161476947,0.0775017248351,1.90726078293,0.154628966587,-0.009908888496,-0.0731714282736,-0.000262810024618,-0.110541783833,-0.00598858620781,0.037487377976,-0.0175830140161,0.574006375713,0.818836413473,0.00208698626841,0.0,0.81879290588,-0.573945084202,-0.0120815769583,0.0,-0.00869518704537,0.00864387817542,-0.999924835721,0.0,0.657488848822,0.255513995,0.303343411969,1.0,-0.01302,-0.017112,0.652
0.461894629229,0.524056031126,-0.123966824945,-1.3932775196,0.077400606929,1.90785686862,0.154394207301,-0.00805942967711,-0.0703072249738,-0.000361258101864,-0.111976908402,-0.00620753262221,0.0385123211438,-0.0185004444837,0.573984839577,0.818851591592,0.00205469803787,0.0,0.818807603687,-0.573923632519,-0.0121045066638,0.0,-0.00873272291742,0.00863037185365,-0.999924625275,0.0,0.657283479048,0.255266975136,0.303327652332,1.0,-0.01332,-0.0175062857143,0.667
0.461715233733,0.522691795997,-0.123965019278,-1.39543260173,0.0772654019393,1.90867852089,0.154103556621,-0.00955266738144,-0.0763744497795,-0.000838172187197,-0.114983152075,-0.00316281810995,0.0386766448682,-0.0170931824921,0.573971646603,0.81886078297,0.00207699580502,0.0,0.818817120035,-0.57391037792,-0.0120892082083,0.0,-0.00870753669857,0.00863970880597,-0.999924764288,0.0,0.657028872599,0.254946130013,0.30333202725,1.0,-0.0137,-0.0180057142857,0.686
0.461562308444,0.521532973451,-0.123970039881,-1.39729631832,0.0771623630465,1.90940123515,0.153856377905,-0.00825599160542,-0.0720832614846,3.8507596411e-05,-0.121104482201,-0.0115445757676,0.0421940624264,-0.0159329452759,0.573970203191,0.818861752031,0.0020937552719,0.0,0.818818256383,-0.573908811098,-0.0120866231335,0.0,-0.00869581621782,0.00865193315338,-0.999924760586,0.0,0.656810087792,0.254669087082,0.303322056727,1.0,-0.01402,-0.0184262857143,0.702
0.461382255432,0.520254696355,-0.123975745737,-1.3993216379,0.077033710166,1.91014109191,0.153583104841,-0.00954280000221,-0.0738809175292,-0.00113107348139,-0.120453548679,-0.00927387142998,0.035305462926,-0.0166577594055,0.573965930003,0.818864768983,0.00208523760137,0.0,0.818821183193,-0.573904596176,-0.0120884797999,0.0,-0.00870227032079,0.00864597873253,-0.999924755941,0.0,0.656551956477,0.254336730646,0.303322571379,1.0,-0.01438,-0.0188994285714,0.72
0.46123390299,0.519089275784,-0.123981099584,-1.40115463925,0.0769123771115,1.91079682857,0.153334109928,-0.00787587765067,-0.0765078170322,-0.00106684916532,-0.126267247569,-0.00175613323064,0.0429308864475,-0.013334356838,0.573956990649,0.818871082626,0.00206635543091,0.0,0.818827307467,-0.573895796373,-0.0120914164879,0.0,-0.00871560641674,0.00863210746865,-0.999924759632,0.0,0.656341466019,0.254075500543,0.303322985101,1.0,-0.01466,-0.0192674285714,0.734
0.461059946582,0.517723792772,-0.123974343327,-1.40328559452,0.0767727995939,1.9115529681,0.153044981295,-0.0116153562359,-0.084314629138,0.00142132265528,-0.12572238788,-0.0131124883635,0.0397383978713,-0.0196189659438,0.57393288975,0.818888001754,0.00205561373054,0.0,0.818844058845,-0.573871717985,-0.0120998137457,0.0,-0.00872890177516,0.00862787427236,-0.999924680193,0.0,0.656074301181,0.253759105016,0.303332320246,1.0,-0.015,-0.0197142857143,0.751
0.460879660979,0.516470242983,-0.123982592589,-1.40528998978,0.0766420250376,1.91230614199,0.15275799871,-0.0123036338308,-0.0772973465766,-0.000328325323859,-0.124068899829,-0.00831300899537,0.0565927294039,-0.0159677164207,0.573922128822,0.818895559426,0.00204931737098,0.0,0.818851631326,-0.573861081655,-0.0120918045677,0.0,-0.00872606958663,0.00861800701445,-0.999924790004,0.0,0.655837366668,0.253444587279,0.303323237516,1.0,-0.01532,-0.0201348571429,0.767
0.460678589283,0.514935834453,-0.12398603005,-1.40776085921,0.0764967922306,1.91322736699,0.152434718686,-0.00691751070026,-0.0784393896418,0.00266831345358,-0.129245512684,-0.0123613416393,0.0440568353642,-0.026774949025,0.573915734661,0.818900073199,0.00203630166667,0.0,0.818855902218,-0.573854673071,-0.0121067129405,0.0,-0.00874581527001,0.00861583657158,-0.999924636198,0.0,0.655534836156,0.253076681028,0.303303133044,1.0,-0.0157,-0.0206342857143,0.786
0.460486756049,0.513516649438,-0.123983931268,-1.41002057963,0.0763634871937,1.9139989661,0.152122329749,-0.0123460389291,-0.077140828696,0.00168823954997,-0.130604388982,-0.00803001149296,0.0398759238032,-0.018300673593,0.573897906869,0.818912699435,0.00198244729275,0.0,0.818867624421,-0.573836888767,-0.0121567128211,0.0,-0.008817854897,0.00860023952886,-0.99992413778,0.0,0.655244321887,0.252733537059,0.303289080441,1.0,-0.01604,-0.0210811428571,0.803
0.460286309448,0.512093138519,-0.123995288469,-1.41231352659,0.0762205694804,1.91482515799,0.151790182785,-0.0111797091097,-0.0828684382164,0.00443827726992,-0.133684508149,-0.00688511627853,0.0530262664579,-0.026767829152,0.573879570801,0.818925648412,0.00194100292733,0.0,0.818880025252,-0.573818734617,-0.012178298177,0.0,-0.00885950746046,0.00857849021956,-0.999923956425,0.0,0.654961772978,0.252375196828,0.303266966766,1.0,-0.01638,-0.021528,0.82
0.460111143075,0.510823209094,-0.123997291861,-1.41435364024,0.076100846761,1.91560222911,0.151503181593,-0.0119264792497,-0.084532673371,-0.000682384494667,-0.139738525175,-0.0100840875921,0.0588017506308,-0.0271345031868,0.573863921694,0.818936600634,0.00194690052067,0.0,0.818891008977,-0.573803016753,-0.0121803236431,0.0,-0.00885794598971,0.00858431289968,-0.999923920288,0.0,0.654715063039,0.252067269063,0.303252672876,1.0,-0.01668,-0.0219222857143,0.835
0.459891105396,0.509143074444,-0.123995651626,-1.41700456518,0.0759345956555,1.91657495047,0.151147280764,-0.0135016623143,-0.0864751629348,0.00169144445947,-0.141188260327,-0.0108230131805,0.0500500040194,-0.0201108084301,0.573844520945,0.818950197312,0.00194602286213,0.0,0.818904560299,-0.573783589611,-0.0121844292404,0.0,-0.0088620153685,0.00858574025877,-0.999923871976,0.0,0.654384514391,0.251670898122,0.303251126257,1.0,-0.01706,-0.0224217142857,0.854
0.459690801242,0.50771875477,-0.123999223049,-1.41923753652,0.0757961486718,1.91737167615,0.150816313304,-0.0124200017005,-0.088891141897,0.0012466462826,-0.140447837828,5.12517881164e-05,0.0462195250399,-0.0197754926839,0.573818307579,0.818968590235,0.00193519932565,0.0,0.818922754483,-0.573757373186,-0.0121961389909,0.0,-0.00887809080477,0.00858331185235,-0.999923750224,0.0,0.654105647714,0.25132328607,0.303253858192,1.0,-0.01738,-0.0228422857143,0.87
0.459470656379,0.506154003358,-0.124005195849,-1.42167292314,0.0756352538128,1.91828396093,0.150496059687,-0.0133921408677,-0.0952625402926,0.000315096624806,-0.146369856204,-0.00399756949492,0.0565891523994,-0.0245270455962,0.573822994118,0.81896524316,0.00196184038893,0.0,0.818919871138,-0.573762050827,-0.0121696584637,0.0,-0.00884106795588,0.00858998531935,-0.999924020948,0.0,0.653810908834,0.250943389815,0.30326801379,1.0,-0.01772,-0.0232891428571,0.887
0.459257700061,0.504612505182,-0.124010642394,-1.42400251518,0.0754862130523,1.9191920655,0.150164216685,-0.0117119793653,-0.0995180239082,-0.00024534966636,-0.143891195747,-0.00792235377928,0.0597546658023,-0.0231821428084,0.57380948532,0.818974471632,0.00205822113842,0.0,0.818930490157,-0.57374824617,-0.0121057510336,0.0,-0.00873356843631,0.00863210101043,-0.999924602965,0.0,0.653536565972,0.250582399854,0.303315275255,1.0,-0.01804,-0.0237097142857,0.903
0.459019397324,0.502843980501,-0.124014791367,-1.42662498925,0.0753234852194,1.92017897369,0.149814868565,-0.0169933988566,-0.100869489432,-0.000135779678303,-0.142623244174,-0.0102275012443,0.0601375317553,-0.0164478230036,0.573812159699,0.818972308182,0.00217041765983,0.0,0.818929836881,-0.573750484322,-0.0120437081808,0.0,-0.00861835123433,0.008688413261,-0.999925114945,0.0,0.653219324822,0.250177108668,0.303387840244,1.0,-0.0184,-0.0241828571429,0.921
0.458821878392,0.501437655192,-0.124022619765,-1.4287221456,0.0751878229334,1.92093239086,0.149508326875,-0.0140065538954,-0.098386783036,-0.000853072262276,-0.153427734686,-0.0082711168073,0.0590367969231,-0.025575675778,0.573798796087,0.818981536591,0.00222063807124,0.0,0.818939763977,-0.573736956012,-0.0120131255324,0.0,-0.00856463077611,0.00871185351588,-0.999925372569,0.0,0.652960435445,0.249842547801,0.303436842876,1.0,-0.01868,-0.0245508571429,0.935
0.458583721776,0.499721152423,-0.124021177013,-1.4313249392,0.07502245394,1.92185457295,0.14914836312,-0.0128844529348,-0.098668805702,-7.79329449884e-05,-0.155188096125,-0.00950084057976,0.0508251732199,-0.0181954346559,0.573785630314,0.818990676947,0.00225131509332,0.0,0.818949249906,-0.573723609128,-0.0120038872312,0.0,-0.00853960352266,0.00873153891732,-0.999925414918,0.0,0.65263028684,0.249437766721,0.303475457255,1.0,-0.01902,-0.0249977142857,0.952
0.458329110603,0.498032669635,-0.124019070928,-1.43396751791,0.0748546603265,1.92284034089,0.148753869212,-0.015199934829,-0.101525007182,0.00152534274102,-0.158319759123,-0.0101570730681,0.06110415488,-0.0216190199532,0.573758484586,0.819009628296,0.00227530758891,0.0,0.818968513357,-0.57369636725,-0.0119916318256,0.0,-0.00851609018717,0.00874387412418,-0.999925507662,0.0,0.652305399289,0.249021515016,0.303480527505,1.0,-0.01936,-0.0254445714286,0.969
0.4580656745,0.496360141771,-0.124026876038,-1.43664668204,0.0746967026676,1.92379189249,0.148367036629,-0.0192456679109,-0.103856713854,0.00493628293824,-0.157393761969,-0.00631417604141,0.0561931234847,-0.0200104507423,0.573755922981,0.81901154458,0.00223105133406,0.0,0.818969699234,-0.573693832713,-0.0120318305078,0.0,-0.00857443278188,0.00873066555054,-0.999925124488,0.0,0.651967045071,0.248588608277,0.303453853202,1.0,-0.0197,-0.0258914285714,0.986
0.457801820428,0.49466758704,-0.124021861898,-1.43938202778,0.0745216863315,1.92473776141,0.147986595021,-0.0116640959385,-0.106109956699,0.000834079337407,-0.163122737941,-0.00638937615834,0.0596769712361,-0.021805533611,0.573747008611,0.8190180131,0.00214737735194,0.0,0.818974930489,-0.573685127453,-0.012090685309,0.0,-0.00867073754753,0.00869581016693,-0.999924597755,0.0,0.651611298089,0.248153642423,0.303412865732,1.0,-0.0205845714286,-0.0270540081633,1.003
0.457520490307,0.492759266401,-0.124081957172,-1.44240576825,0.0743338866506,1.92585144416,0.14755371887,-0.0167782348783,-0.121730706,-0.00597031484395,-0.19455134731,-0.0186652132727,0.0771721520496,-0.034515914096,0.573767305469,0.819003837522,0.00213077472833,0.0,0.818960751896,-0.573705707065,-0.0120745781213,0.0,-0.00866685505947,0.00867318601265,-0.999924827908,0.0,0.651243015493,0.247647113279,0.303400646592,1.0,-0.0257234285714,-0.0338079346939,1.02
0.457211288795,0.490578525599,-0.124091386581,-1.44587248788,0.0741455068499,1.92712556569,0.147046819971,-0.019054386641,-0.139529361902,0.00137375305377,-0.236146016662,-0.00778849466392,0.0815790946819,-0.0331870894691,0.573735124967,0.819026377773,0.00213208630118,0.0,0.818983023669,-0.573673239341,-0.0121065398875,0.0,-0.00869262201637,0.00869225701382,-0.99992443864,0.0,0.650800015028,0.247114104033,0.303378624799,1.0,-0.03056,-0.0401645714286,1.036
0.456781848576,0.487828142014,-0.124110971686,-1.45026634816,0.0738860168313,1.92871833808,0.146407895994,-0.0259297831477,-0.168669548658,-0.00114395630644,-0.271940184465,-0.014159945961,0.108292121383,-0.0432641670365,0.573726154752,0.819032767046,0.0020911146561,0.0,0.818988689931,-0.573664261994,-0.0121485462677,0.0,-0.008750628196,0.00868270515768,-0.999924015682,0.0,0.650242820697,0.246405047191,0.303338032491,1.0,-0.0356988571429,-0.0469184979592,1.053
0.456278019846,0.484589741219,-0.124166387805,-1.45524296019,0.0735775719179,1.93060800511,0.145653148646,-0.026887890116,-0.198889382048,-0.00195225019134,-0.306687256977,-0.0174223483669,0.112966082595,-0.0459946946558,0.573723353685,0.819034426191,0.00220659275954,0.0,0.818992107425,-0.573661213791,-0.012061785481,0.0,-0.00861334670307,0.00872747810293,-0.999924817866,0.0,0.649640552429,0.245576498905,0.303383601154,1.0,-0.0408377142857,-0.0536724244898,1.07
0.455695843575,0.480922861677,-0.124228965359,-1.4609765349,0.0732391061094,1.93259079985,0.14478580907,-0.0423898768059,-0.231309414087,-0.00134438484445,-0.353539982991,-0.0225577983928,0.130010976698,-0.0521838439883,0.573724071001,0.819034106136,0.00213781222218,0.0,0.818990656701,-0.573661991825,-0.0121231296838,0.0,-0.0087030426272,0.00870634717539,-0.999924225413,0.0,0.648899829314,0.244611302681,0.303371935642,1.0,-0.0459765714286,-0.0604263510204,1.087
0.45507473376,0.477072901183,-0.124296312207,-1.46693394277,0.0728736927808,1.93472072268,0.143911329615,-0.0391201032925,-0.245374100825,-0.00195288004906,-0.380137615571,-0.0222908060911,0.144233097509,-0.0551906986258,0.573755669043,0.819011940713,0.00214944463457,0.0,0.818968655697,-0.573693547831,-0.0121161488855,0.0,-0.00869031540988,0.00871220462981,-0.999924285088,0.0,0.648144238924,0.243600227013,0.303390125196,1.0,-0.0508131428571,-0.0667829877551,1.103
0.454277527746,0.472289780088,-0.124339649564,-1.47429692054,0.0724377137583,1.93739303064,0.142844903408,-0.0504138563411,-0.276815428698,-0.00121894731586,-0.427683605332,-0.0260526728939,0.149378606645,-0.0696160205753,0.573803169775,0.81897843136,0.00223567088341,0.0,0.818936033495,-0.573740430285,-0.0121011817754,0.0,-0.0086280782106,0.00877473684706,-0.999924277263,0.0,0.647207825635,0.24236143724,0.303427168614,1.0,-0.0562542857143,-0.0739342040816,1.121
0.453508594717,0.467620077991,-0.124385928347,-1.48131268599,0.0719957524134,1.94001509202,0.141718997463,-0.0493610104213,-0.30172085214,-0.00290944517084,-0.449796566227,-0.0325138845354,0.166151139055,-0.0756433143702,0.573758593079,0.819009010011,0.00246278113457,0.0,0.81896975886,-0.573695111688,-0.0119666118208,0.0,-0.00838803889825,0.00888306066059,-0.999925363233,0.0,0.646329504394,0.241175554621,0.303541155979,1.0,-0.0610908571429,-0.0802908408163,1.137
0.452605484988,0.462308981194,-0.124416201178,-1.4895086827,0.0714640609845,1.94287677008,0.140452423695,-0.0594110638586,-0.319423782124,-0.000730057624445,-0.502665524746,-0.0395666192535,0.174262931178,-0.0745213621758,0.573722775909,0.81903417528,0.0024378324369,0.0,0.818994417786,-0.573659208219,-0.0120001401086,0.0,-0.00843020213907,0.00888149584804,-0.999925022551,0.0,0.645244761073,0.23978544731,0.303550748549,1.0,-0.0662297142857,-0.0870447673469,1.154
0.451666838054,0.456945672647,-0.124463894828,-1.49780820041,0.0709205210026,1.94570210354,0.1392243907,-0.0637739689614,-0.342979081325,-0.00543052247929,-0.534461108156,-0.0392871332939,0.193238233205,-0.0756953430586,0.573750290069,0.81901521384,0.00233046054504,0.0,0.818973887437,-0.57368698598,-0.0120731402315,0.0,-0.00855129528128,0.008835724157,-0.999924399806,0.0,0.644058418368,0.238255047407,0.30353650647,1.0,-0.0713685714286,-0.0937986938775,1.171
0.450537884069,0.450437128926,-0.124512181917,-1.50755774864,0.0702409882065,1.94932655589,0.137634582244,-0.0641733831724,-0.378083410829,-0.00185732929534,-0.546446618452,-0.0432153896644,0.214344776975,-0.0897765373834,0.573673595889,0.819068049549,0.00262344975531,0.0,0.819031132641,-0.573609761206,-0.0118571714135,0.0,-0.00820715188826,0.00895100552097,-0.99992625836,0.0,0.64287600819,0.236666671696,0.303681939048,1.0,-0.0765074285714,-0.100552620408,1.188
0.449299493512,0.443584741738,-0.1245521167,-1.51799953022,0.0695659985706,1.95301623938,0.136074006259,-0.0683188742248,-0.395202575113,-0.00242310540522,-0.60060790543,-0.0363037350307,0.198615258357,-0.0929511910288,0.573723915887,0.819032532099,0.00270676999403,0.0,0.81899648876,-0.573659530893,-0.0118423357798,0.0,-0.00814665070298,0.00901123987213,-0.999926212097,0.0,0.641475225618,0.234851302358,0.303727779456,1.0,-0.0819485714286,-0.107703836735,1.206
0.448048310193,0.436768211257,-0.124581995775,-1.52861233181,0.0688252371606,1.95657968532,0.13435981638,-0.0783537261285,-0.398855209132,-0.00137895346275,-0.631005775742,-0.0371233831682,0.217665354142,-0.10365284674,0.573629817273,0.81909913013,0.00248890668227,0.0,0.819059992656,-0.573566007568,-0.0119795781944,0.0,-0.00838507124799,0.0089105786958,-0.999925143282,0.0,0.639988743327,0.232998968927,0.303645864061,1.0,-0.0870874285714,-0.114457763265,1.223
0.446682548713,0.429501928391,-0.124602586447,-1.53950064285,0.0680874111379,1.96052908311,0.132582702583,-0.0830339258154,-0.423041046031,-0.00228740729304,-0.651755436183,-0.0528251338948,0.226234252307,-0.0994057844243,0.573577149536,0.819135166266,0.00275314685651,0.0,0.81909960818,-0.573512480694,-0.0118327202745,0.0,-0.00811378942165,0.00904225356915,-0.999926199313,0.0,0.638524847247,0.231081617466,0.303759935509,1.0,-0.0922262857143,-0.121211689796,1.24
0.445187521613,0.421952423209,-0.124682523552,-1.55110063129,0.0672461286219,1.9644273881,0.130655625261,-0.0898224247096,-0.453514753678,-0.00430180038662,-0.697129700255,-0.0469404979826,0.237784390388,-0.114568532644,0.573540213679,0.81916158578,0.00258197164716,0.0,0.81912392751,-0.573476335915,-0.011900858291,0.0,-0.00826818549836,0.00894074770064,-0.99992584732,0.0,0.636898853311,0.228953848612,0.303712904522,1.0,-0.0973651428571,-0.127965616327,1.257
0.443677249046,0.414460660109,-0.12480363064,-1.56233260837,0.0664257903115,1.96839397522,0.128870095575,-0.0932924077883,-0.47231544692,-0.00785485758367,-0.704964589548,-0.0521277546905,0.257713060355,-0.115988878651,0.573643446977,0.819088862392,0.00271627452105,0.0,0.819053678296,-0.573579853468,-0.0117460915237,0.0,-0.00806324764442,0.0089630156337,-0.999927321553,0.0,0.635368484991,0.22684654879,0.303794123606,1.0,-0.102201714286,-0.134322253061,1.273
0.441944651893,0.406248033257,-0.124852023854,-1.57486146025,0.0655983336721,1.97261421988,0.12674918909,-0.102387485606,-0.492292239789,-0.00423646664741,-0.737074363979,-0.0522449840192,0.247861391068,-0.125609064381,0.57364300747,0.819089389222,0.00264940466081,0.0,0.819052606759,-0.573578856479,-0.0118688526225,0.0,-0.00820216666672,0.00897865897437,-0.999926051338,0.0,0.633577498068,0.224522283553,0.303752099327,1.0,-0.107340571429,-0.141076179592,1.29
0.440304206749,0.398661002955,-0.124962193773,-1.5861936313,0.0648163013469,1.97648351325,0.124830845669,-0.106978278542,-0.518884031787,-0.0079382767959,-0.741728196705,-0.0467356422464,0.272099545126,-0.135526138567,0.573731467214,0.819027134763,0.00273915142542,0.0,0.818991509078,-0.573666957227,-0.0118269668717,0.0,-0.00811540237287,0.00902901865205,-0.999926305818,0.0,0.631979563284,0.222340699398,0.303812008209,1.0,-0.111874857143,-0.147035526531,1.305
0.438350847213,0.389819041682,-0.125031189772,-1.59945140157,0.0637990737956,1.98104469188,0.122572019102,-0.115592314208,-0.524728995385,-0.00411563514218,-0.787470607146,-0.0586467096691,0.261863179801,-0.128379698043,0.573759926689,0.81900699513,0.00279917035697,0.0,0.818972729795,-0.573695846505,-0.0117256324495,0.0,-0.00799765657068,0.00902031587205,-0.999927333055,0.0,0.630085839726,0.219796702195,0.303842461278,1.0,-0.117013714286,-0.153789453061,1.322
0.436287526493,0.380602565566,-0.125095581026,-1.61323364299,0.0627640717836,1.98557676229,0.120087875201,-0.124854266954,-0.558919354807,-0.00229433543219,-0.783487447903,-0.0566230568646,0.275005461333,-0.139851042042,0.573690441872,0.819055878811,0.00273700404453,0.0,0.819020756069,-0.573626536276,-0.0117620112351,0.0,-0.00806388155362,0.00898958962215,-0.999927077888,0.0,0.628045825712,0.217136730851,0.303851535663,1.0,-0.122152571429,-0.160543379592,1.339
0.434084572014,0.371139797096,-0.125157478569,-1.62739620433,0.0617188783754,1.99033037749,0.117566033053,-0.132800191158,-0.56671277597,-0.00149319210264,-0.842286981716,-0.0646859156221,0.276323034515,-0.150202038706,0.57369973769,0.81904930127,0.00275680326036,0.0,0.819014327725,-0.573635638957,-0.0117656959359,0.0,-0.00805543952771,0.00900801147328,-0.999926980146,0.0,0.625948524296,0.214373596112,0.303841804308,1.0,-0.127291428571,-0.167297306122,1.356
0.431595402381,0.360711111783,-0.125288582084,-1.64275666373,0.060499277695,1.99537860878,0.114838233548,-0.141939326346,-0.590002271623,-0.004065019077,-0.846303277168,-0.083578533837,0.276612375327,-0.158715397064,0.573798021346,0.818980365365,0.00278186037677,0.0,0.818946312512,-0.573734489601,-0.0116798787419,0.0,-0.00796969555739,0.00898025850694,-0.999927916857,0.0,0.62365255743,0.211272696659,0.303906361331,1.0,-0.132732571429,-0.174448522449,1.374
0.429247359058,0.35130105226,-0.125372924129,-1.65697799987,0.0594563984801,1.99986675691,0.11218734207,-0.153464441864,-0.593637014343,-0.0077930859064,-0.907951400315,-0.0675531546687,0.276339471642,-0.167407312092,0.573805601752,0.818975934618,0.0025093457622,0.0,0.818937484102,-0.573742136572,-0.0119207699134,0.0,-0.00832326653088,0.00889537312226,-0.999925795032,0.0,0.621441273712,0.208408994913,0.303764746848,1.0,-0.137569142857,-0.180805159184,1.39
0.426762868633,0.341425838297,-0.125470957499,-1.67119843488,0.0583765036596,2.00457348481,0.10950536321,-0.157703237416,-0.612888890462,-0.00957148496646,-0.891851089153,-0.0738872115372,0.298908078237,-0.155890514691,0.573881303377,0.818921976851,0.00279148112214,0.0,0.81888732375,-0.573816910413,-0.0117665299675,0.0,-0.00803422559241,0.00903867408186,-0.999926874121,0.0,0.619281630132,0.205479169262,0.303922287612,1.0,-0.142405714286,-0.187161795918,1.406
