position_joint1,position_joint2,position_joint3,position_joint4,position_joint5,position_joint6,position_joint7,velocity_joint1,velocity_joint2,velocity_joint3,velocity_joint4,velocity_joint5,velocity_joint6,velocity_joint7,ee_T_00,ee_T_10,ee_T_20,ee_T_30,ee_T_01,ee_T_11,ee_T_21,ee_T_31,ee_T_02,ee_T_12,ee_T_22,ee_T_32,ee_T_03,ee_T_13,ee_T_23,ee_T_33,v_x,v_y,time
0.465077336682,0.5477319083,-0.124000925745,-1.35582980085,0.0795154125152,1.89411084302,0.159158073455,-0.000403119464759,5.01035032402e-05,0.00101331411396,0.00109507870238,-0.000139945835755,0.000355349891203,0.000417145539014,0.573814407415,0.818971157429,0.00200400698627,0.0,0.818928653515,-0.573755552824,-0.0118816226776,0.0,-0.00858106135215,0.00845914788358,-0.999927401466,0.0,0.661682209431,0.260889950027,0.303252144753,1.0,0.0,0.0,0.0
0.465073777879,0.547733806228,-0.124005937052,-1.35583019527,0.0795157692547,1.89410900459,0.159159701059,-0.00214213126863,8.12762475877e-05,-0.000421998729852,0.00118157253778,0.000248840719363,0.000139833004344,0.00131055482012,0.573822262882,0.818965664529,0.00199946124536,0.0,0.818923121177,-0.573763445362,-0.0118818040818,0.0,-0.00858373706622,0.00845561154581,-0.999927408411,0.0,0.661683760972,0.260884555409,0.303250619396,1.0,-0.00016,-0.000210285714286,0.009
0.465075863138,0.547729546334,-0.124008181654,-1.3558356398,0.0795150615411,1.8941093156,0.159161345044,-5.59143690538e-05,-1.74143817675e-05,-0.000498809723645,0.000346658017677,-0.00014151382499,0.000165139049154,0.000425352577756,0.57382357412,0.818964749315,0.00199801528769,0.0,0.818922199871,-0.573764774893,-0.0118811006402,0.0,-0.00858397708378,0.00845403747504,-0.99992741966,0.0,0.661682698621,0.260883952069,0.303251145803,1.0,-0.0005,-0.000657142857143,0.026
0.465075552284,0.547717547716,-0.124009139825,-1.35584559675,0.0795154143684,1.89410879327,0.159161226938,0.000538954461689,-0.0050539526739,-0.00105048846381,0.00055452123232,-8.09833883343e-06,-0.00011469560934,-0.00370587797398,0.573825013689,0.818963736014,0.00199991477829,0.0,0.818921202235,-0.573766197592,-0.0118811587064,0.0,-0.00858291987234,0.00845564146926,-0.999927415173,0.0,0.661680910744,0.260882189566,0.303254893621,1.0,-0.00082,-0.00107771428571,0.042
0.46507306727,0.54763965172,-0.124009140802,-1.3559256357,0.0795163795882,1.8941222771,0.159159549646,-0.00122046464503,-0.00859375327583,-0.000979862276719,-0.00219769812194,-1.75757779834e-05,0.000526196241705,0.00134486001417,0.573823157555,0.818965010363,0.00201061080172,0.0,0.818922510611,-0.573764194197,-0.0118877236609,0.0,-0.0085821784782,0.00846814861096,-0.999927315694,0.0,0.661663020703,0.260877751041,0.303271531032,1.0,-0.00118,-0.00155085714286,0.06
0.46507755931,0.547519685729,-0.123998921543,-1.35607749931,0.0795161184955,1.89414812254,0.159154902891,-5.1026246717e-05,-0.0125912402554,0.00099573443026,-0.00486365414678,6.76446487988e-05,0.000807870070956,-0.000185068758434,0.573823821848,0.81896452675,0.00201799571644,0.0,0.818921982647,-0.573764689445,-0.0119001842064,0.0,-0.00858813938957,0.00848135352742,-0.999927152599,0.0,0.661637909442,0.260867287762,0.303287759327,1.0,-0.00146,-0.00191885714286,0.074
0.465058907066,0.547330899569,-0.124004365705,-1.35633633799,0.0795108599408,1.89423163422,0.159151528867,-0.00335509474958,-0.00542426752782,-0.000107935322927,-0.015933719028,0.000570966492655,0.00962360857259,0.00113914274674,0.573853120225,0.818943956611,0.00203451184646,0.0,0.818901547302,-0.573793837093,-0.0119010604912,0.0,-0.00857907638135,0.00849568916428,-0.9999271087,0.0,0.661606615483,0.260828370923,0.303305712582,1.0,-0.00188,-0.00247085714286,0.095
0.465045242662,0.547165293321,-0.124002055152,-1.35652977089,0.0795087070931,1.89434440532,0.15914596672,-0.000502983584477,-0.0143657102468,0.000332704304942,-0.0141272078287,0.000344799458202,0.0138834008659,0.00133296374889,0.573868613626,0.818932904058,0.00211183495014,0.0,0.81889146382,-0.573808977673,-0.0118648441337,0.0,-0.00850488515426,0.00853838965803,-0.999927378778,0.0,0.661592286043,0.260807205311,0.303340662043,1.0,-0.00218,-0.00286514285714,0.11
0.465032114537,0.546961289873,-0.12400625831,-1.35677137855,0.0795022832515,1.89447535386,0.15913049782,-0.000199816251218,-0.00915583668697,-0.000937373207368,-0.0215215252739,0.000238932479823,0.0059106490125,8.323330806e-05,0.57388165347,0.818923549742,0.00219417155058,0.0,0.818883189417,-0.573821698491,-0.0118206316527,0.0,-0.00842129252324,0.0085805790381,-0.999927725136,0.0,0.661573134466,0.260777951928,0.303381658666,1.0,-0.00252,-0.003312,0.127
0.464994518965,0.546715757875,-0.124001600218,-1.35711879354,0.0794930706948,1.89461667903,0.159108821903,-0.00406509085057,-0.0171352650834,0.00228685730385,-0.0224945263391,-0.00287896645349,0.0112904956789,-0.000749226216247,0.573908485669,0.818904635107,0.0022350793947,0.0,0.818864699274,-0.573848258011,-0.0118121954645,0.0,-0.0083906267451,0.00860951258766,-0.999927734227,0.0,0.661537359864,0.260725868781,0.303402297851,1.0,-0.00288,-0.00378514285714,0.145
0.464959186964,0.546464253637,-0.124004268874,-1.35749499342,0.0794846462587,1.8947500589,0.159025928734,-0.00408423948876,-0.01422358918,0.000689448467705,-0.0266285320864,-4.8212002658e-05,0.0080951615002,-0.00466782818565,0.573890167866,0.818917430243,0.00225046053577,0.0,0.81887756909,-0.573829754004,-0.0118189323444,0.0,-0.0083875099736,0.0086257867931,-0.99992762012,0.0,0.661494575917,0.26066728753,0.303413004491,1.0,-0.0032,-0.00420571428571,0.161
0.464922895686,0.546183939521,-0.124002382102,-1.35795871962,0.0794647174644,1.89491458386,0.158934579493,-0.000804363592174,-0.0136668649958,-0.00013375855916,-0.0265905783105,-0.0027073146372,0.0143524828215,-0.00253605550497,0.573864407954,0.818935512685,0.00223925183125,0.0,0.818895406833,-0.573803939404,-0.0118363294426,0.0,-0.0084084608872,0.0086263273108,-0.999927439499,0.0,0.661438494702,0.260600945196,0.303404970257,1.0,-0.00354,-0.00465257142857,0.178
0.464875333748,0.545890160666,-0.124007082131,-1.35844406407,0.0794392115385,1.89507982818,0.158914171686,-0.00139802944687,-0.0157900060075,0.0016359531462,-0.0334993948517,-0.00218583114603,0.00581890266324,-0.00502568864696,0.573910241815,0.818903453113,0.00221714238922,0.0,0.818863028246,-0.573849822282,-0.0118519761972,0.0,-0.00843347983869,0.0086176723731,-0.999927303428,0.0,0.661382670751,0.260520091377,0.303396432058,1.0,-0.00386,-0.00507314285714,0.194
0.464810121889,0.545551205243,-0.124004613203,-1.35904363325,0.0793869150594,1.89528477221,0.158815892873,-0.00399639115987,-0.0174848373096,0.00051964618456,-0.0414299627402,-0.00296999235949,0.00972906127157,-0.0053395815756,0.573901033293,0.818910057142,0.0021608326517,0.0,0.818868996054,-0.573840936593,-0.0118698649372,0.0,-0.00848054081798,0.00858173184156,-0.999927214504,0.0,0.661314123036,0.260417104802,0.30336865332,1.0,-0.0042,-0.00552,0.211
0.464753649087,0.545184212825,-0.124004860184,-1.35967761418,0.0793531176737,1.89548490603,0.158734151897,-2.92028856853e-05,-0.0209159527356,-0.000626539194102,-0.044676962163,-0.00106745004474,0.0120565304814,-0.00161184728974,0.573906785371,0.818906167995,0.00210632992048,0.0,0.818864301019,-0.573846810842,-0.0119097063133,0.0,-0.00854438575745,0.00856002445005,-0.999926857052,0.0,0.66123469006,0.26031728142,0.303344024081,1.0,-0.00452,-0.00594057142857,0.227
0.464675447351,0.544732280536,-0.12401051161,-1.36043132632,0.0793211615487,1.89574393208,0.158668440229,-0.00518898832007,-0.0275260637473,-0.000578596640327,-0.0382716321753,-0.000131049398171,0.0151362591232,-0.00482034971516,0.573954467501,0.818872828678,0.00207523241413,0.0,0.818830428967,-0.573894487061,-0.011941240274,0.0,-0.00858755809636,0.0085531563254,-0.999926545984,0.0,0.661148435151,0.260191167159,0.303327793273,1.0,-0.00488,-0.00641371428571,0.245
0.464605471192,0.544288486376,-0.124011540615,-1.36118104685,0.0792868761489,1.89600970119,0.158556983772,-0.00362292303282,-0.0253321437451,-0.00189948970014,-0.0460361157365,-0.0032748089323,0.0217605558524,-0.00299379997904,0.573953910218,0.818873292524,0.00204612773688,0.0,0.818830390543,-0.573893928667,-0.011970675199,0.0,-0.00862837205139,0.00854621195339,-0.999926254009,0.0,0.661061056459,0.260073622081,0.303308088974,1.0,-0.00522,-0.00686057142857,0.262
0.464540819786,0.543812360204,-0.124010923918,-1.36193856607,0.0792520186896,1.89627765555,0.158463561065,-0.00151412976674,-0.0287802194969,0.0002410984749,-0.0533920003082,-0.00597856315972,0.00989616038851,-0.0158202207407,0.573962798113,0.818867076385,0.00204070968336,0.0,0.818823977013,-0.573902712715,-0.0119882403874,0.0,-0.0086457729918,0.00855195066761,-0.999926054641,0.0,0.660971345991,0.259960114852,0.303307637354,1.0,-0.00554,-0.00728114285714,0.278
0.464462135062,0.543288836041,-0.124015841807,-1.3627860672,0.0792063901225,1.89657883813,0.1583515846,-0.00968851471948,-0.035029136821,0.00101719666642,-0.056736299947,-0.00417957258766,0.0225244166351,-0.00833286417186,0.573973980176,0.818859282984,0.00202278350538,0.0,0.818815896615,-0.573913916497,-0.0120037828597,0.0,-0.00866867232063,0.00854631085776,-0.9999259046,0.0,0.660874203554,0.259824582772,0.303300889228,1.0,-0.00588,-0.007728,0.295
0.464390395821,0.542766557622,-0.124017240396,-1.36361252849,0.0791535435395,1.89686973907,0.158240626705,-0.00350319594432,-0.0346331000265,0.000336769260249,-0.0508949482536,-0.00729401846137,0.0193050815024,-0.0056760601708,0.57397465725,0.818858840782,0.00200962882779,0.0,0.818815286772,-0.573914653186,-0.0120101585541,0.0,-0.00868143622404,0.00853920585072,-0.999925854565,0.0,0.660777492244,0.259696304869,0.303302188877,1.0,-0.0062,-0.00814857142857,0.311
0.464314447152,0.542175819322,-0.124023292346,-1.36454084476,0.0790972400612,1.89721392968,0.158143530085,-0.00434660960593,-0.0301267580534,-0.000196321884917,-0.0605210922531,-0.000142154191507,0.0279311655283,-0.0106662680029,0.573998185259,0.818842340558,0.00201284152531,0.0,0.818798855827,-0.573938191539,-0.0120055358373,0.0,-0.00867556147123,0.0085394325321,-0.999925903617,0.0,0.660671962625,0.259554421215,0.303308137952,1.0,-0.00654,-0.00859542857143,0.328
0.46423367982,0.54155267886,-0.124023292388,-1.36548777922,0.07904523806,1.89755548987,0.157995800698,-0.00357811905197,-0.0350623117133,-0.000744042912196,-0.0581794594576,-0.000182062517335,0.0245773618439,-0.0107912394367,0.573981979339,0.818853654155,0.00203159342907,0.0,0.81881034573,-0.573921840893,-0.0120035483522,0.0,-0.00866334038638,0.00855347484119,-0.999925889555,0.0,0.66056194048,0.259411604654,0.303327633073,1.0,-0.00688,-0.00904228571429,0.345
0.464160244259,0.540917597028,-0.124026853681,-1.36645377473,0.0789847719308,1.89792199141,0.157871007699,-0.00332516629728,-0.036368450509,-0.00560164565709,-0.0611165404735,-0.000713921330563,0.0203908525183,-0.00725665755932,0.573984832645,0.818851580644,0.00206098808722,0.0,0.81880866186,-0.573924576222,-0.0119876174875,0.0,-0.00863339403286,0.00856843048405,-0.999926020517,0.0,0.660445633349,0.259257752543,0.30334954627,1.0,-0.00722,-0.00948914285714,0.362
0.464067180598,0.540209071165,-0.124026485764,-1.36753392243,0.0789193436,1.89831530046,0.157743611534,-0.0055011956343,-0.0448524596795,-0.00160716161535,-0.0722343673144,-0.00246419499051,0.0183940802623,0.000885365265366,0.573993830187,0.818845230189,0.00207817342347,0.0,0.818802557571,-0.573933522687,-0.0119762328199,0.0,-0.00861411357492,0.0085760625775,-0.99992612137,0.0,0.660327340787,0.259105730793,0.303369396701,1.0,-0.00754,-0.00990971428571,0.378
0.463967835205,0.539469381675,-0.124024662688,-1.36869029076,0.0788502828067,1.89875376319,0.157593228024,-0.00632053360823,-0.0463233756288,9.21715728362e-05,-0.066357983409,-0.00692312502196,0.0229388371715,-0.0093868663791,0.573996369559,0.818843402911,0.00209669826066,0.0,0.818800959551,-0.573935972417,-0.011968086969,0.0,-0.00859678401966,0.00858658233682,-0.999926180229,0.0,0.660196135101,0.258932212024,0.303379617545,1.0,-0.00788,-0.0103565714286,0.395
0.463858266237,0.53870964688,-0.124027706462,-1.36984808281,0.0787918669337,1.89919374268,0.157457344519,-0.00966091729419,-0.046598091497,-0.0016176928422,-0.0724473191613,-0.00367272299245,0.0364199891995,-0.0105581545685,0.574025384914,0.818822957492,0.0021374421854,0.0,0.818780967388,-0.573964737625,-0.0119563500724,0.0,-0.00856348235752,0.00861351126954,-0.999926234376,0.0,0.66006836688,0.258751052228,0.303403504063,1.0,-0.00822,-0.0108034285714,0.412
0.463750552311,0.537928962106,-0.12403570223,-1.37107797437,0.0787131396213,1.89967109846,0.157291555258,-0.00338415755058,-0.0426701644858,-0.00135317887366,-0.0722841451332,-0.000721241560941,0.0253703364431,-0.00803785131706,0.574030424118,0.818819377438,0.00215550929581,0.0,0.818777720621,-0.573969800716,-0.0119356181799,0.0,-0.00853608255245,0.00861645684739,-0.999926443278,0.0,0.65993344748,0.258559223614,0.303411119742,1.0,-0.00856,-0.0112502857143,0.429
0.463633424207,0.537119271512,-0.124036463416,-1.37235436329,0.0786418067785,1.90013558904,0.157147673592,-0.00705135236499,-0.0471247302608,0.000266414395016,-0.0747986957905,-0.00596208042177,0.0211509133378,-0.00264130234287,0.57406026796,0.818798453291,0.00215604720909,0.0,0.818756732076,-0.573999566532,-0.0119439608682,0.0,-0.00854229098717,0.00862199754379,-0.999926342499,0.0,0.659786038438,0.258360581944,0.303415607213,1.0,-0.0089,-0.0116971428571,0.446
0.463532686846,0.53632128715,-0.124050566731,-1.37359587694,0.0785751108926,1.90060993243,0.156987871392,-0.00804938766497,-0.050065366546,-0.0011964895793,-0.0806767376541,-0.00723343437483,0.0314503162683,-0.00843891483391,0.574072393112,0.818789882222,0.00218246171758,0.0,0.818748509569,-0.574011586916,-0.0119299231093,0.0,-0.00851550597359,0.00863569305134,-0.999926452777,0.0,0.659646660338,0.258170424294,0.303429581769,1.0,-0.00922,-0.0121177142857,0.462
0.463410451661,0.535449040148,-0.124051967065,-1.37498057812,0.0784939529849,1.90110452682,0.156830121639,-0.0101472646807,-0.0548450262184,-5.6856468944e-06,-0.0885596161795,-0.00547346272648,0.038354294603,-0.00995344690624,0.574098545991,0.818771583781,0.00216794492578,0.0,0.818729964883,-0.574037737821,-0.0119443317554,0.0,-0.00853536155983,0.00863235116609,-0.999926312343,0.0,0.659483185223,0.257956496343,0.303428991286,1.0,-0.00956,-0.0125645714286,0.479
0.463292168106,0.534566484826,-0.124054444272,-1.37641859217,0.0784073086298,1.90162634719,0.156644918891,-0.00879120003861,-0.0501506954825,-0.00015590270657,-0.0867383790302,-0.00886640341571,0.0302496595529,-0.0047093291144,0.574101151421,0.818769836322,0.00213774841039,0.0,0.818727794852,-0.574040437652,-0.0119633096674,0.0,-0.00856820802969,0.00861854983062,-0.999926150478,0.0,0.659312210294,0.257739333347,0.303412530597,1.0,-0.0099,-0.0130114285714,0.496
0.463165063205,0.533707275089,-0.124052125256,-1.37781796194,0.0783331810801,1.90214351297,0.156469255081,-0.0103018333528,-0.0516865802736,0.00216334235234,-0.0901656457947,-0.0043678781467,0.0365766443569,-0.015897029581,0.574114812506,0.818760286602,0.00212651026354,0.0,0.818717961032,-0.574054005348,-0.0119852463146,0.0,-0.00859247740519,0.00862208558971,-0.999925911742,0.0,0.659138127371,0.257516382728,0.303398108269,1.0,-0.01024,-0.0134582857143,0.513
0.463038597537,0.532714967821,-0.124060878216,-1.37941652985,0.0782409167458,1.90275176408,0.156273726244,-0.00797035056172,-0.051982129745,-0.000616343796754,-0.0888220300131,-0.00385320990504,0.0392864585538,-0.0140488342673,0.574129031253,0.818750325831,0.00212281065434,0.0,0.818707964179,-0.574068249892,-0.0119858565157,0.0,-0.00859495120988,0.00861955613243,-0.999925912288,0.0,0.658963710844,0.257286306704,0.303389153524,1.0,-0.01058,-0.0139051428571,0.53
0.462916433644,0.531793331521,-0.124064036223,-1.38088851447,0.0781526322585,1.90328734417,0.156088657364,-0.00568106200687,-0.0626114007706,-0.00165124803,-0.101616355343,-0.00860614299509,0.0371322576073,-0.0134053783011,0.5741363427,0.818745233976,0.00210920236692,0.0,0.818702668222,-0.57407559051,-0.0119960130223,0.0,-0.00861100268294,0.00861432250164,-0.999925819289,0.0,0.65878872148,0.25706340326,0.303384742329,1.0,-0.0109,-0.0143257142857,0.546
0.462774455908,0.53079874769,-0.124059192644,-1.38251664482,0.0780612255113,1.90385647047,0.155876005776,-0.011148034554,-0.0616412123164,-0.000867610241985,-0.0988617840823,-0.00685696597609,0.0380873774257,-0.0137196187853,0.57413905575,0.818743458979,0.00205911200489,0.0,0.818700070709,-0.574078346487,-0.0120413129221,0.0,-0.00867682163317,0.00859934873918,-0.9999253792,0.0,0.658588936643,0.256816321242,0.303359891431,1.0,-0.01124,-0.0147725714286,0.563
0.462639467389,0.529766285733,-0.124056330981,-1.38414902556,0.0779548040053,1.90445122554,0.15566337567,-0.00988873008673,-0.0617068599128,0.00106484616854,-0.0971717715116,-0.00405806774536,0.0375832271947,-0.0104985636888,0.574133510091,0.818747368648,0.00205081068012,0.0,0.818703888658,-0.574072853426,-0.0120436106336,0.0,-0.00868352696113,0.00859381258348,-0.999925368587,0.0,0.658393303928,0.256572029735,0.303361719498,1.0,-0.01158,-0.0152194285714,0.58
0.462496791613,0.528697557773,-0.124058863917,-1.38582481276,0.0778520995582,1.90508388933,0.155428688256,-0.0093054952813,-0.0615612583455,0.000428691705506,-0.100863529386,-0.00398308863292,0.0319793416031,-0.0138201919435,0.574123326049,0.818754460604,0.00207041742815,0.0,0.818711254543,-0.574062605057,-0.0120313781357,0.0,-0.00866236207079,0.00860273451156,-0.999925475444,0.0,0.658198573902,0.256318050473,0.303371655387,1.0,-0.01192,-0.0156662857143,0.597
0.462361236539,0.527584160777,-0.12406484326,-1.38754655183,0.0777416585295,1.90574812341,0.155194145318,-0.0105185930033,-0.0676691904611,-0.000355354842203,-0.104500513102,-0.0064327954002,0.0342735584119,-0.0137443487496,0.574110115181,0.818763617962,0.00211197792392,0.0,0.818721057512,-0.574049323782,-0.0119979479007,0.0,-0.00861126952586,0.00861742996276,-0.999925790215,0.0,0.657999457664,0.256062801384,0.303393734719,1.0,-0.01226,-0.0161131428571,0.614
0.462208672123,0.526426259538,-0.124064537295,-1.38933860153,0.0776307953077,1.90642618799,0.154941291047,-0.00609988000379,-0.0685481992925,0.000343241129226,-0.105876871557,-0.00178463649906,0.0358054725865,-0.00879728023883,0.574094790535,0.818774270581,0.00214760709896,0.0,0.818732191885,-0.574033870002,-0.0119775190502,0.0,-0.0085742502903,0.00863471260265,-0.999925959244,0.0,0.657790206201,0.255793159387,0.303414382911,1.0,-0.0126,-0.01656,0.631
0.462072527705,0.525324829255,-0.12407054612,-1.39106287234,0.0775194112011,1.90704090311,0.154709333706,-0.0096199468484,-0.0706392027025,0.000564218997633,-0.105898470663,-0.0034977442143,0.0427359191332,-0.0158040404093,0.574083311471,0.818782349325,0.00213607709623,0.0,0.818740150144,-0.574022470199,-0.0119798643789,0.0,-0.00858291049704,0.00862649838291,-0.999925955845,0.0,0.657579440271,0.255533627533,0.30342197813,1.0,-0.01292,-0.0169805714286,0.647
0.461910243125,0.52413970529,-0.124070552389,-1.39294341239,0.077397463106,1.90771704668,0.154446983026,-0.009623807608,-0.072649806648,0.0014234181279,-0.113509910275,-0.00840671301733,0.0413374184506,-0.0162892403416,0.574069475933,0.818792103494,0.00211541004245,0.0,0.818749643481,-0.574008731063,-0.0119893646382,0.0,-0.0086026988861,0.0086148853559,-0.999925885915,0.0,0.657351759983,0.255245446732,0.303418909236,1.0,-0.01326,-0.0174274285714,0.664
0.461745645956,0.522952300974,-0.124080035599,-1.39486931455,0.0772818241867,1.90844555095,0.154191227871,-0.00970419063923,-0.0681590980542,-0.000664359529166,-0.113917157973,-0.00520505557105,0.0374738390867,-0.0137753729052,0.574073873306,0.818789052426,0.00210297767367,0.0,0.818746450806,-0.574013200336,-0.011993416324,0.0,-0.00861310687158,0.00860707818266,-0.999925863549,0.0,0.657125699397,0.254949448467,0.303400429576,1.0,-0.0136,-0.0178742857143,0.681
0.461597151907,0.521782367039,-0.12408296883,-1.3967128907,0.0771678449611,1.90916456636,0.153940854224,-0.00996645959057,-0.0731685678633,-0.000819663775059,-0.114841942215,-0.00647231464327,0.0459884107412,-0.0161847324431,0.574060692067,0.818798204416,0.00213756189806,0.0,0.818756110292,-0.573999933655,-0.0119689149359,0.0,-0.0085733307338,0.00862119144119,-0.999926083797,0.0,0.656910379891,0.254677041001,0.303407476548,1.0,-0.01392,-0.0182948571429,0.697
0.461429843824,0.520513046122,-0.124084013118,-1.39873265713,0.0770449029716,1.90991336126,0.153680735384,-0.00677463059126,-0.0835931256039,0.0010578075091,-0.122445797251,-0.00280345852137,0.0455416767275,-0.0104551859026,0.574060114621,0.818798617084,0.00213456413979,0.0,0.818756457372,-0.573999342039,-0.0119735438232,0.0,-0.00857884788163,0.00862138810112,-0.999926034783,0.0,0.656666272624,0.254374405949,0.303402683082,1.0,-0.01426,-0.0187417142857,0.714
0.461261734819,0.519198577226,-0.12408983181,-1.40079607282,0.0769095285761,1.91065410936,0.153401862092,-0.00560901807525,-0.0762344271263,0.00123714210979,-0.123266729153,-0.0118667244737,0.0437799911256,-0.0147208930683,0.574046621634,0.818808111602,0.00212119440984,0.0,0.818765825754,-0.573985954528,-0.0119747018517,0.0,-0.00858761255024,0.00861096442333,-0.999926049367,0.0,0.656412680296,0.254061405341,0.303407859986,1.0,-0.0146,-0.0191885714286,0.731
0.461086489981,0.517835403862,-0.124099965261,-1.40291098583,0.0767658498802,1.91141507677,0.153109574464,-0.0149883183286,-0.0777047557884,0.000799671563279,-0.121015584547,-0.0115238887019,0.0462989938245,-0.0162180764376,0.574031163747,0.818818953487,0.00211928274855,0.0,0.818776760414,-0.573970624519,-0.0119618433592,0.0,-0.00857834317809,0.00860185593966,-0.999926207329,0.0,0.656154720149,0.253735823242,0.303424173524,1.0,-0.01494,-0.0196354285714,0.748
0.460902210786,0.51649480932,-0.124102863469,-1.40504116041,0.0766264477283,1.91220632613,0.152819497123,-0.0115241618699,-0.072277180988,0.000458245884489,-0.125283905611,-0.0115976599698,0.0496947980465,-0.0118162087565,0.574021672288,0.818825622176,0.00211355449741,0.0,0.818783419717,-0.57396122335,-0.0119571145298,0.0,-0.00857785856973,0.00859435172521,-0.999926276013,0.0,0.655898234062,0.25340919501,0.303419411203,1.0,-0.01528,-0.0200822857143,0.765
0.460723121268,0.515194599517,-0.124108768689,-1.40710225341,0.0765076788606,1.91298053087,0.152544266778,-0.00974596036826,-0.0837860546089,-0.000461147400695,-0.128242291551,-0.0102298371656,0.0480332197465,-0.0266546762036,0.574013980442,0.818830987393,0.00212396870033,0.0,0.818788884866,-0.573953453589,-0.0119558368638,0.0,-0.00857091555011,0.00860206508774,-0.999926269223,0.0,0.655634008767,0.253077033585,0.303417642499,1.0,-0.01562,-0.0205291428571,0.782
0.46053791579,0.513787748333,-0.124112107565,-1.40936531322,0.0763744341284,1.91376495991,0.152234397812,-0.0131822179326,-0.0845009184187,-0.000960518274964,-0.134009229005,-0.00632624556656,0.0424562948205,-0.0151618726502,0.574004568398,0.818837730945,0.00206706076496,0.0,0.818794719672,-0.573944113515,-0.0120045199592,0.0,-0.00864354294111,0.00858331299296,-0.999925805199,0.0,0.655345662483,0.252732352826,0.303394585559,1.0,-0.01596,-0.020976,0.799
0.460346133663,0.512391234139,-0.124115285504,-1.41163047658,0.0762356421264,1.91456859363,0.151912174916,-0.014843621537,-0.0885401190269,0.000112268062554,-0.134221162211,-0.0099763443525,0.0388769345809,-0.016114324259,0.573983833291,0.818852405303,0.00201105716407,0.0,0.818808571704,-0.573923528729,-0.0120437940567,0.0,-0.00870806436547,0.00855977872644,-0.999925447123,0.0,0.655076694869,0.252406538244,0.303364613285,1.0,-0.01628,-0.0213965714286,0.815
0.460145168474,0.510946500199,-0.12411597761,-1.41392963071,0.0760954597639,1.91544056252,0.151583672001,-0.00957189968473,-0.0865623623134,-0.000527972272592,-0.136622140439,-0.00438236694574,0.0385723608826,-0.0229119524384,0.573962461432,0.818867353555,0.00202411701373,0.0,0.818823675617,-0.573902089033,-0.012038577777,0.0,-0.00869652077719,0.00856725161225,-0.999925483587,0.0,0.654799293974,0.252057149134,0.303357643364,1.0,-0.01662,-0.0218434285714,0.832
0.459941230619,0.509460422637,-0.124121675508,-1.41628672084,0.07594236322,1.91632896631,0.151256571569,-0.0116050048673,-0.0858663725256,-0.000394985180216,-0.137664622752,-0.0112723077752,0.0571934412483,-0.021840839238,0.573947234479,0.818878009298,0.0020309662908,0.0,0.818834506377,-0.573886919179,-0.0120250597947,0.0,-0.00868167918799,0.00856493999543,-0.999925632359,0.0,0.65451407967,0.251695687802,0.30335311711,1.0,-0.01696,-0.0222902857143,0.849
0.459735503519,0.507932207739,-0.124124865442,-1.4186628462,0.0757862969516,1.91718028992,0.150928574378,-0.0154446184158,-0.0933708793966,0.000731900355883,-0.141655366607,-0.0132842519998,0.0564475377477,-0.023892943052,0.573930333134,0.818889861551,0.00202836373184,0.0,0.818846351484,-0.57387005749,-0.012023172588,0.0,-0.00868180407619,0.00856154652635,-0.999925660336,0.0,0.654217080155,0.251329966189,0.303365150971,1.0,-0.0173,-0.0227371428571,0.866
0.45952907821,0.506501093782,-0.124130807073,-1.42093633396,0.0756480861084,1.91801082296,0.150613004989,-0.0135715647391,-0.0886798275196,-0.000620317215739,-0.139587276471,-0.00770697418299,0.0572606631109,-0.0128268341718,0.573925576627,0.818893223192,0.00201702888989,0.0,0.818849520358,-0.573865305764,-0.012034149396,0.0,-0.00869734793755,0.00855851404827,-0.999925551217,0.0,0.65393682713,0.250974586849,0.303355983857,1.0,-0.01762,-0.0231577142857,0.882
0.459295220017,0.50477429867,-0.124134078557,-1.42354932646,0.0754808398358,1.91902437892,0.150253871606,-0.0110556386892,-0.0990963588238,0.00188824967565,-0.149343940267,-0.0101083885618,0.0561864046465,-0.0219071340877,0.573915115048,0.818900295971,0.00211964158005,0.0,0.818858046151,-0.573854527344,-0.0119678152308,0.0,-0.00858424679094,0.00860436127847,-0.999926135109,0.0,0.653626390997,0.250574190425,0.30340700105,1.0,-0.01798,-0.0236308571429,0.9
0.459075837975,0.503213484414,-0.124136140455,-1.42587665266,0.0753439409034,1.91989644546,0.14992597352,-0.0168537024939,-0.0976947321068,0.000842094687054,-0.145252376576,-0.00423714637071,0.0627302561083,-0.021024004422,0.573910441369,0.818903323486,0.00221336209741,0.0,0.818862242733,-0.573849417872,-0.0119255999571,0.0,-0.00849594046145,0.00865683165684,-0.999926436425,0.0,0.653345292566,0.250211086301,0.303465076507,1.0,-0.0183,-0.0240514285714,0.916
0.458847168287,0.501509224382,-0.124144621067,-1.42840083685,0.0751720149722,1.9208157781,0.149571299321,-0.0132484199127,-0.103487590879,0.000504426715313,-0.148829230394,-0.0163303609677,0.0571049784305,-0.0214189871389,0.573895704791,0.818913442251,0.0022893284387,0.0,0.818873490622,-0.573834523742,-0.0118698196832,0.0,-0.00840682105868,0.00868687615187,-0.999926929102,0.0,0.653034679282,0.249814438276,0.303533230099,1.0,-0.01864,-0.0244982857143,0.933
0.458607442341,0.499795105973,-0.124145710318,-1.43100915803,0.0750060882298,1.92173161545,0.149214406615,-0.0171241970747,-0.102302528103,-0.000620608910815,-0.156111347347,-0.0026596478569,0.0530640844396,-0.0169162350461,0.573888357034,0.818918540783,0.00230740639969,0.0,0.818878766855,-0.573827046296,-0.0118673094914,0.0,-0.00839446919229,0.00870016435874,-0.999926917343,0.0,0.652702968091,0.249405923093,0.30356709899,1.0,-0.01898,-0.0249451428571,0.95
0.458381938335,0.498221848355,-0.124145079005,-1.43348396361,0.0748524614283,1.92266132262,0.148855583129,-0.0108217922296,-0.0962025488412,-0.000157898626456,-0.152716779586,-0.00964499129528,0.0586777025428,-0.0244917715214,0.573863194244,0.818936111057,0.00232963527466,0.0,0.818896606417,-0.573801778964,-0.0118580503399,0.0,-0.00837439799824,0.00871279681451,-0.999926975649,0.0,0.652396839132,0.249024603729,0.303566911556,1.0,-0.0193,-0.0253657142857,0.966
0.458106424163,0.496554880471,-0.124144833371,-1.43614722576,0.0746897557319,1.92361155245,0.148454547838,-0.0135475557326,-0.0960525778549,0.000529647475229,-0.152861702264,-0.0025213864124,0.058968395694,-0.0252214439803,0.57385109172,0.818944698246,0.00229186544977,0.0,0.818904574738,-0.573789694593,-0.0118924662127,0.0,-0.00842438557301,0.00870149135157,-0.999926654198,0.0,0.652063575704,0.248589455418,0.303543599252,1.0,-0.01964,-0.0258125714286,0.983
0.457837813823,0.49487615765,-0.124142646359,-1.43888982758,0.0745122902899,1.92455122057,0.148060356041,-0.0194836287463,-0.102220117399,0.000860339937228,-0.162041576325,-0.0133220141213,0.0552463962876,-0.0306164739716,0.573836653686,0.818955111594,0.00218334187416,0.0,0.81891344795,-0.573775567114,-0.0119628696381,0.0,-0.00854446952496,0.00865286769837,-0.999926057227,0.0,0.651706617689,0.248147859116,0.303489162841,1.0,-0.01998,-0.0262594285714,1.0
0.45754638455,0.492916307842,-0.124203250465,-1.44188927416,0.0743425225986,1.92563586296,0.147637213941,-0.0165068415769,-0.151060149265,-0.00802499214417,-0.222218067848,-0.0164154598965,0.078135413585,-0.0258262628697,0.57388072715,0.818924085865,0.00223595536664,0.0,0.818883180421,-0.573819494651,-0.0119277526567,0.0,-0.00848505252581,0.0086762606547,-0.999926360481,0.0,0.651312945954,0.247596741166,0.30353537917,1.0,-0.0338862857143,-0.0445362612245,1.017
0.457174552602,0.489685101194,-0.124270802837,-1.4468661268,0.0740772475338,1.92757429297,0.146879350457,-0.0235166122935,-0.216148444699,0.00329447842934,-0.338419737026,-0.0135260865703,0.130959979395,-0.0532713857925,0.573788597352,0.818988213795,0.0023870723191,0.0,0.818949246815,-0.573726749145,-0.0118530737276,0.0,-0.00833816097398,0.00875621821063,-0.999926899185,0.0,0.650724035133,0.246898193132,0.303570751,1.0,-0.0477925714286,-0.0628130938775,1.033
0.456540355854,0.485241653374,-0.124329731261,-1.45387436537,0.0736961620183,1.93026115444,0.145824331318,-0.0428263926813,-0.289479948216,-0.00529424573964,-0.447594669394,-0.0283322944671,0.176239976684,-0.0739276537099,0.573732964309,0.819026846363,0.00250149998822,0.0,0.818989158507,-0.573670463766,-0.0118196511286,0.0,-0.00824573368654,0.00883019485808,-0.999927015104,0.0,0.649855306684,0.245799627616,0.303556943826,1.0,-0.062568,-0.0822322285714,1.05
0.455670441362,0.479549667193,-0.124499316838,-1.46298788197,0.0731500494278,1.93340918095,0.144431147668,-0.0512488871473,-0.359164089692,-0.0100785499574,-0.57504640235,-0.0350982345805,0.191533687783,-0.0815463756361,0.573725886572,0.819032533758,0.00225002752466,0.0,0.818991538119,-0.573664336824,-0.0119514035386,0.0,-0.00849799138712,0.00869975059137,-0.999926046506,0.0,0.648675641301,0.244256685517,0.303445315392,1.0,-0.0773434285714,-0.101651363265,1.067
0.454575701183,0.472554997908,-0.124656935136,-1.47398581826,0.0724925152342,1.93723156603,0.142849091866,-0.064136939521,-0.428936922503,-0.00389549598501,-0.684220136187,-0.0359820961952,0.236369087431,-0.0990940089641,0.573794369118,0.81898498635,0.0020883012838,0.0,0.818941649006,-0.573733251151,-0.0120614653928,0.0,-0.00868019830589,0.00863116399935,-0.999925075776,0.0,0.647240946464,0.242398896685,0.303387768669,1.0,-0.0921188571428,-0.121070497959,1.084
0.453350470316,0.464832670839,-0.124789575944,-1.48564891086,0.0717999271936,1.94161137556,0.140977012685,-0.0808653368448,-0.50073276875,-0.00370136094102,-0.759198537027,-0.048955319971,0.282554821874,-0.128012376668,0.573710148711,0.819042973342,0.00245356598897,0.0,0.819004459809,-0.573647618771,-0.0118680745147,0.0,-0.00831314080502,0.00881848606533,-0.9999265603,0.0,0.645670656712,0.240308635656,0.303541369478,1.0,-0.106894285714,-0.140489632653,1.101
0.451690501291,0.455102547869,-0.124916516176,-1.50093651033,0.0708419274945,1.94690370622,0.138625926335,-0.0986467056705,-0.558640792082,-0.00880293028871,-0.894852370673,-0.0566174689393,0.29783732982,-0.13424911229,0.573706968237,0.819045841406,0.00222961302258,0.0,0.819003927647,-0.573644839731,-0.0120379088763,0.0,-0.00858075840557,0.00873246215494,-0.999925054537,0.0,0.643727101629,0.237820099881,0.30343405288,1.0,-0.121669714286,-0.159908767347,1.118
0.449959552849,0.445127948331,-0.125097500726,-1.51590541412,0.0697977708586,1.95229178552,0.136275561454,-0.11930374345,-0.630207038548,-0.00640553543512,-0.95372667939,-0.0638858232146,0.344325840596,-0.153884320627,0.573725186761,0.819032318902,0.00249350575745,0.0,0.818994875622,-0.573663090406,-0.0117813119638,0.0,-0.00821900127989,0.00880157330197,-0.999927487534,0.0,0.641775269621,0.235166202882,0.30362209757,1.0,-0.135576,-0.1781856,1.134
0.447868616967,0.433619376547,-0.125224279582,-1.53350664207,0.0686632692699,1.95834310965,0.133441553028,-0.137781628196,-0.700689928702,-0.00493416031447,-1.05175458879,-0.0711356281468,0.379159307944,-0.177523208696,0.573677527156,0.81906579901,0.00246142840045,0.0,0.819027329284,-0.57361490891,-0.0118708493473,0.0,-0.00831125469525,0.00882618655926,-0.999926508038,0.0,0.639355484149,0.232063767923,0.303636507261,1.0,-0.150351428571,-0.197604734694,1.151
0.445643742576,0.42176183218,-0.125370364096,-1.55140913854,0.0674297860754,1.96454500883,0.130466191942,-0.143890821005,-0.766840617735,-0.00627509096623,-1.15291029804,-0.0803297135701,0.391047957768,-0.19357724882,0.573596887843,0.819122044352,0.00253645708415,0.0,0.819084634015,-0.573534082753,-0.0118222308655,0.0,-0.00822926376696,0.00885893841629,-0.999926896542,0.0,0.636717389557,0.228619434296,0.303715709229,1.0,-0.165126857143,-0.217023869388,1.168
0.442948755359,0.408190644036,-0.125547155906,-1.57161567293,0.0659816891858,1.97170530716,0.127103032765,-0.166625830502,-0.805468737692,-0.00813074471474,-1.23326647626,-0.0889901501574,0.420280772023,-0.195702592732,0.573616364643,0.819107088981,0.00293085237353,0.0,0.819075690723,-0.57355318978,-0.0115107889109,0.0,-0.00774771823667,0.00900354016756,-0.999929452075,0.0,0.634102994213,0.225095971062,0.303923884691,1.0,-0.179033142857,-0.235300702041,1.184
0.439898340024,0.393634689734,-0.125723556716,-1.59322019817,0.064565237129,1.97908930451,0.12341788611,-0.186094580971,-0.882743495459,-0.007898934049,-1.28590870269,-0.0783485904229,0.445515878225,-0.227747522813,0.573699067594,0.819048002817,0.00323972595754,0.0,0.819019855139,-0.57363404317,-0.0114546194339,0.0,-0.00752361092336,0.0092250819847,-0.99992914406,0.0,0.631025775841,0.221018008665,0.304092702501,1.0,-0.193808571429,-0.254719836735,1.201
0.436527909518,0.378267389833,-0.12590107393,-1.6162115218,0.0627758274638,1.98679258793,0.119314473743,-0.209320113198,-0.936735352019,-0.00808441258477,-1.37541537368,-0.11188977442,0.480694036875,-0.241561649156,0.573599107248,0.819118181331,0.00319626013332,0.0,0.819090273814,-0.573535204444,-0.0113683555431,0.0,-0.00747900300216,0.00913908013381,-0.999930268433,0.0,0.627660886511,0.216578500895,0.304118877085,1.0,-0.208584,-0.274138971429,1.218
0.432783791237,0.361995836623,-0.126094233679,-1.64034129122,0.0609838888112,1.99478839913,0.115004662148,-0.23394301264,-0.985760394626,-0.0229399377239,-1.44132135013,-0.120643923412,0.496006125723,-0.259522437429,0.573648735138,0.819083158865,0.00326411405993,0.0,0.819056063266,-0.573584554538,-0.0113433207125,0.0,-0.00741902039131,0.00918075074886,-0.999930333549,0.0,0.624052456722,0.211826830111,0.304169248805,1.0,-0.223359428571,-0.293558106122,1.235
0.428588210143,0.34491992494,-0.126310310303,-1.66562520304,0.0590709844905,2.00296739561,0.11024536257,-0.258141521002,-1.03312776392,-0.0188930975947,-1.49417022558,-0.114887881353,0.500173843887,-0.281644697577,0.573672133179,0.819067037461,0.00319666374398,0.0,0.81903873497,-0.573607731253,-0.011422266255,0.0,-0.00752211556884,0.00917100384748,-0.999929652759,0.0,0.620177384919,0.206692372623,0.304149885207,1.0,-0.238134857143,-0.312977240816,1.252
0.424322370664,0.328131760189,-0.126469858545,-1.69029549952,0.0571998179241,2.0108970761,0.105494263485,-0.27271065748,-1.07334338635,-0.010055725129,-1.5353799856,-0.115827371322,0.509730569208,-0.305375176303,0.573651912608,0.819080853052,0.0032842391325,0.0,0.819053137036,-0.573586585047,-0.0114514220764,0.0,-0.0074959893755,0.00925927481017,-0.999929035469,0.0,0.616057818232,0.20132396634,0.304169802138,1.0,-0.252910285714,-0.33239637551,1.269
0.419428535294,0.309416672081,-0.126645063395,-1.71744074422,0.054946186854,2.01947194421,0.100091889512,-0.296052141767,-1.11956859171,-0.010940444891,-1.56544575847,-0.113198213953,0.509616605886,-0.320498669151,0.573531537808,0.81916527562,0.00325165476338,0.0,0.819137265577,-0.57346647958,-0.0114491852471,0.0,-0.00751420465034,0.00923019812282,-0.999929167577,0.0,0.611924907007,0.195990560343,0.304176436122,1.0,-0.266816571429,-0.350673208163,1.285
0.414005030213,0.289865351838,-0.126877768091,-1.74549783296,0.0525625510322,2.02812666354,0.094276062581,-0.330801959005,-1.18330303357,-0.016242956483,-1.63786433912,-0.135401632853,0.528472797184,-0.34062582032,0.57346448683,0.819212098796,0.00328122419745,0.0,0.819184743575,-0.573399686979,-0.0113974456929,0.0,-0.00745561602302,0.0092241367415,-0.999929662072,0.0,0.607303182612,0.189937689678,0.304236725156,1.0,-0.281592,-0.370092342857,1.302
0.407710199095,0.268364382043,-0.127147527354,-1.77606864098,0.0499960787816,2.03742142883,0.0876735351141,-0.35992672778,-1.23951517372,-0.0236235318458,-1.72484668049,-0.148851093255,0.533871733832,-0.378937522564,0.573435885326,0.81923155381,0.0034195854217,0.0,0.819205638816,-0.57337026089,-0.0113759465301,0.0,-0.00735898744987,0.00932489916301,-0.999929443291,0.0,0.60214757618,0.18318079624,0.304299080113,1.0,-0.297236571429,-0.390653779592,1.32
0.401543259666,0.248660716357,-0.127488778089,-1.80380079675,0.0474977070125,2.04564601398,0.0815050219592,-0.395598152422,-1.25922526697,-0.0289269805932,-1.75983925713,-0.166932320349,0.530446773689,-0.39814249067,0.573578815501,0.819131275905,0.00347017914247,0.0,0.819106552946,-0.573513721876,-0.0112788581849,0.0,-0.0072488097022,0.00931193987708,-0.999930368843,0.0,0.59738289412,0.17676888558,0.304354568588,1.0,-0.311142857143,-0.408930612245,1.336
0.39454361918,0.227042832979,-0.127743315001,-1.83389806326,0.0448042492122,2.05435410888,0.0744530428114,-0.405886970595,-1.27794958815,-0.0101260175294,-1.78170783798,-0.152351613027,0.509023620574,-0.426806040691,0.573529118457,0.819165462229,0.00361146427909,0.0,0.819142188233,-0.573463177714,-0.0112608243397,0.0,-0.00715357432209,0.00941689471335,-0.999930071789,0.0,0.592034326903,0.169786120164,0.304416887187,1.0,-0.325918285714,-0.428349746939,1.353
0.387003698847,0.204762768622,-0.128000037225,-1.86471125933,0.0418762079916,2.0629102923,0.0669213808992,-0.453810883525,-1.32574487149,-0.0184725517399,-1.84967671645,-0.175795736567,0.498836250575,-0.456259420388,0.573373630536,0.819274603756,0.00354264698852,0.0,0.81925025504,-0.573307647436,-0.011318476465,0.0,-0.00724205314224,0.00939221122088,-0.999929667044,0.0,0.586371602761,0.162491545073,0.304404775871,1.0,-0.340693714286,-0.447768881633,1.37
0.379240138811,0.183147110748,-0.128358028073,-1.89418243704,0.0390256696889,2.07078328603,0.0593476407701,-0.494252292667,-1.3632671198,-0.0307841848379,-1.86228955295,-0.170996906696,0.479757167773,-0.482506062396,0.573361029938,0.81928364061,0.00349177278647,0.0,0.819258252186,-0.573294695228,-0.0113954179437,0.0,-0.00733440589382,0.00939453311273,-0.999928972096,0.0,0.580830016373,0.155225443956,0.304420568305,1.0,-0.3546,-0.466045714286,1.386
0.370246785513,0.15962575498,-0.128818657486,-1.92577165365,0.0358758643229,2.07901590263,0.0508226173164,-0.538711096797,-1.3987162699,-0.0220438419875,-1.83403828285,-0.193618252096,0.47003762048,-0.514468496708,0.573498323092,0.819187275696,0.00355354051272,0.0,0.819162531711,-0.573431598819,-0.0113883720758,0.0,-0.00729163746435,0.00944232132513,-0.999928834763,0.0,0.574775425765,0.147126432182,0.304480591303,1.0,-0.369375428571,-0.48546484898,1.403
