position_joint1,position_joint2,position_joint3,position_joint4,position_joint5,position_joint6,position_joint7,velocity_joint1,velocity_joint2,velocity_joint3,velocity_joint4,velocity_joint5,velocity_joint6,velocity_joint7,ee_T_00,ee_T_10,ee_T_20,ee_T_30,ee_T_01,ee_T_11,ee_T_21,ee_T_31,ee_T_02,ee_T_12,ee_T_22,ee_T_32,ee_T_03,ee_T_13,ee_T_23,ee_T_33,v_x,v_y,time
0.465078620325,0.547684700537,-0.12396979932,-1.35575468868,0.0794881475248,1.89408791559,0.159177959424,0.000748191328802,0.000166160601483,0.00113158140054,-0.00102544720477,-0.000711186977007,0.000164717213167,0.000923691662895,0.573796320869,0.818983636914,0.00208123144304,0.0,0.818942281039,-0.573737299447,-0.011823639481,0.0,-0.00848945060427,0.00848893269706,-0.999927931028,0.0,0.661690162196,0.260912391876,0.303318266039,1.0,0.0,0.0,0.0
0.465078620325,0.54768727542,-0.123975118224,-1.35574916055,0.0794854608758,1.89408921735,0.159170927215,0.000271911484248,0.00185496937757,-0.00146530599936,0.00122775862024,-7.17854032597e-05,0.00901813065295,-0.00187359558504,0.573793278061,0.818985767169,0.00208185675745,0.0,0.818944477284,-0.573734312393,-0.0118164635456,0.0,-0.00848324613564,0.00848529581515,-0.999928014554,0.0,0.661692993914,0.260909589878,0.30331935742,1.0,-0.0001,-0.000131428571429,0.006
0.465073703913,0.547675623025,-0.123970065637,-1.35575500112,0.0794845463495,1.89408756383,0.159179530822,0.000213615950807,-0.000888998020592,0.000436579401073,-0.000715217742763,-0.000457393855715,8.30634100161e-05,0.00132413503927,0.573800864146,0.818980440107,0.00208660691926,0.0,0.818939188013,-0.57374185473,-0.0118168256255,0.0,-0.00848073860796,0.00848947238016,-0.999928000374,0.0,0.661691807217,0.260908460622,0.303324519657,1.0,-0.0005,-0.000657142857143,0.026
0.465073324214,0.547666487204,-0.123970302953,-1.35576738902,0.079485224799,1.89408875477,0.159181455143,0.00136674238741,0.000576800861786,0.000910955362641,-0.000709469965191,-0.000142287836839,0.000353449742228,0.00219313149629,0.573803765055,0.818978409933,0.00208570691028,0.0,0.818937130318,-0.573744743019,-0.0118191939821,0.0,-0.00848316464611,0.00849012429984,-0.99992797426,0.0,0.661689561724,0.260906911979,0.30332520782,1.0,-0.00078,-0.00102514285714,0.04
0.465074660796,0.547567600537,-0.123972317042,-1.35585426026,0.0794864093524,1.89410794041,0.159170406541,-0.00199294037553,-0.00697038566083,-0.00039300671979,-0.0100794772725,0.000122557678834,0.000743197937827,-0.00057792820661,0.573800040294,0.818980939185,0.00211705273793,0.0,0.818940003911,-0.573740831364,-0.0118099670679,0.0,-0.00845766115925,0.00851046260966,-0.999928017406,0.0,0.661676136802,0.260899117669,0.30335564687,1.0,-0.00116,-0.00152457142857,0.059
0.465074618963,0.547468645642,-0.123968360151,-1.35599379777,0.0794830993805,1.89413764838,0.159174775895,0.000385937745578,-0.00733979999967,-0.000313401983439,-0.00937694769376,8.08471435827e-05,7.43223609717e-05,0.00113468330332,0.573807659525,0.818975612813,0.00211243652095,0.0,0.818934523786,-0.573748373627,-0.0118235533306,0.0,-0.00847135791617,0.00851455659181,-0.999927866609,0.0,0.661651973392,0.260887594722,0.303361771744,1.0,-0.00144,-0.00189257142857,0.073
0.465064788341,0.547319498591,-0.123972474059,-1.35620588903,0.0794783802836,1.89420936,0.159159873844,-0.00014891095548,-0.00894296826713,-0.000409999883138,-0.0149552632695,-0.000581945816823,0.00955023206005,-0.00262250480837,0.573816939368,0.818969081636,0.00212375134892,0.0,0.81892807917,-0.573757546611,-0.0118247941099,0.0,-0.00846578540179,0.00852463090319,-0.999927827968,0.0,0.661625362772,0.260859598781,0.303372827703,1.0,-0.00178,-0.00233942857143,0.09
0.465044992105,0.547156296853,-0.123968627781,-1.35640163621,0.0794761052418,1.89431613904,0.159155611833,-0.000634713584018,-0.012307463389,0.000305162421711,-0.0104594386892,-0.00477272506907,0.00286822030436,0.000167174145258,0.573837494554,0.818954497955,0.00219249288312,0.0,0.818914334416,-0.573777774368,-0.0117951443871,0.0,-0.00840184462461,0.00856412483904,-0.999928029796,0.0,0.661610497656,0.260834530017,0.303404402299,1.0,-0.0021,-0.00276,0.106
0.465017604155,0.546937924715,-0.123967900557,-1.35664464053,0.0794745973874,1.89444735776,0.159135617381,-7.84216519523e-06,-0.0120157810602,0.000329785840706,-0.00748533636901,0.000251344357848,0.00510175605512,0.000165208747454,0.573856402103,0.818940980876,0.00229052576366,0.0,0.818902031843,-0.573796243219,-0.0117507622068,0.0,-0.00830904562439,0.00861913226882,-0.999928332592,0.0,0.661593771452,0.26079953577,0.303454782647,1.0,-0.00246,-0.00323314285714,0.124
0.464984519566,0.546714732813,-0.123965817798,-1.35697040343,0.0794658566011,1.89458428064,0.159104760868,-0.00255754979294,-0.0175799351366,0.00158478306318,-0.0235752079519,-0.00082910079291,0.00484071702603,-0.00131835329903,0.573872769905,0.818929411922,0.00232575834131,0.0,0.818890837117,-0.573812389682,-0.0117424543682,0.0,-0.00828185174995,0.00864338342074,-0.99992834886,0.0,0.661560890156,0.260751001415,0.303469609337,1.0,-0.0028,-0.00368,0.141
0.464946982914,0.546461422842,-0.123973269384,-1.35734086033,0.0794597059761,1.89471090712,0.158975629133,-0.00249496048925,-0.0176058119928,0.00291615006618,-0.0261657828197,0.00899582337954,0.00349902499004,-0.013470350053,0.573821969323,0.818964960587,0.00234259578951,0.0,0.818926477702,-0.573761399826,-0.0117484930423,0.0,-0.0082776724728,0.00866012386694,-0.999928238622,0.0,0.66151967754,0.260688809699,0.303483903381,1.0,-0.00312,-0.00410057142857,0.157
0.464908254387,0.546183476013,-0.123970842656,-1.35778279401,0.0794434476971,1.89487855984,0.158950069277,-0.000692839186949,-0.0172496518932,-0.000166784023538,-0.0269664124415,4.67765265149e-06,0.011328077476,0.000425919339264,0.573851506587,0.818944239471,0.00235115423997,0.0,0.81890576999,-0.573790798953,-0.0117560969388,0.0,-0.00827867658709,0.0086717946721,-0.999928129163,0.0,0.661469478114,0.260624536429,0.303484825863,1.0,-0.00346,-0.00454742857143,0.174
0.464856526688,0.545888361558,-0.123970201158,-1.35828588427,0.0794195525043,1.89504869105,0.15890888901,-0.00590711293012,-0.0166783690115,0.000730057192491,-0.0283598175713,0.000662007493029,0.017417193603,-0.0020403915551,0.573881435775,0.818923349779,0.00232201663412,0.0,0.818884416038,-0.573820745031,-0.0117818777154,0.0,-0.00831619356289,0.00866303092508,-0.99992789381,0.0,0.661410372472,0.260542525366,0.303469035697,1.0,-0.0038,-0.00499428571429,0.191
0.464799922462,0.545564023834,-0.123974097932,-1.35883146724,0.0793352107924,1.89522923194,0.158817997328,-0.00320870742858,-0.021038581187,-0.00127712190656,-0.0329085244377,-0.00978705492499,0.00925630653302,-0.011522871848,0.573864082365,0.818935688922,0.0022581590207,0.0,0.81889635972,-0.573804086938,-0.0117630247869,0.0,-0.00833758045691,0.00859974119857,-0.999928262029,0.0,0.661350004296,0.260440921482,0.303454631418,1.0,-0.00412,-0.00541485714286,0.207
0.464731766925,0.545187411297,-0.123979658576,-1.3594942618,0.0792861645922,1.89544762479,0.15873312465,-0.00424254967059,-0.0224182849277,-0.000900674589638,-0.0417661406666,-0.000476384086875,0.0175601393989,-0.00255145141574,0.573878177894,0.81892598714,0.00219349610889,0.0,0.818885880974,-0.573818493999,-0.0117896898317,0.0,-0.00839637640596,0.00856223356161,-0.999928091924,0.0,0.661272983826,0.260325776822,0.303424828566,1.0,-0.00446,-0.00586171428571,0.224
0.464670488354,0.544774435232,-0.12398282858,-1.36018498647,0.0792694418768,1.89568001771,0.158666423092,-0.000880157976315,-0.0193653178093,-0.00111995761832,-0.0404204720199,-0.00385950497965,0.0135359583824,-0.00225212986869,0.573914886304,0.818900345386,0.00216206075824,0.0,0.818859574438,-0.573855060605,-0.0118369620461,0.0,-0.00845274554197,0.00856399776277,-0.999927601897,0.0,0.661182644983,0.26021295078,0.303406592821,1.0,-0.00482,-0.00633485714286,0.242
0.464604953778,0.544344789978,-0.123986047079,-1.36091025048,0.0792408550636,1.89594192841,0.158559893385,-0.00241285335943,-0.0234499715979,-0.00104141055131,-0.0436222759806,-0.000852122388776,0.021243185359,-0.00621904760454,0.573911514527,0.818902752269,0.00214539508798,0.0,0.81886163808,-0.573851627554,-0.0118606127969,0.0,-0.00848171329929,0.00856388887098,-0.999927357535,0.0,0.661105231102,0.260107424557,0.303390307897,1.0,-0.00514,-0.00675542857143,0.258
0.464545881323,0.543855680088,-0.123986418847,-1.36170924376,0.079208950972,1.89622426957,0.158459861904,-0.00488941252592,-0.0313252138715,0.000349743455893,-0.0479418615129,-0.00399164922921,0.0179237969422,-0.00376530530469,0.573914228435,0.818900889487,0.00213037512973,0.0,0.818859407551,-0.573854227751,-0.0118887702588,0.0,-0.00851336367354,0.00856777708295,-0.999927055257,0.0,0.66100782963,0.259993735719,0.303380595908,1.0,-0.00548,-0.00720228571429,0.275
0.464482976215,0.543399981239,-0.123991304146,-1.36244958274,0.0791699273495,1.89647518418,0.158382714678,-0.00379277756838,-0.0352775860523,-0.00532599226852,-0.0482323314725,-0.00382283642631,0.02106275104,-0.0117962485459,0.573936701942,0.818885208353,0.00210347463571,0.0,0.818843310883,-0.573876742023,-0.0119106712075,0.0,-0.00854650184913,0.00855855226444,-0.999926851569,0.0,0.660919103762,0.259878141151,0.303372517134,1.0,-0.00578,-0.00759657142857,0.29
0.464408511009,0.542859121865,-0.123992427553,-1.36332837462,0.0791153392195,1.89678321924,0.158260402524,-0.00143372576709,-0.0326730352954,-0.000325690289104,-0.0532986953902,-0.000890007722846,0.0197539451438,-0.00337185655961,0.573932582977,0.818888163535,0.00207670910599,0.0,0.818845901714,-0.573872717392,-0.0119264572143,0.0,-0.0085748330399,0.00854565166552,-0.999926719353,0.0,0.660815029966,0.259743133677,0.303363541801,1.0,-0.00612,-0.00804342857143,0.307
0.464340228761,0.542271601898,-0.123990073463,-1.36424825117,0.0790565713094,1.89711211393,0.15812880812,-0.00295291792869,-0.0341140448826,0.00075109764414,-0.0538236005161,-0.0023380596537,0.017000745782,-0.0115833606991,0.573914474614,0.818900864838,0.00207275099784,0.0,0.818858542531,-0.57385461867,-0.0119294113498,0.0,-0.00857971272392,0.00854391620524,-0.999926692326,0.0,0.660704573372,0.259610712824,0.303369632235,1.0,-0.00646,-0.00849028571429,0.324
0.464263097388,0.541682753838,-0.123993130699,-1.36514658544,0.079011542676,1.8974419517,0.158021640048,-0.00629511616658,-0.041392261123,-0.000570902380296,-0.0572045723751,-0.00118141361211,0.0207682817072,-0.00553444643783,0.573929857596,0.818890028539,0.00209442615981,0.0,0.818847911883,-0.573869834155,-0.0119271770651,0.0,-0.00856528328247,0.00856054433904,-0.999926673813,0.0,0.660601937341,0.259474178378,0.303387120628,1.0,-0.00678,-0.00891085714286,0.34
0.464185421934,0.541037965424,-0.123996359695,-1.36615903453,0.0789528252824,1.8978244711,0.157884110198,0.000197151827769,-0.0422169842279,-0.000511668412741,-0.0647161442592,-0.000222948991167,0.0218118803411,-0.00815657136893,0.573923663956,0.81889433752,0.00210685292429,0.0,0.81885237742,-0.57386358508,-0.0119212673019,0.0,-0.00855337679625,0.00856726388123,-0.999926718182,0.0,0.660485741826,0.259325738511,0.303394323306,1.0,-0.00712,-0.00935771428571,0.357
0.46409027044,0.540333855903,-0.123993541169,-1.36721735734,0.0788871045038,1.89821356047,0.157755339522,-0.00273864825686,-0.0429159864308,0.000504544327485,-0.0559753753852,-0.00251750729835,0.0221507861735,-0.0105706471826,0.57393517563,0.818886192427,0.00213656922162,0.0,0.818844612972,-0.573874967927,-0.0119066323886,0.0,-0.00852421738536,0.00858331860393,-0.999926829503,0.0,0.66036517992,0.259163922337,0.30342187733,1.0,-0.00746,-0.00980457142857,0.374
0.463978597962,0.539508391151,-0.123996567732,-1.36848567526,0.0788074216639,1.89870426227,0.157602914617,-0.003129946398,-0.0453833737256,0.00123406550894,-0.0681793411652,-0.00848838285722,0.0332407626213,-0.00700431773595,0.573954648869,0.818872458458,0.00216903712918,0.0,0.818831373029,-0.5738943799,-0.0118815051436,0.0,-0.00848480246762,0.00859568625697,-0.999927058492,0.0,0.660234034374,0.258979442788,0.303441404155,1.0,-0.00782,-0.0102777142857,0.392
0.463889229889,0.538807993975,-0.124006656024,-1.36957982877,0.0787522207986,1.89912586252,0.157471733664,-0.00467919769077,-0.0439789861685,-0.000516216978402,-0.0696338075329,-0.000349553367653,0.0299026310406,-0.00232262056081,0.573971609483,0.818860488565,0.00219969901725,0.0,0.818819761481,-0.573911174628,-0.0118704990221,0.0,-0.00845801362488,0.00861465231245,-0.99992712223,0.0,0.660103702278,0.25880325629,0.303455026561,1.0,-0.00816,-0.0107245714286,0.409
0.463766523964,0.538036291018,-0.124005262703,-1.37077916079,0.0786809701697,1.89958143369,0.157312901654,-0.00841061911966,-0.0398875128326,0.00104095592902,-0.0691377963083,-0.00546112119198,0.0209648602673,-0.0170867455226,0.573988251029,0.818848758804,0.002223687508,0.0,0.818808332531,-0.573927707412,-0.0118595170543,0.0,-0.00843507734786,0.00862816343144,-0.999927199483,0.0,0.65997264828,0.258610223447,0.303468670325,1.0,-0.0085,-0.0111714285714,0.426
0.463675757461,0.537329202758,-0.124017227399,-1.3718994168,0.0786104905083,1.90000256378,0.157173218315,-0.00780801464141,-0.0449931892016,-0.000101136824009,-0.0779884051103,-0.00697334002736,0.0155199013053,-0.00189870585467,0.573997338153,0.818842383649,0.00222563130716,0.0,0.818802061445,-0.573936866344,-0.0118492415603,0.0,-0.00842545156166,0.00862395065485,-0.999927316979,0.0,0.659837423321,0.25842907774,0.303469072104,1.0,-0.00882,-0.011592,0.442
0.463556775311,0.53648890208,-0.124017923775,-1.37319444372,0.0785434577235,1.90049902572,0.157015988973,-0.00599973378411,-0.0460828852779,-0.000586279937533,-0.0790633657381,-0.00344098650803,0.0273513013814,-0.0123579947056,0.574022150422,0.818824880663,0.00226550950937,0.0,0.818784996834,-0.573961436632,-0.0118382904254,0.0,-0.00839333324982,0.00865057267409,-0.999927357136,0.0,0.659701345299,0.258238095622,0.303491537478,1.0,-0.00914,-0.0120125714286,0.458
0.463433053856,0.53552020489,-0.124036715502,-1.37472822767,0.0784511984296,1.90104473861,0.156827723964,-0.00403109826584,-0.0564009996322,-0.00482951968085,-0.0862458247266,-0.00354723133814,0.0262014391238,-0.0115530621149,0.574041955786,0.818811053753,0.00224458244489,0.0,0.818770936819,-0.573981361634,-0.011844678907,0.0,-0.00841036745482,0.00863730781154,-0.999927328676,0.0,0.659521057339,0.257998335268,0.303493071924,1.0,-0.00952,-0.012512,0.477
0.463312080965,0.534667036401,-0.124030795171,-1.37608682881,0.0783803967666,1.9015466695,0.156668390734,-0.0116801393906,-0.0487396895467,-0.00250028295591,-0.0830060399991,-0.00315432613252,0.0327830648377,-0.00651139181227,0.57406197646,0.818797007618,0.00224819915428,0.0,0.818756791701,-0.574001215596,-0.0118603304618,0.0,-0.00842089617236,0.00864945960192,-0.999927135023,0.0,0.659361765631,0.257794523547,0.303491704912,1.0,-0.00984,-0.0129325714286,0.493
0.463190576007,0.533756503956,-0.124033972176,-1.37756636584,0.0782891389338,1.90208981941,0.156482674583,-0.0092093189076,-0.0543363954645,0.000813557241218,-0.0916092646441,-0.00314726839699,0.0315748079719,-0.0126464758745,0.574068219835,0.818792699086,0.00222301600785,0.0,0.81875215798,-0.574007560366,-0.0118731354632,0.0,-0.00844577124448,0.00863625516755,-0.999927039361,0.0,0.659187089524,0.257570991116,0.303476923319,1.0,-0.01018,-0.0133794285714,0.51
0.463064990353,0.53283394513,-0.124031481583,-1.37905495648,0.0782091046722,1.90265492964,0.156294020655,-0.00945348703326,-0.06024955872,-0.000102456538849,-0.0919612814831,-0.00652852764639,0.0318923840014,-0.00673801893831,0.574074904709,0.818788003096,0.00222635811949,0.0,0.818747402899,-0.574014126198,-0.0118836052061,0.0,-0.00845235509976,0.00864507089896,-0.99992690755,0.0,0.65901376243,0.257350457538,0.303467870439,1.0,-0.01052,-0.0138262857143,0.527
0.462937380138,0.531917592257,-0.124029276621,-1.38051490135,0.078128740426,1.90319499198,0.156106433064,-0.00918897861348,-0.054860426935,0.00157076684557,-0.0906804937918,-0.00207651324632,0.0348478457804,-0.0133282269956,0.574082388565,0.81878275336,0.00222729455386,0.0,0.818742063542,-0.574021501256,-0.0118952252824,0.0,-0.00846125325039,0.00865258567089,-0.999926767296,0.0,0.658842169826,0.257130020025,0.30346571459,1.0,-0.01084,-0.0142468571429,0.543
0.462808709622,0.530914772952,-0.12402870355,-1.38213150994,0.0780261780578,1.90376695005,0.155902991571,-0.00667809470001,-0.0571208774924,0.00108195287066,-0.0896131340158,-0.00457607713628,0.0265990599011,-0.016231497148,0.574081124769,0.818783743094,0.00218886491894,0.0,0.818742528296,-0.574020367075,-0.0119179462541,0.0,-0.00850193128822,0.00863415102249,-0.999926581605,0.0,0.658644138041,0.256889093555,0.303452526809,1.0,-0.01118,-0.0146937142857,0.56
0.46265912115,0.529828657949,-0.124039074462,-1.38387129538,0.0779210335463,1.90438730027,0.155666945559,-0.00840516446842,-0.0607688718016,-0.00296497380034,-0.0930827125879,-0.00324325579806,0.0318928681687,-0.0177537041832,0.574083848617,0.818781915376,0.00215794148639,0.0,0.818740284801,-0.574023203077,-0.0119354629173,0.0,-0.00853399701013,0.00861891605457,-0.999926439885,0.0,0.658436724919,0.25661739028,0.303443716338,1.0,-0.01154,-0.0151668571429,0.578
0.46252511081,0.528832119937,-0.124042418591,-1.38543283254,0.0778143677801,1.90496854851,0.155458366553,-0.00913273842976,-0.0603889079673,-0.0022830367473,-0.0941614504913,-0.00303567623946,0.0315339188465,-0.016693360976,0.574081150104,0.818783792301,0.00216366835896,0.0,0.818742344461,-0.574020590882,-0.0119197957812,0.0,-0.00851790939944,0.00861458283333,-0.999926614398,0.0,0.658254821071,0.256377143203,0.303452758774,1.0,-0.01186,-0.0155874285714,0.594
0.462380430255,0.527726688473,-0.12404360228,-1.38715963078,0.0777077218585,1.90563526375,0.155206740006,-0.0114135518698,-0.0604374394257,0.000146326438431,-0.101601456672,-0.00432690015985,0.0396574522347,-0.020520584651,0.574059379615,0.818798960543,0.0021994980046,0.0,0.818758017881,-0.573998717738,-0.0118965159618,0.0,-0.00847850910685,0.00863032935976,-0.999926813471,0.0,0.658055951849,0.256118750436,0.303466929405,1.0,-0.0122,-0.0160342857143,0.611
0.462209470792,0.526359864593,-0.124044026588,-1.38926972922,0.0775793769963,1.90643617455,0.154928299497,-0.0155119990368,-0.0653656912754,0.000306965119719,-0.105919805559,-0.00385061579095,0.0436885377985,-0.0183343570363,0.574051170722,0.818804586091,0.00224724069614,0.0,0.818764273853,-0.573990328893,-0.011870682406,0.0,-0.00843003707215,0.00865450615526,-0.999927014336,0.0,0.65780806727,0.255807077425,0.303493902857,1.0,-0.0126,-0.01656,0.631
0.462096540307,0.52546720731,-0.124052122797,-1.39065794684,0.0774890918118,1.90693248391,0.154751585277,-0.0124751175997,-0.0701853317348,-0.000735493718116,-0.10752246171,-0.00630510429898,0.0420374505486,-0.0142110241794,0.574054996557,0.818801915453,0.00224300679995,0.0,0.818761597683,-0.573994221858,-0.0118670271849,0.0,-0.0084294339397,0.0086489806006,-0.999927067229,0.0,0.657640492668,0.255594122028,0.303504387437,1.0,-0.01286,-0.0169017142857,0.644
0.461945870954,0.524284527112,-0.12405532205,-1.39253243671,0.0773819677687,1.90760682594,0.154486611481,-0.00736954941052,-0.0750124619758,0.000454379857142,-0.111528250755,-0.0090783652398,0.0452967583783,-0.0171588482257,0.57403553839,0.818815589508,0.00223113097561,0.0,0.818775014426,-0.573974707951,-0.0118851707875,0.0,-0.00845131308861,0.00864947123772,-0.999926878304,0.0,0.657410891181,0.25531465833,0.303502484642,1.0,-0.0132,-0.0173485714286,0.661
0.461764302824,0.522960839672,-0.124056559946,-1.39466894499,0.0772450409884,1.9083996274,0.154198806993,-0.0110855458157,-0.0725815342283,-0.0018134102635,-0.116014301969,-0.00733124571846,0.0495620943416,-0.00614041946254,0.574027165058,0.818821522217,0.00220803790705,0.0,0.818780679924,-0.573966461989,-0.011893090246,0.0,-0.00847114164934,0.00863502190743,-0.999926835401,0.0,0.657155421277,0.25499004024,0.303484867652,1.0,-0.01358,-0.017848,0.68
0.461630473609,0.521930214979,-0.124057069526,-1.39626534169,0.0771455484638,1.90903124432,0.153985576529,-0.00983285048747,-0.0727991513921,0.000201652172043,-0.113075857999,-0.00590050256276,0.0505801966093,-0.022316609363,0.574021338807,0.818825463068,0.00226064758171,0.0,0.81878536784,-0.573960491589,-0.0118584318973,0.0,-0.00841262556136,0.0086581448117,-0.999927129475,0.0,0.656972241163,0.254752599833,0.303504017198,1.0,-0.01386,-0.018216,0.694
0.461461938464,0.5206947045,-0.124065217045,-1.39829526749,0.0770206722698,1.90979286974,0.153706073037,-0.0102020908197,-0.0760470959236,-0.00233532299558,-0.120367852205,-0.0108133567956,0.0419154927201,-0.0189615944918,0.574012429834,0.818831818099,0.00222057784566,0.0,0.818791210068,-0.573951751068,-0.0118780748223,0.0,-0.00845180378277,0.00863651849153,-0.999926986115,0.0,0.6567140838,0.25442710434,0.30346749422,1.0,-0.01422,-0.0186891428571,0.712
0.461284176201,0.519291100283,-0.124071029193,-1.40047631196,0.076881004527,1.91056510286,0.153419928503,-0.011802770257,-0.0772318299523,0.000807022686061,-0.121574252686,-0.00741392827773,0.0409081646473,-0.023412853114,0.574004599378,0.818837311837,0.00221890455777,0.0,0.818796704384,-0.57394395109,-0.0118762282706,0.0,-0.00845133469724,0.00863400762123,-0.999927011763,0.0,0.65645966762,0.254113238141,0.303486586585,1.0,-0.01456,-0.019136,0.729
0.461109237508,0.517942218297,-0.124075785008,-1.40257585244,0.0767377785544,1.91132515473,0.153129041718,-0.0130576734972,-0.0770537400836,0.00153625646328,-0.127182329459,-0.00741720128178,0.0486982630944,-0.0124232833063,0.573985570026,0.818850654122,0.00221777986757,0.0,0.818810133491,-0.57392503224,-0.0118646348988,0.0,-0.00844268721368,0.00862623593672,-0.99992715189,0.0,0.656203579183,0.253792635053,0.30349996583,1.0,-0.0149,-0.0195828571429,0.746
0.460929654079,0.516588287333,-0.124076240547,-1.40470464295,0.0766104464062,1.91210895554,0.152830040586,-0.00911443683929,-0.0724154266196,0.000726913882881,-0.119579783442,-0.0107352984224,0.0462762507247,-0.0198236967136,0.573966413827,0.818864058727,0.00222621301386,0.0,0.81882358686,-0.573905782692,-0.0118673121092,0.0,-0.00844024133859,0.00863448053872,-0.999927101379,0.0,0.655944008335,0.253472282025,0.303504523726,1.0,-0.01524,-0.0200297142857,0.763
0.460745918591,0.515208553661,-0.12407867747,-1.40688224014,0.0764771012063,1.91292600146,0.152533678904,-0.00598644807529,-0.0787089704461,0.00214843351743,-0.123083962324,-0.00927419784694,0.0497628286565,-0.0168378642004,0.573954937004,0.818872064579,0.002240321797,0.0,0.818831771457,-0.573894246568,-0.0118604683735,0.0,-0.00842666067346,0.00864198742886,-0.999927151068,0.0,0.655681214442,0.25314392772,0.303506475882,1.0,-0.01558,-0.0204765714286,0.78
0.460582183372,0.513979029909,-0.124084802056,-1.40886431067,0.0763595013013,1.91363713367,0.152269635957,-0.0155629550204,-0.0833522358812,0.000756621673269,-0.136788265051,-0.00246600603204,0.0431438927359,-0.0149927812504,0.573949669111,0.818875852861,0.00220495594607,0.0,0.818835026432,-0.573889045139,-0.0118873991971,0.0,-0.00846906714918,0.00862843012019,-0.999926909877,0.0,0.655433892025,0.252843209647,0.303486768211,1.0,-0.01588,-0.0208708571429,0.795
0.460386399315,0.512573064068,-0.124087257139,-1.41113587436,0.076220921939,1.91442024778,0.151955887502,-0.00724627069086,-0.0823813324306,0.000147057386059,-0.13400944639,-0.0116368282607,0.0422117608225,-0.0151577724553,0.573936293814,0.818885412417,0.0021351520918,0.0,0.818843554282,-0.573875829871,-0.011937855808,0.0,-0.00855058842348,0.00860008982472,-0.999926460242,0.0,0.655144374615,0.252493194292,0.303458650559,1.0,-0.01622,-0.0213177142857,0.812
0.460175438948,0.511056923934,-0.124093603517,-1.41356630988,0.0760787096161,1.91534291552,0.151596617941,-0.00525954328369,-0.0884662546478,-0.00083743300794,-0.130495058634,-0.00686549779574,0.0494034268561,-0.0245341379288,0.573908396333,0.818904946372,0.00214203829632,0.0,0.818863134523,-0.573847863978,-0.0119391300975,0.0,-0.00854797316628,0.00860616889687,-0.9999264303,0.0,0.654851780278,0.252122406788,0.303443845163,1.0,-0.01658,-0.0217908571429,0.83
0.459989940469,0.509665654848,-0.124094015754,-1.41577416709,0.0759364637927,1.91617906534,0.151289419026,-0.0123574546211,-0.0865550640557,0.000331664161869,-0.143226337098,-0.00326240521391,0.0477910537527,-0.0250321516662,0.573885814339,0.818920743709,0.00215279460347,0.0,0.81887912326,-0.573825292547,-0.0119273644614,0.0,-0.00853240245725,0.00860798955476,-0.999926547614,0.0,0.654583004092,0.251790759465,0.303439338074,1.0,-0.0169,-0.0222114285714,0.846
0.459780565053,0.508162655524,-0.124099587465,-1.41815949727,0.0757837088851,1.91702633097,0.150959416059,-0.011421202799,-0.0903741140658,-0.00329422573101,-0.147215771831,-0.00840686384566,0.04821983912,-0.0162858178078,0.573873437836,0.818929506247,0.00211850080305,0.0,0.818887425348,-0.573813044324,-0.0119466176286,0.0,-0.00856797924084,0.00859082559724,-0.999926391015,0.0,0.654283812019,0.251420083059,0.303429196069,1.0,-0.01724,-0.0226582857143,0.863
0.459545146031,0.506537302178,-0.124103595846,-1.42072131325,0.0756205222187,1.91795633559,0.150614897315,-0.00961618142299,-0.0959508490448,0.000603107187452,-0.14400018839,-0.0118598677571,0.0579905226322,-0.0171175459244,0.573875378665,0.818928171947,0.00210851975861,0.0,0.818885961014,-0.573815026086,-0.011951802937,0.0,-0.00857793296214,0.00858564796535,-0.999926350145,0.0,0.653967843756,0.251017949902,0.303427192082,1.0,-0.0176,-0.0231314285714,0.881
0.459339317202,0.505035076477,-0.124112741688,-1.42302503444,0.0754807791995,1.91884847032,0.150292396633,-0.0126652508523,-0.0927238130322,-0.000857302605569,-0.142969577078,-0.0116273436531,0.0518409949327,-0.018238727843,0.573867773282,0.818933306473,0.00218294244393,0.0,0.818892118085,-0.573807171379,-0.0119069690836,0.0,-0.00849858915682,0.00862078617295,-0.999926725329,0.0,0.653694381599,0.250662369005,0.303458230168,1.0,-0.01792,-0.023552,0.897
0.459117665789,0.50336974734,-0.124111023396,-1.42550160433,0.0753261202866,1.91978644074,0.149944083906,-0.017540257598,-0.095626074501,0.00175184217779,-0.143394159263,-0.00518601091138,0.0458237479112,-0.0213170490447,0.573848372964,0.818946607223,0.0022904727975,0.0,0.818906838606,-0.573787367165,-0.0118487918395,0.0,-0.00838944504342,0.00867526078184,-0.999927175879,0.0,0.653394205829,0.250285257922,0.303523919525,1.0,-0.01826,-0.0239988571429,0.914
0.458900772361,0.501782052807,-0.124117451341,-1.42786984304,0.0751713208715,1.920656564,0.149621054044,-0.0154379310729,-0.0907490959979,0.00680709192206,-0.148573974354,-0.00993124019344,0.0553430997989,-0.0154776272249,0.573845307408,0.818948552834,0.00236175313699,0.0,0.818909786887,-0.573784105578,-0.0118028821964,0.0,-0.00831097689476,0.00870725896211,-0.999927553028,0.0,0.653104086957,0.24991384685,0.303580711437,1.0,-0.01858,-0.0244194285714,0.93
0.458674493108,0.500162515804,-0.124117763674,-1.43032017579,0.0750112948955,1.92151635213,0.149273683028,-0.0112372241649,-0.0967147081634,0.00150402513503,-0.143314813789,-0.0180081761858,0.058402327442,-0.0204630377494,0.573827727577,0.818960805471,0.00238433797142,0.0,0.818922313125,-0.573766421105,-0.0117934719048,0.0,-0.00829049780369,0.00872017664066,-0.999927610463,0.0,0.652793187746,0.24952919196,0.303618999035,1.0,-0.0189,-0.02484,0.946
0.458408982892,0.498400907385,-0.12412285393,-1.43309669344,0.0748352371146,1.92254186646,0.148875080286,-0.016131208385,-0.0890216939066,-0.000602585347024,-0.150677712156,-0.015537036213,0.0581959713603,-0.0260048807783,0.573816048585,0.818968975954,0.002388663294,0.0,0.818930550445,-0.57375473837,-0.0117898535275,0.0,-0.00828517690209,0.0087215244271,-0.99992764281,0.0,0.65245101727,0.249088014377,0.303615145706,1.0,-0.01926,-0.0253131428571,0.964
0.458176068063,0.496915246733,-0.124125180625,-1.43544898669,0.0746986060111,1.92338675373,0.148522018431,-0.0174035201158,-0.0927992199689,-0.000578028887399,-0.160004768853,-0.0129678636481,0.0504118213694,-0.0189833564247,0.573801686121,0.818979079291,0.00237478174,0.0,0.818940325196,-0.573740274839,-0.0118147236985,0.0,-0.0083136636723,0.00872428087914,-0.999927382323,0.0,0.652155968091,0.248710635247,0.303604487558,1.0,-0.01956,-0.0257074285714,0.979
0.457910125459,0.495242832623,-0.124120959664,-1.43816995163,0.0745244193124,1.92431575302,0.148122396404,-0.016967161156,-0.0899523109038,-0.00166166235429,-0.161175208316,-0.00976719799004,0.0587294541373,-0.0224847190264,0.573779061087,0.818995221835,0.00227212909567,0.0,0.818954981583,-0.573717895882,-0.0118853265292,0.0,-0.0084306268291,0.00868049006466,-0.999926784131,0.0,0.651801006739,0.248274222911,0.30355508249,1.0,-0.0199,-0.0261542857143,0.996
0.457644652208,0.493631808134,-0.124135758013,-1.44078787173,0.0743586855098,1.92525744034,0.14776374693,-0.0201689626591,-0.100686563964,-0.00242005501127,-0.170719874522,-0.00962093788312,0.0607569663845,-0.0188306230113,0.573800231912,0.818980559179,0.00221007819589,0.0,0.818939508846,-0.573739310127,-0.011917708161,0.0,-0.00849252606184,0.00864847056876,-0.999926537781,0.0,0.651474410875,0.247840644867,0.303513055222,1.0,-0.0215891428571,-0.0283743020408,1.012
0.457362187209,0.491698397606,-0.124155509759,-1.44383935715,0.0741753694438,1.92640281811,0.147320857027,-0.0186224731302,-0.112051784945,0.00170030519651,-0.189021106793,-0.0105692933006,0.0708484884437,-0.0286819500366,0.57378673094,0.818989963748,0.00223015214034,0.0,0.81894917737,-0.573725732639,-0.0119069515194,0.0,-0.0084723412414,0.00865859875336,-0.999926621359,0.0,0.651096591315,0.247356952804,0.30350610696,1.0,-0.024076,-0.0316427428571,1.029
0.457023042954,0.489591287553,-0.124171792086,-1.44725796626,0.0739622508402,1.92760311728,0.146834021549,-0.0256040261256,-0.127111210558,-0.00154748797368,-0.209488940435,-0.0145403892622,0.0743588747218,-0.0218536127021,0.573790145919,0.818987833744,0.00213155502143,0.0,0.818945661693,-0.573729446819,-0.01196962611,0.0,-0.00858020747079,0.00861384709293,-0.999926088108,0.0,0.650657920378,0.24679648759,0.303449097576,1.0,-0.0265628571429,-0.0349111836735,1.046
0.456642821116,0.487204378598,-0.124188306267,-1.45095328394,0.0737312106324,1.92899691367,0.146285641535,-0.0245280324893,-0.138419427155,-0.000219662951064,-0.214543646958,-0.0158985541666,0.0855848446846,-0.0319551131617,0.573785390981,0.818990988363,0.00219840370311,0.0,0.818949751311,-0.573724483047,-0.0119276687285,0.0,-0.00850753896921,0.00864447066366,-0.999926444749,0.0,0.650206774184,0.246190343054,0.303470289125,1.0,-0.0290497142857,-0.0381796244898,1.063
0.456240522037,0.484752509498,-0.124213547917,-1.4546931183,0.0735063500285,1.93040981811,0.145723113558,-0.022369214002,-0.156104750254,-0.00360522594932,-0.23983688995,-0.0210049827859,0.0860843768976,-0.0388604136284,0.573796470279,0.818982938816,0.00230293827137,0.0,0.818943096627,-0.573735178205,-0.0118699906593,0.0,-0.00840020486433,0.00869710158801,-0.999926895819,0.0,0.649754889508,0.245562842131,0.303515907304,1.0,-0.0313902857143,-0.0412558040816,1.079
0.455783740084,0.481980210963,-0.124255429075,-1.45901902637,0.0732331313469,1.93187970231,0.145067170869,-0.0279640510554,-0.168984628445,-0.00571605180677,-0.265266155908,-0.0113307578125,0.0929974880135,-0.0349051601254,0.573801108281,0.818979901276,0.00222628441734,0.0,0.818938990587,-0.573740048191,-0.0119177891965,0.0,-0.00848328462018,0.00866179852916,-0.999926500863,0.0,0.649195831391,0.244821859835,0.303508928659,1.0,-0.0338771428571,-0.044524244898,1.096
0.455292064372,0.478962946378,-0.124308469251,-1.46367677182,0.0729582179369,1.93356738074,0.144375928599,-0.0372319454009,-0.175748643294,-0.00230275979009,-0.275540063159,-0.016520169906,0.103339756846,-0.0457952872301,0.573828928112,0.818960301906,0.0022654063718,0.0,0.818919857616,-0.573767663487,-0.0119030265176,0.0,-0.00844845192853,0.00868565443708,-0.999926588839,0.0,0.648612798891,0.244030250855,0.303531105427,1.0,-0.036364,-0.0477926857143,1.113
0.454755545145,0.475736322833,-0.124330005102,-1.4685667848,0.0726452269591,1.93539109281,0.143679226633,-0.0292933534549,-0.192558731873,-0.000209167902069,-0.285568489477,-0.0227054507096,0.108723047391,-0.0480599753548,0.573865125851,0.818934572744,0.00239369955156,0.0,0.8188959085,-0.573803470078,-0.0118243676231,0.0,-0.00831003033222,0.00874595136976,-0.999927223217,0.0,0.648007110644,0.243206912922,0.303596102258,1.0,-0.0388508571429,-0.0510611265306,1.13
0.454174880169,0.472347642249,-0.124341834638,-1.4738033432,0.0723290990275,1.9372368457,0.142907501737,-0.0402909029956,-0.20735534653,0.00101710349812,-0.31626719627,-0.0254328698524,0.105353685678,-0.0491130650992,0.573882874794,0.818922114639,0.00240064022021,0.0,0.818883249383,-0.573820883466,-0.0118559892014,0.0,-0.00833175466798,0.00876996207948,-0.999926832138,0.0,0.647328515867,0.242323698823,0.303607542999,1.0,-0.0413377142857,-0.0543295673469,1.147
0.453577935691,0.468736594453,-0.12434894089,-1.47927920604,0.0719964275594,1.93927635358,0.142052553377,-0.0369230902743,-0.216442218396,0.000348157120358,-0.321252252343,-0.0151710974172,0.122314251689,-0.0525123522576,0.573847752203,0.818946258097,0.00255549257825,0.0,0.818909283797,-0.573785047234,-0.0117920050337,0.0,-0.00819087266778,0.00885970275629,-0.999927204986,0.0,0.646633892614,0.241418253495,0.303672363747,1.0,-0.0438245714286,-0.0575980081633,1.164
0.452997312159,0.465151263549,-0.124352373964,-1.4847248619,0.0716344846827,1.94123553181,0.141201203004,-0.0323912796708,-0.222488905537,-0.000388281373978,-0.351812038118,-0.0246485137496,0.116446419209,-0.0511587228292,0.573786595869,0.818988862256,0.00263302159543,0.0,0.818952901649,-0.573723620951,-0.0117515336922,0.0,-0.00811390474236,0.00889936452951,-0.999927480301,0.0,0.64592147789,0.240519732797,0.303723633292,1.0,-0.0461651428571,-0.0606741877551,1.18
0.45230348328,0.461193679936,-0.124352785389,-1.49090789056,0.0712223031939,1.9433613762,0.140274792016,-0.0420168590342,-0.231643027602,0.00214679166423,-0.373848097986,-0.0230586823101,0.129678315154,-0.0468242367296,0.573772367912,0.818999113653,0.00254333569166,0.0,0.818961784603,-0.573709505625,-0.0118213965841,0.0,-0.00822273577536,0.00886585614217,-0.999926888933,0.0,0.645091066035,0.239472276597,0.303691942086,1.0,-0.048652,-0.0639426285714,1.197
0.451588373039,0.45708743694,-0.124365657565,-1.49728262724,0.0707857025728,1.94560923638,0.139311973805,-0.0429691102332,-0.241982951377,-0.000942958561795,-0.382398783597,-0.0239203850858,0.134492842267,-0.0557884437314,0.573754049405,0.819012049842,0.00250996140872,0.0,0.818974312585,-0.573691343314,-0.0118348990029,0.0,-0.00825314065831,0.00884608546106,-0.999926813543,0.0,0.644243013175,0.238388478491,0.303678403105,1.0,-0.0511388571429,-0.0672110693878,1.214
0.450794639764,0.452778445328,-0.124390748967,-1.50394810851,0.0703288890769,1.94797953022,0.13823260481,-0.0472780420658,-0.262146182921,-0.0034140064711,-0.398376111855,-0.0270014499745,0.13402257561,-0.0628246995646,0.573718312983,0.819037103822,0.00250336027873,0.0,0.818999378199,-0.573655740927,-0.0118260861038,0.0,-0.00825009515644,0.00883526278656,-0.999926934361,0.0,0.643366451274,0.237221525467,0.303672631152,1.0,-0.0536257142857,-0.0704795102041,1.231
0.449934084974,0.447924658464,-0.124452749908,-1.5112133446,0.0698348059857,1.95065492759,0.137144090057,-0.0490454804231,-0.266435188532,-0.00157952006218,-0.408948117989,-0.0282549316713,0.145727817215,-0.0590899508593,0.573770765425,0.818999731395,0.00270104070114,0.0,0.818964983788,-0.573707914699,-0.0116760799105,0.0,-0.00801325216219,0.00891162263776,-0.999928182807,0.0,0.642430804067,0.23594215099,0.303777318029,1.0,-0.0562588571429,-0.0739402122449,1.249
0.449117749461,0.443505751872,-0.124469616756,-1.51810627448,0.0693760845674,1.95290956897,0.136118395997,-0.0508717989773,-0.282252363912,-0.00408483823955,-0.438838600883,-0.0269797347187,0.14652919508,-0.0738162431642,0.573793293605,0.818984539937,0.00251524542671,0.0,0.818946967817,-0.573730665919,-0.0118209047355,0.0,-0.00823822340416,0.00884277872798,-0.999926965803,0.0,0.641462750457,0.234735924602,0.30371900286,1.0,-0.0585994285714,-0.0770163918367,1.265
0.448200862457,0.438664596328,-0.124487385785,-1.52563277588,0.068851767338,1.95551576868,0.134878737036,-0.0568292523941,-0.28712866162,0.00112810722642,-0.450970527403,-0.0224307522896,0.160470188074,-0.0775808153709,0.573723147984,0.81903386782,0.00245351443307,0.0,0.818995430677,-0.573660698338,-0.011858946532,0.0,-0.00830555395099,0.00881333892999,-0.999926668726,0.0,0.640374613068,0.233337171831,0.303684331898,1.0,-0.0612325714286,-0.0804770938775,1.283
0.44728050245,0.433864655074,-0.124503742071,-1.5327773748,0.0683805418898,1.95814957129,0.133714772232,-0.0588792067812,-0.30523163489,-0.00154828691187,-0.44954072198,-0.0337693491918,0.168879852755,-0.0719612863409,0.573725308199,0.819031671703,0.00267177460961,0.0,0.818996159026,-0.573662140232,-0.0117382821172,0.0,-0.00808148447822,0.00892289446184,-0.999927533156,0.0,0.639492782246,0.232139329341,0.303777384554,1.0,-0.0634268571429,-0.0833610122449,1.298
0.446238298095,0.428694108939,-0.124546899988,-1.54074127968,0.0677933952128,1.9609147804,0.132454561622,-0.0604772978775,-0.317183807601,-0.00128903932352,-0.485980619365,-0.0410803306491,0.165863339626,-0.0717058660978,0.573757947252,0.819009010654,0.00260870339579,0.0,0.8189729911,-0.573695345305,-0.0117319020747,0.0,-0.00811208869866,0.00886790040923,-0.999927774571,0.0,0.638407565205,0.230676967077,0.303750946102,1.0,-0.0659137142857,-0.0866294530612,1.315
0.445027615396,0.422657954674,-0.124662660143,-1.55003549476,0.0671147346989,1.96393760855,0.130898666379,-0.0620981417929,-0.318704832785,-0.00437908911393,-0.494115552921,-0.034891044384,0.166795901093,-0.0825523874174,0.573764951512,0.819004836107,0.00236764652562,0.0,0.818965871237,-0.573703448547,-0.011832234573,0.0,-0.00833249078679,0.00872811123886,-0.999927192185,0.0,0.637097756458,0.228926725932,0.303697329721,1.0,-0.0686931428571,-0.0902824163265,1.334
0.443947286829,0.417377733648,-0.124698204659,-1.55792083904,0.0665629959614,1.96674568228,0.129663161587,-0.0688695183507,-0.335875801274,-0.00178117438616,-0.493568812632,-0.0361336475683,0.182793792235,-0.0896866838129,0.57384063752,0.818951349659,0.00252121491685,0.0,0.818914547336,-0.573778726207,-0.0117339002562,0.0,-0.00816303113174,0.00879821776894,-0.99992797555,0.0,0.636024924986,0.227468777158,0.303771303099,1.0,-0.0710337142857,-0.0933585959184,1.35
0.44274301245,0.411653097079,-0.1247036955,-1.56649711043,0.0659834929033,1.96985362934,0.128172214743,-0.0758598687803,-0.336285776412,-0.00104784362258,-0.515675109601,-0.0410577040593,0.176151084323,-0.084792504731,0.573803075928,0.818976979214,0.00273577671426,0.0,0.818942901029,-0.57374034536,-0.0116313310231,0.0,-0.00795632005251,0.00891471007296,-0.999928609909,0.0,0.634854182301,0.225893427741,0.30383559636,1.0,-0.0735205714286,-0.0966270367347,1.367
0.441714670164,0.406845691979,-0.124746112836,-1.57389367991,0.0654444643728,1.97222625358,0.126985446811,-0.071342211912,-0.340679523568,-0.00525041272291,-0.532907719714,-0.0405538271414,0.180329295687,-0.0872055686006,0.573853597981,0.818942304619,0.00250932076922,0.0,0.818905131072,-0.573791495498,-0.0117666010369,0.0,-0.00819649826186,0.00880737156366,-0.999927621192,0.0,0.633696978357,0.224388311777,0.303760352715,1.0,-0.0757148571429,-0.099510955102,1.382
0.440335459619,0.400487365063,-0.12481300708,-1.58354297865,0.0647796652981,1.97551440186,0.125353384532,-0.0754758532061,-0.363481396991,-0.00142610763224,-0.527675840733,-0.0355485268583,0.187961387652,-0.091264156564,0.573895619146,0.818912816625,0.00252269588793,0.0,0.818875624874,-0.573833255236,-0.011783593405,0.0,-0.00820228679131,0.00882849678041,-0.999927387432,0.0,0.632404044959,0.222662805711,0.303755550053,1.0,-0.0782017142857,-0.102779395918,1.399
