position_joint1,position_joint2,position_joint3,position_joint4,position_joint5,position_joint6,position_joint7,velocity_joint1,velocity_joint2,velocity_joint3,velocity_joint4,velocity_joint5,velocity_joint6,velocity_joint7,ee_T_00,ee_T_10,ee_T_20,ee_T_30,ee_T_01,ee_T_11,ee_T_21,ee_T_31,ee_T_02,ee_T_12,ee_T_22,ee_T_32,ee_T_03,ee_T_13,ee_T_23,ee_T_33,v_x,v_y,time
0.465076219207,0.547773824233,-0.123975434457,-1.35585365412,0.079598845592,1.89410512416,0.159163671072,-0.0008573067158,0.000622472151077,-0.000470786750582,-0.000586023710152,0.000388419201539,0.000311401578438,0.000498384360715,0.573825541577,0.818963377828,0.00199512211942,0.0,0.818919828084,-0.57376580781,-0.0119941594383,0.0,-0.0086782115557,0.00851656406872,-0.999926075658,0.0,0.661664234424,0.260913700767,0.303209912875,1.0,0.0,0.0,0.0
0.465076245262,0.547768188346,-0.123969722174,-1.35584866058,0.0795955989231,1.8941031434,0.159165196463,-0.0015853752332,-6.95117196824e-05,0.0022370761163,0.000894676173311,1.62076483999e-05,-0.00557774507441,0.000545702037844,0.573821621371,0.818966107345,0.00200219109844,0.0,0.818922654006,-0.57376186231,-0.0119899547403,0.0,-0.00867075260639,0.00851989895184,-0.999926111956,0.0,0.661663998086,0.260917031789,0.303215914857,1.0,-0.00026,-0.000341714285714,0.014
0.465075834008,0.547768404562,-0.123975761983,-1.35585397012,0.0795972505761,1.89410268273,0.15916753609,-0.000844766543912,-0.000679595662213,0.000162283868016,0.000944329625762,0.000110275925318,0.0010029346452,0.0010696122785,0.573828818759,0.818961077869,0.00199664668769,0.0,0.818917561584,-0.57376909145,-0.0119918274752,0.0,-0.00867539282693,0.00851650920085,-0.999926100585,0.0,0.661664084246,0.26091286636,0.30321339761,1.0,-0.00054,-0.000709714285714,0.028
0.465075464328,0.547743105073,-0.123978567871,-1.35588095116,0.0795954809139,1.89410687554,0.159167417982,0.000968537970363,-0.0053563036621,-0.00392642560192,-0.00466433689541,0.000352496414472,0.000350611525806,0.000496319549181,0.573831973877,0.818958862788,0.00199842893255,0.0,0.818915378372,-0.573772247102,-0.0119899300714,0.0,-0.00867278341486,0.00851691340195,-0.999926119778,0.0,0.661660244967,0.260908126022,0.303218932112,1.0,-0.00094,-0.00123542857143,0.048
0.465072242755,0.54767652571,-0.123978882578,-1.35595362045,0.0795960912655,1.89412221974,0.159166349629,-0.000655066066839,-0.00285698412257,-0.00246729341944,-0.00842237298495,0.000303634205506,0.00395971887019,0.000614490515236,0.57383807585,0.818954559113,0.0020099041687,0.0,0.818911166792,-0.573778243227,-0.0119906381703,0.0,-0.00866671537436,0.00852678187073,-0.999926088286,0.0,0.661649286121,0.260899203748,0.303232854229,1.0,-0.00118,-0.00155085714286,0.06
0.465068724903,0.547503794691,-0.123970766778,-1.35617616795,0.0795920258164,1.89415568284,0.159160455286,0.000279194697418,-0.0125460451334,0.000907748052151,-0.0145778872328,7.60703467251e-05,0.00273979594267,0.0012153834545,0.573841458027,0.818952199642,0.00200565490326,0.0,0.81890855885,-0.573781453207,-0.0120151195952,0.0,-0.00868916832987,0.00853738608442,-0.999925802944,0.0,0.66160878139,0.260879034705,0.303251921144,1.0,-0.0016,-0.00210285714286,0.081
0.465050402859,0.547383431781,-0.123976225635,-1.35633597632,0.0795878440366,1.89421814344,0.159152446586,-0.000643559824713,-0.00996179281942,0.000838543838419,-0.00763778368371,0.000216927790444,0.00818476441867,-0.000553898156806,0.573861557567,0.818938062767,0.00202706697556,0.0,0.818894687524,-0.57380144571,-0.0120057714348,0.0,-0.00866901614515,0.00854976968247,-0.999925872051,0.0,0.661594046335,0.260849932315,0.303266716058,1.0,-0.00186,-0.00244457142857,0.094
0.465023946079,0.547151884639,-0.123976465687,-1.35661116577,0.0795831922333,1.89437450561,0.159140008813,-0.000746419152857,-0.0118517797786,-0.000818887269883,-0.0195511486569,-0.000229549031955,0.00855380446301,0.000298731793164,0.573887670588,0.818919506369,0.00212850589865,0.0,0.81887743465,-0.573827112459,-0.011955706939,0.0,-0.00856953222112,0.00860438391641,-0.999926261129,0.0,0.661575470456,0.260812548838,0.303313325809,1.0,-0.00228,-0.00299657142857,0.115
0.465002312305,0.54698935084,-0.123973959384,-1.35680912521,0.0795842793187,1.89447807967,0.159129904411,-0.00153071886453,-0.0105735481007,0.000764673474045,-0.0118185844888,-4.74003728411e-05,0.0061920980282,-0.00382883580386,0.57390687952,0.818905872265,0.00219383479459,0.0,0.818864572504,-0.573845971586,-0.0119314581705,0.0,-0.00851198178333,0.00864416594495,-0.999926409573,0.0,0.661560028377,0.260785543365,0.303343139462,1.0,-0.00254,-0.00333828571429,0.128
0.464967918622,0.546700547556,-0.123973960029,-1.35721314147,0.0795763841674,1.89462723437,0.15909220367,-0.000788589106946,-0.0221617011433,0.00063588385641,-0.0168523309441,-0.000111969293034,0.0133250579219,-0.00450301985315,0.573924644481,0.818893317855,0.00223233777528,0.0,0.818852376675,-0.573863432681,-0.0119286523449,0.0,-0.0084874000864,0.0086742696556,-0.999926357831,0.0,0.661514130562,0.260727476503,0.30336832104,1.0,-0.00294,-0.003864,0.148
0.464939160078,0.546495057205,-0.123974196797,-1.35752338133,0.0795684836989,1.89474679006,0.158979843227,-0.00533694276555,-0.0212264511651,0.000526987433145,-0.0220985136102,-7.76164706763e-05,0.0152864941392,-0.0157179519731,0.573871645094,0.818930407486,0.00225156701758,0.0,0.818889621476,-0.573810264825,-0.0119295734327,0.0,-0.00847768138738,0.00868999610319,-0.999926303727,0.0,0.66148020699,0.260681025641,0.303376558064,1.0,-0.0032,-0.00420571428571,0.161
0.464885953972,0.546138198057,-0.123976337407,-1.35809867891,0.0795542050096,1.89495354868,0.158934834648,-0.00525227044897,-0.017276461253,-4.57149898494e-05,-0.0314749690419,-8.76325501087e-05,0.00805051136457,0.000688589317248,0.573908247436,0.818904756625,0.00225166672342,0.0,0.818863788967,-0.573846674643,-0.0119514024629,0.0,-0.00849511242082,0.00870298434594,-0.999926042829,0.0,0.661413970949,0.260592708805,0.303373434879,1.0,-0.00362,-0.00475771428571,0.182
0.464848361834,0.545880558018,-0.123973634686,-1.35850876535,0.0795424773347,1.89510089953,0.158907743974,-0.000372423352039,-0.0238620773647,0.0015279058307,-0.0353534670018,0.000156784838514,0.0137396442679,-0.000907789606818,0.57393476633,0.818886162522,0.00225471279351,0.0,0.818845097678,-0.573873037525,-0.0119661903349,0.0,-0.00850519255507,0.00871424094748,-0.999925859104,0.0,0.661365829672,0.260532215595,0.303373355622,1.0,-0.00388,-0.00509942857143,0.195
0.464768870802,0.545467981091,-0.123977502865,-1.35921689983,0.0794883803952,1.89533851998,0.158776931559,-0.00296175612936,-0.024260114704,-0.000832571961848,-0.036492025484,-0.00686540842752,0.0144790477626,-0.00545568051964,0.57392058378,0.818896256322,0.00219813459581,0.0,0.818854522149,-0.573859158658,-0.0119868461932,0.0,-0.00855472850799,0.00867961732849,-0.999925737674,0.0,0.661286066399,0.260406123767,0.303349066379,1.0,-0.00428,-0.00562514285714,0.215
0.464731792908,0.545168108873,-0.123979653168,-1.35974362232,0.0794213418658,1.89549722712,0.158731739112,-0.00711387174642,-0.0227920651692,-9.14721607998e-05,-0.0358216763786,-0.00258858250799,0.01178559224,-0.00266703639671,0.573926870056,0.818892056472,0.00212004154211,0.0,0.818849568765,-0.573866035621,-0.0119959907945,0.0,-0.00860696744679,0.00862098253306,-0.999925796633,0.0,0.661218482431,0.260321681,0.303324373809,1.0,-0.00454,-0.00596685714286,0.228
0.464637571853,0.544655140116,-0.123980237536,-1.3606147944,0.079397843082,1.89579829137,0.158627139051,-0.00510159575626,-0.0292016839955,0.000235106710064,-0.0455813466046,-0.00301631754937,0.0181925495002,-0.011346708032,0.573961111995,0.818868143068,0.00208640547249,0.0,0.818824910995,-0.573900110263,-0.0120488786044,0.0,-0.00866922142745,0.00862415457905,-0.999925231484,0.0,0.661117732055,0.260178991039,0.303298936512,1.0,-0.00496,-0.00651885714286,0.249
0.464583904238,0.544311045608,-0.123982858285,-1.36119979975,0.0793799077532,1.89600931419,0.158548246684,-0.00392505126701,-0.0248541580503,-0.00239945783265,-0.0490753464353,-0.00509036394143,0.0239134470848,-0.00790397836086,0.57397018294,0.818861829059,0.00206903541814,0.0,0.81881820618,-0.573909091618,-0.0120767001937,0.0,-0.00870187811038,0.00862599576624,-0.99992493194,0.0,0.661049890675,0.260088482946,0.303282398935,1.0,-0.00522,-0.00686057142857,0.262
0.464500371646,0.543698359227,-0.123983540468,-1.36221200984,0.0793388178328,1.89636192952,0.158432285617,-0.00821114845161,-0.0232483228063,0.000696960146867,-0.0484543910187,-0.00230074426978,0.0219879594664,-0.000439499967867,0.573989517792,0.818848350932,0.00203925031305,0.0,0.81880411167,-0.573928328669,-0.012118051207,0.0,-0.00875263123876,0.00862554697846,-0.999924492842,0.0,0.660927581683,0.259938036171,0.303264739811,1.0,-0.00564,-0.00741257142857,0.283
0.464440499043,0.543281971763,-0.12398663121,-1.3628714759,0.0792996423166,1.89659453505,0.15835404478,-0.00473769630934,-0.0388068437154,0.000960215597617,-0.0539475800892,-0.00317964753933,0.0162622900588,-0.00177907294338,0.574002871534,0.818839013494,0.00202986512466,0.0,0.818794638579,-0.573941709022,-0.0121244126007,0.0,-0.00876308651096,0.00862165632315,-0.999924434823,0.0,0.660851546961,0.259833304939,0.303265679589,1.0,-0.0059,-0.00775428571429,0.296
0.464351901799,0.542588770917,-0.123987070611,-1.36397651632,0.0792320978811,1.89698444552,0.158205090742,0.000187851753177,-0.0329297355439,0.00131451226294,-0.0534168465043,-0.000737147309781,0.0200394473012,-0.00321247280861,0.573997141696,0.818843077537,0.00201062068606,0.0,0.818798418607,-0.573936032707,-0.0121378312683,0.0,-0.00878518059246,0.00861353932987,-0.999924310907,0.0,0.66071984715,0.259667959774,0.303263823223,1.0,-0.00632,-0.00830628571429,0.317
0.464296917459,0.542167989318,-0.123989934078,-1.36462822368,0.0791995805368,1.89722788047,0.158112007598,-0.00812153681744,-0.034203576036,0.00110639739013,-0.0538928687816,-0.00224688748434,0.0173511566829,-0.00656185675858,0.573995528655,0.818844174842,0.00202418195438,0.0,0.818799643553,-0.573934311352,-0.0121365922684,0.0,-0.00877639937823,0.00862391519498,-0.999924298585,0.0,0.660645984293,0.259569393214,0.303272404009,1.0,-0.00656,-0.00862171428571,0.329
0.464192798502,0.541394018584,-0.123998138762,-1.36581039482,0.0791326295913,1.89766617542,0.157965580807,-0.00168091120168,-0.0347171283579,-0.00138359245444,-0.0581974569044,-0.000932520489363,0.0169457433607,-0.00474334340894,0.574014413982,0.818830871668,0.00205013313534,0.0,0.818786677963,-0.573953078714,-0.0121237917633,0.0,-0.00875082323311,0.00863801923214,-0.999924401001,0.0,0.660513707763,0.259384598456,0.303295221584,1.0,-0.00698,-0.00917371428571,0.35
0.464121029358,0.540861227028,-0.123992807392,-1.36660738238,0.0790868913348,1.89796481528,0.157861529154,-0.00621887656127,-0.0379660489417,0.00164274326287,-0.0608339192612,-0.00219586971193,0.0226239991759,-0.00341000978502,0.574016235616,0.818829513598,0.00208226123896,0.0,0.818785696059,-0.573954716727,-0.0121125545756,0.0,-0.00872316145986,0.00865789539038,-0.999924470798,0.0,0.660423265653,0.259265542164,0.30331821838,1.0,-0.00724,-0.00951542857143,0.363
0.464016820119,0.539967558662,-0.123998839743,-1.36796456936,0.0790039114444,1.89846434102,0.157693930343,-5.6472481728e-05,-0.0411182579948,-0.000188997322468,-0.0626340127306,-0.00484982935831,0.0236526406551,-0.0173871734405,0.574021537384,0.818825723157,0.00211106999853,0.0,0.818782312893,-0.573959923843,-0.0120944952916,0.0,-0.00869178162153,0.00867117450424,-0.999924628992,0.0,0.660265909426,0.259064327373,0.303347313802,1.0,-0.00766,-0.0100674285714,0.384
0.463938856377,0.539401302152,-0.124002015831,-1.3688497289,0.0789539453424,1.89880695177,0.157572870711,-0.00350545283164,-0.0460379334785,-0.00023003010909,-0.0666231623099,-0.00847710730918,0.0268442130346,-0.0109377418376,0.574024223135,0.818823787426,0.00213150193191,0.0,0.818780643511,-0.573962520878,-0.0120842600524,0.0,-0.00867164431827,0.0086820576687,-0.999924709395,0.0,0.660168212012,0.258928530507,0.303355916385,1.0,-0.00792,-0.0104091428571,0.397
0.46381285395,0.538506952494,-0.123999685198,-1.37023794563,0.0788702262371,1.89934582664,0.157407461313,-0.0048721058218,-0.043756811739,0.00188692932177,-0.0733842802538,-0.00128717840483,0.0323888832236,-0.00707483997551,0.574044823476,0.818809247357,0.0021688671391,0.0,0.818766608538,-0.573982976426,-0.012063598893,0.0,-0.00863305972719,0.00870101001028,-0.999924878531,0.0,0.660014777797,0.258716673832,0.303373580014,1.0,-0.00832,-0.0109348571429,0.417
0.463734588372,0.53791172342,-0.124007355903,-1.37116441843,0.0788164221407,1.89970677553,0.157291214062,-0.00342793434965,-0.0448246528429,-0.000214515305925,-0.0685457398297,-0.00341422928362,0.0275048741584,-0.0152691099833,0.574055979835,0.818801363175,0.00219239145828,0.0,0.818759070857,-0.573994071699,-0.0120472588135,0.0,-0.00860605793244,0.00871100906978,-0.999925024233,0.0,0.659912897573,0.258574187202,0.303384527956,1.0,-0.00858,-0.0112765714286,0.43
0.463587310009,0.536890451874,-0.124006300478,-1.37275529552,0.0787292612234,1.90028975341,0.157099570281,-0.00575247610727,-0.0501507911304,0.00217349643204,-0.0746225202972,-0.000698839474123,0.0305104214151,-0.0172774720488,0.574083230244,0.818782213978,0.00220855779867,0.0,0.818740026359,-0.574021142784,-0.0120517125288,0.0,-0.00860013457431,0.00872708875232,-0.999924934986,0.0,0.659730013257,0.258327631911,0.303398911579,1.0,-0.009,-0.0118285714286,0.451
0.463507665321,0.536261934148,-0.12401977481,-1.37376756008,0.0786733129099,1.90066763934,0.156964451274,-0.00415429915254,-0.0480398574402,-0.00366530898133,-0.0754070656156,-0.000549831995913,0.029234239567,-0.0100514229153,0.574095576739,0.818773571881,0.00220310232221,0.0,0.81873134216,-0.574033540193,-0.012051182537,0.0,-0.00860270077439,0.00872244744425,-0.999924953409,0.0,0.659605647793,0.258159061476,0.303396154843,1.0,-0.00928,-0.0121965714286,0.465
0.463358988834,0.53515620699,-0.124031130172,-1.37549860823,0.0785745982451,1.90128957244,0.156758259521,-0.00518885870967,-0.0555744924958,-0.00224829864067,-0.078327302077,-0.00103311923282,0.0305776012656,-0.00734093861952,0.57411752574,0.818758190643,0.00219972606165,0.0,0.818715855406,-0.574055438344,-0.0120602120839,0.0,-0.00861179851985,0.00872509771091,-0.999924851974,0.0,0.659411511055,0.257902547625,0.303404628011,1.0,-0.00968,-0.0127222857143,0.485
0.463273817903,0.534529317114,-0.12402968652,-1.37652365293,0.0785205391472,1.90166596588,0.156642059984,-0.00346729248582,-0.0558378805204,-0.00174336922652,-0.0886339830981,-0.00483897744055,0.0335491691698,-0.0194140847714,0.574132898863,0.818747450994,0.00218468188475,0.0,0.818704818979,-0.574070771777,-0.0120795394236,0.0,-0.00863609636817,0.00872403853794,-0.999924651657,0.0,0.659289472586,0.25775056168,0.303391607289,1.0,-0.00992,-0.0130377142857,0.497
0.463107234649,0.533392384659,-0.124030101282,-1.37836266147,0.0784178935078,1.90234213028,0.156407963354,-0.00505472617699,-0.0530816852871,-0.000822160065929,-0.0889708405882,-0.0121158306971,0.0272341342869,-0.0104906476924,0.574151164635,0.818734692646,0.00216566560555,0.0,0.818691700034,-0.574089003361,-0.0121022071051,0.0,-0.0086653788408,0.00872167667966,-0.999924418926,0.0,0.659075116875,0.257466395039,0.303376823132,1.0,-0.01034,-0.0135897142857,0.518
0.46300390711,0.532673202246,-0.124027835785,-1.37952517847,0.0783481328725,1.90278863388,0.156265674699,-0.0118266520384,-0.0583226334914,-0.00101542700309,-0.0905771090568,-0.0084062010412,0.0308338761236,-0.0122924601016,0.574162660109,0.818726626662,0.00216735602747,0.0,0.818683646688,-0.574100480584,-0.0121025509607,0.0,-0.00866456740484,0.00872337974201,-0.999924411102,0.0,0.658942311768,0.257290060123,0.303369231956,1.0,-0.0106,-0.0139314285714,0.531
0.462852830983,0.531534055413,-0.12402783883,-1.38136134281,0.0782528574143,1.90345849378,0.156028499166,-0.00435014637849,-0.0543744006552,-0.00122634931595,-0.09084838219,-0.00591027811396,0.0351841620821,-0.00726545722921,0.574166837128,0.818723738379,0.00215180345467,0.0,0.818680365315,-0.574104533378,-0.0121322340746,0.0,-0.00869775537697,0.0087277337402,-0.999924084976,0.0,0.658721961597,0.257017539371,0.303356346071,1.0,-0.011,-0.0144571428571,0.551
0.462740079993,0.530753524373,-0.124022313531,-1.38263236723,0.0781712711815,1.90389418178,0.155868748596,-0.0128183617895,-0.0595052175983,0.00124468390524,-0.0997255800902,-0.0086186562006,0.028346127347,-0.0166098439118,0.57417156699,0.818720545481,0.00210403627551,0.0,0.818676482273,-0.574109405849,-0.0121636503816,0.0,-0.00875085194046,0.00870671484776,-0.999923804951,0.0,0.658564979784,0.256822238323,0.30333898133,1.0,-0.01126,-0.0147988571429,0.564
0.462568537282,0.529405231624,-0.124031739844,-1.38474668213,0.0780375215422,1.9046778698,0.155591851615,-0.00906705135124,-0.0641725552567,0.000365174317001,-0.100654427285,-0.00298213876765,0.0360619066362,-0.0170312656683,0.574170920283,0.81872097628,0.00211286575337,0.0,0.818677102598,-0.57410879421,-0.0121507610334,0.0,-0.00873523630615,0.0087065360856,-0.999923943046,0.0,0.658316346922,0.256502070146,0.303350634264,1.0,-0.0117,-0.0153771428571,0.586
0.462463834678,0.528629392838,-0.124031477204,-1.38595181862,0.0779672273553,1.90512765586,0.155417482215,-0.0107733008775,-0.0701197825373,0.000989935262233,-0.0973316911732,-0.00358487342993,0.0379735180538,-0.0171190149765,0.574160187888,0.818728454003,0.0021317015073,0.0,0.818684792425,-0.574097946721,-0.0121451687508,0.0,-0.00871995766279,0.00871863183858,-0.999923971008,0.0,0.658175257058,0.256319577114,0.303362344133,1.0,-0.01194,-0.0156925714286,0.598
0.462300196913,0.527325644901,-0.124033954633,-1.38797011387,0.0778380286045,1.90591370169,0.155136931884,-0.00871241193522,-0.0643585103352,0.000563646704867,-0.103553905279,-0.00857393342716,0.0376074038015,-0.00956338560515,0.574136781407,0.818744745715,0.00217818749767,0.0,0.81870181241,-0.574074463136,-0.0121078500255,0.0,-0.00866296356085,0.00873501627165,-0.999924323413,0.0,0.657930582479,0.256000988845,0.303382585982,1.0,-0.01236,-0.0162445714286,0.619
0.462177928416,0.52635788292,-0.12403931036,-1.38945347102,0.0777478675664,1.90647399082,0.154922331899,-0.00828458256109,-0.0698181644803,-0.000899276112643,-0.105078455291,-0.00350096849025,0.0415820491237,-0.0159430164667,0.574125005231,0.818752883197,0.00222295460103,0.0,0.818710560827,-0.574062523797,-0.0120823534226,0.0,-0.00861651266659,0.00875690622764,-0.999924533304,0.0,0.657770304482,0.255796912585,0.303411382526,1.0,-0.01262,-0.0165862857143,0.632
0.46199971165,0.524979567143,-0.124047794422,-1.39162005618,0.0776083599738,1.90724578329,0.154643730122,-0.0112865034037,-0.0662357470785,-0.00212568925935,-0.110374970746,-0.00243956076086,0.0402585523329,-0.0149273377509,0.574127760482,0.818751005421,0.00220287695635,0.0,0.818708456552,-0.574065400308,-0.0120882686678,0.0,-0.00863285289296,0.0087438929583,-0.999924506244,0.0,0.657507094979,0.255465523777,0.303416866675,1.0,-0.01302,-0.017112,0.652
0.461885405606,0.524074261924,-0.124041037822,-1.39306191575,0.0775210409172,1.90776037932,0.154439599268,-0.00698146227358,-0.0620096710919,0.00160895658548,-0.115206601218,-0.00297631845682,0.0364167300067,-0.0164682685986,0.574103325335,0.818768184448,0.00218606413361,0.0,0.818725324273,-0.574040947513,-0.0121070588219,0.0,-0.00865815094028,0.00874065708109,-0.999924315804,0.0,0.657327131683,0.255255855312,0.303411574323,1.0,-0.01328,-0.0174537142857,0.665
0.461700376952,0.522648089983,-0.124049274039,-1.39532308595,0.0773846838239,1.90863412159,0.154140493793,-0.0115055469896,-0.0712598464049,-0.00173567878386,-0.1107670642,-0.00994566034499,0.0475414412456,-0.0178952830225,0.574100589712,0.818770025215,0.00221485943533,0.0,0.818727595145,-0.574038143819,-0.0120864093261,0.0,-0.00862474192266,0.00875234977058,-0.99992450225,0.0,0.657063424225,0.254916985403,0.303413832766,1.0,-0.01368,-0.0179794285714,0.685
0.461560965585,0.521628824335,-0.124046778047,-1.39695130865,0.0772772367104,1.90926915721,0.15391998288,-0.0129187663783,-0.0708264997324,0.00041274639837,-0.115385758666,-0.00919665858727,0.0461554994555,-0.0166444386396,0.574090768883,0.818776868627,0.00223055714264,0.0,0.818734729847,-0.574028345443,-0.0120684576981,0.0,-0.00860113657571,0.00875479331561,-0.999924684186,0.0,0.656874117476,0.254672664987,0.303410001786,1.0,-0.01396,-0.0183474285714,0.699
0.461363225845,0.520129972059,-0.124052475392,-1.39934333949,0.0771324770211,1.9101433839,0.153591728741,-0.00390732074973,-0.079649519247,-0.000151992135407,-0.118749008925,-0.00924836103132,0.0479236040203,-0.0160241485166,0.574076532398,0.818786899112,0.0022126212864,0.0,0.818744485153,-0.574014145131,-0.0120820579031,0.0,-0.00862272082324,0.00874776580281,-0.999924559794,0.0,0.656583086117,0.25431116104,0.303400189602,1.0,-0.01436,-0.0188731428571,0.719
0.461231937189,0.519108507285,-0.124055637358,-1.40092794248,0.0770283178202,1.91070960553,0.153388944404,-0.0127411144791,-0.0828901860629,-0.000399062232024,-0.122234535785,-0.0101713919743,0.0460458224172,-0.00696339881815,0.574076251766,0.818787100666,0.00221084666229,0.0,0.818744696107,-0.574013905117,-0.0120791651115,0.0,-0.008621373842,0.0087446491719,-0.999924598669,0.0,0.656388305744,0.254070072255,0.303412264657,1.0,-0.01462,-0.0192148571429,0.732
0.461014146531,0.517451345299,-0.124061819056,-1.40355476677,0.0768645812357,1.91164451196,0.153028489615,-0.00825347715125,-0.0741145146778,-9.97700756749e-05,-0.128791981679,-0.00303090609438,0.044601020284,-0.0182504190058,0.574058807744,0.818799418318,0.00217823675463,0.0,0.818756544401,-0.573996558562,-0.0121003579001,0.0,-0.00865763229538,0.00872993070571,-0.999924414,0.0,0.656062517692,0.25367054174,0.303406171285,1.0,-0.01504,-0.0197668571429,0.753
0.460871009998,0.516440731933,-0.124064516834,-1.40518713786,0.076759274526,1.91225322388,0.152792340039,-0.0124254193664,-0.0787872469752,3.7998929896e-05,-0.128994785652,-0.00521355031874,0.0482678898635,-0.016828953095,0.574042572755,0.818810843452,0.00216199249486,0.0,0.818767793427,-0.573980431781,-0.0121041844303,0.0,-0.00867026300643,0.00871865485704,-0.999924402941,0.0,0.655866410834,0.253418893354,0.303391006166,1.0,-0.0153,-0.0201085714286,0.766
0.460632032969,0.514731280712,-0.124069029904,-1.40791351372,0.0765959186027,1.91327535359,0.152437412632,-0.0127141130847,-0.0861705664768,0.000528298246633,-0.131569507036,-0.00290762336842,0.0435284576676,-0.0156655412271,0.574050782901,0.818805080363,0.00216469965972,0.0,0.818762031519,-0.573988594839,-0.0121068426484,0.0,-0.00867079829149,0.00872248432666,-0.999924364902,0.0,0.655538802505,0.253001375162,0.303380731299,1.0,-0.01572,-0.0206605714286,0.787
0.460487378714,0.513646186789,-0.124071266875,-1.40964846006,0.076492040458,1.91386410423,0.152194464517,-0.0095546993003,-0.0840626649704,-0.00098808595689,-0.132554125115,-0.0134157686058,0.0517269777669,-0.0185030060365,0.574034805606,0.81881641208,0.00211474857558,0.0,0.818772579551,-0.573972705352,-0.0121467438938,0.0,-0.00873231341662,0.00870431950129,-0.999923987873,0.0,0.655315215721,0.252736833719,0.303366566573,1.0,-0.01598,-0.0210022857143,0.8
0.460248883575,0.511905613504,-0.12407802403,-1.41245472673,0.0763147532812,1.9148722174,0.151795135492,-0.0141763314776,-0.084825944259,0.00013381519353,-0.129817153494,-0.00675711427532,0.0475592351175,-0.0183937433763,0.574007048337,0.818836009099,0.00206047645473,0.0,0.81879143729,-0.573945161638,-0.0121770503576,0.0,-0.00878857603291,0.00867698026987,-0.999923732564,0.0,0.654965591539,0.252306284785,0.303337848991,1.0,-0.0164,-0.0215542857143,0.821
0.460100225348,0.510792820822,-0.12407622654,-1.41422450547,0.076213594922,1.91556248217,0.1515463942,-0.0138760067275,-0.088449964633,0.000812334685067,-0.139133733899,-0.0106655178137,0.052322286683,-0.0134013166557,0.573989381111,0.818848316883,0.00209074405203,0.0,0.81880409052,-0.57392731274,-0.012167495177,0.0,-0.0087635665568,0.00869609023505,-0.999923786054,0.0,0.654753318156,0.252045022138,0.303334493963,1.0,-0.01666,-0.021896,0.834
0.459864271023,0.509037500703,-0.124087953206,-1.41701353612,0.076032483678,1.91658404637,0.151156754742,-0.0102898256915,-0.0852719544486,-0.00223634823955,-0.141219606612,-0.00773569298176,0.049493910376,-0.0171216759001,0.573968198254,0.818863214819,0.00207116149603,0.0,0.818818809171,-0.573906295292,-0.0121683553855,0.0,-0.008775734949,0.00868032212923,-0.99992381634,0.0,0.654409367577,0.251615926569,0.303324459381,1.0,-0.01706,-0.0224217142857,0.854
0.459707116396,0.507878872078,-0.124085117491,-1.41882570273,0.075914447637,1.91722692473,0.150899128286,-0.0160763188846,-0.0929277419035,0.000601973950517,-0.137012949222,-0.014459053644,0.0508161765967,-0.0250636798046,0.573945867558,0.818878895161,0.00205987264525,0.0,0.818834314484,-0.573883990478,-0.0121769370783,0.0,-0.0087894780723,0.00867576415636,-0.999923735188,0.0,0.654180087727,0.251339571555,0.303328060666,1.0,-0.01732,-0.0227634285714,0.867
0.459456766509,0.506046972029,-0.124090819453,-1.42168037749,0.0757402225953,1.91828232664,0.150513417296,-0.0117281823954,-0.0901909979976,-0.000205795689992,-0.146908388586,-0.0104183716969,0.0535803282093,-0.0228754300577,0.573939835814,0.818883055763,0.00208632475544,0.0,0.818838794154,-0.573877815728,-0.0121667047564,0.0,-0.00876598164823,0.0086914875153,-0.999923804902,0.0,0.653828844259,0.250901357027,0.303341858066,1.0,-0.01772,-0.0232891428571,0.887
0.459267502243,0.504705531336,-0.124097208965,-1.42371987646,0.0756077294101,1.91908288811,0.150231110163,-0.0138837888576,-0.095600575828,0.00100211322159,-0.146993528182,-0.0117329488455,0.0639550342972,-0.0232016331927,0.573937811054,0.818884266677,0.00216650224052,0.0,0.818841204568,-0.573875592771,-0.0121091958772,0.0,-0.00867289420853,0.00872411464596,-0.999924332502,0.0,0.653590777529,0.250582436559,0.303378104377,1.0,-0.018,-0.0236571428571,0.901
0.458993063209,0.502731872468,-0.124103596213,-1.42663956495,0.0754317353436,1.92017525171,0.149819920153,-0.0174201297376,-0.102614337165,0.000517925952641,-0.144074009383,-0.0103283886492,0.0541319280859,-0.0191526132711,0.573932899518,0.818887364107,0.00229317624066,0.0,0.818845965113,-0.573870154394,-0.0120448418492,0.0,-0.00854754795651,0.00879085836999,-0.999924827291,0.0,0.65323888177,0.250124635893,0.303461662282,1.0,-0.0184,-0.0241828571429,0.921
0.458815519057,0.501431979296,-0.124107136403,-1.42859786593,0.0753090887186,1.92086716324,0.149550719117,-0.0139078156775,-0.104721474067,-0.00053232579053,-0.1547474091,-0.0081591920117,0.0502678709622,-0.0145969502375,0.573927231073,0.818891255754,0.00232197821161,0.0,0.818850199785,-0.573864333207,-0.0120342962299,0.0,-0.00852244355716,0.00880833222332,-0.999924887799,0.0,0.652991670487,0.249818613505,0.303497000812,1.0,-0.01866,-0.0245245714286,0.934
0.458534366448,0.499417948156,-0.124110678689,-1.43165779749,0.0751151645926,1.92195683167,0.14912034882,-0.0131377466955,-0.10211646611,-0.000242916671951,-0.15477716839,-0.0145214848902,0.0543099128189,-0.0246476275292,0.573913299754,0.818900939169,0.00235012676756,0.0,0.818860183475,-0.573850218024,-0.012028054504,0.0,-0.00850132804862,0.00882765564578,-0.999924897138,0.0,0.652585803407,0.249317340195,0.303530465678,1.0,-0.01908,-0.0250765714286,0.955
0.458324481956,0.498052516942,-0.124110959736,-1.43382177155,0.0749766261289,1.92277873025,0.148796787349,-0.0125343564296,-0.100881324257,0.000221813815796,-0.155203951853,-0.0132633851457,0.0614451064612,-0.0223639662624,0.573890750991,0.818916674163,0.00237352172189,0.0,0.81887629221,-0.573827647559,-0.0120081578458,0.0,-0.00847185140916,0.00883516149546,-0.999925081021,0.0,0.652343155818,0.248996881013,0.303533648507,1.0,-0.01934,-0.0254182857143,0.968
0.458006115943,0.495988328229,-0.124111404788,-1.43713610366,0.0747746534479,1.92394685921,0.148313881559,-0.0134909334778,-0.100719642934,0.000285315820498,-0.160201296782,-0.0125090835796,0.0589618684306,-0.0221879967189,0.573869419832,0.818931815748,0.00230587048564,0.0,0.818890355086,-0.573806395922,-0.0120645450248,0.0,-0.00855708128085,0.00881189821104,-0.999924560559,0.0,0.65191894343,0.248469928174,0.303496094643,1.0,-0.01976,-0.0259702857143,0.989
0.457810002097,0.494807216377,-0.124119413037,-1.4390763657,0.0746492188272,1.92460843146,0.148044973086,-0.0129292445481,-0.103151827028,-0.00100897163157,-0.161880240095,-0.016814776452,0.050953215799,-0.0218138445571,0.573879230289,0.818925182028,0.0022185997396,0.0,0.818882516715,-0.573816508885,-0.0121154797757,0.0,-0.00864876883904,0.0087697635917,-0.999924142145,0.0,0.651669060794,0.248147692856,0.303453005839,1.0,-0.01998,-0.0262594285714,1.001
0.457414375123,0.491845102093,-0.124213199086,-1.44348044743,0.0744069246988,1.92624927587,0.147402378586,-0.018505484382,-0.173534605537,-0.00168811235284,-0.25182875248,-0.0109313335198,0.098064877114,-0.0292645603816,0.57390075949,0.81890962459,0.00238577271225,0.0,0.818869301475,-0.573837499329,-0.012014090324,0.0,-0.00846957141535,0.00884870196081,-0.999924980603,0.0,0.651137182037,0.247423997689,0.303563538433,1.0,-0.03918,-0.0514937142857,1.022
0.457087581983,0.489134020043,-0.124252788331,-1.44777255194,0.0741935994013,1.92792309434,0.146748611209,-0.0259456608455,-0.221732563743,-0.00192799386534,-0.351084450222,-0.0165087514099,0.142459988779,-0.0538951160938,0.573820047101,0.818965903725,0.00247971436347,0.0,0.818926573263,-0.573756171752,-0.0119945771506,0.0,-0.00840056003253,0.00891360442636,-0.99992498631,0.0,0.650598575023,0.246793812796,0.303552482818,1.0,-0.0510657142857,-0.0671149387755,1.035
0.456260469489,0.483415005181,-0.124360509178,-1.45679421419,0.073679767314,1.93130854361,0.145371935286,-0.0460398958036,-0.315838838954,-0.00879831767578,-0.504736479234,-0.0381188966303,0.181219678731,-0.0762764234157,0.573757028308,0.819009846315,0.0025477456302,0.0,0.818971362257,-0.57369284657,-0.0119654711179,0.0,-0.00833837575796,0.00895197621363,-0.999925164006,0.0,0.64947358384,0.24534572267,0.303527014547,1.0,-0.0693514285714,-0.0911475918367,1.055
0.455478561836,0.478349420737,-0.124505625066,-1.46494775554,0.0731976414845,1.9340870386,0.144132834725,-0.057771507152,-0.385951904231,-0.00911408384788,-0.613257306304,-0.0331848190075,0.209817438406,-0.0876680559392,0.573755617152,0.819011639772,0.00227433609912,0.0,0.818969353924,-0.5736923176,-0.0121271992533,0.0,-0.00862771430881,0.00882083008592,-0.999923874854,0.0,0.648405488001,0.243965372928,0.303403362804,1.0,-0.0821514285714,-0.10797044898,1.069
0.454162344056,0.46997034851,-0.124682883354,-1.47801013356,0.0724270793444,1.93867478155,0.142237334128,-0.074044347092,-0.478291513951,-0.0102367750276,-0.711895930611,-0.0296869594022,0.263026577331,-0.116498199549,0.573830532944,0.818959376887,0.00219211579229,0.0,0.818915673856,-0.573767234704,-0.0122076367249,0.0,-0.00873996262055,0.00880044210482,-0.999923079678,0.0,0.646707326867,0.241760818087,0.303384401377,1.0,-0.0995228571428,-0.130801469388,1.088
0.45301648094,0.462789919621,-0.124786983701,-1.48893828016,0.0717631139351,1.94276521719,0.14044705879,-0.0927181047482,-0.524277007178,-0.00730636896898,-0.792414544827,-0.0482415787514,0.291144286803,-0.128609640156,0.573716882507,0.819038182546,0.00247813619228,0.0,0.818998374057,-0.573652542288,-0.0120486895858,0.0,-0.00844691032277,0.00894229830657,-0.999924339641,0.0,0.645320646831,0.239932129964,0.303493197619,1.0,-0.112322857143,-0.147624326531,1.102
0.451010468909,0.451180459051,-0.124985349398,-1.50688180455,0.0706081512534,1.94902234034,0.137648170383,-0.105566437053,-0.625447458013,-0.0119825988358,-0.919067818177,-0.0636145279916,0.337490935683,-0.155642247689,0.573727106116,0.819031299982,0.0023841685425,0.0,0.818990197465,-0.573663084278,-0.0121024416647,0.0,-0.00854473356268,0.00889628077963,-0.999923918964,0.0,0.642939877837,0.236798000262,0.303482992064,1.0,-0.130608571429,-0.171656979592,1.122
0.44952120783,0.44270827663,-0.125105420225,-1.5197995296,0.069716837529,1.95362701721,0.135667576511,-0.114858187198,-0.657233851213,-0.00727730095499,-1.02274171841,-0.0607059882775,0.354310923204,-0.160094426814,0.57375048526,0.819014664214,0.00247130886365,0.0,0.818975229816,-0.573686658865,-0.0119973867888,0.0,-0.00840844067582,0.00890761873576,-0.999924973412,0.0,0.641222138697,0.23453077819,0.303541486258,1.0,-0.142494285714,-0.187278204082,1.135
0.446751864574,0.427546806092,-0.125297249555,-1.54281214499,0.0681955490825,1.96156197142,0.13193478327,-0.142487814214,-0.765668940749,-0.0111650846342,-1.1368942308,-0.0793609442559,0.390452903734,-0.183931519268,0.57369193042,0.819055517909,0.00252476843472,0.0,0.819016436758,-0.573627530446,-0.0120116416668,0.0,-0.00839008623933,0.00895898123053,-0.999924668717,0.0,0.638054947658,0.230438627831,0.303625372681,1.0,-0.161694285714,-0.212512489796,1.156
0.444772925971,0.41737616612,-0.125430926435,-1.5580814885,0.0671121561239,1.96683628683,0.129375371745,-0.157645694453,-0.781415732454,-0.0103454596334,-1.17411102815,-0.0782766928686,0.423158912234,-0.191648732614,0.573660644362,0.819077105395,0.00262819866003,0.0,0.819039751996,-0.573596250129,-0.0119152586413,0.0,-0.00825214954142,0.00898808717715,-0.999925555387,0.0,0.635943150386,0.22763115704,0.303725543185,1.0,-0.17358,-0.228133714286,1.169
0.441364845023,0.400540239368,-0.125621807356,-1.5832555573,0.065362000776,1.97556909153,0.125136065257,-0.180764730624,-0.855747475935,-0.0101303409602,-1.27513226139,-0.0894278029204,0.425178348617,-0.214532889062,0.573662924312,0.819074509759,0.00292294955265,0.0,0.81904112498,-0.573597592796,-0.011755170428,0.0,-0.00795191672722,0.00913769726237,-0.999926632063,0.0,0.632403271241,0.222958213567,0.303883103922,1.0,-0.191865714286,-0.252166367347,1.189
0.43865648395,0.387894555231,-0.125783628346,-1.60206537915,0.0640132914513,1.98205630726,0.12188725378,-0.200286278745,-0.913587732747,-0.0117706179273,-1.35788231038,-0.101795311147,0.460019023404,-0.241379217155,0.57369964915,0.819047935192,0.00315266925864,0.0,0.819017847216,-0.573633908255,-0.011603971015,0.0,-0.00769587868113,0.00923946437759,-0.999927700261,0.0,0.629718937065,0.219364747189,0.303996015137,1.0,-0.204665714286,-0.26898922449,1.203
0.434393743225,0.368747872799,-0.126013198842,-1.63052723291,0.0618780182386,1.9914842256,0.116761341399,-0.229486543972,-0.968399221677,-0.0114063576495,-1.47567710438,-0.114560943547,0.484001310302,-0.255244730847,0.573620025643,0.819103629675,0.00317126729455,0.0,0.81907396967,-0.573554460787,-0.0115697718952,0.0,-0.0076580950928,0.00923433313258,-0.999928037746,0.0,0.625492484147,0.213831215509,0.304064376541,1.0,-0.222951428571,-0.293021877551,1.223
0.431314613492,0.355673698651,-0.126163701661,-1.6498079237,0.0603776362862,1.99783232229,0.11325508932,-0.235216530847,-1.00169173714,-0.0149140259949,-1.49223585365,-0.114148459191,0.479354962837,-0.283149818426,0.573635778678,0.81909238977,0.00322449114699,0.0,0.819063759637,-0.573570459459,-0.0114992428749,0.0,-0.0075696151968,0.00923761883531,-0.999928681119,0.0,0.622581546577,0.209983956121,0.304122414847,1.0,-0.234837142857,-0.308643102041,1.236
0.425722828395,0.333457334739,-0.126477855792,-1.68257011742,0.0578860635592,2.00842884049,0.107020956296,-0.278439394945,-1.06870618548,-0.0129303104325,-1.58563629303,-0.127143854609,0.508876402219,-0.301419390695,0.573726125472,0.819029158694,0.00321201826987,0.0,0.818999998126,-0.573660383574,-0.0115548383194,0.0,-0.00762128860825,0.00926013386271,-0.999928080354,0.0,0.617521260676,0.203242416684,0.304106135246,1.0,-0.254037142857,-0.333877387755,1.257
0.422036616151,0.319033813403,-0.126584284325,-1.70349872725,0.0561961384464,2.01508551793,0.102905233029,-0.290432762666,-1.11808447921,-0.00728432100516,-1.60265419807,-0.131099374995,0.49592527907,-0.317366075214,0.573613574535,0.819107674483,0.00329114174881,0.0,0.819079493011,-0.573547546798,-0.0115213971469,0.0,-0.00754978390433,0.00930471566072,-0.999928208938,0.0,0.614175475981,0.198943643139,0.30416583541,1.0,-0.265922857143,-0.349498612245,1.27
0.415784418717,0.295941916246,-0.126831369289,-1.73705109804,0.0533731752509,2.02544353941,0.0960480857052,-0.334406325626,-1.16453026822,-0.0133903925304,-1.7265672481,-0.152775272783,0.509999556486,-0.350518097625,0.573441440676,0.819228951132,0.0030962304608,0.0,0.819198225446,-0.573376029469,-0.011616503697,0.0,-0.00774142085795,0.00919798820448,-0.999927731097,0.0,0.608662162247,0.191834893566,0.304102264351,1.0,-0.284208571429,-0.373531265306,1.29
0.410984109551,0.279060539509,-0.127026126302,-1.76113382243,0.0513965104103,2.03280631844,0.0909780361052,-0.344041238315,-1.21426377852,-0.0158037108042,-1.74307562544,-0.138861359198,0.515290131557,-0.366992690164,0.573424195549,0.819240589384,0.00320867045374,0.0,0.819210807335,-0.573357803949,-0.0116287874339,0.0,-0.00768720642875,0.00929698458814,-0.99992723382,0.0,0.604627709677,0.186599356043,0.304157200561,1.0,-0.297008571429,-0.390354122449,1.304
0.404176327742,0.256670016331,-0.127361733854,-1.79273974108,0.0486241368773,2.04226121663,0.0840009921682,-0.395833013471,-1.23892386147,-0.0227134995519,-1.75115819938,-0.15904723288,0.513492681653,-0.399452201589,0.57347297033,0.819206035511,0.00331218726468,0.0,0.819177844689,-0.573406548944,-0.0115470905704,0.0,-0.00756036197936,0.00933539448804,-0.999927843065,0.0,0.599241948479,0.179426186039,0.304242911371,1.0,-0.313465714286,-0.411983510204,1.322
0.397992478596,0.237359777488,-0.127662766411,-1.81969167147,0.0461682860744,2.05015434163,0.0778150152245,-0.415826605866,-1.2999779837,-0.0166615511862,-1.76869073634,-0.156235460876,0.505670050488,-0.428545642222,0.57353791728,0.819160099545,0.00342573454315,0.0,0.81913378951,-0.573471660928,-0.0114383519923,0.0,-0.00740542245565,0.00936664383391,-0.99992871031,0.0,0.594538296496,0.173139247254,0.304327035039,1.0,-0.32718,-0.430008,1.337
0.389171415265,0.210681233035,-0.127979765034,-1.85650069541,0.0427594927309,2.06072585693,0.068936575017,-0.456628451476,-1.36181924002,-0.0157288510511,-1.86739977684,-0.177461686817,0.519313047612,-0.460228928478,0.573370647842,0.81927611285,0.00367396345985,0.0,0.819253001085,-0.573303714445,-0.0113189274208,0.0,-0.00716716795086,0.0095000292435,-0.999929188067,0.0,0.58754268657,0.164065259204,0.304427814779,1.0,-0.34638,-0.455242285714,1.358
0.382389945303,0.191530027166,-0.128268565739,-1.88282058802,0.0402062670168,2.06788049325,0.0623226615988,-0.4944445757,-1.39090896909,-0.0218337100501,-1.88149534833,-0.183148185249,0.537318123564,-0.477315927598,0.573364175033,0.819280940326,0.00360700828864,0.0,0.819256990287,-0.573297456456,-0.0113471224518,0.0,-0.00722873165052,0.00946128241709,-0.999929112274,0.0,0.582993475389,0.158092819196,0.304412696582,1.0,-0.358265714286,-0.470863510204,1.371
0.371749715995,0.163304749696,-0.128860793663,-1.92102809392,0.0364267906734,2.07780502214,0.0521636762021,-0.543954458936,-1.42341700169,-0.0287096395917,-1.93222897155,-0.20697690652,0.477085367213,-0.535071513984,0.573530488467,0.819165101587,0.00347304517149,0.0,0.819138873936,-0.573463422916,-0.0114871530855,0.0,-0.00741835337851,0.00943332045175,-0.999927987656,0.0,0.575690716014,0.1483670944,0.304398588251,1.0,-0.376551428571,-0.494896163265,1.391
0.364406481733,0.144525814549,-0.129156931942,-1.94610043482,0.0338018596316,2.0842107333,0.0451828557209,-0.573458931678,-1.4531938914,-0.0263474487064,-1.94710343084,-0.21742675905,0.471675230453,-0.544445571744,0.573469648731,0.819207679749,0.00347653935873,0.0,0.819181674413,-0.573402806588,-0.0114609163594,0.0,-0.0073955556604,0.00942058638727,-0.999928276582,0.0,0.570761452196,0.141932375642,0.304404897953,1.0,-0.388437142857,-0.510517387755,1.404
