position_joint1,position_joint2,position_joint3,position_joint4,position_joint5,position_joint6,position_joint7,velocity_joint1,velocity_joint2,velocity_joint3,velocity_joint4,velocity_joint5,velocity_joint6,velocity_joint7,ee_T_00,ee_T_10,ee_T_20,ee_T_30,ee_T_01,ee_T_11,ee_T_21,ee_T_31,ee_T_02,ee_T_12,ee_T_22,ee_T_32,ee_T_03,ee_T_13,ee_T_23,ee_T_33,v_x,v_y,time
0.465077981999,0.547643724619,-0.123931872235,-1.35575893801,0.0794540495848,1.89408669477,0.159178942095,-0.000827556135195,-0.000650336272027,-1.47566314993e-05,0.00021660164736,-0.000319937817961,-0.000302032702899,7.82388660509e-05,0.573762263317,0.819007440751,0.00210335170648,0.0,0.818966483541,-0.573703269926,-0.0117984666434,0.0,-0.0084564950323,0.00849225297787,-0.999928182087,0.0,0.661683400187,0.26092834869,0.303343847538,1.0,0.0,0.0,0.0
0.465078621306,0.547632652442,-0.123930364633,-1.35575571739,0.079452603841,1.8940835027,0.159178555644,0.000946358559281,-0.00668112659274,0.000500954507575,0.000669165353663,-0.000182081003787,-8.22846697251e-05,0.000911315409884,0.573759768035,0.819009164668,0.00211274133486,0.0,0.818968334562,-0.573700743176,-0.0117928438014,0.0,-0.00844652849874,0.00849669116397,-0.999928228622,0.0,0.661683363271,0.260929722478,0.30335289444,1.0,-0.00012,-0.000157714285714,0.007
0.465074812619,0.547635129831,-0.123927381875,-1.35576123158,0.0794532003899,1.89408603214,0.159174939945,-0.000125952200932,-0.000515874701104,0.00130963211464,-0.00130692383583,-9.76359294769e-05,-0.000266305922988,-0.00136962038746,0.573758323598,0.819010185752,0.00210917953028,0.0,0.818969286231,-0.573699289641,-0.011797464811,0.0,-0.00845237178233,0.00849641046932,-0.999928181631,0.0,0.66168281305,0.26092850907,0.303348636875,1.0,-0.00046,-0.000604571428571,0.024
0.465074761523,0.547623188457,-0.123932346522,-1.35577656621,0.0794562802372,1.89408981737,0.159180299735,0.00111954037829,-0.00217009996366,0.000936033513851,-0.00138743442093,-1.01125170655e-05,0.00090748721948,0.00165890820804,0.573767881668,0.819003486246,0.00211054104381,0.0,0.81896259167,-0.573708828373,-0.0117983301125,0.0,-0.00845220019562,0.00849812065411,-0.999928168549,0.0,0.661681349086,0.260924695073,0.30335029613,1.0,-0.0008,-0.00105142857143,0.041
0.465074378973,0.547535648136,-0.123930314767,-1.35585609244,0.0794544044661,1.8941002773,0.159176524559,0.00132775805899,-0.00926473876551,-6.35833319087e-06,-0.00983754011318,0.000274339218413,0.000477805742991,-0.00840759150792,0.573767441583,0.819003743916,0.00213010137127,0.0,0.818963044018,-0.573708251663,-0.0117949738558,0.0,-0.00843823347586,0.00851221016229,-0.999928166667,0.0,0.661667256852,0.260917736345,0.303375295129,1.0,-0.00112,-0.001472,0.057
0.465065956791,0.547399047354,-0.123928054613,-1.35602546817,0.0794536185929,1.89414333457,0.159170763094,-0.00419208478352,-0.0115979732422,0.000631607705063,-0.01410011154,-0.000257090685827,0.00119174077265,0.000630811786563,0.573777130615,0.818996914608,0.002145960811,0.0,0.818956301108,-0.573717756493,-0.0118008330927,0.0,-0.00843383244815,0.00852866048206,-0.999928063623,0.0,0.661642344823,0.260897958729,0.303395104906,1.0,-0.00148,-0.00194514285714,0.075
0.465052774243,0.547245984994,-0.123930586678,-1.35623816612,0.0794461556034,1.89423543592,0.159160073626,-0.000392587883533,-0.00825833803505,0.000266326805303,-0.0124257551908,0.000213381786334,0.0175303246791,-0.000669525958772,0.573790933152,0.818987166473,0.00217556578447,0.0,0.818946921268,-0.573731425229,-0.0117872283442,0.0,-0.0084055601171,0.00854524217452,-0.999928160117,0.0,0.661620430765,0.260869585594,0.303410357811,1.0,-0.00182,-0.002392,0.092
0.465038914705,0.547081127775,-0.123933136431,-1.35641543367,0.0794427729636,1.89430838269,0.159157951966,-0.00388638174175,-0.0151852494911,-0.000140801762436,-0.0145170706616,-0.00055259931355,0.0037525352643,0.00119996360393,0.57380523216,0.818976979914,0.00223803901695,0.0,0.818937500662,-0.573745435311,-0.0117597776509,0.0,-0.00834708322215,0.00858080123104,-0.999928345459,0.0,0.661601855927,0.260847220921,0.303450722442,1.0,-0.00214,-0.00281257142857,0.108
0.46501240166,0.546861748108,-0.123933171595,-1.35668660992,0.0794363605269,1.89446484592,0.159134157189,-0.00361424042044,-0.0128914737494,-0.00186802831141,-0.0131325016722,-0.000283743316474,0.00668511228547,-0.00466194053145,0.573827318678,0.818961263508,0.00232467502173,0.0,0.818922907083,-0.573767190789,-0.0117145179328,0.0,-0.00826007318292,0.00862600611915,-0.999928679061,0.0,0.661585170882,0.260807211518,0.303489060263,1.0,-0.0025,-0.00328571428571,0.126
0.464980668054,0.546649780762,-0.123933510054,-1.35697332147,0.0794288030402,1.89458194685,0.159111469349,-0.000240161902801,-0.0171466451246,-0.000427413691885,-0.0211662952394,3.72007688625e-05,0.00650647782299,-0.00494481337997,0.573849017724,0.818945940488,0.00236607624649,0.0,0.818908055188,-0.573788664805,-0.0117009482867,0.0,-0.00822497472523,0.00865234316263,-0.999928740835,0.0,0.661557131949,0.260761505001,0.30351288248,1.0,-0.0028,-0.00368,0.141
0.464943490479,0.546402565252,-0.123933432097,-1.35734758417,0.0794185051551,1.89471229002,0.158988535346,-0.00250247252111,-0.0185660873767,-0.000428435121414,-0.0256445097945,-0.00494486993232,0.0117346646185,-0.0079306610393,0.573796871628,0.818982446259,0.00237691630695,0.0,0.818944575609,-0.573736352612,-0.0117101098889,0.0,-0.00822680954192,0.00866595398338,-0.999928607875,0.0,0.661514036163,0.260702959508,0.303521111653,1.0,-0.00312,-0.00410057142857,0.157
0.464901548574,0.546122659908,-0.123934221319,-1.35778601637,0.0793964968075,1.89487851435,0.158946733103,-0.00121620756252,-0.0172403039633,-0.000342716894585,-0.0295164680992,-0.00464548846597,0.00688924104366,-0.00148699327212,0.573816246725,0.818968847386,0.00238514316314,0.0,0.818931052764,-0.573755662605,-0.0117097116823,0.0,-0.00822155797416,0.00867265758488,-0.999928592948,0.0,0.661466304637,0.26063411489,0.303525055304,1.0,-0.00346,-0.00454742857143,0.174
0.464860039577,0.545820939334,-0.123931005413,-1.35829468415,0.07935111586,1.89505272158,0.15891413729,-8.60684269878e-05,-0.024153667709,0.000104826314406,-0.0327122796671,-0.00619679125602,0.00844513350451,-0.00273306560497,0.573837641313,0.818953960593,0.00234920038983,0.0,0.818915789739,-0.573777282229,-0.0117177905557,0.0,-0.00824857198043,0.00864807308855,-0.999928583396,0.0,0.661404856438,0.26055657868,0.303511511976,1.0,-0.0038,-0.00499428571429,0.191
0.464794765356,0.545506676876,-0.123936704028,-1.35883781591,0.0792673013194,1.89523033439,0.158828020532,-0.00688039364272,-0.0193507208654,0.000179620790322,-0.0316874463433,-0.00425287492401,0.00704736828307,-0.00331766301841,0.573832552181,0.818957733474,0.00227590460138,0.0,0.818919047806,-0.573772920936,-0.0117036422978,0.0,-0.00827909533698,0.00857987774787,-0.999928918613,0.0,0.661346844216,0.260448245627,0.303490942293,1.0,-0.00412,-0.00541485714286,0.207
0.46472690475,0.54510825505,-0.123936786434,-1.35953942537,0.0792568467714,1.89546034572,0.158742654724,-0.0018830389294,-0.0233498730121,-0.00132235733272,-0.0414477920662,0.000168593767017,0.0155552740228,-0.00497985874175,0.57385456519,0.818942433611,0.00223054759511,0.0,0.818902831829,-0.573794764985,-0.0117671831907,0.0,-0.00835693000263,0.00857941871598,-0.999928275075,0.0,0.661260301274,0.260339190073,0.30345899632,1.0,-0.00448,-0.005888,0.225
0.4646672712,0.544690630745,-0.123936684312,-1.36023488416,0.0792360550351,1.89569660132,0.15865874181,-0.00131335664326,-0.0242628612716,0.00117498636007,-0.0406250415433,-0.00202972015659,0.0182374280417,-0.00307775159105,0.573867794623,0.818933228274,0.00220654112046,0.0,0.818893090861,-0.573807856419,-0.0118066317776,0.0,-0.00840287422764,0.00858253225874,-0.999927863321,0.0,0.661175233707,0.260235421732,0.303444052178,1.0,-0.00482,-0.00633485714286,0.242
0.464605158627,0.544286013529,-0.123940591195,-1.3609283385,0.0792010216587,1.8959394754,0.158582335576,-0.00131546070333,-0.0258181555074,-0.00225798478025,-0.0429695421084,-0.000432307935706,0.0154295257409,-0.00308020171393,0.57388814953,0.818919064029,0.00216917041555,0.0,0.818878372754,-0.573828286096,-0.0118345093904,0.0,-0.0084469366411,0.00856813639793,-0.99992761553,0.0,0.661093881127,0.260125906639,0.303421501949,1.0,-0.00514,-0.00675542857143,0.258
0.464541689302,0.543794423914,-0.123942764117,-1.36171866924,0.0791603175199,1.89622544819,0.15847039941,-0.00236135678456,-0.0287475968854,0.000824777106617,-0.0482951376497,-0.00511605659045,0.0172822145278,-0.00908098761587,0.57388316125,0.818922580716,0.00216123321348,0.0,0.818881716716,-0.573823259409,-0.0118468515079,0.0,-0.00846165123633,0.00856866793171,-0.999927486565,0.0,0.66100131159,0.260008157848,0.303418018578,1.0,-0.00548,-0.00720228571429,0.275
0.464463761051,0.543272878651,-0.123944737624,-1.36255695895,0.0791134574752,1.8965127268,0.158356480517,-0.00185004658197,-0.0323654572565,-0.00237406594628,-0.0506402444916,-0.00254089890429,0.0207067205887,-0.00087834595141,0.573889125084,0.818918462526,0.00213793028616,0.0,0.818877231537,-0.573829250883,-0.0118666508174,0.0,-0.00849117598966,0.00856100911521,-0.999927301884,0.0,0.660902692503,0.259874765236,0.303412941755,1.0,-0.00582,-0.00764914285714,0.292
0.464401767151,0.542756697931,-0.123954234271,-1.36338361974,0.0790656861742,1.89679604222,0.158262655366,-0.00278898838114,-0.0367324181304,-0.00155814067614,-0.0515084828546,0.000235093168385,0.0147369599234,-0.0015545288203,0.573902825832,0.818908923942,0.00211369132844,0.0,0.818867367034,-0.573843036793,-0.0118807084411,0.0,-0.00851645508257,0.00854936960193,-0.999927186485,0.0,0.660803332582,0.25974844436,0.303409447009,1.0,-0.00614,-0.00806971428571,0.308
0.464328816515,0.54213994888,-0.123950518672,-1.36435892669,0.0790135596411,1.89716824802,0.158129691486,-0.00116105265915,-0.0337321394403,-0.0010329710691,-0.0513878135319,-0.000456817004162,0.0217654060426,-0.0081935551253,0.573891462871,0.818916847717,0.00212891276099,0.0,0.818875414693,-0.57383153929,-0.0118813563402,0.0,-0.00850836940657,0.00856208813771,-0.999927146495,0.0,0.660690028039,0.259611551145,0.303413542074,1.0,-0.0065,-0.00854285714286,0.326
0.464243465719,0.541517102702,-0.12395314162,-1.36533345125,0.0789523315682,1.8975155765,0.15799981364,-0.00724397237317,-0.0329688687118,0.000288199942717,-0.0555575337949,-0.000841311238169,0.0208593359742,-0.0101392526195,0.573894499481,0.818914733993,0.0021233972195,0.0,0.81887323629,-0.573834604901,-0.0118834341698,0.0,-0.00851320443317,0.0085587954414,-0.999927133531,0.0,0.6605771133,0.259459812433,0.303420264774,1.0,-0.00684,-0.00898971428571,0.343
0.464163673485,0.540881127653,-0.123955910391,-1.36628478961,0.0788935826995,1.89786988242,0.157875268801,-0.00544733915714,-0.0463101950577,-0.00223024704541,-0.0642996477976,-0.0059868115237,0.016286237144,-0.00735735773183,0.57389681691,0.818913026232,0.00215543690755,0.0,0.818871968665,-0.573836816869,-0.0118639555659,0.0,-0.00847884194559,0.00857387827281,-0.999927296282,0.0,0.660469580539,0.259315471627,0.303447827203,1.0,-0.00716,-0.00941028571429,0.359
0.464067631493,0.540180958687,-0.123959137753,-1.36734434851,0.0788330995167,1.89826151412,0.157748264712,-0.00885235455949,-0.0449594772988,-0.00259959797608,-0.0645875414465,-0.00645325961942,0.0273252062174,-0.00412688254386,0.573916205453,0.818899362373,0.00218410729142,0.0,0.818858656294,-0.573856067175,-0.0118516699355,0.0,-0.00845212446228,0.00859050599338,-0.999927379763,0.0,0.660350433641,0.259150389595,0.303472413202,1.0,-0.0075,-0.00985714285714,0.376
0.463968901091,0.539458300516,-0.123962527652,-1.36848874772,0.0787759331041,1.89870502414,0.157603079832,0.00010037297541,-0.0383067200479,-0.00207833267282,-0.0743095798062,-0.00268901880834,0.0281701624187,-0.00818925418021,0.573928731886,0.818890522434,0.0022067813862,0.0,0.818850037926,-0.573868427661,-0.0118486296097,0.0,-0.0084364907555,0.00860745770849,-0.99992736601,0.0,0.660222962156,0.258977724231,0.303476925047,1.0,-0.00784,-0.010304,0.393
0.463867572325,0.538746816824,-0.123964538066,-1.3695709862,0.078697844545,1.89912521312,0.157463609707,-0.00641277510666,-0.043603534519,-0.00118434484943,-0.065849647602,-0.0102549322297,0.0321367976334,-0.0105852215948,0.573937894174,0.81888400901,0.00224060721838,0.0,0.818844107033,-0.573877602365,-0.0118140925588,0.0,-0.00838869868751,0.00861542929544,-0.999927699443,0.0,0.660106220907,0.258806427783,0.303500895418,1.0,-0.00816,-0.0107245714286,0.409
0.463752769681,0.537975727694,-0.123966125204,-1.37077282858,0.0786358174164,1.89958948532,0.157309590937,-0.00943805057068,-0.0439767655777,0.00208547080299,-0.0754236971366,-0.00693568510303,0.0218850103265,-0.0127140890886,0.573956744374,0.818870706817,0.00227332496313,0.0,0.818831161067,-0.573896252385,-0.0118054252907,0.0,-0.00836262528176,0.00863743908234,-0.999927727961,0.0,0.659974429772,0.258618663697,0.303513771572,1.0,-0.0085,-0.0111714285714,0.426
0.463647345431,0.537177051257,-0.123980233222,-1.37204688014,0.0785539283447,1.90006150299,0.15716411974,-0.00864343905284,-0.0433009787446,-0.00129756438763,-0.0787307019456,-0.00260201631582,0.0277564381376,-0.00307549663632,0.573975742944,0.818857414805,0.00226442752935,0.0,0.818817833929,-0.573915366026,-0.0118006092918,0.0,-0.00836358768843,0.00862758323784,-0.999927804998,0.0,0.659821730144,0.258408115407,0.303511155043,1.0,-0.00886,-0.0116445714286,0.444
0.463528815219,0.536341525959,-0.12398604568,-1.37335242622,0.0784825503045,1.90055720833,0.156995656696,-0.00391135866859,-0.0470332419246,-0.00196853309278,-0.0767401292546,-0.00917203964086,0.0333650193362,-0.0164565456385,0.573998153077,0.818841644261,0.00228665453722,0.0,0.818802337607,-0.573937672781,-0.0117909538883,0.0,-0.00834268750831,0.00864047019108,-0.999927868319,0.0,0.659683489414,0.25821546014,0.303524257431,1.0,-0.00918,-0.0120651428571,0.46
0.463424943171,0.535526383768,-0.123987172879,-1.37463838133,0.0784094461385,1.90101462635,0.156850850638,-0.000764225679588,-0.0518029020518,-0.00132316856159,-0.082820181101,-0.00974309470383,0.0225285298631,-0.0038758886066,0.574014229468,0.818830390222,0.00228107833176,0.0,0.818790957299,-0.573953712896,-0.0118004491014,0.0,-0.00835349379526,0.00864151838529,-0.999927769042,0.0,0.659521984607,0.258007120759,0.303528833432,1.0,-0.00952,-0.012512,0.477
0.4632964705,0.534565581726,-0.123991295541,-1.37616175945,0.0783280635067,1.90157732898,0.15665759375,-0.00513431548377,-0.0531429051957,0.000208358673536,-0.0844091698907,-0.0049656802591,0.0314761778643,-0.00415028147795,0.574027976668,0.818820752067,0.00228142234745,0.0,0.818781209663,-0.573967339194,-0.0118140231282,0.0,-0.00836426642648,0.00864973207615,-0.999927607971,0.0,0.659351031081,0.25779325394,0.303528869927,1.0,-0.00986,-0.0129588571429,0.494
0.46318381227,0.533709479253,-0.12400122799,-1.37755362348,0.0782436603054,1.90208153174,0.156481214609,-0.00531072573,-0.0514054740307,-0.00130470476214,-0.0871761826622,-0.00808926440105,0.0349213020093,-0.0099096512417,0.574036338903,0.818814974009,0.0022509682546,0.0,0.818775049841,-0.573975833244,-0.0118282505487,0.0,-0.00839330888325,0.00863304849838,-0.999927508792,0.0,0.659186416563,0.257579799769,0.303514255883,1.0,-0.01018,-0.0133794285714,0.51
0.463051352532,0.532723821288,-0.123991754974,-1.37914170475,0.0781630168697,1.90269072856,0.156284544012,-0.00448604410158,-0.057576265385,0.000846166666834,-0.0916208605601,-0.00226946489601,0.0368440525008,-0.0068934692324,0.574042469583,0.818810637033,0.00226510438756,0.0,0.818770722739,-0.573981728867,-0.0118416812322,0.0,-0.00839612767236,0.00865239568048,-0.999927317903,0.0,0.659000584031,0.257350707918,0.303505929865,1.0,-0.01054,-0.0138525714286,0.528
0.462931076647,0.53180715409,-0.123991990788,-1.38059386497,0.0780714514827,1.9032254656,0.156106544118,-0.00561455553386,-0.0534081831158,-2.59940960943e-05,-0.0872928162649,-0.00589243575515,0.0321777720747,-0.0183680909799,0.574049979799,0.818805381761,0.00226150231759,0.0,0.818765432323,-0.573989264289,-0.0118422216732,0.0,-0.00839855848486,0.00864983357115,-0.999927319656,0.0,0.65882901867,0.257132459674,0.303507270439,1.0,-0.01086,-0.0142731428571,0.544
0.462813547109,0.530862952237,-0.123993858475,-1.38212654651,0.0779812659291,1.90376558701,0.15591073424,-0.00755248906629,-0.0574986813528,0.000774663942288,-0.0962002414552,-0.00701291658253,0.0279419316416,-0.00624113481832,0.574046309572,0.818808066005,0.00222090376377,0.0,0.818767510909,-0.573985675033,-0.0118724402706,0.0,-0.00844664553481,0.00863390059894,-0.999927052309,0.0,0.658639673284,0.256906490866,0.303490037454,1.0,-0.01118,-0.0146937142857,0.56
0.462669158092,0.529840036338,-0.123999899993,-1.38376889253,0.0778712929868,1.90435289339,0.155684791465,-0.0125108997887,-0.0589209827527,-0.000931667740865,-0.0943829345327,-0.00945111821996,0.0326652112344,-0.0232721544925,0.574043348874,0.818810235594,0.00218600125012,0.0,0.818769293825,-0.573982922651,-0.0118825458095,0.0,-0.00847498591704,0.00861109287974,-0.999927009183,0.0,0.6584447217,0.256648458126,0.303480052557,1.0,-0.01152,-0.0151405714286,0.577
0.462524396572,0.528724050244,-0.123994923871,-1.38553340701,0.0777761876357,1.9050129631,0.155455045526,-0.0106320070124,-0.0638104013113,0.0012882691741,-0.0999701503208,-0.0108006309781,0.0333948016529,-0.0118091717069,0.574040465907,0.818812213058,0.0022023056875,0.0,0.818771339811,-0.573979828612,-0.0118910198261,0.0,-0.00847259634199,0.00862927747985,-0.999926872667,0.0,0.658234456864,0.256390648707,0.303483207196,1.0,-0.01188,-0.0156137142857,0.595
0.462398138753,0.52767308114,-0.123995496183,-1.38716039225,0.0776600592324,1.90563817947,0.155223478396,-0.00182415165913,-0.0690916630405,0.00142871660926,-0.101022529954,-0.00842050362072,0.0341792782217,-0.01658635628,0.574011482297,0.818832447569,0.00223336093676,0.0,0.818792147957,-0.573950898425,-0.0118546000395,0.0,-0.0084252538614,0.00863350116096,-0.99992723623,0.0,0.658044887808,0.256151547008,0.30350287169,1.0,-0.0122,-0.0160342857143,0.611
0.462253132179,0.526520693547,-0.124003131189,-1.38894000293,0.0775560920452,1.90631205152,0.15498676662,-0.00579309822378,-0.064120232736,0.000157742306947,-0.106726185142,-0.0054324474539,0.0343177582631,-0.0189774952893,0.57400997629,0.818833395248,0.0022726301509,0.0,0.818793608712,-0.573949241086,-0.0118339296621,0.0,-0.00838580390671,0.0086537753393,-0.999927392597,0.0,0.657837188428,0.255884491064,0.303525484743,1.0,-0.01254,-0.0164811428571,0.628
0.46210218566,0.525345096943,-0.124002290838,-1.39077606817,0.0774383636381,1.9069732245,0.154730691298,-0.00973406914495,-0.065884868785,0.000203132840329,-0.10560121894,-0.0151950116506,0.0299178731452,-0.0192038128888,0.573990333906,0.818847170653,0.00227037381601,0.0,0.818807354281,-0.573929609445,-0.011834985339,0.0,-0.0083881710003,0.00865233254822,-0.999927385228,0.0,0.657614091913,0.255609043651,0.303535859324,1.0,-0.01288,-0.016928,0.645
0.461949199336,0.524236332623,-0.124012307701,-1.3925310725,0.0773327997172,1.90760605836,0.154489607245,-0.00958624390818,-0.0661367582649,-0.00191173700332,-0.111003762728,-0.00844813436275,0.0453446520603,-0.0189982931094,0.57399108714,0.818846679504,0.00225704449688,0.0,0.818806678305,-0.57393040285,-0.0118432743647,0.0,-0.00840260120676,0.00864618350099,-0.999927317261,0.0,0.657404378484,0.255334750352,0.303535435079,1.0,-0.0132,-0.0173485714286,0.661
0.461787026929,0.523033466305,-0.124007701527,-1.39444105862,0.077210353746,1.90831433263,0.154236225313,-0.00975023025483,-0.0746479933824,0.00109297518538,-0.112694274664,-0.00630997853185,0.042709544388,-0.0153892361875,0.57398254895,0.818852671664,0.00225444256526,0.0,0.818812643229,-0.573921882717,-0.0118437632294,0.0,-0.00840458505571,0.00864424591195,-0.99992731734,0.0,0.657175121996,0.255048200154,0.303533169918,1.0,-0.01354,-0.0177954285714,0.678
0.461608429938,0.521732885114,-0.124015826283,-1.39650809422,0.0770888575472,1.90913049587,0.153957849745,-0.0145441470073,-0.0665339770692,-0.00131693625798,-0.113320366618,-0.0129761146428,0.0542950290862,-0.0148032911141,0.573984806344,0.818850980245,0.0022937174364,0.0,0.818811505187,-0.573924030996,-0.0118183128819,0.0,-0.00836117850967,0.00866182102428,-0.999927529149,0.0,0.656939362126,0.254733549555,0.303534274735,1.0,-0.0139,-0.0182685714286,0.696
0.461458949927,0.52062816451,-0.124021949914,-1.39829253241,0.0769819738945,1.90979271128,0.153717513821,-0.0121766483224,-0.0777431849599,-7.34518564779e-05,-0.118053897697,-0.0077964289478,0.0371741145305,-0.0206274216237,0.573981217791,0.818853543119,0.00227671837994,0.0,0.818813831699,-0.573920492934,-0.0118289353053,0.0,-0.00837967158583,0.00865396180767,-0.999927442392,0.0,0.656725000183,0.25446216348,0.3035185495,1.0,-0.0142,-0.0186628571429,0.711
0.461283143276,0.519235031526,-0.124026175949,-1.40046105109,0.0768383284616,1.91056493313,0.153427800813,-0.0143651123448,-0.0764053814029,0.000321431173193,-0.120788814003,-0.00857431795275,0.0428009638278,-0.0159887618717,0.573967267739,0.818863346951,0.00226748435333,0.0,0.818823562973,-0.573906629576,-0.0118279393741,0.0,-0.00838430314439,0.00864568611895,-0.999927475156,0.0,0.656457118704,0.254134412527,0.303531609816,1.0,-0.01456,-0.019136,0.729
0.461105037316,0.517879504639,-0.124040708316,-1.4025573352,0.076701203716,1.91132972496,0.153133407256,-0.0106756946841,-0.0797176118385,-0.00130509715239,-0.120085060203,-0.00510813717199,0.0476297971315,-0.00663323176735,0.573956408569,0.818870924293,0.00227976134974,0.0,0.818831405447,-0.573895833127,-0.0118088557584,0.0,-0.00836174408004,0.00864467506726,-0.999927672799,0.0,0.656205623341,0.253807806256,0.303551909885,1.0,-0.0149,-0.0195828571429,0.746
0.460936200488,0.516617661922,-0.124038964092,-1.40457025319,0.0765754819447,1.91205824511,0.152855318774,-0.0112280899671,-0.0751126746908,0.000246322516867,-0.126643061047,-0.0116752817997,0.0449616417204,-0.0197428899254,0.573938189082,0.818883752074,0.00225889422037,0.0,0.81884392052,-0.573877654048,-0.0118245047156,0.0,-0.00838672734247,0.00863638289982,-0.999927535222,0.0,0.655956747635,0.253504870052,0.303542154812,1.0,-0.01522,-0.0200034285714,0.762
0.46074601332,0.515227349932,-0.124044539806,-1.40673559247,0.0764428597825,1.91289060055,0.152561232512,-0.0120154108574,-0.0804464936184,0.00125242715955,-0.124571895267,-0.00819716663833,0.0506429915206,-0.0129094574058,0.573935711597,0.818885361999,0.00230429139885,0.0,0.818846163466,-0.57387504593,-0.0117957253563,0.0,-0.00833713201173,0.008657014872,-0.999927771553,0.0,0.65570256274,0.25317318919,0.303558775419,1.0,-0.01556,-0.0204502857143,0.779
0.460554368254,0.513831870032,-0.124050693383,-1.40899556442,0.0763064634731,1.91368127642,0.152249627547,-0.0117989531122,-0.0817914514529,-0.000700671676643,-0.132549201171,-0.00760928460232,0.0471917071654,-0.0153647949947,0.573928947243,0.818890251899,0.00225072483796,0.0,0.818850242944,-0.573868372012,-0.011837150655,0.0,-0.00840186924504,0.0086368562804,-0.999927404018,0.0,0.655403028812,0.252804925146,0.303535815217,1.0,-0.01592,-0.0209234285714,0.797
0.460374540545,0.512522436002,-0.124054026997,-1.41113691704,0.0761812453104,1.91442440329,0.151952557325,-0.0131126489999,-0.0871426511359,0.000198451232635,-0.135911459189,-0.0117291176982,0.0447738746082,-0.0258639533328,0.573908428973,0.818904855213,0.00216798594204,0.0,0.818863634919,-0.573848047277,-0.0118959213762,0.0,-0.00849769687981,0.00860262002423,-0.999926889366,0.0,0.655143905473,0.252499315622,0.303492781255,1.0,-0.01622,-0.0213177142857,0.812
0.460158785733,0.511000855938,-0.124065945698,-1.41356882126,0.0760349504201,1.9153462794,0.15160592606,-0.0122910371497,-0.0857771639008,-0.00118747718047,-0.131852464616,-0.00697201461317,0.0541168276089,-0.0185728903627,0.573897646368,0.818912395704,0.00217406475934,0.0,0.818871273829,-0.573837261102,-0.0118903982128,0.0,-0.0084897985743,0.00860431638733,-0.999926941861,0.0,0.654853633228,0.252121342079,0.303481160869,1.0,-0.01658,-0.0217908571429,0.83
0.459959484083,0.509509212153,-0.124069708597,-1.41592825986,0.075890798008,1.91623022759,0.151284382136,-0.0121653144186,-0.0947732947974,-0.000569490816126,-0.1439335432,-0.00691759873684,0.0482634207175,-0.0165894754496,0.573884366614,0.818921671474,0.00218555429528,0.0,0.818880687176,-0.57382392476,-0.011885724427,0.0,-0.00847951722792,0.00861090542432,-0.999926972381,0.0,0.654565170493,0.251764979225,0.303478983809,1.0,-0.01692,-0.0222377142857,0.847
0.45976363144,0.508106808554,-0.124069850026,-1.418163665,0.0757405143676,1.91702321088,0.150963405646,-0.0168979930079,-0.0860988655414,0.00019216755707,-0.139517059538,-0.00645150226267,0.0473155564002,-0.01614804272,0.573857186475,0.818940826467,0.00214456951082,0.0,0.818899332108,-0.573796936868,-0.0119040335923,0.0,-0.00851831569613,0.00858756710233,-0.999926843319,0.0,0.65428352299,0.251419539223,0.303464901831,1.0,-0.01724,-0.0226582857143,0.863
0.459548029465,0.50656538794,-0.124078482834,-1.42057088989,0.0755990334918,1.9179044765,0.150648289042,-0.0140152200778,-0.0942563436692,-0.000960528730804,-0.146105631962,-0.00274243489945,0.0564856827813,-0.0218867150433,0.573868299559,0.818933001542,0.00215885332291,0.0,0.818891625529,-0.573807922496,-0.0119046470297,0.0,-0.0085105050377,0.00859973202612,-0.999926805278,0.0,0.653987554154,0.251045071585,0.303473699126,1.0,-0.01758,-0.0231051428571,0.88
0.459326827269,0.504962701269,-0.124076637589,-1.42302807648,0.075442626273,1.91884968957,0.150297072719,-0.0132991515327,-0.0920248887286,0.000339180400762,-0.144729450186,-0.00425621911997,0.0538396439293,-0.0189453931047,0.573845156055,0.81894902242,0.00223214047477,0.0,0.818908656914,-0.573784546564,-0.0118597072899,0.0,-0.00843189032112,0.00863372096468,-0.999927178392,0.0,0.653692832137,0.250669923536,0.303506134881,1.0,-0.01792,-0.023552,0.897
0.459115642965,0.50339341238,-0.124080537105,-1.42534889589,0.0752929722442,1.91973195621,0.149970433946,-0.013078043802,-0.0944876844316,0.000240661093405,-0.144631297935,-0.00336576990251,0.0488387362183,-0.0158926431656,0.573832201266,0.818957800843,0.00233925857149,0.0,0.818918919534,-0.573771272008,-0.0117931144798,0.0,-0.0083160238426,0.00868309912018,-0.999927721156,0.0,0.653414809504,0.250310626468,0.303574191118,1.0,-0.01824,-0.0239725714286,0.913
0.458881894333,0.501706863252,-0.124086184174,-1.42785104696,0.0751316131395,1.92065593886,0.14962718025,-0.0128823799668,-0.0951383425788,0.000700252367371,-0.143863600356,-0.00474794894655,0.0541687014363,-0.0164476943066,0.573823036494,0.81896392953,0.00243963509938,0.0,0.818926426406,-0.573761810389,-0.0117320063755,0.0,-0.00820847862986,0.00873014525854,-0.999928200144,0.0,0.653092905491,0.249892699667,0.303649581057,1.0,-0.0186,-0.0244457142857,0.931
0.458635496894,0.499878982397,-0.124084140993,-1.43060423341,0.0749496179579,1.92162584676,0.14923336342,-0.0121556421565,-0.105563362971,0.00137996484444,-0.152078075042,-0.0117707527675,0.0545402246897,-0.0303526479557,0.573799419263,0.81898040774,0.0024627407982,0.0,0.818943185993,-0.573738091432,-0.0117220926704,0.0,-0.00818735366147,0.00874314309499,-0.999928259771,0.0,0.652759464077,0.249491033822,0.303689764212,1.0,-0.01894,-0.0248925714286,0.948
0.458403708777,0.498315760414,-0.124086910986,-1.43307153985,0.0747984378569,1.92255324944,0.148889363115,-0.0141450705493,-0.0925802739757,0.000994807667437,-0.152036702779,-0.0139791367787,0.0592757544726,-0.0212914454845,0.573794612841,0.818983720269,0.00248094936807,0.0,0.818946743629,-0.573733228506,-0.0117115544911,0.0,-0.00816832664217,0.00875196078345,-0.999928338243,0.0,0.652477496157,0.249126372907,0.303686595018,1.0,-0.01924,-0.0252868571429,0.963
0.458137529619,0.496633892631,-0.124086536246,-1.43575246777,0.0746414461955,1.92351054795,0.148486755616,-0.0141258804116,-0.0948061346508,0.000946974052211,-0.158940349192,-0.00604537614522,0.0558224161689,-0.0198368967668,0.573775698619,0.818997063488,0.00245042310809,0.0,0.818959482971,-0.573714207163,-0.0117524743511,0.0,-0.00821955768352,0.00875024989237,-0.999927933402,0.0,0.652118605519,0.248675114307,0.30366539135,1.0,-0.0196,-0.02576,0.981
0.457871466696,0.494958038936,-0.124089390707,-1.43847544595,0.0744715782169,1.92445035803,0.148091143572,-0.0123460683403,-0.102759804145,-0.000924156040753,-0.160785693974,-0.00448580346769,0.0597905228431,-0.0258804216104,0.573762854786,0.819006331303,0.00235852786236,0.0,0.818967418379,-0.573701565667,-0.0118164329034,0.0,-0.00832480251224,0.0087115554751,-0.999927400597,0.0,0.65176666163,0.24823571251,0.303618472174,1.0,-0.01994,-0.0262068571429,0.998
0.457600050123,0.493341498513,-0.124100006719,-1.44109568502,0.0743075112939,1.92540804964,0.147738592316,-0.0147491736608,-0.105273342476,-0.000972430562758,-0.16496387895,-0.0144526237066,0.0695353126895,-0.0212382427085,0.573791469294,0.81898641125,0.00231405586372,0.0,0.818946908899,-0.573730336751,-0.0118409457782,0.0,-0.00837009078893,0.00868948987213,-0.999927214524,0.0,0.651443162113,0.247801858521,0.303580324298,1.0,-0.0216514285714,-0.0284561632653,1.014
0.457290440609,0.491287067844,-0.124115189562,-1.44435006211,0.0741045099628,1.92659648369,0.147263312088,-0.0199211308438,-0.118537218377,0.00155448067264,-0.186683960421,-0.0186076224664,0.0585655363205,-0.0323196065781,0.573774729437,0.818998180244,0.00229946049914,0.0,0.81895847777,-0.573713645234,-0.0118495511446,0.0,-0.00838569040963,0.00868230283324,-0.999927146253,0.0,0.651034301787,0.247280592139,0.303564446819,1.0,-0.0239657142857,-0.0314977959184,1.032
0.456965408343,0.489204708235,-0.124125965495,-1.4477443083,0.0739020632476,1.92777922701,0.146782853572,-0.0183553012144,-0.133206759982,0.000141475698082,-0.208925984125,-0.0106648942387,0.0726132875148,-0.0288418139535,0.573769462816,0.819002164452,0.00219204543093,0.0,0.818960843443,-0.573708581549,-0.0119309373279,0.0,-0.00851403214215,0.00864097324202,-0.999926419712,0.0,0.650591823222,0.246735680311,0.303499968121,1.0,-0.0261514285714,-0.0343704489796,1.049
0.456629213054,0.487157726814,-0.12414442487,-1.4509277313,0.0737030015681,1.92899947875,0.146319060604,-0.0244707288423,-0.135841092962,-0.00192989003247,-0.220495221539,-0.0164150707499,0.0856942435496,-0.0245830215052,0.57378259196,0.818992792535,0.00225606754467,0.0,0.818952409046,-0.573721557772,-0.0118858220673,0.0,-0.00844021052051,0.00866765662329,-0.999926814609,0.0,0.650209790573,0.246206585906,0.303513520611,1.0,-0.02808,-0.0369051428571,1.064
0.456280212648,0.484949077381,-0.124160760774,-1.45429212883,0.0734886799241,1.93027375235,0.145809402244,-0.0265138166478,-0.150108348599,-0.00364018457675,-0.228260724168,-0.0139648763373,0.0822087651255,-0.0336146876167,0.573770893196,0.819000724422,0.00234998252993,0.0,0.818961674175,-0.573709608493,-0.0118240541304,0.0,-0.0083358618324,0.00870901140207,-0.999927330624,0.0,0.649800149007,0.24565256642,0.303556679168,1.0,-0.0300085714286,-0.0394398367347,1.079
0.455761610415,0.481804315876,-0.124208291179,-1.45918968163,0.0731814729821,1.93193937944,0.145059227475,-0.02922263316,-0.159985813653,-0.00431337428022,-0.248445151982,-0.0154476855593,0.085908090938,-0.0382921251222,0.573771784549,0.819000323026,0.00227091168647,0.0,0.818960152791,-0.573710713494,-0.0118757005885,0.0,-0.00842351843309,0.00867389510055,-0.999926901269,0.0,0.649168062889,0.244813175749,0.303553148313,1.0,-0.03258,-0.0428194285714,1.099
0.455344137033,0.479252088174,-0.124236603951,-1.46313135811,0.0729457439423,1.93337439024,0.144484627021,-0.0277298984436,-0.176247461145,-0.00136544873021,-0.263748944018,-0.0183030920572,0.0956331883887,-0.0347459106422,0.573792015923,0.818986039098,0.00231022220035,0.0,0.818946310265,-0.573730715055,-0.0118639962702,0.0,-0.00839116343412,0.00869958177752,-0.999926950158,0.0,0.648672942109,0.244152056964,0.303571219282,1.0,-0.0345085714286,-0.045354122449,1.114
0.454800378326,0.476017490353,-0.124262633481,-1.46803787562,0.0726388836303,1.93520063851,0.143781511787,-0.0276453883572,-0.177830639331,-0.000554587429219,-0.280140253676,-0.0218957952371,0.102559271244,-0.0339965869842,0.573834824649,0.81895567939,0.00243641460177,0.0,0.81891765493,-0.573773099733,-0.0117920043771,0.0,-0.00825933881555,0.0087620543928,-0.999927502235,0.0,0.648066819813,0.243320646869,0.303634476146,1.0,-0.0368228571429,-0.048395755102,1.132
0.454330369941,0.473204080241,-0.124275081202,-1.47241176491,0.0723782379268,1.93676072483,0.143148473641,-0.033191868407,-0.186244640672,0.00379413923401,-0.29566169766,-0.0187119878686,0.105239219194,-0.0358429234028,0.573853348441,0.818942643028,0.00245536450422,0.0,0.818904642148,-0.573791313047,-0.0118094470914,0.0,-0.00826255207061,0.00878776933912,-0.999927250025,0.0,0.647463583654,0.242540718104,0.303647112876,1.0,-0.03888,-0.0510994285714,1.148
0.453732674328,0.46960122752,-0.124281859743,-1.47788091965,0.0720312826437,1.93872669609,0.14230802226,-0.0310815031825,-0.210113160075,-0.00262433013831,-0.30738833759,-0.0188909312381,0.118802521069,-0.0502246990814,0.573822531006,0.818964012147,0.00252915375389,0.0,0.818926850285,-0.573760094214,-0.011786223823,0.0,-0.00820152355874,0.00883456279537,-0.999927340116,0.0,0.646795060466,0.241680337725,0.303691040247,1.0,-0.0410657142857,-0.0539720816327,1.165
0.453145073657,0.466025638809,-0.124283883787,-1.4832631282,0.0716794233167,1.94074833917,0.141441192071,-0.0374237080861,-0.21725308807,0.0014479912081,-0.320804138015,-0.0290665019985,0.113637211448,-0.044876084563,0.573754194654,0.819011324949,0.00270566498641,0.0,0.818976553849,-0.573691236987,-0.0116839955329,0.0,-0.00801726272632,0.00891978936734,-0.999928077842,0.0,0.64611298959,0.240790877863,0.30377182377,1.0,-0.0432514285714,-0.0568447346939,1.182
0.452499767336,0.462333802572,-0.124292399735,-1.48905311739,0.0712908444809,1.94272213113,0.140572028738,-0.0415449611263,-0.223164988915,0.000624055892136,-0.344733441914,-0.0203142072947,0.123084234848,-0.0493233069039,0.573745942617,0.819017444157,0.00260123032879,0.0,0.81898116619,-0.573683193122,-0.0117554352126,0.0,-0.0081357810207,0.00887516277951,-0.99992751765,0.0,0.645289178952,0.239746228172,0.303737080612,1.0,-0.0455657142857,-0.0598863673469,1.2
0.451866201471,0.45869703954,-0.124299733147,-1.49467753423,0.070913336078,1.94468988212,0.139741479388,-0.0352001474212,-0.228699898037,-0.00104156518705,-0.353421300815,-0.0225296420362,0.134368042456,-0.0570989152918,0.573743124737,0.819019525698,0.00256714700101,0.0,0.818982727426,-0.573680416546,-0.0117821368982,0.0,-0.00817723565036,0.00886253972402,-0.99992729146,0.0,0.644584779003,0.238850636415,0.303729302079,1.0,-0.0474942857143,-0.0624210612245,1.215
0.451088589392,0.454496511573,-0.124320916162,-1.50128605021,0.0704703459678,1.94703719518,0.138710353584,-0.042687648284,-0.240680726484,-0.00153482752473,-0.371485084372,-0.0260324420434,0.125699378889,-0.0593487007433,0.573733607079,0.819026396725,0.00250129522873,0.0,0.818988720506,-0.573671122541,-0.0118180263871,0.0,-0.00824451345901,0.00882910147419,-0.999927034821,0.0,0.643712864206,0.237701802801,0.303675963675,1.0,-0.0498085714286,-0.0654626938775,1.233
0.45032457154,0.450240325022,-0.124380348864,-1.50766742178,0.070026642655,1.94939451115,0.137691042702,-0.0469565903005,-0.254541010936,-0.00220257068329,-0.381981385578,-0.0193467897848,0.142541947613,-0.0537659927043,0.573736645102,0.819023740834,0.00266850494662,0.0,0.818988708226,-0.57367406474,-0.0116751935536,0.0,-0.00803156325218,0.00888413284656,-0.999928280516,0.0,0.64289941046,0.236568186946,0.303765903675,1.0,-0.0519942857143,-0.0683353469388,1.25
0.4496144476,0.446356607169,-0.124412193359,-1.51358132227,0.0696289996104,1.95140572987,0.136829836249,-0.0523805251726,-0.262179836482,-0.00426003515882,-0.396901845749,-0.0269375288391,0.137120013133,-0.0561549150119,0.573792848083,0.818984445581,0.00264429310766,0.0,0.818949023523,-0.573730262913,-0.0116974009914,0.0,-0.00806303372421,0.00887759720972,-0.999928085292,0.0,0.64209727342,0.235521442296,0.303788339681,1.0,-0.0539228571429,-0.0708700408163,1.265
0.448726857432,0.441612692135,-0.124428709824,-1.52096746851,0.0691124613579,1.9539147416,0.135670357078,-0.0458742537485,-0.264148593968,-0.000438580552458,-0.411462353837,-0.033023637401,0.136282354142,-0.0659921503164,0.573768070848,0.819002213361,0.00251441580726,0.0,0.818965012852,-0.573705860227,-0.0117745728479,0.0,-0.0082010240353,0.00881526224304,-0.999927514551,0.0,0.641079316414,0.234224497456,0.30373790829,1.0,-0.0562371428571,-0.0739116734694,1.283
0.447793804073,0.436719951598,-0.124438543881,-1.52854627915,0.0686162159146,1.95658082477,0.13443421499,-0.0549718470692,-0.271454085437,-0.00177545607793,-0.427438590894,-0.0242893648807,0.146822635735,-0.0679146729374,0.573724315124,0.819032916351,0.00249781309388,0.0,0.818995229391,-0.573661881889,-0.0118155153722,0.0,-0.00824455458667,0.00882471537566,-0.9999270732,0.0,0.64004574183,0.232896989991,0.303705444833,1.0,-0.0585514285714,-0.0769533061224,1.301
0.446948222631,0.432429311762,-0.124460496507,-1.53489758097,0.0681721640031,1.95894974731,0.133401364582,-0.0573427459682,-0.281310366531,-0.00280526916658,-0.425143726647,-0.0298180525447,0.153205215591,-0.0670976846613,0.573740693312,0.81902067239,0.00273896630537,0.0,0.81898646637,-0.573677770219,-0.011650354551,0.0,-0.00797075059686,0.00892763071795,-0.999928379708,0.0,0.639222869319,0.231743853208,0.303814687551,1.0,-0.06048,-0.079488,1.316
0.445898065743,0.427234338609,-0.124517072176,-1.54302272743,0.0675738759084,1.9616080755,0.132111863306,-0.0578193774268,-0.29390089913,-0.00373211493575,-0.46071250199,-0.0354591121783,0.139332368645,-0.0787803267386,0.573767238495,0.819002921263,0.00247343767289,0.0,0.818965326164,-0.573705328185,-0.0117787034025,0.0,-0.00822792653654,0.00878406293525,-0.999927568108,0.0,0.638077102371,0.230242540124,0.303717846574,1.0,-0.0627942857143,-0.0825296326531,1.334
0.44493332244,0.422398625057,-0.124578242605,-1.55039382854,0.0670363784524,1.96406719231,0.13086903483,-0.0588301721867,-0.307657545266,-0.00323401693081,-0.467362447079,-0.035678630133,0.164725197147,-0.0732860982266,0.573755287745,0.819011547441,0.0023878534175,0.0,0.818972977352,-0.573693847196,-0.0118058865785,0.0,-0.00829942041152,0.00872944534262,-0.999927455571,0.0,0.636978609838,0.228789429933,0.303716908446,1.0,-0.06498,-0.0854022857143,1.351
0.444111834609,0.418369530109,-0.124606715945,-1.55645618814,0.066617286069,1.96620685429,0.129928726481,-0.0628980547132,-0.313013570408,-0.00797563463568,-0.470932557095,-0.0255092536875,0.174431185612,-0.070708594885,0.573807068423,0.818975059594,0.0024590429956,0.0,0.818937472284,-0.57374541451,-0.0117627683236,0.0,-0.0082227075586,0.00876353078848,-0.999927791197,0.0,0.636213729123,0.227758081012,0.303746744582,1.0,-0.0665228571429,-0.0874300408163,1.363
0.442721473993,0.411723771705,-0.124623396822,-1.56641037131,0.0659386376504,1.96980634673,0.128219484724,-0.064487320067,-0.321733104271,-0.00113601096541,-0.48742060418,-0.0346774127134,0.15599710434,-0.0849642783591,0.573780840376,0.818992685942,0.00269712649591,0.0,0.818958198439,-0.573718347809,-0.0116393082845,0.0,-0.00798527113858,0.00888741705525,-0.999928622084,0.0,0.634855573789,0.225926599259,0.303822775426,1.0,-0.0692228571429,-0.0909786122449,1.384
0.441546192203,0.40620727127,-0.124676185436,-1.57490566794,0.0653176051968,1.97252322083,0.126853167164,-0.0702127337874,-0.32430573409,-0.00177709459217,-0.508318545611,-0.0283042259397,0.159630543164,-0.0817103843226,0.573832285652,0.818957407106,0.0024536076015,0.0,0.818919578667,-0.573770467281,-0.0117864945127,0.0,-0.00824498814657,0.00877294729573,-0.999927525157,0.0,0.633614100153,0.224321167884,0.303745389033,1.0,-0.0714085714286,-0.0938512653061,1.401
