position_joint1,position_joint2,position_joint3,position_joint4,position_joint5,position_joint6,position_joint7,velocity_joint1,velocity_joint2,velocity_joint3,velocity_joint4,velocity_joint5,velocity_joint6,velocity_joint7,ee_T_00,ee_T_10,ee_T_20,ee_T_30,ee_T_01,ee_T_11,ee_T_21,ee_T_31,ee_T_02,ee_T_12,ee_T_22,ee_T_32,ee_T_03,ee_T_13,ee_T_23,ee_T_33,v_x,v_y,time
0.465074045871,0.54786085875,-0.123908185427,-1.35586047682,0.0794734619708,1.89409744191,0.159167061461,-0.000271771678474,-0.000570464120788,0.000171914748225,0.00114155447757,-4.04415194781e-05,0.000211837809046,-0.00109003788125,0.573750349741,0.819016389039,0.00185406543465,0.0,0.818971779982,-0.573691983472,-0.0119782550674,0.0,-0.00874689314038,0.00839111685841,-0.999926537811,0.0,0.661650974163,0.260928359087,0.303141884595,1.0,0.0,0.0,0.0
0.465076110332,0.54786013089,-0.123911045185,-1.35585794335,0.0794734590674,1.89409751134,0.159168468758,0.00194424028142,0.000337820035755,0.000616124174445,0.00103493206204,7.13129446827e-05,0.00038004192862,-0.000778385925781,0.573751670148,0.819015459385,0.0018561225522,0.0,0.818970895017,-0.573693312044,-0.0119751297399,0.0,-0.00874313962309,0.00839102258952,-0.999926571429,0.0,0.661651707177,0.2609283854,0.303143706578,1.0,-0.00012,-0.000157714285714,0.007
0.465073487196,0.547861677283,-0.123909008073,-1.35586548539,0.0794734634492,1.89409432538,0.159173961868,0.000635433199117,0.000640795682268,0.000402294486643,0.000661681029759,7.47066188623e-06,0.000163974250741,0.0013397876012,0.573757285693,0.819011547404,0.00184641124298,0.0,0.818966833704,-0.573698946796,-0.011982931181,0.0,-0.00875504338529,0.00838760512585,-0.999926495946,0.0,0.661649515741,0.260926694562,0.303138677709,1.0,-0.00038,-0.000499428571429,0.02
0.465069573853,0.547844963387,-0.123911139865,-1.35587501767,0.0794702696337,1.8940953287,0.159166129023,-0.000448261297953,-0.00346119582845,0.000327063094145,-0.000987123901365,-0.000205569412382,0.000169020733904,-0.00179303912386,0.573755217457,0.819012983928,0.00185189077444,0.0,0.818968373746,-0.573696886034,-0.0119763375031,0.0,-0.00874652034202,0.00838828760489,-0.99992656481,0.0,0.661649664834,0.260921512354,0.303146132982,1.0,-0.00074,-0.000972571428571,0.038
0.465074669581,0.547806722879,-0.123906442085,-1.35590035604,0.079473820657,1.89409784425,0.159173148066,-0.000367655277405,-0.0104381228251,0.00140548158288,-0.00677579622305,0.000181683380462,0.00436887859632,0.00114331000773,0.573755785203,0.819012545593,0.00186976158532,0.0,0.818968089349,-0.573697301243,-0.0119758956184,0.0,-0.00873589977383,0.00840267624466,-0.999926536845,0.0,0.661642764852,0.260925847794,0.303161232916,1.0,-0.00102,-0.00134057142857,0.052
0.465074317247,0.547676517536,-0.12390887298,-1.35605770988,0.0794686873857,1.89412834148,0.159166824022,8.11935295597e-05,-0.0119902006496,-0.000812898048,-0.00905906080425,-0.000437756888752,0.000281899808671,-0.000136302158862,0.573759800364,0.819009718141,0.00187616017422,0.0,0.8189652812,-0.573701226826,-0.0119798760072,0.0,-0.00873544766282,0.0084102432342,-0.999926477179,0.0,0.661617154808,0.260908481298,0.303181298766,1.0,-0.00138,-0.00181371428571,0.07
0.46506233384,0.547536482851,-0.123906363065,-1.35626413571,0.0794667986816,1.89417166334,0.159162754458,-0.00162722128379,-0.00897340993085,0.00057684902293,-0.0138031154831,0.000169714173666,-0.000808565060764,-0.000297938480009,0.573775339822,0.818998859053,0.00186418435802,0.0,0.818954110442,-0.573716666329,-0.0120041104076,0.0,-0.00876200778824,0.0084145059763,-0.999926208932,0.0,0.661584817529,0.260881973735,0.303185925179,1.0,-0.00172,-0.00226057142857,0.087
0.465045667826,0.547384179784,-0.123908581258,-1.35646075089,0.0794648411825,1.89428898963,0.159152926588,-0.00231291629129,-0.0133774585316,0.000967601475967,-0.0101427252127,7.32112266451e-05,0.00231677486523,-0.00346009425463,0.573793250984,0.818986158309,0.0019299027872,0.0,0.818942250794,-0.573734278738,-0.0119713895321,0.0,-0.00869731838921,0.00844974413456,-0.999926476536,0.0,0.661572132491,0.26085599315,0.303210488409,1.0,-0.00204,-0.00268114285714,0.103
0.465026822068,0.547185064593,-0.123909699162,-1.35667919757,0.0794623241269,1.89440995063,0.159136842588,-0.000979595395652,-0.00956317376768,-0.000700985530096,-0.0121563917929,0.000324005377269,0.00493817123106,-0.00273892481801,0.573808032918,0.818975579891,0.00202183125842,0.0,0.81893283929,-0.573748643288,-0.0119266909966,0.0,-0.00860781146066,0.00849953875545,-0.999926829034,0.0,0.661556746739,0.260827391939,0.303258091007,1.0,-0.00238,-0.003128,0.12
0.464996441571,0.546974898419,-0.123909326338,-1.35698577746,0.0794539849101,1.89455493624,0.159120324957,-0.001574238042,-0.0148167554181,-0.000335024248353,-0.0163739536956,2.65652919564e-05,0.00938600640962,-0.00135379527598,0.573834267087,0.818957084377,0.00206755079296,0.0,0.818914890491,-0.573774637738,-0.0119085734569,0.0,-0.00856646732116,0.00852685982137,-0.999926951482,0.0,0.661529199987,0.260782382566,0.303273592676,1.0,-0.00272,-0.00357485714286,0.137
0.464961502359,0.546741776292,-0.12391183404,-1.35733985246,0.0794449892079,1.89467654898,0.159045861697,-0.00307922940027,-0.0147901603989,-0.00122934887843,-0.023099594165,-0.000934499528849,0.0143621765585,-0.00608354595078,0.57382100201,0.818966359931,0.00207505535188,0.0,0.818924147471,-0.573761227741,-0.0119181009651,0.0,-0.00857010245935,0.00853833396221,-0.999926822421,0.0,0.661488563324,0.26072565166,0.303280799635,1.0,-0.00304,-0.00399542857143,0.153
0.464916860076,0.546442135131,-0.123911914928,-1.35778961043,0.0794315945206,1.89484339625,0.158950126112,-0.00199124263858,-0.0143569023746,-0.000549684018513,-0.0235875784807,-0.000353030749518,0.00913525330138,-0.000588258227396,0.573800801523,0.818980456398,0.00209740558769,0.0,0.818938407074,-0.573740810466,-0.0119211881086,0.0,-0.00856001770314,0.00855819805465,-0.999926738988,0.0,0.66143894091,0.260655786241,0.303293398739,1.0,-0.0034,-0.00446857142857,0.171
0.464868294638,0.546152142987,-0.123906785041,-1.35828329398,0.0794113382791,1.89501354521,0.158928291934,-0.00403734707707,-0.0134542495493,0.00139850190246,-0.0279480956935,-0.00582070505905,0.00539133622456,0.000136655459911,0.573841291923,0.818952144791,0.00207439819567,0.0,0.818909663281,-0.573781258433,-0.0119489646994,0.0,-0.00859554495225,0.00855571879226,-0.999926455437,0.0,0.661379803189,0.260580107745,0.303278342319,1.0,-0.00374,-0.00491542857143,0.188
0.464813190117,0.545840156628,-0.123912571628,-1.358826015,0.0793610678843,1.89518693932,0.158853156392,-0.00326983201622,-0.0190918158249,-0.00099183569337,-0.0339523377288,-0.00890711063812,0.00676413813747,-0.00907963967433,0.57384578123,0.8189491489,0.0020143936432,0.0,0.818906026784,-0.573786137166,-0.0119639037897,0.0,-0.0086421640673,0.00851519875548,-0.999926399487,0.0,0.661316472776,0.260483610785,0.303256087284,1.0,-0.00406,-0.005336,0.204
0.46475106952,0.545473884588,-0.123912891683,-1.35946629847,0.0792855814005,1.89541065813,0.158760327896,-0.000610327004658,-0.0206230397272,-0.000236416326395,-0.0424876232306,-0.00595278174848,0.0170179114819,-0.00791525834,0.573836528906,0.81895578724,0.00195026675769,0.0,0.818912139125,-0.573777459284,-0.0119617102655,0.0,-0.00867725980619,0.00846132632768,-0.999926552862,0.0,0.661244121954,0.260374110717,0.303229951518,1.0,-0.0044,-0.00578285714286,0.221
0.46468501347,0.545067703664,-0.123913472729,-1.36015579339,0.0792667181844,1.89562807943,0.158692841762,-0.00294237174173,-0.0243723080627,0.000989056281502,-0.0386876388696,-0.000874303578746,0.0125007213588,-0.00699932322618,0.573869020442,0.81893312264,0.00190654700219,0.0,0.818888638621,-0.573809875112,-0.0120154759821,0.0,-0.00874604415729,0.0084567219292,-0.999925992544,0.0,0.661158090413,0.260265285752,0.303208180411,1.0,-0.00474,-0.00622971428571,0.238
0.464620712881,0.544658367299,-0.123915724851,-1.36083539914,0.0792455172038,1.89586447097,0.158584938174,-0.00583900597504,-0.0231735571728,-0.000837104169542,-0.0397460342407,-0.000939727128124,0.0180305024722,-0.0018106484194,0.573867089455,0.818934518977,0.00188790103364,0.0,0.818889588347,-0.573807829003,-0.0120484178599,0.0,-0.00878374200532,0.00846033587777,-0.999925631531,0.0,0.661078179243,0.260158787861,0.30319501093,1.0,-0.00506,-0.00665028571429,0.254
0.464552286228,0.54419180987,-0.123918171462,-1.36161647431,0.0792105873919,1.89615320499,0.158515243074,-0.00375567888517,-0.0269747632208,0.000538713524791,-0.0473754272608,0.000537597446985,0.0150560854685,-0.00401983412648,0.573902048913,0.818910060218,0.00187040885137,0.0,0.818864792489,-0.573842756134,-0.012070201141,0.0,-0.00881125821686,0.00845888798135,-0.999925401689,0.0,0.660988669488,0.260039492091,0.30317853044,1.0,-0.0054,-0.00709714285714,0.271
0.464475258532,0.543676446039,-0.12391614264,-1.36245674939,0.0791648774538,1.89643427492,0.158396923623,-0.00558661637551,-0.0350983237302,-0.00134106087927,-0.0488292415295,-0.000292211795506,0.0124477522851,-0.0072745959607,0.573908152477,0.818905840024,0.00184515498082,0.0,0.81886016421,-0.573848895516,-0.0120922903662,0.0,-0.0088437773225,0.00845095064087,-0.999925181719,0.0,0.660882942668,0.259901429606,0.303174769278,1.0,-0.00576,-0.00757028571429,0.289
0.464402359223,0.543158589519,-0.12392735519,-1.36326874317,0.0791133931193,1.89673217108,0.158282341754,-0.00322961590657,-0.0308854475029,-0.000627654641727,-0.0519032127343,-0.00214509107314,0.0176120364766,-0.0117333564941,0.573906407652,0.818907084355,0.00183557892306,0.0,0.818861319891,-0.57384722822,-0.0120931530909,0.0,-0.008849997251,0.00844358519246,-0.999925188911,0.0,0.660797416784,0.25977609434,0.303173563815,1.0,-0.00606,-0.00796457142857,0.304
0.464324594325,0.542544997935,-0.123927544546,-1.36422627293,0.0790595516279,1.8970806239,0.158173047049,-0.00600747591627,-0.0299263181267,-0.0021398492241,-0.0548393895865,-0.00142553256979,0.026625042304,-0.00535751218182,0.573919539873,0.818897868171,0.00184123811555,0.0,0.818852125833,-0.573860284211,-0.0120961615756,0.0,-0.00884907787117,0.00845008792115,-0.999925142116,0.0,0.660685651271,0.259633940548,0.303182010133,1.0,-0.00642,-0.00843771428571,0.322
0.464243743159,0.541937769265,-0.123927809076,-1.3651700744,0.0790061126573,1.89742906958,0.158034867882,-5.80668564119e-05,-0.0377916433352,-0.000824174018523,-0.0597156148425,-0.00133016838115,0.0242464845628,-0.0120912304394,0.573910913864,0.818903886714,0.00185315209697,0.0,0.818858257483,-0.573851565732,-0.0120946913739,0.0,-0.00884112576137,0.00845890713645,-0.99992513789,0.0,0.66057752143,0.259491323154,0.303192408918,1.0,-0.00676,-0.00888457142857,0.339
0.464163411543,0.541315879545,-0.123925541486,-1.366112703,0.0789546870187,1.89778124903,0.157914033993,-0.00524400260914,-0.0373564325383,3.20697740586e-05,-0.0617164869003,-0.00144293827916,0.0187007731588,-0.00773723406177,0.573914705749,0.818901160041,0.00188348333735,0.0,0.818855863414,-0.57385516199,-0.01208614546,0.0,-0.00881668165044,0.00847888123452,-0.99992518455,0.0,0.66046981526,0.259351438599,0.303213889027,1.0,-0.00708,-0.00930514285714,0.355
0.464081083248,0.540627616886,-0.123928262923,-1.36717374128,0.0788897834525,1.89817050271,0.157776186838,-0.00632124272254,-0.0390944057794,-0.000345846465276,-0.0665888522534,-0.00889407951051,0.0236710432705,-0.0139680685437,0.573912555232,0.818902637485,0.00189635646704,0.0,0.818857516686,-0.573852962487,-0.0120785641714,0.0,-0.00880310776756,0.00848504873798,-0.999925251827,0.0,0.660346150613,0.259194501943,0.303229202352,1.0,-0.00742,-0.009752,0.372
0.463976040769,0.539883696267,-0.12392321033,-1.36828555784,0.0788206837471,1.89859334406,0.157647474991,-0.0104821806725,-0.0475402011567,0.000204489818067,-0.0675684698099,-0.00101633395557,0.0271837550747,-0.00352361826531,0.573932698043,0.818888410841,0.00194309268167,0.0,0.818843905748,-0.573872904,-0.0120538365097,0.0,-0.00875582736079,0.00850934434172,-0.999925460495,0.0,0.660223062855,0.259023393187,0.303262219964,1.0,-0.00776,-0.0101988571429,0.389
0.463894743254,0.539179363305,-0.123928900144,-1.36939380715,0.078759451738,1.89900954424,0.15750554275,-0.00660317827081,-0.0417042540232,-3.93063863363e-05,-0.0674778849476,-0.00711932104751,0.029768090743,-0.0119221542301,0.573931965212,0.818888897427,0.00195445135005,0.0,0.818844513847,-0.573872095993,-0.0120509951701,0.0,-0.00874698946163,0.00851700708508,-0.999925472606,0.0,0.660094077709,0.258862458915,0.303268645229,1.0,-0.00808,-0.0106194285714,0.405
0.463774349877,0.53835963471,-0.123934782143,-1.37065563888,0.0786923755081,1.89949563346,0.157347200324,-0.00807360849834,-0.046607842017,-0.000618432566046,-0.0685732071355,-0.00749768031191,0.0248337982183,-0.0124662316142,0.573956835826,0.818871369324,0.00199449535037,0.0,0.818827473346,-0.573896756682,-0.0120344698322,0.0,-0.00871021607645,0.00854057824668,-0.999925592561,0.0,0.659956787756,0.258662699575,0.303289429741,1.0,-0.00844,-0.0110925714286,0.423
0.463670481595,0.537618306236,-0.123938005508,-1.37184562837,0.0786223821619,1.89994569383,0.157205186095,-0.00880636409942,-0.046373458026,0.00185713125332,-0.077313753712,-0.0083075205309,0.0275239179989,-0.00877741199794,0.5739718429,0.818860836479,0.00200023476745,0.0,0.818816990737,-0.57391171307,-0.0120344581435,0.0,-0.00870675593206,0.00854543085801,-0.999925581237,0.0,0.659811211525,0.258472756493,0.303291334477,1.0,-0.00878,-0.0115394285714,0.44
0.463562189799,0.536780825845,-0.123938325059,-1.37313878755,0.0785417919844,1.90043401976,0.157042934291,-0.0108147948284,-0.0496116304123,-5.18620671109e-05,-0.0749115945443,-0.0102491013713,0.0331268869741,-0.0129986259177,0.573980470234,0.818854740545,0.00202004405955,0.0,0.818811203729,-0.573920304326,-0.0120184787711,0.0,-0.00868221117395,0.00855257146805,-0.999925733607,0.0,0.659674041094,0.25828595207,0.303303794025,1.0,-0.0091,-0.01196,0.456
0.463438779934,0.535876407898,-0.123940736991,-1.37457561157,0.078464779846,1.90095946241,0.156873617623,-0.00821815600436,-0.0508954707456,0.00144218713418,-0.0824849418642,0.000129076523104,0.0328759360996,-0.00644652282711,0.574002877075,0.818839038776,0.00201806514431,0.0,0.818795373037,-0.573942615258,-0.0120315579024,0.0,-0.00869382310415,0.00855869603575,-0.999925580312,0.0,0.659505886165,0.258067668984,0.303303921305,1.0,-0.00946,-0.0124331428571,0.474
0.463310320401,0.534967767869,-0.123944756341,-1.37600857085,0.078388854351,1.90147475015,0.156688906117,-0.00536124930933,-0.0565329680326,-0.00127299653658,-0.0862886156788,-0.0042419558292,0.031777563984,-0.00873226073159,0.574017814153,0.818828574832,0.00201518623483,0.0,0.818784755074,-0.573957448199,-0.0120465520657,0.0,-0.00870759755882,0.00856510415732,-0.999925405586,0.0,0.659337962222,0.257845146772,0.303307854181,1.0,-0.0098,-0.01288,0.491
0.463202281257,0.534182025368,-0.123947677445,-1.37731295622,0.0783098314916,1.90194448136,0.156539487657,-0.00841168696618,-0.0530470126594,6.59976238241e-05,-0.0887285292594,-0.000378179401169,0.0253351466976,-0.0028787205987,0.574036209342,0.818815786047,0.00197123943532,0.0,0.818771366599,-0.573976005533,-0.0120723324682,0.0,-0.00875374079897,0.00854411487501,-0.999925182263,0.0,0.659181914671,0.257646801156,0.30328213183,1.0,-0.0101,-0.0132742857143,0.506
0.463070363453,0.533263645401,-0.123951099909,-1.37879151893,0.0782298532509,1.90250423127,0.156355775128,-0.0129536950754,-0.0528406326997,-0.0016987660745,-0.085849628265,-0.00323670882289,0.0333566255373,-0.00952395235277,0.574055738338,0.818802089701,0.00197334329811,0.0,0.818757625684,-0.573995452586,-0.0120796397723,0.0,-0.00875831283358,0.00855024102043,-0.999925089862,0.0,0.65901278863,0.257419452853,0.303274731721,1.0,-0.01044,-0.0137211428571,0.523
0.462937026324,0.532253019489,-0.123953458211,-1.38044420277,0.0781365940296,1.90311918874,0.1561445754,-0.00179365572503,-0.0559743957589,-0.000952422932411,-0.0830032376445,0.000637204401863,0.0336106762131,-0.0147476004695,0.57405891007,0.818799918669,0.00195137364069,0.0,0.818755093331,-0.573998647573,-0.0120994475584,0.0,-0.00878711002522,0.00854365727704,-0.999924893488,0.0,0.658816975596,0.257173954262,0.303254050911,1.0,-0.0108,-0.0141942857143,0.541
0.462816021687,0.531371739149,-0.123949073956,-1.38185427283,0.0780406084878,1.90363445517,0.155968243572,-0.00720726704126,-0.0516564785001,0.00471753604562,-0.0909875533648,-0.00882053860276,0.0377506681886,-0.00719236514329,0.574061474964,0.818798161181,0.00193419466139,0.0,0.818753156327,-0.574001331319,-0.0121032040724,0.0,-0.00880002035588,0.00853177542867,-0.999924881403,0.0,0.658649463543,0.256960439,0.30324855999,1.0,-0.0111,-0.0145885714286,0.556
0.46267722201,0.530272379453,-0.12395414191,-1.38359877143,0.0779410699901,1.90424806024,0.155734872741,-0.00787614809842,-0.0618712871586,-0.00119802892282,-0.0970942482731,-0.00706825084763,0.040219726056,-0.0123471152401,0.574055508642,0.818802401134,0.00190992052621,0.0,0.818756973195,-0.573995370788,-0.0121276567714,0.0,-0.0088340390266,0.00852587307512,-0.999924631781,0.0,0.658435749607,0.256698999642,0.303246212122,1.0,-0.01146,-0.0150617142857,0.574
0.462531269481,0.529213034819,-0.123954326833,-1.38524842254,0.0778300667435,1.90486404463,0.155518223012,-0.00587391148786,-0.062973623013,-0.000135920185142,-0.101785685212,-0.00654411150472,0.0422251720813,-0.00740490810757,0.574057364744,0.818801064534,0.0019249942494,0.0,0.818755924867,-0.573997248059,-0.0121095672085,0.0,-0.00881055475017,0.0085278508745,-0.999924822116,0.0,0.658244485468,0.256444761566,0.303260564645,1.0,-0.0118,-0.0155085714286,0.591
0.462411271246,0.528247274616,-0.123959754858,-1.38673992552,0.0777426089827,1.90544584661,0.155302433692,-0.00609319539634,-0.0617716317208,-0.00130212926882,-0.100858916738,-0.00852112177451,0.0445255875825,-0.0219103954362,0.574030497724,0.818819779761,0.0019755647818,0.0,0.818775355292,-0.573970215772,-0.0120770805721,0.0,-0.00875520567492,0.00855032094813,-0.999925116389,0.0,0.658062005417,0.256209108009,0.303284449875,1.0,-0.01212,-0.0159291428571,0.607
0.46225103733,0.527023479792,-0.123959764618,-1.38859636606,0.0776222858119,1.90616182703,0.155038128311,-0.00767380900274,-0.0740744958692,-0.00115175577801,-0.100827756877,-0.00413039247895,0.0353734549547,-0.0158891236945,0.574022973954,0.818824901368,0.00203793356362,0.0,0.818781358761,-0.573962490489,-0.0120371491143,0.0,-0.00868678726023,0.00857838730535,-0.999925472722,0.0,0.657861528013,0.255942995487,0.303321109772,1.0,-0.01246,-0.016376,0.624
0.462098160325,0.525850936786,-0.12396615216,-1.39041574158,0.077509737669,1.90682694666,0.154799431043,-0.00737078493188,-0.0717379337375,-0.00309749065524,-0.111336154061,-0.0116154141259,0.0312412160535,-0.0188389098812,0.574024881855,0.818823531709,0.00205081282413,0.0,0.81878017361,-0.573964359511,-0.0120286414559,0.0,-0.00867240818023,0.00858406964072,-0.999925548771,0.0,0.657645028333,0.25566511289,0.303338007157,1.0,-0.0128,-0.0168228571429,0.641
0.461947235043,0.524684251275,-0.123970067953,-1.39226789219,0.0773905889774,1.90748538404,0.154544930336,-0.00262729267017,-0.066666282404,0.000133835515994,-0.1131419697,-0.00552882265694,0.040763967187,-0.0171413746084,0.574013936898,0.818831261498,0.00202789085833,0.0,0.818787637442,-0.573953546436,-0.0120365363349,0.0,-0.008692144432,0.00856971656672,-0.999925500516,0.0,0.657433300701,0.255396961294,0.30333855439,1.0,-0.01312,-0.0172434285714,0.657
0.461789951211,0.523480161201,-0.123973201091,-1.39417947157,0.0772692721557,1.90819099032,0.15429422691,-0.00587453836702,-0.0678641606235,0.000508593085499,-0.11184570252,-0.00975748002547,0.0508914122077,-0.0163054101208,0.574005687217,0.818837071056,0.00201717814723,0.0,0.818793312101,-0.573945348488,-0.012041424679,0.0,-0.00870238244862,0.00856366310124,-0.999925463329,0.0,0.657188453508,0.255096507326,0.303332221635,1.0,-0.01348,-0.0177165714286,0.675
0.461635414996,0.522252888352,-0.123975608196,-1.39612334897,0.0771580690666,1.90894957913,0.154031281529,-0.00992973404313,-0.0746913565557,3.46450398747e-05,-0.114466517032,-0.00688182780689,0.0442405854175,-0.0167047061513,0.573992999547,0.818845874639,0.00205352371753,0.0,0.818802565781,-0.57393248343,-0.012025374656,0.0,-0.00866851135677,0.00858407662836,-0.999925582501,0.0,0.656960397348,0.254812417005,0.303335403287,1.0,-0.01382,-0.0181634285714,0.692
0.461486679255,0.521145550867,-0.123975489344,-1.39789852287,0.07705377297,1.90963022817,0.153784714922,-0.00948450500382,-0.075507994243,7.32900465731e-05,-0.122340124926,-0.00726654805396,0.0426898077698,-0.0204725923436,0.573979675605,0.818855187185,0.00206429487763,0.0,0.81881198814,-0.573919084996,-0.0120232631436,0.0,-0.00866073991077,0.00859154348557,-0.999925585714,0.0,0.656750349982,0.254547936386,0.303327467385,1.0,-0.01412,-0.0185577142857,0.707
0.46130517163,0.519775642012,-0.123981891838,-1.40006515451,0.0769071161474,1.91041615616,0.153494282805,-0.0110758612305,-0.0755104121145,2.71128423831e-05,-0.119625053996,-0.0108350209602,0.0476125849214,-0.0151769574926,0.573970617786,0.818861584412,0.00204509007534,0.0,0.8188182403,-0.573910214316,-0.012020905011,0.0,-0.00866992616287,0.00857436841541,-0.99992565353,0.0,0.656487304885,0.254215525035,0.303326579542,1.0,-0.01448,-0.0190308571429,0.725
0.461134744468,0.518425354652,-0.123983063734,-1.4021546834,0.0767719377166,1.91114525013,0.153224120971,-0.0104961014586,-0.0795958914884,0.000575060637552,-0.126705098256,-0.0104085616627,0.0483475222701,-0.00791260041645,0.57396382964,0.818866371405,0.00203345727265,0.0,0.818822857863,-0.573903459087,-0.0120288814804,0.0,-0.00868320554586,0.00856934916264,-0.999925581329,0.0,0.656225197488,0.253900404552,0.303343077016,1.0,-0.01482,-0.0194777142857,0.742
0.460968005451,0.517143950609,-0.123988526895,-1.40416954368,0.0766445491053,1.91187653504,0.152944906531,-0.0130432139001,-0.0804015011534,0.000258669748709,-0.119231439038,-0.0112665333911,0.0488676795411,-0.0190518264386,0.573947767899,0.818877643287,0.00202779449249,0.0,0.818834068533,-0.573887436028,-0.0120302069695,0.0,-0.00868770901465,0.00856530256054,-0.999925576883,0.0,0.655978273455,0.253594584415,0.303346741738,1.0,-0.01514,-0.0198982857143,0.758
0.460787111658,0.515790334009,-0.12399172651,-1.40634282811,0.0765094336,1.91269771931,0.15264190344,-0.00777518950333,-0.0828787915918,4.12344308433e-05,-0.129227079791,-0.0078488037305,0.0421724801181,-0.0208228098318,0.573928466763,0.818891178607,0.00202473236387,0.0,0.818847585132,-0.57386817132,-0.0120291799456,0.0,-0.00868882717109,0.00856200085433,-0.999925595444,0.0,0.655716397831,0.253267814671,0.303333033098,1.0,-0.01548,-0.0203451428571,0.775
0.460591070239,0.514307848962,-0.123987128492,-1.40870241856,0.0763733926012,1.91354291399,0.152322550615,-0.010850872887,-0.0853603467464,0.00178241497027,-0.137026234848,-0.00589978337009,0.0458063379102,-0.0195885909036,0.573911593893,0.818903057267,0.00200302149964,0.0,0.818858998396,-0.573851214826,-0.0120611313299,0.0,-0.00872762903315,0.008562380137,-0.999925254275,0.0,0.655419712579,0.252916820572,0.303322393009,1.0,-0.01584,-0.0208182857143,0.793
0.460406209922,0.512976203927,-0.123994932688,-1.41083539126,0.0762400102727,1.91428925941,0.15201885892,-0.0124815520282,-0.0896320488059,-0.00033066648928,-0.135084287678,-0.00970987389173,0.0425935295707,-0.0298522294986,0.573895465209,0.818914480358,0.00195340039142,0.0,0.818869729498,-0.573835261125,-0.0120915715943,0.0,-0.00878120211053,0.00853904295838,-0.999924984804,0.0,0.655152137077,0.252584656445,0.303305261472,1.0,-0.01616,-0.0212388571429,0.809
0.460223598482,0.511649689858,-0.123994644591,-1.41299283066,0.0761133645079,1.91509047919,0.151716347136,-0.0152175149875,-0.0810087898085,-0.000671960658925,-0.134507131104,-0.00623400655625,0.0494065491402,-0.0260705639263,0.573879813517,0.818925491344,0.0019355013759,0.0,0.818880478576,-0.573819662813,-0.0121038538342,0.0,-0.00880169516139,0.00853126592752,-0.99992487101,0.0,0.654873951771,0.252232463925,0.303281407091,1.0,-0.0165,-0.0216857142857,0.826
0.460004303571,0.510084477231,-0.124000976359,-1.41545385739,0.0759566598946,1.91601946892,0.151365938854,-0.00467247524154,-0.0868857410817,0.000100933251046,-0.128895127563,-0.00606074619883,0.0528892635391,-0.026452504551,0.57385914858,0.818939935495,0.00195103678819,0.0,0.818895129464,-0.573798935824,-0.0120952506521,0.0,-0.00878595011276,0.00853882916324,-0.999924944922,0.0,0.65459077378,0.251879508221,0.303282211709,1.0,-0.01684,-0.0221325714286,0.843
0.459813240592,0.50864690425,-0.124005186219,-1.41769247452,0.0758112416812,1.91681897686,0.151056365541,-0.0105865225191,-0.0881963007453,0.00100267668474,-0.140890445348,-0.00591125665897,0.0490245442086,-0.0253326831468,0.573841869047,0.81895205761,0.00194513917263,0.0,0.818907188263,-0.573781697704,-0.0120965818618,0.0,-0.0087906045954,0.00853457791237,-0.999924940308,0.0,0.654310247136,0.251536109802,0.303292063188,1.0,-0.01716,-0.0225531428571,0.859
0.459598422218,0.507114098253,-0.124011673505,-1.42008470848,0.0756590116753,1.91769272435,0.150722099129,-0.0128987739687,-0.0949331198494,-0.000915413775496,-0.145932654174,-0.0091650956994,0.0519411097676,-0.0211350877045,0.573831348261,0.818959411102,0.00195284958332,0.0,0.818914665683,-0.573771166962,-0.0120898798207,0.0,-0.00878080113161,0.00853693356393,-0.999925006336,0.0,0.654016249689,0.251162851251,0.303301438599,1.0,-0.0175,-0.023,0.876
0.459375461217,0.505523777708,-0.124014543874,-1.42255288012,0.0755037701903,1.91862309561,0.150383347703,-0.0139208880538,-0.0958513483284,0.00101628899927,-0.150648627942,-0.0139703146656,0.050157104583,-0.0158976410408,0.573824123356,0.818964374919,0.00199373243474,0.0,0.818920198193,-0.573763798847,-0.0120647845298,0.0,-0.00873686543705,0.00855593689517,-0.999925228768,0.0,0.653717262117,0.250781530941,0.303319116329,1.0,-0.01784,-0.0234468571429,0.893
0.459170097798,0.50397227346,-0.12402261975,-1.42488545023,0.0753613491372,1.91951309008,0.150060139646,-0.0181742747017,-0.099431154572,0.000887738785145,-0.149719025619,-0.00613880082702,0.043684005562,-0.0226806443819,0.573816459415,0.818969490783,0.0020954643912,0.0,0.818926688005,-0.573755747448,-0.0120070331238,0.0,-0.008631275244,0.00860603064167,-0.999925715903,0.0,0.653420507302,0.250397483718,0.303378134647,1.0,-0.01818,-0.0238937142857,0.91
0.458934162784,0.502290914845,-0.12403148625,-1.42737575717,0.075205013142,1.92044624488,0.149720303862,-0.0132170646828,-0.0984054066945,-0.0040337862246,-0.155885298017,-0.0020794443382,0.0560250058059,-0.0257938146134,0.573821640944,0.818965618702,0.00218784582979,0.0,0.818924088667,-0.573760613703,-0.0119516553528,0.0,-0.00853285933849,0.00864996467746,-0.999926181487,0.0,0.653138050109,0.250029100148,0.303440075422,1.0,-0.0185,-0.0243142857143,0.926
0.458684533883,0.50047652571,-0.124033136942,-1.43011449911,0.0750206079558,1.92140859291,0.149320742163,-0.00847545599522,-0.10363602414,0.00060503500225,-0.155327860739,-0.00890991696085,0.056379880641,-0.0274231974177,0.573789411626,0.818988127782,0.00221462418413,0.0,0.818946982325,-0.573728315619,-0.0119334361625,0.0,-0.00850291364527,0.00866110586005,-0.99992634014,0.0,0.652790895328,0.249599829633,0.303486152955,1.0,-0.01886,-0.0247874285714,0.944
0.458454338667,0.498883974435,-0.124037135678,-1.43258151799,0.0748698687912,1.92231308817,0.14898076763,-0.0168864335872,-0.100934175807,-0.000455666577131,-0.159035117676,-0.0113267635899,0.053307934611,-0.0222277848951,0.573787143641,0.818989647458,0.00224010024273,0.0,0.818948789618,-0.573725899711,-0.0119255559707,0.0,-0.00848186665523,0.00867742514651,-0.999926377405,0.0,0.652484566224,0.249212691036,0.303501297854,1.0,-0.01918,-0.025208,0.96
0.458191746852,0.497214083996,-0.124042112941,-1.43522984653,0.0747047906459,1.92328785641,0.148599936048,-0.0189292737505,-0.106036980078,-0.00216761680976,-0.154800734928,-0.00749114856772,0.054146149424,-0.0197546519699,0.573783559274,0.818992175336,0.00223399789455,0.0,0.818951215298,-0.573722317227,-0.0119313276374,0.0,-0.00849013298903,0.00867570196352,-0.999926322204,0.0,0.652158429451,0.24878593864,0.303489661879,1.0,-0.01952,-0.0256548571429,0.977
0.457931672174,0.495540514452,-0.124042624404,-1.4379309187,0.0745366184522,1.92422053418,0.148197326877,-0.0129197140014,-0.10046909569,-0.000727788991032,-0.1602272717,-0.00895823870514,0.053113105031,-0.0251370954949,0.5737578137,0.819010426755,0.00215383049548,0.0,0.818968267334,-0.573696746953,-0.0119902684179,0.0,-0.00858467458673,0.00864359543817,-0.999925793057,0.0,0.651808460021,0.24835414,0.303451114968,1.0,-0.01986,-0.0261017142857,0.994
0.457670924081,0.493935290098,-0.124046485232,-1.44054525965,0.0743722023655,1.92515088032,0.147816753418,-0.0164144486804,-0.107276051373,-0.00299667863261,-0.168270619419,-0.00622965224177,0.0578958455216,-0.0262274255794,0.573749396227,0.819016504318,0.00208395924085,0.0,0.818973350987,-0.573688541804,-0.012035542276,0.0,-0.00866193099337,0.00861225800955,-0.999925397199,0.0,0.651476731054,0.247929862105,0.303405567803,1.0,-0.0224691428571,-0.0295308734694,1.01
0.457369547318,0.491734396346,-0.124102573401,-1.44400197436,0.0741696240076,1.92645364208,0.147336998564,-0.0158148442151,-0.127244759911,0.000629730048114,-0.205394836183,-0.0129770835828,0.0776384112553,-0.0250008435572,0.573762598194,0.819007175658,0.00211519174297,0.0,0.818964557514,-0.573701737574,-0.0120048632608,0.0,-0.00861874591268,0.00862037457422,-0.99992570042,0.0,0.651052818586,0.247375585823,0.303406759787,1.0,-0.0274474285714,-0.0360737632653,1.028
0.456998380468,0.489275987764,-0.124105735164,-1.44795337038,0.0739324945005,1.92786482999,0.146753466632,-0.0195035107679,-0.153253392314,0.000646692555246,-0.245484826203,-0.0210120378153,0.0907740924796,-0.0397229866889,0.573723736316,0.819034566736,0.00204933650488,0.0,0.818990854145,-0.57366292688,-0.0120654072694,0.0,-0.00870652486541,0.00860076398469,-0.999925108837,0.0,0.650541758544,0.246753864108,0.303358292265,1.0,-0.0321491428571,-0.0422531591837,1.045
0.456561254197,0.486534807859,-0.124136154671,-1.45222770349,0.0736774620697,1.92947750546,0.146142546467,-0.0342207437832,-0.18327180277,-0.000186348703526,-0.278902061381,-0.0250139648238,0.104959637606,-0.0378294970462,0.573746647572,0.819018353589,0.00211371371466,0.0,0.818975498476,-0.573685577579,-0.012030705483,0.0,-0.00864092788858,0.00863382290971,-0.99992539295,0.0,0.650020045874,0.246049619372,0.30336926579,1.0,-0.0365742857143,-0.0480690612245,1.061
0.456045366082,0.483257075604,-0.124193684699,-1.45728286438,0.0733776824214,1.93130163732,0.14534979364,-0.0360467333268,-0.199799107325,-0.0028689083957,-0.312389461418,-0.0215275374214,0.103208453441,-0.0568288829532,0.573729220189,0.81903046233,0.00215187778644,0.0,0.818988069312,-0.573667955779,-0.0120152294187,0.0,-0.00860654127755,0.00865601709364,-0.999925497632,0.0,0.649387586618,0.245200568507,0.303398178411,1.0,-0.041276,-0.0542484571429,1.078
0.455449514877,0.479569042722,-0.124259001763,-1.46307390433,0.073027034294,1.93332567641,0.144480415739,-0.0378432562799,-0.227356662323,-0.00173986135816,-0.358247894771,-0.0253337700689,0.130047784699,-0.0630571302077,0.573740010638,0.819023087453,0.00208070049736,0.0,0.818979648764,-0.573678930056,-0.0120651159171,0.0,-0.00868812172706,0.00862645718315,-0.99992504758,0.0,0.648643980224,0.244219482326,0.303376370265,1.0,-0.0459777142857,-0.0604278530612,1.095
0.454825555055,0.475710057478,-0.124314424722,-1.46897039999,0.0726629329292,1.93548641246,0.143658651869,-0.0421926931456,-0.24604276289,-0.00346088381666,-0.381353007525,-0.0195862256082,0.141360989238,-0.0470824779494,0.573805090449,0.818977242294,0.00217753999453,0.0,0.818935150558,-0.573743675386,-0.0120067079484,0.0,-0.00858403603418,0.00867294116461,-0.999925544437,0.0,0.647905597358,0.243223378998,0.303430740809,1.0,-0.0504028571429,-0.066243755102,1.111
0.454079459545,0.471276615301,-0.124347350966,-1.47581622589,0.0722655418058,1.9379332385,0.142641395918,-0.0454157299448,-0.267026852102,-0.000251740462358,-0.414876105104,-0.0176708495783,0.146209848353,-0.0593630836206,0.573827943951,0.818961110523,0.00222195678477,0.0,0.818919195093,-0.573765931897,-0.0120313841683,0.0,-0.00857851779737,0.00872371546042,-0.999925150109,0.0,0.647023923274,0.242071738229,0.303450999614,1.0,-0.0551045714286,-0.0724231510204,1.128
0.453277681593,0.466400953999,-0.124385192813,-1.48311428565,0.0717904759694,1.94067113396,0.141454566579,-0.0494822456932,-0.291354177313,-0.0071762231047,-0.442693326601,-0.0268589029707,0.160633173634,-0.0743716115261,0.57375720775,0.819009939677,0.00247632138655,0.0,0.818971619098,-0.573694474305,-0.0118694635974,0.0,-0.00830071658332,0.00883839739299,-0.999926487716,0.0,0.646109555812,0.240841846801,0.303581259521,1.0,-0.0598062857143,-0.0786025469388,1.145
0.452437591452,0.461533422139,-0.124408320067,-1.49066349793,0.071296431501,1.94325408646,0.140310072256,-0.0578602391151,-0.316211212135,-0.00264092597465,-0.476404365392,-0.0317352687564,0.159310433655,-0.0744855467759,0.573742986494,0.819020163897,0.00238819613712,0.0,0.818980449065,-0.573680340127,-0.0119431278572,0.0,-0.00841176331531,0.00880834137756,-0.999925824929,0.0,0.645098248686,0.239554904239,0.303567437326,1.0,-0.0642314285714,-0.0844184489796,1.161
0.451244466937,0.454684442033,-0.124468151591,-1.50126322994,0.0705835873393,1.94694415489,0.138701339235,-0.0609922260987,-0.335932299824,-0.00478791775587,-0.512783918287,-0.0265868651796,0.189622273745,-0.0782360834805,0.573740150681,0.819022366167,0.00231303173499,0.0,0.81898167899,-0.573677815391,-0.0119800045171,0.0,-0.00848512001849,0.00876790902012,-0.999925560484,0.0,0.643684493043,0.237727175983,0.303554852464,1.0,-0.0700394285714,-0.0920518204082,1.182
0.450452766023,0.450065097264,-0.124497443844,-1.5080573983,0.0701186419777,1.94954680434,0.137587593815,-0.0596069122669,-0.366360652022,-0.000974409914573,-0.53212280142,-0.0432091464458,0.202754795759,-0.0870423428636,0.573680273624,0.81906327439,0.00265388426199,0.0,0.819027519275,-0.573617164832,-0.0117480969181,0.0,-0.00810027711883,0.00891342730915,-0.999927465531,0.0,0.642826350398,0.236562313629,0.303717628952,1.0,-0.0736348571429,-0.0967772408163,1.195
0.449400778794,0.444233331374,-0.124536731293,-1.51696356123,0.069536486385,1.95266329589,0.136266617428,-0.0703752742789,-0.369576074453,-0.00633444225264,-0.572580178888,-0.0348259776615,0.194017384761,-0.0881116982363,0.573729583903,0.819028635252,0.00268441676235,0.0,0.818993113389,-0.573666178255,-0.0117534271191,0.0,-0.00808658995993,0.00894197985315,-0.999927321388,0.0,0.6416259102,0.235010460199,0.303745630009,1.0,-0.07806,-0.102593142857,1.211
0.448137521386,0.437357810977,-0.124559834504,-1.52769946535,0.0687966008202,1.95624060473,0.13452967164,-0.0681315696798,-0.392366963953,-0.00200351294506,-0.608880094577,-0.0375395076047,0.200839996318,-0.10027523578,0.573628077625,0.819100521866,0.00243116032003,0.0,0.819061303694,-0.57356520906,-0.011928061332,0.0,-0.00837601354887,0.00883371030917,-0.999925901234,0.0,0.640115349405,0.233141594291,0.303647572719,1.0,-0.0830382857143,-0.109136032653,1.229
0.446826965594,0.430400781404,-0.124578193382,-1.53807502466,0.0680882471914,1.96003304975,0.132832299792,-0.0814936807468,-0.413469863184,-0.00165320122528,-0.617570185387,-0.0454821162791,0.220957914709,-0.0976040775874,0.573580269202,0.819133053118,0.00273184428337,0.0,0.819097967036,-0.573516512003,-0.0117506492782,0.0,-0.00805874257038,0.00897776152476,-0.999927225585,0.0,0.638731304471,0.231310535561,0.303782285403,1.0,-0.08774,-0.115315428571,1.246
0.44549589595,0.423659352318,-0.124646074888,-1.54843662925,0.0673357486707,1.96355039988,0.13112640266,-0.0874615951058,-0.426711518588,-0.00714202227414,-0.650127113663,-0.0474717618534,0.213328847567,-0.111941089658,0.573554975519,0.819151178786,0.0026044678278,0.0,0.819114625996,-0.573491893139,-0.0117908814459,0.0,-0.00816503045224,0.00889624769004,-0.99992709187,0.0,0.637287977077,0.229416043229,0.30374392375,1.0,-0.0921651428571,-0.121131330612,1.262
0.443876764739,0.415674237892,-0.124769415966,-1.56053194352,0.0664607112836,1.96772027786,0.129199412583,-0.0935109046372,-0.46528733381,-0.0118533854694,-0.682752470807,-0.0501422610654,0.253438954413,-0.100965774882,0.573655395359,0.819080864379,0.00260228458391,0.0,0.819044759412,-0.573592827442,-0.0117344487342,0.0,-0.00811896695517,0.00886308802079,-0.999927761414,0.0,0.635618587977,0.227148449327,0.303769756298,1.0,-0.0971434285714,-0.127674220408,1.28
0.442341808337,0.408327108629,-0.124814193356,-1.57167952891,0.0657304187088,1.97155974212,0.12730382332,-0.101999754303,-0.46665535856,-0.00252646615341,-0.714631691718,-0.0515856106466,0.243319935028,-0.112874187658,0.573648059975,0.819085859067,0.00264682175977,0.0,0.819049818806,-0.573584768439,-0.0117751700551,0.0,-0.00812685510121,0.00892285413333,-0.999927165798,0.0,0.634046671292,0.225089111865,0.303769473503,1.0,-0.101568571429,-0.133490122449,1.296
0.440688414012,0.400704705385,-0.12490754258,-1.5832497228,0.0649209806623,1.97540963891,0.125369334058,-0.104613487544,-0.489094330091,-0.00670391720695,-0.726821194114,-0.0440177735814,0.250125831084,-0.133362014366,0.573724542226,0.819032603619,0.00254769659145,0.0,0.818995050298,-0.573661366705,-0.0118528831235,0.0,-0.00824654138787,0.00888701194465,-0.999926505086,0.0,0.632389680173,0.222875672735,0.303742475252,1.0,-0.105993714286,-0.13930602449,1.312
0.438730014346,0.391745147085,-0.124982494636,-1.59655123714,0.0639165955388,1.98007144305,0.123081879542,-0.109629753785,-0.498254913942,-0.00164033304554,-0.761000553849,-0.0538950559337,0.248392275083,-0.132489438842,0.573747246463,0.819016012527,0.0027595835037,0.0,0.818981888426,-0.573684043351,-0.0116632643714,0.0,-0.0079694246923,0.0089519870805,-0.999928172519,0.0,0.630516491797,0.220327729587,0.303843903042,1.0,-0.110972,-0.145848914286,1.33
0.43676770247,0.383061238961,-0.125036643397,-1.60970753706,0.0629266347227,1.98432647691,0.120749081304,-0.117399835125,-0.528049943575,-0.00366692359926,-0.762890302526,-0.0616535361171,0.254109162104,-0.144110683167,0.573703057753,0.819047663681,0.00254421816005,0.0,0.819010526624,-0.573640395755,-0.011798327743,0.0,-0.00820408441505,0.00885264859854,-0.999927159153,0.0,0.628556371759,0.217789345512,0.303775448434,1.0,-0.115673714286,-0.152028310204,1.347
0.43496856606,0.37512422525,-0.125084760811,-1.62146998979,0.0620765291154,1.98835548165,0.118659326957,-0.127833535738,-0.524947827335,-0.00346736680807,-0.779102692655,-0.0693892160536,0.26760032559,-0.145774850334,0.57369786348,0.819050815388,0.00269632168862,0.0,0.819015622448,-0.573634612222,-0.0117255595943,0.0,-0.00805728082797,0.00893543010823,-0.999927616538,0.0,0.626717568267,0.215355993549,0.303827738465,1.0,-0.120098857143,-0.157844212245,1.363
0.432211668438,0.363629843611,-0.1252171378,-1.6385488941,0.060741858554,1.9939434972,0.115653328558,-0.133159415587,-0.555555939001,-0.0025639229599,-0.785107185625,-0.0665045229239,0.275573112739,-0.150495663067,0.573823749311,0.818962827286,0.00263422685194,0.0,0.818927203364,-0.573761117722,-0.0117116302364,0.0,-0.00808012843517,0.0088778225273,-0.9999279453,0.0,0.624284492782,0.212083269594,0.303845236603,1.0,-0.125630285714,-0.165114089796,1.383
0.42988086415,0.354069908466,-0.125319654184,-1.65280137365,0.0596689474257,1.99855746576,0.112982694716,-0.140080378212,-0.568601665692,-0.00394070516626,-0.854068582811,-0.0610246180255,0.277696623245,-0.159123940297,0.573810662732,0.818972283868,0.00254332304159,0.0,0.818935231565,-0.573748094346,-0.0117880294206,0.0,-0.00819500040761,0.00884708415191,-0.999927282891,0.0,0.622106398802,0.209217171744,0.303805148968,1.0,-0.130332,-0.171293485714,1.4
