position_joint1,position_joint2,position_joint3,position_joint4,position_joint5,position_joint6,position_joint7,velocity_joint1,velocity_joint2,velocity_joint3,velocity_joint4,velocity_joint5,velocity_joint6,velocity_joint7,ee_T_00,ee_T_10,ee_T_20,ee_T_30,ee_T_01,ee_T_11,ee_T_21,ee_T_31,ee_T_02,ee_T_12,ee_T_22,ee_T_32,ee_T_03,ee_T_13,ee_T_23,ee_T_33,v_x,v_y,time
0.465057386042,0.5477866768,-0.124012303357,-1.35582304237,0.0794557444194,1.89411085617,0.159162594287,-0.000423428514981,0.000295404749555,-0.000444654273879,0.000320377183105,-6.67274653482e-06,0.000324568587875,-0.000524798208371,0.573826315868,0.818963001769,0.00192557850484,0.0,0.818920086784,-0.573768377857,-0.0118527184589,0.0,-0.00860226745338,0.00837845799388,-0.999927898619,0.0,0.661693472125,0.26086056638,0.303216830677,1.0,0.0,0.0,0.0
0.465057383426,0.547781084699,-0.124010534285,-1.35582304205,0.0794557269493,1.89411012206,0.159165247809,-0.000504526743204,-3.68778843088e-05,0.000672062534055,0.0011918143734,5.99798370883e-05,0.000445448353411,-0.00101498591125,0.573820011077,0.818967397486,0.00193484985511,0.0,0.81892458252,-0.573762015857,-0.0118500719197,0.0,-0.00859484468423,0.00838446593701,-0.99992791209,0.0,0.661693335828,0.260863774334,0.30322219505,1.0,-0.00022,-0.000289142857143,0.012
0.465055205154,0.547781485567,-0.124010543054,-1.35582626101,0.0794561813717,1.8941103015,0.159165742856,-0.00104661542188,0.000154614636524,-0.000288873658567,-0.000876709496831,8.97348347789e-05,-0.000132379398939,0.000503334900785,0.573829729033,0.81896060528,0.0019276873772,0.0,0.818917701111,-0.573771765788,-0.0118535435072,0.0,-0.00860169818442,0.00838069432855,-0.999927884775,0.0,0.661692901363,0.260859861682,0.303218870608,1.0,-0.00056,-0.000736,0.029
0.465054194209,0.54775516886,-0.124012665165,-1.35584994606,0.0794558495656,1.89411327169,0.159163579911,-0.000596288583038,0.00240046146379,-0.000280177715344,-0.00320143193521,2.67337046997e-05,-0.000179733307908,0.000355996655543,0.573831447981,0.818959388144,0.00193307520286,0.0,0.818916547377,-0.573773455975,-0.0118514366921,0.0,-0.00859686361846,0.00838391576499,-0.999927899347,0.0,0.661689530645,0.260855648092,0.303226568331,1.0,-0.0009,-0.00118285714286,0.046
0.465053496566,0.547669410447,-0.124008028742,-1.35593993344,0.0794560791637,1.89413890053,0.159162754113,-0.000702830745661,-0.00733991455102,-0.000221879039087,-0.0073909924644,0.000104940092174,0.00470444145317,0.000546833462539,0.57383310404,0.818958172099,0.00195651774847,0.0,0.818915551197,-0.573774933069,-0.0118487590318,0.0,-0.00858120241285,0.00840159474136,-0.999927885485,0.0,0.661675387085,0.260850097022,0.303246562765,1.0,-0.00122,-0.00160342857143,0.062
0.465050307826,0.547536583509,-0.124007615246,-1.35613223474,0.0794524757572,1.89416845749,0.159154942945,-0.000727744968763,-0.00762116724002,-0.000115649460263,-0.0111443176872,0.000215218283459,-0.000142392580584,-0.000151389759133,0.573838541417,0.818954407953,0.00193726093486,0.0,0.818911406574,-0.57378032163,-0.0118742407753,0.0,-0.00861306544993,0.00840050381972,-0.9999276207,0.0,0.661641638085,0.260828561806,0.303251674721,1.0,-0.00156,-0.00205028571429,0.079
0.46503431212,0.54737596306,-0.124012993988,-1.35634546044,0.0794520980542,1.89426248753,0.159147275149,0.000741691683655,-0.0109346196002,-0.000717310613962,-0.00895192663682,0.00926029772157,0.00668723653988,-0.00148252681962,0.573861027023,0.81893855495,0.00197782267157,0.0,0.818896015631,-0.573802574074,-0.0118603739805,0.0,-0.00857820294577,0.00842599972533,-0.999927705868,0.0,0.661621176485,0.260797997323,0.303272308446,1.0,-0.0019,-0.00249714285714,0.096
0.465011668177,0.547196050242,-0.12400956759,-1.35655342198,0.0794474639966,1.8943800621,0.159139176571,-0.00410215422426,-0.0105243965994,-0.000932743273129,-0.0133477730419,0.000322291442062,0.00223038567125,-0.00194173083849,0.573881159174,0.818924248139,0.00205860527743,0.0,0.818882726005,-0.573822345122,-0.0118213447392,0.0,-0.00849967578965,0.00846996639636,-0.999928004999,0.0,0.661607076067,0.260769926415,0.303310852979,1.0,-0.00222,-0.00291771428571,0.112
0.464994877513,0.54699383215,-0.124007721812,-1.35681553346,0.0794445977958,1.89450711676,0.15912612965,-0.00230233312068,-0.0139774733556,1.44227772995e-05,-0.0187453801244,0.000329252358414,0.00248066962431,0.000411590809584,0.573895119218,0.818914281452,0.00213041606957,0.0,0.818873589769,-0.573835916571,-0.0117954115139,0.0,-0.00843708412635,0.0085140344731,-0.999928160834,0.0,0.66157959685,0.260739615527,0.303344170533,1.0,-0.00258,-0.00339085714286,0.13
0.464959084518,0.546736412151,-0.124002956037,-1.35719211122,0.0794370902417,1.89464400532,0.159097688936,-0.00111684438396,-0.0127562932849,-0.000808020968735,-0.0212064719649,0.000394970044128,0.00129095399022,-0.000484583927491,0.573918723728,0.818897694072,0.0021475799295,0.0,0.818857080884,-0.573859304885,-0.0118036513302,0.0,-0.008433736506,0.00853306182671,-0.999928026882,0.0,0.661538126442,0.260685443523,0.303355087678,1.0,-0.00292,-0.00383771428571,0.147
0.464925380116,0.546481229753,-0.124010514317,-1.35756592584,0.0794274649124,1.89479238317,0.158956500424,-0.00369755560255,-0.0159880220592,-0.000244960888888,-0.0236536975836,-0.000927882286455,0.00263187543923,-0.0112688231954,0.573854394786,0.818942691448,0.00217913079874,0.0,0.818902414079,-0.573794785378,-0.0117952274157,0.0,-0.00840940330415,0.00855340324119,-0.999928058027,0.0,0.661499739498,0.260626269382,0.303370998609,1.0,-0.00324,-0.00425828571429,0.163
0.464879129388,0.546194636959,-0.124007730257,-1.35803133374,0.0794139601789,1.89494853496,0.158920770113,-0.00180733050686,-0.0161582998078,0.000745127058562,-0.0268332421516,-0.000212477593529,0.00770778443889,-0.00130515678649,0.573883428238,0.81892237469,0.00216839264322,0.0,0.818881790632,-0.573823687479,-0.0118209796717,0.0,-0.0084363521074,0.00855968639008,-0.999927777258,0.0,0.661443787321,0.260554215555,0.303365866085,1.0,-0.00358,-0.00470514285714,0.18
0.464829166761,0.545857121768,-0.124007730907,-1.35859804476,0.0793908647068,1.89513740596,0.158889530353,-0.00133038898577,-0.016709753526,0.000277226797279,-0.0334319231768,-0.00210676090947,0.00950528807518,-0.000529315875421,0.573924222034,0.818893861603,0.00213955457886,0.0,0.818852772298,-0.573864458587,-0.0118518931738,0.0,-0.00847779146213,0.00855423346328,-0.999927473441,0.0,0.661374542633,0.260467405851,0.303351469232,1.0,-0.00394,-0.00517828571429,0.198
0.464756621795,0.545543654994,-0.124006202197,-1.35916014955,0.0792815501159,1.8953294242,0.158776768846,-0.00466385621622,-0.0166075666837,-0.000358795484694,-0.0392200898823,-0.0116698763481,0.0131996833302,-0.00262727801351,0.573892557823,0.818916282599,0.00204965123182,0.0,0.818874662286,-0.57383379625,-0.0118240707648,0.0,-0.00850692871327,0.00846431663966,-0.999927991161,0.0,0.661316646789,0.26035303032,0.30332228042,1.0,-0.00426,-0.00559885714286,0.214
0.464700014603,0.545154699579,-0.12401340071,-1.35985845338,0.0792459949493,1.89554325169,0.158710010061,-0.00289074138697,-0.021829874471,0.00108826727829,-0.041958838997,-0.000787781385942,0.0118690021671,-0.00389544926126,0.573918612274,0.818898219194,0.00196976862121,0.0,0.818855470975,-0.573860083046,-0.0118772741653,0.0,-0.00859607257933,0.00842970681656,-0.999927521163,0.0,0.661227441237,0.26024239151,0.30328400166,1.0,-0.0046,-0.00604571428571,0.231
0.464628643498,0.544726717375,-0.124013037005,-1.3605730318,0.0792355063429,1.89578716617,0.158611467133,-0.00828318547629,-0.0203384029016,-0.00200909700343,-0.0438677627059,4.45153346757e-06,0.0190726513175,-0.00773333335364,0.573933102375,0.818888107962,0.00195129132315,0.0,0.818844783514,-0.573874319344,-0.0119261481872,0.0,-0.00864655141731,0.0084427784992,-0.999926975654,0.0,0.661142149112,0.260131064379,0.303267974166,1.0,-0.00494,-0.00649257142857,0.248
0.464571353097,0.544318506861,-0.124020020234,-1.36123958688,0.0792068415292,1.8960361207,0.158520215486,0.000255675099183,-0.029230928659,-0.000457186600858,-0.044803293015,-0.00370953781532,0.0249643372419,-0.0136249006758,0.573940879248,0.818882680348,0.00194161161831,0.0,0.818839115849,-0.573882024633,-0.0119444991698,0.0,-0.0086670543567,0.00844546649798,-0.999926775451,0.0,0.661060912883,0.260021215384,0.303257070936,1.0,-0.00526,-0.00691314285714,0.264
0.464498698308,0.543821572347,-0.124024743949,-1.36205855903,0.0791719488938,1.8963173739,0.158446812199,-0.00919498845312,-0.0325020480908,-0.00213427818603,-0.0500035068566,0.000138604286716,0.0140549075236,-0.00846404266091,0.573978707523,0.818856220041,0.00191862256949,0.0,0.81881224933,-0.573919841634,-0.0119692366491,0.0,-0.00870011582224,0.0084412411637,-0.999926524017,0.0,0.660969976692,0.259899624353,0.303247778793,1.0,-0.00558,-0.00733371428571,0.28
0.464418107849,0.543255036822,-0.124023291308,-1.36295786514,0.0791111394134,1.89662263392,0.158314120391,-0.00862897400185,-0.0352415437097,7.08846511939e-05,-0.0555893873528,-0.00245495723301,0.0144960968919,-0.0160585600524,0.573968710181,0.818863288037,0.00189265388884,0.0,0.81881898261,-0.573909959809,-0.0119824309515,0.0,-0.00872592789146,0.00842744362415,-0.999926415481,0.0,0.66086270388,0.259758767155,0.303246918583,1.0,-0.00594,-0.00780685714286,0.298
0.464344628517,0.542734218498,-0.124018456544,-1.36379472516,0.0790607123609,1.89692508309,0.158202247648,-0.00724380387306,-0.0366340862789,0.0022674484996,-0.0530299437648,-0.000835279932827,0.0258394599208,-0.000551702566592,0.573966958476,0.818864540674,0.00188188886145,0.0,0.818820049401,-0.573908210548,-0.0119933092153,0.0,-0.00874103246477,0.0084248537474,-0.99992630538,0.0,0.660764716276,0.259632879423,0.303243037929,1.0,-0.00626,-0.00822742857143,0.314
0.464271380088,0.542139466818,-0.124021201903,-1.36471827026,0.0790195612383,1.89726612083,0.158088932236,-0.00399422142153,-0.0404113549833,0.000170510382369,-0.0566790496096,-0.00188632603904,0.0258528241432,-0.0115118667879,0.573975251594,0.818858682352,0.00190152453341,0.0,0.818814345521,-0.573916320337,-0.0119946538224,0.0,-0.00873077855556,0.00844179254248,-0.999926252103,0.0,0.660651340263,0.259489759277,0.303257652208,1.0,-0.00662,-0.00870057142857,0.332
0.464191192798,0.541506907235,-0.124026881954,-1.3656763123,0.078963853843,1.89762238135,0.157950381134,-0.00810117451465,-0.0415028878743,0.000245218985714,-0.0501418743932,-0.000844547411684,0.0197916966996,-0.00586383584982,0.573970894843,0.818861679832,0.0019256367542,0.0,0.818817631837,-0.573911836335,-0.0119848574738,0.0,-0.00870896247231,0.00845586749729,-0.999926323425,0.0,0.660549345323,0.259351047918,0.303276057487,1.0,-0.00694,-0.00912114285714,0.348
0.464112709812,0.540868598756,-0.124029363697,-1.36665707728,0.0789003541341,1.89798519656,0.157831554096,-0.00588965785575,-0.0394457844918,9.36519446989e-05,-0.0636063027934,-0.0064277773166,0.0181760607922,-0.0113079695614,0.573977002233,0.818857365428,0.00193981774566,0.0,0.818813545753,-0.573917924961,-0.0119724517474,0.0,-0.00869060144117,0.00846042389914,-0.999926444632,0.0,0.66043657267,0.25920408282,0.303291988618,1.0,-0.00726,-0.00954171428571,0.364
0.464017581162,0.540091846193,-0.124032139973,-1.36782220354,0.0788307676155,1.89840686091,0.157672474525,-0.00340014739077,-0.0458454231561,-0.00116419441527,-0.0685585889343,-0.000921251394688,0.0222028742893,-0.0109669443079,0.573972396828,0.818860524311,0.00196883338062,0.0,0.818817066765,-0.573913181974,-0.0119589979506,0.0,-0.00866297869097,0.00847641228821,-0.99992654892,0.0,0.660301130696,0.259028908091,0.303323026713,1.0,-0.00762,-0.0100148571429,0.382
0.463914686696,0.539347256208,-0.124029731187,-1.36896723115,0.0787660291016,1.89884734932,0.157541305874,-0.00691724521389,-0.0468841477715,0.000956741926852,-0.0677219146579,-7.94494499169e-05,0.0210825663485,-0.00347578563613,0.573993675153,0.818845521444,0.0020049429183,0.0,0.818802496653,-0.573934269391,-0.0119445718013,0.0,-0.00863021983457,0.0084979245449,-0.999926649602,0.0,0.660173563215,0.258855644037,0.30334225051,1.0,-0.00796,-0.0104617142857,0.399
0.463812255286,0.538636783205,-0.124036321137,-1.37007140558,0.0787094138801,1.89927933831,0.157395993269,-0.0023110190117,-0.0415764812777,-0.000198950597514,-0.0743533214475,-0.00534843559831,0.016999034351,-0.0118305389359,0.57400920674,0.818834546741,0.0020402306413,0.0,0.818791945126,-0.573949616493,-0.0119304327365,0.0,-0.00859822643056,0.00851886666101,-0.999926747024,0.0,0.660054116069,0.258682612557,0.303356269672,1.0,-0.00828,-0.0108822857143,0.415
0.463698695481,0.537849364742,-0.124038975347,-1.37130361859,0.0786345689127,1.89974988285,0.157240180979,-0.00945578889561,-0.045892656617,0.000265668054194,-0.0716227187251,-0.00545576402521,0.0336326008835,-0.00386600785526,0.574024518487,0.818823763046,0.00206013316342,0.0,0.818781445399,-0.573964868916,-0.0119172488639,0.0,-0.00857584761041,0.00852775603577,-0.999926863433,0.0,0.659917492866,0.258490014666,0.303366763393,1.0,-0.00862,-0.0113291428571,0.432
0.463590794525,0.537024213587,-0.124048171757,-1.37260241293,0.0785536982301,1.9002233188,0.157093774849,-0.00874213309468,-0.0485878053596,-0.000570989355995,-0.0818027078947,-0.00315497501938,0.0309477790308,-0.00840880411384,0.574049294255,0.818806404685,0.00205579965777,0.0,0.818764074864,-0.573989703399,-0.0119145711083,0.0,-0.0085758844091,0.0085229301338,-0.999926904263,0.0,0.659767094348,0.258289187094,0.30337252512,1.0,-0.00896,-0.011776,0.449
0.463475117403,0.5362306898,-0.124041066541,-1.37383884033,0.0784900324672,1.90068775293,0.156940490508,-0.00773506518982,-0.0481176908265,0.00204344249963,-0.0731149180733,-0.00318252965779,0.0329207221529,-0.00747462188062,0.574064514222,0.818795669842,0.00208121605264,0.0,0.818753532906,-0.574004679734,-0.0119175038814,0.0,-0.00856353769428,0.00854558360121,-0.999926816734,0.0,0.65962557744,0.258101860388,0.303384207797,1.0,-0.00928,-0.0121965714286,0.465
0.463361720684,0.535338530891,-0.124057649785,-1.37525028009,0.0784096713904,1.90119816492,0.15676217828,-0.0103836638276,-0.0585088946387,-0.00102090750488,-0.0837744978707,-0.0033947593781,0.0229469351666,-0.0137151897992,0.574078945981,0.818785574732,0.0020720264896,0.0,0.818743321413,-0.57401915067,-0.0119220470757,0.0,-0.00857238232607,0.00854081850654,-0.99992678166,0.0,0.659460648838,0.257883247004,0.303386797399,1.0,-0.00962,-0.0126434285714,0.482
0.4632363394,0.534451755863,-0.124057633687,-1.37669580028,0.078326649473,1.90172552664,0.156592208471,-0.00884273687225,-0.0545292261384,0.000864960676871,-0.086495541241,-0.00463724344464,0.033034391675,-0.00782114724021,0.574099436475,0.818771272493,0.00204628461953,0.0,0.818728612642,-0.574039674056,-0.0119439671683,0.0,-0.00860489431186,0.00853254086607,-0.999926573074,0.0,0.659290125875,0.257662987648,0.303370129001,1.0,-0.00996,-0.0130902857143,0.499
0.463108031803,0.533523184571,-0.124066283143,-1.37817544519,0.0782495500018,1.90225958542,0.156405547948,-0.00784835268704,-0.0568544964541,-0.000474312277033,-0.0850091023194,-0.00519755832621,0.0322395453069,-0.0128773160248,0.574118014969,0.818758270934,0.00203606641974,0.0,0.818715369407,-0.574058185251,-0.0119620543326,0.0,-0.00862537639344,0.00853475407983,-0.999926377717,0.0,0.659116136854,0.257433697123,0.30336738685,1.0,-0.0103,-0.0135371428571,0.516
0.462981449578,0.532582129168,-0.124061784101,-1.37969923436,0.0781605544943,1.90284248243,0.156208692416,-0.0048423961582,-0.0596542748722,0.00029684306792,-0.0924752166724,-0.00217297045518,0.0335402495178,-0.0124119793439,0.574116866051,0.81875907475,0.00203679431236,0.0,0.818716134286,-0.57405698552,-0.0119672777743,0.0,-0.00862924741446,0.00853833676615,-0.999926313732,0.0,0.658938766322,0.257209510948,0.303356044384,1.0,-0.01064,-0.013984,0.533
0.462848440778,0.531608219475,-0.124059603582,-1.38126013954,0.0780658658757,1.90340942571,0.156010020408,-0.00924467842726,-0.0573292775209,-0.000391697449435,-0.0884900822603,-0.00677701349149,0.0323995431205,-0.00786950731626,0.574121214975,0.818756068451,0.00201935423328,0.0,0.818712852825,-0.574061359819,-0.0119819315658,0.0,-0.00865121250679,0.00853251665087,-0.999926173616,0.0,0.65875250414,0.256973805885,0.303348670773,1.0,-0.01098,-0.0144308571429,0.55
0.462723448411,0.530649886731,-0.124061348951,-1.38281645012,0.0779726362704,1.90395082912,0.155812989199,-0.00876604249198,-0.060634911115,0.000149304668881,-0.0981894198659,-0.0100814606999,0.03324758678,-0.0112989409191,0.574122937817,0.818754977669,0.00197122214407,0.0,0.818711057275,-0.574063210937,-0.0120158830384,0.0,-0.00870662556478,0.00851261933045,-0.999925862244,0.0,0.658560130484,0.256739978598,0.303330219023,1.0,-0.0113,-0.0148514285714,0.566
0.462573955763,0.529568202104,-0.12406484424,-1.38454324171,0.0778561456508,1.9045912567,0.155575754934,-0.00704300383143,-0.0639300630798,-0.00014651631023,-0.100161348075,-0.00964474687933,0.0263170103434,-0.0175696161169,0.574116035379,0.818759847641,0.00195875263498,0.0,0.818715864862,-0.574056460616,-0.0120108097022,0.0,-0.00870970180573,0.00849942394578,-0.999925947702,0.0,0.658358461616,0.256473364703,0.303325913031,1.0,-0.01166,-0.0153245714286,0.584
0.462443954539,0.528466543844,-0.124065883036,-1.38623707124,0.0777549591187,1.90523250899,0.155345734594,-0.00680809716929,-0.0687902460902,-0.000450409989636,-0.0997382163523,-0.00552079182763,0.0390363584316,-0.0163865738142,0.574099532425,0.818771318167,0.00200057933091,0.0,0.818727871543,-0.574039772755,-0.0119899356005,0.0,-0.00866877017251,0.00852151054496,-0.999926115411,0.0,0.658158293848,0.256227732675,0.303351086383,1.0,-0.012,-0.0157714285714,0.601
0.462310942647,0.527484314697,-0.124068040575,-1.38776486891,0.0776675908934,1.90582510218,0.155124388973,-0.00477902154882,-0.0690801640879,-0.000406393803103,-0.100328568026,-0.00200028365503,0.0354238881923,-0.00804979145216,0.574088061793,0.818779259262,0.0020417664958,0.0,0.818736329933,-0.574028110938,-0.0119706641922,0.0,-0.00862946633958,0.00854404831124,-0.999926263056,0.0,0.657983954793,0.255996552921,0.303366791833,1.0,-0.0123,-0.0161657142857,0.616
0.462160608417,0.526333582008,-0.124066045725,-1.38955647523,0.0775448512131,1.90650461359,0.154887814405,-0.00750589182008,-0.0681153935633,0.000400454334323,-0.107461906299,-0.00606218980634,0.0449150127639,-0.0132873899166,0.574079728223,0.8187850408,0.00206627842241,0.0,0.818742547397,-0.574019792036,-0.0119443013216,0.0,-0.00859389599376,0.00854889590846,-0.999926527966,0.0,0.657774521456,0.25572752548,0.303382637257,1.0,-0.01264,-0.0166125714286,0.633
0.461998780299,0.52508160592,-0.12407122517,-1.39150828536,0.0774275208384,1.90720068877,0.15462738509,-0.0084852019485,-0.0728625216548,-3.41858284897e-07,-0.10848351021,-0.00382364983658,0.0418839858602,-0.00190422629603,0.574075968072,0.81878768493,0.00206319896818,0.0,0.818745100572,-0.574015994567,-0.011951785278,0.0,-0.00860183100272,0.00855063137649,-0.999926444898,0.0,0.657537125081,0.255431125002,0.303394827059,1.0,-0.013,-0.0170857142857,0.651
0.461851778287,0.523969472454,-0.124082514786,-1.39328940206,0.0773208293033,1.90783184008,0.154380581337,-0.0114298164956,-0.0726799646799,-0.000784239439834,-0.113366191049,-0.00234425585042,0.0377721367909,-0.0185316126192,0.574069039841,0.818792627326,0.00202924461836,0.0,0.818749569697,-0.574009178343,-0.011972977942,0.0,-0.00863874735264,0.00853492343299,-0.999926260844,0.0,0.657319598311,0.255156692601,0.303384190882,1.0,-0.01332,-0.0175062857143,0.667
0.461697861243,0.522754138495,-0.12408399129,-1.3952075616,0.0771987606132,1.9085832488,0.154130569753,-0.00158512524031,-0.0759299848107,-0.000357887506095,-0.111626070543,-0.00588267845095,0.0476563562986,-0.0177760498487,0.574061571023,0.818797775655,0.0020644996673,0.0,0.818755264285,-0.574001649641,-0.0119444680357,0.0,-0.00859524312939,0.00854734461921,-0.999926529649,0.0,0.657096359631,0.254874185425,0.303390670159,1.0,-0.01366,-0.0179531428571,0.684
0.461534738561,0.521529941901,-0.12408969333,-1.39718699244,0.0770797563358,1.90934392353,0.153863285551,-0.00842936691336,-0.0713215528387,-0.000333004626907,-0.1168982436,-0.00998682216209,0.0473538555458,-0.0172763454187,0.574054330981,0.818802848684,0.00206566470951,0.0,0.818760371343,-0.57399442443,-0.0119416055672,0.0,-0.00859230605881,0.0085465793475,-0.999926561432,0.0,0.656863246406,0.254577173719,0.303374859872,1.0,-0.014,-0.0184,0.701
0.46137882169,0.520311012403,-0.124095418092,-1.39910263253,0.0769591602723,1.91004214761,0.15360149777,-0.0120432257483,-0.0787018309574,-0.00158633019483,-0.118660107956,-0.00868759520104,0.0416648525998,-0.00764426855407,0.574041227985,0.818812041003,0.00206324567711,0.0,0.818769549023,-0.573981349852,-0.0119407920799,0.0,-0.00859316524034,0.00854399417958,-0.999926576142,0.0,0.656630167287,0.254287973996,0.303379912166,1.0,-0.01432,-0.0188205714286,0.717
0.461214726976,0.518984739204,-0.124093365437,-1.40116951123,0.076827259055,1.91078080822,0.153321142966,-0.0103414245028,-0.0804797153304,0.00383403220719,-0.122305008852,-0.00898487440957,0.0440410045832,-0.0175845163622,0.574018664576,0.818827868306,0.00205953992332,0.0,0.818785301268,-0.573958777981,-0.0119456480414,0.0,-0.00859950407082,0.00854351044188,-0.99992652578,0.0,0.656372510062,0.253982378423,0.303391230363,1.0,-0.01466,-0.0192674285714,0.734
0.461038740132,0.517633178994,-0.124096563041,-1.40328745363,0.0766902832543,1.91154213801,0.153025303407,-0.00887035356699,-0.0797792801146,-0.000135469847903,-0.12617768442,-0.0146463712629,0.0514626865771,-0.020953859122,0.573997930587,0.8188424253,0.00205063673496,0.0,0.818799760357,-0.573938101464,-0.0119480135723,0.0,-0.00860676756353,0.00853736030292,-0.999926515816,0.0,0.656111699449,0.253660959386,0.303397726893,1.0,-0.015,-0.0197142857143,0.751
0.460860659009,0.516366899829,-0.124099995965,-1.40529940066,0.0765599825251,1.91228945006,0.15274742293,-0.00854225501274,-0.0774667096858,0.000506284115521,-0.126773356248,-0.00989536598979,0.048891757901,-0.00873567744644,0.57398986589,0.818848090256,0.00204593259199,0.0,0.818805416644,-0.573930109471,-0.0119442881165,0.0,-0.00860650089901,0.00853128527625,-0.999926569961,0.0,0.655870431454,0.253349646966,0.30339326967,1.0,-0.01532,-0.0201348571429,0.767
0.460662550276,0.514905439442,-0.124100408352,-1.40762748677,0.0764181010647,1.91316233446,0.152429161225,-0.00693243457095,-0.0778085713173,0.000618778042304,-0.130849588913,-0.0118447880021,0.0449697629808,-0.0205450573834,0.57397634921,0.818857555963,0.0020495098006,0.0,0.818814902012,-0.573916552916,-0.0119454356574,0.0,-0.00860552833052,0.00853473103494,-0.999926548927,0.0,0.655588597901,0.252998694854,0.303385619602,1.0,-0.01568,-0.020608,0.785
0.460471246932,0.513492485694,-0.124114477662,-1.40989995906,0.0762918171943,1.91394492858,0.152134882635,-0.0154536631776,-0.0807430116925,-0.000155362390096,-0.131404139575,-0.0118363121455,0.0398628976862,-0.0172315699293,0.573987195657,0.818850103493,0.00198849992165,0.0,0.818806478329,-0.57392748054,-0.0119977092934,0.0,-0.00868323792571,0.00851489206767,-0.999926046262,0.0,0.655300251692,0.252646713718,0.303362609092,1.0,-0.01602,-0.0210548571429,0.802
0.460286611938,0.512145345018,-0.124117677197,-1.41205448383,0.0761569540272,1.91471107566,0.151816452134,-0.0110464473187,-0.0855916641011,-0.000759334181777,-0.136613563482,-0.00784400406068,0.0469154996569,-0.0148787040332,0.573956217276,0.818871906909,0.00195131430574,0.0,0.818827748752,-0.573896617949,-0.0120223409451,0.0,-0.00872507255931,0.00849825124941,-0.999925823666,0.0,0.655030421718,0.252316144265,0.303347386217,1.0,-0.01634,-0.0214754285714,0.818
0.460081740911,0.510697687148,-0.124118453884,-1.41435876604,0.0760152009474,1.91559366634,0.151484420901,-0.0183600596586,-0.0870220031136,-0.00028865083795,-0.138556124451,-0.0087629908095,0.0470949715465,-0.0213166744501,0.573935000867,0.818886731455,0.00197046378943,0.0,0.818842831848,-0.573875330689,-0.0120111805529,0.0,-0.00870516342649,0.00850730086234,-0.999925920237,0.0,0.654754904025,0.251964062884,0.303340866487,1.0,-0.01668,-0.0219222857143,0.835
0.459875418876,0.509122326544,-0.124123834624,-1.41685106121,0.0758673782289,1.91651054889,0.151144429801,-0.00931687443713,-0.090572825788,-0.000494207408489,-0.140684403893,-0.00644489098042,0.0454415302072,-0.0174446197937,0.573919297109,0.818897736223,0.00197101879566,0.0,0.818853769575,-0.573859553931,-0.0120192893525,0.0,-0.00871164860113,0.00851224215469,-0.999925821705,0.0,0.654445463084,0.251589168959,0.303336852316,1.0,-0.01704,-0.0223954285714,0.853
0.459669947843,0.507697678595,-0.124127975559,-1.41908512579,0.075718709573,1.91731542742,0.150832817827,-0.0129658641805,-0.0912383186405,-0.000373310730526,-0.139911679467,-0.00731502839121,0.0537905512549,-0.0224797395159,0.573910845161,0.818903685687,0.0019601721998,0.0,0.818859630192,-0.573851200915,-0.0120188248895,0.0,-0.00871758066919,0.00850300354196,-0.99992584861,0.0,0.654169973567,0.251236620789,0.303339979448,1.0,-0.01736,-0.022816,0.869
0.459457513968,0.506130510812,-0.124139628639,-1.42151906609,0.075561953208,1.91822084585,0.150492174498,-0.0106632543711,-0.0916612372629,-0.00409427769931,-0.144400301901,-0.00778152132308,0.0567453982432,-0.0181261025546,0.57389603057,0.818913996771,0.00198969581045,0.0,0.818870353391,-0.573836288598,-0.0120002136366,0.0,-0.00868555047568,0.00851634184944,-0.99992601383,0.0,0.653853813819,0.250839476068,0.303357221533,1.0,-0.01772,-0.0232891428571,0.887
0.459227783734,0.504396032978,-0.124140848101,-1.42414732999,0.0753951431555,1.91922893031,0.150144411259,-0.0107938179563,-0.108764005725,0.000399631819847,-0.148723309082,-0.00742196793574,0.0497821213121,-0.0174199548674,0.57389179548,0.818916764407,0.00207049622612,0.0,0.818874349862,-0.573831889074,-0.0119377184112,0.0,-0.00858804632141,0.0085465994525,-0.999926597855,0.0,0.653576715139,0.250477158357,0.303400837058,1.0,-0.01804,-0.0237097142857,0.903
0.459026051666,0.502920963425,-0.124151782145,-1.42632414144,0.0752585701425,1.920066226,0.149828137854,-0.0127571462302,-0.100687764353,-0.00124666390128,-0.144136157741,-0.0135881105584,0.0605351209631,-0.0186795876958,0.573881372173,0.818923756379,0.00219061907059,0.0,0.818882959908,-0.573821034348,-0.0118686736279,0.0,-0.00846267842241,0.00860523701347,-0.999927163832,0.0,0.653299844469,0.250118051034,0.303471449137,1.0,-0.01836,-0.0241302857143,0.919
0.458773945671,0.501111096026,-0.124150332103,-1.4290335863,0.0750879866006,1.9210181536,0.14944882388,-0.0131221640685,-0.104143178494,2.41957615617e-06,-0.1486434331,-0.010169122071,0.0476254917797,-0.0212895802836,0.573868218476,0.81893284812,0.00223718438455,0.0,0.818892576339,-0.573807614993,-0.0118539568812,0.0,-0.00842404342315,0.00863478904815,-0.999927235308,0.0,0.652957208198,0.249693809619,0.303527561616,1.0,-0.01872,-0.0246034285714,0.937
0.458528654233,0.499411585408,-0.124142643437,-1.43162977199,0.0749328049485,1.92195658235,0.149084694105,-0.0119615278119,-0.102256945331,0.000134992195228,-0.152763347129,-0.00633382646263,0.0540923294383,-0.0257736428267,0.573855690739,0.818941512532,0.00227863108103,0.0,0.818901631847,-0.573794773715,-0.0118499753877,0.0,-0.00839713183274,0.00866631737544,-0.999927188909,0.0,0.652631107099,0.249291281991,0.303558582017,1.0,-0.01906,-0.0250502857143,0.954
0.458286219592,0.497832189811,-0.124151037375,-1.43412656757,0.0747755424404,1.92288663671,0.148711295317,-0.0190714114989,-0.102570854543,0.00124367546581,-0.163826545974,-0.0020164892849,0.0575375552617,-0.0280519176282,0.573838865281,0.818953285615,0.00228463858521,0.0,0.818913508917,-0.573777953561,-0.0118436405837,0.0,-0.00838867462559,0.00866742954864,-0.999927250255,0.0,0.652326047572,0.248890601697,0.303552391943,1.0,-0.01938,-0.0254708571429,0.97
0.458013730506,0.496073421822,-0.12415104082,-1.43694805253,0.0745941704733,1.92388588423,0.148297332713,-0.0147656180806,-0.0985456727809,-0.000425435265407,-0.1530600007,-0.012900345271,0.0519881069312,-0.0251950480468,0.573816472285,0.818969134194,0.00222716693363,0.0,0.818928541959,-0.573755720353,-0.0118812216753,0.0,-0.00845266680025,0.00864169765726,-0.999926934073,0.0,0.651966640898,0.248440138074,0.303521841161,1.0,-0.01974,-0.025944,0.988
0.45775857011,0.494499441788,-0.124151129446,-1.43953385389,0.0744293802367,1.92477055193,0.147929818362,-0.016215080296,-0.0988189831716,-0.00167747083045,-0.161074379723,-0.00970490852592,0.0514367418227,-0.0255229341386,0.573811358736,0.818973043093,0.00210384745739,0.0,0.818930643966,-0.573750906207,-0.0119684961783,0.0,-0.00859495683071,0.00859072960533,-0.999926160315,0.0,0.65160780452,0.247994934695,0.303451708611,1.0,-0.0221765714286,-0.0291463510204,1.005
0.457492824464,0.492629552812,-0.124212081045,-1.44239500767,0.0742664660343,1.92582435116,0.147529785164,-0.0188158140132,-0.138558691532,-0.00765840207052,-0.209048664971,-0.0143524398316,0.0802866702204,-0.0327001841539,0.573843706058,0.818950219193,0.00216481017801,0.0,0.818908785027,-0.573783170763,-0.0119172839034,0.0,-0.00851769460887,0.00861160623408,-0.999926641868,0.0,0.651283238293,0.247543316989,0.30349728605,1.0,-0.0298645714286,-0.0392505795918,1.019
0.457137523545,0.48985903958,-0.124254547137,-1.4467742085,0.0740286481236,1.92748876747,0.146864052301,-0.0270188359047,-0.178175264387,-0.000453124287585,-0.292997786185,-0.0180085807498,0.119242787237,-0.0479420755773,0.5737779383,0.818996190269,0.00220561721692,0.0,0.818955129189,-0.573717085528,-0.0119142372938,0.0,-0.0084924781786,0.00864259444038,-0.999926588993,0.0,0.650693122839,0.246828036136,0.30347431436,1.0,-0.0397491428571,-0.0522417306122,1.037
0.456554538227,0.486008813886,-0.124297445413,-1.45284956001,0.0736866511366,1.9297525693,0.145976295145,-0.0370131749721,-0.232815937613,-0.00494834440538,-0.359837501985,-0.0188270056739,0.135518488017,-0.0640901881661,0.573767014738,0.819003699681,0.00225823110618,0.0,0.818963123598,-0.57370574722,-0.0119106966548,0.0,-0.0084595073336,0.00868354004864,-0.999926513734,0.0,0.649974013752,0.245903672949,0.303467125941,1.0,-0.0490845714286,-0.0645111510204,1.054
0.455966565527,0.482138551603,-0.124415112366,-1.45893553755,0.0733145809277,1.93192492205,0.145034316832,-0.0396219587424,-0.276019130566,-0.00557976041243,-0.42094651615,-0.0225137161844,0.149576281194,-0.0692864569397,0.573760744659,0.819008245826,0.00220183074614,0.0,0.818967140476,-0.573699914463,-0.0119154465714,0.0,-0.00849582245486,0.00864000887468,-0.999926582929,0.0,0.649207843982,0.244870264222,0.303448108028,1.0,-0.0573217142857,-0.0753371102041,1.069
0.455104619156,0.476625058356,-0.124548645833,-1.46756777976,0.0727889223567,1.9349564199,0.143764745007,-0.0461031592834,-0.325343029571,-0.00934642636882,-0.499570315714,-0.034516617947,0.178724444691,-0.0690405449428,0.573801128774,0.818980188945,0.0021122581079,0.0,0.818937946182,-0.573740689426,-0.0119586162026,0.0,-0.00858214656694,0.00859184121187,-0.999926260794,0.0,0.64809981915,0.243404612249,0.303426348502,1.0,-0.0672062857143,-0.0883282612245,1.087
0.454133881415,0.470668528548,-0.12466088853,-1.47682026577,0.0722540284466,1.9382849265,0.142414386083,-0.0600107308383,-0.365603979031,-0.0068294853545,-0.556526826332,-0.0335870492358,0.199633854981,-0.0879812766051,0.573872328603,0.818930214494,0.00214502987772,0.0,0.818888142925,-0.573811487814,-0.0119721648096,0.0,-0.00857368978004,0.00862719973112,-0.999926028898,0.0,0.646917688873,0.241833527064,0.303433366861,1.0,-0.0765417142857,-0.100597681633,1.104
0.453084233326,0.464305323338,-0.124700825326,-1.48640962089,0.0716601618041,1.94188287835,0.140843549296,-0.070119841112,-0.404387204294,-0.00355037131156,-0.619605260284,-0.0372093442988,0.230685194263,-0.105000210905,0.573768326116,0.81900219391,0.00246195390578,0.0,0.818964251123,-0.573706247268,-0.0118086464168,0.0,-0.00825902799809,0.00879184879532,-0.999927243279,0.0,0.645706926258,0.240230106501,0.303572528295,1.0,-0.085328,-0.112145371429,1.12
0.451792911095,0.456927530424,-0.124770309295,-1.49795281647,0.0709147498939,1.94580407003,0.139117877968,-0.0786898245733,-0.449050427143,-0.00659819295387,-0.697342613336,-0.0386185992601,0.237917810129,-0.107189882581,0.573796651964,0.818982964879,0.00224773965757,0.0,0.818941812879,-0.57373497304,-0.0119680712817,0.0,-0.0085122035366,0.00870817488129,-0.999925852292,0.0,0.644150963831,0.238237998617,0.303499553493,1.0,-0.0946634285714,-0.124414791837,1.137
0.450294270826,0.448145640512,-0.124929997967,-1.51110673986,0.0699984489022,1.95056679071,0.137038278037,-0.0872834310436,-0.503970995037,-0.0109647575907,-0.75690550118,-0.0552764411692,0.276041174398,-0.107839479895,0.573786583779,0.818989239074,0.00251584121076,0.0,0.818952534582,-0.573724879453,-0.0117156177768,0.0,-0.00815172113882,0.00878278793304,-0.999928203462,0.0,0.642445346601,0.235921086162,0.303683741097,1.0,-0.104548,-0.137405942857,1.155
0.448791655185,0.439845268937,-0.124965230262,-1.52383094572,0.0691867082849,1.95501384179,0.13505755475,-0.099119402208,-0.535904921547,-0.0026364441191,-0.830407834267,-0.052535701985,0.283443275707,-0.131045279322,0.573768606121,0.819001658785,0.0025722438828,0.0,0.818965159753,-0.573706128741,-0.0117512491717,0.0,-0.0081487373727,0.00884924635525,-0.999927641841,0.0,0.640828832229,0.233869982947,0.303703825201,1.0,-0.112785142857,-0.148231902041,1.17
0.4470325817,0.430253845074,-0.125037593641,-1.53818055068,0.0682151242647,1.96009745226,0.132692107663,-0.105978249465,-0.576377505749,-0.00332542944968,-0.865149037765,-0.0605120409559,0.309870101381,-0.142708040895,0.573683595238,0.819060447828,0.00280397224773,0.0,0.81902700258,-0.573620364893,-0.0116272493312,0.0,-0.00791515685166,0.00896706382821,-0.999928468471,0.0,0.638766089321,0.231183352829,0.303850507965,1.0,-0.122669714286,-0.161223053061,1.188
0.445072896292,0.42016447428,-0.125110555909,-1.55359483441,0.0671121032271,1.96535879271,0.13013639641,-0.123760226683,-0.597715559457,-0.000220104092467,-0.918850325357,-0.0610325177298,0.297377015239,-0.148564215365,0.573597832463,0.819120835087,0.0027075858049,0.0,0.819086208618,-0.573535021297,-0.0116665804173,0.0,-0.0080035979058,0.00890984297314,-0.999928275987,0.0,0.636607457475,0.228400585273,0.303831355071,1.0,-0.132005142857,-0.173492473469,1.205
0.443065826035,0.409990502383,-0.125236018344,-1.56882076153,0.0660249810645,1.97074031023,0.127626872714,-0.130528024893,-0.648547801846,-0.00665904220045,-0.968024104143,-0.067058868444,0.32702666126,-0.159004097603,0.573607398164,0.819113368754,0.00293066551911,0.0,0.819082159827,-0.573544447976,-0.0114860154025,0.0,-0.00772763061335,0.00898909232129,-0.999929737504,0.0,0.634366194224,0.225418179151,0.303944374589,1.0,-0.141340571429,-0.185761893878,1.222
0.440680770645,0.398648152191,-0.125332014221,-1.58594527585,0.0648898935965,1.97650567695,0.124744827814,-0.146976388264,-0.701036266958,-0.0105520729801,-1.01613439274,-0.0641887365997,0.35977610567,-0.164845102128,0.573645267921,0.819086820121,0.00293846851551,0.0,0.819054888345,-0.57358133087,-0.011588514054,0.0,-0.0078066987477,0.00905463758101,-0.999928531943,0.0,0.632040830157,0.222400434572,0.303949515394,1.0,-0.150126857143,-0.197309583673,1.238
0.43793627938,0.38603181409,-0.125467935322,-1.60500295849,0.0634400811814,1.98293497194,0.121456840732,-0.152729994697,-0.704805762652,-0.0133765438111,-1.09687734563,-0.0896181196676,0.360181167607,-0.192464683933,0.573629769323,0.819098000537,0.00284607855916,0.0,0.819065382168,-0.573566725378,-0.0115697093642,0.0,-0.00784446087789,0.00896802679879,-0.999929016945,0.0,0.629274746318,0.218756127294,0.303914559168,1.0,-0.160011428571,-0.210300734694,1.256
0.435464139459,0.374933486644,-0.125588949629,-1.6214409652,0.062228969332,1.98843442013,0.118483223532,-0.165494937246,-0.767164585823,-0.00497561893305,-1.11217031403,-0.0774559595532,0.373595014839,-0.211507425094,0.573581636522,0.819131351481,0.00294655167445,0.0,0.819100081176,-0.57351832882,-0.0115121859788,0.0,-0.0077402400908,0.00901687279213,-0.999929389851,0.0,0.62685354782,0.215565932661,0.303991409777,1.0,-0.168248571429,-0.221126693878,1.271
0.432358444861,0.361899610397,-0.12577768373,-1.64077899371,0.0607518696436,1.99483765834,0.115060990237,-0.188091146235,-0.797516937099,-0.0125985355972,-1.1462354667,-0.0926778211328,0.393275680729,-0.209008418599,0.573739007429,0.819021077376,0.00296193670015,0.0,0.818990373831,-0.573676061026,-0.0114582493969,0.0,-0.00768550355647,0.00900001555934,-0.999929963925,0.0,0.623981191695,0.211669853342,0.304022664026,1.0,-0.177584,-0.233396114286,1.288
0.428777427655,0.347586050634,-0.125962374129,-1.66211623065,0.059143099167,2.00166287017,0.111041760871,-0.211514605951,-0.809172882721,-0.0131922413686,-1.17854536674,-0.080577786249,0.381104990771,-0.234770986924,0.573793219507,0.818983797803,0.00276171783348,0.0,0.818950025869,-0.573730368076,-0.0116218233459,0.0,-0.00793375638149,0.0089304042633,-0.999928649149,0.0,0.620706823859,0.207304713817,0.303941624886,1.0,-0.187468571429,-0.246387265306,1.306
0.425384193584,0.334262209428,-0.126095654599,-1.68157747173,0.0576335767539,2.00804044301,0.107354622303,-0.21788988007,-0.815929040119,-0.00447108309638,-1.24795304173,-0.0948811726378,0.390701340557,-0.236577023882,0.573855912751,0.818939314348,0.00292193738674,0.0,0.818907661149,-0.57379257362,-0.0115356781386,0.0,-0.0077705839801,0.00901278754292,-0.999929191336,0.0,0.617704651107,0.203298664895,0.304008366766,1.0,-0.196254857143,-0.257934955102,1.322
0.42163338013,0.31960210417,-0.126201049952,-1.70280043758,0.0558649821174,2.01483605297,0.103172368018,-0.230415646485,-0.870344120964,-0.00642292982525,-1.26482455102,-0.0992705711818,0.401818309861,-0.244133020629,0.573722229614,0.819032569342,0.0030332335495,0.0,0.819002839427,-0.573659130094,-0.0114148311662,0.0,-0.00760922288037,0.00903334319685,-0.999930246786,0.0,0.614328315496,0.198928541904,0.304097466807,1.0,-0.205590285714,-0.27020437551,1.339
0.417590946366,0.304484516099,-0.126303346286,-1.72464629709,0.0540646521238,2.02168764778,0.098708310902,-0.240783009517,-0.893001916039,-0.00403883201863,-1.30815148283,-0.111575580025,0.394780077189,-0.267190003397,0.573564463457,0.819142869574,0.00308421578019,0.0,0.819113710489,-0.573501127775,-0.0113987995095,0.0,-0.00756858983049,0.00906444427503,-0.999930273718,0.0,0.610770166053,0.194354384876,0.304135400409,1.0,-0.214925714286,-0.282473795918,1.356
0.413420996474,0.289786361396,-0.126460631227,-1.74575322673,0.0523258771727,2.02813421965,0.0943795969066,-0.264645790969,-0.941773191937,-0.0138245024252,-1.32813236454,-0.105563238764,0.417600916641,-0.274349946921,0.573621934748,0.819102638245,0.00308073000768,0.0,0.819073079653,-0.573558178139,-0.0114478547812,0.0,-0.0076101366817,0.00909025863893,-0.999929724039,0.0,0.607275717017,0.189769235696,0.304159254669,1.0,-0.223712,-0.294021485714,1.372
0.408703020173,0.273850109166,-0.126608592855,-1.76863633967,0.0503939801662,2.0349626659,0.0894774163216,-0.28538463285,-0.963755271802,-0.00978750708145,-1.33950500789,-0.108576956909,0.421635467831,-0.298553460657,0.573578990893,0.819132976053,0.00300926080757,0.0,0.819102040456,-0.57351492596,-0.0115422668338,0.0,-0.00772894419885,0.00908546835432,-0.999928856312,0.0,0.603171463814,0.184420114648,0.304139496292,1.0,-0.233596571429,-0.307012636735,1.39
0.403588172022,0.257372642914,-0.126838869876,-1.79198640874,0.0483377534921,2.04189897538,0.0843425464701,-0.307035570712,-0.969668322809,-0.0189645170025,-1.3555015743,-0.116825136962,0.394265052024,-0.298976927703,0.57369042785,0.819055229204,0.0029276967485,0.0,0.819023134159,-0.573626492928,-0.0115973801013,0.0,-0.00781964095116,0.00905133158526,-0.999928460747,0.0,0.599397327473,0.179388640728,0.304115711818,1.0,-0.242382857143,-0.318560326531,1.406
