position_joint1,position_joint2,position_joint3,position_joint4,position_joint5,position_joint6,position_joint7,velocity_joint1,velocity_joint2,velocity_joint3,velocity_joint4,velocity_joint5,velocity_joint6,velocity_joint7,ee_T_00,ee_T_10,ee_T_20,ee_T_30,ee_T_01,ee_T_11,ee_T_21,ee_T_31,ee_T_02,ee_T_12,ee_T_22,ee_T_32,ee_T_03,ee_T_13,ee_T_23,ee_T_33,v_x,v_y,time
0.465048165159,0.547801937848,-0.123945939575,-1.35585638813,0.0794444621188,1.89409872818,0.159154207901,-0.00162908442896,-0.000892136371091,0.000872096090466,-0.0013044073718,4.72942849658e-05,2.6510665376e-05,-0.00873960821249,0.573779401187,0.81899596574,0.00188514616365,0.0,0.818952234672,-0.573721355045,-0.0119076022812,0.0,-0.00867089656011,0.00837634284046,-0.999927323576,0.0,0.661670792691,0.260886047634,0.303186877634,1.0,0.0,0.0,0.0
0.465051009478,0.547807237373,-0.123949838285,-1.35584866942,0.0794450766889,1.8941019507,0.159161227424,0.000797759068006,0.00171950614874,0.000552266755538,0.00194259601505,0.00035512808823,6.49723868893e-05,0.0007420204722,0.573785318198,0.818991812039,0.00188873910592,0.0,0.818948155062,-0.573727282707,-0.0119025752904,0.0,-0.00866465737157,0.00837646362947,-0.999927376648,0.0,0.661673184408,0.260886839585,0.303187207081,1.0,-0.00018,-0.000236571428571,0.01
0.465048852971,0.547805294476,-0.123950895079,-1.35585427417,0.0794476720321,1.8940963885,0.15915679721,0.000321768433268,-0.000603967830205,-0.00073926364025,0.000232508450196,4.6662898763e-05,-0.000689362068164,-0.00567354052007,0.57378514549,0.818991947282,0.0018825523455,0.0,0.818948177778,-0.573727105003,-0.011909575965,0.0,-0.00867394250399,0.00837541184337,-0.999927304957,0.0,0.661671499845,0.260884202248,0.303185472667,1.0,-0.00054,-0.000709714285714,0.028
0.465049517066,0.547775942534,-0.123945628972,-1.35586997333,0.0794439845452,1.89410186889,0.159157361378,0.000807797638696,-0.00553885329635,0.00106276832596,0.000367865695427,0.000251595338563,-1.79223813309e-05,-0.000353899518429,0.57378125142,0.818994637105,0.00189916126453,0.0,0.818951082,-0.573723140218,-0.0119008642853,0.0,-0.00865731794233,0.0083839743926,-0.999927377273,0.0,0.661668597942,0.260885990414,0.30319908864,1.0,-0.00086,-0.00113028571429,0.044
0.465047106827,0.547695331945,-0.12394523958,-1.35595724203,0.0794448550173,1.8941151625,0.159154742494,-0.000845285794894,-0.00475318294828,0.00152892256477,-0.00348537751172,0.000362036809154,-0.000273240579608,-0.0011992430746,0.573785751944,0.818991459687,0.00190964053831,0.0,0.818947958187,-0.573727516229,-0.0119048647495,0.0,-0.00865453586229,0.00839489961966,-0.999927309693,0.0,0.661653865833,0.260876367165,0.303215801292,1.0,-0.0012,-0.00157714285714,0.061
0.465046672286,0.547562212139,-0.123948756606,-1.3561392885,0.079439810821,1.89415406986,0.159153797152,-0.000403696474665,-0.00570270638872,0.00121203774219,-0.0120882387671,-0.000157528791451,0.00113614692317,6.29258204405e-05,0.573796422034,0.818983995368,0.00190480808713,0.0,0.818940357233,-0.573738133738,-0.0119160433941,0.0,-0.00866635464505,0.00839746895699,-0.999927185755,0.0,0.661624608456,0.260856007348,0.303226942442,1.0,-0.00154,-0.002024,0.078
0.465031174309,0.547399615036,-0.123948390653,-1.35635433097,0.0794359469298,1.89423623558,0.159147320689,-0.0030098073965,-0.0106966374458,-0.000728151521082,-0.011870737311,-0.000587529282806,0.00711030570762,-0.00138897565771,0.573823178002,0.818965164283,0.00194087084839,0.0,0.818921929549,-0.573764671783,-0.0119046889401,0.0,-0.00863608867975,0.00842077026684,-0.999927251654,0.0,0.661600473487,0.260823418024,0.30325111943,1.0,-0.0019,-0.00249714285714,0.096
0.465011247307,0.547223701529,-0.123946312778,-1.35655245219,0.0794337929076,1.89434775177,0.159138124953,-0.000549494625602,-0.0164636064337,-0.000964354952508,-0.0116859226212,7.29360325674e-05,0.00250794073151,0.000719112856446,0.57383258461,0.818958389381,0.00201697857959,0.0,0.818916084937,-0.573773705123,-0.0118713117243,0.0,-0.00856498595935,0.00846404465037,-0.999927497854,0.0,0.661586467767,0.260801591216,0.3032868042,1.0,-0.0022,-0.00289142857143,0.111
0.46498947793,0.547030999444,-0.123946670906,-1.35680305471,0.0794288976704,1.89448057143,0.159123570565,-0.0054553135433,-0.00941270318947,-0.000153864686116,-0.0164700675571,-3.64114663059e-05,0.00491827088121,9.26849779975e-05,0.573851691148,0.818944830361,0.00208525603892,0.0,0.81890337905,-0.573792499102,-0.0118393689046,0.0,-0.00849944932603,0.00850182877102,-0.999927736523,0.0,0.661566610592,0.260768007005,0.303315555117,1.0,-0.00254,-0.00333828571429,0.128
0.464956578743,0.54678506877,-0.123948801556,-1.35717146087,0.0794130017682,1.89461902264,0.159094959675,-0.00325141780738,-0.0159375693847,-0.000368903977413,-0.0231878457324,0.00025974829666,0.00774591409663,-0.00186548405865,0.573873088084,0.818929794838,0.00210161844628,0.0,0.818888512901,-0.573813784652,-0.0118359994948,0.0,-0.00848707840595,0.00851351669636,-0.999927742156,0.0,0.661526161159,0.260711338482,0.303326451854,1.0,-0.0029,-0.00381142857143,0.146
0.464926407888,0.546544484274,-0.123944579782,-1.3575224025,0.0794011123583,1.8947479263,0.159005926676,-0.00580014586518,-0.0148459583606,0.00119013056715,-0.0212070149894,0.000493316635302,0.00794499865502,-0.00985799339686,0.573838375762,0.818954059927,0.00212441367662,0.0,0.818912963178,-0.573778874136,-0.0118367747109,0.0,-0.00847499418823,0.00853226974591,-0.999927684809,0.0,0.661485256333,0.260662156949,0.303340829524,1.0,-0.0032,-0.00420571428571,0.161
0.464883018313,0.546250133434,-0.123947009442,-1.35801228277,0.0793750720853,1.89491937234,0.15893405847,-0.0026931583962,-0.0113570909913,0.000182658607345,-0.025563884702,-0.000145648310464,0.0118524814313,0.00063171438419,0.573837204671,0.818954930729,0.00210496328159,0.0,0.818913542389,-0.573777741934,-0.0118515760145,0.0,-0.00849828915385,0.0085248223179,-0.999927550618,0.0,0.661428099121,0.260585185624,0.303331025803,1.0,-0.00356,-0.00467885714286,0.179
0.46483487401,0.545921759878,-0.123946168378,-1.35854941949,0.0793067056331,1.89510370362,0.158892536551,-0.000655914705795,-0.0234272185304,0.000871393281975,-0.0331470647914,-0.00523941341736,0.0155730061413,-0.00303858649114,0.573853831272,0.818943384366,0.00206408292166,0.0,0.818901761886,-0.573794827685,-0.0118383699678,0.0,-0.0085107585209,0.00848393844536,-0.999927792282,0.0,0.66136637379,0.260495822598,0.303323732329,1.0,-0.0039,-0.00512571428571,0.196
0.464772702643,0.545613173348,-0.123948673964,-1.35910816413,0.0792507278921,1.89528708594,0.158793526707,-0.00401203154768,-0.0154796642662,0.000375884933837,-0.0370753113239,-0.000347143377633,0.010899335137,-0.0102857378546,0.573841675047,0.818952076201,0.00199393257642,0.0,0.818909715701,-0.573783128662,-0.0118551969488,0.0,-0.0085649181842,0.00843601925394,-0.999927735267,0.0,0.661302640259,0.260394360324,0.303292176369,1.0,-0.00422,-0.00554628571429,0.212
0.464704547853,0.545221686642,-0.1239487822,-1.3597857418,0.0792492905025,1.89550664618,0.158738506669,-0.00897896383018,-0.0212062384592,0.00459593838313,-0.0363719233218,-0.000678731896327,0.0118365477426,-0.0019800074669,0.573889805948,0.818918434377,0.00195840966553,0.0,0.818875206271,-0.57383100212,-0.0119215964546,0.0,-0.00863918525401,0.00844553839752,-0.999927016016,0.0,0.661218890344,0.260288607006,0.3032658878,1.0,-0.00456,-0.00599314285714,0.229
0.464636189387,0.544780881941,-0.123950065114,-1.3604870294,0.0792221505962,1.89574887215,0.158639575917,-0.00256682104274,-0.0233822188387,0.00124758600312,-0.046529437684,0.000147607870706,0.0192050529546,-0.00911115927172,0.573897465055,0.818913084142,0.00195118586203,0.0,0.818869599072,-0.573838531406,-0.0119443078583,0.0,-0.00866185112407,0.00845273752765,-0.9999267591,0.0,0.661137197742,0.260177262544,0.303265143461,1.0,-0.0049,-0.00644,0.246
0.464568546833,0.544361503583,-0.123957350568,-1.3611959697,0.0791918322878,1.89600582081,0.158548804491,-0.00406866530005,-0.0335908874562,-0.00186372962002,-0.0487673815285,-0.00212077300523,0.0227237603587,-0.00158456929284,0.573915101321,0.818900780596,0.00192741180411,0.0,0.818856892603,-0.573856175095,-0.0119677333906,0.0,-0.00869449644581,0.00844689999115,-0.999926525107,0.0,0.661057392717,0.26006221077,0.303247025936,1.0,-0.00522,-0.00686057142857,0.262
0.46449831678,0.543850874381,-0.123956566968,-1.36200611473,0.0791467752647,1.89629600094,0.15845850301,-0.00125102803461,-0.0290630052317,0.00109661476825,-0.0493801232132,-0.00260646882227,0.0139440669321,-0.0151793940069,0.573931192935,0.818889516883,0.00192141013587,0.0,0.818845491564,-0.573872232827,-0.0119778227128,0.0,-0.00870603714791,0.00844794675465,-0.999926415849,0.0,0.660962886407,0.259939188726,0.303247855869,1.0,-0.00556,-0.00730742857143,0.279
0.464421630565,0.543322503872,-0.123966947923,-1.36285913792,0.0790933940388,1.89658127409,0.158334845895,-0.00404244909335,-0.0293902006014,-0.00271692961061,-0.055389017774,-0.00297796319717,0.0151874403041,-0.00435892827807,0.57393306722,0.818888288265,0.0018848329933,0.0,0.818843804105,-0.573874280684,-0.0119950552025,0.0,-0.00874112133783,0.00842790490545,-0.999926278891,0.0,0.660862573333,0.259798897785,0.303240699482,1.0,-0.0059,-0.00775428571429,0.296
0.464345680597,0.542759113001,-0.123965013203,-1.36375243379,0.0790441578292,1.89690797672,0.158240236801,0.000102848901398,-0.0300704084063,-0.0022708190885,-0.05768586051,-0.00377497347115,0.0116027147048,-0.00592691075616,0.573952963712,0.818874343952,0.00188445343579,0.0,0.818829789009,-0.57389411288,-0.0120029468772,0.0,-0.00874759693515,0.00843233589129,-0.999926184905,0.0,0.660758796198,0.259665402454,0.303242281845,1.0,-0.00624,-0.00820114285714,0.313
0.464272556154,0.54216059743,-0.123967890464,-1.36466963425,0.0789939249468,1.89723816273,0.158105152254,-0.00665512618233,-0.0321236768715,0.000550531282404,-0.0551140778644,-0.00438271985071,0.0212327912468,-0.0107102839261,0.57394171088,0.818882202275,0.00189689508874,0.0,0.818837754551,-0.573882754817,-0.012002597462,0.0,-0.00874028634121,0.00844220317602,-0.999926165574,0.0,0.660651415951,0.259528694784,0.303257710225,1.0,-0.00658,-0.008648,0.33
0.46419203405,0.541539310538,-0.123965472534,-1.36562329997,0.0789283637297,1.89759975408,0.157963886858,-0.000450386223126,-0.0403562299681,-0.000175740201782,-0.0576233825138,-0.00312282996228,0.0236499522738,-0.00929868075161,0.573925732513,0.818893352544,0.00191771228187,0.0,0.818849239696,-0.573866750691,-0.0119842397714,0.0,-0.00871347072941,0.008448543494,-0.999926346058,0.0,0.660543901806,0.259385799781,0.303274327747,1.0,-0.00692,-0.00909485714286,0.347
0.46412207371,0.540904190699,-0.123968324961,-1.36659709396,0.0788728472397,1.89796321911,0.157859487596,0.000943386664341,-0.0403751788469,-1.37161396958e-05,-0.0621510223527,0.000192643737369,0.0152493593775,-0.00967721556258,0.573938685485,0.818884222971,0.00193947763521,0.0,0.818840375607,-0.573879591759,-0.0119749881003,0.0,-0.0086932695645,0.00846119442852,-0.999926414919,0.0,0.660430226566,0.259246376299,0.303291411681,1.0,-0.00724,-0.00951542857143,0.363
0.464029169654,0.540194938291,-0.123968666423,-1.36769746024,0.0788153425985,1.89836064707,0.157724847348,-0.00535275903351,-0.0396690276057,-0.000204154642823,-0.0657364648873,-0.00259469963297,0.0234258498454,-0.00291181617884,0.573950235342,0.818876103474,0.00194972053982,0.0,0.81883228579,-0.573890995572,-0.0119816463594,0.0,-0.0086927241842,0.00847352601568,-0.999926315237,0.0,0.660301342052,0.259081194767,0.303303421317,1.0,-0.00758,-0.00996228571429,0.38
0.463928919213,0.539447146294,-0.123974598805,-1.36885369329,0.0787420395673,1.89880096062,0.157579847388,-0.0115357208567,-0.0417724918144,-0.000171152810299,-0.069039254315,-0.00201411500228,0.0269821093682,-0.00587612215998,0.573959963744,0.818869236697,0.00196980016356,0.0,0.818825773457,-0.573900728463,-0.0119604972456,0.0,-0.00866378030581,0.00847793293437,-0.999926529083,0.0,0.660165199595,0.258891027609,0.303318482452,1.0,-0.00794,-0.0104354285714,0.398
0.463828694253,0.538734752654,-0.123968650677,-1.36994128223,0.0786863622304,1.8992227111,0.157442561172,-0.00503961838127,-0.0497475980198,0.00138451037705,-0.0698645650772,-0.00731237651776,0.0340077601826,-0.00657886956721,0.573972919093,0.818860037384,0.00201847076321,0.0,0.818817081953,-0.573913354141,-0.011949692119,0.0,-0.00862686410318,0.00851172188515,-0.999926561207,0.0,0.660051894757,0.258739320855,0.30334182215,1.0,-0.00824,-0.0108297142857,0.413
0.463712244007,0.537959394496,-0.123980349378,-1.37117059102,0.0786160626326,1.89969035196,0.157296956923,-0.00687779422698,-0.0428336877832,0.000214050865639,-0.076768505955,-0.00206940908422,0.0261491607586,-0.00908788354892,0.574000556323,0.818840632574,0.00203142500733,0.0,0.81879789736,-0.573940984898,-0.0119371703158,0.0,-0.00860888777088,0.00851543287533,-0.99992668454,0.0,0.65991034254,0.258530735956,0.303348302599,1.0,-0.0086,-0.0113028571429,0.431
0.463589443508,0.537096642282,-0.123983151355,-1.37251103098,0.0785346850034,1.90019615404,0.157121520473,-0.00882367425348,-0.0456357575717,-0.00045462679044,-0.0789061559872,-0.00246702977914,0.0345304472569,-0.0149809637226,0.574017310825,0.818828840628,0.00205025137998,0.0,0.818786345401,-0.573957654259,-0.0119280595142,0.0,-0.00859044706295,0.00852579462821,-0.99992675484,0.0,0.65976748863,0.258331020738,0.303360364346,1.0,-0.00894,-0.0117497142857,0.448
0.463488984776,0.53634333653,-0.123984190356,-1.37367840757,0.0784696721616,1.90063519927,0.15697693981,-0.00914878851642,-0.0456955517695,-0.00103531732873,-0.0771540899438,-0.00216660064457,0.0308722787625,-0.00649103912674,0.5740384353,0.818814001291,0.00206227740729,0.0,0.818771637025,-0.573978701053,-0.0119249336119,0.0,-0.00858076450473,0.00853406878766,-0.999926767394,0.0,0.659624401451,0.258143058991,0.303367125411,1.0,-0.00926,-0.0121702857143,0.464
0.463367094132,0.535405652112,-0.123990343016,-1.37516040794,0.078369734031,1.90117069039,0.156810105494,-0.0128509749624,-0.0612393055938,0.000622625847459,-0.0824494761081,-0.00476563968505,0.0361042631209,-0.0118726737562,0.574050736576,0.818805387046,0.00205836884084,0.0,0.818763041156,-0.57399108576,-0.0119190102804,0.0,-0.00857802961367,0.00852759714535,-0.999926846072,0.0,0.659459718356,0.257927359493,0.303377553067,1.0,-0.0096,-0.0126171428571,0.481
0.463240681918,0.534469146446,-0.123991018043,-1.37669633059,0.0782938983146,1.90172987277,0.156619661777,-0.00882029542558,-0.0519205284453,0.000328660447013,-0.0918865190172,-0.00524613440224,0.030335737908,-0.010337740106,0.574062672319,0.818797085321,0.00203180246848,0.0,0.818754205822,-0.574002944039,-0.0119548142382,0.0,-0.00862247246446,0.00852652358709,-0.999926472979,0.0,0.65927588029,0.25769926622,0.303355760028,1.0,-0.00996,-0.0130902857143,0.499
0.463127775059,0.533661026578,-0.123996737887,-1.37799481775,0.0782272812854,1.90220234049,0.15644720728,-0.00777694214648,-0.0529817864327,0.000713269413491,-0.0860994311321,-0.00148428017698,0.0281155270367,-0.00968551461143,0.574071125369,0.818791185351,0.00202106692341,0.0,0.818748055731,-0.574011332084,-0.0119732525506,0.0,-0.0086436447484,0.00852840737835,-0.999926274119,0.0,0.659123391424,0.257499274959,0.303348873865,1.0,-0.01026,-0.0134845714286,0.514
0.462986577739,0.532654893307,-0.123999223577,-1.37959806161,0.078129166189,1.90282243284,0.156251175932,-0.00963541512948,-0.0528640839714,-0.000240812584339,-0.0872019364566,-0.00210467278602,0.0319374119134,-0.0063336423344,0.574089419899,0.818778318825,0.00203702838221,0.0,0.818735437291,-0.574029597109,-0.0119604459773,0.0,-0.00862380530313,0.00853431712817,-0.999926394998,0.0,0.658942557422,0.257253881895,0.303349063584,1.0,-0.01062,-0.0139577142857,0.532
0.462863184897,0.531669299598,-0.123999935215,-1.38116801884,0.0780313073799,1.90338512551,0.156054347814,-0.006201823474,-0.0544959398476,-0.000455385845773,-0.0858048275618,-0.00621277854599,0.0345659440363,-0.00503909787802,0.574088982493,0.818778676354,0.00201648920894,0.0,0.818735507656,-0.574029226512,-0.0119734086131,0.0,-0.00864621438119,0.00852493741527,-0.999926281492,0.0,0.658752035862,0.257021124063,0.303345350633,1.0,-0.01096,-0.0144045714286,0.549
0.462729522585,0.530720482464,-0.123994932676,-1.38271706225,0.0779498218241,1.90392475029,0.155851175638,-0.00474701444323,-0.061967408558,0.000775962474462,-0.0997072861188,-0.00193831311873,0.03583854217,-0.00868961348804,0.574090801846,0.81877750741,0.00197268759953,0.0,0.818733554764,-0.574031022488,-0.0120207498243,0.0,-0.00871010339503,0.00851627140085,-0.999925800857,0.0,0.658560822427,0.256788024038,0.303323319315,1.0,-0.01128,-0.0148251428571,0.565
0.46259297713,0.529684585987,-0.123997382146,-1.38435588403,0.0778336706348,1.90452691649,0.15563476701,-0.0139478283715,-0.060907470268,0.00103812291822,-0.100788268065,-0.00283523651266,0.0368421561679,-0.0133899986144,0.574084820123,0.818781728437,0.00196147482003,0.0,0.818737765857,-0.574025222675,-0.0120108864698,0.0,-0.00870852602956,0.00850136478808,-0.999925941443,0.0,0.658367336094,0.256537861244,0.303325286299,1.0,-0.01162,-0.015272,0.582
0.462458158221,0.528662537779,-0.124000389097,-1.38593426028,0.0777424093243,1.90512886665,0.155413550791,-0.00809071961557,-0.0637182187113,0.000943102214687,-0.0997233561845,-0.00250537739781,0.0503725739198,-0.0180913888499,0.574077305698,0.818786900781,0.00200127306623,0.0,0.818743437653,-0.574017520753,-0.0119923337888,0.0,-0.00867056694752,0.00852321995883,-0.999926085263,0.0,0.658185448208,0.256299514051,0.303346057085,1.0,-0.01194,-0.0156925714286,0.598
0.462313965818,0.527544002018,-0.124000628783,-1.38766167933,0.0776337147141,1.90579553718,0.155175384881,-0.00891174625807,-0.0688239166942,-0.000665422318412,-0.108950120036,-0.00936303710378,0.0377642380839,-0.0126105769565,0.574064839638,0.818795527908,0.00204701519289,0.0,0.818752715661,-0.574004917975,-0.0119620917544,0.0,-0.00861967640048,0.00854318001556,-0.999926354915,0.0,0.657986389826,0.256041786382,0.303369072944,1.0,-0.01228,-0.0161394285714,0.615
0.462158875358,0.526391473444,-0.124006222134,-1.38944687758,0.0775166702647,1.90647647358,0.154937949683,-0.0126900397598,-0.0613970894088,-0.000222179828983,-0.103265895435,-0.00478844478728,0.0417346298635,-0.0100333006686,0.574066257026,0.818794448935,0.00208082636602,0.0,0.818752190253,-0.574006307519,-0.0119313363087,0.0,-0.00857506957565,0.00855322339681,-0.999926652586,0.0,0.657781461429,0.255767020736,0.303389624992,1.0,-0.01262,-0.0165862857143,0.632
0.462011457579,0.525206711186,-0.12400952395,-1.39128045984,0.0773986963165,1.90712458886,0.154683350745,-0.00972173237521,-0.0690865391265,-0.000131419318451,-0.102695395462,-0.00843724652993,0.0362259381391,-0.0119224170489,0.574047489939,0.818807616135,0.00207700621119,0.0,0.818765314565,-0.573987565348,-0.011932367443,0.0,-0.00857830276136,0.00855049084698,-0.999926648224,0.0,0.657556460506,0.25549100619,0.303406593026,1.0,-0.01296,-0.0170331428571,0.649
0.46185938836,0.524109703394,-0.124015566132,-1.39306528752,0.0772894608914,1.90776447917,0.154448384552,-0.00612122736835,-0.0641760725571,0.000272242993982,-0.11668705945,-0.00585110661254,0.0457390407464,-0.0137708858516,0.574050247087,0.818805792508,0.00203343945146,0.0,0.818762898058,-0.573990477646,-0.0119580615894,0.0,-0.00862432125944,0.00852959720953,-0.999926430821,0.0,0.65733971721,0.255215847461,0.303384189269,1.0,-0.01328,-0.0174537142857,0.665
0.461694397368,0.522828129915,-0.124022190926,-1.39510298917,0.0771615984816,1.90853856684,0.154165563796,-0.00781934548616,-0.0743596125404,-0.00077234927575,-0.117379549472,-0.00977106555081,0.0528602928959,-0.0211602692847,0.574033317683,0.818817637321,0.00204301336036,0.0,0.818774930461,-0.573973572715,-0.0119456257847,0.0,-0.00860881915023,0.00853011955427,-0.99992655995,0.0,0.657098973567,0.254910375957,0.303382505116,1.0,-0.01364,-0.0179268571429,0.683
0.461535429383,0.521596627906,-0.124024676949,-1.3970602959,0.0770512183607,1.90930681933,0.15390512367,-0.0104808269973,-0.0728636607528,0.000980094243383,-0.123719445827,-0.0125164190118,0.0431447942715,-0.00666503793669,0.574027221822,0.818821816942,0.00208029055956,0.0,0.818779560748,-0.573967288828,-0.0119301784127,0.0,-0.00857483672407,0.00855171120762,-0.999926667516,0.0,0.656870568862,0.25462259109,0.303382929298,1.0,-0.01398,-0.0183737142857,0.7
0.461374746304,0.520397564978,-0.124027981449,-1.39897373468,0.0769269526016,1.91000806594,0.153651984228,-0.00718515809731,-0.0746259864849,0.000243793802079,-0.122388225046,-0.00760396382911,0.0452940894224,-0.0212044096566,0.574023909097,0.818824177865,0.00206504975037,0.0,0.818781749505,-0.573964065565,-0.0119350332625,0.0,-0.00858759478649,0.00854198395565,-0.999926641172,0.0,0.656653752563,0.254350296459,0.3033765627,1.0,-0.01428,-0.018768,0.715
0.461208362949,0.519079517876,-0.124027174827,-1.40103095682,0.0767922846862,1.91073346093,0.153366672045,-0.0106499505096,-0.081796682383,0.000562182616184,-0.121246776523,-0.00912682830775,0.0461958597782,-0.0152676049991,0.573997022271,0.818843069733,0.00204755340479,0.0,0.81880042635,-0.573937267274,-0.0119424430007,0.0,-0.00860398513446,0.00853162858215,-0.999926588682,0.0,0.656381812511,0.254023195229,0.30338435025,1.0,-0.01464,-0.0192411428571,0.733
0.461034964017,0.517716076656,-0.124034674819,-1.40315983429,0.076646048698,1.91149979851,0.153071014467,-0.0063588449432,-0.0797234068065,-0.00160981965139,-0.123784487511,-0.00674386657314,0.0411411513957,-0.0141684479962,0.573975340619,0.818858291716,0.0020379770502,0.0,0.818815642837,-0.573915746158,-0.0119334093186,0.0,-0.00860230967063,0.00851837417191,-0.9999267161,0.0,0.656120598948,0.253698696837,0.303394561671,1.0,-0.01498,-0.019688,0.75
0.460865713289,0.516466319995,-0.124038581365,-1.40515456853,0.0765100419606,1.91224218268,0.152805641794,-0.012956505621,-0.0772171008272,-0.000459406186284,-0.12713453748,-0.00718580492334,0.0500177272278,-0.0110277316327,0.573968090688,0.818863404552,0.00202545265841,0.0,0.818820711162,-0.573908666297,-0.0119261318983,0.0,-0.00860361378175,0.0085038654669,-0.999926828374,0.0,0.655880216142,0.253393494681,0.303386318476,1.0,-0.0153,-0.0201085714286,0.766
0.460681332256,0.515077726934,-0.124044250558,-1.40734904624,0.0763899475599,1.91306857394,0.152504684981,-0.00799061229531,-0.0784159394944,-0.000514179337485,-0.132574439879,-0.00658899978928,0.0485688055025,-0.0207355621152,0.573960175149,0.818868897504,0.00204766836631,0.0,0.818826377918,-0.573900545548,-0.0119278475094,0.0,-0.00859235077645,0.00852295841056,-0.999926762662,0.0,0.65561551276,0.253063726013,0.303387362728,1.0,-0.01564,-0.0205554285714,0.783
0.460485400917,0.513664650356,-0.124047569509,-1.40962369803,0.0762554018026,1.913853546,0.152190135478,-0.014591841261,-0.0838583118442,-0.000194732646686,-0.133057831086,-0.00641144645085,0.0414471394728,-0.0238669843625,0.573947535939,0.818877918256,0.00198188886699,0.0,0.818834333935,-0.573887978324,-0.0119861922955,0.0,-0.00867801307827,0.0085024478821,-0.999926197511,0.0,0.655308883885,0.252697740663,0.303358642043,1.0,-0.016,-0.0210285714286,0.801
0.460308229377,0.51234398967,-0.124051369522,-1.41176555944,0.0761237474227,1.91461411876,0.151899592822,-0.00794596190434,-0.0859888552145,-0.000954172717326,-0.132465973625,-0.00638106715063,0.0467549053497,-0.0170169988623,0.573926384387,0.818892852513,0.00193605518057,0.0,0.81884867011,-0.573867024337,-0.0120100265875,0.0,-0.00872405467063,0.00847837058051,-0.999926001313,0.0,0.655040399706,0.252368563791,0.303336781325,1.0,-0.01632,-0.0214491428571,0.817
0.46009628675,0.510807742166,-0.124051755797,-1.41420495584,0.0759719466671,1.91555095812,0.151552569763,-0.0100173154703,-0.0844631603997,0.00116328831854,-0.140394375411,-0.00585255799797,0.0545860169274,-0.0178981461829,0.573911083213,0.818903528024,0.00195633738372,0.0,0.818859626284,-0.573851654081,-0.0119974352134,0.0,-0.00870226212539,0.00848759015041,-0.999926112994,0.0,0.654763747047,0.252019563067,0.303331133512,1.0,-0.01666,-0.021896,0.834
0.459892097677,0.509310421924,-0.124059594827,-1.41656214331,0.0758255644783,1.91641542217,0.151216560514,-0.0160932003886,-0.0870929359869,-8.58113257363e-05,-0.136334185374,-0.00398811644617,0.0436259093288,-0.0145851210648,0.573891851037,0.818917004605,0.0019569832574,0.0,0.818873111424,-0.573832421678,-0.0119969212399,0.0,-0.00870166989861,0.00848761971909,-0.999926117897,0.0,0.65447408219,0.251656340472,0.303332371484,1.0,-0.017,-0.0223428571429,0.851
0.459679694603,0.507787157267,-0.12406912429,-1.41894457108,0.0756761176175,1.91726691561,0.150883233908,-0.0116068287674,-0.0956261305028,-0.000818078412272,-0.13918078435,-0.00788721166019,0.0539453468112,-0.0187365133503,0.573882638515,0.818923483844,0.00194723414653,0.0,0.818879452613,-0.573823241273,-0.0120031980613,0.0,-0.00871250030677,0.0084831403328,-0.999926061601,0.0,0.654178107479,0.251282841318,0.303338139358,1.0,-0.01734,-0.0227897142857,0.868
0.459465295857,0.506226063466,-0.12407557487,-1.42138025038,0.0755163738628,1.91816576442,0.150560537585,-0.0114928464628,-0.0983936533463,-0.00180021687421,-0.141230337402,-0.0132677911392,0.0534439628398,-0.0106431131469,0.573881213523,0.81892445157,0.00196017514286,0.0,0.818880667758,-0.573821838014,-0.0119873721697,0.0,-0.00869212822691,0.00848464057322,-0.999926226169,0.0,0.653879200485,0.250905631888,0.303348469041,1.0,-0.01768,-0.0232365714286,0.885
0.459234174781,0.50450484506,-0.124079316264,-1.42399482218,0.0753534036395,1.91917757272,0.150180051917,-0.0117736105836,-0.100780002666,-0.00231462909553,-0.147657341692,-0.0107946852601,0.0596644253216,-0.0333962189119,0.57385246018,0.818944361236,0.00205767978523,0.0,0.818901912273,-0.573792743323,-0.0119286498405,0.0,-0.00858838414816,0.00853048720685,-0.999926732539,0.0,0.653566866311,0.250507104867,0.303394616074,1.0,-0.01804,-0.0237097142857,0.903
0.459033877926,0.503029674034,-0.124082531993,-1.42617798696,0.0752191294812,1.92001283258,0.149883438314,-0.0127103795341,-0.101229025708,-0.000476400646626,-0.147540369025,-0.0114279168491,0.0512117602263,-0.0164941052359,0.573851761706,0.818944572834,0.0021654360004,0.0,0.81890355851,-0.573791639445,-0.0118685830767,0.0,-0.00847736584069,0.00858425582752,-0.999927219762,0.0,0.653305995371,0.250169727657,0.303458236582,1.0,-0.01834,-0.024104,0.918
0.458795609029,0.501235193009,-0.124088647987,-1.42887112173,0.0750429605789,1.92097514099,0.149507158045,-0.00998530590294,-0.0958396358039,-3.52666019717e-05,-0.151878941961,-0.0136641518522,0.0547289978162,-0.0281716745297,0.57383281452,0.818957715898,0.00221527696024,0.0,0.818917384754,-0.573772532542,-0.0118382747997,0.0,-0.00842414360925,0.00860748508292,-0.999927469872,0.0,0.652967585539,0.249751633428,0.303512563348,1.0,-0.0187,-0.0245771428571,0.936
0.458542382606,0.499521421163,-0.124083723504,-1.43147300142,0.0748827971985,1.92190712702,0.149138656448,-0.0175768592849,-0.10187806794,0.000479870605816,-0.156681063757,-0.00287631559722,0.0615152386672,-0.0315487456539,0.573823931922,0.818963828575,0.00225600109596,0.0,0.818923921497,-0.573763383399,-0.0118295212057,0.0,-0.00839370075979,0.0086357218998,-0.999927482418,0.0,0.652642143899,0.249340614399,0.303550372642,1.0,-0.01904,-0.025024,0.953
0.458332265544,0.498053947581,-0.12408645856,-1.43379900655,0.0747355179946,1.92278249134,0.148800565423,-0.0123164802178,-0.100564290999,0.000558544124455,-0.15809283228,-0.0157524372971,0.0592633307148,-0.0269159074994,0.573799526172,0.818980900958,0.00226595054521,0.0,0.818941143745,-0.57373896307,-0.0118216850762,0.0,-0.00838183155459,0.00863912375633,-0.999927552596,0.0,0.652354719972,0.248981007772,0.303542580148,1.0,-0.01934,-0.0254182857143,0.968
0.458059629036,0.496378218547,-0.124086308565,-1.43648010889,0.0745695955788,1.92372572293,0.148405752769,-0.0194646585113,-0.0993029374792,-0.000407517706468,-0.161714633842,-0.0119349190687,0.0563191798093,-0.0185695429584,0.573789963715,0.818987743363,0.00221374369051,0.0,0.818947180431,-0.573729476802,-0.0118638110781,0.0,-0.00844638847236,0.00862044085177,-0.999927170609,0.0,0.652015283631,0.248544764196,0.303516219886,1.0,-0.01968,-0.0258651428571,0.985
0.457783746348,0.494604120431,-0.124096838241,-1.43936439034,0.0743903518788,1.92472799879,0.147999371584,-0.0117733113783,-0.104078033295,-0.00427690081472,-0.160647039059,-0.00869067027822,0.0614211381111,-0.0199737320734,0.573787304262,0.818989855777,0.00211955261557,0.0,0.818947957528,-0.573727086657,-0.0119255942091,0.0,-0.00855106056866,0.00857872300538,-0.999926639747,0.0,0.651643572024,0.248079401676,0.30346653441,1.0,-0.0206942857143,-0.0271982040816,1.003
0.457534148823,0.49289628104,-0.124139720128,-1.44204493514,0.0742260168739,1.92571189564,0.14761879791,-0.0161479781216,-0.124463443774,-0.004230903135,-0.198589977667,-0.0111110007095,0.0699404043158,-0.0288518703791,0.573801113721,0.818980180058,0.00211977976761,0.0,0.818938404019,-0.573741013132,-0.0119116403255,0.0,-0.00853935715616,0.00857104656399,-0.999926805591,0.0,0.651314493937,0.247636655392,0.30346627586,1.0,-0.0260514285714,-0.0342390204082,1.018
0.457203738715,0.490508455234,-0.124157819835,-1.44580836271,0.0740155474879,1.92712002836,0.147069677514,-0.0241597991552,-0.152701467298,0.000321538243597,-0.236383266963,-0.0139031467608,0.0852576778657,-0.0278754335388,0.573766874972,0.819004078179,0.00215406885079,0.0,0.8189625736,-0.573706463063,-0.0119140330771,0.0,-0.00852200253112,0.00860014487618,-0.999926703804,0.0,0.650839994266,0.247057803172,0.303458942528,1.0,-0.0321228571429,-0.0422186122449,1.035
0.456723432968,0.487412159609,-0.12418275055,-1.45074963387,0.0737220216702,1.92891350618,0.146340616431,-0.031347830457,-0.189509874943,-0.00327820785563,-0.289477310027,-0.0182980681033,0.110830324971,-0.0443314556696,0.573747435903,0.819017807749,0.0021112284095,0.0,0.818975573616,-0.573687029619,-0.0119561184781,0.0,-0.00858125480581,0.0085890021828,-0.999926292837,0.0,0.650213774483,0.246260374301,0.303415630407,1.0,-0.0385514285714,-0.0506675918367,1.053
0.456225721484,0.48413017924,-0.124258495607,-1.45581835457,0.0734184013922,1.93081039011,0.145571406654,-0.0307033685047,-0.216308274568,-0.00482862242643,-0.333032833177,-0.00926098177763,0.113491743564,-0.0534206582864,0.573748146274,0.819017093031,0.00219382558236,0.0,0.818976111614,-0.573687581844,-0.0118926004414,0.0,-0.00848183585036,0.00862021416845,-0.99992687251,0.0,0.649593787813,0.245414876881,0.303448571213,1.0,-0.0442657142857,-0.0581777959184,1.069
0.455588790565,0.480180048238,-0.124329556733,-1.4620626201,0.0730493413332,1.93296942244,0.144636292533,-0.0363067713795,-0.246703039636,-0.00323321941306,-0.381025775576,-0.0210024151815,0.13454625623,-0.0544224096248,0.573760701884,0.8190085947,0.00207982727454,0.0,0.818965889474,-0.573700362804,-0.0119796701416,0.0,-0.00861842107699,0.00857693667525,-0.999926076755,0.0,0.64878625313,0.244359566736,0.303405388348,1.0,-0.0503371428571,-0.0661573877551,1.086
0.454867442861,0.475666992106,-0.124423398233,-1.46901052612,0.0726287442862,1.93548152669,0.143634060573,-0.0442384248985,-0.278844081734,-0.00778894531633,-0.425721029514,-0.0227873178389,0.159336938506,-0.0602639184423,0.573821619205,0.818965771323,0.00213579855413,0.0,0.818923869743,-0.573761114835,-0.0119425947505,0.0,-0.00855530287803,0.00860214109204,-0.999926402272,0.0,0.647911609315,0.243176593377,0.303444207399,1.0,-0.0564085714286,-0.0741369795918,1.103
0.454090707671,0.471003404296,-0.124459351953,-1.47621342977,0.0721922243486,1.9380733587,0.142564142456,-0.0479381677722,-0.297952271368,-0.000702534915781,-0.463030135096,-0.0276388075876,0.160074714437,-0.0679561335226,0.573834805942,0.81895640139,0.00218518036138,0.0,0.818914906882,-0.573773859153,-0.0119449044087,0.0,-0.00852872076491,0.00864404510018,-0.999926267985,0.0,0.646986334162,0.241967661385,0.303466080825,1.0,-0.0621228571429,-0.0816471836735,1.119
0.453126247703,0.465185697605,-0.124502319006,-1.48498741851,0.0716237573024,1.94133343941,0.141146280422,-0.0534041501193,-0.32428023565,-0.000709029612772,-0.507637400378,-0.0354284804352,0.18141305799,-0.0786077789589,0.573755785784,0.819011075843,0.00242957341389,0.0,0.818972965969,-0.573694100361,-0.0117943683089,0.0,-0.00826604549065,0.00875701060132,-0.999927491,0.0,0.645877195535,0.240488162539,0.303588604018,1.0,-0.0685514285714,-0.0900961632653,1.137
0.452098619492,0.459238335928,-0.124556270548,-1.49421967719,0.0710347173111,1.94448624877,0.139774662294,-0.0599756646565,-0.364764448058,-0.00434310447473,-0.555879714779,-0.0443788527547,0.185045542447,-0.0840968796297,0.573783221691,0.818992185311,0.00231555745875,0.0,0.818952253893,-0.57372161891,-0.0118935587844,0.0,-0.00841240829097,0.00872082337943,-0.999926586618,0.0,0.644639533928,0.23890154203,0.303565813462,1.0,-0.0746228571429,-0.098075755102,1.154
0.45110774893,0.453635029517,-0.124625344273,-1.50289252664,0.070439304261,1.94749421197,0.138416977366,-0.0719572403424,-0.386584011168,-0.00454195002916,-0.575062899987,-0.0390048186565,0.210071191951,-0.0857058190202,0.573768528682,0.819002703849,0.00223461051897,0.0,0.818961882222,-0.573707419381,-0.0119155073579,0.0,-0.00847698331785,0.00866697082791,-0.999926509485,0.0,0.643484949093,0.23738272044,0.303552432671,1.0,-0.07998,-0.105116571429,1.169
0.449831272991,0.446289970878,-0.124693355781,-1.51376239367,0.0697239189612,1.95157739803,0.13671787898,-0.0714707606368,-0.409958498466,-0.00369105735309,-0.63199801863,-0.0392647437195,0.218655058379,-0.0947329614252,0.573769809167,0.81900044677,0.00268722553159,0.0,0.818965939302,-0.57370747265,-0.0116306917048,0.0,-0.00798401405133,0.00887425679849,-0.999928749005,0.0,0.642092912513,0.235500045507,0.303771260406,1.0,-0.0864085714286,-0.11356555102,1.187
0.448507920819,0.439078717367,-0.124726728505,-1.52496323672,0.0689603886325,1.955363149,0.134958355369,-0.0797275591522,-0.429912918839,-0.00768822370114,-0.676436795361,-0.0487420690626,0.223802997116,-0.105526975438,0.573724095784,0.819033061492,0.00250060012556,0.0,0.818995817864,-0.573662088396,-0.0117645892653,0.0,-0.00820124597228,0.00879777876799,-0.999927666711,0.0,0.640537389676,0.233545173683,0.303702828745,1.0,-0.09248,-0.121545142857,1.204
0.447155877631,0.431737376373,-0.124745253231,-1.53593313548,0.0682315092281,1.95928728068,0.133158974917,-0.0875751770093,-0.467918340817,0.000413540207707,-0.698681114842,-0.0515182960627,0.262178662146,-0.10952339638,0.573649664087,0.819084397351,0.00274951085879,0.0,0.819050272307,-0.573586653806,-0.0116511334652,0.0,-0.00796633227631,0.00893582845856,-0.999928341692,0.0,0.639052172261,0.231627601167,0.303830836623,1.0,-0.0981942857143,-0.129055346939,1.22
0.445592691003,0.423708751289,-0.124793131118,-1.54827950805,0.0673443363975,1.96353923414,0.131131604523,-0.0972582341761,-0.482714153435,-0.00500368129072,-0.741167128301,-0.0512327648457,0.247136263893,-0.130448993089,0.57358549228,0.819129649896,0.00265454490536,0.0,0.819094415341,-0.573522957261,-0.0116834563692,0.0,-0.00804797802949,0.00887595486996,-0.999928221161,0.0,0.637334190649,0.229408797003,0.303787969884,1.0,-0.104265714286,-0.137034938775,1.237
0.443789206608,0.414659022775,-0.124920410274,-1.56195003607,0.0663579385693,1.96826530676,0.128929731629,-0.102865102614,-0.517616421617,-0.00549592469091,-0.78363545605,-0.0491951776764,0.278987926067,-0.116920675753,0.573649234912,0.819084899862,0.00268868068993,0.0,0.819050585966,-0.573587102943,-0.0116068887386,0.0,-0.00796498808319,0.00886061893355,-0.99992902168,0.0,0.635440349609,0.226871583064,0.303833423195,1.0,-0.110694285714,-0.145483918367,1.255
0.442161412453,0.40683549989,-0.12496124888,-1.57389641734,0.0655856046262,1.97231962999,0.126921552064,-0.110190705027,-0.532767884074,-0.0020771125512,-0.792275473906,-0.0597727009852,0.269317227772,-0.127775167919,0.573642775323,0.81908954079,0.00265280788391,0.0,0.819053970841,-0.573579894418,-0.0117236714075,0.0,-0.00808129495357,0.00889816355161,-0.999927755069,0.0,0.633732564629,0.224677743396,0.303791657034,1.0,-0.116051428571,-0.152524734694,1.27
0.439911887582,0.39636442691,-0.125100140357,-1.58952887278,0.0644838864644,1.97765304445,0.124254569573,-0.121656812124,-0.564723678573,-0.00812696385148,-0.80848978855,-0.0701744997669,0.291424325944,-0.135479297172,0.573718105475,0.819036396763,0.00276823562896,0.0,0.819002409788,-0.573654904269,-0.011655491063,0.0,-0.00795841268214,0.00895433030065,-0.999928239243,0.0,0.63151941258,0.221681614993,0.303874538529,1.0,-0.122837142857,-0.161443102041,1.289
0.438034603308,0.387873541088,-0.125173478804,-1.60244059839,0.063482671008,1.98201674006,0.122054989957,-0.126094516634,-0.581409767852,-0.00303028652924,-0.896049272292,-0.0707198352573,0.294109968237,-0.152882908566,0.573723245745,0.819033172467,0.00265454150943,0.0,0.81899815487,-0.573660932725,-0.0116577650632,0.0,-0.00802544406003,0.00886256604032,-0.999928521031,0.0,0.629644845081,0.219210289606,0.303813003853,1.0,-0.128194285714,-0.168483918367,1.304
0.435901725666,0.378366210635,-0.125243545128,-1.61649225784,0.0624506480797,1.98669750285,0.119526970166,-0.137957616579,-0.598279883234,-0.00697730771239,-0.879016404702,-0.0711152877161,0.299408202319,-0.153329294126,0.573691974596,0.819054770376,0.00274741872241,0.0,0.819020829466,-0.573629203136,-0.0116260530906,0.0,-0.00794652762735,0.00892013825551,-0.99992863937,0.0,0.627443950837,0.216308158028,0.303897282378,1.0,-0.134265714286,-0.176463510204,1.321
0.433309842925,0.367430207636,-0.125353753255,-1.63291954043,0.0612185022781,1.99211242167,0.116629228955,-0.147683985269,-0.615892791602,-0.00704893945577,-0.909774338538,-0.0652583235151,0.294981709273,-0.147854945983,0.573767643227,0.819002110824,0.00264214943429,0.0,0.818966775088,-0.573705194529,-0.0116840906219,0.0,-0.00805363508467,0.00886795647654,-0.999928246581,0.0,0.625127699035,0.213231960032,0.30384237368,1.0,-0.140337142857,-0.184443102041,1.338
0.430712166931,0.356648158671,-0.125498334713,-1.64881364046,0.0599610085906,1.99737794965,0.113682742835,-0.163710840465,-0.630491634718,-0.00787700398787,-0.955365716589,-0.0707095510645,0.30098044899,-0.184932263329,0.573787329848,0.818988135649,0.0026982721882,0.0,0.818954136302,-0.573725359997,-0.0115793277081,0.0,-0.00793541761055,0.00885400316344,-0.99992931539,0.0,0.62274916983,0.21001294728,0.303896466407,1.0,-0.146408571429,-0.192422693878,1.355
0.428079830688,0.346189257242,-0.125607570978,-1.66427449187,0.0588565112864,2.00233854181,0.110761365327,-0.166952078012,-0.674950854054,-0.00729959052792,-0.963134995419,-0.0768488584773,0.319978694784,-0.189154679525,0.573844114255,0.818948410124,0.00267973705493,0.0,0.818913317748,-0.573781253165,-0.0116960862196,0.0,-0.00804106314408,0.00890637407458,-0.999928006311,0.0,0.620367063332,0.206858330568,0.303887067308,1.0,-0.152122857143,-0.199932897959,1.371
0.425165768501,0.334791353664,-0.125690713881,-1.68103971701,0.057535778037,2.00779364959,0.107601187488,-0.173838122824,-0.679235172445,-0.00148283837042,-1.00308166242,-0.0819072395727,0.311087787042,-0.190468096325,0.57386952018,0.818930505298,0.00271075685117,0.0,0.818895825882,-0.573806558449,-0.0116793293921,0.0,-0.00800926326421,0.00892241040874,-0.999928118564,0.0,0.617760772922,0.203427198082,0.303887497263,1.0,-0.158194285714,-0.207912489796,1.388
0.422132235292,0.322959486656,-0.125702954114,-1.69818295737,0.0560829293659,2.01326327879,0.104244793495,-0.18813093003,-0.707582547621,-0.0010628133219,-1.01615866493,-0.0820402588133,0.323919342127,-0.20984064192,0.573723734626,0.819032454057,0.00276810939727,0.0,0.818998911377,-0.573661035411,-0.01159941879,0.0,-0.0079124962743,0.00892211222893,-0.99992889163,0.0,0.614859278158,0.199708516038,0.303958283213,1.0,-0.164622857143,-0.216361469388,1.406
