position_joint1,position_joint2,position_joint3,position_joint4,position_joint5,position_joint6,position_joint7,velocity_joint1,velocity_joint2,velocity_joint3,velocity_joint4,velocity_joint5,velocity_joint6,velocity_joint7,ee_T_00,ee_T_10,ee_T_20,ee_T_30,ee_T_01,ee_T_11,ee_T_21,ee_T_31,ee_T_02,ee_T_12,ee_T_22,ee_T_32,ee_T_03,ee_T_13,ee_T_23,ee_T_33,v_x,v_y,time
0.465083227977,0.547862665608,-0.123950452205,-1.35585654426,0.0794640718213,1.89409775086,0.159172792646,-0.000125500635065,-0.000353612446613,-0.000351212448909,-0.000956477292117,-0.000290144176375,0.000164078571856,0.00105642336494,0.573774357479,0.818999601365,0.00184026191443,0.0,0.818955124177,-0.573716346168,-0.0119501307613,0.0,-0.00873153209725,0.00836393155559,-0.999926899826,0.0,0.661659730271,0.260908916652,0.303143884547,1.0,0.0,0.0,0.0
0.465084958172,0.547860220715,-0.123950865769,-1.35585460204,0.0794619417723,1.89409420565,0.159171622187,0.000700231729042,-0.00286410433496,-0.000262049013766,-0.000280515737196,0.000264373266141,-4.11726928975e-05,0.00233441412258,0.573771571449,0.81900155406,0.00183987675749,0.0,0.81895709098,-0.573713580441,-0.0119481234051,0.0,-0.00873013743692,0.00836243466184,-0.999926924523,0.0,0.661659296788,0.260909499054,0.303146242753,1.0,-0.00028,-0.000368,0.015
0.465079136715,0.547855187099,-0.123948459813,-1.35585796622,0.0794618891989,1.89409497541,0.159173922377,8.88998532963e-05,-0.000692548221165,-0.00252688628145,0.00150160207573,-0.0025793980956,-0.000119041386443,0.00104240897267,0.573776708366,0.818997948897,0.00184269934501,0.0,0.818953508711,-0.573718691407,-0.0119482467995,0.0,-0.00872856661677,0.00836487186316,-0.999926917851,0.0,0.661659781972,0.260906750783,0.303148194582,1.0,-0.00062,-0.000814857142857,0.032
0.465081155791,0.547829485575,-0.123950898218,-1.35588725889,0.0794619018554,1.89410184932,0.159168843525,-0.00283467627649,-0.00322168674858,-0.000307220889178,-0.00343437267678,0.000342944289614,0.000656143944203,0.000951997252923,0.573774204042,0.818999695411,0.00184623777589,0.0,0.818955291869,-0.573716163258,-0.011947419696,0.0,-0.00872588463905,0.00836726851889,-0.999926921207,0.0,0.661655150766,0.260904005983,0.303153138176,1.0,-0.00092,-0.00120914285714,0.047
0.465086065775,0.547725918101,-0.123948473085,-1.35600584749,0.0794593539029,1.89412265001,0.159169977504,0.000664854160038,-0.0102057255661,0.000687121257096,-0.00577226852535,0.000240198265822,0.000596052114491,0.00117032601072,0.573775175894,0.81899899296,0.00185579079934,0.0,0.818954628652,-0.573717012535,-0.0119520976585,0.0,-0.00872422516113,0.00837778669957,-0.999926847617,0.0,0.661633157765,0.260896943658,0.303171786236,1.0,-0.00128,-0.00168228571429,0.065
0.465074749423,0.547588245765,-0.123948469537,-1.3561961652,0.0794566951394,1.89415210907,0.159158887314,-0.000479769560952,-0.0033046274592,-0.00110648324205,-0.0166676873169,-2.93676760669e-05,-0.000841203341832,-0.000620568827934,0.573784998037,0.81899214098,0.00184280832975,0.0,0.818947470703,-0.573726757803,-0.0119747447531,0.0,-0.0087501218617,0.00838025346113,-0.999926600666,0.0,0.661602134218,0.260870240894,0.303181284449,1.0,-0.00162,-0.00212914285714,0.082
0.465056624432,0.547439920719,-0.123949418649,-1.35639053339,0.0794534599695,1.89424948933,0.159154637406,-0.00247614358905,-0.00536448963478,4.10189717885e-07,-0.0144078568282,0.000135720606583,0.00816457723541,-0.00139111524616,0.573807192322,0.818976483092,0.00189026001534,0.0,0.818932394219,-0.573748711299,-0.0119539483815,0.0,-0.00870563596723,0.0084074185869,-0.999926760926,0.0,0.66158604113,0.260842676884,0.303202324393,1.0,-0.00194,-0.00254971428571,0.098
0.465039235785,0.547209408708,-0.123948091579,-1.35664782924,0.0794493835731,1.89440392,0.159142678243,-0.00130468232737,-0.0107896717401,-0.000759626733836,-0.01395524828,0.000241905219246,0.00650256984864,-0.00354263931704,0.573824337463,0.818964198245,0.00200465165837,0.0,0.818921572098,-0.573765350258,-0.0118965750358,0.0,-0.00859283481386,0.00846835981775,-0.999927222388,0.0,0.661568401859,0.26081428045,0.303256499948,1.0,-0.00234,-0.00307542857143,0.118
0.465016241308,0.5470430668,-0.123948088655,-1.35687921322,0.0794453049446,1.89450791734,0.159124413373,-0.00312990230744,-0.0090444607749,-0.00123753252905,-0.0220610432015,2.06804857682e-05,0.0164369854977,-0.00612691573341,0.573840174834,0.818953007004,0.0020427840449,0.0,0.818910813374,-0.573780966537,-0.011883984184,0.0,-0.00856047879467,0.0084925290131,-0.999927294934,0.0,0.661546693083,0.260780197344,0.303273213237,1.0,-0.00262,-0.00344342857143,0.132
0.464981114054,0.546816954488,-0.12394355381,-1.35721886532,0.0794345499975,1.89462843378,0.159094711971,-0.000184567802393,-0.0141689564346,0.00103460919764,-0.0235784455845,-0.00256432212723,0.00848849055911,-0.00476359676347,0.573857552659,0.818940798671,0.00205534189707,0.0,0.818898650262,-0.573798173634,-0.0118913176077,0.0,-0.0085590985013,0.00850720291558,-0.999927182014,0.0,0.661507499519,0.26072867854,0.303281992345,1.0,-0.00294,-0.003864,0.148
0.464937106515,0.546515293057,-0.123946296227,-1.35764698471,0.0794207865873,1.89479505222,0.158955814912,-0.0046128608715,-0.0118890352351,-0.000480110202591,-0.0234020752337,-2.68158296119e-06,0.00425449518957,-0.00739587460252,0.573802068937,0.818979570084,0.0020967524242,0.0,0.818937868945,-0.573742437188,-0.011879792845,0.0,-0.00852647595192,0.00853392397947,-0.999927233027,0.0,0.661463329909,0.260660214187,0.30330639286,1.0,-0.0033,-0.00433714285714,0.166
0.464894113784,0.546250143046,-0.123946305008,-1.35809735408,0.0793995923752,1.89495212929,0.158941727361,-0.00318448765063,-0.019166031003,0.000602931942218,-0.0280140855061,-0.00662730030661,0.00773558240202,-0.00149062438357,0.573853826215,0.818943380252,0.00206711898438,0.0,0.818901241976,-0.573794257161,-0.0119018167286,0.0,-0.00856097784608,0.00852283346317,-0.999927032822,0.0,0.661407568316,0.260581097039,0.303288992429,1.0,-0.00364,-0.004784,0.183
0.464844055161,0.545930931424,-0.123946539811,-1.35864532636,0.0793463613113,1.89513492954,0.158889026171,-0.00144410039475,-0.0187271428318,0.0014972687727,-0.0298510582832,-0.0049124296451,0.0170560606507,-0.00178885149565,0.573859692269,0.818939376954,0.00202419465863,0.0,0.818896813892,-0.573800431484,-0.0119088171898,0.0,-0.00859128096993,0.00849176021718,-0.999927037288,0.0,0.661345793374,0.260498704305,0.303274393126,1.0,-0.00396,-0.00520457142857,0.199
0.464775629254,0.545579551815,-0.123951723417,-1.35925438213,0.0792666147369,1.89534383561,0.158770903799,0.00048762747915,-0.0162689446699,-0.000114306239452,-0.0349521585039,-0.0014409487653,0.0146456582973,-0.00359653771182,0.573835397721,0.818956562788,0.0019574192386,0.0,0.818913515532,-0.573776794115,-0.0118992233066,0.0,-0.00862199128361,0.0084313149377,-0.999927284454,0.0,0.661280288684,0.260384030224,0.303251449353,1.0,-0.0043,-0.00565142857143,0.216
0.464704476401,0.54516385405,-0.123954782238,-1.35998754897,0.0792589058832,1.89557668565,0.158729966208,-0.00313995334303,-0.0265789630022,-0.00151750371124,-0.0453496847535,-0.00121449991564,0.00690716504924,-0.00062445959793,0.573900980333,0.81891073201,0.00190385748919,0.0,0.818866610913,-0.573842227542,-0.0119715630952,0.0,-0.00871129539447,0.00842965942332,-0.999926524388,0.0,0.661188837369,0.260268187015,0.303217081347,1.0,-0.00466,-0.00612457142857,0.234
0.464648477375,0.544791423792,-0.12395266214,-1.36062166948,0.0792381558288,1.89579770366,0.158627165831,-0.0046640712711,-0.0196511341791,0.00101368031544,-0.0409177911942,-0.00299793012627,0.0134496218503,-4.26716570687e-05,0.573890987694,0.818917792308,0.00187898514385,0.0,0.818873144852,-0.573832147674,-0.0120077407012,0.0,-0.00875529899177,0.00842994694749,-0.999926137639,0.0,0.661112176257,0.260173648094,0.303197970253,1.0,-0.00496,-0.00651885714286,0.249
0.464570645193,0.544300864315,-0.123960350064,-1.3614328719,0.0792033434959,1.89608744618,0.158524818031,-0.00815523832862,-0.0327743216744,-0.0010430816537,-0.0449254685072,0.000286095734524,0.0182437842814,-0.00391138404704,0.573912224952,0.818902957315,0.00185780874928,0.0,0.818857918463,-0.57385336346,-0.0120321867271,0.0,-0.00878725267616,0.00842686270413,-0.999925883341,0.0,0.661020237722,0.260041920685,0.303184408791,1.0,-0.00532,-0.006992,0.267
0.464500411104,0.543788256433,-0.123953694706,-1.36225722548,0.0791569054358,1.89637204724,0.158423357737,-0.00489490919026,-0.0284852757341,0.000820529807317,-0.0463923530251,-0.00184934263617,0.0137130638291,-0.0112197667871,0.573915420021,0.818900762447,0.00183815846003,0.0,0.818855364239,-0.573856545592,-0.012054229149,0.0,-0.00881654792255,0.00842345607801,-0.999925654172,0.0,0.660920096599,0.259920031699,0.303179192414,1.0,-0.00566,-0.00743885714286,0.284
0.464427565692,0.5432713902,-0.12396971308,-1.36307013405,0.0791094219932,1.89664891049,0.158321519929,-0.00407135891273,-0.0316652013015,-0.00219960977067,-0.0531366567829,-0.00459714121105,0.0200527527171,0.00097748476914,0.573935318021,0.818886859015,0.00181927532048,0.0,0.818841241507,-0.573876550202,-0.0120612286448,0.0,-0.00883291225692,0.00841222472141,-0.999925604301,0.0,0.660826980409,0.259784009052,0.303182448618,1.0,-0.00598,-0.00785942857143,0.3
0.46435193526,0.542678792422,-0.123959764275,-1.36402194098,0.0790544562764,1.89699716137,0.158199528176,-0.00362044594098,-0.0300438352783,0.00118643030228,-0.0581705472948,-0.00183854668884,0.0168545267021,-0.00734743468011,0.573928643454,0.818891550834,0.00181303510669,0.0,0.818845760034,-0.573869816671,-0.0120748370186,0.0,-0.0088477062337,0.00841485295191,-0.999925451393,0.0,0.660713151721,0.259649339731,0.303178435182,1.0,-0.00634,-0.00833257142857,0.318
0.464277885818,0.542072001568,-0.123962933191,-1.36494632072,0.0790004014415,1.89734182547,0.158066495548,-0.00910780465775,-0.0330493332798,0.00121051178584,-0.0550044001411,-0.00331850031377,0.020799277279,-0.0129675209008,0.573919476494,0.818897923515,0.00183637258978,0.0,0.818852432662,-0.573860543194,-0.012063058887,0.0,-0.00882476200598,0.00842710485167,-0.999925550968,0.0,0.660607708071,0.259511473246,0.30319754811,1.0,-0.00668,-0.00877942857143,0.335
0.464210328411,0.541502398972,-0.123965713718,-1.3658055489,0.0789427504341,1.89766612492,0.15795365323,-0.0106118766669,-0.0369402292374,-0.00311421472875,-0.0562503567244,-0.00502954198766,0.0198817934567,-0.00920737927028,0.573916634404,0.818899857539,0.00186198240749,0.0,0.818854771562,-0.573857656722,-0.0120415868068,0.0,-0.00879251014243,0.00843572256576,-0.999925762419,0.0,0.660510540077,0.259383409124,0.303219504716,1.0,-0.00698,-0.00917371428571,0.35
0.464124580821,0.540817876292,-0.123969015427,-1.36686169895,0.0788852243291,1.89805385651,0.15782704401,-0.00487817473667,-0.0429332085272,-0.000971004106457,-0.0617436200595,-0.00775262276402,0.0283877029993,-0.00194137299171,0.573928629042,0.818891414169,0.00187815525488,0.0,0.818846485244,-0.573869527477,-0.0120393495461,0.0,-0.00878127297355,0.00844781085528,-0.999925759113,0.0,0.660388267153,0.259225489836,0.303234429139,1.0,-0.00732,-0.00962057142857,0.367
0.46403002139,0.540044882147,-0.123968667071,-1.36803623714,0.07882045953,1.89848196702,0.157670728212,-0.00497623563847,-0.0420719415043,0.00022273030302,-0.0650332163388,-0.00103757599963,0.0178173987103,-0.00815661529663,0.57392544531,0.818893584147,0.00190472314092,0.0,0.818848923888,-0.573866153493,-0.0120343103089,0.0,-0.00876193205363,0.00846664040637,-0.999925769518,0.0,0.660250672323,0.259052557715,0.303258795244,1.0,-0.00768,-0.0100937142857,0.385
0.463942266031,0.539391349528,-0.123970801186,-1.36905110327,0.0787659864403,1.89888166319,0.157540235232,-0.000195410299593,-0.0446613314452,0.000193799640192,-0.0712314998507,-0.000769349019608,0.020389759223,-0.010621971495,0.573933661071,0.818887744835,0.00193931696341,0.0,0.818843509058,-0.573874192877,-0.0120193729223,0.0,-0.00872976130448,0.00848648320364,-0.999925882689,0.0,0.660139196585,0.258899804167,0.303272256534,1.0,-0.00798,-0.010488,0.4
0.463819919395,0.538581467665,-0.123972575933,-1.37030772345,0.0786905585983,1.89935938752,0.15739269201,-0.00748720284016,-0.0479296663359,9.44669335408e-05,-0.0713820868488,-0.00746272621658,0.0356383040377,-0.00855063272019,0.573963558166,0.81886673006,0.00196448472918,0.0,0.818822835586,-0.573903991151,-0.0120049891569,0.0,-0.00870322815278,0.00849915488371,-0.999926006355,0.0,0.660001287327,0.258699700549,0.303287729369,1.0,-0.00834,-0.0109611428571,0.418
0.463707245524,0.53780511279,-0.123975358334,-1.37153711254,0.0786177814371,1.8998347812,0.157233978103,-0.00480098949175,-0.0463976581352,-0.000349116114165,-0.069324011967,-0.00445733612295,0.0293014032064,-0.0103117453118,0.573976276884,0.818857772758,0.00198203683135,0.0,0.818814122946,-0.573916649011,-0.0119941215839,0.0,-0.00868412294621,0.00850742479524,-0.999926102136,0.0,0.659865638354,0.258508471722,0.303292181261,1.0,-0.00868,-0.011408,0.435
0.463598916641,0.537020602051,-0.123980429782,-1.37276220775,0.0785476957672,1.90028862563,0.157087129359,-0.00681331874542,-0.0484801571166,-4.76120800611e-05,-0.0721146210995,-0.00822351346366,0.0375061316574,-0.0105384144287,0.573996985802,0.81884322828,0.00199366283201,0.0,0.818799708569,-0.573937284985,-0.0119907069211,0.0,-0.00867443874145,0.00851520412023,-0.999926119977,0.0,0.659725883245,0.258318390249,0.303302504731,1.0,-0.009,-0.0118285714286,0.451
0.463471968427,0.536176614744,-0.123983926817,-1.37407552908,0.0784699942016,1.90078455877,0.156913911434,-0.00861285360376,-0.0534923290456,-0.00034138959739,-0.0801689604469,-0.00481369074549,0.0281860012013,-0.0126732174408,0.574013000631,0.818831948141,0.00201561689498,0.0,0.818788717897,-0.573953208335,-0.0119790228101,0.0,-0.0086521033806,0.0085266433654,-0.999926216008,0.0,0.659580218206,0.258108887965,0.303316268928,1.0,-0.00934,-0.0122754285714,0.468
0.463355844469,0.535286623611,-0.123989386111,-1.37549079114,0.0783907223289,1.90129050508,0.156747844668,-0.00264698699754,-0.0506142291645,0.000112159805093,-0.0836768583299,0.000263062083672,0.0309215673421,-0.0182365331391,0.574032287719,0.818818463342,0.00200091174469,0.0,0.818774968867,-0.573972483745,-0.0119952141565,0.0,-0.00867360153292,0.00852410079074,-0.999926051437,0.0,0.659411501158,0.257894335728,0.303314757266,1.0,-0.00968,-0.0127222857143,0.485
0.463226142464,0.534439391631,-0.123995276085,-1.37686608681,0.07830939348,1.90179606122,0.156591237978,-0.00593468303848,-0.0545464302432,-5.9204266553e-05,-0.0869260286233,-0.00941397218843,0.0354873420652,-0.00345542921365,0.574067985571,0.818793487498,0.00197981649595,0.0,0.818749707575,-0.574008256626,-0.0120076880732,0.0,-0.0086955531953,0.00851436740861,-0.999925943709,0.0,0.659254237074,0.257674419472,0.303301912428,1.0,-0.01,-0.0131428571429,0.501
0.463101860422,0.533518453646,-0.123999588726,-1.37834985683,0.0782272082647,1.90234372115,0.156396532712,-0.0054706788792,-0.0568789610063,0.000244870885434,-0.089339568452,-0.00352216356583,0.0296675445542,-0.0160934059537,0.574072530557,0.818790327449,0.00196881613019,0.0,0.818746331819,-0.574012777419,-0.012021746693,0.0,-0.00871333205479,0.00851347944124,-0.999925796503,0.0,0.659080016596,0.257449820714,0.303292863365,1.0,-0.01034,-0.0135897142857,0.518
0.462969407512,0.532574603585,-0.123997546481,-1.37988640472,0.0781488801036,1.90292016149,0.156203608942,-0.00894755990504,-0.0563878655768,0.000954248911787,-0.0899536190253,-0.00130081139514,0.0304010017897,-0.0092830922841,0.574084617317,0.818781870497,0.00196153157145,0.0,0.818737622145,-0.574024740074,-0.0120437024587,0.0,-0.00873536575925,0.00852024805283,-0.999925546607,0.0,0.658899895216,0.257220154251,0.303276966989,1.0,-0.01068,-0.0140365714286,0.535
0.462834140683,0.5315953383,-0.124003130612,-1.38144971668,0.0780448370131,1.90349294511,0.156002271412,-0.00990306219739,-0.0562221005636,-0.000331838291613,-0.0922649127609,0.000235166089672,0.0340176685416,-0.00657957239947,0.57409167342,0.818776963679,0.00194452051009,0.0,0.818732576444,-0.574031949753,-0.0120430823734,0.0,-0.00874454987896,0.00850603936766,-0.999925587302,0.0,0.658717202968,0.256977133602,0.303272968255,1.0,-0.01102,-0.0144834285714,0.552
0.46269847766,0.530520010951,-0.123998147849,-1.38319796164,0.0779427442275,1.90410610709,0.155771098189,-0.0073387642792,-0.059241526973,0.00101140881065,-0.0984860986898,-0.00045805909302,0.0284378472738,-0.0145047590912,0.574077449836,0.8187870487,0.00189667388633,0.0,0.818741895473,-0.574017799774,-0.0120839166025,0.0,-0.00880559937568,0.00849015386178,-0.999925186555,0.0,0.658499039218,0.256722388131,0.303251605133,1.0,-0.01138,-0.0149565714286,0.57
0.462570010809,0.529530364156,-0.124003786103,-1.38472890361,0.0778543682903,1.90467375724,0.15557172478,-0.0109332008169,-0.0647022966874,-0.000771055919623,-0.0995397196439,-0.0108640491167,0.0321020469139,-0.0139882820303,0.574084869271,0.818781782943,0.00192397925994,0.0,0.818736980186,-0.57402509267,-0.0120705079245,0.0,-0.00877886864687,0.00850489267862,-0.999925296343,0.0,0.658308829756,0.256472556973,0.30327298874,1.0,-0.01172,-0.0154034285714,0.587
0.462445287134,0.528478644691,-0.124006327812,-1.38632165502,0.0777374851107,1.90528666745,0.155356016583,-0.00727817626321,-0.0635741080271,0.00022816647724,-0.0968942756244,-0.00983006470418,0.03921807772,-0.00672310738587,0.574064873961,0.818795695752,0.00196875652866,0.0,0.818751672304,-0.574005095617,-0.0120248162364,0.0,-0.00871595930636,0.00851511125966,-0.999925759711,0.0,0.658136016597,0.256253898413,0.303305100262,1.0,-0.01202,-0.0157977142857,0.602
0.462297009023,0.527368532037,-0.124006031982,-1.38806687402,0.0776408048111,1.90595605467,0.155108398873,-0.00984103989967,-0.0661952697319,0.000136673198899,-0.105465201901,-0.00263089564695,0.0375069557601,-0.0180098116579,0.574051868927,0.818804734002,0.00200156386961,0.0,0.81876106173,-0.57399187668,-0.0120164970468,0.0,-0.00869045058434,0.00853705951153,-0.999925794589,0.0,0.657933256521,0.255993685039,0.303313928215,1.0,-0.01236,-0.0162445714286,0.619
0.462137928623,0.526132366,-0.124003448455,-1.38999348823,0.0775159002325,1.9066751117,0.154851787778,-0.0105760197192,-0.0682955078094,0.000656990405476,-0.110714288693,-0.00173581691563,0.041851465402,-0.00807620855269,0.574040451841,0.818812689479,0.00202141038478,0.0,0.818769318665,-0.573980418642,-0.0120011969862,0.0,-0.00866664926222,0.0085444058504,-0.999925938417,0.0,0.657704415248,0.255706692798,0.303329015769,1.0,-0.01272,-0.0167177142857,0.637
0.461994703717,0.525017197955,-0.124010232745,-1.39172640222,0.0774038221132,1.90729134018,0.154611254037,-0.0109488419434,-0.0672946449726,0.000695666580603,-0.108812541902,0.000231195229903,0.0420090501333,-0.0215795371663,0.574028399569,0.818821153069,0.00201560821423,0.0,0.818777741051,-0.573968426406,-0.0120001312621,0.0,-0.00866923275162,0.00853891568407,-0.99992596292,0.0,0.657494108504,0.255441232614,0.303342242911,1.0,-0.01304,-0.0171382857143,0.653
0.461824274116,0.52382717716,-0.124015383289,-1.39362148412,0.0772848848706,1.90797650165,0.154355380545,-0.0132454448807,-0.0729510464271,0.00243564438232,-0.111354836316,-0.00692120835669,0.0425096921494,-0.0107373264799,0.574031666062,0.818818913722,0.00199494130389,0.0,0.818775237319,-0.573971785322,-0.0120103001208,0.0,-0.00868938817422,0.0085278653156,-0.999925882276,0.0,0.657267797241,0.255144168123,0.303336581943,1.0,-0.01338,-0.0175851428571,0.67
0.461670287828,0.522612796724,-0.124015938518,-1.39556136425,0.0771641270975,1.90872085282,0.15409526084,-0.0118533984093,-0.0694187527079,0.000613889639529,-0.112803411948,-0.00930952647773,0.0397119297918,-0.0149459259672,0.574016690881,0.818829382672,0.00200687928075,0.0,0.818785895635,-0.573956794373,-0.012000091796,0.0,-0.00867433276647,0.00853162169249,-0.999925980952,0.0,0.657037632463,0.254859321505,0.303331395455,1.0,-0.01372,-0.018032,0.687
0.461510130714,0.521440970056,-0.124022278616,-1.3974317062,0.0770477711643,1.9094549371,0.153834634873,-0.00837416180838,-0.0763359789756,0.000156399450795,-0.117211009189,-0.00870442847528,0.0489766980362,-0.0185158306305,0.574007766622,0.818835578453,0.00203130936009,0.0,0.818792493313,-0.573947850339,-0.0119776828264,0.0,-0.00864205359138,0.00853866821993,-0.999926200304,0.0,0.656822705039,0.25457478502,0.303328380918,1.0,-0.01404,-0.0184525714286,0.703
0.461343982354,0.520150542234,-0.124030755861,-1.39945889027,0.0769249094341,1.91018479269,0.15357325516,-0.00824928553197,-0.0767699485684,-0.000581323969852,-0.123852824358,-0.0103643845906,0.0419940063539,-0.0113978284936,0.574010543152,0.818833650747,0.00202377295106,0.0,0.81879044285,-0.573950634015,-0.0119844612707,0.0,-0.0086519009821,0.00853641742672,-0.999926134365,0.0,0.656574747886,0.254266763895,0.303333367078,1.0,-0.01438,-0.0188994285714,0.72
0.461170626036,0.518815573602,-0.124037062394,-1.40154289542,0.0767836887494,1.9109299153,0.153281869067,-0.0107942393264,-0.0848869089959,-0.00127370965822,-0.121967460669,-0.00925145507508,0.0471148742474,-0.0173014201276,0.573990705682,0.818847586034,0.00201184929658,0.0,0.81880431107,-0.573930936359,-0.0119802906354,0.0,-0.00865553616207,0.00852405046774,-0.999926208406,0.0,0.656319193214,0.253947265113,0.303343411468,1.0,-0.01472,-0.0193462857143,0.737
0.461007577237,0.51754621631,-0.124035797341,-1.40353312091,0.0766570602704,1.91164771123,0.153004188574,-0.0120708585261,-0.0812633826177,-0.00183349880054,-0.125135963385,-0.0132138785344,0.052223630319,-0.0240338342459,0.573967054921,0.81886417616,0.00200692994497,0.0,0.818820817928,-0.573907290453,-0.0119848651974,0.0,-0.00866235181653,0.00852239788261,-0.999926163472,0.0,0.656072789536,0.253649750376,0.303349068813,1.0,-0.01504,-0.0197668571429,0.753
0.460823969021,0.516190683642,-0.124040830164,-1.40567977033,0.076520209633,1.91245065262,0.152718363112,-0.0112826004754,-0.0824876695874,-0.000861833992001,-0.127495017411,-0.00900646910704,0.0491742945622,-0.0174949751578,0.573963459779,0.818866685897,0.00201108637202,0.0,0.818823435315,-0.573903730868,-0.0119764926107,0.0,-0.00865314744072,0.00852095784156,-0.999926255439,0.0,0.655815065366,0.253321794592,0.30334794734,1.0,-0.01538,-0.0202137142857,0.77
0.460625715357,0.514726987222,-0.124044263694,-1.40801851926,0.0763865034622,1.91332198132,0.152389430816,-0.0127733912622,-0.0775196049894,-0.000862027021334,-0.131993244733,-0.00653619302142,0.0457962522431,-0.0182532002422,0.573946190624,0.818878791309,0.00201055082819,0.0,0.818835431655,-0.573886365618,-0.0119884162849,0.0,-0.00866339892668,0.00852718028824,-0.999926113628,0.0,0.655530574776,0.252968978155,0.303336722019,1.0,-0.01574,-0.0206868571429,0.788
0.460446023114,0.513405976057,-0.124042456365,-1.41014657549,0.0762566270326,1.91405174248,0.152101048793,-0.0120849277189,-0.0834082875509,-8.88962873476e-05,-0.131739021338,-0.00945696761939,0.0477541402441,-0.0221507464107,0.573932267479,0.818888705069,0.00194626766458,0.0,0.81884436715,-0.573872581996,-0.012037812169,0.0,-0.00874088705816,0.00850274285188,-0.999925647365,0.0,0.655257133898,0.252645684699,0.303312871752,1.0,-0.01606,-0.0211074285714,0.804
0.460252199519,0.51195670264,-0.124045356534,-1.41242846183,0.0761184515713,1.91487779948,0.151778062154,-0.0129353213572,-0.0847423902644,0.00147092167828,-0.135511448025,-0.00093566474162,0.052147648718,-0.0271090283063,0.573910643325,0.818903873007,0.00194091536907,0.0,0.818859397071,-0.573850917434,-0.0120482069281,0.0,-0.00875269576753,0.00850409470808,-0.999925532572,0.0,0.654973963496,0.252299029367,0.303313703759,1.0,-0.0164,-0.0215542857143,0.821
0.460043071023,0.510405664498,-0.124053851594,-1.41488059752,0.0759637723451,1.91582524103,0.151426904348,-0.0139319332183,-0.0901681754261,3.87758793867e-05,-0.134219412015,-0.00933941540558,0.0526547808866,-0.0206880005588,0.573886870291,0.818920456247,0.00197315693726,0.0,0.81887649754,-0.573827102512,-0.0120201954908,0.0,-0.00871150077074,0.00851416813648,-0.999925806595,0.0,0.654682211601,0.251925801339,0.303314969926,1.0,-0.01676,-0.0220274285714,0.839
0.459861608113,0.509088917884,-0.124054264482,-1.41698453127,0.0758294134918,1.91657736822,0.151141539968,-0.0163518842572,-0.0875179815861,0.000648189032294,-0.140773073504,-0.0125521176737,0.0518970729549,-0.0231847138183,0.573875052159,0.818928817079,0.00194009470079,0.0,0.818884396685,-0.573815398645,-0.0120407659909,0.0,-0.00874744245085,0.00849877211731,-0.999925623796,0.0,0.654417565422,0.251603833082,0.303300319228,1.0,-0.01706,-0.0224217142857,0.854
0.459646799475,0.50755575724,-0.124057697898,-1.41937343212,0.0756804207035,1.91743324389,0.150812994517,-0.0118152629593,-0.0898288075263,0.000223227278534,-0.148252320847,-0.0136758600888,0.0470853547419,-0.0220572417097,0.573867780433,0.818933915645,0.00193888826343,0.0,0.818889435443,-0.573808090248,-0.0120463681727,0.0,-0.00875279820386,0.00850092135008,-0.999925558659,0.0,0.654120213022,0.25123206336,0.303310033127,1.0,-0.0174,-0.0228685714286,0.871
0.459434393756,0.505991607153,-0.124060277643,-1.42181603994,0.0755283957911,1.91834384832,0.150472487378,-0.00829918927968,-0.0935812712593,0.00269348456818,-0.144143802263,-0.00502677829127,0.0589778767067,-0.0202338882859,0.573849924781,0.818946368585,0.00196369859791,0.0,0.818902210388,-0.573790127947,-0.012033527908,0.0,-0.00872823115724,0.00851368012192,-0.999925664853,0.0,0.653820115085,0.250859662753,0.30332003793,1.0,-0.01774,-0.0233154285714,0.888
0.459206477845,0.504361785922,-0.124067042468,-1.42429499061,0.0753716858662,1.9192994169,0.150132589005,-0.0141948223118,-0.0967958348708,0.000944237259269,-0.151136504102,-0.0115999107782,0.054046051662,-0.0156017481649,0.573848542459,0.818947128068,0.00204906049694,0.0,0.818904179335,-0.573788477627,-0.0119781013176,0.0,-0.00863387059938,0.00855176483513,-0.999926159072,0.0,0.653526070131,0.250473569721,0.303362020717,1.0,-0.01808,-0.0237622857143,0.905
0.458970962136,0.50268834108,-0.124076907529,-1.42676115551,0.0752146735122,1.92023313477,0.14978185237,-0.0159823568775,-0.0974210170898,-0.00220830720556,-0.141367236683,-0.0101901722775,0.0500576994003,-0.0226712983378,0.573845306113,0.818949097858,0.00216487200099,0.0,0.818907760522,-0.573784867468,-0.0119059868664,0.0,-0.00850839022205,0.00860519083667,-0.999926776312,0.0,0.6532334274,0.250081377628,0.303438042355,1.0,-0.01842,-0.0242091428571,0.922
0.458741746143,0.500983711006,-0.124082845355,-1.42934515065,0.075049815093,1.9211272873,0.149432222125,-0.0120074075574,-0.0971025780058,-0.000754160786417,-0.151995652028,-0.00657511405213,0.0456444736306,-0.0173043675177,0.573837951984,0.818954220394,0.00217638785504,0.0,0.818912984779,-0.573777418919,-0.0119056205044,0.0,-0.00850155963378,0.00861433501436,-0.999926755676,0.0,0.65290214862,0.249678325072,0.303475604107,1.0,-0.01876,-0.024656,0.939
0.458520171686,0.49938471661,-0.124082277269,-1.43179225098,0.0748905011508,1.92202590075,0.14908718048,-0.0127129854769,-0.0999011730228,0.00052291145252,-0.154719701117,-0.00674044438173,0.0581704191664,-0.0231985320143,0.573817832883,0.818968212666,0.00221544778968,0.0,0.818927511085,-0.573757171586,-0.011882194341,0.0,-0.00846017328896,0.00863267235669,-0.99992694855,0.0,0.652597218962,0.249300137556,0.303504198842,1.0,-0.01908,-0.0250765714286,0.955
0.458236056863,0.497514861815,-0.124083023765,-1.43475336079,0.0747153321468,1.92311682482,0.148649113585,-0.0130219948618,-0.103262010119,-0.00490819650413,-0.158730664351,-0.0106425920414,0.0561672118814,-0.0185983063951,0.573795400027,0.818983922223,0.00221832132184,0.0,0.818943128291,-0.573734597658,-0.0118958386313,0.0,-0.00846993596182,0.00864262288622,-0.999926779947,0.0,0.652229210157,0.248833552458,0.303493218105,1.0,-0.01946,-0.025576,0.974
0.457952736655,0.495734870359,-0.124088179135,-1.4376085129,0.0745394622098,1.92410979458,0.148239224817,-0.0181013562493,-0.0946292885,-0.000915743951295,-0.159459151026,-0.0084534479631,0.0513351991027,-0.0173649415346,0.573791914523,0.818986549849,0.00214869633407,0.0,0.818944708904,-0.573731252828,-0.0119482295162,0.0,-0.00855282969702,0.00861562686058,-0.999926307324,0.0,0.651864201379,0.248369818895,0.303460941709,1.0,-0.01982,-0.0260491428571,0.992
0.457748596647,0.494464147945,-0.124086131672,-1.43970989758,0.0744039372958,1.92484566338,0.147947836755,-0.0158822592009,-0.0966417368486,0.000439655146401,-0.16162717172,-0.0131578196707,0.0528843780909,-0.0199926000311,0.573787947317,0.818989544754,0.00206494507097,0.0,0.818946531797,-0.573727554313,-0.0120007658077,0.0,-0.00864395226309,0.0085771395198,-0.999925854635,0.0,0.651592524403,0.248033754093,0.30340966249,1.0,-0.020988,-0.0275842285714,1.005
0.457433989536,0.492273382819,-0.124142323387,-1.44313629284,0.0741973759668,1.92612950241,0.147451255567,-0.0151196879837,-0.119125462867,-0.00175277969144,-0.18941994298,-0.0085737564742,0.0749982871617,-0.0289157200706,0.573795713152,0.818984028012,0.00209483449001,0.0,0.81894157395,-0.573735362494,-0.0119657503584,0.0,-0.00859804334021,0.00858160853728,-0.9999262121,0.0,0.6511759308,0.247472315797,0.303416831708,1.0,-0.025776,-0.0338770285714,1.024
0.457112985984,0.490123104978,-0.12414197966,-1.44659591749,0.0739905952374,1.92737174245,0.146943116651,-0.0235570598011,-0.143210904083,1.15265490874e-05,-0.225692282924,-0.0148374964985,0.0776869847779,-0.0350653753453,0.573759040358,0.819009854507,0.00204174688675,0.0,0.818966493855,-0.573698704471,-0.0120177090971,0.0,-0.00867144158748,0.00856755648006,-0.999925698778,0.0,0.650728681631,0.246932850665,0.30337371299,1.0,-0.029808,-0.0391762285714,1.04
0.456703629663,0.487599515313,-0.124166782826,-1.45058676754,0.0737606461518,1.92883596518,0.14637576776,-0.0297289540569,-0.164585041358,0.000216542899908,-0.2564234805,-0.0135419910557,0.0954205683812,-0.0319190828371,0.573783923259,0.818992420438,0.00204244330942,0.0,0.818948918873,-0.573723433093,-0.012034845161,0.0,-0.00868481659029,0.00857822256979,-0.999925491253,0.0,0.650232394051,0.24627461322,0.303356033813,1.0,-0.03384,-0.0444754285714,1.056
0.456232764063,0.484541889993,-0.124224170738,-1.45527796732,0.0734566131957,1.93060608957,0.145653505218,-0.03316079624,-0.186157495659,-0.0021120370245,-0.287502003577,-0.0166848573851,0.101413965075,-0.0467175815809,0.57376872194,0.819002825487,0.00213833338546,0.0,0.818960917122,-0.573708173765,-0.011945479627,0.0,-0.00855676696911,0.00860531972808,-0.999926362394,0.0,0.649663177153,0.245490492125,0.303401469881,1.0,-0.038124,-0.0501058285714,1.073
0.45567982524,0.48111874732,-0.124277430232,-1.46060761956,0.0731415865152,1.93244206212,0.144851884332,-0.0337723222925,-0.209927941898,-0.00446129747254,-0.327701090512,-0.0218397198759,0.117504711157,-0.0462335243475,0.57377666649,0.818997415482,0.00207781798748,0.0,0.818954485005,-0.573716135838,-0.0120039106579,0.0,-0.0086392604303,0.00858936757396,-0.999925790218,0.0,0.648932360591,0.244530350888,0.30339784444,1.0,-0.04266,-0.0560674285714,1.091
0.455112232022,0.477555921061,-0.124341831095,-1.46609750476,0.0728073913015,1.93442737498,0.144047450372,-0.0370092392229,-0.238208329919,-0.00361073020873,-0.354078616261,-0.0194007667582,0.122835897047,-0.0528715564173,0.573808081824,0.818975284254,0.0021250682339,0.0,0.818933006533,-0.573747386187,-0.0119755816091,0.0,-0.00858861836523,0.00861213984007,-0.999926030605,0.0,0.648283805523,0.243660242339,0.303429391203,1.0,-0.04644,-0.0610354285714,1.106
0.454428246808,0.473457747504,-0.124373001481,-1.47239401269,0.072434160022,1.93674192577,0.143146425178,-0.0382330255591,-0.251492329737,-0.00504189174981,-0.383790748986,-0.0185204217576,0.135360476474,-0.0540984264949,0.573866792776,0.818933910719,0.00221380317046,0.0,0.818892588815,-0.573805521542,-0.0119540090913,0.0,-0.00851941495621,0.00867304285037,-0.999926096217,0.0,0.647436848997,0.242533354275,0.303464097597,1.0,-0.050976,-0.0669970285714,1.124
0.453637754136,0.468713562829,-0.124413713366,-1.47959343699,0.0719829953028,1.93935475897,0.14202828483,-0.0492576436355,-0.271563377834,-0.0044215662268,-0.408971986595,-0.0330028506961,0.163925256796,-0.064201112051,0.573837775563,0.818953832197,0.00236113710586,0.0,0.818914419723,-0.573775908981,-0.0118796609131,0.0,-0.00837429147186,0.00875073589451,-0.999926645241,0.0,0.64657249133,0.241385261149,0.303548040897,1.0,-0.05526,-0.0726274285714,1.141
0.452874760359,0.464173552834,-0.124419976744,-1.48650099827,0.0715343738783,1.94183041469,0.140933977195,-0.0515946866947,-0.288905603593,-0.000431661997462,-0.448822890904,-0.0305905449176,0.153010136354,-0.0658109387397,0.573774205143,0.818998108213,0.00245095011096,0.0,0.818959764513,-0.573711893398,-0.0118454372733,0.0,-0.0082954112014,0.00880400538617,-0.999926835145,0.0,0.645671776945,0.240228317715,0.303606446912,1.0,-0.059292,-0.0779266285714,1.157
0.451946214223,0.458745562075,-0.124446824557,-1.49489478904,0.0709794930429,1.94472072339,0.139688560291,-0.0485047726193,-0.312748494411,0.000607718753111,-0.474195381169,-0.03353851184,0.165470543047,-0.0717820785152,0.573772887486,0.818999245,0.00237848179779,0.0,0.81895976465,-0.573710653821,-0.0119053129992,0.0,-0.00838604346784,0.00877899573219,-0.999926299039,0.0,0.644544894051,0.238801781516,0.303600381461,1.0,-0.063828,-0.0838882285714,1.175
0.451045691079,0.453672662077,-0.124483445279,-1.50277584128,0.0704485499475,1.94751315602,0.138440747347,-0.0569443332301,-0.322298787957,-0.0012316461875,-0.490213591868,-0.03184117233,0.183178142299,-0.0817296849444,0.573732001423,0.819027978815,0.00234677702521,0.0,0.818988128534,-0.573669943337,-0.0119158857687,0.0,-0.00841333037657,0.00875867614645,-0.999926248012,0.0,0.643500471466,0.237442277449,0.303579467559,1.0,-0.06786,-0.0891874285714,1.191
0.450084747065,0.448168900371,-0.124527888739,-1.51089891319,0.0698961251487,1.9505861401,0.13716074591,-0.0571613792344,-0.347090300557,-0.00269473019141,-0.517224128953,-0.0403572856268,0.183386190466,-0.0768773521478,0.573720835444,0.819034691708,0.00270622583483,0.0,0.81900002776,-0.573657991229,-0.0116709266923,0.0,-0.00800659992101,0.00891242443794,-0.999928228949,0.0,0.642468262505,0.236033153391,0.303756041454,1.0,-0.071892,-0.0944866285714,1.207
0.44898913008,0.442166757884,-0.124560272524,-1.520217395,0.0692801296942,1.95374173151,0.135755173126,-0.062782742932,-0.353593896478,-0.00421016170764,-0.554747586631,-0.0400212621784,0.191923937025,-0.0839176870303,0.573737879892,0.819023202644,0.00256624431154,0.0,0.818986348649,-0.573675128043,-0.0117879214806,0.0,-0.00818254820894,0.00886506681705,-0.9999272256,0.0,0.641180575405,0.234409840209,0.303705281917,1.0,-0.076176,-0.100117028571,1.224
0.447813863345,0.435822327366,-0.124571312541,-1.53002069725,0.0686182474411,1.95707783724,0.134163552885,-0.0730236240364,-0.387185203035,-0.00137939187822,-0.580690786659,-0.0408577468962,0.213681315337,-0.0924142623439,0.573653430586,0.819082684968,0.00245838634445,0.0,0.819044044887,-0.573590688441,-0.011887874933,0.0,-0.00832720532742,0.00883321699994,-0.99992631325,0.0,0.639814238849,0.232703722192,0.303663732233,1.0,-0.08046,-0.105747428571,1.241
0.446536905785,0.429158838213,-0.124603487615,-1.54007959834,0.0679100015205,1.96071938022,0.132538041609,-0.0791189481415,-0.385269171534,-0.00208721790716,-0.60632689739,-0.0428579806264,0.209170478987,-0.102861096355,0.573630904701,0.819097907357,0.0026363302622,0.0,0.819061921794,-0.57356786323,-0.0117567613435,0.0,-0.00811798059474,0.00890353079739,-0.999927410131,0.0,0.638464858405,0.230910274092,0.303734444815,1.0,-0.084744,-0.111377828571,1.258
0.445150349468,0.422218972181,-0.124702652988,-1.55073105196,0.0671389203628,1.96427200817,0.130753168927,-0.0845421106946,-0.415773812683,-0.0046611261145,-0.640854638119,-0.0524829659236,0.207330150671,-0.108502880308,0.573614703054,0.819109801248,0.00246025226361,0.0,0.819071704144,-0.57355250955,-0.0118240923745,0.0,-0.0082743054009,0.0087977656347,-0.999927064935,0.0,0.636974806064,0.228931316798,0.303694775003,1.0,-0.089028,-0.117008228571,1.275
0.44368520455,0.414930132111,-0.12480932033,-1.56164613971,0.0663598726182,1.96812020376,0.129031666309,-0.0937080881833,-0.434239510755,-0.0088665728393,-0.640798143186,-0.0492319345459,0.2376326717,-0.100596630765,0.573721778063,0.819034359335,0.00260509229778,0.0,0.818998636885,-0.573659569838,-0.0116909202044,0.0,-0.00808098479672,0.00884107278575,-0.999928263985,0.0,0.635483531132,0.226894027001,0.30377920099,1.0,-0.093312,-0.122638628571,1.292
0.442292787711,0.408326543982,-0.12483793702,-1.57167881746,0.0657019816876,1.97154467367,0.127308122061,-0.0959453892271,-0.450506095684,-0.00385560250971,-0.682990299921,-0.0481651625463,0.225289232124,-0.118211955687,0.573700225132,0.819049423682,0.00261536821265,0.0,0.81901327324,-0.573637368674,-0.01175476155,0.0,-0.0081276142152,0.00888590170933,-0.99992748869,0.0,0.634061238073,0.225038794176,0.3037694689,1.0,-0.097092,-0.127606628571,1.307
0.440507815985,0.400115696729,-0.124925308353,-1.58412167739,0.0648444812334,1.97572774579,0.125233122791,-0.100453820372,-0.47295631418,-0.00890072279867,-0.694848123002,-0.03986756188,0.243662609715,-0.118502550138,0.573786762608,0.81898896368,0.00256424014632,0.0,0.818951835078,-0.573723742855,-0.011819712646,0.0,-0.0082092068093,0.00888215483654,-0.999926855449,0.0,0.63228528286,0.222666911889,0.303752266181,1.0,-0.101628,-0.133568228571,1.325
0.438734116124,0.392029688181,-0.124996994154,-1.59614295295,0.0639176342478,1.97993860195,0.123173915874,-0.106921821891,-0.471403238183,-0.000605738789323,-0.718576911673,-0.0551050014824,0.233017697516,-0.126068672922,0.573813462178,0.818969712296,0.00273273985704,0.0,0.818935536033,-0.57375067494,-0.0116403491698,0.0,-0.00796533543056,0.00891749852721,-0.999928513271,0.0,0.630593515668,0.220356529849,0.30383603202,1.0,-0.105912,-0.139198628571,1.342
0.436977042002,0.384257618874,-0.125038745335,-1.60800073962,0.063026711989,1.98372590343,0.121068407984,-0.118415712272,-0.490496114409,-0.00273381926943,-0.744683600949,-0.0532686708116,0.240422980187,-0.139696673543,0.57375761601,0.81900971651,0.00245544973063,0.0,0.81897160705,-0.573695475835,-0.0118217914941,0.0,-0.00827364099184,0.00879395582744,-0.999927103946,0.0,0.628813856657,0.218076192149,0.303735141046,1.0,-0.109944,-0.144497828571,1.358
0.435023389248,0.375658529513,-0.125084191381,-1.62070458106,0.0621163380524,1.98807384417,0.118817957656,-0.120762192063,-0.497768944217,-0.00116983315439,-0.7598233058,-0.0459754385456,0.26181347755,-0.136872033522,0.573764460922,0.819004312364,0.00265077609556,0.0,0.818968615516,-0.573701461085,-0.0117382813669,0.0,-0.00809310475756,0.00890608257936,-0.999927589053,0.0,0.626958040827,0.215624155115,0.303815548898,1.0,-0.114228,-0.150128228571,1.375
0.432921104609,0.366848377914,-0.12518895809,-1.6339272121,0.0610872281075,1.99233011044,0.11653217286,-0.128043958714,-0.524162175249,-0.00737987268958,-0.793460498441,-0.0516964687917,0.247473495908,-0.134131894715,0.573875538058,0.818927056194,0.00246786429399,0.0,0.818889100344,-0.573813327467,-0.0118175065438,0.0,-0.00826174148729,0.00880285458001,-0.999927124034,0.0,0.624966797446,0.212974657647,0.303765392007,1.0,-0.118512,-0.155758628571,1.392
0.430741003073,0.357745458728,-0.125290055419,-1.64732148628,0.0600305439504,1.99677806471,0.114035105248,-0.129521223671,-0.534117953767,-0.00256388169948,-0.807024409626,-0.0614274512631,0.255707790996,-0.145801321786,0.573858092796,0.818939051262,0.00254294134955,0.0,0.818902540868,-0.573796110869,-0.0117217154373,0.0,-0.00814039739074,0.00880919200182,-0.999928063446,0.0,0.622959044921,0.210281439951,0.303823057628,1.0,-0.122796,-0.161389028571,1.409
