position_joint1,position_joint2,position_joint3,position_joint4,position_joint5,position_joint6,position_joint7,velocity_joint1,velocity_joint2,velocity_joint3,velocity_joint4,velocity_joint5,velocity_joint6,velocity_joint7,ee_T_00,ee_T_10,ee_T_20,ee_T_30,ee_T_01,ee_T_11,ee_T_21,ee_T_31,ee_T_02,ee_T_12,ee_T_22,ee_T_32,ee_T_03,ee_T_13,ee_T_23,ee_T_33,v_x,v_y,time
0.465086003288,0.547832797917,-0.123975783811,-1.35583544251,0.079571267101,1.89410429582,0.15915484402,-0.000741332032074,0.000255695793616,-0.00116093047007,-0.000232749236385,9.72570249782e-06,0.000269949850088,0.000966046807129,0.573802339418,0.818979761353,0.00194233744265,0.0,0.818935789167,-0.573743092676,-0.0119909853113,0.0,-0.0087061392174,0.00847126816812,-0.999926217656,0.0,0.661665751601,0.260916823338,0.303176691336,1.0,0.0,0.0,0.0
0.465082218322,0.547832417566,-0.123976406226,-1.35583590711,0.0795701996045,1.89410313026,0.159146922525,-0.000878852753319,0.000514910150265,-0.00191511437383,0.000684757087872,-0.000139853286241,-0.000210032174016,-0.000656050477395,0.573799120454,0.818982020536,0.00194069739054,0.0,0.818938037333,-0.573739891187,-0.011990628472,0.0,-0.0087068212571,0.00846968605067,-0.99992622512,0.0,0.661666612974,0.260913656161,0.303176657053,1.0,-0.00022,-0.000289142857143,0.012
0.465085030777,0.547835014517,-0.123976725162,-1.35583627196,0.0795712658707,1.89410185581,0.159149035284,0.00100665879603,0.00233406881694,-0.000167062765809,0.000558796849473,-4.4995993666e-05,0.0092727463793,-0.00172539849244,0.573799068151,0.818982064602,0.00193756302373,0.0,0.818938029915,-0.573739841936,-0.01199349137,0.0,-0.00871096493405,0.00846876126734,-0.999926196863,0.0,0.661665485287,0.260915340377,0.303174545574,1.0,-0.00056,-0.000736,0.029
0.465079081214,0.547809147329,-0.123974216807,-1.35585963304,0.0795701996039,1.89410575676,0.159153511322,-0.000734548168985,-0.00252821882743,0.000517211287198,-0.000401624722865,-0.000100484310178,-3.27918562539e-05,0.00173201131594,0.573806828414,0.818976611702,0.00194423548146,0.0,0.81893264326,-0.573747552583,-0.0119924396631,0.0,-0.00870619487346,0.00847370481508,-0.999926196525,0.0,0.661662629506,0.260910515869,0.303182005522,1.0,-0.00088,-0.00115657142857,0.045
0.465085713737,0.547710676248,-0.123978944007,-1.35596253842,0.0795685246471,1.89413218655,0.159146084564,-0.000230468630742,-0.00519848081495,-0.000768476214131,-0.00582124819476,-0.000771026644864,0.00211798318973,-0.00152731781298,0.573803802969,0.818978680458,0.00196559260967,0.0,0.818934959601,-0.573744406584,-0.011984771942,0.0,-0.00868769221019,0.00848676361891,-0.999926246704,0.0,0.661646366985,0.260902775302,0.303205234373,1.0,-0.00124,-0.00162971428571,0.063
0.465072653408,0.54758910423,-0.123976225677,-1.3561608625,0.0795668330364,1.89416171644,0.159145688881,-0.00305964656996,-0.00748095344726,0.000216146379063,-0.0151528539078,-0.000370289176709,0.00141952901219,-0.000724800594532,0.573822642985,0.818965557809,0.00193298245363,0.0,0.818921241277,-0.5737632177,-0.0120215431989,0.0,-0.00873632380058,0.00848135737387,-0.999925868864,0.0,0.661612870152,0.260875483163,0.303199434783,1.0,-0.00158,-0.00207657142857,0.08
0.465051352428,0.547440442085,-0.123978733591,-1.35635504734,0.0795646922789,1.89425714681,0.159145504641,-0.000710720794341,-0.0117285729761,-0.00074731850428,-0.00993025436463,9.86634158989e-05,0.00595686516907,0.00140957233207,0.573852127649,0.818944787017,0.00197947261239,0.0,0.818901039952,-0.573792463669,-0.0120017624975,0.0,-0.00869314173524,0.00850839293851,-0.999926015531,0.0,0.661597565409,0.260844984303,0.3032206855,1.0,-0.0019,-0.00249714285714,0.096
0.465026913506,0.547241046923,-0.123971886264,-1.35658797011,0.0795638654332,1.89439573951,0.159134385883,-0.00155993329633,-0.0135641072833,-0.00199628904068,-0.0145721202665,0.000193651220743,0.0117418887605,-0.00365414500168,0.573871358624,0.818931069937,0.00207685930712,0.0,0.818888519157,-0.573811210287,-0.0119597258925,0.0,-0.00860263159603,0.0085642252771,-0.999926321673,0.0,0.661581921991,0.260817046182,0.303262870581,1.0,-0.00226,-0.00297028571429,0.114
0.465006555136,0.547042385054,-0.123976465689,-1.35684102676,0.0795607485234,1.89451177906,0.159118785274,-0.000979806025974,-0.0160596775528,-0.000540420773801,-0.0228019690004,0.000214302099861,0.0133861624342,-0.000109584562294,0.573891891492,0.818916532224,0.0021347203679,0.0,0.818874686337,-0.573831452858,-0.0119356059503,0.0,-0.00854945994827,0.00859798148439,-0.999926488022,0.0,0.661558814056,0.260780882222,0.303293360332,1.0,-0.00258,-0.00339085714286,0.13
0.464962657304,0.546825471081,-0.123976204898,-1.35717418469,0.0795564416561,1.89462417953,0.15909764128,-0.00208558038964,-0.0131531270358,0.000430727513661,-0.0228146846684,0.000128595246463,0.00585604295849,-0.00328169170204,0.573927776484,0.818891368348,0.00214035644534,0.0,0.818849438347,-0.573867151733,-0.011951417565,0.0,-0.00855879720992,0.00861204599064,-0.99992628711,0.0,0.661522156666,0.260722226718,0.303298164145,1.0,-0.0029,-0.00381142857143,0.146
0.464928109984,0.54654479958,-0.123976363063,-1.35757488414,0.0795493806309,1.89478161841,0.158990810366,-3.44070927215e-05,-0.0202021900896,0.000574426294561,-0.0225613279401,2.41709734233e-05,0.0113056757139,-0.0101812828882,0.573889275387,0.818918239911,0.00218239284917,0.0,0.818876714588,-0.573828338696,-0.0119461674435,0.0,-0.00853077979743,0.00864305446966,-0.999926258984,0.0,0.661478462685,0.260664953995,0.303319881915,1.0,-0.00324,-0.00425828571429,0.163
0.464885184854,0.546251220361,-0.123978951335,-1.35804842429,0.079539232635,1.894939106,0.158930275401,-0.00400455602094,-0.0140302796679,-0.000179882071972,-0.0283021440043,0.000312713202153,0.0109140235159,-0.000930445336884,0.573900372111,0.818910488282,0.00217301032413,0.0,0.818868657971,-0.573839287638,-0.0119724624755,0.0,-0.0085575811553,0.00865057726808,-0.999925964918,0.0,0.661421275374,0.260591749718,0.303316131398,1.0,-0.00358,-0.00470514285714,0.18
0.464836261718,0.545928148289,-0.123982796049,-1.35858461497,0.0795253371412,1.89512251142,0.1588918112,-0.000912858264311,-0.0221568201817,-0.00351800105775,-0.035558677025,-8.07337610726e-05,0.00984958907738,-0.0072224530351,0.573937869275,0.818884252623,0.00215636730153,0.0,0.818842032104,-0.573876674299,-0.0120015022779,0.0,-0.00859051772172,0.00865400744509,-0.999925652816,0.0,0.661357668188,0.260507954048,0.30330571078,1.0,-0.00392,-0.005152,0.197
0.464780177675,0.545585261691,-0.123982194922,-1.35917842563,0.0794897529673,1.89532896523,0.158821043748,-0.00617832585524,-0.02199442648,-0.00152791929297,-0.036560718668,-0.00162982536482,0.00905899126435,-0.0148333784363,0.573949153486,0.818876443995,0.00211791962779,0.0,0.818833685858,-0.573888082132,-0.0120254310715,0.0,-0.00863205959392,0.00863637619596,-0.999925447498,0.0,0.661287948228,0.260413469039,0.30328368617,1.0,-0.00426,-0.00559885714286,0.214
0.464726656018,0.545193061457,-0.123984617258,-1.35986425369,0.0793708758791,1.89553678371,0.158700709539,-0.00667634988645,-0.0225099151377,-0.00123403350476,-0.0369810699283,-0.00808631087848,0.0116226378019,-0.00437827116631,0.573902604771,0.818909359233,0.00200212351858,0.0,0.818865723305,-0.573842657365,-0.0120116062589,0.0,-0.00868768016931,0.00853312673178,-0.999925852232,0.0,0.661203268654,0.26029525668,0.303252811051,1.0,-0.0046,-0.00604571428571,0.231
0.464660150976,0.544788342572,-0.123982858286,-1.3605325268,0.0793600664915,1.89576171993,0.15865040456,-0.00460037330662,-0.021821747991,-0.0010129850128,-0.0422130642118,-0.000114831913888,0.0127823726033,-0.00714586098233,0.573948959299,0.818876911881,0.00198549970081,0.0,0.818832742022,-0.573888766617,-0.0120569914936,0.0,-0.00873390414117,0.00854605442237,-0.999925339149,0.0,0.661122665744,0.260191803216,0.303240667973,1.0,-0.00492,-0.00646628571429,0.247
0.464601582713,0.544344471943,-0.123982937347,-1.36129296064,0.0793411900179,1.89603579844,0.158537304818,-0.00245109011826,-0.0201813481779,-0.000748188798703,-0.0508960870623,0.000432443394027,0.0169004578065,-0.00638617687849,0.573941792985,0.818881988606,0.00196313586326,0.0,0.818837251901,-0.573881430371,-0.0120998212949,0.0,-0.00878188758508,0.00855224656142,-0.999924865942,0.0,0.661030420121,0.260084137204,0.303216648649,1.0,-0.00526,-0.00691314285714,0.264
0.464524301408,0.543826190423,-0.123980754356,-1.36211408424,0.0793091952509,1.89632570243,0.158448191236,-0.00488217003803,-0.0322635754333,0.0014955741651,-0.051683237079,-0.00452259131508,0.0108528366675,-0.00518929738653,0.573967751111,0.818863796688,0.00196215692718,0.0,0.818818847097,-0.573907194727,-0.0121232990795,0.0,-0.00880140418927,0.00856519868828,-0.999924583484,0.0,0.660934309753,0.259958147093,0.303217620725,1.0,-0.0056,-0.00736,0.281
0.46444155955,0.54333520873,-0.123986282925,-1.36290857025,0.0792708935903,1.89659832105,0.158331864277,-0.00341505380401,-0.0291916308668,-0.002052958779,-0.0509053153178,-0.00587179809634,0.0191614613511,-0.0124168725879,0.573978055101,0.818856626885,0.00194004405692,0.0,0.818811284468,-0.573917494778,-0.0121464610647,0.0,-0.00883295497291,0.00856049688056,-0.999924345538,0.0,0.660843583583,0.259824695033,0.303210642045,1.0,-0.00592,-0.00778057142857,0.297
0.464368691759,0.542736038999,-0.123988894947,-1.3638607994,0.0792102745059,1.89693575468,0.158215998153,-0.0068501624983,-0.0386835197407,0.000777904147865,-0.0562900630274,-0.00750939078301,0.0235630107252,-0.00439887356213,0.573981417405,0.818854307433,0.001924207147,0.0,0.818808767761,-0.573920936893,-0.0121534741831,0.0,-0.00884775226316,0.00855159066557,-0.999924290923,0.0,0.660730182208,0.259682950548,0.303210545133,1.0,-0.00628,-0.00825371428571,0.315
0.464288117734,0.542141938991,-0.123986435359,-1.36478969444,0.0791622186828,1.8972821524,0.158103805992,-0.00351744973301,-0.0353647505504,0.00096506837325,-0.0557653626886,9.3830599264e-05,0.0235112850424,-0.00564411759694,0.573992649955,0.818846400046,0.00193851266292,0.0,0.818800957391,-0.573932016892,-0.0121564412627,0.0,-0.008841853916,0.00856512886397,-0.999924227223,0.0,0.660623802758,0.259544407236,0.303218521575,1.0,-0.00662,-0.00870057142857,0.332
0.464202925925,0.541536423177,-0.123997322758,-1.36569293083,0.0791047016209,1.89761366292,0.157975345659,-0.00227058967635,-0.039267374303,-0.00182884369076,-0.0541472524229,-0.00569867586151,0.0259665970219,-0.0074112679016,0.573999597291,0.818841470216,0.00196363569538,0.0,0.818796433444,-0.573938926667,-0.0121349057157,0.0,-0.00880972668838,0.00857341396275,-0.99992443979,0.0,0.660525314903,0.259395745894,0.303245823616,1.0,-0.00694,-0.00912114285714,0.348
0.464110626263,0.540864199428,-0.123990109555,-1.36673614486,0.0790497041554,1.89800637751,0.157851537809,-0.00643876233105,-0.0430259393049,0.0036688160162,-0.0687206416011,-0.00289836179981,0.0207255760456,-0.00626604174712,0.574011972813,0.818832737124,0.00198760721523,0.0,0.818787906411,-0.573951089889,-0.0121349755431,0.0,-0.00879589525968,0.00859321544808,-0.999924391579,0.0,0.660405871713,0.259241706585,0.303258307821,1.0,-0.00728,-0.009568,0.365
0.464017354902,0.540145226631,-0.12399609681,-1.36784405023,0.078979638956,1.89841757166,0.157715325958,-0.00791201154411,-0.0470665398268,1.7581092067e-05,-0.0721884982064,-0.0032110518623,0.0298366634744,-0.00860578564921,0.574023667941,0.818824500914,0.00200305961592,0.0,0.8187799268,-0.573962768864,-0.0121209871232,0.0,-0.00877544854296,0.00859796403066,-0.999924530411,0.0,0.660280318044,0.259071136081,0.303274949004,1.0,-0.00762,-0.0100148571429,0.382
0.463921292255,0.53944702884,-0.12400347533,-1.3689215825,0.0789169927491,1.89882572472,0.157570704924,-0.00518575588736,-0.0443291541158,-0.0016286943294,-0.0708504040055,-0.00544630061787,0.0255399327093,-0.0132902052987,0.574032024691,0.818818584485,0.00202663051197,0.0,0.818774340044,-0.573971042575,-0.0121065797062,0.0,-0.00875003369542,0.00860908327235,-0.99992465746,0.0,0.660161049822,0.258902250021,0.303291047137,1.0,-0.00794,-0.0104354285714,0.398
0.463812788722,0.538635705571,-0.123999759722,-1.37016214793,0.07885010241,1.89931055672,0.157408236733,-0.00419336094933,-0.0430404390466,0.000959038403598,-0.0678852288782,-0.00445606276956,0.0304635648776,-0.013720730608,0.574036060229,0.81881562593,0.00207826624799,0.0,0.81877199594,-0.573974794071,-0.0120872386247,0.0,-0.00870451500747,0.00864030339577,-0.999924785459,0.0,0.66002303331,0.258718244248,0.303315637036,1.0,-0.0083,-0.0109085714286,0.416
0.463698857297,0.53785504946,-0.12400841825,-1.37138633606,0.0787816503035,1.89978454119,0.157274319747,-0.00920693435643,-0.0442583753289,-8.79655975448e-05,-0.0757945223506,-0.00564843020196,0.0273639715457,-0.00771479697956,0.574075181386,0.818788134202,0.00210340390523,0.0,0.818744849053,-0.574013818586,-0.0120729085971,0.0,-0.00867793847412,0.00865307490412,-0.99992490602,0.0,0.659889886427,0.25852404125,0.303325684705,1.0,-0.00864,-0.0113554285714,0.433
0.463606655126,0.537070709858,-0.124020122087,-1.37260985147,0.0787056395909,1.90023059675,0.157116290033,-0.00468213466905,-0.0512738060161,-0.00202736486026,-0.074864400831,-0.00551505473634,0.028271422074,-0.0116306291059,0.574076532393,0.818787182523,0.00210513504673,0.0,0.818743975051,-0.574015216938,-0.0120656927738,0.0,-0.00867102198492,0.00865036425097,-0.999924989475,0.0,0.659746650819,0.258339440232,0.303336174809,1.0,-0.00896,-0.011776,0.449
0.463487827426,0.53623236439,-0.124023261767,-1.37391790036,0.0786293374617,1.90072526253,0.156951099865,-0.0110567373523,-0.048421142373,-0.00140005014785,-0.0755964415055,-0.00652270235247,0.0333635924685,-0.0116672212465,0.574092397515,0.818776004312,0.0021262125466,0.0,0.818733067123,-0.574030985271,-0.0120556894935,0.0,-0.00865056393987,0.00866204697591,-0.999925065535,0.0,0.659599591159,0.258136176808,0.303348354943,1.0,-0.0093,-0.0122228571429,0.466
0.463378768528,0.535343086556,-0.124018692977,-1.37533904725,0.0785533701866,1.90122952811,0.15678639504,-0.00433960304109,-0.053389698152,0.00130762036565,-0.0843129040021,-0.00914198615472,0.0250599998739,-0.0138856885881,0.574101247069,0.818769843977,0.00210893567019,0.0,0.81872651628,-0.574039742703,-0.0120835523757,0.0,-0.00868320258243,0.00866399085091,-0.999924765798,0.0,0.659424898205,0.257931800716,0.303343081874,1.0,-0.00964,-0.0126697142857,0.483
0.463266712927,0.534557299675,-0.124018397974,-1.37661926433,0.078485801678,1.90169237612,0.156632746694,-0.00734987681391,-0.0543374921424,0.00106980428356,-0.0831000080186,-0.00636915354366,0.0255873568873,-0.00974394072783,0.57411909959,0.818757383435,0.00208649430825,0.0,0.818713633693,-0.574057561535,-0.0121098699751,0.0,-0.00871744545765,0.00866091573252,-0.999924494491,0.0,0.65927292635,0.257736899246,0.303328265009,1.0,-0.00994,-0.013064,0.498
0.463129799233,0.533577814073,-0.124028743164,-1.37819000382,0.0783877635087,1.90226627848,0.156436036233,-0.00861042714127,-0.0534854160041,0.00309331822531,-0.0906948262424,-0.00607766868036,0.0405568964673,-0.0128982997572,0.574132566328,0.818747993911,0.00206534481931,0.0,0.818703990403,-0.57407114098,-0.0121180895098,0.0,-0.00873617481765,0.00864846238406,-0.999924438819,0.0,0.659077834079,0.257483739353,0.303318164524,1.0,-0.01032,-0.0135634285714,0.517
0.463002113385,0.532632225198,-0.124022213126,-1.37971665207,0.0783143392176,1.90284161784,0.156239765452,-0.00936526510477,-0.0593797467888,0.000329971742515,-0.0951972859785,-0.00788134072684,0.0333574691767,-0.00668516633718,0.574140295472,0.818742557458,0.00207186475397,0.0,0.818698446779,-0.574078650123,-0.012136870071,0.0,-0.00874772714108,0.00866466544632,-0.999924197548,0.0,0.658910366346,0.257268096686,0.303311394202,1.0,-0.01064,-0.013984,0.533
0.462870780131,0.53171184018,-0.124023637714,-1.3811933455,0.0782245034764,1.90337582871,0.156051046787,-0.00654643788056,-0.0527361632566,0.00696359543574,-0.0954559686131,-0.00445286908593,0.0333027121759,-0.0148215915983,0.574150715588,0.818735300846,0.00205178935428,0.0,0.81869089638,-0.574089126169,-0.012150650202,0.0,-0.00877042514897,0.00865625243363,-0.999924071586,0.0,0.65873594523,0.257039250055,0.303303673354,1.0,-0.01096,-0.0144045714286,0.549
0.462724544811,0.530705682171,-0.124025804631,-1.38282649401,0.0781194972,1.90394848524,0.15584290099,-0.00558607355572,-0.0579162072276,0.000417120029426,-0.099297024937,-0.00693381062181,0.0338978749665,-0.0140278017045,0.574164760268,0.818725571503,0.00200338067263,0.0,0.81868047608,-0.574103327155,-0.0121817378148,0.0,-0.0088235226248,0.00863461945813,-0.999923791494,0.0,0.658526724088,0.256771649115,0.303284973329,1.0,-0.01132,-0.0148777142857,0.567
0.462573238449,0.529620315675,-0.124025400326,-1.38455835338,0.0780215208701,1.90459230554,0.155610911196,-0.00655762263183,-0.0594937831664,0.00193249663376,-0.0971571852958,-0.00492346304374,0.0306265440166,-0.0137847988517,0.574163619147,0.81872637562,0.00200180250591,0.0,0.818681215268,-0.574102149918,-0.0121875398838,0.0,-0.00882919122369,0.00863664639862,-0.999923723952,0.0,0.658335846048,0.256520013339,0.303281178136,1.0,-0.01166,-0.0153245714286,0.584
0.462442951779,0.528581971095,-0.124039273396,-1.38615045635,0.0779165764858,1.90519457938,0.155397566592,-0.00833208040066,-0.0691372693126,-0.00185700515494,-0.100748744317,-0.00656361076099,0.0372774531481,-0.01824782667,0.574163553179,0.818726340848,0.00203467530573,0.0,0.8186817639,-0.574102088226,-0.0121535448618,0.0,-0.00878248506121,0.00864404049441,-0.999924071377,0.0,0.658153261162,0.256274723782,0.303307225629,1.0,-0.01198,-0.0157451428571,0.6
0.462304388123,0.527472155618,-0.124037180034,-1.38788507948,0.0778082739908,1.90586377907,0.155151888213,-0.00912800132005,-0.0720263870256,0.000110349381548,-0.104358558536,-0.00799960410659,0.0447726619658,-0.01816562755,0.574139287091,0.81874326985,0.00206978146492,0.0,0.818699189151,-0.574077707657,-0.0121313707457,0.0,-0.00874443111077,0.00865979168626,-0.999924268599,0.0,0.65795073807,0.256021303101,0.303320809978,1.0,-0.01232,-0.016192,0.617
0.462144622174,0.526244082985,-0.124038581401,-1.38979485984,0.0776893073413,1.90658886982,0.154895811185,-0.00623139462814,-0.0701994254742,0.00100095808764,-0.107522077358,-0.00860492897778,0.0427520533528,-0.0175343862902,0.574132614507,0.818747862853,0.00210355274888,0.0,0.818704264579,-0.574070929686,-0.0121095727079,0.0,-0.00870726593427,0.00867485526345,-0.99992446235,0.0,0.657727666623,0.255734767588,0.303338902961,1.0,-0.01268,-0.0166651428571,0.635
0.462000102394,0.525121106928,-0.124043572922,-1.39152986189,0.077580000914,1.9072009998,0.154667268671,-0.00912928912968,-0.0723753633001,0.000372347394643,-0.105219205255,-0.00638808372546,0.0398535244162,-0.0126758432435,0.574131118985,0.818748917028,0.00210142332932,0.0,0.818705285244,-0.574069437921,-0.012111286466,0.0,-0.00870990746109,0.00867407984026,-0.999924446071,0.0,0.657516091737,0.255469505881,0.303356239328,1.0,-0.013,-0.0170857142857,0.651
0.461844574824,0.523945522417,-0.124049195937,-1.39342527249,0.0774690287524,1.90789139747,0.154401388673,-0.00871945732861,-0.0686194990754,-0.000807397784434,-0.114703879572,-0.00924630660768,0.0369598480848,-0.0113837497934,0.574116735443,0.818759066707,0.00207645628678,0.0,0.818715043163,-0.574055099888,-0.0121312526833,0.0,-0.00874074109016,0.0086649480129,-0.999924256192,0.0,0.657286306501,0.255183339322,0.303340795588,1.0,-0.01334,-0.0175325714286,0.668
0.461686572773,0.522730313589,-0.124047463537,-1.39534733501,0.0773514855658,1.90863080682,0.154142256121,-0.00913152765305,-0.0682217747771,0.000135818382817,-0.112741054435,-0.0101810848324,0.0486919469051,-0.0140051393779,0.574104293425,0.818767725548,0.00210208794756,0.0,0.818724048861,-0.574042559557,-0.0121168698353,0.0,-0.0087143817888,0.0086775440204,-0.99992437703,0.0,0.657059781316,0.254899467122,0.303344192393,1.0,-0.01368,-0.0179794285714,0.685
0.461541048619,0.521633923199,-0.124047728942,-1.39708446847,0.0772428415162,1.909314651,0.153910582142,-0.0091515868781,-0.0695473693565,0.000925468646428,-0.112744459648,-0.00679362420682,0.0418099271913,-0.013507195635,0.57409785887,0.818772153738,0.00213438621271,0.0,0.818728964385,-0.57403605156,-0.0120930264247,0.0,-0.00867638570425,0.00869023170511,-0.999924597259,0.0,0.656858807417,0.254640717662,0.303347052865,1.0,-0.01398,-0.0183737142857,0.7
0.461363118429,0.520277216778,-0.124056041118,-1.39922921211,0.0771154307243,1.91009826636,0.153624048655,-0.0057931314489,-0.0754235430962,0.000866770521296,-0.11199380195,-0.0144122380546,0.0387905108402,-0.0107881991404,0.574094877885,0.818774255754,0.00212983609266,0.0,0.818730968673,-0.574033052204,-0.0120997030848,0.0,-0.00868449627862,0.00869030764754,-0.999924526191,0.0,0.656598905561,0.254314843178,0.303347351006,1.0,-0.01434,-0.0188468571429,0.718
0.46119236177,0.518943189416,-0.124061605491,-1.40130504937,0.0769774974239,1.91084190255,0.153336272608,-0.0111588542152,-0.077962898163,-8.42045059443e-05,-0.12645605155,-0.00920304328318,0.0450529984209,-0.0190428020512,0.574075971325,0.818787525749,0.00212455325301,0.0,0.81874423224,-0.574014233424,-0.0120949948919,0.0,-0.0086838743261,0.00868307883893,-0.999924594391,0.0,0.656344048842,0.253998838159,0.303360505626,1.0,-0.01468,-0.0192937142857,0.735
0.461023299378,0.517665639831,-0.124060218896,-1.40329311804,0.0768541995332,1.91156261124,0.153069054458,-0.00994790263188,-0.0768636059083,0.000286912029739,-0.123356320447,-0.0111430102465,0.0404790533092,-0.0201326986957,0.574066693482,0.818794009444,0.00213270595249,0.0,0.818750783747,-0.574004882983,-0.0120952604589,0.0,-0.0086795102832,0.0086898081543,-0.999924573823,0.0,0.656100366868,0.253698512603,0.303373215262,1.0,-0.015,-0.0197142857143,0.751
0.460835454862,0.516319742562,-0.12406806429,-1.40543408556,0.0767202153003,1.91235604699,0.152770132215,-0.0152315132353,-0.0749871463733,-0.00341102448978,-0.131140547338,-0.00899140554233,0.0408593160992,-0.0244380442342,0.574058465006,0.818799794648,0.00212648543151,0.0,0.818756518712,-0.573996713365,-0.0120947515284,0.0,-0.00868275158898,0.00868433550641,-0.999924593228,0.0,0.655843491084,0.253366478038,0.303367350208,1.0,-0.01534,-0.0201611428571,0.768
0.460653390399,0.514942080597,-0.124072667581,-1.40761805516,0.0765835280862,1.91317831533,0.15247797601,-0.00625441498665,-0.077499876154,-0.000976023508329,-0.131332393371,-0.013884436858,0.0464524049488,-0.0182413108867,0.57405002248,0.818805690426,0.00213539641065,0.0,0.81876256732,-0.573988270115,-0.0120859847546,0.0,-0.00867054753461,0.00868650970973,-0.999924680241,0.0,0.655580148631,0.253037004448,0.303365269578,1.0,-0.01568,-0.020608,0.785
0.460472291129,0.513603503328,-0.124074778863,-1.40975646131,0.0764604099199,1.91391258408,0.152187216317,-0.0125041505687,-0.0850295800221,3.394743007e-05,-0.131361333821,-0.00583586830152,0.0394297108009,-0.017370072066,0.57404071257,0.818812348419,0.00208453601678,0.0,0.818768368934,-0.573978990395,-0.0121335699274,0.0,-0.00873880525766,0.00867208224603,-0.999924211264,0.0,0.655306646667,0.252710856027,0.303349375266,1.0,-0.016,-0.0210285714286,0.801
0.460261445457,0.512097835246,-0.124081225262,-1.41218690774,0.0763041648792,1.9147788507,0.151838912818,-0.0165466819192,-0.0843862963436,-0.000370572740532,-0.136146679027,-0.0136343775004,0.0485171739104,-0.0160951446353,0.574017794936,0.818828554609,0.00202883119955,0.0,0.818783838127,-0.573956312505,-0.0121624282089,0.0,-0.00879465236116,0.00864279081853,-0.999923975238,0.0,0.655003819517,0.252333900316,0.303322689328,1.0,-0.01636,-0.0215017142857,0.819
0.46006783306,0.510647157625,-0.124085378788,-1.41450550412,0.0761685079787,1.91566275724,0.151511456784,-0.0141988602838,-0.0901388077906,-5.62932150887e-05,-0.13983290344,-0.00929532581743,0.0505791625642,-0.015064535637,0.573996036166,0.818843773634,0.00204248562954,0.0,0.818799192374,-0.573934453371,-0.0121602920787,0.0,-0.00878529572505,0.00865251162334,-0.999923973421,0.0,0.65472278631,0.251986619546,0.30331170201,1.0,-0.0167,-0.0219485714286,0.836
0.459880391472,0.509248934961,-0.124088310718,-1.41671127196,0.0760285121612,1.91647289558,0.151211967135,-0.0130064490501,-0.0876631836644,0.000528002807101,-0.135177606834,-0.0115970425785,0.0478725285848,-0.0130966292336,0.573983429318,0.818852615083,0.00204072095004,0.0,0.818808019364,-0.573921864444,-0.0121600920701,0.0,-0.00878627798187,0.00865081658142,-0.999923979456,0.0,0.654450071878,0.251651219946,0.30331074993,1.0,-0.01702,-0.0223691428571,0.852
0.459671897726,0.507728976844,-0.124097214635,-1.41910128674,0.0758728855463,1.91731720068,0.150868743051,-0.0175429686536,-0.0900696406979,-0.000846217332613,-0.14524771795,-0.00311153161401,0.0497667571739,-0.0144234249415,0.573961191157,0.818868271442,0.00201295115512,0.0,0.818823328668,-0.573899768355,-0.0121720668864,0.0,-0.00881225683272,0.00863471161917,-0.999923890046,0.0,0.654149913564,0.25127821849,0.303309931724,1.0,-0.01736,-0.022816,0.869
0.459441545396,0.506078381874,-0.124098138573,-1.42168627923,0.0757054456698,1.91827469333,0.150516653381,-0.0148484505913,-0.0956737055619,-0.00358779265155,-0.14472750397,-0.0129615687397,0.0487662061367,-0.0142900404082,0.573963956695,0.818866301956,0.0020255462364,0.0,0.818821625091,-0.573902576862,-0.0121542361126,0.0,-0.00879039741641,0.00863482075786,-0.99992408151,0.0,0.653853798357,0.250895542195,0.303316976568,1.0,-0.0177,-0.0232628571429,0.886
0.459243779948,0.504628586875,-0.124109954698,-1.42387144273,0.0755741512092,1.91913217565,0.150221111141,-0.0115758933552,-0.101035504824,-0.00234575196641,-0.146436673747,-0.00715268680306,0.0630364016607,-0.0136220960558,0.573956562363,0.818871224489,0.0021281743141,0.0,0.818827920924,-0.573894766829,-0.0120987364113,0.0,-0.00868612623301,0.00868692495879,-0.999924541426,0.0,0.653576865949,0.250540500819,0.303364386052,1.0,-0.01802,-0.0236834285714,0.902
0.459014345616,0.502960477033,-0.124119169633,-1.42634847333,0.0754165708265,1.92006663226,0.149875179837,-0.0159337051208,-0.101463718111,-0.00169139058605,-0.146545158506,-0.00374558426656,0.0518554942348,-0.0210809757592,0.573952441888,0.818873839366,0.00223081887673,0.0,0.818831981679,-0.573890317891,-0.0120347709733,0.0,-0.0085748788515,0.00873422019013,-0.999925089619,0.0,0.653280168077,0.25015122154,0.303431675459,1.0,-0.01836,-0.0241302857143,0.919
0.45878348774,0.501259125294,-0.12411957855,-1.42889911795,0.0752523211253,1.92097521283,0.149510167594,-0.0151858803462,-0.0966661828186,0.000422044101627,-0.157436632528,-0.0125303089679,0.0542648567771,-0.0279867206021,0.5739286816,0.818890356576,0.00228018514663,0.0,0.818849131685,-0.573866344087,-0.0120110600793,0.0,-0.00852738393583,0.00876078817566,-0.999925263364,0.0,0.652959063985,0.249755233113,0.303483973315,1.0,-0.0187,-0.0245771428571,0.936
0.458557334725,0.499641315846,-0.124128673366,-1.43134036023,0.0750962817682,1.92184561551,0.149177485762,-0.0102109502628,-0.106400751247,-0.00241771962646,-0.156333679997,-0.0155905628077,0.0560777417719,-0.02138085637,0.573930004202,0.818889325392,0.00231731234453,0.0,0.818848602076,-0.573867532005,-0.0119903915684,0.0,-0.00848913678878,0.00877934248668,-0.99992542607,0.0,0.652653741541,0.249367945125,0.303526391999,1.0,-0.01902,-0.0249977142857,0.952
0.458288645979,0.49787463764,-0.124128105081,-1.4341429668,0.0749230405801,1.92288425158,0.148766470021,-0.0162251785097,-0.0987193018722,-0.000860935792169,-0.162131999109,-0.00144883181118,0.0575026027373,-0.0265409382856,0.573908820501,0.818904168843,0.00231838395842,0.0,0.818863405668,-0.573846290979,-0.0119960030621,0.0,-0.00849334440458,0.00878322085615,-0.99992535628,0.0,0.652306895888,0.2489263494,0.303514448234,1.0,-0.01938,-0.0254708571429,0.97
0.458010633084,0.496104692603,-0.124131626751,-1.43697020792,0.0747477102879,1.92388713884,0.148346734158,-0.0145879043748,-0.10165070476,-0.00136291851381,-0.156426088381,-0.0130227185676,0.0536475881823,-0.0210102020226,0.573890885682,0.81891686898,0.00227154853905,0.0,0.818875383932,-0.57382843746,-0.0120323253783,0.0,-0.00855015969366,0.00876552581375,-0.999925027353,0.0,0.651948974813,0.248470872264,0.303489390229,1.0,-0.01974,-0.025944,0.988
0.457749735186,0.494522168798,-0.124126741047,-1.43954634429,0.0745910944482,1.92477645572,0.147985142788,-0.0183948857415,-0.098756134362,-0.000602624390889,-0.160753384682,-0.0117451530891,0.0530566419783,-0.0322012775291,0.573892290304,0.818916117083,0.00218614095982,0.0,0.818873297797,-0.57382997967,-0.0121005573715,0.0,-0.00865503487094,0.00873475721226,-0.999924394336,0.0,0.651615803101,0.248054284697,0.303442587058,1.0,-0.0219617142857,-0.0288639673469,1.004
0.457447526052,0.492263785489,-0.124201937275,-1.44296801247,0.0743961003643,1.9260422468,0.14749232362,-0.0153480278386,-0.154277235438,-0.00737689912231,-0.233363433566,-0.0127511829124,0.077332812981,-0.0339459264073,0.573909784609,0.818903637726,0.00226674894134,0.0,0.818862030736,-0.573847293178,-0.0120418284341,0.0,-0.00856049418126,0.00876724660083,-0.999924923845,0.0,0.651199223826,0.247491814635,0.303497959057,1.0,-0.0331914285714,-0.0436230204082,1.021
0.457084180591,0.489384391992,-0.124232348566,-1.44754641939,0.0741602542969,1.92779503826,0.146805497386,-0.0273804475955,-0.196422847647,-0.000994168897779,-0.320619822655,-0.0215242962536,0.121255700686,-0.0446138393157,0.57384139048,0.818951419884,0.00231891000084,0.0,0.818910168222,-0.573778355722,-0.0120532895462,0.0,-0.0085406826554,0.00881582514389,-0.999924666146,0.0,0.650578776897,0.246752498021,0.303466563555,1.0,-0.0444211428571,-0.0583820734694,1.038
0.456512696496,0.485611800204,-0.124288959698,-1.4534996628,0.0738161009412,1.9300346528,0.145926895093,-0.0381280176745,-0.253889392122,-0.00566633729704,-0.394725449278,-0.0183446371678,0.151266843818,-0.0625115558534,0.573825879943,0.818962124676,0.0023758692124,0.0,0.818921614651,-0.573762609847,-0.0120251195879,0.0,-0.00848509593162,0.00884614579629,-0.999924871604,0.0,0.649883379966,0.24584896299,0.30345792052,1.0,-0.0543297142857,-0.0714047673469,1.053
0.455762181902,0.480686078724,-0.124424057719,-1.46129668369,0.0733507512257,1.9327474476,0.144720070301,-0.0486411502928,-0.309226318201,-0.00362467141143,-0.494215837147,-0.0298612190276,0.169640066964,-0.0765814370466,0.573806711129,0.81897596916,0.00222869964121,0.0,0.818933485802,-0.573744006617,-0.012104032568,0.0,-0.00863437497987,0.00877070074838,-0.99992425832,0.0,0.648880107415,0.244532920175,0.303403376541,1.0,-0.0655594285714,-0.0861638204082,1.07
0.45478054124,0.47436863789,-0.124572859652,-1.47117130508,0.072762082304,1.93619954614,0.143293329051,-0.0595384842271,-0.367475226904,-0.01063872224,-0.580333518484,-0.0322361600289,0.213645497666,-0.0813642180167,0.573869488101,0.818932241473,0.00213105703523,0.0,0.818888336846,-0.573807053005,-0.012169823335,0.0,-0.00874361348653,0.00872915610213,-0.999923672616,0.0,0.647602075953,0.24286310793,0.30338150856,1.0,-0.0774497142857,-0.101791053061,1.088
0.45374837825,0.467915987258,-0.124682487213,-1.48105029368,0.0721849794068,1.9398513597,0.141780887597,-0.0656349145828,-0.430325845026,-0.00914381673131,-0.63929467962,-0.0363716913771,0.243106545227,-0.109614341269,0.573873254178,0.818929071444,0.00232615236718,0.0,0.818887647798,-0.573809909793,-0.0120811674907,0.0,-0.00855901478273,0.00883808650311,-0.999924312882,0.0,0.646352345144,0.241201819519,0.303457264762,1.0,-0.0880188571429,-0.115681926531,1.104
0.452453544407,0.460247421895,-0.124728942951,-1.49292768092,0.0714252509159,1.94410579736,0.139898748586,-0.0797907872832,-0.472414360881,-0.00259056149433,-0.72153070341,-0.0512722147364,0.253387132136,-0.108608150668,0.573777702062,0.818995929562,0.00235857558512,0.0,0.818954726031,-0.573714023572,-0.0120881251318,0.0,-0.00854714194914,0.00886763401195,-0.999924152839,0.0,0.644794728705,0.239202940106,0.303459665936,1.0,-0.0992485714286,-0.130440979592,1.121
0.450938537406,0.451644115804,-0.124874503541,-1.50618171936,0.0705404251873,1.94866213493,0.137821288088,-0.0903316187665,-0.527926135867,-0.0111858236902,-0.787878945986,-0.0571815512748,0.291734498955,-0.134029755312,0.573791159204,0.81898682289,0.00224420431598,0.0,0.818944240828,-0.57372808392,-0.0121310772927,0.0,-0.00864779590489,0.00879875250522,-0.999923895894,0.0,0.643028903162,0.236859318233,0.303463388527,1.0,-0.110478285714,-0.145200032653,1.138
0.449372568029,0.442715982112,-0.124987496087,-1.51967124122,0.0696234336536,1.95353787166,0.135775388709,-0.0987400072438,-0.558299339081,-0.00603502422923,-0.889011878357,-0.0498109685363,0.299451151152,-0.138088291865,0.573837796986,0.818953499077,0.00246900798223,0.0,0.818914401933,-0.573774357711,-0.0119555694703,0.0,-0.00837456321824,0.00888263485991,-0.999925479968,0.0,0.641250654525,0.234499850854,0.303585598526,1.0,-0.121047428571,-0.159090906122,1.154
0.447378429573,0.431778923469,-0.12510888882,-1.53614710377,0.0685301970592,1.95931122471,0.133057985866,-0.117694362731,-0.626163744126,-0.00761052430284,-0.927910114644,-0.0698503193909,0.344859542659,-0.148593681001,0.573758957951,0.819008162903,0.0026522009995,0.0,0.818971411297,-0.573694775165,-0.0118692597751,0.0,-0.00819962465548,0.00898234385375,-0.999926039092,0.0,0.639012941167,0.231576943498,0.303714511526,1.0,-0.132937714286,-0.174718138775,1.172
0.445257066511,0.42074712027,-0.125233660355,-1.55288008809,0.0673319987573,1.96509036118,0.130286883236,-0.132856259268,-0.670745968396,-0.00650533959752,-1.01582037754,-0.0716268374048,0.341537901987,-0.165197356926,0.573700487111,0.819049093303,0.00266096775868,0.0,0.819012860948,-0.573636723724,-0.0118148084055,0.0,-0.00815063621003,0.00895770061776,-0.999926660675,0.0,0.636698134483,0.228536793914,0.303757191689,1.0,-0.144167428571,-0.189477191837,1.189
0.443048569399,0.40960506629,-0.125376101287,-1.5694777722,0.0661421055603,1.97098642909,0.127522676609,-0.138665821978,-0.706579403631,-0.0154561259204,-1.07339590682,-0.077078453108,0.368903164217,-0.178430543231,0.5737080491,0.819042721071,0.00297361059878,0.0,0.819011293709,-0.573644046659,-0.0115652674532,0.0,-0.00776680364276,0.00907068233013,-0.9999286972,0.0,0.634417980461,0.225467662672,0.303918607309,1.0,-0.154736571429,-0.203368065306,1.205
0.440419430049,0.39710489824,-0.125510956923,-1.58823589173,0.0648891201246,1.97732767591,0.124351822707,-0.162943310081,-0.770765793776,-0.0079943722697,-1.1208040388,-0.0830930621093,0.398630293092,-0.18525196634,0.573770510102,0.818998666735,0.00305491816992,0.0,0.818967612633,-0.573705435928,-0.011613317608,0.0,-0.00775881785819,0.00916543467134,-0.999927895177,0.0,0.631733293274,0.221937951164,0.30397417108,1.0,-0.165966285714,-0.218127118367,1.222
0.437554560532,0.383979894772,-0.125640027534,-1.60808966789,0.0634089050083,1.98391733183,0.120886410384,-0.173778768021,-0.811592264254,-0.00873742987837,-1.18006248488,-0.0818867353125,0.379538997549,-0.218104423887,0.57372345713,0.819032265364,0.0028792243092,0.0,0.818998938293,-0.573658987398,-0.0116983825393,0.0,-0.00792981252399,0.00906989274914,-0.999927424926,0.0,0.628816807554,0.218145357664,0.30390990124,1.0,-0.177196,-0.232886171429,1.239
0.434608192913,0.370871585167,-0.125788591403,-1.62752503127,0.0619527373796,1.99044554191,0.117390402594,-0.193358799892,-0.829610089501,-0.0115345985513,-1.23668338402,-0.0972626177728,0.406632379497,-0.214873297522,0.573692720899,0.819053381037,0.00299464548289,0.0,0.819021823314,-0.573628180953,-0.0116064573544,0.0,-0.0077886450526,0.00911139552583,-0.999928157159,0.0,0.625949911678,0.214357896009,0.303983893433,1.0,-0.187765142857,-0.246777044898,1.255
0.43115198742,0.356365469066,-0.125983702927,-1.64900945259,0.0602733030972,1.99750125157,0.113526373264,-0.209475271314,-0.847239235376,-0.0146054634414,-1.28651739993,-0.111518372399,0.410776493592,-0.247223259334,0.573786177526,0.818987986218,0.0029745271927,0.0,0.818956660445,-0.573722266832,-0.0115540362982,0.0,-0.00775621376792,0.00906572972205,-0.999928824313,0.0,0.622719055145,0.210034553712,0.304012207005,1.0,-0.198994857143,-0.261536097959,1.272
0.426863522554,0.339369087335,-0.126180755066,-1.67396509993,0.0584175160356,2.00558532657,0.108805895676,-0.222038561341,-0.912693013094,-0.00685340813713,-1.32999244491,-0.0939981111721,0.438233736827,-0.246993081908,0.573891410937,0.818913915549,0.00306500802007,0.0,0.818883163115,-0.573826490226,-0.0115875443037,0.0,-0.00773056732004,0.00916005197157,-0.999928163308,0.0,0.618885844132,0.204907356954,0.304062588152,1.0,-0.211545714286,-0.278031510204,1.291
0.423296160338,0.32543467051,-0.12630670932,-1.69437243203,0.0567712918876,2.01217082493,0.104814348798,-0.245539110652,-0.957648851242,-0.0125349146359,-1.37987264936,-0.131041243668,0.451401711071,-0.273171136384,0.573809444201,0.818971235666,0.00309577112041,0.0,0.81894106012,-0.573744647953,-0.0115484153503,0.0,-0.007681785776,0.0091620202741,-0.999928521221,0.0,0.615670976266,0.200711002722,0.304068368156,1.0,-0.221454285714,-0.291054204082,1.306
0.41899667903,0.309087676046,-0.126432045524,-1.71804789256,0.0548276188565,2.01964625414,0.10007740022,-0.261774692135,-0.998759381174,-0.00595386314419,-1.40306325179,-0.12049769524,0.460314286578,-0.292681985183,0.573685656684,0.819057721739,0.00315637084915,0.0,0.819028349906,-0.573620709982,-0.0115147744753,0.0,-0.00762085198561,0.00919119512367,-0.999928719733,0.0,0.611844254122,0.195783680441,0.304112837016,1.0,-0.232684,-0.305813257143,1.323
0.41429114349,0.292165046375,-0.126562729558,-1.74244429716,0.0527744033948,2.02711133363,0.0950568704261,-0.290055278875,-1.0198761398,-0.00840651497021,-1.43148346821,-0.112364665037,0.448826731102,-0.285427066968,0.573600825563,0.819117392747,0.00308815705188,0.0,0.819086916455,-0.573535840279,-0.0115762735282,0.0,-0.00771130670704,0.00916980563706,-0.999928222631,0.0,0.607800015871,0.190566115392,0.304113942693,1.0,-0.243913714286,-0.320572310204,1.34
0.409509324703,0.275747838338,-0.126726508693,-1.76600242369,0.0508205137688,2.03423972204,0.0900195916061,-0.303227915978,-1.02362733664,-0.0063506640424,-1.47284666222,-0.111182003075,0.429108017026,-0.313593633086,0.5735499066,0.8191531791,0.00305298382845,0.0,0.819121578431,-0.573484253156,-0.0116789567983,0.0,-0.00781616692459,0.00919940663043,-0.999927136572,0.0,0.603823631837,0.185412871806,0.304084665036,1.0,-0.254482857143,-0.334463183673,1.356
0.403946890872,0.257710320169,-0.126962520701,-1.79155994121,0.0485363314517,2.04186782988,0.0844014121875,-0.337550166001,-1.0505237908,-0.00716253238625,-1.51861582094,-0.126174205128,0.429373048036,-0.33471955812,0.57360569071,0.819114148826,0.0030446147897,0.0,0.819082803142,-0.573540485852,-0.0116369921829,0.0,-0.00778596500501,0.0091690130872,-0.999927651357,0.0,0.599458635254,0.179597230528,0.304104218389,1.0,-0.265712571429,-0.349222236735,1.373
0.397954384368,0.23909431793,-0.127185198083,-1.81765425343,0.0461908981307,2.04945921973,0.0784582641541,-0.363487885935,-1.0834930129,-0.0148833573075,-1.55440983076,-0.130336528317,0.433817894218,-0.363301278066,0.573669408768,0.819069425689,0.00307119629677,0.0,0.819038327158,-0.573603992415,-0.0116372433821,0.0,-0.00777020939685,0.0091915349735,-0.999927567142,0.0,0.59488732157,0.173545344636,0.304138650456,1.0,-0.276942285714,-0.363981289796,1.39
0.392052870676,0.221094521914,-0.127350019977,-1.8426342407,0.0439213588066,2.05659530616,0.0725190379371,-0.382325539507,-1.10984863811,-0.0123535989417,-1.56046611439,-0.142349766402,0.447572498303,-0.384612458821,0.573555267049,0.819149015945,0.00316104702694,0.0,0.819118687735,-0.573489099483,-0.0116436712202,0.0,-0.0077252245436,0.00926774008141,-0.999927212301,0.0,0.590384196374,0.167747728636,0.304179407829,1.0,-0.287511428571,-0.377872163265,1.406
