position_joint1,position_joint2,position_joint3,position_joint4,position_joint5,position_joint6,position_joint7,velocity_joint1,velocity_joint2,velocity_joint3,velocity_joint4,velocity_joint5,velocity_joint6,velocity_joint7,ee_T_00,ee_T_10,ee_T_20,ee_T_30,ee_T_01,ee_T_11,ee_T_21,ee_T_31,ee_T_02,ee_T_12,ee_T_22,ee_T_32,ee_T_03,ee_T_13,ee_T_23,ee_T_33,v_x,v_y,time
0.465082130829,0.547862291672,-0.123913721696,-1.35585502306,0.0795076171737,1.89409872383,0.159171745688,-0.000535069629209,0.00210024707609,-0.000466774887372,0.00116957802018,-0.000291475651932,0.000508970086431,-0.00112790507177,0.573760199695,0.819009439312,0.00187575729119,0.0,0.818964833206,-0.573701470071,-0.0119988379379,0.0,-0.00875120530431,0.00842079703493,-0.999926250572,0.0,0.66164968768,0.260936757422,0.303143822857,1.0,0.0,0.0,0.0
0.465085032078,0.547854193916,-0.123914600639,-1.35585760612,0.0795057452233,1.89409791287,0.159169447046,0.000396295428176,-0.00102745491158,-0.000393056329857,0.0010543424065,0.000157349012913,-0.000103876135277,-3.45227737778e-05,0.573756180383,0.819012247888,0.00187887797047,0.0,0.818967700656,-0.573697455327,-0.0119950795724,0.0,-0.00874637796851,0.00842115354343,-0.999926289806,0.0,0.661648699183,0.260937610905,0.303148285186,1.0,-0.0003,-0.000394285714286,0.016
0.465084211184,0.547846674635,-0.123909246351,-1.35586404231,0.0795077592737,1.89409897402,0.159177827259,-4.33625798402e-05,-0.00297636579355,0.00190973122054,-0.000425703258968,0.00016348173785,0.000578742265982,-0.000396016685306,0.573760854086,0.819008963355,0.0018833914964,0.0,0.818964424244,-0.573702060176,-0.0119985362832,0.0,-0.00874657158007,0.00842688330171,-0.999926239841,0.0,0.661646505901,0.260939900232,0.303150467474,1.0,-0.00064,-0.000841142857143,0.033
0.465078630575,0.547813487367,-0.123916845362,-1.35589600101,0.0795034398427,1.89410145545,0.159170407699,0.000702778242904,1.62704040364e-05,0.000280091376816,-0.00222001393547,-0.000121197548423,-5.64191424532e-05,0.00169182053822,0.573765215857,0.819005905988,0.00188412601424,0.0,0.818961425882,-0.573706465879,-0.0119925321602,0.0,-0.00874118768501,0.0084240865205,-0.999926310487,0.0,0.661643997735,0.26092792231,0.303159226366,1.0,-0.00098,-0.001288,0.05
0.465080985335,0.547720140472,-0.123914261581,-1.35601336062,0.0795041473711,1.89412208205,0.15916987611,-0.000163858261874,-0.00576200027737,-0.000711738547531,-0.0111984729225,-0.000423530524817,0.000835900531264,-0.000909471073078,0.573767616606,0.819004216549,0.00188740826516,0.0,0.818959663636,-0.573708740787,-0.0120040402939,0.0,-0.00874870543691,0.00843340319622,-0.999926166206,0.0,0.661622426648,0.260919786474,0.303171204945,1.0,-0.0013,-0.00170857142857,0.066
0.465074592828,0.547570056358,-0.123911834996,-1.35621173348,0.0795059050829,1.89416115509,0.159170293142,-0.000643419076193,-0.00703990062587,-0.000432610829007,-0.0120880926716,0.000336099576024,0.000959536282802,-0.000374284808046,0.573782793135,0.81899357956,0.00188940267926,0.0,0.818948867799,-0.573723728636,-0.0120242268466,0.0,-0.00876393816947,0.00844678127704,-0.999925919893,0.0,0.66158971503,0.260898322821,0.303186424264,1.0,-0.00166,-0.00218171428571,0.084
0.465053167574,0.547413093768,-0.123912151045,-1.35641542426,0.0794993595375,1.89427034265,0.159158115511,-0.00018687828561,-0.0123596083396,0.000588557957603,-0.0118926759481,0.000233027913925,0.0102279495958,0.000552235269178,0.57380045431,0.818981076342,0.00194476947237,0.0,0.818937086241,-0.573741149136,-0.0119953936715,0.0,-0.00870837381154,0.00847576936829,-0.999926160053,0.0,0.661574970312,0.260868216545,0.303210143467,1.0,-0.00198,-0.00260228571429,0.1
0.46503437804,0.547219072734,-0.123913992352,-1.35663656386,0.0794964806504,1.89439770839,0.159146449119,-0.000963175417517,-0.0122499427636,-0.00060779114064,-0.0159859409664,-0.000156798225343,0.00783709541511,0.00106359798512,0.573819420744,0.818967568985,0.00203475546317,0.0,0.818924736032,-0.573759718412,-0.0119502779786,0.0,-0.00861959533718,0.00852377727711,-0.999926521199,0.0,0.661560283218,0.260839222633,0.303253437249,1.0,-0.00232,-0.00304914285714,0.117
0.465009062279,0.547000515018,-0.123911864592,-1.35691373536,0.0794907814927,1.8945207569,0.159126085991,0.000199953764696,-0.0140665290365,-0.000651910439154,-0.0133910435314,-0.00297107488636,0.00670351757359,0.000237801267281,0.573836061935,0.818955753821,0.00209623634388,0.0,0.818913644951,-0.573776026976,-0.0119272747094,0.0,-0.00856530499832,0.00856110172164,-0.999926668855,0.0,0.661533463,0.260801121002,0.303286921877,1.0,-0.00266,-0.003496,0.134
0.464973997206,0.546779770238,-0.123909706217,-1.35726389159,0.079487396263,1.89465560184,0.159059485223,-0.00253819380401,-0.0195822898929,0.000197301964299,-0.0212335263054,0.000612109339188,0.0128347959851,-0.00659363242094,0.573827471556,0.81896173518,0.00211094770246,0.0,0.818919649833,-0.573767209036,-0.0119391730604,0.0,-0.00856669825002,0.00857988723248,-0.999926495907,0.0,0.661494689896,0.260749117713,0.303288235704,1.0,-0.00298,-0.00391657142857,0.15
0.464930340237,0.546494170574,-0.123912522743,-1.35767680228,0.0794738403177,1.8948102919,0.158956283344,-0.00593392929341,-0.0196824334527,0.000179393190888,-0.0276336004586,-0.000978544004976,0.0122609179581,-0.00199493938134,0.573800156824,0.818980795939,0.002140750618,0.0,0.81893900995,-0.573739686233,-0.0119338729771,0.0,-0.00854554372977,0.00860096797274,-0.999926495815,0.0,0.661451118381,0.260681658748,0.30330746569,1.0,-0.00332,-0.00436342857143,0.167
0.464885835847,0.546197550188,-0.123912446757,-1.35819282739,0.0794555764268,1.89498607806,0.158938741044,-0.00300853808734,-0.0223171266562,0.00354544918276,-0.0334577118677,-0.000224003041401,0.0110055601594,-0.00776310644002,0.573846154935,0.818948647449,0.00210955173205,0.0,0.818906312536,-0.573785664221,-0.0119670265483,0.0,-0.00859011505026,0.00859492287964,-0.999926165886,0.0,0.661388150409,0.260603877265,0.303287132356,1.0,-0.00368,-0.00483657142857,0.185
0.464844057236,0.54591257746,-0.123917986495,-1.3586808874,0.0794284704419,1.89514712941,0.15887740431,-0.00261370176911,-0.0193873757535,-0.000134152408939,-0.0359882536148,-0.00285849405012,0.00932400792145,-0.00856798405476,0.573854012221,0.818943233907,0.0020734505406,0.0,0.818900399292,-0.573793642126,-0.011989128274,0.0,-0.00862884887502,0.00857812399412,-0.999925976638,0.0,0.661329387009,0.26052538368,0.303270732733,1.0,-0.00398,-0.00523085714286,0.2
0.46478475466,0.5455585506,-0.123915604908,-1.35929587372,0.0793343086999,1.89535259508,0.158759050927,-0.00460001423799,-0.0224250942688,0.00175248480815,-0.0360269759549,-0.0108455846272,0.00919330397555,-0.0028214093686,0.573813332831,0.818971928246,0.00199667494109,0.0,0.818928556918,-0.573753749303,-0.0119750042557,0.0,-0.00866175935821,0.00850671501142,-0.999926302147,0.0,0.661254061209,0.260410660251,0.303250097798,1.0,-0.00434,-0.005704,0.218
0.464713066815,0.545159184389,-0.123912937915,-1.35998890503,0.0793140951208,1.89557479265,0.158726138413,-0.00604045764596,-0.0234693287423,-3.9785385819e-05,-0.0413591982624,-0.000163706074547,0.00853289458476,-0.00300510450521,0.573868281392,0.818933540883,0.00194887949031,0.0,0.818889276721,-0.573808631244,-0.012031379085,0.0,-0.00873478417462,0.0085005070156,-0.999925719704,0.0,0.661167450799,0.260303378278,0.303221108704,1.0,-0.00468,-0.00615085714286,0.235
0.464654836468,0.544728308255,-0.123921080586,-1.36070682084,0.0792909122103,1.89581747159,0.158616222416,-0.00342607605478,-0.0256526276059,-0.000237114354258,-0.0395017025005,-0.000471688782018,0.0145030740513,-0.0103092058292,0.573873416993,0.818930016214,0.00191747595209,0.0,0.818885154899,-0.57381372084,-0.0120691243746,0.0,-0.00878366332181,0.00849650582105,-0.999925325536,0.0,0.661086348175,0.260196748532,0.303202885042,1.0,-0.005,-0.00657142857143,0.251
0.464586941936,0.544268758777,-0.123922210288,-1.36147535579,0.0792598079889,1.89610169476,0.158506534568,-0.00150386269125,-0.023345028904,-0.000154375922307,-0.0530548947698,-0.00201144612217,0.0146252960524,-0.00408358315061,0.573874606595,0.818929215419,0.00190340236365,0.0,0.818884022244,-0.573814829077,-0.0120932603949,0.0,-0.00881149339363,0.00849884446416,-0.999925060806,0.0,0.660998007034,0.26008027249,0.303186992499,1.0,-0.00534,-0.00701828571429,0.268
0.464509171993,0.543758999697,-0.123920007889,-1.36230435668,0.0792215834421,1.89639257668,0.158417533503,-0.00266045260932,-0.0319128648747,-0.00100331723807,-0.0458660068125,-0.00158564163128,0.0183351471899,-0.00244391663048,0.5738997904,0.818911607732,0.00188578938959,0.0,0.818866031744,-0.573839940739,-0.0121198749833,0.0,-0.00884313529429,0.00849996623744,-0.999924771936,0.0,0.660900493784,0.259951987867,0.303178254246,1.0,-0.00568,-0.00746514285714,0.285
0.464442518732,0.543246186994,-0.123929354526,-1.36311316305,0.0791750245606,1.89666978368,0.158307836389,-0.00550825406813,-0.031256789847,-0.000981240805204,-0.0499125386191,-0.00166132795895,0.00836179766658,-0.0112549272712,0.573903547603,0.8189090126,0.00186923314474,0.0,0.81886320667,-0.57384375834,-0.0121299908747,0.0,-0.0088608816765,0.00849225454453,-0.999924680358,0.0,0.660805092922,0.259824529107,0.303180404515,1.0,-0.006,-0.00788571428571,0.301
0.464361472049,0.542631047814,-0.123923233586,-1.3640749718,0.0791144851257,1.89701426847,0.158181287543,-0.00146953541823,-0.0322990761983,0.000395643639478,-0.0540880877641,-0.00562124275746,0.0142781528711,-0.00554741248001,0.573899250649,0.818912027722,0.00186758049373,0.0,0.818866165776,-0.573839436349,-0.0121346915623,0.0,-0.00886572422787,0.00849355239984,-0.99992462641,0.0,0.660691399743,0.259682016901,0.303187356271,1.0,-0.00636,-0.00835885714286,0.319
0.464281110234,0.542025121713,-0.123933429133,-1.3649990203,0.0790648840425,1.89736824795,0.158056906123,-0.00320598133481,-0.0399362298776,0.00428381997486,-0.0525993296545,-0.000491903572825,0.0195816093317,-0.0120654939952,0.573908508552,0.81890546832,0.00189859651591,0.0,0.818860019457,-0.573848562111,-0.01211788761,0.0,-0.00883406763078,0.00850940741746,-0.999924771788,0.0,0.660590867349,0.25953728739,0.303207057673,1.0,-0.0067,-0.00880571428571,0.336
0.46420467894,0.541427970226,-0.123928607874,-1.36592144361,0.079010305211,1.89770594715,0.157935037049,-0.00348038485422,-0.0350841738649,0.000412242879081,-0.0586191273931,-0.00224365105352,0.0269790193361,-0.00707113086079,0.573904496817,0.818908251062,0.00191096219735,0.0,0.818862915786,-0.573844449695,-0.0121169140689,0.0,-0.00882621578995,0.00851893156443,-0.999924760029,0.0,0.660482891398,0.259402031676,0.303219332173,1.0,-0.00702,-0.00922628571429,0.352
0.464117214855,0.540723010059,-0.123928806301,-1.36697829187,0.0789491717331,1.89810343005,0.15780370123,-0.00261500978069,-0.0430702207372,0.000394902346591,-0.0609969378798,-0.00185726065147,0.0295541138056,-0.0189299219331,0.573910956731,0.818903628799,0.00195125243991,0.0,0.818858802227,-0.573850713789,-0.0120982312897,0.0,-0.00878772709076,0.00854127217599,-0.999924908442,0.0,0.6603628674,0.259245046934,0.303249092196,1.0,-0.00736,-0.00967314285714,0.369
0.464012583411,0.539950903601,-0.123928911641,-1.36815304625,0.0788767463928,1.89853774523,0.15766348079,-0.00746511853491,-0.0426370522645,-2.0672453737e-05,-0.070116382981,-0.00926596989046,0.0255189883704,-0.00632837951234,0.573927519451,0.818891958348,0.00197733941078,0.0,0.8188474808,-0.573867168299,-0.0120840074866,0.0,-0.00876093506214,0.00855464854054,-0.999925029192,0.0,0.660229559383,0.259064348725,0.303273252184,1.0,-0.00772,-0.0101462857143,0.387
0.463924214777,0.539293659414,-0.123931699932,-1.3691697029,0.0788248900215,1.89892910383,0.157533327144,-0.00594699426113,-0.0432980008467,-0.000196796940874,-0.067546880131,-0.00345540903667,0.0288267094819,-0.00249329629351,0.573937707395,0.818884742719,0.00200825151534,0.0,0.818840610397,-0.573877163306,-0.0120748954833,0.0,-0.00873562618628,0.00857484081966,-0.999925077663,0.0,0.660116248577,0.258910507617,0.303287772063,1.0,-0.00802,-0.0105405714286,0.402
0.463814541777,0.538527443878,-0.123929254768,-1.37036932457,0.0787558262991,1.89939321709,0.15738363799,-0.00360168915096,-0.0530304620637,0.000316528683685,-0.0701000834321,-0.00433495528768,0.0299119167484,-0.0111390246149,0.573951132484,0.818875266104,0.00203543220715,0.0,0.818831464889,-0.573890445833,-0.0120637966877,0.0,-0.00871079733587,0.00859087110771,-0.999925156671,0.0,0.659983050996,0.258727515653,0.303298206211,1.0,-0.00836,-0.0109874285714,0.419
0.463700246128,0.537701594361,-0.123940611454,-1.37167659846,0.0786773743543,1.89989538002,0.157224661693,-0.00208485376837,-0.0486084582384,-0.00215832502841,-0.074350529465,-0.000379231098279,0.0278669657883,-0.0053626819524,0.573973751506,0.818859378342,0.00204889827746,0.0,0.81881581944,-0.573913069851,-0.0120494393823,0.0,-0.00869107427182,0.00859389770696,-0.999925302285,0.0,0.659838686679,0.258522546501,0.303303127806,1.0,-0.00872,-0.0114605714286,0.437
0.463598899317,0.536974949624,-0.123945941082,-1.37282245842,0.0786112959915,1.90031423055,0.157073818505,-0.00212886584895,-0.0506815033773,-0.00136177574521,-0.0772976044923,-0.00425855122769,0.0245343544223,-0.00629569785435,0.573982340442,0.818853358509,0.00204866312597,0.0,0.818809773999,-0.573921636423,-0.0120522259255,0.0,-0.00869340095781,0.00859539572346,-0.999925269184,0.0,0.659706810449,0.258343842183,0.303307271223,1.0,-0.00902,-0.0118548571429,0.452
0.463474036202,0.53607090073,-0.123943770803,-1.3742359607,0.0785341724494,1.90083753457,0.15690533515,-0.00136059018828,-0.050051074863,-0.00011534050269,-0.083338830695,-0.00422818624196,0.0267965741961,-0.00947634450536,0.57400215617,0.8188394275,0.00206484496839,0.0,0.81879595521,-0.573941282295,-0.012055501216,0.0,-0.00868658718878,0.00861073618332,-0.999925196415,0.0,0.659543055426,0.258129852235,0.303317934333,1.0,-0.00938,-0.012328,0.47
0.463356486895,0.535172677271,-0.123950156848,-1.37564535975,0.078454265074,1.90134849839,0.156737492382,-0.00636087889361,-0.0551471436242,-0.000558300396052,-0.0829542958757,-0.0034775743966,0.0260769044287,-0.0135503794262,0.574021341749,0.81882597603,0.00206569513687,0.0,0.818782468501,-0.573960415863,-0.012060563797,0.0,-0.00869004299298,0.00861454183295,-0.999925133608,0.0,0.659377508564,0.257914864452,0.303325461119,1.0,-0.00972,-0.0127748571429,0.487
0.463233237158,0.534277899398,-0.123952664813,-1.37711863759,0.0783742104182,1.9018911838,0.156558636807,-0.00406801459463,-0.0554637764549,-0.000948476750954,-0.0874742614456,0.000237612999927,0.0354409691413,-0.00702199618167,0.574036917782,0.818815126753,0.00203767642154,0.0,0.818771153894,-0.573976012377,-0.0120864249554,0.0,-0.00872713821933,0.00860661050725,-0.999924878835,0.0,0.659203577025,0.25769287943,0.30330262547,1.0,-0.01006,-0.0132217142857,0.504
0.463093711672,0.533352854786,-0.123950908822,-1.37860785151,0.0782816685912,1.9024456048,0.156365045071,-0.00949044322058,-0.0539215898319,-0.000112101035626,-0.0885763208804,-0.00667379045127,0.0213428589762,-0.0104625804365,0.574048091652,0.818807319588,0.00202700800886,0.0,0.818763203738,-0.573987227545,-0.0120923828142,0.0,-0.00873802308632,0.00860141445323,-0.999924828486,0.0,0.659032606945,0.257459956542,0.303294219432,1.0,-0.0104,-0.0136685714286,0.521
0.462969837464,0.532405526585,-0.123950488279,-1.38015920061,0.0782067677516,1.90302454195,0.156172954769,-0.00614723590905,-0.0608978151335,0.00112582183087,-0.0871942705647,-0.00543455464653,0.0330277287476,-0.0169484933424,0.574056697345,0.818801318069,0.00201411605357,0.0,0.818756837487,-0.573995695516,-0.0121214478837,0.0,-0.008769132392,0.00860763535314,-0.999924502615,0.0,0.658847539874,0.257234012856,0.303273977365,1.0,-0.01074,-0.0141154285714,0.538
0.462860355015,0.531539294023,-0.123956568318,-1.38155055174,0.078124136179,1.90352890741,0.155994906335,-0.0102694874643,-0.0566389814371,-0.00138225856554,-0.0943804754308,-0.00577404638074,0.0354682035915,-0.00825442734723,0.574058445431,0.818800138948,0.00199514124153,0.0,0.818755387669,-0.57399750468,-0.0121337004101,0.0,-0.00879003872315,0.00859915139575,-0.999924392049,0.0,0.658680589238,0.25702543076,0.303266239069,1.0,-0.01104,-0.0145097142857,0.553
0.462731433629,0.530518189489,-0.123953725155,-1.38319894607,0.0780178619605,1.90411058803,0.155797569634,-0.00739542151056,-0.0588510938033,0.00151576426124,-0.0951009204243,-0.000661732061107,0.0332971658905,-0.000116067736865,0.574061356855,0.818798199416,0.00195297197688,0.0,0.818752870303,-0.574000577159,-0.0121581944421,0.0,-0.00883427076251,0.00857871617689,-0.99992417777,0.0,0.658477020334,0.256782211458,0.303251505119,1.0,-0.01138,-0.0149565714286,0.57
0.462584610038,0.529470026702,-0.123957010395,-1.38483966727,0.0779164091357,1.90471993455,0.15555771933,-0.011905932642,-0.0582689426646,-0.000651488103578,-0.0931687231222,-0.00278984592381,0.0364830221188,-0.0151341710558,0.574049302068,0.818806622163,0.00196499304114,0.0,0.818761466582,-0.573988486202,-0.0121501214068,0.0,-0.00882088631631,0.00858379456246,-0.999924252349,0.0,0.658286752785,0.256527580618,0.30326183611,1.0,-0.01172,-0.0154034285714,0.587
0.462465166928,0.52841886399,-0.123952681195,-1.38644018268,0.0778092349038,1.90532722489,0.155338369217,-0.00674480375944,-0.0693191225067,0.00119380522543,-0.100516026062,-0.00419304591874,0.031826535753,-0.0126173558895,0.57402232445,0.818825427049,0.00200946583088,0.0,0.818780932722,-0.573961393554,-0.0121181608031,0.0,-0.00876947122556,0.00860157274648,-0.999924551814,0.0,0.658096664805,0.256299181818,0.30329270957,1.0,-0.01204,-0.015824,0.603
0.462313172097,0.527223393256,-0.123957323996,-1.38828616928,0.0777095428398,1.9060433074,0.155075661267,-0.0106707861329,-0.0711911948643,-0.000132070373465,-0.104160746212,0.000595913799678,0.0422860522314,-0.0144484547497,0.574008173781,0.818835197193,0.00206958248438,0.0,0.818791429585,-0.573946924728,-0.0120941860074,0.0,-0.0087154824819,0.00863688431126,-0.999924719464,0.0,0.657884084204,0.256025482294,0.303317836692,1.0,-0.0124,-0.0162971428571,0.621
0.462159435883,0.526060310518,-0.123962997596,-1.39010274946,0.0775911523242,1.90671281543,0.15483511024,-0.0112236221675,-0.0675759927689,-0.00254957959918,-0.11428763729,-0.00816551841041,0.040767509694,-0.0193349519093,0.57400713207,0.818835908789,0.00207694778721,0.0,0.818792312306,-0.573945925637,-0.0120818315922,0.0,-0.00870114935552,0.0086358126498,-0.999924853546,0.0,0.657669357861,0.255746994408,0.303329815242,1.0,-0.01274,-0.016744,0.638
0.462022503076,0.525014444852,-0.123965918756,-1.3917238454,0.0774865712338,1.90729674565,0.154619034117,-0.00832386856732,-0.0681952427024,0.000303568157149,-0.105937245398,-0.0032129638705,0.0417153501344,-0.0216043135257,0.573994900917,0.818844484699,0.00207617456686,0.0,0.818800881971,-0.5739337032,-0.0120816768812,0.0,-0.00870159545514,0.00863496074058,-0.999924857022,0.0,0.657459446322,0.255485853559,0.303340798713,1.0,-0.01306,-0.0171645714286,0.654
0.461858365837,0.523837078511,-0.12396404056,-1.39361377512,0.0773707624125,1.9079843178,0.154358096011,-0.0111525809427,-0.0716869439449,0.00108353368835,-0.110648653839,-0.0059173256512,0.041903253183,-0.0168166673362,0.573992940097,0.81884590364,0.00205857051685,0.0,0.818802040621,-0.573931788649,-0.012094095852,0.0,-0.00872188971121,0.0086276534849,-0.999924743286,0.0,0.657245837055,0.255211557988,0.303332477591,1.0,-0.01338,-0.0175851428571,0.67
0.461678073891,0.522472114222,-0.123972931565,-1.39578282861,0.0772324478297,1.90881436863,0.154069085969,-0.00961539594408,-0.0694462836913,-0.00185739346574,-0.111279625336,-0.0068267350106,0.0432447087419,-0.0122563098679,0.573989280745,0.818848433518,0.00207253856265,0.0,0.818804862394,-0.573928177869,-0.0120743889467,0.0,-0.00869777365299,0.00862774059032,-0.999924952597,0.0,0.656992336273,0.254882322084,0.303331724168,1.0,-0.01376,-0.0180845714286,0.689
0.461524269692,0.521291218058,-0.123970768992,-1.39765462131,0.0771199304352,1.90954117629,0.153803820621,-0.00706917298376,-0.0788457662856,0.000165850149091,-0.116137283007,-0.00817614030945,0.0415539276819,-0.0125805332465,0.57397342229,0.818859489947,0.0020959796412,0.0,0.818816210352,-0.57391220639,-0.0120639928124,0.0,-0.00867597374003,0.00864079970996,-0.99992502922,0.0,0.656786988889,0.254624450811,0.303326047198,1.0,-0.01406,-0.0184788571429,0.704
0.461352768211,0.520004934987,-0.123983133778,-1.39969427806,0.0769888173174,1.91028320053,0.153530677302,-0.0102443568823,-0.0817239089553,-0.00211313970348,-0.12273279558,-0.00971418015678,0.039613667241,-0.0147246175933,0.573965120226,0.818865336896,0.00208511285665,0.0,0.818821998098,-0.573904034144,-0.0120599305689,0.0,-0.00867897152525,0.00862948191869,-0.999925100943,0.0,0.656526093621,0.254291143999,0.303330726005,1.0,-0.01442,-0.018952,0.722
0.461191841739,0.518734828132,-0.123984190169,-1.40166421545,0.076869394246,1.91098060047,0.153271257559,-0.0116104441604,-0.0847042310784,0.000679407410421,-0.123787281515,-0.00684617139613,0.0420091708442,-0.0129465213355,0.57395713051,0.818870902603,0.00209859644032,0.0,0.818827671257,-0.573895919525,-0.0120608970397,0.0,-0.00867210867628,0.00864099305834,-0.999925061077,0.0,0.656269882303,0.253975156152,0.303353945591,1.0,-0.01476,-0.0193988571429,0.739
0.461005846053,0.517398143059,-0.123988798713,-1.40378993316,0.0767206687507,1.91173879415,0.152987978091,-0.0129414649925,-0.0813197586698,-0.000782595772979,-0.127183048625,-0.0100000436467,0.0519519623248,-0.0194976514052,0.573953219302,0.81887377636,0.00204630027588,0.0,0.818829970291,-0.573892340679,-0.0120750968466,0.0,-0.00871379186713,0.00860627840012,-0.999924998089,0.0,0.656020355546,0.253663823526,0.3033372775,1.0,-0.01508,-0.0198194285714,0.755
0.460819504818,0.516032544847,-0.123991787931,-1.40593467759,0.0765958980258,1.91254973325,0.15268368698,-0.0171564941047,-0.0848911766259,-0.000834210576073,-0.131350862601,-0.00789614383092,0.0483294307214,-0.0182155408272,0.573938582147,0.81888396401,0.00207468353739,0.0,0.818840479936,-0.573877535078,-0.0120660702961,0.0,-0.00869026451407,0.00862418418355,-0.999925048566,0.0,0.655764449251,0.253338093684,0.303344716599,1.0,-0.01542,-0.0202662857143,0.772
0.460621058984,0.514570955637,-0.123991964696,-1.4082873671,0.076456409439,1.91341013959,0.152366296594,-0.0106496377677,-0.083612074881,-0.00353835400755,-0.131308577257,-0.0102675893887,0.0443795667388,-0.0168286954559,0.573927621513,0.818891709446,0.00204947942575,0.0,0.818847795788,-0.573866585118,-0.0120903564886,0.0,-0.00872473291156,0.00861736716404,-0.999924807182,0.0,0.655473942122,0.252983723699,0.303324282284,1.0,-0.01578,-0.0207394285714,0.79
0.460453357378,0.513349981274,-0.123992330441,-1.41029300497,0.0763373137277,1.91410049069,0.152079388531,-0.0101051835438,-0.0764765201749,0.000351380598821,-0.139843080469,-0.00476327543097,0.0439826808148,-0.018484302462,0.573903222569,0.81890900088,0.00197137117184,0.0,0.818863904183,-0.573842373085,-0.0121484229186,0.0,-0.00881736632472,0.00858646907265,-0.999924260432,0.0,0.655215923517,0.252679288115,0.303285256584,1.0,-0.01608,-0.0211337142857,0.805
0.46025461381,0.511889788984,-0.123995614106,-1.41257168935,0.0761962920717,1.91492020167,0.151764620018,-0.00722704635086,-0.0863264525957,0.00120566547553,-0.138527461856,-0.00429477372108,0.05225446006,-0.0108993374098,0.573891604761,0.818917142758,0.00197134041678,0.0,0.818872003358,-0.573830715703,-0.0121531367773,0.0,-0.00882136620159,0.00858902400971,-0.99992420321,0.0,0.654933983599,0.252328832386,0.303294683138,1.0,-0.01642,-0.0215805714286,0.822
0.460055290136,0.510429331949,-0.124003110446,-1.41490097329,0.0760528873339,1.91582057757,0.151433574102,-0.0125651130342,-0.0803081221501,-0.00046629246036,-0.135580669616,-0.00308354896942,0.0578981967463,-0.0147070930518,0.573872262345,0.818930644953,0.00199303011209,0.0,0.818885847591,-0.57381133657,-0.0121353013995,0.0,-0.00879451625101,0.0085963425272,-0.99992437683,0.0,0.654656423453,0.251974615545,0.303286911343,1.0,-0.01676,-0.0220274285714,0.839
0.45985357584,0.508920764652,-0.124002003741,-1.41727635966,0.0759004980705,1.9166832747,0.151097668125,-0.00809373305494,-0.0913494947268,0.00068361396861,-0.141593440327,-0.00931556690779,0.0585782025438,-0.0169976231778,0.57384383035,0.818950585276,0.00198598769073,0.0,0.818905683564,-0.573782927355,-0.0121400413491,0.0,-0.00880273761718,0.00859298987746,-0.999924333305,0.0,0.654359765939,0.251615174326,0.303286789034,1.0,-0.0171,-0.0224742857143,0.856
0.459628173048,0.507304973253,-0.124009934752,-1.41979876052,0.0757380797697,1.91758807851,0.150754007512,-0.00931640729973,-0.0974541982739,-0.000826077862472,-0.141834553368,-0.00696719665157,0.0624695569578,-0.0225229227311,0.573839266245,0.818953800149,0.00197904988009,0.0,0.818908830093,-0.573778416389,-0.0121409959378,0.0,-0.0088075482273,0.00858780696432,-0.99992433547,0.0,0.654046694498,0.251220264262,0.30329506864,1.0,-0.01746,-0.0229474285714,0.874
0.459407886293,0.505726155753,-0.124011801994,-1.4222401404,0.0755900784414,1.91851314642,0.150430384999,-0.0149009863983,-0.0959349418359,0.00108303346139,-0.145648660297,-0.0051492951734,0.0621328858941,-0.018439093645,0.573842289397,0.818951553244,0.00203156101139,0.0,0.818907261977,-0.573781200438,-0.0121151643032,0.0,-0.00875622969259,0.00861601957062,-0.999924543477,0.0,0.653751620279,0.250845075889,0.30331703818,1.0,-0.0178,-0.0233942857143,0.891
0.45920497095,0.504178458611,-0.124017979426,-1.42457807578,0.0754484828604,1.9194038632,0.150089656763,-0.0159995510137,-0.0983407132775,0.000382201696161,-0.14143375919,-0.00820833482761,0.0543052737735,-0.0180245465711,0.573816108373,0.818969682341,0.00211661994793,0.0,0.818926528665,-0.573754681036,-0.0120687008127,0.0,-0.00866964638534,0.00865873786748,-0.999924928927,0.0,0.653468967668,0.25048936614,0.30336303074,1.0,-0.01812,-0.0238148571429,0.907
0.45898554112,0.502603837159,-0.124026495837,-1.42691372289,0.0752991634372,1.92028914438,0.149767899936,-0.0118494752568,-0.0986301648366,0.00129099948022,-0.144486835793,-0.000152605800735,0.052439248613,-0.0157100537875,0.573817858139,0.818968188605,0.00221779954445,0.0,0.81892646601,-0.573756115951,-0.0120045648905,0.0,-0.00855904549894,0.00870481605131,-0.999925481682,0.0,0.653190614736,0.250120612297,0.303427894915,1.0,-0.01844,-0.0242354285714,0.923
0.458758650072,0.50089110271,-0.124028692495,-1.42948651216,0.0751258877708,1.92118442188,0.149400070649,-0.0108094877088,-0.100440545585,0.00163839109392,-0.154538886128,-0.0138876595475,0.0511998673916,-0.0185397761083,0.57379554047,0.81898374063,0.0022488265456,0.0,0.818942411137,-0.573733661203,-0.0119900019243,0.0,-0.00852955335901,0.00872163698638,-0.999925587115,0.0,0.65284189681,0.249697132324,0.30347940509,1.0,-0.0188,-0.0247085714286,0.941
0.458524774665,0.499289805369,-0.124033959767,-1.4319445166,0.0749688811481,1.92208366254,0.149054233724,-0.017058548502,-0.0976528393715,9.31693942542e-05,-0.148981503483,-0.00935680591946,0.0513529129068,-0.0202230024686,0.573782734364,0.818992639041,0.00227548751206,0.0,0.818951721482,-0.573720813522,-0.0119688309228,0.0,-0.00849705347176,0.00873119105174,-0.999925780438,0.0,0.652558313986,0.249330947347,0.30350158391,1.0,-0.0191,-0.0251028571429,0.956
0.458272943813,0.497613262649,-0.124034200658,-1.43458935464,0.074816048623,1.92306954549,0.148659369815,-0.0170448617576,-0.0995531860243,0.00644795039169,-0.158172146112,-0.00167645065739,0.0544887885244,-0.0246276322607,0.573759009045,0.819009205866,0.00229502660017,0.0,0.818968414095,-0.57369687897,-0.0119739164869,0.0,-0.00849026169922,0.00874986521497,-0.999925674895,0.0,0.652231338445,0.248917119245,0.303497223474,1.0,-0.01944,-0.0255497142857,0.973
0.457990271899,0.495829999246,-0.12403716644,-1.43744472639,0.0746383684233,1.92405579026,0.148245515639,-0.0184208029865,-0.0970923526854,0.000109628137977,-0.158397644022,-0.00186027174025,0.0512343561876,-0.0246423528881,0.573749679203,0.819015942675,0.00222219714587,0.0,0.818974050215,-0.573687696342,-0.0120282601469,0.0,-0.00857665478871,0.00872130010964,-0.99992518716,0.0,0.651864572201,0.248454358981,0.303466502208,1.0,-0.0198,-0.0260228571429,0.991
0.457745791058,0.494360857821,-0.124037104954,-1.43987291267,0.0744879111834,1.92490657823,0.147905442045,-0.0206275077423,-0.101466609901,-0.00259331460264,-0.159780475611,-0.0117962524859,0.0591418884106,-0.0215678591109,0.573765318333,0.819005210914,0.00213796049154,0.0,0.818962096412,-0.57370356654,-0.0120850850784,0.0,-0.00867135904501,0.00868507850798,-0.999924685636,0.0,0.651535930976,0.248030373411,0.303414098156,1.0,-0.0217937142857,-0.0286431673469,1.007
0.457449736677,0.492216389966,-0.124096366337,-1.44319810699,0.0742851655019,1.92615861802,0.14743597224,-0.0137372168353,-0.128672629859,-0.00117002816682,-0.194288673318,-0.0160274816752,0.0722109661414,-0.0265257304063,0.573765764038,0.819004795977,0.00217694391981,0.0,0.818962396113,-0.573704053209,-0.0120415939814,0.0,-0.00861336750562,0.00869205692879,-0.99992512622,0.0,0.651149394805,0.247518768568,0.303428295427,1.0,-0.0269325714286,-0.0353970938776,1.024
0.457091430504,0.489818120321,-0.124102624779,-1.44709532888,0.0740646607264,1.92756188159,0.146866427907,-0.0218841634283,-0.146523272761,-0.000855746430024,-0.248222744975,-0.0155896127201,0.0858375005584,-0.0362835347481,0.573732566568,0.819028241097,0.00210457720301,0.0,0.818984566828,-0.573670839633,-0.0121158554682,0.0,-0.00871606103359,0.0086750441244,-0.999924384086,0.0,0.650645589255,0.246911227016,0.303363563933,1.0,-0.0320714285714,-0.0421510204082,1.041
0.456660981459,0.487095703277,-0.124129830564,-1.45137568625,0.0738105135524,1.92914242981,0.146245330673,-0.0314385207559,-0.173329858252,-0.00689257857093,-0.278074793894,-0.022326932273,0.0998232554989,-0.0458457065003,0.573740071144,0.819022936242,0.00212310471194,0.0,0.818979434341,-0.573678193332,-0.0121145995698,0.0,-0.00870432362084,0.00868957761638,-0.999924360135,0.0,0.650113720857,0.246210193162,0.303356150582,1.0,-0.036908,-0.0485076571429,1.057
0.456109695213,0.483559472781,-0.12418909331,-1.45683844981,0.0734730063537,1.93115087196,0.145400857208,-0.0378650773955,-0.201777521446,-0.000547087590705,-0.317130851911,-0.0151556502815,0.115893761252,-0.0481319811704,0.573720702376,0.819036349025,0.00218209599722,0.0,0.818993751842,-0.573658708536,-0.0120692777589,0.0,-0.00863356504222,0.00871168522758,-0.999924781219,0.0,0.649436770304,0.245298540388,0.303386868049,1.0,-0.0423491428571,-0.0556588734694,1.075
0.455510181927,0.479764418321,-0.124254056709,-1.4627880639,0.0731198943388,1.93322557838,0.144513271735,-0.0397635110684,-0.225468783816,0.00070426698249,-0.360558548633,-0.0240524935131,0.12065048975,-0.0554619325896,0.573726775653,0.819032271344,0.00211478069372,0.0,0.818988592153,-0.573664867377,-0.0121265313127,0.0,-0.00871901296637,0.00868946427205,-0.999924233141,0.0,0.648668491518,0.244300865839,0.303368385477,1.0,-0.047488,-0.0624128,1.092
0.454897988922,0.476015492079,-0.124318702513,-1.46850824241,0.0727725292408,1.93530606088,0.143706134115,-0.0461302912144,-0.256894335936,-0.00415682261073,-0.38508297923,-0.025013933428,0.146002612191,-0.0534293970722,0.573797203292,0.818982703431,0.00220178948107,0.0,0.818940221535,-0.573734972562,-0.012076494192,0.0,-0.00862736233727,0.00873276069102,-0.999924650916,0.0,0.647953414001,0.243323564066,0.303424009795,1.0,-0.0520222857143,-0.0683721469388,1.107
0.454079649744,0.471158184867,-0.124361847487,-1.47600866827,0.0723278101503,1.93799895433,0.142582920221,-0.0492930582749,-0.278104259388,-0.00139973022232,-0.428184139017,-0.0228675742477,0.149835092675,-0.0679586497617,0.573818570471,0.818967592093,0.00225348291397,0.0,0.818925479137,-0.573755806457,-0.0120864005593,0.0,-0.00860558714068,0.00878100472767,-0.999924416057,0.0,0.646992352731,0.242056306738,0.303447516028,1.0,-0.0574634285714,-0.0755233632653,1.125
0.453188374698,0.465776283456,-0.124404422018,-1.48410594254,0.0718052802603,1.94101561335,0.141269086091,-0.0511594402115,-0.306323715739,-0.00143381654572,-0.471903690701,-0.0281221060289,0.167078493188,-0.07954238853,0.573745462313,0.819018104669,0.00249711853873,0.0,0.818979413078,-0.573681965609,-0.0119360877374,0.0,-0.00834348072204,0.00889353608047,-0.999925642908,0.0,0.645972388108,0.240689351803,0.303570736062,1.0,-0.0629045714286,-0.0826745795918,1.143
0.45236635305,0.460981805904,-0.124431919813,-1.49154845698,0.0713238110962,1.94356654191,0.140157148138,-0.0570172136747,-0.327632170755,-0.0023656214641,-0.504473410984,-0.0356288023331,0.172415609929,-0.0680778781168,0.573744626954,0.819018944449,0.00241217259321,0.0,0.818978871984,-0.573681181307,-0.0120106768639,0.0,-0.0084533166169,0.00886675041856,-0.999924958272,0.0,0.644974225019,0.23942308003,0.30355406779,1.0,-0.0674388571429,-0.0886339265306,1.158
0.451355881461,0.455216846639,-0.124488018376,-1.50049366829,0.0707259301351,1.94665796967,0.138790925993,-0.0597455132161,-0.345415777718,-0.00198135412988,-0.534168905203,-0.0333532234621,0.182599709935,-0.078225231096,0.573743463627,0.819020029543,0.00231863203026,0.0,0.818978682555,-0.573680348128,-0.0120632745678,0.0,-0.00855007447805,0.0088203049569,-0.999924546377,0.0,0.643778057726,0.237873897462,0.303531411123,1.0,-0.0725777142857,-0.0953878530612,1.175
0.450200245625,0.448562479958,-0.124541096112,-1.5103523361,0.0700457446753,1.95038612498,0.1372187793,-0.0640309239663,-0.378786361585,-0.00406141538293,-0.560931903096,-0.0328625993572,0.209391139368,-0.0880814490093,0.573703776875,0.819046573203,0.00272657750793,0.0,0.819011278914,-0.573639867022,-0.011771783013,0.0,-0.00807772049939,0.00898678713046,-0.999926991379,0.0,0.642524752163,0.23616856907,0.303729809544,1.0,-0.0780188571429,-0.102539069388,1.193
0.449151663465,0.442791463431,-0.124564751328,-1.51921279228,0.0694699054748,1.95342568864,0.135871167755,-0.0704015190049,-0.389343880996,-0.00242039894558,-0.59733998723,-0.0460369594008,0.206322055754,-0.0972125284634,0.573715158181,0.819038730427,0.00268742186253,0.0,0.819002549218,-0.573650972126,-0.0118377977162,0.0,-0.0081541296408,0.00899270248286,-0.999926318021,0.0,0.641310788892,0.234629365997,0.303728916247,1.0,-0.0825531428571,-0.108498416327,1.208
0.447882023667,0.435914592074,-0.124594910634,-1.52986879165,0.0687299476949,1.95702916871,0.134141530707,-0.0774599977749,-0.418428827027,-0.00460803154895,-0.616161503659,-0.0415854026306,0.219964839652,-0.104923800815,0.573632233621,0.819097245299,0.00255150858675,0.0,0.819059039015,-0.573568299139,-0.0119349793197,0.0,-0.00831260428655,0.00893629706792,-0.999925518829,0.0,0.639743955048,0.232651731791,0.303688486202,1.0,-0.0879942857143,-0.115649632653,1.226
0.446414553981,0.428192039107,-0.124627702081,-1.54152738572,0.0679267955783,1.96120654002,0.132267380968,-0.0860783936852,-0.425506648818,-0.00156635828318,-0.66826040096,-0.0522822027722,0.228918668605,-0.108797250303,0.573598504884,0.819120382556,0.00270203215767,0.0,0.819084330698,-0.573534212664,-0.0118369341685,0.0,-0.00814632300023,0.00900301327878,-0.99992628887,0.0,0.638246167367,0.230696095513,0.303746495573,1.0,-0.0931331428571,-0.122403559184,1.243
0.444997031894,0.421047001683,-0.124702649466,-1.55251022958,0.0671281591589,1.96487271472,0.130419347394,-0.082883707418,-0.444350126709,-0.00171873976775,-0.695363688325,-0.0517622052162,0.226271014561,-0.116845131674,0.573543110875,0.819159757686,0.00251758948882,0.0,0.81912138767,-0.573479618813,-0.0119174648768,0.0,-0.00831868154075,0.00889756258052,-0.999925813707,0.0,0.636698571223,0.228679557708,0.303695987165,1.0,-0.0979697142857,-0.128760195918,1.259
0.44337777498,0.413023490859,-0.124818135766,-1.56448902085,0.066281945802,1.96915975849,0.128491570795,-0.0961288952401,-0.469626869618,-0.000362547356455,-0.725325592939,-0.046882050736,0.258529569082,-0.119793283573,0.573638574134,0.81909214756,0.00275444610257,0.0,0.819057452357,-0.573574837417,-0.0117278523919,0.0,-0.00802646536079,0.00898377109657,-0.999927431222,0.0,0.635072497819,0.226444054087,0.303807514035,1.0,-0.103108571429,-0.135514122449,1.276
0.441614415063,0.404744382274,-0.124870560814,-1.57714287687,0.0654299339995,1.97335450399,0.126392350015,-0.10135652803,-0.493277942306,-0.00794256554661,-0.745993162638,-0.0604156811314,0.242490930116,-0.121014670112,0.573679120066,0.819064222568,0.00261025094194,0.0,0.819026927427,-0.573615110062,-0.0118888418022,0.0,-0.00824060424374,0.00895841858977,-0.999925916845,0.0,0.633249022002,0.22408040776,0.303745931222,1.0,-0.108247428571,-0.14226804898,1.293
0.439849958782,0.396567486492,-0.12499246291,-1.58925632531,0.0645797129446,1.97756658297,0.124290634103,-0.109467213241,-0.523654678934,-0.00562321626335,-0.758230779962,-0.0584522543665,0.266777590111,-0.136115354566,0.57373704497,0.819022964464,0.00281670222955,0.0,0.818988631455,-0.573672572229,-0.0117536514012,0.0,-0.00801079983339,0.00905052657742,-0.99992695486,0.0,0.631555985756,0.221743999695,0.303857599442,1.0,-0.113084,-0.148624685714,1.309
0.437875766572,0.387660846256,-0.125048399889,-1.60271732567,0.0635428505967,1.98210086182,0.121992177335,-0.113721587208,-0.536290318414,-0.000188893966965,-0.794365305211,-0.0644605612749,0.263288995403,-0.138418352564,0.573738501975,0.819022200307,0.00274110507975,0.0,0.818987224067,-0.573674679407,-0.0117488690325,0.0,-0.00805023698028,0.0089858815648,-0.99992722116,0.0,0.629599192053,0.219169954088,0.303827901612,1.0,-0.118222857143,-0.155378612245,1.326
0.435795555301,0.378363105787,-0.125121507172,-1.61651178669,0.0625062881158,1.98670389811,0.119510946119,-0.11915290644,-0.555756791811,-0.0020765683742,-0.794143916076,-0.064129338601,0.276897527373,-0.146569482334,0.573688437743,0.819057090834,0.00279378881793,0.0,0.819022928641,-0.573624580858,-0.0117059598364,0.0,-0.00798541721334,0.00900392426393,-0.999927578607,0.0,0.627569617735,0.216500348454,0.303886330613,1.0,-0.123361714286,-0.162132538775,1.343
0.433675246963,0.369441330751,-0.125186072962,-1.62996725905,0.0614922606851,1.99115431619,0.117136994449,-0.136164450092,-0.56863954845,-0.00329672167309,-0.872309584196,-0.0638827199522,0.26415193548,-0.149392239482,0.573742461474,0.819019648319,0.00267403622348,0.0,0.818983867217,-0.573678954451,-0.0117740970151,0.0,-0.00810933462156,0.00894546415837,-0.999927106025,0.0,0.62543532227,0.213671460462,0.303822064109,1.0,-0.128500571429,-0.168886465306,1.36
0.431163006111,0.358972102771,-0.125327912743,-1.64538930558,0.0602717336119,1.99623937101,0.114343508637,-0.142613716959,-0.578611976806,-0.00251113837307,-0.868118709438,-0.068980047782,0.275774203709,-0.165492533792,0.57380206796,0.818977710227,0.00272834323637,0.0,0.818943218347,-0.573739008177,-0.0116748670405,0.0,-0.00799625288627,0.00893359304109,-0.999928122844,0.0,0.623257862119,0.210725520457,0.303882993811,1.0,-0.133639428571,-0.175640391837,1.377
0.428618801263,0.34888916786,-0.125414811108,-1.66052544237,0.0591780549975,2.0009931489,0.111521662484,-0.154029368746,-0.605926056506,-0.00568811683195,-0.893980481083,-0.0593623302843,0.27750509715,-0.165100551018,0.573846080129,0.81894763306,0.00248948332584,0.0,0.818908964436,-0.573782730843,-0.0119261332204,0.0,-0.00833861657552,0.00888259602946,-0.999925780726,0.0,0.620900755119,0.2076562789,0.303769062056,1.0,-0.138778285714,-0.182394318367,1.394
0.426120350074,0.338980955581,-0.125509125203,-1.67482800553,0.0580719820214,2.00574363852,0.108814932587,-0.154560914647,-0.608872759093,-0.00470325966262,-0.903936662707,-0.0713574472376,0.297531490263,-0.175751791085,0.573900094632,0.818908927374,0.00275625636349,0.0,0.818873995238,-0.573836026046,-0.0117618891316,0.0,-0.00805043180998,0.00900734936531,-0.99992702644,0.0,0.618721515341,0.204713683545,0.303906995603,1.0,-0.143614857143,-0.188750955102,1.41
