position_joint1,position_joint2,position_joint3,position_joint4,position_joint5,position_joint6,position_joint7,velocity_joint1,velocity_joint2,velocity_joint3,velocity_joint4,velocity_joint5,velocity_joint6,velocity_joint7,ee_T_00,ee_T_10,ee_T_20,ee_T_30,ee_T_01,ee_T_11,ee_T_21,ee_T_31,ee_T_02,ee_T_12,ee_T_22,ee_T_32,ee_T_03,ee_T_13,ee_T_23,ee_T_33,v_x,v_y,time
0.465091484886,0.547879439661,-0.123987487562,-1.3558540001,0.079461644298,1.89409705988,0.159169994602,0.00249596876653,4.79157477514e-05,-0.000485655995832,0.00129573462868,0.000180885762283,0.0021601260405,0.000315256702447,0.57379042069,0.818988400466,0.00181657010953,0.0,0.818943830646,-0.573732714941,-0.0119382140475,0.0,-0.00873520130608,0.00833786227444,-0.999927085497,0.0,0.661666217156,0.260892584244,0.30313437445,1.0,0.0,0.0,0.0
0.465093593311,0.547885023167,-0.123982170567,-1.35585684156,0.0794599620587,1.8940977821,0.159176346854,0.00100011776559,0.00178292668327,0.00102228049059,4.26247746056e-05,-0.000201055622218,-5.05106483841e-05,0.000834814419019,0.573789904158,0.818988776432,0.00181021176143,0.0,0.818944110001,-0.573732212444,-0.0119431988826,0.0,-0.00874293736933,0.00833550968647,-0.9999270375,0.0,0.661663883359,0.260896420132,0.303128950368,1.0,-0.00024,-0.000315428571429,0.013
0.465087980464,0.54787682824,-0.12398805993,-1.35586080601,0.0794627850448,1.89409816021,0.159168010346,0.000121035066447,8.49763357873e-05,0.000352468928779,-0.000236301099982,0.000280646617342,0.00736071690916,-0.00111015242066,0.573792742172,0.818986778226,0.00181466851043,0.0,0.818942170307,-0.573735031527,-0.0119407785863,0.0,-0.00873836912954,0.00833780118553,-0.999927058328,0.0,0.661665926468,0.260889419541,0.303133101961,1.0,-0.00056,-0.000736,0.029
0.465082665715,0.547855413872,-0.123982779252,-1.35588728891,0.0794613483861,1.89409823121,0.159171626629,-0.000442887107999,-0.00155929027043,0.00149369098613,-0.00114658866046,0.000228859399687,-0.000628614018917,0.00546061713418,0.573797393812,0.818983524584,0.00181224028678,0.0,0.818938843846,-0.573739653681,-0.0119468294995,0.0,-0.0087446707786,0.00833933415439,-0.999926990454,0.0,0.661660689713,0.260885867764,0.303135496884,1.0,-0.00092,-0.00120914285714,0.047
0.465081395305,0.547764926358,-0.123982858248,-1.35598631024,0.0794619417801,1.89412103582,0.159166419017,-0.000408877834105,-0.00648054608451,0.00213695415503,-0.00905269495676,-4.20565924719e-05,0.000264397138511,-0.000414550485291,0.57379978791,0.818981809506,0.00182920585286,0.0,0.818937271098,-0.573741899907,-0.0119467652485,0.0,-0.0087348595527,0.00835321704051,-0.999926960329,0.0,0.661645249537,0.260876064996,0.303154454928,1.0,-0.00124,-0.00162971428571,0.063
0.465083269646,0.547636909501,-0.123980728504,-1.35616124405,0.079457767407,1.89414793767,0.159165935477,0.000130317834063,-0.0069189328603,0.000699462822437,-0.0162526286405,-0.000169441896052,-0.000267013101471,0.000216134416246,0.573804767983,0.818978345528,0.00181788268908,0.0,0.818933538941,-0.573746812605,-0.011966650535,0.0,-0.00875759186892,0.00835540710521,-0.999926743195,0.0,0.661613144992,0.260860600373,0.303164141083,1.0,-0.00156,-0.00205028571429,0.079
0.465061953972,0.547477428588,-0.123986101736,-1.356383687,0.0794556082487,1.89424402133,0.159157210506,-0.00219609093136,-0.00824122349457,-0.000285091489287,-0.0123127388951,0.000178539367834,0.010202184102,-0.000242361193612,0.573830791176,0.818960039002,0.00185054535181,0.0,0.818915601112,-0.573772638338,-0.0119559462522,0.0,-0.00872981799617,0.00837629182589,-0.999926811328,0.0,0.661592436236,0.260825260411,0.303179758814,1.0,-0.00192,-0.00252342857143,0.097
0.465042104615,0.547283626558,-0.123983645981,-1.35659606477,0.0794492661103,1.89437508809,0.159152754881,-0.000830918133202,-0.0107070608487,0.000113095247779,-0.0126748237146,0.000220253696671,0.00594587556372,0.00127249934623,0.573852164354,0.818944832908,0.00194962067957,0.0,0.818901687198,-0.573793593991,-0.0119031550458,0.0,-0.00862951360826,0.00842736120237,-0.999927252893,0.0,0.661579978707,0.260798781836,0.303227241409,1.0,-0.00226,-0.00297028571429,0.114
0.465019340259,0.547083791498,-0.123980753374,-1.3568395628,0.079445795457,1.89449536314,0.159135915935,-0.00105859563634,-0.0126693850491,0.00128059568372,-0.0161070130117,-0.00122244071404,0.0083701098798,-0.00275933549025,0.573867840577,0.818933673789,0.00202148155522,0.0,0.818891389058,-0.573808899994,-0.0118737574144,0.0,-0.00856404055783,0.00846950442987,-0.999927459721,0.0,0.661558872706,0.260766736382,0.303263232389,1.0,-0.00258,-0.00339085714286,0.13
0.464978568316,0.546856660254,-0.123980429686,-1.35719651623,0.0794385119852,1.8946277217,0.159105987532,-0.00426832140393,-0.0167325521948,0.00156580911665,-0.0190981249254,0.000279297083768,0.00686887812896,-0.00116720262126,0.573894547596,0.818914934226,0.00203116797533,0.0,0.818872644333,-0.573835434393,-0.0118841700904,0.0,-0.00856673314663,0.00848369164598,-0.999927316388,0.0,0.661520343037,0.260708369803,0.303265674906,1.0,-0.00292,-0.00383771428571,0.147
0.464937540277,0.546573974993,-0.123981169529,-1.3575995348,0.0794263298242,1.89477248003,0.158985145434,-0.00920764621397,-0.0198429270788,-0.000198180463612,-0.025042220438,-0.000322522697574,0.00694039582607,-0.00227497814358,0.573848950608,0.818946814656,0.00205998834779,0.0,0.818904780671,-0.57378960738,-0.0118824895325,0.0,-0.0085492916479,0.00850585221898,-0.999927277401,0.0,0.661475747261,0.260644533681,0.303286624419,1.0,-0.00326,-0.00428457142857,0.164
0.464901639686,0.546299822279,-0.123986317906,-1.3580438245,0.0794116506939,1.89493301522,0.158936908673,-0.00312790096988,-0.0135489147071,-0.0011377461629,-0.0327471039151,0.000282339613683,0.012639465934,-0.00168027244815,0.573863397008,0.818936699714,0.00205677828477,0.0,0.818894531518,-0.573803973148,-0.0118951061831,0.0,-0.00856131628052,0.00851061438765,-0.999927133998,0.0,0.661424379187,0.260577187148,0.303283383594,1.0,-0.00358,-0.00470514285714,0.18
0.46485713682,0.545982817873,-0.123986050057,-1.35857985497,0.0793585990634,1.89511652664,0.158897105892,-0.00174822804022,-0.0166624203694,-2.09955646305e-05,-0.0340190639416,-0.00502517783062,0.0137301408498,-0.002818608004,0.573882881375,0.818923151106,0.0020144350309,0.0,0.818880594053,-0.5738237893,-0.0118986729434,0.0,-0.00858833335007,0.00847818969949,-0.999927177763,0.0,0.661360765105,0.26049230084,0.303268548222,1.0,-0.00392,-0.005152,0.197
0.464796842131,0.545606208575,-0.123988256933,-1.35921956216,0.0792763408394,1.89533375108,0.158793606302,-0.00229866429139,-0.0215764643913,-0.000928959920655,-0.0373287884834,-0.000275170739879,0.0139744257484,-0.003199854758,0.573862844603,0.818937346716,0.00195054846085,0.0,0.81889433181,-0.573804385072,-0.0118889823928,0.0,-0.0086172643448,0.00842010044689,-0.999927419698,0.0,0.6612878901,0.260381575129,0.303249499859,1.0,-0.00428,-0.00562514285714,0.215
0.464740706536,0.545233073756,-0.123989354123,-1.35986793726,0.0792635613668,1.89553952311,0.158725743097,-0.00119995428007,-0.0249390631233,-0.00157435418257,-0.0420622404443,0.000431892998645,0.0109004933144,-0.00464933915418,0.573886645161,0.818920774471,0.00190539958767,0.0,0.818876883194,-0.573828090628,-0.0119465257613,0.0,-0.00869005363185,0.00841640130787,-0.999926820901,0.0,0.661205339869,0.260283642616,0.303222934844,1.0,-0.0046,-0.00604571428571,0.231
0.464673702376,0.544802428456,-0.123989230654,-1.36057620314,0.0792412907633,1.89577987781,0.15863814221,-0.0061196167875,-0.0258208428653,0.00014940477814,-0.0421723415966,0.000575377103486,0.0115302990335,-0.00751056223004,0.573903175251,0.818909237676,0.00188488349743,0.0,0.818864852615,-0.573844487111,-0.0119835163767,0.0,-0.00873195037401,0.00842100507705,-0.999926417151,0.0,0.661120442856,0.260173697548,0.303211482852,1.0,-0.00494,-0.00649257142857,0.248
0.464604010363,0.544352332997,-0.123990225669,-1.36132840601,0.0792049399255,1.89605621522,0.158532015658,-0.00410882243869,-0.0307535440975,5.92871700782e-05,-0.0463613613694,-0.0060047955597,0.0168613611397,-0.00446417839783,0.573906341917,0.818907060195,0.00186664720153,0.0,0.818862346017,-0.57384764384,-0.0120036176252,0.0,-0.00875884475756,0.00841764145335,-0.999926210253,0.0,0.661034781436,0.26005653636,0.303195980135,1.0,-0.00528,-0.00693942857143,0.265
0.464537854282,0.543875255701,-0.12398994382,-1.36210765172,0.0791681653744,1.89632822884,0.158462632414,-0.00549621830372,-0.0314505624573,0.000246176476415,-0.0473371153716,0.00017545110503,0.0176603854825,-0.0044727788928,0.573937044928,0.81888558876,0.00184604503302,0.0,0.818840480235,-0.573878311921,-0.0120290455223,0.0,-0.00879117607482,0.00841569326989,-0.999925942923,0.0,0.660941454756,0.259939240529,0.303186233889,1.0,-0.0056,-0.00736,0.281
0.464453080142,0.54331172758,-0.124000846385,-1.36300548827,0.0791099962622,1.8966372595,0.158320156593,-0.00741541322903,-0.0269251236615,-0.000159171438697,-0.0475726056729,0.00043401479523,0.0184074958221,-0.00952044101949,0.573931760257,0.818889350418,0.00182023125875,0.0,0.818843954393,-0.573873187802,-0.0120370086248,0.0,-0.00881256592795,0.00839906861819,-0.999925894418,0.0,0.66083896567,0.259789276404,0.3031846953,1.0,-0.00596,-0.00783314285714,0.299
0.46437789202,0.542781493658,-0.123999413943,-1.36385858593,0.0790707124044,1.89694392649,0.158229209087,-0.00583933101934,-0.0348694795828,0.00047040504105,-0.0560948343618,0.00018313667748,0.0192536116756,-0.00441983044219,0.573954787949,0.81887322694,0.00181286873225,0.0,0.818827593001,-0.573896109946,-0.0120571485252,0.0,-0.00883304787077,0.00840484688485,-0.999925665144,0.0,0.660738924545,0.259660570729,0.303180254532,1.0,-0.00628,-0.00825371428571,0.315
0.464306503818,0.542223293891,-0.124007318002,-1.36472003751,0.079014179782,1.89726256132,0.158093655848,-0.00675948976097,-0.0364074397851,-0.00152296607341,-0.0516097929983,-0.00285279804634,0.0180656277329,-0.0124136943721,0.573940553842,0.818883184036,0.00182166382715,0.0,0.818837737666,-0.573881908214,-0.0120441562146,0.0,-0.00881750684111,0.00840443858686,-0.99992580574,0.0,0.660642077779,0.25952637427,0.303192861377,1.0,-0.0066,-0.00867428571429,0.331
0.464218138322,0.541553626521,-0.124012938342,-1.36573723539,0.0789556498424,1.89764573105,0.15796262735,-0.00422761155862,-0.0345001106494,-0.000159028385739,-0.0544792180608,-0.00515662075339,0.0213340052732,-0.010074411877,0.573950415446,0.818876203967,0.00185204952858,0.0,0.818831157746,-0.573891639273,-0.0120278168181,0.0,-0.00878658640709,0.0084200484314,-0.9999259466,0.0,0.660528963838,0.259369326373,0.303215606637,1.0,-0.00696,-0.00914742857143,0.349
0.464133043146,0.540880324466,-0.124005224929,-1.36678510001,0.0788943344036,1.89803843774,0.157820972175,-0.000625493597252,-0.039110309419,-0.00102661093966,-0.0631046130627,-0.0059342263249,0.0244630116637,-0.00785901449532,0.573940440499,0.818883154548,0.00186998870827,0.0,0.818838280111,-0.573881527829,-0.0120253874347,0.0,-0.00877440415474,0.0084332368651,-0.999925942432,0.0,0.660406830729,0.259218778691,0.303226614321,1.0,-0.0073,-0.00959428571429,0.366
0.464047065834,0.540200087789,-0.124008411035,-1.36783127225,0.0788153700491,1.89841506759,0.157707462,-0.00072289187316,-0.0409993437287,-0.000156409611344,-0.0704669094791,-0.00625482990351,0.0288680457513,-0.00566586251573,0.573956848005,0.818871655308,0.00186966884147,0.0,0.81882691645,-0.573898069033,-0.012009752622,0.0,-0.00876161535981,0.008424177124,-0.99992613094,0.0,0.660285579986,0.259057689952,0.303242154441,1.0,-0.00762,-0.0100148571429,0.382
0.463941128381,0.539465489598,-0.124011961948,-1.36897374051,0.0787679002207,1.89885578815,0.157568292031,-0.00466369694232,-0.0390446585289,-0.000657551315252,-0.0684041659444,-0.000646955180361,0.0173077679295,-0.00329569669569,0.573982762819,0.81885340355,0.0019074544412,0.0,0.818808991832,-0.573923657947,-0.012009023507,0.0,-0.00873906479583,0.00845497612376,-0.99992606833,0.0,0.660159583816,0.258881936861,0.303255807879,1.0,-0.00796,-0.0104617142857,0.399
0.463826571971,0.538657583738,-0.124012307143,-1.37023173434,0.0786960029197,1.89934018988,0.157414024974,-0.00599693736923,-0.0455364459255,0.00177939032115,-0.0674344668615,-0.00150623127748,0.0311254203518,-0.0091390547147,0.574000864622,0.818840643973,0.0019375480613,0.0,0.818796603669,-0.573941608152,-0.0119957972852,0.0,-0.0087107746332,0.00847221890204,-0.999926169231,0.0,0.660020111309,0.258688632089,0.303269784548,1.0,-0.00832,-0.0109348571429,0.417
0.463731759879,0.537962570391,-0.124014776241,-1.3713123802,0.0786282758215,1.89975072859,0.157275295909,-0.00167968989906,-0.0450312082896,0.000836267799906,-0.06873135358,-0.00727377694162,0.0296603402145,-0.00565996368381,0.574008175985,0.818835474765,0.00195603402389,0.0,0.818791714327,-0.573948877795,-0.0119816997488,0.0,-0.00868854455073,0.00847934132328,-0.999926302266,0.0,0.659898890466,0.258522375723,0.303281958904,1.0,-0.00862,-0.0113291428571,0.432
0.463615654264,0.537088105085,-0.124029418444,-1.37268014146,0.0785463285195,1.90026107828,0.157109904853,-0.00297083092361,-0.0507698148351,-0.00117372943513,-0.0772384991365,-0.00625321959219,0.0303685483403,-0.0114430153246,0.574031526089,0.818819080568,0.001966533838,0.0,0.81877551631,-0.573972238526,-0.0119695527869,0.0,-0.00867232934783,0.00848121370104,-0.999926427152,0.0,0.659744597067,0.258307761947,0.303293119383,1.0,-0.00898,-0.0118022857143,0.45
0.463502352993,0.536194153365,-0.124030094481,-1.37407187227,0.0784804586611,1.90078537306,0.15693442344,-0.00711156735343,-0.0492412296103,0.00037095273859,-0.0779421971459,-0.00917253528798,0.0238313362095,-0.011031879964,0.574040060502,0.818813020882,0.00199816778647,0.0,0.81876970361,-0.57398047647,-0.0119721335676,0.0,-0.00865619621336,0.00850868734238,-0.99992633354,0.0,0.65958289955,0.258104068929,0.303307236472,1.0,-0.00934,-0.0122754285714,0.468
0.463396409629,0.535409204274,-0.124030084052,-1.37533309925,0.0783950706538,1.90123532201,0.156776938922,-0.00767395239129,-0.0540500174486,0.000411485217469,-0.0851870853912,-0.00807254240117,0.03535419806,-0.0134156854483,0.574044103532,0.818810254013,0.0019702854456,0.0,0.81876661533,-0.57398467792,-0.011981904486,0.0,-0.00868015971878,0.00849150905265,-0.999926271833,0.0,0.659432498552,0.257911518419,0.303299866817,1.0,-0.00964,-0.0126697142857,0.483
0.463270627723,0.534510267935,-0.124029322969,-1.37678682369,0.0783226096888,1.90176292999,0.156604268359,-0.00886786849923,-0.0533593340492,0.00171813213907,-0.0880774885648,-0.00195390605721,0.0334654730698,-0.0146458786346,0.574065441031,0.818795331764,0.00195473701359,0.0,0.818751310025,-0.57400590284,-0.0120109424199,0.0,-0.00871264074457,0.00849567401618,-0.999925953966,0.0,0.659259775026,0.257692331554,0.303287906384,1.0,-0.00998,-0.0131165714286,0.5
0.463142567139,0.533593400483,-0.124039275796,-1.37826112972,0.0782345476389,1.90230852551,0.156422677592,-0.012706984529,-0.0538795073179,-0.00194103852027,-0.0850381558929,-0.00426874223149,0.0312189001785,-0.0101574249887,0.574086612369,0.818780498662,0.00195023363656,0.0,0.818736436739,-0.574027108899,-0.0120113406985,0.0,-0.00871533234784,0.00849244073585,-0.999925957975,0.0,0.659080837058,0.257447642381,0.303285475785,1.0,-0.01034,-0.0135897142857,0.518
0.463018329629,0.532635873737,-0.124042525974,-1.37978050865,0.0781522116103,1.90288890321,0.156234987153,-0.0105756517238,-0.0604390583283,-0.000520461927315,-0.0892136438903,-7.46226620523e-05,0.0310022615635,-0.00254761695036,0.574097110388,0.81877311457,0.00196000068509,0.0,0.818729114632,-0.574037500016,-0.0120138391475,0.0,-0.0087116623299,0.00850198365433,-0.999925908862,0.0,0.658914230825,0.257236433522,0.303282922365,1.0,-0.01066,-0.0140102857143,0.534
0.462881382717,0.531650708208,-0.124037189278,-1.38135099384,0.0780514876252,1.90345468389,0.156022614206,-0.00763070196627,-0.059840475313,-0.00027593775349,-0.0921125616502,-0.00696388110131,0.0336895980943,-0.0129477111201,0.574090058993,0.818778103435,0.00194123735751,0.0,0.818733837411,-0.574030509261,-0.0120260058365,0.0,-0.0087324689089,0.00849353063797,-0.999925799209,0.0,0.658726411412,0.256997927289,0.303278721608,1.0,-0.011,-0.0144571428571,0.551
0.462741013414,0.530642807407,-0.124039338726,-1.3829953811,0.0779553582067,1.9040299107,0.155816841541,-0.00982443004716,-0.0605364289723,-0.000285929462202,-0.098377296274,-0.000877711402561,0.0341386572984,-0.00611204740238,0.574101510419,0.818770193833,0.00189005984365,0.0,0.818725162286,-0.574042086912,-0.0120639128898,0.0,-0.00879276768613,0.0084735133052,-0.999925440625,0.0,0.658525704596,0.256745753528,0.303256241296,1.0,-0.01134,-0.014904,0.568
0.462602683442,0.529669702577,-0.124038242544,-1.38453869379,0.0778602065669,1.90460536089,0.155604511794,-0.0102410848685,-0.0595285461902,0.000217736158618,-0.092250684271,-0.00602176603318,0.0379837064502,-0.023266992652,0.574098415711,0.818772357075,0.00189295269341,0.0,0.818727355532,-0.574038972448,-0.0120632630486,0.0,-0.00879060694775,0.00847547553652,-0.999925442993,0.0,0.658345988232,0.256508545492,0.303257025805,1.0,-0.01166,-0.0153245714286,0.584
0.462462378933,0.52856015879,-0.124046078233,-1.3862234689,0.0777464094633,1.90524737963,0.155371112865,-0.0140455647718,-0.0654387435961,-0.000526641826919,-0.101273205401,-0.00575824101503,0.0380810761335,-0.0134403290998,0.574088441173,0.818779237857,0.00194120265091,0.0,0.818735020526,-0.574028939597,-0.0120203814563,0.0,-0.00872790030741,0.00849025610852,-0.999925866906,0.0,0.658153200804,0.256251380705,0.303292343493,1.0,-0.012,-0.0157714285714,0.601
0.462331280427,0.52744202988,-0.124044263225,-1.38795373411,0.0776490103467,1.90591645396,0.155138916326,-0.00904432551004,-0.0665637780912,0.000759540893652,-0.0995618161372,-0.00429625550205,0.0348666764862,-0.0109936460366,0.574071950293,0.818790676062,0.00199288275198,0.0,0.818747073378,-0.574012171969,-0.0120001320199,0.0,-0.0086818244045,0.00852077016445,-0.999926008463,0.0,0.657949423584,0.256005087958,0.303313858311,1.0,-0.01234,-0.0162182857143,0.618
0.462186033312,0.526345299637,-0.124047730346,-1.38964875205,0.0775422301229,1.90655594129,0.154911178285,-0.0108017033774,-0.0708806205005,0.000514087498475,-0.108756367713,-0.0157991983891,0.0314592114704,-0.00648944616845,0.574069613979,0.818792236975,0.00202432112888,0.0,0.818749093005,-0.574009751192,-0.011978110891,0.0,-0.0086457706015,0.00853384488655,-0.999926209349,0.0,0.657752267138,0.255746840928,0.303334393801,1.0,-0.01266,-0.0166388571429,0.634
0.462038100496,0.52516889193,-0.124052451086,-1.39150122133,0.0774120902935,1.9072065849,0.154654558415,-0.00842853182825,-0.0629239787168,-0.000907871166411,-0.107831381669,-0.0101734058098,0.036427882508,-0.0163032594708,0.574048311411,0.818807249771,0.00199268422109,0.0,0.818763796698,-0.573988686282,-0.011982493006,0.0,-0.00866774082624,0.00851023142337,-0.999926220393,0.0,0.65752417548,0.255465514321,0.303336747519,1.0,-0.013,-0.0170857142857,0.651
0.461884069292,0.523991645682,-0.124053132688,-1.39339603806,0.0773101327499,1.90789298024,0.154390049834,-0.0087297231113,-0.0667128255744,0.0012064289787,-0.111008077756,-0.00721018707959,0.0428857218644,-0.00927969610047,0.574032660495,0.818818270765,0.00197257381866,0.0,0.818774382088,-0.573972952888,-0.0120128053228,0.0,-0.00870426804614,0.00851099937209,-0.999925896558,0.0,0.657291781186,0.255184482279,0.30332227651,1.0,-0.01334,-0.0175325714286,0.668
0.461731626081,0.522840358443,-0.124057018217,-1.39521144061,0.0771888644154,1.90858719445,0.154151194473,-0.00755332384341,-0.0761924581818,0.00120829937811,-0.115244811607,-0.00571225205876,0.0411314066336,-0.0168033909651,0.574029342105,0.818820556283,0.00198945048481,0.0,0.818777010682,-0.573969683582,-0.0119898293811,0.0,-0.00867580153437,0.00851159406699,-0.999926138889,0.0,0.657079744776,0.254909165451,0.303327769838,1.0,-0.01366,-0.0179531428571,0.684
0.461570545644,0.52160614737,-0.124062375888,-1.39718222592,0.0770753157212,1.90935573587,0.153876612079,-0.0102803196748,-0.0711731496426,-8.98126064115e-05,-0.120766647883,-0.012238342972,0.0444763681613,-0.0206119574439,0.574015284231,0.818830346262,0.00201603855789,0.0,0.818787138034,-0.573955506156,-0.0119769130008,0.0,-0.00865010993012,0.00852580170945,-0.999926240431,0.0,0.656849626199,0.254616251683,0.303323805675,1.0,-0.014,-0.0184,0.701
0.461383985915,0.5201786891,-0.124064881836,-1.39945458879,0.0769303783773,1.91018492787,0.153578829033,-0.0109561673075,-0.0756530832021,0.0012974459528,-0.1156653263,-0.00802053042301,0.048136870294,-0.0135561926715,0.574007927195,0.818835548971,0.00199753847833,0.0,0.818792115509,-0.5739482437,-0.0119846583257,0.0,-0.00866714744746,0.00851502158073,-0.999926184757,0.0,0.656572328612,0.25427415829,0.303316794446,1.0,-0.01438,-0.0188994285714,0.72
0.461234213472,0.519007690934,-0.124069205731,-1.40128913552,0.0768088505994,1.91083227819,0.153333988886,-0.00731559504217,-0.0756358783312,0.000946470556137,-0.116928305138,-0.00748249585483,0.0410692898274,-0.0191676717777,0.57399758375,0.818842846723,0.00197816069827,0.0,0.818799194726,-0.57393801703,-0.0119907557943,0.0,-0.00868337016223,0.0085025449404,-0.999926150179,0.0,0.656344436616,0.253995278603,0.303321961367,1.0,-0.01468,-0.0192937142857,0.735
0.461059110842,0.517638793278,-0.124074807703,-1.40340344451,0.0766738615567,1.91159874881,0.153053407636,-0.0120979235288,-0.0818444977431,-4.06739748391e-05,-0.122625983313,-0.00323812497415,0.0524632232336,-0.0115237305468,0.573990659207,0.81884766724,0.00199195873888,0.0,0.818804223431,-0.573931062702,-0.0119802278118,0.0,-0.00866690146553,0.00850772688754,-0.999926248981,0.0,0.656086158222,0.253674359214,0.303342869354,1.0,-0.01502,-0.0197405714286,0.752
0.460874128875,0.516301743111,-0.124075515598,-1.40555831443,0.0765410043611,1.91240428171,0.152734053222,-0.0138792457405,-0.0833013005272,0.0012819533989,-0.132404668607,-0.0154328999099,0.0456773238149,-0.0163392778796,0.573959296506,0.818869682483,0.00197887982998,0.0,0.81882605153,-0.573899742929,-0.0119887156934,0.0,-0.00868168433682,0.00850155686433,-0.999926173219,0.0,0.655825716993,0.253347597734,0.303325024091,1.0,-0.01536,-0.0201874285714,0.769
0.460705756158,0.515001798421,-0.124084020947,-1.40761533666,0.0764123867443,1.91318022351,0.152457244926,-0.0129778130578,-0.0814730111461,-0.00141924803926,-0.128811894153,-0.00821567574814,0.0603715385507,-0.0158027285136,0.57395036438,0.818875917015,0.00198963881151,0.0,0.818832479997,-0.573890819026,-0.0119768293112,0.0,-0.00866586848283,0.00850345014735,-0.999926294313,0.0,0.655578169119,0.253037034178,0.303324987827,1.0,-0.01568,-0.020608,0.785
0.46051829545,0.513587284757,-0.1240816909,-1.40988779606,0.0762800152996,1.91395622177,0.152145221194,-0.00862362159674,-0.0786670765045,0.000893319628908,-0.130974274072,-0.00686593405821,0.0450447970489,-0.0172603633868,0.573930072354,0.818890292916,0.00192538726028,0.0,0.818845805086,-0.573870596403,-0.012034657388,0.0,-0.00875030944884,0.00848381040636,-0.999925725764,0.0,0.65528420993,0.252695745129,0.303302006633,1.0,-0.01602,-0.0210548571429,0.802
0.460302098372,0.512075840009,-0.124086638981,-1.41231251348,0.0761262243944,1.91482879476,0.151806929332,-0.0118797723144,-0.0860186564371,0.000344095770477,-0.133975313144,-0.00144033730492,0.0502374396554,-0.0260712903963,0.573918951019,0.818898178711,0.00188612471689,0.0,0.81885316673,-0.573859635846,-0.0120563918795,0.0,-0.00879075575808,0.00846401393635,-0.999925538768,0.0,0.654984991027,0.25231772995,0.303282583853,1.0,-0.01638,-0.021528,0.82
0.460126382314,0.510805141434,-0.12407983656,-1.41434699358,0.0760059331783,1.91560573973,0.151517651145,-0.012259096488,-0.0879607550016,0.00118155104551,-0.142513454278,-0.00803350125877,0.0578481710214,-0.0251799364951,0.573895139487,0.818914836535,0.0018990200103,0.0,0.818869914578,-0.573835695458,-0.0120583796368,0.0,-0.00878522966373,0.0084754589961,-0.999925490391,0.0,0.654737785188,0.252015154141,0.30327120064,1.0,-0.01668,-0.0219222857143,0.835
0.459908738381,0.50922617529,-0.124090819335,-1.41683890053,0.0758558703924,1.91652954247,0.151163933383,-0.0159778245834,-0.0889066766595,0.00062030683993,-0.141676958877,-0.0134823301221,0.0450167411169,-0.0196753288257,0.573880830866,0.818924847064,0.00190623387513,0.0,0.818880003599,-0.573821342002,-0.012056287601,0.0,-0.00877952483249,0.00848001241468,-0.999925501892,0.0,0.654434180484,0.251629768281,0.303270710204,1.0,-0.01704,-0.0223954285714,0.853
0.45969680557,0.507706156653,-0.12409964518,-1.41923351694,0.075698212227,1.91738040535,0.150841135878,-0.0119003403745,-0.0847488848319,-0.000991433852523,-0.141732663395,-0.00735816287954,0.0538843649717,-0.0136166815301,0.573877652851,0.81892713781,0.00187867434667,0.0,0.818881978799,-0.573818327579,-0.0120655971091,0.0,-0.00880299661984,0.00846275204995,-0.99992544176,0.0,0.654135134793,0.251254141122,0.303268309151,1.0,-0.01738,-0.0228422857143,0.87
0.459488348054,0.506228333835,-0.124102837197,-1.42152059125,0.0755558286067,1.9182363326,0.150523524796,-0.0158355893767,-0.0979600275188,2.41978778505e-05,-0.14689902144,-0.00853368357846,0.0526599035363,-0.0195621888916,0.573870384752,0.818932144491,0.00191601817936,0.0,0.818887482812,-0.573810906888,-0.0120449380082,0.0,-0.0087647235323,0.00848139980623,-0.999925619973,0.0,0.653857835481,0.250899099455,0.303287309728,1.0,-0.0177,-0.0232628571429,0.886
0.45926368366,0.504588935804,-0.124109571827,-1.42399452863,0.0753924102843,1.9192003517,0.150185288953,-0.0162008233413,-0.0996964198167,-2.06866139114e-05,-0.144538624406,-0.0122864878612,0.055200393681,-0.0184949409381,0.57386564847,0.818935220987,0.0020169864352,0.0,0.818892052233,-0.573805911794,-0.0119720207364,0.0,-0.00864711719072,0.0085221896832,-0.999926297108,0.0,0.653566613107,0.250515333602,0.30333915525,1.0,-0.01804,-0.0237097142857,0.903
0.459030305837,0.502921091766,-0.124112693571,-1.42646874328,0.0752329815548,1.92013439252,0.149841550915,-0.0139572867386,-0.10206394192,-0.000992711056427,-0.148049740148,-0.0147728640012,0.0522739569484,-0.0136483890188,0.573861375784,0.818937950403,0.00212171485531,0.0,0.818896225753,-0.573801286105,-0.0119080818441,0.0,-0.00853470174537,0.00857121753965,-0.999926843872,0.0,0.653270158205,0.250127067993,0.303407352379,1.0,-0.01838,-0.0241565714286,0.92
0.458809102824,0.501308527398,-0.124116113477,-1.42887709241,0.0750792266519,1.92098931758,0.149508573837,-0.0108654600174,-0.104521586098,0.00047886673488,-0.152441418555,-0.00981945331801,0.0571183342886,-0.0247993377145,0.573853539612,0.818943311765,0.00217119576096,0.0,0.818902213427,-0.57379323306,-0.0118843359481,0.0,-0.00848694340416,0.00859803080293,-0.999927020166,0.0,0.652967930208,0.249749398705,0.303460843405,1.0,-0.0187,-0.0245771428571,0.936
0.458560599204,0.499598785066,-0.124116731151,-1.43148008695,0.074913469657,1.92192163712,0.149140687416,-0.0115701540576,-0.101340281082,0.000469356977904,-0.157383030201,-0.00951515400846,0.0603841014781,-0.0143532422845,0.573845823136,0.818948626235,0.00220584653816,0.0,0.818907930208,-0.573785329674,-0.0118719920511,0.0,-0.00845703202185,0.00861924422089,-0.999927090961,0.0,0.652621943068,0.249313549074,0.303497526195,1.0,-0.01906,-0.0250502857143,0.954
0.458304740693,0.497924505406,-0.124122365356,-1.43413711178,0.0747507507784,1.92290788599,0.148757334302,-0.0147698690555,-0.102400428445,-0.000103670744676,-0.161036905926,-0.0130298117913,0.0614553887757,-0.0242301786055,0.573821872777,0.818965398178,0.00220948200503,0.0,0.818924720474,-0.573761338292,-0.0118733221477,0.0,-0.00845628745795,0.00862273739863,-0.999927067141,0.0,0.652295646915,0.248895119737,0.30348635458,1.0,-0.0194,-0.0254971428571,0.971
0.458058284382,0.496356267983,-0.124120153886,-1.43664955033,0.0746010674383,1.923792607,0.148377094795,-0.0139850518456,-0.100842496027,-0.000549311360729,-0.160828158197,-0.0177537956154,0.0520009706983,-0.0246255500993,0.573813244533,0.818971578813,0.00215879504191,0.0,0.818930086062,-0.573752757432,-0.011917817845,0.0,-0.00852190356152,0.00860666963989,-0.999926648508,0.0,0.651974648549,0.2484882964,0.303460084989,1.0,-0.01972,-0.0259177142857,0.987
0.457769512186,0.494579457302,-0.124128067622,-1.43953362253,0.0744214706259,1.9247817908,0.147968708407,-0.0169602095714,-0.101274410615,-0.00247215754827,-0.155293320459,-0.0129980315642,0.0588643577051,-0.0231366419904,0.573814131776,0.818971220357,0.00205652657707,0.0,0.818928238108,-0.573753910249,-0.0119890869381,0.0,-0.00863894332196,0.00856382007863,-0.999926012085,0.0,0.651622794587,0.248040652885,0.303409051373,1.0,-0.0205988571429,-0.0270727836735,1.004
0.457520645951,0.492831366068,-0.12416942662,-1.44231942875,0.0742485279875,1.92581927389,0.147571856705,-0.018309393365,-0.116040743973,-0.00220182577932,-0.183334477919,-0.00736206948796,0.0672384682535,-0.0281235855272,0.573815994084,0.818969944718,0.002044867398,0.0,0.818926955535,-0.573755964978,-0.0119783576265,0.0,-0.00863682630166,0.00854813479975,-0.999926164586,0.0,0.651279753585,0.24758955242,0.303391359662,1.0,-0.0238994285714,-0.031410677551,1.02
0.457201032214,0.490689248116,-0.124185652554,-1.44573205847,0.0740492573417,1.92704767271,0.147084636926,-0.0223667113365,-0.13161060233,-5.38231677206e-05,-0.21328760327,-0.00809617316235,0.074244783989,-0.025817650939,0.573807269778,0.818976138664,0.00201205126036,0.0,0.818932556474,-0.573747217587,-0.0120143730665,0.0,-0.00868524326803,0.00854183334654,-0.999925799063,0.0,0.65084444101,0.247046917638,0.303364478309,1.0,-0.0274062857143,-0.0360196897959,1.037
0.456811409336,0.488258064701,-0.1241974412,-1.44962715627,0.0738147547087,1.92844820837,0.146525657752,-0.0223020219454,-0.151848679014,-0.00068361388158,-0.239439798245,-0.0112104928697,0.0897414355328,-0.028344655916,0.573803811782,0.818978672126,0.00196649127454,0.0,0.818934335668,-0.573743799264,-0.012056266944,0.0,-0.00874573169993,0.00852852335432,-0.99992538545,0.0,0.6503208671,0.246373598398,0.303326509676,1.0,-0.0311194285714,-0.0408998204082,1.055
0.45633683928,0.485295289175,-0.124231667783,-1.45416261246,0.0735309663116,1.93020028871,0.145847326103,-0.0271308086249,-0.168065044628,0.00156863426918,-0.257950221907,-0.0128828110203,0.108023465517,-0.0362542916286,0.573813089198,0.818971839101,0.00210055372162,0.0,0.818929455755,-0.573752708797,-0.0119633835452,0.0,-0.0085926412711,0.00858511667546,-0.999926228423,0.0,0.649807729762,0.245660317006,0.303374544058,1.0,-0.0346262857143,-0.0455088326531,1.072
0.45589782922,0.482560075718,-0.124272828551,-1.45837457292,0.0732747068662,1.93164939654,0.145198182914,-0.0330650714864,-0.182169690688,-0.00754913251435,-0.290076448261,-0.0110399444415,0.101653038604,-0.0427083720337,0.573807094663,0.818976158237,0.00205359565682,0.0,0.818933062712,-0.573746811983,-0.0119992265128,0.0,-0.00864900299018,0.00856716362877,-0.999925896482,0.0,0.649228114936,0.244893312217,0.303379722242,1.0,-0.0379268571429,-0.0498467265306,1.088
0.455323657105,0.478997734403,-0.124331087965,-1.46392711096,0.0729295665022,1.93364279847,0.144377708177,-0.0289684391848,-0.203645183207,-0.00282468901761,-0.311214811666,-0.015939210045,0.110549183862,-0.0395292148129,0.573825287881,0.818963369071,0.00207026809155,0.0,0.818920512442,-0.573764954105,-0.0119882710804,0.0,-0.00863027375634,0.00857472320034,-0.99992599351,0.0,0.648564023628,0.244007992693,0.303395625969,1.0,-0.0414337142857,-0.0544557387755,1.105
0.454712573674,0.475318982762,-0.124367345626,-1.46954047805,0.0725880404734,1.93571222203,0.143586929557,-0.0356886601324,-0.221102738736,-0.00214517505153,-0.334799308757,-0.0208241279855,0.127141686337,-0.0456153897465,0.573883608041,0.818922208361,0.00218356970475,0.0,0.818880800403,-0.573822770669,-0.0119335449122,0.0,-0.00851982696818,0.008636715402,-0.99992640714,0.0,0.647863162549,0.24306013461,0.303451036861,1.0,-0.0449405714286,-0.0590647510204,1.122
0.454084214527,0.47162930163,-0.124397604415,-1.47525519304,0.0722469058759,1.93772269429,0.142729246829,-0.0413692060107,-0.232908730489,-0.00352950035675,-0.36251564899,-0.0262212202788,0.129285899806,-0.0604841353956,0.573899274406,0.818911240432,0.0021794565677,0.0,0.818869479844,-0.573838149027,-0.0119708229863,0.0,-0.00855255084113,0.00865490372554,-0.999925970518,0.0,0.647122780051,0.242089889479,0.30345746573,1.0,-0.0482411428571,-0.063402644898,1.138
0.453385182738,0.467360599598,-0.124413906641,-1.48163089327,0.0718448507698,1.94013121304,0.141711727382,-0.0406505795286,-0.25719769673,0.00039663125061,-0.383808709233,-0.0223172965462,0.144247252888,-0.0571438919328,0.573844351689,0.818949011854,0.00243370476474,0.0,0.818910639121,-0.573782304038,-0.0118312978081,0.0,-0.00829297258705,0.00878247923459,-0.999927044671,0.0,0.646323907342,0.241029316009,0.303579234216,1.0,-0.051748,-0.0680116571429,1.155
0.452627093102,0.462862538257,-0.124426681864,-1.48854040538,0.0713868853909,1.94252069046,0.140639298146,-0.0446028469049,-0.266196906916,-0.000239046885277,-0.420979627797,-0.0225280127706,0.133608143863,-0.0706205741014,0.573795164082,0.818983546896,0.00240966602547,0.0,0.818944710432,-0.573733055624,-0.0118612410798,0.0,-0.00833181665155,0.00877947504914,-0.999926748142,0.0,0.64540250016,0.239864334323,0.303599204674,1.0,-0.0552548571429,-0.0726206693878,1.172
0.451853730319,0.458415373081,-0.124440812435,-1.49542428999,0.0709195832182,1.94489628153,0.139630069129,-0.0493323129801,-0.27885501676,-0.000738007909633,-0.434020315694,-0.0347729189758,0.153638669608,-0.0643996950708,0.5738035903,0.818977829712,0.0023454424515,0.0,0.81893807579,-0.573741646811,-0.0119036816631,0.0,-0.00840333514967,0.00875131589415,-0.999926396506,0.0,0.644479364494,0.238690082824,0.303590546266,1.0,-0.0585554285714,-0.0769585632653,1.188
0.450927010371,0.453162488283,-0.124457298549,-1.50355523103,0.0703766388108,1.94779743246,0.138323030512,-0.0532494220643,-0.302793715547,-2.30344220482e-05,-0.452081852057,-0.0321005797323,0.169991970698,-0.0747848095804,0.573728811292,0.819030195401,0.0023530865053,0.0,0.818990491636,-0.573666795636,-0.01190500297,0.0,-0.00840083105548,0.00875756728658,-0.999926362815,0.0,0.643399924562,0.237304053362,0.303582666846,1.0,-0.0622685714286,-0.0818386938775,1.206
0.450034490765,0.448151148617,-0.124501424698,-1.51101015507,0.069866182153,1.95059936368,0.137181896988,-0.0592653836067,-0.31376785357,0.000473033860752,-0.477720504267,-0.0248238899097,0.164700649507,-0.0718031680749,0.573755796374,0.819010447178,0.00263067333169,0.0,0.818974824979,-0.573693238689,-0.0117068712353,0.0,-0.00807900588776,0.00887151126411,-0.999928010385,0.0,0.642450689798,0.235999982696,0.303715826639,1.0,-0.0655691428571,-0.0861765877551,1.222
0.44903296876,0.442678027485,-0.124530833741,-1.51954591747,0.0692901082779,1.9534472016,0.135898289455,-0.0620317220988,-0.316864404483,-0.000147588106293,-0.512421964431,-0.0384475826693,0.171928343576,-0.074285307754,0.573768894345,0.819001861162,0.0024401222086,0.0,0.818963439818,-0.573706691819,-0.0118432640809,0.0,-0.00829990068341,0.00879383672329,-0.999926887369,0.0,0.641262348012,0.234509631405,0.303649029803,1.0,-0.069076,-0.0907856,1.239
0.447970477628,0.436938720183,-0.124551263495,-1.52844195658,0.0686925195599,1.95647567808,0.134436593717,-0.0640519469486,-0.346009487577,0.0018333849749,-0.524646864576,-0.027567139886,0.188326885182,-0.0932408507061,0.57368408428,0.819061599124,0.00232705507868,0.0,0.819021367687,-0.573621981996,-0.0119401819674,0.0,-0.0084450571831,0.00875596877084,-0.999926004272,0.0,0.6400251106,0.232957857763,0.303600685167,1.0,-0.0725828571429,-0.0953946122449,1.256
0.446808538038,0.430892889355,-0.124589601022,-1.5374377715,0.06806806359,1.9598367481,0.132974802999,-0.068152936428,-0.35728389392,-0.00409412502893,-0.535547637675,-0.0366431905584,0.191590974661,-0.0836238569586,0.573685444562,0.819059673376,0.00264746066267,0.0,0.819024091204,-0.573622640312,-0.0117197034731,0.0,-0.00808064870086,0.00889192855754,-0.999927815756,0.0,0.638851227399,0.231343967456,0.303733951647,1.0,-0.0760897142857,-0.10000362449,1.273
0.445563280341,0.424679247235,-0.124667391226,-1.54702014159,0.067375558234,1.96300797582,0.13140741624,-0.0791236317893,-0.377630393823,-3.86197906827e-05,-0.567297256134,-0.0416712138533,0.184928337919,-0.100755928873,0.573694545298,0.819053927289,0.00244536063049,0.0,0.819015790704,-0.573632561959,-0.0118137775064,0.0,-0.00827354167064,0.00878045773612,-0.999927223387,0.0,0.637507362678,0.229568860184,0.303678924712,1.0,-0.0795965714286,-0.104612636735,1.29
0.444162273731,0.417793489653,-0.124784101693,-1.55750407492,0.0666297395548,1.96654874355,0.129742401494,-0.0752689312952,-0.392717285388,-0.0078350787517,-0.578605940539,-0.0436683698781,0.21414097508,-0.0936652338756,0.573796558488,0.818982717588,0.00235895325835,0.0,0.818943676261,-0.573735123356,-0.0118325923159,0.0,-0.00833743479382,0.00872151851866,-0.999927208499,0.0,0.636049494474,0.227595229532,0.303673957805,1.0,-0.0833097142857,-0.109492767347,1.308
0.442848471994,0.411412894219,-0.12480698264,-1.5669998136,0.0659834386807,1.96999457763,0.128103329926,-0.0783674258248,-0.400585302939,-0.000857644078943,-0.608090736841,-0.044979588442,0.210745432467,-0.106461397055,0.573759834692,0.819007616346,0.0026312284146,0.0,0.818972162127,-0.573697451144,-0.0116867066371,0.0,-0.00806212793192,0.00886043628283,-0.999928244807,0.0,0.634754777574,0.225853371565,0.303774472713,1.0,-0.0866102857143,-0.113830661224,1.324
0.441453764916,0.40494051887,-0.124852192129,-1.57696339428,0.0652776642226,1.97325749708,0.126492929937,-0.0879919249227,-0.406802314668,-0.00270425005479,-0.638985796552,-0.0507244931986,0.212914409622,-0.104402891804,0.573821861036,0.818964796525,0.00242502588621,0.0,0.818926315533,-0.57375985433,-0.0118349561556,0.0,-0.0083011897843,0.0087772430697,-0.999927022463,0.0,0.633311069352,0.223978475564,0.303690305446,1.0,-0.0899108571428,-0.118168555102,1.34
0.439794756959,0.397290412649,-0.124941062442,-1.58826795799,0.0644856424815,1.97723344085,0.124544717419,-0.093578894922,-0.426636099338,-0.002756351365,-0.63233326861,-0.0496251768907,0.223681800779,-0.111487707525,0.573878753898,0.81892415128,0.00267529001047,0.0,0.818889141829,-0.573816059807,-0.0116811729969,0.0,-0.00803102493193,0.00889451419132,-0.99992819255,0.0,0.631738928347,0.221808315399,0.303811514743,1.0,-0.093624,-0.123048685714,1.358
0.438248298696,0.390376846998,-0.124967872273,-1.59872235209,0.0636713699131,1.98073771501,0.122780181584,-0.099088011148,-0.428901703689,-0.00335917880659,-0.662753155356,-0.0458054995946,0.210722501239,-0.0997521866463,0.573893419686,0.818914125769,0.00259699017722,0.0,0.818878367254,-0.573831294066,-0.0116881347922,0.0,-0.00808150004509,0.00883453281389,-0.999928317624,0.0,0.630219853643,0.219807303319,0.303787016371,1.0,-0.0969245714286,-0.127386579592,1.374
0.43664685051,0.383249927864,-0.125023712318,-1.60954031164,0.0628524099623,1.98418780401,0.12082363008,-0.102193994411,-0.456030731948,-0.00373006882149,-0.670615669227,-0.0503161094677,0.225456231014,-0.125357744707,0.573821244805,0.818965401954,0.00236565302653,0.0,0.818926448667,-0.573759781698,-0.0118292637491,0.0,-0.00833060156692,0.00872534667138,-0.999927232054,0.0,0.628595512704,0.217718018723,0.30371680773,1.0,-0.100225142857,-0.131724473469,1.39
0.434867525046,0.37542515841,-0.125047331124,-1.62111084459,0.0620387756478,1.98817254557,0.118789259674,-0.105475953116,-0.460894482504,0.000473386606246,-0.692228877931,-0.0480479848601,0.22775524338,-0.122367198509,0.573830744177,0.818958134241,0.00256871559305,0.0,0.818921546365,-0.573768225094,-0.0117588976076,0.0,-0.00815635449393,0.00885136392666,-0.999927560995,0.0,0.626903409359,0.215499864054,0.303785816624,1.0,-0.103732,-0.136333485714,1.407
