position_joint1,position_joint2,position_joint3,position_joint4,position_joint5,position_joint6,position_joint7,velocity_joint1,velocity_joint2,velocity_joint3,velocity_joint4,velocity_joint5,velocity_joint6,velocity_joint7,ee_T_00,ee_T_10,ee_T_20,ee_T_30,ee_T_01,ee_T_11,ee_T_21,ee_T_31,ee_T_02,ee_T_12,ee_T_22,ee_T_32,ee_T_03,ee_T_13,ee_T_23,ee_T_33,v_x,v_y,time
0.465064133861,0.547642251023,-0.123964715787,-1.35575476808,0.0794715350572,1.8940894417,0.159156092634,-0.00304288154972,0.000151588369486,0.00227016990793,-0.00107678132939,0.00740911002892,0.000551135315341,-0.00149865415154,0.573782260416,0.818993408718,0.00211211013314,0.0,0.818952580716,-0.573723245647,-0.0117921518133,0.0,-0.00844609054239,0.00849600914141,-0.999928238117,0.0,0.66169511877,0.260903714895,0.303348234253,1.0,0.0,0.0,0.0
0.465066952771,0.547648242747,-0.123969343645,-1.35575997523,0.0794708186105,1.89409121808,0.15916134652,-0.00140575383232,0.000937143718497,0.000618603721496,-0.00203106360807,0.00160754707336,0.000121556319175,0.000938369130293,0.57378760652,0.818989688257,0.00210238755839,0.0,0.818948760501,-0.573728655981,-0.01179423086,0.0,-0.00845331621953,0.00848929462615,-0.999928234086,0.0,0.661694487973,0.260902208076,0.303341817177,1.0,-8e-05,-0.000105142857143,0.005
0.465069791615,0.547646580683,-0.123972570966,-1.35575571932,0.0794708185924,1.89408796542,0.159156208356,0.00111227994312,0.00132197573527,-0.00120869293886,0.000239214993892,5.39129604374e-05,-0.00026314872418,-0.00083053183279,0.573783070458,0.818992862128,0.00210398197088,0.0,0.818951971014,-0.573724130207,-0.0117914584332,0.0,-0.0084501777568,0.00848896284587,-0.99992826343,0.0,0.661694859493,0.260902525263,0.303344844588,1.0,-0.0004,-0.000525714285714,0.021
0.465063764066,0.547629621406,-0.123975507942,-1.3557725658,0.0794700933723,1.89409479897,0.159163601987,-0.00139620970734,-0.00370984438007,-0.000627979052347,-0.00508069499017,-0.00032473388423,0.00011954699991,-8.19617110197e-05,0.573796858302,0.818983188408,0.00210936229609,0.0,0.818942381491,-0.573737909633,-0.0117870161041,0.0,-0.00844330947623,0.00849096246883,-0.999928304471,0.0,0.661695097193,0.260895407977,0.303349529826,1.0,-0.00076,-0.000998857142857,0.039
0.465065874814,0.547548097411,-0.123967862332,-1.35583146975,0.0794715175253,1.89410021856,0.159164209293,-0.000937177254426,-0.0128995967931,0.0016264515131,-0.00846166053141,-9.42306755618e-05,0.00136380064963,0.00144871250873,0.573793766747,0.81898527576,0.00213968022281,0.0,0.818944760587,-0.573734597036,-0.0117829611016,0.0,-0.00842262523827,0.00851343345169,-0.999928287846,0.0,0.66168244386,0.260895910861,0.303379465292,1.0,-0.0011,-0.00144571428571,0.056
0.465071078824,0.547423548671,-0.123962358649,-1.35597788196,0.0794686788101,1.89413127641,0.159157406604,0.000179069196352,-0.00957707018108,0.000893994400514,-0.0112849375784,0.00030489664029,-0.000356780364039,0.000104745801903,0.573787320371,0.818989755146,0.00215379857087,0.0,0.818949312892,-0.573727984616,-0.0117885318684,0.0,-0.00841915440988,0.00852812616444,-0.999928191873,0.0,0.661655900429,0.260888445306,0.303400514548,1.0,-0.00142,-0.00186628571429,0.072
0.46506191703,0.547277593187,-0.123967807066,-1.35617973392,0.0794645866559,1.89420011943,0.159157124486,0.00162175900025,-0.0107983593671,0.000651309186339,-0.0111838679987,-2.955686172e-05,0.00656104240447,0.00108516029044,0.573808548969,0.818974843757,0.00216825387034,0.0,0.81893453848,-0.573749102784,-0.0117870963654,0.0,-0.00840946359972,0.00853935905372,-0.999928177555,0.0,0.661631078003,0.260861200558,0.30341397809,1.0,-0.00176,-0.00231314285714,0.089
0.465038894784,0.547099094338,-0.123964758805,-1.35638746698,0.0794622827987,1.89431281092,0.159144475968,-0.000378338015617,-0.0118133043887,0.00250750883179,-0.0124492149161,0.0001687304068,0.00457247118647,0.00120899545666,0.573826090016,0.818962345956,0.00224526706239,0.0,0.81892298619,-0.573766289405,-0.0117530733487,0.0,-0.00833722648821,0.0085830861839,-0.99992840808,0.0,0.661616073035,0.260832711251,0.303451222086,1.0,-0.0021,-0.00276,0.106
0.465019754346,0.546908109243,-0.123964735708,-1.35660329125,0.0794566204718,1.89443983113,0.159133131321,-0.000982851501539,-0.0145565731763,0.000620923213661,-0.0110669910954,0.000379544073296,0.00253444826446,0.00104298266964,0.57384324978,0.818950069633,0.00233560108691,0.0,0.818911884525,-0.573783110295,-0.0117053245983,0.0,-0.0082461067019,0.00862983914595,-0.999928761263,0.0,0.661602262139,0.26080467334,0.303494792091,1.0,-0.00242,-0.00318057142857,0.122
0.464982449919,0.546683511919,-0.123972320117,-1.35691355605,0.0794458389299,1.89457037303,0.159114473882,-0.00149032277424,-0.0179582170093,-0.00107192286244,-0.022219518382,-0.00342473372702,0.0155793318587,0.00186885829554,0.573878380975,0.818925335639,0.00237600495425,0.0,0.818887666276,-0.573818079792,-0.011685385199,0.0,-0.00820622139094,0.0086518376658,-0.99992889929,0.0,0.661575135935,0.260748846343,0.303517751493,1.0,-0.00276,-0.00362742857143,0.139
0.464950472914,0.546467764838,-0.12396858449,-1.35726106992,0.0794392240802,1.89469219582,0.159071133465,-0.000662140509698,-0.015110340603,-0.00402739246273,-0.0254503948312,-0.00217397055575,0.00703847969349,-0.00362411471244,0.573884126157,0.818921308781,0.00237627242585,0.0,0.818883488505,-0.573823660563,-0.0117040904308,0.0,-0.00822132599776,0.00866284874974,-0.999928679882,0.0,0.66153324967,0.260698635671,0.303515574961,1.0,-0.00306,-0.00402171428571,0.154
0.464905025695,0.546148568304,-0.123973135297,-1.35774917176,0.0794204472958,1.89487063106,0.15891774724,-0.000911889859085,-0.01923721175,0.000226270597961,-0.0259052735663,0.000545703206602,0.00953450006871,-0.00143031089946,0.573821211613,0.818965353793,0.00239024907072,0.0,0.818927631023,-0.573760614002,-0.0117064029132,0.0,-0.00821586580992,0.00867499033279,-0.999928619498,0.0,0.661479191338,0.260621264559,0.303524893049,1.0,-0.00344,-0.00452114285714,0.173
0.464857583909,0.545859001608,-0.12397117592,-1.35826278947,0.0793871005378,1.89504387836,0.158905472158,-0.00636530145459,-0.0154303313314,0.000115634793087,-0.0320524450136,-0.000910596806882,0.0071899122884,-0.0018618071967,0.573868479523,0.818932363971,0.00234485655541,0.0,0.81889403771,-0.573808029009,-0.0117323377502,0.0,-0.00826265265193,0.00865317447887,-0.99992842301,0.0,0.661417257026,0.260540209098,0.303500369881,1.0,-0.00378,-0.004968,0.19
0.464805174755,0.54551913125,-0.123971828734,-1.35882993598,0.0792782129128,1.89523154253,0.158863184965,-0.00337213008122,-0.0206623590431,0.000945402472575,-0.0372591779396,-0.00470223655087,0.00457646162483,-0.00591385980525,0.573879896615,0.818924575976,0.0022693667027,0.0,0.818885894087,-0.573820375685,-0.01169682926,0.0,-0.00827677144157,0.00857109256789,-0.999929013194,0.0,0.661353306157,0.260437411682,0.303487161236,1.0,-0.00412,-0.00541485714286,0.207
0.464749983331,0.545157950691,-0.123976474456,-1.35944208891,0.0792648723296,1.895434068,0.158737612106,-0.0011130371896,-0.0222203107272,-0.00136978971896,-0.0398410432395,-0.00441443904892,0.0150482970812,-0.00889456179031,0.573856047923,0.818941367828,0.00224036255398,0.0,0.818902082841,-0.573796404768,-0.0117393140443,0.0,-0.00832845827054,0.00857147895207,-0.999928580715,0.0,0.661278768693,0.260341886382,0.303469190936,1.0,-0.00444,-0.00583542857143,0.223
0.464685720472,0.544748540463,-0.123971214458,-1.36013355294,0.0792516009103,1.89566235137,0.158686453656,-0.000964055830244,-0.0227407535092,0.000225215510493,-0.0432436995822,-0.00303699568679,0.0208115599444,-0.000113207693027,0.573898038074,0.818912022309,0.00221099824889,0.0,0.818872037326,-0.573838175404,-0.0117932962727,0.0,-0.00838907841514,0.00857883940316,-0.999928010848,0.0,0.66119242454,0.260239081092,0.303449489359,1.0,-0.00478,-0.00628228571429,0.24
0.464624362972,0.544310858963,-0.123980234214,-1.36086632962,0.0792241514548,1.89591872501,0.158580962704,-0.00106081226487,-0.0332617872793,-0.00628211369662,-0.0403566861458,-0.000988921424975,0.0191535252794,-0.00329888213998,0.573901739362,0.818909499341,0.00218457023088,0.0,0.818869036626,-0.573841842391,-0.0118231838779,0.0,-0.00842868206223,0.00857438779628,-0.999927715984,0.0,0.661106156821,0.260125010725,0.303432980534,1.0,-0.00512,-0.00672914285714,0.257
0.464554501237,0.543856742854,-0.12397798489,-1.36161065261,0.0791907523341,1.89619153269,0.158479314052,-0.00864943954245,-0.0305611338336,-0.000384212780196,-0.046879827342,0.000322040833983,0.0109971093677,-0.00440407106215,0.573906754822,0.818906007606,0.00217586264736,0.0,0.818865305571,-0.573846763398,-0.0118427349288,0.0,-0.00844963772359,0.00857852916608,-0.999927503602,0.0,0.661020810369,0.260010849953,0.303423607643,1.0,-0.00544,-0.00714971428571,0.273
0.4644722832,0.543303967765,-0.123983567243,-1.36249105471,0.0791377305761,1.89649353681,0.158382005603,-0.00727412876898,-0.0316377275842,-0.00514715428561,-0.0455935679307,-0.000492596265596,0.0185426759577,-0.00627258811677,0.573933068179,0.818887626892,0.00215282943681,0.0,0.8188466128,-0.573873152298,-0.0118565036285,0.0,-0.0084738562523,0.00856784155514,-0.99992739029,0.0,0.660918556763,0.259867940036,0.303421972285,1.0,-0.0058,-0.00762285714286,0.291
0.464397230092,0.542829102125,-0.123986411861,-1.36326264763,0.0790902443707,1.89676046772,0.158275263842,-0.00675505789731,-0.034410255835,0.000452363983917,-0.0514565033978,-0.00414726342833,0.0131345256075,-0.00921851258574,0.573939293977,0.818883332878,0.00212623272615,0.0,0.818841960543,-0.573879471405,-0.0118719356665,0.0,-0.00850169261727,0.00855498365857,-0.999927264093,0.0,0.66082938771,0.259741767339,0.303413826678,1.0,-0.0061,-0.00801714285714,0.306
0.464331853504,0.542274431692,-0.123989578934,-1.36411542177,0.0790418156043,1.89707342378,0.158160884833,-0.00596016306203,-0.0321875841089,0.000555597941176,-0.0486506670267,-0.0012429809403,0.0226908501528,-0.00935721353502,0.573935843497,0.818885715842,0.00213982260009,0.0,0.818844497949,-0.573875944299,-0.0118674190271,0.0,-0.00849023067319,0.00856348398572,-0.999927288719,0.0,0.660730299886,0.259616194843,0.303427433708,1.0,-0.00642,-0.00843771428571,0.322
0.46424619184,0.541584995395,-0.123997312153,-1.36518445086,0.0789786683521,1.89747159058,0.158021667432,-0.00386168328121,-0.0403217368187,-0.0021415402807,-0.0578271320992,-0.0025356781243,0.0240960874152,-0.00782439533641,0.573939933173,0.818882812037,0.00215410321922,0.0,0.818841800187,-0.573879996877,-0.0118575862494,0.0,-0.00847393997274,0.0085695770083,-0.999927374708,0.0,0.660608877834,0.259454079741,0.303440855805,1.0,-0.0068,-0.00893714285714,0.341
0.464169050478,0.540968322003,-0.123990890007,-1.36613747215,0.0789304684071,1.89783102457,0.157892489272,-0.00347190829796,-0.0442047727285,-0.000360492244052,-0.0591878646666,-0.00254349686706,0.0258490815657,-0.0105184529936,0.57393285214,0.818887706256,0.00218006386004,0.0,0.818846917519,-0.573872697296,-0.0118574815403,0.0,-0.00845902959541,0.00859070216907,-0.999927319686,0.0,0.660498110755,0.259318410511,0.303454148508,1.0,-0.00712,-0.00935771428571,0.357
0.464074971733,0.540269244589,-0.123992479228,-1.367202844,0.0788565235424,1.89821920011,0.157758925946,-0.00311234147523,-0.0375528983226,-0.00628464317425,-0.0635618788877,-0.0024383144836,0.0253474731404,-0.0107464179787,0.573940825752,0.818882082541,0.00219324633761,0.0,0.818841543206,-0.573880696986,-0.0118414377287,0.0,-0.00843824191297,0.00859237119359,-0.999927480986,0.0,0.66037679232,0.259152454324,0.303474830927,1.0,-0.00746,-0.00980457142857,0.374
0.463971535396,0.539541813016,-0.123996466145,-1.36832705773,0.0787859795001,1.89864885882,0.157621083884,-0.00392464993058,-0.0449168555482,-0.000319684807348,-0.0677217587964,-0.000610060422083,0.029568199888,-0.0105977435214,0.573958877125,0.818869363936,0.00221789965909,0.0,0.818829198639,-0.573898703886,-0.0118223532396,0.0,-0.00840827502322,0.00860179120205,-0.999927652433,0.0,0.660253476199,0.258975689865,0.303491123393,1.0,-0.0078,-0.0102514285714,0.391
0.463873086713,0.538838043265,-0.124006964139,-1.36942838006,0.0787300086281,1.89906172909,0.157492939231,-0.00474051340331,-0.049493233944,-0.00221020400877,-0.071103666092,-0.00319673504413,0.0260449597347,-0.0056031985199,0.573987877202,0.818848994584,0.00223333694541,0.0,0.818808986303,-0.57392759537,-0.011819734503,0.0,-0.00839696567895,0.00861322650814,-0.999927649031,0.0,0.66013064716,0.258802074601,0.303500261578,1.0,-0.00812,-0.010672,0.407
0.463756008683,0.538013930825,-0.124006014138,-1.37069889542,0.0786603716194,1.8995575833,0.157336266457,-0.010109923267,-0.044379542473,-0.00103778341833,-0.0680978787417,-0.00801888215135,0.0348153458894,-0.00543670969602,0.574006436795,0.818835860887,0.00227823304354,0.0,0.818796394502,-0.573945935786,-0.0118014426015,0.0,-0.00835602269553,0.00863967935921,-0.999927763804,0.0,0.659991108308,0.258607731166,0.303520558235,1.0,-0.00848,-0.0111451428571,0.425
0.463655069019,0.537212872029,-0.124014427659,-1.37197229107,0.0785814057673,1.90002621627,0.157179138753,-0.00174871947081,-0.0447589194315,-0.00241932709568,-0.0766021599578,-0.00675644343798,0.0277617000768,-0.0137745989936,0.574015384007,0.818829608757,0.00227104544449,0.0,0.818790089594,-0.573954951565,-0.0118004092395,0.0,-0.00835920764328,0.00863329216162,-0.99992779235,0.0,0.659843061874,0.258414625105,0.30352098537,1.0,-0.00882,-0.011592,0.442
0.463547326937,0.536428079782,-0.124012068147,-1.37319254131,0.0785131324209,1.90048737027,0.157026576336,-0.0036080842097,-0.047730324914,6.63691862471e-06,-0.0787731852013,-0.00343514314697,0.0273069373895,-0.00291510299893,0.574025952164,0.818822131441,0.00229569271771,0.0,0.818782874948,-0.573965364014,-0.0117945540276,0.0,-0.00834015433572,0.008650220533,-0.999927805149,0.0,0.659703844999,0.258230609516,0.30353409463,1.0,-0.00914,-0.0120125714286,0.458
0.463430332835,0.535558325327,-0.124018035294,-1.37456814315,0.0784367305739,1.90098255905,0.156866859563,-0.00514858021507,-0.051939117237,-0.00152605916014,-0.0812379765702,-0.00401601176682,0.0302139643155,-0.0151240030652,0.574050215397,0.818805141695,0.00228845737972,0.0,0.818765727182,-0.573989585712,-0.0118062011939,0.0,-0.00835358837058,0.00865122937198,-0.999927684281,0.0,0.659542058013,0.258019346739,0.303536300681,1.0,-0.00948,-0.0124594285714,0.475
0.463299986421,0.534610959096,-0.124029452029,-1.37608977485,0.0783527710585,1.90154363761,0.156667238406,-0.0110974409418,-0.0534966410616,-0.0019479401417,-0.0876102673355,-0.00576647696417,0.0374082131744,-0.013797676979,0.574062540082,0.81879653086,0.00227772406193,0.0,0.818756937962,-0.574001910099,-0.0118165410299,0.0,-0.00836808595139,0.00864850244753,-0.99992758665,0.0,0.659366293211,0.257783060884,0.303529482731,1.0,-0.00984,-0.0129325714286,0.493
0.463190137352,0.533811988341,-0.124030100291,-1.37738982681,0.078276135915,1.90200843051,0.156518209579,-0.00580322879084,-0.0518552532373,-0.00030101642112,-0.0901333300609,-0.00158219219112,0.030662647827,-0.0090159199997,0.574081511339,0.81878331498,0.00224685365024,0.0,0.81874326533,-0.574020942118,-0.0118393575798,0.0,-0.00840428920594,0.00863651886677,-0.999927386596,0.0,0.659210413202,0.257585576552,0.303514567411,1.0,-0.01014,-0.0133268571429,0.508
0.463055399618,0.532838407793,-0.124024758783,-1.37896381129,0.078192037287,1.9026069862,0.156316439893,-0.00303206244975,-0.052238200494,0.000137271530453,-0.0854067812673,-0.00556798012362,0.0351010067939,-0.011296553521,0.574086544018,0.818779776293,0.00225051358287,0.0,0.818739649555,-0.574025831661,-0.0118523303172,0.0,-0.00841275740628,0.00864701453438,-0.999927224678,0.0,0.659027184271,0.257352814725,0.303503661657,1.0,-0.0105,-0.0138,0.526
0.462923598246,0.531861913451,-0.124028661207,-1.38051770772,0.0781046092806,1.90318263195,0.156121742184,-0.00671609860526,-0.0619562152441,-0.00150058776274,-0.0876147697642,-0.00216768856622,0.0296240037335,-0.0189665909053,0.57409916706,0.818770925302,0.00225059166106,0.0,0.818730740464,-0.574038392058,-0.0118594250709,0.0,-0.00841838850063,0.00865128119614,-0.99992714038,0.0,0.658845249882,0.257116980631,0.303502456695,1.0,-0.01084,-0.0142468571429,0.543
0.462805732047,0.530979554791,-0.124024549751,-1.3819491495,0.0780097959221,1.90369865312,0.155945620956,-0.00853957285658,-0.0625391207516,-0.000666442064798,-0.0923088449612,-0.00702062432771,0.0349168786915,-0.0100314869627,0.574104553728,0.818767227631,0.00222154195026,0.0,0.81872669384,-0.574043922652,-0.0118710809086,0.0,-0.00844455193285,0.00863424353941,-0.999927067031,0.0,0.658663279349,0.256886202623,0.303492122328,1.0,-0.01116,-0.0146674285714,0.559
0.462657069367,0.529889120864,-0.124026161681,-1.3836907474,0.0779089490115,1.90431307719,0.155717900231,-0.00703773011616,-0.0591958710553,0.00640966038581,-0.100453671932,-0.00711858173297,0.0359264324724,-0.0150169148973,0.574104830334,0.818767121438,0.00218895878799,0.0,0.818726042274,-0.574044205823,-0.0119022840336,0.0,-0.00848880316343,0.00862548238812,-0.999926767956,0.0,0.65846076366,0.256637222518,0.303480132843,1.0,-0.0115,-0.0151142857143,0.576
0.462518516162,0.528839250312,-0.124034010427,-1.3853390799,0.0777965867549,1.90492732647,0.155484442065,-0.00588883524005,-0.0654591252985,-0.000526354260469,-0.0939109423861,-0.00787562573128,0.0399864119844,-0.0190941419382,0.574091848487,0.818776213131,0.00219299185062,0.0,0.818735318307,-0.574031343464,-0.0118845353268,0.0,-0.00847209188547,0.00861846066709,-0.999926970231,0.0,0.658269094524,0.256383083864,0.303488436677,1.0,-0.01184,-0.0155611428571,0.593
0.462387427017,0.527811472865,-0.124031881972,-1.38695249466,0.0776880220518,1.90556089057,0.155266580206,-0.0053198132739,-0.0625932659756,0.000550202133982,-0.102944382284,-0.00746241217524,0.036243589089,-0.0170477279216,0.574077631442,0.818786091651,0.00222622937699,0.0,0.81874574394,-0.574017113174,-0.0118535844652,0.0,-0.00842781859766,0.00862775963242,-0.999927264173,0.0,0.658084014805,0.256145449481,0.303498922071,1.0,-0.01216,-0.0159817142857,0.609
0.462233957489,0.526585648137,-0.124034813754,-1.38881569165,0.0775903234596,1.90626611807,0.155003788661,-0.00659064126275,-0.0629850116923,0.0013104345429,-0.0949364183264,0.00162402364624,0.0365907478283,-0.0101451071152,0.574064641735,0.818795018533,0.00229164497137,0.0,0.818755403121,-0.574003746974,-0.0118336477913,0.0,-0.00837408028932,0.0086697424015,-0.999927352534,0.0,0.657865711905,0.255869729462,0.303536031512,1.0,-0.01252,-0.0164548571429,0.627
0.462089241392,0.525560950834,-0.12403858103,-1.39043548134,0.077480525297,1.90685224011,0.154795635547,-0.014107646968,-0.0686699150994,0.00108794637098,-0.105058264837,-0.00640262883056,0.0381574824792,-0.015940573742,0.574072969302,0.818789222299,0.00227645913768,0.0,0.818749486715,-0.574012212499,-0.0118323627035,0.0,-0.00838165708254,0.008656656009,-0.99992740243,0.0,0.65767349378,0.255615575701,0.30353686553,1.0,-0.01282,-0.0168491428571,0.642
0.461954295706,0.524442726175,-0.124050989298,-1.39219141227,0.0773672324915,1.90748441759,0.154542487093,-0.00437590859715,-0.0739146685502,-0.00423552411899,-0.115075600399,-0.00668116511577,0.0422395258033,-0.020915141386,0.574048735127,0.818806243441,0.00226545862489,0.0,0.818766430026,-0.573988091479,-0.0118300804601,0.0,-0.0083863589321,0.00864609065928,-0.999927454419,0.0,0.657460131619,0.255350475281,0.303542703407,1.0,-0.01314,-0.0172697142857,0.658
0.461762555641,0.523043556869,-0.124052778049,-1.39443451223,0.0772213882584,1.90831790848,0.154238930906,-0.0123795904417,-0.0651864911651,0.00107107201399,-0.116640909076,-0.00671086141634,0.0475202726617,-0.0195733305433,0.574039498085,0.818812764211,0.00224915630896,0.0,0.818772798289,-0.573978980391,-0.011831388449,0.0,-0.00839688510146,0.00863339851145,-0.999927475745,0.0,0.657193005473,0.255008513174,0.3035309817,1.0,-0.01354,-0.0177954285714,0.678
0.461624096206,0.521953658647,-0.124058594357,-1.39615172936,0.0771392402933,1.90899099854,0.154017846372,-0.00796140641495,-0.0711808172672,0.000548954482969,-0.118990117266,-0.0100157492789,0.0426557838823,-0.0160900922358,0.574046114732,0.818807993864,0.00229657277593,0.0,0.818768505182,-0.573985268079,-0.0118234449588,0.0,-0.00836309332224,0.00866773098079,-0.999927461924,0.0,0.656992686309,0.254756965234,0.303538113917,1.0,-0.01384,-0.0181897142857,0.693
0.461461427397,0.520700674584,-0.124057767966,-1.39817126849,0.0770114237934,1.90975472319,0.153735092394,-0.0104961869295,-0.0790905009393,0.00101219618472,-0.11857224695,-0.00479371469176,0.0369674613975,-0.0161209554754,0.574020683804,0.818825842284,0.00228942652396,0.0,0.818786285866,-0.573959894094,-0.0118239143745,0.0,-0.00836784874858,0.00866188922302,-0.999927472761,0.0,0.656750036401,0.254458498524,0.303523238531,1.0,-0.01418,-0.0186365714286,0.71
0.461295656715,0.519459894579,-0.124070408192,-1.40009035107,0.0768706982485,1.91044863758,0.153485558254,-0.0103924260508,-0.0771018348767,-0.000741554884966,-0.119817801145,-0.0137775770541,0.0455034961356,-0.0135242856368,0.574024959503,0.818822851741,0.00228697094383,0.0,0.818783484015,-0.573964407147,-0.0117988361126,0.0,-0.00834867744892,0.00864552691214,-0.999927774616,0.0,0.656520707066,0.254155188811,0.303541545449,1.0,-0.0145,-0.0190571428571,0.726
0.461131950597,0.518199643005,-0.124071644544,-1.40206080134,0.0767500503707,1.91115168976,0.153205220268,-0.0105952228729,-0.077967289203,-0.00184233592199,-0.12757045781,-0.0113717576196,0.0393646058938,-0.0178900308567,0.57400222741,0.818838803755,0.0022810732144,0.0,0.818799301955,-0.573941641182,-0.0118085789651,0.0,-0.0083602807308,0.00864605824757,-0.999927673076,0.0,0.656276704641,0.253857929489,0.303549197904,1.0,-0.01482,-0.0194777142857,0.742
0.46093108422,0.516676466984,-0.124080813948,-1.40444272615,0.0765855468401,1.9120087869,0.152876052172,-0.00998193579229,-0.0762374536852,-0.000904324948959,-0.123751856172,-0.0167196477185,0.0417982782737,-0.0219406651201,0.573985068273,0.818850869988,0.00226738217891,0.0,0.818811329985,-0.573924681357,-0.0117988524384,0.0,-0.00836035495227,0.00862908947662,-0.999927819035,0.0,0.655985797589,0.253489729969,0.303558637243,1.0,-0.0152,-0.0199771428571,0.761
0.460759144895,0.515380873086,-0.124082163399,-1.40649607005,0.0764671790509,1.91280055604,0.152604951685,-0.0107296294419,-0.0811164990915,-0.000596718367623,-0.130571337663,-0.0102931123763,0.0464691315474,-0.0139833760553,0.573981572607,0.818853236841,0.00229732947426,0.0,0.818814042637,-0.573921026273,-0.0117883876251,0.0,-0.00833463414192,0.00864756939415,-0.999927874108,0.0,0.655741283599,0.253184056388,0.303558560999,1.0,-0.01552,-0.0203977142857,0.777
0.460553641292,0.513914741768,-0.124084745645,-1.40886400353,0.0763220276481,1.91364293825,0.152279956955,-0.00930423892593,-0.0810830930886,0.00035284493713,-0.13745289265,-0.0114604520357,0.0445206475083,-0.0175182427372,0.573970856442,0.818860892087,0.00224549913084,0.0,0.818820946517,-0.573910431372,-0.0118246018558,0.0,-0.00839415026282,0.00862580465146,-0.999927564244,0.0,0.655446052926,0.252819817762,0.303532318623,1.0,-0.01588,-0.0208708571429,0.795
0.460366141405,0.512513969933,-0.124098850331,-1.4111327938,0.0761960007942,1.91442122328,0.151966645084,-0.0115719687852,-0.0827174835691,-0.0083715297132,-0.130293099948,-0.00523978510255,0.0382499630791,-0.0124419107756,0.573962699349,0.818866803355,0.00217371129874,0.0,0.818825743107,-0.573902374509,-0.0118833437556,0.0,-0.00848354097296,0.00860065241799,-0.999927026493,0.0,0.655155951339,0.252470380553,0.303501835466,1.0,-0.01622,-0.0213177142857,0.812
0.460187565974,0.511234840167,-0.124102846038,-1.41315737482,0.0760644146596,1.91519523786,0.151663816571,-0.00867902791467,-0.0900053151963,-0.00147890636517,-0.140487119008,-0.0034027789662,0.0512609315211,-0.0198369212145,0.573934294228,0.818886666123,0.00219108563506,0.0,0.818845916795,-0.573873989719,-0.011864036939,0.0,-0.00845805744437,0.00860350483703,-0.999927217836,0.0,0.654914923862,0.252158882655,0.303501220758,1.0,-0.01652,-0.021712,0.827
0.459975607219,0.509684212875,-0.124106062912,-1.4156293321,0.0759092996296,1.91612572041,0.151319606884,-0.0119465147415,-0.0871303872511,-0.00137156632359,-0.132760868242,-0.00502314722326,0.0495237722483,-0.0273911208752,0.573915432249,0.818899877855,0.00219398656334,0.0,0.818859189846,-0.57385514256,-0.0118595726531,0.0,-0.00845293487015,0.00860312346207,-0.999927264434,0.0,0.654614253689,0.251783347905,0.303490870293,1.0,-0.01688,-0.0221851428571,0.845
0.459771758464,0.50818986889,-0.124106787768,-1.41800227063,0.0757591590492,1.9169707934,0.150998342179,-0.0107793234553,-0.0910116501963,-0.000286424534006,-0.141683294173,-0.00490217844039,0.054146694408,-0.0263716788387,0.5739023352,0.818909139174,0.0021629449613,0.0,0.81886799946,-0.573842122497,-0.0118812797859,0.0,-0.00848866310736,0.00859002601229,-0.999927074367,0.0,0.654314780872,0.251420747446,0.303480233585,1.0,-0.01722,-0.022632,0.862
0.459578619606,0.506756014674,-0.124107242655,-1.42026122791,0.0756239947288,1.91778660989,0.150676684996,-0.0129215258546,-0.0867096059624,0.00091221124701,-0.141001386934,-0.00710526567152,0.0502378490724,-0.0223714342881,0.573877855696,0.818926309749,0.00215704520372,0.0,0.818884993042,-0.573817568456,-0.0118959322349,0.0,-0.00850430518655,0.00859334947773,-0.999926912898,0.0,0.65403065342,0.251078518259,0.303478505227,1.0,-0.01754,-0.0230525714286,0.878
0.459329926117,0.504966603761,-0.124113192574,-1.42301629377,0.0754514249164,1.9188484675,0.150304221212,-0.0182834819525,-0.091331865253,-0.000399065653929,-0.146482267918,-0.00496251075624,0.0583726134526,-0.0282525341186,0.573876550494,0.818927018941,0.00223368363959,0.0,0.818886778339,-0.573816038376,-0.0118467406623,0.0,-0.00842005462982,0.0086278667785,-0.999927328657,0.0,0.653702317716,0.250653227584,0.303510071482,1.0,-0.01792,-0.023552,0.897
0.459121397919,0.50340355663,-0.124116389808,-1.42534338146,0.0752996764626,1.91973160889,0.149978753185,-0.0070501041713,-0.0991966991846,-0.000705530310181,-0.148874133337,-0.0109067168033,0.0576167065682,-0.0229658370867,0.573861647531,0.818937194126,0.00232990789096,0.0,0.81889830168,-0.573800865393,-0.0117849599379,0.0,-0.00831439893822,0.0086710610858,-0.999927839131,0.0,0.653422086677,0.250294971241,0.303570851848,1.0,-0.01824,-0.0239725714286,0.913
0.458908123649,0.50190147384,-0.124125282676,-1.42756079676,0.0751527308301,1.92054537256,0.149680621061,-0.0168573757591,-0.0940668777368,-0.00201550469399,-0.148361158478,-0.0155227432489,0.0479886667033,-0.0202717550753,0.573872134087,0.818929620807,0.00240765107522,0.0,0.818891839553,-0.573811165406,-0.0117323684667,0.0,-0.00822660537786,0.00870465273939,-0.99992827342,0.0,0.653154045706,0.249938689269,0.303634851207,1.0,-0.01854,-0.0243668571429,0.928
0.458658977263,0.500089476752,-0.124123359891,-1.43029923851,0.074981383432,1.92151175979,0.149283205727,-0.0134274413896,-0.103060134451,0.00184012911832,-0.153737490714,-0.00802414008834,0.0469413485374,-0.0165576179981,0.57384244422,0.818950318151,0.00244387249715,0.0,0.818912917505,-0.573781250604,-0.0117242014563,0.0,-0.00819944815972,0.00872933124352,-0.999928281341,0.0,0.652805965224,0.249514157476,0.30367948211,1.0,-0.0189,-0.02484,0.946
0.458409618048,0.49841813366,-0.124120946888,-1.43292780807,0.0748231954468,1.92248476398,0.148901942306,-0.0200047802436,-0.0921584389413,0.00167446750191,-0.156523318043,-0.00719096861534,0.0648688697466,-0.0237239268575,0.573823792614,0.818963341107,0.00245923848792,0.0,0.818926048672,-0.573762447639,-0.0117272071593,0.0,-0.00819329180912,0.00874345328513,-0.99992820842,0.0,0.652480005611,0.24910356764,0.303678297437,1.0,-0.01924,-0.0252868571429,0.963
0.458158329437,0.496831953979,-0.124121205521,-1.43543210058,0.0746626352251,1.92338865195,0.148531997659,-0.0179288849419,-0.092014091034,0.00123869915642,-0.163906176509,-0.0157379913415,0.0478565358081,-0.0282207912128,0.57381016591,0.818972934332,0.0024440195822,0.0,0.818935415984,-0.573748848492,-0.0117384071525,0.0,-0.00821134242291,0.00873727976865,-0.999928114315,0.0,0.652168054201,0.248698895404,0.303670359141,1.0,-0.01956,-0.0257074285714,0.979
0.457898815629,0.495171212452,-0.12412125778,-1.43815219222,0.074503778651,1.92432189118,0.148141989173,-0.0119106916993,-0.0904352397437,0.00202029358391,-0.163931031168,-0.0149196028048,0.0509783449626,-0.0210297258991,0.573797634123,0.818982010808,0.0023426369079,0.0,0.818942920749,-0.573736432499,-0.0118213992125,0.0,-0.0083376176804,0.0087017443473,-0.999927379251,0.0,0.651812400661,0.24826683876,0.303613749999,1.0,-0.0199,-0.0261542857143,0.996
0.457616621231,0.493451984106,-0.124127268405,-1.44092398168,0.0743190944045,1.92532412994,0.147761759696,-0.0197682116866,-0.103984826626,0.00133231527176,-0.1637691508,-0.0116757097577,0.0595343048049,-0.0320362861839,0.573810916282,0.818972853569,0.00229005954302,0.0,0.818933125981,-0.573749964786,-0.0118431406576,0.0,-0.00838545056336,0.008671295962,-0.999927243776,0.0,0.651466570135,0.24781178242,0.303578711792,1.0,-0.0211388571429,-0.0277824979592,1.013
0.457327812892,0.491598822484,-0.124133115067,-1.4438951752,0.0741349948983,1.92642951904,0.14733775313,-0.0156543864259,-0.111156716291,0.000299252126789,-0.179925084078,-0.0097348844399,0.0655759428324,-0.0234555629949,0.573803629531,0.818977998786,0.00227577305457,0.0,0.818938055753,-0.573742704276,-0.0118539879392,0.0,-0.0084026089097,0.00866574530703,-0.999927147857,0.0,0.651096586621,0.247337797876,0.303550222228,1.0,-0.0227805714286,-0.0299401795918,1.03
0.457009331597,0.489618823099,-0.124144748791,-1.4471074275,0.0739333058674,1.92754380235,0.146867931708,-0.023339944429,-0.118703316582,-0.00027843932425,-0.193159531594,-0.0217402252821,0.0603542148738,-0.0296232451571,0.573793356472,0.818985476919,0.00217245604122,0.0,0.818944070835,-0.573732724139,-0.0119212833264,0.0,-0.00851711276876,0.00861963912217,-0.99992657761,0.0,0.650680903053,0.246812342368,0.303495392883,1.0,-0.0244222857143,-0.0320978612245,1.047
0.456708775894,0.487703961948,-0.124163475626,-1.45008076173,0.0737474814221,1.92865511285,0.146451559866,-0.0211484046429,-0.133444816044,-0.00330223450196,-0.202320319734,-0.0190261096498,0.0747261924759,-0.0296259040272,0.573809442156,0.818974102159,0.00221155748547,0.0,0.818933265291,-0.57374871113,-0.0118941320956,0.0,-0.00847227101453,0.00863624957021,-0.999926815231,0.0,0.650315855548,0.246324191709,0.303507895922,1.0,-0.0258708571429,-0.0340016979592,1.062
0.456363665689,0.485525050103,-0.124183023966,-1.45338364735,0.0735455410589,1.92993316469,0.145955770838,-0.018492648728,-0.140651311804,-0.00102922002905,-0.21056010664,-0.0113752793931,0.0704196420112,-0.0273323138735,0.573809124229,0.818973971868,0.0023386440255,0.0,0.818934883619,-0.57374799258,-0.0118171190499,0.0,-0.00833628110857,0.00869613533332,-0.999927439191,0.0,0.649920867662,0.245779806624,0.303560386463,1.0,-0.027416,-0.0360324571429,1.078
0.455957277287,0.483115988319,-0.124211302493,-1.4571290161,0.0733123602626,1.93122552858,0.145386218097,-0.0270298131066,-0.147271700366,-0.00385929453714,-0.222380181907,-0.0117242283876,0.0796784125804,-0.0359175485773,0.573816410958,0.81896897769,0.00229934712629,0.0,0.81892929065,-0.573755339467,-0.0118479639375,0.0,-0.00838401364084,0.00868172600499,-0.999927165322,0.0,0.649442805089,0.245137685173,0.303562434606,1.0,-0.0290577142857,-0.0381901387755,1.095
0.455532933821,0.480527573503,-0.124243445229,-1.46113781261,0.0730681233448,1.93265049698,0.144783150391,-0.0257014623918,-0.144712034203,-0.00248912598345,-0.238581847419,-0.0138225401427,0.092505767791,-0.0410677713204,0.573822967211,0.818964376027,0.00230217309127,0.0,0.818924653776,-0.573761809311,-0.0118551472377,0.0,-0.00838820576097,0.00868822934168,-0.999927073678,0.0,0.648934494781,0.244460262909,0.303573667128,1.0,-0.0306994285714,-0.0403478204082,1.112
0.455025661817,0.477477418241,-0.12426163124,-1.4657601739,0.0727779580849,1.93435179066,0.144114991114,-0.0236971918567,-0.163980006277,0.00367394577439,-0.242104396608,-0.0176840344996,0.090791548446,-0.0385775998455,0.573850151954,0.818945020663,0.00240896962383,0.0,0.81890670027,-0.573788593113,-0.0117988799187,0.0,-0.00828055409381,0.00874367874282,-0.999927487624,0.0,0.648358867142,0.24368235745,0.303634361237,1.0,-0.0325342857143,-0.0427593469388,1.131
0.454567018424,0.474822516246,-0.124283826184,-1.46987357664,0.0725183650774,1.93586646218,0.143534569281,-0.0299350640982,-0.168079140187,-0.00157625435204,-0.27195691176,-0.0286334190874,0.0977115425949,-0.0280355322928,0.573894653682,0.81891371233,0.00245053768757,0.0,0.81887596285,-0.573832965389,-0.0117742176243,0.0,-0.0082360275255,0.00876401568876,-0.999927677325,0.0,0.647845149408,0.242981392067,0.30364586022,1.0,-0.0340794285714,-0.0447901061224,1.147
0.454069737622,0.471866561406,-0.124290714225,-1.47445675068,0.0722352719174,1.93744167557,0.14284984371,-0.0291933455289,-0.176564179205,-0.00127837139608,-0.277239191911,-0.0148147326735,0.0979781807451,-0.039768649251,0.573888505526,0.818918132289,0.00241303434699,0.0,0.818879614036,-0.573826661659,-0.0118273829352,0.0,-0.00830115472229,0.00876375248107,-0.999927141082,0.0,0.647238981009,0.242213920591,0.30364495491,1.0,-0.0357211428571,-0.0469477877551,1.164
0.453557105193,0.468763514681,-0.124283533547,-1.47913829098,0.0719425477132,1.93922257284,0.142100050662,-0.0315828789078,-0.188967573745,0.00119587401358,-0.276771775222,-0.0246066850962,0.109779632739,-0.0495325605835,0.573832721049,0.81895668991,0.00258750948075,0.0,0.818920409417,-0.573770201929,-0.0117416063339,0.0,-0.00813138777459,0.00885685275728,-0.999927715734,0.0,0.646650820292,0.241447541384,0.303713904638,1.0,-0.0373628571429,-0.0491054693878,1.181
0.453012493431,0.465543264527,-0.124285748878,-1.48406013362,0.071609021185,1.94099106638,0.14134396164,-0.0342239253402,-0.186776953176,-0.00221761439363,-0.294399500819,-0.0234304578052,0.0919694556855,-0.0473662474347,0.573802090532,0.818978001737,0.00263447783106,0.0,0.818942378763,-0.57373945827,-0.0117115836841,0.0,-0.00808018108766,0.00887778766804,-0.999927945184,0.0,0.646011189657,0.240621754793,0.303746296044,1.0,-0.0390045714286,-0.0512631510204,1.198
0.452430287164,0.462224708953,-0.124292805053,-1.48928241933,0.0712506160017,1.94278637566,0.140560898806,-0.0341589356797,-0.195563091808,7.42331811236e-05,-0.312693954705,-0.0228988916991,0.108724811172,-0.0538160304034,0.573788601696,0.818987781211,0.00253015667564,0.0,0.818950743685,-0.573726285434,-0.0117718189188,0.0,-0.00818951613962,0.00882677915085,-0.99992750727,0.0,0.645311247069,0.23973353923,0.30370373949,1.0,-0.0406462857143,-0.0534208326531,1.215
0.451788423331,0.45858579558,-0.124296460018,-1.49492447761,0.0708692756778,1.9447777567,0.139722986544,-0.0390551505689,-0.201171829292,-8.61413288658e-05,-0.310956050744,-0.0204388582362,0.116503809627,-0.0548137143062,0.573787907433,0.818988329013,0.00251020450306,0.0,0.818950993058,-0.573725623231,-0.011786734865,0.0,-0.00821318777795,0.00881899019709,-0.999927381843,0.0,0.644563298074,0.238773819247,0.303695950078,1.0,-0.0423845714286,-0.0557054367347,1.233
0.451210925347,0.45549996903,-0.124307694894,-1.49984218045,0.0705494845475,1.94650045808,0.138963178668,-0.0390642328882,-0.202011708797,-0.000223363099893,-0.329839583667,-0.0180764505918,0.113087568631,-0.0428557131429,0.573785805184,0.818990092832,0.00241340298051,0.0,0.818951328731,-0.573723708488,-0.0118564071169,0.0,-0.00832581375499,0.00877966671762,-0.999926796459,0.0,0.643907295287,0.237921763183,0.303627059273,1.0,-0.0438331428571,-0.0576092734694,1.248
0.450525846938,0.45178675174,-0.124357313404,-1.50549964721,0.070149458289,1.94854007752,0.138047951077,-0.0393339297295,-0.224166337035,-0.00225640177007,-0.327803139553,-0.0225143428669,0.129715341478,-0.0512437873584,0.573781617099,0.818992870362,0.00246598376419,0.0,0.818955156288,-0.573719709252,-0.0117853343747,0.0,-0.00823747993651,0.00878190741351,-0.999927508386,0.0,0.643177719003,0.23690830105,0.303662426336,1.0,-0.0454748571429,-0.059766955102,1.265
0.449821232003,0.447892335297,-0.124403742821,-1.51133000942,0.0697650211833,1.95060921303,0.137176233866,-0.0464643868276,-0.234097577547,-0.00142985085624,-0.347519428979,-0.0249455703924,0.115625705054,-0.052793191697,0.573836910419,0.818953811801,0.00256929534496,0.0,0.818917524518,-0.5737747067,-0.0117226656715,0.0,-0.00812628150923,0.00883110926065,-0.999927984936,0.0,0.642412216842,0.235871712911,0.303738613645,1.0,-0.0471165714286,-0.0619246367347,1.282
0.449136674378,0.44419631487,-0.124420923144,-1.51705461537,0.0693700732014,1.95251331413,0.136318430041,-0.0416612555759,-0.220643872252,-0.000495459155553,-0.357930999167,-0.0254032442576,0.123128427132,-0.0555892731084,0.573854326261,0.818941960469,0.0024544891454,0.0,0.818904034781,-0.573792386131,-0.0117994210885,0.0,-0.00825483278621,0.00878130897088,-0.999927370537,0.0,0.641618606096,0.234864039761,0.303711063013,1.0,-0.0486617142857,-0.0639553959184,1.298
0.448383639886,0.440191704754,-0.124425656015,-1.52324065031,0.0689375093944,1.95471453356,0.135312432065,-0.0427740353784,-0.238903630576,0.000180080532389,-0.368317015823,-0.0245326749923,0.134561932223,-0.0624662959478,0.573805341729,0.818976280256,0.00245541896871,0.0,0.818938417584,-0.573743458491,-0.0117923257066,0.0,-0.00824901329066,0.00877750540076,-0.999927451958,0.0,0.640783985015,0.233784444799,0.303696972965,1.0,-0.0503034285714,-0.066113077551,1.315
0.447620309202,0.436306967166,-0.124428845308,-1.5292173499,0.0685503010062,1.95683811827,0.134356713717,-0.0513277708482,-0.24431562549,-0.000378842576751,-0.374742764065,-0.0274814819681,0.128911470358,-0.0659231572873,0.573806295111,0.818975522476,0.00248519184613,0.0,0.81893782503,-0.573744063276,-0.0118040455409,0.0,-0.00824151897118,0.0088086228377,-0.999927240117,0.0,0.639977408377,0.232725331371,0.303690081483,1.0,-0.0518485714286,-0.0681438367347,1.331
0.446834877727,0.432253033178,-0.124451668572,-1.53523984816,0.0681153220009,1.95905449831,0.133375202883,-0.052001172841,-0.250431385067,0.00207987212072,-0.378584890501,-0.0306184335581,0.136310258964,-0.0664838993938,0.57380334934,0.818977007125,0.00266926752306,0.0,0.818942093686,-0.573740878751,-0.011661824072,0.0,-0.00801945228114,0.00887774016991,-0.999928434496,0.0,0.639187410791,0.231637155658,0.303780946408,1.0,-0.0533937142857,-0.0701745959184,1.347
0.44584773903,0.427393070376,-0.1244986001,-1.54283671662,0.067562473474,1.96149348201,0.132168830319,-0.0494548225698,-0.261133696681,-0.00330530959759,-0.404101722512,-0.0287480267892,0.12294638844,-0.0653983000206,0.573829066949,0.818959846554,0.00239135063432,0.0,0.818921230558,-0.57376750763,-0.0118157619338,0.0,-0.00830471517838,0.00873872369741,-0.999927330567,0.0,0.638106250631,0.230231862555,0.303688075128,1.0,-0.0552285714286,-0.072586122449,1.366
0.445006471498,0.42314459924,-0.124545100216,-1.54929352615,0.0670931619527,1.96370173383,0.131089334419,-0.0579313615609,-0.264623663083,-5.6089244765e-06,-0.404621183475,-0.0236381046097,0.135612326663,-0.0593524406887,0.573810628714,0.818972839673,0.00236583042226,0.0,0.818934077572,-0.573749364169,-0.0118063800023,0.0,-0.00831187088547,0.00871225322435,-0.999927502095,0.0,0.637211328372,0.229044039536,0.303696053409,1.0,-0.0567737142857,-0.0746168816326,1.382
0.444057083431,0.418530438358,-0.124564814947,-1.55624597214,0.0666216828654,1.96614659899,0.129989953811,-0.0554967559851,-0.275146288571,-0.00199100075806,-0.403690966887,-0.0287632422111,0.151386388624,-0.0655508026897,0.573863442998,0.818935525076,0.00247011352353,0.0,0.818898023875,-0.573801679267,-0.0117646192225,0.0,-0.00821726754035,0.00877422490675,-0.999927742135,0.0,0.63620080781,0.227694812826,0.303739333284,1.0,-0.058512,-0.0769014857143,1.4
