position_joint1,position_joint2,position_joint3,position_joint4,position_joint5,position_joint6,position_joint7,velocity_joint1,velocity_joint2,velocity_joint3,velocity_joint4,velocity_joint5,velocity_joint6,velocity_joint7,ee_T_00,ee_T_10,ee_T_20,ee_T_30,ee_T_01,ee_T_11,ee_T_21,ee_T_31,ee_T_02,ee_T_12,ee_T_22,ee_T_32,ee_T_03,ee_T_13,ee_T_23,ee_T_33,v_x,v_y,time
0.465070106851,0.547766771068,-0.12395338021,-1.35583770963,0.0796008688435,1.89410417467,0.159154518648,0.00154728166152,0.00287123914321,-0.000321967734596,-0.00116548249097,0.00037974056737,-5.46787345933e-05,-0.000997714777857,0.57380728955,0.818976104341,0.00202036598575,0.0,0.818932769695,-0.57374733902,-0.0119940230072,0.0,-0.00866380543474,0.00853696610812,-0.999926026606,0.0,0.661664305924,0.260924673226,0.303221689574,1.0,0.0,0.0,0.0
0.465064476097,0.547756843673,-0.123950548226,-1.35583208655,0.0796002584399,1.89410230398,0.159156176427,-0.000178419570966,7.13592671655e-05,0.000850992231094,0.000963816288075,0.000181184356225,-0.000230415242049,0.000279773742308,0.573810779946,0.818973628644,0.00203256094566,0.0,0.818930449958,-0.573750774502,-0.0119880686987,0.0,-0.00865189528158,0.00854357359009,-0.999926073297,0.0,0.661666339665,0.260923161338,0.303231141207,1.0,-0.00022,-0.000289142857143,0.012
0.46506905378,0.547750975285,-0.123956588442,-1.3558441159,0.0795990887419,1.89410268275,0.159154095477,0.000726137369793,-0.000123835417495,-0.00138481004273,-0.00210158552306,0.000239369613169,-7.60199845724e-05,0.000279378917721,0.573809886154,0.818974271094,0.00202601542819,0.0,0.818931035538,-0.573749936515,-0.0119881726353,0.0,-0.0086557453724,0.00853826327574,-0.999926085334,0.0,0.661664070543,0.260921178769,0.303229803638,1.0,-0.00056,-0.000736,0.029
0.465063326809,0.547730371907,-0.123946533134,-1.3558597056,0.079600838177,1.89410574471,0.15915962901,-0.000298249093443,0.000632117377945,0.00168833732736,0.000258843711378,0.000293890318694,0.00125179037733,0.00973871501492,0.573813381716,0.818971794242,0.00203717984324,0.0,0.818928626789,-0.573753308087,-0.0119913546396,0.0,-0.00865190912642,0.00854926924857,-0.999926024496,0.0,0.661660739851,0.260922122004,0.30323691585,1.0,-0.0009,-0.00118285714286,0.046
0.46507334199,0.547610363871,-0.12395158598,-1.3559796148,0.0795974137502,1.89412504067,0.159148549157,0.00135766614735,-0.0104813754965,-0.000342766898438,-0.00654362943065,0.000265075714406,0.000275014746204,-0.00101996884,0.573805195642,0.818977480945,0.00205671092828,0.0,0.818934528613,-0.573745001736,-0.0119857302518,0.0,-0.00863618182704,0.00856195073068,-0.999926051947,0.0,0.661639014046,0.260913926583,0.303266694567,1.0,-0.00126,-0.001656,0.064
0.465062002872,0.547482109811,-0.123951621016,-1.35615141085,0.0795954239992,1.89415408114,0.1591499677,0.000551094618024,-0.00637610815047,-0.000488311810144,-0.00917568061534,-1.36726298044e-05,-2.82769028882e-05,0.000526177632287,0.573824494186,0.818963974778,0.00205055815439,0.0,0.818920820402,-0.573764203092,-0.0120031688832,0.0,-0.00865379264546,0.00856712202274,-0.999925855398,0.0,0.661611883438,0.260889342362,0.303278298453,1.0,-0.00158,-0.00207657142857,0.08
0.465040698714,0.547326223954,-0.123952411204,-1.35636490817,0.0795943020557,1.8942507197,0.159142986523,-0.000279274881794,-0.0156037774902,7.03269833503e-05,-0.0117011126605,-2.13355972106e-05,0.0105246637584,-0.00062337098382,0.573848531009,0.818947033777,0.00208955192513,0.0,0.818904314844,-0.57378800027,-0.0119916961495,0.0,-0.00862177016677,0.00859272574385,-0.999925912327,0.0,0.661592128048,0.260857882427,0.303295521413,1.0,-0.00192,-0.00252342857143,0.097
0.465020057865,0.547150227156,-0.123949492525,-1.3565709412,0.0795934740587,1.89436633142,0.159129569575,-0.00187500016281,-0.0135788552979,0.000655068823896,-0.0147735158211,0.000681186805381,0.00764100126587,-0.00255948760416,0.573863921795,0.818936042652,0.00216891880893,0.0,0.818894304281,-0.573803005592,-0.011957261024,0.0,-0.0085478644654,0.00863812227487,-0.999926155702,0.0,0.661577355748,0.260831502166,0.303332062679,1.0,-0.00224,-0.002944,0.113
0.464992480443,0.546960323889,-0.123954781806,-1.35680748999,0.0795868053322,1.89449338276,0.159120984101,-0.00041572260249,-0.00619983278107,-0.000805497876745,-0.01530962836,0.000260225249169,0.0102059086096,-0.000700771599556,0.573894850989,0.818914178755,0.00223936217828,0.0,0.818873382462,-0.57383366924,-0.0119184916843,0.0,-0.00847536359113,0.00867388208976,-0.999926463287,0.0,0.661562244914,0.260792170676,0.303365177111,1.0,-0.00256,-0.00336457142857,0.129
0.464960078344,0.546724779918,-0.123949491443,-1.35716425864,0.079580932594,1.89462375274,0.159090979564,-0.000388029799011,-0.0177209148149,0.00117532346002,-0.0226890624806,0.000318151847804,0.0140614626354,-0.000111114632859,0.573911514294,0.818902452453,0.00225699547881,0.0,0.818861718794,-0.573850088259,-0.0119293168727,0.0,-0.0084739329379,0.00869470690804,-0.99992629455,0.0,0.661520184665,0.260742442373,0.30337332448,1.0,-0.0029,-0.00381142857143,0.146
0.464921831069,0.546435422508,-0.123949117738,-1.35759264236,0.0795706385051,1.89478840988,0.158956974436,-0.00470048252723,-0.0182388001155,0.00173404752313,-0.0237407194059,-0.0004642858722,0.00774011890972,-0.00505824594063,0.573854103211,0.818942597719,0.00228839902068,0.0,0.818902135813,-0.57379241689,-0.01192900591,0.0,-0.00845626789259,0.0087196517146,-0.999926226882,0.0,0.661472828169,0.260679822128,0.303388613561,1.0,-0.00326,-0.00428457142857,0.164
0.46488892122,0.546188409802,-0.123955084868,-1.35800560804,0.0795643649067,1.89492798904,0.158928970279,-0.00412521445471,-0.0152432117147,0.000626483300013,-0.0305727161877,-6.87165642547e-05,0.00914475266167,0.00584255451365,0.573883686132,0.818921906674,0.00227430468455,0.0,0.818881101867,-0.573821888954,-0.0119552358251,0.0,-0.00848552207912,0.00872346788376,-0.99992594577,0.0,0.661422694285,0.260617277548,0.303379277021,1.0,-0.00356,-0.00467885714286,0.179
0.46483700103,0.54585743506,-0.123957940102,-1.35857006147,0.0795502702853,1.89512084482,0.158885245816,-0.00601922344432,-0.0186472293967,-0.0011132788523,-0.0352707492804,-0.0016984077734,0.015227038736,-0.00812631743003,0.573920183326,0.818896398316,0.00224919912447,0.0,0.818855071233,-0.573858284099,-0.0119912046535,0.0,-0.00852899696172,0.00872393044504,-0.999925571854,0.0,0.661355259826,0.260529429919,0.303361781659,1.0,-0.00392,-0.005152,0.197
0.464778051734,0.545498161424,-0.123953063504,-1.35917467211,0.0795184697437,1.89532726176,0.15878388767,-0.00176240801899,-0.022368001962,-0.00522978017101,-0.0345723774542,-0.00476265947747,0.0158655021984,-0.0064982897379,0.573907340863,0.818905479087,0.00221975809571,0.0,0.818863663128,-0.573845458157,-0.0120182470419,0.0,-0.00856817521415,0.00871520724192,-0.999925312979,0.0,0.661283041793,0.260435071861,0.303346072554,1.0,-0.00426,-0.00559885714286,0.214
0.464726171792,0.545127033558,-0.123955194803,-1.35983054263,0.0794477761902,1.89552740075,0.158718239419,-0.00214487543027,-0.0242276538217,-0.000892068109879,-0.0448667949223,-0.00987291158219,0.0120467769245,-0.00139341307127,0.573915206969,0.818900205041,0.00212985770459,0.0,0.818857428023,-0.57385391461,-0.0120392757159,0.0,-0.00863690445816,0.00865373982761,-0.999925255541,0.0,0.661199974347,0.260328675871,0.303313943147,1.0,-0.00458,-0.00601942857143,0.23
0.464656158425,0.544698553177,-0.12395601032,-1.3605318208,0.0794165974402,1.89576468048,0.158626937621,-0.00518500576921,-0.0232917957621,-0.00084739636417,-0.0391328621316,-0.00462744071305,0.018863548505,-0.00277198137154,0.573929093669,0.818890535323,0.002105587648,0.0,0.818847302124,-0.573867763518,-0.0120678373999,0.0,-0.00867407595697,0.00865040429349,-0.999924962641,0.0,0.66111752183,0.26021534703,0.303304019195,1.0,-0.00492,-0.00646628571429,0.247
0.464586981435,0.544210983301,-0.123960452482,-1.36133701447,0.0793849564156,1.89604777011,0.158534872597,-0.00120756816254,-0.0262427842986,-0.00138095950781,-0.0442967679742,0.000238903875334,0.0132776168269,-0.00609032443636,0.573949917574,0.818875996082,0.00208376058955,0.0,0.818832312391,-0.573888514097,-0.0120981186079,0.0,-0.0087111803745,0.00865013122165,-0.999924642444,0.0,0.661022407229,0.260091950503,0.303290508953,1.0,-0.00528,-0.00693942857143,0.265
0.464528060646,0.543771956452,-0.123953648994,-1.36205933171,0.0793560547164,1.89630666123,0.158447996067,-0.00286786964149,-0.0272682600519,2.82702390757e-05,-0.0516309944939,-0.000663969566719,0.0153940497272,-0.00917226252737,0.573954826205,0.818872585316,0.00207205121308,0.0,0.818828556225,-0.573893282234,-0.0121261295535,0.0,-0.00874078707294,0.0086566719514,-0.999924327473,0.0,0.660934754286,0.259989855417,0.303279578937,1.0,-0.00558,-0.00733371428571,0.28
0.464445039953,0.543203482569,-0.123958745937,-1.36295840269,0.0793102997301,1.89661961774,0.158322055298,-0.0033959173299,-0.0337070569604,0.00136521684492,-0.0542682491498,-0.00774123109021,0.0167650281549,-0.00407924319026,0.573961021816,0.818868271053,0.00206082501622,0.0,0.818824003882,-0.5738994359,-0.0121422832264,0.0,-0.00876039282267,0.00865681694944,-0.999924154643,0.0,0.660830430608,0.259846605729,0.303281107491,1.0,-0.00594,-0.00780685714286,0.298
0.464356731211,0.542638444116,-0.123959073959,-1.36385785604,0.0792517502107,1.89694237049,0.158210749517,-0.00803849768225,-0.0381493734031,-0.00316307009832,-0.0582490281833,0.000135374161337,0.0201911029282,-0.00909575695952,0.573976815135,0.818857232811,0.00204813630444,0.0,0.818812816199,-0.573915299288,-0.0121469408398,0.0,-0.00877132247819,0.00864926919749,-0.999924124144,0.0,0.660728733259,0.259701138202,0.303280622942,1.0,-0.00628,-0.00825371428571,0.315
0.464285570228,0.542109069481,-0.123961204838,-1.36466410695,0.0792096741757,1.89724684362,0.158105137275,-0.0052732034932,-0.034915010359,-0.000240636685914,-0.0508796421758,0.000311582723758,0.0209681527049,-0.00735582533381,0.573983726382,0.818852321845,0.002074550165,0.0,0.818808208341,-0.573922051805,-0.0121385051486,0.0,-0.00874918148627,0.0086661299715,-0.999924172132,0.0,0.660638850559,0.259577987979,0.303297704666,1.0,-0.00658,-0.008648,0.33
0.46419125561,0.541444800137,-0.123962269297,-1.36567399725,0.0791449881801,1.89762382389,0.157972922008,-0.00800072119717,-0.0322050217032,0.00073035402352,-0.0556124348708,5.24660389826e-05,0.0182422188561,-0.00457871175688,0.573992256121,0.818846280689,0.00209890851057,0.0,0.818802527518,-0.573930515692,-0.012121509392,0.0,-0.00872119314813,0.00867641116481,-0.999924327477,0.0,0.660526901635,0.259419029453,0.303319394342,1.0,-0.00694,-0.00912114285714,0.348
0.464101587286,0.54076389508,-0.12396701869,-1.36670979001,0.0790867877255,1.89800677175,0.157839488937,-0.00520992186613,-0.0432173184938,-8.2713743772e-05,-0.0604155545471,-0.0118315120793,0.0193371837539,-0.00407444448076,0.574001643514,0.818839635234,0.0021241265723,0.0,0.818796192727,-0.573939773637,-0.0121110658195,0.0,-0.00869806745863,0.00869116576725,-0.999924400772,0.0,0.660409694714,0.259259610547,0.30334106736,1.0,-0.00728,-0.009568,0.365
0.464005250691,0.540090818053,-0.123968768884,-1.3677556555,0.079027473143,1.89838876827,0.157714159671,-0.00830545691149,-0.0468582265492,-0.000668385788385,-0.0655364879878,-0.000568201659515,0.0249231668119,-0.000955314425099,0.574021202785,0.818825899757,0.00213343409825,0.0,0.81878253899,-0.573959250269,-0.0121111426816,0.0,-0.00869258042696,0.00869903876041,-0.999924380026,0.0,0.660290673968,0.259095992071,0.303352130584,1.0,-0.0076,-0.00998857142857,0.381
0.463910830074,0.539301765416,-0.123980653976,-1.36897396656,0.078954876295,1.89885616462,0.157552123985,-0.00397480066435,-0.0483719629401,-0.00493187214182,-0.0681430337741,-0.00851732642893,0.0292404111571,-0.0140786286451,0.574022301597,0.818825052725,0.00216268368422,0.0,0.818782142542,-0.573960291845,-0.0120885623455,0.0,-0.00865728982101,0.00871003885641,-0.999924590435,0.0,0.660154233034,0.258912468384,0.303370682173,1.0,-0.00796,-0.0104617142857,0.399
0.463797474199,0.538598482367,-0.123980481731,-1.37007955529,0.0788911617521,1.8992849745,0.157421733902,-0.0117701928838,-0.0462302646007,-0.00176940260803,-0.0651433565127,0.000240558766922,0.0281521464851,-0.0119846995136,0.574052448966,0.818803857184,0.00218545122209,0.0,0.818761238331,-0.573990332106,-0.0120780857714,0.0,-0.00863532160092,0.00872298540929,-0.999924667536,0.0,0.660035315952,0.258734520629,0.303378434241,1.0,-0.00828,-0.0108822857143,0.415
0.463698756295,0.537819877113,-0.123986724612,-1.37131113696,0.07882298224,1.89975567598,0.157267169747,-0.00544579460448,-0.0425371179903,0.000948208486783,-0.0676316659725,-0.00568443509565,0.0292410077747,-0.00387638632105,0.574060975399,0.818797837628,0.00220102696275,0.0,0.818755407319,-0.573998776256,-0.0120720645831,0.0,-0.00862135958109,0.00873237202227,-0.999924706084,0.0,0.659895259764,0.258550677286,0.303383144999,1.0,-0.00862,-0.0113291428571,0.432
0.463590101056,0.536988398596,-0.123983933637,-1.3725964172,0.0787463829888,1.90022849119,0.157107023883,-0.00452456629997,-0.0457701697506,0.000159653393862,-0.0764812785267,-0.00223149806127,0.0316268260862,-0.0114627853007,0.574067148708,0.818793462865,0.00221829772875,0.0,0.818751221871,-0.574004838936,-0.0120676618959,0.0,-0.00860777476824,0.00874405058208,-0.999924721063,0.0,0.659745268855,0.258358640825,0.303399357347,1.0,-0.00896,-0.011776,0.449
0.463478661846,0.536155889744,-0.123988211067,-1.37391070405,0.0786696087772,1.90072589513,0.15695031749,-0.0128205467314,-0.0502801236269,0.000526280102913,-0.0758407967771,-0.00770863599009,0.0313393200641,-0.00661525653898,0.574084951377,0.818780947263,0.00223067333028,0.0,0.81873886924,-0.574022588502,-0.0120614587219,0.0,-0.00859540120665,0.00875080938417,-0.999924768377,0.0,0.659595535324,0.258158885452,0.303404710125,1.0,-0.0093,-0.0122228571429,0.466
0.463370534621,0.535308314716,-0.123988182788,-1.3752513284,0.0785927064956,1.90120170151,0.156792585497,-0.00993479293013,-0.0534435520039,0.00191182295882,-0.0873259242567,-0.00590656826959,0.0338714870468,-0.0087910887241,0.574097253031,0.818772355797,0.00221818535414,0.0,0.818730030812,-0.574034856031,-0.0120775663344,0.0,-0.00861562760699,0.00874996108306,-0.999924601729,0.0,0.65943362934,0.257959423273,0.30340598762,1.0,-0.00962,-0.0126434285714,0.482
0.463256722834,0.53435326731,-0.123996325332,-1.37678222002,0.0785177458042,1.90175459109,0.156600488802,-0.00329395358806,-0.0528892287322,-0.00145359502344,-0.0885830827483,-0.00203382775629,0.0282477529798,-0.00912941148396,0.574102757937,0.818768529713,0.00220567038187,0.0,0.818725879044,-0.574040249002,-0.0121026613031,0.0,-0.00864330103585,0.00875417919984,-0.999924325984,0.0,0.659248600039,0.257735842288,0.303399334956,1.0,-0.00998,-0.0131165714286,0.5
0.463131992997,0.533502925291,-0.123989247393,-1.37816369432,0.0784344634847,1.90226585658,0.156426731025,-0.00414311915383,-0.0523619143625,0.000989578001423,-0.0849677375139,-0.0050279942884,0.0345527678505,-0.00880676463917,0.574111002028,0.818762793437,0.00218914034065,0.0,0.818719865393,-0.574048500884,-0.0121180668669,0.0,-0.00866531638243,0.0087495766531,-0.999924175726,0.0,0.659086685665,0.257526120889,0.303385631982,1.0,-0.0103,-0.0135371428571,0.516
0.463007774734,0.532608039156,-0.123994498192,-1.37959275598,0.0783640754352,1.90281285287,0.156239921194,-0.0102179816392,-0.053493768622,-0.000741573954606,-0.0870961067839,-0.00535596608246,0.0324028998556,-0.0101183888786,0.574122898778,0.81875440647,0.00220587516038,0.0,0.818711586967,-0.574060212688,-0.0121225605812,0.0,-0.00865926144742,0.00876598394703,-0.999924084477,0.0,0.65892362951,0.257309025007,0.303384047438,1.0,-0.01062,-0.0139577142857,0.532
0.462868986605,0.531577923042,-0.123989133484,-1.38124835203,0.0782718175412,1.90342130324,0.156041316713,-0.0071902013506,-0.058363577387,0.00182668557154,-0.0897502912023,-0.00020886135602,0.0317923064828,-0.0046511544938,0.574135760496,0.81874541489,0.00219568160251,0.0,0.818702331468,-0.574072984615,-0.0121428038488,0.0,-0.00868155063106,0.00876939640748,-0.999923861284,0.0,0.658725718283,0.257064051336,0.303374735722,1.0,-0.01098,-0.0144308571429,0.55
0.462720823754,0.530569454994,-0.123996422946,-1.38288199026,0.0781600069863,1.90399327048,0.155819754984,-0.00714978746728,-0.0590974459676,-0.000588669290965,-0.0923948745542,-0.00597940896956,0.0245374110843,-0.0123572028115,0.574139522007,0.818742920752,0.00214146909402,0.0,0.818699197371,-0.574077051201,-0.012161842383,0.0,-0.00872822213699,0.0087359815957,-0.999923747475,0.0,0.658530970972,0.256802292427,0.303357597265,1.0,-0.01132,-0.0148777142857,0.567
0.462582793169,0.529587580736,-0.123996987371,-1.38443541189,0.0780678905269,1.90456226744,0.155613291258,-0.00791340835669,-0.059599516464,0.000244608775419,-0.0968452863681,-0.00192800982326,0.0389017860658,-0.0142492609919,0.574143544124,0.818740104769,0.00213973954998,0.0,0.818696312579,-0.574081034163,-0.0121680271833,0.0,-0.00873423611834,0.00873815936813,-0.999923675932,0.0,0.658348006905,0.256563281086,0.303359224352,1.0,-0.01164,-0.0152982857143,0.583
0.462446161742,0.528488944465,-0.124002419764,-1.38612532326,0.0779546404843,1.90520849866,0.155386355816,-0.0100332427434,-0.0679027626186,0.000275735796901,-0.101382208711,-0.00661144144813,0.0396549075821,-0.0181224450306,0.574134710712,0.818746197278,0.00217837061347,0.0,0.818703054617,-0.574072178481,-0.0121321537807,0.0,-0.00868277997959,0.0087490977238,-0.999924028425,0.0,0.658153085807,0.256309541401,0.30338469327,1.0,-0.01198,-0.0157451428571,0.6
0.462298392443,0.527379144742,-0.124003821782,-1.3878485912,0.0778498665281,1.90587341313,0.155151396298,-0.00826907277222,-0.0675030380427,0.000680466569256,-0.105466785601,-0.00276629845587,0.0342390752115,-0.0137583610054,0.574129563509,0.818749694074,0.00222028395636,0.0,0.818707134444,-0.57406688731,-0.0121071799396,0.0,-0.00863832468641,0.00876902108045,-0.999924238938,0.0,0.657955342348,0.256049655127,0.303403387484,1.0,-0.01232,-0.016192,0.617
0.462152917534,0.526273750859,-0.124006071281,-1.38954491058,0.0777501159243,1.90651523567,0.154914486844,-0.0170854069661,-0.0717069028844,0.00103702189493,-0.106815380532,-0.00393686092621,0.0396705451636,-0.0142184024691,0.574121124742,0.818755490611,0.00226442519514,0.0,0.818713499082,-0.574058253189,-0.012086160178,0.0,-0.00859586353115,0.00879300464272,-0.999924394242,0.0,0.657758007584,0.25579320814,0.303429551121,1.0,-0.01264,-0.0166125714286,0.633
0.462000400956,0.525095879909,-0.12402166373,-1.39138816206,0.0776321330086,1.90716723602,0.154669010563,-0.0135848403644,-0.0686903005149,-0.00190154551927,-0.106135800421,-0.00559391216556,0.0418821738635,-0.0213910929903,0.574123360512,0.818753971677,0.00224670410148,0.0,0.818711807117,-0.574060623405,-0.0120881943962,0.0,-0.00860767853968,0.00877968700043,-0.999924409626,0.0,0.657535414698,0.255505689069,0.303437780867,1.0,-0.01298,-0.0170594285714,0.65
0.461848755952,0.523921328636,-0.124024401253,-1.3932831273,0.0775130323386,1.90785071491,0.154405505663,-0.00604760033399,-0.066923046195,-0.00110933977269,-0.11562953906,-0.00270193769211,0.0403932107817,-0.0201155138261,0.574103423945,0.818768046312,0.00221175378954,0.0,0.818725407214,-0.574040820082,-0.012107492021,0.0,-0.00864375704773,0.00876194034117,-0.999924254064,0.0,0.657303171328,0.255222025323,0.303421101258,1.0,-0.01332,-0.0175062857143,0.667
0.461695157511,0.522763696165,-0.12402230887,-1.39509961013,0.0774049152926,1.90854147059,0.154171227933,-0.00685976536544,-0.077854168683,-0.000272921408298,-0.111545219511,-0.00541385739113,0.0410057446569,-0.0212689246228,0.574104314339,0.818767347519,0.00223915078592,0.0,0.818725042024,-0.574041568706,-0.0120966880189,0.0,-0.00861917347907,0.0087781786093,-0.999924323851,0.0,0.657088614038,0.254951257783,0.303430042637,1.0,-0.01364,-0.0179268571429,0.683
0.461517922867,0.521464872907,-0.124022990806,-1.3971872319,0.077282782706,1.90935302458,0.153884233573,-0.0084497200535,-0.0761599469684,0.00127434127732,-0.119261083791,-0.00931464697586,0.0402291140616,-0.00804337321324,0.57409405651,0.818774488702,0.00225783804329,0.0,0.818732410705,-0.574031215918,-0.0120892396052,0.0,-0.0086024570832,0.00878909500657,-0.999924371911,0.0,0.656844791649,0.254638964952,0.303419415729,1.0,-0.014,-0.0184,0.701
0.461355402885,0.520175456928,-0.124028453835,-1.39921900437,0.0771543167124,1.91010136149,0.153607633888,-0.0111156276939,-0.0826325252503,0.000309724981739,-0.116722962172,-0.00470074496719,0.0438881593536,-0.0216024821087,0.574078239817,0.818785577116,0.00225835696186,0.0,0.818743538057,-0.574015431942,-0.0120851017172,0.0,-0.00859894079334,0.00878697826754,-0.999924420759,0.0,0.656598214495,0.254334842613,0.303423009136,1.0,-0.01434,-0.0188468571429,0.718
0.461195651595,0.518931091308,-0.12402903027,-1.40116597419,0.077026389961,1.91079016207,0.153352144044,-0.0104595960186,-0.0769965083223,-0.000233348083526,-0.128495803612,-0.0103983597298,0.0410038260926,-0.0107315683364,0.574069056508,0.81879206046,0.00224209489283,0.0,0.81874981705,-0.574006326999,-0.0120921687867,0.0,-0.00861416099139,0.00877762370631,-0.999924371916,0.0,0.656356056195,0.254040989015,0.303429628597,1.0,-0.01466,-0.0192674285714,0.734
0.4610191638,0.517567121999,-0.124037752731,-1.40327765704,0.0768926807482,1.91155619777,0.153057454506,-0.0136873831744,-0.0860173858342,-0.000142353327212,-0.12466450564,-0.00865011747377,0.0506823655475,-0.0176252205854,0.574054277439,0.818802390856,0.00225348260752,0.0,0.818760332151,-0.573991538255,-0.0120821938985,0.0,-0.00859961487176,0.00878106631923,-0.999924466897,0.0,0.656099222444,0.25371775665,0.30344836663,1.0,-0.015,-0.0197142857143,0.751
0.460833092578,0.51623075973,-0.124038244868,-1.40541376607,0.0767543664372,1.91235165539,0.152761626027,-0.0116363661522,-0.0820172321009,0.000818150595422,-0.130456540123,-0.00489823419084,0.0524699724969,-0.0178165500797,0.574040482776,0.818812088611,0.00224378698069,0.0,0.818769944323,-0.573977828294,-0.0120821273376,0.0,-0.00860527361999,0.00877294445744,-0.999924489505,0.0,0.655841780049,0.25339106927,0.303438031772,1.0,-0.01534,-0.0201611428571,0.768
0.4606503755,0.514868278999,-0.124046399508,-1.40760254428,0.0766175642514,1.91317816977,0.152453719164,-0.0130003130694,-0.0787442534396,-0.00100702790762,-0.131328002337,-0.00491704371512,0.0451422127469,-0.0183264440428,0.574022491661,0.818824716784,0.0022381133802,0.0,0.818782547212,-0.573959913271,-0.0120791241788,0.0,-0.00860626377034,0.00876638591265,-0.999924538504,0.0,0.65557873177,0.253058593328,0.303423493239,1.0,-0.01568,-0.020608,0.785
0.460451625328,0.513385653697,-0.124045278086,-1.4100059322,0.0764724961967,1.91400525835,0.152129816783,-0.00551499369922,-0.0765988484918,0.000948187549492,-0.133974541475,-0.00948042737619,0.0413057980005,-0.017920529616,0.574006147983,0.818836382885,0.00216033389816,0.0,0.818793018959,-0.573943725224,-0.0121383392744,0.0,-0.00869957123411,0.00873651588922,-0.999923992487,0.0,0.655269443976,0.252695982382,0.303390345439,1.0,-0.01604,-0.0210811428571,0.803
0.460258587118,0.51203462099,-0.124047873225,-1.41216948925,0.0763359181805,1.91477810207,0.151830204397,-0.0143515394567,-0.0843951731179,-0.00131600022159,-0.135519072924,-0.0096479316723,0.0512646237,-0.0121279294744,0.57399711479,0.818842811451,0.00212349909922,0.0,0.818798926595,-0.573934814759,-0.0121611313468,0.0,-0.00873947318227,0.00871934096307,-0.999923794447,0.0,0.655000961943,0.252359415525,0.30337407936,1.0,-0.01636,-0.0215017142857,0.819
0.460069716906,0.510680963401,-0.124051068401,-1.41435009681,0.0762030833405,1.91561173069,0.15152879917,-0.00964001410691,-0.0903023030158,0.000152413854022,-0.140152705325,-0.00522190263062,0.0522028573839,-0.0201314235023,0.573978375194,0.818855947981,0.00212324427994,0.0,0.81881204497,-0.573916063922,-0.012162791027,0.0,-0.00874117807142,0.00871988490715,-0.999923774801,0.0,0.654717242154,0.252008569388,0.303355504741,1.0,-0.0167,-0.0219485714286,0.836
0.459855951327,0.509101002583,-0.124053552138,-1.41686086788,0.0760504321647,1.91652684977,0.151168664871,-0.0157379796177,-0.0882976389969,0.000860532088302,-0.139025395052,-0.00967149389141,0.0541300761584,-0.0198531888978,0.57395712535,0.81887087113,0.00211224436141,0.0,0.818826772817,-0.57389481402,-0.01217396651,0.0,-0.00875686907302,0.00871706488652,-0.999923662098,0.0,0.654426118134,0.251646867276,0.303346608471,1.0,-0.01704,-0.0223954285714,0.853
0.459640038803,0.507500645818,-0.124062829415,-1.41938578708,0.0758933673667,1.91742610935,0.150822595836,-0.0126896014251,-0.0962701943822,-0.00175421523246,-0.14389032981,-0.012301353944,0.0582193885276,-0.0165210397815,0.57394561299,0.818879002534,0.0020879272598,0.0,0.818834546616,-0.573883371653,-0.0121904843716,0.0,-0.00878447407536,0.00870650962375,-0.999923511927,0.0,0.654108727907,0.251257330637,0.303342551234,1.0,-0.0174,-0.0228685714286,0.871
0.459456558075,0.506214422861,-0.124068073047,-1.42137920059,0.0757602241756,1.91817542394,0.150542831757,-0.0105119372297,-0.0941073066351,-0.000957575930852,-0.143799243748,-0.0150036035913,0.0542335292632,-0.0180294707056,0.573937656258,0.818884507357,0.00211594915203,0.0,0.818840532466,-0.573875405783,-0.01216338477,0.0,-0.00874628456002,0.00871381724537,-0.999923783043,0.0,0.653869136655,0.250944019015,0.303358134512,1.0,-0.01768,-0.0232365714286,0.885
0.459211772287,0.504396488635,-0.124069826612,-1.42415842456,0.0755841800454,1.91923924152,0.150164039643,-0.00746181247573,-0.0974356103539,-0.00066691048183,-0.150122329879,-0.0137366685714,0.0534629880085,-0.0231898718296,0.573925084254,0.818893100945,0.00219858804774,0.0,0.818850291752,-0.573862561903,-0.0121122518539,0.0,-0.0086571187868,0.00875200813338,-0.999924225453,0.0,0.653533890009,0.250520874267,0.30339793015,1.0,-0.01806,-0.023736,0.904
0.458979687185,0.502716379491,-0.124073734885,-1.42663532679,0.075430902777,1.9201768795,0.149813733985,-0.0136015901876,-0.0983284310216,0.000211036931599,-0.148525809235,-0.0142213316366,0.0497767489998,-0.0269735816024,0.573916900176,0.818898507244,0.00231806529517,0.0,0.818857316211,-0.573853933108,-0.0120459970424,0.0,-0.00853438242279,0.00881173566174,-0.999924755985,0.0,0.653237295238,0.250134051032,0.303473666774,1.0,-0.0184,-0.0241828571429,0.921
0.458762334175,0.501107212432,-0.124076910607,-1.42903714361,0.0752753490361,1.92102659257,0.149489026542,-0.0134072510008,-0.10289771687,0.00165366850174,-0.15115705807,-0.0120440207383,0.0452270537616,-0.0230425787671,0.573911707113,0.818902013474,0.00236467055756,0.0,0.818861438672,-0.573848556568,-0.0120218668761,0.0,-0.00848793162338,0.00883599779666,-0.999924937263,0.0,0.652934526336,0.249759135707,0.303527351837,1.0,-0.01872,-0.0246034285714,0.937
0.458508453869,0.499304941616,-0.124076341165,-1.43177759413,0.0751001770613,1.92202298332,0.149104247,-0.0110713030949,-0.0953177178856,0.00133802038735,-0.155613928386,-0.00646876850463,0.0504250694755,-0.0198093490905,0.573896275004,0.818912689521,0.00241233904636,0.0,0.818872735185,-0.573832930631,-0.0119982580101,0.0,-0.00844140867527,0.0088613248596,-0.999925106966,0.0,0.652592727553,0.249331799782,0.303566589276,1.0,-0.01908,-0.0250765714286,0.955
0.458263915352,0.497735620536,-0.124078804085,-1.43427101959,0.0749451620752,1.92294735307,0.148730941597,-0.0170955447254,-0.100096655474,-4.59771653896e-05,-0.15472528503,-0.00576380536332,0.0504884223419,-0.0242526253627,0.573877500074,0.818925852783,0.0024102807135,0.0,0.818885845172,-0.573814138753,-0.012002235051,0.0,-0.00844605003533,0.00886172802128,-0.9999250642,0.0,0.652286112749,0.248933468353,0.303554285684,1.0,-0.0194,-0.0254971428571,0.971
0.458023072534,0.496151934823,-0.12407770189,-1.43678287142,0.0747849945719,1.92383912646,0.148365042481,-0.0109911635613,-0.101271001304,-0.000663933862769,-0.157892340567,-0.00607738915279,0.0591401454054,-0.0207078737037,0.573857936821,0.818939657568,0.00237750118923,0.0,0.818899148158,-0.573794634294,-0.0120270405205,0.0,-0.00848538638995,0.00884891672679,-0.999924844621,0.0,0.651966341105,0.248534801226,0.303539702224,1.0,-0.01972,-0.0259177142857,0.987
0.457746120282,0.494486145305,-0.124082608826,-1.4395253998,0.0746173428277,1.92478289146,0.147969911411,-0.0184180423242,-0.097538480549,-0.00105846790359,-0.162700978582,-0.0128321014758,0.0559927474545,-0.0191470055646,0.573857485561,0.818940293164,0.00226481774825,0.0,0.818898118086,-0.57379445372,-0.0121055349767,0.0,-0.00861433635272,0.00880167631448,-0.999924158976,0.0,0.651612734908,0.24808531449,0.30347676841,1.0,-0.023004,-0.0302338285714,1.004
0.457416935866,0.491925674056,-0.124171803905,-1.44327793679,0.0744111639008,1.92616521238,0.147430336539,-0.0158054798734,-0.182904086516,-0.00535185987152,-0.259793208515,-0.00619078678178,0.101968506085,-0.0372107062178,0.573882368551,0.818922398966,0.00242454934449,0.0,0.818882476054,-0.573818842154,-0.0120072353921,0.0,-0.00844190444749,0.00887633255402,-0.99992496967,0.0,0.651157372581,0.247467902287,0.30359517377,1.0,-0.04014,-0.0527554285714,1.021
0.456989286762,0.488356230936,-0.12422054569,-1.44887489061,0.0741339485315,1.92835662733,0.146563448035,-0.0346492897298,-0.250945093107,-0.00151049648992,-0.393656234157,-0.0231323779142,0.141836439075,-0.0701290444169,0.5737518912,0.819013321282,0.00258723970927,0.0,0.818975191737,-0.573687381609,-0.0119653835157,0.0,-0.00831570182219,0.00898421953207,-0.999925063644,0.0,0.650402514234,0.246589355814,0.303597844416,1.0,-0.057276,-0.0752770285714,1.038
0.456235991529,0.483160640224,-0.124320431839,-1.45711616342,0.0736596857019,1.93146692626,0.145290651807,-0.0524119034181,-0.334578426967,-0.010154148854,-0.537804075466,-0.0288130642875,0.196653441369,-0.0776561040955,0.57369200868,0.819055120303,0.00263362566419,0.0,0.819017661174,-0.573627397149,-0.011934271095,0.0,-0.00826426512538,0.00900375523872,-0.999925314368,0.0,0.649431085384,0.245325973814,0.303562627815,1.0,-0.073404,-0.0964738285714,1.054
0.455066582939,0.475610205362,-0.12453370982,-1.46921126205,0.0729292817246,1.93557827388,0.143502066184,-0.0674740143327,-0.42886635385,-0.0124075230498,-0.679019717315,-0.0436579921513,0.241440086984,-0.108031170762,0.573730250837,0.819029495048,0.002243305013,0.0,0.818986705893,-0.573666988735,-0.0121535388477,0.0,-0.00866736362749,0.00881025949937,-0.999923625151,0.0,0.647843371603,0.243271335573,0.303400485128,1.0,-0.092556,-0.121645028571,1.073
0.453925994795,0.468329928632,-0.124671899086,-1.48045404028,0.0722857210412,1.93961395687,0.141836077516,-0.0766592367033,-0.517904282509,-0.0108462956537,-0.766811350891,-0.0397746804197,0.291558115113,-0.124412108574,0.573766021447,0.819004230774,0.00231721989461,0.0,0.818962049013,-0.573702068172,-0.0121592003265,0.0,-0.00862920880333,0.00887442200836,-0.99992338776,0.0,0.646392120439,0.241387796227,0.303434678639,1.0,-0.107676,-0.141517028571,1.088
0.452289937539,0.458263767013,-0.124809069868,-1.49599394369,0.0713083246153,1.94526153375,0.139357455567,-0.0979622304838,-0.582809251547,-0.00478142092854,-0.910325666703,-0.063582257304,0.323201629317,-0.137809301227,0.57364069107,0.819091642269,0.00244663321077,0.0,0.819051224618,-0.573576282178,-0.0120866403765,0.0,-0.00849689892629,0.00893747873996,-0.9999239592,0.0,0.644370431603,0.238773407757,0.303467881101,1.0,-0.12582,-0.165363428571,1.106
0.45029109475,0.446630728317,-0.125013408267,-1.51374130968,0.0700888448481,1.9515626392,0.13658246112,-0.120162802048,-0.672971083981,-0.00241831144763,-1.03694500568,-0.0812517563449,0.373260511487,-0.15815373243,0.573631040002,0.819098140578,0.00253238002282,0.0,0.819059697291,-0.573567193839,-0.0119429195049,0.0,-0.00833009343619,0.00892517158836,-0.999925472651,0.0,0.642029600318,0.235659938961,0.303557965325,1.0,-0.143964,-0.189209828571,1.124
0.448625946669,0.437429974117,-0.125120748947,-1.52801330057,0.0691780792018,1.95641076235,0.134348121777,-0.127278210757,-0.736698901262,-0.010464887846,-1.12275793427,-0.0623399444454,0.377678309579,-0.175612369716,0.573630136499,0.819099323444,0.00234770850345,0.0,0.819057760705,-0.57356629817,-0.0121174722504,0.0,-0.00857901201922,0.00887402698317,-0.999923823197,0.0,0.640055871006,0.233154957488,0.303481784184,1.0,-0.157068,-0.206432228571,1.137
0.44613611605,0.424088323871,-0.12530827801,-1.54805875713,0.0678016023762,1.96337125463,0.131016388204,-0.163211027956,-0.817870994825,-0.00775708873801,-1.21173671751,-0.0921132558772,0.413772064638,-0.208243582604,0.57356577656,0.819143876062,0.00252134298904,0.0,0.819104905416,-0.573501572611,-0.0119936248492,0.0,-0.00837867149308,0.00894454937123,-0.99992489363,0.0,0.637311369968,0.229530507963,0.303636973215,1.0,-0.174204,-0.228953828571,1.154
0.443127467832,0.408738700524,-0.125509846592,-1.57097580977,0.0661718903092,1.97143360032,0.127198122346,-0.172243663599,-0.853439541541,-0.0101851595556,-1.31765751725,-0.0832363137978,0.458981005529,-0.215394235407,0.573553384891,0.819151413919,0.00286751746507,0.0,0.81911777884,-0.57348879996,-0.0117220992292,0.0,-0.00795783822085,0.00907225889681,-0.999927180813,0.0,0.634145344312,0.225309964474,0.303834559893,1.0,-0.192348,-0.252800228571,1.172
0.440059332348,0.394007194848,-0.125694762807,-1.5928006155,0.0647118166249,1.97893610356,0.123459965527,-0.19590898419,-0.929333745013,-0.00925541244466,-1.39713430526,-0.10016905935,0.475956866451,-0.243621740869,0.573610544057,0.819110080368,0.00321976503438,0.0,0.819080630449,-0.573544319787,-0.0116009036171,0.0,-0.00765588654713,0.00929182670606,-0.999927522052,0.0,0.631048692163,0.221192541655,0.30402887292,1.0,-0.208476,-0.273997028571,1.188
0.436446343925,0.377407833794,-0.125903619588,-1.61752115858,0.0628191184224,1.98726410312,0.119062038108,-0.217841645229,-1.01716371997,-0.0187695365769,-1.48896282003,-0.119285526523,0.507655911724,-0.265193396715,0.573529578442,0.819166497658,0.00328917456117,0.0,0.819138763036,-0.573464150616,-0.0114586976497,0.0,-0.00750050193335,0.0092663708203,-0.999928935896,0.0,0.627440449496,0.216423824176,0.304111068351,1.0,-0.225612,-0.296518628571,1.205
0.432393032403,0.359763151882,-0.12613446724,-1.64359528647,0.0608591846885,1.99593127194,0.114368082215,-0.247531468441,-1.07453132335,-0.017329793142,-1.58299930523,-0.120831853584,0.542493387911,-0.286366873092,0.573564156972,0.819141743433,0.00342182763478,0.0,0.819115967735,-0.573498649115,-0.0113612396217,0.0,-0.00734419350374,0.00931945290862,-0.999929602832,0.0,0.623545269699,0.211273189887,0.304202229197,1.0,-0.242748,-0.319040228571,1.222
0.42810078426,0.342274390937,-0.126386180533,-1.66934348936,0.0589073381553,2.00422885085,0.109499070867,-0.273577528927,-1.14781248866,-0.014748664367,-1.59771696134,-0.130009303532,0.547764440487,-0.309832364179,0.573602050517,0.819115263131,0.00340884872618,0.0,0.819089070505,-0.573536258495,-0.0114018275849,0.0,-0.00738445483181,0.00933244209536,-0.999929185168,0.0,0.619589796586,0.206017491265,0.304234300127,1.0,-0.258876,-0.340237028571,1.238
0.423161329529,0.322858468985,-0.12659244689,-1.69779914131,0.0566552455253,2.01342969795,0.103979814731,-0.298047255352,-1.18508229479,-0.0129983364635,-1.71834239445,-0.149093863442,0.559139148977,-0.342659096867,0.573540030038,0.819158420036,0.00347328793363,0.0,0.819133087132,-0.573474099753,-0.0113661506154,0.0,-0.0073189782221,0.00936420772297,-0.999929369591,0.0,0.615112391456,0.200173418834,0.304235894984,1.0,-0.276012,-0.362758628571,1.255
0.417757374689,0.302477399418,-0.126803263952,-1.7273237193,0.0541794885301,2.0226676542,0.0979718214789,-0.32955537475,-1.22267673877,-0.0121004467825,-1.76114589312,-0.155987661772,0.545255069825,-0.364953602903,0.573347682311,0.819293163791,0.00344874687155,0.0,0.819267791425,-0.573282199788,-0.011338088052,0.0,-0.00731225362198,0.00932629329914,-0.999929773134,0.0,0.610310432347,0.193971035047,0.304257096196,1.0,-0.293148,-0.385280228571,1.272
0.412089927358,0.282454851575,-0.127044828129,-1.75606323915,0.0517868561273,2.03138989637,0.0920127709462,-0.36723440669,-1.26709980766,-0.0188820951126,-1.80504589437,-0.155021809933,0.553318369522,-0.376360050975,0.57336485551,0.819281348176,0.0034002789873,0.0,0.819254897184,-0.573298933481,-0.0114233624572,0.0,-0.00740971413764,0.00933562951665,-0.999928968556,0.0,0.60551195879,0.187725105635,0.304265549494,1.0,-0.309276,-0.406477028571,1.288
0.405083121784,0.259044029469,-0.127408021934,-1.78936597726,0.0489040436851,2.04129558025,0.0847467013442,-0.407848989252,-1.30965923859,-0.0217224311723,-1.87789928258,-0.166629412392,0.546885676547,-0.411738998591,0.573384286682,0.81926805173,0.0033265750355,0.0,0.819240429571,-0.573318306643,-0.0114884605356,0.0,-0.00750508681026,0.00931274680959,-0.999928470651,0.0,0.599818199206,0.18024702374,0.304255487158,1.0,-0.32742,-0.430323428571,1.306
0.397754210539,0.236070868903,-0.127789865667,-1.82135270223,0.0460184541635,2.05065224807,0.0773996853303,-0.432236684794,-1.36267322387,-0.0237962362088,-1.85922228636,-0.156965287787,0.541264152091,-0.44797817121,0.573481635636,0.819199130968,0.00351344716071,0.0,0.819174273904,-0.573415547427,-0.0113519092781,0.0,-0.00728494924629,0.00938841778331,-0.99992939107,0.0,0.594242425372,0.17277789918,0.30439242497,1.0,-0.344556,-0.452845028571,1.323
0.390373358174,0.213728444562,-0.128071856539,-1.85217044762,0.0431818093477,2.05956025984,0.0699553644636,-0.475673722307,-1.41696331476,-0.0239420880465,-1.93137112937,-0.189232823344,0.565559716369,-0.481737579429,0.573360820597,0.819282421946,0.00379860447972,0.0,0.81926138684,-0.573294203093,-0.0111930171856,0.0,-0.00699265893101,0.00952987097217,-0.9999301397,0.0,0.588704022343,0.165544312293,0.304502787382,1.0,-0.360684,-0.474041828571,1.339
0.3817967173,0.189260925808,-0.128455330855,-1.88573170281,0.0399322393207,2.06871512319,0.0614907495859,-0.516422597065,-1.45776408228,-0.0311322348302,-2.00404293279,-0.200373247716,0.54386545156,-0.51678244872,0.573275419046,0.819342419714,0.00374700905583,0.0,0.819320660671,-0.573208859786,-0.011225193198,0.0,-0.0070495938946,0.0095053122763,-0.99992997368,0.0,0.58245464312,0.157395960204,0.304499388847,1.0,-0.37782,-0.496563428571,1.356
0.372305844063,0.164108167305,-0.128978246075,-1.9198273691,0.0365662586872,2.07757636349,0.0524476095005,-0.574115118495,-1.5058148872,-0.0310524310492,-2.03787815466,-0.215990592287,0.514507846953,-0.548457324872,0.57343513809,0.819231269202,0.00360788952971,0.0,0.819207135067,-0.573368151741,-0.0113745032873,0.0,-0.00724983939514,0.00947833119578,-0.999928797998,0.0,0.575930762811,0.148726731335,0.304460717227,1.0,-0.394956,-0.519085028571,1.373
0.36273905513,0.139801745264,-0.129407770991,-1.9521163644,0.0331490839213,2.0857514372,0.0433759593302,-0.608004757947,-1.53123563614,-0.0282468818168,-2.01212980533,-0.210064613638,0.491109052669,-0.566524162529,0.573396410975,0.819258243671,0.00363771348009,0.0,0.819234945883,-0.573329942336,-0.0112972371097,0.0,-0.00716988261553,0.00945811931675,-0.999929565901,0.0,0.569578453618,0.140354800543,0.304520377608,1.0,-0.411084,-0.540281828571,1.389
0.350958749097,0.111558839824,-0.130046273967,-1.9890527066,0.029208041888,2.09480583865,0.0323516579879,-0.676511447181,-1.59413940342,-0.0376521182209,-2.07340285665,-0.231125515487,0.50568843986,-0.629756206969,0.573488681535,0.819192742331,0.00383796349854,0.0,0.819172197244,-0.573421928596,-0.0111781022001,0.0,-0.00695638169605,0.0095546520415,-0.99993015625,0.0,0.562125559565,0.130428507252,0.304604186473,1.0,-0.429228,-0.564128228571,1.407
0.33893343488,0.0842858662428,-0.13061781583,-2.02431865403,0.0252334674165,2.10275326443,0.0211725602999,-0.712848598961,-1.59266708166,-0.0339568461684,-2.09246092489,-0.228880430086,0.454466876274,-0.665407147127,0.573445443137,0.819223495122,0.00373305340641,0.0,0.819201398644,-0.57337868377,-0.011256125418,0.0,-0.0070809654884,0.00951307955635,-0.99992967815,0.0,0.555147381166,0.121297046889,0.304586369244,1.0,-0.43998,-0.578259428571,1.423
