position_joint1,position_joint2,position_joint3,position_joint4,position_joint5,position_joint6,position_joint7,velocity_joint1,velocity_joint2,velocity_joint3,velocity_joint4,velocity_joint5,velocity_joint6,velocity_joint7,ee_T_00,ee_T_10,ee_T_20,ee_T_30,ee_T_01,ee_T_11,ee_T_21,ee_T_31,ee_T_02,ee_T_12,ee_T_22,ee_T_32,ee_T_03,ee_T_13,ee_T_23,ee_T_33,v_x,v_y,time
0.465064168855,0.547780723701,-0.123913642591,-1.35584621322,0.0795684005095,1.8940987282,0.159157805663,-0.000749295061949,0.000129289683465,-0.000703577152282,-0.000856766102126,0.000283917253951,-4.73164167509e-05,-0.000793626200435,0.573778927157,0.818996053331,0.00198853698221,0.0,0.818952376978,-0.57371918722,-0.0120018897753,0.0,-0.00868880582372,0.00851511246972,-0.999925996018,0.0,0.66165514057,0.260936909768,0.303205909784,1.0,0.0,0.0,0.0
0.465066847933,0.547782776298,-0.123916025951,-1.35584174342,0.0795650160541,1.89409954198,0.159150495333,-0.000286331105403,0.00028828000323,-0.000393040674104,2.1086270608e-06,-4.85997577232e-05,0.000154236593287,-0.00170617171367,0.573771279935,0.819001410435,0.00198870041987,0.0,0.818957784711,-0.573711587789,-0.0119961577056,0.0,-0.00868409680095,0.00851187633136,-0.999926064479,0.0,0.661656312186,0.260937314095,0.303206726264,1.0,-0.0003,-0.000394285714286,0.016
0.465063790353,0.547769433279,-0.123914340646,-1.35585081728,0.0795680915199,1.89409750612,0.159152830942,-0.000188392350281,-0.000393547535837,-0.00013905400032,-0.000340040009883,-0.000151968725186,-0.000376195768871,-0.00134513235533,0.573775791516,0.818998238269,0.00199341011253,0.0,0.818954625899,-0.573716031681,-0.0119992755088,0.0,-0.00868390135493,0.00851757022525,-0.999926017691,0.0,0.661654417531,0.260935725375,0.303211633111,1.0,-0.00064,-0.000841142857143,0.033
0.465063739188,0.547737196035,-0.123911913954,-1.35587981562,0.0795654134246,1.89410529268,0.159159595417,-0.0019847492878,-0.0070714038192,0.001106790429,-0.00480919590111,0.000462576721729,0.00024505062011,0.00107829562606,0.573780547907,0.818994881975,0.00200325808335,0.0,0.818951392458,-0.573720740236,-0.0119948286639,0.0,-0.00867455958763,0.00852313445641,-0.999926051363,0.0,0.661649783281,0.260934174489,0.303221259595,1.0,-0.00096,-0.00126171428571,0.049
0.465065509795,0.547623683271,-0.123907255608,-1.35599630683,0.0795654103591,1.8941238731,0.159149310302,0.000420146300728,-0.0104482667072,0.00211646274202,-0.00254134722367,5.89287904577e-05,0.00109678375369,-0.00185216149265,0.573773704283,0.818999626547,0.0020235837179,0.0,0.818956283683,-0.573713694894,-0.0119978584739,0.0,-0.00866545075452,0.00854144675067,-0.999925974085,0.0,0.661628254538,0.260926970344,0.303247687251,1.0,-0.0013,-0.00170857142857,0.066
0.46505662339,0.54747705456,-0.123911835033,-1.35621582284,0.0795613699046,1.89416440095,0.159147703053,0.00012893862224,-0.0100819389991,4.19124409322e-05,-0.0143936928992,-0.000207175953607,0.00119225104786,-0.000734198591394,0.573793796706,0.818985604364,0.00200140128969,0.0,0.81894185452,-0.573733763411,-0.0120230835689,0.0,-0.00869862834454,0.00853796643526,-0.999925715738,0.0,0.661593474774,0.260896400914,0.303250739687,1.0,-0.00166,-0.00218171428571,0.084
0.465034672387,0.547326215983,-0.123912071796,-1.35641259336,0.0795573082366,1.89426853164,0.159138558846,0.00080665464118,-0.00616556883857,0.000448745911255,-0.0173216387883,0.000409133677712,0.0138370100599,-0.0025242086546,0.57381457194,0.818970917463,0.00205433180697,0.0,0.818927837947,-0.573754291566,-0.0119981684294,0.0,-0.00864763580977,0.0085672383324,-0.999925907666,0.0,0.6615791237,0.260866790496,0.303272975369,1.0,-0.00198,-0.00260228571429,0.1
0.465013439945,0.547137828145,-0.123912285991,-1.35661169458,0.0795584554477,1.89438823394,0.159132355466,-0.00173895904281,-0.0085078618171,0.000261707101109,-0.0122918922097,0.000414489473404,0.00582957644787,-0.000262227860257,0.573838691582,0.818953761737,0.00215385291421,0.0,0.818911939532,-0.573777953997,-0.0119516400402,0.0,-0.00855217190732,0.00862229535626,-0.99992625547,0.0,0.661567849477,0.260839795375,0.303322054762,1.0,-0.0023,-0.00302285714286,0.116
0.464982527539,0.546926226961,-0.12391252469,-1.35689455466,0.0795496540926,1.89452198738,0.159120327199,-0.00242809676627,-0.0116852806129,0.000680283697713,-0.0153318460701,5.84290950048e-05,0.0111046133536,-0.00418891628319,0.573867970115,0.818933093802,0.00221080375829,0.0,0.818891989272,-0.573806972047,-0.0119254198386,0.0,-0.00849770996019,0.00865419258306,-0.999926444233,0.0,0.661543851065,0.260796077202,0.303348904521,1.0,-0.00264,-0.00346971428571,0.133
0.46494382231,0.546688759571,-0.123915005024,-1.35726347273,0.0795424410592,1.8946461966,0.159090647355,-0.00408873655251,-0.0163508378218,0.00103574524731,-0.0250369974975,-0.000324618193249,0.014152833676,-0.000922033544982,0.573895747194,0.818913623785,0.00221247216869,0.0,0.81887240154,-0.573834596846,-0.0119412043039,0.0,-0.00850938564591,0.00866490559076,-0.999926252164,0.0,0.661501321237,0.260735628705,0.3033523487,1.0,-0.00298,-0.00391657142857,0.15
0.464905750028,0.546405000433,-0.123915268095,-1.35767860022,0.0795319873681,1.89481064929,0.158945126776,-0.00343837290436,-0.0149991429519,-0.000453005711762,-0.0213304718428,-0.000120816112656,0.0119111615286,-0.00758937190297,0.573828439968,0.818960687547,0.00224958634476,0.0,0.818919828659,-0.57376702493,-0.0119357543845,0.0,-0.00848433850257,0.0086914735201,-0.999926234423,0.0,0.661456921653,0.260674220309,0.303369984119,1.0,-0.00332,-0.00436342857143,0.167
0.464858982329,0.546117948292,-0.123914745246,-1.35816692543,0.0795136300521,1.89497011805,0.158919704231,-0.000637924690335,-0.0198008875305,-0.00027739672978,-0.0339528759268,-0.00648117253984,0.0116639624313,-0.00018071344559,0.57386790488,0.818933115441,0.00221970386,0.0,0.818891729796,-0.57380646615,-0.011967505078,0.0,-0.00852706996229,0.00868563142462,-0.999925921699,0.0,0.661397299679,0.26059724129,0.303354619459,1.0,-0.00366,-0.00481028571429,0.184
0.46480623851,0.545780891583,-0.123920741723,-1.35871701042,0.0794812368801,1.89515771175,0.158870398735,-0.00695352332208,-0.0220743688668,-0.00192675524775,-0.0346774213908,-0.00275132303134,0.012322130298,-0.00547405614625,0.573896988689,0.818912796182,0.00219670762447,0.0,0.818871105954,-0.573835635914,-0.0119800538635,0.0,-0.00855023490969,0.00867430424573,-0.999925822213,0.0,0.661334221031,0.260505502359,0.303347876478,1.0,-0.004,-0.00525714285714,0.201
0.464737228396,0.545372273107,-0.123921306486,-1.35942219486,0.0794101242459,1.89540087981,0.158744761398,-0.0041252050417,-0.0259057792411,-0.000356769244672,-0.0369992313232,-0.00408743400043,0.0195259586338,-0.00417165891998,0.57387147555,0.818930838686,0.00213492401267,0.0,0.818888560104,-0.573810601148,-0.0119861187215,0.0,-0.00859092562802,0.00862692258249,-0.999925883355,0.0,0.661253574363,0.260386183254,0.303322523443,1.0,-0.00438,-0.00575657142857,0.22
0.464680096229,0.545012704061,-0.123913897107,-1.36002875501,0.0793900741259,1.89558804778,0.158706921298,-0.0047101415603,-0.0248645270708,0.000346516634606,-0.0386436717308,0.000160266935282,0.0154082442755,0.00150936085509,0.573910422054,0.81890364864,0.00209489924155,0.0,0.81886059979,-0.573849462671,-0.0120357469455,0.0,-0.00865412690245,0.00862303707886,-0.999925371875,0.0,0.661175265737,0.260294872125,0.303304326134,1.0,-0.00468,-0.00615085714286,0.235
0.464614152937,0.54461996213,-0.123918921192,-1.36070707024,0.0793662062112,1.89582685695,0.158605586907,-0.00697643908969,-0.0241179124063,-0.000384836083198,-0.0442030974318,0.000158081933024,0.015716806452,-0.00710036423348,0.573916454722,0.818899503155,0.00206243376987,0.0,0.818855868095,-0.573855471997,-0.0120710996148,0.0,-0.00870164610626,0.00861680459071,-0.999925013205,0.0,0.661096924644,0.26018534537,0.303280316736,1.0,-0.005,-0.00657142857143,0.251
0.464564579184,0.544180881031,-0.123921858117,-1.36143881509,0.0793298124331,1.89608698254,0.158519661566,-0.00100983262539,-0.0287969429157,0.000615492917901,-0.0491804090972,-0.00248145255642,0.0162611509401,-0.00721455365877,0.573919842573,0.818897191327,0.00203745893165,0.0,0.818853146337,-0.573858884676,-0.012093473996,0.0,-0.00873426614028,0.008609230103,-0.999924794048,0.0,0.661007646925,0.260081540479,0.303265393146,1.0,-0.00532,-0.006992,0.267
0.464484164948,0.543645460525,-0.123917054174,-1.36230864675,0.0792865369998,1.89639140385,0.15839957508,-0.00682141493868,-0.0308337182887,0.000472687853116,-0.0512030234014,-0.0023723332141,0.00816677146026,-0.006296894506,0.573920851912,0.818896532087,0.00201801322389,0.0,0.818852085598,-0.573859833758,-0.0121202315302,0.0,-0.00876732763319,0.00860867368595,-0.999924509502,0.0,0.660904487731,0.259948607322,0.303256445226,1.0,-0.00568,-0.00746514285714,0.285
0.464408504212,0.543099842243,-0.123927702821,-1.36316395433,0.0792381646325,1.89670132928,0.158291831795,-0.00229066269006,-0.0374905534404,-0.000409935124051,-0.0485983418752,-0.0036772527282,0.0239927918969,-0.00324878195967,0.573936721866,0.818885411452,0.00201720225624,0.0,0.818840962767,-0.573875713499,-0.0121198206318,0.0,-0.00876728971824,0.00860794369022,-0.999924516119,0.0,0.660808507056,0.259811281275,0.303262534196,1.0,-0.00602,-0.007912,0.302
0.464330774112,0.542568127502,-0.12392531544,-1.36401538487,0.0791918878175,1.8969932745,0.158195320473,-0.0085305989485,-0.0363757146164,-0.000781123985997,-0.0519605230204,-0.00157253866602,0.0137545162462,-0.00840095233631,0.573954548567,0.818872966327,0.00199702254347,0.0,0.818828150853,-0.573893525898,-0.0121419604945,0.0,-0.00879681426436,0.00860431739062,-0.999924288024,0.0,0.660706762953,0.25967954247,0.303258584725,1.0,-0.00634,-0.00833257142857,0.318
0.464251626559,0.541962027791,-0.123929209997,-1.36493851115,0.0791346385722,1.8973501373,0.158062934149,-0.00468841429039,-0.0337472180587,-0.00251775470636,-0.0527510606962,-0.00127503024914,0.0170140014276,-0.000266496868662,0.573949784195,0.81887622782,0.00202870251337,0.0,0.818831879188,-0.57388867436,-0.0121198171514,0.0,-0.00876054942245,0.00861749864341,-0.999924492895,0.0,0.660605696563,0.259538336981,0.30327886656,1.0,-0.00668,-0.00877942857143,0.335
0.464156620483,0.541321209873,-0.123927846529,-1.36591726864,0.0790771264888,1.89771366004,0.157937792805,-0.00617424168355,-0.0370628649669,-0.00442140913995,-0.062112809072,-0.00313152656419,0.019976428252,-0.00496264468158,0.573963110891,0.818866829909,0.0020516118898,0.0,0.818822757852,-0.573901876747,-0.0121109038583,0.0,-0.00873996180719,0.00863128473882,-0.99992455415,0.0,0.66049680283,0.259383973383,0.30329753935,1.0,-0.00702,-0.00922628571429,0.352
0.464078011584,0.540665906207,-0.12393169568,-1.3669141978,0.0790142628567,1.89807858729,0.157813180697,-0.00714568467553,-0.0413680084129,0.000896589375796,-0.0605653964175,-0.00147081557317,0.0252932137492,-0.00581708087911,0.573966561951,0.818864366651,0.00206922526765,0.0,0.81882055869,-0.573905284396,-0.0120981035707,0.0,-0.00871933447658,0.00863839741823,-0.999924672811,0.0,0.660381442957,0.259234691324,0.303317992718,1.0,-0.00734,-0.00964685714286,0.368
0.463977108625,0.539939530305,-0.123934890833,-1.36802737113,0.0789499657742,1.8984867753,0.157663853757,-0.00451438108836,-0.0386730254986,-0.000576229655418,-0.0653282001045,-0.00259339681148,0.0194218696195,-0.00581801721137,0.573973565138,0.818859409101,0.00208843257097,0.0,0.818815829867,-0.573912181588,-0.0120909670696,0.0,-0.00870239280522,0.00865010366496,-0.999924719199,0.0,0.660255247132,0.259060912858,0.303336982929,1.0,-0.00768,-0.0100937142857,0.385
0.463877757517,0.53917744989,-0.123935303102,-1.36918347361,0.078883554547,1.8989294822,0.157524976243,-0.00296398105478,-0.0417675587093,0.000647484808807,-0.0647212304548,-0.0040797012927,0.0274437390874,-0.011527352973,0.57399072157,0.818847284621,0.00212671602354,0.0,0.818804180289,-0.573929146277,-0.0120746136661,0.0,-0.00866684716525,0.00867224714888,-0.99992483612,0.0,0.660116789708,0.258877462068,0.303359761362,1.0,-0.00804,-0.0105668571429,0.403
0.463776751069,0.538407865333,-0.123943514337,-1.37037805841,0.078816950764,1.89939248681,0.157388468571,-0.00428264393868,-0.0474299936641,-0.00137681679481,-0.0712771605335,-0.000938514110088,0.0268813086708,-0.00950794360433,0.574012737467,0.818831756403,0.00216306118333,0.0,0.818789158527,-0.573951036751,-0.0120527255151,0.0,-0.00862782930667,0.00868967631618,-0.999925022233,0.0,0.659993699133,0.258704669003,0.303378992363,1.0,-0.00836,-0.0109874285714,0.419
0.463663508925,0.537622469993,-0.12394473766,-1.37160383749,0.0787439772646,1.89986469954,0.157228103245,-0.00410373669165,-0.0451497461501,-0.000466865574395,-0.0738000738058,-0.00268478067605,0.0241592677012,-0.0117300800868,0.57402321497,0.818824341844,0.00218924216424,0.0,0.818782100324,-0.573961417286,-0.0120378800672,0.0,-0.00860053427479,0.00870270246894,-0.999925144088,0.0,0.659858278811,0.25851427248,0.303391181983,1.0,-0.0087,-0.0114342857143,0.436
0.463555918964,0.536790639682,-0.123941697107,-1.37291145785,0.0786696661662,1.90034338751,0.157073899287,-0.00965871491415,-0.0512500817061,0.0013490506899,-0.0788233007764,-0.001550234482,0.0209517307687,-0.0129956028087,0.574035001603,0.818816064966,0.00219444499717,0.0,0.818773813859,-0.573973102097,-0.0120443642299,0.0,-0.00860273215056,0.00871080844968,-0.999925054599,0.0,0.659703757515,0.258321216722,0.30339748573,1.0,-0.00904,-0.0118811428571,0.453
0.463445226542,0.535997115668,-0.123947411149,-1.37416303812,0.0785996093863,1.9008078812,0.156912519417,-0.00363404943626,-0.050422245536,0.00626303824148,-0.0826491315462,-0.000490163380483,0.0328584678051,-0.0133350170028,0.574047603387,0.818807213012,0.0022008783733,0.0,0.818765012806,-0.573985641707,-0.0120450745078,0.0,-0.00859948686964,0.00871661618522,-0.999925031904,0.0,0.659560676374,0.258126920207,0.30340233358,1.0,-0.00936,-0.0123017142857,0.469
0.463328173759,0.535088016279,-0.123952577215,-1.37557896747,0.0785166501261,1.9013161879,0.156735703855,-0.0104404675235,-0.0566269100471,-0.00135378993909,-0.0822542029474,-0.00014885970771,0.0253306695511,-0.0134575056919,0.574057694299,0.818800134068,0.00220249100462,0.0,0.818757920212,-0.573995689365,-0.0120483849764,0.0,-0.0086011644905,0.00871994293971,-0.999924988469,0.0,0.65939314287,0.257911665409,0.303414127532,1.0,-0.0097,-0.0127485714286,0.486
0.463203274403,0.53414359746,-0.12395587339,-1.37713933322,0.0784406033369,1.90187971777,0.156561649348,-0.00537804208121,-0.0493443846372,-0.00174781652882,-0.0869940720704,-0.00031563883058,0.022945827023,-0.00291804681028,0.574084943515,0.818781128123,0.00216535468663,0.0,0.818738230555,-0.574022891859,-0.0120903412447,0.0,-0.00865654674993,0.00871390930494,-0.999924563146,0.0,0.659204814861,0.257680511455,0.30338668212,1.0,-0.01006,-0.0132217142857,0.504
0.463078757866,0.533277912308,-0.123954088103,-1.37852733487,0.0783543363256,1.90240406806,0.156377853332,-0.00920703985548,-0.0499687594985,-0.00110592041947,-0.0872461308556,-0.00151025414741,0.033935369693,-0.0127090182856,0.574088051042,0.81877895097,0.00216471694433,0.0,0.818736053031,-0.574026009727,-0.0120897694456,0.0,-0.00865641157713,0.00871309173951,-0.999924571441,0.0,0.659045627488,0.257467704751,0.303381952071,1.0,-0.01038,-0.0136422857143,0.52
0.462953059232,0.532325067552,-0.123954023626,-1.38006419003,0.0782729257134,1.90298719486,0.156183193843,-0.00633545502522,-0.0620310700247,-0.00015522609558,-0.0944169950043,-0.00371324770555,0.0334536691621,-0.0231743513826,0.574097745905,0.818772128307,0.00217415623569,0.0,0.818729184662,-0.574035492658,-0.0121046376993,0.0,-0.00866306391643,0.00872945844948,-0.99992437108,0.0,0.658875897014,0.257257507642,0.303375687687,1.0,-0.0107,-0.0140628571429,0.536
0.462813618063,0.531351119757,-0.123951277309,-1.38164608124,0.0781824577102,1.90356781187,0.155984939464,-0.00970898364041,-0.0533561941723,0.0018614166111,-0.0947016148788,-0.00187231206683,0.0324628487256,-0.00617055401161,0.574105713556,0.818766612835,0.00214715407227,0.0,0.818723281754,-0.574043540931,-0.0121222081564,0.0,-0.00869286675038,0.00871752183131,-0.999924216569,0.0,0.658678637853,0.257000888243,0.303356627683,1.0,-0.01106,-0.014536,0.554
0.462685775473,0.530385504982,-0.123954062337,-1.38320143874,0.0780799771962,1.90410059935,0.155790876924,-0.00807229036328,-0.061066123083,-0.000459596163078,-0.0995412345439,-0.0115972899525,0.0385427261426,-0.0119216035493,0.574110262929,0.818763560999,0.00209381964319,0.0,0.818719527287,-0.57404831677,-0.0121495906908,0.0,-0.00874585688175,0.00868962303666,-0.999923997331,0.0,0.658486349745,0.256762732926,0.30334297069,1.0,-0.01138,-0.0149565714286,0.57
0.462532057311,0.529267801262,-0.123959764469,-1.38494092042,0.077975835167,1.90475145867,0.15555493802,-0.00977827510559,-0.0634510742071,-0.000911931228395,-0.0957777349801,0.0004338910417,0.0331850271552,-0.0150251885822,0.574113460471,0.818761258602,0.00211726707856,0.0,0.81871754124,-0.574051421077,-0.0121367428219,0.0,-0.00872184257546,0.00870147864747,-0.999924103986,0.0,0.658285561393,0.256493728237,0.303358912161,1.0,-0.01174,-0.0154297142857,0.588
0.462394176677,0.528174539264,-0.123962977015,-1.38664834896,0.0778641246528,1.90540558614,0.155314480449,-0.00882999435521,-0.0632133201153,-4.32673123647e-05,-0.100154012005,-0.00514810030008,0.0382007047858,-0.017515335912,0.57409431761,0.81877460979,0.00214470333199,0.0,0.818731355201,-0.574032265868,-0.0121108485822,0.0,-0.00868509362377,0.00870887289075,-0.99992435948,0.0,0.658087548748,0.256239109187,0.303372812055,1.0,-0.01208,-0.0158765714286,0.605
0.462254387744,0.527113681871,-0.123965809522,-1.38830259919,0.0777596930228,1.90604447223,0.155088314109,-0.00590858516803,-0.0721738709856,-0.00107475880553,-0.107627880202,-0.0122884396283,0.0386981904377,-0.0179555611864,0.574087087795,0.818779588502,0.00217898611015,0.0,0.818736855557,-0.574024964084,-0.0120850677126,0.0,-0.00864438077621,0.00872206549184,-0.999924597284,0.0,0.657897605789,0.255989506333,0.303387623362,1.0,-0.0124,-0.0162971428571,0.621
0.462099417042,0.525868564259,-0.123963658903,-1.3902187543,0.0776403536416,1.9067485181,0.154820359983,-0.00726745322211,-0.0670602699298,-0.000690802555728,-0.110058680807,-0.0106014863333,0.0384463257698,-0.0160677973427,0.574064195466,0.81879556594,0.00220625963931,0.0,0.818753179041,-0.574001948475,-0.01207235926,0.0,-0.00861856283476,0.00873685951107,-0.999924690995,0.0,0.657667128995,0.255706212304,0.303412620161,1.0,-0.01276,-0.0167702857143,0.639
0.461949055686,0.524778033487,-0.123971863538,-1.39194710208,0.0775317746293,1.90736659005,0.154600135173,-0.00841158491238,-0.0656335158418,-0.000694820512585,-0.10675795336,-0.00439608263645,0.040035079562,-0.0164091505637,0.574076423702,0.818787048479,0.00218538179419,0.0,0.818744402393,-0.57401427746,-0.0120813791905,0.0,-0.00863780276185,0.00872507205483,-0.9999246279,0.0,0.657459506124,0.255436138275,0.303410854947,1.0,-0.01308,-0.0171908571429,0.655
0.461798362088,0.5236498251,-0.123974919036,-1.39374358528,0.0774169069352,1.9080119006,0.154350238144,-0.00932480968344,-0.0712468319419,0.000483736388113,-0.110149874004,-0.00768777267675,0.0385105474731,-0.019036721589,0.574062739851,0.818796704993,0.00216182978983,0.0,0.818753756006,-0.574000700737,-0.0120925382704,0.0,-0.00866060542007,0.00871204964549,-0.999924544206,0.0,0.657241012392,0.255162121478,0.303405076151,1.0,-0.0134,-0.0176114285714,0.671
0.46164674218,0.522432526295,-0.1239779559,-1.39568084375,0.0773026504175,1.90876449355,0.154092077339,-0.0135297227435,-0.0800977366538,-0.00113512342014,-0.111368406113,-0.00774755417215,0.0416280599924,-0.0127558486646,0.574050942073,0.81880490657,0.00218810061328,0.0,0.81876230832,-0.573988799993,-0.0120783632379,0.0,-0.00863404406932,0.00872529809338,-0.99992465839,0.0,0.657012767693,0.254879327828,0.303403939894,1.0,-0.01374,-0.0180582857143,0.688
0.461486314767,0.521190934497,-0.123976199839,-1.39767250405,0.0771813354891,1.90954052537,0.153824377543,-0.0107008960805,-0.0777910662223,-0.000145851894505,-0.115357451195,-0.00658122532374,0.047185287745,-0.0123111506545,0.574035894645,0.818815404135,0.00220737647693,0.0,0.818773075771,-0.573973691131,-0.0120664487015,0.0,-0.00861338388017,0.00873408326113,-0.999924759873,0.0,0.65677789969,0.25458789051,0.303395524053,1.0,-0.01408,-0.0185051428571,0.705
0.461330669573,0.519987978883,-0.12397646339,-1.39959207411,0.0770603817844,1.91022734108,0.153555387839,-0.00990858963347,-0.0733615180822,-0.00176022089395,-0.119644274153,-0.010393228066,0.0496582759965,-0.0207389277296,0.574012799492,0.818831668946,0.00217964496615,0.0,0.818788943627,-0.573950681546,-0.0120841982903,0.0,-0.00864408196542,0.008721321602,-0.999924606356,0.0,0.656539755203,0.254300574944,0.303386252613,1.0,-0.0144,-0.0189257142857,0.721
0.461155622512,0.518626428629,-0.12398213835,-1.40166325031,0.0769326852053,1.91097249684,0.153277107987,-0.0100720144949,-0.0843648556253,-0.000204120017725,-0.119281380867,-0.00805733417956,0.0391058793694,-0.0193890149432,0.574007700268,0.818835164689,0.00220907263037,0.0,0.818792814126,-0.573945448236,-0.0120704965127,0.0,-0.00861602570404,0.00873749896392,-0.999924707272,0.0,0.65628746969,0.253984370456,0.303420977076,1.0,-0.01474,-0.0193725714286,0.738
0.460973592543,0.517285215633,-0.123980033155,-1.40379603826,0.0767876749972,1.91173648129,0.152982834841,-0.0146416991924,-0.0787918607379,0.00179306401156,-0.123178874618,-0.00982884488786,0.0462358192606,-0.013740175444,0.573989919953,0.818847728876,0.00217154535526,0.0,0.818804921177,-0.573927863126,-0.0120853583028,0.0,-0.0086499243513,0.00871511366121,-0.999924609959,0.0,0.65600767053,0.253637252333,0.303410185602,1.0,-0.0151,-0.0198457142857,0.756
0.46079788806,0.516013032123,-0.123986046951,-1.40580897016,0.0766657058639,1.91249471965,0.152701012692,-0.0127658654575,-0.0796486413141,0.000187653158349,-0.124244777428,-0.00433505122469,0.0433294048845,-0.0206015977367,0.573978921907,0.818855388155,0.00219029613326,0.0,0.818812846885,-0.573916808375,-0.0120733484038,0.0,-0.00862944477089,0.00872345806662,-0.999924714147,0.0,0.655784211487,0.253349891916,0.30341327146,1.0,-0.0154,-0.02024,0.771
0.460611484922,0.514625183548,-0.123987069324,-1.40802694195,0.0765221166018,1.91332159293,0.152407766797,-0.0124925317507,-0.08514636897,0.000890194977893,-0.134593822163,-0.0162054671052,0.0529406467252,-0.0207171140446,0.573970308424,0.81886145058,0.00218098673851,0.0,0.818818834183,-0.573908282465,-0.0120725724992,0.0,-0.00863424411173,0.00871529897597,-0.999924743864,0.0,0.655514497533,0.253015008374,0.303402341521,1.0,-0.01574,-0.0206868571429,0.788
0.460404393249,0.513062314568,-0.123992177263,-1.41057365696,0.0763731219319,1.9142006228,0.152050862351,-0.0116234111105,-0.0803747878469,0.000165756568423,-0.136072135474,-0.00511905595306,0.0471802368918,-0.0116351079997,0.573944571567,0.818879714932,0.00209478945342,0.0,0.81883577378,-0.573882721873,-0.0121385343271,0.0,-0.00873800428984,0.00868230158801,-0.999924129582,0.0,0.655187137974,0.252630256646,0.303361843822,1.0,-0.01612,-0.0211862857143,0.807
0.460213142106,0.511722176354,-0.123997852753,-1.41272613999,0.0762489470535,1.91498457448,0.151762621054,-0.0141596183164,-0.0810204985678,-0.000198021657627,-0.1342934552,-0.00626457595743,0.0549131066136,-0.0163056864594,0.573948438458,0.818877061593,0.00207241151013,0.0,0.818832722914,-0.573886582596,-0.0121617886412,0.0,-0.00876984943374,0.0086773650255,-0.999923893642,0.0,0.654922597733,0.252296980001,0.303344216808,1.0,-0.01644,-0.0216068571429,0.823
0.460004596571,0.510171320581,-0.124001277045,-1.41518881617,0.0760904801767,1.91591743139,0.151402805028,-0.0110702168491,-0.086485142803,-0.000546727909181,-0.135642279975,-0.00803149561693,0.0470138167182,-0.0136524017353,0.573912871347,0.818901961713,0.00208329223794,0.0,0.818857838374,-0.573851044506,-0.0121476809754,0.0,-0.00875242886563,0.00867779772196,-0.999924042523,0.0,0.65462420291,0.251924278178,0.303338832539,1.0,-0.0168,-0.02208,0.841
0.459822086318,0.50883777769,-0.124004474318,-1.41728524554,0.075951073152,1.91667886159,0.151114283084,-0.010143507261,-0.0836552920942,0.0002069899935,-0.139960626796,-0.0128579292148,0.054229674322,-0.0205765924922,0.573899551351,0.818911317183,0.00207519893926,0.0,0.818867143543,-0.573837816788,-0.0121452933782,0.0,-0.00875525913506,0.00866965756621,-0.999924088356,0.0,0.654364728411,0.251600929353,0.303340287027,1.0,-0.0171,-0.0224742857143,0.856
0.45962579597,0.507409700138,-0.124002407603,-1.41954082829,0.075811861248,1.91748424905,0.150793555552,-0.00937791379814,-0.0896251543475,0.000966801462517,-0.144061539513,-0.0114750921232,0.0519970667166,-0.0180334669742,0.573875380437,0.818928301998,0.00205689473063,0.0,0.818883796805,-0.573813638582,-0.0121648020596,0.0,-0.00878199552589,0.00866560501629,-0.999923889026,0.0,0.654079910137,0.251257083812,0.303335368341,1.0,-0.01742,-0.0228948571429,0.872
0.45939255094,0.505754543034,-0.124016488573,-1.42211761325,0.0756541589797,1.91845952296,0.150449937335,-0.0143793211423,-0.0948977803656,-0.000292178804177,-0.148035345981,-0.00646727851129,0.0596906289257,-0.0144518629894,0.573885831763,0.818920873823,0.00209795600586,0.0,0.818876967096,-0.573823968851,-0.012137233332,0.0,-0.0087357444744,0.00868352128189,-0.999924138736,0.0,0.653771033337,0.250853056784,0.303351032848,1.0,-0.01778,-0.023368,0.89
0.459174916948,0.504110090927,-0.124017185306,-1.42459396517,0.0755022875854,1.91940398813,0.150095844937,-0.0132385768938,-0.0984269784688,0.0005108066676,-0.141313573354,-0.00316728942629,0.0528446934079,-0.0202621931401,0.573861208736,0.818937878092,0.00219358957599,0.0,0.818895247483,-0.573798962561,-0.0120859883984,0.0,-0.00863916060122,0.00873216811106,-0.999924554226,0.0,0.653471460335,0.250477770589,0.303403210269,1.0,-0.01812,-0.0238148571429,0.907
0.458954432489,0.502542546133,-0.124022620163,-1.42692304121,0.0753536627516,1.92027750968,0.149768313531,-0.0142221004165,-0.0975414458188,-0.000687789278586,-0.147048443386,-0.00465991648147,0.0530493070347,-0.0201005654973,0.573856706353,0.81894078132,0.00228564327534,0.0,0.818899434936,-0.57379415753,-0.0120302596884,0.0,-0.00854074594694,0.00877552614406,-0.999925020089,0.0,0.653191665264,0.250110147429,0.303465122006,1.0,-0.01844,-0.0242354285714,0.923
0.458724953518,0.500828220206,-0.124024360676,-1.42949565662,0.0751854501921,1.92117839819,0.149411815634,-0.0116691014622,-0.0992258694117,-0.000271703375663,-0.150756886151,-0.0076964680278,0.0535250408145,-0.0296419411363,0.573839454205,0.818952774767,0.00231956877793,0.0,0.818911865274,-0.573776761515,-0.0120138153778,0.0,-0.00850799658299,0.00879369295973,-0.999925139677,0.0,0.652863984496,0.249710764892,0.303515225218,1.0,-0.01878,-0.0246822857143,0.94
0.458478890249,0.499120251622,-0.124022409149,-1.43209302808,0.0750187590301,1.92213713245,0.149040180898,-0.0142296459364,-0.0976177057008,0.000399087362546,-0.154303004055,-0.0117866613698,0.056142163541,-0.022175339875,0.573822335265,0.818964607546,0.00237613976423,0.0,0.818924455774,-0.573759434597,-0.0119830650088,0.0,-0.00845053622353,0.00882219916494,-0.999925375835,0.0,0.652543805518,0.249303894487,0.303553387658,1.0,-0.01912,-0.0251291428571,0.957
0.458237514704,0.497552784497,-0.1240275964,-1.4345852724,0.0748659484093,1.92305828208,0.148680605567,-0.0154138364772,-0.101529442367,0.000303671441997,-0.15652265888,-0.00757714466978,0.0508145350287,-0.0237283872772,0.573814592439,0.818970046837,0.00237124191719,0.0,0.818929795023,-0.57375167488,-0.0119897163295,0.0,-0.00845887738199,0.00882192469565,-0.99992530773,0.0,0.652236356829,0.248906314339,0.303540104101,1.0,-0.01944,-0.0255497142857,0.973
0.457977616977,0.495864078358,-0.124033270633,-1.43727436505,0.0747030986852,1.92400062205,0.148271370588,-0.0130570350635,-0.102250316027,0.00460639778152,-0.164595789715,-0.0160542767339,0.057648056111,-0.0279969067216,0.573788174847,0.81898869201,0.00232371820128,0.0,0.818947673347,-0.573725302879,-0.0120304637371,0.0,-0.00851980186409,0.00880611098967,-0.999924929875,0.0,0.651892779618,0.2484746566,0.303518887505,1.0,-0.01978,-0.0259965714286,0.99
0.457681129881,0.494087204829,-0.124039290227,-1.44020711052,0.0745251102162,1.9250318061,0.147863211108,-0.0198163835909,-0.106595035377,-0.00591187050293,-0.165550042248,-0.0108507451392,0.0654125027815,-0.0240758203794,0.573800618044,0.81898026903,0.00221733454314,0.0,0.818937684141,-0.57373801056,-0.0121041990448,0.0,-0.00864109744846,0.00876142439312,-0.999924281572,0.0,0.651518814432,0.247994972348,0.303450300482,1.0,-0.027036,-0.0355330285714,1.008
0.457373484544,0.491554085368,-0.124137464698,-1.44387916294,0.0743196580385,1.92640062088,0.147335826369,-0.0188595836506,-0.190179502727,-0.00712145946741,-0.279000176301,-0.0143160921645,0.105373484309,-0.0452180616394,0.573820215617,0.818966004858,0.00240622867123,0.0,0.818926162577,-0.573757107025,-0.0119778664942,0.0,-0.00842903695332,0.0088438358176,-0.999925366167,0.0,0.651075832994,0.247394737348,0.303586801349,1.0,-0.042156,-0.0554050285714,1.023
0.45687735063,0.487559037413,-0.124178135453,-1.4501956509,0.0740101410245,1.92886193092,0.146358991919,-0.0380493311002,-0.264693625897,-0.00174820690443,-0.417992233976,-0.0198923417191,0.165306346777,-0.0701530313577,0.573687225489,0.819058724375,0.0025534755249,0.0,0.819020364224,-0.573623083152,-0.0119561015081,0.0,-0.00832817708959,0.00895058348275,-0.999925261468,0.0,0.650227880099,0.246399071238,0.303567073839,1.0,-0.0603,-0.0792514285714,1.041
0.456020231467,0.481744683487,-0.124313612038,-1.45945242477,0.073457684066,1.93224163706,0.144933921989,-0.0523426928113,-0.351385928241,-0.00764740257006,-0.569983531535,-0.0372964082681,0.191426982502,-0.0892144965391,0.573629846288,0.819099130036,0.00248224179455,0.0,0.819059914259,-0.573566072381,-0.0119818349321,0.0,-0.00839074244013,0.00890641435785,-0.99992513281,0.0,0.649111386152,0.244952246756,0.303499733056,1.0,-0.077436,-0.101773028571,1.058
0.455000260251,0.47515470863,-0.12449512389,-1.46992810648,0.0728246155405,1.93581378991,0.143401414721,-0.073013970182,-0.4466009295,-0.00980225621292,-0.694508925446,-0.0466269850153,0.237972170057,-0.101054818094,0.573678554504,0.819065828793,0.00219797796073,0.0,0.81902273439,-0.57361578671,-0.0121423511314,0.0,-0.00868475724428,0.00876616914076,-0.999923861737,0.0,0.64773809506,0.243171669128,0.303393602035,1.0,-0.093564,-0.122969828571,1.074
0.453686738616,0.466709598789,-0.124642063618,-1.48289365298,0.072081327542,1.9405355183,0.141420205646,-0.0797367461408,-0.540522750876,-0.00916854688199,-0.787436375747,-0.0455813652852,0.302214880315,-0.133342125408,0.573658439687,0.819079398206,0.00238346628017,0.0,0.819038399111,-0.573594547059,-0.0120889729648,0.0,-0.00853484976184,0.00888726288221,-0.999924083567,0.0,0.646072643213,0.241013386859,0.30347035797,1.0,-0.1107,-0.145491428571,1.091
0.452092281237,0.457064465879,-0.124785270626,-1.49790832073,0.0711296141978,1.94591079735,0.139053463092,-0.0988964120015,-0.60283884154,-0.0101548752561,-0.930572197817,-0.0547178031251,0.329107784752,-0.142763887419,0.573574089156,0.819138517612,0.00236645625088,0.0,0.81909728,-0.573510262049,-0.0120984346937,0.0,-0.00855327159283,0.00887787746464,-0.999924009531,0.0,0.644101086367,0.238465705289,0.303437109936,1.0,-0.127836,-0.168013028571,1.108
0.450166955945,0.445946097721,-0.124979038864,-1.51481166062,0.0699700735191,1.95192956409,0.136407944295,-0.114403780423,-0.677619022019,-0.0105087053882,-1.04217199909,-0.0728487146039,0.362813618039,-0.152531539624,0.573578278273,0.819135196019,0.00249724621228,0.0,0.819096502276,-0.573514798707,-0.0119349287878,0.0,-0.00834427322644,0.00889127272777,-0.999925656423,0.0,0.641876455203,0.235489694081,0.303548247707,1.0,-0.144972,-0.190534628571,1.125
0.447933675602,0.433625068195,-0.125137784509,-1.5336969545,0.0687479948646,1.95840734768,0.133387761068,-0.135685641449,-0.748863205507,-0.00842039433318,-1.13248171613,-0.0709381774876,0.407204518062,-0.186535513737,0.573551608591,0.819154104539,0.00241913231603,0.0,0.819113831216,-0.573487853774,-0.0120399330048,0.0,-0.00847538071666,0.0088872387887,-0.999924589611,0.0,0.639281258643,0.232151479826,0.303545995576,1.0,-0.162108,-0.213056228571,1.142
0.445345819901,0.419997113409,-0.125315917208,-1.55431878019,0.0673247430323,1.96544889517,0.129983068597,-0.163371439484,-0.839525789464,-0.00754828044499,-1.23503465807,-0.0872194045785,0.412330403808,-0.204165542273,0.573523436904,0.819173834443,0.00241726868442,0.0,0.819133545538,-0.573459702593,-0.0120395588468,0.0,-0.00847644860256,0.00888520610434,-0.999924598623,0.0,0.636240386228,0.228165284623,0.303619938149,1.0,-0.180252,-0.236902628571,1.16
0.44257048671,0.406084032704,-0.125502293784,-1.57502861517,0.0658413860957,1.97280572994,0.126531673953,-0.179005656528,-0.889650642308,-0.00732419365712,-1.33300902998,-0.0946054326855,0.459615342211,-0.222650799399,0.57352821356,0.819169202972,0.00281993878078,0.0,0.819135131993,-0.573464005333,-0.0117225007022,0.0,-0.00798573191909,0.00903326973001,-0.99992731142,0.0,0.633561609325,0.224565238254,0.303817530086,1.0,-0.195372,-0.256774628571,1.175
0.439232925878,0.390222889397,-0.125702195868,-1.59850613143,0.0642827742561,1.98085576231,0.122489606898,-0.205861085352,-0.945525121597,-0.0144691186924,-1.42006574154,-0.101074477432,0.480840489679,-0.245741520569,0.573598492634,0.819118582775,0.00320367003209,0.0,0.81908891281,-0.573532307835,-0.011609981992,0.0,-0.00767269145136,0.00928373751441,-0.999927468381,0.0,0.630213681175,0.220118361931,0.304021589466,1.0,-0.212508,-0.279296228571,1.192
0.435538572152,0.373390158592,-0.125909151885,-1.62353493354,0.0623732350783,1.98923078811,0.117958677435,-0.227290434618,-1.01113463304,-0.00838370031627,-1.48505535327,-0.104227113135,0.486071666407,-0.262957513872,0.573468819237,0.819209148596,0.00326054012443,0.0,0.819180838102,-0.573403232617,-0.0114993135721,0.0,-0.00755088401132,0.00926564816046,-0.999928563406,0.0,0.626529478754,0.215275911657,0.3041008673,1.0,-0.229644,-0.301817828571,1.209
0.431636200616,0.356581455296,-0.126121137635,-1.64835721288,0.060448233359,1.99744177885,0.113501932028,-0.247626446719,-1.05503180619,-0.0117475735458,-1.58959734994,-0.127875080017,0.501746962739,-0.292587726743,0.573509896441,0.819180088477,0.00333589973202,0.0,0.819153292365,-0.573444750659,-0.0113907177732,0.0,-0.00741823782732,0.00926548100823,-0.999929557824,0.0,0.62279925935,0.210346890821,0.304175966632,1.0,-0.245772,-0.323014628571,1.225
0.426971266399,0.337804820429,-0.126401669543,-1.67592871325,0.058377320794,2.00635798427,0.10824266379,-0.27565031964,-1.12194974654,-0.0158889742014,-1.60733547955,-0.121404866172,0.530841333125,-0.313034035593,0.573571673916,0.819136563314,0.0034018265417,0.0,0.819110272121,-0.5735058961,-0.011405969699,0.0,-0.00739222156451,0.00932879180532,-0.999929161843,0.0,0.618557747092,0.204685710787,0.304227213734,1.0,-0.262908,-0.345536228571,1.242
0.421947544921,0.318124026573,-0.126581376951,-1.70466004304,0.0560722523044,2.01552935553,0.102632785783,-0.302135901139,-1.1815395586,-0.0110678849829,-1.69871994462,-0.144237490989,0.530507576403,-0.332742175847,0.573458062803,0.819215975963,0.00343246761079,0.0,0.819190020485,-0.573392136718,-0.0113980168673,0.0,-0.00736942945877,0.00934830786881,-0.999929147815,0.0,0.613982026993,0.19878330721,0.304244005241,1.0,-0.280044,-0.368057828571,1.259
0.416742199011,0.298795339769,-0.126786596962,-1.73271899013,0.0537210615044,2.02427700331,0.0968769837918,-0.332483964376,-1.22318712904,-0.0133209887617,-1.79739964719,-0.159925391238,0.539380822257,-0.360402474534,0.573283994722,0.819338120549,0.00335447639047,0.0,0.819311273688,-0.573218462036,-0.0114183401185,0.0,-0.00743277663895,0.009294490908,-0.999929180627,0.0,0.609393316963,0.192855321521,0.304214277393,1.0,-0.296172,-0.389254628571,1.275
0.410229361668,0.276082707101,-0.127078698387,-1.76527676867,0.0510160088279,2.03408018057,0.0900378744075,-0.375396568991,-1.26699368102,-0.0151212041032,-1.83004953983,-0.151666625041,0.535398983487,-0.386725000942,0.573302270095,0.819325662435,0.00327305376746,0.0,0.819297014999,-0.573236055172,-0.0115573857272,0.0,-0.00759317647909,0.00930765785662,-0.999927852985,0.0,0.603917779563,0.185731237367,0.304206199133,1.0,-0.314316,-0.413101028571,1.293
0.403411074903,0.25372562468,-0.127466387183,-1.79674397881,0.0482373316987,2.04348783781,0.0830630389884,-0.412610531183,-1.33963171113,-0.0296923750123,-1.84194187271,-0.163977988982,0.554210826657,-0.414581054028,0.573384740518,0.819267379591,0.00341276733853,0.0,0.819241023394,-0.57331869574,-0.0114265307414,0.0,-0.00740492314662,0.0093478573464,-0.99992888981,0.0,0.59854926666,0.178544276971,0.304314435318,1.0,-0.331452,-0.435622628571,1.31
0.396854350396,0.233311851774,-0.127794531467,-1.82518447107,0.0456434242441,2.05182766932,0.0764868798413,-0.447640444819,-1.37499191366,-0.0251501548076,-1.88783373818,-0.169065989201,0.570821487422,-0.445539586528,0.573434760312,0.819231683012,0.00357380979266,0.0,0.819207857818,-0.573368844253,-0.0112872065425,0.0,-0.00719786460311,0.00940035062865,-0.99992990962,0.0,0.59357005195,0.171900697704,0.304407413613,1.0,-0.346572,-0.455494628571,1.325
0.388434528416,0.208035679466,-0.128121740738,-1.86006005644,0.0424404963186,2.06170951434,0.0680155943586,-0.486254912057,-1.4267540812,-0.0175826510387,-1.95317290965,-0.18140534509,0.546562893334,-0.474529451992,0.573304376416,0.819322152499,0.00374824049185,0.0,0.819300216089,-0.573237549721,-0.0112523067237,0.0,-0.00707076810436,0.00952211426463,-0.999929664316,0.0,0.587233361943,0.163686303565,0.304480530512,1.0,-0.364716,-0.479341028571,1.343
0.379653817242,0.183387676047,-0.128525859559,-1.89374019817,0.039144605653,2.0707547776,0.0594105538081,-0.536016986021,-1.4795955369,-0.0265769446408,-2.00060737643,-0.186711273664,0.509443260066,-0.525344519748,0.57324667664,0.819362937851,0.00365659647708,0.0,0.819339700565,-0.57317993668,-0.0113120363558,0.0,-0.0071729137052,0.00948076444371,-0.99992932971,0.0,0.58091320589,0.155422183296,0.304481498646,1.0,-0.381852,-0.501862628571,1.36
0.370577643452,0.159536966735,-0.129028148422,-1.92575683393,0.035945627438,2.07911602469,0.0507506212179,-0.573910112842,-1.5197759539,-0.0301870270488,-1.97867844997,-0.203688684825,0.507898953137,-0.556471997278,0.573365730498,0.819279275686,0.00373556187279,0.0,0.819257030307,-0.573298732236,-0.0112795749102,0.0,-0.00709966576718,0.00952789047594,-0.999929404533,0.0,0.574782946021,0.147213269452,0.304550913055,1.0,-0.39798,-0.523059428571,1.376
0.360210706752,0.133458139096,-0.129501420831,-1.96036011316,0.0322963609015,2.08792395771,0.0409709767785,-0.625932368508,-1.55508269067,-0.0343218012561,-2.05245870484,-0.21362544766,0.530278780816,-0.596869450675,0.573363111652,0.819280619081,0.00384139249679,0.0,0.819260202023,-0.573296483007,-0.0111629232275,0.0,-0.0069434435271,0.00954769221246,-0.999930312655,0.0,0.567951822125,0.138213467409,0.304595458139,1.0,-0.415116,-0.545581028571,1.393
0.348899425391,0.106709007117,-0.130111164854,-1.99533889619,0.0284643979429,2.09622389339,0.0304440921305,-0.688682463952,-1.60663183418,-0.040724833976,-2.0921539686,-0.24429586953,0.478486820876,-0.639559453013,0.573443594221,0.819224559177,0.00378322468808,0.0,0.819203471027,-0.573377200125,-0.0111806231928,0.0,-0.00699036091347,0.00951087065921,-0.99993033667,0.0,0.560806927151,0.128743738476,0.304608577304,1.0,-0.432252,-0.568102628571,1.41
0.337461040226,0.0810166648091,-0.130614218349,-2.02841064478,0.0247863082485,2.10360784284,0.0197908221204,-0.732245563364,-1.59178882294,-0.0310245909035,-2.05367206318,-0.223066796908,0.434472124411,-0.68379885756,0.573359215076,0.819283791682,0.00374514037578,0.0,0.819261463572,-0.57329191596,-0.011303994963,0.0,-0.00711425812438,0.00954968272573,-0.999929092932,0.0,0.553805843742,0.119612368825,0.304611421868,1.0,-0.43998,-0.578259428571,1.426
