position_joint1,position_joint2,position_joint3,position_joint4,position_joint5,position_joint6,position_joint7,velocity_joint1,velocity_joint2,velocity_joint3,velocity_joint4,velocity_joint5,velocity_joint6,velocity_joint7,ee_T_00,ee_T_10,ee_T_20,ee_T_30,ee_T_01,ee_T_11,ee_T_21,ee_T_31,ee_T_02,ee_T_12,ee_T_22,ee_T_32,ee_T_03,ee_T_13,ee_T_23,ee_T_33,v_x,v_y,time
0.465070161645,0.547795249168,-0.123996802032,-1.35583484409,0.079540230759,1.8940923322,0.159160477678,6.7857270401e-06,-0.00131208012444,-0.00102177399123,0.000421871683547,0.000156057582137,4.3732386339e-05,-0.00147999854655,0.573826204983,0.818963036428,0.0019437951038,0.0,0.818919466056,-0.573767321881,-0.0119463533333,0.0,-0.00866850258466,0.00844710487813,-0.999926749058,0.0,0.661675204553,0.260888905337,0.303203174959,1.0,0.0,0.0,0.0
0.465067310175,0.547795698832,-0.123991740318,-1.35583277779,0.0795396189983,1.89409162013,0.159161329391,0.000404152550946,-1.75565126806e-05,0.00127488601405,0.000589008975286,-0.000206190066327,-0.000145345728981,-0.000868024751871,0.57382542215,0.818963581064,0.00194542700969,0.0,0.818920013004,-0.573766513815,-0.0119476703147,0.0,-0.0086686528915,0.00844918874719,-0.999926730149,0.0,0.661675140221,0.26089003999,0.303203609279,1.0,-4e-05,-5.25714285714e-05,0.003
0.465066316093,0.547792745632,-0.12399429595,-1.35583270815,0.0795402292957,1.89408915329,0.159165655894,-0.00111533181274,-0.000300052910836,-0.000825840823584,-0.000316249671651,0.000150005701566,-0.000185616788848,0.0008018106938,0.57383020219,0.818960222792,0.00194921525523,0.0,0.818916725469,-0.573771298199,-0.0119432412678,0.0,-0.00866280254785,0.00844980021038,-0.999926775683,0.0,0.661676156015,0.26088727894,0.303207275913,1.0,-0.00036,-0.000473142857143,0.019
0.465066165544,0.547781416088,-0.123993879953,-1.35584687335,0.0795396189461,1.89409197334,0.159159891363,-0.000236643714643,-0.00262011331999,0.00069764171155,-0.000298507063759,-0.000186348604222,-0.000117040384867,0.000312795944571,0.57382742363,0.818962176918,0.00194616778182,0.0,0.818918615443,-0.573768508945,-0.0119476493145,0.0,-0.0086681899948,0.00844980453478,-0.999926728958,0.0,0.661673147339,0.260886582993,0.303207120122,1.0,-0.00068,-0.000893714285714,0.035
0.465064143833,0.547754864515,-0.123991749123,-1.35588148361,0.0795383579085,1.8941003278,0.159159825564,-0.000155486958563,-0.000984199355773,0.0010507265494,-0.0051140957628,-0.000451133336168,9.17278015892e-05,-0.000679919795013,0.573829103559,0.818960996322,0.0019476430626,0.0,0.818917429876,-0.573770158876,-0.0119496748886,0.0,-0.00866898508787,0.0084521928112,-0.999926701881,0.0,0.661667690206,0.260883081999,0.303210109592,1.0,-0.00102,-0.00134057142857,0.052
0.465065785222,0.547624990129,-0.12399390626,-1.35603250475,0.0795368812941,1.89413637181,0.159156502279,-0.000240404017186,-0.0104396636686,-0.00016021423328,-0.0149307014003,0.000306757174032,0.00228663182461,-0.00083789158395,0.573834420698,0.818957227995,0.00196551237587,0.0,0.818913810795,-0.573775318661,-0.0119499408779,0.0,-0.00865889467686,0.00846703564763,-0.999926663736,0.0,0.661643842146,0.260868910747,0.303233432516,1.0,-0.00136,-0.00178742857143,0.069
0.465056387071,0.547497711455,-0.123986765073,-1.35621797398,0.0795335540422,1.89417483505,0.159155614968,0.000267151079134,-0.00843954881693,0.000364790813431,-0.0136271113485,6.63418413012e-05,0.00376525928203,-0.00145622559857,0.573845685293,0.81894935781,0.00195594319256,0.0,0.818905666584,-0.573786476333,-0.011972289485,0.0,-0.00868257219931,0.00847214274295,-0.999926415161,0.0,0.661613347587,0.2608485501,0.303238416743,1.0,-0.00168,-0.002208,0.085
0.465028268274,0.547329871436,-0.123997641307,-1.35643548836,0.0795342429658,1.89430236816,0.159148388509,-0.0029137342064,-0.00574996438301,-0.000980669895227,-0.0131888066085,0.000100752016945,0.00904216185222,-0.000758164330092,0.573883043851,0.81892300947,0.00202569525283,0.0,0.81888022633,-0.573823537184,-0.0119360797513,0.0,-0.00861250455341,0.00850887938876,-0.999926709183,0.0,0.661603143261,0.260808823404,0.303265215545,1.0,-0.00202,-0.00265485714286,0.102
0.465006586808,0.547136686584,-0.12399249554,-1.35666323806,0.079532789318,1.89441587666,0.159136483956,-0.00287143752279,-0.0122218333806,-0.000311468146528,-0.0128106073003,0.000183558366462,0.00556671034123,-0.00124580505009,0.573899943412,0.818910977153,0.00210079759579,0.0,0.818869081059,-0.573840035257,-0.0119075153752,0.0,-0.00854583781878,0.00855416529094,-0.999926894784,0.0,0.661583216458,0.260780446495,0.303303336074,1.0,-0.00236,-0.00310171428571,0.119
0.464973703784,0.546927983377,-0.123991720192,-1.35694211791,0.0795250757457,1.89454204115,0.159125965501,-0.00319327768831,-0.00853196496797,0.00109398451216,-0.0231058791934,0.000178984794507,0.00897302868204,0.00020579777572,0.57393139069,0.818888801704,0.00215316644939,0.0,0.818847538436,-0.573871217401,-0.0118861910339,0.0,-0.00849799209367,0.00858513848754,-0.999927037102,0.0,0.661558756475,0.260736103894,0.303329335992,1.0,-0.00268,-0.00352228571429,0.135
0.464937333942,0.546676392894,-0.123997729446,-1.35730864195,0.0795183435625,1.89467176764,0.159086001415,-0.00304011742846,-0.014914220265,-0.00162597416038,-0.0226903693708,-8.68590349708e-05,0.0145434190423,-0.0039580938574,0.573951311777,0.818874786324,0.00217323118589,0.0,0.81883366939,-0.573890939159,-0.01188943755,0.0,-0.00848892638513,0.0086036387912,-0.999926955096,0.0,0.661518420768,0.260676080905,0.303344517922,1.0,-0.00302,-0.00396914285714,0.152
0.464905863463,0.546427224033,-0.123997729446,-1.35767187144,0.079509373202,1.89481039904,0.158963420031,-0.00232347508677,-0.0195976405946,-0.000981139464305,-0.0209275108126,0.000340213875536,0.0101949867134,-0.00797042981108,0.57389465436,0.818914417002,0.00220232231948,0.0,0.818873562029,-0.573834053656,-0.0118876059526,0.0,-0.0084713274535,0.00862582310567,-0.999926913223,0.0,0.661477999294,0.260623380968,0.30336010985,1.0,-0.00332,-0.00436342857143,0.167
0.464866347099,0.54613653301,-0.123990892834,-1.35815559574,0.0794976386552,1.89498108613,0.158935032437,-0.00101375067619,-0.0195953572656,0.00165831201159,-0.0330556251466,0.000379307922541,0.0093415182821,-0.00120487073816,0.573928853471,0.818890488479,0.00218767778404,0.0,0.81884923704,-0.573868098216,-0.0119197210391,0.0,-0.0085056714553,0.0086326163186,-0.999926563048,0.0,0.661415177623,0.260548725892,0.303347066989,1.0,-0.00368,-0.00483657142857,0.185
0.464819475979,0.545814218093,-0.123992706159,-1.35871532591,0.0794694713202,1.89516865029,0.158881271998,-0.00428842082031,-0.0172546792225,0.000215893728935,-0.0312654094086,-0.00721727814963,0.0103966212715,-0.000729067457496,0.573942307445,0.818881150153,0.00215326500386,0.0,0.818839373491,-0.573881612886,-0.0119466193274,0.0,-0.00854730674404,0.00862001439166,-0.999926316735,0.0,0.661349637601,0.260471183455,0.303328389089,1.0,-0.004,-0.00525714285714,0.201
0.464761382262,0.545451163649,-0.123993390092,-1.35933674625,0.0793672481657,1.89537241251,0.1587783327,-0.00124987946255,-0.0197980160292,-0.000378819666896,-0.0420099790448,-0.0146077013005,0.0092271364877,-0.00788900057222,0.573913509173,0.818901546009,0.00207094998745,0.0,0.818859235097,-0.573853695465,-0.0119262818773,0.0,-0.00857819352088,0.00854063523994,-0.999926733389,0.0,0.661278101256,0.260360639852,0.303307174803,1.0,-0.00434,-0.005704,0.218
0.464692098486,0.544992101314,-0.123996111177,-1.36011924636,0.0793358535777,1.89562338728,0.158686987119,-0.00409572994829,-0.0267471337559,-0.000486915342324,-0.0386176196928,-0.000292024645768,0.0170685898671,-0.00676232054194,0.573932505973,0.818888366151,0.00201724355207,0.0,0.818845160538,-0.573872720251,-0.0119770996708,0.0,-0.00865043308363,0.0085260211009,-0.999926235765,0.0,0.661180823578,0.260238335621,0.303281523079,1.0,-0.00472,-0.00620342857143,0.237
0.464631819712,0.54461893636,-0.123996428058,-1.36075784192,0.0793232703531,1.8958390634,0.158622117986,-0.00600121231019,-0.0216543271101,-0.000648179839213,-0.0400121406957,5.24979391848e-05,0.0167618559244,-0.00894135122899,0.573961182731,0.818868337169,0.00198846709377,0.0,0.818824482767,-0.57390124672,-0.0120238237157,0.0,-0.00870491238485,0.00852957784118,-0.999925732643,0.0,0.661103288834,0.260139989275,0.303260417344,1.0,-0.00502,-0.00659771428571,0.252
0.464564979172,0.544116277707,-0.123998756391,-1.36157225628,0.0792924185736,1.89613887283,0.15851927296,-0.00419550720536,-0.0335241530355,0.000385311556227,-0.0430205191003,-0.00163059111119,0.0144445449366,-0.00913422073686,0.573970564675,0.818861764742,0.00198696528076,0.0,0.818817723109,-0.573910469737,-0.0120439175567,0.0,-0.00872213133529,0.00853998096909,-0.999925493799,0.0,0.661008615185,0.26001973195,0.303254570354,1.0,-0.00538,-0.00707085714286,0.27
0.464502461991,0.543663679523,-0.123998840105,-1.36231354524,0.079260763628,1.89639458226,0.158436273403,-0.00817754699711,-0.0315217101776,-0.00179209226808,-0.0446410237995,-0.00062489435186,0.0155579396302,-0.00777366291862,0.573986641885,0.818850546579,0.00196575869511,0.0,0.818806072185,-0.573926484377,-0.0120728449227,0.0,-0.0087578233019,0.0085393912809,-0.999925186865,0.0,0.660918950168,0.259908535187,0.303244149192,1.0,-0.00568,-0.00746514285714,0.285
0.464418119067,0.543123579716,-0.124007230748,-1.36317003027,0.0792075571634,1.89668978486,0.158303729171,-0.00761756697761,-0.033559115885,0.00200396263672,-0.0505236705979,-0.00414963524609,0.0177071989724,-0.00646913961563,0.573986422031,0.8188507493,0.00194540361678,0.0,0.818806023855,-0.573926367725,-0.012081665036,0.0,-0.00877673101528,0.00852778407272,-0.999925120142,0.0,0.660821615946,0.259764776957,0.303244414844,1.0,-0.00602,-0.007912,0.302
0.464331140727,0.542484115476,-0.124002719234,-1.36417968361,0.0791474453905,1.89705367571,0.158191856656,-0.00841982729958,-0.0352632596394,0.000672667841234,-0.0499806214979,-0.000331324332079,0.0259615830143,-0.0151449855034,0.574002952162,0.818839172027,0.0019411761634,0.0,0.818794337766,-0.573942862231,-0.0120900883617,0.0,-0.00878588289594,0.00852933467881,-0.999925026545,0.0,0.660703273233,0.259613430933,0.303247518815,1.0,-0.0064,-0.00841142857143,0.321
0.464254980409,0.541912719717,-0.124010133288,-1.3650670773,0.0791041664702,1.89738744033,0.158057270301,-0.00435425593426,-0.0353993792939,-0.000166484289339,-0.0548805583927,-0.00066523353262,0.0234531048482,-0.0107491770289,0.573998111001,0.818842521,0.00195991580375,0.0,0.818797873639,-0.573937883347,-0.0120869799368,0.0,-0.00877263209516,0.00854284302027,-0.999925027569,0.0,0.660604145977,0.259476628344,0.303258394179,1.0,-0.00672,-0.008832,0.337
0.464165309167,0.54125616288,-0.124011535196,-1.36607353907,0.0790453182087,1.89776045423,0.157935954149,-0.00778199225476,-0.0373744034195,0.000515562691056,-0.0639938478834,-0.00288511406939,0.0157916312562,-0.00647945380712,0.574013325922,0.818831806709,0.00198012296464,0.0,0.818787408025,-0.573952993336,-0.012078443706,0.0,-0.0087538849187,0.00855465209699,-0.999925090907,0.0,0.660490463444,0.259321523726,0.30327591291,1.0,-0.00706,-0.00927885714286,0.354
0.464073702307,0.540564705564,-0.124011564913,-1.36713722323,0.0789802223561,1.89814687438,0.157799622681,-0.00236302659549,-0.043748287908,0.00214859084148,-0.0623771325638,-0.00372297406057,0.0200502854299,-0.00583685311684,0.574018243982,0.818828330511,0.00199189096741,0.0,0.818784075268,-0.573957849621,-0.0120736012252,0.0,-0.00874311361017,0.00856156081419,-0.999925126017,0.0,0.66036750963,0.25915951158,0.303291876552,1.0,-0.0074,-0.00972571428571,0.371
0.463974991923,0.539828434203,-0.124017309399,-1.36825398978,0.0789052130629,1.8985672761,0.157649327531,-0.00482723722677,-0.0397746278604,-9.42390953025e-05,-0.0684522983332,-0.000453312853238,0.0291692731575,-0.00374583686874,0.574021836023,0.818825742958,0.00202023239399,0.0,0.818781960125,-0.57396141942,-0.0120473105807,0.0,-0.00870528018808,0.00856971417167,-0.999925386264,0.0,0.660243748894,0.258984497183,0.303317253563,1.0,-0.00774,-0.0101725714286,0.388
0.463861754939,0.539075294201,-0.124015553042,-1.3694230111,0.0788427697258,1.89900324991,0.157521478119,-0.00680643648841,-0.0420682157139,3.66387182615e-06,-0.0663639709129,-0.00345894906678,0.0315444136927,-0.011254523548,0.574056613651,0.818801308813,0.00204154646452,0.0,0.818757718522,-0.573996016819,-0.0120464907254,0.0,-0.00869201018187,0.00858706492532,-0.999925352851,0.0,0.660112566629,0.25880135819,0.303330690722,1.0,-0.00808,-0.0106194285714,0.405
0.463750601682,0.538247930613,-0.124021427031,-1.37068121896,0.078781176674,1.89949576712,0.157365244125,-0.00432209575046,-0.0535937799831,0.00127512866376,-0.0693583306114,-0.00322949301597,0.0237649939479,-0.00730638024506,0.574077001952,0.81878686772,0.00209951908576,0.0,0.81874396615,-0.574016088653,-0.0120247561871,0.0,-0.00864072108055,0.00862227056983,-0.999925494419,0.0,0.659974890594,0.258609541216,0.303359134021,1.0,-0.00844,-0.0110925714286,0.423
0.463665371136,0.537603938656,-0.12402968936,-1.37170775613,0.0787135954814,1.89989069565,0.157240119764,-0.00586847154812,-0.0470230123231,-0.000965415458372,-0.075306365103,-0.00287364755209,0.0285898382621,-0.00554195338793,0.574088791454,0.818778591377,0.00210350422966,0.0,0.818735843596,-0.5740279615,-0.0120110253033,0.0,-0.00862706623163,0.00861777522936,-0.999925651075,0.0,0.659860502264,0.258450962935,0.303359806526,1.0,-0.00872,-0.0114605714286,0.437
0.463549346846,0.536724329572,-0.124033979789,-1.37307558198,0.0786364838908,1.9004018809,0.157065009504,-0.000968746510884,-0.0529221416793,0.00125243779879,-0.0734277382277,-0.004294627821,0.0248604268915,-0.00915351945603,0.574098150623,0.818771974967,0.0021244673094,0.0,0.818729466531,-0.574037197407,-0.0120043129003,0.0,-0.00860943747962,0.00863118399951,-0.999925687363,0.0,0.659703742498,0.258243309345,0.30337423436,1.0,-0.00908,-0.0119337142857,0.455
0.463446710508,0.535977001944,-0.124039682223,-1.37426460092,0.078569371632,1.90084156777,0.156919486039,-0.00360833521018,-0.0541288943406,0.000752916544351,-0.0809545837918,-0.0117815012124,0.026592759895,-0.0142486327378,0.57411448749,0.818760523329,0.00212310912717,0.0,0.818717967786,-0.574053508435,-0.0120085626908,0.0,-0.00861352466697,0.00863268361063,-0.999925639218,0.0,0.659566731509,0.258059937293,0.30337409372,1.0,-0.00938,-0.012328,0.47
0.463343214692,0.53513023175,-0.124045654422,-1.37558790206,0.0784935482236,1.90131729777,0.156756565321,-0.0109780137354,-0.050861161319,0.000229757807281,-0.0806269992779,-0.00900014649791,0.035889689584,-0.00971296282319,0.574119820696,0.818756769655,0.00212850395914,0.0,0.818714174669,-0.574058708224,-0.0120185943111,0.0,-0.00861858515517,0.00864291597601,-0.999925507222,0.0,0.659399034311,0.257848861563,0.303385131111,1.0,-0.00972,-0.0127748571429,0.487
0.463205496301,0.534133425949,-0.124038134292,-1.37723587722,0.0784037709159,1.90191007539,0.156561606058,-0.0103590643933,-0.0499039858691,0.00123762788886,-0.0888081204017,-0.00861462805395,0.0238883405375,-0.00627846848331,0.574147137156,0.818737730243,0.00208347611722,0.0,0.818694489233,-0.574086153452,-0.0120485939091,0.0,-0.00866871053935,0.00862356214558,-0.999925241022,0.0,0.659202307038,0.257598733931,0.303359204031,1.0,-0.0101,-0.0132742857143,0.506
0.463079161391,0.533265617742,-0.124046052084,-1.37863494223,0.0783194111876,1.90243602988,0.156374778819,-0.00219288313182,-0.0522030087664,-0.000491195323494,-0.0907298305884,-0.00470186463699,0.035867161709,-0.016472295936,0.574146476083,0.818738224428,0.0020714154635,0.0,0.818694796158,-0.574085514349,-0.012058186412,0.0,-0.00868349570517,0.00861918824311,-0.999925150447,0.0,0.65905009008,0.257398461584,0.303345143809,1.0,-0.0104,-0.0136685714286,0.521
0.462949906385,0.532314619551,-0.124050993646,-1.38018047503,0.0782453980405,1.9030181965,0.156186035738,-0.00542693405396,-0.0549032159352,-0.00140161546958,-0.092331499871,-0.0100481658189,0.0328115478906,-0.00886902938605,0.574165554698,0.818724853918,0.00206791603333,0.0,0.818681192537,-0.574104419653,-0.0120816895205,0.0,-0.00870454734304,0.00863002008408,-0.999924873982,0.0,0.658859653768,0.257153224293,0.303328523879,1.0,-0.01076,-0.0141417142857,0.539
0.462822126772,0.531384159594,-0.124045704258,-1.38167053601,0.0781538696026,1.90356770325,0.155992331043,-0.00769683839013,-0.0536656157838,0.000134805919837,-0.0957580736379,-0.00597803469083,0.030016629493,-0.0204029478891,0.574164985502,0.818725274933,0.00205924997847,0.0,0.818681484243,-0.574103871981,-0.0120879458621,0.0,-0.00871465119739,0.00862651117655,-0.999924816253,0.0,0.658692968409,0.256943654203,0.303324740611,1.0,-0.01106,-0.014536,0.554
0.46268257701,0.5303652061,-0.124052058592,-1.38331667794,0.0780533129402,1.90413462875,0.155779041255,-0.00851116986492,-0.0579894569016,-0.00147041777732,-0.100224426079,-0.00296127427462,0.0321873660521,-0.0152021219505,0.574171413039,0.818720898831,0.00200628204558,0.0,0.818676361703,-0.574110475963,-0.0121211830505,0.0,-0.00877220723403,0.0086022981063,-0.999924521575,0.0,0.658491386772,0.256688245301,0.30330854883,1.0,-0.0114,-0.0149828571429,0.571
0.462549879074,0.529313924112,-0.124047384939,-1.38495832622,0.0779477565427,1.9047546756,0.155563251451,-0.00543414130467,-0.0645293893673,0.00122398707591,-0.0998302227199,-0.0103708953952,0.0424444680755,-0.0162991683907,0.574160917182,0.818728205197,0.00202832349292,0.0,0.818683986849,-0.574099915175,-0.0121063609099,0.0,-0.00874752721097,0.00861172104986,-0.999924656676,0.0,0.658297860124,0.256447525313,0.303321253979,1.0,-0.01174,-0.0154297142857,0.588
0.462413608775,0.52822619789,-0.124052587652,-1.38666313768,0.0778364680529,1.90540000274,0.155313890196,-0.0112692523085,-0.0580119767928,-0.000820573334521,-0.0997846545167,-0.00474978124848,0.0385490786756,-0.0169475847108,0.574134523996,0.818746670116,0.002045832769,0.0,0.818702775644,-0.574073543075,-0.0120863226645,0.0,-0.00872134588216,0.0086142699277,-0.999924863417,0.0,0.658098563092,0.2561925065,0.303331816019,1.0,-0.01208,-0.0158765714286,0.605
0.462253977338,0.526933458672,-0.12406411417,-1.38862272423,0.0777185844949,1.9061561073,0.155044893037,-0.00971377938344,-0.070481050572,-0.00175656863414,-0.101759429435,-0.00183318037719,0.0348691014288,-0.0226885657022,0.574127504447,0.818751406593,0.00211890094426,0.0,0.818708544837,-0.574066289801,-0.0120399512657,0.0,-0.00864150380631,0.00864739597174,-0.999925270685,0.0,0.657874331761,0.255897348468,0.303374917325,1.0,-0.01246,-0.016376,0.624
0.462124985502,0.525909638902,-0.124056358371,-1.3902301789,0.0776145727121,1.90674829995,0.154830239764,-0.00545486337081,-0.0691460450418,0.000438758195904,-0.105179768234,-0.00384213020768,0.0387998706196,-0.0143745358514,0.574110548826,0.818763282689,0.00212404060046,0.0,0.818720480897,-0.574049307462,-0.0120380091455,0.0,-0.00863714214107,0.00865031012444,-0.999925283164,0.0,0.657679300393,0.255663016812,0.303381253503,1.0,-0.01276,-0.0167702857143,0.639
0.461959318664,0.524674724341,-0.124059518029,-1.39218766205,0.0774990857204,1.90744616889,0.154571665776,-0.00312345496571,-0.0677230363891,0.000934647176959,-0.10808012397,-0.00710947792255,0.0378199707391,-0.0104199040069,0.574110832672,0.818763134746,0.00210425552256,0.0,0.81871998816,-0.574049588805,-0.0120580878276,0.0,-0.0086649375982,0.00864564135504,-0.999925083065,0.0,0.657440682251,0.255364789579,0.303378738628,1.0,-0.01312,-0.0172434285714,0.657
0.46178143474,0.523396371008,-0.124065228747,-1.39421360354,0.0773750668067,1.90817792313,0.154295825254,-0.01210681612,-0.0727726847354,7.08244053762e-05,-0.11517097523,-0.00737547861828,0.0415767610881,-0.0144353804273,0.574109923403,0.818763812037,0.00208874360893,0.0,0.818720438647,-0.574048721793,-0.0120687717441,0.0,-0.00868260012791,0.00863906503408,-0.999924986692,0.0,0.657197356472,0.25505045658,0.303376845354,1.0,-0.01348,-0.0177165714286,0.675
0.461636009386,0.522245283358,-0.124068422415,-1.39603398422,0.0772664333511,1.90890171467,0.154047217531,-0.00979836269991,-0.0745344620866,4.15867933338e-05,-0.112955978929,-0.00308713891468,0.044089040062,-0.0151472399921,0.57409629949,0.818773251982,0.0021325226723,0.0,0.818730495098,-0.574034958124,-0.0120411855668,0.0,-0.00863502435232,0.00865892812987,-0.999925226864,0.0,0.656987159027,0.254783580636,0.303382244385,1.0,-0.0138,-0.0181371428571,0.691
0.461464431847,0.52098810053,-0.124065920492,-1.39805131559,0.0771451807381,1.90966710973,0.153780361932,-0.00468997743636,-0.0721390419778,0.000953828513905,-0.120234123365,-0.00445475129784,0.0501313314475,-0.0201193855609,0.574091789667,0.818776404782,0.00213609677596,0.0,0.818733661264,-0.57403040037,-0.0120431833484,0.0,-0.00863465612052,0.0086629538047,-0.999925195175,0.0,0.656747050834,0.25448170504,0.303371560572,1.0,-0.01414,-0.018584,0.708
0.461297813577,0.519687755803,-0.124080126284,-1.40009544511,0.0770091264691,1.9104070019,0.153493353142,-0.00756940126745,-0.0802914304483,-0.00143561548244,-0.121810776174,-0.0055896736895,0.0435774524583,-0.0176365059859,0.574075322272,0.818787984422,0.002123163928,0.0,0.818745186654,-0.574014104582,-0.012036360449,0.0,-0.00863666755339,0.00864827425633,-0.999925304873,0.0,0.656499282134,0.25416671232,0.303376339256,1.0,-0.01448,-0.0190308571429,0.725
0.461147536514,0.518487290911,-0.124081236865,-1.40192955717,0.0768873630898,1.91105724504,0.153240412162,-0.0102572255059,-0.0794023598265,0.000272981604265,-0.120551409935,-0.00500689153767,0.0438915587883,-0.0225255395076,0.574056334424,0.818801271152,0.00213311239174,0.0,0.818758633376,-0.573995107393,-0.012027629138,0.0,-0.00862400798964,0.00865120744402,-0.999925388765,0.0,0.656272057323,0.253889981101,0.303402372559,1.0,-0.01478,-0.0194251428571,0.74
0.460963266884,0.517138229966,-0.124095222466,-1.40406686562,0.0767475664018,1.91182830456,0.152953315268,-0.0128701817211,-0.0811348503846,-0.00281929465649,-0.123375890798,-0.00913659709274,0.0485694838584,-0.0237033465915,0.574057448024,0.818800550856,0.00210978374318,0.0,0.818757694229,-0.573996404958,-0.0120296358098,0.0,-0.00863903047195,0.00863326992372,-0.99992541412,0.0,0.656012964037,0.253554721591,0.303398949446,1.0,-0.01512,-0.019872,0.757
0.460783672785,0.515790008345,-0.12409317729,-1.40622115265,0.0766169580845,1.91265118269,0.152654895736,-0.0116827280023,-0.0841481309102,0.00126173415162,-0.127840194679,-0.0016987926298,0.0531962959993,-0.0181083739597,0.574037533971,0.818814478895,0.00212265054124,0.0,0.818771770679,-0.573976419636,-0.0120251462915,0.0,-0.0086281786557,0.00864101803138,-0.999925440891,0.0,0.655754063948,0.253234847644,0.303390466621,1.0,-0.01546,-0.0203188571429,0.774
0.460607588141,0.514469800812,-0.124093912807,-1.40831217838,0.0764941805476,1.91341495975,0.152379018254,-0.0113406265261,-0.0883173561085,0.000942821282106,-0.129092065086,-0.0108397862365,0.0476906431915,-0.0182239587082,0.574033397927,0.818817389012,0.00211858871866,0.0,0.818774535072,-0.573972208465,-0.0120379204457,0.0,-0.00864101390907,0.00864498131321,-0.999925295798,0.0,0.655496165847,0.252920136884,0.303387001769,1.0,-0.01578,-0.0207394285714,0.79
0.460408305231,0.513074151088,-0.124103071435,-1.41058739183,0.0763455437787,1.91419993351,0.152054630179,-0.014632828922,-0.0829687053899,0.000368733400241,-0.133426879431,-0.0111475255039,0.0461318912206,-0.0198343724679,0.574016507108,0.818829451452,0.00203123210111,0.0,0.81878544544,-0.573955682511,-0.012083697655,0.0,-0.0087288183722,0.00859955076956,-0.99992492491,0.0,0.655209034873,0.252561842751,0.303350460638,1.0,-0.01612,-0.0211862857143,0.807
0.460196786206,0.51157315568,-0.124100977656,-1.41301659584,0.0762017023117,1.91508413573,0.151712358888,-0.0109610614991,-0.0847074456548,0.0012241648347,-0.134899194204,-0.00715080178252,0.0602755593395,-0.0117476985186,0.573996369634,0.818843655172,0.0019957286681,0.0,0.81879905367,-0.573935573238,-0.0121166985014,0.0,-0.00877643098586,0.00858920706543,-0.999924597048,0.0,0.654907178407,0.252192721156,0.303322227475,1.0,-0.01648,-0.0216594285714,0.825
0.46000892596,0.510183504773,-0.124106682307,-1.41520447168,0.0760714292943,1.91590728945,0.151406866673,-0.0140445231943,-0.0850525799099,0.000530639230784,-0.14046574694,-0.015321937476,0.0542574233953,-0.0239516858629,0.573983312823,0.8188527571,0.00201635597129,0.0,0.818808401004,-0.573922404009,-0.0121088200021,0.0,-0.00875827740156,0.00860143543219,-0.999924651104,0.0,0.65464188897,0.251859805189,0.303325313383,1.0,-0.0168,-0.02208,0.841
0.459800755018,0.508664609177,-0.124112662942,-1.41757739624,0.0759222099378,1.9167578625,0.151087835443,-0.0159901558056,-0.0922180960002,0.000126923382908,-0.141541990856,-0.0021450784263,0.047813475138,-0.0184758562006,0.573979753506,0.818855266201,0.00201059214861,0.0,0.81881081552,-0.573918851465,-0.0121139268116,0.0,-0.00876580479629,0.00859960889133,-0.999924600854,0.0,0.654346580377,0.251492117284,0.303332652645,1.0,-0.01714,-0.0225268571429,0.858
0.459583582437,0.507137272845,-0.124113193509,-1.41996888549,0.0757663079311,1.91762886806,0.150741209421,-0.0130922954785,-0.0893253217276,0.00284489651839,-0.14367572689,-0.00399454249022,0.0512872369437,-0.0181766734599,0.573955847532,0.818872020513,0.00201146850413,0.0,0.818827602541,-0.57389496555,-0.0121108519256,0.0,-0.00876303485413,0.00859830575813,-0.999924636339,0.0,0.654051540873,0.251120022056,0.303338128866,1.0,-0.01748,-0.0229737142857,0.875
0.459385033288,0.50565750169,-0.124122008283,-1.42227637992,0.0756190986089,1.91850003631,0.150432824784,-0.0146940304915,-0.0894230162498,-3.07919208113e-05,-0.136847175493,-0.00743819202264,0.0581514387233,-0.0237162706144,0.573951776854,0.818874798089,0.00204200921496,0.0,0.818830861192,-0.573890843142,-0.0120858520254,0.0,-0.00872507723175,0.00860892215727,-0.999924876922,0.0,0.653771179431,0.250766049326,0.303350085709,1.0,-0.0178,-0.0233942857143,0.891
0.459156004715,0.504014527264,-0.124125957692,-1.42476010264,0.0754671855777,1.91945616628,0.150086154827,-0.0174663431518,-0.0987584228437,-0.00141832418676,-0.146466576422,-0.0072436188282,0.0465647223253,-0.0202790014489,0.573945654798,0.818878817483,0.00214814260467,0.0,0.818836328837,-0.573884331403,-0.0120244604092,0.0,-0.00861395638364,0.00866053074941,-0.999925394698,0.0,0.653459442548,0.250353645691,0.303405772419,1.0,-0.01816,-0.0238674285714,0.909
0.458913126842,0.502212606269,-0.124137630242,-1.42739370537,0.0752910407596,1.92043960848,0.149716313632,-0.0176377074876,-0.105475693426,-0.000647015624269,-0.150171538599,-0.0135635778336,0.0577359776614,-0.0218539431553,0.573936991452,0.818884589336,0.00225966640808,0.0,0.818843717876,-0.573875374301,-0.011948529899,0.0,-0.00848786351142,0.00870818460476,-0.999926059113,0.0,0.653159071014,0.249965368475,0.303488994226,1.0,-0.0185,-0.0243142857143,0.926
0.458714655607,0.500727046304,-0.124141802153,-1.42966743449,0.0751531893344,1.92123631255,0.149391763751,-0.0118082973964,-0.0988669050406,-0.00128933828459,-0.152234166956,-0.00805312331573,0.0504429609214,-0.0275715646183,0.573915470868,0.818899644603,0.00226964069118,0.0,0.818858802316,-0.573853712512,-0.0119551414792,0.0,-0.00848778278787,0.00871992379492,-0.999925957495,0.0,0.652867558135,0.249615040701,0.303512735753,1.0,-0.0188,-0.0247085714286,0.941
0.458453778618,0.498920547178,-0.124139466781,-1.432432391,0.0749771758943,1.92224731316,0.149006121473,-0.0140589011879,-0.0998078465243,-0.00442451405261,-0.158251927826,-0.00769983471008,0.0534371742662,-0.0205073123811,0.573904741791,0.818907043276,0.00231273092449,0.0,0.818866745879,-0.57384279384,-0.0119351310457,0.0,-0.00844678152734,0.00874361508893,-0.999926097808,0.0,0.652523946744,0.249182193821,0.303544332419,1.0,-0.01916,-0.0251817142857,0.959
0.458208399957,0.49735792614,-0.124140917564,-1.43492707033,0.0748318957424,1.9231702495,0.148638609617,-0.0176042116071,-0.0975695822473,-0.000399768203558,-0.155540880625,-0.0132668462872,0.0576437878492,-0.0195906157185,0.573893396115,0.81891500711,0.00230823038887,0.0,0.81887452799,-0.573831340397,-0.0119518654508,0.0,-0.00846318998523,0.008749416177,-0.999925908321,0.0,0.652215725601,0.248785146868,0.303526500066,1.0,-0.01948,-0.0256022857143,0.975
0.457962675427,0.495776664415,-0.124141942563,-1.4374665593,0.0746728171101,1.92404778512,0.14827068883,-0.0149937370276,-0.102974431326,0.000160858938791,-0.157773146462,-0.00468390569283,0.0478461564302,-0.0239417972181,0.573879182929,0.818925158369,0.00223948470967,0.0,0.818883649259,-0.573817272459,-0.0120022374766,0.0,-0.00854404371781,0.00872187957112,-0.999925461289,0.0,0.651887662673,0.248378020779,0.303495811509,1.0,-0.0198,-0.0260228571429,0.991
0.45764645618,0.493864143812,-0.124162974666,-1.4405930971,0.0744719854505,1.92515429538,0.147829929639,-0.0173364120626,-0.105204587097,-0.00570379868726,-0.176769659845,-0.0114641942591,0.0640788891873,-0.027015917337,0.573895291585,0.818914139529,0.00213852229314,0.0,0.818871312505,-0.573833801541,-0.0120535748811,0.0,-0.00864385294577,0.00866883132987,-0.999925064777,0.0,0.651494620299,0.247856934703,0.303436337848,1.0,-0.0259251428571,-0.034073044898,1.01
0.457368568478,0.491594264692,-0.124234259962,-1.44397849534,0.0742925538308,1.9264358093,0.147325192186,-0.0228366175457,-0.159008627124,-0.0076411742981,-0.247382132636,-0.0116236207649,0.0978347139062,-0.0424576365821,0.573882811876,0.818922500115,0.00228121462566,0.0,0.818881607247,-0.57382080354,-0.0119727039065,0.0,-0.00849587177854,0.0087391419383,-0.999925721022,0.0,0.651081974626,0.247320571178,0.303517814886,1.0,-0.0358337142857,-0.0470957387755,1.025
0.456892856233,0.488059713091,-0.124249066501,-1.44962869616,0.0739988888018,1.92855589678,0.1464825728,-0.0281750338058,-0.216410873963,-0.00142434080786,-0.351387398021,-0.0196979377955,0.125137212987,-0.0534771933509,0.573796845357,0.818982658743,0.00230907717375,0.0,0.818941606656,-0.573734195484,-0.0120193477979,0.0,-0.00851900489857,0.00878783241328,-0.999925097473,0.0,0.650357715386,0.246475439791,0.303470501299,1.0,-0.047724,-0.0627229714286,1.043
0.456320705988,0.484226641885,-0.12433764319,-1.45562247041,0.0736330562638,1.93080532588,0.145576001284,-0.0410631321506,-0.265240082575,-0.00393610891021,-0.42183900286,-0.0319566789685,0.152696305631,-0.0713593494074,0.57378488047,0.818990877957,0.00236636176987,0.0,0.818950843543,-0.573722279561,-0.0119586243527,0.0,-0.0084365322183,0.00879978123542,-0.999925691626,0.0,0.64962146515,0.245485367981,0.30347715529,1.0,-0.0576325714286,-0.0757456653061,1.058
0.455520817656,0.479022155166,-0.124485779004,-1.46389071579,0.0731356061989,1.93365074141,0.144328825492,-0.0541774096364,-0.326267838224,-0.00831663262597,-0.513793877662,-0.0292251314265,0.174374711448,-0.0738254205721,0.57379535893,0.81898409269,0.00216538475794,0.0,0.818941380839,-0.573733530883,-0.0120663661329,0.0,-0.00863997442281,0.00869711551635,-0.999924852688,0.0,0.648549589282,0.244081785232,0.303401805945,1.0,-0.0688622857143,-0.0905047183673,1.075
0.454533923604,0.472821149289,-0.124624596472,-1.47355028802,0.0725571162262,1.9370560171,0.142932097452,-0.0602744433341,-0.376293128625,-0.00833943125506,-0.594533191098,-0.0399311296842,0.207422026637,-0.0830275510628,0.573870488373,0.818931590681,0.0021116960125,0.0,0.81888807846,-0.573808781646,-0.0121055343812,0.0,-0.00870206235234,0.00867641866525,-0.999924494084,0.0,0.647306474877,0.242437281322,0.303394907403,1.0,-0.080092,-0.105263771429,1.092
0.453463517868,0.466138173179,-0.124720939512,-1.48368273794,0.0719669926865,1.94085317188,0.141325680172,-0.0731114236525,-0.436367857009,-0.00483952353652,-0.661004715561,-0.0353243268401,0.249122522304,-0.108871850558,0.573819287008,0.818966567032,0.00243615329752,0.0,0.818927237643,-0.573756188004,-0.011948350299,0.0,-0.00838770288593,0.0088513965567,-0.999925646845,0.0,0.645947883159,0.240629362896,0.30352515958,1.0,-0.0913217142857,-0.12002282449,1.109
0.451930425913,0.457295094013,-0.124790943289,-1.49750877619,0.0710774957298,1.94564134609,0.139217805375,-0.0852889691876,-0.485870575721,-0.00589891800121,-0.774923161184,-0.0471466250485,0.260311661122,-0.111807813391,0.573809322866,0.81897410194,0.00224237459406,0.0,0.818931769165,-0.57374653111,-0.0121005120553,0.0,-0.00862361738011,0.00877990746268,-0.999924270357,0.0,0.644184065112,0.238376416862,0.303445235679,1.0,-0.103212,-0.135650057143,1.127
0.450462369322,0.448833664721,-0.124954090472,-1.51025413062,0.0701807332438,1.95021483774,0.137202946441,-0.0955854254315,-0.554850512876,-0.00411739990213,-0.803177399835,-0.0662506343667,0.308409493836,-0.129830660595,0.573817195838,0.818968077406,0.00242091943887,0.0,0.818929068847,-0.573754704959,-0.011893932757,0.0,-0.0083518981243,0.00880767401893,-0.999926332625,0.0,0.642529643349,0.236111139369,0.303588897298,1.0,-0.113781142857,-0.149540930612,1.143
0.448622290788,0.438572737617,-0.125053470813,-1.52599787909,0.0691554863056,1.95567040293,0.134743081377,-0.108210763058,-0.584551002255,-0.00209141380841,-0.911846797278,-0.0599971552883,0.301051471423,-0.147926811504,0.573805250956,0.81897653337,0.00239137299651,0.0,0.818936731208,-0.573742449053,-0.0119573966329,0.0,-0.00842095717243,0.00881976996848,-0.999925646805,0.0,0.640381632965,0.233361310269,0.303593318073,1.0,-0.125671428571,-0.165168163265,1.161
0.44689095712,0.429231561443,-0.125150784644,-1.53996907963,0.0682191227374,1.96063528022,0.132438370571,-0.121703950857,-0.628903459589,-0.00575048431428,-0.96011279254,-0.0604509444071,0.33159296909,-0.155879866461,0.573758934783,0.81900816276,0.00265725254177,0.0,0.818971960842,-0.573695264095,-0.0118075489056,0.0,-0.00814618257645,0.008951074343,-0.999926756306,0.0,0.638495603612,0.23086662749,0.303746162499,1.0,-0.13558,-0.178190857143,1.176
0.444848245523,0.418724185204,-0.125269205294,-1.55588324788,0.0670796703037,1.96612747501,0.129781111986,-0.132533183772,-0.670780171999,-0.00695919833542,-0.998471601951,-0.0746410566391,0.344162135772,-0.163140475867,0.573701624162,0.819048244252,0.00267711093329,0.0,0.819012657778,-0.573638281983,-0.0117530738151,0.0,-0.00809079692925,0.00893551731364,-0.999927345128,0.0,0.63628944629,0.227961528368,0.303790926471,1.0,-0.146149142857,-0.192081730612,1.192
0.442156407061,0.405343448941,-0.125414825283,-1.57603846248,0.0656846896176,1.97315615174,0.126451980462,-0.146946944738,-0.723620203053,-0.00245702615496,-1.09944052217,-0.0671716657663,0.374889128408,-0.168807685127,0.573729247853,0.819028284159,0.00285776253452,0.0,0.818995116843,-0.573665351794,-0.0116537393359,0.0,-0.00790549498792,0.00902675845782,-0.999928007799,0.0,0.633466694093,0.224246335332,0.303864210692,1.0,-0.1587,-0.208577142857,1.211
0.439613978368,0.393280848868,-0.125549974827,-1.59394940468,0.0644657287257,1.97927393323,0.1233687151,-0.159757171643,-0.749288602035,-0.00606498433565,-1.14867654687,-0.0768989320431,0.39014294645,-0.197514564465,0.573758661186,0.819006856924,0.00308446550368,0.0,0.818976303905,-0.573693632641,-0.0115834541429,0.0,-0.00771753873688,0.00917238789557,-0.999928150867,0.0,0.63090877482,0.220859297373,0.303995643972,1.0,-0.169269142857,-0.222468016327,1.227
0.436496205145,0.379113734839,-0.125710969654,-1.61522589504,0.0628035042469,1.9863660717,0.119590856167,-0.177934734528,-0.811038749962,-0.00826162701351,-1.19526993134,-0.0963325381023,0.426923199774,-0.219550082643,0.573675614654,0.819065471004,0.00296483756745,0.0,0.819034093595,-0.573611835643,-0.0115482656701,0.0,-0.00775826911164,0.0090534357629,-0.999928919754,0.0,0.627785603428,0.21675037193,0.30398194823,1.0,-0.181159428571,-0.23809524898,1.245
0.433822686255,0.367572476668,-0.125814112511,-1.63253622516,0.0615305249552,1.99202588059,0.11653845171,-0.202785803166,-0.840230408032,-0.00935584929082,-1.23943347591,-0.0980839180643,0.405117114803,-0.213082376519,0.573715537148,0.819037913175,0.00285063462351,0.0,0.819004631469,-0.573651642136,-0.0116599316886,0.0,-0.00791480726966,0.00902434067765,-0.999927955955,0.0,0.625181498405,0.213362181575,0.303933575586,1.0,-0.190407428571,-0.250249763265,1.259
0.430276656779,0.352933594578,-0.126034238083,-1.6542434609,0.0598486379658,1.9991657898,0.112548792259,-0.21899922607,-0.843983506242,-0.016977642575,-1.31682127737,-0.102272265038,0.416167887852,-0.245071406813,0.573797830429,0.818980328018,0.00283178645662,0.0,0.81894721815,-0.573734462962,-0.0116175210195,0.0,-0.00788997959999,0.00898536499315,-0.999928503163,0.0,0.621913450719,0.208956502642,0.303939725263,1.0,-0.201637142857,-0.265008816327,1.276
0.425926311858,0.335743534809,-0.126233765831,-1.67940301321,0.0579526798741,2.00733575184,0.107757639631,-0.239460204616,-0.894597058461,-0.0100279681448,-1.35563671399,-0.106611361452,0.44021081876,-0.257866160743,0.573880657225,0.818921782331,0.00297532991206,0.0,0.818890122402,-0.573816329231,-0.011598906911,0.0,-0.00779145464192,0.00909303166609,-0.999928302435,0.0,0.618035833515,0.203777762358,0.304012410536,1.0,-0.214188,-0.281504228571,1.295
0.422086949074,0.320695693117,-0.126335711513,-1.70128285274,0.0561812289129,2.01431684592,0.103462324554,-0.242292995038,-0.956916499803,-0.00443336256368,-1.37803384977,-0.109638295355,0.42596252585,-0.266095094628,0.573751720185,0.819011869045,0.00304447855728,0.0,0.818981115887,-0.573687197694,-0.0115619169385,0.0,-0.00772291751965,0.00912721590541,-0.999928522683,0.0,0.61454715427,0.19929505675,0.304064415208,1.0,-0.224757142857,-0.295395102041,1.311
0.417401550947,0.303149774894,-0.126480371632,-1.72658271623,0.0540668219238,2.02231081,0.0983006095707,-0.262400217311,-0.979973129314,-0.00289145835778,-1.41111813677,-0.122055415859,0.440902778416,-0.292647965107,0.573590171271,0.819124568975,0.00316272429637,0.0,0.819095659321,-0.573525676691,-0.0114606264268,0.0,-0.00757392291125,0.00916445286191,-0.99992932175,0.0,0.610445861861,0.193979095715,0.304137664373,1.0,-0.236647428571,-0.311022334694,1.329
0.413118304321,0.2879594633,-0.126641876881,-1.74830519428,0.0522637193056,2.02899297001,0.0938177058677,-0.286091135565,-1.03678331466,-0.010755821688,-1.45071203122,-0.120600695536,0.469245777262,-0.304735273621,0.573611705412,0.819109166963,0.00324513673651,0.0,0.819081160931,-0.573546764373,-0.0114414940319,0.0,-0.00751073957513,0.00922118280598,-0.999929276788,0.0,0.606850848271,0.189270560526,0.304200090958,1.0,-0.246556,-0.324045028571,1.344
0.408238012429,0.271439082782,-0.126814165878,-1.7719631507,0.050256164483,2.03610996143,0.0886905664065,-0.319770625165,-1.072004264,-0.0174614291408,-1.49481271379,-0.128418679107,0.462836307409,-0.333119636517,0.573545604685,0.819155693232,0.00318378589267,0.0,0.819126479888,-0.573480354164,-0.0115256338787,0.0,-0.00761559657236,0.0092185774695,-0.999928507704,0.0,0.60284070807,0.184048502817,0.304169393673,1.0,-0.257125142857,-0.337935902041,1.36
0.401861427532,0.251048080471,-0.127096390663,-1.80067280511,0.0476626610663,2.04467715372,0.0823655706759,-0.35243360461,-1.11571349104,-0.0208025876435,-1.54209668037,-0.145958729587,0.467793031787,-0.335560976734,0.573685588257,0.819057323736,0.00327004010283,0.0,0.819029881071,-0.573620862197,-0.0113976868779,0.0,-0.00745973931084,0.00921712671606,-0.999929695961,0.0,0.59792470042,0.177448911259,0.304241422968,1.0,-0.269676,-0.354431314286,1.379
0.396124733118,0.233430376359,-0.127269858057,-1.82530847527,0.0454668822704,2.05177472833,0.0766430939419,-0.365648291338,-1.12267398763,-0.0120716962162,-1.53908716269,-0.148751913092,0.466098087688,-0.366007375492,0.5736782337,0.819062355933,0.00329972329061,0.0,0.819034813666,-0.573612824146,-0.0114476582306,0.0,-0.00748372640955,0.00927003908118,-0.999929027589,0.0,0.593561386084,0.171732633575,0.304263538676,1.0,-0.280245142857,-0.368322187755,1.395
