position_joint1,position_joint2,position_joint3,position_joint4,position_joint5,position_joint6,position_joint7,velocity_joint1,velocity_joint2,velocity_joint3,velocity_joint4,velocity_joint5,velocity_joint6,velocity_joint7,ee_T_00,ee_T_10,ee_T_20,ee_T_30,ee_T_01,ee_T_11,ee_T_21,ee_T_31,ee_T_02,ee_T_12,ee_T_22,ee_T_32,ee_T_03,ee_T_13,ee_T_23,ee_T_33,v_x,v_y,time
0.465094534451,0.54768304594,-0.124027101729,-1.35582025831,0.079519847829,1.89414564742,0.15913107701,0.000603300097457,-0.000770463805754,-0.000438790277635,0.000665406755486,1.81645273371e-05,-0.000361187043668,-6.59966063182e-05,0.573797308727,0.81898294954,0.00207936595392,0.0,0.818941574746,-0.573738299938,-0.0118240110711,0.0,-0.00849081504952,0.00848762837285,-0.999927930515,0.0,0.661693918178,0.260891056393,0.303295200298,1.0,0.0,0.0,0.0
0.465088889791,0.547685164465,-0.124018593464,-1.35582304237,0.0795192375315,1.89414586361,0.159127908623,-0.000259915728381,-0.00104969607204,0.00145850289591,7.51010896921e-05,-0.000100783940815,0.000342387334906,-0.000494797587817,0.573793388102,0.818985701928,0.00207718784641,0.0,0.818944258482,-0.573734348164,-0.0118298832385,0.0,-0.00849691480465,0.00848917328775,-0.999927865586,0.0,0.661692819338,0.260891801938,0.30329211025,1.0,-0.00014,-0.000184,0.008
0.465088621498,0.547681303289,-0.124023044822,-1.35582626053,0.0795198478831,1.89415045807,0.159125567682,-3.948942402e-05,-0.00176385276618,-0.00625478272619,0.000916162230321,-0.000372487162217,0.000175503060373,0.00106430168469,0.573795163106,0.818984448848,0.00208092349342,0.0,0.818943073652,-0.573736127736,-0.0118255971524,0.0,-0.00849124266163,0.00848979178341,-0.999927908518,0.0,0.661694158679,0.260889128917,0.303293861539,1.0,-0.00048,-0.000630857142857,0.025
0.465093532633,0.547670728926,-0.124024948151,-1.35584124341,0.0795187832779,1.89414927504,0.159133856624,0.0013696317094,0.00323632418701,-0.00094023956111,-0.000801001266809,0.000226462365729,-9.28501696029e-05,0.00101815017986,0.573799768672,0.818981235137,0.00207578113614,0.0,0.818939795809,-0.573740755947,-0.011828047434,0.0,-0.00849615223582,0.00848703406298,-0.999927890225,0.0,0.661689982517,0.26088938331,0.303294179304,1.0,-0.00082,-0.00107771428571,0.042
0.46508967375,0.547585790411,-0.124024403579,-1.35591063011,0.0795181570003,1.89416451973,0.159125964117,0.0015676075155,-0.0072942263926,-6.14658821722e-05,-0.0119268911173,0.000568181500152,0.000790161218037,-0.00128637748777,0.573799660876,0.818981234412,0.00210564954102,0.0,0.818940136806,-0.57374048286,-0.0118176797923,0.0,-0.0084705246836,0.00850554533844,-0.999927950359,0.0,0.661680281248,0.260880963089,0.303322629089,1.0,-0.00118,-0.00155085714286,0.06
0.465086846221,0.547440806616,-0.124022597018,-1.35608453953,0.0795170916658,1.89420682253,0.159129299392,0.00133545656726,-0.00981757729896,1.17166590837e-05,-0.0164026502552,0.000113326896157,0.00596174856945,0.00049195053351,0.573812695001,0.818972054369,0.00212417492536,0.0,0.818931077472,-0.573753321293,-0.0118221637738,0.0,-0.00846343228181,0.00852342461851,-0.999927858171,0.0,0.661653061645,0.260864098993,0.303346169194,1.0,-0.00152,-0.00199771428571,0.077
0.46506628564,0.547306078897,-0.124024132607,-1.3562784443,0.0795136233784,1.89428720507,0.159115097762,-0.0043314806906,-0.00753788059244,0.00032408894519,-0.00768942980866,0.000298153172261,0.00206094989604,-0.00190029611789,0.573828961713,0.81896059965,0.00214611751343,0.0,0.818919854291,-0.573769445218,-0.0118170589742,0.0,-0.00844649166967,0.0085386333182,-0.999927871659,0.0,0.661634105147,0.260833257604,0.303356337419,1.0,-0.00184,-0.00241828571429,0.093
0.46505071676,0.547107368141,-0.124022609192,-1.35650030757,0.0795109974054,1.89440066576,0.159105877958,-0.00134561075231,-0.0123286991641,-0.000223536315617,-0.0134147491012,-0.00172743715562,0.00456092833245,-0.000876470548559,0.573844933641,0.818949185954,0.00222931858492,0.0,0.818909465506,-0.573785033942,-0.0117800267514,0.0,-0.00836825479349,0.0085856840613,-0.999928126588,0.0,0.661614970821,0.260807404477,0.30340128868,1.0,-0.0022,-0.00289142857143,0.111
0.465040971901,0.54693086948,-0.124022582885,-1.356714669,0.0795100288172,1.89452395083,0.159094310704,-0.000191483315756,-0.0121747802808,0.000366769199215,-0.0103323436495,0.000319955179659,0.00553408247823,-0.00174349374086,0.573855390794,0.818941641379,0.00230767699026,0.0,0.818902895234,-0.573795146762,-0.0117441317655,0.0,-0.00829378436832,0.00862936283437,-0.999928371054,0.0,0.661597652422,0.260786070846,0.303434977732,1.0,-0.0025,-0.00328571428571,0.126
0.465007336724,0.546696407242,-0.124025123703,-1.35704178685,0.0794979678202,1.89464853814,0.159066479143,-0.00396516220894,-0.0174523338862,0.00172123468553,-0.0183641375062,-0.000899887222543,0.00609858426362,-0.00534092083597,0.573877013185,0.818926401485,0.00233871555629,0.0,0.818888010521,-0.573816600252,-0.0117338143998,0.0,-0.00826729576368,0.00864907901164,-0.999928420065,0.0,0.661563685295,0.260733102728,0.303456215254,1.0,-0.00284,-0.00373257142857,0.143
0.464976056429,0.546394428398,-0.124020103539,-1.35749140265,0.079489705744,1.89480534399,0.158933938826,-0.0044744749449,-0.0145238570718,8.96377754697e-05,-0.02169414062,-0.00432732772059,0.00882785090102,-0.0103108211602,0.573813467376,0.818970868662,0.0023596276376,0.0,0.81893253858,-0.573752763475,-0.0117477896091,0.0,-0.00826741375649,0.00867358273429,-0.999928206839,0.0,0.66150723217,0.260675214216,0.30346949995,1.0,-0.00322,-0.004232,0.162
0.464941658145,0.546141842832,-0.124022609198,-1.357899663,0.0794766567429,1.89494522265,0.158921600662,0.000152253294615,-0.0197992868724,-5.18899752211e-05,-0.0255765232372,0.000108273552801,0.00656569929609,-0.00228149744799,0.573852614546,0.818943462132,0.00235149120848,0.0,0.818904922146,-0.573791827078,-0.0117649719079,0.0,-0.00828573991548,0.00867717467695,-0.999928023987,0.0,0.661458366868,0.260613240611,0.303466243268,1.0,-0.00352,-0.00462628571429,0.177
0.464889084115,0.545810296659,-0.124020104548,-1.35845225659,0.0794577133552,1.89512706531,0.1588599744,-0.00140021181465,-0.0167303972026,1.34814068039e-05,-0.0323819787706,-0.00398050952153,0.0122761049684,-0.00365445193817,0.573869228875,0.818931890947,0.00232659458942,0.0,0.818892852346,-0.573808350967,-0.0117991371713,0.0,-0.00832783064703,0.00867656048012,-0.999927679652,0.0,0.661390697829,0.260527941028,0.303453646559,1.0,-0.00388,-0.00509942857143,0.195
0.464831675982,0.545531633958,-0.124023283159,-1.35893957481,0.079400692043,1.89528221782,0.158769719651,-0.00219759377949,-0.0188375358718,0.000115817250783,-0.0360432498416,-0.00780001515981,0.0136447505415,-0.00447732096354,0.573863626644,0.818936003218,0.00225998894835,0.0,0.818896333785,-0.57380324899,-0.0118056284251,0.0,-0.00837142633254,0.00862568347814,-0.999927755793,0.0,0.661332736054,0.260426707109,0.303430514855,1.0,-0.00418,-0.00549371428571,0.21
0.464770595222,0.545141224226,-0.124028067472,-1.35961743855,0.0793345977458,1.89549524214,0.158718321637,-0.00123476853868,-0.0191231996217,-0.00143741357892,-0.0389002851399,-0.000903205830205,0.00430650259071,-0.00196872232281,0.573887964805,0.818919147889,0.00218631514967,0.0,0.818878688647,-0.573828043142,-0.0118244274349,0.0,-0.00842884337662,0.0085763886004,-0.999927697465,0.0,0.661253679074,0.260320473653,0.303404720174,1.0,-0.0045,-0.00591428571429,0.226
0.464685825078,0.544669934728,-0.124021481807,-1.36041067125,0.0793104625807,1.89575718536,0.158608829593,-0.00720712853516,-0.025667926147,0.00206846668884,-0.0405505100876,-0.000284923430189,0.0148263464939,-0.0029533603143,0.573900836275,0.818910223889,0.00214993824831,0.0,0.818868992961,-0.573840754866,-0.0118788603656,0.0,-0.00849416155311,0.00857797081864,-0.999927131163,0.0,0.661157900332,0.260194126249,0.303383235766,1.0,-0.00488,-0.00641371428571,0.245
0.464616107061,0.544219962011,-0.124031129091,-1.36115041303,0.0792830189161,1.89602134229,0.158519228385,-0.00231608901479,-0.0265540643544,-0.000357017049276,-0.0513804359753,-0.000695502724087,0.0148489284455,-0.00544309115518,0.573925257159,0.818893149129,0.00213457401149,0.0,0.818851590886,-0.573865106294,-0.0119020495565,0.0,-0.00852171336982,0.00857895134901,-0.999926888325,0.0,0.661074192278,0.260074023784,0.303372800212,1.0,-0.00522,-0.00686057142857,0.262
0.464557332831,0.54377878827,-0.124032197928,-1.36185413663,0.0792475966713,1.89627530776,0.158452061709,-0.0024895027943,-0.0309290334882,0.000110937502918,-0.0491780673138,-0.00366187503544,0.0185801066864,-0.0126771712044,0.573948910139,0.818876582435,0.00213030301455,0.0,0.818834896641,-0.573888701273,-0.0119129130011,0.0,-0.00853281293793,0.00858193511113,-0.999926768065,0.0,0.660992047999,0.259968308605,0.303372053291,1.0,-0.00552,-0.00725485714286,0.277
0.464477020442,0.543261332152,-0.124040446869,-1.36269848636,0.0791997638082,1.89655563202,0.158329715872,-0.00293596574892,-0.0310142879309,-0.00197225409343,-0.0565980492088,-0.00556985715282,0.0168997960793,-0.00660872459462,0.57395438444,0.818872847221,0.00209082912704,0.0,0.818830603928,-0.573894293024,-0.0119385680165,0.0,-0.00857641940234,0.0085643932249,-0.999926545402,0.0,0.660892630264,0.259828287728,0.30336079987,1.0,-0.00586,-0.00770171428571,0.294
0.464397212499,0.542708241227,-0.124036049905,-1.36358276301,0.0791436348379,1.89686222686,0.158205369037,-0.0063646059413,-0.0337338254406,0.00135078375055,-0.059808246878,-0.00490438734244,0.0108426141432,-0.00563344221444,0.573948966173,0.8188766986,0.00206969062427,0.0,0.818834142864,-0.573888925934,-0.0119538308388,0.0,-0.00860110660144,0.00855578692544,-0.99992640703,0.0,0.660787498802,0.259692107522,0.303357537102,1.0,-0.0062,-0.00814857142857,0.311
0.46433349642,0.542143749637,-0.124037064981,-1.36443589895,0.0790988697395,1.89718077472,0.158095783699,-0.004361574266,-0.0399097561621,0.000963905512888,-0.0533666681372,-0.00239693070847,0.0170857495347,-0.00940628913132,0.57394760292,0.818877580362,0.00209866264509,0.0,0.818835345146,-0.573887386161,-0.0119453943444,0.0,-0.00857758474244,0.00857465468989,-0.999926447463,0.0,0.660688532317,0.259569932074,0.30337832253,1.0,-0.00652,-0.00856914285714,0.327
0.464247643865,0.541481959499,-0.124041509928,-1.36545884534,0.0790383161855,1.89755296139,0.15797101763,-0.00351094848178,-0.0382589635833,0.000915551851705,-0.0616535289837,-0.00867669723103,0.0248582945159,-0.00484598733109,0.57395945885,0.818869247544,0.00210758764204,0.0,0.818827123473,-0.573899198698,-0.0119414613989,0.0,-0.0085691176334,0.0085798298371,-0.999926475669,0.0,0.66057092891,0.259413353044,0.303391751554,1.0,-0.00688,-0.00904228571429,0.345
0.464167981155,0.54085993557,-0.124039594161,-1.3664163429,0.0789862774137,1.8979010127,0.157845936722,-0.00204787978532,-0.04145397849,0.00033144684824,-0.0558136875419,-0.00571160362447,0.0249664027995,-0.0106268056194,0.573960099094,0.818868761287,0.00212210711245,0.0,0.818826748149,-0.573899700723,-0.0119430702075,0.0,-0.00856209531694,0.00859264926104,-0.999926425745,0.0,0.660458855743,0.259271545661,0.303405833412,1.0,-0.0072,-0.00946285714286,0.361
0.464081140983,0.540145150052,-0.124050325568,-1.36749385847,0.0789158149532,1.89828843684,0.157725518019,-0.00815552462349,-0.0450464272837,-0.000203452691924,-0.0684139529557,-0.00239275763796,0.0249765413748,-0.00813186770699,0.5739808942,0.818854143709,0.00213806580596,0.0,0.818812419863,-0.573920509695,-0.0119254572679,0.0,-0.00853829467092,0.00859582495902,-0.999926601965,0.0,0.660334971611,0.259104338331,0.303432059601,1.0,-0.00754,-0.00990971428571,0.378
0.463973542728,0.539316069577,-0.124050677788,-1.36878206394,0.0788453424466,1.89877444415,0.157563609994,-0.00304839004907,-0.0451762657102,-0.00124680956229,-0.0656915489559,-0.00378254436556,0.0306232155031,-0.00436774043374,0.573989192369,0.818848258607,0.00216409811445,0.0,0.818806811773,-0.573928638294,-0.0119193137511,0.0,-0.00851823542732,0.00861370139148,-0.999926619214,0.0,0.660187836697,0.25891262424,0.303446874096,1.0,-0.00792,-0.0104091428571,0.397
0.463872682676,0.538602806966,-0.12404817246,-1.36987947882,0.0787820639299,1.89920150109,0.157411464574,-0.00792845170194,-0.0436078938576,-0.000468806141515,-0.0680754811749,-0.00618616214931,0.0328027011811,-0.00739424607713,0.573989295286,0.818848085344,0.00220202797988,0.0,0.818807113762,-0.573928569075,-0.0119018886503,0.0,-0.00848219527424,0.00863475909944,-0.999926743966,0.0,0.660066969181,0.258745322138,0.30346533153,1.0,-0.00824,-0.0108297142857,0.413
0.463763650678,0.537823773681,-0.124056658099,-1.37110600883,0.0787158408208,1.89967351414,0.157260934771,-0.00758620521947,-0.0437770319648,-0.0015423477556,-0.0673964385091,-0.00680930810059,0.028928536329,-0.0127428888102,0.574011403237,0.81883252931,0.0022236901051,0.0,0.818791825382,-0.573950572798,-0.0118925847904,0.0,-0.00846190999241,0.00864738505286,-0.999926806727,0.0,0.659931471166,0.258554368929,0.303472934515,1.0,-0.00858,-0.0112765714286,0.43
0.463646548211,0.537008956882,-0.124057756274,-1.37238143761,0.0786310355906,1.90013518349,0.157107490736,-0.00501217749337,-0.0405857571451,0.000427048116739,-0.0760338815403,-0.00590168621792,0.0250808751537,-0.00490066704754,0.574029927896,0.818819553438,0.00221983979426,0.0,0.818778846946,-0.573969159099,-0.0118891168279,0.0,-0.00846108465386,0.00864243313625,-0.999926856523,0.0,0.659784669516,0.258353360575,0.303481214461,1.0,-0.00892,-0.0117234285714,0.447
0.463538581701,0.536211096664,-0.124065593797,-1.3736399129,0.078564549958,1.90061285414,0.156955876354,-0.00790883948982,-0.050393915467,-0.000179022806413,-0.0755708997715,-0.00543392436696,0.0325230372815,-0.0152479573632,0.57405126219,0.818804551549,0.00223643514524,0.0,0.818764018374,-0.573990380875,-0.0118857805499,0.0,-0.00844860161392,0.00865432657574,-0.999926859206,0.0,0.659642430377,0.258160311386,0.303487094253,1.0,-0.00924,-0.012144,0.463
0.463443678363,0.535445408038,-0.124069476374,-1.37485284072,0.078500124872,1.90105126291,0.156807833148,-0.00597655775105,-0.0507260137352,-0.00252518936238,-0.0813341551159,-0.00644352056338,0.0309908826851,-0.00581643334364,0.574059841374,0.818798547481,0.00223250198665,0.0,0.818757873556,-0.57399888299,-0.0118984754224,0.0,-0.00846116365009,0.00865848219548,-0.999926717013,0.0,0.659497418706,0.257980846831,0.303488272535,1.0,-0.00954,-0.0125382857143,0.478
0.463304944629,0.534488722734,-0.124073397163,-1.37639200688,0.07841654371,1.90159382398,0.156634899562,-0.00664778836359,-0.0516501012398,9.06234326898e-05,-0.0870056067614,-0.00405373379555,0.0340425668764,-0.0088947795962,0.57409652946,0.818772905974,0.00220231822284,0.0,0.818731715082,-0.574035561543,-0.0119289439464,0.0,-0.0085030508325,0.00865163966636,-0.999926420922,0.0,0.659314482155,0.257740223302,0.303477808273,1.0,-0.0099,-0.0130114285714,0.496
0.463176644575,0.533523503241,-0.124077128782,-1.37796313322,0.0783225447457,1.90216499128,0.156440422246,-0.00743925678085,-0.0560976960199,0.00121975612185,-0.0838787412184,-0.00637696235144,0.0381061677612,-0.0103427314248,0.574105810276,0.818766481907,0.00217108587361,0.0,0.818724852898,-0.574044936713,-0.0119487565346,0.0,-0.00853710486383,0.00863753881399,-0.999926252663,0.0,0.659127469263,0.257503186553,0.303460414057,1.0,-0.01026,-0.0134845714286,0.514
0.463041488911,0.532581494455,-0.124084461117,-1.37946775117,0.0782443907322,1.90274370858,0.156248259999,-0.00203528922117,-0.0583813397631,-0.00261610559916,-0.0917568983612,-0.00128315556219,0.0371482912592,-0.0123660313774,0.57412580568,0.818752415803,0.0021880972723,0.0,0.818710940729,-0.574064791425,-0.0119481244203,0.0,-0.00852661029285,0.00865131229995,-0.999926223135,0.0,0.658958139681,0.25727020933,0.303458897878,1.0,-0.0106,-0.0139314285714,0.531
0.4629178596,0.53165703411,-0.124085417377,-1.38093039028,0.0781543103025,1.90328860502,0.156072662076,-0.0097546169703,-0.0622008724896,-0.00157302503671,-0.0913734862031,-0.0016093259211,0.0340134799273,-0.0109477785883,0.574139596629,0.818742735726,0.00219161575643,0.0,0.81870131193,-0.574078571785,-0.0119458010565,0.0,-0.00852254227946,0.00865300269216,-0.999926243189,0.0,0.658787227677,0.257049101823,0.303461622135,1.0,-0.01092,-0.014352,0.547
0.462774134711,0.530603738469,-0.124079782166,-1.38266723141,0.0780446120023,1.90389015147,0.155838882355,-0.00996807131432,-0.0621727664604,6.20718906504e-05,-0.101640606252,-0.00299285800566,0.0357796517825,-0.00995918644691,0.574126815276,0.818751886051,0.00212037056627,0.0,0.818709450685,-0.574066002362,-0.0119919636699,0.0,-0.0086013758208,0.00862104131401,-0.999925844241,0.0,0.658571335637,0.256788447077,0.303429123697,1.0,-0.01128,-0.0148251428571,0.565
0.462658389933,0.529760525302,-0.124078660047,-1.38400720183,0.0779744429639,1.90438495458,0.155656962271,-0.00898935971957,-0.0533864368733,0.000714677480388,-0.0942214834059,-0.0112716319434,0.0364380806983,-0.0174107429596,0.574125879466,0.818752531843,0.00212438928829,0.0,0.818710022279,-0.574064922958,-0.0120046053682,0.0,-0.00860942942408,0.00863157960087,-0.999925684018,0.0,0.658412549801,0.256587099364,0.303428216805,1.0,-0.01156,-0.0151931428571,0.579
0.462514951367,0.528698528086,-0.124083323638,-1.38568090218,0.0778575914887,1.90501435543,0.155426715678,-0.0102983305479,-0.0653302474505,-0.00145880276882,-0.0982553300883,-0.00279959194502,0.0393891750917,-0.0211742118565,0.574117504093,0.818758393368,0.00212877524204,0.0,0.818716093299,-0.574056683127,-0.0119845747396,0.0,-0.00859059890009,0.0086235827175,-0.999925914972,0.0,0.658218977658,0.256329035088,0.303434163635,1.0,-0.0119,-0.01564,0.596
0.462361427664,0.527438476267,-0.124089032889,-1.38761619951,0.0777350131902,1.90575411932,0.155160316474,-0.0082199675836,-0.0700839285139,-0.000397621207176,-0.103967814904,-0.0101035640415,0.0394774598103,-0.0133911598433,0.574100997857,0.818769836288,0.00217861078454,0.0,0.8187282732,-0.574040061589,-0.0119486088857,0.0,-0.00853271495348,0.0086435649453,-0.99992623806,0.0,0.657994007861,0.25604184997,0.30346434578,1.0,-0.01228,-0.0161394285714,0.615
0.462214932406,0.526343587755,-0.1240896849,-1.38930556379,0.077630230069,1.90639414109,0.154930450597,-0.0105574720714,-0.0644660273431,0.000201095498285,-0.108055532577,-0.00290971298756,0.0352918167722,-0.0111154362695,0.574096293125,0.818773036632,0.00221531177369,0.0,0.818731977363,-0.574035234314,-0.0119266890121,0.0,-0.00849374789729,0.00866098129079,-0.999926419118,0.0,0.657797901419,0.255785402823,0.303486223264,1.0,-0.0126,-0.01656,0.631
0.462051548159,0.525083424423,-0.124095043696,-1.39123245293,0.0775008893929,1.90709289194,0.154664213374,-0.00859810585513,-0.0677068014535,0.000194982906595,-0.102829827351,-0.0082695311165,0.0448086721043,-0.0107933262684,0.57408464709,0.818781147621,0.00223543667247,0.0,0.818740443542,-0.574023603865,-0.0119052600178,0.0,-0.00846477201826,0.00866503623737,-0.999926629699,0.0,0.657568305045,0.255489163911,0.303516222703,1.0,-0.01296,-0.0170331428571,0.649
0.461908247733,0.524060110011,-0.124101692725,-1.39289304839,0.077406093718,1.90767261518,0.154441308558,-0.0130159229128,-0.0715153675206,0.000322144730553,-0.110711982268,-0.00992977279193,0.0331485106573,-0.0131121495628,0.574087784609,0.818779075267,0.00218823400631,0.0,0.818737651733,-0.574026825083,-0.0119418851754,0.0,-0.00852182475326,0.00864744646634,-0.99992629737,0.0,0.657363960025,0.255231420615,0.303495905139,1.0,-0.01326,-0.0174274285714,0.664
0.461760903766,0.522923720817,-0.124110983058,-1.39471178805,0.0772908244716,1.9083656047,0.154192554023,-0.0123691450799,-0.0719699795808,-0.0015015882114,-0.115367756844,-0.0121177749537,0.051732614219,-0.0113948790186,0.574077990636,0.818785936345,0.00219043628309,0.0,0.818744625647,-0.5740171088,-0.0119307870445,0.0,-0.00851157661354,0.00864277658804,-0.999926425032,0.0,0.657150252879,0.254956574293,0.303489438126,1.0,-0.01358,-0.017848,0.68
0.461605158386,0.521689640104,-0.124108885902,-1.3966606401,0.0771721964389,1.90913445674,0.153932140467,-0.00679960809293,-0.0716272696719,0.00108509722968,-0.115631237025,-0.00404887577665,0.0448701946152,-0.0139830593436,0.574063455474,0.818796009648,0.00223395924236,0.0,0.818755296034,-0.574002430769,-0.011904687662,0.0,-0.00846537570312,0.00866327889137,-0.999926639816,0.0,0.656922758198,0.254673290004,0.303495594784,1.0,-0.01392,-0.0182948571429,0.697
0.461434919871,0.52043103728,-0.124120247804,-1.39869542461,0.077049719427,1.90988224563,0.153654395739,-0.011404482354,-0.0695729574798,-0.00193338578304,-0.118266371342,-0.00379228034623,0.0401024097467,-0.0148081432787,0.574059124131,0.818799121014,0.00220642936146,0.0,0.818758044204,-0.573998205914,-0.0119193775095,0.0,-0.00849325285433,0.00864912572444,-0.999926525941,0.0,0.65667769981,0.254360797288,0.30347635722,1.0,-0.01426,-0.0187417142857,0.714
0.461265801646,0.519106264712,-0.124123119732,-1.40076016799,0.076918232488,1.91062188762,0.153380283686,-0.00941719566329,-0.0786806730075,-0.000994674647822,-0.121217985841,-0.00640287632526,0.0479130335207,-0.00547098460809,0.574049411059,0.818805940172,0.00220293060763,0.0,0.818764816069,-0.573988506446,-0.0119212976067,0.0,-0.00849693603802,0.00864726243056,-0.999926510765,0.0,0.656423229492,0.254049370736,0.303487909152,1.0,-0.0146,-0.0191885714286,0.731
0.461082296265,0.517672788122,-0.124121679559,-1.40300365679,0.0767699965768,1.91141878592,0.153073677343,-0.0135334225145,-0.0768487444603,-0.000297321177019,-0.132437154284,-0.00644927224869,0.0445956881655,-0.0163530344539,0.574026347259,0.818822152816,0.00218668947792,0.0,0.818780827264,-0.573965521601,-0.0119282781437,0.0,-0.00851221790885,0.00863773165475,-0.999926463165,0.0,0.656143571047,0.253712480734,0.303495075815,1.0,-0.01496,-0.0196617142857,0.749
0.460891678208,0.516335753632,-0.124125578574,-1.40512068102,0.0766309037499,1.91221357516,0.152783307559,-0.0101947557735,-0.0816543331937,0.000819135284237,-0.122272766405,-0.00296947061058,0.0415303810737,-0.0216987817346,0.574021955204,0.818825219154,0.0021914200998,0.0,0.818784042891,-0.573961199958,-0.0119154920083,0.0,-0.00849907887854,0.00863422006431,-0.999926605258,0.0,0.655892600918,0.253382905077,0.30349435325,1.0,-0.0153,-0.0201085714286,0.766
0.460709402226,0.514966237485,-0.124131280274,-1.40731913574,0.076500984961,1.91303971391,0.15248410894,-0.0094671096454,-0.0805514937109,-1.87899409801e-05,-0.120953988386,-0.00988206553645,0.0447347092458,-0.0170637265208,0.574011401477,0.81883262671,0.00218799246935,0.0,0.818791370754,-0.573950625827,-0.0119212915972,0.0,-0.0085059066303,0.00863463289376,-0.999926543636,0.0,0.655626422859,0.25305215466,0.303480064911,1.0,-0.01564,-0.0205554285714,0.783
0.460512687843,0.513559810566,-0.124131260647,-1.40958394458,0.0763694951151,1.91382170148,0.152174872846,-0.00883917446064,-0.0839619282173,0.000198525166084,-0.132402143783,-0.0073730165896,0.0375491049578,-0.0256963501124,0.574002657263,0.818838915449,0.0021276519827,0.0,0.818796681645,-0.573941936661,-0.0119747388366,0.0,-0.00858439873854,0.00861581217646,-0.999926035204,0.0,0.655338196302,0.252704776501,0.303455625787,1.0,-0.01598,-0.0210022857143,0.8
0.460318208238,0.512148936376,-0.124133742636,-1.41186979898,0.0762265449439,1.91463358639,0.151852437619,-0.0134554718426,-0.0853929807826,0.000660925415887,-0.137424934858,-0.0146984905,0.0467661100844,-0.0113353147972,0.573980758681,0.818854410108,0.00207137930321,0.0,0.818811380572,-0.573920214489,-0.0120107180517,0.0,-0.00864638946103,0.00859015539369,-0.999925721831,0.0,0.655050778695,0.25235520875,0.303426511463,1.0,-0.01632,-0.0214491428571,0.817
0.460150148885,0.510875544785,-0.124132227058,-1.41389941323,0.0761047459451,1.91541029943,0.151568946011,-0.00613576568089,-0.0839495538063,0.000943812782669,-0.131497906293,-0.00671608833336,0.0528275479693,-0.012926371509,0.573958640401,0.818869870627,0.00208829815189,0.0,0.818827031282,-0.573897997363,-0.012005347401,0.0,-0.00863251334845,0.00860069343796,-0.999925751136,0.0,0.65480425859,0.252054892895,0.303419472172,1.0,-0.01662,-0.0218434285714,0.832
0.45994882997,0.509386880881,-0.124146404452,-1.41626353366,0.0759544671068,1.91630181353,0.151236304037,-0.0128960069934,-0.0854371457257,-0.00106560868994,-0.137633195944,-0.0130576518353,0.0530780246375,-0.0159593784827,0.573943982172,0.818880130536,0.00209381048468,0.0,0.81883745907,-0.573883413544,-0.011991254492,0.0,-0.00861796285792,0.00859696432963,-0.999925908715,0.0,0.654519172597,0.251690044023,0.303413926029,1.0,-0.01696,-0.0222902857143,0.849
0.459738841249,0.507887384853,-0.124146538845,-1.41863699704,0.0758047585935,1.91714554109,0.150897965323,-0.0133715354848,-0.0883674867644,4.40060790902e-06,-0.145096775814,-0.0100159143658,0.0500551540348,-0.0208618286656,0.573921606015,0.818895882838,0.00206642730353,0.0,0.818852793343,-0.573861094797,-0.0120122276364,0.0,-0.00865108808065,0.0085863420603,-0.999925713943,0.0,0.654220576168,0.251323757843,0.303406405995,1.0,-0.0173,-0.0227371428571,0.866
0.459521350032,0.506337322359,-0.1241502833,-1.42106403068,0.0756458587161,1.91803099481,0.150581940751,-0.0107379757762,-0.0942070433891,-0.000808553186031,-0.144285005246,-0.014061439255,0.0529982649316,-0.0126649515898,0.573928894957,0.818890750696,0.00207577920289,0.0,0.818847849964,-0.573868409739,-0.0119997422769,0.0,-0.00863542010975,0.00858691148668,-0.999925844486,0.0,0.653906007162,0.250918614326,0.303419475897,1.0,-0.01766,-0.0232102857143,0.884
0.459294821654,0.504709151067,-0.124162051591,-1.42352384812,0.0754929052515,1.91898954137,0.150233591687,-0.0164341865461,-0.105584118593,-0.00320111046189,-0.148691041954,-0.0103640479175,0.0580145478705,-0.0191421473745,0.573920635492,0.818896294961,0.00217005924458,0.0,0.818854718794,-0.573859856437,-0.0119399154171,0.0,-0.00853240688591,0.00862969324471,-0.999926360502,0.0,0.653633034083,0.250561041154,0.303462382179,1.0,-0.01798,-0.0236308571429,0.9
0.459055958825,0.50293742649,-0.124162042181,-1.4261525361,0.0753280958808,1.91998140557,0.149874099888,-0.0142160696686,-0.103101711233,0.00165337198332,-0.145160080866,-0.0086623226831,0.0509899494779,-0.0237226406646,0.573912391545,0.818901762886,0.00228396018817,0.0,0.81886170326,-0.573851190173,-0.0118772628354,0.0,-0.00841582023252,0.00868692309894,-0.999926852993,0.0,0.653314860643,0.250157069766,0.303534540561,1.0,-0.01834,-0.024104,0.918
0.458837137637,0.501338524511,-0.124162524881,-1.42853778243,0.0751671454393,1.92083489735,0.14953419964,-0.0147082353967,-0.102190403743,-9.37230473849e-06,-0.155088393364,-0.0175742736756,0.0595813683109,-0.0202185219215,0.573891744309,0.818916085956,0.00233599608876,0.0,0.818876760748,-0.573830401341,-0.0118434836861,0.0,-0.0083585146585,0.00870993811493,-0.999927133451,0.0,0.653016801914,0.249783955439,0.303589252796,1.0,-0.01866,-0.0245245714286,0.934
0.458610590025,0.499733107232,-0.12416002904,-1.43097360297,0.075020357784,1.92170133267,0.149185534232,-0.017395584676,-0.101141650969,0.00116496934773,-0.148724635358,-0.00584010710462,0.0568512333138,-0.0264960590946,0.573874364659,0.818928163283,0.0023714701748,0.0,0.818889176166,-0.573812757705,-0.0118398967225,0.0,-0.00833540551799,0.00873675267655,-0.999927092426,0.0,0.652708803392,0.24940485986,0.303624951785,1.0,-0.01898,-0.0249451428571,0.95
0.458341916719,0.497964639689,-0.124162868367,-1.43375150843,0.0748431672227,1.92275250867,0.148779027677,-0.0207589153521,-0.0997398826705,0.000419871801136,-0.159285501325,-0.0156171482976,0.0631184473499,-0.0219377453099,0.573857022983,0.818940228322,0.00240135588997,0.0,0.818901677577,-0.573795353643,-0.0118186928631,0.0,-0.00830107600109,0.00874888271183,-0.99992727195,0.0,0.652371634972,0.248964399334,0.30362718922,1.0,-0.01934,-0.0254182857143,0.968
0.458098262662,0.496397442613,-0.124165703274,-1.43626253691,0.0746856490841,1.92364254918,0.148405809208,-0.011082146764,-0.097535120507,-0.00123251798649,-0.160157682093,-0.00395079665401,0.0532527124396,-0.0177644055737,0.573837402127,0.818954114236,0.00235405970038,0.0,0.818914867665,-0.573775832762,-0.0118524325321,0.0,-0.00835605670087,0.0087293116474,-0.999926985052,0.0,0.652052937531,0.248561746614,0.303601586563,1.0,-0.01966,-0.0258388571429,0.984
0.457825290469,0.494706154954,-0.124165650537,-1.43901266193,0.0745203519052,1.92457894376,0.148014522999,-0.0150638583604,-0.0997254033743,-0.000208463545967,-0.165165011741,-0.00835276052112,0.0584395281302,-0.0245129352,0.573834293394,0.818956574003,0.0022540015211,0.0,0.818915791089,-0.573772878698,-0.0119313736803,0.0,-0.00847815520179,0.00869263618402,-0.999926276763,0.0,0.651694693778,0.248117046826,0.303552036238,1.0,-0.01998,-0.0262594285714,1.001
0.457565823529,0.493025814915,-0.124203898694,-1.44167060555,0.0743570440749,1.92554474163,0.147651897706,-0.0167068924884,-0.132540244718,-0.0015394375648,-0.195318371179,-0.0228828392179,0.0679200430472,-0.03452048236,0.573866830899,0.818933825085,0.00223549246774,0.0,0.818892885326,-0.573805573108,-0.011931200058,0.0,-0.00848828869057,0.00867771591605,-0.999926320386,0.0,0.651368276534,0.247671821095,0.303541734878,1.0,-0.0271885714286,-0.0357335510204,1.016
0.457244108996,0.490478950111,-0.124254161868,-1.44565832036,0.0741399369872,1.92705014468,0.147054883727,-0.0241167092858,-0.160209386149,-0.00256404934179,-0.256986841333,-0.0159481857494,0.0932580065896,-0.0362922006358,0.573819353865,0.81896693166,0.00229366077376,0.0,0.81892667942,-0.573757796531,-0.0119093054495,0.0,-0.00843748403837,0.00871229769792,-0.999926449661,0.0,0.650868435539,0.247060687658,0.303547707834,1.0,-0.0353582857143,-0.0464708897959,1.033
0.456724443266,0.487048488225,-0.124282132608,-1.45114499376,0.0738273309349,1.92907044983,0.146254477664,-0.0325372279347,-0.211108003778,0.000613950212403,-0.329711089741,-0.0202295441162,0.118765957328,-0.0434140515868,0.573798637557,0.818981512493,0.0022699412692,0.0,0.818940686213,-0.573736905277,-0.0119525264748,0.0,-0.00848671252699,0.00871745850535,-0.999925988075,0.0,0.650174581296,0.246187775626,0.303496705309,1.0,-0.0440085714286,-0.0578398367347,1.051
0.456119243788,0.483043084563,-0.12438729354,-1.45736571559,0.07344571787,1.93135891694,0.145284398715,-0.0374672898724,-0.247861659387,-0.00972167142984,-0.394105838151,-0.0178862491969,0.139642559903,-0.0609390972826,0.573779509959,0.818994793723,0.00231272721008,0.0,0.818954803461,-0.573717896061,-0.0118975849694,0.0,-0.0084173692191,0.0087207774332,-0.99992654527,0.0,0.649405931618,0.245142312327,0.303517787072,1.0,-0.0521782857143,-0.0685771755102,1.068
0.455376959338,0.478354404417,-0.124500311001,-1.46476900039,0.0730174263034,1.9339236925,0.144186829795,-0.0467922405809,-0.285952860791,-0.0073488896799,-0.451148907736,-0.0277204591577,0.156237696552,-0.0642700422342,0.573816027671,0.818969558234,0.00218540059864,0.0,0.818927665899,-0.573754676517,-0.0119915012581,0.0,-0.00856695561484,0.00867076756819,-0.999925709771,0.0,0.648449673377,0.243884615123,0.303469980267,1.0,-0.060348,-0.0793145142857,1.085
0.454508182753,0.472965242007,-0.124592375915,-1.47309765829,0.0725150528606,1.93694592941,0.142990505008,-0.0583021674246,-0.325460464451,-0.000475316356732,-0.512379824819,-0.0319292450689,0.182318030492,-0.0680654240809,0.573880681544,0.81892410116,0.00224205058154,0.0,0.818882899841,-0.573819040578,-0.011968789424,0.0,-0.00851516275066,0.00870480150809,-0.999925856468,0.0,0.647326885436,0.242386739181,0.303494567501,1.0,-0.0689982857143,-0.0906834612245,1.103
0.453512393922,0.466885774196,-0.124650031133,-1.4822765792,0.0719524371561,1.94039249294,0.141511337259,-0.0644616765288,-0.37428768375,-0.00278794531426,-0.556048564939,-0.0346450628259,0.217805692981,-0.0972684461037,0.573812674464,0.818970875682,0.00254289404575,0.0,0.818933685751,-0.573749964908,-0.0118043640991,0.0,-0.00820860307467,0.0088561258353,-0.999927091278,0.0,0.646243736568,0.240936671775,0.303629309834,1.0,-0.0766874285714,-0.100789191837,1.119
0.452368660068,0.460230052632,-0.124698645629,-1.49262607249,0.0712849376617,1.9439849186,0.13992462079,-0.0706811148635,-0.405578738911,-0.00225162513463,-0.640532351354,-0.0480583408472,0.22033467547,-0.0934934078364,0.573788446027,0.818988131874,0.00245070515901,0.0,0.818949458315,-0.573725786936,-0.0118849918352,0.0,-0.00832779485041,0.00882664459889,-0.999926366378,0.0,0.644867477687,0.239171914405,0.303602700777,1.0,-0.0848571428571,-0.111526530612,1.136
0.451320311356,0.45426486731,-0.124796352602,-1.50191740783,0.0706682749645,1.94710845467,0.138501897858,-0.0777950864188,-0.435215909037,-0.00985970151132,-0.666469651775,-0.0492225154926,0.236874325064,-0.107840685476,0.573812851307,0.818971585296,0.0022585512604,0.0,0.818930314978,-0.573750860607,-0.0119931673744,0.0,-0.00852638172718,0.00873159777268,-0.999925527234,0.0,0.643612879761,0.237535142424,0.303555824976,1.0,-0.0915851428571,-0.120369044898,1.15
0.449950115869,0.446281360608,-0.124904548974,-1.51370438495,0.0698681231265,1.95154191866,0.136654534706,-0.0811755208517,-0.47334559103,-0.00866591996428,-0.723950472676,-0.0448499053205,0.263701055732,-0.104482117321,0.573818103451,0.818966402441,0.00275004108951,0.0,0.818932373844,-0.573755170324,-0.0116412412773,0.0,-0.00795608837449,0.00893222464219,-0.999928455451,0.0,0.642111636394,0.235478552838,0.303807858886,1.0,-0.0997548571428,-0.131106383673,1.167
0.448315174577,0.437390186539,-0.124935151665,-1.52740182598,0.0689634920372,1.95621562142,0.134468258268,-0.0977322996229,-0.503511127029,-0.00288884291516,-0.766834210748,-0.05114480366,0.261941205245,-0.12860677412,0.573749077769,0.819015123807,0.00264000673524,0.0,0.818979075486,-0.573685886474,-0.0117696422189,0.0,-0.00812513680891,0.00891510328741,-0.999927248896,0.0,0.640217567756,0.233091710926,0.303775158284,1.0,-0.108405142857,-0.142475330612,1.185
0.446631807857,0.428289297252,-0.125006191082,-1.54103815371,0.0680308991597,1.96110918412,0.132246830028,-0.103393208231,-0.534044310153,-0.00384648855068,-0.821637188271,-0.0596901959902,0.289203505849,-0.134096781627,0.573696080221,0.819051309169,0.00291674272399,0.0,0.819019119873,-0.573632235865,-0.0115968167974,0.0,-0.00782540099311,0.00904209048667,-0.999928499293,0.0,0.638376929717,0.230675975143,0.303914309087,1.0,-0.116574857143,-0.153212669388,1.202
0.444858826037,0.419315972317,-0.125065682565,-1.55476169463,0.0670521600021,1.96573220245,0.12996861706,-0.114390447218,-0.563384433484,-0.0011066756615,-0.880102226679,-0.0547707731953,0.289071105218,-0.135445925009,0.573634943064,0.819094612814,0.00277745502936,0.0,0.819060518496,-0.573571465302,-0.0116785329996,0.0,-0.00797290801771,0.00897429115164,-0.999927944822,0.0,0.636442630253,0.228181447763,0.303882389928,1.0,-0.124264,-0.1633184,1.218
0.44258495069,0.407974001492,-0.125185507202,-1.57184111187,0.0658579610929,1.97172151965,0.127143392149,-0.126118520643,-0.594412595984,-0.00611190779985,-0.931441639942,-0.0561310281805,0.313375013962,-0.156776874588,0.573644916409,0.819087018673,0.00295171485372,0.0,0.819055417678,-0.57358112117,-0.0115614493537,0.0,-0.0077769348976,0.00904995893021,-0.999928806229,0.0,0.634063745279,0.225038628815,0.303953926451,1.0,-0.133394857143,-0.175318955102,1.237
0.440716013805,0.399124647911,-0.125269491361,-1.58513725125,0.0649625059356,1.9761768182,0.124904096984,-0.138416615362,-0.651869464383,-0.00966170780592,-0.956371905349,-0.066487040125,0.330833435185,-0.163694665329,0.573688333576,0.81905655902,0.0029657960963,0.0,0.819024613269,-0.573623873062,-0.0116224788325,0.0,-0.00781836660411,0.00909691565805,-0.999928057047,0.0,0.632152437341,0.222536685801,0.303982694138,1.0,-0.140122857143,-0.184161469388,1.251
0.438295350248,0.38803370093,-0.125398055218,-1.60184690505,0.06371028396,1.98190301609,0.122041024104,-0.142944431903,-0.665782303836,-0.00638427586663,-1.00518038761,-0.0828327273078,0.339430586839,-0.170841637173,0.573719060455,0.819034956234,0.0029878150564,0.0,0.819003811786,-0.573655126654,-0.0115455118962,0.0,-0.00774235147025,0.00907108680418,-0.99992888316,0.0,0.629756049508,0.219333935959,0.303982744487,1.0,-0.148292571429,-0.194898808163,1.268
0.43554287331,0.37564036602,-0.125525012938,-1.6203058469,0.0623316540896,1.98801470484,0.118708204233,-0.156669986032,-0.700841477065,-0.00862255276081,-1.04758796002,-0.0731582280846,0.33920855038,-0.186798967702,0.573640748752,0.819089834248,0.00298021883587,0.0,0.819058640654,-0.573576907006,-0.0115421757257,0.0,-0.00774484321216,0.0090622107897,-0.999928944345,0.0,0.627023409757,0.215762215819,0.304021497095,1.0,-0.156942857143,-0.206267755102,1.286
0.432647188245,0.363494384073,-0.125690034766,-1.63832736154,0.0609664758954,1.99400414203,0.115515297359,-0.171165316452,-0.739042219734,-0.0169758831131,-1.06341719264,-0.0841912801676,0.369653230715,-0.196616609772,0.573783708063,0.818989554327,0.00301880198192,0.0,0.818959139647,-0.573720054853,-0.0114879566958,0.0,-0.00767671709633,0.00906405237594,-0.999929452996,0.0,0.624354490258,0.212138231934,0.304055462865,1.0,-0.165112571429,-0.217005093878,1.303
0.429356419902,0.350159097375,-0.125846957307,-1.65824336958,0.0594495549153,2.00042266507,0.111821135162,-0.185611490518,-0.760429195798,-0.00805045588783,-1.12438394309,-0.0729388131805,0.349148442277,-0.20759688023,0.573826993188,0.818959868767,0.00283939065635,0.0,0.818926860666,-0.573763600095,-0.0116135690854,0.0,-0.0078820597631,0.00898960578262,-0.999928527507,0.0,0.621305688734,0.208101533936,0.303974417862,1.0,-0.173762857143,-0.228374040816,1.321
0.426623743789,0.339276153295,-0.125967742788,-1.67392868161,0.058260981244,2.00560387299,0.108841642664,-0.194033382822,-0.77044552452,-0.00190779636822,-1.13901703749,-0.0913721367077,0.367805851625,-0.214813665645,0.573896457998,0.818910110073,0.00313592393805,0.0,0.818881007077,-0.573832189391,-0.0114569441302,0.0,-0.00758285927319,0.00914322424372,-0.999929448359,0.0,0.618916071032,0.204868202905,0.304136326398,1.0,-0.180490857143,-0.237216555102,1.335
0.423170970287,0.325840167331,-0.126060061404,-1.69363235071,0.056638938823,2.01192156022,0.104981750751,-0.205452973703,-0.803382054096,-0.00218155831375,-1.16729342814,-0.106921807878,0.382391247306,-0.233077231927,0.573783994771,0.818989037891,0.00310323391673,0.0,0.818959782475,-0.573720164117,-0.0114365587185,0.0,-0.00758617440699,0.00910371339603,-0.999929783715,0.0,0.615801667581,0.20082155758,0.304126688165,1.0,-0.188660571429,-0.247953893878,1.352
0.419018089274,0.310264000308,-0.126124542069,-1.71627970656,0.0547959856548,2.01902697637,0.100465542794,-0.231691237782,-0.820837017023,-0.0048399927761,-1.19389500108,-0.0996246195996,0.393469798104,-0.239819735421,0.573673722775,0.819066337529,0.00308891961859,0.0,0.819036560814,-0.573609547452,-0.0114867759792,0.0,-0.00763674477775,0.00911977522363,-0.999929252412,0.0,0.61213176207,0.196114182957,0.304128422836,1.0,-0.197791428571,-0.25995444898,1.371
0.415264369217,0.296766287969,-0.12624354493,-1.73594268955,0.0530962849118,2.02504659474,0.0964450835216,-0.235788515136,-0.847154424487,-0.00600017927183,-1.23693784787,-0.101043640241,0.363446435748,-0.248432245079,0.573594761866,0.819122384846,0.00288352293554,0.0,0.819090116681,-0.57353144498,-0.0115675959201,0.0,-0.0078216362719,0.00899715078792,-0.999928934117,0.0,0.608880918603,0.191910401656,0.304050297349,1.0,-0.205480571429,-0.270060179592,1.387
0.410704156051,0.280988814557,-0.126415625726,-1.75833547588,0.0512745419735,2.03192389339,0.0917354257312,-0.257612269304,-0.868708496248,-0.011531638213,-1.27411483783,-0.110827977117,0.378115061663,-0.274597638543,0.573660336899,0.819075723359,0.00308612601422,0.0,0.819045642254,-0.573595852001,-0.0115230800153,0.0,-0.00766823365559,0.0091381879655,-0.999928843325,0.0,0.605160589688,0.186992389146,0.304161307732,1.0,-0.214130857143,-0.281429126531,1.405
