position_joint1,position_joint2,position_joint3,position_joint4,position_joint5,position_joint6,position_joint7,velocity_joint1,velocity_joint2,velocity_joint3,velocity_joint4,velocity_joint5,velocity_joint6,velocity_joint7,ee_T_00,ee_T_10,ee_T_20,ee_T_30,ee_T_01,ee_T_11,ee_T_21,ee_T_31,ee_T_02,ee_T_12,ee_T_22,ee_T_32,ee_T_03,ee_T_13,ee_T_23,ee_T_33,v_x,v_y,time
0.465087533479,0.547619056295,-0.123993806411,-1.35574284246,0.079453794116,1.89408880006,0.15916293024,0.00115161593801,0.000781614629703,-0.00137297587777,0.00102520776966,0.000396129891591,0.000952689082421,-0.00143090441524,0.573783622893,0.818992421449,0.00212476105091,0.0,0.818952074282,-0.573724877673,-0.0117478368134,0.0,-0.00840252281921,0.00848095712268,-0.999928732949,0.0,0.661699912029,0.260901169622,0.303371217042,1.0,0.0,0.0,0.0
0.465087533478,0.547618894877,-0.123993132891,-1.35574813217,0.0794524702241,1.89409121405,0.159168468216,0.00125476896046,0.000216101369256,-0.000359346942064,-0.00119850358612,-0.000247355691113,0.000106594141037,-0.000157700531112,0.573787642577,0.818989612739,0.00212187461531,0.0,0.818949234709,-0.573728914681,-0.0117486309845,0.0,-0.00840478773826,0.0084790901172,-0.999928729747,0.0,0.661699104703,0.260900882591,0.303368998517,1.0,-0.00014,-0.000184,0.008
0.465081508849,0.547613483624,-0.123991100515,-1.35574868547,0.0794530819841,1.89409068853,0.159173973515,-0.000831887878651,-0.00150054584178,-0.000661311564908,6.94422187355e-06,-6.40355359638e-05,-0.000189560464092,0.00176176228445,0.57379584358,0.818983854942,0.00212653134573,0.0,0.81894352149,-0.573737080685,-0.0117480959103,0.0,-0.00840159274724,0.00848268099002,-0.999928726141,0.0,0.66170008698,0.260898141779,0.303372456813,1.0,-0.00044,-0.000578285714286,0.023
0.465081918087,0.547603154858,-0.123988553722,-1.35575559358,0.0794532792676,1.89408999398,0.159167650514,-0.000151270173121,-0.00331421607378,0.000587743927501,0.000285585303017,0.000341617683965,0.00084578468029,-0.00238898999834,0.573788956604,0.818988670553,0.00213018480157,0.0,0.818948361676,-0.57373015737,-0.0117488013457,0.0,-0.0084001456621,0.00848600720074,-0.999928710076,0.0,0.661697935087,0.260899187177,0.303376341395,1.0,-0.00072,-0.000946285714286,0.037
0.465084254863,0.547524318114,-0.123984489506,-1.35582511422,0.0794491539425,1.89409939608,0.159170160995,0.00029958972006,-0.00516856893373,0.00104727414833,-0.00553845416479,-0.000209143623357,0.000772991362039,0.000533168702026,0.57378888425,0.818988672998,0.00214865360896,0.0,0.818948563169,-0.573729972724,-0.011743772054,0.0,-0.00838543075958,0.00849824626715,-0.999928729641,0.0,0.661684645315,0.260895840416,0.303399773566,1.0,-0.00108,-0.00141942857143,0.055
0.465086415801,0.547384524436,-0.123986757427,-1.3559856252,0.0794503183756,1.89413096824,0.159166788002,0.000169017496067,-0.0106426875393,-0.0010724074364,-0.00999290314161,7.44985813532e-05,0.00193339826404,-0.000143947730233,0.573794975776,0.818984361493,0.00216524950209,0.0,0.818944347072,-0.573735877939,-0.0117492835622,0.0,-0.00838035952006,0.00851506265805,-0.999928629094,0.0,0.661657728434,0.260881073194,0.303425219384,1.0,-0.00142,-0.00186628571429,0.072
0.465069552131,0.547249515732,-0.123986408944,-1.35617218292,0.0794468647594,1.89418805043,0.159161640027,-0.000745681545345,-0.0127935933414,0.0011279152199,-0.00736863709741,0.000471685553781,0.00811042471811,-0.00122857168008,0.573813749404,0.818971182261,0.00217497641938,0.0,0.818931208782,-0.573754525119,-0.0117544497653,0.0,-0.00837881437664,0.00852618511571,-0.999928547266,0.0,0.661634418727,0.260853061844,0.303436994744,1.0,-0.00174,-0.00228685714286,0.088
0.465049959852,0.547067973273,-0.123989151918,-1.35638390867,0.0794398354442,1.89430909981,0.159146446912,-0.00101485049142,-0.0104500558283,0.000675078046999,-0.0110429605489,0.000406898299805,0.0106313357681,-0.0014805787847,0.573829460551,0.818959959907,0.00225414599955,0.0,0.818921034384,-0.57376995487,-0.0117100483572,0.0,-0.00829685922495,0.00856570322179,-0.9999288929,0.0,0.661620945649,0.260822858319,0.303475402367,1.0,-0.00208,-0.00273371428571,0.105
0.465032538602,0.546852466668,-0.123988533144,-1.35663648891,0.0794362420455,1.8944513671,0.159134508707,-0.000288990718484,-0.0130803718072,-0.000170015113644,-0.0165636691152,-0.000135405908124,0.00974869074397,-0.000375897540336,0.573846922424,0.818947456553,0.00234945337744,0.0,0.818909728477,-0.57378702247,-0.0116643196028,0.0,-0.00820453697601,0.00861769005085,-0.99992920799,0.0,0.661601690602,0.260793631425,0.303520152248,1.0,-0.00244,-0.00320685714286,0.123
0.464997476929,0.546644725826,-0.123988868641,-1.35692329136,0.0794316411093,1.89456685017,0.159113266482,-0.00335647764836,-0.0138118785895,0.00111292815017,-0.0203318758214,-0.000407317902637,0.00343432558869,-0.00569245658638,0.573873318752,0.81892885002,0.00238736905759,0.0,0.818891518931,-0.573813178499,-0.0116560415873,0.0,-0.00817572231367,0.00864425397171,-0.999929214714,0.0,0.661573899341,0.260746024234,0.303540801765,1.0,-0.00276,-0.00362742857143,0.139
0.464963368378,0.54638188295,-0.123991749099,-1.35731355294,0.0794181497591,1.89470504519,0.159048607686,-0.00427931379773,-0.0156880489178,-0.00135102621917,-0.0211193660775,-0.000419289514949,0.00754327889848,-0.00759807948555,0.573868506974,0.818932179174,0.00240198220644,0.0,0.818894953678,-0.57380822584,-0.0116585462679,0.0,-0.00816943883982,0.00865761033376,-0.999929150516,0.0,0.661529171625,0.260686115847,0.303553255365,1.0,-0.0031,-0.00407428571429,0.156
0.46492926677,0.546097710066,-0.123989480196,-1.35774869242,0.0794013685268,1.89486366405,0.158928803502,-0.00321108169267,-0.0170915086247,-0.000314660461949,-0.0256109084249,0.000140440964665,0.00965436808563,-0.00582796851416,0.573816599226,0.818968512701,0.00241506901089,0.0,0.818931352523,-0.57375616662,-0.011663962531,0.0,-0.00816691454684,0.00867091798663,-0.999929055827,0.0,0.661477754262,0.260625000749,0.303561033476,1.0,-0.00344,-0.00452114285714,0.173
0.464880551518,0.545823029141,-0.123984216802,-1.35822286436,0.0793760255367,1.89502198092,0.158919413609,-0.00461550180239,-0.0194777330633,-0.00018304669858,-0.0291682199901,-0.000279312698797,0.0118668382253,-5.51314575421e-05,0.573864858519,0.818934793745,0.00238215293562,0.0,0.818897129388,-0.573804457704,-0.0116911377211,0.0,-0.0082075475056,0.00866003802755,-0.999928817419,0.0,0.661420632765,0.260549784979,0.303543350903,1.0,-0.00376,-0.00494171428571,0.189
0.464824558697,0.545493283085,-0.123990071087,-1.35880293099,0.0792749134872,1.8952144287,0.158847078534,-0.0019884512461,-0.0184298439981,-0.000327665907879,-0.035524356537,-0.0109912206812,0.0135959565201,-0.0065038731496,0.57386107423,0.81893769624,0.00229435440287,0.0,0.818899461555,-0.573801591116,-0.0116684531506,0.0,-0.00823939056866,0.00857508174162,-0.999929287708,0.0,0.661356099418,0.260441519723,0.303517422841,1.0,-0.0041,-0.00538857142857,0.206
0.464773128419,0.545159272676,-0.123994570562,-1.35937084167,0.0792522475068,1.89540122841,0.158736239343,7.81213809502e-06,-0.0256405136668,-0.00112482856502,-0.0396959496287,-0.000723535979136,0.00652963427518,-0.00890110485915,0.573841165607,0.8189517426,0.00225983367089,0.0,0.818912941382,-0.573781689416,-0.0117010353452,0.0,-0.00828609163767,0.00856530770849,-0.999928985573,0.0,0.661287388907,0.260350881768,0.303499886787,1.0,-0.0044,-0.00578285714286,0.221
0.464704524214,0.544750343865,-0.123989934079,-1.36006030779,0.0792394464046,1.89563329603,0.158693451542,-0.00268315059041,-0.0257727302562,0.000272440116165,-0.0406582244295,-0.000209974596692,0.0159730155358,-0.00296623085407,0.573894048635,0.818914753601,0.00223476579413,0.0,0.818875317645,-0.573834341528,-0.0117520013865,0.0,-0.00834166256462,0.00857456329168,-0.999928444205,0.0,0.661203503325,0.260245407026,0.303481144317,1.0,-0.00474,-0.00622971428571,0.238
0.464628227379,0.544272100541,-0.123999090943,-1.36087374384,0.0792064624201,1.89591003336,0.158571758381,-0.00378844988834,-0.0247216079815,-0.000545355989341,-0.0429514918936,-0.00324801195585,0.011616872671,-0.00914872050017,0.573899797958,0.818910842068,0.00219124361657,0.0,0.818870699969,-0.573840113341,-0.0117918596534,0.0,-0.00839921994404,0.00856185590899,-0.999928071277,0.0,0.661108049674,0.260112821017,0.303456710143,1.0,-0.00512,-0.00672914285714,0.257
0.464564357161,0.543780328387,-0.124004416165,-1.36167064075,0.0791673091841,1.89619741475,0.158461949063,-0.00533076154478,-0.0317777965719,-1.81737372405e-05,-0.0497907510677,-0.00141013410237,0.0156627196705,-0.00224670265895,0.573899883152,0.818910814317,0.00217926905815,0.0,0.818870444279,-0.573840171523,-0.0118067749025,0.0,-0.00841830559818,0.00856061057706,-0.999927921441,0.0,0.661015002404,0.259992543419,0.303450456559,1.0,-0.00546,-0.007176,0.274
0.464483811905,0.543293478912,-0.124000233264,-1.36245637498,0.0791139893568,1.8964682742,0.1583759921,-0.00626855149745,-0.0276249185721,-0.000254769318413,-0.0505407730113,-0.00954611859383,0.0172580377817,-0.00453657308728,0.573921966973,0.818895406789,0.00215301361457,0.0,0.818854694316,-0.57386235444,-0.0118209413402,0.0,-0.00844474369286,0.00854746777588,-0.999927810944,0.0,0.660923932488,0.259864604413,0.303444204871,1.0,-0.00578,-0.00759657142857,0.29
0.464427555344,0.542820220754,-0.124008440749,-1.36323086593,0.0790755237608,1.89674166911,0.158267752589,-0.000600493871461,-0.0330452152085,0.000132042811303,-0.0498205786022,-0.00422443899302,0.0201249097096,-0.00684184695847,0.573911981958,0.818902452377,0.00213479663586,0.0,0.818861448914,-0.57385238797,-0.0118368578711,0.0,-0.00846833683351,0.00854158167926,-0.99992766171,0.0,0.66082614206,0.259742500909,0.303436065093,1.0,-0.0061,-0.00801714285714,0.306
0.46435240943,0.542229409537,-0.12400866677,-1.36413814497,0.0790183679896,1.89707041884,0.158146812132,-0.00320444050078,-0.0325921933461,-8.02577787138e-05,-0.0535982579907,-0.000957421659404,0.0163759191813,-0.00853202677831,0.573912555822,0.818902041776,0.00213802387798,0.0,0.818861060668,-0.573852929173,-0.011837478756,0.0,-0.00846698727351,0.00854458669758,-0.999927647465,0.0,0.660719543404,0.25960640602,0.303445266375,1.0,-0.00644,-0.008464,0.323
0.464275976487,0.54161558954,-0.124012018621,-1.36508720858,0.0789656005694,1.8974230092,0.158035293477,-0.00842938618984,-0.0384565490809,0.000476494443691,-0.0556176632248,-0.00513756445385,0.0177967893295,-0.00730032675409,0.573927970541,0.818891188981,0.00215688254716,0.0,0.818850441543,-0.573868255692,-0.0118290488166,0.0,-0.00844910009622,0.00855535092385,-0.999927706726,0.0,0.660617185323,0.259470966276,0.303461741106,1.0,-0.00676,-0.00888457142857,0.339
0.464195394378,0.540968557236,-0.124006327849,-1.36609481637,0.0789104695944,1.89779665024,0.157894376339,-0.00412677295569,-0.0441238453202,0.00149604317549,-0.0626447813415,-0.00570495080194,0.0201023886783,-0.00913026056294,0.573915753047,0.818899710893,0.00217228101331,0.0,0.818859075028,-0.573855889104,-0.0118313433801,0.0,-0.00844226996104,0.00856915134953,-0.999927646244,0.0,0.660498913137,0.259326358617,0.303471762886,1.0,-0.0071,-0.00933142857143,0.356
0.464089590266,0.540188038299,-0.1240073041,-1.36727624863,0.0788379318817,1.89823631451,0.157730135724,-0.0035346569728,-0.0427471036938,0.00118282873351,-0.0613043841121,-0.00170486534739,0.0221904124421,-0.00947076405962,0.573914631996,0.818900410175,0.00220460796358,0.0,0.818860204137,-0.57385465111,-0.0118132291346,0.0,-0.00840889554732,0.00858521607056,-0.999927789663,0.0,0.660366028738,0.259144023535,0.303499215963,1.0,-0.00748,-0.00983085714286,0.375
0.464001072768,0.539500622233,-0.124017555689,-1.36834236509,0.0787764588994,1.89864244752,0.157616014913,-0.00415542485909,-0.0463752617937,0.00395697368728,-0.0666554434003,-0.00530574843019,0.0264010898505,-0.00132938044387,0.573943493031,0.818880124679,0.00222600869376,0.0,0.818840229586,-0.573883458917,-0.0117983428458,0.0,-0.00838412031209,0.00859449304536,-0.99992791801,0.0,0.660247451126,0.258979713576,0.303513051721,1.0,-0.0078,-0.0102514285714,0.391
0.463882968126,0.538756143821,-0.124015817181,-1.36951929296,0.0787073757278,1.89909048287,0.157461795559,-0.00545670694829,-0.0430283570164,0.00089366217347,-0.0714213463027,-0.00428374059666,0.0314770639225,-0.0103666040636,0.573959368118,0.818868960761,0.00223958781862,0.0,0.818829221071,-0.573899257919,-0.0117938704987,0.0,-0.00837249788798,0.00860320804654,-0.999927940449,0.0,0.660118230986,0.25879204212,0.303517585492,1.0,-0.00814,-0.0106982857143,0.408
0.463793632014,0.538072054417,-0.124028888167,-1.370571801,0.0786510590276,1.89949053354,0.157332209416,-0.00758428671233,-0.0437777979958,-0.000728826256142,-0.0677348288037,-0.00259376308962,0.0266167575237,-0.00803772776115,0.573978672163,0.81885535527,0.00226670426573,0.0,0.818815973386,-0.57391846098,-0.0117791670237,0.0,-0.00834469123548,0.00861717021442,-0.999928052665,0.0,0.660001652021,0.258627567146,0.303534900455,1.0,-0.00844,-0.0110925714286,0.423
0.463675651925,0.537267446898,-0.124030794184,-1.37183125944,0.0785713092099,1.8999606788,0.157176904846,-0.00458415348848,-0.0493834383482,-1.91878794642e-05,-0.069507456694,-0.00160458327585,0.0346918240996,-0.0101603699919,0.573997544158,0.81884209952,0.00227645678141,0.0,0.818802879334,-0.573937329574,-0.0117700219624,0.0,-0.00833140637444,0.00862009903201,-0.999928138198,0.0,0.659860221842,0.25842866371,0.303544389254,1.0,-0.00878,-0.0115394285714,0.44
0.463548610065,0.536348700774,-0.124042547962,-1.37327978842,0.0784978582222,1.90052056331,0.157000720918,-0.00733090840562,-0.047686093807,-9.76313641415e-05,-0.0849078483393,-0.00271354331384,0.0335943920458,-0.0103548696957,0.574025812489,0.818822202976,0.00230508360311,0.0,0.818783305576,-0.573965434808,-0.0117611672822,0.0,-0.00830742653479,0.00863874389978,-0.999928176805,0.0,0.659699802546,0.258204234354,0.303552444479,1.0,-0.00916,-0.0120388571429,0.459
0.463441595214,0.535537098772,-0.124045831835,-1.37455882429,0.0784092680916,1.9009834959,0.156840280457,-0.00508895157002,-0.0515865847191,-6.80683647199e-05,-0.0840229624665,-0.00536429251048,0.0308908762367,-0.00666722683302,0.574030833922,0.818818714029,0.00229394047959,0.0,0.818779757841,-0.573970587076,-0.0117567096994,0.0,-0.00831011954904,0.00862711200195,-0.999928254852,0.0,0.659549938525,0.258007655054,0.303556644322,1.0,-0.00948,-0.0124594285714,0.475
0.463322295685,0.53463159788,-0.124051339535,-1.37599365885,0.0783328617794,1.90149989965,0.156659208862,-0.00419568915319,-0.049850883526,-0.000176585710435,-0.0865330135745,-0.0071038048188,0.0303624117661,-0.0137770621231,0.574042303003,0.818810692945,0.00228700307061,0.0,0.818771545332,-0.573981975973,-0.0117726255884,0.0,-0.00832701349507,0.00863068431086,-0.999928083481,0.0,0.659379716313,0.257790027793,0.303557530541,1.0,-0.00982,-0.0129062857143,0.492
0.463189698515,0.53366760224,-0.124058415111,-1.37756318023,0.0782476779818,1.90207005834,0.156469842926,-0.00523497057017,-0.0546390187672,-0.000178139848351,-0.0883762492095,-0.00418992265265,0.0351632784981,-0.00897461343678,0.574062494048,0.818796608568,0.00226133281209,0.0,0.818757025909,-0.574002157918,-0.0117983952943,0.0,-0.00836263714625,0.00862466440772,-0.999927838128,0.0,0.659183159137,0.257540524038,0.303540197338,1.0,-0.0102,-0.0134057142857,0.511
0.463084499919,0.532859811462,-0.124053162938,-1.37886362939,0.0781719886433,1.90257168602,0.156307362715,-0.0090683852822,-0.0584436220238,0.000169216117142,-0.0872216923102,-0.00866450536461,0.0369882621845,-0.00927948735623,0.574064299655,0.818795325172,0.0022676505521,0.0,0.818755796081,-0.57400390951,-0.0117985232789,0.0,-0.00835909636087,0.00862992918894,-0.99992782231,0.0,0.659043017058,0.257361480241,0.30353405326,1.0,-0.01048,-0.0137737142857,0.525
0.462952426515,0.531886677425,-0.124052795983,-1.38041890168,0.0780801637692,1.90314854225,0.156111651307,-0.00794287726596,-0.0583485439705,0.000403196787265,-0.0884343970504,-0.00627641385388,0.0347454721765,-0.0062144928726,0.574072209492,0.818789791663,0.00226324065417,0.0,0.818750163876,-0.574011792673,-0.0118058429297,0.0,-0.00836753794867,0.00863060115786,-0.999927745906,0.0,0.658860280801,0.257127106802,0.303529787113,1.0,-0.01082,-0.0142205714286,0.542
0.46282303941,0.530820494674,-0.12405388201,-1.38212221151,0.0779825111283,1.90375518952,0.155886985587,-0.00696142042087,-0.0619370713339,-8.33199364133e-05,-0.0933817277456,-0.00573019586856,0.0304266216525,-0.0144636605528,0.574061398499,0.818797435613,0.00223988587932,0.0,0.818757402433,-0.574000969027,-0.0118300641743,0.0,-0.008400891287,0.00862527239175,-0.999927512224,0.0,0.658650919495,0.256878420283,0.303523040965,1.0,-0.01118,-0.0146937142857,0.56
0.462696957165,0.529913538696,-0.124053507965,-1.38358470203,0.0778811923216,1.90427102039,0.15570159925,-0.00624862739139,-0.0582343511041,-0.000501023614104,-0.0931583436349,-0.00635113588486,0.0337964026989,-0.00875923859492,0.574064673999,0.818795250239,0.00219889831841,0.0,0.818754736919,-0.574004459144,-0.0118451913357,0.0,-0.00843677139783,0.00860042990169,-0.999927424113,0.0,0.658474038136,0.256652543201,0.303510560783,1.0,-0.01148,-0.015088,0.575
0.462553630033,0.528864546429,-0.124056626835,-1.38524636154,0.0777715052202,1.90488785017,0.155478668346,-0.0100487826378,-0.0589664018399,-0.0010454428236,-0.100009346663,-0.00754571246988,0.0417342518167,-0.0171171881822,0.574062345922,0.818796890809,0.00219579063528,0.0,0.818756410569,-0.574002218518,-0.0118380821642,0.0,-0.00843275852988,0.00859378033421,-0.999927515135,0.0,0.658279773898,0.256397015382,0.303511988088,1.0,-0.01182,-0.0155348571429,0.592
0.462408068678,0.527696511858,-0.124053852717,-1.3870536881,0.0776866591653,1.90559259642,0.155223478238,-0.011631118642,-0.0636506298728,0.000129222705704,-0.0954590568219,-0.00525311314544,0.0333943870835,-0.0078567228201,0.57404595742,0.818808194121,0.00226426839623,0.0,0.818768399286,-0.57398535386,-0.0118266134865,0.0,-0.00838423255727,0.00864309747865,-0.999927498127,0.0,0.658069465042,0.256137678304,0.303535111863,1.0,-0.01218,-0.016008,0.61
0.462274594222,0.526675836051,-0.124061705072,-1.38861816213,0.0775753678284,1.90618768922,0.154999144577,-0.00981547747155,-0.064905496226,-0.00016212925654,-0.105561107639,-0.0137989354547,0.0393477661481,-0.0111727479177,0.574031660217,0.818818127361,0.00229657903379,0.0,0.818778937483,-0.573971125121,-0.0117875342146,0.0,-0.00833383709202,0.00864697485726,-0.999927885892,0.0,0.65789055005,0.255895368959,0.303560585023,1.0,-0.01248,-0.0164022857143,0.625
0.46211478955,0.52544005133,-0.124061764347,-1.39054681356,0.0774425701759,1.9068898527,0.154744611309,-0.00973055896899,-0.0678838147289,-0.00186403048815,-0.105590143734,-0.0059595203069,0.0299003825803,-0.0223319436782,0.574022160671,0.818824789236,0.00229575558542,0.0,0.818785684422,-0.57396172927,-0.011776384022,0.0,-0.00832527960637,0.00863980355243,-0.999928019166,0.0,0.657658873313,0.255603708274,0.303572828143,1.0,-0.01284,-0.0168754285714,0.643
0.461979103821,0.524399472948,-0.124070787589,-1.39218281113,0.0773475743318,1.90747747434,0.15451534197,-0.00835709004471,-0.0732779467226,-0.000492407970913,-0.117022916671,-0.00525564290804,0.0340888374865,-0.0133021939001,0.57401421988,0.818830373023,0.00228964886725,0.0,0.818791144025,-0.573953766266,-0.0117848867711,0.0,-0.00833583113064,0.00863960314088,-0.999927932992,0.0,0.657461152788,0.255353223735,0.303577171128,1.0,-0.01314,-0.0172697142857,0.658
0.46181891304,0.523220381854,-0.124080726191,-1.39409930846,0.0772357663619,1.90818587802,0.154262812477,-0.0117743320865,-0.0719795747296,-0.000427499305046,-0.119411774213,-0.00338249529781,0.0458849956558,-0.0152718751808,0.57401846675,0.818827469049,0.00226332962596,0.0,0.818787869357,-0.573958084062,-0.0118021029481,0.0,-0.0083649908027,0.00862797799609,-0.999927789855,0.0,0.657232094063,0.255060117315,0.30355565731,1.0,-0.01348,-0.0177165714286,0.675
0.461636591392,0.521834361228,-0.124083297971,-1.39627247309,0.0770929390188,1.90903308998,0.153973071777,-0.0135810586142,-0.0752881361109,-0.000447489351166,-0.115570922069,-0.00866414994619,0.0439269842642,-0.01492942237,0.574010348454,0.818833042962,0.00230532456603,0.0,0.818794122828,-0.573949944888,-0.0117640166082,0.0,-0.00830978459824,0.00864041983324,-0.999928142731,0.0,0.656980730449,0.254733442765,0.303568792676,1.0,-0.01386,-0.018216,0.694
0.461480574289,0.520673207049,-0.124084324697,-1.39817945468,0.0769784988196,1.90975442852,0.153704852729,-0.00701537134092,-0.0767067483683,0.000693653094398,-0.120045376121,-0.00731660886508,0.041413457258,-0.0150147883546,0.573990350773,0.81884712527,0.00228244549673,0.0,0.81880788252,-0.57393001036,-0.0117788637672,0.0,-0.0083352852472,0.00863000466392,-0.999928020429,0.0,0.656751725033,0.254449692744,0.303539378952,1.0,-0.01418,-0.0186365714286,0.71
0.461308293118,0.519359717245,-0.124092911846,-1.4002122879,0.0768475024761,1.91048572503,0.153438693392,-0.0146866627028,-0.0812182732324,-0.0007476639478,-0.118277146932,-0.0105230586307,0.0456975155676,-0.0181208255041,0.573992228438,0.818845795668,0.00228724983995,0.0,0.818806661671,-0.573931917475,-0.0117708032178,0.0,-0.00832590733964,0.00862933111669,-0.999928104371,0.0,0.656505091864,0.254136006809,0.303557717108,1.0,-0.01452,-0.0190834285714,0.727
0.461129966171,0.51801717561,-0.124095734341,-1.40231785834,0.0767056518312,1.91123276334,0.153155176966,-0.0140317737736,-0.0797608568883,-0.000436826056662,-0.127965645089,-0.00847618085153,0.0447999240198,-0.0184530477316,0.573981281471,0.818853527571,0.00226623175664,0.0,0.81881417435,-0.573921107711,-0.0117752667875,0.0,-0.00834174111132,0.00861457126226,-0.999928099674,0.0,0.656245241992,0.253812851813,0.303562612159,1.0,-0.01486,-0.0195302857143,0.744
0.460967933295,0.516743671631,-0.124099982924,-1.40432116081,0.0765842235813,1.91195665674,0.152874393683,-0.00727974510643,-0.0786420472158,0.000634129061357,-0.125457406807,-0.0036221671875,0.0387202194124,-0.0130554876313,0.573960245654,0.818868287473,0.00226077005087,0.0,0.818828818516,-0.573900049201,-0.0117833100774,0.0,-0.00835168369622,0.00861450107218,-0.999928017285,0.0,0.65599750826,0.253512535816,0.303565425841,1.0,-0.01518,-0.0199508571429,0.76
0.460777156916,0.515378456753,-0.124103190954,-1.40649731409,0.0764453569862,1.91278698155,0.152569652342,-0.0123541277753,-0.0801206800568,0.000139064942748,-0.136409886665,-0.00216313878635,0.0552452465116,-0.0234784467773,0.573946765501,0.818877707843,0.00227087428995,0.0,0.81883843439,-0.573886598396,-0.0117701932573,0.0,-0.00833528503385,0.00861510936519,-0.999928148876,0.0,0.655739725656,0.253179088349,0.303559112777,1.0,-0.01552,-0.0203977142857,0.777
0.460604854503,0.51407423365,-0.124105741823,-1.40860019999,0.0763216744138,1.91353784268,0.152287984625,-0.00820565705389,-0.0807072200025,-0.000838628775313,-0.13516662283,-0.00430529568759,0.0442559322206,-0.0204884350117,0.573936264666,0.818885175249,0.00223176168934,0.0,0.818845285328,-0.573876137787,-0.0118035619805,0.0,-0.00838516858269,0.00860212542769,-0.99992784359,0.0,0.655475399049,0.252863192061,0.303537626487,1.0,-0.01584,-0.0208182857143,0.793
0.460419655603,0.512742521077,-0.124111743524,-1.41072701687,0.0761906435042,1.91428208554,0.15199131624,-0.0139368537222,-0.0855947857016,-0.00125456616255,-0.132946124157,-0.00817811953408,0.0456071745443,-0.0126017901168,0.573925265845,0.818893004154,0.00218720687373,0.0,0.818852471462,-0.573865249521,-0.0118343683524,0.0,-0.00843608185475,0.00858320801028,-0.999927577909,0.0,0.655208445958,0.252532802376,0.303523132079,1.0,-0.01616,-0.0212388571429,0.809
0.460195017921,0.511137986015,-0.124109993312,-1.41329642042,0.0760357999697,1.91524064661,0.151621954645,-0.00780498584481,-0.0905023283301,0.00113583051547,-0.129192350987,-0.00218724088658,0.05323905832,-0.0150971953118,0.573898267555,0.818911939937,0.00218174855803,0.0,0.818871267531,-0.573838206244,-0.011845132652,0.0,-0.00844831253601,0.00858463759594,-0.999927462375,0.0,0.654894670359,0.252142869065,0.303506966543,1.0,-0.01654,-0.0217382857143,0.828
0.460004552144,0.509764709145,-0.124112867637,-1.41550144009,0.0758968409835,1.91607240468,0.151313006758,-0.00926981277173,-0.0858387829953,0.000335011442061,-0.136725468987,-0.0179890831219,0.0529683528073,-0.0200168612337,0.573880879845,0.818924138368,0.00217675157268,0.0,0.818883427878,-0.573820867793,-0.0118444135912,0.0,-0.00845077342184,0.00857995347314,-0.999927481784,0.0,0.654626943892,0.251806858973,0.303490963731,1.0,-0.01686,-0.0221588571429,0.844
0.459799801765,0.508257176217,-0.124124145757,-1.41787535512,0.0757501820026,1.9169113468,0.150981971043,-0.00910329619264,-0.0872354443145,-0.00178291576721,-0.142533724946,-0.00852942048882,0.0481575435177,-0.022482113057,0.573869043618,0.818932500465,0.0021511301437,0.0,0.818891419576,-0.573809097287,-0.0118621126257,0.0,-0.00848009477555,0.00856900622478,-0.999927327422,0.0,0.654328840524,0.251437695952,0.303488903094,1.0,-0.0172,-0.0226057142857,0.861
0.459571824581,0.506635999558,-0.124116337068,-1.42040744512,0.0755895671323,1.91783700171,0.150632744192,-0.0142645814215,-0.0864236887813,0.00130644312389,-0.142327549801,-0.00958606609223,0.052141546289,-0.0181811612018,0.57385179596,0.818944556464,0.00216254778304,0.0,0.818903573974,-0.5737917555,-0.0118619034624,0.0,-0.00847355232322,0.00857805786805,-0.999927305275,0.0,0.654014459391,0.25105091043,0.303497382912,1.0,-0.01756,-0.0230788571429,0.879
0.45936306908,0.505123596569,-0.124127925658,-1.42272625492,0.0754467497862,1.91872650167,0.150327380018,-0.0141405420209,-0.0874882322132,0.00135438862646,-0.14084922413,-0.00984986695267,0.0606762034627,-0.0219855648077,0.57386225143,0.818937051985,0.00222893940001,0.0,0.818897002467,-0.573802018693,-0.0118190353204,0.0,-0.00840023774597,0.00860793574151,-0.999927667108,0.0,0.653738680906,0.250689665114,0.303528221498,1.0,-0.01788,-0.0234994285714,0.895
0.459147128399,0.503470360065,-0.124129852745,-1.42520190385,0.0752872909097,1.91966850766,0.14996561651,-0.00810402756426,-0.0962313075259,0.00144626690759,-0.146834638219,-0.00831030674738,0.0486288835672,-0.0141715442927,0.573828432392,0.818960477952,0.00232650625093,0.0,0.818921773038,-0.573767908973,-0.0117585363994,0.0,-0.00829506166847,0.00865277572601,-0.999928158131,0.0,0.653438978448,0.250313598522,0.303586408517,1.0,-0.01822,-0.0239462857143,0.912
0.45891064269,0.501774758632,-0.12413594456,-1.42770769351,0.0751274060113,1.92058904465,0.149625395071,-0.0113789525113,-0.0947581569092,0.000498795250172,-0.147679570485,-0.00679238010814,0.0497968137479,-0.0231912643505,0.573832784589,0.818957163737,0.00241789058732,0.0,0.818919687073,-0.573771965018,-0.0117057756697,0.0,-0.00819936887156,0.00869738350304,-0.999928560383,0.0,0.653133864975,0.249917268221,0.303657413485,1.0,-0.01856,-0.0243931428571,0.929
0.458681271771,0.500156842622,-0.124140556336,-1.43014705372,0.0749672142314,1.92144953419,0.149276784686,-0.0145487363521,-0.100294640132,-0.000466052056799,-0.150289155032,-0.00905258901608,0.0593182638848,-0.0177855638897,0.573819329106,0.818966504336,0.00244728867546,0.0,0.818929400015,-0.573758394402,-0.011691430469,0.0,-0.00817089483585,0.00871309318871,-0.999928656697,0.0,0.6528443826,0.249558000772,0.303697083242,1.0,-0.01886,-0.0247874285714,0.944
0.458434640207,0.498482777411,-0.124133298633,-1.432762392,0.0747996801947,1.92242052181,0.148906763421,-0.0123425557211,-0.0893297388274,0.00185626617392,-0.14924452197,-0.00811618733305,0.0575042499869,-0.0238002632719,0.573800706325,0.818979483289,0.00247027788832,0.0,0.818942680521,-0.573739694412,-0.0116788688673,0.0,-0.00814761437639,0.00872452717479,-0.999928746964,0.0,0.652503214132,0.249123365347,0.303706635786,1.0,-0.01922,-0.0252605714286,0.962
0.458171869017,0.496806014437,-0.124136315534,-1.4354300304,0.0746346626835,1.92339299794,0.148514429396,-0.0118126292197,-0.0970614629191,0.000162235673718,-0.15933491999,-0.016595648136,0.0573792352911,-0.0207086072981,0.573787388863,0.818988865065,0.00245319822695,0.0,0.818951783295,-0.573726378963,-0.011694683497,0.0,-0.00817050833649,0.0087194808471,-0.999928604175,0.0,0.652171619642,0.248695308762,0.30369016554,1.0,-0.01956,-0.0257074285714,0.979
0.457923263725,0.495233921493,-0.124138047858,-1.43797703439,0.0744854017807,1.92425677558,0.148141512203,-0.0143945593379,-0.0914697795548,-9.36147827559e-05,-0.158377290023,-0.00795191098919,0.0585395908834,-0.0159123636048,0.573774886865,0.818997884704,0.00236451992844,0.0,0.818959417785,-0.573713959175,-0.0117691108597,0.0,-0.00828247827266,0.00868943341451,-0.999927944554,0.0,0.651838865666,0.248285572316,0.303648165278,1.0,-0.01988,-0.026128,0.995
0.457618091014,0.493442798954,-0.124142859095,-1.44091718626,0.0742956882451,1.92532529774,0.147733750483,-0.0221724190921,-0.0958916308853,-0.00186520407707,-0.158058899823,-0.00988667027578,0.0696599753423,-0.0211622736214,0.573790896847,0.81898688437,0.00228841138832,0.0,0.81894741901,-0.573730247689,-0.0118099400548,0.0,-0.00835941612213,0.0086506912485,-0.999927640234,0.0,0.651473067532,0.247800894551,0.303588853194,1.0,-0.0211388571429,-0.0277824979592,1.013
0.457336644181,0.491559277962,-0.12414485364,-1.44389885235,0.0741103717561,1.92642672664,0.147316323614,-0.0144890977705,-0.113600895516,-0.00015921573107,-0.184818191572,-0.00698642935129,0.0646221804907,-0.0212482416939,0.573780264701,0.81899433127,0.00228912395625,0.0,0.818954826827,-0.573719564088,-0.0118152571517,0.0,-0.00836347445422,0.00865421710968,-0.999927575788,0.0,0.651097919816,0.247332669174,0.303575973752,1.0,-0.0227805714286,-0.0299401795918,1.03
0.457037414482,0.489715217561,-0.124161849001,-1.44690775162,0.0739200264908,1.92747321755,0.146880528118,-0.0230307474357,-0.123565724376,-0.00176742735396,-0.197655537666,-0.00826757607815,0.0664387443885,-0.0240276193302,0.573778937516,0.818995550709,0.00218304458072,0.0,0.818954600872,-0.573718587027,-0.0118781947783,0.0,-0.00847589860895,0.00860343802566,-0.999927067339,0.0,0.650710539491,0.246836117677,0.303517703772,1.0,-0.0243257142857,-0.0319709387755,1.046
0.456689599585,0.487541520025,-0.124181586305,-1.45028511468,0.0737171569044,1.92873653491,0.146391521476,-0.025346205604,-0.137283768354,-0.000375091562797,-0.198980763861,-0.0106481652293,0.0794687848216,-0.0247860736125,0.573790598333,0.818987248765,0.0022321574546,0.0,0.818946925616,-0.573730038742,-0.011854221625,0.0,-0.00842796283637,0.00863002555862,-0.999927243404,0.0,0.650296853667,0.246279699484,0.303530995135,1.0,-0.0259674285714,-0.0341286204082,1.063
0.456311098376,0.485237363267,-0.124201478847,-1.45380688985,0.0734987009149,1.93008479069,0.145864687379,-0.0297587272358,-0.13924033376,-0.00389904645479,-0.21292452102,-0.00924854034336,0.0868550522483,-0.0333750389933,0.573798611585,0.818981340007,0.00233772616395,0.0,0.818942484689,-0.573737740295,-0.0117880886407,0.0,-0.00831314295813,0.00867861925883,-0.999927784003,0.0,0.649874609766,0.245691286933,0.303572289734,1.0,-0.0276091428571,-0.0362863020408,1.08
0.455909565665,0.482789507158,-0.124237649947,-1.45758901134,0.0732518302775,1.93137872989,0.145287689034,-0.0261618895744,-0.149346744017,-7.16205374645e-05,-0.234908287429,-0.0201343561301,0.0776591245929,-0.0318412857257,0.573799149959,0.818981085225,0.00229443908682,0.0,0.818941697259,-0.573738475533,-0.0118069930638,0.0,-0.0083534568387,0.00865402104033,-0.999927661223,0.0,0.649389842742,0.245041852019,0.303583903702,1.0,-0.0292508571429,-0.0384439836735,1.097
0.455462617838,0.480053387969,-0.124265750649,-1.46185869936,0.0729928156635,1.93291127245,0.144651881294,-0.0227263643876,-0.151812018192,0.000308166269156,-0.238536914805,-0.0226173024101,0.0930812297322,-0.0375239093738,0.573803187137,0.818978260277,0.00229314747027,0.0,0.818938758602,-0.573742416818,-0.0118192936966,0.0,-0.00836422965496,0.00866006246844,-0.999927518863,0.0,0.648847767213,0.244328133233,0.303582380838,1.0,-0.0309891428571,-0.0407285877551,1.115
0.455075677091,0.477796811461,-0.124282793162,-1.46527094156,0.0727867692004,1.93417022525,0.144152608532,-0.0274476039183,-0.166369413934,-0.000154108120712,-0.243813692605,-0.0129212978321,0.0919746999598,-0.0366015964479,0.573833536354,0.818956740513,0.00238256695785,0.0,0.818918359277,-0.573772376943,-0.0117782510425,0.0,-0.00827898637218,0.00871005096722,-0.999927794092,0.0,0.648426925889,0.243745217459,0.303630941655,1.0,-0.0323411428571,-0.0425055020408,1.129
0.454598571398,0.47497648675,-0.124302018735,-1.46960564922,0.0725166550748,1.93577130449,0.143547287908,-0.0242169705201,-0.171787959213,-0.00341951598667,-0.266422544051,-0.0120065246477,0.0935882808352,-0.035529730983,0.573878619648,0.818924941868,0.00245283484129,0.0,0.818887470681,-0.573817189411,-0.0117426742846,0.0,-0.00820904811078,0.00874763384767,-0.999928042627,0.0,0.647884817058,0.243014124124,0.303659083749,1.0,-0.0339828571429,-0.0446631836735,1.146
0.454095814185,0.472026998636,-0.124309813134,-1.47417222679,0.0722295524868,1.93734691764,0.142868375506,-0.0317273363498,-0.177698804404,2.36037072092e-05,-0.272215098457,-0.0181134975188,0.0887095573231,-0.0380670483583,0.573880483202,0.818923730627,0.00242101566457,0.0,0.818885625875,-0.573818937504,-0.0117858219454,0.0,-0.0082626237208,0.00874635651514,-0.999927612529,0.0,0.64728462325,0.242243798609,0.303661750132,1.0,-0.0356245714286,-0.0468208653061,1.163
0.453609673689,0.469108817964,-0.124309871035,-1.47857477496,0.0719509393571,1.9389977163,0.142170785795,-0.0368201229867,-0.185899201483,-0.000310772472006,-0.271481188392,-0.0193207137009,0.10727188724,-0.0399499096031,0.573841450895,0.818950651513,0.0025625225772,0.0,0.818914372401,-0.573779375441,-0.0117143456976,0.0,-0.00812330483595,0.00882083352782,-0.999928099822,0.0,0.646729676632,0.241514338003,0.303724912944,1.0,-0.0371697142857,-0.0488516244898,1.179
0.453047916122,0.465707571184,-0.124307733939,-1.48375939956,0.0716032531368,1.94088644714,0.141348583501,-0.034299358036,-0.189685525337,-0.00591506505699,-0.296598781009,-0.0192502688717,0.100194509845,-0.0446093019301,0.573776466581,0.818995923829,0.00264387038125,0.0,0.818960739342,-0.57371415273,-0.0116672736813,0.0,-0.00803877850283,0.0088598036883,-0.999928438399,0.0,0.646057640365,0.240657101983,0.30376757099,1.0,-0.038908,-0.0511362285714,1.197
0.452501294435,0.462584565493,-0.124316175396,-1.48865749683,0.0712717354299,1.94256535907,0.140627483317,-0.0357715406542,-0.19124069195,-0.00240177432317,-0.307506106995,-0.0255560204834,0.109703018901,-0.0478667328321,0.573778055001,0.818995098638,0.00255321519415,0.0,0.818958650603,-0.573715969054,-0.0117244341075,0.0,-0.00813759041289,0.00881837044926,-0.999928005391,0.0,0.645401121858,0.239823061173,0.303734641172,1.0,-0.0404531428571,-0.0531669877551,1.213
0.451861798326,0.458958239754,-0.124312408227,-1.49429878191,0.0708936141503,1.9445354141,0.139787301636,-0.0381257725057,-0.207290573191,0.000152750199859,-0.315474977336,-0.0124747825301,0.109236525714,-0.0473880435542,0.573769218182,0.819001425453,0.0025092375357,0.0,0.818964273672,-0.573707151258,-0.0117630755104,0.0,-0.00819456586305,0.00880443604757,-0.999927662882,0.0,0.644647004551,0.238868196238,0.303716832561,1.0,-0.0421914285714,-0.0554515918367,1.231
0.451280072463,0.455888170407,-0.124320911796,-1.49918633462,0.0705695743708,1.94627651864,0.139022349147,-0.0401958878301,-0.206012689459,-0.000183390493406,-0.334915566416,-0.0146653837566,0.116424819965,-0.0500155885559,0.573762030151,0.819006681913,0.00243611188449,0.0,0.818968503226,-0.573700156216,-0.0118096732616,0.0,-0.00827476285859,0.00877120988269,-0.999927294445,0.0,0.644003054176,0.238018767539,0.303653218302,1.0,-0.04364,-0.0573554285714,1.246
0.450608019939,0.452201623478,-0.124370774982,-1.50482459123,0.0701762055169,1.94826474037,0.138115926904,-0.0396612533195,-0.221101910601,-0.00449926188555,-0.335843737572,-0.0164599065225,0.127231332257,-0.0462135873898,0.573765191351,0.819004428741,0.00244904029369,0.0,0.818966674251,-0.573703540359,-0.0117720494265,0.0,-0.00823649610678,0.00876024323806,-0.999927706522,0.0,0.643222292828,0.236950498538,0.303675528381,1.0,-0.0453782857143,-0.0596400326531,1.264
0.449823989464,0.447872854536,-0.12442211392,-1.51132958086,0.0697391645248,1.95059938549,0.137155877111,-0.0425659917556,-0.229480846467,-2.68517488646e-05,-0.35137578703,-0.0218092208848,0.121702341927,-0.0482545288442,0.573823437427,0.818963278755,0.00256078352543,0.0,0.818927158768,-0.573761567838,-0.0116926816758,0.0,-0.00810675383234,0.00880679952683,-0.999928357846,0.0,0.642415509686,0.235858302297,0.303751716318,1.0,-0.0471165714286,-0.0619246367347,1.282
0.44912881738,0.444166385573,-0.12444301965,-1.5170475587,0.0693418198271,1.95251498167,0.136290394147,-0.046886942534,-0.228059972618,-0.00010063388063,-0.35770275277,-0.0210725357769,0.129711288345,-0.0578765051518,0.573845002319,0.818948454458,0.00246762140556,0.0,0.818911046671,-0.573783384463,-0.0117504151478,0.0,-0.00820726217811,0.00876384816699,-0.999927915308,0.0,0.641629585844,0.234842881026,0.303735482818,1.0,-0.0486617142857,-0.0639553959184,1.298
0.448386090329,0.440160870716,-0.12444717396,-1.52324311293,0.0689074148244,1.95471574207,0.135265568503,-0.0403296123174,-0.237835316229,-0.00149094158276,-0.367508550759,-0.0305055588558,0.131860234381,-0.0603158420212,0.573771570886,0.818999924824,0.00246058580078,0.0,0.818962473027,-0.573710038837,-0.0117475960443,0.0,-0.00820977556542,0.00875573264395,-0.999927965771,0.0,0.640789991679,0.233768834701,0.303717405824,1.0,-0.0503034285714,-0.066113077551,1.315
0.447573040067,0.436030355413,-0.124450420497,-1.52957479497,0.0684941935199,1.95697813334,0.134254846863,-0.0499502184254,-0.248519406193,0.000230153970377,-0.368291652657,-0.02203345736,0.139002036169,-0.0576604592848,0.573776511192,0.81899630249,0.00251368533278,0.0,0.818959355511,-0.573714585055,-0.0117429049924,0.0,-0.00817541523368,0.00879657853927,-0.999927888796,0.0,0.639939371704,0.232644658925,0.303721238407,1.0,-0.0519451428571,-0.0682707591837,1.332
0.446776803228,0.431987516163,-0.124477806061,-1.53563172408,0.068061243204,1.95918688017,0.133272634275,-0.0531123513895,-0.252329952927,-0.000692935979679,-0.383659335731,-0.0298490432695,0.139440201973,-0.0547077611114,0.573787202332,0.8189883684,0.00265438640376,0.0,0.818953569979,-0.573725126156,-0.011630852787,0.0,-0.00800279905141,0.008847624047,-0.999928834846,0.0,0.639141629074,0.231542675605,0.303787513618,1.0,-0.0534902857143,-0.0703015183673,1.348
0.445853256775,0.427376262191,-0.12451541358,-1.54284203125,0.0675287314137,1.9614939799,0.132118613246,-0.0493340329622,-0.253501411099,-0.00741605738198,-0.405901150759,-0.0276560617461,0.126430561644,-0.064154315421,0.573785469984,0.818990424132,0.00238044479184,0.0,0.818952011967,-0.573724321083,-0.0117793205898,0.0,-0.00828159114001,0.0087084407168,-0.999927786547,0.0,0.638109396155,0.230219886073,0.303697364899,1.0,-0.0552285714286,-0.072586122449,1.366
0.445115463777,0.423643984642,-0.124556615078,-1.54847158833,0.067119391975,1.96342511308,0.131183819959,-0.0495350166278,-0.268283909618,-0.000348186514612,-0.401375191866,-0.0207471959153,0.141668651487,-0.0691109367308,0.573778731293,0.818995126282,0.00238695250521,0.0,0.818956984423,-0.573717754312,-0.0117534230913,0.0,-0.00825671816534,0.00869884309497,-0.99992807578,0.0,0.637332586753,0.229181710856,0.30372402041,1.0,-0.0565805714286,-0.0743630367347,1.38
0.444174311246,0.419071105395,-0.124578319322,-1.55542756008,0.0666457795149,1.96584031678,0.130090758613,-0.0551955623914,-0.27139461984,-0.00120795029789,-0.405606321411,-0.0286227579119,0.14665378576,-0.063907585631,0.573830694961,0.818958656468,0.00240819817215,0.0,0.818920661058,-0.573769495419,-0.0117585679564,0.0,-0.00824818916865,0.00871971834286,-0.999927964349,0.0,0.636368563061,0.227905489696,0.303727965831,1.0,-0.0582222857143,-0.0765207183673,1.397
