position_joint1,position_joint2,position_joint3,position_joint4,position_joint5,position_joint6,position_joint7,velocity_joint1,velocity_joint2,velocity_joint3,velocity_joint4,velocity_joint5,velocity_joint6,velocity_joint7,ee_T_00,ee_T_10,ee_T_20,ee_T_30,ee_T_01,ee_T_11,ee_T_21,ee_T_31,ee_T_02,ee_T_12,ee_T_22,ee_T_32,ee_T_03,ee_T_13,ee_T_23,ee_T_33,v_x,v_y,w_z,time
0.46509140552149236,0.5472952997513556,-0.12397601180501856,-1.3555812413769663,0.07946673994601569,1.894176918349673,0.15914777821223833,-1.4424964659905432e-05,0.0011969872323818462,-0.007042326172064546,-0.00017105813444383698,0.00013923579471712558,-1.7876016990301902e-05,0.0004068327058558556,0.5737500518225311,0.819014486909181,0.0026258651416458893,0.0,0.8189807174543142,-0.5736896225358571,-0.011469452205346509,0.0,-0.00788736778742144,0.008731299819415075,-0.999930774520341,0.0,0.6617572354442736,0.2609456127706196,0.30368462046574823,1.0,5e-324,6.9331968478208e-310,6.9329846482418e-310,0.0
0.4650939111751422,0.547300302121249,-0.12397553776342098,-1.3555759517100747,0.07946708165062144,1.8941762062708536,0.1591419758390938,-0.00024156826392094594,0.001923018359013238,0.0001898681324483305,-0.004988680066228478,-0.00017382757148356865,-0.00013405721348235572,0.0008666190915903671,0.5737506794032698,0.8190140621597628,0.0026212153781731548,0.0,0.8189802234978278,-0.5736902550684533,-0.01147308416028862,0.0,-0.007893003509501673,0.00872958145956293,-0.9999307450534463,0.0,0.6617563479034231,0.2609470344687179,0.30368092122904267,1.0,-0.00016,-0.00021028571428571434,-8e-05,0.009000000000000001
0.46509144278639675,0.5472939453811834,-0.12397076373440935,-1.3555837433469846,0.07946673994615581,1.8941762062708534,0.1591485755736202,9.311371300839694e-05,0.000980286989591347,0.0007583971450695032,-0.0011018561185501007,0.00019522369489670375,2.5306376853678934e-05,0.00024277092245264146,0.5737471373802625,0.819016529081108,0.0026257077325387837,0.0,0.8189827297054799,-0.5736866780957934,-0.011473043222375696,0.0,-0.007890430406493398,0.00873320313330414,-0.9999307337366087,0.0,0.6617553406467095,0.26094834678184864,0.3036841531462288,1.0,-0.00040000000000000024,-0.0005257142857142861,-0.00020000000000000012,0.02100000000000001
0.46509072233213417,0.5472829875292432,-0.1239763573740765,-1.3555964982050932,0.07946602786911859,1.8941793406774081,0.15914848151334796,-0.0001394061499110595,-0.0015045660746662208,0.00023873061991330728,-0.0012220197123377953,-0.00016080010104847808,0.00023570159719614055,0.0007121894916939274,0.5737564159923303,0.819010022113625,0.002627867250035231,0.0,0.8189762805419538,-0.5736959816502158,-0.011468192938305758,0.0,-0.007885119883341674,0.008732278347800437,-0.999930783704193,0.0,0.6617563312272834,0.26094073001320445,0.30368874811760915,1.0,-0.0007200000000000005,-0.000946285714285715,-0.00036000000000000024,0.037000000000000026
0.4650879554281356,0.5472242180910436,-0.12397396003363341,-1.355642811399238,0.0794667399459415,1.8941811995822433,0.15914940959948617,0.0005898169919055395,-0.005022501211236642,0.0003589072203939607,-0.0007495983337756109,0.00016547670049392308,-0.00029926846251802886,0.00059612576058372,0.5737560360458929,0.8190102437986293,0.0026416954824682393,0.0,0.8189766176987512,-0.5736954868169308,-0.011468869595844724,0.0,-0.007877744578945467,0.008743988337332267,-0.9999307395056446,0.0,0.6617462758758734,0.26093842977999576,0.3037059695591703,1.0,-0.0010800000000000009,-0.0014194285714285728,-0.0005400000000000004,0.05500000000000004
0.46508078967387056,0.5470186880249803,-0.12397395711063555,-1.3559115652343803,0.07946068075459611,1.8942466697085742,0.15914531924993577,0.00039054423565066114,-0.010903857376997892,-0.000699149980065556,-0.014232186011018864,0.0001357360536595899,0.008508499202504448,-0.0007992379622056715,0.5737712174170029,0.8189995454006893,0.0026611272955411975,0.0,0.8189660271665677,-0.5737104440841445,-0.011476915830946868,0.0,-0.007873023905765164,0.008764665564500715,-0.9999305956575795,0.0,0.6617116485602333,0.2609128825509839,0.30373300232133993,1.0,-0.001560000000000001,-0.002050285714285716,-0.0007800000000000005,0.07900000000000006
0.46507165412848267,0.5469300284656067,-0.12397396003348575,-1.3560262383288064,0.07945908439658134,1.894283464302458,0.15914315891574782,-0.0042970463334576665,-0.01202459515813311,-0.0008037273192563212,-0.01705096737367234,0.00014424786062963295,0.002992070390053538,-0.0011785982038500333,0.573781459553055,0.8189923698463838,0.002661147831014071,0.0,0.8189588467533317,-0.5737206791835773,-0.01147765232076631,0.0,-0.00787350572282336,0.00876520341690655,-0.9999305871492745,0.0,0.6616999408472214,0.26090136437440714,0.3037367658809075,1.0,-0.0017000000000000012,-0.0022342857142857164,-0.0008500000000000006,0.08600000000000006
0.4650493950911872,0.5467873335260801,-0.12396869662708086,-1.3561899543478093,0.07945418867276537,1.8943720186425728,0.15915081511291587,-0.0020506171943025123,-0.009329884220948189,0.0015685073035618384,-0.010570987529044128,-0.002119641892338961,0.011099673618255292,0.0023597880857952162,0.5738121246628394,0.818970676126605,0.0027247267491865767,0.0,0.8189379228816638,-0.5737510784643599,-0.011450996832514826,0.0,-0.007814866167772161,0.00880227235739102,-0.9999307215343103,0.0,0.6616799735076317,0.2608676728102675,0.3037713620066512,1.0,-0.0020600000000000015,-0.0027074285714285737,-0.0010300000000000008,0.10400000000000008
0.46502224680725046,0.5465913118696412,-0.1239686703206868,-1.35642471285537,0.07945057391606962,1.8945044907136714,0.15913850597949697,-0.0035582809930519302,-0.00896231134961894,0.0010444978600092063,-0.019782699302753615,-0.0004914131651349737,0.007185829665682366,-0.00015566336157389217,0.5738417463110508,0.8189496301112793,0.002810770800075535,0.0,0.8189179902463981,-0.5737804297762632,-0.011405724780794567,0.0,-0.007728097602539286,0.008847042133771743,-0.9999310007960195,0.0,0.6616670966692608,0.260833489801726,0.3038143476823605,1.0,-0.002380000000000002,-0.003128000000000003,-0.001190000000000001,0.12000000000000009
0.46498785692235645,0.5463689486210644,-0.12397120336345586,-1.3567156723426839,0.07944641019369456,1.8946286943694504,0.15913216976004946,0.0011293417815611973,-0.010227957142509543,0.0009873850117910182,-0.02032485529266252,-0.0001425414070565894,0.00894969656630337,-0.003115725888614841,0.5738765548611906,0.8189250561071084,0.0028634178577891635,0.0,0.818893996779404,-0.5738149591715216,-0.01139129364238401,0.0,-0.007685691757446267,0.00888220305485092,-0.9999310159261496,0.0,0.6616386902790765,0.26078477139164835,0.3038398102050408,1.0,-0.002740000000000002,-0.0036011428571428605,-0.001370000000000001,0.1380000000000001
0.4649490718078636,0.5461185273367322,-0.12397221472516405,-1.3570894793807766,0.07942869613123042,1.8947521372842322,0.15912443937922707,-0.0008460241613399888,-0.014553264057347687,-0.0001658931515160605,-0.028870507645495102,-0.003390199489569782,0.0064988884545264,0.0016439668568450617,0.5739187926687234,0.8188954459867784,0.002866158578721873,0.0,0.8188643718341752,-0.5738571253508874,-0.011396803316971592,0.0,-0.007688172833441087,0.008888005865756471,-0.9999309452908303,0.0,0.6615955039390706,0.2607229511019148,0.30384992912137343,1.0,-0.0030600000000000024,-0.00402171428571429,-0.0015300000000000012,0.1540000000000001
0.46490834632262507,0.5458315182635772,-0.12397501669225118,-1.3575304411648397,0.07941013465078786,1.8949152432621583,0.15909793578084475,-0.003150427641561092,-0.018930392644768427,-3.566211252967371e-05,-0.03220028269383797,-0.001212403596035593,0.012095182430572572,-0.001818898286230072,0.5739521276413037,0.8188720434041425,0.0028772570884829556,0.0,0.8188410608273048,-0.5738903626109555,-0.011398057145350516,0.0,-0.007682468142934051,0.008898126712670013,-0.9999308991246536,0.0,0.6615467241310494,0.2606538795685785,0.3038574786702263,1.0,-0.0034000000000000024,-0.004468571428571433,-0.0017000000000000012,0.17100000000000012
0.46485794245781475,0.545521625763202,-0.12398000723075706,-1.3580295179475141,0.07937679902498859,1.8950874691385493,0.1590711633127996,-0.0018379376759732689,-0.02433348665853374,7.228001030209665e-05,-0.031051640635574144,-0.0002804596487886657,0.007112343308010868,-0.0030930508853971176,0.57399397554454,0.8188427730830189,0.002859354733853985,0.0,0.8188115923764938,-0.5739322979230644,-0.011403529796931666,0.0,-0.007696770115551699,0.008887001308491807,-0.9999308880805368,0.0,0.6614908473046983,0.26056876789535555,0.3038543797009001,1.0,-0.003740000000000003,-0.004915428571428576,-0.0018700000000000014,0.18800000000000014
0.46481249956985765,0.5451986035833131,-0.12398106124695693,-1.3585562572820284,0.07932367892756853,1.8952647642547344,0.15896321160992288,-0.005937093446788948,-0.023445412191955145,-0.0009954168937827577,-0.03258513609532586,-0.005459228188233576,0.013228434893972007,-0.012155902596958503,0.573954745147724,0.8188703929900455,0.0028243420380466558,0.0,0.8188388975017311,-0.5738933375222953,-0.011403683040076638,0.0,-0.007717415918213455,0.008858049658519732,-0.9999309858424192,0.0,0.6614237959597473,0.2604760857008277,0.3038474399336736,1.0,-0.004080000000000003,-0.005362285714285719,-0.0020400000000000014,0.20500000000000015
0.46475792528776033,0.544824019316465,-0.12398075698250079,-1.3591876532085654,0.07929808634492791,1.895470680164864,0.15892444257251778,-0.007453067423003314,-0.020257631188438076,0.0005621139917981074,-0.039278358070553264,-0.007667057690771492,0.012249494445476005,-0.0011600369379270578,0.5739998849371061,0.8188388752015536,0.0027884497578142308,0.0,0.8188067857729263,-0.573938433779325,-0.011439786027408298,0.0,-0.0077670925771579635,0.00884980783314708,-0.9999306741840728,0.0,0.6613503411498011,0.2603871352452605,0.3038300833857537,1.0,-0.004400000000000004,-0.005782857142857149,-0.002200000000000002,0.22100000000000017
0.46469779131649314,0.5444157643031222,-0.12398292325455133,-1.3598962385997053,0.07926754322397322,1.8957069483914526,0.1589136766801042,-0.003267817490360404,-0.024687421146676145,0.0003011823064798479,-0.041857486834217215,-0.0002838976626317406,0.007140812609982738,-0.002250951375993075,0.5740731986924266,0.8187876461570365,0.002738602722889648,0.0,0.8187547865754985,-0.5740117536611031,-0.011482727020321246,0.0,-0.007830075630105293,0.008834340006583327,-0.9999303197484686,0.0,0.6612632631608908,0.2602784576656031,0.30380227399284054,1.0,-0.004740000000000004,-0.0062297142857142915,-0.002370000000000002,0.23800000000000018
0.4646434208691108,0.5439749605950562,-0.12398673777875596,-1.3606414039978976,0.07922854912179918,1.895943581663807,0.158881197720164,8.049787324888413e-05,-0.024706095807687168,-0.0004934526049756462,-0.04596462986182845,-0.0047697805946177035,0.02008924715106424,0.0004689752125547097,0.5741248183526717,0.8187516366875587,0.0026827735954285913,0.0,0.8187179689546047,-0.5740634517329615,-0.011523350055153045,0.0,-0.0078948314473401,0.008812445873334379,-0.9999300037673374,0.0,0.6611679621867337,0.2601673808115615,0.3037801184969492,1.0,-0.005080000000000004,-0.0066765714285714345,-0.002540000000000002,0.25500000000000017
0.4645782212180097,0.5434915792422231,-0.12398635970858955,-1.3614153889653298,0.07919521043757743,1.8962235165457568,0.15882943278558398,-0.0018831147571071283,-0.029448149248554486,-9.221810501573822e-05,-0.04898205554207579,-0.0027103170037992416,0.013312694537094502,-0.0002072392100215953,0.5741698009198377,0.8187201007681219,0.0026801513237790222,0.0,0.818686274948768,-0.5741082988246532,-0.011540854924172443,0.0,-0.007910185084956334,0.00882078330523288,-0.9999298089135076,0.0,0.661077228475288,0.26005257109138663,0.3037779673825187,1.0,-0.005420000000000004,-0.007123428571428577,-0.002710000000000002,0.2720000000000002
0.4645114409776908,0.5429869550393133,-0.12398717665038557,-1.3622475124812434,0.07914548141609061,1.8965150349840894,0.15875350035929128,-0.004857236059719639,-0.028803461031505953,-0.001227327326181667,-0.053225021805522535,-0.0028099763601637873,0.01999587853673816,-0.0055535624363452045,0.5741925287616387,0.8187042554141691,0.0026512227846545895,0.0,0.8186700289912061,-0.5741310911802447,-0.011559440857048556,0.0,-0.007941766893181046,0.008807990791871514,-0.9999296713453524,0.0,0.6609837610204695,0.25993414232354195,0.3037642058820875,1.0,-0.005740000000000004,-0.007544000000000006,-0.002870000000000002,0.2880000000000002
0.46444523091268375,0.5424408719113241,-0.12399552739456098,-1.363144626770384,0.07909067900875216,1.8968170346331932,0.158692779733385,-0.0037585608169525084,-0.0342539254461512,-0.0011134818524499305,-0.05566000695595004,-0.007047615070792054,0.023353006617529617,-0.003832641158736824,0.5742414553495107,0.8186700907218768,0.002603923331898827,0.0,0.8186352487686553,-0.5741801681541284,-0.011584941656599549,0.0,-0.007989277918802773,0.00878438630826589,-0.9999295005126729,0.0,0.6608676794699166,0.2597912473190438,0.3037497753267423,1.0,-0.006100000000000005,-0.008017142857142865,-0.0030500000000000024,0.3060000000000002
0.4643766108578254,0.541928819831362,-0.12398795525217193,-1.3639446062405132,0.07904867926867634,1.8971096747732321,0.15863841290712083,-0.0046652790017504215,-0.0387924649336838,0.0005883654117652545,-0.051747221087615584,-0.005099990627754579,0.014461468912868229,0.0009908963069492698,0.5742810616089226,0.8186422809739256,0.002612466333790524,0.0,0.8186074549577483,-0.5742196361177339,-0.011592716921565683,0.0,-0.007990312594074123,0.00879623155203059,-0.9999293881145468,0.0,0.6607736266466928,0.2596751140578349,0.3037562132827819,1.0,-0.006400000000000005,-0.008411428571428578,-0.0032000000000000023,0.32100000000000023
0.4642844878155703,0.5412965970897954,-0.12399346173713502,-1.3649462729900375,0.07899020684310228,1.8974649989939902,0.15854954916732336,-0.004051355677295702,-0.03584138060069634,0.0006628795099772678,-0.05646257045986626,-0.003162091793686815,0.01899075095809225,-0.004120133097219356,0.5743275285081151,0.818609723058382,0.0025996563710826122,0.0,0.8185747148690399,-0.5742661232048942,-0.01160184543508493,0.0,-0.008004643006877088,0.008791441450072712,-0.9999293156256409,0.0,0.6606586291007033,0.25951510463715677,0.3037573987781797,1.0,-0.006760000000000005,-0.008884571428571436,-0.0033800000000000024,0.33900000000000025
0.4641857793405279,0.5406285138092737,-0.12399665721064038,-1.3659521966078114,0.0789268104011507,1.8978349299693849,0.15849400665830346,-0.0037733216405621784,-0.03878224389522882,-6.427740341031437e-05,-0.05893117604570272,-0.0012383112503422083,0.02458777972074053,-0.0046591175191476215,0.5744038964863547,0.8185560604717226,0.0026242079785820313,0.0,0.8185214072410207,-0.5743424384492488,-0.011585170933493531,0.0,-0.007976071433886511,0.008802707212572772,-0.9999294448260894,0.0,0.6605477761306678,0.25935225439089565,0.3037829998672728,1.0,-0.007100000000000006,-0.00933142857142858,-0.003550000000000003,0.35600000000000026
0.464091480543744,0.5399266843547152,-0.12400275158430764,-1.3670119746965794,0.07886527342980065,1.8982396948821951,0.1584131551297189,-0.007515745460519661,-0.04770861566176243,-0.0009605205283843052,-0.062439304865770505,-0.004364614112350949,0.02486460432449353,-0.006552048355605236,0.5744614735526119,0.8185155288061984,0.002662969785676975,0.0,0.8184814016881321,-0.5743999043380906,-0.011562520842398016,0.0,-0.007934646038024074,0.008821983854467502,-0.9999296045187994,0.0,0.6604315572843099,0.25918735986018815,0.30380984162319835,1.0,-0.007440000000000006,-0.009778285714285724,-0.003720000000000003,0.3730000000000003
0.4639891219570678,0.53920228591849,-0.12400591118924775,-1.3681472412836635,0.07879198987127614,1.8986509620096375,0.15830921595016548,-0.001526496809730442,-0.04710596580452397,-5.118906897479163e-05,-0.06464041425627698,-0.004117204385097548,0.01945981081112003,-0.002455921983933417,0.5745055649757631,0.8184845942874426,0.0026592531297383514,0.0,0.8184504557774395,-0.5744440435041491,-0.011560243142481889,0.0,-0.007934441560377703,0.008818060728885024,-0.9999296407458409,0.0,0.6603016521869044,0.2590087367678434,0.3038170332543745,1.0,-0.007780000000000006,-0.010225142857142867,-0.003890000000000003,0.3900000000000003
0.4638934266799931,0.5385012797795914,-0.12401238544546224,-1.3692431386888915,0.0787368725103162,1.899073119856887,0.15827087459202957,-0.00564227574343745,-0.04014716787740159,-0.00204191180113661,-0.0675542834089028,-0.004971911579411749,0.029032356650575436,-0.001407284368753562,0.5746029763195645,0.818416128400741,0.0026846376754344663,0.0,0.8183822777911877,-0.574541312599784,-0.011553112768118597,0.0,-0.007912970917972661,0.008835682992460181,-0.9999296553244675,0.0,0.6601802105193417,0.2588406395626759,0.30382741533600377,1.0,-0.008100000000000007,-0.010645714285714297,-0.004050000000000003,0.4060000000000003
0.46378922322035493,0.5377382092329439,-0.12402863919430432,-1.370450711517955,0.07866861919564426,1.8995446782568097,0.1581525442684582,-0.0052915666783508565,-0.04461024478904576,-0.0030105957287293737,-0.07225473989960014,-0.004301510467630132,0.03043877060714259,-0.015944584867252025,0.5746513871635118,0.8183820734848748,0.002704058219958367,0.0,0.8183485340242794,-0.574589720009421,-0.011535918733077171,0.0,-0.007887216890199722,0.00884216402144504,-0.9999298015086583,0.0,0.6600493618528045,0.2586500475310907,0.3038329523040541,1.0,-0.008440000000000007,-0.01109257142857144,-0.004220000000000003,0.4230000000000003
0.46368710434515664,0.5369215858400556,-0.1240316402950402,-1.3717115390128833,0.07859748352980205,1.9000093084884693,0.15806793193313298,-0.009766906905277175,-0.04577075338582813,-0.00040157176574451053,-0.0758371058222144,-0.006691857080718485,0.027772300745056083,0.0002106307182441645,0.5747182230086223,0.8183350776681082,0.0027224439298257023,0.0,0.8183017420387828,-0.574656448785483,-0.011531337596267423,0.0,-0.007872179650579902,0.008855220953062487,-0.9999298044610038,0.0,0.6599025226967774,0.2584619800542086,0.3038497711597855,1.0,-0.008780000000000007,-0.011539428571428582,-0.004390000000000003,0.44000000000000034
0.46359234178635605,0.5362006205046417,-0.12403717705874162,-1.3728720553066611,0.07853461888275501,1.9004449188843184,0.1579904616129757,-0.0025959603376522374,-0.04793740935603788,0.001474185970023019,-0.08038540613310555,-0.0017240431653226347,0.03288329198749664,-0.0031004793580726667,0.5747833844391703,0.818289320349231,0.0027195728074583814,0.0,0.8182559130989835,-0.5747215726897128,-0.011537827560697853,0.0,-0.007878435596302358,0.008857228634317316,-0.9999297374083215,0.0,0.6597685962290744,0.258287327770586,0.30384425258703407,1.0,-0.009080000000000006,-0.011933714285714296,-0.004540000000000003,0.45500000000000035
0.46347314733992445,0.5352615587927284,-0.12404444164172397,-1.3743221443241755,0.07843572036743066,1.900966675388553,0.15787267400511124,-0.009264004866883254,-0.05582903443324719,0.0005167440006185663,-0.0875808414652657,-0.006297459909514672,0.03214709192130077,-0.0076173871068306465,0.5748426672720561,0.8182476732018962,0.002720309622053589,0.0,0.8182143757436,-0.5747809584147132,-0.011525279674836176,0.0,-0.007867102571290085,0.008851189361400336,-0.9999298801136116,0.0,0.6595988259679073,0.25806408359449196,0.3038621521655326,1.0,-0.009440000000000007,-0.012406857142857155,-0.004720000000000004,0.47300000000000036
0.46336286716258446,0.5343744471922681,-0.12404746745624455,-1.375730913028825,0.07836936011925807,1.9014833655381804,0.1577684427416751,-0.006762671732858567,-0.04706015503980213,0.0011375917180876897,-0.08423755455208301,-0.0069334568885152945,0.035410475526634205,-0.007928101568806753,0.5749092525249557,0.8182008785753906,0.0027240706422709763,0.0,0.8181674721934435,-0.5748473456442104,-0.011543983350854829,0.0,-0.007879524247131064,0.008865659522282354,-0.9999296541151651,0.0,0.6594308518811399,0.2578583248353175,0.30386236454688376,1.0,-0.009780000000000007,-0.012853714285714298,-0.004890000000000004,0.4900000000000004
0.4632428377464747,0.533455657393213,-0.12404787220987096,-1.3772115078645106,0.07828524681557002,1.9020134849119015,0.15766121124754928,-0.00980075915875235,-0.06132622803254756,0.0010806088373790774,-0.08857858038303842,0.0002976611638865255,0.03102165142910619,-0.004674637453805602,0.5749784731059684,0.8181523214263501,0.002698390374272017,0.0,0.818118503369127,-0.5749165536812094,-0.011567957883283866,0.0,-0.007913154654656251,0.008859100420325408,-0.9999294466726909,0.0,0.6592522364780666,0.2576376194674286,0.30385160526312804,1.0,-0.010120000000000007,-0.013300571428571441,-0.005060000000000004,0.5070000000000003
0.4631256773794733,0.5325296291817692,-0.12405035679943337,-1.3787005909652956,0.07820266864907592,1.9025777302871452,0.15757232800218612,-0.006290448762912558,-0.056970248547266004,0.000288587993650816,-0.0884497821307521,-0.0004334121300045747,0.030289609127688036,-0.0065157176445794504,0.5750627380870298,0.8180930905768304,0.002699873239020924,0.0,0.8180592473194811,-0.5750007533673553,-0.01157360804876478,0.0,-0.007916012039067277,0.008864377670579252,-0.9999293772871716,0.0,0.6590779206027089,0.2574192555414078,0.30384476127993476,1.0,-0.010460000000000007,-0.013747428571428584,-0.005230000000000004,0.5240000000000004
0.46299555741836584,0.5316249468558718,-0.12404547182521365,-1.380153690613009,0.07812058067034512,1.903128691738713,0.15744926009247798,-0.010003979478234077,-0.05145714348396766,0.0010044356680028667,-0.09284738603465491,-0.0028540182379344,0.026984130974292902,-0.007792698066068342,0.5751252363080712,0.818049131931114,0.0027068818859334936,0.0,0.8180153154885366,-0.5750631486119252,-0.011578671596387948,0.0,-0.007915446624971068,0.00887362792275323,-0.999929299716843,0.0,0.6589003651579,0.2571869217744867,0.3038413210328247,1.0,-0.010800000000000008,-0.014194285714285727,-0.005400000000000004,0.5410000000000004
0.46285438953649305,0.530569029122722,-0.12404536952153832,-1.3818511951503354,0.07800583101540136,1.903732378191005,0.15732221740902355,-0.006387917024253479,-0.06009394264815317,0.00015891068543173972,-0.10056475599635199,-0.0053824337284888715,0.03927231103903619,-0.001504801845991927,0.5751954056140636,0.8179999375931027,0.002663523861579823,0.0,0.8179656077213564,-0.5751335087694932,-0.011595627483316308,0.0,-0.00795349386290689,0.00884859293056707,-0.9999292196643329,0.0,0.6587049427035206,0.25694165881051945,0.3038267902922496,1.0,-0.011140000000000008,-0.01464114285714287,-0.005570000000000004,0.5580000000000004
0.4627243561265935,0.5296181839757136,-0.12405106755724025,-1.3834011658922967,0.07791702265221362,1.9042870911081047,0.15722831524719244,-0.006654612954582071,-0.06408546483516811,0.0001490956489237118,-0.09848736717874813,-0.004120599190164803,0.03251274606338966,-0.00890404374273488,0.5752893077757901,0.8179340246723577,0.002624984445528773,0.0,0.8178991388713519,-0.575227467912304,-0.011623497490368676,0.0,-0.007997444902752393,0.008834016424907457,-0.9999289979937733,0.0,0.6585183324758052,0.2567044768329301,0.3038071194492033,1.0,-0.011460000000000008,-0.0150617142857143,-0.005730000000000004,0.5740000000000004
0.4625791387731357,0.5285428380043098,-0.12405704549823648,-1.385076284773708,0.07780797807268153,1.9049024086138309,0.1570925912250526,-0.007699796436221382,-0.06918626009482255,0.0003381088254761984,-0.10546335996288692,-0.008850158296835664,0.0322262467466802,-0.0161392255244063,0.5753627273606672,0.8178823598865826,0.0026313972822665597,0.0,0.8178476303399596,-0.5753009371128176,-0.011611727073737341,0.0,-0.007983335122962898,0.008833207056906073,-0.999929117894566,0.0,0.6583224680565262,0.2564447788764615,0.30382056136261765,1.0,-0.011800000000000008,-0.015508571428571443,-0.005900000000000004,0.5910000000000004
0.4624368345620385,0.5274397135057101,-0.12405708338290794,-1.386805594074547,0.07770784499180625,1.9055679206558471,0.1569876818497149,-0.012124828868293677,-0.06389310696567062,0.0018665454428088597,-0.10378602037062624,-0.004968381463489767,0.033518283544457746,-0.005554859474958717,0.5754601465769847,0.8178137123286557,0.0026643066689676417,0.0,0.8177793943585531,-0.5753982156280866,-0.011597521967237135,0.0,-0.007951728286039461,0.008852897231034829,-0.9999291956073098,0.0,0.6581215880923353,0.25618923514719844,0.30383169521459785,1.0,-0.012140000000000008,-0.015955428571428586,-0.006070000000000004,0.6080000000000004
0.46228833062505725,0.5263031324253084,-0.1240655674010874,-1.388573257586322,0.07759292365991356,1.90624778883004,0.15684129244081266,-0.013158315509179265,-0.0675832856349898,-0.00035872377309481844,-0.10790981621868795,-0.0018864056791043887,0.04053382194778893,-0.010056526231189309,0.5755324749153936,0.8177627058273297,0.0026970682109077352,0.0,0.8177289366427394,-0.5754705639556442,-0.011565599807872036,0.0,-0.007905985043754504,0.008862019622803391,-0.9999294775176362,0.0,0.6579192637202209,0.2559192075211361,0.30384932851486135,1.0,-0.012480000000000008,-0.016402285714285727,-0.006240000000000004,0.6250000000000004
0.46213529914927515,0.5251186231511397,-0.1240722227035269,-1.39038946078405,0.07748223906797251,1.9069084463532318,0.15672403742023233,-0.00842418567075833,-0.07564600745198392,-1.4871812680947562e-05,-0.10563648768992617,-0.010799874121027907,0.03333242853763271,-0.0072360580274355105,0.5756239039969818,0.817698295996423,0.0027138115313811275,0.0,0.8176647854593976,-0.5755619730556771,-0.011552518907206936,0.0,-0.007884660109526653,0.008869064914932376,-0.9999295834319993,0.0,0.6577167704036038,0.25565635760635,0.30387044525479334,1.0,-0.01280000000000001,-0.016822857142857157,-0.006400000000000005,0.6410000000000005
0.46199394977177854,0.524035240500783,-0.12408157300507702,-1.3921370640813735,0.07736113448314003,1.9075244780535863,0.15658482179694053,-0.006656067394394988,-0.07192709720073083,-2.36164035794433e-06,-0.11191777990364724,-0.00495990070935981,0.041958686736202976,-0.00949943767854279,0.5757037575729547,0.8176422332590694,0.002666234931649826,0.0,0.8176081807326867,-0.575642057423039,-0.011568553322068294,0.0,-0.007924293379407754,0.008840165309645973,-0.9999295260425782,0.0,0.6574887697937941,0.2553722074366633,0.30385921206084315,1.0,-0.01314000000000001,-0.0172697142857143,-0.006570000000000005,0.6580000000000005
0.46183734721970776,0.5228515894669652,-0.1240798273046373,-1.3940575002139812,0.0772566570716696,1.9082428094862356,0.15644959452259927,-0.008021493965244712,-0.06770180170511457,-0.005438247202321809,-0.11317535796368848,-0.005828444797302715,0.04406199666554594,-0.014521930664453257,0.575795003753607,0.8175780184762209,0.0026541021247164205,0.0,0.8175436880687474,-0.5757331983344658,-0.011590916086555176,0.0,-0.007948576536129848,0.008844006285644315,-0.9999292993426429,0.0,0.6572569415369672,0.2550896920024794,0.30383940640470486,1.0,-0.01348000000000001,-0.017716571428571443,-0.006740000000000005,0.6750000000000005
0.46168336363788626,0.521614393795795,-0.12408081295058136,-1.3960008708114173,0.07713405727433062,1.9090067508218178,0.1563102533974144,-0.00943024689721412,-0.06816569967393515,0.00037468098829082755,-0.1173401351664171,-0.011591016139827045,0.04850226841823737,-0.007864414198675408,0.5758788010240851,0.817518857304455,0.0026965503682814815,0.0,0.8174851617248676,-0.5758169381644376,-0.011559021749601397,0.0,-0.00789715092024823,0.008861156104799497,-0.999929554978664,0.0,0.6570305304555792,0.25480547759589706,0.30384998196924184,1.0,-0.013820000000000011,-0.018163428571428587,-0.0069100000000000055,0.6920000000000005
0.46152313723098226,0.5203623520963306,-0.12409161160177985,-1.3980286635389008,0.07700557376671376,1.9097636111906542,0.15615892088546593,-0.0100041286577418,-0.07666734670654361,-0.0017901342100949031,-0.11973772609030071,-0.0073706258426324426,0.04526296409980022,-0.013490512297592738,0.5759673223297777,0.8174565757751517,0.00267155973882058,0.0,0.8174226316352702,-0.5759056152876694,-0.01156332442719318,0.0,-0.007914101706649246,0.008844060675412435,-0.9999295723124437,0.0,0.6567866642464659,0.25450026387296465,0.30383017411284186,1.0,-0.014160000000000011,-0.018610285714285732,-0.0070800000000000056,0.7090000000000005
0.4613640687157542,0.51912948588532,-0.1240918810039233,-1.399963729917022,0.07688492595521497,1.9104675083344709,0.15601434066687733,-0.010811595634880135,-0.07721439705012499,-0.0003751010355267421,-0.12034052265334677,-0.008657556420393609,0.044767022084818545,-0.004953404220261933,0.576049639266913,0.8173985758221275,0.002669877455049329,0.0,0.8173646007710136,-0.5759879172623551,-0.011566134852397499,0.0,-0.007916477418158652,0.008845101425201507,-0.9999295443010299,0.0,0.6565497945620199,0.25421042634114677,0.30383572544502907,1.0,-0.01448000000000001,-0.01903085714285716,-0.007240000000000005,0.7250000000000005
0.4611884904272581,0.5177702304058864,-0.1240944368376497,-1.4020461809409197,0.07674964486896158,1.9112148011327592,0.15585198576230258,-0.011751324882608442,-0.07657125911493252,4.575673377301467e-05,-0.11975067861513242,-0.0020718181238920962,0.04959102767289984,-0.010030444081728917,0.5761359324475687,0.8173377056708049,0.0026849828236761037,0.0,0.8173039612978611,-0.5760741887043093,-0.011554689814291197,0.0,-0.00789748641180249,0.008851689510558869,-0.9999296361750583,0.0,0.6562948912068672,0.25389322676338744,0.30386325441387196,1.0,-0.014820000000000012,-0.019477714285714303,-0.007410000000000006,0.7420000000000005
0.4610128816801885,0.5164433801215719,-0.12410106092911004,-1.4041726766013212,0.07660823067817972,1.911996873169353,0.15569784463962805,-0.008028820192466854,-0.07606048535388485,-0.00015902146188571202,-0.12288896909727408,-0.008119660554854793,0.0475686504308467,-0.005326473936021115,0.5762324300419871,0.8172697611745251,0.002659123699633066,0.0,0.8172357783809207,-0.5761708676625229,-0.011556846124907424,0.0,-0.007913103614959893,0.008832730610092543,-0.9999296803581483,0.0,0.6560361699523577,0.2535694035301925,0.3038498752214951,1.0,-0.015160000000000012,-0.019924571428571448,-0.007580000000000006,0.7590000000000006
0.4608262597722422,0.5150567716808654,-0.1241017896442656,-1.4063490447376246,0.07647164894491261,1.912823131238339,0.15552966504507584,-0.012508739328740278,-0.07814310287160464,0.0014766716359939842,-0.1361336855086857,-0.006913829454334166,0.051543665599964074,-0.01060995564202977,0.5763260177630707,0.8172036832169374,0.002684825364990001,0.0,0.8171700742642718,-0.576264404765851,-0.011539169293853697,0.0,-0.007882834126328953,0.008844452713437909,-0.9999298158282592,0.0,0.6557764167942581,0.253240452116469,0.3038578907854436,1.0,-0.015500000000000012,-0.02037142857142859,-0.007750000000000006,0.7760000000000006
0.46063551614722176,0.5136598816732272,-0.1241049673193436,-1.4085785615939688,0.07634384437231512,1.9136219435582809,0.15535768050933282,-0.015381073996865266,-0.08000497732153954,-0.0004815886334461816,-0.13248199827622614,-0.00986770866218195,0.047160464399327494,-0.015267636499412884,0.5764262745635009,0.8171330561450136,0.002658091262920259,0.0,0.8170989853976007,-0.5763646079886857,-0.01156864821267169,0.0,-0.007921247649299301,0.008840566673295969,-0.999929546626448,0.0,0.6554991148849633,0.2529008497185935,0.3038451096239021,1.0,-0.015840000000000014,-0.020818285714285737,-0.007920000000000007,0.7930000000000006
0.4604406218157045,0.5122683623051951,-0.12410818179349267,-1.4108612648519308,0.0762077096930982,1.914421126158271,0.1551822946814426,-0.012657562511788817,-0.08224929376040967,-0.0003355211355186503,-0.13671232742289213,-0.007091280978699262,0.04142464979226087,-0.006712429064905491,0.576527264828794,0.817062059975904,0.0025787512810860813,0.0,0.8170268524806408,-0.5764657339710386,-0.011624404673664927,0.0,-0.008011452523965124,0.008808864872232827,-0.999929107751204,0.0,0.6552097307906154,0.25255091068461366,0.30380287726912925,1.0,-0.016180000000000014,-0.02126514285714288,-0.008090000000000007,0.8100000000000006
0.4602621216508449,0.5109064676794174,-0.12411460434466302,-1.4130474499454504,0.07608122446084863,1.9152340286472624,0.15501418682480866,-0.005982774152322385,-0.08447670162419293,0.0020851933933871956,-0.13679097800673345,-0.009035642247473554,0.05052267532618711,-0.009898617366878977,0.5766205644440194,0.8169962518433157,0.0025682747988145732,0.0,0.8169608533848132,-0.5765589974594875,-0.011637585079257072,0.0,-0.008027255996608418,0.008808820445623075,-0.9999289813999399,0.0,0.6549404918702335,0.2522233874587112,0.3037866879286467,1.0,-0.01650000000000001,-0.021685714285714305,-0.008250000000000006,0.8260000000000006
0.4600534272921363,0.5094370332681067,-0.12411707304442315,-1.415385363305175,0.0759286184478226,1.9161180584883515,0.1548261678551832,-0.011399913839438492,-0.09004047826188281,-0.0023955321423359006,-0.1344411614050969,-0.009233529481196037,0.04719918938913826,-0.01002774540906058,0.5767198331378408,0.8169261690028071,0.0025720351993132936,0.0,0.8168909069253686,-0.5766583368773683,-0.01162564379657463,0.0,-0.008014261407867596,0.008805981059514745,-0.9999291106431824,0.0,0.6546593628213616,0.2518624947789361,0.30377911454302314,1.0,-0.016840000000000015,-0.022132571428571453,-0.008420000000000007,0.8430000000000006
0.45984910465803114,0.507932281251891,-0.12412024270722308,-1.4177600687417593,0.07577298561822178,1.916964760541647,0.15464067632905257,-0.010674988463725435,-0.08504093064767211,0.0030948303992966338,-0.14757339865644795,-0.016308190944831005,0.047978132436532955,-0.011748732122572918,0.5768184015278535,0.8168566600322981,0.0025447044894244897,0.0,0.8168210709426074,-0.5767570173749111,-0.011637348245050312,0.0,-0.008038524014160553,0.008791374120211456,-0.9999290444190289,0.0,0.654361159159726,0.2514972818781589,0.3037749959897261,1.0,-0.017180000000000015,-0.022579428571428594,-0.008590000000000007,0.8600000000000007
0.459632530611003,0.5063944433875537,-0.12412095993487973,-1.4201596807494576,0.0756253462216652,1.9178362399730615,0.15444074081156614,-0.016337703762071852,-0.08656330949297154,0.0008753831785005207,-0.14485365239686454,-0.013483365281562706,0.049141043366406414,-0.010934551106961966,0.57691662240499,0.8167872727203852,0.00255123813506203,0.0,0.8167517264379871,-0.5768551573375006,-0.011640090846012849,0.0,-0.008035937897231948,0.008799259459747022,-0.9999289958467411,0.0,0.6540639281516103,0.25112597965276995,0.3037837051219978,1.0,-0.017520000000000015,-0.02302628571428574,-0.008760000000000007,0.8770000000000007
0.4594114074508807,0.504792424599205,-0.12413235778605751,-1.4226076123439932,0.07547370969973971,1.918794951790815,0.15426470907862466,-0.015228936987795766,-0.09198352450025073,-0.00012579457371443388,-0.14710529440014025,-0.012164819185543192,0.06199181817803631,-0.007165109819865023,0.5770470437401268,0.8166948549617671,0.0026400929844648336,0.0,0.8166605749278274,-0.576985385689548,-0.011580887722546482,0.0,-0.007934909121585065,0.00883894705585861,-0.9999294526276221,0.0,0.6537770014556291,0.2507458231510095,0.3038215862627768,1.0,-0.017860000000000015,-0.02347314285714288,-0.008930000000000007,0.8940000000000007
0.4591960236006699,0.5032512233797429,-0.12413294656655231,-1.424938166368873,0.0753302645147953,1.9196787136775906,0.1540767577137013,-0.017958550456177513,-0.09461422176397634,-0.0030429294603611682,-0.14670310431827227,-0.007966382649076585,0.051197957907069165,-0.015617676561646861,0.5771508432146061,0.8166212467784125,0.0027185267973930524,0.0,0.8165879988788124,-0.5770889312981632,-0.011539166410476125,0.0,-0.007854447959156019,0.008879926947292352,-0.9999297248030321,0.0,0.6534963328536778,0.25038523094373516,0.3038654079948071,1.0,-0.018180000000000016,-0.02389371428571431,-0.009090000000000008,0.9100000000000007
0.45896992518567625,0.5015497593600514,-0.12413347284537561,-1.4274442485470473,0.07516887150703731,1.9206140533273934,0.15387458751126476,-0.015040935659499328,-0.09873709207923785,0.001295729072138144,-0.1490059053453995,-0.006765883375804238,0.05532647284905095,-0.010476773473116471,0.5772551408386396,0.8165471598480356,0.0028257778888825733,0.0,0.8165153608177586,-0.5771929432567933,-0.011476876945146725,0.0,-0.007740541246216148,0.00893254924914337,-0.9999301443526579,0.0,0.6531905991142501,0.24999967922337965,0.3039413674593112,1.0,-0.018520000000000016,-0.024340571428571454,-0.009260000000000008,0.9270000000000007
0.45875198146242885,0.4999356303568098,-0.12413446727404712,-1.4298954237564256,0.07500890099152747,1.921481097189675,0.1536907710944439,-0.013736351224591863,-0.10524259197460624,-0.0005627101020832165,-0.1511116000195638,-0.005905658857972421,0.05585556624996493,-0.009124532190710556,0.577380689248063,0.8164582888791976,0.002854663744237181,0.0,0.816426880954901,-0.5773184063379104,-0.011460918764023451,0.0,-0.00770946063061162,0.008948109671109983,-0.9999302453421933,0.0,0.6528608826563675,0.2495946466707274,0.3039834088103359,1.0,-0.018860000000000016,-0.024787428571428596,-0.009430000000000008,0.9440000000000007
0.4585058750893263,0.4982777750013583,-0.12413920708718881,-1.4325067700081209,0.07484289967021376,1.9224456490369874,0.15347974401802783,-0.013452143720941676,-0.0940409380047358,0.0003105067388911174,-0.1514225463554326,-0.010639132290849866,0.06443166196000728,-0.018701302514251134,0.5774857928044104,0.8163839112311855,0.0028662681559170006,0.0,0.8163526686687184,-0.5774234786067718,-0.011453978013118257,0.0,-0.007695941011008678,0.008954567635048247,-0.9999302916755869,0.0,0.652539395295466,0.24918315276558234,0.3039811141890685,1.0,-0.019200000000000016,-0.02523428571428574,-0.009600000000000008,0.9610000000000007
0.45824533945816726,0.49659240412740485,-0.12413969267030911,-1.435172186648056,0.0746805234365456,1.923412561783868,0.1532701352719801,-0.018874507572970677,-0.09167382571695906,-0.0004566232331263395,-0.1532116439991254,-0.008787056315860499,0.05420780045286881,-0.014962173856044394,0.5776177314410775,0.8162906674257475,0.0028371640240152703,0.0,0.8162589767107586,-0.5775554072592108,-0.011479607395752664,0.0,-0.007732225828820882,0.008946857639506145,-0.9999300807667058,0.0,0.6522235728074242,0.24878296057790086,0.30396292040886297,1.0,-0.019520000000000017,-0.02565485714285717,-0.009760000000000008,0.9770000000000008
0.4579693510580899,0.49491991887966547,-0.12414051159243684,-1.4378838202729298,0.07451700868013687,1.9243584142723815,0.1530615736712432,-0.01361020668344757,-0.09910123119917617,-0.001360483761263006,-0.168875796525136,-0.004462076591008543,0.05571399347705853,-0.022347705019056804,0.5777657309672884,0.8161861925691406,0.0027579123504392388,0.0,0.8161533293441646,-0.5777034710494259,-0.011540772898249778,0.0,-0.007826314634237608,0.008918914153070431,-0.9999295984065959,0.0,0.651877484500425,0.24834091620193757,0.3039194536172872,1.0,-0.019860000000000017,-0.02610171428571431,-0.009930000000000008,0.9940000000000008
0.4576812225146896,0.4931673370307617,-0.12417205129116345,-1.4407475302053447,0.07434034257738809,1.9253682392707048,0.15284201808910852,-0.02067469922717658,-0.11337358284287233,-0.007303846497529385,-0.18110413883394072,-0.004060128245633392,0.0666094049995626,-0.010176550588390391,0.577940264726831,0.8160629333486028,0.0026619773031118527,0.0,0.8160288431444589,-0.5778783158354691,-0.01158991564620547,0.0,-0.007919954082449221,0.008870699964327544,-0.9999292900047857,0.0,0.6515186672689134,0.24785835495079442,0.30386525228105377,1.0,-0.025831428571428332,-0.0339498775510201,-0.0362511499885703,1.0109999999999995
