position_joint1,position_joint2,position_joint3,position_joint4,position_joint5,position_joint6,position_joint7,velocity_joint1,velocity_joint2,velocity_joint3,velocity_joint4,velocity_joint5,velocity_joint6,velocity_joint7,ee_T_00,ee_T_10,ee_T_20,ee_T_30,ee_T_01,ee_T_11,ee_T_21,ee_T_31,ee_T_02,ee_T_12,ee_T_22,ee_T_32,ee_T_03,ee_T_13,ee_T_23,ee_T_33,v_x,v_y,time
0.46506626972,0.547872709349,-0.123910453702,-1.35586154697,0.0795150571658,1.89409231476,0.159168395191,0.00716136671889,0.00126122596338,-0.00131942210834,0.0005398206477,4.73378182884e-05,-0.000222401048499,-3.79399058504e-05,0.573770461999,0.819002283633,0.0018609787528,0.0,0.818957382122,-0.573711696347,-0.0120184293434,0.0,-0.00877562475878,0.0084200441564,-0.999926042898,0.0,0.66164960383,0.260928007902,0.30313268734,1.0,0.0,0.0,0.0
0.465063764066,0.547875812692,-0.123905442433,-1.35586154697,0.0795147046317,1.89409233156,0.159159467402,0.00253247232332,0.00172448113137,0.000654773560976,0.000438352842198,0.000296596188058,-0.000156319060666,-0.00677865743238,0.573761613121,0.8190084864,0.00185941283122,0.0,0.818963540582,-0.573702832455,-0.0120219021501,0.0,-0.00877945850743,0.00842065940989,-0.999926004064,0.0,0.661649046761,0.260929152549,0.303130323934,1.0,-4e-05,-5.25714285714e-05,0.003
0.465057818752,0.547872287646,-0.123907951328,-1.35586681052,0.0795150571605,1.8940923322,0.159166469642,-0.00182507483389,0.00110117049961,-0.0003046522906,-0.00022899431932,-0.000161920944801,-8.76683978426e-05,-0.000699000655659,0.573771321429,0.819001681682,0.00186091626356,0.0,0.818956757609,-0.573712535078,-0.0120209468141,0.0,-0.00877771366723,0.0084214466267,-0.999926012753,0.0,0.6616493471,0.26092727641,0.30313211755,1.0,-0.00036,-0.000473142857143,0.019
0.465060496486,0.547860834856,-0.123913272796,-1.3558734701,0.0795156509472,1.89409267976,0.15915891206,-0.0016979572936,-0.00205439717243,-0.00153493365727,-0.000161732009991,-7.61445290007e-05,8.53319562142e-05,-0.000645894403003,0.573770183302,0.819002477347,0.00186165389066,0.0,0.818957581329,-0.573711411577,-0.0120184487914,0.0,-0.00877525620338,0.00842060525633,-0.999926041408,0.0,0.661649378336,0.260921418626,0.303135550923,1.0,-0.0007,-0.00092,0.036
0.465065191937,0.547817410978,-0.123908196016,-1.35591310374,0.0795147044692,1.89409596927,0.159159259097,0.00144062207725,-0.00327326220846,-0.00079638202395,-0.00204860280634,8.52522959061e-06,-0.000457091857678,-0.000841018019739,0.57376493347,0.81900613474,0.00187063602256,0.0,0.818961301655,-0.573706071359,-0.0120198576925,0.0,-0.00877131082031,0.00842871364006,-0.999926007709,0.0,0.661639760989,0.260923401618,0.303147565838,1.0,-0.00106,-0.00139314285714,0.054
0.465064862103,0.547705966396,-0.123905810679,-1.35606288138,0.0795126681548,1.89412903426,0.159158073457,0.000591803087391,-0.00346960170678,0.000316878021569,-0.0125031606277,-9.02341534957e-05,0.00415933311697,-0.00226782834295,0.573770231988,0.819002420391,0.00187167824035,0.0,0.818957493738,-0.57371126172,-0.0120315637665,0.0,-0.00878024600798,0.00843634047998,-0.999925864972,0.0,0.66161461559,0.260910164419,0.30315801772,1.0,-0.00138,-0.00181371428571,0.07
0.465050413927,0.547542068314,-0.12390830467,-1.35627789004,0.0795097081228,1.89417487375,0.159152450974,-0.000918767646932,-0.0152100457369,-1.55007474141e-05,-0.012330218231,-0.00020670028309,0.00355636272151,-0.000597152097022,0.573790177833,0.818988441517,0.00187386928364,0.0,0.818943419256,-0.573731076202,-0.0120447149697,0.0,-0.00878955452694,0.00844589467243,-0.999925702537,0.0,0.661583299755,0.260878426823,0.303175845828,1.0,-0.00174,-0.00228685714286,0.088
0.465030254416,0.547387588886,-0.123905416996,-1.35646901365,0.0795060812767,1.89429087191,0.159140228194,-0.00229501140045,-0.0115369243058,0.000576839475567,-0.0108344306864,-3.95951340225e-05,0.0112268430308,-0.00227863173143,0.573812882042,0.818972345039,0.00195483138493,0.0,0.81892837045,-0.573753419674,-0.0120035155349,0.0,-0.00870912375195,0.00848880216002,-0.999926042966,0.0,0.661570871653,0.260853227776,0.303210140953,1.0,-0.00208,-0.00273371428571,0.105
0.465002312528,0.547169282934,-0.123900844704,-1.35671696708,0.0795063047244,1.89442110812,0.159121885189,-0.005095734043,-0.00893434876251,0.00108424044176,-0.0171138685452,0.000234163520183,0.00926740544624,-0.00218419875116,0.573823441858,0.81896473773,0.00204030166322,0.0,0.818921766769,-0.573763507879,-0.0119717935119,0.0,-0.00863399232533,0.00854070763609,-0.999926252525,0.0,0.661552615123,0.260819908814,0.303252051031,1.0,-0.00242,-0.00318057142857,0.122
0.46497258999,0.546979022282,-0.123906134527,-1.3569839833,0.0794985760076,1.89454232965,0.159110043669,-0.00420263494288,-0.0109765440456,-0.000276628376309,-0.0197537615757,0.000472059342131,0.0130048418635,-0.000598228738682,0.573854801276,0.818942662601,0.00208070319824,0.0,0.818900204583,-0.573794681557,-0.0119526253,0.0,-0.00859478383539,0.00856312455763,-0.999926398586,0.0,0.661529971937,0.260774976508,0.303270408476,1.0,-0.00272,-0.00357485714286,0.137
0.464931202108,0.546726840801,-0.123905556507,-1.35736574015,0.0794892451322,1.89468327154,0.159050108665,-0.00281618989656,-0.012992709133,-0.0079209935398,-0.0232310460076,7.82597654351e-05,0.00968608654889,-0.00797322565896,0.573858082409,0.818940318629,0.00209825628695,0.0,0.818897960244,-0.573797760743,-0.0119585691181,0.0,-0.00858954502035,0.00858094454569,-0.999926290837,0.0,0.661488333854,0.260713991311,0.303279514631,1.0,-0.00306,-0.00402171428571,0.154
0.464885181647,0.546414266419,-0.123906445429,-1.35781777757,0.0794801946335,1.89484908429,0.158940978978,-0.00165684258741,-0.0201845037245,0.000394980579233,-0.0270470686216,-0.00365303259188,0.00860591864601,-0.00131603592435,0.573829857935,0.818960009511,0.00213163444601,0.0,0.818917920695,-0.573769236049,-0.0119603440515,0.0,-0.00857214225089,0.00860900192613,-0.999926199008,0.0,0.661438623084,0.260643282062,0.303300130917,1.0,-0.00342,-0.00449485714286,0.172
0.464840215188,0.546121065668,-0.123911834996,-1.35831991508,0.0794603874783,1.89502471669,0.15891947485,-0.000312644585346,-0.0208977872831,-0.00161473947534,-0.0281776225601,0.000416016226124,0.00737765159359,-0.00129757730835,0.573875645349,0.818927990052,0.00210658168478,0.0,0.818885488544,-0.57381503539,-0.0119836852822,0.0,-0.00860515273339,0.00860235991915,-0.999925972635,0.0,0.661380171217,0.260563378273,0.303284145425,1.0,-0.00376,-0.00494171428571,0.189
0.464782916734,0.545785738131,-0.123910039667,-1.35889144261,0.0794220497747,1.89521054375,0.158822920629,-0.00319040090902,-0.01838733779,0.000291278820004,-0.0315141988724,-0.00976105176043,0.0116019511299,-0.00676642352464,0.573863881272,0.818936346759,0.00206219055808,0.0,0.8188932438,-0.573803436697,-0.0120090880175,0.0,-0.0086515532088,0.00858046097615,-0.999925760402,0.0,0.66131147839,0.260469486352,0.303265554102,1.0,-0.0041,-0.00538857142857,0.206
0.464725470155,0.545455668232,-0.123912516566,-1.35945783507,0.0793355869584,1.89540315916,0.158753440537,-0.00413034715011,-0.0236047432555,-0.000656259211556,-0.0413348612182,-0.00810318544681,0.0155921462664,-0.00551390160439,0.573864347629,0.818936186486,0.00199496502663,0.0,0.818892663422,-0.573804637882,-0.0119912568483,0.0,-0.00867552100048,0.0085151809562,-0.999926110785,0.0,0.661248835529,0.260366236669,0.303246302188,1.0,-0.0044,-0.00578285714286,0.221
0.464665506649,0.545051270237,-0.123915031331,-1.36014936772,0.0793209917679,1.89562742392,0.158697047366,-0.00527999297128,-0.0224391299852,-0.000831807634771,-0.0381055825878,-0.00321006239674,0.00887398845319,-0.00322191180341,0.573903595599,0.818908778017,0.00195528709745,0.0,0.818864448252,-0.573843768102,-0.0120454182873,0.0,-0.00874223776983,0.00851418788032,-0.999925538169,0.0,0.661162272901,0.260261211535,0.303222963486,1.0,-0.00474,-0.00622971428571,0.238
0.464590591048,0.544554966854,-0.123908028134,-1.36095639199,0.0792960051121,1.89591764574,0.158564025509,-0.00495130799394,-0.0324308792183,0.0010089807676,-0.0422861383229,-0.000728387550698,0.0111933717275,-0.00825477479613,0.573889457901,0.818918692665,0.00195238717606,0.0,0.818874046182,-0.573829373383,-0.0120786436749,0.0,-0.00877125885146,0.0085307297003,-0.999925143033,0.0,0.661066935561,0.260142118427,0.303215057583,1.0,-0.00512,-0.00672914285714,0.257
0.464539496362,0.544108089723,-0.123915067435,-1.36170219129,0.0792608947801,1.89618671504,0.15849225094,-0.00489420883103,-0.025161722293,-0.0020680694602,-0.0473803190131,-0.00231044861129,0.0209751053094,-0.00248886996007,0.573909676985,0.818904577269,0.00192947957467,0.0,0.818859556672,-0.573849617686,-0.0120991582146,0.0,-0.00880099437317,0.00852396088449,-0.999924939477,0.0,0.660977643583,0.26003418408,0.303199872188,1.0,-0.00544,-0.00714971428571,0.273
0.464465010805,0.543598497764,-0.123912937885,-1.3625436065,0.0792232586903,1.89646735701,0.158387383591,-0.00364201221859,-0.0317165018283,0.000205595807968,-0.0518546180025,-0.00158105296774,0.0146151680771,-0.00515205980401,0.573919974842,0.818897443662,0.00189371140731,0.0,0.818851765058,-0.57385988904,-0.0121392550852,0.0,-0.00885425041094,0.00851779389542,-0.99992452187,0.0,0.660874313927,0.259905954329,0.303184205061,1.0,-0.00578,-0.00759657142857,0.29
0.464401633653,0.543112614407,-0.123915961663,-1.36330808821,0.0791789354809,1.89673958373,0.158272121698,-0.00133299178901,-0.0291625589758,7.12806546747e-06,-0.053688757931,-0.00323092133168,0.0146309771245,-0.00396689709256,0.573910261511,0.818904262551,0.00188875855381,0.0,0.818858493287,-0.5738501742,-0.0121446466896,0.0,-0.00886160912957,0.00851672731452,-0.999924465767,0.0,0.660784963047,0.259789260744,0.303187746587,1.0,-0.00608,-0.00799085714286,0.305
0.464329317706,0.542524431243,-0.123916463094,-1.36422306032,0.0791220213656,1.89706873892,0.158150541315,-0.00474303453405,-0.0348698856173,-0.000829216419699,-0.0551587816618,-0.00758222144245,0.0210763369401,-0.00661006398764,0.573905886476,0.818907326202,0.00188983132995,0.0,0.818861567188,-0.57384579128,-0.0121444849104,0.0,-0.00886090651106,0.00851746561046,-0.999924465705,0.0,0.660677315085,0.259653436219,0.303196799615,1.0,-0.00642,-0.00843771428571,0.322
0.464246155094,0.541846189739,-0.123913663701,-1.36528439489,0.079059261046,1.89746949497,0.158018215921,-0.00382702128366,-0.0360927584,0.000811931762245,-0.0536983923625,-0.00242170246341,0.0276684617631,-0.00718902379581,0.573905915687,0.818907269647,0.00190540268397,0.0,0.818861690382,-0.573845727894,-0.0121391722589,0.0,-0.00884761956428,0.00852716820798,-0.999924500665,0.0,0.660554796894,0.259500088559,0.303205895812,1.0,-0.0068,-0.00893714285714,0.341
0.464157841991,0.541231756952,-0.123916079288,-1.36623075415,0.0790046016783,1.8978197508,0.157895541619,-0.00713654237453,-0.039877384708,0.000529355071352,-0.063353317309,9.36881962803e-05,0.0289815957979,-0.00438989232458,0.57391735922,0.818899211748,0.00192163624396,0.0,0.818853828289,-0.57385708177,-0.0121327861831,0.0,-0.00883295453618,0.00853692016328,-0.999924547108,0.0,0.660448954671,0.259351019859,0.303220299532,1.0,-0.00712,-0.00935771428571,0.357
0.464078613588,0.540580310854,-0.123919556875,-1.36723545845,0.0789456659819,1.89819203755,0.157768967429,-0.0114338758475,-0.0406993046207,-0.00312847780837,-0.0643032010767,-0.00507567645808,0.023585769619,-0.00362733228461,0.573920943892,0.818896661593,0.00193770342698,0.0,0.818851483577,-0.573860590204,-0.0121250878687,0.0,-0.00881739210709,0.00854569773147,-0.999924609481,0.0,0.660332970131,0.25920170723,0.303234951852,1.0,-0.00744,-0.00977828571429,0.373
0.463966713512,0.539802285072,-0.123927427723,-1.36841937777,0.078879497411,1.89864355287,0.157621053117,-0.00273941354708,-0.0398458412291,-0.00121836280358,-0.0617987050846,-0.00416607592858,0.0222664471132,-0.00757686449325,0.573944875342,0.818879794792,0.00197703061075,0.0,0.81883513703,-0.57388435136,-0.0121044012702,0.0,-0.00877763169515,0.00856628613672,-0.999924783133,0.0,0.660204391515,0.259012878875,0.303260668656,1.0,-0.0078,-0.0102514285714,0.391
0.463856429548,0.539046466004,-0.1239253005,-1.36959601406,0.0788133326246,1.89908343634,0.157480489019,-0.00498695858593,-0.0474742025907,-0.00543533070095,-0.0687858004217,-0.00768316068896,0.0242673558903,-0.0120512214698,0.57396595234,0.818864976267,0.0019957700673,0.0,0.818820505626,-0.573905287187,-0.0121015621246,0.0,-0.00876433112884,0.00858022728121,-0.999924780271,0.0,0.660071628317,0.258830712369,0.303272695481,1.0,-0.00814,-0.0106982857143,0.408
0.463738489365,0.538268614935,-0.123927759067,-1.37078726417,0.0787381559934,1.89955064818,0.157330660822,-0.00570704484708,-0.0449640994737,0.000225864515445,-0.0715491795578,-0.00459506132455,0.032667686475,-0.01079043199,0.573987349763,0.818849873735,0.00203801298089,0.0,0.818806030367,-0.573926572581,-0.0120714879574,0.0,-0.00871523437995,0.00859778423306,-0.99992505859,0.0,0.659944805282,0.258639800672,0.303295702677,1.0,-0.00848,-0.0111451428571,0.425
0.463629211623,0.537525890215,-0.123928988126,-1.37198430388,0.0786653997629,1.90000123471,0.157181094702,-0.0104439321921,-0.0485090512218,-0.000871428446012,-0.0729432578028,-0.0106538391586,0.0283748871551,-0.0123171680273,0.574001810373,0.818839750104,0.00203279110575,0.0,0.818795844425,-0.5739410597,-0.0120736094193,0.0,-0.00871981692183,0.00859488005243,-0.999925043606,0.0,0.659809475565,0.258453445705,0.303289550524,1.0,-0.0088,-0.0115657142857,0.441
0.463527261858,0.53673313423,-0.123939872504,-1.3732166212,0.0785989482553,1.90046254833,0.157030010088,-0.00907028502459,-0.0533232077476,-0.00215684177484,-0.0759898572153,-0.00599239632484,0.0307913596713,-0.0078315622816,0.574019293298,0.818827445454,0.00205241160989,0.0,0.818783775242,-0.573958435362,-0.0120661003901,0.0,-0.00870222274746,0.00860682145309,-0.999925094166,0.0,0.659669138162,0.25826455384,0.3033030539,1.0,-0.00912,-0.0119862857143,0.457
0.463406528815,0.535817018535,-0.123943790086,-1.37465568116,0.0785229709741,1.90097849427,0.156849103408,-0.00353958811901,-0.0510311208403,-0.000760152897622,-0.0825505188391,-0.0106474023439,0.0340248852258,-0.010330160366,0.574031406919,0.818818955516,0.00205155036202,0.0,0.818775153,-0.573970431457,-0.0120805440401,0.0,-0.00871441698604,0.00861453600974,-0.999924921535,0.0,0.659498451101,0.258046578357,0.303309584767,1.0,-0.00948,-0.0124594285714,0.475
0.463293874435,0.534916475737,-0.123947585401,-1.37609582229,0.0784359765381,1.90150383356,0.156687836893,-0.00487547267985,-0.0507322484588,0.000285236032581,-0.0854526857779,-0.00706393235704,0.0215795342125,-0.00105151647658,0.574049932813,0.8188060029,0.00203743821528,0.0,0.818762004643,-0.573989004808,-0.0120892105807,0.0,-0.00872941912866,0.00860815325274,-0.999924845646,0.0,0.659327112422,0.25783254339,0.30330522536,1.0,-0.00982,-0.0129062857143,0.492
0.463180640814,0.534071523128,-0.123945127296,-1.37748796562,0.0783642467926,1.90201171057,0.156506760858,-0.00288540391879,-0.0586218601632,7.82393879686e-05,-0.0931114095588,-0.00419860103307,0.0303929791779,-0.0137380280417,0.574049713858,0.818806224251,0.00200998730244,0.0,0.818761703167,-0.573988744254,-0.0121219552246,0.0,-0.00877199118828,0.00860447121789,-0.999924504773,0.0,0.659159505221,0.257628017049,0.30328264088,1.0,-0.01014,-0.0133268571429,0.508
0.463050348501,0.533149427559,-0.123944755757,-1.37896307022,0.078275910485,1.90257665764,0.156326892094,-0.00672508382672,-0.0540373275495,-0.000697506590057,-0.0912807495258,-0.00954734024066,0.0347363171362,-0.00479255459716,0.574065970455,0.818794805475,0.00201866157079,0.0,0.818750396907,-0.574004959888,-0.0121177757848,0.0,-0.00876341883554,0.00860934843463,-0.999924537958,0.0,0.658991456427,0.257403408412,0.303279792883,1.0,-0.01048,-0.0137737142857,0.525
0.462914394606,0.53213724787,-0.123940284255,-1.38061375213,0.0781882498846,1.90318347683,0.156117216361,-0.00612490549248,-0.0611798583151,0.00571484674845,-0.0871384752697,-0.00860423266228,0.0360345455213,-0.00762515410088,0.57406907797,0.818792677797,0.0019978503215,0.0,0.818747826463,-0.574007991343,-0.0121478161269,0.0,-0.00879993027179,0.00860958697286,-0.999924215248,0.0,0.65879328452,0.257160766247,0.303260214321,1.0,-0.01084,-0.0142468571429,0.543
0.462796811387,0.531254282933,-0.123942396903,-1.38204485103,0.0780929222865,1.90369761962,0.155938412649,-0.010721076774,-0.0598106077205,0.000280393977355,-0.0943482643106,-0.00581909431126,0.0375065623586,-0.0117687585281,0.574072688959,0.818790230858,0.00196278979052,0.0,0.818744962706,-0.574011798446,-0.0121609288004,0.0,-0.00883075522169,0.00858844670472,-0.999924125294,0.0,0.658621206914,0.256943286297,0.303246002254,1.0,-0.01114,-0.0146411428571,0.558
0.462641406597,0.530143012898,-0.123942332649,-1.38378596079,0.0779982198739,1.90430705144,0.155699114925,-0.0116209938499,-0.0582404661954,0.00127958821852,-0.0950148821457,-0.00360596716224,0.0349696159336,-0.00921593046013,0.574072937658,0.818790081365,0.00195238496147,0.0,0.818744500349,-0.574011922049,-0.0121861969049,0.0,-0.00885741544367,0.00859443577536,-0.999923838032,0.0,0.658410540284,0.25667495598,0.303253099426,1.0,-0.0115,-0.0151142857143,0.576
0.462497079718,0.529018086425,-0.123953787085,-1.38553163088,0.0778771531227,1.90497424085,0.155462356849,-0.00834227665699,-0.0607957876408,0.000209303406005,-0.0924868599553,-0.00185794100934,0.0309833816966,-0.0150928882775,0.574067544227,0.818793797494,0.00197958357884,0.0,0.818748784102,-0.574006613836,-0.012148362257,0.0,-0.00881087923556,0.00859492761444,-0.999924244944,0.0,0.658211414756,0.256406544515,0.303272696878,1.0,-0.01186,-0.0155874285714,0.594
0.462362299669,0.527995268956,-0.123948771974,-1.38714150336,0.077783667188,1.90559657936,0.155237177323,-0.00640264954226,-0.0656704853742,0.00149468074557,-0.0986687287805,-0.00699623953176,0.0385072892449,-0.00759666465325,0.574052185671,0.818804487789,0.00201141828369,0.0,0.818759846072,-0.573991072788,-0.0121371216024,0.0,-0.00878356260923,0.0086143755614,-0.999924317917,0.0,0.658024209812,0.256170195682,0.303280392171,1.0,-0.01218,-0.016008,0.61
0.462220937024,0.526814488331,-0.123954225462,-1.38891631225,0.0776721178961,1.90627474951,0.15499799555,-0.00370638956889,-0.0653165352674,0.000651995189577,-0.10088687653,-0.00337300481533,0.0355209926891,-0.00603239736485,0.574041828014,0.818811579389,0.00207943506355,0.0,0.818767911573,-0.573980503368,-0.0120927925619,0.0,-0.00870833105473,0.00864450988588,-0.999924715876,0.0,0.657818251932,0.25590683389,0.303325630716,1.0,-0.01252,-0.0164548571429,0.627
0.462069246618,0.525644653777,-0.123958314673,-1.39075070659,0.0775493130254,1.90694298985,0.15474807562,-0.00695861176532,-0.0651383215294,-0.000807956027014,-0.102135378082,-0.0048489514113,0.0378627845592,-0.018957070481,0.574029938788,0.81881992528,0.00207514810673,0.0,0.818776283792,-0.573968715874,-0.0120854126396,0.0,-0.00870487417625,0.0086366370149,-0.999924814007,0.0,0.657598411589,0.255627818834,0.30333360789,1.0,-0.01286,-0.0169017142857,0.644
0.461918487474,0.52453205352,-0.123966163217,-1.3925108739,0.0774450160329,1.90757107994,0.154503347025,-0.00591677337206,-0.0701783381319,-0.00183806795105,-0.110833509546,-0.0111645897642,0.0393607972452,-0.0153101975645,0.574024962535,0.818823456125,0.00205839445923,0.0,0.818779546998,-0.573963764437,-0.0120994806806,0.0,-0.00872606275941,0.0086309413996,-0.999924678503,0.0,0.657385514572,0.25535558314,0.303333034626,1.0,-0.01318,-0.0173222857143,0.66
0.461751949535,0.523269329201,-0.123967092057,-1.39452695486,0.077320162158,1.9083274997,0.154229656389,-0.00645678934463,-0.0689212414649,0.000125599933212,-0.116261955552,-0.00771248934167,0.0452021266463,-0.0159742515506,0.574012471005,0.81883221455,0.00205777719159,0.0,0.81878830435,-0.573951284093,-0.0120988863014,0.0,-0.00872606200604,0.00862996167324,-0.999924686966,0.0,0.657144983102,0.255054005547,0.303326810952,1.0,-0.01354,-0.0177954285714,0.678
0.46162751232,0.522259915708,-0.123964161973,-1.39612486297,0.0772248942205,1.90895162656,0.15402274872,-0.00776084061326,-0.07418244223,0.000207941897226,-0.115273515792,-0.00950550350133,0.0449226977109,-0.011195702227,0.574002947792,0.818838815063,0.00208752789328,0.0,0.818795288132,-0.57394162813,-0.0120843094238,0.0,-0.00869714989866,0.0086458536936,-0.999924801571,0.0,0.656956028785,0.25482446825,0.303329686283,1.0,-0.01382,-0.0181634285714,0.692
0.461451543021,0.520930244266,-0.123970996451,-1.39825808239,0.0770931087831,1.90975884775,0.15372568811,-0.00954442085863,-0.0743777961311,0.00102034053604,-0.118288890251,-0.00827171548415,0.0475780235183,-0.0180100020828,0.573987146595,0.818849896011,0.00208572445551,0.0,0.818806384694,-0.573925875647,-0.0120805855797,0.0,-0.00869530242272,0.00864207173364,-0.999924850332,0.0,0.656702618289,0.254502629865,0.303318691867,1.0,-0.01418,-0.0186365714286,0.71
0.461250719642,0.519386923735,-0.123970456508,-1.40067229687,0.0769394908258,1.91061848427,0.153397695578,-0.0094065325702,-0.0791828987712,0.000218892084671,-0.124819009629,-0.00604158648478,0.0344994229147,-0.0147847730618,0.573969384139,0.818862377763,0.00207346468308,0.0,0.818818675402,-0.573908137648,-0.0120902132421,0.0,-0.00871041021076,0.00863737015013,-0.999924759465,0.0,0.656403906688,0.254138367404,0.303327801869,1.0,-0.01458,-0.0191622857143,0.73
0.461080334283,0.51812582982,-0.123968986354,-1.40264274857,0.0768125674421,1.91133125561,0.153131529058,-0.0101656168771,-0.0779041925012,0.000863008777737,-0.12514440732,-0.00331639797158,0.0434413783803,-0.0195013333389,0.573960041226,0.818868927241,0.00207315618537,0.0,0.818825221643,-0.573898798045,-0.012090198731,0.0,-0.00871067392947,0.00863700982424,-0.99992476028,0.0,0.656163114341,0.253837986386,0.303336790343,1.0,-0.0149,-0.0195828571429,0.746
0.460916738247,0.516836777933,-0.123977147047,-1.4046608887,0.076681366981,1.91205605336,0.152850572065,-0.0135468139116,-0.077227535365,-0.00198356108384,-0.12602918589,-0.00963672825247,0.0478966291661,-0.0162616974281,0.573940906742,0.818882362815,0.0020635746656,0.0,0.818838579286,-0.573879754229,-0.0120894854963,0.0,-0.00871579053249,0.00862855094158,-0.999924788724,0.0,0.655914172293,0.25353133502,0.303343682232,1.0,-0.01522,-0.0200034285714,0.762
0.46070880899,0.51538471011,-0.123982927921,-1.40696674287,0.0765377211249,1.91293449305,0.15254583809,-0.012174472956,-0.0832390926573,-0.000411470747243,-0.127818905033,-0.00716962614259,0.0436381401013,-0.019220825041,0.573948832695,0.818876768224,0.00207913746574,0.0,0.818833242729,-0.57388766634,-0.0120753437356,0.0,-0.00869519451459,0.00863326253161,-0.999924927367,0.0,0.655642566722,0.253173404362,0.303340837446,1.0,-0.01558,-0.0204765714286,0.78
0.46056308297,0.514251781731,-0.1239808362,-1.40883155576,0.0764279008487,1.91358755795,0.152296247529,-0.00530667739376,-0.079776310351,0.000947083996111,-0.133111873105,-0.0109904343452,0.0425572269949,-0.0186947860603,0.573930648047,0.818889675504,0.00201432012799,0.0,0.818845151723,-0.573869616376,-0.0121255021144,0.0,-0.00877366029285,0.00860877930293,-0.999924453048,0.0,0.655402105331,0.252899282133,0.303304043495,1.0,-0.01586,-0.0208445714286,0.794
0.460336983632,0.512589917396,-0.1239881681,-1.4114955891,0.0762658349428,1.91452013772,0.151904472473,-0.00938025319889,-0.0843794079173,-0.000407356816147,-0.128474540197,-0.00818597206772,0.0415784225377,-0.0178910685445,0.573895890735,0.818914178919,0.00195475421564,0.0,0.818868762833,-0.573835017098,-0.0121683732881,0.0,-0.00884331726251,0.00858423186623,-0.999924050467,0.0,0.655065773313,0.252489709867,0.303281604413,1.0,-0.01626,-0.0213702857143,0.814
0.460173886454,0.511413000305,-0.12399161589,-1.41339328998,0.0761509871708,1.91524320424,0.151651859579,-0.0164165266558,-0.0882764916597,-0.000765949447798,-0.135350191487,-0.00614378787524,0.0529551883107,-0.0196383150966,0.573893493117,0.818915860714,0.00195410607039,0.0,0.818870434632,-0.573832621216,-0.0121688543375,0.0,-0.00884410829167,0.0085839512778,-0.99992404588,0.0,0.654837090433,0.252201634893,0.303265467407,1.0,-0.01654,-0.0217382857143,0.828
0.459962273828,0.509861352559,-0.123995949916,-1.41587964766,0.0759934662752,1.91617227213,0.151309086211,-0.0100143436792,-0.0787200100442,-0.0010008359318,-0.141194034325,-0.0165408881622,0.0477046561781,-0.0178690496994,0.573876330306,0.818927913676,0.00194335254575,0.0,0.818882378956,-0.573815539866,-0.0121705605419,0.0,-0.0088518562883,0.00857593889075,-0.999924046072,0.0,0.654532938589,0.251823525521,0.30324899162,1.0,-0.0169,-0.0222114285714,0.846
0.459777956927,0.508517037014,-0.123995671307,-1.41797548101,0.0758641052015,1.91691193172,0.151006521921,-0.0133327602612,-0.0872363640282,0.00302860507384,-0.135798739463,-0.0137111548561,0.050276286529,-0.0155592037316,0.57385299805,0.818944285203,0.00193423462448,0.0,0.818898545013,-0.573792168187,-0.0121847282921,0.0,-0.00886893567708,0.00857634990184,-0.999923891205,0.0,0.654268416147,0.251501415278,0.303256181165,1.0,-0.0172,-0.0226057142857,0.861
0.459590618004,0.507158871769,-0.123999195322,-1.42010014275,0.0757246725162,1.9176879773,0.150710461349,-0.0125014083039,-0.0907734594271,0.00155010233817,-0.140893847943,-0.010273071781,0.0565578865511,-0.01985389461,0.573838717109,0.818954286692,0.00193648045047,0.0,0.81890862413,-0.573777925616,-0.0121780253832,0.0,-0.00886230698206,0.00857418808388,-0.999923968516,0.0,0.654006025547,0.251172761406,0.303262192295,1.0,-0.0175,-0.023,0.876
0.459362678204,0.505476714287,-0.12401085833,-1.42270249263,0.0755641583353,1.91867573638,0.150365452259,-0.0127331742098,-0.0978696934488,-0.000635221186137,-0.147079816901,-0.0169622124943,0.0589106388545,-0.0235574376078,0.573842356994,0.81895160939,0.00198939665111,0.0,0.818906704905,-0.573781392859,-0.0121436720733,0.0,-0.0088037705068,0.00859784919667,-0.99992428244,0.0,0.653692249726,0.25077135641,0.303285456426,1.0,-0.01786,-0.0234731428571,0.894
0.459115850124,0.503634286965,-0.124008811988,-1.42544996564,0.0753875993559,1.91972922353,0.149970342398,-0.0124022273451,-0.0998317798244,0.000950028040271,-0.142860921547,-0.00505880845589,0.0554751937408,-0.0146393920551,0.573813097494,0.818971803862,0.00211199547886,0.0,0.818928598229,-0.57375169874,-0.0120700496079,0.0,-0.00867343629691,0.00865569269831,-0.999924922425,0.0,0.653362283428,0.250352486573,0.303356075468,1.0,-0.01824,-0.0239725714286,0.913
0.45891418576,0.502123613473,-0.124015502475,-1.42767374915,0.075242289354,1.92055161718,0.149673030264,-0.0132814932877,-0.10131265357,-0.0022419112433,-0.151152601168,-0.0166748949973,0.0565796322409,-0.0296787280394,0.573813999901,0.818970938844,0.0022003974229,0.0,0.81892898435,-0.573752325568,-0.0120139251859,0.0,-0.00857673757887,0.00869589511503,-0.999925407708,0.0,0.653091179146,0.25000529229,0.30342381336,1.0,-0.01854,-0.0243668571429,0.928
0.458679922232,0.500405205629,-0.124020149539,-1.43026142358,0.0750766750922,1.92146243384,0.149293834981,-0.0125866856342,-0.102746633022,-0.00145373177342,-0.154543934213,-0.0101663138369,0.0614576096555,-0.0219675232911,0.57378554145,0.818990784901,0.00223462995258,0.0,0.818949253961,-0.573723705342,-0.0119990110362,0.0,-0.00854518381142,0.00871507536904,-0.999925510873,0.0,0.652763342738,0.249600463366,0.303470405313,1.0,-0.01888,-0.0248137142857,0.945
0.458454472078,0.498900306244,-0.124020827443,-1.43256994147,0.0749369768596,1.92230884797,0.148975307238,-0.0198160748735,-0.101182551669,-0.000746900448364,-0.160943607396,-0.00970971621916,0.0489248705946,-0.01830231184,0.573789501813,0.818987905167,0.00227281769388,0.0,0.818946811545,-0.57372744594,-0.0119868484903,0.0,-0.00851326995086,0.00873941288797,-0.999925570679,0.0,0.652478815027,0.249233842393,0.303494681037,1.0,-0.01918,-0.025208,0.96
0.458203415796,0.497220879069,-0.124025812934,-1.43521693071,0.0747714260691,1.92329317512,0.148581543814,-0.0127276911284,-0.101033367915,-0.000645269156525,-0.154224969802,-0.00988339166856,0.0572487408919,-0.0206846685267,0.573765769276,0.819004501463,0.00228374517452,0.0,0.818963550117,-0.5737036715,-0.0119811430039,0.0,-0.00850258076248,0.00874484215342,-0.999925614161,0.0,0.652152341335,0.248815441453,0.303491146017,1.0,-0.01952,-0.0256548571429,0.977
0.457904574271,0.495361999203,-0.124024136664,-1.43824581616,0.074589412975,1.92433136865,0.148135868431,-0.00977867300921,-0.0974789356296,0.000100356574637,-0.158355678668,-0.0114213536638,0.0522116617731,-0.0271687347428,0.573747812222,0.819017374181,0.00217615752947,0.0,0.818974753671,-0.573685894811,-0.012066227452,0.0,-0.00863418527932,0.00870535728414,-0.999924830974,0.0,0.651758760394,0.248328162071,0.303434796002,1.0,-0.0199,-0.0261542857143,0.996
0.457636200313,0.493720185703,-0.124040313592,-1.44089883222,0.0744204628085,1.92528021556,0.147769551095,-0.0208228212513,-0.114009677316,-0.00342760403747,-0.174386929875,-0.011864829339,0.0618215541744,-0.0239950176047,0.573766856453,0.819004190063,0.00211612780783,0.0,0.818960786968,-0.573705194959,-0.0120965113709,0.0,-0.00869322735294,0.0086737699951,-0.999924593913,0.0,0.651427067046,0.247888125333,0.303398207338,1.0,-0.0236005714286,-0.0310178938776,1.012
0.457339238223,0.491522474671,-0.124093458596,-1.44432012332,0.0742216000464,1.92657506178,0.147269949488,-0.0218431149162,-0.135697314008,-0.00224868815472,-0.218637877669,-0.00573014947906,0.0795049334669,-0.0378916318632,0.573757307242,0.819010738477,0.00217014896015,0.0,0.818968157003,-0.573695532511,-0.0120557327732,0.0,-0.00862893597188,0.00869451506344,-0.999924970621,0.0,0.651007967432,0.247342660839,0.303413118561,1.0,-0.029196,-0.0383718857143,1.029
0.456997333583,0.489240412562,-0.124091972355,-1.44801660132,0.0740133259404,1.92789227744,0.146735624653,-0.0224315659914,-0.160539283378,0.000385758577116,-0.256520507505,-0.0145211740883,0.0949808193356,-0.0405759526447,0.573726832687,0.819032271921,0.00209902558057,0.0,0.818988384778,-0.573664991126,-0.0121346798919,0.0,-0.00873472512034,0.00868123617057,-0.999924167483,0.0,0.650525689662,0.246768833902,0.303355048592,1.0,-0.0341331428571,-0.0448607020408,1.044
0.456508033284,0.486131774388,-0.124141887594,-1.45286483176,0.0737206660182,1.92972419206,0.146028018042,-0.0322741761699,-0.194947526524,-0.00667137881486,-0.295688995839,-0.0208922769952,0.112380473159,-0.0434024956936,0.573745639561,0.819018916366,0.00216855271693,0.0,0.81897606682,-0.573683624154,-0.0120850425894,0.0,-0.00865398191995,0.00870990095698,-0.99992462027,0.0,0.649936203246,0.24596487301,0.303367635126,1.0,-0.0397285714286,-0.0522146938775,1.061
0.455959587268,0.482557698324,-0.124212842475,-1.45841392828,0.0733834111437,1.93169564546,0.145163857696,-0.0338211998967,-0.225859577963,-0.00531698587817,-0.348300815165,-0.0196624673181,0.115845302212,-0.0572539564941,0.573719723755,0.819037097196,0.00215844667497,0.0,0.818994124704,-0.573657764034,-0.0120888529455,0.0,-0.00866317612451,0.00870353608771,-0.999924596077,0.0,0.649232066518,0.245036317644,0.303379916126,1.0,-0.045324,-0.0595686857143,1.078
0.455346029279,0.478774316116,-0.124285938044,-1.46436347533,0.0730305460514,1.93380048978,0.144283177047,-0.0396981646573,-0.244353966996,-0.00249092100124,-0.382323273595,-0.021466522661,0.140482239978,-0.0615623318533,0.573748550816,0.819017046415,0.00210357291426,0.0,0.818973232357,-0.573686700167,-0.0121310195265,0.0,-0.00872888803699,0.00868309195878,-0.999924202341,0.0,0.648473109616,0.244026808082,0.303355396593,1.0,-0.0505902857143,-0.0664900897959,1.094
0.454468984141,0.473417861492,-0.124360959119,-1.47260427126,0.0725310760099,1.93679494034,0.143097359522,-0.0479303220189,-0.270078017578,-0.00388676917174,-0.433855827262,-0.0336145613074,0.155456564436,-0.0670964600046,0.573812760393,0.818971827061,0.00219303259609,0.0,0.818929145053,-0.57375047825,-0.0120909467161,0.0,-0.00864405764703,0.00873404597735,-0.999924495504,0.0,0.647431752199,0.242632611487,0.303401849777,1.0,-0.0571731428571,-0.075141844898,1.114
0.453729961826,0.468971202784,-0.124396486778,-1.47932933783,0.0721311429684,1.93924258843,0.142057147465,-0.0473069093804,-0.309249507061,-0.00583326261745,-0.450547511406,-0.0277795620512,0.179746808643,-0.0758562527212,0.573804797705,0.818976979923,0.0023467825474,0.0,0.818936111945,-0.573741672616,-0.0120368001878,0.0,-0.00851157919597,0.00882880865362,-0.999924799751,0.0,0.646575332663,0.241498550843,0.303486166659,1.0,-0.0621102857143,-0.0816306612245,1.129
0.452763635059,0.463193129952,-0.124433901226,-1.4881459948,0.0715593207771,1.94241704304,0.140647394948,-0.0564784036711,-0.328902002806,-0.000882472847462,-0.505728710711,-0.0337861243399,0.181291740996,-0.0773114876022,0.573728568718,0.819030072675,0.00245283348498,0.0,0.818990605886,-0.573665040129,-0.0119814900822,0.0,-0.00840625771967,0.00888314176596,-0.999925209515,0.0,0.645431880756,0.240010294636,0.303550934896,1.0,-0.0680348571429,-0.0894172408163,1.147
0.451867231073,0.458006830892,-0.124470363055,-1.49615161737,0.0710243363867,1.9451360637,0.13946917633,-0.0575272793709,-0.358285786158,-0.00311737654848,-0.543190355679,-0.0417644827534,0.194434135992,-0.0908482896479,0.573749391233,0.819015769164,0.00235644244982,0.0,0.818974882234,-0.573686082854,-0.0120485480358,0.0,-0.00851625656267,0.00884288453155,-0.999924635544,0.0,0.644353122301,0.238633388096,0.303547547381,1.0,-0.072972,-0.0959060571428,1.162
0.45076899497,0.451740498143,-0.124541436497,-1.5056931746,0.0703809142533,1.94855324456,0.137939700341,-0.0650903600614,-0.397960825218,-0.00467706227915,-0.564582614495,-0.0407313611533,0.206272080379,-0.0980818878198,0.573709420846,0.819043492159,0.00245056851033,0.0,0.819004111562,-0.57364602611,-0.0119686621628,0.0,-0.00839725763986,0.00887373077017,-0.999925368698,0.0,0.643103611685,0.236970835792,0.303609327723,1.0,-0.0785674285714,-0.10326004898,1.179
0.449430924704,0.444196131466,-0.124584402475,-1.51698797828,0.0696336231371,1.95270014841,0.136222376541,-0.0709953209386,-0.402274688194,6.02917736904e-05,-0.617433932528,-0.0340616576247,0.212303848296,-0.0957135589704,0.573735254615,0.819024374522,0.0027710018152,0.0,0.818989407628,-0.573670900963,-0.0117811070325,0.0,-0.00805952588142,0.00902883141108,-0.999926759441,0.0,0.641626538716,0.235016645827,0.303764128976,1.0,-0.0848211428571,-0.111479216327,1.198
0.448216687697,0.437582716845,-0.124623019321,-1.52733141835,0.0689104829178,1.95614158785,0.134563801586,-0.0767297939498,-0.421530945441,-0.0039800599105,-0.652834844899,-0.0428614106921,0.218237534972,-0.107739370044,0.573656752105,0.819080219502,0.0025043334164,0.0,0.819041518861,-0.573593128615,-0.0119440399315,0.0,-0.00834681911159,0.00890310361157,-0.999925529906,0.0,0.640173649476,0.233206018064,0.303662474266,1.0,-0.0900874285714,-0.118400620408,1.214
0.446808760067,0.430035810404,-0.124642230756,-1.53862549912,0.0681630424146,1.9602109068,0.132711722882,-0.0811659393469,-0.442168637919,0.0012322540882,-0.674131054751,-0.0424296357008,0.234833159588,-0.108712848558,0.573592692754,0.819124206009,0.00277576132691,0.0,0.819088979208,-0.573527980153,-0.0118172341613,0.0,-0.00808796148068,0.00905204895524,-0.99992631993,0.0,0.638648764599,0.231224728446,0.303786253646,1.0,-0.0956828571428,-0.125754612245,1.231
0.445267972092,0.422203619944,-0.124698634,-1.55067973271,0.0672846549521,1.96430110804,0.130730256126,-0.0919153711866,-0.473943402957,-0.0048758845579,-0.73041836271,-0.052962200065,0.240744894355,-0.113484957047,0.573540919418,0.819160969238,0.00262052098454,0.0,0.819123853126,-0.573476937565,-0.0118769618272,0.0,-0.00822649359842,0.00895862733366,-0.999926031164,0.0,0.636959616013,0.229038855209,0.303732020677,1.0,-0.101278285714,-0.133108604082,1.248
0.443700305315,0.414407978329,-0.1248273289,-1.56237256759,0.0664251417192,1.96840483346,0.128859039082,-0.0986642245817,-0.501850054736,-0.00453624670404,-0.73061566378,-0.0533816543352,0.269087664737,-0.117772023633,0.573634737117,0.81909490486,0.00273351549467,0.0,0.819060018798,-0.573571165676,-0.0117281888597,0.0,-0.00803878884112,0.00896678242416,-0.999927484714,0.0,0.635361421355,0.226843816124,0.303812216011,1.0,-0.106544571429,-0.140030008163,1.264
0.441906503921,0.405846123702,-0.124876636817,-1.57544972433,0.0655591177568,1.97281638873,0.126657604752,-0.106911229489,-0.517560204822,-0.00359326561796,-0.782325805306,-0.0568542452759,0.257192163865,-0.127815936831,0.573630530475,0.819098096093,0.00265901961837,0.0,0.819061501742,-0.573566413849,-0.0118563134568,0.0,-0.00818651704806,0.00897921685722,-0.999926174577,0.0,0.633488984274,0.224427859094,0.303761572295,1.0,-0.11214,-0.147384,1.281
0.439953057804,0.39682328669,-0.125010875609,-1.58887498223,0.064629822312,1.97741753635,0.124363052286,-0.118597702896,-0.544544885355,-0.0132941118388,-0.811255726637,-0.0638103011185,0.278234328521,-0.139688880044,0.573725922098,0.819030788389,0.00280729139284,0.0,0.81899618498,-0.573661317335,-0.0117766244474,0.0,-0.00803513822844,0.00905589001507,-0.999926711019,0.0,0.631599444588,0.221836837448,0.303854612128,1.0,-0.117735428571,-0.154737991837,1.298
0.437900138157,0.387564045761,-0.125085380374,-1.60290581602,0.063550645418,1.98216578379,0.12196391622,-0.124429895339,-0.552979110942,-0.00102969985006,-0.84184906474,-0.0647803269701,0.271357179534,-0.149079238002,0.573733947963,0.8190254521,0.00272262159107,0.0,0.818990169917,-0.573670119142,-0.0117661754533,0.0,-0.00807506598766,0.00898062751967,-0.99992706816,0.0,0.629566193882,0.219148371493,0.303809935075,1.0,-0.123330857143,-0.162091983673,1.315
0.435594800932,0.377276705208,-0.12515525556,-1.61814551719,0.0624095528087,1.98724625875,0.119225876348,-0.127150817162,-0.575700935066,-0.0020101485332,-0.844158067934,-0.0569047767929,0.284491245985,-0.148111157659,0.573679195504,0.81906355961,0.00279515053304,0.0,0.819029287107,-0.57361519075,-0.0117212074191,0.0,-0.0079972270368,0.00901369653252,-0.999927396182,0.0,0.627320086578,0.21620217351,0.303882507982,1.0,-0.129255428571,-0.169878563265,1.333
0.433510200908,0.368532333675,-0.125230861195,-1.63130921921,0.0614121605084,1.99158932127,0.116905399105,-0.141936542109,-0.586654029399,-0.0086266860037,-0.885403391135,-0.0692261296707,0.283631574134,-0.150835879287,0.573737557302,0.819023020001,0.00269350154521,0.0,0.818987406209,-0.573673885452,-0.0117749107392,0.0,-0.0080988873856,0.00896182491197,-0.999927044197,0.0,0.625356275061,0.213594281965,0.303827175972,1.0,-0.134192571429,-0.176367379592,1.348
0.43118812244,0.358790907267,-0.125356758543,-1.64561727686,0.0602794869802,1.99633240645,0.114303602825,-0.154342357993,-0.607442492186,-0.00356974670282,-0.920830908464,-0.0713576117754,0.28561933973,-0.173076818415,0.573782502915,0.818991259275,0.00277551439174,0.0,0.818957311175,-0.573719205868,-0.0116594250438,0.0,-0.00795675447849,0.00896317445643,-0.999928173201,0.0,0.623218908275,0.210707619935,0.303903230094,1.0,-0.139458857143,-0.183288783673,1.364
0.428213299289,0.346970015479,-0.125474384012,-1.66320508937,0.0589959661951,2.00192634254,0.110964357356,-0.15979987797,-0.651491589793,-0.00617679351078,-0.905776095968,-0.0699202329236,0.304796403803,-0.181762464339,0.57380621504,0.81897511174,0.00263454597903,0.0,0.818938432591,-0.573742423336,-0.0118415451253,0.0,-0.00818653756396,0.00895245550572,-0.999926414364,0.0,0.620500102345,0.207124899903,0.303842465261,1.0,-0.145712571429,-0.19150795102,1.383
0.425594222876,0.336662327735,-0.125571002334,-1.67826122448,0.0578141109925,2.00685897661,0.108126653447,-0.163986732078,-0.630323496324,-0.00732005018526,-0.960962750214,-0.0752251812968,0.299196689267,-0.183358315773,0.573851713996,0.818942858303,0.00274810479189,0.0,0.818907835077,-0.573787697579,-0.0117636158274,0.0,-0.00805705557168,0.00900118895179,-0.999927028564,0.0,0.61817838469,0.204030711971,0.303896387854,1.0,-0.150978857143,-0.198429355102,1.399
