position_joint1,position_joint2,position_joint3,position_joint4,position_joint5,position_joint6,position_joint7,velocity_joint1,velocity_joint2,velocity_joint3,velocity_joint4,velocity_joint5,velocity_joint6,velocity_joint7,ee_T_00,ee_T_10,ee_T_20,ee_T_30,ee_T_01,ee_T_11,ee_T_21,ee_T_31,ee_T_02,ee_T_12,ee_T_22,ee_T_32,ee_T_03,ee_T_13,ee_T_23,ee_T_33,v_x,v_y,time
0.46507333393,0.547863038279,-0.123931754952,-1.35585437244,0.0794731107585,1.89408809365,0.159174492859,0.000133299420865,-0.000460473407537,0.000685696563253,-0.000628177550214,-0.000292502706538,-0.000234616441343,0.00109242142995,0.573772998906,0.819000545895,0.0018434887474,0.0,0.818955919655,-0.573714790909,-0.0119702654898,0.0,-0.00874618560057,0.00837811245491,-0.999926653045,0.0,0.661656070608,0.260914250987,0.303143213397,1.0,0.0,0.0,0.0
0.465073331718,0.547863943891,-0.123933118434,-1.35585597956,0.0794693043596,1.89409091935,0.159170318604,8.88662805768e-05,0.000621037647899,-0.000470888748971,-0.000418785033476,-0.0006933249538,-0.000156410968447,-0.00161140003628,0.573769635049,0.819002907517,0.00184127002486,0.0,0.818958296378,-0.573711479131,-0.0119663865921,0.0,-0.00874431601717,0.00837403385665,-0.999926703561,0.0,0.661656769083,0.260912832749,0.303142090465,1.0,-0.0,-0.0,0.001
0.465075810265,0.547865076781,-0.123931991715,-1.35585427461,0.0794728122068,1.89409162013,0.159171662166,0.00141383580303,0.00097632810671,0.000115142276259,0.000738619542498,5.06658057612e-05,-0.000419093514843,0.000451835950618,0.573768761886,0.81900351209,0.0018444427701,0.0,0.818958906638,-0.573710558323,-0.0119687680031,0.0,-0.00874445509634,0.00837798933504,-0.999926669211,0.0,0.661656167482,0.260915928682,0.303142129379,1.0,-0.00036,-0.000473142857143,0.019
0.465071879655,0.547856346043,-0.123932820259,-1.35586140121,0.0794716697095,1.89409186596,0.159174080347,0.000417736864853,-0.000468790225542,0.000117413048752,0.00124206900948,9.09214658941e-05,-0.000177818388331,0.0014019541241,0.573774612985,0.818999410364,0.00184559457557,0.0,0.818954828298,-0.573716411796,-0.0119672447034,0.0,-0.00874248677823,0.00837812109174,-0.999926685318,0.0,0.661656094289,0.260911949315,0.303144969217,1.0,-0.0007,-0.00092,0.036
0.465066383833,0.547822028204,-0.123930314719,-1.35589431446,0.0794723779385,1.894098293,0.159169282506,-0.000619013572905,-0.00257166819545,0.000449552877744,-0.00383936547573,-0.000139794031964,-0.000140954227866,-0.000368792182318,0.57377540309,0.818998835636,0.00185497641489,0.0,0.818954330625,-0.573717118287,-0.0119674323369,0.0,-0.00873724964535,0.00838592073618,-0.999926665712,0.0,0.661651559013,0.260906860505,0.303154092309,1.0,-0.001,-0.00131428571429,0.051
0.465073556087,0.547706947216,-0.123927098789,-1.35605095805,0.0794707072319,1.89412416796,0.1591652008,0.000840515079802,-0.000844224656689,0.00094687898784,-0.00936757681354,0.000411158874909,0.0062413226452,-0.000988756713636,0.57377201893,0.81900122186,0.00184818440678,0.0,0.818956495845,-0.573713636645,-0.0119861562711,0.0,-0.00875651662434,0.00839106526236,-0.999926454016,0.0,0.661621331766,0.260897868919,0.303163201238,1.0,-0.00136,-0.00178742857143,0.069
0.465059816518,0.547555898908,-0.123927809077,-1.35624891614,0.0794659134702,1.8941739623,0.159169875286,-0.000129517746135,-0.00955948698142,0.00415022351759,-0.0111726613446,-0.000188391679306,0.00975335801543,-0.000550810690215,0.573797205482,0.818983559405,0.00185561470632,0.0,0.81893883848,-0.573738700094,-0.0119929039156,0.0,-0.00875752177632,0.00840129145552,-0.999926359346,0.0,0.661593884287,0.260869460161,0.303180322889,1.0,-0.0017,-0.00223428571429,0.086
0.465046691155,0.547411505428,-0.12392530346,-1.35644266929,0.0794631944054,1.89428830431,0.159157957305,0.00694363276478,-0.00388198043602,0.00200747863484,-0.0105424223639,-2.42223988702e-05,0.00515924818848,-0.00393369858418,0.573806839657,0.818976672512,0.00191508329871,0.0,0.818932690805,-0.573748044063,-0.0119656494309,0.0,-0.00870097997938,0.0084344581928,-0.999926573735,0.0,0.66157908446,0.260848463497,0.303200229578,1.0,-0.00202,-0.00265485714286,0.102
0.465017223812,0.547211918168,-0.123927809115,-1.35667749795,0.0794581635679,1.894407846,0.159142765841,-0.0030500470498,-0.00834993395109,7.39077168426e-05,-0.0155636454802,-0.00250893713228,0.00671215613969,-0.000643384786701,0.573832293992,0.81895863114,0.00200143824543,0.0,0.818915742812,-0.573773102059,-0.0119239435164,0.0,-0.00861701093344,0.00848151644435,-0.999926902829,0.0,0.661562743241,0.260808239414,0.303245131716,1.0,-0.00238,-0.003128,0.12
0.464984328519,0.546978140108,-0.123927809041,-1.35699523072,0.0794540826477,1.8945360883,0.159124829167,-0.0026351242404,-0.012058474316,0.000367313848742,-0.0199385344854,0.000644228241025,0.0018999947697,0.00145439112442,0.573861211382,0.818938280499,0.00203708245389,0.0,0.818895747213,-0.573801760768,-0.0119181138464,0.0,-0.00859148357393,0.00850766520639,-0.99992690035,0.0,0.661530580219,0.260761236188,0.303265771297,1.0,-0.00272,-0.00357485714286,0.137
0.464952988698,0.54674041254,-0.123925312529,-1.35734977305,0.0794444938006,1.89467098029,0.159059258064,-0.00329258439375,-0.0176236793439,0.00114582484522,-0.0203819243787,-8.26656719494e-05,0.00372539546122,-0.00768828019151,0.573848736061,0.818946965422,0.00205981754553,0.0,0.818904610458,-0.573789076593,-0.0119197925755,0.0,-0.00857994234125,0.00852711616171,-0.999926833763,0.0,0.661490552901,0.260710596962,0.303277004449,1.0,-0.00304,-0.00399542857143,0.153
0.4649025288,0.54646168853,-0.123930764245,-1.35777361591,0.079428277286,1.89482396413,0.158938119777,-0.000837542889205,-0.0151570629634,0.000316734004034,-0.0325919738912,-0.00459768386645,0.00541360103416,-0.00159330800357,0.573814034302,0.818971251462,0.00207128430135,0.0,0.818928975897,-0.573754262446,-0.0119216468105,0.0,-0.00857524291124,0.00853720735125,-0.99992678797,0.0,0.661446466475,0.260635175596,0.303286093777,1.0,-0.00338,-0.00444228571429,0.17
0.464859593661,0.546174540486,-0.123928499721,-1.35826279409,0.0794059883743,1.89500014791,0.15892357289,-0.000235829503313,-0.0196629948588,0.0015315325296,-0.0289367297194,-0.00260449387133,0.00936574715181,-0.00113273741169,0.573857148274,0.818941089268,0.00205245826765,0.0,0.818898482695,-0.573797363487,-0.0119418422426,0.0,-0.00860213576917,0.00853383079836,-0.999926585801,0.0,0.661388796959,0.260562141204,0.303271784283,1.0,-0.00372,-0.00488914285714,0.187
0.464804634803,0.545864655776,-0.123931715665,-1.35879156061,0.0793549617585,1.89518049798,0.158866698367,-0.00371573326209,-0.0232470087742,0.000516765141523,-0.0315462842589,-0.00531668140305,0.0163219199218,-0.00334435271985,0.573873768201,0.818929553814,0.00200772569723,0.0,0.818886527629,-0.573814328626,-0.0119464652783,0.0,-0.00863141788854,0.00850002622243,-0.999926621398,0.0,0.661329420978,0.260469210174,0.303255202102,1.0,-0.00404,-0.00530971428571,0.203
0.4647404341,0.545487129405,-0.123931956438,-1.35946366704,0.0792684290496,1.89539972412,0.158747443369,-0.000622527533222,-0.0198747278877,0.000400795421575,-0.036881069345,-0.000718041761355,0.0146863290713,-0.00524891920852,0.573839417019,0.818953820286,0.00192629601074,0.0,0.818910129239,-0.573780710325,-0.0119433492009,0.0,-0.0086759470006,0.00843119018434,-0.99992681881,0.0,0.661255800454,0.260357326369,0.303227915814,1.0,-0.00438,-0.00575657142857,0.22
0.464683793732,0.545095033448,-0.123934200701,-1.36011993725,0.0792552988818,1.89561530265,0.158712817487,-0.0053484907884,-0.0259273066308,0.000333699301777,-0.0404738529828,-0.0016472008046,0.0108170135537,-0.00342589332828,0.573907300405,0.81890633861,0.00188839271382,0.0,0.818861825947,-0.573848429502,-0.0120015359537,0.0,-0.0087446510341,0.0084342641914,-0.999926194409,0.0,0.661165316735,0.260241957776,0.303205351164,1.0,-0.00474,-0.00622971428571,0.238
0.464619442799,0.54468875901,-0.123932407966,-1.36079131643,0.079238411988,1.89585968418,0.158591274652,-0.000472016303445,-0.0276706894409,0.000716208117514,-0.0406597938573,-0.000178803861239,0.0195236889191,-0.0172730722854,0.57388073097,0.818924965166,0.00188545756295,0.0,0.818880196423,-0.573821666101,-0.0120277313089,0.0,-0.00876806185537,0.00844660971835,-0.999925885191,0.0,0.661091119314,0.260151643888,0.303194604103,1.0,-0.00504,-0.006624,0.253
0.464546532214,0.544183461864,-0.123939912039,-1.36161389312,0.079203692053,1.89615553132,0.158489797092,-0.00538005256615,-0.0334396811462,-0.00158774899475,-0.0478315004064,-0.00288738542905,0.0175000948019,-0.00542121382044,0.573899170732,0.818912071541,0.00187291739912,0.0,0.818867018749,-0.573840042303,-0.012048168168,0.0,-0.00879180462267,0.00844826666275,-0.999925662718,0.0,0.660996819801,0.260022554686,0.303186570086,1.0,-0.0054,-0.00709714285714,0.271
0.464472736659,0.543669988803,-0.12394050677,-1.36244570052,0.079163415493,1.89644051458,0.158398066997,-0.00485455542151,-0.030679342726,0.000307984195388,-0.0458239038002,-0.00314167780814,0.0238994810392,-0.00645404096552,0.573920364157,0.818897271397,0.00184970417115,0.0,0.818851785681,-0.573861210491,-0.0120752259634,0.0,-0.00882706606664,0.00844501423843,-0.999925379535,0.0,0.660897277791,0.259894263376,0.30317868967,1.0,-0.00574,-0.007544,0.288
0.464398555479,0.543147074151,-0.123943818985,-1.36325945087,0.0791107461477,1.89672558141,0.158298755599,-0.00858110317752,-0.0362704923835,-0.000379614334202,-0.0483544631624,-0.00460769649041,0.0164590345071,-0.000171875660974,0.573933222617,0.8188882761,0.00184232016087,0.0,0.818842714948,-0.573874120028,-0.0120768141652,0.0,-0.00883247172382,0.00844001781159,-0.999925373987,0.0,0.660803462388,0.259764422908,0.303186093277,1.0,-0.00606,-0.00796457142857,0.304
0.464329542892,0.542568766444,-0.123945921439,-1.36416602115,0.0790539262344,1.89705404637,0.158166976547,-0.00370413866752,-0.034802755361,-6.27792515523e-05,-0.0577956428549,-0.00205344674212,0.0193469927846,-0.0112760863758,0.573918488356,0.818898606006,0.001840843532,0.0,0.818853035393,-0.573859403513,-0.0120763541616,0.0,-0.00883309428178,0.00843838570422,-0.999925382262,0.0,0.660696859757,0.259630688757,0.3031921586,1.0,-0.0064,-0.00841142857143,0.321
0.464248387352,0.54196445903,-0.12394382577,-1.36510502987,0.0790100745099,1.89740941597,0.158037032707,-0.00344774723175,-0.0419683099913,-0.000577210148384,-0.0509229326664,-0.00115692048164,0.0226780175456,-0.00744542069685,0.573917567927,0.818899195261,0.00186550989639,0.0,0.81885381888,-0.573858251906,-0.0120779520647,0.0,-0.00882025679542,0.00845949164877,-0.999925317247,0.0,0.660590153406,0.259491787222,0.303203316517,1.0,-0.00674,-0.00885828571429,0.338
0.464179497715,0.541349986667,-0.123944481217,-1.3660412929,0.0789503660379,1.8977590041,0.157925262627,-0.00656208918025,-0.0432290676776,0.000917449148268,-0.0563329097073,-0.00126394725067,0.0225561295865,-0.00521678482791,0.573918901977,0.81889821093,0.00188705870732,0.0,0.818853146985,-0.573859520951,-0.0120631997236,0.0,-0.00879579541225,0.00846868534916,-0.999925454897,0.0,0.660481376793,0.259356905794,0.303222441993,1.0,-0.00706,-0.00927885714286,0.354
0.464088611107,0.540657963158,-0.123949493501,-1.36710156353,0.0788867256422,1.898145587,0.157782475845,-0.00681140830569,-0.0429603801909,-0.000726908408239,-0.0632658939138,-0.0070712017464,0.026454902311,-0.00868520845428,0.573921602581,0.818896283868,0.00190190946241,0.0,0.818851418924,-0.573862161255,-0.0120548955919,0.0,-0.0087804443788,0.00847610945039,-0.999925526909,0.0,0.660360142467,0.259193149817,0.303240627915,1.0,-0.0074,-0.00972571428571,0.371
0.463994091297,0.539921045837,-0.123946888302,-1.36821659168,0.0788133332388,1.89856658,0.157641941028,-0.00999567121285,-0.0434130271771,0.00111967105086,-0.0687514261055,-0.0108670793664,0.0247858477607,-0.00720520501779,0.573924194139,0.818894388811,0.0019355251643,0.0,0.818850009954,-0.573864652502,-0.0120319868875,0.0,-0.00874236539021,0.00849051664711,-0.99992573833,0.0,0.660233842187,0.259026272168,0.303267086962,1.0,-0.00774,-0.0101725714286,0.388
0.463900352591,0.539208706575,-0.123953479333,-1.36931953418,0.078758642119,1.89898397815,0.157503126238,-0.0085945405573,-0.0462092444729,-0.000955232378861,-0.0747813896726,-0.00664933115712,0.0244095914052,-0.0127031854429,0.573938310413,0.818884430714,0.00196261960681,0.0,0.81884033319,-0.573878580086,-0.0120262612916,0.0,-0.00872198070337,0.00850956801461,-0.999925754396,0.0,0.660109614739,0.258858472781,0.303281841454,1.0,-0.00806,-0.0105931428571,0.404
0.463785998744,0.538445937917,-0.123953379434,-1.37051652381,0.0786925338975,1.89944211826,0.157353291167,-0.00677272094138,-0.049843420246,-0.000693076889361,-0.0686822681629,-0.00196644242817,0.0215163623324,-0.0182642821065,0.573957689073,0.818870793937,0.0019851681976,0.0,0.818826943916,-0.573897814063,-0.0120200595838,0.0,-0.00870375961972,0.0085246789561,-0.999925784455,0.0,0.6599772883,0.258671374196,0.303290642971,1.0,-0.0084,-0.01104,0.421
0.463666942552,0.537612534627,-0.123958965696,-1.37184322714,0.0786071270294,1.89994870093,0.157193618405,-0.00291515802497,-0.0468444388496,0.000213758427404,-0.0749118158938,-0.00940946794375,0.0247479948203,-0.00840944566999,0.57397874131,0.818856024889,0.00199045920881,0.0,0.818812328125,-0.573918923649,-0.012007801176,0.0,-0.00869046545038,0.00852219922247,-0.999925921222,0.0,0.659829753791,0.258463586911,0.303291820112,1.0,-0.00876,-0.0115131428571,0.439
0.463553092705,0.536828568437,-0.123964670693,-1.37306876399,0.0785481657854,1.90040251908,0.157043279367,-0.00268143745405,-0.0474410825746,-0.00135132260321,-0.0754735760439,-0.0061868707567,0.0277677692274,-0.0120556438838,0.57400455613,0.818837888339,0.00200725289386,0.0,0.818794290342,-0.573944545645,-0.0120131398527,0.0,-0.00868492943094,0.00853928862539,-0.999925823524,0.0,0.659690763465,0.258271235918,0.303301555164,1.0,-0.00908,-0.0119337142857,0.455
0.463437724575,0.535978337619,-0.123968350251,-1.37442261063,0.078468965495,1.90091068034,0.156885227546,-0.00686415641449,-0.0468702991531,0.000177090485139,-0.0826242578861,-0.000549496963797,0.0386151208353,-0.0114047985037,0.574025449379,0.818823234525,0.00201021617738,0.0,0.818779664425,-0.573965413089,-0.0120130180778,0.0,-0.00868291093313,0.00854186668502,-0.999925819034,0.0,0.65953535147,0.258065129859,0.3033014766,1.0,-0.00942,-0.0123805714286,0.472
0.463312009857,0.53502465425,-0.123969360588,-1.37592516617,0.0783831176478,1.90144543369,0.156688856118,-0.00457902221844,-0.0490344772172,0.000538875825729,-0.0844212264325,-0.00267787325612,0.0320278719534,-0.00927271953553,0.574027591489,0.8188217557,0.00200087551091,0.0,0.818777973557,-0.57396750614,-0.0120282506769,0.0,-0.00870072332607,0.00854298504099,-0.999925654646,0.0,0.659355506571,0.257838212609,0.303305660811,1.0,-0.00978,-0.0128537142857,0.49
0.463198051293,0.534242373049,-0.123970334328,-1.37722634388,0.0783087492161,1.90190890824,0.156540809705,-0.0113350646586,-0.0486573574864,0.00102374760395,-0.0813983623502,-0.000989310125258,0.0273840270352,-0.00398432853853,0.574051649227,0.81880500174,0.00195449398976,0.0,0.818760531019,-0.573991679408,-0.0120619947636,0.0,-0.00875472691148,0.0085246346496,-0.999925339893,0.0,0.65919970245,0.257637755597,0.303278435529,1.0,-0.01008,-0.013248,0.505
0.463073477142,0.533329799183,-0.123977568458,-1.37871372306,0.0782166987454,1.90247345084,0.156342148203,-0.00556021660295,-0.0567097353487,0.00029655939643,-0.0821505050219,-0.00327012717974,0.0316805594962,-0.0100815789812,0.57405017376,0.818806036468,0.00195436710616,0.0,0.818761563185,-0.573990203797,-0.0120621514322,0.0,-0.0087549433917,0.00852460491751,-0.999925338251,0.0,0.659017461502,0.257401791796,0.303272147307,1.0,-0.01044,-0.0137211428571,0.523
0.462930415402,0.532321099785,-0.123974718518,-1.38035716506,0.0781282300353,1.90309147778,0.156146810217,-0.0102466423393,-0.0569091395185,-0.000733582476013,-0.089928608463,-0.00829469577822,0.039760709611,-0.00938294390641,0.574074159311,0.818789275896,0.00193085228652,0.0,0.818744421026,-0.574014216495,-0.0120830129589,0.0,-0.00878527391262,0.00851758403365,-0.99992513206,0.0,0.658836959626,0.25716345332,0.303245759033,1.0,-0.01078,-0.014168,0.54
0.462813880995,0.53144099934,-0.123973503081,-1.38176614318,0.0780475939111,1.90360417193,0.155963807267,-0.011579246376,-0.0531065701796,-5.34638524566e-05,-0.093227778067,-0.00297333810089,0.0310379835351,-0.00927934120238,0.574073955454,0.818789446094,0.00191925361997,0.0,0.818744355731,-0.574013982287,-0.0120985535801,0.0,-0.00880465908794,0.00851700655634,-0.999924966474,0.0,0.658667902252,0.256953449791,0.303239877926,1.0,-0.01108,-0.0145622857143,0.555
0.46266688204,0.530342776871,-0.123977927908,-1.38350851723,0.0779296304129,1.90421316214,0.155736273459,-0.00758159799335,-0.0683785324524,-0.000757198546357,-0.0911417739346,-0.0108369365654,0.0378561522615,-0.0145770977337,0.574073879176,0.818789586258,0.00188190983218,0.0,0.818744065873,-0.574014127038,-0.012111294729,0.0,-0.00883652930132,0.00849374398543,-0.99992488321,0.0,0.658456726628,0.256683944387,0.303237300876,1.0,-0.01144,-0.0150354285714,0.573
0.46252602471,0.529282964082,-0.123980754504,-1.38515572773,0.0778399541867,1.90482645762,0.15550624306,-0.00946638171428,-0.0679593255646,-0.00143027243375,-0.0959095832447,-0.00423853754296,0.0353509865382,-0.0116897064737,0.574068167994,0.818793528832,0.00190854370791,0.0,0.818748260952,-0.574008206517,-0.0121083004708,0.0,-0.00881884810996,0.00851377062707,-0.999924868992,0.0,0.65826365098,0.256435066853,0.303253051183,1.0,-0.01178,-0.0154822857143,0.59
0.462400274101,0.528262848951,-0.123978939484,-1.38675541954,0.0777345944694,1.90544568104,0.155293169871,-0.00628092078218,-0.0633045075404,0.000214032361714,-0.101778883392,-0.00386121377302,0.0438171554472,-0.00328817396583,0.574053811447,0.818803528882,0.0019363764843,0.0,0.818758711107,-0.573993812993,-0.0120839783479,0.0,-0.00878310509454,0.00852244302597,-0.999925109711,0.0,0.658077304835,0.256201847741,0.303263557715,1.0,-0.0121,-0.0159028571429,0.606
0.462250801904,0.527111829644,-0.123979179175,-1.38850314978,0.0776269171418,1.90612184573,0.155041766174,-0.00913689445345,-0.0724179070469,0.000543039044544,-0.102885729879,-0.00137572823775,0.0345456484026,-0.0106849108985,0.574036101651,0.818815785948,0.00200239481687,0.0,0.818771872102,-0.57397585995,-0.012044938768,0.0,-0.00871342747752,0.00855389893695,-0.999925450718,0.0,0.657877299352,0.255939483676,0.303300483366,1.0,-0.01244,-0.0163497142857,0.623
0.462091777289,0.525867612724,-0.123982138561,-1.39041278169,0.0774939358921,1.90682514843,0.154785082759,-0.00902576964655,-0.0725476617034,0.000649465470474,-0.109126142894,-0.00152779739616,0.0380314136285,-0.0105870928538,0.574025193716,0.818823377952,0.00202474672571,0.0,0.818779898897,-0.573964998652,-0.0120168375496,0.0,-0.0086777008356,0.00855595415027,-0.999925743821,0.0,0.657651059808,0.255649082078,0.303328027832,1.0,-0.0128,-0.0168228571429,0.641
0.461965580269,0.524840194357,-0.123985679118,-1.39204031918,0.0774065773655,1.90740534894,0.154565071414,-0.0105146437656,-0.0689577321208,-0.000995218004033,-0.107241405631,-0.00636455989901,0.042226693972,-0.0143957831821,0.574020076554,0.818826996009,0.00201226745228,0.0,0.818783218652,-0.573959802004,-0.0120388304629,0.0,-0.00870292631324,0.00855830597924,-0.999925504461,0.0,0.657439140373,0.255384588333,0.303326633943,1.0,-0.01312,-0.0172434285714,0.657
0.461790608413,0.523564086306,-0.123990727867,-1.3940638522,0.0772718770227,1.90814585359,0.154288570192,-0.0100320997861,-0.0682035343132,0.0037855708578,-0.112809821947,-0.0103312425009,0.0380967718292,-0.0116915629147,0.574007420734,0.818835899888,0.00199922430096,0.0,0.818792028198,-0.573947278242,-0.0120367462171,0.0,-0.00870883824642,0.00854629511299,-0.999925555717,0.0,0.657208120701,0.255096716478,0.303324910049,1.0,-0.01346,-0.0176902857143,0.674
0.461629980373,0.522344085233,-0.123994154188,-1.39599902385,0.0771601180128,1.90890250823,0.154020397129,-0.00324097447837,-0.0726986595922,-0.000704317306,-0.114551354776,-0.0125318522998,0.0420393332416,-0.0158599996766,0.573995575897,0.818844116694,0.002034283052,0.0,0.818800694009,-0.573935276885,-0.0120194982263,0.0,-0.00867471561666,0.00856497608351,-0.999925692486,0.0,0.656983386931,0.254808744325,0.303327013344,1.0,-0.0138,-0.0181371428571,0.691
0.46147081747,0.521160906414,-0.123992516962,-1.39789493079,0.0770456846105,1.9096249725,0.153765218652,-0.00938643953957,-0.0757447343079,0.000731663546341,-0.121048405712,-0.011450916264,0.0436144330116,-0.0115016261442,0.573986347798,0.818850568081,0.00204122413443,0.0,0.818807217091,-0.573926001832,-0.0120180098955,0.0,-0.00866960954066,0.00856970765411,-0.99992569623,0.0,0.656758088395,0.254526170618,0.303318479913,1.0,-0.01412,-0.0185577142857,0.707
0.461298287814,0.519852146602,-0.124004926137,-1.39994898484,0.076914338915,1.91037022543,0.15348996307,-0.0125473619408,-0.0784189766894,-0.0018674159259,-0.122476064637,-0.0106592207749,0.0489208893666,-0.0199758113321,0.573984835186,0.818851644572,0.00203471361502,0.0,0.818808272503,-0.573924580131,-0.0120139961412,0.0,-0.00867007526677,0.00856205678134,-0.999925757733,0.0,0.65651016052,0.254208413003,0.303324916841,1.0,-0.01446,-0.0190045714286,0.724
0.461131668519,0.518512961247,-0.124003791456,-1.40203155404,0.0767704366917,1.9111008945,0.153215624512,-0.00962387123157,-0.0744658984207,-0.000182927075059,-0.121903662683,-0.0133155251989,0.0457200551912,-0.0184854356387,0.573967142392,0.818864092348,0.00201609011509,0.0,0.818820535625,-0.573907026177,-0.0120167651737,0.0,-0.00868321640329,0.00854820893496,-0.999925762183,0.0,0.656248739129,0.253896521549,0.303337011674,1.0,-0.0148,-0.0194514285714,0.741
0.460964915931,0.517228823892,-0.124004236581,-1.40405335037,0.0766425031442,1.91182869811,0.152934744755,-0.00794279219819,-0.0853466705335,0.000633169411656,-0.123267906124,-0.00920772553785,0.0455755516806,-0.0207495935903,0.573946361673,0.818878684436,0.00200524308436,0.0,0.818834965693,-0.573886274149,-0.0120245666511,0.0,-0.00869604726355,0.00854358392272,-0.999925690207,0.0,0.655998475865,0.25359251188,0.303338856094,1.0,-0.01512,-0.019872,0.757
0.460742467059,0.515627784941,-0.124009144361,-1.40659685759,0.0764882140995,1.91280247123,0.152583540842,-0.0107042425337,-0.0867334554982,1.30951618678e-05,-0.129697385738,-0.00797391037044,0.0541940199523,-0.0176032907815,0.573937315695,0.818884967338,0.00202850212014,0.0,0.818841570984,-0.573877148963,-0.0120102634424,0.0,-0.00867108011858,0.008554324921,-0.999925815196,0.0,0.655697712938,0.253204043766,0.303335728601,1.0,-0.01552,-0.0203977142857,0.777
0.460574565649,0.514407452891,-0.124010522991,-1.40856867672,0.0763726755413,1.91350553185,0.152324677485,-0.0109596362513,-0.0835057173499,0.00040618538676,-0.13933461154,-0.00194186689993,0.036182342789,-0.0154650607809,0.573936319738,0.818885761938,0.00198914096956,0.0,0.818841734669,-0.573876205996,-0.0120441129324,0.0,-0.00872139983666,0.00854150994346,-0.99992548712,0.0,0.65545092978,0.252904259628,0.303313748066,1.0,-0.01582,-0.020792,0.792
0.460387524156,0.512998447627,-0.124013403492,-1.41083792487,0.0762288052979,1.91428815758,0.152005484483,-0.00969242252972,-0.080984693621,0.000140218662014,-0.137842252202,-0.01100775784,0.0473139159309,-0.0158608966888,0.573910002848,0.818904369933,0.00192053011662,0.0,0.818859372921,-0.573850118865,-0.0120878186305,0.0,-0.00879684043019,0.00851012795795,-0.999925093855,0.0,0.655160229414,0.25255917444,0.30328897751,1.0,-0.01616,-0.0212388571429,0.809
0.46021047922,0.511655261888,-0.124018738221,-1.41299800084,0.076104944798,1.9150897083,0.151696838495,-0.0117534136719,-0.0800960778521,0.000271278901397,-0.138764666854,-0.00224726821139,0.0506786134499,-0.0151924611778,0.573885771803,0.818921377397,0.00190931009752,0.0,0.818876140836,-0.573825850471,-0.0121039746879,0.0,-0.00881676188282,0.00850995118287,-0.999924919902,0.0,0.654893689082,0.25223577983,0.303271378377,1.0,-0.01648,-0.0216594285714,0.825
0.459993956826,0.510098927929,-0.124021935459,-1.41545158773,0.0759522364412,1.91602342197,0.151348087799,-0.0135597096088,-0.083785462405,-0.000307299717044,-0.138567727296,-0.0154493865845,0.0529520263468,-0.0217225500789,0.573866663439,0.81893470459,0.00193626234649,0.0,0.81888985292,-0.5738066576,-0.012086164779,0.0,-0.00878690873289,0.0085215967108,-0.999925083506,0.0,0.654599308639,0.251860125576,0.303274197089,1.0,-0.01684,-0.0221325714286,0.843
0.459810060611,0.508758499324,-0.124025030506,-1.41755141219,0.0758112841735,1.91677301559,0.151053305861,-0.0121786857441,-0.0845645123607,-0.000732306598833,-0.14099690448,-0.0148335640688,0.0494122956904,-0.0268187706054,0.573848817469,0.818947245393,0.00192115963293,0.0,0.818902244268,-0.573788926478,-0.0120883863419,0.0,-0.00879757995327,0.0085103119923,-0.999925085782,0.0,0.654337139765,0.251534598979,0.303277795152,1.0,-0.01714,-0.0225268571429,0.858
0.459599150907,0.507223971363,-0.12402926668,-1.4199394138,0.0756657549698,1.91764241432,0.150714968496,-0.0128170607649,-0.0926316522207,0.000561870916725,-0.146812767332,-0.00635635235936,0.0568095394901,-0.0217085940992,0.573831831023,0.81895911607,0.00193463488785,0.0,0.81891424,-0.573771833657,-0.0120870727896,0.0,-0.00878894865506,0.00852041121373,-0.99992507568,0.0,0.654041532361,0.251166510233,0.303289984197,1.0,-0.01748,-0.0229737142857,0.875
0.459366958189,0.505545038235,-0.1240356593,-1.42254392655,0.0755002420443,1.91862860148,0.1503720924,-0.014112870199,-0.0974957212571,-5.2470042436e-05,-0.144813627347,-0.0149134775538,0.0549840214954,-0.00936278536572,0.573835609106,0.818956360102,0.00198011893729,0.0,0.818912153894,-0.573775487091,-0.01205493753,0.0,-0.00873649225765,0.0085392602914,-0.999925374584,0.0,0.653727038062,0.250764206266,0.303309682874,1.0,-0.01784,-0.0234468571429,0.893
0.459142484466,0.503887964915,-0.12403681042,-1.42502263155,0.0753467847077,1.91957413364,0.150013529321,-0.0172157105291,-0.0950718151835,0.00164200684314,-0.150652121862,-0.00283891872523,0.0559507690658,-0.0287543965933,0.573812756234,0.818972112537,0.0020848430089,0.0,0.81892930425,-0.573752221911,-0.0119970577285,0.0,-0.00862923854304,0.00859156921098,-0.999925857842,0.0,0.653429156547,0.250383916248,0.303369563203,1.0,-0.01818,-0.0238937142857,0.91
0.45892841362,0.502304320959,-0.124048444136,-1.42736562729,0.0751953260627,1.9204463588,0.149698329949,-0.0150008640068,-0.101425722684,0.000981527909878,-0.147170789031,-0.00368163596344,0.053739811191,-0.0234683680027,0.573817267358,0.818968716136,0.00217544784594,0.0,0.818927197746,-0.573756466743,-0.0119376950589,0.0,-0.00852858572807,0.00863175515363,-0.999926375304,0.0,0.653145935239,0.25001491126,0.303436074152,1.0,-0.0185,-0.0243142857143,0.926
0.45867100473,0.500386357593,-0.124052423479,-1.43026315424,0.0750040101496,1.92146240074,0.149298575669,-0.0139855165936,-0.097119386977,0.000628515618972,-0.158892121322,-0.00662010187429,0.0568281996846,-0.0236225298448,0.573799164973,0.8189813285,0.00220198670877,0.0,0.818940167814,-0.573738270974,-0.0119224520253,0.0,-0.00850106522348,0.0086445548158,-0.99992649908,0.0,0.652776779025,0.24956425785,0.303483572505,1.0,-0.01888,-0.0248137142857,0.945
0.45846930176,0.498985406738,-0.124060542313,-1.43241877241,0.074872968652,1.92225600618,0.148986289924,-0.010725863639,-0.106650830984,-0.00127084802633,-0.161600210897,-0.00371310529561,0.0534623927027,-0.0201680920987,0.573788703711,0.818988569367,0.00223464565314,0.0,0.818947816152,-0.573727661213,-0.0119076479716,0.0,-0.0084703126323,0.00866269885516,-0.999926603033,0.0,0.652511167819,0.249223352974,0.303503790064,1.0,-0.01916,-0.0251817142857,0.959
0.458197725146,0.497219884366,-0.124060661336,-1.43521955581,0.0747025643553,1.92329136444,0.148572855815,-0.0152511863863,-0.106574726168,-0.00139185137854,-0.155236412395,-0.0132960258667,0.0586042505147,-0.023357181488,0.573768705017,0.819002579292,0.00223498485232,0.0,0.818961751313,-0.573707582708,-0.0119166409294,0.0,-0.00847769512253,0.00866792962751,-0.999926495139,0.0,0.652164272625,0.248779988864,0.303491394091,1.0,-0.01952,-0.0256548571429,0.977
0.457943197927,0.495652523537,-0.12406096548,-1.43776278587,0.0745440826472,1.92416419771,0.148202817717,-0.0181534832374,-0.103086191803,0.00102728160025,-0.161056726863,-0.0122000027613,0.0625777157769,-0.0232458647524,0.573759613561,0.819009181965,0.00214769745529,0.0,0.818967063263,-0.573698693529,-0.011979367033,0.0,-0.00857924554704,0.00863233667654,-0.999925936912,0.0,0.651835864169,0.248366743177,0.303448806971,1.0,-0.01984,-0.0260754285714,0.993
0.457675935094,0.494063616405,-0.124061968697,-1.44036429332,0.0743796536947,1.92509082809,0.14784886466,-0.0237929382518,-0.100927181581,-0.00199005643537,-0.165360834982,-0.0133912776465,0.0636341900645,-0.0116902879928,0.573775674428,0.818998126872,0.00207135629617,0.0,0.818954927217,-0.573714987574,-0.0120285959977,0.0,-0.00866319623265,0.00859822876831,-0.999925506972,0.0,0.651507122727,0.247940938641,0.303397653332,1.0,-0.021996,-0.0289090285714,1.009
0.457387602593,0.491918354879,-0.124123124215,-1.44374172431,0.0741740562226,1.92635344102,0.147363183043,-0.0200715700842,-0.124977797575,-0.00152256713809,-0.207548910061,-0.0192362806097,0.0734002726864,-0.0276642527394,0.573772046211,0.819000637616,0.00208361993849,0.0,0.818957800973,-0.5737115098,-0.0119987770084,0.0,-0.00863177546814,0.00859112504481,-0.999925839761,0.0,0.65109116914,0.247397676719,0.303394612604,1.0,-0.026532,-0.0348706285714,1.027
0.457024992483,0.489559512978,-0.124130654337,-1.44755959861,0.07395592223,1.92771714744,0.146801709539,-0.0182916707258,-0.146197301911,-0.00183187543353,-0.234645729919,-0.0174317944211,0.0904830542386,-0.0348249093964,0.573746234845,0.819018901976,0.00201074845594,0.0,0.818974806137,-0.57368570795,-0.0120715495051,0.0,-0.00873345771545,0.00857292345951,-0.999925113046,0.0,0.650598594282,0.246793252599,0.30333665497,1.0,-0.030816,-0.0405010285714,1.044
0.456602801424,0.486943164563,-0.124151930194,-1.45163965708,0.0737071092273,1.9292437286,0.146209646395,-0.0279702911017,-0.170229234634,-0.000922171265433,-0.262861168797,-0.0163377479569,0.10265331905,-0.0352161220218,0.573757742545,0.819010716464,0.00206060381232,0.0,0.818967278122,-0.573697006246,-0.0120453016259,0.0,-0.0086832360557,0.00859881771852,-0.999925328085,0.0,0.650098118935,0.246120636097,0.303345813218,1.0,-0.034848,-0.0458002285714,1.06
0.456108683349,0.483797295852,-0.124204626754,-1.45646503525,0.073407837857,1.93100771441,0.145463147049,-0.0246122708235,-0.192358598074,-0.00343141923462,-0.291339282489,-0.0185263080182,0.104194435299,-0.0403452162834,0.573745767971,0.819018944783,0.00212337549041,0.0,0.818976440467,-0.573684882284,-0.0119996958155,0.0,-0.00860999555536,0.00862393522948,-0.999925745102,0.0,0.649500606421,0.24530997653,0.303387487112,1.0,-0.039132,-0.0514306285714,1.077
0.45554603428,0.480303661811,-0.124269160906,-1.46196526731,0.0730840379387,1.93291714395,0.144641793139,-0.0351593309081,-0.205733728066,-0.00456214303953,-0.336210843878,-0.0151975901966,0.11591770725,-0.0453574110438,0.573761725714,0.819007973237,0.00204175918457,0.0,0.818964201263,-0.573700983144,-0.012065069041,0.0,-0.00871019618897,0.0085947679895,-0.99992512842,0.0,0.648791679393,0.244379200755,0.303359908563,1.0,-0.043416,-0.0570610285714,1.094
0.454961742448,0.476653111338,-0.124321224051,-1.46753034201,0.0727336251535,1.93494312465,0.143831040874,-0.0347999063125,-0.230296499401,-0.0012480356294,-0.354322427168,-0.0186765387134,0.123800062875,-0.0495763304629,0.573788783673,0.818988801185,0.00212653865755,0.0,0.818946250719,-0.573727791729,-0.0120085941069,0.0,-0.00861501562921,0.00863208366117,-0.999925631553,0.0,0.648092761325,0.243440237951,0.303416600377,1.0,-0.047448,-0.0623602285714,1.11
0.454258556429,0.472476832712,-0.124352071591,-1.47397662546,0.0723623648048,1.93728172834,0.142899224097,-0.0439157539693,-0.251578126103,0.000151936043545,-0.387280788435,-0.020329609545,0.141766479071,-0.0688817983818,0.573837823754,0.818954266143,0.00219291978249,0.0,0.818912236845,-0.573776200609,-0.0120152762099,0.0,-0.00858188175777,0.00869079612115,-0.999925407902,0.0,0.647219220087,0.242291710699,0.303438110605,1.0,-0.051984,-0.0683218285714,1.128
0.453504547496,0.46791437865,-0.124383058948,-1.48084179464,0.0719294150282,1.93983812089,0.141813127752,-0.052954446293,-0.281299682788,-0.000947963331341,-0.407390991921,-0.0325079230136,0.159530827151,-0.0637701661364,0.57379379426,0.818984505995,0.00240987744755,0.0,0.818945388124,-0.57373138589,-0.0118951677815,0.0,-0.00835949672771,0.00879910088631,-0.999926344606,0.0,0.646407427337,0.241204170384,0.303546549024,1.0,-0.056016,-0.0736210285714,1.144
0.452733360306,0.463333416712,-0.124391300378,-1.4878711549,0.0714622213919,1.9423089216,0.140716941922,-0.0515068660786,-0.289926892989,0.00123961259946,-0.457536782186,-0.0255609348055,0.153833055802,-0.0673199834283,0.57373627101,0.819024769405,0.00242184438321,0.0,0.818985712857,-0.573673723581,-0.0118999121717,0.0,-0.00835713523785,0.00881103682311,-0.999926259242,0.0,0.645478153186,0.240024078356,0.303574101754,1.0,-0.060048,-0.0789202285714,1.16
0.451795487031,0.457818280774,-0.12443372684,-1.49635323477,0.0708880439759,1.94521236982,0.139459872036,-0.0555067018261,-0.312620540339,-0.00207044008879,-0.479126597597,-0.0341782956784,0.166512248577,-0.0734378772027,0.573741792422,0.819021109517,0.0023504671786,0.0,0.818981084562,-0.573679486498,-0.0119405528747,0.0,-0.00843131238854,0.00877595133226,-0.999925945083,0.0,0.644338596443,0.23857133146,0.303586351655,1.0,-0.064584,-0.0848818285714,1.178
0.450818932779,0.452332858936,-0.124468657001,-1.50476455072,0.0703178564635,1.94826445499,0.138093343293,-0.0632772953626,-0.336688786168,-0.00145960457928,-0.496093503682,-0.0338875226893,0.184118512314,-0.0841295123195,0.573677410922,0.819065957553,0.00243562667518,0.0,0.819027240684,-0.573614986518,-0.011873211905,0.0,-0.00832799205544,0.00880640761076,-0.999926543169,0.0,0.643240587685,0.237118266632,0.303617324172,1.0,-0.068868,-0.0905122285714,1.195
0.449839519009,0.446785773445,-0.124506895186,-1.51303621375,0.0697772590717,1.95134038529,0.136840708625,-0.0593261665299,-0.354333527229,0.000506327023245,-0.534776596816,-0.0338079928398,0.187153272652,-0.0694396925457,0.573708399956,0.819043349031,0.00272233873069,0.0,0.819008568918,-0.573645138539,-0.0117032461574,0.0,-0.00802396403516,0.00894404157571,-0.999927807455,0.0,0.642171840313,0.235686737336,0.303751422259,1.0,-0.0729,-0.0958114285714,1.211
0.448863814844,0.441447526141,-0.124533516519,-1.5213791422,0.069211852218,1.95412135819,0.13557216192,-0.0644312948754,-0.360252567168,0.000135699828537,-0.570778618795,-0.041138002939,0.19300274617,-0.0908626852495,0.57370377728,0.819047222693,0.00252385324718,0.0,0.819009537408,-0.573640886794,-0.0118430373583,0.0,-0.00825238032557,0.00886162576112,-0.999926682216,0.0,0.641005661014,0.234233163999,0.303676550772,1.0,-0.07668,-0.100779428571,1.226
0.447525111339,0.434241433536,-0.124564524729,-1.53232698895,0.0684771598953,1.95791871061,0.133774473929,-0.070415460217,-0.390328405888,-0.000712028207587,-0.569041661939,-0.0376699570771,0.212847115955,-0.0938044700603,0.57362832939,0.819099937195,0.00256505538679,0.0,0.819062564637,-0.573565051725,-0.0118487784755,0.0,-0.00823426611465,0.00889790715804,-0.999926509354,0.0,0.639504024989,0.232307465488,0.30371699468,1.0,-0.081468,-0.107072228571,1.245
0.446294184556,0.427964154688,-0.124590354844,-1.54191185839,0.0677801797498,1.96136165282,0.132216484857,-0.0787267305192,-0.401399317534,0.000968254546747,-0.61558081176,-0.0430458423348,0.20645849218,-0.102130518932,0.573601875697,0.819118290791,0.00261931083871,0.0,0.819082026021,-0.573538836473,-0.0117721964127,0.0,-0.00814070164733,0.008898155689,-0.999927273256,0.0,0.638121006756,0.230475159899,0.303726299246,1.0,-0.085752,-0.112702628571,1.262
0.444896184144,0.42100314775,-0.124700734917,-1.55267359656,0.0670067552034,1.96488064976,0.130435294986,-0.0856632989133,-0.406998342902,-0.0100105451037,-0.636065061766,-0.0486558667086,0.208312103019,-0.110437698006,0.573620727654,0.819105844782,0.00237123405292,0.0,0.819066384441,-0.573558661621,-0.0118939674043,0.0,-0.00838253777853,0.00876499309279,-0.999926451274,0.0,0.636597717941,0.228460620327,0.303660570388,1.0,-0.090036,-0.118333028571,1.279
0.443405427574,0.413624659928,-0.124795175173,-1.56361573907,0.0662492156123,1.96883415944,0.128680223423,-0.0888322895506,-0.432421458143,-0.00318920539315,-0.663243825335,-0.0331920596275,0.237974442414,-0.112477118771,0.573704082041,0.819046571077,0.00266224678526,0.0,0.819011331672,-0.573641389071,-0.0116936837679,0.0,-0.00805065164942,0.00888929554308,-0.99992808113,0.0,0.635210763393,0.226542596628,0.30378732617,1.0,-0.094068,-0.123632228571,1.295
0.441905183939,0.4065413995,-0.124819046571,-1.5744378081,0.0655201771261,1.97243686302,0.126847906276,-0.0945626232134,-0.452076357111,-0.00586700761234,-0.693161417054,-0.048280275624,0.222889819427,-0.110268389698,0.573687416276,0.81905857935,0.00255712746554,0.0,0.819021319683,-0.573624394327,-0.0118270469039,0.0,-0.008220371809,0.00887954085057,-0.999926786941,0.0,0.63365153837,0.224538722139,0.30373927297,1.0,-0.0981,-0.128931428571,1.311
0.440096483681,0.398203854148,-0.124934523551,-1.58689083407,0.0646331576001,1.97674630887,0.124739710791,-0.0982905792255,-0.471356049114,-0.00794463409723,-0.684613568928,-0.0591496584555,0.255610968572,-0.119652689405,0.573775991855,0.81899611687,0.00268674963435,0.0,0.818960826964,-0.573712795004,-0.011727729912,0.0,-0.00806369786665,0.00892960448744,-0.999927616851,0.0,0.631908026572,0.222140554737,0.30380981099,1.0,-0.102636,-0.134893028571,1.329
0.438199750699,0.389645953207,-0.124983800472,-1.59978408194,0.0636498851668,1.98113786928,0.122557291223,-0.107834211159,-0.471866210584,-0.00325726673092,-0.731774034154,-0.0504026781654,0.233153713367,-0.122794010678,0.573800252367,0.818979137822,0.00268124929961,0.0,0.818944125823,-0.573737458858,-0.0116873428842,0.0,-0.00803351150897,0.00890216505448,-0.999928104491,0.0,0.630050240012,0.219677229557,0.303807256752,1.0,-0.107172,-0.140854628571,1.347
0.436537219273,0.382232394944,-0.125030472139,-1.61092657698,0.0628093424873,1.98470885254,0.120525019955,-0.11045254217,-0.508638253233,-0.0035706297963,-0.739334015668,-0.0499159093376,0.248006642971,-0.134058480286,0.57371446244,0.819039737873,0.00252394007568,0.0,0.819002477687,-0.573652025944,-0.011791589145,0.0,-0.00821007481407,0.0088322884521,-0.999927290033,0.0,0.628380820309,0.217526419832,0.303782811783,1.0,-0.110952,-0.145822628571,1.362
0.434427682037,0.37309380595,-0.12508601412,-1.62455260551,0.0618209883669,1.98935737144,0.118107749555,-0.120686178497,-0.518543513314,-0.00537508017801,-0.755480976511,-0.0700012089586,0.248997612645,-0.131732828771,0.573728032239,0.819029862894,0.00264113836493,0.0,0.818994029021,-0.573665058822,-0.0117442588262,0.0,-0.00810392592642,0.00890125843398,-0.999927544367,0.0,0.626381516732,0.214882400015,0.303806680979,1.0,-0.115488,-0.151784228571,1.38
0.432411206681,0.364717882588,-0.125196702942,-1.63700474006,0.06085311602,1.99337808263,0.115956746495,-0.129142813965,-0.538907485719,-0.00959769412089,-0.763245579986,-0.0547040198925,0.261484978156,-0.129818940657,0.573869990131,0.818930703171,0.0025465136308,0.0,0.818893829977,-0.573807551062,-0.0117701516879,0.0,-0.00817788729767,0.00884003133121,-0.999927485374,0.0,0.624513134958,0.212361734465,0.303807959404,1.0,-0.11952,-0.157083428571,1.396
0.429793848334,0.353948358349,-0.125284879065,-1.65298625025,0.059643615634,1.99860081815,0.112953685611,-0.137201245897,-0.541332536691,-0.00123548947566,-0.830681126312,-0.0602260132725,0.259715687076,-0.149591500621,0.573829747848,0.818958962146,0.00252699553897,0.0,0.818921641837,-0.573767177793,-0.0118032673535,0.0,-0.00821664267887,0.00884264751327,-0.99992714453,0.0,0.622079632313,0.209163461522,0.303800556764,1.0,-0.12456,-0.163707428571,1.416
