position_joint1,position_joint2,position_joint3,position_joint4,position_joint5,position_joint6,position_joint7,velocity_joint1,velocity_joint2,velocity_joint3,velocity_joint4,velocity_joint5,velocity_joint6,velocity_joint7,ee_T_00,ee_T_10,ee_T_20,ee_T_30,ee_T_01,ee_T_11,ee_T_21,ee_T_31,ee_T_02,ee_T_12,ee_T_22,ee_T_32,ee_T_03,ee_T_13,ee_T_23,ee_T_33,v_x,v_y,time
0.465069538043,0.547867964429,-0.124000480631,-1.35587244178,0.0794728530979,1.89409791292,0.159169994583,0.000476098584235,0.00181233117777,2.47445823661e-05,-0.000824861497283,5.5190708414e-05,-5.61486009793e-05,-0.000138649554203,0.573821435002,0.818966673837,0.00181515208687,0.0,0.818922032211,-0.573763680627,-0.0119453277532,0.0,-0.00874152529715,0.00834111374096,-0.999927003114,0.0,0.661670542531,0.260870378329,0.303134251875,1.0,0.0,0.0,0.0
0.465066955858,0.547865201591,-0.124000244193,-1.35586965772,0.0794747294519,1.89409872813,0.159173606448,7.91982525448e-05,-0.000112626928078,0.000172485623997,0.000168049894644,-0.000439527068263,7.37886310253e-05,0.00155848388215,0.573826689306,0.818962978016,0.00182158727981,0.0,0.818918406195,-0.573768893438,-0.011943526258,0.0,-0.00873630391533,0.00834540615811,-0.999927012931,0.0,0.661671931808,0.260869534428,0.303137600421,1.0,-4e-05,-5.25714285714e-05,0.003
0.465066243958,0.547859905228,-0.124002743688,-1.3558702515,0.0794753398037,1.89409766854,0.159169994583,0.000436155493726,-0.00165789611087,-0.000404581515262,0.00173738502469,-0.000172113397742,0.00024562780479,-0.000194564159103,0.573826238803,0.818963286824,0.0018246637283,0.0,0.818918760223,-0.573768434793,-0.0119412851525,0.0,-0.00873270781765,0.00834663480231,-0.999927034089,0.0,0.661672450937,0.260867643895,0.303141061634,1.0,-0.00034,-0.000446857142857,0.018
0.46506350161,0.547853419685,-0.12400119421,-1.35587631616,0.0794728530977,1.89410215293,0.159173960333,0.000253657713759,0.00166533247095,-2.17028197988e-05,0.00113762964126,3.28232809471e-05,0.000140668538528,-0.00569123379425,0.573830342138,0.818960404322,0.00182797556553,0.0,0.818915936044,-0.573772538046,-0.011937804588,0.0,-0.00872791513182,0.00834739352562,-0.9999270696,0.0,0.661672626503,0.260865994037,0.303143103181,1.0,-0.0007,-0.00092,0.036
0.465060330258,0.547809539605,-0.124000925624,-1.35591884245,0.0794728530977,1.89410516442,0.159168057739,-0.000723899679388,-0.00592702572351,0.000463421672847,-0.00445149891694,-0.000185626260786,-5.63144013114e-05,-0.000172174528527,0.573830183738,0.818960501478,0.00183416236392,0.0,0.818916071745,-0.573772313123,-0.0119393062274,0.0,-0.0087255966279,0.00835332015149,-0.999927040341,0.0,0.661665405718,0.260859785683,0.303154201008,1.0,-0.00104,-0.00136685714286,0.053
0.465064467458,0.547694404487,-0.123998150507,-1.35606607778,0.0794687318165,1.8941321289,0.159165161052,-0.000782368084025,-0.0103430298311,-1.76257268474e-05,-0.012222278683,-0.000146580997888,0.00294944625514,0.0011085586525,0.573829412905,0.818961040663,0.00183457438221,0.0,0.818916521105,-0.573771449507,-0.0119499829571,0.0,-0.00873411223468,0.00835977592689,-0.999926912044,0.0,0.661638586557,0.260849327235,0.303167929697,1.0,-0.00136,-0.00178742857143,0.069
0.46505417237,0.547556370112,-0.123998141673,-1.35625389233,0.0794675084512,1.89417567499,0.15915882785,-0.000115142333241,-0.00815184498707,-5.62665249916e-05,-0.00916979987428,0.000113421640218,0.00465092340907,-0.00157126888418,0.573842636146,0.818951771774,0.0018361238497,0.0,0.818907144384,-0.573784541979,-0.0119639108852,0.0,-0.00874449489325,0.00836917823207,-0.999926742649,0.0,0.661610607769,0.260824797976,0.303180100106,1.0,-0.0017,-0.00223428571429,0.086
0.465036897625,0.547378353891,-0.123998141685,-1.35647076344,0.0794635099231,1.89429310914,0.159148550436,0.00014185592341,-0.0124597400741,0.000670451776926,-0.0131806945504,0.00020659834547,0.00696805233453,-0.00058337190018,0.573859651257,0.81893968624,0.00190731776893,0.0,0.818895954393,-0.57380122221,-0.0119298018068,0.0,-0.0086755339125,0.00840808859088,-0.999927016916,0.0,0.66159374328,0.260797307477,0.303213167863,1.0,-0.00204,-0.00268114285714,0.103
0.465019843181,0.547189400663,-0.123996356765,-1.35668128897,0.0794621864502,1.894412173,0.15914195911,-0.000512508550249,-0.0174451008005,0.000756235272772,-0.0122021252807,0.000205159647133,0.00989978159227,-0.000340963977775,0.573878604814,0.818926191791,0.00199655604764,0.0,0.81888356741,-0.573819749723,-0.011888849995,0.0,-0.00859059275512,0.00845786642692,-0.999927330465,0.0,0.661578324601,0.260772439671,0.30325708347,1.0,-0.00236,-0.00310171428571,0.119
0.464989618268,0.546962496068,-0.124000768411,-1.35700176514,0.0794529244394,1.89455235269,0.159123077435,0.000393049604765,-0.0125037077941,0.00223452580355,-0.0253390439822,-0.00245244238387,0.00791176405621,0.00127933705836,0.573906575192,0.818906483167,0.00204001958507,0.0,0.818864385802,-0.573847501155,-0.0118705511758,0.0,-0.00855037579662,0.00848325008432,-0.99992746014,0.0,0.66154818141,0.260722854885,0.303277564264,1.0,-0.00272,-0.00357485714286,0.137
0.464949524964,0.546714144745,-0.123995636031,-1.35737720297,0.0794457199724,1.89468584212,0.159062235948,-0.000451111373706,-0.0175854869366,0.00106884381701,-0.0197153393634,0.000287851166789,0.0077599537322,-0.00409826471855,0.573905049322,0.81890751336,0.00205568155872,0.0,0.818865443684,-0.573845736927,-0.0118828554085,0.0,-0.00855148011769,0.00850312102236,-0.999927281916,0.0,0.661504899816,0.260665896009,0.303286169419,1.0,-0.00306,-0.00402171428571,0.154
0.464902612823,0.546440415817,-0.123998154815,-1.35777825803,0.0794337331302,1.89483391003,0.158946669013,-0.00593021926506,-0.0112108581134,3.20043703133e-05,-0.0298421134954,-0.00260007437211,0.0108078491961,-0.000287638466833,0.573869817745,0.818932140411,0.00208052513145,0.0,0.818890289303,-0.573810304486,-0.0118817276558,0.0,-0.00853666625902,0.00852245079468,-0.999927243934,0.0,0.661463094239,0.260597509079,0.303302048952,1.0,-0.00338,-0.00444228571429,0.17
0.464857939826,0.546152475283,-0.124001309938,-1.35826278419,0.0794155196848,1.89500634815,0.158933003608,-0.000721652879058,-0.0139464239852,-0.000110440685313,-0.0294723785274,-9.24165305644e-05,0.0152050340104,-0.00267449940943,0.573919675636,0.8188972416,0.00206410226802,0.0,0.818855082641,-0.573860129256,-0.0119017891126,0.0,-0.00856200112516,0.0085210356366,-0.999927039383,0.0,0.661407233939,0.260521152719,0.303290373418,1.0,-0.00372,-0.00488914285714,0.187
0.464797879392,0.545819591838,-0.124006635148,-1.35882709744,0.0793631028972,1.89518969702,0.158847984558,-0.00829837506398,-0.0189097632719,-0.00199858325582,-0.0321226983492,-0.00392876267972,0.0136068879087,-0.00794153145339,0.573920460397,0.81889682168,0.00201183498083,0.0,0.818854133193,-0.573861278092,-0.0119117152821,0.0,-0.00860011717079,0.00848393985032,-0.999927027712,0.0,0.661342784784,0.260419681904,0.303273480249,1.0,-0.00406,-0.005336,0.204
0.46474043421,0.54547946302,-0.124002316572,-1.35942490444,0.079280786295,1.89539796984,0.158756379606,-0.00358394805013,-0.0210769466667,0.00105664100396,-0.0360381342454,-0.00147957826387,0.0136424074917,-0.00821890666847,0.573900965714,0.818910646709,0.0019445206941,0.0,0.81886745487,-0.573842430308,-0.0119039251975,0.0,-0.0086325688047,0.00842414106918,-0.999927253656,0.0,0.661274520373,0.260318498929,0.303247543681,1.0,-0.00438,-0.00575657142857,0.22
0.4646747293,0.545071251959,-0.124010175731,-1.36012175315,0.0792699748283,1.8956209284,0.15868891201,-0.00429200269952,-0.0294359493824,-0.000847437970155,-0.0421821596265,0.000701460614531,0.0103887787337,-0.00476059680854,0.573940871655,0.818882774717,0.00190368489529,0.0,0.818838751171,-0.573882211274,-0.011960521134,0.0,-0.00870194137533,0.00842360506788,-0.999926656857,0.0,0.66118908409,0.260206519086,0.303224444298,1.0,-0.00472,-0.00620342857143,0.237
0.46460977754,0.544619493033,-0.124013020295,-1.36087939479,0.0792470347247,1.89588464984,0.158604538691,-0.000726672816938,-0.0276923605783,-0.00122017849403,-0.0414561547952,-0.00464870646825,0.0135308293088,-0.00710005766857,0.5739630669,0.81886727524,0.00187890338423,0.0,0.818822701823,-0.573904290649,-0.011999794003,0.0,-0.00874809633267,0.00842608954197,-0.999926233192,0.0,0.66109819297,0.260092107543,0.303206546638,1.0,-0.00508,-0.00667657142857,0.255
0.464546520443,0.54416807768,-0.124010926829,-1.36161990644,0.0792098358853,1.89615514819,0.158487918527,-0.00129477741507,-0.0340334860958,-0.000185966457679,-0.0499717886309,-0.00553079671741,0.0192246241739,-0.0103411739932,0.573949300302,0.818876951285,0.00186714704122,0.0,0.818832128475,-0.573890484096,-0.0120168440801,0.0,-0.00876894755446,0.00842610146613,-0.999926050452,0.0,0.661011715488,0.259981865401,0.303196912019,1.0,-0.0054,-0.00709714285714,0.271
0.464469241652,0.543628014797,-0.124013057753,-1.36250500604,0.079170997213,1.89645504157,0.15839080383,-0.00685842711797,-0.0318835904276,0.000110277347517,-0.0458851456117,-0.00835682716973,0.0131123011968,-0.00400073752653,0.573973359368,0.818860158134,0.001836043784,0.0,0.818814756856,-0.573914510475,-0.0120530295851,0.0,-0.0088161832814,0.00842165976914,-0.999925672517,0.0,0.660904746856,0.259845641682,0.30318382622,1.0,-0.00576,-0.00757028571429,0.289
0.464402715879,0.543102318913,-0.124022569728,-1.36331424973,0.0791143717398,1.89674593873,0.158290909207,-0.00202539761125,-0.0338157238061,-0.000496452515516,-0.0484468648786,-0.0051294801339,0.0320779878438,-0.00722478705621,0.573982566651,0.818853704717,0.0018358519353,0.0,0.818808404046,-0.573923815968,-0.012041504414,0.0,-0.00880676090898,0.00841498661769,-0.999925811729,0.0,0.660812851385,0.259717590001,0.303196037678,1.0,-0.00608,-0.00799085714286,0.305
0.464326417718,0.542554681223,-0.124020273918,-1.3641667004,0.0790703259826,1.89705437454,0.158180439795,-0.00731346390006,-0.0339408498059,-0.000515153012556,-0.051627056239,-0.00211783516368,0.0214986288758,-0.00713686928051,0.57398858152,0.818849471118,0.00184359347499,0.0,0.818804172798,-0.573929701834,-0.0120486871727,0.0,-0.0088081376496,0.00842551310695,-0.999925710961,0.0,0.66071408297,0.259588312685,0.303204300378,1.0,-0.0064,-0.00841142857143,0.321
0.464250514251,0.541957586443,-0.124020508315,-1.36510730534,0.0790183463239,1.89741209061,0.158051684052,-0.00480170725233,-0.0363062062389,0.000803284781809,-0.0565368106341,-0.00254827755829,0.0261394775771,-0.00948362215279,0.573983929445,0.818852700762,0.00185744275892,0.0,0.818807542725,-0.57392495095,-0.012045976711,0.0,-0.00879801720794,0.00843524759245,-0.999925717987,0.0,0.660606905212,0.259450081492,0.303209862065,1.0,-0.00674,-0.00885828571429,0.338
0.464166899825,0.54129927952,-0.124020824012,-1.36610190259,0.0789527137408,1.89777983166,0.157919872929,-0.00315552563225,-0.0370939653459,-0.000561476710844,-0.0586390172285,-0.00276738992248,0.0248502268379,-0.00971507963272,0.573982309816,0.81885378152,0.00188133206298,0.0,0.81880898033,-0.573923270821,-0.0120282934036,0.0,-0.00876984213436,0.00844464180464,-0.9999258862,0.0,0.660493506694,0.259299589632,0.303233763746,1.0,-0.00708,-0.00930514285714,0.355
0.464087342524,0.540645667814,-0.124023669214,-1.36711296008,0.0788918144924,1.89814804449,0.157799757329,-0.00554538888834,-0.042165354995,0.000469901637552,-0.0628697414079,-0.00118183393866,0.0272037954778,-0.00497046573716,0.573990812197,0.818847802154,0.00188979417397,0.0,0.818803107212,-0.573931731471,-0.0120243973379,0.0,-0.00876170717998,0.00844942561342,-0.999925917103,0.0,0.660375361088,0.259149097934,0.303246552684,1.0,-0.0074,-0.00972571428571,0.371
0.463976785998,0.539873083356,-0.124029076375,-1.36828737866,0.0788352609127,1.89858990599,0.157645146491,-0.008037128203,-0.0397619402017,-0.00248516386185,-0.0676359441924,-0.00745026227088,0.0243699223707,-0.0101699227159,0.574008463039,0.818835334482,0.00193035322907,0.0,0.818791065039,-0.573949104946,-0.0120151423651,0.0,-0.0087306667017,0.00847751259689,-0.999925950878,0.0,0.660245476094,0.258964529873,0.303272053013,1.0,-0.00776,-0.0101988571429,0.389
0.463873064871,0.539114597093,-0.124024165395,-1.36945848535,0.0787627639604,1.89903924612,0.15750167201,-0.00471023313921,-0.0467119961366,0.000932482207719,-0.0699537771945,-0.00233148014807,0.0182351204338,-0.00834723173434,0.574017914936,0.818828636025,0.00196088217151,0.0,0.818784768601,-0.573958428795,-0.0119988175897,0.0,-0.00869967808644,0.00849324023078,-0.999926087504,0.0,0.660113986933,0.258788609864,0.303289320655,1.0,-0.0081,-0.0106457142857,0.406
0.463763379608,0.538342879023,-0.12403855119,-1.37064860936,0.0786916274253,1.89950407644,0.157358202715,-0.00825573880824,-0.0483405603847,-0.000857886090137,-0.073186717712,-0.00841244912253,0.0338605867464,-0.00393011583602,0.574047181549,0.818808033819,0.00199599863746,0.0,0.818764715197,-0.573987632217,-0.011970217735,0.0,-0.00865579856712,0.00850588677392,-0.999926360809,0.0,0.659987175848,0.25859675669,0.303308734581,1.0,-0.00844,-0.0110925714286,0.423
0.463651089842,0.537558804362,-0.124039568279,-1.37190372663,0.0786186338154,1.89997613935,0.157208190436,-0.0090141586632,-0.0498741751697,0.00151041808082,-0.0748071901688,-0.00353578201009,0.0261397669029,-0.0142436164804,0.574066754468,0.818794309604,0.00199671621109,0.0,0.818750975522,-0.574007175297,-0.0119728730649,0.0,-0.00865735758389,0.00850820553699,-0.999926327585,0.0,0.659844523934,0.258403590305,0.30330600482,1.0,-0.00878,-0.0115394285714,0.44
0.46353869941,0.536713630153,-0.124047925466,-1.37320457404,0.0785475783282,1.90046656555,0.157050422281,-0.0035225977223,-0.0516485116636,-0.000463076509028,-0.0758368472531,-0.00562127847824,0.0336426047039,-0.00773127598719,0.574088106435,0.818779262608,0.00202782490599,0.0,0.818736308509,-0.574028369079,-0.0119597459092,0.0,-0.00862852903885,0.00852636591924,-0.999926422079,0.0,0.659697862537,0.258203048338,0.303326332637,1.0,-0.00912,-0.0119862857143,0.457
0.463430670733,0.535901246533,-0.124056569105,-1.3744870214,0.0784722421764,1.90093476861,0.156893669815,-0.00372842514103,-0.0591235081267,-0.00227759275723,-0.0815205991055,-0.00981508043523,0.0394255687352,-0.00761702396965,0.574104569629,0.818767726608,0.00202482053334,0.0,0.818724732782,-0.574044842208,-0.0119615202517,0.0,-0.0086315351435,0.00852509822085,-0.999926406943,0.0,0.659549048059,0.258004787734,0.303330195297,1.0,-0.00944,-0.0124068571429,0.473
0.46330284034,0.534960707063,-0.124057070026,-1.37599917613,0.0783884803181,1.90148274853,0.156707141577,-0.00960277322437,-0.0524661368075,0.00123849864103,-0.0859801953544,-0.00303408742695,0.0332082975677,-0.00879858982395,0.574117370573,0.818758792318,0.00200791153142,0.0,0.818715473306,-0.574057609215,-0.0119825695452,0.0,-0.00865834397641,0.00852347366309,-0.999926189014,0.0,0.659369552375,0.257776675165,0.303321661575,1.0,-0.0098,-0.01288,0.491
0.463182263383,0.534121878399,-0.124057765428,-1.37739139949,0.0783090236689,1.90197795917,0.156536043522,-0.00433992785034,-0.0541125608066,-0.000615601561715,-0.0949973923707,-0.00623649894107,0.0312695094732,-0.013881687506,0.574131412839,0.818749062593,0.00195964171931,0.0,0.818705021514,-0.574071764142,-0.0120184967794,0.0,-0.00871532579004,0.0085047287945,-0.999925853593,0.0,0.659202285556,0.257563272305,0.30329371511,1.0,-0.01012,-0.0133005714286,0.507
0.463062814805,0.533255562779,-0.124055667456,-1.378775134,0.0782290184804,1.90250952368,0.156359469538,-0.00755804516766,-0.0525189848359,0.00108714209027,-0.0858726934281,-0.011024518057,0.0301404700209,-0.0170906348695,0.57413754917,0.818744728982,0.00197238377602,0.0,0.818700818257,-0.574077810134,-0.012016030926,0.0,-0.00870592784114,0.00851381067517,-0.999925858176,0.0,0.659043753107,0.257355994939,0.303292084315,1.0,-0.01044,-0.0137211428571,0.523
0.46292690316,0.532250150702,-0.124057743862,-1.38042500574,0.0781472402742,1.90312549773,0.156161330323,-0.0126220750967,-0.0569367800351,-0.000459738584353,-0.086775289909,-0.0024332245118,0.0309778434242,-0.0165044945903,0.574156357421,0.818731580639,0.00195524900728,0.0,0.818687271436,-0.574096518931,-0.0120451417937,0.0,-0.00873940459169,0.00851669618444,-0.999925541575,0.0,0.658848619242,0.257111130241,0.303269162245,1.0,-0.0108,-0.0141942857143,0.541
0.462801472615,0.531309621069,-0.124055747417,-1.3819452254,0.0780469437778,1.90366449929,0.155968662204,-0.0130111966058,-0.0548681041593,0.000501627972299,-0.0972215297975,-0.00377037515599,0.0316411665025,-0.0126775670243,0.574155645206,0.818732172633,0.00191610914047,0.0,0.818687358503,-0.574095982589,-0.0120647712189,0.0,-0.00877795479549,0.00849591440697,-0.99992538069,0.0,0.658663602089,0.256881918606,0.303255136579,1.0,-0.01112,-0.0146148571429,0.557
0.46267620823,0.530336020948,-0.124057798917,-1.38350317147,0.0779454210115,1.90421715805,0.155762962597,-0.00864710299654,-0.0635382838325,0.00103105469062,-0.100136249641,-0.00802319487312,0.040441113281,-0.0131857731752,0.574148514962,0.818737245924,0.00188462316167,0.0,0.818692036325,-0.574089006316,-0.012079295763,0.0,-0.00880799748875,0.00847839893348,-0.999925265173,0.0,0.658473913878,0.256647174783,0.303247568018,1.0,-0.01144,-0.0150354285714,0.573
0.462543688747,0.52927736711,-0.124061647924,-1.38515212975,0.0778357924379,1.90482697409,0.155531793419,-0.00738382745736,-0.0669201413607,-0.00056249129532,-0.0963847633971,-0.00470003311162,0.0359896480214,-0.010761360951,0.57413042613,0.818749907213,0.00189476421393,0.0,0.818704914632,-0.574070956776,-0.0120642548164,0.0,-0.00879004764204,0.00847787175801,-0.999925427596,0.0,0.658278891575,0.25639951057,0.303261361112,1.0,-0.01178,-0.0154822857143,0.59
0.462403788912,0.528185115047,-0.124061621706,-1.3868502812,0.077734751401,1.90548815082,0.155299148782,-0.00977882057437,-0.0656504037384,-0.00119909973319,-0.102307522343,-0.00841378722619,0.0491766523513,-0.0142364327675,0.57411948757,0.818757468625,0.00194125326428,0.0,0.818713089718,-0.574059824112,-0.0120391846221,0.0,-0.00874294514684,0.00850142364268,-0.999925640588,0.0,0.658083557572,0.256148716391,0.303279491966,1.0,-0.01212,-0.0159291428571,0.607
0.462263588473,0.527112935728,-0.12406175418,-1.38850230748,0.0776367342206,1.90611463211,0.155069954896,-0.011832056621,-0.0724557658579,-0.00108006617468,-0.10437105649,-0.00697981800693,0.0386540059419,-0.00943039695966,0.574109708166,0.818764229365,0.00198156595628,0.0,0.818720357813,-0.574049854469,-0.0120202823387,0.0,-0.00870442714417,0.00852347327757,-0.999925788922,0.0,0.657891029543,0.255901017702,0.303302170376,1.0,-0.01244,-0.0163497142857,0.623
0.462113954772,0.525935521523,-0.124067348939,-1.39031385049,0.0775177173592,1.90678692738,0.154823817762,-0.00682256279363,-0.0717193985134,-0.000820231753664,-0.106325436774,-0.00297695132837,0.0386074038688,-0.0201277758548,0.574100225564,0.818770814721,0.00200770260111,0.0,0.818727373968,-0.574040350094,-0.01199626949,0.0,-0.00866985996159,0.00853098634638,-0.999926025164,0.0,0.657677299708,0.255626146819,0.303326820118,1.0,-0.01278,-0.0167965714286,0.64
0.461950750854,0.524697636617,-0.124065253105,-1.39227790541,0.0773974654255,1.90747535927,0.154550654711,-0.00773960332316,-0.070118651327,-0.000895051812269,-0.112338368534,-0.00637797884919,0.0445657984331,-0.014756192279,0.574081730408,0.818783859074,0.0019763180302,0.0,0.818739917676,-0.574021901319,-0.0120229327109,0.0,-0.00870990110172,0.00852040052074,-0.999925767444,0.0,0.657433724749,0.255330469948,0.303322280897,1.0,-0.01314,-0.0172697142857,0.658
0.461815461809,0.523629119493,-0.12407441551,-1.39397224949,0.0772838681898,1.90809474224,0.154327690175,-0.00785200899561,-0.0683739831987,-0.00292197828988,-0.116044462292,-0.00407919430459,0.0395662761055,-0.0075680221818,0.574076661606,0.818787446959,0.00196219340542,0.0,0.818743424558,-0.574016994556,-0.0120183861185,0.0,-0.00871433910329,0.00850617169939,-0.999925849919,0.0,0.657229802855,0.255072799761,0.303321075963,1.0,-0.01344,-0.017664,0.673
0.461641348842,0.5223397058,-0.12407552812,-1.39600696496,0.0771721399463,1.90890416493,0.154060790596,-0.0119006270731,-0.0696382280801,0.00140140372872,-0.10559690866,-0.00547567517306,0.0454277925994,-0.00911211394299,0.574080791888,0.818784411174,0.0020197290306,0.0,0.818741086855,-0.574020828205,-0.0119945147239,0.0,-0.00866172190965,0.00853962006684,-0.999926021995,0.0,0.6569969139,0.254769956243,0.303329097254,1.0,-0.0138,-0.0181371428571,0.691
0.461478480509,0.521076020218,-0.124081237852,-1.39802626486,0.0770386452711,1.90966209756,0.153778615248,-0.00671009351791,-0.0720768000395,0.0014458518428,-0.119023131853,-0.00383972116996,0.0417552578778,-0.0150965890531,0.574059034817,0.8187996824,0.00201284551836,0.0,0.818756371212,-0.573999204298,-0.0119860321346,0.0,-0.00865895429084,0.00852888433835,-0.999926137593,0.0,0.656755339149,0.254466412462,0.303321662811,1.0,-0.01414,-0.018584,0.708
0.461315206315,0.5198640603,-0.124088241914,-1.39994926096,0.0769237679707,1.91036194889,0.153520107745,-0.00910268219915,-0.0759077940955,0.000508974928339,-0.121910289683,-0.00490843217444,0.0466947461678,-0.00996763757068,0.574057430139,0.818800832992,0.0020024224585,0.0,0.818757349733,-0.573997608288,-0.0119956174728,0.0,-0.00867280285537,0.0085258355933,-0.999926043574,0.0,0.656522237166,0.254171713709,0.303318406221,1.0,-0.01446,-0.0190045714286,0.724
0.461142540199,0.51850000539,-0.124096047017,-1.40202428665,0.0767840658449,1.91110079751,0.153242617899,-0.0094740101292,-0.0791612175585,-0.00178044480614,-0.123380139481,-0.00532257756347,0.0430919676652,-0.0090927324444,0.574049301883,0.818806491602,0.00201871699833,0.0,0.818763309945,-0.573989500077,-0.0119767687475,0.0,-0.00864810014092,0.00852827134536,-0.999926236755,0.0,0.65626823146,0.25385306217,0.3033525156,1.0,-0.0148,-0.0194514285714,0.741
0.460953003441,0.517062504659,-0.124099995014,-1.40428067828,0.0766322694575,1.91191858428,0.152925865673,-0.00621390621987,-0.0828277499244,0.00107833438679,-0.120707996837,-0.0154708204835,0.0497454342334,-0.0195756329756,0.574026254158,0.818822672865,0.00200918909696,0.0,0.818779450794,-0.573966577829,-0.0119718584042,0.0,-0.00864978824276,0.00851740776694,-0.999926314749,0.0,0.655992244153,0.253508477026,0.303358167807,1.0,-0.01516,-0.0199245714286,0.759
0.460774081658,0.515798147343,-0.124103306144,-1.40633392031,0.0765070783259,1.91269110002,0.152647680128,-0.01171342391,-0.0812275075667,0.000817836719174,-0.13336385448,-0.00612322124631,0.0476722460753,-0.0120046391047,0.5740221463,0.818825594258,0.00199214614689,0.0,0.818782141969,-0.573962534359,-0.0119816545447,0.0,-0.00866763503031,0.0085090325725,-0.999926231513,0.0,0.655745715128,0.253194294207,0.303334780578,1.0,-0.01548,-0.0203451428571,0.775
0.460586905082,0.514401095452,-0.124108872084,-1.40855835152,0.0763764874423,1.91349339524,0.152343052784,-0.0105238580606,-0.08295639585,0.00079386846737,-0.135259313245,-0.00603259288876,0.0455680635058,-0.0165534773897,0.574011767626,0.818832918357,0.00197214183075,0.0,0.818789111383,-0.573952149873,-0.0120028179217,0.0,-0.00869655481932,0.00850469073047,-0.999926017348,0.0,0.655470091799,0.252856045066,0.303325189369,1.0,-0.01582,-0.020792,0.792
0.460395269862,0.512994860557,-0.124109996813,-1.4108271827,0.0762364147709,1.91428926007,0.152031104652,-0.0100494743306,-0.0853390180324,0.00107858629341,-0.131982464521,-0.012688275602,0.0420578240742,-0.0112585627431,0.573995098172,0.818844740194,0.00191458423421,0.0,0.818800087672,-0.57393563794,-0.0120435390138,0.0,-0.00876310916788,0.00848075737822,-0.999925639571,0.0,0.655182618137,0.252510455492,0.303299771954,1.0,-0.01616,-0.0212388571429,0.809
0.460196812687,0.511587978341,-0.124120613647,-1.413123709,0.0760972304887,1.91513706379,0.151697179678,-0.0126790258157,-0.079655090063,-0.000904801055654,-0.137621251081,-0.00474909145042,0.0521962131472,-0.0151024725936,0.573974454909,0.818859301111,0.00187536599019,0.0,0.818814120086,-0.573915152433,-0.0120657140693,0.0,-0.00880399073613,0.00846115071245,-0.999925446559,0.0,0.654901870504,0.252155258751,0.30326602359,1.0,-0.0165,-0.0216857142857,0.826
0.460000588292,0.510110345878,-0.124122414442,-1.41545566006,0.0759614921902,1.9160189001,0.151378675231,-0.0127975926421,-0.082509488395,-0.00162952995881,-0.138483834185,-0.0056531343802,0.0564858165347,-0.00926566944353,0.573960851809,0.818868777976,0.00190051261598,0.0,0.818823853471,-0.573901371792,-0.0120606526863,0.0,-0.00878555427853,0.00847869079406,-0.999925460141,0.0,0.654617688105,0.251806300361,0.303267100284,1.0,-0.01684,-0.0221325714286,0.843
0.459793025273,0.508596650689,-0.124127926572,-1.41783132011,0.0758046220608,1.9168645818,0.151048982487,-0.0110191022019,-0.0842903638671,-0.000978692808235,-0.136137920819,-0.0087214141184,0.0480505907642,-0.0173717302108,0.573945584631,0.818879526117,0.00188002407226,0.0,0.818834369556,-0.57388623037,-0.0120671755618,0.0,-0.00880281255924,0.00846549344563,-0.999925420175,0.0,0.654320649752,0.251437359802,0.303269037506,1.0,-0.01718,-0.0225794285714,0.86
0.459602995453,0.507237411243,-0.124136589231,-1.41994449422,0.0756625991588,1.91763673572,0.150734949055,-0.0118906414165,-0.0926327860479,0.000168114232764,-0.142483675734,-0.0101006077161,0.05218441069,-0.0250227871565,0.573921171842,0.818896619948,0.00188712769619,0.0,0.818851658031,-0.573861887613,-0.0120516797865,0.0,-0.00878629834339,0.00846215475135,-0.999925593681,0.0,0.654062269192,0.251104622378,0.303281089317,1.0,-0.01748,-0.0229737142857,0.875
0.459367178489,0.505559160402,-0.124138643294,-1.42254326988,0.0755011891877,1.91861796727,0.150394322232,-0.0135228063302,-0.100450539477,-0.000407947112986,-0.145556947433,-0.0107572886265,0.0554473182534,-0.0189988775149,0.573927560746,0.818892028083,0.00193604207672,0.0,0.818847718039,-0.573868076749,-0.0120246435262,0.0,-0.00873602017655,0.00848676136085,-0.999925825666,0.0,0.653747833398,0.250703456951,0.303302475492,1.0,-0.01784,-0.0234468571429,0.893
0.459143265781,0.503909523294,-0.124144381334,-1.42502076814,0.0753487014733,1.91956260993,0.150044816137,-0.0137553891143,-0.0999833207806,0.000310782529387,-0.14378177762,-0.00821617431159,0.0547662398279,-0.0166056710527,0.573915244398,0.818900422649,0.00203394535592,0.0,0.818857427183,-0.573855383276,-0.0119691241585,0.0,-0.0086344965812,0.00853493840187,-0.999926297432,0.0,0.653450692758,0.250320970407,0.303357815317,1.0,-0.01818,-0.0238937142857,0.91
0.458927363904,0.502319954845,-0.124154922257,-1.4273634042,0.0751975183572,1.92043924927,0.149718504785,-0.0129242583592,-0.107537825593,-0.00142678215235,-0.153571690525,-0.0147040525877,0.0516567558654,-0.0185113768829,0.573911520212,0.81890277754,0.00213419926744,0.0,0.81886119092,-0.573851348927,-0.0119048830812,0.0,-0.00852439281396,0.00858012769493,-0.999926855393,0.0,0.653168779802,0.249951846036,0.303428973512,1.0,-0.0185,-0.0243142857143,0.926
0.458694135339,0.500599366473,-0.124151128999,-1.42994869179,0.0750367622926,1.92134941021,0.149361899612,-0.0130182788354,-0.107213654918,0.000627063644534,-0.154601249608,-0.00975750178759,0.0536295971573,-0.0217584197431,0.573896023509,0.818913527323,0.00217620521353,0.0,0.8188723811,-0.573835576919,-0.0118954207208,0.0,-0.0084927004781,0.0086089347433,-0.999926877467,0.0,0.652839130432,0.249553643508,0.303477970681,1.0,-0.01884,-0.0247611428571,0.943
0.458441667311,0.498897140604,-0.124155796176,-1.43256637199,0.07487022128,1.92231232995,0.148994602172,-0.0164168031448,-0.0991352848232,-0.000967841784389,-0.154718520573,-0.00837711506119,0.0568591107789,-0.0167527377289,0.573893482916,0.818915208924,0.00221308875482,0.0,0.818874560387,-0.573832906999,-0.0118741777534,0.0,-0.00845416437092,0.00862692140381,-0.999927049005,0.0,0.652517570715,0.249136553953,0.30350297502,1.0,-0.01918,-0.025208,0.96
0.458201313143,0.497328266728,-0.124153615456,-1.43506873571,0.0747194721093,1.92322244823,0.14861869315,-0.0163331843675,-0.0946369402216,0.000100565474236,-0.158174541202,-0.0049663600205,0.054885937306,-0.0242492197734,0.573867165105,0.818933699365,0.00219539509767,0.0,0.818892699733,-0.57380654018,-0.0118973808903,0.0,-0.00848359741545,0.00862547532931,-0.999926812197,0.0,0.652203238574,0.248742387113,0.303484599572,1.0,-0.0195,-0.0256285714286,0.976
0.457932230649,0.495646230466,-0.124156920184,-1.43775581969,0.0745523882189,1.92415806667,0.148225905128,-0.0192325898439,-0.0929022108109,-0.0010684786445,-0.163533368497,-0.012501407128,0.0519535496606,-0.0205744813794,0.573858576197,0.818939874097,0.00213636122439,0.0,0.818897982538,-0.573798067585,-0.0119423084922,0.0,-0.00855435736869,0.00860282367547,-0.999926404489,0.0,0.651860334713,0.248305178695,0.303458951833,1.0,-0.01984,-0.0260754285714,0.993
0.457654366821,0.493941913125,-0.124167428516,-1.44054790273,0.0743748028277,1.92515505952,0.147842336891,-0.0125686946994,-0.102713005334,-0.00367228199483,-0.173385649898,-0.00869663467632,0.0666406569864,-0.0222756363032,0.573871990104,0.818930687846,0.00205289542945,0.0,0.818887675104,-0.57381179329,-0.0119895098013,0.0,-0.0086407682623,0.00856169945477,-0.999926014476,0.0,0.65150786387,0.247848465544,0.303403839991,1.0,-0.0234565714286,-0.0308286367347,1.01
0.457385780676,0.491857091225,-0.12424115136,-1.4437585917,0.0741963164829,1.92636444627,0.147366342214,-0.0133420148318,-0.134038310003,-0.00596269912216,-0.212357603405,-0.0180205811404,0.0811694331327,-0.0343481195809,0.573872863279,0.818929888982,0.00212617602604,0.0,0.818887964593,-0.573812495011,-0.01193603427,0.0,-0.00855491355784,0.008591031525,-0.999926501115,0.0,0.651088495294,0.247296396501,0.303437892974,1.0,-0.0300234285714,-0.0394593632653,1.027
0.456965125657,0.489005972429,-0.124245690864,-1.44835101337,0.0739378035929,1.92803117336,0.146698173955,-0.0286512537607,-0.170247787895,-0.0013606657281,-0.277991437051,-0.0187704912503,0.098229203257,-0.0355557421269,0.573828739437,0.818960959918,0.00206659783395,0.0,0.818917878911,-0.57376824541,-0.012010622784,0.0,-0.00865064950304,0.0085845797265,-0.999925732869,0.0,0.650524377616,0.246618543865,0.303375476578,1.0,-0.0365902857143,-0.0480900897959,1.044
0.456417094387,0.485443790776,-0.124305266021,-1.45388944574,0.0736015174206,1.93012418921,0.145873256068,-0.0268598656795,-0.212301219257,-0.0102454283954,-0.318655176947,-0.0176529404887,0.120952310663,-0.0530493967656,0.573828812838,0.818960681518,0.002154666175,0.0,0.818918909715,-0.573768113294,-0.0119464797851,0.0,-0.00854758304803,0.00861989714726,-0.999926315384,0.0,0.649848567589,0.245705608487,0.3033971607,1.0,-0.0435434285714,-0.0572285061224,1.062
0.45584437331,0.481783001537,-0.124393948024,-1.45963464668,0.0732554739783,1.9321266744,0.144990149258,-0.038771023405,-0.241208069718,-0.00959470596725,-0.378435781495,-0.0219038231078,0.13113540744,-0.057473632908,0.573826945381,0.818962190577,0.00207703180498,0.0,0.818919380918,-0.57376654205,-0.0119895655244,0.0,-0.00862743559429,0.00858102257245,-0.999925963963,0.0,0.649113958827,0.244729647364,0.303378973982,1.0,-0.049724,-0.0653515428571,1.078
0.45517633543,0.477573679858,-0.124477675958,-1.46615350918,0.0728636795449,1.93445753479,0.144028266553,-0.0412789001367,-0.277261064097,-0.00197807310903,-0.416620573048,-0.0242152868611,0.157747640734,-0.0612801907483,0.573858254551,0.81894022089,0.00208930461912,0.0,0.818897550674,-0.573797775395,-0.0119858813921,0.0,-0.0086170479171,0.00858928878055,-0.999925982562,0.0,0.648287214747,0.243625918964,0.303397454032,1.0,-0.0559045714286,-0.0734745795918,1.094
0.454359358242,0.472611200643,-0.124544637827,-1.47382835304,0.072413298128,1.93723644773,0.142922277653,-0.0549389908048,-0.296419901968,-0.00147606594394,-0.47200561286,-0.031197962804,0.166995547719,-0.071008318599,0.573918542411,0.818897811621,0.00215120904821,0.0,0.818855725327,-0.573857574279,-0.011980502642,0.0,-0.00857648491342,0.00863752875836,-0.999925915758,0.0,0.647311163109,0.242330596773,0.303420598221,1.0,-0.0624714285714,-0.0821053061224,1.111
0.453500243957,0.467408282245,-0.124583540218,-1.48165063415,0.0719341716274,1.94015166827,0.141676854401,-0.0555392288249,-0.345068062084,-0.0031206456705,-0.501777620153,-0.0325606471386,0.191754980712,-0.0757613262901,0.573873515634,0.81892865971,0.00240525681637,0.0,0.818889856439,-0.573811509674,-0.011853323925,0.0,-0.00832702295107,0.00877211797232,-0.999926852642,0.0,0.646327014993,0.241016136356,0.303544161893,1.0,-0.068652,-0.0902283428571,1.127
0.452418139595,0.461067161808,-0.124625866883,-1.49146464538,0.071295757011,1.94357826204,0.140149763604,-0.0643489669908,-0.362458503004,-0.0016309136293,-0.556739039931,-0.0378002127942,0.191996820453,-0.0800703605595,0.573826115331,0.818962012329,0.00235767409364,0.0,0.81892239625,-0.573764098304,-0.0119002235018,0.0,-0.00839324383174,0.00875957979103,-0.999926408902,0.0,0.645027088033,0.23934723901,0.303542021086,1.0,-0.0756051428571,-0.0993667591837,1.145
0.45135266857,0.454952906527,-0.124690411302,-1.50095530527,0.0706572790832,1.94679199295,0.138741544359,-0.0699068653614,-0.38966138277,-0.008552701599,-0.606307536381,-0.0417533136453,0.209844583232,-0.0959936276673,0.573856766525,0.818940977996,0.00219840251018,0.0,0.818899234966,-0.573795335875,-0.0119875936669,0.0,-0.00855586330159,0.00867959898303,-0.999925728124,0.0,0.643665196539,0.237589067882,0.303510947888,1.0,-0.082172,-0.107997485714,1.162
0.450204207081,0.448270427771,-0.124769674008,-1.51080375896,0.069978393416,1.95053099367,0.137147158365,-0.0792009069445,-0.427250925204,-0.00567366689672,-0.630700764903,-0.0338398917595,0.236992985763,-0.0932116143551,0.573818358003,0.818966503012,0.00266568288193,0.0,0.818931604319,-0.573755965783,-0.0116561605195,0.0,-0.0080167079093,0.00887170165679,-0.999928510097,0.0,0.642417378924,0.235873971064,0.303744032204,1.0,-0.0883525714286,-0.116120522449,1.178
0.448772988034,0.440423111959,-0.124804523118,-1.52285950143,0.0691958358997,1.95469632084,0.135279766782,-0.081809075166,-0.448175852268,-0.00364553851904,-0.693725895055,-0.0540762701641,0.233122849199,-0.114725277624,0.573803621061,0.818976997505,0.00261321956995,0.0,0.818940922042,-0.573740871684,-0.0117441587756,0.0,-0.00811904133502,0.00887908422576,-0.999927618896,0.0,0.640850242462,0.233890048516,0.303729840173,1.0,-0.0949194285714,-0.12475124898,1.195
0.447317784401,0.43242923309,-0.12484107576,-1.53494237966,0.0683793434074,1.95893380143,0.133298613598,-0.0873336094084,-0.481225251142,-0.00268138719906,-0.72403495459,-0.0521320214386,0.269924338022,-0.1181741355,0.573703758128,0.819046579851,0.00272852430952,0.0,0.819011884231,-0.573640480215,-0.0116995661344,0.0,-0.00801745199375,0.00894695115224,-0.99992783366,0.0,0.639194423986,0.23178070024,0.303803297274,1.0,-0.101486285714,-0.13338197551,1.212
0.445802152624,0.424577044629,-0.124872706405,-1.5469142791,0.0675316516767,1.96309282832,0.131354944419,-0.0955215009449,-0.50529811026,-0.00366169565522,-0.739664068891,-0.0526113418941,0.26644039326,-0.126066846334,0.573654245909,0.819081242665,0.00273330696052,0.0,0.819046657581,-0.573591011679,-0.0116906341746,0.0,-0.00800793304006,0.00894526008574,-0.999927925068,0.0,0.637536282736,0.22964237234,0.303811202219,1.0,-0.107666857143,-0.141505012245,1.228
0.444053975109,0.415793020796,-0.124997035038,-1.56027650591,0.066558653759,1.96766325505,0.12917576298,-0.10400726338,-0.540864944682,-0.00950568594869,-0.808966333631,-0.0575515976837,0.284234782371,-0.125700422735,0.573681540017,0.819062336685,0.00266948864169,0.0,0.81902735723,-0.573619007904,-0.0116691379707,0.0,-0.00802663652475,0.00888092425438,-0.999928348578,0.0,0.63567440933,0.227165544576,0.303812003458,1.0,-0.114233714286,-0.150135738775,1.245
0.442157330879,0.406549985723,-0.125057472749,-1.57429843292,0.0656325326147,1.97248044823,0.126830122979,-0.119562686475,-0.553362261115,-0.00210814372277,-0.864697143052,-0.0529789643437,0.279175697768,-0.138871322087,0.573676408322,0.819065788954,0.00271271080271,0.0,0.819030767505,-0.573613055577,-0.0117222546288,0.0,-0.00804540630243,0.00894674679625,-0.99992761096,0.0,0.633685352772,0.224592829616,0.303809669246,1.0,-0.120800571429,-0.158766465306,1.262
0.440174526202,0.397412370519,-0.1251749173,-1.58797165262,0.0646899763586,1.97713004978,0.124510586688,-0.126318754341,-0.584817158478,-0.0107839398629,-0.847434021118,-0.0631861842352,0.301864695374,-0.145324997766,0.573770514526,0.818999589208,0.0027957896034,0.0,0.818965503987,-0.57370669754,-0.0116993751086,0.0,-0.00797797378823,0.00900258504492,-0.999927650081,0.0,0.631748949494,0.221966406326,0.303867487783,1.0,-0.126981142857,-0.166889502041,1.278
0.437972635611,0.387399736909,-0.125294084406,-1.60312993948,0.0635119251257,1.98225824805,0.12190815453,-0.132160829331,-0.593267403567,-0.00794482022415,-0.928686251904,-0.0691750075696,0.297644037795,-0.160274338424,0.573787737231,0.818987942141,0.00267023063277,0.0,0.818952861236,-0.573725066101,-0.0116835996843,0.0,-0.00803690375128,0.00889087041924,-0.999928177721,0.0,0.629419649599,0.218863610331,0.303817162003,1.0,-0.133934285714,-0.176027918367,1.296
0.435464157445,0.376239411384,-0.125405037374,-1.61964698543,0.0623073073237,1.98774902696,0.11893843187,-0.143726202883,-0.625910497901,-0.00904634637557,-0.926009237873,-0.0651869773342,0.312700571838,-0.168819402481,0.573767579824,0.819001678294,0.00278607171389,0.0,0.818968025861,-0.573704427638,-0.011633968712,0.0,-0.00793001089963,0.0089570701744,-0.99992844035,0.0,0.627126127961,0.215831043334,0.303910238322,1.0,-0.140501142857,-0.184658644898,1.313
0.433180625608,0.366738955697,-0.125517602632,-1.63392150497,0.0612247322751,1.99244653963,0.116436454491,-0.156591045358,-0.647831800574,-0.0076133205925,-0.948169778764,-0.0718970086136,0.313917336701,-0.164554913369,0.57388270941,0.818921372478,0.00267739426345,0.0,0.8188863647,-0.57381997903,-0.0116833332446,0.0,-0.00803154360781,0.00889751589738,-0.999928161679,0.0,0.625000174036,0.212971449543,0.303858403569,1.0,-0.146295428571,-0.192273991837,1.328
0.4302917743,0.354847567645,-0.125660581909,-1.65146191997,0.0598730323143,1.99822226572,0.113156216841,-0.162890939569,-0.647929899649,-0.00227872742293,-0.987591677843,-0.0678322197007,0.307745432689,-0.187161765346,0.573896937234,0.818911227026,0.00273030857891,0.0,0.818877145664,-0.57383428924,-0.0116265086326,0.0,-0.00795448691612,0.00890837650473,-0.99992868094,0.0,0.622361447505,0.209420181179,0.303905925847,1.0,-0.153248571429,-0.201412408163,1.346
0.427364020167,0.343157587479,-0.125794775957,-1.66858442409,0.0586045906956,2.00376737978,0.109939911124,-0.17621757205,-0.696326012313,-0.00860439099091,-1.008611075,-0.0731537988417,0.332944996176,-0.186840364807,0.573976384183,0.818855252994,0.00281637083373,0.0,0.818821866026,-0.573912957956,-0.0116368083268,0.0,-0.00791266225387,0.00898553218769,-0.999928322425,0.0,0.619732330186,0.205912480569,0.303962614953,1.0,-0.159815428571,-0.210043134694,1.363
0.424301106057,0.331275280755,-0.125869495562,-1.68619619808,0.0571921659081,2.00937623397,0.106595005494,-0.185033451959,-0.719510131472,-0.00174201408014,-1.03769108501,-0.0792990768572,0.328249857292,-0.197058676999,0.573958785316,0.818868090027,0.00266660737392,0.0,0.818832600917,-0.573895706017,-0.0117318878371,0.0,-0.008076669565,0.00891729682968,-0.999927621994,0.0,0.616950385084,0.20230860327,0.303882943269,1.0,-0.166382285714,-0.218673861224,1.38
0.42145378348,0.320330684957,-0.125878764061,-1.70202765417,0.0558473181557,2.01444066603,0.103449830149,-0.193122525864,-0.715810371263,-0.000407183867028,-1.0651076655,-0.0843379440553,0.327143529142,-0.214039733025,0.573812203523,0.818970534542,0.00275055272444,0.0,0.818936513451,-0.573749270376,-0.0116408152879,0.0,-0.00795551026827,0.00893234190462,-0.999928459003,0.0,0.614422555457,0.199058428487,0.30395014917,1.0,-0.172176571429,-0.226289208163,1.395
