position_joint1,position_joint2,position_joint3,position_joint4,position_joint5,position_joint6,position_joint7,velocity_joint1,velocity_joint2,velocity_joint3,velocity_joint4,velocity_joint5,velocity_joint6,velocity_joint7,ee_T_00,ee_T_10,ee_T_20,ee_T_30,ee_T_01,ee_T_11,ee_T_21,ee_T_31,ee_T_02,ee_T_12,ee_T_22,ee_T_32,ee_T_03,ee_T_13,ee_T_23,ee_T_33,v_x,v_y,time
0.465063372578,0.547820775138,-0.124004366569,-1.35585046502,0.0795692343837,1.8940982042,0.159162752817,-0.00116568415343,0.000691269536021,0.0015586658373,-0.000831311243233,0.000103123603281,0.00031696133745,0.00131864042593,0.573847536717,0.818948128326,0.00192733385724,0.0,0.818904104829,-0.573788488555,-0.0119826707161,0.0,-0.00870747142026,0.00845469045981,-0.999926346363,0.0,0.661673993153,0.260882937537,0.303178472102,1.0,0.0,0.0,0.0
0.465063194812,0.547823479759,-0.124006635476,-1.35585046502,0.0795682273938,1.89409709409,0.159161266678,-0.000712829481553,0.00093130045757,0.000373660589137,2.01717810842e-05,-0.000369460611069,-0.000183046609043,-0.000319904646762,0.573847780439,0.818947967841,0.00192295513664,0.0,0.818903906328,-0.573788769407,-0.0119827878198,0.0,-0.00871007736862,0.00845117437827,-0.99992635339,0.0,0.661674323503,0.260881231828,0.303176532995,1.0,-0.00024,-0.000315428571429,0.013
0.465058145474,0.547818639355,-0.124004370062,-1.35585426469,0.0795685069605,1.89409591155,0.159162076106,-0.00118188819578,0.000579865551517,0.000729695340464,-0.000365922650137,3.69938294437e-05,-0.000391153811348,0.000133249238421,0.573851260385,0.818945527321,0.00192383378543,0.0,0.818901457864,-0.573792226355,-0.0119845810928,0.0,-0.00871100592573,0.00845296000254,-0.999926330208,0.0,0.661674126017,0.260878779493,0.303177976383,1.0,-0.00056,-0.000736,0.029
0.465063502823,0.547800627054,-0.124012302432,-1.35587560489,0.0795681638809,1.8940952333,0.159162713326,0.00129860845442,-0.00431287117865,-0.00135794707392,-0.00511884140857,-8.20120442971e-05,-0.000123446491306,0.00076873144759,0.573853974354,0.818943635961,0.00191941107548,0.0,0.818899529464,-0.573794978847,-0.0119845648239,0.0,-0.00871350241679,0.008449357658,-0.999926338902,0.0,0.661670017951,0.260875334734,0.303180782967,1.0,-0.0009,-0.00118285714286,0.046
0.465065221104,0.547712345107,-0.124007318342,-1.35596624884,0.0795654088805,1.89411327682,0.15915800066,2.41192632324e-05,-0.00403657946429,0.000577711194098,-0.00361730474634,-0.000120876138784,3.01707307987e-05,0.0015862324026,0.573849415771,0.818946789139,0.0019368737428,0.0,0.818902840452,-0.57379027861,-0.0119833623485,0.0,-0.0087025443448,0.00846291982966,-0.999926319641,0.0,0.661653735529,0.260870538702,0.303201577421,1.0,-0.00124,-0.00162971428571,0.063
0.465064943462,0.547562325757,-0.124001319996,-1.35616086249,0.079562057644,1.89414427304,0.159155317204,0.000209753714303,-0.00617710983079,0.00542308288293,-0.0139933080521,-0.000297031138598,0.00488760988212,0.000871189342862,0.57385294141,0.818944326701,0.00193346856495,0.0,0.818900170448,-0.573793659761,-0.0120039060041,0.0,-0.00872128662819,0.0084719576177,-0.999926079815,0.0,0.661618144758,0.26085425474,0.303217709783,1.0,-0.00158,-0.00207657142857,0.08
0.465047550485,0.547395923891,-0.124010534285,-1.35637667516,0.0795593405581,1.89424827252,0.159146849019,-0.00240225581258,-0.00767042516323,-0.00423319464256,-0.0136358579113,-0.000246068180744,0.0122565127623,-0.00115593841212,0.57387818466,0.818926519558,0.00198283586242,0.0,0.818882997589,-0.573818680668,-0.0119793521085,0.0,-0.0086725878444,0.00849856303985,-0.999926277606,0.0,0.661600611023,0.260820614456,0.303242196387,1.0,-0.00192,-0.00252342857143,0.097
0.465026939843,0.547202397792,-0.124012279316,-1.356609861,0.0795572578369,1.89437137604,0.159132455222,-0.00270368317353,-0.0139557800279,-0.000914345718336,-0.0153793472813,-4.47990873596e-05,0.00656660857503,-0.00124878675615,0.573897187572,0.818913013318,0.00205951850301,0.0,0.818870447731,-0.573837317923,-0.0119444252147,0.0,-0.00859978224336,0.00854151532717,-0.999926540432,0.0,0.661582703032,0.260788866929,0.303279033518,1.0,-0.00228,-0.00299657142857,0.115
0.465006679332,0.547018273189,-0.124004159834,-1.35683489967,0.0795560874044,1.89448774851,0.159123656111,-0.00115145850763,-0.013035577896,0.000834045287307,-0.0179002606068,0.000373583620451,0.0113498629296,0.000910372750313,0.5739133506,0.818901500339,0.00213205239038,0.0,0.818859778913,-0.573853080304,-0.011918540371,0.0,-0.00853679011976,0.00858622669909,-0.999926697276,0.0,0.661562653441,0.260763592606,0.303312173139,1.0,-0.00258,-0.00339085714286,0.13
0.464972248037,0.546777527638,-0.124007464587,-1.35720467128,0.0795472532506,1.89463087075,0.159092557564,0.000107525086073,-0.0167884824311,0.000409155591947,-0.0177260180983,4.53522067627e-05,0.016091576753,-0.00875663151739,0.57393679325,0.818885023124,0.00215015307261,0.0,0.818843441798,-0.573876350001,-0.0119205551465,0.0,-0.0085278062662,0.00860244956069,-0.9999266345,0.0,0.661522958215,0.260706456622,0.303319204763,1.0,-0.00294,-0.003864,0.148
0.464934283567,0.546492541483,-0.124010431494,-1.35761775546,0.0795404081146,1.89478307491,0.15895520157,-0.00312901210461,-0.018441967111,-0.00089642540907,-0.0221606968327,0.000206541011219,0.0106425701214,-0.0080609945082,0.573878749211,0.818925619241,0.0021813425242,0.0,0.818884288896,-0.573818029582,-0.0119221317872,0.0,-0.00851180936613,0.00862829132109,-0.999926548148,0.0,0.661477010776,0.260643559556,0.303337718117,1.0,-0.00328,-0.00431085714286,0.165
0.464885900558,0.546186500846,-0.124010434745,-1.35812390485,0.0795268901526,1.89496085469,0.158939213083,-0.00228801926807,-0.017047463803,-0.0073457359332,-0.0290200334586,-0.00289664434143,0.0125068446717,0.00138224516831,0.57392999069,0.818889736437,0.00217077106282,0.0,0.818848100604,-0.573869137822,-0.011947706631,0.0,-0.00853828020419,0.00863484516464,-0.999926265892,0.0,0.661417726896,0.260565364369,0.303328937758,1.0,-0.00364,-0.004784,0.183
0.464842651225,0.545900347426,-0.124007731557,-1.3586057069,0.0795113198218,1.89512206464,0.158890135134,-0.00302012540397,-0.0197411048188,-0.000132323011117,-0.0299949613245,-0.00620597820218,0.00884701040895,0.00121990078146,0.573946073823,0.818878520888,0.00214924936494,0.0,0.818836438648,-0.573885140145,-0.0119782955314,0.0,-0.0085755117597,0.00863494563657,-0.999925946414,0.0,0.661358314331,0.260493303961,0.30331611274,1.0,-0.00394,-0.00517828571429,0.198
0.464775350341,0.545551538559,-0.124005935337,-1.35921570805,0.0794468842424,1.89532761578,0.158772833157,-0.00162407094195,-0.0235135776989,0.000486163737896,-0.0369830844418,-0.00936166914189,0.0140619676665,-0.00951442908126,0.573920797701,0.818896397456,0.00208688784878,0.0,0.818853698319,-0.573860323375,-0.0119873644601,0.0,-0.00861899337794,0.00858881896759,-0.999925969831,0.0,0.661289108393,0.2603855127,0.303290400327,1.0,-0.00428,-0.00562514285714,0.215
0.464717973576,0.545161652024,-0.12401621562,-1.35990873614,0.0793746313046,1.89554905271,0.158729359231,-0.000944906786585,-0.0252097813549,-0.00112738725097,-0.0385374152487,-0.00113792090206,0.00913145254161,-0.00238202001003,0.573958733165,0.818870033256,0.00199703767969,0.0,0.818826431778,-0.573898899335,-0.012003118933,0.0,-0.0086830638494,0.0085246863008,-0.999925964322,0.0,0.661205619832,0.260267788981,0.303255987904,1.0,-0.00462,-0.006072,0.232
0.46465288536,0.544753195642,-0.12401092688,-1.36058195544,0.0793577230594,1.89577633763,0.158626385129,-0.00407200262087,-0.0283161092539,-1.41819453796e-05,-0.0411107454483,0.00065871108153,0.0113160308253,-0.0103832588827,0.573956988546,0.818871298244,0.00197967503369,0.0,0.818827184165,-0.573896948932,-0.0120449732552,0.0,-0.00872732145309,0.00853447262513,-0.999925495543,0.0,0.661123602704,0.260165949402,0.30324420857,1.0,-0.00494,-0.00649257142857,0.248
0.464595228673,0.544329656294,-0.124014120243,-1.3612882315,0.0793352133459,1.89603485359,0.158545692896,-0.00135229777617,-0.0285217151811,3.19917124302e-05,-0.0435825020321,-0.00476625286815,0.0114938551957,-0.00130237086538,0.573977928787,0.818856672931,0.00195789776546,0.0,0.818812085192,-0.573917796212,-0.0120780476813,0.0,-0.00876668635493,0.00853584748535,-0.999925139457,0.0,0.661036435315,0.260049951916,0.303221997719,1.0,-0.00528,-0.00693942857143,0.265
0.464513199999,0.543833768999,-0.124014362866,-1.36211134399,0.0793005915919,1.89632884158,0.158440704113,-0.00236876691205,-0.0278017332961,-0.00140906469927,-0.0492791086777,-0.00396622109376,0.0221735079808,-0.0131132397308,0.573991837949,0.818846948232,0.00194736760054,0.0,0.818802064925,-0.573931596054,-0.012101587728,0.0,-0.00879186165529,0.00854088563307,-0.999924875399,0.0,0.660946440617,0.259930383654,0.303214927923,1.0,-0.0056,-0.00736,0.281
0.464443569966,0.543292313034,-0.124030812176,-1.36295971089,0.0792539857741,1.89662127086,0.158330423991,-0.00241777402328,-0.0328152513531,-0.00352065245788,-0.0500894122543,-0.00518110411989,0.0209612970466,-0.00756292466077,0.574004767492,0.818837916375,0.00193403839403,0.0,0.818792861589,-0.573944585271,-0.0121082513279,0.0,-0.00880483394462,0.00853393512394,-0.999924820599,0.0,0.660848147761,0.259793537696,0.303220073551,1.0,-0.00594,-0.00780685714286,0.298
0.464354453553,0.542736354183,-0.124019028767,-1.36385551261,0.0791995270407,1.89694578379,0.158215427431,-0.00156153594458,-0.0303236763207,0.00153459265726,-0.0498704299537,-0.00797182419773,0.0157187253901,0.000216083648867,0.57401063863,0.818833826488,0.00192308046726,0.0,0.818788550298,-0.573950428424,-0.012122809677,0.0,-0.0088229836473,0.00853338228663,-0.999924665335,0.0,0.660744601133,0.259655645456,0.303214680281,1.0,-0.00628,-0.00825371428571,0.315
0.464287466959,0.54213097835,-0.124029679252,-1.3647790597,0.0791466144607,1.89728855156,0.158088977907,-0.00487524336574,-0.0365248698877,0.000723843858748,-0.0528151211523,-0.00309957837956,0.0181820433019,-0.0134317791196,0.574006632048,0.818836587979,0.00194305245333,0.0,0.818791596325,-0.573946356825,-0.0121098379961,0.0,-0.00880093999435,0.0085422468075,-0.999924783909,0.0,0.660638778068,0.259518232359,0.303233278606,1.0,-0.00662,-0.00870057142857,0.332
0.464194251286,0.541495868999,-0.124022617105,-1.36574173299,0.0790961899272,1.8976454161,0.157958293517,-0.00560276055306,-0.0336930267119,-0.000328188203311,-0.0610002768743,-0.000149751414394,0.0221995650973,-0.00928518919038,0.574017170444,0.818829127237,0.00197365796149,0.0,0.818784484353,-0.573956709612,-0.0121000237727,0.0,-0.00877522662617,0.00856178676552,-0.999924842778,0.0,0.660525646953,0.259357772799,0.303254571873,1.0,-0.00698,-0.00917371428571,0.35
0.464122743001,0.540847025977,-0.124035391449,-1.36673056507,0.0790383161673,1.89801156796,0.157840164099,-0.00495597058607,-0.0390056911284,0.00205000039525,-0.0616602104791,-0.00367187253556,0.0241154331169,-0.00794334995786,0.574017262675,0.818829020196,0.00199116458298,0.0,0.818784557338,-0.573956677659,-0.0120966001889,0.0,-0.00876237377448,0.00857415721886,-0.999924849493,0.0,0.660406713593,0.259216935431,0.303272627471,1.0,-0.0073,-0.00959428571429,0.366
0.464028189793,0.540126970165,-0.124027862092,-1.36782995185,0.0789744928039,1.89842158115,0.157703048582,-0.00527085311876,-0.0455553266425,0.0005475294381,-0.065482647107,-0.00124474865432,0.0236265549566,-0.00629114081665,0.574024889955,0.818823593966,0.00202350647773,0.0,0.818779522603,-0.573964132793,-0.0120836474266,0.0,-0.00873312361305,0.00859328549949,-0.999924941181,0.0,0.660289619902,0.259061225779,0.303295934178,1.0,-0.00762,-0.0100148571429,0.382
0.463925296532,0.539378525513,-0.124033157319,-1.36898130154,0.0788975894196,1.89886613712,0.157565527842,-0.00266939016134,-0.049393919866,0.00170403647539,-0.0626204403038,-0.00069720924266,0.0299654737137,-0.00973890692029,0.574043514527,0.818810464787,0.0020525800235,0.0,0.818766888061,-0.5739827431,-0.0120557264458,0.0,-0.00869337683656,0.00860126173841,-0.999925218952,0.0,0.660163951381,0.258881096016,0.303315462707,1.0,-0.00796,-0.0104617142857,0.399
0.463822315315,0.538614674827,-0.124041531551,-1.3701603321,0.0788417701577,1.89931586714,0.157413787758,-0.00935269969139,-0.0523621332451,-0.00169638024562,-0.0649285922862,0.000327146237694,0.0271437999963,-0.0148043490632,0.574059804149,0.818798955584,0.00208770133951,0.0,0.818755750789,-0.57399879468,-0.012047869378,0.0,-0.0086666116703,0.00862568108427,-0.99992524094,0.0,0.660032632117,0.258699805443,0.30333316404,1.0,-0.0083,-0.0109085714286,0.416
0.463704182965,0.537835110561,-0.12403992146,-1.37138218997,0.0787617806135,1.89978816737,0.157257653024,-0.00287530585237,-0.0500019640907,-0.00103242504289,-0.0736188818323,-0.00806499902894,0.0336551443059,-0.00564568376235,0.57407372526,0.818789141145,0.00210884121156,0.0,0.818746278817,-0.574012690707,-0.012029494225,0.0,-0.00863928395979,0.00863258866142,-0.999925417812,0.0,0.659899035444,0.258507068976,0.30334304008,1.0,-0.00864,-0.0113554285714,0.433
0.463600746541,0.537060414049,-0.124048081396,-1.37259776393,0.0786925579006,1.90023773292,0.157107060222,-0.00684623547132,-0.0475441167864,-0.000745642978202,-0.0747812566358,-0.00235486796713,0.0298522292786,-0.00726956285995,0.574088981367,0.818778414844,0.00212032062287,0.0,0.818735705315,-0.57402789945,-0.0120234103512,0.0,-0.00862755178217,0.00863865592263,-0.999925466709,0.0,0.659750414029,0.25830995134,0.303354198714,1.0,-0.00898,-0.0118022857143,0.45
0.46346187925,0.536117088969,-0.124051371345,-1.37407117793,0.0786151604833,1.9007937361,0.156929234477,-0.00397763872258,-0.0457243181476,-0.00131130785177,-0.0811861583807,-0.00461973265647,0.0319430286552,-0.00743358833158,0.574120180005,0.818756481025,0.00214256680208,0.0,0.818713963208,-0.574058901659,-0.0120237588277,0.0,-0.00861473678174,0.00865739862224,-0.999925415098,0.0,0.65959462634,0.258088413711,0.303363600196,1.0,-0.00934,-0.0122754285714,0.468
0.463356926996,0.535271548449,-0.12404997165,-1.37541202629,0.0785367170453,1.90126844488,0.156763969608,-0.00710865929004,-0.0533743361611,0.00192943328342,-0.0839176342051,-0.0132879995405,0.0350667971763,-0.0118821910633,0.574122330527,0.818755014127,0.00212681303379,0.0,0.818712210612,-0.574061037961,-0.0120410875916,0.0,-0.00863794665068,0.00865447169603,-0.999925240204,0.0,0.659431303247,0.257891462657,0.303363186505,1.0,-0.00966,-0.012696,0.484
0.463226181863,0.534370052569,-0.12405836277,-1.37687134211,0.0784564253812,1.90180242263,0.156580588245,-0.00806362062191,-0.0543848326671,3.85645443834e-05,-0.0899762639642,-0.00923014507509,0.0339148894293,-0.0088394970479,0.574143687017,0.818740087769,0.00210766205731,0.0,0.818696972268,-0.574082411077,-0.0120581836046,0.0,-0.00866271337121,0.00864883305517,-0.999925074735,0.0,0.659262402223,0.257662220502,0.303351176292,1.0,-0.01,-0.0131428571429,0.501
0.463086964391,0.533380000403,-0.124058590629,-1.37843416476,0.0783680421776,1.90238486876,0.156385800076,-0.00724157582489,-0.0607162994628,0.000942412774014,-0.0856246946009,-0.00206980823411,0.0307026954195,-0.00905250115882,0.574160262806,0.81872843656,0.00211817922068,0.0,0.818685391428,-0.574098873035,-0.0120607107183,0.0,-0.00865856923099,0.00865906993396,-0.999925022033,0.0,0.659081799371,0.257423014093,0.30335608983,1.0,-0.01036,-0.013616,0.519
0.462963050539,0.532495368363,-0.124058855147,-1.3798788702,0.0782857897854,1.90292718805,0.15620162271,-0.00706044486624,-0.0587189071627,-0.00222300919852,-0.0909399825822,-0.0047155344792,0.034168760394,-0.0192230945414,0.574168127169,0.818722958167,0.00210390462951,0.0,0.81867966682,-0.574106737658,-0.0120749249218,0.0,-0.008678319513,0.00865562761684,-0.999924880619,0.0,0.658913243907,0.257204799025,0.303339226368,1.0,-0.01068,-0.0140365714286,0.535
0.462840842165,0.531574827284,-0.124056449201,-1.3813485496,0.0782085201529,1.903463499,0.156018882335,-0.00965337300483,-0.0565277688805,0.0010121182083,-0.0907283350865,-0.00150904838304,0.0346432376115,-0.0149494688191,0.574176320001,0.818717224491,0.00209923123591,0.0,0.818673720758,-0.574114798688,-0.0120947826821,0.0,-0.00869717463749,0.00866329005345,-0.999924650441,0.0,0.658736921733,0.256987190529,0.30333500127,1.0,-0.011,-0.0144571428571,0.551
0.462710582884,0.530623041351,-0.124062704155,-1.38289900372,0.078110255732,1.90400538137,0.155817948469,-0.00885325699646,-0.0605408631931,-0.00061337891642,-0.0959354127573,-0.000439302892432,0.0307090515025,-0.0176717456761,0.57418072878,0.818714265491,0.00204672424284,0.0,0.818670067413,-0.574119426816,-0.0121223502212,0.0,-0.00874984536985,0.00863617803158,-0.999924425462,0.0,0.658548482342,0.256747094214,0.303314898445,1.0,-0.01132,-0.0148777142857,0.567
0.462567936146,0.52958985602,-0.124064191077,-1.38453647931,0.0780019006202,1.90460738635,0.155605915441,-0.0086530356315,-0.0574717568291,0.00165326390888,-0.092347091553,-0.00163044006249,0.0389247941368,-0.0135180286143,0.57418479328,0.81871143517,0.00203862439123,0.0,0.81866719224,-0.574123586406,-0.0121195208019,0.0,-0.00875213642818,0.00862796556775,-0.999924476307,0.0,0.658356075363,0.256494821264,0.303315542294,1.0,-0.01166,-0.0153245714286,0.584
0.462438099532,0.528489253257,-0.124068063629,-1.38622919123,0.0779016617342,1.90525538804,0.155370770311,-0.00262668818274,-0.0673927887803,-0.000458836458587,-0.0966387206157,-0.00106528488354,0.0387889465124,-0.0114106818663,0.574168832018,0.818722546687,0.00207142124761,0.0,0.81867872631,-0.574107478365,-0.0121034405757,0.0,-0.00872030915572,0.00864541329841,-0.999924603676,0.0,0.658169417112,0.256256800078,0.303333429002,1.0,-0.01198,-0.0157451428571,0.6
0.462293285067,0.527379580463,-0.124067738612,-1.38795946804,0.0777929275015,1.90592469436,0.155130620444,-0.0111125737968,-0.0642653489594,0.00127224093612,-0.102631089573,-0.00848974884317,0.0372848590005,-0.00941463615038,0.57415255817,0.818733825294,0.00212371570369,0.0,0.818690762336,-0.574091055619,-0.012068240386,0.0,-0.00866163718899,0.00866784440153,-0.999924919439,0.0,0.657958566857,0.255990247254,0.303356781144,1.0,-0.01234,-0.0162182857143,0.618
0.462154105032,0.526287211415,-0.124071026677,-1.3896582266,0.0776912855996,1.90656581228,0.154897396435,-0.0105568613999,-0.0714174622244,0.00358317292909,-0.107215776007,-0.00510656098715,0.0354025526624,-0.0126046567828,0.574141893181,0.818741229987,0.00215214186052,0.0,0.818698492879,-0.574080225558,-0.0120589917739,0.0,-0.00863785797822,0.00868569489116,-0.999924970242,0.0,0.657742635708,0.255723642682,0.303372100673,1.0,-0.01268,-0.0166651428571,0.635
0.462000034096,0.525099816752,-0.124076931216,-1.3915104064,0.0775685114415,1.90721622807,0.154652108735,-0.00959284123588,-0.0731279879874,-0.00117568386421,-0.115336597697,-0.00313373102598,0.0286168383764,-0.0171196637789,0.574138258892,0.818743825319,0.00213426334594,0.0,0.818700944664,-0.574076757902,-0.0120576176808,0.0,-0.00864703552426,0.0086702299679,-0.999925025134,0.0,0.65753251644,0.255451804811,0.303382821745,1.0,-0.013,-0.0170857142857,0.651
0.46184209438,0.523857049789,-0.124079761639,-1.39351637508,0.0774486636831,1.90794096716,0.154365326444,-0.0114734470056,-0.0694764885808,-0.0001060562395,-0.110721549064,-0.00325193604209,0.0384347940077,-0.0142996404836,0.574110261953,0.81876354246,0.00210132341856,0.0,0.81872015894,-0.574048832625,-0.0120824669508,0.0,-0.00868658843061,0.0086572307879,-0.99992479494,0.0,0.657285810904,0.255154335056,0.303364862884,1.0,-0.01336,-0.0175588571429,0.669
0.461686858734,0.522633829122,-0.124084079056,-1.39544274787,0.0773279723253,1.90868286812,0.15410949432,-0.00429127327273,-0.0795895721153,0.000787451416632,-0.117488913181,-0.00423610089407,0.0385159279075,-0.0131975835881,0.574101898382,0.818769334699,0.00212925601692,0.0,0.818726385382,-0.574040420037,-0.0120602215554,0.0,-0.00865242714694,0.00866724104338,-0.999925004406,0.0,0.657059789525,0.254868009144,0.303372212155,1.0,-0.0137,-0.0180057142857,0.686
0.461516145719,0.521402667775,-0.124084434293,-1.3974361309,0.0772103101033,1.90944830662,0.153835061283,-0.00985972299565,-0.0693741392921,0.000869928251614,-0.119282627598,-0.0134811353871,0.0478639336396,-0.0173470407259,0.574092401216,0.818775989147,0.00213104771454,0.0,0.818733035284,-0.574030888467,-0.0120624592061,0.0,-0.00865333135849,0.00866989225613,-0.999924973598,0.0,0.656825095776,0.25456808905,0.303354869001,1.0,-0.01404,-0.0184525714286,0.703
0.461368487659,0.52026214567,-0.124092900734,-1.39922713767,0.0770980076439,1.91010510096,0.153594421597,-0.0095930878505,-0.0796200077874,-0.00106907345017,-0.116485599996,-0.0103598185776,0.039695647393,-0.0138264585673,0.574087472701,0.818779441621,0.00213226822372,0.0,0.818736537754,-0.574025989518,-0.0120578607399,0.0,-0.0086489176252,0.0086681995911,-0.999925026459,0.0,0.656609120303,0.254294994717,0.30336064877,1.0,-0.01434,-0.0188468571429,0.718
0.46118839167,0.518936392744,-0.124090818482,-1.40129496669,0.0769694234318,1.91083979236,0.153318184475,-0.0126848205758,-0.0812863303764,0.000955116674265,-0.126703123138,-0.0109630293984,0.0428924900561,-0.0163597498429,0.574082370582,0.818783035443,0.00212592539095,0.0,0.818739985407,-0.574020851622,-0.0120683511232,0.0,-0.00866120241702,0.00866897465001,-0.999924913407,0.0,0.656354275313,0.253979049196,0.303370798246,1.0,-0.01468,-0.0192937142857,0.735
0.461020531196,0.5175803606,-0.124099246352,-1.40341294522,0.0768327331713,1.91160145128,0.153034156417,-0.00894315446045,-0.0838114322399,0.000814960620769,-0.126076631723,-0.00877884266869,0.041583000788,-0.0126562473388,0.574068516562,0.818792764312,0.00211997728259,0.0,0.818749679227,-0.574007067399,-0.0120663268026,0.0,-0.00866310592651,0.00866279583369,-0.999924950466,0.0,0.656092712435,0.253660026574,0.303380593367,1.0,-0.01502,-0.0197405714286,0.752
0.460843020599,0.516312367909,-0.124108193599,-1.40543614225,0.0766999525836,1.9123548531,0.152754308575,-0.00994585273242,-0.0832266379661,-9.59259898427e-05,-0.128648674899,-0.0121972207877,0.0473337100724,-0.0179603652057,0.574056066295,0.818801503801,0.00211589804265,0.0,0.818758445976,-0.573994716619,-0.0120589941066,0.0,-0.0086595749351,0.00865511475136,-0.999925047566,0.0,0.655835687259,0.2533252351,0.303376298422,1.0,-0.01536,-0.0201874285714,0.769
0.460657556517,0.514933517137,-0.124108623544,-1.40762794764,0.0765663622423,1.91318578051,0.152454241596,-0.0109328994115,-0.079471253976,-0.00043492534504,-0.132977757527,-0.00798217782159,0.0549665057261,-0.0111768648236,0.574048532526,0.818806766856,0.00212314778222,0.0,0.818763810511,-0.573987159782,-0.0120544557812,0.0,-0.00865177697257,0.00865836592039,-0.999925086921,0.0,0.655587542312,0.253015447953,0.303368325422,1.0,-0.01568,-0.020608,0.785
0.460467636406,0.513517456868,-0.124105360617,-1.40989206515,0.0764304284872,1.91396651032,0.15213591131,-0.0161337119521,-0.0791696980195,0.00866687858561,-0.131435806899,-0.0118742063688,0.0488501984651,-0.0188873821148,0.574029323368,0.818820409729,0.00205412427991,0.0,0.818776374235,-0.57396807351,-0.0121097682283,0.0,-0.00873689183895,0.008633396712,-0.999924562746,0.0,0.655281844497,0.252651120318,0.303337593587,1.0,-0.01604,-0.0210811428571,0.803
0.460270902009,0.512102386989,-0.124115027582,-1.4121806073,0.0762874989181,1.91478615144,0.151812720155,-0.00708327685534,-0.0833226970336,0.000254574729551,-0.133384361265,-0.00777789708504,0.0517600957508,-0.015279136059,0.574007769773,0.818835606559,0.00201905228163,0.0,0.818791094675,-0.573946658418,-0.0121294465192,0.0,-0.00877336330199,0.00861574445273,-0.999924395664,0.0,0.655012827837,0.252318866693,0.303324178237,1.0,-0.01636,-0.0215017142857,0.819
0.460065788822,0.510646175117,-0.124121643134,-1.41450349319,0.0761456456485,1.91567111361,0.151490211127,-0.0136576209712,-0.0884136400853,-0.000389654494536,-0.145409428327,-0.0112195663208,0.0550319042679,-0.0128939355651,0.573999718111,0.818841221579,0.00203085044499,0.0,0.818796886799,-0.573938578502,-0.0121207746109,0.0,-0.00875957512026,0.00862034120012,-0.999924476929,0.0,0.654734915915,0.251961257567,0.303315177491,1.0,-0.0167,-0.0219485714286,0.836
0.459882382533,0.509248180888,-0.124124595747,-1.41671001166,0.076013033684,1.9164848868,0.151178681477,-0.00737483096648,-0.0855529599552,-0.000402224460044,-0.138353138273,-0.0137861926691,0.0526733620238,-0.0162524409554,0.57397611886,0.818857752521,0.00203543980348,0.0,0.818813422281,-0.573914907573,-0.0121245725786,0.0,-0.00876029966823,0.00862602662058,-0.999924421551,0.0,0.654461329112,0.251629808916,0.303314036893,1.0,-0.01702,-0.0223691428571,0.852
0.459667355635,0.507724943577,-0.12412484774,-1.41908681512,0.0758538267014,1.91733133426,0.150845116774,-0.0103568110973,-0.0941551814879,0.00449739409093,-0.140843008336,-0.00174004918831,0.0531542087672,-0.0141907323542,0.573959284624,0.818869582934,0.00202302743217,0.0,0.818825121267,-0.573898160271,-0.0121272140708,0.0,-0.00876976385198,0.00861719870284,-0.999924414708,0.0,0.654164726056,0.251258762866,0.303321683343,1.0,-0.01736,-0.022816,0.869
0.459447928401,0.506157501428,-0.12413434185,-1.42152033788,0.0757043640861,1.91823353851,0.150523162649,-0.0144493719295,-0.0938691570725,-0.000180749291663,-0.143242806546,-0.00508031139666,0.0485166628663,-0.0170446348527,0.573967718038,0.818863602096,0.00205102758737,0.0,0.818819519045,-0.573906482538,-0.0121116238747,0.0,-0.00874083821323,0.00863126871841,-0.999924546627,0.0,0.653868524689,0.250878655032,0.303337845969,1.0,-0.0177,-0.0232628571429,0.886
0.459221749729,0.504525854422,-0.124139791472,-1.42400490591,0.0755459178758,1.91918851664,0.150174169236,-0.00893053631076,-0.0969761869601,0.000419437668983,-0.15299987936,-0.00692936546755,0.0537781029353,-0.020519068728,0.573956515577,0.818871246245,0.00213241650391,0.0,0.818828331663,-0.573895035803,-0.0120581113191,0.0,-0.00865042394484,0.00866708147364,-0.999925023121,0.0,0.65357254544,0.250493469349,0.303378393986,1.0,-0.01804,-0.0237097142857,0.903
0.458989942802,0.502853969262,-0.124140856979,-1.42646875647,0.0753985196877,1.9201290532,0.149824638038,-0.0140650632263,-0.101412335536,-0.000134533225079,-0.147926482617,-0.0121055444413,0.0579433529922,-0.0203373170309,0.573947790677,0.818877014877,0.00226163320135,0.0,0.818835788344,-0.573885773723,-0.011992387045,0.0,-0.0085225350702,0.0087350784321,-0.999925529627,0.0,0.653278481775,0.250111038859,0.303454819281,1.0,-0.01838,-0.0241565714286,0.92
0.458724039128,0.500957269384,-0.12414723314,-1.4293420815,0.0752133061397,1.92112659108,0.149430784712,-0.0185724705048,-0.0972341014804,0.000867204365847,-0.149294799324,-0.0151558247324,0.0560254122939,-0.0247576653692,0.57394400457,0.818879625298,0.00227723335828,0.0,0.818838571244,-0.573881892322,-0.0119881111416,0.0,-0.00851012081697,0.00874535940061,-0.999925545495,0.0,0.652913672467,0.24965568375,0.303497720411,1.0,-0.01876,-0.024656,0.939
0.458489278499,0.499255117855,-0.124145146127,-1.4319473151,0.0750462111528,1.92208120504,0.149072213788,-0.0149727251045,-0.0997515299742,0.00116503272425,-0.152695285705,-0.0140268656474,0.0547463399493,-0.0194331890091,0.573929912595,0.818889380741,0.00232043931948,0.0,0.818848902638,-0.573867639271,-0.0119647042209,0.0,-0.00846630719851,0.00876715963311,-0.999925726519,0.0,0.65260778273,0.249276480309,0.303530421215,1.0,-0.01908,-0.0250765714286,0.955
0.458262419564,0.497773190773,-0.124147249169,-1.43428424406,0.0749061514761,1.92295539023,0.148723125799,-0.0159984939152,-0.103436085265,0.00440870305972,-0.152444028645,-0.00997669961201,0.0599136496852,-0.0226350785382,0.573911141518,0.818902492828,0.00233576193786,0.0,0.818862145807,-0.573848737464,-0.0119649311281,0.0,-0.00845790072908,0.0087796433498,-0.999925688128,0.0,0.652301365463,0.24888469797,0.303524654892,1.0,-0.0194,-0.0254971428571,0.971
0.457985650824,0.496001971714,-0.124151149094,-1.43711735497,0.0747321452706,1.92394773709,0.14829683445,-0.0158039244535,-0.0955008375082,-0.00120239859458,-0.157846628248,-0.0120679017246,0.0537939241513,-0.014374812001,0.573887673331,0.818919103608,0.00227750875433,0.0,0.818877851523,-0.573825360063,-0.0120111337472,0.0,-0.00852941881829,0.00875821169852,-0.999925268579,0.0,0.651939569429,0.248428657381,0.303496750847,1.0,-0.01976,-0.0259702857143,0.989
0.457749270843,0.494524098521,-0.124148284994,-1.43953641814,0.0745788640137,1.92479008981,0.147960631451,-0.018364225868,-0.0994591885775,0.000377117651978,-0.157281844443,-0.00491900696936,0.0579503312391,-0.0162527340213,0.57388418769,0.818921779304,0.00219212255308,0.0,0.818879280495,-0.573822097403,-0.0120694411626,0.0,-0.00862620595214,0.00872171309652,-0.999924757315,0.0,0.651626492826,0.248041462031,0.303447788557,1.0,-0.0223268571429,-0.0293438693878,1.004
0.457434277771,0.492162697312,-0.124232376624,-1.44306690503,0.0743837307984,1.92609613452,0.147446181064,-0.0206376273828,-0.16495913873,-0.00576816130426,-0.242612294755,-0.0171108708947,0.0927489025892,-0.0368341431803,0.573906336124,0.818905948854,0.00230460175539,0.0,0.818865066741,-0.573843926137,-0.0119957412197,0.0,-0.00850106579808,0.00877175864626,-0.999925391282,0.0,0.651199378181,0.247456585234,0.303526748602,1.0,-0.0356257142857,-0.0468223673469,1.021
0.456953192509,0.48834535897,-0.124271749339,-1.44911852478,0.0740607818933,1.92839951727,0.146543996871,-0.0296569983172,-0.230253502416,-0.00275274956975,-0.362655851487,-0.0206628179996,0.130481060608,-0.0532614255826,0.573806291814,0.818975841922,0.00237838688628,0.0,0.818935609631,-0.573743269458,-0.0119947876479,0.0,-0.00845902070684,0.00883060035244,-0.999925229938,0.0,0.650430481129,0.246557257141,0.303501937671,1.0,-0.0504891428571,-0.0663571591837,1.04
0.456393785641,0.48458511012,-0.124348101936,-1.45503397387,0.0737205520338,1.93064496712,0.145644214201,-0.0391423759275,-0.285612086364,-0.00724810656072,-0.451448163874,-0.0326786056522,0.175529552102,-0.0654238593557,0.573784641229,0.818990801286,0.00244944890735,0.0,0.818951567406,-0.573721411713,-0.011950685573,0.0,-0.00838236165475,0.00886327050132,-0.999925586456,0.0,0.649704071261,0.245594596024,0.30349495583,1.0,-0.0614411428571,-0.0807512163265,1.054
0.45542273333,0.4782914225,-0.124525084875,-1.46508627178,0.0731155812538,1.93410714614,0.144122693319,-0.05480760086,-0.364741253875,-0.00553848087804,-0.570229706779,-0.0345802660817,0.19761776111,-0.0919917237144,0.573789695348,0.818988025795,0.00217853571582,0.0,0.818945158488,-0.573727482315,-0.0120975339096,0.0,-0.00865801629589,0.00872570957047,-0.999924447519,0.0,0.64839904388,0.243890625919,0.30337989208,1.0,-0.0763045714286,-0.100286008163,1.073
0.454334106842,0.471433010927,-0.124670443853,-1.47579587822,0.0724909230867,1.937891024,0.142587932864,-0.0683712870707,-0.42016145986,-0.00416277822499,-0.656887000474,-0.0319396544304,0.236888959316,-0.0950649244229,0.573877591555,0.818926584782,0.00212262810192,0.0,0.81888268682,-0.573815309114,-0.0121607217966,0.0,-0.00874091015856,0.00871711697095,-0.999923801278,0.0,0.647014729811,0.24207925921,0.303359574063,1.0,-0.0896034285714,-0.117764506122,1.09
0.453064316141,0.463483267747,-0.124780170168,-1.48788209471,0.071754659679,1.94240034628,0.140625788325,-0.0761832359986,-0.487174270049,-0.00446222748989,-0.746487388648,-0.0486960226883,0.274535189593,-0.121281494496,0.573765067882,0.819004559511,0.00243418974559,0.0,0.818964859399,-0.573701619899,-0.0119898830511,0.0,-0.00842343246382,0.00887306275941,-0.99992515447,0.0,0.645481230672,0.240056862876,0.303486256892,1.0,-0.102902285714,-0.135243004082,1.107
0.451616470433,0.455149255523,-0.124882856532,-1.50094979916,0.0709353794255,1.9468781043,0.138650517566,-0.0923201409168,-0.535942391371,-0.0135569049542,-0.860399484755,-0.050443058487,0.28161458949,-0.122691633718,0.573792096698,0.818986241685,0.0022164383109,0.0,0.818943110997,-0.573728953206,-0.0121661868995,0.0,-0.00869247220954,0.00879616812905,-0.999923531253,0.0,0.643722879605,0.237803031813,0.30339281804,1.0,-0.115418857143,-0.151693355102,1.123
0.449854225051,0.445085052069,-0.125055280899,-1.51605829678,0.0698709592538,1.95232016568,0.136281458015,-0.112215479331,-0.605213528599,-0.00871800782045,-0.913961060772,-0.0658337231329,0.327634060657,-0.13909915486,0.573814920716,0.818969497469,0.00247908877723,0.0,0.818930932625,-0.573751870749,-0.0119023234565,0.0,-0.00832541832629,0.00886010385938,-0.999926090253,0.0,0.641755057606,0.235119439901,0.303580336134,1.0,-0.128717714286,-0.169171853061,1.14
0.44787525762,0.434150474838,-0.125179346771,-1.53273737247,0.0687886321992,1.95804556346,0.133593525211,-0.129501323163,-0.680864313086,-0.00937280617099,-0.997702233313,-0.0623880209578,0.353183647052,-0.164640671851,0.573766897129,0.819003195159,0.00246190555021,0.0,0.818963901035,-0.573703384737,-0.0119708832116,0.0,-0.00839194962318,0.00888487935106,-0.999925314261,0.0,0.639462456932,0.232177461529,0.303613652703,1.0,-0.142016571429,-0.18665035102,1.157
0.445905662594,0.423679748396,-0.125311418894,-1.54846356089,0.067699338513,1.96357071084,0.130981716182,-0.132160870466,-0.69979662573,-0.0120243943174,-1.05756094782,-0.0712093938717,0.363469718564,-0.172060587751,0.573714346316,0.819039417695,0.00265103637235,0.0,0.819002951419,-0.573650503056,-0.0118327009637,0.0,-0.00817083747237,0.00895996941898,-0.999926475479,0.0,0.637315530881,0.229337060059,0.303738401851,1.0,-0.153750857143,-0.202072555102,1.172
0.44309892393,0.409396470207,-0.125486532893,-1.56980133904,0.0661654331858,1.9710876322,0.127421490084,-0.150629391118,-0.791297114738,-0.00626682118176,-1.15969313064,-0.0756027392693,0.40240198207,-0.194428298728,0.573692127215,0.819053861232,0.00297699075197,0.0,0.81902253915,-0.573628187794,-0.0115554936375,0.0,-0.00775703521907,0.00906769283182,-0.999928800141,0.0,0.634538657384,0.225627411872,0.303920899644,1.0,-0.167832,-0.2205792,1.19
0.440414530108,0.396543767363,-0.125646109464,-1.58899023144,0.0648948562406,1.97761953669,0.124161134211,-0.177660448789,-0.816412086852,-0.0156779090353,-1.21534742989,-0.0794254346016,0.424143213539,-0.210940673959,0.573754580815,0.819009483599,0.0031454206686,0.0,0.818979663743,-0.573689290653,-0.0115609284365,0.0,-0.00766416343544,0.00920934851892,-0.999928221673,0.0,0.631635139953,0.221794621091,0.304021262856,1.0,-0.181130857143,-0.238057697959,1.207
0.437294141341,0.38220195256,-0.125787863364,-1.61053741268,0.0632842150957,1.9848108136,0.120365181402,-0.190026009701,-0.901269378986,-0.0138909612904,-1.28462377733,-0.0973505107508,0.429825391479,-0.231844182334,0.573679749326,0.819062055204,0.00310513101031,0.0,0.819031994293,-0.573614932679,-0.0115433198808,0.0,-0.00767369353239,0.00916554696471,-0.999928551036,0.0,0.628289382043,0.21741744753,0.304041948982,1.0,-0.195212,-0.256564342857,1.225
0.433828162257,0.366990040838,-0.125948071731,-1.6332583037,0.0615679748497,1.99233357598,0.116335357656,-0.21864306263,-0.885720194242,-0.00789255930501,-1.34707211216,-0.0965609231763,0.439304174769,-0.238039962897,0.573688784397,0.819056053048,0.00301786744284,0.0,0.819024802192,-0.573624175904,-0.0115941844544,0.0,-0.00776531473899,0.00912333752364,-0.999928229724,0.0,0.625086190109,0.213236517865,0.304006777302,1.0,-0.207728571429,-0.273014693878,1.241
0.430193587677,0.351950758697,-0.126147091015,-1.65552780477,0.059835608082,1.99965743014,0.112232110172,-0.235949678527,-0.942904841696,-0.0119014935313,-1.43360217726,-0.11121452099,0.461164294459,-0.267347809511,0.573741285518,0.819019465615,0.0029663338621,0.0,0.818987845618,-0.57367718761,-0.0115818844303,0.0,-0.00778422059981,0.00907457135451,-0.999928526478,0.0,0.621498827098,0.208443848033,0.303992633513,1.0,-0.221027428571,-0.290493191837,1.258
0.426237029957,0.336225167868,-0.126348666959,-1.6785534287,0.0580944342864,2.00711588878,0.107838855008,-0.254192294626,-0.993321752765,-0.00764137948828,-1.47220421993,-0.113152066773,0.470501178826,-0.276310093859,0.573799838164,0.818977861518,0.00312329445993,0.0,0.818948048382,-0.573734963706,-0.011533966105,0.0,-0.00765426703025,0.00917618045684,-0.999928602405,0.0,0.618169847695,0.20399701204,0.304082969233,1.0,-0.232761714286,-0.305915395918,1.273
0.422045840247,0.319877775562,-0.126482122347,-1.70239708728,0.0561659002051,2.0146936373,0.103178601435,-0.263417724217,-1.03277642632,-0.00620840299011,-1.51694913154,-0.119388594014,0.459740189155,-0.29263609723,0.573700771842,0.819047238127,0.0031293778005,0.0,0.819017465979,-0.573635846035,-0.0115348804642,0.0,-0.00765263604114,0.00918076165979,-0.999928572838,0.0,0.614366136508,0.199091857642,0.304103704623,1.0,-0.245278285714,-0.322365746939,1.289
0.417196790539,0.301816619166,-0.126652377444,-1.72850381115,0.0539862713709,2.02289823,0.0978460189782,-0.29144236611,-1.0690318965,-0.00905131248882,-1.5673532879,-0.125724540851,0.472214615808,-0.320543772727,0.573555388851,0.819148860671,0.0031791324571,0.0,0.819119949007,-0.573490589701,-0.0114803991512,0.0,-0.00758109929682,0.0091889125305,-0.999929042893,0.0,0.610123398548,0.193585200672,0.304142245751,1.0,-0.258577142857,-0.339844244898,1.306
0.411860316506,0.283030027785,-0.126856483236,-1.75536920096,0.0517532031947,2.03111449144,0.0922662882331,-0.320164109031,-1.10662780246,-0.00535737946393,-1.58726973347,-0.129612411826,0.473290782656,-0.326957067979,0.573578014318,0.819132753728,0.00324656145412,0.0,0.819104387152,-0.573512608683,-0.0114907585096,0.0,-0.00755065810517,0.00925029727607,-0.99992870724,0.0,0.60565302464,0.187742808112,0.304199474879,1.0,-0.271876,-0.357322742857,1.323
0.406058062111,0.263581696646,-0.127094296831,-1.78289221444,0.0493878376917,2.03939323945,0.0862321204504,-0.344920780301,-1.16279240834,-0.0140692173863,-1.6005676401,-0.136446588912,0.471165060315,-0.35598417689,0.5735440731,0.819156077275,0.0033562144496,0.0,0.81912901811,-0.573478207237,-0.0114518301994,0.0,-0.00745626401431,0.00931748137408,-0.999928791799,0.0,0.600976877035,0.181592424574,0.304274676936,1.0,-0.285174857143,-0.374801240816,1.34
0.399703437061,0.243595629036,-0.127396279385,-1.8111056446,0.046831918626,2.04769123778,0.0799296862842,-0.378767420343,-1.18902731598,-0.0135393567068,-1.67471204063,-0.146035293206,0.476036979383,-0.382210771915,0.573674151788,0.819065183488,0.00330751709572,0.0,0.81903780007,-0.573608791871,-0.0114360327747,0.0,-0.00746977921398,0.00926971639836,-0.999929134867,0.0,0.596080989153,0.175063388204,0.30426073204,1.0,-0.298473714286,-0.392279738775,1.357
0.392547905014,0.221740265935,-0.127609640107,-1.84159218276,0.0440894056922,2.0563886364,0.0727003737775,-0.409676267305,-1.22775692934,-0.0110382302162,-1.73265811921,-0.162374098255,0.46843906219,-0.404732613862,0.573544352451,0.819156005926,0.00332575221318,0.0,0.819128102863,-0.573478018368,-0.0115265107402,0.0,-0.00753490978177,0.00933536197413,-0.999928035486,0.0,0.590595831253,0.167996047478,0.304255786623,1.0,-0.312554857143,-0.410786383673,1.375
0.385191120759,0.200484445567,-0.127875716497,-1.87084010652,0.0412524640959,2.06442883908,0.0654436861772,-0.451552088352,-1.25359364357,-0.0117024142948,-1.72500524599,-0.167391042633,0.45728890861,-0.433339845651,0.573447872678,0.819223809736,0.00326094831604,0.0,0.819195189302,-0.573381901152,-0.0115405440611,0.0,-0.00758466575548,0.00928943246482,-0.999928087059,0.0,0.585204934639,0.16095709292,0.304275015857,1.0,-0.325853714286,-0.428264881633,1.392
0.377668401997,0.179861375814,-0.128246356719,-1.89881754155,0.0385617672858,2.07192377416,0.0581670110714,-0.484963581123,-1.28750575511,-0.0304845277642,-1.74462384136,-0.174936392536,0.463504819308,-0.465220730191,0.573506053704,0.819182819993,0.00332576235364,0.0,0.819154710811,-0.573439469387,-0.0115534239955,0.0,-0.00755738855294,0.00935045252661,-0.999927724846,0.0,0.579947999473,0.153979095666,0.304332508056,1.0,-0.338370285714,-0.444715232653,1.408
