position_joint1,position_joint2,position_joint3,position_joint4,position_joint5,position_joint6,position_joint7,velocity_joint1,velocity_joint2,velocity_joint3,velocity_joint4,velocity_joint5,velocity_joint6,velocity_joint7,ee_T_00,ee_T_10,ee_T_20,ee_T_30,ee_T_01,ee_T_11,ee_T_21,ee_T_31,ee_T_02,ee_T_12,ee_T_22,ee_T_32,ee_T_03,ee_T_13,ee_T_23,ee_T_33,v_x,v_y,time
0.465095617571,0.547774057865,-0.123994533135,-1.35576384354,0.0794721591144,1.89409229296,0.159180285921,-0.000723575978733,6.13035193357e-05,8.77827246367e-05,0.000612284423169,-0.000170113526784,1.01799179115e-05,0.00166052492054,0.573798044474,0.818982671542,0.00198362629224,0.0,0.818940308179,-0.573739674354,-0.0118450248262,0.0,-0.00856294983698,0.00842128574493,-0.999927876317,0.0,0.661688706509,0.260904752093,0.303251775257,1.0,0.0,0.0,0.0
0.465095055711,0.547766421225,-0.1239970388,-1.35576446332,0.0794721410456,1.89409233215,0.159177132438,-0.00121202760927,-0.00197439464269,-0.000796351665168,0.000845816457044,-3.75401342958e-05,0.000127875859706,0.0025928791103,0.573797688571,0.818982907189,0.0019892773252,0.0,0.81894062963,-0.57373930772,-0.0118405582094,0.0,-0.00855605292021,0.00842334713271,-0.999927917993,0.0,0.661689498299,0.260902958156,0.303256976563,1.0,-0.0001,-0.000131428571429,0.006
0.465093908955,0.547765062011,-0.123996900776,-1.35576309478,0.0794721410217,1.89409339136,0.159172453075,-0.00234372851612,-0.00159964232924,9.35108100582e-05,0.00156804772369,-0.000117542158929,0.00716994730342,-0.00141705196072,0.573794629363,0.818985042578,0.00199254802782,0.0,0.818942809325,-0.573736237403,-0.0118385745477,0.0,-0.00855258313544,0.00842485557899,-0.999927934968,0.0,0.661690327201,0.26090253226,0.30325867828,1.0,-0.00044,-0.000578285714286,0.023
0.465093911284,0.547753026708,-0.123997006453,-1.35578047462,0.0794721410389,1.89409165937,0.159176777017,0.000522631139795,-0.00564025958392,0.000144396237437,-0.00196667406373,-0.000141916507118,0.000184176897924,0.000781098890372,0.573799158038,0.81898188232,0.00198735183714,0.0,0.818939562288,-0.573740767644,-0.0118436380854,0.0,-0.00855966504416,0.00842355278462,-0.999927885346,0.0,0.66168633871,0.260900448532,0.303258785206,1.0,-0.00078,-0.00102514285714,0.04
0.465093535696,0.547680770651,-0.123994588136,-1.35585637268,0.079472398844,1.89410585443,0.15917526714,9.42068827441e-05,-0.0106207037989,0.00105990921597,-0.00959307189435,0.000126011418847,4.42601817629e-05,0.000431059694272,0.57380072207,0.818980753966,0.00200072123254,0.0,0.818938533997,-0.573742204642,-0.0118451276518,0.0,-0.00855319803986,0.00843537291982,-0.99992784104,0.0,0.661673210684,0.260894546973,0.303275001047,1.0,-0.00112,-0.001472,0.057
0.465091027629,0.547561120846,-0.123992439841,-1.35601716966,0.079471064221,1.89414206,0.159165952086,-0.000768485003738,-0.00890324438142,0.0018198447274,-0.0100249494847,0.00023570384591,0.000394778651193,-0.000937589615037,0.573802110508,0.818979775891,0.00200288761379,0.0,0.818937466401,-0.573743468052,-0.0118577355948,0.0,-0.00856226680451,0.00844439599886,-0.999927687267,0.0,0.661646965479,0.26087885602,0.303286297869,1.0,-0.00144,-0.00189257142857,0.073
0.465081141788,0.547407774267,-0.12399494636,-1.35621646572,0.0794651977117,1.89420780216,0.159167540412,-0.000556770183378,-0.0122234416976,7.08484389252e-05,-0.012742864989,0.00016146340571,0.00498653432464,0.000111672249676,0.573822766798,0.818965253233,0.00202316651486,0.0,0.818923155785,-0.5737639885,-0.011853156587,0.0,-0.00854666784674,0.00845859186916,-0.999927700733,0.0,0.661621920585,0.260852738253,0.303305847815,1.0,-0.00178,-0.00233942857143,0.09
0.465069485521,0.547228004259,-0.123994946372,-1.35642675041,0.0794638816514,1.89431916295,0.159149720668,0.000770960388845,-0.0113273688274,-2.27262761741e-05,-0.0153643681628,0.000220030849305,0.00663248180966,-0.0009745306811,0.573829296887,0.818960489543,0.00209797575394,0.0,0.81891930826,-0.57377016177,-0.011820106728,0.0,-0.00847660770564,0.00850096005583,-0.999927937803,0.0,0.661603782535,0.260829789092,0.303342767241,1.0,-0.00212,-0.00278628571429,0.107
0.465049911839,0.547050079866,-0.123989943281,-1.35664716197,0.0794624425635,1.89444242677,0.15914084012,0.00117326550454,-0.00853947495766,0.00156274441065,-0.0130191439238,0.000660506015869,0.00673888105501,0.000667255100087,0.57384673366,0.818948074633,0.00217352804862,0.0,0.818907802164,-0.573787225991,-0.0117888822434,0.0,-0.00840750165609,0.00854509516565,-0.999928145051,0.0,0.661586561353,0.260804058514,0.30337442173,1.0,-0.00244,-0.00320685714286,0.123
0.465009875007,0.546823366784,-0.123994945494,-1.35697241116,0.0794527996514,1.89457344729,0.159116997933,-0.00551909697272,-0.0117314535337,-0.000909769628027,-0.0229790125896,0.000108926130382,0.00164308629898,-0.00134693654422,0.573879181488,0.818925252487,0.00220517471543,0.0,0.818885343143,-0.573819498337,-0.0117781584123,0.0,-0.00838022044785,0.00856519006904,-0.999928202135,0.0,0.66155620595,0.260746382787,0.303391711617,1.0,-0.00278,-0.00365371428571,0.14
0.464975035343,0.546534646286,-0.123994945711,-1.35738465153,0.0794444762378,1.8947288765,0.158994488918,-0.00401793279145,-0.017633007754,-0.00069027329677,-0.0258982120128,-0.000767285376138,0.00391066287154,-0.00773993849025,0.573828224847,0.818960857214,0.00224268158,0.0,0.818921285319,-0.573768250141,-0.0117758431913,0.0,-0.00835733605317,0.00859405633879,-0.999928145983,0.0,0.661509796436,0.260687399746,0.303413453278,1.0,-0.00314,-0.00412685714286,0.158
0.464935630315,0.546274331132,-0.12399325666,-1.3578012717,0.0794289499172,1.89488182256,0.158954876475,-0.00154269027589,-0.0191643578481,0.000734466028854,-0.0254938134075,-0.000465335508481,0.0130861512364,-0.000695513307116,0.573846069437,0.81894834715,0.0022450372435,0.0,0.818908708885,-0.573785983745,-0.0117863595481,0.0,-0.00836440980832,0.00860220226916,-0.999928016792,0.0,0.661462310753,0.260624142263,0.303412692411,1.0,-0.00346,-0.00454742857143,0.174
0.464888500353,0.545969197678,-0.123995364152,-1.35830912926,0.0794017282724,1.89504512948,0.158926566131,-0.00212006695827,-0.0225940399825,0.000262122475506,-0.0305615500657,-0.00012693132046,0.0103774668835,-0.000751969893525,0.573884003489,0.81892185331,0.00221260309893,0.0,0.818881738329,-0.573823982077,-0.0118102974732,0.0,-0.00840222774286,0.00858976644785,-0.999927806635,0.0,0.661400630957,0.260542140722,0.303401226122,1.0,-0.0038,-0.00499428571429,0.191
0.464819258851,0.545643677802,-0.123993129403,-1.35889180254,0.0793065103469,1.8952357582,0.158817054651,-0.0052143892954,-0.0169476484009,0.00120143370109,-0.0315011286751,-0.00313043954765,0.00864008279259,-0.00756410138827,0.573856657038,0.818941253243,0.00212316043345,0.0,0.818900455642,-0.573797475831,-0.0118003127489,0.0,-0.00844566141894,0.00851050892614,-0.999928118437,0.0,0.661336275079,0.260430258817,0.303370667652,1.0,-0.00414,-0.00544114285714,0.208
0.464766699652,0.545270177425,-0.124000277518,-1.35951627778,0.0792790029097,1.89543684154,0.158756594476,-0.00118400388749,-0.0242853910988,-0.000117828726926,-0.0356039297599,-0.000529895035911,0.00795743122001,-0.000281077415765,0.573882597175,0.818923174933,0.00208449481574,0.0,0.818881774572,-0.57382346524,-0.0118328743173,0.0,-0.00849424650664,0.00849779906803,-0.999927814988,0.0,0.661259617442,0.260331328158,0.303355498142,1.0,-0.00446,-0.00586171428571,0.224
0.464687848232,0.544801486548,-0.123996334126,-1.36030134089,0.0792556691402,1.89569910744,0.158655141252,-0.00223480000726,-0.0271387554368,-0.000177531325608,-0.0428420290079,-0.00184087918841,0.0165413831377,-0.00523921075259,0.573898811085,0.818911893152,0.00205250845713,0.0,0.818869793356,-0.573839523474,-0.0118831700354,0.0,-0.00855362347916,0.00850063799504,-0.999927284696,0.0,0.661164745394,0.260208456043,0.303336195548,1.0,-0.00484,-0.00636114285714,0.243
0.464624013249,0.544426094294,-0.124001674312,-1.36094462872,0.0792298173838,1.89592995202,0.158576944114,-0.00456005152274,-0.0262867112683,0.00110392406355,-0.0432293215251,-0.000108795309958,0.0186332320774,-0.00367302424144,0.573919807961,0.818897244719,0.0020257151125,0.0,0.818854687994,-0.573860520187,-0.0119100890875,0.0,-0.00859082660996,0.00849436590119,-0.99992701906,0.0,0.661092017212,0.26010320652,0.303315873541,1.0,-0.00514,-0.00675542857143,0.258
0.464561837299,0.54393802464,-0.124004613202,-1.36173384533,0.0791889787237,1.89621416131,0.158481702987,-0.00432371526623,-0.0299617738791,-0.000454779170799,-0.0487161336565,-0.000607844527864,0.0168906967804,-0.00703319235749,0.573927883135,0.81889161479,0.0020137248586,0.0,0.818848836129,-0.573868578871,-0.0119241207775,0.0,-0.00860911484773,0.00849268516333,-0.999926876047,0.0,0.660999103638,0.259985805536,0.303310319724,1.0,-0.00548,-0.00720228571429,0.275
0.464486670594,0.543459349672,-0.124000342877,-1.36252674817,0.0791463643695,1.89648076839,0.158379335462,-0.00617088429397,-0.0297646118428,0.0013706705573,-0.0460612118158,-0.00432106549243,0.0208781794894,-0.00524701971096,0.573936924411,0.818885379824,0.00197190488758,0.0,0.818841975012,-0.573877713476,-0.0119556193746,0.0,-0.00865881635354,0.00847661310701,-0.99992658327,0.0,0.660898148545,0.259853414519,0.303291752944,1.0,-0.00582,-0.00764914285714,0.292
0.464422583257,0.542875500021,-0.124010847838,-1.36346110933,0.079090224757,1.89681930908,0.158250689689,-0.00558404553593,-0.0326712535697,0.000298311606108,-0.0521864439372,-0.00252544074821,0.0160455300065,-0.00707161762737,0.573926783624,0.818892506095,0.00196402689188,0.0,0.818848992943,-0.573867601521,-0.0119603337034,0.0,-0.00866730311078,0.00847276042288,-0.999926542396,0.0,0.660793162917,0.259724156371,0.303292494199,1.0,-0.00616,-0.008096,0.309
0.464347988877,0.542319899943,-0.124011262394,-1.36432954435,0.0790448129353,1.89713216391,0.158140212131,-0.00851823599687,-0.035520268856,-0.000262154690702,-0.0524319400493,-0.00427943963189,0.0220195584034,-0.00753206192044,0.573933797489,0.818887581335,0.00196777471245,0.0,0.818844035056,-0.573874518574,-0.0119678772512,0.0,-0.00867125723876,0.00848023309505,-0.999926444767,0.0,0.660692036313,0.259592717773,0.303299221155,1.0,-0.00648,-0.00851657142857,0.325
0.464271464097,0.541698326281,-0.12401232651,-1.36529331089,0.0789849421604,1.89748923113,0.158009716883,-0.000502168556323,-0.0395485379194,0.000471063433371,-0.0611681687265,-0.00205848402543,0.0213966412768,-0.00785562704359,0.573927885296,0.818891697847,0.00197903448211,0.0,0.818848310126,-0.573868571263,-0.0119605527158,0.0,-0.00865885833977,0.00848518713465,-0.999926510185,0.0,0.660580799511,0.259449846728,0.30331098778,1.0,-0.00682,-0.00896342857143,0.342
0.464204598444,0.541162920387,-0.124014784217,-1.36611973421,0.0789327615225,1.8977927014,0.157893272618,-0.000368339639486,-0.0343038933249,-0.000231804497266,-0.0627167841533,-0.00475497513024,0.0268237749944,-0.00600474042256,0.57392089547,0.818896575375,0.00198783391225,0.0,0.818853323862,-0.573861566502,-0.0119533841618,0.0,-0.00864801037244,0.00848820477264,-0.999926578453,0.0,0.660485532354,0.259325334534,0.303322526101,1.0,-0.0071,-0.00933142857143,0.356
0.464110463759,0.540372487663,-0.124017648358,-1.36730191371,0.0788652227192,1.89822717097,0.157746664748,-0.000215921191027,-0.043097924043,-0.000143865001339,-0.0633510919968,-0.000389958561874,0.0341817876604,-0.0105168870006,0.573927323198,0.818891976535,0.00202616749203,0.0,0.818849192117,-0.573867801738,-0.0119370682803,0.0,-0.00861258297244,0.00851029910854,-0.999926696425,0.0,0.660348832958,0.259150109012,0.303356285419,1.0,-0.00748,-0.00983085714286,0.375
0.463996140592,0.539594283813,-0.124020157073,-1.36850559282,0.0787944826296,1.89868516521,0.157612175171,-0.00191821825946,-0.0401084451997,-0.000232514984232,-0.0720820644557,-0.00513132971048,0.0369608156147,-0.00237762328634,0.573960345185,0.818868764257,0.00205328535686,0.0,0.818826337063,-0.573900711499,-0.0119226663759,0.0,-0.00858488244024,0.00852458596103,-0.999926812936,0.0,0.66021661285,0.258960132148,0.303373063492,1.0,-0.00784,-0.010304,0.393
0.463895096706,0.538846565549,-0.124021215701,-1.36967117456,0.0787132596277,1.89913762013,0.157467334525,-0.00653985977995,-0.0524932117184,-0.000695211332168,-0.0690287636861,-0.00244322652718,0.0274706817083,-0.00795542602056,0.573968042417,0.818863313981,0.00207513887801,0.0,0.818821292621,-0.573908438961,-0.01189711486,0.0,-0.00855133582671,0.0085278958135,-0.999927072165,0.0,0.660087857929,0.258781829801,0.303385756756,1.0,-0.00818,-0.0107508571429,0.41
0.463772578758,0.538064399559,-0.124021198534,-1.37088157994,0.0786600359142,1.89959913287,0.157306424913,-0.00884455983357,-0.0478383051493,0.000876951045522,-0.0774782980759,-0.00264382751217,0.029713742667,-0.0130030392744,0.57398097656,0.818854145466,0.00211515992746,0.0,0.818812471842,-0.57392103552,-0.0118965476129,0.0,-0.00852776673962,0.00856047616077,-0.999926995056,0.0,0.659945693446,0.258582635941,0.303401073715,1.0,-0.00854,-0.011224,0.428
0.463671818834,0.537320296632,-0.124024401257,-1.3720712505,0.0786001859021,1.90003976574,0.157158747103,-0.00404143467621,-0.0453665867513,0.00191100345305,-0.0730997352318,-0.00816494283528,0.029395343198,-0.00810787444837,0.574002679446,0.818838934416,0.00211432588244,0.0,0.818797145902,-0.573942634686,-0.0119093598689,0.0,-0.00853851016984,0.00856737342176,-0.999926844302,0.0,0.659816889156,0.258410669195,0.303399630821,1.0,-0.00884,-0.0116182857143,0.443
0.463551154122,0.536467102022,-0.124033300595,-1.37338325504,0.0785079883852,1.9005423398,0.156996254804,-0.00674424790444,-0.0436740543101,0.000682960390012,-0.0778343221345,-0.00788743820105,0.034773582685,-0.0140097291052,0.574022257037,0.81882513995,0.00214138141057,0.0,0.81878387629,-0.57396227423,-0.0118751247981,0.0,-0.00849474213042,0.00857007951174,-0.999927193896,0.0,0.659673675297,0.258200544657,0.303421295572,1.0,-0.00918,-0.0120651428571,0.46
0.46343874478,0.535649855766,-0.12404462069,-1.37467156288,0.0784236500117,1.90100508812,0.156846217473,-0.0102251354672,-0.0475257212324,-0.000897730883836,-0.0820668078455,-0.00959660043948,0.0292426758929,-0.0107047414473,0.574047493835,0.818807483208,0.00212771361404,0.0,0.818766122237,-0.573987643934,-0.0118730194134,0.0,-0.00850059948254,0.0085579416304,-0.999927248075,0.0,0.659524743392,0.257995389788,0.303425348125,1.0,-0.0095,-0.0124857142857,0.476
0.463328037872,0.534738513579,-0.124051013248,-1.37611139284,0.0783593756024,1.9015309441,0.156666864002,-0.00891058907837,-0.049753716165,-0.000557885127946,-0.0870197358563,-0.00352130435343,0.027819433185,-0.0087218457527,0.574057557361,0.818800406411,0.0021359303581,0.0,0.818758952237,-0.57399747155,-0.011892337277,0.0,-0.00851159584526,0.00857586330256,-0.999927000988,0.0,0.659352691957,0.257784993162,0.30342887946,1.0,-0.00984,-0.0129325714286,0.493
0.463192354433,0.533771987245,-0.124054903928,-1.37767160031,0.0782641478898,1.90209969687,0.15647490248,-0.0103953304109,-0.0601116946589,-0.000595631896173,-0.0863167836902,-0.00323610394124,0.03208550697,-0.00536070924888,0.574074106333,0.818788865547,0.00211210660008,0.0,0.818747094065,-0.574014107785,-0.0119057517699,0.0,-0.0085360823456,0.00856422983666,-0.99992689196,0.0,0.65916985352,0.257543951607,0.303417450526,1.0,-0.0102,-0.0134057142857,0.511
0.463079091868,0.532965272876,-0.124049973078,-1.3789775252,0.0781930222953,1.902603704,0.156309998277,-0.00760399438675,-0.051282540329,0.000346749215614,-0.0892195817186,-0.00190589079203,0.0358286970378,-0.00780190076406,0.574080867684,0.818784105715,0.00211954914193,0.0,0.818742345996,-0.574020752547,-0.0119119024236,0.0,-0.00853677553913,0.00857392499063,-0.999926802958,0.0,0.659019585468,0.257350412992,0.30340829082,1.0,-0.0105,-0.0138,0.526
0.462946036964,0.531996925938,-0.124052452256,-1.38053449533,0.0781033167023,1.90318088029,0.156114034067,-0.00742742233908,-0.0565961679494,-0.000308767500834,-0.0927661700882,-0.00691484871635,0.0303877704984,-0.00494001424216,0.574083873589,0.818782020733,0.00211080796001,0.0,0.818740089666,-0.574023736023,-0.01192321086,0.0,-0.008551021444,0.008573291237,-0.999926686667,0.0,0.658823404432,0.257104767084,0.303400478154,1.0,-0.01086,-0.0142731428571,0.544
0.46280505223,0.530924848475,-0.124045007062,-1.38224974194,0.0779924230287,1.90379347761,0.155893182597,-0.0117198022261,-0.0620713096543,0.00201102506991,-0.0955912183753,-0.00539623880352,0.0350567840663,-0.0155310178725,0.574084900849,0.818781374653,0.00208183596347,0.0,0.818739042914,-0.574024858871,-0.0119410178681,0.0,-0.00858222266402,0.00855980324579,-0.999926534913,0.0,0.658628069675,0.25685940345,0.303391978805,1.0,-0.0112,-0.01472,0.561
0.462683133039,0.529949278709,-0.124058107563,-1.38380037526,0.0779020522249,1.90434185087,0.155681940157,-0.00391046995842,-0.0620503227831,-0.000848270559881,-0.0911786910248,-0.00437644587748,0.0375484868033,-0.0108179959892,0.574080865076,0.818784264107,0.00205818025617,0.0,0.818741595953,-0.574020893524,-0.0119565778849,0.0,-0.008608585097,0.00854932496422,-0.999926397944,0.0,0.658440261084,0.256622838585,0.303389188237,1.0,-0.01152,-0.0151405714286,0.577
0.462536550592,0.528906281048,-0.124053498764,-1.38546272554,0.0777847527593,1.90496733564,0.155451613714,-0.00576167554395,-0.0597621346708,0.00150310827645,-0.0982368464787,-0.00646515619124,0.0383273413167,-0.00990067472009,0.574067706797,0.818793500244,0.00205398957833,0.0,0.818750892857,-0.574007868837,-0.0119452442519,0.0,-0.00860184778401,0.00853924918299,-0.999926542021,0.0,0.658246836741,0.256368861647,0.303386572781,1.0,-0.01186,-0.0155874285714,0.594
0.462393385786,0.527813581331,-0.124059600476,-1.38718376083,0.0776879290709,1.90563333139,0.155212583871,-0.00880524421821,-0.0628431512267,-0.000966831985988,-0.10276623793,-0.00782828036587,0.0417227402748,-0.0167387629999,0.574060879185,0.818798203947,0.00208688864869,0.0,0.818756003251,-0.574000884485,-0.0119305763638,0.0,-0.00857102358731,0.00855769452795,-0.999926649019,0.0,0.658049023633,0.256110649718,0.303394666803,1.0,-0.0122,-0.0160342857143,0.611
0.462261963859,0.526705743601,-0.124062022056,-1.38884799908,0.0775802236577,1.9062613609,0.154987265454,-0.00271879422374,-0.070400527465,-0.00052170740055,-0.106105071962,-0.00521591150459,0.0441576759356,-0.0129764014975,0.574046575831,0.818808084828,0.0021438047628,0.0,0.818766697908,-0.573986424078,-0.0118922778734,0.0,-0.00850714222885,0.00858216257185,-0.999926984843,0.0,0.657853593433,0.25586496607,0.303436700127,1.0,-0.01252,-0.0164548571429,0.627
0.462099009705,0.525468737272,-0.124064518783,-1.39079446543,0.0774572075201,1.90696813375,0.154729687432,-0.015019258623,-0.072407649073,0.000823724132058,-0.108959958648,-0.00870555599256,0.0362677023666,-0.0157277363029,0.574042523501,0.818810940898,0.00213803187548,0.0,0.818769486474,-0.57398240326,-0.0118943544502,0.0,-0.0085121987708,0.00857858566911,-0.999926972503,0.0,0.657619435751,0.255569603144,0.303441846098,1.0,-0.01288,-0.016928,0.645
0.461929822827,0.524226233836,-0.124074307495,-1.39276975615,0.0773338304253,1.90767394848,0.154451766127,-0.00722863485869,-0.0680942157494,7.28570778712e-05,-0.112180206018,-0.00709074784255,0.0408545673132,-0.0169996769273,0.574033209033,0.818817541028,0.00211100292749,0.0,0.818775743646,-0.573973208501,-0.0119073271941,0.0,-0.00853843364115,0.0085638041118,-0.999926875531,0.0,0.65738105909,0.255262474527,0.303436957407,1.0,-0.01324,-0.0174011428571,0.663
0.461792709525,0.523175053116,-0.12408226726,-1.39445942595,0.0772284752928,1.90830341137,0.154225200839,-0.00822907144114,-0.0689159299594,-0.000648159195646,-0.113389758508,-0.00225834135116,0.0432956741116,-0.0145356527606,0.574027892207,0.8188213005,0.00209850381419,0.0,0.818779379063,-0.573967982013,-0.0119092798162,0.0,-0.00854726254893,0.00855463514377,-0.999926878587,0.0,0.657179394503,0.255006634448,0.303426535764,1.0,-0.01354,-0.0177954285714,0.678
0.461632186129,0.521932892117,-0.12408123669,-1.39641320553,0.0771059943818,1.90906869885,0.153958149133,-0.0086266815483,-0.0766786333426,4.48042940206e-05,-0.109379798173,-0.00636342812651,0.0435310552983,-0.0163951106947,0.574011723664,0.818832527994,0.00213988245563,0.0,0.818791202478,-0.573951705472,-0.0118808009843,0.0,-0.00850036077789,0.00857200101807,-0.999927129678,0.0,0.656951993881,0.254718259955,0.303435812566,1.0,-0.01388,-0.0182422857143,0.695
0.461452587753,0.520691033212,-0.124081474773,-1.39842832326,0.0769701590778,1.90982608969,0.153682773457,-0.0143344141742,-0.076390892171,0.000876087834115,-0.11331089879,-0.00906086288352,0.0455505784174,-0.0159873622293,0.574004437648,0.818837695694,0.00211673600248,0.0,0.818796166977,-0.573944612238,-0.011881326851,0.0,-0.00851415300011,0.00855327433996,-0.999927172696,0.0,0.656713724174,0.254406720998,0.303414707489,1.0,-0.01422,-0.0186891428571,0.712
0.46130407725,0.519448183449,-0.124092902661,-1.40037032977,0.076860676677,1.91051353602,0.153422855042,-0.0086019226367,-0.0832494652798,-0.000460205562369,-0.122096396694,-0.00388226336349,0.039605992608,-0.0144892541422,0.573995001072,0.818844328567,0.00210979136565,0.0,0.81880261059,-0.573935105678,-0.0118964811112,0.0,-0.00853064699876,0.00855618809928,-0.99992700719,0.0,0.656471287879,0.25411733329,0.30342303088,1.0,-0.01454,-0.0191097142857,0.728
0.461138325392,0.5181814932,-0.12409360315,-1.40234617895,0.0767237422752,1.91122112679,0.153171447766,-0.0126426937945,-0.0801285614635,-0.000536717692352,-0.122688505235,-0.00924777723699,0.0497248730239,-0.0128653128899,0.573992996418,0.818845759992,0.00209959669106,0.0,0.818803997136,-0.573933230637,-0.0118915073392,0.0,-0.00853244632869,0.0085449646096,-0.999927087812,0.0,0.656228278282,0.253816185379,0.303432980992,1.0,-0.01486,-0.0195302857143,0.744
0.460936618653,0.516669516286,-0.124097211567,-1.40472731304,0.0765733374885,1.91209252973,0.152833539078,-0.0072160500494,-0.0778147220224,0.0007389960006,-0.12246681995,-0.0110916679152,0.0492736245348,-0.0197563944123,0.573969376323,0.818862321992,0.00209751422904,0.0,0.818820540198,-0.573909630095,-0.0118914395931,0.0,-0.00853383252448,0.00854297437967,-0.999927092988,0.0,0.65593819994,0.253453835163,0.303436048455,1.0,-0.01524,-0.0200297142857,0.763
0.460771535438,0.51544334327,-0.124103192292,-1.40665074581,0.0764488389518,1.91282512366,0.152566374974,-0.00860806277019,-0.0829585965115,-0.000352529057869,-0.125515313754,-0.00196378382538,0.0532197618214,-0.0216794747541,0.573958026502,0.818870217373,0.00212080525484,0.0,0.818828828044,-0.573898277348,-0.0118686360983,0.0,-0.0085019098275,0.00854884002524,-0.99992731479,0.0,0.655710429793,0.253159490859,0.303444113488,1.0,-0.01554,-0.020424,0.778
0.460545681707,0.513792490901,-0.124101065285,-1.40928578878,0.0763003461595,1.9137548531,0.152217550161,-0.0188380749522,-0.0881069743399,0.00074433668944,-0.132648342554,-0.00237068285526,0.0472065663617,-0.00737764304148,0.573954228782,0.818872978305,0.00208220241337,0.0,0.818830851085,-0.573894400847,-0.0119164126204,0.0,-0.00856322885543,0.00854461149992,-0.999926827686,0.0,0.655378188693,0.252760762588,0.303427640579,1.0,-0.01594,-0.0209497142857,0.798
0.460377510696,0.512565794162,-0.124103306127,-1.41129403295,0.0761814285849,1.91445709324,0.15192867403,-0.00929942854861,-0.0813303579868,0.000342726695514,-0.136990799635,-0.00535431193003,0.047612969137,-0.0181621395197,0.57393006145,0.818890081737,0.00201630808467,0.0,0.818846966537,-0.573870381099,-0.0119657006161,0.0,-0.00864166044535,0.00851868705976,-0.999926374127,0.0,0.655122253563,0.252455531503,0.303392240052,1.0,-0.01624,-0.021344,0.813
0.460194445862,0.511209825677,-0.124106721793,-1.41345049051,0.0760420644001,1.9152837072,0.151614097174,-0.0117606987659,-0.0876247870642,0.000987247502767,-0.135769501408,-0.0140900984467,0.0484463946423,-0.024632470594,0.573900105169,0.818911038755,0.0020314511327,0.0,0.818868203297,-0.573840446651,-0.0119479838338,0.0,-0.00861877296515,0.00852060396595,-0.999926555333,0.0,0.654863678271,0.252129100252,0.303387232871,1.0,-0.01656,-0.0217645714286,0.829
0.459993615209,0.509731612911,-0.124109958765,-1.41580102909,0.0758955314254,1.91616995591,0.151293319149,-0.00650650008432,-0.0862325524686,0.000755912803632,-0.141751168711,-0.0119419019058,0.053594532367,-0.0225257695829,0.573887286957,0.818920002642,0.00203912792953,0.0,0.818877284961,-0.573827615697,-0.0119417980309,0.0,-0.0086094351154,0.00852320571407,-0.999926613603,0.0,0.654577891854,0.251772676594,0.303380159589,1.0,-0.0169,-0.0222114285714,0.846
0.459786608466,0.508246919724,-0.124115951177,-1.41817464001,0.0757472477355,1.91700881848,0.150957871986,-0.0104235556113,-0.0911334682192,-2.33254484484e-06,-0.141992243108,-0.00557639934417,0.0570850604855,-0.0236490902267,0.573869426963,0.818932629355,0.00199406013881,0.0,0.81888927128,-0.573809893957,-0.0119713775772,0.0,-0.00865970700571,0.00850308575491,-0.999926350792,0.0,0.654278581765,0.251404604578,0.303362127281,1.0,-0.01724,-0.0226582857143,0.863
0.459580687719,0.506794497299,-0.124123726535,-1.42044870781,0.075599237446,1.91782943002,0.150649203626,-0.0116129809379,-0.0925151261936,-0.000635238467536,-0.144645157411,-0.0146529411908,0.0574849676538,-0.0164281996827,0.573868396531,0.818933368582,0.0019870045746,0.0,0.818889961154,-0.573808935185,-0.0119701430212,0.0,-0.00866275535247,0.00849658846637,-0.999926379617,0.0,0.653997773866,0.251046465334,0.303366828891,1.0,-0.01756,-0.0230788571429,0.879
0.459368128649,0.505280928999,-0.124122371514,-1.4227592426,0.0754564992745,1.91871697234,0.150331529549,-0.0147646020563,-0.0877311224641,0.000223593583066,-0.138847955864,-0.0105416988857,0.0548494710652,-0.0236438164735,0.573868514437,0.818933123209,0.00205298558957,0.0,0.818890625145,-0.57380882691,-0.0119298412425,0.0,-0.00859188631577,0.00852749510489,-0.999926727974,0.0,0.653738432716,0.250710046092,0.303399025534,1.0,-0.01786,-0.0234731428571,0.894
0.459111270511,0.503434817896,-0.124126385712,-1.42551566946,0.0752776831737,1.91977872927,0.149936436557,-0.0168340372823,-0.0909873127164,0.00207938484196,-0.139201227961,-0.0124929654212,0.0564815732498,-0.0188592113516,0.57384536557,0.818949001723,0.00218538123968,0.0,0.81890832022,-0.57378523919,-0.0118494415055,0.0,-0.00845031148927,0.00858953934781,-0.99992740339,0.0,0.653395208069,0.250261371374,0.303471635121,1.0,-0.01826,-0.0239988571429,0.914
0.458897188064,0.501840998775,-0.124135154374,-1.4278857974,0.0751235981382,1.9206402899,0.14961956717,-0.0162890936342,-0.0939816633318,0.00124654505124,-0.149033917069,-0.00689720663919,0.0588491378517,-0.0235255378829,0.573846934915,0.81894771774,0.00225339727551,0.0,0.81890798395,-0.573786606796,-0.011806379004,0.0,-0.00837599922759,0.00862054539606,-0.999927761808,0.0,0.653102857207,0.249889837237,0.303531150768,1.0,-0.01858,-0.0244194285714,0.93
0.458661080593,0.500124694196,-0.12413803557,-1.43047601208,0.0749571551799,1.92155654793,0.149251035588,-0.0164817015176,-0.0974569239597,-0.000584034873306,-0.147849598634,-0.00836563061428,0.0575134838459,-0.0166449603016,0.573827347448,0.818961346764,0.0022879531486,0.0,0.818922038119,-0.573766863899,-0.0117910252578,0.0,-0.00834380286609,0.00863983434652,-0.999927864506,0.0,0.65277541582,0.249484732567,0.303575359983,1.0,-0.01892,-0.0248662857143,0.947
0.458401500977,0.49835154236,-0.124135908517,-1.43325793552,0.074786545166,1.92259240715,0.148847691627,-0.0139122185191,-0.088476921193,0.00090687292084,-0.152677468451,-0.0140319408147,0.0615960706101,-0.032851130872,0.573803569758,0.818977941861,0.00231105607443,0.0,0.818938872972,-0.573742938064,-0.0117860195568,0.0,-0.00832669825191,0.00865564039979,-0.999927870391,0.0,0.652430839275,0.249052721164,0.303577638402,1.0,-0.01928,-0.0253394285714,0.965
0.458169338024,0.496869607482,-0.124139384038,-1.43561991559,0.0746415632298,1.92343944563,0.148498010396,-0.0128090106504,-0.0986826767943,-7.01810127256e-05,-0.156967107772,-0.00948665421182,0.0563460221395,-0.0123292685148,0.573790250299,0.818987353,0.002282803143,0.0,0.818947836702,-0.573729645594,-0.0118102256283,0.0,-0.00836287459874,0.00864625548215,-0.99992764968,0.0,0.652134219783,0.248672794319,0.303559987764,1.0,-0.01958,-0.0257337142857,0.98
0.457901408171,0.495189903544,-0.12413554177,-1.43835207597,0.0744752966795,1.92437049413,0.148102221486,-0.0190263266833,-0.0963320804856,-0.00197486928803,-0.161210219531,-0.00610804164536,0.0598057798919,-0.0239828100944,0.573775441995,0.8189979989,0.00218331464605,0.0,0.818956964406,-0.573715001373,-0.0118884209247,0.0,-0.00848415592853,0.00860949046493,-0.999926945218,0.0,0.651777215992,0.248235036679,0.303510525049,1.0,-0.01992,-0.0261805714286,0.997
0.457598097217,0.493341365089,-0.1241481592,-1.44131834203,0.0742879091497,1.92544453015,0.147688633502,-0.0166807269603,-0.108228166381,0.00101685519523,-0.176044180408,-0.0082711255991,0.0609121578951,-0.0240833710844,0.573792603799,0.818986089057,0.00214024739372,0.0,0.818944485902,-0.573732326872,-0.0119118854332,0.0,-0.00852790353555,0.00858786090337,-0.999926759071,0.0,0.651408663461,0.24774541056,0.303479390582,1.0,-0.022292,-0.0292980571429,1.015
0.457345137562,0.491589613353,-0.124174146979,-1.44408438398,0.0741184025664,1.92647796765,0.147288588972,-0.0179452041883,-0.119139668585,0.000198930485855,-0.186107392638,-0.0131518935595,0.0691046427384,-0.0305930892272,0.573783736319,0.818992275568,0.00215020851901,0.0,0.81895086195,-0.573723480449,-0.0118996047722,0.0,-0.00851222316219,0.00858888016947,-0.999926883924,0.0,0.651066236125,0.247303398797,0.303472285773,1.0,-0.0247691428571,-0.0325537306122,1.03
0.456999823663,0.489427890268,-0.124184891847,-1.44759640131,0.0739061847505,1.92772201661,0.146799936369,-0.0218022566918,-0.134617244356,-0.000560881393833,-0.21507592663,-0.0167375412952,0.071178740995,-0.0319442178243,0.57379559537,0.818984206594,0.00205693607023,0.0,0.818941376551,-0.573735520074,-0.0119717032971,0.0,-0.00862466469184,0.00855398536849,-0.999926219525,0.0,0.65058482984,0.246700905538,0.30341302457,1.0,-0.0277417142857,-0.0364605387755,1.048
0.456585121039,0.486786108892,-0.12421375779,-1.45169143383,0.0736585862106,1.92927008166,0.146195816399,-0.0223708935473,-0.153806644715,-0.00237566935338,-0.236820759714,-0.0143487893882,0.0833668263228,-0.0400454738484,0.573793893573,0.8189851955,0.00213638739884,0.0,0.818943475286,-0.573733564966,-0.0119217288695,0.0,-0.00853816667653,0.00859036113816,-0.999926650013,0.0,0.650115610774,0.246062878073,0.303434044408,1.0,-0.0305491428571,-0.0401503020408,1.065
0.456168835499,0.484210046768,-0.12424045082,-1.45562562235,0.0734142537013,1.93071948714,0.145594926512,-0.0258552271237,-0.167923407536,0.000754192205737,-0.254518369829,-0.0138935129824,0.0832769417318,-0.0417193335586,0.573789745748,0.818987906891,0.00220973800727,0.0,0.818947181761,-0.573729162512,-0.0118789086339,0.0,-0.00846105428347,0.00862582075208,-0.999927000224,0.0,0.649630911299,0.245403559613,0.303476298012,1.0,-0.0331914285714,-0.0436230204082,1.081
0.455690722997,0.48126000107,-0.124290536453,-1.46023424937,0.073122095649,1.9323017854,0.144902716306,-0.0262837316089,-0.181809130394,-0.000913993522541,-0.282064418806,-0.0166599934673,0.0961563237813,-0.0470881511791,0.573796507488,0.81898336409,0.00213640836532,0.0,0.818941667375,-0.573736201839,-0.0119190199945,0.0,-0.00853590861337,0.00858885123643,-0.999926682262,0.0,0.649036813491,0.244617425595,0.303467649424,1.0,-0.0359988571429,-0.0473127836735,1.098
0.455130904589,0.477861530116,-0.124325859539,-1.46545228527,0.0728081437495,1.93421082705,0.144145723596,-0.0309456885357,-0.197200989115,-0.00315195822989,-0.30194124043,-0.0125733785876,0.11212203207,-0.0419027786421,0.573829555123,0.818960006018,0.00221294170211,0.0,0.818919231336,-0.573768861067,-0.0118883774599,0.0,-0.00846655164345,0.00863428910346,-0.999926880604,0.0,0.648383575129,0.243739576942,0.303505224368,1.0,-0.0389714285714,-0.0512195918367,1.116
0.454626839635,0.474851921384,-0.124353029889,-1.47007912406,0.0725301340191,1.93591832546,0.143490907268,-0.0336386625199,-0.205056084198,-0.00282097261993,-0.315813177373,-0.0179406489252,0.115372080948,-0.0406474227408,0.573874184792,0.818928519678,0.00229054308615,0.0,0.818888685375,-0.573813106612,-0.0118569197281,0.0,-0.0083957877217,0.00868024708136,-0.999927079371,0.0,0.647804076088,0.242960159518,0.303534806935,1.0,-0.0414485714286,-0.0544752653061,1.131
0.454012701049,0.47124435116,-0.124376353071,-1.47566026991,0.0721923142695,1.9378708904,0.142651556781,-0.0423964343631,-0.218615587766,-0.00419581194442,-0.334935423054,-0.0194817474997,0.122239593964,-0.0460081382761,0.573882201381,0.818922930818,0.00228017996471,0.0,0.818882671052,-0.573820863106,-0.0118968489868,0.0,-0.00843434999175,0.00869475714704,-0.999926628778,0.0,0.647077398391,0.242014667325,0.303542403348,1.0,-0.044256,-0.0581650285714,1.148
0.453341198879,0.467115147821,-0.124378637703,-1.48182709925,0.0717973808231,1.94022209103,0.141640507622,-0.0367516586535,-0.231859169455,-0.00321078032157,-0.348839850609,-0.0217072864726,0.132079443472,-0.0532737315761,0.573791512801,0.818985700328,0.00254350095151,0.0,0.818948963972,-0.573729285017,-0.0117494180376,0.0,-0.00816348154993,0.00882488372578,-0.999927736887,0.0,0.646304889066,0.241000302695,0.303661565131,1.0,-0.0472285714286,-0.0620718367347,1.166
0.452739801018,0.463518353084,-0.124389451716,-1.48737137773,0.071427956104,1.94212868696,0.140806935036,-0.0430179662443,-0.2427343265,-0.00149125436995,-0.375637142829,-0.0240352633805,0.128982277746,-0.0529428753608,0.573768356937,0.819002047844,0.00250301947344,0.0,0.818964668465,-0.573706155614,-0.011784129899,0.0,-0.00821538701145,0.00881141501035,-0.999927430558,0.0,0.645562086515,0.240068426189,0.303668248546,1.0,-0.0497057142857,-0.0653275102041,1.181
0.451956985466,0.459005514696,-0.124398204851,-1.49436816365,0.070946776564,1.94455119392,0.139779384089,-0.0407818603906,-0.263440101966,0.00286464811937,-0.391575754085,-0.0243246500708,0.136533209975,-0.0604548431609,0.573767364149,0.819002947576,0.00243528233328,0.0,0.818964650594,-0.573705378764,-0.0118231279591,0.0,-0.00828620160975,0.00877830411985,-0.999927137465,0.0,0.644624904576,0.23887955996,0.303655632765,1.0,-0.0526782857143,-0.0692343183673,1.199
0.451207020556,0.454868291606,-0.124407451007,-1.50087420396,0.0705137699543,1.9468654517,0.138751592541,-0.0494711815416,-0.267900011524,-0.00158052393142,-0.415337028224,-0.0247187527766,0.142463434381,-0.0729444775877,0.573725213629,0.819032641474,0.00237872819883,0.0,0.81899352553,-0.573663363446,-0.0118615969278,0.0,-0.00835060661964,0.00875362875968,-0.999926817999,0.0,0.643707182062,0.237693905436,0.303603143858,1.0,-0.0554857142857,-0.0729240816326,1.216
0.450364448206,0.450141709465,-0.124456023235,-1.50794561543,0.0700196121645,1.94952882558,0.137620109795,-0.0478347264063,-0.282358316045,0.000129079177588,-0.42014680334,-0.0303779446169,0.156525237879,-0.0561119825392,0.573713120547,0.819040386656,0.00261672301846,0.0,0.819004905661,-0.573650971408,-0.0116736630183,0.0,-0.00806027095596,0.00884061283652,-0.999928435238,0.0,0.642865874029,0.236525517947,0.303715353966,1.0,-0.058128,-0.0763968,1.232
0.449418536718,0.444939452623,-0.12451192527,-1.5159175526,0.0694933543985,1.95222414458,0.136443661869,-0.0527994242123,-0.288587061451,-0.00191015213961,-0.453269888744,-0.0256086124259,0.154816676486,-0.0661453465957,0.573778835655,0.818994574349,0.00254594606274,0.0,0.818957998275,-0.573716739562,-0.0117322933824,0.0,-0.00814818962853,0.00881693428108,-0.999927931741,0.0,0.641778396447,0.235114444827,0.303721207829,1.0,-0.0611005714286,-0.0803036081633,1.25
0.448467538399,0.439860590973,-0.124529985003,-1.52382268344,0.0689385022274,1.95488591717,0.135179427971,-0.0557792290759,-0.301918683062,-0.00235331606023,-0.470835672973,-0.0312991287137,0.159974517758,-0.0723958284919,0.573732218446,0.819027703865,0.0023892926834,0.0,0.818988962309,-0.573670575327,-0.0118278282683,0.0,-0.00831681224438,0.00874297881663,-0.999927192827,0.0,0.640681018223,0.233724287249,0.303664393521,1.0,-0.063908,-0.0839933714286,1.267
0.447512128823,0.434868499386,-0.124527594164,-1.53137615956,0.068446278166,1.9576164416,0.133940974455,-0.0602657725526,-0.323542030136,-0.00155129679095,-0.469796658622,-0.0319961155124,0.178881955899,-0.078731816826,0.573694675126,0.819053559375,0.00253643629497,0.0,0.819016545676,-0.5736322853,-0.0117748066328,0.0,-0.00818937320594,0.0088326972153,-0.999927456182,0.0,0.639668089089,0.232399245552,0.303714411815,1.0,-0.0665502857143,-0.0874660897959,1.283
0.446301728741,0.428776257452,-0.124576760413,-1.54067635547,0.0677790598269,1.96091338181,0.132457325176,-0.0691910192659,-0.32470654149,-4.53243133748e-05,-0.506967303232,-0.0387082755204,0.172444022678,-0.0768322983497,0.573723236053,0.819033434991,0.00257442806272,0.0,0.818997257057,-0.57366107467,-0.0117137202927,0.0,-0.00811723568068,0.00882905302104,-0.999928076567,0.0,0.638414414149,0.230703960662,0.303726823041,1.0,-0.069688,-0.0915899428571,1.302
0.44530465289,0.423747450718,-0.124669971038,-1.54841100557,0.0672206391115,1.96343509886,0.131180448444,-0.0655051231567,-0.346728823013,-0.00525870471286,-0.522611617087,-0.0285656036797,0.174929332336,-0.0909167458919,0.573728499963,0.819030328923,0.00238233829196,0.0,0.818991773991,-0.573667175083,-0.0117980196711,0.0,-0.00829642638575,0.00872014348221,-0.99992756158,0.0,0.637250003934,0.229160978305,0.303688933012,1.0,-0.0723302857143,-0.0950626612245,1.318
0.444170415202,0.418223499867,-0.124730117676,-1.55681736726,0.0666247302532,1.96629740709,0.129841379631,-0.0720010316968,-0.349110318286,-0.00345709445063,-0.521844372373,-0.0398198905879,0.18944687319,-0.082317402002,0.573798279369,0.818981546882,0.00234677675477,0.0,0.818942591288,-0.573737145973,-0.011809589583,0.0,-0.00832556324013,0.00869836509002,-0.999927509093,0.0,0.636153995921,0.227689419177,0.303685707777,1.0,-0.0748074285714,-0.0983183346939,1.333
0.442916113271,0.412132313305,-0.124743841329,-1.56584096878,0.0660163925766,1.96960738368,0.128299504186,-0.0750790035655,-0.359909116589,0.00624612483318,-0.546243794622,-0.0341349784043,0.192552184459,-0.0930564093413,0.573777452237,0.818995173903,0.00266220380009,0.0,0.818960352916,-0.573715213199,-0.0116422247263,0.0,-0.00800773321728,0.00886045599672,-0.999928681721,0.0,0.634932279204,0.226038433123,0.30380365141,1.0,-0.0776148571429,-0.102008097959,1.35
0.44159088449,0.405946259032,-0.124795102223,-1.57533685227,0.0653326914727,1.9727048982,0.126753534755,-0.0761771440804,-0.368235496626,-0.00535405995104,-0.569782329826,-0.0437145921235,0.183925167282,-0.0901937925043,0.573827373591,0.818960820438,0.00246308879453,0.0,0.818923205085,-0.573765616132,-0.0117706762202,0.0,-0.00822664538304,0.00877158567107,-0.999927688181,0.0,0.633557985155,0.224246557734,0.303735578647,1.0,-0.0804222857143,-0.105697861224,1.367
0.440198750782,0.399550884474,-0.124865168124,-1.58494047858,0.0646600832217,1.97604432635,0.125119508841,-0.0871475364191,-0.388905112057,-0.00121720739622,-0.569848258601,-0.04220879365,0.207393868647,-0.0956154457698,0.573876364672,0.818926207194,0.0025558055951,0.0,0.818889858044,-0.573814327656,-0.0117160006527,0.0,-0.00812813860065,0.00881662889143,-0.999928097624,0.0,0.632211189511,0.222412452631,0.303768508267,1.0,-0.0832297142857,-0.10938762449,1.384
0.438829827367,0.393330849151,-0.124890408298,-1.59421164896,0.0639462273901,1.97925528537,0.123537800257,-0.0851539437894,-0.385912800993,-0.000822730499329,-0.595436295093,-0.049844751744,0.192870315884,-0.100878917493,0.573880430475,0.818923062575,0.0026487736412,0.0,0.818888320088,-0.573818504129,-0.0116185387586,0.0,-0.00799492794145,0.0088368719588,-0.99992899289,0.0,0.630893194569,0.220645549744,0.303818994213,1.0,-0.085872,-0.112860342857,1.4
