position_joint1,position_joint2,position_joint3,position_joint4,position_joint5,position_joint6,position_joint7,velocity_joint1,velocity_joint2,velocity_joint3,velocity_joint4,velocity_joint5,velocity_joint6,velocity_joint7,ee_T_00,ee_T_10,ee_T_20,ee_T_30,ee_T_01,ee_T_11,ee_T_21,ee_T_31,ee_T_02,ee_T_12,ee_T_22,ee_T_32,ee_T_03,ee_T_13,ee_T_23,ee_T_33,v_x,v_y,time
0.465071687855,0.547678122701,-0.123972404587,-1.35575571706,0.0794724580935,1.89408731799,0.159178420134,0.000190274661401,0.00218754003294,-0.00164817030334,0.000103682375503,-1.42977129728e-06,0.000333011219005,0.00531850125686,0.573800080077,0.818981015436,0.00207638141972,0.0,0.81893974977,-0.573741230664,-0.0118081913724,0.0,-0.00847954218697,0.00847613562719,-0.999928123661,0.0,0.661693269478,0.260903678523,0.303322441719,1.0,0.0,0.0,0.0
0.465067192352,0.547668857122,-0.123967215232,-1.35575572,0.0794719641479,1.89408756381,0.159170113403,0.000536366394111,0.00103883083691,-0.00194842254283,0.00039774010777,0.000192096729982,0.00141392847621,0.00184465598602,0.573804497569,0.818977916515,0.00207791499756,0.0,0.81893671903,-0.573745689791,-0.011801719031,0.0,-0.00847331562731,0.00847372349501,-0.999928196888,0.0,0.661695071245,0.260899222914,0.303326252851,1.0,-0.0002,-0.000262857142857,0.011
0.46506638786,0.547670586824,-0.123972570966,-1.35575668514,0.079472445115,1.89408756383,0.159177946238,0.000159468536635,9.76438330391e-05,0.000193206419857,0.00035996470452,3.12429272079e-05,0.000205679508898,0.000365829675945,0.573804185998,0.818978123488,0.00208237365942,0.0,0.818936936571,-0.573745313243,-0.0118049291388,0.0,-0.00847338972547,0.00847921371181,-0.999928149719,0.0,0.661694718121,0.260900075108,0.303327346385,1.0,-0.00056,-0.000736,0.029
0.465065865093,0.547652637382,-0.123970092984,-1.35578015559,0.079467351778,1.8940899532,0.159173266878,0.00117180643997,0.00308911915725,0.000740820520487,-0.000536521305483,-0.000172935422105,-0.000388170298872,-0.00102839991198,0.57379896777,0.818981789014,0.00207864125942,0.0,0.81894056563,-0.573740122457,-0.0118054542368,0.0,-0.00847601532982,0.00847640430092,-0.999928151286,0.0,0.661690141609,0.260897949086,0.303329006725,1.0,-0.00088,-0.00115657142857,0.045
0.465067336958,0.547548050301,-0.123962983194,-1.35587955573,0.0794680623743,1.89411186117,0.159174363199,0.00106504242362,-0.00577623858667,0.00261825902351,-0.00659830268013,-0.000924544437866,0.00116779395769,0.000678537474759,0.573799270219,0.818981500154,0.00210874451351,0.0,0.818940554502,-0.573740192274,-0.011802832826,0.0,-0.00845659306686,0.00849955690605,-0.9999281192,0.0,0.6616724331,0.260894219642,0.303357453714,1.0,-0.00122,-0.00160342857143,0.062
0.465062621264,0.547410003916,-0.12396779734,-1.35605439385,0.0794646000182,1.89415636546,0.159167896609,-0.0013602225368,-0.00980028409289,4.32198508706e-05,-0.0156950603913,-0.000104392762137,0.0108248323383,0.000944619308593,0.573809888827,0.818974033042,0.00211933669969,0.0,0.81893316041,-0.573750702864,-0.0118049415735,0.0,-0.00845213241897,0.00850955114857,-0.999928071912,0.0,0.661647402989,0.260871834713,0.303376042462,1.0,-0.00156,-0.00205028571429,0.079
0.465037850865,0.547255358884,-0.123970789302,-1.35627090202,0.079460446363,1.89425464818,0.159159998762,-0.000242895288928,-0.0073765858634,0.000191164131647,-0.0178569777021,-0.000232233144284,0.00854596690268,-0.00281899480463,0.573828550447,0.818960895529,0.00214317252094,0.0,0.818920304164,-0.573769239941,-0.0117958309295,0.0,-0.00843080011215,0.00852403617042,-0.999928128626,0.0,0.661629856413,0.260838151396,0.303384348567,1.0,-0.00188,-0.00247085714286,0.095
0.465021260565,0.547058736738,-0.123967659005,-1.35648046799,0.0794593237129,1.89436578363,0.159144832934,-0.00135418373421,-0.0153423502745,-7.68070537471e-06,-0.0105707656342,7.88374661038e-05,0.00518656289797,-0.00545222409393,0.573847437664,0.818947389108,0.00224478527444,0.0,0.818908038071,-0.573787651682,-0.011751717358,0.0,-0.00833616867381,0.00858213083165,-0.9999284251,0.0,0.661611809546,0.260811975324,0.303440233024,1.0,-0.00224,-0.002944,0.113
0.464992176673,0.546866125846,-0.123970759828,-1.35673954167,0.0794514772207,1.89449836552,0.159129410545,-0.00380320717633,-0.0133723149447,-0.000780583117719,-0.015746326467,0.00016056277311,0.0129844806799,0.00028980836693,0.573873409612,0.818929026491,0.0023035214839,0.0,0.818890435772,-0.573813396783,-0.0117212104384,0.0,-0.00827720732824,0.00861298853753,-0.999928649588,0.0,0.661592659783,0.260770457568,0.303464947303,1.0,-0.00258,-0.00339085714286,0.13
0.464956200045,0.546640545645,-0.123967240911,-1.3570640566,0.0794446518254,1.89462061152,0.15909898995,-0.000388438833307,-0.0117184474295,-0.000201558994068,-0.0205596936807,0.000520807318158,0.00495053619251,-2.29416733791e-05,0.573891830818,0.818916038429,0.00233139971711,0.0,0.818877684635,-0.573831581506,-0.0117217990895,0.0,-0.00826149754625,0.0086363422186,-0.999928578075,0.0,0.661557509236,0.260720333208,0.30348073599,1.0,-0.0029,-0.00381142857143,0.146
0.464917579025,0.546361627606,-0.12397075462,-1.35747898771,0.079431081701,1.89477327874,0.158956583754,-0.00297454457071,-0.0177929935205,2.86239768511e-05,-0.0225507355531,-2.60832477419e-05,0.00680215040418,-0.0133846493645,0.573828881655,0.818960089514,0.00235228886334,0.0,0.818921913552,-0.573768464806,-0.0117215698532,0.0,-0.00824998756415,0.00865268280826,-0.999928531839,0.0,0.661511747834,0.260655329519,0.303494109626,1.0,-0.00324,-0.00425828571429,0.163
0.464876025319,0.546075375061,-0.123973269388,-1.35794110931,0.0794131487965,1.89493371102,0.158944806212,-0.00238776158681,-0.0151651438288,-0.0011933050484,-0.0298332627789,0.000109535915914,0.00301078156992,0.000194347325743,0.573876062901,0.818927054061,0.00234338603938,0.0,0.818888674288,-0.573815580895,-0.0117373398529,0.0,-0.00826751290207,0.00865491730485,-0.999928367753,0.0,0.661457644026,0.260583276991,0.303490829479,1.0,-0.00358,-0.00470514285714,0.18
0.464829975772,0.545769419571,-0.123976146598,-1.35843944626,0.0793743086002,1.89510423519,0.158904359829,0.000631925359339,-0.020333066482,-0.00106014971377,-0.0263559067138,-0.000719720677476,0.0140166170521,-0.00285667311924,0.573900146798,0.818910246072,0.00231889733049,0.0,0.818871617975,-0.573839826261,-0.0117419748421,0.0,-0.00828510738004,0.00863776659827,-0.999928370427,0.0,0.661400144217,0.260501300856,0.303485092708,1.0,-0.0039,-0.00512571428571,0.196
0.464763531929,0.545404115836,-0.123971566061,-1.3590861458,0.0792670974055,1.89531456851,0.158782460617,-0.000695961047306,-0.0211593658769,-0.000794150801539,-0.0411453666854,-0.00620041747866,0.0120410996622,-0.00793491560329,0.573859083428,0.818939291265,0.00222182122776,0.0,0.818899929613,-0.573799678697,-0.0117294888049,0.0,-0.00833101934015,0.00855068756894,-0.99992873739,0.0,0.661325447715,0.260384952721,0.303453817095,1.0,-0.00426,-0.00559885714286,0.214
0.46470215942,0.54500302876,-0.123971255869,-1.35977476363,0.0792630319779,1.89553308172,0.158714102189,-0.000410061537772,-0.0237004896305,0.0014928933776,-0.0395812654609,5.63479360016e-05,0.0174517951772,-0.00161638688618,0.573890338841,0.818917491372,0.00218362353444,0.0,0.81887724589,-0.573830680559,-0.0117963178291,0.0,-0.0084073426926,0.00855807723149,-0.999928035362,0.0,0.661237496896,0.260282245492,0.303428933134,1.0,-0.0046,-0.00604571428571,0.231
0.464641325437,0.544602959257,-0.123977155358,-1.36043880034,0.0792413313983,1.8957640652,0.158636513356,-0.00121902581893,-0.0267143646682,0.000669638793002,-0.0430814041875,-0.00165130002696,0.0134662210556,-0.00740949021469,0.57391197306,0.818902382712,0.0021637163557,0.0,0.818861717844,-0.573852226878,-0.0118260584677,0.0,-0.00844289656019,0.00855906582923,-0.999927727333,0.0,0.661159851098,0.260177201361,0.303416250428,1.0,-0.00492,-0.00646628571429,0.247
0.464576131981,0.544141769161,-0.123982723486,-1.36119733191,0.0792091942861,1.89603419597,0.158546479718,-0.00597566663286,-0.0301618147391,0.00025342100739,-0.0443242288894,-0.000752157632681,0.0137510875421,-0.00677943014026,0.573929246524,0.818890323271,0.00214600547769,0.0,0.818849311802,-0.573869450642,-0.0118492650567,0.0,-0.00847188461828,0.00855805964356,-0.999927490764,0.0,0.661071448882,0.260060025029,0.303405177674,1.0,-0.00526,-0.00691314285714,0.264
0.464513554586,0.543648496208,-0.12398354136,-1.36202340697,0.0791686433528,1.89631863164,0.158426390454,-0.00698337899687,-0.0246781657605,0.000545622833839,-0.0519307315425,-0.0027356240712,0.0171120967043,-0.0143071843481,0.573917872909,0.818898389559,0.00210941558437,0.0,0.818856780873,-0.573858103146,-0.0118826248091,0.0,-0.00852032113648,0.00854712456858,-0.999927172743,0.0,0.660969794124,0.25993934492,0.303385680833,1.0,-0.0056,-0.00736,0.281
0.464443557476,0.543137176251,-0.123991735933,-1.36281807586,0.0791185528148,1.89660096851,0.158331130847,-0.00640644864923,-0.0371400901765,-0.00171275069448,-0.0498362935366,-0.0068246057579,0.0129630825101,-0.00110885458109,0.573933729982,0.818887286139,0.00210549036245,0.0,0.818845664793,-0.573874012639,-0.0118803101384,0.0,-0.00852051277112,0.00854274684097,-0.99992720852,0.0,0.660879470068,0.259811776377,0.30339388363,1.0,-0.00592,-0.00778057142857,0.297
0.464363115407,0.542541121101,-0.123993158788,-1.36377455839,0.0790645791175,1.89693280021,0.158218755439,-0.00369488608426,-0.0359563475019,-0.000840799280833,-0.0509281182327,-0.00339131184269,0.0206865301671,-0.00753602590907,0.573947261533,0.818877860182,0.00208278290889,0.0,0.818835876601,-0.573887567914,-0.011900146431,0.0,-0.00854964783443,0.00853567816316,-0.999927020197,0.0,0.660765219199,0.259665868806,0.303389013585,1.0,-0.00628,-0.00825371428571,0.315
0.46430230819,0.542022519817,-0.123990230859,-1.36459290418,0.0790219015647,1.89723748435,0.158086580705,-0.00498148037272,-0.0369640136224,0.00152464675839,-0.0632854379972,-0.00239996350607,0.021695920189,-0.00603501112258,0.573920879095,0.818896329522,0.00209115662627,0.0,0.818854371108,-0.573861070859,-0.0119053421087,0.0,-0.00854937217554,0.00854524167542,-0.999926940871,0.0,0.660668491227,0.259550830574,0.303392560399,1.0,-0.00658,-0.008648,0.33
0.46421075851,0.541357871693,-0.123990346349,-1.36560943292,0.0789537180599,1.89761805732,0.157964291043,-0.00593109061579,-0.0350813349185,0.000137767857129,-0.0601404317079,-0.0113982805388,0.0245810395412,-0.00646829281135,0.573934011492,0.818887073438,0.0021114712031,0.0,0.818845441046,-0.573874180795,-0.0118876068308,0.0,-0.0085230528561,0.00855183509335,-0.999927109187,0.0,0.660554999467,0.259393145137,0.303411617935,1.0,-0.00694,-0.00912114285714,0.348
0.464125867936,0.540672667434,-0.123993156746,-1.36665180237,0.07889540331,1.89800348176,0.157830650223,-0.00160069703213,-0.0420998418699,0.00172078283078,-0.0567779621605,-0.00227811654516,0.0212923788466,-0.00350473105253,0.573938244432,0.818884039218,0.00213747375072,0.0,0.818842709743,-0.573878272672,-0.0118782051169,0.0,-0.00850038649959,0.00856777594605,-0.99992716567,0.0,0.660435206566,0.259237433033,0.303433334574,1.0,-0.00728,-0.009568,0.365
0.464022285764,0.539899789314,-0.123993479694,-1.36781674246,0.078831956538,1.8984333092,0.157687383716,-0.00732182123964,-0.0436246697533,-0.000278397697346,-0.0705118161005,-0.00576901438638,0.0195785524466,-0.00463477786434,0.57395346936,0.81887327303,0.00217362110284,0.0,0.818832345603,-0.573893281905,-0.0118675052056,0.0,-0.00847071936972,0.00859139246245,-0.999927214796,0.0,0.660302621919,0.259059614193,0.303462327653,1.0,-0.00764,-0.0100411428571,0.383
0.46393366437,0.539247124794,-0.123996281159,-1.36883263379,0.0787742930766,1.89882622007,0.157555308842,-0.00834967896085,-0.0439222372446,0.000630534385511,-0.0675614890413,-0.000439016719743,0.0262353782145,-0.00443362253406,0.573960733473,0.818868113218,0.00219920161835,0.0,0.818827513928,-0.573900438726,-0.0118547781909,0.0,-0.00844553967902,0.00860510965444,-0.999927309832,0.0,0.660190116272,0.258904788769,0.303474088113,1.0,-0.00794,-0.0104354285714,0.398
0.463818902987,0.538448060762,-0.124007592551,-1.37007076456,0.0787002015387,1.89930908341,0.157405000579,-0.00549963810214,-0.0494674341678,-0.00170552548792,-0.0730350640864,-0.00511453295664,0.0284391198444,-0.00502957310029,0.573988290448,0.818848706776,0.00223265313067,0.0,0.818808616728,-0.573927936494,-0.0118287693652,0.0,-0.00840475231079,0.00861785664806,-0.999927543718,0.0,0.66005741356,0.258706768483,0.303491448253,1.0,-0.0083,-0.0109085714286,0.416
0.463716839457,0.537727495423,-0.124016893612,-1.37123611498,0.078622914205,1.89975875065,0.157262462637,-0.00818381688613,-0.047420189811,-0.000856070826818,-0.07244565759,-0.00581861644828,0.0321844116929,-0.00594384766053,0.574005438839,0.818836696777,0.0022286984425,0.0,0.818796673037,-0.573945218879,-0.0118169729689,0.0,-0.00839718196815,0.00860802335583,-0.99992769202,0.0,0.659929041209,0.258523148053,0.303484926213,1.0,-0.00862,-0.0113291428571,0.432
0.463608201258,0.53689575352,-0.124017391297,-1.37251330964,0.0785557796662,1.9002321285,0.157098607063,-0.0103044809369,-0.0506989208819,-3.67687947215e-05,-0.07859899188,-0.00594744873209,0.0282916606783,-0.0122665527244,0.574012933236,0.818831363507,0.00225776775139,0.0,0.818791621271,-0.573952500335,-0.0118133482677,0.0,-0.00837744991544,0.00862982215894,-0.999927669635,0.0,0.659781273499,0.258331745134,0.303505323435,1.0,-0.00896,-0.011776,0.449
0.463476145637,0.536002583454,-0.124029664893,-1.37390400294,0.0784757297851,1.9007589072,0.156930699981,-0.0105034584406,-0.0562893428996,-0.00125527007648,-0.0736638099117,-0.00359940727785,0.0285774872944,-0.0112116982514,0.574047321316,0.818807192008,0.00228081263718,0.0,0.818767778406,-0.573986825204,-0.0117981539506,0.0,-0.00835141769336,0.00864032092069,-0.999927796732,0.0,0.659628604409,0.258106940832,0.303519904982,1.0,-0.00932,-0.0122491428571,0.467
0.463373817816,0.535147624666,-0.124028376664,-1.37524092691,0.0783915145992,1.90123997139,0.156773800165,-0.0100234241202,-0.0507844574755,0.000744087126873,-0.0871974092815,-0.00487802053497,0.0290471740269,-0.00749076842145,0.574052458144,0.818803597474,0.00227836867154,0.0,0.818764142854,-0.573991961222,-0.0118005817735,0.0,-0.0083547543612,0.00863976588935,-0.999927773654,0.0,0.659467412902,0.257911752251,0.303528515729,1.0,-0.00964,-0.0126697142857,0.483
0.463265948193,0.534313452656,-0.124036489702,-1.37659397187,0.0783268863938,1.90173613077,0.156603572347,-0.00260151478597,-0.0568540626192,-0.000929476849431,-0.0875929211072,-0.00919812030361,0.0326051168869,-0.0167138135134,0.574064019939,0.818795527741,0.00226531777795,0.0,0.8187557656,-0.574003429685,-0.0118239548466,0.0,-0.00838126254003,0.00864261543957,-0.999927527192,0.0,0.659307122674,0.257709455133,0.303516295203,1.0,-0.00996,-0.0130902857143,0.499
0.463134923949,0.533396468507,-0.124034809899,-1.37806910726,0.0782382738606,1.90227777077,0.156431121979,-0.00737975604774,-0.0557104550871,0.00049556176959,-0.085970254832,-0.00488979720561,0.0337863492944,-0.0155604547574,0.574085894191,0.818780231424,0.0022506937559,0.0,0.818740240618,-0.574025318553,-0.0118363403584,0.0,-0.0083995680154,0.00863797589368,-0.99992741368,0.0,0.65913440297,0.25748341029,0.303507796241,1.0,-0.0103,-0.0135371428571,0.516
0.463012795896,0.532450649021,-0.124039686122,-1.37959097257,0.078153059084,1.9028539642,0.156242993355,-0.00582931971283,-0.056795994341,-0.000216031247091,-0.0925730955544,-0.0107972973469,0.0361931118009,-0.0119373166548,0.574095712069,0.818773345445,0.00225146038404,0.0,0.818733324321,-0.574035090773,-0.0118408238462,0.0,-0.00840269546536,0.00864127821364,-0.999927358872,0.0,0.658957090501,0.257257157698,0.303500421234,1.0,-0.01064,-0.013984,0.533
0.462885903116,0.531537551933,-0.124037180469,-1.38107126336,0.078064483907,1.9033953902,0.156044486345,-0.0168708919262,-0.0590320081177,-0.000500168745391,-0.0956412993461,-0.010281235687,0.0329298158939,-0.0111164175416,0.574092263438,0.818775823339,0.00222959116395,0.0,0.818735463674,-0.574031673055,-0.0118585729828,0.0,-0.00842981921167,0.00863352658239,-0.999927197533,0.0,0.658780995235,0.257033691644,0.303486308937,1.0,-0.01096,-0.0144045714286,0.549
0.462747814687,0.530477782814,-0.124039689049,-1.38280417986,0.077953338698,1.90400620567,0.155831777927,-0.00806665414137,-0.0633370546257,0.00202104200532,-0.0998850110344,-0.00462561510824,0.0415326359458,-0.00757147424583,0.574097237681,0.81877249114,0.00217171364934,0.0,0.818731373357,-0.574036872085,-0.0118892669866,0.0,-0.00848812446085,0.00860381108376,-0.999926960422,0.0,0.658568487485,0.256772975344,0.303461272276,1.0,-0.01132,-0.0148777142857,0.567
0.462604411832,0.529437228248,-0.124037452308,-1.38444832286,0.0778453530108,1.90460863383,0.155591316235,-0.00959346255391,-0.0613850055388,3.90298556813e-05,-0.0958955152985,-0.00335091476086,0.0395721265211,-0.0122189446547,0.574076387429,0.818787124458,0.00216636063514,0.0,0.818745967133,-0.574016076469,-0.0118883202818,0.0,-0.00849064121732,0.00859866854437,-0.99992698329,0.0,0.658374151462,0.256521770463,0.303463806005,1.0,-0.01166,-0.0153245714286,0.584
0.462476843021,0.528468321395,-0.12403786785,-1.38594036366,0.077770467894,1.90517712861,0.155391678181,-0.00717586982329,-0.0684547993152,0.000784422322856,-0.0967916912898,-0.00882397482743,0.0405997218909,-0.015299684907,0.574078544278,0.818785488193,0.00221274164971,0.0,0.818744804786,-0.574017915598,-0.0118795669106,0.0,-0.00845682646298,0.00863164139455,-0.999926985761,0.0,0.658201019763,0.256299607445,0.303485226804,1.0,-0.01196,-0.0157188571429,0.599
0.462326627898,0.527290102044,-0.124041323783,-1.38777212509,0.0776466302161,1.90587516936,0.155141824383,-0.00428571816537,-0.0656000258604,-0.00405774468774,-0.101819460088,-0.00456860112024,0.0361110639097,-0.0154675201868,0.574065218376,0.818794752819,0.00224158618393,0.0,0.81875457933,-0.574004615028,-0.0118485296132,0.0,-0.00841499507611,0.00863730398777,-0.999927289775,0.0,0.657988444832,0.256024119969,0.303503338278,1.0,-0.01232,-0.016192,0.617
0.462176948006,0.526128096403,-0.1240488584,-1.38956194471,0.077533915412,1.90655282452,0.154897975352,-0.0100130727797,-0.069358368168,-0.00116335065809,-0.104812561473,-0.00571839560738,0.0388637966913,-0.0141409984652,0.574059726877,0.818798498859,0.00227928608808,0.0,0.818758888241,-0.573999051892,-0.0118202476824,0.0,-0.00837025415831,0.00865188047518,-0.99992753928,0.0,0.657780813022,0.255751819636,0.30352806514,1.0,-0.01266,-0.0166388571429,0.634
0.462032738148,0.525019842675,-0.124047481196,-1.39129042775,0.0774289553751,1.90717240606,0.154661131046,-0.00624063276965,-0.0704609354853,0.00080206886097,-0.11221799292,-0.00914664758963,0.0343652684467,-0.0192372222186,0.574047555443,0.818807031309,0.00227957662219,0.0,0.818767365789,-0.573986820204,-0.0118269967734,0.0,-0.00837574243955,0.00865586818435,-0.999927458811,0.0,0.657570163149,0.255492245442,0.303538566843,1.0,-0.01298,-0.0170594285714,0.65
0.461863779431,0.523775861032,-0.124055636997,-1.39331060231,0.0772955890769,1.90789688552,0.154394461058,-0.00669408230453,-0.0714719907024,0.000194824902693,-0.114565772768,-0.00345799429324,0.0453533939728,-0.0104951531327,0.574045775655,0.818808424314,0.00222679713581,0.0,0.818768135919,-0.573985312298,-0.0118468464561,0.0,-0.00842231098595,0.00862402874217,-0.999927342763,0.0,0.657324933407,0.255180587716,0.30351479622,1.0,-0.01334,-0.0175325714286,0.668
0.461722995756,0.522627553912,-0.124053842848,-1.39512233047,0.0771823462835,1.90858451221,0.154137754823,-0.00722246211502,-0.0728773493928,-0.00288880626083,-0.114580919,-0.00816060869246,0.0461394916422,-0.0208592317751,0.574016247673,0.818829075879,0.00224472782853,0.0,0.818789034438,-0.573955731759,-0.0118356227634,0.0,-0.00840313943289,0.0086319644909,-0.999927435586,0.0,0.657107682921,0.254917484244,0.30351913647,1.0,-0.01366,-0.0179531428571,0.684
0.461568787145,0.521487560098,-0.124057414874,-1.39697050942,0.0770725642383,1.90930241003,0.15389701758,-0.0146239363085,-0.0740762549516,0.000221749233556,-0.116920974097,-0.00950821829379,0.0474960022426,-0.0149534816924,0.574017446886,0.818828219769,0.00225035141935,0.0,0.818788260641,-0.573956918286,-0.0118316140107,0.0,-0.00839661633259,0.00863428042812,-0.999927470388,0.0,0.656891550509,0.254640623923,0.303502831311,1.0,-0.01398,-0.0183737142857,0.7
0.461390813186,0.52012055606,-0.124065965703,-1.39912993272,0.0769405047885,1.91009630258,0.153605649296,-0.0101115768869,-0.0802384398636,-0.00244863108414,-0.115238500334,-0.00735689278152,0.0458721251709,-0.0111522825362,0.574009598375,0.818833729853,0.00224738263834,0.0,0.818793750576,-0.573949101318,-0.011830892403,0.0,-0.00839781219213,0.0086313548364,-0.999927485603,0.0,0.656645766445,0.254329651502,0.303503938722,1.0,-0.01432,-0.0188205714286,0.717
0.461218244348,0.518786655078,-0.124071613959,-1.4012075175,0.0768046323447,1.91083287987,0.15331394074,-0.0106033266472,-0.0803977878869,0.000245485512328,-0.128465030031,-0.00902726358651,0.046789249605,-0.0207626970764,0.573990107995,0.818847420583,0.00223710283392,0.0,0.818807324384,-0.573929670758,-0.0118340804433,0.0,-0.0084065284048,0.00862456734716,-0.999927470929,0.0,0.656374565003,0.253995336102,0.303515775449,1.0,-0.01468,-0.0192937142857,0.735
0.46106162701,0.517518159907,-0.124082336475,-1.40319793954,0.0766784057096,1.91154773608,0.153050129086,-0.0103942468326,-0.0790790298233,-0.00186470908317,-0.118281645679,-0.0116343179916,0.0480865112206,-0.0240195372491,0.573981243967,0.818853663949,0.00222609811334,0.0,0.818813455971,-0.573920883058,-0.0118360133386,0.0,-0.00841452069945,0.00861657464497,-0.999927472611,0.0,0.65612868845,0.253694860346,0.303520840857,1.0,-0.015,-0.0197142857143,0.751
0.460870156009,0.516082326645,-0.124075845142,-1.40546809852,0.0765369183487,1.91238857015,0.152738638633,-0.0139101468471,-0.0783412877632,0.000243437839148,-0.12266722041,-0.00851006208933,0.0421701644381,-0.0229453760681,0.573960186395,0.818868412019,0.00223050045455,0.0,0.818828219393,-0.573899767924,-0.0118385135637,0.0,-0.00841426311,0.00862139815586,-0.999927433202,0.0,0.655851107889,0.253356666065,0.303520138647,1.0,-0.01536,-0.0201874285714,0.769
0.4606869989,0.514714175216,-0.124080863259,-1.40766700655,0.0763970553519,1.91321935396,0.152430992279,-0.00983854325041,-0.079973698877,7.06753423661e-05,-0.133281501669,-0.00316368539362,0.0482294463077,-0.0168136200394,0.573940097822,0.818882509849,0.00222397787035,0.0,0.818842287642,-0.573879764013,-0.0118351733286,0.0,-0.00841548256855,0.00861393350991,-0.999927487272,0.0,0.655586193119,0.253024408808,0.303504965918,1.0,-0.0157,-0.0206342857143,0.786
0.460520847993,0.513468840231,-0.124075823304,-1.40965257505,0.0762792715082,1.91390583075,0.152160910613,-0.017896899406,-0.0758047474943,0.0018062690723,-0.128313631152,-0.00668521341416,0.0480796181706,-0.0239221534789,0.573923707098,0.818894109513,0.00218236944238,0.0,0.818853184466,-0.573863375327,-0.0118758430768,0.0,-0.00847283917511,0.00860303368619,-0.999927096746,0.0,0.655331345257,0.252726766191,0.303492019502,1.0,-0.016,-0.0210285714286,0.801
0.460313985836,0.511966744605,-0.124087268846,-1.41207206589,0.0761388124378,1.91476796017,0.151824787708,-0.0100136600376,-0.0855580402888,-0.000401796753848,-0.131851197149,-0.00827365589209,0.0481225634314,-0.0124137516946,0.573914812016,0.818900464419,0.00213654488855,0.0,0.818858833135,-0.573854555091,-0.0119125102257,0.0,-0.00852925835445,0.00858646003718,-0.999926759546,0.0,0.655029531037,0.252352996245,0.303467806581,1.0,-0.01636,-0.0215017142857,0.819
0.460107252227,0.510506006752,-0.124085117504,-1.41438457088,0.0759899640157,1.91566136752,0.151490684776,-0.0183968786959,-0.0871168324645,-0.000347313161572,-0.136325426784,-0.0118013102579,0.0491688744424,-0.0200590875567,0.573889772055,0.818917935657,0.00216589269286,0.0,0.818876753444,-0.573829467243,-0.0118891586402,0.0,-0.00849355572755,0.00859683123423,-0.999926974336,0.0,0.6547547571,0.252000190485,0.30346728504,1.0,-0.0167,-0.0219485714286,0.836
0.459916964394,0.509109491112,-0.124086169784,-1.41661023254,0.0758560624062,1.91648066434,0.151184156642,-0.0102476522648,-0.0871043604855,6.27531890369e-05,-0.139792987974,-0.0100127078559,0.0476944447831,-0.0206511505774,0.573875100347,0.818928239243,0.00215756188755,0.0,0.818886882632,-0.573814764248,-0.0119011211526,0.0,-0.00850828713555,0.0085967217374,-0.999926850037,0.0,0.654479077341,0.251663235246,0.303456381127,1.0,-0.01702,-0.0223691428571,0.852
0.459690866106,0.507496405573,-0.124094041617,-1.41914231998,0.0756905442798,1.91737340923,0.150834583134,-0.0145694732345,-0.0914212182692,-0.00103680688968,-0.143165888142,-0.0133774695538,0.052630710229,-0.0145403124569,0.573865882718,0.8189347734,0.00212895967746,0.0,0.818893062869,-0.573805682398,-0.0119137456086,0.0,-0.0085351357276,0.00858044765134,-0.999926761006,0.0,0.654161799463,0.251265389838,0.303457164215,1.0,-0.01738,-0.0228422857143,0.87
0.459472337819,0.50592741503,-0.124109145815,-1.42158197747,0.075543981914,1.9182831027,0.150487257607,-0.0101977904006,-0.0959118902223,8.1903979274e-05,-0.146566254739,-0.00338435685012,0.0577204305649,-0.0221544457902,0.573857862065,0.818940312824,0.002159879555,0.0,0.818899016549,-0.573797549249,-0.0118962209455,0.0,-0.00850312501869,0.00859562865437,-0.999926903345,0.0,0.653866526808,0.250882856661,0.303472234751,1.0,-0.01772,-0.0232891428571,0.887
0.459259314202,0.50438334183,-0.124116031614,-1.42390477399,0.0753972718862,1.91919007864,0.150170093063,-0.0148553180004,-0.0969517863694,0.0019678159642,-0.146512305457,-0.00776645250057,0.0563315405307,-0.0193258640366,0.573857750083,0.81894011016,0.00226396597453,0.0,0.818900277519,-0.573797136299,-0.0118291485745,0.0,-0.00838846854786,0.00864237734375,-0.999927468824,0.0,0.653593874232,0.250522093041,0.303524372531,1.0,-0.01804,-0.0237097142857,0.903
0.459034570817,0.502727333759,-0.124119578696,-1.42637967104,0.075236351668,1.92013110143,0.149828571466,-0.0129776658113,-0.0916368344248,0.000518379069489,-0.148229606869,-0.014865616766,0.0534063307974,-0.0156945980723,0.573848201094,0.818946523369,0.00236238515467,0.0,0.818908071018,-0.573787316661,-0.0117657707851,0.0,-0.00828018985968,0.00868650991173,-0.999927988908,0.0,0.653296374081,0.250139197689,0.303584530468,1.0,-0.01838,-0.0241565714286,0.92
0.458798089715,0.501016393651,-0.12413116861,-1.42893578125,0.0750689862336,1.92102814599,0.149473029159,-0.0150992679444,-0.106453959014,-0.00236221141911,-0.156064904644,-0.00675592306152,0.0513876077185,-0.0189586157128,0.573843978847,0.818949366887,0.00240194050974,0.0,0.818911467701,-0.573782988551,-0.0117404011112,0.0,-0.00823676003618,0.00870430269988,-0.999928192871,0.0,0.652975953929,0.249731218691,0.303640146384,1.0,-0.01872,-0.0246034285714,0.937
0.458571868975,0.499415911645,-0.124125944984,-1.43138162168,0.074917560559,1.92190946785,0.149127848993,-0.0120197981096,-0.0996399245738,-0.000221280758593,-0.151301621876,-0.00682933734823,0.0573587594414,-0.0238117786452,0.573826374235,0.818961605111,0.00243484875188,0.0,0.818924046501,-0.57376517244,-0.0117337060486,0.0,-0.00821258144308,0.008727234217,-0.999928191866,0.0,0.652667765264,0.24935296235,0.303668735035,1.0,-0.01904,-0.025024,0.953
0.458297476338,0.497651825069,-0.124128755356,-1.43419667547,0.0747470084514,1.92294283235,0.148711192705,-0.0184139557391,-0.0966273610264,-0.00123012288666,-0.158598247951,-0.0100286794687,0.0551422063321,-0.0267919197303,0.573808892151,0.818973898247,0.00241995456303,0.0,0.818936062452,-0.573747658842,-0.0117514463194,0.0,-0.00823584310272,0.00872504043894,-0.999928019688,0.0,0.652318794525,0.248904258429,0.303648625378,1.0,-0.0194,-0.0254971428571,0.971
0.45803300227,0.495969739189,-0.124128763909,-1.43686640952,0.0745792529227,1.9238924201,0.148328473407,-0.016370837263,-0.102176329917,0.000956573605277,-0.158766420656,-0.0141060760357,0.0540646604796,-0.016389157796,0.573801575045,0.8189791229,0.0023865521167,0.0,0.818940769149,-0.573740379041,-0.0117788363068,0.0,-0.00827751907916,0.00871332740964,-0.999927777694,0.0,0.651981471905,0.248474802789,0.303632459539,1.0,-0.01974,-0.025944,0.988
0.45777944966,0.494405617561,-0.12412591263,-1.43944569173,0.0744140344909,1.92477539936,0.147960791355,-0.0227808914173,-0.0966656992561,-0.000256924813772,-0.158118366711,-0.00653006991852,0.0548430131211,-0.0209776820252,0.573791019637,0.818986843642,0.00227214131846,0.0,0.818946866763,-0.57373012403,-0.0118541596485,0.0,-0.00840496669573,0.00866274014982,-0.999927154081,0.0,0.651644915989,0.248059430473,0.303570815299,1.0,-0.0204188571429,-0.0268362122449,1.004
0.457499581109,0.492562826531,-0.124136880634,-1.44234900475,0.0742328428908,1.92585898711,0.147559221153,-0.0122025875114,-0.116814661076,-0.000479875655803,-0.172610383711,-0.00612819176954,0.0707086716318,-0.0226625924862,0.573796117393,0.818983231126,0.00228685354879,0.0,0.818943466913,-0.573735185516,-0.0118440619062,0.0,-0.00838820124341,0.00866904741554,-0.999927240201,0.0,0.651286367125,0.247595064437,0.30356601596,1.0,-0.0229057142857,-0.0301046530612,1.021
0.457232986737,0.490786577176,-0.124151546859,-1.44519739874,0.0740658373652,1.92688309266,0.147137549642,-0.020132803806,-0.11941912203,0.000834956316166,-0.203073265059,-0.0100478517378,0.0681720484939,-0.0261791658373,0.573777052714,0.818996696213,0.00224772596915,0.0,0.818956294937,-0.573716145532,-0.011879319839,0.0,-0.00843972951308,0.00865703713196,-0.999926910666,0.0,0.650922853372,0.247141264795,0.303535341425,1.0,-0.0251,-0.0329885714286,1.036
0.456885733967,0.488590210333,-0.124169136119,-1.44873779882,0.0738445588561,1.92814305603,0.146632347748,-0.0211174064526,-0.140404346729,-0.00183150597787,-0.221931778606,-0.0123474093969,0.0844126340187,-0.0306610379066,0.573776554861,0.818997251388,0.00217122382506,0.0,0.818955786783,-0.573715886671,-0.0119267588714,0.0,-0.00852248121586,0.00862159692427,-0.99992651499,0.0,0.650470648322,0.246564304426,0.303487138563,1.0,-0.0275868571429,-0.0362570122449,1.053
0.45643603579,0.485786822801,-0.124196594455,-1.453017119,0.0735770103866,1.9297932849,0.146008877183,-0.0257808828097,-0.154422742247,-0.00342329263844,-0.232712867484,-0.00539326515145,0.0934514665387,-0.0291964124148,0.573793822775,0.818984773527,0.00231010329394,0.0,0.818945291018,-0.573732779244,-0.0118344937633,0.0,-0.008367049303,0.00868257479787,-0.999927300048,0.0,0.649959325452,0.245854408412,0.303541467356,1.0,-0.0303662857143,-0.0399099755102,1.072
0.456022259052,0.483262576502,-0.12422325419,-1.45692673532,0.0733306674427,1.93116260616,0.145400947169,-0.0257190806112,-0.159982979365,0.00167638165822,-0.257728667797,-0.0223219163298,0.0868490708273,-0.0393314116377,0.573779195657,0.818995069723,0.00229288058229,0.0,0.818955315918,-0.573718172062,-0.0118489019301,0.0,-0.008388886518,0.00867658721168,-0.999927169056,0.0,0.649461790361,0.245193523176,0.303551990547,1.0,-0.0327068571429,-0.042986155102,1.088
0.455558223313,0.48036550095,-0.124284808221,-1.46146011909,0.0730543395552,1.93275506272,0.144724429383,-0.0258475182348,-0.176126812555,-0.00460806739856,-0.272820848567,-0.017981664945,0.103496409438,-0.0413321852429,0.573796310404,0.818983201273,0.00224879980504,0.0,0.818942867045,-0.573735450997,-0.0118726444541,0.0,-0.00843344256218,0.00865428476407,-0.999926987535,0.0,0.648884093553,0.244421245134,0.303543050372,1.0,-0.0351937142857,-0.0462545959184,1.105
0.455002650517,0.477058133232,-0.124305596849,-1.46651319583,0.0727476831096,1.93461605452,0.143998545394,-0.031517204772,-0.184207023165,-0.00114085333556,-0.290812650677,-0.00973959505102,0.104493640144,-0.0386874366434,0.573834302885,0.818956301683,0.0023485459428,0.0,0.81891718368,-0.573772964471,-0.0118312475041,0.0,-0.00834190313991,0.00871260803768,-0.99992724891,0.0,0.648253810045,0.243571050785,0.303590695481,1.0,-0.0378268571429,-0.0497152979592,1.123
0.454508544025,0.474129715589,-0.12433671286,-1.47099121885,0.0724665252569,1.93628254229,0.143346383069,-0.036007495982,-0.19639046117,-0.000195378021121,-0.301979306777,-0.0224891282793,0.104943503341,-0.0427370247977,0.573867174011,0.818932998185,0.00244089680281,0.0,0.818895164672,-0.573805569064,-0.0117739156243,0.0,-0.00824160652009,0.00875567084944,-0.999927704462,0.0,0.647698575941,0.242809140643,0.303630881696,1.0,-0.0400211428571,-0.0525992163265,1.138
0.453916317111,0.47064435244,-0.124347004039,-1.4763814615,0.0721379840308,1.93814724073,0.142534543826,-0.0336932420274,-0.207708045544,-0.00600590070859,-0.324449770085,-0.0205691090159,0.11639846461,-0.0477157729855,0.573863097248,0.818935927355,0.00241648613445,0.0,0.818897434911,-0.573801223255,-0.011827687383,0.0,-0.00829969523041,0.00876649639412,-0.999927129145,0.0,0.64698895424,0.241902196979,0.30363627374,1.0,-0.042508,-0.0558676571429,1.155
0.453299605776,0.466926297102,-0.124348937326,-1.48195655344,0.0717843189385,1.94028615288,0.141632161549,-0.0339007441752,-0.223479709989,0.000514675261261,-0.34284411061,-0.0233376743372,0.124760756217,-0.0505003641724,0.573799327468,0.818979875123,0.00265383533168,0.0,0.818944548501,-0.573736676342,-0.0116961361813,0.0,-0.00805645259807,0.00888475011124,-0.999928074807,0.0,0.646294539938,0.240980284043,0.303734549657,1.0,-0.0449948571429,-0.0591360979592,1.172
0.452685336744,0.463281333178,-0.124349344372,-1.48759971191,0.07140711512,1.94221117618,0.140779603587,-0.0392756014624,-0.227985732382,0.000120311816424,-0.363046218753,-0.0286007086558,0.119864092363,-0.0551091412459,0.573765839407,0.819003547943,0.00258783448817,0.0,0.818967183072,-0.573703231152,-0.0117517027898,0.0,-0.00814019399566,0.00886224776242,-0.999927596282,0.0,0.645532991593,0.240035309447,0.30372852238,1.0,-0.0473354285714,-0.062212277551,1.188
0.45193488062,0.459005681376,-0.124358902563,-1.49424092642,0.0709551120044,1.9445220392,0.139802737157,-0.0421856564245,-0.240185865249,-0.000254480757028,-0.37475992331,-0.029577573392,0.124294172541,-0.0543434661313,0.57377206958,0.818999369767,0.00252812019693,0.0,0.818962176423,-0.573709623629,-0.0117884793274,0.0,-0.00820450821522,0.00883450509124,-0.999927316141,0.0,0.64464727448,0.238902759306,0.303712083859,1.0,-0.0499685714286,-0.0656729795918,1.206
0.451178726635,0.454823881615,-0.124369227458,-1.50080348138,0.0705203725392,1.94686570474,0.138770448526,-0.0419409234778,-0.251529088707,0.000185867059025,-0.39485442605,-0.0277193347818,0.136318915322,-0.0608540381231,0.573736752079,0.819024236153,0.00248732959577,0.0,0.818986425405,-0.57367437026,-0.011819425102,0.0,-0.00825363728451,0.00881849752729,-0.999927053126,0.0,0.643778346733,0.237780185171,0.303667387021,1.0,-0.0524554285714,-0.0689414204082,1.223
0.450466960554,0.450878301244,-0.124413023869,-1.50671818912,0.0701061440399,1.94905841522,0.137809371322,-0.05009427067,-0.272060484663,-0.00233376468968,-0.399826998029,-0.0278493291421,0.155324449816,-0.0586935043216,0.57372041172,0.819035172252,0.00265003597458,0.0,0.818999902919,-0.573657901606,-0.0116840850801,0.0,-0.00804961753995,0.00887394815967,-0.999928225775,0.0,0.64302527205,0.236733671481,0.303751980593,1.0,-0.0546497142857,-0.0718253387755,1.238
0.449573691151,0.4459851619,-0.12446500884,-1.51420522369,0.0696085798446,1.95161428284,0.136710200912,-0.0538193723483,-0.280226728438,-0.00044547825797,-0.422874108694,-0.0285893207416,0.140849731096,-0.0596665578455,0.573790315098,0.818986338552,0.00260738663969,0.0,0.818950422862,-0.573727846026,-0.0117179558782,0.0,-0.0081010714302,0.00885914055272,-0.999927941539,0.0,0.642012208441,0.235406423319,0.303765599827,1.0,-0.0572828571429,-0.0752860408163,1.256
0.44869430413,0.441212392928,-0.124485162929,-1.52162603072,0.0690919676389,1.9541316928,0.135533365174,-0.0534664156006,-0.278624517491,0.000580967204052,-0.443547471625,-0.0381153209662,0.15413901656,-0.0728251850789,0.573748621204,0.819015941142,0.00248087149558,0.0,0.818978275255,-0.573686506663,-0.0117950682293,0.0,-0.00823726499774,0.00879935340696,-0.999927356784,0.0,0.640985888335,0.23410956092,0.30371878697,1.0,-0.0597697142857,-0.0785544816326,1.273
0.447806037165,0.436581709815,-0.124496243827,-1.5287631832,0.0686266318708,1.95665745404,0.134381052669,-0.0550226928002,-0.300629863519,0.000792865884204,-0.447191001076,-0.0231331477048,0.163390007501,-0.0749903152477,0.57372684165,0.819031145723,0.0024980806228,0.0,0.818993470943,-0.573664416399,-0.0118143476759,0.0,-0.00824341746173,0.00882428999317,-0.999927086329,0.0,0.640018175507,0.232853797662,0.303704924188,1.0,-0.0621102857143,-0.0816306612245,1.289
0.446794711711,0.431425359209,-0.124524991236,-1.53644124411,0.0680894383291,1.95950114372,0.133136273323,-0.0611161427403,-0.294728074955,-0.00375459636402,-0.46085677709,-0.0344853441047,0.167061910447,-0.0755573558384,0.573741946456,0.819019769404,0.00274647091285,0.0,0.818985703552,-0.573679045442,-0.0116411811433,0.0,-0.00795891791777,0.00892852624283,-0.999928465964,0.0,0.639015317614,0.231463912676,0.303813865741,1.0,-0.0645971428571,-0.0848991020408,1.306
0.445734247958,0.426182952689,-0.124598706512,-1.54463158465,0.0674826258504,1.96215710714,0.131818447265,-0.0616033792152,-0.31709329349,-0.00700918025825,-0.489086172555,-0.0390310471687,0.164534272616,-0.0845671054741,0.573765773227,0.819003987833,0.00246013982698,0.0,0.81896631385,-0.573704012896,-0.0117740930117,0.0,-0.00823179552627,0.00877051208612,-0.999927655213,0.0,0.637857610679,0.229937939515,0.303717227165,1.0,-0.067084,-0.0881675428571,1.323
0.444694233002,0.421025862772,-0.124674545553,-1.55250281567,0.066919853421,1.96476782904,0.130521563648,-0.0658088603203,-0.325795125465,-0.00552972571111,-0.494537654807,-0.0316462992359,0.170200369452,-0.0749492827769,0.573786308913,0.818989932779,0.00234704308313,0.0,0.818950857741,-0.573725047618,-0.0118240958156,0.0,-0.00833741855373,0.00870678487296,-0.999927337035,0.0,0.636753176369,0.228466080459,0.303703462647,1.0,-0.0694245714286,-0.091243722449,1.339
0.443529412278,0.415346746266,-0.124697138027,-1.56088954107,0.0663420992573,1.96786983534,0.129167882347,-0.0747801740962,-0.331186316496,-0.00172779645686,-0.497964181546,-0.0342062923989,0.191049415223,-0.0874342144521,0.5738376097,0.818953013856,0.00266565013974,0.0,0.818918320987,-0.573775443514,-0.011630600751,0.0,-0.00799558488655,0.00885719639955,-0.999928807813,0.0,0.635632793635,0.226924731397,0.303831711921,1.0,-0.0719114285714,-0.0945121632653,1.356
0.442247359531,0.409264192185,-0.124717407143,-1.57015862703,0.0657023700535,1.97101258595,0.127591943529,-0.0753917740174,-0.339581236516,-0.00426266558956,-0.524114431418,-0.0359543677597,0.171593644399,-0.0801473851906,0.573812922803,0.818970442276,0.00262511024754,0.0,0.818934914557,-0.573750560657,-0.0116896007697,0.0,-0.00806743435923,0.00885760895678,-0.999928227058,0.0,0.634314805331,0.225210655634,0.3038093226,1.0,-0.0745445714286,-0.0979728653061,1.374
0.441128061173,0.404070995561,-0.124778729788,-1.57820136809,0.0651208144736,1.9736318553,0.12628743456,-0.0780899418973,-0.344103955743,-0.00405906938287,-0.531690158949,-0.0402401648459,0.171199072145,-0.0964357358518,0.573880223134,0.818923977477,0.00239906429098,0.0,0.818885325213,-0.57381848406,-0.0118287109345,0.0,-0.00831034757223,0.00875299033479,-0.999927158989,0.0,0.633067861979,0.223581495702,0.303711114553,1.0,-0.0768851428571,-0.101049044898,1.39
0.439710302091,0.397533842786,-0.124815160864,-1.58782060683,0.0644433377898,1.97707320669,0.124613033983,-0.0788338041154,-0.369316205419,-8.87456823515e-05,-0.536791625342,-0.0360236343909,0.186199368861,-0.0922363687043,0.573875743144,0.818926189938,0.00269699177072,0.0,0.8188916461,-0.573813178225,-0.0116471174016,0.0,-0.00799071390386,0.00889271339726,-0.999928531516,0.0,0.631813688157,0.221861185022,0.303842889123,1.0,-0.079372,-0.104317485714,1.407
