position_joint1,position_joint2,position_joint3,position_joint4,position_joint5,position_joint6,position_joint7,velocity_joint1,velocity_joint2,velocity_joint3,velocity_joint4,velocity_joint5,velocity_joint6,velocity_joint7,ee_T_00,ee_T_10,ee_T_20,ee_T_30,ee_T_01,ee_T_11,ee_T_21,ee_T_31,ee_T_02,ee_T_12,ee_T_22,ee_T_32,ee_T_03,ee_T_13,ee_T_23,ee_T_33,v_x,v_y,time
0.465079881314,0.547851307273,-0.123911383042,-1.35586083398,0.0794967028035,1.89408914021,0.159160413136,-0.000323571338535,-0.000704836210164,0.00070360550409,0.000719150142947,-0.000214505826693,-7.89457920622e-05,0.000316224797899,0.573748464427,0.81901767909,0.00186756734035,0.0,0.818973035257,-0.573689837938,-0.0119951769144,0.0,-0.00875302607476,0.00841186358288,-0.999926309828,0.0,0.661647397326,0.260933656324,0.303147908888,1.0,0.0,0.0,0.0
0.46508287532,0.547851540483,-0.123913642628,-1.35586333962,0.0794949261215,1.89409298854,0.159156560699,0.000211550755661,-0.000203430764485,0.000121502465119,-0.000798703730251,-0.000380525099584,5.96820229565e-05,-0.00118319048364,0.573744129296,0.819020717439,0.001866923983,0.0,0.818976095373,-0.57368553509,-0.0119920363895,0.0,-0.00875086744445,0.00840948849946,-0.999926348699,0.0,0.66164742178,0.260934002753,0.303146956837,1.0,-0.00014,-0.000184,0.008
0.465081839134,0.547850568801,-0.123909343227,-1.35586655386,0.0794980250696,1.89409221008,0.159164380423,0.000237395101842,-0.000618470272311,0.00157362630324,-3.3577651873e-05,0.000370269668019,-0.000287047959216,0.000815018714787,0.573749367346,0.819017047444,0.00186718170674,0.0,0.818972373863,-0.573690718652,-0.0119982116882,0.0,-0.00875572367114,0.00841329858228,-0.999926274137,0.0,0.661645663555,0.260935885225,0.303145911365,1.0,-0.0003,-0.000394285714286,0.016
0.46507833966,0.547842382158,-0.123914310036,-1.35587001265,0.0794941188507,1.89409476416,0.159162752841,-0.000347405769503,-0.00154176518345,0.000530547280538,-0.00105561610069,-0.000885265326786,-0.00182188403197,0.00127681549113,0.573753528416,0.819014125469,0.00187024440358,0.0,0.818969554225,-0.573694926011,-0.0119894963877,0.0,-0.00874678557675,0.00841085101678,-0.999926372953,0.0,0.661647871482,0.260929934576,0.303150443543,1.0,-0.00064,-0.000841142857143,0.033
0.465086415697,0.54780359794,-0.123911834056,-1.35589969127,0.0794980120879,1.89409394707,0.159159701059,0.00185088136557,-0.00573142861963,0.000802378349215,-0.00253663625664,9.42940377687e-05,-5.92625242414e-05,-0.00053634521006,0.573745262448,0.819019888948,0.00188208066607,0.0,0.818975391137,-0.573686532354,-0.0119924229875,0.0,-0.00874247693229,0.00842213577622,-0.999926315648,0.0,0.661639038439,0.260934275477,0.303163647811,1.0,-0.00098,-0.001288,0.05
0.46507823983,0.54769248721,-0.123914341661,-1.35603853985,0.0794933572354,1.89412613908,0.159151749947,-0.00159968882279,-0.00521750882563,-0.0011804496249,-0.00883486812676,8.67408901241e-05,-0.0011059945046,-0.00161775823469,0.57375357014,0.819014054241,0.00188854668454,0.0,0.818969594496,-0.573694766678,-0.0119943685965,0.0,-0.00874027538012,0.00842863639362,-0.99992628012,0.0,0.661619536268,0.260913826452,0.303179145253,1.0,-0.00134,-0.00176114285714,0.068
0.465077572114,0.547558024244,-0.123909329415,-1.356221973,0.0794951112945,1.89415826503,0.159150818495,0.000507110524294,-0.00522459889178,0.00111484186501,-0.00772646211096,0.000148254219177,0.00367282245587,0.0045178616752,0.573760308665,0.819009343782,0.00188411763702,0.0,0.818964633371,-0.57370133756,-0.0120187965426,0.0,-0.00876275457114,0.00843909660268,-0.999925995152,0.0,0.661586362075,0.260898740719,0.303189719939,1.0,-0.00166,-0.00218171428571,0.084
0.465064802929,0.547406710226,-0.123912178144,-1.35642141769,0.0794876794928,1.89426633031,0.159146868346,-0.00334359777121,-0.010491165739,-0.000967698109109,-0.0148944692452,0.000150140088363,0.0071859885995,-0.000186870656259,0.573782896417,0.818993384581,0.00194182730613,0.0,0.81894946073,-0.573723707761,-0.0119847746644,0.0,-0.00870154633565,0.00846708016255,-0.999926293106,0.0,0.661571686252,0.260867002048,0.303214120483,1.0,-0.002,-0.00262857142857,0.101
0.465041399443,0.547201733244,-0.123911865576,-1.35665046354,0.0794861924557,1.89439626907,0.159125304399,-0.00210778866657,-0.0135685688594,-0.00122309126252,-0.0111031837333,0.000105798865892,0.00508315275816,-0.00101915985518,0.57379285632,0.818986186605,0.00203250742381,0.0,0.818943388813,-0.573733230369,-0.0119437511059,0.0,-0.00861581600317,0.00851791157589,-0.999926603755,0.0,0.661555524124,0.260841911987,0.303258888437,1.0,-0.00234,-0.00307542857143,0.118
0.465016244248,0.547009607242,-0.123912261634,-1.35692610909,0.0794813884422,1.89451957707,0.159107007246,0.000523983308872,-0.0115576475713,-1.51538988745e-05,-0.0206241852123,-0.000319331904765,0.00690529922011,-0.00606764415606,0.573813026347,0.818971955783,0.00207203690001,0.0,0.818929599308,-0.573753161215,-0.0119318177265,0.0,-0.00858315163025,0.00854364927946,-0.999926665094,0.0,0.661528890794,0.260802447604,0.303274486169,1.0,-0.00266,-0.003496,0.134
0.464977529425,0.546762307719,-0.123912437983,-1.35729879861,0.0794714844761,1.89465392835,0.159077485677,-0.00491706011718,-0.01470134161,-0.000122362004817,-0.0227888680819,-0.00267667888822,0.0118106359104,0.000596928669786,0.573838868045,0.818953812323,0.00208655332378,0.0,0.818911527895,-0.573778823209,-0.0119381078474,0.0,-0.00857970400877,0.00855941765948,-0.999926559827,0.0,0.661487403806,0.260743263585,0.303283903467,1.0,-0.003,-0.00394285714286,0.151
0.46493671253,0.546486913927,-0.123914952086,-1.35771407486,0.0794609149886,1.89481395098,0.158942889087,-0.00154104877908,-0.0205241583041,-0.000483320741296,-0.0259860244984,-0.000490003982637,0.0151922591212,-0.00336023146277,0.573784282317,0.818991992866,0.00211184487414,0.0,0.818949920092,-0.573724022396,-0.011938233064,0.0,-0.00856586607198,0.00857963086616,-0.999926505236,0.0,0.661443102641,0.260678288132,0.303295238342,1.0,-0.00334,-0.00438971428571,0.168
0.464891161449,0.546195118762,-0.123914806225,-1.35819963019,0.0794449763893,1.89498492901,0.158928994809,-0.00355946358922,-0.0201010304406,0.00302769026965,-0.0285223729132,-0.000217891377692,0.0111055140454,0.000976154393381,0.573833005008,0.818957889096,0.00209884545759,0.0,0.818915511853,-0.573772657533,-0.0119611377018,0.0,-0.00859157336188,0.00858263793529,-0.999926258878,0.0,0.661386170668,0.260603462034,0.303285574435,1.0,-0.00368,-0.00483657142857,0.185
0.464835324735,0.545872777889,-0.123914657522,-1.35875679945,0.0793965806077,1.89516809841,0.158873152972,-0.00264297255598,-0.0235083788221,-0.000412622637154,-0.0362866437124,-0.00744210355786,0.013794379943,-0.00426112067182,0.57385108678,0.818945352257,0.00204624523961,0.0,0.818902382515,-0.573791048972,-0.0119777681971,0.0,-0.00863518664702,0.00854929499944,-0.999926168828,0.0,0.661320478896,0.260509304048,0.303264432729,1.0,-0.00402,-0.00528342857143,0.202
0.464779397476,0.545517893096,-0.123915643042,-1.35937784854,0.0793094803392,1.89538381456,0.158749332732,0.000796091555559,-0.0227710800623,0.00380102481423,-0.0382647225865,-0.0016219840651,0.0109571117487,-0.00665727144385,0.57380768839,0.818975934967,0.00197524427064,0.0,0.818932463285,-0.573748371355,-0.0119655273939,0.0,-0.00866635265565,0.0084836666073,-0.999926458162,0.0,0.661249852472,0.260403220966,0.303238697478,1.0,-0.00436,-0.00573028571429,0.219
0.464711578994,0.545109621084,-0.123912965199,-1.36007510947,0.0792958216864,1.895601816,0.158703893292,-0.00227780542218,-0.0238218224748,0.00123757049801,-0.0387874971063,-7.2379096611e-05,0.00770517137313,-0.0024699404225,0.573859213992,0.818939937496,0.0019308525041,0.0,0.818895550284,-0.573799751699,-0.0120278666263,0.0,-0.00874234597302,0.00848363194826,-0.999925796935,0.0,0.66116163869,0.260295101784,0.303214666692,1.0,-0.0047,-0.00617714285714,0.236
0.464645306465,0.544668744933,-0.123913056186,-1.36079277148,0.0792738922714,1.89585339434,0.158580946951,-0.0059600088382,-0.0298175238401,0.00102345506579,-0.0440395898113,5.94940296883e-05,0.0131815136209,-0.0114316825661,0.573846999109,0.818948519333,0.00192124889707,0.0,0.818903778881,-0.573787359086,-0.0120587888858,0.0,-0.00877330788553,0.0084933813209,-0.999925442992,0.0,0.661076908071,0.260185360908,0.303206955069,1.0,-0.00504,-0.006624,0.253
0.464585550627,0.544236569396,-0.123918921152,-1.36152640398,0.0792374601127,1.89612039642,0.158527856496,-0.00299371827393,-0.0270638366302,0.000407082718516,-0.0455556317264,-0.00294695898013,0.0228773958248,-0.00374185628545,0.573887789648,0.818920001011,0.00189307654037,0.0,0.818874836272,-0.573828213358,-0.0120801894226,0.0,-0.00880657755917,0.00848302927292,-0.999925238408,0.0,0.660991695717,0.260073273852,0.303186948947,1.0,-0.00536,-0.00704457142857,0.269
0.464521000906,0.543741313684,-0.123922104311,-1.36230448229,0.0791994609634,1.89638343213,0.158408965628,-0.00508330726403,-0.0351475800178,-0.000221354612776,-0.0456559866866,-0.00441880663053,0.016666259779,-0.00978846063862,0.573878564077,0.818926493403,0.00188122191094,0.0,0.818881061958,-0.573818933636,-0.0120989532165,0.0,-0.00882884256316,0.00848399023804,-0.999925033914,0.0,0.660897752785,0.259954611317,0.303189938055,1.0,-0.00568,-0.00746514285714,0.285
0.464444594445,0.543203104696,-0.123925267874,-1.36315972128,0.0791494901447,1.89669532197,0.158289320519,-0.00157691968248,-0.0283653935603,0.000986511313185,-0.0481472566199,-0.00109709767464,0.0119290923176,-0.00681598171003,0.573879631267,0.818925756061,0.0018766402173,0.0,0.818880249684,-0.573820006516,-0.0121030451103,0.0,-0.00883481176337,0.00848259799111,-0.999924993003,0.0,0.660800551814,0.259820913733,0.303190754671,1.0,-0.00602,-0.007912,0.302
0.464366806168,0.542585137088,-0.123926016961,-1.36411531955,0.079096246558,1.89703246375,0.158171864948,-0.00462204453317,-0.0327772097042,-0.000546298240811,-0.0524434342587,-0.00626675017705,0.0161134903977,-0.00528327273162,0.573886474416,0.81892095542,0.00187887108413,0.0,0.818875409652,-0.57382677309,-0.0121097007974,0.0,-0.00883891139203,0.00848831825199,-0.99992490823,0.0,0.660687215344,0.259678030873,0.303202257005,1.0,-0.00638,-0.00838514285714,0.32
0.46429237682,0.542018530586,-0.123927513693,-1.36499599628,0.0790500927724,1.89736806098,0.158053713301,-0.00734349974228,-0.035958575959,-0.00388823096612,-0.0546731323798,-0.00251383038419,0.0272529540587,-0.00823051293377,0.573888386465,0.818919566606,0.00190005593743,0.0,0.818874247007,-0.573828542259,-0.0121044858868,0.0,-0.0088224638674,0.00850269445282,-0.999924931342,0.0,0.660588248784,0.259546201867,0.30321291718,1.0,-0.0067,-0.00880571428571,0.336
0.464208095133,0.541366735021,-0.123926359749,-1.36598244792,0.0789904076159,1.89772996523,0.157921860574,-0.0100576119719,-0.0390281471269,-0.0011382270322,-0.0585174999707,-0.000368228783162,0.0193012910666,-0.0040774229145,0.573887360889,0.818920229844,0.00192381530483,0.0,0.818875205666,-0.573827397505,-0.0120938959942,0.0,-0.00880016758808,0.00851606266896,-0.999925014052,0.0,0.66047492873,0.259397571411,0.3032355595,1.0,-0.00704,-0.00925257142857,0.353
0.464125730658,0.540680460635,-0.123929528907,-1.36704997695,0.0789174886442,1.8981193538,0.157784451363,-0.00431115871825,-0.0375066511366,0.000492873336855,-0.0623476712782,-0.00747144169383,0.0194563298371,-0.00481677511297,0.57388413559,0.8189224869,0.00192516713993,0.0,0.818877556758,-0.573824240601,-0.0120844874672,0.0,-0.00879172022532,0.00851173568536,-0.999925125202,0.0,0.660350325677,0.259238260483,0.30324639861,1.0,-0.00738,-0.00969942857143,0.37
0.464035918664,0.539989185009,-0.123929564025,-1.36808916716,0.0788606638166,1.89851177819,0.157664252459,-0.0106607809236,-0.0469488320098,-0.000319781701395,-0.0678084923639,-0.00342671029341,0.0229027340629,-0.0123241853427,0.573901623901,0.818910133814,0.00196614405986,0.0,0.818865692453,-0.573841502723,-0.012068735513,0.0,-0.00875512331527,0.00853643917927,-0.999925235716,0.0,0.660233136902,0.259082098359,0.30327433772,1.0,-0.0077,-0.01012,0.386
0.463927596754,0.539244632246,-0.12392747276,-1.36925407644,0.0788023677129,1.89894944586,0.157523690826,-0.0102318356401,-0.0477253353233,0.00190929282258,-0.0732509353595,-0.000357974816049,0.0220991675295,-0.00670093417899,0.573922625337,0.818895364644,0.00198715671819,0.0,0.818851076345,-0.573862291747,-0.0120719418923,0.0,-0.00874547132691,0.00855571072524,-0.999925155472,0.0,0.660101483931,0.258903562439,0.303283841597,1.0,-0.00804,-0.0105668571429,0.403
0.463803014582,0.538436715316,-0.123937431635,-1.37051739622,0.0787226178128,1.89944083205,0.157363319205,-0.00848094589044,-0.0473001089008,-0.00122673491446,-0.0658545300444,-0.000922991205148,0.0298588119516,-0.0110146780469,0.57394888016,0.818876902904,0.00201190333748,0.0,0.818833044367,-0.573888540998,-0.012047193242,0.0,-0.0087107277282,0.00856205085111,-0.999925404472,0.0,0.659967350969,0.258696645839,0.303296160828,1.0,-0.0084,-0.01104,0.421
0.463701524246,0.537693487728,-0.12393306197,-1.37169126587,0.0786577616818,1.89988575756,0.157218212733,-0.00611555727571,-0.0531510659039,0.00202611999163,-0.0796230227741,-0.0031373072394,0.0299377350863,-0.00860188543082,0.573957539117,0.818870795896,0.00202726924786,0.0,0.818827063599,-0.573897059737,-0.012047889615,0.0,-0.00870238864524,0.00857512509808,-0.999925365046,0.0,0.659832608309,0.25852232044,0.303300752698,1.0,-0.00872,-0.0114605714286,0.437
0.463595137384,0.536919312584,-0.123948348063,-1.37290405832,0.0785925198537,1.90034419519,0.157071821348,-0.00239329341783,-0.0484231570598,0.00165884714892,-0.0741523959736,-0.00322093207739,0.0313023557832,-0.00906211642864,0.573987388975,0.818849814568,0.00205070237905,0.0,0.818806400047,-0.573926817418,-0.0120347160805,0.0,-0.00867783901635,0.00858706882037,-0.999925475903,0.0,0.659689924169,0.258318464168,0.303315872545,1.0,-0.00906,-0.0119074285714,0.454
0.463467625338,0.536014825939,-0.123949808329,-1.37432568865,0.0785116400943,1.90087421753,0.156891752055,-0.00630862365759,-0.0533345172394,-0.00183874738301,-0.0839062916778,-0.000253239356383,0.0249860204532,-0.00587707168735,0.573999409509,0.818841374356,0.00205631379933,0.0,0.81879798032,-0.573938760298,-0.0120380128375,0.0,-0.00867719184647,0.00859368330124,-0.999925424694,0.0,0.659535303688,0.258111055797,0.303318148234,1.0,-0.0094,-0.0123542857143,0.471
0.463346912755,0.535111279155,-0.123956593636,-1.37572974147,0.078424651887,1.90138321999,0.156722351872,-0.00730759943041,-0.0567198556264,0.00181476079611,-0.0874867175775,-0.00509535714103,0.0339438720489,-0.00227394101243,0.574011116661,0.818833155048,0.00206132129725,0.0,0.818789836446,-0.573950454634,-0.0120343782583,0.0,-0.00867121857043,0.00859582132642,-0.999925458134,0.0,0.659379519048,0.257914021832,0.303328944026,1.0,-0.00972,-0.0127748571429,0.487
0.463237561777,0.534261871657,-0.123954062625,-1.37712286578,0.0783506975837,1.90188568125,0.156548819077,-0.00859289910854,-0.0530676209282,-2.62215796943e-05,-0.0894908428359,-0.00359180914226,0.0314003494149,-0.0157795225356,0.574020108253,0.818826928431,0.00203064008822,0.0,0.818783073859,-0.573959442603,-0.0120657826163,0.0,-0.00871445044585,0.00858882093832,-0.999925142452,0.0,0.659202423886,0.257690468655,0.303311435932,1.0,-0.01006,-0.0132217142857,0.504
0.463115714317,0.533338041767,-0.123954141586,-1.37861523242,0.0782699123362,1.90244270984,0.156366298504,-0.00644971012866,-0.058171371757,-0.00255923900839,-0.0900091673152,-0.0103620361473,0.0307617044262,-0.0117084986817,0.574030535094,0.818819634441,0.00202433590086,0.0,0.818775595718,-0.573969795081,-0.0120807736861,0.0,-0.00873023511528,0.00859237524637,-0.999924974227,0.0,0.659026424523,0.257469810181,0.303300978894,1.0,-0.01038,-0.0136422857143,0.521
0.46299040096,0.5324439521,-0.123954128858,-1.38006522788,0.0781876523294,1.9029923826,0.156185931677,-0.00689302216444,-0.0549896036608,0.000588302773495,-0.0908160121929,-0.00392273686678,0.0377337545258,-0.00944146943086,0.574042689349,0.818811124405,0.00201996457126,0.0,0.81876697504,-0.573981914086,-0.0120892426063,0.0,-0.00873955146413,0.00859378707665,-0.99992488071,0.0,0.658858618351,0.257250842346,0.303288889586,1.0,-0.01072,-0.0140891428571,0.537
0.462853028307,0.531399756536,-0.123948864989,-1.38174776921,0.0780879251022,1.90360642565,0.155973688016,-0.00450863008217,-0.0610843935607,0.00138788564488,-0.0925744328787,-0.00570087366171,0.0350483877149,-0.00474253270457,0.574042563513,0.818811260308,0.00200054211557,0.0,0.818766771046,-0.573981788445,-0.0121090076199,0.0,-0.00876688583871,0.00858922855331,-0.999924680596,0.0,0.658655836852,0.257002927512,0.303277123887,1.0,-0.01108,-0.0145622857143,0.555
0.462714072688,0.530371780446,-0.123957021754,-1.38340075777,0.0779816407903,1.90417694503,0.155748638711,-0.0110875464331,-0.0651889206267,-0.000276056959533,-0.100194840263,-0.00627383105471,0.0354758385255,-0.0177036937533,0.57403887684,0.818813968502,0.00194929793853,0.0,0.818768815755,-0.573978334268,-0.0121344566964,0.0,-0.0088171776174,0.00856183909966,-0.999924473293,0.0,0.658454178039,0.256745501986,0.303264397638,1.0,-0.01142,-0.0150091428571,0.572
0.462612121767,0.529586935884,-0.123957267753,-1.38463903442,0.0779079195707,1.90464008201,0.155590132846,-0.00754795028667,-0.0565164325532,-0.000315251671073,-0.100992686418,-0.00874306124613,0.0332910107287,-0.00666407693238,0.574040184616,0.818813032416,0.0019573690611,0.0,0.818767965006,-0.573979586489,-0.0121326285639,0.0,-0.00881103414103,0.00856741237287,-0.99992447971,0.0,0.658308124692,0.256561054631,0.303268030133,1.0,-0.01168,-0.0153508571429,0.585
0.462449595648,0.528284915816,-0.123962565763,-1.38664673568,0.0777872944923,1.9054112733,0.155308422925,-0.00757587467869,-0.0656118479902,-0.000870100703077,-0.102880943243,-0.00167471533479,0.0414462612516,-0.0110770120006,0.574022819106,0.818825075728,0.00201131934532,0.0,0.818780750483,-0.573962022177,-0.0121006875223,0.0,-0.00875409400156,0.00859306577083,-0.999924759699,0.0,0.658076056541,0.256262585243,0.303296289969,1.0,-0.01208,-0.0158765714286,0.605
0.462289614066,0.527078191578,-0.123961445819,-1.38849732967,0.077668272275,1.90612064922,0.155050823587,-0.00770748469283,-0.0671293413927,0.000741665954546,-0.103862820226,-0.00568411824029,0.0410090387647,-0.0252339537004,0.574010161781,0.818833820777,0.0020627714158,0.0,0.818790242294,-0.573949217376,-0.01206573244,0.0,-0.00869607118089,0.00861499600259,-0.999925077288,0.0,0.65786307685,0.255983034106,0.303326296329,1.0,-0.01244,-0.0163497142857,0.623
0.462150323232,0.52597083529,-0.123963242582,-1.39020883572,0.0775654390814,1.90675659008,0.154819904724,-0.00447433897524,-0.0714879797998,-6.98315954138e-05,-0.111990286719,-0.00523689192251,0.0377432224917,-0.0170656469193,0.574000992156,0.818840180302,0.00208974356272,0.0,0.818796937632,-0.573939917218,-0.0120537649403,0.0,-0.00867088675104,0.00863011482096,-0.99992516562,0.0,0.657659351585,0.255728275286,0.303346018416,1.0,-0.01276,-0.0167702857143,0.639
0.461975613939,0.524733298973,-0.123966847513,-1.39215813691,0.0774428397745,1.90744543744,0.154562782755,-0.0174757931999,-0.0721902482066,0.000682383615971,-0.107255873433,-0.00267439135575,0.0378091641226,-0.0146621034569,0.574007654132,0.818835566482,0.00206759848501,0.0,0.818792013345,-0.573946651965,-0.0120675798043,0.0,-0.00869483971962,0.00861998226219,-0.999925045025,0.0,0.657423746104,0.255423115812,0.303348475968,1.0,-0.01312,-0.0172434285714,0.657
0.461825545112,0.523608905683,-0.123967975747,-1.39396226099,0.0773229355884,1.90809912865,0.154311889636,-0.0115608558055,-0.0663763078218,-0.000403144788753,-0.118635892355,-0.0136821042838,0.0403236053055,-0.0156473102886,0.57399028385,0.818847814864,0.00203888182152,0.0,0.818803931113,-0.573929451513,-0.0120770021754,0.0,-0.00871922038789,0.00860169196646,-0.999924990232,0.0,0.65720464441,0.255149432385,0.303337037242,1.0,-0.01344,-0.017664,0.673
0.461684428037,0.522526879035,-0.123973950735,-1.39566601914,0.0772269098162,1.90876716908,0.154082214116,-0.0101373572816,-0.0713625294461,-0.000666344950382,-0.11217691088,-0.00680527044728,0.0416491190728,-0.0207134679358,0.573987660532,0.818849553545,0.00207872962978,0.0,0.818806183217,-0.573926650381,-0.0120574130265,0.0,-0.00868033606358,0.00862304898968,-0.999925144594,0.0,0.657007911365,0.254894972691,0.303344735121,1.0,-0.01374,-0.0180582857143,0.688
0.46151963533,0.521282667447,-0.123978851324,-1.39765613029,0.0771023475149,1.90954355974,0.153803437105,-0.00783802799964,-0.0712642330969,-0.000282746459874,-0.117669069776,-0.00845578554104,0.0358313285829,-0.0135098840746,0.573970813963,0.818861311457,0.00209862313544,0.0,0.818818281636,-0.573909801649,-0.012037779298,0.0,-0.00865301795297,0.00862789108516,-0.999925339601,0.0,0.656776361836,0.25459651018,0.303339163086,1.0,-0.01408,-0.0185051428571,0.705
0.46134782698,0.519989735208,-0.123979602366,-1.39969966437,0.0769742355293,1.91028827751,0.15353918121,-0.0105427379534,-0.077035265824,0.00087249791542,-0.122960363357,-0.00847715353369,0.0425299080136,-0.00970290230735,0.57397064771,0.818861449131,0.00209035791053,0.0,0.818818330566,-0.573909689571,-0.0120397943421,0.0,-0.00865941350321,0.00862227793698,-0.999925332653,0.0,0.656514055454,0.254265359212,0.303340332774,1.0,-0.01444,-0.0189782857143,0.723
0.461183161308,0.51871648398,-0.12398532298,-1.40166573855,0.0768422266958,1.91097909517,0.153274485297,-0.0139296177149,-0.0786329917379,-0.000638072242027,-0.127352494697,-0.0104968917087,0.0488854627832,-0.0175324380303,0.573956679528,0.818871225036,0.00209612362464,0.0,0.81882820254,-0.573895719429,-0.0120343195799,0.0,-0.00865176821465,0.00862370927945,-0.999925386489,0.0,0.656271613015,0.253970235256,0.303366500535,1.0,-0.01476,-0.0193988571429,0.739
0.46098431469,0.517207833251,-0.123986032622,-1.40404197835,0.0766846973064,1.91182906639,0.152948620975,-0.00961386290642,-0.0820230583564,0.000320201175825,-0.1230551364,-0.0100246791195,0.0440111178417,-0.0205559154769,0.573940023015,0.818882989258,0.00206077312807,0.0,0.818839543531,-0.573879253426,-0.0120478769181,0.0,-0.0086833337018,0.0086023669054,-0.999925296709,0.0,0.655990465108,0.253624251061,0.303358487541,1.0,-0.01512,-0.019872,0.757
0.460809186998,0.515939349125,-0.123989221937,-1.40606871656,0.0765668305084,1.91259607245,0.152664662501,-0.0107486563481,-0.0788626264829,0.000520853722607,-0.133913859127,-0.00818333224403,0.0478781456522,-0.0112702520934,0.573928617965,0.818890962645,0.00206873892306,0.0,0.818847571905,-0.573867767214,-0.0120493419092,0.0,-0.00868008172698,0.00860960975503,-0.999925262608,0.0,0.655747960515,0.253316630343,0.303350158705,1.0,-0.01544,-0.0202925714286,0.773
0.460606149857,0.514374833516,-0.123995373734,-1.40856340824,0.0764194969957,1.91350364673,0.152326629149,-0.00908437207114,-0.0869712231484,0.000379447521351,-0.135181954765,-0.0125803221114,0.0509780894931,-0.0105908202607,0.573914026429,0.818901236151,0.00205002416498,0.0,0.818857514486,-0.57385317207,-0.0120687520318,0.0,-0.008706870722,0.00860526944303,-0.999925067063,0.0,0.655438720071,0.252942208802,0.30333850985,1.0,-0.01582,-0.020792,0.792
0.460432157177,0.51314471776,-0.123998199127,-1.41056556177,0.0762868131567,1.91419916636,0.1520491059,-0.0149182545488,-0.0827486821141,-0.00193605950439,-0.137755811997,-0.00500539577035,0.0464758918376,-0.0173895976768,0.573900196513,0.818911103745,0.00197876395818,0.0,0.81886644293,-0.573839645503,-0.0121060643677,0.0,-0.00877846633775,0.00856818108749,-0.99992475957,0.0,0.655185594632,0.252630931775,0.303307977553,1.0,-0.01612,-0.0211862857143,0.807
0.460236126775,0.511720439342,-0.123995306311,-1.41285097519,0.0761603650471,1.91502983338,0.151718382463,-0.0124755886151,-0.0833799698383,0.00122206926709,-0.133938828216,-0.00385022813269,0.0510878582212,-0.0198665418949,0.573873406919,0.818929922056,0.00196022794176,0.0,0.818884810266,-0.573812737814,-0.0121390419245,0.0,-0.00881639063793,0.00857163926276,-0.99992439627,0.0,0.654900305799,0.252287654592,0.303289822581,1.0,-0.01646,-0.0216331428571,0.824
0.460054771597,0.510419005631,-0.123995653099,-1.4149002144,0.0760319430137,1.91581677915,0.151438298388,-0.0102986624201,-0.0878659290097,0.00206553501413,-0.139396465448,-0.0107529805085,0.05252088662,-0.0155837293775,0.573865242538,0.818935572056,0.00198975599623,0.0,0.818890885052,-0.573804481787,-0.0121194868634,0.0,-0.00878351710916,0.00858451059555,-0.999924575158,0.0,0.654655689675,0.251975267708,0.303293879578,1.0,-0.01676,-0.0220274285714,0.839
0.459847720449,0.508899848623,-0.124005220029,-1.41727021048,0.0758781051143,1.91667996454,0.151104755847,-0.00669386355306,-0.0977365317488,0.000542328767724,-0.135820306818,-0.011215915719,0.05646974876,-0.0249913326373,0.573848590917,0.81894723541,0.0019917876685,0.0,0.818902660154,-0.573787906647,-0.0121086035512,0.0,-0.00877361264534,0.00857975049279,-0.999924702966,0.0,0.654348123907,0.251582049172,0.303306989749,1.0,-0.01712,-0.0225005714286,0.857
0.459618317649,0.507290282445,-0.124015530179,-1.41979681327,0.0757179594424,1.91758546636,0.150753204218,-0.013664796234,-0.0945543879931,-0.00429601308194,-0.136436091983,-0.00881248716278,0.0527984638911,-0.0191366246015,0.5738448396,0.81894989499,0.00197900524347,0.0,0.818905138254,-0.573784197867,-0.0121167537255,0.0,-0.00878766144464,0.00857391923511,-0.999924629617,0.0,0.654051848718,0.251207595077,0.303306154701,1.0,-0.01746,-0.0229474285714,0.874
0.459416990148,0.505816033978,-0.124014673843,-1.42210258016,0.0755775938134,1.91844911148,0.150440561062,-0.0149389253498,-0.0877105464113,0.000942962936343,-0.140777244418,-0.00723357706405,0.0561791224093,-0.023492743892,0.573834378212,0.818957159384,0.00200608499792,0.0,0.818912719315,-0.573773582553,-0.012107064464,0.0,-0.00876429728564,0.00859042372177,-0.999924693021,0.0,0.65376848189,0.250858195067,0.303314195832,1.0,-0.01778,-0.023368,0.89
0.459198620172,0.5041667567,-0.124018384187,-1.42457566048,0.0754182876917,1.91940620027,0.150092634457,-0.0133923260654,-0.0964544990237,0.00199245152495,-0.144411865345,-0.010877567648,0.050583456012,-0.0181289190077,0.573815316619,0.818970244112,0.00211390035028,0.0,0.81892733879,-0.573754184521,-0.0120372932295,0.0,-0.00864549225551,0.00863848033157,-0.999925313272,0.0,0.653473622728,0.250480774378,0.303372491585,1.0,-0.01812,-0.0238148571429,0.907
0.458943664937,0.502271422243,-0.124028276322,-1.42736410384,0.0752439079234,1.92044635444,0.149710773008,-0.0111821972776,-0.10398813227,-0.00134367444224,-0.146885329032,-0.0103977672917,0.056960609427,-0.0205877310186,0.573814217249,0.818970687501,0.00223696161383,0.0,0.818929457764,-0.573752644287,-0.0119663394808,0.0,-0.00851678260484,0.00869853695778,-0.999925897189,0.0,0.653136222684,0.250045000429,0.303459161119,1.0,-0.0185,-0.0243142857143,0.926
0.458739267215,0.500771424126,-0.124033131072,-1.42964068121,0.0750972188823,1.92124153893,0.1493886826,-0.0133109959208,-0.100497437147,0.00011245162933,-0.152884874243,-0.0142493806509,0.0565481897064,-0.0175471068919,0.573793122907,0.818985399995,0.00226132713536,0.0,0.81894447526,-0.573731440462,-0.0119552318287,0.0,-0.008493929381,0.00871189890138,-0.999925975251,0.0,0.652827600206,0.249662093944,0.303499699955,1.0,-0.01882,-0.0247348571429,0.942
0.458512701616,0.499172408683,-0.124033856471,-1.43210711081,0.0749383787959,1.92214395918,0.149035642569,-0.0130587496194,-0.0987137893142,-0.000788876067249,-0.154646152047,-0.00934763026093,0.0572729917537,-0.0181804046285,0.57377698793,0.818996659975,0.00227727292707,0.0,0.818955946699,-0.573715246663,-0.0119465481685,0.0,-0.00847784007383,0.00871980851349,-0.999926042849,0.0,0.652538809783,0.249304615871,0.303511230763,1.0,-0.01912,-0.0251291428571,0.957
0.45821980476,0.497286905558,-0.124033962691,-1.43507225915,0.0747652096989,1.92323473599,0.148600105183,-0.0153149396881,-0.104503986435,-0.000214078858217,-0.156198140337,-0.01308898615,0.0601909280753,-0.0204397729416,0.57376405712,0.819005678844,0.00229165447718,0.0,0.818965003494,-0.573702105378,-0.0119567653428,0.0,-0.00847809494763,0.00873731523045,-0.999925887868,0.0,0.652172008539,0.248832723175,0.303509091439,1.0,-0.0195,-0.0256285714286,0.976
0.457984390015,0.495816182478,-0.124037078179,-1.43744974787,0.0746192897476,1.92405261762,0.148241723618,-0.0128672711304,-0.101374015932,-0.000404037042442,-0.15868020926,-0.00914322427395,0.049631937642,-0.0253881576397,0.573746033782,0.819018510083,0.00221715181786,0.0,0.818976712723,-0.573684236024,-0.0120120046779,0.0,-0.00856627405497,0.00870780340134,-0.999925393771,0.0,0.651865535921,0.248446934325,0.303473402129,1.0,-0.0198,-0.0260228571429,0.991
0.457706741774,0.49413373052,-0.124042701358,-1.44018810128,0.0744400549558,1.92502810444,0.147868334342,-0.0205487037543,-0.106983439833,-0.00565583241207,-0.159795019241,-0.0117601487974,0.053926961226,-0.0131221062584,0.573760836526,0.81900834235,0.00214115170407,0.0,0.81896553881,-0.573699341602,-0.0120523270905,0.0,-0.00864274550863,0.00866884963477,-0.999925074191,0.0,0.651520364324,0.247997592065,0.303426657563,1.0,-0.022096,-0.0290404571429,1.008
0.457422901234,0.492068541838,-0.12409609388,-1.44340821347,0.0742479053474,1.9262315191,0.147394153197,-0.0157131402401,-0.121998422666,-0.002311327726,-0.201681382278,-0.00780552881192,0.0762009619121,-0.0239748330849,0.57375320915,0.819013601021,0.00217330016362,0.0,0.818971359612,-0.573691723116,-0.0120193953856,0.0,-0.00859740950791,0.00867620430818,-0.999925401232,0.0,0.651125302345,0.247477520769,0.303437400646,1.0,-0.0272348571429,-0.0357943836735,1.025
0.457058395651,0.489639066038,-0.124097063855,-1.44734455234,0.0740249376396,1.92764784687,0.146829859913,-0.0260010685445,-0.15487169187,0.000149000754755,-0.246729933427,-0.0138039907551,0.0816684362254,-0.0363788118958,0.57372674151,0.819032316365,0.00210659137934,0.0,0.818988852407,-0.573665189814,-0.0120936565653,0.0,-0.00869678484658,0.00866389583725,-0.999924648582,0.0,0.650615717919,0.246865339638,0.30337661764,1.0,-0.0323737142857,-0.0425483102041,1.042
0.456632238828,0.486886263205,-0.124129193364,-1.45165134861,0.073763561221,1.92925853082,0.146197546988,-0.0257902795457,-0.176298643348,-0.00378719407521,-0.283213194173,-0.0200574520204,0.110499420846,-0.0473016537171,0.573724342109,0.819033886017,0.00214935547932,0.0,0.8189910196,-0.573662646397,-0.0120675119418,0.0,-0.00865086280381,0.00868389537707,-0.999924873445,0.0,0.650084450457,0.246162357544,0.303380333989,1.0,-0.0372102857143,-0.0489049469388,1.058
0.456108994684,0.483539723061,-0.124194687834,-1.45683794772,0.0734513907298,1.9311535908,0.145405517051,-0.0294326465215,-0.197760209469,-0.00472626610218,-0.321093746677,-0.0131955505836,0.109043546692,-0.0452367143334,0.573719855529,0.81903693189,0.00218597208194,0.0,0.818994639368,-0.573658101969,-0.0120378417051,0.0,-0.00860560202575,0.0086968156615,-0.999925151704,0.0,0.649399516994,0.245233668768,0.303402436186,1.0,-0.0426514285714,-0.0560561632653,1.076
0.455535022913,0.479984275187,-0.124259247671,-1.46243309985,0.0731180751848,1.93309289348,0.144567651042,-0.0370657046228,-0.228475259253,-0.00103238113928,-0.35933204156,-0.0214589559767,0.126841205024,-0.0538116977829,0.573736349863,0.819025595823,0.00210264933187,0.0,0.818982004982,-0.573674738913,-0.0121043937985,0.0,-0.0087077391874,0.00866692954613,-0.999924526957,0.0,0.648718770455,0.244343857335,0.303373571984,1.0,-0.0471857142857,-0.0620155102041,1.091
0.454807844031,0.475498620775,-0.124338197317,-1.46929840819,0.0726890036386,1.93561039048,0.143589524551,-0.0408290528468,-0.266365090081,-0.00141080972589,-0.396063117149,-0.0275942565608,0.150649546429,-0.0609020943981,0.573804388359,0.818977661938,0.00220455150575,0.0,0.818935612196,-0.573742546368,-0.0120291506854,0.0,-0.00858692603385,0.00870793284318,-0.999925215507,0.0,0.647863085643,0.243174306716,0.303432476529,1.0,-0.0526268571429,-0.0691667265306,1.109
0.454028373528,0.470874891732,-0.124375594515,-1.47644253465,0.0722701889922,1.93815393949,0.142524620504,-0.0485417826068,-0.278330201375,-0.00585215905085,-0.436986080161,-0.0218846467264,0.154924649696,-0.0610329558736,0.573827038811,0.818961702029,0.00223764178036,0.0,0.818919694401,-0.573764658883,-0.0120580777682,0.0,-0.0085913895303,0.00875186848301,-0.999924793584,0.0,0.646941439263,0.241968860214,0.303450513525,1.0,-0.0577657142857,-0.0759206530612,1.126
0.453235567919,0.466062732325,-0.124409349127,-1.48362590038,0.0718117376574,1.9408395236,0.141349116549,-0.0508743730634,-0.307939616806,-0.00091899719187,-0.468136905309,-0.030261899282,0.171629054909,-0.0799069160133,0.573754324925,0.81901189308,0.00249810422869,0.0,0.818973459488,-0.57369108469,-0.0119062547662,0.0,-0.00831838428564,0.00887731714399,-0.999925996123,0.0,0.646038852487,0.240759075235,0.303586420125,1.0,-0.0626022857143,-0.0822772897959,1.142
0.452306597843,0.460652559209,-0.12443177108,-1.49206256865,0.0712619767211,1.94373769758,0.140094777094,-0.0537619700875,-0.32312828674,-0.000617691881053,-0.505308518103,-0.0376551153095,0.176425064248,-0.0748467143826,0.573748482863,0.819016322865,0.00238499359507,0.0,0.818976105159,-0.573685366383,-0.0119994365499,0.0,-0.0084596613498,0.00883808144146,-0.999925158423,0.0,0.644905552114,0.239330155913,0.303550834202,1.0,-0.0677411428571,-0.0890312163265,1.159
0.451234271388,0.454511308986,-0.124490378591,-1.50157771236,0.0706204482319,1.94703760391,0.138631406574,-0.0581343512797,-0.341016402991,-0.00311116761039,-0.538450676525,-0.0375939473397,0.185332603721,-0.0801551134087,0.573733840444,0.819026823478,0.00229992495968,0.0,0.818985504207,-0.573671084376,-0.0120406706703,0.0,-0.00854239627361,0.00879191469951,-0.999924862028,0.0,0.643633799708,0.237684760149,0.303533088309,1.0,-0.0731822857143,-0.0961824326531,1.177
0.450264895397,0.448931146044,-0.124537143084,-1.50978690484,0.0700500946307,1.95018926868,0.137307698893,-0.0707905416107,-0.368678822261,-0.00135367945503,-0.557765771323,-0.0328880164532,0.21223485046,-0.0855470320109,0.573695306444,0.819052564793,0.00270894303347,0.0,0.819017315717,-0.573631766158,-0.0117465020813,0.0,-0.00806722219933,0.00895775682745,-0.999927336619,0.0,0.642602774656,0.236261659931,0.303728953384,1.0,-0.0777165714286,-0.102141779592,1.192
0.449006122303,0.442002126258,-0.124563889294,-1.5204366596,0.0693543023359,1.95384902954,0.135680362821,-0.0735708003882,-0.393118364826,5.23567824227e-05,-0.614367421682,-0.0391969687736,0.206563395089,-0.0976141022545,0.573698806441,0.819050277076,0.00265894905101,0.0,0.81901395417,-0.573634980122,-0.0118236777529,0.0,-0.00815907744104,0.00896111872008,-0.999926561207,0.0,0.641143557515,0.23441350994,0.303722994506,1.0,-0.0831577142857,-0.109292995918,1.21
0.447650313919,0.434618817594,-0.124594792683,-1.53173452936,0.0685880306482,1.95770217966,0.133853456356,-0.0787729598678,-0.420751067324,-0.00303426787608,-0.629400740846,-0.0378926628413,0.225276571223,-0.0989786059021,0.573620366549,0.819105409139,0.00259821118307,0.0,0.819067995772,-0.573556452148,-0.0118895501119,0.0,-0.00824873283443,0.00894837200346,-0.99992593978,0.0,0.639575105417,0.232436836348,0.303723720281,1.0,-0.0885988571428,-0.116444212245,1.228
0.446415372422,0.428191138611,-0.124620669461,-1.54152220506,0.0678860654875,1.96121377345,0.132266756013,-0.0856542189096,-0.423226002646,0.000231699308587,-0.672037815931,-0.05063792914,0.233874021855,-0.110808265931,0.573579015098,0.819134064868,0.00269148908797,0.0,0.819098203773,-0.573515126673,-0.0118016504631,0.0,-0.0081236806168,0.00897394570286,-0.999926734372,0.0,0.638249268605,0.23069558746,0.303749910738,1.0,-0.0931331428571,-0.122403559184,1.243
0.444898174981,0.420584796055,-0.124715053995,-1.55321473373,0.0670471370093,1.96511024957,0.130319194664,-0.0908267256671,-0.456562935914,-0.00749523986239,-0.701721879254,-0.0520796542024,0.237564517876,-0.114798512763,0.573556966435,0.81915013241,0.00249273492863,0.0,0.819111729877,-0.573493880281,-0.0118949635662,0.0,-0.00831435283061,0.00886443830632,-0.999926143908,0.0,0.63660400192,0.228536469427,0.303695301906,1.0,-0.098272,-0.129157485714,1.26
0.443278534265,0.412541928455,-0.124823900953,-1.56521684855,0.0662074086528,1.96942489329,0.128353041004,-0.0948391690753,-0.474437938973,-0.00268789377528,-0.731914771276,-0.0426003774696,0.257764945623,-0.126531801367,0.573618848054,0.819105960123,0.00275502251877,0.0,0.819071491291,-0.573555356981,-0.0117000655777,0.0,-0.00800358961822,0.00896811120578,-0.999927755158,0.0,0.634974663111,0.226305309904,0.303810124705,1.0,-0.103410857143,-0.135911412245,1.277
0.441619835359,0.404756098719,-0.124872350621,-1.57714893251,0.0654056261474,1.97335640894,0.126388533817,-0.106803544009,-0.495261987436,-0.00489103242188,-0.749808572934,-0.051178237142,0.243994657946,-0.12212819828,0.573665286986,0.819073998158,0.00258281840083,0.0,0.819036539949,-0.573601594235,-0.011878729766,0.0,-0.00824820873368,0.0089300094969,-0.999926108262,0.0,0.633247802001,0.224078365544,0.303735416955,1.0,-0.108247428571,-0.14226804898,1.293
0.439739183231,0.396053664848,-0.124997084285,-1.5900410188,0.0644831813618,1.97784389203,0.124170654017,-0.108804161631,-0.522116455636,-0.00511694847069,-0.767403657801,-0.0591505502022,0.275340007641,-0.133817781165,0.573734735888,0.819024648935,0.00279717226974,0.0,0.818990398466,-0.573670712045,-0.0117212739753,0.0,-0.00799551043338,0.00901593284494,-0.999927389748,0.0,0.631446321633,0.221590866503,0.303853925527,1.0,-0.113386285714,-0.14902197551,1.31
0.437631195267,0.386633625586,-0.125058047569,-1.60436639649,0.0634020498991,1.982600214,0.121711656758,-0.119571790857,-0.525841329496,0.00125998625662,-0.788232235895,-0.0568778265637,0.250426796567,-0.145938188959,0.573738094772,0.819022868367,0.00262423332754,0.0,0.818986396047,-0.573674723083,-0.0118043248967,0.0,-0.00816271286609,0.00892197404727,-0.999926881576,0.0,0.629345965214,0.218845636463,0.30377572915,1.0,-0.118827428571,-0.156173191837,1.328
0.435790637662,0.378367377295,-0.125124696591,-1.61652036582,0.0624875188696,1.98669864686,0.119525768469,-0.126496138256,-0.557502728069,-0.00458871523123,-0.797019871047,-0.0567276406629,0.274687207954,-0.152161994401,0.573701929317,0.819047627884,0.00279758066567,0.0,0.819013598031,-0.57363815122,-0.0116937849354,0.0,-0.0079731213187,0.00900017686653,-0.999927710464,0.0,0.627448916854,0.216335973191,0.303894408158,1.0,-0.123664,-0.162529828571,1.344
0.433395308451,0.368307822786,-0.125201997961,-1.6316934343,0.061343586089,1.99167501442,0.116844176467,-0.139215271093,-0.569634315484,-0.00552165207744,-0.875307769789,-0.0691015505817,0.267346689548,-0.135900570885,0.573751343559,0.819013616069,0.00261521679942,0.0,0.818977109084,-0.573688093721,-0.0117988482489,0.0,-0.00816325579739,0.00891157930476,-0.999926969838,0.0,0.625296333707,0.213494221028,0.303800683542,1.0,-0.128802857143,-0.169283755102,1.361
0.431016442578,0.358379404529,-0.125335061221,-1.64627542741,0.0601863787985,1.99650868438,0.114184173923,-0.138707780355,-0.590475463704,-0.00801201977495,-0.880306058718,-0.0683549431246,0.278551768487,-0.163064533813,0.573802204725,0.818977718808,0.00269682217554,0.0,0.818942921839,-0.573739370705,-0.0116778497001,0.0,-0.00801677999796,0.0089094908718,-0.999928173526,0.0,0.623120153822,0.210542000092,0.303877837997,1.0,-0.133941714286,-0.176037681633,1.378
0.428622753493,0.348885501406,-0.125397741063,-1.66053799892,0.0591563577961,2.00098541458,0.111515272915,-0.153350907195,-0.601274249043,-0.00973930500245,-0.887930223901,-0.0692951589175,0.288737026358,-0.172130702796,0.573817377192,0.818967811498,0.00246744092179,0.0,0.818928943935,-0.573754212016,-0.0119262684621,0.0,-0.00835168615583,0.00886432954275,-0.99992583375,0.0,0.620892521015,0.207663838811,0.303764443908,1.0,-0.138778285714,-0.182394318367,1.394
