position_joint1,position_joint2,position_joint3,position_joint4,position_joint5,position_joint6,position_joint7,velocity_joint1,velocity_joint2,velocity_joint3,velocity_joint4,velocity_joint5,velocity_joint6,velocity_joint7,ee_T_00,ee_T_10,ee_T_20,ee_T_30,ee_T_01,ee_T_11,ee_T_21,ee_T_31,ee_T_02,ee_T_12,ee_T_22,ee_T_32,ee_T_03,ee_T_13,ee_T_23,ee_T_33,v_x,v_y,time
0.465072676091,0.547749906161,-0.123998554104,-1.35582884758,0.0795246458945,1.89411489496,0.159161228402,0.000941958203281,-0.000533040688306,0.000841129207375,-0.000544583968722,-9.47693007897e-05,-0.000256095999289,0.00125735571865,0.573821605682,0.81896612887,0.00199787807614,0.0,0.818923454901,-0.573762686402,-0.0118954448147,0.0,-0.00859582399529,0.00846213538281,-0.999927249391,0.0,0.661682911032,0.260889884522,0.303240139178,1.0,0.0,0.0,0.0
0.465064169188,0.547749077043,-0.124003776956,-1.35583198529,0.0795246460396,1.89411537591,0.159158887311,-0.00125268414608,0.000754525667079,-0.000460224400008,-0.00134304218737,1.15391881781e-05,-0.00161534997772,0.00146805646401,0.573830477738,0.8189599191,0.0019951512132,0.0,0.81891723391,-0.573771592474,-0.0118941404577,0.0,-0.00859622872221,0.00845924688058,-0.999927270352,0.0,0.661685728137,0.260880903748,0.303239447829,1.0,-0.00032,-0.000420571428571,0.017
0.465068434663,0.547746361692,-0.124000925707,-1.35583301365,0.0795221198059,1.89411879031,0.159157361378,5.73272663367e-05,0.0014354504049,0.00053784987991,0.000197433624527,9.49879291875e-05,0.00010130363007,0.000545026947421,0.573823148482,0.818965045657,0.00199878942952,0.0,0.818922419496,-0.573764260661,-0.0118907920923,0.0,-0.00859147456204,0.00846022811765,-0.99992730291,0.0,0.661684620028,0.260885113315,0.303241079471,1.0,-0.00064,-0.000841142857143,0.033
0.465069053816,0.547708807667,-0.124000925781,-1.35586237516,0.0795216623015,1.89412203278,0.159157321833,0.00128133429774,0.000644849100925,4.27637609364e-05,-0.00153942875166,0.000367188970194,0.00201082532658,-0.00107397745608,0.573824046886,0.818964388624,0.00201004505874,0.0,0.818921888012,-0.573765092152,-0.0118872731891,0.0,-0.00858212496386,0.00846743612669,-0.999927322187,0.0,0.661679394622,0.260882679383,0.303253989025,1.0,-0.00098,-0.001288,0.05
0.465063738708,0.547595982277,-0.124000926072,-1.35599200841,0.0795211705302,1.89414670834,0.159160071499,-0.000756453437337,-0.00529809088094,-0.000476428627185,-0.00865850007398,1.58559098628e-05,0.000266528186312,0.000570940972588,0.573837570803,0.818954882452,0.00202231150313,0.0,0.818912446271,-0.573778470128,-0.0118919914999,0.0,-0.00857881086924,0.00848033084712,-0.999927241349,0.0,0.661658994586,0.260866853921,0.303274356183,1.0,-0.00132,-0.00173485714286,0.067
0.465059946586,0.547494324898,-0.124000526879,-1.35615343757,0.0795164387329,1.89418101144,0.159158255067,0.000358190043589,-0.006325258549,0.000460876490025,-0.0134901422026,-0.000258954274661,-0.00082435006899,0.00207151656646,0.573846527905,0.818948650747,0.00200418368888,0.0,0.81890589636,-0.573787419541,-0.0119112125221,0.0,-0.00860486170686,0.00847660899015,-0.999927049067,0.0,0.661632670335,0.260848306179,0.303272491308,1.0,-0.0016,-0.00210285714286,0.081
0.465037538475,0.547311611741,-0.124004119607,-1.35638447678,0.0795151086313,1.8943087471,0.159140701036,-0.00514693967973,-0.00562101293037,0.000932237459782,-0.0117611094136,0.000431570342997,0.00225797928481,-0.000227498271744,0.573871480807,0.818931008156,0.00206743740362,0.0,0.818889006553,-0.573812040244,-0.011886308008,0.0,-0.00854791029932,0.0085143788676,-0.999927216642,0.0,0.661614133746,0.260810360168,0.303295978318,1.0,-0.002,-0.00262857142857,0.101
0.465011648526,0.547107382175,-0.123998936803,-1.35663083414,0.0795127927267,1.89442165166,0.159137910604,-0.00156233736535,-0.0121318011911,-0.000423697498069,-0.0147403447968,-0.000176788805517,0.00162731753166,0.000791111620278,0.573894379017,0.818914761316,0.00214530478639,0.0,0.818873704304,-0.573834553451,-0.0118536309893,0.0,-0.00847622657182,0.0085596306724,-0.99992744052,0.0,0.661593863181,0.260781462014,0.303340192792,1.0,-0.00234,-0.00307542857143,0.118
0.464987788122,0.546901714556,-0.123998391155,-1.35690189468,0.0795080077166,1.8945472365,0.159111682147,-0.00211401672805,-0.017218644812,-4.1538690504e-05,-0.0180756827865,-0.000616147440485,0.00664609223983,-0.000177326892242,0.573906081262,0.81890640786,0.00220271582065,0.0,0.818866028697,-0.573845957274,-0.0118317905224,0.0,-0.00842527171915,0.00859423115503,-0.999927574371,0.0,0.661568537674,0.260744278859,0.303367726454,1.0,-0.00266,-0.003496,0.134
0.464955949003,0.546657933367,-0.123999206636,-1.35727360231,0.0795062926137,1.89467752634,0.159074047777,-0.00330736132917,-0.0188902390309,-0.000700098056709,-0.0247654692862,0.000436254197609,0.00553461494998,-0.00253153879904,0.573922202138,0.818895073629,0.00221611824249,0.0,0.818854677934,-0.573861828576,-0.0118475748612,0.0,-0.00843033733139,0.00861443089852,-0.999927357858,0.0,0.66152426503,0.260690389812,0.303374795493,1.0,-0.003,-0.00394285714286,0.151
0.464915175805,0.546374791648,-0.124002054066,-1.3576799764,0.0794903161005,1.89483791541,0.158930450042,-0.00322520940974,-0.0174241203182,0.000537538257066,-0.0250799867162,-0.00524946449788,0.00949384179317,-0.00913034232478,0.573858522304,0.818939599576,0.00225289284101,0.0,0.818899626753,-0.573797955551,-0.0118344585571,0.0,-0.00839916315564,0.00863636428325,-0.999927431002,0.0,0.661482652017,0.260625555344,0.303395879258,1.0,-0.00334,-0.00438971428571,0.168
0.464878503172,0.546103110893,-0.124002290279,-1.35814554285,0.0794786783217,1.89498883206,0.158922153013,-0.000271876587178,-0.0223093920568,-0.00391201872277,-0.0304909088374,0.000150752837534,0.00799411287674,0.000153745959047,0.573904792275,0.818907252,0.00222461847998,0.0,0.818866734389,-0.573844149614,-0.0118705588,0.0,-0.00844446496884,0.00863440289127,-0.999927066389,0.0,0.661423309293,0.260557817179,0.30337975417,1.0,-0.00366,-0.00481028571429,0.184
0.464820389904,0.545769555401,-0.124006255393,-1.35869690061,0.079447096416,1.89517291676,0.158861199346,-0.00225632549109,-0.024431941888,-0.00150966206039,-0.0315576211331,-0.0022884556352,0.012872974386,-0.00602415538834,0.573927590359,0.818891352145,0.00219574776872,0.0,0.818850430298,-0.573867030885,-0.0118890943784,0.0,-0.00847597250746,0.00862163428659,-0.999926909985,0.0,0.661360032133,0.260463392422,0.303369553569,1.0,-0.004,-0.00525714285714,0.201
0.464756029467,0.545408193465,-0.123998487244,-1.35932034585,0.0793392000333,1.89538526476,0.158758267571,-0.0062413539851,-0.0231323912182,0.000167271490607,-0.0373063741745,-0.0050400611479,0.0105944756496,-0.00560469464951,0.573897859662,0.818912399746,0.00211544752886,0.0,0.818871008965,-0.57383820806,-0.0118629064019,0.0,-0.00850092019941,0.00854053967766,-0.999927394133,0.0,0.661285103732,0.260347823145,0.30334721703,1.0,-0.00436,-0.00573028571429,0.219
0.464692490474,0.545008678275,-0.124002028521,-1.36001437585,0.0793250011211,1.89559988605,0.158702892258,-0.00416382404996,-0.0261693884522,0.000559614134164,-0.0427905436685,-0.000163995231647,0.00781595658829,0.00103299652943,0.573940621628,0.818882565854,0.00206230127822,0.0,0.818840163398,-0.573880861158,-0.0119285751003,0.0,-0.00858475223473,0.00853515325201,-0.999926723909,0.0,0.661201681866,0.260244056761,0.303317832365,1.0,-0.00468,-0.00615085714286,0.235
0.464623561068,0.544602532556,-0.124002029492,-1.3606833332,0.0793080371689,1.89583350132,0.158593494856,-0.00321437931812,-0.0271490374123,0.00025000097947,-0.0397312880436,-0.000129902107864,0.0123565251309,-0.00568662886067,0.573940253125,0.81888285432,0.00205027940718,0.0,0.81884005355,-0.573880302608,-0.0119629378488,0.0,-0.00861979568282,0.00854502699487,-0.999926338105,0.0,0.66112405002,0.260137514982,0.303307154616,1.0,-0.005,-0.00657142857143,0.251
0.464555308834,0.544104944946,-0.124007700372,-1.36150724564,0.0792701665952,1.8961355649,0.158495404353,-0.00343620039146,-0.031307465925,-0.000216794293751,-0.0461831247786,-0.00415457015634,0.0133078826273,-0.00171328267948,0.573955695842,0.81887207225,0.00203356832346,0.0,0.81882896031,-0.573895720996,-0.0119825740389,0.0,-0.00864530552384,0.00854277573139,-0.99992613711,0.0,0.661029038848,0.260012209731,0.303293489601,1.0,-0.00536,-0.00704457142857,0.269
0.464481902337,0.543629160666,-0.124008440835,-1.36229117226,0.0792322726409,1.89639809587,0.158417775128,-0.00370308227744,-0.02601503178,8.51869960959e-05,-0.0483726710799,-0.00090090720952,0.00743671255839,-0.00611245132698,0.573986204031,0.81885077173,0.00199953004859,0.0,0.818807086147,-0.573926241663,-0.0120154778452,0.0,-0.00869146787805,0.00853411219883,-0.999925810906,0.0,0.660934862033,0.259888131437,0.30327977948,1.0,-0.00568,-0.00746514285714,0.285
0.464405929742,0.543085948046,-0.124014084694,-1.36313920871,0.0791838464945,1.89670037865,0.158295719754,-0.00957936862325,-0.0335163698696,0.000644951235048,-0.0527713429042,-0.00574564713439,0.0194621815944,-0.00326110649792,0.573986654351,0.818850460334,0.00199778346203,0.0,0.818806730661,-0.573926678461,-0.0120188383896,0.0,-0.00869521753126,0.00853461569936,-0.999925774009,0.0,0.660837900112,0.259753797562,0.303286794291,1.0,-0.00602,-0.007912,0.302
0.464327849912,0.542509416585,-0.124016494743,-1.3640423102,0.0791410474745,1.89701799047,0.158173496109,-0.00527620405169,-0.0299426823583,9.49301488134e-05,-0.050486148888,-0.00553095337474,0.0128374362297,-0.0017119059965,0.57399091305,0.818847478562,0.00199636901201,0.0,0.818803602747,-0.573930817387,-0.0120342794738,0.0,-0.00870862937268,0.00854236566953,-0.999925591113,0.0,0.660731543201,0.259615803077,0.303292335598,1.0,-0.00636,-0.00835885714286,0.319
0.464268862688,0.542055001377,-0.124017315145,-1.36475742884,0.0791003557996,1.89728303052,0.158060191355,-0.00494350923567,-0.0340812154997,-0.00104921871194,-0.05354439744,-0.000188904010014,0.0206534499102,-0.0070787346417,0.573982237726,0.818853551894,0.00199955655943,0.0,0.818809710135,-0.573922122093,-0.0120334226822,0.0,-0.00870618878201,0.00854439171147,-0.999925595056,0.0,0.660644491067,0.259495700373,0.303296236962,1.0,-0.00664,-0.00872685714286,0.333
0.464171521623,0.541305220041,-0.124016965972,-1.36589910403,0.0790208651854,1.89770817461,0.157922962438,-0.00316827651299,-0.036606426409,0.000410103467033,-0.0620922129221,-0.00205283241372,0.0204946097582,-0.00472100010182,0.573985150948,0.818851451076,0.0020234780569,0.0,0.818807994382,-0.573925004663,-0.0120126707931,0.0,-0.00867543528603,0.00855209932235,-0.999925796457,0.0,0.660520018572,0.259335051688,0.303319829106,1.0,-0.00702,-0.00922628571429,0.352
0.464074495057,0.540562526533,-0.124018265852,-1.36703190697,0.0789534319991,1.89811868062,0.157781450011,-0.0122224055628,-0.0443337239934,0.00158222212402,-0.0652856101121,-0.00944417061234,0.0254608698297,-0.00997289366035,0.573994343648,0.81884496273,0.00204141436191,0.0,0.818801718015,-0.573934098488,-0.0120060014337,0.0,-0.0086595832089,0.00856305536485,-0.999925840101,0.0,0.660389108593,0.25916244832,0.303341243814,1.0,-0.00738,-0.00969942857143,0.37
0.464001549234,0.5399221596,-0.12402566003,-1.36801426235,0.0789004463427,1.89847825528,0.15765342514,-0.00712296862341,-0.0422178732241,-0.000452722019472,-0.0633105747433,-0.00380174322727,0.0302816846138,-0.0177474947545,0.573994633883,0.818844717256,0.00205820240824,0.0,0.818801657442,-0.573934284072,-0.0120012598294,0.0,-0.00864606174953,0.00857408336279,-0.999925862607,0.0,0.660274250367,0.259017616507,0.303357635583,1.0,-0.00768,-0.0100937142857,0.385
0.463890835287,0.53912471853,-0.124029985968,-1.36924402457,0.078827908055,1.89894810171,0.157513163492,-0.00450250118712,-0.0451939058933,4.12021894549e-06,-0.0736839936101,-0.00496420133169,0.021736506941,-0.0168203100347,0.574022188153,0.818825323481,0.00208902743583,0.0,0.818782685274,-0.573961725063,-0.0119832949829,0.0,-0.00861336943403,0.00858930207157,-0.999926014142,0.0,0.660138292125,0.258826648027,0.303376596736,1.0,-0.00804,-0.0105668571429,0.403
0.463797431923,0.538499054539,-0.124029393401,-1.37022859762,0.0787747856849,1.89932558179,0.157380976858,-0.00741658748177,-0.0449526507047,-0.00346098574209,-0.0745745113091,-0.000157111327737,0.0206591647998,-0.00949835248529,0.57403030299,0.818819587341,0.00210749542238,0.0,0.818777138267,-0.573969710275,-0.0119798347202,0.0,-0.00859985035879,0.00860252285029,-0.99992601685,0.0,0.660029200187,0.258673693105,0.303382639266,1.0,-0.00832,-0.0109348571429,0.417
0.463680620679,0.537623231484,-0.124038209508,-1.37159646595,0.0786949451879,1.8998618029,0.157213031849,-0.00329289755087,-0.0526281127309,9.07912185404e-05,-0.0749953767839,-0.00657703284327,0.025752475686,-0.010739965249,0.574048932841,0.818806435459,0.0021426285171,0.0,0.818764494197,-0.573988242369,-0.011956068115,0.0,-0.00856002674584,0.00861784221663,-0.999926226648,0.0,0.659879073997,0.258464074385,0.303396867479,1.0,-0.0087,-0.0114342857143,0.436
0.46356522852,0.536784366561,-0.12403646092,-1.37290471542,0.0786169893137,1.90033450351,0.157053647061,-0.00229589475813,-0.0559152747148,0.00150023352983,-0.0750122886416,-0.00107025200293,0.0308672207961,-0.0113734222675,0.574062784842,0.818796713991,0.00214641984843,0.0,0.818754774774,-0.574002029317,-0.0119597669741,0.0,-0.00856073337038,0.0086232146584,-0.999926174281,0.0,0.659725905601,0.258264135259,0.30340734778,1.0,-0.00904,-0.0118811428571,0.453
0.463449488939,0.535873922578,-0.124051396468,-1.37432535433,0.078543027783,1.90086320345,0.156879120474,-0.0107981222895,-0.0490178988089,-0.000343679728047,-0.0851681381502,-0.00137012889703,0.0253870637366,-0.0105884147675,0.574083506034,0.818782138498,0.00216441161823,0.0,0.81874039134,-0.574022631119,-0.0119556452394,0.0,-0.00854681207692,0.00863579621709,-0.999926184789,0.0,0.659563087078,0.258046334554,0.303420114589,1.0,-0.0094,-0.0123542857143,0.471
0.463331259751,0.535033218859,-0.124048563309,-1.37564373599,0.078465671636,1.90133489692,0.156717555716,-0.00615703165595,-0.0528680781706,-0.000436817504775,-0.0812000976457,-0.00895915387648,0.0249488438716,-0.0121475804272,0.574097579294,0.81877227906,0.00216134053637,0.0,0.818730419242,-0.574036641872,-0.0119658387574,0.0,-0.00855677315118,0.00863928064122,-0.999926069499,0.0,0.659407233468,0.257844041062,0.303426621472,1.0,-0.00972,-0.0127748571429,0.487
0.463207433532,0.534134780876,-0.124054435144,-1.37712643402,0.0783793389003,1.90187135409,0.156534003025,-0.0044667230387,-0.0521493312121,-0.0032640092504,-0.0896789233855,0.000198980456117,0.0278360925248,-0.00797281620429,0.57411094885,0.818763013803,0.00211956110838,0.0,0.818720564058,-0.574050137485,-0.0119926871013,0.0,-0.0086025999157,0.00862062721099,-0.999925837281,0.0,0.65923121602,0.257617211441,0.303401404618,1.0,-0.01006,-0.0132217142857,0.504
0.463069866409,0.533216937805,-0.12405247843,-1.37859912921,0.0783019159364,1.90243003915,0.156342335513,-0.0104626137814,-0.0489525630005,0.000480430217732,-0.0872579566859,-0.00228300348968,0.0322649067229,-0.0158521944527,0.574125257287,0.818752958781,0.00212798843527,0.0,0.818710503207,-0.574064292865,-0.012001937194,0.0,-0.00860518508886,0.00863298797388,-0.999925708394,0.0,0.659063356558,0.257390273837,0.303396133997,1.0,-0.0104,-0.0136685714286,0.521
0.462935444705,0.53226370584,-0.124061011933,-1.38014579095,0.0782055048644,1.90300911169,0.156157336401,-0.00946387189975,-0.0545650813721,-0.00206352889831,-0.092993628421,-0.012224652614,0.03380377931,-0.0145494139997,0.574148560961,0.818736663479,0.00211014758012,0.0,0.818694028647,-0.574087721836,-0.0120050821173,0.0,-0.00861775697899,0.00862043181527,-0.99992570845,0.0,0.658885501891,0.257149346317,0.303382503785,1.0,-0.01074,-0.0141154285714,0.538
0.46281326583,0.531265291511,-0.124055292814,-1.38174440521,0.0781117177432,1.90358211454,0.155954621286,-0.00815152958443,-0.0622696469538,-0.000888572392083,-0.0939597482908,-0.0114428854553,0.0379143060808,-0.0114251101094,0.574140469976,0.818742390082,0.00208957407583,0.0,0.818699378518,-0.57407961041,-0.0120281098606,0.0,-0.00864850805464,0.00861672354417,-0.999925474915,0.0,0.65868853373,0.256919239853,0.303374793742,1.0,-0.01108,-0.0145622857143,0.555
0.462670737366,0.530244051131,-0.124063202567,-1.38337989084,0.0780131125945,1.90415864037,0.155737159682,-0.00934279194492,-0.0629428491823,-0.00149059809696,-0.0989836186485,-0.00818706345049,0.0356207058157,-0.0160312340951,0.574147028562,0.81873787614,0.00205588626986,0.0,0.818694390712,-0.574086277522,-0.0120493766938,0.0,-0.00868519220429,0.00860142198587,-0.999925288697,0.0,0.658492410878,0.256663223784,0.303366135279,1.0,-0.01142,-0.0150091428571,0.572
0.462547164004,0.529256442405,-0.124061923063,-1.38492380133,0.0779217790664,1.90474122409,0.155531890842,-0.00804365760917,-0.0707476661438,-0.00050632969707,-0.0986083709385,-0.00654874903914,0.0373228869003,-0.00909236302527,0.574138603334,0.818743726275,0.00207888128899,0.0,0.818700511174,-0.574077725691,-0.0120409621705,0.0,-0.00866518962479,0.00861532824909,-0.999925342517,0.0,0.65831021902,0.25643705601,0.303377366761,1.0,-0.01174,-0.0154297142857,0.588
0.462413001327,0.528171651878,-0.124060265176,-1.38662897015,0.0778086604415,1.90539278472,0.155285234172,-0.00962008121635,-0.0647904434726,0.000711970672821,-0.104629177999,-0.00112649787772,0.0373573777248,-0.0173658427279,0.574107412817,0.818765545812,0.00209915253355,0.0,0.818722680054,-0.574046537725,-0.0120205071757,0.0,-0.00863713216615,0.00861985202235,-0.999925546278,0.0,0.658110007931,0.256187459463,0.303385992315,1.0,-0.01208,-0.0158765714286,0.605
0.462271940332,0.527036619274,-0.124062376074,-1.38838958777,0.0776998848741,1.90606988051,0.155043709181,-0.00572523353179,-0.0689331560359,-0.00235479615923,-0.108027371793,-0.00790079230984,0.0395143691862,-0.0168755744774,0.574092723041,0.818775739797,0.00214013374897,0.0,0.81873345297,-0.574031722438,-0.0119942287979,0.0,-0.00859224432243,0.00863816487689,-0.999925774968,0.0,0.657905105302,0.255927662179,0.303405659584,1.0,-0.01242,-0.0163234285714,0.622
0.462129712155,0.525927134979,-0.124070890499,-1.39009575725,0.0775953930542,1.90669591498,0.154819387136,-0.00862847159834,-0.0674643169561,-0.00125442676829,-0.110415265072,-0.004444615986,0.0344817964107,-0.0207232195448,0.574095371687,0.818773823145,0.00216278555772,0.0,0.818731855189,-0.574034300389,-0.0119799072165,0.0,-0.00856748628872,0.00864851722904,-0.999925897919,0.0,0.657703096728,0.255666774889,0.30342874882,1.0,-0.01274,-0.016744,0.638
0.461964621595,0.524696681886,-0.124070587312,-1.39203544323,0.0774704580619,1.9073895218,0.154555202926,-0.00906421562585,-0.0660184129811,0.00069823312517,-0.104163275026,-0.00517954516528,0.0351768750375,-0.0139660024801,0.574084590306,0.818781426941,0.00214591951095,0.0,0.81873923578,-0.574023586994,-0.0119888393831,0.0,-0.00858459588242,0.00863972278735,-0.999925827201,0.0,0.657467316365,0.255371189842,0.303431061542,1.0,-0.0131,-0.0172171428571,0.656
0.461819396772,0.52355173789,-0.124074126086,-1.39383188557,0.0773621919617,1.90803557167,0.154309442414,-0.00764280632402,-0.0763850262883,-0.000410672793944,-0.111126952897,-0.0058595985846,0.0362354591522,-0.0161078411129,0.57407195553,0.818790297893,0.00214122641007,0.0,0.818747999496,-0.574010927044,-0.011996493531,0.0,-0.00859369061045,0.00864014169007,-0.99992574546,0.0,0.657247741699,0.255101805581,0.303437117744,1.0,-0.01342,-0.0176377142857,0.672
0.461663216768,0.522412234006,-0.124074787735,-1.39565942642,0.077253168445,1.90874914901,0.154061532305,-0.0113953005837,-0.0699975900854,0.000945329008888,-0.110169296351,-0.0082483855028,0.0391998375231,-0.00980210788867,0.574066164972,0.818794305612,0.00216107229559,0.0,0.818752274148,-0.574005062918,-0.0119853336444,0.0,-0.00857322156095,0.00864992391558,-0.999925836594,0.0,0.657035811051,0.254827583325,0.303430051082,1.0,-0.01374,-0.0180582857143,0.688
0.461496627512,0.52116020011,-0.124080818316,-1.39764885386,0.0771280930857,1.90952637731,0.153799730219,-0.00538955085167,-0.0732490013883,-2.81299094071e-05,-0.116947530761,-0.0109871847578,0.0460555445522,-0.0111240774625,0.574065368509,0.818794791553,0.00218835691252,0.0,0.818753210264,-0.574004249654,-0.0119603077764,0.0,-0.00853707591031,0.00865788942967,-0.99992607691,0.0,0.656805526396,0.254527424826,0.303430356273,1.0,-0.01408,-0.0185051428571,0.705
0.461312621681,0.519796055965,-0.124088005721,-1.39982327692,0.0769892531081,1.91030800174,0.153499144668,-0.00854310185965,-0.0730042858957,-0.000758838047456,-0.121500177339,-0.00572960617782,0.0427566944617,-0.0266158542178,0.574053297044,0.818803334055,0.00215851663132,0.0,0.818761382527,-0.573992321457,-0.0119733158654,0.0,-0.00856498388067,0.0086407978725,-0.999925986093,0.0,0.656540095309,0.254192850695,0.303421379798,1.0,-0.01444,-0.0189782857143,0.723
0.461160747266,0.518597882733,-0.124096048929,-1.40164672243,0.0768690388267,1.91095858581,0.153261144986,-0.0129970629571,-0.0744473318606,0.000479063631529,-0.122001346538,-0.00968679861199,0.043971564235,-0.0172394937292,0.574052679049,0.818803725026,0.00217450231883,0.0,0.818762046051,-0.573991702583,-0.0119576006814,0.0,-0.00854294617023,0.00864485911419,-0.999926139513,0.0,0.656317378643,0.253912528431,0.303451157224,1.0,-0.01474,-0.0193725714286,0.738
0.460969462917,0.517172367947,-0.124100074872,-1.40390154145,0.0767193736723,1.91177321752,0.152948550917,-0.00948289949893,-0.0799533140249,-0.00142597507565,-0.127149128229,-0.0063704401896,0.0428634327135,-0.0188914975016,0.574035139015,0.818816075285,0.0021542819949,0.0,0.818774192056,-0.57397430775,-0.0119609099534,0.0,-0.00855744758556,0.0086300192623,-0.999926143702,0.0,0.656041309486,0.25356689543,0.303448917163,1.0,-0.0151,-0.0198457142857,0.756
0.460766589611,0.515747931857,-0.124107823967,-1.40618173705,0.0765774973708,1.91263286422,0.152630743615,-0.0140416006784,-0.077954801066,-0.00154395111853,-0.129296777501,-0.0170414216168,0.0482329026647,-0.0136190673434,0.574028896181,0.818820457389,0.00215216440801,0.0,0.818778588645,-0.573968116851,-0.0119570278928,0.0,-0.00855555001664,0.00862599173651,-0.999926194692,0.0,0.655770660401,0.253212790071,0.303437450278,1.0,-0.01546,-0.0203188571429,0.774
0.460614453762,0.514599040791,-0.124109554249,-1.40801221736,0.0764718118506,1.91330949448,0.152374267117,-0.014153078261,-0.0875736164784,-0.000812004756687,-0.135120069225,-0.0142467813585,0.0541267644303,-0.0282776167183,0.574013427405,0.81883127702,0.00216144266651,0.0,0.818789433071,-0.573952514861,-0.0119633556137,0.0,-0.00855556902168,0.00863705946478,-0.999926098991,0.0,0.655531192404,0.252917209945,0.303439187568,1.0,-0.01576,-0.0207131428571,0.789
0.460414112842,0.513119779869,-0.124115286949,-1.4104122145,0.0763211801534,1.91413898374,0.152049027176,-0.013051671783,-0.0781107152511,-0.00130389205903,-0.131886573804,-0.00831272679782,0.0458594183888,-0.0107119273587,0.573999642835,0.818841177943,0.00206935526824,0.0,0.818798068989,-0.57393905216,-0.0120180500464,0.0,-0.00865335705931,0.00859290597199,-0.999925637924,0.0,0.655239980653,0.252570698601,0.303396822249,1.0,-0.0161,-0.02116,0.806
0.460219372819,0.511697347556,-0.124118108314,-1.41270943326,0.0761913620535,1.91496837837,0.151717632802,-0.0178613353943,-0.0753779132055,0.000546811360031,-0.137239218796,-0.000992367451187,0.0561281697089,-0.0219114662706,0.573975093514,0.818858471468,0.0020353458169,0.0,0.818814752534,-0.573914486477,-0.0120544658065,0.0,-0.00870295455417,0.00858569962123,-0.99992526938,0.0,0.654952759134,0.252222865943,0.303371810697,1.0,-0.01644,-0.0216068571429,0.823
0.460024110823,0.510224270971,-0.124119990404,-1.41503283716,0.0760442732454,1.91585286185,0.15138996595,-0.00861443030238,-0.0909623735168,-6.73350729837e-05,-0.135179975135,-0.0164084793463,0.0510847155228,-0.0167227633322,0.57394975744,0.818876169902,0.00205941811497,0.0,0.818832812887,-0.573889097814,-0.0120363969401,0.0,-0.00867460803478,0.00859477170819,-0.999925437758,0.0,0.654671583605,0.251873791853,0.303374003581,1.0,-0.01678,-0.0220537142857,0.84
0.459818592887,0.508728735264,-0.124125233131,-1.41740766399,0.0758916605999,1.91671032492,0.151064087411,-0.0160891484423,-0.0884819832208,0.000551452014659,-0.138917076792,-0.00324270056074,0.0501002892581,-0.0219162679762,0.573937134648,0.818885076842,0.00203550952181,0.0,0.818841417721,-0.573876588607,-0.0120474302173,0.0,-0.00869749701254,0.00858139229979,-0.99992535384,0.0,0.654375991795,0.251507650829,0.303364711001,1.0,-0.01712,-0.0225005714286,0.857
0.459609485095,0.507203341698,-0.124127689922,-1.4198002308,0.0757382568407,1.91757379785,0.150729482559,-0.0120682853355,-0.0900640249244,-0.000146817512318,-0.142221174943,-0.0108618693074,0.0602936750784,-0.0174315076863,0.573918568609,0.818898106386,0.00202851272102,0.0,0.818854350694,-0.573858049763,-0.0120514718379,0.0,-0.00870501671174,0.0085777850828,-0.999925319355,0.0,0.654077476673,0.251139442565,0.303367750164,1.0,-0.01746,-0.0229474285714,0.874
0.459420180485,0.505833722696,-0.124131993708,-1.42195843748,0.0756024278547,1.91838162255,0.150443009318,-0.0155707440339,-0.0911492712122,-0.000869178138755,-0.142712956669,-0.0080760918173,0.0607343049783,-0.0194162581017,0.573917019643,0.818899161636,0.00204071977217,0.0,0.818855590925,-0.573856473975,-0.0120422335022,0.0,-0.00869046198465,0.00858246279537,-0.999925405819,0.0,0.653813476715,0.250807953856,0.303368188239,1.0,-0.01776,-0.0233417142857,0.889
0.459181567314,0.504084092396,-0.12413195068,-1.42458243806,0.0754384768877,1.91938795923,0.150077387142,-0.0146451998189,-0.0958561794874,0.000515723970982,-0.142259714926,-0.0118639976087,0.0573633999315,-0.0270039080497,0.573903983346,0.818908014959,0.00215124091709,0.0,0.81886593683,-0.573843024726,-0.0119794563105,0.0,-0.0085757633028,0.00863680188906,-0.999925928225,0.0,0.653499349997,0.250405476556,0.303428899769,1.0,-0.01812,-0.0238148571429,0.907
0.458950829282,0.50239916274,-0.124139815285,-1.42705626664,0.0752869398025,1.92032686001,0.149732330534,-0.0137432093647,-0.105053516595,-0.00200801678287,-0.142766816049,-0.0090340197138,0.0621668293012,-0.0174173742022,0.573902051032,0.818909024967,0.00227849748264,0.0,0.818868656363,-0.57384062736,-0.0119081870578,0.0,-0.00844439000847,0.00870009065241,-0.999926497649,0.0,0.653204132367,0.250018019304,0.303509562601,1.0,-0.01846,-0.0242617142857,0.924
0.458728951816,0.500786080228,-0.124138701641,-1.42948870817,0.0751348584464,1.92117270812,0.149397916717,-0.0112946205234,-0.0984029079779,-0.000774344573167,-0.14766515999,-0.00822736077966,0.0447187993042,-0.0136787498586,0.57389194145,0.818916040042,0.00230343284155,0.0,0.818875901746,-0.573830322237,-0.0119065411553,0.0,-0.0084288402051,0.00871946154149,-0.999926460118,0.0,0.65289308773,0.249639405864,0.303550844733,1.0,-0.01878,-0.0246822857143,0.94
0.458486829354,0.499088470414,-0.124141540552,-1.43208781361,0.074958833203,1.92212896356,0.149019845763,-0.012396629201,-0.101719116275,-0.000114641234281,-0.152394741793,-0.0136174499687,0.0566505881603,-0.0251465500704,0.573867225107,0.818933252976,0.00234137125397,0.0,0.818893714698,-0.573805569396,-0.011874319305,0.0,-0.00838094442893,0.00873178498717,-0.999926755168,0.0,0.652572288745,0.249230299506,0.303580869297,1.0,-0.01912,-0.0251291428571,0.957
0.458217392733,0.497300818666,-0.124136566415,-1.43490049293,0.0747855299214,1.92316352387,0.148601010686,-0.0199479762291,-0.104182789308,0.00110883026528,-0.159621103695,-0.00479384109558,0.0496570632224,-0.0288239678458,0.573837282095,0.818954208848,0.00235040193107,0.0,0.818914700294,-0.573775503229,-0.0118799174058,0.0,-0.00838066666324,0.00874208652085,-0.999926667486,0.0,0.652221562793,0.248789649584,0.303577999031,1.0,-0.01948,-0.0256022857143,0.975
0.457966933995,0.495722462393,-0.124139703885,-1.43743927784,0.0746328435977,1.92404110343,0.148230971408,-0.0127310655953,-0.103082336689,-0.0001929645166,-0.159114180924,-0.0152879521894,0.0605107215078,-0.0143479051673,0.573828515601,0.818960542676,0.0022827885876,0.0,0.818919977543,-0.573766824033,-0.0119351967299,0.0,-0.00846482980725,0.00871834525701,-0.99992616583,0.0,0.651894927864,0.248379262724,0.303545680427,1.0,-0.0198,-0.0260228571429,0.991
0.45768533524,0.494047458279,-0.12414250113,-1.44018524686,0.0744629714536,1.9250113167,0.14784995311,-0.021476958854,-0.105278527111,-0.000912856940549,-0.165413823592,-0.0102581876128,0.0568917743263,-0.0291484682612,0.57384142106,0.818951737871,0.0021957721956,0.0,0.818909907992,-0.573779949957,-0.0119949373063,0.0,-0.00856354956704,0.00868149862182,-0.999925645836,0.0,0.651546483997,0.247929127878,0.303489570579,1.0,-0.023824,-0.0313115428571,1.008
0.45739161403,0.491692878586,-0.124227883193,-1.44376875214,0.0742603710332,1.92636094184,0.14733657664,-0.0210232398821,-0.149790719996,-0.00741729645891,-0.234495210662,-0.0115032740664,0.0875641430828,-0.0376766629526,0.573848528703,0.818946500751,0.00228952269696,0.0,0.818906099762,-0.573786886313,-0.0119229093686,0.0,-0.00845068950868,0.00871701593067,-0.999926297024,0.0,0.651110014456,0.247352743613,0.303542191058,1.0,-0.0331594285714,-0.0435809632653,1.025
0.457024087416,0.489057566729,-0.124241162521,-1.44799959617,0.0740357571181,1.92793615964,0.146689634922,-0.0330483099829,-0.188309556471,-0.00146291942755,-0.304450145924,-0.0186922803861,0.112951209256,-0.0426592787011,0.573780676638,0.818994046977,0.00228758282501,0.0,0.818953258628,-0.573718677565,-0.0119660393048,0.0,-0.00848784938076,0.00873947379987,-0.999925786251,0.0,0.650569120745,0.246709514799,0.303498219719,1.0,-0.0402982857143,-0.0529634612245,1.04
0.456411389948,0.484998292026,-0.124322399268,-1.45435383305,0.0736618307802,1.93032809009,0.145741183036,-0.0360387531839,-0.24810365821,-0.0109154497145,-0.377083437933,-0.0236198160095,0.13938351544,-0.0597022635448,0.573778851216,0.818995118729,0.00236057116108,0.0,0.81895540177,-0.57371668411,-0.0119148305592,0.0,-0.00840405081338,0.00876984914111,-0.999926228117,0.0,0.64978944809,0.245665826984,0.303503375939,1.0,-0.0512811428571,-0.0673980734694,1.058
0.455693661505,0.480374768502,-0.12444350823,-1.46167792686,0.0732187572882,1.93288110535,0.144621622811,-0.0474569250158,-0.284508443682,-0.0125066608695,-0.459695093282,-0.0345412292137,0.157600270948,-0.0783075971214,0.57377641341,0.818997216833,0.00222106625493,0.0,0.818955677596,-0.573714806222,-0.0119860817535,0.0,-0.00854247346988,0.00869645325283,-0.999925696163,0.0,0.648849161486,0.244424212556,0.303449480181,1.0,-0.0606165714286,-0.0796674938775,1.075
0.454885139284,0.475265085548,-0.124559855144,-1.4696447842,0.0727388721528,1.93570858573,0.143483363623,-0.0580693728599,-0.33624023028,-0.005840523648,-0.521775695723,-0.0329084340178,0.190498297127,-0.0737809384772,0.573847308268,0.818947641064,0.00218515206643,0.0,0.818905629525,-0.573785836825,-0.012005427587,0.0,-0.0085781724517,0.00867888272935,-0.999925543204,0.0,0.647831046855,0.243070577618,0.303444517452,1.0,-0.0694028571429,-0.0912151836735,1.091
0.453887538767,0.469129006584,-0.124653584205,-1.47907571312,0.0721916010187,1.93916229482,0.142047800361,-0.0629158967662,-0.380556655087,-0.00674852201295,-0.566702238448,-0.03803596519,0.221383609763,-0.0979847556447,0.573861471441,0.818937321781,0.00232840960124,0.0,0.818896961652,-0.573799189273,-0.0119584065602,0.0,-0.00845730872911,0.00876936517012,-0.999925783328,0.0,0.646633986606,0.241481017453,0.303498755822,1.0,-0.0787382857143,-0.103484604082,1.108
0.452719583884,0.462201976794,-0.124694134265,-1.48966071815,0.0715241781393,1.94301859601,0.140345435303,-0.072528210739,-0.407077563598,-0.00109010405355,-0.650934322781,-0.0426895782982,0.223961343004,-0.100506538119,0.573771460914,0.818999896158,0.00249552314676,0.0,0.818961599807,-0.573708410839,-0.0118871475137,0.0,-0.00830402983889,0.00886441429109,-0.999926229903,0.0,0.645268758499,0.239697374538,0.303572753599,1.0,-0.0880737142857,-0.11575402449,1.125
0.451466196624,0.455073484084,-0.124784686505,-1.50084636828,0.0707895058756,1.94677001738,0.138675394443,-0.0797311434802,-0.462799274394,-0.00790158609449,-0.729279362353,-0.0422417199913,0.240179100725,-0.101765725579,0.573813040507,0.818971558125,0.00222000609277,0.0,0.818929346173,-0.573750763096,-0.0120637773747,0.0,-0.00860632606205,0.00874054919607,-0.999924764146,0.0,0.64375086379,0.237747663087,0.303480977116,1.0,-0.09686,-0.127301714286,1.141
0.449924452191,0.446102353426,-0.124925422994,-1.51415977397,0.0698686055271,1.95168527388,0.136581896592,-0.0897493876783,-0.506675831968,-0.00505938115782,-0.75488012268,-0.0486954465564,0.283657647878,-0.117958065625,0.573816886117,0.818967592308,0.00264780229099,0.0,0.818931982735,-0.573754028798,-0.0117247172211,0.0,-0.00808313182644,0.00889638198936,-0.999927756074,0.0,0.64203976947,0.235408272035,0.303727314846,1.0,-0.106744571429,-0.140292865306,1.159
0.448283882515,0.437119242956,-0.124968288442,-1.5279865626,0.0689751916673,1.9564090354,0.134385249111,-0.0979198706477,-0.544473448832,-0.00151520863685,-0.835689386304,-0.0592760423883,0.277171904193,-0.138487514973,0.573762282499,0.819006136234,0.00255712603113,0.0,0.818968631309,-0.573698986116,-0.0118575361563,0.0,-0.00824453299401,0.00889778432557,-0.999926425848,0.0,0.640127319136,0.233001792881,0.303700183577,1.0,-0.11608,-0.152562285714,1.176
0.4465865917,0.427934580416,-0.125060348397,-1.54170062356,0.0680339640088,1.96134066539,0.132121614677,-0.108504229003,-0.572291184844,-0.00701993393473,-0.89414575577,-0.0595615977861,0.312052367098,-0.143214199344,0.573702276148,0.819047148478,0.00286597510473,0.0,0.819014063239,-0.573638327732,-0.0116524707949,0.0,-0.00790004191114,0.00903249683699,-0.999927999077,0.0,0.638283227047,0.230558064743,0.303862494961,1.0,-0.124866285714,-0.16410997551,1.192
0.444567579497,0.417677631705,-0.125138866683,-1.55727638889,0.0669260028361,1.96666237533,0.129552327195,-0.126036979636,-0.622517506875,-0.00830774794583,-0.930082869962,-0.0627047159746,0.320780491943,-0.147502679097,0.573659728017,0.819077074024,0.00283022269318,0.0,0.819043575394,-0.573595964533,-0.0116635319971,0.0,-0.00793008002407,0.00900914776099,-0.99992797195,0.0,0.63610414818,0.227722945872,0.303879480122,1.0,-0.134201714286,-0.176379395918,1.209
0.4423859352,0.406757616121,-0.125247543821,-1.57374601111,0.0657768925419,1.972399383,0.126809086256,-0.133743633522,-0.646291936827,-0.00316375379278,-1.00034778375,-0.0615424624584,0.33420639121,-0.164091019783,0.573637898763,0.819091914896,0.00295684913579,0.0,0.819060151327,-0.573573821175,-0.0115882299146,0.0,-0.0077960042708,0.00906945977442,-0.999928481051,0.0,0.633791416278,0.224702586813,0.303929696921,1.0,-0.143537142857,-0.188648816327,1.226
0.440089509013,0.395850587575,-0.125355642723,-1.5900198765,0.0646701338623,1.97794319949,0.124050459305,-0.142848149518,-0.69337704179,-0.0104534797731,-1.02822381793,-0.0745270539453,0.356006576763,-0.173408728997,0.573680774275,0.819061333844,0.00310604723041,0.0,0.819031136322,-0.573615777307,-0.0115622083003,0.0,-0.00768862808613,0.00917714269108,-0.999928329957,0.0,0.631466019654,0.221638825321,0.304017503951,1.0,-0.152323428571,-0.200196506122,1.242
0.437290070869,0.383145357565,-0.125494252934,-1.6092677102,0.0631953784299,1.98433269515,0.120662768226,-0.16145346192,-0.736750540002,-0.00505552603441,-1.07189338459,-0.082356238953,0.355841870062,-0.190087750077,0.573623912453,0.819101930767,0.00289499183139,0.0,0.819069357364,-0.573560031869,-0.0116200073511,0.0,-0.00785767013425,0.00903688716646,-0.999928293274,0.0,0.628642502055,0.217935779921,0.30393959648,1.0,-0.162208,-0.213187657143,1.26
0.434395474867,0.370417014045,-0.125631169673,-1.62820862041,0.0617982504224,1.99065042832,0.117296659196,-0.175563657305,-0.736137030521,-0.00994821302478,-1.13303773509,-0.0786091351419,0.373218640832,-0.203821206511,0.573645197527,0.819086845625,0.00294509404188,0.0,0.819054892592,-0.573581114433,-0.0115989218013,0.0,-0.00781142434234,0.00906603402119,-0.999928391775,0.0,0.625837448371,0.214236230546,0.303975049941,1.0,-0.171543428571,-0.225457077551,1.277
0.431416063333,0.357933651001,-0.125816532024,-1.64661328606,0.0603478156791,1.99674206959,0.113992447494,-0.183054168208,-0.773550050334,-0.017420521887,-1.16633617821,-0.091603050654,0.37525558309,-0.217871313385,0.573755674587,0.819009252697,0.00300279508272,0.0,0.818978750581,-0.573692215716,-0.0114801839744,0.0,-0.00767984459416,0.00904622023349,-0.999929590464,0.0,0.623091837162,0.210511306074,0.304042883138,1.0,-0.180329714286,-0.237004767347,1.293
0.427941795818,0.344189271496,-0.125997831035,-1.6668522653,0.0588516950253,2.00327908008,0.110145607116,-0.210423232401,-0.833332167801,-0.0129048198196,-1.1923981989,-0.0904917663267,0.402441683019,-0.222304958876,0.573849042197,0.81894375345,0.00302528612806,0.0,0.818913046051,-0.573784915669,-0.0115343165856,0.0,-0.00771024141829,0.00909657794068,-0.999928899696,0.0,0.619999229514,0.206336262472,0.304068118769,1.0,-0.189665142857,-0.249274187755,1.31
0.424315576441,0.330012911002,-0.126099703529,-1.68770964866,0.0572324186425,2.00995818673,0.106152943145,-0.222028647606,-0.821816812437,-0.000140286368731,-1.22570128882,-0.0946045742786,0.385537737045,-0.237517255586,0.573832325707,0.818955577156,0.00299524974892,0.0,0.818924039974,-0.573767780397,-0.0116059395146,0.0,-0.00778632100429,0.00911292074078,-0.99992816136,0.0,0.616715974112,0.202071125411,0.304044095975,1.0,-0.199000571429,-0.261543608163,1.327
0.420702175211,0.316109089413,-0.126211590162,-1.70791627792,0.0555074464824,2.01642641039,0.102199608634,-0.233567493227,-0.854433472278,-0.00830730292425,-1.28593088543,-0.106592365341,0.399953231778,-0.245678204348,0.573748254972,0.819014349463,0.00303021299982,0.0,0.818984008782,-0.573684483899,-0.0114914400384,0.0,-0.00767341584355,0.0090750643823,-0.999929378454,0.0,0.613490738118,0.197879306567,0.304080046182,1.0,-0.207786857143,-0.273091297959,1.343
0.416582232198,0.300848584869,-0.126313858904,-1.7298729139,0.0536787619202,2.02329858477,0.0976418227803,-0.244783249598,-0.909333436649,-0.00695498821346,-1.30993823723,-0.121497334282,0.398007112916,-0.271886130802,0.573561120469,0.819145074983,0.00311995501134,0.0,0.819115926023,-0.57349713671,-0.0114403156376,0.0,-0.00758213892477,0.009117500634,-0.999929688704,0.0,0.609903938064,0.193253884409,0.304145027167,1.0,-0.217122285714,-0.285360718367,1.36
0.411806375407,0.284220756145,-0.126489434912,-1.75374568885,0.0517296497999,2.03056597824,0.092706658527,-0.271472733217,-0.908180136424,-0.0115455099134,-1.33261249818,-0.109645266069,0.399642527323,-0.278730960841,0.573634022224,0.819094042209,0.00311535989265,0.0,0.819064195465,-0.573569277168,-0.0115271374216,0.0,-0.00765508224807,0.00916421438747,-0.999928705904,0.0,0.605926916157,0.188048504299,0.304151962387,1.0,-0.227006857143,-0.298351869388,1.378
0.407250507024,0.268943134541,-0.126650469933,-1.77544465207,0.0498672240277,2.03708653176,0.0879804971372,-0.287840680685,-0.977163675845,-0.0111392837247,-1.36574287005,-0.114291299321,0.40765944552,-0.300529680567,0.573604161299,0.819114822561,0.00314968293279,0.0,0.819085266181,-0.573539128067,-0.0115300564439,0.0,-0.00763812079272,0.00919372424733,-0.999928564721,0.0,0.602247754521,0.183217052633,0.304189419909,1.0,-0.235793142857,-0.309899559184,1.394
0.402301557993,0.253294701803,-0.126878035119,-1.79749669086,0.0478719136734,2.04360412716,0.0831134154446,-0.320275741887,-1.00748155221,-0.0180684043201,-1.39144349916,-0.136059298207,0.418408028795,-0.310926850599,0.57375845907,0.819006734252,0.00315385422807,0.0,0.818977705765,-0.57369396433,-0.0114673297859,0.0,-0.00758261917242,0.00916259017587,-0.999929272913,0.0,0.598225705834,0.177779900028,0.304231652222,1.0,-0.245128571429,-0.322168979592,1.411
