position_joint1,position_joint2,position_joint3,position_joint4,position_joint5,position_joint6,position_joint7,velocity_joint1,velocity_joint2,velocity_joint3,velocity_joint4,velocity_joint5,velocity_joint6,velocity_joint7,ee_T_00,ee_T_10,ee_T_20,ee_T_30,ee_T_01,ee_T_11,ee_T_21,ee_T_31,ee_T_02,ee_T_12,ee_T_22,ee_T_32,ee_T_03,ee_T_13,ee_T_23,ee_T_33,v_x,v_y,time
0.465063764066,0.547828929198,-0.123993956397,-1.35585427746,0.079480439012,1.89409861039,0.159154859534,-0.000154345445451,0.000202282350278,-0.00132182874943,0.000390688187918,0.000184712798558,0.000305538297951,-0.000319616860741,0.57381017231,0.818974439393,0.00187100941701,0.0,0.818930441535,-0.573752102,-0.0119249435435,0.0,-0.00869289573266,0.008375041723,-0.999927143466,0.0,0.661675473041,0.260874293678,0.303170407417,1.0,0.0,0.0,0.0
0.465058854107,0.547836715586,-0.123992861246,-1.35585901141,0.0794832896361,1.89409872817,0.159156293004,-0.000467658059287,0.00200018640426,-0.000571209587847,-0.000699920679953,-9.70744187312e-06,-6.12780429849e-05,-0.000192497518845,0.573815629425,0.818970635988,0.00186218105093,0.0,0.818926486357,-0.573757560313,-0.0119339359473,0.0,-0.00870527025942,0.0083730295589,-0.999927052662,0.0,0.661675072094,0.260871481555,0.303162617792,1.0,-0.00016,-0.000210285714286,0.009
0.46506057527,0.547835672459,-0.123990893908,-1.35585232548,0.0794791335536,1.89409954198,0.159159226877,-0.000553955971056,0.00320694666754,-0.00105971018702,0.00151040362844,1.91317751e-05,0.00051376478027,0.000909291703915,0.573813786171,0.818971915539,0.00186742058672,0.0,0.818927870822,-0.573755730438,-0.0119269057777,0.0,-0.00869652504353,0.00837326693798,-0.999927126771,0.0,0.66167612884,0.260873949886,0.303166536579,1.0,-0.00046,-0.000604571428571,0.024
0.465062289505,0.547807057252,-0.123993606182,-1.35587496959,0.0794794578313,1.89409746337,0.159150482335,-0.00025294637693,-0.0035007411056,0.0035255490926,-0.00133685188923,-0.000199100445638,-0.000110264092823,-0.00147231011367,0.573810724138,0.818974038287,0.00187733257143,0.0,0.818930092365,-0.573752597803,-0.0119250674613,0.0,-0.00868936351299,0.00838029707816,-0.999927130136,0.0,0.661672247986,0.260873718707,0.303176687353,1.0,-0.00082,-0.00107771428571,0.042
0.465061722409,0.54774290332,-0.12399608877,-1.35593249953,0.0794802962966,1.89410877437,0.159150123269,-5.75658503302e-05,-0.00583163703251,-0.00243971682462,-0.00826802645197,0.00021064607061,1.36145870672e-06,-0.00155296428016,0.573813608435,0.818971988246,0.00189001174293,0.0,0.818928182682,-0.573755404514,-0.0119211702923,0.0,-0.00867886717952,0.00838847512823,-0.999927152721,0.0,0.661662877141,0.260864225526,0.303195072321,1.0,-0.00112,-0.001472,0.057
0.465056674355,0.547618755309,-0.123986047134,-1.35609526228,0.079477809242,1.8941449657,0.159147070378,-0.00224663119538,-0.00579271379489,-0.00610340725461,-0.0122403618399,0.000240327239517,0.00680735771822,-0.000975146456423,0.573816483451,0.818969960598,0.00189574786019,0.0,0.818926078928,-0.573758109234,-0.0119355033655,0.0,-0.00868728527027,0.00840142768471,-0.999926970877,0.0,0.661635210961,0.260851062111,0.303208357318,1.0,-0.00146,-0.00191885714286,0.074
0.465050009484,0.547463380572,-0.123988640478,-1.35630491344,0.0794774097891,1.89420094805,0.159151489212,-0.000345646467359,-0.00742223213681,-0.000460368032417,-0.00809646640015,0.000167241414632,0.00876628063111,0.000374880057968,0.573838823164,0.818954287747,0.00190434024418,0.0,0.818910391422,-0.573780287457,-0.0119456874339,0.0,-0.00869046636975,0.00841454523978,-0.999926832935,0.0,0.661604767542,0.260826043988,0.303223582749,1.0,-0.0018,-0.00236571428571,0.091
0.465027278011,0.547290307522,-0.123988789551,-1.35650223952,0.0794724259997,1.89432566357,0.159140876391,0.000272218542815,-0.0102960130278,0.000124094925739,-0.00785061649378,0.000488888795373,0.0151917684942,-0.00236225376497,0.573856905653,0.818941396823,0.00199682392065,0.0,0.818898726298,-0.573798003268,-0.0118943018083,0.0,-0.00859512804144,0.0084609866961,-0.999927265094,0.0,0.661594262189,0.260797160348,0.303263809008,1.0,-0.00214,-0.00281257142857,0.108
0.465010541277,0.547081831439,-0.123985991315,-1.35674479807,0.0794678343856,1.89445342501,0.15912456298,-0.00139337365411,-0.0143255789794,0.000703837750933,-0.0141725136961,0.000285475001379,0.00166209813257,-0.000152156432034,0.573869787404,0.818932167441,0.00207825297741,0.0,0.818890495197,-0.573810491435,-0.0118584862509,0.0,-0.00851893650164,0.00850725238451,-0.999927524563,0.0,0.661574566937,0.260769892206,0.303306295055,1.0,-0.00246,-0.00323314285714,0.124
0.464981498918,0.54686631547,-0.123984342398,-1.35706586875,0.0794583026683,1.89458146226,0.159107401659,-0.00274678710659,-0.0118890053492,0.000570578496011,-0.025079719054,-0.000513044400812,0.0092155083819,-0.000320234124441,0.573893856476,0.818915238037,0.00210269151359,0.0,0.81887380013,-0.57383437577,-0.0118556124193,0.0,-0.00850230869008,0.00852586627177,-0.999927507548,0.0,0.661539872495,0.260723504888,0.303317166283,1.0,-0.0028,-0.00368,0.141
0.464929679053,0.546545470082,-0.123990921553,-1.35754542377,0.0794487258684,1.89476225508,0.158991514653,-0.00302321597639,-0.0148888712878,0.000114224401983,-0.0261755078676,0.000453499025777,0.00730819277574,-0.0098688216759,0.573870288326,0.818931680294,0.00213121754674,0.0,0.818890470757,-0.573810552945,-0.0118571975327,0.0,-0.00848748299041,0.00854989171886,-0.999927428359,0.0,0.661489921458,0.260643432596,0.303332039565,1.0,-0.00322,-0.004232,0.162
0.464889773094,0.546278909211,-0.123989480159,-1.35798372731,0.0794336339221,1.89491777827,0.158918873713,-0.000249355879873,-0.0105526455674,-0.00323488815343,-0.0281761410484,-0.000277516651406,0.0144533364312,-0.00145432193659,0.573862971208,0.818936826812,0.00212388059256,0.0,0.818895397427,-0.573803140961,-0.0118756219899,0.0,-0.00850685861713,0.00855438046031,-0.999927225318,0.0,0.661438284552,0.260577454178,0.303325615658,1.0,-0.00354,-0.00465257142857,0.178
0.464848454634,0.546049448588,-0.123986737743,-1.35837312299,0.0794150262351,1.89505110866,0.158911750035,-0.0083421997807,-0.0153745272937,0.00543760805086,-0.0271395709545,-0.00158648964997,0.0102093644744,0.00121161506164,0.573901142674,0.818910144968,0.00209757164787,0.0,0.818868310664,-0.573841351378,-0.0118970643651,0.0,-0.00853911775936,0.00854553831348,-0.999927025959,0.0,0.661387507035,0.260508992856,0.303311125838,1.0,-0.00382,-0.00502057142857,0.192
0.464784792777,0.545688463297,-0.123989953734,-1.35900454527,0.0793340311946,1.89525361514,0.15881294642,-0.00330589786763,-0.019007836314,4.37887022289e-05,-0.0335309879962,-0.00839090068809,0.0142810338544,-0.00605870285301,0.573892961759,0.818916069671,0.00202143006982,0.0,0.818873584434,-0.573833820724,-0.0118973026636,0.0,-0.00858309264777,0.0084832372781,-0.999927179952,0.0,0.661319441937,0.260400979742,0.303286803866,1.0,-0.00416,-0.00546742857143,0.209
0.464727695895,0.545354160857,-0.123992804723,-1.3595905423,0.0792944993783,1.89544207471,0.158741442672,-0.00336526161679,-0.0216353369275,-0.000226032987499,-0.0437107126238,-0.000626122304276,0.00998340798806,-0.00238451722598,0.573905253621,0.818907594548,0.00196427042396,0.0,0.818864371496,-0.573846353767,-0.0119268715443,0.0,-0.0086399826127,0.00845352806133,-0.999926941613,0.0,0.661248925319,0.260302784749,0.303260948801,1.0,-0.00446,-0.00586171428571,0.224
0.46465450134,0.544893145244,-0.123994570598,-1.36038084952,0.0792715172744,1.89570763931,0.158649421135,-0.00263633048774,-0.0259807678846,0.000166818357556,-0.0494560759248,-0.00470174389759,0.0196056578112,-0.0122806273943,0.573928963125,0.818891076962,0.00192256585791,0.0,0.818847046417,-0.573869978683,-0.0119795259035,0.0,-0.00870679167341,0.00844984694053,-0.999926393224,0.0,0.66115310287,0.260179904754,0.303234208233,1.0,-0.00484,-0.00636114285714,0.243
0.464584268952,0.544449590694,-0.123995633104,-1.36111170337,0.0792463507769,1.89597754202,0.158544769296,-0.00438948825737,-0.0249340937439,0.000230828219402,-0.0481543733524,-0.00650171448435,0.0165055656568,-0.00464761384669,0.573935630689,0.818886416768,0.00191707063105,0.0,0.818842135463,-0.573876495206,-0.0120030138473,0.0,-0.0087291112875,0.00845889839201,-0.999926122098,0.0,0.66107045231,0.260066171522,0.303223708713,1.0,-0.00518,-0.006808,0.26
0.46452875538,0.543981690978,-0.124004231237,-1.36187039691,0.0792119896585,1.89623722253,0.158480809933,-0.000408737327742,-0.0271749647213,-0.00188095676093,-0.052125225594,-0.00402798638369,0.0181878386555,-0.00484431611094,0.573967755227,0.818863953355,0.00189440145596,0.0,0.818819279475,-0.573908619753,-0.0120262476929,0.0,-0.00876081607786,0.00845401359326,-0.999925886131,0.0,0.660978315808,0.259952639352,0.303216485009,1.0,-0.0055,-0.00722857142857,0.276
0.464450068778,0.543487632701,-0.123998839781,-1.36266174221,0.0791703994135,1.89650604024,0.158361628374,-0.00422141230904,-0.0265990683449,-0.000240781402723,-0.0520411151098,-0.00458500928165,0.0184058942928,-0.0025403042904,0.573963664665,0.818866864278,0.00187540214303,0.0,0.818821813453,-0.573904488073,-0.0120508623547,0.0,-0.00879191943309,0.00845254004076,-0.999925625594,0.0,0.660884290355,0.259827819795,0.303212497104,1.0,-0.00582,-0.00764914285714,0.292
0.464370734357,0.542906420415,-0.124006665101,-1.36358663712,0.0791118716223,1.89684423419,0.158248516008,-0.00335726336858,-0.034491909001,-0.000146248348767,-0.0544058574573,-0.00660878188662,0.0193455124225,-0.00388429489719,0.573977335273,0.818857301906,0.00186671083003,0.0,0.818812188118,-0.573918243469,-0.0120497843818,0.0,-0.00879588387483,0.00844495130089,-0.999925654849,0.0,0.660779660668,0.259682183165,0.303212969407,1.0,-0.00618,-0.00812228571429,0.31
0.464306864342,0.542338659301,-0.124007730582,-1.36445363347,0.0790633417271,1.89716110838,0.158134747042,-0.00139474611674,-0.0375370679329,-0.000481178468417,-0.0566890484467,-0.000230896286915,0.0197316595954,-0.00887467976025,0.573972423936,0.818860705435,0.00188376135661,0.0,0.818815771377,-0.573913217145,-0.0120456893505,0.0,-0.00878279523449,0.00845650983679,-0.999925672212,0.0,0.660677509064,0.259557559804,0.303229349138,1.0,-0.0065,-0.00854285714286,0.326
0.46420349296,0.541570794336,-0.124005261353,-1.36562866989,0.0789981351326,1.89759342808,0.157980568643,-0.00418155217798,-0.036866941154,-0.000138406859372,-0.0520789777138,-0.00108368041678,0.0212547938963,-0.00734574570198,0.573976888845,0.818857517227,0.0019090452965,0.0,0.81881283457,-0.573917495701,-0.012041468913,0.0,-0.00876478159133,0.00847483882127,-0.999925675093,0.0,0.660542816565,0.259380095282,0.303250409513,1.0,-0.00692,-0.00909485714286,0.347
0.464139302163,0.541014553363,-0.124008421226,-1.36647383862,0.0789418075433,1.89791244192,0.157863284135,-0.00513553255315,-0.035132242811,0.00222304636129,-0.0588679754893,-0.00875130887352,0.0180991099597,-0.00338155037439,0.573967475039,0.818864064516,0.00193089168161,0.0,0.818819733548,-0.573908053179,-0.0120223687501,0.0,-0.00873669966247,0.00848166414605,-0.999925862978,0.0,0.660446521368,0.259255383114,0.303269103658,1.0,-0.0072,-0.00946285714286,0.361
0.464060435668,0.540384316317,-0.124009144224,-1.36742744345,0.0788929833908,1.89826140378,0.157748944704,-0.00529313134651,-0.0455205275021,-0.000921166526731,-0.0584326365746,-0.00691667199681,0.0263586840437,-0.00195630928598,0.57397867022,0.818856153967,0.00195758635472,0.0,0.818812082863,-0.57391904627,-0.012018659962,0.0,-0.00871822543152,0.00850151350381,-0.999925855658,0.0,0.660335796823,0.259113742143,0.303290950959,1.0,-0.0075,-0.00985714285714,0.376
0.463958633203,0.539651181172,-0.124017306324,-1.3685726732,0.0788260293369,1.89869477818,0.157615523851,-0.00934117063231,-0.0403968128541,0.000173195203167,-0.0653757169948,-0.000731052169214,0.021114310042,-0.00455329327794,0.574004056457,0.818838319667,0.00197390888473,0.0,0.818794486754,-0.573944384227,-0.0120074633624,0.0,-0.00869942469464,0.00850872220921,-0.999925958087,0.0,0.660208803561,0.258934046952,0.303301763214,1.0,-0.00784,-0.010304,0.393
0.463856703068,0.538901936543,-0.12402016276,-1.3697424737,0.0787546095388,1.89914537279,0.157477247304,-0.00588934430639,-0.040728139711,-0.000462658337897,-0.0704998238887,-0.00703200167105,0.0248175255972,-0.00284156538767,0.57401188158,0.818832730238,0.00201658048309,0.0,0.818789484405,-0.573952057623,-0.0119817644724,0.0,-0.00865380701097,0.00852899427302,-0.999926181216,0.0,0.660073305976,0.258749115173,0.303324619589,1.0,-0.0082,-0.0107771428571,0.411
0.463747396109,0.538123762303,-0.124026487261,-1.37095341534,0.0786847829598,1.89960659916,0.157313097714,-0.0112962086141,-0.0462723669995,-0.000356006824552,-0.0725351420355,-0.00712009000102,0.0302280217305,-0.0140625096597,0.574029744687,0.818820197459,0.00202073008104,0.0,0.818777019157,-0.573969914287,-0.011978200798,0.0,-0.00864832097818,0.0085305351374,-0.999926215535,0.0,0.659944560892,0.258565754115,0.303326910354,1.0,-0.00852,-0.0111977142857,0.427
0.463643466661,0.537363194062,-0.124030021695,-1.37213922196,0.078613765134,1.90004652531,0.157178781568,-0.00529155414125,-0.0530805268578,0.000193155776197,-0.0724139935314,-0.00583554656311,0.0273509655666,-0.00648071137879,0.574053691778,0.818803380913,0.00203205859762,0.0,0.818760353397,-0.573993813911,-0.0119721425905,0.0,-0.00863660804678,0.00853658602379,-0.999926265132,0.0,0.659809191454,0.258382709401,0.303337819103,1.0,-0.00884,-0.0116182857143,0.443
0.463520107,0.53648020884,-0.124035256469,-1.37352955837,0.0785491994617,1.90058320633,0.157006545784,-0.00395004791765,-0.0467956409862,-0.00102677286347,-0.0777428885562,-0.0049880725007,0.0316710791591,-0.0064706536797,0.574076772719,0.818787116791,0.00206477665514,0.0,0.818744382302,-0.574016622896,-0.0119707973707,0.0,-0.00861648443628,0.00856284586989,-0.999926214211,0.0,0.659653696216,0.258170796828,0.303346143298,1.0,-0.0092,-0.0120914285714,0.461
0.463417494299,0.53571869557,-0.124038240094,-1.37473353384,0.078470093052,1.90101454842,0.156853323605,-0.00418131108378,-0.0482007981471,0.000539587624178,-0.0809039249876,-0.0085710114779,0.0240120121245,-0.00812703721473,0.57408229275,0.818783281165,0.002050984126,0.0,0.818740403889,-0.574022236585,-0.0119737148219,0.0,-0.00862673310575,0.00855328590665,-0.999926207665,0.0,0.659511858691,0.257984940177,0.303348017941,1.0,-0.0095,-0.0124857142857,0.476
0.463283331539,0.534764457411,-0.124039676337,-1.37625917016,0.0783831558923,1.90156460137,0.156675230471,-0.00266826233352,-0.0476971094624,-8.48244079142e-06,-0.0832809821311,-0.00331168142039,0.0275513549902,-0.0134633002088,0.574107667017,0.818765530441,0.002034633709,0.0,0.818722358826,-0.574047595966,-0.0119918149434,0.0,-0.00865067468603,0.00855055763475,-0.99992602416,0.0,0.65933196396,0.257750323381,0.303342895858,1.0,-0.00986,-0.0129588571429,0.494
0.46319313617,0.534009780484,-0.124050301864,-1.37748482073,0.0783193975123,1.90200917892,0.156519548602,-0.0038614204388,-0.052420931561,-0.000883607159746,-0.0846947474872,-0.00807235152976,0.0297812375242,-0.0139939701212,0.574111573241,0.818762841428,0.0020144152264,0.0,0.818719331905,-0.574051514017,-0.0120109001281,0.0,-0.00867786768226,0.00854500197469,-0.999925836027,0.0,0.659184662381,0.257568952014,0.303330779755,1.0,-0.01014,-0.0133268571429,0.508
0.463042631067,0.532987825579,-0.124046414222,-1.37915452359,0.0782214226307,1.90265177899,0.156308632498,-0.0107817604415,-0.0537223760148,0.000555153091449,-0.0922677554858,-0.00856154622892,0.0343275134536,-0.0101323669038,0.574124634416,0.818753694498,0.00200967768868,0.0,0.818710084894,-0.574064556028,-0.0120178744331,0.0,-0.00868616159749,0.00854526567928,-0.99992576176,0.0,0.658994328016,0.257314966198,0.303312334716,1.0,-0.01052,-0.0138262857143,0.527
0.46291911472,0.532018193339,-0.124040766003,-1.38070343847,0.078135138405,1.90321663551,0.156110833281,-0.00318855757736,-0.0591043803973,0.00168753476658,-0.0934118583976,-0.00267566175798,0.0374854935781,-0.0108587914532,0.574121188503,0.818756129387,0.0020021000705,0.0,0.818712288949,-0.574061013219,-0.0120369401014,0.0,-0.00870615851261,0.00854997090184,-0.999925547629,0.0,0.658806793805,0.257090096488,0.303307463248,1.0,-0.01086,-0.0142731428571,0.544
0.462770308937,0.530947526084,-0.124046091837,-1.38242318908,0.0780356129352,1.90383387085,0.155892778136,-0.0105804467663,-0.0650630865952,-0.00151722334317,-0.0949372866679,-0.000820032477461,0.0294417923936,-0.0169362838015,0.574135098972,0.81874643933,0.00197562999243,0.0,0.818702182789,-0.574074966784,-0.0120588270731,0.0,-0.00873913026169,0.00854101290327,-0.999925336563,0.0,0.658601799084,0.256824681335,0.303297158549,1.0,-0.01122,-0.0147462857143,0.562
0.462656776186,0.530091949168,-0.12404927361,-1.38377404708,0.0779452042367,1.90430859253,0.155717146572,-0.0105145692001,-0.0646663518473,0.000315732062267,-0.100685209802,-0.00427415673177,0.0366558028638,-0.0105957800247,0.574135432286,0.818746259788,0.00195304337588,0.0,0.818701746081,-0.574075434831,-0.0120661919535,0.0,-0.00875812392761,0.00852675252171,-0.999925292088,0.0,0.658438362356,0.256616556939,0.30329820702,1.0,-0.0115,-0.0151142857143,0.576
0.462507856139,0.528972012341,-0.12404684847,-1.38552200087,0.0778398043773,1.90497028461,0.155486140827,-0.00948315334005,-0.063374013238,0.00097376445415,-0.0946281781816,-0.00600981047149,0.0349611659403,-0.0148122378758,0.574133101508,0.818747825844,0.00198149660202,0.0,0.818703665744,-0.574072963628,-0.0120535069607,0.0,-0.0087314270982,0.00854274034138,-0.999925389101,0.0,0.65823461453,0.256354989534,0.303312291267,1.0,-0.01186,-0.0155874285714,0.594
0.462358369255,0.52780498722,-0.124049972137,-1.38734621773,0.0777192337616,1.90567173237,0.155227167267,-0.00410132595439,-0.0640575674977,0.000456266219044,-0.101768696554,-0.011371339676,0.0382610922999,-0.0101136231955,0.574112110137,0.818762472198,0.00201147065382,0.0,0.818718822351,-0.574051963073,-0.0120241640067,0.0,-0.00869041288814,0.00855021167349,-0.999925682541,0.0,0.658023888363,0.256081667971,0.303326551153,1.0,-0.01222,-0.0160605714286,0.612
0.462220292326,0.526709271563,-0.124050288063,-1.38902409346,0.0776185219816,1.90630199976,0.155000098789,-0.0132920544916,-0.066670038572,0.000639138227461,-0.105117889088,-0.0109589444138,0.0363712086011,-0.0168359193281,0.574103012168,0.81876874914,0.00205274250128,0.0,0.818725623928,-0.574042677528,-0.0120043326522,0.0,-0.00865057717858,0.0085725214674,-0.999925836945,0.0,0.657826176444,0.255832336335,0.303353720052,1.0,-0.01254,-0.0164811428571,0.628
0.462067922285,0.525464776496,-0.124061617284,-1.39096430029,0.0774917762448,1.90700669542,0.154733952785,-0.0053285559714,-0.0717944743315,-0.00064041226879,-0.104595230161,-0.0140229310559,0.0367811937211,-0.0142576991909,0.574088142852,0.818779174447,0.00205295623664,0.0,0.818736141412,-0.574027897774,-0.0119937577213,0.0,-0.00864195127715,0.00856646849476,-0.999925963407,0.0,0.657592721566,0.255538904291,0.303367208606,1.0,-0.0129,-0.0169542857143,0.646
0.461908737492,0.52428443322,-0.124064832421,-1.39283823704,0.0773734276529,1.90767812475,0.15447289061,-0.00526496531424,-0.0711513399582,-0.000459350702545,-0.108311492046,-0.00745107787733,0.0417545468808,-0.0166347238563,0.574075706945,0.818787948744,0.00203090835002,0.0,0.818744620822,-0.574015549215,-0.0120059166839,0.0,-0.00866469374468,0.00855526511017,-0.999925862512,0.0,0.657365295513,0.255251878325,0.30336366418,1.0,-0.01324,-0.0174011428571,0.663
0.461763709564,0.523166415313,-0.124067386405,-1.39464237788,0.0772702602682,1.90835393973,0.154230308403,-0.0124506917187,-0.0664733497582,0.000648069336479,-0.111883934597,-0.00852523825374,0.0413956411237,-0.00834138912238,0.574066752663,0.81879424561,0.00202330044713,0.0,0.818750750412,-0.574006561215,-0.0120176238518,0.0,-0.00867874061645,0.00855566178173,-0.999925737299,0.0,0.657148340824,0.254984762422,0.303349622708,1.0,-0.01356,-0.0178217142857,0.679
0.461588960562,0.521848126287,-0.124068887106,-1.39671290099,0.077151446512,1.90916028968,0.153947197303,-0.00925862761175,-0.0730485116501,-0.000817679950381,-0.119544633249,-0.00562757916223,0.049273052352,-0.0162847502524,0.574058162851,0.818800149892,0.00207053187349,0.0,0.818757241447,-0.573997743799,-0.0119965241987,0.0,-0.008634441428,0.00858213083979,-0.99992589398,0.0,0.656907556956,0.254676082741,0.303360481036,1.0,-0.01392,-0.0182948571429,0.697
0.461427719707,0.520667662151,-0.124069514671,-1.3986082031,0.0770166295266,1.90987140059,0.153704539927,-0.00669786113813,-0.0767423537216,4.52073089925e-05,-0.118911240206,-0.00662163357103,0.0464551588947,-0.0153469499646,0.574056697968,0.818801217274,0.00205450978951,0.0,0.818758259724,-0.573996505062,-0.011986292648,0.0,-0.0086352758278,0.00856312330489,-0.999926049731,0.0,0.656681977365,0.254386831906,0.303349243205,1.0,-0.01424,-0.0187154285714,0.713
0.461271812409,0.519417270407,-0.12407753038,-1.40054772728,0.0769113838189,1.91055988642,0.153443107712,-0.0102827415757,-0.0814088484206,-0.000546609135386,-0.119757804954,-0.00241273182014,0.0377437890895,-0.0142309646206,0.574050694979,0.818805411483,0.00206024767552,0.0,0.818762379681,-0.573990330829,-0.0120005264128,0.0,-0.00864370014056,0.00857592893011,-0.999925867198,0.0,0.656441353338,0.254095724305,0.303364020362,1.0,-0.01456,-0.019136,0.729
0.461091111877,0.518084184008,-0.124083649177,-1.40264204673,0.0767566153241,1.91131651781,0.153151915525,-0.0166776387923,-0.079524769144,-0.00102000617062,-0.125776034175,-0.0170630771769,0.0489269924039,-0.020730415325,0.574033637209,0.818817420582,0.0020400993065,0.0,0.818774338892,-0.573973570873,-0.0119861925676,0.0,-0.00864370661506,0.00855102331051,-0.999926080436,0.0,0.656187772006,0.253768883141,0.303368587599,1.0,-0.0149,-0.0195828571429,0.746
0.460909884121,0.516724041023,-0.124083684524,-1.40478900079,0.076631204628,1.91209885737,0.152863243139,-0.014062575448,-0.0710591857847,0.000381978077092,-0.123704177466,-0.00818149190239,0.0533352740945,-0.026785951185,0.574025454187,0.818823160027,0.00203898242006,0.0,0.818779959071,-0.573965290031,-0.0119988068203,0.0,-0.00865476241203,0.00855726323099,-0.999925931424,0.0,0.655923952532,0.253445841495,0.303368781684,1.0,-0.01524,-0.0200297142857,0.763
0.46073668294,0.515422420421,-0.124095042389,-1.40684580379,0.0764938386991,1.91287988901,0.152577780864,-0.016662033441,-0.0773630893041,-0.000797147504347,-0.127603853564,-0.00615336624457,0.0419332735085,-0.0195010616141,0.574013141244,0.818831764023,0.00205007471697,0.0,0.818788862622,-0.57395308537,-0.0119750216048,0.0,-0.00862904749176,0.00855256277699,-0.999926193881,0.0,0.655680128723,0.253129420514,0.303370659314,1.0,-0.01556,-0.0204502857143,0.779
0.460544969794,0.514037066366,-0.12410238302,-1.40908869857,0.0763642744799,1.91367673603,0.152279058013,-0.0154663659364,-0.0792421698759,-0.00102977270872,-0.130494974611,-0.00971685419321,0.0481599942184,-0.0221940818133,0.574013728216,0.818831475515,0.00200035666418,0.0,0.818787798359,-0.573953756563,-0.0120155518759,0.0,-0.008690767174,0.00853512368544,-0.999925808363,0.0,0.65540001133,0.25278463561,0.303343578499,1.0,-0.0159,-0.0208971428571,0.796
0.460355847283,0.512619020161,-0.124097902646,-1.4113657573,0.0762288232639,1.91446191669,0.151956302551,-0.00874887958922,-0.0865273760786,0.000425260560215,-0.130445636515,-0.00705083915725,0.0447258256011,-0.0142053008561,0.57398370284,0.818852663832,0.00194183187397,0.0,0.818808031551,-0.573923800293,-0.0120675525818,0.0,-0.00876725284569,0.00851673002289,-0.999925297503,0.0,0.65510639507,0.252443188407,0.30332129545,1.0,-0.01624,-0.021344,0.813
0.460167239518,0.511269409773,-0.12410647232,-1.41353357255,0.0760971126,1.91529099547,0.151650615631,-0.0135256533871,-0.0864089097544,0.000799636225125,-0.137380694009,-0.00722650066491,0.0467239139302,-0.0264004009519,0.57397203093,0.818860832966,0.00194700943637,0.0,0.818816296894,-0.573912135122,-0.0120615091083,0.0,-0.00875945369917,0.00851737592159,-0.999925360354,0.0,0.654847555907,0.252110076435,0.303306865428,1.0,-0.01656,-0.0217645714286,0.829
0.459959164031,0.509708632534,-0.124109916905,-1.4160148968,0.0759363336769,1.91622598079,0.151303550795,-0.0143390234467,-0.089826766348,0.000752464580723,-0.143643402838,-0.00808989285923,0.0553361021174,-0.0226451090749,0.573946686022,0.818878586522,0.00195167651249,0.0,0.818834184447,-0.573886844229,-0.0120505312604,0.0,-0.00874804895767,0.00851462586002,-0.999925483617,0.0,0.654545039016,0.251735377943,0.303299573162,1.0,-0.01692,-0.0222377142857,0.847
0.459749841201,0.508204723643,-0.124115898311,-1.41839487175,0.0757883310433,1.91705657332,0.150967923532,-0.0163910303501,-0.0877213699293,-8.3678130776e-05,-0.147749675032,-0.00674089352655,0.0462998701792,-0.0239315492586,0.573930875572,0.818889761832,0.00191178788912,0.0,0.81884476366,-0.573871136627,-0.0120796719,0.0,-0.00879496908668,0.00849851779523,-0.99992520906,0.0,0.654243533471,0.251364800507,0.303291212483,1.0,-0.01726,-0.0226845714286,0.864
0.459550536585,0.506768808349,-0.124121543427,-1.42065130589,0.0756531233833,1.91788697489,0.150657277774,-0.0117706116601,-0.0842630490472,-0.000285630698712,-0.140305929709,-0.0142972734849,0.0506755139057,-0.0240315347331,0.57392410818,0.818894485133,0.00192020025386,0.0,0.818849545369,-0.573864283428,-0.0120811074116,0.0,-0.00879138715235,0.00850615767179,-0.999925175597,0.0,0.653965559923,0.251016798617,0.303293572276,1.0,-0.01758,-0.0231051428571,0.88
0.459331086276,0.505162603459,-0.124122362756,-1.42311042902,0.0754972650509,1.91883920418,0.150334400824,-0.0174819520351,-0.0939526422063,0.000401327676634,-0.143209331239,-0.00323873005487,0.0574649920362,-0.0182259996705,0.573925015319,0.818893658224,0.00200005330104,0.0,0.818849838726,-0.573864920228,-0.0120308707806,0.0,-0.00870441094395,0.00854272549398,-0.99992562477,0.0,0.65367197767,0.250641599972,0.303328318649,1.0,-0.01792,-0.023552,0.897
0.459103901664,0.503492819583,-0.124128142656,-1.42559220608,0.0753370340891,1.91977635272,0.149969516512,-0.0114029723981,-0.0988620434116,0.00149016487241,-0.146027367575,-0.00707747270888,0.0584403558369,-0.0227215636723,0.573897054851,0.818912999125,0.00210171321007,0.0,0.81887056403,-0.573836592287,-0.0119712830874,0.0,-0.00859756491982,0.00859148060105,-0.999926131441,0.0,0.653353538727,0.250234819794,0.30339165613,1.0,-0.01828,-0.0240251428571,0.915
0.458867403771,0.501802159694,-0.124131913165,-1.42810505401,0.0751740335845,1.92069916964,0.149618464177,-0.0153436762239,-0.096458655015,-0.000616436200534,-0.148438124119,-0.00390548471523,0.0534382586009,-0.0203025291869,0.573893964881,0.818914949015,0.00218409115791,0.0,0.81887368199,-0.57383326011,-0.0119176104171,0.0,-0.00850636895158,0.00862810558025,-0.999926596047,0.0,0.653066855187,0.24985879964,0.303459200675,1.0,-0.0186,-0.0244457142857,0.931
0.45862974902,0.500078466864,-0.124134205694,-1.43071741125,0.0750125410183,1.92160903502,0.14925967769,-0.0144502499151,-0.0955483694065,-0.000581572259099,-0.151692652333,-0.0066116783153,0.0426426820392,-0.0170371579616,0.573885687012,0.818920694956,0.00220465782493,0.0,0.818879591491,-0.57382479414,-0.0119191933888,0.0,-0.00849595038409,0.00864577024347,-0.999926532043,0.0,0.652732880565,0.249450885011,0.303497465049,1.0,-0.01894,-0.0248925714286,0.948
0.458380554144,0.49839396563,-0.124134502536,-1.43333957241,0.0748506878326,1.92259857873,0.148879214749,-0.0148130651972,-0.0882847427959,-0.000140220316884,-0.152035933359,-0.00789779761704,0.0564099683838,-0.0191796472307,0.573868188711,0.818932840697,0.00224751310838,0.0,0.81889228172,-0.573807112024,-0.0118985727062,0.0,-0.00845465571892,0.00866885040692,-0.999926682227,0.0,0.65241270812,0.249040267362,0.303509999987,1.0,-0.01928,-0.0253394285714,0.965
0.458133775829,0.496807765391,-0.12413235136,-1.43584481164,0.074700781368,1.92349947834,0.148509471923,-0.0121030936375,-0.0927054708344,0.000451958854701,-0.154548046732,-0.0102772109987,0.0484805317837,-0.0250013150721,0.573850256142,0.81894547105,0.00222393208095,0.0,0.818904464337,-0.573789132603,-0.0119271328307,0.0,-0.00849176684748,0.00866574298184,-0.999926394688,0.0,0.652080055278,0.248612805152,0.303490158111,1.0,-0.01962,-0.0257862857143,0.982
0.45786114442,0.495134892101,-0.124133088236,-1.43856929581,0.0745276699984,1.92444076762,0.148113572993,-0.0209593805401,-0.0951211316486,0.000534922914317,-0.157887888939,-0.00531868504712,0.0588901692273,-0.0244386697775,0.573842330442,0.818951248653,0.0021398655684,0.0,0.818909018968,-0.573781423563,-0.0119851378242,0.0,-0.00858759381211,0.00863010078922,-0.99992588455,0.0,0.651746701712,0.248198251315,0.303451764299,1.0,-0.01994,-0.0262068571429,0.998
0.457580015566,0.493310587552,-0.124175571262,-1.44146225491,0.0743509629641,1.92548440437,0.147709755478,-0.0182883900843,-0.115747680566,-0.00714380478283,-0.184868720103,-0.00686490692057,0.0684918577498,-0.0271029412706,0.573870118032,0.818931854387,0.00211007160002,0.0,0.818889310663,-0.573809406489,-0.0119920310343,0.0,-0.00861004305038,0.00860994911131,-0.99992586522,0.0,0.651389771946,0.247713592238,0.303436889539,1.0,-0.02498,-0.0328308571429,1.015
0.457250985011,0.490837155828,-0.124220817546,-1.44533151859,0.07413655758,1.92693595089,0.14714177916,-0.0236517804507,-0.141031059707,-0.000375271898419,-0.23644659394,-0.0119029540939,0.0879685097368,-0.0328612587236,0.573843456621,0.818950407511,0.00215968329269,0.0,0.818908446399,-0.573782477717,-0.0119737872744,0.0,-0.00856691447668,0.00863982871178,-0.999925977928,0.0,0.650906762683,0.247110531325,0.303443516278,1.0,-0.0314085714286,-0.0412798367347,1.033
0.456872972722,0.488388446605,-0.124228288579,-1.44929680614,0.0739061340348,1.92835411436,0.146567886244,-0.0214374809565,-0.168718855205,-0.0012419940991,-0.280013377753,-0.0191876977093,0.0964709624099,-0.0357307341147,0.573823711184,0.818964443097,0.00208238488439,0.0,0.818921187121,-0.573762772438,-0.0120464579978,0.0,-0.0086709927844,0.00861801826005,-0.99992526903,0.0,0.650394812815,0.246481640632,0.303381970961,1.0,-0.0367657142857,-0.0483206530612,1.048
0.456320580886,0.484823626339,-0.124300087491,-1.45480617599,0.0735678769096,1.93045422965,0.145749828183,-0.0310470781891,-0.207398723486,-0.00250269224483,-0.319542898375,-0.0182188807996,0.11621199097,-0.0448950348148,0.573839504203,0.818953074164,0.00219832546079,0.0,0.818911618355,-0.573778368592,-0.0119537425309,0.0,-0.0085283667944,0.00865993067858,-0.999926133552,0.0,0.649730624866,0.245562409984,0.303419740922,1.0,-0.0431942857143,-0.0567696326531,1.066
0.455749072377,0.481178187683,-0.124380430834,-1.46051053883,0.0732283771868,1.932430919,0.144878193719,-0.0412622533809,-0.242278919468,-0.00744348410381,-0.369826249214,-0.0214791736021,0.129029991193,-0.0548923819648,0.573839430303,0.818953318646,0.00212532569702,0.0,0.818910795762,-0.573778480524,-0.0120046147092,0.0,-0.00861191871221,0.00862933956504,-0.999925681916,0.0,0.64899707443,0.244596196778,0.303407301295,1.0,-0.0489085714286,-0.0642798367347,1.082
0.455080534435,0.477068427936,-0.124453102438,-1.46689032783,0.0728342694277,1.9347187063,0.143936499402,-0.0499513612632,-0.274509044606,-0.00378118596761,-0.405542132931,-0.0249350998352,0.142277413943,-0.0619985457908,0.573871705124,0.818930689785,0.00213032551083,0.0,0.818888273208,-0.57381077155,-0.0119975562499,0.0,-0.00860292892349,0.0086297227903,-0.999925755993,0.0,0.648190226431,0.243510655044,0.303418393592,1.0,-0.0546228571429,-0.0717900408163,1.098
0.454184672464,0.471643421255,-0.124520372748,-1.47528514777,0.0723419933624,1.93775442652,0.142711427461,-0.0502263281936,-0.2937014205,-0.00402151355247,-0.456702740533,-0.0268224310625,0.160762361719,-0.0719300553238,0.573922003643,0.818895272062,0.00219408979196,0.0,0.818853405615,-0.573860514438,-0.01199820747,0.0,-0.0085663388022,0.00868284034124,-0.999925610295,0.0,0.647119321297,0.242095896238,0.303440189454,1.0,-0.0614085714286,-0.0807084081633,1.117
0.453452546984,0.467183378705,-0.124546308619,-1.48193778678,0.0719301562132,1.94026562015,0.141644307296,-0.0547762401802,-0.327080522802,-0.00562445056784,-0.493606693668,-0.0310885482398,0.182775632445,-0.0788255540974,0.573865261117,0.818934237295,0.0024746655756,0.0,0.818896070542,-0.573802706976,-0.0118501484952,0.0,-0.00828468201945,0.00882705242438,-0.99992672091,0.0,0.64622399889,0.240902633452,0.30357222256,1.0,-0.0667657142857,-0.0877492244898,1.132
0.452410382917,0.461052531206,-0.124581117036,-1.49142070703,0.0713171228092,1.94356462563,0.140179063783,-0.0549515934783,-0.350380746726,-0.00244616019665,-0.54109654965,-0.0349290124901,0.181125130766,-0.0827210845136,0.573827923096,0.818960574217,0.0024164962897,0.0,0.818921399433,-0.573765333697,-0.0119092527288,0.0,-0.00836686774133,0.00881295195888,-0.999926160975,0.0,0.645026698543,0.239376390663,0.303570370215,1.0,-0.0728371428571,-0.0957288163265,1.149
0.451314983043,0.454806523183,-0.124646596219,-1.50115280458,0.0706635685289,1.94687262214,0.138727946923,-0.0659403647249,-0.377282510116,-0.00359041581489,-0.579124819412,-0.0424163522867,0.205217966918,-0.0920843132195,0.573848782829,0.818946438232,0.00224781096669,0.0,0.81890496883,-0.57378677146,-0.012005824558,0.0,-0.00854252753254,0.00873043946712,-0.999925399542,0.0,0.643636808295,0.237584668961,0.303524580944,1.0,-0.0792657142857,-0.104177795918,1.167
0.450213358606,0.448366093726,-0.124717832013,-1.51062349199,0.0700061082915,1.95047919834,0.137200963038,-0.0704647424741,-0.409888963013,-0.00147936626699,-0.606687482536,-0.0390847773701,0.224563158029,-0.085565374531,0.573809361978,0.818972716975,0.00269292734592,0.0,0.818937858778,-0.573746528807,-0.0116812261262,0.0,-0.00802170222376,0.00890830857766,-0.999928144584,0.0,0.642517185228,0.236043392574,0.303748450339,1.0,-0.0846228571429,-0.111218612245,1.182
0.448758611725,0.440401506237,-0.124741036159,-1.52289941677,0.069200854622,1.95470642079,0.135293365983,-0.0843863488529,-0.425044384041,0.00051334029514,-0.666357450619,-0.0432426802029,0.216675063122,-0.105643420749,0.573782939135,0.818991454328,0.00262362276345,0.0,0.818955193686,-0.573719804074,-0.0117781173876,0.0,-0.00814110989233,0.00890688378567,-0.999927192225,0.0,0.640831959397,0.233915411128,0.303724698589,1.0,-0.0914085714286,-0.120136979592,1.201
0.447350131965,0.432698944381,-0.124776798203,-1.53452319261,0.0684159334705,1.9587775701,0.133387614286,-0.083458074726,-0.469955211521,-0.0035469949995,-0.682941326161,-0.0478066273964,0.249601845393,-0.115867247196,0.573694565738,0.819052976567,0.00274111692469,0.0,0.819018132153,-0.573630895834,-0.0117320693286,0.0,-0.00803695168396,0.0089758216947,-0.999927418382,0.0,0.639240853529,0.231880246101,0.303803590938,1.0,-0.09748,-0.128116571429,1.218
0.445987576928,0.425675735849,-0.124801991649,-1.54529726414,0.0676383476819,1.962553838,0.13163477073,-0.0904618886776,-0.482520256917,-0.0029043862182,-0.716508753785,-0.0520093024612,0.25404373323,-0.127051590241,0.5736397883,0.819091391313,0.00272632668793,0.0,0.819056549911,-0.573576395598,-0.0117146643994,0.0,-0.00803177876345,0.00895318571362,-0.999927662881,0.0,0.637755879029,0.229957623449,0.303785400737,1.0,-0.102837142857,-0.135157387755,1.233
0.444311664136,0.417272602294,-0.124931913035,-1.55810856317,0.0667101098453,1.96686863965,0.129547266009,-0.104177803704,-0.507927902756,-0.00533042633818,-0.747950085343,-0.0587059881685,0.274104583036,-0.116794324166,0.573678083565,0.81906499587,0.00259535731898,0.0,0.819028765648,-0.573615499368,-0.011742522159,0.0,-0.00812930819347,0.00886227053594,-0.99992768464,0.0,0.635963195786,0.227572034282,0.303770710821,1.0,-0.108908571429,-0.143136979592,1.25
0.44250710915,0.408444481512,-0.12500204006,-1.57142681973,0.0658211435098,1.97153649421,0.12730784879,-0.115182244735,-0.519486846954,8.77613253044e-05,-0.774139377534,-0.0539683439631,0.268001816478,-0.139972142444,0.573675737495,0.819066155328,0.00274377599649,0.0,0.81903159321,-0.573612337562,-0.011699676133,0.0,-0.00800909918575,0.00895923205287,-0.999927790639,0.0,0.634103778812,0.225122444271,0.303813327954,1.0,-0.11498,-0.151116571429,1.267
0.440624988388,0.39976849158,-0.125108418482,-1.58456905791,0.0649309430827,1.97590292844,0.125123415758,-0.120390414427,-0.547881010156,-0.00684842078004,-0.78421321287,-0.0584942942569,0.28089678696,-0.134973354666,0.5737865112,0.818988839598,0.00265839796065,0.0,0.818952666584,-0.573722848106,-0.0118055223289,0.0,-0.0081435641725,0.00895112390561,-0.999926777191,0.0,0.632219189075,0.222609717552,0.303793140189,1.0,-0.120694285714,-0.15862677551,1.283
0.438527237834,0.390201447451,-0.125228961042,-1.598897346,0.0638158896289,1.98086849784,0.122664493622,-0.123118792409,-0.560247482585,-0.00544518080287,-0.874415455327,-0.0711074110986,0.292668407697,-0.133628001047,0.573823350105,0.818962745105,0.00274443188453,0.0,0.818928656829,-0.573760450189,-0.0116424965142,0.0,-0.00796027769161,0.00892840216975,-0.999928456248,0.0,0.630190299356,0.219840429099,0.303839453803,1.0,-0.126765714286,-0.166606367347,1.3
0.436154980147,0.379573391666,-0.125319604335,-1.61472263912,0.062633455374,1.98609121533,0.119837001966,-0.130910742592,-0.605102538897,-0.000804197963398,-0.874777563041,-0.0614359374902,0.304884617602,-0.149841076172,0.573781158583,0.818992360546,0.00272806236949,0.0,0.818958053844,-0.573718313489,-0.0116511678236,0.0,-0.00797723168365,0.00891956095073,-0.99992840004,0.0,0.62785520069,0.216777097199,0.303880999049,1.0,-0.133194285714,-0.175055346939,1.318
0.433736237138,0.369282678799,-0.125407968638,-1.63016203098,0.0614840393972,1.9912430647,0.11709542475,-0.144052919152,-0.608867844199,-0.00689875364112,-0.931128108465,-0.0709501484045,0.300160010019,-0.161457734184,0.57382200521,0.818963848147,0.00269604641589,0.0,0.818929061049,-0.573759193532,-0.0116759456891,0.0,-0.00801545031724,0.00890795683373,-0.999928197853,0.0,0.625564153314,0.213739792726,0.303847799808,1.0,-0.139265714286,-0.183034938775,1.335
0.431325415632,0.359162861104,-0.125546693874,-1.64501769309,0.0603139308141,1.99617958031,0.114415665676,-0.151457475684,-0.634788348159,-0.00638319842395,-0.940710570599,-0.0769272292614,0.303556233961,-0.181667964097,0.573896011177,0.818911649747,0.00279734943381,0.0,0.818878780766,-0.573833526821,-0.0115487145856,0.0,-0.00785231520376,0.00891862303975,-0.999929397162,0.0,0.623351003206,0.210738739466,0.303932971034,1.0,-0.14498,-0.190545142857,1.351
0.428563351117,0.348228916729,-0.125651851332,-1.66139783871,0.0591319461043,2.00134693399,0.111332180222,-0.168294898565,-0.654057284768,-0.00403550829105,-0.95101217965,-0.064991829857,0.310898616481,-0.181175168523,0.573936129718,0.818884258714,0.00257618627995,0.0,0.818847452347,-0.573873227116,-0.0117947396977,0.0,-0.00818027983568,0.00887910177546,-0.999927119631,0.0,0.620808411659,0.207407096566,0.303825641862,1.0,-0.151051428571,-0.198524734694,1.368
0.425840310378,0.337492180822,-0.125765020351,-1.67700292481,0.0579186257122,2.00650405371,0.108366328591,-0.170101785909,-0.656500384794,-0.000575241346077,-0.975143152803,-0.0807548949089,0.316802603524,-0.192663253307,0.573986778717,0.818848092934,0.00277947090395,0.0,0.818814157265,-0.573923397942,-0.011664306995,0.0,-0.00795624533495,0.0089712008473,-0.999928105273,0.0,0.618420461464,0.204190356426,0.303923028918,1.0,-0.156765714286,-0.206034938775,1.384
0.422836974115,0.3257691353,-0.125782356795,-1.69410041991,0.0564761901001,2.01193531329,0.105024897213,-0.182435396925,-0.703418098945,0.00242384403668,-1.00012985461,-0.0884268799311,0.331446541843,-0.199856429968,0.573836486278,0.818953496828,0.00275752633098,0.0,0.818919556187,-0.57377351495,-0.0116387686828,0.0,-0.00794956778985,0.00893711443181,-0.99992846362,0.0,0.61569409073,0.20070730301,0.303947827913,1.0,-0.162837142857,-0.214014530612,1.401
