position_joint1,position_joint2,position_joint3,position_joint4,position_joint5,position_joint6,position_joint7,velocity_joint1,velocity_joint2,velocity_joint3,velocity_joint4,velocity_joint5,velocity_joint6,velocity_joint7,ee_T_00,ee_T_10,ee_T_20,ee_T_30,ee_T_01,ee_T_11,ee_T_21,ee_T_31,ee_T_02,ee_T_12,ee_T_22,ee_T_32,ee_T_03,ee_T_13,ee_T_23,ee_T_33,v_x,v_y,time
0.465070843159,0.547817141837,-0.124009464656,-1.35584900494,0.0795733984414,1.89409326827,0.159162082126,-0.000386790599699,3.73606973663e-05,-0.000932071778398,0.000693171480878,-0.000163101277131,0.000149023462497,0.000565289225769,0.573845414009,0.818949612324,0.00192878089169,0.0,0.818905590388,-0.573786343143,-0.0119838789457,0.0,-0.00870765253142,0.00845654624458,-0.999926329093,0.0,0.661672428106,0.260885491226,0.303181488712,1.0,0.0,0.0,0.0
0.465069577343,0.547816823946,-0.124009819671,-1.35584970173,0.0795709116867,1.89409314768,0.159158604687,0.000121240713005,0.000997843426302,-0.000314807575485,0.00130624416483,6.34339711846e-05,0.000168311208441,-0.000744356778547,0.573843228612,0.818951147908,0.00192697083683,0.0,0.818907125911,-0.57378418858,-0.0119821103757,0.0,-0.00870726529033,0.00845402581946,-0.999926353777,0.0,0.661672803985,0.260883958303,0.303181378943,1.0,-0.00022,-0.000289142857143,0.012
0.465064590806,0.547814817208,-0.124007318015,-1.35585761519,0.0795733983867,1.89409638263,0.159158441569,-0.00277100728641,-0.000703522394441,0.000572361076899,-0.000568602020497,-0.000262897686765,-9.08249356341e-06,-0.000621412359189,0.573846541053,0.818948827173,0.0019268354772,0.0,0.818904763576,-0.573787462513,-0.0119867826049,0.0,-0.00871113523305,0.00845663130343,-0.999926298039,0.0,0.66167227425,0.260881815718,0.303179237006,1.0,-0.00056,-0.000736,0.029
0.465066588033,0.547790001424,-0.124004534175,-1.35587798942,0.0795716237575,1.8940985388,0.159157611033,-0.0003089244793,-0.00215216122203,0.000849217241732,-0.00488792430308,0.000261478309207,-7.96031207723e-05,-0.00142292036349,0.573842894038,0.818951367266,0.00193336914117,0.0,0.818907372977,-0.573783772687,-0.0119851402187,0.0,-0.00870607874818,0.00846100069343,-0.999926305115,0.0,0.661667630539,0.260882516281,0.303187211521,1.0,-0.0009,-0.00118285714286,0.046
0.465069433534,0.547705966857,-0.124009531055,-1.3559703695,0.0795716237575,1.89411663685,0.159159552078,-0.000251321459734,-0.00106749493481,-0.000175680829483,-0.00727974027155,-5.14314450599e-05,0.000921754654269,-0.000375308390714,0.573850666968,0.818945893899,0.00194468182669,0.0,0.818902001888,-0.573791452536,-0.0119844566673,0.0,-0.00869894724992,0.00846995536556,-0.99992629137,0.0,0.661652691034,0.260872876685,0.303204511103,1.0,-0.00122,-0.00160342857143,0.062
0.465068383598,0.547567079753,-0.124009827028,-1.35614430874,0.0795692332741,1.89414307656,0.159156428827,-0.000797221518319,-0.0111808673447,-0.00168254463298,-0.00918420349237,-0.000197751023256,0.000829026205412,0.0017229167088,0.573857977487,0.818940773354,0.00194378842156,0.0,0.818896746385,-0.573798645924,-0.011999149829,0.0,-0.00871141759806,0.00847773308913,-0.999926116893,0.0,0.661622231564,0.26085459406,0.303222411736,1.0,-0.00156,-0.00205028571429,0.079
0.465051803932,0.547386599593,-0.124010475186,-1.3563784899,0.0795654684629,1.89424291613,0.159143688147,0.000184678314415,-0.0115200329414,0.000272948984594,-0.0104902566067,0.000300906817719,0.00921683014776,-0.000939655501725,0.573873741021,0.818929619421,0.00198864365639,0.0,0.818886107745,-0.573814148893,-0.0119838213025,0.0,-0.00867296133267,0.00850583678975,-0.999926212519,0.0,0.661597906737,0.260823999787,0.303247481402,1.0,-0.00194,-0.00254971428571,0.098
0.465036412238,0.547224561367,-0.124006703299,-1.35657365335,0.0795636089765,1.89435924548,0.15913620141,0.000465761283868,-0.00904566759495,0.000416129732688,-0.0132268642014,0.000219040951144,0.00822310427197,-0.00179758965796,0.573888263536,0.818919253868,0.00206482959826,0.0,0.818876692983,-0.573828308902,-0.0119490791572,0.0,-0.00860063890024,0.00854844170538,-0.999926473874,0.0,0.661583895557,0.260802574143,0.303279342109,1.0,-0.00224,-0.002944,0.113
0.465001609826,0.546984980759,-0.124004979247,-1.3568898807,0.079560390117,1.89451639233,0.159116122416,-0.00429805250728,-0.00533036916752,0.000947995833319,-0.0176531877357,-3.48934217719e-05,0.0119455679336,0.000202032244916,0.573916187581,0.818899487277,0.00214155804842,0.0,0.818857836339,-0.573855824557,-0.0119198736943,0.0,-0.00853239717201,0.00859480553362,-0.999926661069,0.0,0.661557903034,0.260756318244,0.303312107289,1.0,-0.00264,-0.00346971428571,0.133
0.464972937078,0.546804664578,-0.124007493807,-1.35716306415,0.0795569964965,1.89461077112,0.159087065845,-0.000939267456177,-0.00993486909056,-2.96502521453e-06,-0.0178869550711,-0.000933246847083,0.00479298318978,-3.57740541476e-05,0.57393197579,0.818888400803,0.00214967380865,0.0,0.818846741105,-0.57387146235,-0.0119292155031,0.0,-0.00853522408352,0.00860697732695,-0.999926532247,0.0,0.66152705926,0.260711691369,0.30331806272,1.0,-0.0029,-0.00381142857143,0.146
0.464924632358,0.546462881857,-0.124010809486,-1.35767357815,0.0795440950113,1.89479471033,0.158951955378,-0.00502989547875,-0.0211828336832,-0.00105334093033,-0.0284408835844,-5.87961863053e-05,0.00345659308299,-0.00336933852421,0.573888312148,0.818918940184,0.00217289862635,0.0,0.818877424879,-0.573827549722,-0.0119353720078,0.0,-0.00852739727962,0.00862907426452,-0.999926408579,0.0,0.661469696264,0.260632104407,0.303333181729,1.0,-0.00332,-0.00436342857143,0.167
0.464892394514,0.546241626537,-0.124007979032,-1.35803951688,0.0795351504262,1.89492501923,0.158944176594,-0.00333696514658,-0.0177971990364,0.00668589255082,-0.0302204931462,0.000257684675363,0.0157445525124,-0.00362551470936,0.573924461344,0.8188936196,0.00216779869404,0.0,0.818851897396,-0.573863573196,-0.0119547643298,0.0,-0.00854582406257,0.00863640402982,-0.999926187984,0.0,0.661425778589,0.260579279499,0.303326891249,1.0,-0.00358,-0.00470514285714,0.18
0.464826253889,0.545870579104,-0.124008049638,-1.3586804636,0.0795122093518,1.89513302422,0.158870685595,-0.00339993207135,-0.0243307230342,0.000356176700648,-0.0330190367233,-0.000207721744825,0.00992461903066,-0.00197853781443,0.573948133891,0.818877144348,0.00212343350979,0.0,0.818834649473,-0.573887231084,-0.0120004050537,0.0,-0.00860841178267,0.00862651710735,-0.999925736467,0.0,0.661348406084,0.260474674668,0.303302572642,1.0,-0.00398,-0.00523085714286,0.2
0.464778401438,0.545590196853,-0.124010922546,-1.35918016628,0.0794743127573,1.89531352045,0.158784779932,-0.00335996580935,-0.0207787278976,0.000451222181688,-0.0384577518373,-0.00281201565758,0.0165214336722,-0.00710594734643,0.573936899724,0.818885118327,0.00208447066121,0.0,0.818842180484,-0.573876227179,-0.0120127532807,0.0,-0.0086410030991,0.00860158048355,-0.999925670177,0.0,0.661292254351,0.260391835751,0.30327894221,1.0,-0.00426,-0.00559885714286,0.214
0.464705936204,0.545116328155,-0.124010925871,-1.35998505518,0.0793760679377,1.89556841548,0.158700621976,-0.0041324454827,-0.0241226299699,0.00140375432496,-0.0409134833496,-0.000994645556974,0.0108305027908,-0.00291627208088,0.573945946527,0.81887900717,0.00199223055112,0.0,0.818835245166,-0.573886038784,-0.0120167659668,0.0,-0.00869713153172,0.00852844690781,-0.999925809996,0.0,0.66119497042,0.260255974326,0.303253255731,1.0,-0.00466,-0.00612457142857,0.234
0.464660204737,0.544787769475,-0.124010953204,-1.360540576,0.0793657191667,1.89575747714,0.15863836293,-0.00617472283306,-0.0231882728668,0.00015588211203,-0.0461015971627,-0.0017395389754,0.0135665854264,-0.0122061332804,0.57396062961,0.818868763975,0.0019722941978,0.0,0.818824497366,-0.573900566505,-0.0120552552944,0.0,-0.00873993951579,0.00853436903709,-0.999925386218,0.0,0.661126096942,0.260175243539,0.303237812294,1.0,-0.00492,-0.00646628571429,0.247
0.464574929069,0.544213567936,-0.124017877644,-1.36147573858,0.0793346833174,1.89610407869,0.158502899819,-0.00509327131546,-0.031955121815,0.000849999554667,-0.0465950665506,-0.000527360863554,0.0181412504764,-0.00857040679404,0.573968350447,0.818863354319,0.00197143095666,0.0,0.818818866362,-0.573908085061,-0.0120797720519,0.0,-0.00876043116213,0.0085478162714,-0.999925092036,0.0,0.661020748312,0.260029883544,0.303229356989,1.0,-0.00534,-0.00701828571429,0.268
0.464523915488,0.543819920766,-0.124014801683,-1.36210757542,0.0793076395921,1.89632764555,0.158434487875,-0.0046757039018,-0.0289037257273,0.000977931133902,-0.0496970356194,-0.000749383989949,0.0188368775571,-0.00815809563592,0.573979923866,0.818855256156,0.00196554462683,0.0,0.818810551963,-0.573919546882,-0.0120987851754,0.0,-0.00877925838032,0.00855403316632,-0.999924873747,0.0,0.66094436051,0.259938903758,0.303226440589,1.0,-0.0056,-0.00736,0.281
0.464439659592,0.543193468536,-0.124023279261,-1.36309855178,0.0792580942684,1.89666527932,0.158306285046,-0.00528511126224,-0.0297140744856,0.000363801593648,-0.0528673193463,-0.0026812348263,0.0182709679058,-0.0011000280592,0.573991688865,0.818847054068,0.00194680746056,0.0,0.818802000479,-0.573931291194,-0.0121203919689,0.0,-0.00880758311161,0.00855121873666,-0.99992464873,0.0,0.660826609111,0.259783787447,0.303227496001,1.0,-0.006,-0.00788571428571,0.301
0.464372684989,0.542753708722,-0.124020509338,-1.36379706444,0.0792122637138,1.89692241324,0.158226147793,-0.00535956411885,-0.0384466152759,-8.610224073e-05,-0.0599839550064,-0.00218288440643,0.0136494744819,-0.00255298268596,0.574005628684,0.818837290228,0.00194352051294,0.0,0.818792205154,-0.573945254919,-0.012120892531,0.0,-0.00880973403365,0.00854896457806,-0.999924649057,0.0,0.660747853066,0.25967402268,0.303228261941,1.0,-0.00626,-0.00822742857143,0.314
0.464277883432,0.542023059975,-0.124031920885,-1.36493308516,0.079152413585,1.89734684998,0.158070153403,-0.00946236352569,-0.0353687004871,-0.00134437198136,-0.0501728764423,-0.0014273035199,0.0227487764503,-0.00336604692075,0.574010746497,0.818833660091,0.00196135375895,0.0,0.818788782262,-0.573950268264,-0.012114722584,0.0,-0.00879439243766,0.00856008021801,-0.999924689008,0.0,0.660620405445,0.259498629101,0.303241430694,1.0,-0.00668,-0.00877942857143,0.335
0.464208407883,0.541526776785,-0.124025867264,-1.36568290767,0.079106908234,1.8976212354,0.157961384316,-0.00530376641077,-0.0337710082337,-0.000754332350194,-0.0541184215651,0.000230470282578,0.0210168626562,-0.00819820644021,0.574003779053,0.818838497257,0.00198089501752,0.0,0.818793837152,-0.573943179067,-0.0121089366353,0.0,-0.00877851130764,0.00857268507213,-0.999924720571,0.0,0.660534394884,0.259385008529,0.303259010231,1.0,-0.00694,-0.00912114285714,0.348
0.464105647404,0.5407211944,-0.124029355251,-1.36691291152,0.079033026977,1.89807544015,0.15780363748,-0.00532884107714,-0.0385139707628,-0.000866982720666,-0.0614400577664,-0.00563712094984,0.0208499453947,-0.00373356182652,0.574009672859,0.818834305359,0.00200567515823,0.0,0.818789974717,-0.573948969281,-0.0120956548239,0.0,-0.00875335045494,0.00858541487642,-0.999924831928,0.0,0.660393807148,0.259198550186,0.303282508897,1.0,-0.00734,-0.00964685714286,0.368
0.464021408137,0.540123515548,-0.12403278307,-1.36782557156,0.078978614535,1.89841737598,0.157693283988,-0.00792829839689,-0.0465188191109,-0.00124768610202,-0.0712837444913,-0.00640094355638,0.0322834571549,-0.0022069391516,0.574026734938,0.818822289603,0.00202793653048,0.0,0.818778262849,-0.573965945291,-0.0120829149368,0.0,-0.00872996164477,0.00859651206882,-0.999924941058,0.0,0.660292539732,0.259054841235,0.303300262598,1.0,-0.00762,-0.0100148571429,0.382
0.463896490472,0.539246798397,-0.12403369072,-1.36917532583,0.0789031210518,1.89894143014,0.157525384684,-0.00205102661929,-0.045156143181,-0.00055486873311,-0.072411565456,-0.00352187980689,0.0287218691755,-0.00635540949421,0.574046848354,0.818808075546,0.00207321427922,0.0,0.818764618364,-0.57398583956,-0.012062445893,0.0,-0.008686999721,0.00862204954757,-0.999925095343,0.0,0.660144832669,0.258846466868,0.303322751556,1.0,-0.00802,-0.0105405714286,0.402
0.463810735026,0.538664536563,-0.124033300973,-1.37007876076,0.0788492511988,1.89929047143,0.157407126164,-0.00830480497034,-0.0456115549101,0.000108372177076,-0.0711825178811,-0.00530749813248,0.0271373811749,-0.0164216644476,0.57405557989,0.818801894467,0.0020965960033,0.0,0.818758749182,-0.573994476705,-0.0120498237026,0.0,-0.00866315074237,0.0086340410864,-0.999925198779,0.0,0.660045833563,0.25870545186,0.303334304082,1.0,-0.00828,-0.0108822857143,0.415
0.463674272518,0.53769546074,-0.124045281728,-1.37159934946,0.0787568583328,1.89986791611,0.157218489436,-0.00876936599718,-0.0485990553361,0.00125995845837,-0.0724170181174,-0.00347693533813,0.0259057730595,-0.00617116365815,0.574080582384,0.81878431992,0.00211406823394,0.0,0.818741475305,-0.574019474388,-0.0120327278412,0.0,-0.00863885887058,0.00863879707511,-0.999925367866,0.0,0.659877535683,0.258464887351,0.303345394767,1.0,-0.0087,-0.0114342857143,0.436
0.463581262592,0.537063153199,-0.124051250161,-1.37259080099,0.0787008859136,1.90023857845,0.157105089349,-0.00786334054649,-0.0445230038739,-0.00103937741286,-0.0802051335272,-0.0056022495176,0.0349488035983,-0.00500353679699,0.574107771087,0.818765230933,0.00212383937404,0.0,0.818722505308,-0.574046609848,-0.0120289619768,0.0,-0.00862987919021,0.00864492208372,-0.999925392471,0.0,0.659766810288,0.25830675422,0.303352272363,1.0,-0.00896,-0.011776,0.449
0.463446036009,0.536058908692,-0.124052478714,-1.37415016733,0.0786186772474,1.90082290251,0.156910999865,-0.010305440475,-0.0544373964933,0.00123366341612,-0.0827723493017,-0.00259033594573,0.0304848731472,-0.010356396895,0.574124289073,0.818753568958,0.00215427855038,0.0,0.81871113558,-0.57406289222,-0.0120257704433,0.0,-0.00860961685644,0.00866818563408,-0.999925365743,0.0,0.659587789922,0.258071252585,0.303369642386,1.0,-0.00936,-0.0123017142857,0.469
0.463362867004,0.535378709062,-0.124058447627,-1.37523875431,0.0785523207436,1.90121422563,0.156776820492,-0.00557783572778,-0.0497280969647,0.00114251196094,-0.087798784367,-0.0109823197531,0.0333663479226,-0.0170780136307,0.574128698571,0.818750520717,0.00213756950662,0.0,0.818707871116,-0.574067373314,-0.012034100322,0.0,-0.00862598306999,0.0086593340555,-0.999925301385,0.0,0.659457464953,0.257908459699,0.303365633447,1.0,-0.00962,-0.0126434285714,0.482
0.463212745623,0.534264788191,-0.124061647972,-1.37704338779,0.0784614515999,1.90185734924,0.156565685701,-0.0082767281227,-0.0528864417116,0.000646341678857,-0.0859690983588,-0.00458755385059,0.0325774544036,-0.00957134324681,0.574155564246,0.818731764554,0.00210538762932,0.0,0.818688480219,-0.574094157658,-0.0120754875716,0.0,-0.00867806158935,0.00865703165344,-0.999924870703,0.0,0.65924004846,0.257636945836,0.303348436337,1.0,-0.01004,-0.0131954285714,0.503
0.463120005185,0.533575895047,-0.124059103639,-1.37816883348,0.0783987698873,1.90228018337,0.156414871124,-0.00873499001953,-0.0487008104147,0.00098797435986,-0.0858927228328,4.70456924418e-05,0.0366488637665,-0.00562612431888,0.57415115155,0.818734883525,0.0020958468726,0.0,0.818691401489,-0.574089713683,-0.0120887002173,0.0,-0.00869440382754,0.00865675963337,-0.999924731095,0.0,0.659107431821,0.257471275373,0.303335219369,1.0,-0.0103,-0.0135371428571,0.516
0.462957247904,0.532397079292,-0.124056597025,-1.38006097482,0.0782871117795,1.902993825,0.156174462291,-0.0117894344442,-0.0534481421546,0.000709519857371,-0.0942601067425,-0.0105493075128,0.034456665654,-0.0127977187548,0.574159416271,0.818729086918,0.00209614942625,0.0,0.818685562169,-0.574097929581,-0.0120939839745,0.0,-0.00869846888345,0.00866012878494,-0.999924666567,0.0,0.658887584212,0.257186685336,0.303327575253,1.0,-0.01072,-0.0140891428571,0.537
0.462864680509,0.531700161526,-0.124062598974,-1.38117685834,0.0782261975232,1.90339729104,0.156040908569,-0.00667323315734,-0.0597673025045,-0.00144799245142,-0.0953061746057,-0.00557691323961,0.0375604461023,-0.00669046230114,0.574170809356,0.81872112107,0.00208674341079,0.0,0.818677396647,-0.574109285519,-0.0121076587674,0.0,-0.00871494498067,0.00866040063647,-0.999924520749,0.0,0.65874281722,0.257008328923,0.30332267508,1.0,-0.01098,-0.0144308571429,0.55
0.462696281189,0.530453172039,-0.124064844125,-1.3832012861,0.0781083337873,1.9041121758,0.155778899442,-0.0093440556613,-0.0608400503872,-0.00139809378051,-0.100822484945,-0.00551101979043,0.0348573882493,-0.0146556175129,0.574177975097,0.818716231096,0.00203291791856,0.0,0.818671694862,-0.574116578742,-0.0121473020147,0.0,-0.00877823045137,0.00863917196245,-0.999924150812,0.0,0.658507920229,0.256709699632,0.30330007105,1.0,-0.01138,-0.0149565714286,0.57
0.462583916215,0.529655107566,-0.124061349927,-1.38445436259,0.0780183292363,1.90457504632,0.155609299509,-0.00930460622497,-0.0614165257555,0.000613876333325,-0.0946521216272,-0.00933371661933,0.0369201691517,-0.0149947654877,0.574172491553,0.818720078283,0.00203230447113,0.0,0.818675627217,-0.574111190323,-0.0121369455992,0.0,-0.00877016116484,0.00863266463767,-0.99992427782,0.0,0.658361449175,0.256516336945,0.303305803448,1.0,-0.01164,-0.0152982857143,0.583
0.4624159403,0.528313951735,-0.124065255501,-1.38654309207,0.0778960101076,1.90537383494,0.155319312768,-0.00874736449027,-0.064962798132,-0.0010921235104,-0.0993233485551,-0.00928475081233,0.0434809866086,-0.0197220540956,0.574155918894,0.818731591038,0.0020759421358,0.0,0.81868770457,-0.574094423138,-0.0121153872395,0.0,-0.00872763150166,0.0086558362469,-0.99992444962,0.0,0.658118162981,0.256207557644,0.303325424381,1.0,-0.01206,-0.0158502857143,0.604
0.462317050095,0.527519838751,-0.124072703402,-1.38776407024,0.0778205086207,1.90584271792,0.155152342476,-0.00901982687659,-0.0658453777916,-0.000611239609593,-0.104011390947,-0.00292859741451,0.035238244134,-0.0121828951181,0.574146855764,0.818737858809,0.00211032461656,0.0,0.818694507144,-0.574085297573,-0.0120880926331,0.0,-0.0086856399695,0.0086682184394,-0.999924707989,0.0,0.657967222567,0.256006192939,0.303345190025,1.0,-0.01232,-0.016192,0.617
0.462128626268,0.526013121094,-0.124077009863,-1.39010613559,0.0776686839786,1.90671923971,0.154838311894,-0.00722030309814,-0.0694539521259,-0.00209447490455,-0.108910067396,-0.00802468291265,0.037181139503,-0.0173838637235,0.574137091949,0.818744638224,0.00213633516242,0.0,0.818701700124,-0.574075497565,-0.0120663254968,0.0,-0.00865298822912,0.00867691331825,-0.999924915666,0.0,0.65770070087,0.255673466118,0.30336575245,1.0,-0.01274,-0.016744,0.638
0.462008686316,0.525111114021,-0.124079831803,-1.39151045022,0.0775813589398,1.90721758876,0.154652049121,-0.0100819209698,-0.0666496230587,0.00420762489568,-0.108261344335,-0.0114332373094,0.0400057689529,-0.0110670756942,0.574136747096,0.818744891859,0.00213180444062,0.0,0.818701876096,-0.574075153534,-0.0120707527873,0.0,-0.00865921794068,0.0086757420702,-0.9999248719,0.0,0.657530225977,0.255457803845,0.303375100808,1.0,-0.013,-0.0170857142857,0.651
0.461829198111,0.523736728166,-0.124086152774,-1.39372968153,0.0774448309569,1.90801759703,0.154344557981,-0.00585414474195,-0.0681324402018,-0.00141418738024,-0.107260444511,-0.00600888282227,0.0431509711454,-0.013838474885,0.574118830965,0.818757561753,0.00209043152142,0.0,0.818713974235,-0.574057386018,-0.0120951581531,0.0,-0.0087031421061,0.00865569020684,-0.999924664335,0.0,0.657259039854,0.255122964731,0.303354803103,1.0,-0.0134,-0.0176114285714,0.671
0.461707768109,0.522796711878,-0.124087218008,-1.3952123149,0.0773557036342,1.90859200857,0.15414856207,-0.00830784473836,-0.0736094269504,-0.00100005071468,-0.114659790371,-0.00678067087284,0.0413002532516,-0.0169533340188,0.574114207004,0.818760738334,0.00211602940734,0.0,0.818717498915,-0.574052666168,-0.0120805768234,0.0,-0.00867655672705,0.00866822797737,-0.999924786765,0.0,0.657085507781,0.254903436531,0.303359686593,1.0,-0.01366,-0.0179531428571,0.684
0.461503927098,0.521333649325,-0.124086639918,-1.39754597633,0.0772188588807,1.90949405919,0.15382053054,-0.0164037339406,-0.0742283799928,0.000942967786814,-0.122028234432,-0.0124562585398,0.0435714987664,-0.0169358776623,0.574100391692,0.818770355696,0.00214284719939,0.0,0.818727435989,-0.574038707398,-0.0120704129542,0.0,-0.00865298566824,0.00868420379602,-0.999924852398,0.0,0.656813282487,0.254551105599,0.303355136504,1.0,-0.01406,-0.0184788571429,0.704
0.4613811991,0.520348998194,-0.124095276624,-1.39910805712,0.0771174220466,1.91006039596,0.153614765583,-0.0135646827181,-0.0775608905552,-0.000358819346602,-0.120587988039,-0.00400385143283,0.0426544850858,-0.0204306927469,0.574094407945,0.818774591276,0.00212752177754,0.0,0.818731525557,-0.574032844064,-0.0120718637862,0.0,-0.008663034751,0.0086724256148,-0.999924867609,0.0,0.656622279504,0.254315036565,0.303352572182,1.0,-0.01432,-0.0188205714286,0.717
0.461165340256,0.51868872023,-0.12409703653,-1.40167137533,0.0769491108714,1.91097331127,0.153263099935,-0.0135346433187,-0.0836944369363,-0.000777234345908,-0.124291840041,-0.00976289120053,0.0383237263139,-0.0192290560603,0.574075043511,0.818788161125,0.00213038054172,0.0,0.818745162224,-0.574013499431,-0.0120668433144,0.0,-0.0086574879416,0.00867167931969,-0.999924922122,0.0,0.656306789063,0.253924647924,0.303377247242,1.0,-0.01474,-0.0193725714286,0.738
0.461036492051,0.51765359022,-0.124099995772,-1.40329421621,0.0768487407302,1.91155599471,0.153039365395,-0.0125184690573,-0.0811897519549,0.000315909537781,-0.125344802944,-0.00644804653825,0.0416767300849,-0.0163971095511,0.574060757375,0.81879820426,0.00212001047259,0.0,0.818755043884,-0.573999233349,-0.0120749795225,0.0,-0.00867025409282,0.00866770803775,-0.999924845942,0.0,0.656090544894,0.253659363953,0.303378017574,1.0,-0.01502,-0.0197405714286,0.752
0.460806714617,0.515978893271,-0.12411320149,-1.40594956769,0.0766853992627,1.91255234834,0.15268439511,-0.0133692565612,-0.0827601221166,-0.00270380919755,-0.130658356149,-0.00712503261685,0.05689451653,-0.0210229507217,0.574061736431,0.818797485292,0.00213254460773,0.0,0.818754539203,-0.57400020943,-0.0120627944257,0.0,-0.00865307128833,0.0086709862352,-0.999924966362,0.0,0.655788793639,0.253272283786,0.30337946907,1.0,-0.01542,-0.0202662857143,0.772
0.460670637723,0.514931117461,-0.124117616979,-1.40762880558,0.0765821047564,1.91318572851,0.152453846326,-0.0114847094558,-0.0808126983794,-0.00148917128977,-0.130685058132,-0.00454069504956,0.0526651424591,-0.0161861947995,0.574048345677,0.818806877185,0.00213110337017,0.0,0.818763925303,-0.573986839575,-0.0120619035894,0.0,-0.0086533109257,0.00866915326984,-0.999924980182,0.0,0.655585269428,0.253021215947,0.303369908536,1.0,-0.01568,-0.020608,0.785
0.46039271599,0.512928627544,-0.124120987903,-1.41083886561,0.0763759951706,1.91429965345,0.152008334271,-0.0112387448923,-0.0828847651891,-0.00160214290352,-0.130429688685,-0.00910149806764,0.0436677116495,-0.0185835945242,0.574026111536,0.818822680577,0.00204644765957,0.0,0.818778545222,-0.573964896007,-0.012113584839,0.0,-0.00874445724908,0.00862926757962,-0.999924532257,0.0,0.655179278084,0.252524823082,0.303342038534,1.0,-0.01616,-0.0212388571429,0.809
0.460278050657,0.512087742601,-0.124120622899,-1.4121964607,0.0762966128936,1.91478203662,0.151813179024,-0.0186485453345,-0.0859177805565,-0.000476860671749,-0.134017470148,-0.00550901150478,0.0500039159333,-0.0193057442014,0.574009606494,0.818834318334,0.00201932496367,0.0,0.81878973018,-0.57394841531,-0.0121384190299,0.0,-0.0087805347616,0.00862113765656,-0.999924286231,0.0,0.655007583825,0.252319777989,0.303326720944,1.0,-0.01636,-0.0215017142857,0.819
0.460014231532,0.510130816348,-0.12411941012,-1.41533401375,0.0761130991593,1.91597267617,0.151372059724,-0.00942405616262,-0.0852417984003,0.000831413712175,-0.134122235497,-0.00538782260607,0.049931714497,-0.0207898148201,0.573978329496,0.818856217367,0.00202964300913,0.0,0.818811659915,-0.573916994422,-0.0121447932157,0.0,-0.00878016186307,0.0086329096936,-0.99992418794,0.0,0.654624710054,0.25185219897,0.303306745706,1.0,-0.01682,-0.0221062857143,0.842
0.459889925325,0.509245846669,-0.124116825011,-1.41672331892,0.0760292236504,1.91648174943,0.151185318273,-0.0135882062298,-0.0828530765917,0.00199701798092,-0.140388152154,-0.00469078213011,0.0538094546117,-0.0224221579657,0.573975052078,0.818858501987,0.00203475227377,0.0,0.818813955689,-0.573913640134,-0.0121485200088,0.0,-0.0087803158598,0.00863919729415,-0.999924132284,0.0,0.654453054077,0.251640113561,0.303308858211,1.0,-0.01702,-0.0223691428571,0.852
0.459628316232,0.507361760915,-0.124132700852,-1.41966604946,0.0758294250801,1.91753517692,0.15076607949,-0.0130423369779,-0.0872804663201,-0.000767835354351,-0.138833125058,-0.0112697965271,0.0586645581627,-0.0185251651169,0.573955666544,0.818872133457,0.00201712405567,0.0,0.818827501586,-0.573894477297,-0.0121407773501,0.0,-0.00878429701989,0.00862011057109,-0.999924262042,0.0,0.654089223332,0.25117456188,0.303317922373,1.0,-0.01744,-0.0229211428571,0.873
0.459458592694,0.506170280233,-0.124136302144,-1.42153604391,0.0757188108263,1.91822982959,0.150518503437,-0.0110515183161,-0.0928195609047,-0.00126558029452,-0.144005733701,-0.00835678448075,0.0507066810764,-0.0230780786055,0.573961471041,0.818868029305,0.00203156216237,0.0,0.818823537869,-0.573900169911,-0.0121390159683,0.0,-0.00877450714994,0.00863098455254,-0.999924254196,0.0,0.653860665845,0.250884508787,0.303321244181,1.0,-0.0177,-0.0232628571429,0.886
0.459183121556,0.504158370473,-0.124139336107,-1.42458946685,0.0755325889186,1.91940340919,0.150097347909,-0.00936198328013,-0.0946417513214,-0.00229513552051,-0.144963475032,-0.00821640775684,0.0558556132404,-0.0153106494331,0.573951731933,0.818874571784,0.00214289485278,0.0,0.818831574717,-0.573889988236,-0.0120781020888,0.0,-0.00866083152194,0.0086870848324,-0.999924759447,0.0,0.65349503234,0.250416348788,0.303375553574,1.0,-0.01812,-0.0238148571429,0.907
0.458998352915,0.502873751883,-0.12414050481,-1.42648256622,0.0754051678936,1.92012378897,0.149831324828,-0.0131052361015,-0.0998740478139,9.87867984013e-05,-0.146143407516,-0.0121600765355,0.0486111874535,-0.0255683544188,0.573948729197,0.818876437236,0.00223241912718,0.0,0.81883473617,-0.573886737322,-0.0120180892291,0.0,-0.00856033917415,0.00872591736841,-0.999925286689,0.0,0.65327104099,0.250115556141,0.30343402852,1.0,-0.01838,-0.0241565714286,0.92
0.458709732851,0.500756931035,-0.124144046094,-1.4296607944,0.0752092523197,1.92124058107,0.149380945523,-0.0151044156283,-0.100446572578,-0.000155530854978,-0.150332670505,-0.00366239352766,0.0555011413453,-0.0230558326076,0.573928033785,0.818890802903,0.00228294929751,0.0,0.818849657344,-0.573865729438,-0.0120045885279,0.0,-0.00852050482038,0.00875933078448,-0.999925334773,0.0,0.652867975824,0.249620086828,0.303495635376,1.0,-0.0188,-0.0247085714286,0.941
0.458537457154,0.499549440961,-0.12414257441,-1.4315000559,0.0750886102807,1.92191410443,0.149131591194,-0.0146902048495,-0.100278967106,-0.00354537704997,-0.157188545547,-0.00923047334633,0.0572000402712,-0.0129079010223,0.573924870301,0.818892928871,0.0023154257613,0.0,0.818852233044,-0.573862460327,-0.0119851560885,0.0,-0.00848598702976,0.00877473964966,-0.999925493208,0.0,0.652639804592,0.249332488222,0.303520863105,1.0,-0.01904,-0.025024,0.953
0.45822119734,0.497475625973,-0.124147578046,-1.43476722664,0.0748857856071,1.92311745478,0.148649683693,-0.0164100972835,-0.100710043744,-0.000242794243987,-0.156074761791,-0.0160181597841,0.046037825129,-0.023621609153,0.573904061897,0.818907494962,0.00232149394384,0.0,0.818866841228,-0.573841591553,-0.0119862855642,0.0,-0.00848365264234,0.00878014142998,-0.999925465599,0.0,0.652236196148,0.248811973801,0.303516286834,1.0,-0.01946,-0.025576,0.974
0.458020936171,0.496197295457,-0.124147929754,-1.43681370165,0.0747550072972,1.92384083271,0.148350854965,-0.0128226804503,-0.0987163810752,-0.000240621847195,-0.158287973605,-0.0134350697724,0.0563603808896,-0.025164383471,0.573891639144,0.818916313647,0.00228137366002,0.0,0.818875075565,-0.573829272007,-0.012013496936,0.0,-0.00852909384984,0.00876277418726,-0.999925231378,0.0,0.651975911105,0.248483394252,0.303495839233,1.0,-0.01972,-0.0259177142857,0.987
0.45767963731,0.494101269152,-0.124155489271,-1.44021094196,0.0745522839302,1.92502307262,0.147864945613,-0.0152200702049,-0.106971543679,-0.000234346411003,-0.167794271145,-0.00808648712585,0.0548206229259,-0.022271852374,0.573894995813,0.81891422844,0.00218337817177,0.0,0.818871471768,-0.573832796262,-0.0120905566622,0.0,-0.00864840138737,0.00872678407963,-0.999924521348,0.0,0.65154078282,0.247928975641,0.303441619349,1.0,-0.025456,-0.0334564571429,1.008
0.457456794892,0.492329953084,-0.124222024332,-1.44282103183,0.0744031103712,1.92599351256,0.147490751096,-0.0176669356903,-0.160401970572,-0.00507309387451,-0.233733997895,-0.0169980202908,0.0914084732509,-0.0346910976669,0.573909861279,0.818903521931,0.0022890602486,0.0,0.818862336409,-0.573847411008,-0.0120153980747,0.0,-0.00852604465623,0.00877034952201,-0.999925190968,0.0,0.651225326692,0.247500438684,0.303518207241,1.0,-0.0348434285714,-0.0457942204082,1.02
0.45691262272,0.488111239447,-0.124262481164,-1.44950572625,0.0740494812302,1.92854553426,0.14648183901,-0.0338498967347,-0.236301572578,-0.00072319251213,-0.369116795573,-0.0223331397467,0.137665632229,-0.0501470034763,0.573798415462,0.818981352555,0.00238106720256,0.0,0.818940994805,-0.573735215752,-0.0120123326238,0.0,-0.00847193742546,0.00884278122004,-0.999925012937,0.0,0.650379816668,0.246501539206,0.303492760914,1.0,-0.0512714285714,-0.0673853061224,1.041
0.456395627947,0.484579296647,-0.124349750386,-1.45504424024,0.0737326183123,1.93064465614,0.145636698222,-0.0441288569025,-0.289642139728,-0.010470614832,-0.45142917321,-0.025715513769,0.171608932448,-0.061801916871,0.573782201724,0.818992501799,0.00245232190037,0.0,0.818953195411,-0.573718844821,-0.0119623461205,0.0,-0.0083902900279,0.00887228897035,-0.999925439981,0.0,0.649700930159,0.245595572425,0.303494152252,1.0,-0.0614411428571,-0.0807512163265,1.054
0.455365121566,0.477888450026,-0.124539758174,-1.46567378954,0.0730953644409,1.93431159746,0.144030301749,-0.0638116948232,-0.368893764625,-0.0143456768329,-0.580521250115,-0.0275809517871,0.203136627451,-0.0873240673612,0.573795226742,0.81898408578,0.00220270480757,0.0,0.81894142903,-0.573732803321,-0.0120976490879,0.0,-0.00864418450153,0.00874562790471,-0.999924393175,0.0,0.648323961009,0.243790970088,0.303397447999,1.0,-0.0770868571429,-0.101314155102,1.074
0.454541580775,0.472697038012,-0.124652819768,-1.47381706016,0.0725997470523,1.93717164452,0.142869937357,-0.0640626859323,-0.404088030874,-0.00828708783272,-0.650961891634,-0.0410276480932,0.226108836431,-0.0972499909377,0.573860061573,0.818938892032,0.00211370534767,0.0,0.818895003189,-0.573797945934,-0.0121506335136,0.0,-0.00873795479299,0.00870383361944,-0.999923942821,0.0,0.64726891715,0.242410110349,0.303364871988,1.0,-0.0872565714286,-0.114680065306,1.087
0.453067023659,0.463464898487,-0.124786021668,-1.48786915639,0.0717708156643,1.94240533726,0.140623656708,-0.072798149497,-0.487216899198,-0.00785030470602,-0.741644070923,-0.0404749549033,0.271427232762,-0.120662739496,0.573769642747,0.819001239751,0.00247249853936,0.0,0.818961961545,-0.573705958161,-0.0119802343345,0.0,-0.0083935012298,0.00889894836017,-0.999925176128,0.0,0.645485782078,0.24005975589,0.303505612547,1.0,-0.102902285714,-0.135243004082,1.107
0.451800038446,0.456229923462,-0.12486125373,-1.49924185907,0.0710405080523,1.9463154691,0.138904755956,-0.0955133573582,-0.533803165931,-0.000702847934007,-0.862839450951,-0.0525892254668,0.279984615034,-0.129165935034,0.573784210283,0.818991617623,0.00227094586522,0.0,0.818949308856,-0.573720943385,-0.0121266461568,0.0,-0.00862889848117,0.00881803740978,-0.999923889267,0.0,0.643958845319,0.238099754708,0.30341353791,1.0,-0.113854285714,-0.149637061224,1.121
0.449740687608,0.444445002885,-0.125060257884,-1.51700116591,0.0698249332991,1.95264973771,0.13614074679,-0.112855804396,-0.606458999606,-0.00393135210574,-0.936844776983,-0.0601091044642,0.327847262447,-0.134886556579,0.573826495884,0.818961291339,0.00251054021039,0.0,0.818922995377,-0.573763171953,-0.0119036572,0.0,-0.00830833891897,0.00888674410572,-0.999925995904,0.0,0.641627751679,0.23495600776,0.303598369478,1.0,-0.1295,-0.1702,1.141
0.448243119618,0.43617365593,-0.125147386123,-1.52976434768,0.0689938823637,1.95697194744,0.134096344953,-0.124861819792,-0.646847896217,-0.00497089660872,-0.984813179079,-0.0674227347047,0.331507596077,-0.161124811804,0.573780335713,0.818994062017,0.00236635390299,0.0,0.818953345429,-0.573717024898,-0.0120391134892,0.0,-0.00850250863818,0.00884591033604,-0.999924725775,0.0,0.639855858119,0.232714250797,0.303554742153,1.0,-0.139669714286,-0.183565910204,1.154
0.445764908794,0.422936840249,-0.125312067065,-1.54959906339,0.0676342996905,1.96394837994,0.130792462398,-0.137359543407,-0.705397274446,-0.00850818975801,-1.07375064711,-0.0722641107305,0.367088819853,-0.170786486618,0.573705680972,0.819045503898,0.00264595292438,0.0,0.819008803763,-0.573641674132,-0.0118556298345,0.0,-0.00819262918007,0.00896887360554,-0.999926217345,0.0,0.637151261633,0.229139121472,0.30373546001,1.0,-0.154533142857,-0.203100702041,1.173
0.443553863534,0.411692003015,-0.125449763491,-1.56632606877,0.0664151902799,1.96988909181,0.128010448706,-0.148882078072,-0.78181876777,-0.00468438950595,-1.13464334518,-0.084109795874,0.405506111177,-0.192171234505,0.57369827808,0.819049602119,0.00296342662218,0.0,0.819017940627,-0.573634190777,-0.0115833934263,0.0,-0.00778760088009,0.00907264710885,-0.999928517619,0.0,0.634859752335,0.22605336615,0.303914388319,1.0,-0.166267428571,-0.218522906122,1.188
0.440929968165,0.399051608852,-0.125598348157,-1.58532114293,0.0651541388677,1.97632953681,0.124801258375,-0.171858162069,-0.816276051957,-0.0178460285867,-1.19884706974,-0.0807788676027,0.419164637152,-0.205801064931,0.573747524408,0.819014641383,0.0030890673163,0.0,0.818983951031,-0.573682248374,-0.0116065824348,0.0,-0.00773396676993,0.00918932141741,-0.999927868463,0.0,0.631976570747,0.222263801232,0.303991481401,1.0,-0.179566285714,-0.236001404082,1.205
0.437877076161,0.38481960629,-0.125755239866,-1.60673713077,0.0635737640773,1.98355422729,0.12108443794,-0.181404193454,-0.857441120178,-0.00779826484705,-1.29330143188,-0.100146052714,0.417987567843,-0.231026056218,0.573707965305,0.819042614664,0.00301874325199,0.0,0.819011189514,-0.573643133406,-0.0116178245768,0.0,-0.00778396194545,0.00913779893182,-0.999927952688,0.0,0.629031476346,0.218425152085,0.303962461042,1.0,-0.192082857143,-0.252451755102,1.221
0.434265412613,0.368766648777,-0.125931964838,-1.63056692849,0.0617691274815,1.99147030431,0.116811935656,-0.214557913094,-0.894186607585,-0.00585261728324,-1.36399581746,-0.10446624698,0.442457919291,-0.239170667102,0.573669215832,0.819069582622,0.00306537626191,0.0,0.819039036686,-0.573604562208,-0.0115589575816,0.0,-0.00770942518355,0.0091418569614,-0.999928493051,0.0,0.625494107829,0.213777328307,0.304029936905,1.0,-0.206164,-0.2709584,1.239
0.430690636796,0.353842869558,-0.126126521412,-1.65265721283,0.0600446024267,1.99873055808,0.112756838662,-0.234744849264,-0.936788783873,-0.0131393457846,-1.41247948713,-0.110580307075,0.44373346642,-0.266041953102,0.57370633749,0.81904359419,0.00306203234413,0.0,0.819013439533,-0.573642205376,-0.0115044764191,0.0,-0.00766630432887,0.00910821203456,-0.999929131615,0.0,0.62216311604,0.209327409687,0.304056113231,1.0,-0.218680571429,-0.28740875102,1.255
0.426498426458,0.337200332071,-0.12632913066,-1.67706444445,0.0582223595784,2.00663727547,0.108123287842,-0.250943402672,-0.993204103994,-0.00668005639561,-1.46747497718,-0.106749231631,0.466623565712,-0.281354899265,0.573793128832,0.8189824034,0.00316466846417,0.0,0.818953051859,-0.573728037126,-0.0115232446664,0.0,-0.00762182232949,0.00920385071097,-0.999928595929,0.0,0.618401491265,0.204312502811,0.304108253508,1.0,-0.231979428571,-0.30488724898,1.272
0.422041929104,0.319875771786,-0.126472009116,-1.70239792317,0.0561682488112,2.01469807471,0.103179359944,-0.262298346367,-1.03118681927,-0.00764569194476,-1.51324055817,-0.120963890546,0.465512908359,-0.292057525277,0.573697624126,0.819049414436,0.00313682737967,0.0,0.819019702273,-0.573632631612,-0.0115359499102,0.0,-0.00764927374641,0.00918744736892,-0.999928537158,0.0,0.614365584722,0.199095966271,0.304104766682,1.0,-0.245278285714,-0.322365746939,1.289
0.41720273042,0.30180587909,-0.126638114909,-1.72852591017,0.0539857006303,2.02289640742,0.0978471891609,-0.287161943439,-1.06826835682,-0.00598919234453,-1.5665534774,-0.126784478001,0.4675871964,-0.321227361902,0.573540830175,0.819159084292,0.00317137902505,0.0,0.819130005744,-0.573475975966,-0.011492849106,0.0,-0.00759590831279,0.00918956686397,-0.999928924493,0.0,0.61011314096,0.193594839665,0.304138286963,1.0,-0.258577142857,-0.339844244898,1.306
0.411869371267,0.28303473335,-0.126847563559,-1.75535364715,0.0517520425309,2.0311204553,0.0922680371658,-0.313758951822,-1.10936852326,-0.00742717464349,-1.58471965642,-0.124281957087,0.473367639418,-0.333849312096,0.573564139977,0.819142415609,0.00325993622647,0.0,0.819114244701,-0.573498723506,-0.0114810786564,0.0,-0.00753521431601,0.00925557340394,-0.999928774917,0.0,0.605655360086,0.187755271375,0.304204113081,1.0,-0.271876,-0.357322742857,1.323
0.406052071671,0.263583737321,-0.127088487232,-1.78289761388,0.0493969299971,2.03939832847,0.0862383831544,-0.35012878706,-1.16585131789,-0.0133570626171,-1.59572498777,-0.136579088378,0.47788429138,-0.355720108722,0.573553118974,0.819149727819,0.00336006395755,0.0,0.819122640311,-0.573487142921,-0.0114605381901,0.0,-0.00746108690906,0.0093257114334,-0.999928679101,0.0,0.600975969829,0.181593232529,0.304271237677,1.0,-0.285174857143,-0.374801240816,1.34
0.399702093763,0.243604141608,-0.127388865026,-1.81107426603,0.0468413133871,2.04768971747,0.0799163035579,-0.381499174824,-1.18763102095,-0.0126399766565,-1.67086025594,-0.148863919352,0.475961260094,-0.373011835912,0.573661101827,0.819074232744,0.00332992588848,0.0,0.819047104417,-0.57359563514,-0.0114295667142,0.0,-0.00745177610182,0.00928424274198,-0.999929134424,0.0,0.596088468774,0.175071211436,0.304269833847,1.0,-0.298473714286,-0.392279738775,1.357
0.393399951326,0.22417081745,-0.127576342472,-1.83811324206,0.0444338061232,2.05544668174,0.0735194089436,-0.391435946052,-1.23520997099,-0.00772051417053,-1.69907787244,-0.15481282661,0.471000577675,-0.400639530598,0.573534480201,0.81916247451,0.00343326025163,0.0,0.819135998872,-0.57346786981,-0.0114701590949,0.0,-0.00742720246088,0.00939101960616,-0.999928320138,0.0,0.591234410802,0.168830842659,0.304306060219,1.0,-0.310990285714,-0.408730089796,1.373
0.386094055901,0.202989598211,-0.127845440453,-1.86740882423,0.0415905949654,2.0635499654,0.0663288954791,-0.450363246991,-1.25433915949,-0.0181958129158,-1.73452006686,-0.16579540472,0.46717054665,-0.423605898537,0.573461579648,0.819214023985,0.00330854571872,0.0,0.819186120414,-0.573395584144,-0.0115043951125,0.0,-0.00752760123819,0.00930782253005,-0.999928347263,0.0,0.585852703846,0.161803660936,0.304277987081,1.0,-0.324289142857,-0.426208587755,1.39
0.378153316223,0.181173860648,-0.128213766626,-1.89709564065,0.0387354289167,2.07146419498,0.0586340404876,-0.486968104135,-1.27137664505,-0.0306164571138,-1.74156254535,-0.161979351015,0.460360857403,-0.462007489836,0.573497745987,0.81918877421,0.00329157374253,0.0,0.819160134918,-0.573431162187,-0.0115811266673,0.0,-0.00759978432132,0.00933825582106,-0.999927517501,0.0,0.58027025327,0.154424386537,0.304306724881,1.0,-0.337588,-0.443687085714,1.407
