position_joint1,position_joint2,position_joint3,position_joint4,position_joint5,position_joint6,position_joint7,velocity_joint1,velocity_joint2,velocity_joint3,velocity_joint4,velocity_joint5,velocity_joint6,velocity_joint7,ee_T_00,ee_T_10,ee_T_20,ee_T_30,ee_T_01,ee_T_11,ee_T_21,ee_T_31,ee_T_02,ee_T_12,ee_T_22,ee_T_32,ee_T_03,ee_T_13,ee_T_23,ee_T_33,v_x,v_y,time
0.465060575222,0.547777455476,-0.123984350189,-1.35584474072,0.0796008819888,1.89409872819,0.159163670529,-0.000195045882816,0.000192908704664,-0.000517503010208,0.000820081517246,0.000535446645156,-1.86267172062e-05,-0.000189276712594,0.573844596403,0.818950031455,0.00199300277563,0.0,0.818906483063,-0.573784897686,-0.0119920842685,0.0,-0.0086775299645,0.00851383956859,-0.999926104775,0.0,0.661670921306,0.260899095849,0.303211326109,1.0,0.0,0.0,0.0
0.465057553975,0.547774977211,-0.123984240311,-1.35584545597,0.0795995200765,1.89409954198,0.159167536252,1.56284197084e-05,-0.00185945641211,-0.000502382130488,0.000745857322718,-0.000521593739208,0.000221010266096,0.00127857046271,0.573849839012,0.818946354288,0.00199448372857,0.0,0.818902838313,-0.57379014623,-0.0119898454539,0.0,-0.00867479212934,0.00851382318729,-0.99992612867,0.0,0.66167182505,0.260896943088,0.303212805808,1.0,-0.0002,-0.000262857142857,0.011
0.465059542884,0.547779234108,-0.123979660675,-1.35585543244,0.079599559073,1.89409791583,0.159166837177,0.000259163129818,0.00160112712675,-0.000682478829283,0.00274180490786,3.06328096325e-05,-5.1648753613e-05,-0.00178013143399,0.573846089575,0.818948992245,0.00199009576622,0.0,0.818905423267,-0.57378641998,-0.0119916175313,0.0,-0.00867880026137,0.00851120691092,-0.999926116162,0.0,0.66167160817,0.260898507276,0.303209318665,1.0,-0.00042,-0.000552,0.022
0.465059705171,0.54776376007,-0.123987548941,-1.35586321568,0.0795987246447,1.89410115686,0.159160854051,0.00177333016494,-0.00223530769176,-0.00100235364287,-0.00466053271236,-0.000249912455363,-3.594281881e-05,-0.000915748511372,0.573845667194,0.818949288769,0.00198986665252,0.0,0.818905719279,-0.57378600105,-0.0119914482848,0.0,-0.00867879750874,0.00851091768552,-0.999926118648,0.0,0.661668614965,0.260894470648,0.303212547777,1.0,-0.00082,-0.00107771428571,0.042
0.465056568389,0.547709498131,-0.123982430818,-1.35590238109,0.0795988121929,1.89410453548,0.159166416342,-0.000775432966713,-0.00508660174177,-0.000359930879317,-0.00208770174224,0.000302419023495,-0.000194588848951,0.00160738066021,0.573851303883,0.818945291448,0.00200936531371,0.0,0.818901916421,-0.573791495813,-0.0119882240538,0.0,-0.00866490973904,0.00852509524519,-0.999926118316,0.0,0.661661386246,0.260891668744,0.303232470515,1.0,-0.00108,-0.00141942857143,0.055
0.465060852581,0.547560738213,-0.123979926477,-1.35610418344,0.0795944587973,1.89414223878,0.159153347331,-0.00074538229765,-0.0077488700679,0.0014384698659,-0.0109105028848,0.000142624099631,0.000278862614351,-0.0012795146857,0.573845207208,0.818949578889,0.00200307320581,0.0,0.818905986069,-0.573785293121,-0.0120070928963,0.0,-0.0086840369192,0.00853070559233,-0.999925904537,0.0,0.661625121146,0.260875803837,0.303244985559,1.0,-0.0015,-0.00197142857143,0.076
0.465047034251,0.54744973223,-0.123983229138,-1.3562598521,0.0795920133228,1.89418814375,0.159160709014,-0.00235643653695,-0.00652996107872,0.000145497573863,-0.0172546900459,4.00960324212e-05,0.000265458821316,-0.00168192212936,0.573872834045,0.81893020886,0.00200755132676,0.0,0.818886614465,-0.573812838506,-0.0120119073479,0.0,-0.00868512228348,0.00853742859331,-0.999925837732,0.0,0.661606017344,0.260850450496,0.303253618477,1.0,-0.00176,-0.00231314285714,0.089
0.465027577469,0.547239657901,-0.12398035262,-1.35651970198,0.0795911817312,1.89433703402,0.15914003259,-0.00462363545923,-0.0105034201341,0.0014589926226,-0.0165340691437,-0.000167298874034,0.0111144790597,-0.00140380701008,0.573884456258,0.818921833428,0.00209964313239,0.0,0.818879372501,-0.573824005035,-0.0119721108996,0.0,-0.00859956294477,0.0085901281912,-0.999926125879,0.0,0.661586148357,0.26082115039,0.303291578133,1.0,-0.00216,-0.00283885714286,0.109
0.465014742265,0.547082182974,-0.123984975416,-1.35669619987,0.079589754452,1.89443811785,0.159130186396,0.00347388551445,-0.0137179092188,0.0011357387434,-0.0141296725115,0.000241691872735,0.00833294009394,-0.00162023869702,0.573899808905,0.818910882955,0.00217302066983,0.0,0.81886937764,-0.573839053036,-0.0119344239592,0.0,-0.00852642969874,0.00862874984322,-0.999926419629,0.0,0.661574487701,0.260797746817,0.303328041273,1.0,-0.00242,-0.00318057142857,0.122
0.464975813944,0.546795681585,-0.123982478519,-1.35711804665,0.0795796101659,1.89460641976,0.159106877967,-0.00065429713228,-0.0103117073495,0.000820931148098,-0.0207057491348,0.000267745696394,0.00187865855767,-0.000535598520298,0.573931846905,0.818888331807,0.0022095338965,0.0,0.81884717369,-0.573870808202,-0.0119309905519,0.0,-0.00850232564299,0.00865701270347,-0.999926380585,0.0,0.661529000672,0.260736913828,0.303344688726,1.0,-0.00286,-0.00375885714286,0.144
0.464955956153,0.546608714311,-0.123985363955,-1.35740124517,0.0795739543022,1.89470370277,0.159045270886,-0.002188049286,-0.0195675233011,-0.0014492367261,-0.0236586206879,-0.000301961391246,0.0124828823626,-0.00745728344706,0.573913973274,0.818900839299,0.00221665900445,0.0,0.818859672283,-0.573852804302,-0.0119391375053,0.0,-0.00850509748722,0.00866733738219,-0.999926267571,0.0,0.661494516706,0.260696633169,0.303350840058,1.0,-0.0031,-0.00407428571429,0.156
0.464906935532,0.546266453266,-0.123982478651,-1.35792281515,0.0795598750496,1.89489269129,0.158949655031,-0.00123705601392,-0.020166825979,0.000652035844864,-0.0303098025871,0.000122441266123,0.0148308622884,0.00140874441225,0.57389921959,0.81891112723,0.00223569989543,0.0,0.818870028995,-0.573837792118,-0.0119503494229,0.0,-0.00850350874379,0.00868921114009,-0.999926091243,0.0,0.661434443476,0.260619008432,0.303361252256,1.0,-0.0035,-0.0046,0.176
0.464872162911,0.546042129946,-0.123985930002,-1.35830050726,0.0795513492822,1.89502247154,0.158922037005,-0.00384199500882,-0.0129176201825,-0.000528492988468,-0.030101497897,0.000402400744397,0.0092769945828,-0.000729399977358,0.573926330867,0.818892163749,0.00222211374832,0.0,0.818850759737,-0.573864824119,-0.0119726278958,0.0,-0.00852926246273,0.00869115326174,-0.99992585502,0.0,0.661389866116,0.260559546871,0.303351692501,1.0,-0.00376,-0.00494171428571,0.189
0.464787029927,0.545614222879,-0.12397825173,-1.35901638697,0.0795108811715,1.8952677417,0.15881716512,-0.0076591333933,-0.0250627309829,0.00233840631872,-0.0356784180363,-0.00375304298124,0.0123008513722,-0.00140996319365,0.573934013189,0.818886868929,0.00218890433369,0.0,0.818844928489,-0.573872537537,-0.0120016936377,0.0,-0.0085720422788,0.00868072053792,-0.999925579822,0.0,0.661308337996,0.260438417155,0.303334893691,1.0,-0.00418,-0.00549371428571,0.21
0.464738621524,0.545326843743,-0.123986426889,-1.35953062364,0.0794531032922,1.89544355915,0.158737985602,-0.00249783758673,-0.0224469275818,0.00397277070847,-0.0389682643322,-0.000418814842207,0.0182136843017,-0.00234573008125,0.57392789837,0.818891315164,0.0021279856696,0.0,0.818848827305,-0.573866926589,-0.0120039780884,0.0,-0.00860893855671,0.00863208268076,-0.999925683901,0.0,0.661250541744,0.260346972074,0.303309013339,1.0,-0.00444,-0.00583542857143,0.223
0.464639772459,0.544809022631,-0.123984260538,-1.36039516179,0.0794157287776,1.8957221751,0.158673700065,0.000282622944915,-0.0242870965559,-0.000500707800615,-0.0423551240967,-0.000241272961737,0.017919135605,-0.00877397661664,0.573992811733,0.81884594345,0.00207843110604,0.0,0.818802594847,-0.573931827658,-0.0120546578018,0.0,-0.0086781969595,0.00862127769526,-0.999925178435,0.0,0.661148346633,0.260199893485,0.303288118348,1.0,-0.00486,-0.00638742857143,0.244
0.464590273596,0.544476567691,-0.123991739988,-1.36095282505,0.0793952359412,1.89592626609,0.158568784698,-0.00606869154586,-0.0267786850993,-0.000547912898109,-0.0420480451227,-0.000226572904194,0.018874719588,-0.0120646889341,0.573978375748,0.818856095502,0.00206541374755,0.0,0.818812479362,-0.573917352527,-0.012072406996,0.0,-0.00870035477497,0.00862065308474,-0.99992499127,0.0,0.661085301132,0.260111535993,0.303275921524,1.0,-0.00512,-0.00672914285714,0.257
0.464500044873,0.543889835088,-0.123993386662,-1.36190100205,0.0793529144615,1.89626290265,0.158483087931,-0.00542288537141,-0.0336138199808,-7.4454104e-05,-0.0465841985242,-0.00129925122165,0.0173822296104,-0.000955415554282,0.574024796109,0.818823590689,0.00205126423428,0.0,0.818779633035,-0.573963673102,-0.0120979910977,0.0,-0.00872893741544,0.00862424629365,-0.99992471118,0.0,0.660975936598,0.259962082783,0.303269036798,1.0,-0.00552,-0.00725485714286,0.277
0.464447589596,0.543498233438,-0.123995600473,-1.36254301324,0.0793202529481,1.89648309157,0.158392179532,-0.00654065469575,-0.0304979767047,0.000536673422808,-0.0533949646607,-0.000327584852649,0.00887570399115,-0.00554250739328,0.574021853478,0.818825710678,0.00202834028071,0.0,0.8187813721,-0.573960750584,-0.0121189270126,0.0,-0.00875926995687,0.0086174620969,-0.999924504419,0.0,0.660898327949,0.259864716085,0.303259673916,1.0,-0.00578,-0.00759657142857,0.29
0.464357408737,0.542804115261,-0.124001989259,-1.3636358188,0.0792548597102,1.89687364791,0.158249488338,-0.0040494829563,-0.0349700506319,0.000579136336363,-0.0561913697471,-0.00297463083439,0.01560643852,-0.00353824626741,0.574026660547,0.81882236102,0.00202014259185,0.0,0.818777911424,-0.573965589173,-0.0121235766716,0.0,-0.00876773214728,0.0086134701988,-0.999924464649,0.0,0.660771318584,0.259696732785,0.303264576836,1.0,-0.0062,-0.00814857142857,0.311
0.464299757658,0.542355773563,-0.123999610546,-1.36433725564,0.0792207722586,1.8971249409,0.158154666861,-0.000834411159983,-0.0316176305383,5.70527826554e-05,-0.0531651378681,-0.00403254497554,0.0189578392145,-0.00847886591767,0.57402443178,0.818823914349,0.00202383575142,0.0,0.818779406024,-0.57396323932,-0.0121338815796,0.0,-0.00877407401567,0.00862238552111,-0.999924332184,0.0,0.660687895211,0.259594178309,0.303269508045,1.0,-0.00646,-0.00849028571429,0.324
0.46421208934,0.54161693048,-0.124002689017,-1.36545828718,0.0791593035229,1.89753837799,0.158004151054,-0.00335288515472,-0.0448406728795,0.000435124117955,-0.0586061799897,-0.00733094297692,0.0177739090605,-0.00234700379738,0.574020978799,0.818826261419,0.00205339013385,0.0,0.818782091437,-0.573959609832,-0.0121243525682,0.0,-0.0087493437375,0.00864107816439,-0.999924387518,0.0,0.660558151245,0.259429217542,0.30329430233,1.0,-0.00686,-0.009016,0.344
0.46414901175,0.541118800857,-0.124009860097,-1.36623162011,0.0791131033922,1.89783636494,0.157906262575,-0.00185402962981,-0.0377732277587,-0.00444533417844,-0.061396499241,-0.00283031303774,0.0264879078935,-0.0161702545849,0.574028177431,0.818821171679,0.00207056194538,0.0,0.818777270886,-0.573966776925,-0.0121105973062,0.0,-0.00872814775366,0.00864731964581,-0.999924518801,0.0,0.66047280891,0.259310880954,0.303304438509,1.0,-0.00712,-0.00935771428571,0.357
0.46404695157,0.540242579272,-0.124007355795,-1.36755715188,0.0790302952784,1.89831622406,0.15773713348,-0.00387839870872,-0.0468939092911,-0.00018154858275,-0.0668883413097,-0.00135531271334,0.0197200624747,-0.00989486522223,0.574022749392,0.818824911334,0.00209634448192,0.0,0.818781338866,-0.573961229311,-0.012098482268,0.0,-0.00870348578354,0.00866141855572,-0.99992461174,0.0,0.66031594976,0.259118253281,0.303334332583,1.0,-0.00754,-0.00990971428571,0.378
0.463971748999,0.539681739634,-0.124005312728,-1.36842421613,0.0789833198314,1.89865558079,0.157632989619,-0.00206578961732,-0.0399443619491,-2.60661904779e-05,-0.0712315513519,-0.00434355497729,0.0272860254437,-0.00523366276867,0.574033201548,0.818817504924,0.00212698204155,0.0,0.818774297021,-0.573971512576,-0.0120871911543,0.0,-0.00867654365324,0.00868013438135,-0.999924683592,0.0,0.660219632223,0.258989642991,0.303347304789,1.0,-0.0078,-0.0102514285714,0.391
0.463851078099,0.538801078668,-0.124005915534,-1.36980324127,0.078903409271,1.89917485367,0.157467475895,-0.00941417288453,-0.0434420980864,0.000345825874484,-0.0716035891777,-0.00211593826792,0.0202079478589,-0.0122707261575,0.57405187375,0.818804366413,0.00214538792519,0.0,0.818761373976,-0.573990078533,-0.0120809408136,0.0,-0.00866066244951,0.00869181482044,-0.999924719807,0.0,0.660063233138,0.258779795319,0.303358132424,1.0,-0.0082,-0.0107771428571,0.411
0.463750596559,0.538150688225,-0.124008500145,-1.37079731426,0.0788431361367,1.89955904913,0.157339495951,-0.00755324786617,-0.0456099278737,-0.00247967337308,-0.0781935255229,-0.00595193034516,0.0219365008006,-0.00942115445065,0.574070033517,0.818791547247,0.0021784572,0.0,0.818749022897,-0.574008131748,-0.0120602277783,0.0,-0.00862452646412,0.00870719270927,-0.999924898349,0.0,0.659956800731,0.25861882713,0.303377740958,1.0,-0.00848,-0.0111451428571,0.425
0.463624190468,0.537206960511,-0.124017315079,-1.37228656237,0.0787572901295,1.90011325066,0.157156182016,-0.00788193030525,-0.0492308130596,-0.000479457801417,-0.0754609967647,-0.00318774769032,0.0296850530929,-0.0148722324859,0.574088826948,0.818778353265,0.00218492558242,0.0,0.818735909507,-0.574026891505,-0.0120575791159,0.0,-0.00861844466436,0.00871116620132,-0.999924916179,0.0,0.659786587059,0.258389615652,0.3033836302,1.0,-0.00888,-0.0116708571429,0.445
0.463534676551,0.536557095002,-0.124018028,-1.37330021816,0.0787038822072,1.90048980093,0.157037749357,-0.00305858154622,-0.0506281582447,-0.000871754362046,-0.0796907503399,-0.00640710209143,0.0259727226828,-0.00549413996489,0.574107187706,0.8187654405,0.00219940186973,0.0,0.818723113188,-0.574045115325,-0.0120588724515,0.0,-0.00861099790316,0.00872395445916,-0.999924868845,0.0,0.659669984573,0.258235254717,0.303392607607,1.0,-0.00914,-0.0120125714286,0.458
0.463383781619,0.535498573447,-0.124029661655,-1.37499646782,0.0786046219374,1.90111419159,0.156835265131,-0.0118930798763,-0.050179346719,-0.000779506125126,-0.0841874987644,-0.00472524509336,0.0363167128363,-0.00490294756879,0.574139830457,0.81874258783,0.00218560215392,0.0,0.818700081443,-0.574077813371,-0.012065974554,0.0,-0.00862438757179,0.00871707707688,-0.999924813427,0.0,0.659475766196,0.257967815987,0.30338681856,1.0,-0.00956,-0.0125645714286,0.479
0.463293003521,0.53481078805,-0.124027225203,-1.37608932748,0.0785494893546,1.90150440677,0.156695566743,-0.00853837861537,-0.0480383237455,0.00180638288967,-0.0833197092127,-0.00476208779413,0.0336939864015,-0.00887860242212,0.574143219034,0.818740227946,0.00217946818202,0.0,0.818697494337,-0.574081079014,-0.012086123723,0.0,-0.00864437067725,0.00872365907703,-0.99992458347,0.0,0.659343690711,0.257806223619,0.303385691164,1.0,-0.00982,-0.0129062857143,0.492
0.46312422843,0.533702285148,-0.12403391404,-1.3779101876,0.0784442632884,1.9021733101,0.156477290016,-0.00974193844575,-0.04987808928,0.000464986418336,-0.0847723049631,-0.00393509244962,0.0321811802015,-0.00794752190175,0.574179038883,0.818715208621,0.00214135050229,0.0,0.818671925161,-0.574117005677,-0.0121115501186,0.0,-0.00868669178935,0.00870742938965,-0.999924358169,0.0,0.659133634117,0.257517834344,0.303359143472,1.0,-0.01024,-0.0134582857143,0.513
0.463031624847,0.533047375754,-0.124033984182,-1.37895976159,0.0783827977335,1.90257437269,0.156338702902,-0.00828241393717,-0.0543777222916,-2.34375149148e-05,-0.0921738407394,-0.00367150450421,0.0331227491974,-0.0176371309952,0.574182486411,0.818712777108,0.00214657861276,0.0,0.818669547762,-0.574120415959,-0.012110592381,0.0,-0.00868286928674,0.00871119630488,-0.999924358559,0.0,0.659013780867,0.257358029348,0.303356177217,1.0,-0.01048,-0.0137737142857,0.525
0.462877773775,0.531903017067,-0.124033938169,-1.38080190365,0.0782861572146,1.90326140383,0.156102065477,-0.0030255191092,-0.06158339689,-0.000380621351542,-0.0956939785832,-0.00870085819284,0.0365209889668,-0.0117418968509,0.574191976541,0.818706128784,0.00214375091081,0.0,0.818662746562,-0.574129800839,-0.0121254311421,0.0,-0.00869654094208,0.00871750212141,-0.999924184792,0.0,0.65878605089,0.257066236556,0.303349322955,1.0,-0.0109,-0.0143257142857,0.546
0.462769810801,0.531078577228,-0.124031890647,-1.38212498066,0.0782114083473,1.90372873108,0.155943176634,-0.00201355783792,-0.0632866563709,0.00174600197304,-0.0931354666493,-0.00392946695213,0.028975244385,-0.0119419134698,0.574198274375,0.818701772681,0.00212038094335,0.0,0.818657929024,-0.574136043777,-0.0121550559236,0.0,-0.00873414686493,0.00871544660742,-0.999923874937,0.0,0.658634206725,0.256887460587,0.303337436425,1.0,-0.01116,-0.0146674285714,0.559
0.462596386723,0.529802712903,-0.124041819944,-1.38415928629,0.0780790613352,1.90445614655,0.155654052332,-0.00768452787145,-0.0581208149924,-0.00344174815215,-0.0924644726434,-0.00677177480909,0.036348477182,-0.0226695682288,0.574185469684,0.818710839967,0.00208658234273,0.0,0.818666611788,-0.574123446549,-0.0121652688759,0.0,-0.00876205035028,0.00869350329693,-0.999923821835,0.0,0.658391830582,0.256570720287,0.303331395762,1.0,-0.01158,-0.0152194285714,0.58
0.462493902886,0.528978484693,-0.124040271198,-1.38542508454,0.0780018693115,1.90493353738,0.155491747014,-0.00767753657446,-0.0610021172164,0.000946501342992,-0.0935505304967,-0.00411412753632,0.0357100090273,-0.0102492649918,0.574183384445,0.818712224881,0.00211678009751,0.0,0.81866839241,-0.574121229677,-0.0121500536374,0.0,-0.00873227717678,0.00870946756248,-0.999923943363,0.0,0.65824297164,0.25638462292,0.303350716371,1.0,-0.01184,-0.0155611428571,0.593
0.462322385308,0.527596270139,-0.12404349413,-1.38755757184,0.0778635046222,1.9057580967,0.155189209707,-0.00567632078931,-0.0673679198142,-0.000327318531422,-0.0994666161065,-0.00511881132146,0.0420811751086,-0.0150773748589,0.574156846623,0.818730688998,0.00217284821909,0.0,0.818687721634,-0.574094584686,-0.0121065759009,0.0,-0.00866477165656,0.00873012568259,-0.999924350457,0.0,0.657996944926,0.256068439485,0.303380383305,1.0,-0.01226,-0.0161131428571,0.614
0.462221654209,0.526784732362,-0.124041124508,-1.38880181864,0.0777885032553,1.90623016179,0.155023793328,-0.0132840911745,-0.0717292917672,0.00201987110219,-0.103401103946,-0.010388029533,0.0423787765531,-0.0185232061112,0.574149326845,0.818735871669,0.00220676838233,0.0,0.818693339588,-0.574086912817,-0.0120904568581,0.0,-0.00863218008294,0.00874856267992,-0.999924471207,0.0,0.657850242878,0.255886396869,0.303400134718,1.0,-0.0125,-0.0164285714286,0.626
0.462048789057,0.525408247267,-0.124049266102,-1.39096707398,0.077653942351,1.90701876941,0.154734040064,-0.00811197324935,-0.0694608096797,-0.000515540789073,-0.107990737818,-0.0055517802177,0.0449452660944,-0.0160368198021,0.574139842654,0.818742533491,0.00220268745198,0.0,0.818699965168,-0.57407746453,-0.012090436461,0.0,-0.00863460759449,0.00874510979803,-0.999924480452,0.0,0.657589184469,0.255560769567,0.30340655673,1.0,-0.0129,-0.0169542857143,0.646
0.4619185386,0.524433015264,-0.124049725559,-1.39250918302,0.0775581651486,1.90756556118,0.154522508134,-0.00351541713057,-0.0636632598113,0.000460824817356,-0.112861371854,-0.000281875534705,0.0389605986602,-0.0231506997101,0.574130635779,0.818749037888,0.00218470104809,0.0,0.818706193492,-0.574068294184,-0.0121041005996,0.0,-0.00865621977552,0.00873813148791,-0.999924354598,0.0,0.657400259047,0.25532624832,0.303405819222,1.0,-0.01318,-0.0173222857143,0.66
0.461730964064,0.523018324699,-0.124058122937,-1.39476268188,0.077422426026,1.90841157023,0.154222747064,-0.00735808193954,-0.0747398467362,-0.000439404419533,-0.114494773673,-0.0106724208502,0.0482297612529,-0.0159875603421,0.574129254547,0.81874999866,0.00218761695354,0.0,0.81870720379,-0.574066912173,-0.0121013103851,0.0,-0.00865227593516,0.00873890232037,-0.999924381995,0.0,0.657133374208,0.254984596761,0.303401377403,1.0,-0.01358,-0.017848,0.68
0.461609133436,0.522080356639,-0.124056357934,-1.39625224567,0.0773254336662,1.90899598405,0.154029468286,-0.0106780448371,-0.0725630478169,0.000277942992915,-0.112532095404,-0.00656169287689,0.0481858230475,-0.0152524725182,0.574123334396,0.818754089625,0.00221009648485,0.0,0.818711666344,-0.574060975804,-0.01208099132,0.0,-0.00862279692083,0.00874557917484,-0.999924578265,0.0,0.656959776903,0.254765034782,0.303402139832,1.0,-0.01384,-0.0181897142857,0.693
0.461399308532,0.520527689747,-0.124059475637,-1.39874721822,0.0771782040264,1.90992701282,0.153692503998,-0.00775821854429,-0.0717695475004,0.00056483357229,-0.123240843848,-0.00977921707886,0.0389365114794,-0.0103163012072,0.574115165249,0.818759844695,0.00220014730106,0.0,0.818717229854,-0.574052787641,-0.0120930328433,0.0,-0.00863845531833,0.0087442604069,-0.999924454646,0.0,0.656660110697,0.254388999276,0.303386139515,1.0,-0.01426,-0.0187417142857,0.714
0.461274198802,0.519512096327,-0.124065252564,-1.40031649204,0.0770785447652,1.91048943824,0.153479707583,-0.0108289620718,-0.0802469880528,-0.000227828944668,-0.122417523597,-0.00567912043839,0.038715863052,-0.00415642686821,0.574103993847,0.818767665706,0.00220470948701,0.0,0.818725127201,-0.574041615187,-0.012088714748,0.0,-0.00863241996146,0.0087453988485,-0.999924496812,0.0,0.656466981933,0.254152636437,0.303401238744,1.0,-0.01452,-0.0190834285714,0.727
0.46107411252,0.517929029619,-0.124068452776,-1.40279051759,0.0769197442658,1.91137481839,0.153134423994,-0.00594065706602,-0.0848592314277,-8.07422588071e-05,-0.125338783436,-0.00253282438445,0.0380724549657,-0.0264417382992,0.57407568395,0.818787539701,0.00219563867744,0.0,0.818744884975,-0.57401334992,-0.0120927392401,0.0,-0.00864122466854,0.00873998375827,-0.999924468108,0.0,0.656160374034,0.253781041334,0.303411610416,1.0,-0.01492,-0.0196091428571,0.747
0.460924931347,0.516809743314,-0.124073851448,-1.40455639631,0.0768086254075,1.91201339177,0.152896665736,-0.0107484293953,-0.0773276996342,3.42967403484e-05,-0.128368867775,-0.00703863006718,0.0428547922962,-0.0194427991007,0.574070434753,0.81879124694,0.00218558399835,0.0,0.818748464749,-0.574008148302,-0.0120972747393,0.0,-0.00865076619855,0.00873429947446,-0.999924435273,0.0,0.655944121362,0.253510520574,0.303411883969,1.0,-0.0152,-0.0199771428571,0.761
0.460690305731,0.515130598318,-0.124075757135,-1.40724952091,0.0766460350103,1.91302939768,0.152526976571,-0.0143765736681,-0.0766850583983,-0.00311706061551,-0.129370634873,-0.00344686492719,0.0452312686302,-0.0155188129223,0.574059780484,0.818798717769,0.00218520309189,0.0,0.818755901318,-0.573997467475,-0.012100755785,0.0,-0.00865394889548,0.00873587332933,-0.999924393985,0.0,0.655620953343,0.253100602608,0.303395724616,1.0,-0.01562,-0.0205291428571,0.782
0.460562835562,0.51415429264,-0.124078758914,-1.4088402527,0.0765482386001,1.91359117129,0.152305713492,-0.0133206480708,-0.0773100231409,-0.00146227199024,-0.131230357842,-0.00958173560698,0.0510280740304,-0.0242959811865,0.574042371287,0.818811044789,0.00213911184842,0.0,0.818767563573,-0.573980196605,-0.0121308551982,0.0,-0.00870523798255,0.00871522807523,-0.999924128937,0.0,0.655419104394,0.25286167156,0.303371763166,1.0,-0.01586,-0.0208445714286,0.794
0.460317573018,0.512418529487,-0.124078732319,-1.41163703122,0.0763684686087,1.91457340081,0.151915860321,-0.0140124856193,-0.0827896780374,0.00228877477361,-0.131435853945,-0.0163439663893,0.0457836651625,-0.0184560437207,0.574021892022,0.818825585454,0.0020676040976,0.0,0.818781100267,-0.573959965248,-0.012174359942,0.0,-0.00878212451416,0.0086814314305,-0.999923750612,0.0,0.655067138129,0.252429552608,0.303341920105,1.0,-0.01628,-0.0213965714286,0.815
0.460169829199,0.511311015357,-0.124084318851,-1.41339794733,0.0762648235583,1.91524868402,0.151657476612,-0.01331499649,-0.0878019089374,0.00028391032003,-0.137798750533,-0.00618984325696,0.0504054096858,-0.0214728979556,0.573999704645,0.818841093844,0.0020854257261,0.0,0.818796834825,-0.573937695023,-0.0121660351974,0.0,-0.00876531389382,0.00869100792261,-0.999923814925,0.0,0.654855666753,0.252164142052,0.303338143837,1.0,-0.01654,-0.0217382857143,0.828
0.459923916811,0.509495190832,-0.124090162252,-1.41630268397,0.0760839161865,1.91633281749,0.151251758011,-0.00726332464927,-0.0852531094265,-0.000428234864685,-0.136210392215,-0.0106620255024,0.0530044136412,-0.0197235029998,0.573975814162,0.818857863727,0.0020762154452,0.0,0.818813493412,-0.57391385741,-0.0121693952384,0.0,-0.00877360509193,0.00868513897744,-0.999923793204,0.0,0.654499731873,0.25172323391,0.303320856692,1.0,-0.01696,-0.0222902857143,0.849
0.459756847133,0.508349542477,-0.124092949944,-1.41810858953,0.0759678554601,1.91697188302,0.151003450028,-0.0148433631691,-0.0838393827936,-0.000945362242672,-0.136107029069,-0.00666611426889,0.0533885628382,-0.0275123544796,0.573973588463,0.818859476723,0.00205524403013,0.0,0.81881481381,-0.573911706985,-0.012181960912,0.0,-0.00879595487761,0.00867515510064,-0.999923683519,0.0,0.654274724809,0.251437715215,0.3033183432,1.0,-0.01722,-0.022632,0.862
0.459491600997,0.506426845199,-0.124097922014,-1.42110998259,0.0757732701869,1.91806699321,0.150595839484,-0.0132333431382,-0.100289153421,-0.00154666179477,-0.142653371775,-0.0101456232476,0.0537580349171,-0.0279588823526,0.573963300437,0.818866670096,0.00206234277471,0.0,0.818822145259,-0.573901433375,-0.0121731715066,0.0,-0.00878479207606,0.00867581266603,-0.999923775946,0.0,0.653903648228,0.250973398387,0.30332938098,1.0,-0.01764,-0.023184,0.883
0.459332342108,0.505298978696,-0.124103239514,-1.42283847077,0.0756704570842,1.91873915787,0.150352174092,-0.0190245593835,-0.0985720328759,0.0002520332409,-0.146596996589,-0.0057494241778,0.0621542185193,-0.0215180782634,0.573959729041,0.818869019347,0.0021226147248,0.0,0.818825311169,-0.573897625558,-0.0121396898042,0.0,-0.00872282027595,0.00870591134897,-0.999924056873,0.0,0.653699779926,0.250704869517,0.30335340873,1.0,-0.01788,-0.0234994285714,0.895
0.45905908469,0.503241576735,-0.124104295257,-1.42590327592,0.075481320459,1.91989806083,0.149935069837,-0.00928199563573,-0.104507412692,0.00124084799986,-0.145018316566,-0.00332938447986,0.0566127402977,-0.0153844142034,0.573949337245,0.818875958722,0.00225153395267,0.0,0.818833972742,-0.573886720112,-0.0120708103674,0.0,-0.0085925364098,0.00877183498662,-0.999924608773,0.0,0.65332814382,0.250237194138,0.30343225987,1.0,-0.0183,-0.0240514285714,0.916
0.458883373841,0.501935195201,-0.124117496626,-1.42782695411,0.07535527484,1.92060086355,0.149659019572,-0.0166001856921,-0.0964928308154,-0.000660145545482,-0.146184421363,-0.00881817824707,0.0555961523787,-0.0174861464978,0.573940927425,0.818881664572,0.00231908523851,0.0,0.818840670184,-0.5738781424,-0.0120242017959,0.0,-0.00851569000647,0.0088003122745,-0.999925015952,0.0,0.653093781312,0.249931046408,0.303489950479,1.0,-0.01856,-0.0243931428571,0.929
0.458602430833,0.499916399149,-0.12411529977,-1.4308750078,0.0751630475558,1.92167296019,0.149243904083,-0.010803359454,-0.1015041309,0.000281921092454,-0.157189127321,-0.0104032500484,0.0593775205639,-0.0137042137135,0.573932737308,0.818887296099,0.00235716654358,0.0,0.818846713061,-0.573869708109,-0.0120152205432,0.0,-0.00848656837904,0.00882625642484,-0.999925034867,0.0,0.652706469396,0.249455737006,0.303540642073,1.0,-0.01896,-0.0249188571429,0.949
0.458417831382,0.498629622187,-0.124113884521,-1.43287062005,0.0750358246842,1.92243133746,0.148934496588,-0.0133598872596,-0.0967571850627,0.000331683174241,-0.150170986168,-0.0108000641878,0.0595603120939,-0.0333159338074,0.573896814394,0.818912357775,0.00239658350753,0.0,0.818872320353,-0.573833662115,-0.0119915839103,0.0,-0.00844497855478,0.00884459798933,-0.999925224916,0.0,0.65246263572,0.249147245054,0.303553912735,1.0,-0.01922,-0.0252605714286,0.962
0.458093329607,0.49656762157,-0.124116990369,-1.43615988196,0.0748333156234,1.92361311897,0.148453757463,-0.0167146679075,-0.0994507790662,0.000203306915078,-0.157955845484,-0.0145586310538,0.0579421017801,-0.0335437709815,0.573883109885,0.818922075192,0.00235751003189,0.0,0.81888140883,-0.57381999441,-0.012024940268,0.0,-0.00849486619748,0.0088316012891,-0.999924917215,0.0,0.652049880836,0.248618415081,0.303528272558,1.0,-0.01964,-0.0258125714286,0.983
0.457886690429,0.495287454285,-0.124114566419,-1.43825487949,0.0747083028675,1.92431943937,0.148159230898,-0.0181103129378,-0.0939034989159,0.000805002468341,-0.156700467481,-0.00541564972979,0.0596186899435,-0.0223833599954,0.573881211011,0.818923654728,0.00226942223342,0.0,0.81888161472,-0.573818233102,-0.0120947647433,0.0,-0.00860261871757,0.0087995157987,-0.99992427887,0.0,0.651774617097,0.248281451737,0.30348425204,1.0,-0.0199,-0.0261542857143,0.996
0.457506129624,0.492724107204,-0.124183687845,-1.44216721293,0.0744822016254,1.92573864877,0.147612049115,-0.0201102690202,-0.162886797984,-0.00529404108941,-0.231021782956,-0.0102315884197,0.0831128906638,-0.0307362592388,0.573930324934,0.818889080867,0.0023242762707,0.0,0.818847844248,-0.573867199448,-0.0120578716845,0.0,-0.00854039797587,0.00882377671266,-0.999924598441,0.0,0.651297958413,0.247622728812,0.303531849959,1.0,-0.0346085714286,-0.0454855510204,1.017
0.45725125829,0.490473239884,-0.124239176137,-1.44562197058,0.0743006837447,1.92709898813,0.147086858392,-0.0288501494008,-0.201043281774,-0.0044576282582,-0.311360891119,-0.0176460789634,0.12827843498,-0.0504474214137,0.573874033477,0.818928135131,0.00245969371075,0.0,0.818888719679,-0.573810418099,-0.0119839794564,0.0,-0.00840278185068,0.00889168125377,-0.999925162831,0.0,0.65087366113,0.247107088491,0.303572987225,1.0,-0.04558,-0.0599051428571,1.029
0.456492644498,0.485020980221,-0.124307857799,-1.45425056767,0.0738389588771,1.9304095065,0.14575720431,-0.0476567971115,-0.298372257905,-0.00330873098341,-0.466596974119,-0.0249597340488,0.18003194567,-0.0772018618244,0.573762233026,0.81900606251,0.00259160697874,0.0,0.818968042831,-0.573697762125,-0.0119569835607,0.0,-0.0083062028217,0.00898308183538,-0.999925152817,0.0,0.649798026971,0.245772254921,0.303543617465,1.0,-0.06478,-0.0851394285714,1.05
0.455830011344,0.480638474526,-0.124444798587,-1.46127412875,0.0734097453396,1.9328494669,0.144690295393,-0.0528262451614,-0.352982564043,-0.0112771753512,-0.571023514012,-0.037250457742,0.200063183798,-0.0865325877026,0.573758711713,0.81900911615,0.00239902004168,0.0,0.818968655142,-0.573695090911,-0.012042900825,0.0,-0.00848710294268,0.00887461234361,-0.999924602327,0.0,0.648892358145,0.244583946787,0.303456533632,1.0,-0.0766657142857,-0.100760653061,1.063
0.454528291913,0.472331416867,-0.124639597325,-1.47440035718,0.0726121299854,1.93737299613,0.142781387234,-0.071929195708,-0.443088893943,-0.0060548552818,-0.706893324484,-0.0422770710675,0.245993305617,-0.100061643004,0.573821395026,0.818965942311,0.0021304567915,0.0,0.81892172977,-0.573758669448,-0.0122039602314,0.0,-0.00877242863331,0.00874773926683,-0.999923257832,0.0,0.647173760429,0.242360573623,0.303357145597,1.0,-0.0949514285714,-0.124793306122,1.083
0.453529675323,0.465931477455,-0.124751114613,-1.48406835967,0.0720589530441,1.94100520324,0.141257492492,-0.0781876465641,-0.513691299699,-0.00908749151712,-0.776141977382,-0.0472550087672,0.297557079439,-0.118226402155,0.573784787298,0.818990699759,0.00244917834394,0.0,0.818950635578,-0.57372068608,-0.0120489730578,0.0,-0.00846301553541,0.00891944533149,-0.999924407574,0.0,0.645957063898,0.240746953222,0.303491969116,1.0,-0.106837142857,-0.140414530612,1.096
0.451544285124,0.454327309556,-0.124919364069,-1.50224235814,0.0709189193383,1.94734873295,0.138430102179,-0.101515944539,-0.577279765164,-0.00683676639435,-0.916991931735,-0.0530188188157,0.29884829845,-0.144525119371,0.573754774255,0.819012309247,0.00224571213937,0.0,0.818969085057,-0.573691024472,-0.0122062714228,0.0,-0.00870890932083,0.008842745571,-0.999922977408,0.0,0.643538466504,0.237622310872,0.303384355496,1.0,-0.126037142857,-0.165648816327,1.117
0.450098084667,0.445996811046,-0.125075546635,-1.51471616703,0.0700237290112,1.95187389463,0.136468667253,-0.119839321347,-0.644875210396,-0.0100917860261,-0.996181404208,-0.0709785282697,0.35127017983,-0.150552062119,0.573767601161,0.819002602033,0.00249491920369,0.0,0.818963849463,-0.573704075799,-0.0119412555934,0.0,-0.00834873482562,0.00889492546672,-0.999925586695,0.0,0.641922838939,0.23540371997,0.303556969635,1.0,-0.137922857143,-0.181270040816,1.13
0.447434933143,0.431294578704,-0.125264459599,-1.53710387303,0.0685700203087,1.95962017848,0.132858786583,-0.138821133038,-0.73658295484,-0.011632543623,-1.10314840695,-0.0709545161,0.398075662013,-0.178198802007,0.573721911439,0.819034475633,0.00253829858127,0.0,0.818995814142,-0.573657713543,-0.0119762686916,0.0,-0.00835302320902,0.00895007599545,-0.999925058763,0.0,0.63885931468,0.231442064426,0.303621264411,1.0,-0.157122857143,-0.206504326531,1.151
0.445544835017,0.42137222509,-0.125383508348,-1.55216956435,0.0675315066447,1.96475705194,0.130348350062,-0.146897340769,-0.765626890855,-0.0119218223908,-1.18176199327,-0.0749783320757,0.39771217362,-0.199508915603,0.573658559929,0.819078945954,0.00250675421256,0.0,0.819039789245,-0.573594406834,-0.0120011242584,0.0,-0.00839216958745,0.00893785118287,-0.999924840328,0.0,0.636756416697,0.228715004521,0.30364745279,1.0,-0.169008571429,-0.22212555102,1.164
0.442067891681,0.404039743665,-0.12558762758,-1.57814233303,0.0656918399537,1.97386215425,0.126030026347,-0.17772000125,-0.829457198913,-0.00772344449038,-1.29073652316,-0.0856921354787,0.435400606277,-0.21262059072,0.573680181685,0.819062749447,0.002829931126,0.0,0.819028445917,-0.573615508239,-0.0117643694685,0.0,-0.008012618689,0.00906695427324,-0.999926791461,0.0,0.633142712112,0.22390838245,0.303809281924,1.0,-0.188208571429,-0.247359836735,1.185
0.439844589809,0.39331572415,-0.125725011564,-1.59384823092,0.0646611776826,1.97926727758,0.123305952358,-0.185239487338,-0.892902782992,-0.0130896612653,-1.33761438285,-0.0875657721727,0.457541724764,-0.227765449041,0.57371091582,0.819039832461,0.00320699431591,0.0,0.819010063051,-0.573644532711,-0.0116281388401,0.0,-0.00768438207985,0.00929792981409,-0.99992724674,0.0,0.630910077175,0.220941224303,0.304024507451,1.0,-0.19918,-0.261779428571,1.197
0.435528180916,0.373656498948,-0.125951544177,-1.62318526436,0.0624336352236,1.98907869219,0.118061046789,-0.215611752074,-0.957729813088,-0.00699721268958,-1.44087964267,-0.0995469531017,0.458307789312,-0.254664851165,0.573599529708,0.819117811003,0.00321529432204,0.0,0.819088722078,-0.573533829903,-0.0115480830438,0.0,-0.00761530705559,0.00925776456095,-0.999928147866,0.0,0.626594938877,0.215280196442,0.304077854585,1.0,-0.21838,-0.287013714286,1.218
0.432519686581,0.360704713548,-0.126122599368,-1.64226060399,0.0609612092247,1.99542487224,0.114669768548,-0.231402992171,-1.03180134434,-0.0120908646166,-1.47974686097,-0.126165215849,0.515476621744,-0.261355423111,0.573680496426,0.819060637828,0.00333263890747,0.0,0.819033567771,-0.573615048187,-0.011425334124,0.0,-0.00744653299635,0.00928421323646,-0.999929173757,0.0,0.623751022615,0.211481539183,0.304168890746,1.0,-0.230265714286,-0.302634938775,1.231
0.427103102107,0.338793332211,-0.126418727439,-1.67456458777,0.0585054998214,2.00586919806,0.108553246584,-0.262854262375,-1.07005757644,-0.0113777808301,-1.57423758844,-0.115786929269,0.496576772325,-0.30120820114,0.573725132424,0.819029430238,0.00331839283731,0.0,0.81900186712,-0.573659336017,-0.0114740906362,0.0,-0.00749413516986,0.00930092317086,-0.999928662839,0.0,0.618785021649,0.204885327843,0.30418485086,1.0,-0.249465714286,-0.32786922449,1.252
0.423472496435,0.324649290003,-0.126560136476,-1.69533866611,0.056888502117,2.01258809696,0.104505634744,-0.28196897197,-1.13092338141,-0.0130464743666,-1.5809325652,-0.140784161039,0.55294402094,-0.315681235888,0.573685293241,0.819057172464,0.00335849011726,0.0,0.819029894625,-0.573619091825,-0.0114854736668,0.0,-0.00748090956565,0.00933993095801,-0.999928398277,0.0,0.615512074326,0.200615285548,0.304163271164,1.0,-0.261351428571,-0.34349044898,1.265
0.417108367525,0.300640792877,-0.12677030493,-1.73016455741,0.0539639979579,2.02343016246,0.0974601685147,-0.314314930335,-1.15151647567,-0.00861441934603,-1.68496914392,-0.141396263461,0.507493652234,-0.344583574175,0.573451660281,0.819221147866,0.00326360397333,0.0,0.819192774115,-0.573385940324,-0.0115112630447,0.0,-0.0075591110281,0.0092748522671,-0.999928415916,0.0,0.609824795097,0.193325553527,0.304162186941,1.0,-0.280551428571,-0.368724734694,1.286
0.413075256725,0.286295494894,-0.126948770729,-1.75064663078,0.0522512192643,2.02972374376,0.0932107101273,-0.341115333605,-1.21995631451,-0.0186335723409,-1.73552246723,-0.141594592661,0.552971087426,-0.356971558233,0.573461430891,0.819213969622,0.00334755996713,0.0,0.819186646548,-0.573395412046,-0.011475472218,0.0,-0.007481535665,0.00932319664228,-0.999928549762,0.0,0.606427931785,0.188876015711,0.304226929816,1.0,-0.291522857143,-0.383144326531,1.298
0.405373346137,0.260387408341,-0.127288781567,-1.7874632879,0.0490829194008,2.04073528927,0.0852050319879,-0.385297265114,-1.25840108206,-0.018382361037,-1.78784612643,-0.166926453526,0.529822511967,-0.390764118922,0.573438756825,0.819229830641,0.00335017325827,0.0,0.819202239327,-0.573372357028,-0.0115142598445,0.0,-0.00751207303549,0.00934737225217,-0.99992809511,0.0,0.600152174109,0.180665204875,0.304255128798,1.0,-0.310722857143,-0.408378612245,1.319
0.400090480379,0.243829043989,-0.127565778455,-1.81068631555,0.0469811472182,2.04762992912,0.0799636148134,-0.414713555113,-1.29141922751,-0.0206998216551,-1.80840601397,-0.167838571574,0.522154853031,-0.410091783908,0.573564814703,0.819141160251,0.00345106043778,0.0,0.819115360734,-0.573498714478,-0.0114016315787,0.0,-0.00736050870806,0.00936657165467,-0.999929042606,0.0,0.596143944646,0.175252169518,0.304309562376,1.0,-0.322608571429,-0.423999836735,1.332
0.391007046509,0.216153265974,-0.127901122718,-1.84901313368,0.0434962614527,2.05858330748,0.0707758695786,-0.449061203557,-1.34671592153,-0.0215260661494,-1.8160239831,-0.170782617334,0.520523859872,-0.451014232773,0.573420740679,0.819241228509,0.00363463511135,0.0,0.819217416697,-0.5733536526,-0.0113648639026,0.0,-0.0072267728862,0.00949458786352,-0.999928810744,0.0,0.589259495447,0.166288949802,0.304407547889,1.0,-0.341808571429,-0.449234122449,1.353
0.385334330946,0.199858729789,-0.128131554001,-1.87145223554,0.0413071289314,2.06471955692,0.0652171394603,-0.493100108159,-1.36932415938,-0.0164749454058,-1.8630237092,-0.180804876205,0.490282486447,-0.468698884558,0.573386157189,0.819265834785,0.00354310598628,0.0,0.81924092883,-0.573319442195,-0.0113958164676,0.0,-0.00730501218783,0.00943704254386,-0.999928786977,0.0,0.585108477544,0.160863894556,0.304397403325,1.0,-0.35278,-0.463653714286,1.365
0.374505634418,0.170458727252,-0.128731601775,-1.91132406236,0.0374663465962,2.07540705725,0.0547970434236,-0.532100419427,-1.41602246901,-0.0269666783479,-1.9087847622,-0.18132873701,0.500790539446,-0.514171241986,0.573550282532,0.819150478025,0.00364892581991,0.0,0.819126528108,-0.573482713093,-0.0114041936899,0.0,-0.00724929440484,0.00952999393297,-0.999928310903,0.0,0.577592653976,0.150851752576,0.30444352948,1.0,-0.37198,-0.488888,1.386
0.367275839776,0.151754591499,-0.12904524505,-1.93634189374,0.0348673550429,2.08181736605,0.0479028411858,-0.56200270235,-1.4225829236,-0.0181325365113,-1.94251825596,-0.205630609877,0.509259543335,-0.538379034678,0.573514534979,0.819175553965,0.00363824901625,0.0,0.819151645578,-0.573447235939,-0.011384025772,0.0,-0.00723931115529,0.00950936500025,-0.999928579625,0.0,0.572715893906,0.144440447625,0.304470393583,1.0,-0.383865714286,-0.50450922449,1.399
