position_joint1,position_joint2,position_joint3,position_joint4,position_joint5,position_joint6,position_joint7,velocity_joint1,velocity_joint2,velocity_joint3,velocity_joint4,velocity_joint5,velocity_joint6,velocity_joint7,ee_T_00,ee_T_10,ee_T_20,ee_T_30,ee_T_01,ee_T_11,ee_T_21,ee_T_31,ee_T_02,ee_T_12,ee_T_22,ee_T_32,ee_T_03,ee_T_13,ee_T_23,ee_T_33,v_x,v_y,time
0.465060575218,0.547781778039,-0.124010889539,-1.35583842266,0.0794670948083,1.89411165682,0.159162837266,0.000106797349255,-0.0014700841547,0.00633430242889,-0.00080226033304,-0.000139556263683,0.000444086864493,0.000145068926398,0.573826758909,0.818962693906,0.00192448756004,0.0,0.818919638482,-0.573768702395,-0.011867972087,0.0,-0.00861538153426,0.00838632207713,-0.999927719789,0.0,0.661688440204,0.260863625593,0.303213024446,1.0,0.0,0.0,0.0
0.465065856183,0.547788555543,-0.124013761258,-1.3558388869,0.0794673502794,1.89411084301,0.159163225426,0.00114102102095,0.000763975734586,-0.000208555476172,-0.000401572724921,8.36001625153e-05,0.000215303723656,0.000787237780458,0.573824857257,0.81896404412,0.0019169072078,0.0,0.81892090056,-0.573766842396,-0.0118708084588,0.0,-0.00862207350821,0.00838172172039,-0.999927700681,0.0,0.661687258377,0.260865298192,0.303208027177,1.0,-0.00032,-0.000420571428571,0.017
0.465059979521,0.547780814253,-0.124013967673,-1.3558415963,0.0794673106438,1.89411119058,0.159164328104,-0.000914487894941,-0.00076450852,4.18918191637e-05,0.000236968428469,-0.000147254180605,6.77218670596e-07,-0.00100203674564,0.573828345608,0.818961587578,0.00192217310196,0.0,0.818918511255,-0.573770307391,-0.0118681583414,0.0,-0.00861684584634,0.00838455023007,-0.99992772203,0.0,0.66168865701,0.260859511021,0.303213708348,1.0,-0.00066,-0.000867428571429,0.034
0.465057305576,0.547732894437,-0.124013684634,-1.3558798026,0.0794661655632,1.89411327153,0.159166755474,-0.000674435815602,-0.00535478954675,0.000557536851868,-0.0046359064419,8.40895508744e-05,-7.11452836952e-05,0.000905606032882,0.573836536539,0.818955821639,0.00193350368875,0.0,0.818912866669,-0.573778425365,-0.011865171334,0.0,-0.00860781416384,0.00839220144809,-0.999927735634,0.0,0.661682117444,0.260855535969,0.303228190145,1.0,-0.00098,-0.001288,0.05
0.465058748799,0.547625837494,-0.124013710941,-1.35601086588,0.0794643714963,1.89415083012,0.159161686069,7.75899343502e-05,-0.00619996404834,-0.000565340356745,-0.0100124630949,0.000114876295213,0.00705577926204,-0.000553572668734,0.573837973356,0.818954777373,0.00194932155423,0.0,0.818911958062,-0.573779728667,-0.0118648562884,0.0,-0.00859846509484,0.00840498963964,-0.999927708661,0.0,0.661662123013,0.260844587248,0.303244908379,1.0,-0.00132,-0.00173485714286,0.067
0.465044720412,0.547483347251,-0.124010918112,-1.35622238696,0.0794645866296,1.89419075827,0.159154902886,-0.00364073703876,-0.0126064561439,0.00126223885589,-0.0162957174446,0.000154756585907,0.00285270480772,-0.00149105354073,0.573853582636,0.818943876519,0.00193383260301,0.0,0.818900672354,-0.573795220987,-0.0118945404483,0.0,-0.00863150334152,0.00840950337788,-0.999927386065,0.0,0.661628355196,0.260816425722,0.303248545603,1.0,-0.00168,-0.002208,0.085
0.465031096832,0.547330661453,-0.124018348435,-1.35640685541,0.0794618260258,1.89430508402,0.159144513694,-0.000155979417138,-0.014237575964,-0.000218979277822,-0.0118799920669,0.000372307391831,0.00915867298258,-0.00230795490138,0.57387128521,0.818931298657,0.00200573965177,0.0,0.818889054017,-0.573812650102,-0.0118535519691,0.0,-0.00855649066173,0.00844505394232,-0.999927731154,0.0,0.661618315301,0.260790552484,0.303279070722,1.0,-0.00198,-0.00260228571429,0.1
0.465017247707,0.547140048506,-0.124015947047,-1.35662447588,0.0794568826186,1.89441332978,0.159133985359,-0.00117703835148,-0.00975738467688,-0.00341000038206,-0.0162675697779,-0.00137912358979,0.00555142513675,-0.00156677809884,0.573883301787,0.818922692495,0.00208003562153,0.0,0.818881366625,-0.573824320012,-0.0118196471553,0.0,-0.00848596562778,0.00848656394049,-0.999927980717,0.0,0.661598377502,0.260766015081,0.303319817964,1.0,-0.00232,-0.00304914285714,0.117
0.46498716002,0.546917518331,-0.12401379311,-1.35693816782,0.0794515380685,1.89455716551,0.159121656417,-0.00265436044371,-0.00932913123163,2.05092868203e-05,-0.0191936581927,1.39840590147e-05,0.00386555319018,-0.00242152045869,0.573912635738,0.818902001727,0.00213190269593,0.0,0.818861255796,-0.573853350874,-0.0118034888272,0.0,-0.00844266366962,0.00852006794027,-0.999928062349,0.0,0.66156864287,0.260721951974,0.3033405354,1.0,-0.00268,-0.00352228571429,0.135
0.464956299178,0.546703007212,-0.124011953287,-1.3572554099,0.0794427165196,1.89466553166,0.159085883932,-0.00230527658124,-0.0139474586189,0.000190739608805,-0.0196386690963,-0.000493628485152,0.00348838280396,0.000188663352178,0.573922663104,0.818894944298,0.00214333393049,0.0,0.818854232635,-0.573863216659,-0.0118110610159,0.0,-0.00844220018754,0.00853387795688,-0.999927948496,0.0,0.661531253371,0.260673689221,0.303350794743,1.0,-0.00298,-0.00391657142857,0.15
0.464909668516,0.546391070645,-0.124013720145,-1.35769177665,0.0794336043386,1.89483256391,0.158940513771,-0.0046183989034,-0.0166133653061,-0.00050814495839,-0.0258224542337,-0.000234810681778,0.00616546109807,-0.00503349632611,0.573865020225,0.818935216248,0.00219021726145,0.0,0.81889496852,-0.573805249841,-0.0118030796733,0.0,-0.00840936134804,0.00856709739399,-0.999927941146,0.0,0.661485735817,0.260603988455,0.303378549814,1.0,-0.00334,-0.00438971428571,0.168
0.464864943976,0.546112769871,-0.124017017545,-1.35818073268,0.0794163535679,1.89499853844,0.158931428345,-0.00188599683403,-0.0183087887951,-0.00187187896415,-0.0281986778686,-0.00298544967219,0.00736616246442,-0.00393590939679,0.573919248469,0.818897301888,0.00215687222905,0.0,0.818856506015,-0.573859485836,-0.0118346936273,0.0,-0.0084538198539,0.00855849210732,-0.999927639953,0.0,0.661427312923,0.260526576159,0.30335738,1.0,-0.00368,-0.00483657142857,0.185
0.464813243481,0.545803650451,-0.124014775997,-1.35869722016,0.079376875474,1.89517142647,0.158862731091,-0.00457703871493,-0.0209844423517,-0.000352160994915,-0.0331646079945,-0.000683587791607,0.0095779371197,-0.0082764732594,0.573922071939,0.818895410561,0.00212339478855,0.0,0.818854211898,-0.573862474789,-0.0118484846161,0.0,-0.00848429643491,0.00853902200897,-0.999927548284,0.0,0.661366507686,0.260441766992,0.303345285092,1.0,-0.004,-0.00525714285714,0.201
0.464753158035,0.545430225703,-0.124017608652,-1.35936438825,0.0792632280767,1.89539693049,0.158747295264,0.000755416894258,-0.0176988748728,1.34788062244e-05,-0.0401733253049,-0.00155334938818,0.00880426061701,-0.01182897718,0.573885749466,0.818921118932,0.00202346965968,0.0,0.818879255918,-0.573827190476,-0.0118265210222,0.0,-0.00852403003277,0.00844421178696,-0.999928015509,0.0,0.661290717106,0.260322992644,0.303311577108,1.0,-0.00436,-0.00573028571429,0.219
0.464685372664,0.545020021359,-0.124014471385,-1.36005295977,0.0792556669404,1.89561930242,0.158689292501,-0.00286518750609,-0.0265098999531,0.00177072074915,-0.038738641842,-4.58245476137e-06,0.0165737936071,0.000310655432437,0.573927827018,0.818891699671,0.00199511552356,0.0,0.818849096452,-0.573869011085,-0.0118853800099,0.0,-0.008588069412,0.00845521165518,-0.999927374593,0.0,0.661204966903,0.260217501529,0.303293411505,1.0,-0.0047,-0.00617714285714,0.236
0.464627876041,0.544611018126,-0.124017240438,-1.3607401463,0.0792357807677,1.89584824651,0.158621324122,-0.00370323747963,-0.0302459027255,-0.000612506519314,-0.0436318157301,-0.00333965617285,0.0117247482502,-0.0112795784415,0.573954118926,0.818873347248,0.0019640357179,0.0,0.818830115948,-0.573895208952,-0.0119280031738,0.0,-0.00864053955336,0.00845450092211,-0.999926928575,0.0,0.661120099278,0.260113996979,0.303275762536,1.0,-0.00502,-0.00659771428571,0.252
0.464554315792,0.544147874932,-0.124019685478,-1.36151675706,0.0792039665654,1.89612368761,0.15848524948,-0.00881811933152,-0.0331155281354,-0.000730344485742,-0.0448489266819,-0.000701558113398,0.0119909435041,-0.00579927256744,0.573941758517,0.818882055683,0.00194515084628,0.0,0.818838444346,-0.573882798315,-0.0119533576915,0.0,-0.00867226847593,0.00845345818186,-0.999926662713,0.0,0.661038193651,0.259994943372,0.303261976144,1.0,-0.00534,-0.00701828571429,0.268
0.464485920802,0.543634463886,-0.124020507316,-1.36234441205,0.0791605782445,1.89641107069,0.158417898528,-0.00278270151844,-0.0323359062549,-6.47778453003e-05,-0.045383270374,-0.00119859404085,0.0145444471561,1.11043484484e-05,0.573975327525,0.818858588325,0.00191901556035,0.0,0.818814527887,-0.573916368365,-0.0119798975025,0.0,-0.00870865518451,0.00844764605611,-0.999926395592,0.0,0.660930769729,0.259866678322,0.303252086144,1.0,-0.0057,-0.00749142857143,0.286
0.464410896148,0.543126110334,-0.124026212464,-1.36315251194,0.0791071903038,1.89669089833,0.158292194973,-0.00235317872942,-0.0322817205596,7.60206864536e-05,-0.0486554034792,-0.00732817014769,0.0178121665598,-0.00584862905164,0.573965016248,0.818865852384,0.00190337156508,0.0,0.818821588977,-0.573906126068,-0.0119879434336,0.0,-0.00872432888711,0.00843934436053,-0.999926329062,0.0,0.660830155922,0.259732526718,0.303253193409,1.0,-0.00604,-0.00793828571429,0.303
0.464329277678,0.542517229621,-0.124023704615,-1.36411254307,0.0790576349087,1.89703828216,0.158162989102,-0.00544803507281,-0.0309057809651,-0.000480854715712,-0.049548964089,-0.00335817427408,0.0239795920491,-0.00102215400512,0.573967858658,0.818863866858,0.00190044298973,0.0,0.818819487426,-0.573908905402,-0.0119984254581,0.0,-0.00873456407826,0.00844299287597,-0.999926208908,0.0,0.660725117109,0.259592004443,0.303255238754,1.0,-0.00638,-0.00838514285714,0.32
0.464252551797,0.541913452587,-0.12402584046,-1.36504365625,0.079009825023,1.89738672061,0.158035150721,-0.00122556200586,-0.0339242347296,-0.000687719238969,-0.0560723023859,-0.00293317761944,0.0171681624752,-0.0141160240856,0.573965951343,0.818865168632,0.00191551591618,0.0,0.818820929164,-0.57390687895,-0.0119969645594,0.0,-0.00872473662422,0.00845447647377,-0.999926197676,0.0,0.660611391017,0.259443736693,0.303265104745,1.0,-0.00674,-0.00885828571429,0.338
0.464171003223,0.541300248603,-0.124029471662,-1.36598032909,0.0789449063697,1.89772960829,0.157910277194,-0.00208661729963,-0.0413525215996,-0.000833314894473,-0.0527733464159,-0.00590744346239,0.0125003567745,-0.00348595779856,0.573968150912,0.818863584549,0.00193353042573,0.0,0.818819648564,-0.573909067996,-0.0119796368392,0.0,-0.00870018522466,0.00845930557671,-0.999926370752,0.0,0.660512896798,0.259307049786,0.303286828335,1.0,-0.00704,-0.00925257142857,0.353
0.464085413132,0.540563280617,-0.124034328956,-1.36710836616,0.0788771532416,1.89814643828,0.157765217559,-0.00887165852719,-0.0439440922674,-0.000697905490537,-0.0639877072037,-0.00701176316394,0.0265451418172,-0.00855241530893,0.573967258081,0.818864160655,0.00195446873788,0.0,0.818820507761,-0.573908096457,-0.0119674471588,0.0,-0.00867819522206,0.00846944497936,-0.999926476012,0.0,0.660382050196,0.259140806097,0.303307130614,1.0,-0.0074,-0.00972571428571,0.371
0.463975718543,0.53982863774,-0.124027597898,-1.36821497068,0.0788144194535,1.89855849504,0.157623296639,-0.00876369977743,-0.0416298101067,6.70846721102e-05,-0.0632772669146,-0.00191733889122,0.0223022986782,-0.00785901120821,0.573980612182,0.818854708025,0.0019927082849,0.0,0.818811477993,-0.573921214107,-0.0119561869157,0.0,-0.00864688886714,0.00849443544542,-0.999926535241,0.0,0.660258237045,0.25896837883,0.303335079417,1.0,-0.00774,-0.0101725714286,0.388
0.463884685468,0.53911723862,-0.124038847095,-1.36931466034,0.0787536865604,1.89897646276,0.157496539986,-0.00950212534489,-0.0455279995248,-0.00193522260463,-0.07202925059,6.67473440725e-06,0.0244385727881,-0.0084020167258,0.574003885476,0.818838333253,0.00201751227908,0.0,0.818795437716,-0.573944392092,-0.0119420627237,0.0,-0.0086208448557,0.00850688403752,-0.999926654289,0.0,0.660135544571,0.258799092476,0.303350889959,1.0,-0.00806,-0.0105931428571,0.404
0.46377927074,0.538398587292,-0.12404207618,-1.37043178551,0.0786945238096,1.8994124437,0.157361088392,-0.00519276246726,-0.0437258108644,-0.0010354689604,-0.07179558651,-0.00822797416783,0.0295657207285,-0.00842179315458,0.57402757672,0.818821639843,0.00205187477052,0.0,0.818779154504,-0.573967901009,-0.0119286068984,0.0,-0.0085898565878,0.00852754578299,-0.99992674498,0.0,0.660014186313,0.258624473461,0.303364716722,1.0,-0.00838,-0.0110137142857,0.42
0.463660553232,0.537612895337,-0.124050905764,-1.37167551686,0.0786139741731,1.89989306092,0.157203221632,-0.00646236615507,-0.0485794422975,-0.00168017063773,-0.0756671711314,-0.0012894766282,0.0288513066253,-0.00692731836283,0.574048897978,0.818806661091,0.0020643119638,0.0,0.818764445609,-0.573989275751,-0.0119096948274,0.0,-0.00856700946873,0.00852709660458,-0.999926944818,0.0,0.659879840778,0.258423262222,0.303369536908,1.0,-0.00872,-0.0114605714286,0.437
0.463559646284,0.53682517977,-0.124051368433,-1.37290539651,0.0785481842886,1.90033719967,0.157053848132,-0.00597009354081,-0.0501775892614,-5.42664833177e-05,-0.0796367436723,-0.00160647090697,0.0300002330495,-0.0019987813355,0.574059576637,0.818799158734,0.00207051409539,0.0,0.818756920923,-0.573999825012,-0.0119185664938,0.0,-0.0085706025007,0.00853737935205,-0.999926826286,0.0,0.659733870358,0.258240259657,0.303378820967,1.0,-0.00904,-0.0118811428571,0.453
0.46344139437,0.535968689685,-0.124059997256,-1.37423951168,0.0784717752381,1.90083719612,0.156886500021,-0.0073203608237,-0.0546066640911,-0.00110767124753,-0.0775549274274,-0.00405939611507,0.0272723786425,-0.00518984499757,0.574078369392,0.818785935688,0.0020890708837,0.0,0.818743939282,-0.574018539261,-0.01190904591,0.0,-0.0085519585332,0.00854730434388,-0.999926901125,0.0,0.659583329014,0.258031689073,0.30339199416,1.0,-0.00938,-0.012328,0.47
0.463318773412,0.535025078973,-0.124063226736,-1.37573427299,0.0783922068025,1.90137259005,0.156705856448,-0.00839135334504,-0.0531027426292,-0.00169109023479,-0.0847418100392,-0.00392525259171,0.031584164428,-0.0124773700839,0.574093775182,0.818775155626,0.00208055982546,0.0,0.818732923735,-0.574033853531,-0.0119281806529,0.0,-0.00857235124062,0.0085514817335,-0.99992669079,0.0,0.659404557212,0.25780735674,0.303392912779,1.0,-0.00974,-0.0128011428571,0.488
0.463203025311,0.534233191964,-0.124071809673,-1.37704398547,0.0783160478615,1.90184325107,0.156550965205,-0.0101062344036,-0.0580508793512,-0.00369877476903,-0.0827724014437,-0.00377557382906,0.0280307868005,-0.00686287632024,0.574119108616,0.818757497535,0.00203868931847,0.0,0.818714694751,-0.574059331733,-0.011953206678,0.0,-0.00861661485597,0.00853183353037,-0.99992647818,0.0,0.659250792285,0.257600599219,0.303369259987,1.0,-0.01004,-0.0131954285714,0.503
0.463083092045,0.533307090454,-0.124070572047,-1.37852498444,0.0782297028143,1.90239615891,0.156353785702,-0.00860705040966,-0.057976800697,-0.00140921852472,-0.0889413986518,-0.00361218777407,0.0342326672133,-0.0112770592161,0.574112926306,0.81876183467,0.00203785124097,0.0,0.818718970063,-0.574053103293,-0.0119594966293,0.0,-0.00862231057922,0.00853469339545,-0.999926404676,0.0,0.659076193333,0.257382165491,0.303365385632,1.0,-0.01038,-0.0136422857143,0.52
0.462947032704,0.532314265138,-0.12407063523,-1.38015292819,0.0781423064859,1.90300909897,0.156154543769,-0.00585769632527,-0.0563649678797,-0.00213852037947,-0.0919996394377,-0.00863548600436,0.0320147760985,-0.0148069387228,0.57412686764,0.81875209667,0.0020226103919,0.0,0.818708921056,-0.574066995674,-0.0119805659919,0.0,-0.00864816615809,0.00853445831194,-0.999926183397,0.0,0.65888519543,0.257139696424,0.303343692026,1.0,-0.01074,-0.0141154285714,0.538
0.462831321725,0.531448004205,-0.124065970847,-1.38154109485,0.0780570904858,1.90351786895,0.155978246646,-0.00896673719942,-0.0548540763522,-0.00059029864277,-0.094309559264,-0.00254503795598,0.0286642648055,-0.0162324071923,0.574126747788,0.818752209279,0.00201101374483,0.0,0.818708841665,-0.574066884494,-0.0119913138737,0.0,-0.00866362513269,0.00853113302034,-0.999926077952,0.0,0.658719144762,0.256933509315,0.303337491033,1.0,-0.01104,-0.0145097142857,0.553
0.462690956799,0.53036216199,-0.124067711882,-1.38328627831,0.0779505579192,1.90412095243,0.155745108063,-0.0109351267138,-0.0623655983694,-0.000227330611241,-0.0982031176071,-0.0010309315156,0.0288265144425,-0.0104722756494,0.574118077939,0.818758405808,0.00196275396694,0.0,0.818714333591,-0.574058347545,-0.0120249943101,0.0,-0.00871899773999,0.00851086528711,-0.99992576937,0.0,0.658502917988,0.256670857731,0.303324276251,1.0,-0.0114,-0.0149828571429,0.571
0.462539178105,0.529314718125,-0.124073496994,-1.3849334236,0.0778447916727,1.90473949413,0.15552532125,-0.0098388024812,-0.0676400151788,-0.00150417976073,-0.0982189871906,-0.00358610020141,0.0398726346641,-0.0163864962862,0.574127510001,0.818751767035,0.00197310366284,0.0,0.818707903497,-0.574067806111,-0.0120112297442,0.0,-0.00870168782079,0.00851153686172,-0.99992591444,0.0,0.658314992488,0.256410659536,0.303331873709,1.0,-0.01174,-0.0154297142857,0.588
0.462416514018,0.52828492028,-0.124071392328,-1.38653087824,0.0777444978629,1.90534876516,0.155305797462,-0.00304813734802,-0.0615630709013,0.00139366178103,-0.103291837596,-0.0083735731013,0.0411397658277,-0.0159805609266,0.574106380301,0.818766502799,0.00200621357892,0.0,0.818723096108,-0.574046562979,-0.0119909270859,0.0,-0.00866627627853,0.00852676530518,-0.999926092233,0.0,0.65812635476,0.256180161741,0.303349389305,1.0,-0.01206,-0.0158502857143,0.604
0.462266380507,0.527155221883,-0.124074422794,-1.38828167571,0.0776428190973,1.90602797216,0.155051417517,-0.00926554287593,-0.065731753381,-0.000501834334007,-0.104086861945,-0.0055967336631,0.0409806105528,-0.0172413344407,0.574090679818,0.818777387667,0.00205613530267,0.0,0.818734626766,-0.574030649932,-0.0119653990586,0.0,-0.0086168794011,0.00855281791772,-0.999926296631,0.0,0.657926202639,0.25591624056,0.303370231904,1.0,-0.0124,-0.0162971428571,0.621
0.462107344288,0.525907941727,-0.124083368936,-1.39020841295,0.0775109039524,1.90673521447,0.154808624086,-0.00800308543549,-0.0708946741864,-0.00343353751734,-0.111461296409,-0.00307438823162,0.0459500942378,-0.0110690062169,0.574096927221,0.818772958065,0.00207561993333,0.0,0.818730577325,-0.574036941279,-0.0119406323559,0.0,-0.008585349652,0.00855461855383,-0.999926552439,0.0,0.657711085807,0.255640292476,0.303394594834,1.0,-0.01274,-0.016744,0.638
0.461974228851,0.524877391318,-0.124086277223,-1.39183773521,0.0774127433595,1.90731904099,0.154581636828,-0.0102227428435,-0.0691859768185,-0.000106532605823,-0.111083901838,-0.0113116292628,0.0426203557352,-0.0156512796859,0.574083019969,0.818782757341,0.0020565420336,0.0,0.818740101558,-0.574023088439,-0.0119535325237,0.0,-0.0086070094217,0.00854625802591,-0.999926437726,0.0,0.657499218975,0.255375431745,0.303392398291,1.0,-0.01306,-0.0171645714286,0.654
0.46180911972,0.523606844243,-0.124089957198,-1.39384250108,0.0772858192921,1.90804426608,0.154314705658,-0.00849927035396,-0.0722837603842,-0.00414076620734,-0.112854245444,-0.0143581277149,0.0379426936796,-0.011477073248,0.574075564047,0.818788013738,0.00204504863016,0.0,0.818745216375,-0.574015689392,-0.0119585072944,0.0,-0.00861775835409,0.0085396250176,-0.999926401814,0.0,0.657255914306,0.255072180459,0.303394508164,1.0,-0.01342,-0.0176377142857,0.672
0.461646448018,0.522387470025,-0.124090404298,-1.39578319839,0.0771694716395,1.9087979327,0.154034144084,-0.0128822874414,-0.0745877559547,-0.000787394806876,-0.115213561498,-0.00697343648203,0.0382010470554,-0.0240810172105,0.574052217338,0.818804317148,0.00207096350405,0.0,0.818761861654,-0.573992242183,-0.0119443173204,0.0,-0.00859150701526,0.00855245243754,-0.999926518082,0.0,0.657029419771,0.254782980664,0.303393183839,1.0,-0.01376,-0.0180845714286,0.689
0.461484655017,0.521222575426,-0.124095756949,-1.39765746123,0.0770599260145,1.90952070019,0.153789740397,-0.00651290779782,-0.0715124844472,-0.000910875039167,-0.118767820124,-0.00431620184663,0.0423639737837,-0.0139084010368,0.574059253879,0.818799358974,0.00208078868607,0.0,0.818757026463,-0.573999232261,-0.0119398443107,0.0,-0.00858213099217,0.00855800324183,-0.999926551107,0.0,0.656810860586,0.254497713355,0.303382374762,1.0,-0.01408,-0.0185051428571,0.705
0.46131705306,0.519922678278,-0.124091766507,-1.39970487064,0.0769282106511,1.91026505448,0.153515990299,-0.0077664948483,-0.0753672065413,0.0007172695103,-0.124017347072,-0.0118185206338,0.0410928215841,-0.0136265981468,0.574042943967,0.818810808471,0.00207492516841,0.0,0.818768390812,-0.573982939867,-0.0119437787373,0.0,-0.0085888888386,0.00855528976545,-0.999926516303,0.0,0.656559200811,0.254193280006,0.303385159081,1.0,-0.01442,-0.018952,0.722
0.461135086399,0.518498671149,-0.124096905044,-1.40189570424,0.0767844132811,1.91104879215,0.153222371674,-0.010840661444,-0.0790554161677,6.85284672786e-05,-0.12460785998,-0.00595312495902,0.0509684869929,-0.0108963186403,0.574032465487,0.818818132369,0.00208364391133,0.0,0.818775875937,-0.573972474231,-0.0119335958162,0.0,-0.00857565549541,0.00855647353576,-0.999926619754,0.0,0.656290390794,0.253859496233,0.303410063729,1.0,-0.01478,-0.0194251428571,0.74
0.460972560025,0.517309775852,-0.124102472869,-1.40379134602,0.0766591456679,1.91172876535,0.152956254423,-0.0122797580837,-0.0851703552989,0.00088502624025,-0.122254118254,-0.00165022401371,0.0525029457062,-0.00987100514928,0.574018049746,0.818828312858,0.00205414917188,0.0,0.818785719602,-0.573958229274,-0.011943338115,0.0,-0.00860071316767,0.00853776403854,-0.999926564463,0.0,0.656057935775,0.253566168518,0.303401148864,1.0,-0.01508,-0.0198194285714,0.755
0.460780511733,0.515866776942,-0.124113765701,-1.40606340326,0.0765200775716,1.9125789542,0.152658155731,-0.00621344369936,-0.0820194537353,-0.00277537758498,-0.1310327835,-0.00464328445856,0.0450325723599,-0.015199197969,0.574021839361,0.818825621713,0.00206786474692,0.0,0.818783241424,-0.573961995821,-0.0119322176061,0.0,-0.00858369498526,0.00854265097075,-0.999926668959,0.0,0.655785764673,0.253218124837,0.30340588788,1.0,-0.01544,-0.0202925714286,0.773
0.460590006846,0.514470152592,-0.124115657363,-1.40828637807,0.0763789207564,1.91340464211,0.152340308611,-0.00642922149412,-0.0897344910761,-0.000806172496885,-0.128370409886,-0.00854264679947,0.045937352233,-0.0164928949155,0.57399792314,0.818842400209,0.00206270516391,0.0,0.818799972294,-0.573938123333,-0.0119324288686,0.0,-0.00858707889222,0.00853829670833,-0.999926677095,0.0,0.655515833933,0.252879874241,0.303398598646,1.0,-0.01578,-0.0207394285714,0.79
0.460412173785,0.513176255927,-0.124115740372,-1.41042469282,0.0762547691281,1.91414066888,0.152042933094,-0.0137425252478,-0.0758661867194,0.00069373992957,-0.128065706217,-0.00803032446043,0.0517659193102,-0.0191703000065,0.573978696143,0.818856096095,0.00197412344341,0.0,0.818812323456,-0.573919082382,-0.0120005306612,0.0,-0.00869388795739,0.00850464928626,-0.999926040891,0.0,0.655240022434,0.25255645547,0.30335144407,1.0,-0.0161,-0.02116,0.806
0.46020670911,0.511648528821,-0.124122332138,-1.41284731472,0.0761140879042,1.91502256752,0.15170054493,-0.00996842116935,-0.0820761172418,0.00125561770232,-0.135832567162,-0.014237503601,0.0601699984883,-0.0218155288122,0.573960154436,0.818869113762,0.00196533652115,0.0,0.818825121149,-0.573900477528,-0.0120170616296,0.0,-0.0087126607844,0.00850674524504,-0.999925859665,0.0,0.654940308697,0.252187714029,0.303345133022,1.0,-0.01646,-0.0216331428571,0.824
0.460019558414,0.510263089648,-0.124128064236,-1.41502811524,0.075986855375,1.91585503277,0.151398006615,-0.01388612097,-0.0864860605858,-0.000675462549129,-0.135348540757,-0.00667075042668,0.0491476733055,-0.01853728498,0.57394949712,0.818876506465,0.0019972022415,0.0,0.81883289809,-0.573889654867,-0.0120039970243,0.0,-0.00868378463153,0.00852522709201,-0.999925953452,0.0,0.654678176875,0.251857134669,0.303349473413,1.0,-0.01678,-0.0220537142857,0.84
0.459834813101,0.508849842678,-0.124133766506,-1.41727161895,0.0758339766869,1.9166644677,0.151083268903,-0.011769690479,-0.0845533914568,-0.00118725689838,-0.137871777806,-0.0129323456658,0.0546854042404,-0.0211196352379,0.573922285628,0.818895645204,0.00196957512216,0.0,0.818851767564,-0.573862653626,-0.0120076822019,0.0,-0.00870294061661,0.00850443022119,-0.999925964005,0.0,0.654397109078,0.251515540404,0.303340964415,1.0,-0.0171,-0.0224742857143,0.856
0.459624673728,0.507327034506,-0.124129027307,-1.4196568797,0.0756792312554,1.91752303054,0.15074301829,-0.0110472389017,-0.0951358030031,-6.62537945931e-05,-0.139693959345,-0.0118252780664,0.0508484110139,-0.0221949926828,0.573893995027,0.818915486892,0.00196333928354,0.0,0.818871501068,-0.573834366986,-0.0120137798184,0.0,-0.00871180652372,0.00850252238148,-0.999925903025,0.0,0.654098050275,0.25115115403,0.303345056903,1.0,-0.01744,-0.0229211428571,0.873
0.459392079919,0.505665224382,-0.124135403609,-1.42223950743,0.075523938022,1.91849884379,0.150390598588,-0.0148445212171,-0.0918822718261,-0.00259895727055,-0.143818743193,-0.0114081174902,0.0545114541385,-0.0187096545144,0.573892132267,0.818916681102,0.00200918818998,0.0,0.818873280475,-0.573832296934,-0.0119913477435,0.0,-0.00866714449141,0.00852717482403,-0.999926081216,0.0,0.653785939464,0.250751864934,0.303362354029,1.0,-0.0178,-0.0233942857143,0.891
0.459202845033,0.50421541666,-0.12413766062,-1.42443484241,0.0753891682655,1.9193381127,0.150091099382,-0.0139701354674,-0.0985627223404,-0.000429213273977,-0.145595585698,-0.00812690610831,0.0619885539768,-0.0250328893067,0.573880234551,0.818924821817,0.00208794254724,0.0,0.818882467317,-0.573820090849,-0.0119480106873,0.0,-0.00858658445938,0.00856667165532,-0.999926438646,0.0,0.65351997798,0.25042062066,0.303403230913,1.0,-0.0181,-0.0237885714286,0.906
0.45894015358,0.502327350785,-0.124140854056,-1.42720609668,0.075211185962,1.92037726078,0.149708832635,-0.0135147375048,-0.100939858601,0.000467294949949,-0.153259138702,-0.00678884075855,0.0517977547069,-0.0117650807611,0.573878523628,0.818925680171,0.00221751571796,0.0,0.818885090484,-0.573817933249,-0.0118716033505,0.0,-0.00844967324469,0.00862891489657,-0.999927069765,0.0,0.653186974672,0.249984984974,0.30349270552,1.0,-0.01848,-0.024288,0.925
0.458717201077,0.500728165474,-0.124141540551,-1.42963245122,0.0750574328593,1.92123028926,0.149359014018,-0.0160539980589,-0.0989842942237,0.00170530725221,-0.15111411876,-0.00739931899371,0.0593737948735,-0.0192907796314,0.57385719297,0.818940566823,0.00223986356997,0.0,0.818900208497,-0.573796455848,-0.0118668732686,0.0,-0.00843320050822,0.00864428175692,-0.999927076102,0.0,0.652879163754,0.24960537598,0.303527858213,1.0,-0.0188,-0.0247085714286,0.941
0.458488983016,0.499132577703,-0.12414431321,-1.43208734628,0.0749062905915,1.92213111167,0.149013952119,-0.017053566918,-0.0948846809089,-0.00101257383845,-0.156921190362,-0.0138848917774,0.059655822379,-0.0241969833069,0.573847655632,0.818947152641,0.00227512811903,0.0,0.818907214998,-0.573786741593,-0.0118530711762,0.0,-0.00840176229961,0.00866514276904,-0.999927160193,0.0,0.652574545792,0.249221370808,0.30355059275,1.0,-0.01912,-0.0251291428571,0.957
0.458217553266,0.497343519964,-0.124142605515,-1.43489822443,0.0747304788446,1.92316240652,0.148604091855,-0.014132251759,-0.103770592855,-0.000384707453183,-0.155201298274,-0.0132344678268,0.0525999563958,-0.0286454761023,0.573828167456,0.818960788819,0.00228199737464,0.0,0.818920887141,-0.573767173821,-0.0118557054588,0.0,-0.00840018443981,0.00867208001623,-0.999927113309,0.0,0.652224996898,0.248777130899,0.303549389631,1.0,-0.01948,-0.0256022857143,0.975
0.457950980774,0.495672540176,-0.124142261986,-1.43759526325,0.0745551806949,1.92409073439,0.148211016647,-0.0187197559726,-0.0980921590438,-0.00534401250877,-0.15858104093,-0.00455231775608,0.048799203953,-0.0219108789354,0.573812799177,0.818971793188,0.00219553294373,0.0,0.818930672905,-0.573752056058,-0.0119112570924,0.0,-0.00849545560336,0.00863298725669,-0.999926646692,0.0,0.651877002858,0.248340590301,0.303510574154,1.0,-0.01982,-0.0260491428571,0.992
0.457703541393,0.494191939292,-0.124146807518,-1.44002284546,0.0744083074089,1.92495222819,0.147864933614,-0.0220815301616,-0.100770822614,-0.00464280182752,-0.163599541692,-0.00933311379857,0.0589871162778,-0.025764911368,0.57381782765,0.818968461353,0.00212294165979,0.0,0.818926269157,-0.573757253158,-0.0119635711244,0.0,-0.00857989945035,0.00860360873275,-0.999926178896,0.0,0.651569619638,0.247943190448,0.303461255755,1.0,-0.0232748571429,-0.0305898122449,1.007
0.457382842392,0.4917193857,-0.124231201791,-1.44377991061,0.0741961472448,1.92635866058,0.147319548732,-0.0219897416747,-0.151220361372,-0.000763179413315,-0.235591897694,-0.0127493116527,0.0815918546409,-0.0377264984327,0.573826146239,0.818962377628,0.0022191943016,0.0,0.818921612427,-0.573765354237,-0.0118936066675,0.0,-0.00846728261181,0.00864237504712,-0.999926804561,0.0,0.651112433706,0.247333125012,0.303518304318,1.0,-0.0331594285714,-0.0435809632653,1.025
0.456956460786,0.488691053681,-0.124253538949,-1.44865335573,0.0739310309844,1.92816452006,0.146594957579,-0.025676532495,-0.193808343793,-0.00150294698206,-0.317017311728,-0.0165980260188,0.10935287201,-0.0448564916529,0.573770339271,0.819001533528,0.00219835202474,0.0,0.81896015257,-0.573709287946,-0.0119443847771,0.0,-0.00852141853848,0.00865386302923,-0.999926245321,0.0,0.650489829143,0.246584472535,0.303461980526,1.0,-0.0424948571429,-0.0558503836735,1.042
0.456449450449,0.485275882601,-0.124321424476,-1.45398149267,0.0736132892388,1.93018378869,0.145794494702,-0.0375118947389,-0.24081130891,-0.00164036993374,-0.374951324301,-0.0235019367837,0.135543630146,-0.0577697921116,0.573757580535,0.819010253424,0.00227825928407,0.0,0.818970068384,-0.573696368412,-0.0118849006511,0.0,-0.00842698866224,0.00868504521816,-0.999926775245,0.0,0.649837443135,0.245714255203,0.303475331028,1.0,-0.050732,-0.0666763428571,1.057
0.455697878117,0.480408522686,-0.124457396478,-1.46169038921,0.0731448104058,1.93288830219,0.144617904182,-0.0474085923753,-0.288777695264,-0.00663746229413,-0.464742736283,-0.0322983608298,0.165292450578,-0.0761821878735,0.573758916694,0.819009682374,0.00214303378344,0.0,0.818967825217,-0.573698340354,-0.0119441380928,0.0,-0.00855307449393,0.00860829718635,-0.999926368357,0.0,0.64885253883,0.244405725006,0.303421190645,1.0,-0.0606165714286,-0.0796674938775,1.075
0.454825560207,0.474945042587,-0.124580469789,-1.47017770756,0.0726383304293,1.93591474517,0.143399921183,-0.0567421484825,-0.334885207552,-0.0065430656881,-0.525025306718,-0.0314861830121,0.186716307765,-0.0762038667501,0.573839581269,0.818953183392,0.00213665224127,0.0,0.818911220691,-0.573778998496,-0.0119507494217,0.0,-0.00856130293133,0.00860770726414,-0.999926303018,0.0,0.647773090452,0.242959060372,0.303430729162,1.0,-0.069952,-0.0919369142857,1.092
0.453873743389,0.469128399635,-0.124665245813,-1.47908599679,0.0721288716733,1.93916735258,0.14205510726,-0.0618658601338,-0.388174271917,-0.00533306457043,-0.568909553914,-0.0283549462545,0.227496234267,-0.0856465532717,0.573869000026,0.818932162458,0.00228713858521,0.0,0.818891855047,-0.573807493133,-0.0119095534019,0.0,-0.00844090157683,0.00870761030879,-0.999926461648,0.0,0.64664157636,0.241454547959,0.303494978175,1.0,-0.0787382857143,-0.103484604082,1.108
0.452643033817,0.46179573408,-0.124709725505,-1.49033731643,0.0714088283813,1.94324691874,0.14024385597,-0.0705464868215,-0.425820281318,0.000518241004458,-0.658329799011,-0.0500700240552,0.23054414515,-0.0987252436624,0.573760389816,0.819007889146,0.00241650504916,0.0,0.818969185633,-0.573698305714,-0.0118521688185,0.0,-0.00832083511528,0.00877951720659,-0.999926839214,0.0,0.645183202872,0.239561612142,0.303550748209,1.0,-0.0886228571428,-0.116475755102,1.126
0.451298175883,0.454151861153,-0.124827262044,-1.50228576711,0.0706226085375,1.94727504645,0.138442220177,-0.0818653466772,-0.460712588865,-0.00902878482709,-0.732343733774,-0.0468894948621,0.243254573881,-0.113695659848,0.573809033483,0.818974526922,0.00215968688287,0.0,0.818932289058,-0.573747779911,-0.0120057438953,0.0,-0.00859344832314,0.00865780831306,-0.999925594732,0.0,0.643570511182,0.237464707962,0.303473958872,1.0,-0.0979582857143,-0.12874517551,1.143
0.449924216163,0.446131404995,-0.124938896784,-1.51416140582,0.069812877317,1.95167403102,0.136575856908,-0.088271157689,-0.503129464447,-0.0027432490837,-0.759573777247,-0.0547815268221,0.27789489602,-0.118022196394,0.57380493468,0.818976187557,0.00257838162124,0.0,0.818940159791,-0.573742856347,-0.0117002723509,0.0,-0.00810307241646,0.00882538418495,-0.99992822383,0.0,0.642042089742,0.235390261438,0.3037060873,1.0,-0.106744571429,-0.140292865306,1.159
0.448283056171,0.437132866355,-0.124977848922,-1.52799984494,0.0689082925825,1.95641492689,0.134388283647,-0.104252650125,-0.544343610614,-0.00296535829012,-0.835958569066,-0.0600724356462,0.284460626603,-0.130611661463,0.573752292071,0.819013311718,0.00249989466532,0.0,0.818975645375,-0.573689840509,-0.0118155017076,0.0,-0.00824304771555,0.00882669397483,-0.999927068159,0.0,0.64013028314,0.232983957105,0.303685336487,1.0,-0.11608,-0.152562285714,1.176
0.446475081758,0.427375847261,-0.125057196494,-1.54261464577,0.0679023550118,1.96163899256,0.131988671647,-0.113758384259,-0.580653702382,0.000829537088513,-0.896331838542,-0.0657106260897,0.313066224357,-0.141404270689,0.573682359265,0.819061397604,0.00277930289481,0.0,0.819027658245,-0.573619242001,-0.0116364572164,0.0,-0.0079368641002,0.00895212852707,-0.99992843023,0.0,0.638152581496,0.23038881621,0.303833503862,1.0,-0.125415428571,-0.164831706122,1.193
0.444572973747,0.417689396594,-0.125137394634,-1.55728398555,0.0668605175727,1.96665626301,0.129541636524,-0.119377478045,-0.616354156058,-0.00287299391181,-0.929171902678,-0.0663545145709,0.323214749773,-0.146364555741,0.573624803868,0.819101728986,0.00277287936349,0.0,0.819067978481,-0.573561797182,-0.0116300620008,0.0,-0.0079359390134,0.00894264090256,-0.999928522468,0.0,0.636102218863,0.22771583961,0.303867298262,1.0,-0.134201714286,-0.176379395918,1.209
0.442397132826,0.406777725684,-0.125259323332,-1.57375164636,0.0657192797997,1.97239095928,0.126807244257,-0.131157031016,-0.640224851024,-0.01004504798,-0.997465216909,-0.0620677113036,0.330029871682,-0.162139806135,0.573617619612,0.819106342234,0.00289369742636,0.0,0.819074222051,-0.573554285231,-0.0115606040634,0.0,-0.00780982191261,0.00900169246295,-0.999928985586,0.0,0.633790396944,0.224692529356,0.303913070744,1.0,-0.143537142857,-0.188648816327,1.226
0.439940928405,0.39515967315,-0.12537023574,-1.59108112221,0.0645334938334,1.97830157478,0.123868184639,-0.146254316103,-0.696500240983,-0.00744979860106,-1.02433454453,-0.0687083111377,0.365802236566,-0.166736674073,0.573667101695,0.819071075035,0.00306224992927,0.0,0.819040790103,-0.573602815941,-0.011521310377,0.0,-0.00768040476533,0.00911767987684,-0.999928937123,0.0,0.631167268622,0.221224723572,0.304006907402,1.0,-0.153421714286,-0.201639967347,1.244
0.437281895748,0.383151807701,-0.125494464288,-1.60928287414,0.0631359255609,1.98433226113,0.120656219363,-0.159373449528,-0.717903850763,-0.00543602538708,-1.06606056219,-0.0789680250354,0.343393571507,-0.204218673845,0.573606209153,0.819114508142,0.00284363744851,0.0,0.819081710408,-0.573543007493,-0.0115895268241,0.0,-0.00786235256433,0.00897716881087,-0.999928794391,0.0,0.6286427018,0.217919751783,0.303928053883,1.0,-0.162208,-0.213187657143,1.26
0.434386596764,0.370429368434,-0.125636864352,-1.62821310565,0.0617311546689,1.99065255276,0.117280543328,-0.173828716147,-0.740497423272,-0.00731237839431,-1.13958830655,-0.0860778181337,0.373613380235,-0.200493892436,0.573621142153,0.819103874316,0.00289400360994,0.0,0.819071789313,-0.573557842307,-0.0115564865058,0.0,-0.00780623469842,0.00899961497427,-0.999929032297,0.0,0.625842409777,0.214216731158,0.303965025503,1.0,-0.171543428571,-0.225457077551,1.277
0.431206281767,0.357173429068,-0.125837315617,-1.6478073231,0.0601862705127,1.99712218575,0.113768303908,-0.193667260256,-0.77606071167,-0.0112244355144,-1.17902054437,-0.0941849429998,0.381155121532,-0.221394910288,0.573751019007,0.819012839201,0.00291278450117,0.0,0.818981708151,-0.573688465667,-0.0114565690927,0.0,-0.00771219479249,0.00895890790426,-0.999930127569,0.0,0.622915355886,0.210243397787,0.304012234768,1.0,-0.180878857143,-0.237726497959,1.294
0.427932397026,0.34420957987,-0.126007771701,-1.66687878565,0.0587868846268,2.00328930096,0.110140836547,-0.208161113532,-0.831688992904,-0.0164967222083,-1.19723956115,-0.0938491741316,0.404211639621,-0.227653301264,0.57383907621,0.818950987714,0.00295655852332,0.0,0.818919880422,-0.573775742959,-0.0115053527632,0.0,-0.00772606719687,0.00902357928536,-0.999929438962,0.0,0.620000093712,0.206312393978,0.304043490698,1.0,-0.189665142857,-0.249274187755,1.31
0.424090962298,0.329160127784,-0.126143635441,-1.68896027017,0.0570698221982,2.01037055275,0.105891731828,-0.217423836667,-0.83912151608,-0.0117133606534,-1.22687975429,-0.0970859323201,0.396951250373,-0.249577404905,0.573824454096,0.818961211864,0.00296247274314,0.0,0.818929849256,-0.57376071646,-0.0115450918726,0.0,-0.00775538126261,0.00905108765974,-0.999928963414,0.0,0.616530595654,0.201780660024,0.304044570802,1.0,-0.199549714286,-0.262265338775,1.328
0.420457563329,0.315258815624,-0.126227282306,-1.70922246178,0.0553371100119,2.01681877751,0.101929615272,-0.23548059977,-0.855568155615,-0.00791358463535,-1.30448480499,-0.0968639247436,0.401242485136,-0.254985933886,0.573724341208,0.819031441634,0.00293680463987,0.0,0.819000326394,-0.573661373495,-0.0114821961263,0.0,-0.00771969689117,0.00899303251056,-0.999929763356,0.0,0.613279347176,0.197587039128,0.304047429024,1.0,-0.208336,-0.273813028571,1.344
0.416561862689,0.300876703688,-0.126320231293,-1.72988767311,0.0536186424059,2.02329599113,0.0976215457662,-0.254559477036,-0.910969961663,-0.00807412387741,-1.30860626294,-0.117740878695,0.403186935932,-0.270755104354,0.573544947402,0.819156671788,0.0030475033342,0.0,0.819127002224,-0.573481680404,-0.011422056278,0.0,-0.00760891276766,0.00904752913056,-0.99993012089,0.0,0.609905989449,0.193226932256,0.3041200528,1.0,-0.217122285714,-0.285360718367,1.36
0.412060060637,0.285159397243,-0.126486109327,-1.75241633546,0.0517882158844,2.03016858406,0.092984661328,-0.270092663475,-0.924010514027,-0.00589714408398,-1.33819618335,-0.109101042152,0.405168122177,-0.271741335963,0.573630655703,0.819096531146,0.00308064987893,0.0,0.819066669205,-0.573566537418,-0.0114876217184,0.0,-0.00764266056154,0.00911308506927,-0.999929268209,0.0,0.606157870587,0.188318804092,0.304146161843,1.0,-0.226457714286,-0.297630138775,1.377
0.407236341067,0.268978115149,-0.1266689861,-1.77546428151,0.0498084619106,2.03708648837,0.0879636092042,-0.287191398186,-0.975683267391,-0.00716939175847,-1.36586906744,-0.11410007739,0.413846287354,-0.29730959944,0.573595348875,0.819121300738,0.00306876653036,0.0,0.819091109203,-0.573531062787,-0.0115161514918,0.0,-0.00767323979348,0.00911938589031,-0.999928976574,0.0,0.602249219409,0.18318680355,0.304158632586,1.0,-0.235793142857,-0.309899559184,1.394
0.402300547291,0.253311774155,-0.126895731579,-1.79752583403,0.0478204266888,2.04361106149,0.083095714186,-0.312907755463,-1.01743385301,-0.0152697784509,-1.38749466899,-0.124448624607,0.428431172258,-0.300485318247,0.573733851831,0.819024222238,0.00308829264378,0.0,0.818994669352,-0.573669947797,-0.0114572889426,0.0,-0.00761228304544,0.00910290498834,-0.999929592655,0.0,0.598466108419,0.178086911217,0.304207081254,1.0,-0.244579428571,-0.32144724898,1.41
