position_joint1,position_joint2,position_joint3,position_joint4,position_joint5,position_joint6,position_joint7,velocity_joint1,velocity_joint2,velocity_joint3,velocity_joint4,velocity_joint5,velocity_joint6,velocity_joint7,ee_T_00,ee_T_10,ee_T_20,ee_T_30,ee_T_01,ee_T_11,ee_T_21,ee_T_31,ee_T_02,ee_T_12,ee_T_22,ee_T_32,ee_T_03,ee_T_13,ee_T_23,ee_T_33,v_x,v_y,time
0.465070144709,0.54784096442,-0.124004530395,-1.35585900835,0.0795457351576,1.8940923327,0.159161226992,0.00035634523425,0.00305350611939,0.00187386073014,-0.000383698331935,3.75195748715e-05,-0.000374237043785,0.000587286933592,0.573835086935,0.818956950945,0.00188478190874,0.0,0.818912570188,-0.573776413054,-0.0119823667295,0.0,-0.00873176723246,0.00841953615319,-0.99992643112,0.0,0.661669912655,0.260881828554,0.303159555979,1.0,0.0,0.0,0.0
0.465075381696,0.547835852983,-0.124009745244,-1.35585428662,0.0795420848364,1.89409501945,0.159159701059,0.00215387504993,0.000240563593505,0.000125318970871,0.000505996669395,0.000221787289266,0.000158354501093,-0.000179625726864,0.573831977419,0.818959112961,0.00189205964672,0.0,0.818914896762,-0.573773340088,-0.0119705039878,0.0,-0.00871790779116,0.00841865588951,-0.999926559462,0.0,0.661671704921,0.260882497057,0.303165823305,1.0,-8e-05,-0.000105142857143,0.005
0.46507228091,0.547832224332,-0.124007321266,-1.35585750085,0.0795425405281,1.89409672368,0.159160417582,0.00107780629588,0.000335364785185,-0.000193861908353,-1.47605068704e-05,0.000185248916517,-0.000100190286152,0.000657055528513,0.573833711984,0.818957891171,0.00189483005013,0.0,0.81891369359,-0.57377504574,-0.0119710583492,0.0,-0.00871675432664,0.00842126125937,-0.999926547579,0.0,0.661671630965,0.260881704389,0.303166932675,1.0,-0.00038,-0.000499428571429,0.02
0.465067227363,0.547820846334,-0.124007397592,-1.35586675244,0.0795458745175,1.89409476039,0.159159700843,-0.000993254914423,-0.00395857836223,0.000174746036332,-0.00240498340802,0.000302178146998,-0.00044477435713,-0.00112899437746,0.573838671878,0.818954409707,0.00189746693711,0.0,0.81891020423,-0.573779952944,-0.0119745525876,0.0,-0.00871805200554,0.00842547860679,-0.999926500739,0.0,0.661670568566,0.260877775006,0.303170427978,1.0,-0.00074,-0.000972571428571,0.038
0.46507434351,0.547772010364,-0.124004543102,-1.35591410223,0.0795415517991,1.89409938513,0.159157819534,0.00150416910094,-0.00420917856628,0.000100408896413,-0.00720566112143,0.000204587607074,-0.000315653805487,-0.000950784086227,0.573830695228,0.818959984727,0.00190355728566,0.0,0.818915840522,-0.57377193381,-0.0119733460644,0.0,-0.00871365132989,0.00842968900853,-0.999926503611,0.0,0.661659659843,0.260878771627,0.303182787073,1.0,-0.00106,-0.00139314285714,0.054
0.465071263678,0.54763183836,-0.12400461721,-1.3560772975,0.0795393278086,1.8941329732,0.159160396056,0.000143181483972,-0.00462635124338,0.000889298692674,-0.0126035564502,0.000155614502097,0.00162455103543,-0.000280547382045,0.573840625728,0.818953011592,0.00190996605608,0.0,0.81890883407,-0.573781722663,-0.0119834519713,0.0,-0.00871814831861,0.00844084216604,-0.999926370326,0.0,0.661634435587,0.260861300341,0.303199902762,1.0,-0.0014,-0.00184,0.071
0.465054590288,0.547502183323,-0.124012218907,-1.35626912253,0.0795356016924,1.8941732069,0.159157006209,-0.00161014858377,-0.0108006616036,-0.00199130009552,-0.0150422693126,-3.04462179849e-05,0.000379847871702,0.00091862158162,0.573869410842,0.818932856382,0.00190340189388,0.0,0.818888532412,-0.5738104734,-0.0119941236485,0.0,-0.00873035808393,0.0084418971879,-0.999926254891,0.0,0.661607366018,0.260826708618,0.30321161111,1.0,-0.00174,-0.00228685714286,0.088
0.465040357182,0.54733828607,-0.124012305949,-1.35646648345,0.0795362942214,1.89428927558,0.159144463616,-0.000155350702748,-0.0106387383868,-0.00101003555654,-0.0155258757427,0.000262753409877,0.00183520696807,0.000854575639278,0.573882337043,0.818923617219,0.00197972022835,0.0,0.818880236139,-0.573823023524,-0.0119600767622,0.0,-0.00865854698104,0.00848499393403,-0.999926514521,0.0,0.661593293376,0.260803976874,0.303243855454,1.0,-0.00206,-0.00270742857143,0.104
0.465019046076,0.547117681282,-0.124007016251,-1.35671605113,0.0795310493637,1.89442734082,0.159125807893,-0.000870248093586,-0.0131455356756,-0.000246629513928,-0.0171448736049,-6.33694187735e-05,0.00311048296088,-0.00160318400516,0.573894178046,0.818915073745,0.00207877366378,0.0,0.81887292566,-0.573834395344,-0.0119149167935,0.0,-0.00856459803128,0.00854031727913,-0.999926852645,0.0,0.661577917685,0.260775067598,0.303292782568,1.0,-0.0024,-0.00315428571429,0.121
0.464987791039,0.546896716087,-0.124007730473,-1.35701326799,0.079526345601,1.89455888007,0.159117616906,-0.00297518777537,-0.0158813862804,0.000775207483442,-0.0176348852402,0.000195327872035,0.00598461626976,0.00179031105694,0.573928491859,0.818890887205,0.00213260057092,0.0,0.818849370326,-0.573868416081,-0.0118952361138,0.0,-0.00851723232606,0.00857345862338,-0.999926973614,0.0,0.661546547334,0.260729465555,0.303319610211,1.0,-0.00276,-0.00362742857143,0.139
0.464955201244,0.546660927238,-0.124007730582,-1.3573760024,0.0795194028989,1.89469363994,0.159064380787,-0.000323282690605,-0.0200846519836,-6.39771121411e-05,-0.0238010293159,0.000279517591547,0.00855858604312,-0.00483569089421,0.573930052333,0.818889754641,0.00214748109175,0.0,0.818848295558,-0.573869779184,-0.0119034575803,0.0,-0.00851540890535,0.00859037865511,-0.999926843927,0.0,0.661505310352,0.260675969348,0.30332564215,1.0,-0.00308,-0.004048,0.155
0.464911866274,0.546376914999,-0.124007739351,-1.35780876671,0.0795107758449,1.89485102082,0.15894613876,-5.62114589802e-05,-0.01773065358,-0.00191250029258,-0.0301757020763,0.000419978152149,0.00364714422622,-0.00375290591934,0.573890623856,0.818917340227,0.00216532363834,0.0,0.818875945412,-0.57383011363,-0.011913589618,0.0,-0.00851388113172,0.00861039459651,-0.999926684779,0.0,0.661456657887,0.260608944534,0.303334440096,1.0,-0.00342,-0.00449485714286,0.172
0.464867519574,0.546100304258,-0.124010514963,-1.35827372744,0.0794963514716,1.89501276877,0.158929286476,-0.00329174439773,-0.0170356434257,-0.00119674995533,-0.0310292965221,0.000208210623483,0.0105486045531,-0.000318261346649,0.57393723709,0.818884716129,0.00214859795609,0.0,0.818842978205,-0.573876662645,-0.0119373371342,0.0,-0.00854243717446,0.00861081242717,-0.999926437633,0.0,0.661402474297,0.260535082715,0.303323115821,1.0,-0.00374,-0.00491542857143,0.188
0.464802516962,0.545757003967,-0.124005224977,-1.35887890987,0.0794645622305,1.895213526,0.158839721249,-0.00701896177565,-0.0145823960473,0.000676966462517,-0.0359603666911,-0.00405108941213,0.015870144152,-0.00943833445491,0.573938750962,0.818883781123,0.00210001389479,0.0,0.818841295248,-0.573878261625,-0.0119758478934,0.0,-0.00860184089386,0.00859314672399,-0.999926080349,0.0,0.661330080064,0.260436292841,0.303295341203,1.0,-0.0041,-0.00538857142857,0.206
0.464748830852,0.545396674912,-0.124007701723,-1.35949506317,0.0793646245043,1.89541672234,0.158752742055,-0.00397729364947,-0.0159837886812,0.000636666311464,-0.0386072057893,-0.0112343598247,0.0152553139477,-0.00148706460039,0.573920977654,0.818896439527,0.00201981186093,0.0,0.818853444638,-0.573861357391,-0.011955149444,0.0,-0.00863110351299,0.00851540490467,-0.999926493264,0.0,0.661258685419,0.260328547558,0.303274715691,1.0,-0.00442,-0.00580914285714,0.222
0.464689003718,0.544988141737,-0.124008421216,-1.36019363387,0.0793431126793,1.89564603546,0.158684607752,-0.00402785757645,-0.0225735951187,0.000900376885904,-0.0378150500673,-0.000682545116623,0.0154170596071,-0.0111485692323,0.573947835117,0.818877715916,0.00197884884749,0.0,0.818833952219,-0.573888153535,-0.0120038671211,0.0,-0.0086942287699,0.00851010601572,-0.999925991502,0.0,0.661171557165,0.260223085317,0.303251312725,1.0,-0.00476,-0.006256,0.239
0.46461532625,0.54447409161,-0.124014083829,-1.36105487017,0.0793194072673,1.89595560751,0.158580772716,0.000287296372834,-0.0251068745251,0.000410653932052,-0.0439192300181,-0.00194934252012,0.019101344011,0.000508947730317,0.573968863687,0.818863022314,0.00195987375179,0.0,0.81881875569,-0.57390901139,-0.0120432087131,0.0,-0.00873711729439,0.00851737219275,-0.999925555805,0.0,0.661070578446,0.260092778124,0.303232257434,1.0,-0.00516,-0.00678171428571,0.259
0.464550555035,0.544010677056,-0.1240091031,-1.36180454499,0.079289267427,1.89622810484,0.158480668587,-0.00496380276772,-0.0364161408481,0.00252915284903,-0.0509413853687,-0.000352361217934,0.0242463178318,-0.00172778724543,0.573970221727,0.818862076898,0.00195716368822,0.0,0.818817593888,-0.573910204632,-0.0120653164083,0.0,-0.00875676243455,0.00852785658378,-0.999925294596,0.0,0.660982027567,0.259983553506,0.303226827406,1.0,-0.00548,-0.00720228571429,0.275
0.464478410032,0.543493925405,-0.124017707168,-1.36264910867,0.0792500117214,1.89651121203,0.158365593946,-0.00212595204602,-0.0333736621666,-0.000139103028072,-0.0453754953997,-0.00100345473873,0.0167257819117,-0.00533116091471,0.573977531221,0.818857032631,0.00192371129308,0.0,0.818811993634,-0.573917543917,-0.0120962294612,0.0,-0.00880120035245,0.00851828580567,-0.999924986026,0.0,0.660880583403,0.259850267993,0.303215276899,1.0,-0.00582,-0.00764914285714,0.292
0.464403557717,0.543044790031,-0.124014813717,-1.36335906173,0.0792055308188,1.89677474326,0.15828014518,-0.00766325638355,-0.0284801322771,0.000956974572132,-0.0451034101661,-0.000972419808955,0.0160812456914,-0.00547975607694,0.573994510813,0.818845126856,0.00192527475578,0.0,0.818800103942,-0.573934510287,-0.0120960567164,0.0,-0.00879998489926,0.0085196493575,-0.999924985107,0.0,0.66080271302,0.259734784961,0.30321781298,1.0,-0.0061,-0.00801714285714,0.306
0.464329662827,0.542452968477,-0.124021218459,-1.36428341019,0.0791496208132,1.89709986844,0.158161846637,-0.00674346129705,-0.0346013479013,0.000439099719218,-0.0546989091228,-0.000844998172528,0.0201449174225,-0.00525828312416,0.573999022889,0.818841981835,0.00191765702269,0.0,0.818796860001,-0.573939055932,-0.0120999599069,0.0,-0.00880750646089,0.00851570066592,-0.99992495252,0.0,0.66069388912,0.259593307691,0.30322481179,1.0,-0.00644,-0.008464,0.323
0.464240442211,0.541839639082,-0.124022639194,-1.36523409691,0.0790967616374,1.89746202421,0.158026558047,-0.00606621383459,-0.0399032814259,-0.000776022602048,-0.061183505271,-0.00263062070255,0.0254792878193,-0.00667983425358,0.574001086823,0.81884048147,0.00194039516197,0.0,0.81879562902,-0.573940992799,-0.0120913847055,0.0,-0.0087874121331,0.00852941925709,-0.999925012386,0.0,0.660589463328,0.259444764343,0.303237460951,1.0,-0.00678,-0.00891085714286,0.34
0.464166062169,0.54122040691,-0.124028624398,-1.36617914328,0.0790386558453,1.89781125998,0.157914537369,-0.00699780310953,-0.0435082412908,-0.000526668121469,-0.0576630927573,-0.0012071689153,0.0258255895213,-0.00498653567151,0.574004938914,0.81883773757,0.00195870771546,0.0,0.818793107349,-0.573944747735,-0.0120839068913,0.0,-0.00877073783808,0.00854016303829,-0.999925067079,0.0,0.660472994588,0.259298479559,0.303252864617,1.0,-0.00712,-0.00935771428571,0.357
0.464066719926,0.5404872447,-0.124029692432,-1.3673060085,0.0789791491383,1.89822321294,0.157762432586,-0.0054562474731,-0.0490790124305,-0.00111773370204,-0.0606291947007,-0.00249017336678,0.0187660227309,-0.00962806968054,0.574015455805,0.818830317787,0.00197840100215,0.0,0.818785906546,-0.573955140149,-0.0120782134028,0.0,-0.00875466244888,0.00855313270411,-0.999925097098,0.0,0.660351801619,0.259130368119,0.303273525647,1.0,-0.00746,-0.00980457142857,0.374
0.463969443516,0.539791318096,-0.124035393413,-1.36836995589,0.0789088619857,1.89862880081,0.157634902429,-0.00865204378672,-0.0490808271539,-0.00179166033828,-0.0696106891321,-0.00247376479401,0.0325051119307,-0.00571493311123,0.574034864242,0.818816646925,0.00200505703138,0.0,0.818772679787,-0.573974524803,-0.0120536555939,0.0,-0.00871905006854,0.0085610692983,-0.999925340342,0.0,0.660235559135,0.258961821197,0.303294243029,1.0,-0.00778,-0.0102251428571,0.39
0.463869587363,0.539034876375,-0.124040716425,-1.3695367338,0.0788423619015,1.89907229156,0.157496189221,-0.00974765750628,-0.0444061431288,-0.000380832296926,-0.0685573230592,-0.00475593820022,0.0199192275756,-0.00646635661434,0.574053597472,0.818803443767,0.00203337320081,0.0,0.818759845907,-0.57399313384,-0.0120392664307,0.0,-0.00869081788323,0.00857619365232,-0.999925456515,0.0,0.660104845246,0.258783570011,0.30331195058,1.0,-0.00812,-0.010672,0.407
0.463757549021,0.53826010418,-0.124046856785,-1.3707289068,0.0787760157132,1.89953515608,0.157344030365,-0.00960830556666,-0.0476183346346,-0.000879636294643,-0.0682007598388,-0.00295599430041,0.0313723379777,-0.00601416394797,0.574073288977,0.818789539403,0.00207266685635,0.0,0.818746457061,-0.57401265852,-0.012018893876,0.0,-0.00865137413422,0.00859688009917,-0.999925620923,0.0,0.659975690154,0.258595378876,0.303332098901,1.0,-0.00846,-0.0111188571429,0.424
0.463640595437,0.537377228253,-0.124048862618,-1.37213339298,0.0786943258487,1.90006130264,0.157174604672,-0.002152817659,-0.0458576772604,-0.000246816938409,-0.0742962346113,-0.00544937342375,0.0263962366947,-0.0121393525492,0.574087396646,0.818779638504,0.00207641150344,0.0,0.818736579208,-0.574026722913,-0.0120200727945,0.0,-0.00865004170683,0.00860077194094,-0.999925598982,0.0,0.659813706394,0.258384385199,0.30333273843,1.0,-0.00884,-0.0116182857143,0.443
0.463535359021,0.536568346611,-0.124049262227,-1.37337025157,0.078620687116,1.90053211853,0.157017973319,-0.00624119360561,-0.0547886082251,0.00141110606651,-0.0775970524369,-0.00866643420274,0.0247706419558,-0.00569265176879,0.574094034241,0.818774891292,0.00211285109225,0.0,0.81873230967,-0.574033208634,-0.0120011411702,0.0,-0.00861355220276,0.0086198089627,-0.999925750049,0.0,0.659673454454,0.258198550103,0.303355896429,1.0,-0.00916,-0.0120388571429,0.459
0.463417243012,0.535766653534,-0.124049972777,-1.37464831626,0.0785512448032,1.90099470413,0.156860204871,-0.0101097261352,-0.0506276437481,0.00139053532159,-0.0818060290811,-0.00441163582798,0.0281272320843,-0.00523293253308,0.574113697822,0.818761124571,0.00210470067388,0.0,0.818718338391,-0.57405280573,-0.0120168846863,0.0,-0.00863091486441,0.00862238114965,-0.999925578157,0.0,0.659524684727,0.257999187575,0.303353539752,1.0,-0.00948,-0.0124594285714,0.475
0.463299285729,0.534811906013,-0.124058477972,-1.37617274176,0.0784704088797,1.90154847198,0.156685703783,-0.00653125953933,-0.0525651702299,-0.00178021444834,-0.0869203243969,-0.00119971439459,0.0359184428719,-0.00680800662118,0.574135379553,0.818745947339,0.00209441222252,0.0,0.818702931631,-0.574074433091,-0.0120333665724,0.0,-0.00865008814569,0.00862364894294,-0.999925401545,0.0,0.659342953006,0.257772527551,0.303349927003,1.0,-0.00984,-0.0129325714286,0.493
0.463171441858,0.533908425472,-0.124061621341,-1.37765080697,0.0783843735751,1.90208490664,0.15649385343,-0.00611644014826,-0.0492707157921,9.9035281831e-05,-0.0882282614809,-0.00118696055942,0.0260602356514,-0.0103457715595,0.57414310771,0.818740610785,0.0020618004434,0.0,0.818697112627,-0.574082242756,-0.0120566674188,0.0,-0.00868780749107,0.00861040834733,-0.999925188636,0.0,0.659168403775,0.257545298036,0.303330338373,1.0,-0.01018,-0.0133794285714,0.51
0.463049004439,0.533045094191,-0.124059574218,-1.37906062786,0.0783091773307,1.90262150677,0.156313388989,-0.00385304091272,-0.0518048833545,-0.000152751030968,-0.0917827437789,-0.00551852296671,0.0360037715413,-0.0136939517371,0.57415129385,0.818734881645,0.00205724311533,0.0,0.818691219696,-0.574090344121,-0.0120710596294,0.0,-0.00870212171176,0.0086150272456,-0.999925024381,0.0,0.659005175764,0.257333994833,0.30331460387,1.0,-0.0105,-0.0138,0.526
0.462921768621,0.532085657842,-0.124058607025,-1.38061482573,0.0782199376683,1.90318829853,0.156113383759,-0.00528486286143,-0.0550075785088,0.000962804466884,-0.0858344585245,-0.00139878221389,0.0270751461746,-0.0124177765517,0.574151950477,0.818734476288,0.00203519084416,0.0,0.818690437872,-0.574091008602,-0.0120924637639,0.0,-0.00873230034618,0.00860926869457,-0.999924810885,0.0,0.658818740734,0.257102837427,0.303300365929,1.0,-0.01084,-0.0142468571429,0.543
0.462781195871,0.531082684832,-0.124059899132,-1.38223176062,0.0781205930556,1.90377367812,0.155921059575,-0.00818803562942,-0.0536990359812,-0.000767651034852,-0.0925845692421,0.000632637708606,0.0317448989465,-0.00547487328754,0.574171874435,0.818720569314,0.00200870385963,0.0,0.818676159146,-0.574111020183,-0.0121090813862,0.0,-0.00876090365885,0.00859733744328,-0.99992466334,0.0,0.658626594095,0.256854365897,0.303288412308,1.0,-0.01118,-0.0146937142857,0.56
0.462647730392,0.530102557256,-0.12406484427,-1.3837925827,0.078030063786,1.90431833957,0.155705953171,-0.0118683297583,-0.0621230097472,-0.000989070799655,-0.0942005872498,-0.00305964557548,0.0315889891834,-0.0198274262929,0.574168895548,0.818722729229,0.00197962886438,0.0,0.818677850933,-0.574108083289,-0.0121339192375,0.0,-0.0087979639295,0.00858776265265,-0.999924420226,0.0,0.658436896861,0.256613511686,0.30328343818,1.0,-0.0115,-0.0151142857143,0.576
0.462513337032,0.529111531889,-0.124065620441,-1.38534527595,0.0779237607137,1.90490560523,0.155487821906,-0.00698033225848,-0.0646216435274,-0.00197725160327,-0.0973214547555,-0.00343285107785,0.0381259178204,-0.0149802395271,0.574156627057,0.818731299057,0.0019936027765,0.0,0.818686717133,-0.574095865977,-0.0121137425959,0.0,-0.00877355001765,0.00858748703802,-0.999924637103,0.0,0.658257635344,0.256375939393,0.303293315628,1.0,-0.01182,-0.0155348571429,0.592
0.462368175565,0.528020360471,-0.124068996432,-1.38705166579,0.0778157220356,1.90556482445,0.155258892389,-0.00682970503258,-0.0660065128892,-0.00205157164938,-0.100222851088,-0.0160590053565,0.0358794412284,-0.0137317144383,0.574153975296,0.818733078965,0.00202607037218,0.0,0.81868899996,-0.574093150143,-0.0120881431316,0.0,-0.00873397767886,0.0085993425238,-0.99992488165,0.0,0.658062401943,0.256117452004,0.303306654812,1.0,-0.01216,-0.0159817142857,0.609
0.462232364246,0.526920636289,-0.124073742478,-1.38872154573,0.0777174206268,1.90620006066,0.155032439652,-0.00684794605816,-0.070366405167,-0.000981995546752,-0.101330677726,-0.00575165722783,0.0383409516302,-0.0171698071619,0.574147007278,0.818737825798,0.0020817160533,0.0,0.818694481019,-0.574085950756,-0.0120588056888,0.0,-0.00867808349169,0.00862798275685,-0.999925121587,0.0,0.657868050133,0.2558687437,0.303341075493,1.0,-0.01248,-0.0164022857143,0.625
0.462076836265,0.525753547792,-0.124074754656,-1.3905422015,0.0775999296842,1.90686048355,0.154781602288,-0.0138914104707,-0.0667259509104,0.00073804664565,-0.108203255035,-0.0132791816563,0.0331656340492,-0.018918485226,0.57413611908,0.818745456054,0.00208371294013,0.0,0.818702160295,-0.57407507823,-0.0120550481374,0.0,-0.00867397521678,0.00862734494156,-0.999925162736,0.0,0.657649842622,0.255590891151,0.303352907731,1.0,-0.01282,-0.0168491428571,0.642
0.461903801465,0.52443556515,-0.124084020601,-1.39263275831,0.0774734685785,1.90761069561,0.154500468762,-0.0109603044438,-0.0742375161946,-0.000562620507464,-0.112097390724,-0.0105103039958,0.0361397731921,-0.0148802932992,0.574132459464,0.818748075482,0.00206271301851,0.0,0.818704476422,-0.574071480146,-0.0120690873879,0.0,-0.00869756481107,0.00861817313386,-0.999925036919,0.0,0.6573963294,0.255271346664,0.303350154225,1.0,-0.0132,-0.0173485714286,0.661
0.461759420749,0.523311094515,-0.124092833648,-1.39442273037,0.0773576446201,1.90827562617,0.154260307871,-0.0102695159242,-0.0733260200482,-0.000857187747712,-0.11444708286,-0.000207822034345,0.0387578144575,-0.0148594963834,0.574125150006,0.818753220183,0.00205510851691,0.0,0.818709602116,-0.574064283803,-0.0120636796008,0.0,-0.00869757957685,0.008608764682,-0.999925117836,0.0,0.657182720832,0.255000005495,0.30334664799,1.0,-0.01352,-0.0177691428571,0.677
0.46160243166,0.522077569593,-0.124093593395,-1.39637755984,0.0772434447527,1.90903868307,0.15399520521,-0.00609552839896,-0.0781906109169,-3.09398818383e-05,-0.118418194324,-0.00697855823889,0.0445197453334,-0.0138842140884,0.574111387003,0.818762781574,0.00209038839587,0.0,0.818719613464,-0.574050361146,-0.0120467546801,0.0,-0.00866361295861,0.00862778712935,-0.999925248756,0.0,0.656953463776,0.254713843746,0.303349287571,1.0,-0.01386,-0.018216,0.694
0.461452600366,0.520968495038,-0.124094317053,-1.39815454243,0.0771379115862,1.90971453037,0.15375510202,-0.0161924846452,-0.0715826819267,-0.000790264272226,-0.122451099126,-0.00467921514941,0.0421134428591,-0.018404305208,0.574104639537,0.818767497394,0.00209641947562,0.0,0.81872438336,-0.574043564316,-0.0120464625528,0.0,-0.00865998262019,0.0086324859861,-0.999925239649,0.0,0.6567425265,0.254447421982,0.303341268821,1.0,-0.01416,-0.0186102857143,0.709
0.461282867013,0.519657521081,-0.124101811119,-1.40019056011,0.0770128509314,1.91045393099,0.153479786867,-0.00958295745742,-0.0865011636149,-0.00211071452677,-0.124775381308,-0.00417854058886,0.0481185000695,-0.0138145195347,0.574098132976,0.818772033426,0.00210663115296,0.0,0.818729049109,-0.574037011638,-0.0120416077354,0.0,-0.00865021394299,0.0086379909477,-0.999925276664,0.0,0.656495489419,0.254137123617,0.303357111319,1.0,-0.0145,-0.0190571428571,0.726
0.461107150575,0.518314230838,-0.124102501643,-1.40228094147,0.0768724832231,1.91119479358,0.153193943505,-0.0115832413764,-0.0791967083475,-0.00135263027275,-0.122235023005,-0.00942308238483,0.0424876560417,-0.014213916466,0.574081303432,0.818783863007,0.00209514432345,0.0,0.818740768131,-0.574020272281,-0.0120427784016,0.0,-0.00865794399821,0.00862908013097,-0.9999252867,0.0,0.656236807125,0.253818551269,0.303369253584,1.0,-0.01484,-0.019504,0.743
0.460925224685,0.516946871044,-0.124101104207,-1.40442337798,0.0767384188824,1.91196954965,0.152891174233,-0.00786003417969,-0.0785345545583,-0.00140344540027,-0.122754739113,-0.00939630758204,0.0450554701929,-0.0211224614002,0.574058540776,0.818799826065,0.00209368085601,0.0,0.818756673136,-0.573997479928,-0.0120478268888,0.0,-0.00866315781854,0.00863053926022,-0.999925228949,0.0,0.655973190296,0.253494608101,0.303375996934,1.0,-0.01518,-0.0199508571429,0.76
0.460737620583,0.515587408631,-0.124108883514,-1.40659782067,0.0766043627986,1.91280548441,0.152599764242,-0.010698346185,-0.0840597605564,-0.000107415428582,-0.128956760616,-0.00710524725152,0.0533418104066,-0.0144253024873,0.574058027572,0.818800153954,0.00210612584072,0.0,0.818757220496,-0.573996970841,-0.0120348765234,0.0,-0.0086454153484,0.008633289436,-0.999925358768,0.0,0.655716717979,0.253161839546,0.303367190432,1.0,-0.01552,-0.0203977142857,0.777
0.460554234235,0.514195366694,-0.124106800952,-1.4088380004,0.0764667787646,1.91359507411,0.152294049802,-0.0103806935761,-0.080920755598,0.000993997576862,-0.127901125231,-0.0103324596937,0.0430985800905,-0.0201551617493,0.574037018161,0.818815009263,0.0020565231924,0.0,0.818771316816,-0.573976065167,-0.0120728735389,0.0,-0.00870522257122,0.0086142643805,-0.999925003962,0.0,0.655432261343,0.252826643237,0.303345183112,1.0,-0.01586,-0.0208445714286,0.794
0.460372427406,0.512871499825,-0.124112666303,-1.41097709962,0.0763294167025,1.91434148607,0.151994237178,-0.0104090874321,-0.0845813368055,0.000336350983635,-0.136792916421,-0.00715996920315,0.0422156723808,-0.0217916526819,0.574019505697,0.818827442406,0.00199337500694,0.0,0.818782895231,-0.573958799954,-0.0121083993154,0.0,-0.00877074338022,0.00858276399408,-0.999924702277,0.0,0.655161970314,0.252496133867,0.303319598111,1.0,-0.01618,-0.0212651428571,0.81
0.460139950568,0.511180106456,-0.124115324416,-1.41368044183,0.0761632312821,1.91535539636,0.151624747693,-0.0131322317552,-0.0842110841201,0.00559900352384,-0.138287949779,-0.00900885502829,0.0484997081448,-0.0177283834964,0.574005974166,0.818836932117,0.00199176409729,0.0,0.818792350369,-0.573945263975,-0.0121106497861,0.0,-0.00877365266618,0.00858259177633,-0.999924678232,0.0,0.654833069995,0.252085662115,0.303305498049,1.0,-0.01658,-0.0217908571429,0.83
0.459951655667,0.509800357481,-0.124121669454,-1.41588966815,0.0760269710671,1.9161865315,0.151298653784,-0.0151191350054,-0.0903265122449,-0.000807975476663,-0.139596918495,-0.00172981052935,0.0503572816515,-0.0215302730945,0.573976248391,0.818857774764,0.00198944528888,0.0,0.818813175261,-0.573915564416,-0.0121101545037,0.0,-0.00877488949693,0.00858009025681,-0.999924688847,0.0,0.654564331319,0.251749023005,0.303292109396,1.0,-0.0169,-0.0222114285714,0.846
0.459786695601,0.508567241693,-0.124119176826,-1.41783936986,0.0759121124166,1.91686819558,0.151043806272,-0.0108335106078,-0.0866250382447,-0.000254310060572,-0.1391296533,-0.00796487981094,0.0448716138001,-0.0218333742434,0.57397104498,0.818861484107,0.00196373919341,0.0,0.818816394397,-0.573910324698,-0.0121407731405,0.0,-0.00881477102561,0.00857655921756,-0.999924368362,0.0,0.654314072271,0.251455127208,0.303285974245,1.0,-0.01718,-0.0225794285714,0.86
0.459558065863,0.506922967946,-0.124127709565,-1.42037992254,0.0757453138316,1.91779730412,0.150677451168,-0.0127503211376,-0.0945074965666,1.67062046461e-05,-0.135946109901,-0.00941822991226,0.0507595138982,-0.0249107032393,0.573950783377,0.818875636276,0.00198430719126,0.0,0.818830899209,-0.573890056407,-0.0121205840986,0.0,-0.00878664602003,0.00858159600244,-0.999924572686,0.0,0.654003180164,0.251056899753,0.303307485439,1.0,-0.01754,-0.0230525714286,0.878
0.459347784804,0.505423455051,-0.124130898061,-1.42270243386,0.0755964735358,1.918680484,0.150365911206,-0.0123823089455,-0.095286353888,-0.00103060539086,-0.146144468692,-0.00910378058387,0.0583715844279,-0.0189294927798,0.573950001264,0.818876072445,0.00203000689568,0.0,0.81883200674,-0.573889147392,-0.0120887610978,0.0,-0.00873436644557,0.00860074465845,-0.999924866195,0.0,0.653723737173,0.25069757698,0.303326866882,1.0,-0.01786,-0.0234731428571,0.894
0.459105315337,0.503672529021,-0.124134375299,-1.42531954909,0.0754329161608,1.91967807446,0.14999954441,-0.0125878717687,-0.0951165444606,-0.000199355498074,-0.14452116164,-0.0118745981357,0.0560517260811,-0.0261967344721,0.573941622453,0.818881665813,0.00213969917861,0.0,0.818839095132,-0.573880363349,-0.0120254624469,0.0,-0.00861966533385,0.00865414938597,-0.999925400751,0.0,0.653410955127,0.25029086187,0.303390940663,1.0,-0.01822,-0.0239462857143,0.912
0.458876569246,0.501969426007,-0.124136830353,-1.42782651789,0.075275259632,1.9206049081,0.149643313246,-0.0117473216786,-0.101778412257,0.000317514728782,-0.149739487558,-0.0122297092263,0.0536143247716,-0.0178093296945,0.573929929307,0.818889607145,0.00223482806832,0.0,0.818848299026,-0.573868298717,-0.0119743814251,0.0,-0.0085233636207,0.00870260859936,-0.999925805686,0.0,0.653086598424,0.249877502709,0.303461056642,1.0,-0.01858,-0.0244194285714,0.93
0.458621999387,0.500164473119,-0.124136130175,-1.4305698761,0.0751047037504,1.92157108903,0.149254279706,-0.0139920931789,-0.0921644881094,0.00069469239683,-0.154356332874,-0.00423858365768,0.0607289471388,-0.0282278109422,0.573907796684,0.818905021713,0.00227007028157,0.0,0.818864077303,-0.573845926909,-0.0119675383552,0.0,-0.00849777028012,0.00872731060344,-0.999925808223,0.0,0.652756093112,0.249473109439,0.303504596548,1.0,-0.01892,-0.0248662857143,0.947
0.45838737912,0.498579246104,-0.124143309907,-1.43303971128,0.074940906304,1.92249361664,0.148913304929,-0.0136205167525,-0.0926784889923,-0.00164381377027,-0.151492160624,-0.00909327260751,0.0667204345588,-0.023746574575,0.57390721354,0.818905365258,0.00229344684303,0.0,0.818864833188,-0.573845359955,-0.0119429781908,0.0,-0.00846424805145,0.00873235242625,-0.999926048529,0.0,0.652454800332,0.249079906742,0.303514831969,1.0,-0.01924,-0.0252868571429,0.963
0.458128512001,0.496897149806,-0.124138755519,-1.43570125481,0.0747811190852,1.92344271964,0.148510094662,-0.0111064397769,-0.0951761625404,0.000671709093659,-0.157123784411,-0.00789170488974,0.0489025016233,-0.0169321490626,0.573877441376,0.818926289033,0.0022720721906,0.0,0.818885306904,-0.573815501772,-0.0119737614899,0.0,-0.00850204150923,0.00873220626261,-0.999925729174,0.0,0.65211706286,0.248658908955,0.30350276313,1.0,-0.01958,-0.0257337142857,0.98
0.457858270449,0.495225696801,-0.124138756601,-1.43841468632,0.0746136016907,1.92438660375,0.14813000002,-0.0159326732989,-0.0953553565259,0.000559613230845,-0.160379361228,-0.00710358753091,0.0581885818752,-0.0113815052052,0.573879037085,0.818925396418,0.00218924604598,0.0,0.818883168749,-0.573817271789,-0.0120350087947,0.0,-0.00859971272581,0.00869954349087,-0.999925178643,0.0,0.651768417939,0.248220141332,0.303457711157,1.0,-0.01992,-0.0261805714286,0.997
0.457596769736,0.493612643911,-0.124166743811,-1.44098008555,0.0744580938338,1.92530584233,0.14775976156,-0.0200332732042,-0.124144918329,-0.000711998002734,-0.191838430865,-0.00768036458664,0.0756047651352,-0.0298581331296,0.573897170897,0.818912774799,0.00215671232448,0.0,0.818870120034,-0.573835537995,-0.012051918978,0.0,-0.00863203842842,0.00868279665615,-0.999925045668,0.0,0.651451460955,0.247787784901,0.303440496093,1.0,-0.0285851428571,-0.037569044898,1.012
0.457288877878,0.490911288199,-0.124248602056,-1.44502211168,0.0742466711017,1.92685184969,0.14715680282,-0.0219357408737,-0.179959523246,-0.00535166117869,-0.286769614683,-0.0184997513514,0.107289235437,-0.0441429969112,0.573860861588,0.818937731727,0.00233452184573,0.0,0.818897465316,-0.57379856944,-0.0119536566987,0.0,-0.00844991789437,0.00877163863566,-0.999925825871,0.0,0.650954447703,0.24716626829,0.303532674958,1.0,-0.0411017142857,-0.0540193959184,1.028
0.456728230118,0.486844801548,-0.12429058092,-1.451520543,0.0738950917482,1.92932337408,0.146189806883,-0.0356359072523,-0.252213845089,-0.00565918104819,-0.399262781231,-0.025151630088,0.152759282984,-0.0590728329297,0.573788424505,0.818988352158,0.00238114153539,0.0,0.818948381664,-0.573725629274,-0.0119665110078,0.0,-0.00843447359532,0.00881644724884,-0.999925562186,0.0,0.65013615719,0.246170963161,0.30348190365,1.0,-0.0551828571429,-0.0725260408163,1.046
0.456025033205,0.482134240935,-0.124418372274,-1.45898331905,0.0734429004841,1.93200438756,0.145038207798,-0.049320454644,-0.317558218044,-0.0116262596552,-0.512948752571,-0.03079239385,0.176210294853,-0.071516517227,0.573764317742,0.819005510122,0.00228669566205,0.0,0.818964449435,-0.573702056037,-0.011997014701,0.0,-0.00851390306131,0.00875634999562,-0.999925417113,0.0,0.649125457786,0.244832072894,0.303431035541,1.0,-0.0684817142857,-0.0900045387755,1.063
0.455000067892,0.475586163557,-0.124601146628,-1.46932767601,0.0728230861913,1.93558595547,0.143529349158,-0.0620790786026,-0.38256945451,-0.00785343241325,-0.605552631336,-0.0358910605001,0.214028694364,-0.0864680585295,0.573830267234,0.81895980082,0.00210141562962,0.0,0.818916262762,-0.57376871818,-0.0120979139982,0.0,-0.0087021462294,0.00866319944991,-0.999924607971,0.0,0.647853355755,0.243159058458,0.30336439786,1.0,-0.0817805714286,-0.107483036735,1.08
0.45390415214,0.468741399858,-0.124728626365,-1.47985996002,0.072221097367,1.93943081781,0.141935993947,-0.0698945702678,-0.452972062276,-0.00743837341761,-0.669058153979,-0.0397820077025,0.255604592091,-0.111967749357,0.573858755556,0.818939457814,0.00224499612187,0.0,0.818897545744,-0.573796340163,-0.0120547290321,0.0,-0.00858408796951,0.00875630220127,-0.999924817477,0.0,0.646513733073,0.241382643404,0.303419152904,1.0,-0.0942971428571,-0.123933387755,1.096
0.452539565704,0.460466360726,-0.124815714166,-1.49259936013,0.0714184502229,1.94406612087,0.139900366499,-0.0903009796019,-0.49580082178,-0.00427500634095,-0.802243828171,-0.0541581885582,0.270720694333,-0.116830722092,0.573754737598,0.819011955816,0.00237996126046,0.0,0.818971779392,-0.573691752415,-0.0119893566124,0.0,-0.00845422503195,0.00882824123648,-0.999925291327,0.0,0.64486235536,0.239239209991,0.303464352453,1.0,-0.107596,-0.141411885714,1.113
0.451002583266,0.451701914138,-0.124952216696,-1.50611241,0.0705426136967,1.94869220155,0.137801433269,-0.101867146581,-0.578175703493,-0.00768135039376,-0.836732118548,-0.0542221211043,0.307330965947,-0.135513013497,0.573777438543,0.818996395117,0.00225891700803,0.0,0.818954443928,-0.573714749583,-0.0120727703104,0.0,-0.00859174677544,0.00877720233535,-0.999924568458,0.0,0.643052703824,0.236864234357,0.303461652276,1.0,-0.120112571429,-0.157862236735,1.129
0.449182843993,0.441366503858,-0.12509238313,-1.52181426087,0.0694882241479,1.95431237528,0.135362807911,-0.110380438884,-0.624270155362,-0.00543882448275,-0.955428933159,-0.05450649297,0.325645758201,-0.155846732721,0.57379163982,0.818985945455,0.00243354081213,0.0,0.818946685197,-0.573728663629,-0.0119370949519,0.0,-0.00838028222354,0.00884251571436,-0.999925787639,0.0,0.640967849573,0.234112765998,0.303558982491,1.0,-0.133411428571,-0.175340734694,1.146
0.44712095802,0.429996817639,-0.125228676694,-1.5389186481,0.0683638925694,1.96025499425,0.132575074233,-0.125992362347,-0.689580127285,-0.00780182305961,-1.037650857,-0.0652069468577,0.359943933454,-0.162534943535,0.573738172963,0.819022887019,0.0026012162122,0.0,0.8189856099,-0.57367433716,-0.0118773970982,0.0,-0.0082357676393,0.00894504697656,-0.999926076401,0.0,0.638627213191,0.231077488277,0.303694807987,1.0,-0.146710285714,-0.192819232653,1.163
0.444762676011,0.417829407557,-0.12537204446,-1.55728328883,0.0670638317039,1.96660187853,0.129515791021,-0.14889714981,-0.73246239411,-0.0116490270945,-1.08536499967,-0.0746391406932,0.381435630879,-0.178761099726,0.573688904271,0.819057159387,0.00267538292378,0.0,0.819021194063,-0.573625176816,-0.0117977582375,0.0,-0.00812852784579,0.00895961081321,-0.999926823527,0.0,0.636084844474,0.227723593967,0.30377561909,1.0,-0.160009142857,-0.210297730612,1.18
0.442129433293,0.404739754915,-0.125513393248,-1.57692686574,0.0656811520337,1.97347806996,0.126243823891,-0.161757236601,-0.773360410258,-0.00711547851806,-1.18368647966,-0.0729186203617,0.399050760099,-0.201000106502,0.573692595849,0.819053799686,0.00290268656526,0.0,0.819021097613,-0.573628417735,-0.0116458976755,0.0,-0.00787370483351,0.00905870121324,-0.999927969758,0.0,0.633339547414,0.224096173749,0.303879353846,1.0,-0.173308,-0.227776228571,1.197
0.439725753301,0.393221885744,-0.125661448641,-1.59394533049,0.0645442708994,1.97932450727,0.123316714889,-0.171699803456,-0.806233682086,-0.00758801118374,-1.22954610618,-0.0780956334785,0.424611780105,-0.213890836361,0.573734658616,0.819023219985,0.00320211317921,0.0,0.818994078722,-0.573669125786,-0.0115403657001,0.0,-0.00761502062003,0.00924379748015,-0.999928279263,0.0,0.630916554894,0.220879878492,0.304044241707,1.0,-0.183477714286,-0.241142138775,1.211
0.436143339239,0.376871734573,-0.125835354807,-1.61844106832,0.0626501517766,1.98749690374,0.118967357659,-0.194017734472,-0.879807384787,-0.0108742704724,-1.31515638319,-0.0959524417029,0.44049084617,-0.229013543991,0.573629006268,0.819097542293,0.00311869813225,0.0,0.819067964849,-0.573564522431,-0.0114958456773,0.0,-0.00762759119077,0.00914895240991,-0.999929055745,0.0,0.627311577259,0.216165940599,0.304050131261,1.0,-0.199123428571,-0.261705077551,1.23
0.431646794468,0.357592211972,-0.126052408737,-1.64701551454,0.0604775392566,1.99693334378,0.113838026584,-0.221141403224,-0.938843176582,-0.0134565624146,-1.39506212695,-0.118325856123,0.447729245696,-0.262886162776,0.573668038312,0.819070095268,0.0031476591064,0.0,0.819041132329,-0.573603750013,-0.0114502588069,0.0,-0.00757320131224,0.00914688589253,-0.999929488064,0.0,0.622808249875,0.210223293779,0.304097652777,1.0,-0.216333714286,-0.284324310204,1.252
0.428010416754,0.343115682522,-0.126270428489,-1.66837518189,0.058857992922,2.00385048758,0.109777433119,-0.246745843433,-0.994110660209,-0.0170486102833,-1.43254294119,-0.113829903159,0.477625491406,-0.266786596863,0.573761334984,0.819004745915,0.00314699023039,0.0,0.818975570905,-0.57369679099,-0.0114783783874,0.0,-0.00759557441661,0.00916333425017,-0.999929167769,0.0,0.619758690633,0.206097049596,0.30410681286,1.0,-0.227285714286,-0.298718367347,1.266
0.423914646855,0.327111488614,-0.126413026989,-1.69185991728,0.0570706815864,2.01136869717,0.10525661742,-0.259747311799,-1.03849424797,-0.0140474559039,-1.46560003303,-0.121684508566,0.495331178829,-0.289497085327,0.573762891409,0.81900357973,0.00316665949268,0.0,0.818973952088,-0.573697433189,-0.0115614815263,0.0,-0.00765233766549,0.00922713836014,-0.999928148242,0.0,0.616057302764,0.201279488334,0.30409899257,1.0,-0.239802285714,-0.315168718367,1.282
0.419245222599,0.309370124235,-0.126570600157,-1.71765124264,0.0549445180825,2.01948816809,0.100101256127,-0.281231756958,-1.06326200123,-0.0114033294185,-1.51814749471,-0.115591236484,0.487533772847,-0.307590382745,0.573637928984,0.819091178568,0.00314873368747,0.0,0.819061368416,-0.573572603842,-0.0115624302025,0.0,-0.00766480477302,0.00921183199455,-0.999928193881,0.0,0.611891041525,0.195901100467,0.304107475138,1.0,-0.253101142857,-0.332647216326,1.299
0.414734036941,0.293105794089,-0.126731247358,-1.74108193668,0.0529279649126,2.02667289933,0.0952745692854,-0.309828898761,-1.08735162085,-0.00771622862558,-1.51393514052,-0.127131346777,0.468870135842,-0.315780205625,0.573574249802,0.819135913931,0.00311149060328,0.0,0.81910577769,-0.573509238528,-0.0115596357552,0.0,-0.00768459214471,0.0091791260633,-0.999928342777,0.0,0.607768574049,0.19052793584,0.304133401354,1.0,-0.265617714286,-0.349097567347,1.315
0.409199003449,0.274060024949,-0.126935551144,-1.76821576139,0.0506864717305,2.03494152549,0.0894736972969,-0.340031459836,-1.11929060478,-0.00678553615304,-1.54522491189,-0.128292040447,0.478668859295,-0.351998984539,0.573540191684,0.81915941815,0.00320048121185,0.0,0.819129926732,-0.573474291008,-0.011582209925,0.0,-0.00765242998217,0.0092646512143,-0.99992780067,0.0,0.603462426467,0.184911895855,0.304175965322,1.0,-0.278134285714,-0.365547918367,1.331
0.402358599418,0.251907135745,-0.127287518945,-1.79933137538,0.0479002048555,2.04433113465,0.0825840384417,-0.37224955981,-1.16951965675,-0.0170421295088,-1.60251742499,-0.139472253949,0.511126247591,-0.368446704845,0.573660329238,0.819074374778,0.00342668093657,0.0,0.819048705188,-0.573594850279,-0.0113539933298,0.0,-0.00733437965862,0.0093201335774,-0.999929668519,0.0,0.598167555653,0.177775238189,0.304307169368,1.0,-0.292997714286,-0.385082710204,1.35
0.396179168685,0.23274853731,-0.127516041687,-1.82615684618,0.0454836594025,2.05209700247,0.0763531902235,-0.385611497419,-1.22224620548,-0.0111462555837,-1.68032450844,-0.149573205029,0.517259428449,-0.398085134489,0.573621586788,0.819101418542,0.00344792889557,0.0,0.819075796737,-0.573555765547,-0.0113740893034,0.0,-0.00733909448613,0.00934871825353,-0.999929367085,0.0,0.593421041479,0.17156428251,0.304319729742,1.0,-0.305514285714,-0.401533061224,1.366
0.389172290127,0.211747004856,-0.127729955673,-1.85521305308,0.0427682104149,2.06030991874,0.0693281251084,-0.423461052384,-1.2717667164,-0.0146653594552,-1.72356157853,-0.171137217209,0.497697342167,-0.425564001704,0.573471537839,0.819206233987,0.00350547938539,0.0,0.819181226252,-0.573405411403,-0.0113622018712,0.0,-0.00729806626595,0.00938770302421,-0.999929302131,0.0,0.588136604624,0.16474569145,0.304353004425,1.0,-0.318813142857,-0.419011559184,1.383
0.382468941556,0.192764277966,-0.127988567747,-1.88129538891,0.0402575115741,2.06738276634,0.062785187689,-0.456069868441,-1.29335515157,-0.0257110974646,-1.74982912242,-0.169313493885,0.490026384459,-0.443918058666,0.573439121042,0.819229303793,0.00341601606147,0.0,0.819202850431,-0.573372883885,-0.0114443336363,0.0,-0.00741702529743,0.00936121894848,-0.999928675114,0.0,0.583272636833,0.158412083068,0.304331537749,1.0,-0.330547428571,-0.434433763265,1.398
