position_joint1,position_joint2,position_joint3,position_joint4,position_joint5,position_joint6,position_joint7,velocity_joint1,velocity_joint2,velocity_joint3,velocity_joint4,velocity_joint5,velocity_joint6,velocity_joint7,ee_T_00,ee_T_10,ee_T_20,ee_T_30,ee_T_01,ee_T_11,ee_T_21,ee_T_31,ee_T_02,ee_T_12,ee_T_22,ee_T_32,ee_T_03,ee_T_13,ee_T_23,ee_T_33,v_x,v_y,time
0.465066269396,0.547868415822,-0.123923929692,-1.35586287756,0.0794789736999,1.89408949399,0.159170350656,-4.8107880888e-06,0.000282377052715,0.000517024394673,-0.00132702317574,-0.000186924564714,0.000187335083591,-0.00085335419969,0.573771960771,0.819001285282,0.00183810798518,0.0,0.818956485933,-0.573713677451,-0.0119848802607,0.0,-0.00876125332701,0.00838208008412,-0.999926487885,0.0,0.661653971574,0.260914067398,0.303135229724,1.0,0.0,0.0,0.0
0.465063764065,0.547866514855,-0.123923929584,-1.35586012086,0.0794802961283,1.89409309173,0.159170035539,6.54859223676e-05,-0.000969888012795,0.000722506086417,0.000214787202365,0.000303165814137,0.000524923493304,-0.000639002930017,0.573773977293,0.818999855481,0.00184569913158,0.0,0.818955151005,-0.57371565714,-0.0119813311226,0.0,-0.00875397050879,0.00838628228442,-0.999926516435,0.0,0.661655952302,0.260913222616,0.303138203144,1.0,-8e-05,-0.000105142857143,0.005
0.465066891878,0.547860863234,-0.12392926977,-1.35586322151,0.0794795840515,1.89409302324,0.159166942826,0.00152459694768,-0.00108537548895,0.000610248936161,-0.000245262829824,0.000169398771973,0.000299954045392,-0.0015401085362,0.573772584308,0.81900082982,0.0018463888092,0.0,0.818956165123,-0.57371429086,-0.0119774359517,0.0,-0.00875039880955,0.00838459730739,-0.999926561828,0.0,0.661655828527,0.260911788511,0.303140900569,1.0,-0.0004,-0.000525714285714,0.021
0.46506069252,0.547856363698,-0.123922249368,-1.35587553695,0.0794810081329,1.89409162449,0.159167654902,-0.000708652076499,0.0016105932314,0.00156695562928,-0.00153080654478,0.000348409359882,0.0013912205192,-0.00144443585594,0.573774370282,0.818999589411,0.0018415896315,0.0,0.818954797534,-0.573716035377,-0.0119873787615,0.0,-0.00876127746334,0.00838639082802,-0.999926451528,0.0,0.661652768474,0.260910480499,0.303137875798,1.0,-0.00074,-0.000972571428571,0.038
0.465063029319,0.547789126129,-0.123924992137,-1.35593036294,0.0794778049805,1.89409939189,0.159171222703,-0.000265688058158,-0.00441516401438,5.07207471082e-05,-0.0024453090912,0.000257125795168,0.00168908579015,0.00142050524258,0.573779375137,0.81899604277,0.00185943412587,0.0,0.818951482079,-0.573720961522,-0.0119781138498,0.0,-0.00874339984583,0.00839574265734,-0.999926529533,0.0,0.661643732246,0.260904828761,0.303160172988,1.0,-0.0011,-0.00144571428571,0.056
0.465065190486,0.547669025692,-0.123924237991,-1.35608600229,0.0794768340522,1.89412862662,0.159164399916,0.000914223883638,-0.00836335854911,0.00049204349189,-0.00867744613871,3.64917178906e-05,-0.000234424384089,-0.000229015632487,0.573779716278,0.818995801534,0.00186041904981,0.0,0.81895113356,-0.573721183053,-0.0119913243176,0.0,-0.00875365098759,0.00840413276006,-0.999926369363,0.0,0.661616372354,0.260891625948,0.303173689043,1.0,-0.00142,-0.00186628571429,0.072
0.46505358208,0.547524675176,-0.123932408158,-1.35629192521,0.0794729185215,1.89418002587,0.159169061466,-0.000253678904603,-0.0105691233989,-0.00278184605364,-0.0128896001218,3.92135403389e-05,0.00138235371977,0.000692642372407,0.573809048394,0.818975262509,0.00185533838713,0.0,0.818930459889,-0.573750467834,-0.0120020593276,0.0,-0.00876505717537,0.00840644521029,-0.999926250006,0.0,0.66158834544,0.260859524775,0.303182662449,1.0,-0.00176,-0.00231314285714,0.089
0.465033303538,0.5473468872,-0.123929891053,-1.35649845555,0.0794681083267,1.89431239634,0.15915393515,-0.00282485966953,-0.0107640555464,-0.00057453334914,-0.0128149380992,0.0005110803057,0.00528163494611,-0.00137055525218,0.573822116834,0.818965892848,0.00194717342914,0.0,0.818922284548,-0.573763140154,-0.011953985631,0.0,-0.00867285715362,0.00845420782208,-0.999926651269,0.0,0.661577079232,0.260833617998,0.303221701579,1.0,-0.0021,-0.00276,0.106
0.465010169624,0.54715871895,-0.12392470083,-1.35671144793,0.0794641775361,1.89443127746,0.159136442078,-0.000368860484594,-0.0137322581388,0.000181114192672,-0.0101752803014,-1.90622515838e-05,0.00854259276686,-0.00215048593902,0.573834179658,0.818957231966,0.00203306861794,0.0,0.818914694247,-0.573774796279,-0.011914428298,0.0,-0.00859104909166,0.0085019796436,-0.999926952441,0.0,0.661561985801,0.260805961949,0.303263753486,1.0,-0.00242,-0.00318057142857,0.122
0.464969765183,0.546925857895,-0.123926770385,-1.35705240582,0.079455054113,1.89457273307,0.159109331836,-0.00349244232268,-0.0151514663472,0.00105840569969,-0.0211956331255,-0.00525864441346,0.00797198357716,-0.00192269816517,0.573863257402,0.818936772584,0.00206669194473,0.0,0.818894601919,-0.573803662219,-0.0119052540154,0.0,-0.008563939776,0.00852455485096,-0.999926992785,0.0,0.661529661433,0.260748755127,0.303278737209,1.0,-0.00278,-0.00365371428571,0.14
0.464937448433,0.546682910262,-0.123927569231,-1.35744189822,0.0794459742548,1.8947070073,0.159019745807,4.85634690233e-05,-0.0129268621611,-0.00012541573649,-0.023209173098,-0.000398897066351,0.00769378323237,-0.00784574501483,0.573836246675,0.81895570499,0.00206450149325,0.0,0.818913358454,-0.573776517226,-0.0119233605868,0.0,-0.00858030689609,0.00853286862241,-0.999926781563,0.0,0.661482602681,0.260691517184,0.303277086049,1.0,-0.00312,-0.00410057142857,0.157
0.464890866668,0.546404613553,-0.123929939943,-1.3578559621,0.0794330206317,1.89485705304,0.15895218113,-0.00860613639626,-0.0205785270484,-0.000372425865386,-0.0284081137939,-3.49456424121e-05,0.00888168912368,-0.00148831593836,0.573840398861,0.818952748256,0.00208318538793,0.0,0.818910541949,-0.573780489386,-0.0119256523964,0.0,-0.00857141969979,0.00854952820774,-0.999926715481,0.0,0.661438256197,0.26062193055,0.303290172472,1.0,-0.00344,-0.00452114285714,0.173
0.464848042542,0.546117005174,-0.123930650233,-1.35836079677,0.079408041968,1.89503356191,0.158922445056,-0.00339416585155,-0.0209420960621,0.000222257132021,-0.0297679814216,-0.00049232307588,0.00724920206956,-0.00146869953744,0.573873201976,0.818929845612,0.00205010260429,0.0,0.818887142902,-0.573813360059,-0.011950812088,0.0,-0.00861066621637,0.00853721783136,-0.999926483467,0.0,0.6613778637,0.260544979048,0.303268855406,1.0,-0.00378,-0.004968,0.19
0.464793305064,0.545765982619,-0.123931377189,-1.35896732474,0.0793297384872,1.89523315129,0.158821673104,-0.00358939900433,-0.0256579310769,-0.00102610809083,-0.0345063690912,-0.0107143997376,0.00700840183847,-0.011471813986,0.573848990609,0.818946985777,0.00197923331772,0.0,0.818903697623,-0.573789780551,-0.011948583875,0.0,-0.00864975943238,0.00847764749921,-0.999926652887,0.0,0.661306433644,0.260441832019,0.303245922273,1.0,-0.00414,-0.00544114285714,0.208
0.464733641883,0.545412762348,-0.123935641571,-1.35959125506,0.0792957541384,1.89543799652,0.158746480461,-0.00351440107607,-0.0218931409567,-0.00702979611379,-0.0382278933605,-0.000595360887454,0.0108674235191,-0.00165695283186,0.573864960155,0.818935928183,0.00192352223663,0.0,0.818891857266,-0.573805928281,-0.0119845598524,0.0,-0.0087110258983,0.00845283840236,-0.999926331062,0.0,0.661231652642,0.260338879879,0.303216893431,1.0,-0.00446,-0.00586171428571,0.224
0.464680064826,0.545022933153,-0.123936356239,-1.36025340402,0.079275438235,1.89565595601,0.158693360871,-0.00503771097302,-0.0210130479508,-0.00104500046018,-0.0386821691158,-0.00168894010044,0.0143161879516,-0.0148890111385,0.573897251522,0.818913383387,0.00188735433827,0.0,0.818868618943,-0.573838156673,-0.0120292043834,0.0,-0.00876800933795,0.00844918524706,-0.999925863892,0.0,0.661148434249,0.260241061737,0.303196606869,1.0,-0.00478,-0.00628228571429,0.24
0.464608689327,0.54455541952,-0.123930976964,-1.36101991079,0.0792452575619,1.89593586181,0.158555863708,-0.00107673426337,-0.0250658085117,0.000631691357304,-0.0468746092113,-0.000888442407914,0.0230376269556,-0.00279880412082,0.573874070791,0.81892964287,0.00188090490742,0.0,0.818884599486,-0.573814819386,-0.0120545708376,0.0,-0.00879272356845,0.00845821254681,-0.999925570557,0.0,0.661059328661,0.260126256727,0.303186756144,1.0,-0.00514,-0.00675542857143,0.258
0.464549779196,0.544094958612,-0.12393443888,-1.36176862014,0.079208039863,1.8962059601,0.158502215209,-0.00319979761318,-0.027903467318,0.00022970799573,-0.0517740536656,-0.000841117682745,0.0119166566032,-0.00443964139672,0.573912598226,0.818902672774,0.00186789221271,0.0,0.818857388647,-0.573853330997,-0.0120697333227,0.0,-0.00881221037181,0.00845667216786,-0.99992541204,0.0,0.660971254692,0.260014791423,0.303179763833,1.0,-0.00546,-0.007176,0.274
0.464474000544,0.543600455004,-0.123937296873,-1.362551432,0.0791654435097,1.89647121544,0.158384255905,-0.00521763272947,-0.0262013159264,0.000502789240161,-0.049980696702,-0.000992196818528,0.0220095352712,-0.0040275394844,0.57391826284,0.818898750877,0.00184669778088,0.0,0.818853090199,-0.573858992976,-0.012092136002,0.0,-0.00884266118722,0.00845223460452,-0.999925180738,0.0,0.660873247684,0.259881282039,0.303175634063,1.0,-0.0058,-0.00762285714286,0.291
0.464392435068,0.543018292987,-0.123942121534,-1.36347564693,0.0791118258273,1.89680449707,0.158254125434,-0.00283853374159,-0.0323930047741,-0.000650823983444,-0.0559891711709,-0.00893846290052,0.0229111529388,-0.00474910280663,0.573912823965,0.818902570564,0.00184318018309,0.0,0.818856872983,-0.573853579033,-0.0120929028899,0.0,-0.00884536401792,0.00844973549213,-0.999925177954,0.0,0.66077392032,0.259742919152,0.303181094634,1.0,-0.00614,-0.00806971428571,0.308
0.464315106909,0.542452309503,-0.1239380876,-1.36433580279,0.0790632960558,1.89711485664,0.158147223321,-0.00798279286838,-0.0358702214402,-0.000600579916992,-0.0528699803828,-0.00169894376787,0.0169161967188,-0.0088363426544,0.573920559486,0.818897110781,0.00186017613583,0.0,0.818851566228,-0.573861172239,-0.0120919139635,0.0,-0.00883472064639,0.00846316911169,-0.999925158439,0.0,0.660674345856,0.259612711109,0.303198754943,1.0,-0.00646,-0.00849028571429,0.324
0.464234423181,0.541843137041,-0.123940673195,-1.3652943741,0.0790048258804,1.89747351081,0.158011450114,-0.00454441894092,-0.0394815513787,-0.00316281278068,-0.060788407094,-0.00785205754753,0.0221919154354,-0.00251276264821,0.573914911777,0.818901054444,0.00186653991615,0.0,0.81885560705,-0.573855510533,-0.0120869655232,0.0,-0.00882707454401,0.00846547941473,-0.99992520641,0.0,0.660565645111,0.259467008386,0.30320444075,1.0,-0.0068,-0.00893714285714,0.341
0.464142997566,0.541140233915,-0.123944106219,-1.36636314669,0.0789396486636,1.8978756036,0.157888570078,0.00081157800902,-0.0414090254886,-0.00194239992523,-0.0630001374957,0.000175625329933,0.0168079500761,-0.00788081290184,0.573933443304,0.818887999336,0.00189581162495,0.0,0.818842961914,-0.573873937567,-0.0120687367263,0.0,-0.00879515612426,0.00847918688251,-0.999925371525,0.0,0.660445834585,0.259303744865,0.303227638596,1.0,-0.00716,-0.00941028571429,0.359
0.464053033206,0.540487516002,-0.123942241064,-1.36735609715,0.0788789302465,1.89824044178,0.157746976775,-0.00845978131157,-0.0412547355514,0.00164235115071,-0.0654558344099,0.000276268428793,0.0196280417524,-0.00764786372841,0.573928587491,0.818891352932,0.00191714772407,0.0,0.818846579851,-0.573868975373,-0.0120592152094,0.0,-0.00877516440721,0.00849114168911,-0.999925445722,0.0,0.66033274526,0.259151062532,0.303247941674,1.0,-0.00748,-0.00983085714286,0.375
0.463952176945,0.539744825589,-0.123944472,-1.36850122487,0.0788198137813,1.89867719767,0.157604919338,-0.0082386742731,-0.0456977867759,-0.00112124856052,-0.0716300914446,-0.00308085213533,0.0285960669217,-0.00834824964669,0.573944051056,0.818880436008,0.00195055966981,0.0,0.818836028253,-0.573884223091,-0.0120500714743,0.0,-0.00874834079479,0.00851341928008,-0.999925491337,0.0,0.660204681983,0.258977076828,0.303265684914,1.0,-0.00782,-0.0102777142857,0.392
0.46385214448,0.538994673817,-0.123952036287,-1.36967071668,0.07874683683,1.89911971384,0.15747415469,-0.00246423985033,-0.0405770472737,-0.00177826023469,-0.0708896439546,-0.00170969307807,0.0282351497903,-0.00577095631091,0.573969356554,0.818862661972,0.00196607915394,0.0,0.818818521789,-0.573909521789,-0.0120347861372,0.0,-0.00872665348065,0.00851762447264,-0.999925645032,0.0,0.660073871042,0.25879590898,0.303277632043,1.0,-0.00816,-0.0107245714286,0.409
0.46374019876,0.538212223169,-0.123950893459,-1.37088377951,0.0786823738998,1.89958073808,0.15731529247,-0.00869382802078,-0.0463414100598,0.000264562773404,-0.0677561522856,-0.00068902499308,0.0244949537383,-0.0136867265029,0.573979903971,0.818855195624,0.00199633109527,0.0,0.818811370417,-0.573919859983,-0.0120283371534,0.0,-0.00870389988716,0.00853880680266,-0.99992566269,0.0,0.659937887328,0.258609824586,0.303292864617,1.0,-0.0085,-0.0111714285714,0.426
0.463633844426,0.537417852985,-0.123958964615,-1.3721552298,0.0786063066943,1.9000519918,0.15716253751,-0.00595209573338,-0.0515416077708,-0.000439092458996,-0.0778934292081,-0.000536606787826,0.0308278837091,-0.0100104986991,0.573997307011,0.818843015386,0.00198861737116,0.0,0.818799109162,-0.57393731313,-0.0120302258053,0.0,-0.00870969235188,0.00853375964824,-0.999925655339,0.0,0.659791761688,0.258414141399,0.303289766258,1.0,-0.00884,-0.0116182857143,0.443
0.463524095233,0.536619837833,-0.123962242948,-1.3733833297,0.0785441702839,1.90051978438,0.157007624612,-0.00495101329793,-0.0541737662447,-0.000555853830502,-0.0801667922249,-0.00201706323881,0.0252580754893,-0.01044082299,0.574013646068,0.818831470396,0.00202586240719,0.0,0.818787965867,-0.57395340824,-0.0120207746221,0.0,-0.00868040505055,0.00855900521625,-0.999925694238,0.0,0.659653834808,0.25822622342,0.303309288119,1.0,-0.00916,-0.0120388571429,0.459
0.463418938023,0.535815885673,-0.123962164146,-1.37466738159,0.0784684886501,1.90098330536,0.156851019335,-0.00556177432755,-0.0475062988097,0.00075829807239,-0.0806222980256,-0.00444611567149,0.021637592312,-0.0130723808747,0.57402167468,0.818825875737,0.00201224309559,0.0,0.818782141819,-0.573961443065,-0.0120338279192,0.0,-0.00869882721287,0.00855543148524,-0.999925564728,0.0,0.65950073865,0.258034259527,0.303305734743,1.0,-0.00948,-0.0124594285714,0.475
0.463294705289,0.534860600087,-0.123965812927,-1.37619276607,0.078371417734,1.90153425655,0.156665706673,-0.00785235157312,-0.0523298308794,2.6442923829e-05,-0.0858699697528,-0.00816518731198,0.0252021867548,-0.0123468145012,0.57403178643,0.818818837285,0.00199167681868,0.0,0.818774857611,-0.573971663987,-0.012041942745,0.0,-0.00871717133195,0.00854335729573,-0.999925508211,0.0,0.659319638697,0.257803387552,0.303301628059,1.0,-0.00984,-0.0129325714286,0.493
0.46317216926,0.534007942635,-0.123973306837,-1.37758151941,0.0783016550248,1.90204200127,0.156500339621,-0.00647980210568,-0.0547239622319,-0.00241500961588,-0.0922540293352,-0.00146704921065,0.035435302033,-0.0140982607801,0.574045146699,0.818809513638,0.00197403887542,0.0,0.818765146276,-0.573984944764,-0.0120691892639,0.0,-0.00874946685064,0.00854469826203,-0.999925214684,0.0,0.659145715428,0.257580427784,0.303284351499,1.0,-0.01018,-0.0133794285714,0.51
0.463023490378,0.532927607397,-0.123969331406,-1.37934688074,0.078194545538,1.90272398873,0.156262759093,-0.00525408918017,-0.0508600822501,0.000217383179481,-0.0915003709828,-0.00225575430227,0.042083895792,-0.0104593784065,0.574051779925,0.818804879509,0.00196727183028,0.0,0.818760452964,-0.57399163503,-0.0120694026189,0.0,-0.00875345671391,0.00853935083986,-0.999925225446,0.0,0.658954299394,0.257325656135,0.303266991676,1.0,-0.01056,-0.0138788571429,0.529
0.462917870214,0.532130098677,-0.123969369697,-1.38061876381,0.0781327404853,1.90318062704,0.156102626181,-0.00821070683983,-0.0583757209308,-0.00111014129618,-0.0916621813429,-0.00554704643212,0.0350846593185,-0.0172007230186,0.574059928047,0.818799183878,0.00196020192101,0.0,0.818754486553,-0.573999639043,-0.0120934704773,0.0,-0.00877713754902,0.00854746547459,-0.999924948529,0.0,0.658800543537,0.25713652361,0.303263461284,1.0,-0.01084,-0.0142468571429,0.543
0.4627872827,0.531123601371,-0.123969598703,-1.38222562474,0.0780340560349,1.90376199513,0.155909889752,-0.00632750543535,-0.0608809021185,-0.000262793070389,-0.0997016623083,-0.00244305179083,0.0343529828232,-0.0148958568281,0.574070120219,0.818792080372,0.00194244497439,0.0,0.818747121962,-0.574009879625,-0.0121060014995,0.0,-0.0087974849257,0.00854022939444,-0.999924831545,0.0,0.658607199657,0.256896345624,0.303258413079,1.0,-0.01118,-0.0146937142857,0.56
0.462659097674,0.530132056552,-0.123971570862,-1.38378100577,0.0779293750318,1.90431376328,0.155704607689,-0.00681428736575,-0.0641499238885,0.000269008899614,-0.0952684243223,-0.000291672456102,0.0301989083453,-0.0115942368747,0.574064566109,0.818796012411,0.00192636939959,0.0,0.818750893377,-0.574004445022,-0.0121086163758,0.0,-0.00880891180502,0.00852850847304,-0.999924830983,0.0,0.658419250375,0.256659714771,0.30326456923,1.0,-0.0115,-0.0151142857143,0.576
0.462522437551,0.529135277588,-0.123977186002,-1.38533301508,0.0778370936595,1.90489983461,0.1554875497,-0.00894162991386,-0.0595901396728,-0.00210844749898,-0.0969242049639,-0.00531944564913,0.0359643166518,-0.0130075816876,0.574056928293,0.818801316388,0.00194788611738,0.0,0.818756459313,-0.573996694804,-0.0120996524378,0.0,-0.00878930037192,0.0085408980912,-0.999924897809,0.0,0.658228829807,0.256407642593,0.30327555959,1.0,-0.01184,-0.0155611428571,0.593
0.462368653911,0.527911355276,-0.123973239483,-1.38723658674,0.0777166041732,1.90563969154,0.155214676382,-0.00197463984826,-0.0662682764312,-4.06013030288e-05,-0.09753017952,-0.000779197408351,0.0422603226967,-0.0164893587246,0.57403266737,0.81881820124,0.00199925258822,0.0,0.818774098084,-0.573972294144,-0.0120635302742,0.0,-0.0087304906541,0.00856196154026,-0.999925232879,0.0,0.658020389919,0.256142099294,0.303298605539,1.0,-0.0122,-0.0160342857143,0.611
0.462243008837,0.526868361155,-0.123981364869,-1.38880544786,0.0776166064856,1.90623719031,0.155009937187,-0.0117447022387,-0.0681874585171,-0.000712429835464,-0.104464041894,-0.00246426536598,0.0327868556279,-0.0106433106657,0.574031475717,0.81881889747,0.00205546440577,0.0,0.818775625243,-0.573970957709,-0.0120233986503,0.0,-0.00866537598849,0.00858493871103,-0.999925602276,0.0,0.657838919433,0.25590655423,0.303337981488,1.0,-0.0125,-0.0164285714286,0.626
0.462075109751,0.525630860303,-0.123977229215,-1.39074353819,0.0774970035875,1.90693809168,0.154746396787,-0.0132777598111,-0.0675221370083,0.00200039307109,-0.108947010796,-0.00217175932799,0.0279497275626,-0.0194510944621,0.57402233319,0.81882530594,0.00205578515599,0.0,0.818781983817,-0.573961761396,-0.012029394572,0.0,-0.00867019754965,0.00858854634351,-0.9999255295,0.0,0.657605156447,0.255612970581,0.303346794972,1.0,-0.01286,-0.0169017142857,0.644
0.461920930903,0.52444200645,-0.123987175351,-1.39261313123,0.0773832373532,1.90760990441,0.154487494693,-0.0118600397711,-0.0745505196095,-0.00342854095505,-0.110328223763,-0.00436585852483,0.0378483209116,-0.0144052478266,0.574013338721,0.818831635905,0.00204595006619,0.0,0.818788177859,-0.573952802442,-0.012035251039,0.0,-0.00868073265368,0.00858375962193,-0.999925479199,0.0,0.657379136566,0.255326716044,0.303351600014,1.0,-0.0132,-0.0173485714286,0.661
0.461768522369,0.523316214119,-0.123991057827,-1.39440729478,0.0772693128267,1.90827792653,0.15424879083,-0.0113056505816,-0.0718286527499,-0.00104555255852,-0.113635625164,-0.00865552631704,0.039531406478,-0.0103231480617,0.574010974439,0.818833306334,0.00204072610071,0.0,0.818789820022,-0.57395050018,-0.0120333234171,0.0,-0.00868217739241,0.00857835061694,-0.999925513074,0.0,0.657166029679,0.255053023058,0.303347147881,1.0,-0.01352,-0.0177691428571,0.677
0.461605256579,0.522078916872,-0.1239860331,-1.39636419538,0.0771504411609,1.90904197972,0.153985844812,-0.0124012879395,-0.0784083685787,0.000770486999916,-0.117857643675,-0.0142170058264,0.0528146580469,-0.0217955150153,0.574006728047,0.818836190395,0.0020775843767,0.0,0.818793221134,-0.573946133858,-0.0120101355454,0.0,-0.00864207850216,0.00859517609557,-0.999925715954,0.0,0.656924704341,0.254742773337,0.303352317203,1.0,-0.01388,-0.0182422857143,0.695
0.461438845115,0.520830687782,-0.123994228996,-1.398371889,0.0770207966483,1.9097975538,0.153702830355,-0.010244642628,-0.072363159136,-0.000206487674081,-0.121970631556,-0.00829475325331,0.04386125849,-0.0198418655861,0.573981322584,0.818854028897,0.002065813275,0.0,0.818810961639,-0.57392083646,-0.0120095577879,0.0,-0.00864862801007,0.0085849377037,-0.999925747282,0.0,0.656698560109,0.254459590739,0.303338399837,1.0,-0.0142,-0.0186628571429,0.711
0.461280268349,0.519594556958,-0.123999856144,-1.40030040176,0.0769065309176,1.9104886246,0.153443125584,-0.00868042555737,-0.0756898378182,-0.000402540880862,-0.124797892983,-0.00831951691103,0.0379012471717,-0.0172780527374,0.573974176236,0.818859038517,0.00206566075106,0.0,0.8188159058,-0.573913628664,-0.0120169107364,0.0,-0.00865481174629,0.00858895768384,-0.999925659256,0.0,0.656461391048,0.254167978499,0.303348594869,1.0,-0.01452,-0.0190834285714,0.727
0.46110318493,0.518250050373,-0.124001414731,-1.40240671792,0.0767676108353,1.91123952333,0.153169041534,-0.0131443143502,-0.0817737535428,-0.000363729847726,-0.121276310874,-0.00623446686405,0.0432931038335,-0.0179889427197,0.573969880306,0.818862087382,0.00205067087558,0.0,0.818818787521,-0.573909424975,-0.0120213156297,0.0,-0.00866706713449,0.00857916610857,-0.999925637163,0.0,0.656201405359,0.253847063172,0.303354906339,1.0,-0.01486,-0.0195302857143,0.744
0.460924953902,0.516886302132,-0.124003719547,-1.40454568506,0.0766264261418,1.91201109616,0.152874685933,-0.0124005643899,-0.0742691426704,-0.000706236656657,-0.126406566045,-0.00664226686275,0.0429187565096,-0.0176274481133,0.573951297416,0.818875135772,0.00204135029978,0.0,0.818831757954,-0.573890927181,-0.0120209303247,0.0,-0.00867229550405,0.00857111603111,-0.999925660867,0.0,0.655938129143,0.253522425872,0.303360584661,1.0,-0.0152,-0.0199771428571,0.761
0.460741394719,0.51553222564,-0.12400734766,-1.40671808079,0.0764887480713,1.91285178203,0.152566834091,-0.011931358114,-0.0788818380141,0.000819112125749,-0.126229691841,-0.0138802833236,0.0533007987274,-0.0160092854655,0.573929838868,0.818890144813,0.00205370057956,0.0,0.818847004633,-0.573869494737,-0.0120055368436,0.0,-0.00865282628416,0.00857216743492,-0.99992582052,0.0,0.655681142071,0.253194672482,0.303349242279,1.0,-0.01554,-0.020424,0.778
0.460553262719,0.514142829682,-0.124008380227,-1.4089577542,0.0763594812034,1.91363508081,0.152271242882,-0.0136811465155,-0.0872672622523,0.000792851263398,-0.129122086606,-0.0079852961333,0.0453016288718,-0.017352056229,0.573925338513,0.818893429852,0.00200081459047,0.0,0.818849422561,-0.5738650461,-0.0120531712658,0.0,-0.0087222331313,0.00855615100338,-0.999925354679,0.0,0.655396895683,0.252855509365,0.303325183125,1.0,-0.01588,-0.0208708571429,0.795
0.46035862079,0.512723657753,-0.124013746658,-1.41123679435,0.076228877334,1.9144232749,0.151944256005,-0.013303636431,-0.0859615811517,-0.000296063913506,-0.133530914322,-0.0100963442276,0.0448463557478,-0.0198199179198,0.573904828636,0.818907939677,0.00194445441112,0.0,0.818863009996,-0.573844602472,-0.0121033043107,0.0,-0.00879584667507,0.00853855097181,-0.999924860291,0.0,0.65510686438,0.252505465528,0.30330337061,1.0,-0.01622,-0.0213177142857,0.812
0.460171218892,0.511375641745,-0.124020086366,-1.41339645451,0.0760900072625,1.91524902246,0.151652685376,-0.012700353096,-0.0875977686983,-0.00164942387037,-0.133433820637,-0.00927759071895,0.0437269929885,-0.0149881038235,0.57389965105,0.818911558392,0.00194857843778,0.0,0.818866773397,-0.573839495621,-0.012090806126,0.0,-0.00878329872464,0.00853469987409,-0.999925003469,0.0,0.654848896685,0.252174040522,0.303291364294,1.0,-0.01654,-0.0217382857143,0.828
0.459970582986,0.509905881994,-0.124023338529,-1.4157296534,0.0759491738017,1.91613208468,0.151311076016,-0.0129174210706,-0.0854368957953,-0.00248397405061,-0.13459217851,-0.0122289947146,0.0494684534244,-0.0151920181453,0.573870326074,0.818932072305,0.00196384915669,0.0,0.818887467809,-0.573810089059,-0.0120848525359,0.0,-0.00876996572023,0.00854347421677,-0.999925045566,0.0,0.654566069675,0.251820391081,0.303286426342,1.0,-0.01688,-0.0221851428571,0.845
0.45977954235,0.508399132204,-0.124026897956,-1.41810522009,0.0757967265436,1.91697124986,0.150973863972,-0.00927960588991,-0.0849688140739,-0.00274314237099,-0.130976550223,-0.0085482045197,0.0568961211879,-0.0279176917753,0.573835079971,0.818956838621,0.00193503778569,0.0,0.818911829865,-0.573774946712,-0.0121025755101,0.0,-0.00880138023043,0.00852967194228,-0.99992488738,0.0,0.654262631764,0.251463621387,0.303282874657,1.0,-0.01722,-0.022632,0.862
0.459565427243,0.506862688081,-0.124030048423,-1.42052188281,0.0756424971574,1.9178506973,0.150658513201,-0.00788685911822,-0.084029973398,0.000252115706103,-0.138269065828,-0.0128443083981,0.0512975689341,-0.0204555351514,0.573837747336,0.818954981525,0.00192999172851,0.0,0.81890991134,-0.573777640346,-0.0121046870772,0.0,-0.00880597722419,0.00852677988684,-0.999924871573,0.0,0.653963014552,0.25109000186,0.303283487546,1.0,-0.01756,-0.0230788571429,0.879
0.459330049554,0.505167263964,-0.124040528094,-1.423128628,0.0754768737934,1.9188559692,0.15030102239,-0.0121358060943,-0.0873559980151,-0.00161226363289,-0.147043252709,-0.0150388959459,0.0508875512563,-0.0175751098259,0.573835179277,0.818956606449,0.00200266779539,0.0,0.818912611708,-0.573774878813,-0.0120527893049,0.0,-0.00872179887746,0.00855648916521,-0.999925355573,0.0,0.653653714684,0.25068444343,0.303315268966,1.0,-0.01792,-0.023552,0.897
0.45910110782,0.503502289746,-0.124044300555,-1.4256065577,0.0753247974517,1.91978514491,0.149948818683,-0.0130267672911,-0.0924684977107,-0.00383543305091,-0.135494878765,-0.00715853055193,0.0576715148217,-0.0173374567281,0.573823201791,0.818964750181,0.00210189187819,0.0,0.818922060761,-0.573762491428,-0.0120003637661,0.0,-0.00862205419432,0.00860753850911,-0.999925782477,0.0,0.653354345358,0.250299045848,0.303379541623,1.0,-0.01826,-0.0239988571429,0.914
0.458911335974,0.502078773254,-0.124051055343,-1.42768021107,0.075183506481,1.92054889621,0.149654021613,-0.0113642877233,-0.102122858003,-0.00291287483302,-0.146039974548,-0.0171475282696,0.0535511824804,-0.0221356235715,0.57380971885,0.818973961618,0.00219172198889,0.0,0.818932579098,-0.573748775681,-0.0119381823441,0.0,-0.00851972671225,0.00864528404398,-0.999926333947,0.0,0.653102126367,0.249972933734,0.303452737283,1.0,-0.01854,-0.0243668571429,0.928
0.458645486726,0.500178958024,-0.124052200893,-1.4305711695,0.0750017611079,1.92156910511,0.149262108626,-0.0221857332334,-0.101439206783,0.000322562248581,-0.152297765165,-0.00410097144191,0.0538038560072,-0.0240997971457,0.573797892009,0.818982223048,0.00220099060615,0.0,0.818940875126,-0.573736825085,-0.0119434287505,0.0,-0.00851883048038,0.00865576206379,-0.999926250936,0.0,0.652714444264,0.249498633704,0.303480655712,1.0,-0.01894,-0.0248925714286,0.948
0.458409054096,0.498601472728,-0.124054899325,-1.43303804564,0.0748475788088,1.92248639634,0.14888423448,-0.0153082416006,-0.0964066967642,-0.000465816345981,-0.155711109628,-0.00720416100243,0.0644295068723,-0.0241188910768,0.573775251993,0.818997983088,0.00223848164831,0.0,0.81895712794,-0.573714040415,-0.0119234780011,0.0,-0.00848121937316,0.00867478411281,-0.999926405811,0.0,0.65243283005,0.249130460053,0.30349660811,1.0,-0.01924,-0.0252868571429,0.963
0.458161534469,0.497014264049,-0.124055257615,-1.43553731115,0.0746955114332,1.92339738853,0.148510533749,-0.0175570402638,-0.0977344585031,0.000751705146923,-0.153730094813,-0.00893189759918,0.0565172846334,-0.0296086143097,0.573757725085,0.819010261182,0.0022387240346,0.0,0.818969322418,-0.573696426003,-0.0119334249972,0.0,-0.00848941299378,0.00868050821123,-0.999926286605,0.0,0.652122148571,0.248730622767,0.303492497853,1.0,-0.01956,-0.0257074285714,0.979
0.457885076672,0.495259416071,-0.124058746044,-1.43841746677,0.0745131028892,1.92438699624,0.148112096567,-0.0150821090974,-0.0951387369428,-0.000186392616444,-0.161599843475,-0.0113263954099,0.0557683836086,-0.0181543883368,0.573756031055,0.819011762419,0.00212055385871,0.0,0.818969145437,-0.573695079941,-0.0120100364506,0.0,-0.00861997576587,0.00862766513753,-0.99992562694,0.0,0.651747614205,0.248267850524,0.303430341074,1.0,-0.01992,-0.0261805714286,0.997
0.45760798097,0.493489073957,-0.124079646858,-1.44124524543,0.0743372449283,1.92541510767,0.147717529488,-0.0144854310706,-0.114994246887,0.00201690669048,-0.182480083422,-0.0134453782624,0.0669086560412,-0.0269153931743,0.573767956956,0.819003477847,0.00209326237779,0.0,0.818960502211,-0.573707116765,-0.0120244289974,0.0,-0.00864729613181,0.00861369710791,-0.999925511472,0.0,0.651372369444,0.247776573151,0.303407821237,1.0,-0.023852,-0.0313483428571,1.015
0.457329486524,0.491455956809,-0.124117948258,-1.4444178587,0.0741442463239,1.92660796853,0.147255604623,-0.0212438959764,-0.135244525723,-8.3531596703e-05,-0.208650015773,-0.00711318579543,0.0708691824854,-0.03058418783,0.573753751754,0.819013343095,0.00212675381581,0.0,0.818970937353,-0.573692905567,-0.011991696064,0.0,-0.00860142111071,0.00862219617664,-0.999925833894,0.0,0.651004483109,0.247301237665,0.3034163439,1.0,-0.0280005714286,-0.0368007510204,1.03
0.456918845217,0.488799228038,-0.124124254299,-1.44871263598,0.0739061938889,1.92813003531,0.146634867846,-0.0242234835227,-0.147661902115,0.0004831552561,-0.24914638021,-0.00584495436276,0.0837714366232,-0.0368155731011,0.573736074051,0.81902594133,0.00204246475548,0.0,0.818981993963,-0.573675149571,-0.0120856621914,0.0,-0.00872692759919,0.00860688794529,-0.999924878286,0.0,0.650447194441,0.246621287601,0.303351920847,1.0,-0.0329788571429,-0.0433436408163,1.048
0.456469612707,0.485969442618,-0.124163757325,-1.4530675516,0.0736292436766,1.92979697228,0.146001726917,-0.0277283335608,-0.18870250488,-0.000173910648182,-0.281478898477,-0.0160363875663,0.108368110235,-0.0385857710751,0.573754863376,0.819012507997,0.002148347679,0.0,0.818970199916,-0.573693742212,-0.012002028897,0.0,-0.00859748369666,0.00864582163707,-0.999925663758,0.0,0.649924538297,0.24589567085,0.303390623098,1.0,-0.037404,-0.0491595428571,1.064
0.455972689261,0.482842320403,-0.124224621226,-1.45794258161,0.0733375326624,1.93152541994,0.145241304541,-0.0328323727133,-0.205399586665,-0.00384414282329,-0.322109009924,-0.0224031037891,0.118722289712,-0.0499726017578,0.573743691112,0.819020386895,0.00212830009081,0.0,0.818977769162,-0.57368260706,-0.0120177733987,0.0,-0.0086219986741,0.00863831844358,-0.999925517523,0.0,0.649308098613,0.245071302175,0.303392259554,1.0,-0.0418291428571,-0.054975444898,1.08
0.455370430937,0.47909680797,-0.124292006061,-1.46379079429,0.0729802627375,1.93358801249,0.144360939679,-0.0381203442107,-0.227617661525,-0.00896478174789,-0.352428086798,-0.0245892336627,0.128714816474,-0.053582737815,0.573752998496,0.819013970933,0.00208783036814,0.0,0.818970776469,-0.573692036,-0.0120441695624,0.0,-0.00866673834674,0.00862041642828,-0.999925285242,0.0,0.648561311286,0.244080427656,0.303386043529,1.0,-0.0465308571429,-0.0611548408163,1.097
0.454655382287,0.474706753034,-0.124348871278,-1.47053529395,0.0725737600421,1.93606055319,0.143410594195,-0.0421182583636,-0.249662721899,-0.00390823726197,-0.394629085989,-0.0198834491147,0.150796383707,-0.0552652564724,0.573817795474,0.818968318601,0.00218577834583,0.0,0.818926367977,-0.573756378552,-0.0119987000843,0.0,-0.00857261601481,0.00867522617786,-0.999925622587,0.0,0.647713291721,0.242945522313,0.303430898572,1.0,-0.0515091428571,-0.0676977306122,1.115
0.45393561064,0.470449984394,-0.124385852654,-1.47707005678,0.0721861938356,1.93837679999,0.142428929654,-0.0518120198545,-0.277036777812,-0.000552557897049,-0.420540134003,-0.0206418753328,0.151496476504,-0.0672836953461,0.573837920072,0.818954101652,0.00222885081895,0.0,0.818912397131,-0.573776001122,-0.0120138779032,0.0,-0.0085601182844,0.00871942015083,-0.999925345257,0.0,0.646870278186,0.241836036057,0.303464837532,1.0,-0.0559342857143,-0.0735136326531,1.131
0.453122668562,0.465522568147,-0.124408690336,-1.48448198088,0.0717038370379,1.94114610988,0.141226331296,-0.0404124033331,-0.292566269972,-0.00338586239774,-0.44826076315,-0.0298629819023,0.163539992703,-0.0724331683621,0.573755184702,0.819011404615,0.00246049591025,0.0,0.818972901131,-0.573692537147,-0.0118746341753,0.0,-0.00831405274512,0.0088283823721,-0.999926465392,0.0,0.645933201054,0.240596233106,0.303577979295,1.0,-0.060636,-0.0796930285714,1.148
0.452216438168,0.460276140165,-0.124427017162,-1.49262905926,0.0711769319531,1.94393089246,0.140016038752,-0.0565314634686,-0.305170151955,-2.56173421936e-05,-0.488910052081,-0.032116704285,0.172680248799,-0.06920558528,0.573755922056,0.819011177035,0.00236235005389,0.0,0.818971035729,-0.573693284104,-0.0119668421977,0.0,-0.00844587576243,0.00880091229449,-0.999925602795,0.0,0.644836775162,0.23921263777,0.303556804452,1.0,-0.0653377142857,-0.0858724244898,1.165
0.451306517622,0.455027056473,-0.124472438407,-1.50074813243,0.070629548012,1.94675872657,0.138773588626,-0.0606549839462,-0.334510407554,-0.00153626414118,-0.515369563751,-0.0327384415102,0.186824531922,-0.0829301368656,0.573741020132,0.819021771184,0.00230803934261,0.0,0.818980936766,-0.573678620277,-0.0119921954923,0.0,-0.00849795997893,0.00877082356381,-0.999925425884,0.0,0.643752211477,0.237815535782,0.303548736697,1.0,-0.0697628571429,-0.0916883265306,1.181
0.450254961662,0.448998185336,-0.124511531371,-1.50965798546,0.0700167463854,1.95016251639,0.137337072515,-0.0611913805289,-0.361055709698,-0.00601027530127,-0.539796268537,-0.0380158980858,0.210197979201,-0.0832719221926,0.573692319582,0.81905461941,0.00272025309908,0.0,0.819019801966,-0.573629056156,-0.0117054184955,0.0,-0.00802711541997,0.00894342203145,-0.999927787703,0.0,0.642626796761,0.236277668033,0.303741146535,1.0,-0.0744645714286,-0.097867722449,1.198
0.449125281611,0.442753503174,-0.12455145682,-1.51928369152,0.0693927413213,1.95343806269,0.135876751143,-0.0671421844145,-0.37429716455,-0.00116714289896,-0.581402764653,-0.0307815743537,0.196299023672,-0.0898854904651,0.573710815792,0.819041949945,0.00263267443239,0.0,0.81900557805,-0.573647406199,-0.0118009908394,0.0,-0.00815543670633,0.00892670299364,-0.999926898741,0.0,0.641303283745,0.234601410804,0.303721736312,1.0,-0.0791662857143,-0.104047118367,1.215
0.447987476645,0.436562594064,-0.124574427353,-1.5289065974,0.068726351015,1.95666334717,0.134333979708,-0.0691461952699,-0.393177320003,0.000954871791332,-0.601417714952,-0.0405768297781,0.212817562819,-0.0993621878894,0.573635376278,0.819095374691,0.00244318304341,0.0,0.819056248536,-0.573572391054,-0.0119298304648,0.0,-0.00837048777242,0.00884464741252,-0.999925850824,0.0,0.639952757715,0.232923077926,0.30365300009,1.0,-0.0835914285714,-0.109863020408,1.231
0.446582021193,0.429183534367,-0.124604566207,-1.5399920045,0.0679506650377,1.9606968146,0.132539688903,-0.080947503434,-0.410494927633,-0.00295758140327,-0.638096096533,-0.0483653538174,0.227710065782,-0.102954606,0.573604930918,0.819115921661,0.00269016907881,0.0,0.819080381783,-0.573541417993,-0.0117608216088,0.0,-0.00809070861468,0.00894970229207,-0.999927218983,0.0,0.638470169253,0.230953071227,0.303757287196,1.0,-0.0885697142857,-0.116405910204,1.249
0.445229559023,0.422375198328,-0.124679757084,-1.55045457839,0.0671980550933,1.9641997467,0.130779491766,-0.0921941297925,-0.433223547222,-0.00675028036667,-0.667677456031,-0.0479227945712,0.219698965477,-0.114454382479,0.573560811013,0.819147333692,0.00252758307187,0.0,0.819109742867,-0.57349797408,-0.0118342624392,0.0,-0.00824459948634,0.00885820763039,-0.999926776688,0.0,0.637002258969,0.229029722475,0.303713293242,1.0,-0.0929948571428,-0.122221812245,1.265
0.443785542924,0.415209114233,-0.124792559898,-1.56120457308,0.0664280833022,1.96796735549,0.12907315186,-0.0902215660657,-0.458656895309,-0.000893307171195,-0.680388266037,-0.0428757288098,0.245388812179,-0.112084447519,0.573663375732,0.819075159171,0.00263853632452,0.0,0.819039511432,-0.573600661553,-0.011717793316,0.0,-0.00808444289473,0.00888330540307,-0.999927861732,0.0,0.635531548426,0.227015792621,0.303786673901,1.0,-0.09742,-0.128037714286,1.281
0.442139271799,0.407369508833,-0.124837589485,-1.57311878113,0.0656375613582,1.97202799537,0.127062099239,-0.0985596292648,-0.474383536086,-0.00409475551663,-0.707859303976,-0.0443589813714,0.233267282905,-0.122968534994,0.573665976683,0.819073345129,0.00263617075304,0.0,0.819037106547,-0.573602656202,-0.0117880362053,0.0,-0.00814330848496,0.00892168873898,-0.999927042337,0.0,0.63384141667,0.224809078887,0.303772602985,1.0,-0.102121714286,-0.134217110204,1.298
0.440257403713,0.398690387251,-0.124949012783,-1.58615296739,0.0647315312391,1.97646720546,0.124868643628,-0.104008052046,-0.502553270447,-0.00993512226977,-0.717204037896,-0.0473647784406,0.266518591603,-0.122853757387,0.573761279039,0.819006419562,0.00268817645211,0.0,0.818970796211,-0.573697689442,-0.0117704283542,0.0,-0.00809801167548,0.00895512645059,-0.999927111302,0.0,0.631997919831,0.222309348101,0.303809677796,1.0,-0.1071,-0.14076,1.316
0.438511938616,0.390736028517,-0.125007960414,-1.59807522669,0.0638091613576,1.98058155006,0.122819893225,-0.110273031789,-0.497807118813,-0.00441555313938,-0.772851784605,-0.0550023097668,0.251705093453,-0.134059294626,0.573759050129,0.819007772113,0.00275109329532,0.0,0.818973556777,-0.573695896071,-0.0116652918002,0.0,-0.00797582727448,0.00894631164806,-0.999928172264,0.0,0.630296260792,0.220029826357,0.303841059416,1.0,-0.111525142857,-0.146575902041,1.332
0.436539641271,0.381982041356,-0.125058621073,-1.61124477239,0.0628199358343,1.98484598044,0.120469098969,-0.116204137567,-0.534480359145,-0.0012726702342,-0.771693469945,-0.054417753907,0.259297651685,-0.140301555098,0.573704793301,0.81904628875,0.00259498157572,0.0,0.819009833953,-0.573641967678,-0.0117699493556,0.0,-0.00815169994677,0.00887796271996,-0.999927363145,0.0,0.628334038704,0.217488357625,0.303811270443,1.0,-0.116226857143,-0.152755297959,1.349
0.434461008578,0.372971819702,-0.12511952255,-1.62469525107,0.0618396930609,1.98942512165,0.118060112105,-0.130315572945,-0.53595275406,-0.00304322846126,-0.775668480902,-0.0654776145844,0.262423164173,-0.141067275345,0.573699386031,0.819049767497,0.00269067516581,0.0,0.819014494686,-0.573636147478,-0.0117292242977,0.0,-0.00806350514518,0.00893292272594,-0.999927588766,0.0,0.62635848121,0.214875778266,0.303826686385,1.0,-0.120928571429,-0.158934693878,1.366
0.432354499359,0.364199187678,-0.125245382893,-1.63772613187,0.0608202214235,1.99366271677,0.115812660186,-0.132403630904,-0.556069492741,-0.0124900221296,-0.778815257202,-0.0609945348878,0.274641318188,-0.151524282985,0.57385313307,0.818942295776,0.00261624852012,0.0,0.818906394417,-0.573790513905,-0.0117264758799,0.0,-0.00810228448968,0.0088719083778,-0.999927818509,0.0,0.624410122969,0.212235416227,0.303834999121,1.0,-0.125353714286,-0.164750595918,1.382
0.43002929262,0.354643491919,-0.125333383787,-1.65193379208,0.0597375613284,1.99828395295,0.113136846551,-0.140889591693,-0.563932877258,-0.0021582812367,-0.838635513712,-0.0539034613699,0.271260551485,-0.152064852146,0.573816162775,0.818968377897,0.00256012585712,0.0,0.818931616542,-0.573753610023,-0.0117706973322,0.0,-0.00817110476731,0.00885095479138,-0.999927444191,0.0,0.622244267342,0.209384524025,0.303814826368,1.0,-0.130055428571,-0.170929991837,1.399
