position_joint1,position_joint2,position_joint3,position_joint4,position_joint5,position_joint6,position_joint7,velocity_joint1,velocity_joint2,velocity_joint3,velocity_joint4,velocity_joint5,velocity_joint6,velocity_joint7,ee_T_00,ee_T_10,ee_T_20,ee_T_30,ee_T_01,ee_T_11,ee_T_21,ee_T_31,ee_T_02,ee_T_12,ee_T_22,ee_T_32,ee_T_03,ee_T_13,ee_T_23,ee_T_33,v_x,v_y,time
0.465069458568,0.547705390733,-0.124011276566,-1.35581431356,0.079519843502,1.89413640498,0.159125444054,0.00331428889237,0.000484132459214,-0.000747911472021,-0.000521688825736,1.00743899839e-05,5.07942915016e-06,-0.00188709459677,0.573801826671,0.818979830372,0.00206108084928,0.0,0.81893813143,-0.573742804213,-0.0118439184509,0.0,-0.00851756400715,0.00848412308714,-0.999927732768,0.0,0.661695751598,0.260883401251,0.303280873301,1.0,0.0,0.0,0.0
0.46506201671,0.547695160484,-0.124006722638,-1.35581669766,0.0795192375316,1.89413780442,0.159123670378,-0.00236216599762,-0.00635459376575,0.00108763608935,-9.08491228029e-05,-0.000216734216111,-0.000124264280918,-0.00149263656138,0.573803247623,0.818978812141,0.00207006818056,0.0,0.818937212686,-0.57374417161,-0.011841204434,0.0,-0.00851016983538,0.00848994088351,-0.999927746346,0.0,0.661696685354,0.260880962498,0.303286955523,1.0,-0.00026,-0.000341714285714,0.014
0.465069080139,0.54769302665,-0.124004524221,-1.35581738042,0.0795198478831,1.89413758252,0.159127691444,0.0005931377601,-0.00109000960753,0.00165773740731,-0.00186740130145,0.000158928664964,3.73320038707e-05,6.83072654065e-05,0.573799413341,0.818981493572,0.00207203705356,0.0,0.818939902155,-0.573740312383,-0.0118421917659,0.0,-0.00850988855497,0.00849208000873,-0.999927730576,0.0,0.661694159253,0.260886939712,0.303288051262,1.0,-0.0006,-0.000788571428571,0.031
0.465065869198,0.54766648076,-0.12400730825,-1.35584421156,0.0795191192421,1.89414103518,0.159129299367,-7.40087609923e-05,-0.00613257095764,0.000498808098399,-0.00437592816302,-0.000242492179062,-0.000856598263853,0.0013008125867,0.573806553838,0.818976483208,0.00207500004531,0.0,0.818934928747,-0.573747438562,-0.0118408666815,0.0,-0.00850702917858,0.00849382045156,-0.999927740124,0.0,0.66169091704,0.260880484458,0.3032944766,1.0,-0.00094,-0.00123542857143,0.048
0.465068780546,0.547563801982,-0.124004534283,-1.35595436327,0.0795183889597,1.89416594273,0.159125280282,0.0015245967307,-0.0075168440101,0.00122751053188,-0.0113563559133,-0.000279275465505,0.00345185335832,-0.00172903301995,0.573804750698,0.818977695133,0.00209519734257,0.0,0.818936316625,-0.573745468179,-0.0118403529415,0.0,-0.0084950385372,0.00851004780691,-0.99992770409,0.0,0.661671992122,0.260873865454,0.303316855655,1.0,-0.00126,-0.001656,0.064
0.465054560719,0.547423501097,-0.124007318331,-1.35614413879,0.0795184140942,1.89419842883,0.159127318483,-0.0016666408229,-0.0024026616666,0.000496640448613,-0.00910398501614,0.000285953190826,0.000272853011988,0.00197782231486,0.573830356798,0.818959772206,0.00208806754006,0.0,0.818918163565,-0.573770962174,-0.0118604911255,0.0,-0.00851535653588,0.00851603024965,-0.999927480336,0.0,0.661643013238,0.260844367348,0.303328826984,1.0,-0.00162,-0.00212914285714,0.082
0.46504390415,0.547271742514,-0.124009850412,-1.35635252252,0.0795125571102,1.89429872668,0.159120279212,0.000255304321739,-0.0118567641745,-0.00031446612517,-0.0125093711404,-4.11094289435e-05,0.00772769004662,0.000126900794331,0.573845337193,0.818949173852,0.00212756447926,0.0,0.818908064297,-0.573785768028,-0.01184151762,0.0,-0.0084769980618,0.00853764375702,-0.999927621952,0.0,0.661622938048,0.260818977406,0.303345925374,1.0,-0.00194,-0.00254971428571,0.098
0.465029282974,0.547081385623,-0.124008133982,-1.35657123469,0.0795135045627,1.89441689116,0.15910663128,-0.00282621533082,-0.00940079625631,-0.00064970120593,-0.01171739173,0.000415208061336,0.00811897793969,-0.00103111391531,0.573857595073,0.818940361091,0.00221188909281,0.0,0.818900267924,-0.573797611498,-0.0118067410759,0.0,-0.00840000184769,0.00858686993403,-0.999927850214,0.0,0.66160474979,0.260795027022,0.303386866647,1.0,-0.00228,-0.00299657142857,0.115
0.465007984081,0.546873053815,-0.12401290192,-1.35685012705,0.0795051581918,1.89455276092,0.159097227064,-0.000132400147507,-0.01261943614,-0.000963813536434,-0.0163136214974,-0.000120191582976,0.00440293866374,-0.00286534092053,0.573884237605,0.818921532008,0.00227005357886,0.0,0.818882191028,-0.573824022625,-0.0117768916561,0.0,-0.0083418994885,0.00861764485417,-0.999928071868,0.0,0.661580503596,0.260755688671,0.303413621848,1.0,-0.00262,-0.00344342857143,0.132
0.464983504665,0.546634179886,-0.124005333615,-1.35720680239,0.079496189028,1.89468505212,0.159073331036,0.000964313095422,-0.0164103667743,0.000117840188895,-0.0236527142968,-0.00389673049278,0.00533321952579,-0.00179632488703,0.573896998225,0.81891253103,0.00229103707735,0.0,0.818873315718,-0.573836549377,-0.011783645652,0.0,-0.00833525475416,0.00863883432012,-0.999927944439,0.0,0.661536517225,0.260712202203,0.303424252105,1.0,-0.00296,-0.00389028571429,0.149
0.464948372715,0.546367743216,-0.124006773786,-1.35758750792,0.0794910218322,1.89482077331,0.158965043008,-0.00189423843376,-0.0193330408467,0.000537849643931,-0.0308413123015,0.000257191551871,0.00229490751452,-0.00921150239247,0.573857956739,0.818939808109,0.00232014726304,0.0,0.818900809932,-0.573797234238,-0.0117874668041,0.0,-0.00832209194613,0.00866446890607,-0.999927832278,0.0,0.661493037889,0.260654813404,0.303443552645,1.0,-0.00328,-0.00431085714286,0.165
0.46490724093,0.546065535139,-0.124005312618,-1.35809520455,0.0794772500751,1.89499688548,0.158901822679,-0.000278214861107,-0.0177755896134,-0.0031252352732,-0.0306479754269,0.000314160868704,0.0110833311779,0.000754279171205,0.573863568671,0.818935920195,0.00230435839945,0.0,0.81889653865,-0.573802720906,-0.0118170794979,0.0,-0.00835534461937,0.00866858942627,-0.99992751926,0.0,0.661430757316,0.260581873048,0.303431117047,1.0,-0.00364,-0.004784,0.183
0.464850096263,0.545735425031,-0.124010593563,-1.35864141847,0.0794449026593,1.89518207533,0.158868791094,2.75826048694e-05,-0.021024143646,-0.000244969281988,-0.0321077591054,-0.0102454647551,0.0168335612509,0.000692758189191,0.573908893206,0.818904235379,0.00227650597528,0.0,0.818864486264,-0.573848142154,-0.0118325729823,0.0,-0.00838353681515,0.00865513539813,-0.999927399835,0.0,0.661368891983,0.260487841629,0.3034210592,1.0,-0.00398,-0.00523085714286,0.2
0.464779391571,0.545379571906,-0.124008440871,-1.35926294283,0.0793442601096,1.89538384126,0.158765338712,-0.00293523497941,-0.027129677478,-0.00080574592991,-0.0373608704337,-0.0132074785849,0.0123182120018,-0.00632675136575,0.573888456076,0.818918799862,0.00218771948059,0.0,0.818878395173,-0.573828565782,-0.0118193871782,0.0,-0.00842390461745,0.00857465116542,-0.999927753984,0.0,0.661299299224,0.260370611171,0.303394423347,1.0,-0.00432,-0.00567771428571,0.217
0.464714572658,0.544986766562,-0.124010923809,-1.35996370946,0.0793256509641,1.895591006,0.158692978528,-0.00653802902021,-0.0243249135551,0.00118257874631,-0.0411772087065,-3.84739168702e-05,0.00796023760641,0.00136054707309,0.573917956701,0.818898318025,0.0021143823217,0.0,0.818856678649,-0.573858071184,-0.0118912098073,0.0,-0.00852450047268,0.00855611965249,-0.999927060194,0.0,0.661208402551,0.260259320151,0.303356975782,1.0,-0.00466,-0.00612457142857,0.234
0.464643581662,0.544556059118,-0.124013938935,-1.36068241811,0.0793042192513,1.89583960386,0.158612812925,-0.00183071641271,-0.0310949885026,-0.00214586271831,-0.0406691683123,-0.000828440830233,0.0129226986335,-0.013328883896,0.573946903022,0.818878088974,0.00209160473333,0.0,0.818835938499,-0.573886891964,-0.0119284515015,0.0,-0.00856776798641,0.00855914371195,-0.999926664516,0.0,0.661124449082,0.26014437619,0.303341390808,1.0,-0.005,-0.00657142857143,0.251
0.464579947371,0.544147814496,-0.124016661702,-1.36136218002,0.079277551883,1.89607930263,0.158502354692,-0.006263598038,-0.0236898633813,-8.1232653251e-05,-0.0465047468443,-0.0015187829597,0.0105984589985,-0.00716647216175,0.573941254342,0.81888209928,0.002071459602,0.0,0.818839542337,-0.573881183592,-0.0119556649857,0.0,-0.00860167396253,0.00855820716289,-0.999926381438,0.0,0.661045311289,0.260037347514,0.303327615235,1.0,-0.0053,-0.00696571428571,0.266
0.464503696305,0.543609264053,-0.124020103377,-1.36223264444,0.0792340048415,1.89638135084,0.158419334997,-0.00352335411403,-0.0303708480113,0.000371319616657,-0.0522607534888,-0.00569813296015,0.0177329927359,-0.00225389763929,0.57397493443,0.818858547128,0.00204971741518,0.0,0.818815606911,-0.573914850982,-0.0119788398018,0.0,-0.00863277829927,0.00855405909127,-0.999926148879,0.0,0.66094244708,0.259902141661,0.303320636823,1.0,-0.00566,-0.00743885714286,0.284
0.464432568212,0.54310410196,-0.124025689657,-1.36303570255,0.0791866481025,1.89665731273,0.15831034603,-0.00423523542017,-0.0329177004277,0.00125943744509,-0.0505914742602,-0.00114812618281,0.0125645628586,-0.00961481837673,0.573978849529,0.818855835879,0.00203647778355,0.0,0.818812671239,-0.573918769967,-0.0119917387802,0.0,-0.0086508990145,0.00855066286953,-0.999926021319,0.0,0.660843240975,0.259769582281,0.303321364641,1.0,-0.006,-0.00788571428571,0.301
0.464367311595,0.542565680019,-0.12402648856,-1.36387887489,0.0791391951819,1.89695839327,0.158194750061,-0.00782377499174,-0.0369999267967,0.000300452468664,-0.0553462052352,-0.00180835432554,0.02169975478,-0.0105664551972,0.57397333848,0.818859716499,0.00202936200917,0.0,0.818816438314,-0.573913269135,-0.0119977814388,0.0,-0.00865998885431,0.00854824621943,-0.999925963299,0.0,0.660748003668,0.259650411605,0.303325469823,1.0,-0.0063,-0.00828,0.316
0.464281952667,0.541944391412,-0.124025841441,-1.36486105107,0.0790769574853,1.89732392443,0.158074174015,-0.00488850120485,-0.0318982108856,0.000393928102135,-0.0592558879086,-0.00294295267549,0.0220837779083,-0.0101080826228,0.573982059644,0.818853599165,0.00203106924204,0.0,0.818810360437,-0.573921998973,-0.0119949838378,0.0,-0.00865662703498,0.00854813064478,-0.999925993397,0.0,0.660636306575,0.259500690695,0.30332898264,1.0,-0.00666,-0.00875314285714,0.334
0.464196853057,0.541298394237,-0.124030640462,-1.36583238755,0.0790219833608,1.89767271234,0.157938996079,-0.00667254133117,-0.0377394071071,-0.000941593450194,-0.0581829479185,-0.000236181734656,0.0259581792135,-0.00825928909859,0.573983556055,0.818852496196,0.00205274299293,0.0,0.818809509855,-0.573923374031,-0.0119872521086,0.0,-0.0086378404323,0.00856145591106,-0.999926041858,0.0,0.660525031262,0.259349647727,0.303353768255,1.0,-0.007,-0.0092,0.351
0.464116533354,0.540654539518,-0.124035390118,-1.36683022828,0.0789719553217,1.89803959843,0.157820720648,-0.00241145946134,-0.0417850629069,-0.00114417769477,-0.0653417078164,-0.000760868758013,0.0237043266846,-0.0103680949419,0.573997768802,0.818842495222,0.00206792894125,0.0,0.818799626979,-0.57393744195,-0.0119887650702,0.0,-0.00863021461639,0.00857490894024,-0.999925992428,0.0,0.660409493923,0.259200648025,0.303365915001,1.0,-0.00732,-0.00962057142857,0.367
0.464019915392,0.539918049472,-0.124033677941,-1.3679407615,0.078902674136,1.89843969546,0.157678252577,-0.00446042744281,-0.0439124319791,-0.00234760546329,-0.0702979713234,-0.00537618835259,0.0233987120652,-0.00316296603188,0.574001901999,0.81883954174,0.00209004460598,0.0,0.818796951613,-0.573941471939,-0.0119785524188,0.0,-0.00860911484786,0.00858719935389,-0.999926068841,0.0,0.660280616401,0.259031624211,0.303392426661,1.0,-0.00766,-0.0100674285714,0.384
0.463918520685,0.539169641752,-0.124030793979,-1.36908065913,0.0788299245698,1.89887650586,0.157527723372,-0.00942288835141,-0.0451558055862,0.00218158604655,-0.0645635587267,-0.0059399740419,0.0271983365659,-0.0106861024379,0.574003317719,0.818838454996,0.00212668031722,0.0,0.818796377134,-0.573942770309,-0.0119555887629,0.0,-0.00856926802331,0.00860403140853,-0.999926266426,0.0,0.660153531576,0.258858737122,0.303416406383,1.0,-0.008,-0.0105142857143,0.401
0.463810085783,0.538469339859,-0.124038211042,-1.37020965398,0.0787719840543,1.89931779843,0.157407113243,-0.00416691040033,-0.0476336400904,-0.000924493094474,-0.0731757477536,-0.00122657438149,0.0257758602475,-0.0130543348792,0.574045649871,0.818808746803,0.00213890723757,0.0,0.818766795225,-0.573985013552,-0.0119534997589,0.0,-0.00856009426612,0.008613286594,-0.999926265322,0.0,0.660031721678,0.258678592622,0.303412238592,1.0,-0.00832,-0.0109348571429,0.417
0.463703839016,0.537679279059,-0.124045390204,-1.3714278681,0.078694278268,1.89979083959,0.157248068332,-0.0052544604053,-0.0470264665807,0.000655566363123,-0.0731673788722,-0.00493912627215,0.0252900391189,-0.00839299519024,0.574054005824,0.818802801416,0.00217202502083,0.0,0.818761375628,-0.573993328254,-0.0119254266226,0.0,-0.00851800885396,0.00862437516375,-0.99992652914,0.0,0.659898190943,0.25848959466,0.303431585436,1.0,-0.00866,-0.0113817142857,0.434
0.463588717159,0.536797799197,-0.124056657661,-1.37281265681,0.0786207617024,1.9002923973,0.157082795245,-0.00705652801652,-0.0484389311621,-0.00204598549592,-0.0787915499298,-0.00282393079572,0.0296996835008,-0.0154037553019,0.574077415846,0.818786385646,0.00217306203436,0.0,0.818744908468,-0.574016665407,-0.0119327111323,0.0,-0.00852313169297,0.00862964959477,-0.999926439981,0.0,0.659736850291,0.258276419714,0.303438673435,1.0,-0.00902,-0.0118548571429,0.452
0.463485391269,0.536057108998,-0.12405701662,-1.37397605638,0.0785544944575,1.90073194451,0.156940341343,-0.00662523755276,-0.054810293065,0.000337996511982,-0.0784902804259,-0.00336790441603,0.0305645780079,-0.00868286341964,0.574091952285,0.818776152251,0.0021885444815,0.0,0.818734843426,-0.574031103292,-0.0119287683696,0.0,-0.0085108623239,0.00864021389594,-0.999926453259,0.0,0.65960455068,0.258098769068,0.30344586151,1.0,-0.00932,-0.0122491428571,0.467
0.463353344258,0.535048414597,-0.124056413089,-1.37554921827,0.0784656321452,1.90130003846,0.156749586635,-0.00622138190082,-0.0567384950202,-0.000602735382459,-0.0762364150205,-0.00325715646945,0.0235008829896,-0.0164586672564,0.574105950204,0.818766319553,0.00219517810658,0.0,0.818725002375,-0.574044976249,-0.0119366088834,0.0,-0.00851332626728,0.00865029193067,-0.99992634515,0.0,0.659417948604,0.257862700845,0.303458094039,1.0,-0.0097,-0.0127485714286,0.486
0.463230728637,0.534161019326,-0.124064153256,-1.3770227918,0.0783834199265,1.90182656481,0.156577714611,-0.00582430028189,-0.0558120790351,-0.000505962011281,-0.0887859672291,-0.00156920634154,0.0319868707399,-0.0108368890695,0.574129798831,0.818749730178,0.00214483790634,0.0,0.818707679814,-0.574068950216,-0.0119717297275,0.0,-0.00857073065198,0.00862948819036,-0.999926034519,0.0,0.659241694124,0.257636510273,0.303428639679,1.0,-0.01004,-0.0131954285714,0.503
0.463126667072,0.533396337019,-0.124064132959,-1.37822953043,0.0783135489128,1.90227546374,0.156424037154,-0.00721517499411,-0.0551118124478,-0.000101755373072,-0.0878188851165,-0.00213965375244,0.0336274011167,-0.00952266783366,0.574136191673,0.818745245417,0.00214555813288,0.0,0.818703175186,-0.574075309815,-0.0119748278274,0.0,-0.00857278645118,0.00863192349194,-0.999925995876,0.0,0.659090646357,0.257438934534,0.303428177603,1.0,-0.01034,-0.0135897142857,0.518
0.462994615641,0.532403796963,-0.124064283103,-1.3798456737,0.0782299144184,1.90288858605,0.156216393275,-0.00996653590445,-0.0534890568473,0.0016498235078,-0.0924170142701,-0.00697877829594,0.0306004337818,-0.0109997357905,0.574140802756,0.818742005125,0.00214815192809,0.0,0.818699826508,-0.574079766374,-0.0119901132839,0.0,-0.00858376409881,0.00864287127886,-0.999925807133,0.0,0.658911904092,0.257215993993,0.303416237985,1.0,-0.01068,-0.0140365714286,0.535
0.462867991204,0.531428203292,-0.124062336319,-1.38141452234,0.0781352997975,1.90346499652,0.156019437594,-0.00697192089663,-0.0585845263911,0.000352200586935,-0.0892116790402,-0.00503287348547,0.0341826030186,-0.016961810197,0.574142021834,0.818741189125,0.00213328288658,0.0,0.818698772867,-0.574081003308,-0.0120028267211,0.0,-0.00860269707118,0.00863800959124,-0.999925686435,0.0,0.658724103161,0.256984080605,0.303407059912,1.0,-0.01102,-0.0144834285714,0.552
0.462735050589,0.530475980637,-0.124060698903,-1.38296792628,0.0780370220497,1.90399952656,0.155819641329,-0.0114238214826,-0.0574957485168,0.000909237978774,-0.0899436626169,-0.00826749123961,0.0360537281417,-0.0156881233472,0.57414405633,0.818739913047,0.00207467232091,0.0,0.818696672974,-0.574083225683,-0.0120397073334,0.0,-0.00866652121443,0.00861121952473,-0.999925366369,0.0,0.658532392022,0.256745966082,0.303384930105,1.0,-0.01134,-0.014904,0.568
0.462590537715,0.529369719349,-0.124071256517,-1.38470515108,0.0779283582743,1.90464445771,0.155590071016,-0.00510589996695,-0.0595551530877,-0.00102035621454,-0.0917793818462,-0.00401191842401,0.0330139452282,-0.0145439506012,0.574147034097,0.818737807762,0.00208141272354,0.0,0.818694718504,-0.574086236945,-0.0120290209669,0.0,-0.00865387047181,0.00861063409643,-0.999925480977,0.0,0.658329701779,0.256479164465,0.303393544229,1.0,-0.0117,-0.0153771428571,0.586
0.462452002319,0.528341094054,-0.124068075989,-1.38630564453,0.0778306382026,1.90525323058,0.155368593957,-0.00303444576371,-0.0649654537359,-0.000208464971194,-0.102618009675,-0.00652375178054,0.0406650106285,-0.00907922071557,0.574137162812,0.818744659065,0.00210913068673,0.0,0.818701919941,-0.574076238369,-0.0120160612109,0.0,-0.00862745023368,0.00862578270747,-0.999925578718,0.0,0.658129328575,0.256225806335,0.303407343895,1.0,-0.01204,-0.015824,0.603
0.462310340418,0.527211330719,-0.124071201636,-1.3880566248,0.0777233971192,1.9059232292,0.155125524007,-0.0100708351865,-0.0668974814006,-5.64515739165e-05,-0.105288645841,-0.00413003107162,0.0400555508197,-0.0112424686177,0.574122630455,0.818754739458,0.00215144526215,0.0,0.818712594457,-0.574061573292,-0.0119893556426,0.0,-0.00858144492278,0.00864494217331,-0.999925809137,0.0,0.657940176757,0.255978886175,0.303428732157,1.0,-0.01236,-0.0162445714286,0.619
0.462158451831,0.526032095538,-0.124073771107,-1.38986600653,0.0776037306297,1.90659810532,0.154889232884,-0.00948547009426,-0.0721609770649,-0.00125827042716,-0.105839202189,-0.00517105943953,0.0395477769309,-0.0125239233533,0.574120726033,0.818755990598,0.00218327719187,0.0,0.818714350457,-0.57405962847,-0.0119625339165,0.0,-0.00854122945836,0.00865558567217,-0.999926061385,0.0,0.65772758394,0.255704623469,0.303455832587,1.0,-0.0127,-0.0166914285714,0.636
0.462001766446,0.524864440547,-0.124088574225,-1.39172045966,0.0774861603102,1.90725680423,0.154631072645,-0.00539086964467,-0.0653371732915,-0.00281174980337,-0.11238855689,-0.00258695560474,0.0444156975575,-0.0169182647344,0.574116129027,0.818759293199,0.00215339084636,0.0,0.818717308137,-0.574055200248,-0.0119726073579,0.0,-0.0085666832598,0.00863685163395,-0.999926005628,0.0,0.657504176738,0.255413876265,0.303452050054,1.0,-0.01304,-0.0171382857143,0.653
0.46185452768,0.523746359137,-0.124089033267,-1.39349858601,0.0773765431602,1.9079013289,0.154384680444,-0.0164615648945,-0.0676629592586,-0.00100899499351,-0.107386797661,-0.00677664914721,0.0434593891362,-0.0243511895516,0.574101195294,0.818769802576,0.00213889040525,0.0,0.818727594337,-0.574040294106,-0.0119839023187,0.0,-0.00858441333486,0.00863130742092,-0.999925901445,0.0,0.657287884504,0.255146449197,0.303447758944,1.0,-0.01336,-0.0175588571429,0.669
0.461699409145,0.522526825888,-0.124090432654,-1.39542107633,0.0772526108672,1.90864402147,0.154139880272,-0.00993893989151,-0.0709914602848,-0.000399939166971,-0.114073625286,-0.00815744568902,0.0468167307929,-0.0117344627679,0.574098307129,0.818771738129,0.00217290008981,0.0,0.818730046832,-0.574037340137,-0.0119578193608,0.0,-0.00854356324437,0.0086441488709,-0.999926140381,0.0,0.657049553235,0.254842582846,0.303458348632,1.0,-0.01372,-0.018032,0.687
0.461520115081,0.521215162834,-0.124093152557,-1.3975300875,0.0771318405295,1.9094657973,0.153845157783,-0.00689450536546,-0.0783626563243,0.000411251868651,-0.118056534939,-0.0067441160212,0.0403210412623,-0.01940205353,0.574086574689,0.818779926277,0.00218723313813,0.0,0.818738404311,-0.574025532774,-0.0119524027023,0.0,-0.0085310239847,0.00865265228643,-0.999926173894,0.0,0.656816622526,0.25454555453,0.30344339341,1.0,-0.01406,-0.0184788571429,0.704
0.461349284807,0.519924463369,-0.124093603513,-1.39956769762,0.0770056330747,1.91020254218,0.153571959403,-0.0116237925602,-0.0762026426783,7.01590533181e-05,-0.122106023384,-0.00705812418685,0.0421792053299,-0.0098971808038,0.57407754928,0.818786281187,0.00217716650063,0.0,0.81874459065,-0.574016511892,-0.0119618668243,0.0,-0.00854464744356,0.00864974902112,-0.999926082689,0.0,0.656567102613,0.254237809685,0.303443870989,1.0,-0.0144,-0.0189257142857,0.721
0.461173968559,0.518565191149,-0.124102047874,-1.40163946042,0.0768685160028,1.91094659223,0.153296764808,-0.00861509127263,-0.075617727124,-0.00276108445775,-0.113740306093,-0.0125606873642,0.049987025306,-0.0132426560042,0.57407460911,0.818788288665,0.00219736678798,0.0,0.818746942129,-0.574013571398,-0.0119420060072,0.0,-0.00851682027942,0.00865485640179,-0.999926275899,0.0,0.656315597554,0.25391811165,0.303476666143,1.0,-0.01474,-0.0193725714286,0.738
0.460992879316,0.517229802036,-0.124104707657,-1.40377607188,0.076726600589,1.91170140227,0.152999984353,-0.0129688715208,-0.0838722463656,1.48020002708e-05,-0.132854841068,-0.00267646899484,0.0452156372535,-0.0205161102587,0.574056459524,0.81880113637,0.00215110628187,0.0,0.818759209096,-0.573995635975,-0.0119630390882,0.0,-0.00856078920326,0.00862886407452,-0.999926125068,0.0,0.65604989962,0.253590014647,0.303462236795,1.0,-0.01508,-0.0198194285714,0.755
0.460823805462,0.515952348169,-0.12410879538,-1.40578669256,0.0766085460762,1.9124620001,0.152723286427,-0.0176555068979,-0.0830414559909,-0.000230385028745,-0.129874050536,-7.01626798589e-05,0.0532306573798,-0.0224895589665,0.57404584369,0.818808516809,0.00217463654174,0.0,0.818766865862,-0.573984894131,-0.0119543957078,0.0,-0.00854031692125,0.00864305792123,-0.999926177543,0.0,0.655808935517,0.253287382687,0.303467309068,1.0,-0.0154,-0.02024,0.771
0.46064103106,0.51457091242,-0.124119911346,-1.40800902112,0.0764743831825,1.91328925208,0.152419767958,-0.0165204548275,-0.0861139472737,-0.00257037315053,-0.136544465172,-0.00969048011095,0.0482122359508,-0.0179622041683,0.574035952256,0.818815491562,0.00215944370892,0.0,0.818773644706,-0.573975068463,-0.0119618735535,0.0,-0.00855526523844,0.00863480731895,-0.999926121041,0.0,0.655538947432,0.252949894717,0.303450164363,1.0,-0.01574,-0.0206868571429,0.788
0.460449833736,0.513186614367,-0.12411352083,-1.41027267185,0.0763331562485,1.91407508816,0.152109760056,-0.0157901370053,-0.0778636785877,-6.55013059823e-05,-0.137356024174,-0.00338675125189,0.0516241230916,-0.020500339961,0.574014683493,0.818830607758,0.0020798641816,0.0,0.81878758762,-0.573953998489,-0.0120183559464,0.0,-0.00864741783007,0.00860184537268,-0.999925612444,0.0,0.655248596245,0.252608425298,0.303410794355,1.0,-0.01608,-0.0211337142857,0.805
0.460267064919,0.511838758357,-0.124115980532,-1.41241491296,0.0762047603755,1.91484537582,0.151801741386,-0.0112896364,-0.0830352089686,0.000273105589092,-0.136379855374,-0.0017401813337,0.053999254927,-0.0205017377417,0.573991369152,0.818847000373,0.00206034497145,0.0,0.818803636757,-0.573930681792,-0.0120384314801,0.0,-0.00867530533897,0.00859713924485,-0.999925411355,0.0,0.654981427647,0.252282283651,0.303402156105,1.0,-0.0164,-0.0215542857143,0.821
0.460055671089,0.510287929107,-0.124116964014,-1.41487439113,0.0760557943217,1.91578998931,0.151459743615,-0.00945506218971,-0.0833102426193,0.000320160904629,-0.133011700613,-0.0136331595245,0.0476730547478,-0.0217842194258,0.573973661184,0.818859340451,0.00208895304672,0.0,0.818816346802,-0.573912851271,-0.0120239867465,0.0,-0.00864724334386,0.00861208640664,-0.999925525802,0.0,0.654685921808,0.251911783801,0.303399261562,1.0,-0.01676,-0.0220274285714,0.839
0.459863735166,0.508866549345,-0.124124044589,-1.41712459493,0.075908848144,1.91660435995,0.151147817587,-0.0154406611864,-0.0915653527365,-0.000143983129981,-0.139307561724,-0.00715701220211,0.0479420086735,-0.0256267456038,0.573957723027,0.818870560426,0.00206986628035,0.0,0.81882736204,-0.573897040065,-0.0120285277688,0.0,-0.0086620839155,0.00859889511106,-0.999925510878,0.0,0.654406330755,0.251565250836,0.303393734204,1.0,-0.01708,-0.022448,0.855
0.45964506956,0.507352682551,-0.124127008059,-1.41950975208,0.0757601738896,1.91745603314,0.150810796723,-0.0139935792481,-0.0919232083637,-0.000437385233315,-0.141197308321,-0.0170643492797,0.0543549154022,-0.0196896016166,0.573946315594,0.818878601314,0.00205183489373,0.0,0.818835111179,-0.57388565495,-0.0120441954136,0.0,-0.00868538250296,0.00859300147718,-0.999925359443,0.0,0.654109311143,0.251191172262,0.303391295104,1.0,-0.01742,-0.0228948571429,0.872
0.459423556204,0.50578616848,-0.124133765202,-1.42194651026,0.0756110443089,1.9183695329,0.150487981257,-0.0125746235559,-0.0962825650105,-0.000474437076107,-0.145934678978,-0.00505760040473,0.0658131719503,-0.0205369893384,0.573954012072,0.818873119766,0.00208630115018,0.0,0.818830087329,-0.573893211696,-0.012025662386,0.0,-0.00865034415354,0.0086106691093,-0.999925511187,0.0,0.653814274739,0.250811728001,0.303406029885,1.0,-0.01776,-0.0233417142857,0.889
0.459213178988,0.504144972769,-0.12413765764,-1.42442348466,0.0754612752272,1.91931566582,0.150136048672,-0.0133709266641,-0.0997074924625,0.000101284816742,-0.150664975227,-0.0101362524028,0.0521730884044,-0.0255661679909,0.573928218493,0.818890953014,0.00218036482996,0.0,0.818849160325,-0.573867041237,-0.0119757470409,0.0,-0.00855575611839,0.00865877578278,-0.999925909575,0.0,0.653513642335,0.250439614919,0.303455891851,1.0,-0.0181,-0.0237885714286,0.906
0.458999084776,0.502665913864,-0.124142983255,-1.42660193733,0.0753192119229,1.92014898036,0.149830333123,-0.0151220011104,-0.105315105395,-0.00106183637765,-0.148250304091,-0.0135143781179,0.0495011549325,-0.0232321186896,0.573930432981,0.818889104012,0.0022891766804,0.0,0.81884885314,-0.573868941136,-0.0119055034463,0.0,-0.00843576206689,0.00870758809524,-0.999926505213,0.0,0.653257802156,0.250091215099,0.303524211453,1.0,-0.0184,-0.0241828571429,0.921
0.458754859662,0.500855705454,-0.1241449702,-1.42931003851,0.0751498936647,1.9211036493,0.14945927427,-0.0151136703341,-0.102653420132,0.00145346915303,-0.149714428717,-0.0137255173162,0.0495809664757,-0.0226153752807,0.573920354882,0.818896026049,0.0023391610309,0.0,0.818856360097,-0.573858598102,-0.011887716949,0.0,-0.00839261808234,0.00873820785516,-0.999926601149,0.0,0.652914660775,0.249670657618,0.303581436992,1.0,-0.01876,-0.024656,0.939
0.458513703258,0.499154949113,-0.124150347741,-1.43190976413,0.0749779861053,1.92205260922,0.14909151536,-0.0097748319641,-0.10138496493,-0.000842273822766,-0.153359822671,-0.00539532156797,0.0543657702079,-0.0149339686032,0.573906311814,0.818905764591,0.00237505407395,0.0,0.818866637396,-0.573844491245,-0.0118607305158,0.0,-0.00835006965961,0.00875196915143,-0.99992683701,0.0,0.652592528991,0.249260820413,0.303612832278,1.0,-0.0191,-0.0251028571429,0.956
0.458284613777,0.497677488197,-0.124147930115,-1.4342485819,0.0748319079675,1.92292653864,0.148747335343,-0.0110218799111,-0.10152933178,0.00079349240924,-0.15610795149,-0.0130018537949,0.0599750817296,-0.0242231212261,0.573889760427,0.818917337626,0.00238409604598,0.0,0.818878299693,-0.573827877075,-0.0118593711783,0.0,-0.00834394454526,0.00875842482759,-0.999926831615,0.0,0.652305309378,0.248890559391,0.303605483762,1.0,-0.0194,-0.0254971428571,0.971
0.458014502154,0.496011296454,-0.124148012084,-1.43692617644,0.0746697524889,1.92387514881,0.148350854709,-0.0164870026244,-0.100666842205,-0.000223617085322,-0.152524115441,-0.00727249764126,0.0539793958498,-0.0228746305246,0.573877945888,0.818925764672,0.00233282705292,0.0,0.818885906207,-0.573816105026,-0.0119036603517,0.0,-0.00840976233667,0.00874173565192,-0.999926426271,0.0,0.651966562796,0.248457067492,0.303574488243,1.0,-0.01974,-0.025944,0.988
0.457724816167,0.494248741439,-0.124149753085,-1.4398406984,0.0744896522449,1.9248716813,0.14794496655,-0.0177048723419,-0.0985425874168,-0.00141379102826,-0.166070350843,-0.0087209464299,0.0601519133245,-0.0127597230256,0.573881978581,0.818923304223,0.00220076410289,0.0,0.818881521963,-0.573820463909,-0.0119947942394,0.0,-0.00856013786269,0.00868592853986,-0.999925636578,0.0,0.651587322883,0.247983631826,0.303501504883,1.0,-0.0225514285714,-0.0296390204082,1.006
0.457442653446,0.492150877291,-0.124225344341,-1.44300945541,0.0743064054002,1.92604500581,0.147489836814,-0.0168643158111,-0.136188113777,-0.00903945240275,-0.221674788688,-0.0106171508301,0.081970234207,-0.0374722632322,0.573904511032,0.81890729936,0.00227907263406,0.0,0.818866732218,-0.573842872545,-0.0119322838263,0.0,-0.00846376769011,0.0087144160547,-0.999926209072,0.0,0.651203853764,0.247457501543,0.303557403431,1.0,-0.03078,-0.0404537142857,1.022
0.457057541752,0.489338594769,-0.124243604811,-1.44752444733,0.0740681964573,1.92773783671,0.146811999784,-0.0261544865419,-0.182756935125,3.84025838874e-05,-0.293175018127,-0.0140594891318,0.108268185775,-0.0495163902127,0.573840234105,0.818952322146,0.00228619224555,0.0,0.818911486855,-0.573778203411,-0.0119706678736,0.0,-0.00849180246696,0.00874160824909,-0.99992573403,0.0,0.650628555007,0.246774270237,0.303511855629,1.0,-0.0395228571429,-0.0519443265306,1.039
0.456502712177,0.485707980297,-0.12430096854,-1.45323017203,0.0737249847953,1.92987754629,0.145975086713,-0.0346514918461,-0.229720930374,-0.00656040902103,-0.361820873957,-0.0226634807458,0.134824477366,-0.0585241669416,0.573841324478,0.818951429576,0.00233178425171,0.0,0.818911277409,-0.573779201454,-0.0119371106947,0.0,-0.00843814702301,0.00875970048309,-0.999926029925,0.0,0.649925291821,0.245841253267,0.303505755223,1.0,-0.0482657142857,-0.0634349387755,1.056
0.455873526857,0.481632011545,-0.124419040715,-1.45963485695,0.0733451540195,1.9321286692,0.144984023777,-0.0395717093437,-0.272877554149,-0.00806958612087,-0.424268374988,-0.0180558580108,0.141874275329,-0.0584623093445,0.573842376467,0.818950907758,0.0022548955838,0.0,0.818909781737,-0.57378059358,-0.0119727485858,0.0,-0.00851144186781,0.0087171943847,-0.999925780185,0.0,0.649112111613,0.244750008039,0.303484246191,1.0,-0.0564942857143,-0.0742496326531,1.072
0.45502259633,0.476217120632,-0.124537303503,-1.46809990519,0.072828740891,1.93512315868,0.143748742156,-0.0526110147485,-0.31633646843,-0.0086468355779,-0.49720512265,-0.0285967745563,0.17141838366,-0.0717441626666,0.573885013476,0.818921195806,0.0021939164696,0.0,0.81887928712,-0.573823489181,-0.0120026368656,0.0,-0.00857045793914,0.00868485338434,-0.999925557515,0.0,0.648027801488,0.243318016107,0.303469459925,1.0,-0.0657514285714,-0.0864161632653,1.09
0.454066405724,0.470401175497,-0.124631150411,-1.47711047483,0.0722945903518,1.93836719668,0.142426578091,-0.05958491414,-0.356470707767,0.000803190604429,-0.537982092608,-0.0308935626489,0.193335013691,-0.0818589936409,0.573942033948,0.818881116534,0.0022373093502,0.0,0.818839585846,-0.573880131371,-0.0120030983648,0.0,-0.00854532773104,0.00872124806194,-0.999925455825,0.0,0.646876711212,0.241788492484,0.30348598187,1.0,-0.0744942857143,-0.0979067755102,1.107
0.453046485896,0.464215172911,-0.124673493715,-1.48644230634,0.0717171423362,1.94186385298,0.140902536215,-0.0618614862339,-0.398403303085,0.000318827584979,-0.606095613109,-0.0398902514855,0.21794415473,-0.0917227618539,0.57384596944,0.818947568276,0.00253587700364,0.0,0.818909954702,-0.573782923917,-0.0118485953628,0.0,-0.00824849424708,0.00887609450697,-0.99992658595,0.0,0.645697448114,0.240226839969,0.303616497583,1.0,-0.0827228571429,-0.108721469388,1.123
0.451794780736,0.45706105943,-0.12474577706,-1.49764262307,0.0709867543936,1.94565429969,0.139225847619,-0.0723901008202,-0.435620591222,-0.00679974563284,-0.685603651594,-0.0447105042329,0.231289264134,-0.0988450015086,0.573872100151,0.818929932639,0.0023075956506,0.0,0.818888982607,-0.573809571911,-0.0120065086422,0.0,-0.00850853265677,0.00878003402742,-0.999925255144,0.0,0.644186112211,0.238289770032,0.303541497632,1.0,-0.0914657142857,-0.120212081633,1.14
0.450424873904,0.449078615859,-0.124890564055,-1.50960624173,0.0701472434568,1.95000836785,0.137310109943,-0.0815752051882,-0.488161881266,-0.00549696923972,-0.728015440001,-0.0533635896063,0.279663123778,-0.118856385017,0.5738474871,0.818946424037,0.00256183677622,0.0,0.818909762354,-0.573785007977,-0.0117606395681,0.0,-0.00816154731871,0.00884689693865,-0.999927558156,0.0,0.642642944387,0.236178491088,0.303708687567,1.0,-0.100208571429,-0.131702693878,1.157
0.448999516304,0.441090357553,-0.124938567646,-1.52176167778,0.0693793320215,1.95432270005,0.135443947068,-0.0875363659774,-0.51982958578,-0.00504223207926,-0.785979140216,-0.0442594924181,0.271180509328,-0.121289928303,0.573857532278,0.818938955039,0.00269582430657,0.0,0.8189036352,-0.573794128691,-0.0117422756703,0.0,-0.00806951417128,0.00894618590581,-0.999927421716,0.0,0.641005584147,0.234079597374,0.30376764342,1.0,-0.108437142857,-0.142517387755,1.173
0.447208668773,0.431371494898,-0.125009936657,-1.53638382975,0.0683792987748,1.95947065559,0.133028425993,-0.101576685752,-0.563065672512,-0.00315971936497,-0.809025259159,-0.0560879377177,0.313660811976,-0.140468885043,0.573763453666,0.819004247666,0.00287896573371,0.0,0.818971413466,-0.573699547908,-0.0116361314935,0.0,-0.00787853146586,0.00903435156856,-0.999928152036,0.0,0.639019974248,0.231491581636,0.303888974684,1.0,-0.117694285714,-0.154683918367,1.191
0.445338725898,0.421658655523,-0.125072635162,-1.5512000029,0.0673292852964,1.96455924051,0.130568241707,-0.118293315176,-0.590984912458,-0.00575365684985,-0.886265046581,-0.060580581852,0.303269101668,-0.155020570869,0.57366717896,0.819071853547,0.0028307971036,0.0,0.81903841977,-0.573603477774,-0.0116560768185,0.0,-0.00792356193439,0.00900541367473,-0.999928057258,0.0,0.636952114924,0.228832472298,0.303886233157,1.0,-0.126437142857,-0.166174530612,1.208
0.443414680886,0.411915738498,-0.125181751743,-1.56579778208,0.0662746607881,1.96969712057,0.128193853596,-0.115571741443,-0.631380567483,-0.00337352324349,-0.924757348451,-0.0635399220714,0.332048275706,-0.153646792027,0.573692424418,0.819053513278,0.00301520370863,0.0,0.819023036092,-0.573628775326,-0.0114909255582,0.0,-0.00768222324513,0.00906195270884,-0.999929429739,0.0,0.634935306451,0.226148180613,0.303989437194,1.0,-0.134665714286,-0.17698922449,1.224
0.441155729727,0.401148467781,-0.12525545818,-1.58228806207,0.0651906261208,1.97516296334,0.125412496727,-0.139784966502,-0.65839875628,-0.00464236722644,-0.978325318993,-0.0575449025847,0.316996091111,-0.174021058548,0.573686194449,0.81905855793,0.00282416024278,0.0,0.819024450192,-0.573621847125,-0.01173343042,0.0,-0.00799052042664,0.00904453747097,-0.999927171311,0.0,0.632539826265,0.223094854987,0.303888093884,1.0,-0.143408571429,-0.188479836735,1.241
0.438672267188,0.389690141203,-0.125387729267,-1.59936807276,0.0639314247963,1.9810672076,0.122487026304,-0.148529462326,-0.677770879992,-0.00687813669214,-1.01473862976,-0.079437823355,0.343958128886,-0.180896330735,0.573737170017,0.819022214215,0.00300320903894,0.0,0.818990973378,-0.573672837564,-0.0115761767355,0.0,-0.0077584358248,0.00910145920519,-0.9999284825,0.0,0.63011352382,0.219820223385,0.303978752606,1.0,-0.152151428571,-0.19997044898,1.258
0.436190020468,0.378402020361,-0.125520135549,-1.61626214281,0.0626367921195,1.98666893335,0.11946823444,-0.152697864998,-0.719217781337,0.000348258903067,-1.07029233054,-0.0828336389705,0.356626879068,-0.188804642707,0.573667120914,0.819071536242,0.0029325419998,0.0,0.819039740444,-0.573603447159,-0.0115644230707,0.0,-0.00779012355423,0.00903617170064,-0.999928828255,0.0,0.627619780342,0.216556645327,0.303985439205,1.0,-0.16038,-0.210785142857,1.274
0.433078839252,0.365216323578,-0.125673970169,-1.63592218195,0.0611760473455,1.99315854583,0.1159919422,-0.182602623306,-0.75188427725,-0.0162334577796,-1.08990592573,-0.086663019475,0.36811333617,-0.192126453819,0.573784332503,0.818989533927,0.00290344504526,0.0,0.81895727082,-0.573720634321,-0.0115917741295,0.0,-0.00782792607042,0.00902914965075,-0.999928596466,0.0,0.624692581483,0.212645550685,0.303983029627,1.0,-0.169637142857,-0.222951673469,1.292
0.42988664777,0.352239598183,-0.125837383459,-1.65520594459,0.0596870962846,1.99947087315,0.112421387768,-0.192077049026,-0.759402469613,-0.00630693760585,-1.16238282463,-0.0770570944985,0.368936105728,-0.228629869678,0.573842863795,0.818948720043,0.00284754519069,0.0,0.818915891127,-0.573779525325,-0.011600279228,0.0,-0.00786632214913,0.00898881052282,-0.999928658586,0.0,0.621776411974,0.208726546234,0.303961934486,1.0,-0.17838,-0.234442285714,1.309
0.426887020646,0.34023165534,-0.125994249788,-1.67259086614,0.0583914585196,2.00515654762,0.109140659479,-0.201210064225,-0.810483508343,-0.0132579688722,-1.17268189705,-0.0892420815659,0.379968746685,-0.215274084076,0.573941932951,0.818878404832,0.00309234576904,0.0,0.818848599072,-0.573877624516,-0.0114974248348,0.0,-0.0076405119678,0.00913119303822,-0.999929119433,0.0,0.619119700593,0.205143855185,0.304106450532,1.0,-0.186094285714,-0.244581061224,1.324
0.423106748237,0.325513054584,-0.126097307504,-1.69413858189,0.0566260084734,2.01209847237,0.104920394758,-0.212276529381,-0.856501541461,-0.00989620368646,-1.20308480049,-0.104994187633,0.405306853034,-0.237118119313,0.573828947023,0.818957522961,0.00310838302626,0.0,0.818928238276,-0.573764980043,-0.0114470577392,0.0,-0.0075913188827,0.0091143712045,-0.999929647583,0.0,0.615723820655,0.200717247276,0.304116276909,1.0,-0.195351428571,-0.256747591837,1.342
0.419290624398,0.311146006631,-0.126171144451,-1.71510150465,0.0549217750953,2.01865058751,0.100743251706,-0.237683238664,-0.840930830507,-0.00561856838458,-1.2243265456,-0.0899984579986,0.395456692222,-0.258119616898,0.573719123643,0.819034752382,0.00303124691803,0.0,0.819004100595,-0.573654969668,-0.0115328177566,0.0,-0.00770703706104,0.00909937694341,-0.999928898932,0.0,0.612318991832,0.196366268907,0.304084606294,1.0,-0.204094285714,-0.268238204082,1.359
0.414657119892,0.294489825583,-0.12631473631,-1.73919618006,0.0528802577392,2.02602975066,0.0958027140029,-0.249349471406,-0.894545806028,-0.0100594767402,-1.27400021592,-0.107430617661,0.37127842026,-0.264075703387,0.573649790625,0.819083767221,0.00290635373946,0.0,0.819051448223,-0.573585992284,-0.0116009275963,0.0,-0.00783523853791,0.00903549688736,-0.999928481859,0.0,0.60833880602,0.191205351258,0.304060110765,1.0,-0.213865714286,-0.281080653061,1.378
0.410988362119,0.281773459065,-0.126455997417,-1.75721921023,0.051398343094,2.03162881851,0.0920042607592,-0.27360918128,-0.909099836608,-0.0107137095511,-1.29875410799,-0.110288040594,0.393488958392,-0.278875128012,0.573690301321,0.819054587813,0.00312526061873,0.0,0.819025008,-0.573625684475,-0.0115046635391,0.0,-0.0076303645995,0.00915995685313,-0.999928933838,0.0,0.605355123195,0.187249431038,0.304163677244,1.0,-0.221065714286,-0.290543510204,1.392
0.405060795981,0.262199440119,-0.126689904724,-1.78495556433,0.048973468197,2.03989762457,0.0859513407308,-0.292313125218,-0.91956595028,-0.01615097235,-1.34201949243,-0.123673353491,0.396696983709,-0.294098078908,0.573716873653,0.819035946852,0.00313265884265,0.0,0.819006500867,-0.573652276283,-0.0114962756645,0.0,-0.00761895283666,0.00916145167633,-0.99992900716,0.0,0.600630437833,0.18100358,0.3042107828,1.0,-0.231865714286,-0.304737795918,1.413
