position_joint1,position_joint2,position_joint3,position_joint4,position_joint5,position_joint6,position_joint7,velocity_joint1,velocity_joint2,velocity_joint3,velocity_joint4,velocity_joint5,velocity_joint6,velocity_joint7,ee_T_00,ee_T_10,ee_T_20,ee_T_30,ee_T_01,ee_T_11,ee_T_21,ee_T_31,ee_T_02,ee_T_12,ee_T_22,ee_T_32,ee_T_03,ee_T_13,ee_T_23,ee_T_33,v_x,v_y,time
0.465097842823,0.547607331532,-0.123988196872,-1.35575741583,0.0794846356242,1.89408670029,0.15915249003,0.000604831158512,0.00074979217618,-0.00355440918531,0.000269642644655,0.000134278287094,0.00686762643633,-0.00497633901021,0.573771639129,0.819000777656,0.00213991383803,0.0,0.818960304803,-0.573712510928,-0.0117779821114,0.0,-0.00841864325223,0.008510540445,-0.999928346006,0.0,0.661690752261,0.260914516968,0.303372275065,1.0,0.0,0.0,0.0
0.465097842823,0.547609868455,-0.123984715275,-1.35576348557,0.0794878021733,1.89408752489,0.159147783526,0.000221003349585,0.00228105789419,0.00290506649259,-0.00130063188753,0.0002371245676,0.00132379778708,-0.00261091684876,0.5737665333,0.819004364826,0.0021360156067,0.0,0.818963789656,-0.573707368699,-0.0117861458725,0.0,-0.00842761927862,0.00851197937624,-0.999928258147,0.0,0.661688480391,0.260916345994,0.303367550916,1.0,-0.00012,-0.000157714285714,0.007
0.465095046989,0.547600783737,-0.123979981026,-1.35575595548,0.0794871913232,1.89408602342,0.159155614475,-0.00133310231446,-0.00275145355492,0.00107096723007,0.000771708980707,-1.22683929531e-05,8.67671600804e-05,-1.8224830925e-05,0.573771326743,0.819000970786,0.00214973502301,0.0,0.818960563009,-0.573712097146,-0.0117801836182,0.0,-0.00841481484226,0.00851984382206,-0.999928299006,0.0,0.661689824401,0.260918050407,0.303377282818,1.0,-0.0004,-0.000525714285714,0.021
0.46509176625,0.547601864199,-0.123980700124,-1.35576521265,0.0794871916637,1.89408441471,0.159149409705,0.0014316403625,0.000164966497627,0.000834290178923,-0.00411224464486,-6.43982490862e-05,0.000894165447572,0.00536561952405,0.573769932545,0.819001973659,0.00213975506991,0.0,0.818961427442,-0.573710733103,-0.0117865171545,0.0,-0.00842574258395,0.00851528996483,-0.999928245775,0.0,0.66168837325,0.260914239082,0.303371994927,1.0,-0.0007,-0.00092,0.036
0.465094158792,0.547545688706,-0.123982859149,-1.35580350005,0.0794841624603,1.89409380967,0.159153819073,-0.000348415288081,-0.00295357022424,5.78451650859e-05,-0.00345854702471,-0.000180552926005,0.00122355355474,-6.34776085303e-05,0.573768724241,0.819002768432,0.00215946376005,0.0,0.818962462335,-0.573709432142,-0.0117779310264,0.0,-0.00840741525835,0.00852649237889,-0.999928304578,0.0,0.661679484131,0.26091205945,0.303393214864,1.0,-0.00104,-0.00136685714286,0.053
0.465099200925,0.547407765135,-0.123981061264,-1.35594981724,0.0794857989826,1.89412137282,0.159153971959,0.000105315853443,-0.00712354695502,0.00057391125129,-0.01107469667,0.000509289711052,-0.000347567022888,0.0011638868441,0.573777445697,0.818996583592,0.0021876414581,0.0,0.818956538215,-0.573717936367,-0.0117756064219,0.0,-0.00838925380556,0.00854832523145,-0.999928270706,0.0,0.661656774736,0.260901874234,0.303424844333,1.0,-0.00136,-0.00178742857143,0.069
0.465086861299,0.547262724084,-0.123983206754,-1.35614644999,0.079480420753,1.8941821999,0.159150005826,-0.00356162096213,-0.00585237777261,-0.00111569568108,-0.0123104082311,-0.000204139233379,0.00866358884464,0.00146101548995,0.573795274379,0.818984061703,0.00219924506224,0.0,0.818944106217,-0.573735655994,-0.011776877117,0.0,-0.00838345075436,0.00855874000078,-0.999928230286,0.0,0.661631669325,0.260874290975,0.303439335558,1.0,-0.0017,-0.00223428571429,0.086
0.46506101097,0.54706900717,-0.123980115917,-1.35638510182,0.079475621643,1.89431216009,0.159136611244,-0.00131393867511,-0.00891654765799,0.00380436426665,-0.0130215514886,0.000210193641158,0.00882616755067,-0.00164318264027,0.57381560969,0.818969602011,0.002276831143,0.0,0.818930612797,-0.573755650197,-0.0117410472879,0.0,-0.00830937607298,0.00860192854487,-0.99992847799,0.0,0.661614289548,0.260841252222,0.303474135677,1.0,-0.00208,-0.00273371428571,0.105
0.465041710768,0.546872052246,-0.123980431371,-1.35659823562,0.0794762363823,1.89442177969,0.159129851702,0.000338924036169,-0.0164535590475,0.000124903421038,-0.0108068172864,0.000273348043895,0.000967082141364,0.00241133509901,0.573838278132,0.818953472177,0.0023638655864,0.0,0.818915543256,-0.573777918969,-0.0117038292521,0.0,-0.0082287161552,0.00865207807577,-0.999928712347,0.0,0.661597547639,0.260813142068,0.303521724001,1.0,-0.0024,-0.00315428571429,0.121
0.465003852868,0.546627891943,-0.123984975417,-1.35691721861,0.0794646354468,1.8945636285,0.159102658145,-0.00139907274576,-0.0199683302241,-0.00510791022192,-0.0138033357021,-0.00137275847503,0.00540416498309,-0.00429735633539,0.573865043483,0.81893454172,0.00242387007322,0.0,0.818897382465,-0.573804452832,-0.0116736370949,0.0,-0.0081692744873,0.00868416031448,-0.999928921631,0.0,0.661570685491,0.260758566529,0.303555267989,1.0,-0.00276,-0.00362742857143,0.139
0.464965483179,0.546396911211,-0.123982938331,-1.35729118281,0.0794595674367,1.89470506506,0.159064457899,-0.00553179667794,-0.011946775038,-0.000613830569809,-0.0227663840593,0.00019223490868,0.0108523192312,-0.01223499458,0.573883382529,0.818921666195,0.00243203534616,0.0,0.818884454039,-0.573822591125,-0.0116889584147,0.0,-0.00817694190851,0.00869982242847,-0.999928722815,0.0,0.661529016062,0.260701786204,0.303553049595,1.0,-0.00308,-0.004048,0.155
0.464932715331,0.546128458734,-0.123983203368,-1.35769195732,0.0794433163667,1.89484440681,0.158934244086,0.000111970017369,-0.0135650283831,0.00010378643572,-0.0247775568435,8.02742772916e-05,0.00442682443295,-0.00482084605584,0.573821796086,0.818964786375,0.00244375042387,0.0,0.818927638826,-0.57376087677,-0.0116929703736,0.0,-0.00817415997617,0.00871110374158,-0.999928647345,0.0,0.661481432343,0.260642735196,0.303564464458,1.0,-0.0034,-0.00446857142857,0.171
0.464879612542,0.545831965009,-0.123980760343,-1.35819592732,0.0794207300055,1.89501796626,0.158915734417,-0.000388106629721,-0.0152051902171,0.000852579904935,-0.0290392370533,-0.000393921350071,0.0116735828629,0.00175486864329,0.573875573789,0.818927178447,0.0024184932674,0.0,0.818889631583,-0.57381466392,-0.0117153599399,0.0,-0.00820641775763,0.00870380554361,-0.999928446678,0.0,0.661421757892,0.26055171586,0.303549634305,1.0,-0.00376,-0.00494171428571,0.189
0.464828887294,0.545493948972,-0.123986388801,-1.35875928421,0.0793399254413,1.89520677079,0.158861664294,-0.00721393418423,-0.0251854281903,-0.000271788383644,-0.0383402534197,-0.0118536601657,0.00990217673445,-0.00753550453795,0.573881726785,0.818923036932,0.00236011540051,0.0,0.818885107728,-0.573821426907,-0.0117003104629,0.0,-0.00822752739592,0.00864742421607,-0.999928762386,0.0,0.661358965407,0.26046169911,0.303537061021,1.0,-0.00408,-0.00536228571429,0.205
0.464773062988,0.54514650311,-0.12398402968,-1.35935581683,0.0792847896269,1.89540355471,0.158752030296,-0.00125919167383,-0.0167957394682,7.66453436778e-05,-0.0383254459243,-0.000597715795596,0.0130836309872,-0.0114320043935,0.573854592442,0.818942206383,0.00230569717738,0.0,0.818903684581,-0.573794616161,-0.011714979495,0.0,-0.00827105377192,0.00861100448619,-0.999928717595,0.0,0.661287418801,0.26036432429,0.303515991863,1.0,-0.0044,-0.00578285714286,0.221
0.464706954026,0.54471271487,-0.123986738645,-1.36009793173,0.0792718442663,1.8956445234,0.158687978061,-0.00175561737502,-0.0263837113528,0.000277017211097,-0.0407985825215,-0.00144692329247,0.00828628931231,-0.0054961958889,0.573896011601,0.818913295602,0.00226474182908,0.0,0.818873924555,-0.573835855684,-0.0117751142975,0.0,-0.00834336822574,0.00861239497645,-0.999928104845,0.0,0.661194906729,0.260250900748,0.303490797889,1.0,-0.00476,-0.006256,0.239
0.464647761857,0.544345820378,-0.12399739196,-1.36075298604,0.0792429695868,1.89586163574,0.158596868036,-0.00229085896256,-0.0267614632901,-0.000129410927903,-0.0426832491011,-0.00619387667407,0.013612559907,-0.00175906335703,0.57390612573,0.818906365609,0.00220683392988,0.0,0.818866154967,-0.573846102959,-0.0118159752193,0.0,-0.00840995619012,0.00858852753039,-0.999927752306,0.0,0.661116714514,0.260142710399,0.303457825766,1.0,-0.00506,-0.00665028571429,0.254
0.464575727122,0.543870263071,-0.123995885069,-1.36152681514,0.0792104330559,1.89614793421,0.158497475262,-0.00479809838881,-0.0274768986652,-0.000766611205213,-0.0477290869417,-0.00495346759997,0.011161432458,-0.0128375993083,0.573917186351,0.818898621878,0.00220390509059,0.0,0.818858231644,-0.57385702924,-0.0118344142727,0.0,-0.00842662134922,0.00859682508223,-0.9999275407,0.0,0.661028538207,0.260024514566,0.303450780218,1.0,-0.0054,-0.00709714285714,0.271
0.464492230425,0.543287634469,-0.124001344442,-1.36245359763,0.0791605865725,1.89646806941,0.158377986688,-0.00622220145229,-0.0280303176856,-0.000399998548532,-0.0480798144794,-0.00046048825576,0.0169773130757,-0.00793933742833,0.573929747687,0.818889867026,0.00218570417345,0.0,0.818849172908,-0.573869592441,-0.0118519956584,0.0,-0.00845133269986,0.00859214035782,-0.999927372412,0.0,0.660920149687,0.259877457488,0.303449765885,1.0,-0.00578,-0.00759657142857,0.29
0.464428330632,0.542817328159,-0.124001945991,-1.3632295722,0.0791126807093,1.89674191557,0.15828799657,-0.00392833409497,-0.0315008289719,-0.00159082487181,-0.0548540284992,-0.00697971909642,0.0204269093971,-0.00303192881662,0.573939178913,0.818883332501,0.00215721156217,0.0,0.81884225264,-0.573879120619,-0.011868745108,0.0,-0.00848130216367,0.00857851896005,-0.999927235616,0.0,0.660827849943,0.259759772317,0.303436834111,1.0,-0.00608,-0.00799085714286,0.305
0.464353542088,0.542194638544,-0.124006674718,-1.36418934538,0.0790551158634,1.89709004024,0.158165992873,-0.00693482619754,-0.0361454862985,0.00435481952748,-0.047842654249,-0.00179568636584,0.0161940461732,-0.00629967864635,0.573941775028,0.81888149039,0.00216575061055,0.0,0.818840524581,-0.573881685307,-0.011863956978,0.0,-0.00847245328271,0.00858279013817,-0.99992727398,0.0,0.660716221196,0.259616170911,0.303450702963,1.0,-0.00644,-0.008464,0.323
0.464274525773,0.541577567638,-0.124007601343,-1.36514182404,0.0790041000023,1.8974388536,0.158029007757,-0.00752840010398,-0.0349363879288,-0.000661048248738,-0.0527231283522,-0.000549527375757,0.0202496938542,-0.00731474680082,0.573934207429,0.818886754835,0.0021806420125,0.0,0.818845915482,-0.573873991077,-0.0118640619438,0.0,-0.00846407240909,0.00859496627338,-0.99992724037,0.0,0.660605965153,0.259473884538,0.303463931382,1.0,-0.00678,-0.00891085714286,0.34
0.464201516514,0.54096380733,-0.124008411484,-1.36609986521,0.0789448607884,1.8977949029,0.157908224122,-0.00412863440549,-0.0399170685586,-0.00107334068166,-0.0643055683923,-0.00236406768099,0.0229948287109,-0.00542228477402,0.573933000036,0.818887578207,0.00218920757879,0.0,0.818846859994,-0.573872759648,-0.011858436399,0.0,-0.00845456244591,0.00859873928233,-0.999927288385,0.0,0.660494496968,0.259334097843,0.303472697741,1.0,-0.0071,-0.00933142857143,0.356
0.46411113149,0.540267974853,-0.124008421228,-1.36715159854,0.0788827584653,1.89818478174,0.157776289287,-0.00222500728632,-0.0435839107707,-0.00141931182806,-0.0615405133927,-0.00928683519283,0.0173901636583,-0.00504372133374,0.573940638804,0.818882144068,0.00221904401957,0.0,0.818841796319,-0.573880261526,-0.0118450383719,0.0,-0.00842638709034,0.00861556075717,-0.99992738142,0.0,0.660374617141,0.259175096486,0.303497693611,1.0,-0.00744,-0.00977828571429,0.373
0.464003776855,0.539494631395,-0.124009453525,-1.3683398311,0.0788062567632,1.89863765167,0.157631139578,-0.00693373997287,-0.0466797569605,0.00117291869939,-0.071654282843,-0.00218835400393,0.0275523319836,-0.00811248422336,0.573955789186,0.818871446955,0.00224773716123,0.0,0.818831529449,-0.573895356211,-0.0118234259286,0.0,-0.00839206155246,0.00862680791002,-0.999927573121,0.0,0.660243024324,0.258991066646,0.303517861697,1.0,-0.0078,-0.0102514285714,0.391
0.463909268318,0.538795510913,-0.124021519148,-1.36943981038,0.0787544934923,1.89905744829,0.157499507269,-0.00696244105337,-0.0492681900143,0.000472900987266,-0.0666477229466,-0.00510334389392,0.027910139367,-0.010766119955,0.573980931346,0.818853768707,0.0022677800778,0.0,0.818814048939,-0.573920352584,-0.0118207043347,0.0,-0.00837806445512,0.00864191545446,-0.999927560043,0.0,0.660120874805,0.258820383424,0.303525008364,1.0,-0.00812,-0.010672,0.407
0.463794232418,0.538027631783,-0.12402368735,-1.37063323501,0.0786820144719,1.89951957234,0.157342717624,-0.0035363205362,-0.0417641374236,-0.00150861974525,-0.0716187485317,-0.00511040646161,0.0316642179264,-0.00786202531983,0.573994882239,0.818843908133,0.00229699344876,0.0,0.818804600069,-0.573934221956,-0.0118018081116,0.0,-0.00834567620944,0.00865513289753,-0.999927716569,0.0,0.659991325295,0.258631237381,0.303539442354,1.0,-0.00846,-0.0111188571429,0.424
0.463702579217,0.537315425707,-0.124021462651,-1.37174458583,0.0786167010203,1.89993097088,0.157219457084,-0.0080106889468,-0.04604806611,0.000911007796444,-0.0739028291998,-0.0114480617368,0.0274379752695,-0.000450669865189,0.574011220073,0.818832423477,0.00230833158031,0.0,0.818793226781,-0.573950476854,-0.0118003728066,0.0,-0.00833782038083,0.00866375945939,-0.999927707399,0.0,0.659861506954,0.258466817729,0.30354896156,1.0,-0.00876,-0.0115131428571,0.439
0.463586524397,0.536483132338,-0.124029986404,-1.37304052902,0.0785509229153,1.90041977065,0.15705223281,-0.0053819773553,-0.0535959390994,-0.0010976833611,-0.0750281592918,-0.00513656140831,0.02628485418,-0.00502392274094,0.574029116382,0.818819805498,0.00233378917151,0.0,0.818780871858,-0.573968202912,-0.0117954578835,0.0,-0.00831899391959,0.0086819653535,-0.999927706296,0.0,0.659716050572,0.258264906395,0.303562354382,1.0,-0.0091,-0.01196,0.456
0.463473551525,0.535676885663,-0.12403542682,-1.37432314096,0.0784621782387,1.90088661435,0.15688773139,-0.00622289701932,-0.0486720133057,-0.00105972988672,-0.0781556262577,-0.00386427459633,0.0283732990344,-0.0156627912063,0.574050564962,0.818804826854,0.00231328529541,0.0,0.818765729827,-0.573989834546,-0.0117939136794,0.0,-0.00832927156855,0.00866450835263,-0.999927772157,0.0,0.659560498222,0.258045910748,0.303558643569,1.0,-0.00944,-0.0124068571429,0.473
0.463356299625,0.534784921929,-0.124039659811,-1.37573595741,0.0783770415369,1.90140124285,0.15671912993,-0.00349512298613,-0.0511654113023,-0.000559372366892,-0.0844393410411,-0.000679864504824,0.0363270517014,-0.00547397641772,0.574053040485,0.818803098467,0.00231074722353,0.0,0.818763954064,-0.573992304507,-0.0117969823709,0.0,-0.00833321503406,0.00866421694514,-0.999927741825,0.0,0.659402008871,0.25784824812,0.303563141287,1.0,-0.00976,-0.0128274285714,0.489
0.463213821916,0.533784055313,-0.124048769677,-1.37738660672,0.0782936832976,1.9020028073,0.156518480561,-0.00656712576732,-0.0470872816486,-0.00133157173214,-0.088181765026,-0.00274150597594,0.030715429275,-0.00698091477478,0.574079977041,0.818784313884,0.0022746866173,0.0,0.818744561277,-0.574019232486,-0.0118326250962,0.0,-0.00838281534982,0.0086554270839,-0.999927403359,0.0,0.659207970554,0.257593541863,0.303535940218,1.0,-0.01014,-0.0133268571429,0.508
0.463091044124,0.532921682667,-0.124046160564,-1.37878304902,0.0782318028443,1.90253280337,0.156346818306,-0.00615990918341,-0.0473502140245,-0.00209322728114,-0.0856088234052,-0.0154688856171,0.0271127202321,-0.00898301865994,0.574098083622,0.818771597199,0.00228230201557,0.0,0.818731730733,-0.574037087155,-0.0118542212759,0.0,-0.00839593533437,0.00867424580271,-0.99992713021,0.0,0.659045808313,0.257385616697,0.303525290893,1.0,-0.01046,-0.0137474285714,0.524
0.462962268796,0.531944198616,-0.12404426272,-1.3803409561,0.0781188393014,1.90311144772,0.156144119379,-0.00877427026758,-0.0613401797731,0.00133756341356,-0.0922949649095,-0.00439799477431,0.0360418358823,-0.0110964277861,0.57409092281,0.818776652931,0.00226977174446,0.0,0.81873675992,-0.574030117134,-0.0118443860197,0.0,-0.00839515103353,0.00865826676242,-0.999927275283,0.0,0.65886292315,0.257150764464,0.303522915912,1.0,-0.0108,-0.0141942857143,0.541
0.462834143153,0.530939656326,-0.124043925397,-1.38195621784,0.0780127191857,1.90369269429,0.155937670359,-0.00550997663876,-0.0589624851001,0.00651318791791,-0.0977911066454,-0.00858466071062,0.0385001351675,-0.0129740365969,0.574085955924,0.81878021888,0.00223948256222,0.0,0.818739955538,-0.57402529414,-0.0118572254143,0.0,-0.00842310415439,0.00864078680192,-0.999927191409,0.0,0.658667266562,0.256910290895,0.30351239124,1.0,-0.01114,-0.0146411428571,0.558
0.462709133747,0.529974490367,-0.12405208546,-1.38350057489,0.0779361580161,1.9042379943,0.155743009253,-0.00843715919337,-0.0632118827427,0.00144155403681,-0.0940496358867,-0.0110752904359,0.0325577724554,-0.0170672313495,0.574098005102,0.818771829087,0.00221795694058,0.0,0.818731114514,-0.574037252057,-0.011888745934,0.0,-0.00846114324979,0.00864138205514,-0.999926865111,0.0,0.658479024185,0.256677179764,0.303504856333,1.0,-0.01146,-0.0150617142857,0.574
0.462564664025,0.528867734143,-0.124052478643,-1.38523776007,0.0778091021144,1.90488831596,0.155504574183,-0.00693299523468,-0.0629391599295,-0.00135021285466,-0.0981000090715,-0.00897010442105,0.0370087869484,-0.0164692723181,0.574083593803,0.818781918815,0.00222343173659,0.0,0.818741409757,-0.574022957999,-0.0118699006153,0.0,-0.00844272168817,0.00863489708637,-0.999927076843,0.0,0.658287146877,0.256426788187,0.30351224392,1.0,-0.0118,-0.0155085714286,0.591
0.462427431533,0.527766157351,-0.124050052861,-1.38695447649,0.0777057119805,1.9055538375,0.155273414468,-0.0110646055799,-0.0676418952224,-0.000356418313951,-0.103445047934,-0.00826600155817,0.0458276112923,-0.0164485356475,0.574068123705,0.818792653993,0.00226407014575,0.0,0.818752723722,-0.57400738122,-0.0118427447824,0.0,-0.00839732113015,0.00865242246123,-0.99992730765,0.0,0.658076259974,0.256163932593,0.303529855778,1.0,-0.01216,-0.0159817142857,0.609
0.462292945524,0.52666128814,-0.124055392078,-1.38860983128,0.0776112593247,1.90619181036,0.155031859746,-0.0131304265915,-0.0678144900335,-0.00061673095744,-0.0991198406191,-0.0071351859504,0.0381611442623,-0.0152304448637,0.574048348861,0.818806303182,0.00234050023253,0.0,0.818767360603,-0.573987306938,-0.0118037106744,0.0,-0.0083216954942,0.00869239317645,-0.999927593221,0.0,0.657885608886,0.255918335818,0.303574993465,1.0,-0.01248,-0.0164022857143,0.625
0.462137506594,0.525512447906,-0.124053398363,-1.39043778857,0.0774879467043,1.90684856753,0.15478801337,-0.00871330423461,-0.065934125592,0.00720413439249,-0.10346555771,-0.003316013532,0.0389231148023,-0.0176495976788,0.574039732655,0.818812416608,0.00231487423752,0.0,0.818773183304,-0.573978834282,-0.0118118161211,0.0,-0.0083431335175,0.00867597575617,-0.99992755716,0.0,0.657664126186,0.25564000034,0.303570022648,1.0,-0.01282,-0.0168491428571,0.642
0.461978766035,0.524323394631,-0.124058852064,-1.39229933093,0.0773698778358,1.90751167675,0.154541293714,-0.00898365874343,-0.0714705438211,-7.90698243384e-05,-0.110813611044,-0.00252959812223,0.0384622938741,-0.0222197299779,0.574039663817,0.818812497392,0.00230334120959,0.0,0.818773121814,-0.573978817847,-0.011816876023,0.0,-0.00835389754162,0.00866943632592,-0.999927524008,0.0,0.657438741875,0.255353016578,0.303577834628,1.0,-0.01316,-0.017296,0.659
0.461832363688,0.523207264635,-0.124068009834,-1.39410080358,0.0772617909932,1.90817426559,0.154286943312,-0.0065236366987,-0.0711149189361,-0.00138330541844,-0.110718551722,-0.00934306020207,0.0351437823782,-0.0133065803881,0.574025346534,0.818822595989,0.00228138897912,0.0,0.818782927516,-0.573964579626,-0.0118290255287,0.0,-0.0083765982005,0.00865828952427,-0.999927430679,0.0,0.657222021376,0.255079753517,0.303562784086,1.0,-0.01348,-0.0177165714286,0.675
0.461665670561,0.5219700727,-0.124074798351,-1.3960431533,0.0771456644013,1.90894166451,0.154027032408,-0.0163631335067,-0.0684747540104,0.000765800792769,-0.118480187193,-0.00937350825955,0.0416074811041,-0.0143764719229,0.574026843553,0.818821406722,0.0023310246791,0.0,0.818782439838,-0.573965943725,-0.0117965485872,0.0,-0.00832149794343,0.00868030474715,-0.999927699877,0.0,0.657000735728,0.254785208075,0.303574455902,1.0,-0.01382,-0.0181634285714,0.692
0.46151567426,0.520806783885,-0.124078692786,-1.39793476059,0.0770247494858,1.90966333304,0.153783284889,-0.00911005471033,-0.0713304799826,0.00140095280711,-0.119226036524,-0.00555033850615,0.0481213420591,-0.0117421475612,0.574021435207,0.818825234159,0.00231834593972,0.0,0.818786167438,-0.573960652178,-0.0117952814695,0.0,-0.0083277950996,0.00866914089242,-0.999927744302,0.0,0.656775036977,0.25450456618,0.30355399133,1.0,-0.01414,-0.018584,0.708
0.461352147612,0.519577712005,-0.124087583739,-1.39986388966,0.076903169658,1.91036148611,0.15351360957,-0.0099581102744,-0.0840662279655,-0.000742676213201,-0.121761396115,-0.00507692253889,0.0482720395558,-0.0171834810717,0.574012268979,0.818831677721,0.0023120387281,0.0,0.818792579478,-0.573951563697,-0.0117924222444,0.0,-0.0083291710098,0.0086622419783,-0.99992779263,0.0,0.656527456802,0.254187231993,0.303561481913,1.0,-0.01448,-0.0190308571429,0.725
0.461134054061,0.517917397598,-0.124093985172,-1.40242805222,0.0767322583294,1.91128542167,0.153166061811,-0.00530932064655,-0.0825242903566,-0.000171192925132,-0.127790260059,-0.00929243252457,0.0374304785896,-0.0134251145134,0.573998916583,0.818841012513,0.00232096717095,0.0,0.818802092605,-0.573938243793,-0.011780168031,0.0,-0.00831415296931,0.00866238324113,-0.99992791639,0.0,0.656229427405,0.253812591533,0.3035847177,1.0,-0.01488,-0.0195565714286,0.745
0.460980743469,0.51679993899,-0.124098930682,-1.40418638298,0.0766247677821,1.91191495939,0.152931744111,-0.0094580502891,-0.0788840571724,-0.000369514898634,-0.123707753788,-0.00729867820184,0.0468696611029,-0.0100154368682,0.574000058648,0.818840242239,0.00231025154951,0.0,0.818801150992,-0.573939393145,-0.0117896154276,0.0,-0.00832802752064,0.00865904328812,-0.999927829859,0.0,0.656013959717,0.253540467554,0.303586488865,1.0,-0.01516,-0.0199245714286,0.759
0.460783587342,0.515355702273,-0.124103191927,-1.40649366498,0.0764710684026,1.91279071998,0.152610615895,-0.0144382852046,-0.0819121712909,9.44973287156e-05,-0.122411777249,-0.00866760147679,0.0558009111229,-0.0251225133888,0.573982010613,0.818852892468,0.00231060413499,0.0,0.818813927342,-0.573921472418,-0.0117746672661,0.0,-0.00831577512583,0.00865056858827,-0.999928005182,0.0,0.65573892031,0.253188391732,0.303577145307,1.0,-0.01552,-0.0203977142857,0.777
0.460630113853,0.51422237186,-0.124106682289,-1.40832398832,0.0763676408576,1.91344991704,0.152362536696,-0.00958497514952,-0.0821654693705,8.35793353983e-05,-0.128481183632,-0.00580086711897,0.044539434695,-0.0127963299839,0.573975510969,0.818857529836,0.00228156516621,0.0,0.818818069584,-0.573914962535,-0.0118038807734,0.0,-0.00835643315296,0.00864349169738,-0.999927727426,0.0,0.655510930888,0.252911422621,0.30355770523,1.0,-0.0158,-0.0207657142857,0.791
0.460417616802,0.512727490184,-0.124107759696,-1.41072421583,0.0762246271391,1.91427887769,0.152036926091,-0.0120700357482,-0.0832236166271,0.000729570763492,-0.135253215225,-0.00314321101002,0.0425611706949,-0.0119936891234,0.573970776048,0.818861019831,0.0022193119786,0.0,0.818820591709,-0.573910308222,-0.0118551090841,0.0,-0.0084341630769,0.00862187050636,-0.999927261476,0.0,0.655206647002,0.252539530515,0.303534628806,1.0,-0.01616,-0.0212388571429,0.809
0.460214858501,0.511215508529,-0.124117733526,-1.41316202767,0.0760680466503,1.91518483741,0.151687519662,-0.0100148719323,-0.087125964128,-0.000956103347273,-0.133256609128,-0.0056180846185,0.0514834014882,-0.0175111593272,0.573943131977,0.81888046384,0.00219410522625,0.0,0.818839775225,-0.573882836176,-0.0118600064483,0.0,-0.00845293099651,0.00860375552542,-0.999927259029,0.0,0.654908535372,0.252167650485,0.303512094761,1.0,-0.01652,-0.021712,0.827
0.460023377004,0.509844168576,-0.124118927355,-1.4153541816,0.075934360072,1.91601821991,0.151371597646,-0.0101711499996,-0.0885167437388,-0.000782411340819,-0.135661947012,-0.0110366495436,0.0537194270213,-0.0237394550462,0.573920544667,0.818896271594,0.00220265284593,0.0,0.818855683547,-0.573860206967,-0.0118566134724,0.0,-0.00844548434997,0.00860857460549,-0.999927280475,0.0,0.654643804403,0.251834392034,0.303500970974,1.0,-0.01684,-0.0221325714286,0.843
0.459821366747,0.508345353966,-0.124122335058,-1.41772849537,0.075789013609,1.91686173257,0.151056363448,-0.0126024587225,-0.0853949069299,-0.000631249072404,-0.14363102496,-0.0109029618561,0.0527594901951,-0.0161184043854,0.573903233859,0.818908480099,0.00217400289708,0.0,0.818867470594,-0.573842962868,-0.0118771407084,0.0,-0.00847891822713,0.00859671522834,-0.999927099559,0.0,0.654325438562,0.251450691475,0.303494102294,1.0,-0.0172,-0.0226057142857,0.861
0.459614439787,0.506901208115,-0.124122602444,-1.41998415957,0.0756405657232,1.9176767028,0.150729855384,-0.0128453757854,-0.0837259819745,-0.000547896782643,-0.135363880242,-0.00706385646763,0.0479233504618,-0.0200588342422,0.573893077587,0.818915600327,0.00217300265828,0.0,0.818874568108,-0.573832802035,-0.0118787168886,0.0,-0.00848088965112,0.00859669551931,-0.99992708301,0.0,0.654064827353,0.251119158076,0.30349977142,1.0,-0.0175,-0.023,0.876
0.459396816348,0.505301425287,-0.124131252077,-1.42244054725,0.0754874810927,1.91860686289,0.150403969928,-0.0110776549334,-0.0915957949767,-0.000287344090037,-0.142044676623,-0.00679687286632,0.0538020823545,-0.0246033205982,0.573896204515,0.818913251962,0.00223139085827,0.0,0.818873034864,-0.573835753591,-0.0118417724436,0.0,-0.0084170945812,0.00862334009019,-0.999927392626,0.0,0.653768749531,0.250739762147,0.303529708927,1.0,-0.01784,-0.0234468571429,0.893
0.45914168554,0.503467950927,-0.124131339595,-1.42520595228,0.0753096970981,1.91966823695,0.150013769526,-0.0155500229959,-0.093481811707,0.0012964151412,-0.144221860508,-0.00891066575881,0.0541288920474,-0.0141946299111,0.573879964261,0.818924339546,0.00233658326475,0.0,0.818885578303,-0.573819200886,-0.0117763000461,0.0,-0.00830328225967,0.00867174394553,-0.999927925583,0.0,0.653438515566,0.2503122677,0.30358622854,1.0,-0.01822,-0.0239462857143,0.912
0.458918148048,0.501876965955,-0.124143256322,-1.42756559713,0.0751627573536,1.92054044458,0.14968888899,-0.0123015372747,-0.098046152367,0.000401390488772,-0.151658767827,-0.00987585017525,0.0529700967374,-0.0191067368576,0.573886608727,0.818919433411,0.00242256214398,0.0,0.81888183301,-0.573825569695,-0.0117262965997,0.0,-0.00821292218921,0.00871352447989,-0.99992830863,0.0,0.653153558984,0.249935735278,0.303649790484,1.0,-0.01854,-0.0243668571429,0.928
0.458686918203,0.50015531315,-0.124136961234,-1.43015416467,0.074994312695,1.92144689324,0.149317986615,-0.0175560513433,-0.100502534678,0.00210180981169,-0.148324157574,-0.0108221687902,0.0473807029421,-0.0197704533389,0.573853838376,0.818942297,0.0024562709268,0.0,0.818905076463,-0.573792618338,-0.0117155360458,0.0,-0.00818511546233,0.00873462622825,-0.999928352528,0.0,0.652821650394,0.249538463691,0.303697362461,1.0,-0.01888,-0.0248137142857,0.945
0.458466411795,0.498668390291,-0.124141232754,-1.43247504684,0.0748484162799,1.92229788095,0.148990580053,-0.0131441529063,-0.100540344165,0.000549413240707,-0.154712891916,-0.00593572189323,0.0539074951455,-0.0190983130108,0.573848002485,0.818946350709,0.00246811797285,0.0,0.818909276471,-0.573786731971,-0.0117102530208,0.0,-0.00817405300738,0.00874123830391,-0.999928385241,0.0,0.652534494035,0.249170570097,0.303703653471,1.0,-0.01918,-0.025208,0.96
0.458201623192,0.496992008167,-0.124141952896,-1.43511835897,0.0746837461645,1.92327559245,0.148589645362,-0.0199438772237,-0.104368346257,0.000266802945388,-0.160018303548,-0.0145015419893,0.0564135293983,-0.0302248209571,0.573826629598,0.818961303927,0.00247562834851,0.0,0.818924292613,-0.573765297446,-0.0117103934852,0.0,-0.00817008678191,0.00874725623077,-0.999928365029,0.0,0.652209930557,0.248745787795,0.303698921274,1.0,-0.01952,-0.0256548571429,0.977
0.457933912752,0.495334988096,-0.124145447141,-1.43781726116,0.0745183113532,1.92420338819,0.148197526352,-0.0167119114602,-0.0908233048815,-0.000879094425873,-0.157765385939,-0.0106510560371,0.0571131746714,-0.0285451627795,0.573818649789,0.818967180019,0.00237951830686,0.0,0.818928757786,-0.573757502296,-0.0117798612912,0.0,-0.00828221276054,0.00870832773429,-0.999927782382,0.0,0.651861537275,0.248307396059,0.303649460862,1.0,-0.01986,-0.0261017142857,0.994
0.457663701256,0.493650531304,-0.124148187548,-1.44058961418,0.0743405125346,1.92519387897,0.147817340946,-0.0133593787709,-0.102105942153,-0.00029927949967,-0.167177429254,-0.0109420244288,0.064547341144,-0.0302493171337,0.57382189079,0.818965161255,0.00229111364115,0.0,0.818925535368,-0.573761024828,-0.0118321938838,0.0,-0.00837576412073,0.00866599017894,-0.999927370957,0.0,0.651508393035,0.247861837813,0.303588971859,1.0,-0.0209457142857,-0.0275286530612,1.011
0.457358312122,0.491686453294,-0.124148319507,-1.44371526099,0.0741451354596,1.92635670759,0.147377247126,-0.0185320491142,-0.111522269635,0.000101315838889,-0.179291182599,-0.00981590974094,0.0653718783654,-0.024464307711,0.573815593547,0.818969578833,0.00228920275533,0.0,0.818929888746,-0.573754695107,-0.0118378233754,0.0,-0.00838153776567,0.00866759108216,-0.999927308703,0.0,0.651118828853,0.247365615573,0.3035689856,1.0,-0.022684,-0.0298132571429,1.029
0.457063083847,0.489829895402,-0.124157264397,-1.44671059509,0.0739566244673,1.92740302536,0.146953862499,-0.0205398913092,-0.120234896662,-0.000514459759607,-0.185568361789,-0.0153325803215,0.0719579120034,-0.0311766890209,0.573815232527,0.818970055528,0.00220770678979,0.0,0.818929205923,-0.573754554302,-0.0118917621028,0.0,-0.00847247836589,0.00863179599326,-0.999926851929,0.0,0.650732267838,0.246878413068,0.303525604341,1.0,-0.0242291428571,-0.0318440163265,1.045
0.456721032593,0.487672916458,-0.124170333246,-1.45007204291,0.0737525709326,1.92865500975,0.146467118453,-0.0228588197906,-0.134930850575,-0.00158458468669,-0.199544728347,-0.00826872872257,0.0858407135463,-0.0333158541171,0.573818092459,0.818967945148,0.00224688412122,0.0,0.818927573771,-0.573757225372,-0.0118752748333,0.0,-0.00843646585729,0.00865444953917,-0.999926960606,0.0,0.650317036794,0.246330363997,0.303533735585,1.0,-0.0258708571429,-0.0340016979592,1.062
0.456364708444,0.485510103266,-0.124191396735,-1.45337168711,0.0735492282618,1.92993622386,0.145975386653,-0.0243358404874,-0.133375281598,-0.00362827032034,-0.210509736151,-0.0118692992108,0.0865055826527,-0.02742164788,0.573830869391,0.818958663354,0.00236388510919,0.0,0.818919933772,-0.573769670311,-0.011800610271,0.0,-0.00830804639014,0.0087075547356,-0.999927574805,0.0,0.649926228495,0.245777950756,0.303576927913,1.0,-0.027416,-0.0360324571429,1.078
0.455991279184,0.483236930568,-0.124227320365,-1.45689400693,0.0733254862341,1.9311394941,0.145433264479,-0.0236940644691,-0.144571036205,-0.00731946005279,-0.224744818878,-0.00624010567385,0.0826208804271,-0.0314238434352,0.573830637403,0.818958953248,0.00231934752418,0.0,0.818919624484,-0.573769588268,-0.0118260354942,0.0,-0.00835442742399,0.00868566791514,-0.999927378721,0.0,0.649474647123,0.245172868943,0.303583341153,1.0,-0.0289611428571,-0.0380632163265,1.094
0.455524291773,0.480364098326,-0.124272816422,-1.46136609391,0.0730503289843,1.93272865163,0.14476367627,-0.0236496610463,-0.151238234567,-0.00152904141236,-0.235371768191,-0.0174281538045,0.0852502048657,-0.0402210105059,0.573841561068,0.81895133809,0.00230554385057,0.0,0.818911810546,-0.573780544043,-0.0118355704444,0.0,-0.00837004119685,0.00867994642479,-0.999927297827,0.0,0.648907830198,0.244414987601,0.303585930454,1.0,-0.030796,-0.0404747428571,1.113
0.45508418313,0.477797150222,-0.12428263499,-1.46526833346,0.072810639609,1.93416724757,0.144196332853,-0.0275620028317,-0.169126236991,-0.00130441910499,-0.251053336655,-0.0152214652484,0.0947156244386,-0.0351783673962,0.573869173217,0.818931733406,0.00239477615913,0.0,0.818893307987,-0.573807749582,-0.0117967603356,0.0,-0.00828675981742,0.0087310313707,-0.999927546727,0.0,0.648423619755,0.243754683143,0.303631723823,1.0,-0.0323411428571,-0.0425055020408,1.129
0.454599995182,0.474972827441,-0.124296989968,-1.4696012448,0.0725440940777,1.93577336991,0.143588781335,-0.031618052763,-0.170958753281,-0.000444516870022,-0.262041894984,-0.0189707648793,0.102491137281,-0.0378716121255,0.573915708393,0.818898876763,0.00247713504495,0.0,0.818861480733,-0.573853926926,-0.0117597969608,0.0,-0.00820872889253,0.00877773167271,-0.999927781491,0.0,0.647883540774,0.243023006569,0.303663768736,1.0,-0.0339828571429,-0.0446631836735,1.146
0.454101460016,0.472021585563,-0.124304190407,-1.474171288,0.072257035535,1.93734090406,0.142910320224,-0.0252564394986,-0.173217812319,0.000357573163704,-0.270626750186,-0.0145348732155,0.0921746282565,-0.0422228326139,0.573914204621,0.818900048994,0.00243770226374,0.0,0.818861899968,-0.573852314901,-0.0118091644439,0.0,-0.00827180351244,0.00877375764833,-0.999927296579,0.0,0.647279766317,0.242254857279,0.303665276332,1.0,-0.0356245714286,-0.0468208653061,1.163
0.453614909047,0.469106151606,-0.124307424852,-1.47857272987,0.0719824858161,1.93900117584,0.142210892114,-0.0279435475189,-0.184893352662,-0.000646133028912,-0.27450195738,-0.0127887549674,0.104221446309,-0.0425338904031,0.573877580361,0.818925257734,0.00258687175998,0.0,0.818889033223,-0.573815127845,-0.0117344460997,0.0,-0.00812540458607,0.00885266689041,-0.999927801438,0.0,0.646727529141,0.241524596769,0.303727998432,1.0,-0.0371697142857,-0.0488516244898,1.179
0.453045145026,0.4656992536,-0.124304549328,-1.48374570779,0.0716243042579,1.94088566031,0.141382437096,-0.0321603119097,-0.187377302295,0.00112504245935,-0.291968506291,-0.0174482476527,0.101197073331,-0.0492914283482,0.57380977848,0.818972488314,0.00267365030957,0.0,0.818937525868,-0.573747174544,-0.0116728458157,0.0,-0.00802589479593,0.00888771675741,-0.999928294181,0.0,0.646060011867,0.24066213255,0.303779639767,1.0,-0.038908,-0.0511362285714,1.197
0.452571934476,0.462973725403,-0.124313797533,-1.48803740009,0.0713456054642,1.94235228205,0.140760399876,-0.0382993461725,-0.198990618855,0.000410770477783,-0.303604488049,-0.0186045858061,0.111566604796,-0.0473611912554,0.573820367181,0.818965338519,0.00258986755502,0.0,0.818929150206,-0.573757908156,-0.0117327180224,0.0,-0.00812288878694,0.00885356105809,-0.999927813962,0.0,0.645442941762,0.239882870129,0.303746985038,1.0,-0.0403565714286,-0.0530400653061,1.212
0.451938450704,0.459358348906,-0.124315249387,-1.49365476639,0.0709622871078,1.94430480261,0.139926046236,-0.0369564849252,-0.20486711428,0.00398963843811,-0.306941985068,-0.0204863890516,0.10274879399,-0.0461609941523,0.57381187789,0.818971458422,0.00253495213882,0.0,0.818934451515,-0.573749506758,-0.0117734666637,0.0,-0.00818786326667,0.00883188469613,-0.999927475724,0.0,0.644730968523,0.238981868972,0.303728138394,1.0,-0.0419982857143,-0.0551977469388,1.229
0.45133432312,0.456083603822,-0.124329753008,-1.49884361925,0.0706160773725,1.94616025404,0.139120009463,-0.0362608194445,-0.202244571487,-0.00167012172146,-0.32821717062,-0.0267704617704,0.116080544415,-0.0505961044765,0.573801800837,0.818978705562,0.00247388219314,0.0,0.818940880721,-0.573739633137,-0.0118073770784,0.0,-0.00825078498701,0.00880122694368,-0.999927228828,0.0,0.644047708614,0.238085732561,0.303672134404,1.0,-0.0435434285714,-0.0572285061224,1.245
0.450654716787,0.452430937493,-0.124369348487,-1.5044996765,0.0702171977828,1.94814351883,0.138212919771,-0.0393210817898,-0.222469196404,-0.0040797082085,-0.332673158602,-0.0232478097763,0.129498812118,-0.0567692946401,0.573792922662,0.818985050156,0.00243237028462,0.0,0.818946892098,-0.573731132403,-0.0118034967583,0.0,-0.0082715200792,0.00876491373936,-0.999927376484,0.0,0.643303029479,0.237077475862,0.303662163059,1.0,-0.0451851428571,-0.0593861877551,1.262
0.449867075091,0.448100189893,-0.124412758387,-1.51098152246,0.0697914507462,1.95048912375,0.13723487466,-0.0436998241124,-0.233169086001,-0.00215902302737,-0.350451470585,-0.0229708241928,0.116920227315,-0.0517413308273,0.573845701891,0.81894759565,0.00258706424041,0.0,0.818911567418,-0.573783463945,-0.0117101730832,0.0,-0.00810575947081,0.00883857949436,-0.999928085502,0.0,0.642461042023,0.235930152961,0.303751794995,1.0,-0.04702,-0.0617977142857,1.281
0.449216192175,0.444618843974,-0.124423407687,-1.51634580326,0.0694194573304,1.95226590606,0.136440692213,-0.041503433941,-0.229961443482,-0.00167709814531,-0.361306620486,-0.022449236469,0.122336685903,-0.0512129297231,0.57387314627,0.818928667896,0.00248913431742,0.0,0.818891221271,-0.573811104676,-0.011778402941,0.0,-0.00821753713108,0.00879780877995,-0.999927532696,0.0,0.641717985037,0.234982438015,0.303737647248,1.0,-0.0484685714286,-0.0637015510204,1.296
0.448426522305,0.440398049551,-0.124434879228,-1.52288264567,0.0689601660641,1.95458031345,0.135374859893,-0.0461896093749,-0.23509507088,0.00115378125157,-0.36747075282,-0.0245938813964,0.125185610668,-0.0610961550886,0.573818466139,0.818967044646,0.00246872510307,0.0,0.818929408548,-0.573756588542,-0.0117791264888,0.0,-0.00823042757708,0.00878096094349,-0.999927574771,0.0,0.640834112203,0.233840351001,0.303714818869,1.0,-0.0502068571429,-0.065986155102,1.314
0.447721442804,0.436777414274,-0.12444382392,-1.52845730665,0.0685923730595,1.95656765557,0.134476386068,-0.0454188385115,-0.245719144324,0.000992725572797,-0.374063432051,-0.0200207444158,0.133900040165,-0.0583830740826,0.573814222753,0.818969892197,0.00251004846416,0.0,0.818932632059,-0.573752019387,-0.0117775760794,0.0,-0.00820549281816,0.00881387095359,-0.999927490154,0.0,0.6400340111,0.232787132018,0.303715573338,1.0,-0.051752,-0.0680169142857,1.33
0.446880945012,0.432488658706,-0.124476037231,-1.534855588,0.0681484672262,1.95890720121,0.133449687493,-0.0526989104773,-0.245663623964,-0.00137260897596,-0.380796153404,-0.033516299439,0.136589079728,-0.0607655677732,0.573837442144,0.818953115589,0.00267046109787,0.0,0.818918248304,-0.573774997026,-0.0116577134684,0.0,-0.00801503127128,0.00887669270623,-0.999928479243,0.0,0.639243679298,0.231689434678,0.303791077784,1.0,-0.0532971428571,-0.0700476734694,1.346
0.445902057882,0.427645760437,-0.124514268678,-1.54242952721,0.0675845442385,1.96135805957,0.132253667161,-0.0588907321493,-0.251394988164,-0.0055651882771,-0.401735871161,-0.0266665126029,0.129009487537,-0.0671254752244,0.573854274964,0.818942154633,0.00240111883823,0.0,0.818903803203,-0.573792820268,-0.01179438043,0.0,-0.00828133001315,0.00873470914907,-0.999927559591,0.0,0.638167678295,0.230295907968,0.303698550086,1.0,-0.055132,-0.0724592,1.365
0.445057299481,0.423381086127,-0.12455871117,-1.54887404926,0.0671136982679,1.96356363266,0.13116522692,-0.0559290956439,-0.257067701038,-0.000618855636963,-0.398604338086,-0.0252643823654,0.144554594752,-0.0712191534658,0.573828971364,0.818959896604,0.00239713961725,0.0,0.818921702103,-0.573767754922,-0.011770987107,0.0,-0.00826472408919,0.00871777092319,-0.9999278448,0.0,0.637276741156,0.229108182063,0.303723209135,1.0,-0.0566771428571,-0.0744899591837,1.381
0.444112892659,0.418790028892,-0.124575476096,-1.555831521,0.0666386245306,1.96598826529,0.130061242226,-0.0549712276495,-0.267207625439,-0.00143607017047,-0.405864633397,-0.0225708392248,0.146592264318,-0.0697814692528,0.573870405727,0.818930733769,0.00244082387074,0.0,0.818892989568,-0.573808896553,-0.0117630257205,0.0,-0.00823269533757,0.00874939435227,-0.999927832809,0.0,0.636313955183,0.227833350853,0.303739060556,1.0,-0.0583188571429,-0.0766476408163,1.398
