position_joint1,position_joint2,position_joint3,position_joint4,position_joint5,position_joint6,position_joint7,velocity_joint1,velocity_joint2,velocity_joint3,velocity_joint4,velocity_joint5,velocity_joint6,velocity_joint7,ee_T_00,ee_T_10,ee_T_20,ee_T_30,ee_T_01,ee_T_11,ee_T_21,ee_T_31,ee_T_02,ee_T_12,ee_T_22,ee_T_32,ee_T_03,ee_T_13,ee_T_23,ee_T_33,v_x,v_y,time
0.465095058762,0.547542507469,-0.124000606603,-1.35574395406,0.0794305547608,1.89411160137,0.159151634984,-0.00102833857455,-0.000947328627479,-0.000353102197105,0.00028558310738,-0.000267267876398,0.000303528413734,0.00120046170526,0.573766873972,0.819003969351,0.00219531794217,0.0,0.818964805443,-0.57370813513,-0.0116777580411,0.0,-0.00830481831968,0.00849836247747,-0.999929401422,0.0,0.661707135242,0.260900884343,0.303427081699,1.0,0.0,0.0,0.0
0.465097736859,0.547543536446,-0.124000945388,-1.35574868597,0.0794299444093,1.89411080176,0.159146544161,0.000341009630529,-0.00232660519883,-0.000267840454502,-0.000319695654996,-0.000347751872163,0.000197420752937,-0.00255470364611,0.573760842341,0.819008210431,0.00218950768456,0.0,0.81896897188,-0.573702126651,-0.0116807480021,0.0,-0.00831066330876,0.00849525823025,-0.999929379238,0.0,0.661705276972,0.260901730898,0.303424040793,1.0,-0.00034,-0.000446857142857,0.018
0.465097129828,0.547543965137,-0.124000270176,-1.35575248554,0.0794305547608,1.89410850334,0.159143810911,0.000984547564263,-0.000279135091618,-0.000144659899148,-0.000408018552332,-0.000100970685898,-0.000355847194019,-0.00151717843856,0.573758984362,0.819009524949,0.00218467592253,0.0,0.818970208089,-0.573700270994,-0.0116852139807,0.0,-0.00831711251269,0.00849384453335,-0.999929337626,0.0,0.661703904932,0.260901205024,0.303421707374,1.0,-0.0006,-0.000788571428571,0.031
0.465091785276,0.547485896747,-0.124000235582,-1.35579783092,0.0794317192246,1.8941158826,0.159146137426,0.000123008354749,-0.00275666966623,-0.000368484779365,-0.00782401505073,0.000357798809981,-0.000472303469057,-0.00135478245684,0.573767971011,0.81900317464,0.00220505607478,0.0,0.81896407653,-0.573709133765,-0.0116798154505,0.0,-0.00830090494072,0.00850752952108,-0.999929355964,0.0,0.661697836785,0.260893760313,0.30344190146,1.0,-0.00102,-0.00134057142857,0.052
0.46509422389,0.547383406984,-0.12399457974,-1.3558987478,0.0794289779659,1.89412945551,0.159148529971,-0.000534117929835,-0.0100535486722,0.0012540533921,-0.00507758350414,0.000452399749989,0.00248538334702,0.000625480168263,0.573768672826,0.81900263437,0.00222303373404,0.0,0.818963682765,-0.573709679597,-0.0116806142508,0.0,-0.00829123750321,0.00852271851897,-0.999929306826,0.0,0.661678333422,0.26088849125,0.303467454597,1.0,-0.00126,-0.001656,0.064
0.465082229536,0.547208055301,-0.124002611551,-1.35613189815,0.0794224190604,1.89418842666,0.159140319373,-0.000911783247391,-0.00600167381398,-0.00144135390318,-0.0130975014634,-0.000357223883276,0.00315147876972,-0.000966779980509,0.573788469875,0.818988752133,0.00222769378001,0.0,0.818949800594,-0.573729394809,-0.0116855697218,0.0,-0.0082924164149,0.00852957876804,-0.999929238554,0.0,0.661646612357,0.260853473054,0.303486063537,1.0,-0.00168,-0.002208,0.085
0.465063827205,0.547086301025,-0.123998062427,-1.356293894,0.0794202562528,1.89427552981,0.15913405927,-0.00537632277175,-0.00703970049946,0.00760457294519,-0.0160095356242,0.000429675835306,0.00809924575491,-0.000565995918544,0.573803878608,0.818977834579,0.0022720616642,0.0,0.818939404437,-0.573744581634,-0.0116684963536,0.0,-0.00825281569974,0.00855627402611,-0.999929338107,0.0,0.661633934411,0.260831871633,0.303502610371,1.0,-0.00194,-0.00254971428571,0.098
0.465038208982,0.546847456621,-0.123990183995,-1.3565404392,0.0794129411223,1.89441581236,0.159124101667,-0.000794015671824,-0.0182049584882,0.00244072413259,-0.0105382723854,-0.000702702539388,0.00883723378154,0.000105405006345,0.57382321868,0.818963945357,0.00239098513977,0.0,0.81892701805,-0.573763449404,-0.0116099154787,0.0,-0.00813639895528,0.00862024736575,-0.999929742706,0.0,0.661616963137,0.260801709757,0.303566345737,1.0,-0.00234,-0.00307542857143,0.118
0.465014157472,0.546692076665,-0.124000925731,-1.35675036415,0.0794055665121,1.89451153465,0.159115926158,-0.00117109055368,-0.010602329544,-0.00155047752011,-0.0135642355996,0.000186936207479,0.00548201061128,0.00132010668211,0.573853597597,0.818942556412,0.00242584504877,0.0,0.818906111212,-0.573793734371,-0.0115878521615,0.0,-0.00809800649464,0.00863643626475,-0.999929914674,0.0,0.661601160778,0.260762010822,0.303585128727,1.0,-0.0026,-0.00341714285714,0.131
0.464969628923,0.546378004301,-0.123998142626,-1.3571943631,0.0793854252017,1.89467551439,0.159073353166,-0.00194862212343,-0.0182453033213,-0.00109073683216,-0.021630354366,-0.00116272020799,0.0023515890058,-0.0030054225815,0.573872691545,0.818929075586,0.00245966659949,0.0,0.818892997714,-0.573812632602,-0.0115787677563,0.0,-0.0080709571993,0.00865910908682,-0.999929937285,0.0,0.661552396622,0.260693455738,0.303610326393,1.0,-0.00302,-0.00396914285714,0.152
0.464940202426,0.546172047505,-0.123998144615,-1.35752304869,0.0793648279375,1.89479000131,0.158962452485,-0.00495314994785,-0.0117207304146,0.000735572831544,-0.0246165420246,-0.00101359858784,0.00797485723111,-0.011761947773,0.57381885906,0.818966816536,0.0024530188085,0.0,0.818930641508,-0.573758817947,-0.0115831829819,0.0,-0.008078956865,0.00865566775785,-0.999929902479,0.0,0.661514069515,0.260642111859,0.303609623656,1.0,-0.00328,-0.00431085714286,0.165
0.464894499301,0.545825265843,-0.124001171999,-1.35809024372,0.0793168589416,1.89499092487,0.158924192388,-0.00223472654819,-0.0233824132187,0.000129382985745,-0.0277786001218,-0.00441640169821,0.0107168845732,0.000355126425162,0.573849235138,0.818945583423,0.00243590349613,0.0,0.81890928119,-0.573789350911,-0.0115808835325,0.0,-0.00808657362677,0.00864063149735,-0.999929970955,0.0,0.661445695523,0.260549477939,0.303607517376,1.0,-0.0037,-0.00486285714286,0.186
0.464856857129,0.545577057473,-0.124003774933,-1.35849420513,0.0792821967594,1.89513267741,0.158887802146,-0.00241703656132,-0.0174638804249,-0.00121419469277,-0.0309287220094,-0.00523597038743,0.0160205541792,0.00152577107422,0.57386222416,0.818936562104,0.00240869933608,0.0,0.818900021741,-0.573802554968,-0.0115814163949,0.0,-0.00810248349146,0.00861878724835,-0.999930030686,0.0,0.661402809555,0.260486134168,0.303598432482,1.0,-0.00394,-0.00517828571429,0.198
0.464783691635,0.545130486194,-0.123998839996,-1.35926434359,0.0792481486931,1.89537782557,0.158762939533,-0.00352465034055,-0.0221297607733,0.000514662013981,-0.0405861410732,-0.000228313558571,0.00625481104771,-0.00594713665678,0.573850239831,0.81894512973,0.00235024228501,0.0,0.818907641052,-0.573790577456,-0.0116359593808,0.0,-0.00818082289295,0.00860209506383,-0.999929536566,0.0,0.661306408232,0.260366171243,0.303569055035,1.0,-0.00436,-0.00573028571429,0.219
0.464739272784,0.544822825661,-0.123998839781,-1.35980217368,0.0792257175413,1.89555350421,0.158734446733,-0.00379225040439,-0.0213635442608,-0.000606503680163,-0.0428055503958,-0.00203868167251,0.0197498397616,-0.00387816170931,0.573887259,0.818919307008,0.00230856389753,0.0,0.818881158453,-0.573827618311,-0.0116730328596,0.0,-0.00823471280074,0.00858960968737,-0.999929201549,0.0,0.661238783043,0.260285285284,0.303546044381,1.0,-0.00462,-0.006072,0.232
0.464654482836,0.544298366165,-0.124007397262,-1.36069085901,0.0791865586707,1.89585422953,0.15858867176,-0.00351509164664,-0.0281215736141,-0.00162272995233,-0.0444396700579,-0.000586660490859,0.0239831595186,-0.00852389522246,0.57388236653,0.818922870412,0.0022602219709,0.0,0.818883961294,-0.57382276711,-0.0117148104126,0.0,-0.00829671908135,0.00857394771904,-0.999928823403,0.0,0.661134483014,0.260139731569,0.303520555623,1.0,-0.00504,-0.006624,0.253
0.464605146817,0.543933465299,-0.124001745549,-1.36127584561,0.0791588631985,1.89606412632,0.158533362201,-0.00146596912715,-0.0261218985115,0.00172640229011,-0.0431433649482,-0.00528504015935,0.0124470093772,0.00155706745585,0.57389872941,0.818911413347,0.00225662851086,0.0,0.818872350613,-0.573839030985,-0.0117297409044,0.0,-0.00831083719366,0.00857973928108,-0.999928656485,0.0,0.66106448497,0.260055503801,0.303518324315,1.0,-0.0053,-0.00696571428571,0.266
0.464521801871,0.543350525672,-0.124009861448,-1.36224157516,0.0790942220043,1.8964021398,0.158394350292,-0.00747691763729,-0.0304627076448,0.000396054392883,-0.048660368489,-0.00162297318833,0.0158196666265,-0.00866842436484,0.573895338915,0.818913909752,0.00221252963401,0.0,0.818874333064,-0.573835868219,-0.0117460587255,0.0,-0.00834954276614,0.00855295675253,-0.999928563482,0.0,0.660952140272,0.259901204942,0.303500613334,1.0,-0.0057,-0.00749142857143,0.286
0.464458140445,0.542904190934,-0.12401092785,-1.36294626546,0.079055456927,1.89664834162,0.158305171751,-0.0050736916019,-0.0313874196537,0.000257800163292,-0.0532762556786,0.000635663267545,0.0214624519838,-0.00580964146796,0.573903984995,0.818907873139,0.00220413685729,0.0,0.818868134016,-0.57384449059,-0.0117569814938,0.0,-0.00836321393536,0.00855244062725,-0.999928453647,0.0,0.660869678229,0.259791158891,0.30350228719,1.0,-0.00598,-0.00785942857143,0.3
0.464372755687,0.542235471967,-0.124014052968,-1.36400726359,0.0789889173917,1.89703180716,0.158180281865,-0.00373069730808,-0.037098226104,9.03512966147e-05,-0.0554907647259,-0.00188904276773,0.0227855287798,-0.00938097778416,0.573915023989,0.818900164033,0.00219396626962,0.0,0.818860308654,-0.573855583392,-0.0117605791977,0.0,-0.0083718816252,0.00854628953165,-0.999928433706,0.0,0.660745906664,0.259631017324,0.303503541188,1.0,-0.00638,-0.00838514285714,0.32
0.464308414394,0.541768364839,-0.124014777286,-1.36473308888,0.078946934351,1.89729749698,0.158072405612,-0.012912592238,-0.0336518292411,0.0016710965535,-0.0595759343892,-0.000115283566563,0.0161577656092,-0.0136077527052,0.573908968308,0.818904389749,0.00220078307734,0.0,0.818864598604,-0.573849477484,-0.011759814861,0.0,-0.00836740689187,0.00855137120603,-0.999928427715,0.0,0.660663064703,0.259519299444,0.303511408091,1.0,-0.00664,-0.00872685714286,0.333
0.464205976488,0.540974396497,-0.124024735092,-1.36593278941,0.0788705262736,1.89774729576,0.157912282495,-0.00784150335904,-0.0417705319958,-0.000950158522154,-0.0589927709517,-0.00734489958763,0.018154080213,-0.0072544167704,0.573914861404,0.818900170521,0.00223371447706,0.0,0.818860888655,-0.573855328192,-0.0117326142948,0.0,-0.00832617119694,0.0085627879888,-0.999928674224,0.0,0.660530019195,0.259332035612,0.303540980292,1.0,-0.00706,-0.00927885714286,0.354
0.464139407646,0.540489191568,-0.124020508206,-1.36666835298,0.0788294876501,1.89802155171,0.157831758859,-0.00579851143378,-0.0404667971716,-3.23469539537e-05,-0.0607148570851,-0.000236309543055,0.0249196400727,-0.0130059082727,0.573930258152,0.818889316402,0.00225680336877,0.0,0.818850282009,-0.573870582111,-0.0117267873886,0.0,-0.00830798779977,0.00857850735102,-0.999928690733,0.0,0.660446258113,0.259221546088,0.303557452875,1.0,-0.0073,-0.00959428571429,0.366
0.464018034826,0.539607556488,-0.124023700604,-1.36803860061,0.0787549445046,1.89852970804,0.157660433961,-0.00806897965406,-0.0427246774602,0.00168614198795,-0.0636618818877,-0.00206898996281,0.019873174719,-0.00846797330896,0.573947524105,0.818877160115,0.00227664609123,0.0,0.818838315939,-0.573887701743,-0.0117245486377,0.0,-0.00829458559553,0.00859364616749,-0.999928672004,0.0,0.660290581692,0.259010886858,0.303572422822,1.0,-0.00772,-0.0101462857143,0.387
0.463932945674,0.538991860129,-0.124026908323,-1.36899653367,0.0786978444186,1.89888395034,0.157541249774,-0.00749362437358,-0.0411645632719,0.000881501900098,-0.0622285340266,-0.00778082322613,0.0261574158122,-0.00608686797709,0.573959536701,0.818868713943,0.00228614450472,0.0,0.8188299929,-0.573899677134,-0.0117196507993,0.0,-0.00828499729663,0.00859873458393,-0.99992870775,0.0,0.660181896708,0.258862020832,0.303582260993,1.0,-0.008,-0.0105142857143,0.401
0.46380169624,0.538137278856,-0.124033124484,-1.37033827397,0.0786206143654,1.89939994785,0.157373768389,-0.00617406839198,-0.0466445209568,-0.00307878811619,-0.07560862376,-0.00473525508946,0.0285857987023,-0.0150414042948,0.57398778854,0.818848844763,0.00230974859102,0.0,0.818810439937,-0.573927847872,-0.0117062286205,0.0,-0.00826016177814,0.00861064431953,-0.999928810732,0.0,0.660036509288,0.258646242804,0.303592175557,1.0,-0.00838,-0.0110137142857,0.42
0.463720753472,0.537483832864,-0.124044383656,-1.37135848512,0.0785623968214,1.89978741962,0.157246429084,-0.00602434347418,-0.0496606020696,-0.00201999048903,-0.0723177183066,-0.0110191865594,0.025117231397,-0.00396451480908,0.573998442151,0.818841331749,0.00232566759088,0.0,0.818803160538,-0.57393846956,-0.0116946292872,0.0,-0.00824141439479,0.00861712887259,-0.999928909562,0.0,0.659921461467,0.258490636942,0.303601974707,1.0,-0.00866,-0.0113817142857,0.434
0.463592175107,0.536512306582,-0.124047797347,-1.37288362436,0.0784725342164,1.9003546641,0.157068292785,-0.00634686237475,-0.0494711901075,0.000130445079561,-0.0756711545711,-0.00880896650083,0.0285402392275,-0.00797469427237,0.574020188347,0.81882605619,0.00233665911038,0.0,0.818788012593,-0.573960156934,-0.0116908334667,0.0,-0.00823176831846,0.00862416893957,-0.999928928325,0.0,0.659745644434,0.25825948168,0.303611199128,1.0,-0.00906,-0.0119074285714,0.454
0.463508002923,0.535819216961,-0.124060565036,-1.37397903474,0.0784089014871,1.90076003059,0.156926144389,-0.00705492674484,-0.0528160479469,-0.00357855785741,-0.0751668227745,-0.000768713575673,0.0243804682953,-0.0127403163684,0.57402487942,0.818822766778,0.0023369455175,0.0,0.81878475245,-0.57396487315,-0.0116876193754,0.0,-0.00822892262876,0.00862260567158,-0.999928965229,0.0,0.659618780054,0.258092821969,0.303614542594,1.0,-0.00934,-0.0122754285714,0.468
0.463360778849,0.534777126936,-0.124058451521,-1.37563699468,0.0783137182933,1.90136061025,0.1567215071,-0.00572018580949,-0.050425693899,-0.000366125818569,-0.0817532119076,-0.00399632537692,0.0301860567192,-0.0112189310214,0.574041813337,0.818810924873,0.00232653187388,0.0,0.818772684846,-0.573981748533,-0.0117042642737,0.0,-0.00824835142821,0.00862380387114,-0.999928794818,0.0,0.659423746569,0.257839179163,0.303612681751,1.0,-0.00974,-0.0128011428571,0.488
0.463266199266,0.534090163503,-0.12406166762,-1.37677326416,0.0782509801309,1.90177099165,0.156590417676,-0.00715493469061,-0.052958713328,-0.00247511910589,-0.0873348166809,-0.0105558466759,0.0356349477076,-0.0164028808508,0.574059637353,0.818798518782,0.00229462500647,0.0,0.818759798624,-0.573999620298,-0.0117292350812,0.0,-0.00828692597753,0.00861219295678,-0.999928575944,0.0,0.659288142455,0.257666784222,0.303592126017,1.0,-0.01,-0.0131428571429,0.501
0.463101084832,0.532943744718,-0.124061647941,-1.37860048803,0.0781465110321,1.90245756913,0.156359741633,-0.00689050718665,-0.0539703610743,-0.000476321331338,-0.0899750261636,-0.00784441420487,0.0360331629597,-0.0102396024459,0.574077970513,0.818785646919,0.00230110226827,0.0,0.818746948746,-0.574017862347,-0.0117334788648,0.0,-0.00828648981845,0.00862011815865,-0.999928511269,0.0,0.659078390461,0.257385787045,0.303590391777,1.0,-0.01042,-0.0136948571429,0.522
0.463007166013,0.532270882495,-0.124058863917,-1.37967856432,0.0780929321626,1.9028646292,0.156226227902,-0.0102048690132,-0.0486922422981,-0.000742373694513,-0.0876545148854,-0.00802988413872,0.0369741312166,-0.0113156479953,0.574089774642,0.81877738195,0.0022970330831,0.0,0.818738535522,-0.574029581102,-0.0117472282424,0.0,-0.00829995964695,0.00862479917096,-0.999928359188,0.0,0.658940736109,0.257210135102,0.303580743576,1.0,-0.01068,-0.0140365714286,0.535
0.462843234444,0.531053786528,-0.124059838623,-1.38165100825,0.0779589029081,1.90357827992,0.155968652856,-0.00957867416802,-0.0601406183185,-0.000359984604504,-0.0977686062344,-0.00476270930452,0.0293190397342,-0.00812791380619,0.57408361328,0.818781795368,0.0022635016524,0.0,0.818742571051,-0.574023607029,-0.0117578834346,0.0,-0.00832799786505,0.00860339901121,-0.999928310419,0.0,0.658716921528,0.256925353589,0.303567666885,1.0,-0.01108,-0.0145622857143,0.555
0.462728340214,0.530208342972,-0.12406734697,-1.38298821481,0.0778906977538,1.90404760618,0.155795796043,-0.00949190534665,-0.0611354857204,-0.00030896332838,-0.0915487927674,-0.00225766808605,0.0363290856083,-0.0139657100648,0.574095735742,0.818773332815,0.0022500168357,0.0,0.818733804392,-0.574035646457,-0.0117805366345,0.0,-0.00835416021722,0.00860548637273,-0.999928074219,0.0,0.658555621229,0.256718501024,0.303567792218,1.0,-0.01136,-0.0149302857143,0.569
0.462556381574,0.528922695372,-0.124070546211,-1.38503233861,0.0777481531314,1.90480483393,0.155521476536,-0.0070459181551,-0.0625024026819,0.0017494632086,-0.0961246724171,-0.0091593301405,0.043745956523,-0.011279440571,0.574086763811,0.818779660191,0.00223664401538,0.0,0.818740108702,-0.574026881921,-0.0117694577899,0.0,-0.00835285967814,0.00858808544594,-0.999928234687,0.0,0.658315492082,0.256406000233,0.303566050506,1.0,-0.01178,-0.0154822857143,0.59
0.462453427553,0.528155416161,-0.124070989917,-1.38622722348,0.0776763157104,1.90526009056,0.155356446623,-0.00335441303001,-0.0584415893213,-0.000453635108559,-0.102687326213,-0.00152858196489,0.0305964123403,-0.00944937039801,0.574081721609,0.818783132347,0.00225964615234,0.0,0.818743877966,-0.574021750906,-0.0117574947334,0.0,-0.00832991270219,0.00859999984859,-0.99992832371,0.0,0.65817739231,0.256225479979,0.303577017364,1.0,-0.01202,-0.0157977142857,0.602
0.462289727754,0.526810028908,-0.124073848482,-1.38829014708,0.077549232802,1.90605676807,0.155071608608,-0.00995945989037,-0.0764461152504,-0.000873242363632,-0.105387115776,-0.00711655239082,0.0451991539181,-0.0146729353335,0.574062008545,0.818796773381,0.0023240368462,0.0,0.818758404169,-0.574001849324,-0.0117174859149,0.0,-0.00826039724986,0.00862955434447,-0.999928645769,0.0,0.657938113279,0.255922378033,0.303611189898,1.0,-0.01242,-0.0163234285714,0.622
0.462164052408,0.525863723908,-0.124079298987,-1.38977551581,0.0774538932009,1.90660915371,0.154875018649,-0.0103248298329,-0.071206507366,8.95803534955e-05,-0.110259869357,-0.0086624436315,0.0413882936244,-0.0117443955978,0.574062228348,0.818796600829,0.00233052706488,0.0,0.818758369657,-0.574002101286,-0.0117075504284,0.0,-0.00824853387233,0.00862916716575,-0.999928747043,0.0,0.657763512831,0.255694712303,0.303618044426,1.0,-0.0127,-0.0166914285714,0.636
0.461973481136,0.524420378729,-0.124088579322,-1.39205092019,0.0773000062647,1.90742156786,0.154557290314,-0.00515149887865,-0.072526777529,-0.000774975336727,-0.108654516181,-0.0121076623709,0.036810240989,-0.0170910735901,0.574045378832,0.818808490689,0.00230337101524,0.0,0.818770012658,-0.573985464701,-0.0117089531707,0.0,-0.00826544792621,0.00860756729627,-0.999928793543,0.0,0.657488526295,0.255343135259,0.303620822923,1.0,-0.01312,-0.0172434285714,0.657
0.461869734995,0.523579321937,-0.124095413993,-1.39340835698,0.0772181312572,1.90791114079,0.154384901898,-0.0078153323865,-0.0721623736093,-0.00110409454691,-0.113038137498,-0.00325217418693,0.0428988473037,-0.0119075505876,0.574044779846,0.818808979996,0.00227857653951,0.0,0.818770167638,-0.573984945277,-0.0117235695324,0.0,-0.00829165502045,0.00859564987937,-0.999928679087,0.0,0.657321718119,0.25514086461,0.30360870223,1.0,-0.01336,-0.0175588571429,0.669
0.46167598147,0.522070789718,-0.124093866574,-1.39580611828,0.0770729283643,1.90883005234,0.154063633292,-0.0133958239839,-0.0728386110788,-0.00141889791506,-0.113501660549,-0.00571924273599,0.0415711401034,-0.0139888166513,0.574028773049,0.81882013677,0.00230178901497,0.0,0.818781617393,-0.573968845172,-0.0117121600151,0.0,-0.00826915648959,0.00860794510543,-0.999928759628,0.0,0.657037328824,0.254788493067,0.30360724196,1.0,-0.01378,-0.0181108571429,0.69
0.461547661171,0.521125353827,-0.124096799654,-1.39733435994,0.0769869254705,1.90941505356,0.153851060336,-0.00858232261541,-0.0744799789373,-6.82380394532e-05,-0.124393842159,-0.00387045037441,0.0437035748693,-0.00924305760638,0.574020532914,0.818825905087,0.00230474575789,0.0,0.818787376498,-0.573960545505,-0.0117162789219,0.0,-0.0082709188008,0.00861264722324,-0.999928704563,0.0,0.65685675877,0.254559273288,0.30359486883,1.0,-0.01404,-0.0184525714286,0.703
0.461352030306,0.519611841964,-0.124105684908,-1.39972833818,0.0768364826944,1.91029594847,0.153533624691,-0.00314723704599,-0.0775760109675,-0.00071070363141,-0.123798632013,-0.00887301031753,0.0471809782955,-0.00924704113218,0.574014017483,0.818830487472,0.00229943900541,0.0,0.818791927425,-0.573954089587,-0.0117145009073,0.0,-0.00827257734028,0.00860721553943,-0.999928737613,0.0,0.656567302746,0.254196817122,0.303594889434,1.0,-0.01444,-0.0189782857143,0.723
0.461217857491,0.518567442939,-0.124111734676,-1.40131013419,0.0767277468742,1.91086033659,0.153318600395,-0.0124168628189,-0.0876856160173,-0.000483206229021,-0.125921173558,-0.00201202650843,0.043344977594,-0.0198088248152,0.574006509731,0.81883570505,0.00231556099053,0.0,0.818797440465,-0.573946612869,-0.0116954677226,0.0,-0.00824781696717,0.00860941577736,-0.999928923212,0.0,0.656374935501,0.253951941435,0.30362416318,1.0,-0.0147,-0.01932,0.736
0.461012565819,0.516973772368,-0.12411528684,-1.40380474694,0.0765587788437,1.91176509415,0.15297721349,-0.00816734478697,-0.081242025693,-0.000954029492401,-0.127460110357,-0.0111863990939,0.0471317578244,-0.0141994399864,0.57398390572,0.818851569179,0.00230879397472,0.0,0.818813314606,-0.573924138638,-0.0116869933436,0.0,-0.00824499898695,0.00859878288589,-0.999929037944,0.0,0.656069102233,0.25357413856,0.30363349268,1.0,-0.0151,-0.0198457142857,0.756
0.460861779862,0.515886631641,-0.124118562168,-1.40557076885,0.076454889296,1.91242823049,0.152731913274,-0.0090822369582,-0.0808322682761,-0.000507841676971,-0.125652665724,-0.0034313531126,0.0522966124817,-0.0136180326593,0.573974282158,0.818858354217,0.0022947879849,0.0,0.818819879414,-0.573914527896,-0.0116990019849,0.0,-0.00826297243621,0.00859410975058,-0.999928929757,0.0,0.655856086333,0.253306196027,0.303613015215,1.0,-0.01538,-0.0202137142857,0.77
0.46063762755,0.514250259074,-0.124122358704,-1.40818513751,0.0762926344315,1.91339351798,0.152381705062,-0.0153539803197,-0.0779285817705,0.00104958179547,-0.13449379385,-0.00674440249316,0.0458609470222,-0.019458245007,0.573967700009,0.818863009111,0.00228003428711,0.0,0.818824334366,-0.573907992555,-0.0117077936958,0.0,-0.00827870866593,0.00858700830376,-0.999928860605,0.0,0.655537635507,0.252907522657,0.303599632589,1.0,-0.01578,-0.0207394285714,0.79
0.460486397851,0.513193762754,-0.124123020515,-1.40991289651,0.0761997108205,1.91399697738,0.152130291281,-0.00857646132657,-0.0784227279941,-2.86056382654e-06,-0.135808706325,-0.00288115631957,0.0492281704303,-0.029785609277,0.573951768241,0.818874315834,0.0022292380274,0.0,0.818834789389,-0.573892055883,-0.0117576690559,0.0,-0.00834887195099,0.00857387766939,-0.999928389915,0.0,0.65531856757,0.252642811512,0.303569992015,1.0,-0.01604,-0.0210811428571,0.803
0.460244540012,0.511438995696,-0.124134377901,-1.41274279072,0.0760186296771,1.91501795065,0.151731121813,-0.0186053931578,-0.0832595627355,-0.000315842082957,-0.138463934798,-0.00952260813168,0.0507652888811,-0.0178151413336,0.573930164832,0.818889602573,0.00217522297094,0.0,0.818849405688,-0.573870694781,-0.0117823332594,0.0,-0.00840029521424,0.00854358099706,-0.999928218556,0.0,0.654968200128,0.252205040782,0.303541017891,1.0,-0.01646,-0.0216331428571,0.824
0.460112884509,0.510476318094,-0.124137581899,-1.41423134182,0.0759319511418,1.91558922187,0.151528139157,-0.00870127625886,-0.0885423793287,-0.000111150846739,-0.13944220711,-0.00872943576181,0.054698762095,-0.0272447650416,0.573928507306,0.818890658834,0.00221456042991,0.0,0.818850953052,-0.57386886553,-0.0117638753534,0.0,-0.00836262136343,0.00856518324667,-0.999928349533,0.0,0.654791268707,0.251977691223,0.303556103139,1.0,-0.01668,-0.0219222857143,0.835
0.459838046934,0.508463191977,-0.124139061309,-1.41742427102,0.0757251650768,1.91675162731,0.151079717603,-0.0103750022088,-0.0845326688045,0.000589071523289,-0.135833092008,-0.012733245321,0.0463299365122,-0.0181780591751,0.573897499771,0.818912448789,0.00219268709361,0.0,0.818872476723,-0.573837964124,-0.0117730496274,0.0,-0.00838301120123,0.00855221951357,-0.999928289761,0.0,0.65439448692,0.251490043401,0.303545902278,1.0,-0.01714,-0.0225268571429,0.858
0.459691060358,0.507385426294,-0.124142487119,-1.41912357534,0.0756189454775,1.91736499382,0.150839646108,-0.00977358342539,-0.0931230730511,-0.000893900013482,-0.141068698303,-0.0104092185464,0.054055298078,-0.0159892991629,0.5738830345,0.818922609244,0.00218396068183,0.0,0.818882503887,-0.573823514024,-0.0117799185964,0.0,-0.00839379528723,0.00854886721394,-0.999928227959,0.0,0.654182277658,0.25122890759,0.303544171103,1.0,-0.01738,-0.0228422857143,0.87
0.459419433178,0.505435994489,-0.124149463984,-1.4221401856,0.075421216771,1.91850268025,0.150428168282,-0.0112760381894,-0.0937014706134,0.00054943586064,-0.143588415472,-0.0130684264119,0.0596173824305,-0.0194738069122,0.5738759313,0.818927451509,0.0022341756761,0.0,0.818888119791,-0.573816343703,-0.0117387335383,0.0,-0.00833132502665,0.00856628148774,-0.999928601374,0.0,0.653818432974,0.250760183071,0.303569927943,1.0,-0.0178,-0.0233942857143,0.891
0.459252582225,0.504193894631,-0.124153370604,-1.42402747318,0.0753136314185,1.91923205898,0.150166552207,-0.00737005015737,-0.100050126701,8.18775942986e-05,-0.146026429043,-0.00883174709274,0.0543587706832,-0.0185313543274,0.573869512255,0.818931743265,0.00230860940185,0.0,0.818893336218,-0.573809603473,-0.0117042625314,0.0,-0.00826044891225,0.00860739000423,-0.999928836378,0.0,0.653592370439,0.250473313999,0.303602806543,1.0,-0.01806,-0.023736,0.904
0.45896462575,0.50211856643,-0.124158354442,-1.42709475295,0.0751110397781,1.92038437201,0.149735445973,-0.0172419721107,-0.100430479344,3.34289215655e-05,-0.148333593502,-0.00581416560131,0.05489573311,-0.0191804813413,0.573858211159,0.818939288306,0.00243771535488,0.0,0.81890268194,-0.573797969606,-0.0116204340825,0.0,-0.00811783018961,0.00866489998358,-0.999929507686,0.0,0.653223881207,0.249991163085,0.303691948699,1.0,-0.01848,-0.024288,0.925
0.458780570167,0.500833052444,-0.124162513141,-1.42907693828,0.0749871113993,1.92106770346,0.149457799968,-0.0152868152706,-0.0947660111019,-0.000400359023509,-0.156409063958,-0.00677615868597,0.0482773939413,-0.0180769639846,0.573852031952,0.818943651,0.00242668755167,0.0,0.818906835058,-0.573791759213,-0.0116344082638,0.0,-0.0081356680983,0.00866382665089,-0.999929372012,0.0,0.652970461208,0.24967677094,0.303705007665,1.0,-0.01874,-0.0246297142857,0.938
0.458494944771,0.498814013393,-0.124160020251,-1.43214328374,0.074784991777,1.92218850204,0.149023533382,-0.0135826174689,-0.100277812085,-0.00159212090878,-0.16067405521,-0.0149099236182,0.0566487456201,-0.0248272131611,0.57383468135,0.818955658704,0.00247678374153,0.0,0.818919524923,-0.573774269372,-0.0116037239078,0.0,-0.00808197617771,0.00868707302912,-0.999929605734,0.0,0.652570353157,0.249169351455,0.303747198653,1.0,-0.01916,-0.0251817142857,0.959
0.458283578408,0.497446978404,-0.124159994629,-1.43433151792,0.0746597387172,1.92299820854,0.148709777167,-0.0128671154651,-0.0976585171578,0.000239861949127,-0.150942273825,-0.00447992994466,0.0543176646915,-0.0243764495727,0.573823280837,0.818963642131,0.00247833375758,0.0,0.818927403573,-0.573762730646,-0.0116182399801,0.0,-0.00809309640223,0.00869655944792,-0.999929433332,0.0,0.652317761637,0.248853469153,0.303732635527,1.0,-0.01942,-0.0255234285714,0.972
0.45793394956,0.495292065799,-0.124160718347,-1.43780831723,0.0744421676743,1.92419704395,0.148194061504,-0.0200504524698,-0.0938343092527,0.000778013121976,-0.15815380725,-0.00870743573602,0.0518512487843,-0.0239410417919,0.573804261719,0.818977277806,0.00237372515973,0.0,0.81893951233,-0.573743907924,-0.011694022714,0.0,-0.00821538671112,0.00865418401454,-0.999928803726,0.0,0.651871013496,0.248287607816,0.30368330027,1.0,-0.01986,-0.0261017142857,0.994
0.45776135326,0.494207539593,-0.12416559163,-1.43959344015,0.0743285067349,1.92483735212,0.147953610141,-0.0174595033681,-0.100903162317,-0.00155476302466,-0.163319543173,-0.0126718651795,0.0561983861582,-0.0164312509498,0.573811301475,0.818972503867,0.00231842834744,0.0,0.818934000756,-0.573751130364,-0.0117256007314,0.0,-0.00827290298431,0.00862708811645,-0.999928563662,0.0,0.651644588538,0.24800008088,0.303644658965,1.0,-0.0202085714286,-0.0265598367347,1.005
0.457430835468,0.492123900982,-0.124167405868,-1.44292550947,0.0741138194888,1.92606562151,0.147481513122,-0.0133119366612,-0.10643493195,-0.000519494249876,-0.169429135821,-0.0156624687458,0.060847581941,-0.020960579781,0.573805166954,0.818976918711,0.0022768171303,0.0,0.818937899128,-0.573745177556,-0.0117445947135,0.0,-0.00831239918076,0.00860384661851,-0.999928436361,0.0,0.651207297303,0.247435260052,0.303603336792,1.0,-0.0214085714286,-0.0281369795918,1.026
0.457201545561,0.490725956826,-0.124168804949,-1.44518818376,0.0739682113393,1.92685411587,0.147165016765,-0.0176939413612,-0.104335725964,0.000578176549544,-0.176010387426,-0.0161546367026,0.0622031274409,-0.0200311011238,0.573808648877,0.818974616767,0.00222676149957,0.0,0.818934859552,-0.573748759867,-0.0117814796694,0.0,-0.0083712923216,0.00858405281638,-0.999928115167,0.0,0.650937667327,0.247095221374,0.303579572917,1.0,-0.0220942857143,-0.0290382040816,1.038
0.456815529102,0.488341468804,-0.124178504135,-1.44899838982,0.0737254294995,1.9282300092,0.146613000061,-0.0181086281577,-0.119786031177,0.000760718682217,-0.181437599962,-0.0157479261849,0.060126306487,-0.0289422160837,0.573803326834,0.818978476165,0.00217820875047,0.0,0.818938053916,-0.573743592202,-0.0118110607781,0.0,-0.00842343342204,0.00856120883281,-0.999927873135,0.0,0.650456626674,0.246472593129,0.30354340796,1.0,-0.0232942857143,-0.0306153469388,1.059
0.456556475154,0.486767982118,-0.124186305616,-1.45140261459,0.073573866078,1.92917562321,0.146266459491,-0.0184604867036,-0.12289283365,-0.00302276753303,-0.181325771329,-0.0136912828947,0.0658644487053,-0.0275756416938,0.573815630185,0.818969604714,0.00227068497359,0.0,0.818930478774,-0.573755635048,-0.0117511313104,0.0,-0.00832116127334,0.0086026815791,-0.999928373507,0.0,0.650173210342,0.246075053317,0.303574374765,1.0,-0.0240371428571,-0.0315916734694,1.072
0.456139864109,0.484241532783,-0.124207875468,-1.45524386597,0.0733339831272,1.93056518734,0.145684610571,-0.0223603868135,-0.132096032768,-0.000325428972011,-0.198215235923,-0.0128345898427,0.0693978090371,-0.0256510125612,0.573819980555,0.818966385055,0.0023317305437,0.0,0.818928044259,-0.573759748,-0.0117199318476,0.0,-0.00826053613009,0.00863481684578,-0.999928599191,0.0,0.649696862173,0.245425628076,0.303621027565,1.0,-0.02518,-0.0330937142857,1.092
0.455832789134,0.482413362513,-0.12422458648,-1.45806874023,0.0731508420734,1.93150832719,0.145263524762,-0.0203078428871,-0.131568710404,-0.00114410737811,-0.203148171218,-0.0139935283623,0.0673328112494,-0.0331136307016,0.573826831476,0.818961720702,0.00228350719488,0.0,0.818922687827,-0.573766710372,-0.0117533115717,0.0,-0.00831547195602,0.00861454724499,-0.999928318682,0.0,0.649329003929,0.244940715572,0.303626970598,1.0,-0.02598,-0.0341451428571,1.106
0.455388982176,0.47972493762,-0.124240256116,-1.46223242024,0.0728969863176,1.9330634562,0.144636894883,-0.0243918367053,-0.134739234118,-0.00211698663391,-0.203508688831,-0.0175395078867,0.0778314216221,-0.0321853405405,0.573823115645,0.818964134558,0.00235056615807,0.0,0.81892593037,-0.573762699758,-0.0117231324578,0.0,-0.0082523167255,0.0086521105499,-0.999928517571,0.0,0.648812134658,0.244250543742,0.303644143172,1.0,-0.0271228571429,-0.0356471836735,1.126
0.455082598188,0.477914471704,-0.1242488057,-1.46499687677,0.0727266443507,1.93406733083,0.144243353818,-0.0249214210434,-0.146571542639,-0.00163188257448,-0.216823967481,-0.0172692614046,0.0798301835698,-0.0300690947273,0.573845869877,0.81894806587,0.0023937280703,0.0,0.818910365093,-0.573785231967,-0.0117076223651,0.0,-0.0082146070324,0.00867878656182,-0.999928596898,0.0,0.648464728889,0.24378419854,0.303669650983,1.0,-0.0278657142857,-0.0366235102041,1.139
0.454569151048,0.474902916339,-0.124259001622,-1.46962711567,0.0724336817522,1.93575907134,0.143588673766,-0.0224827861261,-0.149377277652,-0.00121033778769,-0.221922563559,-0.0157200222692,0.0871874888133,-0.0292363735965,0.573881468143,0.8189229455,0.00245290783848,0.0,0.818885972209,-0.573820567391,-0.0116819458897,0.0,-0.00815924166023,0.00871287182779,-0.999928753782,0.0,0.647880865322,0.243004986468,0.303697069572,1.0,-0.0290657142857,-0.0382006530612,1.16
0.454244790446,0.47298829622,-0.124259238174,-1.4725970777,0.0722521371876,1.93677813268,0.143151169259,-0.0240583956424,-0.145010018641,-0.000387210150332,-0.235340557579,-0.0120290863255,0.0780177575778,-0.0358008404828,0.573881909739,0.818922709366,0.00242830382935,0.0,0.818885203234,-0.573820871117,-0.011720865841,0.0,-0.00820522976802,0.0087150627394,-0.999928358377,0.0,0.647487710217,0.242508892959,0.303695867392,1.0,-0.0298085714286,-0.0391769795918,1.173
0.453735474039,0.469968448881,-0.124257615819,-1.47723276977,0.0719501541446,1.93847552732,0.142435598835,-0.0255390827981,-0.154077383921,-0.000192673283307,-0.23547598671,-0.0121307129459,0.0952381058874,-0.0353923242558,0.573850632829,0.818944430406,0.00249359375969,0.0,0.81890774666,-0.573789333901,-0.0116897246862,0.0,-0.00814259419253,0.00875034762691,-0.999928562236,0.0,0.646894424259,0.241738651086,0.303723054609,1.0,-0.0309514285714,-0.0406790204082,1.193
0.453394969201,0.467934610976,-0.124260198027,-1.48030187939,0.0717537728139,1.93966181355,0.141938688044,-0.0263641318181,-0.156263972917,-0.0012761526465,-0.238941714849,-0.00707119657888,0.0921306595965,-0.0475858598214,0.573811078072,0.81897173562,0.00262485019935,0.0,0.818936838206,-0.573749413802,-0.011610861001,0.0,-0.00800311480761,0.00881219685344,-0.99992914516,0.0,0.646482475616,0.241192503619,0.303773556696,1.0,-0.0317514285714,-0.0417304489796,1.207
0.452808906956,0.464565001412,-0.124263395794,-1.48552746867,0.0713832895148,1.94143157457,0.141153649222,-0.0273323844775,-0.161026920369,0.000405143060946,-0.253488977612,-0.0181718669214,0.0866489388371,-0.0459441943723,0.573799620872,0.818980062826,0.00252956173715,0.0,0.818943924489,-0.573738284733,-0.0116608780136,0.0,-0.00809887612444,0.00876274530949,-0.999928808716,0.0,0.645814001031,0.240337554117,0.303759524727,1.0,-0.0328942857143,-0.0432324897959,1.227
0.452430484914,0.462466511108,-0.12426966428,-1.48886783776,0.07116865204,1.94261273842,0.140662259373,-0.0263990824793,-0.162887116205,0.000228499359813,-0.254892589948,-0.0158344757861,0.0934187030286,-0.0395593314501,0.573809389658,0.818973383472,0.00247556159498,0.0,0.818936440686,-0.573748134213,-0.0117017735674,0.0,-0.00816324941271,0.00874208346211,-0.999928466109,0.0,0.645372984924,0.239768680009,0.303718474357,1.0,-0.0336371428571,-0.0442088163265,1.24
0.451798400142,0.458967160828,-0.124270107028,-1.4943133133,0.070798938017,1.94452894921,0.139845222936,-0.0305391061703,-0.165741659198,0.000152960764788,-0.259302844662,-0.0152706453041,0.0879186908475,-0.0389161972701,0.573809458972,0.818973440805,0.0024402769212,0.0,0.818935993524,-0.573748282742,-0.0117257606197,0.0,-0.00820313976372,0.00872695098303,-0.99992827184,0.0,0.644652449449,0.23883529884,0.303701869726,1.0,-0.0348371428571,-0.0457859591837,1.261
0.451411776998,0.456941284405,-0.124276853453,-1.49752133854,0.0705871735264,1.94567208654,0.139340695464,-0.0330329326259,-0.168290876673,-0.00026387530676,-0.268560616561,-0.0221120235229,0.0977019980064,-0.0430565057381,0.573807873692,0.818974664146,0.00240218186227,0.0,0.81893667675,-0.573746790503,-0.0117510324135,0.0,-0.00824571244608,0.0087102374532,-0.999928067408,0.0,0.644231927416,0.238274251876,0.303667812124,1.0,-0.0355228571429,-0.0466871836735,1.273
0.450718007304,0.453265706664,-0.124334906583,-1.50328495116,0.0701824388434,1.94764552474,0.138443552781,-0.0336717423386,-0.176510261,-0.00180199064389,-0.271891792694,-0.0242750764322,0.0950028836176,-0.0374022703008,0.573835757029,0.818955482152,0.00227796154374,0.0,0.818916073683,-0.573775341837,-0.0117927208605,0.0,-0.0083508360142,0.00863271043223,-0.999927867323,0.0,0.643467623674,0.237232082389,0.303623003487,1.0,-0.0367228571429,-0.0482643265306,1.294
0.450266690651,0.450665960348,-0.124364969743,-1.50711308866,0.0699377471212,1.94911686525,0.137845817548,-0.0344095983269,-0.18599235769,0.000450736970954,-0.269171344576,-0.019288637165,0.108691422413,-0.0314455109827,0.573845501264,0.818948074896,0.00247754010598,0.0,0.818911425204,-0.573784520791,-0.0116682591518,0.0,-0.00813428081745,0.00872483190111,-0.999928852861,0.0,0.642987793555,0.236567618226,0.303713280299,1.0,-0.0375228571429,-0.049315755102,1.308
0.449576110547,0.446906755165,-0.124377334357,-1.51278379102,0.06953753943,1.95102812125,0.137007402154,-0.0324220473259,-0.18830896732,0.00076396266637,-0.285105808853,-0.0209000119128,0.0955356130788,-0.0398619482228,0.573877603142,0.818925618581,0.00246469974333,0.0,0.818888799211,-0.573816661399,-0.0116756382853,0.0,-0.00814735038881,0.00871887019283,-0.999928798457,0.0,0.642215898311,0.235564882331,0.303757161649,1.0,-0.0386657142857,-0.0508177959184,1.328
0.449127271343,0.444447686148,-0.124378739702,-1.51655209749,0.0692746856141,1.9523603931,0.136429627989,-0.0320083734885,-0.18957241136,0.000409136345756,-0.286194579626,-0.0186564468969,0.0975410914165,-0.0434232115318,0.573868827175,0.81893173623,0.00247537766661,0.0,0.818895076322,-0.573807870662,-0.0116674094717,0.0,-0.00813457732384,0.00872280511395,-0.999928868131,0.0,0.641707227912,0.234913590663,0.303763140453,1.0,-0.0394085714286,-0.051794122449,1.341
0.448363953743,0.440470772834,-0.124383434397,-1.52272142251,0.0688542154492,1.95456732404,0.135420550171,-0.039725495376,-0.188916464391,-0.00086436796559,-0.2956795732,-0.0170753778426,0.108033131095,-0.0536411466012,0.573821544208,0.818964886458,0.00246922108532,0.0,0.81892813193,-0.573760599834,-0.0116720055189,0.0,-0.00814237766951,0.00871993072728,-0.999928829714,0.0,0.640916215067,0.23388926918,0.303736765155,1.0,-0.0405514285714,-0.0532961632653,1.361
0.447866581331,0.437938662845,-0.124394718667,-1.52666616441,0.0685865332768,1.95593426065,0.134786187418,-0.0375158873876,-0.194522851862,-0.00312058122012,-0.302324960289,-0.0212783566223,0.102483292274,-0.0461271831094,0.573824373006,0.81896301487,0.00243230772338,0.0,0.818925700155,-0.573763475112,-0.0117012458591,0.0,-0.00818747588887,0.00870650700109,-0.999928578437,0.0,0.640341520857,0.233126275774,0.303710517563,1.0,-0.0413514285714,-0.0543475918367,1.375
0.44702978549,0.433673553197,-0.124402070222,-1.53305633705,0.0681519150138,1.95819208448,0.133771403633,-0.0387273666893,-0.19758064308,0.00010831085269,-0.304821516177,-0.0175590425117,0.113377941639,-0.04779930065,0.573842175212,0.818950216581,0.0025392146288,0.0,0.818914247805,-0.57378084766,-0.0116507725637,0.0,-0.00808460564594,0.00876527246725,-0.999928902048,0.0,0.639481912054,0.231976769696,0.303775319337,1.0,-0.0425514285714,-0.0559247346939,1.396
0.446536906093,0.431242957569,-0.124417420764,-1.53681050522,0.0678672937937,1.95950744464,0.133176270883,-0.0381905640077,-0.202635211833,0.00340454823126,-0.316801576338,-0.0276825867445,0.111434087383,-0.049374805477,0.573852133275,0.818943330669,0.00250942020623,0.0,0.818907191947,-0.573791143652,-0.0116396454237,0.0,-0.00809248270639,0.00873458577927,-0.999929106855,0.0,0.63897333391,0.231288699264,0.303759840907,1.0,-0.0432371428571,-0.0568259591837,1.408
