position_joint1,position_joint2,position_joint3,position_joint4,position_joint5,position_joint6,position_joint7,velocity_joint1,velocity_joint2,velocity_joint3,velocity_joint4,velocity_joint5,velocity_joint6,velocity_joint7,ee_T_00,ee_T_10,ee_T_20,ee_T_30,ee_T_01,ee_T_11,ee_T_21,ee_T_31,ee_T_02,ee_T_12,ee_T_22,ee_T_32,ee_T_03,ee_T_13,ee_T_23,ee_T_33,v_x,v_y,time
0.465072677326,0.547676668136,-0.123963794235,-1.35574533855,0.0794725969301,1.89409394511,0.159180758578,-0.000423875535962,-0.00124901370079,0.000558881426844,-6.53020990098e-05,-0.00031973992775,0.000431605404704,0.00205949822015,0.573794680712,0.818984754125,0.00209375255295,0.0,0.818943689365,-0.573735738423,-0.011801822134,0.0,-0.00846441469777,0.00848665159784,-0.999928162634,0.0,0.661694767073,0.260911043424,0.303328703345,1.0,0.0,0.0,0.0
0.465072677219,0.547679081427,-0.123966457494,-1.35574283352,0.0794721410035,1.89409395771,0.159172453076,3.46834574717e-05,0.000226996207133,0.000721345793995,-3.79936545643e-06,0.000237802646899,0.0002136132401,-0.000862839256792,0.573789486738,0.818988395293,0.00209288919348,0.0,0.818947338603,-0.573730567827,-0.0117999591864,0.0,-0.00846343808059,0.00848482191918,-0.999928186428,0.0,0.661695917374,0.260909694719,0.303328274466,1.0,-0.00024,-0.000315428571429,0.013
0.465074986828,0.547677023024,-0.123964359805,-1.35574641838,0.0794728530977,1.89409126804,0.159177132925,0.00128447902441,0.00137145105325,0.00112391534943,-0.000878048380007,0.000131749188313,-0.00701314859789,0.000875914643628,0.573790324422,0.818987814694,0.00209042666197,0.0,0.818946702124,-0.573731391192,-0.0118040985641,0.0,-0.00846823253024,0.00848518893166,-0.999928142722,0.0,0.661693488759,0.260911970353,0.303327724513,1.0,-0.00056,-0.000736,0.029
0.465066349913,0.547640332466,-0.1239694013,-1.35577863506,0.0794728530977,1.89409673226,0.159176060326,-0.000495539659115,-0.00117914466434,-0.000972210357748,-0.00467853956143,6.14630405352e-05,0.000219329988167,0.0012368764368,0.573801772657,0.81897977091,0.00209938993686,0.0,0.818938775551,-0.573742803414,-0.0117993360611,0.0,-0.00845907053973,0.00848991522953,-0.999928180153,0.0,0.661691575182,0.260900368143,0.303339023909,1.0,-0.00092,-0.00120914285714,0.047
0.46507331894,0.547506299606,-0.123966948273,-1.35590964913,0.0794672678614,1.89412574968,0.159175492155,-0.00110737666207,-0.0115962937225,-0.000993774846161,-0.00705878915041,-0.000530209922123,0.000319137689723,0.00134924714017,0.573799517774,0.818981270309,0.00213053664073,0.0,0.818940623271,-0.573740369845,-0.0117894218396,0.0,-0.00843310315753,0.00850971140915,-0.999928231216,0.0,0.661668803702,0.260893677889,0.303374042277,1.0,-0.00128,-0.00168228571429,0.065
0.465065224039,0.547392749754,-0.123964394215,-1.35607241669,0.0794699951563,1.89415965842,0.159166029902,-0.00108773225561,-0.00805010954072,-0.00219432398313,-0.0153969651069,-0.000137827401575,0.00244612200914,-0.000605922955286,0.573806255102,0.818976561208,0.00212619341217,0.0,0.81893569811,-0.573746962429,-0.0118106886226,0.0,-0.00845294288724,0.00851842670115,-0.999927989489,0.0,0.661642619972,0.260874711936,0.303379869596,1.0,-0.00158,-0.00207657142857,0.08
0.465049986479,0.547234729285,-0.123972462703,-1.35628439414,0.0794655565291,1.89426580314,0.15915792926,0.000456819767513,-0.0109503859919,-0.000792321268757,-0.0124455206152,9.54822122682e-05,0.0108248897524,0.000435721877905,0.573828580854,0.818960797197,0.00217240660414,0.0,0.818920538956,-0.573769109043,-0.0117858934999,0.0,-0.00840588677398,0.00854227539351,-0.99992818272,0.0,0.661625441075,0.260843371939,0.303400386261,1.0,-0.00192,-0.00252342857143,0.097
0.465030694149,0.547040117234,-0.123967524909,-1.3564863914,0.0794596792884,1.89437509346,0.1591471037,-0.000488550106621,-0.012504150078,-0.00158671584352,-0.00606297301662,-0.000630771842924,0.00729467487069,-0.00455620817059,0.573841921873,0.818951201059,0.00226404199663,0.0,0.818912103352,-0.573782066957,-0.011741103987,0.0,-0.00831648463354,0.00859175448827,-0.999928506363,0.0,0.661610289273,0.260818528671,0.303451407369,1.0,-0.00226,-0.00297028571429,0.114
0.465013066443,0.546833309637,-0.123964775937,-1.35675009123,0.079455497452,1.89451434478,0.159130678927,-0.00106803745858,-0.00648383523307,0.000537038859424,-0.0170635254752,-0.000160367512659,0.0137994696586,-0.00157553066508,0.573854841254,0.818941933747,0.00234034642105,0.0,0.818903767971,-0.57379463856,-0.0117080512008,0.0,-0.00824549461337,0.00863540662414,-0.999928718245,0.0,0.661587247026,0.260788661853,0.303484367438,1.0,-0.0026,-0.00341714285714,0.131
0.464976558667,0.546593081118,-0.123967559985,-1.35711913517,0.0794486487749,1.89464359421,0.159094726154,-0.005284482163,-0.00930727605949,-0.000313790312175,-0.0199605098218,0.000333770779117,0.00766751468255,0.00154631041661,0.573876023958,0.818927066333,0.00234862809225,0.0,0.818888876951,-0.573815650603,-0.01171977943,0.0,-0.00825012387037,0.0086491323644,-0.999928561431,0.0,0.661545250712,0.260729912043,0.303490148653,1.0,-0.00294,-0.003864,0.148
0.464939899674,0.546322315844,-0.123967560962,-1.35752585905,0.0794298046188,1.89479540639,0.158945543662,-0.000303712667088,-0.0187033177977,-0.00157612995301,-0.024309553087,-0.0051910765149,0.00510588467477,-0.0180852822984,0.573801623166,0.818979147546,0.00236644004574,0.0,0.818941131183,-0.573741131981,-0.0117168268038,0.0,-0.00823827144935,0.00866127608271,-0.999928554038,0.0,0.661499962724,0.260668193343,0.303501452507,1.0,-0.00328,-0.00431085714286,0.165
0.464898267701,0.546046001741,-0.123968272038,-1.35796955013,0.0794142036448,1.89494983331,0.158934162485,-0.00452482605593,-0.0160773774467,-0.000487869707791,-0.0231495494845,0.000558500842458,0.00578085778954,-0.000626239213705,0.573847521311,0.818947004203,0.00236082464034,0.0,0.818908808737,-0.573786933675,-0.0117330566065,0.0,-0.0082543001476,0.00866645240098,-0.999928377001,0.0,0.661448103777,0.260599159679,0.303499328487,1.0,-0.0036,-0.00473142857143,0.181
0.464842178885,0.545722203951,-0.123967860982,-1.35850695304,0.0793637052937,1.89513193688,0.15888469316,-0.0085044504767,-0.0206142271915,-0.00344082620663,-0.0352487805092,-0.00992524456085,0.018495113902,-0.00329287602907,0.573869220369,0.818931905008,0.00232374153434,0.0,0.818893357757,-0.573808904226,-0.0117369908144,0.0,-0.00827857205129,0.00863856059479,-0.999928417696,0.0,0.661386926285,0.260506940475,0.30348850248,1.0,-0.00394,-0.00517828571429,0.198
0.464786680865,0.545414168469,-0.123970051338,-1.35904879872,0.0792738365002,1.89530761538,0.158778392005,-0.00729283584593,-0.0256097583873,-0.000455833937078,-0.0357937313702,-0.00253826154123,0.0123403757052,-0.00884268760976,0.57383545825,0.818955790131,0.00224222378473,0.0,0.818916654298,-0.573775939281,-0.0117231274318,0.0,-0.00831434910752,0.00856350547594,-0.999928766449,0.0,0.661325624032,0.260406061529,0.303463835506,1.0,-0.00424,-0.00557257142857,0.213
0.464720518553,0.544993188669,-0.123973269497,-1.35976948379,0.0792635774238,1.89553489854,0.158727396973,-0.00124906495836,-0.0192105608366,-0.00130566467937,-0.0394486184843,-0.00299614046614,0.0155171657743,-0.00779835537283,0.57388745026,0.81891947787,0.0021977489564,0.0,0.818879430287,-0.573827752135,-0.0117871300105,0.0,-0.00839174257743,0.00856434229108,-0.999928112765,0.0,0.66123498642,0.260294188624,0.303438635936,1.0,-0.0046,-0.00604571428571,0.231
0.464647057631,0.544548283725,-0.123971172564,-1.36052149919,0.0792412790829,1.89579749218,0.15860312144,-0.0030752908721,-0.0273094941317,0.00117707564874,-0.0417964496145,-0.0031910048124,0.0117336524272,-0.00776749447362,0.573880362121,0.818924511995,0.0021726773565,0.0,0.818883890199,-0.573820510047,-0.0118297727652,0.0,-0.00844112657768,0.00856820972871,-0.999927663966,0.0,0.661146082364,0.260177619352,0.30341828964,1.0,-0.00496,-0.00651885714286,0.249
0.464584736719,0.544107089791,-0.123979634219,-1.36123951765,0.0792090580277,1.8960547494,0.158544911421,-0.00819292027198,-0.0340003949638,-0.000439374373203,-0.0474636391839,-0.0020197482721,0.0172623502365,-0.00247626866876,0.573921087342,0.818896007114,0.00215915208243,0.0,0.818855136555,-0.573861209822,-0.011845847395,0.0,-0.00846162641897,0.00856677932779,-0.999927502957,0.0,0.661063819604,0.260064325276,0.303411321143,1.0,-0.00528,-0.00693942857143,0.265
0.46451225646,0.54360898565,-0.123975173211,-1.36206325642,0.0791711019466,1.89634183221,0.158428894461,-0.00351902767187,-0.0316828576763,0.000802902398326,-0.0488042023545,-0.000513841613616,0.0134682097053,-0.00489851610314,0.573918032495,0.818898215165,0.0021335599195,0.0,0.818856848665,-0.573858092996,-0.0118784426151,0.0,-0.0085030385396,0.00856449746001,-0.999927171207,0.0,0.660964573621,0.259941098734,0.303396410481,1.0,-0.00562,-0.00738628571429,0.282
0.46444853142,0.543079133201,-0.123988514391,-1.36291255685,0.0791093375101,1.89664072511,0.158321089705,0.000471017299675,-0.032718025832,-0.000865400033982,-0.0449380230879,-0.00338752907991,0.0178556444768,-0.00433215966212,0.573922014667,0.818895493482,0.00210683089478,0.0,0.818853909915,-0.573862313755,-0.011877119585,0.0,-0.00851725283525,0.00854189157427,-0.999927243599,0.0,0.660865651941,0.259807684417,0.303393303835,1.0,-0.00596,-0.00783314285714,0.299
0.464374306078,0.542542891897,-0.123986500894,-1.36377166159,0.0790636118721,1.89693205829,0.158220630842,-0.00244759890905,-0.0367921990542,-0.000153294554796,-0.0534445143284,-0.00358477112504,0.02517369803,-0.00546809743979,0.573934550141,0.818886766071,0.00208408463566,0.0,0.8188447762,-0.573874829593,-0.0119020733772,0.0,-0.008550611288,0.00853771732407,-0.99992699455,0.0,0.660761314164,0.259677235585,0.303388854521,1.0,-0.00628,-0.00825371428571,0.315
0.464285181629,0.541917743687,-0.123984982976,-1.36475554207,0.079011186193,1.89730778987,0.158077722757,-0.00251781890214,-0.0367005592798,0.00076152537297,-0.0534063482275,-0.000870585648132,0.0208904253847,-0.00536090997933,0.573930211293,0.818889761435,0.00210192391533,0.0,0.818847939003,-0.57387035386,-0.0119002795027,0.0,-0.00853894962314,0.00855125063352,-0.99992697856,0.0,0.660651609882,0.259527665565,0.303395156301,1.0,-0.00664,-0.00872685714286,0.333
0.46422160792,0.541316286226,-0.123995182137,-1.36566620337,0.078948391427,1.8976390596,0.157958153297,-0.0056237871405,-0.0361135802105,-0.00111008738014,-0.0600515806715,4.57495216095e-05,0.0246553096303,-0.00447369203459,0.573925208055,0.818893236133,0.00211430264455,0.0,0.81885168114,-0.573865407709,-0.0118812890853,0.0,-0.00851634608539,0.00855043620754,-0.999927178294,0.0,0.660545774529,0.259391879748,0.303415970312,1.0,-0.00696,-0.00914742857143,0.349
0.464129642872,0.540634301278,-0.123992420052,-1.3667084639,0.0788951419351,1.89802876297,0.157843376518,-0.005947235277,-0.0424600703802,0.000621682228895,-0.0639382245677,-0.000533200575719,0.0196188866353,-0.0048708374874,0.573948154513,0.818877073781,0.00214496343377,0.0,0.81883581694,-0.573888126388,-0.0118772971282,0.0,-0.00849524083027,0.00857349071918,-0.999927160417,0.0,0.660427042962,0.259235803883,0.303435655556,1.0,-0.0073,-0.00959428571429,0.366
0.464042104198,0.539906904823,-0.123992728219,-1.36781110849,0.0788323678379,1.89843806974,0.157682002866,-0.00316376674309,-0.0463299418713,0.00134004689996,-0.0648027311175,-0.00135190306224,0.0204682224567,-0.0128174705692,0.573932158935,0.818888202052,0.00217632287931,0.0,0.818847312814,-0.573871966442,-0.0118655522918,0.0,-0.00846779312346,0.008592263613,-0.999927232095,0.0,0.66029935799,0.259074100213,0.303460371594,1.0,-0.00764,-0.0100411428571,0.383
0.463940970771,0.539177261139,-0.123999168658,-1.36895489775,0.0787660310495,1.89888045422,0.157542808119,-0.00756767898777,-0.0461730702762,0.00010151134019,-0.064451192452,-0.000259613204041,0.0223488974251,-0.0106110566269,0.573951166066,0.818874820011,0.00219886878035,0.0,0.818834247881,-0.573890905913,-0.0118511395629,0.0,-0.00844285153119,0.00860265006293,-0.999927353696,0.0,0.660173726164,0.258896683566,0.303470047961,1.0,-0.00798,-0.010488,0.4
0.463835008929,0.538462044983,-0.123996738912,-1.37006143139,0.0786906775699,1.89931588348,0.157411788037,-0.0110595900562,-0.0453213154957,0.000282870140151,-0.0721126934427,-0.00302885805243,0.0248242512165,-0.00151137205585,0.573970044634,0.81886150119,0.0022308367431,0.0,0.818821436259,-0.573909750011,-0.0118237585639,0.0,-0.00840188349212,0.00861330600955,-0.999927607036,0.0,0.660054441958,0.258723542679,0.303486232809,1.0,-0.0083,-0.0109085714286,0.416
0.463717639839,0.537635638255,-0.12400833195,-1.37137729147,0.0786221762786,1.89981782539,0.157240756912,-0.00727458432968,-0.0427309657475,0.000173321811299,-0.0707337045897,-0.000967312925008,0.0272397023768,-0.00605124408271,0.573988631092,0.818848439356,0.00224313246166,0.0,0.818808499568,-0.573928250586,-0.0118216375797,0.0,-0.00839289398246,0.00862234750383,-0.999927604607,0.0,0.659908413552,0.258516977832,0.303487448433,1.0,-0.00866,-0.0113817142857,0.434
0.463609935152,0.536846378362,-0.124011586835,-1.37258961847,0.078558820078,1.90026340441,0.157098652117,-0.0030495176944,-0.0567293421542,-0.000563115837596,-0.0738978740291,-0.0051987872841,0.0289539440132,-0.00290316247178,0.574012515251,0.818831631447,0.00226684325415,0.0,0.818791915382,-0.573951952566,-0.0118195749652,0.0,-0.00837734402972,0.00864082324753,-0.999927575518,0.0,0.659769174884,0.258330458607,0.303506394368,1.0,-0.00898,-0.0118022857143,0.45
0.463494877281,0.536061441566,-0.1240148137,-1.37383074155,0.0784818396161,1.90072942335,0.156945495912,-0.00794149764674,-0.0453927832366,-0.000354644404041,-0.0812940440979,-0.0010682557513,0.0257510230747,-0.00621496580742,0.574029315475,0.818819814806,0.00228095535144,0.0,0.818780324287,-0.573968739574,-0.0118073474428,0.0,-0.00835905391607,0.00864553138576,-0.999927687888,0.0,0.659621305663,0.258122684025,0.303517590582,1.0,-0.00932,-0.0122491428571,0.467
0.46337601105,0.535155840328,-0.124024392463,-1.3752400587,0.0783984387665,1.90124261469,0.156765625059,-0.00575044449682,-0.0528295961902,0.000877047775649,-0.0837249952868,-0.000862286584797,0.0311962111059,-0.0167100814701,0.574043024259,0.818810209936,0.00227888255336,0.0,0.818770684376,-0.573982446274,-0.0118095163323,0.0,-0.00836187495656,0.00864521914552,-0.999927667001,0.0,0.659466066427,0.257916801985,0.30352324751,1.0,-0.00964,-0.0126697142857,0.483
0.463245130074,0.534205605626,-0.124027519736,-1.37677319186,0.0783148762321,1.90180534684,0.156585125621,-0.00541764202683,-0.0557834373583,0.000671461720505,-0.0880778705649,-0.0127652188814,0.0315856209541,-0.0103677358776,0.574066269087,0.818793952901,0.00226457303336,0.0,0.81875414954,-0.574005648931,-0.0118281235568,0.0,-0.00838507976767,0.00864442176045,-0.999927479575,0.0,0.659286074317,0.257683835146,0.303512770333,1.0,-0.01,-0.0131428571429,0.501
0.463114023531,0.533280184294,-0.124028262995,-1.37824611492,0.07822845442,1.90235305833,0.15639529736,-0.0109126074649,-0.0554520727175,0.000761196827315,-0.0910507077274,-0.00597378836426,0.0360232767676,-0.0173893471147,0.57407616643,0.81878701269,0.0022649255055,0.0,0.81874717872,-0.574015507385,-0.0118322238079,0.0,-0.00838813031944,0.00864716553636,-0.999927430266,0.0,0.659115712082,0.257457469653,0.303511858683,1.0,-0.01034,-0.0135897142857,0.518
0.462997434498,0.532396001212,-0.124034009608,-1.37967832592,0.0781536694333,1.90289503941,0.156216285345,-0.00779060886763,-0.0544255486852,-0.00103791333235,-0.0893110134058,0.000275602348733,0.0359003027046,-0.00398383253283,0.574087431901,0.818779119456,0.00226295751514,0.0,0.818739178554,-0.574026695307,-0.0118430348982,0.0,-0.00839799334903,0.00865187604312,-0.999927306732,0.0,0.658948993726,0.257243560324,0.303500756428,1.0,-0.01066,-0.0140102857143,0.534
0.462855849282,0.531423306306,-0.124028289671,-1.38125292714,0.0780568420978,1.90346810856,0.156020926113,-0.00966668673377,-0.0530385710626,7.68965258224e-05,-0.0934848941648,-0.0024198635571,0.0331243514033,0.000325251167422,0.574099204308,0.818770934381,0.00223775061911,0.0,0.818730614164,-0.574038512476,-0.011862315412,0.0,-0.00842812630462,0.00864242717149,-0.999927134915,0.0,0.658762254173,0.257002690214,0.303486377759,1.0,-0.011,-0.0144571428571,0.551
0.462727677268,0.530468544849,-0.124036227326,-1.38281016934,0.0779569684756,1.90400830718,0.155818781628,-0.0110293374049,-0.0593433504414,-0.000402701386284,-0.0994011447591,-0.000645388219711,0.0297988486342,-0.0130625303984,0.574101946776,0.818769168276,0.00217960746826,0.0,0.81872810146,-0.574041496376,-0.0118913085863,0.0,-0.008485215075,0.00861149509148,-0.999926918968,0.0,0.658571932852,0.256761863116,0.303465003622,1.0,-0.01132,-0.0148777142857,0.567
0.462592037906,0.529432091104,-0.124039594084,-1.38445969769,0.0778521591049,1.90461798959,0.155591189896,-0.00603334424158,-0.0642882588616,-0.000189546270653,-0.0943936141128,-0.00143312559362,0.0363411526868,-0.010707560973,0.574090445282,0.818777252053,0.00217233922438,0.0,0.818736123941,-0.574030059299,-0.0118910586715,0.0,-0.00848930377471,0.00860528144241,-0.999926937757,0.0,0.658376783768,0.256512821194,0.303462906642,1.0,-0.01166,-0.0153245714286,0.584
0.462447346844,0.52828841043,-0.124040238742,-1.38623798652,0.0777444566775,1.90529334832,0.155346272613,-0.00863878718006,-0.0581206888065,0.00014134530051,-0.0969333880955,-0.000493367596862,0.0396969951439,-0.0179865134297,0.574076335353,0.81878705533,0.00220592683319,0.0,0.818746368096,-0.574015820652,-0.0118730481326,0.0,-0.00845542400995,0.00862229655031,-0.999927078245,0.0,0.658168816254,0.256249532042,0.303480375867,1.0,-0.01202,-0.0157977142857,0.602
0.462321781261,0.527306841604,-0.124042614311,-1.38777469542,0.0776472602599,1.90587865255,0.155132273484,-0.0139734472074,-0.0633194924761,-0.000627915179244,-0.101248084637,-0.00445609162222,0.0403219170151,-0.022066756973,0.574062645603,0.818796594435,0.00222772659047,0.0,0.818756239822,-0.574002096295,-0.0118558046112,0.0,-0.00842893499014,0.00863010576369,-0.999927234517,0.0,0.657989596568,0.256019990391,0.30349069206,1.0,-0.01232,-0.016192,0.617
0.462163653639,0.526061192149,-0.124038936534,-1.38968735657,0.0775288314936,1.90659245669,0.154874886066,-0.0122768288962,-0.0701778317226,-0.00109212846458,-0.110600687054,-0.0073625307781,0.0406743308614,-0.0127276893408,0.574050070957,0.818805302766,0.00226695769915,0.0,0.818765448,-0.573989358567,-0.0118365668194,0.0,-0.00839079563144,0.00865105521832,-0.999927374259,0.0,0.65776247484,0.255736711071,0.303518568998,1.0,-0.01268,-0.0166651428571,0.635
0.462009987914,0.524897930982,-0.124048920994,-1.3915313045,0.0774161650749,1.90725037965,0.154636496328,-0.00622287841594,-0.0676912121711,-0.000879324543158,-0.10823557226,-0.00716505014343,0.0350427704677,-0.0217204759129,0.574056538355,0.818800829603,0.00224479715059,0.0,0.818760678401,-0.573995903476,-0.0118491012065,0.0,-0.00841371151937,0.00864017200918,-0.999927275799,0.0,0.657539184026,0.255452685272,0.303516484577,1.0,-0.01302,-0.017112,0.652
0.461868596223,0.523791085669,-0.124051757511,-1.3933161974,0.0772961129598,1.90789203805,0.154378673956,-0.00387322620342,-0.0754074166212,6.95717360996e-05,-0.116408362356,-0.00486996860607,0.0358729046936,-0.0140411003519,0.57402659339,0.818821927625,0.00220631431242,0.0,0.818781331597,-0.573966171243,-0.0118622172396,0.0,-0.00844685643572,0.00861588300517,-0.999927205939,0.0,0.657320104938,0.25518490898,0.303500900748,1.0,-0.01334,-0.0175325714286,0.668
0.461697065427,0.522499024008,-0.124054190847,-1.39535391423,0.0771748395644,1.90867238212,0.154105130411,-0.0105866883963,-0.0731186300954,-0.00232731586028,-0.11593837683,-0.00744313568205,0.0417305408629,-0.0170409977368,0.574021477388,0.818825437209,0.00223467608935,0.0,0.818785205433,-0.573960939081,-0.0118479818852,0.0,-0.00841897425175,0.00863088195793,-0.999927311733,0.0,0.65708115882,0.254879180944,0.303506889275,1.0,-0.0137,-0.0180057142857,0.686
0.46153417423,0.521270433753,-0.124056729166,-1.39734776318,0.0770537255233,1.90944224376,0.153845079,-0.00589669045381,-0.0716526324241,-5.10264086422e-05,-0.117266191973,-0.0108490708094,0.0447747014871,-0.0075244060874,0.574017907487,0.818827939591,0.00223475521127,0.0,0.818787728837,-0.573957389814,-0.0118455343684,0.0,-0.00841696228488,0.00862950513987,-0.999927340554,0.0,0.656845890668,0.254582798113,0.303487922736,1.0,-0.01404,-0.0184525714286,0.703
0.461378383523,0.520139964261,-0.124068097545,-1.39913836019,0.0769460197534,1.91009430741,0.153588968471,-0.00944638548273,-0.0750466045104,0.000375533830751,-0.117948714785,-0.00955659574684,0.0452432608634,-0.019850195653,0.574010188035,0.818833375827,0.00222566063253,0.0,0.818793044327,-0.5739497046,-0.0118504874481,0.0,-0.00842631961249,0.00862482202787,-0.999927302149,0.0,0.656631299801,0.254303018879,0.303486497415,1.0,-0.01434,-0.0188468571429,0.718
0.461198776479,0.518714227846,-0.124072056071,-1.40132864243,0.0767996084182,1.91087695317,0.153302574959,-0.0124001733096,-0.0828722889294,0.000492086699664,-0.122601492044,-0.00563891612569,0.0428712640708,-0.0133873432261,0.574002154447,0.818838984218,0.00223417014125,0.0,0.818798828478,-0.573941705242,-0.0118382586775,0.0,-0.00841150623726,0.008624687932,-0.999927428027,0.0,0.656361942068,0.25397105103,0.303512802116,1.0,-0.0147,-0.01932,0.736
0.461049477725,0.517530678983,-0.124075548575,-1.40319134114,0.0766784586464,1.9115494846,0.153048398203,-0.00530573399844,-0.0748094375426,-0.00490587389525,-0.122704936295,-0.00920150236208,0.0434458501925,-0.0166712728911,0.573984655061,0.818851279752,0.0022235791492,0.0,0.818811015106,-0.573924279137,-0.0118401967425,0.0,-0.00841935629352,0.0086169482464,-0.999927428688,0.0,0.656131809976,0.253691590426,0.303515141933,1.0,-0.015,-0.0197142857143,0.751
0.460843773238,0.516015796817,-0.124078837669,-1.40557813775,0.0765321314945,1.91244088769,0.152711571919,-0.0122606630873,-0.0797570195272,-0.000273106014361,-0.128680439788,-0.00247289277842,0.0438385914014,-0.018510623612,0.573966376491,0.818864053177,0.00223785006524,0.0,0.818823967515,-0.573905940129,-0.0118333853392,0.0,-0.00840578027343,0.00862453662295,-0.999927477483,0.0,0.655844831872,0.253328192029,0.303519059104,1.0,-0.01538,-0.0202137142857,0.77
0.460670723407,0.514707052577,-0.124089340221,-1.40764589812,0.0764064832583,1.913220978,0.152429281927,-0.0126918235946,-0.0852413426335,-0.00077726525863,-0.13409700189,-0.00461473421178,0.0429095800134,-0.0193214151156,0.573959598541,0.818868764971,0.00225208740769,0.0,0.818828894831,-0.5738991387,-0.0118222878901,0.0,-0.00838859276659,0.00862975600391,-0.999927576789,0.0,0.655597253386,0.253012997017,0.303520408404,1.0,-0.0157,-0.0206342857143,0.786
0.460502063735,0.513472047518,-0.124084851158,-1.40964294618,0.0762865758736,1.91391316629,0.152153344393,-0.00786978407009,-0.0795900925769,-0.000211104503504,-0.134969177561,-0.00720090834455,0.0442245865851,-0.0162147664392,0.57394093278,0.818882001842,0.00219536786522,0.0,0.818841246236,-0.573880547332,-0.011869193654,0.0,-0.00845975302399,0.00861003960577,-0.999927147245,0.0,0.655341418031,0.252711938209,0.303495289383,1.0,-0.016,-0.0210285714286,0.801
0.460302212541,0.512052386375,-0.124085854113,-1.41192289876,0.0761458917387,1.91472655937,0.151839846265,-0.015415258052,-0.0824309895779,0.000477488216004,-0.140116441857,-0.0061243941913,0.0429258870097,-0.0183287462623,0.573929936442,0.818889817921,0.00215431231069,0.0,0.818848455082,-0.573869643066,-0.0118990452179,0.0,-0.00850787633815,0.00859343902335,-0.99992688175,0.0,0.655056817817,0.252361007677,0.303475178464,1.0,-0.01634,-0.0214754285714,0.818
0.460081499869,0.51041707379,-0.124090819469,-1.41452165699,0.0759852119371,1.91572086592,0.15146427253,-0.011172672356,-0.0907741424046,-0.00120622392069,-0.13698558401,-0.0103416162478,0.0525226629857,-0.00983411418347,0.573899267512,0.818911254663,0.00217592199273,0.0,0.818870208601,-0.573838926939,-0.0118833621649,0.0,-0.00848295360181,0.00860181614972,-0.999927021466,0.0,0.654744309832,0.251968150446,0.303469633867,1.0,-0.01672,-0.0219748571429,0.837
0.45989018577,0.50901442419,-0.124094015703,-1.41675028612,0.0758453205557,1.91653627146,0.151156918122,-0.0131696691386,-0.0854572183762,-5.99349615277e-05,-0.138003527072,-0.00981006066107,0.0524309005512,-0.0207662956692,0.573884698819,0.818921496944,0.00216360943435,0.0,0.818880279657,-0.573824398407,-0.011890932801,0.0,-0.00849637218886,0.00859592698607,-0.999926958182,0.0,0.654468311008,0.251627793437,0.303461293317,1.0,-0.01704,-0.0223954285714,0.853
0.459686832858,0.507488962288,-0.124100232864,-1.41913872968,0.0756936875446,1.91738258615,0.150825763764,-0.00918450762567,-0.0963255180894,-0.00014680686874,-0.14619774484,-0.00386940756331,0.0537833717445,-0.0155773745621,0.573867145889,0.81893384317,0.00214622509729,0.0,0.818892377563,-0.573806895591,-0.0119024132841,0.0,-0.00851593425156,0.00858809666072,-0.999926859055,0.0,0.654166937113,0.251260764246,0.303465061396,1.0,-0.01738,-0.0228422857143,0.87
0.459467020469,0.505916873856,-0.124112077464,-1.42158262406,0.0755430305419,1.91828884567,0.150498655542,-0.0115562110961,-0.095734851449,-0.00135347522183,-0.149355229855,-0.0106912060863,0.0535125101098,-0.0179401203725,0.573873431118,0.818929371127,0.00217188025858,0.0,0.818888264427,-0.573813101841,-0.0118861869229,0.0,-0.00848785765138,0.00859985970178,-0.999926996678,0.0,0.653869846951,0.25087795683,0.303479867899,1.0,-0.01772,-0.0232891428571,0.887
0.459259109344,0.504379375271,-0.124113193388,-1.42390120317,0.0753867512984,1.91919247592,0.150167713313,-0.0116560697797,-0.0923467964414,0.000440062273302,-0.147524233571,-0.0106964166741,0.0500805123345,-0.0196863654287,0.573850770755,0.818944991918,0.00226716071552,0.0,0.818905288081,-0.573790235371,-0.0118170151048,0.0,-0.00837677193772,0.00863795943227,-0.999927605054,0.0,0.653595290202,0.250522579718,0.303528932336,1.0,-0.01804,-0.0237097142857,0.903
0.459018512244,0.502619064351,-0.124119181647,-1.42651858257,0.0752311915332,1.92018230712,0.149815195215,-0.0148151439737,-0.0924865131794,-0.00096222018354,-0.148343079438,-0.002796741151,0.0534215092247,-0.0135396211526,0.573855847977,0.818941107433,0.00238226780753,0.0,0.818902884344,-0.573794857421,-0.0117590182833,0.0,-0.00826316952989,0.0086989948698,-0.999928021168,0.0,0.653280245833,0.250116515988,0.303598406897,1.0,-0.0184,-0.0241828571429,0.921
0.458766166212,0.500818968524,-0.124119440672,-1.429237754,0.0750571539032,1.92113303775,0.149422192253,-0.014249783964,-0.0995420536485,0.000462083906956,-0.158527000392,-0.0139822949401,0.042718123782,-0.0216570168855,0.573832347624,0.818957495687,0.00240914476569,0.0,0.81891956431,-0.57377119905,-0.011751818269,0.0,-0.00824210046442,0.0087166370703,-0.99992804142,0.0,0.652935305994,0.249689220074,0.30364290951,1.0,-0.01876,-0.024656,0.939
0.458552848017,0.499318608172,-0.124117428153,-1.43154010462,0.0749101764905,1.92196781469,0.149101282452,-0.017291148967,-0.0985668141313,0.000989733538737,-0.15056157103,-0.0143670554922,0.0551099934681,-0.0174891964954,0.573820192826,0.818965933885,0.00243563988671,0.0,0.818928322816,-0.573758922224,-0.0117408755827,0.0,-0.00821806524314,0.00873193409502,-0.999928105781,0.0,0.652646957155,0.249330781806,0.303665969796,1.0,-0.01906,-0.0250502857143,0.954
0.458290871421,0.497643475979,-0.124123485285,-1.43419658646,0.0747450465788,1.92294988025,0.148700215128,-0.0168389421937,-0.100946023892,0.000981955287148,-0.157433015896,-0.00758549610714,0.0575057433869,-0.0271873489881,0.573800982381,0.818979400677,0.00243326662756,0.0,0.818941742667,-0.573739705847,-0.0117438900125,0.0,-0.00822210062585,0.00873152734746,-0.999928076159,0.0,0.652321009828,0.248903310151,0.303654915959,1.0,-0.0194,-0.0254971428571,0.971
0.458030834348,0.495976464866,-0.124118474343,-1.43687808344,0.0745817712391,1.92389018564,0.148316340641,-0.0131556688441,-0.101674994644,0.00139416837868,-0.156220590439,-0.00517206141359,0.053346127178,-0.0223817336914,0.573787321678,0.818989147837,0.00237320624004,0.0,0.818950532402,-0.573726085238,-0.0117962493097,0.0,-0.00829958963705,0.00871224454872,-0.999927604183,0.0,0.651976111036,0.248478206004,0.303621736558,1.0,-0.01974,-0.025944,0.988
0.457767771729,0.494412640595,-0.124125698987,-1.4394525729,0.0744244673461,1.92477857845,0.147952753288,-0.016703490694,-0.0992575964024,-0.000421861459049,-0.161376429857,-0.00892637348984,0.0549906390923,-0.0306637694843,0.573797239175,0.818982495288,0.00226883850276,0.0,0.818942377773,-0.573736255172,-0.0118675309255,0.0,-0.00841774725187,0.00866777136059,-0.999927002971,0.0,0.651645994121,0.248052903627,0.303562963046,1.0,-0.0204188571429,-0.0268362122449,1.004
0.45748962549,0.492585628555,-0.124146008653,-1.44235598293,0.0742393184202,1.92585946284,0.147547840553,-0.0182967094868,-0.113338207702,0.000470484930001,-0.176025549273,-0.00954299253061,0.0621137304971,-0.0244609481655,0.573803806707,0.818977909515,0.0022631914927,0.0,0.818937808412,-0.57374293666,-0.0118598266309,0.0,-0.00841460789541,0.00865879345735,-0.999927107178,0.0,0.651288333389,0.247583164423,0.303547223687,1.0,-0.0229057142857,-0.0301046530612,1.021
0.457167002295,0.490440036963,-0.124163821118,-1.445799011,0.0740308551502,1.9270898749,0.147040021246,-0.0222723842334,-0.119482158059,-0.000717187415885,-0.197503109372,-0.0131052762785,0.0655489819151,-0.0249790847331,0.573780647671,0.818994293959,0.00220493129324,0.0,0.818953325306,-0.573719900483,-0.011902674578,0.0,-0.00848337293131,0.00863542640175,-0.999926728213,0.0,0.650847660539,0.247032803427,0.303508390345,1.0,-0.0255388571429,-0.033565355102,1.039
0.456852812499,0.488464434633,-0.124178745995,-1.44896059366,0.0738329994245,1.92821808446,0.146590558696,-0.0207572695004,-0.1347378882,-0.00271432216471,-0.213146320303,-0.011919465604,0.0765064518913,-0.033261036143,0.573784201414,0.818991946056,0.00215160493155,0.0,0.818950229362,-0.573723615791,-0.0119365578224,0.0,-0.00854168261292,0.00861123144281,-0.99992644047,0.0,0.650445441839,0.246515747602,0.303475350323,1.0,-0.0277331428571,-0.0364492734694,1.054
0.456421556864,0.485793978499,-0.124206378432,-1.45301166294,0.0735807741845,1.92979100134,0.145997210092,-0.025276212814,-0.155241779041,-0.00255649545879,-0.229586119511,-0.0104068507693,0.0842108213917,-0.0351512671825,0.573804037011,0.818977627391,0.00230647898538,0.0,0.818938110154,-0.573743019141,-0.0118349747065,0.0,-0.00836941442585,0.00867998692254,-0.999927302722,0.0,0.64996556463,0.245840246221,0.303539213865,1.0,-0.0303662857143,-0.0399099755102,1.072
0.455984606825,0.483108253674,-0.124243653963,-1.45717364827,0.0733270229157,1.93125546856,0.145344943459,-0.0256243197976,-0.162369523753,-0.00325043617281,-0.252194235821,-0.0186560450998,0.0860348998708,-0.0415645053377,0.573790364403,0.818987238753,0.00229507707841,0.0,0.818947497513,-0.573729314259,-0.0118497754116,0.0,-0.00838822334511,0.00867900167915,-0.999927153666,0.0,0.649437800673,0.245135548141,0.303550232338,1.0,-0.0328531428571,-0.0431784163265,1.089
0.455545689105,0.480376145294,-0.12428247349,-1.46145113155,0.0730612057716,1.932762192,0.144716249936,-0.0250763208641,-0.17147462465,-0.00428921553261,-0.271611190104,-0.0172179964336,0.104644858058,-0.0414977617486,0.573799835163,0.818980709314,0.00225695350409,0.0,0.818940430878,-0.57373889136,-0.0118744311657,0.0,-0.0084301903648,0.00866202389145,-0.999926947948,0.0,0.648889642981,0.244416946793,0.303540524825,1.0,-0.0351937142857,-0.0462545959184,1.105
0.454987795851,0.477046957423,-0.124311964912,-1.46649873226,0.0727532098969,1.93461958835,0.143984355534,-0.0340703133195,-0.187717907715,0.00119426295494,-0.283530693451,-0.0147548639286,0.100289182742,-0.0442591747776,0.57384040746,0.8189519486,0.00237477382201,0.0,0.818913178849,-0.573778975007,-0.0118169474653,0.0,-0.00831507695471,0.00872594352948,-0.999927356064,0.0,0.648263136839,0.243560616582,0.303605766073,1.0,-0.0378268571429,-0.0497152979592,1.123
0.454431835047,0.47373158161,-0.124340349981,-1.47159777593,0.072442392809,1.93649759676,0.143243449103,-0.0349677348175,-0.19956918436,0.000365157084896,-0.302895160349,-0.0199617839364,0.106090367432,-0.0443197835588,0.573871228063,0.818930117499,0.00245421204172,0.0,0.818892330098,-0.573809437815,-0.0117825159732,0.0,-0.00824096582254,0.00877155120813,-0.999927570563,0.0,0.647622517385,0.242701494625,0.303636264729,1.0,-0.0403137142857,-0.0529837387755,1.14
0.453907785315,0.470634428102,-0.12434753679,-1.47636422534,0.0721491511378,1.93815045865,0.142528307608,-0.0346472999476,-0.215256055706,-0.000255131711523,-0.32179495178,-0.0202564528673,0.104607182063,-0.0522061510068,0.573867868444,0.818932490537,0.00244794011335,0.0,0.81889434549,-0.573805808718,-0.0118191246255,0.0,-0.00827458222041,0.00878738935709,-0.999927153885,0.0,0.646995757842,0.241900467173,0.303651580328,1.0,-0.042508,-0.0558676571429,1.155
0.453266431113,0.466696173684,-0.124348689071,-1.4822809679,0.0717695118134,1.94040355844,0.141556298072,-0.0377863916667,-0.222153509151,0.000173490861524,-0.333484293225,-0.0180673754321,0.127999791736,-0.0604342865498,0.573775588355,0.818996429493,0.00267760823023,0.0,0.818961358263,-0.573712797548,-0.0116904449532,0.0,-0.00803840933169,0.00890072097077,-0.999928077984,0.0,0.646251880311,0.240929250107,0.303749006807,1.0,-0.0451411428571,-0.0593283591837,1.173
0.452594957392,0.462798611887,-0.124353083265,-1.48832102009,0.071369721447,1.94246610713,0.140653110867,-0.0387330995931,-0.23472079338,-0.00233804047328,-0.361622886586,-0.023882293198,0.122667996287,-0.0576666811898,0.573762737379,0.819005661431,0.00260665310907,0.0,0.818969461129,-0.573699973863,-0.0117519628065,0.0,-0.00812964377177,0.00887777856628,-0.999927544345,0.0,0.645440577633,0.239907234241,0.303739957607,1.0,-0.047628,-0.0625968,1.19
0.451940443422,0.459000443415,-0.124359267729,-1.49423462019,0.0709674229245,1.94452103097,0.139788309398,-0.0400070170736,-0.240023350126,0.000380801250276,-0.372758169277,-0.0199365431405,0.123974653572,-0.0584444483821,0.573759385701,0.819008206628,0.00254395289575,0.0,0.818971124487,-0.573696780479,-0.0117918711824,0.0,-0.00819833952738,0.00884929110586,-0.999927235991,0.0,0.644646924879,0.238908785548,0.303718599146,1.0,-0.0499685714286,-0.0656729795918,1.206
0.451131184203,0.454560555804,-0.124368152237,-1.50117856007,0.0705074335436,1.94699528073,0.138697108848,-0.0517779504011,-0.2557083161,0.000889987547787,-0.387011724792,-0.0304810652502,0.132420033541,-0.0639492669524,0.573728762805,0.819029763783,0.00250991407231,0.0,0.818992134836,-0.573666176905,-0.0118214827368,0.0,-0.00824245209603,0.00883809471017,-0.999926972366,0.0,0.6437282789,0.237716145084,0.303680909174,1.0,-0.0526017142857,-0.0691336816326,1.224
0.450374240476,0.450338619116,-0.124422586374,-1.50752243901,0.0700591166541,1.94935832383,0.137671506224,-0.0505237413388,-0.264019014822,-0.00843957018918,-0.406760807861,-0.0326992524776,0.151063378118,-0.0626373014537,0.57371429179,0.819039358807,0.00268086228768,0.0,0.819004486751,-0.573651671274,-0.0116686600592,0.0,-0.00801936511888,0.00889028644956,-0.999928323726,0.0,0.642922183135,0.236593534002,0.303765639855,1.0,-0.0549422857143,-0.0722098612245,1.24
0.449585022669,0.445983321811,-0.124464391565,-1.51419608302,0.0696170895465,1.95162265144,0.136701852965,-0.0493224555183,-0.274680336021,-0.000548174554075,-0.425778207522,-0.0298491496088,0.134357767631,-0.0649475216858,0.573775997422,0.818996303468,0.0026280391891,0.0,0.818960608336,-0.573713404047,-0.0117131939346,0.0,-0.00808547689554,0.00887318094207,-0.999927943266,0.0,0.6420130419,0.235416997853,0.303771901185,1.0,-0.0572828571429,-0.0752860408163,1.256
0.448650997318,0.440930582086,-0.124485960882,-1.52205371356,0.06907037308,1.95428867288,0.135461305461,-0.0543344497068,-0.282405400512,-0.00235182619754,-0.443581728731,-0.0292591594053,0.149817087185,-0.0736469604717,0.573738917203,0.81902270026,0.00249364119598,0.0,0.818985144554,-0.573676696342,-0.0117952521914,0.0,-0.00823019391362,0.00880981993212,-0.999927322849,0.0,0.640926799152,0.234041922295,0.303721540413,1.0,-0.059916,-0.0787467428571,1.274
0.447754555037,0.436288105795,-0.124490190279,-1.5291964157,0.0685999638571,1.95682294678,0.13429333491,-0.0605642535473,-0.296593768467,0.00513000779044,-0.439989693053,-0.0380131372729,0.166798324777,-0.0726268903283,0.573701584899,0.819048731414,0.00253257893111,0.0,0.819011484526,-0.573639011244,-0.011799148052,0.0,-0.00821144926563,0.00884357143407,-0.999927179021,0.0,0.639900195246,0.232707360066,0.303716195196,1.0,-0.0624028571429,-0.0820151836735,1.291
0.44673858417,0.431126169,-0.124522557471,-1.53690401207,0.0680599853089,1.95966432341,0.13304430747,-0.0651327349822,-0.302531157714,-1.36461665744e-05,-0.46757240413,-0.0324139351489,0.157963542502,-0.077869442892,0.5737226814,0.819033261165,0.00274751785426,0.0,0.818999172078,-0.573659737961,-0.0116450881644,0.0,-0.00796172745142,0.00893143801257,-0.999928417593,0.0,0.638950415728,0.231385549172,0.303811561898,1.0,-0.0647434285714,-0.0850913632653,1.307
0.445685406466,0.425865378055,-0.124610652302,-1.54510750833,0.0674535953619,1.96232013071,0.131726978299,-0.0668974211908,-0.310696126585,-0.0085986795701,-0.493135729321,-0.0335697987721,0.157984745231,-0.0786948860893,0.57375204866,0.819013591547,0.00246382260156,0.0,0.818975965615,-0.573690276537,-0.0117720538664,0.0,-0.00822815946491,0.0087722204094,-0.999927670155,0.0,0.637790457416,0.229854634458,0.303721125364,1.0,-0.0672302857143,-0.0883598040816,1.324
0.444575024304,0.420354234176,-0.124682326054,-1.55349630007,0.0668520866195,1.9651073385,0.130356539531,-0.0617597346641,-0.323109856645,-0.00313572676329,-0.499842298415,-0.0352215764267,0.163549028392,-0.0792457037258,0.573777323586,0.818996187677,0.00236101886823,0.0,0.818957289978,-0.573716005128,-0.0118173411663,0.0,-0.00832396331263,0.00871426377677,-0.999927383984,0.0,0.636612239523,0.228290615204,0.303716030645,1.0,-0.0697171428571,-0.091628244898,1.341
0.443471594054,0.415000360409,-0.124697395475,-1.56137971501,0.0663153140476,1.96804991762,0.129071775857,-0.0703834726336,-0.338485525312,-0.00116292346908,-0.501054783282,-0.0307569031188,0.18646262546,-0.078250752904,0.573819524877,0.81896557231,0.00270021154301,0.0,0.818931282089,-0.573757192,-0.0116183796474,0.0,-0.00796594051356,0.00887831172495,-0.999928857156,0.0,0.635564162163,0.22684306042,0.303848550385,1.0,-0.0720577142857,-0.0947044244898,1.357
0.44224910129,0.409254208428,-0.124714109781,-1.57014685898,0.0657078826817,1.97101805235,0.127573212843,-0.0752399134788,-0.339909278286,-0.000376727343034,-0.521933305834,-0.0430209334426,0.168236792848,-0.0866175536515,0.573794969613,0.818982935762,0.00265154292757,0.0,0.818947722451,-0.573732484922,-0.0116794922474,0.0,-0.0080441834117,0.00887327977881,-0.999928275437,0.0,0.634317921189,0.225216360912,0.303821955896,1.0,-0.0745445714286,-0.0979728653061,1.374
0.440977840391,0.403364790907,-0.124789288733,-1.57927568128,0.0650556692107,1.97399927538,0.126094569952,-0.0787895686548,-0.344864993943,-0.0027159007393,-0.543700917629,-0.0335648906157,0.181642840355,-0.0951084579864,0.573865172548,0.818934488372,0.00241130531111,0.0,0.818895968801,-0.573803360592,-0.0118255044746,0.0,-0.00830085818296,0.00876102204141,-0.999927167471,0.0,0.632993576665,0.223482297014,0.303715106036,1.0,-0.0770314285714,-0.101241306122,1.391
0.439716912308,0.397527593444,-0.124815153528,-1.58780925245,0.0644420719576,1.97707697078,0.124609865141,-0.0803669784222,-0.369928039894,0.000395615946907,-0.53247162851,-0.0385165494986,0.189742471989,-0.0903911444732,0.573866845203,0.818932369557,0.00271384776224,0.0,0.818898079276,-0.573804262383,-0.0116340504343,0.0,-0.00797043653188,0.00889893187163,-0.99992863803,0.0,0.631816227602,0.221866771723,0.303852728915,1.0,-0.079372,-0.104317485714,1.407
