position_joint1,position_joint2,position_joint3,position_joint4,position_joint5,position_joint6,position_joint7,velocity_joint1,velocity_joint2,velocity_joint3,velocity_joint4,velocity_joint5,velocity_joint6,velocity_joint7,ee_T_00,ee_T_10,ee_T_20,ee_T_30,ee_T_01,ee_T_11,ee_T_21,ee_T_31,ee_T_02,ee_T_12,ee_T_22,ee_T_32,ee_T_03,ee_T_13,ee_T_23,ee_T_33,v_x,v_y,time
0.465091840112,0.54751090807,-0.123998116427,-1.35574284246,0.0794133279682,1.89411013095,0.159148476627,-0.00108765196159,-0.00409094045009,0.0040191641019,-0.000612554817082,-0.000230034573628,-9.65528135956e-05,0.000816640627765,0.573760488704,0.819008392338,0.00221399707564,0.0,0.818969609489,-0.573701823756,-0.0116508821267,0.0,-0.00827215534448,0.00849817575954,-0.999929673754,0.0,0.661709166542,0.260897854419,0.30344975501,1.0,0.0,0.0,0.0
0.465090859475,0.547513695858,-0.12400116306,-1.35574366764,0.0794140527928,1.89411037678,0.159146951228,-0.000918076259505,-0.000241636835678,0.00129942973738,0.00106858149334,-0.000368921406343,0.00683053093004,0.000134827467381,0.573762415805,0.819007051124,0.00221072829345,0.0,0.818968233996,-0.573703770988,-0.0116516848676,0.0,-0.00827466821849,0.0084959786781,-0.999929671633,0.0,0.661709867627,0.260895441543,0.303447510789,1.0,-0.00034,-0.000446857142857,0.018
0.465091405526,0.54751291104,-0.124000930098,-1.35575165295,0.0794161272626,1.89411024917,0.159149290891,0.000266865962506,-0.00218772789034,0.000712488524516,-0.00155120492431,-0.000212471813621,0.000276372512056,0.000643597684618,0.573764706369,0.819005459418,0.00220591705831,0.0,0.818966552629,-0.573706051038,-0.0116575974867,0.0,-0.0082822474798,0.00849545385136,-0.999929613343,0.0,0.661707719792,0.260895326547,0.303444250501,1.0,-0.00058,-0.000762285714286,0.03
0.465087642835,0.547464539178,-0.124006634172,-1.35577438269,0.079414248054,1.89411867744,0.159141071826,-0.000686916841911,-0.00391068060036,6.97608472198e-05,-0.00178795625452,0.000425698932558,0.000345430119156,-0.00115120439118,0.573764567738,0.819005499995,0.00222681130785,0.0,0.81896686578,-0.573705837181,-0.0116461169574,0.0,-0.00826085824317,0.00850597770576,-0.999929700811,0.0,0.661703079863,0.260890976445,0.303464201091,1.0,-0.001,-0.00131428571429,0.051
0.465090317578,0.547367151492,-0.124004128614,-1.35587976928,0.0794142349098,1.89413018099,0.159143829461,0.000339581799066,-0.00703800573852,0.00114838905387,-0.0129194701715,0.00018336109619,0.000524730136685,-0.000473258293946,0.573769723751,0.819001843381,0.0022431109101,0.0,0.818963348842,-0.573710858947,-0.0116460499754,0.0,-0.00825139817599,0.00851934052363,-0.999929665159,0.0,0.661687297813,0.260880510822,0.303488356532,1.0,-0.00124,-0.00162971428571,0.063
0.465081834587,0.547195716244,-0.124004129458,-1.35610620971,0.0794094485702,1.8941930977,0.159138047038,-0.000266843708074,-0.00943867167435,-0.000650755118271,-0.0149224332321,-0.000787874604644,0.0126159159239,-0.000118273242377,0.573783156886,0.818992396994,0.00225597880548,0.0,0.818953965573,-0.57372413613,-0.0116518150931,0.0,-0.0082485972922,0.00853332232947,-0.999929569046,0.0,0.661654939399,0.260853765333,0.303507465129,1.0,-0.00166,-0.00218171428571,0.084
0.465063022822,0.547073876654,-0.124007200237,-1.35626912493,0.0794026563931,1.89426685651,0.15913171796,-0.00433968643088,-0.0131725638608,0.000365752348391,-0.012978166611,2.77663383495e-05,0.00502248879798,-0.00102087104432,0.573802903483,0.818978483411,0.00228441798737,0.0,0.818940426589,-0.573743782778,-0.0116359925954,0.0,-0.0082191151947,0.0085477331476,-0.99992968873,0.0,0.661641506777,0.260825715361,0.303522717989,1.0,-0.00192,-0.00252342857143,0.097
0.465032593363,0.546830251032,-0.123999549511,-1.35654181733,0.0794003543004,1.89442288871,0.159118079839,-0.00392908823348,-0.0159153465126,0.000370749668686,-0.016389179441,8.19217115187e-05,0.00698189239643,-0.00144028849538,0.573826183205,0.818961837319,0.00240153775212,0.0,0.818925208431,-0.573766547959,-0.0115844007904,0.0,-0.00810941626116,0.00861427814606,-0.999930013341,0.0,0.661622832932,0.26079107899,0.303578778507,1.0,-0.00234,-0.00307542857143,0.118
0.465008015145,0.546674656066,-0.123998839817,-1.35674396426,0.0793888867912,1.89451842868,0.159112941436,-0.000546760021265,-0.0133440484978,-0.00554582213421,-0.0123926009029,-0.000295684856353,0.0126608215976,0.000505429545526,0.573849961394,0.818945052266,0.00244337443106,0.0,0.818908982827,-0.573790196709,-0.0115600565685,0.0,-0.00806522211577,0.0086348055323,-0.999930193726,0.0,0.661606520306,0.260757911198,0.303601014115,1.0,-0.0026,-0.00341714285714,0.131
0.464959798486,0.546365466996,-0.124004129543,-1.35719149021,0.0793662463979,1.89467588178,0.159074982852,-0.0054824981163,-0.0168033796569,-0.00119841274709,-0.0225192362628,-0.0026587834541,0.00775243603182,0.000552419597111,0.573880995069,0.818923251892,0.00246128250503,0.0,0.818887392259,-0.573821141357,-0.0115535029831,0.0,-0.00804925127042,0.0086460154632,-0.999930225551,0.0,0.661558470888,0.260680910818,0.303620767518,1.0,-0.00302,-0.00396914285714,0.152
0.464936789564,0.546168639704,-0.124006579198,-1.35748797425,0.0793488839343,1.89478759625,0.158980434943,0.000341686288795,-0.0216291730111,-0.000940427700816,-0.0247026904164,-7.77200419605e-06,0.00765298885337,-0.0092329015263,0.573836100756,0.818954679035,0.00247185291395,0.0,0.818918958868,-0.573776219166,-0.0115471220001,0.0,-0.00803843393686,0.00865056922854,-0.999930273185,0.0,0.661525446316,0.260636435921,0.303628775003,1.0,-0.00326,-0.00428457142857,0.164
0.46488587293,0.545808553713,-0.124007318339,-1.35807718788,0.0793028034506,1.89498944346,0.158917585509,-0.000820202879594,-0.020653022988,0.000278737128983,-0.0311126785778,-0.000801162557579,0.0133490862047,-0.003622532459,0.573847954896,0.818946480394,0.00243594201921,0.0,0.818910334511,-0.573788237277,-0.0115615610807,0.0,-0.00807074026431,0.00862956242116,-0.999930194466,0.0,0.661456893622,0.260549152196,0.303616275261,1.0,-0.00366,-0.00481028571429,0.184
0.464844459366,0.545559701047,-0.124007318343,-1.35849082683,0.0792703179572,1.89513343218,0.158878899234,-0.00145716145776,-0.0247262958925,-0.000200431243131,-0.0337909750447,-0.000120974313726,0.0143989682842,-0.00445477944985,0.573864194041,0.818935148292,0.00242003937059,0.0,0.818898878601,-0.573804617073,-0.0115600585205,0.0,-0.00807846400987,0.00861583707424,-0.999930250453,0.0,0.661408900049,0.260474639957,0.303612489697,1.0,-0.00394,-0.00517828571429,0.198
0.464783750067,0.545126731046,-0.124007727172,-1.35921749212,0.0792327654184,1.89536389225,0.158774394738,-0.000824339881677,-0.0258711643199,0.0012904389732,-0.0360309615269,-0.000307611996208,0.0131999783808,-0.000896996963722,0.57385903976,0.818938906413,0.00237001050758,0.0,0.818901881346,-0.573799524409,-0.0116000611015,0.0,-0.00813998717068,0.00859777152208,-0.99992990701,0.0,0.661317376225,0.260363239373,0.303593068775,1.0,-0.00434,-0.005704,0.218
0.464729445649,0.544801041719,-0.124007839094,-1.35978697511,0.0792082369786,1.89554745246,0.158712392961,-0.00213253612525,-0.0242702346622,-0.000602276155024,-0.0354577915797,0.000333871008417,0.0170497382006,-0.00853982835732,0.573877981742,0.818925765395,0.00232373509837,0.0,0.818888017261,-0.573818499825,-0.0116400750592,0.0,-0.00819911304732,0.0085830268595,-0.999929550616,0.0,0.661247243244,0.260272426226,0.303568435291,1.0,-0.00462,-0.006072,0.232
0.464659108729,0.544318888638,-0.124013710795,-1.36062765208,0.0791677383952,1.89583285319,0.15859598963,-0.000646752658363,-0.0241152986323,-0.000107647217648,-0.0426501600221,-0.000491313483707,0.0209569123916,-0.000164911007954,0.57388043122,0.818924213867,0.00226484122797,0.0,0.818885598536,-0.57382105671,-0.0116841040556,0.0,-0.00826894134453,0.00856008934666,-0.999929172231,0.0,0.661145512485,0.260141870428,0.303534433243,1.0,-0.00502,-0.00659771428571,0.252
0.464607969516,0.543950870048,-0.124015841803,-1.36120094035,0.0791358582882,1.8960446866,0.15854880151,-0.000103417955757,-0.0250465424697,-0.000661253409738,-0.0415014502641,0.000311642334972,0.0152301235529,-0.00173370589761,0.573908624805,0.818904439132,0.00227086916761,0.0,0.818865885946,-0.573849207925,-0.0116830774402,0.0,-0.00826434661961,0.00856472109739,-0.999929170555,0.0,0.661081168642,0.260052827009,0.30354039426,1.0,-0.00528,-0.00693942857143,0.265
0.464530904584,0.543355583373,-0.124016907094,-1.36217446979,0.0790856965345,1.89638300299,0.158415956046,0.000733909248941,-0.0284041419103,0.000738139267434,-0.0500652777853,-0.00907124319942,0.0135971965913,-0.00173349882678,0.57390446651,0.818907435324,0.00224111404664,0.0,0.818868386635,-0.573845047864,-0.0117121011466,0.0,-0.00830523441633,0.00855696935206,-0.999928898151,0.0,0.660963366647,0.259908363633,0.303527526449,1.0,-0.00568,-0.00746514285714,0.285
0.464457441433,0.54291233906,-0.124017319463,-1.36288553295,0.0790380881103,1.89663324175,0.158309382101,-0.00230114465568,-0.0295039363315,0.000340910394765,-0.0554307620185,-0.00370668572313,0.021592512636,-0.00471211757116,0.573904460197,0.818907487743,0.00222350737857,0.0,0.818868229545,-0.573845127291,-0.0117191905426,0.0,-0.00832114421878,0.00854661982172,-0.999928854393,0.0,0.660883059243,0.259790263496,0.303524294266,1.0,-0.00596,-0.00783314285714,0.299
0.464377890111,0.542247569769,-0.124022854157,-1.36394676315,0.0789796372951,1.89700789548,0.158187147203,-0.0020915492019,-0.03015736181,-0.00108969220663,-0.0518365064758,-0.00320915260025,0.0277538273353,-0.00323463328516,0.57391670659,0.818898951451,0.00220637938655,0.0,0.818859415302,-0.573857379957,-0.0117350901849,0.0,-0.00834386659896,0.00854184330184,-0.99992870586,0.0,0.660755966573,0.259633210354,0.303521973685,1.0,-0.00636,-0.00835885714286,0.319
0.464300244627,0.541747283861,-0.124018011443,-1.36471373934,0.0789197462556,1.89729294655,0.158074607523,-0.00875233517286,-0.0373020498103,0.000835349473232,-0.0543167642192,-0.00259456798419,0.0172172813158,-0.00917026829126,0.573911339525,0.818902687612,0.00221573659206,0.0,0.818863363354,-0.573852070795,-0.0117192107925,0.0,-0.00832554847557,0.00854033791014,-0.999928871406,0.0,0.660671553607,0.259509898236,0.303535179898,1.0,-0.00664,-0.00872685714286,0.333
0.464209778827,0.541001243804,-0.124032906908,-1.36586240342,0.078864592542,1.89771499038,0.157931585338,-0.00499785116439,-0.0359798652217,-0.000473149029,-0.0650783174111,8.9219009447e-05,0.0247427792439,-0.00764768783835,0.57392771511,0.81889115485,0.00223634480956,0.0,0.818852031614,-0.573868298493,-0.0117163649145,0.0,-0.00831122022151,0.0085557467601,-0.999928858877,0.0,0.660540329738,0.259334662393,0.303552950961,1.0,-0.00704,-0.00925257142857,0.353
0.464125439287,0.540468514783,-0.124025468042,-1.36666711047,0.0788166573524,1.89801862831,0.157827269178,-0.0107634500023,-0.0437224099139,0.000205313252026,-0.0646825584749,-0.00457440918111,0.0250850981933,-0.00482284796786,0.573937935499,0.818883911819,0.00226540500597,0.0,0.818845125272,-0.573878367081,-0.0117058752394,0.0,-0.00828584550992,0.00857362678291,-0.999928916318,0.0,0.660451977208,0.259207592911,0.303572539839,1.0,-0.0073,-0.00959428571429,0.366
0.464015832994,0.539636306234,-0.12403929786,-1.36797068946,0.0787384978187,1.89849733111,0.157672629377,-0.00817036342982,-0.0428795589859,1.5268166349e-05,-0.0655573166484,-0.00253371661391,0.0297311606091,-0.00600720764989,0.573962013746,0.818867028258,0.00226797472112,0.0,0.818828320646,-0.573902479995,-0.0116992163689,0.0,-0.00827866561393,0.00857215275903,-0.999928988425,0.0,0.660304119008,0.259003218653,0.303582097063,1.0,-0.0077,-0.01012,0.386
0.463943946398,0.539063317785,-0.124039276805,-1.36886509303,0.0786767312751,1.89882533763,0.157561157429,-0.00758273019637,-0.0414794242166,-0.000145757304899,-0.0696374044476,-0.00768393035113,0.0297479895419,0.000378306099365,0.573962485572,0.818866694578,0.00226904571197,0.0,0.818828055634,-0.57390300451,-0.0116920324449,0.0,-0.00827216307434,0.00856891127003,-0.999929070023,0.0,0.66019988068,0.25886938928,0.303589611052,1.0,-0.00796,-0.0104617142857,0.399
0.463818015662,0.538171778105,-0.124040367513,-1.37025834226,0.0786123690546,1.89936645582,0.157388074542,-0.00200207759095,-0.0462223646961,0.0018403724886,-0.0720214275629,0.000334967495413,0.0228543058471,-0.00499414444156,0.573984536187,0.81885111947,0.00231154967551,0.0,0.818812883895,-0.573924741403,-0.0116875692544,0.0,-0.00824388233839,0.00860137627686,-0.999929024846,0.0,0.660045318608,0.258658245637,0.303603162511,1.0,-0.00836,-0.0109874285714,0.419
0.463735956225,0.537532389258,-0.124056656789,-1.37129098131,0.0785433940197,1.89975322176,0.157260808127,-0.00448989718989,-0.0459498057798,-0.00146289002245,-0.0717402392096,-0.00960592463265,0.0232096980275,-0.00905725900687,0.573997503928,0.818842069942,0.00229714554184,0.0,0.818803777321,-0.573937895867,-0.0116795905197,0.0,-0.00824547994952,0.00858513254235,-0.99992915127,0.0,0.659928931645,0.258495538157,0.303597214055,1.0,-0.00864,-0.0113554285714,0.433
0.463598849917,0.536504858003,-0.124058333935,-1.37287766029,0.0784545927,1.90034514055,0.157076130921,-0.0059240436234,-0.0498330758072,0.0002662007847,-0.0761330293633,-0.00721468644349,0.0283821987372,-0.00727244842386,0.574023313473,0.818823890479,0.00232784725216,0.0,0.818785933954,-0.573963524853,-0.0116710495844,0.0,-0.00822059308436,0.0086056288256,-0.999929179993,0.0,0.659747002506,0.258255035986,0.303618776093,1.0,-0.00906,-0.0119074285714,0.454
0.463511887034,0.535861105775,-0.12406098353,-1.37389423301,0.078391892313,1.90072724097,0.156946344099,-0.010722562129,-0.0467740515776,-0.00119821701939,-0.0740207183157,-0.00463666062785,0.0280388256485,-0.00830964492419,0.574029239953,0.818819719499,0.0023335681186,0.0,0.818781856743,-0.573969450242,-0.0116656829599,0.0,-0.00821285256168,0.00860729207702,-0.999929229284,0.0,0.659630853196,0.258099692351,0.303622471512,1.0,-0.00932,-0.0122491428571,0.467
0.46337770388,0.534810898194,-0.124059679904,-1.37554661559,0.0783105700618,1.90131743141,0.156742697537,-0.0109420696004,-0.0488916786329,0.000562047133246,-0.0796897237551,-0.00832768281753,0.0303942217948,-0.00727609909598,0.574040237273,0.818812008766,0.00233392221571,0.0,0.818773936132,-0.573980220228,-0.0116916722339,0.0,-0.00823381496674,0.00862261099442,-0.99992892491,0.0,0.659431332072,0.257856480295,0.303628146067,1.0,-0.00972,-0.0127748571429,0.487
0.46329149055,0.534117503229,-0.124070565854,-1.3766794224,0.0782380460806,1.9017315756,0.156601638397,-0.00838978109921,-0.0542335873221,-0.000320112022651,-0.0881832099174,-0.00273825618338,0.0364947230166,-0.0125104813813,0.574045631906,0.818808304705,0.00230641188219,0.0,0.818769939549,-0.573985782957,-0.0116984595004,0.0,-0.00825510709759,0.00860403594796,-0.999928909359,0.0,0.659297611088,0.257684316934,0.303614335214,1.0,-0.00998,-0.0131165714286,0.5
0.463129509404,0.533040997958,-0.12407088173,-1.37841642962,0.07813692089,1.90238015159,0.156394032762,-0.00397239724906,-0.0542729003161,-0.000416638305947,-0.0873407795103,-0.0058375669268,0.030479848455,-0.00936583544765,0.574072305359,0.818789643897,0.00229219710628,0.0,0.818751056832,-0.574012466895,-0.0117107509244,0.0,-0.00827305114546,0.0085997221552,-0.999928798167,0.0,0.659088237862,0.257401555905,0.30359869516,1.0,-0.0104,-0.0136685714286,0.521
0.463030771037,0.532257762229,-0.124068344659,-1.3796715061,0.0780733473804,1.90285388587,0.156235428665,-0.00563204632177,-0.0567925712062,0.00111007765833,-0.0914575507385,-0.00846668925534,0.0390436017943,-0.00722286121724,0.574077278254,0.818786124263,0.00230395493563,0.0,0.818747555294,-0.574017255432,-0.0117208390164,0.0,-0.00827450977254,0.00861519070157,-0.999928652943,0.0,0.658949700623,0.257232492119,0.303598776949,1.0,-0.01066,-0.0140102857143,0.534
0.462869557608,0.531095974587,-0.124073450258,-1.38152350383,0.0779513357681,1.90353678796,0.155990575889,-0.00472696777443,-0.0637385577542,-1.65172526783e-05,-0.0945627442489,-0.00458332295794,0.0322942729086,-0.00955781012106,0.574080546593,0.818783872099,0.00228991594486,0.0,0.818745202879,-0.57402066101,-0.0117183786222,0.0,-0.00828051978437,0.00860231652073,-0.99992871403,0.0,0.658734044144,0.25694533261,0.303595427696,1.0,-0.01106,-0.014536,0.554
0.46275103068,0.530252347883,-0.124074337899,-1.38287214343,0.0778593429768,1.90400758361,0.155820413545,-0.0106513361691,-0.0579680735185,0.000667174848315,-0.0888026691216,-0.011240251555,0.0382330984172,-0.00618980906416,0.574087331242,0.81877921186,0.00225504656802,0.0,0.818740128222,-0.574027615202,-0.0117322770835,0.0,-0.0083118456089,0.00858181398301,-0.999928630299,0.0,0.658571081628,0.256734824364,0.303588711237,1.0,-0.01134,-0.014904,0.568
0.462587800669,0.528972066075,-0.124085825195,-1.38490893904,0.0777422295269,1.90475752268,0.155549330192,-0.00797107729857,-0.0640762757246,-0.00243961794232,-0.095686567251,-0.00870629767096,0.0395784386615,-0.0167297927439,0.574086230201,0.8187800002,0.00224910379387,0.0,0.818740804029,-0.574026500225,-0.011739666052,0.0,-0.00832131880414,0.00858117889044,-0.999928556959,0.0,0.658329364649,0.256427642097,0.303586372333,1.0,-0.01176,-0.015456,0.589
0.462491049081,0.528186618462,-0.12408398382,-1.38610656684,0.0776530040725,1.90522064472,0.155379592885,-0.00702305202865,-0.0673060909706,-5.20807142558e-05,-0.0978525057845,-0.00809629491212,0.0429083895776,-0.0167275218985,0.574066059458,0.818794048214,0.00228317527069,0.0,0.818755441585,-0.57400635662,-0.0117036889739,0.0,-0.00827251302682,0.00858821813714,-0.999928901491,0.0,0.658191544608,0.256250175631,0.303609399048,1.0,-0.012,-0.0157714285714,0.601
0.462321677186,0.526862191844,-0.124081609574,-1.38816780804,0.0775360141691,1.90601371126,0.155100205614,-0.0069808102624,-0.0690774713594,0.0011721099167,-0.104072511733,-0.00494754802935,0.0386035739323,-0.00407543571596,0.574054452204,0.818802041711,0.00233437266857,0.0,0.818764029828,-0.573994489263,-0.0116848901177,0.0,-0.00822785324955,0.00861922951569,-0.999929003136,0.0,0.657951139928,0.255947680503,0.303629177942,1.0,-0.0124,-0.0162971428571,0.621
0.462204432049,0.525984761643,-0.124083723912,-1.38954407038,0.0774464742749,1.90652569445,0.154904935929,-0.00854747246611,-0.0615652095625,0.000318166890645,-0.107962162264,-0.00758487539652,0.0369656326279,-0.02101429448,0.574042174119,0.818810629926,0.0023412719698,0.0,0.818772752789,-0.573982234875,-0.0116756258793,0.0,-0.00821643625515,0.00861943731054,-0.999929095224,0.0,0.657789063174,0.255737740187,0.303635909275,1.0,-0.01266,-0.0166388571429,0.634
0.462007164454,0.524545275824,-0.124090405868,-1.39182424718,0.0773018541659,1.9073465466,0.154602194883,-0.0114790762583,-0.069855322931,-0.000132292185041,-0.111069869842,-0.000422857760713,0.0390740408241,-0.0156929804137,0.574044131448,0.818809320575,0.00231917900133,0.0,0.818771177471,-0.573984294482,-0.0116848419924,0.0,-0.00823664379089,0.00860665759915,-0.999929039054,0.0,0.657515248435,0.255384699754,0.303634411779,1.0,-0.01308,-0.0171908571429,0.655
0.461888145116,0.52362930023,-0.124103200679,-1.39328533198,0.0772103681927,1.90786089951,0.154407346831,-0.0051565764287,-0.0725487681181,-0.00113599498319,-0.10892560135,-0.00344841802874,0.0383870692692,-0.00894693809974,0.574044731146,0.818808985993,0.00228866807723,0.0,0.818770472671,-0.573985033425,-0.0116979223282,0.0,-0.00826486182113,0.00858918988974,-0.999928956414,0.0,0.657336809737,0.255157735326,0.30362796996,1.0,-0.01334,-0.0175325714286,0.668
0.461687938617,0.522136857578,-0.124108768648,-1.39567856866,0.0770624285054,1.90877517072,0.154079095322,-0.0129511894745,-0.0730772232834,-9.54460333838e-05,-0.118207288325,-0.00715502647593,0.0465893484601,-0.0189196533809,0.574032360277,0.818817642179,0.00229458334101,0.0,0.818779251256,-0.573972689663,-0.0116891460202,0.0,-0.00825440973441,0.00858887067187,-0.999929045493,0.0,0.657055598896,0.254796548521,0.303617205101,1.0,-0.01376,-0.0180845714286,0.689
0.461563475536,0.521188229189,-0.124114817395,-1.39719689245,0.0769763627559,1.90937391772,0.153870952666,-0.00764338344235,-0.0767449875536,0.000134498292264,-0.114911196477,-0.00755848986105,0.0481580766413,-0.0183605989562,0.574026356813,0.818821782792,0.00231875195813,0.0,0.818783702573,-0.573966595102,-0.0116766009579,0.0,-0.0082303275063,0.00860139862501,-0.999929136315,0.0,0.656879962299,0.254570171311,0.303613094175,1.0,-0.01402,-0.0184262857143,0.702
0.461365191429,0.519693403687,-0.124121295388,-1.39959781162,0.0768117579243,1.91024811732,0.153545842449,-0.00931503272411,-0.082874703778,-0.00507313846744,-0.12416063641,-0.00682754486217,0.0443616959883,-0.0168777491596,0.574010474658,0.818833028847,0.00227876141172,0.0,0.81879456034,-0.573950997812,-0.011681907736,0.0,-0.00825779349629,0.00857153988142,-0.999929166267,0.0,0.656587987909,0.254203587021,0.303596048106,1.0,-0.01442,-0.018952,0.722
0.461237997821,0.518648631347,-0.124123308797,-1.40118469591,0.0767112925869,1.91080498534,0.153337797471,-0.00983965884,-0.0837881322615,0.000383538770502,-0.123341357403,-0.0102259435553,0.0469046166893,-0.0161708200441,0.574002618547,0.818838503477,0.00229042044835,0.0,0.818800165667,-0.573943078355,-0.0116781168796,0.0,-0.00824807958733,0.00857883148021,-0.999929183909,0.0,0.656389817668,0.253965865974,0.303622415617,1.0,-0.01468,-0.0192937142857,0.735
0.461013658195,0.516990179488,-0.124128430849,-1.40380573362,0.0765466463766,1.91175435214,0.15298633445,-0.0141247466703,-0.079658436035,0.000336265209385,-0.127603887941,-0.00756406816791,0.0351951383185,-0.0157423159666,0.573996465294,0.818842859873,0.00227498726638,0.0,0.81880431733,-0.573936978089,-0.0116868303972,0.0,-0.00826413741872,0.00857113375498,-0.999929117337,0.0,0.656069651902,0.253564198765,0.30362099738,1.0,-0.0151,-0.0198457142857,0.756
0.460876370873,0.515969408982,-0.124134347708,-1.40544566328,0.0764455507372,1.91237166642,0.152755559655,-0.00812518799753,-0.0813062092368,-0.000145383852484,-0.133669760613,-0.00334502719905,0.0485380647499,-0.0195160387512,0.573978248562,0.818855645593,0.00226908784573,0.0,0.818817040019,-0.573918799419,-0.0116881799295,0.0,-0.00826881915019,0.00856689377746,-0.999929114968,0.0,0.655856759998,0.253296642778,0.303608595965,1.0,-0.01538,-0.0202137142857,0.77
0.460648607376,0.514244548316,-0.124130840169,-1.40817168929,0.0762822341364,1.91338682587,0.152387997248,-0.00387146189176,-0.0885253220054,0.00233884141385,-0.131407204426,-0.00455557774855,0.0496845569339,-0.0178053514461,0.573966239501,0.818864024965,0.00228285627234,0.0,0.818825523081,-0.573906663142,-0.0116898098561,0.0,-0.00826237740055,0.00857898235693,-0.999929064575,0.0,0.655539351944,0.252909328168,0.303609688222,1.0,-0.01578,-0.0207394285714,0.79
0.460487177274,0.513103164761,-0.124138351698,-1.41004778313,0.0761617114673,1.91403253208,0.152123297843,-0.01204760188,-0.0871202542756,-0.000432856373556,-0.136733515367,-0.00957122372862,0.0386130031512,-0.0194126385621,0.573952738957,0.818873708242,0.00220233825746,0.0,0.818834144229,-0.573893448439,-0.0117346062768,0.0,-0.00834541373455,0.00853862357049,-0.999928720448,0.0,0.655301286472,0.252615901979,0.303572770301,1.0,-0.01606,-0.0211074285714,0.804
0.460253926983,0.511431241013,-0.124143009935,-1.41275265016,0.07600666007,1.91500553082,0.151749899527,-0.0117999774155,-0.0875502299101,-0.000507538892655,-0.131422324286,-0.00894597350014,0.0494857648585,-0.0247123774058,0.573941060661,0.81888201924,0.00215507636433,0.0,0.818841680601,-0.573881789251,-0.0117788360426,0.0,-0.00840887985991,0.00852518813992,-0.999928303383,0.0,0.654963799737,0.252202346037,0.303540926846,1.0,-0.01646,-0.0216331428571,0.824
0.460106267888,0.510295134889,-0.124144046094,-1.4145267992,0.0759028308541,1.91568260834,0.151496112955,-0.0104729445917,-0.0913350685144,1.48032083322e-05,-0.138469766505,-0.00365559926393,0.0505223337615,-0.0207176782439,0.573919637143,0.818896942864,0.00218951394651,0.0,0.818857010402,-0.57386019344,-0.0117652794853,0.0,-0.00837823781263,0.00854538830279,-0.999928388171,0.0,0.65474888431,0.251938581338,0.303550585091,1.0,-0.01672,-0.0219748571429,0.837
0.45986370399,0.508542473665,-0.12414939302,-1.41729123429,0.0757185296943,1.91669559279,0.151105194217,-0.0155354297732,-0.0844757665764,-0.000477370951052,-0.135323109107,-0.0102020151291,0.040723487878,-0.0174484596782,0.573888079572,0.818919091827,0.00217716988344,0.0,0.818879052617,-0.573828741856,-0.0117651649962,0.0,-0.00838555702681,0.00853489108014,-0.999928416472,0.0,0.654390350753,0.251492380583,0.303545381089,1.0,-0.01714,-0.0225268571429,0.858
0.459703800022,0.507387213506,-0.124147207429,-1.41911999796,0.075598709642,1.91735241883,0.150848326212,-0.0139513825587,-0.0870572200856,-0.00184722870587,-0.140342724529,-0.00702279967616,0.046993306908,-0.0255470000334,0.573877097683,0.81892682578,0.00216279319997,0.0,0.818886632194,-0.573817849687,-0.0117688527706,0.0,-0.00839694156636,0.00852512164574,-0.999928404274,0.0,0.654179522197,0.251230824771,0.303543643152,1.0,-0.01738,-0.0228422857143,0.87
0.459435318988,0.505429334798,-0.124158096147,-1.42213237706,0.0754059673405,1.91849229721,0.150435184254,-0.0127131504581,-0.0955262697946,-0.001852208909,-0.143437457526,-0.011140219345,0.058983442997,-0.0260764591595,0.573870039893,0.818931598086,0.00222752573684,0.0,0.818892348071,-0.573810650874,-0.0117220354562,0.0,-0.00832152745126,0.00855119337287,-0.999928812103,0.0,0.653817185755,0.250763416257,0.303577621937,1.0,-0.0178,-0.0233942857143,0.891
0.459277374444,0.504287593572,-0.124155430431,-1.42387895156,0.0753034656467,1.91917004441,0.150202687729,-0.0121494299375,-0.0984297605926,0.00425342829814,-0.144857115361,-0.00824807975828,0.0548797406747,-0.0166085669743,0.573869570737,0.81893175022,0.00229154206218,0.0,0.818893292048,-0.573809902436,-0.0116926902903,0.0,-0.00826076484238,0.00858677290279,-0.999929011028,0.0,0.653607974597,0.250498909894,0.303602693607,1.0,-0.01804,-0.0237097142857,0.903
0.458989944154,0.502203364796,-0.124154080108,-1.42694759226,0.0751034941556,1.92032444174,0.149770646688,-0.0151135469272,-0.103713087129,0.00191565982958,-0.149721103794,-0.0113665367818,0.0560169837802,-0.0241896708305,0.5738533608,0.818942704256,0.00243194281207,0.0,0.818906142026,-0.573793267125,-0.0116087921208,0.0,-0.00811165937556,0.00865344388485,-0.999929656971,0.0,0.653238191858,0.250021309842,0.303697419196,1.0,-0.01846,-0.0242617142857,0.924
0.458816573995,0.500907801061,-0.124159993567,-1.4289098755,0.0749712825352,1.92100894299,0.149489439269,-0.00521349988389,-0.103582306692,0.000519329564551,-0.154363144494,-0.0140289874264,0.0492486609404,-0.0208764929643,0.573833390287,0.818956667798,0.00244199950268,0.0,0.818920271748,-0.573773302069,-0.0115988471079,0.0,-0.00809795497017,0.00865577530616,-0.999929747872,0.0,0.652988288546,0.249714104063,0.303727089965,1.0,-0.01872,-0.0246034285714,0.937
0.45852403538,0.498906106519,-0.124162525909,-1.43197882406,0.0747841943772,1.92212361384,0.149061656419,-0.0113402698416,-0.0979563473435,-0.00122978526778,-0.153836956701,-0.00639152939616,0.0560288245936,-0.0239734723764,0.573830089369,0.818958854001,0.00248412761954,0.0,0.818922920012,-0.573769764992,-0.0115868357113,0.0,-0.00806397963178,0.00868335119703,-0.999929783357,0.0,0.652607067864,0.249229468483,0.303759320095,1.0,-0.01912,-0.0251291428571,0.957
0.458312040832,0.497536246511,-0.124160046732,-1.43415448693,0.0746569396736,1.92293909156,0.148740566117,-0.015720300723,-0.0963352074623,0.00129093504,-0.154035288529,-0.00981786144334,0.0597299349673,-0.021901048988,0.573815252946,0.818969215179,0.00249539113941,0.0,0.818933329008,-0.573754785628,-0.0115929077315,0.0,-0.00806264716921,0.00869591367859,-0.999929684931,0.0,0.652339476809,0.248887382813,0.303749483904,1.0,-0.0194,-0.0254971428571,0.971
0.457999525455,0.495551927532,-0.124157751925,-1.43732957275,0.0744547687053,1.92403399996,0.148269168177,-0.0157238968524,-0.100873849377,-0.000219290066046,-0.166843251365,-0.0137028466577,0.0466246314746,-0.0237376147049,0.573788883192,0.818987937375,0.00241306031542,0.0,0.818950849467,-0.573728565622,-0.0116527270413,0.0,-0.00815915833993,0.00866254981125,-0.999929191676,0.0,0.651929976802,0.248376417887,0.303715815408,1.0,-0.0198,-0.0260228571429,0.991
0.457791269382,0.494293342501,-0.124160050671,-1.43942833361,0.0743242201106,1.92476509822,0.147985255945,-0.0176758867263,-0.0956849669189,-0.000675018428386,-0.160770442641,-0.0176463646363,0.0567025665695,-0.0214104003575,0.573798883296,0.818981203909,0.00231863601138,0.0,0.818942794096,-0.573738807444,-0.0117144241131,0.0,-0.00826376080623,0.00862071970379,-0.999928694182,0.0,0.651659504429,0.24803573537,0.303656995672,1.0,-0.0201514285714,-0.0264847346939,1.004
0.457451383806,0.49222848179,-0.124163910261,-1.44275099728,0.0741054046585,1.92599755858,0.147516537231,-0.0194668554281,-0.104740028724,-0.000366856363724,-0.172983494925,-0.00814372044362,0.0591094963016,-0.024689564431,0.573803624002,0.81897797298,0.00228642873035,0.0,0.818939209526,-0.57374373474,-0.0117236875074,0.0,-0.00828977727557,0.00859970608645,-0.999928659779,0.0,0.651249852264,0.247493762314,0.303619827431,1.0,-0.0212942857143,-0.0279867755102,1.024
0.457216973006,0.490708607803,-0.124156741968,-1.44519569032,0.0739513912694,1.92685005351,0.147166006163,-0.0164825423163,-0.116817589373,0.00012393796819,-0.172525261652,-0.0140851442861,0.0641878279753,-0.0244299934758,0.573783548686,0.818992204602,0.00222597375307,0.0,0.818952516777,-0.573723747454,-0.0117721609198,0.0,-0.00836437506142,0.00857780422492,-0.999928226677,0.0,0.650929851491,0.247108755854,0.303587280705,1.0,-0.0220942857143,-0.0290382040816,1.038
0.456805293167,0.488225746666,-0.124165608817,-1.44917947393,0.0737028014533,1.92829259953,0.14660190468,-0.0223410549737,-0.120120999174,0.00241161430648,-0.182046206382,-0.0126676432847,0.0725659376792,-0.0282690069328,0.573795895705,0.818983697901,0.00217245168101,0.0,0.818943233361,-0.573736217588,-0.0118101677138,0.0,-0.00842608284495,0.00855590509343,-0.999927896208,0.0,0.65042879737,0.246454220111,0.303542641698,1.0,-0.0233514285714,-0.0306904489796,1.06
0.456587589501,0.486892447023,-0.124173611364,-1.45122892791,0.0735742384345,1.92909757452,0.146310415036,-0.0175875392764,-0.118581632603,0.000731245316733,-0.188067527664,-0.0143387109635,0.0710497723986,-0.0216533261843,0.573808190789,0.818974892359,0.00224338363006,0.0,0.81893542794,-0.573748317036,-0.0117635225897,0.0,-0.00834705277109,0.00858735728087,-0.999928289431,0.0,0.650186273178,0.246116505041,0.303563449215,1.0,-0.02398,-0.0315165714286,1.071
0.456142433726,0.484242227311,-0.124197210912,-1.45524564365,0.0733165172798,1.93055960479,0.145690299621,-0.0194322869941,-0.125981915357,-0.00451511823721,-0.192849067445,-0.0125939043196,0.0694775169481,-0.0263233546461,0.573809746436,0.818973595078,0.00231783545169,0.0,0.818935167342,-0.573749664363,-0.0117158540356,0.0,-0.00826527691868,0.0086209941778,-0.999928679285,0.0,0.649693188793,0.245430226132,0.303618860875,1.0,-0.02518,-0.0330937142857,1.092
0.455864461419,0.482540075542,-0.12422006389,-1.4578690175,0.0731532464675,1.93142958071,0.145298607571,-0.0198104491692,-0.133440908682,-0.00330121715007,-0.204679354422,-0.00527756599371,0.0648617408814,-0.028038511695,0.573816953753,0.81896866732,0.00227429872095,0.0,0.818929578911,-0.573756935044,-0.0117503691394,0.0,-0.00831844964707,0.00860521719602,-0.999928374251,0.0,0.649350071067,0.244981009053,0.303627162172,1.0,-0.0259228571429,-0.0340700408163,1.105
0.455424523317,0.479856353174,-0.124248092595,-1.46203008097,0.0728995730151,1.9329747889,0.144688863906,-0.0230056686572,-0.133567405825,-0.000213239187773,-0.211844786721,-0.0167663675027,0.0793148895586,-0.0226311634657,0.573832784854,0.818957422434,0.0023285548373,0.0,0.818919037705,-0.573772559697,-0.0117220443684,0.0,-0.00826395347895,0.00863355747347,-0.999928581829,0.0,0.648833684766,0.244285691184,0.303641923836,1.0,-0.0270657142857,-0.0355720816327,1.125
0.45511812045,0.478047290739,-0.124267864836,-1.4647731445,0.0727277127019,1.93398536929,0.144279336099,-0.0272071771286,-0.142557809996,-0.00108820631928,-0.211926596206,-0.0191884628807,0.076629639178,-0.0331987285904,0.573852730222,0.818943276751,0.00238754746837,0.0,0.818905694473,-0.573792323975,-0.0116867192739,0.0,-0.00820096166009,0.00866179874681,-0.999928856204,0.0,0.648466518683,0.243778485577,0.303677430884,1.0,-0.0278657142857,-0.0366235102041,1.139
0.454604413725,0.47504187003,-0.124275038833,-1.46939666883,0.0724413524369,1.93566661373,0.143619946201,-0.0262981496144,-0.143994016099,0.000157322352526,-0.226346793982,-0.0212664977452,0.0796568969865,-0.0375741184795,0.57388062158,0.818923561124,0.00244542664148,0.0,0.818886611405,-0.573819876646,-0.0116710637314,0.0,-0.00815463166116,0.00870049195596,-0.999928899183,0.0,0.647910315815,0.243038833271,0.303703054938,1.0,-0.0290085714286,-0.0381255510204,1.159
0.454274512715,0.473123427613,-0.124278959006,-1.47235572874,0.0722385381146,1.93669704968,0.143194306417,-0.0298582698117,-0.151029772661,0.000508434611661,-0.231361668055,-0.0212796386894,0.0766854366176,-0.03614493432,0.573891264171,0.81891615066,0.00242940258197,0.0,0.818879008384,-0.573830592009,-0.0116776797328,0.0,-0.00816913229473,0.00869127249569,-0.999928861,0.0,0.647525624324,0.242535692892,0.303710772221,1.0,-0.0297514285714,-0.039101877551,1.172
0.453766011839,0.47011181952,-0.124279371299,-1.47700031619,0.071955045027,1.93837616804,0.142479156351,-0.0289435425748,-0.150850689398,0.000321739543771,-0.237675890401,-0.0186932995621,0.090832830485,-0.0358798885923,0.573867071384,0.818932966462,0.00247542390943,0.0,0.818896206987,-0.573806007537,-0.0116796745593,0.0,-0.00814461423278,0.00872986396111,-0.999928724827,0.0,0.646925733728,0.241765311987,0.303726675222,1.0,-0.0308942857143,-0.0406039183673,1.192
0.45340422017,0.467915332604,-0.124278515193,-1.48029261921,0.0717315212436,1.93966386636,0.141949071014,-0.0302259775933,-0.157628010989,-0.00198798010023,-0.235267455355,-0.0149644632201,0.0891128894871,-0.0345928702504,0.573823981161,0.818962684384,0.0026281423293,0.0,0.818928090866,-0.573762591964,-0.0115765691915,0.0,-0.00797300193109,0.00879534193948,-0.999929534117,0.0,0.646520596053,0.241222945396,0.303787453813,1.0,-0.0316942857143,-0.0416553469388,1.206
0.452840856234,0.464718923144,-0.124285111811,-1.48527395679,0.0713841190091,1.94133669507,0.141197859675,-0.0310371855749,-0.164048929529,-0.00707628508487,-0.25444053221,-0.0185987398634,0.0778654268587,-0.0339125294172,0.573813400536,0.818970435716,0.00252065265381,0.0,0.81893440452,-0.573752335002,-0.0116381301465,0.0,-0.00808520983649,0.00874253253614,-0.99992909624,0.0,0.64585138634,0.240367069446,0.30376643906,1.0,-0.0328371428571,-0.0431573877551,1.226
0.452439555499,0.462444963055,-0.124283974311,-1.48886978947,0.0711536749122,1.94260713673,0.140663444913,-0.0305477342342,-0.164266686056,0.000418088373901,-0.258994817557,-0.018331611078,0.0882751634747,-0.0434447718805,0.573808897586,0.818973724206,0.00247689549276,0.0,0.818936978238,-0.573747829721,-0.0116790610098,0.0,-0.00814388747209,0.00873013851535,-0.999928728349,0.0,0.645373676823,0.239763451485,0.303732226798,1.0,-0.0336371428571,-0.0442088163265,1.24
0.451835940247,0.459124169355,-0.124286533801,-1.49404857498,0.0708042536166,1.94442079442,0.139889865036,-0.0295060947152,-0.164204346234,0.000116062813143,-0.25766628748,-0.0205787925464,0.0826124744339,-0.0468964569351,0.573816059954,0.818968843922,0.002430828142,0.0,0.818931432232,-0.573755085824,-0.0117114343557,0.0,-0.00819675765871,0.00871105840511,-0.999928462754,0.0,0.644687564953,0.238872580586,0.303710878251,1.0,-0.03478,-0.0457108571429,1.26
0.451420690906,0.456940703542,-0.124300287203,-1.49752933088,0.0705734813559,1.94566379871,0.13935145448,-0.0273495736956,-0.167530652473,-0.00152542620229,-0.274502798114,-0.0163903296921,0.0940877795898,-0.0471989856799,0.573822747411,0.818964316829,0.00237680792769,0.0,0.818926191101,-0.5737619585,-0.0117411842761,0.0,-0.00825204786535,0.00868395607543,-0.999928243732,0.0,0.644231972836,0.238262587121,0.303664370136,1.0,-0.0355228571429,-0.0466871836735,1.273
0.450754998375,0.45344243326,-0.124337780794,-1.50302286047,0.0701932143302,1.94753972611,0.13849500561,-0.0365826964317,-0.183324404773,-0.00316234229548,-0.27019028264,-0.0183851096598,0.0945713544672,-0.0474622921205,0.573838724858,0.818953436226,0.00226584397177,0.0,0.818913939792,-0.573778427642,-0.0117907628349,0.0,-0.00835615422979,0.00862169351845,-0.999927917946,0.0,0.643464589775,0.237229574665,0.303623006495,1.0,-0.0367228571429,-0.0482643265306,1.294
0.450302586162,0.45084961227,-0.124358491406,-1.50683931434,0.0699397125289,1.94900954753,0.137887389625,-0.0349356831896,-0.185703956059,0.000146852516919,-0.274718900257,-0.0150732554987,0.106584186349,-0.0458125863096,0.573832938595,0.818956942816,0.0024558702956,0.0,0.818920110157,-0.573772142404,-0.0116674197241,0.0,-0.00814616126566,0.0087064789458,-0.999928916114,0.0,0.643020811431,0.236617491274,0.303708092173,1.0,-0.0374657142857,-0.0492406530612,1.307
0.44962265305,0.447081796167,-0.124373036794,-1.51249805045,0.0695515780187,1.95092549972,0.137058154314,-0.0320500277142,-0.189332699488,-0.000999148295493,-0.286213375184,-0.0179319586575,0.0943735630044,-0.0439194709246,0.57386871781,0.818931828746,0.00247011870964,0.0,0.818895110834,-0.573807791089,-0.0116689005355,0.0,-0.00813881739197,0.00871935299765,-0.999928863737,0.0,0.642250778486,0.235623926558,0.303764156529,1.0,-0.0386085714286,-0.0507426938775,1.327
0.449161382228,0.44461602828,-0.124371565302,-1.51625020315,0.0692849951091,1.95225467901,0.136471252827,-0.0341611828882,-0.19114416756,2.57841636587e-05,-0.289502146377,-0.0199074965133,0.110855943884,-0.0501684160331,0.573858664765,0.818938795204,0.00249589371562,0.0,0.818902470255,-0.573797710463,-0.0116481148003,0.0,-0.00810711108841,0.00872843318496,-0.999929042084,0.0,0.641748464054,0.23496750146,0.303782075605,1.0,-0.0393514285714,-0.0517190204082,1.34
0.448449569145,0.440840381368,-0.124374478816,-1.52211487677,0.068880604935,1.95434376227,0.135511422896,-0.0325477668861,-0.186688848868,0.000817209885038,-0.294752887677,-0.0205372804401,0.0982432449245,-0.0468940441276,0.573806338361,0.818975496917,0.00248362801298,0.0,0.818939006693,-0.573745427447,-0.0116548145349,0.0,-0.00812019364817,0.00872171423053,-0.999928994557,0.0,0.640956917302,0.233946926584,0.303755127382,1.0,-0.0404942857143,-0.0532210612245,1.36
0.447906860094,0.438105911994,-0.124382957433,-1.52635226867,0.0686013807615,1.95582061228,0.134838808163,-0.0438867244101,-0.200221249066,-0.000508811014102,-0.308488556404,-0.0211364652428,0.105827000619,-0.0469330724077,0.573815774393,0.81896895554,0.0024604512611,0.0,0.81893202519,-0.573754795916,-0.0116841423378,0.0,-0.00815741119107,0.00871965539824,-0.999928709585,0.0,0.640382163425,0.233188350984,0.303735307758,1.0,-0.0412942857143,-0.0542724897959,1.374
0.447113974478,0.434076311177,-0.124400699879,-1.53242375805,0.0681869004301,1.95795233515,0.133881842479,-0.0428917207564,-0.201933387151,-0.00426677194112,-0.305163714778,-0.0275443163838,0.108465723292,-0.0470078660706,0.573844473638,0.818948640173,0.00252818804183,0.0,0.818912578275,-0.573783238746,-0.0116503638232,0.0,-0.00809057345634,0.00875603046423,-0.999928934751,0.0,0.639564523464,0.232089720974,0.303780828643,1.0,-0.0424371428571,-0.0557745306122,1.394
0.446584543956,0.431426988785,-0.124411298673,-1.53648187091,0.0678819537178,1.95939700969,0.133228146232,-0.0394442507062,-0.201248226922,-0.0015715853472,-0.315486111672,-0.0255925971774,0.111628387934,-0.0485352303227,0.573840630303,0.818951308848,0.00253606992479,0.0,0.818915578415,-0.573779616681,-0.011617823012,0.0,-0.00805944130158,0.00874377439409,-0.999929293408,0.0,0.639018094414,0.231353687882,0.303780944924,1.0,-0.04318,-0.0567508571429,1.407
