position_joint1,position_joint2,position_joint3,position_joint4,position_joint5,position_joint6,position_joint7,velocity_joint1,velocity_joint2,velocity_joint3,velocity_joint4,velocity_joint5,velocity_joint6,velocity_joint7,ee_T_00,ee_T_10,ee_T_20,ee_T_30,ee_T_01,ee_T_11,ee_T_21,ee_T_31,ee_T_02,ee_T_12,ee_T_22,ee_T_32,ee_T_03,ee_T_13,ee_T_23,ee_T_33,v_x,v_y,time
0.465066846523,0.547798778802,-0.124006635153,-1.35584689827,0.0794397884201,1.89411084302,0.15915035864,-4.57614479816e-05,0.000824050261393,0.000142715728917,-0.000598839898377,0.000454656538763,0.000313390407233,0.0013709704509,0.573801681283,0.818980349492,0.00188801571509,0.0,0.818937036556,-0.573743988673,-0.0118622308544,0.0,-0.00863186249397,0.00835289482183,-0.999927857447,0.0,0.66168480031,0.260864520859,0.303196685316,1.0,0.0,0.0,0.0
0.465068740198,0.547793489088,-0.124006255393,-1.35584248558,0.0794428426865,1.89411013095,0.15914626045,0.000441601754497,-0.00117261071537,0.000853008814722,-0.000182661034511,-0.000196501687931,0.00698421034947,-0.00112430894256,0.573797063683,0.818983562651,0.00189755568741,0.0,0.818940346946,-0.573739306279,-0.0118601633819,0.0,-0.00862474262941,0.00835947278208,-0.999927863913,0.0,0.661685058813,0.26086703567,0.303202463917,1.0,-0.00014,-0.000184,0.008
0.465063738792,0.547796715935,-0.124009032581,-1.3558454537,0.0794399292478,1.89411013095,0.159149422547,-0.00155290949672,-0.000343453183629,-0.000192055980842,-0.000428234996171,0.000334611668959,-0.000139021557507,0.00162877228765,0.573805085025,0.818977960282,0.00188993992158,0.0,0.818934684103,-0.573747395416,-0.0118598620321,0.0,-0.00862878363962,0.00835314731836,-0.999927881911,0.0,0.661686397932,0.260861250721,0.303198851998,1.0,-0.00048,-0.000630857142857,0.025
0.465063110086,0.547781114888,-0.124012092031,-1.35586034417,0.0794441462415,1.89411396756,0.159150698845,0.000145322071572,0.000897165630385,-0.00129892278216,-0.000792677899384,0.000272353024881,-7.81163108662e-05,0.000376467539966,0.573810712525,0.818974003242,0.00189607663995,0.0,0.818930773682,-0.573752964779,-0.0118604479001,0.0,-0.00862568497457,0.0083585684985,-0.999927863344,0.0,0.661684792804,0.260858446654,0.303203259155,1.0,-0.00084,-0.001104,0.043
0.465062677541,0.547706378057,-0.124004534278,-1.35593127319,0.0794394281247,1.8941274824,0.159146946853,-0.000319030821506,-0.00983548968293,0.00138094833622,-0.00911695973381,0.000231091951532,0.000565404105596,-0.000201793761093,0.573805298293,0.818977755636,0.00191372039344,0.0,0.818934704011,-0.57374742858,-0.011856882586,0.0,-0.00861269675544,0.0083709152591,-0.999927872015,0.0,0.661671848939,0.260855253895,0.303223359033,1.0,-0.00116,-0.00152457142857,0.059
0.465051393961,0.547581142681,-0.124009821081,-1.3561026825,0.0794403805942,1.89416484414,0.159148002264,-0.00335062508984,-0.0101158904419,-0.00460379463497,-0.0172245593068,6.75597103628e-05,0.00473416509825,0.00119230366583,0.573828743931,0.818961331582,0.00191230572509,0.0,0.818918152231,-0.573770770968,-0.0118705194234,0.0,-0.00862443731045,0.00837782842056,-0.999927712923,0.0,0.661647414428,0.260828716709,0.303233913233,1.0,-0.0015,-0.00197142857143,0.076
0.465040698688,0.547428764046,-0.12400755608,-1.3563223721,0.0794348787034,1.89425843496,0.159136471756,-0.00310695698759,-0.00879219757198,-0.000910630278435,-0.0084748184587,-7.41949455383e-06,0.00589528707151,-3.37522762259e-05,0.57383739012,0.818955210447,0.00193904181478,0.0,0.818912311922,-0.573779240895,-0.0118640213306,0.0,-0.00860368579265,0.00839608590283,-0.999927738555,0.0,0.66162231401,0.260804344533,0.303245333512,1.0,-0.00186,-0.00244457142857,0.094
0.465023627206,0.547249373077,-0.124007353563,-1.35651184577,0.0794315479506,1.89435362742,0.159130868943,-0.00117429316181,-0.0131939421914,-0.000228147774619,-0.0130927693514,0.000525859873927,0.00588972933669,-0.00174762666584,0.57385644012,0.818941675204,0.00201634549239,0.0,0.818899741948,-0.573797935446,-0.0118274602784,0.0,-0.00852918946641,0.00843861152381,-0.999928018791,0.0,0.661607191732,0.260778973503,0.303290474063,1.0,-0.00216,-0.00283885714286,0.109
0.464995258677,0.547039892061,-0.124007694408,-1.35676957069,0.0794295698236,1.89449411288,0.159111783718,-0.00451453444346,-0.00957547599339,0.000239999845033,-0.014240910563,-0.000672950809657,0.00509406042022,-0.00144226326535,0.573878415239,0.818926062292,0.00210140998279,0.0,0.818885174223,-0.573819510058,-0.0117893263548,0.0,-0.00844891922996,0.00848661679878,-0.999928293979,0.0,0.661589229173,0.260741402299,0.303328390768,1.0,-0.00252,-0.003312,0.127
0.464965492688,0.546803185394,-0.124002470337,-1.35711351141,0.0794185052152,1.89462933219,0.159100479051,-0.00105732405217,-0.0161177256103,0.00232725255785,-0.0262178754383,-0.000291229122561,0.00489097050779,0.000294273616735,0.57390622265,0.81890649734,0.00213145959557,0.0,0.81886589844,-0.57384709453,-0.0117855577784,0.0,-0.00842830021435,0.00850934835443,-0.999928274801,0.0,0.66155073086,0.260694409405,0.303343884753,1.0,-0.00286,-0.00375885714286,0.144
0.464931304259,0.546545502859,-0.124005280639,-1.3574833316,0.0794097590679,1.89476128823,0.159023287901,-0.00027179555061,-0.0166269573006,0.000112160660145,-0.0263565432687,-0.000913636673559,0.0159603027076,-0.0117597682172,0.573891274635,0.818916908512,0.0021560963568,0.0,0.818876512113,-0.573831933382,-0.0117863074203,0.0,-0.00841493150797,0.00852979987822,-0.999928213144,0.0,0.661509041906,0.260637196702,0.303361888761,1.0,-0.00318,-0.00417942857143,0.16
0.464889164022,0.546256358949,-0.124002692643,-1.35793799154,0.0793934742871,1.89492524562,0.15891664954,-0.00107650139418,-0.0194505004163,0.00156445323816,-0.0271564802503,-0.00452188571926,0.0105109210173,-0.00116591145574,0.573857734853,0.818940396301,0.00216202614942,0.0,0.818899951075,-0.573798246979,-0.0117978300513,0.0,-0.00842131493965,0.00854092357664,-0.999928064452,0.0,0.66145631967,0.260569140813,0.30336436223,1.0,-0.00352,-0.00462628571429,0.177
0.464842258195,0.545955874233,-0.124007730546,-1.35845158072,0.0793682467224,1.89509468172,0.158897643339,-0.00417601332775,-0.0172285896606,0.000221141718046,-0.033105162365,-0.00209571254406,0.0111499554802,0.000952697856649,0.573906036993,0.818906641594,0.00212601900277,0.0,0.818865673039,-0.573846628756,-0.0118238354599,0.0,-0.00846277148443,0.00852685870093,-0.999927834486,0.0,0.661394908711,0.260485590448,0.303347510132,1.0,-0.00386,-0.00507314285714,0.194
0.464784560109,0.545629178823,-0.124005226011,-1.35900728026,0.0792794929849,1.89528190912,0.158799208126,-0.00679413489617,-0.0222901278614,0.00192311497051,-0.0366958505539,-0.00670418486148,0.00896312029709,-0.00832262365129,0.573878325366,0.818926229059,0.00206056675552,0.0,0.818884860447,-0.573819631493,-0.0118051999126,0.0,-0.00848535756084,0.00846227820159,-0.999928191699,0.0,0.661332653599,0.260385538618,0.303330330751,1.0,-0.00418,-0.00549371428571,0.21
0.464724134261,0.545245905593,-0.124013283366,-1.35969073169,0.0792391741021,1.89549646624,0.158736655238,-0.00295166238924,-0.0213550060024,-0.00183380781962,-0.0412741053228,-0.000168268199777,0.00978108767485,-0.00101651777851,0.573909498363,0.818904568287,0.00198560538915,0.0,0.818862201965,-0.5738510784,-0.011848245178,0.0,-0.00856330517878,0.00842591987285,-0.999927834235,0.0,0.661248337169,0.260272843483,0.303295188162,1.0,-0.00452,-0.00594057142857,0.227
0.464654896163,0.544816937296,-0.124008491378,-1.36039815555,0.079226645579,1.89573457682,0.158652650347,-0.00977199800459,-0.0239449176203,-0.00763961668398,-0.0437848168918,0.000404487848702,0.0118384646972,-0.00278190188817,0.573930077286,0.818890185825,0.00196897130581,0.0,0.818847266307,-0.573871392176,-0.0118964955177,0.0,-0.00861215293139,0.00844020586323,-0.99992729423,0.0,0.661162124661,0.260165628414,0.303282617041,1.0,-0.00486,-0.00638742857143,0.244
0.464592749885,0.544406931013,-0.124013846969,-1.36108708957,0.0791981688346,1.89598289008,0.158544458757,-0.00837742280475,-0.0267503413839,0.000707069932947,-0.0488314489363,-0.00164601357846,0.0167663026552,-0.0107837392217,0.573926972914,0.81889241141,0.00194812684812,0.0,0.818849109334,-0.573868265908,-0.0119204206272,0.0,-0.00864374023514,0.00843683529612,-0.999927050122,0.0,0.661082988684,0.260057286189,0.303266580334,1.0,-0.00518,-0.006808,0.26
0.464528883565,0.543905749618,-0.124011380746,-1.36189693172,0.0791634470066,1.89627369413,0.158467219345,-0.00448212196078,-0.0292385534619,0.00035355727522,-0.0518152119937,-0.00249246923357,0.016460320738,-0.00758962187124,0.573950149635,0.818876185362,0.00194053653612,0.0,0.818832623662,-0.573891314768,-0.0119432056858,0.0,-0.00866651650618,0.00844394188569,-0.999926792989,0.0,0.660985822955,0.259941063061,0.303260892393,1.0,-0.00552,-0.00725485714286,0.277
0.464440908401,0.543356527871,-0.124022597339,-1.36279349911,0.0791041324613,1.89657296095,0.158326768072,-0.00774022174202,-0.035260435718,0.000337967328703,-0.056530780989,-0.00410517670268,0.0147472153856,-0.00273533317088,0.573948962022,0.818877125483,0.00189453306553,0.0,0.818833012983,-0.573890368811,-0.0119619536661,0.0,-0.00870828361501,0.00841701916237,-0.999926657103,0.0,0.660882292513,0.259787911959,0.303249000409,1.0,-0.00588,-0.007728,0.295
0.46437792993,0.542872296238,-0.124018028149,-1.36356471187,0.0790597645724,1.89685610352,0.158263061357,-0.00370057619754,-0.0350472510131,0.000195899796945,-0.0499642610927,-0.00179409531963,0.0303302615111,-0.00981950785369,0.573979861305,0.818855471844,0.0018926036938,0.0,0.818811272239,-0.573921212624,-0.0119703406597,0.0,-0.00871594135097,0.0084205818323,-0.999926560387,0.0,0.660784814445,0.259663420847,0.30325084437,1.0,-0.0062,-0.00814857142857,0.311
0.464290698023,0.542241215485,-0.124016209908,-1.36454536906,0.0790050463814,1.89720854751,0.158117304128,-0.0072736686805,-0.0420013177049,0.00162898900812,-0.0589532631206,-0.0117772228176,0.0213646473624,-0.00172760638372,0.573966863777,0.818864568998,0.00189837487639,0.0,0.818820378808,-0.573908128505,-0.0119747311636,0.0,-0.00871635811754,0.00842768918509,-0.999926496877,0.0,0.660677789257,0.259526153809,0.303258881448,1.0,-0.00654,-0.00859542857143,0.328
0.46420178832,0.541624802201,-0.124021198606,-1.3655060665,0.0789538246955,1.89755690238,0.15797382027,-0.00699573951457,-0.0377296878522,0.0045012150062,-0.0617983585959,-0.00381496010646,0.0215080649367,-0.0113600160902,0.573961832234,0.818868088417,0.00190152857616,0.0,0.818823926955,-0.573903072171,-0.0119744436523,0.0,-0.00871436447027,0.00843005301925,-0.999926494327,0.0,0.660562279063,0.259366722127,0.30326888737,1.0,-0.0069,-0.00906857142857,0.346
0.464128382265,0.540955192417,-0.124029758294,-1.36653285181,0.0788825349646,1.89793849235,0.157864767113,-0.00811487805266,-0.038288570185,-0.00226496369157,-0.0613568653076,-0.00504054492872,0.0141479220354,-0.0137733614192,0.573979982792,0.818855328321,0.00191769047434,0.0,0.818811455668,-0.57392122763,-0.0119570666927,0.0,-0.00869067182355,0.00843350623448,-0.999926671409,0.0,0.660450680816,0.259221764471,0.303285827115,1.0,-0.00722,-0.00948914285714,0.362
0.46402561562,0.540238541849,-0.124033227038,-1.36761664234,0.0788238630594,1.89833103471,0.157721695301,-0.00841853028603,-0.0413627535554,-0.00165365824469,-0.0686718843111,-0.00115735389857,0.0233720777518,-0.00296372688712,0.573993670232,0.818845674622,0.00194283003924,0.0,0.818802064239,-0.573934743799,-0.0119514166719,0.0,-0.00867147513934,0.00845099347439,-0.999926690427,0.0,0.660328196517,0.259049796717,0.303310632111,1.0,-0.00756,-0.009936,0.379
0.463927879225,0.539495805149,-0.124030821529,-1.36876997177,0.0787563970698,1.89877057015,0.15758140633,-0.00729851785242,-0.0424250970877,-0.00146035309436,-0.0674093611799,-0.0066399961362,0.0263264521515,-0.000731777009165,0.574002982124,0.818839086248,0.00196831046209,0.0,0.818795782166,-0.573943922544,-0.0119410126323,0.0,-0.00864823455061,0.00846598416129,-0.999926764894,0.0,0.66019732396,0.258878420353,0.303324534388,1.0,-0.0079,-0.0103828571429,0.396
0.463834354944,0.538839791019,-0.124039269941,-1.36978931849,0.0787050459058,1.8991669002,0.157444330801,-0.00798129915681,-0.0463747632688,0.000703294069051,-0.0692259094881,-0.00100865983102,0.0234795125208,-0.00752978643832,0.57401597488,0.818829903982,0.00199895681629,0.0,0.818786964461,-0.57395675197,-0.0119289813989,0.0,-0.00862065790624,0.00848430901995,-0.999926847703,0.0,0.660086826566,0.258717976501,0.303337454004,1.0,-0.0082,-0.0107771428571,0.411
0.463712134367,0.537993604428,-0.124039686117,-1.3710721605,0.0786273480256,1.89967076679,0.157288387626,-0.0101221175835,-0.0445514803499,0.00483586669795,-0.0714369112318,-0.00559028660321,0.0345894571121,-0.000617070513461,0.574038798257,0.818813765512,0.0020548494,0.0,0.818771588407,-0.573979376687,-0.0118957159323,0.0,-0.00856109960589,0.00851121865269,-0.99992713071,0.0,0.659948623553,0.258517522046,0.303368197949,1.0,-0.00856,-0.0112502857143,0.429
0.463612861577,0.537187285451,-0.124048849621,-1.37235188384,0.0785524823753,1.90013396192,0.157132207928,-0.00667842541735,-0.0441106050934,0.000523609400153,-0.0760767308471,-0.00449435655497,0.0306910228091,-0.0083719422004,0.574049054451,0.818806600391,0.00204478401092,0.0,0.818764286096,-0.573989666641,-0.0119018193295,0.0,-0.00857176836397,0.00850658803145,-0.999927078715,0.0,0.659797586941,0.258324696366,0.303368889533,1.0,-0.0089,-0.0116971428571,0.446
0.463513300466,0.536387729394,-0.124057412493,-1.37359562428,0.0784818992702,1.90060558706,0.1569831749,-0.0084899029231,-0.05141651538,-0.000346949945194,-0.0789816271896,-0.00288985708061,0.0303701251043,-0.01175411458,0.574064160106,0.818795952544,0.00206762668626,0.0,0.818753939626,-0.574004681223,-0.0118894567708,0.0,-0.0085483762677,0.008518352515,-0.999927178815,0.0,0.659655827178,0.258137483959,0.303382502468,1.0,-0.00922,-0.0121177142857,0.462
0.46339624073,0.535502860912,-0.124060929627,-1.37497270806,0.0783990881349,1.90110701914,0.156817396176,-0.00623658806924,-0.0513500083338,-0.00077821430053,-0.0863574023125,-0.00386029057458,0.0332585044726,-0.00960830944924,0.57408012503,0.818784741349,0.00207467604944,0.0,0.818742807841,-0.57402060322,-0.0118873288953,0.0,-0.00854242118554,0.00852306944804,-0.999927189513,0.0,0.659495053448,0.257927015007,0.30339511198,1.0,-0.00956,-0.0125645714286,0.479
0.463267299273,0.534570356046,-0.124058697106,-1.37650541826,0.0783183035866,1.90166075702,0.156623386701,-0.00763287690541,-0.049268898787,-0.00248863094322,-0.0870456371536,-0.00544233619056,0.0329268791409,-0.0103973100725,0.574087679293,0.818779529707,0.00204086205728,0.0,0.818736994778,-0.574028134638,-0.0119239644328,0.0,-0.00859175116854,0.00851649430562,-0.999926822891,0.0,0.659311079594,0.257698089118,0.303371465964,1.0,-0.00992,-0.0130377142857,0.497
0.46315506195,0.533765524068,-0.124054136301,-1.37781543848,0.0782432062589,1.90213225936,0.15646821511,-0.00861612689556,-0.0541878519669,0.00178535557076,-0.0872035608455,-0.00310074514725,0.0296567220745,-0.00775780242995,0.574100853367,0.818770357605,0.00201458976452,0.0,0.818727382353,-0.574041319038,-0.0119492394663,0.0,-0.00862739140923,0.00850963221592,-0.999926574443,0.0,0.659153613151,0.257501654665,0.30335635801,1.0,-0.01022,-0.013432,0.512
0.463006349146,0.532765019587,-0.124059174023,-1.3794137652,0.0781553801824,1.90274180851,0.156261562354,-0.0103681582487,-0.055652252691,-0.0012952151654,-0.0893094833609,-5.98282908484e-05,0.0337735080901,-0.0189223900798,0.574120919455,0.818756258439,0.0020263295435,0.0,0.818713384276,-0.574061282502,-0.0119492778764,0.0,-0.00862047467948,0.0085194775458,-0.999926550262,0.0,0.658973666781,0.257251266122,0.303354128204,1.0,-0.01058,-0.0139051428571,0.53
0.462879714426,0.531783609258,-0.124058864885,-1.38097234398,0.0780583221554,1.90331355509,0.156073659778,-0.00430315092667,-0.0626476072292,0.00251857660803,-0.0886818272613,-0.00855023556854,0.0340083149966,-0.0116646650932,0.574129459081,0.818750287458,0.00201938215701,0.0,0.818707317626,-0.574069844941,-0.0119535808592,0.0,-0.00862789747663,0.00851634982793,-0.999926512885,0.0,0.658788102839,0.257018986946,0.303353656653,1.0,-0.01092,-0.014352,0.547
0.462751724085,0.530840066399,-0.124058864242,-1.38251131266,0.077968809271,1.90385011765,0.155869290491,-0.00153907333663,-0.0607554089101,-0.000157662304075,-0.0955500290536,-0.00200975772909,0.0373983330052,-0.0116700137514,0.574127709031,0.818751604303,0.00198269386001,0.0,0.818708032667,-0.57406812772,-0.0119870297714,0.0,-0.00867636555106,0.00850549708746,-0.999926185876,0.0,0.658612074369,0.256803336113,0.303338554834,1.0,-0.01122,-0.0147462857143,0.562
0.46260047371,0.529754534122,-0.124067349889,-1.38424171229,0.0778609034201,1.90448444285,0.15564030007,-0.00590816661543,-0.0530265078835,-0.000510012013811,-0.0976383744807,-0.0051323611416,0.0300275397126,-0.0108561172372,0.5741338231,0.81874737736,0.00195758542247,0.0,0.818703529901,-0.574074398029,-0.0119942718509,0.0,-0.00869664638569,0.00848916269122,-0.999926148502,0.0,0.658396246064,0.256516243525,0.30332898611,1.0,-0.0116,-0.0152457142857,0.581
0.462474733477,0.528752077428,-0.124070546068,-1.38582691253,0.0777561051667,1.90507913846,0.15542858221,-0.00832964873192,-0.0664480673072,-0.000506885722207,-0.103194423451,-0.00629444076137,0.0282131105618,-0.0101697635495,0.57412348038,0.818754621573,0.00196107856793,0.0,0.818710902393,-0.574064122555,-0.0119828376747,0.0,-0.00868538609898,0.0084853482439,-0.999926278749,0.0,0.658209275419,0.256280015466,0.30333209601,1.0,-0.01192,-0.0156662857143,0.597
0.462336870143,0.527699217677,-0.124063500598,-1.38743907354,0.0776610622142,1.90571164958,0.15518701629,-0.00624552956332,-0.06581073296,-0.000153663329736,-0.105567807864,-0.00274197865564,0.0408058921896,-0.0157476889391,0.574095471155,0.818774104486,0.00202551830627,0.0,0.818731194802,-0.574035816091,-0.0119523807129,0.0,-0.00862374579452,0.00852032670244,-0.999926514821,0.0,0.658024677207,0.256043373693,0.303360573741,1.0,-0.01224,-0.0160868571429,0.613
0.462190416754,0.526537094994,-0.124068479056,-1.38922423749,0.0775487836861,1.90638877753,0.154954009886,-0.00716111431987,-0.069555416148,0.000537901037046,-0.10562878678,-0.0119943995456,0.0445581298478,-0.0152972477883,0.574094335475,0.818774795938,0.00206746565453,0.0,0.818732494585,-0.574034568306,-0.0119232378679,0.0,-0.00857581500871,0.00853792901485,-0.999926776902,0.0,0.657816704588,0.255775270812,0.303387581512,1.0,-0.01258,-0.0165337142857,0.63
0.462037061843,0.525366107735,-0.124071641191,-1.39106616366,0.0774258628637,1.9070483849,0.1547088916,-0.0132671823563,-0.071063030653,-0.000517603241443,-0.107052707498,-0.00495309401685,0.0413670076812,-0.016834656744,0.5740901876,0.818777716731,0.00206251994965,0.0,0.818735419034,-0.574030509003,-0.0119178543728,0.0,-0.00857428929683,0.00853074563122,-0.999926851296,0.0,0.657584375286,0.255472981899,0.303401757804,1.0,-0.01294,-0.0170068571429,0.648
0.461884993272,0.524245126699,-0.124088366688,-1.39283462745,0.0773267845905,1.90766737815,0.154466909341,-0.0101128242759,-0.0689326982218,-0.00268397312786,-0.113650390927,-0.00541048997485,0.0369470032165,-0.0142568859911,0.574093738346,0.818775312315,0.00202840716472,0.0,0.818732486318,-0.574034116981,-0.0119455133794,0.0,-0.00861648242628,0.00851873128564,-0.99992659103,0.0,0.657379004144,0.25521530721,0.303392722411,1.0,-0.01324,-0.0174011428571,0.663
0.461723866764,0.522971584808,-0.124084407551,-1.39487522753,0.0771984863533,1.90844827013,0.154194378977,-0.00952974538971,-0.0711942074526,0.000698130133154,-0.11095759583,-0.00420171665484,0.0492515933809,-0.00833370322091,0.574074747428,0.818788608281,0.00203622609935,0.0,0.818745904231,-0.574015115829,-0.0119389281886,0.0,-0.00860679954321,0.00852115302197,-0.999926653787,0.0,0.657135432851,0.254918455952,0.303384307315,1.0,-0.0136,-0.0178742857143,0.681
0.461563959515,0.521736829591,-0.124092125052,-1.39683111133,0.0770883829657,1.90921330711,0.153928808164,-0.0110083161082,-0.0758401507628,-0.00273180843677,-0.114514443472,-0.00761928053783,0.0421245223008,-0.0209443364221,0.57406898079,0.818792556768,0.00207392796489,0.0,0.818750328199,-0.574009178898,-0.0119209695809,0.0,-0.00857051248302,0.00854165251254,-0.999926790564,0.0,0.656908295617,0.254627025819,0.303387616365,1.0,-0.01394,-0.0183211428571,0.698
0.461404938103,0.520548338339,-0.12409609645,-1.39874337082,0.0769660147049,1.90991184722,0.153672177112,-0.00939896587318,-0.0769241204038,-0.000914799945531,-0.122980493415,-0.00756953993259,0.0399147678821,-0.0160495224245,0.574060831202,0.818798337878,0.00204716117198,0.0,0.818755785654,-0.574001165371,-0.0119319953413,0.0,-0.00859499053485,0.00852598036881,-0.999926714213,0.0,0.656675875831,0.254336538689,0.303372954451,1.0,-0.01426,-0.0187417142857,0.714
0.461243420441,0.519218385955,-0.124097852094,-1.40080136636,0.0768300716922,1.91065414691,0.153397905901,-0.00996320012261,-0.0763697429431,-0.000270582455907,-0.119544907059,-0.00833919584605,0.0453957727189,-0.0150556127017,0.574042323379,0.818811297078,0.0020536915783,0.0,0.818768875121,-0.57398267779,-0.0119231552789,0.0,-0.00858419612011,0.00852605865479,-0.999926806272,0.0,0.65642170208,0.254031104861,0.303391575182,1.0,-0.0146,-0.0191885714286,0.731
0.461052202007,0.517788367507,-0.124100399569,-1.40304454793,0.0766799801183,1.91145394578,0.153093494495,-0.0106158073615,-0.0804562779178,0.00131460569444,-0.128556558212,-0.0059050528691,0.0443603454011,-0.0230520736708,0.574029624572,0.818820246318,0.00203500239947,0.0,0.818777633015,-0.573970109265,-0.0119267869122,0.0,-0.0085980295864,0.00851270735739,-0.999926801171,0.0,0.656145542007,0.253686736145,0.303396888485,1.0,-0.01496,-0.0196617142857,0.749
0.46089228033,0.516609023538,-0.124108857264,-1.40492089641,0.0765615150036,1.91214974747,0.152830734786,-0.0116176219897,-0.0784656834263,-0.000666941777766,-0.124815346941,-0.0101154885586,0.0430132947042,-0.0176092659561,0.574018725747,0.818827902219,0.00202877826573,0.0,0.818785252422,-0.573959281613,-0.0119247795933,0.0,-0.00860007172089,0.00850634428487,-0.99992683776,0.0,0.655919827432,0.253397763398,0.303391743769,1.0,-0.01526,-0.020056,0.764
0.460700144831,0.51514309409,-0.124116963803,-1.40723681017,0.0764244727269,1.91302062441,0.152514681823,-0.0111104692171,-0.0816496518982,-0.00293570960788,-0.127579722142,-0.00268407136913,0.0456440143084,-0.0219061067823,0.574008360425,0.818835126936,0.00204547255641,0.0,0.818792673313,-0.573948827694,-0.011918398341,0.0,-0.00858537193757,0.00851624219729,-0.99992687983,0.0,0.655640724607,0.253048365467,0.30339316372,1.0,-0.01562,-0.0205291428571,0.782
0.460503890674,0.513735543783,-0.124117417794,-1.4095015263,0.0762918458073,1.91381011262,0.152205405664,-0.0108779302264,-0.0834275639164,-0.000908903625842,-0.135291402686,-0.00520683913643,0.0484418196609,-0.0164859162292,0.573999217321,0.818841669287,0.00199149590718,0.0,0.818798347319,-0.573939747247,-0.0119657786323,0.0,-0.0086552461323,0.00849914476195,-0.99992642292,0.0,0.655354121884,0.252701368089,0.303370285698,1.0,-0.01596,-0.020976,0.799
0.460328698581,0.512411771961,-0.124121587483,-1.41163879905,0.0761586317365,1.9145614183,0.15190603061,-0.0144484265443,-0.0866901763129,-0.000712144062514,-0.13602322387,-0.00918424004828,0.0548746247394,-0.0205416140845,0.573976362483,0.818857821921,0.00193641191583,0.0,0.818813721355,-0.573917069717,-0.0120014044861,0.0,-0.00871627190021,0.00847424629398,-0.999926104147,0.0,0.655082709553,0.252377415803,0.303345740551,1.0,-0.01628,-0.0213965714286,0.815
0.460126394971,0.5109707676,-0.12412191581,-1.41393964027,0.0760267639611,1.91543415795,0.151580058591,-0.0143323465697,-0.0844554142558,-0.00100550362254,-0.133528714163,-0.00719815783468,0.0500033918342,-0.0239023081502,0.573960290051,0.818869055147,0.00195009448118,0.0,0.818825038138,-0.573900848439,-0.0120049981631,0.0,-0.00871152834953,0.00848734182333,-0.999926034416,0.0,0.65480475076,0.252028503898,0.303335442367,1.0,-0.01662,-0.0218434285714,0.832
0.459922322655,0.509473107221,-0.12412486841,-1.41630409526,0.0758797680414,1.91631708545,0.151243557251,-0.0125448447026,-0.0909813149056,-0.000783670495816,-0.140228892712,-0.00255709721464,0.0471753238279,-0.0177495695087,0.573937510454,0.818884995746,0.0019608003157,0.0,0.818841118413,-0.573878026042,-0.0119992051563,0.0,-0.00870087636754,0.00849254136605,-0.999926083014,0.0,0.654516053655,0.251668460511,0.303334964329,1.0,-0.01696,-0.0222902857143,0.849
0.459723835538,0.508061723389,-0.124129859734,-1.41853113574,0.0757333979476,1.91711002905,0.150949098245,-0.0146628999248,-0.0952257317445,-0.00205762576256,-0.140279461171,-0.00493407500219,0.0536221979776,-0.0142377674535,0.573938301297,0.818884502114,0.00193530419649,0.0,0.81884031839,-0.573878951219,-0.0120095473992,0.0,-0.00872396986353,0.00847760755833,-0.999926008523,0.0,0.654238030362,0.2513201961,0.303331279474,1.0,-0.01728,-0.0227108571429,0.865
0.459504393349,0.506509368202,-0.124131261004,-1.42095350897,0.0755762728043,1.91800501396,0.150606131184,-0.0146885694141,-0.0944583942676,0.000197518695481,-0.145718353368,-0.00917348166421,0.0579992600958,-0.021473548859,0.573920979693,0.818896604324,0.00195125486738,0.0,0.81885266624,-0.573861600179,-0.0119967384627,0.0,-0.00870450573823,0.00848313346891,-0.999926131285,0.0,0.653941466929,0.250944226969,0.303341437105,1.0,-0.01762,-0.0231577142857,0.882
0.459289899866,0.504903093777,-0.12413515101,-1.42340913759,0.0754245416849,1.91895626666,0.150263623122,-0.0129640767635,-0.0964775874003,0.000237774453828,-0.14184103651,-0.011758819233,0.0617238938737,-0.0241462126708,0.573904845913,0.81890770744,0.00203505132724,0.0,0.818864912569,-0.573845165577,-0.0119468744145,0.0,-0.00861574905191,0.00852296534066,-0.999926561268,0.0,0.653647615772,0.25057149785,0.303377811708,1.0,-0.01796,-0.0236045714286,0.899
0.459075052803,0.503338000589,-0.124138338659,-1.42574604664,0.075280446008,1.919833044,0.149939689822,-0.0177705563737,-0.0951622237048,0.00118107826303,-0.149232747425,-0.0127932317669,0.0543928194294,-0.0221110798937,0.573898962806,0.818911604052,0.00212418005053,0.0,0.818869977356,-0.573838924599,-0.0118993992041,0.0,-0.0085257830414,0.00856864510411,-0.999926942004,0.0,0.653364816473,0.250208799601,0.303434796856,1.0,-0.01828,-0.0240251428571,0.915
0.458825439634,0.501534711656,-0.124140896019,-1.42841637838,0.0751043609829,1.92080926422,0.149564276172,-0.0143112210271,-0.0985259989661,0.000208937822505,-0.154793258434,-0.00581722526173,0.0517767119217,-0.0219286093619,0.573886557174,0.818920064033,0.00221249208205,0.0,0.818879654676,-0.573826236569,-0.0118451797723,0.0,-0.00843083169233,0.00860971995451,-0.999927394264,0.0,0.653037147088,0.24978908915,0.303507302896,1.0,-0.01864,-0.0244982857143,0.933
0.458582613899,0.499809241786,-0.124147242505,-1.4310223587,0.0749432889657,1.92173043222,0.149208394476,-0.0113446025642,-0.0988466154579,-0.00103059465408,-0.154102650137,-0.0123003423903,0.0612460781913,-0.0147481495192,0.573887584527,0.818919246839,0.00224819582792,0.0,0.818879237678,-0.57382705794,-0.0118342120928,0.0,-0.00840135020837,0.00863267448416,-0.999927444491,0.0,0.652709046075,0.249377036897,0.303550829204,1.0,-0.01898,-0.0249451428571,0.95
0.458349390455,0.498239159554,-0.124141953876,-1.43349422735,0.074791493231,1.92265515824,0.148853514739,-0.0168541917359,-0.0946578558035,9.22448007398e-05,-0.158451476443,-0.00862611956934,0.0524418437372,-0.0267781968803,0.573868929927,0.8189322646,0.00226807459303,0.0,0.818892451596,-0.573808263915,-0.0118311404137,0.0,-0.00838762415487,0.00864699953444,-0.999927435947,0.0,0.652403302187,0.248993691143,0.303549259762,1.0,-0.0193,-0.0253657142857,0.966
0.458081345688,0.49656434364,-0.124144908954,-1.43615876774,0.0746243746824,1.92360783205,0.148446376769,-0.0181888748664,-0.100432825178,0.000682924666989,-0.153308904336,-0.00536922478107,0.0573513042285,-0.0268560039465,0.573846760858,0.81894789012,0.00223499947133,0.0,0.818907577172,-0.573786155614,-0.0118564150305,0.0,-0.00842753657536,0.0086341895976,-0.99992721105,0.0,0.652069497078,0.248560971327,0.303531106631,1.0,-0.01964,-0.0258125714286,0.983
0.457819726129,0.494879991578,-0.124147932171,-1.43890031827,0.0744501896717,1.92455003442,0.148055896762,-0.0153787630705,-0.0984279879565,-0.00109818209495,-0.162231855508,-0.0144042893867,0.0529222649089,-0.0275661910839,0.573834234404,0.818956934501,0.00213489090677,0.0,0.81891519904,-0.573773911126,-0.0119223568733,0.0,-0.00853911653604,0.00858991652304,-0.999926645721,0.0,0.651712688864,0.248121778076,0.303481471391,1.0,-0.01998,-0.0262594285714,1.0
0.4575444886,0.493051959011,-0.124187369253,-1.44174204377,0.0742799836635,1.92558269982,0.147658138406,-0.0130714084369,-0.135707081945,-0.00250019452994,-0.191348499883,-0.0144440785646,0.0759536000265,-0.0335809727677,0.573859097669,0.81893948435,0.00214566909881,0.0,0.818897941199,-0.573798779742,-0.0119108844431,0.0,-0.00852327535278,0.00859241883713,-0.999926759376,0.0,0.651363454015,0.247649163429,0.303492344731,1.0,-0.0282171428571,-0.0370853877551,1.016
0.457206846868,0.490389719502,-0.124244299566,-1.44590830435,0.0740593582076,1.92716437167,0.147043798064,-0.0211772690813,-0.166860619997,0.000979247465796,-0.272221102676,-0.0197215439083,0.0971513209601,-0.0405305047156,0.57381215481,0.818972200943,0.00221178119896,0.0,0.818931405904,-0.573751462223,-0.0118894458174,0.0,-0.0084682759526,0.00863377183766,-0.999926870469,0.0,0.650807061019,0.246968511113,0.303493498711,1.0,-0.0381017142857,-0.0500765387755,1.034
0.456650492377,0.48671845911,-0.124275763759,-1.45173922622,0.0737331715263,1.92933885503,0.146177487146,-0.0322107380249,-0.22280556614,-0.00437002269644,-0.345257110031,-0.0204411610921,0.135952994971,-0.0492750303918,0.573794690576,0.818984361889,0.00223940843112,0.0,0.818943662665,-0.573733620009,-0.01190619815,0.0,-0.00846632919159,0.00866582947025,-0.999926609642,0.0,0.650113361551,0.246080499486,0.303466207983,1.0,-0.0474371428571,-0.0623459591837,1.051
0.456048028089,0.482685634751,-0.124395804973,-1.45804951653,0.0733444645542,1.93162557722,0.145198142767,-0.0425043088721,-0.261719199678,-0.00620882101469,-0.406872809942,-0.0308911544241,0.148053776849,-0.0642583486219,0.573778418229,0.818995802734,0.00222458547888,0.0,0.818955201241,-0.573717706224,-0.0118793445203,0.0,-0.00845301196976,0.00863811366742,-0.999926962123,0.0,0.64932541216,0.245016757102,0.303463758606,1.0,-0.0562234285714,-0.0738936489796,1.067
0.455246161761,0.477610441304,-0.124522152998,-1.46605428493,0.072866683464,1.93442345986,0.144018190638,-0.0529404645446,-0.313284170627,-0.00640804251207,-0.489647829001,-0.039223294657,0.177366072894,-0.0732757387351,0.573821039053,0.818966263634,0.00210263419851,0.0,0.818924003293,-0.573760744884,-0.0119512075875,0.0,-0.00858139207831,0.00857991716112,-0.999926369655,0.0,0.648296653515,0.243654469802,0.303417539322,1.0,-0.0655588571429,-0.0861630693877,1.084
0.454245239072,0.471407888898,-0.124637129934,-1.47568234893,0.0723055360333,1.93789465249,0.142619306378,-0.054307385712,-0.361713722978,-0.00415336077347,-0.561404698039,-0.0257844896129,0.202720573953,-0.0858444465235,0.573890883661,0.818917214178,0.00214403236333,0.0,0.818875277876,-0.573830193872,-0.0119555337195,0.0,-0.00856044667599,0.0086170328128,-0.999926230028,0.0,0.647068012444,0.242026215417,0.303429609978,1.0,-0.0754434285714,-0.0991542204082,1.102
0.453223750928,0.46513174784,-0.124701975275,-1.48513477952,0.0717201860757,1.94143061558,0.141093026302,-0.0646185788817,-0.400173753365,-0.00360297832289,-0.619787550912,-0.0363039164379,0.219155309254,-0.104452523828,0.573815001716,0.818969542387,0.00244527105877,0.0,0.81893162229,-0.573753234577,-0.0117885846572,0.0,-0.00825166847294,0.00876714531513,-0.999927520939,0.0,0.645876972996,0.240438289499,0.303570394595,1.0,-0.0842297142857,-0.110701910204,1.118
0.451945010117,0.45782052954,-0.124760063237,-1.49652303347,0.070986702082,1.94532986217,0.139366302486,-0.0771146542937,-0.445074888323,-0.00237676792423,-0.700961247138,-0.0430823069976,0.234675247783,-0.105530008184,0.573821128775,0.818965697964,0.00229011602484,0.0,0.818925353897,-0.573759538238,-0.0119165400328,0.0,-0.00844542421298,0.00871356429196,-0.999926371593,0.0,0.644350382097,0.238478275259,0.303524449014,1.0,-0.0935651428571,-0.122971330612,1.135
0.450625840776,0.450176244215,-0.124897134408,-1.50812393638,0.0701897432527,1.94944616598,0.137528776968,-0.0834535008188,-0.50763072099,-0.0112466188041,-0.743414449564,-0.0490668643963,0.28695473925,-0.114863488346,0.573809465304,0.818973619379,0.00237806439619,0.0,0.818934996387,-0.573748133355,-0.0118024601389,0.0,-0.0083016533218,0.00872001138655,-0.99992751935,0.0,0.642829149448,0.236433078907,0.303613413201,1.0,-0.102351428571,-0.134519020408,1.151
0.449077533376,0.441441479617,-0.124963270348,-1.52135835567,0.069348376476,1.95418684674,0.135493688216,-0.0947100278663,-0.52843181199,-0.000846723379083,-0.82093873099,-0.0448004512143,0.285148436072,-0.130577947425,0.573824404514,0.81896252414,0.00258529280426,0.0,0.818926326653,-0.573762016257,-0.0117289009236,0.0,-0.00812234387408,0.00884766427255,-0.999927870582,0.0,0.641060838084,0.234143969876,0.303708769847,1.0,-0.111686857143,-0.146788440816,1.168
0.447345975928,0.43198940772,-0.125009377407,-1.53557199734,0.0683896130086,1.95917726837,0.133148620222,-0.107415200435,-0.581363495165,-0.00357077206588,-0.83343716456,-0.0584634777539,0.316581631891,-0.145742467404,0.573715141758,0.819038471181,0.0027687078784,0.0,0.819004529854,-0.573651983784,-0.0116502567104,0.0,-0.00795388681499,0.00895168532208,-0.999928298937,0.0,0.639121809239,0.231648844382,0.303829220092,1.0,-0.121022285714,-0.159057861224,1.185
0.4454375858,0.421972335842,-0.125091698832,-1.55082061627,0.0672966708407,1.96445968247,0.130625242905,-0.118038688515,-0.603487935112,-0.00412361872977,-0.937148130499,-0.0621803605306,0.319924704961,-0.163253848126,0.573620025985,0.819105109999,0.00276251043994,0.0,0.819071364693,-0.573557212364,-0.0116176842079,0.0,-0.00793179942567,0.00892700138565,-0.99992869506,0.0,0.637005662351,0.228912682963,0.30384597507,1.0,-0.130357714286,-0.171327281633,1.202
0.443455769656,0.41191784106,-0.12521599281,-1.56588229707,0.0662171141897,1.96975243647,0.128155207613,-0.121165251402,-0.641495047166,-0.00899640464403,-0.96114762264,-0.0674349601537,0.335576102973,-0.159718517866,0.573638283965,0.819091667809,0.00295055862073,0.0,0.819060887626,-0.573575467919,-0.011453901659,0.0,-0.00768957541943,0.0089872566878,-0.999930047377,0.0,0.634924905179,0.226138932729,0.303953785977,1.0,-0.139144,-0.182874971429,1.218
0.44112103957,0.400768764219,-0.125295212798,-1.58288156071,0.065092751124,1.97541853037,0.125298175151,-0.14459641682,-0.668271089987,-0.00729172196091,-0.990121082068,-0.0590880323937,0.330117223172,-0.171245763018,0.573644876722,0.819087520255,0.00281717489067,0.0,0.819053972828,-0.573581296554,-0.0116547303237,0.0,-0.0079305180207,0.00899326777438,-0.999928111425,0.0,0.63246451989,0.222987278,0.303884707521,1.0,-0.148479428571,-0.195144391837,1.235
0.438557768808,0.388910190525,-0.125435184543,-1.60060219428,0.0637740818796,1.98150599241,0.122265089887,-0.15181952869,-0.703038245399,-0.00199240787675,-1.06776651382,-0.0763935035504,0.35816912379,-0.187266611324,0.573685048466,0.81905895239,0.00294016624298,0.0,0.819027563456,-0.573621705881,-0.0115210999186,0.0,-0.00775006606661,0.00901773357862,-0.99992930598,0.0,0.62993400401,0.219592768481,0.303954134804,1.0,-0.157814857143,-0.207413812245,1.252
0.435964333756,0.377204296052,-0.125562392606,-1.61808622625,0.0624465395303,1.98732459607,0.119130087009,-0.165577022962,-0.758270148469,-0.00327328583259,-1.11096105648,-0.0726580080394,0.369610394548,-0.192963555087,0.573618507331,0.819105640475,0.00291628042706,0.0,0.81907412471,-0.573555460933,-0.0115090558012,0.0,-0.00775463325946,0.00899063034516,-0.99992951463,0.0,0.627185704621,0.215996580553,0.303978257816,1.0,-0.167150285714,-0.219683232653,1.269
0.432721416391,0.363489720394,-0.125741618556,-1.6384509675,0.0609356453466,1.99405241601,0.115514425779,-0.183246459485,-0.792203648102,-0.0103099493428,-1.132857342,-0.0841654250677,0.387861402243,-0.206713669597,0.573756302044,0.81900905729,0.00293544594136,0.0,0.818977857249,-0.573693256218,-0.0114919105021,0.0,-0.00772808203574,0.00899779453563,-0.999929655747,0.0,0.62432657868,0.212138543504,0.304005828047,1.0,-0.176485714286,-0.231952653061,1.286
0.429381089939,0.350049135747,-0.125921589706,-1.65857422432,0.0593919394137,2.00052515092,0.111771776016,-0.201676793489,-0.792267848668,-0.00989207066552,-1.20668808568,-0.0961330994735,0.374907531429,-0.220597219749,0.573816735881,0.818967506833,0.00270615529018,0.0,0.818933172827,-0.573754248308,-0.0116304726503,0.0,-0.00797246459005,0.00889009135272,-0.9999287005,0.0,0.62124990895,0.208034898557,0.303901307453,1.0,-0.185821142857,-0.244222073469,1.303
0.426027115316,0.336773856687,-0.126083086761,-1.67782535924,0.05793126653,2.00686421846,0.108087597692,-0.208714948015,-0.806467524501,-0.0166007176823,-1.22664738345,-0.0992159752218,0.402784227015,-0.235495092294,0.573886214446,0.818917861777,0.00298252104621,0.0,0.818887112764,-0.573822819917,-0.0114897690173,0.0,-0.00769788664694,0.00903634207208,-0.999929541049,0.0,0.61830594768,0.20405891591,0.304041028208,1.0,-0.194607428571,-0.255769763265,1.319
0.422316904375,0.322242958833,-0.126179895639,-1.69898351819,0.0561855302378,2.01363494195,0.103951473127,-0.216618996362,-0.870755649212,-0.00304717511967,-1.25279620394,-0.108614716919,0.398090379578,-0.25022358837,0.573763139094,0.8190039355,0.00302667378324,0.0,0.818974058871,-0.573699980565,-0.0114267272667,0.0,-0.00762227866316,0.00903517617439,-0.999930130789,0.0,0.614943610307,0.1997202958,0.304084616856,1.0,-0.203942857143,-0.268039183673,1.336
0.418301656107,0.307190821542,-0.126294360286,-1.72071921693,0.0544078662241,2.02050205334,0.0995608983903,-0.241626659728,-0.90912804431,-0.0064109499038,-1.28822466464,-0.102246287666,0.411570795611,-0.263955758024,0.573664575326,0.819072593707,0.00312860286383,0.0,0.819044010915,-0.57360110039,-0.0113768500204,0.0,-0.00752404087012,0.00908913426764,-0.999930385801,0.0,0.611430164631,0.195164019243,0.304144430728,1.0,-0.213278285714,-0.280308604082,1.353
0.414203146793,0.2926557641,-0.12641987828,-1.74176484112,0.0526481447813,2.02685022432,0.0952410869643,-0.265216381588,-0.941623773518,-0.0125369408235,-1.3149278499,-0.095486794083,0.404044641328,-0.263268721913,0.573643281115,0.819088174975,0.00294865209337,0.0,0.819056825837,-0.573579835325,-0.0115254266681,0.0,-0.00774920250939,0.00902677098754,-0.999929231129,0.0,0.607926062336,0.190629940347,0.304094900615,1.0,-0.222064571429,-0.291856293878,1.369
0.40927203251,0.275811971416,-0.126587319741,-1.76595305194,0.0506338326769,2.03413193241,0.09009847411,-0.282579262321,-0.934980321132,-0.0121732638654,-1.34080497488,-0.112094305949,0.392268982558,-0.280740998687,0.573628034525,0.819099142226,0.00286707383018,0.0,0.819066041984,-0.573564058555,-0.0116548918103,0.0,-0.00790221352447,0.00903406942976,-0.999927967711,0.0,0.603840438657,0.185323164982,0.304055106089,1.0,-0.231949142857,-0.304847444898,1.387
0.404179968652,0.259330436186,-0.126808700659,-1.78927034723,0.0485691070275,2.04109662416,0.0849745277255,-0.312016945153,-0.956222558372,-0.014085889365,-1.38163321738,-0.124026634013,0.403097828689,-0.302188398811,0.57370737014,0.819043484622,0.0028932070286,0.0,0.819010978238,-0.573643588413,-0.0116102497552,0.0,-0.0078497808875,0.00903062804002,-0.999928411786,0.0,0.599867663925,0.180004924162,0.304093132321,1.0,-0.241284571429,-0.317116865306,1.404
