position_joint1,position_joint2,position_joint3,position_joint4,position_joint5,position_joint6,position_joint7,velocity_joint1,velocity_joint2,velocity_joint3,velocity_joint4,velocity_joint5,velocity_joint6,velocity_joint7,ee_T_00,ee_T_10,ee_T_20,ee_T_30,ee_T_01,ee_T_11,ee_T_21,ee_T_31,ee_T_02,ee_T_12,ee_T_22,ee_T_32,ee_T_03,ee_T_13,ee_T_23,ee_T_33,v_x,v_y,time
0.465082187089,0.547739994618,-0.124018694642,-1.35582304237,0.0794366679125,1.89410901358,0.159166063378,0.00155047917633,0.000473836582196,5.42509230607e-05,-0.000521429103774,3.45856340461e-05,2.73521495772e-05,0.00067764685666,0.573808163037,0.8189756557,0.00195302417082,0.0,0.818933301109,-0.573750314503,-0.0118140528123,0.0,-0.00855503812722,0.00837855778683,-0.999928302976,0.0,0.661690415205,0.260870683802,0.303249917254,1.0,0.0,0.0,0.0
0.465078101241,0.547743143278,-0.124015632313,-1.35582375762,0.0794366284807,1.89410725202,0.159164754836,-0.000153223894093,0.00132686377157,0.000274812089962,0.000367237829927,-3.8600245775e-05,0.00412394804021,-0.000881925895009,0.573808319837,0.818975555456,0.00194898742131,0.0,0.818933130247,-0.573750469807,-0.0118183536122,0.0,-0.00856087508891,0.00837772129631,-0.999928260028,0.0,0.661690180681,0.260869499047,0.303247091761,1.0,-0.00026,-0.000341714285714,0.014
0.465078585695,0.547737858991,-0.124019037933,-1.35582669119,0.0794373799894,1.89410850266,0.159166010376,0.00034315323718,2.86515802158e-07,-0.0026826883712,0.000825647621884,0.000305701657773,-9.26628288374e-05,0.00090893132531,0.573811689484,0.818973187846,0.00195179472569,0.0,0.81893080837,-0.573753836762,-0.0118157862783,0.0,-0.00855712719405,0.00837858243311,-0.999928284894,0.0,0.661690511399,0.260867777336,0.303249661763,1.0,-0.0006,-0.000788571428571,0.031
0.465073303786,0.547713100358,-0.124016559015,-1.35585630469,0.0794365101932,1.89411326533,0.15916367053,-0.000318937850334,-0.00225313485293,0.000317952327188,-0.00447863916155,-0.000141135811001,0.000507030373913,-0.000190461574355,0.573813742671,0.818971745871,0.00195322503556,0.0,0.8189293561,-0.573755855643,-0.0118184065756,0.0,-0.00855843154144,0.00838127879585,-0.999928251134,0.0,0.661686184517,0.260862709427,0.303253436159,1.0,-0.00092,-0.00120914285714,0.047
0.465077532343,0.547607490657,-0.124021593608,-1.35596966488,0.0794337002475,1.89412819306,0.159162659514,0.000476627367664,-0.004774089111,-0.00127290034693,-0.00973609750572,1.79254002374e-05,0.000478865582157,-0.000702119498852,0.573818330814,0.818968509798,0.00196216277846,0.0,0.818926190299,-0.573760362178,-0.0118189904956,0.0,-0.00855373449294,0.00838898140087,-0.999928226733,0.0,0.661666177093,0.260851084114,0.303275752687,1.0,-0.00126,-0.001656,0.064
0.465071981389,0.547478960118,-0.12401340852,-1.35615691627,0.0794333013431,1.89416444443,0.159164380421,0.000391888906953,-0.00654825154671,0.00101635474331,-0.01071503256,-6.28797041009e-05,0.00248315737934,0.00103032736811,0.573828705512,0.818961264178,0.00195228241394,0.0,0.818918632914,-0.573770596096,-0.0118457850048,0.0,-0.00858124203386,0.00839637357681,-0.999927929001,0.0,0.661633459301,0.260834001435,0.303280552699,1.0,-0.0016,-0.00210285714286,0.081
0.465049684747,0.547311983403,-0.124016907132,-1.35636673856,0.0794263564365,1.89425789703,0.159153122648,-0.000823793844373,-0.0104871487116,0.00158661447852,-0.0132142811875,0.000383528147187,0.0108473994639,-0.00378493171408,0.573850154001,0.818946125837,0.00199765636185,0.0,0.81890407156,-0.573791845648,-0.0118231278234,0.0,-0.00853643014818,0.00842075477619,-0.99992810754,0.0,0.661615410948,0.260799741269,0.303307181951,1.0,-0.00194,-0.00254971428571,0.098
0.465031564591,0.547126059847,-0.12401412318,-1.35658372655,0.0794242040056,1.89439450187,0.159144305323,0.000230212638516,-0.0044047389725,0.000827272763908,-0.0148742726116,-3.8084533575e-05,0.0086467193511,-0.00258783866373,0.57386770821,0.818933587047,0.00209293603966,0.0,0.81889273219,-0.57380898139,-0.0117767968203,0.0,-0.00844363153301,0.00847237663263,-0.999928459401,0.0,0.661602022691,0.260774995679,0.30334736484,1.0,-0.00228,-0.00299657142857,0.115
0.4649983889,0.546901902272,-0.124019413003,-1.35685406729,0.0794159441171,1.89452464376,0.159127512075,-0.00233654283678,-0.0127245804877,-0.000883192000686,-0.0203688895007,0.000151215585157,0.0063182407869,0.00160640274026,0.5738978742,0.818912253603,0.0021674381157,0.0,0.818872361518,-0.573838850892,-0.0117377872958,0.0,-0.00836861877091,0.00851131021424,-0.999928759372,0.0,0.661582226022,0.260728350696,0.303388919889,1.0,-0.00262,-0.00344342857143,0.132
0.464969057851,0.546677913129,-0.124019029336,-1.35719441855,0.0794019732293,1.89464238243,0.159095084712,-0.00357100728323,-0.0114569071336,0.00131174648409,-0.0219512480207,-0.000516399733471,0.0154894604818,-0.00551259620709,0.573910419399,0.818903446541,0.00217316582961,0.0,0.818863560504,-0.573851303152,-0.0117430000635,0.0,-0.00836947031968,0.00851912041971,-0.999928685734,0.0,0.661539306418,0.260673489026,0.303397326981,1.0,-0.00296,-0.00389028571429,0.149
0.464933752978,0.546400037753,-0.124014123217,-1.35760853492,0.0793777875604,1.89479667246,0.158961805528,-0.00149811307616,-0.0133000063819,0.00154317230912,-0.0302112044179,-0.00293682966361,0.0110846069679,-0.00793277846408,0.573843423374,0.818950348651,0.00219061556436,0.0,0.818910645136,-0.573784203805,-0.011738383509,0.0,-0.00835637354591,0.00853007681312,-0.999928701864,0.0,0.661494392854,0.260617976342,0.303408612133,1.0,-0.00328,-0.00431085714286,0.165
0.464895138905,0.546107804449,-0.124019362668,-1.35807852846,0.0793396972974,1.89496083688,0.158939533652,-0.00227128037513,-0.0198003729848,7.02924738398e-05,-0.0286355603758,-0.00349509983032,0.0101725615293,-0.000268749626288,0.573876595102,0.818927153999,0.00217185166374,0.0,0.818887306057,-0.573817544148,-0.0117368184765,0.0,-0.00836551382612,0.00851415110651,-0.999928761167,0.0,0.66144036217,0.260542421432,0.30340620076,1.0,-0.00362,-0.00475771428571,0.182
0.464847278491,0.545781646977,-0.12402001541,-1.35861833257,0.0793038675468,1.89514449467,0.158893944203,-0.0107249386097,-0.018284859599,-0.000134899656686,-0.0325816160652,-0.00528252962213,0.0152669349248,-0.00171468541097,0.573899497298,0.818911178019,0.00214392581219,0.0,0.818870976206,-0.573840559468,-0.0117508952122,0.0,-0.00839282944149,0.0084995951214,-0.999928656103,0.0,0.661376269994,0.260457254651,0.303396106866,1.0,-0.00396,-0.00520457142857,0.199
0.464786002392,0.545422082642,-0.124020102204,-1.35923026995,0.0792759450625,1.89534201057,0.15876769106,-0.00330902899833,-0.0223212907535,-0.000385275759857,-0.0381918851596,-0.000673438238306,0.00662621742034,-0.00591498903718,0.573872980216,0.818929867626,0.00210271008617,0.0,0.818889002607,-0.573814076787,-0.0117878577918,0.0,-0.00844702680561,0.00848678264343,-0.999928308559,0.0,0.661302115537,0.260357640879,0.303376505955,1.0,-0.0043,-0.00565142857143,0.216
0.464731129141,0.545042806958,-0.124017331144,-1.35988493439,0.0792419104624,1.89555098286,0.158719519945,-0.00478494245334,-0.0233264030684,0.00101654206832,-0.0411712570945,-0.00448136484285,0.00932815992,0.000876649495884,0.573903876636,0.818908351015,0.00204937103302,0.0,0.818866681748,-0.573845069719,-0.0118296400403,0.0,-0.00851153342861,0.00846740095955,-0.999927925863,0.0,0.66121889509,0.26025889431,0.303351383546,1.0,-0.00462,-0.006072,0.232
0.464660859117,0.544617339312,-0.124020244414,-1.36059927406,0.079208489538,1.89579307468,0.158638157516,-0.00156541737126,-0.0288880673988,0.0012938040621,-0.0424836821122,-0.00029737676591,0.0170082885253,-0.00231108763762,0.573927701646,0.818891741974,0.0020137305385,0.0,0.818849500325,-0.573868927515,-0.0118615661704,0.0,-0.00855788596523,0.0084567864747,-0.999927620056,0.0,0.66113497711,0.26014255337,0.303333584523,1.0,-0.00496,-0.00651885714286,0.249
0.464594819474,0.544160989873,-0.124017923829,-1.36136964456,0.0791737208197,1.89606661887,0.158521046971,-0.00131174182071,-0.0290656446446,0.00188194353759,-0.0440170671711,-0.00422739215178,0.0142994102606,-0.00107936557992,0.573917939753,0.818898652286,0.0019856020411,0.0,0.818855899875,-0.573859139151,-0.0118932986888,0.0,-0.00860011596834,0.00845186215101,-0.999927299373,0.0,0.661042938046,0.260027718045,0.30331348859,1.0,-0.0053,-0.00696571428571,0.266
0.464519664756,0.543657247828,-0.124023292424,-1.36219280836,0.0791259225838,1.89635854024,0.158433129703,-0.00695714463053,-0.0290622026954,-0.000943033498279,-0.0438659295026,0.000316964714591,0.0166980189885,-0.00411392416717,0.573944326423,0.818880217606,0.0019611938939,0.0,0.818837133338,-0.573885609548,-0.0119081116399,0.0,-0.00862598217462,0.00844065400887,-0.999927171244,0.0,0.660948418205,0.259895905113,0.303303575115,1.0,-0.00564,-0.00741257142857,0.283
0.464439322755,0.543122616098,-0.124026140153,-1.36304825504,0.0790785951442,1.89665683735,0.158318622362,-0.00152011126673,-0.032034170879,-0.00120998257842,-0.0521802527523,-0.00441400051563,0.0127354393121,-0.00223556428547,0.573953240902,0.818874011011,0.00194377186492,0.0,0.818830641239,-0.573894538121,-0.011924218419,0.0,-0.0086490790299,0.00843572618327,-0.999927013314,0.0,0.660849170792,0.259759215391,0.303300561614,1.0,-0.00598,-0.00785942857143,0.3
0.464366320577,0.542546066805,-0.124032193695,-1.36395454899,0.0790173049456,1.89697683139,0.158182439771,-0.000476783583437,-0.0384260166393,-7.30119955691e-05,-0.0541327831013,-0.00490413712061,0.0176550434544,-0.0102190628939,0.573939694241,0.818883536609,0.001930737585,0.0,0.818840056139,-0.573881105117,-0.0119242002913,0.0,-0.00865668415481,0.00842489934718,-0.999927038784,0.0,0.660743115396,0.259619255937,0.303304893057,1.0,-0.00632,-0.00830628571429,0.317
0.464279832967,0.54199497149,-0.124027236835,-1.36482541814,0.0789660005623,1.89730875612,0.158082163319,-0.00546788959731,-0.0303880614615,8.23744281553e-05,-0.0540950255483,-0.00608060617814,0.0152386557272,-0.00130572332917,0.573959695987,0.818869490992,0.00194190809519,0.0,0.818826124886,-0.573901027439,-0.0119220304588,0.0,-0.00864829046878,0.00843301241979,-0.999927043025,0.0,0.660647218742,0.259483071712,0.30330870446,1.0,-0.00664,-0.00872685714286,0.333
0.464194821036,0.54134679308,-0.12403572989,-1.36579153254,0.078908237429,1.89766605569,0.157946243476,-0.00704565933992,-0.0358134326826,0.000274407321682,-0.0583312020476,-0.00448785890814,0.0265409332835,-0.0101658063589,0.573962104501,0.818867725485,0.00197424832524,0.0,0.818824809549,-0.573903329836,-0.0119015197087,0.0,-0.00861290851109,0.00844774745301,-0.999927224037,0.0,0.66053988733,0.259330726241,0.303338379689,1.0,-0.00698,-0.00917371428571,0.35
0.464100891695,0.540666531788,-0.124033327221,-1.36684583739,0.078850651395,1.89805679164,0.157814680097,-0.00651941279755,-0.0425603908771,0.000170637586509,-0.0642511805835,-0.00280269346415,0.0205662901108,-0.00470284153602,0.573972660562,0.818860283291,0.00199205346002,0.0,0.818817522609,-0.573913735967,-0.0119010603666,0.0,-0.00860220443886,0.00846217448424,-0.999927194191,0.0,0.660419337706,0.259171062566,0.303351215367,1.0,-0.00732,-0.00962057142857,0.367
0.464002346116,0.53993532864,-0.12404273958,-1.36795653899,0.0787813273691,1.89845932246,0.157685282118,-0.00410802630333,-0.0408655684587,-0.000697893019324,-0.0669104167132,-0.00216488425383,0.0191531533513,-0.00991644038234,0.573996868857,0.818843274128,0.00200844702539,0.0,0.818800774682,-0.573937921093,-0.011887010264,0.0,-0.00858103970537,0.00846778768303,-0.999927328524,0.0,0.660293805982,0.258994390011,0.303374491537,1.0,-0.00766,-0.0100674285714,0.384
0.463914461725,0.539224196533,-0.124044838784,-1.36903960677,0.0787208674098,1.89887183705,0.157542583306,-0.00316131620303,-0.0523459679722,-0.000277478234894,-0.0685031094901,-0.00680151065865,0.0276240187895,-0.0092080636818,0.573997232439,0.818842929172,0.00204484695568,0.0,0.818800874304,-0.573938107502,-0.0118711371172,0.0,-0.00854714565679,0.00848848575594,-0.999927443323,0.0,0.66017098725,0.258834132756,0.303397263563,1.0,-0.00798,-0.010488,0.4
0.463800015241,0.538464721507,-0.124046078346,-1.37022881411,0.0786619522039,1.89933456288,0.15740239846,-0.00856667243984,-0.0460241200059,0.0011696474955,-0.0680417058442,-0.00370416574155,0.025286441564,-0.00370986504818,0.574027111609,0.818821899632,0.00207815375667,0.0,0.818780187697,-0.573967758295,-0.011864382582,0.0,-0.00852218710916,0.0085121922736,-0.999927454823,0.0,0.660041270178,0.258648536842,0.303407893796,1.0,-0.00832,-0.0109348571429,0.417
0.463693039715,0.537686303085,-0.124056779665,-1.37145699363,0.0785901849118,1.89980742124,0.157246734866,-0.0105538493125,-0.0462249218445,0.000277070276767,-0.0732399235587,-0.00601744928446,0.0348329153356,-0.00715075339227,0.5740423348,0.818811195417,0.0020906979619,0.0,0.818769713556,-0.573982996114,-0.0118500311161,0.0,-0.00850307677437,0.00851438362903,-0.999927598857,0.0,0.659912700727,0.258470386492,0.303413052879,1.0,-0.00864,-0.0113554285714,0.433
0.463586825908,0.53685817793,-0.124065590485,-1.3727573646,0.0784945414215,1.90027811626,0.157084091087,-0.00509732999998,-0.0511386135363,-0.0044922626159,-0.0781357622216,-0.00426397376829,0.0279535263953,-0.0125005534879,0.57404931267,0.818806325655,0.00208196814743,0.0,0.818764873678,-0.57399015157,-0.011837839057,0.0,-0.00849803190294,0.00850030941873,-0.999927761488,0.0,0.659754762451,0.25825442208,0.303421191603,1.0,-0.009,-0.0118285714286,0.451
0.463489935436,0.536058523693,-0.124070255559,-1.37399585583,0.0784406816376,1.90074659133,0.156927015649,-0.00452461220587,-0.0486562101684,-0.00274939232214,-0.0778336423941,-0.000906442989052,0.0264848010131,-0.0121599285482,0.574057073608,0.818800794857,0.00211695156524,0.0,0.818759632468,-0.573997606274,-0.0118388822712,0.0,-0.00847872432452,0.00852963281876,-0.999927675683,0.0,0.659610998553,0.25807434533,0.303436939322,1.0,-0.00932,-0.0122491428571,0.467
0.463366413695,0.535154972861,-0.124070427847,-1.37541446951,0.0783587647544,1.90124966505,0.156766289833,-0.00878226740953,-0.0549789371368,-0.000462740318952,-0.0843503017784,-0.00286367917807,0.0276605051166,-0.0098587538174,0.574082516832,0.818782977003,0.00210887157251,0.0,0.81874163098,-0.574022999628,-0.0118526157555,0.0,-0.00849434277013,0.00853116468615,-0.999927530059,0.0,0.659442146451,0.257857133178,0.303442934857,1.0,-0.00966,-0.012696,0.484
0.463245044922,0.534261505845,-0.124073466629,-1.37687134245,0.0782692649213,1.90178627765,0.156586630739,-0.00726226656101,-0.0526867166651,-0.000895693690196,-0.0885848894385,-0.00377299806229,0.0325456412563,-0.0110354001834,0.574092817149,0.818775821249,0.00208296331058,0.0,0.818734141183,-0.574033405666,-0.0118660078358,0.0,-0.00852007382546,0.00851774703698,-0.99992742553,0.0,0.659270988763,0.257636067476,0.303426435216,1.0,-0.01,-0.0131428571429,0.501
0.463119867841,0.533344472176,-0.124071235522,-1.37834422185,0.0781956596274,1.90232558003,0.156399563551,-0.0116939131398,-0.0550784403605,-0.000358019457907,-0.091810631528,-0.00465860271843,0.0298866042313,-0.00761047692489,0.57410144633,0.818769785968,0.00207697121693,0.0,0.818727848756,-0.574041879051,-0.0118902341393,0.0,-0.00854326048545,0.00852683896099,-0.999927150205,0.0,0.65909579059,0.257416728408,0.303418844535,1.0,-0.01034,-0.0135897142857,0.518
0.462991390441,0.53239782864,-0.124071318419,-1.37987368329,0.0781082868813,1.90290820603,0.156214169165,-0.00687128944547,-0.0549175875958,-0.000542703882904,-0.0945493178269,-0.00689377915155,0.0337205614207,-0.00894252004381,0.574115157589,0.818760170751,0.00207738307,0.0,0.818718193891,-0.574055542015,-0.0118954014051,0.0,-0.00854711217972,0.00853028580177,-0.999927087891,0.0,0.658918593756,0.257188274899,0.303408828954,1.0,-0.01068,-0.0140365714286,0.535
0.462854535592,0.531429286045,-0.12407656718,-1.38143836266,0.0780128483773,1.90348348101,0.156011400943,-0.00789716235127,-0.0565203068557,0.00226744812169,-0.0971300262194,-0.00204396669261,0.0342768603669,-0.00856474807173,0.574118658467,0.818757779126,0.00205232130997,0.0,0.818715422878,-0.574059092036,-0.011914784631,0.0,-0.00857733403575,0.00852093133179,-0.999926908864,0.0,0.658720400135,0.25693723642,0.303391583453,1.0,-0.01104,-0.0145097142857,0.553
0.462716325322,0.53040887638,-0.124076931376,-1.38308160627,0.0779088505865,1.90405822162,0.155795445847,-0.00886773381933,-0.0602653215746,-0.0013342438712,-0.0949325692539,-0.00700979762685,0.0327246583149,-0.0124097524864,0.574122426666,0.818755233766,0.0020132763915,0.0,0.818712394579,-0.57406304623,-0.0119323433186,0.0,-0.00861408681285,0.00849908387102,-0.99992677886,0.0,0.658534887643,0.256694931461,0.303383494221,1.0,-0.01136,-0.0149302857143,0.569
0.462575742084,0.529361098708,-0.124077916463,-1.38472714955,0.0778059656751,1.90466992035,0.155573195822,-0.0111890431834,-0.0612296149047,-0.000786846606819,-0.0964718650817,-0.00435468565344,0.0383837938826,-0.00997688687963,0.574117941489,0.818758356151,0.00202247255827,0.0,0.818715650546,-0.574058537151,-0.0119258700469,0.0,-0.00860355376208,0.00850284960423,-0.999926837529,0.0,0.658341911176,0.256445088575,0.303391350835,1.0,-0.0117,-0.0153771428571,0.586
0.462433974366,0.528259751061,-0.124079990095,-1.38642455571,0.0776967436429,1.9053137855,0.155342348209,-0.00611084034861,-0.0651875474848,0.000503637374962,-0.100133124273,-0.012136322046,0.0376732728479,-0.0181282257972,0.574109097764,0.818764467515,0.00205851916563,0.0,0.818722298197,-0.574049612751,-0.0118990519176,0.0,-0.00856099360301,0.00851687347902,-0.999927083469,0.0,0.658145055738,0.256189565455,0.303414796142,1.0,-0.01204,-0.015824,0.603
0.462295091422,0.527202508366,-0.124078113474,-1.38806127644,0.0776015195663,1.90594679636,0.155111012839,-0.00629563230301,-0.0685751700284,0.000695122558663,-0.103167160023,-0.00735686872052,0.0350733958619,-0.00867613476237,0.574095116114,0.818774151448,0.00210558198064,0.0,0.818732564452,-0.574035411651,-0.0118777513845,0.0,-0.00851668116444,0.00854303207477,-0.999927238725,0.0,0.65795619091,0.255946401929,0.303434768791,1.0,-0.01236,-0.0162445714286,0.619
0.462141911169,0.526039061242,-0.124086554025,-1.38987671565,0.0774908780994,1.90661558575,0.154864584275,-0.00323648683928,-0.0712848507575,-0.000334794412402,-0.11142780062,-0.00918547631905,0.0407669538782,-0.0174849461305,0.574092851062,0.818775709289,0.00211734259489,0.0,0.818734290323,-0.574033114606,-0.0118697972612,0.0,-0.00850344062483,0.00854807131489,-0.999927308345,0.0,0.657741699533,0.255667997281,0.303447569537,1.0,-0.0127,-0.0166914285714,0.636
0.461998654688,0.524936730867,-0.124092883367,-1.39160758685,0.0773758618912,1.90723929156,0.154627915903,-0.00593836039306,-0.0695622745345,-0.000910121640852,-0.107300026962,-8.77260157868e-05,0.0427839962355,-0.0117231869632,0.574082865985,0.818782738483,0.00210642965379,0.0,0.818741246714,-0.574023244102,-0.0118673106396,0.0,-0.00850777332154,0.0085376049197,-0.999927360909,0.0,0.657533114465,0.255402872416,0.303453345209,1.0,-0.01302,-0.017112,0.652
0.461839612976,0.523761451504,-0.124100744241,-1.39349480049,0.0772545264262,1.90791969362,0.154362192219,-0.00752997768162,-0.0713534419311,0.0037015643808,-0.110772023048,-0.0186021129378,0.0414612985673,-0.0175190907559,0.574069624132,0.818792106572,0.00207358775304,0.0,0.818750226678,-0.574010175659,-0.0118798760405,0.0,-0.00853705262334,0.00851779040999,-0.999927280345,0.0,0.657305182798,0.255111736496,0.30344071002,1.0,-0.01336,-0.0175588571429,0.669
0.461684095083,0.522535832735,-0.124102488611,-1.39543106391,0.0771383722286,1.90866161767,0.154117511515,-0.00653837508088,-0.0750835372334,-2.67765716629e-05,-0.118420786981,-0.00270240084495,0.0484456254762,-0.015346367338,0.574070468069,0.818791451378,0.00209850991104,0.0,0.81874989572,-0.574010918827,-0.0118667699096,0.0,-0.00851200603773,0.00853068116934,-0.999927383979,0.0,0.657076125132,0.254826327601,0.303444936409,1.0,-0.0137,-0.0180057142857,0.686
0.4615133615,0.521306288473,-0.124104882064,-1.39741568052,0.0770211557995,1.90943345596,0.153840536096,-0.0124372355911,-0.0717250408819,-3.1544789311e-05,-0.118581825726,-0.00261531282042,0.0466121488045,-0.0146557379111,0.574059960796,0.818798785962,0.00211102314923,0.0,0.818757389359,-0.574000358854,-0.0118605356619,0.0,-0.00849982780366,0.00853723880796,-0.999927431607,0.0,0.656845169233,0.254526740556,0.303431214317,1.0,-0.01404,-0.0184525714286,0.703
0.461341473209,0.520009150606,-0.124109026086,-1.39944754037,0.0768870921823,1.91017966934,0.153564512493,-0.0119411233502,-0.0794377100691,0.000128249940509,-0.120835514004,-0.0081532704957,0.0470457546685,-0.0195231441279,0.574049639333,0.818806015132,0.00211378018399,0.0,0.818764726475,-0.57399010006,-0.0118505111486,0.0,-0.00849014437313,0.00853363460383,-0.99992754464,0.0,0.656600632695,0.254216299581,0.303439892832,1.0,-0.01438,-0.0188994285714,0.72
0.461174594396,0.518653714899,-0.124114587416,-1.40153375365,0.0767496949038,1.91092627579,0.153290349027,-0.014554826976,-0.0865499459911,-0.00108887522816,-0.122639216303,-0.0080612222377,0.0457332711456,-0.0192916286912,0.574039243563,0.818813283794,0.00212132793887,0.0,0.818772145579,-0.573979728076,-0.0118402822036,0.0,-0.00847754433766,0.00853383517048,-0.999927649832,0.0,0.656343360856,0.2539021943,0.303463287316,1.0,-0.01472,-0.0193462857143,0.737
0.461001577087,0.517329886484,-0.124117757094,-1.40365524947,0.0766067193819,1.91168920865,0.152990626054,-0.00722758779454,-0.0763705013855,-0.000904670664612,-0.126152650968,-0.00572383437134,0.0463495388823,-0.0185793359839,0.574011379396,0.818832915538,0.00208318414875,0.0,0.818791346794,-0.573952085499,-0.0118524625154,0.0,-0.0085097023893,0.00850930534298,-0.999927585722,0.0,0.65608071653,0.253581114773,0.303448691461,1.0,-0.01506,-0.0197931428571,0.754
0.46082195662,0.515968909594,-0.124118480303,-1.40580463044,0.0764717347573,1.91249483884,0.152702899747,-0.00810585278141,-0.0841274319589,0.000115632427019,-0.125611018103,-0.0149886903973,0.0476683681973,-0.0226444415862,0.574000565155,0.818840468369,0.00209415015921,0.0,0.818799057141,-0.573941243578,-0.0118448236234,0.0,-0.00849726537557,0.00851378754664,-0.999927653334,0.0,0.655820879198,0.253258505808,0.303450103965,1.0,-0.0154,-0.02024,0.771
0.4606538619,0.514773769803,-0.124123805458,-1.40774985958,0.0763587719359,1.91321912253,0.152438287663,-0.00996054117017,-0.0783576005414,0.00065339752169,-0.135849329734,-0.0053405189225,0.0449516320882,-0.0241574361156,0.574000425286,0.818840590314,0.002084784752,0.0,0.818798999781,-0.573941083704,-0.0118565296783,0.0,-0.00851222802778,0.00851283664595,-0.999927534167,0.0,0.655572165206,0.252936742531,0.303432302367,1.0,-0.01572,-0.0206605714286,0.787
0.460458844116,0.51336507774,-0.124129856702,-1.41001470981,0.0762288781471,1.91400174996,0.152122669141,-0.0106949893675,-0.0838110151067,-0.00132105411829,-0.133944911262,-0.00313277545215,0.0440610732023,-0.0228872199623,0.573986766647,0.818850342328,0.00201382338929,0.0,0.81880765585,-0.573927544387,-0.011914000854,0.0,-0.00860016054489,0.00848757624883,-0.999926996479,0.0,0.655297685927,0.25261144297,0.303402504383,1.0,-0.01604,-0.0210811428571,0.803
0.460256658699,0.51185401172,-0.124133352415,-1.4124339899,0.0760840332947,1.91487178765,0.151784835467,-0.0129196532393,-0.0832189052445,-0.00218059840492,-0.131786922483,-0.00261964989253,0.0511418882237,-0.0150590084258,0.573965710172,0.818865179605,0.00198193785237,0.0,0.818821981503,-0.573906528114,-0.0119417962009,0.0,-0.00864144039355,0.00847719902901,-0.999926728618,0.0,0.654994820848,0.252245364831,0.303385059603,1.0,-0.0164,-0.0215542857143,0.821
0.460053995296,0.510382945374,-0.124139837107,-1.41477207343,0.0759353538554,1.91576326676,0.15145233921,-0.0120297832844,-0.0891806995126,-0.000515559811521,-0.134040798399,-0.0132061970709,0.0597385297135,-0.0188558499158,0.573946098257,0.818878891781,0.00199594413132,0.0,0.818835949324,-0.573886932206,-0.0119257720004,0.0,-0.00862048267595,0.00847926436803,-0.999926892005,0.0,0.654714577484,0.251887202867,0.303379677416,1.0,-0.01674,-0.0220011428571,0.838
0.459864812432,0.508977826095,-0.124140885782,-1.41700479825,0.075795742885,1.91657361875,0.151152763498,-0.0127238149662,-0.092894478128,-0.000743881461747,-0.14654453155,-0.00594563799666,0.0507615702799,-0.0146441814312,0.573934832384,0.818886828984,0.00197898835037,0.0,0.818843629924,-0.573875703206,-0.0119387563891,0.0,-0.00864096339561,0.00847271327744,-0.999926770759,0.0,0.654435505187,0.251548759795,0.303370604676,1.0,-0.01706,-0.0224217142857,0.854
0.459658793164,0.507464090717,-0.124143073658,-1.41937980579,0.0756418176443,1.91742053209,0.15080921394,-0.0118514621182,-0.0872147009866,7.75933046627e-05,-0.145332268475,-0.0101654282558,0.0469368912529,-0.0173488366709,0.573905080027,0.818907720039,0.0019626721674,0.0,0.818864301373,-0.573846015928,-0.0119479220793,0.0,-0.00865814072137,0.00846429831424,-0.99992669344,0.0,0.654136924523,0.251183460843,0.303372486097,1.0,-0.0174,-0.0228685714286,0.871
0.459438681523,0.505895186898,-0.124148681754,-1.4218149314,0.0755006529719,1.91833120933,0.150483279048,-0.0129901259267,-0.0927457855863,0.000443444300676,-0.142142721927,-0.00436512096529,0.0536229577805,-0.0150792236076,0.573910351272,0.818903928156,0.00200301162083,0.0,0.818860958613,-0.573851043038,-0.0119355672408,0.0,-0.00862481864489,0.00849029706825,-0.999926760998,0.0,0.653840782716,0.250806914628,0.303389436101,1.0,-0.01774,-0.0233154285714,0.888
0.459218159258,0.504257815672,-0.124147593409,-1.4242887062,0.0753401921273,1.91928751227,0.150134899246,-0.014136742545,-0.0969830565266,0.000648397868575,-0.149875878598,-0.00137227392255,0.0493037449596,-0.0173590419621,0.573889032721,0.818918626135,0.00209971285525,0.0,0.818877008438,-0.573829423232,-0.0118737098985,0.0,-0.00851888919555,0.00853376277132,-0.999927299067,0.0,0.653544887293,0.250430393467,0.303438900649,1.0,-0.01808,-0.0237622857143,0.905
0.459003311811,0.502681215381,-0.124161391335,-1.42661549191,0.0751894124082,1.9201742098,0.149813907062,-0.0131763851098,-0.104040593938,-0.00103988479732,-0.147711917309,-0.00428421356707,0.0545405163376,-0.0231659228546,0.573890622292,0.818917224589,0.00220903112701,0.0,0.818877169595,-0.573830722726,-0.0117995624283,0.0,-0.00839541662477,0.00858074858756,-0.99992794127,0.0,0.653269200076,0.250062456228,0.303509653398,1.0,-0.0184,-0.0241828571429,0.921
0.458764724219,0.500967724717,-0.124156830915,-1.42918318619,0.075018281299,1.92107061764,0.149450720649,-0.0126212496871,-0.100407563209,0.000706610678329,-0.153800242058,-0.0127616752198,0.0550909372703,-0.0185687998511,0.573869743512,0.818931764597,0.00224261380188,0.0,0.818892126699,-0.573809696968,-0.0117840314764,0.0,-0.00836364517106,0.00859912346626,-0.999928049669,0.0,0.652942898476,0.249660597013,0.303560960669,1.0,-0.01874,-0.0246297142857,0.938
0.458526053522,0.499275832956,-0.124151620906,-1.43177752002,0.0748558889412,1.9220109397,0.149084752842,-0.0121154814606,-0.0935932852986,0.001245572259,-0.149830400076,-0.0089846487711,0.0596480324485,-0.0245342620003,0.573849870027,0.818945598912,0.00227587218433,0.0,0.818906320782,-0.573789623907,-0.0117750660393,0.0,-0.00833742718637,0.00862101221445,-0.999928080142,0.0,0.652616639212,0.249260050166,0.303587730462,1.0,-0.01908,-0.0250765714286,0.955
0.458267746947,0.497605352951,-0.124162525577,-1.43441350634,0.0746991983348,1.92299925516,0.14870460723,-0.0147419584287,-0.0947712927806,-0.000725717100844,-0.152166478837,-0.0114151430696,0.0540153718931,-0.0229613504842,0.573849658461,0.818945694974,0.00229457360832,0.0,0.818906625443,-0.573789305534,-0.0117693908634,0.0,-0.00832205040811,0.00863306867102,-0.999928104217,0.0,0.652296383725,0.248836254992,0.303583871839,1.0,-0.01942,-0.0255234285714,0.972
0.458017117291,0.496024096202,-0.124160257566,-1.43694082496,0.0745446958266,1.92388499032,0.148326712811,-0.0213390237461,-0.103499803391,-0.000661069368094,-0.157033864718,-0.0124460312342,0.051637060068,-0.0219190390805,0.573829680894,0.818959828611,0.00224573997532,0.0,0.818919974012,-0.573769362729,-0.0118127667502,0.0,-0.00838580609142,0.00861776341562,-0.999927703592,0.0,0.651973365365,0.248430546224,0.30355965389,1.0,-0.01974,-0.025944,0.988
0.457745864824,0.494360964581,-0.124160362339,-1.43968928518,0.0743650483401,1.92483731357,0.14794374887,-0.0186559363306,-0.096258145353,0.000557210696955,-0.164166856803,-0.0107774502397,0.064705865732,-0.0271790909889,0.573827805865,0.818961459144,0.00212710009699,0.0,0.818919982903,-0.573767877755,-0.0118840632382,0.0,-0.00851229194967,0.0085614955431,-0.999927118184,0.0,0.651617991203,0.247985537764,0.303492576488,1.0,-0.0232805714286,-0.030597322449,1.005
0.457422637844,0.491887148156,-0.124249842969,-1.44336039763,0.0741556553881,1.92619138582,0.147409636984,-0.0200440041474,-0.172630722149,-0.00595318972816,-0.2484665769,-0.0117936416543,0.0884896609151,-0.0343711509805,0.573847268115,0.818947485729,0.00225286414092,0.0,0.818907839201,-0.573787038967,-0.0117954105259,0.0,-0.00836731864554,0.00861381805494,-0.999927892459,0.0,0.651173102977,0.247377964159,0.303586989561,1.0,-0.037308,-0.0490333714286,1.022
0.456985004884,0.488394750476,-0.124291344051,-1.4489119667,0.0738701603268,1.92832897325,0.146563102963,-0.0322664946556,-0.230374907983,-0.00308817606277,-0.365003763993,-0.022177394763,0.141625845161,-0.0581626937885,0.573743848747,0.819019707943,0.00233686264761,0.0,0.818980820374,-0.573682965645,-0.011790576286,0.0,-0.00831625616593,0.00867878339897,-0.999927756692,0.0,0.650472052094,0.24655543179,0.303559847909,1.0,-0.0513354285714,-0.0674694204082,1.039
0.456280268759,0.483650776656,-0.124386062802,-1.45637872863,0.0734328982408,1.93113668189,0.14542095843,-0.0437527963423,-0.306643715705,-0.00969548306069,-0.475126917736,-0.0279552566584,0.170191308471,-0.0689574836317,0.573706130498,0.819045919093,0.00240938742991,0.0,0.819008071638,-0.573645082246,-0.0117407455998,0.0,-0.00823423505479,0.00870921315938,-0.99992817091,0.0,0.649610098709,0.245420524511,0.303554162652,1.0,-0.0645377142857,-0.0848209959184,1.055
0.455429464625,0.478106913239,-0.124537302376,-1.46523212385,0.0729090764255,1.93417292744,0.144093211305,-0.0600415390154,-0.372729565604,-0.00884026449917,-0.585751340491,-0.0348654093361,0.207935135172,-0.0909340147795,0.573715036993,0.819040384228,0.00215690364833,0.0,0.818999077252,-0.573654782336,-0.0118932360864,0.0,-0.00850388628717,0.00858999586301,-0.999926945276,0.0,0.648392877728,0.243844914008,0.303443704083,1.0,-0.0785651428571,-0.103257044898,1.072
0.454314047064,0.471064788714,-0.124697039268,-1.47628509226,0.0722759375454,1.93806000467,0.142501563312,-0.064982414857,-0.43087799547,-0.00263375592261,-0.679089256665,-0.041485296307,0.239822161616,-0.0986986362106,0.573802505614,0.818979363916,0.00205740891079,0.0,0.818936362423,-0.573742251353,-0.0119920896978,0.0,-0.00864101793868,0.00856614301038,-0.999925974262,0.0,0.646958504115,0.241975298725,0.303396079952,1.0,-0.0925925714286,-0.121693093878,1.089
0.452996595075,0.462830864001,-0.124817221888,-1.48875914517,0.0714951803978,1.94273539256,0.140458242781,-0.079531108775,-0.500491304067,-0.00459546169464,-0.768814900876,-0.0444505914449,0.28018246496,-0.129652168903,0.573674795272,0.819067869322,0.00240865433117,0.0,0.819029761039,-0.573613488044,-0.0117713111763,0.0,-0.00826002518302,0.00872583210977,-0.999927813314,0.0,0.645383537068,0.239878204338,0.303547797149,1.0,-0.10662,-0.140129142857,1.106
0.451392534628,0.45362493803,-0.12495512073,-1.50315779885,0.070582875586,1.94766365436,0.138266806799,-0.101761356816,-0.575382890461,-0.013387436349,-0.881377485698,-0.0573607742693,0.296614704284,-0.139658421183,0.573712412459,0.819042176311,0.00217442317879,0.0,0.819000599586,-0.573651583708,-0.0119425830106,0.0,-0.00853428219097,0.00863262820201,-0.999926319164,0.0,0.643449546077,0.237373726612,0.303458445342,1.0,-0.120647428571,-0.158565191837,1.123
0.449672871926,0.443783562091,-0.125111696911,-1.51795407675,0.0695775921252,1.95299814141,0.135963868193,-0.116496482453,-0.63300356806,-0.00959136374113,-0.96239266129,-0.0537671013381,0.333029011653,-0.145748008857,0.573743411865,0.819019694852,0.0024461576233,0.0,0.818982319946,-0.573682218079,-0.0117225926172,0.0,-0.00819787493161,0.00872928819523,-0.999928294616,0.0,0.641511427178,0.234763659292,0.303628720316,1.0,-0.133849714286,-0.175916767347,1.139
0.447603738503,0.432388680718,-0.125253877194,-1.53525108495,0.0684500118881,1.95897946473,0.133136505546,-0.130945010432,-0.710288325948,-0.0109522130267,-1.03183284542,-0.0691443219163,0.371029927467,-0.178191349013,0.573679971241,0.81906394951,0.00250681291351,0.0,0.81902701212,-0.573618188759,-0.0117334497488,0.0,-0.00817264955843,0.00878456173497,-0.999928017046,0.0,0.639144357218,0.231697901994,0.303700633172,1.0,-0.147877142857,-0.194352816327,1.156
0.445252454061,0.420039602807,-0.125403288826,-1.55393837694,0.0671357858768,1.96541766096,0.130043373954,-0.141886440926,-0.752556339156,-0.015973793565,-1.12792475134,-0.0845823798735,0.385190924781,-0.184502769271,0.573616193268,0.819108510899,0.00254108158146,0.0,0.81907226968,-0.573554566019,-0.0116843374142,0.0,-0.00811344748555,0.00878382372261,-0.99992850565,0.0,0.63655335492,0.228310934717,0.30376645004,1.0,-0.161904571429,-0.212788865306,1.173
0.442584170452,0.406726887659,-0.125559444156,-1.57379609457,0.0657422604932,1.97243578496,0.126731418347,-0.170967487546,-0.788147363836,-0.00858511935322,-1.19620786536,-0.089801914939,0.403867505267,-0.206633837714,0.573637459337,0.819092452356,0.00289251455398,0.0,0.819061200315,-0.573575146768,-0.0114476220283,0.0,-0.00771773493128,0.00893610330595,-0.999930288883,0.0,0.633809331562,0.224635067959,0.303938167084,1.0,-0.175932,-0.231224914286,1.19
0.439598338116,0.392454671166,-0.125734435049,-1.59496391026,0.0643368312661,1.97969739236,0.123109206295,-0.181793391288,-0.837511267662,-0.0127319901288,-1.27203167157,-0.0936455722177,0.430314798262,-0.22040563926,0.573698970274,0.819048164309,0.00321604571375,0.0,0.819020514524,-0.57363500078,-0.0113591183251,0.0,-0.00745897223513,0.00915089808467,-0.99993030997,0.0,0.630792733872,0.220641476644,0.304108254965,1.0,-0.189959428571,-0.249660963265,1.207
0.436490946665,0.378317482686,-0.125896347216,-1.61609640573,0.0626861958183,1.98676547611,0.119356766712,-0.200307574381,-0.911103145361,-0.0116317568295,-1.3332489541,-0.103933497975,0.468052290511,-0.235688281168,0.573625651025,0.819099679949,0.00317390844717,0.0,0.819072240302,-0.573562731918,-0.0112785026429,0.0,-0.00741792512331,0.0090694733389,-0.999931357164,0.0,0.627696343893,0.216555351371,0.304137355949,1.0,-0.203161714286,-0.267012538775,1.223
0.432852220641,0.362486993483,-0.126066743558,-1.63962347636,0.060954783554,1.99453344615,0.115138853783,-0.219545088326,-0.974634516693,-0.0086046850681,-1.39231452254,-0.110099589856,0.467460712086,-0.251850321601,0.57364318188,0.819087301454,0.00319990319012,0.0,0.819059897955,-0.57357982258,-0.0113056442943,0.0,-0.0074250527274,0.00910649347474,-0.999930967802,0.0,0.624166072508,0.211940375589,0.30416189362,1.0,-0.217189142857,-0.285448587755,1.24
0.428752524842,0.345919145194,-0.12628093283,-1.66422233394,0.0590932461745,2.00247582149,0.110510917067,-0.256430900701,-1.00117218319,-0.0152741735646,-1.43634854642,-0.103957470156,0.462731307416,-0.271457523972,0.573686906958,0.819057130574,0.00308164600523,0.0,0.819027853754,-0.573623461973,-0.0114125172861,0.0,-0.00757994514833,0.00907134030758,-0.999930125167,0.0,0.620400869559,0.206928713168,0.304115406643,1.0,-0.231216571429,-0.303884636735,1.257
0.424352203243,0.328518791212,-0.126453462857,-1.68973684977,0.057155348729,2.01069885486,0.10562930293,-0.260396632239,-1.0186261739,-0.00210736782439,-1.49587428464,-0.104097143264,0.479163216643,-0.297043120926,0.57369409851,0.819051817066,0.00315423479234,0.0,0.819022860107,-0.573629691519,-0.0114576843648,0.0,-0.00757522031387,0.00915677259997,-0.999929382283,0.0,0.616399254262,0.20171298851,0.304129818789,1.0,-0.245244,-0.322320685714,1.274
0.419601873369,0.310326029629,-0.126615159546,-1.71619189308,0.0549606482873,2.01903709636,0.100362258182,-0.28727995713,-1.07020629014,-0.00642028120496,-1.5630941808,-0.11169277028,0.487966017541,-0.317902499741,0.573549800789,0.819152962562,0.00312999075589,0.0,0.81912387019,-0.573485700334,-0.0114448110103,0.0,-0.00758019184652,0.00912819496267,-0.999929605896,0.0,0.612129404462,0.196214843497,0.304141528858,1.0,-0.259271428571,-0.340756734694,1.291
0.414342714898,0.291318392159,-0.126817853546,-1.74345183647,0.0526588046433,2.02745143811,0.094733936481,-0.316156687393,-1.13359382314,-0.00969477474475,-1.5838503223,-0.114602258044,0.504139480455,-0.322405266106,0.573484459348,0.819198504363,0.00318311738833,0.0,0.819170235712,-0.573420376026,-0.0113993062743,0.0,-0.00751317493287,0.00914501608688,-0.999929957989,0.0,0.607641725436,0.190352956074,0.304213642099,1.0,-0.273298857143,-0.359192783673,1.308
0.408949302693,0.272849957753,-0.127026891325,-1.76976141018,0.050472658527,2.03543723157,0.0890793280995,-0.357311544874,-1.17134103006,-0.015202852464,-1.6186533271,-0.124037522188,0.511675297183,-0.367536952087,0.573464307735,0.819212041146,0.00332660429937,0.0,0.819185125439,-0.573399195174,-0.0113947415562,0.0,-0.00742738026078,0.00925976061772,-0.999929542946,0.0,0.602934868318,0.184180129087,0.304275576927,1.0,-0.287326285714,-0.377628832653,1.325
0.402671295712,0.252515364711,-0.127351398293,-1.79833442345,0.0479303309623,2.04403747896,0.0827580980886,-0.377114889729,-1.20598958236,-0.0221297614532,-1.67971622628,-0.148199749834,0.525780054859,-0.379940036827,0.573579910864,0.819130519861,0.00346759077,0.0,0.819106010803,-0.573515141726,-0.0112459850085,0.0,-0.00722335280642,0.00929097440154,-0.999930748087,0.0,0.598343042139,0.178007328291,0.304369885195,1.0,-0.300528571429,-0.394980408163,1.341
0.395927185908,0.231553654463,-0.127620160842,-1.82762585561,0.0452830402338,2.05257854956,0.0759621285636,-0.405069284055,-1.25788052625,-0.0164429846439,-1.74773445209,-0.15395592443,0.537399414946,-0.411388504433,0.573563413084,0.819141732178,0.00354692516467,0.0,0.819118216789,-0.573498406228,-0.0112103469933,0.0,-0.00714884476288,0.00933537563421,-0.999930870001,0.0,0.593492552736,0.1716208547,0.304409764658,1.0,-0.313730857143,-0.412331983673,1.357
0.389154317377,0.211226290612,-0.12783649664,-1.85570000419,0.042679255259,2.06049289001,0.0691392540914,-0.429155002168,-1.30313346068,-0.0168222142626,-1.76627478704,-0.178988256507,0.512750235536,-0.441693718251,0.573393823893,0.819260013037,0.00364700718758,0.0,0.819237539088,-0.573328263971,-0.0111938903851,0.0,-0.00707991079349,0.00940645390891,-0.999930694342,0.0,0.588062318282,0.164629041812,0.304460278825,1.0,-0.327758285714,-0.430768032653,1.374
0.381285274555,0.18907750851,-0.128148954439,-1.88608697619,0.0397299026267,2.06867790257,0.0614654954567,-0.480185203753,-1.32716795272,-0.0265325790337,-1.7960514114,-0.179622525747,0.470798605712,-0.461943071986,0.573354721368,0.819287946468,0.003517265642,0.0,0.819263533915,-0.573289150014,-0.0112942185957,0.0,-0.00723694626359,0.0093573411934,-0.999930030939,0.0,0.582380947276,0.157214044459,0.304437103716,1.0,-0.341785714286,-0.449204081633,1.391
0.372694189075,0.166315424864,-0.128614707771,-1.91695276509,0.0367311777879,2.07674284633,0.0533101912235,-0.516110032687,-1.33096116362,-0.0274736543374,-1.8552643309,-0.195746014909,0.462441971008,-0.489654279664,0.573539300744,0.819159067738,0.00344080609311,0.0,0.819132943321,-0.573472988904,-0.0114323691403,0.0,-0.00739186180883,0.00937557113385,-0.999928726983,0.0,0.576487805845,0.149375063577,0.304408289791,1.0,-0.355813142857,-0.467640130612,1.408
