position_joint1,position_joint2,position_joint3,position_joint4,position_joint5,position_joint6,position_joint7,velocity_joint1,velocity_joint2,velocity_joint3,velocity_joint4,velocity_joint5,velocity_joint6,velocity_joint7,ee_T_00,ee_T_10,ee_T_20,ee_T_30,ee_T_01,ee_T_11,ee_T_21,ee_T_31,ee_T_02,ee_T_12,ee_T_22,ee_T_32,ee_T_03,ee_T_13,ee_T_23,ee_T_33,v_x,v_y,time
0.465070522201,0.547795951514,-0.123992055904,-1.35583520397,0.0795211703115,1.89410935639,0.159155303655,-0.000206671348243,-0.000352562639907,0.00069990860383,-0.000923508540673,-0.000182944964797,-0.000276457009893,0.000262585673279,0.573813446109,0.818971967557,0.00194738862439,0.0,0.818928616496,-0.573754717714,-0.011924423968,0.0,-0.00864861206116,0.00843732952662,-0.999927003826,0.0,0.661678386558,0.260889908591,0.303203792252,1.0,0.0,0.0,0.0
0.465076190732,0.547795335811,-0.12399157657,-1.35582991426,0.0795218823883,1.89410931731,0.159159881655,0.00169935935186,-0.00110964094688,0.000190137152414,0.00137352891036,7.55406300644e-05,-0.000272884920507,0.000508459820315,0.573812116566,0.818972886428,0.00195271079524,0.0,0.818929601595,-0.573753363121,-0.0119219478519,0.0,-0.00864354407317,0.0084402533051,-0.999927022972,0.0,0.661677979757,0.260894686791,0.303206728068,1.0,-8e-05,-0.000105142857143,0.005
0.465072703261,0.547792751633,-0.123994878221,-1.35583050805,0.0795192989243,1.89411013095,0.159150293109,-0.000111774475036,-0.000641431234918,-0.000699022710054,0.00233534418646,-0.00134666085373,0.000315393620246,-0.000664502554891,0.573808776177,0.8189752261,0.00195302793311,0.0,0.818931985935,-0.573750061411,-0.0119170610648,0.0,-0.00863939421852,0.00843767372042,-0.999927080606,0.0,0.661679887902,0.260890069043,0.30320845131,1.0,-0.00042,-0.000552,0.022
0.46507227844,0.547783176407,-0.123994524378,-1.35584148181,0.0795211703115,1.89411404572,0.159149411262,0.00122623328544,0.000101098403879,0.000372647478116,1.38023806889e-05,-5.84406484791e-05,-9.52703773617e-05,-0.00213345240693,0.573809260179,0.818974878166,0.00195672350357,0.0,0.818931661032,-0.573750505456,-0.0119180094627,0.0,-0.0086380455576,0.00844124954174,-0.999927062078,0.0,0.66167833112,0.26088938563,0.303210343363,1.0,-0.00076,-0.000998857142857,0.039
0.46507001171,0.547734143023,-0.12398961822,-1.3558879442,0.0795214276479,1.8941218175,0.159155530172,0.000114190100033,-0.00459269606171,0.0068662199359,-0.000631429423856,0.000449895288434,-0.000127315252372,0.0016265672834,0.573815272134,0.818970635976,0.00196920697131,0.0,0.818927517536,-0.573756402277,-0.0119188409798,0.0,-0.0086315018533,0.00845201348434,-0.999927027659,0.0,0.661669978384,0.260886425904,0.303223478297,1.0,-0.00108,-0.00141942857143,0.055
0.465068383552,0.547607376295,-0.123994536071,-1.35605056902,0.0795184279645,1.8941588493,0.159151649632,5.7829481927e-05,-0.00863259022035,-0.000404140933955,-0.0128294132522,0.000108059070537,0.00134715913223,2.13824825268e-05,0.573821849234,0.818966030675,0.0019679543874,0.0,0.818922799268,-0.573762889163,-0.0119307484809,0.0,-0.00864190491475,0.00845788971238,-0.999926888118,0.0,0.661641450839,0.26086691688,0.303236399881,1.0,-0.00144,-0.00189257142857,0.073
0.46505137224,0.547466837244,-0.123997042698,-1.35626741027,0.0795150049442,1.89421690141,0.159145323443,-0.00375095010134,-0.0051668106515,-0.00164106908015,-0.0115025642019,0.000480112620053,0.00729740261836,-0.00148305746531,0.573846567967,0.818948720402,0.00196384474092,0.0,0.81890535982,-0.573787548029,-0.0119418711484,0.0,-0.00865311703692,0.00846116766152,-0.999926763422,0.0,0.661615929886,0.260833676038,0.3032407166,1.0,-0.00178,-0.00233942857143,0.09
0.465039363839,0.547289325305,-0.123994153091,-1.35647428878,0.0795127969521,1.89433997376,0.159144843515,0.000378248830442,-0.0103077665858,0.000343126710074,-0.013008788982,0.000414105040278,0.0113955949409,0.00116692249702,0.573865238128,0.818935429125,0.00204897390083,0.0,0.818893137476,-0.573805824232,-0.0119017802486,0.0,-0.00857124138022,0.00850807242955,-0.999927070603,0.0,0.661600330168,0.260813195507,0.303278578952,1.0,-0.0021,-0.00276,0.106
0.465019804738,0.547092492297,-0.123986747524,-1.35671615696,0.0795113972555,1.89446456893,0.159127669985,-0.000198756030718,-0.00861184180816,0.00143371157988,-0.0131694041838,0.00026841474599,0.00484106617364,-0.00354283930149,0.573875357373,0.818928143502,0.00212529539823,0.0,0.818886740814,-0.573815528233,-0.0118740127753,0.0,-0.00850459947631,0.00855474425214,-0.999927241422,0.0,0.661578395237,0.260786663972,0.303313450864,1.0,-0.00244,-0.00320685714286,0.123
0.464988572862,0.546871143923,-0.123992811439,-1.3570316249,0.0795009804004,1.89459432406,0.159114419096,-0.00478275897067,-0.011962917586,-2.30572986234e-05,-0.0241816356772,-0.00384426292709,0.00608672347158,0.000770399461424,0.573909275935,0.818904286877,0.00215843273253,0.0,0.818863289433,-0.573849283787,-0.0118600007257,0.0,-0.00847375350497,0.00857419083618,-0.999927336737,0.0,0.66154787842,0.260735079516,0.303331522853,1.0,-0.00278,-0.00365371428571,0.14
0.464958425118,0.546603786058,-0.123987723264,-1.3574173131,0.0794965313343,1.89472839488,0.159060631676,-0.00123447368619,-0.0195716127492,0.00106262104678,-0.0227513715732,0.000303112398477,0.00676714948636,-0.00624301951801,0.573906674085,0.818906041781,0.00218427960619,0.0,0.818865174391,-0.573846370126,-0.0118708282688,0.0,-0.00846781509858,0.00860154367738,-0.999927152124,0.0,0.661500125026,0.26068419309,0.303348760748,1.0,-0.00312,-0.00410057142857,0.157
0.464914676908,0.546320530521,-0.123992430638,-1.35785680429,0.0794868389117,1.89489334181,0.15892239762,-0.00350197764456,-0.012680903676,6.38008465687e-05,-0.0304347070579,0.000152068039097,0.00426182546631,-0.00138335934527,0.573854629099,0.818942470029,0.00220053287398,0.0,0.818901680891,-0.573794131298,-0.0118776606637,0.0,-0.00846463088365,0.00861823655184,-0.999927035349,0.0,0.661452661043,0.260613707996,0.303354628246,1.0,-0.00346,-0.00454742857143,0.174
0.46486992003,0.546015081754,-0.123992439728,-1.35836003139,0.0794693127854,1.8950663906,0.15890852226,-0.00710334902588,-0.0152871081419,0.000386133885547,-0.028146361968,-0.00153794951643,0.0140022800836,0.000347177423062,0.573903365671,0.818908356385,0.00218577572864,0.0,0.81886724097,-0.573842784501,-0.0119015647396,0.0,-0.00849216268932,0.00862037417,-0.999926783481,0.0,0.661392348528,0.260537278658,0.303346389383,1.0,-0.0038,-0.00499428571429,0.191
0.464816386841,0.545720588609,-0.123994954143,-1.35887008621,0.079432977751,1.89523008693,0.1588601029,-0.00419947386228,-0.0219540011858,0.00163065217317,-0.039200333162,-0.00732850019586,0.0133859922081,0.000708750713573,0.573927060402,0.818891902518,0.00212796404266,0.0,0.818850062781,-0.573866739669,-0.0119283983428,0.0,-0.00854706558312,0.00858867944479,-0.999926588433,0.0,0.661326291163,0.260440578674,0.303322858184,1.0,-0.00412,-0.00541485714286,0.207
0.46474611679,0.545328893774,-0.123995997662,-1.35956569235,0.0793160928071,1.89546444533,0.158738474021,-0.000998489926209,-0.0229944967292,0.000391725205646,-0.0414690956329,-0.00209724470297,0.0129442444591,-0.00199027479038,0.573894474122,0.818914973103,0.00203624685934,0.0,0.818872566086,-0.573835158666,-0.01190286067,0.0,-0.00857912596055,0.00849857627956,-0.999927083741,0.0,0.661254505924,0.260321424941,0.303292747259,1.0,-0.00446,-0.00586171428571,0.224
0.464675063369,0.544910778249,-0.123993130047,-1.36027266587,0.0793080405098,1.89569199206,0.158689477149,-0.00167281606341,-0.0275124980348,0.000701584925751,-0.0410067847579,-0.000121620925681,0.0144848798561,-0.00630916617749,0.573947682838,0.818877762824,0.00200345160444,0.0,0.818834547068,-0.573888120198,-0.011964820311,0.0,-0.00864813471707,0.00850784008246,-0.999926410504,0.0,0.661166682991,0.260211807578,0.303271872936,1.0,-0.0048,-0.00630857142857,0.241
0.464598459656,0.544509173273,-0.124001235567,-1.3609589068,0.0792898448354,1.89592909491,0.158567911058,-0.00669299759809,-0.0249409754952,0.000706007366427,-0.0407271857463,0.000395012595819,0.0170160167087,-0.00204071250976,0.573949937549,0.818876255213,0.00197350874494,0.0,0.818832441694,-0.57389029785,-0.0120043893929,0.0,-0.00869769936844,0.00850605529465,-0.999925995786,0.0,0.66108954084,0.260093422486,0.303250318675,1.0,-0.00512,-0.00672914285714,0.257
0.464533035131,0.544018397262,-0.124001280952,-1.36175391294,0.07925418927,1.89622063312,0.158499890936,-0.00359567399255,-0.0316261265063,0.00130718195318,-0.04693350797,-0.00364046579622,0.0186449121622,0.00093793646547,0.573982690861,0.818853309949,0.001968318722,0.0,0.818809306091,-0.573922949388,-0.0120214527301,0.0,-0.00871431084965,0.00851194735436,-0.999925801017,0.0,0.66099671639,0.259976235544,0.303244486421,1.0,-0.00546,-0.007176,0.274
0.464456454108,0.543506847105,-0.124006664176,-1.36259805102,0.079213546438,1.89650203065,0.15838790973,-0.00180235569682,-0.0342971734719,0.000522996499481,-0.0483271551546,-0.000254058895148,0.0197689195915,-0.00703201972182,0.573993506134,0.818845821786,0.00192923836771,0.0,0.818801184317,-0.573933811718,-0.0120560038271,0.0,-0.00876492198307,0.00849989421629,-0.999925461192,0.0,0.660895386297,0.259841528791,0.303229202461,1.0,-0.0058,-0.00762285714286,0.291
0.464381809202,0.542991225256,-0.124011224804,-1.3634123938,0.0791642505795,1.89679496383,0.15826044457,-0.00146154394602,-0.0285222626244,-0.00298154495998,-0.0545449185582,-0.0064913276801,0.0159331332185,-0.00727121388375,0.573985587024,0.818851386998,0.00192322667598,0.0,0.818806673675,-0.573925922307,-0.0120587623475,0.0,-0.00877071349334,0.00849647020549,-0.99992543951,0.0,0.660803004981,0.259711564128,0.303231876018,1.0,-0.00612,-0.00804342857143,0.307
0.464303394865,0.542364919352,-0.124013768031,-1.36438243551,0.0791095892757,1.89713823721,0.158143457163,-0.00456640034095,-0.0378345339032,0.000216538441579,-0.0537568598422,-0.00268828663351,0.0180896268001,-0.00630731267174,0.573995027581,0.818844766041,0.00192466619059,0.0,0.818800018357,-0.573935303912,-0.01206415195,0.0,-0.00877420273653,0.00850084361104,-0.999925371727,0.0,0.660688381962,0.259565806219,0.303242957901,1.0,-0.00648,-0.00851657142857,0.325
0.464226932082,0.541751242901,-0.124014083832,-1.36534306492,0.0790457558339,1.89750238106,0.158018457042,-0.00247885724147,-0.0333461795374,-0.000166619897178,-0.05884198342,-0.00602422104995,0.0305541261605,-0.00141363817475,0.57399188972,0.818846940731,0.00193522395242,0.0,0.818802389435,-0.573932177303,-0.0120519630197,0.0,-0.00875819437429,0.00850245872353,-0.999925498338,0.0,0.660579094438,0.259423519502,0.303251225371,1.0,-0.00682,-0.00896342857143,0.342
0.464149219845,0.541132741157,-0.12401435702,-1.36628864557,0.0789969423648,1.89784931875,0.157896208398,-0.0058962514256,-0.0369308663259,0.000312072818365,-0.0565269816452,-0.00756151826733,0.0218573925763,-0.00991518571711,0.573995009513,0.818844702646,0.00195675834917,0.0,0.818800346308,-0.573935119604,-0.0120506544238,0.0,-0.00874473056437,0.00851937393894,-0.9999254722,0.0,0.660469294081,0.259283552866,0.30326851103,1.0,-0.00714,-0.009384,0.358
0.464053152901,0.540424783962,-0.124014775785,-1.36735536166,0.0789352916084,1.89823434913,0.157750989116,-0.00731687855938,-0.0369897949711,0.000313494408371,-0.0632182414789,-0.00629304629286,0.0108437318442,-0.00941270171635,0.573997597946,0.818842829087,0.00198133976371,0.0,0.818798749756,-0.573937558797,-0.0120429606564,0.0,-0.00872429463702,0.00853511333765,-0.999925516488,0.0,0.660346811714,0.259118694801,0.303294568902,1.0,-0.00748,-0.00983085714286,0.375
0.463966311991,0.539688177551,-0.124022608171,-1.36850323113,0.0788641648361,1.89867602871,0.157623008684,-0.0101415575699,-0.0387533159994,-0.00212879192781,-0.0654572276923,-0.00508497744185,0.0310041419932,-0.00625689630898,0.57401404985,0.818831243636,0.00200297819131,0.0,0.818787518207,-0.573953985968,-0.0120236816755,0.0,-0.00869591632609,0.00854194021378,-0.999925705388,0.0,0.660217254091,0.258948688241,0.303307286098,1.0,-0.00782,-0.0102777142857,0.392
0.463880198253,0.538977503893,-0.124023704134,-1.36959156983,0.0788024441407,1.8990874974,0.157480504333,-0.00523297816374,-0.0461940054563,0.000556508928781,-0.065506463703,-0.00228654482429,0.0288260364303,-0.00448505163504,0.57401234714,0.81883236241,0.00203334718149,0.0,0.818789005804,-0.573952127297,-0.0120110968097,0.0,-0.00866819772512,0.00855956498679,-0.999925795345,0.0,0.660092282192,0.258789276075,0.303327063771,1.0,-0.00814,-0.0106982857143,0.408
0.463761572964,0.538143728392,-0.1240296924,-1.37086708464,0.0787358483697,1.89958553486,0.157321562365,-0.00829918240105,-0.0442895187855,-0.00107384394489,-0.0716888246669,-7.83514673412e-05,0.0297136289405,-0.00976256905386,0.574036307068,0.818815437196,0.0020844371132,0.0,0.818772711652,-0.573975834003,-0.0119889755998,0.0,-0.00862050773826,0.00858895287021,-0.999925955626,0.0,0.659954070228,0.258590054806,0.303352255877,1.0,-0.0085,-0.0111714285714,0.426
0.463650764829,0.537346815471,-0.124030104238,-1.37213237489,0.0786614530307,1.90004793199,0.157175873637,-0.00927363275441,-0.0449760285748,-0.000577569509518,-0.0723726298674,-0.00829021384898,0.0289443504522,-0.00628821326064,0.574057858177,0.81880034056,0.00207958300238,0.0,0.81875751303,-0.573997364223,-0.0119961503534,0.0,-0.00862894296662,0.00858932395653,-0.999925879682,0.0,0.659806983326,0.25839629754,0.303352848361,1.0,-0.00884,-0.0116182857143,0.443
0.46354669549,0.536590699714,-0.124040121955,-1.37329332041,0.0785937258217,1.90048744998,0.15702413467,-0.00409716910192,-0.0474945104949,-0.002702554133,-0.0775185761005,-0.00544728604517,0.0265263575041,-0.0122619863978,0.574071688238,0.818790572614,0.00210757285152,0.0,0.818748143131,-0.574011108581,-0.0119779900956,0.0,-0.00859786067569,0.008601961969,-0.999926038786,0.0,0.659678280426,0.258212802733,0.303372491972,1.0,-0.00914,-0.0120125714286,0.458
0.463429222897,0.535684975202,-0.124042379081,-1.37473977589,0.0785135693438,1.90100787696,0.156850632077,-0.00510206621117,-0.0521253586947,-0.00146926924415,-0.0778112738548,-0.00470725550874,0.0280170067708,-0.0176029899407,0.5740853743,0.818781013843,0.00209315227728,0.0,0.818738301492,-0.574024758396,-0.0119965544888,0.0,-0.00862119580145,0.00860095600933,-0.99992584652,0.0,0.659505482575,0.257996537379,0.303368467584,1.0,-0.0095,-0.0124857142857,0.476
0.463302496974,0.534781722483,-0.124040633174,-1.37618809917,0.0784354824534,1.90153266108,0.156678504007,-0.00700491632416,-0.0516452697481,0.000105707250976,-0.0864967505582,-0.0076987299464,0.0285838251471,-0.00781388973382,0.574105495663,0.818766937262,0.00208067249954,0.0,0.818723931848,-0.574044799933,-0.0120182357279,0.0,-0.0086459012899,0.00860339719133,-0.999925612207,0.0,0.659334047326,0.257776888464,0.303361881668,1.0,-0.00984,-0.0129325714286,0.493
0.463180065824,0.533931682032,-0.124048520302,-1.37758405159,0.0783533390584,1.90203492864,0.156508937408,-0.00727843714246,-0.0546414073545,-9.47655449459e-05,-0.0909210048507,-0.00704668485649,0.0379099968462,-0.00530682722807,0.574126876854,0.818752042932,0.0020416585259,0.0,0.818708502211,-0.574066318201,-0.0120414955733,0.0,-0.00868711896156,0.00858503472843,-0.99992541279,0.0,0.659169851332,0.257557835099,0.303340870549,1.0,-0.01016,-0.0133531428571,0.509
0.46305001707,0.533009191853,-0.124046789952,-1.37907050827,0.0782738176372,1.902603458,0.156315412959,-0.00641987834741,-0.0567951446598,-8.27617829439e-05,-0.0900986271941,-0.00117093898736,0.0364757720878,-0.0115807295493,0.574133846101,0.818747135957,0.00204964026204,0.0,0.818703600467,-0.574073154597,-0.0120488445451,0.0,-0.00868848079202,0.00859586281892,-0.999925307933,0.0,0.658998990419,0.257334481678,0.303333149922,1.0,-0.0105,-0.0138,0.526
0.462912714625,0.532055458288,-0.124046769365,-1.38062156114,0.0781858801657,1.90317926829,0.15612169572,-0.00822855108587,-0.058710074813,0.000291088320824,-0.0916939989406,-0.00661579760867,0.0372938665375,-0.00760231194648,0.574148798568,0.818736692405,0.00203285858922,0.0,0.818692860506,-0.574088100855,-0.0120664623991,0.0,-0.00871238332723,0.00859239713307,-0.999925129741,0.0,0.658817669309,0.25709726241,0.303317199136,1.0,-0.01084,-0.0142468571429,0.543
0.462787704729,0.531119096078,-0.124047006789,-1.38213466639,0.0780926722321,1.90372138873,0.155927184855,-0.00860417005885,-0.0567129000475,0.000332751953565,-0.091621096312,-0.000698420803638,0.0379230705792,-0.0138972498034,0.574149389083,0.818736354776,0.00200182025234,0.0,0.8186920805,-0.574088789257,-0.0120866156725,0.0,-0.0087466974933,0.00857856255551,-0.999924948957,0.0,0.658634791475,0.256869170913,0.303303935293,1.0,-0.01116,-0.0146674285714,0.559
0.46264917316,0.530073575573,-0.124056788786,-1.38378701908,0.0779938604911,1.90430321012,0.1557118927,-0.00622222069346,-0.0645969825481,-0.00134705316072,-0.0946850614059,-0.00343106681906,0.0325107576906,-0.00940561780479,0.574156556551,0.818731383148,0.00197932295242,0.0,0.81868678356,-0.574096023263,-0.0121017931982,0.0,-0.00877196533555,0.00856893443088,-0.999924810167,0.0,0.658435728968,0.256613348609,0.303304836624,1.0,-0.0115,-0.0151142857143,0.576
0.462506462287,0.528967710783,-0.12405470965,-1.3855331369,0.0778880464076,1.90495894982,0.155461080115,-0.00622978871963,-0.0588779714153,9.88504983767e-05,-0.0975367297573,-0.00495517058833,0.0318943450729,-0.0108078444916,0.574132969647,0.818747892733,0.00199203710307,0.0,0.818703435729,-0.574072360728,-0.012097763208,0.0,-0.00876161337913,0.00857677746662,-0.999924833685,0.0,0.658229354385,0.256355227894,0.303309382891,1.0,-0.01186,-0.0155874285714,0.594
0.462375050123,0.52794298998,-0.124051366558,-1.38714222297,0.0777805674606,1.90558543725,0.155240270808,-0.00767225308113,-0.0649349954321,0.00157745923439,-0.0952759498712,-0.00813821343033,0.0364050130625,-0.010473666006,0.574115812182,0.818759851899,0.00202139124987,0.0,0.818715876168,-0.574055173951,-0.0120713823547,0.0,-0.00872334107476,0.00858548189009,-0.999925093605,0.0,0.658043493297,0.256118253911,0.3033191615,1.0,-0.01218,-0.016008,0.61
0.462227683276,0.526758770531,-0.124056041243,-1.38891568688,0.0776732192437,1.90626288218,0.155002001086,-0.0114976604571,-0.0731493494371,0.00023200125809,-0.105894642655,0.000854455310047,0.0441087638798,-0.0129460841154,0.574111681306,0.818762562176,0.00209548741109,0.0,0.818719594133,-0.574050766828,-0.0120287234415,0.0,-0.00864591873015,0.00862161323444,-0.999925455159,0.0,0.657838916424,0.255852206333,0.303367356344,1.0,-0.01252,-0.0164548571429,0.627
0.462071849765,0.52559402178,-0.124061972325,-1.39075506011,0.0775601135172,1.90692909361,0.154759316109,-0.00811663969926,-0.0700809763053,-0.00240483176485,-0.109157216859,-0.0109434076001,0.0361827529486,-0.00939846022811,0.57411338627,0.818761391207,0.00208587524803,0.0,0.818718290613,-0.574052505214,-0.0120344827494,0.0,-0.00865613458406,0.00861706776601,-0.999925405956,0.0,0.657618303425,0.255570139071,0.303369272969,1.0,-0.01286,-0.0169017142857,0.644
0.461925834372,0.524478548383,-0.124065080997,-1.39250689845,0.077448011496,1.90755728282,0.154510761029,-0.00854773799658,-0.0704992401,-0.000823352860613,-0.109745419301,-0.00574622622544,0.0385814816263,-0.0207357723092,0.574095497137,0.818773961175,0.00207546881786,0.0,0.818730733918,-0.574034671656,-0.0120386036115,0.0,-0.0086656709456,0.00861072401674,-0.999925378005,0.0,0.657405588219,0.25530354458,0.303374498591,1.0,-0.01318,-0.0173222857143,0.66
0.461771150239,0.523282206016,-0.124071472921,-1.39440514174,0.0773342259985,1.90826588298,0.154261439119,-0.00380902217608,-0.0716932949489,-0.000600658450817,-0.113064517007,-0.0144473842427,0.0409827957223,-0.0118716283908,0.574093825395,0.818775123864,0.00207920296586,0.0,0.818731940949,-0.574032979883,-0.0120371831366,0.0,-0.00866238181707,0.00861294821968,-0.999925387349,0.0,0.657179112214,0.25501821425,0.30337370894,1.0,-0.01352,-0.0177691428571,0.677
0.461612210925,0.522047982749,-0.124074450998,-1.39636204519,0.0772126699935,1.90903475669,0.153995850767,-0.00971108494192,-0.0677908744396,-0.00176173887909,-0.117699321746,-0.00985513462733,0.0469915317367,-0.00893628055729,0.574080925471,0.818784080869,0.002113486873,0.0,0.818741418174,-0.574020009434,-0.0120110714617,0.0,-0.00862145634203,0.00862589233551,-0.99992562947,0.0,0.656951958755,0.254728456516,0.303376406911,1.0,-0.01386,-0.018216,0.694
0.461475207338,0.521011287836,-0.12407529179,-1.39801732862,0.0771089598942,1.90966711172,0.15377776786,-0.0121387593525,-0.0809808458441,0.00131385096707,-0.115236690908,-0.0060976135057,0.0514945112534,-0.0158622109677,0.574075723895,0.818787707417,0.00212139539844,0.0,0.818745179972,-0.574014807484,-0.0120032479814,0.0,-0.0086105653051,0.00862782164362,-0.99992570667,0.0,0.65675582462,0.254481240099,0.303371685003,1.0,-0.01414,-0.018584,0.708
0.46127821669,0.51946941391,-0.12408123796,-1.40043590236,0.0769609540798,1.91052127686,0.15344660084,-0.00987723443255,-0.0827195862995,0.000316974503571,-0.127154184291,-0.00475201749674,0.0379854658266,-0.0140159450756,0.574058693495,0.818799698914,0.00210151920372,0.0,0.818756847307,-0.573997797889,-0.012020811486,0.0,-0.00863653571035,0.00862145056382,-0.999925537648,0.0,0.656455230043,0.254115678291,0.303377469567,1.0,-0.01454,-0.0191097142857,0.728
0.461097747585,0.518141217137,-0.124084345483,-1.4025259172,0.0768211636831,1.91128337808,0.153166750945,-0.00979628672017,-0.0787144048171,-0.000113022599877,-0.119834289594,-0.0127115447435,0.0467258418641,-0.0157042256942,0.57405262762,0.81880397123,0.00209387706767,0.0,0.818761096231,-0.573991841148,-0.0120158435517,0.0,-0.00863691835203,0.00861227746025,-0.999925613392,0.0,0.656202120541,0.253793944956,0.303381077066,1.0,-0.01488,-0.0195565714286,0.745
0.460925293216,0.516846064026,-0.124092821331,-1.40454728729,0.0766980148229,1.91200165977,0.152899935523,-0.0106759090761,-0.0734959719316,-0.0015783870214,-0.126242699295,-0.00480481384276,0.0396733659802,-0.0215901666684,0.574054985893,0.818802337968,0.00208600355929,0.0,0.818759324651,-0.573994196909,-0.0120240223194,0.0,-0.00864811015204,0.00861055060813,-0.999925531532,0.0,0.655953179924,0.253481824139,0.303390161138,1.0,-0.0152,-0.0199771428571,0.761
0.460742186101,0.515478818815,-0.124099404065,-1.40672476581,0.0765620255473,1.91283596849,0.152583170871,-0.0112511008384,-0.0814926152042,-0.00243801561384,-0.129470637915,-0.00533681872956,0.0410691276769,-0.0162286078171,0.574028725641,0.818820709828,0.00210099880613,0.0,0.81877795308,-0.573967937496,-0.0120090456645,0.0,-0.00862751545033,0.00861395452618,-0.999925680121,0.0,0.655694517234,0.253152034663,0.30338514453,1.0,-0.01554,-0.020424,0.778
0.460551163903,0.514091750399,-0.124107867318,-1.40897176621,0.0764211641657,1.91362910359,0.1522903254,-0.0137428214007,-0.08214309523,-0.00274641034982,-0.132641663529,-0.012888960996,0.0442172023035,-0.0152968436867,0.574031440436,0.818818961266,0.00203984386236,0.0,0.8187753744,-0.573970879404,-0.0120442008639,0.0,-0.00869137640107,0.00858408916324,-0.999925383911,0.0,0.65541346628,0.252804523398,0.303357020735,1.0,-0.01588,-0.0208708571429,0.795
0.460369385185,0.512759914256,-0.124103192413,-1.41111198443,0.076302133525,1.91436600762,0.151982932865,-0.00772562987968,-0.0842132586705,-0.000739870902332,-0.135272218964,-0.00621136208366,0.0484985532217,-0.0178702948624,0.574005261343,0.818837441384,0.00198782276431,0.0,0.818792913486,-0.573944671546,-0.0121006500016,0.0,-0.00876773380889,0.00857361702798,-0.99992480714,0.0,0.655137784897,0.252482457527,0.303335316246,1.0,-0.0162,-0.0212914285714,0.811
0.460157719812,0.511246763173,-0.124103623566,-1.41353762757,0.0761503459646,1.91529372136,0.151647133682,-0.0112339435785,-0.0857277646147,-0.000617952686145,-0.138765768243,-0.00702369624375,0.054715791359,-0.0243495404535,0.573990110261,0.818848042377,0.00199592561496,0.0,0.818803649979,-0.573929515989,-0.0120929879977,0.0,-0.00875696752501,0.00857569180144,-0.999924883694,0.0,0.654846624261,0.252113995355,0.3033210063,1.0,-0.01656,-0.0217645714286,0.829
0.459957442612,0.509762851364,-0.124109584671,-1.41587965321,0.0760045975282,1.91617255775,0.151312384522,-0.0134966835632,-0.0899512878398,-0.000290400854142,-0.141751187056,-0.00922994687357,0.057046257179,-0.0154269884719,0.573967128831,0.818864117814,0.0020095965793,0.0,0.818819928477,-0.573906501971,-0.0120829891151,0.0,-0.00874117397378,0.00858090150636,-0.999924977189,0.0,0.654561940381,0.251757057089,0.303321418238,1.0,-0.0169,-0.0222114285714,0.846
0.459761852376,0.508355510133,-0.124115994329,-1.41811035972,0.0758656072738,1.91696958173,0.151002544518,-0.0145945579565,-0.0903959549632,-0.000774387778968,-0.138579235411,-0.00673105583825,0.055014266123,-0.0173109304303,0.573956399614,0.818871698727,0.00198475881641,0.0,0.818827148266,-0.573895846492,-0.0120998158202,0.0,-0.00876932073053,0.00857010612688,-0.999924823322,0.0,0.654283119221,0.251410796787,0.303313678508,1.0,-0.01722,-0.022632,0.862
0.45954477864,0.506816654975,-0.124116359122,-1.42050688697,0.0757079513705,1.91783774005,0.15066459564,-0.0127015605704,-0.0853476388611,-0.000215642152056,-0.14095247346,-0.0110829850439,0.0497211693413,-0.0235999580319,0.573939009938,0.818883878471,0.00198830424557,0.0,0.818839402885,-0.573878471432,-0.0120945942663,0.0,-0.00876319197874,0.00856982631573,-0.99992487945,0.0,0.653986417862,0.251037969802,0.303324435745,1.0,-0.01756,-0.0230788571429,0.879
0.459324954898,0.505220353717,-0.124124894377,-1.42296919967,0.0755557104821,1.91878294495,0.150337002262,-0.0129780852163,-0.0887747383655,-0.00225358289926,-0.142214336724,-0.0122639812929,0.0532141368363,-0.0168830215113,0.573943096997,0.818880858138,0.00205145932979,0.0,0.818837274959,-0.573882351179,-0.0120545030967,0.0,-0.00869407292454,0.00859857575658,-0.999925236001,0.0,0.65369210044,0.250657610592,0.303350419889,1.0,-0.0179,-0.0235257142857,0.896
0.459113815252,0.503646483362,-0.124128479133,-1.42531553099,0.0754077959171,1.9196658296,0.15001006804,-0.0155075473395,-0.0994483125222,0.000626006655755,-0.146158734828,-0.0131605724544,0.0444671861929,-0.0177232826836,0.57393156152,0.818888707808,0.00214331898723,0.0,0.81884637449,-0.573870479539,-0.0120014415308,0.0,-0.00859802299056,0.00864322146913,-0.9999256816,0.0,0.653408045305,0.250295878987,0.303409698361,1.0,-0.01822,-0.0239462857143,0.912
0.458862343566,0.501858551153,-0.124125915116,-1.42795279621,0.0752403173277,1.92064637084,0.149638656638,-0.00976261084027,-0.0979474288241,0.00195454364116,-0.144842613644,-0.00477920074257,0.0582619036766,-0.0243222472175,0.573921268237,0.81889562312,0.0022545954946,0.0,0.818854764017,-0.573859754062,-0.0119417342173,0.0,-0.00848537563676,0.00869996901,-0.999926151743,0.0,0.653087870806,0.249883281392,0.303487572477,1.0,-0.01858,-0.0244194285714,0.93
0.458629419428,0.500137442148,-0.12413450118,-1.43055816462,0.0750731992694,1.92155888808,0.149267324659,-0.0148127239914,-0.0920856361466,0.000880823406359,-0.150750919171,-0.00543164911667,0.0594211521622,-0.0258404390187,0.573901486089,0.818909426935,0.00227632241933,0.0,0.818868837982,-0.57383987348,-0.0119320026993,0.0,-0.00846514790387,0.00871197130796,-0.999926218692,0.0,0.652756649266,0.249474836929,0.303527794078,1.0,-0.01892,-0.0248662857143,0.947
0.45839302716,0.498561731512,-0.124133025899,-1.43303151627,0.074921231394,1.92248116738,0.148914300488,-0.0152526738142,-0.0889471028178,0.00128065051286,-0.156266976946,-0.0152019895557,0.0559881870135,-0.0303037340892,0.573889833412,0.818917535535,0.00229695458773,0.0,0.818877170263,-0.573828092938,-0.0119267211659,0.0,-0.00844910670501,0.00872571569311,-0.99992623452,0.0,0.652452075424,0.249086868985,0.303529461083,1.0,-0.01924,-0.0252868571429,0.963
0.458134906173,0.496871030636,-0.124136212069,-1.43569667566,0.0747599041313,1.92343798175,0.148524830257,-0.0121907953141,-0.0915982330059,0.000472154013169,-0.159502898257,-0.00587966805995,0.0592525064729,-0.0279709497169,0.573876024526,0.818927249941,0.00228356718665,0.0,0.818886599631,-0.573814225601,-0.0119464783033,0.0,-0.00847311642033,0.00872594804582,-0.999926029329,0.0,0.652116875962,0.248661776142,0.303522555499,1.0,-0.01958,-0.0257337142857,0.98
0.45786896109,0.495217199161,-0.12413306199,-1.4384108852,0.0745881647323,1.92437166065,0.148131672399,-0.0118776703019,-0.0959202276385,0.000252347631965,-0.156028513191,-0.010364230851,0.0548424598945,-0.0270561965723,0.573859905468,0.818938840964,0.00217498487002,0.0,0.818896609983,-0.57379838713,-0.0120208147044,0.0,-0.00859647475979,0.00867951843437,-0.999925380507,0.0,0.651763984298,0.248225994318,0.303463893749,1.0,-0.01992,-0.0261805714286,0.997
0.457587730733,0.493483111082,-0.124167689304,-1.44113895635,0.0744210836333,1.92535955596,0.147752121493,-0.0172889925016,-0.127842776453,-0.00190190158673,-0.184740186925,-0.00931274513946,0.0646744850687,-0.0251375285787,0.573896375567,0.818913315774,0.00216292858677,0.0,0.818870987045,-0.573834963161,-0.0120203382218,0.0,-0.00860261661106,0.00866975492499,-0.999925412387,0.0,0.651431430379,0.24776198134,0.303459622635,1.0,-0.0270017142857,-0.0354879673469,1.013
0.457274824473,0.490844913955,-0.124244036121,-1.4451731702,0.0741990592565,1.92690075381,0.147163312979,-0.0187409951572,-0.162232860328,-0.00325823268446,-0.273812308328,-0.013524051265,0.105309736636,-0.0367676265622,0.573868338458,0.818932637285,0.00228311329933,0.0,0.81889199305,-0.573806554691,-0.0119452255086,0.0,-0.00847243277309,0.0087247778942,-0.999926045332,0.0,0.650934135523,0.247138551979,0.303511036809,1.0,-0.0369491428571,-0.0485617306122,1.03
0.456812091336,0.487685594435,-0.124264127292,-1.45024382361,0.0739239163003,1.9287736408,0.14640356893,-0.0346125830748,-0.217198597344,-0.0035412114526,-0.341254565684,-0.0247817752067,0.127553817137,-0.0472050155253,0.573818625478,0.818967521051,0.00226526389452,0.0,0.818926255266,-0.573756521361,-0.0119995638767,0.0,-0.00852770733453,0.00874082561639,-0.999925435308,0.0,0.650288036776,0.246348947039,0.303456984096,1.0,-0.0463114285714,-0.0608664489796,1.046
0.456132569724,0.483183820373,-0.124376455139,-1.45728488584,0.0734991941437,1.93137213699,0.145325992007,-0.0368700504063,-0.262592642325,-0.00541035054627,-0.417690299174,-0.0289847253768,0.150564868138,-0.0600180168103,0.573806897303,0.818975648267,0.0022976192115,0.0,0.818935036502,-0.573744901346,-0.0119557964891,0.0,-0.00847342201202,0.00874208767331,-0.999925885765,0.0,0.649416245187,0.245174294567,0.303459780525,1.0,-0.056844,-0.0747092571429,1.064
0.455324768205,0.478055269587,-0.124507086459,-1.4653996291,0.0730198586006,1.93418372526,0.144114077421,-0.0545888093876,-0.322300092743,-0.00910971853753,-0.497435709483,-0.0384977211445,0.172719464266,-0.0749817907394,0.573836842796,0.818955087957,0.00214211586764,0.0,0.818912287735,-0.573775324784,-0.0120535707524,0.0,-0.00864240626116,0.00867115493735,-0.999925057135,0.0,0.648368101797,0.243793883245,0.303400135548,1.0,-0.0667914285714,-0.0877830204082,1.081
0.454312463539,0.471726871513,-0.124634027222,-1.47526488896,0.0724322809365,1.93771681994,0.142691150144,-0.0579413396852,-0.371507033831,-0.00461681943663,-0.575575172266,-0.0217683191139,0.20844994653,-0.0860828509419,0.57390949511,0.818904200339,0.00213283637226,0.0,0.818861167866,-0.573847895969,-0.0120717419503,0.0,-0.00866184329119,0.00867475122632,-0.999924857758,0.0,0.647104201222,0.242124699017,0.303392722192,1.0,-0.077324,-0.101625828571,1.099
0.453259948918,0.465295571365,-0.124696158573,-1.48495972036,0.0718459717455,1.94136549205,0.141118031311,-0.0697553370482,-0.416356046384,-0.00129532000018,-0.633995773665,-0.0410165031433,0.226480920464,-0.103137729298,0.573842585879,0.818950137764,0.00247090852161,0.0,0.818911567814,-0.57377967206,-0.0118944916335,0.0,-0.0083233987319,0.00884919178242,-0.999926203696,0.0,0.645971688425,0.240606203592,0.303541634378,1.0,-0.0861011428571,-0.113161502041,1.114
0.452029979773,0.458223767309,-0.124755538164,-1.49596786401,0.0711390180149,1.945153922,0.139452758739,-0.0794347313793,-0.460562632777,-0.00835460270694,-0.710756736187,-0.0487361924167,0.235041816559,-0.105120004983,0.573838790264,0.818953201485,0.00233312379372,0.0,0.818912428242,-0.573775999968,-0.0120118122235,0.0,-0.00849858526241,0.00880363736382,-0.999925132206,0.0,0.644415281804,0.23860776555,0.303496345825,1.0,-0.0960485714286,-0.126235265306,1.131
0.450584860942,0.449857243125,-0.124901468758,-1.5086622739,0.0702593184015,1.94964366676,0.137442296916,-0.0905140079349,-0.51724711059,-0.00966507599108,-0.774209541451,-0.0600154351841,0.292763252715,-0.120008969455,0.573822521209,0.818964360928,0.00241590242923,0.0,0.818925336533,-0.573760101425,-0.011890588633,0.0,-0.00835198069954,0.00880170071794,-0.999926384532,0.0,0.642747779106,0.236368954805,0.303593543787,1.0,-0.105996,-0.139309028571,1.148
0.449082227143,0.441381729578,-0.124978257946,-1.52154644595,0.069436112059,1.9542384596,0.13547014545,-0.0972632251287,-0.543729531898,-0.00226425325394,-0.825125200173,-0.0523338733175,0.285418457218,-0.127587196342,0.573848508258,0.818945676522,0.00257203747057,0.0,0.818908476976,-0.573785264677,-0.0118373678933,0.0,-0.00821852228886,0.00889929053397,-0.999926626568,0.0,0.641022483593,0.234133873947,0.303665476167,1.0,-0.115358285714,-0.151613746939,1.164
0.44729526601,0.431583983236,-0.125059584711,-1.53624976788,0.0684518540335,1.95941378196,0.133037678473,-0.108615445434,-0.596510677312,-0.00776019577079,-0.874959171661,-0.055521729273,0.328792301081,-0.1368412158,0.573753956724,0.81901121817,0.0027872132302,0.0,0.818976795602,-0.573689917349,-0.011731747527,0.0,-0.00800959091511,0.00901397306973,-0.999927294728,0.0,0.639024664956,0.231537953711,0.303805215784,1.0,-0.125305714286,-0.164687510204,1.181
0.445316356583,0.421231164638,-0.125148609151,-1.55202511546,0.0673186070974,1.96485068725,0.130419768649,-0.122979120278,-0.619909521791,-0.00404471776956,-0.952172552931,-0.0691419580442,0.320888531173,-0.162781375837,0.573654676325,0.819080891669,0.00274811487181,0.0,0.819046223565,-0.573591082256,-0.0117175476349,0.0,-0.00802147961984,0.00897283185833,-0.999927569453,0.0,0.636828934026,0.228700208471,0.303811851163,1.0,-0.135253142857,-0.177761273469,1.198
0.443247514868,0.410770733658,-0.125269042133,-1.56762133985,0.0661963566215,1.97036188766,0.127852077855,-0.130184293674,-0.671310539209,-0.00867492458909,-1.00311408051,-0.0763279531436,0.34101404947,-0.169574221353,0.573670351445,0.8190689933,0.00300981517473,0.0,0.819038351808,-0.573606610544,-0.0115057163756,0.0,-0.00769767385231,0.00906581696186,-0.999929275889,0.0,0.634679936661,0.22582497727,0.303956478698,1.0,-0.144615428571,-0.190065991837,1.214
0.440808132173,0.399135064037,-0.12535772264,-1.58522192865,0.0650380124289,1.97626766058,0.124901616082,-0.14573958535,-0.705951404919,-0.00780155257169,-1.0390413365,-0.0747351428923,0.359947775149,-0.172151924591,0.573706314461,0.819043892458,0.00298561144369,0.0,0.819011935635,-0.573641473355,-0.0116471556628,0.0,-0.00782701185689,0.00912747388894,-0.99992771094,0.0,0.632142467874,0.222549867894,0.303946206964,1.0,-0.154562857143,-0.203139755102,1.231
0.438306680771,0.387596004689,-0.125483952093,-1.60259835744,0.0637380305666,1.98218192167,0.121913676265,-0.15963900942,-0.727721785602,-0.0100579959346,-1.12574226802,-0.0871255941801,0.37289345654,-0.194271110969,0.573711542942,0.819040233093,0.00298478999534,0.0,0.819008683293,-0.57364719145,-0.0115941076811,0.0,-0.0077839741254,0.00909641746501,-0.9999283299,0.0,0.629636206024,0.219231640099,0.303945612861,1.0,-0.163925142857,-0.215444473469,1.247
0.435435810471,0.374654265431,-0.125629116494,-1.62185633821,0.0622933534865,1.98858076933,0.118433698769,-0.175471214975,-0.767129829138,-0.00607785816639,-1.16215734767,-0.0793457292864,0.384359642684,-0.214865429053,0.573628642796,0.819098240296,0.00299996839126,0.0,0.81906704503,-0.573564437628,-0.0115654025529,0.0,-0.00775267495917,0.00909159645662,-0.999928616905,0.0,0.626618644554,0.215273876425,0.303990256894,1.0,-0.174457714286,-0.229287281633,1.265
0.432034808465,0.36036737256,-0.125822854994,-1.64302609575,0.0606772466407,1.99559317977,0.114663968709,-0.198650793763,-0.799317321461,-0.0139619331443,-1.1959202722,-0.100894836191,0.396259803747,-0.214232147133,0.573776380821,0.818994613478,0.003038882687,0.0,0.81896429389,-0.573712471375,-0.0114992358049,0.0,-0.00767451504496,0.00908690126733,-0.99992926252,0.0,0.623638189002,0.211243424374,0.304036814872,1.0,-0.184405142857,-0.242361044898,1.282
0.428518661437,0.346334262513,-0.126010655615,-1.66386570007,0.0591072934832,2.00225914311,0.110720799661,-0.212483923008,-0.83540496731,-0.0152051129877,-1.21588556716,-0.0925714641627,0.407217342816,-0.243645104891,0.573833428442,0.818955182156,0.00289014261518,0.0,0.818922485416,-0.573769467443,-0.0116321971757,0.0,-0.0078681240535,0.00904192044425,-0.999928165569,0.0,0.620439254639,0.206967473831,0.303987658023,1.0,-0.194352571429,-0.255434808163,1.299
0.425009534504,0.332613727933,-0.126143466987,-1.68407622518,0.0575464001827,2.00881001382,0.106895554261,-0.222341509417,-0.838408185592,-0.0104207356161,-1.28112761989,-0.100440931518,0.401942997729,-0.242876445321,0.573884633856,0.818919244648,0.00290597147465,0.0,0.818886516102,-0.573820340133,-0.0116549516705,0.0,-0.00787711033722,0.00906843312425,-0.999927854724,0.0,0.61729147811,0.202817876227,0.303969996357,1.0,-0.203714857143,-0.267739526531,1.315
0.420836621007,0.316483999715,-0.126267186543,-1.70740464792,0.0555879357572,2.01626722747,0.10229664047,-0.243516636795,-0.911327100121,-0.0137563319793,-1.33667609332,-0.117423822317,0.412216249207,-0.261569410974,0.573771822622,0.818997859584,0.0030246425053,0.0,0.818967303064,-0.573707896031,-0.0115131856775,0.0,-0.00769416127533,0.00908319972539,-0.999929145172,0.0,0.613574851492,0.197982227998,0.30406683263,1.0,-0.214247428571,-0.281582334694,1.333
0.416606892605,0.3007740899,-0.12637456844,-1.73003003096,0.0537030369725,2.02336517553,0.0976038748909,-0.259262222943,-0.931839856421,-0.00709069139783,-1.34496940222,-0.118407751589,0.412207324317,-0.277849030068,0.573571561452,0.819137777696,0.00311639961402,0.0,0.81910846529,-0.573507445886,-0.0114576832769,0.0,-0.00759828912461,0.00912464627054,-0.999929500931,0.0,0.6098798703,0.193224534842,0.304126022437,1.0,-0.224194857143,-0.294656097959,1.35
0.412509173499,0.28645745765,-0.126518540003,-1.75050690151,0.0520483864598,2.02962515843,0.0933666458847,-0.274112111289,-0.959062438279,-0.00645366334555,-1.37108941287,-0.103798592689,0.420838598142,-0.294856503337,0.57363587975,0.819092456631,0.00318933459561,0.0,0.819063496027,-0.573570819466,-0.0115000624028,0.0,-0.00759045124706,0.00920929326492,-0.999928784448,0.0,0.606479834009,0.188764272528,0.304172493834,1.0,-0.232972,-0.306191771429,1.365
0.407253707062,0.268829228235,-0.126715531696,-1.77567166192,0.0498744633354,2.0371944758,0.0879325918694,-0.300546800604,-0.993633976411,-0.00745932349989,-1.40454667523,-0.125098559725,0.434986871044,-0.304849147818,0.573623585327,0.819101227311,0.00314780482154,0.0,0.819071634347,-0.573558540639,-0.0115327866761,0.0,-0.00764121649815,0.00919393309345,-0.999928539149,0.0,0.602216704434,0.183165583357,0.304165434635,1.0,-0.243504571429,-0.320034579592,1.383
0.401832526391,0.251612636313,-0.126957348403,-1.79991572582,0.047683026049,2.04434477513,0.0825685588078,-0.323974273177,-1.03911728623,-0.0116053793934,-1.43944164837,-0.130739415241,0.436361522315,-0.315991322909,0.573750833645,0.819012079364,0.00315303790023,0.0,0.818982955135,-0.573686239482,-0.0114788818311,0.0,-0.00759263460312,0.00916847883875,-0.999929142937,0.0,0.598047767554,0.17756831022,0.304212693536,1.0,-0.253452,-0.333108342857,1.4
