position_joint1,position_joint2,position_joint3,position_joint4,position_joint5,position_joint6,position_joint7,velocity_joint1,velocity_joint2,velocity_joint3,velocity_joint4,velocity_joint5,velocity_joint6,velocity_joint7,ee_T_00,ee_T_10,ee_T_20,ee_T_30,ee_T_01,ee_T_11,ee_T_21,ee_T_31,ee_T_02,ee_T_12,ee_T_22,ee_T_32,ee_T_03,ee_T_13,ee_T_23,ee_T_33,v_x,v_y,time
0.465080437995,0.547685611551,-0.124009404567,-1.35582304237,0.0795069095029,1.89413388379,0.159120618246,-0.000488616927912,-0.00109820063006,-0.000801634680012,1.53755220079e-05,-0.000486718531855,1.83788776076e-05,-0.000939104349409,0.573784571353,0.818991915764,0.0020626417796,0.0,0.818950331688,-0.57372563898,-0.0118318344297,0.0,-0.00850695005875,0.00847828844945,-0.999927872612,0.0,0.66169120335,0.260888707283,0.303290425537,1.0,0.0,0.0,0.0
0.465080108793,0.547692839961,-0.124012874043,-1.3558202848,0.0795089440081,1.89413363796,0.15912561584,-0.000138316782955,0.000346487910725,-3.11888176353e-05,-0.00044660683433,1.43515787784e-05,0.000371847650642,7.34756978528e-05,0.573791757767,0.818986891203,0.00205855700695,0.0,0.81894525596,-0.573732842793,-0.0118338388624,0.0,-0.00851086099768,0.00847616788944,-0.999927857309,0.0,0.661692363331,0.260887026117,0.30328671463,1.0,-0.00026,-0.000341714285714,0.014
0.465076522771,0.547680258663,-0.124009770255,-1.35582912204,0.0795082319313,1.89413553683,0.159127362072,-0.00234710789757,-0.0038173481145,0.00030738300917,-0.000683899169313,0.000106845557547,-0.000245331948155,0.000671168099786,0.57379424052,0.818985137431,0.00206424687475,0.0,0.818943561007,-0.57373528737,-0.0118326164948,0.0,-0.0085065695501,0.00848015215062,-0.999927860045,0.0,0.661691312113,0.260885580369,0.303291482009,1.0,-0.0006,-0.000788571428571,0.031
0.465075134269,0.547658244493,-0.124007318343,-1.35584545213,0.0795096560849,1.89413864627,0.159122182698,-0.000432032429712,-0.00388521616096,0.00154912818352,-8.13998130466e-05,0.000707055105617,0.00170663618159,0.000288719326231,0.573790673823,0.818987611281,0.00207415111977,0.0,0.818946125893,-0.573731643881,-0.011831762135,0.0,-0.00850022413225,0.00848773620723,-0.999927849659,0.0,0.661688490794,0.260884874915,0.303299496028,1.0,-0.00092,-0.00120914285714,0.047
0.46507582117,0.547559888471,-0.124011246555,-1.35595706791,0.0795045472706,1.89416283603,0.159121323068,-0.000546753358278,-0.0107534778229,0.000658773755027,-0.00601942426991,0.000466374921347,-0.000243626131926,8.41550328961e-05,0.573797382064,0.818982883006,0.00208532521439,0.0,0.818941497988,-0.573738261828,-0.011831174431,0.0,-0.00849326200262,0.00849661985638,-0.999927833372,0.0,0.661669065792,0.260872300287,0.303318572241,1.0,-0.00128,-0.00168228571429,0.065
0.465069053926,0.547422822322,-0.124007590182,-1.35615873467,0.0795054682626,1.894215416,0.15911397225,-0.000405844486479,-0.0104348747291,0.00155372665564,-0.013808253349,-1.77715591652e-05,-0.00025723613711,-0.00153951196965,0.573805231106,0.818977388749,0.00208335648482,0.0,0.81893584164,-0.573745981286,-0.0118483389767,0.0,-0.00850836811783,0.00850493792747,-0.999927634233,0.0,0.661640081434,0.260851131766,0.303323821427,1.0,-0.00162,-0.00212914285714,0.082
0.465053509124,0.547280607666,-0.124009903243,-1.35635070683,0.0794995122654,1.89430151039,0.159116042978,-0.00182004863092,-0.0110582785131,0.000384166281225,-0.00683957749817,-0.00416063038771,0.00196488749955,0.00173952704695,0.573830518245,0.818959586487,0.00211634903114,0.0,0.818918452323,-0.573771117496,-0.011833007773,0.0,-0.00847661840524,0.00852342235824,-0.999927746496,0.0,0.661621914024,0.260823475115,0.303340729581,1.0,-0.00192,-0.00252342857143,0.097
0.465035401153,0.547077404459,-0.124008379729,-1.35659151508,0.0794959459267,1.89442747687,0.159107695426,-0.00158240425987,-0.00733801503955,8.32623846584e-05,-0.0117425252187,-0.00313286637741,0.00673811295475,0.00138142378647,0.573850147918,0.818945618213,0.00219750866074,0.0,0.818905487383,-0.573790373571,-0.0117964753906,0.0,-0.00839992424071,0.0085691260309,-0.999928003084,0.0,0.66160176061,0.260794450149,0.303380928526,1.0,-0.00228,-0.00299657142857,0.115
0.46501025492,0.546871604146,-0.124012695841,-1.3568633584,0.0794974476491,1.89455091425,0.159091864659,-0.000551551907665,-0.0124063930581,-0.0012114255924,-0.0157075246906,-0.00258696587512,0.0119009221635,0.000855719912549,0.573876507807,0.818926990989,0.00225479902702,0.0,0.818887501284,-0.573816403216,-0.0117789024689,0.0,-0.00835238129758,0.00860622785234,-0.999928082698,0.0,0.661576930419,0.260754381794,0.303408168619,1.0,-0.00262,-0.00344342857143,0.132
0.464976026226,0.54664350591,-0.124006783386,-1.35720073696,0.0794863437524,1.8946793909,0.159061525295,-0.00290539969106,-0.0112789953844,3.69305287304e-05,-0.0210456571247,-7.6872362688e-05,0.0159919656018,-0.00283068071925,0.573891505565,0.818916417807,0.00227758352666,0.0,0.818877118765,-0.57383120312,-0.0117797109436,0.0,-0.00833981076066,0.00862550315229,-0.999928021535,0.0,0.661539367613,0.260705032492,0.303420071997,1.0,-0.00294,-0.003864,0.148
0.464943166139,0.546366168391,-0.124012990308,-1.35760888132,0.0794795948604,1.89482670775,0.158972889397,-0.00168223315666,-0.0156188169345,-0.00213283210565,-0.0301888941193,-0.000130176865481,0.0164493377067,-0.00960935104894,0.57387116806,0.818930604893,0.00230081293553,0.0,0.818891471806,-0.573810638618,-0.0117836884199,0.0,-0.00832995252312,0.0086466016026,-0.999927921488,0.0,0.661492782172,0.260643803842,0.303435193953,1.0,-0.00328,-0.00431085714286,0.165
0.464899093111,0.546082452521,-0.124005224932,-1.35808194491,0.0794633589456,1.894986416,0.158895820316,-0.00241690072344,-0.015476095935,0.00122093891856,-0.0262781171743,-0.000821320712321,0.00982322374566,0.000453898510256,0.573860814301,0.818937906408,0.00228432890556,0.0,0.81889838433,-0.573800168407,-0.0118131189612,0.0,-0.00836362362524,0.00864988585368,-0.999927612017,0.0,0.661434147245,0.260574923765,0.303424511092,1.0,-0.00362,-0.00475771428571,0.182
0.464852963946,0.545768327819,-0.124007356119,-1.35858890127,0.0794415274422,1.89516278453,0.158866808432,-0.00837636226545,-0.0252397543934,0.000916821811767,-0.0351219906177,-0.0003636257501,0.00872958842716,-0.00175433158499,0.57389882344,0.818911299089,0.00227411079424,0.0,0.818871560491,-0.573838125976,-0.0118287571958,0.0,-0.00838189282283,0.00865088104852,-0.999927450433,0.0,0.661374936349,0.260495558907,0.303420972157,1.0,-0.00394,-0.00517828571429,0.198
0.464788292709,0.545416412894,-0.124010514642,-1.35919483717,0.0793406030497,1.89535421159,0.158789647368,-0.00206647706055,-0.0301045203537,0.000602887032136,-0.0381820572181,-0.016462433664,0.00880428615325,-0.00521361133939,0.573897703243,0.818912327969,0.00218453982228,0.0,0.818871957879,-0.573837901534,-0.0118121235874,0.0,-0.00841968398282,0.00856797395864,-0.999927846769,0.0,0.661306428507,0.260380294108,0.303398246986,1.0,-0.00428,-0.00562514285714,0.215
0.464717693442,0.545000558023,-0.124008756603,-1.35992658921,0.0793175584728,1.89558175615,0.158664858439,-0.00531108865558,-0.0218392317495,0.000583784018799,-0.0384547860523,-0.000814840012369,0.0114130955441,-0.00650487353607,0.573886644508,0.818920243074,0.0021217068588,0.0,0.818878785532,-0.573826820203,-0.0118769492496,0.0,-0.00850894568985,0.0085536079711,-0.999927214168,0.0,0.661213872001,0.260264927953,0.303363991172,1.0,-0.00464,-0.00609828571429,0.233
0.464653533234,0.544620716825,-0.12401092688,-1.36056338196,0.0792954664557,1.89579773355,0.158625926949,-0.00142094912209,-0.0186644450801,0.00097913083743,-0.0416651426017,-6.14863031091e-05,0.0036752477009,-0.00216378146643,0.573938404946,0.818884037711,0.00209451934776,0.0,0.818842059105,-0.573878516853,-0.011911214723,0.0,-0.00855206860345,0.00855154875848,-0.999926863894,0.0,0.661138979994,0.260161724447,0.303348534188,1.0,-0.00494,-0.00649257142857,0.248
0.46458077817,0.544137835384,-0.124016116898,-1.36136104945,0.0792650741197,1.8960808998,0.158519122625,-0.00570043554441,-0.0315180728269,0.000710164261397,-0.0486686173717,-0.00119937805395,0.0199718466315,-0.00659417287949,0.57395052911,0.818875588408,0.00207551101472,0.0,0.818833201005,-0.573890556655,-0.0119400509394,0.0,-0.00858646538314,0.00855266054741,-0.999926559608,0.0,0.661046511667,0.260036568303,0.303335310883,1.0,-0.0053,-0.00696571428571,0.266
0.464504398219,0.543619183434,-0.124017043737,-1.36218467014,0.0792257036354,1.89636683507,0.158405945171,-0.0109845090818,-0.0326995066933,0.000521356952058,-0.048840077324,-0.00388184937501,0.0142086444208,-0.00654600050486,0.573956350216,0.818871534821,0.00206504424993,0.0,0.818828886977,-0.573896296981,-0.0119599776325,0.0,-0.00860872973692,0.0085555877169,-0.999926343133,0.0,0.660949919028,0.25990761807,0.303335072314,1.0,-0.00564,-0.00741257142857,0.283
0.464433237906,0.543132929557,-0.124024971303,-1.3629877407,0.0791802363629,1.89664233282,0.158297843531,-0.00298452393749,-0.0301940471976,-0.000468097504785,-0.0469911206452,-0.00570653479621,0.0118749240447,-0.0107306411608,0.573964157609,0.818866151603,0.0020293940523,0.0,0.818823009733,-0.57390422345,-0.0119819839378,0.0,-0.00864712974206,0.00853910826745,-0.999926152662,0.0,0.660855589556,0.259778384074,0.303320953285,1.0,-0.00596,-0.00783314285714,0.299
0.464353323859,0.542554019228,-0.124025502067,-1.36389381953,0.0791223107474,1.89695507538,0.158203147904,-0.0050384733359,-0.0354271673602,-5.53606507311e-05,-0.0532414720166,-0.00568290784538,0.00874171305851,-0.00304352289819,0.573987231896,0.818850012178,0.00201545970068,0.0,0.818806682531,-0.573927347557,-0.0119901321931,0.0,-0.00866155921405,0.00853261893822,-0.999926083171,0.0,0.66074855115,0.25963716403,0.303326251504,1.0,-0.0063,-0.00828,0.316
0.464276000058,0.541923316896,-0.124028991381,-1.36487691579,0.0790702857573,1.897320191,0.158063905992,-0.0011004451761,-0.0333883091742,-0.000516363787488,-0.0588872985744,-0.00114949543918,0.015661850522,-0.00897176875137,0.573979744945,0.818855226289,0.00202920494498,0.0,0.818812018485,-0.573919746964,-0.0119895508844,0.0,-0.00865327221629,0.00854346124365,-0.999926062342,0.0,0.660635096669,0.259491995251,0.303336098501,1.0,-0.00666,-0.00875314285714,0.334
0.464196527529,0.541359919449,-0.124022227663,-1.3657249884,0.0790108920961,1.89762687649,0.157955869102,-0.0035527128943,-0.0392955247291,0.00139787803598,-0.0583948624544,-0.000440649402307,0.0178430045585,-0.00998566765191,0.573982750081,0.818853079026,0.0020456001205,0.0,0.818810110799,-0.573922708337,-0.0119780720474,0.0,-0.00863443105506,0.00855032941611,-0.999926166508,0.0,0.660537829548,0.25936134986,0.303357107716,1.0,-0.00696,-0.00914742857143,0.349
0.464128972941,0.540751770844,-0.124031814513,-1.36663972943,0.0789580320697,1.89796669525,0.157832771141,-0.00325296448161,-0.0408635870099,0.000418659630032,-0.0599909077634,-0.00626210533151,0.025661332061,-0.00870953898641,0.573980579501,0.818854531269,0.00207313226286,0.0,0.818811944561,-0.573920445578,-0.0119611242108,0.0,-0.00860477343558,0.00856312333214,-0.999926312682,0.0,0.660433120319,0.25922508198,0.303381374366,1.0,-0.00726,-0.00954171428571,0.364
0.464010907832,0.539908944707,-0.124032919511,-1.36793615781,0.0788871070919,1.89844261613,0.157670602136,-0.00776674602806,-0.0397954775407,-0.0023680431402,-0.0654708096028,-0.00154119059355,0.0230477990411,-0.0148839927768,0.57399805943,0.818842220413,0.00209588663519,0.0,0.81879985435,-0.57393775322,-0.0119582961473,0.0,-0.00858921467221,0.00858031565194,-0.999926299071,0.0,0.660285531175,0.259024466747,0.30340124834,1.0,-0.00766,-0.0100674285714,0.384
0.463931533919,0.539200688823,-0.124038590564,-1.36902037599,0.0788292918443,1.89885778904,0.157551363302,-0.0086742158981,-0.0481960373166,2.09517719117e-05,-0.063387413846,-0.00700753947757,0.0241069492293,-0.0103256147535,0.574013996767,0.81883095698,0.00213126899233,0.0,0.818789024472,-0.573953515092,-0.0119433169201,0.0,-0.00855647303209,0.00860085633223,-0.999926403312,0.0,0.660161377761,0.258868182885,0.303421790251,1.0,-0.00798,-0.010488,0.4
0.463819663844,0.538431435528,-0.124040718004,-1.37021141778,0.0787615860918,1.89931225681,0.157407123913,-0.00341076448888,-0.0484382647911,-0.00133976734602,-0.0756789690582,-0.00209522798024,0.0286845920132,-0.00802280819438,0.574036764782,0.818814920562,0.00215996395659,0.0,0.818773345187,-0.573976146053,-0.0119306276385,0.0,-0.00852937235155,0.0086173057155,-0.999926493223,0.0,0.660029882672,0.258681697973,0.303437742115,1.0,-0.00832,-0.0109348571429,0.417
0.463713991282,0.537649259652,-0.124042468721,-1.37142464686,0.0786746677756,1.89978672589,0.157245024711,-0.00578971472936,-0.047867514677,0.000689889214084,-0.0732269521301,-0.0137894630836,0.0273497539424,-0.00959662969914,0.574035606951,0.818815658711,0.0021876706454,0.0,0.818774599454,-0.573975033563,-0.0118980265481,0.0,-0.00848678551018,0.00862126603359,-0.999926821444,0.0,0.659896705448,0.258495325344,0.303453816785,1.0,-0.00866,-0.0113817142857,0.434
0.463612317166,0.536870301957,-0.124045653774,-1.37264455661,0.0786182465878,1.9002328138,0.157103468733,-0.00348008669143,-0.0533213607619,0.000138678041147,-0.0745925730259,-0.000280165936889,0.0298414355626,-0.0129032386329,0.574057281934,0.818800428923,0.00220035365741,0.0,0.818759377218,-0.573996494561,-0.0119102204203,0.0,-0.00848926174718,0.00863887527705,-0.999926648444,0.0,0.65975356908,0.258312938156,0.30346194304,1.0,-0.00898,-0.0118022857143,0.45
0.46348536061,0.535976908314,-0.124049198108,-1.37405234505,0.0785376431951,1.90075658356,0.156933863641,-0.00295358153964,-0.0494436236251,0.000104393026329,-0.0764463755617,-0.00191620111258,0.03350002141,-0.0124909224625,0.574080740032,0.818783958876,0.00220896194767,0.0,0.818742986264,-0.574019881436,-0.0119098724503,0.0,-0.00848378777848,0.0086459669532,-0.999926633609,0.0,0.659593026109,0.258094240192,0.303467997374,1.0,-0.00934,-0.0122754285714,0.468
0.46336958468,0.535079396407,-0.124052353485,-1.37547676824,0.0784513622855,1.90126702172,0.156759631625,-0.00541548869191,-0.0534148046377,-6.86499156562e-05,-0.0890789937777,0.000241666540016,0.0274814921772,-0.0125838882252,0.574090103363,0.818777434646,0.0021937721537,0.0,0.818736239573,-0.574029279799,-0.0119206897305,0.0,-0.00850126598304,0.00863983710678,-0.999926538147,0.0,0.659423053643,0.257879425923,0.303467682773,1.0,-0.00968,-0.0127222857143,0.485
0.463246408116,0.534230132119,-0.124057676098,-1.37685850075,0.0783793693582,1.90176189271,0.156587412505,-0.00664273537829,-0.0626767805961,6.49472778081e-05,-0.0903420458724,-0.00849990408887,0.0283183024602,-0.0120212969039,0.57411012245,0.818763471667,0.00216602538259,0.0,0.818721792899,-0.574049285429,-0.0119495033731,0.0,-0.00854057597587,0.00863386925815,-0.999926254713,0.0,0.659259890396,0.257664174047,0.303452229343,1.0,-0.01,-0.0131428571429,0.501
0.463127499555,0.533370399864,-0.124056295155,-1.3782389057,0.0782971592871,1.90227630254,0.156423169876,-0.0102016219652,-0.0573108268817,0.00124955412061,-0.0838061180502,-0.0122940841393,0.0336333246784,-0.0163521811039,0.574125601822,0.818752632599,0.00216028847368,0.0,0.818710846952,-0.574064753929,-0.0119563489628,0.0,-0.00854931131921,0.00863326386687,-0.999926185291,0.0,0.659098814312,0.257455618402,0.303446084844,1.0,-0.01032,-0.0135634285714,0.517
0.46298294892,0.532322188218,-0.124058452002,-1.37994984381,0.0782044754806,1.90293061404,0.156206969734,-0.00433130253799,-0.0536574374678,0.000483242363605,-0.093228564331,-0.0131442281786,0.0378016683239,-0.0131356519826,0.574137318074,0.818744428763,0.00215575156614,0.0,0.818702499723,-0.574076402335,-0.011968631098,0.0,-0.00856184877015,0.00863672323931,-0.999926048144,0.0,0.658901236095,0.257199151786,0.303427595221,1.0,-0.0107,-0.0140628571429,0.536
0.462869649957,0.531460294708,-0.124060611778,-1.38133143883,0.0781297714596,1.90342635769,0.15603610831,-0.0106955529537,-0.057689757928,-3.12791471579e-06,-0.0905059675095,-0.00920307604591,0.0269809787528,-0.00941993854252,0.574146952225,0.818737716051,0.00213926792032,0.0,0.818695458904,-0.574085989559,-0.0119903737757,0.0,-0.00858901286385,0.00863581175723,-0.999925823056,0.0,0.658734417238,0.256992114941,0.303420551044,1.0,-0.011,-0.0144571428571,0.551
0.462718768513,0.530382291048,-0.124056355196,-1.38307032534,0.0780137171562,1.90403071855,0.155813910224,-0.0055855164781,-0.0620595560221,0.000801730181782,-0.0947755465452,-0.00217515773804,0.0395326495462,-0.00731482205129,0.574156858014,0.818730897575,0.00208965368165,0.0,0.818688015686,-0.574096124233,-0.0120133265363,0.0,-0.0086361858116,0.00860847398425,-0.999925652471,0.0,0.658511283493,0.256707822229,0.303407372576,1.0,-0.01138,-0.0149565714286,0.57
0.462592035788,0.529403828402,-0.124064178959,-1.38461420852,0.0779205055314,1.90461319578,0.15560409768,-0.00497269953803,-0.0637641348582,-0.00258060015129,-0.0983860296087,-0.00149011829218,0.0384128857893,-0.0179093578744,0.574145163125,0.818739077277,0.00209807067313,0.0,0.8186963016,-0.574084391814,-0.0120093181577,0.0,-0.00862819456031,0.00861294045907,-0.999925682996,0.0,0.65834226819,0.256491236438,0.303409828376,1.0,-0.01168,-0.0153508571429,0.585
0.462446094819,0.528240833572,-0.124065081026,-1.3864213842,0.0778001309457,1.90529641777,0.155355498216,-0.00532089114704,-0.0638155250681,-0.00171246837195,-0.104337388774,-0.0066029026222,0.0416027973669,-0.0165381042515,0.574127363055,0.818751491815,0.0021242748071,0.0,0.818709157985,-0.57406658457,-0.0119840733262,0.0,-0.00859266816611,0.00861971361226,-0.999925930552,0.0,0.658130648595,0.256222289483,0.303427808074,1.0,-0.01204,-0.015824,0.603
0.462314369637,0.527245467958,-0.124070545206,-1.38795898312,0.0777163094929,1.90588293581,0.155138742929,-0.0100177015802,-0.0650910549435,-0.000247331386813,-0.103595004776,-0.00321235819929,0.0359356657966,-0.0234680595891,0.574122359749,0.818754893119,0.00216516308999,0.0,0.818713041874,-0.574061361782,-0.0119689128911,0.0,-0.00855683426855,0.00864443420437,-0.999926024436,0.0,0.657953330733,0.255989199472,0.303447621895,1.0,-0.01234,-0.0162182857143,0.618
0.462136692014,0.525799821428,-0.124073712932,-1.39020176923,0.07757011189,1.90670855626,0.154838276755,-0.00851804402073,-0.0668387612967,-0.000202820278115,-0.107957722368,-0.0108782680618,0.0396936396166,-0.0128191284592,0.574105623781,0.818766581071,0.00218297179816,0.0,0.818725032382,-0.5740446261,-0.0119513805462,0.0,-0.00853243203502,0.0086487749554,-0.999926195424,0.0,0.657684331375,0.255655622655,0.303468952393,1.0,-0.01276,-0.0167702857143,0.639
0.462028550923,0.524971462245,-0.124072054378,-1.39149798907,0.0774840003288,1.90717909059,0.154663990563,-0.00708741203279,-0.068588688028,-0.0015556828237,-0.10938418066,-0.00252585232157,0.0408107209878,-0.0150623714095,0.574100946917,0.818769879093,0.00217594564233,0.0,0.818728292205,-0.574040032622,-0.0119486983545,0.0,-0.00853431871165,0.00864143367382,-0.999926242794,0.0,0.657516358033,0.255438364278,0.303472891835,1.0,-0.01302,-0.017112,0.652
0.461840356361,0.523580322292,-0.124084035419,-1.3937165055,0.0773496041356,1.90797725413,0.154360465905,-0.00729811136309,-0.0712000066112,-0.00146977790634,-0.113219242567,-0.00371731663823,0.0419795684061,-0.014320285747,0.574093694742,0.818775022631,0.00215380447159,0.0,0.818733102966,-0.574032827591,-0.0119651935953,0.0,-0.00856061200422,0.00863269942387,-0.99992609348,0.0,0.65726009291,0.255117177045,0.303467126666,1.0,-0.0134,-0.0176114285714,0.671
0.461706326127,0.522503874745,-0.124084022054,-1.39542338016,0.0772365730194,1.90863449977,0.154139549956,-0.0083409940335,-0.073665560218,0.000415699496594,-0.111724075775,-0.0120796707749,0.0441800911216,-0.0196806151079,0.57408367999,0.818782003244,0.00216943187034,0.0,0.818740380499,-0.574022844124,-0.0119461569515,0.0,-0.00853615921499,0.00863446145958,-0.999926287314,0.0,0.657058138257,0.254866947901,0.303468246877,1.0,-0.0137,-0.0180057142857,0.686
0.461519201993,0.521108005017,-0.124081948444,-1.39763981758,0.0771119143188,1.90949794839,0.153829437021,-0.00942592068299,-0.0750242420749,0.00153203618688,-0.117194390618,-0.00824212322221,0.0442549017951,-0.0107175061621,0.574066758151,0.818793761501,0.00220912057245,0.0,0.818752581898,-0.574005687701,-0.0119342793498,0.0,-0.00850382943129,0.00865996296075,-0.999926342251,0.0,0.656798748885,0.254538854902,0.303468798984,1.0,-0.01408,-0.0185051428571,0.705
0.461363501434,0.519983398451,-0.124090782584,-1.39942970862,0.0769970888602,1.91016055739,0.153586184668,-0.0103545869804,-0.0753709712214,0.000349703409924,-0.115035871221,-0.00484564826082,0.0520104773636,-0.0213595075165,0.574065778988,0.818794471202,0.00220050574362,0.0,0.818753243621,-0.574004808991,-0.0119311448027,0.0,-0.00850621829154,0.00865109971102,-0.999926398654,0.0,0.656585980211,0.254260181319,0.303464379075,1.0,-0.01438,-0.0188994285714,0.72
0.461166817871,0.518408730782,-0.124101465601,-1.40186950624,0.0768343518968,1.91102777552,0.153258654273,-0.00883867563972,-0.0803117132777,-0.00122659330807,-0.117048223617,-0.00210611601078,0.0496060716408,-0.0124052157855,0.574051629132,0.818804411,0.00219328950278,0.0,0.818763178669,-0.573990780892,-0.0119242445415,0.0,-0.00850485981892,0.00864108305789,-0.99992649682,0.0,0.656285040025,0.253888531895,0.30348394718,1.0,-0.01478,-0.0194251428571,0.74
0.461040653357,0.517453273294,-0.12410499416,-1.40338270649,0.0767346738449,1.91156636511,0.153043744481,-0.01293799941,-0.0771700321014,-9.78384269419e-05,-0.126643560535,-0.0160999164058,0.0483183767675,-0.010851224154,0.574034609828,0.81881639838,0.00217240991039,0.0,0.818774918153,-0.573973872941,-0.0119320360763,0.0,-0.00852340437738,0.00862828254125,-0.999926449454,0.0,0.656097748101,0.253657101493,0.303480934451,1.0,-0.01502,-0.0197405714286,0.752
0.46082201085,0.515867761171,-0.124108768805,-1.40590341428,0.076578719893,1.91251323017,0.152692411063,-0.00774665604719,-0.0817057438825,-0.000157901207611,-0.123349934135,-0.00966540622441,0.0485685085349,-0.017628553217,0.574019951509,0.818826658543,0.00217840059607,0.0,0.818785268939,-0.573959204852,-0.0119273398568,0.0,-0.00851627473095,0.00863033952491,-0.999926492451,0.0,0.655795769043,0.253272167326,0.303475455536,1.0,-0.01542,-0.0202662857143,0.772
0.460646211382,0.514646473067,-0.124109583547,-1.40786737284,0.0764599963325,1.91324430393,0.152439117091,-0.0144355777197,-0.0859646913735,0.000864690688937,-0.13858280817,-0.0102046519866,0.0528838122594,-0.0208728801044,0.574028655057,0.818820586697,0.00216722775031,0.0,0.818779014397,-0.573967915187,-0.0119375382396,0.0,-0.00853094711868,0.00862713572085,-0.999926395026,0.0,0.655558764792,0.252969796693,0.303460335826,1.0,-0.01572,-0.0206605714286,0.787
0.46048121681,0.513420141437,-0.124117179643,-1.409866911,0.0763389773554,1.91392903397,0.152165097652,-0.00940995929567,-0.0773913840788,1.29598549626e-05,-0.131086200239,-0.0124330319004,0.0465207669789,-0.0201698577568,0.574016965186,0.818828978877,0.00209139430891,0.0,0.818786316585,-0.573956438061,-0.0119884061469,0.0,-0.00861625102504,0.00859411902,-0.999925947926,0.0,0.655302407428,0.252663001638,0.303427692425,1.0,-0.01602,-0.0210548571429,0.802
0.460271271678,0.511908724862,-0.124126693041,-1.41229294362,0.0761894402692,1.91478767934,0.151828709664,-0.0135554844381,-0.0861895007287,-0.00152276737071,-0.129802078745,-0.0116424126383,0.0512683324901,-0.0207366025136,0.574006778525,0.818836246839,0.00204107129163,0.0,0.81879287529,-0.573946412287,-0.0120204034183,0.0,-0.00867144342765,0.00857117269591,-0.999925667771,0.0,0.65499931146,0.252286009479,0.30340649501,1.0,-0.01638,-0.021528,0.82
0.460061548905,0.510359277286,-0.124124527068,-1.41476369663,0.0760352183526,1.91573079302,0.15146824776,-0.0135241795687,-0.0845474051177,0.000204724177547,-0.140153200069,-0.010521780093,0.0539992754542,-0.026698019611,0.573969438896,0.818862383236,0.00205607298998,0.0,0.818819216643,-0.573909022924,-0.0120112765519,0.0,-0.00865575035229,0.00857782288762,-0.999925746713,0.0,0.654699969843,0.251916153117,0.303397063759,1.0,-0.01674,-0.0220011428571,0.838
0.459867961836,0.508950699969,-0.124127692672,-1.41699720419,0.0758978697528,1.91654819219,0.151167698676,-0.0134304979008,-0.0890713846111,-0.000726478669895,-0.144397749283,-0.0071311741737,0.0518486138372,-0.0169966681895,0.573963273241,0.818866725265,0.00204795641241,0.0,0.818823416253,-0.573902856256,-0.0120196288455,0.0,-0.00866731294968,0.008575905294,-0.999925663004,0.0,0.654423693298,0.251574364402,0.303390707804,1.0,-0.01706,-0.0224217142857,0.854
0.459665030777,0.507445968929,-0.124131259885,-1.41937231215,0.0757476745641,1.91739705692,0.150848143028,-0.00975055893608,-0.0901515285335,-0.000254003993178,-0.143511678406,-0.00562692156006,0.0541758802057,-0.016034568279,0.57395277806,0.818874134417,0.0020266824274,0.0,0.818830515478,-0.573892421057,-0.0120342376773,0.0,-0.0086915956165,0.00856675850008,-0.999925530634,0.0,0.654124590855,0.251210864141,0.303386468374,1.0,-0.0174,-0.0228685714286,0.871
0.459444650816,0.505880894514,-0.124133766662,-1.42180267717,0.0755954175108,1.9183115954,0.150498890031,-0.0104391337242,-0.0944356018544,-0.000315145629509,-0.1441968475,-0.00235829140365,0.0543260264299,-0.0191418936672,0.573933664885,0.818887433532,0.00206553066261,0.0,0.818844343338,-0.573873166852,-0.012011521607,0.0,-0.00865089803558,0.00858533001003,-0.999925724277,0.0,0.653830240829,0.250834949611,0.303403218724,1.0,-0.01774,-0.0233154285714,0.888
0.459224583218,0.50433715048,-0.124140165372,-1.42413170739,0.075450640805,1.91920687436,0.150185515751,-0.0169469889683,-0.101238686546,-0.000474469607991,-0.147381960059,-0.00996656151152,0.0528917790792,-0.0126582165077,0.573942895858,0.818880730563,0.0021559933533,0.0,0.818838890085,-0.573882089799,-0.0119568388225,0.0,-0.00855410363201,0.00862812002159,-0.999926188704,0.0,0.653555204127,0.25046866233,0.303451123372,1.0,-0.01806,-0.023736,0.904
0.458998352885,0.502660251384,-0.124140477224,-1.42660252796,0.0752956434043,1.92014792008,0.149833521647,-0.0110465755269,-0.105330104249,0.00158874884076,-0.14401629453,-0.00670433770002,0.0535929055873,-0.0222445033998,0.573925140773,0.818892837873,0.00228030049691,0.0,0.818852665555,-0.573863885147,-0.0118869818499,0.0,-0.00842574442003,0.00868963517414,-0.999926745853,0.0,0.6532584723,0.25008839369,0.303527660595,1.0,-0.0184,-0.0241828571429,0.921
0.458761129903,0.500947131842,-0.124149419316,-1.42915910176,0.0751281256108,1.92104731874,0.149477929779,-0.0152024810022,-0.0995583921316,-0.000369146125295,-0.149037176932,-0.0115795521002,0.0569693804106,-0.0257752270974,0.573919602493,0.818896596926,0.00232385858719,0.0,0.818857025812,-0.573858211685,-0.0118604831496,0.0,-0.00837910527979,0.00871003940096,-0.999926960237,0.0,0.652937965607,0.24968159495,0.303584670349,1.0,-0.01874,-0.0246297142857,0.938
0.458536783883,0.499343088978,-0.124147242144,-1.43160731785,0.0749725916695,1.92193671835,0.149141620229,-0.00923779746977,-0.103017579022,-0.00114222057273,-0.154392705812,-0.0112458071156,0.0582604678348,-0.0173744207388,0.573908930248,0.818903969001,0.00236140588138,0.0,0.818864859735,-0.573847366997,-0.0118443143434,0.0,-0.00834443013464,0.00873139817667,-0.999927063926,0.0,0.652631254048,0.249302434967,0.303615375365,1.0,-0.01906,-0.0250502857143,0.954
0.45828121086,0.497675869175,-0.124145538727,-1.43425738062,0.0748083536133,1.92292462515,0.148746936048,-0.0131382698371,-0.0990288082074,0.00112812608543,-0.155123888486,-0.0141151147861,0.0635439999739,-0.0214687546451,0.57388416769,0.818921314365,0.00236428733069,0.0,0.818882197891,-0.573822549645,-0.0118479702063,0.0,-0.00834603463671,0.00873560351388,-0.999927013805,0.0,0.652304398185,0.248884863951,0.303602148508,1.0,-0.0194,-0.0254971428571,0.971
0.458003553757,0.495894708311,-0.124145122417,-1.43709315101,0.0746349954501,1.92392314034,0.148330259404,-0.0187221523816,-0.0976747857572,0.000635820085078,-0.163824885731,-0.011456092659,0.0486383985636,-0.0207799733368,0.573866464085,0.818933850643,0.00231874310032,0.0,0.818893986712,-0.573804865141,-0.0118895823801,0.0,-0.00840643725904,0.0087220053071,-0.999926626526,0.0,0.651942684367,0.248431105965,0.303580239988,1.0,-0.01976,-0.0259702857143,0.989
0.457743282613,0.494321473578,-0.124150028905,-1.43967834459,0.0744733848497,1.92481245575,0.147972061793,-0.0152466114256,-0.0981398738857,0.000862734377951,-0.162339854676,-0.005228340166,0.0560610750876,-0.0280982940733,0.573876137211,0.818927365425,0.00221273564112,0.0,0.818885986558,-0.573814825335,-0.0119596883618,0.0,-0.00852457969055,0.00867552499851,-0.999926030668,0.0,0.651609312401,0.248007224293,0.303522895934,1.0,-0.0220371428571,-0.0289631020408,1.005
0.457448179142,0.492127108524,-0.124223786281,-1.44300888455,0.0742833023531,1.92604276108,0.147488190847,-0.0182625909641,-0.144209326902,0.00162125453779,-0.216401530515,-0.0137939112194,0.0823265354579,-0.0302143109982,0.573890732615,0.818916935636,0.00228614259998,0.0,0.818876658953,-0.57382927202,-0.0119050786076,0.0,-0.00843757739744,0.00870445068575,-0.999926517213,0.0,0.651203670863,0.247458589621,0.303573873489,1.0,-0.03078,-0.0404537142857,1.022
0.457057569338,0.48931760743,-0.124249329277,-1.44751624698,0.0740353715216,1.92773367191,0.146815823768,-0.0311148158145,-0.178283566013,0.000283940287158,-0.288123540382,-0.0195804218088,0.107030305452,-0.041126809974,0.573837450292,0.81895426658,0.00228840414212,0.0,0.818913784331,-0.573775745022,-0.0119312681131,0.0,-0.00845829498381,0.00872078207098,-0.99992619988,0.0,0.650633275872,0.246766712817,0.3035300398,1.0,-0.0395228571429,-0.0519443265306,1.039
0.456545632397,0.485918767037,-0.124301915594,-1.45287484613,0.0737285383751,1.92973619617,0.146035267776,-0.0323961353117,-0.229242369208,-0.00366881226759,-0.353473980278,-0.0190050340888,0.13607468582,-0.0511178608851,0.573839043701,0.818953047427,0.00232485149988,0.0,0.818912967045,-0.573777116905,-0.0119213850837,0.0,-0.00842927034257,0.00874497562359,-0.999926233681,0.0,0.649967920746,0.245898985116,0.303516219047,1.0,-0.0477514285714,-0.0627590204082,1.055
0.45588126994,0.481624116975,-0.124416566557,-1.45963299877,0.0733116474604,1.93213180794,0.1449845698,-0.0430364746937,-0.264587577028,-0.0050730612798,-0.421118663202,-0.026282729497,0.146313147928,-0.0658225538022,0.573824742271,0.818963283327,0.00224780381359,0.0,0.818922356998,-0.573763289628,-0.0119418417929,0.0,-0.00849038611941,0.00869346846235,-0.999926165749,0.0,0.649112702903,0.244751742369,0.303490715297,1.0,-0.0564942857143,-0.0742496326531,1.072
0.455072196913,0.476534655175,-0.124525004393,-1.4675985816,0.0728282204709,1.93494852604,0.143808061788,-0.051935877428,-0.313321526213,-0.00581487472652,-0.479800459844,-0.028523420267,0.174360148486,-0.0766026731914,0.573858881646,0.818939527746,0.00218649334265,0.0,0.818897777169,-0.573797649641,-0.0119764232924,0.0,-0.00855352637607,0.00866345821319,-0.999925888093,0.0,0.64809362157,0.243400713357,0.303472715439,1.0,-0.0652371428571,-0.085740244898,1.089
0.454198131279,0.471126238142,-0.124634227278,-1.47602099505,0.0723326362383,1.93797811322,0.142593998193,-0.0568963691833,-0.345259393317,-0.00470191925863,-0.543585230153,-0.0332337419507,0.19512927382,-0.0822832436223,0.573931080446,0.818888901644,0.0021973991591,0.0,0.818847169045,-0.573869668355,-0.011986008082,0.0,-0.00855435296453,0.00867864374024,-0.999925749338,0.0,0.647017369948,0.241971026187,0.303470044112,1.0,-0.0734657142857,-0.0965549387755,1.105
0.45311120016,0.46462140294,-0.124669958949,-1.4858215205,0.0717285196089,1.94163942685,0.140998373794,-0.0690423375175,-0.390589831216,0.00217948188305,-0.603528723107,-0.0361863759795,0.212590629128,-0.104711292837,0.573841950201,0.818950457101,0.00251235061376,0.0,0.81891277635,-0.573779251059,-0.0118314279555,0.0,-0.00824797747786,0.00884693603884,-0.99992684862,0.0,0.645780129726,0.240325430822,0.303612361548,1.0,-0.0822085714286,-0.10804555102,1.122
0.451798850336,0.457056266368,-0.124753129354,-1.49761942308,0.0709655254782,1.94565866014,0.139213305357,-0.0741325130469,-0.439259210862,-0.00422342339651,-0.675366604064,-0.0410291846939,0.223555116664,-0.101271210708,0.573856356036,0.818940927661,0.00232089225025,0.0,0.81890040779,-0.573794040949,-0.0119694441811,0.0,-0.0084707166659,0.00876949007155,-0.999925668739,0.0,0.644194680305,0.23828780197,0.3035563132,1.0,-0.0914657142857,-0.120212081633,1.14
0.450589486156,0.450053464091,-0.124882995689,-1.50816008665,0.0702265404393,1.94943708927,0.13752478443,-0.0851991075245,-0.496825240476,-0.0107845505952,-0.715874937888,-0.0504088664695,0.269324809922,-0.111237255521,0.573838218846,0.818953193816,0.00247221192813,0.0,0.818915403211,-0.573776112494,-0.0118017802301,0.0,-0.00824676823858,0.00879701434416,-0.999927299033,0.0,0.642825062138,0.236420543904,0.303678862434,1.0,-0.09918,-0.130350857143,1.155
0.449003817071,0.44108561058,-0.124941757499,-1.52174217976,0.0693615912468,1.95431933307,0.135441303655,-0.0934825976894,-0.513732228845,-0.00295880577741,-0.780725597375,-0.0449261625627,0.267936313204,-0.123519611183,0.573847757423,0.818945782254,0.0027025785008,0.0,0.818910731248,-0.573784531995,-0.011716313039,0.0,-0.00804448228777,0.00893672255861,-0.999927708034,0.0,0.641010583751,0.234079838323,0.303779855304,1.0,-0.108437142857,-0.142517387755,1.173
0.447317233177,0.431925503953,-0.124999778371,-1.53555036541,0.0684240477313,1.95915938029,0.133156483035,-0.0975352804372,-0.562804169085,-0.00244030180792,-0.803731432614,-0.0512082000031,0.305207188268,-0.132671255726,0.573747563829,0.819015484863,0.00284876388071,0.0,0.818982298872,-0.573683807862,-0.011646013578,0.0,-0.00790412792552,0.00901513267994,-0.999928123489,0.0,0.639128376702,0.231643629353,0.303880904481,1.0,-0.11718,-0.154008,1.19
0.445585773878,0.422842959247,-0.125062829825,-1.54937439424,0.0674329797142,1.96396646141,0.130881491116,-0.114498489399,-0.580709274199,-0.00353435473528,-0.878294054103,-0.070917879494,0.309780135778,-0.155420193321,0.573665074165,0.819073224492,0.00286050788916,0.0,0.819040436552,-0.573601570101,-0.0116081424574,0.0,-0.00786727832595,0.0090022308549,-0.999928530332,0.0,0.637213243377,0.2291698386,0.30389908825,1.0,-0.125408571429,-0.164822693878,1.206
0.443423597451,0.411909405983,-0.125176476951,-1.56579695526,0.0662610102994,1.9696865253,0.128184039996,-0.126064812722,-0.624324903608,-0.0038637738529,-0.93006868235,-0.0624060413092,0.31804924248,-0.162368337943,0.573668607973,0.819070226509,0.00300652196439,0.0,0.819039709632,-0.573605074551,-0.0114856169556,0.0,-0.00768311854975,0.00905157303818,-0.999929516874,0.0,0.634931068195,0.226154403113,0.303992984037,1.0,-0.134665714286,-0.17698922449,1.224
0.441169507117,0.401141871224,-0.12525298672,-1.58228760002,0.0651692405858,1.97516687125,0.12541582129,-0.138456012216,-0.640274358482,-0.00201304183264,-0.975079302272,-0.062447765036,0.31607211626,-0.164991314886,0.573668771025,0.819070769415,0.00282183293466,0.0,0.819036804103,-0.573604629609,-0.0117127843406,0.0,-0.00797513639268,0.00903061749387,-0.99992741994,0.0,0.63253832043,0.223102164195,0.303892949716,1.0,-0.143408571429,-0.188479836735,1.241
0.438984179395,0.391006352577,-0.12537861773,-1.59731383236,0.0640633812623,1.98038903542,0.12282995822,-0.153037271516,-0.669857381747,-0.0107551162839,-1.01538483995,-0.0814003607239,0.348438114541,-0.176413645488,0.573712842347,0.819039089467,0.00304817211947,0.0,0.819008630664,-0.573648604834,-0.0115277044702,0.0,-0.00769320900739,0.0091102467714,-0.999928906442,0.0,0.630415658446,0.22021735258,0.304013615006,1.0,-0.151122857143,-0.198618612245,1.256
0.436037734906,0.37765699387,-0.125513285252,-1.61733413212,0.0625494613915,1.98703239771,0.119276682117,-0.157589410032,-0.710975530329,-0.00893273849281,-1.06108561854,-0.0786734432693,0.355943523666,-0.183008589846,0.573644258722,0.819087451625,0.00295937935867,0.0,0.81905604092,-0.573580544892,-0.011545876095,0.0,-0.00775978920236,0.00904729726343,-0.999928963519,0.0,0.627458119657,0.216362463331,0.304004071981,1.0,-0.160894285714,-0.211461061224,1.275
0.433266943622,0.365957295401,-0.125656063425,-1.63483392134,0.0612421273141,1.99278372389,0.116190225481,-0.177197467075,-0.747012772314,-0.0115187849264,-1.0986299331,-0.086237881196,0.3543108563,-0.188157700749,0.573758158839,0.819007966245,0.00287633342076,0.0,0.818975412143,-0.573694623083,-0.0115974416059,0.0,-0.00784841115181,0.00900994656114,-0.999928609104,0.0,0.624848418965,0.212873661591,0.303975412457,1.0,-0.169122857143,-0.222275755102,1.291
0.430288042489,0.353778717077,-0.125822719347,-1.65286190774,0.0598329135293,1.99873414665,0.112847205974,-0.196326207675,-0.76164543653,-0.00874729874576,-1.1513023512,-0.0846974822389,0.364708210016,-0.214099629943,0.573811651742,0.818970440122,0.0028902304626,0.0,0.818938515778,-0.573748581346,-0.0115334157974,0.0,-0.00778741091585,0.00898510240532,-0.999929309584,0.0,0.622141603392,0.209203890764,0.303994480973,1.0,-0.177351428571,-0.23309044898,1.307
0.426894105391,0.340216821454,-0.125992143513,-1.67258933805,0.0583808631506,2.00516184534,0.109132662097,-0.204799410771,-0.816464963596,-0.00343842674666,-1.17322559119,-0.0892248595437,0.384097391235,-0.222583349658,0.573924193273,0.818890790356,0.00310495522011,0.0,0.818861241035,-0.573859960054,-0.0114787228757,0.0,-0.00761815764249,0.00913062004384,-0.999929295226,0.0,0.619120177491,0.205148576489,0.304117181444,1.0,-0.186094285714,-0.244581061224,1.324
0.423332019919,0.326345542657,-0.12610253158,-1.69291192514,0.0567214659694,2.01169343612,0.105157099684,-0.212986869783,-0.858759735684,-0.00989591576598,-1.20170276514,-0.108325939863,0.393508355,-0.236600721938,0.57383202287,0.818955401169,0.00309956877096,0.0,0.818926042275,-0.573768129737,-0.0114462869053,0.0,-0.00759571094867,0.00910673888852,-0.999929683769,0.0,0.615917958882,0.200966715958,0.304120082735,1.0,-0.194837142857,-0.256071673469,1.341
0.419772730419,0.312876866365,-0.126170398309,-1.71264456173,0.0550914493072,2.01786127029,0.101267714701,-0.226262514347,-0.827892456634,-0.00416270084843,-1.23365111544,-0.0985821540593,0.379483710389,-0.263266721517,0.573729339119,0.819027841741,0.0029642517954,0.0,0.818996553808,-0.573665668343,-0.0115365816329,0.0,-0.00774844125005,0.00904676153919,-0.999929056365,0.0,0.612712619555,0.19688493491,0.304059298847,1.0,-0.203065714286,-0.266886367347,1.357
0.415667676462,0.298034324179,-0.12628078467,-1.73409060529,0.0532684334839,2.02453637659,0.0968377090626,-0.248637485118,-0.853434379418,-0.0117508173854,-1.29034915632,-0.106848531123,0.378100804705,-0.255197266841,0.57361692708,0.819106632069,0.00294841801949,0.0,0.819075338364,-0.573553553529,-0.0115177349883,0.0,-0.007743326566,0.00902191793774,-0.999929320447,0.0,0.609200911633,0.192311588121,0.304067761705,1.0,-0.211808571429,-0.278376979592,1.374
0.411263244644,0.282675570898,-0.126440470199,-1.75591040928,0.0514981728491,2.03122359653,0.0922840552311,-0.276623106853,-0.904744271043,-0.00919063686703,-1.29869928471,-0.105624955411,0.384306884535,-0.280252862165,0.573677804874,0.819063418996,0.00310463500132,0.0,0.819033581649,-0.573613264902,-0.0115135294652,0.0,-0.00764959826748,0.00914803276275,-0.999928896044,0.0,0.605348605946,0.187252292868,0.304158385983,1.0,-0.221065714286,-0.290543510204,1.392
0.406550603155,0.266929434126,-0.126607554214,-1.77824440238,0.0495794728684,2.03791019357,0.0874175154451,-0.289238439801,-0.929045768748,-0.00657578598019,-1.31181170014,-0.113542087301,0.392997830339,-0.275120933122,0.573659265858,0.819076195945,0.00315892898924,0.0,0.819046937599,-0.573594411712,-0.0115026850901,0.0,-0.00760977804331,0.00918610985997,-0.999928850801,0.0,0.601774798634,0.182559782501,0.304213434203,1.0,-0.229294285714,-0.301358204082,1.408
