position_joint1,position_joint2,position_joint3,position_joint4,position_joint5,position_joint6,position_joint7,velocity_joint1,velocity_joint2,velocity_joint3,velocity_joint4,velocity_joint5,velocity_joint6,velocity_joint7,ee_T_00,ee_T_10,ee_T_20,ee_T_30,ee_T_01,ee_T_11,ee_T_21,ee_T_31,ee_T_02,ee_T_12,ee_T_22,ee_T_32,ee_T_03,ee_T_13,ee_T_23,ee_T_33,v_x,v_y,time
0.465079027335,0.547889469131,-0.123987448585,-1.35585897339,0.079478445662,1.89409284434,0.15917304452,-0.000160402992325,-0.000204420330803,-0.0011295142276,-0.00158836209238,0.000133116199136,-0.000239217514878,-0.000390938268078,0.573807803772,0.818976237152,0.00180947829632,0.0,0.818931408432,-0.57374996744,-0.0119611892056,0.0,-0.0087579102308,0.00834542299355,-0.999926823784,0.0,0.661666264801,0.260886074193,0.303124566439,1.0,0.0,0.0,0.0
0.465078975005,0.547888515601,-0.123982077026,-1.35585368367,0.0794738195203,1.89409315917,0.159173326682,0.000246305319675,-0.00103349180209,0.00211464546923,0.000624004010118,-0.000152673198382,-0.00931343703319,-0.000799426717379,0.573802811293,0.818979725725,0.00181369924514,0.0,0.818934973147,-0.57374497762,-0.0119564757926,0.0,-0.00875167892942,0.0083461218543,-0.999926872509,0.0,0.661666606515,0.260889061805,0.30312760025,1.0,-0.00014,-0.000184,0.008
0.465075836267,0.547885838367,-0.123984942606,-1.35585152946,0.0794758917941,1.89409681401,0.159168521594,-0.000847094799909,-0.00366369645212,-0.000679097264771,0.00154729436796,0.000352128272305,-0.00031622876804,-0.00113992195776,0.573803902394,0.818978944434,0.00182128290866,0.0,0.818934293355,-0.573746038692,-0.0119521191751,0.0,-0.00874374843586,0.00834984441674,-0.99992691081,0.0,0.661669262423,0.260886203623,0.303130938064,1.0,-0.00036,-0.000473142857143,0.019
0.46508081364,0.547875866155,-0.123985009228,-1.35586321361,0.0794735834033,1.89409557323,0.15917481533,0.00100056488409,-0.0027383800638,2.52432009465e-05,0.000335966190941,-0.000214685317895,-0.000167427945375,0.00154499766837,0.573805026188,0.818978164205,0.00181806959909,0.0,0.818933479479,-0.573747183938,-0.011952908111,0.0,-0.00874622682097,0.00834767753305,-0.999926907227,0.0,0.661665446271,0.260887743533,0.303132331942,1.0,-0.00072,-0.000946285714286,0.037
0.465083019191,0.54783622879,-0.123987349968,-1.35589961313,0.0794747858836,1.8941028671,0.159176800658,0.0028379183177,-0.000997637574625,-0.000841799142926,-8.64086293038e-05,7.4480836907e-05,0.000249241078863,0.00238486133537,0.573808769161,0.818975517486,0.00182895983371,0.0,0.818930947638,-0.573750854111,-0.0119502012011,0.0,-0.00873772317421,0.00835508291345,-0.999926919721,0.0,0.661659502244,0.26088474136,0.303143800804,1.0,-0.00104,-0.00136685714286,0.053
0.465075731869,0.547709607493,-0.12398508914,-1.35605104155,0.0794718970896,1.89412974575,0.159177812639,-0.00105985070493,-0.00638062589447,-0.000451139489005,-0.0085539636348,-6.66643613396e-05,0.000228782101842,0.00192035807989,0.573821450098,0.818966615744,0.00183646544169,0.0,0.818922036503,-0.573763398886,-0.011958558841,0.0,-0.00874013208406,0.00836616066921,-0.999926806045,0.0,0.661635040151,0.260866274949,0.303163682946,1.0,-0.00138,-0.00181371428571,0.07
0.465065169895,0.54757179223,-0.123980609038,-1.35625877459,0.0794706079851,1.89417242795,0.159163122288,-0.0014694024532,-0.00405602312204,-0.00421133289588,-0.0118586152992,0.000274722522549,0.0129973044827,-0.00102909364001,0.573825984305,0.818963471317,0.00182189084623,0.0,0.818918527434,-0.57376782821,-0.0119863104108,0.0,-0.00877117690053,0.00837019769082,-0.999926500422,0.0,0.661601359014,0.260841715321,0.303165996279,1.0,-0.00172,-0.00226057142857,0.087
0.465046806724,0.547407919302,-0.123982739906,-1.35645587113,0.0794684568697,1.89428967932,0.159154961785,-0.00197770617353,-0.0101734134512,0.000785636806876,-0.0148604540164,0.000385863779241,0.00787695472378,-0.00118751294968,0.57384654942,0.818948890419,0.00189723520485,0.0,0.818904912021,-0.573788052952,-0.0119483161712,0.0,-0.0086966168134,0.00841031715939,-0.999926815033,0.0,0.661589290497,0.260814721647,0.303198516011,1.0,-0.00204,-0.00268114285714,0.103
0.465028916762,0.547215024617,-0.123980342523,-1.3566852057,0.0794630537728,1.89441453344,0.159144065187,0.000582047057818,-0.00997917124619,0.00102348859128,-0.00968185000629,0.000533794533806,0.00594492899253,0.000132077894905,0.573870089366,0.818932191785,0.00198310124605,0.0,0.818889303224,-0.573811203192,-0.0119062612587,0.0,-0.00861266073692,0.0084567504288,-0.99992715007,0.0,0.661571217634,0.2607825035,0.303239895346,1.0,-0.0024,-0.00315428571429,0.121
0.464997312795,0.547002148222,-0.12398284915,-1.35699142079,0.0794549313881,1.8945431894,0.159128794197,-0.00459669723362,-0.0143062967857,-0.000276910219162,-0.0219057894973,-0.00145185314953,0.00773518125567,-0.00030385349775,0.573894824783,0.818914753072,0.00202587998107,0.0,0.818872358546,-0.573835697709,-0.0118911456454,0.0,-0.00857547745205,0.00848336739598,-0.999927244185,0.0,0.661541145008,0.260735113309,0.303262001301,1.0,-0.00274,-0.00360114285714,0.138
0.464960065522,0.546768730577,-0.123982831869,-1.35734100733,0.0794473973961,1.89466702129,0.159085863755,-0.00580492695317,-0.0235047264125,6.42408720353e-05,-0.020547815478,0.000156204267385,0.00668987574073,-0.0082854599635,0.573905253935,0.818907443952,0.00202599285124,0.0,0.818864918691,-0.573845994353,-0.0119065782004,0.0,-0.00858794298259,0.00849242576254,-0.99992706031,0.0,0.661502223061,0.260682847208,0.303262685508,1.0,-0.00304,-0.00399542857143,0.153
0.464920763965,0.546464281917,-0.123984966626,-1.35779055682,0.0794326810002,1.89483907449,0.158952091707,-0.00115427616472,-0.0174434084716,-0.00675423545242,-0.0259444709339,7.93641586986e-05,0.00938716857807,-0.00838771026634,0.573850644197,0.81894563748,0.00205618757941,0.0,0.818903402562,-0.573791165655,-0.0119022010395,0.0,-0.0085675983025,0.00851406866114,-0.999927050786,0.0,0.661452967289,0.260615551385,0.303279306786,1.0,-0.0034,-0.00446857142857,0.171
0.464876002652,0.546170301694,-0.12398067633,-1.35828580008,0.07941446717,1.89501130348,0.15893198029,0.000149082884321,-0.0174242542485,-0.000325395364249,-0.0292912599367,-0.00267584533313,0.00765731567758,-0.00116538317366,0.573890659233,0.818917642199,0.00203799932282,0.0,0.818875025708,-0.57383110697,-0.0119289499568,0.0,-0.00859952573263,0.00851494364157,-0.999926769265,0.0,0.661393077479,0.260542238946,0.303266544899,1.0,-0.00374,-0.00491542857143,0.188
0.464828485956,0.545857895179,-0.123982940047,-1.35881995758,0.079352351691,1.89519064369,0.158868691145,-0.000320727240396,-0.0234900068283,-0.000731647269323,-0.0331853695807,-0.00749612402999,0.00739412156226,-0.00292336766651,0.573892607611,0.818916408357,0.00198442778358,0.0,0.818873345889,-0.573833525472,-0.0119279226319,0.0,-0.00862940651259,0.00847050472488,-0.999926889274,0.0,0.661330789572,0.260452304939,0.303249042082,1.0,-0.00406,-0.005336,0.204
0.464761384178,0.545488676832,-0.123982753986,-1.35946023585,0.0792759684667,1.89540819362,0.158765317664,-0.0105140250786,-0.0242725528173,0.000643477965615,-0.0415391433685,-0.000650948463129,0.00608870517813,-0.00287168608791,0.573878168505,0.81892668608,0.0019176651656,0.0,0.818883062665,-0.57381966821,-0.0119274874787,0.0,-0.00866751068159,0.00841543021624,-0.999927024734,0.0,0.661258516691,0.260339273326,0.303224441286,1.0,-0.0044,-0.00578285714286,0.221
0.464698190122,0.545082845788,-0.123985338842,-1.36015437944,0.0792624933238,1.89563212867,0.158690899144,-0.00807558033331,-0.025958229553,-0.00097257775039,-0.0420020333814,-0.000881747713782,0.0111916504443,-0.00596251811453,0.573905784523,0.818907425648,0.001877660964,0.0,0.818862980493,-0.573847159824,-0.0119834569464,0.0,-0.00873601966246,0.00841508432989,-0.999926431452,0.0,0.661172118325,0.260231932649,0.303200852762,1.0,-0.00474,-0.00622971428571,0.238
0.464644327017,0.54466678211,-0.123985681224,-1.36083230512,0.0792411698089,1.89586418132,0.158606460829,-0.000319941258825,-0.0243572461048,0.000996577450011,-0.0418184632005,-0.00578954033909,0.0158969149647,-0.00560975776107,0.573913030461,0.818902381145,0.00186293428786,0.0,0.818857530758,-0.573854263286,-0.0120156452533,0.0,-0.00877075658986,0.00842157529261,-0.999926072717,0.0,0.661088759301,0.2601334098,0.303192803365,1.0,-0.00506,-0.00665028571429,0.254
0.464566793097,0.544167182659,-0.1239939579,-1.36166373168,0.0792026319691,1.89617516548,0.158493885263,-0.00389212268279,-0.0289654247157,-0.00241145586389,-0.0485565906942,-0.000569332665257,0.0191291106821,-0.0119021418607,0.573926298087,0.818893115991,0.00184820142776,0.0,0.818848002194,-0.573867525026,-0.0120316218385,0.0,-0.00879215879495,0.00841882231695,-0.999925907942,0.0,0.660996878812,0.260000092765,0.303177857178,1.0,-0.00542,-0.00712342857143,0.272
0.46449093807,0.543652829157,-0.123989694244,-1.36249685348,0.0791619286615,1.89645846489,0.158395569047,-0.000800730159206,-0.0326135310293,0.00196254860379,-0.0472407629333,-0.00292907274733,0.012484938074,-0.00741442489789,0.573940334899,0.818883331474,0.00182436615252,0.0,0.81883775136,-0.573881516311,-0.0120618856857,0.0,-0.00883047713431,0.00841682463792,-0.9999255871,0.0,0.660896159341,0.259872920769,0.303169664559,1.0,-0.00576,-0.00757028571429,0.289
0.464420363897,0.543138726723,-0.123997822703,-1.36330641809,0.0791095628021,1.89674353569,0.158287326315,-0.0058717660103,-0.0290953727253,-0.00038705558949,-0.0485176008368,-0.00181745990968,0.0188016767468,-0.00252304079627,0.573946177972,0.818879264087,0.00181177847107,0.0,0.818833565624,-0.573887458004,-0.0120633434123,0.0,-0.00883883500962,0.00840741673946,-0.999925592401,0.0,0.66080321889,0.259743096298,0.303172985132,1.0,-0.00608,-0.00799085714286,0.305
0.464349068805,0.542542952243,-0.124000624651,-1.36422625962,0.0790564381107,1.89707284769,0.15816871848,3.18694819282e-05,-0.0295011435179,-0.00156928157092,-0.0531068569532,-0.000263866321991,0.0175466557203,-0.0066040685534,0.573946281139,0.818879179857,0.00181715815549,0.0,0.81883351951,-0.573887506832,-0.0120641505914,0.0,-0.00883640750678,0.00841228633756,-0.999925572901,0.0,0.660694728247,0.259606752347,0.303185187184,1.0,-0.00642,-0.00843771428571,0.322
0.464263967852,0.541906870116,-0.123999810908,-1.36523285949,0.079002732061,1.89745198312,0.158028187097,-0.0074408812396,-0.0344326134685,-0.000362682045314,-0.0568148335759,-0.000654724994278,0.0177140441162,-0.00265976026565,0.573941959732,0.818882185007,0.00182779607693,0.0,0.818836591027,-0.573883069898,-0.0120667385929,0.0,-0.00883246609342,0.0084224360623,-0.999925522283,0.0,0.660579860713,0.259456904316,0.303188730449,1.0,-0.00678,-0.00891085714286,0.34
0.46419011774,0.541326455148,-0.124004218358,-1.36610545554,0.0789491763595,1.89778489139,0.157931315533,-0.00654345005006,-0.0349409954048,-0.00096954974381,-0.0630965392704,-0.00079985438115,0.0233490932345,-0.0139699227833,0.573960345906,0.8188692243,0.00186057038563,0.0,0.818824098836,-0.573901348761,-0.0120450801647,0.0,-0.00879573094237,0.00843704068629,-0.999925722972,0.0,0.660483344295,0.259323539374,0.303212755305,1.0,-0.00708,-0.00930514285714,0.355
0.46410316786,0.540624581064,-0.124002390473,-1.36717926916,0.0788895853451,1.89817030702,0.157790055561,-0.0101869132891,-0.0430575080289,0.000663245059957,-0.064862634777,9.31987717018e-05,0.02262536152,-0.0103011740182,0.573958077828,0.818870779039,0.00187590875066,0.0,0.818825768933,-0.573898932512,-0.0120466715029,0.0,-0.00878825445,0.00845048954332,-0.999925675143,0.0,0.660356181857,0.259165438994,0.303231134648,1.0,-0.00742,-0.009752,0.372
0.464007489792,0.539893731428,-0.123997722395,-1.36828803506,0.078821413863,1.89859170119,0.157645016542,-0.00662290578752,-0.0435974132735,0.00107902038493,-0.0686602299213,0.000660682044892,0.0236581061048,-0.0111289677021,0.573957571858,0.818871047591,0.00191311921212,0.0,0.81882651747,-0.573898259611,-0.0120278345495,0.0,-0.00875147818463,0.0084701425312,-0.999925831407,0.0,0.66023077252,0.259000519023,0.30325625712,1.0,-0.00776,-0.0101988571429,0.389
0.463904550947,0.539181706614,-0.124002719274,-1.36938912601,0.0787631775582,1.89900643082,0.157510932864,-0.00286134691313,-0.0420331233507,3.92854250497e-05,-0.0674699892534,0.000130927150124,0.0255466695745,-0.00217631510031,0.573980918831,0.818854625117,0.00193769039266,0.0,0.818810366327,-0.573921449997,-0.0120208207035,0.0,-0.00873139065731,0.00848648608392,-0.999925868438,0.0,0.660108633106,0.258827025885,0.303271374568,1.0,-0.00808,-0.0106194285714,0.405
0.463790349592,0.538366699965,-0.12400842085,-1.37065579193,0.0786856265856,1.8994968306,0.157352624064,-0.00136897530123,-0.0450134978895,0.000888232674092,-0.0766417909609,-0.00412511552576,0.0315719671512,-0.010913226349,0.573998124672,0.818842493532,0.00196737420515,0.0,0.818798679617,-0.573938582922,-0.011998841274,0.0,-0.00869617657329,0.00849835941077,-0.999926074468,0.0,0.65996989426,0.258629410474,0.303286873286,1.0,-0.00844,-0.0110925714286,0.423
0.463680201654,0.537620659429,-0.124020114035,-1.37184113405,0.0786202621,1.89994870473,0.157208896372,-0.00753112422678,-0.0569243533035,-0.00145102171844,-0.0707035503301,-0.00292838282206,0.0280769824441,-0.00847026455384,0.574027730193,0.818821705094,0.0019817008257,0.0,0.818778059526,-0.573968105783,-0.0119937351982,0.0,-0.00868346481986,0.0085074735442,-0.999926107436,0.0,0.659832290014,0.258428404517,0.303290551301,1.0,-0.00878,-0.0115394285714,0.44
0.463566264091,0.536788182194,-0.124018239275,-1.37312952851,0.0785467478041,1.90043551662,0.157045139246,-0.00619628582595,-0.0531053997054,-0.000627800333302,-0.0717882465763,-0.0033657476873,0.0292711334521,-0.0104674104216,0.57403600038,0.818815848939,0.00200566574803,0.0,0.818772494872,-0.573976252958,-0.0119837215502,0.0,-0.00866142338304,0.00852143560075,-0.999926179715,0.0,0.65969324663,0.258244153147,0.303305761157,1.0,-0.0091,-0.01196,0.456
0.463449485033,0.535930701127,-0.12403192121,-1.37449489772,0.0784612143175,1.9009369519,0.156874982149,-0.00910848516563,-0.051504789644,-0.000818483657803,-0.0794207455115,-0.000543427039929,0.0321560897653,-0.00838740926506,0.574054034184,0.81880323363,0.00199432578446,0.0,0.818759805352,-0.573994404744,-0.0119812922678,0.0,-0.00866575585307,0.00851094681426,-0.999926231509,0.0,0.659536992762,0.258028551257,0.303305037401,1.0,-0.00944,-0.0124068571429,0.473
0.463324254105,0.535026921286,-0.12402839696,-1.37592478753,0.0783926569395,1.90144633794,0.156709320607,-0.010400690132,-0.0476050678482,0.000296906853389,-0.0901430184877,-0.00411753050004,0.0322767264973,-0.00158549448305,0.574078450578,0.818786124034,0.00199062116416,0.0,0.818742421544,-0.574018612073,-0.0120094570797,0.0,-0.00869069053893,0.00852434062486,-0.999925901012,0.0,0.659365523935,0.257813613512,0.303306266233,1.0,-0.00978,-0.0128537142857,0.49
0.463214365575,0.534184760929,-0.124033297998,-1.37730766247,0.0783126530857,1.90195078517,0.156534280657,-0.00454506298105,-0.0556872179933,-0.00049114574218,-0.0917082101662,-0.00578323774542,0.0324685959798,-0.00819101628714,0.574082883925,0.818783091548,0.00195915296522,0.0,0.818738935935,-0.574023137876,-0.0120307468319,0.0,-0.00872614095721,0.00851084451122,-0.999925707235,0.0,0.659200628964,0.257606503279,0.303286066599,1.0,-0.0101,-0.0132742857143,0.506
0.463084187908,0.533261686222,-0.124036726536,-1.37878464824,0.0782259932156,1.90250758505,0.156352498736,-0.00802901261297,-0.0503771830857,-0.000382205254066,-0.0811328801494,-0.00277117361079,0.0215800158316,-0.00663742685113,0.57410067962,0.818770610474,0.00196060824914,0.0,0.818726461008,-0.574040912558,-0.0120316107058,0.0,-0.00872582789333,0.00851272163265,-0.999925693988,0.0,0.659031325331,0.257379257495,0.30328245367,1.0,-0.01044,-0.0137211428571,0.523
0.462943793588,0.532257859466,-0.124028694456,-1.38043787544,0.0781407729215,1.90312633775,0.156138365798,-0.0104617692948,-0.0548996196491,0.00148174320694,-0.0887863062929,-0.00661322934186,0.0350490688825,-0.013555727947,0.574102191498,0.818769594025,0.00194229737978,0.0,0.818725009228,-0.574042312281,-0.0120635764966,0.0,-0.00876249745678,0.00851609710543,-0.999925344577,0.0,0.658834959688,0.257136527567,0.303256727919,1.0,-0.0108,-0.0141942857143,0.541
0.462825118026,0.531311105106,-0.124036828368,-1.38195129425,0.0780405344971,1.90367035656,0.155950735588,-0.00385388014595,-0.057337283356,-4.70521615966e-05,-0.0941540319845,-0.00346870272831,0.0410228333406,-0.00821752246842,0.574106883148,0.818766366774,0.00191579317091,0.0,0.818721509618,-0.574047190375,-0.0120689607277,0.0,-0.00878207252077,0.00849753810716,-0.999925330736,0.0,0.658653275999,0.256907114759,0.303251087289,1.0,-0.01112,-0.0146148571429,0.557
0.462689968047,0.530276068187,-0.12403503787,-1.38360296027,0.0779434167321,1.90424968502,0.155733866873,-0.0109583691246,-0.0610749393631,0.000164469907354,-0.0999846517607,-0.00319139420988,0.0387861534356,-0.0140158010581,0.574102234521,0.818769694635,0.00188636345528,0.0,0.818724343411,-0.574042565819,-0.0120966538541,0.0,-0.0088216905092,0.00848929113441,-0.999925052048,0.0,0.658450051436,0.256660293258,0.303244396754,1.0,-0.01146,-0.0150617142857,0.574
0.462540494821,0.529152599936,-0.124042470086,-1.38534074054,0.0778329263269,1.90489844634,0.155493364772,-0.00928443412246,-0.0652022865164,-0.00168860673738,-0.0975789796576,-0.000986998504334,0.0382503281519,-0.00710538864725,0.574097527535,0.81877293848,0.00191075684345,0.0,0.818727977333,-0.574037821004,-0.0120758473687,0.0,-0.00879069958801,0.00849726780159,-0.999925257227,0.0,0.658248924011,0.256392190117,0.303265039706,1.0,-0.01182,-0.0155348571429,0.592
0.462414145158,0.528184091134,-0.124037297425,-1.38685641503,0.0777347469062,1.90548472437,0.155292467538,-0.00846718853512,-0.0631483536898,-0.000155181092231,-0.100349070751,-0.0118349623803,0.0369785787346,-0.0210659534489,0.574088643925,0.818779097911,0.00194026829962,0.0,0.818734570407,-0.574028856645,-0.0120549516931,0.0,-0.0087567410734,0.00850933943397,-0.999925452535,0.0,0.658073264899,0.256168738243,0.303276209915,1.0,-0.01212,-0.0159291428571,0.607
0.462269113531,0.527026797158,-0.124039666479,-1.38861395831,0.077626094386,1.9061558316,0.155046139897,-0.00668473904625,-0.0706215839539,0.00219394222158,-0.102600800427,-0.0075503162739,0.0319386225172,-0.0135749059863,0.574073180991,0.818789799325,0.00199857164565,0.0,0.818746073967,-0.574013185035,-0.0120198448642,0.0,-0.00869468728808,0.00853675762365,-0.999925760335,0.0,0.657869483279,0.25590646566,0.303312485686,1.0,-0.01246,-0.016376,0.624
0.462124720751,0.525855974234,-0.124047902575,-1.39042779511,0.077514729394,1.9068213644,0.154800665416,-0.00670807311537,-0.0710179578718,-0.00111456744405,-0.109136306428,-0.00290945955721,0.0353499222894,-0.0196034573373,0.574063979347,0.818796210108,0.00201515023745,0.0,0.818752720527,-0.574003933164,-0.012008923471,0.0,-0.00867632390943,0.00854396463241,-0.999925858287,0.0,0.65765250108,0.25563392154,0.303330903356,1.0,-0.0128,-0.0168228571429,0.641
0.461960274815,0.524702334246,-0.124049271754,-1.39228962902,0.0773930214517,1.90747824267,0.154540814803,-0.012133015244,-0.0678929018844,0.000224374225452,-0.113269368903,-0.0139558650505,0.0391305158227,-0.0153466778616,0.574053979449,0.818803339606,0.00196637481254,0.0,0.81875921714,-0.573994146344,-0.0120337530521,0.0,-0.00872475753374,0.00851817533064,-0.999925656884,0.0,0.657425591026,0.255344065564,0.303313135197,1.0,-0.01314,-0.0172697142857,0.658
0.461821140865,0.523557682584,-0.124058448271,-1.39408007187,0.0772844502462,1.90814031227,0.154303895467,-0.00652267474421,-0.0689626232196,-0.000215062994509,-0.114965480947,-0.00831613937232,0.0384299254712,-0.0183705728741,0.57404723068,0.818808043849,0.00197766958653,0.0,0.81876408442,-0.57398736523,-0.0120260351243,0.0,-0.00871202467357,0.0085229210801,-0.999925727463,0.0,0.657210294527,0.255077144905,0.30332342079,1.0,-0.01346,-0.0176902857143,0.674
0.461651615847,0.522263199329,-0.124056356926,-1.39613302698,0.0771540029003,1.90894608361,0.154018836633,-0.0041177859881,-0.07051139486,0.000690567630526,-0.113904231716,-0.00708878669123,0.0452831036433,-0.0137571600234,0.574026190822,0.818822709455,0.00201236968987,0.0,0.818779276457,-0.57396625258,-0.0119993435172,0.0,-0.00867046961418,0.00853578839058,-0.999925978897,0.0,0.656971598883,0.254773843608,0.303325855566,1.0,-0.01382,-0.0181634285714,0.692
0.461498021351,0.521072428051,-0.124058946087,-1.3980245253,0.0770478999544,1.90966710979,0.153768277194,-0.00765180807968,-0.0807668082301,0.000231539163396,-0.120362544734,-0.0055655966401,0.0376152486971,-0.0149858349624,0.574021250662,0.818826124162,0.00203201369011,0.0,0.818782877653,-0.573961161247,-0.011997147305,0.0,-0.00865744737423,0.00855056014181,-0.999925965523,0.0,0.656746304518,0.254494309647,0.303324744637,1.0,-0.01414,-0.018584,0.708
0.461318352928,0.519708163538,-0.124064844239,-1.4001792631,0.0769012424893,1.91044544636,0.153475359927,-0.00833441727897,-0.074544701279,0.000111423731319,-0.11990691809,-0.00172317965725,0.0403674424368,-0.0195080293059,0.574007657888,0.818835703139,0.00201167877763,0.0,0.818792295988,-0.573947759202,-0.0119955257963,0.0,-0.00866793315786,0.00853283503612,-0.999926026094,0.0,0.656483772133,0.254164208544,0.303324850516,1.0,-0.0145,-0.0190571428571,0.726
0.461153953468,0.518424050899,-0.124068452447,-1.40215182238,0.0767881095023,1.91114666743,0.153201894244,-0.00631944211394,-0.0821983271079,-0.00198394202938,-0.12298136902,-0.00536452472503,0.0361879565029,-0.0231219522797,0.573994952872,0.818844571284,0.00202708080967,0.0,0.818801248219,-0.573934875532,-0.0120008943021,0.0,-0.00866362157922,0.00854839363964,-0.999925930571,0.0,0.65623982687,0.253866252655,0.303348237936,1.0,-0.01482,-0.0194777142857,0.742
0.460978146402,0.517065178143,-0.124071641181,-1.40428411395,0.0766401973977,1.91191851185,0.152918290289,-0.00778305994774,-0.0886233786476,0.000328653047783,-0.12380114231,-0.00678726606112,0.043995780707,-0.00985700124095,0.573981686669,0.81885389996,0.00201514028425,0.0,0.818810538361,-0.573921777001,-0.0119934588263,0.0,-0.00866452446006,0.00853420813711,-0.999926043919,0.0,0.655978105862,0.253542331349,0.303353764167,1.0,-0.01516,-0.0199245714286,0.759
0.460801971986,0.515805888007,-0.124067695413,-1.40633097193,0.0765129402575,1.91269793792,0.152635469193,-0.0155034130047,-0.0779282664748,-0.000400432616314,-0.128570899363,-0.0063456054075,0.0455686835724,-0.0139941105405,0.573962827552,0.818867156587,0.00199983817094,0.0,0.818823636014,-0.573903024915,-0.0119965828454,0.0,-0.00867606154884,0.00852327147289,-0.999926037164,0.0,0.655717142565,0.253212658099,0.303327489926,1.0,-0.0155,-0.0203714285714,0.776
0.460590929967,0.514254696034,-0.124073305668,-1.4088298945,0.076370387717,1.91359048,0.152299963831,-0.0118073649415,-0.0778229691581,0.000600755053618,-0.130699813365,-0.00566897548878,0.0469102114399,-0.0125993631157,0.573960605432,0.818868805987,0.00196186022862,0.0,0.818824578566,-0.573900758544,-0.0120405888124,0.0,-0.00873391766577,0.00851740700588,-0.999925583461,0.0,0.655420033391,0.252854726518,0.303305888462,1.0,-0.01586,-0.0208445714286,0.794
0.460434594127,0.513094969009,-0.124078034259,-1.4106943316,0.0762497506769,1.91424852478,0.152035859336,-0.0111973242895,-0.087433672865,0.000853944874333,-0.126675708263,-0.010016149209,0.0487899116471,-0.0176782398933,0.573940778934,0.818882807292,0.00191757646551,0.0,0.818837998497,-0.573881123446,-0.0120638000169,0.0,-0.00877854650233,0.0084942547943,-0.999925389595,0.0,0.655185577342,0.252568702381,0.303288353498,1.0,-0.01614,-0.0212125714286,0.808
0.46020618644,0.511509125668,-0.124080921216,-1.41325175247,0.076090637303,1.91519788388,0.151671130577,-0.0165136073024,-0.0848033381958,-0.000147422839705,-0.140730376419,-0.00880796964252,0.0545760123299,-0.024414981055,0.573922145908,0.818895919934,0.00189463815473,0.0,0.818850799748,-0.573862581729,-0.0120769178611,0.0,-0.0088026462971,0.00848279990319,-0.99992527497,0.0,0.654874578023,0.252173465753,0.303264314675,1.0,-0.01652,-0.021712,0.827
0.460019766384,0.510112756261,-0.12408121799,-1.41545155664,0.075971869626,1.91602728855,0.151346641291,-0.00806612247013,-0.0827934262303,0.000533204069012,-0.139371123521,-0.0121911010746,0.0540023030543,-0.0286411995484,0.573892272097,0.818916787029,0.00192427951331,0.0,0.818871889667,-0.573832422936,-0.0120799669678,0.0,-0.00878844296595,0.00850850190636,-0.999925181534,0.0,0.654605577085,0.251845590629,0.303266805968,1.0,-0.01684,-0.0221325714286,0.843
0.459812488223,0.508602288784,-0.124092537633,-1.41782746378,0.0758076398143,1.91687305815,0.151029357108,-0.0135411589168,-0.0850901662675,-0.000624976547421,-0.133502147158,-0.0156306143983,0.0475261414972,-0.022183723741,0.573889004121,0.818919144954,0.00189522527951,0.0,0.818873999938,-0.573829410196,-0.0120800298308,0.0,-0.00880520122313,0.00848471035173,-0.999925236266,0.0,0.654310063801,0.251472204455,0.303266554328,1.0,-0.01718,-0.0225794285714,0.86
0.459608046963,0.507149623415,-0.124090684341,-1.42008810456,0.0756556720991,1.91769667705,0.150720160794,-0.0133960293539,-0.0919281492627,0.00089555135079,-0.144610116272,-0.00154703816375,0.0451730168807,-0.00860442669875,0.573877724135,0.818927034354,0.00190185354767,0.0,0.818882030405,-0.573818155091,-0.0120702969318,0.0,-0.00879354367912,0.00848443157911,-0.999925341218,0.0,0.654030893491,0.251121814261,0.30327787796,1.0,-0.0175,-0.023,0.876
0.459363821486,0.505377503838,-0.124107814993,-1.4228303451,0.0754889666905,1.91874137655,0.150341525178,-0.0119284207949,-0.09282458431,0.000578717572444,-0.142975740883,-0.00961244337289,0.0599387506957,-0.0216164967518,0.573877795659,0.818926819202,0.00197163448576,0.0,0.818882749921,-0.573817946916,-0.0120313166622,0.0,-0.00872157654966,0.00851920697564,-0.999925675845,0.0,0.653686099987,0.250675510556,0.303304795575,1.0,-0.0179,-0.0235257142857,0.896
0.459181590978,0.504011348788,-0.124105267638,-1.42487383758,0.0753628893202,1.91951792378,0.150052844892,-0.00832774551702,-0.101091555575,0.000171564295746,-0.145887762791,-0.00901980954254,0.0548769972335,-0.0210459852855,0.573858841219,0.818939919771,0.00204574245007,0.0,0.81889685878,-0.573798720713,-0.0119878976417,0.0,-0.00864368994994,0.00855477782151,-0.999926048466,0.0,0.653455216639,0.250384218671,0.303351542675,1.0,-0.01816,-0.0238674285714,0.909
0.458918425594,0.502117340986,-0.12412061411,-1.42766965155,0.0751804921335,1.92055819631,0.149672344269,-0.0126884983815,-0.102114683443,-0.00132135857938,-0.152067929989,-0.0147082167442,0.0556241115552,-0.0226403130994,0.573867561724,0.818933525948,0.00215605652688,0.0,0.818892050148,-0.573807132071,-0.0119135339001,0.0,-0.00851939573585,0.00860253382576,-0.999926705468,0.0,0.653119578502,0.249937734017,0.303433882987,1.0,-0.01854,-0.0243668571429,0.928
0.458695859185,0.500491426738,-0.124122736498,-1.43010717983,0.0750252565376,1.92140803317,0.149327052203,-0.0153346311424,-0.105456321535,-5.7748028458e-05,-0.151772499678,-0.0125729987451,0.0478628653768,-0.0208037714706,0.573850625349,0.818945306605,0.00218894419082,0.0,0.818904206149,-0.573790011334,-0.0119025604906,0.0,-0.00849171523013,0.00862299340502,-0.999926764697,0.0,0.652809262809,0.249556138341,0.303482024771,1.0,-0.01886,-0.0247874285714,0.944
0.458449543637,0.49881161363,-0.12412493217,-1.43272930568,0.0748606895759,1.92237869268,0.148954574155,-0.0162571737307,-0.0984127128057,-0.00027981633323,-0.153749921081,-0.0129173554025,0.0579765123085,-0.0244423117714,0.573837864727,0.818954190257,0.00221046767515,0.0,0.818913359768,-0.573777155465,-0.0118925170709,0.0,-0.00847127393129,0.00863472435791,-0.99992683685,0.0,0.65248533072,0.249144525459,0.303489891908,1.0,-0.0192,-0.0252342857143,0.961
0.45820907174,0.497235512145,-0.124123453636,-1.43522508249,0.074717258424,1.92328908219,0.148582066917,-0.00882293401804,-0.0971778200507,0.000763665522612,-0.157730929977,-0.00965651196685,0.0608333327806,-0.016951963698,0.573816643381,0.818969064708,0.00220855868427,0.0,0.818928037934,-0.573755769804,-0.0119135302924,0.0,-0.00848980292789,0.00864499903619,-0.999926590925,0.0,0.652172582058,0.248751924985,0.303479697213,1.0,-0.01952,-0.0256548571429,0.977
0.457891817554,0.495283875154,-0.124128426615,-1.43841091801,0.0745187471864,1.92438736027,0.14812496324,-0.0207015595126,-0.0942799996353,-0.00337463875835,-0.156136397662,-0.00497068681093,0.0607420318849,-0.0207577474569,0.573812575217,0.818972221625,0.00209180072828,0.0,0.818929507359,-0.573752015003,-0.0119930879258,0.0,-0.0086219969801,0.00859498748758,-0.999925890933,0.0,0.651762308623,0.248232778024,0.303418674172,1.0,-0.01992,-0.0261805714286,0.997
0.457679781241,0.49397482636,-0.12413351327,-1.44053676787,0.0743840943887,1.92515111097,0.147824311942,-0.0145373113524,-0.105299896843,-0.00173270327762,-0.169754978202,-0.00818223063395,0.0633084882344,-0.0232332220538,0.573814137261,0.818971250189,0.00204307225093,0.0,0.818927864436,-0.573753746921,-0.0120223810473,0.0,-0.00867393107737,0.00857190603954,-0.999925639909,0.0,0.651494503774,0.247886997389,0.303384902773,1.0,-0.0220371428571,-0.0289631020408,1.01
0.457342203136,0.491582655762,-0.124187783643,-1.44430824274,0.0741556540442,1.92655418247,0.14728575189,-0.0221733607047,-0.124343662677,-0.00182281948183,-0.20150942666,-0.0126533928955,0.0758523420658,-0.0301558394849,0.573816131431,0.818969830212,0.0020521730671,0.0,0.818926702194,-0.573755839812,-0.0120016505818,0.0,-0.00865171002992,0.00856748498045,-0.99992587031,0.0,0.651028966152,0.247278091631,0.303378016373,1.0,-0.0266085714286,-0.0349712653061,1.03
0.456996623021,0.489376500566,-0.124186343122,-1.44789364704,0.0739407113394,1.92781659402,0.146765546807,-0.019268698147,-0.151910202809,0.000348556290054,-0.232408772901,-0.013106991031,0.0755401149157,-0.0297487366334,0.573792581945,0.818986561611,0.00195747440682,0.0,0.818941927907,-0.573732435203,-0.0120813249844,0.0,-0.00877154512984,0.0085353968535,-0.999925100693,0.0,0.650562060373,0.246709279282,0.303315311995,1.0,-0.0302657142857,-0.0397777959184,1.046
0.456529409896,0.486463314472,-0.124220037423,-1.45241067281,0.0736707950892,1.9295402261,0.146117046382,-0.0202495028464,-0.170905729086,0.000446351641233,-0.258875417115,-0.0123750340269,0.100669183766,-0.0282016848175,0.573819925558,0.818967164784,0.00205497894993,0.0,0.818923863349,-0.573759413623,-0.0120244840586,0.0,-0.00866876100066,0.00858292509606,-0.999925590221,0.0,0.650016626123,0.24596212364,0.303339974071,1.0,-0.03438,-0.0451851428571,1.064
0.456108688754,0.483759394899,-0.124267233533,-1.45655774237,0.073412969092,1.93103562725,0.145465072964,-0.0350699819344,-0.184996471986,-0.00302189832481,-0.287522746821,-0.0264041671388,0.0882630139787,-0.0453228293438,0.573798891502,0.81898180827,0.00209206491751,0.0,0.818939066754,-0.573738301306,-0.0119963936642,0.0,-0.00862469645592,0.0085969565957,-0.999925850725,0.0,0.649498139474,0.245265427614,0.303374075263,1.0,-0.0378085714286,-0.0496912653061,1.079
0.455491753064,0.479973789497,-0.124329857678,-1.46249886842,0.0730541792492,1.93311488142,0.144574124643,-0.0330738331049,-0.205364660634,-0.00158495339192,-0.325792418255,-0.0199358383429,0.116632002389,-0.0499474402619,0.573812842213,0.818972203602,0.00202453450308,0.0,0.818928439939,-0.573752397087,-0.0120475722733,0.0,-0.00870521289092,0.00857116559162,-0.99992537441,0.0,0.648736849808,0.244258082585,0.303353577577,1.0,-0.0421514285714,-0.0553990204082,1.098
0.455024617847,0.477116738137,-0.124359843743,-1.4668626818,0.0727789232863,1.93469906933,0.143948631408,-0.0409564875649,-0.225116619979,-0.00108141246652,-0.341138525688,-0.0240913510247,0.128006887452,-0.0508739233883,0.573841839232,0.818951735157,0.00208468974088,0.0,0.818908792084,-0.573781169708,-0.0120127614249,0.0,-0.00864188247797,0.00860076145921,-0.999925669622,0.0,0.648187587848,0.24352190027,0.303393560715,1.0,-0.0451228571429,-0.0593043265306,1.111
0.45423082739,0.47239802565,-0.124393465789,-1.47409766993,0.0723529848662,1.93732190101,0.14289670593,-0.0461529035119,-0.244594485075,-0.0033057474553,-0.373256853961,-0.0291390448388,0.136182858807,-0.0611694709342,0.57388788585,0.818919201785,0.00218685250385,0.0,0.818877284269,-0.573826474891,-0.0119965379846,0.0,-0.00856948643632,0.00867559869313,-0.999925646181,0.0,0.647267793533,0.242303624313,0.303442401174,1.0,-0.0496942857143,-0.0653124897959,1.131
0.453596307239,0.468561196836,-0.124419236212,-1.47988554966,0.0719894939157,1.93947686315,0.141974069469,-0.0403028710438,-0.263622011621,0.000503279416571,-0.388491367717,-0.0271948173063,0.159392893771,-0.0652280204209,0.573847854632,0.818946780854,0.00235727906885,0.0,0.818907132257,-0.573785807828,-0.0119038806841,0.0,-0.0083962331446,0.00876157772207,-0.999926366301,0.0,0.646539093248,0.241331874383,0.303525106217,1.0,-0.0531228571429,-0.0698186122449,1.146
0.452723426239,0.463342851657,-0.12443167252,-1.48785206365,0.0714761632497,1.94229995173,0.140727955659,-0.0438105364829,-0.27653265811,-0.000250894743496,-0.433441373263,-0.0261652167125,0.150821052898,-0.0708528557187,0.573786246902,0.818989761494,0.00242081318537,0.0,0.818950753405,-0.573723762357,-0.0118934816636,0.0,-0.00835192246269,0.00880701255062,-0.999926338248,0.0,0.645491462863,0.23999758496,0.303577121852,1.0,-0.0574657142857,-0.0755263673469,1.165
0.4520769512,0.459582760048,-0.12445070897,-1.49366770009,0.0710857235884,1.94427833629,0.139878132578,-0.050373100791,-0.293879428746,-0.00297023238108,-0.456307400975,-0.0391495362764,0.149360077124,-0.0684274181918,0.573796967378,0.818982465016,0.00234715264888,0.0,0.818942375424,-0.573734645351,-0.0119452651456,0.0,-0.00843648233003,0.0087765086558,-0.999925896585,0.0,0.644706914515,0.239004440223,0.303570359606,1.0,-0.0604371428571,-0.0794316734694,1.178
0.450955096916,0.453183221198,-0.124478557652,-1.50351591942,0.0704159636034,1.94780388862,0.138315014831,-0.0573953378314,-0.321980344854,-0.00164636694352,-0.472194578152,-0.0336648810186,0.18153023448,-0.0875431040122,0.573725178576,0.819032634705,0.0023894888971,0.0,0.818993212856,-0.573662818706,-0.0119094345194,0.0,-0.0083836160069,0.00878988686787,-0.999926223714,0.0,0.643406638937,0.237320416417,0.303588372975,1.0,-0.0652371428571,-0.085740244898,1.199
0.450261092366,0.449250455045,-0.124508720896,-1.50931063302,0.0700121976638,1.95005000538,0.137402671312,-0.0591779907159,-0.328555172829,-0.00308133369364,-0.491269345473,-0.0354518653781,0.192910904276,-0.0756109320725,0.573721221062,0.819034476487,0.00268955954882,0.0,0.818999493321,-0.573658320798,-0.0116922119273,0.0,-0.00803359113188,0.00891098957572,-0.999928025249,0.0,0.642683919567,0.236312589149,0.303723732115,1.0,-0.06798,-0.0893451428571,1.211
0.449165864088,0.443200552686,-0.124551676086,-1.51865123836,0.0693895394175,1.95317436323,0.136000403837,-0.0616024941579,-0.340280296134,0.0012759493712,-0.534373871261,-0.0389550452594,0.173245953432,-0.0800005538923,0.573748214871,0.819016037784,0.00254218128905,0.0,0.818978805222,-0.573685480245,-0.0118081858528,0.0,-0.00821283921947,0.00885708867506,-0.999927047965,0.0,0.641390739924,0.234677816699,0.303694110192,1.0,-0.0720942857143,-0.0947524897959,1.229
0.448049388149,0.437221411205,-0.124583504248,-1.5279883444,0.0687558752717,1.95632418615,0.134489326307,-0.0682940464723,-0.35162487825,-0.00218976131687,-0.545871574033,-0.0335182423466,0.195502813935,-0.0876365839379,0.573685406548,0.819060591761,0.00235547002868,0.0,0.8190206073,-0.57362306211,-0.0119404494721,0.0,-0.00842896196361,0.00877940913398,-0.999925934545,0.0,0.640089216699,0.233038456204,0.303611350378,1.0,-0.07598,-0.0998594285714,1.246
0.446921950938,0.431225890291,-0.124612768075,-1.53686513592,0.0681518127139,1.95963698766,0.133021136856,-0.0724240155318,-0.371033362977,-0.00281004418345,-0.569171328604,-0.0372183916223,0.204656252017,-0.0925372498369,0.573647841244,0.819085827773,0.00270330882001,0.0,0.819050717512,-0.573584562591,-0.0117225680757,0.0,-0.00805136818259,0.00893894500151,-0.999927632748,0.0,0.638924853602,0.231464984107,0.303762827288,1.0,-0.0796371428571,-0.104665959184,1.262
0.44553818101,0.42434176002,-0.124685598463,-1.54747594631,0.0673852534606,1.96318375703,0.131286739349,-0.0791436434824,-0.393704656485,-0.00943941938562,-0.601340478581,-0.0365066005622,0.197114406658,-0.104706994862,0.573653512152,0.819082460665,0.00251346934354,0.0,0.819044963891,-0.573591014671,-0.0118085526191,0.0,-0.00823063337027,0.00883283215051,-0.999927116219,0.0,0.637442364446,0.229506317023,0.303706981893,1.0,-0.0837514285714,-0.110073306122,1.28
0.444149959474,0.41750383334,-0.124802810342,-1.55788689158,0.0666292960334,1.96670322833,0.129650909609,-0.0798955537812,-0.407300034675,-0.00662181938448,-0.610374638505,-0.0392566322882,0.222696702595,-0.0942467194265,0.573762657227,0.819006285961,0.00242149332072,0.0,0.818967946565,-0.573700869798,-0.0118136105617,0.0,-0.00828636802385,0.00876150268587,-0.999927283444,0.0,0.635994923633,0.227545545738,0.303701880444,1.0,-0.0876371428571,-0.115180244898,1.297
0.442855752624,0.41124275512,-0.124834762896,-1.56726337467,0.066001197169,1.9700869033,0.128028100294,-0.0893148289375,-0.412617673141,6.65079301995e-05,-0.63814763079,-0.0377021803194,0.22731316306,-0.115610045294,0.573730422611,0.819028175837,0.00264504367372,0.0,0.818992696707,-0.573667769179,-0.0117047104587,0.0,-0.00806926671043,0.00888179093128,-0.99992799777,0.0,0.63471193526,0.225821915542,0.303772967068,1.0,-0.0910657142857,-0.119686367347,1.312
0.441199938476,0.403559551838,-0.124903615234,-1.57907164345,0.0651604848873,1.97393403636,0.126109597089,-0.0940670414092,-0.424328887189,-0.00615235829973,-0.664937359779,-0.0542011330983,0.220378509996,-0.104870495637,0.573807183714,0.818975180341,0.00239098393626,0.0,0.818936035017,-0.573745077217,-0.0118787129582,0.0,-0.00835671671669,0.00877432266613,-0.999926585579,0.0,0.632998830179,0.223587874705,0.303678804603,1.0,-0.09518,-0.125093714286,1.33
0.439547904952,0.395912653472,-0.124987308325,-1.59028822619,0.0643574339584,1.97794398925,0.124166263316,-0.102758397749,-0.459842846186,-0.00179243002307,-0.663204676179,-0.0487408780912,0.237779501595,-0.111674677117,0.573844780652,0.818947821133,0.00271677785839,0.0,0.818913398798,-0.573782000724,-0.0116536610339,0.0,-0.00798505581389,0.00891236994032,-0.99992840171,0.0,0.631546545945,0.221564936899,0.303831205452,1.0,-0.0988371428571,-0.129900244898,1.346
0.438011354163,0.389084360908,-0.125014937738,-1.60069906638,0.0635606402459,1.9813854722,0.122399268172,-0.100961034706,-0.46417743498,-0.00632116078563,-0.711549028146,-0.0496817579224,0.226812048461,-0.123869324593,0.573863453042,0.818935251715,0.00255688515361,0.0,0.818898811815,-0.573801300132,-0.0117282085576,0.0,-0.00813765607695,0.00882439037196,-0.999927951749,0.0,0.62981734588,0.219303361215,0.303765726924,1.0,-0.102722857143,-0.135007183673,1.363
0.436097729274,0.38051948997,-0.125087279432,-1.61345718192,0.0626056434685,1.98558065609,0.120100838038,-0.109461515714,-0.488030506248,-0.00450995394479,-0.716646140752,-0.0540213264535,0.25119780529,-0.124257472048,0.573806052522,0.818975507158,0.00254551857157,0.0,0.818938867753,-0.573743892022,-0.0117398531801,0.0,-0.00815433347588,0.00882119274262,-0.999927844099,0.0,0.628035086734,0.216974729699,0.303801087444,1.0,-0.106608571429,-0.140114122449,1.38
0.43416098005,0.372291435071,-0.125114183065,-1.62580507829,0.0616952594986,1.98970881954,0.117917338767,-0.114666390096,-0.491975950046,-0.000817677034446,-0.743272062526,-0.0596625486665,0.242185589474,-0.130431629482,0.573819595879,0.818966048018,0.00253583913882,0.0,0.818929046967,-0.573757214366,-0.0117737800957,0.0,-0.00818752779008,0.00883286812575,-0.999927469784,0.0,0.626201606835,0.214570414434,0.303776981747,1.0,-0.110494285714,-0.145221061224,1.397
