position_joint1,position_joint2,position_joint3,position_joint4,position_joint5,position_joint6,position_joint7,velocity_joint1,velocity_joint2,velocity_joint3,velocity_joint4,velocity_joint5,velocity_joint6,velocity_joint7,ee_T_00,ee_T_10,ee_T_20,ee_T_30,ee_T_01,ee_T_11,ee_T_21,ee_T_31,ee_T_02,ee_T_12,ee_T_22,ee_T_32,ee_T_03,ee_T_13,ee_T_23,ee_T_33,v_x,v_y,time
0.46507267711,0.547783527705,-0.123934866766,-1.3558566983,0.0795634583958,1.89409791389,0.159162592777,0.000262236867473,0.00164947859901,-0.000322293695364,-0.00170519597566,0.000106178933067,-7.82720833627e-05,-0.000591620859907,0.57378997031,0.818988364334,0.00196874517491,0.0,0.818944570843,-0.573730451132,-0.0119960923568,0.0,-0.00869529841175,0.00849569421803,-0.999926104752,0.0,0.661655430723,0.260928115716,0.303199555362,1.0,0.0,0.0,0.0
0.465071723545,0.547781679339,-0.123932820273,-1.35585578402,0.079560280822,1.89409954198,0.159158522026,-0.00320199949302,0.000160514321397,0.000195178855644,-0.000865004636161,9.20536554531e-05,0.000194043519649,-0.00189463665981,0.573785103901,0.818991767746,0.00197124488079,0.0,0.818948028696,-0.573725596047,-0.0119922323019,0.0,-0.00869075321191,0.00849547493077,-0.99992614613,0.0,0.661655971722,0.260928398417,0.303201367657,1.0,-0.00014,-0.000184,0.008
0.46506417327,0.547779937279,-0.12393810999,-1.35585427745,0.0795585007164,1.89409868893,0.159160072713,-0.00157998544603,0.00107801917243,-0.0013521915397,-0.000297230249157,-0.000141774938369,3.60444597732e-05,0.000231653769556,0.573795690288,0.818984351372,0.00197101876738,0.0,0.818940654326,-0.573736226023,-0.0119872658004,0.0,-0.00868670548328,0.00849255236163,-0.999926206128,0.0,0.661659478569,0.260920197279,0.303203416381,1.0,-0.00042,-0.000552,0.022
0.4650723852,0.547767987345,-0.123932829154,-1.35586932893,0.0795597842202,1.89409664887,0.159163244224,0.000943086718379,-0.000734007719911,0.00263332745468,-0.000610004632739,3.18341660631e-05,-0.000349911002556,-0.000876748621089,0.573782881122,0.818993295601,0.00198342944067,0.0,0.818949702479,-0.57372330918,-0.0119873355634,0.0,-0.00867977486888,0.00850262058866,-0.999926180751,0.0,0.661655222782,0.26092955249,0.303211157674,1.0,-0.00074,-0.000972571428571,0.038
0.465066219248,0.547719509043,-0.123933566115,-1.35589992662,0.0795600209676,1.89410333229,0.159160057716,-0.00180552044403,-0.00673234374034,0.000830627497227,-0.00711424475987,0.000181249501523,0.00099400280745,-0.00275075686328,0.57379260459,0.818986463022,0.0019917845679,0.0,0.818942939618,-0.573732957609,-0.0119875729538,0.0,-0.00867507454465,0.00850970245513,-0.999926161297,0.0,0.661647317075,0.260922296666,0.303223762239,1.0,-0.00108,-0.00141942857143,0.055
0.465070918434,0.547589193019,-0.123935227354,-1.35606374718,0.0795620233261,1.89413581365,0.159150954856,0.000249965010771,-0.00629491915283,-0.000677299851945,-0.00876817945659,0.000678277198574,0.00348691264167,-0.00146956512996,0.573792972574,0.818986186925,0.00199928818184,0.0,0.818942644763,-0.573733179319,-0.0119971012682,0.0,-0.00867856934617,0.008521318812,-0.999926032044,0.0,0.661621286771,0.260907066259,0.303241977196,1.0,-0.00142,-0.00186628571429,0.072
0.465050415294,0.54744436588,-0.123938721492,-1.3562692279,0.079552018306,1.89419011886,0.159153972411,-0.00128336497873,-0.00808243738179,-0.00120555361075,-0.0088045366614,-0.000514453777972,0.00146533151829,0.00029684570246,0.573823361563,0.818964905207,0.00199516032926,0.0,0.818921277858,-0.573763551265,-0.0120031168238,0.0,-0.00868554837964,0.00852171216078,-0.999925968095,0.0,0.661595542805,0.260871055229,0.303251581858,1.0,-0.00176,-0.00231314285714,0.089
0.46503296189,0.547277534977,-0.123933136242,-1.3564673112,0.0795539925244,1.89429721661,0.159136273174,-0.00272413334199,-0.0123044917598,0.00122514839005,-0.00781050636014,-0.0011445937927,0.00531876513811,-0.00123766056047,0.573831041828,0.818959342221,0.00206836304379,0.0,0.818916567738,-0.573770821605,-0.0119769052476,0.0,-0.00862199808059,0.00856670171632,-0.999926133657,0.0,0.661579056076,0.260849026676,0.303284595418,1.0,-0.00208,-0.00273371428571,0.105
0.465010238782,0.547078688206,-0.123931096355,-1.35670725602,0.0795506004105,1.89443095855,0.159132101371,-0.0018825806456,-0.00921650179405,0.000614098843152,-0.0162256717701,-0.00135195374442,0.00612301258706,-0.000837249195528,0.573857575444,0.818940532135,0.00215286638056,0.0,0.818898821411,-0.573796964901,-0.0119377662602,0.0,-0.00854117690273,0.00861372318483,-0.999926423328,0.0,0.661561611321,0.260817853035,0.303322777281,1.0,-0.00242,-0.00318057142857,0.122
0.464981388172,0.546855923425,-0.123931978775,-1.35701541642,0.0795454177267,1.89456753427,0.159110046105,-0.00469309538678,-0.00751894243278,0.000779887972567,-0.0225364429133,0.000188087824892,0.0122781809507,-0.00155618170575,0.573879744613,0.818924863558,0.00220305928643,0.0,0.818883727677,-0.573818847152,-0.0119213296078,0.0,-0.00849867990846,0.00864562544661,-0.9999265101,0.0,0.661532067383,0.26077304498,0.303345761439,1.0,-0.00276,-0.00362742857143,0.139
0.464947014529,0.546606698268,-0.123938412031,-1.35737571935,0.0795372914538,1.89470203966,0.159052623891,-0.0051627354105,-0.015474860641,-0.00110555298341,-0.0252277302764,3.78022865672e-05,0.011631323969,-0.0164536397333,0.573883353887,0.81892226308,0.0022293641031,0.0,0.818881382802,-0.573822261112,-0.011918072538,0.0,-0.00848087946708,0.00866533503403,-0.999926490624,0.0,0.661493703611,0.260714905879,0.303362652489,1.0,-0.00308,-0.004048,0.155
0.464911203153,0.546320048147,-0.123934198424,-1.3578037424,0.0795253126784,1.89485147031,0.158946857515,-0.00289915206424,-0.0171316872603,0.000675066204427,-0.0259635223992,0.000157874050625,0.00877028846758,-0.00135392705328,0.573838508841,0.818953663955,0.00223807210437,0.0,0.818912698465,-0.57377718353,-0.0119366181976,0.0,-0.00849154598818,0.00868264402128,-0.99992624995,0.0,0.661436666339,0.260652143932,0.303368809384,1.0,-0.00344,-0.00452114285714,0.173
0.46486678568,0.546017631024,-0.123937419274,-1.3583078448,0.0795112351869,1.89502683792,0.158919529935,-0.000718873079771,-0.022157689072,-0.00334293717092,-0.0333605856122,-0.00114217143771,0.0128262867414,-0.00263323036344,0.573884485037,0.818921465876,0.00223102276481,0.0,0.818880295591,-0.573823067135,-0.0119539122341,0.0,-0.00850926683369,0.00868727260466,-0.999926059103,0.0,0.661382212634,0.260577329925,0.303364247704,1.0,-0.00376,-0.00494171428571,0.189
0.464818898709,0.545706125529,-0.123938846418,-1.35884107464,0.0794865491184,1.89520217308,0.15884549963,-0.000774986392255,-0.018868922847,-0.00013030496104,-0.030600263234,0.000325679581224,0.00985194764571,-0.00552318284587,0.573887241411,0.818919631163,0.00219516369645,0.0,0.818877891064,-0.573825866079,-0.0119842332766,0.0,-0.00855464688879,0.00867533662092,-0.999925775521,0.0,0.661317125528,0.260493524809,0.303346229171,1.0,-0.00408,-0.00536228571429,0.205
0.464754341849,0.545320031358,-0.123937032539,-1.35949141699,0.0794108826011,1.89541344516,0.1587422508,-0.00137456889158,-0.0223712720874,0.00118373123783,-0.035538145287,-0.00517763062884,0.0135511282994,-0.00760918997277,0.573864949831,0.818935430795,0.00212754433483,0.0,0.81889306925,-0.57380412029,-0.0119883098846,0.0,-0.00859702353378,0.00862206816234,-0.999925872816,0.0,0.661235165395,0.260378805934,0.303326344618,1.0,-0.00444,-0.00583542857143,0.223
0.46469282095,0.544875662565,-0.123942416293,-1.36022349988,0.0793720557579,1.89565714146,0.158683685923,-0.00130585931025,-0.0233453315632,-0.00115582595056,-0.0425960746478,-0.00037945961949,0.00924835044663,-0.00999730326662,0.573906964739,0.818906072681,0.00209448125188,0.0,0.818863215459,-0.573846203991,-0.0120131358646,0.0,-0.00863588606334,0.00860968175677,-0.999925644662,0.0,0.661152132094,0.260267226233,0.303315540372,1.0,-0.00478,-0.00628228571429,0.24
0.464628884083,0.544465905433,-0.123939893494,-1.36090534244,0.0793460635621,1.89589652688,0.158571762779,-0.00119492325095,-0.0287195017148,-0.00187625049639,-0.0470910435958,-0.00466763162592,0.0118152321402,-0.00995037187191,0.573896994869,0.818913108346,0.00207537004077,0.0,0.818869819918,-0.573836135464,-0.0120438599932,0.0,-0.00867211946479,0.00861155874744,-0.999925314911,0.0,0.661071389938,0.260162897104,0.30330167657,1.0,-0.0051,-0.00670285714286,0.256
0.464561503659,0.543989109334,-0.123943089865,-1.36169435374,0.0793137100912,1.89618502781,0.158490269705,-0.003956452564,-0.0259704786974,0.000187700826756,-0.0454298079423,-0.0022824094,0.0185252194904,-0.00510048090513,0.57392308715,0.818894857079,0.0020615495897,0.0,0.818851250538,-0.57386214706,-0.0120670031526,0.0,-0.0086987290257,0.0086138000039,-0.999925064474,0.0,0.660980030451,0.260043447026,0.303288648097,1.0,-0.00544,-0.00714971428571,0.273
0.464471384155,0.543439303651,-0.123943099927,-1.36258280285,0.0792715744515,1.89649167645,0.158362765408,-0.00371750814776,-0.0311936146765,-0.000961449069329,-0.0525115914689,-5.57416868127e-05,0.0177995399675,-0.0122343217549,0.573930635405,0.818889618835,0.00204078609197,0.0,0.818845591611,-0.573869636345,-0.0120948121956,0.0,-0.00873333912016,0.0086128377672,-0.999924771077,0.0,0.660876932565,0.259899623889,0.303281345871,1.0,-0.0058,-0.00762285714286,0.291
0.464400744534,0.542955673023,-0.123943763924,-1.36334646862,0.0792239430479,1.89677313386,0.158273948375,-0.00740512343182,-0.0368528668144,0.00060580194412,-0.0509115425907,-0.00318944375958,0.0226209236297,-0.00908194547353,0.573946027486,0.818878831743,0.00204043079658,0.0,0.818834809873,-0.573885037868,-0.0120939800028,0.0,-0.00873269964234,0.00861223335463,-0.999924781868,0.0,0.660791079067,0.259779652099,0.303284379966,1.0,-0.0061,-0.00801714285714,0.306
0.464318674306,0.542371729149,-0.123944056566,-1.36426436971,0.0791722291405,1.89710141819,0.158161880126,-0.00330237073704,-0.0370756356725,-0.000157894420428,-0.0568388939705,-0.0047518968025,0.0253566550391,-0.0071369339701,0.573955439237,0.818872226167,0.00204398711523,0.0,0.818828219987,-0.573894402623,-0.0120957716629,0.0,-0.00873202682288,0.00861627415888,-0.999924752933,0.0,0.660679416068,0.259629348154,0.30329446462,1.0,-0.00646,-0.00849028571429,0.324
0.464222754516,0.541721246614,-0.123947361658,-1.36527776904,0.0791067670213,1.89748165,0.158016641122,-0.00567575725101,-0.0379367835523,0.00575541712894,-0.0618156393929,-0.00507006089279,0.0176095592923,-0.00716876666391,0.573959638788,0.818869271094,0.002048609555,0.0,0.818825354742,-0.57389861065,-0.012090079685,0.0,-0.00872466853863,0.00861683711532,-0.999924812312,0.0,0.66057322428,0.259476053792,0.303299614616,1.0,-0.0068,-0.00893714285714,0.341
0.464147191289,0.541145114452,-0.123952981393,-1.36616234985,0.0790595912987,1.89780845243,0.157911338238,-0.00838496409968,-0.0382060877986,0.00208486127385,-0.0607970201901,-0.00383863070741,0.0266452859164,-0.00408980355574,0.573966758347,0.818864229957,0.00206884284642,0.0,0.818820513035,-0.573905577577,-0.0120872809797,0.0,-0.00871068929077,0.00863187463237,-0.999924804489,0.0,0.660464690629,0.259337516017,0.303313509997,1.0,-0.00712,-0.00935771428571,0.357
0.464054145115,0.540407746634,-0.12395363685,-1.36728648779,0.0789938835741,1.89821880211,0.157754106059,-0.000996055017396,-0.0438503280287,-0.00100665953331,-0.0618337841618,-0.0078689633676,0.0201887456025,-0.0095975938753,0.573968290143,0.818863108496,0.00208766749148,0.0,0.818819637676,-0.57390702827,-0.012077696789,0.0,-0.00869202063841,0.00864180449533,-0.999924881175,0.0,0.660342563689,0.259171626254,0.303336125733,1.0,-0.00746,-0.00980457142857,0.374
0.463956737234,0.539678509411,-0.123955805753,-1.36841686479,0.0789286551806,1.89864980955,0.157625938734,-0.00606661621708,-0.039919949822,-0.00109476556056,-0.0724869535273,-0.00362046353813,0.0358940194523,-0.00320109659768,0.573989847922,0.818847932022,0.00211319814949,0.0,0.818804790925,-0.573928470231,-0.0120653353577,0.0,-0.00866701719253,0.00865584342789,-0.99992497678,0.0,0.66021585776,0.259000141031,0.303350855841,1.0,-0.0078,-0.0102514285714,0.391
0.463862559031,0.538959447065,-0.123959784115,-1.36951682972,0.0788644600862,1.8990610188,0.157497300833,-0.00802168059552,-0.039739149709,0.000512751903995,-0.0674456217773,-0.00209342279114,0.0248378770806,-0.0108422328478,0.574008074446,0.818835088647,0.00213891830634,0.0,0.818792284886,-0.57394658648,-0.0120522603887,0.0,-0.00864135521599,0.00866959150219,-0.999925079775,0.0,0.660091267788,0.258832051554,0.303371092206,1.0,-0.00812,-0.010672,0.407
0.463754684135,0.538134823075,-0.123964774806,-1.37078566229,0.0787913304701,1.89954922615,0.157333895876,-0.003705858526,-0.0460886222794,-0.00167053344988,-0.0737924109469,-0.00661228819771,0.0276256817225,-0.00921961966046,0.57401670976,0.818828937026,0.00217616786422,0.0,0.818786633109,-0.573955077225,-0.0120318606886,0.0,-0.00860317874135,0.00868847352342,-0.999925245078,0.0,0.659949771877,0.258639462527,0.303392101346,1.0,-0.00848,-0.0111451428571,0.425
0.463657236714,0.53738706094,-0.123962967023,-1.37197471882,0.0787207876819,1.89999688493,0.157186905358,-0.00353974272228,-0.0453725904017,-0.000680064525719,-0.0759986669416,-0.00085769401675,0.026881963574,-0.0084041337867,0.574021624656,0.818825477343,0.00218150910503,0.0,0.818783220207,-0.573959945913,-0.0120318617546,0.0,-0.00860006167443,0.00869289924716,-0.999925233426,0.0,0.659811971647,0.25846383987,0.303392925096,1.0,-0.0088,-0.0115657142857,0.441
0.463554537935,0.536586093034,-0.12397180282,-1.37319094489,0.0786536882926,1.90045906724,0.15702886573,-0.00942004931877,-0.0450231464206,0.00201409011601,-0.073867754354,-0.0130698277128,0.0319783490009,-0.0146847160712,0.574031562654,0.818818400135,0.0022225161322,0.0,0.818776677573,-0.573969711025,-0.0120112442526,0.0,-0.00855953565797,0.00871474546815,-0.999925390997,0.0,0.659675527447,0.25827760369,0.303419855149,1.0,-0.00912,-0.0119862857143,0.457
0.463445877127,0.53576849554,-0.123974333791,-1.37447948693,0.0785795362319,1.90092375304,0.156878498399,-0.00296116001571,-0.0515369192659,-0.00113070353283,-0.0834188919821,0.000447058263286,0.0209359591359,-0.0126411131156,0.574050098363,0.81880541688,0.0022182783976,0.0,0.818763586899,-0.573988208925,-0.0120196374063,0.0,-0.00856864354578,0.00871628742845,-0.999925299551,0.0,0.659523448849,0.258081774751,0.303423967358,1.0,-0.00944,-0.0124068571429,0.473
0.463315152456,0.534768124469,-0.123967840362,-1.37606887976,0.0784990717212,1.90150210899,0.156685186219,-0.00512275717198,-0.0479998328939,0.000994034117257,-0.0820481678657,-0.00219601109813,0.0363888151969,-0.0111942397869,0.574059938981,0.818798516763,0.00221862674661,0.0,0.818756485023,-0.573997837033,-0.012043596422,0.0,-0.0085879572779,0.0087304293516,-0.999925010485,0.0,0.659332622448,0.257850025583,0.30342326547,1.0,-0.00982,-0.0129062857143,0.492
0.463189902362,0.533926035562,-0.12397184683,-1.37746310425,0.0784203645217,1.90200056035,0.156516611192,-0.00753481469556,-0.0549048144886,0.000348873318709,-0.0887488434408,-0.00416452176559,0.0287367267458,-0.0120569023468,0.574082547274,0.818782785981,0.00217375174913,0.0,0.818740083704,-0.574020546346,-0.0120762001623,0.0,-0.00864017299638,0.00871264118493,-0.999924715813,0.0,0.659167546561,0.257631768561,0.30339701522,1.0,-0.01014,-0.0133268571429,0.508
0.463064862465,0.533009669212,-0.123978212398,-1.37893666225,0.078334508448,1.90257177009,0.156328878844,-0.00930793333502,-0.0507610684489,-0.000735455685451,-0.0883224925202,-0.00577306454571,0.0331931880691,-0.0121519390799,0.574093493109,0.818775085198,0.00218355893462,0.0,0.818732530972,-0.574031469259,-0.0120690483884,0.0,-0.00862857070577,0.00871668070399,-0.999924780794,0.0,0.659001017405,0.257407626838,0.303391597344,1.0,-0.01048,-0.0137737142857,0.525
0.462925403055,0.532047386201,-0.123978961947,-1.38049590964,0.0782522713749,1.90314759404,0.156132735897,-0.00396282317902,-0.0559231290905,-0.000104315548047,-0.0898421230599,-0.00651279072808,0.0327759530766,-0.0121075258451,0.574110753332,0.818763017361,0.00217053237695,0.0,0.818720159834,-0.574048648412,-0.012091155431,0.0,-0.00865396634242,0.00871888883336,-0.999924542075,0.0,0.658818477723,0.257168601445,0.303377806347,1.0,-0.01082,-0.0142205714286,0.542
0.462800737191,0.531103828148,-0.123978696862,-1.38202028539,0.0781513941241,1.90369780382,0.155947901608,-0.00826431131574,-0.0577100791167,-0.000256774981696,-0.0955308536527,-0.00417354069702,0.0340963345375,-0.0148683976979,0.574117200174,0.818758580257,0.00213883629965,0.0,0.81871533754,-0.574055259528,-0.0121038004986,0.0,-0.00868244744887,0.00870026564379,-0.999924457389,0.0,0.658635037533,0.256939100463,0.303364917265,1.0,-0.01114,-0.0146411428571,0.558
0.462665790995,0.530055881549,-0.123981658522,-1.38367625851,0.0780505797166,1.90427844247,0.155721105668,-0.00146372452354,-0.0615558833219,-0.00175869121532,-0.0957240800999,-0.00614267964125,0.0399320221318,-0.00951450225039,0.574112966928,0.818761638573,0.00210411691903,0.0,0.818717883811,-0.574051118967,-0.0121279199532,0.0,-0.00872217287039,0.00868564148374,-0.999924238796,0.0,0.658423337275,0.256670361835,0.303357824992,1.0,-0.0115,-0.0151142857143,0.576
0.462509272457,0.528956981968,-0.123982135734,-1.38542043035,0.077942148497,1.90493802398,0.155480354203,-0.00496779668544,-0.0637515510853,0.00238949227316,-0.0929610467211,-0.00980674795878,0.0366634362974,-0.00864834853742,0.574103827887,0.818767994756,0.00212425769505,0.0,0.818724529808,-0.574041920165,-0.0121146640427,0.0,-0.00869985371829,0.00869442427763,-0.999924356905,0.0,0.658231612108,0.256420092264,0.303366449253,1.0,-0.01184,-0.0155611428571,0.593
0.462377835367,0.527932226092,-0.123985086189,-1.38703004093,0.0778368767186,1.90556101961,0.155260676468,-0.0113115140844,-0.0655178237774,0.000191018461437,-0.0986363446056,-0.0141118911584,0.0375932006372,-0.0165129081257,0.574092675258,0.818775747316,0.00215005180865,0.0,0.818732724967,-0.574030763655,-0.0120894311967,0.0,-0.00866450399963,0.00870093919421,-0.999924607172,0.0,0.65804628994,0.256179503445,0.303375905291,1.0,-0.01216,-0.0159817142857,0.609
0.462226667586,0.526770706766,-0.123980045295,-1.38880453167,0.077724636476,1.90622700833,0.155010935814,-0.00982113878494,-0.0626111084019,0.00234039542774,-0.10108193167,-0.00315177686954,0.0337877642317,-0.0162817738284,0.574074070982,0.818788675452,0.00219382748133,0.0,0.818746241028,-0.574011991666,-0.0120653688964,0.0,-0.00861987009478,0.00872277138442,-0.999924802722,0.0,0.657837648289,0.255914636161,0.303406335208,1.0,-0.0125,-0.0164285714286,0.626
0.462080957396,0.525603257454,-0.123991014085,-1.39063812955,0.0776193764334,1.90689214175,0.154781479602,-0.00659095952197,-0.0642843945083,-0.000518423978364,-0.104010462903,-0.00308994414092,0.0414732237894,-0.01327882523,0.57408372369,0.818781908763,0.00219339403886,0.0,0.81873942364,-0.574021599398,-0.0120708948439,0.0,-0.00862454081563,0.00872569042805,-0.999924736979,0.0,0.657616422932,0.255638209219,0.303412981851,1.0,-0.01284,-0.0168754285714,0.643
0.461932076714,0.524489760472,-0.123991701201,-1.39239562757,0.077505564651,1.90751406042,0.15452128123,-0.00921362254453,-0.0693364298743,-2.17387608634e-05,-0.110578912527,-0.0101141992625,0.0342590017047,-0.0250599825178,0.574056728506,0.818800894535,0.00217128222868,0.0,0.818758114251,-0.573994695297,-0.0120825089017,0.0,-0.00864703109785,0.00871396824622,-0.999924644966,0.0,0.657401390397,0.255369753178,0.303413504915,1.0,-0.01316,-0.017296,0.659
0.461780403963,0.523288789465,-0.123997437314,-1.39430485495,0.0773924752448,1.90822205575,0.154278967435,-0.0112074406184,-0.0688491865157,-0.00107015253018,-0.109075683325,-0.00563149686229,0.0394149993139,-0.0187945211787,0.574058627802,0.818799566346,0.00216999986372,0.0,0.81875674305,-0.573996573363,-0.0120862061099,0.0,-0.00865077438979,0.00871506070755,-0.999924603067,0.0,0.65717142059,0.25508562042,0.303410674105,1.0,-0.0135,-0.0177428571429,0.676
0.461613493853,0.522048046999,-0.123999639456,-1.39624810898,0.0772788408454,1.90899054859,0.154003107038,-0.0154292318097,-0.0773825653714,-0.000383623746094,-0.119267145598,-0.00402645896597,0.0492325660818,-0.0129789986998,0.574044755674,0.818809142761,0.00222555946671,0.0,0.818767066391,-0.573982489135,-0.0120557066144,0.0,-0.00859405609809,0.00874289828145,-0.999924849141,0.0,0.656949052583,0.254794031561,0.303424393494,1.0,-0.01384,-0.0181897142857,0.693
0.461457671974,0.520882762458,-0.124000625848,-1.39814833898,0.0771515030501,1.90970782131,0.153757466419,-0.0051786286721,-0.0678941690972,3.65069645012e-05,-0.120238374791,-0.011869194196,0.0509371475139,-0.0156560450593,0.57404186212,0.818811220312,0.00220747055033,0.0,0.818769013904,-0.573979779889,-0.0120524292837,0.0,-0.00860178647992,0.0087261754407,-0.999924928748,0.0,0.65671094098,0.254485888694,0.303404704304,1.0,-0.01418,-0.0186365714286,0.71
0.461271238712,0.519493610311,-0.124003821834,-1.40030676319,0.0770128587474,1.91048738318,0.153469921462,-0.0102202337519,-0.0753660994896,8.77709043286e-05,-0.123528133706,-0.00835481963121,0.0387269328766,-0.0154574374974,0.574035977429,0.818815350767,0.00220564425174,0.0,0.818773128921,-0.573973912169,-0.0120523195467,0.0,-0.00860280762782,0.00872455525126,-0.999924934101,0.0,0.656459730151,0.254177252177,0.303416549908,1.0,-0.01452,-0.0190834285714,0.727
0.461098311827,0.518144995876,-0.124012437381,-1.40239992781,0.0768844396969,1.91124600476,0.153180535205,-0.015017402721,-0.082983060109,-0.00117363772372,-0.121212227095,-0.0112269311929,0.0508292281432,-0.0166125259554,0.574023110632,0.81882434409,0.00221560058341,0.0,0.818782249086,-0.573961001968,-0.0120475600141,0.0,-0.00859333254394,0.00872984038009,-0.999924969447,0.0,0.656204493095,0.253858747693,0.303432868467,1.0,-0.01486,-0.0195302857143,0.744
0.460931324445,0.516856642583,-0.124015870228,-1.40440645926,0.0767532946751,1.91196511567,0.152909503981,-0.00786431977404,-0.0804645637194,-0.00035274386768,-0.125413082101,-0.0124430533199,0.0389328399065,-0.0176725411539,0.574010982067,0.818832857915,0.00221137207051,0.0,0.818790738146,-0.573948923629,-0.0120460405794,0.0,-0.00859464468815,0.00872537854353,-0.999924997113,0.0,0.655957015655,0.253553604818,0.303444137913,1.0,-0.01518,-0.0199508571429,0.76
0.460749440055,0.515504230813,-0.1240190339,-1.40657938266,0.0766115742192,1.91279865298,0.152605789563,-0.00845296131532,-0.0810881207915,0.00131522635197,-0.123809592838,-0.0128513691491,0.0477835648131,-0.0173502956997,0.573990165065,0.818847443681,0.00221388503096,0.0,0.818805455897,-0.573928199496,-0.0120330427226,0.0,-0.00858278046852,0.00871975720302,-0.999925148055,0.0,0.655698179414,0.253225995623,0.303430719357,1.0,-0.01552,-0.0203977142857,0.777
0.460548924981,0.514038264394,-0.124023282992,-1.40895750458,0.076470565865,1.91363942088,0.152292660004,-0.0118982512209,-0.0768181464174,-0.000877095793857,-0.131706946532,-0.00903712707267,0.0395674262916,-0.0166830494584,0.573987984661,0.818849131761,0.00215401502248,0.0,0.81880623102,-0.573926139709,-0.0120784561445,0.0,-0.00865435442337,0.00869677706224,-0.999924731276,0.0,0.655399071614,0.252863400095,0.303399501036,1.0,-0.01588,-0.0208708571429,0.795
0.460387107023,0.512784790931,-0.124025505607,-1.41096548185,0.0763532557895,1.91432959482,0.152001209835,-0.00805640115412,-0.0847394662594,0.000774268228338,-0.126891663723,-0.00841901842366,0.0514513486702,-0.0219276105716,0.573960639981,0.818868435156,0.00210156121798,0.0,0.818824641852,-0.573898817637,-0.0121284752885,0.0,-0.00872571007909,0.00868224471034,-0.999924237435,0.0,0.655123714145,0.252541495437,0.303377822143,1.0,-0.0162,-0.0212914285714,0.811
0.460171452058,0.511282859938,-0.124025401094,-1.4134049416,0.0762041631869,1.91524598694,0.151654424549,-0.0125795333542,-0.0870127659591,0.000205070224261,-0.132075338839,-0.00644369711592,0.0494836324727,-0.0194824943613,0.573937048165,0.818885019252,0.0020825196666,0.0,0.818840981072,-0.573875316059,-0.0121373900089,0.0,-0.00874418857198,0.00867151719462,-0.999924169103,0.0,0.654843725681,0.252189309025,0.303352277519,1.0,-0.01654,-0.0217382857143,0.828
0.459961867645,0.509819272582,-0.124029030931,-1.41574272212,0.0760612290518,1.91612970996,0.15132920822,-0.0192068286162,-0.0861633665869,-0.000580567455066,-0.139650553768,-0.00269761760801,0.0529615977983,-0.0229343469738,0.573928482345,0.818891009565,0.00208770408295,0.0,0.818847038046,-0.573866727547,-0.0121348340971,0.0,-0.00873921089137,0.00867420422679,-0.999924189313,0.0,0.654562230469,0.251828653656,0.303340881752,1.0,-0.01688,-0.0221851428571,0.845
0.459776362754,0.508419014711,-0.124029620888,-1.41797207942,0.0759273088806,1.91690820005,0.151018407585,-0.0102522942564,-0.0804595126553,-5.10173028085e-05,-0.136878069429,-0.00429253049788,0.0508529411142,-0.0190175287204,0.573905800578,0.818907008721,0.00204695671704,0.0,0.818862361112,-0.573844086615,-0.0121714712811,0.0,-0.0087928384203,0.00866162054324,-0.99992382826,0.0,0.654275777334,0.25149204202,0.303327075292,1.0,-0.0172,-0.0226057142857,0.861
0.459561756948,0.506878073539,-0.124032581062,-1.42037344986,0.0757659588692,1.91779000678,0.150684810333,-0.00905559322218,-0.0882235625686,6.88292031123e-05,-0.138171185582,-0.00791468254329,0.0576328677375,-0.00927912400564,0.57389111005,0.818917279752,0.00205660651668,0.0,0.81887285154,-0.573829447136,-0.0121558838004,0.0,-0.00877469085437,0.00866041963058,-0.999923998078,0.0,0.653980943256,0.251119089722,0.303338273793,1.0,-0.01754,-0.0230525714286,0.878
0.459331244375,0.505277881564,-0.124041096678,-1.42283742977,0.075615222709,1.91872827692,0.15035333805,-0.0129021598164,-0.0966807259145,-0.00234749080807,-0.147107246863,-0.00296100085487,0.0546427858775,-0.0194871923472,0.573901221323,0.818910039698,0.00211706094076,0.0,0.818866450509,-0.573839340719,-0.012119990678,0.0,-0.00871049689681,0.00868943492915,-0.999924307618,0.0,0.65368761298,0.250731392202,0.303365604861,1.0,-0.01788,-0.0234994285714,0.895
0.459118088049,0.503712634791,-0.124044548557,-1.42517758766,0.0754641061606,1.91962341743,0.150018108534,-0.0130176322649,-0.0946234916032,0.000229376113819,-0.145026842594,-0.0103945649134,0.0560977992553,-0.015777385963,0.573883327175,0.818922321908,0.00221458164126,0.0,0.818880119824,-0.573821145538,-0.0120577440522,0.0,-0.00860374763075,0.00873338329937,-0.999924848948,0.0,0.653407982458,0.25036934647,0.303422885991,1.0,-0.0182,-0.02392,0.911
0.458890177128,0.502021611806,-0.12405100944,-1.42767950667,0.0753063519326,1.92054747058,0.149684915898,-0.0132400172923,-0.0997932062805,0.00140685315791,-0.147610071558,-0.0151758042482,0.0529909943622,-0.0177391913403,0.573887207455,0.818919342036,0.00230895211192,0.0,0.818878424491,-0.573824686966,-0.012004225593,0.0,-0.00850572256296,0.00877999161292,-0.999925279424,0.0,0.65310225505,0.249979384878,0.303492971484,1.0,-0.01854,-0.0243668571429,0.928
0.458639850457,0.500209911976,-0.124060547834,-1.43040600479,0.0751291824429,1.92151113934,0.149286539458,-0.0135288259301,-0.0988924578159,-0.00134475336232,-0.15106372424,-0.0119986054397,0.0529963302856,-0.0196027855463,0.573863685845,0.818935717978,0.00234665503045,0.0,0.818895321599,-0.573801045018,-0.0119816484889,0.0,-0.0084658497929,0.00879766717255,-0.999925462442,0.0,0.652759668437,0.249547686985,0.303543246078,1.0,-0.0189,-0.02484,0.946
0.458403684446,0.498631579525,-0.124055698569,-1.43287212344,0.0749748217607,1.92242919148,0.148936209738,-0.0154540999981,-0.094107417487,-0.000108332971438,-0.152186296179,-0.0119561649014,0.0590893414392,-0.0222670191429,0.573850556205,0.818944846831,0.00237147496304,0.0,0.818904741442,-0.573787782648,-0.0119729624027,0.0,-0.00844463508573,0.00881287290075,-0.99992550793,0.0,0.652455459332,0.249162074044,0.303549721856,1.0,-0.01922,-0.0252605714286,0.962
0.45812947017,0.496867613369,-0.124058834662,-1.43569353615,0.0748026706385,1.9234434598,0.148521781412,-0.01634567487,-0.0900900619337,0.00115581364736,-0.160791366608,-0.0052246395463,0.056275279547,-0.0247325853767,0.573834482127,0.818956214852,0.00233499003018,0.0,0.818915520574,-0.573771741334,-0.0120044121463,0.0,-0.00849150012496,0.00880087464745,-0.999925216719,0.0,0.652100513554,0.248711115007,0.303524563593,1.0,-0.01958,-0.0257337142857,0.98
0.457864564291,0.49518532424,-0.124061420537,-1.43841649519,0.0746380489293,1.92438261069,0.148133950741,-0.0168049573335,-0.0919498535375,-0.000699545467876,-0.159547928195,-0.00441824970348,0.0526044468827,-0.026504442659,0.573828460925,0.818960668636,0.00225112461606,0.0,0.818918679519,-0.573765863402,-0.0120696823021,0.0,-0.00859314207403,0.00876958405897,-0.999924623312,0.0,0.651748021716,0.248273487015,0.303482179688,1.0,-0.01992,-0.0261805714286,0.997
0.457572021844,0.493368093324,-0.124102379581,-1.44124389181,0.0744616554447,1.92540054892,0.14772369382,-0.0176214560023,-0.139549097415,-0.00433271711006,-0.208707949717,-0.0166738837272,0.0798937433971,-0.0263155854594,0.573855929236,0.818941428362,0.00224862042906,0.0,0.818899516486,-0.573793450902,-0.0120583789574,0.0,-0.00858502769975,0.00876133512665,-0.999924765323,0.0,0.651404270414,0.247788280684,0.303491247579,1.0,-0.032076,-0.0421570285714,1.013
0.457213252027,0.49010192628,-0.124180100037,-1.44617251498,0.0742046227622,1.92731508537,0.14697816302,-0.0259770092514,-0.214836819807,-0.00326685176139,-0.333539262852,-0.0176750552112,0.137434233006,-0.0467479176391,0.573773807379,0.818998328786,0.00247028600064,0.0,0.818959335298,-0.573710463642,-0.0119439498234,0.0,-0.00836500707,0.00887636024381,-0.999925615676,0.0,0.650793720025,0.247055983642,0.30358589769,1.0,-0.049212,-0.0646786285714,1.03
0.456582328214,0.485486068749,-0.12423014085,-1.45344632621,0.0738313158332,1.93012708346,0.145865944876,-0.0484182132799,-0.298516549304,-0.00331344469487,-0.475430298967,-0.024211918441,0.194482078449,-0.0660033313885,0.573678497506,0.819064607876,0.00262612373381,0.0,0.819027247372,-0.573614130625,-0.0119140300049,0.0,-0.00825213751093,0.00898586273113,-0.999925575479,0.0,0.649887240017,0.24594510927,0.303576445685,1.0,-0.066348,-0.0872002285714,1.047
0.45579212807,0.48021396953,-0.124383915499,-1.46188949683,0.073319152905,1.9330892521,0.144579733103,-0.0581486116771,-0.380035454893,-0.011955960395,-0.608451796442,-0.0350108752601,0.212202671913,-0.0873770710001,0.573651142631,0.819084452401,0.00240276799874,0.0,0.819044230094,-0.573587719054,-0.0120176786719,0.0,-0.00846545852461,0.00886209899041,-0.999924896786,0.0,0.648718348826,0.244423886747,0.303468899091,1.0,-0.082476,-0.108397028571,1.063
0.454560974774,0.472353054087,-0.124570215079,-1.47433683258,0.0725707810596,1.93735029436,0.14277381551,-0.0764047847589,-0.46199972419,-0.0122253671355,-0.733703479411,-0.044870837192,0.254178334975,-0.11666003987,0.573722327538,0.81903532816,0.00213752443529,0.0,0.818991309252,-0.573659684456,-0.0121880556435,0.0,-0.00875640514851,0.00874334192421,-0.999923436739,0.0,0.647163233361,0.242421776846,0.303368216631,1.0,-0.099612,-0.130918628571,1.08
0.453170883824,0.463441425071,-0.124717652009,-1.48790981049,0.0717711341076,1.94238035206,0.14059680847,-0.0900932480422,-0.547459380567,-0.0105114072105,-0.843549315467,-0.0505365319727,0.305246754565,-0.140948626545,0.573614350283,0.819110063114,0.00245531191917,0.0,0.819070164532,-0.573550336522,-0.0120342823369,0.0,-0.00844931946262,0.00891428140898,-0.999924569449,0.0,0.645431166043,0.240161063634,0.303498241134,1.0,-0.116748,-0.153440228571,1.097
0.451559683864,0.454007631722,-0.124854400318,-1.5027139403,0.0708371567267,1.94754514432,0.138321037843,-0.101443580279,-0.610176954514,-0.00798211882781,-0.949875496461,-0.0574421169263,0.333832847435,-0.158059116469,0.573602841946,0.819118661265,0.00226834298252,0.0,0.81907594008,-0.573539223768,-0.0121700485891,0.0,-0.00866789711831,0.00883888979421,-0.999923367857,0.0,0.643453341022,0.237619485598,0.303394449198,1.0,-0.132876,-0.174637028571,1.113
0.449541988276,0.442491474583,-0.125042209007,-1.52014281285,0.0696467151138,1.95379234293,0.135576178077,-0.119611923708,-0.693963064853,-0.0104309623094,-1.06923044024,-0.0693786536731,0.36799952752,-0.169810496449,0.573606508011,0.819115452981,0.00248908753432,0.0,0.819076453001,-0.573542844267,-0.0119631447019,0.0,-0.00837175952983,0.00890106201914,-0.999925339582,0.0,0.641158209414,0.234543970115,0.30353887132,1.0,-0.150012,-0.197158628571,1.13
0.447213589818,0.429716800833,-0.125208800181,-1.53959782392,0.0683678421602,1.96046234404,0.132430844399,-0.13989284866,-0.773447244956,-0.00682263964371,-1.18081050605,-0.0792302296023,0.40497753169,-0.191888687965,0.573561936887,0.819146725512,0.00246850961116,0.0,0.819107047854,-0.573497927668,-0.0120215646903,0.0,-0.00843190254541,0.00891725723321,-0.999924689936,0.0,0.638474765382,0.231087055651,0.303580606574,1.0,-0.167148,-0.219680228571,1.147
0.444671039016,0.416603681062,-0.125391258463,-1.55927796609,0.066994602494,1.96725049595,0.129146439283,-0.168481470755,-0.865880828682,-0.0091854680003,-1.24770277831,-0.0846709419218,0.451113820674,-0.212001045578,0.57354268203,0.819159774973,0.00260803711209,0.0,0.819122247875,-0.573478477716,-0.0119132503488,0.0,-0.00826336141732,0.00896923146402,-0.999925632107,0.0,0.635754209025,0.227469834454,0.303714526685,1.0,-0.183276,-0.240877028571,1.163
0.441630781881,0.401626491038,-0.125574848402,-1.58180147955,0.0654355350944,1.97506516048,0.125358672746,-0.190601690914,-0.892560067671,-0.0102089955622,-1.33977142791,-0.0820318360033,0.453262902084,-0.227048806367,0.573553506538,0.819151565872,0.00279895847008,0.0,0.819116588513,-0.573488655714,-0.0118119893508,0.0,-0.00807079403014,0.0090676558052,-0.999926317236,0.0,0.632586276149,0.223286770768,0.303798999851,1.0,-0.200412,-0.263398628571,1.18
0.438183245453,0.385466835584,-0.125792509778,-1.60577360909,0.063707646246,1.98329475061,0.12119402848,-0.207996344464,-0.949866457332,-0.0124188069499,-1.4537995132,-0.114768480617,0.482911213221,-0.261291986929,0.573580002274,0.81913195614,0.00309294726691,0.0,0.819101248206,-0.573514655108,-0.011611738267,0.0,-0.00773784427326,0.00919387483912,-0.999927796609,0.0,0.629155975843,0.218701039178,0.303966124279,1.0,-0.217548,-0.285920228571,1.197
0.4345987609,0.369250915349,-0.12599853991,-1.62971130489,0.0619216100249,1.99126138298,0.116875414314,-0.231512867462,-1.03460667647,-0.013898458754,-1.55093263678,-0.119862786075,0.506099755708,-0.269181971325,0.573516453191,0.819175885648,0.00323931995556,0.0,0.819147319128,-0.573450947765,-0.0115076919101,0.0,-0.00756937834756,0.0092535090648,-0.999928535987,0.0,0.625607930966,0.214046558646,0.304097740998,1.0,-0.233676,-0.307117028571,1.213
0.430016605377,0.350137369141,-0.126247957162,-1.65806706661,0.0597247764504,2.00051797597,0.111679034321,-0.270352769797,-1.07218595744,-0.0221194240639,-1.61072607466,-0.134151975902,0.518987929475,-0.309711787051,0.573567121275,0.819140720344,0.00315983685671,0.0,0.819111380541,-0.573502163953,-0.0115135186147,0.0,-0.00761916534921,0.0091922110361,-0.999928723248,0.0,0.621305032799,0.208340198423,0.304089681293,1.0,-0.25182,-0.330963428571,1.231
0.425221334793,0.331038010059,-0.126501842054,-1.68598720345,0.0575901713857,2.00954842306,0.106318103553,-0.290350888603,-1.13985192347,-0.0108696993686,-1.67106064296,-0.139146562653,0.536658910269,-0.333377952144,0.573600857982,0.819116571697,0.00329311316658,0.0,0.819088727325,-0.57353521042,-0.0114789406636,0.0,-0.00751401883826,0.00928186079047,-0.999928690748,0.0,0.616970721471,0.202596010447,0.30416407788,1.0,-0.268956,-0.353485028571,1.248
0.420343645118,0.312239180194,-0.126691032647,-1.71331711485,0.0553163458104,2.01818570281,0.100877232009,-0.319802545805,-1.16740265137,-0.0126357874523,-1.71133849435,-0.15247337115,0.527617239827,-0.347696814245,0.573451548739,0.819221156267,0.00328104795099,0.0,0.819193519555,-0.573386405977,-0.0114347654737,0.0,-0.0074864376377,0.00924527518937,-0.999929236565,0.0,0.612581140129,0.19691352138,0.304192206482,1.0,-0.285084,-0.374681828571,1.264
0.414610457543,0.291321073072,-0.126918664671,-1.74339205612,0.0528171170232,2.02743361597,0.0946783819337,-0.351205180744,-1.25879404036,-0.0123374826682,-1.76620899203,-0.142934027487,0.531423539559,-0.365604946683,0.573354479025,0.819289062846,0.00328934404491,0.0,0.819261306803,-0.573289044734,-0.0114598980799,0.0,-0.00750336871596,0.00926559458544,-0.999928921581,0.0,0.607616773997,0.190484373373,0.304240624562,1.0,-0.30222,-0.397203428571,1.281
0.408279709962,0.269556685573,-0.12722258893,-1.77442877668,0.0502290604489,2.03690144569,0.0880025769131,-0.390284649126,-1.30517179951,-0.0220493889491,-1.84604696302,-0.152677043343,0.567853004899,-0.402807084609,0.573335074459,0.819302174129,0.00340393354459,0.0,0.819275517155,-0.573268826899,-0.0114553916142,0.0,-0.00743420139645,0.00935671736497,-0.999928589695,0.0,0.602393190608,0.183640055844,0.304274483803,1.0,-0.319356,-0.419725028571,1.298
0.40168823746,0.248321685397,-0.127594951835,-1.80433239037,0.0475642330229,2.04578404266,0.0813588332861,-0.424755665603,-1.33660678477,-0.0210706591957,-1.89144548318,-0.168593436477,0.563822651753,-0.428598311365,0.573464848779,0.819211041169,0.0034762255297,0.0,0.819185720666,-0.573398887725,-0.0113673881933,0.0,-0.0073191669816,0.00936665220408,-0.999929345315,0.0,0.597251623992,0.176760455015,0.304330879,1.0,-0.335484,-0.440921828571,1.314
0.393689231129,0.223595217423,-0.127915480192,-1.83872513588,0.0444790782766,2.05572730632,0.0732802412503,-0.452164810819,-1.378684253,-0.0154436506461,-1.93943528437,-0.173546525032,0.527931308318,-0.45337969694,0.573405777485,0.819251640863,0.0036483135065,0.0,0.819228181767,-0.573338886223,-0.0113337833438,0.0,-0.00719363909901,0.00948784076087,-0.999929113705,0.0,0.591127488978,0.168771791431,0.304403173435,1.0,-0.353628,-0.464768228571,1.332
0.385410274575,0.199484596464,-0.128264354936,-1.87180457698,0.0412598757983,2.06488727074,0.0650532636983,-0.5136142254,-1.42283689228,-0.019830587039,-1.93844962259,-0.192896843298,0.512424162305,-0.500865472748,0.573285935701,0.819335390973,0.00367422493753,0.0,0.819312732855,-0.573219610957,-0.011254789966,0.0,-0.00711544694227,0.00946273425843,-0.999929911081,0.0,0.585054787691,0.160804014993,0.304475924914,1.0,-0.370764,-0.487289828571,1.349
0.37684339288,0.176044173548,-0.128731170712,-1.90358213872,0.0381726444895,2.07342798716,0.0567591267044,-0.557659408456,-1.48121295157,-0.036868929731,-1.99003274741,-0.197468395666,0.54818200467,-0.531082359082,0.573364865878,0.819279745324,0.00376515330355,0.0,0.819258187291,-0.573298205021,-0.0112221913393,0.0,-0.00703569389077,0.00951922617703,-0.999929939218,0.0,0.579083835385,0.152847351483,0.304536824232,1.0,-0.386892,-0.508486628571,1.365
0.367019605567,0.150446501873,-0.12919957422,-1.93790959363,0.0346899178024,2.08226162909,0.0473701514874,-0.590900187185,-1.52324850001,-0.0196425325294,-2.05235996008,-0.223500116745,0.515265798353,-0.574421131078,0.573369524855,0.819276490248,0.00376396013997,0.0,0.819254708127,-0.573302584235,-0.0112524229129,0.0,-0.0070610934236,0.00953562203518,-0.999929603958,0.0,0.572409806135,0.144079279457,0.304553541809,1.0,-0.404028,-0.531008228571,1.382
0.35636059701,0.124191259922,-0.129699057282,-1.9726895566,0.0309850016634,2.09080990841,0.0373078056209,-0.648302956123,-1.55351785969,-0.036371064024,-2.06756167697,-0.236299157989,0.491834403363,-0.621923831292,0.573334098691,0.819301677987,0.00367676842017,0.0,0.819278665466,-0.573267246468,-0.0113083748291,0.0,-0.00715733736555,0.00949595764139,-0.999929297156,0.0,0.565429636537,0.134938532939,0.304527261682,1.0,-0.421164,-0.553529828571,1.399
0.345381811568,0.0988081719862,-0.130320930107,-2.00551993201,0.0273380484583,2.09850577151,0.0271934308069,-0.698212262948,-1.59638222669,-0.0390199691149,-2.04285066793,-0.227570710416,0.473293036365,-0.64633523746,0.57349705193,0.819187215294,0.00376624850704,0.0,0.819165750491,-0.573430477451,-0.0112119424538,0.0,-0.00702513349278,0.00951538092905,-0.999930050066,0.0,0.558685519193,0.125881271451,0.304626719625,1.0,-0.437292,-0.574726628571,1.415
