position_joint1,position_joint2,position_joint3,position_joint4,position_joint5,position_joint6,position_joint7,velocity_joint1,velocity_joint2,velocity_joint3,velocity_joint4,velocity_joint5,velocity_joint6,velocity_joint7,ee_T_00,ee_T_10,ee_T_20,ee_T_30,ee_T_01,ee_T_11,ee_T_21,ee_T_31,ee_T_02,ee_T_12,ee_T_22,ee_T_32,ee_T_03,ee_T_13,ee_T_23,ee_T_33,v_x,v_y,time
0.46506643383,0.547800319441,-0.123891620679,-1.35586290503,0.0795335057924,1.89409978787,0.159174018911,0.00494534695614,0.000353484915544,-0.000495210699708,-0.000690675272694,0.000168851003671,0.000183252706496,0.0010634183731,0.573766668039,0.819004747766,0.00194439819132,0.0,0.818960683358,-0.573707301051,-0.0120032802346,0.0,-0.00871539586075,0.00847963103639,-0.999926066133,0.0,0.661647309602,0.260943322056,0.303183382332,1.0,0.0,0.0,0.0
0.465070170252,0.547793437499,-0.123887750118,-1.35585793287,0.0795327893308,1.89409791438,0.159172727885,-0.000283022197891,-0.000835536543638,0.00100523393285,-0.00302781668054,-0.000122587649134,-3.55006528329e-05,-8.02691817193e-06,0.573759359954,0.819009845595,0.00195360802523,0.0,0.818965891462,-0.573699944954,-0.0119995283912,0.0,-0.00870711471731,0.00848494342891,-0.999926093213,0.0,0.661646435907,0.260948473733,0.303190331878,1.0,-0.00028,-0.000368,0.015
0.465069458581,0.547793532135,-0.12389265713,-1.35586931132,0.0795317290547,1.89410181452,0.159167655389,-0.00100259880934,-1.53962471198e-05,6.00259596197e-05,-0.0016735006449,-4.84626478329e-05,-2.42964925772e-06,-0.00149608696149,0.57375958438,0.819009707485,0.00194557912266,0.0,0.818965675675,-0.573700229958,-0.0120006297029,0.0,-0.00871262077749,0.00847900207846,-0.999926095651,0.0,0.661645973682,0.260943902555,0.303185348504,1.0,-0.0006,-0.000788571428571,0.031
0.465066987431,0.547766917194,-0.123897293762,-1.35589018913,0.0795330983329,1.89410103905,0.15917149055,-0.000217810262793,-0.00451578447778,-0.00174118379534,-0.000543717315939,0.000248358549873,6.44615046648e-05,0.00198823128075,0.573769438362,0.819002791862,0.00195075008354,0.0,0.818958817437,-0.573710050847,-0.0119991583329,0.0,-0.00870834690768,0.00848249763337,-0.999926103234,0.0,0.661643371103,0.260937626334,0.303194354676,1.0,-0.00092,-0.00120914285714,0.047
0.465068619919,0.547663777403,-0.123890423584,-1.35599854753,0.0795293254217,1.89412098454,0.159166383842,-0.000156957283284,-0.0109764524336,-0.00075551631548,-0.0112750837274,0.000235051584417,-0.000892886329261,-0.000522550148058,0.573765132469,0.819005774717,0.00196485220023,0.0,0.818961892208,-0.573705595612,-0.0120023154466,0.0,-0.00870288651645,0.00849581275867,-0.999926037731,0.0,0.661621604024,0.260929312395,0.303216586815,1.0,-0.00128,-0.00168228571429,0.065
0.465062992949,0.547518495187,-0.123889589345,-1.35621381449,0.0795259088577,1.89415751536,0.159169564856,0.000160775255295,-0.00856462946205,0.000934756920459,-0.0143293006418,-0.000156761433742,0.00160285066403,0.000808544295477,0.573781453338,0.818994384105,0.00194666695617,0.0,0.818950118845,-0.573721850586,-0.0120286286033,0.0,-0.00873470207613,0.00849619071479,-0.999925757105,0.0,0.661586677545,0.260906958468,0.303220941918,1.0,-0.00164,-0.00215542857143,0.083
0.465047058707,0.547363919994,-0.123895537516,-1.35640468224,0.0795241799549,1.8942456623,0.15915311224,-0.000580327141096,-0.00689166018885,0.000254662435303,-0.0141460919784,0.000419690707201,0.00916066758785,-0.00355532423513,0.573802768591,0.818979312214,0.0020039517653,0.0,0.818935778644,-0.57374290303,-0.0120007741572,0.0,-0.00867879975575,0.00852734941384,-0.999925978634,0.0,0.661570955715,0.260875925283,0.303252220055,1.0,-0.00196,-0.002576,0.099
0.465034966938,0.547161241542,-0.123888058157,-1.35663098647,0.0795209535131,1.89438518465,0.159144953732,0.000537402057423,-0.0111779476276,0.000218120439572,-0.0117691202765,2.57595894906e-05,0.00508516547334,-0.000186434646671,0.573805579245,0.818977102248,0.00210002912531,0.0,0.818934762603,-0.573745252454,-0.0119577082992,0.0,-0.00858837290451,0.00858135180786,-0.99992629741,0.0,0.661553116475,0.260859169456,0.303295153179,1.0,-0.0023,-0.00302285714286,0.116
0.465007672238,0.546974041612,-0.123889827226,-1.35689136622,0.0795189019304,1.89450869965,0.159131182889,0.000125361038507,-0.00957968702967,0.000176789576457,-0.0128276968371,3.64507634587e-05,0.00737012808402,0.000433697900479,0.573832073873,0.818958411238,0.00214908299599,0.0,0.818916639465,-0.573771470163,-0.0119408766141,0.0,-0.00854616337068,0.00861214362679,-0.999926394328,0.0,0.661530617211,0.260819704463,0.303314595189,1.0,-0.00262,-0.00344342857143,0.132
0.464977158453,0.546743559594,-0.123888061093,-1.35723726168,0.0795125688817,1.89463069908,0.159100060088,-0.00318984426206,-0.0152344577401,0.000147481070449,-0.0243498341212,0.000710705516839,0.00436679170586,0.00194006399375,0.573847961787,0.818947241107,0.00216331638288,0.0,0.818905507525,-0.573787149181,-0.011950902945,0.0,-0.00854604039319,0.00862971914579,-0.999926243851,0.0,0.661489587594,0.260769769177,0.303323722817,1.0,-0.00294,-0.003864,0.148
0.464934875045,0.546470339824,-0.123892457889,-1.35764239754,0.0795029815936,1.89478718537,0.158954182792,-0.00497923073965,-0.013490977379,0.00475128554067,-0.023275787033,-5.50417744998e-05,0.00888232175482,-0.00492080345603,0.573786344001,0.818990336801,0.00219238803268,0.0,0.818948872329,-0.573725309109,-0.0119482676352,0.0,-0.00852785142054,0.00865137307634,-0.999926212025,0.0,0.661447616096,0.260703828822,0.303338100291,1.0,-0.00328,-0.00431085714286,0.165
0.464885953596,0.546161704783,-0.123888067913,-1.35814518464,0.0794840211167,1.89496101383,0.158935017753,-7.37816219621e-05,-0.0209619522518,-0.000159880318015,-0.0304214216614,0.000170849835118,0.00817840346405,-3.86580683562e-05,0.573830673409,0.818959306091,0.00218177074139,0.0,0.818917560397,-0.57376953172,-0.0119708247435,0.0,-0.00855194940017,0.00865608345312,-0.99992596545,0.0,0.661387821903,0.260627111611,0.303332258329,1.0,-0.00364,-0.004784,0.183
0.464837659636,0.545873593312,-0.123891388109,-1.35862939744,0.0794661377099,1.89512703583,0.158886949569,-0.000802104302808,-0.0223061610226,-0.000995531681725,-0.0325406429321,-0.000135946916282,0.00985954441092,-0.0104014909989,0.573855453265,0.818941997523,0.00216109973225,0.0,0.818899872171,-0.573794282738,-0.0119944719191,0.0,-0.00858291536958,0.00865298401105,-0.999925726957,0.0,0.661331695143,0.26054792652,0.303320284292,1.0,-0.00394,-0.00517828571429,0.198
0.464763221483,0.5455025691,-0.123896464281,-1.35927047679,0.0793935112141,1.89533823468,0.158782369153,-0.00192014064548,-0.028437157591,-0.000325292332697,-0.0382289892499,-0.00643778071872,0.00978460894996,-0.00892871379512,0.573850730743,0.818945488941,0.00209090150131,0.0,0.818902729283,-0.573790135939,-0.0119977820381,0.0,-0.00862595689711,0.0085973464615,-0.999925836501,0.0,0.661260957029,0.260427104829,0.303296207508,1.0,-0.0043,-0.00565142857143,0.216
0.464699108823,0.545159941117,-0.123899287261,-1.35988592417,0.0793515120051,1.89553167033,0.158717545687,-0.00198943870367,-0.0292067147512,-0.000898998132201,-0.0399349721698,-0.000363046451439,0.00985895767608,-0.0115343397209,0.573875171883,0.818928541424,0.00201941558552,0.0,0.818884846163,-0.573814873952,-0.0120352007466,0.0,-0.00869736614476,0.00856053653505,-0.999925533746,0.0,0.661186815873,0.260320842544,0.303262643339,1.0,-0.0046,-0.00604571428571,0.231
0.46463503835,0.544699271518,-0.12389695529,-1.36063927127,0.0793251122934,1.89579183678,0.158622257393,-0.00507463013028,-0.0239000048807,-1.06111304931e-05,-0.0461670772632,-9.38457662525e-05,0.00459345383193,-0.0133542880164,0.573882895642,0.818923170122,0.00200260520746,0.0,0.818879032231,-0.57382244982,-0.012069530109,0.0,-0.00873504620932,0.00856655323493,-0.999925153766,0.0,0.661095256226,0.260209844297,0.303252617738,1.0,-0.00496,-0.00651885714286,0.249
0.464564855148,0.544242544612,-0.123899353322,-1.36140035404,0.0792936199077,1.89606648647,0.158519125727,-0.00756898127161,-0.0278661168797,-0.000847336605674,-0.0489738067729,-0.00169773510068,0.0183062692593,-0.0122220810701,0.57389165206,0.818917079482,0.00198381699565,0.0,0.818872553702,-0.573831147398,-0.0120955351383,0.0,-0.00876703311994,0.00856618485798,-0.999924876982,0.0,0.661007562295,0.260091258473,0.303237479708,1.0,-0.0053,-0.00696571428571,0.266
0.464494858338,0.543736026694,-0.123900862326,-1.36221705837,0.0792595395997,1.8963506264,0.158431471545,-0.00880404002044,-0.026815574558,0.000154250594556,-0.0475898875916,-0.00258035369116,0.0194331230658,-0.00183436242377,0.573914576461,0.818901048618,0.00196936497099,0.0,0.818856166679,-0.573853969139,-0.0121221820402,0.0,-0.00879690904671,0.00856988861922,-0.999924582856,0.0,0.660910059542,0.259967595121,0.303231839976,1.0,-0.00564,-0.00741257142857,0.283
0.464427305991,0.543228391211,-0.123908552216,-1.3630229691,0.0792157407956,1.89663259112,0.158320077564,-0.00508677559826,-0.031938309198,-0.0010976753754,-0.0496932553804,0.000114079163441,0.0169248795754,-0.00374382969423,0.573917151885,0.818899274661,0.00195643376773,0.0,0.818854185255,-0.57385656403,-0.0121331822464,0.0,-0.00881331146475,0.00856564029215,-0.999924474822,0.0,0.660815849456,0.259841548961,0.303232066227,1.0,-0.00596,-0.00783314285714,0.299
0.464352020884,0.542673649899,-0.123906517848,-1.36391509108,0.0791625612287,1.89695008219,0.15821284545,-0.000663637248388,-0.0377100772851,-0.000564158037945,-0.0560698322873,-0.000755354272038,0.018810735413,-0.00707797138326,0.573921443614,0.818896289322,0.00194699654265,0.0,0.818851026803,-0.573860848842,-0.0121436802947,0.0,-0.00882727959584,0.00856398352685,-0.9999243658,0.0,0.660702817342,0.259699802182,0.303234135983,1.0,-0.00632,-0.00830628571429,0.317
0.464283089057,0.542054328775,-0.123906545221,-1.36484476219,0.0791032579113,1.89729851193,0.158094960403,-0.00587209405552,-0.0406128352843,-7.25001703358e-05,-0.0558106268663,-0.00341662852139,0.0165197539263,-0.00221931523051,0.573920687782,0.818896762395,0.00197067908242,0.0,0.818851847082,-0.573860024633,-0.0121273063444,0.0,-0.00880028738806,0.0085739712803,-0.99992451813,0.0,0.660602967884,0.259573591725,0.303252936844,1.0,-0.00664,-0.00872685714286,0.333
0.464198786009,0.541421666911,-0.123906907159,-1.36580829685,0.0790482443686,1.8976540768,0.15794313337,-0.00661487282092,-0.0407590794409,-5.56789662107e-05,-0.0568543239377,-0.00573604157987,0.0217601754281,-0.00708241805034,0.573904404764,0.818908118149,0.00199377105797,0.0,0.818863469105,-0.573843607182,-0.012119420897,0.0,-0.0087807484406,0.00858818067018,-0.99992456796,0.0,0.660493284873,0.259426862586,0.303272472562,1.0,-0.00698,-0.00917371428571,0.35
0.464117008345,0.540737837155,-0.123900918965,-1.36686871582,0.0789937573114,1.89805238486,0.157825610964,-0.00670605769686,-0.0408379900042,0.00139626679443,-0.0648036397769,-0.00111085025376,0.022919283264,-0.00266352223412,0.573915206131,0.8189004884,0.00201820977843,0.0,0.818856043296,-0.573854186671,-0.0121202186032,0.0,-0.00876726359971,0.00860876677714,-0.999924509262,0.0,0.660368795746,0.259277645785,0.303285483053,1.0,-0.00732,-0.00962057142857,0.367
0.4640281776,0.540010095001,-0.123907209657,-1.36797274835,0.0789175153832,1.89845403586,0.157682174945,-0.00561385479849,-0.0445742685255,-0.000242560607741,-0.0695605057555,-0.00450528927366,0.0253468789073,-0.00342331867925,0.573915560562,0.818900202379,0.00203341835211,0.0,0.818856060463,-0.573854577296,-0.0121005479908,0.0,-0.00874242308837,0.00860993549227,-0.999924716691,0.0,0.660241708137,0.259108774294,0.303309311858,1.0,-0.00766,-0.0100674285714,0.384
0.463927790133,0.5393202531,-0.123909525647,-1.36905968706,0.0788557817905,1.89887218825,0.157549937854,-0.00800602635785,-0.0400801051927,0.000155357061352,-0.0689910684519,-0.00185261399396,0.022402700209,-0.00919726308003,0.573934830786,0.818886651505,0.00205156021975,0.0,0.818842737348,-0.573873757108,-0.0120925306345,0.0,-0.00872524333626,0.008620395679,-0.999924776624,0.0,0.660121928663,0.258939577655,0.303315717997,1.0,-0.00798,-0.010488,0.4
0.463808105341,0.538511397824,-0.123910427892,-1.37031208432,0.0787935870457,1.89935574263,0.157398852739,-0.00671484092588,-0.0442980070828,0.000314925957604,-0.0724778249554,-0.00664966800474,0.0208219787678,-0.00295053980481,0.573962420572,0.818867212707,0.0020915604406,0.0,0.818823726447,-0.573901076783,-0.012083293288,0.0,-0.00869443130077,0.00864814208164,-0.999924805424,0.0,0.659984515375,0.258744760757,0.303332964855,1.0,-0.00834,-0.0109611428571,0.418
0.463695079514,0.537724021984,-0.123913379945,-1.3715344571,0.0787141714907,1.89983076768,0.157248340389,-0.00451935375872,-0.0485712689008,0.00132475756911,-0.0725013389193,-0.00500645782745,0.0245601889286,-0.00740935460964,0.573980088466,0.818854754283,0.00212045612155,0.0,0.818811736899,-0.573918709992,-0.0120582228845,0.0,-0.00865713037187,0.00865760088352,-0.999925047211,0.0,0.65985121714,0.258553087594,0.303348481974,1.0,-0.00868,-0.011408,0.435
0.463577324868,0.53695311461,-0.123915391954,-1.37276146572,0.0786517567981,1.90029062931,0.157086236636,-0.00665797774287,-0.0462461170235,0.00657965297455,-0.0751725816149,-0.000768577163877,0.0275423966449,-0.0188915587991,0.573996126174,0.818843491323,0.00212855738096,0.0,0.818800478127,-0.573934609476,-0.0120659838624,0.0,-0.00865866630912,0.00866885869914,-0.999924936376,0.0,0.65971317571,0.258359804219,0.303348718778,1.0,-0.009,-0.0118285714286,0.451
0.463462391968,0.536105740026,-0.123923254642,-1.37407652385,0.0785702583784,1.90078773799,0.156931576194,-0.00580401569949,-0.0505081561065,-0.000607972793191,-0.0794772292752,-0.000963650911886,0.0316150540074,-0.00994486694415,0.574019652286,0.818826944388,0.00214961267132,0.0,0.818784270377,-0.573958107632,-0.012048077376,0.0,-0.00863166894898,0.00867606927,-0.999925107252,0.0,0.659565544876,0.258155002993,0.303364271058,1.0,-0.00934,-0.0122754285714,0.468
0.463340007018,0.535210026553,-0.1239256868,-1.37548768009,0.0784944975967,1.90129055987,0.156762525527,-0.00953303516501,-0.0557343048801,0.000371636668535,-0.0767423621131,0.000563484880516,0.0269349507716,-0.00626098442754,0.574040207544,0.8188125503,0.00214347730525,0.0,0.818769678121,-0.573978567712,-0.0120650279193,0.0,-0.00864885276365,0.00868099249008,-0.999924916039,0.0,0.659398047109,0.257939001578,0.303368368843,1.0,-0.00968,-0.0127222857143,0.485
0.463229793946,0.534374277382,-0.123936986442,-1.37686925069,0.0784130608516,1.90180096383,0.156587022202,-0.00821767707834,-0.0538182661788,0.000799345894265,-0.0905846665031,-0.00920292220819,0.0328946659953,-0.0151215675806,0.574048668455,0.818806705852,0.00210988111457,0.0,0.818763404125,-0.573987180344,-0.0120810499313,0.0,-0.008681167125,0.00866277085543,-0.999924794041,0.0,0.659236215365,0.257728209059,0.30334502611,1.0,-0.01,-0.0131428571429,0.501
0.463098028086,0.533450354967,-0.123932798565,-1.37834858066,0.0783253745307,1.90234329868,0.156410349504,-0.00778251014002,-0.0590991646616,0.000227189889583,-0.0877606284563,-0.00831774697764,0.0284419201082,-0.015488049432,0.574066366264,0.818794324342,0.00209963135647,0.0,0.818750823834,-0.574004855301,-0.0120938605707,0.0,-0.0086973532527,0.00866192026358,-0.999924660754,0.0,0.659062345535,0.257502938242,0.303339427922,1.0,-0.01034,-0.0135897142857,0.518
0.462968621123,0.532447486899,-0.123934931182,-1.37998094682,0.0782463262594,1.90295609681,0.156206234926,-0.0109930573535,-0.0561943681318,0.000438003148391,-0.0976558720836,-0.000457155371739,0.0281988204683,-0.01681186535,0.574074820127,0.818788412641,0.00209359079317,0.0,0.818744649751,-0.574013151683,-0.0121180485302,0.0,-0.00872053696814,0.00867094973357,-0.999924380574,0.0,0.658868921899,0.257264603818,0.30332281413,1.0,-0.0107,-0.0140628571429,0.536
0.462853930778,0.531578984205,-0.123933781516,-1.38135740392,0.0781656063114,1.90346003202,0.156021638524,-0.00515605721111,-0.0588825313241,9.04845062723e-05,-0.0932099208264,-0.0120905917379,0.0334959728501,-0.0151932987945,0.574070116425,0.81879171618,0.00209137373919,0.0,0.818747867156,-0.57400840142,-0.0121256764246,0.0,-0.0087281053558,0.00867346325623,-0.99992429274,0.0,0.658705049847,0.257058870455,0.303323493887,1.0,-0.011,-0.0144571428571,0.551
0.462714155902,0.530498754013,-0.123935913253,-1.38310080237,0.0780507173716,1.90406268048,0.155800994924,-0.0112164466861,-0.058584639698,-0.000174530435927,-0.0993092903271,-0.00209847891842,0.0357127307119,-0.0222548959553,0.574069112667,0.818792563519,0.00203438162653,0.0,0.818747967804,-0.574007646443,-0.0121545852482,0.0,-0.00878450253338,0.00864338420267,-0.999924059329,0.0,0.658489478899,0.256795152203,0.303307174533,1.0,-0.01136,-0.0149302857143,0.569
0.462571725023,0.529389619418,-0.123934199732,-1.38483954497,0.0779485693572,1.90471314166,0.155573004972,-0.00682628111662,-0.0637689389099,-0.00121154349492,-0.0972979466105,-0.00403328970917,0.0417827756406,-0.0132063129476,0.574064845666,0.818795507786,0.00205336361498,0.0,0.818751112114,-0.574003248703,-0.0121504646548,0.0,-0.00877027734611,0.0086565150249,-0.999924070609,0.0,0.658283895677,0.256538159218,0.303317198205,1.0,-0.01172,-0.0154034285714,0.587
0.46244987705,0.528418713483,-0.123935996505,-1.38633248574,0.0778561255232,1.9052835755,0.155365263745,-0.00662762293219,-0.0602994303163,0.00047636298631,-0.0962600945441,-0.00711072797426,0.0400005933271,-0.0121593717268,0.574051894795,0.818804488813,0.00209238712657,0.0,0.818760644217,-0.57399016895,-0.0121260187584,0.0,-0.00872799699152,0.00867429528335,-0.999924286469,0.0,0.6581107246,0.256316201759,0.303339776417,1.0,-0.01202,-0.0157977142857,0.602
0.462297333748,0.527299498236,-0.123931770564,-1.38807336362,0.0777420885459,1.90594801522,0.15511966103,-0.00760974053438,-0.0659811267697,0.00120648426562,-0.104714074626,-0.00571417336857,0.0367415871517,-0.0121441020798,0.574036238346,0.818815383525,0.0021240690864,0.0,0.818772020224,-0.57397444418,-0.0121021993326,0.0,-0.00869047293329,0.00868639655762,-0.999924508248,0.0,0.657909397122,0.256052984277,0.303356464612,1.0,-0.01236,-0.0162445714286,0.619
0.462150153424,0.526117236974,-0.123942407447,-1.3898923809,0.0776344130803,1.90663369605,0.154870645263,-0.0123078614084,-0.0682639412291,-0.000570007456229,-0.109614898694,-0.0080496888974,0.0374343090823,-0.0102879252639,0.574029583628,0.818819943815,0.00216416985366,0.0,0.818777134463,-0.573967648529,-0.0120784694173,0.0,-0.00864809467038,0.00870553917038,-0.999924709189,0.0,0.657696767872,0.255778696277,0.303382365454,1.0,-0.0127,-0.0166914285714,0.636
0.46200149168,0.525011237935,-0.12394483199,-1.39162214749,0.077523534023,1.90725283618,0.154644098517,-0.0100239641839,-0.0703324988727,-0.0008942150971,-0.112221112166,-0.000862948113505,0.0384432425486,-0.0179877522318,0.574030589012,0.818819258556,0.00215675624999,0.0,0.818776362542,-0.573968695651,-0.0120810371064,0.0,-0.0086544418992,0.00870095340362,-0.999924694187,0.0,0.657487915629,0.255512837316,0.303390757386,1.0,-0.01302,-0.017112,0.652
0.461839298126,0.523840778647,-0.123953743338,-1.39351710177,0.0774004879797,1.90793121813,0.154381195555,-0.0065438921382,-0.0715336651466,4.80125047855e-06,-0.111560853643,-0.00102986535225,0.0377563381279,-0.0124215408448,0.574022915698,0.818824758599,0.00211041704829,0.0,0.81878129882,-0.573961263913,-0.0120995508523,0.0,-0.00869628159971,0.00867355646353,-0.999924569207,0.0,0.657258789675,0.25521763836,0.303370943988,1.0,-0.01336,-0.0175588571429,0.669
0.461666791575,0.52254467031,-0.123960713865,-1.39556368778,0.0772836928057,1.9087109827,0.154105145722,-0.00686995309223,-0.0745563055821,-0.00361885536003,-0.108144982457,-0.000582484840611,0.0450985568985,-0.00912180407896,0.574021448255,0.81882572099,0.00213599856132,0.0,0.818782565384,-0.573959656532,-0.0120900867694,0.0,-0.00867386401396,0.00868905478984,-0.999924629365,0.0,0.657018726219,0.254908324762,0.303375688282,1.0,-0.01372,-0.018032,0.687
0.461510093213,0.521381447586,-0.123955093784,-1.39742966557,0.0771661968849,1.90944535376,0.153862905491,-0.0108833424618,-0.0744840439636,0.00115920812004,-0.117090435451,-0.0119257711959,0.0438824307859,-0.0172431143395,0.574015771782,0.818829640923,0.00215865520104,0.0,0.818786826002,-0.573953928829,-0.012073443917,0.0,-0.00864729160079,0.00869799313189,-0.999924781803,0.0,0.656801134238,0.254633269567,0.303368332198,1.0,-0.01404,-0.0184525714286,0.703
0.461345986943,0.520102480431,-0.123968286276,-1.39946127754,0.0770387241227,1.91018337782,0.153573801488,-0.0125436791455,-0.078973765174,-0.0039459323847,-0.121351474941,-0.00871101279506,0.0458634368979,-0.0205271927056,0.573996588126,0.81884313599,0.00214064532536,0.0,0.818800126737,-0.573934865541,-0.0120776435175,0.0,-0.00866127126256,0.00868545405725,-0.999924769804,0.0,0.656554280254,0.254322974406,0.30336401303,1.0,-0.01438,-0.0188994285714,0.72
0.461179520156,0.518756049431,-0.123961539237,-1.40154498299,0.0769064673957,1.91092317846,0.153295405474,-0.00471259687507,-0.0835025789135,0.00307954541325,-0.12170626749,-0.0021667210566,0.0469708608777,-0.0225750708945,0.573974917735,0.818858321039,0.00214260983394,0.0,0.818815277439,-0.573913129347,-0.01208338935,0.0,-0.00866507883049,0.00869013138573,-0.999924696177,0.0,0.656292851083,0.25401687341,0.303381354295,1.0,-0.01472,-0.0193462857143,0.737
0.461007540695,0.517484714036,-0.123970042728,-1.40353776303,0.0767729175239,1.91164251445,0.153034313894,-0.0114119554736,-0.0826125417776,-0.000215680226224,-0.128576934024,-0.00540682953585,0.0469708405205,-0.017173215248,0.573977351804,0.81885664204,0.00213220658354,0.0,0.818813555343,-0.573915700608,-0.0120779585567,0.0,-0.00866657660969,0.00867852140943,-0.999924784029,0.0,0.656051080782,0.253706520954,0.303387599799,1.0,-0.01504,-0.0197668571429,0.753
0.460825966782,0.516125341103,-0.123968330122,-1.40569011907,0.0766363199877,1.91244046025,0.152726142091,-0.0143009912617,-0.0871279414647,-0.00025057771003,-0.130295691751,-0.0055292553334,0.0488395136365,-0.0219305736687,0.573949351642,0.818876265966,0.00213299986821,0.0,0.818833193252,-0.573887704264,-0.0120768962803,0.0,-0.00866554817153,0.00867826496669,-0.999924795168,0.0,0.655789061648,0.253382917201,0.303385787451,1.0,-0.01538,-0.0202137142857,0.77
0.460633384648,0.514663539542,-0.123971486742,-1.40803530162,0.0764915297826,1.91331676209,0.152407823136,-0.0179271209434,-0.0837394109228,-0.000119578239877,-0.13182749107,-0.0107452029961,0.0533457333778,-0.0238239101026,0.573933235833,0.818887586467,0.00212330815209,0.0,0.818844383994,-0.573871628847,-0.012082024153,0.0,-0.0086754803204,0.00867310115745,-0.999924753848,0.0,0.655503105155,0.253031756959,0.30337056094,1.0,-0.01574,-0.0206868571429,0.788
0.460470097117,0.513436120654,-0.12397138056,-1.41002586406,0.0763771748487,1.91399462136,0.152128361648,-0.00887653418526,-0.0811462674983,-0.000359649184046,-0.130322615401,-0.0126871042472,0.0426890639923,-0.0171133621959,0.573911476458,0.818903008852,0.00205576852065,0.0,0.818858717902,-0.573849960936,-0.0121395778696,0.0,-0.00876160284638,0.0086505935846,-0.9999241979,0.0,0.655244962161,0.252732280351,0.303342133075,1.0,-0.01604,-0.0210811428571,0.803
0.460259979209,0.511910528005,-0.123976822674,-1.41244699582,0.0762387936896,1.91487159134,0.151795824963,-0.00954159952882,-0.0911890632772,-1.98137572302e-05,-0.131029688711,-0.00978766757205,0.0502882043566,-0.0126306347502,0.573904577456,0.818907874052,0.00204369580488,0.0,0.818863288285,-0.57384298103,-0.0121612138879,0.0,-0.00878632248174,0.00865305038274,-0.999923959737,0.0,0.654945558138,0.252361347085,0.303334676756,1.0,-0.0164,-0.0215542857143,0.821
0.460059752106,0.510453885964,-0.123982177772,-1.41476715906,0.0760846025321,1.91576841736,0.151461921641,-0.0127613359943,-0.0921970863649,-0.00288116349644,-0.135323121603,-0.0117127067558,0.0533144141414,-0.0217454448061,0.573878612306,0.818926026382,0.00206120202603,0.0,0.818881821984,-0.573817092471,-0.0121347810943,0.0,-0.00875490366805,0.00865193878224,-0.999924244939,0.0,0.6546697442,0.252006860499,0.303328180087,1.0,-0.01674,-0.0220011428571,0.838
0.459870843157,0.509045887291,-0.123986083417,-1.41700088154,0.0759537305685,1.91657808419,0.151153687159,-0.0129950806395,-0.0931404875606,0.000483465961366,-0.139812346241,-0.00495107968353,0.0608644798077,-0.0249607108758,0.573864587262,0.81893588362,0.00204961169936,0.0,0.818891422352,-0.573803016261,-0.0121525235996,0.0,-0.00877623324667,0.00865247896645,-0.999924053285,0.0,0.654390518152,0.251668204254,0.303320726693,1.0,-0.01706,-0.0224217142857,0.854
0.459663968332,0.507531496982,-0.123989631108,-1.41938432855,0.0758010922892,1.91742770226,0.150817925886,-0.0153161666007,-0.0934678022307,-0.000862058414055,-0.140958312007,-0.00484298883665,0.054596627694,-0.0210092352903,0.57384370831,0.81895056443,0.00202937294928,0.0,0.818905819093,-0.573782210515,-0.0121647545611,0.0,-0.00879808390755,0.00864269958405,-0.99992394584,0.0,0.654090968466,0.25130095596,0.303319374964,1.0,-0.0174,-0.0228685714286,0.871
0.459447627932,0.505967292909,-0.123995614114,-1.4218188913,0.0756486336711,1.91833105734,0.150493464981,-0.0111151393628,-0.0945926456982,-0.00112128649749,-0.147077385846,-0.0084333250738,0.0520014141675,-0.0194763117046,0.573844106027,0.818950225034,0.00205372729443,0.0,0.818905822481,-0.573782524328,-0.0121497153379,0.0,-0.0087717881629,0.00865401839243,-0.999924078967,0.0,0.653793155899,0.250924389203,0.303332708688,1.0,-0.01774,-0.0233154285714,0.888
0.459220947624,0.50432961512,-0.123999893157,-1.42430362594,0.0754957754522,1.91928749475,0.150150685572,-0.00855479746802,-0.100876804939,-0.00198509582865,-0.144176701574,-0.00360645721933,0.0540793523149,-0.0207293499323,0.573838993319,0.818953574431,0.00214466187586,0.0,0.818910419187,-0.573777074752,-0.0120971375474,0.0,-0.00867660326886,0.00869826265652,-0.999924525543,0.0,0.653497052336,0.250540642161,0.303377418223,1.0,-0.01808,-0.0237622857143,0.905
0.458990990564,0.502661267076,-0.124010563249,-1.42677112517,0.0753265336732,1.92023266918,0.149800044839,-0.0167297718307,-0.0980045482715,-0.00227381227497,-0.146317280772,-0.0115462146544,0.0512444862694,-0.0218476809343,0.573828565944,0.818960578485,0.0022571431519,0.0,0.818919138916,-0.573766424581,-0.0120116960149,0.0,-0.00854219702467,0.0087412403211,-0.999925308004,0.0,0.653205715185,0.250150196544,0.303450245548,1.0,-0.01842,-0.0242091428571,0.922
0.458741365832,0.50084285196,-0.124015515258,-1.42949548754,0.0751559530357,1.92118550405,0.149417888894,-0.0187066014522,-0.0981631911685,-0.00157186583875,-0.151660992691,-0.00453083080499,0.0427253469459,-0.0194883304723,0.573816275278,0.818969075912,0.00229822266589,0.0,0.81892811218,-0.573753904639,-0.011997953725,0.0,-0.00850750264252,0.008766869056,-0.999925379419,0.0,0.652860539907,0.249722275183,0.30350540863,1.0,-0.01878,-0.0246822857143,0.94
0.458529673155,0.499334815051,-0.12401559191,-1.43179046822,0.0750066900575,1.92202444962,0.149098069309,-0.0169649594559,-0.0994891088952,0.00173988954961,-0.151198411962,-0.00590329242048,0.0566103086432,-0.0271352779529,0.573804139558,0.818977463134,0.00233906096252,0.0,0.81893706084,-0.573741633884,-0.0119739230086,0.0,-0.00846451939921,0.0087863994643,-0.999925572778,0.0,0.652575121356,0.249364579594,0.303537755893,1.0,-0.01908,-0.0250765714286,0.955
0.458279045081,0.497663933738,-0.124019075744,-1.43443550442,0.074850462836,1.92301162798,0.148708253285,-0.0131268501273,-0.094840126986,0.0013380019853,-0.155263477266,-0.00451916375826,0.0619677132353,-0.0200255671505,0.573784989339,0.818990843599,0.00235181019073,0.0,0.81895052504,-0.573722348769,-0.0119771015561,0.0,-0.00846001332233,0.00879846667695,-0.999925504805,0.0,0.652248891756,0.248949082761,0.303529588068,1.0,-0.01942,-0.0255234285714,0.972
0.458012081006,0.495981905993,-0.124022142353,-1.43711342121,0.0746862912027,1.92394550412,0.148310417609,-0.0205315634285,-0.0937890917958,0.00075874531771,-0.162563158666,-0.008109670962,0.0535368681571,-0.0231405558357,0.573770833573,0.819000906733,0.00230048105608,0.0,0.818959773281,-0.573708254277,-0.0120198012984,0.0,-0.00852458731614,0.00878078191173,-0.999925111836,0.0,0.651907473748,0.248514797098,0.303508262604,1.0,-0.01976,-0.0259702857143,0.989
0.457756457005,0.494403444572,-0.124027973547,-1.4396924294,0.0745264487786,1.9248455218,0.147944769926,-0.0142349044377,-0.10011140066,-0.000278540526541,-0.161667971092,-0.00378087041185,0.0584833131523,-0.0177099712415,0.573771479937,0.819000693568,0.00221351494373,0.0,0.818958297002,-0.573709134039,-0.0120782528693,0.0,-0.00862234974247,0.0087431017844,-0.999924603786,0.0,0.651576867965,0.24809519523,0.303458492987,1.0,-0.0212965714286,-0.0279897795918,1.005
0.457469225205,0.492378526448,-0.124081380807,-1.44281422646,0.0743349392153,1.92600423333,0.147505954655,-0.019403034946,-0.134061340804,-0.00273008672832,-0.202805466943,-0.00884076575515,0.0723418184879,-0.0292556430094,0.573790791439,0.818987051731,0.00225469694753,0.0,0.81894538515,-0.573728465571,-0.0120353992692,0.0,-0.0085634172162,0.00875244344373,-0.999925028499,0.0,0.651196814331,0.247581099094,0.303484195791,1.0,-0.026892,-0.0353437714286,1.022
0.45708875055,0.489819596615,-0.124085948794,-1.44695946602,0.0740988025678,1.9275259521,0.146888508156,-0.0244097322167,-0.149524283874,-0.000403059081552,-0.251357417547,-0.0158095110741,0.0916312101456,-0.0343736206644,0.573743728333,0.819020150206,0.00220786252472,0.0,0.818977577697,-0.573681306603,-0.0120926665992,0.0,-0.00863769445887,0.00874644991877,-0.99992444207,0.0,0.650666651251,0.246938289262,0.30342341546,1.0,-0.0328165714286,-0.0431303510204,1.04
0.456680550609,0.487209686008,-0.124112474181,-1.4510838484,0.0738588105522,1.92903223083,0.14629732654,-0.0311395042925,-0.185101960225,-0.00208074908263,-0.287946814852,-0.015678009484,0.110331465185,-0.0398492427534,0.573753186775,0.819013536849,0.00220318535942,0.0,0.818970763303,-0.573690642238,-0.0121112660024,0.0,-0.00865551062593,0.00875339039015,-0.999924227275,0.0,0.650148821211,0.246266379072,0.303405657619,1.0,-0.0377537142857,-0.0496191673469,1.055
0.456124689549,0.483591068054,-0.124182015323,-1.45669035748,0.0735155504791,1.93110320768,0.145445500047,-0.0329919705961,-0.215262222119,2.98175275926e-05,-0.330509933234,-0.0212050383088,0.113858597761,-0.0480105028685,0.573744783561,0.819019264079,0.00226170411682,0.0,0.818977420527,-0.573682159894,-0.0120627934881,0.0,-0.00858232617897,0.00877341835806,-0.999924682567,0.0,0.649455284603,0.245333031411,0.303430974543,1.0,-0.0436782857143,-0.0574057469388,1.073
0.455455236659,0.479429889641,-0.124260334529,-1.46322360513,0.0731264776941,1.93338250686,0.144461318653,-0.0384370203302,-0.245988531597,-0.00267616557423,-0.383110247035,-0.0260955364629,0.139007985952,-0.0572962359814,0.57375745903,0.819010603115,0.00218107614132,0.0,0.818967525211,-0.573694993585,-0.0121241035399,0.0,-0.00867866398073,0.00874269369378,-0.99992412017,0.0,0.648615882033,0.244225959528,0.303406571831,1.0,-0.0496028571429,-0.0651923265306,1.091
0.454828463328,0.475537501166,-0.124324096691,-1.46919398597,0.0727508574729,1.93556863849,0.143612111999,-0.0428029411452,-0.271467947641,-0.00227705140347,-0.411716801311,-0.0271093856793,0.15184684404,-0.0549902826364,0.573808823575,0.818974405043,0.00225937450679,0.0,0.818932528814,-0.573746199117,-0.0120647896602,0.0,-0.00858461167862,0.00877332695368,-0.99992466375,0.0,0.647868202575,0.243214703529,0.303451240894,1.0,-0.05454,-0.0716811428571,1.106
0.454027739928,0.470752554945,-0.124372342085,-1.47660768079,0.0723193321681,1.93820966922,0.142512011855,-0.0480913681374,-0.293640723784,-0.00337197515773,-0.451526673113,-0.0237263295528,0.160393102544,-0.0710472809259,0.573837647531,0.818954143752,0.00228289476724,0.0,0.818912184625,-0.573774520757,-0.0120987645441,0.0,-0.008598632057,0.00881238659089,-0.999924199812,0.0,0.646911685222,0.241963890104,0.303461211768,1.0,-0.0601354285714,-0.0790351346939,1.123
0.453146969093,0.465437913869,-0.124410684816,-1.48458258945,0.0718084677903,1.94119922388,0.14121459806,-0.0529463210895,-0.316588936756,-0.00146775513127,-0.489380004665,-0.0368110086339,0.172421080253,-0.0741705735189,0.573763624472,0.819005209198,0.00255292786921,0.0,0.818967008044,-0.573699652907,-0.0119371224017,0.0,-0.00831211163126,0.00894002243689,-0.999925489624,0.0,0.645910203768,0.240619837156,0.303593267743,1.0,-0.0657308571429,-0.0863891265306,1.14
0.452225831933,0.460094358557,-0.124433820792,-1.49288701884,0.0712714599124,1.94403730012,0.139971656288,-0.0603134382804,-0.346848813976,-0.000311805368032,-0.532719149111,-0.0319663587199,0.184326279407,-0.0747334968001,0.573758095596,0.819009402697,0.00244804677259,0.0,0.818969473224,-0.573694160079,-0.012031605032,0.0,-0.00844973019719,0.00890827787785,-0.999924619481,0.0,0.644792570819,0.239208450793,0.303568720343,1.0,-0.0709971428571,-0.0933105306122,1.156
0.45116515736,0.454022144841,-0.124501949696,-1.50231378169,0.0706437765429,1.9472891129,0.13852499865,-0.0611063778074,-0.361691381415,-0.00174774094873,-0.568404209213,-0.0461419979693,0.196738916375,-0.0890976809801,0.573755251683,0.819011662909,0.0023567110377,0.0,0.818970536942,-0.573691689678,-0.0120769084096,0.0,-0.00853926770939,0.00885943709966,-0.999924292775,0.0,0.643460455155,0.237473006413,0.303550093959,1.0,-0.0769217142857,-0.101097110204,1.174
0.449937522503,0.446987622751,-0.124555636918,-1.51268420847,0.0699267220147,1.95121794214,0.136886651686,-0.0718098596523,-0.39357992891,0.000167474379881,-0.591897280446,-0.0419366695729,0.218772629614,-0.0905555896976,0.573731193289,0.819027098495,0.00280654210777,0.0,0.818992595544,-0.573666714741,-0.011763321952,0.0,-0.00802461415492,0.00904769614208,-0.999926869707,0.0,0.642211577672,0.2357745989,0.30377157798,1.0,-0.0825171428571,-0.108451102041,1.191
0.44876282986,0.44053007867,-0.124581873619,-1.5227401746,0.0692538463088,1.95462391521,0.135319991437,-0.0764383900042,-0.404546652604,-0.00113540968165,-0.650147085077,-0.0470618667632,0.218429073013,-0.101412662742,0.573692407184,0.819054829551,0.00263723890962,0.0,0.819017714871,-0.573628105988,-0.0118964552837,0.0,-0.00823121327023,0.00898502444354,-0.999925755476,0.0,0.640814603766,0.234031960468,0.303701074366,1.0,-0.0877834285714,-0.115372506122,1.207
0.447417554032,0.43313378967,-0.12461492744,-1.53390126403,0.0685049498514,1.95851480636,0.133484032035,-0.080081802807,-0.449644074801,-0.00604922774483,-0.663683125156,-0.051600121143,0.242889268116,-0.106647998611,0.573597213456,0.819121166004,0.00273843394673,0.0,0.81908520602,-0.573532362583,-0.0118659702939,0.0,-0.00814924382989,0.00904947245937,-0.999925845687,0.0,0.639281959412,0.232082644328,0.303776007742,1.0,-0.0933788571428,-0.122726497959,1.224
0.445935527423,0.425491815853,-0.124644096518,-1.54561604759,0.0676611161303,1.96263078731,0.131583108597,-0.087461012961,-0.470144252615,-0.000957467111499,-0.708669704737,-0.0456847445388,0.237623562344,-0.11813570383,0.573543883311,0.819158519064,0.00273522615452,0.0,0.819122755606,-0.573479316048,-0.0118377453059,0.0,-0.0081285507893,0.00903012625519,-0.999926189017,0.0,0.637670419332,0.229991735377,0.303761204511,1.0,-0.0989742857143,-0.130080489796,1.241
0.444406992733,0.417901135575,-0.124751007587,-1.5572192547,0.0668239252531,1.96651750709,0.12969813205,-0.0961669990908,-0.485422242179,-0.00738507122566,-0.725326041483,-0.0539475282991,0.252501018989,-0.10875580428,0.57358490684,0.819130279294,0.00258594092593,0.0,0.81909274166,-0.573521082586,-0.0118909751713,0.0,-0.00825732515293,0.00893878142792,-0.999925954643,0.0,0.636042765798,0.22782957873,0.303732757032,1.0,-0.104240571429,-0.137001893878,1.257
0.442681072729,0.409435299694,-0.124828042819,-1.56995700978,0.0659463544502,1.97101970016,0.127567614879,-0.104172163734,-0.495193970241,0.001569874894,-0.766156450659,-0.0469383023468,0.251497026734,-0.126769783218,0.573591578295,0.81912504211,0.00275927520124,0.0,0.819089881044,-0.573527239212,-0.0117906554044,0.0,-0.00807565709763,0.00902328876514,-0.999926679323,0.0,0.63427897688,0.225478727767,0.303793885079,1.0,-0.109836,-0.144355885714,1.274
0.440770780498,0.400647647645,-0.124934871448,-1.58334588756,0.065028619002,1.97543332513,0.125315312814,-0.115648849643,-0.524813473059,-0.0108671782591,-0.797821106258,-0.0526077453316,0.271227785673,-0.135496654944,0.573672725518,0.819068752667,0.00259408969892,0.0,0.819030923697,-0.573608428003,-0.0119358390092,0.0,-0.00828844063318,0.00897207771831,-0.999925399004,0.0,0.632352758646,0.222919101866,0.303738175065,1.0,-0.115431428571,-0.151709877551,1.291
0.438888623623,0.391979068275,-0.125041614949,-1.59618710288,0.0640613194538,1.97994849975,0.12311113922,-0.115680539806,-0.540449680154,-0.00108432998445,-0.80631323455,-0.0673863786905,0.279721651607,-0.14160922573,0.573718494214,0.81903594228,0.00282162212424,0.0,0.819001885989,-0.573654247158,-0.0117244345028,0.0,-0.00798425146682,0.0090376127518,-0.999927283998,0.0,0.630553626432,0.220445439525,0.30385114097,1.0,-0.120697714286,-0.158631281633,1.307
0.436750255675,0.382497516351,-0.125112316722,-1.61046163055,0.0629813526298,1.9846140458,0.120568492559,-0.127228023612,-0.571631802457,-0.00715188675961,-0.847510794355,-0.0589108042486,0.289518445021,-0.153809128307,0.57366840567,0.819071455147,0.00269417905673,0.0,0.819035722123,-0.573604598678,-0.0117897058201,0.0,-0.00811137417434,0.00897018333423,-0.999926868036,0.0,0.628320046858,0.217519540097,0.303833388533,1.0,-0.126622285714,-0.166417861224,1.325
0.434355433948,0.372061068134,-0.125187974699,-1.62597045198,0.0618516896907,1.98985835723,0.117810975343,-0.140009451793,-0.584313932584,-0.00301810131909,-0.893553725288,-0.0713943984269,0.289739595522,-0.161065419424,0.573689294266,0.819056484191,0.00279575573373,0.0,0.819021959309,-0.573624992901,-0.0117534926571,0.0,-0.00802321348154,0.00903281215604,-0.999927015512,0.0,0.626159214154,0.214665103083,0.303865970435,1.0,-0.132217714286,-0.173771853061,1.342
0.432212240001,0.363061684911,-0.125299078355,-1.63926327131,0.0608160841956,1.99423700453,0.115481689503,-0.141481254451,-0.61244607216,-0.00894450041081,-0.883879180462,-0.0692613475931,0.302667038909,-0.156034062687,0.573798984345,0.818979581621,0.0028137792923,0.0,0.818945657538,-0.573735019156,-0.0116997732767,0.0,-0.00796766510927,0.00901782397699,-0.99992759496,0.0,0.624176145148,0.211990917415,0.303909620482,1.0,-0.137154857143,-0.180260669388,1.357
0.429489083909,0.352010293812,-0.125401751477,-1.65581730434,0.0595517394138,1.99955925271,0.112400312665,-0.152497054937,-0.627910220123,-0.00490001272294,-0.944842567169,-0.0709255754015,0.296824557066,-0.169093600953,0.573793004868,0.81898438939,0.0026276227711,0.0,0.81894773307,-0.573729364204,-0.0118310629827,0.0,-0.00818206908111,0.00894063902641,-0.999926556663,0.0,0.621632881538,0.208657873719,0.303821439036,1.0,-0.143079428571,-0.18804724898,1.375
0.426735104926,0.341116742034,-0.125522889855,-1.67163117245,0.0583597241985,2.00474898182,0.109423288392,-0.170343201344,-0.650367535225,-0.00814065373982,-0.945665282764,-0.0739059346385,0.313336604364,-0.174774581969,0.5738873421,0.818917600958,0.00283342890443,0.0,0.818883582924,-0.573822901058,-0.0117346811261,0.0,-0.00798400423877,0.00905480770821,-0.999927130412,0.0,0.619221231949,0.205395214646,0.303936223218,1.0,-0.148674857143,-0.195401240816,1.392
0.424071047697,0.330748087687,-0.125552582992,-1.68700278362,0.0571179740702,2.00958032006,0.106453361592,-0.168441493505,-0.666245837769,-0.0057505849908,-0.958265919326,-0.0852847078003,0.302042959727,-0.187608155178,0.573788694205,0.818987331515,0.00265181474858,0.0,0.818950645414,-0.573724586268,-0.0118611293667,0.0,-0.00819286110726,0.00897766017874,-0.999926136594,0.0,0.616766473363,0.202273715376,0.303855627873,1.0,-0.153941142857,-0.202322644898,1.408
