position_joint1,position_joint2,position_joint3,position_joint4,position_joint5,position_joint6,position_joint7,velocity_joint1,velocity_joint2,velocity_joint3,velocity_joint4,velocity_joint5,velocity_joint6,velocity_joint7,ee_T_00,ee_T_10,ee_T_20,ee_T_30,ee_T_01,ee_T_11,ee_T_21,ee_T_31,ee_T_02,ee_T_12,ee_T_22,ee_T_32,ee_T_03,ee_T_13,ee_T_23,ee_T_33,v_x,v_y,time
0.465077257932,0.547873381027,-0.123918642461,-1.35586532793,0.0794771203109,1.89409275355,0.159167892241,-0.00173077922904,-0.00038812580645,-0.00163988424452,-0.0010251154797,-0.000358003447608,0.000184047063061,0.000887322893408,0.573756926998,0.819011825061,0.00183467525378,0.0,0.818966971133,-0.573698650924,-0.0119877029476,0.0,-0.00876568851806,0.00838072739554,-0.999926460353,0.0,0.661649949707,0.260923961509,0.303130650853,1.0,0.0,0.0,0.0
0.465079055024,0.547877621109,-0.123913987982,-1.35586323354,0.0794745698516,1.89409161571,0.159163258965,-0.000156133388244,0.00116917399486,0.000103140296164,-0.000548987843842,0.000228785782618,-0.000360040421372,-0.00219172087461,0.573747617341,0.819018353848,0.00183154474832,0.0,0.818973458445,-0.573689355288,-0.0119893658351,0.0,-0.00876894177339,0.0083790179402,-0.999926446154,0.0,0.661648695106,0.260927545549,0.303128386389,1.0,-0.00014,-0.000184,0.008
0.4650786303,0.547865874627,-0.123911728132,-1.35586580332,0.0794746482438,1.89409431108,0.159165093731,0.000894162810603,-0.00109463827475,0.000967587736209,-0.000789244418062,-5.53609324535e-05,0.00562552499376,-0.00079262173782,0.573748049372,0.819018026555,0.00184253126539,0.0,0.818973263651,-0.573689729628,-0.0119847589176,0.0,-0.00875886096917,0.00838537733946,-0.999926481198,0.0,0.661648544241,0.260928620392,0.303135643975,1.0,-0.00048,-0.000630857142857,0.025
0.465072794221,0.547853437859,-0.123914328638,-1.35587812141,0.0794758542692,1.89409105216,0.1591672365,-0.000902807471157,-0.00258651602528,-0.000176711355035,-0.00100970268904,0.000326879305258,-0.000288816332723,4.75916311844e-06,0.573757347805,0.819011516764,0.00184069240312,0.0,0.818966715522,-0.57369902109,-0.0119874504733,0.0,-0.00876202526059,0.0083855150493,-0.999926452321,0.0,0.661647451691,0.260921928867,0.303138397122,1.0,-0.0008,-0.00105142857143,0.041
0.465077889975,0.547800693247,-0.123911149395,-1.35593701582,0.0794741756955,1.89410182751,0.159163551938,0.00124893921089,-0.00160086390913,0.000162581994631,-0.00722148088644,2.48934231193e-05,0.000900519909033,-0.000608777463205,0.573750686501,0.819016168503,0.00184726068313,0.0,0.818971404199,-0.57369228567,-0.011989469066,0.0,-0.00875997847,0.00839198135462,-0.999926416006,0.0,0.661635529837,0.260921303813,0.303148559569,1.0,-0.00112,-0.001472,0.057
0.465080038032,0.547678633534,-0.123913965899,-1.35609288657,0.0794754979544,1.89413366058,0.159164634132,-0.00105900534956,-0.00810465064118,-0.000143215956481,-0.00821333236628,0.000254516872198,0.000867802840268,0.00028831213744,0.573760642299,0.819009182921,0.00185217212049,0.0,0.818964363922,-0.57370210527,-0.0120004973104,0.0,-0.00876609122641,0.00840243778022,-0.999926274624,0.0,0.661609382774,0.260906573125,0.303163701782,1.0,-0.00144,-0.00189257142857,0.073
0.465062332932,0.547528581936,-0.123913974668,-1.35631035807,0.0794716755299,1.89419579621,0.159161928275,0.000767896994887,-0.00694974116434,-0.00256413707827,-0.0150486516381,0.000249513523151,0.0114502238179,-0.00150558407415,0.573783950422,0.818992850911,0.00185345536363,0.0,0.818947938719,-0.573725299597,-0.012012542257,0.0,-0.00877498094154,0.00841064933144,-0.999926127615,0.0,0.661580711106,0.260874610968,0.303171880172,1.0,-0.0018,-0.00236571428571,0.091
0.465042819724,0.54734149952,-0.123909338485,-1.35651843628,0.0794659357003,1.89432468017,0.159148731789,-0.000448230845287,-0.0144698194456,0.000416454075642,-0.0131718616783,0.000602599890151,0.00436107207262,0.0012149809323,0.573796288262,0.818983984266,0.001949357583,0.0,0.81894031237,-0.57373721582,-0.0119632295207,0.0,-0.00867944149137,0.00846102710353,-0.999926536459,0.0,0.661568007329,0.260849989541,0.30321639138,1.0,-0.00214,-0.00281257142857,0.108
0.465023022278,0.54716382275,-0.123914311178,-1.35674630298,0.0794617293942,1.89444299565,0.159131548919,-0.000282931786284,-0.00790588893435,-0.000577169149045,-0.018012309175,-0.000335241465547,0.0105427919054,-0.00238433300502,0.573813728158,0.818971617076,0.00201064734667,0.0,0.818928731788,-0.573754385168,-0.0119325040522,0.0,-0.00861893034833,0.00849377504962,-0.999926782232,0.0,0.66155058739,0.260816667184,0.303244219435,1.0,-0.00246,-0.00323314285714,0.124
0.464985398608,0.546931216904,-0.123904127693,-1.35707843533,0.0794541094293,1.89457318451,0.159099406408,-0.00166303044895,-0.011562018248,0.00250156398123,-0.0178485628443,-0.00114032347874,0.0101784986524,-0.00695078455163,0.573827681644,0.818961752564,0.00204609820181,0.0,0.818919175721,-0.573768038486,-0.0119318292877,0.0,-0.00859789160896,0.00852256707661,-0.99992671837,0.0,0.661514409793,0.260768915035,0.303261842284,1.0,-0.0028,-0.00368,0.141
0.464955213925,0.546672231941,-0.123910381809,-1.35747656793,0.0794458030481,1.8947225519,0.15900214878,-0.00110555647184,-0.0170592513816,0.000589598586122,-0.0279539075672,-0.000178637292385,0.00635344690104,-0.00673180281261,0.573797204628,0.818983065605,0.00206230804036,0.0,0.818940585278,-0.573737384482,-0.0119364288266,0.0,-0.00859267528738,0.00853816163363,-0.999926630172,0.0,0.661469458469,0.260710269106,0.303268929335,1.0,-0.00314,-0.00412685714286,0.158
0.464914327424,0.546402843259,-0.123915031439,-1.35788800813,0.0794330184595,1.89486904116,0.158942823986,-0.00327720504119,-0.0152556068424,-0.00147236509467,-0.0317443029882,-5.90302789068e-05,0.00967626477854,0.000531163796063,0.573804925248,0.818977632203,0.00207186245451,0.0,0.818935180558,-0.573744969393,-0.0119426563833,0.0,-0.00859221321317,0.00854964071361,-0.999926536059,0.0,0.661423797122,0.260643108666,0.303276723087,1.0,-0.00346,-0.00454742857143,0.174
0.464869610686,0.546090046145,-0.12391046165,-1.35838522691,0.0794026996914,1.89504563264,0.158915075309,-0.000878955408718,-0.0196449452646,-0.0052984321334,-0.0315069776582,-0.0072404350033,0.01669032677,0.000850610815669,0.573835331424,0.818956343495,0.00206561383371,0.0,0.818913779037,-0.573775366432,-0.0119498234529,0.0,-0.00860135098871,0.00854895512602,-0.99992646336,0.0,0.661365420092,0.260568343501,0.30327668738,1.0,-0.0038,-0.00499428571429,0.191
0.464810157689,0.545734648238,-0.123912564687,-1.35900215099,0.0793175463627,1.89524808662,0.158816765098,-0.00205961804683,-0.0220564861963,-0.000410438972799,-0.0310637940697,-0.00591456968543,0.00795609557406,-0.0105539904298,0.573816711857,0.818969581323,0.00198820601943,0.0,0.818926408185,-0.573757466402,-0.0119438112411,0.0,-0.00864103640983,0.00848191621079,-0.999926692107,0.0,0.66129421658,0.260459189309,0.303252183244,1.0,-0.00416,-0.00546742857143,0.209
0.464746483701,0.545372274124,-0.123915485052,-1.35962942325,0.079284231728,1.89545363962,0.158753677301,-0.000718885078009,-0.0257233917171,0.000557169670108,-0.0438915375347,-0.000638371956046,0.0108724446406,0.000878064345776,0.573845281791,0.818949681013,0.00193892654631,0.0,0.818905795544,-0.573786171878,-0.0119780586023,0.0,-0.00869706547645,0.00846151351024,-0.999926379211,0.0,0.661219748934,0.260354245154,0.30322805877,1.0,-0.00448,-0.005888,0.225
0.464687464609,0.544950579065,-0.123912710031,-1.36032796752,0.0792627562052,1.89568325692,0.158646617399,-0.000237929785527,-0.031526459536,0.0016857411562,-0.0371311914356,1.52939474371e-05,0.0149324251473,-0.00905034789035,0.573837104273,0.8189554763,0.00191115112022,0.0,0.81891097305,-0.57377786636,-0.0120218631773,0.0,-0.00874896291694,0.00846381673181,-0.999925906982,0.0,0.661132008074,0.260251554406,0.303213894906,1.0,-0.00482,-0.00633485714286,0.242
0.464617981843,0.544523677624,-0.123915779409,-1.36105788995,0.0792385518514,1.89595721696,0.158562590589,-0.000754041942423,-0.0231249099264,0.00226010260166,-0.0452974549945,-0.00358971496833,0.0195728605409,-0.00547430134807,0.573861700349,0.818938279353,0.00189483069848,0.0,0.818893391395,-0.573802364308,-0.0120501927163,0.0,-0.00878127482099,0.00846697143397,-0.999925597036,0.0,0.661050162637,0.260137478144,0.303192483645,1.0,-0.00516,-0.00678171428571,0.259
0.464554706813,0.544057353758,-0.123921055834,-1.36180585607,0.0792037964896,1.896222796,0.158466803519,0.000234165956646,-0.0272407829194,-3.19531124384e-05,-0.0459786686927,-7.2841800811e-06,0.0119863735695,-0.00339904488301,0.573871135681,0.818931689457,0.00188534791572,0.0,0.818886584839,-0.573811750464,-0.0120657822299,0.0,-0.00879938605385,0.00846825330721,-0.999925426965,0.0,0.660962924538,0.260022334875,0.303189661295,1.0,-0.00548,-0.00720228571429,0.275
0.464470624665,0.543537821051,-0.123919556586,-1.36265217298,0.0791566124516,1.8965086063,0.158358261079,-0.00880742434832,-0.0307119406754,-0.00112264536532,-0.0540751718714,-0.00457973830291,0.0223353536122,-0.00527575599898,0.573884443961,0.818922437048,0.00185310008974,0.0,0.818876817927,-0.573825109692,-0.0120932811909,0.0,-0.0088402741452,0.00845776949499,-0.999925155043,0.0,0.660862919269,0.259885753946,0.303179139017,1.0,-0.00582,-0.00764914285714,0.292
0.464377973596,0.542882628442,-0.12392772913,-1.36369094078,0.0790876524943,1.89688871491,0.158232292808,-0.00280430997744,-0.0299060204742,-8.18816284635e-05,-0.055169901109,-0.00368766200999,0.0210737956572,-0.0116743680971,0.57390225547,0.818909975277,0.00184403351259,0.0,0.818864322817,-0.573843040532,-0.0120885297716,0.0,-0.00884140204305,0.00844781040129,-0.999925229259,0.0,0.66074648668,0.259719735174,0.303181384348,1.0,-0.00622,-0.00817485714286,0.312
0.464320299487,0.542394078242,-0.123925304398,-1.36445174541,0.0790462369265,1.89715718791,0.158129506613,-0.000538939957724,-0.0306597769585,0.000300740317717,-0.0539304977587,-0.00196353544424,0.0203535926381,-0.0136452277095,0.573894743521,0.81891523928,0.00184421666228,0.0,0.818869508013,-0.573835451132,-0.0120975522598,0.0,-0.00884876336929,0.00845305718986,-0.999925119802,0.0,0.660654259151,0.25961066315,0.303187983715,1.0,-0.0065,-0.00854285714286,0.326
0.464233429754,0.541788713975,-0.123928496758,-1.36539570107,0.0789946927845,1.89751686252,0.157991074831,-0.00289160538291,-0.036109404801,-0.000187034373369,-0.052960350506,-0.00758220382035,0.0250776267881,-0.00922997911687,0.573893475626,0.818916083512,0.00186378665946,0.0,0.818870579218,-0.573834069168,-0.0120905936002,0.0,-0.00883184731594,0.00846507582389,-0.999925167682,0.0,0.660550377884,0.259463398821,0.303198045469,1.0,-0.00684,-0.00898971428571,0.343
0.464150972478,0.541134746614,-0.123928083287,-1.3664099162,0.0789338915398,1.89789174531,0.157858315654,-0.00330160161183,-0.0401173452851,0.00135285169012,-0.0606167279198,-0.00447121459724,0.0180551821637,-0.010578351171,0.573891983334,0.818917100638,0.00187633900871,0.0,0.818871744331,-0.573832506264,-0.0120858591939,0.0,-0.00882078228118,0.0084726218243,-0.999925201442,0.0,0.660432974593,0.259312981968,0.303210130067,1.0,-0.00718,-0.00943657142857,0.36
0.464070139984,0.540461018035,-0.12393137022,-1.36743205538,0.0788741402202,1.8982688915,0.157737011034,-0.00773017651252,-0.0430403818771,0.000365456318062,-0.0656689986308,0.000120161549668,0.0272734120262,-0.00612387091518,0.573901753945,0.818910196177,0.00190113600979,0.0,0.818865154817,-0.573842157985,-0.0120740567574,0.0,-0.00879678556272,0.00848625977006,-0.999925297189,0.0,0.660314905227,0.259161145794,0.303232630249,1.0,-0.0075,-0.00985714285714,0.376
0.463966885864,0.539723693375,-0.123931696998,-1.36857200011,0.0788102307813,1.89869921701,0.157601552713,-0.00964295771134,-0.0383315144035,-0.000725492475575,-0.0653335055369,-0.00223085319628,0.0249057364929,-0.00818046346945,0.573921636851,0.818896202074,0.00192662514868,0.0,0.818851453791,-0.573861888474,-0.0120655079303,0.0,-0.00877495081899,0.008502439563,-0.999925351594,0.0,0.660187056294,0.258986015058,0.303248415972,1.0,-0.00784,-0.010304,0.393
0.463865599824,0.538969728846,-0.123933950351,-1.36973357034,0.0787462125653,1.89914053614,0.1574565782,-0.0139862282458,-0.0459664616798,-0.000385739664465,-0.0655762129431,-0.005868541764,0.0223567510804,-0.0114350924129,0.57393456051,0.818887071281,0.00195745795095,0.0,0.818842688351,-0.573874640352,-0.012053870613,0.0,-0.0087475917445,0.00852114712208,-0.999925432065,0.0,0.660056543485,0.258809458219,0.303266559672,1.0,-0.00818,-0.0107508571429,0.41
0.463762282761,0.538238062319,-0.123934899771,-1.37087136064,0.0786848561798,1.89957713015,0.15731024398,-0.00642153234867,-0.0467859637906,-0.000164490594414,-0.0719260584604,-0.0016018128351,0.0229190967776,-0.0073587934892,0.573946469829,0.818878654974,0.00198622736392,0.0,0.818834597317,-0.573886374837,-0.0120448293399,0.0,-0.00872355278317,0.00853964337764,-0.999925484283,0.0,0.659929849615,0.258634966918,0.303279699566,1.0,-0.0085,-0.0111714285714,0.426
0.463658562442,0.537431788749,-0.123936014833,-1.37212609165,0.0786040978563,1.9000525492,0.157155276614,-0.000643234042355,-0.0470297313292,0.000522884072157,-0.0726296893452,-0.00414051346013,0.0276670720917,-0.00320164286147,0.573952857013,0.818874131896,0.00200522793801,0.0,0.818830377746,-0.573892734149,-0.0120286771135,0.0,-0.00869935427478,0.00854599968232,-0.999925640798,0.0,0.659786748022,0.258446726176,0.303293085585,1.0,-0.00884,-0.0116182857143,0.443
0.463544266655,0.536590437623,-0.123949374022,-1.37343683962,0.0785337887873,1.90054481586,0.156993245712,-0.00188783445358,-0.0497704156927,0.00069182895224,-0.0784657174835,-0.0017096200975,0.030338531811,-0.00118079018379,0.573974111156,0.818859170772,0.00203102596224,0.0,0.818815703202,-0.573913826334,-0.0120212742006,0.0,-0.00867826382559,0.00856310099196,-0.999925677757,0.0,0.659628443707,0.25823647471,0.303308051048,1.0,-0.0092,-0.0120914285714,0.461
0.463432761857,0.535784157306,-0.123947351602,-1.3747209557,0.078460051189,1.90101651295,0.156844566597,-0.0115291017496,-0.0493890672587,0.000282496155978,-0.0815296721099,-0.00426461497615,0.0320919514132,-0.00710104224937,0.573995414895,0.818844260033,0.00202197710703,0.0,0.818800643471,-0.573935135467,-0.0120296894641,0.0,-0.00869012577467,0.00856074757223,-0.999925594889,0.0,0.659489273809,0.258046921689,0.303305014399,1.0,-0.0095,-0.0124857142857,0.476
0.463315139927,0.534827509351,-0.123944919764,-1.37624662914,0.0783721092666,1.90156845276,0.156648987862,-0.00492618730841,-0.0530781889975,-0.00256418339131,-0.0881680543505,-0.00474775055481,0.0278114518483,-0.0168672602698,0.573989904597,0.818848152591,0.00200980608865,0.0,0.81880428584,-0.573929588109,-0.0120464220508,0.0,-0.00871087097222,0.00856032729558,-0.999925417981,0.0,0.659304732029,0.257825461195,0.303301629028,1.0,-0.00986,-0.0129588571429,0.494
0.463197018517,0.533915341061,-0.123954079173,-1.37773010667,0.0782873208028,1.90211239667,0.156465611029,-0.00519961390395,-0.0581765719205,-0.00227503225435,-0.0892225261795,-0.0070018719178,0.0328914644421,-0.00744262480828,0.574001418746,0.818840140537,0.00198555362256,0.0,0.81879592716,-0.573941175955,-0.0120624670146,0.0,-0.00873780943429,0.00854980100941,-0.999925273002,0.0,0.659129442969,0.257601345551,0.303286449766,1.0,-0.0102,-0.0134057142857,0.511
0.463070233998,0.533042264136,-0.123953406687,-1.37913524018,0.0782091502587,1.90265103764,0.156292207235,-0.00551470030452,-0.0638422079588,-0.00010423089218,-0.0900415153204,-0.0155054207863,0.0343911923641,-0.012633724222,0.574018768696,0.818827960029,0.00199297759253,0.0,0.818783785399,-0.573958434616,-0.0120654466249,0.0,-0.00873580693885,0.00855777531653,-0.999925222284,0.0,0.658969561487,0.257386740179,0.303280034206,1.0,-0.01052,-0.0138262857143,0.527
0.462939682504,0.532079748443,-0.123948737583,-1.38069529568,0.0781214329818,1.90322342005,0.156096140869,-0.00861822851558,-0.059213358561,0.000912689556938,-0.0943964762411,-0.00933416361183,0.0395036334318,-0.0129574391793,0.574023419333,0.818824743377,0.00197499173977,0.0,0.818780216181,-0.573963047777,-0.012088187551,0.0,-0.00876470353875,0.00855615164764,-0.999924983307,0.0,0.658782869934,0.257155535844,0.303265552774,1.0,-0.01086,-0.0142731428571,0.544
0.462810730072,0.531076121117,-0.123951202454,-1.38231862095,0.0780306351302,1.90380154697,0.15590015863,-0.00785889474353,-0.0540283279827,0.000112582781511,-0.103115332252,-0.00998115730568,0.0296589729622,-0.00669360037103,0.574034178109,0.818817278947,0.00194241160477,0.0,0.818772209038,-0.573973834413,-0.0121183339388,0.0,-0.00880797736524,0.00854689505734,-0.999924682223,0.0,0.658584596561,0.25691419199,0.303250450572,1.0,-0.0112,-0.01472,0.561
0.462672176071,0.530087371102,-0.123951278293,-1.38387053258,0.0779267938813,1.90435016761,0.155685134103,-0.00900386413263,-0.0646296136376,0.00071234442406,-0.0936125115083,-0.00442331894148,0.0288577632338,-0.011856465921,0.574027808732,0.81882178478,0.00192522026192,0.0,0.81877652093,-0.573967571747,-0.0121236239537,0.0,-0.00882224326047,0.00853578678044,-0.999924651345,0.0,0.658398922343,0.256672132647,0.303255946838,1.0,-0.01152,-0.0151405714286,0.577
0.462535069114,0.529037065881,-0.123959018754,-1.38552549727,0.077823756497,1.90497192856,0.155452762997,-0.0125323818812,-0.0597687704005,0.00146125970157,-0.099495547595,-0.00687115032965,0.0353728488639,-0.0119398012798,0.574021269654,0.818826340469,0.00193727643172,0.0,0.818781252072,-0.573960997448,-0.0121153441765,0.0,-0.00880861141558,0.00854083530643,-0.999924728416,0.0,0.658193639508,0.256407110767,0.303261666086,1.0,-0.01188,-0.0156137142857,0.595
0.46237691142,0.52787512239,-0.123954843384,-1.38734119347,0.0777073865506,1.90568290568,0.155192177064,-0.01131434236,-0.0658848196129,-0.00386665700643,-0.102270034722,-0.00821564457178,0.0402091284567,-0.00978438395749,0.573997724365,0.818842744454,0.00197969197652,0.0,0.818798317107,-0.573937373118,-0.0120811647526,0.0,-0.00875652347987,0.00855569425809,-0.999925058888,0.0,0.657999654333,0.256147733788,0.303277490945,1.0,-0.01222,-0.0160605714286,0.612
0.462227224101,0.526694178153,-0.123956939901,-1.38913019836,0.077599476596,1.90635764292,0.154951570332,-0.012258269331,-0.0636095753572,0.000704417485201,-0.108439842938,-0.0103620211771,0.040359847055,-0.0199792446941,0.573992311277,0.818846400224,0.00203625543351,0.0,0.81880271947,-0.573931724114,-0.0120511221642,0.0,-0.00869951390374,0.00858470823324,-0.999925307832,0.0,0.657790789094,0.255879523108,0.303315663773,1.0,-0.01256,-0.0165074285714,0.629
0.462074221021,0.52552337755,-0.123968639627,-1.39096615574,0.0774761306978,1.90701721394,0.154703539593,-0.00796661386739,-0.068517852516,-0.000938914238238,-0.11366650878,-0.00858404827288,0.0377768336811,-0.0191825133827,0.573988243369,0.818849286073,0.00202239296201,0.0,0.818805534593,-0.573927824836,-0.0120455510207,0.0,-0.00870295081877,0.0085701162225,-0.999925403095,0.0,0.657570906468,0.255594376115,0.303323037647,1.0,-0.0129,-0.0169542857143,0.646
0.461918492774,0.52433611233,-0.12397658201,-1.39283578915,0.0773673301279,1.90769159563,0.154444238549,-0.00721600179842,-0.0674273299786,-0.00177352558151,-0.111801573609,-0.00843915994996,0.0462439082496,-0.017392082733,0.573980124445,0.818854991821,0.00201643581398,0.0,0.818811103308,-0.573919674204,-0.0120553541368,0.0,-0.00871448250846,0.00857077871532,-0.999925296983,0.0,0.65734494959,0.255309216182,0.30332684901,1.0,-0.01324,-0.0174011428571,0.663
0.461764709065,0.523202193206,-0.123965706848,-1.39464125094,0.0772511615579,1.9083657984,0.154206439793,-0.0104153219665,-0.0736569897765,0.00156320884617,-0.114510627901,-0.00249524222591,0.0403409856293,-0.0130188129633,0.57396913308,0.818862696394,0.00201634029522,0.0,0.818818791092,-0.573908669352,-0.012057093289,0.0,-0.00871607655702,0.00857158173503,-0.999925276206,0.0,0.657127682421,0.255042041951,0.30332276411,1.0,-0.01356,-0.0178217142857,0.679
0.461609353433,0.52203316955,-0.123976088102,-1.39647827208,0.0771472226556,1.90909548919,0.153962875587,-0.013763789239,-0.0816508661803,-0.000170328756376,-0.115090138229,-0.00749090254805,0.0400161204476,-0.0171822453784,0.573974893882,0.818858530165,0.00206776918666,0.0,0.818815325527,-0.573914238608,-0.0120273150088,0.0,-0.0086621140841,0.00859666346797,-0.999925529806,0.0,0.656918996534,0.254763895889,0.303333548277,1.0,-0.01388,-0.0182422857143,0.695
0.461449390784,0.52079347651,-0.123976673481,-1.39848377174,0.0770168907298,1.9098455298,0.153684035725,-0.00999089871247,-0.0748768688019,-0.00125311967383,-0.117116059201,-0.00832777959469,0.0345451484758,-0.0113619994214,0.573949873565,0.818876118013,0.00204765324425,0.0,0.818832700811,-0.573889356444,-0.0120316891467,0.0,-0.00867750356784,0.00858243713933,-0.999925518579,0.0,0.656676240889,0.254466568894,0.303314919618,1.0,-0.01422,-0.0186891428571,0.712
0.461296401013,0.519543738114,-0.123976473134,-1.40042560787,0.0768992141025,1.91053349485,0.153422502018,-0.00842401640653,-0.0823088042549,0.000211045482627,-0.119899249952,-0.00679265065936,0.0437091218204,-0.0203639798457,0.573932193385,0.818888515056,0.00204553338917,0.0,0.818844989856,-0.573871608114,-0.0120418806849,0.0,-0.00868725151354,0.00858636307535,-0.999925400233,0.0,0.656433071911,0.254179869338,0.303327850975,1.0,-0.01454,-0.0191097142857,0.728
0.461108678264,0.518121059785,-0.123982512259,-1.40264198823,0.076750313476,1.91133648466,0.153134073518,-0.00614453837718,-0.0781219717445,0.000335957637736,-0.123255718794,-0.00919230854348,0.0504930325765,-0.0126286561941,0.573931191818,0.818889219525,0.00204453077283,0.0,0.818845778883,-0.573870707467,-0.0120311436445,0.0,-0.00867904460653,0.00857936918342,-0.999925531532,0.0,0.656163722974,0.253839241251,0.303341265264,1.0,-0.0149,-0.0195828571429,0.746
0.460924973171,0.516754338187,-0.123985572325,-1.40478944954,0.0766126435257,1.91211130402,0.152831080016,-0.0145604933149,-0.0843709135183,-0.000286700115163,-0.125733833022,-0.00854857594379,0.0396463793111,-0.0142866440801,0.573911944499,0.818902731863,0.00203534011415,0.0,0.818859181183,-0.573851511548,-0.0120345747223,0.0,-0.00868733037393,0.00857360818792,-0.999925508992,0.0,0.655900451115,0.253510388055,0.303345264735,1.0,-0.01524,-0.0200297142857,0.763
0.460746508575,0.515463159665,-0.123988538747,-1.40684056458,0.0764867412068,1.91289620548,0.152554680986,-0.0155355074023,-0.0807416807909,-0.000499681527706,-0.12826144867,-0.00934515308541,0.0488553108726,-0.0121470801245,0.573908280289,0.818905255231,0.00205321041857,0.0,0.818861962075,-0.573847795775,-0.0120225310506,0.0,-0.00866725045694,0.0085812912483,-0.999925617339,0.0,0.655657300991,0.253198053892,0.303342641411,1.0,-0.01556,-0.0204502857143,0.779
0.460561221911,0.514070485609,-0.123988568383,-1.40909524327,0.0763585552997,1.91368315293,0.152240708433,-0.0079581848472,-0.0836123395897,0.00171099075399,-0.133474041766,-0.00449309710928,0.0412749448246,-0.0123345725344,0.573886753782,0.818920485232,0.00199489413691,0.0,0.818876223397,-0.573826318129,-0.0120761864441,0.0,-0.00874488207098,0.00856409969883,-0.999925088811,0.0,0.655369254989,0.252860025751,0.303314014075,1.0,-0.0159,-0.0208971428571,0.796
0.460355836975,0.512580312113,-0.123997428245,-1.41149968395,0.0762138060059,1.91452454638,0.151896921259,-0.0116743959707,-0.0804616667179,-0.000952485862836,-0.1310603201,-0.00862521162579,0.046124430133,-0.0215944832073,0.573866484094,0.818934839108,0.00193251908552,0.0,0.818889657789,-0.573806222708,-0.0121199855099,0.0,-0.00881675665663,0.00853793774618,-0.999924681374,0.0,0.655066078659,0.252488287193,0.303286955161,1.0,-0.01626,-0.0213702857143,0.814
0.460179683067,0.51130109824,-0.123998118745,-1.4135287329,0.0760864878173,1.91530279055,0.151612694937,-0.0142352609243,-0.0828529875197,0.000192393818347,-0.131045267906,-0.00705046948918,0.0553882017387,-0.0189828771812,0.573850350947,0.818946096436,0.00195262693358,0.0,0.818901214645,-0.573790038497,-0.0121053407923,0.0,-0.00879339300454,0.0085458271633,-0.999924819713,0.0,0.654823136697,0.252180761826,0.303284587247,1.0,-0.01656,-0.0217645714286,0.829
0.459964933126,0.509733436218,-0.123998157544,-1.41601314521,0.0759336540316,1.91623554836,0.151264903201,-0.0133438693653,-0.0904489816713,0.00140935173032,-0.142745332069,-0.00513075856641,0.0508708576815,-0.0190450392675,0.573829738895,0.818960511722,0.00196415372318,0.0,0.818915760717,-0.573769359105,-0.0121015000725,0.0,-0.00878384858537,0.00855284173595,-0.999924843627,0.0,0.654520123906,0.251804546728,0.303280369101,1.0,-0.01692,-0.0222377142857,0.847
0.459761367343,0.508227292279,-0.12400522142,-1.41839087266,0.0757868633787,1.91707421395,0.150943510967,-0.0120554105395,-0.0908618557945,-0.000329001771496,-0.14125224855,-0.00826105459357,0.0525257174514,-0.0114967600824,0.573821854707,0.81896610594,0.0019347566722,0.0,0.818920906307,-0.573761542994,-0.0121238564549,0.0,-0.00881910833146,0.0085415109352,-0.999924630119,0.0,0.654219584457,0.251438146716,0.303275389587,1.0,-0.01726,-0.0226845714286,0.864
0.45955902266,0.506785180843,-0.124010095587,-1.42065475013,0.0756438110019,1.91789898648,0.15063102523,-0.0119660363865,-0.0877388802094,-0.000431601110166,-0.143665253272,-0.0155402742273,0.0512187456857,-0.0199639371172,0.573813559153,0.818971920598,0.0019337800986,0.0,0.818926709349,-0.57375325393,-0.0121241585733,0.0,-0.00882000262084,0.00854079519221,-0.999924628345,0.0,0.65393989486,0.251086202633,0.303278024472,1.0,-0.01758,-0.0231051428571,0.88
0.459334267827,0.505183868573,-0.124014516069,-1.42312080786,0.0754916939589,1.91884566601,0.150290253158,-0.00806759723129,-0.0902580298613,-0.0003771095079,-0.141837697502,-0.00478260922739,0.0547775097849,-0.0177812728874,0.573808045498,0.818975623266,0.00200057956202,0.0,0.818931330309,-0.573747491857,-0.0120846484447,0.0,-0.00874937343852,0.0085727708391,-0.999924975218,0.0,0.65364536727,0.250704793608,0.303305720878,1.0,-0.01792,-0.023552,0.897
0.459112667962,0.503514331622,-0.124017988632,-1.42559176587,0.0753327926191,1.9197892553,0.149935666371,-0.0104145987818,-0.0993968971738,0.00032974370041,-0.145896669524,-0.00783516233287,0.0584229489031,-0.019077013472,0.573785677003,0.818991001355,0.00211741996392,0.0,0.81894833904,-0.57372473085,-0.0120124142649,0.0,-0.00862340901594,0.00862677490606,-0.999925605019,0.0,0.653349152697,0.250325125948,0.303377720327,1.0,-0.01826,-0.0239988571429,0.914
0.458869826892,0.50182198832,-0.124024755245,-1.42811054464,0.0751714072772,1.92070598762,0.14959252762,-0.0213027744109,-0.100317606499,-0.00159735908323,-0.146909426369,-0.0138666826285,0.051622896709,-0.0127806931347,0.573793467933,0.818985348655,0.0021912888491,0.0,0.81894369489,-0.573732259214,-0.0119693875673,0.0,-0.00854570447932,0.00866266537109,-0.999925961841,0.0,0.653041754751,0.249922226176,0.303440015427,1.0,-0.0186,-0.0244457142857,0.931
0.45863842388,0.500105917479,-0.124022911585,-1.4307191797,0.0750042516357,1.92162106494,0.149230221313,-0.0163498064631,-0.100937144496,0.0042553521199,-0.152916858213,-0.00357069910113,0.0598442000007,-0.0109797538594,0.573772382797,0.819000069993,0.00221020192682,0.0,0.818958601458,-0.573711036828,-0.0119667130746,0.0,-0.00853288589112,0.00867640040156,-0.999925952226,0.0,0.652707349221,0.249520620139,0.303475074275,1.0,-0.01894,-0.0248925714286,0.948
0.458392224052,0.498429329349,-0.124030684546,-1.43334441342,0.0748373104199,1.92261420101,0.148845188729,-0.012120787959,-0.0933415577695,-0.000835659768625,-0.152439875405,-0.0050265531155,0.0642027929973,-0.0227338433245,0.573752719288,0.819013759158,0.00224194566745,0.0,0.81897277191,-0.573691315287,-0.0119423839977,0.0,-0.00849495560675,0.00868823502667,-0.999926172425,0.0,0.652388172965,0.2491065629,0.303481205713,1.0,-0.01928,-0.0253394285714,0.965
0.458143897007,0.496833451523,-0.124032979102,-1.43585352939,0.0746886826258,1.9235089313,0.148471399504,-0.0128803531802,-0.100378460024,-0.000388295813563,-0.152714431184,-0.00814851786215,0.0521483963579,-0.0268397482281,0.573738466363,0.819023776016,0.00223012043019,0.0,0.818982490404,-0.57367696499,-0.0119652477152,0.0,-0.00852061769297,0.00869151979625,-0.999925925535,0.0,0.65207240757,0.248703500643,0.303477038734,1.0,-0.0196,-0.02576,0.981
0.457878913051,0.495176981703,-0.124031063174,-1.43857279557,0.0745147098714,1.92445187763,0.148083897144,-0.0184182092748,-0.0848179893459,-0.000492875726348,-0.156495761206,-0.00883289259161,0.0579240529414,-0.0216881288755,0.573726593704,0.819032370979,0.0021255271813,0.0,0.818989592878,-0.573665399151,-0.0120334315777,0.0,-0.00863659487841,0.00864485079065,-0.999925335104,0.0,0.651720318144,0.248267342104,0.303418648878,1.0,-0.01994,-0.0262068571429,0.998
0.457602297508,0.493385164367,-0.12406480015,-1.44143266966,0.0743381955837,1.92548757246,0.147674284288,-0.01454011073,-0.11403190751,9.94563228736e-06,-0.178134400801,-0.0109206531383,0.0641478502739,-0.0274605177827,0.573737959381,0.819024500655,0.00209002242178,0.0,0.818981313692,-0.573676968455,-0.0120453554553,0.0,-0.00866661036914,0.0086227329819,-0.999925266378,0.0,0.651365919582,0.247793751272,0.303395999384,1.0,-0.023852,-0.0313483428571,1.015
0.457315195786,0.491333002094,-0.124093045492,-1.44464391312,0.0741448955198,1.92668427443,0.147217821638,-0.0170457621565,-0.125839676984,-0.000632263540365,-0.212814760744,-0.0139855449955,0.0788767683218,-0.0324865396259,0.573728287993,0.819031204792,0.00211755384216,0.0,0.818988410222,-0.573667214528,-0.0120273770078,0.0,-0.00863619214039,0.00863486472238,-0.999925424868,0.0,0.650965857644,0.247286618439,0.303400202265,1.0,-0.0282771428571,-0.037164244898,1.031
0.456922774058,0.488815971114,-0.124104740916,-1.44871309257,0.0739163579658,1.92813442291,0.146619475843,-0.0221084471532,-0.153601992971,-0.000472829195028,-0.250941617096,-0.0166683716273,0.0957394364636,-0.0381227002388,0.573709193323,0.819044774103,0.00204117888599,0.0,0.81900062702,-0.57364809753,-0.012107024548,0.0,-0.00874544517827,0.00861780399393,-0.999924622481,0.0,0.650441645484,0.246636912206,0.3033399072,1.0,-0.0329788571429,-0.0433436408163,1.048
0.456447251628,0.485804407895,-0.124144388161,-1.45334315985,0.0736320333352,1.92990939867,0.145934814203,-0.0340529041995,-0.183289123956,-0.00196957594093,-0.284135653697,-0.0179757034199,0.11354946095,-0.044457980061,0.573717439282,0.819038681969,0.00216430197848,0.0,0.818996325923,-0.573655998308,-0.0120233369339,0.0,-0.00860617891869,0.00867072038412,-0.999925373362,0.0,0.649847105876,0.24582346895,0.303380818132,1.0,-0.0379571428571,-0.0498865306122,1.066
0.455912327261,0.482431823927,-0.124206141739,-1.45860582542,0.0733125123041,1.93175230643,0.14512006716,-0.0346581877176,-0.208414138732,-0.000947454435315,-0.324839966458,-0.0211330003962,0.112277201757,-0.0404798319857,0.573706431983,0.819046507477,0.0021202342468,0.0,0.819003504287,-0.573645106409,-0.0120539935265,0.0,-0.00865668596697,0.00865209947502,-0.999925098676,0.0,0.64921334367,0.244981182752,0.303380472982,1.0,-0.0423822857143,-0.0557024326531,1.082
0.45530300775,0.478635127589,-0.124275346369,-1.46450321887,0.0729577927599,1.93384774114,0.14426096903,-0.0353111246658,-0.23357920564,-0.00190683045209,-0.356590045481,-0.0261377585448,0.127374160342,-0.0477864525711,0.573743269017,0.819020725832,0.00211159106355,0.0,0.818977549745,-0.57368191565,-0.0120656359595,0.0,-0.00867079125438,0.008652089673,-0.999924976547,0.0,0.648463689002,0.243982174495,0.3033888077,1.0,-0.047084,-0.0618818285714,1.099
0.454665663781,0.474694600811,-0.124326166389,-1.47052234301,0.0725936180287,1.93607107691,0.143394403112,-0.0369023332324,-0.255328553846,-0.00061230211507,-0.388929859949,-0.0236171351845,0.142236027664,-0.0527651209972,0.573786814768,0.818989857353,0.00224758799861,0.0,0.81894851227,-0.573724942285,-0.0119904858887,0.0,-0.00853075327623,0.00872080945586,-0.999925584097,0.0,0.647665428225,0.242899234938,0.303454486015,1.0,-0.0517857142857,-0.0680612244898,1.116
0.453948036096,0.470447452634,-0.124359180277,-1.4770620099,0.0722057332284,1.93837718225,0.142421397566,-0.0475238558486,-0.273402796807,-0.000739652256803,-0.424465023725,-0.0190014469597,0.157201120599,-0.0600288213553,0.573799334255,0.818981000197,0.00227864579225,0.0,0.818939694721,-0.573736957599,-0.0120177700328,0.0,-0.0085351463453,0.00876203062976,-0.99992518625,0.0,0.646813253331,0.241793826817,0.303482635225,1.0,-0.0562108571429,-0.0738771265306,1.132
0.453086406219,0.465234582817,-0.124387601184,-1.48492550646,0.0716910972155,1.94130235851,0.141151451747,-0.0506657287662,-0.291589632622,-0.00208269922009,-0.455277664742,-0.0272739796862,0.16232600553,-0.072269822768,0.573725953911,0.819031838614,0.00247468131,0.0,0.818993278939,-0.57366299913,-0.0118961919718,0.0,-0.0083238871416,0.00885207187714,-0.999926174138,0.0,0.645865978439,0.240545134806,0.303578392693,1.0,-0.0609125714286,-0.080056522449,1.149
0.45211903914,0.459620254698,-0.124420406297,-1.49360868762,0.0711351961367,1.94426022989,0.139864615951,-0.0497128585921,-0.322662577273,-0.00538494216483,-0.491109362777,-0.0312193605524,0.162404656551,-0.0703394527917,0.573741380707,0.819021306554,0.00238209497672,0.0,0.818981153224,-0.57367838366,-0.0119887316098,0.0,-0.00845263297036,0.00882949231293,-0.99992529374,0.0,0.644697900612,0.239062392751,0.30357025948,1.0,-0.0658908571429,-0.0865994122449,1.167
0.451255991716,0.454692772999,-0.124459792361,-1.50127271991,0.070604299498,1.94693089755,0.138668372189,-0.0598385123111,-0.331663597422,-0.00362322243575,-0.517379858167,-0.0335044912562,0.182572684818,-0.0828093907991,0.573704266045,0.819047536267,0.00230116433856,0.0,0.819006435468,-0.573641716961,-0.0120160777572,0.0,-0.00852185909267,0.00877851248638,-0.999925155017,0.0,0.643673595617,0.237740681962,0.303543312309,1.0,-0.0700394285714,-0.0920518204082,1.182
0.450070106084,0.447914394023,-0.124499778611,-1.51130672448,0.0699237536235,1.95073862182,0.137071244727,-0.068836555579,-0.356142004086,-0.000826472300905,-0.546630999002,-0.0323775751578,0.19838043624,-0.07897336056,0.573666669181,0.819072514896,0.00274133440239,0.0,0.819037744517,-0.573603081652,-0.0117228271688,0.0,-0.00802956226372,0.00897042426965,-0.999927526183,0.0,0.642397882409,0.236010149044,0.303748925843,1.0,-0.0752942857143,-0.0989582040816,1.201
0.448930526119,0.441618331564,-0.124531482643,-1.52105412115,0.0692733697029,1.95405150434,0.135572973749,-0.0682306024717,-0.373877115825,0.000282454971435,-0.590416704648,-0.0418084709166,0.19315239751,-0.0932242795556,0.57365244303,0.819082883978,0.00261738043119,0.0,0.819046170515,-0.573588941908,-0.0118255311398,0.0,-0.00818494726404,0.00892767213276,-0.999926648964,0.0,0.641051150085,0.234317747627,0.30370822035,1.0,-0.079996,-0.1051376,1.218
0.447917151603,0.436183930674,-0.124557736666,-1.52950781245,0.0686931624542,1.95687659514,0.134203793108,-0.0766052905184,-0.393627441556,0.000448639419473,-0.599484194297,-0.0364510306772,0.212672023091,-0.0959218667249,0.573591408303,0.819126166924,0.00244251559165,0.0,0.819086881851,-0.573528272735,-0.0119476882627,0.0,-0.00838597379783,0.00885389428133,-0.999925639235,0.0,0.639865464644,0.232831472737,0.303643415737,1.0,-0.083868,-0.110226514286,1.232
0.446512434876,0.428775690233,-0.124587556802,-1.54062599081,0.0679051739374,1.96090426216,0.13240692243,-0.0773943515779,-0.421886135818,-0.000907032142451,-0.636692731865,-0.0431317075925,0.222486538454,-0.105477316725,0.573554944258,0.819150966538,0.00267709502864,0.0,0.819115164978,-0.573491383908,-0.0117781996976,0.0,-0.0081129889337,0.00894846609275,-0.999927049522,0.0,0.638373192478,0.230856704834,0.303750733554,1.0,-0.0888462857143,-0.116769404082,1.25
0.445053595201,0.421520430165,-0.124678181307,-1.55180785647,0.0671017489273,1.96463100959,0.130537302731,-0.0856932507982,-0.434743699999,-0.00796123031382,-0.665185369671,-0.0502014196474,0.225859762481,-0.113329319011,0.573535244894,0.819165410101,0.00246995125091,0.0,0.81912697127,-0.573472526925,-0.0118748769071,0.0,-0.0083111992426,0.00883403420488,-0.999926439198,0.0,0.636803628968,0.228785782283,0.303687172943,1.0,-0.093548,-0.1229488,1.267
0.443612431445,0.414311816812,-0.124786176108,-1.56256343611,0.0663361533692,1.96846293325,0.128836482807,-0.0899061717801,-0.463272114784,-0.000929565556465,-0.678357535826,-0.045949380256,0.249813157359,-0.115202996734,0.573637233439,0.819093372753,0.00266796275439,0.0,0.819058072414,-0.573574379523,-0.0117069240066,0.0,-0.00805894394731,0.00890091530029,-0.999927910966,0.0,0.635341021517,0.226781697926,0.303790448329,1.0,-0.0979731428571,-0.128764702041,1.283
0.441947904776,0.406446184264,-0.124833862684,-1.57456161478,0.0655361813961,1.97250922524,0.126803495471,-0.100659941121,-0.469846786064,-0.0101667583659,-0.72026648825,-0.0475652291325,0.237972475253,-0.113893058464,0.57363793085,0.819093090429,0.0026039207537,0.0,0.819056340324,-0.573574632661,-0.0118152039239,0.0,-0.00818436658071,0.00891057849073,-0.999926806189,0.0,0.633628708083,0.224550956818,0.303751277107,1.0,-0.102674857143,-0.134944097959,1.3
0.439729339119,0.396227181565,-0.124961975089,-1.58978917832,0.0644658176662,1.97776044259,0.1242104486,-0.107662188465,-0.493332342009,-0.00587761244346,-0.736151565969,-0.0499138125196,0.260236300979,-0.131790919966,0.573732495046,0.819026277995,0.00277974516926,0.0,0.818991970915,-0.573668723827,-0.0117087053819,0.0,-0.00799523845839,0.00899442689792,-0.999927585601,0.0,0.63148769981,0.221624188286,0.303848891816,1.0,-0.108482857143,-0.142577469388,1.321
0.438396887856,0.390247617469,-0.124989154072,-1.59882797299,0.0637607510498,1.98083388437,0.122684217673,-0.116047531621,-0.504174706545,0.000378109984811,-0.780373790476,-0.0564144873908,0.252536551976,-0.126334345576,0.573743499615,0.8190186791,0.00274715045887,0.0,0.81898427148,-0.573680203066,-0.0116848012068,0.0,-0.00799423853073,0.00895412414855,-0.99992795531,0.0,0.630182002497,0.219897310985,0.303832129797,1.0,-0.111801714286,-0.146939395918,1.333
0.436311699643,0.380922239532,-0.125055280011,-1.61279022024,0.0627125107247,1.98539618423,0.120184997661,-0.120427493142,-0.535027181509,-0.00425547166047,-0.784079272299,-0.0590152624966,0.263673347118,-0.131704607452,0.573683972442,0.819060693317,0.00265091063799,0.0,0.819024937763,-0.573620915933,-0.0117449150102,0.0,-0.00809933638034,0.00890920294913,-0.999927510799,0.0,0.628109523884,0.217203161246,0.30383212916,1.0,-0.11678,-0.153482285714,1.351
0.434213316184,0.371871703157,-0.125105214564,-1.6263196371,0.0617135442873,1.98996048759,0.117776920304,-0.126506867868,-0.544128962794,-0.00493361154852,-0.775959729685,-0.070176188243,0.266144826707,-0.135266379784,0.573680528896,0.819062943528,0.00270040829936,0.0,0.8190278694,-0.573617338277,-0.0117151728466,0.0,-0.00804661785705,0.00893264819183,-0.999927727257,0.0,0.625991821401,0.214409605993,0.303839606617,1.0,-0.121758285714,-0.16002517551,1.369
0.432097337886,0.36306452524,-0.125228759488,-1.63935433628,0.0606929838785,1.99422055814,0.115489587423,-0.134451092358,-0.560966568128,-0.00616007572902,-0.785226192473,-0.0727124743243,0.278045222426,-0.144613131747,0.573807216753,0.818974297984,0.00266910935633,0.0,0.818939080086,-0.573744411693,-0.0116995752387,0.0,-0.00805041983593,0.00889931000509,-0.999927993919,0.0,0.624163352253,0.211931377699,0.303861597305,1.0,-0.125906857143,-0.165477583673,1.384
0.429743446057,0.353478877855,-0.125313626286,-1.65366562851,0.059619302558,1.99883807711,0.112806474739,-0.143492273188,-0.581070256025,-0.00638465541484,-0.859635082997,-0.0665347308727,0.27266060712,-0.154033572907,0.573790334819,0.818986476231,0.00255935936802,0.0,0.818949455691,-0.573727518424,-0.0118012934552,0.0,-0.00819688265825,0.00886762481356,-0.999927085514,0.0,0.621969622584,0.209055969264,0.303809169539,1.0,-0.130608571429,-0.171656979592,1.401
