position_joint1,position_joint2,position_joint3,position_joint4,position_joint5,position_joint6,position_joint7,velocity_joint1,velocity_joint2,velocity_joint3,velocity_joint4,velocity_joint5,velocity_joint6,velocity_joint7,ee_T_00,ee_T_10,ee_T_20,ee_T_30,ee_T_01,ee_T_11,ee_T_21,ee_T_31,ee_T_02,ee_T_12,ee_T_22,ee_T_32,ee_T_03,ee_T_13,ee_T_23,ee_T_33,v_x,v_y,time
0.46508927865,0.54760457863,-0.123993843477,-1.35575500408,0.0794472192411,1.89408579206,0.159153394093,0.00060926613549,0.000279016521065,-0.00133642806213,6.69611546285e-05,0.000379978853535,0.000381284721038,-0.00172880299544,0.573773286057,0.81899967169,0.00212152802032,0.0,0.818959324461,-0.573714596858,-0.0117444937098,0.0,-0.00840174665927,0.00847628509806,-0.999928779086,0.0,0.661696828805,0.260899778987,0.303375412109,1.0,0.0,0.0,0.0
0.465088586463,0.547607084283,-0.123991415773,-1.35575500406,0.0794473142633,1.89408331527,0.159162752817,-0.000766442386163,0.00097344134397,0.000502633977026,0.000275718068691,-2.28019423843e-05,0.000103794009903,0.00176205130414,0.573779834053,0.818995093765,0.00211785852833,0.0,0.818954683576,-0.573721142769,-0.0117483398555,0.0,-0.00840693434599,0.00847555383429,-0.999928741682,0.0,0.66169588592,0.260900539325,0.303373341602,1.0,-8e-05,-0.000105142857143,0.005
0.465085433586,0.547606722249,-0.123991642762,-1.35576326992,0.0794450211752,1.89408685176,0.159156295117,-0.000582094870935,0.00184598668939,-0.00274590886267,-0.00179084181618,-0.000487975252845,-5.60449104677e-05,-0.00036620003644,0.573777154623,0.818996983512,0.00211299132534,0.0,0.818956527378,-0.573718499855,-0.0117488761091,0.0,-0.00841019380194,0.00847184785142,-0.999928745679,0.0,0.66169570926,0.260897213155,0.303369974121,1.0,-0.00038,-0.000499428571429,0.02
0.4650875048,0.547601106227,-0.123989205095,-1.3557648957,0.0794440253889,1.89408522415,0.159157007138,-0.000255751504118,0.00248410185003,0.000913464278681,0.000707517810301,0.000247247119019,-0.000272005684638,-0.000787332146206,0.573774141623,0.818999088352,0.00211532159902,0.0,0.818958655465,-0.573715471153,-0.0117484339617,0.0,-0.00840852586658,0.008473471685,-0.999928745947,0.0,0.661694116075,0.260899603487,0.30337295479,1.0,-0.00072,-0.000946285714286,0.037
0.465087507232,0.547503744221,-0.123994533183,-1.35583408269,0.0794436291722,1.89409462353,0.159158350019,-0.000972774000901,-0.0122268773643,-0.00129377130727,-0.00800167215439,0.000179944740374,8.60681570996e-05,0.000541123228033,0.573782521993,0.818993126555,0.00215011920792,0.0,0.818953119115,-0.573723690132,-0.0117329865507,0.0,-0.00837582227337,0.00849319296567,-0.999928853106,0.0,0.66168394909,0.260890166324,0.30340998671,1.0,-0.0011,-0.00144571428571,0.056
0.465090081327,0.547381003895,-0.123987059953,-1.35598489964,0.0794442052239,1.89413038099,0.159149319893,-0.00260067288049,-0.00983133097091,0.00172117436185,-0.0122430699274,-0.000131510134449,0.000620874345971,-0.00141274153602,0.573772804354,0.818999891266,0.00216656230612,0.0,0.818959932974,-0.573713743908,-0.0117437275214,0.0,-0.00837528624121,0.0085127230908,-0.999928691521,0.0,0.661657082656,0.260888479814,0.303428437267,1.0,-0.0014,-0.00184,0.071
0.465072751758,0.547224633158,-0.123991749087,-1.35619741855,0.0794394144949,1.89420583755,0.159147630584,-0.00543773172911,-0.00969541669981,6.17613266016e-05,-0.0145126404827,-0.000157839502039,0.0185423296511,-0.00410537919715,0.573802868098,0.818978778825,0.00218524534232,0.0,0.818939027763,-0.573743696586,-0.0117382424676,0.0,-0.00835976169237,0.00852518402664,-0.99992871527,0.0,0.661633648093,0.260849422646,0.303444316705,1.0,-0.00178,-0.00233942857143,0.09
0.465058179046,0.547060389479,-0.123991995052,-1.35638486655,0.0794375247979,1.89430996904,0.159135329469,0.000207541161891,-0.0142690786975,-0.0012988329816,-0.0165750617593,0.000197771184056,0.00864122123291,9.48849889727e-06,0.573815042902,0.818970048817,0.00225888941443,0.0,0.818931218212,-0.573755555722,-0.0117033763327,0.0,-0.00828882392076,0.008565613367,-0.99992896031,0.0,0.661619738338,0.260826322042,0.303480483526,1.0,-0.00208,-0.00273371428571,0.105
0.465037774742,0.546858545453,-0.123986843982,-1.35661452216,0.0794310489595,1.89443413173,0.159122638717,-0.000792361394031,-0.00769494112659,0.000343881862115,-0.0151806373345,2.66624566143e-05,0.00691756269362,-0.00177811111914,0.573829050017,0.818959989834,0.00234591331887,0.0,0.818922251691,-0.573769202759,-0.0116616702137,0.0,-0.00820458646868,0.00861309158641,-0.999929247204,0.0,0.661601667369,0.260798588233,0.303524739725,1.0,-0.00242,-0.00318057142857,0.122
0.465002782947,0.546632852444,-0.123986737779,-1.35691658496,0.0794225906106,1.89455855931,0.159112887804,-0.000768193243347,-0.0135011808329,0.000871173924634,-0.0179782705703,4.79164681114e-05,0.0110425224332,0.000108988966231,0.573864326604,0.818935137315,0.00239215877334,0.0,0.818897933106,-0.573804238755,-0.0116454988139,0.0,-0.00816443451702,0.00864203659595,-0.999929326109,0.0,0.661572730786,0.260749690803,0.303551595472,1.0,-0.00276,-0.00362742857143,0.139
0.464959803051,0.546376255712,-0.123989322359,-1.35730550003,0.0794132012028,1.89470345249,0.159066529142,-0.00245822439041,-0.0139542246028,0.000270448924905,-0.026743026068,-0.00140044032696,0.0105564556795,-0.00337220759838,0.573882629073,0.818922259543,0.00240993251076,0.0,0.818885176834,-0.573822359727,-0.0116496154215,0.0,-0.00815741327915,0.00865913665122,-0.999929235477,0.0,0.661531499356,0.260685283025,0.303560846207,1.0,-0.0031,-0.00407428571429,0.156
0.464917132488,0.546082318559,-0.123986173696,-1.35777105616,0.0793934710824,1.8948749018,0.158929419149,-0.00277921524774,-0.0172147533129,0.00290027791744,-0.0245986404976,-0.00258073667283,0.00444832287566,-0.00291815943736,0.573823901397,0.8189633943,0.00241575755552,0.0,0.818926288288,-0.573763513446,-0.0116581254531,0.0,-0.00816166158685,0.00866820528865,-0.999929122237,0.0,0.661478114929,0.260615920102,0.303562139602,1.0,-0.00346,-0.00454742857143,0.174
0.464869679608,0.545778574248,-0.123992439839,-1.35828831305,0.0793645796663,1.89504559092,0.158913044635,-0.00251897365199,-0.0159591099794,0.000548173203197,-0.0264366138556,-0.0083724028425,0.00721340662788,-0.00102345461977,0.57387490801,0.818927762839,0.00237825756478,0.0,0.818890152426,-0.573814630393,-0.011680543952,0.0,-0.00820100063655,0.00865086934177,-0.9999289505,0.0,0.661416848552,0.260530396914,0.303545974153,1.0,-0.0038,-0.00499428571429,0.191
0.464810697574,0.545464243099,-0.123990644363,-1.35883203051,0.0792541768559,1.89522249673,0.158840854578,-0.00206288093878,-0.014220695609,0.00172860663314,-0.0341064230989,-0.00465454364619,0.00885835926846,-0.0114852653093,0.573863807761,0.818935790193,0.00229097894684,0.0,0.818897677556,-0.573804509228,-0.0116501409658,0.0,-0.00822630172923,0.00856183643635,-0.999929508974,0.0,0.661356693073,0.260426137785,0.303524811618,1.0,-0.00412,-0.00541485714286,0.207
0.464748715176,0.545079816598,-0.123995311204,-1.35948896635,0.0792331679207,1.89543770643,0.158742849116,-0.00384887685978,-0.0231614099092,0.000278198433176,-0.0412926910642,-0.00103325947925,0.0154360900863,-0.0027143296968,0.573868555644,0.818932573205,0.00225128600155,0.0,0.81889376253,-0.573809212745,-0.0116935862501,0.0,-0.00828460953402,0.00855431021299,-0.999929091997,0.0,0.661277209074,0.260320717021,0.303503062406,1.0,-0.00446,-0.00586171428571,0.224
0.464689358489,0.544690339258,-0.123995661421,-1.36013174411,0.0792275909933,1.8956624308,0.158691017473,-0.00364707187293,-0.0249539408935,0.00078678547161,-0.0392475103891,-0.000448279586075,0.0182506406989,-0.00479973624208,0.573909304811,0.818904035408,0.00224444746109,0.0,0.818864825167,-0.573849662009,-0.0117350082172,0.0,-0.00832203039253,0.00857289454049,-0.999928622097,0.0,0.661200398418,0.260224430629,0.303492308542,1.0,-0.00478,-0.00628228571429,0.24
0.464630291771,0.544258611068,-0.124004128371,-1.36087503808,0.0791952476285,1.8959139945,0.158568658376,-0.00651445017577,-0.0276534137915,-0.00117239541003,-0.0411744023378,-0.00170945966846,0.0099201230422,-0.00752950270203,0.573897062823,0.818912744172,0.00219672860527,0.0,0.818872756415,-0.573837442048,-0.0117790409444,0.0,-0.00838560306866,0.00855896299555,-0.99992821033,0.0,0.661104467126,0.260101343945,0.303464959449,1.0,-0.00514,-0.00675542857143,0.258
0.464560441598,0.543776677648,-0.124005481642,-1.36166634142,0.0791600748,1.89619852876,0.158483359788,-0.00630096392905,-0.0337661547367,-0.000835818992235,-0.0497701238098,-0.000134160497023,0.0212704276854,-0.00464600108139,0.573919206966,0.818897263305,0.00218241357194,0.0,0.818857012526,-0.573859560445,-0.0117959664293,0.0,-0.00840744760333,0.00855718110838,-0.999928042149,0.0,0.661017977801,0.259988801912,0.303455203916,1.0,-0.00546,-0.007176,0.274
0.464493288571,0.543294707199,-0.124007720461,-1.36245887708,0.0791157407567,1.8964677657,0.158377296835,-0.00449273299498,-0.0273099346581,-0.000411249434602,-0.0502435122987,-0.000133195720747,0.024035190309,-0.0050696844135,0.573921121626,0.818896010906,0.00214857486066,0.0,0.818855258444,-0.573861544607,-0.0118211776367,0.0,-0.00844749336306,0.0085439598487,-0.999927817698,0.0,0.66092237837,0.259866464883,0.303442351096,1.0,-0.00578,-0.00759657142857,0.29
0.464418484392,0.542748082987,-0.124003104106,-1.36333505812,0.0790582776323,1.89677523386,0.158290966273,-0.00598744143281,-0.0336976786172,-0.00024763358728,-0.054194770913,-0.00504220490229,0.0165865950428,-0.0117029794928,0.573941789431,0.818881579357,0.00212796538315,0.0,0.818840547574,-0.573882279868,-0.0118335709954,0.0,-0.00846925473999,0.00853440956584,-0.999927715176,0.0,0.660817876603,0.25973444247,0.303438435614,1.0,-0.00612,-0.00804342857143,0.307
0.464346699816,0.542129398134,-0.12401065765,-1.36430294145,0.0789978549257,1.89713810961,0.158142979998,-0.0057669150295,-0.0336995286416,0.000417961387336,-0.0551696399908,-0.00672228986632,0.0220180247765,-0.00737254780839,0.573922395532,0.818895150238,0.00213628751193,0.0,0.818854276786,-0.573862905979,-0.0118230889333,0.0,-0.00845609683479,0.00853500801414,-0.999927821427,0.0,0.660707223435,0.259590714312,0.303446973533,1.0,-0.00648,-0.00851657142857,0.325
0.464273142037,0.54154849827,-0.124011617489,-1.36520207854,0.0789570579346,1.89746556474,0.15802606858,-0.00258084023522,-0.0378988985051,-0.000822957515758,-0.0577821436757,-0.00166606588979,0.0182956723705,-0.00884017850545,0.57392656309,0.818892189968,0.0021513462553,0.0,0.818851381337,-0.5738668812,-0.0118306739425,0.0,-0.00845362288608,0.00855173553514,-0.999927699426,0.0,0.660602061058,0.259458076853,0.303458172534,1.0,-0.0068,-0.00893714285714,0.341
0.464195118617,0.540895399656,-0.124011480801,-1.36621110184,0.0788900289137,1.8978445958,0.15789995526,-0.00531729430898,-0.040233232601,0.00102668094677,-0.0637771678849,-0.01080382052,0.0276178195586,-0.00726507157695,0.57392517593,0.818893120423,0.0021671775036,0.0,0.818852570072,-0.573865485016,-0.011816111635,0.0,-0.00843262651301,0.00855632755336,-0.999927837431,0.0,0.660485950997,0.259310293901,0.303472427101,1.0,-0.00714,-0.009384,0.358
0.464111627103,0.540282015305,-0.124009440273,-1.36715661014,0.0788351483268,1.89818409057,0.157784797744,-0.00410676665746,-0.0385644512314,0.000214265179828,-0.0672177189398,-0.000201170255228,0.0241166798247,-0.00560075547441,0.573935449796,0.818885898116,0.00217537041481,0.0,0.818845402839,-0.573875673246,-0.0118179865914,0.0,-0.00842935269364,0.00856421840141,-0.999927797482,0.0,0.660375706469,0.259166312013,0.303485273836,1.0,-0.00744,-0.00977828571429,0.373
0.464012981385,0.539554652653,-0.124017319474,-1.36827015705,0.0787690093091,1.89860947171,0.157639311314,-0.00691118700297,-0.0464761188423,-0.000442686467144,-0.0672187873335,-0.00944559527516,0.0235703526656,-0.00237208224934,0.573946628578,0.818877978854,0.00220685154268,0.0,0.818837930473,-0.573886766255,-0.0117970350971,0.0,-0.00839401097211,0.00857808742606,-0.999927975904,0.0,0.660253419306,0.258992135461,0.303506358524,1.0,-0.00778,-0.0102251428571,0.39
0.46388664999,0.538716335016,-0.124017993765,-1.3695758269,0.0787016767641,1.89911165252,0.157478104774,-0.003787045221,-0.0457406219061,1.36966210839e-06,-0.0731806904899,-0.00520980796499,0.0320148952649,-0.00795978097615,0.573972825173,0.818859523436,0.00224137072948,0.0,0.818819839614,-0.573912740039,-0.0117891465556,0.0,-0.00836746481309,0.0086020941931,-0.999927992161,0.0,0.660110282786,0.258787537075,0.303520697489,1.0,-0.00816,-0.0107245714286,0.409
0.463780826284,0.538032636963,-0.124019642216,-1.37063295386,0.0786395375663,1.89951805933,0.157339912615,-0.00781399460823,-0.0465397728704,-0.00170530089225,-0.0701890346534,-0.00359223851903,0.0170738190095,-0.0113328176234,0.573992675398,0.818845528192,0.00227078197879,0.0,0.818806281088,-0.573932531434,-0.0117673410059,0.0,-0.00833251933878,0.00861386393708,-0.999928182656,0.0,0.659989239725,0.258606742722,0.303535617949,1.0,-0.00848,-0.0111451428571,0.425
0.463668994923,0.537189007525,-0.12403078215,-1.37197154841,0.0785527984374,1.90002144449,0.157182360958,-0.00829777761239,-0.0441425560634,0.00131115272804,-0.0783265545072,-0.00669617133973,0.0329992144697,-0.00998655194294,0.574010289573,0.818833185786,0.00226896894433,0.0,0.818793967471,-0.573950204432,-0.011762166795,0.0,-0.00832913768073,0.00860958861325,-0.999928247651,0.0,0.65984463998,0.258409785584,0.303538248559,1.0,-0.00882,-0.011592,0.442
0.463551202195,0.53635035124,-0.124039602815,-1.37327422645,0.0784779319833,1.90051807365,0.157020836228,-0.00734716172896,-0.0454412513909,0.000253458321136,-0.0786944034153,-0.00547021177339,0.0380668761116,-0.00476044910968,0.574032400854,0.8188176107,0.00229566492949,0.0,0.818778755343,-0.573972228755,-0.0117463747071,0.0,-0.00830065036926,0.00862260736002,-0.999928372358,0.0,0.659700314352,0.258204909831,0.303553576545,1.0,-0.00916,-0.0120388571429,0.459
0.463440664642,0.535534516263,-0.124054521309,-1.37456407107,0.0784098533293,1.90098108502,0.156859793846,-0.00380373974643,-0.0495439829785,-0.00179018721422,-0.0810993167011,-0.00623689501169,0.0295339885795,-0.00431578110182,0.574054106311,0.818802415296,0.00228793225128,0.0,0.818763411077,-0.573993910451,-0.0117564598462,0.0,-0.0083131185909,0.00862228527045,-0.999928271556,0.0,0.659550500363,0.258001338592,0.303556045188,1.0,-0.00948,-0.0124594285714,0.475
0.463322342138,0.534634391224,-0.124060944208,-1.37600185054,0.0783245327843,1.90150466214,0.15669323208,-0.00734486597563,-0.0496735549851,-0.000298719776532,-0.0942223403862,-0.00103551238131,0.0328051672914,-0.00233375797473,0.574075108913,0.818787728067,0.00227433371781,0.0,0.818748535564,-0.574014949973,-0.0117651868264,0.0,-0.00832784937356,0.00861637420151,-0.999928199933,0.0,0.659381332794,0.257782450637,0.303552376269,1.0,-0.00982,-0.0129062857143,0.492
0.463196834343,0.533669032839,-0.124061726845,-1.37755962942,0.0782314218347,1.90207470742,0.156498577403,-0.00649309286825,-0.0602565106825,0.000127464682434,-0.093538951128,-0.00229891842624,0.0321737331754,-0.0135486520229,0.574079387396,0.81878478323,0.00225446656925,0.0,0.818745296224,-0.57401926618,-0.0117800198031,0.0,-0.00835135450464,0.00860866619462,-0.999928070285,0.0,0.65919586467,0.257550625473,0.303541263266,1.0,-0.01018,-0.0133794285714,0.51
0.463079825427,0.532805393896,-0.124064835182,-1.37895051088,0.078164548574,1.90260683619,0.156322183038,-0.00457255184187,-0.0523772621532,-0.000606843389973,-0.0912537054453,-0.0034770105997,0.0377968426345,-0.010445399796,0.574091251351,0.818776434652,0.00226540988995,0.0,0.818736957351,-0.574030950002,-0.0117902506065,0.0,-0.00835332479139,0.00862362055632,-0.999927924969,0.0,0.659035507921,0.257343200219,0.303534490835,1.0,-0.0105,-0.0138,0.526
0.462948509873,0.531828771441,-0.124057048903,-1.38051389147,0.0780735584451,1.90317976043,0.156125448382,-0.00848267841993,-0.0593496022234,0.000436568048471,-0.0936724745674,-0.00427397063313,0.0306641875789,-0.00871126800017,0.574093091862,0.818775168777,0.00225649557001,0.0,0.818735476555,-0.57403272247,-0.0118067719759,0.0,-0.00837195060795,0.00862582527826,-0.999927750181,0.0,0.658848228063,0.257112590982,0.303528231164,1.0,-0.01084,-0.0142468571429,0.543
0.462821259085,0.530830726325,-0.124054238542,-1.38212459615,0.0779609367855,1.90374783664,0.155911723766,-0.00719994871478,-0.0586030601825,0.00314835344086,-0.091700568033,-0.00448116287974,0.0331422844704,-0.0156369254934,0.574077585716,0.818786165817,0.00221068909287,0.0,0.818745933228,-0.574017452976,-0.0118240180582,0.0,-0.00841253025532,0.00859806198409,-0.999927648715,0.0,0.658650350588,0.256872655887,0.303514035963,1.0,-0.01118,-0.0146937142857,0.56
0.462699252239,0.529921246359,-0.124059929338,-1.3835902823,0.0778769498969,1.90427136601,0.155724435097,-0.00779561506673,-0.0596462990379,-0.00103082508421,-0.0995954585914,-0.00476576651151,0.0385474101406,-0.0125960051576,0.574085182866,0.818780911699,0.00218365560332,0.0,0.818740263947,-0.57402509064,-0.0118457759996,0.0,-0.00844578477468,0.00858849660115,-0.999927450591,0.0,0.658473708277,0.256648898038,0.303502713141,1.0,-0.01148,-0.015088,0.575
0.462544713739,0.528802045727,-0.124062060228,-1.38533335302,0.0777770476368,1.90492337617,0.155485258922,-0.00989580092843,-0.0584152434587,-0.000529997315653,-0.094793116515,-0.00450488243984,0.0424015329207,-0.016209302834,0.57408513984,0.818780872099,0.00220966095629,0.0,0.818740509136,-0.574024890644,-0.0118385186059,0.0,-0.00842491440544,0.00860562223065,-0.999927479412,0.0,0.658271380343,0.256381774946,0.303517863967,1.0,-0.01184,-0.0155611428571,0.593
0.462431075059,0.527830133382,-0.124059215213,-1.3868495565,0.0776735019202,1.90551404448,0.15527059457,-0.0104520935885,-0.0632698140328,0.000392889186127,-0.10354864049,-0.0177477599252,0.0439398679068,-0.0130462171665,0.574054778368,0.818802071475,0.00224189251405,0.0,0.81876223578,-0.57399451797,-0.0118085351326,0.0,-0.00838218039769,0.00861448880119,-0.999927762208,0.0,0.658094128519,0.25616474549,0.303531535433,1.0,-0.01214,-0.0159554285714,0.608
0.46227950491,0.526673811473,-0.124065019747,-1.38860741292,0.0775572346941,1.90619279148,0.155035016951,-0.00804058286646,-0.0607880179819,-0.000186138037252,-0.10055918779,-0.0075734971055,0.0378201859064,-0.0172669735553,0.574053843963,0.818802565225,0.00230006826812,0.0,0.818763617674,-0.573993497373,-0.0117622382196,0.0,-0.00831088660793,0.00863553654054,-0.999928175757,0.0,0.657894637214,0.255895402059,0.303567636906,1.0,-0.01248,-0.0164022857143,0.625
0.46210620357,0.525373159915,-0.12406569822,-1.39065075766,0.0774383945896,1.90692816864,0.154765465418,-0.00759855448992,-0.0720245748501,0.000732798832101,-0.111413667215,-0.00528351647252,0.0454588382338,-0.0153782731971,0.574053529524,0.818802795272,0.00229664908169,0.0,0.818763703759,-0.573993092577,-0.0117759917211,0.0,-0.00832411449439,0.0086406288784,-0.999928021735,0.0,0.657647195888,0.255586233938,0.303573855001,1.0,-0.01286,-0.0169017142857,0.644
0.4619528457,0.524259235355,-0.124071613955,-1.39241492424,0.0773234329285,1.90756154895,0.154522806294,-0.0100333654289,-0.0698350896239,0.000195430119107,-0.113474585195,-0.00164751458589,0.0416883355033,-0.0106825874999,0.574048325183,0.818806499958,0.00227659473105,0.0,0.818767190081,-0.573988009127,-0.0117813720051,0.0,-0.00834008647144,0.00862724403997,-0.999928004217,0.0,0.657435277294,0.255311584564,0.303572598502,1.0,-0.01318,-0.0173222857143,0.66
0.461786624912,0.523008659598,-0.124086616291,-1.39442844208,0.0771967833154,1.90831515695,0.154238568949,-0.0102386784577,-0.0682585057762,-0.00299461439881,-0.114694905481,-0.00403989089631,0.0380314798253,-0.0169624387586,0.574036284502,0.818814984737,0.00226091702755,0.0,0.818775556151,-0.573976117735,-0.0117792962252,0.0,-0.00834751259635,0.00861309286455,-0.999928064245,0.0,0.657197708104,0.255001667853,0.303559170453,1.0,-0.01354,-0.0177954285714,0.678
0.461623768462,0.521769187828,-0.124091104379,-1.39637646862,0.0770804509354,1.90907386704,0.153977104833,-0.0098770336615,-0.0769379369685,-0.000102926130006,-0.109774685196,-0.00549538002613,0.0464459169613,-0.0231678892301,0.574031853566,0.818817978429,0.00230134597487,0.0,0.81877910061,-0.573971560096,-0.0117549779369,0.0,-0.00830444001743,0.00863219195767,-0.999928258196,0.0,0.6569717963,0.254709736689,0.303568858062,1.0,-0.01388,-0.0182422857143,0.695
0.46148248454,0.520672502427,-0.124093840243,-1.39816183885,0.0769674389627,1.9097535147,0.15374606997,-0.0146195903464,-0.0766661906221,-0.00030975165786,-0.117222614351,-0.00918033376936,0.0448550426113,-0.0235468367335,0.574025293665,0.818822614829,0.00228792035269,0.0,0.818783607498,-0.573965098352,-0.0117565670256,0.0,-0.00831351658398,0.00862204452045,-0.999928270323,0.0,0.656757999361,0.254445664527,0.303548452744,1.0,-0.01418,-0.0186365714286,0.71
0.461312779726,0.519352358719,-0.124099658603,-1.40020031169,0.0768402211642,1.91048314245,0.15346076757,-0.00958885574772,-0.0792369668794,0.00109589166821,-0.122136017874,-0.00906101026064,0.0389355421832,-0.0187738036018,0.574013851447,0.81883063659,0.00228775666603,0.0,0.818791674082,-0.573953706864,-0.0117509034749,0.0,-0.00830909332975,0.00861854340572,-0.999928337271,0.0,0.656494699022,0.254110518254,0.303568090761,1.0,-0.01454,-0.0191097142857,0.728
0.461140388725,0.518013912113,-0.124106380286,-1.40230744712,0.0766983791256,1.9112371261,0.15318379151,-0.0108591339192,-0.0782726263319,-0.000466972428178,-0.123364426817,-0.0145081617652,0.0431924490533,-0.0160458250578,0.573998598895,0.818841342507,0.0022827983757,0.0,0.818802350236,-0.573938510838,-0.0117492095573,0.0,-0.00831071263399,0.00861335633297,-0.999928368509,0.0,0.656233100115,0.253797557833,0.30357966344,1.0,-0.01488,-0.0195565714286,0.745
0.460970682875,0.516729178845,-0.124106550938,-1.40430047272,0.076571157905,1.911958495,0.152899985114,-0.00967988728672,-0.0831060827067,-6.89404079326e-05,-0.121342471193,-0.00706570619555,0.0429513868129,-0.016457510868,0.573978884446,0.818855161565,0.00228286851173,0.0,0.818816155285,-0.573918783099,-0.0117507936827,0.0,-0.00831217697654,0.00861412291573,-0.999928349733,0.0,0.656004664845,0.25351118051,0.303585752681,1.0,-0.01518,-0.0199508571429,0.76
0.460770847137,0.515273092909,-0.124116975639,-1.40661433213,0.076421807775,1.91283756012,0.152580582948,-0.0112126850828,-0.084499885926,-0.00138550805303,-0.129262350034,-0.00610791983074,0.0496617197202,-0.016318417805,0.573970341108,0.81886112493,0.0022918351295,0.0,0.818822345911,-0.573910322016,-0.0117326476488,0.0,-0.00829226086663,0.00861096337797,-0.999928542307,0.0,0.655730825789,0.253154049897,0.303582045775,1.0,-0.01554,-0.020424,0.778
0.460579334479,0.513887282382,-0.124117771839,-1.40886554605,0.076295910455,1.91363484883,0.152273776113,-0.0125740741675,-0.0799401995497,0.000130116959656,-0.137767851925,-0.0122137287426,0.0420990073972,-0.0127533585315,0.573960950118,0.818867851647,0.00223968294799,0.0,0.818828203763,-0.573900932438,-0.0117830119113,0.0,-0.00836353454149,0.0085970697974,-0.999928068253,0.0,0.655447191664,0.25281284638,0.303551095964,1.0,-0.01588,-0.0208708571429,0.795
0.460400900536,0.512572358529,-0.124116271468,-1.41099699285,0.0761708845601,1.91436872598,0.151983247397,-0.0110005530224,-0.0812769324668,0.00137254080086,-0.140423950727,-0.00547618737008,0.0486683764075,-0.0119875781267,0.573945936412,0.818878553828,0.00217325996993,0.0,0.818837868451,-0.573886001688,-0.0118384609929,0.0,-0.00844722097779,0.00857434922438,-0.999927559873,0.0,0.655172786433,0.252490777033,0.303521477658,1.0,-0.0162,-0.0212914285714,0.811
0.46020549072,0.511129952503,-0.124120524772,-1.41328868006,0.076035250363,1.91524316705,0.151658466657,-0.00988050627539,-0.0867155701494,0.00143633417348,-0.134638158728,-0.0143641771819,0.0545419564052,-0.0222897738135,0.573926553724,0.818892083439,0.00219397180327,0.0,0.818851641347,-0.573866513305,-0.0118305228372,0.0,-0.00842903683037,0.00858655393066,-0.999927608595,0.0,0.654897006331,0.252144677073,0.303516809495,1.0,-0.01654,-0.0217382857143,0.828
0.459985154616,0.509567871971,-0.124122862687,-1.41577629051,0.0758765206188,1.91617704041,0.151303525289,-0.0121141266252,-0.0897899350621,-0.00071010299671,-0.141224132944,-0.0146684404604,0.0492220478502,-0.0225373210883,0.573900462391,0.818910382285,0.00218905323099,0.0,0.818869919694,-0.573840488787,-0.0118277195592,0.0,-0.00842983727026,0.00858064877162,-0.999927652538,0.0,0.654575444952,0.251743245212,0.30350759636,1.0,-0.01692,-0.0222377142857,0.847
0.45980894361,0.508242913991,-0.124120297058,-1.4178752384,0.0757411820381,1.91691321881,0.151013662413,-0.0113719137192,-0.0896140053551,0.000289341233223,-0.140208520449,-0.0110265764892,0.0458595588803,-0.0147390228114,0.573882193615,0.818923259977,0.00216079173721,0.0,0.818882374031,-0.573822277238,-0.0118489893596,0.0,-0.00846366551033,0.00856952326326,-0.999927462188,0.0,0.6543269348,0.25144481893,0.30349893731,1.0,-0.0172,-0.0226057142857,0.861
0.459591655927,0.506721982089,-0.124125261008,-1.42027129703,0.0755897199287,1.91778196069,0.150688780112,-0.016720874367,-0.0874241378764,0.00032113196751,-0.136674402269,-0.00131659087166,0.0535486663373,-0.0173109465566,0.573879604607,0.818925085421,0.00215656796729,0.0,0.818884169506,-0.573819730599,-0.0118482323115,0.0,-0.00846549639483,0.00856560315751,-0.999927480277,0.0,0.654014764997,0.251047797516,0.303498642058,1.0,-0.01756,-0.0230788571429,0.879
0.459353112858,0.505028739701,-0.124134536361,-1.42287154381,0.0754236683999,1.91878655721,0.150315951,-0.0156310446727,-0.0903637153301,-0.000600470842174,-0.1432527554,-0.00854781143002,0.0577694864774,-0.022143206997,0.573866875377,0.818933816014,0.00222738294373,0.0,0.818893908535,-0.573806814427,-0.0118005586,0.0,-0.00838595042948,0.00859610551775,-0.999927888803,0.0,0.653723538977,0.250663673968,0.303530737743,1.0,-0.0179,-0.0235257142857,0.896
0.459142524963,0.50346465118,-0.124133353473,-1.42519911032,0.0752756629249,1.91966910584,0.150000364748,-0.0138588907182,-0.0959154415838,0.00099276716703,-0.140779894327,-0.0127770855696,0.0552376986631,-0.0205016282848,0.57385970801,0.818938562553,0.00232662596984,0.0,0.818899984446,-0.573799310946,-0.0117436422797,0.0,-0.00828246461249,0.00864464353631,-0.999928332891,0.0,0.653442483235,0.250307138552,0.303591853418,1.0,-0.01822,-0.0239462857143,0.912
0.458910769536,0.501775401098,-0.12414404316,-1.42770871501,0.0751150441434,1.92059648242,0.149648019649,-0.01368950441,-0.0963215986526,-0.00060701280817,-0.151107383204,-0.00787610118345,0.0489005025815,-0.0233686456249,0.573853595612,0.818942594292,0.00241349490085,0.0,0.818905214045,-0.57379295226,-0.0116895358586,0.0,-0.00818837010916,0.00868467294871,-0.999928760988,0.0,0.653137543135,0.249911011634,0.303657359519,1.0,-0.01856,-0.0243931428571,0.929
0.458670696356,0.50006017824,-0.12414473685,-1.43029814178,0.0749554578691,1.92150513328,0.14928842267,-0.0163343177358,-0.0929494373699,-0.000688393946798,-0.147454407173,-0.0120075825444,0.0537242149168,-0.0264449433383,0.573844894681,0.818948595353,0.00244579605087,0.0,0.818911533623,-0.573784028267,-0.0116848579568,0.0,-0.00816609652287,0.00870835434131,-0.999928737177,0.0,0.652808941843,0.2495052501,0.303700435084,1.0,-0.0189,-0.02484,0.946
0.458434913797,0.498487967177,-0.124144162579,-1.43276996767,0.0747997911968,1.92242605046,0.14893819454,-0.0191413658803,-0.0923058208336,0.00102633092294,-0.155065524224,-0.0142950425187,0.0610597352813,-0.0194562533768,0.573834495327,0.818955836108,0.00246117421412,0.0,0.818918963404,-0.573773563513,-0.0116780174708,0.0,-0.00815178080968,0.00871691932568,-0.999928779357,0.0,0.652504724449,0.249116603065,0.303700250752,1.0,-0.01922,-0.0252605714286,0.962
0.45817042812,0.49680394893,-0.124142643325,-1.43542043491,0.0746389773986,1.92338437263,0.148532781605,-0.0176553767565,-0.0965987390822,0.00136153860683,-0.152963438375,-0.0131658139966,0.0529535269017,-0.0297834169041,0.57380884378,0.81897382289,0.00245664861573,0.0,0.818936778506,-0.573747810803,-0.0116939860868,0.0,-0.00816772897925,0.00872212046678,-0.99992860386,0.0,0.652173821923,0.248691934751,0.303695611082,1.0,-0.01956,-0.0257074285714,0.979
0.457891698406,0.495046103132,-0.124145148766,-1.43830976251,0.0744608493633,1.92438320339,0.148126189724,-0.0101080560311,-0.0987650459274,0.000738470851519,-0.164486526516,-0.0158017093279,0.05699868782,-0.0269059003015,0.573803442152,0.818977938462,0.00234371234334,0.0,0.818939264001,-0.573742655227,-0.0117726102037,0.0,-0.00829698003455,0.00867468933413,-0.999927952348,0.0,0.651799156115,0.248228488779,0.303631835323,1.0,-0.01992,-0.0261805714286,0.997
0.457642495014,0.493545133054,-0.124149243451,-1.44075766283,0.0743035423044,1.92526115546,0.147782936573,-0.0143824008656,-0.093992112308,0.00224870177326,-0.170087095424,-0.0084375496028,0.0581256287362,-0.0284476556947,0.573809835424,0.818973639275,0.00227987826416,0.0,0.81893410663,-0.573749261977,-0.0118093302028,0.0,-0.00836361268761,0.00864354630469,-0.999927666929,0.0,0.651491258228,0.247827544045,0.303588179417,1.0,-0.0210422857143,-0.0276555755102,1.012
0.457339754552,0.491567752378,-0.124153651395,-1.44389764936,0.0741041351157,1.9264204869,0.147333529813,-0.0198550769142,-0.110065067315,0.000202760123849,-0.182150539271,-0.0138829988848,0.0691516825493,-0.0330030382731,0.573796264075,0.818983169675,0.00227200885669,0.0,0.818943528415,-0.573735716234,-0.0118140630679,0.0,-0.00837214737921,0.00863967854219,-0.999927628933,0.0,0.651098270284,0.247328170432,0.303570387276,1.0,-0.0227805714286,-0.0299401795918,1.03
0.457015488308,0.489595109378,-0.124157521336,-1.44711624919,0.0739056416925,1.92754105413,0.146875497391,-0.023608447521,-0.12191102899,0.00121405680418,-0.196011340793,-0.0164025301568,0.0675477617607,-0.0332846528505,0.573796066406,0.818983596699,0.00216550582389,0.0,0.81894239305,-0.573735758249,-0.0118904782438,0.0,-0.00849584208403,0.00859629967098,-0.999926959482,0.0,0.650681620413,0.246803575729,0.303507742831,1.0,-0.0244222857143,-0.0320978612245,1.047
0.456693081426,0.487546708856,-0.12417854189,-1.45029267246,0.0737064833349,1.92872925209,0.146415293774,-0.0174699302882,-0.130426541393,-0.00111710321791,-0.205034468247,-0.0136579519815,0.0737841687197,-0.0357261680238,0.573802236778,0.818979154501,0.00221008203469,0.0,0.818938604298,-0.573741824444,-0.0118586750995,0.0,-0.00844415378384,0.00861462165233,-0.999927239633,0.0,0.650292428982,0.246280632033,0.303523072496,1.0,-0.0259674285714,-0.0341286204082,1.063
0.456317837788,0.485244490183,-0.124197575422,-1.45381431189,0.0734906544913,1.9300947557,0.145898490986,-0.0230667929791,-0.141316718097,-0.000770142200462,-0.207517219694,-0.0174321851254,0.0793497970098,-0.0362718071003,0.573816043829,0.818969149888,0.00232943708212,0.0,0.818930245755,-0.57375526337,-0.0117854675127,0.0,-0.00831556762382,0.00867050375902,-0.999927834246,0.0,0.649872491972,0.245696377378,0.303564571932,1.0,-0.0276091428571,-0.0362863020408,1.08
0.455940217308,0.482951133923,-0.124232699852,-1.45734998618,0.0732659741485,1.93129788228,0.145360241319,-0.0242125198456,-0.140716968616,0.000185781955161,-0.227454653111,-0.0106262185803,0.0711583048083,-0.0348091045804,0.573822039752,0.81896505662,0.00229120727945,0.0,0.818925628626,-0.573761376977,-0.0118086396627,0.0,-0.00835641789335,0.00865255264806,-0.999927649189,0.0,0.649418747205,0.245087617591,0.303578422088,1.0,-0.0291542857143,-0.0383170612245,1.096
0.455542077182,0.480509779153,-0.124264684092,-1.46113154981,0.0730395150809,1.93264243057,0.144803450602,-0.0248844822585,-0.155558939938,0.000516948221814,-0.243605706833,-0.0166166574801,0.0910167350009,-0.0384479189865,0.573838691733,0.818953376724,0.00229554432158,0.0,0.818913911368,-0.573777913044,-0.0118177481446,0.0,-0.00836121309739,0.00866150107435,-0.999927531632,0.0,0.648938871833,0.244449656252,0.303588815403,1.0,-0.0306994285714,-0.0403478204082,1.112
0.455024179315,0.477464369242,-0.124282859066,-1.46575727338,0.0727559548283,1.93435167873,0.144123963629,-0.0301873578517,-0.160986126676,0.000704219510902,-0.250130624705,-0.0195075328267,0.0865792315759,-0.0295259205788,0.573867463446,0.818932899699,0.00240563728202,0.0,0.81889482375,-0.573806218908,-0.0117659542518,0.0,-0.0082553163407,0.00872223016952,-0.999927883626,0.0,0.648366125133,0.2436659611,0.30364532849,1.0,-0.0325342857143,-0.0427593469388,1.131
0.454567778447,0.47478939498,-0.124304575142,-1.46986676807,0.072492912731,1.93586762924,0.143544086055,-0.0250382701707,-0.170429783173,-0.00164292211281,-0.264295292145,-0.0219732683545,0.0987309984864,-0.0417458297512,0.57390897089,0.818903628666,0.00246718273956,0.0,0.818866420112,-0.573847565528,-0.0117262292143,0.0,-0.00818702247092,0.00875024970793,-0.999928200319,0.0,0.647853676845,0.242966988062,0.303672582806,1.0,-0.0340794285714,-0.0447901061224,1.147
0.454069935901,0.471841498855,-0.1243120147,-1.47444521754,0.0722117597143,1.93743950095,0.14285884464,-0.0282334846188,-0.173692207259,-0.00196727065715,-0.274391407584,-0.0118770339017,0.094314751015,-0.0491048026573,0.573903602296,0.818907517768,0.00242477143454,0.0,0.818869463853,-0.573842041699,-0.0117838554516,0.0,-0.00825861103081,0.00874853681362,-0.999927626605,0.0,0.647247950801,0.242199363548,0.303668070826,1.0,-0.0357211428571,-0.0469477877551,1.164
0.453616115306,0.46910086635,-0.124306623625,-1.478568,0.0719513379069,1.93899109084,0.14220736762,-0.027644684314,-0.178696218832,-0.000705992291741,-0.272288186761,-0.0181138773337,0.103661752265,-0.0436747248628,0.573863492718,0.818935182239,0.00257019818333,0.0,0.818898989723,-0.573801372649,-0.0117122277384,0.0,-0.00811692838779,0.00882612254337,-0.999928104933,0.0,0.646727948956,0.241520944815,0.303732914583,1.0,-0.0371697142857,-0.0488516244898,1.179
0.453073634441,0.465882518982,-0.124302417356,-1.48344884955,0.0716250092961,1.94079135788,0.141428286232,-0.0342239551431,-0.19004339241,0.000629363075011,-0.293377592135,-0.0215480015265,0.102045371991,-0.0461593498797,0.573808198333,0.818973574906,0.00267993152675,0.0,0.818938865721,-0.573745763139,-0.0116481926925,0.0,-0.00800211671715,0.00887869948994,-0.99992856486,0.0,0.646103064428,0.2407081901,0.303786252621,1.0,-0.0388114285714,-0.0510093061224,1.196
0.452498756174,0.462573012857,-0.124318446009,-1.48864774697,0.0712735886284,1.94256676068,0.140648316868,-0.0342689693578,-0.197288633819,-0.00363095688467,-0.306191463108,-0.0202315826317,0.112661369829,-0.0512586040405,0.573798935372,0.81898040886,0.00257265834602,0.0,0.818944227821,-0.573736792378,-0.0117128856942,0.0,-0.00811675144006,0.00882787500805,-0.999928090899,0.0,0.645405165873,0.239821751115,0.30374736862,1.0,-0.0404531428571,-0.0531669877551,1.213
0.451894483214,0.459167222788,-0.124318759981,-1.49397385168,0.0709118007748,1.94441851206,0.139868587975,-0.0371849850161,-0.199925879889,-0.000523740646315,-0.312912736476,-0.0260873159004,0.109111946068,-0.0498794060897,0.573803518303,0.818977407004,0.00250521494909,0.0,0.81894026423,-0.573741527701,-0.0117579723892,0.0,-0.00819232561448,0.00879855671689,-0.999927732989,0.0,0.644692424272,0.238916095641,0.303717741946,1.0,-0.0420948571429,-0.0553246693878,1.23
0.451169970733,0.455259766955,-0.124332712411,-1.50017250476,0.0704959690647,1.94661519996,0.138908453683,-0.0355926848142,-0.203467914766,-0.000979216764209,-0.327256524301,-0.0172200333294,0.115177609154,-0.0524734876024,0.573792329841,0.818985525918,0.00241193973939,0.0,0.818947114003,-0.573730629622,-0.0118125357817,0.0,-0.00829065174507,0.0087533620456,-0.999927319232,0.0,0.643871197647,0.237844230704,0.303645415672,1.0,-0.0439297142857,-0.0577361959184,1.249
0.450608920388,0.452204504849,-0.124377474197,-1.5048226832,0.0701737187337,1.94826869378,0.138158211218,-0.0386435867759,-0.223368143493,-0.0031566429727,-0.329781171917,-0.0209842643587,0.128256860073,-0.0541629016456,0.573793696365,0.818984478331,0.00244236894209,0.0,0.818946685886,-0.573732118492,-0.0117698253477,0.0,-0.00823819737596,0.00875379008025,-0.999927749022,0.0,0.643267168923,0.237009749198,0.303674837197,1.0,-0.0452817142857,-0.0595131102041,1.263
0.449911992693,0.448357680027,-0.124416408551,-1.51061459546,0.0697794255415,1.95038312315,0.137294883776,-0.0466318819645,-0.22873993354,0.000495476223401,-0.350757387861,-0.0247367403447,0.111882622314,-0.0534948903196,0.573839909333,0.818951716319,0.0025674299632,0.0,0.818915789639,-0.573778130394,-0.0116761920957,0.0,-0.00808925813592,0.00880294343315,-0.999928533491,0.0,0.642517022838,0.235987621776,0.303740881268,1.0,-0.0469234285714,-0.0616707918367,1.28
0.449090363876,0.443926366043,-0.124439466087,-1.51741451493,0.0693258864263,1.95263729996,0.136271912509,-0.041356213526,-0.232403029595,-0.00247114078343,-0.359679294784,-0.0276622191032,0.128838636863,-0.0557931891548,0.573870941909,0.818930273668,0.00246896810901,0.0,0.818892780482,-0.57380920593,-0.0117624897413,0.0,-0.00821610049817,0.00877214011764,-0.999927770017,0.0,0.641575894459,0.234786066945,0.303735616206,1.0,-0.0487582857143,-0.0640823183673,1.299
0.448389294847,0.440153312491,-0.124444861081,-1.52323615133,0.0689102770414,1.95471130064,0.135302290682,-0.0420439709092,-0.23696077397,-0.000702765598868,-0.368009849961,-0.0255385671302,0.130436198514,-0.0677866765983,0.573797835163,0.818981492939,0.00247092846243,0.0,0.818944150181,-0.57373623462,-0.0117455893809,0.0,-0.00820191704686,0.00876331489025,-0.99992796384,0.0,0.640789689269,0.233773318457,0.303725380857,1.0,-0.0503034285714,-0.066113077551,1.315
0.447575341194,0.436032457679,-0.124450211016,-1.5295699422,0.0684941041526,1.95696901634,0.134281755957,-0.0442601093837,-0.246879796257,-0.000187609234788,-0.372640439189,-0.0169092782878,0.133867424847,-0.0577854283883,0.573801911294,0.818978517359,0.00251029888662,0.0,0.818941478608,-0.57373994298,-0.0117507167816,0.0,-0.00818348342508,0.00879854102952,-0.999927805531,0.0,0.639887201184,0.232576869135,0.303720721485,1.0,-0.0520417142857,-0.0683976816326,1.333
0.446730216312,0.43173295473,-0.124478768904,-1.53600366688,0.0680315746769,1.95932195066,0.133254098832,-0.0526649961024,-0.247996999534,-0.00115975348651,-0.3917590413,-0.0294740225515,0.139040717967,-0.0603824450632,0.573818567298,0.818966355247,0.00266602676607,0.0,0.818931754095,-0.573756498437,-0.0116193604715,0.0,-0.00798636887595,0.00885086916134,-0.999928937489,0.0,0.63909193724,0.231476521532,0.303795640677,1.0,-0.0535868571429,-0.0704284408163,1.349
0.445905580909,0.427637516713,-0.12451890225,-1.54240936156,0.0675614196752,1.96136309464,0.132245560272,-0.0521058035411,-0.259098455469,-0.00502481121603,-0.39932621689,-0.0304450771024,0.129794052549,-0.0644542050213,0.573840003757,0.818952114238,0.00241486551759,0.0,0.818914192597,-0.57377876459,-0.0117567584763,0.0,-0.00824278235654,0.00872423394233,-0.999927969546,0.0,0.638175445417,0.230294609257,0.303714168019,1.0,-0.055132,-0.0724592,1.365
0.445009693031,0.423112094071,-0.124568614473,-1.54927366596,0.0670620232153,1.96370466802,0.13109808934,-0.0538961055421,-0.266857244525,-0.00301818827086,-0.406397299418,-0.0314040643244,0.133812345321,-0.065167557356,0.573821876007,0.818964888187,0.00239027877845,0.0,0.81892684218,-0.573760936719,-0.0117457036097,0.0,-0.00824802905258,0.00869757258754,-0.999928158543,0.0,0.63722374761,0.229030281852,0.303728185296,1.0,-0.0567737142857,-0.0746168816326,1.382
0.444060370712,0.418504842458,-0.124578712785,-1.55623368936,0.0665920692318,1.96614661442,0.129995612883,-0.0587542109845,-0.276177410137,0.000787902890594,-0.404899921854,-0.0268268279523,0.148711254954,-0.068811431957,0.57386516696,0.818934335604,0.0024639438353,0.0,0.818897089408,-0.573803783679,-0.011726964502,0.0,-0.00818995126959,0.00874758129513,-0.999928199682,0.0,0.636263151295,0.227758159549,0.303754748432,1.0,-0.0584154285714,-0.0767745632653,1.399
