position_joint1,position_joint2,position_joint3,position_joint4,position_joint5,position_joint6,position_joint7,velocity_joint1,velocity_joint2,velocity_joint3,velocity_joint4,velocity_joint5,velocity_joint6,velocity_joint7,ee_T_00,ee_T_10,ee_T_20,ee_T_30,ee_T_01,ee_T_11,ee_T_21,ee_T_31,ee_T_02,ee_T_12,ee_T_22,ee_T_32,ee_T_03,ee_T_13,ee_T_23,ee_T_33,v_x,v_y,time
0.465091405521,0.547812986846,-0.123981729094,-1.35576673097,0.079489877575,1.89408943776,0.159150136503,0.000512757161163,-0.000189058824957,-0.00303065451013,-0.00116222047207,-5.09885662892e-05,0.000274664933525,-0.00192057272533,0.57377275795,0.819000449007,0.00195797417409,0.0,0.818957513872,-0.573714262313,-0.0118862354433,0.0,-0.00861168025765,0.00842365793528,-0.999927437842,0.0,0.661683602218,0.26091118937,0.303222183641,1.0,0.0,0.0,0.0
0.465088542761,0.547818437756,-0.123986628684,-1.35576673097,0.0794912000034,1.89409076565,0.159151033789,-0.00117047644495,0.00174368166395,-0.000992709518463,-0.00202725738589,0.00183848101328,0.000894470168522,-0.00189498419076,0.573779629876,0.818995644715,0.00195376030328,0.0,0.81895266957,-0.573721165274,-0.0118868171502,0.0,-0.00861450369355,0.00842061288381,-0.99992743917,0.0,0.661685520178,0.260906691652,0.303218602121,1.0,-0.00022,-0.000289142857143,0.012
0.465090722344,0.547803047272,-0.123985299045,-1.35577546207,0.079489877575,1.89409045094,0.159155628145,0.000537840982325,-0.00194624832932,-0.00129904191234,-0.0017031502884,-0.000140866082317,-0.000351750957454,0.000932652388049,0.573780775388,0.818994828689,0.00195940736245,0.0,0.818951923538,-0.573722283953,-0.0118842218785,0.0,-0.00860912634668,0.00842376065632,-0.999927458969,0.0,0.661683064302,0.260907834783,0.303225275664,1.0,-0.00056,-0.000736,0.029
0.465087624046,0.547781475414,-0.123984925063,-1.35579183251,0.079489877575,1.89408999252,0.159153733671,-3.16157055095e-05,-0.00275353161283,-0.000676418127856,-0.00382264853806,3.13146934579e-06,-0.000169969787751,-0.00532454299036,0.573782352595,0.818993711126,0.00196465992841,0.0,0.818950855261,-0.573723820678,-0.0118836507717,0.0,-0.00860562873176,0.00842775128617,-0.99992745545,0.0,0.661680514039,0.260904311177,0.303232713792,1.0,-0.00088,-0.00115657142857,0.045
0.465094383893,0.547694358795,-0.123977531229,-1.35589891339,0.0794894008416,1.89411228557,0.159151617749,0.00137778510168,-0.00419005820916,0.000371500491414,-0.00871460699559,-6.61286031596e-05,0.000421984007438,-0.00125609561103,0.573775637753,0.818998395829,0.00197282839741,0.0,0.818955531008,-0.573716960073,-0.0118926387641,0.0,-0.00860837269694,0.00843952760631,-0.999927332506,0.0,0.661659281178,0.260902933521,0.303245153095,1.0,-0.00122,-0.00160342857143,0.062
0.46508712869,0.547561670948,-0.12398216764,-1.35607461816,0.0794884437933,1.89414138305,0.159149986607,-0.000161196870288,-0.00721330168889,-0.00154115258068,-0.00923110246215,0.000154916484943,0.00229119025729,-0.000703277236441,0.573792788211,0.818986394569,0.00196687803398,0.0,0.818943341256,-0.573734024244,-0.0119088260576,0.0,-0.00862486772228,0.00844412275244,-0.99992715157,0.0,0.661631318914,0.260878153559,0.303258198727,1.0,-0.00156,-0.00205028571429,0.079
0.465079108018,0.547413971351,-0.123982194072,-1.35627413614,0.0794848575245,1.8942295624,0.159146789201,0.00207123400796,-0.0124377461529,-0.00217670523804,-0.0133925098716,0.000402228318558,0.00745763615345,0.00038310390431,0.573807048225,0.818976318259,0.00200210868272,0.0,0.818933667567,-0.573748082033,-0.0118967806204,0.0,-0.0085946410484,0.00846621377846,-0.999927225037,0.0,0.661609365596,0.260856501871,0.303275514285,1.0,-0.00188,-0.00247085714286,0.095
0.465050727016,0.547218820404,-0.123981792889,-1.35649938036,0.0794788795842,1.89436112416,0.159137725893,-0.000817705730534,-0.00891838486973,-0.000294175868716,-0.0162409513908,8.6271665751e-05,0.00995315598176,0.000169457308178,0.573833860594,0.8189573073,0.00209192675431,0.0,0.8189158241,-0.573774525329,-0.0118496423186,0.0,-0.00850422061782,0.00851300182195,-0.999927600895,0.0,0.661596765899,0.260821767017,0.303317940827,1.0,-0.00224,-0.002944,0.113
0.46502654138,0.547019135551,-0.123980371301,-1.35674729907,0.0794757614204,1.89449024197,0.159126388723,-0.00222189209641,-0.0145230940381,0.000191450789279,-0.0149167313199,0.000427005467206,0.0067934613069,-0.00259977127601,0.573856624017,0.818941161698,0.00216694500302,0.0,0.818900594905,-0.573796928866,-0.011817232684,0.0,-0.00843439426272,0.00855607453628,-0.999927824686,0.0,0.66157709516,0.260788058763,0.303352538249,1.0,-0.00256,-0.00336457142857,0.129
0.4649977816,0.546812969958,-0.123977156345,-1.3570778277,0.0794665299056,1.89460971195,0.159104996267,-0.00286579372788,-0.0208389547432,0.000631597758887,-0.0166061632265,-2.72551918812e-05,0.00858669708537,0.000942351615464,0.573876457446,0.818927257947,0.00216902766052,0.0,0.818886601935,-0.573816633674,-0.011830088398,0.0,-0.00844352026645,0.00856536182129,-0.999927668155,0.0,0.661537822643,0.260740980445,0.303351486814,1.0,-0.00288,-0.00378514285714,0.145
0.464952576446,0.546526991952,-0.123982532371,-1.35750600359,0.0794574790151,1.89475961834,0.158998474298,-0.00132335573974,-0.0220414478066,-0.000469811012961,-0.0238102966412,1.33429930109e-05,0.00841344025545,-0.0133014309568,0.57385148555,0.818944715406,0.00218461466786,0.0,0.81890412173,-0.573791460859,-0.011838317467,0.0,-0.00844157681371,0.00858259126222,-0.999927536829,0.0,0.661490550909,0.260669605699,0.303363397374,1.0,-0.00324,-0.00425828571429,0.163
0.46491143801,0.546240943548,-0.123982117359,-1.35796988505,0.0794408271915,1.8949257764,0.158934408649,-0.00295578697261,-0.0202017550847,-0.000572092571021,-0.0279685273673,-0.00376838163869,0.0136395210893,0.000443391812557,0.573853937691,0.818943007383,0.00218076992475,0.0,0.818902248116,-0.573793810459,-0.0118540292823,0.0,-0.00845662492141,0.00858848413008,-0.999927359079,0.0,0.661436327508,0.260599906563,0.303359551357,1.0,-0.00358,-0.00470514285714,0.18
0.464865497368,0.545946984894,-0.123982881608,-1.3584693301,0.0794147546569,1.89509781869,0.158900375247,-0.00255317496866,-0.0194056861409,-0.00304938432425,-0.0377635042949,-0.00400848338089,0.0167806433846,0.00110052349662,0.573885192336,0.818921177652,0.00215353481097,0.0,0.818880010149,-0.573825115238,-0.0118748895717,0.0,-0.00848900963119,0.0085784750559,-0.999927170589,0.0,0.661377329066,0.260521102786,0.303344893898,1.0,-0.0039,-0.00512571428571,0.196
0.464796126961,0.545594171201,-0.123983567891,-1.35907156767,0.0793069288428,1.89530442105,0.1588054428,-0.00330191504678,-0.0248174002377,-0.00111792870993,-0.0361477248232,-0.00798573506759,0.0129650086735,-0.0012099271086,0.573869693647,0.818932236066,0.00207710065596,0.0,0.818890688983,-0.57381054229,-0.011842632938,0.0,-0.00850661539771,0.00849721012095,-0.999927714845,0.0,0.66131377859,0.260404528518,0.303325806956,1.0,-0.00424,-0.00557257142857,0.213
0.464747205261,0.545219904462,-0.123987840129,-1.35976596232,0.0792848469456,1.89551497138,0.15873855027,-0.00434182648667,-0.0212196153278,0.000396729091514,-0.0443686635548,-0.000391123002153,0.0150835436595,-0.0010010492581,0.573890678066,0.818917739735,0.00199300721942,0.0,0.81887486812,-0.573831638309,-0.01191419904,0.0,-0.00861326418272,0.00846963435634,-0.999927035825,0.0,0.661221017795,0.260302891484,0.303278640353,1.0,-0.00458,-0.00601942857143,0.23
0.464678415379,0.544810684696,-0.123991512284,-1.36042831886,0.0792635086672,1.89574921523,0.158634173785,-0.00247665263706,-0.0246576704539,-0.000924541086262,-0.0438083113272,-0.00363020402545,0.0167168677956,-0.0126413374109,0.573895348174,0.81891448336,0.00198624980741,0.0,0.818871349658,-0.573836164887,-0.0119379846971,0.0,-0.00863657287936,0.00847780016871,-0.999926765575,0.0,0.661146194406,0.260194473645,0.303273466886,1.0,-0.0049,-0.00644,0.246
0.46461082978,0.544371395004,-0.123986737767,-1.36117453031,0.0792370947214,1.89601885358,0.158562664679,-0.00681555490949,-0.0255548994671,0.00346877888501,-0.0447953771056,-0.00383196745691,0.0191760637062,-0.00907294683171,0.573923405127,0.818894872804,0.00196449562351,0.0,0.818851244122,-0.573864102574,-0.011974083606,0.0,-0.00867832923821,0.00848099980735,-0.999926376912,0.0,0.66105788156,0.260083767175,0.303252414703,1.0,-0.00524,-0.00688685714286,0.263
0.46453441829,0.543830609375,-0.123987159112,-1.36204537411,0.0791917669224,1.89632533396,0.15845534833,-0.00162734797932,-0.0310061406946,0.00107157870211,-0.0568919535324,-0.00142446535887,0.0205375826034,-0.00590739664295,0.573935310829,0.818886570962,0.0019467365658,0.0,0.818842618549,-0.573875992237,-0.0119941020062,0.0,-0.00870479127954,0.00847807275939,-0.99992617172,0.0,0.660962396191,0.259953912884,0.303244328864,1.0,-0.00558,-0.00733371428571,0.28
0.464471305365,0.543363952792,-0.124002603053,-1.36278899459,0.0791511271124,1.89658208756,0.158339509127,-0.00434948632023,-0.0312921506701,-0.00136851112986,-0.0487698519507,-0.000372254124883,0.0183840255641,-0.00809270511698,0.573932873957,0.81888831899,0.00192979624872,0.0,0.818844147227,-0.573873629555,-0.0120027811232,0.0,-0.00872164599838,0.00846915608665,-0.999926100413,0.0,0.66086984922,0.25982824581,0.303246113202,1.0,-0.0059,-0.00775428571429,0.296
0.464392008388,0.542774360474,-0.124002027507,-1.36373685212,0.0790912287862,1.89692206068,0.158231144659,-0.00375330054827,-0.0341475863286,0.000343024587338,-0.0562336672039,-0.00721903145817,0.0227619158382,-0.00429649397573,0.573945379605,0.818879595148,0.00191227132947,0.0,0.81883519178,-0.57388620593,-0.0120124205151,0.0,-0.00873946817201,0.00846047120359,-0.999926018325,0.0,0.66075862479,0.259684781226,0.303241443398,1.0,-0.00626,-0.00822742857143,0.314
0.464321400888,0.542164132998,-0.124004159495,-1.36466254971,0.0790383868765,1.89725549442,0.158108279425,-0.00814387462999,-0.0375070426661,0.00064056549282,-0.0542425615608,-0.00916370583676,0.0174842045018,-0.00177769143752,0.573941335071,0.818882390063,0.00192925941705,0.0,0.818838170873,-0.573882052667,-0.012007766172,0.0,-0.0087259489094,0.00847166770601,-0.999926041596,0.0,0.660649573139,0.259549102448,0.303261362543,1.0,-0.0066,-0.00867428571429,0.331
0.464242694879,0.541571199407,-0.124002637382,-1.36556868163,0.0789809814229,1.89759419623,0.157981759095,-0.00515581618565,-0.0377213752548,0.000219026661912,-0.0580788813401,-0.00469670424931,0.0151442758113,-0.00553385321141,0.573936095982,0.818886013327,0.00194982260927,0.0,0.818842076196,-0.573876739824,-0.0119953591588,0.0,-0.00870404157752,0.00848132969099,-0.999926150627,0.0,0.660547002179,0.259411912703,0.303278612797,1.0,-0.00692,-0.00909485714286,0.347
0.4641601621,0.540861131751,-0.124000645505,-1.36665890698,0.0789249048891,1.8980051104,0.157845042165,-0.00381220695526,-0.0368304740258,0.0011196418352,-0.0612942562006,-0.00179646824608,0.00640567678624,-0.00483272970571,0.573935847586,0.818886111571,0.00198142176129,0.0,0.818842488407,-0.573876261321,-0.0119901114688,0.0,-0.00868161199346,0.00850419084612,-0.999926151449,0.0,0.66042007725,0.259257273775,0.303297225438,1.0,-0.00728,-0.009568,0.365
0.464070357956,0.540183347084,-0.124008385123,-1.36769887304,0.0788608708489,1.89838173155,0.157715170408,-0.00379561053919,-0.0483629363821,-0.000161985437896,-0.0695946083348,-0.00212704096019,0.0241205746658,-0.0051639597889,0.573948877383,0.818876955059,0.00199136291722,0.0,0.818833492275,-0.573889277594,-0.0119814812578,0.0,-0.0086687039629,0.00850751616524,-0.99992623515,0.0,0.660301424497,0.259094128683,0.303314157374,1.0,-0.0076,-0.00998857142857,0.381
0.463981703856,0.539488577015,-0.124013710797,-1.36877356305,0.0788000242183,1.89880196268,0.157594610337,-0.00635675920206,-0.0485088355642,-0.00128026149999,-0.0674880296934,-0.00361781511495,0.0247318856846,-0.00580584310101,0.573969823466,0.818862190539,0.002025230381,0.0,0.818819182974,-0.573910092273,-0.0119623777689,0.0,-0.00863340492883,0.00852450546528,-0.999926395854,0.0,0.660182674013,0.258932723169,0.303330176663,1.0,-0.00792,-0.0104091428571,0.397
0.463862304651,0.538690073821,-0.124005994531,-1.37001867514,0.0787301593774,1.89927935843,0.157436530996,-0.0087312368383,-0.0464339750855,-7.49765555239e-05,-0.0696400665743,-0.00166238941657,0.0280031665054,-0.00746083791848,0.573982950389,0.81885291482,0.00205510471218,0.0,0.81881022142,-0.57392301857,-0.0119556244145,0.0,-0.00861059178097,0.00854522984174,-0.999926415671,0.0,0.660043880957,0.258742148995,0.303342775523,1.0,-0.00828,-0.0108822857143,0.415
0.463747779475,0.537906414886,-0.124012268675,-1.37125070741,0.0786584269145,1.89975053605,0.157272010284,-0.00618454422412,-0.044280682565,0.00157791683379,-0.0758026712629,0.000500381488531,0.0244098669949,-0.0105016707904,0.573995307116,0.818844207263,0.00207329265981,0.0,0.818801766243,-0.573935313627,-0.0119444661279,0.0,-0.00859088642595,0.00855384788331,-0.999926511478,0.0,0.659908255296,0.258547325623,0.303350891658,1.0,-0.00862,-0.0113291428571,0.432
0.463639898785,0.537130157733,-0.124025414019,-1.37245177559,0.0785897140959,1.90019270713,0.157135275351,-0.00564370660659,-0.0437255306133,-0.000192988324313,-0.0712574755172,-0.00235620293816,0.0271019340975,-0.00992983890378,0.574020937512,0.818826220759,0.00208096044968,0.0,0.818783903522,-0.573960932965,-0.0119379087259,0.0,-0.00858084789256,0.00855663122051,-0.99992657386,0.0,0.659781658943,0.258366790868,0.303363923814,1.0,-0.00892,-0.0117234285714,0.447
0.463519915877,0.536281507969,-0.124026903981,-1.37377624041,0.078503491061,1.90069447487,0.156969807127,-0.00646996110365,-0.0489115449641,0.000833766117264,-0.0793485893981,-0.00466066584296,0.0240054219649,-0.00935610124271,0.574042287567,0.818811194582,0.00210395170343,0.0,0.818769237257,-0.573982246382,-0.0119190545593,0.0,-0.00855198902927,0.00856485717634,-0.99992675067,0.0,0.659624566281,0.258149016721,0.303378282959,1.0,-0.00928,-0.0121965714286,0.465
0.46339834736,0.535403455113,-0.124038206669,-1.37518487689,0.0784310814263,1.90120024012,0.156797578059,-0.0126844201757,-0.0557567477177,-0.000370338865568,-0.0850811455634,-0.00101851068703,0.0304369922784,-0.0162002625733,0.574066673593,0.818794142451,0.00208649469654,0.0,0.818751858786,-0.574006602087,-0.0119399077702,0.0,-0.0085788299817,0.00856278940802,-0.999926538459,0.0,0.659459474236,0.257929187685,0.303371707733,1.0,-0.00962,-0.0126434285714,0.482
0.463292562054,0.534563339501,-0.124042220264,-1.37653015206,0.0783422256105,1.90169273576,0.156634700345,-0.00680507891102,-0.0533800938225,-0.000628404519591,-0.0853056597453,-0.0116718384386,0.02771988151,-0.0104987340817,0.574072667097,0.818789983089,0.00206963434425,0.0,0.818747541653,-0.574012726117,-0.0119415323341,0.0,-0.0085897759857,0.00854997996134,-0.999926554098,0.0,0.659300299143,0.257727487631,0.303366932325,1.0,-0.00994,-0.013064,0.498
0.463159585988,0.533652112735,-0.124048405862,-1.37801860809,0.0782679853992,1.90223699979,0.156447359359,-0.0104506835052,-0.0521400186892,-0.00368567564048,-0.0883384806811,-0.00933234452332,0.0302269519331,-0.0142005001079,0.574094138506,0.818774984604,0.00204734493124,0.0,0.818732108052,-0.574034143817,-0.0119701244111,0.0,-0.00862575860827,0.00854836987566,-0.999926258112,0.0,0.659126372196,0.257496416284,0.303348611524,1.0,-0.01028,-0.0135108571429,0.515
0.463023316414,0.532650376807,-0.124042589586,-1.37963112772,0.0781891639318,1.90285273589,0.156245469641,-0.00970587377578,-0.0519308435369,5.03596331971e-05,-0.0880478773316,-0.0102956204021,0.0291056711858,-0.00996416738318,0.574103502717,0.818768384317,0.0020610464189,0.0,0.818725491251,-0.574043255937,-0.0119857077231,0.0,-0.00863055491528,0.00856863300089,-0.99992604329,0.0,0.65893815969,0.257260730235,0.303340675464,1.0,-0.01064,-0.013984,0.533
0.462898382083,0.531724344348,-0.124041123269,-1.38110591939,0.0780884158448,1.9033824758,0.156057998756,-0.00973814480517,-0.0570779245443,0.000639900799093,-0.0932493870089,-0.000719441654899,0.0263125940362,-0.00569514261935,0.574104517184,0.81876772935,0.00203853499891,0.0,0.818724595038,-0.574044416677,-0.0119913328427,0.0,-0.00864807323138,0.00855344177375,-0.999926021995,0.0,0.658761752886,0.257036022173,0.303337334711,1.0,-0.01096,-0.0144045714286,0.549
0.462763877359,0.530717844951,-0.1240459985,-1.38273918856,0.0779892579321,1.90396541169,0.155852779069,-0.00797725137542,-0.0630988413876,-0.00101614539676,-0.0923323368931,-0.00795744190323,0.0407957332791,-0.0118769238787,0.574112229011,0.818762419037,0.0019991434873,0.0,0.818718739057,-0.574052262959,-0.0120155153899,0.0,-0.00869040692098,0.00853515488649,-0.999925811227,0.0,0.658564503836,0.256787452482,0.303319918358,1.0,-0.0113,-0.0148514285714,0.566
0.462625734064,0.529683792762,-0.124046078721,-1.38438187596,0.0778837066078,1.90456591516,0.155630059409,-0.011749383738,-0.0597627488309,-0.00116361435601,-0.0986408714409,-0.00270069733588,0.041491926635,-0.0163407391333,0.574103844871,0.818768324271,0.00198830959372,0.0,0.818724522099,-0.574043944869,-0.0120188674463,0.0,-0.00869945836741,0.00852812002658,-0.999925792543,0.0,0.65836901908,0.256538706303,0.303318545684,1.0,-0.01164,-0.0152982857143,0.583
0.462491487137,0.528648148034,-0.124045785789,-1.38597575829,0.077786771636,1.90516364159,0.155417061379,-0.00446322077947,-0.0710628875304,0.000183951370661,-0.101457551485,-0.00264021634167,0.0417554191102,-0.0108135858543,0.574099514745,0.818771279208,0.00202148831593,0.0,0.818727903992,-0.574039468474,-0.0120022814478,0.0,-0.00866687612021,0.00854571737838,-0.999925925243,0.0,0.658182428448,0.256299781333,0.30334102199,1.0,-0.01196,-0.0157188571429,0.599
0.462354276992,0.527538480175,-0.124052059079,-1.38769153798,0.0776824511736,1.90583425617,0.155166774875,-0.00308941248631,-0.0649279857992,-0.00104982417549,-0.101504929885,-0.00247101468408,0.0413564300029,-0.0147703843173,0.574076338193,0.818787399876,0.00207331440552,0.0,0.818744762452,-0.574016138691,-0.0119680149467,0.0,-0.00860930966643,0.00856823447154,-0.999926229852,0.0,0.657985996619,0.256045349507,0.303363877768,1.0,-0.0123,-0.0161657142857,0.616
0.462201990863,0.526376660092,-0.124049972954,-1.38948673751,0.0775670825888,1.90650930028,0.154931728713,-0.00908030766444,-0.0664561613546,0.000596561383906,-0.107938371248,-0.00453698997272,0.037469278783,-0.0172505364928,0.574072957826,0.818789688892,0.00210507906157,0.0,0.818747506919,-0.574012668552,-0.0119466797541,0.0,-0.00857364121865,0.00858195924545,-0.999926418619,0.0,0.657775230915,0.255775685867,0.303385445055,1.0,-0.01264,-0.0166125714286,0.633
0.462050611929,0.525195707233,-0.124056448062,-1.39132657973,0.0774462214675,1.90716625598,0.154681631527,-0.0106575810583,-0.0644872883542,-0.00123261846985,-0.107906931173,-0.0114424385266,0.0360228050336,-0.0211270222379,0.574063014009,0.818796680043,0.00209752204566,0.0,0.818754452918,-0.574002810463,-0.0119443002807,0.0,-0.00857613498325,0.00857430161624,-0.999926462926,0.0,0.657552316441,0.25549453531,0.30339762066,1.0,-0.01298,-0.0170594285714,0.65
0.461894976293,0.524012858124,-0.124064922704,-1.3932229289,0.077329798551,1.90785071047,0.154423390821,-0.00850400022123,-0.0673874242912,-0.00121259971328,-0.109787452254,-0.0121364922171,0.0388448165415,-0.0132814560899,0.574055441066,0.81880206056,0.00206956690397,0.0,0.818759462998,-0.573995348033,-0.0119594769285,0.0,-0.00860468824384,0.00856004509742,-0.999926339771,0.0,0.657322354991,0.255205345074,0.303386413149,1.0,-0.01332,-0.0175062857143,0.667
0.461736138548,0.522794166959,-0.124069108627,-1.3951527715,0.0772105085558,1.90858608227,0.154165417837,-0.00774948284666,-0.0751204642368,0.000252405497754,-0.109770646072,-0.00896651865031,0.0506113157967,-0.0127327264887,0.574048669538,0.818806765749,0.0020862085108,0.0,0.818764423061,-0.573988546278,-0.0119463455652,0.0,-0.00858445406174,0.00856606200849,-0.999926462161,0.0,0.65709499943,0.254916046433,0.303388407786,1.0,-0.01366,-0.0179531428571,0.684
0.461562879766,0.521489756366,-0.124072065304,-1.39724919517,0.0770851591152,1.90939318643,0.153882782514,-0.0104440539513,-0.0702716598005,9.86212026667e-05,-0.121069087618,-0.0122049100354,0.0428256203273,-0.0134376125991,0.574039768105,0.818812979664,0.00209663287858,0.0,0.818770775405,-0.573979605571,-0.0119405457161,0.0,-0.00857381437644,0.00857117484334,-0.999926509634,0.0,0.656848010506,0.254603256143,0.303377207964,1.0,-0.01402,-0.0184262857143,0.702
0.461415743129,0.520359940398,-0.124083285488,-1.39903496046,0.0769769390541,1.9100446126,0.153642257989,-0.00648119415639,-0.0761765280214,-0.00196458580351,-0.116008136341,-0.0086174936597,0.0457609110564,-0.0135246174436,0.574037251443,0.818814760959,0.00208999820864,0.0,0.818772477131,-0.573977123434,-0.0119431724489,0.0,-0.00857979992179,0.00856722384217,-0.999926492153,0.0,0.65663224614,0.254329674854,0.303377622994,1.0,-0.01432,-0.0188205714286,0.717
0.461244016464,0.519037877724,-0.124081237558,-1.401098468,0.0768403091313,1.91078099749,0.153362406508,-0.010555096058,-0.0786803877952,-0.00308842711653,-0.1211066601,-0.00451110638725,0.0471490553217,-0.0181066757041,0.574019866644,0.818826971645,0.00208089076839,0.0,0.818784585644,-0.573959794862,-0.0119458401222,0.0,-0.00858739378636,0.00856111566744,-0.999926479281,0.0,0.656377053591,0.254018491749,0.303387401673,1.0,-0.01466,-0.0192674285714,0.734
0.461082547731,0.517758933496,-0.124087218357,-1.40310205152,0.0767041740439,1.91149658466,0.15309255875,-0.016010631825,-0.0787795605121,-0.000950303655007,-0.127505325762,-0.0138726810145,0.0454025203614,-0.0181254604497,0.574004609384,0.818837708442,0.00206459217176,0.0,0.818795194596,-0.573944691061,-0.0119443631174,0.0,-0.00859569870147,0.00854676218622,-0.999926530711,0.0,0.656129216623,0.253714632178,0.303393507865,1.0,-0.01498,-0.019688,0.75
0.46089197415,0.516427537023,-0.124093274675,-1.40522924299,0.0765708279916,1.91229137491,0.152783251836,-0.0121935312016,-0.07892216963,-0.00064743317305,-0.127882256659,-0.0118609142644,0.0460952936549,-0.0201110264765,0.573988282339,0.818849167729,0.00205891902768,0.0,0.818806611978,-0.573928421351,-0.0119434604581,0.0,-0.00859838605429,0.00854142731589,-0.999926553191,0.0,0.655875816821,0.253383478779,0.303384123138,1.0,-0.01532,-0.0201348571429,0.767
0.460698938177,0.514973367903,-0.124091268955,-1.40755743419,0.0764346565584,1.91316684568,0.152478313219,-0.0112251492987,-0.0761986842699,0.000649796876887,-0.128868424636,-0.00690363290957,0.041591150038,-0.0140862666252,0.573981444886,0.818853953656,0.00206165244633,0.0,0.818811347134,-0.573921487595,-0.0119520200262,0.0,-0.00860389786539,0.00854850672607,-0.999926445282,0.0,0.655592180697,0.253038229494,0.303371500502,1.0,-0.01568,-0.020608,0.785
0.460519409546,0.513631497458,-0.124094667049,-1.40970162338,0.0763090016821,1.91389870128,0.152189094432,-0.0146935779907,-0.0821383050645,0.00129416093982,-0.131671162809,-0.0149359679822,0.0452826063742,-0.0167875596695,0.573972520446,0.818860349243,0.0020052708002,0.0,0.818816843092,-0.573912638112,-0.0120003410915,0.0,-0.00867592028054,0.00852997975723,-0.999925981187,0.0,0.655316959173,0.252711149392,0.303354996628,1.0,-0.016,-0.0210285714286,0.801
0.460326562064,0.512223311284,-0.12410033908,-1.41198231857,0.0761722249508,1.91471506972,0.151859344768,-0.0134023501278,-0.0830413757589,-0.000945524464956,-0.134132781891,-0.0037127202191,0.0464587938625,-0.0198921375111,0.573946994271,0.818878357229,0.00195722502963,0.0,0.818834135352,-0.573887233445,-0.0120353218623,0.0,-0.00873240626372,0.00851044332518,-0.999925655954,0.0,0.655031531789,0.252362654729,0.303326992632,1.0,-0.01634,-0.0214754285714,0.818
0.460125638118,0.510771088044,-0.124102534205,-1.41428919899,0.076032416307,1.91559929025,0.151538188733,-0.00974468580943,-0.0878435924553,6.01327986939e-05,-0.140639458315,-0.0077713219038,0.0582090701797,-0.0158716199594,0.573933157215,0.818888000209,0.00198016754737,0.0,0.818844077128,-0.573873299018,-0.0120233492967,0.0,-0.00870957886476,0.00852221136901,-0.999925754819,0.0,0.654755107142,0.252012488965,0.303322646832,1.0,-0.01668,-0.0219222857143,0.835
0.459943099997,0.509358410981,-0.124109689361,-1.4165007958,0.0758923227738,1.91641891773,0.151228500705,-0.00812138366684,-0.0896218879939,-0.00124623007444,-0.132212996012,-0.0104224526762,0.0380310510455,-0.0107603879092,0.573911464196,0.818903172539,0.00199303089176,0.0,0.818859455569,-0.573851591281,-0.0120120818885,0.0,-0.00869319538952,0.00852604784847,-0.999925864683,0.0,0.654483088746,0.251677940856,0.303330013713,1.0,-0.017,-0.0223428571429,0.851
0.459723924961,0.507841905564,-0.124109988465,-1.41888610678,0.0757349200677,1.91727539409,0.150897680486,-0.0131099505054,-0.0939104421311,0.00127907021129,-0.135807693064,-0.012580282196,0.050576246809,-0.02303147541,0.573901275418,0.818910352516,0.00197674400958,0.0,0.818866442553,-0.573841492389,-0.0120182267625,0.0,-0.008707680232,0.0085161289641,-0.999925823175,0.0,0.654187324281,0.2513040081,0.303329836285,1.0,-0.01734,-0.0227897142857,0.868
0.459498327349,0.506192122997,-0.124118108474,-1.4214602695,0.0755741194808,1.91823153307,0.1505376772,-0.00957842269641,-0.0944792831231,-0.00602739707636,-0.141380590274,-0.000271910084283,0.0510588382672,-0.0221390145332,0.573886748643,0.818920477037,0.00199973057352,0.0,0.818876890981,-0.57382689303,-0.0120033809486,0.0,-0.0086824824353,0.00852627857747,-0.999925955795,0.0,0.653872284557,0.250906895773,0.303341300296,1.0,-0.0177,-0.0232628571429,0.886
0.459283146961,0.504665791389,-0.124126402812,-1.42378081171,0.0754223395971,1.91913560221,0.150221499032,-0.013867995769,-0.101678317242,-0.00186296028692,-0.140677032434,-0.0109798233578,0.0510520529213,-0.0211777476127,0.573888735159,0.818918873177,0.00208463728396,0.0,0.818876552418,-0.573828680662,-0.0119408563606,0.0,-0.0085825332136,0.00855994835114,-0.999926531005,0.0,0.653600313851,0.250542926464,0.303382026185,1.0,-0.01802,-0.0236834285714,0.902
0.459042519777,0.502901335451,-0.124128852945,-1.42640268331,0.0752540319182,1.92013107623,0.149859080041,-0.00847958850615,-0.101008793841,-0.000373300268228,-0.142655024366,-0.0075885161953,0.0583729261423,-0.0227722179062,0.573879892368,0.818924773185,0.00219815854052,0.0,0.818884013669,-0.573819462489,-0.0118719639043,0.0,-0.00846106209709,0.00861328408837,-0.999927108226,0.0,0.653285390152,0.250136779123,0.3034527342,1.0,-0.01838,-0.0241565714286,0.92
0.458807440958,0.501183850912,-0.124134445133,-1.4289685698,0.0750934785994,1.92102746052,0.14950021171,-0.0155134772656,-0.105824194823,8.82876995578e-05,-0.160289701381,-0.00951847656623,0.0457865990565,-0.0238415138528,0.573869940341,0.818931633409,0.00224015097264,0.0,0.818891360425,-0.573809284149,-0.0118571559444,0.0,-0.00842494286539,0.00863907198088,-0.999927190736,0.0,0.652960591787,0.24973319544,0.303508109693,1.0,-0.01872,-0.0246034285714,0.937
0.458575255447,0.499579390661,-0.12413268998,-1.43141051622,0.0749384185692,1.92191118101,0.149157293002,-0.0152068449929,-0.10377505399,-0.00059820310359,-0.159900175713,-0.00964773541557,0.0578629630429,-0.0212836895655,0.573860354045,0.818938244175,0.0022788558698,0.0,0.818898443313,-0.573799514934,-0.0118407390973,0.0,-0.00838938921512,0.00866124901073,-0.999927297814,0.0,0.652656387049,0.249349107226,0.303541697407,1.0,-0.01904,-0.025024,0.953
0.458335571128,0.498009165836,-0.124131422082,-1.43389297796,0.0747866823171,1.92284196832,0.148782252546,-0.0199276333386,-0.0979949935485,0.000396409648119,-0.15844046976,-0.00742180921645,0.0673543204926,-0.0216637989514,0.573833898086,0.818956738764,0.00229441552439,0.0,0.818917090711,-0.573772950397,-0.0118383628757,0.0,-0.00837879480584,0.00867235697175,-0.999927290368,0.0,0.652351656586,0.248958359351,0.30353577124,1.0,-0.01936,-0.0254445714286,0.969
0.458072889054,0.496338398269,-0.124132371345,-1.43657229326,0.0746283958509,1.92379075562,0.148394598413,-0.0130856007094,-0.100870528179,-8.50932677934e-05,-0.15850399113,-0.0110740137899,0.0617820671223,-0.0213727564245,0.573826721614,0.818961910774,0.00224258004387,0.0,0.818921423041,-0.573765808671,-0.0118847207103,0.0,-0.00844658045237,0.00865643382646,-0.999926858041,0.0,0.651989499193,0.248505456412,0.303506226325,1.0,-0.01972,-0.0259177142857,0.987
0.457818484771,0.494744454963,-0.124132450271,-1.43916170315,0.074461499146,1.92467506951,0.148033706656,-0.0172605570235,-0.101189829155,-0.00012940719904,-0.16476111884,-0.0124400523355,0.0630475512273,-0.0233362730925,0.573822900994,0.818964834564,0.00215056808264,0.0,0.818923018945,-0.573762228663,-0.0119474224495,0.0,-0.00855076874264,0.00861702022041,-0.999926312943,0.0,0.651674092621,0.248111012272,0.303461931714,1.0,-0.0201651428571,-0.0265027591837,1.002
0.457526237856,0.492817356482,-0.124156571003,-1.44223814725,0.0742716503233,1.92581286803,0.147597976133,-0.0160688104272,-0.118043324558,-0.000763904603998,-0.190760274497,-0.0120687010715,0.0609995597088,-0.0299033566984,0.573826097415,0.818962638627,0.00213386027456,0.0,0.818920643104,-0.573765531406,-0.0119516597366,0.0,-0.00856379219901,0.00860580218099,-0.9999262981,0.0,0.651293135871,0.2476137338,0.303438728524,1.0,-0.0234977142857,-0.0308827102041,1.02
0.457219759624,0.490712443955,-0.124178084415,-1.44557960468,0.0740702820633,1.92701837733,0.147117509901,-0.022614825798,-0.12749466213,-0.000155468936477,-0.208238145125,-0.00787418132764,0.0747176730824,-0.0276869689779,0.573811752999,0.818972762005,0.00210573379697,0.0,0.81893032676,-0.5737512319,-0.0119745858853,0.0,-0.00859885787094,0.00859577287998,-0.999926083434,0.0,0.650867713295,0.247082607851,0.303417981776,1.0,-0.0266451428571,-0.0350193306122,1.037
0.456866000588,0.488522107592,-0.124187049536,-1.44911981087,0.0738620654688,1.92828091078,0.146612195513,-0.0240032905905,-0.14464113712,-0.00170937583021,-0.224436209217,-0.00843538307092,0.084471995816,-0.0324251870604,0.573814025332,0.818971347635,0.00203543296809,0.0,0.81892777128,-0.573753577794,-0.0120367892953,0.0,-0.00869011591425,0.00857391617622,-0.999925482147,0.0,0.650414663882,0.246508654544,0.303365659245,1.0,-0.0296074285714,-0.0389126204082,1.053
0.456415648303,0.485664552146,-0.124220404838,-1.45347176368,0.073592494073,1.929961948,0.145968173271,-0.0242083846593,-0.164146614401,-0.00225972485462,-0.251189375837,-0.0138532156974,0.0933516678921,-0.0393100855095,0.573822339743,0.818965136504,0.00218506409959,0.0,0.818923699826,-0.573761455151,-0.0119378954044,0.0,-0.00852317867967,0.00863979819226,-0.999926351944,0.0,0.649894465488,0.245788742675,0.303425833883,1.0,-0.03294,-0.0432925714286,1.071
0.455965885066,0.482923989298,-0.124255736788,-1.45772739543,0.0733288234683,1.93144680325,0.145299452339,-0.0281609823699,-0.178003381472,-0.00261691160714,-0.280224255803,-0.0197916161143,0.0929878906197,-0.0378104937007,0.573814342279,0.818970812974,0.0021575431349,0.0,0.818928960493,-0.573753513566,-0.0119586888194,0.0,-0.00855608388132,0.00862910785316,-0.999926163237,0.0,0.649316911389,0.245015077253,0.30343863529,1.0,-0.0360874285714,-0.0474291918367,1.088
0.455485076351,0.479926811719,-0.124320375882,-1.46240830024,0.0730498886645,1.93309812404,0.14461400504,-0.0302988941598,-0.192164832208,-0.00512009599004,-0.295186774477,-0.0201483670213,0.107731546397,-0.0470397728889,0.573838191846,0.818954186322,0.00212536716726,0.0,0.818911845685,-0.573777424179,-0.0119834636603,0.0,-0.00859458550499,0.00861722337683,-0.999925935538,0.0,0.648756817895,0.244268814889,0.303427175205,1.0,-0.0388645714286,-0.0510791510204,1.103
0.454872488432,0.47626110258,-0.124349132691,-1.46799865108,0.072706337547,1.93515566175,0.143802968711,-0.0343012951124,-0.207799659134,-0.00144193564606,-0.318743048288,-0.0177292809916,0.119463592992,-0.0515994226143,0.573874558908,0.818928405149,0.00223713648049,0.0,0.818887490306,-0.573813297075,-0.011930013514,0.0,-0.00848629166795,0.00867846140836,-0.999926330867,0.0,0.648059249595,0.243325622767,0.303484036774,1.0,-0.0421971428571,-0.0554591020408,1.121
0.45427678371,0.47276701446,-0.124375058199,-1.4733722131,0.0723840300845,1.93707542373,0.143024951159,-0.036314878667,-0.216890683209,-0.00464024048118,-0.342512657215,-0.0224441062765,0.11539029383,-0.049502464678,0.5739150971,0.818899884707,0.00227750931565,0.0,0.818859280873,-0.573853446754,-0.011935102765,0.0,-0.00846686072075,0.0087148630908,-0.999926178991,0.0,0.647371939881,0.242413387366,0.303510369867,1.0,-0.0451594285714,-0.0593523918367,1.137
0.453665531564,0.469044964268,-0.124401392295,-1.47900637509,0.0720218838649,1.939146262,0.142140600271,-0.0364646681267,-0.235704519536,-0.00480970534732,-0.359066466339,-0.0205457562288,0.137664781968,-0.063965695805,0.573880701479,0.818923623511,0.00240545764368,0.0,0.818884763772,-0.573818631595,-0.0118603793052,0.0,-0.00833260881189,0.00877640438274,-0.999926768497,0.0,0.646656778088,0.241467563785,0.303580074809,1.0,-0.0481217142857,-0.0632456816326,1.153
0.452922462357,0.464584040873,-0.124404684456,-1.48576867008,0.0715763702113,1.94158025345,0.141075073697,-0.041137779716,-0.253704689168,-0.000687108154459,-0.381218271461,-0.0290488741209,0.130700124966,-0.0562906992777,0.573816379112,0.818968372395,0.00251296243428,0.0,0.818930880886,-0.573753875464,-0.0118088790037,0.0,-0.00822943492399,0.0088342408177,-0.999927113639,0.0,0.645777044057,0.240338932663,0.303649690583,1.0,-0.0514542857143,-0.0676256326531,1.171
0.452161612822,0.460175749875,-0.124420765365,-1.49265218272,0.0711231947912,1.943953013,0.14005447541,-0.0449669930515,-0.264643115416,-0.001538173851,-0.414960402045,-0.0234848911245,0.141360236199,-0.0576531058264,0.57381244945,0.818971405751,0.00241998335726,0.0,0.818932499475,-0.573750083563,-0.0118806488571,0.0,-0.00834160664409,0.00879923665379,-0.999926492815,0.0,0.644852521037,0.23917260764,0.303616218212,1.0,-0.0546017142857,-0.0717622530612,1.188
0.451400293494,0.455842244324,-0.12443064758,-1.49939620789,0.0706648493357,1.94635229665,0.139017027644,-0.0473396973245,-0.269129859288,-0.00185397297861,-0.424785464578,-0.0306508821664,0.16280581393,-0.0696313204855,0.573779184839,0.818994783008,0.00239569440021,0.0,0.818955565094,-0.573716922871,-0.0118920861476,0.0,-0.00836526715182,0.00878556790651,-0.999926415344,0.0,0.64395717106,0.238027243166,0.303595234239,1.0,-0.057564,-0.0756555428571,1.204
0.45051367988,0.450914037336,-0.124468708573,-1.5067888979,0.0701552372172,1.94909449084,0.137805531412,-0.0547580442306,-0.300792699499,-0.00485377394041,-0.439211203243,-0.0331808103287,0.176763260786,-0.0683490610022,0.573738720196,0.819022489358,0.00260571949482,0.0,0.818986407957,-0.573676106246,-0.0117360813266,0.0,-0.00811743181539,0.00886766385966,-0.999927733308,0.0,0.643012307984,0.236732078918,0.303698994668,1.0,-0.0607114285714,-0.0797921632653,1.221
0.449367907262,0.444542237473,-0.124514094553,-1.51654488149,0.0695089470158,1.95244950886,0.136367980209,-0.0524517615105,-0.30559459457,-0.000353956660522,-0.47671575769,-0.0282830554054,0.154550936061,-0.0734916867333,0.573794263322,0.818983683077,0.00257237906752,0.0,0.818946968796,-0.573731546613,-0.0117780143781,0.0,-0.00817030387751,0.00886496980157,-0.999927326582,0.0,0.641685770569,0.235029596116,0.303714313343,1.0,-0.0645994285714,-0.0849021061224,1.242
0.448671742437,0.440786634343,-0.124525820423,-1.52243029126,0.0690921441587,1.9544166847,0.135428626315,-0.0573885636107,-0.313747041443,-0.000949653820414,-0.492721635899,-0.039552841618,0.167666858764,-0.0862295653062,0.57374918412,0.819015728755,0.0024200566063,0.0,0.818976922052,-0.573686930072,-0.0118682059241,0.0,-0.00833205289674,0.00879151324044,-0.999926640404,0.0,0.640862646448,0.234001292498,0.303653517798,1.0,-0.0668211428571,-0.0878220734694,1.254
0.447555951106,0.434869752999,-0.124545675708,-1.53137649929,0.068506418249,1.95761354332,0.133973471495,-0.0630093516847,-0.338616590619,-0.000564052299793,-0.491654526566,-0.0217453277293,0.193186887797,-0.0784735346058,0.573717678305,0.819037366609,0.00256214743044,0.0,0.819000251443,-0.573654719245,-0.0118151650641,0.0,-0.00820743173379,0.00887713937157,-0.99992691456,0.0,0.639658158368,0.232425611426,0.30371376911,1.0,-0.0701537142857,-0.0922020244898,1.272
0.446417154232,0.429139149066,-0.124580093964,-1.54011930928,0.0678903085009,1.96075224626,0.132578150535,-0.0701413287969,-0.33889796811,-0.00182882798521,-0.530223909348,-0.0330312611069,0.177294710761,-0.0789963694573,0.573740151032,0.819021374675,0.00264079925056,0.0,0.818985536883,-0.57367717782,-0.0117444848887,0.0,-0.00810417392758,0.00890123030211,-0.999927542607,0.0,0.638485286589,0.230842357904,0.303731149835,1.0,-0.0733011428571,-0.096338644898,1.289
0.445290369386,0.423497829303,-0.124674970306,-1.54879495078,0.0672554868958,1.96359978604,0.131139298769,-0.0717639933185,-0.351553691476,-0.007651365315,-0.545971097056,-0.0349026487418,0.182568969852,-0.0939247531101,0.573745719853,0.819018084554,0.00244397746069,0.0,0.818979868064,-0.573683669572,-0.0118224309912,0.0,-0.00828087425967,0.00878480665252,-0.999927124491,0.0,0.637266152935,0.229219524145,0.303688511901,1.0,-0.0762634285714,-0.100231934694,1.305
0.444028125525,0.417262378392,-0.124758577787,-1.558208265,0.0665872289187,1.9668451053,0.129634261664,-0.0721505731705,-0.381602654182,-0.00864406621345,-0.550581854097,-0.0442533084458,0.210116225751,-0.0891393366584,0.573816640099,0.818968319722,0.00247016975393,0.0,0.818930673815,-0.573754726838,-0.0117818426335,0.0,-0.00823184278082,0.00878368424827,-0.999927539202,0.0,0.635966094914,0.227462783921,0.303723495096,1.0,-0.0794108571429,-0.104368555102,1.322
0.44268554732,0.410847037721,-0.124761608749,-1.56783403026,0.0659361566734,1.97026988765,0.127983455442,-0.0812006496589,-0.379924461006,0.00032516779944,-0.580121429479,-0.0378034467713,0.190318575223,-0.103602129104,0.573782257202,0.818991839097,0.00265249208949,0.0,0.818956374826,-0.57371948051,-0.0117115633184,0.0,-0.00807004377056,0.00889233374706,-0.999927897798,0.0,0.63463509548,0.225698272904,0.303782733155,1.0,-0.0825582857143,-0.10850517551,1.339
0.441356446163,0.404686136878,-0.12482729225,-1.57732612832,0.0652477944199,1.9733914127,0.126458196816,-0.0812433369856,-0.386971157397,-0.0073710521481,-0.609404280542,-0.0449824187395,0.200947408385,-0.0965602154724,0.573860383158,0.818937734527,0.00244836875243,0.0,0.818899519376,-0.573798242395,-0.0118279791689,0.0,-0.00828166822552,0.00879274594008,-0.999927048134,0.0,0.633266737738,0.22389709477,0.303700173241,1.0,-0.0855205714286,-0.112398465306,1.355
0.439779994099,0.3974024634,-0.124907706315,-1.58806639695,0.0644878921201,1.97717999901,0.124588471593,-0.0887099134752,-0.401569825859,-0.00169982828106,-0.598698000518,-0.0380646704612,0.207554308352,-0.107056558476,0.573893700968,0.81891357872,0.00270508370728,0.0,0.81887898008,-0.573830927869,-0.0116631516195,0.0,-0.00799900654381,0.00890871695552,-0.999928322759,0.0,0.631775069762,0.221837343947,0.303826358432,1.0,-0.0888531428571,-0.116778416327,1.373
0.438298482842,0.390833753849,-0.124940781162,-1.59802548781,0.0637221522562,1.98048880322,0.122920015198,-0.0930834357349,-0.400745237351,-0.005004908546,-0.626164017523,-0.0513452055081,0.202615500983,-0.10534407254,0.573929896127,0.818888634599,0.00257397710887,0.0,0.818852495243,-0.573867758519,-0.0117104085435,0.0,-0.00811255418066,0.00882883111964,-0.999928116519,0.0,0.630231371484,0.219797287885,0.303779736781,1.0,-0.0920005714286,-0.120915036735,1.39
0.43679134982,0.384098052031,-0.124991798384,-1.6082786101,0.0629472507276,1.98376009963,0.1210862422,-0.0901011115705,-0.430614504994,-0.00171694150926,-0.62419368381,-0.0444235415881,0.204254887272,-0.115148502415,0.573873327124,0.8189289181,0.00236186723313,0.0,0.81888980921,-0.573811760702,-0.0118444313066,0.0,-0.00834464078,0.00873148031775,-0.999927061451,0.0,0.628784500875,0.217947994914,0.303711596183,1.0,-0.0947777142857,-0.124564995918,1.405
