position_joint1,position_joint2,position_joint3,position_joint4,position_joint5,position_joint6,position_joint7,velocity_joint1,velocity_joint2,velocity_joint3,velocity_joint4,velocity_joint5,velocity_joint6,velocity_joint7,ee_T_00,ee_T_10,ee_T_20,ee_T_30,ee_T_01,ee_T_11,ee_T_21,ee_T_31,ee_T_02,ee_T_12,ee_T_22,ee_T_32,ee_T_03,ee_T_13,ee_T_23,ee_T_33,v_x,v_y,time
0.465079046049,0.547756840486,-0.123963700171,-1.35584414696,0.0795786291907,1.89409915045,0.159156512697,-0.0003783184568,-0.000822050605319,-0.000791447618192,-0.000898987557656,-5.1238994452e-05,-0.000318207043982,-0.00118251002634,0.573803217106,0.81897899568,0.00200488756398,0.0,0.818935701684,-0.573743571038,-0.0119740594892,0.0,-0.00865637852627,0.00851279175832,-0.999926297028,0.0,0.661663377216,0.260920035778,0.303225524199,1.0,0.0,0.0,0.0
0.465075945663,0.547761352947,-0.123960564099,-1.35583913562,0.0795812126006,1.89410301246,0.159162474354,-0.000388947449768,0.00281170011986,0.000244988565322,0.000955754659395,-7.52384235782e-05,-9.87383580535e-05,0.000213692928092,0.573808893398,0.818975005389,0.0020103001673,0.0,0.818931753671,-0.573749196026,-0.0119745476119,0.0,-0.00865361369907,0.00851756454503,-0.999926280315,0.0,0.661665121073,0.260921016729,0.303224949163,1.0,-0.00018,-0.000236571428571,0.01
0.465075837248,0.547757960473,-0.12395832053,-1.3558447393,0.0795812111943,1.89410382567,0.159162383638,9.80657192364e-05,0.00132736933437,0.00123346088803,-9.58320061915e-05,-0.000330066808766,3.10849875386e-05,-0.000396244079074,0.573807645611,0.818975880656,0.00200988624884,0.0,0.818932607144,-0.573747933997,-0.0119766477216,0.0,-0.00865558417906,0.00851841742319,-0.999926255994,0.0,0.661663601158,0.260921677484,0.303224681754,1.0,-0.00038,-0.000499428571429,0.02
0.465072707553,0.547744536039,-0.123963729524,-1.35584783538,0.0795818215452,1.8941031047,0.159159049592,-6.05562863441e-05,-0.000591392958065,-0.0017138338144,0.000803045472029,-0.000201548928715,0.00397066731368,-0.000662036535251,0.573811559198,0.818973119636,0.00201760860013,0.0,0.818929966013,-0.573751833568,-0.0119704279074,0.0,-0.00864601851563,0.00852121410395,-0.999926314922,0.0,0.661665129017,0.260916337287,0.303232835649,1.0,-0.0007,-0.00092,0.036
0.465075741547,0.547708462968,-0.123963297797,-1.35588315484,0.0795788461237,1.89410767147,0.159163566619,0.000124137090706,-0.00645668850752,-0.00600603237226,-0.00189151961498,0.000284816768285,-0.000209844045399,0.00112473092725,0.573813579479,0.818971692333,0.00202239045791,0.0,0.818928596573,-0.573753829131,-0.0119684658093,0.0,-0.00864164680769,0.00852402570021,-0.999926328749,0.0,0.661658173934,0.260914704969,0.303241956466,1.0,-0.001,-0.00131428571429,0.051
0.465075161449,0.547587114844,-0.12395815108,-1.3560228368,0.0795797168049,1.89413162314,0.159159139037,-0.000100668629872,-0.00399147447148,0.00164910514602,-0.0128268431009,0.000572631781615,-0.000372951956947,0.00180188946022,0.573814640351,0.818970916787,0.00203540586593,0.0,0.818927844415,-0.573754690839,-0.0119786177643,0.0,-0.00864248230354,0.00854052121414,-0.999926180774,0.0,0.661633056846,0.260904081659,0.303263347845,1.0,-0.00134,-0.00176114285714,0.068
0.465063040606,0.547447555605,-0.12396117775,-1.35621654826,0.0795756488167,1.89417563572,0.159157129831,-0.000563248490579,-0.00532252702312,-0.00103351298731,-0.0174091649929,0.000235360470196,0.00846761790482,0.00161494402963,0.57383459209,0.818956947006,0.00203144587538,0.0,0.818913732575,-0.573774567431,-0.0119912997485,0.0,-0.00865493288852,0.00854476603736,-0.99992603682,0.0,0.661605192938,0.260875476545,0.303273923898,1.0,-0.00168,-0.002208,0.085
0.465040072034,0.547280132293,-0.123966052358,-1.35642085292,0.0795734472044,1.89428865602,0.159141415459,-0.00233629196072,-0.016520730703,-4.66642784881e-05,-0.0111383359792,0.00025081097086,0.00265883857445,-0.00258436139608,0.573854997904,0.818942475728,0.00209993584137,0.0,0.818900146295,-0.573794676726,-0.0119568499498,0.0,-0.00858720562286,0.00858130108721,-0.99992630787,0.0,0.661592552874,0.260842738595,0.303305249062,1.0,-0.00202,-0.00265485714286,0.102
0.465021963719,0.54706816159,-0.123961257804,-1.35666287014,0.0795707042918,1.89441606654,0.159133182453,-0.000702069604475,-0.0100547411122,-0.000708262807916,-0.0140410641693,5.17985872195e-05,0.00648548230209,0.000516529769111,0.573872718371,0.818929821682,0.00219024452204,0.0,0.818888601872,-0.573811957954,-0.011918117886,0.0,-0.00850347737584,0.00863321519964,-0.999926576538,0.0,0.66157184515,0.26081581272,0.303351100429,1.0,-0.00238,-0.003128,0.12
0.464984946256,0.546832237552,-0.123966133003,-1.35698681488,0.0795624819452,1.8945580946,0.159111280913,-0.00318794083283,-0.0138113120423,-0.00281191621287,-0.0213213174026,-0.00210904421253,0.00868546159589,0.000744612667338,0.573904563838,0.81890736803,0.00224077963344,0.0,0.818866766868,-0.573843556075,-0.0118969816194,0.0,-0.0084568317724,0.00866279880666,-0.999926716271,0.0,0.661543334052,0.260761465847,0.303376490864,1.0,-0.00274,-0.00360114285714,0.138
0.464951191973,0.546623569369,-0.123959309651,-1.35730157393,0.0795585002414,1.89466210041,0.159059651458,-0.00430167214236,-0.0185059019788,-0.00425175523605,-0.0241909316012,-0.000366527128478,0.00518465765928,-0.00220381592412,0.573902155843,0.818909036585,0.00224771427647,0.0,0.818868385625,-0.57384097708,-0.0119099516445,0.0,-0.00846349941893,0.00867589612355,-0.999926546304,0.0,0.661502161923,0.260711126946,0.303384481463,1.0,-0.00304,-0.00399542857143,0.153
0.464914003159,0.546317363469,-0.123961588393,-1.35775202099,0.0795486427243,1.89483627506,0.158945837347,-0.00154290056306,-0.0180258722678,-0.00180565185549,-0.0276551138198,-0.000171235566233,0.0114054330474,-0.00169346860104,0.573872606246,0.818929647228,0.00228289121534,0.0,0.818889316598,-0.573811148938,-0.0119079560243,0.0,-0.00844199232951,0.0087032525505,-0.999926490378,0.0,0.661460635734,0.260649020318,0.303400591083,1.0,-0.00336,-0.004416,0.169
0.464866469627,0.546032740184,-0.123961659558,-1.35824957278,0.0795369480109,1.89500050009,0.158924325081,-0.00341096599982,-0.0187409015723,0.000562283509698,-0.0317459957695,0.000227539708175,0.00698666364981,-0.000238580536925,0.573909114326,0.818904146746,0.00225251800395,0.0,0.818863178506,-0.573847526006,-0.0119523505987,0.0,-0.00849539114738,0.00870423458205,-0.999926029579,0.0,0.661394148772,0.260572184693,0.303379845448,1.0,-0.00372,-0.00488914285714,0.187
0.464818901544,0.545716606513,-0.123961895635,-1.358779529,0.0795137374004,1.89518932698,0.158838134518,-0.00564037178544,-0.0160539449122,0.000237262407193,-0.0318730563336,-0.00201204413675,0.00985508213004,-0.00841172563654,0.573901125677,0.81890979167,0.00223561067134,0.0,0.818868505334,-0.573839507372,-0.0119723704011,0.0,-0.00852157369131,0.00870179555567,-0.999925828017,0.0,0.661332195372,0.260490885742,0.303367797547,1.0,-0.00404,-0.00530971428571,0.203
0.464751499705,0.545320437409,-0.123964038303,-1.35944888354,0.0794425650748,1.89541082985,0.158761192743,-0.00157349572947,-0.0230103519427,-0.000308301376357,-0.0371684419889,-0.00419450065855,0.0189083414581,-0.00529701475226,0.57391319195,0.818901501726,0.00217381651499,0.0,0.818859647495,-0.573852067724,-0.0119761836081,0.0,-0.00856003044678,0.00865350699394,-0.999925918604,0.0,0.661255073449,0.260374321519,0.303348847357,1.0,-0.0044,-0.00578285714286,0.221
0.464695402402,0.544913272914,-0.123965392743,-1.36014865201,0.0794042828359,1.89563603233,0.158685746025,-0.00357478778537,-0.0264070750591,-0.000158618270147,-0.0456239259971,-0.000239558669098,0.0131653083602,-0.00145150882284,0.573927042281,0.81889194105,0.00211799966254,0.0,0.818849268313,-0.5738660578,-0.0120154229727,0.0,-0.00862405096358,0.00863046480562,-0.999925567641,0.0,0.66116693771,0.260267803877,0.30332352856,1.0,-0.00474,-0.00622971428571,0.238
0.464637782389,0.544561369827,-0.123964406108,-1.36073704364,0.0793865709395,1.89583924256,0.158598214123,-0.00101718812689,-0.0279890000636,0.00140998123954,-0.0386925783069,0.000678747680661,0.0119375172468,-0.00900024242701,0.57392993656,0.818889960216,0.00209949490937,0.0,0.818846847981,-0.57386883222,-0.0120478155246,0.0,-0.00866116723808,0.0086339330186,-0.999925216895,0.0,0.661097202987,0.260175976958,0.30331012636,1.0,-0.00502,-0.00659771428571,0.252
0.464566701653,0.544064436388,-0.123970025078,-1.36155688673,0.0793530719963,1.89613574199,0.158502051855,-0.00464127344154,-0.0284876106646,-0.0007429922093,-0.044116444832,-0.00043975914414,0.020205953098,-0.00350544794014,0.573950153448,0.818875831551,0.0020834489377,0.0,0.818832371659,-0.573888977633,-0.0120720907409,0.0,-0.00869004227349,0.00863494001744,-0.999924957672,0.0,0.661002479112,0.260049635661,0.303297454254,1.0,-0.00538,-0.00707085714286,0.27
0.464495857269,0.543567652662,-0.123972929784,-1.36239649794,0.0793120203264,1.8964280033,0.158392182587,-0.00559899655236,-0.0274002747455,0.000235552126816,-0.0454731590494,-0.00430625120593,0.0173012666207,-0.00448610997206,0.573956041688,0.818871803255,0.00204424663556,0.0,0.818827714262,-0.573894918817,-0.0121055116628,0.0,-0.00873984767683,0.00862208335839,-0.999924634531,0.0,0.660901969304,0.259921166446,0.303274744201,1.0,-0.00572,-0.00751771428571,0.287
0.464415984445,0.543051516503,-0.123973306823,-1.36320870209,0.0792659496389,1.89671604916,0.158293883144,-0.00213509561549,-0.0327680765201,-0.00713289084612,-0.05037380987,-0.00229152523141,0.0194966937762,-0.00231211686731,0.573974088033,0.818859167319,0.00203893716251,0.0,0.818814958898,-0.573912936674,-0.0121140870201,0.0,-0.00874972725481,0.00862285031519,-0.999924541516,0.0,0.660809374286,0.259790618309,0.303278249005,1.0,-0.00604,-0.00793828571429,0.303
0.464347707177,0.542471103358,-0.123977152923,-1.36411256611,0.0792077138254,1.89703671715,0.158177290811,-0.00595920381023,-0.0363810103162,-0.000286748830712,-0.0482019929774,-0.00213235312077,0.0191734876649,-0.00160343706076,0.573971874788,0.818860731354,0.00203383903121,0.0,0.818816481296,-0.573910770605,-0.0121138037689,0.0,-0.00875244459968,0.00861848951175,-0.99992455533,0.0,0.660702196271,0.259655939463,0.303286452328,1.0,-0.00638,-0.00838514285714,0.32
0.464248278587,0.541826403514,-0.123975319337,-1.36510587221,0.0791549790247,1.89740432641,0.158038082449,-0.00488894265668,-0.0318469347427,0.00102176537178,-0.0532506172249,-0.00517222438592,0.0186016914666,-0.00790590107516,0.573979139487,0.818855587793,0.00205442825228,0.0,0.81881152543,-0.57391786424,-0.0121127136332,0.0,-0.0087396584326,0.00863480072583,-0.999924526445,0.0,0.660591781056,0.25949828238,0.303301366737,1.0,-0.00674,-0.00885828571429,0.338
0.46417554335,0.541250589113,-0.123977486355,-1.36597811497,0.0791049507399,1.89773035159,0.157929390936,-0.0025451932815,-0.037898986098,0.0007737455787,-0.0603142757954,-0.00183438953033,0.026427152571,-0.000296871402806,0.573986279986,0.818850516755,0.00208050456866,0.0,0.818806784787,-0.573924880264,-0.0121007396912,0.0,-0.00871481140095,0.00864935634396,-0.999924617507,0.0,0.660492869723,0.259367032926,0.303321631717,1.0,-0.00704,-0.00925257142857,0.353
0.464074401814,0.540514767755,-0.12397765941,-1.36710721278,0.0790363946566,1.89814794384,0.157787198067,-0.00856848454188,-0.0443639080421,-0.000322195631912,-0.0647180811732,-0.008368065937,0.0323340676428,-0.010303446588,0.573997064765,0.818842904978,0.00210083564321,0.0,0.81879943723,-0.573935574433,-0.0120906945094,0.0,-0.00869480250549,0.00866035294037,-0.999924696513,0.0,0.660364912551,0.259193013007,0.303340522084,1.0,-0.0074,-0.00972571428571,0.371
0.463982060813,0.539779681017,-0.123981477451,-1.36821981339,0.0789731351974,1.89856409279,0.157652113505,-0.00384253090941,-0.0436051458216,0.000662413834435,-0.0673849982884,-0.00063916016661,0.0235016215542,-0.00386360002863,0.574009451213,0.818834134055,0.00213488298122,0.0,0.818791098757,-0.573947800936,-0.0120749865026,0.0,-0.00866226649974,0.00867934666199,-0.999924814214,0.0,0.660238499393,0.259025410063,0.303366625251,1.0,-0.00774,-0.0101725714286,0.388
0.463889091309,0.539113331346,-0.12397921559,-1.36925472394,0.078915062035,1.89895327267,0.157522945424,-0.00890921619328,-0.0426686449612,-0.000941757078589,-0.070986106189,-0.00735726254699,0.0304119079117,-0.0133095374253,0.574027565164,0.818821398375,0.00214916162756,0.0,0.818778546977,-0.573965849087,-0.0120682224346,0.0,-0.00864833989878,0.00868734703299,-0.999924865287,0.0,0.660116802074,0.258848945824,0.30337526833,1.0,-0.00806,-0.0105931428571,0.404
0.463800495046,0.538441517339,-0.123989934076,-1.3703024065,0.0788492555552,1.89936652295,0.157390221997,-0.00672963992316,-0.0486216811867,0.000279918146923,-0.0712805511809,-0.00756768913745,0.0220962297928,-0.0110764521427,0.574031833257,0.81881832162,0.00218116664889,0.0,0.818775948793,-0.573970042249,-0.0120450479648,0.0,-0.00861094743222,0.00870029526499,-0.999925075416,0.0,0.660007839558,0.25870540218,0.303390550467,1.0,-0.00834,-0.0109611428571,0.418
0.463663204239,0.537502180712,-0.123992561256,-1.37176704275,0.0787679407145,1.89991791726,0.157212692973,-0.0102009364906,-0.047483642392,0.0001837756815,-0.0729079307233,-0.00124570159578,0.0264930915055,-0.00281695220874,0.574059844237,0.81879861821,0.00220566413209,0.0,0.818756517484,-0.57399789843,-0.0120384623807,0.0,-0.00859119519337,0.00871686754936,-0.999925100988,0.0,0.659843934343,0.258476001453,0.303404672322,1.0,-0.00874,-0.0114868571429,0.438
0.463563118847,0.536667835705,-0.123999431112,-1.37305153635,0.0786895449939,1.90040009784,0.157053054006,-0.00822372765978,-0.0507464321926,0.00177073587024,-0.0728769625924,-0.00804879775232,0.0294323515961,-0.00959529156814,0.574065690435,0.818794452571,0.0022303373955,0.0,0.818752716841,-0.574003684582,-0.0120210503835,0.0,-0.00856271234393,0.00872713541458,-0.999925255739,0.0,0.659696064184,0.258284491496,0.303424347548,1.0,-0.00908,-0.0119337142857,0.455
0.463442695539,0.535814868982,-0.124002798183,-1.3744186395,0.0786092722116,1.90089560822,0.156885301034,-0.00880161824593,-0.0545208672735,-0.000353904930001,-0.0811074400165,-0.00581540186872,0.0243519667291,-0.00755028340839,0.574082957853,0.818782389776,0.00221418069032,0.0,0.81874040477,-0.574020978054,-0.0120338377643,0.0,-0.00858227351272,0.00872142828719,-0.999925137833,0.0,0.659536421315,0.258072651941,0.303418743806,1.0,-0.00942,-0.0123805714286,0.472
0.463333699696,0.534915554708,-0.124002341817,-1.37582494676,0.0785397153378,1.9014028692,0.156716689118,-0.00574387722976,-0.0573015092177,0.000711145214387,-0.0791681680421,-0.00350521750439,0.0419669521035,-0.00463527797899,0.574092337482,0.818775789502,0.00222294196168,0.0,0.818733744457,-0.574030142448,-0.0120498195254,0.0,-0.0085902301929,0.00873787488472,-0.999924925926,0.0,0.659366491261,0.257869068626,0.303427926597,1.0,-0.00976,-0.0128274285714,0.489
0.463214677426,0.534082252828,-0.124001000538,-1.37721516279,0.0784603774731,1.90190780521,0.15655211331,-0.00360258409034,-0.0537339284182,-0.000622754230929,-0.0839023683268,-0.000811339185056,0.0255577103546,-0.0136522195382,0.574109077935,0.818764167558,0.00217978366113,0.0,0.818721465872,-0.574046969023,-0.0120824491272,0.0,-0.00864154457441,0.00872144731682,-0.999924627192,0.0,0.659200677513,0.25765870984,0.303397803222,1.0,-0.01008,-0.013248,0.505
0.463089031855,0.533162233567,-0.124011579045,-1.37868581178,0.0783790034096,1.90246444407,0.156356687441,-0.00856270046557,-0.0509611819967,-0.000869352754789,-0.0863320750834,-0.00638567446259,0.0319811387734,-0.011408837699,0.574118188719,0.818757765273,0.0021849685916,0.0,0.818715113232,-0.574056038295,-0.012082018168,0.0,-0.00863811809226,0.00872554118827,-0.999924621082,0.0,0.65903294659,0.25743184348,0.303395253594,1.0,-0.01042,-0.0136948571429,0.522
0.462952454458,0.532159395025,-0.124006327777,-1.38033214293,0.0782906231495,1.90308798929,0.156151728817,-0.00811946493096,-0.0490017381778,0.000619135215258,-0.0924237140304,-0.00571143209841,0.0342929592599,-0.0170844574728,0.574124932008,0.818753069215,0.00217278590222,0.0,0.818710121139,-0.574062694712,-0.012104006988,0.0,-0.00866304433158,0.0087282620443,-0.999924381693,0.0,0.658838992245,0.257190624844,0.303372582756,1.0,-0.01078,-0.014168,0.54
0.462827892315,0.531214822361,-0.124003822159,-1.38183925432,0.0781941827812,1.90363053242,0.155965849962,-0.00426786828184,-0.0617142653167,0.000194186876283,-0.0997566534575,-0.00726492630935,0.0363427233901,-0.0068452112762,0.574129131977,0.818750176416,0.00215298310865,0.0,0.818706957972,-0.574066967715,-0.0121152980947,0.0,-0.00868361315411,0.0087185756898,-0.999924287784,0.0,0.658657343257,0.256964742858,0.303367910532,1.0,-0.0111,-0.0145885714286,0.556
0.462690091914,0.530176201387,-0.124009432146,-1.38348404893,0.0780967729247,1.90420515764,0.155759199672,-0.00726695965502,-0.06167109577,0.000864367129168,-0.1011651017,-0.00200904850295,0.0291673635875,-0.0142465922792,0.574139830375,0.818742743627,0.00212646096911,0.0,0.818699109775,-0.574077710883,-0.0121365737214,0.0,-0.00871614563429,0.00870918975902,-0.999924086528,0.0,0.658457309889,0.256712365474,0.303366811312,1.0,-0.01144,-0.0150354285714,0.573
0.462554251559,0.529128489302,-0.124014434067,-1.38513827058,0.0779897565494,1.9048255155,0.155522157757,-0.00677315154459,-0.0647476718217,-0.000270368879716,-0.0999858433884,-0.0108757449197,0.0375368707151,-0.0150940628961,0.574121604146,0.818755508963,0.00213239220126,0.0,0.81871202719,-0.574059535757,-0.012124885256,0.0,-0.0087033640885,0.00870714135457,-0.9999242157,0.0,0.658263863773,0.256462196967,0.303371318549,1.0,-0.01178,-0.0154822857143,0.59
0.462422486214,0.528101816032,-0.124016549263,-1.38674159555,0.0778811112022,1.90544547516,0.155307399929,-0.00567491418323,-0.062761507836,-0.00113029871564,-0.103240245763,-0.00417331301857,0.0411414645654,-0.018816750548,0.574112937273,0.818761511556,0.00216086832597,0.0,0.818718538632,-0.574050884375,-0.0120947736551,0.0,-0.00866245356527,0.00871307674049,-0.999924519247,0.0,0.658079620729,0.256221886884,0.303384852376,1.0,-0.0121,-0.0159028571429,0.606
0.462279045854,0.526946213508,-0.124015872847,-1.38850568498,0.0777855509638,1.90611979402,0.155054798088,-0.00934135116348,-0.0726311648488,0.000168103354615,-0.105067516496,-0.00760594028319,0.038031569523,-0.0122397471226,0.574092908201,0.818775389372,0.00222292903203,0.0,0.818733140311,-0.574030505871,-0.0120735325207,0.0,-0.00860964797632,0.0087514835573,-0.999924639909,0.0,0.65787312296,0.255963940152,0.303417006722,1.0,-0.01244,-0.0163497142857,0.623
0.462125819465,0.525785610586,-0.124015908923,-1.39031663434,0.0776626814119,1.90678052584,0.154812011714,-0.0102969407344,-0.0662631563225,0.0001258714948,-0.110130059984,-0.0121586044927,0.0358470736873,-0.0134603360511,0.574084088496,0.818781568857,0.00222457568691,0.0,0.818739420519,-0.574021760895,-0.0120634243931,0.0,-0.00860052028399,0.00874693621127,-0.999924758248,0.0,0.657656655274,0.255688385189,0.303428885542,1.0,-0.01278,-0.0167965714286,0.64
0.461976733903,0.524695625871,-0.124022607197,-1.39205044997,0.0775569415389,1.90740251159,0.154573898577,-0.0114230462974,-0.0670098983803,-0.00254530129365,-0.111635206982,-0.00941638255341,0.0427214654411,-0.015408087714,0.574080683507,0.818784011726,0.00220405698928,0.0,0.818741572606,-0.574018419959,-0.0120763295429,0.0,-0.0086229022572,0.0087375088279,-0.999924647909,0.0,0.657447666192,0.255420074508,0.303424410701,1.0,-0.0131,-0.0172171428571,0.656
0.461819722732,0.523492446742,-0.124025803639,-1.39396500606,0.0774386969528,1.90809668649,0.154317294265,-0.00612996049577,-0.0726503380579,-0.00055623828103,-0.114964885366,-0.00301392166398,0.0345234554645,-0.01482850312,0.574072291225,0.81878994124,0.00218711547906,0.0,0.818747258813,-0.574010078541,-0.0120872999724,0.0,-0.00864169968576,0.00872984686969,-0.999924552554,0.0,0.65721492017,0.255131536889,0.303419358464,1.0,-0.01344,-0.017664,0.673
0.461659230891,0.522264667992,-0.124027631216,-1.39590741669,0.0773303945369,1.90885518664,0.154052321385,-0.00757821825912,-0.0761252146109,0.000140945681467,-0.117095387586,-0.00592304231307,0.0540220209176,-0.0165211244886,0.574063273384,0.818796156755,0.00222682205079,0.0,0.818753947014,-0.574000846701,-0.0120726607105,0.0,-0.0086070161607,0.00875385900824,-0.999924641773,0.0,0.656988514832,0.254844479573,0.303423566631,1.0,-0.01378,-0.0181108571429,0.69
0.461503373592,0.521084209569,-0.124031477204,-1.39778604803,0.0772006104235,1.90957487719,0.153804528219,-0.007760791285,-0.079059964615,8.6393973843e-05,-0.121720409785,-0.00938249080846,0.0340349664856,-0.00810448928336,0.574056225015,0.818801080333,0.00223344288893,0.0,0.818759121315,-0.573993938573,-0.0120501720424,0.0,-0.00858487649162,0.00874629640401,-0.999924898277,0.0,0.656767956414,0.254560220767,0.303421212594,1.0,-0.0141,-0.0185314285714,0.706
0.461323740969,0.519797049266,-0.124034899723,-1.39983970113,0.0770795599866,1.91032317156,0.153520277967,-0.0111450720607,-0.074520002775,-0.00260023915241,-0.121730775605,-0.00797258395818,0.0485123189258,-0.0139174435603,0.57404980481,0.818805621582,0.00221868537039,0.0,0.818763395644,-0.573987505788,-0.0120661532814,0.0,-0.00860650215761,0.0087433196397,-0.999924738409,0.0,0.656519416235,0.254244623718,0.303412659499,1.0,-0.01444,-0.0189782857143,0.723
0.461147970175,0.518438828047,-0.124038210483,-1.40190492665,0.0769433511201,1.91105800485,0.153239623505,-0.00694277466373,-0.0786184247929,-0.00131371359732,-0.121969569058,-0.008006350823,0.0423843262124,-0.0165792529067,0.574040602428,0.818812033002,0.00223344473306,0.0,0.818770011208,-0.573978254017,-0.0120573447844,0.0,-0.00859091568892,0.00875025150228,-0.999924811807,0.0,0.656251188952,0.253908808342,0.303444755192,1.0,-0.0148,-0.0194514285714,0.741
0.46096370493,0.517091516631,-0.124043489757,-1.40403839247,0.076805179912,1.91181954349,0.152950328129,-0.0103531570237,-0.083509857614,0.000116726364769,-0.125169413744,-0.00886010116967,0.0371343015133,-0.0179663588249,0.574032265877,0.818817937717,0.00221122257743,0.0,0.818775676006,-0.573970063246,-0.012062577663,0.0,-0.00860804513451,0.00873497222413,-0.999924798082,0.0,0.656004228394,0.253597799746,0.303442885329,1.0,-0.01512,-0.019872,0.757
0.460778414849,0.515748882249,-0.124052477304,-1.40619079952,0.0766726928594,1.91264542318,0.152647167449,-0.0124136593358,-0.0838280663625,-0.000919385184929,-0.127372296524,-0.00493928892371,0.0523997880393,-0.0273352337216,0.574020407037,0.818826228747,0.00221953188802,0.0,0.818784133087,-0.573958229383,-0.012051606959,0.0,-0.00859441875324,0.00873535400747,-0.999924911959,0.0,0.655750295789,0.253267805508,0.303431978939,1.0,-0.01546,-0.0203188571429,0.774
0.460582250346,0.514279563521,-0.124053851152,-1.40854176988,0.0765294409468,1.91350112116,0.152331184102,-0.0128057830247,-0.078266089152,0.000202309877849,-0.133449478355,-0.00551841773638,0.0480489275191,-0.021528057737,0.57400845192,0.81883467192,0.00219638031748,0.0,0.818792209212,-0.57394630787,-0.0120706551874,0.0,-0.00862343263417,0.00872720521597,-0.999924733317,0.0,0.655459249586,0.252913614315,0.303417284783,1.0,-0.01582,-0.020792,0.792
0.460410804962,0.513036940273,-0.124051758204,-1.41056296962,0.0763971179274,1.91420293558,0.152057015028,-0.0126280873662,-0.0800852243957,0.00207575556887,-0.137988694697,-0.00978057420033,0.046604963735,-0.016313790271,0.573992986769,0.818845696301,0.00212689685365,0.0,0.818802273429,-0.573931089467,-0.0121115016472,0.0,-0.00869692621394,0.00869359236244,-0.999924389605,0.0,0.655201404119,0.252605253052,0.303386803067,1.0,-0.01612,-0.0211862857143,0.807
0.460213122262,0.511614001435,-0.124060245166,-1.41285713637,0.0762673959649,1.91503624737,0.151729477177,-0.00923984263908,-0.0856856781623,0.000366331631642,-0.144156529371,-0.0022143153331,0.0511800467117,-0.017679133339,0.573977938966,0.818856319732,0.00209764549361,0.0,0.818812382922,-0.573916039684,-0.0121411642194,0.0,-0.00873816489238,0.00868650576262,-0.999924091665,0.0,0.654917687808,0.25225283241,0.303364093382,1.0,-0.01646,-0.0216331428571,0.824
0.460014605789,0.510145986399,-0.124061306252,-1.415173317,0.0761192729406,1.91591742636,0.15140490525,-0.00773528869734,-0.0886702022298,0.000103139597479,-0.13969313504,-0.0129567231808,0.0509629758386,-0.01341056403,0.573956536516,0.81887126357,0.00212009197587,0.0,0.818827680104,-0.573894601815,-0.0121228381492,0.0,-0.00871050215717,0.00869413958021,-0.999924266677,0.0,0.654638091849,0.251902514478,0.303365843084,1.0,-0.0168,-0.02208,0.841
0.459819835134,0.508717070036,-0.124067943339,-1.41740298199,0.0759737421343,1.91671937773,0.151087086027,-0.0136794622992,-0.0877793719589,-0.00269915633949,-0.134730953254,-0.00881827432944,0.0508996152241,-0.0227527862232,0.573936991119,0.818884974985,0.00211538901867,0.0,0.818841368708,-0.573875117925,-0.0121205948766,0.0,-0.00871157163456,0.00868879307965,-0.999924303832,0.0,0.654361561889,0.251556328993,0.303374200995,1.0,-0.01712,-0.0225005714286,0.857
0.45959632631,0.507112130109,-0.124066322075,-1.41994386805,0.0758151983103,1.91763207589,0.150748764099,-0.0131257592661,-0.0908341818676,0.00083908678063,-0.143749276941,-0.00399855922437,0.0535610923172,-0.0234604570165,0.573930610563,0.818889500664,0.00209448386273,0.0,0.818845545845,-0.573868754394,-0.0121396738646,0.0,-0.00873926088166,0.0086825563811,-0.999924116388,0.0,0.654042439904,0.251167043626,0.303366435619,1.0,-0.01748,-0.0229737142857,0.875
0.459374417436,0.505523114095,-0.124075516524,-1.42240398036,0.0756614572514,1.91856225579,0.150408809709,-0.012819421473,-0.0975476463231,3.63679348754e-05,-0.147472147785,-0.0110050562932,0.0597372439661,-0.0275321222531,0.573926241942,0.818892444587,0.0021400725631,0.0,0.818849151753,-0.57386425414,-0.0121091451188,0.0,-0.00868814357666,0.00870232030079,-0.999924390033,0.0,0.653746457738,0.250783844106,0.303387206052,1.0,-0.01782,-0.0234205714286,0.892
0.459164892005,0.503972683216,-0.124076936937,-1.42473270365,0.0755184493815,1.91945497369,0.150079869802,-0.0136424857154,-0.100979903233,0.000869323438516,-0.144831957758,-0.0140190742949,0.0561413556612,-0.0256317082617,0.573910911805,0.818902929841,0.00223689732656,0.0,0.818860940514,-0.573848552745,-0.0120559327613,0.0,-0.00858916373469,0.00875090769442,-0.999924821114,0.0,0.653467072028,0.250427618337,0.303439418426,1.0,-0.01814,-0.0238411428571,0.908
0.458929550179,0.50229585065,-0.124086562795,-1.42721838441,0.0753616847259,1.92038284431,0.14973426336,-0.0162099315574,-0.107536474542,-0.0025134366262,-0.151964043576,-0.00867505873332,0.0549733493299,-0.0158415025625,0.573912610826,0.818901464821,0.0023351551163,0.0,0.818860840355,-0.573849929416,-0.0119970639912,0.0,-0.00848454803109,0.00879760277943,-0.999925304525,0.0,0.65316835577,0.250033063149,0.303507863123,1.0,-0.01848,-0.024288,0.925
0.458692636827,0.500486129827,-0.124088208088,-1.42995617132,0.0751825477752,1.92134875238,0.149349262263,-0.0147101682041,-0.103119298807,-0.00165797076974,-0.154073818696,-0.00975804726575,0.0550123269106,-0.0275488278509,0.573883558101,0.81892174163,0.00236426070073,0.0,0.818881495248,-0.573820760517,-0.0119824221433,0.0,-0.00845616694462,0.00881273406449,-0.999925411698,0.0,0.652818633596,0.249613187735,0.303551455553,1.0,-0.01884,-0.0247611428571,0.943
0.458470006751,0.498996663593,-0.124083839606,-1.43225349595,0.0750358859795,1.92219391618,0.149024071048,-0.0134841417166,-0.101328686472,7.64760254598e-05,-0.159466356474,-0.0151924504943,0.0612824387495,-0.0231909744889,0.573873729539,0.818928541423,0.00239447041889,0.0,0.818888675272,-0.573810797042,-0.011968860054,0.0,-0.0084278303888,0.00882958906377,-0.999925502241,0.0,0.652534796298,0.249251263788,0.30357004957,1.0,-0.01914,-0.0251554285714,0.958
0.458180352274,0.497133044751,-0.124089004118,-1.43521400325,0.0748515689897,1.92328594787,0.148586643767,-0.014870715944,-0.102985525697,-0.000199989421424,-0.152725247321,-0.0120833368924,0.0576177519012,-0.00957060005134,0.573856945721,0.818940323873,0.002387191536,0.0,0.818900334798,-0.57379401536,-0.0119756630386,0.0,-0.00843775960355,0.00882735931638,-0.99992543819,0.0,0.652169626677,0.248777093857,0.303555063983,1.0,-0.01952,-0.0256548571429,0.977
0.457929227252,0.495549512854,-0.12409293165,-1.43776656174,0.0746939313672,1.92416104733,0.148207813473,-0.0134764448375,-0.100977227873,0.000927880368874,-0.163067451622,-0.0112408879109,0.0507811698372,-0.0324426724606,0.573836536432,0.818954893834,0.00229308145279,0.0,0.818913506393,-0.573773817317,-0.0120425291988,0.0,-0.00854674267415,0.00878844782309,-0.999924855364,0.0,0.651817426815,0.248339987881,0.303510919094,1.0,-0.01986,-0.0261017142857,0.994
0.457634675448,0.493824805138,-0.124109727441,-1.44060850791,0.0745225686686,1.92516459943,0.147806522496,-0.0227402690629,-0.113878026079,-0.00585332199555,-0.189762857772,-0.0118083204109,0.0663327985672,-0.0324399379117,0.573862784331,0.818936732209,0.00220914018823,0.0,0.81889413755,-0.573800302423,-0.0120975752681,0.0,-0.0086397097908,0.00875156867099,-0.999924379871,0.0,0.65148228111,0.247887851567,0.303455660227,1.0,-0.0286251428571,-0.0376216163265,1.01
0.457317291541,0.491004056512,-0.124193543121,-1.44473942898,0.0743064166539,1.9267310833,0.14720137846,-0.0238883375557,-0.192069230154,-0.00404589693182,-0.296706487173,-0.0134825040571,0.114589470029,-0.0459151629954,0.573836916556,0.818954225879,0.00243228550122,0.0,0.818914631075,-0.573773604006,-0.0119760284451,0.0,-0.00841239985114,0.00886429208453,-0.999925325139,0.0,0.650974179676,0.247250667551,0.303590399901,1.0,-0.0439942857143,-0.0578210612245,1.026
0.456733112575,0.486596599493,-0.124229100677,-1.45173841374,0.0739435288468,1.92944832013,0.146143111594,-0.0414531127396,-0.276932600157,-0.00264990612193,-0.44623973973,-0.0211297221743,0.170346859594,-0.0659127207723,0.573726997541,0.819030838344,0.00256223264291,0.0,0.818992535819,-0.573662754705,-0.0119589731454,0.0,-0.0083250706483,0.00895980767003,-0.999925204725,0.0,0.650096945102,0.246203620033,0.303559385248,1.0,-0.0612845714286,-0.0805454367347,1.044
0.456010007612,0.481710434667,-0.124374316967,-1.45948994866,0.0734805779703,1.9322248522,0.144931608809,-0.0550289014327,-0.346981602635,-0.0067760849911,-0.558401936699,-0.0340539972805,0.191379554003,-0.0861819239128,0.573688761071,0.819057912912,0.00246730988233,0.0,0.819018504645,-0.57362504174,-0.0119894720492,0.0,-0.00840492304012,0.00889916915271,-0.999925078222,0.0,0.64911455003,0.244908482045,0.303506032241,1.0,-0.0756931428571,-0.0994824163265,1.059
0.454943421244,0.474818240249,-0.124553582612,-1.47043407251,0.0728252732869,1.93598325812,0.143344579253,-0.0645857850986,-0.441237231221,-0.0140860927196,-0.693967558411,-0.0398686357694,0.237043456183,-0.0969808850324,0.573746408243,0.819018283483,0.00220391708568,0.0,0.818975207436,-0.573683545981,-0.0121468340377,0.0,-0.00868429539416,0.00877432478602,-0.999923794215,0.0,0.647682411809,0.243056529657,0.303402035325,1.0,-0.0920228571428,-0.120944326531,1.076
0.453657086998,0.466540972,-0.124697219228,-1.48310947159,0.0720852978106,1.94062661847,0.141386155712,-0.0777085274831,-0.516407109012,-0.00925214306631,-0.762723298401,-0.0490509917742,0.292085137121,-0.125364723925,0.573706984941,0.819045293117,0.00241870941875,0.0,0.819004870733,-0.573643061022,-0.0120584890693,0.0,-0.00848913628178,0.00889914553785,-0.999924367027,0.0,0.646060617885,0.240945142986,0.30349344044,1.0,-0.108352571429,-0.142406236735,1.093
0.452188756233,0.4576875396,-0.12482404107,-1.49687555692,0.0712091367317,1.9455542066,0.139228271478,-0.101572490494,-0.58742698542,-0.00971004416976,-0.914126529687,-0.0631162329186,0.314825312057,-0.140129350385,0.573641042151,0.819091503617,0.00241046947881,0.0,0.819050975609,-0.573577163012,-0.0120616883848,0.0,-0.00849719982753,0.00889354810182,-0.999924348337,0.0,0.64425481072,0.238607130285,0.303470294274,1.0,-0.123721714286,-0.162605681633,1.109
0.450209546399,0.446256691462,-0.125025534015,-1.51426066395,0.0700119019798,1.95173061098,0.136501886515,-0.110900952155,-0.667396753524,-0.00919016982237,-0.994928678294,-0.0742516816252,0.35045677187,-0.148609680124,0.573641410778,0.819090894311,0.00252697420795,0.0,0.819052764098,-0.573577995382,-0.0118995688441,0.0,-0.00829757143978,0.0088959819444,-0.999926003169,0.0,0.641966662323,0.235543542103,0.303581663323,1.0,-0.141012,-0.185330057143,1.127
0.448025939228,0.434284366336,-0.125169340518,-1.53265592132,0.0688283512788,1.95802523198,0.13357339686,-0.136015920359,-0.739115393085,-0.0040692220739,-1.09966885553,-0.0706757831017,0.396206663502,-0.189466510173,0.573628504524,0.819100257776,0.00241938229899,0.0,0.819060042408,-0.573564795991,-0.0120340613267,0.0,-0.00846959328597,0.0088848710319,-0.99992465969,0.0,0.639436707041,0.232292294411,0.303559526243,1.0,-0.157341714286,-0.206791967347,1.144
0.445674544383,0.421842626928,-0.12534150951,-1.55145954896,0.0675299731037,1.96452206471,0.130453287028,-0.149751205881,-0.801200017994,-0.00839846546224,-1.20539910615,-0.0894994271082,0.410014386628,-0.204226039641,0.573574469057,0.819137883311,0.00249067708591,0.0,0.819098814806,-0.573510708276,-0.0119727180315,0.0,-0.00837903824862,0.00890752753473,-0.99992522104,0.0,0.636843144347,0.228883415595,0.303644396894,1.0,-0.172710857143,-0.226991412245,1.16
0.442847723106,0.407535742743,-0.125523435171,-1.57271702922,0.0660101012774,1.97205400471,0.126906663925,-0.173213558596,-0.875588482198,-0.0122759022456,-1.28415888012,-0.0887687963479,0.449685217347,-0.218145204648,0.573577936332,0.819134068008,0.00291144012014,0.0,0.819101386687,-0.57351363678,-0.0116521952916,0.0,-0.00787511113917,0.00906838136321,-0.999927870941,0.0,0.633916385366,0.224953971008,0.303872332931,1.0,-0.189040571429,-0.248453322449,1.177
0.43963060652,0.392189823516,-0.125715342989,-1.59550550647,0.0645133883808,1.97983928022,0.122990955234,-0.198266186284,-0.916107903809,-0.00791351939002,-1.36327138401,-0.0903719040184,0.459668064324,-0.235735824486,0.573642499144,0.81908767535,0.00322647905486,0.0,0.819058330558,-0.573576271114,-0.0115956569255,0.0,-0.00764737508579,0.00929461511635,-0.999927561268,0.0,0.630664264393,0.220650290738,0.304041198233,1.0,-0.205370285714,-0.269915232653,1.194
0.436274170218,0.376872402427,-0.125911274792,-1.61836306884,0.0627257772404,1.98752929245,0.118919672408,-0.20935996586,-0.982691920662,-0.0168446159638,-1.45526412562,-0.115366216114,0.498253800866,-0.266228036496,0.573562971781,0.819143332418,0.00323500520804,0.0,0.819115092274,-0.573497940876,-0.0114596824025,0.0,-0.0075319986204,0.00922286865273,-0.999929101332,0.0,0.627323123292,0.216225051812,0.30409128282,1.0,-0.220739428571,-0.290114677551,1.21
0.432051944124,0.358560912495,-0.126129919035,-1.64538904846,0.060690374618,1.9964927791,0.114059421413,-0.244750251995,-1.05818806214,-0.0125832829293,-1.54312553543,-0.130755174361,0.512314417023,-0.273793724975,0.573599760142,0.819116992261,0.00337861750919,0.0,0.819090790268,-0.573534534775,-0.0113649294108,0.0,-0.00737159490098,0.00928649406348,-0.999929707838,0.0,0.623275852542,0.210886427279,0.304194411952,1.0,-0.238029714286,-0.312839053061,1.228
0.427557931415,0.340355977639,-0.126396709194,-1.6722206155,0.0586536580202,2.00516330948,0.108980588459,-0.2691841072,-1.11161675709,-0.0194886623322,-1.6129984609,-0.131140305383,0.544206970928,-0.306115737348,0.573649919764,0.819081917183,0.00336591737347,0.0,0.819055330157,-0.573584445857,-0.0114016013281,0.0,-0.00740835025704,0.00929757925988,-0.999929333186,0.0,0.619151671846,0.20539903021,0.304209958826,1.0,-0.254359428571,-0.334300963265,1.245
0.422992441258,0.322451014628,-0.126579256787,-1.6984243376,0.0565669449503,2.01358610898,0.103872147253,-0.288292415003,-1.1585672127,-0.0155395432818,-1.70138236972,-0.15748779758,0.534047845753,-0.319573638137,0.573570752401,0.819137200506,0.00340376833219,0.0,0.819111105147,-0.573505184836,-0.0113818843457,0.0,-0.00737138801501,0.00931655978082,-0.999929429686,0.0,0.615012807506,0.200010528829,0.304218095332,1.0,-0.269728571429,-0.354500408163,1.261
0.417697391665,0.302544987669,-0.126771344386,-1.72728156561,0.0541712789387,2.02261074074,0.0979967469437,-0.325576109053,-1.19413505926,-0.0088981409299,-1.72739097503,-0.14908874881,0.535464423467,-0.35828838799,0.573387773003,0.819265392884,0.00338004346182,0.0,0.819239034254,-0.573322351315,-0.0113856549445,0.0,-0.00739016088977,0.00929763788255,-0.999929467238,0.0,0.61031515023,0.193952592611,0.304228157114,1.0,-0.286058285714,-0.375962318367,1.278
0.411821965339,0.281779002741,-0.127015375499,-1.75708080548,0.0516925956776,2.03166181094,0.0918141944205,-0.357782682343,-1.24528441964,-0.0100533812881,-1.7662457609,-0.145823404152,0.525800823635,-0.379326088528,0.573395963262,0.819259815403,0.00334231671907,0.0,0.819232476885,-0.573330034025,-0.011470300935,0.0,-0.00748105010179,0.00931533800698,-0.999928626637,0.0,0.605336807377,0.187483212617,0.304239089221,1.0,-0.302388,-0.397424228571,1.295
0.406159647592,0.262718879956,-0.127282544798,-1.78405510323,0.0493959027432,2.03973119322,0.0859096489563,-0.383761693534,-1.28841375951,-0.022361173262,-1.80323483082,-0.161380436588,0.524188645314,-0.402868004116,0.573383004108,0.819268543533,0.00342506633114,0.0,0.819241971542,-0.573316450513,-0.0114711174748,0.0,-0.00743442197016,0.00938348255305,-0.999928337245,0.0,0.600739466798,0.181453210964,0.304303645844,1.0,-0.316796571429,-0.416361208163,1.31
0.398641383202,0.239151630471,-0.127678426966,-1.81714869165,0.0463698295189,2.04945092248,0.0784126234645,-0.431941303918,-1.32898543087,-0.0200850029342,-1.84427770824,-0.165166572832,0.525025193747,-0.422145709163,0.573516017833,0.819175338308,0.0034480861067,0.0,0.819149700764,-0.573450187628,-0.0113752779761,0.0,-0.00734118290014,0.00934858281832,-0.999929353021,0.0,0.594994796209,0.173740297387,0.304346302592,1.0,-0.334086857143,-0.439085583673,1.328
0.390601434005,0.214703987339,-0.127974938745,-1.85085473116,0.0433186245877,2.0591660456,0.0702930229542,-0.468741071849,-1.38454658585,-0.0184069305826,-1.86844407945,-0.181279419152,0.5490211116,-0.466062284098,0.573393463151,0.819259682491,0.00377570674496,0.0,0.819238061666,-0.573326502964,-0.0112457200019,0.0,-0.00704858796099,0.0095416087182,-0.99992963508,0.0,0.588940834577,0.165850087345,0.304485276676,1.0,-0.351377142857,-0.461809959184,1.346
0.383287516198,0.193752997724,-0.128279228449,-1.87967803836,0.0405323225687,2.06704009611,0.063078342763,-0.499138661286,-1.41570266373,-0.0272416698584,-1.93587055585,-0.190129476275,0.547620183509,-0.489389840928,0.573313978838,0.819315704863,0.00368840551745,0.0,0.819292853124,-0.573247112877,-0.0113011194315,0.0,-0.00714495438128,0.00950115695318,-0.999929336325,0.0,0.583583337698,0.158883323656,0.304461677868,1.0,-0.365785714286,-0.480746938775,1.361
0.374176245809,0.169264090417,-0.128785250751,-1.91282162639,0.0373230106067,2.07579622024,0.054338484978,-0.54650225483,-1.44104842455,-0.0330941984506,-1.95681640208,-0.193303187988,0.510451698357,-0.512914733347,0.57346036276,0.819213117152,0.00371859243841,0.0,0.81919014317,-0.573392714822,-0.0113600538289,0.0,-0.00717422942075,0.00956095893979,-0.999928556696,0.0,0.577296842517,0.150507573978,0.304493310579,1.0,-0.382115428571,-0.50220884898,1.378
0.3643888294,0.144120019796,-0.129217863961,-1.94649964836,0.0337602912842,2.08433111812,0.0450265543604,-0.596170425522,-1.49381742369,-0.0228574452282,-1.9979433453,-0.210648555552,0.48338530285,-0.562535258782,0.573395290994,0.81925930427,0.0035748472462,0.0,0.819234801932,-0.573328477833,-0.0113816831076,0.0,-0.00727512812281,0.00945502481172,-0.999928834976,0.0,0.570682426999,0.141857386355,0.304468684483,1.0,-0.398445142857,-0.523670759184,1.395
