position_joint1,position_joint2,position_joint3,position_joint4,position_joint5,position_joint6,position_joint7,velocity_joint1,velocity_joint2,velocity_joint3,velocity_joint4,velocity_joint5,velocity_joint6,velocity_joint7,ee_T_00,ee_T_10,ee_T_20,ee_T_30,ee_T_01,ee_T_11,ee_T_21,ee_T_31,ee_T_02,ee_T_12,ee_T_22,ee_T_32,ee_T_03,ee_T_13,ee_T_23,ee_T_33,v_x,v_y,time
0.465069610526,0.547752504706,-0.124016587481,-1.35583196982,0.0794312668316,1.89409694257,0.15914776503,-0.00041182353677,-0.000778315240353,-0.000755389755352,0.000675151579291,0.000148098120166,-0.00031118927938,0.000428956493078,0.57380099954,0.818980746589,0.00192263999291,0.0,0.818938010115,-0.573743287678,-0.011828877152,0.0,-0.0085846861325,0.00836210549965,-0.999928186599,0.0,0.66168872572,0.260860655163,0.3032356777,1.0,0.0,0.0,0.0
0.465073330891,0.547761106366,-0.124014076851,-1.3558323418,0.0794305547608,1.894093551,0.159153970271,0.000287905975303,0.0011001250592,0.00125390621893,0.000124494578379,-5.40553961315e-06,-0.000136927104746,0.00182696229957,0.573801102897,0.818980698688,0.00191216933566,0.0,0.81893781545,-0.573743423333,-0.0118357724426,0.0,-0.00859634011011,0.00835748796727,-0.999928125083,0.0,0.661686227597,0.260864064327,0.303229028155,1.0,-0.00016,-0.000210285714286,0.009
0.465069456326,0.547754533849,-0.124016216559,-1.35584065001,0.0794288780942,1.89409710057,0.159150104711,-0.00063296707554,-0.00149673585157,0.000533826202487,-0.00155261896841,-0.000106116492088,-0.000154722124486,-0.000232875544486,0.573802627894,0.818979629268,0.00191258141494,0.0,0.818936773578,-0.573744968039,-0.0118329807645,0.0,-0.00859380169414,0.00835623959514,-0.999928157335,0.0,0.661686801146,0.260859332081,0.303230105979,1.0,-0.0005,-0.000657142857143,0.026
0.465069458574,0.547732521179,-0.124016216595,-1.35585684139,0.0794312213328,1.89410032361,0.159150816785,-0.00243797934597,0.000347827088965,-0.000434030202214,-0.00247118105206,8.22029490357e-05,-0.000280379382832,-0.00465052699488,0.573804697976,0.818978155625,0.00192252219818,0.0,0.81893539524,-0.573746964348,-0.0118315774674,0.0,-0.00858692754227,0.00836359723667,-0.999928154877,0.0,0.661684183531,0.260858301395,0.303238277753,1.0,-0.00088,-0.00115657142857,0.045
0.465069053942,0.547665532868,-0.124021093816,-1.3559312408,0.0794294134728,1.89411274164,0.159147680586,-0.000322820736995,-0.00785212505479,-0.000799162749478,-0.00733632742958,-0.000511798591568,0.00166391390437,0.00112282557171,0.573809187211,0.818974990255,0.00193103873858,0.0,0.818932328403,-0.573751406532,-0.0118284360542,0.0,-0.00857942229039,0.00836881645433,-0.999928175633,0.0,0.66167197227,0.260845760483,0.303254291927,1.0,-0.00118,-0.00155085714286,0.06
0.465065970936,0.547529236313,-0.124014740851,-1.35611203027,0.0794253043924,1.89414618963,0.159145632958,-0.000361173825451,-0.00857276550623,-0.000243441243486,-0.0103252908191,0.000475404439572,0.000135352332304,-0.000988585779853,0.573814598803,0.818971211264,0.0019256744071,0.0,0.818928334788,-0.573756698115,-0.0118482382626,0.0,-0.00859866300274,0.00837584268168,-0.999927951531,0.0,0.661641100933,0.260831380848,0.303264746967,1.0,-0.0015,-0.00197142857143,0.076
0.46504829129,0.547385229815,-0.124018699524,-1.35632765734,0.0794187301164,1.89422328141,0.159142008676,-0.00114304054505,-0.00912722801539,0.000274779929472,-0.0137699813146,-0.000700819200503,0.00984494182707,0.00153735590375,0.573839181459,0.818953970025,0.00193279696526,0.0,0.818911144692,-0.573781208234,-0.0118494336369,0.0,-0.00859530362769,0.00838261966562,-0.999927923624,0.0,0.661616727901,0.260797858967,0.30327093971,1.0,-0.00184,-0.00241828571429,0.093
0.465023985039,0.547186409409,-0.124011354348,-1.35654958862,0.079414634668,1.89435860135,0.159130482603,-0.00177175546756,-0.0112831992184,0.00196821606678,-0.0133114647208,-0.000181951481405,0.000569771900037,-0.00224360555938,0.573856124174,0.818941851937,0.00203440303834,0.0,0.818900295371,-0.57379768815,-0.0118011108057,0.0,-0.00849725137639,0.00843827541987,-0.999928293543,0.0,0.661602968974,0.260770843609,0.303317639916,1.0,-0.0022,-0.00289142857143,0.111
0.464998069846,0.546977050434,-0.12401690724,-1.3568019395,0.0794099624503,1.89448081454,0.159121956476,-0.000410189927858,-0.0152717803985,3.91380645292e-05,-0.0167513137976,-0.00119121750155,0.0137513463865,0.00152660432569,0.573887243704,0.818919863494,0.00210608389796,0.0,0.818879210186,-0.573828494136,-0.0117662799248,0.0,-0.00842727164922,0.0084773094881,-0.999928555606,0.0,0.661583295076,0.260730834571,0.303356605088,1.0,-0.00254,-0.00333828571429,0.128
0.464963695171,0.546781166521,-0.124016907276,-1.35710138656,0.0793997648043,1.89459587771,0.159094941797,-0.00572524499737,-0.0146141637283,-2.23234087795e-05,-0.0240446327292,0.000227380771823,0.00933993455168,-0.00124206434388,0.573907348562,0.818905738337,0.00211987881567,0.0,0.818865198672,-0.573848476935,-0.0117668527314,0.0,-0.00841961609795,0.00848914168183,-0.999928519714,0.0,0.661552255271,0.260681283149,0.303362785498,1.0,-0.00284,-0.00373257142857,0.143
0.464929323651,0.546492911278,-0.124019491815,-1.35751773774,0.0793847935018,1.89475372327,0.159017118554,-0.00078880761904,-0.0165198447495,-0.000953910527,-0.0207108972366,0.00021546366032,0.00668623859444,-0.0107375914483,0.573892883574,0.818915795115,0.00215071990892,0.0,0.818875578527,-0.573833816006,-0.0117594813649,0.0,-0.00839603086921,0.00851001852374,-0.999928540572,0.0,0.661506203938,0.260619709009,0.303382520924,1.0,-0.0032,-0.00420571428571,0.161
0.464886684891,0.546224471934,-0.124021570103,-1.3579511244,0.0793537425146,1.89490538737,0.158933854184,-0.00466932049451,-0.0119789028047,-0.000994559598407,-0.0260072310427,-0.00330822715762,0.0081463283296,-0.00263759512622,0.573877027357,0.818926944329,0.00213640491527,0.0,0.818886578531,-0.573818054197,-0.01176261365,0.0,-0.00840697540258,0.00849993071684,-0.999928534418,0.0,0.661457390737,0.260547646796,0.303379514358,1.0,-0.00352,-0.00462628571429,0.177
0.464847311104,0.545915292353,-0.124017318361,-1.35846922449,0.0792861476956,1.89508311739,0.158901138268,-0.0028144652121,-0.0218118357375,0.000669379302558,-0.0279975268561,-0.0038625348216,0.017231936757,-0.00714111797729,0.573890466844,0.818917645642,0.00209012532989,0.0,0.818876962287,-0.57383195695,-0.0117538384866,0.0,-0.00842620726294,0.00845713416323,-0.999928735417,0.0,0.661395106147,0.260467738893,0.303367003964,1.0,-0.00386,-0.00507314285714,0.194
0.464789042335,0.545596161301,-0.124017319476,-1.35902837293,0.0792517526887,1.89526238484,0.158833469128,-0.00287215071642,-0.0186942688986,0.000979979657973,-0.0350233971706,-0.000503703212106,0.0133309039013,-0.00924638873963,0.573904751779,0.818907766692,0.00203775303928,0.0,0.818866369265,-0.573846411448,-0.0117861044222,0.0,-0.0084825384965,0.00843291112525,-0.999928463717,0.0,0.661327945487,0.260373611194,0.303342316699,1.0,-0.00418,-0.00549371428571,0.21
0.464727631785,0.545207315145,-0.124017354474,-1.35970567776,0.0792348243151,1.89548863094,0.158737032629,-0.0048874603318,-0.023489814428,-0.00024690040835,-0.0414727106825,-0.000562944111486,0.0191097556089,-0.00542279033846,0.573907434888,0.818905970295,0.00200372071482,0.0,0.818863825506,-0.573848928007,-0.0118401859473,0.0,-0.00854633052074,0.00843610757659,-0.999927893562,0.0,0.661239381432,0.26026841987,0.303316017902,1.0,-0.00454,-0.00596685714286,0.228
0.464669882586,0.544786449708,-0.124022571081,-1.36040494626,0.0792104028433,1.89572400646,0.158662376703,-0.0017633957871,-0.0263780034688,0.000262503570455,-0.0458951374381,-0.000623512553776,0.0109315956647,-0.00440636784767,0.573931541524,0.818889159269,0.00196910558037,0.0,0.818846441653,-0.573873051906,-0.0118731709805,0.0,-0.00859295981424,0.00842694466613,-0.9999275712,0.0,0.661159501396,0.260163632259,0.303300476481,1.0,-0.00486,-0.00638742857143,0.244
0.464602324793,0.544368006335,-0.124025092296,-1.36110147427,0.0791781299178,1.89596885809,0.158559253174,-0.000500057782006,-0.0269406434782,0.00346338757293,-0.0455815615838,0.000248396690626,0.0126806171634,-0.00282305657663,0.573929950727,0.81889034984,0.00193739488688,0.0,0.818847113824,-0.573871488735,-0.0119023317342,0.0,-0.00863505516126,0.00841769694394,-0.999927286457,0.0,0.661072708126,0.260044435907,0.3032820549,1.0,-0.0052,-0.00683428571429,0.261
0.464524183495,0.543838770924,-0.12402047665,-1.36196623664,0.0791281129899,1.8962713356,0.158461832352,-0.00413160580129,-0.0322658068833,0.000955017086048,-0.0474550571359,-0.0102311285345,0.0192379644303,-0.0127669156841,0.573950160818,0.818876228613,0.00191885665471,0.0,0.818832679932,-0.57389170422,-0.0119206125827,0.0,-0.00866045709938,0.00841322202646,-0.999927104432,0.0,0.660976447573,0.25991946348,0.3032753237,1.0,-0.00554,-0.00728114285714,0.278
0.464456364264,0.543343423705,-0.124033714932,-1.36275798358,0.0790808004514,1.89654412011,0.158364906208,-0.00124961411979,-0.0329387700595,-0.00132248858464,-0.0486272741054,-0.000570104750462,0.018866571043,-0.0107835158843,0.573966946876,0.818864516551,0.00189587129768,0.0,0.818820697019,-0.573908612265,-0.0119297025082,0.0,-0.00868092034612,0.0083997953053,-0.999927039869,0.0,0.660884907304,0.259790345851,0.303272986205,1.0,-0.00586,-0.00770171428571,0.294
0.464377536579,0.542790659677,-0.124036846302,-1.36364478809,0.0790315261891,1.89686089501,0.158234547683,-0.00475989332058,-0.0369792913974,-0.0019846772005,-0.0519662867796,-0.00263524459851,0.0178433353765,-0.00377876836678,0.573963081372,0.818867256563,0.00188261845915,0.0,0.81882321484,-0.573904755234,-0.0119424311287,0.0,-0.00869898961158,0.00839620792177,-0.999926912965,0.0,0.660782289101,0.259651953662,0.303269447957,1.0,-0.0062,-0.00814857142857,0.311
0.464302978401,0.542199899296,-0.12403752232,-1.36457691801,0.0789795258486,1.89719739403,0.15813650913,-0.00480897929143,-0.0359816052849,0.000354927288933,-0.0546178526875,-0.00471384480118,0.02261302593,-0.00214899006636,0.573982205133,0.818853857506,0.00188019676005,0.0,0.818809728868,-0.573923833484,-0.0119502372675,0.0,-0.00870657578091,0.00839890864298,-0.999926824259,0.0,0.660672499121,0.259513830876,0.303272764969,1.0,-0.00654,-0.00859542857143,0.328
0.464214317645,0.541571913464,-0.124038590672,-1.36552752682,0.0789135144985,1.89755296702,0.157997561989,-0.00427123968639,-0.0356615998054,-0.00102031748273,-0.0548646646512,-0.00197181430549,0.0261863165844,-0.0173543451296,0.573976914557,0.818857512267,0.00190343378226,0.0,0.818813766429,-0.573918522921,-0.0119286149998,0.0,-0.00867558713068,0.00840546924826,-0.999927038476,0.0,0.660567616154,0.259363500582,0.30329516642,1.0,-0.00688,-0.00904228571429,0.345
0.464134991931,0.540942891801,-0.124038535962,-1.36648297075,0.078858598886,1.89791974495,0.157883317521,-0.00401326249498,-0.0396459374464,0.000348656323335,-0.0600071064939,-0.00282478042794,0.0259809913655,-0.0154551162569,0.573986659286,0.818850598684,0.00193878782392,0.0,0.818807297123,-0.57392810298,-0.0119117458269,0.0,-0.00864138175726,0.00842483901551,-0.999927171652,0.0,0.66046042331,0.259221989685,0.303316867465,1.0,-0.0072,-0.00946285714286,0.361
0.464034031403,0.540232843614,-0.124044948116,-1.36756543769,0.0787979634456,1.89830452456,0.157740345982,-0.00940682707091,-0.0426626216085,-0.00105981058315,-0.0660687972238,-0.00509319858108,0.0204964205862,-0.00935524052566,0.57400037225,0.818840956898,0.00195111880156,0.0,0.81879777351,-0.573941721642,-0.0119102122165,0.0,-0.00863290729431,0.00843420036089,-0.999927165936,0.0,0.660336842589,0.259048732488,0.303337053709,1.0,-0.00754,-0.00990971428571,0.378
0.463933079133,0.539490411309,-0.124048158982,-1.3687120556,0.0787356612154,1.89875111669,0.157607297208,-0.00742327097169,-0.0414359358713,-0.000139901589086,-0.0701042418563,-0.00464761666291,0.0313400213607,-0.00629896304785,0.574023260774,0.818824820729,0.00198895703931,0.0,0.818782102857,-0.573964424461,-0.0118934601803,0.0,-0.00859723534108,0.00845580802224,-0.999927290784,0.0,0.660210764094,0.258874079476,0.303354738764,1.0,-0.00788,-0.0103565714286,0.395
0.4638227289,0.538735845809,-0.124050658103,-1.36987666727,0.0786655498004,1.89919387777,0.157457644093,-0.00773412409273,-0.0428005461386,-0.0007767088382,-0.0687383561705,-0.00630449615273,0.0268934270841,-0.00341701067594,0.574038480889,0.818814085464,0.00201564046722,0.0,0.81877172983,-0.573979548192,-0.0118776929276,0.0,-0.00856885084413,0.00846876528663,-0.999927424771,0.0,0.660082544977,0.258690150046,0.303371936438,1.0,-0.00822,-0.0108034285714,0.412
0.463715361759,0.537954019502,-0.124057069298,-1.37110692197,0.0785978904725,1.89966101898,0.157308927055,-0.00370543415042,-0.0447126616173,-0.000846899018798,-0.0735501196266,-0.00142284745226,0.0186189135413,-0.0114044513568,0.57405898861,0.818799666369,0.0020324496041,0.0,0.81875750423,-0.573999960008,-0.0118719029714,0.0,-0.00855424889645,0.00847941923304,-0.999927459507,0.0,0.659944444694,0.258500546775,0.303379271536,1.0,-0.00856,-0.0112502857143,0.429
0.463612456514,0.537181794837,-0.124063087711,-1.37228985052,0.0785212794331,1.90009962195,0.157158593989,-0.00761564286269,-0.0462148143601,-0.000605114643675,-0.077056795686,-0.00386457309952,0.0262810067658,-0.0119201564649,0.574069006292,0.818792594559,0.0020518310543,0.0,0.818750750059,-0.574009963093,-0.0118540477964,0.0,-0.00852839928162,0.00848514301903,-0.999927631758,0.0,0.659810359247,0.258316244462,0.303399699679,1.0,-0.00888,-0.0116708571429,0.445
0.463499224511,0.536341564911,-0.12406414351,-1.37361455032,0.0784553995381,1.90060721331,0.156995940085,-0.00519050147256,-0.0547736887687,0.0013265627502,-0.0789258248387,-0.000675823097464,0.0308192215043,-0.00984100348054,0.574084660723,0.818781553869,0.00207756271399,0.0,0.818739929965,-0.574025398318,-0.0118539473347,0.0,-0.00851338356278,0.00850631665777,-0.999927579816,0.0,0.659659619972,0.258118490808,0.303406379348,1.0,-0.00922,-0.0121177142857,0.462
0.463389401204,0.535459160913,-0.12406948079,-1.37499790901,0.0783630105111,1.90109894624,0.156828637675,-0.00695689166265,-0.0616538884418,-0.000490223981607,-0.0876584364908,-0.000606337945389,0.0390750682485,-0.0114602838403,0.57409241004,0.818776155407,0.00206372794119,0.0,0.818734413162,-0.574033263787,-0.0118540993104,0.0,-0.0085213694363,0.00849515708492,-0.999927606664,0.0,0.659494455448,0.257908762968,0.303413454739,1.0,-0.00956,-0.0125645714286,0.479
0.463277868953,0.534626873181,-0.124067922303,-1.37633414201,0.0782971918183,1.90159250754,0.156663550965,-0.00531697484503,-0.0494936696806,0.001119704294,-0.0858064299926,-0.000853097196737,0.0360164240637,-0.0131242335763,0.574103149541,0.818768628588,0.00206238400435,0.0,0.818726707108,-0.574043846197,-0.0118738626092,0.0,-0.00853821174539,0.00850551454332,-0.999927374944,0.0,0.65933635616,0.257711268163,0.303407421968,1.0,-0.00988,-0.0129851428571,0.495
0.463143476969,0.533647984415,-0.124068066881,-1.3779063688,0.0782041600367,1.90216750048,0.156469326691,-0.00959774836519,-0.0578962619744,0.000889750056855,-0.0862176343594,-0.0056035654211,0.0334646721454,-0.0132147272999,0.574115366277,0.818760101548,0.00204675802263,0.0,0.818717927915,-0.574056076353,-0.0118879188084,0.0,-0.00855856450996,0.00850091801721,-0.999927240036,0.0,0.659150908846,0.257472777468,0.303399389674,1.0,-0.01024,-0.0134582857143,0.513
0.463026520555,0.532766790143,-0.124070894878,-1.37933919733,0.0781268376577,1.90271459871,0.156286656693,-0.00986376622166,-0.0583225615206,0.000131144129286,-0.0957912550299,-0.00676010354752,0.0317940204647,-0.010037261919,0.574121546486,0.818755782367,0.00204098086622,0.0,0.818713463001,-0.574062209375,-0.0118992507926,0.0,-0.00857109542705,0.00850275848442,-0.999927117055,0.0,0.658974987742,0.257241941476,0.303384077383,1.0,-0.01058,-0.0139051428571,0.53
0.462892637558,0.53179233159,-0.124068372882,-1.38089804499,0.0780322578302,1.90327814309,0.156086026386,-0.00708353505345,-0.0591220608905,0.000616225639196,-0.0965622692633,-0.00369617470077,0.0355338093026,-0.0176672535246,0.574124429688,0.81875379461,0.00202730072707,0.0,0.818711246741,-0.574065098433,-0.0119123516441,0.0,-0.00858964589723,0.0084991096339,-0.999926988894,0.0,0.658798426497,0.257024091446,0.303380033166,1.0,-0.0109,-0.0143257142857,0.546
0.462755401823,0.530789828336,-0.12406845184,-1.38252583676,0.0779344001739,1.90385388497,0.155884771607,-0.00852060356996,-0.0589227516411,0.000228788912321,-0.097598157704,-0.00913197050335,0.0324968490037,-0.0151776746397,0.574134263652,0.818747002637,0.00198491165494,0.0,0.818703833837,-0.574075039058,-0.0119427338483,0.0,-0.00863875562856,0.00848195078954,-0.99992671152,0.0,0.658600496682,0.256776836318,0.303361641084,1.0,-0.01124,-0.0147725714286,0.563
0.462616111197,0.529754767954,-0.124078373106,-1.38416194976,0.0778329062636,1.90445007119,0.155670634229,-0.00321219838571,-0.064389943719,-0.00155298711491,-0.0956045818806,-0.00492841004037,0.0441299519477,-0.0198065716455,0.574141524562,0.818741930978,0.00197664687502,0.0,0.818698688658,-0.574082367108,-0.0119431933321,0.0,-0.00864380147376,0.00847552461245,-0.999926722405,0.0,0.658408077462,0.256522770638,0.303364069189,1.0,-0.01158,-0.0152194285714,0.58
0.462473727247,0.528685576518,-0.12407787832,-1.38584349186,0.077729412363,1.90508662925,0.155437079269,-0.0122676480097,-0.0634052473899,-0.000378982188958,-0.0996017666385,-0.00200804962734,0.0299978751619,-0.0224870924901,0.574129955255,0.818749998421,0.00199536101543,0.0,0.818707006251,-0.574070727471,-0.0119325050987,0.0,-0.00862442622796,0.00848458801635,-0.999926812841,0.0,0.658212048549,0.25627021432,0.303371829688,1.0,-0.01192,-0.0156662857143,0.597
0.462336277528,0.527567828661,-0.124077617799,-1.38756712347,0.0776197493444,1.90575196556,0.15518984847,-0.00672412171284,-0.0671496536527,0.000366113414977,-0.102278467991,-0.0118952356394,0.0420295999778,-0.0140723449569,0.574103756762,0.818768253503,0.00204216277706,0.0,0.818725929549,-0.574044397196,-0.0119008080878,0.0,-0.00857187678815,0.00850443398634,-0.999927096108,0.0,0.658011823485,0.256017393413,0.303395959791,1.0,-0.01226,-0.0161131428571,0.614
0.462191453966,0.526487123055,-0.124080077346,-1.3892543855,0.0775106747012,1.90639421283,0.154960661632,-0.0156649201418,-0.0618568521592,0.00026759718745,-0.107106992067,-0.00205979725729,0.0429830852687,-0.0153729889659,0.574098218647,0.818772074105,0.00206710266931,0.0,0.818730147632,-0.574038830633,-0.0118791070604,0.0,-0.00853984834583,0.00851233736499,-0.999927302909,0.0,0.657816501141,0.255760533122,0.30340914825,1.0,-0.01258,-0.0165337142857,0.63
0.462027338248,0.525168749743,-0.124084021039,-1.39129635745,0.0773896082286,1.90712774767,0.154692810719,-0.00921129112727,-0.0663588183388,-0.000129972708825,-0.111254406019,-0.00644388864589,0.0412417624368,-0.0201923763179,0.574093265373,0.818775522341,0.00207691352004,0.0,0.81873365711,-0.57403377194,-0.0118816787017,0.0,-0.00853637353499,0.00852179479667,-0.999927252024,0.0,0.657567759313,0.255455444708,0.303428367205,1.0,-0.01296,-0.0170331428571,0.649
0.461891013412,0.524131718173,-0.124089334074,-1.39296187591,0.0772765012823,1.90772001753,0.154462054352,-0.0103977170335,-0.067901107645,0.00193359705165,-0.111195045225,-0.00215730024258,0.0433620098863,-0.0170498226336,0.574078525471,0.818785954607,0.00203814447073,0.0,0.818743654766,-0.574019261258,-0.0118937961393,0.0,-0.0085687040165,0.00849685439359,-0.999927187738,0.0,0.657364012048,0.255200580142,0.303416382267,1.0,-0.01326,-0.0174274285714,0.664
0.461729534366,0.522857754871,-0.124095725391,-1.39500025995,0.0771524743944,1.90849755673,0.154193489448,-0.00816057760236,-0.0749055014057,0.0015839768542,-0.113084872188,-0.00384215411657,0.046153925054,-0.017289966576,0.574071401954,0.81879093128,0.00204529048918,0.0,0.818748754397,-0.574012139176,-0.011886469347,0.0,-0.0085586765184,0.00849842478374,-0.999927260271,0.0,0.657122471791,0.25489819818,0.303409332347,1.0,-0.01362,-0.0179005714286,0.682
0.461550810531,0.521559720313,-0.124096694463,-1.39707488626,0.0770264596294,1.90930241552,0.153906036659,-0.01069351678,-0.0725576537174,-0.000313718498244,-0.115174973183,-0.00877785236672,0.0472722006825,-0.0221853329972,0.574060286021,0.818798671884,0.00206635814355,0.0,0.818756787996,-0.574000957809,-0.0118730554396,0.0,-0.00853571481052,0.00850785816069,-0.999927376324,0.0,0.656881026555,0.254585222909,0.303403775013,1.0,-0.01398,-0.0183737142857,0.7
0.461406472764,0.520433265177,-0.124102521304,-1.3988705789,0.0769212159669,1.90996069598,0.153677830903,-0.0110308081983,-0.0804906940205,-0.00370152186506,-0.11741431839,-0.0122529191596,0.0400419902895,-0.0158327424148,0.57406313118,0.818796700848,0.00205693973267,0.0,0.818754647274,-0.574003793887,-0.011883563039,0.0,-0.00854969560845,0.0085062081439,-0.999927270919,0.0,0.656662137061,0.254316343462,0.303397557673,1.0,-0.01428,-0.018768,0.715
0.461229955716,0.519102497717,-0.124105421482,-1.40091868229,0.0767864816733,1.91069803048,0.153404536632,-0.0102710517664,-0.0794627939052,-0.00327180770039,-0.11930648026,-0.013619872551,0.0392435522299,-0.0114414811734,0.574058264327,0.818800083423,0.00206868195997,0.0,0.818758227419,-0.573998924617,-0.0118720880353,0.0,-0.00853360975173,0.00850918445428,-0.999927383006,0.0,0.65641329174,0.25400144212,0.303421021692,1.0,-0.01462,-0.0192148571429,0.732
0.461062705215,0.517835121561,-0.124108796028,-1.40291320697,0.0766647452352,1.91141196581,0.15312036195,-0.00815529076894,-0.0876516599431,-8.62796595547e-05,-0.130160005697,-0.00742007157398,0.0425817765071,-0.0195437545923,0.574037706915,0.818814525032,0.00205707035837,0.0,0.818772466515,-0.573978365621,-0.0118840555913,0.0,-0.00855028807174,0.00850633236487,-0.999927264797,0.0,0.656167104179,0.253698427046,0.303423143102,1.0,-0.01494,-0.0196354285714,0.748
0.460883119112,0.516502997793,-0.124118327414,-1.40504504075,0.0765227207618,1.91220163652,0.152825121429,-0.0100422263058,-0.0738337686322,-0.00103009583413,-0.124368741048,-0.00434316737451,0.0516663620778,-0.0199357886833,0.57402416738,0.818824063793,0.00203831273094,0.0,0.818781876001,-0.573965018136,-0.0118804204325,0.0,-0.00855821870672,0.00848874540324,-0.999927346408,0.0,0.655910123377,0.253370189252,0.303411731631,1.0,-0.01528,-0.0200822857143,0.765
0.460675053725,0.514960561866,-0.124123118647,-1.407502114,0.0763779354157,1.91312411121,0.152495397634,-0.0107745354728,-0.0786648996635,-0.00269191625713,-0.128268267788,-0.0101267756415,0.0512877161565,-0.0087544411073,0.574018624865,0.818827933283,0.0020447213925,0.0,0.818785778925,-0.573959400633,-0.0118828261231,0.0,-0.00855656763145,0.00849531586987,-0.999927304737,0.0,0.655613455762,0.252998788127,0.30340394547,1.0,-0.01566,-0.0205817142857,0.784
0.460494326421,0.513627023562,-0.124119578212,-1.40965068819,0.0762525459855,1.91386226339,0.152199403473,-0.00796383443458,-0.0829046100421,0.00156915435427,-0.137699635847,-0.00961006978278,0.043373966651,-0.0160817393327,0.574000539707,0.8188407596,0.00198437252353,0.0,0.818797624912,-0.573941374285,-0.0119371363481,0.0,-0.0086358665687,0.0084768854219,-0.99992677943,0.0,0.65533694787,0.25267481448,0.303379848575,1.0,-0.01598,-0.0210022857143,0.8
0.460309316349,0.512305695025,-0.124130570363,-1.41179201195,0.0761160170286,1.91461684624,0.151899879042,-0.0116932236968,-0.0841327057575,-0.000878354272516,-0.13753943179,-0.0073168820381,0.047251222246,-0.0135316217467,0.573989733406,0.81884848097,0.00192303386464,0.0,0.818804551506,-0.573930831668,-0.0119688677567,0.0,-0.00869716820369,0.00844475868169,-0.999926519958,0.0,0.655069304613,0.252339630581,0.303352133628,1.0,-0.0163,-0.0214228571429,0.816
0.460110839668,0.510845785621,-0.124134713715,-1.41408948668,0.0759796492504,1.91549032355,0.151559584966,-0.0150880443364,-0.0829311154707,0.0019960506293,-0.138866185898,-0.00619333251751,0.0481616660674,-0.0139429086116,0.573956418194,0.81887177661,0.00194689179821,0.0,0.818828073181,-0.573897336954,-0.0119657890994,0.0,-0.00868129810192,0.00846217403524,-0.999926510637,0.0,0.654774098953,0.251972499153,0.303347740905,1.0,-0.01666,-0.021896,0.834
0.45991911517,0.509451877347,-0.12414016573,-1.41631998964,0.0758447684514,1.91632338413,0.151260460063,-0.0126358237978,-0.0893851650097,0.000582021727566,-0.139329771604,-0.00643500238196,0.0544082495867,-0.0198262562749,0.573955852949,0.818872169342,0.00194834373814,0.0,0.818828517102,-0.573896797105,-0.0119613023977,0.0,-0.0086767964668,0.00846078183023,-0.99992656149,0.0,0.654520223416,0.251650663488,0.303343207183,1.0,-0.01696,-0.0222902857143,0.849
0.459723890796,0.508025957298,-0.124140778288,-1.41855730963,0.0757007816831,1.91711683111,0.150943514399,-0.0115082056808,-0.0939213173132,0.00055914176988,-0.141557601249,-0.0085613793561,0.0502182939621,-0.0218732369278,0.573933591254,0.818887815295,0.00193020554667,0.0,0.818843898552,-0.573874587574,-0.0119739067367,0.0,-0.00869775787495,0.00845292707463,-0.999926445811,0.0,0.654238275285,0.25130648335,0.30334468561,1.0,-0.01728,-0.0227108571429,0.865
0.459504362781,0.506498894996,-0.124144124789,-1.42096108245,0.0755490066955,1.91800420519,0.150615758115,-0.0139788922353,-0.0907497678075,0.00043603157785,-0.142078193453,-0.0134352961042,0.0561240792265,-0.0131426729308,0.573930726754,0.818889810682,0.00193539388886,0.0,0.818845968077,-0.573871707752,-0.0119704013317,0.0,-0.00869193923086,0.00845513340587,-0.999926477753,0.0,0.653944138894,0.250931535113,0.303345431761,1.0,-0.01762,-0.0231577142857,0.882
0.459275680186,0.504777553617,-0.124152940073,-1.42356815298,0.0753813994902,1.91902259928,0.150251059208,-0.01232208213,-0.099175222925,-0.000314353520843,-0.149160328712,-0.00498880990053,0.0616068033043,-0.0251370741658,0.573915016542,0.818900565906,0.00204055098547,0.0,0.8188582398,-0.57385570557,-0.0118978652585,0.0,-0.00857235181211,0.00849944916559,-0.999927134419,0.0,0.653635890962,0.250532189955,0.303396052504,1.0,-0.01798,-0.0236308571429,0.9
0.459043128211,0.503121419521,-0.124156520362,-1.4260466976,0.0752318481111,1.91995667878,0.149896133789,-0.0128378124372,-0.10012649194,-0.00175675139432,-0.145394979996,-0.00175509085714,0.0580767060161,-0.0230511804476,0.57390436774,0.818907782867,0.00213699566113,0.0,0.818866692296,-0.573844649246,-0.0118492903416,0.0,-0.00847733577154,0.00855043867257,-0.999927509761,0.0,0.653337618738,0.250145087274,0.30345413873,1.0,-0.01832,-0.0240777142857,0.917
0.458826884579,0.501523408322,-0.124160121377,-1.428424797,0.0750757087839,1.92080861565,0.149582084288,-0.0106120089244,-0.102191999586,-0.000267354632784,-0.149012610919,-0.0127542799768,0.0527757023271,-0.0229060155897,0.573905973417,0.818906505543,0.00219448319584,0.0,0.81886619534,-0.573846061156,-0.0118152073936,0.0,-0.00841641670284,0.00857797135818,-0.999927788561,0.0,0.653040783286,0.249773341312,0.303511669667,1.0,-0.01864,-0.0244982857143,0.933
0.458585475647,0.49980314697,-0.124160714319,-1.43102559256,0.0749073032686,1.92172525654,0.149209823291,-0.0147017732109,-0.10296503986,0.000719018318056,-0.153459171363,-0.013567692311,0.0547973756769,-0.025604086117,0.57388590537,0.818920490487,0.00222368594863,0.0,0.818880529269,-0.573825850569,-0.0118033429209,0.0,-0.00839015242971,0.00859487074298,-0.999927864168,0.0,0.652711621947,0.249364663389,0.303553440806,1.0,-0.01898,-0.0249451428571,0.95
0.458343579454,0.498240594442,-0.124164172027,-1.43349274588,0.0747570478358,1.92266131758,0.148855012737,-0.0158941554647,-0.096007758841,0.000481398265894,-0.154638789354,-0.00623056443535,0.0584052131647,-0.0198089206031,0.573880974845,0.818923877164,0.00224878262183,0.0,0.818884226614,-0.573820807701,-0.0117919868167,0.0,-0.00836650238406,0.00860885525495,-0.999927942028,0.0,0.652413128347,0.248971988908,0.303550132433,1.0,-0.0193,-0.0253657142857,0.966
0.458080656053,0.496551892201,-0.124162888524,-1.43616841872,0.0745954431221,1.9236127138,0.148454582997,-0.0146903542079,-0.0973567471545,0.00041816938349,-0.155579752849,-0.0157112467022,0.0536967202052,-0.0215241922079,0.573859155362,0.818939241168,0.00222170728781,0.0,0.818899089864,-0.573798943297,-0.0118237130836,0.0,-0.00840825121127,0.00860466574579,-0.999927627901,0.0,0.652074209617,0.248544750079,0.303536109151,1.0,-0.01964,-0.0258125714286,0.983
0.457821982343,0.494873727855,-0.1241689259,-1.43891258963,0.0744226142623,1.92455002963,0.148065643966,-0.0135052260058,-0.101897231816,-0.000633820804481,-0.162717094172,-0.0115758321102,0.0534649659905,-0.0289741964893,0.573848138928,0.818947255682,0.00211015660653,0.0,0.818905526956,-0.57378824476,-0.0118968481848,0.0,-0.00853227238946,0.00855516781129,-0.999927002051,0.0,0.651715486002,0.248105213345,0.303480599589,1.0,-0.01998,-0.0262594285714,1.0
0.457522757235,0.492833689127,-0.124216130824,-1.4420586951,0.0742353110347,1.92569439461,0.147627465648,-0.0137759372045,-0.147378968465,-0.00390074251778,-0.213387454962,-0.0129172821477,0.0785189635677,-0.0283804240314,0.573875773708,0.818927821319,0.00213698891359,0.0,0.818886508977,-0.573815835283,-0.0118751629896,0.0,-0.00849882690518,0.00856498464222,-0.99992720284,0.0,0.651328767712,0.247583945949,0.303504034706,1.0,-0.03118,-0.0409794285714,1.017
0.457096341748,0.48944286874,-0.124265326015,-1.44736054229,0.0739542582164,1.92772896186,0.146828694029,-0.0274262888247,-0.201929934102,-0.00107619098876,-0.319851216845,-0.0186022970244,0.120494587169,-0.0539439203282,0.573796663136,0.818982941743,0.0022533106763,0.0,0.818942943063,-0.573736070302,-0.011837421308,0.0,-0.00840200227746,0.00863777202741,-0.99992739499,0.0,0.650665302756,0.246786152323,0.303517066532,1.0,-0.04448,-0.0584594285714,1.036
0.456611648508,0.486154821734,-0.124304852088,-1.45258728646,0.073658711615,1.92969649569,0.146056768898,-0.0357456680421,-0.25393833963,0.000302379442335,-0.392158600867,-0.0216432845982,0.148675335387,-0.0533361107602,0.57377025529,0.819001365387,0.00228134585325,0.0,0.818961585376,-0.573709405839,-0.0118400266752,0.0,-0.0083883299406,0.00866195651436,-0.999927300572,0.0,0.650012233809,0.245957347446,0.303485810461,1.0,-0.05428,-0.0713394285714,1.05
0.455867148719,0.481209749836,-0.124456128559,-1.46040792694,0.0731833611771,1.93245452002,0.144852127387,-0.0518750202248,-0.311077226616,-0.00856020884985,-0.496083958958,-0.0288231558913,0.170340000747,-0.0697557373377,0.573758233714,0.819010119565,0.00215874886556,0.0,0.818968925542,-0.573698056115,-0.0118821844343,0.0,-0.0084933227892,0.00858561469232,-0.999927072685,0.0,0.649016566703,0.244634465934,0.303438440482,1.0,-0.06618,-0.0869794285714,1.067
0.45493547761,0.475230306971,-0.12460904058,-1.4698237661,0.072628642111,1.93575387567,0.143487618703,-0.0580862197835,-0.37123345692,-0.00930555913137,-0.587166104112,-0.0337766302517,0.211649671862,-0.0809499419212,0.573821552581,0.818966077483,0.00203386990505,0.0,0.81892313225,-0.57376175408,-0.0119624379673,0.0,-0.00863004028997,0.00853005207023,-0.999926377598,0.0,0.647801082646,0.243039342016,0.303388880068,1.0,-0.07808,-0.102619428571,1.084
0.453756429497,0.467822654791,-0.124736486923,-1.48116155366,0.0719830407438,1.93993787021,0.141752352399,-0.0664916302297,-0.4399807088,-0.00661772562481,-0.655783189151,-0.0420650716914,0.250758022121,-0.108837289337,0.573827864761,0.818961054156,0.00226280796485,0.0,0.818920814041,-0.57376685533,-0.0118761507257,0.0,-0.00842794297146,0.00866809364077,-0.999926914294,0.0,0.646364737667,0.241137415184,0.303477422745,1.0,-0.09068,-0.119179428571,1.102
0.452590531411,0.460881872358,-0.124795312555,-1.49187317043,0.0713018841436,1.94379614507,0.140049046595,-0.0855868842361,-0.483516604659,-0.000965763808633,-0.747121227732,-0.0476612096456,0.258906879256,-0.107026827598,0.573748996495,0.819016122858,0.00232946795458,0.0,0.818976639613,-0.573687620802,-0.0118542991303,0.0,-0.00837263638349,0.00870933974946,-0.999927020518,0.0,0.644968842634,0.239328142037,0.303499436626,1.0,-0.10118,-0.132979428571,1.117
0.451040633682,0.452120714085,-0.124937655828,-1.5054263437,0.0704038197774,1.94841945562,0.137932140553,-0.101106680335,-0.547519924449,-0.0116121764891,-0.809569689076,-0.0557438948444,0.290010814788,-0.127380681312,0.573766969156,0.819004004414,0.00215702596004,0.0,0.818962257575,-0.573706261881,-0.0119454027645,0.0,-0.00854599793513,0.00862056636206,-0.999926323163,0.0,0.643155440007,0.236932936013,0.303476245207,1.0,-0.11308,-0.148619428571,1.134
0.449331200274,0.442374001889,-0.125063153501,-1.52014374619,0.0694357453029,1.9537318549,0.135679375328,-0.105671098364,-0.583863365377,-0.00624379785695,-0.884561696487,-0.0572185591801,0.309880425155,-0.131816037395,0.573812997835,0.818971022581,0.00241962585232,0.0,0.818932954154,-0.573751523431,-0.0117793404871,0.0,-0.00825883351326,0.00874081831242,-0.999927692268,0.0,0.641213334403,0.234361397784,0.303613211409,1.0,-0.12498,-0.164259428571,1.151
0.447397649587,0.43173246911,-0.125179805681,-1.53618184938,0.0683744606039,1.95933790247,0.133044528848,-0.117971841699,-0.641386987388,-0.0110404600556,-0.958483728252,-0.0668008152935,0.355335233302,-0.167379331266,0.57373751837,0.8190233982,0.00258459219743,0.0,0.81898734091,-0.573675306325,-0.0117100487753,0.0,-0.00810824332924,0.00883541272451,-0.999928093351,0.0,0.639029007516,0.231521577423,0.303733561717,1.0,-0.13688,-0.179899428571,1.168
0.44494612751,0.418981691553,-0.125318113259,-1.55549238438,0.0670076006334,1.96599619759,0.129839925331,-0.140058907422,-0.67752778478,-0.00762272965906,-1.03813987952,-0.0738232891934,0.348308540791,-0.174656523607,0.573665666759,0.819073633958,0.00261377860885,0.0,0.819038232173,-0.573603662744,-0.0116601555123,0.0,-0.00805140797888,0.00882998550214,-0.999928600544,0.0,0.636349906474,0.228017370026,0.303792101071,1.0,-0.15018,-0.197379428571,1.187
0.442632999634,0.407404595566,-0.125453000322,-1.57276831997,0.065794395976,1.97209224907,0.126959675973,-0.151247870969,-0.717408245755,-0.00963563144518,-1.11120983566,-0.0736052061644,0.373239195431,-0.181567612734,0.573676461347,0.819065085192,0.00290702883549,0.0,0.819033859869,-0.573613912281,-0.0114613667315,0.0,-0.00772024177352,0.00895624379208,-0.999930089338,0.0,0.633957608104,0.224824892743,0.30393693683,1.0,-0.16138,-0.212099428571,1.203
0.439893198217,0.394340001112,-0.12559779296,-1.59224096503,0.0644934595299,1.97873490364,0.123659398122,-0.162493912722,-0.77804720847,-0.00722820167998,-1.16243532398,-0.0763157617176,0.39992054799,-0.199529957315,0.573740778283,0.819019265311,0.00311597264828,0.0,0.818990153783,-0.573676890119,-0.0114324385437,0.0,-0.00757597177916,0.00911138252848,-0.999929791215,0.0,0.631175352418,0.221159326826,0.304050821956,1.0,-0.17328,-0.227739428571,1.22
0.437264983106,0.382336920088,-0.125720355429,-1.61037754239,0.0631029629739,1.98472177403,0.120439933169,-0.180490283523,-0.8408761761,-0.012176566582,-1.20543109922,-0.0878096948378,0.395275079376,-0.227079568532,0.573648652449,0.819084513605,0.00292061933768,0.0,0.819053130311,-0.573585677017,-0.0114972931924,0.0,-0.00774217844308,0.0089877221991,-0.999929637286,0.0,0.628499504406,0.217680294504,0.303991455451,1.0,-0.18378,-0.241539428571,1.235
0.434203970362,0.368801816507,-0.125860730418,-1.63057177832,0.0615858373033,1.99145785143,0.116850716682,-0.201154987522,-0.834553972946,-0.0118290081333,-1.28125502977,-0.0895004536779,0.415156203957,-0.226549047042,0.573635021752,0.819094022999,0.00293090562504,0.0,0.819062879894,-0.573572140261,-0.011478048472,0.0,-0.00772066373355,0.00898497957554,-0.999929828285,0.0,0.625496175698,0.213752010405,0.304001364614,1.0,-0.19498,-0.256259428571,1.251
0.430349661816,0.352889972101,-0.126073783149,-1.65417199726,0.0597773650035,1.99919339911,0.112549643143,-0.225697390981,-0.882144305483,-0.0114624348047,-1.34705899368,-0.102002238142,0.42726859051,-0.254167302641,0.573741865549,0.819019293345,0.0029009903694,0.0,0.818987931879,-0.573679259718,-0.0114726329627,0.0,-0.00773221860355,0.00895837841838,-0.999929977674,0.0,0.621935740042,0.208977940284,0.304004979371,1.0,-0.20758,-0.272819428571,1.269
0.426594520283,0.338039912136,-0.126265314092,-1.67590678823,0.058159091748,2.00623260817,0.108409176992,-0.240720774626,-0.93269259851,-0.00919613058915,-1.36606776147,-0.0982143655343,0.445508995539,-0.264281323278,0.57383411771,0.818954240909,0.003017208881,0.0,0.818923910236,-0.573770586484,-0.0114756363972,0.0,-0.00766698299862,0.00905615054095,-0.999929599276,0.0,0.618591862431,0.204493566415,0.304070780779,1.0,-0.21878,-0.287539428571,1.285
0.422397559543,0.321684560756,-0.126391495069,-1.69980420609,0.056217727806,2.01388126899,0.103746155601,-0.250659451543,-0.975217228936,-0.00665481925784,-1.42416126089,-0.114207735031,0.440784415218,-0.276934042049,0.573733763231,0.819024484696,0.00303468251909,0.0,0.818994491606,-0.573670323418,-0.0114511855139,0.0,-0.00763804106844,0.00905549437158,-0.999929826713,0.0,0.614799197364,0.199581434747,0.304085187083,1.0,-0.23068,-0.303179428571,1.302
0.417861212809,0.304626175252,-0.126556204001,-1.72436580325,0.0541768598002,2.02165820841,0.0987485242847,-0.273469218994,-1.01653810239,-0.00784172322772,-1.46739965244,-0.123629504382,0.464270169155,-0.313594559339,0.573604752132,0.819114272533,0.00318492778553,0.0,0.819086537182,-0.573541269925,-0.0113315136547,0.0,-0.00745526057415,0.00910871692326,-0.999930722783,0.0,0.610831646354,0.194412981361,0.304179292754,1.0,-0.24258,-0.318819428571,1.319
0.412900919742,0.286952140001,-0.12673291843,-1.74965998551,0.0520961070925,2.02942204808,0.0935213074188,-0.297531923054,-1.065346167,-0.00555905781409,-1.50712988062,-0.12090238685,0.471564855091,-0.30620007189,0.573600440157,0.819116963501,0.0032683417502,0.0,0.81908989746,-0.57353622301,-0.0113440590942,0.0,-0.00741774167064,0.00918419982296,-0.999930311363,0.0,0.60663545573,0.18895418289,0.304242391807,1.0,-0.25448,-0.334459428571,1.336
0.407503912977,0.268764701486,-0.126923533826,-1.77558774333,0.0498866234797,2.03726548995,0.0878765296969,-0.33060121648,-1.10907399635,-0.0114985849507,-1.53439401994,-0.144828319728,0.486446742088,-0.338444816708,0.573539087455,0.81915979157,0.00330120237559,0.0,0.819132889616,-0.573474462975,-0.0113620581951,0.0,-0.00741432871217,0.00922088546055,-0.99992999905,0.0,0.602248676169,0.183208951726,0.304255014441,1.0,-0.26638,-0.350099428571,1.353
0.401981518222,0.251154123712,-0.12718734966,-1.80046690904,0.0476527511124,2.04463560387,0.0823874846829,-0.356637842058,-1.13914159181,-0.0199099689968,-1.58132011354,-0.151415300832,0.474543020896,-0.339113065568,0.573667686946,0.819069780388,0.00329039679329,0.0,0.819043061351,-0.57360347692,-0.0113252735009,0.0,-0.00738894849831,0.00919209709229,-0.999930451977,0.0,0.597969772146,0.177483366966,0.304269535095,1.0,-0.27758,-0.364819428571,1.369
0.395714836766,0.231840065372,-0.127390168353,-1.82747283823,0.0452370547403,2.05241348859,0.0760888748425,-0.375936663041,-1.15062980163,-0.015350793368,-1.63362546059,-0.152775074537,0.47908729828,-0.379768402389,0.573625311337,0.819099350194,0.00331716840473,0.0,0.819072506258,-0.573560445882,-0.0113750302483,0.0,-0.00741482605392,0.00924218464729,-0.999929798725,0.0,0.593179555598,0.171224351801,0.304290456375,1.0,-0.28948,-0.380459428571,1.386
0.38906457299,0.21194907966,-0.127596429967,-1.85500584267,0.0426405823683,2.06015806506,0.0694619332683,-0.402189914852,-1.2018572364,-0.0139489562593,-1.61589373298,-0.168754704849,0.459681609193,-0.401275320424,0.573507361956,0.819181926282,0.00332029158304,0.0,0.819155085776,-0.573442457141,-0.0113772007476,0.0,-0.00741614384409,0.00924492011708,-0.999929763665,0.0,0.588163930329,0.164752016892,0.304311161704,1.0,-0.30138,-0.396099428571,1.403
0.381825578905,0.19154399799,-0.127858656289,-1.88299137351,0.0399592263961,2.06772942502,0.0624166680539,-0.432522431838,-1.22890017185,-0.0198519562595,-1.6586809654,-0.172380719516,0.451344611262,-0.425172493304,0.57347958711,0.819201648164,0.00325110987304,0.0,0.819173490128,-0.573414364322,-0.0114676397754,0.0,-0.00753022128343,0.00923985824089,-0.99992895787,0.0,0.582942251692,0.157942796091,0.304306178658,1.0,-0.31328,-0.411739428571,1.42
