position_joint1,position_joint2,position_joint3,position_joint4,position_joint5,position_joint6,position_joint7,velocity_joint1,velocity_joint2,velocity_joint3,velocity_joint4,velocity_joint5,velocity_joint6,velocity_joint7,ee_T_00,ee_T_10,ee_T_20,ee_T_30,ee_T_01,ee_T_11,ee_T_21,ee_T_31,ee_T_02,ee_T_12,ee_T_22,ee_T_32,ee_T_03,ee_T_13,ee_T_23,ee_T_33,v_x,v_y,time
0.465080885301,0.547694622137,-0.123972210261,-1.35575869715,0.079502111329,1.89409786151,0.159177944775,-0.00373514152623,0.000583797416527,-0.000152996103908,0.000146467907537,0.000185034611372,2.66661595444e-05,-0.00654561650027,0.573800143424,0.818980950767,0.00208436786397,0.0,0.818939530311,-0.57374100367,-0.0118344118187,0.0,-0.00849643411541,0.00849772204588,-0.999927797057,0.0,0.661690143296,0.260914827535,0.30331029922,1.0,0.0,0.0,0.0
0.465076803076,0.547700032386,-0.123970303279,-1.35575643,0.0794983021948,1.89409710039,0.15917874249,-0.00059319091782,-0.00105450958401,-6.35406715473e-05,0.00168217223179,-0.00017796470186,-0.000419163513819,0.00137360732459,0.57380167939,0.818979887722,0.00207921542207,0.0,0.818938426303,-0.573742586043,-0.0118340941926,0.0,-0.00849911433424,0.0084933360505,-0.999927811544,0.0,0.661691208725,0.26091275822,0.303307409255,1.0,-0.00028,-0.000368,0.015
0.465078386432,0.547688476312,-0.123970101158,-1.35576748424,0.0795014878137,1.89409638849,0.159177590657,-0.000626667116909,-0.000170256860079,0.000328497582071,-0.00174234489903,-0.000102517682001,0.00680684776811,0.000783522179613,0.573800720034,0.818980553994,0.00208153069926,0.0,0.818939080678,-0.573741575575,-0.0118377995129,0.0,-0.00850083056746,0.00849734832164,-0.999927762866,0.0,0.661688199767,0.260913230362,0.303310271624,1.0,-0.00062,-0.000814857142857,0.032
0.465074746345,0.547649184558,-0.123967733231,-1.35579453843,0.0795021069411,1.89410022332,0.159169936439,-0.000252996769632,-0.00861686564696,0.00139029871698,-0.00566967062538,0.000284848390505,0.00012277739214,-0.000404030219191,0.573800797882,0.818980475329,0.00209100017444,0.0,0.818939111818,-0.573741602277,-0.0118343505625,0.0,-0.00849257176674,0.00850312533233,-0.999927783935,0.0,0.661685555936,0.26090759641,0.303320583328,1.0,-0.00092,-0.00120914285714,0.047
0.465079329416,0.547536798882,-0.123965844366,-1.35591743397,0.0794980311636,1.89412857643,0.159177831834,-0.00138735057018,-0.0104722295977,0.000965386679055,-0.00898048394486,4.68039548701e-05,0.00123217639797,0.00187824594406,0.57380439218,0.818977890779,0.00211679730112,0.0,0.818936777296,-0.573745007802,-0.0118307951897,0.0,-0.0084748209732,0.0085222494825,-0.999927771728,0.0,0.661663225938,0.260902141559,0.303348997255,1.0,-0.00128,-0.00168228571429,0.065
0.465068646218,0.547394357325,-0.123968390571,-1.35611827335,0.0794967023608,1.89416731255,0.15916177158,-0.000381616041606,-0.00596648548567,-0.000328184226427,-0.00903823707798,0.000385101150752,0.00160153511523,-0.000923021305487,0.573812396681,0.818972307678,0.00210702945384,0.0,0.818930935629,-0.573752918119,-0.011851519774,0.0,-0.00849731580073,0.0085262247241,-0.999927546933,0.0,0.661632113151,0.260874040755,0.303357750498,1.0,-0.00164,-0.00215542857143,0.083
0.465053154565,0.547238829257,-0.123970680675,-1.35630310626,0.0794954016642,1.89425953736,0.159159637096,-0.000974052461369,-0.0138923739474,-4.31102841493e-05,-0.0162982597113,-0.000109434902317,0.00517536348393,-0.000229861565399,0.57383503693,0.818956292587,0.00216520776492,0.0,0.818915636802,-0.573775283933,-0.0118258297437,0.0,-0.0084426575309,0.00855936273757,-0.99992772681,0.0,0.661616879562,0.260848630871,0.303388027117,1.0,-0.00194,-0.00254971428571,0.098
0.465035784337,0.547057508011,-0.123967822255,-1.35651335267,0.079490367661,1.89440067038,0.159146748494,0.00043924679852,-0.00906523837029,-0.0008150045926,-0.0121132363131,-5.78031325727e-06,0.0111666607129,-0.000251791788339,0.573847488249,0.818947300415,0.00226412780844,0.0,0.818907937905,-0.573787357734,-0.0117730302418,0.0,-0.00834252404088,0.00861020184116,-0.999928130776,0.0,0.661605767902,0.260825004043,0.303428545404,1.0,-0.00228,-0.00299657142857,0.115
0.465014513823,0.546866321807,-0.123962968367,-1.35675644913,0.0794855707883,1.89450689526,0.159125764082,0.000947500707351,-0.00666480047298,0.00177564315626,-0.0157982801565,-0.000396630337858,0.013896295688,-0.00122931860087,0.573856706991,0.818940692412,0.00231712221618,0.0,0.818901932725,-0.573796285415,-0.0117556081765,0.0,-0.00829774953669,0.00864369687599,-0.999928214352,0.0,0.661580951069,0.260793838668,0.303457307546,1.0,-0.0026,-0.00341714285714,0.131
0.464959324668,0.546558793308,-0.123965482682,-1.35721237255,0.0794771660026,1.89467363968,0.159084354624,-0.00300912524186,-0.0134047352764,0.00123850786735,-0.0235009593692,-0.00285093053483,0.00501479721457,-0.00135045427196,0.573892995342,0.818915189911,0.00234276163112,0.0,0.818876607416,-0.573832309925,-0.011761327043,0.0,-0.00828733660758,0.00866834279487,-0.999928087357,0.0,0.661533173192,0.260715753287,0.303472644838,1.0,-0.00302,-0.00396914285714,0.152
0.4649363678,0.546339961585,-0.123967980036,-1.35752910009,0.0794653879959,1.894792423,0.158959950878,0.000720853761368,-0.0129336473281,0.000641271603154,-0.0252233474167,-0.000252819209613,0.0016233601018,-0.00671302708765,0.573826242606,0.818961901466,0.00236519427301,0.0,0.818923552949,-0.573765421034,-0.0117559751553,0.0,-0.00827078831718,0.00868296752303,-0.999928097483,0.0,0.661497180044,0.260670557324,0.303487234648,1.0,-0.00328,-0.00431085714286,0.165
0.464888658599,0.546044630556,-0.123965741331,-1.35804017385,0.0794525303755,1.89496816633,0.158929375174,-0.00360118429902,-0.0172954763626,0.000394936781691,-0.0283215644398,-0.00347439252317,0.00699816614969,-0.000894127498162,0.57386386297,0.818935611243,0.00234058047483,0.0,0.818896752207,-0.57380293003,-0.0117920996732,0.0,-0.00831409849145,0.0086839208125,-0.999927730031,0.0,0.661435358127,0.260593351002,0.303468263393,1.0,-0.00364,-0.004784,0.183
0.46482956753,0.545717261619,-0.123973877201,-1.3585880071,0.0794206772512,1.89515429404,0.15887657897,-0.00722501564266,-0.0191156520395,-0.000914828063557,-0.033493472733,-0.00412249128859,0.0144997804844,-0.0079341273771,0.573896818457,0.81891260504,0.00230953942516,0.0,0.818873344366,-0.573836002124,-0.0118082790314,0.0,-0.00834481233562,0.00866812092876,-0.999927611273,0.0,0.661374374754,0.260496298672,0.303455668567,1.0,-0.00398,-0.00523085714286,0.2
0.464777631635,0.545413002021,-0.123968404167,-1.35913044684,0.0793181529648,1.89533152932,0.158772524075,-0.000265910165593,-0.0147207920533,0.000402868345138,-0.0384209685177,-0.00871619385726,0.011046954984,-0.00959743638233,0.573853307589,0.818943342547,0.00222035308241,0.0,0.818903467154,-0.573793402004,-0.0117894105709,0.0,-0.00838099671097,0.00858381235313,-0.99992803594,0.0,0.661311160489,0.260400147981,0.303427905202,1.0,-0.00428,-0.00562514285714,0.215
0.464701468154,0.544970863554,-0.123976810282,-1.35990594776,0.0792943210896,1.89557607914,0.158708355405,-0.000598019083622,-0.021006510042,-0.0005156109476,-0.0424907703267,-0.000410674996668,0.011521381831,-0.00473974341751,0.57390579207,0.818906738141,0.00215475222038,0.0,0.818865782232,-0.573845905464,-0.0118513447665,0.0,-0.00846881339724,0.00856617319313,-0.999927447306,0.0,0.661216465937,0.260271400225,0.303393240009,1.0,-0.00466,-0.00612457142857,0.234
0.46465454348,0.544620687273,-0.123982055888,-1.36048997341,0.0792813934275,1.89577113769,0.158630945282,-0.000696548025187,-0.0277428936978,-0.00224981149915,-0.0418192569819,-0.000244224440447,0.0135895302115,-0.00166157410106,0.573913552339,0.818901357266,0.00213270014641,0.0,0.818859904008,-0.573853540762,-0.0118877358466,0.0,-0.008511189356,0.00856908032753,-0.999927062599,0.0,0.66114446424,0.260183752704,0.3033802015,1.0,-0.00494,-0.00649257142857,0.248
0.464585325678,0.54413217071,-0.123982858285,-1.36129189316,0.0792482976924,1.89606780505,0.158526125487,-0.00299967587764,-0.0257372340737,-0.00152117346124,-0.0472904445322,-0.00267323757795,0.0178945844583,-0.00711485810078,0.573920921087,0.818896211308,0.00212563992846,0.0,0.818854522899,-0.573860793091,-0.0119082904626,0.0,-0.00853199679514,0.00857517199895,-0.999926833051,0.0,0.661052097023,0.260063529182,0.303369963929,1.0,-0.0053,-0.00696571428571,0.266
0.464516484055,0.543599437101,-0.123978240085,-1.36216526219,0.0792070151596,1.89637342837,0.158404355661,-0.00545491831955,-0.028057301663,0.00200686477158,-0.0497103386482,-0.00682077240899,0.0209772757535,-0.00447636495334,0.573911945875,0.818902560024,0.0021029667054,0.0,0.818860413225,-0.573851748186,-0.0119390811543,0.0,-0.00857031800649,0.00857418256219,-0.999926513821,0.0,0.660945234094,0.259938080627,0.303357534869,1.0,-0.00566,-0.00743885714286,0.284
0.464437871296,0.543067334232,-0.123981574036,-1.36302588646,0.0791586107974,1.89666921843,0.158308524136,-0.00645915367959,-0.0292530480811,0.000681393974026,-0.0478900757187,-0.0032936180052,0.0188109148273,-0.00488283796468,0.573935070955,0.818886421377,0.00207608136541,0.0,0.818843868519,-0.573874925906,-0.0119597368339,0.0,-0.00860242068001,0.00856426379359,-0.999926323158,0.0,0.660843957073,0.25980125944,0.303350057187,1.0,-0.006,-0.00788571428571,0.301
0.464371478001,0.54251523585,-0.123993879627,-1.36388178407,0.0791056207341,1.89697123341,0.158205969693,-0.00208618856192,-0.0354622906881,-0.00193528856031,-0.0521966479158,-0.00356412568506,0.0206877360508,-0.00371893640141,0.573947446283,0.818877760373,0.00207108022308,0.0,0.818835189247,-0.573887367142,-0.0119569890344,0.0,-0.00860291125766,0.00855872146988,-0.999926366391,0.0,0.660744550611,0.259667828705,0.303359732166,1.0,-0.00632,-0.00830628571429,0.317
0.46429696289,0.54194693211,-0.123984301025,-1.36475341206,0.0790585266542,1.89729070223,0.158075649973,-0.00774805833132,-0.0346203645179,0.000803467336028,-0.0550275194369,0.000141292538,0.018121632194,-0.00311867178027,0.573930867662,0.818889330678,0.0020904898608,0.0,0.818846902068,-0.573870600011,-0.0119596119579,0.0,-0.00859409342361,0.0085759467278,-0.999926294632,0.0,0.660642062641,0.259542205412,0.303374116973,1.0,-0.00664,-0.00872685714286,0.333
0.464221386684,0.541355952658,-0.123989942414,-1.36566321398,0.0789998148304,1.89763999248,0.157951611591,-0.00925715086759,-0.0335470063106,0.000492358578103,-0.0550222333903,-0.00116761579914,0.022100001336,-0.0104941574331,0.573930040511,0.818889854248,0.00211237085138,0.0,0.818847783954,-0.573869755813,-0.0119397226947,0.0,-0.00856525694025,0.00858244095895,-0.999926486338,0.0,0.660541591754,0.259402977053,0.303389361905,1.0,-0.00696,-0.00914742857143,0.349
0.464127096781,0.540629976786,-0.123990320007,-1.36676636103,0.078939044243,1.89804285554,0.157816119898,-0.00490805552806,-0.0450739993286,-0.000677043073822,-0.060315992927,-0.00596834887191,0.022340632248,-0.00825846876558,0.573941432969,0.818881804037,0.00213762483837,0.0,0.818839998393,-0.573880978657,-0.0119342476942,0.0,-0.00854616058748,0.00860009752076,-0.99992649803,0.0,0.66041432571,0.259236571747,0.303412399862,1.0,-0.00732,-0.00962057142857,0.367
0.46403002232,0.539899593035,-0.123994158959,-1.36787442586,0.0788700415142,1.89845637483,0.157680248185,-0.0102005144499,-0.0425389284356,-0.000360192284339,-0.0654975692308,-0.00586427971649,0.0229816228238,-0.0084737119744,0.573955262063,0.818872036807,0.00216596127245,0.0,0.818830637284,-0.573894727993,-0.011915348403,0.0,-0.00851427578696,0.00861259818349,-0.999926662441,0.0,0.660289925062,0.259065197792,0.303437117397,1.0,-0.00766,-0.0100674285714,0.384
0.463946550779,0.539193175675,-0.124001989225,-1.36895771063,0.0788036785777,1.89887060845,0.157548576766,-0.00505550265635,-0.046042445944,-0.000356827689234,-0.0675223409033,-0.00465016506759,0.0283688509529,-0.0097550185633,0.573963527119,0.818866167382,0.00219461966316,0.0,0.818825199544,-0.573902935826,-0.0118936850084,0.0,-0.00848000085742,0.00862371731473,-0.999926857868,0.0,0.660167796498,0.258903600171,0.303456777119,1.0,-0.00798,-0.010488,0.4
0.463839440586,0.538494493795,-0.123999524891,-1.37007382355,0.0787485013504,1.8993049868,0.157400772273,-0.0068731085209,-0.0468509784505,-0.00104263720689,-0.0727171230873,-6.71205826118e-05,0.0332520440673,-0.0113225241683,0.573975559608,0.818857679407,0.00221466706053,0.0,0.818816868935,-0.573914780914,-0.0118956419811,0.0,-0.00846997070001,0.00864138088458,-0.999926790387,0.0,0.660044817456,0.258731549484,0.303456677888,1.0,-0.0083,-0.0109085714286,0.416
0.463731060435,0.537718669393,-0.124008302371,-1.37131593551,0.0786760675831,1.89978025779,0.157254946938,-0.00329282113889,-0.0496487491771,-0.00150076507224,-0.0743896841647,-0.00326454918221,0.0186722384433,-0.0153748636879,0.57400034847,0.818840289392,0.00221975816449,0.0,0.818799573724,-0.573939575424,-0.0118898583899,0.0,-0.00846205094702,0.00864248629254,-0.999926847887,0.0,0.659906473894,0.25853819369,0.303454866557,1.0,-0.00864,-0.0113554285714,0.433
0.463613272054,0.536899837783,-0.1240060899,-1.37260028692,0.0785975909801,1.90025009658,0.157096135132,-0.00671088833866,-0.0513408882296,0.000647739203296,-0.0795125927613,-0.00562929584522,0.0266146338082,-0.0165935291042,0.57401490091,0.818830079093,0.00222306263318,0.0,0.818789383132,-0.573954089027,-0.0118910327767,0.0,-0.00846096232034,0.00864601654576,-0.99992682658,0.0,0.659758361195,0.258339234,0.303462331261,1.0,-0.00898,-0.0118022857143,0.45
0.463502313627,0.536053584336,-0.124020477377,-1.37392528235,0.0785246967519,1.90075098115,0.156925798924,-0.00473843909559,-0.0464956799163,-0.00438801006933,-0.0771410307904,-0.000906279722928,0.0302045168151,-0.0138122915634,0.574029832849,0.81881956138,0.00224138398104,0.0,0.818779112031,-0.573968954444,-0.0118807380966,0.0,-0.00844185846893,0.00865526313006,-0.999926908052,0.0,0.659609165972,0.258133699173,0.303472906072,1.0,-0.00932,-0.0122491428571,0.467
0.463381747338,0.535154890196,-0.12401600106,-1.37534132768,0.0784490729566,1.90125913317,0.15675873231,-0.0053590494884,-0.0528788028885,0.00123703405696,-0.0808470618516,0.000112166556623,0.0326392471022,-0.0145850589016,0.574046021965,0.818808215868,0.00223990933902,0.0,0.818767599204,-0.573984995593,-0.0118991692733,0.0,-0.00845762604638,0.00866480280226,-0.99992669219,0.0,0.659439651474,0.257922732118,0.303476998427,1.0,-0.00966,-0.012696,0.484
0.463262090963,0.534260218467,-0.124024027935,-1.37679440389,0.0783604061467,1.9017953128,0.156586967184,-0.00893466532207,-0.0588218804432,-0.000214131637117,-0.0875307148337,-0.00347446667545,0.0330605995097,-0.0133190146532,0.574064938582,0.818795016017,0.0022169660643,0.0,0.818754123576,-0.574004025251,-0.0119084433742,0.0,-0.00847818987,0.00865153649008,-0.999926632915,0.0,0.659270006459,0.257700467641,0.303463279841,1.0,-0.01,-0.0131428571429,0.501
0.463143668041,0.533391665293,-0.124023041265,-1.37818341261,0.0782873095138,1.90230381042,0.156407432123,-0.00644731623147,-0.0560917066768,0.000253995993047,-0.0914057139135,-0.000989195765301,0.0255161835815,-0.00957433568312,0.574076731042,0.818786773964,0.00220738723443,0.0,0.818745642773,-0.574015738651,-0.0119269075276,0.0,-0.00849868275004,0.00865441538932,-0.999926434037,0.0,0.659095891933,0.257474749731,0.303455817118,1.0,-0.01034,-0.0135897142857,0.518
0.46301281382,0.532453265781,-0.124022654011,-1.37970576889,0.0781988953405,1.90288202331,0.156212331669,-0.00857461630338,-0.0601123072846,0.00157216987568,-0.0912242646107,-0.00130002675555,0.0301572274074,-0.0110920506924,0.57407737624,0.818786321827,0.00220730127706,0.0,0.818745136805,-0.574016330444,-0.0119331572523,0.0,-0.00850384268052,0.00865793948391,-0.99992635966,0.0,0.658929437043,0.257262686707,0.303445946322,1.0,-0.01066,-0.0140102857143,0.534
0.462884385037,0.531480871669,-0.124020627946,-1.38127244258,0.0781117177691,1.90345708624,0.156017658495,-0.0119693064108,-0.0549181966996,0.000411075195823,-0.0930289506383,-4.21626638532e-06,0.0347299516632,-0.0166045199592,0.574083772195,0.818781872081,0.00219439185673,0.0,0.818740409806,-0.57402266727,-0.0119526445316,0.0,-0.00852714217317,0.00865862325379,-0.999926155318,0.0,0.658741867618,0.257030956441,0.303435453987,1.0,-0.011,-0.0144571428571,0.551
0.462742221792,0.53045797069,-0.12402536492,-1.38291211262,0.0780010881004,1.90403433048,0.155799717211,-0.0108217718002,-0.0608487816935,-0.000769974517741,-0.096842073185,-0.00816832347751,0.0259834637041,-0.00376880249052,0.574087057678,0.818779703007,0.00214360722391,0.0,0.818737618136,-0.574026200961,-0.0119741454561,0.0,-0.00857386562269,0.00862941994889,-0.999926008232,0.0,0.658553758616,0.256789119724,0.303419554754,1.0,-0.01132,-0.0148777142857,0.567
0.462606508738,0.52947690389,-0.124030794959,-1.38446971945,0.077905489529,1.90460794939,0.155600709962,-0.00973835016995,-0.0655223613641,-0.0013574866882,-0.0974110785372,-0.0033819577152,0.0402083173018,-0.0132833786532,0.574095287401,0.818773920994,0.0021480657232,0.0,0.818731922004,-0.574034439168,-0.0119686858655,0.0,-0.008566749089,0.00863002228459,-0.999926064029,0.0,0.658362596152,0.256533585766,0.303425549441,1.0,-0.01166,-0.0153245714286,0.584
0.462471615071,0.528317311398,-0.124031451824,-1.38624278842,0.0777926113311,1.9052770571,0.155347721666,-0.00699389071181,-0.0649432384669,0.000186603388205,-0.0963386603463,-0.00971047608235,0.0410044935268,-0.0155797508939,0.574064812649,0.818795171212,0.00219211754006,0.0,0.818753797112,-0.574003839018,-0.0119398244654,0.0,-0.00851815073463,0.00864920417841,-0.999926313473,0.0,0.65815280535,0.256276309234,0.303456153732,1.0,-0.01202,-0.0157977142857,0.602
0.462329584822,0.527262486431,-0.124036489931,-1.38787556325,0.0776974725993,1.90591058904,0.155112912457,-0.00822110412602,-0.0695231975602,-0.00134733154143,-0.099060411117,-0.00685074110065,0.0380358914399,-0.0141809443678,0.57405531169,0.818801705149,0.00223912157717,0.0,0.818760956433,-0.57399416256,-0.0119140450252,0.0,-0.00847016074418,0.0086727931327,-0.999926516818,0.0,0.657967349603,0.256027527204,0.303476586197,1.0,-0.01234,-0.0162182857143,0.618
0.462178671971,0.526016335196,-0.124037176446,-1.38979358521,0.0775746644766,1.90662483111,0.154865009771,-0.00386221832752,-0.0683752061364,-0.000815647611555,-0.105771023819,-0.00402239392019,0.0370884368196,-0.0145005472507,0.57404678082,0.818807597736,0.00227117185668,0.0,0.818767312152,-0.5739855518,-0.0118920888221,0.0,-0.0084338752273,0.00868634382109,-0.999926705904,0.0,0.657738435033,0.255745145501,0.303502426427,1.0,-0.0127,-0.0166914285714,0.636
0.46201140251,0.524783749011,-0.124035736309,-1.39174881767,0.0774551655684,1.9073309912,0.154589265315,-0.0117869289497,-0.0702283019941,0.000300371968678,-0.111440657404,-0.00364719057446,0.0393259628639,-0.0178117807821,0.574029917943,0.818819459027,0.00225692853222,0.0,0.818778931163,-0.573968689356,-0.011905982736,0.0,-0.00845360678956,0.00868248298898,-0.999926572815,0.0,0.657501676021,0.255448684355,0.303499930882,1.0,-0.01306,-0.0171645714286,0.654
0.461869067695,0.523644853458,-0.124045802822,-1.39352814868,0.0773399991541,1.90797106283,0.154350287063,-0.00354833549042,-0.0763002577624,-0.00145420974396,-0.113927786026,-0.00839965823365,0.0375723424945,-0.0118764105216,0.574022266553,0.818824840227,0.00225065090517,0.0,0.818784289618,-0.573961124585,-0.0119021611583,0.0,-0.008454161853,0.0086750701495,-0.999926632461,0.0,0.657285997012,0.255177832876,0.303509572207,1.0,-0.01338,-0.0175851428571,0.67
0.461706759589,0.522449973072,-0.124046769324,-1.39546513964,0.0772232570435,1.9087139723,0.154087359982,-0.0115452201185,-0.0682677362426,-0.00105953491701,-0.112683423472,-0.00412105861819,0.0351370191078,-0.0156053125219,0.574013138027,0.818831244606,0.00224880642098,0.0,0.818790667594,-0.573952002132,-0.0119033109219,0.0,-0.00845625875859,0.00867412556971,-0.999926622925,0.0,0.657057750011,0.254887889502,0.303491905966,1.0,-0.01372,-0.018032,0.687
0.461563606677,0.521366905413,-0.124047440075,-1.39722307489,0.0771181544611,1.90939812846,0.15385063294,-0.00972756583078,-0.0738816237725,-0.00105840375168,-0.117666295323,-0.0068835938961,0.0475497198901,-0.0169012113746,0.57400293039,0.818838384626,0.0022544774097,0.0,0.818797884235,-0.573941775988,-0.0118999768293,0.0,-0.00845038173159,0.00867674995905,-0.999926649839,0.0,0.656850836441,0.254628414054,0.303475502522,1.0,-0.01402,-0.0184262857143,0.702
0.461381304829,0.520007191368,-0.124053586129,-1.39937581715,0.0769778086214,1.91017844903,0.153562971557,-0.0137910645995,-0.0770734823811,0.00118203904961,-0.12594302079,-0.0114157269261,0.0401205726918,-0.0143055302134,0.573997779894,0.818842043833,0.00223670061411,0.0,0.818801364918,-0.573936751466,-0.0119028159333,0.0,-0.00846296438004,0.00866377024038,-0.99992665597,0.0,0.656589738705,0.254297735817,0.303473635654,1.0,-0.01438,-0.0188994285714,0.72
0.461206869485,0.518582510136,-0.124063086308,-1.40158819573,0.0768394001563,1.91096734853,0.153272425546,-0.00942417306197,-0.0763562723796,0.00101534750362,-0.12674845734,-0.00173927321396,0.0428125726859,-0.0147720861332,0.573989455508,0.818847885425,0.00223436840325,0.0,0.818807178913,-0.573928440302,-0.0119036160563,0.0,-0.00846504624225,0.00866223376249,-0.999926651659,0.0,0.656315806594,0.25396499784,0.303489394105,1.0,-0.01474,-0.0193725714286,0.738
0.461054103217,0.517402864095,-0.124063520244,-1.40346097541,0.0767168202354,1.91164226582,0.153007704458,-0.0100960630698,-0.0779573043202,-0.00259841755114,-0.12671038964,-0.00871099789116,0.0510879293083,-0.0148988357475,0.57396412725,0.81886569437,0.00221407199878,0.0,0.818824739613,-0.573903213126,-0.0119119546338,0.0,-0.00848379130761,0.00865013811509,-0.999926597504,0.0,0.656083851525,0.253683728228,0.303484283305,1.0,-0.01504,-0.0197668571429,0.753
0.460831005347,0.515804604708,-0.124069135023,-1.40599586365,0.0765606383067,1.91259364551,0.152654590482,-0.0136170897283,-0.083956737763,-0.000513700280197,-0.130472340625,-0.00316964191328,0.0538133969908,-0.0161313804691,0.573953597659,0.818873051359,0.00222269948966,0.0,0.818832224908,-0.573892666466,-0.0119055335862,0.0,-0.00847369282377,0.00865340840721,-0.999926654837,0.0,0.655781283233,0.253293556147,0.303481424656,1.0,-0.01544,-0.0202925714286,0.773
0.46068671814,0.514744313214,-0.124069746745,-1.40768849307,0.0764603440672,1.91322287438,0.152425193728,-0.0126160720496,-0.0863329669672,0.00017809777386,-0.132343372208,-0.006079515229,0.0478103479651,-0.0186905197389,0.573946560898,0.818877989584,0.00222042999457,0.0,0.81883708272,-0.573885587788,-0.0119126400981,0.0,-0.00848088928499,0.00865555588092,-0.999926575239,0.0,0.655575120973,0.25303811755,0.303473736001,1.0,-0.0157,-0.0206342857143,0.786
0.460432441725,0.512925202069,-0.124080787995,-1.41061963521,0.0762777142227,1.91424032392,0.152016885258,-0.0114747386741,-0.0837931957859,-0.0018372617123,-0.133936489151,-0.0141693950679,0.0463700476704,-0.0193552424269,0.573932590969,0.818888004631,0.00213630419224,0.0,0.818845924771,-0.573871884714,-0.0119648786809,0.0,-0.00857209575496,0.00861650369825,-0.999926134791,0.0,0.655205900545,0.252580677598,0.303441962849,1.0,-0.01614,-0.0212125714286,0.808
0.460286126731,0.511927247978,-0.124078730892,-1.41222692367,0.0761896015138,1.91482047967,0.151785111307,-0.0185384147993,-0.0836226072738,0.000568076509872,-0.130722628142,-0.00955970979947,0.0475038218755,-0.0201400945004,0.57392159824,0.818895758574,0.00211720677361,0.0,0.818853272682,-0.573860815155,-0.0119928957376,0.0,-0.00860611514199,0.00861682948546,-0.999925839766,0.0,0.65500651421,0.252333529598,0.303426233627,1.0,-0.01638,-0.021528,0.82
0.460055655538,0.510206782459,-0.124082493631,-1.41494327868,0.0760209745663,1.91586375449,0.151407869425,-0.0132820799291,-0.0859794205089,0.00113202013246,-0.133092034263,-0.00297653586842,0.0527469903524,-0.0155002038412,0.573900675183,0.818910329823,0.00215258794536,0.0,0.818868353162,-0.573839795935,-0.0119689470191,0.0,-0.00856641865389,0.00863183911102,-0.999926051178,0.0,0.654680452067,0.251924186874,0.303428469591,1.0,-0.01678,-0.0220537142857,0.84
0.459889353575,0.5089776872,-0.12409576312,-1.41691193763,0.0758877928692,1.91657379956,0.151126995907,-0.0145859065493,-0.0880587987232,-0.00188421300657,-0.149282134344,-0.0106498192749,0.0558470650154,-0.0215858221795,0.573882612696,0.818923080386,0.00211711073241,0.0,0.818880747363,-0.573821989267,-0.0119746871832,0.0,-0.00859166843901,0.0086058916758,-0.999926058197,0.0,0.654436444201,0.251616851742,0.303413557431,1.0,-0.01706,-0.0224217142857,0.854
0.459646387939,0.507273931731,-0.1240945879,-1.41958254173,0.0757122965243,1.91753190682,0.1507652583,-0.0133975849823,-0.0907221311715,0.000265796928577,-0.140044691916,-0.00661696624923,0.0567965738145,-0.0244880453879,0.573875311561,0.818928230525,0.00210402735151,0.0,0.818885734971,-0.573814751532,-0.0119804376804,0.0,-0.0086039623515,0.00859840093646,-0.99992601693,0.0,0.654104049335,0.25120083245,0.303417146875,1.0,-0.01744,-0.0229211428571,0.873
0.459469894853,0.5059880721,-0.124097548519,-1.4215841711,0.0755902138636,1.9182728582,0.150492364445,-0.0194229758996,-0.0909529105725,0.00058713409102,-0.144428860533,-0.00988119499597,0.0497527729654,-0.0181123781189,0.573869013141,0.818932590474,0.00212483351034,0.0,0.818890340809,-0.57380834201,-0.0119726050109,0.0,-0.00858567454351,0.00861087844585,-0.999926066749,0.0,0.653857862287,0.250893661642,0.303427724852,1.0,-0.01772,-0.0232891428571,0.887
0.459195735041,0.503947868195,-0.124103675948,-1.42463164973,0.0754018422855,1.91945672388,0.150064290806,-0.0119196976072,-0.101023708539,-0.000252708224876,-0.146646164257,-0.0123193893971,0.0586681254114,-0.0219769343427,0.57384859209,0.818946563356,0.00225091636427,0.0,0.818906006783,-0.573787461299,-0.0119016054385,0.0,-0.00845539407855,0.00867317544145,-0.999926638478,0.0,0.653511884485,0.250448891326,0.303489840356,1.0,-0.01812,-0.0238148571429,0.907
0.459014298512,0.502677388414,-0.124106721793,-1.42651927936,0.0752731309604,1.92017305228,0.149795174294,-0.0150581394845,-0.103276440445,0.000540130511712,-0.144013676448,-0.00126329700614,0.0569042177889,-0.0301947135318,0.573846016356,0.818948091536,0.00234942193388,0.0,0.818908993611,-0.57378468216,-0.011829860681,0.0,-0.00834014008379,0.00871264892276,-0.999927263261,0.0,0.653272694723,0.250126260577,0.303556335441,1.0,-0.0184,-0.0241828571429,0.921
0.458755924153,0.500774296369,-0.124108429879,-1.42939830375,0.0750932652804,1.92118156616,0.149404795988,-0.0144168641245,-0.105777831217,-0.000547590750929,-0.154478403141,-0.0134861376117,0.0526078182335,-0.021605998223,0.573837304838,0.818954111107,0.0023787346576,0.0,0.818915306699,-0.573775767162,-0.0118252430414,0.0,-0.00831963127927,0.00873391597258,-0.999927248577,0.0,0.652905637643,0.249679548133,0.303601711859,1.0,-0.01878,-0.0246822857143,0.94
0.458555894914,0.499375915643,-0.124108091144,-1.43154672045,0.0749648013297,1.92195703175,0.149102389824,-0.0134450940478,-0.0953483202181,0.0011825374388,-0.156071876614,-0.00837787487762,0.0522000035862,-0.0271353272271,0.573827924937,0.818960610637,0.00240368231235,0.0,0.818922035541,-0.573766192837,-0.0118238134606,0.0,-0.00830424572506,0.00875343128564,-0.999927205822,0.0,0.652635927356,0.249344663777,0.30362183678,1.0,-0.01906,-0.0250502857143,0.954
0.458259837407,0.497396196585,-0.124105398183,-1.43466743723,0.0747686180944,1.92310728805,0.148640801009,-0.011362271341,-0.0994429255933,0.00132067291976,-0.156061303368,-0.00764236776024,0.0535591850853,-0.025399574423,0.573795863336,0.818983057566,0.00240946880365,0.0,0.818944511178,-0.573734064088,-0.0118261666704,0.0,-0.00830319567227,0.00875919540788,-0.999927164066,0.0,0.652247521157,0.248855454508,0.303616444805,1.0,-0.01946,-0.025576,0.974
0.458016381479,0.495929400581,-0.124110687896,-1.43704307762,0.0746273344144,1.92393308292,0.148296341851,-0.0227352839353,-0.0966776635109,-0.00117447109612,-0.158332212776,-0.0132728705435,0.0526454826849,-0.019001249506,0.573798805318,0.818981194069,0.00234129853114,0.0,0.818941600864,-0.573737102336,-0.0118801800972,0.0,-0.00838651571322,0.00873438807797,-0.999926685722,0.0,0.651945379896,0.248464542931,0.303579686272,1.0,-0.01976,-0.0259702857143,0.989
0.457726535692,0.494156152957,-0.124110602,-1.43994577083,0.0744419784287,1.92494647193,0.147885742334,-0.0163538823129,-0.0992472066599,-0.000337942198581,-0.158612193569,-0.012139154854,0.0561586583558,-0.0248285252319,0.573791112654,0.818986860084,0.00224253220291,0.0,0.818945893583,-0.573729714815,-0.0119408803527,0.0,-0.00849298026166,0.0086882508382,-0.999926189068,0.0,0.651552168455,0.247966264397,0.303525206777,1.0,-0.021136,-0.0277787428571,1.008
0.457417907432,0.492034164625,-0.124158148097,-1.44330796122,0.074231353366,1.92620806864,0.147407004986,-0.0173835706838,-0.111969657103,-0.00244324623504,-0.187842386474,-0.0157206337541,0.0711390560337,-0.0270557211677,0.573792038768,0.818986220267,0.00223923208819,0.0,0.818945359243,-0.573730806032,-0.0119250863563,0.0,-0.00848192827387,0.00867649538918,-0.999926384951,0.0,0.651137854746,0.247421862587,0.303501352346,1.0,-0.0242737142857,-0.0319025959184,1.027
0.457129721829,0.490195521233,-0.124168671284,-1.44630307744,0.0740490175365,1.92726176137,0.146978936841,-0.0148140685657,-0.121700210889,-0.00110144265976,-0.207937137528,-0.00655063396203,0.0705369887433,-0.0335577625155,0.57379573971,0.818983852998,0.00215511484169,0.0,0.818941768192,-0.573734721111,-0.0119831966961,0.0,-0.00857774553696,0.00864098713725,-0.999925875064,0.0,0.650774960619,0.246963649452,0.303453825862,1.0,-0.0265857142857,-0.0349412244898,1.041
0.456767351266,0.487958475731,-0.124180383096,-1.44983650679,0.0738347030867,1.9285426054,0.146455780462,-0.0226630594546,-0.152456475516,-0.000322841192772,-0.224703672476,-0.0181597833617,0.088501045207,-0.0398170498127,0.57379019666,0.818987770373,0.00214221779265,0.0,0.818945409033,-0.573729123458,-0.0120023672994,0.0,-0.00860090489139,0.00864136649264,-0.999925672848,0.0,0.650331081893,0.246384193167,0.303438454306,1.0,-0.029228,-0.0384139428571,1.057
0.456397563635,0.485637663989,-0.124202640232,-1.45335876582,0.07361877452,1.92992043704,0.145937937111,-0.0259700085215,-0.161878138536,-0.000353188080866,-0.239385070973,-0.0232753741028,0.094005168723,-0.040832537402,0.5738012943,0.818979605052,0.00228649732608,0.0,0.818939268521,-0.573739777124,-0.0119117387954,0.0,-0.00844377923683,0.00870764123497,-0.999926437082,0.0,0.649913659582,0.245802493644,0.303493918959,1.0,-0.0317051428571,-0.0416696163265,1.072
0.455901934216,0.482640859264,-0.124239147295,-1.45799657015,0.073331487889,1.93152448418,0.145230206053,-0.0323561817865,-0.171369082918,-0.00355854356728,-0.268264016011,-0.0208728427695,0.0873396248968,-0.0421186201538,0.573803556688,0.818978111544,0.00225345198684,0.0,0.818937234222,-0.573742058676,-0.0119416670084,0.0,-0.00848722711859,0.00869777419887,-0.999926155123,0.0,0.64932087479,0.245012085612,0.303506198022,1.0,-0.0346777142857,-0.0455764244898,1.09
0.455436805781,0.479756717445,-0.12428679113,-1.46251617127,0.0730516670314,1.9331424103,0.14456518206,-0.0332408031769,-0.183584653454,-0.00120618926321,-0.283807231634,-0.0254796794457,0.10958169109,-0.0476424078015,0.573819130515,0.818967261613,0.00223086555521,0.0,0.818926103724,-0.573757736288,-0.0119517191192,0.0,-0.00850825411793,0.00868520632732,-0.99992608567,0.0,0.648747830495,0.244249937723,0.303496239438,1.0,-0.03732,-0.0490491428571,1.106
0.454884949713,0.476434965198,-0.124316981878,-1.46755483434,0.072749968935,1.93499192517,0.143839864261,-0.029887935255,-0.195177947636,-0.0069598743045,-0.303790387971,-0.019031095254,0.11992143204,-0.0440211835668,0.573861746198,0.818937077571,0.0023465147291,0.0,0.818897351593,-0.573799805629,-0.0119019962438,0.0,-0.00840071806555,0.00875182354458,-0.999926414053,0.0,0.648119179485,0.243398655187,0.303559466413,1.0,-0.0401274285714,-0.0527389061224,1.123
0.454286121051,0.472916111881,-0.124342567838,-1.4729636181,0.072424595093,1.93694837312,0.14305011903,-0.038764224055,-0.2102540581,-0.00195713724117,-0.322806203348,-0.0165785252753,0.110594396678,-0.0491644962627,0.573896130212,0.818912804818,0.00240764074972,0.0,0.818873709697,-0.573833772103,-0.0118910244414,0.0,-0.00835628748863,0.00879593597255,-0.999926399276,0.0,0.647432390725,0.242482653192,0.303589451343,1.0,-0.0429348571429,-0.0564286693878,1.14
0.453696319673,0.469372180935,-0.124354680292,-1.47833693283,0.0720929644029,1.93889006702,0.142221694347,-0.0403496018513,-0.228643308087,-0.00143588861796,-0.337927310549,-0.0158692349703,0.131078274924,-0.0587697955295,0.573875801364,0.818926749261,0.00250815756354,0.0,0.818888816888,-0.573812902607,-0.0118577096593,0.0,-0.00827154170606,0.00885892537463,-0.999926547822,0.0,0.64674207837,0.241583716425,0.30364887417,1.0,-0.0455771428571,-0.0599013877551,1.156
0.453035033143,0.465400514894,-0.124357206297,-1.4843502427,0.0716928387513,1.94111069184,0.141260288517,-0.0413324449928,-0.242239550311,-0.00232729004766,-0.369806369545,-0.0185466250057,0.122667321484,-0.0585550730159,0.573806965266,0.818974533603,0.00265081544413,0.0,0.818938562373,-0.573743657487,-0.0117725720601,0.0,-0.0081207045127,0.00892621069332,-0.999927185809,0.0,0.645972527612,0.240582930309,0.303719489441,1.0,-0.0483845714286,-0.0635911510204,1.173
0.452327938574,0.461233640803,-0.124369927785,-1.49083419297,0.0712648957403,1.94332631815,0.14029099303,-0.0385570382087,-0.252214440642,-0.00368109762017,-0.388375868258,-0.0326807775807,0.132084656243,-0.0585889315691,0.573787416257,0.818988518661,0.00256010715989,0.0,0.81895115112,-0.573724211781,-0.0118443149166,0.0,-0.00823172095183,0.00889289277464,-0.999926574919,0.0,0.645097230476,0.239490429882,0.303697010861,1.0,-0.051192,-0.0672809142857,1.19
0.451616430257,0.457161078692,-0.124380244762,-1.49715440336,0.0708333128593,1.94554747066,0.139344403927,-0.0459180058737,-0.260347542541,0.000741341380825,-0.394985956489,-0.0236843275755,0.141290970584,-0.0634516939034,0.573776542351,0.818996250557,0.00252347445494,0.0,0.818958399167,-0.573713470922,-0.011863415076,0.0,-0.00826850037197,0.00887374072975,-0.999926441608,0.0,0.644255094673,0.238415414616,0.303683903561,1.0,-0.0538342857143,-0.0707536326531,1.206
0.450782450032,0.452619959574,-0.124408527482,-1.50416441422,0.0703557197984,1.94806537596,0.138209544687,-0.051528981287,-0.279382360395,-0.00364057317061,-0.412198968047,-0.0314647795839,0.147036956599,-0.072511486963,0.573741047837,0.8190210467,0.00254597548766,0.0,0.81898361982,-0.573678037134,-0.0118358387049,0.0,-0.00823338930252,0.00887598961172,-0.999926711369,0.0,0.643338562436,0.237189674998,0.303686444418,1.0,-0.0566417142857,-0.0744433959184,1.223
0.449930562901,0.447790083057,-0.124477714448,-1.51141710421,0.0698624483639,1.95074025132,0.137117217207,-0.051767181744,-0.288749355286,-0.00286169647083,-0.448916987209,-0.0240416386397,0.155955567207,-0.063798050425,0.573788285983,0.818987355357,0.00273158128449,0.0,0.818952782789,-0.573725079578,-0.0116884355535,0.0,-0.00800565836616,0.00894389569414,-0.999927955487,0.0,0.642404587997,0.235912886452,0.303780756748,1.0,-0.0594491428571,-0.0781331591837,1.24
0.449067882228,0.443116352878,-0.124493528268,-1.51867308653,0.0693741819447,1.95313554272,0.136016308665,-0.0570902873069,-0.29749811282,-0.00100946943342,-0.464768670274,-0.029373963876,0.154130821608,-0.0751839588738,0.573795473776,0.818982885426,0.00255627741037,0.0,0.818945674799,-0.573732506055,-0.0118211727409,0.0,-0.00821487687747,0.00887655864352,-0.999926858577,0.0,0.641325660993,0.234561555665,0.303726235536,1.0,-0.0622565714286,-0.081822922449,1.257
0.447931486239,0.43705944936,-0.124507589888,-1.52808770278,0.0687327042823,1.95640848078,0.134487763057,-0.0546543515688,-0.30525980064,-0.00222983780703,-0.474159269508,-0.0273015438109,0.170663527126,-0.0747193455182,0.573721864828,0.819034668373,0.00248610594197,0.0,0.818996352392,-0.573658967385,-0.0118790070878,0.0,-0.00830330152759,0.00885152821622,-0.999926350104,0.0,0.640097104423,0.233000164811,0.303679293792,1.0,-0.0653942857143,-0.0859467755102,1.276
0.446993948549,0.43224913621,-0.124522502499,-1.53521264991,0.0682447429565,1.95904807283,0.1333128398,-0.0649046949968,-0.309913969595,-0.00134629727425,-0.48519287653,-0.0327175025396,0.179730308755,-0.087171185265,0.573714068607,0.819039293135,0.00274785087101,0.0,0.819004629957,-0.573650477144,-0.0117172131407,0.0,-0.00802070642841,0.00897300536761,-0.999927574099,0.0,0.63916533598,0.23171963414,0.303798104469,1.0,-0.0678714285714,-0.0892024489796,1.291
0.445752556779,0.426074233645,-0.124600410787,-1.5447995872,0.0675391193263,1.96225045181,0.131780978049,-0.0645856022806,-0.332795541111,-0.00386289737057,-0.513351262941,-0.0341995266354,0.168092018411,-0.0827735238501,0.573747102146,0.819016871393,0.00252468877193,0.0,0.81897952493,-0.573684555411,-0.011803199932,0.0,-0.00821880316247,0.00883989036334,-0.999927151153,0.0,0.63782907881,0.229945132571,0.303719479372,1.0,-0.0710091428571,-0.0933263020408,1.31
0.444795494262,0.421291697814,-0.124681599852,-1.55210444437,0.067015131069,1.96464484482,0.130575058934,-0.06773031564,-0.346017293242,-0.00252476677228,-0.529238480555,-0.0359608044233,0.169261455655,-0.0848700786791,0.573765127266,0.819004645159,0.00239099205556,0.0,0.818965624766,-0.573703157179,-0.0118633804089,0.0,-0.00834460463061,0.0087651030281,-0.99992676759,0.0,0.636799056653,0.228575763401,0.303702275435,1.0,-0.0733211428571,-0.0963649306122,1.324
0.443640366944,0.415637892418,-0.124717789183,-1.56047275697,0.0664259582626,1.96769310564,0.129245545951,-0.0710565740973,-0.364254965914,0.0016882027262,-0.528489704848,-0.0358137374996,0.190024405544,-0.0889199115626,0.57383412915,0.818955501902,0.00265047697625,0.0,0.818920188806,-0.573771548447,-0.0116910846517,0.0,-0.00805386488175,0.00887944344251,-0.999928142791,0.0,0.635673939978,0.227029006719,0.303818264786,1.0,-0.0759634285714,-0.0998376489796,1.34
0.442348100668,0.40956600365,-0.124731355734,-1.56968418277,0.0658040433908,1.97087642988,0.127652229545,-0.0777821239052,-0.35916047872,-0.00159266840811,-0.54788231826,-0.0392591040888,0.186763534193,-0.0916354309963,0.573802582064,0.818977474374,0.00269075924504,0.0,0.818942350944,-0.573739494308,-0.0117117634417,0.0,-0.00804803054491,0.00892398861975,-0.999927793209,0.0,0.634379869389,0.225323838989,0.303819741453,1.0,-0.0787708571429,-0.103527412245,1.357
0.441004713802,0.403338982014,-0.124803126429,-1.57932495369,0.0651093981873,1.97403005897,0.126091631195,-0.0809591079443,-0.369335490134,-0.000785005550232,-0.574993619166,-0.0349708971217,0.186855934345,-0.0933422864289,0.573870921057,0.818930357953,0.00244574923057,0.0,0.818891876724,-0.573808542833,-0.0118573735974,0.0,-0.00830713134041,0.00880757565821,-0.999926706404,0.0,0.632981788077,0.2234958655,0.303712247634,1.0,-0.0815782857143,-0.10721717551,1.374
0.439580973638,0.396785353809,-0.124849923107,-1.5889313117,0.064417266835,1.97748044132,0.124426492624,-0.0866709457352,-0.388441047995,0.00149727232529,-0.574056367949,-0.0481742185213,0.20210794131,-0.0959248333647,0.573893964345,0.818913224786,0.00275587757367,0.0,0.818879165535,-0.573830882042,-0.011652380361,0.0,-0.00796103399357,0.00894413368959,-0.999928309635,0.0,0.631656854024,0.221662954358,0.303854178155,1.0,-0.0843857142857,-0.110906938776,1.391
0.43826670305,0.390919988234,-0.124876451381,-1.59778585256,0.0637462314087,1.98039979098,0.122938829417,-0.0874147639674,-0.397001623094,-0.00360480330475,-0.585833463651,-0.0357435139747,0.193103267025,-0.0966840183774,0.573924262075,0.818892279074,0.00266900286863,0.0,0.818857106049,-0.573861493583,-0.0116949971282,0.0,-0.00804545977958,0.00889774587101,-0.999928047759,0.0,0.630361728569,0.219963143537,0.303835876566,1.0,-0.0868628571428,-0.114162612245,1.406
