position_joint1,position_joint2,position_joint3,position_joint4,position_joint5,position_joint6,position_joint7,velocity_joint1,velocity_joint2,velocity_joint3,velocity_joint4,velocity_joint5,velocity_joint6,velocity_joint7,ee_T_00,ee_T_10,ee_T_20,ee_T_30,ee_T_01,ee_T_11,ee_T_21,ee_T_31,ee_T_02,ee_T_12,ee_T_22,ee_T_32,ee_T_03,ee_T_13,ee_T_23,ee_T_33,v_x,v_y,time
0.465096695251,0.547809111322,-0.123985099444,-1.35577419676,0.0794830387164,1.89409233172,0.159160551667,0.00186454266354,-0.00228468768754,0.00055287723957,0.0015574036419,-0.000227343949269,5.17505077726e-05,0.000523051070964,0.573777918916,0.818996845559,0.00195285186706,0.0,0.818953920259,-0.573719518546,-0.0118801276577,0.0,-0.00860956360428,0.00841601265041,-0.999927520446,0.0,0.661682348195,0.2609109916,0.303221726125,1.0,0.0,0.0,0.0
0.4650906969,0.54781682429,-0.123988144978,-1.35577634351,0.079481377389,1.89409150237,0.159156547576,-0.000860554771824,7.0337405576e-05,-0.00044263415905,0.00159829612551,-0.000659881967898,-0.000205843954663,0.00336406406591,0.57378136487,0.81899445716,0.0019420016965,0.0,0.818951417773,-0.573723035265,-0.0118828041778,0.0,-0.00861794557151,0.00840869853581,-0.999927509774,0.0,0.661683842719,0.26090457598,0.303215266118,1.0,-0.00028,-0.000368,0.015
0.465090722651,0.54780628626,-0.123980352644,-1.35578269005,0.079483046499,1.8940923322,0.159160413136,0.00349921463893,-0.00362686075271,0.00247678362503,-0.00193241871017,-0.000133502117458,0.00196784083181,0.0012150268083,0.57377984107,0.818995506845,0.0019495256999,0.0,0.818952505197,-0.573721421863,-0.011885757418,0.0,-0.00861606315018,0.00841653900262,-0.999927460032,0.0,0.661680942758,0.260908815687,0.303219527971,1.0,-0.0006,-0.000788571428571,0.031
0.465087537835,0.547786181294,-0.12398609919,-1.35580777323,0.0794836329725,1.89409556089,0.159160605823,0.00012282342211,-0.00139811956389,0.000672681461749,-0.00124977108724,7.30179318589e-05,0.000174446905687,0.00037853873792,0.573788133986,0.818989700274,0.00194808707203,0.0,0.818946682567,-0.573729722303,-0.011886284545,0.0,-0.0086172350705,0.00841575050337,-0.99992745657,0.0,0.661678486056,0.260900983331,0.303222304123,1.0,-0.00094,-0.00123542857143,0.048
0.465089635477,0.547668370551,-0.123983103583,-1.3559400933,0.0794789738631,1.89412142913,0.159152816159,0.000330633216101,-0.0114717099054,0.000557286357103,-0.0109961904841,-0.000184958151722,-0.000371525922724,0.00507132798957,0.57378390433,0.818992630218,0.00196206067307,0.0,0.818949718566,-0.573725361427,-0.0118875993041,0.0,-0.00861033802797,0.00842790444113,-0.999927413618,0.0,0.661655454295,0.260890949564,0.303244922728,1.0,-0.0013,-0.00170857142857,0.066
0.46508196048,0.547551998096,-0.123985692818,-1.35610972855,0.0794759915757,1.89414783872,0.159146951777,-0.00166612824272,-0.0056395011639,6.1168138774e-05,-0.00958631914281,-0.00010859505517,0.00081247226185,-0.00219822589939,0.573795642612,0.818984449334,0.00194400846951,0.0,0.818941201334,-0.573737073953,-0.0119090566185,0.0,-0.00863814875686,0.00842555564478,-0.999927193549,0.0,0.661627666006,0.26086706941,0.303248994311,1.0,-0.0016,-0.00210285714286,0.081
0.4650651461,0.547389353615,-0.123987807703,-1.35632239973,0.0794741218491,1.89425275942,0.159147562224,-0.000429713656198,-0.0130946678445,0.000340979191362,-0.0120341437113,0.000470554431038,0.0107455382295,0.00148995903246,0.573822944883,0.8189651963,0.001995513928,0.0,0.818922567312,-0.57376410972,-0.0118878949059,0.0,-0.00859098331593,0.00845588105431,-0.999927343901,0.0,0.661609108762,0.260838445004,0.303272161483,1.0,-0.00194,-0.00254971428571,0.098
0.465047367814,0.547204091537,-0.123982481932,-1.35654320905,0.0794726098563,1.89437311718,0.159130765864,0.000511118452818,-0.00817350956888,0.000496042314355,-0.00877626723262,0.000588111901784,0.00756935641837,-0.00114357052924,0.573835336941,0.818956300052,0.0020812459552,0.0,0.818914713284,-0.573776079682,-0.0118511456539,0.0,-0.00851156512509,0.0085051328443,-0.999927605367,0.0,0.661590310212,0.260808577769,0.303314366431,1.0,-0.0023,-0.00302285714286,0.116
0.465018729954,0.546994471078,-0.123985311783,-1.35681670047,0.0794635659457,1.89450447361,0.159123895319,-0.000327838682483,-0.0123394288313,-0.000420059982152,-0.0194950794272,-0.000393600487417,0.00739351963667,0.00181431025681,0.573865043776,0.818935345232,0.0021351260532,0.0,0.818894444234,-0.57380555332,-0.0118246810819,0.0,-0.00845866495324,0.00853437830266,-0.999927805081,0.0,0.661568518288,0.260771101704,0.303338350853,1.0,-0.00262,-0.00344342857143,0.132
0.464977627875,0.546764484317,-0.123988474049,-1.35717341108,0.0794568292578,1.89463350859,0.159080837059,-0.00549454192215,-0.0132195645946,-0.00107711517941,-0.0212871900171,-0.000485942616146,0.00686308417683,-0.00726593383078,0.573883811528,0.818922169189,0.00214442970189,0.0,0.818881267258,-0.573824158879,-0.0118343450383,0.0,-0.00846104484104,0.00854773691976,-0.999927670841,0.0,0.661530314016,0.260710427113,0.3033427534,1.0,-0.00296,-0.00389028571429,0.149
0.464939238813,0.546465946521,-0.123985968289,-1.35760248365,0.0794415711617,1.89479553796,0.158946402629,3.6376942111e-05,-0.019746233067,0.000933067243049,-0.0254674375241,0.000205549721218,0.0140857850332,-0.0138356549669,0.573823348114,0.818964446115,0.00217900431022,0.0,0.81892388267,-0.573763453895,-0.0118287898241,0.0,-0.00843728771138,0.00857223949327,-0.999927661827,0.0,0.661482341843,0.260648004547,0.303363909401,1.0,-0.00332,-0.00436342857143,0.167
0.464908986396,0.546213605192,-0.123988549868,-1.35803030332,0.0794244019077,1.89494009725,0.158925095196,-0.00237844288787,-0.0138120602978,-0.000614450534268,-0.0307869525649,-0.000225031816109,0.00506074386884,0.00111566246941,0.573851801743,0.818944569271,0.00215615382837,0.0,0.818903623053,-0.573791907618,-0.0118511519914,0.0,-0.00846841598793,0.00856665203951,-0.99992744657,0.0,0.661429069397,0.260586056426,0.303351578177,1.0,-0.00362,-0.00475771428571,0.182
0.464850448514,0.545859020697,-0.12398615247,-1.35860712835,0.0793670466664,1.89513850384,0.158883136762,-0.00870456412352,-0.0171086921502,0.00041092076823,-0.0309674482241,-0.0059944708155,0.00599026040565,-0.00834504472603,0.573880645544,0.818924442262,0.00212354353392,0.0,0.818883239033,-0.573821046378,-0.0118488170635,0.0,-0.00848491529346,0.00853890539303,-0.999927544029,0.0,0.661363462133,0.260489087477,0.303345139747,1.0,-0.00398,-0.00523085714286,0.2
0.464797909891,0.545529749503,-0.12398841492,-1.35918695798,0.0792842395073,1.89533726473,0.158782955374,-0.00243629757711,-0.022282176803,0.000144722236838,-0.0397740049536,-0.00133935792216,0.019230904703,-0.00503964253524,0.57385357196,0.81894359652,0.0020519670484,0.0,0.818901872761,-0.573794673009,-0.0118381973078,0.0,-0.00851757210769,0.00847391461856,-0.999927819263,0.0,0.66129743473,0.260388602142,0.303319463372,1.0,-0.0043,-0.00565142857143,0.216
0.464730467688,0.545133340797,-0.123981793297,-1.35988395998,0.0792737523632,1.89555585383,0.158710516273,-0.00708555783155,-0.0233129925868,0.00188053032315,-0.0408677504792,0.00011014579604,0.0126631058714,-0.00202218457934,0.573880793053,0.818924647791,0.00200087624818,0.0,0.818881879302,-0.573821722645,-0.0119098813149,0.0,-0.00860531478451,0.0084734965776,-0.999927071547,0.0,0.661207925055,0.260283436971,0.303287082032,1.0,-0.00464,-0.00609828571429,0.233
0.464674789549,0.544719517019,-0.12398926974,-1.36055016821,0.0792518397506,1.89579053248,0.158629741319,-0.00255888339156,-0.0296333037486,-0.000619027921135,-0.0472624626462,-0.00542974646817,0.0137227334954,-0.00660912405309,0.573896759737,0.818913475744,0.0019938180066,0.0,0.81887046427,-0.573837567979,-0.0119312708642,0.0,-0.00862671690856,0.00848015963458,-0.999926830647,0.0,0.661129903393,0.260181026158,0.303283487788,1.0,-0.00496,-0.00651885714286,0.249
0.46459481798,0.544237348363,-0.123994945047,-1.36135579088,0.0792161934717,1.8960827733,0.158530512774,-0.00309424602892,-0.0302604221007,-0.00080915838211,-0.0487698657106,-0.00709326459893,0.0215352752755,-0.00103907312565,0.573920417655,0.818896948841,0.00197187196243,0.0,0.818853544681,-0.57386120996,-0.0119553740198,0.0,-0.00865880518567,0.00847627079124,-0.999926586268,0.0,0.661039680047,0.260049630864,0.303266782386,1.0,-0.00532,-0.006992,0.267
0.464534834847,0.543764420254,-0.123997102559,-1.36214039904,0.079176062505,1.8963524286,0.15843381204,-0.00224930170892,-0.0271206123009,-0.000713329437914,-0.0513590137829,1.23844514518e-05,0.0176060235052,-0.00222170579946,0.573924795806,0.818893958507,0.00193917005824,0.0,0.818850034029,-0.573865633965,-0.011983439631,0.0,-0.00870051077294,0.00846564560138,-0.999926314264,0.0,0.660943675775,0.259933605646,0.303251404025,1.0,-0.00564,-0.00741257142857,0.283
0.464447585948,0.543218862492,-0.123995636031,-1.3629914592,0.07912334786,1.89664838069,0.158317916681,-0.0062648601914,-0.0331039853252,0.000424299720856,-0.0519151789373,-0.000148702428967,0.0164936492653,-0.00690024383241,0.573933503953,0.818887874201,0.00193117266159,0.0,0.818843816281,-0.573874346732,-0.0119910634056,0.0,-0.00871125369066,0.00846356477845,-0.999926238345,0.0,0.660846380491,0.259794486424,0.303257863999,1.0,-0.00598,-0.00785942857143,0.3
0.464374676525,0.542656738904,-0.124001306871,-1.36390412993,0.0790698900976,1.8969727571,0.158199063795,-0.00485579024725,-0.0324377901146,-0.00065177253378,-0.0544218551234,-0.00627137040171,0.0178155079431,-0.00618121637438,0.573936302892,0.818885966933,0.00190795272671,0.0,0.818841590116,-0.57387722912,-0.0120051278717,0.0,-0.00873606831764,0.00845265249077,-0.999926114159,0.0,0.660738809036,0.259655424744,0.303249358273,1.0,-0.00632,-0.00830628571429,0.317
0.464300865198,0.542061736572,-0.124002028481,-1.36482896818,0.0790236451164,1.89731735095,0.158078305924,-0.00375841767614,-0.0356174064108,0.00040689144296,-0.0532479451484,-0.000238923404996,0.0159205645967,-0.00511447015342,0.573937427975,0.818885137905,0.00192525019905,0.0,0.81884089653,-0.573878192468,-0.0120063850097,0.0,-0.00872715916502,0.00846755035739,-0.999926065909,0.0,0.660631891437,0.259520172755,0.303259842237,1.0,-0.00666,-0.00875314285714,0.334
0.464223742627,0.541456715287,-0.124009457978,-1.36573974235,0.0789643447839,1.89766202531,0.157954893721,-0.00524640222287,-0.0412765897088,7.53924097473e-05,-0.0590288904988,-0.0047940107609,0.0247263759968,-0.0155236083774,0.573929308883,0.818890744165,0.00196072117559,0.0,0.818847018723,-0.573869975121,-0.0119815893375,0.0,-0.00868658084025,0.00848227928716,-0.999926294409,0.0,0.660523896356,0.259375114717,0.303287085916,1.0,-0.007,-0.0092,0.351
0.464134352548,0.540735833736,-0.124002692968,-1.36686041466,0.0788926618299,1.8980722372,0.157817039284,-0.00155977345161,-0.0380227130714,-0.00026813286667,-0.0633732121468,-0.00697942999026,0.0218494642506,-0.0118344765858,0.573937976483,0.818884665634,0.00196225429597,0.0,0.818840973981,-0.573878648629,-0.0119792687256,0.0,-0.00868371080964,0.00848229478151,-0.999926319206,0.0,0.660399183511,0.259216108295,0.303295725438,1.0,-0.00734,-0.00964685714286,0.368
0.464051336107,0.540044158558,-0.124009940365,-1.36790428618,0.0788327408563,1.89845955702,0.157701237524,-0.00522949021831,-0.0429835944893,-0.00104530002228,-0.0646573298388,-0.00299990746277,0.0261993862889,-0.00641008020033,0.573957968355,0.818870581379,0.00199208800219,0.0,0.818827282242,-0.573898515758,-0.0119633761324,0.0,-0.00865336702517,0.00849781467368,-0.999926450488,0.0,0.66027999298,0.259058844676,0.303321513259,1.0,-0.00766,-0.0100674285714,0.384
0.463945059167,0.539295108725,-0.12401092652,-1.36904955952,0.078771451916,1.8989046718,0.157557943204,-0.00757484545464,-0.0438281944674,-0.00156862409923,-0.0684608095182,-0.00178192780045,0.0306662432765,-0.0134067604178,0.573975424292,0.818858235802,0.00203687736574,0.0,0.818815474985,-0.573915737744,-0.0119453252556,0.0,-0.00861269780993,0.00852431395905,-0.999926576058,0.0,0.660154864421,0.258882276192,0.303344282367,1.0,-0.008,-0.0105142857143,0.401
0.463838443554,0.538541976904,-0.124014010326,-1.37023776279,0.0787022967308,1.89935654284,0.157410255112,-0.00928261185434,-0.043945333854,-0.000823646494459,-0.0724678369639,-0.0073813617383,0.0299942176966,-0.00692342621289,0.573991179247,0.818847157892,0.00205062443361,0.0,0.818804572715,-0.573931430307,-0.0119386727867,0.0,-0.00859919602734,0.00853191780049,-0.999926627411,0.0,0.660022018944,0.258698422525,0.303350025265,1.0,-0.00834,-0.0109611428571,0.418
0.463731851504,0.537802369469,-0.124017555678,-1.37139384246,0.0786317170039,1.89980347313,0.15726120196,-0.00583573079114,-0.0462278578703,0.000171189319738,-0.0747525980583,-0.000315100974439,0.025708930781,-0.00973329957069,0.574003901335,0.81883818094,0.00207402705236,0.0,0.818795940231,-0.573944093746,-0.011921930058,0.0,-0.00857192098106,0.00854160374748,-0.999926778907,0.0,0.659895206609,0.258517401092,0.303360961136,1.0,-0.00866,-0.0113817142857,0.434
0.463624172889,0.536968994416,-0.124026168618,-1.37269064425,0.0785584206302,1.90028523014,0.157104936307,-0.0101187952241,-0.0519905787829,-0.000880914717476,-0.072349836364,-0.00300967369122,0.0341973456376,-0.0185130163567,0.574021975529,0.818825470736,0.00208973335879,0.0,0.818783421889,-0.573962088678,-0.0119153557264,0.0,-0.00855733379348,0.00855087969449,-0.99992682457,0.0,0.65974652915,0.258319186269,0.303374183738,1.0,-0.009,-0.0118285714286,0.451
0.463500218498,0.536067744738,-0.124026896169,-1.37408896593,0.0784777069714,1.90080516059,0.156921696503,-0.00972800479533,-0.0508873849084,0.000710190326248,-0.0788911290463,-0.000392849354523,0.0280279111343,-0.0135754856323,0.574029217317,0.818820340164,0.00211071100605,0.0,0.81877852287,-0.573969202313,-0.0119093317662,0.0,-0.00854028440238,0.00856467412876,-0.999926852274,0.0,0.659586205181,0.258105058306,0.303389881693,1.0,-0.00936,-0.0123017142857,0.469
0.463396974924,0.535277294987,-0.124033300486,-1.37534517679,0.0784075969116,1.90126380303,0.156784084336,-0.00724975944893,-0.0545159049723,5.19231069274e-05,-0.0839528735468,-0.0129418317815,0.0337140163583,-0.0108237210568,0.574055747685,0.818801754087,0.00210545816336,0.0,0.818759824927,-0.573995707229,-0.0119173851524,0.0,-0.008549616526,0.00856527290937,-0.999926767397,0.0,0.659438774495,0.257914282262,0.303389743517,1.0,-0.00966,-0.012696,0.484
0.463267304349,0.534326905087,-0.124037136301,-1.37688770755,0.0783138320381,1.90182327251,0.156597367949,-0.00762856328809,-0.0529996432697,-0.00146360099977,-0.0888941374124,-0.000779859657374,0.0303494628053,-0.00663743598796,0.574071123232,0.818791051427,0.00207520499521,0.0,0.818748713231,-0.574011189999,-0.0119350425169,0.0,-0.00858128033871,0.00855079931242,-0.999926620037,0.0,0.659256337871,0.257678718355,0.30337466068,1.0,-0.01002,-0.0131691428571,0.502
0.463143256755,0.53340546865,-0.12403931133,-1.37836842857,0.0782310778627,1.9023768793,0.156411419813,-0.00920728061082,-0.057264828723,-0.000981428806438,-0.0895532790208,-0.0081105641177,0.0339713537531,-0.00325173062751,0.574080880752,0.818784218103,0.00207206218222,0.0,0.81874177516,-0.574020895723,-0.0119441944707,0.0,-0.00859047633399,0.00855358223387,-0.999926517274,0.0,0.659083514115,0.257456180066,0.303367830041,1.0,-0.01036,-0.013616,0.519
0.463019029131,0.532524994936,-0.12403714772,-1.37980452096,0.0781631459392,1.90291605558,0.156222310717,-0.0078342440583,-0.0579112161637,0.000514987446769,-0.0905880648551,-8.61273039502e-05,0.0372552045238,-0.0144880590024,0.57408661,0.818780213341,0.00206721110157,0.0,0.818737512426,-0.574026450622,-0.0119694040394,0.0,-0.0086138431848,0.00856414274995,-0.999926225861,0.0,0.658914987327,0.257242232231,0.30335181286,1.0,-0.01068,-0.0140365714286,0.535
0.462886261608,0.53154243345,-0.124035473878,-1.38137262079,0.0780740743576,1.90348696145,0.156026011885,-0.00466797815952,-0.0565638227413,0.000581771115941,-0.0893117949897,-0.00510283531629,0.0343975405144,-0.00440219075616,0.574094968196,0.81877437712,0.0020576113984,0.0,0.818731453784,-0.574034751301,-0.0119857325629,0.0,-0.00863263647119,0.00856574484318,-0.999926050067,0.0,0.658727795828,0.257006818302,0.303347470023,1.0,-0.01102,-0.0144834285714,0.552
0.462741005427,0.530471650011,-0.124040041265,-1.38311814039,0.0779418648852,1.90409830345,0.155801331639,-0.00605061752483,-0.0552241405764,-0.00117968478629,-0.0969586597848,-0.0088848379074,0.0326351954826,-0.0153643878476,0.5740923362,0.818776395715,0.00198752076273,0.0,0.81873274129,-0.574032595946,-0.0120010013215,0.0,-0.00868540212499,0.00851709518833,-0.999926008702,0.0,0.658516120931,0.256735479926,0.303324280459,1.0,-0.01138,-0.0149565714286,0.57
0.462608723734,0.529551308631,-0.124048613833,-1.38456337585,0.0778646662107,1.90463797557,0.155600775615,-0.0111825845107,-0.0618794501429,-0.000410870689659,-0.0966582718445,-0.00194830568279,0.0445564806007,-0.0111671646902,0.574100284999,0.818770784246,0.00200313036167,0.0,0.818727268466,-0.574040413744,-0.0120004233049,0.0,-0.00867588525675,0.00852962811063,-0.999925984491,0.0,0.658350446521,0.25650804461,0.303331772323,1.0,-0.01168,-0.0153508571429,0.585
0.462481972995,0.528451710751,-0.124046504875,-1.38626278816,0.0777530191961,1.90527885076,0.155374673402,-0.00577776058445,-0.067429356581,0.000634990716505,-0.0976824543408,-0.00211718719159,0.0366748153105,-0.0133629159423,0.574079684775,0.818785151443,0.00203425827846,0.0,0.818742082126,-0.574019724768,-0.0119793754067,0.0,-0.00864099669543,0.0085428133914,-0.999926174033,0.0,0.658135507515,0.256251211898,0.303352113698,1.0,-0.01204,-0.015824,0.603
0.462339870584,0.527334307193,-0.124049986964,-1.38800456362,0.0776529002625,1.90595442608,0.155127386361,-0.00611483309519,-0.0670174678399,-0.00010771782621,-0.104028910787,-0.00503024499341,0.0382373946581,-0.0150273294302,0.574064010348,0.818796035815,0.00207621250897,0.0,0.818753514596,-0.574003878429,-0.0119572900872,0.0,-0.00859899324718,0.00856432107884,-0.999926352148,0.0,0.657932945864,0.255991679663,0.303367717801,1.0,-0.01238,-0.0162708571429,0.62
0.462198854644,0.526238012917,-0.124049976032,-1.38970965888,0.0775398248616,1.90659353196,0.154905319013,-0.00582739197399,-0.0642188094083,6.09903189706e-05,-0.108348416173,-0.00511850140091,0.0426131235576,-0.0159473430361,0.574064807335,0.81879542827,0.00209535789885,0.0,0.818753244028,-0.574004683535,-0.0119371510103,0.0,-0.00857150445419,0.00856844434104,-0.999926552839,0.0,0.657731774406,0.255735496,0.303383929845,1.0,-0.0127,-0.0166914285714,0.636
0.462040305838,0.524995488343,-0.124053188271,-1.39166137948,0.0774208356541,1.9072887749,0.154641595453,-0.00764345959798,-0.0681945863952,0.000936646808288,-0.111910059242,-0.0059958370244,0.0428918214403,-0.0118014319041,0.574047515795,0.818807578279,0.00208476924924,0.0,0.818765204598,-0.573987386416,-0.0119485093858,0.0,-0.00858706410919,0.00856611357551,-0.999926439309,0.0,0.657506664743,0.255456759275,0.303389598128,1.0,-0.01304,-0.0171382857143,0.653
0.461887696156,0.52380717472,-0.124061647614,-1.39355540384,0.0772907674876,1.90797294615,0.154372232354,-0.00754054651769,-0.0690779997649,-0.00118914006011,-0.109974300562,-0.00596554026369,0.036685738008,-0.016440635428,0.574031987892,0.818818528451,0.00205942811797,0.0,0.818775917994,-0.573972058413,-0.0119506977021,0.0,-0.00860356415566,0.00854645745227,-0.999926465671,0.0,0.657263544452,0.255148886469,0.303386612633,1.0,-0.0134,-0.0176114285714,0.671
0.461731562364,0.52265516961,-0.124064506762,-1.39536968534,0.0771949190785,1.90866448741,0.154127580957,-0.0111267389786,-0.0723834595511,-0.000831449635903,-0.110268500395,-0.007366330607,0.0398868823757,-0.0146448616745,0.57402554936,0.818822973524,0.00208653108879,0.0,0.81878062658,-0.573965419218,-0.0119469653474,0.0,-0.00858501828743,0.00856643950947,-0.999926454083,0.0,0.657064189194,0.254894602762,0.303389489928,1.0,-0.0137,-0.0180057142857,0.686
0.461536414489,0.521192109497,-0.124065256498,-1.39771109492,0.0770445172823,1.90956760122,0.153823517005,-0.00668862496311,-0.0721055880365,-0.00020161826011,-0.120499316353,-0.010057232299,0.0455532914402,-0.0112694209485,0.574021696695,0.818825640646,0.00209972489631,0.0,0.818783554052,-0.573961601099,-0.0119297517992,0.0,-0.00856339006821,0.00856732152958,-0.999926631985,0.0,0.656789112723,0.254544204265,0.303381318146,1.0,-0.0141,-0.0185314285714,0.706
0.461393492181,0.520133144193,-0.12406845265,-1.39938864019,0.0769473432993,1.9101746034,0.153584858533,-0.0106009385527,-0.0709297051414,-0.000424095937194,-0.11995559477,-0.00956146948584,0.0451244395038,-0.0164898443457,0.57400871858,0.818834758856,0.00209178961777,0.0,0.818792490672,-0.573948579062,-0.0119428938324,0.0,-0.00857884208176,0.00856823178097,-0.999926491735,0.0,0.656584539002,0.254288759163,0.303379317618,1.0,-0.01438,-0.0188994285714,0.72
0.461226994662,0.518785530727,-0.124074151474,-1.40147752385,0.0768106479606,1.91091589843,0.153311193307,-0.0113643955106,-0.0870612775973,-0.000593461343579,-0.1199913405,-0.00474750429189,0.0407589460402,-0.0176920512917,0.573998847695,0.818841692261,0.00208632703697,0.0,0.81879938872,-0.573938767693,-0.0119414769431,0.0,-0.00858092042888,0.0085628421689,-0.99992652007,0.0,0.656325309115,0.253974150266,0.303395550374,1.0,-0.01472,-0.0193462857143,0.737
0.461060177977,0.517518577311,-0.124080788599,-1.40346357424,0.0766715212265,1.91162698409,0.15303093729,-0.0105503968642,-0.0815443938213,-0.000430122970189,-0.122890473205,-0.0110293967895,0.0424740838354,-0.023354299748,0.573978855627,0.818855774661,0.00205924704005,0.0,0.818813235925,-0.573919007112,-0.0119417273498,0.0,-0.00859687689969,0.00854060216392,-0.999926573215,0.0,0.656064465144,0.253649352811,0.303394132776,1.0,-0.01506,-0.0197931428571,0.754
0.460860358376,0.516080841636,-0.124086968448,-1.40574372453,0.0765347782391,1.91248907992,0.152716155932,-0.0093698608658,-0.0851582612209,-0.00184548833303,-0.125426064768,-0.00275414440063,0.0533239260976,-0.0177001457166,0.573972146525,0.818860416559,0.00208329237134,0.0,0.818818194538,-0.573912203136,-0.0119287169167,0.0,-0.00857249223589,0.0085527536192,-0.999926678703,0.0,0.655810936941,0.253317507128,0.303399294201,1.0,-0.0154,-0.02024,0.771
0.460686627112,0.514792030557,-0.124095780003,-1.40782579633,0.0764115576603,1.91326694089,0.152438686621,-0.0137501995665,-0.079860298032,-0.00178190454298,-0.128471759529,-0.00460627416259,0.0512233795002,-0.0115167317349,0.573970102224,0.818861887737,0.00206820354008,0.0,0.81881944617,-0.573910198362,-0.0119392499807,0.0,-0.00858979905366,0.00854642235427,-0.999926584314,0.0,0.655558588266,0.253001130037,0.303379681999,1.0,-0.01572,-0.0206605714286,0.787
0.460487453504,0.513298424859,-0.124094015599,-1.41022128616,0.0762654364557,1.91409213094,0.15211137235,-0.0123868040779,-0.0836200500056,0.00108095319848,-0.130699210122,-0.00737133548511,0.0502816822867,-0.0168604747031,0.573949970767,0.818876156294,0.00200464720753,0.0,0.818832737417,-0.573890187698,-0.0119894744968,0.0,-0.00866761430813,0.00852299339146,-0.999926112793,0.0,0.655251012877,0.252639401954,0.303357754808,1.0,-0.01608,-0.0211337142857,0.805
0.46028763397,0.511865682443,-0.124097922015,-1.41250426199,0.0761271628257,1.91491580993,0.151781574829,-0.0113669337626,-0.0827885964511,0.000729400750699,-0.133294627028,-0.00654697046993,0.0495923259271,-0.0204855225946,0.573928465997,0.818891284208,0.0019817841549,0.0,0.818847496537,-0.573868713376,-0.0120093348796,0.0,-0.00869722318733,0.00851544208763,-0.999925920034,0.0,0.654968394753,0.252287687772,0.303346299269,1.0,-0.01642,-0.0215805714286,0.822
0.460086988179,0.510386919809,-0.124101143231,-1.41483152966,0.0759795509866,1.91581162484,0.15146348759,-0.0116062484549,-0.0829719348169,-0.000939223190456,-0.140932221193,-0.0118575023122,0.055867826159,-0.0183261819885,0.573916430706,0.818899635436,0.00201607287805,0.0,0.818856366918,-0.573856604969,-0.0119830793992,0.0,-0.00865616927235,0.00852832446672,-0.999926166482,0.0,0.654690498363,0.251934585769,0.303351714088,1.0,-0.01676,-0.0220274285714,0.839
0.459888069459,0.508884695833,-0.124108860655,-1.41721269239,0.0758297653176,1.9166772381,0.151131078398,-0.0084920767894,-0.0877701503007,-0.00120603934581,-0.14001768004,-0.00945052144932,0.0463765202913,-0.0169088367458,0.573895964109,0.818914017148,0.00200044981629,0.0,0.818870547439,-0.573836209362,-0.0119907574098,0.0,-0.00867163573536,0.0085197207513,-0.999926105816,0.0,0.654394042213,0.251571637222,0.303344931477,1.0,-0.0171,-0.0224742857143,0.856
0.459689339752,0.507462376626,-0.124104286505,-1.41945927542,0.0756960569787,1.91747965731,0.150813160485,-0.0144166856247,-0.0888113619574,0.00131524048022,-0.143810401128,-0.0079821099923,0.0555739552991,-0.0161447320172,0.573875377826,0.818928479537,0.00198570618767,0.0,0.818884671622,-0.573815545181,-0.0120150569076,0.0,-0.00870021071222,0.0085213737447,-0.999925843512,0.0,0.654110408889,0.251229302993,0.30333995096,1.0,-0.01742,-0.0228948571429,0.872
0.459495498203,0.506083655597,-0.124110707536,-1.42160145481,0.0755556030229,1.91828236951,0.150529416307,-0.00971653407624,-0.093451117029,0.00081469514647,-0.144597973913,-0.00790689313002,0.0616516126878,-0.0191231584263,0.573879115063,0.818925796917,0.00201179991039,0.0,0.81888242135,-0.573819261464,-0.011990916464,0.0,-0.00866542811863,0.00852892831938,-0.999926081137,0.0,0.65385148169,0.25089453428,0.30335404505,1.0,-0.01772,-0.0232891428571,0.887
0.459258023207,0.504361002682,-0.124120613139,-1.4242323077,0.0753890846996,1.91929464672,0.150162421799,-0.0136721846931,-0.0915114589069,-0.00106831957012,-0.144829103781,-0.0111701914473,0.0571700436359,-0.0164103811643,0.573870866836,0.818931370703,0.00209408126785,0.0,0.818889177316,-0.573810779987,-0.0119352815885,0.0,-0.00857273515707,0.00856429576703,-0.99992657783,0.0,0.653538456193,0.250485786481,0.303393631983,1.0,-0.01808,-0.0237622857143,0.905
0.459019665021,0.502686793136,-0.124122008327,-1.42670549397,0.0752321745426,1.92023419512,0.149820325027,-0.0165599924055,-0.102175260076,0.00019349712187,-0.146770694453,-0.00531051780177,0.0531559874801,-0.0105928917985,0.573871432254,0.818930665962,0.00221144559971,0.0,0.818890061634,-0.573810932551,-0.011867078138,0.0,-0.0084495252203,0.00862127393743,-0.999927136925,0.0,0.653244140288,0.250096245613,0.303467088308,1.0,-0.01842,-0.0242091428571,0.922
0.458800957388,0.501077378152,-0.124131168761,-1.42912632817,0.0750779497346,1.92108019185,0.149477771839,-0.0132528332655,-0.106382124037,-0.000783706708308,-0.156406206183,-0.00988568159658,0.0508037335532,-0.0210394881529,0.573858245593,0.81893983077,0.00223929571842,0.0,0.818899571991,-0.57379762021,-0.0118544901286,0.0,-0.00842337376166,0.00863672149663,-0.99992722426,0.0,0.652937626483,0.249714664469,0.303511771452,1.0,-0.01874,-0.0246297142857,0.938
0.458558401985,0.499381813382,-0.124125974219,-1.43171881539,0.0749104228498,1.92202817442,0.149101522753,-0.0145768430903,-0.0999321040717,2.66627027096e-05,-0.149747724873,-0.00865892151948,0.0598998754427,-0.0189136600417,0.573831660207,0.818958345094,0.00228071178132,0.0,0.818918613134,-0.573770863679,-0.0118341859225,0.0,-0.00838326075382,0.00865871459112,-0.999927371163,0.0,0.652614739502,0.249311515924,0.303542678932,1.0,-0.01908,-0.0250765714286,0.955
0.458284376064,0.497610402299,-0.124126421267,-1.43451526792,0.0747453529299,1.92306405933,0.148695876707,-0.0144863243217,-0.0982412145505,0.000263961383684,-0.153650360727,-0.0095771261002,0.0561160695545,-0.0269281304347,0.573821770971,0.818965240015,0.00229296935068,0.0,0.818925552337,-0.573760808897,-0.0118414865881,0.0,-0.0083823113418,0.00867284097597,-0.999927256697,0.0,0.652269895189,0.248867770573,0.303536647655,1.0,-0.01944,-0.0255497142857,0.973
0.458040794559,0.496036434428,-0.124131925331,-1.4370425725,0.074585305274,1.92394927756,0.148325487531,-0.0182917009314,-0.100064171325,-0.00091240999385,-0.157442423642,-0.010147507066,0.0598376433794,-0.0226311790047,0.573806169276,0.818976338749,0.00223239165195,0.0,0.818935791102,-0.573745373894,-0.0118811989144,0.0,-0.0084497590879,0.00864585711857,-0.999926922693,0.0,0.651946849274,0.248461092174,0.303507570794,1.0,-0.01976,-0.0259702857143,0.989
0.457769914743,0.494357636059,-0.124132015518,-1.43979356445,0.0744107144558,1.92490270118,0.147944920594,-0.00775518839952,-0.0982210872633,-2.77024490895e-06,-0.163292970547,-0.0125102450297,0.0589282885331,-0.016891541561,0.573807498422,0.818975682615,0.00212907052337,0.0,0.8189336627,-0.573746992661,-0.0119495360056,0.0,-0.00856499649988,0.00860046647016,-0.999926333692,0.0,0.651591105643,0.248017103727,0.303450285859,1.0,-0.0209057142857,-0.0274760816327,1.006
0.457472856999,0.492335064506,-0.12417225625,-1.44297227349,0.0742144448178,1.92608514787,0.147486919176,-0.0124619082623,-0.111391086103,-0.00436403218389,-0.183089691799,-0.0109007484556,0.0680585939517,-0.0302051031149,0.57381124536,0.818973025183,0.00214140670255,0.0,0.8189312927,-0.573750815956,-0.0119283664769,0.0,-0.00854054096811,0.00859846132939,-0.999926560115,0.0,0.651201537723,0.247498385355,0.303448977065,1.0,-0.0242382857143,-0.0318560326531,1.024
0.457185377492,0.490473497077,-0.124183754757,-1.4459984098,0.0740374461606,1.92715785412,0.14704566346,-0.0228911437171,-0.118949166654,0.000122533938584,-0.213288328523,-0.0111106305992,0.0738098138133,-0.0323700395619,0.573796983932,0.818983210046,0.00206634803485,0.0,0.818940307861,-0.57373667568,-0.0119894137311,0.0,-0.00863375511829,0.00857187016889,-0.999925987918,0.0,0.650811336972,0.247014643204,0.30339714088,1.0,-0.0270154285714,-0.0355059918367,1.039
0.456800988497,0.488050284645,-0.124198046076,-1.44982458274,0.0738075357092,1.92854052296,0.146494546332,-0.0241571947774,-0.151862160086,-0.000601513995244,-0.226837569451,-0.0131024868811,0.0905790477686,-0.0325960112949,0.573798810822,0.818981970353,0.0020503263824,0.0,0.818938723606,-0.5737384355,-0.0120133887875,0.0,-0.00866256455011,0.00857252491845,-0.999925733138,0.0,0.650328230963,0.24639148587,0.303380862115,1.0,-0.0301628571429,-0.0396426122449,1.056
0.456367704962,0.485333002843,-0.124224629009,-1.45397944041,0.0735509508137,1.93014913205,0.145890535886,-0.0261537286888,-0.161941779157,0.00129227411144,-0.245793386416,-0.0135017618097,0.0886314937338,-0.0380039487575,0.57381463402,0.818970527335,0.00218815972211,0.0,0.818929227947,-0.573753836146,-0.011924848971,0.0,-0.00851079867472,0.00863476704588,-0.999926500851,0.0,0.649831200905,0.245705376531,0.303430703094,1.0,-0.0333102857143,-0.0437792326531,1.073
0.455886291409,0.482359806474,-0.124264764329,-1.45858779474,0.0732642738807,1.93172529951,0.145178774195,-0.027757521887,-0.185722796467,0.000148834242736,-0.282556698373,-0.0165684784724,0.0970039716369,-0.0410777773075,0.573802950108,0.81897885188,0.00213577220431,0.0,0.81893675614,-0.573742253382,-0.0119650753164,0.0,-0.00857392596274,0.00861482373773,-0.999926133575,0.0,0.649236241415,0.244923544527,0.303438128256,1.0,-0.0364577142857,-0.0479158530612,1.09
0.455322915259,0.478935518461,-0.12432564686,-1.46393023418,0.0729345990194,1.93365693612,0.144390290616,-0.033188089614,-0.191898251399,-0.00114435451262,-0.30272928083,-0.0136548734028,0.109444628535,-0.0401058633961,0.573833866328,0.81895718593,0.00213737449988,0.0,0.818915170774,-0.573773219099,-0.0119575508663,0.0,-0.00856651889289,0.00861214185941,-0.999926220162,0.0,0.648566450441,0.244012864283,0.303438132768,1.0,-0.0397902857143,-0.0522958040816,1.108
0.454738298803,0.475393182796,-0.124354140757,-1.46932002562,0.0726086907328,1.93564524583,0.143618598108,-0.0330518875616,-0.212323425808,0.000328849100725,-0.326291850525,-0.0206055130961,0.115886959721,-0.0476863168748,0.573873981267,0.818928750783,0.00225868719256,0.0,0.818888249427,-0.573812769047,-0.0119032739122,0.0,-0.00845203241058,0.00868075872273,-0.999926601094,0.0,0.64789211589,0.243108368856,0.303498225777,1.0,-0.0429377142857,-0.0564324244898,1.125
0.454176346033,0.47209419611,-0.124379437718,-1.47441588002,0.072299932951,1.93744584207,0.142861086519,-0.0408939967473,-0.217165652627,-0.000262696639384,-0.342853295721,-0.0217229353391,0.120097106364,-0.0539915325352,0.573892895224,0.818915474067,0.0022667258536,0.0,0.818874863395,-0.573831428529,-0.0119246230085,0.0,-0.00846470274117,0.00869978874441,-0.999926328528,0.0,0.647234469138,0.242242960005,0.303510883627,1.0,-0.0457148571429,-0.0600823836735,1.14
0.45350996754,0.468071443761,-0.124396211913,-1.4804648927,0.0719153883331,1.93971154029,0.141903279222,-0.0404534937049,-0.247885593053,-0.000532583637541,-0.357709002344,-0.0233839369166,0.138835292859,-0.0539970821888,0.573849945197,0.818944994636,0.00246638573805,0.0,0.818907052713,-0.573787778778,-0.0118140104706,0.0,-0.00826000177789,0.00879937935206,-0.999927168995,0.0,0.646474204392,0.241231664649,0.303606604745,1.0,-0.0488622857143,-0.0642190040816,1.157
0.452789307517,0.463817328837,-0.124401758574,-1.48696974819,0.0714820912469,1.94200081729,0.140880322502,-0.0449128516388,-0.250732429256,-0.00247783586825,-0.39576528962,-0.0257740470068,0.138372476215,-0.0571617581597,0.573793889444,0.818984191277,0.00249274462057,0.0,0.818946515272,-0.573731548687,-0.0118094058938,0.0,-0.00824170918219,0.00881775922949,-0.999927158023,0.0,0.645617188403,0.240136463855,0.303642852507,1.0,-0.0520097142857,-0.0683556244898,1.174
0.452069926785,0.459624367659,-0.124418138919,-1.49346265655,0.0710514735473,1.94423274987,0.139924987981,-0.048780071727,-0.268215516659,-0.000805158894595,-0.417151783787,-0.024646037749,0.138386960908,-0.0650561341515,0.573796885013,0.81898228546,0.00242852919057,0.0,0.818943614176,-0.573734618662,-0.0118613258385,0.0,-0.00832104468062,0.00879498962151,-0.9999267015,0.0,0.644744479132,0.239034261517,0.303633979435,1.0,-0.054972,-0.0722489142857,1.19
0.451199524158,0.454717554023,-0.124434567948,-1.50113467235,0.0705317061823,1.94696212526,0.138740919576,-0.0481305187731,-0.275521124699,-0.000727585759011,-0.432681091763,-0.0365950984169,0.151391489483,-0.0691955908004,0.573762992265,0.819006170675,0.00238075706887,0.0,0.818966878909,-0.573700917411,-0.0118850962628,0.0,-0.00836828577915,0.00876915841468,-0.999926534128,0.0,0.643725651225,0.237725711876,0.303593566066,1.0,-0.0583045714286,-0.0766288653061,1.208
0.450362003068,0.450013457127,-0.124475828694,-1.50815026452,0.0700497146629,1.94959802797,0.137608071745,-0.0526244556731,-0.306561415513,-0.00196429694194,-0.446646493456,-0.0356154925109,0.17201244774,-0.0687523206369,0.573738813107,0.819022345294,0.00263042676032,0.0,0.818986749783,-0.573676291286,-0.0117031362331,0.0,-0.00807627210987,0.00886899891072,-0.999928054756,0.0,0.642834631282,0.236499157191,0.303712587843,1.0,-0.0612668571429,-0.080522155102,1.224
0.449484827881,0.445158640228,-0.124508035172,-1.51560558463,0.0695576220486,1.95212972925,0.136511391302,-0.0539370534687,-0.309712270745,-0.000360351503547,-0.483588475575,-0.0295843240522,0.156188673948,-0.070872757771,0.573782500928,0.818991936716,0.00256829196406,0.0,0.818955300421,-0.573719942988,-0.0117639207537,0.0,-0.00816123305129,0.00885341864353,-0.999927502999,0.0,0.641813553729,0.235196681458,0.303711473714,1.0,-0.0642291428571,-0.084415444898,1.24
0.448434964447,0.439501966967,-0.124532923471,-1.52442201771,0.0689414603727,1.95510377943,0.135104735077,-0.0553342298963,-0.324085937189,-0.00120405744535,-0.498504536633,-0.0360585215101,0.16520729592,-0.0820104020102,0.573728798981,0.819030092225,0.00239168387895,0.0,0.818991010614,-0.573666757073,-0.0118711104741,0.0,-0.00835092795283,0.0087697343965,-0.999926674192,0.0,0.640588777124,0.233651006543,0.303643419567,1.0,-0.0675617142857,-0.0887953959184,1.258
0.447369601687,0.433849791001,-0.124554251425,-1.53288540971,0.0683925528429,1.95817415045,0.133723839338,-0.06320552728,-0.342392907821,-0.000755783200809,-0.496493105814,-0.0354763080847,0.186211625052,-0.0804256590417,0.573706053655,0.819045348688,0.00261298556559,0.0,0.819009056565,-0.573643084148,-0.0117696293653,0.0,-0.00814109583006,0.00889253766794,-0.999927320025,0.0,0.639459915998,0.232157532109,0.303739971465,1.0,-0.0707091428571,-0.0929320163265,1.275
0.446285144478,0.428443648364,-0.124595215027,-1.54120563074,0.0677939683229,1.96109895697,0.13239696086,-0.0645570380983,-0.341114038988,-0.00139361475085,-0.52871327548,-0.0355139355034,0.177842550004,-0.0804644027506,0.573729933651,0.819028698327,0.00258871594914,0.0,0.818992337762,-0.573667318988,-0.011751796191,0.0,-0.00814015332236,0.00886266640974,-0.999927592903,0.0,0.638330541681,0.230639519946,0.303718090169,1.0,-0.0736714285714,-0.0968253061224,1.291
0.445074436097,0.422419422293,-0.124706229978,-1.55047279026,0.0671168593648,1.96413666292,0.130860908394,-0.0696974816059,-0.357058541573,-0.00487640008439,-0.551536854437,-0.0470821617627,0.177665610661,-0.0890622022339,0.573748935708,0.819016041211,0.00237274394616,0.0,0.818977085622,-0.573687355379,-0.0118363172222,0.0,-0.00833308091201,0.00873446549642,-0.999927131783,0.0,0.637028741107,0.228896206695,0.30367001905,1.0,-0.0768188571429,-0.100961926531,1.308
0.443798863289,0.416129185296,-0.124765495818,-1.55989225623,0.0664556288785,1.96746397508,0.129359384644,-0.0785193538525,-0.377992319022,-0.00111142945871,-0.550906306132,-0.0400137387618,0.208221073247,-0.0954787076306,0.573817155957,0.818967819593,0.00251573081098,0.0,0.818930943197,-0.573755264571,-0.0117368459711,0.0,-0.00816884263238,0.00879518271546,-0.99992795479,0.0,0.635739647882,0.227152238792,0.303743731026,1.0,-0.0799662857143,-0.105098546939,1.325
0.442531832824,0.410082920228,-0.124770785413,-1.56899844215,0.0658405394677,1.97065501117,0.127789177294,-0.0794303754076,-0.372946706277,-0.0031360550358,-0.576306512889,-0.0435231599395,0.193515657201,-0.0994012143384,0.573775926614,0.818996346912,0.00262995892436,0.0,0.81896068175,-0.573713331926,-0.0117115934076,0.0,-0.00808306534404,0.00887383416202,-0.999927956966,0.0,0.634467456789,0.225480881992,0.303778896285,1.0,-0.0825582857143,-0.10850517551,1.341
0.441014184408,0.403134126709,-0.124844316845,-1.57973531126,0.0650721731185,1.97418358941,0.126042160807,-0.0873874621746,-0.388232602575,-0.0112961299546,-0.59747777639,-0.0432544299976,0.199599245007,-0.100909915226,0.573859444338,0.81893857518,0.00238644674847,0.0,0.818899523955,-0.573797509648,-0.011863156803,0.0,-0.00834602021498,0.0087622133771,-0.999926781101,0.0,0.632917690257,0.223437013914,0.303669949918,1.0,-0.0862611428571,-0.113371787755,1.359
0.439617535577,0.396609770164,-0.124906386679,-1.58929573347,0.0643789592366,1.97760495066,0.124374402011,-0.0885049100403,-0.403457677696,-0.00461112161192,-0.606306323602,-0.0481085773589,0.209830248994,-0.109282675334,0.573867059502,0.818932324681,0.00268188582498,0.0,0.818897560394,-0.573804520781,-0.0116578047874,0.0,-0.00800822914786,0.0088863910035,-0.999928447601,0.0,0.63159497195,0.221615178388,0.30381158923,1.0,-0.0892234285714,-0.117265077551,1.375
0.438028763531,0.389594038559,-0.124928677937,-1.59994341777,0.0635737857027,1.98110764647,0.122583545122,-0.0964598337484,-0.413885918345,-0.0029570783387,-0.633592728755,-0.0517691236314,0.197262203226,-0.115917019615,0.573901093938,0.818908919987,0.0025420550131,0.0,0.818872273185,-0.573838974669,-0.0117378985073,0.0,-0.00815369653116,0.0088181809383,-0.999927875858,0.0,0.630032374618,0.21957147294,0.303762475158,1.0,-0.0923708571428,-0.121401697959,1.392
0.436424523765,0.382314955599,-0.124992800867,-1.6107946303,0.0627543875034,1.98462968939,0.120614792644,-0.0966387236555,-0.448072514858,-0.00137889619081,-0.627034217144,-0.0440053377694,0.217064251269,-0.108407783459,0.573827651102,0.818960601895,0.00247108782095,0.0,0.818923014733,-0.573765782983,-0.0117757852899,0.0,-0.00822623695097,0.00878107096363,-0.999927608289,0.0,0.628417510094,0.217478738831,0.303782376317,1.0,-0.0955182857143,-0.125538318367,1.409
