position_joint1,position_joint2,position_joint3,position_joint4,position_joint5,position_joint6,position_joint7,velocity_joint1,velocity_joint2,velocity_joint3,velocity_joint4,velocity_joint5,velocity_joint6,velocity_joint7,ee_T_00,ee_T_10,ee_T_20,ee_T_30,ee_T_01,ee_T_11,ee_T_21,ee_T_31,ee_T_02,ee_T_12,ee_T_22,ee_T_32,ee_T_03,ee_T_13,ee_T_23,ee_T_33,v_x,v_y,time
0.465085353876,0.547872601016,-0.123913642586,-1.35586333962,0.079467350785,1.89409074927,0.159171741006,-0.00271242929216,-0.00116667690789,-0.00030931696333,-0.000146469953292,8.32660874103e-05,-0.000293853158533,-0.00183289421599,0.573756088433,0.819012422774,0.00183009019508,0.0,0.818967553701,-0.573697874894,-0.0119850418115,0.0,-0.0087661480508,0.00837543645268,-0.999926500655,0.0,0.661647648196,0.26093019423,0.303130858218,1.0,-0.0,-0.0,0.001
0.465085423865,0.547875106669,-0.123911516691,-1.35585832832,0.0794680624285,1.89408873157,0.159175192241,-0.000954697468804,4.38029877597e-05,-0.000694286157679,0.00132693212237,0.000362126318757,0.000140665957319,-0.0018658631257,0.573748431015,0.819017782073,0.00183233633769,0.0,0.818972946991,-0.573690213232,-0.0119832483297,0.0,-0.00876346876863,0.00837616508509,-0.999926518037,0.0,0.661647448059,0.260932555499,0.303132157808,1.0,-2e-05,-2.62857142857e-05,0.002
0.46508526805,0.547873679888,-0.123911848986,-1.35586655682,0.0794662840366,1.89409055979,0.159177494359,0.00161690568573,-0.00171564297373,0.000166583912203,-5.15998753604e-05,-0.00701709772752,-0.000210351809555,0.000435017033958,0.573750663388,0.819016229678,0.00182720752515,0.0,0.81897133974,-0.573692478916,-0.011984624341,0.0,-0.00876751542909,0.00837277796287,-0.999926510931,0.0,0.661646179712,0.260931136802,0.303129418964,1.0,-0.00036,-0.000473142857143,0.019
0.465081839102,0.547867998242,-0.123913378356,-1.35587776642,0.0794667355038,1.8940908018,0.159179012507,-9.40285166883e-05,0.000628479035841,-0.000230732940312,-0.00152560532018,-0.0002117102054,-0.000390733660499,0.000114040507817,0.573756505919,0.819012146055,0.00182302810565,0.0,0.818967194082,-0.573698331565,-0.0119877553511,0.0,-0.00877241795014,0.0083712140083,-0.999926481027,0.0,0.661645028155,0.260926815438,0.303128181533,1.0,-0.00068,-0.000893714285714,0.035
0.465078710052,0.547823821187,-0.123914337269,-1.3559091445,0.0794667004546,1.89409581835,0.159173933655,-0.000284147169984,-0.00637212986925,-0.000416322874777,-0.00127374890402,-7.24244747103e-05,0.00347085396214,-0.000219925808815,0.573757241344,0.819011593025,0.00183994502027,0.0,0.81896684146,-0.573698974729,-0.0119810636275,0.0,-0.00875722403969,0.00838123734177,-0.999926530245,0.0,0.661641046962,0.26092138582,0.303145010245,1.0,-0.00102,-0.00134057142857,0.052
0.465083996694,0.547696383169,-0.123911121999,-1.35605319025,0.0794681588913,1.89412498432,0.159172338895,0.000214520304352,-0.0106491328869,0.000163619003573,-0.0107422610012,0.000382907294119,0.00160087783062,9.43568435283e-05,0.573757584036,0.81901131046,0.00185876314652,0.0,0.818966662235,-0.573699100344,-0.0119872979936,0.0,-0.00875153038776,0.00840022991635,-0.99992642072,0.0,0.661615013194,0.260913541218,0.303169159615,1.0,-0.00136,-0.00178742857143,0.069
0.465074707094,0.547568256745,-0.123911754837,-1.35623633781,0.0794623209457,1.89416688308,0.159168357449,5.88046219844e-05,-0.0125067543002,-0.000417351510123,-0.0120844774965,-0.000491908709007,0.00671993368987,0.000727875203173,0.573770881301,0.819002011679,0.00185136134107,0.0,0.818957187308,-0.573712351498,-0.0120004165413,0.0,-0.00876638519993,0.00840183701284,-0.999926277095,0.0,0.661587658111,0.260888868971,0.303176403262,1.0,-0.00168,-0.002208,0.085
0.465055672256,0.547391506311,-0.123916436395,-1.35645901091,0.0794580002026,1.89428926044,0.159160144503,-0.000472313023638,-0.00808103233663,-0.000410259987277,-0.0107175071181,0.000402545958889,0.00989336490148,-0.00288214631969,0.573791699804,0.818987280493,0.00191481794719,0.0,0.818943270629,-0.573732883265,-0.0119685025518,0.0,-0.00870362490641,0.00843571710931,-0.999926540097,0.0,0.661573306136,0.260859618601,0.303202857928,1.0,-0.00202,-0.00265485714286,0.102
0.465031837081,0.547191732483,-0.123909329379,-1.3566899497,0.0794586927079,1.89440695883,0.159137285799,3.81746880246e-05,-0.013998121974,-0.000339731270746,-0.0144229208532,0.00014201666408,0.00512623085269,-0.00196824778945,0.573803644743,0.818978701248,0.00200276861229,0.0,0.818935726365,-0.573744348584,-0.011935051439,0.0,-0.00862564182435,0.0084886782175,-0.999926767641,0.0,0.661552315302,0.260828764004,0.303247972068,1.0,-0.00238,-0.003128,0.12
0.46500340031,0.546989026391,-0.123909329808,-1.35696832248,0.079448721009,1.89454166208,0.159116582567,-0.00493116194261,-0.0105252731821,-8.87715042119e-05,-0.0212308084803,0.000278917381047,0.00880093800623,-5.96489118911e-05,0.573823090783,0.81896494478,0.00205587142069,0.0,0.818922645518,-0.573763557105,-0.0119091602205,0.0,-0.00857376571463,0.00851751477759,-0.999926968575,0.0,0.661528663824,0.260787114122,0.303270731627,1.0,-0.0027,-0.00354857142857,0.136
0.464971070614,0.546745240722,-0.123908684954,-1.35734702214,0.079439814089,1.89467422437,0.159026725072,0.000265765004513,-0.0171807368959,0.00187977171838,-0.018321802196,1.98454785594e-05,0.00752588787525,-0.00578209478337,0.573794300681,0.818985100009,0.00206237001529,0.0,0.818942738968,-0.573734598391,-0.0119225753548,0.0,-0.00858132375396,0.00853023297054,-0.999926795325,0.0,0.661483433417,0.260731908534,0.303274618204,1.0,-0.00304,-0.00399542857143,0.153
0.464928556239,0.546459495723,-0.123913992258,-1.35777942108,0.0794261862715,1.8948334496,0.158963846506,0.000719444568807,-0.0183792799996,-0.00110743221062,-0.027107104584,9.8323062304e-05,0.0126218307242,-0.00167165407819,0.573801882848,0.818979746238,0.00207879636218,0.0,0.818937510029,-0.573742023381,-0.0119244360508,0.0,-0.00857334384334,0.00854483268907,-0.999926739121,0.0,0.661436566585,0.260661746837,0.303285149665,1.0,-0.00338,-0.00444228571429,0.17
0.46488280393,0.546190470285,-0.12391503133,-1.35823537378,0.0794053368499,1.89499369312,0.158933522495,-0.00231124942921,-0.0164467329708,0.000233865892779,-0.0269098825399,-0.00153479833078,0.010114555234,-0.00783553209352,0.573835186078,0.818956462934,0.00205862534997,0.0,0.818913894019,-0.573775336103,-0.0119433983244,0.0,-0.00860010037364,0.00853954351422,-0.999926554538,0.0,0.661384282131,0.260587792605,0.303272548972,1.0,-0.0037,-0.00486285714286,0.186
0.464826341641,0.545837108722,-0.123912604599,-1.35883378196,0.0793417157587,1.8951916639,0.158843584771,-0.00805912147093,-0.0275243679135,-0.00625482248972,-0.0355806403587,-0.0031002652501,0.0120137814879,-0.00681697950822,0.573822501598,0.818965486334,0.0020039350476,0.0,0.818922400908,-0.573763074508,-0.0119491640784,0.0,-0.00863633531297,0.00849793013543,-0.999926596754,0.0,0.661313377294,0.260488593655,0.303254924049,1.0,-0.00406,-0.005336,0.204
0.464761988161,0.545475245592,-0.123915061866,-1.35947578955,0.0792793250166,1.89540594653,0.15875798715,-0.00378115443156,-0.0175899420961,-0.00104765145647,-0.0466126935587,-0.00190859104817,0.0217719020934,7.1386291943e-05,0.573826009107,0.81896319809,0.00193348098458,0.0,0.818919381564,-0.573767060757,-0.0119646726065,0.0,-0.00868942613875,0.00844916805688,-0.999926550019,0.0,0.661238967787,0.260377593726,0.303224122385,1.0,-0.0044,-0.00578285714286,0.221
0.464701823698,0.545090085464,-0.123915011682,-1.3601256866,0.0792597428219,1.89561102642,0.1586995939,-0.000343908735714,-0.0283537890668,0.00579710179338,-0.040681501327,-0.00104584847076,0.0133550401134,-0.0116716722714,0.573858287022,0.818940674248,0.00189350966235,0.0,0.818896100332,-0.573799276673,-0.0120130700018,0.0,-0.00875166566912,0.00844455003531,-0.999926046227,0.0,0.661157387042,0.26027649989,0.3032052246,1.0,-0.00472,-0.00620342857143,0.237
0.464635217513,0.544657546097,-0.123922893381,-1.36083818458,0.0792374448257,1.8958724941,0.158599268604,-0.00362607804117,-0.0235778593946,-0.000512118771227,-0.0369778814647,-0.00126503840968,0.0204377754787,-0.00126264424801,0.573870020179,0.818932468644,0.0018864363728,0.0,0.818887639664,-0.573810882063,-0.0120354531573,0.0,-0.00877393457176,0.0084517278969,-0.99992579043,0.0,0.661077484157,0.260163142979,0.303195184572,1.0,-0.00506,-0.00665028571429,0.254
0.464561231648,0.544174578394,-0.12392175378,-1.36162268994,0.0792011866875,1.89615320777,0.158496042966,-0.00670872048313,-0.0352876085054,6.97824680548e-05,-0.0426191198075,0.000112269149467,0.0167595659402,-0.00171468495274,0.573879310339,0.818925985583,0.00187462075808,0.0,0.818880871272,-0.573820096452,-0.0120566360829,0.0,-0.00879796691094,0.00845430785158,-0.999925557458,0.0,0.660986718552,0.260041299733,0.303187863986,1.0,-0.0054,-0.00709714285714,0.271
0.464500134828,0.543703318327,-0.123919083609,-1.36241021693,0.0791618161698,1.89642253819,0.158413770037,-0.00137261104422,-0.0324191865515,0.000591017710057,-0.0481257624981,-0.000281383888081,0.026212731264,-0.0060571335923,0.573893361729,0.818916218889,0.00183921303742,0.0,0.818870510945,-0.573834176425,-0.0120901270626,0.0,-0.00884556814601,0.00844468356971,-0.999925218826,0.0,0.660889035022,0.259927075568,0.303169729332,1.0,-0.00572,-0.00751771428571,0.287
0.464407065149,0.543149770776,-0.123927454258,-1.36327301977,0.0791018698946,1.89673017151,0.15828441462,-0.0106111723095,-0.0325086452348,-0.00115330450202,-0.051862627355,-0.00193374273868,0.0176485819434,-0.0119050019133,0.573901445007,0.818910570737,0.00183179028629,0.0,0.818864857898,-0.573842379456,-0.0120836642468,0.0,-0.00884445177146,0.00843498346424,-0.999925310574,0.0,0.660795709956,0.25977675615,0.303177573599,1.0,-0.00606,-0.00796457142857,0.304
0.464343804415,0.542570568246,-0.123926013711,-1.36418155344,0.0790525857424,1.89705859787,0.158164404627,-0.00623972918836,-0.0346496748793,0.000314392250839,-0.0516187562543,-0.00136292611083,0.0203937977808,-0.00418361701709,0.573903597434,0.81890903583,0.00184358027059,0.0,0.818863421835,-0.573844426747,-0.0120837565775,0.0,-0.00883773933839,0.00844471440605,-0.99992528779,0.0,0.660683152558,0.259635330117,0.303189628408,1.0,-0.00642,-0.00843771428571,0.322
0.464259361648,0.542001725022,-0.12392537031,-1.36506347561,0.0790017100581,1.89738747628,0.158046862556,-0.00708982267644,-0.0339264397973,-0.00397295214799,-0.053696820446,-0.00111913043035,0.0266197745042,-0.0103256281735,0.573899115369,0.81891216483,0.00184893855866,0.0,0.818866566694,-0.573839869776,-0.0120870470621,0.0,-0.00883740536169,0.00845094229272,-0.999925238126,0.0,0.660587765366,0.259511334334,0.303194217309,1.0,-0.00672,-0.008832,0.337
0.464178137734,0.541308181346,-0.123928083286,-1.36611664656,0.0789387419418,1.89778450306,0.157907878301,-0.00685214832027,-0.0338274916974,0.0013634255068,-0.0628735306517,-0.00401524054428,0.0280974967476,-0.0138175386506,0.573895339532,0.818914739553,0.0018802946364,0.0,0.818869561988,-0.573835966763,-0.0120694075703,0.0,-0.00880500459015,0.00846645580635,-0.999925392727,0.0,0.66046741041,0.259356968584,0.303217789515,1.0,-0.00708,-0.00930514285714,0.355
0.464092363252,0.54062173785,-0.123928771899,-1.36717694364,0.0788770167064,1.89817444612,0.157776163749,-0.00234339958715,-0.0397393921406,-0.000482894610209,-0.0623506035467,-0.000418676434547,0.0194414537308,-0.00656808411888,0.573900422717,0.818911143538,0.00189491301797,0.0,0.818866126846,-0.573840956338,-0.0120652407799,0.0,-0.00879315072114,0.0084760900585,-0.999925415417,0.0,0.660344257759,0.25919955777,0.303232167862,1.0,-0.00742,-0.009752,0.372
0.46399675334,0.539887219913,-0.12393383218,-1.36829222441,0.0788129850605,1.898598126,0.157638634584,-0.00493991234064,-0.043114860061,0.000712553967447,-0.0641954191822,-0.00721989131543,0.0280360569403,-0.00865643363478,0.573914285742,0.818901342222,0.0019316389381,0.0,0.818856809239,-0.573854661772,-0.0120457472766,0.0,-0.00875596718291,0.00849512569945,-0.99992558017,0.0,0.660219877114,0.259029149145,0.303257308945,1.0,-0.00776,-0.0101988571429,0.389
0.463909291568,0.539171824943,-0.123937079089,-1.36940084132,0.0787507647999,1.89901150046,0.15749737146,-0.00472537850022,-0.046864143259,-0.00056368732838,-0.0699383723717,-0.0029848465346,0.028002326139,-0.00984653754054,0.573917148339,0.818899292051,0.00195018503345,0.0,0.818854968377,-0.573857411951,-0.0120398676805,0.0,-0.00874047926512,0.00850696901497,-0.999925614984,0.0,0.660091629272,0.258865311959,0.303271044026,1.0,-0.00808,-0.0106194285714,0.405
0.463783439441,0.538359494501,-0.123934241611,-1.37065869984,0.0786781869832,1.89949641915,0.157347146499,-0.00628138321986,-0.0487193843779,0.00054052846279,-0.072335030369,-0.00722269163075,0.028340524927,-0.00470436618351,0.573945319452,0.818879464156,0.00198503485711,0.0,0.818835568722,-0.573885403791,-0.0120250410854,0.0,-0.00870804432681,0.00852729737025,-0.999925724823,0.0,0.65995455207,0.258666412994,0.303288096722,1.0,-0.00844,-0.0110925714286,0.423
0.463692820156,0.537671769849,-0.123941330852,-1.37176341474,0.0786167200184,1.89991478964,0.157211242556,-0.0133922445994,-0.0467006381655,-0.000592524472781,-0.0718790578507,-0.00560819294535,0.0307675823512,-0.00857909650859,0.573957752563,0.818870747576,0.00198593513289,0.0,0.818826851456,-0.573897819313,-0.0120261059631,0.0,-0.00870827019955,0.00852877796811,-0.999925710229,0.0,0.659828666717,0.25849884033,0.303284475519,1.0,-0.00874,-0.0114868571429,0.438
0.463582554588,0.536833124378,-0.123941287842,-1.37305405088,0.0785401146879,1.9004044726,0.157050071236,-0.0110255113556,-0.0480054159516,-0.000886545284741,-0.0744442816454,-0.00605701662669,0.0297546751212,-0.0041498153791,0.573966609346,0.81886446106,0.00201808573127,0.0,0.818820978331,-0.573906531943,-0.0120102014719,0.0,-0.00867670162569,0.00854607008754,-0.999925837017,0.0,0.659681936956,0.25830476465,0.303304729363,1.0,-0.00908,-0.0119337142857,0.455
0.463463608861,0.535974033315,-0.123951997854,-1.37440599008,0.0784643745432,1.90090807189,0.156877429558,-0.00609333243103,-0.059207186743,-0.00166317831863,-0.0782160619685,-0.00852346562224,0.0329848524606,-0.00612751827444,0.573984207212,0.818852103669,0.00202708909975,0.0,0.818808727715,-0.573924078898,-0.0120069138322,0.0,-0.00866865830422,0.00855174181133,-0.999925858289,0.0,0.659528642498,0.258092809588,0.303311648823,1.0,-0.00942,-0.0123805714286,0.472
0.463341632432,0.535073940585,-0.123945130172,-1.37582593683,0.0783879467202,1.90141200137,0.156710324484,-0.00664217386482,-0.0527860456586,-0.00397352866053,-0.0837984562064,-3.71003321865e-05,0.0325788607052,-0.00495855946449,0.573999708568,0.818841254227,0.00202035669882,0.0,0.818797622923,-0.573939441826,-0.0120298260066,0.0,-0.00869112275039,0.00855954468211,-0.999925596522,0.0,0.659357160732,0.257881461859,0.303314420488,1.0,-0.00976,-0.0128274285714,0.489
0.463226066821,0.534180112586,-0.123950151276,-1.37730395956,0.0783000583704,1.90194859945,0.156529548426,-0.00287642885444,-0.0578823143717,-0.000125656081538,-0.0856059801944,-0.00364918326029,0.0342796130505,-0.00990798489036,0.574007233545,0.81883608321,0.00197776946329,0.0,0.818791866362,-0.573947119686,-0.0120553011595,0.0,-0.00873634869831,0.00853937602766,-0.99992537485,0.0,0.659179860696,0.257660839967,0.30328817885,1.0,-0.0101,-0.0132742857143,0.506
0.463087510098,0.533267671686,-0.123948798372,-1.37878761785,0.0782179615082,1.90250661443,0.156340192672,-0.0111059737912,-0.0533253679408,0.000650416888353,-0.0881840022246,7.52303260625e-05,0.0330212520551,-0.00790372503698,0.574023905466,0.818824416739,0.0019691130954,0.0,0.818779999988,-0.573963742178,-0.0120698461873,0.0,-0.00875305376683,0.00854081510417,-0.999925216467,0.0,0.659009784156,0.257430745121,0.303273859879,1.0,-0.01044,-0.0137211428571,0.523
0.462960502112,0.532369682055,-0.123945610348,-1.38025777895,0.0781418505679,1.90305992615,0.156149012528,-0.00434984822976,-0.0510336149871,0.00212360880821,-0.0877931359976,-0.000727305069876,0.0325078457255,-0.0111880313879,0.574029081507,0.81882081278,0.00195883729613,0.0,0.818776115737,-0.573968820006,-0.0120918510066,0.0,-0.00877691672068,0.00854508783917,-0.999924970789,0.0,0.658837424677,0.257211408206,0.303255139992,1.0,-0.01076,-0.0141417142857,0.539
0.462829196546,0.531376507762,-0.123954061679,-1.38184862378,0.0780377518626,1.90363841118,0.155953084097,-0.00984986056472,-0.060119681599,-0.000324879284134,-0.0986949426386,-0.00235568180424,0.0378874008983,-0.0229962386933,0.574040752221,0.818812687082,0.00193524296802,0.0,0.818767757318,-0.57398066611,-0.0120955119373,0.0,-0.00879333588212,0.00852799550613,-0.999924972454,0.0,0.658649357542,0.256966631272,0.303248388883,1.0,-0.0111,-0.0145885714286,0.556
0.462685871135,0.530272465642,-0.123951594293,-1.38359840806,0.0779303446392,1.90425217312,0.155719727986,-0.00884945513821,-0.0649772582181,0.00166862909461,-0.0950729534309,-0.0114812392824,0.0408789709605,-0.00916589589724,0.574031311468,0.818819368723,0.00190833972102,0.0,0.818774011021,-0.573971271416,-0.0121179769922,0.0,-0.00882727204735,0.00851876120551,-0.999924752157,0.0,0.658434442956,0.256704769885,0.303246578682,1.0,-0.01146,-0.0150617142857,0.574
0.462566003507,0.529344021114,-0.123956522363,-1.38504987912,0.0778448847624,1.90479850508,0.155530961097,-0.00802299412341,-0.0580061747852,-0.000554990258411,-0.0988394859369,-0.00768609125651,0.0392042781926,-0.00649221848655,0.574034207639,0.818817293501,0.00192749159145,0.0,0.818772183331,-0.573974079813,-0.0121084436226,0.0,-0.0088084424128,0.00852900154902,-0.999924830912,0.0,0.65826517809,0.256486136773,0.303257216892,1.0,-0.01176,-0.015456,0.589
0.462415123176,0.528190426726,-0.123960106729,-1.38684714749,0.0777293611084,1.90549150529,0.155272837113,-0.00906903586628,-0.0589408416604,1.13274797964e-05,-0.0986247797888,-0.00351370005632,0.0532030209179,-0.0227372169591,0.574015308003,0.818830457037,0.00196359565696,0.0,0.818785914415,-0.57395511733,-0.0120787643449,0.0,-0.00876361308003,0.00854132454824,-0.999925119627,0.0,0.658059073167,0.256214897088,0.303274238502,1.0,-0.01212,-0.0159291428571,0.607
0.462268208614,0.527022102889,-0.123960476602,-1.38860277033,0.0776215684673,1.90616177683,0.15502855863,-0.00732045698604,-0.0702233504883,-0.000649241673054,-0.105564334813,-0.00543737301645,0.0313781028881,-0.0125445782684,0.574001720244,0.818839811792,0.00203339183767,0.0,0.818796210209,-0.573941259162,-0.012039272422,0.0,-0.00869135542795,0.00857566171931,-0.999925456405,0.0,0.657855857936,0.255953017514,0.303319050322,1.0,-0.01246,-0.016376,0.624
0.462132108897,0.525984086015,-0.123960454897,-1.3902066439,0.0775184844724,1.90675233958,0.154827722062,-0.00516445821656,-0.0704141016857,-0.000423921764839,-0.108148847001,-0.00416127156894,0.0409908770313,-0.00704408564012,0.574007312505,0.818835847483,0.00205108965995,0.0,0.818792506774,-0.573946804837,-0.0120267606077,0.0,-0.00867089329948,0.0085830306288,-0.999925570827,0.0,0.657665259747,0.25571018059,0.303337202863,1.0,-0.01276,-0.0167702857143,0.639
0.461962589291,0.524747502035,-0.123969380591,-1.39215287302,0.0773979758107,1.9074469314,0.154540458945,-0.00947822278429,-0.0688469906553,-0.00117833903853,-0.105152675526,-0.00306985818195,0.0387201852395,-0.0212819063832,0.57398924249,0.818848553212,0.00203551232312,0.0,0.818805005108,-0.573928799388,-0.0120351046524,0.0,-0.00868685613754,0.00857487337375,-0.999925502264,0.0,0.657431263481,0.255406416621,0.303341130836,1.0,-0.01312,-0.0172434285714,0.657
0.46180645493,0.523548186052,-0.123975062539,-1.39406927338,0.0772769203739,1.90814509357,0.154291999854,-0.00870265605339,-0.0659378862736,-0.00338998337492,-0.1096573145,-0.00448155656248,0.0456136963266,-0.0102555011309,0.573987792964,0.81884962096,0.00201461740259,0.0,0.818805821416,-0.57392746042,-0.012043417024,0.0,-0.00870567082669,0.00856251966953,-0.999925444497,0.0,0.65719923126,0.255116580428,0.303332934336,1.0,-0.01346,-0.0176902857143,0.674
0.461659865782,0.522390578969,-0.12397594799,-1.39589422804,0.0771738912214,1.90885957136,0.154044566191,-0.00928088244605,-0.0757813556489,-0.00294627651067,-0.117168902815,-0.00634669665971,0.0494495944135,-0.00911555020513,0.573976078509,0.818857728327,0.0020564435439,0.0,0.818814437463,-0.573915532209,-0.0120260463804,0.0,-0.00866756300634,0.00858667392507,-0.999925568421,0.0,0.656985782271,0.254850121285,0.303339907221,1.0,-0.01378,-0.0181108571429,0.69
0.461493704308,0.521144401142,-0.123975538385,-1.3978995074,0.0770421551117,1.90963122102,0.153774694625,-0.00958814778525,-0.0750233021287,0.000609008330393,-0.124125688806,-0.010703284392,0.0409549818208,-0.0226554994991,0.573962591422,0.818867175513,0.00205898427929,0.0,0.818824011595,-0.573902129005,-0.0120137945425,0.0,-0.00865621320166,0.00858157963779,-0.999925710472,0.0,0.656749202216,0.254550625722,0.303327872233,1.0,-0.01412,-0.0185577142857,0.707
0.461321625404,0.519854496705,-0.123986772158,-1.39995188944,0.0769111991178,1.91037359266,0.153507804588,-0.00905345911977,-0.0767002598393,-0.000755025625849,-0.124329511143,-0.00919063406129,0.0431138536484,-0.0142376652201,0.573957406082,0.818870868553,0.00203556880543,0.0,0.818827455155,-0.573897099013,-0.0120193731414,0.0,-0.00867427449816,0.00856555276916,-0.999925691373,0.0,0.656484886746,0.254218951794,0.303324537642,1.0,-0.01448,-0.0190308571429,0.725
0.461169138002,0.51857536029,-0.123985334685,-1.40190241848,0.0767899629445,1.91106090946,0.153236637126,-0.0107278992327,-0.0750956482752,-0.00120535212792,-0.116809152382,-0.00875174194785,0.0409706688685,-0.0098309273027,0.573939083476,0.818883675126,0.00204987106227,0.0,0.818840379926,-0.57387865036,-0.0120197239533,0.0,-0.00866654534411,0.00857727168789,-0.999925657938,0.0,0.656254909385,0.253946797763,0.30335062494,1.0,-0.01478,-0.0194251428571,0.74
0.460977473696,0.5171404864,-0.123991041141,-1.40417574266,0.076641083119,1.91187686645,0.152918239706,-0.00742150253677,-0.0770934490414,-0.00182917621678,-0.125929667026,-0.00501224075475,0.0484101877206,-0.0209108641273,0.573919319078,0.818897592011,0.00202383001663,0.0,0.818853999533,-0.57385904122,-0.0120280987338,0.0,-0.00868855521824,0.0085605443556,-0.999925610277,0.0,0.655975318578,0.25359810819,0.303346325138,1.0,-0.01514,-0.0198982857143,0.758
0.46079534393,0.515797321586,-0.123991408286,-1.40634543597,0.0765100974579,1.91269761618,0.152632069528,-0.00851107965685,-0.0813234789653,-9.82629782218e-05,-0.127619331741,-0.0118399396729,0.0488245752231,-0.0115123283413,0.573913778914,0.818901491785,0.00201693491184,0.0,0.818857782579,-0.573853504873,-0.0120346896981,0.0,-0.00869796764152,0.00855862187221,-0.999925544903,0.0,0.655713378757,0.253273096545,0.303326885301,1.0,-0.01548,-0.0203451428571,0.775
0.460601426387,0.514397176825,-0.123989221955,-1.40856686972,0.0763767970539,1.91349971915,0.152325996081,-0.0151397238379,-0.0810816556217,0.000499388385204,-0.138361993487,-0.00308485405837,0.0387259980603,-0.0122399548301,0.573901228049,0.818910323776,0.00200223822854,0.0,0.81886632016,-0.573840917911,-0.0120539428755,0.0,-0.00872229997132,0.00855750282782,-0.999925342527,0.0,0.65543862528,0.252934918679,0.303320619267,1.0,-0.01582,-0.020792,0.792
0.460419663655,0.513076281762,-0.123991678409,-1.41070090598,0.0762499463858,1.9142485128,0.152016871981,-0.0126151161486,-0.0851088516948,0.00459708312002,-0.138105468569,-0.00769641455487,0.0521855921952,-0.023314634637,0.573876244035,0.818927960206,0.00194921159375,0.0,0.818883133837,-0.573816040541,-0.0120959347271,0.0,-0.00878737945822,0.0085379104689,-0.999924940207,0.0,0.655168702775,0.25260884022,0.30329554766,1.0,-0.01614,-0.0212125714286,0.808
0.460211828642,0.511566342819,-0.123993242576,-1.4131211286,0.0761064057584,1.91514569289,0.151674707121,-0.0141590436806,-0.0867222233061,0.00153316964763,-0.134640942086,-0.0046278474189,0.046341131676,-0.0177563681879,0.573855331762,0.818942639515,0.00193863166597,0.0,0.818897593722,-0.573795098678,-0.0121104347399,0.0,-0.00880554357749,0.00853734272212,-0.999924785262,0.0,0.654871674663,0.252242116815,0.303279086595,1.0,-0.0165,-0.0216857142857,0.826
0.460033713103,0.510260857002,-0.123995851311,-1.41516899523,0.0759708792016,1.91592461344,0.151380836843,-0.0145778758723,-0.0880982566475,0.000934299825648,-0.135978453485,-0.0156262234915,0.0502603817988,-0.0261994982227,0.573832638934,0.818958484674,0.00196208429655,0.0,0.818913847462,-0.573772404972,-0.0120865474342,0.0,-0.00877275964888,0.00854259788159,-0.999925028544,0.0,0.654625867622,0.251929090013,0.303285943223,1.0,-0.0168,-0.02208,0.841
0.45983351451,0.508744700637,-0.124007335169,-1.41754193014,0.0758189245228,1.91677335977,0.151055216365,-0.00341071435099,-0.0890056211555,-0.00239724481699,-0.144421985073,-0.0126806785945,0.0414343912413,-0.0206155026404,0.573820177913,0.818967245489,0.00194965046663,0.0,0.818922475073,-0.57376002836,-0.0120895234923,0.0,-0.00878246133631,0.00853398941261,-0.999925016888,0.0,0.654329535189,0.251562830938,0.303291413351,1.0,-0.01714,-0.0225268571429,0.858
0.459607294007,0.507129767176,-0.124011131856,-1.42008001963,0.0756582608371,1.91769484338,0.150707335245,-0.00895563901509,-0.0904515721144,-0.00189016397914,-0.142296336402,-0.00635675570516,0.0487504505957,-0.0165720103889,0.573811194944,0.818973551615,0.00194453452495,0.0,0.818928705522,-0.573751060368,-0.0120930930289,0.0,-0.00878841380648,0.0085317515655,-0.999924983685,0.0,0.654015070885,0.251169339583,0.303292900422,1.0,-0.0175,-0.023,0.876
0.459400319664,0.505638213407,-0.124017317197,-1.422399353,0.075516360854,1.91857182467,0.150391727226,-0.0136450845439,-0.0944156551206,-0.000468425520128,-0.145880332362,-0.00493908907941,0.0627669247514,-0.0211401112107,0.573808213117,0.818975546205,0.00198398037876,0.0,0.818931232219,-0.573747923188,-0.0120708091704,0.0,-0.00874756132914,0.00855123757503,-0.999925175454,0.0,0.653734552632,0.250811405906,0.303307889669,1.0,-0.01782,-0.0234205714286,0.892
0.459182254205,0.503987511604,-0.124020481439,-1.42488217542,0.0753630873215,1.9195150278,0.150049404419,-0.0121822786307,-0.0963453433097,-0.000330797863205,-0.149452502756,-0.00982036607868,0.0533979378988,-0.0243447082409,0.573795131534,0.818984480174,0.0020772968781,0.0,0.81894141607,-0.573734474687,-0.0120190058456,0.0,-0.00865172899414,0.00859779702127,-0.999925609969,0.0,0.65343395847,0.250433421451,0.303361273888,1.0,-0.01816,-0.0238674285714,0.909
0.458946492881,0.502300792598,-0.124028639249,-1.427367258,0.0752106524138,1.9204431862,0.149694562946,-0.00745260988729,-0.101738465078,-0.000930743542064,-0.154783868246,-0.00314676119362,0.0528710797102,-0.0265336758076,0.573789595691,0.818988071017,0.00218776381158,0.0,0.818946477157,-0.573728509226,-0.0119587689504,0.0,-0.00853907104781,0.00865364527683,-0.999926096614,0.0,0.653135198226,0.250040387159,0.303436887711,1.0,-0.0185,-0.0243142857143,0.926
0.458724907176,0.500700396025,-0.124024512781,-1.42980776965,0.0750537137107,1.92129893899,0.149353840752,-0.0122237782796,-0.100542633178,0.00146327926261,-0.151975366165,-0.0151176293637,0.0555999922605,-0.0226726815048,0.573770869448,0.819001155075,0.00220096778963,0.0,0.818959668356,-0.573709665345,-0.0119594480505,0.0,-0.00853224954566,0.00866465357855,-0.999926059514,0.0,0.652823254619,0.24966252749,0.303466245466,1.0,-0.01882,-0.0247348571429,0.942
0.458481455371,0.499005058153,-0.124030891275,-1.43242800921,0.0748940212302,1.92225954011,0.148983559225,-0.0177719868388,-0.101319115997,-0.00081862397579,-0.156022057246,-0.00659852953915,0.0500851540814,-0.0221920187994,0.573761770657,0.819007447554,0.00223120692191,0.0,0.818966314685,-0.57370040331,-0.0119486214319,0.0,-0.00850612939914,0.00868311267667,-0.999926121929,0.0,0.652498301019,0.249250871876,0.303485158501,1.0,-0.01916,-0.0251817142857,0.959
0.458214810317,0.497323142187,-0.124031555489,-1.43507842116,0.074723713408,1.92323468297,0.148591611852,-0.0175637332165,-0.098856967642,-0.000372285988726,-0.155495368511,-0.00920041590245,0.0555437613426,-0.0236645393096,0.573747916782,0.819017149383,0.00223246635641,0.0,0.818976036898,-0.573686550123,-0.0119473886876,0.0,-0.00850454404201,0.00868329299985,-0.999926133849,0.0,0.652172448218,0.248823097547,0.303480827995,1.0,-0.0195,-0.0256285714286,0.976
0.457971433107,0.495746275113,-0.124033959716,-1.43761782652,0.0745700481043,1.92410806406,0.148219542808,-0.0138736159664,-0.0983866707715,-0.000650330145724,-0.162841903215,-0.0103546118255,0.0499579259472,-0.0236730028956,0.573730738649,0.819029379181,0.00215927511377,0.0,0.818987131999,-0.573669492756,-0.0120057320424,0.0,-0.00859450247284,0.00865664271251,-0.999925595764,0.0,0.651842847296,0.24841725924,0.303446819873,1.0,-0.01982,-0.0260491428571,0.992
0.457688426862,0.494054982166,-0.124039524359,-1.44036733212,0.0743920431898,1.92509475447,0.147829201853,-0.0133100011712,-0.101850680971,-0.00364150373406,-0.173746078916,-0.015012277947,0.0640922348914,-0.0279390093123,0.573736909411,0.819025231587,0.00209181819475,0.0,0.818982084956,-0.573675927784,-0.012042479127,0.0,-0.0086632353064,0.00862254239314,-0.999925297268,0.0,0.651498609535,0.247964206916,0.303401870702,1.0,-0.0221925714286,-0.0291673795918,1.009
0.457388395584,0.49187061187,-0.124099402897,-1.44379123738,0.0741835301953,1.92637942793,0.147346424466,-0.0163192202648,-0.125286548265,-0.000946802827197,-0.205735058865,-0.0150215781889,0.0774914692006,-0.0239704173461,0.573745863099,0.819018895368,0.00211672097627,0.0,0.818976282578,-0.573684983582,-0.0120056273157,0.0,-0.00861867051992,0.0086218892808,-0.999925688011,0.0,0.651079567371,0.247410097325,0.303405768073,1.0,-0.0271708571429,-0.0357102693878,1.027
0.457049054242,0.489603626424,-0.124105515352,-1.44745436145,0.0739732249611,1.92769143704,0.146805315887,-0.020923170884,-0.151253948096,0.000159027951093,-0.237973001036,-0.0188395224072,0.0830575278921,-0.0379129333628,0.573711037711,0.819043453483,0.00205266057948,0.0,0.818999718665,-0.573650150721,-0.0120711352366,0.0,-0.00870944292462,0.0086066376645,-0.999925032886,0.0,0.650605493835,0.246836524347,0.303353034897,1.0,-0.031596,-0.0415261714286,1.043
0.456594942287,0.486742600607,-0.124140847005,-1.45194197259,0.0737047800438,1.9293675153,0.146157721397,-0.0261996449993,-0.173754886371,-0.00220563499398,-0.27591105587,-0.0182285998713,0.099842516161,-0.0334952029805,0.573728376857,0.819031211721,0.00209062580026,0.0,0.818987979764,-0.573667331974,-0.0120510634449,0.0,-0.00867104031521,0.00862640055519,-0.999925196339,0.0,0.650053798229,0.246096796267,0.303351634115,1.0,-0.0362977142857,-0.0477055673469,1.06
0.456079095144,0.483474848458,-0.124188853816,-1.45698134899,0.0734063715118,1.93119517456,0.145379483732,-0.0301837485107,-0.196936037355,-0.000695929848903,-0.308737027482,-0.0172062192146,0.106075119449,-0.0446002778641,0.573715693563,0.819039972638,0.00213847667147,0.0,0.818997299702,-0.573654381731,-0.0120341307109,0.0,-0.00862985372675,0.00865574291649,-0.999925299079,0.0,0.649423712105,0.245255503003,0.303381312453,1.0,-0.0409994285714,-0.0538849632653,1.077
0.455520143077,0.480043053264,-0.124246559813,-1.46235986405,0.0730786348877,1.933072834,0.14457143409,-0.0336983761703,-0.221774188511,-0.00636756166356,-0.34419911096,-0.0181569519799,0.122331512111,-0.048794275847,0.573728712826,0.819031038371,0.00206619550604,0.0,0.818987281407,-0.57366756841,-0.0120872142997,0.0,-0.00871466211135,0.00862713584127,-0.999924810769,0.0,0.648689073854,0.244278601841,0.30335779251,1.0,-0.0457011428571,-0.0600643591837,1.094
0.454862160952,0.475980490485,-0.124317405904,-1.46859616182,0.0726997291022,1.93534977832,0.14368575026,-0.042260231783,-0.239318285483,-0.00374646749267,-0.37285343809,-0.0269836363611,0.141696443402,-0.0568214310883,0.573791808153,0.818986605422,0.00215590745807,0.0,0.818944124718,-0.573730377763,-0.0120300092873,0.0,-0.00861567274746,0.00866845542191,-0.999925311243,0.0,0.64795353388,0.24328266178,0.303410083134,1.0,-0.0501262857143,-0.0658802612245,1.11
0.454119171459,0.471572249652,-0.124351120569,-1.47540551954,0.0722966901615,1.93778748868,0.142676758147,-0.0450005053186,-0.265066282884,-0.00414636569608,-0.414609995785,-0.0200565092031,0.136104586681,-0.0636168736427,0.573816218086,0.818969393082,0.0021972616255,0.0,0.818927129678,-0.573754285091,-0.0120467223124,0.0,-0.00860537426781,0.00871216952999,-0.999925020007,0.0,0.647078595078,0.242134975156,0.303429796036,1.0,-0.054828,-0.0720596571429,1.127
0.453376522941,0.467004885753,-0.124390890553,-1.48222647721,0.0718669977717,1.94034347763,0.141568961904,-0.045494581745,-0.292131360981,-0.00213425623842,-0.434592020817,-0.0289140270861,0.165858993618,-0.0769080041527,0.573753618002,0.819012537412,0.00244873285643,0.0,0.818973710821,-0.573690836151,-0.0119009411851,0.0,-0.00834236505408,0.00883382597535,-0.999926181507,0.0,0.646223100412,0.24098930389,0.303559106484,1.0,-0.0592531428571,-0.0778755591837,1.143
0.452442525909,0.461533392153,-0.124408759361,-1.49066416649,0.071306253311,1.94326447415,0.14029000411,-0.0548022052409,-0.317297236147,-0.00043893353163,-0.48112803183,-0.0293342649146,0.16565744337,-0.067268527657,0.573725906464,0.81903208946,0.00240158028293,0.0,0.818992480979,-0.573663137572,-0.0119443539607,0.0,-0.00840527292895,0.00881983130647,-0.999925778227,0.0,0.645098583922,0.239559950309,0.303568074532,1.0,-0.0642314285714,-0.0844184489796,1.161
0.45148782181,0.456038143819,-0.124453318399,-1.49920056711,0.0707395872549,1.94620547968,0.139005361881,-0.0546129622125,-0.320899146755,-0.000973180985998,-0.520371445595,-0.0361040353993,0.17960073145,-0.0830016447646,0.573727639998,0.819031157759,0.00230317689634,0.0,0.818990135495,-0.573665133481,-0.0120091420078,0.0,-0.00851477313644,0.00877642483431,-0.999925233708,0.0,0.643952248793,0.238092757266,0.303542021909,1.0,-0.0689331428571,-0.090597844898,1.178
0.45051093659,0.450448941783,-0.124494555328,-1.50753527887,0.0701612965518,1.9493365707,0.137650138769,-0.0669702113192,-0.353880962598,-0.00340518744951,-0.530677606933,-0.0352518950056,0.207791015224,-0.0812126424601,0.573669976297,0.819070663937,0.00259859083503,0.0,0.819034063143,-0.573606931783,-0.0117914427655,0.0,-0.00816761239069,0.00889290231775,-0.999927100541,0.0,0.642889920383,0.236650495489,0.303684732353,1.0,-0.0733582857143,-0.0964137469388,1.194
0.449404053704,0.444249904186,-0.124526858261,-1.51697271448,0.0695527803254,1.95266812795,0.136241082785,-0.0664049434647,-0.363657836708,0.000795254348914,-0.57770054509,-0.0363587501689,0.19285184753,-0.0862243329214,0.573704233717,0.819046414059,0.00267782258024,0.0,0.819010619012,-0.573640648159,-0.0117796275954,0.0,-0.0081121100436,0.00895135969353,-0.999927030753,0.0,0.641620381716,0.235019946511,0.303730195352,1.0,-0.07806,-0.102593142857,1.211
0.44814317308,0.437374583409,-0.12455726654,-1.52770948156,0.068812106982,1.95624616519,0.134519258644,-0.0760616145877,-0.389405463268,-0.00106107275469,-0.604382440468,-0.0371528830063,0.199073162969,-0.0996603651812,0.573618391613,0.819107331764,0.00242213869643,0.0,0.819067839678,-0.573555395398,-0.0119511219942,0.0,-0.00840018266002,0.00883944947253,-0.999925647768,0.0,0.640110813658,0.233148098422,0.303631905132,1.0,-0.0830382857143,-0.109136032653,1.229
0.446915706126,0.430819344636,-0.12457941771,-1.53745332488,0.0681452741267,1.95981693284,0.132913636506,-0.0813448565817,-0.411360982094,-0.000767390778091,-0.629580602418,-0.0453289359477,0.222948775295,-0.0972607543201,0.573564721738,0.819143949014,0.00272904228735,0.0,0.819108719799,-0.573500857801,-0.0117651243821,0.0,-0.00807237777256,0.00898361558916,-0.999927063024,0.0,0.638814400336,0.231428209108,0.303774452194,1.0,-0.0874634285714,-0.114951934694,1.245
0.445497032116,0.42366439232,-0.124638498534,-1.54844190749,0.0673490448176,1.96355469239,0.131109328463,-0.0843074738829,-0.430051809169,-0.00770169190362,-0.647471741437,-0.0428383811432,0.216947825386,-0.111175343905,0.573538908134,0.819162416229,0.00260837020471,0.0,0.819125771176,-0.573475657558,-0.0118062731246,0.0,-0.00817557580631,0.00890811176124,-0.999926900081,0.0,0.637284807824,0.229422885406,0.303738220325,1.0,-0.0921651428571,-0.121131330612,1.262
0.443978688324,0.416139015841,-0.124767446637,-1.55984959296,0.066525295113,1.96747290131,0.129286626785,-0.0911409383357,-0.457008963352,-0.00252464323046,-0.669894322298,-0.0475952751221,0.248703692857,-0.107670988162,0.573632328952,0.819097063979,0.00258802321024,0.0,0.819060612758,-0.573569640409,-0.0117612554961,0.0,-0.00814935520384,0.00886655496669,-0.999927483477,0.0,0.635708585348,0.227281370374,0.30375821499,1.0,-0.0968668571428,-0.127310726531,1.279
0.442445282012,0.408787502605,-0.124802914588,-1.57095868986,0.0657989587302,1.97132396627,0.127398373166,-0.100102849177,-0.458846396311,0.000742868791388,-0.712995447784,-0.0423899291695,0.235972884063,-0.126610019936,0.573623059985,0.819103258041,0.00268041428799,0.0,0.819067510282,-0.573559490493,-0.0117758807455,0.0,-0.00810844134425,0.00895052933008,-0.999927067942,0.0,0.634148171768,0.22523394803,0.303780625614,1.0,-0.101292,-0.133126628571,1.295
0.44037807404,0.399202916346,-0.124923459041,-1.58541257279,0.0647842716841,1.97620789872,0.124987972942,-0.102857231061,-0.499289029058,-0.00796761622894,-0.715580114944,-0.0461583148977,0.263950809609,-0.120824892431,0.57372653501,0.819030827807,0.0026670259803,0.0,0.818994831503,-0.573662918926,-0.0117927232416,0.0,-0.00812878647431,0.00895025105717,-0.999926905247,0.0,0.632094364553,0.222470731908,0.303793929642,1.0,-0.106823428571,-0.140396506122,1.315
0.438853453909,0.392248991502,-0.124991305252,-1.59580668704,0.0639839365784,1.979829872,0.123191833927,-0.109483625757,-0.493125725877,-0.00434205456967,-0.753356463058,-0.0589134126177,0.24853862315,-0.133076076548,0.573733858579,0.819025373215,0.00276486010047,0.0,0.818991268137,-0.573670583414,-0.0116666765585,0.0,-0.0079693386501,0.00895813611051,-0.999928118136,0.0,0.630625203453,0.220473947306,0.303839244481,1.0,-0.110695428571,-0.145485420408,1.329
0.437015280073,0.38412259924,-0.125027038432,-1.60818368343,0.0630638325934,1.98381843475,0.121014216937,-0.118092392886,-0.510756388267,-0.00515452452059,-0.763647472327,-0.0572983479597,0.252956585914,-0.133166880605,0.573693137856,0.819054680141,0.00252218511069,0.0,0.819017031109,-0.573630317294,-0.0118367535894,0.0,-0.00824830538521,0.00885654738599,-0.999926760831,0.0,0.628774351786,0.218099390777,0.303746203389,1.0,-0.115120571429,-0.151301322449,1.345
0.434977720399,0.375122314997,-0.125089224759,-1.62149403083,0.0620982696103,1.98835064863,0.118633972494,-0.125349152434,-0.520535487815,-0.00314644280764,-0.786513590419,-0.0566836088783,0.2693328388,-0.145575868271,0.573680970598,0.819062663513,0.00269148908219,0.0,0.819027187526,-0.573617494804,-0.0117551115939,0.0,-0.00808444343798,0.00894825884366,-0.999927282575,0.0,0.626825511331,0.215524435293,0.303821845549,1.0,-0.119822285714,-0.157480718367,1.362
0.432625557431,0.365316054399,-0.125193291804,-1.63611017392,0.0609575457641,1.99310954142,0.116093162571,-0.131464921226,-0.5486789246,-0.00359885180289,-0.77402436913,-0.0635642560984,0.270482758503,-0.144199933683,0.573803934717,0.818976847827,0.00259116343659,0.0,0.818940307358,-0.573741071168,-0.0117772297541,0.0,-0.0081587786962,0.00887999992165,-0.999927287322,0.0,0.624637129708,0.212589670382,0.303812727695,1.0,-0.124800571429,-0.164023608163,1.38
0.43059472842,0.356904418098,-0.125299958071,-1.64856109755,0.059973321012,1.99718391741,0.113757918963,-0.143697884703,-0.556937639472,-0.00491193217567,-0.81676381263,-0.0658167330751,0.264201136856,-0.158194394196,0.573786867748,0.818988879655,0.0025675479894,0.0,0.818952381741,-0.573724472619,-0.0117461849211,0.0,-0.00814708656929,0.00884267644396,-0.999927713414,0.0,0.622756991903,0.210072674185,0.303825981786,1.0,-0.128949142857,-0.169476016327,1.395
