position_joint1,position_joint2,position_joint3,position_joint4,position_joint5,position_joint6,position_joint7,velocity_joint1,velocity_joint2,velocity_joint3,velocity_joint4,velocity_joint5,velocity_joint6,velocity_joint7,ee_T_00,ee_T_10,ee_T_20,ee_T_30,ee_T_01,ee_T_11,ee_T_21,ee_T_31,ee_T_02,ee_T_12,ee_T_22,ee_T_32,ee_T_03,ee_T_13,ee_T_23,ee_T_33,v_x,v_y,time
0.465070558379,0.54770934191,-0.124016190288,-1.35581982779,0.0795192375316,1.89413598235,0.159129536937,-0.00660778350038,-0.00215153365386,0.00119999378905,-0.000510645267094,8.67391121534e-06,0.0003622544897,-0.000437815136656,0.573807856246,0.818975630836,0.00205112359687,0.0,0.818933826379,-0.573748896931,-0.0118464418184,0.0,-0.00852528139827,0.00847747909724,-0.999927723351,0.0,0.661695173087,0.260880449921,0.303275574444,1.0,0.0,0.0,0.0
0.465078036214,0.547716062112,-0.124023932933,-1.35582177485,0.0795185254547,1.89413635257,0.159137488255,-0.000348645614282,0.000548451282153,0.000720477136559,-0.00149020934398,-0.00030530117029,-0.000494411804812,-0.0011186688773,0.573813586056,0.818971640301,0.00204150475897,0.0,0.818929754827,-0.573754708556,-0.0118464328293,0.0,-0.00853073380102,0.00846965616264,-0.999927743142,0.0,0.661694489143,0.260880505706,0.303270174235,1.0,-8e-05,-0.000105142857143,0.005
0.46507546117,0.547715340674,-0.124013710941,-1.35581953128,0.0795192375316,1.89413353866,0.159137725202,0.000933360619023,0.00206180753444,0.00174545282838,-0.000166121812726,-0.000100094574221,-0.000363832482732,0.000549206193244,0.5738087922,0.818974991321,0.00204462382824,0.0,0.818933086925,-0.573749843644,-0.0118517070468,0.0,-0.00853331336673,0.00847518698289,-0.999927674269,0.0,0.661692745584,0.260884917792,0.303271171539,1.0,-0.00042,-0.000552,0.022
0.465072351541,0.547697260462,-0.124018359479,-1.35583264528,0.0795185210736,1.89413712144,0.159137369944,0.00100957088332,-0.00320972503246,-0.000929068446408,-0.000608997938966,-2.83708264694e-05,0.00943094232284,-0.00136470743446,0.573810749827,0.818973596162,0.00205403822653,0.0,0.818931851271,-0.573751799987,-0.0118423767353,0.0,-0.00852024977348,0.008477563621,-0.999927765521,0.0,0.661693835544,0.260879185607,0.303278568725,1.0,-0.00078,-0.00102514285714,0.04
0.465076823381,0.547639901472,-0.124016157648,-1.35588527868,0.0795159466701,1.89414660399,0.159139722606,0.000913802127811,-0.00475523633214,0.00131983097817,-0.00198036228552,0.000171728092205,0.00484011527281,0.000900133224671,0.573813696036,0.818971504251,0.00206503450228,0.0,0.818929858829,-0.573754658356,-0.0118416736462,0.0,-0.0085133340216,0.0084861963212,-0.999927751198,0.0,0.661682667347,0.260877947623,0.303294529582,1.0,-0.00108,-0.00141942857143,0.055
0.465068698668,0.547502024927,-0.124019145913,-1.35605613059,0.0795164241273,1.89418099091,0.15912515474,-0.000794187202013,-0.00454564329357,0.000453667107948,-0.0141878113275,-1.09549657124e-05,-0.000109872996674,0.000270500628075,0.573819957991,0.818967095918,0.00207328651039,0.0,0.818925438228,-0.573760767145,-0.0118513969905,0.0,-0.00851649768616,0.0084985988117,-0.999927618923,0.0,0.661656778493,0.260854784391,0.303313965977,1.0,-0.00144,-0.00189257142857,0.073
0.465056637279,0.547373753276,-0.124016907204,-1.35623715176,0.07951377956,1.89424371939,0.15912900168,-7.36826683489e-05,-0.00773236594611,0.000639386320534,-0.0129655542155,-0.00106896258619,0.00548743283793,0.00106903909337,0.573841793055,0.818951776255,0.00208125274786,0.0,0.818910141108,-0.573782486546,-0.0118568893547,0.0,-0.00851619818426,0.00850850144379,-0.99992753726,0.0,0.661630619481,0.260827757495,0.303319788899,1.0,-0.00176,-0.00231314285714,0.09
0.46503967477,0.54719317874,-0.12401944797,-1.35645696317,0.0795102682394,1.89435610398,0.159118119276,-0.00113304335199,-0.00509974717203,0.000126813157677,-0.00851368878479,0.00013253806727,0.00954238043085,0.000483074266438,0.573859089621,0.818939469154,0.00215360672538,0.0,0.818898736908,-0.573799454694,-0.011823340701,0.0,-0.00844702462407,0.00854868194679,-0.999927781298,0.0,0.661615944964,0.260802788934,0.303357160805,1.0,-0.0021,-0.00276,0.106
0.465025395324,0.546966431231,-0.124021944999,-1.35670824317,0.0795078731547,1.89448463314,0.159106108896,-0.00157512660034,-0.0172689193297,-0.00136988675929,-0.014924449695,-0.000454428984456,0.0107364692696,-1.76663294738e-05,0.573876246143,0.818927191281,0.00224864272518,0.0,0.818887647009,-0.573816191369,-0.0117790916153,0.0,-0.00835607168835,0.00860129223089,-0.999928094334,0.0,0.661594377144,0.260773400764,0.303409405579,1.0,-0.00246,-0.00323314285714,0.124
0.465000809714,0.546755915012,-0.124021571046,-1.35700909247,0.079501433987,1.89461008608,0.159086225959,-0.00282232084133,-0.0111464131248,-0.000215209864629,-0.0233857408619,-2.42274973213e-06,0.0119500070336,-0.000237696369123,0.573892979104,0.818915351571,0.00228962831154,0.0,0.818876218809,-0.573832640663,-0.0117722418926,0.0,-0.00832676646416,0.00863109532003,-0.999928081991,0.0,0.661560293732,0.260729397251,0.303428337848,1.0,-0.0028,-0.00368,0.141
0.464968547217,0.546508218223,-0.124017173233,-1.35737284825,0.0794969812635,1.89474515984,0.159012323554,-0.00472559020247,-0.0154050514115,4.30127111755e-06,-0.0277951414216,0.000183601137549,0.0158771586578,-0.0091408670854,0.57387702191,0.818926470847,0.00231213570841,0.0,0.818887489068,-0.573816452943,-0.0117773291206,0.0,-0.00831818521268,0.00865228414973,-0.999927970293,0.0,0.661520304768,0.260681608169,0.303440035672,1.0,-0.0031,-0.00407428571429,0.156
0.464932516838,0.546208959455,-0.124017699698,-1.35784238831,0.0794840922213,1.89490713572,0.158925452027,-0.00116046170639,-0.0178760788087,0.000433512501395,-0.0285099437515,0.000127733314539,0.0116397957916,0.000111362554798,0.573858540143,0.818939416732,0.00231398550439,0.0,0.81890030397,-0.573797805203,-0.0117948210127,0.0,-0.00833164444686,0.0086636490026,-0.999927759834,0.0,0.66146298219,0.260614566865,0.303442521932,1.0,-0.00346,-0.00454742857143,0.174
0.464879241987,0.54590438948,-0.124025114516,-1.35835034325,0.0794657989328,1.89507866792,0.158887026679,-0.00221026186384,-0.0213107256419,-0.00312895373148,-0.029332577296,-0.00498170204796,0.00371165293322,-0.00521526508267,0.573899379903,0.818910860977,0.00229138001201,0.0,0.818871356303,-0.573838625079,-0.0118186756751,0.0,-0.00836372054459,0.00865924281669,-0.99992753022,0.0,0.661405222931,0.260527412628,0.303431511791,1.0,-0.0038,-0.00499428571429,0.191
0.464829857494,0.545606848895,-0.124019314221,-1.35886227549,0.0794241841938,1.89524695635,0.15882146922,3.34955022656e-05,-0.0206953424436,-5.74183665527e-05,-0.0356510104509,-0.0022839703524,0.0184137757238,-0.00629067079552,0.573899570619,0.81891084921,0.00224739646599,0.0,0.818870801562,-0.573839016801,-0.011838076132,0.0,-0.00840484701918,0.00863436039281,-0.999927400548,0.0,0.66134292894,0.260445922665,0.303412850196,1.0,-0.0041,-0.00538857142857,0.206
0.464755407902,0.545214947487,-0.124017558607,-1.35956472154,0.0793272075551,1.89546484583,0.158731431714,-0.00378884776251,-0.0189108801336,0.00115360424271,-0.0428773290564,-0.000748994935473,0.0135141601726,-0.00240884503379,0.57389887767,0.818911626292,0.00213855892819,0.0,0.818870571003,-0.573839168712,-0.011846657669,0.0,-0.00847433997752,0.00855015112792,-0.999927537613,0.0,0.661259737577,0.260318539811,0.303374627325,1.0,-0.00446,-0.00586171428571,0.224
0.464686058188,0.54476592784,-0.124020103683,-1.3603055731,0.0793162030957,1.89569837451,0.158657562443,-0.00174853511295,-0.0241180496769,0.000453669674339,-0.0432185281409,-0.00176060395629,0.0172984138939,-0.00428279204401,0.573935165077,0.81888627577,0.00210726007275,0.0,0.818844461015,-0.573875223418,-0.0119047684836,0.0,-0.00853951159442,0.0085582482761,-0.999926913893,0.0,0.661167100144,0.260203225265,0.303360178435,1.0,-0.00482,-0.00633485714286,0.242
0.464610105046,0.544357980525,-0.12401549697,-1.360990302,0.0792924762809,1.89594815945,0.158544338747,-0.00722467608468,-0.0255529286182,0.00292033988081,-0.0456067293575,-0.00354763030793,0.0197876143514,-0.0105766038469,0.573933348669,0.81888758186,0.00209438811907,0.0,0.818845401554,-0.573873261834,-0.0119345970761,0.0,-0.00857134502367,0.00856480824439,-0.999926585357,0.0,0.661090229013,0.260092862501,0.30334448673,1.0,-0.00514,-0.00675542857143,0.258
0.464548789831,0.543864310333,-0.124026374315,-1.36178373901,0.0792588586337,1.89623504493,0.158466775239,-0.00417422726389,-0.0304489102501,0.000878506256914,-0.0437364902106,-0.000148099636117,0.0105410360129,-0.0136201495528,0.573962931257,0.818866864233,0.00208784704533,0.0,0.818824508684,-0.573902777807,-0.0119487448962,0.0,-0.00858637536009,0.00856788193487,-0.999926430072,0.0,0.660998213672,0.259972352508,0.303341385652,1.0,-0.00548,-0.00720228571429,0.275
0.464467109188,0.543352380597,-0.124026515055,-1.36262137248,0.0792133638527,1.89651419509,0.158344523707,-0.00349508795237,-0.0318492718658,-0.000838519543012,-0.0495514977909,-0.00156641696361,0.0158930929498,-0.0101652570079,0.573964187271,0.81886607606,0.00205136759309,0.0,0.818823144298,-0.573904085312,-0.0119794042376,0.0,-0.00863240570003,0.00855562100215,-0.999926138733,0.0,0.660898337122,0.259837150033,0.30332906603,1.0,-0.00582,-0.00764914285714,0.292
0.464401752053,0.542865285703,-0.124034691537,-1.3633838632,0.0791637034639,1.89678509995,0.158263053237,0.000254657380971,-0.0334870090881,-0.000458628640837,-0.0495770793511,-0.00137471418544,0.0203023739691,-0.00570154199044,0.573985094765,0.818851457487,0.00203677700481,0.0,0.818808380961,-0.573925096413,-0.0119818978752,0.0,-0.00864260349662,0.00854532539306,-0.999926138682,0.0,0.66080374572,0.259708131788,0.303331007101,1.0,-0.00614,-0.00806971428571,0.308
0.464317163755,0.542243562755,-0.124032862102,-1.36435294099,0.0791086549088,1.89713530067,0.158123552582,-0.00315653302481,-0.0342709040867,-0.000157470288344,-0.0563111239,-0.00171914050816,0.0163250986134,-0.0117375624011,0.57397875525,0.818855872275,0.00204838072463,0.0,0.818812892447,-0.573918654951,-0.0119821351464,0.0,-0.00863620409037,0.00855489627077,-0.999926112135,0.0,0.6606986801,0.259568604771,0.303343160282,1.0,-0.00648,-0.00851657142857,0.325
0.464241643569,0.541622596715,-0.124038481112,-1.36530964432,0.0790518115837,1.89748629009,0.157999805039,-0.00712783550509,-0.0396637044915,-0.000393024430525,-0.0594039410998,-0.00181118687193,0.0223107769665,-0.00265858154852,0.573981146891,0.818854165496,0.00206047670589,0.0,0.81881135141,-0.573921003612,-0.0119749453128,0.0,-0.00862334901821,0.0085606993807,-0.999926173414,0.0,0.660588451524,0.259424663179,0.303357473408,1.0,-0.00682,-0.00896342857143,0.342
0.464164800853,0.541007806417,-0.124036085033,-1.36625939022,0.0790027525516,1.8978317085,0.157886473941,-0.00403640243533,-0.0449976972209,-0.0004773714804,-0.0568314982756,-0.00433201848906,0.0188664857922,-0.00625948068004,0.573989146748,0.818848522478,0.00207450025092,0.0,0.818805788263,-0.573928841534,-0.0119796854329,0.0,-0.00861909813504,0.00857498732822,-0.999926087638,0.0,0.66047646783,0.25928612633,0.30336991327,1.0,-0.00714,-0.009384,0.358
0.46407620114,0.540299124362,-0.124041750212,-1.36732878871,0.078928856019,1.89822001477,0.157730720379,-0.0064935706656,-0.045244429456,-0.000226944866869,-0.0649446584923,0.000142396106518,0.0228730932158,-0.0128221500615,0.573977566582,0.818856594571,0.00209224505374,0.0,0.818814185849,-0.573917282822,-0.011959449501,0.0,-0.00859246392669,0.0085777808014,-0.999926292904,0.0,0.660353990175,0.259121084797,0.303395617964,1.0,-0.00748,-0.00983085714286,0.375
0.463979450455,0.539597682664,-0.124039273883,-1.36839727429,0.0788691222117,1.89862462094,0.157608593949,-0.00771494629938,-0.046333975789,0.000732795546997,-0.0687495220782,-0.000398150625761,0.029497340657,-0.00452915202681,0.573998273172,0.818841990401,0.00212698218905,0.0,0.81879998649,-0.573937795464,-0.0119472157502,0.0,-0.00856229130674,0.00859941976299,-0.999926365863,0.0,0.660234043762,0.258958798627,0.303417704934,1.0,-0.0078,-0.0102514285714,0.391
0.46387410244,0.538850272843,-0.124040101573,-1.36955932495,0.0787942934296,1.89905862297,0.157469230821,-0.00399964864346,-0.0425554024495,-0.000475642878737,-0.0722002309047,-0.0025905422002,0.0216156575484,-0.0140614794704,0.574015255321,0.818830051775,0.00214006311858,0.0,0.81878826045,-0.573954764217,-0.011935664363,0.0,-0.00854514576623,0.00860367763232,-0.999926475905,0.0,0.660103137689,0.25877798332,0.303430259849,1.0,-0.00814,-0.0106982857143,0.408
0.463761348222,0.538070956927,-0.124048167751,-1.37075369466,0.0787419131292,1.89952913106,0.157321835811,-0.0101842357779,-0.0428172137404,0.000276536857339,-0.0758804643877,-0.00352936849745,0.0183966581417,-0.0120780180272,0.574044684055,0.818809275702,0.00219491091535,0.0,0.818768095281,-0.573983861417,-0.0119197266452,0.0,-0.00850030295541,0.00863974508739,-0.99992654713,0.0,0.659974961554,0.258590774285,0.303453288505,1.0,-0.00848,-0.0111451428571,0.425
0.463650710944,0.537223443011,-0.124052157644,-1.37208821224,0.0786646765831,1.90003527349,0.15716836775,-0.00499370333401,-0.048030025404,-0.000125448729974,-0.0763711838247,-0.0101680549099,0.0246796440477,-0.00389165689095,0.574070161804,0.818791389591,0.00220375997935,0.0,0.818750305108,-0.574009280561,-0.01191765987,0.0,-0.00849326212697,0.00864606854899,-0.999926552301,0.0,0.659831293168,0.258398839056,0.303456247043,1.0,-0.00882,-0.011592,0.442
0.463545385974,0.536470664704,-0.124059894219,-1.3732448661,0.0785889421558,1.90046472336,0.157022232916,-0.0058124908775,-0.0487180871341,0.00057910269343,-0.0767013607004,-0.00131741733677,0.0279566346668,-0.0131217373175,0.574080820471,0.81878385311,0.0022271854108,0.0,0.818743170171,-0.574019942283,-0.011894286931,0.0,-0.00846056413448,0.00865194142076,-0.999926778701,0.0,0.659693290542,0.258205491637,0.303478893013,1.0,-0.00914,-0.0120125714286,0.458
0.463420746701,0.535563892118,-0.124066655802,-1.37469584789,0.0785072661711,1.90099318044,0.156853351524,-0.00376200305227,-0.0478277621514,-0.000784450407199,-0.0839795609559,-0.00856318671724,0.0287272872772,-0.00906780067951,0.574107224248,0.818765374259,0.00221447103465,0.0,0.818724475463,-0.574046342288,-0.0119070182614,0.0,-0.00847800849345,0.00864911336161,-0.999926655415,0.0,0.659524045066,0.257981656391,0.303474265618,1.0,-0.0095,-0.0124857142857,0.476
0.463296239289,0.534657427739,-0.124069855547,-1.37614265396,0.0784285386756,1.90150980934,0.156669268014,-0.0136211875559,-0.0517758807196,-0.00124324026338,-0.0821015930436,-0.00264450232567,0.0305176649839,-0.00993393272672,0.574118916876,0.818757219651,0.00219805712488,0.0,0.818715998368,-0.574057988952,-0.0119283795433,0.0,-0.0085047983608,0.00864805937887,-0.999926437031,0.0,0.659352019401,0.257760164766,0.303470085901,1.0,-0.00984,-0.0129325714286,0.493
0.463185686305,0.533799653644,-0.124070807985,-1.37753482657,0.0783477500338,1.90201835591,0.156501213011,-0.00710584231942,-0.0548908619707,0.000523420180501,-0.087974150044,-0.00973064820732,0.0351154050587,-0.013257190055,0.574127134903,0.818751514794,0.00217644012548,0.0,0.818709954788,-0.574066235982,-0.0119462771131,0.0,-0.00853177595496,0.00864072140911,-0.999926270648,0.0,0.659185453089,0.2575541614,0.303456613587,1.0,-0.01016,-0.0133531428571,0.509
0.463055072879,0.532873951837,-0.124076248143,-1.37902032624,0.0782683530914,1.90258141338,0.156315617819,-0.00559015718541,-0.0540525337228,-0.00162454061736,-0.0924087232748,-0.00571679925348,0.0307843005393,-0.0109872074139,0.574146058696,0.818738230289,0.00218184518848,0.0,0.818696672289,-0.574085065961,-0.0119516829283,0.0,-0.0085328992755,0.00864844755274,-0.999926194269,0.0,0.659015595013,0.257326072442,0.303451335118,1.0,-0.0105,-0.0138,0.526
0.462912560334,0.531903994274,-0.124068452814,-1.38057958206,0.0781825623951,1.90315399766,0.15611851708,-0.0058602548536,-0.0616847252055,-0.000169163602486,-0.0903575821655,-0.00696639174906,0.0284771371845,-0.0145677542465,0.574153881149,0.818732766596,0.00217360644605,0.0,0.818690975414,-0.57409279386,-0.011970702371,0.0,-0.00855311914697,0.00865270379922,-0.999925984696,0.0,0.65882025477,0.257076097524,0.303444601176,1.0,-0.01086,-0.0142731428571,0.544
0.462790406771,0.530958124161,-0.124071238212,-1.38210002484,0.078086792801,1.90369824611,0.155925687217,-0.010193765828,-0.0610308008388,-0.000927133361187,-0.0944356613021,-0.00675436107529,0.0286050396387,-0.0135264028118,0.574159139642,0.818729156889,0.00214404446757,0.0,0.818686956593,-0.574098150103,-0.0119886635635,0.0,-0.00858474173186,0.008638868322,-0.999925833331,0.0,0.658647688029,0.25686059746,0.303432505355,1.0,-0.01116,-0.0146674285714,0.559
0.462641199045,0.529884712608,-0.124077272771,-1.3838420535,0.0779818052899,1.90431420512,0.155695381636,-0.00830392634852,-0.0545861517396,-0.000774176414072,-0.093443266549,-0.00948887363855,0.031863630948,-0.016542908773,0.574163395797,0.818726292294,0.00209764975181,0.0,0.818683437862,-0.57410255083,-0.012018177963,0.0,-0.00863549847064,0.00861787490158,-0.99992557743,0.0,0.65843744321,0.256590957387,0.303413176836,1.0,-0.01152,-0.0151405714286,0.577
0.462502470149,0.528822709115,-0.124074425722,-1.38550343175,0.0778782159129,1.9049437852,0.155460922297,-0.00752775835644,-0.0567713245684,0.000124154698995,-0.0969822036799,-0.00384106746745,0.0439025789247,-0.0141521830394,0.574145400424,0.818738850518,0.00212149142542,0.0,0.818696318264,-0.574084468722,-0.0120045047517,0.0,-0.00861080492828,0.0086293545486,-0.999925691378,0.0,0.65824318457,0.256343971519,0.303424814131,1.0,-0.01186,-0.0155874285714,0.594
0.462380029436,0.527779794,-0.124077619098,-1.38712863602,0.0777718432167,1.90556194005,0.155247302744,-0.00798472411697,-0.0654647312401,0.000295879288094,-0.0991676033199,-0.00978865117601,0.0315519001237,-0.0180011496501,0.574132471668,0.818747853332,0.00214581986745,0.0,0.818705728179,-0.574071530464,-0.0119814631369,0.0,-0.00857810828284,0.00863590833008,-0.999925915829,0.0,0.658051495582,0.256107041684,0.303439173465,1.0,-0.01218,-0.016008,0.61
0.462218063139,0.526558243923,-0.124077700979,-1.3890115263,0.0776542925664,1.90627915807,0.15498636819,-0.00955162590423,-0.0654392858199,-0.000608768590868,-0.108272204995,-0.00830734356592,0.0411876267605,-0.00920180768967,0.574121689089,0.818755295396,0.00219072583139,0.0,0.818713794158,-0.574060603304,-0.0119538233161,0.0,-0.00852981097315,0.00865669335887,-0.999926149265,0.0,0.657833415656,0.255822607887,0.303464818696,1.0,-0.01254,-0.0164811428571,0.628
0.46207172138,0.525458033307,-0.124085010162,-1.39073735132,0.0775419524835,1.90689969222,0.154756981222,-0.00900724078549,-0.074680641364,-0.00169761652906,-0.107341434871,-0.00799672254276,0.0445509031914,-0.00703112207738,0.574121495626,0.818755457891,0.00218067302288,0.0,0.818713877608,-0.574060503688,-0.0119528916847,0.0,-0.00853482137232,0.00864792581682,-0.999926182377,0.0,0.657626461187,0.255555645891,0.303471392486,1.0,-0.01286,-0.0169017142857,0.644
0.461927599475,0.524343906973,-0.12408903336,-1.39249631367,0.0774319334888,1.90752781765,0.154512432152,-0.00410129253964,-0.06738452751,-0.00154549808675,-0.112392325692,-0.000367943700896,0.0389099915422,-0.0103329387559,0.57410693996,0.818765708373,0.00216406666524,0.0,0.818723897606,-0.574046003784,-0.0119629398498,0.0,-0.00855273576589,0.00863994623067,-0.999926098289,0.0,0.657411632947,0.255289229518,0.303472271037,1.0,-0.01318,-0.0173222857143,0.66
0.46175555949,0.523072436,-0.124092676499,-1.39450146993,0.077312940145,1.90828301252,0.154240793966,-0.00864778110242,-0.0708642560899,5.23770820854e-05,-0.11649892746,-0.0131710316483,0.0482798927854,-0.014938158206,0.574103632236,0.818767980831,0.00218172423033,0.0,0.818726381118,-0.57404260468,-0.0119560768732,0.0,-0.00853701462428,0.00865042889148,-0.999926142003,0.0,0.657175355214,0.254984700634,0.30347730203,1.0,-0.01354,-0.0177954285714,0.678
0.46159983191,0.521902967632,-0.124095280825,-1.39633386894,0.077201419176,1.90899646515,0.153999776194,-0.01580242215,-0.0708057358084,-0.000875750332194,-0.116275919195,-0.00470166349869,0.0407348760936,-0.0140730258775,0.57410391202,0.818767676607,0.0022219019899,0.0,0.818726640508,-0.574042761653,-0.0119307509537,0.0,-0.00849321000478,0.00866878804864,-0.999926356037,0.0,0.656963291544,0.254709066684,0.30348887202,1.0,-0.01386,-0.018216,0.694
0.461451411222,0.520738935418,-0.124098240001,-1.39823696352,0.0770792903584,1.90971923502,0.153739401326,-0.00706646712023,-0.0717071923977,0.000734584756718,-0.116845191182,-0.00645480142112,0.0459203937965,-0.0249245210044,0.574083218995,0.818782241887,0.00220112242718,0.0,0.818740992481,-0.574022213928,-0.01193448993,0.0,-0.00850841906534,0.00865370616734,-0.999926357376,0.0,0.656734465229,0.254428540092,0.30346352059,1.0,-0.01418,-0.0186365714286,0.71
0.461263700488,0.519344894548,-0.124102498478,-1.40039519086,0.0769439871122,1.91049699059,0.153449274688,-0.0134779281758,-0.0794769382294,-0.000105970963161,-0.121275474839,-0.00627924828053,0.0464449986869,-0.0124461940149,0.574080622049,0.818784038091,0.00221026162776,0.0,0.818742902811,-0.574019575228,-0.0119303500232,0.0,-0.00849981037478,0.00865878549209,-0.999926386619,0.0,0.656472741881,0.254095874056,0.303482640829,1.0,-0.01454,-0.0191097142857,0.728
0.461079376271,0.517910036962,-0.124108282458,-1.40262093629,0.0767935186945,1.91129172097,0.153150768218,-0.0128137982412,-0.0792518798799,9.47550248733e-07,-0.126617319187,-0.0135303125586,0.0467651115775,-0.0148170104261,0.574068482493,0.818792563709,0.00220497725917,0.0,0.818751444358,-0.574007544907,-0.0119229884466,0.0,-0.00849694428668,0.00865010674141,-0.999926486093,0.0,0.656198992534,0.253755852201,0.303499324689,1.0,-0.0149,-0.0195828571429,0.746
0.460924668022,0.516726146105,-0.124111471635,-1.4045029336,0.07667666798,1.91196950479,0.152886226183,-0.00736353820567,-0.0755159995654,-0.00158023132814,-0.123204589818,-0.00580612938761,0.0443095260201,-0.0214076171315,0.574048828862,0.81880639444,0.00218572810122,0.0,0.818764995516,-0.573987942547,-0.0119361144833,0.0,-0.00851894930408,0.00864167657836,-0.999926371754,0.0,0.655965992414,0.253471801374,0.303492972512,1.0,-0.0152,-0.0199771428571,0.761
0.460734354696,0.515355646911,-0.124117779574,-1.40668665311,0.0765419989651,1.91280585707,0.152584614156,-0.00910222241049,-0.0810810698041,-0.000590596612438,-0.131686954675,-0.0102501948781,0.0502029593789,-0.0216643225718,0.574041381389,0.81881157551,0.0022007192858,0.0,0.818770416505,-0.573980480524,-0.0119230841451,0.0,-0.00849975304719,0.00864639400917,-0.999926494333,0.0,0.655708043781,0.253137097835,0.303487392552,1.0,-0.01554,-0.020424,0.778
0.46053519118,0.513885913304,-0.124120278627,-1.40906222003,0.0763927705098,1.91364292908,0.152266568848,-0.00884301330476,-0.0834670276111,-0.00131150192423,-0.133074682339,-0.00591479732714,0.0503903551301,-0.0215636436302,0.574030356003,0.818819467839,0.00213924675646,0.0,0.818777444657,-0.573969643718,-0.0119620697126,0.0,-0.0085670778005,0.00861832405786,-0.999926162108,0.0,0.65540854529,0.252775197968,0.303459570196,1.0,-0.0159,-0.0208971428571,0.796
0.460374543223,0.512646365928,-0.124123225012,-1.41107363578,0.0762842996864,1.91433374177,0.151981874203,-0.0075499816735,-0.0796391806406,-0.00067715226968,-0.132025898644,-0.005606786863,0.042253117589,-0.0212771045404,0.574007038022,0.818835971044,0.00207839528445,0.0,0.81879291146,-0.573946340024,-0.012021389935,0.0,-0.00865082568932,0.00860230337664,-0.999925579027,0.0,0.655147678606,0.252475176241,0.303430717658,1.0,-0.0162,-0.0212914285714,0.811
0.460164338255,0.511126732798,-0.124127107235,-1.41351106136,0.0761301582614,1.91525576322,0.151639928857,-0.00612087709035,-0.0859745760272,-0.0007437735412,-0.135969577972,-0.00382295578297,0.0511617971583,-0.026874723,0.573988018936,0.818849309476,0.00207590698196,0.0,0.818806261293,-0.573927377474,-0.0120174354457,0.0,-0.00864921539058,0.00859779513309,-0.999925631731,0.0,0.654853291376,0.252103589121,0.303414901556,1.0,-0.01656,-0.0217645714286,0.829
0.459959901545,0.509652603488,-0.124126290644,-1.4158591036,0.0759814019987,1.91614662037,0.151318286449,-0.0128419315754,-0.0900021776476,-0.0021136354556,-0.143006137093,-0.011886643245,0.0508893678116,-0.0115524032906,0.57397389959,0.818859182125,0.0020855069818,0.0,0.818816287549,-0.573913247627,-0.0120090941964,0.0,-0.00863702325631,0.00860071930144,-0.999925711969,0.0,0.654568997694,0.251747365224,0.303406397904,1.0,-0.0169,-0.0222114285714,0.846
0.459764495525,0.508249235231,-0.124128063698,-1.41808929199,0.075840805767,1.91693956248,0.150997069205,-0.0120244795394,-0.0854646094383,0.000304940417117,-0.133622485846,-0.00778445123876,0.0514934095492,-0.0185757650298,0.573949886875,0.81887609117,0.00205464557613,0.0,0.818832742612,-0.573889317618,-0.0120306962521,0.0,-0.00867267734926,0.0085875931629,-0.999925516182,0.0,0.654288374584,0.251403417109,0.303395582524,1.0,-0.01722,-0.022632,0.862
0.459551330406,0.506716985337,-0.124130944225,-1.42048921718,0.0756941781698,1.91781860321,0.150679223873,-0.017502820989,-0.0901201089897,8.61699481996e-05,-0.136095117261,-0.0086293631251,0.0543998053908,-0.0191097721679,0.573950937994,0.818875331809,0.00206364514347,0.0,0.818832054016,-0.573890284077,-0.0120314612336,0.0,-0.00866812780053,0.00859541274039,-0.999925488444,0.0,0.653991860843,0.251033664136,0.303401117926,1.0,-0.01756,-0.0230788571429,0.879
0.459336061653,0.505115413895,-0.124139804574,-1.42294188631,0.0755354917812,1.9187542119,0.150343012059,-0.00854985427491,-0.0938856081679,-0.00035497556838,-0.145659840153,-0.00847619560088,0.0591613889012,-0.0150578270254,0.573942067785,0.81888138403,0.00212805489827,0.0,0.818839069679,-0.573881267049,-0.0119839975881,0.0,-0.00859238711987,0.00862082082668,-0.999925923422,0.0,0.65369735829,0.250655635585,0.303434476339,1.0,-0.0179,-0.0235257142857,0.896
0.459125419353,0.503538910689,-0.124138351662,-1.42527736379,0.0753898701804,1.91964534874,0.150019516997,-0.011379827872,-0.0939337960854,0.000893123433317,-0.142250609073,-0.00649214874752,0.0578863746203,-0.0207619455843,0.5739294717,0.818889913345,0.00224014209205,0.0,0.818849092773,-0.573868247193,-0.0119224590605,0.0,-0.00847779827496,0.00867715601185,-0.999926414243,0.0,0.653416256216,0.25029939771,0.303501261115,1.0,-0.01822,-0.0239462857143,0.912
0.458888999438,0.501848214702,-0.124146551374,-1.42778281843,0.0752324424083,1.92057200775,0.149667280073,-0.0119297994519,-0.0981308699917,-3.33616365222e-06,-0.152085307945,-0.00714081626427,0.051947536178,-0.0265454344936,0.573926254069,0.818891907797,0.00233348149975,0.0,0.818852348142,-0.57386470645,-0.0118691842814,0.0,-0.00838063763757,0.0087229812233,-0.999926834579,0.0,0.653112623909,0.249902649241,0.3035696426,1.0,-0.01856,-0.0243931428571,0.929
0.45863903792,0.500041246152,-0.124144710422,-1.43051837951,0.0750464588105,1.92153337946,0.149286005066,-0.0139690547211,-0.0972338806494,0.000151340599463,-0.154347927215,-0.0164404192938,0.0500704426436,-0.0186979222448,0.573906195393,0.818905903078,0.00235535444113,0.0,0.818866662027,-0.573844600464,-0.0118537437343,0.0,-0.00835565416161,0.00873182631152,-0.999926966459,0.0,0.652765004578,0.24947515892,0.303611664162,1.0,-0.01892,-0.0248662857143,0.947
0.458418597484,0.498548772081,-0.124149827513,-1.43282695297,0.0749058420718,1.92240413934,0.148950645595,-0.0141898118375,-0.0898561216477,-0.00108696222309,-0.150224743663,-0.00752572820029,0.0602676259032,-0.0227321120875,0.573895403486,0.818913333886,0.00240090475821,0.0,0.818874682697,-0.573833631354,-0.011830657875,0.0,-0.00831072359371,0.00875576887242,-0.999927131537,0.0,0.652484674389,0.249110494232,0.30362938131,1.0,-0.01922,-0.0252605714286,0.962
0.458143823084,0.49678340407,-0.124150411505,-1.43565589486,0.0747348899233,1.92342100519,0.14853693821,-0.0200930852914,-0.0932257660723,-0.000520757950667,-0.154919941601,-0.0103668057297,0.0528419943162,-0.0179463562226,0.573879303344,0.818924727311,0.00236285693616,0.0,0.81888544471,-0.573817537135,-0.0118663145399,0.0,-0.00836193064418,0.008744909841,-0.999926799655,0.0,0.65212796684,0.248660140985,0.30360172075,1.0,-0.01958,-0.0257337142857,0.98
0.457877075556,0.495113639526,-0.124147933149,-1.43837946456,0.0745657487497,1.92436017088,0.1481442824,-0.0131274415009,-0.096047916897,0.000136243715233,-0.159434886077,-0.0100146423232,0.0656110794757,-0.02256799682,0.573865968134,0.818934345073,0.00226626967866,0.0,0.818893625526,-0.573804400928,-0.0119367687798,0.0,-0.00847519758149,0.00870610678533,-0.999926184641,0.0,0.651774558744,0.248223317799,0.303550135599,1.0,-0.01992,-0.0261805714286,0.997
0.457605778979,0.493409131743,-0.12417994385,-1.44109407884,0.0743938716775,1.92533247157,0.147759644299,-0.0141894330201,-0.119973815539,-0.00438254785732,-0.18314086078,-0.0177890482992,0.0677535714316,-0.027215451081,0.573886142255,0.818920321607,0.00222474439841,0.0,0.818879133994,-0.573824815521,-0.0119495565599,0.0,-0.0085092849872,0.00867964879229,-0.999926125154,0.0,0.65143858722,0.247766722402,0.30353022723,1.0,-0.0261514285714,-0.0343704489796,1.013
0.457276955826,0.490719614557,-0.124252488006,-1.44523938292,0.0741676416923,1.92689573712,0.147152011005,-0.02012962481,-0.163140687016,-0.00112462786096,-0.260043976974,-0.0213111405574,0.103848966643,-0.0381831322604,0.573857338544,0.818940254143,0.0023156089057,0.0,0.8189002857,-0.573795687084,-0.0118986749788,0.0,-0.00841577953785,0.00872456272483,-0.999926525631,0.0,0.650923322114,0.247123516468,0.303566243659,1.0,-0.0354085714286,-0.0465369795918,1.031
0.456793298737,0.487500525433,-0.124272017685,-1.45041927789,0.0738847771472,1.92880241613,0.146392113983,-0.0329994413132,-0.212275498181,-0.00305452733246,-0.328427296563,-0.019223992013,0.128223251361,-0.0404711816388,0.573827461109,0.818961278471,0.00228388783888,0.0,0.818920502169,-0.573765533055,-0.0119612335042,0.0,-0.00848553433223,0.0087341749893,-0.999925852198,0.0,0.650264232703,0.24630955436,0.303504547897,1.0,-0.0441514285714,-0.0580275918367,1.048
0.456259163717,0.483986673467,-0.124353967705,-1.45588416288,0.0735507091454,1.93084860392,0.145557742824,-0.0424875073476,-0.24328529214,-0.00773895556112,-0.381918341291,-0.0263802503294,0.1392087373,-0.0633636333116,0.573820744472,0.818965801708,0.00234856265354,0.0,0.818926116827,-0.573758816067,-0.0118988682441,0.0,-0.00839741931976,0.00875128521757,-0.999926446473,0.0,0.649595302241,0.245397988588,0.303523051774,1.0,-0.0518657142857,-0.0681663673469,1.063
0.455626502982,0.479909633763,-0.124460906214,-1.46233468599,0.0731617169554,1.93307657043,0.144578566771,-0.0426364970068,-0.289008468531,-0.0101261803245,-0.449962171938,-0.0267420318,0.149947322446,-0.0624655359202,0.573824580925,0.818963487643,0.00221430228025,0.0,0.818922007535,-0.573763145368,-0.0119726978593,0.0,-0.00853488167719,0.00868373638914,-0.999925871511,0.0,0.648762047329,0.244303024912,0.303476542522,1.0,-0.05958,-0.0783051428571,1.078
0.454602969019,0.473552603623,-0.124595152597,-1.47223305685,0.072559809988,1.93662612329,0.143144285426,-0.0511188245256,-0.334472285335,-0.00484841016085,-0.52170292335,-0.0327163434765,0.181983492338,-0.0713800458422,0.573901733569,0.818909445502,0.00220616740611,0.0,0.818867912437,-0.573840375618,-0.0119713070718,0.0,-0.00853759287827,0.00867708064064,-0.999925906145,0.0,0.647504405972,0.242616939154,0.303477480652,1.0,-0.0698657142857,-0.0918235102041,1.098
0.453647823715,0.467731732922,-0.124669559772,-1.48105605307,0.072038897133,1.93991317414,0.141771302094,-0.0619502662542,-0.381240344938,-0.00268558443003,-0.574458773323,-0.0386708646009,0.219727268255,-0.0934623434889,0.57389476139,0.81891362678,0.00245390000257,0.0,0.818875246362,-0.573832343213,-0.0118540996697,0.0,-0.00829951635568,0.00881261334072,-0.999926725253,0.0,0.646397054532,0.2411272976,0.303585779193,1.0,-0.0780942857143,-0.102638204082,1.114
0.452476338974,0.460937311595,-0.124698339526,-1.49155697136,0.0713700273363,1.94363489461,0.140102163329,-0.0705096395556,-0.413872903335,-0.00461573828566,-0.643012007862,-0.0417453014507,0.222235403286,-0.103239102325,0.573819582636,0.818966265997,0.00246751767446,0.0,0.818927754847,-0.573756794377,-0.011883608396,0.0,-0.00831667948554,0.00883993611537,-0.999926341473,0.0,0.645016963854,0.239348155092,0.303594425364,1.0,-0.0868371428571,-0.114128816327,1.131
0.451242532505,0.453924753148,-0.124819763566,-1.5025291044,0.0706518090508,1.94731172821,0.138443323518,-0.0768004039164,-0.450907949266,-0.00641273614986,-0.697308327429,-0.0375756196381,0.237086525136,-0.113030755865,0.573870110681,0.818931602689,0.00220750677353,0.0,0.818889499407,-0.573808154472,-0.0120389585489,0.0,-0.00859256366494,0.00871667041458,-0.999925090948,0.0,0.643532455664,0.237414745796,0.303516869938,1.0,-0.0950657142857,-0.124943510204,1.147
0.449826694237,0.445645642946,-0.12492095007,-1.51476161656,0.0698068506745,1.95189226274,0.136522521484,-0.0853475779759,-0.492828479863,-0.0044765676803,-0.738331204346,-0.0460472392708,0.264822743571,-0.115816701439,0.573854163573,0.818941333409,0.00269040618885,0.0,0.818906441811,-0.573791332756,-0.0116830182962,0.0,-0.00802412931836,0.00890771115257,-0.999928130433,0.0,0.641965198691,0.235287599473,0.303771131955,1.0,-0.103808571429,-0.136434122449,1.164
0.448227873917,0.436902350828,-0.124956145223,-1.52819254267,0.0689295042991,1.95647083978,0.134380806155,-0.0967849589354,-0.52396164449,-0.0036980420356,-0.786654486385,-0.0523369046563,0.276900920867,-0.12488726591,0.573790524362,0.818986197289,0.00260570593516,0.0,0.818949558368,-0.573727295684,-0.0118049962724,0.0,-0.00817332174839,0.00890770822705,-0.999926922103,0.0,0.640105219049,0.232948863158,0.303754773375,1.0,-0.112551428571,-0.147924734694,1.181
0.446366138408,0.426905564879,-0.125029829707,-1.54320749422,0.0678832930551,1.96184891357,0.131918317464,-0.104976418631,-0.55405030461,-0.00185282110365,-0.87338866448,-0.0639912397857,0.299854170868,-0.139368072589,0.573714335196,0.819038680341,0.00287203705113,0.0,0.819005898549,-0.573650622129,-0.0116210487765,0.0,-0.00787069414817,0.00901955121312,-0.999928347368,0.0,0.638073677112,0.230283240656,0.303888311371,1.0,-0.121808571429,-0.160091265306,1.199
0.444517257371,0.417494379058,-0.125104170505,-1.55746145826,0.0668759692862,1.96670393755,0.129564153247,-0.114562671401,-0.611886813777,-0.00632062042949,-0.891498803348,-0.0711561897094,0.321316114681,-0.137278636019,0.57367660576,0.819065177116,0.0028521116525,0.0,0.819032123482,-0.573612949122,-0.0116323774409,0.0,-0.00789181905471,0.00900936732864,-0.999928272674,0.0,0.636075407185,0.227687452094,0.303917855363,1.0,-0.130037142857,-0.170905959184,1.215
0.442398680189,0.406950255244,-0.125207530431,-1.57342387649,0.0657706677968,1.97225595523,0.126896832489,-0.128909504596,-0.623890232497,-0.00753311023808,-0.963087546216,-0.061297177223,0.319030494934,-0.160535702814,0.573652918214,0.819081460899,0.00293883253013,0.0,0.819049517052,-0.573588959507,-0.0115905586335,0.0,-0.00780808013481,0.00905618150792,-0.999928507175,0.0,0.633831454728,0.224758998835,0.303939221547,1.0,-0.13878,-0.182396571429,1.232
0.440028621147,0.395720516779,-0.125326858506,-1.59016874955,0.0646292675881,1.97795774698,0.124065895781,-0.138547546637,-0.670843688975,-0.00721725434596,-0.990255248354,-0.0639579242013,0.342000897243,-0.161933225252,0.573714154602,0.819038001363,0.00309322369435,0.0,0.819007729306,-0.573649303219,-0.0115569526379,0.0,-0.00769130585492,0.00916393786079,-0.999928430467,0.0,0.631442059521,0.221596836142,0.304034350252,1.0,-0.147522857143,-0.193887183673,1.249
0.437627482664,0.384840986516,-0.125439935864,-1.60676059545,0.0633486056822,1.98347513937,0.121174417973,-0.158332570642,-0.69154524146,-0.0113370942123,-1.0537140576,-0.0798480670696,0.334101701841,-0.190220313761,0.573672449946,0.819068091691,0.00285100829145,0.0,0.819035035404,-0.57360881087,-0.0116314132339,0.0,-0.00789170790517,0.00900787043258,-0.999928287037,0.0,0.629008173606,0.218413488015,0.303921838172,1.0,-0.155751428571,-0.204701877551,1.265
0.434862912155,0.372574083584,-0.125568385853,-1.62489381984,0.0620160912512,1.98953841426,0.117895126701,-0.163698051141,-0.725287686527,-0.00584000383861,-1.08171336485,-0.0732811194833,0.352907030574,-0.19299664545,0.573644423028,0.819087247987,0.00298379205444,0.0,0.819055922923,-0.573580361377,-0.011563350203,0.0,-0.00776009757634,0.00907731867693,-0.999928689043,0.0,0.626335372367,0.214877185467,0.30401662852,1.0,-0.164494285714,-0.216192489796,1.282
0.431815849191,0.359840676853,-0.125739384056,-1.64372221773,0.0605416131865,1.99580142344,0.114559359437,-0.180172477798,-0.761748396466,-0.00648968361453,-1.1345743175,-0.09256891929,0.37361173858,-0.203736977101,0.57378672508,0.818987357083,0.00304137477636,0.0,0.818957429509,-0.573723233164,-0.0114510820854,0.0,-0.00763353105204,0.00906140981764,-0.999929807564,0.0,0.623538257894,0.211077489922,0.304070323456,1.0,-0.173237142857,-0.227683102041,1.299
0.428510909398,0.346688067806,-0.125908070692,-1.6632611943,0.0590887149464,2.00205689912,0.110856900705,-0.198497642816,-0.786013492651,-0.0117002668728,-1.15056497399,-0.0870977608599,0.386229063154,-0.228795402861,0.573842716248,0.818948590776,0.00291368760681,0.0,0.818916441664,-0.573778955178,-0.0115896103825,0.0,-0.00781963301181,0.00903685417669,-0.999928591754,0.0,0.620538999371,0.207071177903,0.304021260449,1.0,-0.18198,-0.239173714286,1.316
0.425024130518,0.332995723705,-0.126035844699,-1.68334930915,0.0575243201388,2.00858841598,0.107062148159,-0.207874284902,-0.825093307752,-0.00116396677134,-1.20691500643,-0.0953284211159,0.374678534905,-0.228434774548,0.573891261834,0.818914316241,0.00298481942264,0.0,0.818883029934,-0.573827194622,-0.0115620456866,0.0,-0.00775570350333,0.00907974977438,-0.999928701062,0.0,0.61741766361,0.202949223213,0.30404225739,1.0,-0.190722857143,-0.250664326531,1.333
0.421353561284,0.318758789677,-0.126121535627,-1.70393341069,0.0557972036081,2.01518676665,0.103007203263,-0.221763719377,-0.844672172091,-0.00359668692028,-1.22131074625,-0.103955048734,0.382433724338,-0.231865761788,0.573769847246,0.818998922894,0.00311023969956,0.0,0.818969801887,-0.573706050134,-0.0114270966597,0.0,-0.00757456235688,0.00910389117357,-0.999929870126,0.0,0.61414317854,0.1987016199,0.304136727889,1.0,-0.199465714286,-0.262154938775,1.35
0.417653687882,0.304963632232,-0.126207937919,-1.72382198137,0.0541565737568,2.02143433184,0.0989179258669,-0.230456636613,-0.895088380943,-0.00398700689448,-1.25140079359,-0.105301828109,0.396886364206,-0.255498593331,0.57361536442,0.819106814806,0.00319163607272,0.0,0.819078711053,-0.573551306169,-0.0113890821463,0.0,-0.0074984521305,0.00914732978078,-0.99993004734,0.0,0.610908702715,0.194530337973,0.30419182252,1.0,-0.207694285714,-0.272969632653,1.366
0.413365592993,0.289869796977,-0.126361901974,-1.74553710902,0.0523549684793,2.02806407225,0.0944641087847,-0.254087583654,-0.916475302038,-0.0118768581909,-1.27177399698,-0.111370791789,0.406103847023,-0.265893706743,0.57366252727,0.819073926198,0.00315517515974,0.0,0.819045058389,-0.573598214658,-0.0114467188083,0.0,-0.00756605174778,0.0091509604478,-0.999929504907,0.0,0.607313042305,0.189815835958,0.304199421251,1.0,-0.216437142857,-0.284460244898,1.383
0.408805552336,0.274448044253,-0.126504852017,-1.76767699272,0.0504937636895,2.03467721585,0.0897340706158,-0.27680074518,-0.920275988729,-0.00436604788563,-1.30167730395,-0.105441194104,0.393380453811,-0.28886780688,0.573647619495,0.819084815018,0.00303666842403,0.0,0.819053789928,-0.573582934253,-0.0115867872595,0.0,-0.00774892950501,0.00913410357028,-0.999928258548,0.0,0.603558692578,0.184936968418,0.304152406012,1.0,-0.22518,-0.295950857143,1.4
