position_joint1,position_joint2,position_joint3,position_joint4,position_joint5,position_joint6,position_joint7,velocity_joint1,velocity_joint2,velocity_joint3,velocity_joint4,velocity_joint5,velocity_joint6,velocity_joint7,ee_T_00,ee_T_10,ee_T_20,ee_T_30,ee_T_01,ee_T_11,ee_T_21,ee_T_31,ee_T_02,ee_T_12,ee_T_22,ee_T_32,ee_T_03,ee_T_13,ee_T_23,ee_T_33,v_x,v_y,time
0.465068387133,0.54781585885,-0.124000589882,-1.35584795937,0.0795671977814,1.89409791244,0.15916214904,0.00164694097923,0.00244161535238,0.000350162016628,0.00030234732886,-0.000381693550179,0.000124475124836,-0.00981939101523,0.573839610046,0.818953668517,0.00193330447492,0.0,0.818909724629,-0.573780539183,-0.0119792597732,0.0,-0.00870133378098,0.00845753842589,-0.999926375707,0.0,0.661672579511,0.260888454963,0.30318299315,1.0,0.0,0.0,0.0
0.465069459224,0.547810959808,-0.124003167029,-1.35584545371,0.0795698267223,1.89409872818,0.159165196411,0.00131045299542,0.000502143771847,3.9967409793e-05,0.00127540465409,3.39418338734e-05,-1.65075081706e-05,0.000186146652477,0.573843585333,0.818950864543,0.0019411176668,0.0,0.818907016355,-0.573784474813,-0.0119758894878,0.0,-0.00869404925609,0.00846204515873,-0.999926400941,0.0,0.661673612394,0.260888518059,0.303187817217,1.0,-0.00012,-0.000157714285714,0.007
0.465061016459,0.547804802605,-0.12400092542,-1.3558511514,0.0795681239596,1.89409710058,0.15916753609,-0.00122946835863,-0.000949648225662,0.00115358112722,-9.17333242337e-05,-5.33671589808e-05,-0.000319386892391,0.00147749331027,0.573850686915,0.818945890756,0.00194011386276,0.0,0.818902026175,-0.573791576555,-0.0119768568893,0.0,-0.00869534415396,0.00846185364313,-0.999926391302,0.0,0.661673927739,0.260883246842,0.30318924854,1.0,-0.00044,-0.000578285714286,0.023
0.46506587665,0.547798806711,-0.124005813337,-1.35586114909,0.0795651577805,1.89409833663,0.159162254241,0.00022231437181,-0.00250892744083,-0.000843461544735,-0.000167266138613,8.78298853973e-05,-0.00052585543254,0.000533804392793,0.573845554152,0.818949498557,0.00193537961072,0.0,0.818905614983,-0.573786506078,-0.0119743932197,0.0,-0.0086960960448,0.00845650835711,-0.999926429984,0.0,0.661672061566,0.260882128498,0.303189001477,1.0,-0.00078,-0.00102514285714,0.04
0.465063080871,0.547737214789,-0.124001238647,-1.35592098217,0.0795661209576,1.8941085219,0.15916350246,-0.000493270248703,-0.00992827110751,0.000757664756305,-0.00971581034371,9.19601273952e-05,-8.0612082269e-05,0.000665106459296,0.57384703993,0.818948414724,0.00195337822571,0.0,0.818904693206,-0.573787844723,-0.0119732866885,0.0,-0.00868484668076,0.00847062880694,-0.999926408235,0.0,0.661660525645,0.260879175165,0.303207127956,1.0,-0.00112,-0.001472,0.057
0.465065821001,0.547607669897,-0.123998602434,-1.35608139534,0.0795632794823,1.89413209092,0.159161686556,0.00052268060644,-0.00618907364441,0.000896854820405,-0.00990270755786,0.000104977774386,0.0037430414906,0.000311616870938,0.573851521499,0.818945281554,0.00195038320837,0.0,0.818901390108,-0.573792210853,-0.01198995185,0.0,-0.00870016730565,0.00847778685606,-0.999926214387,0.0,0.661631818959,0.260864621087,0.30322226547,1.0,-0.00144,-0.00189257142857,0.073
0.465054971912,0.547458580997,-0.124003303143,-1.35628435699,0.0795626526804,1.89418104709,0.159151349937,-0.00300012948705,-0.00628178908278,0.00242624952036,-0.0106359025488,-7.94720765761e-05,0.00749438782876,-0.000987178146056,0.573866217531,0.818934977819,0.0019527884408,0.0,0.818891000378,-0.573806780439,-0.0120022965697,0.0,-0.00870874489734,0.00848699681496,-0.99992606159,0.0,0.661602930117,0.260835810148,0.303235681042,1.0,-0.00178,-0.00233942857143,0.09
0.465036031308,0.547296141777,-0.124004129169,-1.35648095361,0.0795612188728,1.89431588923,0.159141364766,-0.00142823822463,-0.0187080662613,0.000543426769343,-0.0116239399028,-0.000119149290687,0.0124407863434,0.000840590036928,0.573890374735,0.818917799536,0.00205482167477,0.0,0.818875146324,-0.573830499178,-0.0119498890162,0.0,-0.00860702318238,0.00854073312074,-0.999926484813,0.0,0.661593733484,0.260809398881,0.303276407549,1.0,-0.00212,-0.00278628571429,0.107
0.465014166183,0.547088792603,-0.124001108047,-1.35672039705,0.0795544495342,1.894429017,0.159131691568,-0.000699672267141,-0.00881261303814,0.000188951948591,-0.0210510023542,-0.00242854968971,0.00196709619155,0.000262896062113,0.573904699704,0.818907603645,0.00211642411981,0.0,0.818865717796,-0.573844533544,-0.0119220149525,0.0,-0.00854869487241,0.00857533266892,-0.999926689056,0.0,0.661572778569,0.260778722615,0.303311519428,1.0,-0.00244,-0.00320685714286,0.123
0.464979699918,0.546879075723,-0.12400412949,-1.35703231472,0.0795515177415,1.89457118684,0.159108267263,-0.00716896969155,-0.0117670378988,-0.000489534333619,-0.017114253721,0.000511624650501,0.0060796673301,-0.000834399423981,0.57393271397,0.81888786336,0.00215730800184,0.0,0.818846421558,-0.573872288966,-0.011911371022,0.0,-0.00851622184851,0.00860299506956,-0.999926728536,0.0,0.661544970528,0.260729084171,0.303324035203,1.0,-0.00278,-0.00365371428571,0.14
0.464955133331,0.546609049769,-0.124004138239,-1.35742648922,0.0795432513016,1.89470891901,0.159010806458,-0.000872479523997,-0.0201128194271,-0.00128823640813,-0.0243749548663,-0.000910344239667,0.00516721795345,-0.00381653383146,0.573892820207,0.818915765715,0.00217864182219,0.0,0.818874446482,-0.573832156672,-0.0119182116175,0.0,-0.00851000050109,0.00862397623146,-0.999926600769,0.0,0.661495999747,0.260677596018,0.303339603303,1.0,-0.00312,-0.00410057142857,0.157
0.464911568726,0.54632365494,-0.124001611792,-1.35786300765,0.079530965388,1.89487329544,0.158957328598,-0.000776142526937,-0.0124962680492,8.00987285521e-05,-0.0232824073804,-0.00177699731705,0.00698801202972,-0.00414986820747,0.573904120845,0.818907794126,0.00219811224547,0.0,0.818866592991,-0.573843239504,-0.0119241879968,0.0,-0.00850360235819,0.00864346772811,-0.999926486904,0.0,0.661447597636,0.260611342029,0.303348107344,1.0,-0.00346,-0.00454742857143,0.174
0.464861029956,0.545983164777,-0.124001789486,-1.35843306765,0.0795115717353,1.89507197218,0.158910012423,-0.00119174298803,-0.0166104733886,0.00113715851381,-0.0296411103913,-0.00446466401276,0.0127048199472,-0.00729858990155,0.573933596339,0.818887186796,0.00217926507648,0.0,0.818845583296,-0.573872628951,-0.0119525460691,0.0,-0.00853733061701,0.00864461576918,-0.999926189578,0.0,0.661379623338,0.260524952755,0.303335098,1.0,-0.00384,-0.00504685714286,0.193
0.464802966807,0.545662909841,-0.124001792378,-1.35898573849,0.0794781780423,1.89525164774,0.158812354126,-0.0031337373467,-0.0195214613985,0.000423604490484,-0.0387181666326,0.000338079719773,0.00873995886067,-0.00636177821709,0.573923105859,0.818894657181,0.00213445606907,0.0,0.818852421818,-0.573862276417,-0.0119810638273,0.0,-0.00858651065373,0.00862417992685,-0.999925944936,0.0,0.661313963004,0.260431929682,0.303314332465,1.0,-0.00416,-0.00546742857143,0.209
0.464742913207,0.545289747694,-0.124004613168,-1.35965169909,0.0793753717894,1.8954666241,0.158729439117,-0.00442678685693,-0.0180248964279,-0.00196157457604,-0.0428480328861,-0.00483881539522,0.0118923493839,-0.00871087243796,0.573916121145,0.818899812089,0.00203237596372,0.0,0.818856768832,-0.573856239476,-0.0119731137579,0.0,-0.00863865529958,0.00853595216418,-0.999926252858,0.0,0.661235692547,0.260314361865,0.303280107597,1.0,-0.0045,-0.00591428571429,0.226
0.464681810139,0.544885584534,-0.1240107396,-1.36032546804,0.0793683318448,1.89569311346,0.158685461245,-0.00105288461391,-0.0273363027069,-0.0014161849686,-0.0440291826229,8.99666459639e-05,0.0150842927286,-0.00103058469532,0.573970076202,0.81886204585,0.00201206185584,0.0,0.818818424489,-0.573909964884,-0.0120202673023,0.0,-0.00868836560374,0.00854695161354,-0.999925728202,0.0,0.66115433727,0.260209965562,0.303265365277,1.0,-0.00482,-0.00633485714286,0.242
0.46461804657,0.544470818865,-0.124005461655,-1.36100705837,0.0793468139821,1.89593599349,0.158569606259,-0.00572520831446,-0.0308082774929,0.000948110402596,-0.0435434119197,-0.000268297544492,0.0231867674074,-0.00232051262475,0.573956017689,0.818871920531,0.00200360295794,0.0,0.818827957125,-0.573895716746,-0.0120511341013,0.0,-0.00871864403143,0.00855759181454,-0.99992537365,0.0,0.661073540804,0.260108401216,0.303255387919,1.0,-0.00514,-0.00675542857143,0.258
0.464547172209,0.543980399231,-0.124005880349,-1.36181087141,0.0793195916516,1.89622944387,0.15847029008,-0.00325139858704,-0.0345469949953,0.00184964608929,-0.050068752087,0.000147114910451,0.0175398867132,-0.00482701176472,0.573970622534,0.818861698944,0.00199734130704,0.0,0.818817444424,-0.573910141512,-0.0120784551249,0.0,-0.0087444582099,0.00856830127828,-0.999925056524,0.0,0.66098008872,0.259987834802,0.303245302754,1.0,-0.00548,-0.00720228571429,0.275
0.464463243607,0.543506893184,-0.124011167541,-1.36260047487,0.0792765301028,1.89649444124,0.15839382644,-0.00708753633929,-0.0304325795472,-0.00254004245322,-0.054155217858,-0.00448563116832,0.0122529944265,-5.53780934957e-05,0.574012831433,0.818832214568,0.00195464496071,0.0,0.818787337159,-0.573952468182,-0.012108165675,0.0,-0.00879285210409,0.00855084563534,-0.999924781566,0.0,0.66088906176,0.259852793356,0.30322762372,1.0,-0.0058,-0.00762285714286,0.291
0.464386841477,0.542956441878,-0.124022490433,-1.36347161279,0.0792235868856,1.89681428741,0.158259807374,-0.00113301432244,-0.0385688702023,-0.00210902461499,-0.0526442383468,-0.00237183881301,0.0247692734335,-0.0094941711896,0.574007970776,0.818835631233,0.00195074586194,0.0,0.818790750095,-0.573947671204,-0.0121047585412,0.0,-0.00879235083644,0.00854564508466,-0.999924830433,0.0,0.660792093134,0.259712697074,0.303230455841,1.0,-0.00614,-0.00806971428571,0.308
0.464306122677,0.542360674747,-0.12402047772,-1.36439469447,0.0791694775031,1.89713980366,0.158134827326,-0.00852647115086,-0.0311205835057,0.000454628126701,-0.0545968357188,-0.00437403294303,0.0198728146029,-0.00754869065111,0.574007110075,0.818836233742,0.00195110120153,0.0,0.81879130036,-0.573946753759,-0.0121110364749,0.0,-0.00879729666818,0.00854953034187,-0.99992475372,0.0,0.660683467421,0.259572110954,0.303240594856,1.0,-0.00648,-0.00851657142857,0.325
0.464218918225,0.541736255233,-0.124022914979,-1.3653530063,0.0791208750261,1.89749954296,0.158028119218,-0.00365213096694,-0.0393539856248,0.000580821966706,-0.0539232274776,-0.00131891035241,0.0242054505464,-0.00879126337297,0.574033150982,0.818817915936,0.00197712338753,0.0,0.818773253441,-0.573972609607,-0.0121057743285,0.0,-0.00877777923566,0.00856809649373,-0.999924766327,0.0,0.660576545702,0.259424077382,0.303257273485,1.0,-0.00682,-0.00896342857143,0.342
0.464138684922,0.541084460487,-0.124024156456,-1.36635577357,0.079059535619,1.89788240543,0.157881221925,-0.00405393613813,-0.0416299272335,0.000732737765952,-0.0642555650616,-0.00359995423066,0.0279997999735,-0.0063317023961,0.574018783521,0.818827924859,0.00200313171158,0.0,0.818783624728,-0.573958152379,-0.012089751661,0.0,-0.00874988095084,0.00858004117754,-0.999924908419,0.0,0.660463160317,0.259275940933,0.303274004061,1.0,-0.00716,-0.00941028571429,0.359
0.464054735937,0.540384953587,-0.124032859022,-1.36742499731,0.0789918763844,1.89826759956,0.15774839581,-0.00219978818913,-0.0362343424683,-0.00103247037947,-0.0662652813701,-0.00552852166853,0.0245229830529,-0.00363467985851,0.574025966284,0.81882286566,0.00201286012453,0.0,0.818778743049,-0.573965341479,-0.0120790567658,0.0,-0.00873546411148,0.00858194454351,-0.999925018136,0.0,0.66033898675,0.259112907698,0.30329316603,1.0,-0.0075,-0.00985714285714,0.376
0.463957202408,0.539679644133,-0.124030423286,-1.36850730693,0.0789298301727,1.89868581602,0.157621127161,-0.00762554613382,-0.0451655239476,0.000476260070491,-0.0744759008226,-0.00032693813498,0.0315189750777,-0.00637464120813,0.574043360003,0.818810581028,0.00204942296387,0.0,0.8187669139,-0.573982553502,-0.0120629962695,0.0,-0.00870114348232,0.00860284825712,-0.99992513775,0.0,0.660218988248,0.258949040563,0.303312603453,1.0,-0.00782,-0.0102777142857,0.392
0.463845773687,0.538793726036,-0.124038210929,-1.36987755228,0.0788543798998,1.89920794656,0.157446431378,-0.00730192283905,-0.0504334834325,-0.00022966169925,-0.069306111052,-0.000243488394815,0.0271880805196,-0.00937202998597,0.574052711848,0.818803940385,0.00208281809102,0.0,0.818760693569,-0.573991745698,-0.0120477980835,0.0,-0.00866943106511,0.0086215667383,-0.999925251982,0.0,0.660064312827,0.258743153404,0.303331812324,1.0,-0.00822,-0.0108034285714,0.412
0.463733932666,0.538038939179,-0.124039510596,-1.37102571025,0.0787868091523,1.89964774252,0.157299866514,-0.012016132581,-0.0524210339011,0.000555881911167,-0.0718945282951,-0.00478073438652,0.0326097283735,-0.0135206924604,0.574070576358,0.818791313609,0.0021225032749,0.0,0.818748591838,-0.574009446799,-0.0120268553767,0.0,-0.00862931392284,0.00864222675501,-0.999925420648,0.0,0.65993906491,0.258561105513,0.303356585384,1.0,-0.00854,-0.011224,0.428
0.463632346865,0.537242432384,-0.124042527263,-1.3722867125,0.0787122401865,1.90011484318,0.15715208002,-0.00685980073588,-0.0455544437227,0.00130826509855,-0.0763815383805,-0.00801640865719,0.0199626848043,-0.0125655600617,0.574084456306,0.818781578246,0.0021239241752,0.0,0.818738862301,-0.574023306259,-0.0120277233977,0.0,-0.00862906250516,0.00864403473463,-0.99992540719,0.0,0.659792088801,0.258372714406,0.303359405586,1.0,-0.00888,-0.0116708571429,0.445
0.463516617993,0.536450727601,-0.124046731571,-1.37352631392,0.0786479514676,1.90058482734,0.156997499017,-0.00469811145295,-0.0484615463986,-0.000832791465509,-0.081184830297,-0.00798622069796,0.0230894513385,-0.0115472617711,0.574106730391,0.818765901455,0.00214654013129,0.0,0.81872341107,-0.574045412517,-0.0120244515759,0.0,-0.00861316524904,0.0086609079866,-0.999925398246,0.0,0.659653608347,0.258178647965,0.303369185534,1.0,-0.0092,-0.0120914285714,0.461
0.463422692196,0.535678559151,-0.124053815956,-1.37473381425,0.078575581406,1.90102016163,0.156840819483,-0.00762516773977,-0.0488613932685,-0.000399707793856,-0.0825882419547,-0.00258532465194,0.0200805230912,-0.0109372083858,0.574107247661,0.818765542212,0.0021452204811,0.0,0.818723033636,-0.574045934291,-0.0120252409224,0.0,-0.00861456366579,0.00866028612588,-0.999925391585,0.0,0.659510358615,0.25799721169,0.303377385241,1.0,-0.0095,-0.0124857142857,0.476
0.463297479955,0.534775381848,-0.124055157233,-1.37617199317,0.0784979548553,1.90154570501,0.156669558379,-0.00538969947369,-0.051616862584,0.000196749973568,-0.0896521381898,-0.00771593372995,0.0282371399078,-0.00584596218384,0.574128629625,0.818750559771,0.00214112601975,0.0,0.818707892376,-0.574067224894,-0.0120397327305,0.0,-0.00862855376668,0.00866547886186,-0.999925225972,0.0,0.65934172606,0.257778091346,0.303375736722,1.0,-0.00984,-0.0129325714286,0.493
0.463176489919,0.533873556254,-0.12405905693,-1.37765897264,0.0784135798511,1.90208465658,0.15649552482,-0.00289312704428,-0.0583896219932,-0.0021631542317,-0.0862193800567,-0.00253286663813,0.0281095974675,-0.0101636241749,0.574146825424,0.818737900772,0.00210228365694,0.0,0.818694650911,-0.574085508058,-0.0120683432102,0.0,-0.00867408640747,0.00865029587189,-0.999924963488,0.0,0.659163877646,0.257554296952,0.303350979341,1.0,-0.01018,-0.0133794285714,0.51
0.463043989116,0.533005995627,-0.124055904706,-1.37906435137,0.0783317743602,1.90261670068,0.156305989115,-0.00891623708352,-0.0560529317172,-0.00127742980824,-0.0914721267301,-0.00760400593517,0.0347559927524,-0.0211559979087,0.574152984433,0.818733592314,0.00209813836344,0.0,0.818690238039,-0.574091633922,-0.0120762950111,0.0,-0.00868291188801,0.00865153278656,-0.999924876189,0.0,0.659003590906,0.257336213393,0.303339885362,1.0,-0.0105,-0.0138,0.526
0.462916132022,0.532044778334,-0.124057807266,-1.38061242818,0.0782549650645,1.903191708,0.156107890105,-0.00598487801125,-0.0566215407248,0.00036204932777,-0.0931845779182,-0.00762325055496,0.0418918536355,-0.0104557785381,0.574160851676,0.818728082028,0.0020954717231,0.0,0.818684527285,-0.574099346682,-0.0120967691882,0.0,-0.00870112321257,0.00866118833142,-0.999924634296,0.0,0.658820403181,0.2571062838,0.303330632856,1.0,-0.01084,-0.0142468571429,0.543
0.46278129274,0.5310378022,-0.12406162134,-1.38222626935,0.0781511577866,1.90376895105,0.155910641591,-0.00378627230165,-0.0584794824997,-0.000634374007687,-0.0952667802678,-0.00128051558101,0.0313823879828,-0.0136317926484,0.574172401251,0.818720058653,0.00206545427002,0.0,0.818676130094,-0.574111043124,-0.0121099578153,0.0,-0.00872903332824,0.00864430809623,-0.99992453711,0.0,0.658626810553,0.256859274776,0.303322324339,1.0,-0.01118,-0.0146937142857,0.56
0.462641303862,0.530006153659,-0.124064524316,-1.38387092298,0.0780509458925,1.9043517816,0.1556866121,-0.0102034393162,-0.059650921153,-4.56608495922e-05,-0.0913016635448,-0.00332547961289,0.0327105169907,-0.0141911296021,0.574168020067,0.818723197748,0.00203889772227,0.0,0.818678875099,-0.574106732039,-0.0121287507527,0.0,-0.00875971334426,0.00863330951723,-0.999924363834,0.0,0.658428241261,0.256607059522,0.303316964984,1.0,-0.01152,-0.0151405714286,0.577
0.462503178181,0.528959051152,-0.124068027421,-1.38552428124,0.0779469182499,1.90497082903,0.155467907198,-0.00845129171067,-0.0581098955544,-0.000110781531958,-0.0943446742433,-0.00378834289176,0.0345609402373,-0.016929898004,0.574166349105,0.818724352457,0.00204576374701,0.0,0.818680159431,-0.574105070555,-0.0121207020385,0.0,-0.00874919903671,0.00863429166549,-0.999924447408,0.0,0.65823467722,0.256356748435,0.303321258345,1.0,-0.01186,-0.0155874285714,0.594
0.462345277521,0.527715911475,-0.12406238809,-1.38745790573,0.0778296395241,1.90572414366,0.155197749035,-0.0104340508592,-0.0671177444595,0.000109214384805,-0.107598802539,-0.00657324448386,0.0383456988413,-0.0182876040493,0.574143881398,0.818739974332,0.00209875804225,0.0,0.818696480441,-0.574082382237,-0.0120928995777,0.0,-0.00869624770297,0.00866147688368,-0.99992467421,0.0,0.658010660476,0.256075023775,0.303341243831,1.0,-0.01224,-0.0160868571429,0.613
0.462224553359,0.526746124946,-0.124064911071,-1.38892274675,0.0777396435764,1.90627868658,0.15499234023,-0.00469813907268,-0.0661195995269,0.000639841992665,-0.108965468149,-0.00693329689679,0.0357326251938,-0.0130847928881,0.574131291269,0.818748674648,0.0021482665585,0.0,0.818705858497,-0.574069612875,-0.012064150894,0.0,-0.00864441943547,0.00868537216822,-0.999924916343,0.0,0.657839934873,0.255856044617,0.303374672031,1.0,-0.01252,-0.0164548571429,0.627
0.462068350059,0.525575962235,-0.124071469729,-1.39075115752,0.0776276956389,1.90694632686,0.154750388036,-0.00778996565782,-0.070395051055,0.000555817561598,-0.107631207327,-0.00371911741795,0.0450490187084,-0.0201299336854,0.574134119934,0.818746675891,0.00215405344926,0.0,0.818703938676,-0.574072419987,-0.012060858508,0.0,-0.00863837145085,0.00868824970391,-0.999924943611,0.0,0.657622502813,0.255575014823,0.303385746298,1.0,-0.01286,-0.0169017142857,0.644
0.461912004613,0.52439501879,-0.124079298965,-1.39261917749,0.0775057064113,1.90761078688,0.154494681862,-0.00570476598298,-0.0720788379373,5.73699549053e-05,-0.111403288151,-0.0145843658508,0.0457516160539,-0.00911576226959,0.574125748394,0.818752612854,0.00212858555881,0.0,0.818709586666,-0.574064201636,-0.0120686371557,0.0,-0.00865945015661,0.00867177570068,-0.999924904295,0.0,0.657395688984,0.255286812462,0.303385000014,1.0,-0.0132,-0.0173485714286,0.661
0.461749848096,0.523204178212,-0.124084008845,-1.39452696697,0.0773839438102,1.90832273135,0.154231451911,-0.0124024157125,-0.0715916794153,0.000407395295963,-0.11319367841,-0.00224404619036,0.0438917638041,-0.01664864905,0.57411597778,0.818759490231,0.00211851717336,0.0,0.818716382338,-0.57405452505,-0.0120679104194,0.0,-0.00866473863643,0.00866301169609,-0.999924934449,0.0,0.65716940956,0.25499528693,0.30337600845,1.0,-0.01354,-0.0177954285714,0.678
0.461586546211,0.521955381498,-0.124084326034,-1.39648797435,0.0772737753183,1.90908837959,0.153968473634,-0.0118319368609,-0.0748118996933,-7.13525521317e-05,-0.117007882965,-0.00264034872195,0.0407051346459,-0.01219056648,0.574110234714,0.818763391585,0.00216654045289,0.0,0.8187208641,-0.574048531978,-0.0120489220565,0.0,-0.00862168291556,0.00869136867737,-0.999925060539,0.0,0.656940873521,0.254705524998,0.303386614132,1.0,-0.01388,-0.0182422857143,0.695
0.461423164234,0.520714065299,-0.124092859389,-1.39849500803,0.0771430828197,1.90984091278,0.153704034942,-0.00881535019669,-0.0766082156745,-0.00138884685397,-0.120622751011,-0.00630222484455,0.0413741945795,-0.0113279343476,0.574105573568,0.818766712992,0.00214639108612,0.0,0.818724015953,-0.5740440507,-0.0120482553986,0.0,-0.00863275364378,0.00867443951577,-0.999925112028,0.0,0.656700981363,0.254401243965,0.303368834526,1.0,-0.01422,-0.0186891428571,0.712
0.461259840908,0.519463140165,-0.124095754351,-1.40043162092,0.0770213501825,1.91053303424,0.153437074238,-0.00775512629161,-0.0796016575642,0.000178390897818,-0.119714595813,-0.00932381357419,0.0382203511167,-0.0112860008376,0.574092865114,0.818775614085,0.00215009474925,0.0,0.818732949811,-0.574031312535,-0.0120480714196,0.0,-0.00863061153012,0.00867723232039,-0.999925106287,0.0,0.656463444825,0.254106195577,0.303385500734,1.0,-0.01454,-0.0191097142857,0.728
0.461066865763,0.518035960374,-0.124102520421,-1.40265196377,0.0768732349453,1.91133622087,0.153139904694,-0.0123666543858,-0.0825336281354,-0.0011447611337,-0.125619309271,-0.00948281208836,0.0459090943446,-0.0163020451086,0.574091054122,0.818776912451,0.00213918569238,0.0,0.818734185939,-0.574029628456,-0.0120443069723,0.0,-0.00863381073484,0.00866612019201,-0.999925175037,0.0,0.656208153494,0.253781023189,0.303393138509,1.0,-0.01488,-0.0195565714286,0.745
0.460894195105,0.516760929393,-0.124100395521,-1.40467550721,0.07675250946,1.91206346405,0.152864853594,-0.00509589312204,-0.0753324052419,0.00102376122062,-0.129606452336,-0.00725230925447,0.0483549353107,-0.012053240278,0.574079252079,0.818785200325,0.00213423561407,0.0,0.818742313224,-0.57401775264,-0.0120578228657,0.0,-0.00864784427762,0.00866970185472,-0.999925022719,0.0,0.65594402253,0.253455784361,0.303394562332,1.0,-0.01522,-0.0200034285714,0.762
0.460707118636,0.51539000879,-0.124112054027,-1.40685471567,0.0766124764,1.91289419116,0.152555613942,-0.015211594512,-0.0800013896464,0.000439457004149,-0.127833663397,-0.00167356136973,0.05358836273,-0.0164168243056,0.574064968259,0.818795187853,0.00214463680053,0.0,0.818752553095,-0.574003543571,-0.0120389231292,0.0,-0.00862654928975,0.00866721775073,-0.999925228196,0.0,0.655686653662,0.253119388464,0.303391112586,1.0,-0.01556,-0.0204502857143,0.779
0.460523769101,0.514005847357,-0.124118456474,-1.40909218556,0.0764733294207,1.91369197731,0.152271323095,-0.00394528181869,-0.0813526252271,-0.000830633725018,-0.132488599401,-0.00418495275213,0.042013446842,-0.0205887763887,0.57406698578,0.818793904841,0.00209383246968,0.0,0.818750565898,-0.574005735977,-0.0120694991073,0.0,-0.00868072758671,0.00864319390014,-0.999924967269,0.0,0.655406170219,0.252779784695,0.303365795218,1.0,-0.0159,-0.0208971428571,0.796
0.460352944449,0.512676017852,-0.124112818763,-1.41123925511,0.0763500117868,1.91442978818,0.151969282205,-0.00835327215381,-0.0797316902066,0.00152541045952,-0.134760176105,-0.00262289791831,0.0497412084502,-0.00657973788116,0.574034718838,0.818816680054,0.00203296196639,0.0,0.818772307753,-0.573973501409,-0.0121274333248,0.0,-0.00876344711802,0.00862626682198,-0.999924391899,0.0,0.655126185339,0.252463996441,0.303339446341,1.0,-0.01622,-0.0213177142857,0.812
0.460149069314,0.51123889739,-0.124116388749,-1.41354300054,0.0761995778808,1.91531058731,0.151632775523,-0.0104329929874,-0.0847916508652,0.00131282665647,-0.136325546352,-0.01237737472,0.0483854503786,-0.00873757098318,0.574008783666,0.818834852759,0.00203643877305,0.0,0.818790624779,-0.573947651698,-0.0121141564244,0.0,-0.00875085272148,0.00862121515473,-0.999924545766,0.0,0.654851344661,0.252109315187,0.303325910728,1.0,-0.01656,-0.0217645714286,0.829
0.459942201351,0.509758309016,-0.124121761312,-1.41588104402,0.0760595101928,1.91618612166,0.15129653176,-0.0123446880198,-0.0921726994034,-0.000285107711592,-0.134603206612,-0.00564839876095,0.0572223752504,-0.0219176164684,0.573990975489,0.818847299528,0.00205110075214,0.0,0.818803233186,-0.573929752255,-0.0121099835552,0.0,-0.00873920784179,0.0086306353679,-0.999924566345,0.0,0.654568082588,0.251749513307,0.303325594527,1.0,-0.0169,-0.0222114285714,0.846
0.459734431898,0.50826806051,-0.12413334257,-1.41824605755,0.0759062996047,1.9170251599,0.150975194342,-0.0127921790844,-0.090690152093,-0.00513020066181,-0.136298042647,-0.0154297195819,0.0501899133262,-0.0155549077394,0.573987551673,0.818849791806,0.00201392274671,0.0,0.818805266539,-0.573926518131,-0.012125764936,0.0,-0.00877350534071,0.00860921443325,-0.999924450662,0.0,0.654272696592,0.251377989464,0.303315719253,1.0,-0.01724,-0.0226582857143,0.863
0.459538546989,0.506818130578,-0.124134003264,-1.42050962571,0.0757684258874,1.9178470426,0.150653881978,-0.00905207284916,-0.086592614881,-0.0023337379967,-0.142132065081,-0.00612130663899,0.0495837823829,-0.0193493196731,0.573965310854,0.818865362171,0.00202175023988,0.0,0.818820868654,-0.573904176456,-0.0121296415878,0.0,-0.00877242134166,0.00861761070781,-0.999924387846,0.0,0.653989893649,0.251033476234,0.303323582226,1.0,-0.01756,-0.0230788571429,0.879
0.459315138546,0.505211989992,-0.124142261062,-1.42297417026,0.0756173793696,1.91879180949,0.15031844973,-0.00967007783869,-0.0972436715841,-0.003842338747,-0.144719005171,-0.00865375129597,0.0653649051715,-0.0192697372235,0.573966199607,0.818864562271,0.00209219190927,0.0,0.818821046324,-0.573904814883,-0.0120873674335,0.0,-0.0086973652833,0.00865103767661,-0.999924754861,0.0,0.653695985635,0.250650952868,0.303355320428,1.0,-0.0179,-0.0235257142857,0.896
0.459091060363,0.503559514008,-0.124141802202,-1.42545058373,0.0754604991232,1.91973637722,0.149977109506,-0.0116159885196,-0.0937138147445,-0.000550990221008,-0.140581205479,-0.0051293298838,0.057390462706,-0.0188329715044,0.573954964428,0.818872175248,0.00219233053658,0.0,0.818830030269,-0.573893219439,-0.012029177601,0.0,-0.00859236062847,0.00869951977444,-0.999925242053,0.0,0.653397864202,0.250271445716,0.303412809008,1.0,-0.01824,-0.0239725714286,0.913
0.45884225787,0.50177150962,-0.124147124124,-1.42811089997,0.0752886975526,1.92070389735,0.149599340154,-0.0153717618087,-0.0932294069683,-0.000106850021199,-0.148840826874,-0.00668348915868,0.058554035891,-0.0146033041486,0.573942810596,0.81888048166,0.00227020326342,0.0,0.818839403426,-0.573880796612,-0.011983721356,0.0,-0.00851057331372,0.00873707081802,-0.999925614101,0.0,0.653070806599,0.249851703868,0.303478861483,1.0,-0.0186,-0.0244457142857,0.931
0.458602478484,0.500060644723,-0.12414300637,-1.43072313615,0.0751227043706,1.92162246728,0.149244424842,-0.0130734217093,-0.0941470258715,0.00118702681843,-0.149231012602,-0.00901084916985,0.0513182090703,-0.0207514150257,0.573933719712,0.818886810523,0.00228557000327,0.0,0.818845850924,-0.573871559999,-0.0119854891079,0.0,-0.00850329903968,0.00875057433609,-0.999925557906,0.0,0.6527375862,0.249445855105,0.303508790936,1.0,-0.01894,-0.0248925714286,0.948
0.458366040734,0.498469175606,-0.124148170887,-1.43318347977,0.0749687698959,1.92255028608,0.148896612644,-0.0122267062329,-0.094457704419,-0.00536583868534,-0.149442592301,-0.00712385088405,0.0582737569551,-0.0187276946958,0.573929944268,0.818889324398,0.00233245804771,0.0,0.818849011419,-0.573867631167,-0.0119576460076,0.0,-0.00845362924447,0.00877295097974,-0.999925782988,0.0,0.652439222325,0.249055765479,0.303528248176,1.0,-0.01926,-0.0253131428571,0.964
0.458122818662,0.496888776146,-0.124152819473,-1.4357048182,0.0748149186973,1.92344039922,0.148519648146,-0.014370818195,-0.0976845498869,-0.000737818008368,-0.15411548945,-0.00655569643387,0.0558401352442,-0.0217401518515,0.573909911095,0.818903484334,0.00229002048897,0.0,0.818862499489,-0.573847650492,-0.0119928251748,0.0,-0.00850700723173,0.00875818175346,-0.999925459762,0.0,0.652118743475,0.248651847275,0.303507189179,1.0,-0.01958,-0.0257337142857,0.98
0.457854740095,0.495214354991,-0.124143325205,-1.43841727403,0.0746496908089,1.92438481385,0.148113461184,-0.0195619142194,-0.0996816653469,0.00178318351383,-0.158526069321,-0.00755227952443,0.0620822885349,-0.0332297342353,0.573882176268,0.818923127892,0.00221478365651,0.0,0.818880930463,-0.573819995973,-0.0120573980118,0.0,-0.00860336058657,0.00873333805638,-0.999924852673,0.0,0.65176772661,0.248220601131,0.303464411292,1.0,-0.01992,-0.0261805714286,0.997
0.457552971719,0.493294239489,-0.124197749901,-1.44141150182,0.0744704873444,1.9254641947,0.147706708373,-0.0212568567147,-0.135414396755,-0.00745352089587,-0.204116718864,-0.00794934773025,0.0688379352722,-0.0254164271462,0.573937608716,0.818884289937,0.00221085908798,0.0,0.818842142951,-0.573875541026,-0.0120480388801,0.0,-0.008597357334,0.00872533520768,-0.999924974172,0.0,0.651403871724,0.247706746079,0.30347146434,1.0,-0.0301497142857,-0.0396253387755,1.014
0.457160821527,0.489908712062,-0.124270387746,-1.44660204586,0.074189500474,1.92747163956,0.146909814824,-0.026006821536,-0.200912789416,-0.00260693421634,-0.312542552302,-0.0147133951159,0.11906137847,-0.0467309890068,0.57384370328,0.818949605492,0.00238637204101,0.0,0.818909780492,-0.573780960794,-0.0119552225278,0.0,-0.00842163207276,0.00881482228584,-0.999925684749,0.0,0.650759391444,0.246928693746,0.30353236942,1.0,-0.0450131428571,-0.0591601306122,1.033
0.456641727132,0.486283825707,-0.124297210236,-1.45234523569,0.0738770315774,1.92965035705,0.14607360052,-0.0422955173996,-0.257637311467,-0.0029920393452,-0.407712836173,-0.0138350149954,0.156880026436,-0.06037683271,0.573805635961,0.818976085845,0.00245150054662,0.0,0.818936809701,-0.573742322595,-0.0119580885377,0.0,-0.00838702040343,0.00886941339856,-0.999925492922,0.0,0.650038334411,0.246039597974,0.303507512926,1.0,-0.0567474285714,-0.0745823346939,1.048
0.455905223589,0.481456783701,-0.124440004475,-1.46002379591,0.0734033408308,1.93236726876,0.144886052935,-0.0522015634538,-0.322175533863,-0.00681757625043,-0.514313473541,-0.0316765028966,0.176497256772,-0.0741708421394,0.573788932797,0.818988196755,0.00231107717331,0.0,0.818947289668,-0.573726398422,-0.0120043075516,0.0,-0.00850562397148,0.00878075826309,-0.999925273531,0.0,0.649062754473,0.244739523801,0.303442316423,1.0,-0.069264,-0.0910326857143,1.064
0.454797792548,0.474352866586,-0.124618235729,-1.47120718553,0.0727419444723,1.93627697436,0.143255601068,-0.0628973162396,-0.39701799156,-0.00682578483834,-0.627955662867,-0.0429368229865,0.226522513415,-0.0985919086764,0.573853761372,0.818943194208,0.00215687763616,0.0,0.81890009364,-0.573791683086,-0.0121032210156,0.0,-0.0086744190391,0.00871191393408,-0.999924425649,0.0,0.647616052556,0.242845447897,0.303383425245,1.0,-0.0841274285714,-0.110567477551,1.083
0.453681506858,0.467308885604,-0.124747929233,-1.48196649546,0.072122236528,1.94023924156,0.141597656708,-0.0689489565233,-0.461305045837,-0.0105510928756,-0.691812035085,-0.0408387481472,0.262316187043,-0.118585356442,0.573852392262,0.818943551242,0.0023745895614,0.0,0.818903154936,-0.573789259949,-0.0120106163003,0.0,-0.00847366592278,0.00883704992058,-0.999925048958,0.0,0.646251407802,0.241035805273,0.303475657815,1.0,-0.096644,-0.127017828571,1.099
0.452363821784,0.459414834732,-0.124827384728,-1.49419532968,0.0713505355185,1.9446210949,0.139669541344,-0.0845852385598,-0.510027982147,-0.00157397040954,-0.818839033174,-0.0515237061385,0.276418293972,-0.119862487682,0.573774891938,0.818997756926,0.00240716296733,0.0,0.818957615393,-0.573711458864,-0.0120138694274,0.0,-0.00845847798723,0.00886479175075,-0.999924931991,0.0,0.644648340462,0.238971072129,0.303476879315,1.0,-0.109160571429,-0.143468179592,1.115
0.450795695821,0.450526784617,-0.124976420986,-1.50785410286,0.0704398622684,1.9493521654,0.137525857621,-0.0966685515672,-0.588406221531,-0.0129310135817,-0.856813761472,-0.0626204559788,0.318682333903,-0.137692125993,0.573790808616,0.818986804942,0.0023384139719,0.0,0.818945932923,-0.573727828922,-0.0120284733609,0.0,-0.00850971163327,0.00881703182313,-0.99992491956,0.0,0.642834107107,0.23655520432,0.303496726252,1.0,-0.121677142857,-0.159918530612,1.131
0.448606044894,0.438152940956,-0.125129560045,-1.52676403173,0.0691841593494,1.95596209613,0.134579294725,-0.114372734269,-0.635785805011,-0.0102166591652,-0.990047121975,-0.0621780657335,0.326334837721,-0.157662731992,0.573785779709,0.818990234471,0.00237102203015,0.0,0.81894976204,-0.573722639788,-0.0120152715346,0.0,-0.0084802443042,0.00883610999578,-0.999925001496,0.0,0.640273609529,0.233245283903,0.303543412631,1.0,-0.137322857143,-0.180481469388,1.151
0.446597100859,0.427203831344,-0.125262641528,-1.54315587955,0.0680803509735,1.96173067133,0.131899254301,-0.130286739564,-0.697927102847,-0.0053117409976,-1.05813886344,-0.0743382812812,0.36553942226,-0.170359724506,0.573743059989,0.819019394684,0.00262281267705,0.0,0.818982372765,-0.573679113209,-0.0118699228322,0.0,-0.00821720236887,0.00895849567593,-0.99992610874,0.0,0.638042662628,0.230317894786,0.303707983626,1.0,-0.149839428571,-0.196931820408,1.167
0.444318811235,0.415549215493,-0.12541367529,-1.56061200402,0.0668380286545,1.96783873921,0.128972157612,-0.146824381888,-0.744944030648,-0.0111303764765,-1.09681752421,-0.0758183528989,0.407748862163,-0.173960126728,0.573714814011,0.819038507536,0.00282528924502,0.0,0.819004704335,-0.573650787399,-0.0116968070593,0.0,-0.0079595592429,0.00902473042333,-0.999927597208,0.0,0.635643467093,0.227105269785,0.303844574487,1.0,-0.162356,-0.213382171429,1.183
0.441793356579,0.403169130707,-0.125536838059,-1.57933770392,0.0655445264385,1.97427012403,0.125834727539,-0.168864389271,-0.771699513235,-0.00911063016733,-1.20197304687,-0.0822092403558,0.395609743066,-0.206968895585,0.573710550993,0.819041316054,0.00287631320065,0.0,0.819007951384,-0.573646093234,-0.0116996661828,0.0,-0.00793267688586,0.00906811990356,-0.999927418285,0.0,0.632989015784,0.223641776216,0.303860946625,1.0,-0.174872571429,-0.229832522449,1.199
0.438804103542,0.389063428296,-0.125689504874,-1.60025069597,0.0640573907601,1.98146084288,0.122224607619,-0.184140873871,-0.813705130384,-0.00697029674663,-1.25951425944,-0.0962915455315,0.425157977392,-0.216761266156,0.573722074174,0.819032180038,0.00316489632607,0.0,0.819002716101,-0.573656851901,-0.0115375121501,0.0,-0.00763417624702,0.00921156143988,-0.999928430683,0.0,0.630000828603,0.21967507824,0.30402123152,1.0,-0.188171428571,-0.247311020408,1.216
0.435745913031,0.375090965304,-0.125849002004,-1.62107693817,0.062479820895,1.9883698412,0.118480982098,-0.195465754473,-0.880569245015,-0.00845673609258,-1.32043112838,-0.099224749137,0.435234174375,-0.240428293863,0.57361680333,0.819105991903,0.00314386190569,0.0,0.819076525383,-0.57355198538,-0.0115114089172,0.0,-0.00762604260651,0.00917837778312,-0.999928797893,0.0,0.626916388554,0.215661064026,0.304060270451,1.0,-0.200688,-0.263761371429,1.232
0.432088303867,0.359460693066,-0.126041651393,-1.64420304648,0.0607086880369,1.99605619368,0.114350713683,-0.214544983589,-0.928881943925,-0.0131017890164,-1.38878590347,-0.107674492855,0.462291022068,-0.253007563031,0.573700698959,0.819046905752,0.00322817169135,0.0,0.81901893254,-0.573636105486,-0.0114172468363,0.0,-0.00749960924732,0.00919419323959,-0.999929608858,0.0,0.62346372667,0.211059275383,0.304122894562,1.0,-0.213986857143,-0.281239869388,1.249
0.428005465927,0.343099439105,-0.126274103471,-1.66837086538,0.0588730845254,2.00384894768,0.109780097929,-0.248525367449,-0.995517493965,-0.0148435362235,-1.43457083612,-0.103476958435,0.475084923519,-0.27025908151,0.573775437947,0.818994772943,0.00317105708738,0.0,0.818965821584,-0.573710712952,-0.0114781454056,0.0,-0.00758141763361,0.00918304208178,-0.999929094409,0.0,0.619761105036,0.206094614778,0.304119364849,1.0,-0.227285714286,-0.298718367347,1.266
0.423645302928,0.326057864421,-0.126432263052,-1.69336262076,0.056925522966,2.01187722949,0.104945259889,-0.266240687232,-1.04113245316,-0.0171332652155,-1.48694111657,-0.129148545091,0.496087210805,-0.29757635505,0.573746348292,0.819015053549,0.00319637028986,0.0,0.818986086894,-0.573681133969,-0.0115105561634,0.0,-0.00759376764365,0.00922209991553,-0.999928641237,0.0,0.615828025901,0.200959549685,0.304117852698,1.0,-0.240584571429,-0.316196865306,1.283
0.41836498216,0.306034455297,-0.126633232905,-1.72232176603,0.054509426675,2.02101224863,0.0991297824603,-0.286424934915,-1.10344994394,-0.0153878325121,-1.54430827503,-0.132894345079,0.502963217226,-0.326325641124,0.573615147053,0.8191066942,0.00326090295726,0.0,0.819078964735,-0.573550248631,-0.0114240415145,0.0,-0.00748736133237,0.00922411786448,-0.999929425045,0.0,0.611152655553,0.194888666575,0.304183898486,1.0,-0.255448,-0.335731657143,1.302
0.413470064991,0.288547228853,-0.126810670436,-1.74741796105,0.0523984406491,2.02871696385,0.0939376574833,-0.307424679438,-1.13437731109,-0.0127335252698,-1.58991329781,-0.138023147467,0.513678135518,-0.331737083182,0.573574973347,0.819134763964,0.00327647914231,0.0,0.819107157739,-0.573509938294,-0.011426360778,0.0,-0.00748078001629,0.00923783995336,-0.999929347626,0.0,0.60699619252,0.189475025415,0.304222729572,1.0,-0.267964571429,-0.352182008163,1.318
0.407811766614,0.269367355063,-0.127031520336,-1.77474279119,0.050100685791,2.03701635339,0.088017319903,-0.348118926077,-1.16094796907,-0.016239845722,-1.59186821216,-0.141591105971,0.515602563629,-0.361981171276,0.57354164597,0.819157754366,0.00336165159468,0.0,0.819130881455,-0.573475909547,-0.0114335959733,0.0,-0.00743823580507,0.00931145536215,-0.999928982202,0.0,0.602385597829,0.183428117892,0.304252710905,1.0,-0.281263428571,-0.369660506122,1.335
0.401604874438,0.249536641851,-0.127331911948,-1.80266869029,0.0475652086326,2.04532266501,0.0818167843107,-0.37652154167,-1.19243487974,-0.0139443236478,-1.64517280581,-0.169703034832,0.497230366899,-0.380095786124,0.573652972456,0.819079576976,0.00341477297117,0.0,0.819054054187,-0.573587908998,-0.011318739848,0.0,-0.00731241694505,0.00929009126748,-0.999930108939,0.0,0.597591057699,0.176994026146,0.304308589552,1.0,-0.294562285714,-0.387139004082,1.352
0.395771933719,0.231506802761,-0.127535255768,-1.82783315052,0.0453107794497,2.05260932851,0.0759523444803,-0.385978243721,-1.21604453364,-0.0166432553678,-1.68625391504,-0.147096566769,0.515626058688,-0.401705179903,0.57362046552,0.819102003837,0.00349510348456,0.0,0.819077224622,-0.573554813924,-0.0113191179396,0.0,-0.00726701866991,0.00935581749218,-0.999929827097,0.0,0.593131670954,0.171162325629,0.304346876107,1.0,-0.306296571429,-0.402561208163,1.367
0.389169667941,0.211723976133,-0.127743445211,-1.85520911588,0.042755565791,2.0603128196,0.0693326844927,-0.422652279632,-1.27188912175,-0.0146202007911,-1.7266063138,-0.171152990815,0.498327785836,-0.421848981282,0.573471963597,0.819206136004,0.00345841044005,0.0,0.819180613853,-0.573406087542,-0.0113722274823,0.0,-0.00733326612206,0.0093548965227,-0.999929352064,0.0,0.587809732134,0.164317077016,0.304342835882,1.0,-0.319595428571,-0.420039706122,1.384
0.380588363169,0.187588035056,-0.128086480415,-1.88833833315,0.0395674873898,2.06919490592,0.0609619139833,-0.464760903578,-1.28068055479,-0.0266547151648,-1.77381956354,-0.167097003599,0.455559388414,-0.457067658329,0.573448295,0.819223132354,0.00335548493999,0.0,0.819195728352,-0.573382025531,-0.0114960144835,0.0,-0.00749397052537,0.00934134868415,-0.999928287234,0.0,0.581932824414,0.156654690597,0.304330393334,1.0,-0.333676571429,-0.43854635102,1.402
