position_joint1,position_joint2,position_joint3,position_joint4,position_joint5,position_joint6,position_joint7,velocity_joint1,velocity_joint2,velocity_joint3,velocity_joint4,velocity_joint5,velocity_joint6,velocity_joint7,ee_T_00,ee_T_10,ee_T_20,ee_T_30,ee_T_01,ee_T_11,ee_T_21,ee_T_31,ee_T_02,ee_T_12,ee_T_22,ee_T_32,ee_T_03,ee_T_13,ee_T_23,ee_T_33,v_x,v_y,time
0.4650882076,0.547739604178,-0.124005937052,-1.35582948,0.0795150572139,1.89410431663,0.159162500071,0.00126212415822,0.000787628812962,-0.000898918365434,0.000688249267322,0.000219473047169,-0.000367676488009,-0.0006945179419,0.573812487569,0.81897253497,0.0019907226234,0.0,0.818929877933,-0.573753707109,-0.0118863580732,0.0,-0.00859258175156,0.00845096563635,-0.999927371722,0.0,0.661679110729,0.260893676238,0.303246443963,1.0,0.0,0.0,0.0
0.465082595164,0.547737336983,-0.124005937052,-1.35583043334,0.079514433665,1.89410542908,0.159162862677,0.000809151021441,-0.00139093002062,-0.000976684348787,-6.91705310487e-05,-1.62464440902e-06,-0.000277342949745,-0.00441777759919,0.5738172715,0.818969178803,0.00199248608415,0.0,0.818926551354,-0.573758489747,-0.0118846889909,0.0,-0.00859015356383,0.00845150228452,-0.999927388049,0.0,0.661680673577,0.260889854198,0.303247691792,1.0,-0.00016,-0.000210285714286,0.009
0.465079409234,0.54773784001,-0.124000928723,-1.35583520283,0.0795144422649,1.89410687568,0.15915958514,0.000127043994117,-0.000450637504337,0.00076063427247,8.59917184815e-06,5.63177350015e-05,-0.000354059141717,-0.00557856391595,0.573813971038,0.818971495947,0.0019905702304,0.0,0.818928814465,-0.573755168931,-0.0118890649819,0.0,-0.00859487085273,0.00845240964316,-0.999927339843,0.0,0.661679535241,0.260890170659,0.303245025233,1.0,-0.00044,-0.000578285714286,0.023
0.465078977994,0.547724239864,-0.124004120704,-1.35584677022,0.079510188225,1.89410768954,0.159158991168,-8.40610586528e-05,-0.000487347885703,0.000829087396922,-0.00104422822161,-4.6566548541e-05,0.00718958286639,-0.00189500705835,0.573815554043,0.818970386865,0.00199054691661,0.0,0.818927749501,-0.573756795526,-0.0118839213067,0.0,-0.00859065520657,0.00844945567373,-0.999927401036,0.0,0.661678490261,0.260886209913,0.303249322603,1.0,-0.00078,-0.00102514285714,0.04
0.465077997266,0.547663015076,-0.124006608776,-1.35590539483,0.0795107941716,1.89411588259,0.159156814463,5.10737263521e-05,-0.00372476435342,-0.000455634249826,-0.00462830435484,-8.54849128345e-05,0.000243346834206,-0.00121072660522,0.573819623032,0.818967506624,0.00200255308145,0.0,0.818924983759,-0.57376077372,-0.0118824415282,0.0,-0.00858251234548,0.00845848172009,-0.999927394649,0.0,0.661669098211,0.260878623032,0.303265586605,1.0,-0.00112,-0.001472,0.057
0.465077651515,0.547533500235,-0.124004132412,-1.35605509875,0.0795112334446,1.89414701776,0.15915847461,-9.94641974978e-05,-0.00776998995314,0.0013521898629,-0.0106027757399,-0.00277227262269,0.00475855963183,0.00113199398557,0.573830084881,0.81896013908,0.00201771772385,0.0,0.818917684883,-0.573771045222,-0.0118894891271,0.0,-0.00857947484322,0.00847505445323,-0.999927280388,0.0,0.661642238391,0.260863243467,0.303289099841,1.0,-0.00146,-0.00191885714286,0.074
0.465065144682,0.547383972919,-0.124004211184,-1.35626767434,0.0795075030029,1.89419820253,0.159156369189,-0.0019282382198,-0.00406242115688,-0.000207108472657,-0.0164260360513,-0.000258771017173,0.00241196067408,0.00085876074637,0.573847091951,0.818948228059,0.00201537083988,0.0,0.818905625251,-0.573787943248,-0.0119046216468,0.0,-0.00859303875693,0.00848199433523,-0.999927105072,0.0,0.661612814465,0.260837223326,0.303297884958,1.0,-0.00178,-0.00233942857143,0.09
0.465040784378,0.547203702335,-0.124002066056,-1.35647298892,0.0795024134787,1.89432234342,0.159148821257,-0.00581653462982,-0.00575141298071,0.00115491458404,-0.0131579450288,0.000294628817367,0.00326027707503,0.000213692239479,0.573869757736,0.818932124047,0.00210339262397,0.0,0.818890660327,-0.573810242165,-0.0118591448895,0.0,-0.00850505023142,0.0085282173741,-0.999927464184,0.0,0.66160141162,0.260807966747,0.303338555471,1.0,-0.00212,-0.00278628571429,0.107
0.465026080482,0.547004680377,-0.12400424715,-1.3567089153,0.0794999750748,1.89445212185,0.159126600034,-0.000614446776037,-0.00531000212853,-0.000528638785895,-0.0127704528357,0.000166189804689,0.00689112486182,-0.00446400801551,0.573877893299,0.818926201673,0.00218785230971,0.0,0.818885802691,-0.573818007843,-0.0118187531913,0.0,-0.0084234197826,0.00857428745928,-0.999927761188,0.0,0.661582923292,0.260780017041,0.303378568654,1.0,-0.00246,-0.00323314285714,0.124
0.464999296786,0.546776451034,-0.124001783669,-1.35702900271,0.0794917482844,1.8945806099,0.159111669335,-0.00195143564558,-0.0133559021802,0.00101363355273,-0.0237313674159,-0.002459899735,0.0107704375492,-0.000863808649795,0.573901642543,0.818909456844,0.00222555153852,0.0,0.818869453513,-0.573841510557,-0.0118104092597,0.0,-0.00839470359932,0.00860061503384,-0.999927776578,0.0,0.661548033562,0.260736120914,0.303398922572,1.0,-0.0028,-0.00368,0.141
0.464956279734,0.5465181092,-0.124007003069,-1.3574226887,0.0794828520197,1.89471734376,0.159022497156,-0.00460108852449,-0.0139039062669,-0.00036040430088,-0.0253249574751,-1.68795230743e-05,0.00917423872552,-0.0131015395388,0.573887102004,0.818919622587,0.00223445681601,0.0,0.818879612173,-0.57382681122,-0.0118202535145,0.0,-0.00839780800127,0.0086134080001,-0.999927640394,0.0,0.661504706948,0.26066914361,0.303406526452,1.0,-0.00314,-0.00412685714286,0.158
0.464920800256,0.546229517843,-0.124004999572,-1.35786621135,0.0794667004019,1.89488378912,0.15894813069,-0.00209637911901,-0.0181202272892,-0.00166448452387,-0.0320619433799,0.000111658199112,0.0126628541602,-0.00267731592484,0.57387439809,0.818928480863,0.00225063327992,0.0,0.818888575881,-0.57381393814,-0.0118241950857,0.0,-0.00839188694314,0.00862878685003,-0.999927557512,0.0,0.661453422153,0.26060665972,0.303414143326,1.0,-0.00348,-0.00457371428571,0.175
0.464879528723,0.545966506389,-0.12400179231,-1.35831700142,0.079446721246,1.89503551953,0.158921930247,-0.000767524904577,-0.0199601394894,0.00107080015376,-0.026603583594,-0.000512765450399,0.0100923695896,-0.00604568652656,0.573904357786,0.818907558149,0.00222401027189,0.0,0.818867202599,-0.573843891425,-0.0118507250191,0.0,-0.00842857585487,0.00862251781145,-0.999927303005,0.0,0.661398268081,0.260538218955,0.303398845742,1.0,-0.00378,-0.004968,0.19
0.46482488611,0.545604455265,-0.124006668723,-1.35892897524,0.079385242393,1.89524439502,0.158842130014,-0.00331529965423,-0.0232567757276,0.000827863871366,-0.0387739864189,-0.00525231718701,0.0138484540742,0.000828213378981,0.573904988332,0.818907250805,0.00217390174722,0.0,0.818866453759,-0.57384493435,-0.0118519673432,0.0,-0.00845834233756,0.00858220362842,-0.999927398477,0.0,0.661327726676,0.260435581253,0.303382085234,1.0,-0.00414,-0.00544114285714,0.208
0.464757438057,0.545235243761,-0.124007376774,-1.35959446209,0.0793484365685,1.89546111688,0.158733474211,-0.0061537438973,-0.0208625907681,-0.000692990448535,-0.0401849285486,0.000111906549698,0.0221622410466,-0.00520699157714,0.573899043454,0.818911590891,0.00210739852558,0.0,0.818869847629,-0.573839175573,-0.0118962230457,0.0,-0.00853281139048,0.00855308080947,-0.999927015306,0.0,0.661247563712,0.260325158395,0.303345486671,1.0,-0.00448,-0.005888,0.225
0.46469218589,0.544809839181,-0.124013008494,-1.3602937895,0.079323442434,1.8956910614,0.158659690274,-0.00924277231764,-0.0273067005916,-0.00202744573701,-0.0417216210357,0.000273226548829,0.0132853019532,-0.00336266172463,0.57392824044,0.818891203514,0.00207810820473,0.0,0.818848905277,-0.573868315184,-0.0119320600179,0.0,-0.00857866370013,0.00854996745277,-0.999926649603,0.0,0.661163560076,0.260212877938,0.303333855707,1.0,-0.00482,-0.00633485714286,0.242
0.464629239275,0.544402342336,-0.124009860469,-1.36098175902,0.0792919248935,1.89594187856,0.158587480585,-0.0024604487841,-0.0295884682557,-1.43341928213e-05,-0.0415699123556,-0.00439281841074,0.0196720695532,-0.00841360493627,0.573948487579,0.818877063862,0.00205785975318,0.0,0.818834381694,-0.573888524117,-0.0119567614571,0.0,-0.00861030139366,0.00854777604442,-0.999926396409,0.0,0.661083526172,0.260108686312,0.303316431308,1.0,-0.00514,-0.00675542857143,0.258
0.464558073868,0.54390422267,-0.124013049527,-1.36178062225,0.0792553868018,1.89621877109,0.158481069366,-0.00354322216741,-0.0316375428988,-0.00153631739828,-0.0483304542922,-0.00621515899391,0.0127175645098,-0.00267933360376,0.573956568123,0.818871436638,0.00204329825229,0.0,0.818828439504,-0.573896540397,-0.01197891821,0.0,-0.00863671844963,0.0085486540931,-0.999926161078,0.0,0.660989348471,0.259984381169,0.303312774588,1.0,-0.00548,-0.00720228571429,0.275
0.464474562738,0.543394561234,-0.124013710833,-1.36263178819,0.0792109634602,1.89651669077,0.158373596286,-0.00309145304924,-0.0352161984014,-0.000127554235389,-0.0552595555256,-0.00138320841145,0.0189832199494,-0.00593938192316,0.573972939133,0.81886004621,0.00200917018156,0.0,0.818816507797,-0.573912958458,-0.0120078963123,0.0,-0.00867986484053,0.0085375136244,-0.999925882657,0.0,0.660890576573,0.259847477597,0.303294066806,1.0,-0.00582,-0.00764914285714,0.292
0.464392219916,0.542835418022,-0.124019277775,-1.3635070853,0.0791582365777,1.89683288432,0.15826047223,-0.00332477514365,-0.0319368231042,0.000727034686421,-0.052188181675,-0.000414888648701,0.0273804763226,-0.00552147100206,0.573984090137,0.818852240286,0.00200493141933,0.0,0.81880864864,-0.573924128104,-0.0120099538955,0.0,-0.00868386632764,0.00853534197716,-0.999925866454,0.0,0.660785792328,0.259699600919,0.303297728442,1.0,-0.00618,-0.00812228571429,0.31
0.464317953775,0.542237232706,-0.124022609192,-1.36442569238,0.0790972008815,1.89716761123,0.158138864356,-0.00389774282677,-0.037651342157,-0.0008596519254,-0.0494205078986,-0.00172453876452,0.0231882044056,-0.00891104353133,0.573984553672,0.818851887561,0.00201625522053,0.0,0.818808503762,-0.573924602741,-0.0119971428423,0.0,-0.00866687144939,0.00853726596879,-0.999925997476,0.0,0.660686595109,0.259566850058,0.303315466445,1.0,-0.0065,-0.00854285714286,0.326
0.46423768542,0.541655256254,-0.124023292386,-1.36533110202,0.0790473664214,1.89749913952,0.158012208087,-0.00615941560251,-0.0347579307063,0.00101880828781,-0.056417115297,-0.00476180604627,0.0237729475325,-0.00274959001292,0.573979162267,0.818855664085,0.0020173198965,0.0,0.818812222077,-0.573919136487,-0.012004859565,0.0,-0.00867263573343,0.00854250989312,-0.999925902712,0.0,0.660573608584,0.259423452538,0.303319112679,1.0,-0.00684,-0.00898971428571,0.343
0.464154240688,0.540996554476,-0.124023625705,-1.36634367987,0.0789872812171,1.89787668107,0.157890175036,-0.00524823300126,-0.0371298793419,0.000299155117611,-0.0597915492207,-0.00477126498443,0.0298551744553,-0.004477464344,0.573992794214,0.818846037601,0.00204592186896,0.0,0.818802975576,-0.573932652835,-0.0119893327437,0.0,-0.0086433626564,0.00855716226829,-0.999926030892,0.0,0.660467015871,0.259277061021,0.303341227828,1.0,-0.00716,-0.00941028571429,0.359
0.464061344886,0.540252575639,-0.124026567792,-1.36746915134,0.0789171359283,1.89829480845,0.157740701546,-0.00328473961506,-0.04735100428,-0.00209009212642,-0.0662537198984,-0.00800980398299,0.0188903006981,-0.00566507446851,0.573992129064,0.818846429698,0.00207539043367,0.0,0.818803781507,-0.573931893813,-0.0119706121727,0.0,-0.00861112606777,0.00857053971184,-0.999926194455,0.0,0.660338727805,0.259107200452,0.303367697689,1.0,-0.00752,-0.00988342857143,0.377
0.463978500523,0.539561425645,-0.124034326021,-1.3685516849,0.0788531393947,1.89870656559,0.157602380488,-0.00494170857794,-0.0452431826127,-0.00695436841452,-0.0755457238568,0.000198910603854,0.0273378310017,-0.0133045075992,0.573995041206,0.818844349546,0.00209064326221,0.0,0.818801931556,-0.573934773484,-0.0119590788156,0.0,-0.00859289668671,0.0085764398019,-0.999926300688,0.0,0.660215640349,0.258946153709,0.303376775112,1.0,-0.00784,-0.010304,0.393
0.463869711248,0.53880323986,-0.124030104554,-1.36971157864,0.078792733541,1.89914442893,0.157457463995,-0.004736967912,-0.0449653907344,0.000246661692232,-0.0714653929848,-0.00487912664497,0.0161576859449,-0.0124153248714,0.574010498528,0.818833419442,0.00212736585723,0.0,0.818791376652,-0.573949973638,-0.0119522459252,0.0,-0.00856606174651,0.00860274909052,-0.999926304932,0.0,0.660085194889,0.258768986409,0.303398157645,1.0,-0.00818,-0.0107508571429,0.41
0.463767978845,0.538063759999,-0.12403953223,-1.37086122106,0.0787253060763,1.89958231521,0.157321191454,-0.00798621125758,-0.0411664341306,-0.00283506301366,-0.0788441954177,-0.0050221404519,0.0346380955757,-0.00397555783273,0.574034344543,0.818816646697,0.00214878515558,0.0,0.818774920384,-0.573973766388,-0.0119370075474,0.0,-0.00854103862412,0.0086117895016,-0.999926441165,0.0,0.65995808521,0.258588408707,0.303411519738,1.0,-0.0085,-0.0111714285714,0.426
0.463659290066,0.537264600037,-0.124039237468,-1.37213164819,0.0786486068362,1.90005041907,0.157176321623,-0.00619309716104,-0.0447979778712,0.000519420355076,-0.076827016855,-0.00140178634753,0.0323547727671,-0.00491016172085,0.574054025268,0.81880285853,0.00214518945932,0.0,0.818761066706,-0.573993440542,-0.0119412211393,0.0,-0.00854634586847,0.0086114694691,-0.999926398574,0.0,0.659810425648,0.258395892278,0.30341170532,1.0,-0.00884,-0.0116182857143,0.443
0.463544222337,0.536423502316,-0.124039183024,-1.3734428259,0.0785807427005,1.90055105002,0.157010551404,-0.0062248820832,-0.049986937663,0.00419234911105,-0.0815563106855,-0.00203726423241,0.0238920218911,-0.00839257758731,0.574066588939,0.81879396783,0.00217637539812,0.0,0.818752489778,-0.57400578177,-0.0119360746996,0.0,-0.00852409801709,0.00863418069875,-0.999926392629,0.0,0.659661840171,0.258198386573,0.303424801029,1.0,-0.00918,-0.0120651428571,0.46
0.463426855312,0.535567106913,-0.124045900199,-1.37480413855,0.0785008599116,1.90104255566,0.156842946248,-0.00633684216067,-0.0461920711579,0.000550341040474,-0.085863293108,-0.00476900549563,0.0368589122045,-0.00867532244223,0.574083535048,0.818782118787,0.00216417240125,0.0,0.818740459088,-0.574022752643,-0.0119451665027,0.0,-0.00853836892943,0.00862958506421,-0.999926310544,0.0,0.659502691016,0.257987145153,0.303424084783,1.0,-0.00952,-0.012512,0.477
0.46331244609,0.534709039315,-0.124050992636,-1.37616806319,0.0784140769137,1.90153061128,0.156678468666,-0.00961088479514,-0.0528402548592,0.000740098340242,-0.0910646593474,-0.00961115974511,0.0324938820363,-0.0103490143177,0.574097788409,0.818772166741,0.00214830513893,0.0,0.818730290227,-0.574037059139,-0.0119546434514,0.0,-0.00855508726918,0.00862218286031,-0.999926231501,0.0,0.659331883854,0.257765738691,0.303422826912,1.0,-0.00986,-0.0129588571429,0.494
0.463190340037,0.533805662921,-0.124054432214,-1.3776494327,0.078338847005,1.9020758178,0.156494553276,-0.00363323429049,-0.0512881512347,0.00117832303687,-0.0868502187025,-0.00631548217063,0.0348094817292,-0.0177739184418,0.574106210983,0.818766328925,0.00212227022034,0.0,0.818723980194,-0.574045454776,-0.0119836141011,0.0,-0.00859366560567,0.00861758672254,-0.999925940313,0.0,0.659155453621,0.257542961416,0.30340088236,1.0,-0.0102,-0.0134057142857,0.511
0.46306061472,0.532886389384,-0.124052478769,-1.37914414384,0.078252114913,1.90264647276,0.156302818358,-0.00932784936667,-0.0535018285147,-0.000352399971165,-0.0899560828787,-0.00429922314339,0.0367947541293,-0.0118038738315,0.574116979517,0.818758787399,0.00211867584623,0.0,0.818716374324,-0.574056219398,-0.0119875887925,0.0,-0.00859887017204,0.00861703878112,-0.999925900292,0.0,0.658993442356,0.257330453496,0.303388530675,1.0,-0.01052,-0.0138262857143,0.527
0.462927181545,0.531915669784,-0.124054709976,-1.38068820052,0.0781629726301,1.90321301906,0.156109635943,-0.0076067281647,-0.0625046290848,-0.000560246342993,-0.0940750411606,-0.00293573607398,0.0347718174571,-0.00886878728303,0.574129980102,0.8187496836,0.00211387211958,0.0,0.818707151817,-0.574069182239,-0.0119966857366,0.0,-0.00860893956083,0.00861846509775,-0.999925801357,0.0,0.658811922959,0.257094709034,0.303387106431,1.0,-0.01086,-0.0142731428571,0.544
0.462793246557,0.530916941736,-0.124058447413,-1.3823076609,0.0780712995567,1.90378774238,0.155896988966,-0.00760889120786,-0.057022644934,0.00185179086096,-0.0939499032394,-0.00542066378586,0.0306129508798,-0.0207932645902,0.574131682706,0.818748584433,0.00207684917945,0.0,0.818705465617,-0.574070936668,-0.0120277655165,0.0,-0.00865562388431,0.00860601472209,-0.999925505568,0.0,0.658615355647,0.256849351992,0.303370087591,1.0,-0.0112,-0.01472,0.561
0.462649552868,0.529895292527,-0.124057877404,-1.3839501012,0.0779679131138,1.9043741038,0.155670836692,-0.00288342609045,-0.0553797126031,0.00100766519452,-0.0965325691839,-0.00427495508964,0.0307307603184,-0.0133425444014,0.574125159268,0.818753238312,0.00204527501197,0.0,0.818709679669,-0.574064520995,-0.0120471180083,0.0,-0.00868966436452,0.00859120540243,-0.999925337674,0.0,0.658418054771,0.256596578559,0.303358900797,1.0,-0.01154,-0.0151668571429,0.578
0.462511988047,0.528891136344,-0.124056275324,-1.38551324881,0.0778693328723,1.90496239329,0.155474384367,-0.00885552554944,-0.0666982238827,-0.00032035139365,-0.0972564048885,-0.00616772454889,0.0365858181572,-0.00793079340738,0.574134137429,0.818746895427,0.00206406585718,0.0,0.818703596244,-0.574073431912,-0.0120359117139,0.0,-0.00866960689591,0.0086002515117,-0.999925434015,0.0,0.658223314749,0.256342848249,0.303370205426,1.0,-0.01188,-0.0156137142857,0.595
0.462376836979,0.527788683186,-0.124058969145,-1.3872303746,0.0777592676108,1.90562575397,0.155234613553,-0.00443438872332,-0.0678926965672,0.000318815610312,-0.101240899655,-0.00535019736744,0.0369393674579,-0.0185450725588,0.57411392457,0.818760968208,0.00210367676683,0.0,0.818718280854,-0.574053148836,-0.0120044078687,0.0,-0.00862128432368,0.00861438219322,-0.99992573018,0.0,0.658037419854,0.256105880573,0.303389465202,1.0,-0.0122,-0.0160342857143,0.611
0.462224123891,0.526634676403,-0.124062060102,-1.38901237911,0.0776535636991,1.90630371165,0.154982868373,-0.0109292063291,-0.0603822955901,0.000457269674421,-0.105770686718,-0.00751729081343,0.0388312637858,-0.00660491110964,0.57410296103,0.818768545716,0.00214606233847,0.0,0.818726410503,-0.574042009241,-0.011982623772,0.0,-0.0085792306797,0.0086364639822,-0.9999259014,0.0,0.657831027207,0.255836122173,0.303412315717,1.0,-0.01254,-0.0164811428571,0.628
0.462068298174,0.525456633181,-0.124065791338,-1.39085168965,0.0775311026158,1.90696403318,0.154743338078,-0.0145750177734,-0.0649445910406,-0.000164968469785,-0.109574152164,-0.00509751761499,0.0426283166228,-0.0147410427987,0.574103027875,0.818768517988,0.00213874663928,0.0,0.81872634795,-0.574042167348,-0.0119793230082,0.0,-0.00858072699532,0.00862857996299,-0.999925956625,0.0,0.657609581507,0.255553626936,0.303422966475,1.0,-0.01288,-0.016928,0.645
0.461925522249,0.524333392919,-0.124071118504,-1.39261070177,0.0774219064802,1.90759279756,0.154497315278,-0.00577581272247,-0.0709167408285,-0.000388288817427,-0.110757061116,-0.00307649592381,0.0357888542922,-0.0179644722098,0.574086204765,0.818780347914,0.00212562207188,0.0,0.818738033233,-0.574025427457,-0.0119828407083,0.0,-0.00859131877523,0.00861967713456,-0.999925942462,0.0,0.657383792369,0.255266425403,0.303428022013,1.0,-0.01322,-0.0173748571429,0.662
0.461753603956,0.523072098702,-0.124074807234,-1.3946292861,0.0772917549382,1.90835412415,0.154218338739,-0.00977697515779,-0.0743536101346,0.00136353258399,-0.114943770244,-0.00376388369606,0.0434769928358,-0.0185218300168,0.574075556603,0.818787809311,0.00212733085444,0.0,0.818745548664,-0.574014805405,-0.0119781726655,0.0,-0.00858662766908,0.00861828473633,-0.999925994758,0.0,0.657157055139,0.25498005359,0.303422344095,1.0,-0.01356,-0.0178217142857,0.679
0.461603879992,0.521901434888,-0.124084746217,-1.39647998594,0.077181831381,1.90907448294,0.153974433664,-0.00914840884305,-0.0702294989698,-0.0041411919786,-0.119176199556,-0.00895746791338,0.0420695721658,-0.0134441854091,0.57407517745,0.818787994143,0.00215828251649,0.0,0.818746185348,-0.574014347178,-0.0119565928811,0.0,-0.00855119420916,0.00863123493522,-0.999926186706,0.0,0.656942101081,0.254702660421,0.303426897185,1.0,-0.01388,-0.0182422857143,0.695
0.461438698709,0.520643369319,-0.124083781699,-1.39849109836,0.0770488898993,1.90983196321,0.153704272552,-0.0116501407414,-0.0750395032974,1.40931886397e-05,-0.116831594683,-0.0116007864157,0.0405556915108,-0.0206671912938,0.574060103052,0.818798572801,0.00215456821765,0.0,0.818756789131,-0.573999364129,-0.0119497753956,0.0,-0.00854790282589,0.00862412269196,-0.999926276215,0.0,0.656701101356,0.254402447461,0.303419027307,1.0,-0.01422,-0.0186891428571,0.712
0.461273975428,0.519326968907,-0.124089722562,-1.40054466115,0.0769222371804,1.91056772768,0.153427748636,-0.0125094141879,-0.081924161998,-0.00060226715111,-0.127599720211,-0.0108021515262,0.0408572638005,-0.0184221201888,0.574047746682,0.818807243228,0.00215171296274,0.0,0.818765398501,-0.573986996981,-0.0119539288664,0.0,-0.00855307295215,0.00862404009065,-0.999926232717,0.0,0.656447670379,0.254093850554,0.303429864953,1.0,-0.01456,-0.019136,0.729
0.461106317824,0.518062345372,-0.124087377714,-1.40252218106,0.0767927078666,1.9112824056,0.153164176639,-0.0105004012887,-0.0806949453438,0.00183612226141,-0.122659925893,-0.00547499365055,0.0502047090248,-0.0185521021499,0.574037389768,0.818814511214,0.00214901697627,0.0,0.818772645092,-0.5739766663,-0.0119536225907,0.0,-0.00855447873917,0.00862154861575,-0.999926242176,0.0,0.656204959084,0.253794664261,0.303438069665,1.0,-0.01488,-0.0195565714286,0.745
0.460925211579,0.516701265918,-0.124096099914,-1.4046622675,0.0766579426705,1.91205743736,0.152862289577,-0.00990319741125,-0.0788948833584,-0.00143836304633,-0.128198939982,-0.0102877049126,0.0483141758032,-0.015781961356,0.574021488052,0.818825679025,0.00214138391376,0.0,0.818783731953,-0.573960816634,-0.011955256537,0.0,-0.00856036540554,0.00861607034593,-0.999926239018,0.0,0.655943827744,0.253465467153,0.303441795552,1.0,-0.01522,-0.0200034285714,0.762
0.460742342397,0.515328333084,-0.124101435345,-1.40683118454,0.0765188269113,1.91288145798,0.152567368536,-0.0114826903385,-0.0792136372432,0.000565530326586,-0.129258870331,-0.0066632949179,0.0440551718957,-0.0147720228355,0.574010590713,0.818833273617,0.00215839471949,0.0,0.818791628505,-0.573949931885,-0.0119369878669,0.0,-0.00853575668975,0.00861939893431,-0.999926420703,0.0,0.65568507545,0.253136466283,0.30344383914,1.0,-0.01556,-0.0204502857143,0.779
0.46055353858,0.513954684733,-0.124105697905,-1.40907232108,0.0763860369751,1.91367555862,0.152272213625,-0.014980906465,-0.0850043041263,-0.00103777946592,-0.13037057859,-0.00655512592567,0.0500855631256,-0.00833206458428,0.574008558463,0.818834859013,0.00209651558626,0.0,0.818792290081,-0.57394803753,-0.0119826048858,0.0,-0.0086086493191,0.00859489403356,-0.999926006739,0.0,0.655403269512,0.252794736101,0.303409025204,1.0,-0.0159,-0.0208971428571,0.796
0.460362085682,0.512553123004,-0.124108807695,-1.4113505192,0.0762627275619,1.91447035743,0.151946411256,-0.00896943346863,-0.0814475278858,0.00251003388286,-0.134016158121,-0.0064284463646,0.0516659190228,-0.0146434715966,0.573986947717,0.818850162307,0.00203529885738,0.0,0.81880654034,-0.573926435664,-0.0120433734905,0.0,-0.00869377390077,0.00857942038641,-0.999925403138,0.0,0.655112533352,0.252449551445,0.303375741927,1.0,-0.01624,-0.021344,0.813
0.460164469613,0.511106431188,-0.124112426113,-1.41365813292,0.0761142833267,1.91533812702,0.151615728993,-0.0125137976188,-0.0880122719399,-0.000654048002874,-0.136333725825,-0.00660423786033,0.0437478401057,-0.0197722549443,0.573961264849,0.818868166488,0.00203451884718,0.0,0.818824591668,-0.573900815944,-0.0120369613699,0.0,-0.0086892397554,0.00857482872911,-0.999925481936,0.0,0.654832697985,0.252098066996,0.303365887119,1.0,-0.01658,-0.0217908571429,0.83
0.459975902535,0.509718577569,-0.124117444445,-1.41587237401,0.0759743541309,1.91617573659,0.151312424539,-0.0148246632254,-0.0872746542484,-0.000107953444371,-0.137073713099,-0.0123378469775,0.0502649243255,-0.0257419341229,0.573948697121,0.818876965633,0.00203841351748,0.0,0.81883348861,-0.573888279554,-0.0120294398459,0.0,-0.00868097670838,0.00857356764611,-0.99992556452,0.0,0.654564250018,0.251761383978,0.303356261133,1.0,-0.0169,-0.0222114285714,0.846
0.459773898115,0.508218178968,-0.124122244971,-1.41823928693,0.0758244925847,1.9170226375,0.150980880101,-0.0138350137435,-0.0892608304631,0.000350231686126,-0.140121042443,-0.00318203285504,0.0481491481429,-0.0227780559919,0.573928370585,0.818891261481,0.00201846692529,0.0,0.81884750095,-0.573868017968,-0.0120422191408,0.0,-0.00870310197121,0.00856435269759,-0.999925451161,0.0,0.65426709978,0.251398560262,0.3033530253,1.0,-0.01724,-0.0226582857143,0.863
0.459547265319,0.50659050733,-0.124123564045,-1.42079929426,0.0756694826087,1.91794834773,0.150648302551,-0.0118714025725,-0.0882122756307,0.00134534330044,-0.147246147577,-0.00441420670657,0.0459337078262,-0.00946153332945,0.573933192467,0.818887894006,0.00201358809226,0.0,0.81884397881,-0.573872770725,-0.0120552182892,0.0,-0.00871649675863,0.00856786936181,-0.99992530436,0.0,0.653947480597,0.251005001654,0.303353081347,1.0,-0.0176,-0.0231314285714,0.881
0.459333553869,0.505079497902,-0.124130025766,-1.42310022934,0.0755229827508,1.9188466655,0.150316073765,-0.0158894661793,-0.0945808596251,-0.000789846510926,-0.139984752701,-0.00515178602809,0.0544895658377,-0.0109331345391,0.57391914773,0.818897513451,0.00210267307833,0.0,0.818854899714,-0.5738584874,-0.0119931878232,0.0,-0.00861472075465,0.00860506996102,-0.999925866931,0.0,0.653658835393,0.25062459557,0.303392348208,1.0,-0.01794,-0.0235782857143,0.898
0.459107833852,0.503423802298,-0.124135067171,-1.42558296697,0.0753625619242,1.91978432763,0.149969008412,-0.011199939182,-0.0933923947461,0.000333792198571,-0.147197878569,-0.0125888485524,0.0522102725243,-0.013185768435,0.573908691387,0.818904615247,0.00218905893928,0.0,0.818863202211,-0.573847750831,-0.0119399259251,0.0,-0.00852163796493,0.00864513352137,-0.999926318962,0.0,0.653378714011,0.250260096522,0.30344827011,1.0,-0.01826,-0.0239988571429,0.914
0.458875935985,0.501723945397,-0.124144033077,-1.42809850261,0.0751932852033,1.92070501097,0.149612228788,-0.0177931778296,-0.0963811729698,0.000781283697885,-0.147240474468,-0.0120884507703,0.054788696495,-0.0208887605054,0.573895613338,0.818913558201,0.00227070194697,0.0,0.818873339834,-0.573834480768,-0.0118822932228,0.0,-0.00842772620977,0.00867878033745,-0.999926823424,0.0,0.653071246896,0.249862517439,0.303517685574,1.0,-0.0186,-0.0244457142857,0.931
0.45865194317,0.500101648276,-0.124144736833,-1.43054463401,0.0750349307004,1.92155582986,0.149272266115,-0.0192138853006,-0.0980154607094,0.000199382275281,-0.151550678668,-0.00281203867763,0.0501549310423,-0.0262362087299,0.57388270907,0.818922540023,0.00229272177887,0.0,0.818882567765,-0.57382144933,-0.0118756642384,0.0,-0.00840979810316,0.00869287562736,-0.999926851929,0.0,0.652758969219,0.249479336762,0.303559105784,1.0,-0.01892,-0.0248662857143,0.947
0.458410042245,0.498427221718,-0.124142526138,-1.43316077878,0.0748687364219,1.92253995353,0.1488871176,-0.0170180285471,-0.0948880524376,0.00173384682928,-0.155122845691,-0.00948315215157,0.051341788871,-0.0159500215214,0.573852077729,0.818943912453,0.00232552003387,0.0,0.818904376618,-0.573790703156,-0.011857395557,0.0,-0.00837634140407,0.00870893728452,-0.999926992993,0.0,0.652436830199,0.249074463832,0.303566936884,1.0,-0.01926,-0.0253131428571,0.964
0.458144162025,0.496750938807,-0.124145150029,-1.43582425905,0.074714160554,1.92350013319,0.148499579785,-0.0115926044232,-0.09433892768,-4.41981287077e-05,-0.154408983967,-0.00828866414795,0.0520444368634,-0.0188537138329,0.573847658759,0.818947060127,0.00230741148767,0.0,0.818907122037,-0.573786182994,-0.0118864874468,0.0,-0.00841060504992,0.008710756402,-0.999926689536,0.0,0.652103722322,0.248645941558,0.303551040387,1.0,-0.0196,-0.02576,0.981
0.457875740881,0.495079810145,-0.124145803307,-1.43855202316,0.0745445450919,1.92443282923,0.148103628784,-0.0191996105397,-0.0983903997851,0.00128205782382,-0.158698804655,-0.00873596253554,0.0512926690763,-0.0236088160404,0.573835227193,0.818956059926,0.00220246291454,0.0,0.818914578629,-0.573773994535,-0.0119608948252,0.0,-0.00853189562038,0.00866737866296,-0.999926038917,0.0,0.65174910377,0.248205217061,0.303497942614,1.0,-0.01994,-0.0262068571429,0.998
0.457568512087,0.493072436181,-0.12419910742,-1.44164264171,0.0743670716982,1.92555011278,0.147673177678,-0.0217757805856,-0.144749405265,-0.00235839003932,-0.212904163557,-0.00572993393702,0.0826124221399,-0.0314279158592,0.573880229491,0.818924455781,0.00222818856671,0.0,0.818883344837,-0.573818921938,-0.0119440058319,0.0,-0.00850282542028,0.00867922241625,-0.999926183805,0.0,0.651372651279,0.247681010318,0.303522995067,1.0,-0.032148,-0.0422516571429,1.015
0.45723252373,0.490117129673,-0.124268890163,-1.44616516878,0.0741137519881,1.92730304413,0.146985906797,-0.0223154426953,-0.199326008421,-0.0017073878726,-0.319864335504,-0.0132618369958,0.130493681346,-0.0520589902661,0.573801667097,0.818979069592,0.00238271015548,0.0,0.818940097976,-0.573739888824,-0.0118491687709,0.0,-0.00833732587509,0.00875053815762,-0.999926955872,0.0,0.65081260707,0.24700196586,0.303580377926,1.0,-0.0460542857143,-0.0605284897959,1.031
0.456621474491,0.485820711791,-0.124312801854,-1.45294636089,0.0737578648776,1.92989812046,0.145964349155,-0.0428346921956,-0.278370315667,-0.00750429055516,-0.433935005481,-0.0256269247971,0.169130268555,-0.0737454726568,0.573739730228,0.819022120658,0.00249694465229,0.0,0.818984258054,-0.573677122468,-0.0118360093784,0.0,-0.00826167254091,0.00883591730996,-0.999926832989,0.0,0.649967696768,0.245949967655,0.303564595276,1.0,-0.0608297142857,-0.0799476244898,1.048
0.455788915859,0.480287644853,-0.124481855394,-1.46180330204,0.0732215586718,1.93302583269,0.144611974885,-0.0566736724987,-0.346999409521,-0.0109324821669,-0.563976923694,-0.0377483527074,0.196974094251,-0.0797682176769,0.573726123448,0.819032217198,0.00230420630354,0.0,0.818991991515,-0.573664421407,-0.0119162220116,0.0,-0.00843809101822,0.00872394233315,-0.999926343012,0.0,0.648834708817,0.244459750599,0.303463922867,1.0,-0.0756051428571,-0.0993667591837,1.065
0.454711126078,0.473424713051,-0.12464436045,-1.47259381772,0.0725727974405,1.9367746587,0.143044070762,-0.0653558699281,-0.427329504175,-0.00897871396368,-0.670174766046,-0.041197727125,0.235703900467,-0.0991284851726,0.573789056164,0.818988573655,0.00214059580102,0.0,0.818946060012,-0.573727858187,-0.0120184205294,0.0,-0.00861499550817,0.0086492371941,-0.999925483498,0.0,0.647432075193,0.2426290046,0.303408967761,1.0,-0.0903805714286,-0.118785893878,1.082
0.453436635222,0.465334698925,-0.124781903361,-1.48485624437,0.071856673927,1.94135054775,0.141115999995,-0.080083515873,-0.502780059327,-0.00358893937808,-0.758144318717,-0.0529394004963,0.290608564715,-0.119827054164,0.573745585149,0.819018044524,0.00248860771686,0.0,0.818980038391,-0.573682970899,-0.0118445142632,0.0,-0.00827335832957,0.00883402789266,-0.999926753064,0.0,0.645884688064,0.240574840144,0.303558782108,1.0,-0.105156,-0.138205028571,1.099
0.451888275112,0.456230291703,-0.124895344982,-1.49912493575,0.0709654293474,1.94632311645,0.138901625408,-0.0973135005474,-0.552406519066,-0.00506778705217,-0.881587163016,-0.0611529554776,0.289748489964,-0.139564863278,0.573697723635,0.819051930716,0.0023671897993,0.0,0.819011954014,-0.573635179549,-0.0119518562374,0.0,-0.00843144991285,0.00879567880371,-0.999925770588,0.0,0.644102995741,0.238294457264,0.303496841298,1.0,-0.119062285714,-0.156481861224,1.115
0.450185867952,0.446401565199,-0.125077599158,-1.51393476844,0.0699425792889,1.95160698761,0.136569873366,-0.104437772799,-0.633893122632,-0.0075998561396,-0.955744605353,-0.0606702185324,0.341192460948,-0.145914642017,0.573717874191,0.819037372316,0.00251604559857,0.0,0.819000101596,-0.573655565672,-0.0117844159883,0.0,-0.00820869158698,0.00882174153611,-0.999927394494,0.0,0.642041370103,0.235515069086,0.303627875039,1.0,-0.133837714286,-0.175900995918,1.132
0.448134099587,0.435057657851,-0.125208372401,-1.53137789219,0.068817468867,1.95756117859,0.133797964363,-0.129640500218,-0.697364633594,-0.00479901459589,-1.03520980844,-0.0697524220833,0.363309843392,-0.171728092579,0.57369002982,0.819057241388,0.00239414211579,0.0,0.819017725095,-0.573627493471,-0.0119252511937,0.0,-0.00839427922055,0.00880241201585,-0.999926024073,0.0,0.639635896286,0.232445676027,0.303600698973,1.0,-0.148613142857,-0.195320130612,1.149
0.445931945327,0.423265099604,-0.125354705276,-1.54906871999,0.0676099513962,1.96373964416,0.13087131712,-0.144789117466,-0.753669159965,-0.00764076970446,-1.1389627582,-0.0773353624006,0.377915951407,-0.191431125765,0.573619251593,0.819106176479,0.00260245213921,0.0,0.819069493739,-0.573556055415,-0.0118051947956,0.0,-0.0081772132249,0.00890344757864,-0.999926928233,0.0,0.637047166781,0.229052773066,0.30375064612,1.0,-0.163388571429,-0.214739265306,1.166
0.443288862693,0.409796542726,-0.125511251959,-1.56913089519,0.0661665776971,1.97085755083,0.127516129377,-0.157774409339,-0.79399146113,-0.00911860316166,-1.21373938888,-0.0812634609281,0.41979207834,-0.20693893342,0.573599840406,0.819118512769,0.00297187267978,0.0,0.819087527369,-0.573536400452,-0.0115050756965,0.0,-0.00771969196246,0.00903370735518,-0.999929396751,0.0,0.634451584657,0.225573137607,0.303946534906,1.0,-0.177294857143,-0.233016097959,1.182
0.440287942647,0.395368719816,-0.125697846814,-1.59061452099,0.064751114646,1.97819735264,0.123860696256,-0.177482409267,-0.886573901212,-0.0101548923861,-1.27741435423,-0.0879901856646,0.444654730942,-0.222511907455,0.573673330304,0.819066072662,0.00322887183556,0.0,0.819037758832,-0.57360831012,-0.0114631177926,0.0,-0.007537088266,0.00922083044109,-0.999929081779,0.0,0.63139528608,0.221527434913,0.304089255999,1.0,-0.192070285714,-0.252435232653,1.199
0.436958372185,0.380147391677,-0.125864881968,-1.61342599268,0.0630088939516,1.98582935771,0.119827172311,-0.204287711742,-0.92704157126,-0.0133732195744,-1.35910961551,-0.109773685476,0.463812136809,-0.244009413317,0.57360226168,0.8191160616,0.00317331448424,0.0,0.819087543803,-0.573538042948,-0.0114217240359,0.0,-0.00753584611841,0.00915092528956,-0.999929733326,0.0,0.628058643501,0.217137862863,0.304103884088,1.0,-0.206845714286,-0.271854367347,1.216
0.433260244203,0.364013125142,-0.126041955169,-1.63740504195,0.0612303690461,1.99376591661,0.115534509997,-0.227499756184,-0.969289933068,-0.0133443459941,-1.41088648948,-0.114528220365,0.473699429893,-0.251951739095,0.573619993453,0.819103520175,0.00320519102714,0.0,0.819075279716,-0.57355551443,-0.0114238752208,0.0,-0.00751912618542,0.00917843267971,-0.99992960708,0.0,0.624474784765,0.212434113611,0.304137274603,1.0,-0.221621142857,-0.291273502041,1.233
0.429380442178,0.348070998103,-0.126252819012,-1.6611228876,0.0594158743779,2.00145115953,0.111112345827,-0.250918883607,-0.993398608098,-0.011924134454,-1.46834760094,-0.100792462501,0.467716163392,-0.292774783604,0.573637510242,0.819091766658,0.00307108081487,0.0,0.819061660879,-0.573573277791,-0.0115081529295,0.0,-0.00766489099752,0.00911708827906,-0.999929061558,0.0,0.62084782914,0.207638630748,0.304081290505,1.0,-0.235527428571,-0.309550334694,1.249
0.424872946018,0.33026428842,-0.126454923445,-1.68720468224,0.0574067579029,2.00988773712,0.106111563767,-0.276011620703,-1.04301755763,-0.00836552270321,-1.51687720054,-0.112165571752,0.484951814259,-0.302465080999,0.573660398286,0.819075381447,0.00316446618434,0.0,0.819046232498,-0.573595572581,-0.0114950009573,0.0,-0.00760029483014,0.00918624779735,-0.999928921659,0.0,0.616786474693,0.202278103415,0.304120819177,1.0,-0.250302857143,-0.328969469388,1.266
0.420027132361,0.311677644767,-0.126630265492,-1.71424922172,0.0551641532245,2.01843047056,0.100740395363,-0.29262498604,-1.08544424334,-0.00428023724242,-1.56081114491,-0.125743619368,0.498392061473,-0.328975513543,0.57352903309,0.819167457443,0.00314193747153,0.0,0.819138267747,-0.573464595894,-0.0114718119634,0.0,-0.00759569137647,0.00915327466985,-0.999929259016,0.0,0.612436528325,0.196653881978,0.304134732321,1.0,-0.265078285714,-0.348388604082,1.283
0.414661201009,0.292231310013,-0.126841946511,-1.74219048094,0.0528118061082,2.02702913415,0.0949798643859,-0.330316057601,-1.15659745162,-0.0117099241332,-1.60526527991,-0.133160772795,0.497171575895,-0.331786421257,0.573458579304,0.819216757732,0.00314778886882,0.0,0.81918768253,-0.573394180352,-0.0114630549842,0.0,-0.00758594897251,0.0091523933062,-0.999929341041,0.0,0.607834953345,0.19065320655,0.304189152633,1.0,-0.279853714286,-0.367807738775,1.3
0.408793847982,0.272076627179,-0.127087114853,-1.77089527105,0.0504317652262,2.03576571702,0.08882469072,-0.359129482627,-1.18739886544,-0.0136716940302,-1.66444925863,-0.135408222054,0.50706270445,-0.373713158314,0.573447575581,0.819223979244,0.00327059534694,0.0,0.81919595659,-0.573382155244,-0.0114732582791,0.0,-0.00752401215389,0.00925874888763,-0.999928829872,0.0,0.603007780299,0.184332528074,0.304243578795,1.0,-0.294629142857,-0.387226873469,1.317
0.402316238581,0.251153163349,-0.12744572116,-1.80025881533,0.0478151683156,2.04460571061,0.0823120820122,-0.392030185388,-1.2607381153,-0.0202745397044,-1.72787837699,-0.152317548983,0.533082628109,-0.391079195551,0.573591822952,0.819122085661,0.00348945945598,0.0,0.819097615441,-0.573526682113,-0.0112689034669,0.0,-0.00722944879606,0.00932213828187,-0.999930413983,0.0,0.598005406028,0.177574657206,0.304369221945,1.0,-0.309404571429,-0.406646008163,1.334
0.395371108004,0.229601824239,-0.127722669895,-1.83033635939,0.0450897071519,2.05336113039,0.0753108063166,-0.412492888854,-1.29399471659,-0.0126521902669,-1.78187146899,-0.157903821288,0.531379226119,-0.420944597095,0.573553871254,0.819148178238,0.00360080007045,0.0,0.819125147348,-0.57348845547,-0.0112129980618,0.0,-0.00712022675051,0.00938094494727,-0.999930647717,0.0,0.592687187906,0.17059813379,0.304419143651,1.0,-0.32418,-0.426065142857,1.351
0.388381553057,0.208710450799,-0.127966538765,-1.8591646832,0.0423960498634,2.06143104591,0.0682925980315,-0.453760196762,-1.29985395528,-0.018188491158,-1.81136854281,-0.171894683183,0.491772667937,-0.442362754436,0.573403879389,0.819253129584,0.00361215589945,0.0,0.819229940464,-0.573338053698,-0.0112484546265,0.0,-0.00714448277613,0.00940927494011,-0.99993020852,0.0,0.587078199671,0.163366825301,0.304444038902,1.0,-0.338955428571,-0.445484277551,1.368
0.380242266557,0.185880612858,-0.128306113081,-1.89047244503,0.0393692885192,2.06982771495,0.0603367182776,-0.492951276121,-1.3586666663,-0.021530675167,-1.85878943802,-0.186902279937,0.471621643801,-0.475916134672,0.573364544156,0.81928112795,0.00350425330351,0.0,0.819256130327,-0.573298468843,-0.011358056352,0.0,-0.00729659864817,0.00938336846281,-0.999929353527,0.0,0.581539918416,0.15615122986,0.304421410306,1.0,-0.352861714286,-0.463761110204,1.384
0.371304998552,0.162423243946,-0.128784520668,-1.92214042724,0.0362362110649,2.07807809462,0.051864982657,-0.535085031686,-1.39521199086,-0.0293400969467,-1.87104875252,-0.186510304689,0.469268657547,-0.508019424483,0.573533205783,0.819163213364,0.00346967385218,0.0,0.819137378126,-0.573466704784,-0.0114298364923,0.0,-0.00737330111743,0.00939771124226,-0.999928656182,0.0,0.575480585193,0.14805196011,0.304427461594,1.0,-0.367637142857,-0.483180244898,1.401
