position_joint1,position_joint2,position_joint3,position_joint4,position_joint5,position_joint6,position_joint7,velocity_joint1,velocity_joint2,velocity_joint3,velocity_joint4,velocity_joint5,velocity_joint6,velocity_joint7,ee_T_00,ee_T_10,ee_T_20,ee_T_30,ee_T_01,ee_T_11,ee_T_21,ee_T_31,ee_T_02,ee_T_12,ee_T_22,ee_T_32,ee_T_03,ee_T_13,ee_T_23,ee_T_33,v_x,v_y,time
0.465088621753,0.54759817171,-0.123978553235,-1.3557504491,0.0794660241131,1.89408946471,0.159180003826,-0.0001495860614,-0.000474906088815,-0.000938138700152,-0.000630086314822,-0.000459310619438,-0.000535370581678,0.00145889906428,0.57378967609,0.818988120632,0.00214773800949,0.0,0.818947881545,-0.57373064908,-0.0117582532932,0.0,-0.0083978083281,0.00850581360474,-0.999928561423,0.0,0.661694379678,0.260912117942,0.303381966956,1.0,0.0,0.0,0.0
0.465090608383,0.547600348159,-0.123976801027,-1.35574793151,0.0794681717702,1.89408686678,0.159175675664,0.00126331339804,0.0007198596728,-0.00040498066962,-7.62540545366e-05,-0.000276646396207,-1.7735034182e-06,-0.000329773352346,0.573783697666,0.818992309861,0.00214745958909,0.0,0.818952037897,-0.573724642826,-0.0117618340062,0.0,-0.00840096285976,0.00850757881144,-0.999928519908,0.0,0.661693339574,0.260914888012,0.303381343683,1.0,-0.00026,-0.000341714285714,0.014
0.465083227657,0.547590397459,-0.123976360407,-1.35575496532,0.0794678129697,1.89408573491,0.159176776433,-0.00116278043632,0.000297597296473,0.000324911011696,-0.000299551955214,-0.000170258471575,-0.000162692287947,-0.000610704281952,0.573790599163,0.818987469537,0.00214940779222,0.0,0.818947216032,-0.573731529021,-0.0117616691623,0.0,-0.00839963836475,0.0085091505509,-0.999928517661,0.0,0.661693608969,0.260909420026,0.303384931276,1.0,-0.00062,-0.000814857142857,0.032
0.465082114557,0.547562888823,-0.123979050261,-1.35577864482,0.0794640474044,1.89409552891,0.15917794837,-0.00011188067026,0.000151040042831,0.00372889170334,-0.00131070030573,3.3601044007e-05,0.000975187102478,0.000749165015527,0.573794662601,0.81898459661,0.00215930275271,0.0,0.81894450792,-0.573735590648,-0.0117521007723,0.0,-0.0083860821282,0.00851180570641,-0.999928608847,0.0,0.661691981382,0.260904734209,0.303394080704,1.0,-0.00092,-0.00120914285714,0.047
0.465087128835,0.54744593215,-0.123973309763,-1.35589541705,0.0794653289356,1.89411392745,0.159173227387,-0.000317543337349,-0.00383792408646,0.00152270976129,-0.0105820055578,0.000132225793259,0.000765637385412,-0.0015956958083,0.573789308894,0.818988284145,0.00218319336278,0.0,0.818948372187,-0.573730010043,-0.0117552613674,0.0,-0.00837501903209,0.00853313023569,-0.999928519818,0.0,0.661669272312,0.260900507455,0.303422760677,1.0,-0.00124,-0.00162971428571,0.063
0.465080868376,0.547288725878,-0.123978599481,-1.35609307153,0.0794612297042,1.89415937801,0.159175085564,-0.0016834699324,-0.00791464247226,-0.00573360458795,-0.00827717427961,-0.000409404049195,0.00188751358768,-0.00149745283338,0.57380718158,0.818975744481,0.00218979916482,0.0,0.81893582727,-0.573747762361,-0.0117627760113,0.0,-0.00837719715721,0.00854303482111,-0.999928417,0.0,0.661638331534,0.260869754904,0.303443203529,1.0,-0.00164,-0.00215542857143,0.083
0.465062062103,0.547141516559,-0.123979333149,-1.3562903806,0.0794586104221,1.89425481104,0.159165048846,-2.3781666616e-05,-0.00593339997363,-0.000122922642063,-0.0148970535387,-0.00160891582409,0.008263898361,0.000617934598446,0.573827552578,0.818961349255,0.00223500121316,0.0,0.818921985542,-0.573767923879,-0.0117429989983,0.0,-0.00833485076971,0.00856891298442,-0.999928549444,0.0,0.661623155881,0.260846035239,0.303462821814,1.0,-0.00194,-0.00254971428571,0.098
0.465036033786,0.54694646515,-0.123968670332,-1.3565005903,0.0794524158937,1.89438674882,0.159147189585,-0.00384396495812,-0.0121121446693,0.000874831195522,-0.0150030158325,-7.49769436218e-05,0.00620110830979,-0.00208750853275,0.573837159,0.818954325083,0.00233993156524,0.0,0.818916288983,-0.573777101493,-0.0116917211191,0.0,-0.00823254492895,0.00862551817263,-0.999928910293,0.0,0.6616111072,0.260820567453,0.303512021267,1.0,-0.00228,-0.00299657142857,0.115
0.465003884019,0.546710019285,-0.123977412739,-1.35679303757,0.0794494295978,1.89452110637,0.159128548794,-0.00223419990109,-0.0167032391922,-0.00142823066089,-0.0230902387272,0.000302778494999,0.00803836703605,-0.000501719441553,0.573869980986,0.818931115217,0.002412540878,0.0,0.818893974829,-0.573809606699,-0.0116593374286,0.0,-0.00816401225328,0.00866672579882,-0.999929115872,0.0,0.661587630942,0.260771276275,0.303552241367,1.0,-0.00264,-0.00346971428571,0.133
0.464968704248,0.5464898814,-0.123971537894,-1.3571381398,0.0794405133345,1.89464506933,0.159094212004,-0.00304986355624,-0.010525843344,0.000774855778688,-0.023091624514,7.69595191089e-05,0.00663730578861,-0.00264817989335,0.573883491308,0.818921626966,0.00241954396432,0.0,0.818884440199,-0.573822944393,-0.0116725742737,0.0,-0.00817069098454,0.00868019170209,-0.999928944516,0.0,0.661547321328,0.260720301549,0.303554434381,1.0,-0.00296,-0.00389028571429,0.149
0.464931081958,0.546212627766,-0.123973424734,-1.35755216839,0.0794258296174,1.89479637718,0.158955766883,-0.00367982678547,-0.0174164057262,0.00135996950936,-0.0252492223326,-0.000148408687598,0.00849417125294,-0.00131448344807,0.5738214765,0.818965026408,0.00243834552824,0.0,0.81892799237,-0.573760772449,-0.0116733119855,0.0,-0.00816116437236,0.00869539394056,-0.999928890232,0.0,0.661500875098,0.260656711171,0.303566874967,1.0,-0.0033,-0.00433714285714,0.166
0.464889202268,0.545922562765,-0.123974372273,-1.3580391039,0.079401172001,1.89496334823,0.158933299707,-0.00307738211577,-0.0193685650726,0.000831604403855,-0.0296596514269,-0.000631852210822,0.00930634777514,0.000682188618164,0.57385868539,0.818939024861,0.0024144693621,0.0,0.818901625404,-0.573798004072,-0.0116929609046,0.0,-0.00819056199376,0.00868748731918,-0.999928718589,0.0,0.661442577849,0.260581807638,0.303554975236,1.0,-0.00364,-0.004784,0.183
0.464836343982,0.545614676554,-0.123979697387,-1.35854341307,0.0793332869999,1.89513763206,0.158885700185,-0.0063106934016,-0.0196071715912,-0.000451714888362,-0.0312774384721,-0.00827584453568,0.0117889155239,-0.00608535826518,0.57387683353,0.818926428006,0.00237325778686,0.0,0.818888824977,-0.573816650052,-0.0116743886821,0.0,-0.00819880844208,0.00864326190031,-0.999929034264,0.0,0.661388463673,0.260488778133,0.303548104253,1.0,-0.00396,-0.00520457142857,0.199
0.464780919301,0.545270416933,-0.123977539234,-1.35915190163,0.0792693708689,1.89533413012,0.1587806613,-0.00447998631047,-0.0184473729413,0.00125402861298,-0.0370643623785,-0.000259757359264,0.0117981430814,-0.00941269247539,0.573851607967,0.818944310863,0.00230100840672,0.0,0.818905949546,-0.573791879867,-0.0116906500078,0.0,-0.00825385028707,0.00859317322457,-0.999929013145,0.0,0.661314484822,0.260388647451,0.30351906279,1.0,-0.0043,-0.00565142857143,0.216
0.464729405826,0.544916062226,-0.123978595073,-1.35976296363,0.0792598479352,1.89553365234,0.158698335289,-0.00456961962354,-0.02016392455,0.00118467024824,-0.0388724722908,0.000271594904039,0.0180232487541,-0.0105350592459,0.57385859071,0.818939512843,0.00226695239753,0.0,0.818900432277,-0.573798701403,-0.0117421968661,0.0,-0.00831553473922,0.00859493432284,-0.999928486936,0.0,0.661237390329,0.26029808784,0.303496387392,1.0,-0.0046,-0.00604571428571,0.231
0.464664745012,0.544500085882,-0.123980760327,-1.36047085111,0.0792328252751,1.89577113259,0.158639273701,-0.00545976673941,-0.0190747671676,0.00174041917789,-0.0390384020675,-0.00285523956434,0.00637819134781,-0.00547831053354,0.573896907915,0.818912768313,0.00222797689392,0.0,0.818873015472,-0.573836991609,-0.0117829747292,0.0,-0.00837089406194,0.00858680824333,-0.999928094843,0.0,0.661151816402,0.260187255256,0.303474511679,1.0,-0.00494,-0.00649257142857,0.248
0.464590884054,0.543975358914,-0.123984190482,-1.3613283483,0.0791980702702,1.89608171269,0.158526429503,0.000889200594718,-0.0273807557474,0.000773769332227,-0.0439847084281,-0.000948767430999,0.0167701658326,-0.00873463311004,0.573905946769,0.818906464012,0.00221683631633,0.0,0.818866414298,-0.573845916637,-0.0118070485177,0.0,-0.00839690755059,0.00859159357836,-0.999927835628,0.0,0.661052296903,0.260056994839,0.30346471852,1.0,-0.00532,-0.006992,0.267
0.464524257613,0.543508211312,-0.123996700424,-1.36211617485,0.0791589117063,1.89635027689,0.158415469823,-0.0066094105768,-0.0232747167711,-0.00140149332396,-0.0527574977977,0.000455428367679,0.015209399724,-0.00835454807867,0.573911781124,0.818902490871,0.00217366838988,0.0,0.8188618247,-0.573851863125,-0.011836305952,0.0,-0.00844557937502,0.0085730945535,-0.999927584497,0.0,0.660959234466,0.259930208251,0.303443932119,1.0,-0.00564,-0.00741257142857,0.283
0.464438291907,0.542942760305,-0.123993467016,-1.36301582312,0.0791013810692,1.89666912943,0.158313121758,-0.00197257750591,-0.0315751856297,-0.00103369736804,-0.0549346612439,-0.00212236716386,0.0159931275564,-0.0084931145958,0.573930766848,0.818889222679,0.00215933929362,0.0,0.818848356585,-0.573870889442,-0.011845592853,0.0,-0.00846120926706,0.00856688656093,-0.999927505568,0.0,0.660855369439,0.259788228659,0.303443224018,1.0,-0.006,-0.00788571428571,0.301
0.464369464328,0.542360146077,-0.124000593938,-1.36392328906,0.0790443751789,1.89698086311,0.158182341426,-0.00506395029782,-0.0315332319441,-0.000988017799853,-0.0560191902987,-0.00512723661991,0.0191589083805,-0.00684112988166,0.573920118776,0.818896720473,0.0021460114353,0.0,0.818855693878,-0.573860308643,-0.0118509775615,0.0,-0.00847337901374,0.00855895291902,-0.999927470456,0.0,0.660746484667,0.25965047968,0.303450584021,1.0,-0.00634,-0.00833257142857,0.318
0.464294677807,0.541805886148,-0.124002081406,-1.36480000096,0.0789962394356,1.89731744067,0.158071358436,-0.00272942120303,-0.0323991309371,-0.00167093294104,-0.0577923168656,-0.0058558460705,0.017979578278,0.000217192498071,0.573927478873,0.818891527437,0.00215920983799,0.0,0.818850645315,-0.573867587864,-0.0118473274872,0.0,-0.00846273849457,0.0085677421209,-0.999927485297,0.0,0.66064852288,0.259518466649,0.303454448463,1.0,-0.00666,-0.00875314285714,0.334
0.464213292289,0.541203244352,-0.124002706121,-1.36571081201,0.0789366447227,1.89765610726,0.157946620598,-0.0096439532217,-0.0356566416817,0.000756215847478,-0.0546489084807,-0.00397726382238,0.02258923345,-0.0011414485039,0.573924835994,0.818893330264,0.00217788395125,0.0,0.818852752843,-0.573864934217,-0.0118301876061,0.0,-0.00843801295387,0.00857316981054,-0.999927647731,0.0,0.660539576753,0.25936860457,0.3034742504,1.0,-0.007,-0.0092,0.351
0.464140196365,0.540554716126,-0.124001324675,-1.36669613565,0.0788810172768,1.89802175221,0.157822484441,-0.00336829355469,-0.0432863224946,0.000359714241466,-0.0616124069306,-0.006234136843,0.0311948030257,-0.00790967064562,0.573923998132,0.818893832198,0.0022097191145,0.0,0.818853599438,-0.573863900966,-0.0118217070296,0.0,-0.00841280691414,0.00859436328197,-0.999927678185,0.0,0.660430684182,0.259237368512,0.303497414371,1.0,-0.0073,-0.00959428571429,0.366
0.464043847936,0.539838254937,-0.124002102492,-1.36780364726,0.0788133181681,1.89843412258,0.157675863704,-0.00143312382418,-0.0451492934353,0.00101713098756,-0.066141703891,-0.00269956202634,0.0197665699583,-0.00736290947729,0.573926608866,0.818891955848,0.0022269225986,0.0,0.818851951492,-0.573866449138,-0.0118121544245,0.0,-0.00839508370667,0.00860299528226,-0.999927752911,0.0,0.660304862258,0.259068262489,0.303512347246,1.0,-0.00764,-0.0100411428571,0.383
0.463941249507,0.539132573786,-0.124010669014,-1.36888392991,0.0787556343789,1.89883791022,0.157542399751,-0.0113580585672,-0.0435790079896,6.13234751329e-07,-0.0661390376969,-0.00358661735336,0.0291478530037,-0.019152521544,0.573951670863,0.81887431746,0.00225357912744,0.0,0.818834632944,-0.573891377311,-0.0118016033424,0.0,-0.00837088141801,0.00861902453778,-0.999927817775,0.0,0.660185970855,0.258894650708,0.303532036094,1.0,-0.00796,-0.0104617142857,0.399
0.463835336873,0.538376688861,-0.12401256442,-1.3700664704,0.0786907818725,1.89929761445,0.157399803248,-0.00987789395016,-0.0476797766313,-0.000721028973394,-0.0721696016657,-0.000274661664636,0.0288709818271,-0.00685085605327,0.573971084269,0.818860627765,0.0022833354874,0.0,0.818821301207,-0.573910644112,-0.0117896634955,0.0,-0.00834382135514,0.00863673595846,-0.999927891119,0.0,0.660055409428,0.258713884811,0.303543032838,1.0,-0.0083,-0.0109085714286,0.416
0.463717843622,0.537502985422,-0.124022635144,-1.37144172584,0.0786075441405,1.89982350722,0.157222756347,-0.0068428811976,-0.0512142710099,-0.000396491576889,-0.0737799954809,-0.00698439150662,0.0266548109175,-0.00422425525375,0.573983086368,0.818852168049,0.00230007518413,0.0,0.818813118008,-0.573922641985,-0.0117739414155,0.0,-0.00832121243723,0.00864154134199,-0.999928038004,0.0,0.659902142408,0.258500935699,0.303551358368,1.0,-0.00868,-0.011408,0.435
0.463608321968,0.536726914447,-0.124029776149,-1.37265603726,0.0785368366021,1.90027564863,0.15707317514,-0.00614637874825,-0.0521173832753,-0.00149041831102,-0.076123323096,-0.00251970714677,0.0299273209786,-0.00816937270649,0.574003260345,0.818837995904,0.00231094747543,0.0,0.818799090503,-0.573942775702,-0.0117680292405,0.0,-0.00830991786211,0.00864725532941,-0.999928082534,0.0,0.659765156718,0.258309809153,0.303560711407,1.0,-0.009,-0.0118285714286,0.451
0.46349810601,0.535883551101,-0.124036476362,-1.37397628329,0.0784687603197,1.90077003917,0.156907813718,-0.00744354447633,-0.0470493471114,-0.00148037357532,-0.081327960899,-0.00739518869815,0.0290427713665,-0.0110360841639,0.57401723585,0.818828145372,0.00232984879436,0.0,0.818789409712,-0.573956598915,-0.0117674129437,0.0,-0.00829841659672,0.00866252015043,-0.999928045925,0.0,0.659613455994,0.258110090527,0.30357066286,1.0,-0.00934,-0.0122754285714,0.468
0.463393777774,0.53509118878,-0.124039314568,-1.37523854433,0.0783745871412,1.90122096011,0.156757512509,-0.0089471128355,-0.0584882401664,-0.00115079457079,-0.0831959799868,-0.0026909300466,0.0275564502572,-0.00560058794571,0.574029389865,0.818819686119,0.00230826686278,0.0,0.818780796068,-0.573968964328,-0.0117636252921,0.0,-0.0083075743752,0.00864279762908,-0.999928140547,0.0,0.659456010779,0.2579035386,0.303570928368,1.0,-0.00966,-0.012696,0.484
0.463274671533,0.53420155165,-0.124042510557,-1.37669004041,0.0782992651107,1.90175345292,0.156580294729,-0.00608265721633,-0.0552496573658,-0.00084285792632,-0.0899341253672,-0.001400809098,0.0327375401635,-0.0210425439123,0.574039630466,0.818812579621,0.00228232560307,0.0,0.818773238396,-0.573979184054,-0.0117909821398,0.0,-0.00834475777723,0.00863736445152,-0.999927877876,0.0,0.659291837637,0.257698502879,0.303551132854,1.0,-0.00998,-0.0131165714286,0.5
0.463128111534,0.533174639807,-0.124048292405,-1.37834205337,0.0782314826818,1.90237385734,0.156362612926,-0.00830517573037,-0.0583260146406,-0.00111884867418,-0.0871295865905,-0.00064831293071,0.0364910245549,-0.00842417555066,0.574057875096,0.818799759084,0.0022929164938,0.0,0.818760290629,-0.573997111332,-0.0118173420135,0.0,-0.00836007030695,0.00866135397831,-0.999927542461,0.0,0.659101084563,0.257447017551,0.303543066324,1.0,-0.01036,-0.013616,0.519
0.463012786836,0.532289555537,-0.124049274982,-1.37977531888,0.0781318353892,1.90290633935,0.156191055012,-0.00710659678894,-0.0571152602009,0.000321035116839,-0.0909205154262,-0.000660625488619,0.0294916526055,-0.0105421454578,0.574064089222,0.818795464726,0.0022705309204,0.0,0.818755805508,-0.57400351499,-0.0118170481608,0.0,-0.0083726139101,0.00864291976538,-0.999927597016,0.0,0.658932185219,0.257231947776,0.303531047267,1.0,-0.01068,-0.0140365714286,0.535
0.462877491795,0.531303498023,-0.124040006269,-1.38134763057,0.0780266540779,1.90348529742,0.155996061723,-0.00837092973168,-0.0630343029298,-0.000190528540854,-0.0915894101196,-0.00704710427352,0.0336187872086,-0.0157223890985,0.574066113851,0.818794074489,0.00225995840835,0.0,0.818754295883,-0.57400559901,-0.0118204137133,0.0,-0.00838141729477,0.00863621589376,-0.999927581187,0.0,0.658745519743,0.256996781499,0.303527522539,1.0,-0.01102,-0.0144834285714,0.552
0.46276020129,0.530413197674,-0.124041516273,-1.38281230285,0.0779567943987,1.90399241204,0.155795508434,-0.00435499594965,-0.0570361748814,4.75130717273e-05,-0.0941880174765,-0.00433872562079,0.0357213077893,-0.0146122224145,0.574061115802,0.818797675276,0.0022246770318,0.0,0.818757224679,-0.574000521106,-0.0118640509875,0.0,-0.00843745403954,0.00863232693925,-0.999927143496,0.0,0.658556060049,0.256762468188,0.303511518581,1.0,-0.01134,-0.014904,0.568
0.462625621425,0.529358092719,-0.124049973115,-1.38445854529,0.0778453324469,1.90459564145,0.155583992339,-0.00713590080637,-0.0608085684326,0.000401470381167,-0.0978553609613,-0.00453268928944,0.0374556277557,-0.0109191115631,0.574062161459,0.818796970837,0.00221409825345,0.0,0.818756476194,-0.574001704163,-0.0118584657146,0.0,-0.00843894211099,0.00862046971439,-0.999927233231,0.0,0.658368669564,0.256527404208,0.303513906108,1.0,-0.01166,-0.0153245714286,0.584
0.462485980324,0.528268692412,-0.124052134026,-1.38613340395,0.0777366655575,1.90523169518,0.155343711028,-0.00745008977406,-0.0625454720532,-0.000751194261934,-0.09663721871,-0.0086150362257,0.033669511459,-0.0079200056202,0.574042862966,0.818810396792,0.00225221778351,0.0,0.818770473797,-0.573982336113,-0.01182945351,0.0,-0.00839350789859,0.00863482902912,-0.999927491748,0.0,0.658174750689,0.256275298699,0.303538989881,1.0,-0.012,-0.0157714285714,0.601
0.462345350861,0.527157439013,-0.124055323502,-1.38785892491,0.0776320975132,1.90590587512,0.155104640033,-0.00430171085153,-0.0704299454063,-0.000666308005239,-0.0994081083491,-0.00541206387141,0.0353382225079,-0.00799351184111,0.574029908187,0.818819343865,0.00230076536554,0.0,0.818780094193,-0.573969238767,-0.0117990340556,0.0,-0.00834086936577,0.00865698599213,-0.999927740635,0.0,0.657976922077,0.256019476735,0.303558434429,1.0,-0.01234,-0.0162182857143,0.618
0.462178407158,0.525836141477,-0.124058536375,-1.38988582151,0.0775033384144,1.90666035255,0.154834449962,-0.00565637541756,-0.0709882942882,-0.00127595317108,-0.107634023867,-0.0065466791014,0.0410922582655,-0.0110259525513,0.574022270662,0.818824591673,0.00233832331335,0.0,0.818785878514,-0.573961509549,-0.0117735977402,0.0,-0.0082985635565,0.00867306040038,-0.999927953338,0.0,0.657737468647,0.255714907441,0.303588848474,1.0,-0.01272,-0.0167177142857,0.637
0.462033805534,0.524746810583,-0.124059515198,-1.39161557639,0.0773863685111,1.90728790346,0.154585082038,-0.012508186422,-0.0682120278023,0.000839581101868,-0.107218291685,-0.0125775896277,0.0463134421521,-0.0176303756715,0.57399865002,0.81884120119,0.00232032539767,0.0,0.818802317128,-0.573938025737,-0.0117751849212,0.0,-0.00831044358912,0.0086589947731,-0.999927976575,0.0,0.657528815641,0.255451912697,0.303586122503,1.0,-0.01304,-0.0171382857143,0.653
0.46187627794,0.523554741504,-0.124066970577,-1.39351752611,0.0772728315266,1.90797178807,0.154331067087,-0.00917801372422,-0.0676665387391,0.000128377869873,-0.108915346108,-0.00529567656809,0.0368616582862,-0.0146763451546,0.573996378008,0.818842859077,0.00229718814022,0.0,0.818803633543,-0.573935799772,-0.011792130324,0.0,-0.00833762372169,0.00864975262564,-0.999927830301,0.0,0.657297665067,0.255161961511,0.303578513928,1.0,-0.01338,-0.0175851428571,0.67
0.461740399333,0.52247975086,-0.12406661277,-1.39522783967,0.0771727303835,1.90862042598,0.154109678446,-0.00917284487029,-0.0712588661013,0.00283985756528,-0.116036540064,-0.0105898210011,0.0377363077736,-0.00398870170326,0.573990910294,0.818846658705,0.00230896710391,0.0,0.818807545804,-0.573930245682,-0.0117907984268,0.0,-0.00832983021303,0.00865857751421,-0.999927818877,0.0,0.657092888457,0.254911786427,0.303576229932,1.0,-0.01368,-0.0179794285714,0.685
0.461568659083,0.521241607143,-0.124074747006,-1.39721079165,0.0770516325942,1.90939724542,0.153833619599,-0.00693762738156,-0.0765914753135,-0.000342386982677,-0.121587067315,-0.00536085580767,0.0517513511645,-0.0161163770296,0.573984926476,0.818850791155,0.00233085914747,0.0,0.818812031977,-0.573924251495,-0.0117710125782,0.0,-0.00830112619324,0.00866508613382,-0.999928001201,0.0,0.656865411651,0.25460820364,0.303569918558,1.0,-0.01402,-0.0184262857143,0.702
0.461407458699,0.520042643905,-0.124082980365,-1.39912262036,0.0769256433823,1.91009408048,0.153581654706,-0.0137621026713,-0.0715381175917,-0.00187375710802,-0.117328586973,-0.00411517179747,0.0408095865456,-0.0150044138697,0.573984286202,0.818851301399,0.00230917565105,0.0,0.818812336656,-0.573923772853,-0.0117731557507,0.0,-0.00831533320212,0.00864855442196,-0.99992802628,0.0,0.656634638609,0.254313298631,0.303562639337,1.0,-0.01434,-0.0188468571429,0.718
0.461221502638,0.518611451821,-0.124084054657,-1.40132429806,0.0767894415876,1.91087829406,0.153279162004,-0.0124113815632,-0.0849021903013,0.000571795458091,-0.122727622725,-0.0137281142068,0.0347742988233,-0.0141824060242,0.573969648949,0.818861528202,0.00232090857925,0.0,0.818822666294,-0.573909041258,-0.0117728682173,0.0,-0.00830851840694,0.00865784827933,-0.999928002501,0.0,0.656363453776,0.25397929537,0.303587375804,1.0,-0.0147,-0.01932,0.736
0.461032578007,0.517192820987,-0.124087970351,-1.40356579826,0.0766343311635,1.91169009027,0.152974545408,-0.00829591855518,-0.079218462748,0.00017255166877,-0.12455722561,-0.0123503992182,0.0516061863824,-0.0112214494642,0.573954399455,0.818872275483,0.00230015034057,0.0,0.818833261347,-0.573893994628,-0.0117694495353,0.0,-0.00831779359828,0.00863873326731,-0.999928090713,0.0,0.656089597254,0.253635691947,0.303586376152,1.0,-0.01506,-0.0197931428571,0.754
0.460865546562,0.515928330986,-0.124091418028,-1.40558609469,0.0765213740447,1.91244057714,0.152687786533,-0.00818984441502,-0.074892234217,0.00138384815748,-0.1260387123,-0.00438211801018,0.0464838487144,-0.0202839706056,0.573935258502,0.818885693724,0.00229925293384,0.0,0.818846561074,-0.573874748528,-0.011782585509,0.0,-0.00832926787342,0.00864534306749,-0.999927938074,0.0,0.655843108696,0.253333595355,0.303576866405,1.0,-0.01538,-0.0202137142857,0.77
0.460659063327,0.514462985879,-0.124097201826,-1.40793090896,0.076370722711,1.91331208136,0.152375839949,-0.0164457217573,-0.087329757754,-0.000455801015816,-0.131588770683,-0.00595425620112,0.0426165955395,-0.0187332719733,0.573935928292,0.818885263647,0.0022851912153,0.0,0.818846004439,-0.573875530168,-0.0117831994628,0.0,-0.0083378336076,0.0086341874528,-0.999927963074,0.0,0.655560832576,0.252970597907,0.303563860077,1.0,-0.01574,-0.0206868571429,0.788
0.460466976967,0.513076237094,-0.124092578458,-1.41019333833,0.076232385145,1.91410230002,0.152060329884,-0.00955253064787,-0.0845226971779,0.00649585312901,-0.135433388372,-0.0119517031537,0.0522574022041,-0.0192335892462,0.573912855426,0.818901631259,0.00221350383673,0.0,0.818861304713,-0.573852598715,-0.0118366166346,0.0,-0.00842296190979,0.00860590478141,-0.999927493429,0.0,0.655272218337,0.252628452291,0.303527179327,1.0,-0.01608,-0.0211337142857,0.805
0.460282424637,0.511748197585,-0.124097902261,-1.41233273681,0.0761051967377,1.91486582149,0.151765102683,-0.010902168034,-0.0787223619939,0.000594611625999,-0.13316147423,-0.00321716193748,0.0477546329396,-0.017630788241,0.573903643134,0.818908195232,0.00217326502382,0.0,0.818867254779,-0.573843454792,-0.0118682494165,0.0,-0.0084720559141,0.00859101254532,-0.999927206737,0.0,0.655004913427,0.252299293832,0.303505503229,1.0,-0.0164,-0.0215542857143,0.821
0.460081667739,0.51027940171,-0.124106056216,-1.41466192678,0.0759555820988,1.91575286454,0.151422355609,-0.0127037477035,-0.0841687432253,-0.000808363975712,-0.140252259163,-0.00846159868224,0.0534688841806,-0.013468312816,0.573874522834,0.818928562758,0.00218815952016,0.0,0.818887908251,-0.573814372534,-0.0118493246734,0.0,-0.0084483156986,0.00859204833876,-0.999927398698,0.0,0.654725850045,0.251941977572,0.303502381421,1.0,-0.01674,-0.0220011428571,0.838
0.459894427256,0.50886085765,-0.124109549475,-1.4168895344,0.0758205016277,1.9165700929,0.151118469066,-0.00705923369609,-0.0868572066963,-0.000956085143274,-0.146303973469,-0.00964810980622,0.052989270521,-0.0180494691665,0.573860929284,0.818938071035,0.00219466427181,0.0,0.818897455784,-0.573800708782,-0.0118511776767,0.0,-0.00844624328768,0.00859829836702,-0.999927362482,0.0,0.654449610369,0.251605331041,0.303505751195,1.0,-0.01706,-0.0224217142857,0.854
0.459693242792,0.507443264948,-0.124104610983,-1.41912889438,0.0756842157488,1.91736891439,0.150800842699,-0.0133996295433,-0.0909863433486,0.000325525227864,-0.143442151431,-0.00430111606597,0.0480485274457,-0.0194067505327,0.573841254044,0.818951903927,0.00217740994492,0.0,0.818910946614,-0.573780985125,-0.0118739010692,0.0,-0.00847496063368,0.00859700463807,-0.999927130622,0.0,0.654167652945,0.251261743203,0.30350055041,1.0,-0.01738,-0.0228422857143,0.87
0.459465268395,0.505780525092,-0.124112363577,-1.42171462163,0.0755173105632,1.91833324851,0.150454924038,-0.00972497376749,-0.0947268846736,0.000831199425701,-0.146529976615,-0.00836312613089,0.0516683689463,-0.0242680710507,0.573838754805,0.818953580232,0.0022054050568,0.0,0.818913064697,-0.573778453837,-0.011850117391,0.0,-0.00843944464541,0.00860625731903,-0.999927351416,0.0,0.653852544163,0.250861681807,0.303516080968,1.0,-0.01774,-0.0233154285714,0.888
0.459239176622,0.504144457359,-0.124119090604,-1.42418749276,0.0753569999943,1.91928775476,0.150111531386,-0.017913885559,-0.096574017998,0.00122681122412,-0.146117131108,-0.0131697807584,0.0547434657638,-0.0197662845926,0.573831651559,0.81895830166,0.00229841521805,0.0,0.818919124523,-0.573771122815,-0.0117861365777,0.0,-0.00833375056498,0.00864564085142,-0.999927898149,0.0,0.653559672013,0.250476932587,0.303565109186,1.0,-0.01808,-0.0237622857143,0.905
0.45900948054,0.502466182447,-0.124125558678,-1.42666082924,0.0751929618638,1.92021753464,0.149759488618,-0.0135752903424,-0.0937163289774,9.89892810162e-05,-0.148492061953,-0.00480658286153,0.0486985268395,-0.0172370245781,0.573818477156,0.818967222661,0.00240632123186,0.0,0.81892957476,-0.573757679462,-0.0117142537986,0.0,-0.00821310274063,0.00869263025895,-0.999928489004,0.0,0.653262821084,0.250088336976,0.303640530838,1.0,-0.01842,-0.0242091428571,0.922
0.458799158745,0.500964950382,-0.124126622477,-1.42892710944,0.0750472626706,1.92101947998,0.149437358093,-0.0159614245421,-0.0967841924487,0.00133368572761,-0.159699209019,-0.00766618230011,0.0517560494267,-0.0197982673496,0.57380381388,0.818977406851,0.00243662572276,0.0,0.818940127875,-0.573742881216,-0.0117012867557,0.0,-0.00818525041281,0.00870986124053,-0.999928567445,0.0,0.652977528327,0.249732248468,0.303679135422,1.0,-0.01872,-0.0246034285714,0.937
0.458553120694,0.499244851468,-0.124129906017,-1.43152990302,0.074892527279,1.92195658882,0.1490776671,-0.0200898507479,-0.10229718837,-0.000709599486809,-0.1544093372,-0.0133233709179,0.0610113809414,-0.0177995271825,0.573803787174,0.818977273298,0.00248727706062,0.0,0.81894054777,-0.573742560021,-0.0116876404443,0.0,-0.00814501201084,0.00874351272826,-0.999928602333,0.0,0.652652789851,0.249322272513,0.303721499942,1.0,-0.01906,-0.0250502857143,0.954
0.458289657474,0.497482576236,-0.124129892253,-1.43432765206,0.0747223623969,1.92300069482,0.148671690696,-0.0105235003221,-0.0964504503967,-0.000857557078144,-0.15215086671,-0.00813717007027,0.0526133101021,-0.0158773338691,0.573783337231,0.818991579439,0.00249431869367,0.0,0.818954882777,-0.573722020131,-0.0116914709805,0.0,-0.00814432752805,0.00875127419886,-0.999928540011,0.0,0.652306656205,0.248885151482,0.303709116855,1.0,-0.01942,-0.0255234285714,0.972
0.458035164301,0.49591228709,-0.124129601031,-1.43685688914,0.0745616725653,1.92388316547,0.148301625924,-0.0134834131809,-0.10020640773,-0.00077364203584,-0.162210476775,-0.0100810520658,0.0610512143817,-0.0218685614917,0.573763447305,0.819005706454,0.00243027451087,0.0,0.818968065548,-0.573702245965,-0.0117382915301,0.0,-0.00821963205538,0.00872548782138,-0.999928149174,0.0,0.651961777926,0.248450007328,0.303681389836,1.0,-0.01976,-0.0259702857143,0.989
0.457745772231,0.494144165658,-0.124127350886,-1.43975880244,0.0743795070893,1.92488872969,0.147891927321,-0.0158585832037,-0.100460955348,0.00132602982077,-0.164229811253,-0.00811232567647,0.0586680693844,-0.0203152065037,0.573769236727,0.819001976598,0.00231780407939,0.0,0.818962734413,-0.573708312121,-0.0118135154824,0.0,-0.00834570974523,0.00867659397942,-0.999927530297,0.0,0.651608982001,0.248005127092,0.303613540718,1.0,-0.0204628571429,-0.0268940408163,1.006
0.457461601558,0.49233341215,-0.124140740905,-1.44263703466,0.0741886722734,1.92595860778,0.147482780301,-0.0180869830432,-0.111734727805,-0.00297256238399,-0.173635578783,-0.00932145863213,0.0594044939052,-0.0299766704467,0.573769248162,0.819001995944,0.0023081171506,0.0,0.818962746222,-0.573708483819,-0.0118043549409,0.0,-0.0083437645098,0.00866340461712,-0.999927660891,0.0,0.651254898087,0.247536672257,0.303597171116,1.0,-0.0221045714286,-0.029051722449,1.023
0.45716401126,0.490410275023,-0.124142705322,-1.44576093432,0.0739963138579,1.92705634483,0.1470347931,-0.0194281162297,-0.11246619179,4.45043426879e-05,-0.186648447143,-0.0105672276638,0.0640390702764,-0.02570773176,0.573751355014,0.819014772214,0.00222090430714,0.0,0.818974223017,-0.573690763407,-0.0118691581894,0.0,-0.00844706623568,0.00862897510791,-0.999927091272,0.0,0.650848838874,0.247040457086,0.303543453275,1.0,-0.0237462857143,-0.0312094040816,1.04
0.456843226631,0.488467738029,-0.12416002261,-1.44887151857,0.0738067777206,1.92817804508,0.146597141626,-0.0193349510266,-0.126016530012,0.000447964021672,-0.198476786799,-0.00983046920239,0.0719859828087,-0.0269572339945,0.57377158483,0.819000712792,0.00217894219713,0.0,0.818959551691,-0.573711091588,-0.0118988648276,0.0,-0.00849525902885,0.00861186185975,-0.999926830528,0.0,0.650458647707,0.246524181428,0.30351121249,1.0,-0.0252914285714,-0.0332401632653,1.056
0.456501438522,0.486327190395,-0.124179209457,-1.45213233688,0.0736066450964,1.92946290758,0.146125947732,-0.0223814029762,-0.136952536236,-0.00190569802724,-0.205081842829,-0.00916944129429,0.0826505651197,-0.0288443194581,0.573787268796,0.81898935718,0.00231298371978,0.0,0.818950073855,-0.573726382871,-0.0118135952027,0.0,-0.00834834968947,0.0086728756939,-0.999927540517,0.0,0.650074029001,0.245987270434,0.303558079886,1.0,-0.0268365714286,-0.035270922449,1.072
0.456137140083,0.484079910597,-0.124207290642,-1.45554936766,0.0733920936918,1.93069570866,0.145589636747,-0.0285335183062,-0.138713512203,-0.0035622280858,-0.220133197999,-0.0168023518419,0.0759963909064,-0.0371179392998,0.573776663162,0.818996647218,0.00236210870535,0.0,0.81895804158,-0.573715631746,-0.0117833324097,0.0,-0.00829549076232,0.00869563648823,-0.999927782762,0.0,0.649649834336,0.245408056827,0.303599304323,1.0,-0.0283817142857,-0.0373016816327,1.088
0.455666423047,0.48126401288,-0.12425412133,-1.45993330134,0.0731189648679,1.93219617385,0.144935896097,-0.0262014372611,-0.153555548965,-0.00614433531409,-0.238474253547,-0.011830002255,0.0852999646165,-0.0349360230003,0.57380076375,0.818979939636,0.00229975974137,0.0,0.818940460815,-0.573739902759,-0.0118233888342,0.0,-0.00836381537269,0.0086678027276,-0.999927455263,0.0,0.64908760906,0.244650986245,0.30359727705,1.0,-0.0302165714286,-0.0397132081633,1.107
0.455220250744,0.478615488789,-0.124263308511,-1.46401952537,0.0728677274884,1.93371033297,0.144328366517,-0.0285977606931,-0.154703321645,-7.92877859653e-05,-0.244263612683,-0.0147720087114,0.0872452375911,-0.0289434464644,0.573806274243,0.818975892896,0.00236503603714,0.0,0.818937199526,-0.573745096145,-0.0117972362981,0.0,-0.00830488419722,0.00870631181911,-0.999927611896,0.0,0.648578235394,0.243969554114,0.30361918016,1.0,-0.0318582857143,-0.0418708897959,1.124
0.454774298004,0.47596204949,-0.124284211471,-1.46802163901,0.0726188727463,1.93519601031,0.143752871128,-0.0256593952117,-0.1675414869,-0.000851434218255,-0.254882431545,-0.0194507856805,0.0961062891602,-0.0411807101712,0.573841547344,0.818950841265,0.0024789179186,0.0,0.81891365954,-0.573779973154,-0.0117348850576,0.0,-0.00818809817954,0.00876415308088,-0.999928069748,0.0,0.648083542509,0.24329023294,0.303680591298,1.0,-0.0334034285714,-0.0439016489796,1.14
0.45424670146,0.47289195755,-0.124296763546,-1.47279972326,0.0723237084158,1.93687857713,0.143067175508,-0.03025359304,-0.174094705468,-0.000782585808882,-0.268750370588,-0.0158079870817,0.092689065083,-0.0361279975756,0.573870493089,0.81893061415,0.00246033972878,0.0,0.818892988599,-0.573808767631,-0.0117693803444,0.0,-0.00822669975531,0.00876902388593,-0.999927710203,0.0,0.647464292457,0.242483270436,0.303676118047,1.0,-0.0351417142857,-0.0461862530612,1.158
0.453803446282,0.470216040376,-0.124296391331,-1.47692278844,0.0720643977804,1.93833041002,0.142438762579,-0.0257318002718,-0.179987096659,5.56520485331e-05,-0.275036429901,-0.0243706339856,0.100615933251,-0.0382407008555,0.573844618993,0.818948721207,0.00246823569383,0.0,0.818911011745,-0.57378266844,-0.0117877538755,0.0,-0.00823749369681,0.00878577367412,-0.999927474309,0.0,0.646922204873,0.241801405334,0.303688496042,1.0,-0.0365902857143,-0.0480900897959,1.173
0.453244836826,0.46684273409,-0.124296157966,-1.48198174017,0.0717316856438,1.94028260297,0.141612661381,-0.0271390556202,-0.18945615286,0.000412872533826,-0.284998164766,-0.0193733148118,0.100970145952,-0.0508999710284,0.573774829259,0.818996933553,0.00268608304121,0.0,0.818962232273,-0.573712297199,-0.0116537142242,0.0,-0.00800347143367,0.00888657954689,-0.999928484017,0.0,0.646293963469,0.240965640795,0.30377800646,1.0,-0.0383285714286,-0.0503746938775,1.191
0.452717181614,0.463759246248,-0.124299137987,-1.48678875502,0.0714114080344,1.94191249483,0.140888745887,-0.0325541337226,-0.194366766548,0.000902975091738,-0.304036302957,-0.0182301534345,0.102876411599,-0.0532020333969,0.573754054968,0.81901175521,0.0026031012468,0.0,0.81897580686,-0.57369163102,-0.0117169610914,0.0,-0.00810310747916,0.00885470136249,-0.999927964362,0.0,0.645644593337,0.24015554278,0.303757547812,1.0,-0.0398737142857,-0.0524054530612,1.207
0.452119991472,0.460382633402,-0.124305739366,-1.4920920096,0.0710473793497,1.94376216843,0.140115163148,-0.0368273245232,-0.200632530761,0.0012358572471,-0.311242128506,-0.0270173819363,0.111228805078,-0.0475248657303,0.573761529688,0.819006765679,0.00252422724547,0.0,0.818969772549,-0.573699369601,-0.0117597564395,0.0,-0.00818333006172,0.00881473136749,-0.999927664194,0.0,0.644937991105,0.239252259029,0.303719712467,1.0,-0.0415154285714,-0.0545631346939,1.224
0.45149615164,0.456928298053,-0.124304191416,-1.49751654314,0.0706842147831,1.94569659272,0.139280969739,-0.04065062351,-0.201638773995,0.00145731793425,-0.324927946755,-0.0140988127215,0.119736791965,-0.0461812165182,0.573739392979,0.819022390905,0.00248576777253,0.0,0.818984820018,-0.573677294781,-0.0117886782146,0.0,-0.00822932132569,0.00879960457433,-0.999927419981,0.0,0.6442193995,0.238329879811,0.303682066506,1.0,-0.0431571428571,-0.0567208163265,1.241
0.450815786992,0.453324609514,-0.124345968152,-1.50316329866,0.0702906196517,1.94764776966,0.138380994409,-0.0418270025062,-0.220063864649,-0.000800417134657,-0.332896325541,-0.0212412545408,0.11458117396,-0.0495760774719,0.573740151616,0.819022157183,0.00238565892228,0.0,0.818983404815,-0.573678559735,-0.0118253811859,0.0,-0.00831680795814,0.00873867930806,-0.999927230447,0.0,0.643471091754,0.237318838373,0.303641080541,1.0,-0.0447988571429,-0.0588784979592,1.258
0.450174275975,0.449700034929,-0.124400964869,-1.50854449158,0.0699416090435,1.94968150487,0.137552192009,-0.038831734629,-0.225681441473,-0.00170435275658,-0.33926258488,-0.0214539126525,0.131192612396,-0.042946140084,0.573776585312,0.818995958898,0.00260698266173,0.0,0.818960367855,-0.573714480432,-0.0116772311242,0.0,-0.00806809673445,0.00883530738705,-0.999928419017,0.0,0.642793046078,0.236369363541,0.30374456632,1.0,-0.046344,-0.0609092571429,1.274
0.449399692791,0.445545353774,-0.124416728363,-1.5148921515,0.0695048627669,1.9517509399,0.136609158677,-0.0480965371036,-0.234466540742,0.00243427323769,-0.357654560079,-0.0182834392325,0.115839026107,-0.0516860528154,0.573813999754,0.818970089981,0.00249645833505,0.0,0.8189328405,-0.573752047744,-0.0117616904199,0.0,-0.00820028246055,0.00879362364375,-0.999927711163,0.0,0.641911834902,0.235241667365,0.303750210041,1.0,-0.0480822857143,-0.0631938612245,1.292
0.448752450846,0.44203608407,-0.124432042283,-1.52029878287,0.0691216324382,1.95366994453,0.135754537534,-0.0440475482474,-0.23369738883,-0.00109854239118,-0.361423790073,-0.02450949137,0.123277726034,-0.0560292611081,0.573790081335,0.818986850304,0.00249569481982,0.0,0.81894972459,-0.57372827855,-0.0117455475815,0.0,-0.00818775596575,0.00878349639697,-0.999927902823,0.0,0.641184230176,0.234297016705,0.303745365643,1.0,-0.0495308571429,-0.0650976979592,1.307
0.447961778166,0.437978466645,-0.124430244008,-1.52658742115,0.0687098751117,1.95589492027,0.134720993718,-0.0495445756411,-0.239678117965,-0.000295146389606,-0.374070709897,-0.0253611898356,0.138757168099,-0.0606837014954,0.573754119698,0.819012054936,0.00249216780098,0.0,0.81897464283,-0.573692076658,-0.0117763526898,0.0,-0.00821539606682,0.00879792249273,-0.999927549289,0.0,0.640332196642,0.233191387002,0.30371856075,1.0,-0.0511725714286,-0.0672553795918,1.324
0.447135054775,0.433736290442,-0.124455703701,-1.53292964611,0.0682680433914,1.95821036892,0.1337012286,-0.0530605339357,-0.257695406918,-0.0024691271337,-0.382434312291,-0.0254496933418,0.138363513801,-0.0596314943424,0.573769321451,0.819000889996,0.00265609645566,0.0,0.818965854561,-0.573706955182,-0.0116621413309,0.0,-0.00802763767595,0.00886680193513,-0.99992846587,0.0,0.639498054162,0.232045252563,0.303796040178,1.0,-0.0528142857143,-0.0694130612245,1.341
0.44632071077,0.429705076261,-0.124487387979,-1.53918396392,0.067811166223,1.96033520979,0.13271738892,-0.04800446236,-0.254743105698,-0.00121721533749,-0.400601005699,-0.0363618290979,0.129674194918,-0.06112391553,0.573789051001,0.818987453607,0.00253430209096,0.0,0.818950986163,-0.573727276785,-0.0117064527898,0.0,-0.00813359632086,0.0087926729197,-0.999928264184,0.0,0.638574676924,0.230829819212,0.303749676644,1.0,-0.054456,-0.0715707428571,1.358
0.445440781071,0.425246015826,-0.12453692205,-1.54604192509,0.0673093747571,1.96258156854,0.13156999158,-0.0542067347711,-0.266407790232,-0.00525478151794,-0.405593442992,-0.0273866847543,0.137677367419,-0.0661532040092,0.573764861593,0.819004829126,0.00239172961225,0.0,0.81896653552,-0.573703643172,-0.01177668926,0.0,-0.00827318066739,0.00871596480706,-0.999927790612,0.0,0.637664122894,0.229636665425,0.303717949146,1.0,-0.0560011428571,-0.0736015020408,1.374
0.444564953765,0.420969669171,-0.124561286502,-1.55255084584,0.0668522521588,1.96481628966,0.130524078479,-0.0555561913828,-0.263803514635,-0.000535261376842,-0.40738999318,-0.0317134851966,0.147523316542,-0.0613732289067,0.573790371778,0.81898698932,0.00238064701538,0.0,0.81894852529,-0.5737291642,-0.0117858377724,0.0,-0.00828676071723,0.0087123953402,-0.999927709269,0.0,0.636760485871,0.228438665496,0.303719572536,1.0,-0.0575462857143,-0.0756322612245,1.39
0.443479488768,0.415704310207,-0.124583853755,-1.56031506724,0.0663297169151,1.96766612761,0.129266571387,-0.0599828027387,-0.276622226319,0.000646896954033,-0.415328287514,-0.0342597844175,0.157029827195,-0.0692428781272,0.573835137349,0.818954696671,0.0026808291101,0.0,0.818920230882,-0.573772952966,-0.0116189843969,0.0,-0.00797738819696,0.00886293734007,-0.999928902282,0.0,0.63566302245,0.226932326209,0.303843830797,1.0,-0.0594777142857,-0.0781707102041,1.41
