position_joint1,position_joint2,position_joint3,position_joint4,position_joint5,position_joint6,position_joint7,velocity_joint1,velocity_joint2,velocity_joint3,velocity_joint4,velocity_joint5,velocity_joint6,velocity_joint7,ee_T_00,ee_T_10,ee_T_20,ee_T_30,ee_T_01,ee_T_11,ee_T_21,ee_T_31,ee_T_02,ee_T_12,ee_T_22,ee_T_32,ee_T_03,ee_T_13,ee_T_23,ee_T_33,v_x,v_y,time
0.465082164043,0.547854496303,-0.123902243211,-1.35584785313,0.0795163810485,1.89408685811,0.159169243051,-0.000515044284559,-0.000964861597357,0.00198492301225,-0.00147034087905,0.000254090157219,-0.000474315297428,-0.00343498732173,0.573751937798,0.81901520222,0.00188661263738,0.0,0.818970588931,-0.573693019161,-0.0120100430171,0.0,-0.00875423985666,0.00843602813651,-0.999926095626,0.0,0.661646035152,0.260944991253,0.303151363562,1.0,0.0,0.0,0.0
0.465079067918,0.547856977976,-0.12390483071,-1.35584471201,0.0795144474593,1.89408843628,0.159168481868,-0.000854896869971,-0.000884415971431,-0.000305219426401,-0.000335576984369,-0.000337241945954,-4.65017364998e-05,-0.000211194003746,0.573754989837,0.819013064179,0.00188659542721,0.0,0.818968487659,-0.573696106547,-0.0120058508337,0.0,-0.00875078470787,0.00843364140064,-0.999926146003,0.0,0.661648515522,0.260941579808,0.303151319505,1.0,-0.00026,-0.000341714285714,0.014
0.465078630518,0.547846699621,-0.123907593377,-1.35585105777,0.0795157692366,1.89409197441,0.1591706291,7.99402994269e-05,-0.000971714901721,8.2875188035e-05,-0.000642312672775,-0.000159982737765,0.000192410225433,-0.00554389541657,0.573759740671,0.819009720507,0.00189330438459,0.0,0.818965232592,-0.573700828977,-0.0120022305876,0.0,-0.00874392157169,0.00843710961564,-0.999926176784,0.0,0.661648714374,0.260939529774,0.303155981739,1.0,-0.0006,-0.000788571428571,0.031
0.465077967398,0.547822368299,-0.123901883479,-1.35587838784,0.0795163795882,1.89409234998,0.159166937949,-0.000200801614351,-0.000711562245144,0.000405002055487,-0.00974423054347,2.71647030529e-05,0.00138979751665,-0.00150784807141,0.573754883703,0.819013120711,0.00189431534315,0.0,0.81896858219,-0.573695906705,-0.0120089515385,0.0,-0.00874889636101,0.00844174187386,-0.999926094172,0.0,0.66164199454,0.260939595039,0.303160055959,1.0,-0.00094,-0.00123542857143,0.048
0.465079803099,0.547720905958,-0.123902935802,-1.35599449802,0.0795120812502,1.89411985969,0.15917001723,-0.00249822475608,-0.00731448157379,0.000366080022701,-0.0130886075122,-0.000237505164388,0.00544940066224,0.000898322868658,0.573761847314,0.819008211422,0.00190764011554,0.0,0.818963808613,-0.573702775316,-0.0120063599193,0.0,-0.00873905718857,0.00845124217392,-0.999926099962,0.0,0.661623552221,0.260928926364,0.303179086888,1.0,-0.00128,-0.00168228571429,0.065
0.465065546261,0.547571412394,-0.123902907551,-1.35620522244,0.0795143354488,1.89415946912,0.159158028213,-0.000465337938547,-0.00882293751712,0.000286739844366,-0.0149924945072,0.000272035611497,0.00655506913781,-0.000324314297623,0.573775789842,0.818998463304,0.00189920988292,0.0,0.81895375936,-0.573716567838,-0.01203273532,0.0,-0.00876535232096,0.00845962015951,-0.99992579896,0.0,0.661590672844,0.260899512027,0.303188136489,1.0,-0.00166,-0.00218171428571,0.084
0.465049862924,0.54743457199,-0.123905442436,-1.35638811129,0.079507660983,1.89426737234,0.159156032048,8.09342630727e-05,-0.00914859044008,0.00079954273856,-0.01378910126,0.000243937741455,0.0118041723116,-0.00432512805161,0.573793246406,0.818986102406,0.00195482625048,0.0,0.818942145542,-0.573733803846,-0.0120013116054,0.0,-0.00870752516175,0.00848732455821,-0.999926069431,0.0,0.66157628052,0.260873628892,0.303208318112,1.0,-0.00198,-0.00260228571429,0.1
0.46502933965,0.547238323453,-0.123903184656,-1.35661595547,0.0795037358883,1.89438986371,0.159138819921,-0.000109190344426,-0.00417090319694,-0.000235847417866,-0.0108149385277,-0.000186908202325,0.00692278336992,-0.0015033413953,0.573810525466,0.818973800422,0.00203518776297,0.0,0.818930861612,-0.573750712204,-0.0119629028986,0.0,-0.00862977977247,0.00853128192022,-0.999926369354,0.0,0.661561360369,0.260844979853,0.303248585558,1.0,-0.00232,-0.00304914285714,0.117
0.465007662634,0.547059786836,-0.123905678754,-1.35685263338,0.0795028936001,1.89449288659,0.159116339503,-0.00195752597504,-0.00959483349632,-0.00105705408635,-0.0197801150409,0.000419233471368,0.00860317893895,-0.00497730127788,0.573824696508,0.81896375846,0.00208012191356,0.0,0.8189213209,-0.573764610886,-0.0119494088198,0.0,-0.00859279785614,0.00856048689049,-0.999926438239,0.0,0.661538616506,0.26081031506,0.303271421459,1.0,-0.0026,-0.00341714285714,0.131
0.464970840617,0.546808890099,-0.123903341564,-1.35723769597,0.0794938785,1.89463615321,0.159057768757,-0.00235286820594,-0.0134113431849,0.00102645253288,-0.0243125037769,0.000204290293393,0.00342416728105,-0.00403580508386,0.573824411379,0.818963916997,0.00209629767247,0.0,0.818921548394,-0.573764117335,-0.0119575137537,0.0,-0.00859015730471,0.00857838178756,-0.999926307566,0.0,0.661495047289,0.260753166361,0.303278193369,1.0,-0.00296,-0.00389028571429,0.149
0.464939120658,0.546528427156,-0.123903316626,-1.35765086911,0.0794853846836,1.89479443906,0.158955817316,-0.00103432895647,-0.0129102634438,0.00292673227021,-0.0269801611757,-0.000156204548695,0.00977881850731,-0.0018225677392,0.573787751572,0.818989521115,0.00212775722832,0.0,0.818947416898,-0.573727186255,-0.0119578848317,0.0,-0.00857279525708,0.00860397479022,-0.999926236679,0.0,0.661447950549,0.260696213878,0.303293890982,1.0,-0.0033,-0.00433714285714,0.166
0.464901216749,0.546254361478,-0.123906126622,-1.35809808162,0.0794697178865,1.89494649528,0.158942278476,-0.0010883870302,-0.0164064678016,-0.000549426084019,-0.0266586160599,-0.000363828545642,0.00908350750663,-0.00188203340989,0.573833179698,0.818957722816,0.00211589674586,0.0,0.818915340812,-0.573772534336,-0.011978744749,0.0,-0.00859620758722,0.00860670719866,-0.999926012166,0.0,0.661391256634,0.260621253137,0.303289294894,1.0,-0.00364,-0.004784,0.183
0.464857523524,0.545952009506,-0.123906453804,-1.35861056129,0.0794452021571,1.89512053204,0.158860733131,-0.00507417808196,-0.0250875864903,-0.000375542589388,-0.036442561878,0.000329803857364,0.0121572966142,-0.00659651863675,0.573821766894,0.818965792704,0.00208737139305,0.0,0.818922965327,-0.573761168967,-0.0120018643366,0.0,-0.00863162987545,0.00859649287973,-0.999925794885,0.0,0.661332100351,0.260549701922,0.303273626364,1.0,-0.00394,-0.00517828571429,0.198
0.46479798745,0.54557838428,-0.123906225632,-1.35925760979,0.0793665484097,1.89533860735,0.158776863219,-0.00105789862668,-0.0234065596614,0.000262082445464,-0.036850474297,-0.00334460978452,0.00856220883152,-0.00261370924983,0.573816850087,0.818969411959,0.00201785352015,0.0,0.818925995031,-0.573756860215,-0.0120011215696,0.0,-0.00867096111746,0.0085390828822,-0.999925946506,0.0,0.661256671829,0.260440620173,0.303248969453,1.0,-0.0043,-0.00565142857143,0.216
0.464731668625,0.545161797554,-0.123907165871,-1.35999260326,0.0793282730437,1.89556947484,0.158714833439,-0.0033036889989,-0.0186824008474,-0.000489605202188,-0.0392177056918,-0.00302699777332,0.0150877537891,-0.00845546057898,0.573851681751,0.818945180023,0.00194585945193,0.0,0.818900702926,-0.573791877962,-0.0120526525208,0.0,-0.00875411188303,0.00851006443674,-0.999925469387,0.0,0.661164401585,0.260323909645,0.303214063352,1.0,-0.00466,-0.00612457142857,0.234
0.464658753209,0.544725032911,-0.123908912952,-1.36070718816,0.0793066182228,1.89581135312,0.15858424122,-0.0046801004854,-0.0278190754258,-0.000833517714374,-0.0396652830282,-0.00502177074652,0.0119504790828,-0.00513900960529,0.573839657656,0.81895364966,0.00192715069061,0.0,0.818908694224,-0.573779709976,-0.012088914144,0.0,-0.00879466971895,0.00851542275772,-0.999925067872,0.0,0.661080439589,0.260208511928,0.303204124778,1.0,-0.005,-0.00657142857143,0.251
0.46459532101,0.544290906544,-0.123912436851,-1.36143310378,0.0792775494528,1.89608439544,0.158542388858,-0.00515965622646,-0.0270755545305,-0.000685663115824,-0.0458892668557,-0.000689239686791,0.0234485064458,0.000728962539682,0.573892616604,0.818916563984,0.00191643960504,0.0,0.818871351132,-0.573832595828,-0.0121082270479,0.0,-0.00881608191359,0.00851830359544,-0.999924854778,0.0,0.660998282543,0.260097895304,0.303189637279,1.0,-0.00532,-0.006992,0.267
0.464522079057,0.543813353764,-0.123909367155,-1.36220647543,0.079243793193,1.89634660919,0.158427307725,-0.00597436065169,-0.0274119420705,-3.82848415209e-06,-0.0467316987639,8.26622883437e-05,0.0101889744144,-0.00976583582131,0.57387838879,0.818926586514,0.00189411766578,0.0,0.818880873672,-0.573818268383,-0.0121431669946,0.0,-0.00885765351458,0.00851992187357,-0.999924473601,0.0,0.66089830952,0.259974324365,0.303179800209,1.0,-0.00566,-0.00743885714286,0.284
0.4644453594,0.543270286723,-0.123915692368,-1.36305881314,0.0791940819264,1.89665116817,0.158305995987,-0.0066000712136,-0.0314218343134,-0.000337363695538,-0.0480023252607,-0.00488178039317,0.0177749186269,-0.00918648083515,0.573892200107,0.818916913671,0.00189157642439,0.0,0.818871185926,-0.573832106952,-0.0121425200079,0.0,-0.00885843827637,0.00851761894263,-0.999924486268,0.0,0.660808332795,0.259842279968,0.303187190279,1.0,-0.00598,-0.00785942857143,0.3
0.464367883485,0.542707999139,-0.123918880116,-1.36396346986,0.0791372249863,1.89697512815,0.158196651083,-0.00220037399954,-0.0288695105717,-0.000537787523151,-0.0535060426772,-0.000823765822594,0.013500716984,-0.00614809220614,0.573903433104,0.818909083396,0.00187336682607,0.0,0.818863128695,-0.573843430927,-0.0121507261595,0.0,-0.0088754916557,0.00850753827449,-0.999924420864,0.0,0.660703333598,0.259702021775,0.303182499806,1.0,-0.00632,-0.00830628571429,0.317
0.464279657988,0.542101519882,-0.123916242111,-1.36488810526,0.0790899047183,1.89732293455,0.158078978911,-0.00430671800342,-0.0426364664696,-0.00107744725162,-0.0503659399641,-0.00124822358175,0.0174528246721,-0.00912263352924,0.57391623436,0.818900041959,0.00190371196132,0.0,0.818854395726,-0.573856009589,-0.0121451949176,0.0,-0.00885341453373,0.00852935165682,-0.99992443075,0.0,0.660600438569,0.259559423012,0.303201370023,1.0,-0.00666,-0.00875314285714,0.334
0.464212335591,0.541489606845,-0.123924887404,-1.36580376812,0.0790328791344,1.89766024293,0.157946645595,-0.001564176904,-0.0398638795993,-0.00166301740301,-0.061423098545,-0.00178853026399,0.0223951480317,-0.00704434641912,0.57390459845,0.818908135697,0.00192978438401,0.0,0.818862884307,-0.573844311132,-0.0121256004759,0.0,-0.00882252695041,0.00853933108743,-0.99992461858,0.0,0.660495217192,0.259422956042,0.3032277081,1.0,-0.00698,-0.00917371428571,0.35
0.464111668038,0.540775889547,-0.123917270955,-1.36692489236,0.0789644201983,1.89808250675,0.157801910052,-0.00967970510347,-0.0447286655784,0.000690379446701,-0.0716064470864,-0.00422988582838,0.0282461627778,-0.0111770742185,0.573907091065,0.818906357604,0.00194298791342,0.0,0.818861247409,-0.573846714513,-0.0121224022404,0.0,-0.00881230469784,0.00854833469494,-0.99992463179,0.0,0.660367575431,0.259254758425,0.303234967464,1.0,-0.00734,-0.00964685714286,0.368
0.464027190112,0.540090954775,-0.123925277116,-1.36796488655,0.0789032818102,1.89846390031,0.157669419567,-0.00986341886658,-0.0480893787123,0.000717207265023,-0.0643238614619,-0.000402454287858,0.0279764105169,-0.00489215728495,0.573914576183,0.818901060228,0.00196461284056,0.0,0.818856247849,-0.573854118039,-0.0121096436417,0.0,-0.00878936807081,0.00855880128089,-0.999924744133,0.0,0.660248534859,0.259095871872,0.303257355968,1.0,-0.00766,-0.0100674285714,0.384
0.463923057871,0.539354990487,-0.123923344989,-1.36911426276,0.0788400664045,1.8988982421,0.157542656593,-0.00563656793637,-0.0430091858734,0.00132229961238,-0.0717312572982,-0.000234691607547,0.0260457594199,-0.00677213490611,0.573941411353,0.818882202816,0.00198523215373,0.0,0.818837598579,-0.573880799462,-0.0121062819422,0.0,-0.00877450114559,0.00857404435045,-0.999924744115,0.0,0.660118835681,0.258920720377,0.303267908859,1.0,-0.008,-0.0105142857143,0.401
0.463832942831,0.538597369081,-0.123931612716,-1.37031598999,0.0787749048213,1.89935874146,0.157382524796,-0.00391100320165,-0.0427462301575,0.000647283190459,-0.0786313765954,-0.000706109053391,0.0280802443544,-0.0177171326266,0.573938955933,0.818883888171,0.00199986427315,0.0,0.818839458088,-0.573878263637,-0.0121007149993,0.0,-0.00876157059904,0.00858280475598,-0.999924782343,0.0,0.65998138707,0.25874444276,0.30327132945,1.0,-0.00834,-0.0109611428571,0.418
0.463719271012,0.537811365603,-0.123932000311,-1.37153854501,0.078699525315,1.89983158204,0.157237233565,-0.00470768461794,-0.0496755988936,-0.000273050305174,-0.0731281128857,-0.00113900441886,0.0206390742347,-0.0187009426341,0.573960712732,0.818868568571,0.00202843485495,0.0,0.818824549483,-0.57389993044,-0.0120819661732,0.0,-0.00872959179529,0.00859567166554,-0.999924951512,0.0,0.659846932458,0.258554291043,0.303285541694,1.0,-0.00868,-0.011408,0.435
0.463620622308,0.537029046742,-0.123932194447,-1.37276713687,0.0786272898084,1.90028238987,0.157089949914,-0.0100032998266,-0.0483622488285,0.000737903989449,-0.0758853290991,-7.01700572222e-05,0.0200069588925,-0.0068626165352,0.573969314239,0.818862528726,0.00203279654823,0.0,0.818818531234,-0.573908477114,-0.012083861397,0.0,-0.0087285501807,0.00860042270811,-0.999924919752,0.0,0.659702212382,0.258372429253,0.303292230522,1.0,-0.009,-0.0118285714286,0.451
0.463501638969,0.536194323417,-0.12393530355,-1.37408077586,0.0785589166371,1.90078106428,0.156935382798,-0.00604160974869,-0.0551084545302,0.000645803887572,-0.0815336079572,-0.00563874522334,0.0294369548447,-0.0129820382168,0.573996392242,0.818843496309,0.0020535694483,0.0,0.818799691851,-0.573935384516,-0.0120824635832,0.0,-0.00871519834817,0.00861691844002,-0.999924894197,0.0,0.659554125115,0.25816993346,0.303299555049,1.0,-0.00934,-0.0122754285714,0.468
0.463384848408,0.535298279349,-0.123941387381,-1.37549574605,0.0784772934857,1.90128733444,0.156759952125,-0.00634778258494,-0.0518683357706,0.000206827432677,-0.0814353252355,-0.00450641714116,0.0347400214699,-0.0172613127461,0.574008354269,0.818835136577,0.00204334001337,0.0,0.818791150631,-0.573947342039,-0.0120932673485,0.0,-0.00872979072691,0.00861487107207,-0.999924784546,0.0,0.659386160151,0.257954333161,0.303302500439,1.0,-0.00968,-0.0127222857143,0.485
0.46326939812,0.534453813452,-0.123941284918,-1.37687465863,0.0783998382534,1.90179928103,0.15658581693,-0.00538319373554,-0.0491267384273,-0.000817469816733,-0.0905298871232,0.0002962674094,0.0363435357115,-0.0107505055524,0.574018425824,0.818828116923,0.00202698083797,0.0,0.81878383499,-0.57395740252,-0.0121110921058,0.0,-0.00875367062146,0.00861181497368,-0.999924602104,0.0,0.659214162766,0.257733257577,0.303287816635,1.0,-0.01002,-0.0131691428571,0.502
0.46313936656,0.533525849746,-0.123944480735,-1.37836714836,0.0783171162503,1.90234175242,0.156393714484,-0.00572321948456,-0.0544524322053,0.00218996023423,-0.0907454747655,-0.00419898642433,0.0394354057623,-0.0126123465909,0.574026006817,0.818822845391,0.00200954324824,0.0,0.818778251225,-0.573964976205,-0.0121296460011,0.0,-0.00877879282853,0.00860826830052,-0.9999244124,0.0,0.65904818388,0.257518755556,0.303277628985,1.0,-0.01034,-0.0135897142857,0.518
0.462993485147,0.532473748447,-0.123942445482,-1.38007770319,0.078218408259,1.90298858803,0.156186763225,-0.00310827708239,-0.0544061710426,7.57460224362e-05,-0.0958018244864,-0.00713672067037,0.027844066637,-0.0175037709615,0.57404166158,0.818811893347,0.00200024605204,0.0,0.818767116425,-0.573980610017,-0.0121414697296,0.0,-0.00879364667316,0.00860761087299,-0.99992428754,0.0,0.658848998065,0.257262483462,0.303261316699,1.0,-0.01072,-0.0140891428571,0.537
0.462862821513,0.53155101175,-0.123944618365,-1.38155064806,0.0781310789307,1.90353216063,0.155996127099,-0.00977234749061,-0.0626050115391,-0.000296681920464,-0.0943721094298,-0.00949114479457,0.0389991836235,-0.0186904858585,0.574050935988,0.818805406297,0.00199409402642,0.0,0.81876051915,-0.573989881337,-0.0121480576673,0.0,-0.00880247497533,0.00860645503559,-0.999924219812,0.0,0.658677160289,0.257035171327,0.30325784943,1.0,-0.01104,-0.0145097142857,0.553
0.462730148489,0.530536338189,-0.123944893345,-1.38320248394,0.0780271580567,1.90410183343,0.155783508211,-0.00944409367216,-0.0602446184483,-0.000114991612705,-0.101952262198,-0.0121460659794,0.0295895700967,-0.0109066675447,0.5740473552,0.818808059755,0.00193446887601,0.0,0.818762333547,-0.573986510019,-0.0121850064679,0.0,-0.00886699318233,0.0085788061557,-0.999923887362,0.0,0.658471762903,0.256786744922,0.30323601954,1.0,-0.01138,-0.0149565714286,0.57
0.462604837967,0.529618459484,-0.123952633017,-1.38464576658,0.0779412357836,1.90463950161,0.155586878966,-0.00212165141767,-0.0629345374139,-0.000711883319785,-0.09445438661,-0.00590616582266,0.0338336287115,-0.0151767724588,0.574049721104,0.818806380355,0.0019432166795,0.0,0.818760779815,-0.573988847094,-0.0121793164963,0.0,-0.00885728788426,0.00858272808591,-0.999923939722,0.0,0.658304572867,0.256563055776,0.303242510364,1.0,-0.01168,-0.0153508571429,0.585
0.462472932498,0.528512426176,-0.123955531615,-1.38634162105,0.0778339643291,1.90528913063,0.155363135796,-0.00847546380184,-0.0623816082043,-0.00121493495942,-0.0981270648198,-0.00275479286172,0.0352849261444,-0.0121823277023,0.574039708408,0.818813287421,0.00199007910432,0.0,0.818768374154,-0.573978698772,-0.0121470054648,0.0,-0.00880403596715,0.00860244293139,-0.999924240593,0.0,0.658106965651,0.256314497525,0.303270595249,1.0,-0.01202,-0.0157977142857,0.602
0.462334200545,0.527398508013,-0.123948536584,-1.38807469859,0.0777329531102,1.90595919418,0.155106422452,-0.00809661653585,-0.0660868538394,0.000345436552279,-0.104453551776,-0.0033134910913,0.0457883828393,-0.00880373128898,0.574004895948,0.818837578991,0.00203606507352,0.0,0.818793216093,-0.573943638034,-0.0121291608083,0.0,-0.00876339479839,0.00862948010165,-0.999924364632,0.0,0.657903570879,0.256065298511,0.30328771719,1.0,-0.01236,-0.0162445714286,0.619
0.462180687317,0.52622772688,-0.123949152706,-1.38988874644,0.0776111745335,1.9066320536,0.154872311301,-0.0079401868044,-0.0666871572044,-0.000230053303164,-0.106774714879,-0.00838613721664,0.0421109169881,-0.0158814629334,0.57400434068,0.818837922838,0.00205424042478,0.0,0.818793889992,-0.573943094623,-0.0121093661073,0.0,-0.00873675929337,0.00863299442875,-0.999924567377,0.0,0.657689360217,0.255789980823,0.303306478852,1.0,-0.0127,-0.0166914285714,0.636
0.46200307846,0.524905003086,-0.123959412396,-1.39194411342,0.0774881361213,1.90736681797,0.15458200832,-0.0109603149157,-0.0687918548783,-0.00164616795188,-0.110833287863,-0.00189331379201,0.0391306018646,-0.019342317964,0.573996604326,0.818843342761,0.00205551447444,0.0,0.818799294868,-0.573935322386,-0.0121122806817,0.0,-0.00873849628246,0.00863562804682,-0.999924529458,0.0,0.657442638288,0.255470595856,0.303322629833,1.0,-0.01308,-0.0171908571429,0.655
0.461851003581,0.523795214369,-0.123963298309,-1.39373113491,0.0773714357299,1.90801405122,0.154340998429,-0.00823652799761,-0.0752796246115,-0.00138686690423,-0.108208759204,-0.00660689099914,0.0375937324055,-0.0128707222074,0.573990929919,0.818847399452,0.00202377949301,0.0,0.818802974791,-0.573929824933,-0.0121240020886,0.0,-0.00876636895081,0.00861630979301,-0.999924452137,0.0,0.657226922967,0.255195894622,0.303308646064,1.0,-0.0134,-0.0176114285714,0.671
0.461692689403,0.522562586347,-0.12396362879,-1.39567377643,0.0772517489888,1.90876329918,0.154084101912,-0.00912075406191,-0.0702138647419,-0.000780128220231,-0.116742024551,-0.00236716603869,0.0455936614048,-0.0157790782505,0.573982431931,0.81885328093,0.00205403158637,0.0,0.818809286173,-0.573921229912,-0.012104612108,0.0,-0.00873321714617,0.00862986098389,-0.999924625368,0.0,0.65699855037,0.254908744099,0.303315368018,1.0,-0.01374,-0.0180582857143,0.688
0.46151740413,0.521240890167,-0.123969254384,-1.39777794062,0.0771266632954,1.9095844798,0.153800134468,-0.0116578834226,-0.0691274804427,-0.00105397535053,-0.116330497877,-0.0114955075274,0.0481544876242,-0.00937625955437,0.57397644943,0.818857398265,0.00208415620935,0.0,0.81881382908,-0.573915149453,-0.0120855879577,0.0,-0.00870041179909,0.00864354520646,-0.999924793152,0.0,0.656753943713,0.254593389515,0.303313865468,1.0,-0.0141,-0.0185314285714,0.706
0.461370538892,0.520103638086,-0.123967590919,-1.3995808925,0.0770143534308,1.91023017718,0.153552099168,-0.00833966303338,-0.0775643388806,0.000295617540137,-0.124146475417,-0.00349543882476,0.0489909636265,-0.0172911299371,0.573958042984,0.818870345422,0.00206620047081,0.0,0.818826492111,-0.573896773858,-0.0121002344315,0.0,-0.00872290530721,0.00863705284748,-0.999924653282,0.0,0.656530244185,0.254324541756,0.30331035334,1.0,-0.0144,-0.0189257142857,0.721
0.461195451214,0.518744551787,-0.123974761574,-1.40167045747,0.0768797956162,1.91097539862,0.153266955851,-0.0128567186165,-0.0870263815211,-0.000492169815358,-0.123155941792,-0.0128634723968,0.0510880611638,-0.0195976669114,0.573947449411,0.81887774986,0.00207436741839,0.0,0.81883403583,-0.573886178549,-0.012092259403,0.0,-0.00871179910916,0.00863905041546,-0.99992473285,0.0,0.65627429105,0.25400413159,0.303334695182,1.0,-0.01474,-0.0193725714286,0.738
0.461041228905,0.517563414556,-0.123973891943,-1.40353766085,0.0767618697895,1.91164693867,0.153005855171,-0.00725296006952,-0.0800245962653,-0.00550263364461,-0.128556861088,-0.0146226189869,0.0423979107215,-0.022242900606,0.573926295877,0.818892611981,0.00206005923045,0.0,0.818848681142,-0.573865060148,-0.0121027697075,0.0,-0.00872884074105,0.00863314078674,-0.99992463527,0.0,0.65604282673,0.253723880277,0.303333011477,1.0,-0.01504,-0.0197668571429,0.753
0.460853696567,0.516198864917,-0.123979179065,-1.40569223942,0.0766195557992,1.91244754314,0.152719379929,-0.0108933070402,-0.0828905985715,-0.002326112336,-0.128307306616,-0.00713361115523,0.0518134734722,-0.0174407531038,0.57392444614,0.818893906887,0.00206065224929,0.0,0.81885007839,-0.573863301651,-0.0120916103167,0.0,-0.00871938118453,0.00862720211017,-0.999924769058,0.0,0.655784366088,0.25339134585,0.303334239575,1.0,-0.01538,-0.0202137142857,0.77
0.460671374023,0.514832762484,-0.123974346254,-1.40790049721,0.0764881713638,1.91327051179,0.152423154769,-0.00816770991825,-0.084581914937,0.00181295555769,-0.134504718409,-0.00949728757711,0.0508837873926,-0.0247315918325,0.573908785499,0.818904921134,0.00204523122197,0.0,0.818860799216,-0.573847619192,-0.0121098453888,0.0,-0.0087433292518,0.00862487238818,-0.999924580041,0.0,0.655512638097,0.253065097815,0.303312272044,1.0,-0.01572,-0.0206605714286,0.787
0.460482901381,0.513423272209,-0.123980757133,-1.41016410421,0.0763552648994,1.91404926878,0.152118313735,-0.011176744163,-0.0817680179313,-0.0016244379034,-0.13537081468,-0.0153310839917,0.0448074595696,-0.0174717170612,0.57390080379,0.818910666521,0.00198357473693,0.0,0.818865580312,-0.573839754997,-0.0121591063167,0.0,-0.00881913761275,0.00860256759264,-0.999924106441,0.0,0.655223378181,0.252719146166,0.303290453519,1.0,-0.01606,-0.0211074285714,0.804
0.460301007205,0.512080664257,-0.123982533081,-1.41232794899,0.0762174938944,1.91482236779,0.1518026165,-0.012882687127,-0.0855601112729,-0.000747156737371,-0.132688628421,-0.0131104799824,0.0467312110668,-0.0216546307134,0.573871010211,0.818931628872,0.00194878768692,0.0,0.818886054449,-0.57381008865,-0.0121802665828,0.0,-0.00885674203708,0.00858590225363,-0.999923917307,0.0,0.654938241664,0.252366102936,0.303276367669,1.0,-0.0164,-0.0215542857143,0.821
0.460087308777,0.510533324315,-0.123990743396,-1.41477652682,0.0760715795119,1.91576324073,0.151449976333,-0.00751717277331,-0.0869855280896,-0.000842843652104,-0.137736169131,-0.005517540369,0.0560168775747,-0.013598428039,0.573849297685,0.818946791523,0.00197055895207,0.0,0.818901514086,-0.573788293103,-0.0121676549136,0.0,-0.00883414837899,0.0085962594407,-0.999924028187,0.0,0.654660050302,0.252015320275,0.303268042225,1.0,-0.01674,-0.0220011428571,0.838
0.459900499698,0.509139421361,-0.123991379126,-1.41700620313,0.0759342374387,1.91657482195,0.151161397902,-0.0105493350859,-0.0902893786984,0.000474137918988,-0.142365815211,-0.00732342727773,0.0495419184837,-0.0201710023387,0.573845310068,0.818949638688,0.0019484114868,0.0,0.81890401477,-0.57378435028,-0.0121852725917,0.0,-0.00886132717526,0.00858818886686,-0.999923857047,0.0,0.654380882513,0.251679331146,0.30325275163,1.0,-0.01706,-0.0224217142857,0.854
0.459680685015,0.507609104254,-0.123989622015,-1.41938934441,0.0757838803394,1.9174290786,0.150815462729,-0.00970480627626,-0.0886851849769,0.000527488843201,-0.138101919632,-0.00566157950255,0.0503214481865,-0.0171176525138,0.573823525534,0.818964902016,0.00194877173389,0.0,0.818919229216,-0.573762514968,-0.0121909532011,0.0,-0.00886600132066,0.00859150780485,-0.999923787103,0.0,0.654084695371,0.251307630804,0.303262935291,1.0,-0.0174,-0.0228685714286,0.871
0.459441090655,0.50586324183,-0.124003119708,-1.42210962835,0.0756046196105,1.91844510393,0.150442076107,-0.0139013165237,-0.0918098656541,-0.00162836195478,-0.140584679838,-0.0106427788563,0.050561511721,-0.0216511872652,0.57381569659,0.818970328756,0.00197328810653,0.0,0.818925126698,-0.573754722734,-0.0121614927042,0.0,-0.00882788827189,0.00859459609289,-0.999924097773,0.0,0.653754627869,0.250883285179,0.303277272957,1.0,-0.01778,-0.023368,0.89
0.459229844902,0.504313168763,-0.123999210407,-1.42445021795,0.0754631141798,1.91935129593,0.15012049965,-0.0133062356488,-0.0984193013608,0.00620434435874,-0.146263308606,-0.00759020951473,0.0498338630975,-0.0212966888146,0.573805085348,0.818977517475,0.0020728724557,0.0,0.818933619897,-0.573743676597,-0.0121106015046,0.0,-0.00872918095532,0.0086468361521,-0.999924513963,0.0,0.653474368008,0.250528783047,0.303324738754,1.0,-0.0181,-0.0237885714286,0.906
0.45899411238,0.502636028471,-0.124013742356,-1.42692359392,0.0753078652954,1.92028267434,0.149783972271,-0.0155062133078,-0.101399620816,-0.000803803149888,-0.143713623755,-0.012252666695,0.0479728505088,-0.0210040805991,0.573817856386,0.818968281075,0.00218384694283,0.0,0.818925945916,-0.573756084181,-0.0120415061962,0.0,-0.0086087819064,0.00869820766401,-0.999925112225,0.0,0.653180603869,0.250133039344,0.303399844317,1.0,-0.01844,-0.0242354285714,0.923
0.458786819563,0.501120968336,-0.124014752885,-1.42919364067,0.0751588132755,1.92108285328,0.149447600503,-0.0165482042101,-0.10187589829,0.000502505961212,-0.153969183789,-0.00615441530743,0.0585014395992,-0.0180929019257,0.57379246275,0.818985963655,0.00222439422703,0.0,0.818944105321,-0.573730470787,-0.0120268928578,0.0,-0.00857381876237,0.00872276295243,-0.999925198722,0.0,0.652872380278,0.249756577752,0.30345027301,1.0,-0.01876,-0.024656,0.939
0.458549460145,0.499418950896,-0.124017540267,-1.43179599858,0.0749916783688,1.92202405525,0.149090456597,-0.0100506375207,-0.0919824912646,-0.0012222824247,-0.158490935674,-0.00488860713747,0.0545573941731,-0.0195074740612,0.573779249549,0.81899514606,0.00225175914177,0.0,0.818953708167,-0.573717210326,-0.0120055552574,0.0,-0.00854078294499,0.00873279311841,-0.999925393892,0.0,0.652567783422,0.249372193017,0.303476609705,1.0,-0.01908,-0.0250765714286,0.955
0.458266222289,0.497540582435,-0.124021177495,-1.43475227957,0.0748109486024,1.92311196204,0.148655853805,-0.0149700151156,-0.102508380621,-0.00171099733098,-0.15707150867,-0.0121338905588,0.0588753508895,-0.0258264929609,0.573759171603,0.819009189912,0.00225981004628,0.0,0.818967794886,-0.573697038091,-0.0120085938731,0.0,-0.00853886680947,0.00874092081305,-0.999925339241,0.0,0.652201328772,0.24890407738,0.303473678872,1.0,-0.01946,-0.025576,0.974
0.458012047572,0.495972558641,-0.124021509725,-1.43728904444,0.0746580215016,1.92400277672,0.148280583232,-0.019908850935,-0.0979085073683,0.000254145087203,-0.161742581668,-0.00125307855273,0.0508946213678,-0.0199515533694,0.573747042912,0.81901786029,0.00219594562684,0.0,0.818975460204,-0.573685003407,-0.0120606529539,0.0,-0.00861827503008,0.0087183574036,-0.999924854966,0.0,0.651877965492,0.24849384904,0.303436312314,1.0,-0.01978,-0.0259965714286,0.99
0.457717067002,0.494174962149,-0.124026922857,-1.44020360924,0.0744747912263,1.92503002931,0.147877104294,-0.0239728590378,-0.100798820355,0.00103828866126,-0.163078063712,-0.011229588066,0.0601644440444,-0.0275787926409,0.573759096953,0.819009624792,0.00211661584557,0.0,0.818966084615,-0.573697291235,-0.0121126867843,0.0,-0.00870627790403,0.00868336800443,-0.999924397065,0.0,0.651507948382,0.248016822464,0.303390423847,1.0,-0.022096,-0.0290404571429,1.008
0.457451602179,0.492227776106,-0.124083485572,-1.44321286753,0.0742865010827,1.92615210017,0.147441204475,-0.0212456938734,-0.1342202686,-0.00319756461189,-0.198149852984,-0.0232350631112,0.0782807636438,-0.0310970108154,0.573760330993,0.819008664726,0.00215327295089,0.0,0.8189658501,-0.573698614634,-0.0120657713649,0.0,-0.00864680806346,0.0086864852265,-0.999924886021,0.0,0.651140771018,0.247525429823,0.303412433605,1.0,-0.0269325714286,-0.0353970938776,1.024
0.457097443586,0.489835253096,-0.124085181294,-1.44709516878,0.0740725444012,1.92756199862,0.146857410673,-0.0250279528675,-0.147404493051,0.00198560367633,-0.239856630785,-0.0127175921796,0.0829837480626,-0.0310942030188,0.573709975843,0.819044081835,0.00209822060896,0.0,0.81900016567,-0.573648121586,-0.012137056249,0.0,-0.00873731200096,0.00868176042455,-0.99992414033,0.0,0.650639389134,0.246926419842,0.303351256231,1.0,-0.0320714285714,-0.0421510204082,1.041
0.456661704755,0.487105334583,-0.12411453316,-1.45138484608,0.0738188094965,1.92913841987,0.146259498946,-0.0334336019747,-0.17542943096,-0.00045797912526,-0.27688090794,-0.0154093430093,0.110145178118,-0.0374861542318,0.573742883703,0.819020995093,0.00211184724364,0.0,0.818977179004,-0.573680887969,-0.0121394378542,0.0,-0.00873109616986,0.00869463817779,-0.999924082732,0.0,0.650106383423,0.246219482899,0.303344337754,1.0,-0.036908,-0.0485076571429,1.057
0.456150874485,0.483769488167,-0.124180906157,-1.45651203839,0.0735020102339,1.93104417407,0.145472003401,-0.0335491236969,-0.204810726968,-0.00435220028446,-0.320586588763,-0.0149786904445,0.114753993592,-0.0413462326892,0.573728370446,0.819030968732,0.00218543031285,0.0,0.818988248775,-0.573666193592,-0.0120869185325,0.0,-0.00864601956843,0.00872461779406,-0.999924560849,0.0,0.649430837683,0.245310674578,0.303381220064,1.0,-0.0423491428571,-0.0556588734694,1.075
0.455548975938,0.480014642454,-0.124244379403,-1.46242694243,0.0731548341903,1.93309420675,0.144579897238,-0.0335486564204,-0.229041623457,-0.00035039800459,-0.357578984322,-0.0176212637849,0.131643545044,-0.0483654564024,0.573734771343,0.819026693766,0.00210569488863,0.0,0.818982745709,-0.573672752307,-0.0121483493955,0.0,-0.0087420109686,0.0086946256426,-0.999923987476,0.0,0.64871111497,0.24436783894,0.303355263284,1.0,-0.0471857142857,-0.0620155102041,1.091
0.454859315534,0.47577500846,-0.124318393833,-1.46891239229,0.0727574455074,1.93544135162,0.14365221399,-0.0442554775782,-0.257162205129,-0.00472296881231,-0.397623270218,-0.0272379703527,0.142100272194,-0.0548411835634,0.573800115669,0.818980711841,0.00218352752582,0.0,0.818937860178,-0.573737829916,-0.0121008508998,0.0,-0.00865775782823,0.00873181112004,-0.999924396494,0.0,0.647896988489,0.243260784497,0.303409865443,1.0,-0.0523245714286,-0.0687694367347,1.108
0.45418177356,0.471747604215,-0.124356012282,-1.47516578942,0.0723853171326,1.93768946479,0.142726652755,-0.0445868764931,-0.270792873324,-0.00390038319867,-0.424382836556,-0.024494128998,0.149989546049,-0.0574411468643,0.573823950941,0.818963945542,0.00220819617159,0.0,0.818921176221,-0.573761313742,-0.0121164719159,0.0,-0.00865614276743,0.0087612290732,-0.999924153152,0.0,0.647095250961,0.242205971829,0.303414573608,1.0,-0.0568588571429,-0.0747287836735,1.123
0.453350216687,0.466708807565,-0.124394021318,-1.48270198022,0.0719135746211,1.94051609333,0.14150001882,-0.0516879907936,-0.301594723476,-0.00226436906712,-0.457657402462,-0.0311748497892,0.166897441831,-0.071069232984,0.573758335368,0.819009124537,0.00248463715434,0.0,0.818970106301,-0.573694711808,-0.0119620035705,0.0,-0.00837172805745,0.00889831413078,-0.999925364302,0.0,0.646151482442,0.240937034012,0.30355228008,1.0,-0.0619977142857,-0.0814827102041,1.14
0.452429867334,0.461326106015,-0.124420323079,-1.49104597963,0.0713683385947,1.94338813183,0.140236788982,-0.0563341233886,-0.318053227642,0.000821931240827,-0.50808123437,-0.0382956774491,0.172707686291,-0.0706616735214,0.573738494045,0.819023265719,0.00240365609566,0.0,0.818982936212,-0.573674931101,-0.0120320622227,0.0,-0.00847578483506,0.00887198139994,-0.999924721675,0.0,0.64503546305,0.23952064335,0.303540448467,1.0,-0.0671365714286,-0.0882366367347,1.157
0.451490692933,0.455920406976,-0.124474666202,-1.49944676316,0.0708104067906,1.94626603856,0.138979983754,-0.0606896027368,-0.340634980241,-0.00199683331462,-0.537395858244,-0.0381709219025,0.18969411002,-0.0812965977166,0.573753525197,0.819013063282,0.00228941005196,0.0,0.818971122095,-0.573690312866,-0.0121026030323,0.0,-0.00859894317051,0.00881904166692,-0.999924138463,0.0,0.643905812723,0.238069695348,0.303511961231,1.0,-0.0719731428571,-0.0945932734694,1.173
0.450267574391,0.448950990414,-0.124518911807,-1.50979586431,0.0700905806987,1.95019358388,0.137305026884,-0.0665848846176,-0.370832760451,-0.00172806696189,-0.557265053099,-0.0371149773333,0.207385042111,-0.0848006032159,0.573690439371,0.819055956441,0.00271420217276,0.0,0.819020356288,-0.573626415172,-0.0117957070344,0.0,-0.00810456208247,0.00899024427188,-0.999926743107,0.0,0.642594206752,0.236279399237,0.303711110635,1.0,-0.0777165714286,-0.102141779592,1.192
0.449154655686,0.442802801427,-0.124559830441,-1.51921831954,0.0694856924858,1.95342646592,0.135885438289,-0.0680223895385,-0.393729467908,-0.00315459991343,-0.595859622081,-0.0369032868523,0.20927866074,-0.0892253447928,0.573725942942,0.819031189341,0.00268331570542,0.0,0.818994793651,-0.573661593348,-0.0118596455207,0.0,-0.00817426179285,0.00900198121783,-0.999926070156,0.0,0.641306679467,0.234635895731,0.303718551482,1.0,-0.0825531428571,-0.108498416327,1.208
0.447896034055,0.435928177589,-0.124585795492,-1.52988572467,0.0687426587748,1.95703057682,0.134153976746,-0.0770431734445,-0.408343212794,-0.000153257242303,-0.623976814891,-0.0406920821495,0.217757374592,-0.105068642502,0.573621807411,0.819104692783,0.00250424143183,0.0,0.819065722005,-0.573557902149,-0.0119759266804,0.0,-0.00837337149556,0.00892096278044,-0.999925148735,0.0,0.639814553252,0.232778207267,0.30365234086,1.0,-0.087692,-0.115252342857,1.225
0.44642137184,0.428206891705,-0.124614314675,-1.54153718689,0.067937189055,1.96122841757,0.132279074468,-0.0899013403098,-0.423686930768,-0.00068358446551,-0.674710552579,-0.0448959600652,0.232482581185,-0.104877981179,0.573596433578,0.819121816845,0.00270692732422,0.0,0.819085708989,-0.57353199109,-0.0118491952144,0.0,-0.0081535818759,0.0090140351504,-0.999926130408,0.0,0.638242681742,0.230710016549,0.303733380475,1.0,-0.0931331428571,-0.122403559184,1.243
0.445091392606,0.421509836211,-0.124687136353,-1.5518273903,0.0671962910382,1.96463917971,0.130540846485,-0.091635237478,-0.450937945336,-0.00287934961329,-0.685659660077,-0.0470420341954,0.226702821754,-0.118595538562,0.573544925136,0.81915847765,0.00252076303651,0.0,0.819119929141,-0.573481185299,-0.0119423068993,0.0,-0.00833719228205,0.00891442838675,-0.999925509321,0.0,0.636789171156,0.228817421264,0.303686206694,1.0,-0.0976674285714,-0.128362906122,1.258
0.443387710983,0.413031485446,-0.124807959217,-1.56450531251,0.0662881088184,1.96917627315,0.128491251178,-0.09918779069,-0.474588248376,-0.00326964725662,-0.723067480836,-0.0393272533531,0.255965884371,-0.12719535186,0.573625364135,0.81910140404,0.00275289332665,0.0,0.819066601354,-0.573561536955,-0.0117393685649,0.0,-0.00803693428246,0.00898897561437,-0.99992730036,0.0,0.635066630284,0.226456387443,0.303795632232,1.0,-0.103108571429,-0.135514122449,1.276
0.44183992192,0.405733295242,-0.124859527259,-1.57563238505,0.0655410988675,1.97286436194,0.126638744614,-0.106116257608,-0.491773744201,-0.00507034577438,-0.740251586733,-0.0591547387294,0.248136465248,-0.121668419398,0.573658746997,0.819078391901,0.00264136621866,0.0,0.81904151543,-0.573594636007,-0.0118716657392,0.0,-0.00820890943503,0.00897384625759,-0.99992603921,0.0,0.633465519985,0.22437658259,0.303754542663,1.0,-0.107642857143,-0.141473469388,1.291
0.439970909484,0.397081560057,-0.124979348414,-1.58849596904,0.0646460717643,1.97729646575,0.124434923321,-0.11017211906,-0.521649170923,-0.00418449564545,-0.753714297555,-0.056920472287,0.266585253857,-0.129403393697,0.57373561898,0.819023998052,0.00280660458556,0.0,0.818989384527,-0.573671014074,-0.0117772044865,0.0,-0.00803590012171,0.00905575541943,-0.999926706116,0.0,0.631657866593,0.221901728399,0.303849918456,1.0,-0.112781714286,-0.148227395918,1.308
0.437994284919,0.388217968375,-0.125042158413,-1.60191583147,0.063626713403,1.98183030319,0.122153576157,-0.120353124515,-0.531097175843,-0.00284077856042,-0.789233796099,-0.0594318486919,0.268036490942,-0.139779569322,0.573763332205,0.819004827985,0.0027344569568,0.0,0.818969545199,-0.573699284882,-0.0117797056147,0.0,-0.00807903531645,0.00899837336271,-0.999926876559,0.0,0.629713973026,0.219328257716,0.303812352231,1.0,-0.117920571429,-0.154981322449,1.325
0.43605436675,0.379465325661,-0.125108585124,-1.61486972538,0.0626433013989,1.98614294263,0.119807699815,-0.120430790532,-0.560149653167,-0.0062894942155,-0.784846078722,-0.0605869680957,0.283321224767,-0.141297384301,0.573688436006,0.819057106903,0.00278943120468,0.0,0.819022732025,-0.573624418565,-0.0117276490547,0.0,-0.0080056825868,0.00901279773456,-0.999927336622,0.0,0.627806626224,0.216828422662,0.303882308209,1.0,-0.122757142857,-0.161337959184,1.341
0.433546724043,0.368876242535,-0.125177531364,-1.63082795353,0.061436935064,1.99141255873,0.116987933692,-0.132978490094,-0.566235579439,-0.00438719288387,-0.87180271671,-0.0638750693946,0.266879866326,-0.150851352261,0.57372366339,0.819032846832,0.00266472832127,0.0,0.818996742066,-0.573659969631,-0.0118035007026,0.0,-0.00813896351548,0.0089545238799,-0.999926784207,0.0,0.625423065878,0.213691483255,0.303810781602,1.0,-0.128500571429,-0.168886465306,1.36
0.431326564479,0.359536332523,-0.125308462453,-1.64452237602,0.0603503212305,1.99595834091,0.114513436088,-0.137272586619,-0.581666452755,-0.00540242019609,-0.863146777867,-0.0656766172821,0.284996463535,-0.1691039546,0.573785471565,0.818989237798,0.00275824105479,0.0,0.818955008398,-0.573722169502,-0.0116753304789,0.0,-0.00797965960119,0.0089581828035,-0.999928035407,0.0,0.623382755877,0.210923495683,0.303896346321,1.0,-0.133337142857,-0.175243102041,1.376
0.428793961117,0.349517343082,-0.125385707791,-1.65965496582,0.0592537763062,2.00070746313,0.1116933989,-0.150297774979,-0.595235612987,-0.00678432210084,-0.899587326585,-0.0689581982115,0.272008113437,-0.163409316556,0.573814087556,0.818970129592,0.00246305914639,0.0,0.818930942197,-0.573750661539,-0.011959815936,0.0,-0.00838171156626,0.00887995718279,-0.999925443857,0.0,0.62102233727,0.20786516252,0.303743233356,1.0,-0.138476,-0.181997028571,1.393
0.426295891216,0.339594678368,-0.125494881022,-1.67391862765,0.0581592882502,2.00546012448,0.108987469974,-0.15544763554,-0.61305699435,-0.0055326862297,-0.895193522123,-0.07191101123,0.294765711303,-0.165674120196,0.57388349624,0.818920484026,0.00277857659102,0.0,0.81888571334,-0.573819205581,-0.0117666773351,0.0,-0.00804172731471,0.00902821242307,-0.99992690833,0.0,0.61885963573,0.2049193386,0.303910965904,1.0,-0.143312571429,-0.188353665306,1.409
