position_joint1,position_joint2,position_joint3,position_joint4,position_joint5,position_joint6,position_joint7,velocity_joint1,velocity_joint2,velocity_joint3,velocity_joint4,velocity_joint5,velocity_joint6,velocity_joint7,ee_T_00,ee_T_10,ee_T_20,ee_T_30,ee_T_01,ee_T_11,ee_T_21,ee_T_31,ee_T_02,ee_T_12,ee_T_22,ee_T_32,ee_T_03,ee_T_13,ee_T_23,ee_T_33,v_x,v_y,time
0.465085835143,0.547893615083,-0.123969690677,-1.35585678312,0.0794624734378,1.89409233215,0.15916708086,-0.0020451168005,0.00204389100927,0.000173967668573,-0.000915805698611,-0.000212210598879,-7.67955815198e-05,0.000636292222446,0.573780587754,0.818995319704,0.00180286447009,0.0,0.818950461189,-0.573722836838,-0.0119580729693,0.0,-0.00875942992246,0.00833792735689,-0.999926873004,0.0,0.661661596294,0.26089843676,0.303122009872,1.0,0.0,0.0,0.0
0.465093591025,0.547896206822,-0.123971538019,-1.35585933949,0.079467332739,1.89409278778,0.159167536596,0.00167875448768,0.00207848982342,-0.000251896852108,-0.000192128407958,0.000159081453812,0.000173179694651,0.00145070196123,0.573777334165,0.818997603083,0.0018010673985,0.0,0.818952682961,-0.573719555022,-0.0119633673108,0.0,-0.00876483031607,0.00833945854184,-0.999926812912,0.0,0.661659159408,0.26090297928,0.303119066995,1.0,-0.00026,-0.000341714285714,0.014
0.465087825347,0.547883374702,-0.123970348789,-1.355860806,0.0794635396947,1.89409233218,0.159166010231,-0.00120472537047,-0.00067849538795,-0.000636182168877,0.000912184101945,-5.0824055156e-05,0.00014391579733,0.000552116332658,0.573779025882,0.818996400397,0.0018090041259,0.0,0.818951611156,-0.573721238602,-0.0119559969554,0.0,-0.00875422292783,0.00834174773453,-0.99992688674,0.0,0.66166051868,0.260899204256,0.303127373345,1.0,-0.00056,-0.000736,0.029
0.465094979676,0.547856790102,-0.123970064663,-1.35589086405,0.0794644496451,1.89409392796,0.159164523841,0.00198144887629,-0.00250042747358,0.000138505175889,-0.00511817362815,0.00027038300322,-0.000487073704418,-0.000181465814078,0.573773596552,0.819000202912,0.00180953904589,0.0,0.818955380769,-0.573715769646,-0.0119602203359,0.0,-0.00875743040323,0.0083445510345,-0.999926835264,0.0,0.661652666669,0.260901139372,0.303132031605,1.0,-0.00092,-0.00120914285714,0.047
0.465085407579,0.547756729991,-0.123972597659,-1.35599209103,0.0794632642004,1.89411617622,0.159167417928,-0.00110729124259,-0.0101134820303,-0.00138913704644,-0.0098499023907,-7.33912153644e-05,0.00167045344566,0.000425448801513,0.573790768014,0.818988125044,0.00183097769536,0.0,0.818943531434,-0.573732798677,-0.0119547039357,0.0,-0.00874043688475,0.00835912703154,-0.999926862205,0.0,0.661639694162,0.260883963188,0.303156750597,1.0,-0.00126,-0.001656,0.064
0.465081218702,0.547645028059,-0.123967481064,-1.35615238022,0.0794605579036,1.89414138327,0.159162500539,-0.000972026084949,-0.00729402457743,-0.000528654050919,-0.0114072332708,-2.35525808935e-05,-0.000337524054225,0.000569527251947,0.573805027432,0.818978189312,0.00180632938143,0.0,0.818933175249,-0.573747067557,-0.0119793090924,0.0,-0.008774585622,0.00835321166346,-0.999926612558,0.0,0.661611230021,0.260858499909,0.30315604197,1.0,-0.00158,-0.00207657142857,0.08
0.465065121318,0.547472795265,-0.123972201472,-1.35637766659,0.0794563792344,1.89424273445,0.159158070902,0.000399146929284,-0.0130050914862,-0.000578921919277,-0.0084601246515,0.000145592667465,0.00944976736338,0.000106846416038,0.573819047683,0.81896824049,0.00186238689813,0.0,0.818923882494,-0.573760774344,-0.0119580686885,0.0,-0.0087248819057,0.00838708217361,-0.999926763962,0.0,0.661589622802,0.260836216181,0.303185335423,1.0,-0.00192,-0.00252342857143,0.097
0.465038926001,0.547284743681,-0.123967563244,-1.3565928593,0.0794554972356,1.89437614706,0.159149634876,-0.00459681443754,-0.0127066723001,-0.000251670111277,-0.00856356462436,0.000202731828698,0.0150274964635,0.000333252427791,0.573842459559,0.818951609404,0.00195958244421,0.0,0.818908458533,-0.573783717256,-0.0119134065981,0.0,-0.00863229320627,0.00844129970391,-0.99992711133,0.0,0.661577681883,0.260807435725,0.303227547145,1.0,-0.00226,-0.00297028571429,0.114
0.465012404955,0.547099109111,-0.123964775925,-1.35684675402,0.0794527405668,1.89449836578,0.159135102217,-0.00394508605019,-0.00851031747263,-0.000404360680241,-0.0240437160906,0.000316347280232,0.0095970903532,-0.000486115480055,0.573863969564,0.818936409003,0.00201229888451,0.0,0.818893855648,-0.573804919686,-0.0118959752398,0.0,-0.00858754558152,0.00847469392931,-0.999927214163,0.0,0.661555163731,0.260771666899,0.303248706301,1.0,-0.00258,-0.00339085714286,0.13
0.464978647,0.546878540615,-0.123970434275,-1.35718265052,0.0794428021183,1.89461713316,0.159106068723,-0.000373736223974,-0.0104220252998,0.000232232747623,-0.0202988029549,-0.00234914742877,0.0100125128205,-0.00238982699223,0.573887910656,0.818919614003,0.00201958034452,0.0,0.818877082563,-0.573828755974,-0.0119008139541,0.0,-0.00858708202088,0.00848368465297,-0.999927141904,0.0,0.661518275526,0.260715538879,0.303255536259,1.0,-0.0029,-0.00381142857143,0.146
0.464934243339,0.546561103812,-0.123969700091,-1.35763138286,0.0794246401,1.89479051336,0.158991407907,-0.00122267653582,-0.0179407669581,-0.000173700955699,-0.0266018375927,-0.000390684372963,0.0157489780046,-0.00801295350152,0.5738501504,0.818945970063,0.00206152993817,0.0,0.818903904446,-0.573790749317,-0.0118877324597,0.0,-0.00855268844886,0.0085101358219,-0.999927211905,0.0,0.661470694663,0.260646331525,0.303281765343,1.0,-0.00328,-0.00431085714286,0.165
0.464897946764,0.546312289817,-0.123967978696,-1.358044797,0.0794090607685,1.89494090529,0.158928186603,-0.00315230566666,-0.0125518450846,0.00126259184957,-0.0289712527425,5.17762925638e-05,0.0109960019897,-0.00116073007611,0.573845897669,0.818948967442,0.0020545938809,0.0,0.818906708982,-0.573786423461,-0.0119033246384,0.0,-0.00856948233621,0.00851335863418,-0.999927040687,0.0,0.661422296477,0.260585197844,0.303274167639,1.0,-0.00358,-0.00470514285714,0.18
0.464837698063,0.545953716903,-0.123967979675,-1.35865097776,0.0793576977869,1.895141314,0.158888024812,-0.00660158828897,-0.0197513012152,0.000629205515961,-0.0368391248445,-0.00635903427201,0.01641081303,-0.00505719862894,0.573882479694,0.818923454172,0.0020056441239,0.0,0.818880656403,-0.573823299386,-0.0119179927966,0.0,-0.00860920425308,0.00848207374197,-0.999926965347,0.0,0.661351105376,0.260483380967,0.303256856466,1.0,-0.00396,-0.00520457142857,0.199
0.464786939859,0.545628496242,-0.123967845872,-1.35921477871,0.0792700539998,1.89533373656,0.158813334114,-0.00609640705252,-0.0193948250601,0.00221056239402,-0.0359467991743,-0.00186997852708,0.0143020164735,-0.0040799178553,0.573870936482,0.818931710433,0.00193618433097,0.0,0.818888468028,-0.573812495869,-0.0119014039332,0.0,-0.00863559657813,0.00841555086663,-0.999927299845,0.0,0.661286640429,0.260386098822,0.303235312899,1.0,-0.00428,-0.00562514285714,0.215
0.464727023039,0.545254002532,-0.123978596427,-1.35988456253,0.0792640513965,1.89553084829,0.158714720938,-0.00613290884036,-0.0208978179038,-0.000183641757866,-0.0406716372491,0.000525854066401,0.0101885728517,-0.00480864775084,0.573882304507,0.81892389946,0.00186932312433,0.0,0.818879445936,-0.573823814979,-0.011976196728,0.0,-0.00873509977632,0.00840383946179,-0.999926534058,0.0,0.661200291415,0.260278058556,0.303199103943,1.0,-0.0046,-0.00604571428571,0.231
0.464659120674,0.544780010852,-0.12397189941,-1.36067241681,0.0792364929193,1.89580826958,0.158643981061,-0.00448003550104,-0.026830938727,0.000907249867424,-0.0477884501637,-0.00131533349123,0.0152186433224,-0.00152446954753,0.573911870347,0.818903223592,0.00184996388416,0.0,0.818858271883,-0.573853224639,-0.0120147426773,0.0,-0.00877747276223,0.00841042359762,-0.999926107643,0.0,0.661104644056,0.26016411043,0.303183447479,1.0,-0.00498,-0.00654514285714,0.25
0.464590919823,0.544357933678,-0.123979664897,-1.36138952209,0.0792046805866,1.89607058106,0.158532068896,-0.00204543306277,-0.0241096207168,-0.00147419225292,-0.0458698128237,-0.00374484666674,0.0103701900746,-0.00584732245699,0.57391306469,0.818902441443,0.00182550761725,0.0,0.818857088858,-0.573854447209,-0.0120369574863,0.0,-0.00880968782226,0.00840315880049,-0.999925885415,0.0,0.661024418508,0.260047594699,0.303163835723,1.0,-0.0053,-0.00696571428571,0.266
0.464531613499,0.543896561855,-0.123977459284,-1.36212523704,0.0791725629699,1.89632347417,0.158436158055,-0.00502299971743,-0.0309838823309,0.000988445012968,-0.0505820386164,-0.00420204050039,0.0171378586944,-0.00135529133466,0.573913859694,0.818901908103,0.00181478884485,0.0,0.818856254287,-0.573855135527,-0.0120608931974,0.0,-0.00883543266369,0.00840812684457,-0.9999256165,0.0,0.660934397634,0.25994036211,0.303161979475,1.0,-0.0056,-0.00736,0.281
0.46444676955,0.543361375727,-0.123982858286,-1.36296972731,0.0791203599493,1.89661378538,0.158366546407,-0.00807869575879,-0.0302579601959,-0.000151499707644,-0.0531080499222,-0.00927593004088,0.0200620538838,-0.00874260860586,0.573963058931,0.818867465659,0.00179654367647,0.0,0.818821577958,-0.573904413487,-0.0120703998169,0.0,-0.0088531838138,0.00839917403957,-0.999925534733,0.0,0.660838138405,0.259799199304,0.303163987111,1.0,-0.00594,-0.00780685714286,0.298
0.464374655878,0.542759771788,-0.123986470323,-1.3639187363,0.0790626633402,1.89695438363,0.158216425423,-0.00226922666015,-0.0326541134763,0.000178868070603,-0.0537238147403,-0.00233959038151,0.0107430969855,-0.00793671934913,0.57393903607,0.818884317986,0.00178984148613,0.0,0.81883833742,-0.57388041828,-0.0120743358986,0.0,-0.00886049992885,0.00839568517654,-0.999925499231,0.0,0.660726033325,0.259658482411,0.303167461931,1.0,-0.0063,-0.00828,0.316
0.464301520078,0.542202318678,-0.123986084585,-1.36478542021,0.0790154431571,1.89727986918,0.158104599392,-0.00444510520563,-0.032409075314,-0.0056319073389,-0.0562017309483,-0.0024741023045,0.0229888630352,-0.00520394487222,0.573942666766,0.81888173758,0.0018061074237,0.0,0.818835918304,-0.573883927863,-0.0120715838889,0.0,-0.00884887393604,0.00840746454985,-0.99992550321,0.0,0.660627352195,0.259529277494,0.303177388562,1.0,-0.00662,-0.00870057142857,0.332
0.464222055986,0.541561931538,-0.123989980394,-1.36574182719,0.0789543106296,1.89764052868,0.157961664412,-0.00924221279947,-0.0338786835545,-0.000731694080897,-0.0568598392811,-0.00178217902043,0.0241911989239,-0.0136757946131,0.573930184587,0.81889040686,0.0018416500773,0.0,0.818845104655,-0.573871341205,-0.012046793233,0.0,-0.00880830279913,0.00842220656773,-0.999925737362,0.0,0.660520440891,0.259383997746,0.303206343228,1.0,-0.00696,-0.00914742857143,0.349
0.464135341218,0.54083610173,-0.123992438757,-1.36685717474,0.0788906646048,1.89806034527,0.157833188977,-0.00618087004394,-0.0445275358469,-0.00138757789153,-0.0679430320582,-0.00183672723606,0.028079459047,-0.0121825328716,0.573942574128,0.818881662995,0.00186829174962,0.0,0.81883668805,-0.573883593271,-0.0120352224504,0.0,-0.0087834101,0.00843751483025,-0.999925827274,0.0,0.660392397429,0.259220627943,0.303225047085,1.0,-0.00732,-0.00962057142857,0.367
0.464057191666,0.540200011254,-0.123986775267,-1.36782973089,0.0788275407816,1.89841508722,0.157716769118,-0.00865398927584,-0.0440067134123,0.00113514308177,-0.065373522814,-0.00176602108457,0.0341643870771,-0.00363079068926,0.573944175515,0.818880507104,0.00188291772167,0.0,0.818835719362,-0.573885127403,-0.0120279734053,0.0,-0.00876906331663,0.00844534816547,-0.999925887065,0.0,0.660277686685,0.259079075298,0.303242255467,1.0,-0.00762,-0.0100148571429,0.382
0.463946512815,0.539407132938,-0.123990343395,-1.3690337454,0.0787728302107,1.89887541735,0.157558315161,-0.00841638125298,-0.0472328990515,0.00134897783266,-0.0657841649097,-0.000868578398157,0.0188961178613,-0.0103394251874,0.573959597761,0.818869579869,0.0019334437025,0.0,0.818825315216,-0.573900197971,-0.012017188999,0.0,-0.00873107488342,0.00848069689293,-0.999925920312,0.0,0.660144543489,0.258893805992,0.303269479049,1.0,-0.00798,-0.010488,0.4
0.463840977239,0.538646004616,-0.123990434212,-1.37022846476,0.078693423726,1.89934018384,0.157410938147,-0.00486800684913,-0.0515134709431,0.00101455566208,-0.0731324627616,-0.00821982256149,0.032313802324,-0.00688789618843,0.573970286633,0.818862038084,0.00195436673792,0.0,0.818818133508,-0.573910880831,-0.0119963329453,0.0,-0.00870187684723,0.00848597296499,-0.999926130073,0.0,0.660012585803,0.258710955936,0.303278792577,1.0,-0.00832,-0.0109348571429,0.417
0.463731442546,0.537919856912,-0.123996307709,-1.37137633275,0.0786271975363,1.89978605001,0.157258472131,-0.00352563185423,-0.0470821389105,0.00126791435223,-0.0741309920916,-0.00385870018941,0.0238661673427,-0.00521095953549,0.573985000765,0.818851677847,0.00197369822146,0.0,0.818808043481,-0.573925528739,-0.0119842519214,0.0,-0.00868073612933,0.00849502438295,-0.99992623697,0.0,0.659888163716,0.258528072874,0.30328414622,1.0,-0.00864,-0.0113554285714,0.433
0.463621560537,0.537093053807,-0.124002478113,-1.37266833102,0.0785662138592,1.9002605193,0.157112916618,-0.00646353500804,-0.0493002010521,0.000678024425584,-0.0763605270854,-0.00413673627357,0.037762019025,-0.0025370090454,0.574014949209,0.818830647384,0.00198894221537,0.0,0.818787069591,-0.573955269556,-0.0119929196499,0.0,-0.00867877338887,0.00851279922957,-0.99992610284,0.0,0.659738304636,0.258331803204,0.303294351884,1.0,-0.00898,-0.0118022857143,0.45
0.463493823498,0.536197622617,-0.124010578396,-1.37406563345,0.0784712395312,1.90078141701,0.156934800886,-0.00776040884647,-0.0506437880213,-0.00178335152799,-0.0750975093538,-0.00175810070855,0.025035168404,-0.0016692301971,0.574030778831,0.818819531441,0.00199669386422,0.0,0.818776182287,-0.573971189707,-0.0119742893765,0.0,-0.00865890397459,0.00850861985337,-0.99992631067,0.0,0.659581716455,0.258108714205,0.303306757991,1.0,-0.00934,-0.0122754285714,0.468
0.463388478812,0.535412394901,-0.124014801633,-1.37532429167,0.0784037212655,1.90123573141,0.156783617961,-0.00411464224814,-0.0519884085093,0.000782754058658,-0.0844657705145,-0.00101692762545,0.0369633109063,-0.0199153250385,0.574047187488,0.818808060127,0.0019834591069,0.0,0.81876444867,-0.573987564154,-0.0119916925701,0.0,-0.00868058079768,0.00850794699956,-0.999926128449,0.0,0.659432617113,0.257917588848,0.303301358279,1.0,-0.00964,-0.0126697142857,0.483
0.46327016814,0.534521377848,-0.124018352245,-1.37678429868,0.0783283913349,1.9017697068,0.156610509915,-0.00666927491752,-0.0553870428269,-0.00104712436209,-0.0912091497443,-0.00882043912654,0.0323944513632,-0.011200603731,0.574064701291,0.818795841888,0.00195830036035,0.0,0.818751769973,-0.574005053663,-0.0120201678901,0.0,-0.00871815703534,0.00850387970152,-0.999925836134,0.0,0.659258713135,0.257699942572,0.303281516692,1.0,-0.00998,-0.0131165714286,0.5
0.463132809079,0.533547822614,-0.124028905203,-1.37835343468,0.0782297576586,1.90234846406,0.156418531047,-0.00761556538135,-0.0542334822657,0.000976812671657,-0.0886036151217,-0.00210403142265,0.0277414795779,-0.00957183966126,0.574077567098,0.818786851383,0.00194572818247,0.0,0.818742670914,-0.574018025857,-0.0120204707441,0.0,-0.00872548833521,0.00849389682296,-0.999925857036,0.0,0.659066474059,0.257443519775,0.303277294383,1.0,-0.01036,-0.013616,0.519
0.463017070341,0.532654201855,-0.124018811525,-1.37978370461,0.0781598843215,1.90289553592,0.15622913708,-0.00823207097737,-0.0590669485795,-0.000796471624595,-0.0882368575969,-0.0109865904888,0.0309891921074,-0.0166182356754,0.574078969749,0.818785841883,0.00195666192802,0.0,0.818741610899,-0.574019193119,-0.0120369188285,0.0,-0.00873266534639,0.00851230638721,-0.999925637833,0.0,0.658908808417,0.257250445257,0.303268309323,1.0,-0.01066,-0.0140102857143,0.534
0.462886068435,0.531612884851,-0.124019121767,-1.38145185727,0.0780589848032,1.90349239696,0.15602554584,-0.00699272891346,-0.0608598156863,-0.00116598783812,-0.0937543275423,-0.00820452919155,0.0270244760891,-0.0110985314236,0.574083483156,0.81878273931,0.0019305638744,0.0,0.818738113477,-0.574023766211,-0.0120567103831,0.0,-0.00876380553888,0.00850234821317,-0.999925450115,0.0,0.65870565206,0.257003796442,0.303260093749,1.0,-0.01102,-0.0144834285714,0.552
0.462766565992,0.530716339671,-0.124019113334,-1.38291216774,0.0779705853947,1.9040023043,0.155830150979,-0.0131661188334,-0.0606716726131,0.000598135036871,-0.0963739700432,-0.00223294448869,0.0252666978448,-0.0170890915608,0.574076878689,0.818787477038,0.00188459580778,0.0,0.818742178969,-0.574017294338,-0.012088717045,0.0,-0.00881646928773,0.00848301435098,-0.999925151367,0.0,0.658525675376,0.256783828757,0.303241022697,1.0,-0.01132,-0.0148777142857,0.567
0.46263277919,0.529679538063,-0.124022610726,-1.38455356558,0.0778665808361,1.90459979773,0.155619261828,-0.00833681076927,-0.0635765824705,0.000173110139502,-0.093705624468,-0.00687961506955,0.0369136851763,-0.0111536170561,0.574077317201,0.818787192303,0.00187469937556,0.0,0.818741785842,-0.574017796562,-0.0120914947949,0.0,-0.00882442016654,0.00847651080659,-0.999925136384,0.0,0.658329496945,0.256536204791,0.303242055913,1.0,-0.01166,-0.0153245714286,0.584
0.462491846398,0.528575295499,-0.124021596059,-1.38623851205,0.0777614768646,1.90524778574,0.155392442788,-0.00782976872984,-0.0648528918273,0.00119779295742,-0.096422289694,-0.00701044886011,0.0416344566536,-0.00887680109669,0.574069425489,0.818792597312,0.0019298205238,0.0,0.818747950315,-0.574009702422,-0.0120582868323,0.0,-0.00876566905624,0.0085024940919,-0.99992543254,0.0,0.65813539329,0.256285480369,0.303273814413,1.0,-0.012,-0.0157714285714,0.601
0.462350874373,0.527449884165,-0.124022306422,-1.38797254005,0.0776567254477,1.90591372766,0.155145493863,-0.0113447337763,-0.0684310643462,-0.000255205906312,-0.102533300001,-0.00384601288805,0.0324243009457,-0.0127575232627,0.574048870491,0.818806893936,0.0019777844713,0.0,0.818762885674,-0.573988955105,-0.0120317647028,0.0,-0.00871663326498,0.00852632161674,-0.999925658309,0.0,0.657933814229,0.256029477528,0.303298462102,1.0,-0.01234,-0.0162182857143,0.618
0.462213570693,0.526368355215,-0.124030441186,-1.38966454421,0.0775488402955,1.90654562539,0.154914321481,-0.00840366513236,-0.060484833451,-0.000155008644981,-0.102036967266,-0.000233802824118,0.027556529087,-0.00981711905003,0.574040025015,0.818813064402,0.00199051423951,0.0,0.818769294084,-0.573980126622,-0.0120168302899,0.0,-0.00869718946668,0.00852807769087,-0.999925812641,0.0,0.657734539831,0.255773206731,0.303309240472,1.0,-0.01266,-0.0166388571429,0.634
0.462059526935,0.525179339672,-0.124030873721,-1.39151719107,0.0774233176519,1.9072112677,0.154664167426,-0.00757856275559,-0.0668275300185,-0.00205795663404,-0.10611581858,-0.00145713942925,0.0360182228058,-0.0177192106962,0.574027338493,0.818821970676,0.00198542255615,0.0,0.818778199174,-0.573967527354,-0.0120118691849,0.0,-0.00869618175061,0.00852092605788,-0.999925882374,0.0,0.65751007705,0.255492249775,0.303321547443,1.0,-0.013,-0.0170857142857,0.651
0.461897917333,0.52401182093,-0.124033974983,-1.39341041104,0.0773182489583,1.90789269174,0.15440443051,-0.00856135167118,-0.0687329588557,-0.000155072171388,-0.115195485795,-0.00193357165909,0.0486256549891,-0.0210692384009,0.574022548151,0.818825409952,0.00195169983737,0.0,0.818781058476,-0.573962745712,-0.0120454023168,0.0,-0.00874304682338,0.00851251128229,-0.99992554537,0.0,0.657279465097,0.255204052998,0.303300651015,1.0,-0.01334,-0.0175325714286,0.668
0.461741898287,0.52285777079,-0.124034671886,-1.39521587178,0.0771988083278,1.90858551514,0.154168881674,-0.00946182647782,-0.0685628882168,0.000702585893278,-0.112994197322,-0.00917847688393,0.0460426470038,-0.0181721305188,0.574022567564,0.818825328959,0.00197976851835,0.0,0.818781446298,-0.573962744537,-0.0120190674373,0.0,-0.00870537108112,0.00852037772452,-0.999925807087,0.0,0.657069657248,0.254929658977,0.303312595834,1.0,-0.01366,-0.0179531428571,0.684
0.461578033192,0.521624563756,-0.124037868078,-1.39718214349,0.0770841325479,1.90935393674,0.153895895483,-0.0138385453381,-0.0701991259244,0.000375564327362,-0.11855552429,-0.00788031002508,0.0449131467065,-0.015990518411,0.57400578969,0.818837029366,0.00200490439527,0.0,0.818793469441,-0.573945856582,-0.0120064572121,0.0,-0.0086807923184,0.00853354287625,-0.999925908501,0.0,0.656826123892,0.254614297878,0.303308400793,1.0,-0.01402,-0.0184262857143,0.702
0.461394051373,0.520267720691,-0.124045676277,-1.39933333133,0.076941540061,1.91013946303,0.153602330541,-0.00643653154654,-0.0735446623234,0.000416957890196,-0.117794744689,-0.00802821672433,0.0455362151323,-0.0133880210883,0.574001894292,0.818839790124,0.00199257619041,0.0,0.818796163002,-0.573942105963,-0.0120020563244,0.0,-0.00868430510646,0.00852088085814,-0.999925985978,0.0,0.656582014907,0.254303898616,0.303307451674,1.0,-0.01436,-0.0188731428571,0.719
0.461233543279,0.519009769883,-0.124049274545,-1.40128675275,0.0768284414007,1.91083765257,0.153348678987,-0.0124627015817,-0.0752748110003,-0.000801708643197,-0.125939903038,-0.00571615804144,0.0427062324253,-0.00944510476876,0.574001360211,0.818840151283,0.00199800474833,0.0,0.818796494053,-0.573941449818,-0.0120108454375,0.0,-0.00868839203152,0.00853036513738,-0.99992586961,0.0,0.656340599674,0.254010209826,0.303321500236,1.0,-0.01468,-0.0192937142857,0.735
0.461055162774,0.517653374179,-0.12404745867,-1.4034002558,0.0766848171073,1.9116015743,0.15306310171,-0.0125661986077,-0.0804290925722,-0.00132018461294,-0.1286080521,-0.00183202156688,0.0462939944412,-0.0150036087208,0.573996056517,0.818843902118,0.00198443160362,0.0,0.818800166952,-0.573936301777,-0.0120064567203,0.0,-0.00869264389611,0.00851667571097,-0.999925949347,0.0,0.656066327912,0.253663894298,0.303329770706,1.0,-0.01504,-0.0197668571429,0.753
0.460854590026,0.516206243173,-0.124055992059,-1.40568307401,0.0765363891152,1.91245312278,0.152736802385,-0.0129710054444,-0.0827236803058,-0.000828731399497,-0.127468396374,-0.00736910606908,0.0524333749192,-0.0198630991308,0.573969008383,0.818862819343,0.00200185283665,0.0,0.818819372436,-0.573909243017,-0.0119901211298,0.0,-0.0086695494622,0.0085212778797,-0.999926110638,0.0,0.655809167218,0.253335183951,0.303336213831,1.0,-0.01538,-0.0202137142857,0.77
0.460681295035,0.514921663984,-0.124055987697,-1.40775621369,0.0764127351023,1.91322907381,0.152462468138,-0.0108284127561,-0.0810723019338,0.000905813070052,-0.132092645023,-0.0107647991225,0.0456081255038,-0.0115433145068,0.573962295405,0.818867552031,0.00199062409415,0.0,0.818823904189,-0.573902524967,-0.0120021942229,0.0,-0.0086859504399,0.00851894155466,-0.999925988211,0.0,0.655556382915,0.253025050656,0.303317479667,1.0,-0.0157,-0.0206342857143,0.786
0.460475466986,0.513432280945,-0.124057759209,-1.41015933295,0.0762694420258,1.91405361646,0.15212079199,-0.0139813318347,-0.079525712028,-0.000175972970436,-0.135510520821,-0.00818025457368,0.0444377326179,-0.017041958129,0.573939542926,0.818883673818,0.00191747799274,0.0,0.818838899813,-0.573879922932,-0.0120597309212,0.0,-0.00877528359073,0.0084918255167,-0.999925438869,0.0,0.655249105716,0.252656356401,0.303289090863,1.0,-0.01606,-0.0211074285714,0.804
0.460268387845,0.511995133103,-0.124060952459,-1.41244198565,0.0761264094884,1.91487657415,0.151800509574,-0.0188205983175,-0.0804850540629,0.000620223806882,-0.134394607307,-0.00329322408781,0.0513146856664,-0.0150787162125,0.573929885353,0.818890493522,0.00189557910284,0.0,0.818845403922,-0.573870333709,-0.0120744136824,0.0,-0.00879997539384,0.00848221640552,-0.999925303429,0.0,0.654968486542,0.252299603796,0.303280826025,1.0,-0.0164,-0.0215542857143,0.821
0.460107040756,0.510802033707,-0.124068073054,-1.41434948345,0.0760127782078,1.91561212112,0.151529035714,-0.0100789524286,-0.0856195701216,-7.92645787501e-05,-0.136526664786,-0.00562017209055,0.0467410506315,-0.0258607241537,0.573913997986,0.818901591724,0.00191125328215,0.0,0.81885671854,-0.573854391033,-0.012064795739,0.0,-0.00878326845129,0.00848936119489,-0.999925389688,0.0,0.654740393852,0.252010624911,0.303272382096,1.0,-0.01668,-0.0219222857143,0.835
0.459894154093,0.509220788087,-0.12407231919,-1.41684390647,0.0758527747838,1.91653241106,0.15119165589,-0.012418736053,-0.0859889359877,0.000743786743907,-0.138847414103,-0.0114875535016,0.0544955170633,-0.0170691848859,0.573901648306,0.81891024621,0.0019114457026,0.0,0.818865411642,-0.573842076956,-0.012060482255,0.0,-0.00877975355834,0.00848691081693,-0.999925441357,0.0,0.654433352594,0.251630211501,0.303271751147,1.0,-0.01704,-0.0223954285714,0.853
0.45968178566,0.507697847694,-0.124075525642,-1.4192261938,0.0757011423651,1.9173851415,0.150860181702,-0.0120995248155,-0.0926968726679,-0.000157719722082,-0.144131903755,-0.0149392070287,0.0524941333014,-0.0202339174014,0.573888773506,0.818919289022,0.00190279064439,0.0,0.818874321259,-0.573829222087,-0.0120671770885,0.0,-0.00879033644778,0.00848352719062,-0.999925377091,0.0,0.65413622588,0.251260172836,0.303277237358,1.0,-0.01738,-0.0228422857143,0.87
0.459480071387,0.506230732531,-0.124081889145,-1.42151854494,0.0755512794616,1.91824088798,0.150549298399,-0.0120078287812,-0.0952514663926,0.00135027722486,-0.140132960267,-0.00792895804878,0.0569324660945,-0.0164300719943,0.573881914979,0.818924052141,0.00192129835929,0.0,0.81887941159,-0.573822366481,-0.0120477343098,0.0,-0.00876386416039,0.00848745191655,-0.999925576153,0.0,0.65385676441,0.250905726429,0.303286334663,1.0,-0.0177,-0.0232628571429,0.886
0.45924747998,0.504505118964,-0.12409387464,-1.42414138579,0.075392138344,1.91925086719,0.150180477388,-0.0141090756559,-0.0949972496911,0.000393953570807,-0.14126176089,-0.0019372552449,0.0561292437358,-0.0209311383428,0.573871328932,0.818931246507,0.00201450376031,0.0,0.81888788274,-0.573811441786,-0.0119921507167,0.0,-0.00866496845501,0.00853176845056,-0.999926060891,0.0,0.653544171827,0.250500974237,0.303331732717,1.0,-0.01806,-0.023736,0.904
0.459035340194,0.502932323237,-0.124100406889,-1.42646813658,0.0752398061986,1.92013464576,0.149861083852,-0.014713291074,-0.0995843684944,0.000810026509332,-0.151570678712,-0.0135368643425,0.048871998035,-0.0209374421759,0.573868955168,0.818932667599,0.00211071908818,0.0,0.81889065226,-0.57380876151,-0.0119311255222,0.0,-0.00855980414825,0.00857551577353,-0.999926592447,0.0,0.653245642841,0.25011298182,0.303395203647,1.0,-0.0184,-0.0241828571429,0.921
0.458812363179,0.501333369103,-0.124106421648,-1.42888167848,0.075088218837,1.92098465709,0.149526107942,-0.0150596425094,-0.105244093661,0.000528346794848,-0.159902423396,-0.00866979531054,0.0491620247859,-0.0244591304326,0.573861090253,0.818938079579,0.00214890893488,0.0,0.81889655,-0.573800730072,-0.0119125760717,0.0,-0.00852278074523,0.00859606350611,-0.999926732266,0.0,0.652961756116,0.249757452915,0.303440682768,1.0,-0.0187,-0.0245771428571,0.936
0.458574852831,0.499617323163,-0.1241109443,-1.43147152605,0.0749264229736,1.92191518602,0.149157041521,-0.0103892902769,-0.101105130051,0.000659647932213,-0.15304692597,-0.00150134340877,0.0531611770263,-0.024248649239,0.573840974087,0.818952064219,0.00219086087676,0.0,0.818911030728,-0.573780396242,-0.0118965348734,0.0,-0.00848578214728,0.00862100527986,-0.999926832208,0.0,0.652614872256,0.249331878751,0.303481715393,1.0,-0.01906,-0.0250502857143,0.954
0.4583066624,0.49785899648,-0.124108181256,-1.43429086567,0.0747580798338,1.9229567264,0.14874856341,-0.0140941847746,-0.0984535359956,-0.000673509861215,-0.160853887264,-0.00318475739956,0.0551145995886,-0.0239676958933,0.573825641055,0.818962829351,0.00218282157584,0.0,0.818921579462,-0.573764984146,-0.0119137131025,0.0,-0.00850462534407,0.00862411979202,-0.999926645262,0.0,0.65228581282,0.248911160757,0.303460494245,1.0,-0.0194,-0.0254971428571,0.971
0.458057780843,0.496275023252,-0.124105398183,-1.4368071167,0.0745975985681,1.92384707339,0.148369901937,-0.0139133123133,-0.0998039661355,0.000415070344061,-0.158513249812,-0.0124819231891,0.0561572107892,-0.0267453305207,0.573800998917,0.818980192382,0.00214593328148,0.0,0.818938378678,-0.573740411115,-0.0119423399187,0.0,-0.00854949580529,0.00861007946778,-0.999926383617,0.0,0.651966316379,0.24850758065,0.303443900546,1.0,-0.01972,-0.0259177142857,0.987
0.457783749751,0.494604632224,-0.124113903948,-1.43954353433,0.0744273319998,1.92478812449,0.147983262009,-0.0196605418999,-0.100440796718,0.00478816756211,-0.161701792151,-0.0058678188895,0.0606162144616,-0.0177047503654,0.573806465022,0.818976638969,0.00203774955765,0.0,0.818933284491,-0.573746197753,-0.0120134515572,0.0,-0.00866975203765,0.00856234196059,-0.999925758094,0.0,0.651613965481,0.248058078506,0.303386993492,1.0,-0.0206657142857,-0.0271606530612,1.004
0.457497445005,0.492580857729,-0.12416336243,-1.44271377261,0.0742271047665,1.92595794266,0.147535215883,-0.0174442686552,-0.117903649761,-0.00380651184589,-0.185895661054,-0.0133882816508,0.0656900592768,-0.0239555282502,0.57381459161,0.818970930776,0.00204350188527,0.0,0.818927850316,-0.573754495714,-0.0119875571125,0.0,-0.00864515885858,0.00855228045283,-0.99992605713,0.0,0.651223713329,0.247540512318,0.303389844193,1.0,-0.02478,-0.032568,1.022
0.457203492238,0.490633830585,-0.124173561106,-1.44581818192,0.0740458905127,1.92709099125,0.147077721599,-0.019458837227,-0.134825292907,-0.00076274459943,-0.215424952751,-0.021281617323,0.0680580638832,-0.034259309458,0.573794366025,0.818985145008,0.00202600003518,0.0,0.818941686772,-0.573734199016,-0.0120137191563,0.0,-0.00867683907396,0.00855274491994,-0.999925778755,0.0,0.650830444603,0.247048499299,0.303365413164,1.0,-0.0282085714286,-0.037074122449,1.037
0.456778770159,0.487961522917,-0.124188350843,-1.45008856139,0.0737905698603,1.92863213092,0.146466131169,-0.0274933260629,-0.161177152187,-0.00484331364661,-0.247666536351,-0.0126369487339,0.0948723516121,-0.03314557327,0.573795314754,0.818984594838,0.0019791630329,0.0,0.818940344729,-0.573735171235,-0.0120586883456,0.0,-0.00874053282979,0.00854019975656,-0.999925331249,0.0,0.650288567637,0.246356121773,0.303324739163,1.0,-0.0323228571429,-0.0424814693878,1.055
0.456317705514,0.485047719293,-0.124226297777,-1.45456721827,0.0735088252775,1.9303497091,0.145792273844,-0.0302343766356,-0.177610031546,-0.000838555902228,-0.278080379346,-0.0185341348713,0.0987917484925,-0.0354450326614,0.573793812077,0.818985355461,0.00209658383101,0.0,0.818942856289,-0.573733386598,-0.0119727247417,0.0,-0.00860277171677,0.00858702304831,-0.999926124948,0.0,0.649749658381,0.245612933463,0.303366652214,1.0,-0.0362085714286,-0.0475884081633,1.072
0.45582889436,0.482021884307,-0.124279282623,-1.45928637535,0.0732256351522,1.93197154209,0.145077008648,-0.0278428603326,-0.193891004023,-0.00941709393619,-0.306194195114,-0.0186369427754,0.105755514682,-0.0462901814622,0.573801105917,0.8189803989,0.00203567365347,0.0,0.818936956108,-0.573740787684,-0.0120215377221,0.0,-0.00867762182477,0.00856522493231,-0.999925665138,0.0,0.649142004805,0.244809994593,0.303362083088,1.0,-0.0398657142857,-0.0523949387755,1.088
0.455247435541,0.478471723402,-0.124334498605,-1.46479987169,0.0728902082678,1.93395785915,0.144269590335,-0.0337816928134,-0.219470084137,-0.0018633884151,-0.331460610621,-0.015638638357,0.116445448473,-0.0459895560228,0.573833745298,0.818957493609,0.00205019999088,0.0,0.818914215835,-0.573773337045,-0.0120171419761,0.0,-0.00866534521746,0.00857494460002,-0.999925688298,0.0,0.648447070133,0.243875188772,0.303372131538,1.0,-0.0437514285714,-0.057501877551,1.105
0.454604034431,0.474573409083,-0.124372969009,-1.47073820216,0.0725355861143,1.93616011856,0.143421740478,-0.0412975026466,-0.236078655235,-0.00334671185469,-0.358942856356,-0.0274434805048,0.127339735918,-0.0581657137415,0.573885423769,0.818920918258,0.00219018863105,0.0,0.818879398577,-0.573824358428,-0.0119533744678,0.0,-0.0085322490816,0.00865353432821,-0.999926155808,0.0,0.64770629278,0.242876484847,0.303435869304,1.0,-0.0476371428571,-0.0626088163265,1.122
0.453937524778,0.470654157978,-0.124408271573,-1.47678475641,0.0721590941718,1.93827024681,0.142513008223,-0.042044462824,-0.256358934143,-0.00124936957666,-0.381378799264,-0.027686519838,0.138730355732,-0.0571075519218,0.573899394554,0.81891116445,0.00217636624262,0.0,0.818869273216,-0.573838190518,-0.0119829623936,0.0,-0.00856426450938,0.00865934102515,-0.999925831843,0.0,0.646920383538,0.241843734781,0.303451017059,1.0,-0.0512942857143,-0.0674153469388,1.138
0.453194589737,0.466124855476,-0.124419929166,-1.48355446685,0.07172872195,1.94081603738,0.141406931146,-0.0488196424894,-0.268897856458,-0.000184997326497,-0.414033567138,-0.0335782371912,0.148553500835,-0.0630833483377,0.573814549019,0.818969893031,0.00243403882653,0.0,0.818931422157,-0.573752395368,-0.0118432054711,0.0,-0.0083028529663,0.00878928370507,-0.999926902891,0.0,0.64606678361,0.240719445961,0.303575751024,1.0,-0.05518,-0.0725222857143,1.155
0.452374827085,0.461348273432,-0.124437762303,-1.49095984498,0.0712437469839,1.94335271041,0.14029159261,-0.0466981978682,-0.285715641439,-0.00216693688899,-0.445342314333,-0.033945139338,0.155702495384,-0.0660222572169,0.57379922263,0.818980869939,0.00235237832053,0.0,0.818941083241,-0.57373712397,-0.011914766462,0.0,-0.00840848091939,0.00876331170464,-0.999926248189,0.0,0.6450727334,0.239462942363,0.303563266669,1.0,-0.0590657142857,-0.0776292244898,1.172
0.451551100999,0.456604342164,-0.12446202699,-1.49827831586,0.0707452771405,1.94591775694,0.139188016536,-0.0568190699453,-0.299476984376,-0.00322586724745,-0.470246423223,-0.0324345440141,0.165564995063,-0.0730353724808,0.573789441916,0.818987793757,0.00232742887277,0.0,0.818947708802,-0.573727471579,-0.0119241563101,0.0,-0.00843059090137,0.00874816596656,-0.999926194641,0.0,0.644098744666,0.238211151781,0.30356687683,1.0,-0.0627228571429,-0.082435755102,1.188
0.450550123833,0.450890873327,-0.124487450146,-1.50686409795,0.0701651581173,1.94910028502,0.137799099657,-0.0582363667989,-0.33011292038,-0.00282194948008,-0.482884128961,-0.0301730507017,0.195635433005,-0.0763367700325,0.573723956113,0.819032940979,0.00257112340686,0.0,0.818996314679,-0.573661366179,-0.0117652197751,0.0,-0.00816130551791,0.00885589953223,-0.999927480438,0.0,0.642989988068,0.236737900254,0.303680271696,1.0,-0.0668371428571,-0.0878431020408,1.206
0.449473626636,0.444901050154,-0.124536305103,-1.51600014504,0.0695503679029,1.95229606653,0.136435998159,-0.063200551393,-0.342082499155,-0.00120749854569,-0.522683596824,-0.0390714607005,0.182402281387,-0.0829499119942,0.573767288611,0.819002505393,0.00259645532193,0.0,0.818966221048,-0.573704614481,-0.0117512130105,0.0,-0.00813483111827,0.00886904158661,-0.99992757969,0.0,0.641762327592,0.235139687325,0.303715317584,1.0,-0.0709514285714,-0.0932504489796,1.224
0.448455514124,0.439353352128,-0.124558475617,-1.52467176871,0.0689546968362,1.95519482959,0.135051221523,-0.0672988410999,-0.355574533983,-0.000804043112462,-0.550659517057,-0.0398691590313,0.187906095513,-0.0864029867324,0.573702854901,0.819048258455,0.00239405554796,0.0,0.819009044629,-0.573640635796,-0.011889183331,0.0,-0.00836464840041,0.00878178064302,-0.999926453788,0.0,0.640547064767,0.233629810091,0.303634847922,1.0,-0.0746085714286,-0.0980569795918,1.24
0.447290335958,0.433091827316,-0.124578065073,-1.53403572977,0.0683323828712,1.95858868893,0.133516605101,-0.0719757355064,-0.375251405148,-0.00160651063789,-0.558022762961,-0.0404409309582,0.207452087459,-0.0930225314823,0.573652938942,0.819082477122,0.00263594703157,0.0,0.81904641785,-0.573589820668,-0.0117656251406,0.0,-0.00812522143559,0.00890851993084,-0.999927306882,0.0,0.639293267523,0.231986189299,0.303745928069,1.0,-0.0784942857143,-0.103163918367,1.257
0.445939264691,0.426316532204,-0.12463220088,-1.54447947228,0.067577685402,1.96219940994,0.131835520579,-0.0766647181371,-0.391825407975,-0.00325793392498,-0.587176862007,-0.0408272482443,0.198653968618,-0.0993456604533,0.573660755835,0.819077285837,0.00254635861654,0.0,0.81904029272,-0.57359821663,-0.0117826856661,0.0,-0.00819050112641,0.00884500496538,-0.999927338149,0.0,0.637857505896,0.230081976147,0.303703729276,1.0,-0.0826085714286,-0.108571265306,1.275
0.444745652399,0.420375267722,-0.12474807927,-1.55360232981,0.0669145245377,1.96518701895,0.130334686797,-0.0782456436285,-0.400455092236,-0.0106533897364,-0.612967154422,-0.0436394844872,0.20163683893,-0.0988501865319,0.573693971784,0.819054630656,0.00234214450273,0.0,0.819015173975,-0.573632409511,-0.0118638298612,0.0,-0.0083737560114,0.00872462753716,-0.999926877869,0.0,0.636572138143,0.228362379273,0.30366066826,1.0,-0.0860371428571,-0.113077387755,1.29
0.443221842323,0.412933955576,-0.124814338769,-1.56470486646,0.0661531120739,1.96920819741,0.128499225512,-0.0845366793749,-0.409301442474,-0.00214083494449,-0.625343535543,-0.0371827889241,0.225776308238,-0.121953562693,0.573737670308,0.819023162218,0.00262532289233,0.0,0.818987640294,-0.573675320295,-0.0116884058221,0.0,-0.00806714746415,0.00885635623888,-0.999928240468,0.0,0.635068554685,0.226307016694,0.303769596852,1.0,-0.0901514285714,-0.118484734694,1.308
0.441770874209,0.406129308623,-0.124848140735,-1.57507446615,0.0654388136778,1.97262243093,0.126783700888,-0.0904647051583,-0.433471067238,-0.0027534319045,-0.664850852342,-0.0458498693627,0.216475775469,-0.102527537867,0.573767729509,0.819002500509,0.00249872671492,0.0,0.818964820799,-0.573705282331,-0.0118160153747,0.0,-0.00824397214449,0.00882618752115,-0.999927065009,0.0,0.63357170071,0.224367890095,0.303731366229,1.0,-0.0938085714286,-0.123291265306,1.324
0.440241404595,0.399081984358,-0.124947320154,-1.58563152892,0.0646961712799,1.97628654507,0.125016075157,-0.0994326880086,-0.461898858286,-0.00661915576957,-0.667410815212,-0.0468800806325,0.244455417609,-0.118376378217,0.573860059585,0.818937481793,0.00260381056726,0.0,0.818901343783,-0.57379740231,-0.011742110292,0.0,-0.00812215087041,0.00887076287396,-0.9999276675,0.0,0.632094707203,0.222338259575,0.303778648649,1.0,-0.0974657142857,-0.128097795918,1.34
0.438425766905,0.39091960844,-0.124999829115,-1.59786931753,0.0637478134766,1.98047842792,0.122898628947,-0.102632090877,-0.454436964066,-0.00243003063156,-0.688891055058,-0.0559076277317,0.229591680439,-0.117037756671,0.573858919594,0.818938157514,0.00264224714299,0.0,0.818903053176,-0.573796712534,-0.0116562895696,0.0,-0.0080298221782,0.00885298043884,-0.999928570796,0.0,0.630345863843,0.219985839681,0.303806862642,1.0,-0.10158,-0.133505142857,1.358
0.436525872922,0.38248460241,-0.125055278778,-1.61060533564,0.0628002210492,1.98456822204,0.120619181858,-0.110012329404,-0.482928079141,-0.00331605736131,-0.686856573588,-0.0620624124791,0.231603707344,-0.131607443852,0.573803321536,0.818977737344,0.00244148124112,0.0,0.818939700908,-0.573741498911,-0.0117985425268,0.0,-0.0082621236272,0.00876963765124,-0.99992741275,0.0,0.628440458435,0.217527804299,0.303755597745,1.0,-0.105694285714,-0.138912489796,1.376
0.434858673465,0.375256185865,-0.125093887001,-1.62138237705,0.0620277294068,1.98825902971,0.118736520569,-0.119177414507,-0.477867195199,-0.00563334218983,-0.721803684088,-0.0493388970929,0.24530787713,-0.138260041989,0.573837531509,0.818953432485,0.00255142182142,0.0,0.818916681839,-0.57377514208,-0.0117601631521,0.0,-0.00816724080657,0.00883799504408,-0.999927590389,0.0,0.626863571462,0.215441854113,0.30377815044,1.0,-0.109122857143,-0.143418612245,1.391
0.432844817304,0.366838140866,-0.125176705596,-1.6340125432,0.0610501265557,1.99232077127,0.116547862565,-0.118050533226,-0.502599092542,-0.00431613160624,-0.755312405662,-0.0516316989219,0.239888620433,-0.124124181658,0.573932134095,0.818887645826,0.00238240803281,0.0,0.818848703281,-0.573870375097,-0.0118465447246,0.0,-0.00833395618374,0.00875011289058,-0.999926987684,0.0,0.624957247308,0.212918747432,0.303730826543,1.0,-0.113008571429,-0.14852555102,1.408
