position_joint1,position_joint2,position_joint3,position_joint4,position_joint5,position_joint6,position_joint7,velocity_joint1,velocity_joint2,velocity_joint3,velocity_joint4,velocity_joint5,velocity_joint6,velocity_joint7,ee_T_00,ee_T_10,ee_T_20,ee_T_30,ee_T_01,ee_T_11,ee_T_21,ee_T_31,ee_T_02,ee_T_12,ee_T_22,ee_T_32,ee_T_03,ee_T_13,ee_T_23,ee_T_33,v_x,v_y,time
0.465070171565,0.547816797909,-0.123895161632,-1.3558605954,0.0795200862432,1.89409873256,0.15916168775,-0.000845679389676,0.000153213232239,-0.000170152710949,0.000607521385614,-0.000148908182827,6.29285700475e-05,-0.00143269729667,0.573752320607,0.81901484987,0.00192280817918,0.0,0.818970643653,-0.573693183528,-0.0119984544626,0.0,-0.00872397839832,0.00845902740621,-0.999926165802,0.0,0.661647781206,0.260941553234,0.303172808641,1.0,0.0,0.0,0.0
0.465074746023,0.547816043862,-0.123892657236,-1.35585786666,0.0795211565184,1.89409876743,0.159160557028,0.00148887815957,-0.00136903153061,0.000513693326759,0.00106728290073,0.000192052138699,0.000246651136465,-0.0014892320254,0.573746032018,0.819019245458,0.0019269700934,0.0,0.818975073551,-0.573686858538,-0.0119985059124,0.0,-0.00872169775933,0.00846239855874,-0.999926157173,0.0,0.661646605254,0.260946539689,0.303174563672,1.0,-0.0001,-0.000131428571429,0.006
0.465067044636,0.547810845837,-0.123900509742,-1.35586047408,0.079520811056,1.89409897407,0.159160872467,-0.000504553557802,-4.33250377415e-05,-0.000875143647031,0.00180234261964,-2.47206013964e-05,-4.79742819645e-05,-0.00128421274715,0.573758127657,0.819010770908,0.00192742986838,0.0,0.818966647212,-0.573698991677,-0.0119935234496,0.0,-0.00871722814801,0.0084600452176,-0.999926216062,0.0,0.661650019725,0.260936617275,0.303177282079,1.0,-0.0004,-0.000525714285714,0.021
0.465069300193,0.547804772645,-0.123898332762,-1.35587772215,0.0795168535485,1.89410034113,0.159165196428,0.000459661808861,-0.00216929248383,-0.000639951251978,-0.00130496243323,-4.70040092256e-05,-0.000415808198198,-0.000333245409236,0.573758190987,0.819010748716,0.00191798450716,0.0,0.818966510204,-0.573699103504,-0.0119975290938,0.0,-0.00872592729468,0.00845460844503,-0.99992618617,0.0,0.661645630592,0.260936851153,0.303173414854,1.0,-0.00074,-0.000972571428571,0.038
0.465068479578,0.547741441522,-0.123890563836,-1.35592443378,0.0795174573967,1.89410581851,0.159160074874,0.000530268376881,-0.00363266908179,0.00370656881545,-0.00661694638067,-0.000198346168285,-1.46436522998e-05,-0.00109209032293,0.573751876182,0.81901511588,0.00194201923805,0.0,0.818971105766,-0.573692604195,-0.0119946118536,0.0,-0.00870981403408,0.00847255182079,-0.999926174777,0.0,0.661636089477,0.260936566869,0.303196266705,1.0,-0.00108,-0.00141942857143,0.055
0.465068370597,0.547602583015,-0.123896563838,-1.3560931931,0.0795177068606,1.8941428132,0.159165906372,-0.000376553547007,-0.00702595277111,-0.000755259653947,-0.00960183301944,0.000271544632294,0.000117762316179,0.00172890081003,0.573770220016,0.819002236869,0.00195384950398,0.0,0.818958284659,-0.57371080144,-0.0119996333591,0.0,-0.00870694963367,0.00848531687948,-0.999926091482,0.0,0.661609842325,0.260917369858,0.303217724359,1.0,-0.00144,-0.00189257142857,0.073
0.465055626259,0.547463683438,-0.123893347899,-1.35629998911,0.0795117470198,1.894190092,0.159157157831,-0.00114082219474,-0.00523741924921,0.000362032942753,-0.0123774827582,0.000189442933045,0.00583274815277,-0.00109624828998,0.57378103,0.818994692344,0.00194175849175,0.0,0.818950465275,-0.573721547834,-0.012019479143,0.0,-0.00873002901559,0.00848691654247,-0.999925876673,0.0,0.661578443306,0.260890318005,0.303221680695,1.0,-0.00178,-0.00233942857143,0.09
0.46503647632,0.547298815308,-0.1238933833,-1.35650250097,0.0795085254956,1.89431759531,0.159144346046,-0.00013707825923,-0.00868786882153,0.000192629148234,-0.0133851713446,0.00013438265918,0.0112843376911,-0.00183471482756,0.573797039824,0.818983282067,0.00202180255133,0.0,0.818940096139,-0.573737212643,-0.0119781745421,0.0,-0.00865010788072,0.00852894047905,-0.999926213682,0.0,0.661566985873,0.260863911352,0.303253145054,1.0,-0.0021,-0.00276,0.106
0.465016513817,0.54709585983,-0.123897985486,-1.35673057733,0.0795107277541,1.89444085625,0.15913123662,-0.0011051141759,-0.0105061250644,-0.00149557919949,-0.0189359666484,-0.000966084972167,0.0116130643078,-0.000891932796701,0.573819388572,0.818967394024,0.00211275324282,0.0,0.818925335583,-0.57375912303,-0.0119377712188,0.0,-0.00856459883279,0.00858047694082,-0.999926508831,0.0,0.661550774203,0.26083238067,0.303299205862,1.0,-0.00244,-0.00320685714286,0.123
0.464987162485,0.546891703875,-0.123891278339,-1.35703682635,0.0795014179979,1.89456045461,0.159113672689,-0.000611909267319,-0.0116916463686,9.26201365542e-05,-0.0159084052001,-0.0032367595144,0.0118235325879,0.000480428868891,0.573839055457,0.818953558933,0.00213392696744,0.0,0.818911670334,-0.573778594144,-0.0119393464477,0.0,-0.00855353333128,0.00859892654156,-0.99992644506,0.0,0.661516405848,0.260789791319,0.30330818782,1.0,-0.00276,-0.00362742857143,0.139
0.464952748823,0.546667703266,-0.123888167769,-1.3573927604,0.0794942352307,1.89469444768,0.159051992277,-0.00117331370085,-0.0170167176931,0.000776814372518,-0.0234302192045,-2.44001301516e-05,0.00461090641373,-0.00278883151108,0.573832587965,0.818958063987,0.00214413645415,0.0,0.818916163247,-0.573771939511,-0.0119509791556,0.0,-0.00855727017411,0.00861389514025,-0.999926284252,0.0,0.661476039398,0.260737454677,0.303308939461,1.0,-0.00308,-0.004048,0.155
0.464909062758,0.546375910994,-0.123898102636,-1.35783324234,0.0794826631966,1.89485391116,0.158935496424,-0.00181870674415,-0.0166220694643,-0.00170973340648,-0.0286147473041,-0.00236499710594,0.0077498296432,-0.00579369529839,0.573801436338,0.818979848785,0.00216005597097,0.0,0.818938059468,-0.573740629603,-0.0119537274059,0.0,-0.00855071461832,0.0086281841196,-0.999926217137,0.0,0.661428773642,0.260663308271,0.303320078201,1.0,-0.00342,-0.00449485714286,0.172
0.464857373439,0.54608573034,-0.12389304987,-1.35833085873,0.0794666106026,1.8950296591,0.158927482681,-0.00713185773264,-0.0188241007326,-0.00239386435936,-0.0320211997789,-0.00297040937023,0.00599040542398,-0.000160155658362,0.573853512065,0.818943396196,0.0021464900712,0.0,0.818901254284,-0.573792577667,-0.0119816713268,0.0,-0.00858083574528,0.00863365380751,-0.999925911895,0.0,0.661366621197,0.260582866211,0.30330730248,1.0,-0.00378,-0.004968,0.19
0.464800773013,0.545753068725,-0.123896807613,-1.35890693203,0.0794312814029,1.89522119769,0.158853313296,-0.00213010929061,-0.0148540279138,-0.00147447373602,-0.0354808650588,0.000625043183824,0.012855436191,-0.00362897218413,0.573868202624,0.818933235789,0.00209481224598,0.0,0.818890411938,-0.573807474341,-0.0120092683919,0.0,-0.00863293631033,0.0086073246476,-0.999925690426,0.0,0.661302706476,0.2604897705,0.303281815584,1.0,-0.0041,-0.00538857142857,0.206
0.464737446726,0.545370103802,-0.123894449307,-1.35955340288,0.0793390244439,1.89542886265,0.158734260552,-0.00459101959854,-0.0212780386315,0.00128543752608,-0.03755098254,-0.00457567090408,0.00966446897821,-0.00327218591564,0.573832330397,0.818958562529,0.00201899821495,0.0,0.81891516344,-0.573772336605,-0.0120003223358,0.0,-0.00866948832113,0.00853972560083,-0.999925953788,0.0,0.661226803673,0.260376704183,0.303263027892,1.0,-0.00444,-0.00583542857143,0.223
0.464669765854,0.544957611283,-0.123894450756,-1.36025053519,0.079322908007,1.89566307412,0.158690586088,-0.00290636141263,-0.0280921092741,0.000763513474202,-0.0388674572041,-0.00456894867481,0.015718236126,-0.00339031374906,0.573886505827,0.818920672081,0.00198951495623,0.0,0.818876610741,-0.573826358591,-0.0120479653427,0.0,-0.00872485973356,0.00854349648602,-0.999925439966,0.0,0.661142662114,0.260267904995,0.303243522947,1.0,-0.00478,-0.00628228571429,0.24
0.464604084448,0.544544380343,-0.123902935693,-1.36093053327,0.0793025340134,1.89590157482,0.158574685949,-0.000718067478356,-0.0334695754271,-0.000242070668149,-0.0447680168748,-0.00068851433078,0.017463683002,-0.00873426002542,0.573883776315,0.818922620733,0.00197469879621,0.0,0.818878189233,-0.573823520811,-0.0120758048796,0.0,-0.00875618974747,0.00854731084309,-0.999925133507,0.0,0.661064919357,0.260157167544,0.303233301804,1.0,-0.0051,-0.00670285714286,0.256
0.464528914552,0.544051270298,-0.123903017427,-1.3617278717,0.0792692530049,1.89618490001,0.158488124836,-0.00738063652949,-0.0343440326941,0.00077561286016,-0.0497881260027,-0.000376947779003,0.0208435007871,-0.0051789797318,0.573910035355,0.81890424285,0.00196450036885,0.0,0.818859517185,-0.573849664159,-0.0120996264858,0.0,-0.00878127665597,0.00855291155782,-0.99992486562,0.0,0.660972398139,0.260033105639,0.303227309442,1.0,-0.00544,-0.00714971428571,0.273
0.464456354837,0.543503535398,-0.123903341556,-1.36261429618,0.0792245816852,1.89648667244,0.158389583468,-0.00298563165815,-0.0360361547752,0.000896305248601,-0.0545742852122,0.000415554699506,0.0181429794815,-0.00438944191351,0.573926298327,0.8188929087,0.00193780036552,0.0,0.818847705334,-0.573865917734,-0.0121281010032,0.0,-0.00881974812987,0.00854756406431,-0.999924572751,0.0,0.660864378574,0.25990018557,0.303219099003,1.0,-0.0058,-0.00762285714286,0.291
0.464384735121,0.542981641948,-0.123906545281,-1.36342879716,0.0791692679416,1.89678430397,0.158258632708,-0.000956029703892,-0.031728482274,0.000229179240121,-0.0532545726562,-0.00679846606132,0.0178881519027,-0.0111324122714,0.573910499128,0.818903980924,0.00193801919437,0.0,0.81885883945,-0.573850176781,-0.0121211618714,0.0,-0.00881410475146,0.00854359069856,-0.999924656469,0.0,0.660772307961,0.25977242543,0.303226485717,1.0,-0.00612,-0.00804342857143,0.307
0.464315048407,0.542400106367,-0.123911785131,-1.36434722207,0.0791221315566,1.89711615095,0.158172264889,-0.00410012983067,-0.0318415051759,0.000101219278643,-0.0537619264198,7.19739904491e-05,0.0144888497124,-0.000399307363724,0.573938946929,0.818884047046,0.00193638654659,0.0,0.818838816262,-0.573878562347,-0.0121299448308,0.0,-0.00882193743562,0.00854760079793,-0.999924553124,0.0,0.660664061412,0.259636859029,0.303229585936,1.0,-0.00646,-0.00849028571429,0.324
0.464230283886,0.541782117865,-0.123907507852,-1.3653007352,0.0790697638689,1.89747518131,0.15802028948,-0.0056702710825,-0.0349864569165,0.000513905270079,-0.0609986396159,-0.00552081162346,0.0115691813249,-0.00896281853404,0.573919917948,0.818897327043,0.00196021550612,0.0,0.81885233819,-0.573859362701,-0.0121254683303,0.0,-0.0088047951033,0.00856433972981,-0.999924560989,0.0,0.66055598599,0.259494169506,0.303243720759,1.0,-0.0068,-0.00893714285714,0.341
0.464165510741,0.541170632965,-0.123912109608,-1.36624233304,0.0790137022793,1.89782734522,0.157904598896,-0.00185452288784,-0.0412476048846,0.000710135554246,-0.065265253256,-0.00103644181869,0.0234545872042,-0.00232806735641,0.573918722289,0.818898122441,0.00197792044156,0.0,0.818853380684,-0.573858104402,-0.0121146133336,0.0,-0.00878575759084,0.00857259529479,-0.999924657699,0.0,0.660446015986,0.259359810834,0.303258531782,1.0,-0.00712,-0.00935771428571,0.357
0.464073630932,0.540464176894,-0.123907923687,-1.36729717235,0.0789449941701,1.89821876439,0.157764220108,-0.0103385410173,-0.0455085267467,0.000722443730047,-0.0590335722165,-0.00384915902933,0.0265109971657,-0.00461811760614,0.573916106645,0.818899869448,0.00201326915532,0.0,0.818855613371,-0.57385535766,-0.0120937933335,0.0,-0.00874844892548,0.00858956490933,-0.999924839183,0.0,0.660325786691,0.259201080261,0.30328957884,1.0,-0.00746,-0.00980457142857,0.374
0.463985878116,0.539730873825,-0.123912937868,-1.36842994986,0.0788813348614,1.89864554021,0.157621908675,-0.00621407101287,-0.0455280958724,0.000745469686178,-0.0670330936906,-0.00469434150444,0.0226528392765,-0.00684356405125,0.573920659418,0.818896619217,0.00203730929696,0.0,0.81885266256,-0.573859791072,-0.0120832160517,0.0,-0.00872594288791,0.00860322910534,-0.999924918366,0.0,0.660195854316,0.259034060699,0.303305779088,1.0,-0.0078,-0.0102514285714,0.391
0.463879834215,0.5390289637,-0.123910403815,-1.3695335882,0.0788203009462,1.8990581499,0.157492133748,-0.00904398622581,-0.0403926179005,0.00112597314833,-0.0651991211316,-0.00110461522625,0.0332816619815,-0.00679530737183,0.573944161715,0.818880117065,0.00204939248952,0.0,0.818836251474,-0.573883172193,-0.0120849016219,0.0,-0.00872014168168,0.00861434144749,-0.999924873303,0.0,0.660071646734,0.258861862656,0.303312080894,1.0,-0.00812,-0.010672,0.407
0.463759618237,0.53819795436,-0.123916779051,-1.37080968818,0.0787517617332,1.89955086174,0.157347761927,-0.00696018412431,-0.0525465030873,0.00134171567788,-0.0733449948343,-0.00689175118164,0.0277622016011,-0.0111301705146,0.573981076685,0.818854135078,0.00209188288731,0.0,0.818810804577,-0.57391987992,-0.0120658461211,0.0,-0.00867976192629,0.00863858997737,-0.999925015437,0.0,0.659932791867,0.25866060152,0.303334601437,1.0,-0.00848,-0.0111451428571,0.425
0.463644843369,0.537412520114,-0.1239250623,-1.37207005411,0.0786772567034,1.90002104109,0.157183285965,-0.00799694473074,-0.0491613782349,-0.000649899020136,-0.0713413387437,-0.0034829290362,0.0203414699911,-0.0050214572929,0.573995780517,0.818843844428,0.0020854956099,0.0,0.818800446506,-0.573934625144,-0.0120673842526,0.0,-0.00868453237666,0.00863439861838,-0.999925010217,0.0,0.659790949639,0.25846061428,0.303330382315,1.0,-0.00882,-0.011592,0.442
0.463539330536,0.536617083985,-0.123926339248,-1.37329692426,0.0786045339049,1.90049766366,0.157021037497,-0.00709407717937,-0.0481804047396,-0.000441285864841,-0.0750679687983,-0.00217837570292,0.0343732638612,-0.0120630069029,0.573998397154,0.818841912933,0.00212334389172,0.0,0.818799027596,-0.573937098469,-0.0120460081008,0.0,-0.00864527693261,0.00865314785569,-0.999925188311,0.0,0.659654062332,0.258275652158,0.30334935019,1.0,-0.00914,-0.0120125714286,0.458
0.463419771203,0.535754894633,-0.123929570794,-1.37465098544,0.0785332939634,1.90099341546,0.156861310276,-0.00550232760978,-0.0565541121294,0.000918356978032,-0.0816317700506,-0.00507033497014,0.0270514534004,-0.0142117806655,0.574023080735,0.818824589267,0.00213112563179,0.0,0.818781705196,-0.573961645412,-0.0120538679572,0.0,-0.00864698558616,0.00866429191279,-0.999925077036,0.0,0.659496931302,0.258067622212,0.303356485027,1.0,-0.00948,-0.0124594285714,0.475
0.463293972521,0.53481180638,-0.123935145703,-1.37617275063,0.0784386801471,1.90154020082,0.156678961303,-0.00466937003408,-0.0497299467541,0.000158538106574,-0.0849582134123,-0.0097250164306,0.0321419097684,-0.0159858324831,0.57403874043,0.818813690788,0.0021002774901,0.0,0.818770408369,-0.57397743909,-0.0120691630485,0.0,-0.00867705110544,0.00864797871305,-0.999924957808,0.0,0.659316237274,0.257834981307,0.303345190499,1.0,-0.00984,-0.0129325714286,0.493
0.463184369335,0.534010436073,-0.12394019324,-1.3774818437,0.0783635781788,1.90201015233,0.156522194234,-0.00902778696553,-0.0477191527434,0.000254934574171,-0.0909673071746,-0.00795640009914,0.0332486604745,-0.0111786622235,0.574055191135,0.818802239442,0.00206811939511,0.0,0.81875848128,-0.573993970717,-0.0120920557803,0.0,-0.00871408206191,0.00863496393702,-0.999924748254,0.0,0.65916019154,0.257634665142,0.303328310232,1.0,-0.01014,-0.0133268571429,0.508
0.463050772395,0.533037958247,-0.123936942255,-1.37905311291,0.0782884367396,1.90261220124,0.156325178484,-0.00517864594555,-0.0499334671319,-0.0028487712978,-0.0926063226359,-0.00530367012701,0.029906689426,-0.0164186423523,0.574057468643,0.818800589835,0.00208894293639,0.0,0.818756943025,-0.573995998362,-0.0120999592685,0.0,-0.00870857656683,0.00865657518701,-0.999924609358,0.0,0.658989501411,0.257419263061,0.303324613383,1.0,-0.01048,-0.0137737142857,0.525
0.46293063372,0.5320712467,-0.123939160825,-1.38060304457,0.0781911720197,1.90318387237,0.156121196119,-0.00696441767328,-0.0565697859974,0.000235572592978,-0.0901880130141,-0.00712789162248,0.0278787519596,-0.0148602519962,0.574058355183,0.818800024374,0.00206684099445,0.0,0.818756074168,-0.573996966227,-0.0121128310949,0.0,-0.00873179404938,0.00864587697344,-0.999924499442,0.0,0.65879302405,0.257174761037,0.303311793954,1.0,-0.01084,-0.0142468571429,0.543
0.462802520108,0.531129666817,-0.123933181722,-1.38212187562,0.0780969289751,1.9037302568,0.155926310103,-0.00916020384952,-0.0574194826363,0.00199288326786,-0.0910299335944,-0.00153600503526,0.0261219537177,-0.0109151102279,0.574056798442,0.818801183041,0.00204002779203,0.0,0.818756823491,-0.573995468763,-0.012133125248,0.0,-0.00876381932894,0.008635555971,-0.999924308457,0.0,0.658609252437,0.256947760958,0.303299654381,1.0,-0.01116,-0.0146674285714,0.559
0.462657793763,0.530022227102,-0.123941670839,-1.38386992896,0.0779992789446,1.90434861608,0.15570535977,-0.0081325575673,-0.0600239206963,-0.00243218817646,-0.0927938438892,-0.00957035701646,0.0331736549051,-0.0150559772878,0.574068989873,0.818792675722,0.00202384589936,0.0,0.818748004137,-0.57400763113,-0.0121528608747,0.0,-0.00878913970099,0.00863376658395,-0.999924101669,0.0,0.658397997441,0.256680739213,0.303301767193,1.0,-0.01152,-0.0151405714286,0.577
0.462527019431,0.529020388078,-0.123942407411,-1.38542366594,0.0778988967192,1.90493275647,0.155494633018,-0.00614068649827,-0.0611349896721,0.000303565675661,-0.096332479919,-0.00372504858127,0.0384973736347,-0.0121347806911,0.574061352621,0.818797972489,0.0020470897166,0.0,0.818753662869,-0.573999949559,-0.0121344281369,0.0,-0.008760784434,0.00864213482113,-0.999924278214,0.0,0.658216884108,0.256446351216,0.303318479564,1.0,-0.01184,-0.0155611428571,0.593
0.462380432972,0.527937350379,-0.123942060378,-1.38713093901,0.0777846301987,1.90559582367,0.15524594168,-0.00552311214813,-0.0624935996121,0.000843942756412,-0.0953958452646,-0.0128294785092,0.0397558156396,-0.0122238060055,0.574039363428,0.818813324973,0.00207243415747,0.0,0.818769466585,-0.573977971131,-0.012107689548,0.0,-0.00872457395858,0.00864730269771,-0.999924550136,0.0,0.658021847212,0.256188156945,0.30332586226,1.0,-0.01218,-0.016008,0.61
0.462243539678,0.52682014042,-0.123944972374,-1.38880810067,0.0776854458162,1.90622800887,0.155024230852,-0.00253395474029,-0.0730966247692,-0.000447755001565,-0.106507690555,-0.00201055305389,0.0333760501704,-0.0157842481298,0.574035874855,0.818815610323,0.00213484707493,0.0,0.818772568064,-0.573974214845,-0.012075983648,0.0,-0.00866282353353,0.00868016918023,-0.999924802248,0.0,0.657825538696,0.25593884386,0.303368769993,1.0,-0.0125,-0.0164285714286,0.626
0.462081370114,0.52559002591,-0.123945879919,-1.39075550715,0.0775681284449,1.90694037245,0.154763551845,-0.0132162794302,-0.066626092198,0.000772298932185,-0.10879815342,-0.00688507848691,0.0388966935007,-0.0147000376501,0.574029186477,0.81882031108,0.00213029040223,0.0,0.81877716367,-0.573967501121,-0.0120834932865,0.0,-0.00867165922928,0.00868067808435,-0.999924721244,0.0,0.657591248322,0.255646027066,0.303369113541,1.0,-0.01286,-0.0169017142857,0.644
0.461931210158,0.524477810768,-0.123954058614,-1.39251010036,0.0774515327516,1.90756909331,0.154519996858,-0.0109256852506,-0.0694555299018,-1.32632060299e-05,-0.113789174976,-0.0112706200135,0.0393891692519,-0.0179938519689,0.574021242753,0.818825928887,0.00211138639155,0.0,0.818782606775,-0.573959711721,-0.0120846623819,0.0,-0.00868355136075,0.00866578621551,-0.999924747211,0.0,0.657380378229,0.255372715921,0.303370946142,1.0,-0.01318,-0.0173222857143,0.66
0.461777565077,0.523364663934,-0.123960344054,-1.39430381237,0.0773471518157,1.9082323955,0.15427824627,-0.0106817548258,-0.0649504428052,-0.000245510674883,-0.112671923276,-0.00491256220517,0.0434983043726,-0.0120727279523,0.574021729984,0.818825625996,0.00209633503841,0.0,0.818782062302,-0.57396021893,-0.0120974559251,0.0,-0.00870266155643,0.008660810852,-0.999924624178,0.0,0.657166480338,0.25509790866,0.303357525594,1.0,-0.0135,-0.0177428571429,0.676
0.461612261262,0.522058713913,-0.123959891038,-1.39636835799,0.0772183294917,1.90903797643,0.153994214067,-0.00643394799869,-0.0719789757908,0.000902745199223,-0.119935404379,-0.00873902967858,0.0539861747104,-0.0091296342062,0.574000229029,0.81884060658,0.00213189835344,0.0,0.818797567271,-0.573938627713,-0.0120723796718,0.0,-0.00866194264718,0.0086753089086,-0.999924852059,0.0,0.656924455055,0.254795472164,0.303362482576,1.0,-0.01386,-0.018216,0.694
0.461452505886,0.520883584336,-0.12396395287,-1.39826743685,0.0771000709875,1.90975305419,0.15374309051,-0.00928030926635,-0.0768498779483,0.000738015659684,-0.117591326606,-0.0120988136198,0.0438904976895,-0.0171652128941,0.573997898435,0.818842272024,0.00211967902311,0.0,0.818799099929,-0.573936376476,-0.0120754550453,0.0,-0.00867149910043,0.00866704396237,-0.999924840902,0.0,0.656698263645,0.254507602134,0.303346253868,1.0,-0.01418,-0.0186365714286,0.71
0.461291804392,0.519656161663,-0.123964726334,-1.40018796914,0.0769801484354,1.91045086386,0.153481352261,-0.010496170429,-0.077600851636,0.000139056498821,-0.124885480471,-0.00958050836292,0.0461261120618,-0.0106427800501,0.573977663865,0.8188564539,0.00212042254213,0.0,0.818813255648,-0.57391610546,-0.0120790384522,0.0,-0.00867422095178,0.00866949527223,-0.999924796043,0.0,0.656445995162,0.254201658411,0.303357358778,1.0,-0.01452,-0.0190834285714,0.727
0.461118078619,0.518244160783,-0.123970453001,-1.40240501354,0.0768330762165,1.91123317319,0.153179142804,-0.00802742004183,-0.0727793122631,0.000941972610898,-0.125973133016,-0.0105605142498,0.0484113590833,-0.0218698330635,0.573962016342,0.818867485898,0.0020955279514,0.0,0.818824022588,-0.5739006268,-0.0120845972971,0.0,-0.00869322637351,0.00865213503834,-0.999924781358,0.0,0.656186329873,0.253885219843,0.303358421133,1.0,-0.01486,-0.0195302857143,0.744
0.460947237491,0.516947646017,-0.123976319387,-1.40442070708,0.0767072614614,1.91195128444,0.152902030746,-0.0128480656889,-0.0821026022652,-0.000656940151413,-0.127356672088,-0.0119854388352,0.0468109157494,-0.0170023991968,0.573951683717,0.818874735694,0.00209258248281,0.0,0.818831216895,-0.573890291252,-0.0120879587111,0.0,-0.00869777868333,0.00865154268481,-0.999924746896,0.0,0.655937941976,0.253575946018,0.30337109005,1.0,-0.01518,-0.0199508571429,0.76
0.460769421758,0.515589906889,-0.123979356834,-1.40659776553,0.0765646346832,1.91279052982,0.152608928795,-0.00917924327914,-0.0817356975006,-0.000704776594133,-0.12944117348,-0.0138973486611,0.0548299662596,-0.0145244484674,0.573936072996,0.818885657114,0.00210037823245,0.0,0.818842353872,-0.57387476225,-0.0120707770864,0.0,-0.0086793992728,0.00864789955371,-0.999924938114,0.0,0.655678396199,0.253250904225,0.303359961533,1.0,-0.01552,-0.0203977142857,0.777
0.460568764563,0.51412182204,-0.12398000584,-1.40896691169,0.076422030676,1.91362991788,0.152273890501,-0.0113224698573,-0.0770669502589,-0.000219783911687,-0.135477105661,-0.0102616980247,0.0450463347833,-0.0249596720461,0.573912513948,0.818902299125,0.0020488342921,0.0,0.818858196943,-0.573851304466,-0.0121111751344,0.0,-0.00874231124812,0.00862862585032,-0.999924556559,0.0,0.655380509661,0.252891067549,0.303334290804,1.0,-0.01588,-0.0208708571429,0.795
0.460382478621,0.512785996726,-0.123980045297,-1.41110531203,0.076300156352,1.91436628078,0.151989865999,-0.0113303127118,-0.0820028725893,7.82340101735e-05,-0.139976731551,-0.00209617437956,0.043312943848,-0.0158086965839,0.573911547383,0.818903101278,0.0019983490999,0.0,0.818858128802,-0.573850353825,-0.0121607241061,0.0,-0.00881187100205,0.00861571027279,-0.999924057349,0.0,0.655107642561,0.252563090567,0.303316354544,1.0,-0.0162,-0.0212914285714,0.811
0.460173659282,0.511269475697,-0.123985695707,-1.41352921268,0.076145593814,1.91529518673,0.151626316731,-0.0158880660293,-0.0858888059439,-0.00123518598319,-0.141729390877,-0.0139880751851,0.0506050726962,-0.019505205369,0.573874122471,0.81892930166,0.00200931393241,0.0,0.818884557512,-0.573812968194,-0.0121452007627,0.0,-0.00879325968501,0.0086153784531,-0.999924224048,0.0,0.654817865091,0.252193352413,0.303305508535,1.0,-0.01656,-0.0217645714286,0.829
0.459969614296,0.509796100891,-0.123989594733,-1.41586015805,0.0760059258484,1.9161836156,0.151306475628,-0.0146148845749,-0.0902808232509,0.000567231335489,-0.141892285591,-0.00981698589143,0.0546684375383,-0.018476006198,0.573866121382,0.818934847155,0.00203414533914,0.0,0.818890418041,-0.57380484917,-0.012133639669,0.0,-0.00876962673075,0.00862899299708,-0.999924314199,0.0,0.65453765169,0.251837950602,0.303304619032,1.0,-0.0169,-0.0222114285714,0.846
0.459787024482,0.508468775012,-0.123992829031,-1.41796268069,0.0758700984164,1.91691255706,0.151026337572,-0.0113520724211,-0.0872892861399,-2.40120370625e-05,-0.137608029915,-0.0103874695414,0.0536292259498,-0.0156827491541,0.573860726582,0.818938732771,0.00199132016086,0.0,0.818893704761,-0.573799606363,-0.012159726214,0.0,-0.00881562178008,0.00860883461082,-0.999924083508,0.0,0.654269647758,0.251512156,0.303295918432,1.0,-0.0172,-0.0226057142857,0.861
0.459575790495,0.506929916047,-0.123997278142,-1.42036931858,0.0757132743328,1.9177917621,0.150686813939,-0.0131096720661,-0.085790769819,0.00224275884669,-0.143885989529,-0.0150905462372,0.0500327804111,-0.0146143164106,0.573840963866,0.818952572066,0.00199494310235,0.0,0.818907637851,-0.57377987541,-0.012152454322,0.0,-0.00880779509657,0.00860741596451,-0.999924164692,0.0,0.653972229523,0.251140445661,0.303303015645,1.0,-0.01754,-0.0230525714286,0.878
0.459343484344,0.505239683498,-0.124009172325,-1.42297575679,0.075556420536,1.91878819127,0.150327826225,-0.0124235812951,-0.0963487974772,0.00126734613533,-0.144573145407,-0.00184226984068,0.0561137731543,-0.021501554263,0.573838141417,0.818954386883,0.00206071864787,0.0,0.818910356462,-0.573776807085,-0.0121140674777,0.0,-0.00873864438378,0.00863922414074,-0.9999244971,0.0,0.653660254782,0.250736837351,0.303330643204,1.0,-0.0179,-0.0235257142857,0.896
0.459142645363,0.50376339815,-0.124023433664,-1.42516667431,0.0754143013214,1.91962295748,0.150024186876,-0.0141604363842,-0.0990936368404,-0.00168924410824,-0.145052153743,-0.00497065385358,0.0538732058856,-0.025868766455,0.573838420472,0.818953946436,0.00215585435852,0.0,0.818911318899,-0.573776837356,-0.0120473894874,0.0,-0.00862944401286,0.00867887558559,-0.999925102102,0.0,0.653400916653,0.250390424531,0.303391905328,1.0,-0.0182,-0.02392,0.911
0.458914258891,0.502068549818,-0.124022267208,-1.42767294138,0.0752533780278,1.92054818704,0.149671506349,-0.00792657203377,-0.0976994548283,0.00208932741571,-0.149370985122,-0.0161081824299,0.0599830132309,-0.0224832017101,0.573820535186,0.818966221777,0.00225119689727,0.0,0.818924875638,-0.573758594333,-0.011994598417,0.0,-0.00853169164148,0.00872647603385,-0.999925526654,0.0,0.653093061902,0.250003731097,0.303462470319,1.0,-0.01854,-0.0243668571429,0.928
0.458662410651,0.500259674027,-0.124028238911,-1.43040312133,0.0750767404015,1.92150958798,0.149278234802,-0.0162658963603,-0.101737627397,0.00102791538634,-0.150394158396,-0.0120040999058,0.0619890974683,-0.0199892416859,0.573800150797,0.818980417034,0.0022826217206,0.0,0.818939478936,-0.573738081902,-0.0119787360204,0.0,-0.00850088688226,0.00874289790522,-0.999925645565,0.0,0.652748620936,0.249572596008,0.303508749085,1.0,-0.0189,-0.02484,0.946
0.458427553303,0.498670378597,-0.124028672929,-1.43287130985,0.074926297132,1.9224313483,0.148939473316,-0.0190479362551,-0.0981561986552,-0.000581445307127,-0.147733231571,-0.0111340447477,0.0595720563759,-0.0234623547047,0.573800395795,0.818980142769,0.0023191456005,0.0,0.818939644984,-0.573738141386,-0.0119645264441,0.0,-0.00846829032972,0.00876465903068,-0.999925731648,0.0,0.652445609167,0.249185513439,0.303522383223,1.0,-0.01922,-0.0252605714286,0.962
0.4581701254,0.497000767986,-0.124036102431,-1.43552708057,0.074761720845,1.92339947393,0.148530413602,-0.014651003241,-0.0931600722008,-0.00084974882085,-0.155923247893,-0.0132378797828,0.0603595270457,-0.0353170684694,0.573771698845,0.819000297881,0.00230142931901,0.0,0.818959529334,-0.573709478942,-0.0119778957492,0.0,-0.00848971182437,0.00875752367394,-0.999925612519,0.0,0.652115448255,0.248759457079,0.303506437344,1.0,-0.01956,-0.0257074285714,0.979
0.457902688472,0.495328039496,-0.124034461118,-1.43824366387,0.0745949223308,1.92432391813,0.148145404672,-0.0158906276088,-0.0875214940651,0.000431815438144,-0.161235766242,-0.0121546354634,0.0483370528131,-0.0285260365933,0.573765963565,0.819004588463,0.00220227884757,0.0,0.818962311209,-0.573703935523,-0.0120529700247,0.0,-0.00860814744641,0.00871933520921,-0.999924933678,0.0,0.651761187233,0.248321961277,0.3034590826,1.0,-0.0199,-0.0261542857143,0.996
0.457635136008,0.49367865614,-0.124053444098,-1.44088403685,0.0744333687461,1.92528026776,0.147778294165,-0.0190689101015,-0.107252404093,-0.00903024228882,-0.171704240538,-0.0101071885449,0.0592061511099,-0.0254401529263,0.573787263546,0.818989755585,0.00216871872474,0.0,0.818947020696,-0.57372535533,-0.0120723173256,0.0,-0.00864302169986,0.00870317522439,-0.999924773629,0.0,0.651434307205,0.247884067309,0.303434480982,1.0,-0.0236005714286,-0.0310178938776,1.012
0.457335375958,0.491471711541,-0.124094472872,-1.44430388788,0.07423118983,1.92657316777,0.147276234721,-0.0230206830029,-0.138745305628,-0.0013662510948,-0.21372640828,-0.0116599126383,0.0778930883511,-0.0289684407252,0.573768207797,0.819002937422,0.00223139345206,0.0,0.818961112277,-0.573706130548,-0.0120299314661,0.0,-0.0085725501528,0.00872998475994,-0.999925146573,0.0,0.65101356866,0.247343518969,0.303455900732,1.0,-0.029196,-0.0383718857143,1.029
0.456911137725,0.488681258361,-0.124101803482,-1.44882143217,0.0739803050915,1.92818118082,0.146621700485,-0.030668825355,-0.165157810157,-0.000820483616782,-0.261970619795,-0.0158252945658,0.0950349382371,-0.0313745759689,0.573742498875,0.819021180247,0.00214433982796,0.0,0.81897776614,-0.573680338974,-0.0121257636765,0.0,-0.00870125920457,0.00871340035465,-0.999924179497,0.0,0.650426974266,0.246633224298,0.303385899374,1.0,-0.0351205714286,-0.0461584653061,1.047
0.456446833457,0.485662169234,-0.124155675469,-1.45347655693,0.0736973518238,1.92996129527,0.145940016994,-0.0263897475464,-0.198549157432,-0.00767265704302,-0.303560633619,-0.0173625474388,0.117234069073,-0.0379076803978,0.573757800255,0.819010161784,0.00225575760686,0.0,0.818968418512,-0.573695381681,-0.0120451408611,0.0,-0.00857114006513,0.00875855639341,-0.999924908805,0.0,0.649865610758,0.245862962477,0.303423355545,1.0,-0.0403868571429,-0.0530798693878,1.063
0.4558690273,0.482058382957,-0.12421051539,-1.45912196704,0.0733489277587,1.93192933202,0.145070167366,-0.0360726772913,-0.219897366127,-4.97708011916e-05,-0.34813827005,-0.0280918147402,0.12643362284,-0.0494820322282,0.573740750876,0.819022289633,0.00218786895695,0.0,0.818979562806,-0.573678522928,-0.0120902827933,0.0,-0.00864724415031,0.00872867594401,-0.999924514843,0.0,0.64914145638,0.244911952106,0.303409278089,1.0,-0.0459822857143,-0.0604338612245,1.08
0.45521784112,0.477933346877,-0.124296172949,-1.46554691326,0.0729688940939,1.93422422009,0.144109546959,-0.0380735222082,-0.257785870354,-0.00509853741386,-0.390523419086,-0.0289791588994,0.138708012174,-0.0606047622408,0.573759567596,0.819009129187,0.00217986256612,0.0,0.818966232745,-0.573697305924,-0.0121019709189,0.0,-0.00866121013744,0.00872902349595,-0.999924390936,0.0,0.648324856518,0.243827466133,0.303411403904,1.0,-0.0515777142857,-0.0677878530612,1.097
0.454513193295,0.473632917631,-0.12434817469,-1.47216314802,0.0725686412304,1.93664868004,0.143175779355,-0.0474445700237,-0.2724576723,0.000313792350731,-0.431358267984,-0.0277285403417,0.160282002631,-0.0591844857536,0.573820713911,0.818966044833,0.0022699335055,0.0,0.818924289675,-0.573758026362,-0.0120615864287,0.0,-0.0085758022746,0.00878026086624,-0.999924678481,0.0,0.647490682004,0.242714125413,0.303449838542,1.0,-0.056844,-0.0747092571429,1.113
0.453673052415,0.468616408222,-0.124388347584,-1.47979292066,0.0721073808997,1.93943526371,0.141984282637,-0.0521996746097,-0.305350687353,-0.000219783371774,-0.460390679705,-0.0289869365208,0.180729907969,-0.0732004525564,0.573801536048,0.818979042517,0.00242323097539,0.0,0.818939142651,-0.573738067836,-0.0120023769171,0.0,-0.00843955778536,0.00887163181508,-0.999925031197,0.0,0.646520989706,0.241425563404,0.30352673558,1.0,-0.0624394285714,-0.0820632489796,1.13
0.452758928996,0.463150130617,-0.124427417701,-1.48814111328,0.0715600479034,1.94241556684,0.140655377088,-0.0572420663109,-0.331128482007,-0.00173940010319,-0.513132250338,-0.0350644911002,0.172621111169,-0.073270601072,0.573734093874,0.819026075135,0.00249493025006,0.0,0.818987148613,-0.573670387415,-0.0119617686841,0.0,-0.00836589392324,0.00890636180364,-0.999925341482,0.0,0.645433609094,0.240012220527,0.303582398508,1.0,-0.0680348571429,-0.0894172408163,1.147
0.451803957239,0.457621983068,-0.124473234975,-1.49670249002,0.0710038933374,1.94532688459,0.139406703538,-0.0627100260947,-0.355553327095,-0.00350831844548,-0.554430463952,-0.0427992119874,0.184436016989,-0.0839647479841,0.573772399653,0.818999564703,0.00238606673597,0.0,0.818958933893,-0.573708829754,-0.0120494879453,0.0,-0.00849978147442,0.00886792501829,-0.999924553964,0.0,0.644279593718,0.238540619807,0.303566573407,1.0,-0.0733011428571,-0.096338644898,1.163
0.450636749571,0.450924543115,-0.124547062001,-1.50681474046,0.0703033887768,1.94902010137,0.137754555228,-0.0688141324387,-0.392675684982,-0.00283312783465,-0.562968085436,-0.0391965814602,0.215922196225,-0.0917992827116,0.573700130893,0.819049593648,0.00258260716533,0.0,0.819012116801,-0.573636417221,-0.0118810888248,0.0,-0.0082498822884,0.00893154073509,-0.999926080779,0.0,0.642971108021,0.236780058596,0.303675683739,1.0,-0.0792257142857,-0.10412522449,1.181
0.449430546743,0.444195084696,-0.12458087338,-1.51699284336,0.069640435593,1.9526908748,0.13622836882,-0.0688317704902,-0.395539183068,-0.0012651776965,-0.624466371292,-0.0458870644848,0.21252523012,-0.0942187764157,0.573740137097,0.819020974404,0.00276504439494,0.0,0.818985838641,-0.573675702055,-0.011795417711,0.0,-0.00807461118397,0.00903221067535,-0.999926607219,0.0,0.641622443146,0.23501840082,0.303761643561,1.0,-0.0848211428571,-0.111479216327,1.198
0.448292448532,0.437996800039,-0.124614117135,-1.52667490946,0.0689609015867,1.9559199124,0.134683515742,-0.0780107619385,-0.415687686709,-0.00256723876983,-0.658884783466,-0.046453768111,0.216584868062,-0.10067855892,0.573671478011,0.819069835396,0.00252724397263,0.0,0.819031386159,-0.573607712068,-0.011938510922,0.0,-0.00832898790161,0.00891884705538,-0.999925538292,0.0,0.640264615676,0.2333243669,0.303672625592,1.0,-0.0897582857143,-0.117968032653,1.213
0.446807465374,0.430031442038,-0.12464509013,-1.53863929243,0.0681670675225,1.96021916936,0.132731015186,-0.0869923187988,-0.440917966151,-0.00171193092947,-0.676731157238,-0.0510302475399,0.234269744868,-0.104699344831,0.573613616556,0.819109551521,0.00277640222613,0.0,0.819074308785,-0.573548871692,-0.0118201256214,0.0,-0.0080897311849,0.00905443906612,-0.999926283974,0.0,0.638647695254,0.231221810043,0.303783494271,1.0,-0.0956828571428,-0.125754612245,1.231
0.445262935908,0.422200395395,-0.12470114988,-1.55068754841,0.0672824979278,1.9642978995,0.130734815703,-0.0937698034874,-0.474747592284,-0.00511172814582,-0.729153207622,-0.0556399772201,0.236357550209,-0.118392454842,0.573550288067,0.819154434606,0.0026127043162,0.0,0.819117228743,-0.573486347837,-0.0118794495812,0.0,-0.00823291205789,0.00895374523572,-0.999926022066,0.0,0.636958815134,0.229032768434,0.303730288852,1.0,-0.101278285714,-0.133108604082,1.248
0.443705503055,0.414402264022,-0.124816395016,-1.56239189754,0.0664325775682,1.96840053609,0.128858744119,-0.0997984847874,-0.50491923626,-0.00618636896729,-0.730787994562,-0.0494061977497,0.267882603634,-0.112571616585,0.573625239406,0.819101581949,0.00272581476764,0.0,0.819066461457,-0.573561546924,-0.0117486385316,0.0,-0.00806006105336,0.00897211178765,-0.999927265668,0.0,0.635351775801,0.226852316141,0.303806269103,1.0,-0.106544571429,-0.140030008163,1.264
0.441899656698,0.405839828062,-0.124875981327,-1.57545727546,0.0655685815219,1.97280885566,0.126657759068,-0.115165952161,-0.517096644988,-0.00253390346209,-0.778696374445,-0.0509547438956,0.255644368428,-0.129757472102,0.573639108179,0.81909209264,0.00265786437489,0.0,0.819055381462,-0.573574883174,-0.0118693888495,0.0,-0.00819779613579,0.00898585675932,-0.999926022522,0.0,0.633486586576,0.224424100563,0.30376156473,1.0,-0.11214,-0.147384,1.281
0.439952312123,0.396833459585,-0.125004565623,-1.58887537816,0.064631289974,1.97742780577,0.124364160466,-0.113121031028,-0.547626919097,-0.0125157530367,-0.814059591003,-0.0568767696321,0.282844455121,-0.140954254751,0.573723266594,0.819032645197,0.00280826838756,0.0,0.818998033002,-0.573658634453,-0.0117787927467,0.0,-0.00803638309746,0.00905790812952,-0.999926682736,0.0,0.631599918713,0.221840785173,0.303848379889,1.0,-0.117735428571,-0.154737991837,1.298
0.438020420089,0.388125094967,-0.125078915376,-1.60205433901,0.0636132275186,1.98190074683,0.122118549237,-0.127444042855,-0.55322919258,-0.0103976423198,-0.841472406815,-0.0697447171895,0.271928858241,-0.147576455035,0.573742547204,0.819019352705,0.00274523660267,0.0,0.818984400858,-0.573678676626,-0.0117504909389,0.0,-0.00804915075263,0.00899023564635,-0.999927190767,0.0,0.629695979414,0.219310647314,0.303815772587,1.0,-0.123001714286,-0.161659395918,1.314
0.435728833677,0.377838344039,-0.125154132196,-1.61728613487,0.0624784942115,1.98695845939,0.119374320524,-0.126980408521,-0.578275172265,-0.00355278071407,-0.842737539584,-0.0656188518639,0.285460443568,-0.154266535755,0.573678227406,0.819064193602,0.00280803505723,0.0,0.819030066955,-0.573614153275,-0.0117174864117,0.0,-0.00798679867772,0.00902210567873,-0.999927403693,0.0,0.627447606068,0.216369665665,0.303891282601,1.0,-0.128926285714,-0.16944597551,1.332
0.433226421615,0.367330167197,-0.125243592557,-1.63309521641,0.0612874581409,1.99215129558,0.116601454837,-0.135518987171,-0.597414917494,-0.00453702926076,-0.885640283401,-0.0701535943461,0.281490763703,-0.149405219998,0.573759380887,0.819007783889,0.00267762488104,0.0,0.818971837411,-0.573695624696,-0.0117985861172,0.0,-0.00812714866287,0.00896262139292,-0.999926807758,0.0,0.625082481227,0.213239353082,0.303826260933,1.0,-0.134850857143,-0.177232555102,1.35
0.431031353316,0.358185395564,-0.125360222845,-1.64653787182,0.0602137221842,1.99662042616,0.114124987313,-0.151310871997,-0.603553332307,-0.00821244383127,-0.913940421613,-0.0746743071203,0.288720608979,-0.173740952903,0.573776242185,0.818995814111,0.00272530251073,0.0,0.818961076131,-0.573712965687,-0.0117019522212,0.0,-0.00802046291907,0.00894639109446,-0.999927814525,0.0,0.622931797118,0.210338042418,0.303879446282,1.0,-0.140117142857,-0.184153959184,1.366
0.428201299671,0.346955626182,-0.125462590445,-1.66321191525,0.0590026911911,2.0019394167,0.110966356473,-0.162693931056,-0.640527953371,-0.0138966881844,-0.917452083192,-0.067377421352,0.316616616045,-0.180269878093,0.573823802017,0.818962643223,0.00267957943298,0.0,0.818926493445,-0.573759778073,-0.0118263392787,0.0,-0.00814805204983,0.00898078646579,-0.999926474658,0.0,0.620362090976,0.206930283647,0.303857435183,1.0,-0.146041714286,-0.191940538775,1.384
0.425583391266,0.336658988714,-0.125543658081,-1.67827787277,0.0578207408883,2.00687325739,0.108122136056,-0.165710201822,-0.629037399288,-0.00498067054579,-0.962661676303,-0.0800697859085,0.312320122915,-0.187859724779,0.573843942513,0.818948361255,0.00273095947279,0.0,0.818912973985,-0.573779831679,-0.011789516467,0.0,-0.00808819144676,0.00900193406857,-0.99992677049,0.0,0.618016707594,0.203840668471,0.303877397486,1.0,-0.151308,-0.198861942857,1.4
