position_joint1,position_joint2,position_joint3,position_joint4,position_joint5,position_joint6,position_joint7,velocity_joint1,velocity_joint2,velocity_joint3,velocity_joint4,velocity_joint5,velocity_joint6,velocity_joint7,ee_T_00,ee_T_10,ee_T_20,ee_T_30,ee_T_01,ee_T_11,ee_T_21,ee_T_31,ee_T_02,ee_T_12,ee_T_22,ee_T_32,ee_T_03,ee_T_13,ee_T_23,ee_T_33,v_x,v_y,time
0.465079054904,0.547648688325,-0.124037487695,-1.3558344766,0.0795130182735,1.89415220547,0.159123011411,0.0003716587611,-0.00204674283243,0.000207871422383,8.74713777118e-05,3.97287504391e-05,0.000843453862926,-0.00150030244877,0.573809587131,0.818974301992,0.00209697275053,0.0,0.81893326539,-0.573750616591,-0.0118018515806,0.0,-0.00846243667999,0.00848945977329,-0.999928155538,0.0,0.661699684678,0.260872909653,0.303313673335,1.0,0.0,0.0,0.0
0.465068398526,0.547653978038,-0.124034703708,-1.35583767296,0.0795130226546,1.8941510894,0.159120754454,-0.00184384574517,-0.00254312576761,0.00165452351929,0.000124690669665,0.000227159738741,0.000131738052182,-0.00152167951676,0.573814699203,0.818970739329,0.00208949835759,0.0,0.818929586797,-0.573755738709,-0.0118080933189,0.0,-0.00847178434982,0.00848697294304,-0.999928097495,0.0,0.661700728841,0.260866943778,0.303308215419,1.0,-0.0002,-0.000262857142857,0.011
0.465071224631,0.547657491815,-0.124039993452,-1.35583062579,0.0795130226546,1.89414889838,0.159128628371,-0.000114003806143,-0.000361568376907,-0.000367013411681,0.00231718855604,0.000103175293837,-0.000399207880955,0.00095152205286,0.573822134822,0.818965530675,0.00208903207302,0.0,0.818924403778,-0.573763207012,-0.0118046633787,0.0,-0.00846916572427,0.00848469984244,-0.999928138968,0.0,0.661702292191,0.260866394257,0.303309065347,1.0,-0.00052,-0.000683428571429,0.027
0.465072680267,0.547622365322,-0.124037812297,-1.3558536114,0.0795130226546,1.89415293564,0.159129299319,0.000360897070092,-0.00136438151848,0.000779677049433,0.00103548543123,0.000102775448619,-8.01837088704e-05,0.00129616722799,0.57382118769,0.818966153855,0.00210482783589,0.0,0.818925203937,-0.573762169337,-0.011799588812,0.0,-0.00845595608461,0.0084947141807,-0.999928165739,0.0,0.661697877432,0.260866629582,0.303323287223,1.0,-0.00086,-0.00113028571429,0.044
0.465074748336,0.547522547847,-0.124035689276,-1.35596008453,0.0795133646767,1.89416801661,0.159131284515,0.000637312524656,-0.00805879307469,0.00061008917177,-0.00872396448449,0.000384893344556,0.00317972232612,0.00163374247957,0.573825468305,0.818963120766,0.0021179355816,0.0,0.818922239725,-0.573766295811,-0.0118046590648,0.0,-0.00845254311152,0.00850840237923,-0.999928078216,0.0,0.661678067864,0.260858978986,0.303344558869,1.0,-0.00122,-0.00160342857143,0.062
0.46506620762,0.547401096,-0.124039973776,-1.35613007218,0.0795109785136,1.89420667833,0.159119022933,-0.000480090532151,-0.010753739354,-0.000486557927454,-0.0113085896078,0.00034552982442,0.00135011882082,-0.00491839196443,0.573834119767,0.818957069073,0.00211397910909,0.0,0.818916055696,-0.573774880408,-0.0118163969751,0.0,-0.00846433668796,0.00851198707301,-0.999927947945,0.0,0.661653358615,0.260834500749,0.3033531772,1.0,-0.00154,-0.002024,0.078
0.465046160174,0.547234261144,-0.124035394389,-1.35635937274,0.079506436507,1.89430971492,0.159119047632,-0.00165245041142,-0.00632181739763,0.00119313463854,-0.012022654818,6.09505078357e-05,0.00713189810432,0.00123608565193,0.573859088591,0.81893946846,0.00215414510826,0.0,0.818898897755,-0.573799608002,-0.0118047453541,0.0,-0.00843148659915,0.00853845185639,-0.999927999845,0.0,0.661630173293,0.260805125739,0.3033710027,1.0,-0.00192,-0.00252342857143,0.097
0.465029058776,0.547051188618,-0.124035368082,-1.35655968467,0.0795017899672,1.8944000485,0.159099208449,-0.0018960311773,-0.011420088516,0.000803780730012,-0.0136796745554,0.000325037704912,0.00291553486168,-0.00284102750282,0.573866822129,0.81893387004,0.00222122963512,0.0,0.818894129907,-0.573807038407,-0.0117742761607,0.0,-0.00836795745376,0.00857598346684,-0.999928212321,0.0,0.661611806841,0.260777843948,0.303413168409,1.0,-0.00224,-0.002944,0.113
0.465010254759,0.546854197706,-0.124037189754,-1.35680058353,0.0794978178447,1.8945301546,0.159085479305,0.00132297297569,-0.00884072944125,-0.000197032009768,-0.0166410573952,-0.000707492674003,0.00444053003441,-0.000363025405363,0.573884881543,0.81892099939,0.00229921611173,0.0,0.818882246024,-0.573824772397,-0.0117364658547,0.0,-0.00829205083273,0.00861833350008,-0.999928480553,0.0,0.66159325452,0.26074654227,0.303449385144,1.0,-0.00256,-0.00336457142857,0.129
0.464983609424,0.546642296543,-0.124037525256,-1.35713044658,0.079492458051,1.89465233625,0.159046091471,0.00134008122261,-0.0107802756039,-0.000135772178392,-0.0207266432305,-0.000849557929494,0.00248247711125,-0.000983563057227,0.5738917318,0.81891616686,0.00231056853789,0.0,0.818877433248,-0.573831446353,-0.0117459522675,0.0,-0.00829323299146,0.00863314353686,-0.999928342992,0.0,0.661554870326,0.26069977256,0.303453063791,1.0,-0.00288,-0.00378514285714,0.145
0.464945533779,0.546380016319,-0.124038481076,-1.35750135623,0.0794829555452,1.89478885302,0.158940658874,0.00021696762955,-0.015016280825,0.000987710119561,-0.0238245558854,7.90011754969e-05,0.00907735923227,-0.00542755025847,0.573855430562,0.818941514868,0.0023424219922,0.0,0.818903081276,-0.573794911495,-0.0117426539218,0.0,-0.00827263624547,0.00865696898278,-0.999928307619,0.0,0.661514590771,0.260641176338,0.303474129027,1.0,-0.0032,-0.00420571428571,0.161
0.464910073803,0.54611030329,-0.124038698035,-1.35795816465,0.0794667028141,1.89494408044,0.158915278575,-0.00117696361984,-0.0108496702577,-0.000446238457212,-0.0247128362699,-0.000476930682121,0.0120290622685,-0.000456926790096,0.573885043725,0.818920824907,0.0023207806456,0.0,0.81888199067,-0.57382447762,-0.0117686507868,0.0,-0.00830603238558,0.00865446477159,-0.999928052445,0.0,0.661458021633,0.260574809493,0.303461142401,1.0,-0.00354,-0.00465257142857,0.178
0.464859690885,0.545789712687,-0.124040374325,-1.35848367593,0.0794390867944,1.89512405091,0.158856597766,-0.00241186958064,-0.0203862662292,-0.000361043939023,-0.0340179992797,-0.00138290298504,0.00752964615079,0.000750194013173,0.573901421731,0.818909402593,0.00230116944413,0.0,0.818870261607,-0.57384087415,-0.0117852752323,0.0,-0.00833072800685,0.00864811193899,-0.999927901966,0.0,0.661396776284,0.260490081153,0.303453637246,1.0,-0.00388,-0.00509942857143,0.195
0.4647907299,0.545430740604,-0.124038498944,-1.35912445516,0.0793717099085,1.89532854267,0.158763155001,-0.00346979541898,-0.024348877908,0.000799473627605,-0.0349748312492,-0.00698285987131,0.0135265969465,-0.00092060260922,0.573897868479,0.818912117725,0.00221966223671,0.0,0.818872106088,-0.573837829742,-0.0118053347464,0.0,-0.00839396712681,0.00859284137703,-0.999927849594,0.0,0.661321148658,0.260377166213,0.303420355121,1.0,-0.00424,-0.00557257142857,0.213
0.464724131808,0.545037443998,-0.124046819917,-1.35981892578,0.0793388477295,1.89554446328,0.158694204293,-0.008048376432,-0.0234258025876,-0.000939089277725,-0.0439777051199,-0.00104473657951,0.0145221255949,-0.00829068314141,0.573931645265,0.818888632417,0.00214968895581,0.0,0.818847607158,-0.573871772079,-0.0118546347369,0.0,-0.00847414297051,0.00856418256321,-0.999927419205,0.0,0.661236078258,0.260260357098,0.303387181312,1.0,-0.00458,-0.00601942857143,0.23
0.464654148733,0.544607951741,-0.124046019082,-1.36053051125,0.0793114323054,1.89577391559,0.15859246631,-0.00268549896788,-0.0236989761863,-0.000952681281845,-0.0441514823074,-0.00547716816277,0.0152546257353,-0.00804998343277,0.57393310422,0.818887709339,0.00211146273438,0.0,0.818846007599,-0.573873204205,-0.0118957234075,0.0,-0.00852971403061,0.00855647703116,-0.999927012676,0.0,0.661154001884,0.260155842957,0.303368863679,1.0,-0.0049,-0.00644,0.246
0.464584649817,0.544162386531,-0.12404422901,-1.36127836678,0.0792753929947,1.8960389268,0.158521560749,-0.00463641370719,-0.0303275269356,0.000966062871524,-0.0438858327575,-0.000193061089554,0.0122166245506,-0.00221619108641,0.573967043214,0.818863984928,0.00208671844044,0.0,0.818821825503,-0.573907104325,-0.0119247887612,0.0,-0.00856736245502,0.00855325102553,-0.999926718414,0.0,0.661061383069,0.260031159855,0.303354588677,1.0,-0.00526,-0.00691314285714,0.264
0.464522858825,0.543717226476,-0.124044737617,-1.36199610953,0.0792367272355,1.89629526161,0.158405513541,-0.00428425510697,-0.0234712708395,0.000363446975039,-0.0468772911101,-0.000966426320295,0.0169805059655,-0.0112249413401,0.57395265132,0.81887410155,0.00207527216842,0.0,0.818831730263,-0.573892698738,-0.0119379541857,0.0,-0.00858486324803,0.00855128379536,-0.999926585139,0.0,0.660977406367,0.259921800512,0.303350166241,1.0,-0.00556,-0.00730742857143,0.279
0.464440001796,0.543181215306,-0.124050651031,-1.36283466338,0.079183999298,1.896584005,0.15830956637,-0.00576340350882,-0.0319153023182,-5.59147185418e-05,-0.0481503119911,-0.00404582688753,0.0257013016656,-0.0036455664846,0.573978584854,0.818855959356,0.00206127561912,0.0,0.818813418754,-0.573918699862,-0.0119439574127,0.0,-0.00859754161162,0.00854354039961,-0.9999265424,0.0,0.660881870265,0.25978216921,0.30335543289,1.0,-0.0059,-0.00775428571429,0.296
0.464376088974,0.542652204148,-0.124061530943,-1.36367224946,0.0791316212375,1.89688003229,0.158217441836,-0.00920066311193,-0.03801850944,-0.00216536660474,-0.0565481116669,-0.00237590630011,0.0149606054618,-0.0122170277346,0.573995671179,0.818844018826,0.00204675415629,0.0,0.818801333493,-0.5739358884,-0.0119465132044,0.0,-0.0086077909449,0.00853329618993,-0.999926541698,0.0,0.660783898333,0.259652759449,0.303356943248,1.0,-0.00622,-0.00817485714286,0.312
0.464301255076,0.542074925967,-0.124057149491,-1.36458434475,0.0790874666098,1.89721705534,0.158071948772,-0.00798104762307,-0.0374720705384,-0.000369331448493,-0.0538306670323,-0.00640355641204,0.0269992077889,-0.00917051471213,0.573973690958,0.81885940419,0.00205551914378,0.0,0.8188166991,-0.573913741611,-0.0119573143537,0.0,-0.00861183442915,0.00854644179929,-0.999926394611,0.0,0.660676952136,0.259520884563,0.303360134172,1.0,-0.00656,-0.00862171428571,0.329
0.464218420917,0.54143911633,-0.124056937882,-1.36554549293,0.0790279022078,1.89755823876,0.157954431501,-0.00341811454387,-0.0306409941335,0.000415333363432,-0.0585187573586,0.000114951832623,0.0240288912623,-0.00956314650892,0.573982489864,0.818853202791,0.00206893930016,0.0,0.818810659476,-0.573922470651,-0.0119519249726,0.0,-0.00859962685801,0.0085544299065,-0.999926431367,0.0,0.660564805297,0.259374054845,0.3033817506,1.0,-0.0069,-0.00906857142857,0.346
0.464134339062,0.540761140113,-0.124059893948,-1.36657215459,0.0789622437265,1.8979349242,0.157830091336,-0.00487209972948,-0.0339888279478,0.000514085221101,-0.0582655215489,-0.00805638433798,0.0177623271801,-0.0114394003085,0.573990958921,0.818847212139,0.00209025116876,0.0,0.818804983768,-0.573930887739,-0.0119365639098,0.0,-0.00857472746129,0.00856315270637,-0.999926570536,0.0,0.660446950213,0.259218773223,0.303405077019,1.0,-0.00724,-0.00951542857143,0.363
0.464029543017,0.539905051769,-0.124062749978,-1.36786758707,0.0788882147405,1.89840697514,0.157669245825,-0.00800129558026,-0.0437621714911,-0.000931410527605,-0.0652656852213,-0.00357861775032,0.0215351980303,-0.010129470065,0.573998963266,0.818841524217,0.00212020946601,0.0,0.818799643822,-0.573938725857,-0.0119259859079,0.0,-0.00854878674974,0.00858169552687,-0.999926633682,0.0,0.660296318648,0.259025429331,0.303434508795,1.0,-0.00764,-0.0100411428571,0.383
0.463927486018,0.539164112325,-0.124066325953,-1.36901453934,0.0788268231798,1.89883397021,0.157529376087,-0.00663801781383,-0.0429749806059,-0.00105151661278,-0.0667898018768,-0.00973106490837,0.0287065407532,-0.0149802738287,0.574017570556,0.818828426032,0.00214110174841,0.0,0.818786759197,-0.573957186676,-0.0119221528574,0.0,-0.00853346121884,0.00859679649569,-0.999926634874,0.0,0.660166473815,0.258848586734,0.303449234068,1.0,-0.00798,-0.010488,0.4
0.463840805629,0.538532096277,-0.124063915851,-1.36999268333,0.0787711550101,1.89921407804,0.157407224331,-0.00834053778619,-0.0474662212169,0.00112363597392,-0.0684464855343,-0.00108087312384,0.0234084164222,-0.00868253741896,0.574026114114,0.818822356704,0.0021714923895,0.0,0.818781060735,-0.573965580687,-0.0119093942115,0.0,-0.00850548010174,0.00861444597752,-0.999926721379,0.0,0.660057588708,0.258701731051,0.303462986589,1.0,-0.00826,-0.010856,0.414
0.463727001268,0.53775880948,-0.12407263952,-1.3712239706,0.0787017956304,1.89968519492,0.15726237161,-0.00447390010276,-0.043650920154,-0.0010219289036,-0.0759199798354,-0.00589019077859,0.0382140893646,-0.00592334520515,0.57405635663,0.818801127794,0.00218161340266,0.0,0.818759970877,-0.573995785934,-0.0119035591999,0.0,-0.00849457434482,0.00861969750711,-0.999926768829,0.0,0.659922089134,0.258506286347,0.303464181364,1.0,-0.0086,-0.0113028571429,0.431
0.463602864636,0.53682508663,-0.124074001851,-1.37266186442,0.078618306571,1.90021113389,0.15707688585,-0.0124112594745,-0.0518313228841,0.000273485066287,-0.0761508523686,-0.00198980457856,0.02896247873,-0.00530912216353,0.574063899377,0.81879578551,0.00220180922976,0.0,0.818754846487,-0.574003200729,-0.0118984792701,0.0,-0.00847874237712,0.00863339560396,-0.999926785024,0.0,0.659755339384,0.258287333192,0.30348465789,1.0,-0.00898,-0.0118022857143,0.45
0.463495938811,0.536037981187,-0.124079032229,-1.37390026048,0.078547216529,1.90068176329,0.156931974678,-0.0084238865449,-0.0469515340918,-0.000808800993485,-0.0724675432347,-0.00536849338637,0.0254323607331,-0.00899362004528,0.574085526929,0.818780578609,0.00221782909389,0.0,0.818739844518,-0.574024757728,-0.011890812245,0.0,-0.0084630402615,0.00864233465248,-0.999926840825,0.0,0.659615350624,0.258097627495,0.303491757581,1.0,-0.0093,-0.0122228571429,0.466
0.463388168437,0.535200877838,-0.124088495256,-1.37523574856,0.0784635760448,1.90115784719,0.156767612277,-0.00376568494507,-0.0536170902004,-0.000452439943953,-0.0875345619765,-0.00711260608069,0.0313356980156,-0.0101316718487,0.57409670031,0.818772806755,0.00219465564686,0.0,0.818731799904,-0.574036052025,-0.0118994832962,0.0,-0.00848332520462,0.00862845458817,-0.999926788803,0.0,0.659456860169,0.257892286567,0.303488385889,1.0,-0.00962,-0.0126434285714,0.482
0.463263143936,0.534296383106,-0.124094313159,-1.37668190646,0.0783878876267,1.90167803366,0.156600981457,-0.00352393788744,-0.0540478627088,-0.00117794436244,-0.0886257999525,-0.00200995426821,0.0285143922068,-0.0135791459384,0.574125713896,0.818752499699,0.00218077520457,0.0,0.818711196149,-0.574065000199,-0.0119205598865,0.0,-0.00850824529672,0.00862949117559,-0.999926568126,0.0,0.659286070705,0.257669719023,0.303483451534,1.0,-0.00996,-0.0130902857143,0.499
0.46313590681,0.533387078977,-0.124097147289,-1.37814983036,0.0783006095185,1.90221378036,0.156412984249,-0.00670309320397,-0.0543512302839,-0.00143393119283,-0.0866938014483,-0.00086991296008,0.0350659701692,-0.00427810611441,0.574134927814,0.818746092595,0.00216042233774,0.0,0.818704491136,-0.574074262496,-0.0119350003735,0.0,-0.00853165632154,0.00862121403365,-0.999926440049,0.0,0.659113608425,0.257444110934,0.30347260478,1.0,-0.0103,-0.0135371428571,0.516
0.463015551056,0.532504423121,-0.124098173371,-1.3795777552,0.0782287018119,1.90276040339,0.156234747269,-0.0070853667601,-0.0572421214734,-0.00135762664217,-0.0922224053113,-0.0046464999203,0.0302217545343,-0.0128832883375,0.574147233229,0.818737445687,0.00216714260685,0.0,0.818695811479,-0.574086417296,-0.0119457374863,0.0,-0.00853645981473,0.0086330089139,-0.999926297289,0.0,0.65894853237,0.257231713925,0.303462741031,1.0,-0.01062,-0.0139577142857,0.532
0.462848635438,0.531305296318,-0.12409573421,-1.38152245838,0.0781157507927,1.90347312427,0.155989919235,-0.0122498135838,-0.0581683083842,-0.00106953508572,-0.0962271185999,-0.00820653152619,0.0322838743092,-0.0150736995552,0.574157519183,0.818730301967,0.00214072616136,0.0,0.818688226567,-0.574096712823,-0.0119707521718,0.0,-0.0085719987256,0.00862585074865,-0.999926055034,0.0,0.658717449337,0.256938135551,0.303444029564,1.0,-0.01104,-0.0145097142857,0.553
0.462742853558,0.530511991988,-0.124092948277,-1.38278245534,0.0780281935736,1.90390353206,0.155827194523,-0.00876555762578,-0.0639698277176,0.00118270252044,-0.0951546135347,-0.00424594529402,0.033567317998,-0.0112749644801,0.57415255841,0.818733903102,0.00209343813623,0.0,0.818691273817,-0.574092012018,-0.0119877776737,0.0,-0.0086131397223,0.00859685827159,-0.999925951184,0.0,0.658551296474,0.256728551358,0.303434412808,1.0,-0.01132,-0.0148777142857,0.567
0.462598410458,0.52942434611,-0.124098614776,-1.38451471359,0.0779205630538,1.90454767128,0.155599356506,-0.0111210453568,-0.0694160022369,0.000105445172932,-0.0972709052794,-0.000688104607886,0.0358151636575,-0.0122434907339,0.574154691179,0.81873238905,0.00210062339934,0.0,0.818689836625,-0.574094097702,-0.0119860456879,0.0,-0.00860757404871,0.00860176899871,-0.999925956878,0.0,0.658358128019,0.256482534223,0.303438128483,1.0,-0.01166,-0.0153245714286,0.584
0.462488925358,0.528519155541,-0.124099196326,-1.38591035179,0.0778343548479,1.90506839833,0.155396834237,-0.00799522843841,-0.0627177898464,0.000695290944146,-0.0976718733287,-0.00824663976025,0.0383260851148,-0.0160139500864,0.574131428223,0.818748638401,0.00212535774843,0.0,0.818706413874,-0.574070740238,-0.0119724678181,0.0,-0.00858250126819,0.00861397991397,-0.999926067278,0.0,0.658192351709,0.256277726483,0.303456400995,1.0,-0.01194,-0.0156925714286,0.598
0.462349517079,0.527403807066,-0.124102521412,-1.38763675082,0.0777248211775,1.90573240207,0.155154009392,-0.0095665035125,-0.0676947497859,9.74308729478e-05,-0.101707452155,-0.00684909510417,0.0429213112848,-0.0109138179149,0.574113204182,0.818761311182,0.00216587097878,0.0,0.818719688808,-0.574052426455,-0.0119427693911,0.0,-0.00853511836253,0.00862990896817,-0.9999263355,0.0,0.657992447115,0.256021086468,0.303477481566,1.0,-0.01228,-0.0161394285714,0.615
0.462197229488,0.526264692494,-0.124104770498,-1.3894300962,0.0776108701867,1.90641113116,0.154916606968,-0.0107242776063,-0.0659334703249,0.000362512372722,-0.10478570656,-0.00261825576878,0.0399974091065,-0.00304879166785,0.574111372015,0.818762553145,0.0021819699678,0.0,0.81872119361,-0.574050582711,-0.0119282238854,0.0,-0.008513985832,0.00863472028211,-0.999926474122,0.0,0.657783171752,0.255749285477,0.303484391356,1.0,-0.01262,-0.0165862857143,0.632
0.462049679654,0.525082004184,-0.124114058183,-1.39125834037,0.0774976143848,1.90706505263,0.154668931456,-0.0079787560344,-0.0660598581143,-0.000825486602461,-0.110404851854,-0.00582983246877,0.0373197780534,-0.0196299575392,0.574103776593,0.818767866774,0.00218653624542,0.0,0.81872657505,-0.574042978171,-0.0119248237211,0.0,-0.00850866051963,0.0086364279429,-0.999926504703,0.0,0.657561678419,0.255471420478,0.303503102003,1.0,-0.01296,-0.0170331428571,0.649
0.461896822569,0.523977253037,-0.12411417366,-1.39303442637,0.0773826082618,1.90769321056,0.154429282445,-0.0124915635675,-0.0646948886699,-0.000415490521364,-0.115979046418,-0.00780675062765,0.0346710153837,-0.0156490003636,0.574097105291,0.81877265229,0.00214580053779,0.0,0.818730819278,-0.574036463122,-0.0119470277488,0.0,-0.00855029646526,0.00861575295964,-0.999926327902,0.0,0.657344034012,0.255198590754,0.303489027085,1.0,-0.01328,-0.0174537142857,0.665
0.461736975486,0.52276227164,-0.124115306595,-1.39496394961,0.0772670851828,1.90842911351,0.154169629803,-0.012434699344,-0.072701531317,0.000638546792231,-0.118206302953,-0.00414302358434,0.0478448988937,-0.0119022432702,0.574091072466,0.818776809522,0.00217338553719,0.0,0.818735363962,-0.574030346742,-0.011929447541,0.0,-0.00852012978237,0.00862818305083,-0.99992647822,0.0,0.657105769074,0.254894083677,0.303494369097,1.0,-0.01364,-0.0179268571429,0.683
0.461573322652,0.521548457844,-0.124120576642,-1.39691941719,0.0771472447285,1.90919583379,0.153897644654,-0.00912966839533,-0.0693623334036,-0.000719483865932,-0.117778974677,-0.0055005052684,0.0432153318937,-0.0233588435039,0.574076419486,0.818787068404,0.0021790147967,0.0,0.818745718065,-0.574015694925,-0.0119238429532,0.0,-0.00851246361425,0.00862942224658,-0.999926532819,0.0,0.656889824209,0.254616874874,0.303477302843,1.0,-0.01396,-0.0183474285714,0.699
0.461402862812,0.520261619134,-0.124118483106,-1.39895826063,0.0770247883011,1.90994774837,0.153630547664,-0.0107922333648,-0.0808542693619,0.00144757990951,-0.120214894559,-0.0030327822684,0.0393038819523,-0.0201814357459,0.574071588374,0.818790454625,0.00217938912782,0.0,0.818749047264,-0.574010800157,-0.0119308762722,0.0,-0.00851805870892,0.0086337160901,-0.999926448106,0.0,0.65664227844,0.254312259055,0.303475822638,1.0,-0.0143,-0.0187942857143,0.716
0.461222480852,0.518870759319,-0.124128309074,-1.40114559497,0.076872568947,1.91073475827,0.153323425401,-0.0105557413368,-0.0758522839406,0.000583747621424,-0.123203853112,-0.00694442466494,0.046809990623,-0.0147323346158,0.574049817472,0.818805772563,0.00215888406099,0.0,0.818764244738,-0.573989263755,-0.0119240737077,0.0,-0.00852448823445,0.0086127952361,-0.999926573734,0.0,0.656375483306,0.253975595751,0.303479679312,1.0,-0.01466,-0.0192674285714,0.734
0.461048103747,0.51750961866,-0.124140578442,-1.40326529618,0.0767398379585,1.91149234425,0.153047747569,-0.00658553459858,-0.0770744938459,-0.00171494196696,-0.12566974436,-0.014896702743,0.0441303868995,-0.0164807805403,0.57405200372,0.818804252921,0.00215390900549,0.0,0.818762679543,-0.573991489407,-0.0119244109299,0.0,-0.00852759712758,0.00860893804508,-0.999926580441,0.0,0.656115188928,0.253650276205,0.303491979434,1.0,-0.015,-0.0197142857143,0.751
0.460858211297,0.516155228635,-0.124139747006,-1.40540849224,0.0765948710287,1.91229066995,0.152744535239,-0.0118904760276,-0.0818741887011,-0.000451498947633,-0.130538366896,-0.00414323648383,0.0505921139767,-0.0165761794582,0.574032811856,0.8188177093,0.00215331161963,0.0,0.818776220405,-0.573972395525,-0.0119137305273,0.0,-0.0085193961357,0.00860211820097,-0.99992670904,0.0,0.65585812959,0.253320372789,0.303491066548,1.0,-0.01534,-0.0201611428571,0.768
0.460692791728,0.514961730947,-0.124145485836,-1.40734096375,0.0764814029908,1.91302295119,0.152487533733,-0.0075611732945,-0.0754521486472,0.00102767504522,-0.133483924511,-0.00833434976638,0.0475317563409,-0.0130513513267,0.574033460085,0.818817273215,0.00214631979881,0.0,0.818775666928,-0.573973045503,-0.0119204523356,0.0,-0.00852890677329,0.00860025850634,-0.999926643961,0.0,0.65562648342,0.253026202381,0.30347180844,1.0,-0.01564,-0.0205554285714,0.783
0.460500955098,0.51353950783,-0.124149708697,-1.40959890918,0.0763504144356,1.91380840853,0.152170448958,-0.0147311653503,-0.0830684461293,-0.000268684704811,-0.132984010978,-0.00586345071258,0.0484703308121,-0.0187744469269,0.57401708975,0.818828849851,0.00210765917672,0.0,0.818786580669,-0.573956675881,-0.0119589476248,0.0,-0.0085827915194,0.00859052875686,-0.999926266534,0.0,0.655340686326,0.252680880553,0.303462113702,1.0,-0.01598,-0.0210022857143,0.8
0.460284734805,0.512042700693,-0.124155037871,-1.41201918804,0.0762018688238,1.91466709839,0.15183657241,-0.0155182608754,-0.0834637537531,-0.000866292342349,-0.136558094749,-0.00711177081229,0.0463748564514,-0.0193343466821,0.574011186483,0.818833132601,0.00205076785396,0.0,0.818790045323,-0.573950934806,-0.0119972087401,0.0,-0.0086468383667,0.00856584524654,-0.999925926497,0.0,0.655039273696,0.25230285918,0.303433345716,1.0,-0.01634,-0.0214754285714,0.818
0.460091162024,0.510600268828,-0.124157859384,-1.41433014301,0.0760569572169,1.91555229094,0.15149473355,-0.0102625350764,-0.0914657326784,-0.000506670671319,-0.136696642028,-0.00658132735288,0.0529625434191,-0.0206007283726,0.573973685428,0.818859397151,0.00205986277561,0.0,0.818816468703,-0.573913440096,-0.0119875251748,0.0,-0.00863408093909,0.00856733851548,-0.999926023942,0.0,0.654760341706,0.251955782153,0.303420247325,1.0,-0.01668,-0.0219222857143,0.835
0.459901629215,0.509194408584,-0.124156113133,-1.41654618174,0.0759137821073,1.91638243073,0.151194337068,-0.013198930719,-0.0894294160625,0.000632038993348,-0.140856034956,-0.0070762231931,0.0568805169644,-0.0204721836678,0.573958453631,0.818870043293,0.00207185984809,0.0,0.818827304218,-0.573898192706,-0.011977361012,0.0,-0.00861903145116,0.00857116804072,-0.999926120959,0.0,0.654489063789,0.251621450238,0.30342130379,1.0,-0.017,-0.0223428571429,0.851
0.45967757216,0.507593789447,-0.124164246891,-1.41905495551,0.0757567892403,1.91727474532,0.150840884437,-0.0146500839043,-0.0930139871102,1.20003603033e-05,-0.138828088317,-0.0087561540224,0.0515128093887,-0.0221637068057,0.573945906303,0.818878878161,0.00205583089974,0.0,0.818835897384,-0.573885681628,-0.011989348598,0.0,-0.00863817872435,0.0085647905855,-0.999926010378,0.0,0.654176055935,0.251228698228,0.303424477122,1.0,-0.01736,-0.022816,0.869
0.459485171133,0.506220256149,-0.124168263203,-1.42120979217,0.0756178642526,1.9180748388,0.15055046176,-0.009176775957,-0.0911477353631,0.00039397394821,-0.143676924615,-0.00852116096672,0.053711311959,-0.013683408819,0.573942462474,0.818881265294,0.00206640288955,0.0,0.818838467087,-0.573882238304,-0.0119786592865,0.0,-0.00862339378459,0.00856727632909,-0.999926116699,0.0,0.653912570841,0.250894769554,0.303428673378,1.0,-0.01766,-0.0232102857143,0.884
0.459266084385,0.50459235976,-0.124176346153,-1.42367970219,0.0754616043173,1.9190323304,0.150209965775,-0.0113268205428,-0.104287390573,-0.000988586761556,-0.142961937178,-0.00496758387404,0.0601016385997,-0.0262081125609,0.573934193348,0.818886821998,0.00215901934474,0.0,0.818845341173,-0.573873699281,-0.0119176932952,0.0,-0.00852040161402,0.00860804035136,-0.999926649509,0.0,0.653619335358,0.250514867263,0.303473886797,1.0,-0.018,-0.0236571428571,0.901
0.459027866996,0.502923628312,-0.124174907129,-1.42616331059,0.0753044642255,1.91996657383,0.149858678281,-0.0145857063711,-0.102587549142,-0.000264545751255,-0.143449388274,-0.0127558213443,0.0574467441005,-0.0279434140757,0.573925681784,0.818892516538,0.00225943527526,0.0,0.818852371661,-0.573864816485,-0.0118622395253,0.0,-0.0084174508291,0.00865835454099,-0.999927087051,0.0,0.653320850788,0.250125359885,0.303538107896,1.0,-0.01834,-0.024104,0.918
0.458814751957,0.501315662544,-0.124178102467,-1.42854556601,0.0751455508251,1.92082959857,0.149538190919,-0.0165509212896,-0.10461098605,0.000238933982707,-0.157108353702,-0.0131081727871,0.0516350039645,-0.0266734662312,0.573918671843,0.818897232228,0.00232981989448,0.0,0.818858074676,-0.573857607742,-0.0118172109812,0.0,-0.00834025706982,0.00869007717526,-0.999927458704,0.0,0.65302471848,0.249755818884,0.303601460307,1.0,-0.01866,-0.0245245714286,0.934
0.458559927825,0.499526837095,-0.124183052353,-1.4312821394,0.0749679270029,1.92180106717,0.149130699721,-0.0112567048359,-0.0951103865025,-0.00104378299829,-0.153689106905,-0.017436077241,0.0606894359058,-0.0238682525229,0.57388839093,0.818918405974,0.00234648977419,0.0,0.818879462944,-0.573827264346,-0.0118085885477,0.0,-0.00832395096416,0.0086984716394,-0.999927521589,0.0,0.652680317421,0.249322854146,0.303631259225,1.0,-0.01902,-0.0249977142857,0.952
0.458293606538,0.49775048743,-0.124175730529,-1.43407686694,0.0747996751988,1.92284177495,0.148728588279,-0.0172883435498,-0.0968716071974,0.00099137168731,-0.152946192479,-0.010800222606,0.0606592914849,-0.0255041016415,0.573868673298,0.818932160529,0.00236836626955,0.0,0.818893390292,-0.573807348672,-0.0118105396946,0.0,-0.00831320487426,0.00871730606456,-0.999927446968,0.0,0.652333678068,0.248888746945,0.30362969372,1.0,-0.01938,-0.0254708571429,0.97
0.458058538579,0.496281174265,-0.124181265523,-1.43644487223,0.0746531731964,1.92368005808,0.148377075554,-0.0159955485743,-0.10021452433,-0.000876631632953,-0.16011311385,-0.00601903045001,0.0581998152079,-0.0207850439838,0.573854915754,0.818941979133,0.00230594430722,0.0,0.818902271846,-0.573793703747,-0.0118575548372,0.0,-0.00838767459012,0.00869302653179,-0.999927036441,0.0,0.652012520248,0.248479832088,0.303593084582,1.0,-0.0197,-0.0258914285714,0.986
0.457771992824,0.494523132502,-0.124178507388,-1.43935191724,0.0744739794594,1.92467313535,0.14797006867,-0.0167412304689,-0.0982649189815,0.000389075228564,-0.158429193792,-0.0118330881547,0.0591390598622,-0.0220357596196,0.573854740679,0.818942434231,0.00218470077809,0.0,0.81890096871,-0.573793829047,-0.0119411931667,0.0,-0.00852574612177,0.00864173027165,-0.999926313361,0.0,0.651654588176,0.248036022234,0.303526598249,1.0,-0.020876,-0.0274370285714,1.003
0.457464983443,0.492335151299,-0.12424564186,-1.44270724424,0.0742773788247,1.92590374731,0.147498869329,-0.0159489128261,-0.135974894765,-0.00204920917416,-0.211423334788,-0.009825409717,0.0795793712883,-0.0243788336804,0.573884136152,0.818921712473,0.002230249754,0.0,0.818880979817,-0.573823178814,-0.0119015650857,0.0,-0.00846684407066,0.00865659516812,-0.999926685268,0.0,0.651244790296,0.247479483692,0.30356129603,1.0,-0.02894,-0.0380354285714,1.021
0.45711783142,0.489885983751,-0.124280205824,-1.44664805576,0.0740625546927,1.92738049615,0.146905321186,-0.0286869914103,-0.162039537117,-0.000959694573135,-0.262815915907,-0.016065159076,0.0949187958701,-0.0355042578214,0.573847058754,0.818947714073,0.00222298780374,0.0,0.818906714395,-0.573785959164,-0.0119253127899,0.0,-0.00849085193491,0.00866389211447,-0.999926418496,0.0,0.65074998362,0.246863802334,0.303518443251,1.0,-0.036108,-0.0474562285714,1.037
0.456685977995,0.487014591099,-0.124300024224,-1.45120679316,0.0738034184449,1.92906145947,0.146246420059,-0.028887078062,-0.207916479288,0.000524298640542,-0.318749652165,-0.0176620523781,0.121206140455,-0.0410405902853,0.573832438404,0.818957953721,0.00222476358643,0.0,0.818916744061,-0.573771095654,-0.0119516939782,0.0,-0.00851159367788,0.00868033297438,-0.999926099566,0.0,0.650173273467,0.246141068683,0.303490579829,1.0,-0.042828,-0.0562882285714,1.052
0.456124771496,0.483381553821,-0.124388853727,-1.45685782645,0.0734567725872,1.93115298307,0.145372420184,-0.040496986212,-0.239012862305,-0.00562780220545,-0.368934574869,-0.0245455086546,0.130600548689,-0.0548266997917,0.573819911202,0.818966632604,0.00226077243064,0.0,0.818926159698,-0.573758698813,-0.0119015713159,0.0,-0.00845001462412,0.00868093141506,-0.999926616649,0.0,0.649429831469,0.245124237895,0.30350218039,1.0,-0.050444,-0.0662978285714,1.069
0.455367166798,0.478591235395,-0.124497836677,-1.46437377552,0.0730100383829,1.93378065216,0.144245168238,-0.0447142576482,-0.280044050933,-0.00544832214655,-0.444887187641,-0.026198776783,0.158731389372,-0.0691616561071,0.573841063455,0.818952058174,0.00216960954128,0.0,0.818910194626,-0.573780011725,-0.0119723925256,0.0,-0.00856010172055,0.0086471323148,-0.999925973141,0.0,0.648453003355,0.243840504339,0.303473419209,1.0,-0.058508,-0.0768962285714,1.087
0.454481136987,0.473082935691,-0.12459493202,-1.47288628569,0.0724930019757,1.9368657019,0.143018336109,-0.0515655685873,-0.318591266009,-0.00347751234051,-0.494560024388,-0.0283294919833,0.169893620384,-0.0711643216176,0.573910675207,0.818903083907,0.00224119439141,0.0,0.818862230963,-0.573849401671,-0.0119271876528,0.0,-0.00848126598136,0.00868053688576,-0.999926355492,0.0,0.647435739338,0.242472693428,0.303511857168,1.0,-0.066124,-0.0869058285714,1.104
0.453587089461,0.467571114401,-0.124641234925,-1.48119557081,0.0719964948089,1.93996104757,0.141699900929,-0.0583246958861,-0.352018170625,-0.00186793103079,-0.534300417903,-0.0358812180605,0.205508153391,-0.0875150187039,0.573859300239,0.818938329494,0.00250258179448,0.0,0.818900761058,-0.573796892367,-0.0118074870424,0.0,-0.00823378858338,0.00882537230358,-0.999927156112,0.0,0.646386647003,0.241086912928,0.303633211219,1.0,-0.073292,-0.0963266285714,1.12
0.452427564462,0.46081187748,-0.124687687924,-1.49164997348,0.071314908217,1.94363833738,0.140074612616,-0.0735440288385,-0.386196973161,-0.00216289694704,-0.607004528666,-0.0380108050149,0.203854486969,-0.0902612740907,0.573816631982,0.818968306972,0.00247627473836,0.0,0.818930255385,-0.573754178344,-0.0118375060471,0.0,-0.00827392860706,0.00882062397924,-0.999926866675,0.0,0.645009732043,0.239305347239,0.303636160594,1.0,-0.081356,-0.106925028571,1.138
0.451203897659,0.453798991333,-0.124775904835,-1.5025435107,0.0705950079932,1.94732595038,0.138411749106,-0.0767656139881,-0.426875590401,-0.00793637114343,-0.647764916817,-0.0385680557778,0.234532507825,-0.108589632627,0.573826773186,0.818961728968,0.00229516070235,0.0,0.818921128768,-0.57376482962,-0.0119520730808,0.0,-0.00847157104966,0.00873814335824,-0.999925935925,0.0,0.643537421098,0.237407778112,0.303595750281,1.0,-0.088972,-0.116934628571,1.155
0.44996111052,0.446522162035,-0.124867997799,-1.513246852,0.0698577415668,1.95138844881,0.13672894564,-0.078434232448,-0.45550370613,-0.000576305860947,-0.68628368899,-0.0391083351606,0.252675542252,-0.105728371202,0.573818137155,0.818966244335,0.00278980541671,0.0,0.818932966202,-0.573755334479,-0.0115913729106,0.0,-0.00789242935301,0.00893617568474,-0.999928924636,0.0,0.642180884076,0.235545959724,0.303846001307,1.0,-0.09614,-0.126355428571,1.171
0.448307809576,0.437473704271,-0.124904945846,-1.52721764974,0.068925029124,1.95615086252,0.134513699514,-0.0910020487731,-0.482788006477,-0.00520529796643,-0.744900339823,-0.0516103249127,0.252774686349,-0.116904872625,0.57374927434,0.819014956572,0.00264915197697,0.0,0.818979350882,-0.57368640582,-0.011725080219,0.0,-0.00808338922054,0.0088970283291,-0.999927748243,0.0,0.64024670174,0.233115108861,0.303799046597,1.0,-0.104652,-0.137542628571,1.19
0.446884962022,0.429732140025,-0.124941898362,-1.53876029497,0.0681494161473,1.96029662968,0.132612604073,-0.103666133476,-0.516824012595,0.000267223182963,-0.776476513579,-0.0552584540748,0.274861057055,-0.122540688018,0.573673612488,0.819066992756,0.0029316572117,0.0,0.819035099613,-0.573609841184,-0.0115759492184,0.0,-0.00780000066121,0.00904212085137,-0.999928697478,0.0,0.638686736566,0.231087687707,0.303943653575,1.0,-0.111372,-0.146374628571,1.205
0.445324625913,0.421684671992,-0.124994440933,-1.55107277641,0.0672636681622,1.96450881752,0.130567332773,-0.107062615045,-0.547706511568,-0.00583133619229,-0.825640611191,-0.0612275056922,0.285926874575,-0.137470252727,0.573592764756,0.819123900393,0.00285007479406,0.0,0.819091040948,-0.573529377656,-0.0116045898053,0.0,-0.0078711467848,0.00899095258381,-0.999928601361,0.0,0.636964077896,0.22887089604,0.30392212727,1.0,-0.118092,-0.155206628571,1.22
0.443288555431,0.411424195547,-0.125125920104,-1.56647448217,0.0661614233639,1.96990840784,0.128035187526,-0.114328622501,-0.579345932246,-0.0075326194192,-0.873953110934,-0.0626854186559,0.306799283534,-0.156386338925,0.573616930939,0.819106391061,0.00301389500996,0.0,0.819076177874,-0.573553627164,-0.011454191744,0.0,-0.00765371860487,0.00903910195055,-0.999929855154,0.0,0.634834995872,0.226025612019,0.304016293418,1.0,-0.126156,-0.165805028571,1.238
0.441144225576,0.401351409176,-0.125205270486,-1.58194575809,0.0651403014466,1.9750115929,0.12545612816,-0.132880202282,-0.608152916677,-0.0101996569187,-0.915515082187,-0.0599719279019,0.30697605464,-0.155887848137,0.573662067146,0.819075591267,0.00278485344861,0.0,0.819041355601,-0.573598292875,-0.0117048335242,0.0,-0.00798991008605,0.00899570233396,-0.999927616718,0.0,0.632589162584,0.223136879092,0.303899485288,1.0,-0.133772,-0.175814628571,1.255
0.438823486396,0.390649374437,-0.125342970315,-1.59782337415,0.0639619827195,1.98055491966,0.12273353642,-0.138555939956,-0.61985953265,-0.00256246260187,-0.941946295701,-0.0690395141182,0.325647524792,-0.16362050698,0.573726358337,0.819029687288,0.00303051008114,0.0,0.818999368452,-0.57366261046,-0.0114887221222,0.0,-0.00767126185846,0.00907354324147,-0.999929408786,0.0,0.630354739595,0.220078640726,0.304023950999,1.0,-0.141388,-0.185824228571,1.272
0.436636661513,0.380843240213,-0.125455536349,-1.61253621789,0.0628329887809,1.98538543865,0.120097319645,-0.150188749149,-0.673026217882,-0.00624199065804,-0.979205622726,-0.0793435024564,0.334431694308,-0.180123422577,0.573679854783,0.819062702828,0.00290859990539,0.0,0.819031050313,-0.573616781723,-0.0115183874846,0.0,-0.00776600938807,0.00899027358559,-0.999929429549,0.0,0.628184511238,0.2172170033,0.304013415015,1.0,-0.148108,-0.194656228571,1.287
0.43414015257,0.369999125404,-0.125559938021,-1.62873258381,0.0616598870611,1.99078637279,0.117234155744,-0.156319855555,-0.691341310207,-0.0047469223368,-1.02150054521,-0.0816205005421,0.338410624361,-0.171859250783,0.573722589724,0.819032691671,0.00293034393122,0.0,0.819001058307,-0.573659137443,-0.011541551947,0.0,-0.00777203942103,0.00902177755049,-0.999929098953,0.0,0.62577948508,0.21405256387,0.304013302771,1.0,-0.155276,-0.204077028571,1.303
0.431080149092,0.357317049418,-0.125737709681,-1.64745609857,0.0601693213182,1.99700497858,0.11383835069,-0.177606711912,-0.703287049631,-0.00787772213368,-1.05672066451,-0.0826530056812,0.336808239554,-0.204979692284,0.573815566961,0.818967359373,0.00298434174958,0.0,0.818937242391,-0.573752891464,-0.0114087449977,0.0,-0.00763126198205,0.00899067718034,-0.999930463365,0.0,0.622991838322,0.210251653454,0.304070726596,1.0,-0.16334,-0.214675428571,1.321
0.427581332489,0.343371769265,-0.12589487083,-1.66791116581,0.0586752955213,2.00363996966,0.109975638498,-0.187902349625,-0.75237055936,-0.00927265438621,-1.07780142037,-0.0816883228912,0.360500769805,-0.202940050721,0.573904051708,0.818904963267,0.00308989818116,0.0,0.818875577491,-0.573840295967,-0.0114389778367,0.0,-0.00759447385556,0.00909529299794,-0.999929797342,0.0,0.619860494359,0.2060622329,0.304130860645,1.0,-0.171852,-0.225862628571,1.34
0.424701729711,0.332118400069,-0.125977198938,-1.68463411511,0.0573568344167,2.00894387696,0.10679958589,-0.191036919684,-0.768580372842,-0.00494088128578,-1.13423949682,-0.0908015472503,0.350568867879,-0.212482896832,0.573882568049,0.818920657063,0.00291589193448,0.0,0.818888683072,-0.573818964102,-0.0115701372273,0.0,-0.00780198050355,0.00902786478529,-0.999928810845,0.0,0.617212805803,0.202651303219,0.304035933911,1.0,-0.178572,-0.234694628571,1.355
0.421027873368,0.318015467831,-0.126034546872,-1.7050429481,0.0556285752632,2.01546970589,0.102793542196,-0.214195811419,-0.781412566628,-0.00127713231638,-1.15085579724,-0.0940789785949,0.360926818775,-0.215198757127,0.573772459621,0.818997459412,0.00301213505629,0.0,0.818967273979,-0.573709200955,-0.0114500564504,0.0,-0.00764962482566,0.00903674107351,-0.999929907819,0.0,0.613959925191,0.198433818349,0.304116420708,1.0,-0.186636,-0.245293028571,1.373
0.417552042773,0.305098622116,-0.126104877806,-1.72362265435,0.0541092321655,2.02132539312,0.0989654665982,-0.227754965417,-0.838981620141,0.00035792205516,-1.16003813202,-0.0997772134848,0.361261907415,-0.236768874722,0.573632976365,0.819094690367,0.0031374416007,0.0,0.819066019619,-0.57356923549,-0.011398881762,0.0,-0.0075373686648,0.00910872164718,-0.999930107189,0.0,0.610942428496,0.194535753147,0.304187319185,1.0,-0.193804,-0.254713828571,1.389
0.413796025131,0.291878824546,-0.126238339668,-1.74270580755,0.0525403119848,2.02706397423,0.0950774054402,-0.238849104837,-0.888887458856,-0.0077111375111,-1.17788799462,-0.0884109718916,0.372562618723,-0.241449692541,0.573690790585,0.819054689434,0.00300656213588,0.0,0.819023778394,-0.573626789693,-0.0115370478467,0.0,-0.00772497728483,0.00908131882424,-0.999928924661,0.0,0.607765556667,0.190395816462,0.304161906407,1.0,-0.200972,-0.264134628571,1.405
0.409333880603,0.276665842221,-0.126393141299,-1.76458663898,0.0507068921151,2.03364818259,0.0904096939739,-0.253967064098,-0.836153182061,-0.00792595024806,-1.22165386446,-0.105083592534,0.350686466176,-0.259275727856,0.573663426355,0.819074232961,0.00290190675607,0.0,0.819041431834,-0.573599152384,-0.0116572820619,0.0,-0.0078837998953,0.00906431275028,-0.999927839363,0.0,0.604070323257,0.185590569919,0.304110795645,1.0,-0.209036,-0.274733028571,1.423
