position_joint1,position_joint2,position_joint3,position_joint4,position_joint5,position_joint6,position_joint7,velocity_joint1,velocity_joint2,velocity_joint3,velocity_joint4,velocity_joint5,velocity_joint6,velocity_joint7,ee_T_00,ee_T_10,ee_T_20,ee_T_30,ee_T_01,ee_T_11,ee_T_21,ee_T_31,ee_T_02,ee_T_12,ee_T_22,ee_T_32,ee_T_03,ee_T_13,ee_T_23,ee_T_33,v_x,v_y,time
0.46508295321,0.547896657111,-0.12397327231,-1.35585365707,0.0794659093957,1.89409314601,0.159168468366,-0.000328745305409,0.00148987672938,0.00156169657018,0.00199229901114,-0.000248891026932,0.000163426449876,0.00109824696435,0.573787337965,0.818990587115,0.00180441416249,0.0,0.818945740192,-0.573729571385,-0.0119582791853,0.0,-0.00875864095775,0.00833938703131,-0.999926867742,0.0,0.661663776468,0.260895400583,0.303121538213,1.0,0.0,0.0,0.0
0.465082926963,0.547891734093,-0.123975775043,-1.35585391326,0.0794652718952,1.89409221301,0.159164652511,-0.000480014513264,-0.00067477822122,0.000295360312068,-0.00288645191904,-0.000231116113648,-0.000177631187236,-0.00163047515841,0.573785813529,0.818991649755,0.00180685539069,0.0,0.818946851892,-0.573728053092,-0.0119549894282,0.0,-0.00875456144156,0.00833948242972,-0.999926902672,0.0,0.661664280417,0.260893803425,0.303124904427,1.0,-0.00014,-0.000184,0.008
0.465082952402,0.54788974599,-0.123976494101,-1.3558651497,0.0794635016715,1.89409161883,0.159168350379,-0.000162238656265,-0.0016072729395,0.000385244009315,-0.00290161276271,0.000121351575177,-0.000379857271804,0.000578242141155,0.573789458522,0.818989116264,0.00179767394419,0.0,0.818944206576,-0.573731744482,-0.0119590463811,0.0,-0.00876311493615,0.00833432987105,-0.999926870707,0.0,0.661661894402,0.260891766774,0.303120934254,1.0,-0.00052,-0.000683428571429,0.027
0.465076549388,0.547871261558,-0.123975638041,-1.3558784689,0.0794613545879,1.8940944577,0.159164947261,-0.00274358350524,-0.000385355724196,8.41995541798e-05,-0.00144442406734,-0.000146467257867,4.83291146181e-05,6.15039506118e-05,0.573791463786,0.818987696688,0.00180434486195,0.0,0.818942879463,-0.573733726138,-0.0119548555466,0.0,-0.00875583468441,0.00833740996119,-0.999926908806,0.0,0.661661492575,0.260886534348,0.30312790396,1.0,-0.00084,-0.001104,0.043
0.465081364416,0.547799554687,-0.123976465361,-1.35593987183,0.0794625526834,1.89410750338,0.159157210045,-0.000555157174361,-0.00902353958649,-6.65310543049e-05,-0.00854517506299,9.14983252492e-05,0.000786831787768,-0.00228409243288,0.573785398708,0.818991893403,0.00182802378822,0.0,0.818947330451,-0.573727508759,-0.0119483279891,0.0,-0.00873696444242,0.00835299216144,-0.999926943819,0.0,0.661650786578,0.260883981264,0.303150640109,1.0,-0.00114,-0.00149828571429,0.058
0.465077968377,0.547658812296,-0.123974094774,-1.35612940812,0.0794625521236,1.89414288512,0.159160413136,-0.000312079469498,-0.0142990754519,-0.000700727033865,-0.00721728403807,-0.000131291838769,0.00280447747334,-0.00191223256351,0.573799486842,0.818982029674,0.00182506777359,0.0,0.818937264273,-0.573741451176,-0.0119687630688,0.0,-0.00875525340364,0.00836244711967,-0.999926704822,0.0,0.661618449277,0.26086485694,0.303163127971,1.0,-0.0015,-0.00197142857143,0.076
0.465060626568,0.547513619408,-0.123978971341,-1.35633345234,0.0794580190832,1.89419940297,0.159152964366,-0.00230968396077,-0.0126381679352,-0.000770961358991,-0.0130690038007,-0.000148801597453,0.00508014505948,-0.00164204084932,0.573821065964,0.818966905966,0.00182704394898,0.0,0.818922094749,-0.573762950793,-0.0119760565716,0.0,-0.00875987252344,0.00836848132508,-0.999926613884,0.0,0.661592669704,0.260831350906,0.303173925973,1.0,-0.00182,-0.002392,0.092
0.465039932368,0.547335121516,-0.123978675474,-1.35654145549,0.0794539230442,1.89433587396,0.159150702382,-0.00344676403829,-0.0112668580416,-0.000278184560754,-0.0158836806117,-1.06068760485e-05,0.00725050855332,0.00122632478193,0.573846861225,0.818948615811,0.00192130795551,0.0,0.818905036873,-0.573788346621,-0.0119256348666,0.0,-0.00866422486471,0.00841701895217,-0.999927039838,0.0,0.66158247987,0.260804111829,0.303213196859,1.0,-0.00216,-0.00283885714286,0.109
0.465012757709,0.547131654509,-0.123971175986,-1.35678456391,0.0794557248405,1.89445780417,0.159130009918,-0.00204657267709,-0.0122388888219,0.00114173036174,-0.0148519864055,0.000414284553398,0.00571815573114,-0.00128668106306,0.573861158601,0.818938403707,0.0020021199627,0.0,0.818895733826,-0.573802166657,-0.0118994773905,0.0,-0.00859628375171,0.00846833841988,-0.999927192925,0.0,0.661561689322,0.260772877793,0.303251948635,1.0,-0.0025,-0.00328571428571,0.126
0.46497606231,0.546913274423,-0.123976239045,-1.35712298149,0.0794471218741,1.89459135289,0.159117614209,-0.00216989842088,-0.0122546548363,0.00301710959014,-0.0269815161365,0.000291488438334,0.00677308891358,0.00164966474659,0.573901313759,0.818910224869,0.00201806116105,0.0,0.818867693252,-0.573842183027,-0.0118994465337,0.0,-0.00858669513507,0.00848179638734,-0.999927161246,0.0,0.661527671531,0.260716044997,0.303257297217,1.0,-0.00284,-0.00373257142857,0.143
0.464935969025,0.546646635428,-0.123976169821,-1.35751029382,0.0794344522293,1.89473324565,0.159050224094,5.32535978982e-05,-0.015407425409,0.00036323532998,-0.023946869608,4.20678084118e-05,0.00305385197091,-0.000394701912539,0.573897182412,0.818913059152,0.00204266260256,0.0,0.818870745903,-0.573837850492,-0.0118983086624,0.0,-0.00857168825987,0.00850124614113,-0.999927124832,0.0,0.661485287417,0.260654675472,0.303274086056,1.0,-0.00318,-0.00417942857143,0.16
0.464890468407,0.546360210826,-0.12397403993,-1.35796420612,0.0794180437371,1.89490455047,0.158937650798,-0.00377500311864,-0.015962188041,0.000224007625767,-0.0251085630568,-0.0045109914441,0.0139895649582,-0.00256189494126,0.573861836923,0.818937803258,0.00205266140331,0.0,0.818895505892,-0.573802355002,-0.0119060793543,0.0,-0.00857268157531,0.00851352367884,-0.999927011859,0.0,0.661435118367,0.260584665732,0.303275651308,1.0,-0.00352,-0.00462628571429,0.177
0.464846596339,0.546049163148,-0.123978679737,-1.35848127168,0.0793843701428,1.89508099905,0.15891273327,-0.00572575477556,-0.0253153152698,-0.000811453669577,-0.029808728959,-0.00097362229638,0.0157205839132,-0.00349261028163,0.573900505006,0.818910776324,0.00202427166148,0.0,0.818868132864,-0.573841158409,-0.0119185904123,0.0,-0.00859881728594,0.00849786022256,-0.999926920686,0.0,0.661374177592,0.260502189554,0.303265213568,1.0,-0.00386,-0.00507314285714,0.194
0.464793366653,0.545726410552,-0.123974056589,-1.35904066602,0.0792784317103,1.89526222224,0.158837872618,-0.00218027818284,-0.0253529700741,0.00102126390862,-0.0312237789266,-0.0032225931404,0.00879437275662,-0.00471972133446,0.573882543581,0.818923571788,0.00193820667452,0.0,0.818880400421,-0.573824136748,-0.0118952424442,0.0,-0.00862927079805,0.00841379343972,-0.999927369245,0.0,0.661309079613,0.260402636869,0.303242871333,1.0,-0.00418,-0.00549371428571,0.21
0.464722584867,0.545347402612,-0.123982541176,-1.35971403082,0.0792610056921,1.89548368598,0.158739384189,-0.00459414116845,-0.0250007293121,-0.000229082529354,-0.0407248178276,-0.000439648859923,0.0154703238727,-0.00270153210478,0.573898651953,0.818912404287,0.00188634356693,0.0,0.818868341772,-0.57384025103,-0.0119478886239,0.0,-0.00870198187332,0.00840170596251,-0.999926840748,0.0,0.661229855105,0.260288165713,0.303210179573,1.0,-0.00452,-0.00594057142857,0.227
0.464664418387,0.544923910992,-0.12398536098,-1.36042243792,0.0792427048367,1.89571691823,0.158675649111,-0.00667514473286,-0.0249718740469,0.000161082291754,-0.0399260134938,-0.00457238408362,0.0136078063848,-0.00451255028665,0.57393473956,0.818887198787,0.00184859137352,0.0,0.818842359999,-0.573876222335,-0.0120007420796,0.0,-0.00876656021433,0.00840150945806,-0.999926278313,0.0,0.661135449114,0.260177394765,0.303188703087,1.0,-0.00488,-0.00641371428571,0.245
0.464588488748,0.544511004596,-0.123983881903,-1.3611109237,0.0792187779044,1.89596983139,0.158570170894,-0.00965359954377,-0.0296333122951,-9.62414473052e-05,-0.0425279460594,-0.00352788973889,0.0174475628573,-0.00166928628889,0.573937407793,0.818885337265,0.00184478988543,0.0,0.818840293385,-0.573878757763,-0.0120204916433,0.0,-0.00878488776192,0.00840976001909,-0.999926048107,0.0,0.661065205426,0.260070053863,0.303179519578,1.0,-0.00518,-0.006808,0.26
0.464523124084,0.543989117877,-0.123986655449,-1.36196936689,0.0791761680322,1.89627471803,0.158482353117,-0.00392680437145,-0.0337416168409,0.000386243436822,-0.0487220167323,-0.00364278906918,0.0174741586315,-0.00200585854755,0.573947018431,0.818878649659,0.00182320263754,0.0,0.818833245908,-0.573888386738,-0.0120408414831,0.0,-0.00881384288783,0.00840386580271,-0.999925842857,0.0,0.660967168624,0.259952248096,0.303169697133,1.0,-0.00552,-0.00725485714286,0.277
0.464454946516,0.543490241552,-0.123993879953,-1.36276552855,0.0791339581445,1.89655005388,0.158377189099,-0.000311497053814,-0.0304189389109,-0.00157377632576,-0.0541309495221,-0.00116656637187,0.0172011946728,-0.00484451092532,0.573965143222,0.818865987778,0.00180425259689,0.0,0.818820264273,-0.573906523743,-0.0120591758686,0.0,-0.00883954681226,0.00839906690082,-0.99992565628,0.0,0.660868709307,0.259818639328,0.303164860784,1.0,-0.00586,-0.00770171428571,0.294
0.464374073753,0.542975071526,-0.12399782158,-1.36357848511,0.0790808090935,1.89684887132,0.158262772024,-0.00584540730727,-0.0372071592918,-0.00070855653604,-0.049216745254,-0.00977000195796,0.0229541706581,-0.00217467928816,0.573971483493,0.818861549478,0.00180161725441,0.0,0.818815838749,-0.573912919683,-0.0120552783617,0.0,-0.00883780265513,0.00839474037324,-0.999925708029,0.0,0.660779476936,0.259684857455,0.303168358,1.0,-0.00618,-0.00812228571429,0.31
0.464301298849,0.542340771975,-0.123995627262,-1.36456245322,0.0790288122121,1.89719781114,0.158134866762,-0.00447056459122,-0.0380931302454,-0.000849324120193,-0.0500035336722,-0.00262346513939,0.0215342106955,-0.00873377133557,0.573965503138,0.818865731686,0.00180598420385,0.0,0.818819965948,-0.573906814348,-0.0120656003178,0.0,-0.00884381026205,0.00840417608781,-0.999925575653,0.0,0.660660256479,0.259544844176,0.303178806305,1.0,-0.00654,-0.00859542857143,0.328
0.464219640903,0.541718885116,-0.123997863665,-1.36552152653,0.0789741686024,1.89755217282,0.158001649178,-0.00532825074355,-0.0289311831849,0.000123067636591,-0.0594152693887,-0.00385602014333,0.0160922180111,-0.00549338820602,0.573963495071,0.818867104092,0.00182182943533,0.0,0.818821516072,-0.573904708819,-0.0120605519735,0.0,-0.0088306027932,0.00841423170352,-0.999925607812,0.0,0.66055083991,0.259399134532,0.303192847031,1.0,-0.00688,-0.00904228571429,0.345
0.464142126085,0.541095360105,-0.123998523361,-1.36647499582,0.0789124311728,1.89792168606,0.157878646564,-0.00665544542425,-0.042310971359,0.00211720734048,-0.059447695352,-0.00492486568026,0.0244243355952,-0.00834574101008,0.573963191216,0.818867248607,0.00185234678211,0.0,0.818822116456,-0.57390432611,-0.0120379805495,0.0,-0.00879460750311,0.00842626247621,-0.999925823739,0.0,0.660444586214,0.259257652076,0.303211875294,1.0,-0.0072,-0.00946285714286,0.361
0.464055320227,0.54038936474,-0.123996737494,-1.36755396279,0.0788497594077,1.89831020354,0.157746057078,-0.00264652013698,-0.0428018874659,0.00142898818979,-0.0651263563149,-0.00247382493653,0.0197032171163,-0.009082007683,0.57396736632,0.818864287131,0.00186776924603,0.0,0.81881929968,-0.573908379197,-0.0120363474541,0.0,-0.00878437578342,0.00843799861197,-0.999925814709,0.0,0.660317032387,0.259098784621,0.30323094351,1.0,-0.00754,-0.00990971428571,0.378
0.463959715979,0.539636920801,-0.124002738594,-1.36870175644,0.0787844407376,1.89875615998,0.157614022225,-0.00513212002741,-0.0432575495073,0.000102153949197,-0.0707880250717,-0.00104942129036,0.0307956027664,-0.0115394222626,0.573987904519,0.818849792149,0.00191056655521,0.0,0.818805378722,-0.573928744686,-0.0120122728496,0.0,-0.00873988633137,0.0084594443638,-0.999926023358,0.0,0.660190256676,0.258925508686,0.303255201023,1.0,-0.00788,-0.0103565714286,0.395
0.463860237477,0.538931469299,-0.124002728002,-1.36979249061,0.0787203643994,1.89917316967,0.157472440804,-0.0108492835039,-0.0471486755767,0.000627389722066,-0.0669888464315,-0.00427514545417,0.03366607891,-0.00700061053149,0.573996627704,0.81884361338,0.00193781127589,0.0,0.81879954729,-0.573937342219,-0.011998977678,0.0,-0.0087132717428,0.00847421487339,-0.999926130561,0.0,0.660068996922,0.258757564598,0.30327058613,1.0,-0.0082,-0.0107771428571,0.411
0.463742006575,0.538109589167,-0.124008394758,-1.37108474606,0.0786506377126,1.89967656945,0.157307062412,-0.00336809718017,-0.0459396980101,-0.0010624502542,-0.0727482793626,-0.00971897598532,0.0303842006184,-0.00871339813137,0.574014838027,0.818830777289,0.00196743238703,0.0,0.818787071716,-0.573955399105,-0.0119865729144,0.0,-0.00868592360657,0.00849154240145,-0.999926221498,0.0,0.659927610108,0.258556512001,0.303279860866,1.0,-0.00856,-0.0112502857143,0.429
0.463631676966,0.537301594979,-0.124013768036,-1.37235433915,0.078571271844,1.90013760198,0.157168226228,-0.0062236899269,-0.0512721811558,6.51308443668e-05,-0.0717534488708,-0.000200018065861,0.0233297517782,-0.0112442725463,0.574043904422,0.818810409549,0.00196364757216,0.0,0.818766681542,-0.573984504242,-0.0119856992847,0.0,-0.00868707931501,0.00848825024611,-0.99992623941,0.0,0.659780782941,0.25835894238,0.303286259104,1.0,-0.0089,-0.0116971428571,0.446
0.463526773973,0.536553404624,-0.124017052133,-1.37352444845,0.0785154617429,1.90058196271,0.1570154817,-0.00267971853758,-0.0481581070788,-0.000509205691046,-0.081398287998,-0.00379195734304,0.0268740657409,-0.0148393259176,0.574056569459,0.818801468446,0.00198927930624,0.0,0.818757958164,-0.573996945111,-0.0119858186274,0.0,-0.00867233261714,0.00850944001947,-0.999926187315,0.0,0.659648676832,0.25817987244,0.303296169836,1.0,-0.0092,-0.0120914285714,0.461
0.463388719604,0.535579933871,-0.124022665463,-1.3750706288,0.0784197448113,1.90114730229,0.156827797109,-0.00906513450889,-0.0516941821987,0.000730325650369,-0.0877021029165,-0.00676097764836,0.0285914366134,-0.0128335206597,0.574079125593,0.818785677621,0.00197954093269,0.0,0.818742060914,-0.574019559803,-0.0119887261959,0.0,-0.00868006920559,0.00850337459074,-0.999926171784,0.0,0.659470339379,0.257937681184,0.303296468184,1.0,-0.00958,-0.0125908571429,0.48
0.463267452636,0.534694229239,-0.124018694295,-1.37650134033,0.0783434255697,1.90166521163,0.156655627138,-0.00838867574562,-0.0460369887472,0.000411632465015,-0.0827756559367,-0.00295240350218,0.0234920839519,-0.00586958301382,0.574092623041,0.818776255993,0.00196206375135,0.0,0.818732261329,-0.574032983281,-0.0120152097642,0.0,-0.00871164688334,0.00850441191822,-0.999925888347,0.0,0.659299060928,0.257724616299,0.303285205095,1.0,-0.00992,-0.0130377142857,0.497
0.463158031554,0.533935901978,-0.124029612192,-1.37773806838,0.0782718361961,1.90211091724,0.156505775418,-0.00550645472703,-0.0537219131355,-0.0034772574285,-0.0850522501132,-0.00592114385809,0.0381457589734,-0.0100576017971,0.574115682032,0.818760158038,0.00193239631493,0.0,0.818715765914,-0.574056156761,-0.012032058394,0.0,-0.00874223434539,0.00849004019972,-0.999925743521,0.0,0.659154900409,0.257527955233,0.303270478349,1.0,-0.0102,-0.0134057142857,0.511
0.46302052452,0.532955533983,-0.124027517065,-1.37933457688,0.0781811135379,1.90272409605,0.156301858412,-0.00908495978222,-0.0550687661381,-0.000678072351221,-0.0924671073554,-0.00296938623889,0.0335072363503,-0.00291392625663,0.574122973718,0.818755048469,0.00193094717122,0.0,0.818710579676,-0.574063397717,-0.0120394779495,0.0,-0.00874906570479,0.00849319128051,-0.999925657012,0.0,0.65897124005,0.257288824153,0.303255048106,1.0,-0.01056,-0.0138788571429,0.529
0.462869959026,0.531852904826,-0.124027601945,-1.38108169678,0.0780824721054,1.90336261848,0.156078049959,-0.00910593603545,-0.0593412818126,-0.0005985646617,-0.089050967457,-0.000634899522535,0.0311998433893,-0.0173858739185,0.574131851082,0.818748827847,0.00192908590587,0.0,0.818704233825,-0.574072184083,-0.0120520487786,0.0,-0.00876033491495,0.00849897950482,-0.999925509165,0.0,0.658764571498,0.257024031606,0.303256144046,1.0,-0.01094,-0.0143782857143,0.548
0.462766628599,0.531028352863,-0.124030052062,-1.38243020822,0.0780013243391,1.90383955395,0.155905120181,-0.0113007832384,-0.0583100112356,0.00208243774284,-0.102412811611,-0.0129875372419,0.0368431019924,-0.0221852704025,0.574135654822,0.818746255614,0.001888301287,0.0,0.818701064007,-0.574076102682,-0.0120806880967,0.0,-0.00880715906595,0.00848207135008,-0.999925241413,0.0,0.658587398693,0.256806410936,0.30323710372,1.0,-0.01124,-0.0147725714286,0.563
0.46260687541,0.529866582727,-0.124028652605,-1.38426662484,0.0778872596931,1.90449807786,0.155668598105,-0.0091181297663,-0.0613610739007,0.000108892442901,-0.10069373033,-0.00322780520221,0.0355746331966,-0.00844943588983,0.574133231216,0.818747989903,0.00187316432231,0.0,0.818702577697,-0.574073724098,-0.0120911320151,0.0,-0.00882442551222,0.00847564833453,-0.999925143648,0.0,0.65837824364,0.256543678205,0.303238271642,1.0,-0.0116,-0.0152457142857,0.581
0.462483390552,0.52884427952,-0.124036371718,-1.38584948228,0.077790063563,1.90509411559,0.155456817065,-0.00814178983992,-0.064553481454,-0.000753107902641,-0.104739435936,-0.00719781161841,0.0380126767306,-0.00875882532103,0.574126111073,0.818752920384,0.00190022328641,0.0,0.818707906577,-0.574066529108,-0.0120718998729,0.0,-0.00879321798569,0.00848668415112,-0.999925324967,0.0,0.658192654605,0.25630816022,0.303256764363,1.0,-0.01192,-0.0156662857143,0.597
0.462346567349,0.527716984454,-0.124031469731,-1.38756859686,0.0776759679497,1.90576485849,0.155206028475,-0.00912258125065,-0.0734332395315,0.000114722164242,-0.103345328262,-0.00968129385295,0.0328994708479,-0.0163483566995,0.574091790334,0.818776839516,0.00196220387384,0.0,0.818732729805,-0.574032036,-0.0120285366368,0.0,-0.00872248726167,0.00851216855261,-0.999925727843,0.0,0.657993860725,0.256058767932,0.303290112537,1.0,-0.01226,-0.0161131428571,0.614
0.462202138299,0.526635288374,-0.124031478528,-1.38924235939,0.0775751171008,1.90639011885,0.154975696262,-0.00700233375166,-0.0731620701244,0.0045421406312,-0.106580676925,-0.0125432149615,0.0400713372348,-0.0137361292741,0.574084691035,0.81878174885,0.00199052023238,0.0,0.81873798873,-0.57402479695,-0.0120160391846,0.0,-0.00869607303197,0.00852810286676,-0.999925822136,0.0,0.657797241995,0.255805388237,0.303308919099,1.0,-0.01258,-0.0165337142857,0.63
0.462037106452,0.525394320048,-0.124041749663,-1.39117176303,0.0774460988333,1.90709305835,0.154718456456,-0.0077116647208,-0.0696069427338,-0.00161526003181,-0.109135480449,-0.00858770883383,0.0411913796859,-0.0152170664056,0.574085475031,0.818781190746,0.00199397609864,0.0,0.818737592432,-0.574025680669,-0.0120008154939,0.0,-0.00868161566076,0.00852220113272,-0.999925998081,0.0,0.657568928515,0.255505008592,0.303324858063,1.0,-0.01294,-0.0170068571429,0.648
0.461890083725,0.52428172959,-0.124045416565,-1.39294325447,0.0773471854506,1.9077224226,0.154472393164,-0.00894739389243,-0.0660997193067,-0.000913262209128,-0.108680203945,-0.00704793525462,0.0372734851912,-0.0139726235959,0.574075419228,0.818788292114,0.0019729767722,0.0,0.818744289565,-0.574015588078,-0.0120266308285,0.0,-0.00871491288289,0.00851972063149,-0.999925729569,0.0,0.657351277519,0.255237271772,0.303318815913,1.0,-0.01326,-0.0174274285714,0.664
0.461723383267,0.523014020879,-0.124044371033,-1.39498178334,0.0772147073916,1.90849957018,0.154201160571,-0.00539758370052,-0.0688375273683,0.000567278545477,-0.114095686238,-0.00347008225052,0.0436389964548,-0.0233709841486,0.574062819283,0.818797130138,0.00197131821503,0.0,0.81875317583,-0.574003065126,-0.0120193674899,0.0,-0.00871004860443,0.00851405895837,-0.999925820175,0.0,0.657109574693,0.254934311191,0.303307070437,1.0,-0.01362,-0.0179005714286,0.682
0.461576864775,0.52190994391,-0.124049512214,-1.3967047414,0.0771090113108,1.9091753891,0.153962763457,-0.00606194407173,-0.0759913926673,-0.00133808639573,-0.114121329345,-0.0141166574202,0.0467432878456,-0.0102359729409,0.574055121238,0.818802418268,0.00201606545832,0.0,0.818759111403,-0.573995240522,-0.0119886718536,0.0,-0.00865930824637,0.00853299472415,-0.99992609946,0.0,0.656911848683,0.254673789605,0.303321598538,1.0,-0.01392,-0.0182948571429,0.697
0.461419675659,0.520741363826,-0.124047441041,-1.39860423176,0.0769963668688,1.90987988011,0.153703745504,-0.00940505954844,-0.0716435725342,0.00111879012826,-0.116029194331,-0.00521482259108,0.0453116504226,-0.0116463513786,0.574041334435,0.818812138148,0.00199391122923,0.0,0.818768469835,-0.573981477996,-0.0120084396618,0.0,-0.00868835531868,0.00852605652708,-0.999925906676,0.0,0.656680786202,0.254391235373,0.30329943603,1.0,-0.01424,-0.0187154285714,0.713
0.461240230362,0.519325090131,-0.124059161954,-1.40078653019,0.0768611219601,1.9106625667,0.153406020728,-0.0109327052559,-0.0820018388515,-0.00132674676179,-0.117948844128,-0.00705803604811,0.0440104373838,-0.0234982001728,0.574032195455,0.818818517622,0.00200516386474,0.0,0.818775007062,-0.57397230315,-0.0120012469828,0.0,-0.00867610178428,0.0085310444603,-0.999925970529,0.0,0.656414401274,0.254057452367,0.303323384817,1.0,-0.0146,-0.0191885714286,0.731
0.461059246625,0.517990411052,-0.124057078293,-1.40289904798,0.0767203536002,1.91141607228,0.153120929607,-0.00497247699711,-0.0743388660607,0.000349145350053,-0.123462649116,-0.0100045017826,0.0422622981155,-0.0241921931418,0.574019282516,0.818827634759,0.00197857421206,0.0,0.818783797996,-0.573959525173,-0.0120125976848,0.0,-0.00870079295154,0.00851565116484,-0.999925887197,0.0,0.656153282518,0.253735120919,0.303319889073,1.0,-0.01494,-0.0196354285714,0.748
0.460892107961,0.516706745359,-0.124070142048,-1.4049062786,0.0765897325186,1.91215344189,0.152852176375,-0.00751127735087,-0.0763796722153,-0.00108846151827,-0.126519327242,-0.00565127884429,0.0412518945925,-0.0124266506973,0.574016188999,0.81882979411,0.00198240946489,0.0,0.818786105402,-0.573956511701,-0.0119992990155,0.0,-0.00868773398688,0.00851112508213,-0.999926039279,0.0,0.655911174058,0.253425437958,0.303329400641,1.0,-0.01526,-0.020056,0.764
0.460698813464,0.515323620109,-0.124071254347,-1.4070964584,0.0764617448361,1.91298691842,0.152547141838,-0.0116945566959,-0.0793098533285,-0.00125000919952,-0.131665589367,-0.0075043999587,0.0393503847053,-0.0149067594564,0.574006717069,0.818836376988,0.00200583721844,0.0,0.818792942134,-0.573946890911,-0.0119929656978,0.0,-0.00866919945505,0.00852657238856,-0.999926068539,0.0,0.655650511633,0.253092112865,0.303329194244,1.0,-0.0156,-0.0205028571429,0.781
0.460514087794,0.513921997356,-0.124072222707,-1.40935325523,0.0763241631926,1.91377682468,0.152239619837,-0.0166992947692,-0.0791443800655,0.000698688643771,-0.135589091212,-0.00620917283262,0.0503867135891,-0.020494690348,0.573991982633,0.818846847587,0.00194704153861,0.0,0.818802550978,-0.573932316713,-0.0120343361166,0.0,-0.00873697634474,0.00850201871611,-0.9999256877,0.0,0.655344957692,0.252733443029,0.303306167061,1.0,-0.01596,-0.020976,0.799
0.460332711007,0.512593688483,-0.124069905563,-1.41149525788,0.0762001874345,1.91452274047,0.151942026578,-0.0110990688382,-0.08524010613,0.00042100140205,-0.124109545062,-0.00530705250374,0.0452835327465,-0.0242441184041,0.573970007266,0.818862366833,0.00189785266212,0.0,0.818817219675,-0.573910356497,-0.0120834751024,0.0,-0.00880567526057,0.0084897101857,-0.999925189654,0.0,0.655089404775,0.25242886938,0.303281830014,1.0,-0.01626,-0.0213702857143,0.814
0.460135987735,0.511146838049,-0.12407552762,-1.4137945384,0.076056416054,1.9154004007,0.151616929911,-0.00917348609599,-0.0854369111472,0.000337053786402,-0.135515006053,-0.00974362849437,0.0500434083147,-0.0166180110879,0.573950471085,0.818876022388,0.00191405366053,0.0,0.818831137898,-0.573890801046,-0.0120690921503,0.0,-0.00878480152,0.00849451140772,-0.999925332481,0.0,0.654813455356,0.252079213995,0.30327699907,1.0,-0.0166,-0.0218171428571,0.831
0.459918959088,0.509572334669,-0.124081227785,-1.41628839061,0.0759020084054,1.91633678304,0.151272673022,-0.0127749985261,-0.093393500235,0.000104338679902,-0.136654863527,-0.0124959646818,0.0522690695691,-0.0214385019218,0.573938709801,0.818884241063,0.00192458627547,0.0,0.8188395099,-0.573879010553,-0.0120617234991,0.0,-0.00877284453045,0.0084987809335,-0.999925401178,0.0,0.654510894539,0.251697164421,0.303273507451,1.0,-0.01696,-0.0222902857143,0.849
0.459723832135,0.508159929616,-0.124083340964,-1.418521866,0.0757568958216,1.91713264333,0.150961696719,-0.0164667656733,-0.0914321332992,0.00124737504034,-0.143847709064,-0.00764453311814,0.0514147512238,-0.0138330745464,0.573921858861,0.818896111904,0.00189861310942,0.0,0.818851036849,-0.573862270729,-0.0120756195073,0.0,-0.00879930484705,0.0084853066762,-0.999925283111,0.0,0.654230390613,0.251352432233,0.303267684344,1.0,-0.01728,-0.0227108571429,0.865
0.459503657056,0.506612959117,-0.124090788764,-1.42094332527,0.0756073257786,1.91801545418,0.150626176385,-0.0125705620161,-0.0940361127236,0.000507270740376,-0.141995352956,-0.00659152426057,0.0561921819205,-0.0198632046074,0.573917570306,0.818899106281,0.0019034514297,0.0,0.818854075689,-0.573857943425,-0.0120751976209,0.0,-0.00879622717166,0.0084889804798,-0.999925279007,0.0,0.653932625462,0.250972884916,0.303273712112,1.0,-0.01762,-0.0231577142857,0.882
0.459286925992,0.505014152637,-0.124102232045,-1.42340163407,0.0754553905747,1.91897120533,0.150288890564,-0.0108119495046,-0.0944287262141,-0.000475448924146,-0.145415130284,-0.000402203899948,0.0628017866942,-0.0171685842352,0.573913082257,0.818902069725,0.00198018083123,0.0,0.818858136322,-0.573853216248,-0.0120243786339,0.0,-0.00871062311817,0.00852259947548,-0.999925742414,0.0,0.653641124377,0.250594131526,0.303304282927,1.0,-0.01796,-0.0236045714286,0.899
0.459069439556,0.503439458289,-0.124105733022,-1.42573074641,0.0752997870031,1.91984845537,0.149970896972,-0.0146624345811,-0.0963775358974,4.92211955304e-05,-0.149193050101,-0.00428107168223,0.0505909790877,-0.0154389763696,0.573910767555,0.818903449626,0.00207797417613,0.0,0.818860920145,-0.573850616399,-0.011958696379,0.0,-0.00860073654682,0.0085649613658,-0.99992633167,0.0,0.653361912124,0.250228781452,0.303371734511,1.0,-0.01828,-0.0240251428571,0.915
0.458838965811,0.501745013092,-0.124110943864,-1.42825034154,0.0751436687603,1.92076774982,0.149599480084,-0.0106275744055,-0.0918153402192,0.000102605942471,-0.152866577488,-0.0105445360961,0.0549197020052,-0.025555087311,0.573885732241,0.818920785563,0.00215875072966,0.0,0.818879293427,-0.573825237445,-0.0119183291265,0.0,-0.00852158586775,0.00860768103457,-0.99992664251,0.0,0.653051073687,0.249835806411,0.303435254143,1.0,-0.01862,-0.024472,0.932
0.458591057629,0.499926579149,-0.12411625494,-1.43100687375,0.0749613213222,1.92174320514,0.149221272621,-0.0121565916107,-0.0925551988106,-4.95252934723e-05,-0.152759245643,-0.0119396716922,0.0546767034435,-0.0196279186278,0.57387365513,0.818929178748,0.00218518735198,0.0,0.818888062485,-0.573813086965,-0.0119008087653,0.0,-0.0084921939496,0.00861915040731,-0.999926793765,0.0,0.652702199871,0.249404693425,0.303476724635,1.0,-0.01898,-0.0249451428571,0.95
0.458368568802,0.498442937213,-0.124111782957,-1.43333301016,0.0748151649109,1.92260709874,0.148886305006,-0.0142047613719,-0.0946764649234,0.00239764345185,-0.153605968951,-0.00532683240024,0.0587373572607,-0.0234544089396,0.573857110571,0.818940726592,0.00220224386489,0.0,0.818899797175,-0.573796440138,-0.0118959813773,0.0,-0.00847862718254,0.00863017671255,-0.999926813787,0.0,0.6524144643,0.249040820897,0.303479032371,1.0,-0.01928,-0.0253394285714,0.965
0.458090152676,0.496670401971,-0.12411402247,-1.43615588736,0.0746450229275,1.9236238139,0.148460230591,-0.0181403853237,-0.0922687047907,0.00182608767718,-0.155255938337,-0.00604114255026,0.0536933898881,-0.0199753162722,0.573834782812,0.818956443228,0.00217555333813,0.0,0.818915037196,-0.573774091916,-0.0119247726199,0.0,-0.00851775722333,0.00862460869969,-0.999926529269,0.0,0.652060364529,0.248588091497,0.303459251339,1.0,-0.01964,-0.0258125714286,0.983
0.457825973252,0.494984321794,-0.124122770991,-1.43890185049,0.0744750006707,1.92456056877,0.1480760326,-0.0141958633117,-0.0974219358835,-0.00112984044134,-0.163285166669,-0.0108832872125,0.0565985446334,-0.0226593847264,0.573834989631,0.818956572191,0.00206988902417,0.0,0.818913642946,-0.573774589,-0.0119963876286,0.0,-0.0086370370566,0.0085791725074,-0.999925896949,0.0,0.651703149473,0.248143673971,0.303408488761,1.0,-0.01998,-0.0262594285714,1.0
0.457569221962,0.493299817057,-0.124147839344,-1.44159824374,0.0743064458363,1.92554626544,0.147697543561,-0.0194171199524,-0.110394897497,-0.00192689324848,-0.180038994272,-0.0157422138625,0.0712474971828,-0.0279674353846,0.573843294621,0.818950828253,0.00203985867048,0.0,0.818907560251,-0.573783072044,-0.0120058694537,0.0,-0.00866194712786,0.00856010817782,-0.99992584486,0.0,0.65136817179,0.247703955891,0.303384271891,1.0,-0.0234085714286,-0.0307655510204,1.016
0.457269526057,0.491184289741,-0.124183028913,-1.44494643438,0.074104206285,1.92678462758,0.147207638371,-0.0222868071685,-0.131745288956,-0.000720272317004,-0.212997035501,-0.00984503299205,0.068149040916,-0.0326235340183,0.5738259669,0.818962973179,0.00203842456771,0.0,0.818919728609,-0.573765794199,-0.0120016000748,0.0,-0.00865945451048,0.00855630059633,-0.999925899038,0.0,0.650949769292,0.247170563811,0.303371205697,1.0,-0.0272942857143,-0.0358724897959,1.033
0.456858655324,0.488607354396,-0.124186505438,-1.44909704456,0.0738679903906,1.92825877945,0.146615889518,-0.0237516425486,-0.157350956529,-0.000328331202129,-0.236722934672,-0.0236803770234,0.0973728627759,-0.0380327043749,0.573823270597,0.818965042039,0.00196492782568,0.0,0.818920462332,-0.573763045229,-0.0120826820047,0.0,-0.00876806001532,0.00854260818065,-0.999925069677,0.0,0.650414903965,0.246505246341,0.303315500113,1.0,-0.0314085714286,-0.0412798367347,1.051
0.456461467846,0.486114010866,-0.124228498631,-1.45293841601,0.0736283194247,1.9297454493,0.146051004508,-0.0255821303284,-0.171789483427,-0.00705552628302,-0.263553428374,-0.0126262224297,0.102562981859,-0.0360077352828,0.573842013814,0.818951649819,0.00207010669274,0.0,0.818908681224,-0.57378156948,-0.0120012183768,0.0,-0.00864079488443,0.00858219689718,-0.99992583853,0.0,0.649958540137,0.245862164118,0.303349367424,1.0,-0.0348371428571,-0.0457859591837,1.066
0.455975187089,0.483008687329,-0.124280007326,-1.45774244995,0.073327743512,1.93144924106,0.145304520711,-0.0288618766782,-0.190455705608,-0.00247888876431,-0.298248429971,-0.0200902841647,0.100661818353,-0.043345688457,0.573820648154,0.818966630196,0.00206622359144,0.0,0.818923648131,-0.573760259766,-0.011998739331,0.0,-0.00864121650218,0.00857736888225,-0.999925876313,0.0,0.649349866073,0.245055245068,0.30336726719,1.0,-0.0387228571429,-0.0508928979592,1.083
0.455379935031,0.479310912072,-0.124336722194,-1.46349272701,0.0729816824349,1.93347113261,0.14445705759,-0.0322262843385,-0.21256411557,-0.0027004284242,-0.328906269324,-0.0239405527496,0.115948670764,-0.0545767079703,0.573841877359,0.818951822281,0.00203947856316,0.0,0.818908349427,-0.5737814591,-0.0120291036126,0.0,-0.0086812084783,0.00857311448284,-0.999925566394,0.0,0.648613307315,0.244085157243,0.303370845853,1.0,-0.0428371428571,-0.056300244898,1.101
0.45482975901,0.475957970855,-0.124375652163,-1.46859116556,0.0726730535569,1.93534698485,0.143737108235,-0.0378499195359,-0.231348364552,-0.0035435783366,-0.341988182227,-0.0212665809643,0.128154977429,-0.0396984948925,0.57389455283,0.81891462948,0.00214912951828,0.0,0.818872573372,-0.57383365404,-0.0119746804499,0.0,-0.00857316321926,0.00863223329847,-0.999925989972,0.0,0.647977008778,0.243223922683,0.3034294406,1.0,-0.0462657142857,-0.0608063673469,1.116
0.454110602754,0.47165671331,-0.124415027364,-1.47525141467,0.0722809915136,1.93771434478,0.142732251061,-0.0393078685056,-0.242166990261,-0.00340792824825,-0.381157081694,-0.0192107200554,0.126646901939,-0.0563926790009,0.573902818107,0.818908790239,0.00216691927906,0.0,0.818866624195,-0.573841499747,-0.0120054924855,0.0,-0.00858810046618,0.008664570665,-0.999925582104,0.0,0.647117037427,0.242101596662,0.30344026485,1.0,-0.05038,-0.0662137142857,1.134
0.453283969304,0.466668668992,-0.124428871247,-1.48271931272,0.0718051236702,1.9405302359,0.141531654745,-0.0466424517247,-0.268817094816,-0.000164148956007,-0.414575383096,-0.0225683299364,0.147947329352,-0.0646824980582,0.573835791938,0.818954917724,0.00246445283428,0.0,0.818916761529,-0.573773433298,-0.0118377290739,0.0,-0.00828068830472,0.00881126401599,-0.999926893242,0.0,0.646128504118,0.240786028697,0.303585532524,1.0,-0.0549514285714,-0.072221877551,1.154
0.452621916983,0.462776712122,-0.124435900932,-1.48871649556,0.0714093435606,1.94260034404,0.140611571948,-0.0524910100917,-0.275930828837,-0.00173675771158,-0.435697172834,-0.0337892581042,0.147710250732,-0.0691050440609,0.573798970315,0.818980861771,0.00241590986617,0.0,0.818941868034,-0.573736585723,-0.0118867104626,0.0,-0.00834905324539,0.00879924137533,-0.999926430624,0.0,0.64537874517,0.239844710543,0.303581865461,1.0,-0.0579228571429,-0.0761271836735,1.167
0.451767044008,0.457788077173,-0.124461075841,-1.49640705102,0.0708884980628,1.94524292722,0.139483702926,-0.0490070351531,-0.292136750757,-6.67400742358e-05,-0.454912836796,-0.025262201656,0.156844567563,-0.0672799315886,0.573807500573,0.818975072365,0.0023516019519,0.0,0.818935163837,-0.573745287544,-0.0119285101335,0.0,-0.00842009402461,0.00877064697715,-0.999926086152,0.0,0.64434474339,0.238533014543,0.303584991781,1.0,-0.0618085714286,-0.081234122449,1.184
0.450835165315,0.452549600797,-0.124481664855,-1.50446613493,0.0703376011824,1.94814630125,0.138192889274,-0.0560203996469,-0.315512928176,0.000107521847031,-0.473084852287,-0.0275916668911,0.173148014868,-0.0873248625013,0.573747011812,0.81901730522,0.00240147624504,0.0,0.818978181352,-0.573684751048,-0.0118866221152,0.0,-0.00835781982514,0.00878683974077,-0.999926466444,0.0,0.643284699679,0.237148539031,0.303600804403,1.0,-0.0656942857143,-0.0863410612245,1.201
0.44989099518,0.447261205328,-0.12452745427,-1.51232378379,0.069807340606,1.95109113322,0.136989555437,-0.0597947387697,-0.328769526438,-0.00090455321274,-0.502723390816,-0.0332023823083,0.168426427717,-0.071328791405,0.573779020175,0.818993960061,0.00269746018566,0.0,0.818959100754,-0.573716108414,-0.0116861088308,0.0,-0.00802343066468,0.00891452527482,-0.999928075313,0.0,0.642281360432,0.23577322236,0.303743776383,1.0,-0.0693514285714,-0.0911475918367,1.217
0.448778150672,0.441122343123,-0.124563457572,-1.52191637774,0.0691473042189,1.95428319348,0.135508720223,-0.0599922276718,-0.349075252606,-0.00233998634924,-0.543671216275,-0.0379688211343,0.18090412012,-0.0898038801193,0.573749008534,0.819015734487,0.00245942477746,0.0,0.818977505422,-0.573686672229,-0.0118403809459,0.0,-0.00828667862512,0.00880778997467,-0.999926874223,0.0,0.640939048804,0.234102656069,0.303658150965,1.0,-0.0734657142857,-0.0965549387755,1.235
0.44763464532,0.434982627324,-0.124587619853,-1.53127353278,0.0685297744488,1.95753478009,0.133977396233,-0.06855273463,-0.379082732046,-0.000102539911777,-0.549373526393,-0.0364151726401,0.200772052361,-0.0941454260517,0.573689978998,0.819056994816,0.00248880331435,0.0,0.819018858927,-0.573627229905,-0.0118598791861,0.0,-0.00828643119354,0.0088424409362,-0.999926570452,0.0,0.639655469486,0.232460263367,0.30368037814,1.0,-0.0773514285714,-0.101661877551,1.252
0.446539087309,0.429380820315,-0.124613042267,-1.53974095234,0.0679314672372,1.96062268423,0.13262368821,-0.0695123303771,-0.3705445514,-0.00452391562591,-0.577625011233,-0.0421724454681,0.204321954467,-0.0879483776956,0.573701017231,0.819048812926,0.00263282632911,0.0,0.819012897706,-0.573638106552,-0.0117449139281,0.0,-0.00810952443388,0.00889455903662,-0.999927558593,0.0,0.638444615915,0.230831722715,0.303726579455,1.0,-0.0810085714286,-0.106468408163,1.268
0.445129591054,0.422382563815,-0.124718296011,-1.55051980052,0.0671459831714,1.9641830983,0.130822985682,-0.0793757245662,-0.395664072329,-0.00708798443093,-0.612955203512,-0.038991981268,0.196927402894,-0.092975614257,0.573693287385,0.819054889775,0.00241794255829,0.0,0.819016340884,-0.573631349746,-0.0118344773911,0.0,-0.00830623884265,0.0087698635526,-0.999927045284,0.0,0.637015371651,0.228926615479,0.303677066429,1.0,-0.0848942857143,-0.111575346939,1.285
0.443725124489,0.415424555253,-0.124825213775,-1.56095761477,0.0663980413691,1.96784297942,0.129166239236,-0.0882819597883,-0.412762006128,-0.00845439364772,-0.615455846817,-0.0481535349687,0.224739487511,-0.103350586777,0.573792842214,0.818984818425,0.0025275113884,0.0,0.818948169719,-0.573730991523,-0.0117214155061,0.0,-0.0081497066421,0.00879573448863,-0.999928106084,0.0,0.63558763784,0.226971372591,0.303748602362,1.0,-0.08878,-0.116682285714,1.302
0.442315284923,0.408702861089,-0.124839644398,-1.57112149741,0.0657224972517,1.97134268311,0.127429228284,-0.0874949922936,-0.422808120036,-0.00115262355432,-0.64604874382,-0.0456862330159,0.209227434357,-0.114330169603,0.573764549739,0.81900445312,0.00258730224337,0.0,0.8189680953,-0.573701958793,-0.0117502451059,0.0,-0.00813931940906,0.00886096268369,-0.99992761479,0.0,0.634151911246,0.225101709922,0.303762977675,1.0,-0.0924371428571,-0.121488816327,1.318
0.440708664383,0.401384859217,-0.124928696542,-1.58235620537,0.0649322594694,1.97507188603,0.125564475917,-0.0983354641864,-0.447124784827,-0.00833785238512,-0.647239486481,-0.0419510668279,0.232030538385,-0.112954561643,0.57385141371,0.818943998241,0.00245553058451,0.0,0.818905675057,-0.573789033065,-0.0118485355406,0.0,-0.00829449024383,0.00881031642719,-0.999926787198,0.0,0.63245338782,0.222828086854,0.303705356963,1.0,-0.0965514285714,-0.126896163265,1.336
0.439029130373,0.393659141597,-0.124999719558,-1.59370711117,0.0640680990125,1.97913463616,0.123611217684,-0.104694434216,-0.449975412099,-0.000397813197858,-0.685591666959,-0.0589536063588,0.237687512705,-0.119823864484,0.573879161861,0.818923715886,0.002720669558,0.0,0.818889688214,-0.573816748881,-0.0116087958429,0.0,-0.00794570544754,0.00889014543748,-0.999928913013,0.0,0.630968201989,0.220770697956,0.303831023265,1.0,-0.100208571429,-0.131702693878,1.352
0.437263009872,0.385841668199,-0.125033334894,-1.60571207753,0.0631811273256,1.98294029148,0.121532235999,-0.107894396996,-0.459821221332,-0.00136313730954,-0.707309153194,-0.0495931758619,0.220236940319,-0.130924195715,0.573855869509,0.818941093369,0.00238191577916,0.0,0.818902124813,-0.573794101496,-0.0118484583646,0.0,-0.00833662072928,0.00875003173507,-0.999926966183,0.0,0.629159069856,0.218473706893,0.303695434783,1.0,-0.104094285714,-0.136809632653,1.369
0.435431139595,0.377643259954,-0.125092401662,-1.6177479082,0.0623031530087,1.98704946926,0.119397917245,-0.111401216452,-0.473990307142,-0.0025940574538,-0.716888712264,-0.0470271314673,0.241697171766,-0.123952618654,0.573854231862,0.818941604507,0.00259150207306,0.0,0.818905432774,-0.573791757545,-0.0117327766404,0.0,-0.0081216327646,0.0088552691446,-0.999927809039,0.0,0.627405683183,0.21614913592,0.303808804488,1.0,-0.10798,-0.141916571429,1.386
0.433310248625,0.368839702991,-0.125157106991,-1.63101532463,0.061287200557,1.99135369239,0.117056921593,-0.116479391338,-0.492396558596,-0.00251411954256,-0.742690241056,-0.0544854411158,0.23717795315,-0.125193506109,0.573914363794,0.818899992193,0.00241923916488,0.0,0.818861483823,-0.573852418112,-0.0118329810372,0.0,-0.00830190167156,0.00877230845014,-0.999927059856,0.0,0.625414021728,0.213509299968,0.3037408277,1.0,-0.112094285714,-0.147323918367,1.404
