position_joint1,position_joint2,position_joint3,position_joint4,position_joint5,position_joint6,position_joint7,velocity_joint1,velocity_joint2,velocity_joint3,velocity_joint4,velocity_joint5,velocity_joint6,velocity_joint7,ee_T_00,ee_T_10,ee_T_20,ee_T_30,ee_T_01,ee_T_11,ee_T_21,ee_T_31,ee_T_02,ee_T_12,ee_T_22,ee_T_32,ee_T_03,ee_T_13,ee_T_23,ee_T_33,v_x,v_y,time
0.465090768211,0.547530407429,-0.124007318343,-1.3557403368,0.079424433996,1.89411489948,0.159142733338,-0.000548569230461,-0.000347288209945,0.000728618144902,0.00112028856124,-3.87514323138e-05,-2.3442355502e-05,-0.00106603961449,0.57376596706,0.819004574156,0.00220668449919,0.0,0.81896565208,-0.573707282851,-0.0116602409051,0.0,-0.00828395916076,0.00849761181422,-0.999929580828,0.0,0.661711946827,0.260893983957,0.30343787337,1.0,0.0,0.0,0.0
0.465088624514,0.547535158734,-0.124012329651,-1.35574534811,0.0794251462354,1.89411489932,0.159145069562,-0.000749245479292,-0.00212994025115,-0.000389153561777,0.000156979167884,0.000152905519411,4.24204659967e-05,0.000297839277414,0.573773610275,0.818999244217,0.0021975044795,0.0,0.818960217035,-0.573714973426,-0.0116635792858,0.0,-0.0082918810403,0.00849208624,-0.999929562109,0.0,0.661712342504,0.26088912203,0.303432289041,1.0,-0.00016,-0.000210285714286,0.009
0.465085678923,0.547524438804,-0.124007321266,-1.35574868558,0.0794244341585,1.89411807969,0.159148569286,0.00015827934506,-0.00154889211789,0.000891098326315,-0.000582870061936,-8.94461983122e-06,-5.08104103898e-05,0.000881925520418,0.573775383764,0.818997974669,0.00220757236462,0.0,0.818959060621,-0.573716691556,-0.0116602640652,0.0,-0.00828337102065,0.00849844750022,-0.999929578598,0.0,0.661712153471,0.260889918115,0.303438404021,1.0,-0.00048,-0.000630857142857,0.025
0.46508056485,0.547521980091,-0.12401026505,-1.35575532962,0.0794206250244,1.89411565988,0.159147216737,-0.00161904753468,-0.000258027172304,0.00041634987093,-0.00138577200651,-0.000377300615791,0.000236180807302,0.000930679488764,0.57377985579,0.81899486337,0.00219949191239,0.0,0.818955883338,-0.57372123272,-0.0116599816838,0.0,-0.00828772945912,0.00849171294281,-0.999929599698,0.0,0.661712436437,0.26088329108,0.303436863163,1.0,-0.00072,-0.000946285714286,0.037
0.465084618877,0.54741354744,-0.124009775085,-1.35584856632,0.0794219299011,1.89412915858,0.159142172331,-0.000253567093491,-0.0108129505159,-0.000191578309005,-0.0083915579431,0.000125334989167,0.00121626498978,-0.000909905399163,0.573778135727,0.818995986861,0.00222965645561,0.0,0.818957282766,-0.57371928312,-0.0116576190183,0.0,-0.00826850548336,0.0085150442407,-0.999929560438,0.0,0.661696711673,0.260880519654,0.303466600632,1.0,-0.00112,-0.001472,0.057
0.465084321379,0.547316424253,-0.124005491529,-1.35597202958,0.0794216704969,1.89414829991,0.159138954897,-0.00104585436087,-0.00856570619923,-2.31645324191e-05,-0.0114988133931,0.000201748295472,0.00511505767362,-0.000660984927277,0.573778640518,0.818995631436,0.00223030822288,0.0,0.818956843183,-0.573719690084,-0.0116684666843,0.0,-0.00827701085569,0.00852180720378,-0.999929432457,0.0,0.66167255948,0.260867900773,0.303482006124,1.0,-0.0014,-0.00184,0.071
0.465066338173,0.547142307549,-0.124013019209,-1.3562039246,0.0794129745482,1.89420897239,0.15914124798,-0.00392298226804,-0.012157779574,0.000140328921429,-0.0148501757742,-0.000136693964654,0.00639135858943,0.00154581506703,0.573805675121,0.818976667093,0.00223894119413,0.0,0.818937960468,-0.573746658244,-0.0116677315113,0.0,-0.00827117408326,0.00852872869656,-0.999929421742,0.0,0.661642016027,0.260829710443,0.303501192614,1.0,-0.00182,-0.002392,0.092
0.4650498818,0.54700758692,-0.124010505873,-1.35636356799,0.0794106543857,1.89431050865,0.159136421787,-0.000576571470608,-0.016315983333,0.000250741592014,-0.0115410166917,0.000522131834263,0.0020016506689,0.000234000530328,0.573827280047,0.818961349223,0.00230392146646,0.0,0.81892345395,-0.573767990629,-0.0116368553084,0.0,-0.00820837637038,0.00856444524697,-0.999929633942,0.0,0.661634044994,0.260809030134,0.303528633705,1.0,-0.00206,-0.00270742857143,0.104
0.465022234957,0.546761568623,-0.124003092944,-1.35664899127,0.0794037309288,1.89447053763,0.15911650246,-0.00144557255982,-0.00887515903835,0.000802478903953,-0.0184919574679,0.000199297239399,0.00634481895394,-0.000619831160344,0.573842796713,0.818950161619,0.00241336822027,0.0,0.818913628707,-0.573783057158,-0.0115852897099,0.0,-0.00810318109621,0.0086246412256,-0.999929974558,0.0,0.661612895411,0.260774139003,0.303580671712,1.0,-0.00248,-0.00325942857143,0.125
0.464994607617,0.546584482924,-0.12400743471,-1.35688248704,0.0793914722836,1.89456795307,0.159103248893,-4.53584262993e-05,-0.0149008397715,0.000382678364923,-0.0164094805578,-0.00103808920879,0.00176387454047,-0.00208212867625,0.573867433919,0.818932794126,0.00244824299321,0.0,0.818896733077,-0.573807591775,-0.0115643883319,0.0,-0.00806579172446,0.00864145042049,-0.999930131728,0.0,0.661592327281,0.260732588362,0.303603530242,1.0,-0.00274,-0.00360114285714,0.138
0.464944512781,0.546276164038,-0.124010488336,-1.35734404906,0.0793606670877,1.8947268724,0.159026840151,-0.00594865907027,-0.0102167895622,-0.0009643867686,-0.0229195131407,-7.42333235411e-05,0.00664436743874,-0.0133510690554,0.5738655714,0.818934089512,0.00245150919534,0.0,0.818898092262,-0.573805741273,-0.011559959865,0.0,-0.0080603103417,0.00864156555341,-0.999930174933,0.0,0.661541750147,0.260652738276,0.303616017249,1.0,-0.00314,-0.00412685714286,0.158
0.46492076396,0.54605060918,-0.124012736122,-1.35770937398,0.0793319225967,1.89485791834,0.158930561374,0.00077924735728,-0.014156003574,0.00011866268031,-0.0259908400866,-0.0052582040213,0.00587342072387,-0.00968933206505,0.573820545287,0.818965673523,0.00244014302707,0.0,0.818929584299,-0.573760818942,-0.0115587849024,0.0,-0.00806634490329,0.00863113974653,-0.999930216318,0.0,0.661498316966,0.260599563771,0.303613244344,1.0,-0.00342,-0.00449485714286,0.172
0.464860727333,0.545668419533,-0.124010896298,-1.35832497931,0.0792805123012,1.89507280609,0.158893866465,-0.00416668303879,-0.02071769515,-3.13585732583e-05,-0.0290597589889,-0.00469535487106,0.0097501869125,-0.000462356066194,0.573859082301,0.818938741225,0.00241633675887,0.0,0.818902440637,-0.573799536935,-0.0115598889644,0.0,-0.00808050357864,0.0086126571622,-0.999930261368,0.0,0.661428036738,0.260499121908,0.303609332242,1.0,-0.00384,-0.00504685714286,0.193
0.464824174143,0.545419751139,-0.124010925907,-1.35877606166,0.0792590269009,1.89521920146,0.158834204986,0.000119316484317,-0.0234425368702,0.000961359699669,-0.0340848631375,-0.000291868470852,0.0157254860575,-0.00218270547522,0.573865719278,0.818934213737,0.00237417532843,0.0,0.818897294594,-0.57380624333,-0.0115915022099,0.0,-0.00813051765974,0.00859633701266,-0.999929996386,0.0,0.66137696238,0.260430584223,0.303586179277,1.0,-0.00408,-0.00536228571429,0.205
0.464760402702,0.544963385298,-0.124014031106,-1.35954194726,0.0792233434989,1.89547022259,0.158730960425,-0.000859174310222,-0.0223483681989,-5.64912085935e-05,-0.0418581362019,-0.00542880554099,0.0141666564858,-0.000662166839293,0.573862611006,0.818936528424,0.00232658646292,0.0,0.818898861541,-0.573803167056,-0.0116330109992,0.0,-0.00819185268048,0.00858115428542,-0.999929626194,0.0,0.661276391556,0.260313469005,0.303563682044,1.0,-0.0045,-0.00591428571429,0.226
0.464707290258,0.544656933068,-0.12401103222,-1.36006989155,0.0792036324341,1.89564575296,0.158687386321,-0.00159708918384,-0.0221388996843,0.000529959733617,-0.0430888353426,6.6118216063e-06,0.0095930028064,-0.00885849082612,0.573892475616,0.818915691391,0.00229428113157,0.0,0.818877457163,-0.573832990396,-0.0116685982409,0.0,-0.00823922262405,0.0085754209339,-0.999929286183,0.0,0.661212373077,0.260230160991,0.303544403937,1.0,-0.00476,-0.006256,0.239
0.464623245805,0.544108936125,-0.124011626296,-1.36099325725,0.0791608513605,1.895961235,0.158541113113,-0.00017044672426,-0.026486244081,0.000690603541413,-0.0473082911404,-0.00178818977783,0.0141740271994,-0.00383505564705,0.57388195373,0.818923187752,0.0022500326243,0.0,0.818884223113,-0.57382247174,-0.0117109762205,0.0,-0.00829943048598,0.00856339900302,-0.999928891297,0.0,0.661101797017,0.260086323578,0.3035200573,1.0,-0.00518,-0.006808,0.26
0.464582360304,0.543767048478,-0.124019830612,-1.36154991522,0.0791281821,1.89616448376,0.158485866888,-0.000903831438065,-0.0275510890128,-0.000388354446186,-0.0455539668857,-0.00698650207429,0.0188303924823,-0.00373630099071,0.573900964347,0.818909920145,0.00222995760838,0.0,0.818870728205,-0.573841589633,-0.0117178239666,0.0,-0.00831635998564,0.00855108211995,-0.999928856045,0.0,0.661032158676,0.259991275456,0.303510725486,1.0,-0.00544,-0.00714971428571,0.273
0.464482399209,0.543133297109,-0.124014816742,-1.36257470122,0.0790581363356,1.89652466699,0.158371515375,-0.00489079021545,-0.0303690482242,0.000702324275193,-0.0478693585774,-0.000135817880027,0.0178568719863,-0.00554766359181,0.573921286369,0.818895737659,0.00220789419151,0.0,0.818856265269,-0.57386199858,-0.0117290373404,0.0,-0.0083379926437,0.00853965660489,-0.999928773535,0.0,0.660918990811,0.259838077435,0.303506467072,1.0,-0.00584,-0.00767542857143,0.293
0.464429440828,0.542717656276,-0.124025557496,-1.36325481968,0.0790256062076,1.89675943251,0.158259578129,-0.00774613434814,-0.0323477488397,-0.000525268580161,-0.053344573285,-0.000215746634098,0.0227535657284,-0.0113696501569,0.573909602695,0.818903987975,0.00218479156671,0.0,0.818864161411,-0.573850348876,-0.011747729689,0.0,-0.00836668037374,0.00853134664739,-0.999928604843,0.0,0.660838145782,0.25973224629,0.303497443305,1.0,-0.0061,-0.00801714285714,0.306
0.464354090886,0.542166958994,-0.124023713411,-1.36409996684,0.0789783995604,1.8970675551,0.158154404111,-0.00950921071317,-0.0359707354882,-0.000130462685096,-0.0433428256568,-0.00141342453778,0.0231275495108,-0.00888348275198,0.573922827483,0.818894682999,0.00219844268181,0.0,0.818855005303,-0.573863490923,-0.0117439761923,0.0,-0.00835563454101,0.00854050624725,-0.999928619015,0.0,0.660735306556,0.259593216299,0.303512905397,1.0,-0.00644,-0.008464,0.323
0.464272879593,0.54150975035,-0.12403219471,-1.36511921932,0.0789082711848,1.89744172954,0.158019711718,-0.00296369029787,-0.0395655260038,-0.000161846695503,-0.0594939279977,-0.00474954556683,0.0211694109392,-0.00486865487031,0.573918222657,0.818897899615,0.00220241010574,0.0,0.81885834991,-0.573858949776,-0.0117326657748,0.0,-0.00834414326022,0.00853721696139,-0.999928743061,0.0,0.660624951317,0.259446822342,0.303523507349,1.0,-0.00678,-0.00891085714286,0.34
0.464166506222,0.540730051024,-0.124029727513,-1.3663039667,0.0788347072907,1.89788043448,0.157874691643,-0.00523943665561,-0.0416608099987,-0.000565255455133,-0.0632962433963,-0.00369112359921,0.020422247183,-0.0114691827982,0.573930860497,0.818888966168,0.00223055130795,0.0,0.8188497785,-0.573871476357,-0.0117181813777,0.0,-0.00831599977037,0.00855207702001,-0.999928850532,0.0,0.660490699899,0.259265460718,0.303548697599,1.0,-0.00718,-0.00943657142857,0.36
0.464094041361,0.54019846813,-0.124032314461,-1.36712298204,0.0787984316838,1.89818401151,0.157774518448,-0.00642002007833,-0.0415757127276,0.000729061015295,-0.0655714815926,-4.70112020211e-05,0.0230811982725,-0.00596833538405,0.573945658889,0.818878539088,0.00225072525198,0.0,0.8188395036,-0.573886084112,-0.0117207810621,0.0,-0.00830639609567,0.00857023916109,-0.999928774856,0.0,0.660397504853,0.259140590788,0.303560981331,1.0,-0.00744,-0.00977828571429,0.373
0.463973193446,0.539288068965,-0.124038997865,-1.3685281347,0.0787103028972,1.898706429,0.15758687009,0.000321719579961,-0.0484061157421,0.00159749104224,-0.0706108660578,-0.00220913579581,0.0242071404207,-0.0141517357646,0.573949821284,0.818875566949,0.00227055133001,0.0,0.818836839174,-0.573890223933,-0.0117042123393,0.0,-0.00828140574652,0.0085770067886,-0.999928924111,0.0,0.660238666487,0.258923265988,0.303580929791,1.0,-0.00786,-0.0103302857143,0.394
0.46387978383,0.538722770325,-0.124036501511,-1.36941475232,0.0786579503294,1.89905010117,0.157490705313,-0.00656882468389,-0.042605625158,0.000694375597613,-0.0704128169603,-0.00231435011734,0.0246352805907,-0.00581848555005,0.573980904596,0.81885372683,0.0022895668632,0.0,0.818815236882,-0.573921223552,-0.0116954652294,0.0,-0.00826300336301,0.00858787128864,-0.999928983099,0.0,0.660143549291,0.258780072822,0.3035879721,1.0,-0.00812,-0.010672,0.407
0.463769832073,0.537812484418,-0.124053755213,-1.37084248625,0.0785733242372,1.89959126812,0.157300854343,-0.00767582749505,-0.0494749847193,0.000962223176678,-0.0754119255074,0.000227267403509,0.0232519822823,-0.0126869770968,0.573983826816,0.818851634293,0.00230531334356,0.0,0.818813418059,-0.573924159607,-0.0116787125509,0.0,-0.00824021648511,0.0085911790276,-0.999929142727,0.0,0.659982056532,0.258562990545,0.303598777799,1.0,-0.00852,-0.0111977142857,0.427
0.463691156807,0.537215526013,-0.124052057654,-1.37180316426,0.0785237285599,1.89995099575,0.157184622699,-0.00307074051636,-0.0396303221794,0.000807933048807,-0.0756520067976,-0.000778397696777,0.0265893625407,-0.00812322801952,0.573991613884,0.81884617429,0.00230584952234,0.0,0.818807877486,-0.573931852502,-0.0116891125541,0.0,-0.00824834341397,0.00859766586468,-0.999929019967,0.0,0.659869665762,0.258422238202,0.303594167495,1.0,-0.00878,-0.0115394285714,0.44
0.463551731215,0.536174027817,-0.124054591102,-1.37342092823,0.0784239313112,1.90056636841,0.156998570365,-0.00561983166821,-0.0512052374258,-0.000207023435948,-0.0772248946759,-0.00851665743941,0.0329459814392,-0.0119430332253,0.574017582679,0.818827884737,0.00233599097261,0.0,0.818790015348,-0.573957745681,-0.0116689262875,0.0,-0.00821424026617,0.00861102073316,-0.999929185782,0.0,0.659686836457,0.258176024229,0.303612768145,1.0,-0.0092,-0.0120914285714,0.461
0.46347039204,0.535512887755,-0.124060247441,-1.37446756253,0.0783574942359,1.90094141658,0.156866152608,-0.00379818003469,-0.0530988141428,-0.000799377130032,-0.0781614622369,-0.00714472644333,0.0296089254472,-0.0148658773927,0.574019353602,0.818826677887,0.0023238272291,0.0,0.818788676738,-0.573959588022,-0.0116722347527,0.0,-0.00822391262278,0.00860297770367,-0.99992917551,0.0,0.659562101298,0.258018231754,0.3036138566,1.0,-0.00946,-0.0124331428571,0.474
0.463327622713,0.534469364719,-0.124058202668,-1.37614985788,0.0782821859442,1.90155159249,0.156656840712,-0.00152095490425,-0.0482658654548,6.15617505382e-05,-0.0859171299288,0.000107676985454,0.0287325053368,-0.0118339979176,0.574035538043,0.818815361292,0.00231345582335,0.0,0.818776948101,-0.573975518842,-0.011711529756,0.0,-0.00826187252858,0.00861720449131,-0.999928740086,0.0,0.659360989246,0.257768479547,0.303602231197,1.0,-0.00986,-0.0129588571429,0.494
0.463221369251,0.533703138984,-0.12405842219,-1.37736770522,0.0781986933897,1.90199082537,0.156511426807,-0.00660771725855,-0.0604246834024,0.00163800648354,-0.0868247969538,-0.0119254771627,0.0377473848516,-0.014424764576,0.574047829945,0.81880679026,0.00229696762812,0.0,0.818768220382,-0.573987930227,-0.0117134173905,0.0,-0.00827275327794,0.0086049116026,-0.999928755987,0.0,0.659217617735,0.257580102137,0.30360106232,1.0,-0.01014,-0.0133268571429,0.508
0.463060820358,0.532555548122,-0.124063781592,-1.37922740722,0.078098429219,1.90269034968,0.156277774519,-0.00289848634085,-0.057240166284,-0.00230763069473,-0.0917899301122,-0.00302174941096,0.0329920354407,-0.0182149715764,0.574066658135,0.818793611322,0.00228931802949,0.0,0.818754850305,-0.57400668922,-0.0117287141211,0.0,-0.00828947192671,0.00860761968359,-0.99992859422,0.0,0.659002546141,0.257296714316,0.303585914043,1.0,-0.01056,-0.0138788571429,0.529
0.462961649688,0.531824679227,-0.124057903868,-1.38040277304,0.0780347027652,1.90312992525,0.156131158887,-0.00814851711059,-0.059268360124,1.71593623079e-05,-0.0901834677859,-0.014217512091,0.0243349096017,-0.0110449006546,0.574070762181,0.81879073373,0.00228938153134,0.0,0.81875187053,-0.574010685581,-0.0117411347181,0.0,-0.0082995626406,0.00861484343007,-0.999928448307,0.0,0.65886325846,0.257124369238,0.303579590338,1.0,-0.01082,-0.0142205714286,0.542
0.462766580246,0.530406846925,-0.124064074565,-1.38269462887,0.0778791343107,1.90393568366,0.155839296685,-0.00988842226006,-0.0639600271062,-0.00103188378714,-0.0975281826112,-0.00392938895488,0.0350995053007,-0.0101230805421,0.574078562523,0.818785455398,0.00222013086504,0.0,0.818745779059,-0.574018836939,-0.0117673707322,0.0,-0.0083607160365,0.0085732831116,-0.999928296051,0.0,0.658586696852,0.256768392598,0.303557834202,1.0,-0.0113,-0.0148514285714,0.566
0.462674019847,0.529747434792,-0.124058863592,-1.38374698712,0.0778198104139,1.90432812443,0.155692742674,-0.00643971034909,-0.0582720161243,0.00122378950494,-0.0935027225399,-0.00485076735752,0.0362479689012,-0.0192432031058,0.574071950504,0.818790084423,0.00222265494589,0.0,0.818750364861,-0.574012138101,-0.011775069175,0.0,-0.00836564003066,0.00857970166239,-0.999928199815,0.0,0.658462372002,0.256611238744,0.303555307088,1.0,-0.01152,-0.0151405714286,0.577
0.462482155018,0.528338282391,-0.124064923181,-1.38592064347,0.0776847033215,1.90514155848,0.155407879736,-0.0102581867881,-0.0638208788879,-0.00182866783992,-0.100647040116,-0.00674619465344,0.0323891500027,-0.0134355567815,0.574081583322,0.81878322714,0.00226043055159,0.0,0.818744042831,-0.574021671498,-0.0117498885122,0.0,-0.0083232357591,0.00859627415421,-0.999928411346,0.0,0.658211475833,0.256275233859,0.303583702516,1.0,-0.01196,-0.0157188571429,0.599
0.462381072472,0.527570085611,-0.124068139139,-1.38712087676,0.0776114747336,1.90561493464,0.155230748183,-0.00505096340135,-0.0641044823085,-0.0019311103909,-0.103724645092,-0.00614636657727,0.0302704398653,-0.0152039416234,0.574067001259,0.818793359891,0.00229319968045,0.0,0.818754641959,-0.574007010174,-0.0117275506008,0.0,-0.00828628740408,0.00861013346055,-0.999928598972,0.0,0.658075811483,0.256094717721,0.303594332553,1.0,-0.0122,-0.0160342857143,0.611
0.462191115731,0.526142085522,-0.124072781018,-1.38934009574,0.0774696196906,1.90645406224,0.154929389446,-0.0106995189667,-0.0644097896331,-0.000861501853413,-0.11043296731,-0.0123784506573,0.0447255179582,-0.0183045808371,0.574060733126,0.818797657012,0.00232775754458,0.0,0.818759466415,-0.574000696517,-0.0116997203352,0.0,-0.00824372786355,0.00862238956584,-0.999928845143,0.0,0.657818125229,0.255756364185,0.303615792175,1.0,-0.01262,-0.0165862857143,0.632
0.462077603763,0.525237842189,-0.124076891971,-1.39073453428,0.0773824914898,1.90695411822,0.154745901465,-0.00773566831721,-0.0681624901944,-3.11822396989e-05,-0.104020344559,-0.00788225073783,0.0395100922784,-0.0171321453337,0.574057829061,0.818799674138,0.00233440080923,0.0,0.818761570936,-0.573997769572,-0.011696041438,0.0,-0.00823693264684,0.00862568790149,-0.999928872695,0.0,0.65764918212,0.25554552451,0.30363161109,1.0,-0.01288,-0.016928,0.645
0.461880509239,0.523788264254,-0.124089596724,-1.39305473733,0.0772290080648,1.90778503396,0.154426915643,-0.00813664040626,-0.0698902146097,-4.80633471085e-05,-0.111359282866,-0.00763244508624,0.0355455123181,-0.0180351436416,0.574050136711,0.818805191618,0.00229033248691,0.0,0.818766610813,-0.57399033957,-0.0117078605444,0.0,-0.00827198753598,0.00859631221969,-0.999928836287,0.0,0.657369556178,0.255183775257,0.303618982504,1.0,-0.0133,-0.01748,0.666
0.461774423129,0.522952872778,-0.124093590249,-1.39440569319,0.0771500678717,1.90829076986,0.154254073798,-0.0090525635752,-0.0698917073453,0.000631860232747,-0.116387689698,-0.00738564201258,0.0473182150495,-0.0126791633523,0.574049554915,0.818805624853,0.00228125243945,0.0,0.818766902752,-0.573989767331,-0.0117154964594,0.0,-0.00828345832418,0.00859325496914,-0.999928767607,0.0,0.657206908201,0.254983886629,0.303607165935,1.0,-0.01354,-0.0177954285714,0.678
0.461580335336,0.521424087289,-0.124099995629,-1.39683694321,0.0770003291561,1.90924088458,0.15391891545,-0.00872580268426,-0.0725490476152,-5.81740068362e-05,-0.114466753551,-0.00557684742793,0.0457071443328,-0.0124782385268,0.574028586699,0.818820228052,0.00231574742308,0.0,0.818782027305,-0.573968750555,-0.0116881157762,0.0,-0.00824145764394,0.00860557063388,-0.999929008745,0.0,0.656923112323,0.254624354774,0.303606743575,1.0,-0.01396,-0.0183474285714,0.699
0.461452359104,0.520452818444,-0.124103086699,-1.39838414226,0.0769091983479,1.90981784292,0.153718568643,-0.0118721711271,-0.0774968678718,-0.00107585279254,-0.116746664291,-0.00846425075298,0.0443460170745,-0.00771981925729,0.574029543632,0.818819555479,0.00231635566973,0.0,0.818781331986,-0.57396967314,-0.0116915185941,0.0,-0.00824388487181,0.00860803159485,-0.999928967554,0.0,0.656737089308,0.254392020372,0.303602635644,1.0,-0.01422,-0.0186891428571,0.712
0.461243743258,0.518819791266,-0.124111980749,-1.40092643217,0.0767445757915,1.91072456399,0.153375323853,-0.00898988014727,-0.0782668984498,0.000369065960295,-0.116823480492,-0.00821055096211,0.0479734573892,-0.0112636732582,0.574016112345,0.818828995705,0.00230769639571,0.0,0.818790701602,-0.573956318978,-0.0116909271046,0.0,-0.0082485119807,0.00860046646282,-0.999928994492,0.0,0.656424491635,0.254004528104,0.303617918723,1.0,-0.01464,-0.0192411428571,0.733
0.461111985656,0.517780499341,-0.124106827259,-1.40254522274,0.0766312790131,1.91130143441,0.153156225953,-0.00888627418528,-0.0811548766596,0.000692430751345,-0.123195508257,-0.0106685997088,0.0429207803627,-0.0137945896265,0.573995941865,0.818843159002,0.00229925637179,0.0,0.818804803026,-0.573936231741,-0.0116894540989,0.0,-0.00825236186705,0.00859250680837,-0.999929031157,0.0,0.65622248334,0.253763456803,0.303626559968,1.0,-0.0149,-0.0195828571429,0.746
0.460882378505,0.516117492679,-0.124115996231,-1.4051773719,0.0764622590775,1.91228022904,0.152784065159,-0.011886511511,-0.0794867199606,-0.000917609568715,-0.119884461941,-0.00725869889632,0.0448502624746,-0.0218781890161,0.57397931297,0.818854815084,0.00229934720535,0.0,0.818816537726,-0.573919685195,-0.0116798712635,0.0,-0.00824463693422,0.00858691332579,-0.99992914293,0.0,0.655907554842,0.253356038164,0.303625405708,1.0,-0.01532,-0.0201348571429,0.767
0.460757720575,0.515144301755,-0.124123713239,-1.40672508165,0.0763727009175,1.91286140638,0.152587272222,-0.0067628040698,-0.080736197376,-0.000377498096318,-0.128404510051,-0.010707379393,0.0484776879401,-0.0106893820572,0.57398331553,0.81885199489,0.00230453001201,0.0,0.818813763352,-0.5739236459,-0.0116797484169,0.0,-0.00824151969925,0.00859112701862,-0.999929132434,0.0,0.655720192507,0.253123833944,0.303621756255,1.0,-0.01556,-0.0204502857143,0.779
0.460531451035,0.513509063078,-0.124119686849,-1.4093767659,0.0762219119372,1.91379220289,0.152218379971,-0.0143494367145,-0.0816164648554,0.00127595900378,-0.133906715703,-0.00650646791244,0.0486598050727,-0.0131419040516,0.573962287523,0.818866916572,0.00223882678154,0.0,0.818827596449,-0.573902621487,-0.0117428805861,0.0,-0.00833114825867,0.00857334881925,-0.999928542276,0.0,0.655383550195,0.252723482563,0.303586348807,1.0,-0.01596,-0.020976,0.799
0.460404103056,0.512600396838,-0.124122764912,-1.41084595011,0.0761362955698,1.91430388055,0.152010678332,-0.0105681795248,-0.0841371833798,0.00155095673164,-0.132843315379,-0.00768009937374,0.0451196983208,-0.0223303237927,0.573952500397,0.818873883904,0.00219919296393,0.0,0.818833953393,-0.573892889049,-0.0117752100007,0.0,-0.00838047209348,0.00855934988553,-0.999928250034,0.0,0.655197583197,0.252496745086,0.303568142715,1.0,-0.01618,-0.0212651428571,0.81
0.460163705592,0.510832943272,-0.124128452956,-1.41369124852,0.075948533982,1.91537152475,0.151608843233,-0.00892471194829,-0.0826327096777,0.000987262288968,-0.132261121445,-0.01148777633,0.0587100083727,-0.0176529935007,0.573922479958,0.81889497852,0.00217900330253,0.0,0.818854896775,-0.573863063412,-0.0117723990846,0.0,-0.00839007052002,0.00854089644079,-0.999928327334,0.0,0.654851459394,0.252063669593,0.303544343431,1.0,-0.0166,-0.0218171428571,0.831
0.460008122958,0.509697251748,-0.124140485371,-1.41549893553,0.0758365279215,1.91606356649,0.151360277197,-0.0160773370419,-0.087759205274,-0.00252609528376,-0.136970704903,-0.0104796407201,0.0556264088696,-0.015117360084,0.57391907293,0.818897335634,0.00219050679429,0.0,0.818857469055,-0.573859679535,-0.0117584215954,0.0,-0.00837205777682,0.00854225973565,-0.999928466665,0.0,0.654636146892,0.251784039102,0.303539261939,1.0,-0.01686,-0.0221588571429,0.844
0.459766787818,0.507925195034,-0.124137702286,-1.41827210793,0.0756597149385,1.91705763734,0.150963032628,-0.0145486694448,-0.091902341703,0.00195790872444,-0.136628875806,-0.0146496621437,0.0545736353278,-0.0188379587245,0.573885427757,0.818920936438,0.00218233201801,0.0,0.818880915477,-0.573826020785,-0.011768221551,0.0,-0.00838512555447,0.00854084533725,-0.99992836925,0.0,0.654288127936,0.251360920806,0.303545135487,1.0,-0.01726,-0.0226845714286,0.864
0.459604440637,0.506768443249,-0.124141786032,-1.42010629234,0.0755451204933,1.91772228653,0.150712946023,-0.0141978527087,-0.083290228257,0.00109057999623,-0.14505376497,-0.0129719107495,0.0501353594182,-0.0185438127634,0.573880434435,0.818924470792,0.00216910394084,0.0,0.818884261225,-0.573821062121,-0.0117771934328,0.0,-0.00840011610045,0.00853511028907,-0.9999282924,0.0,0.654060141762,0.251076537845,0.303538775548,1.0,-0.01752,-0.0230262857143,0.877
0.459326958338,0.504791359941,-0.124152194709,-1.42314625309,0.075354682648,1.9188991994,0.150294308104,-0.0179566351773,-0.102162051561,-0.00103532523959,-0.149141270113,-0.0107862528108,0.0579664672626,-0.0131869587931,0.573877962686,0.81892595878,0.00225939822154,0.0,0.8188870245,-0.573818351939,-0.011716952867,0.0,-0.00829899247806,0.00857445801189,-0.999928800162,0.0,0.653700604159,0.250603389648,0.303575974751,1.0,-0.01794,-0.0235782857143,0.898
0.459160209337,0.503520535326,-0.124152865485,-1.42504623266,0.0752337389345,1.91960693281,0.150035845924,-0.0137463212562,-0.0941983300632,-8.84329028224e-06,-0.14464874217,-0.00622037577169,0.0543061331244,-0.017326402105,0.573868229866,0.818932596791,0.00232455669548,0.0,0.818894526142,-0.573808397594,-0.0116801030367,0.0,-0.00823152544046,0.00860657251115,-0.999929081935,0.0,0.653467541635,0.250313825498,0.303620648583,1.0,-0.0182,-0.02392,0.911
0.458881623076,0.501540100188,-0.124161462576,-1.42799123861,0.0750417825711,1.92069908183,0.149630733175,-0.015290092738,-0.0940319772604,0.000385430842689,-0.150749467046,-0.0112509512192,0.0523600801675,-0.0200875696846,0.57386949255,0.818931415188,0.00242685796896,0.0,0.818894765226,-0.573809391527,-0.011614326576,0.0,-0.00811893931961,0.00865261557489,-0.999929605056,0.0,0.65311132776,0.249846641732,0.303696365292,1.0,-0.0186,-0.0244457142857,0.931
0.458699772265,0.500212899465,-0.124157514545,-1.42998934781,0.0749186876942,1.92138973125,0.149350755517,-0.0156361694736,-0.0992743100055,0.000862384980348,-0.151632563657,-0.00407020271044,0.0554397493323,-0.0181069802638,0.573854647277,0.818941756036,0.00244763563648,0.0,0.818905262117,-0.573794353938,-0.0116171411262,0.0,-0.00810947857789,0.00867109907133,-0.999929521715,0.0,0.652853894015,0.249537745567,0.303731084404,1.0,-0.01886,-0.0247874285714,0.944
0.458389483235,0.49814464911,-0.124163193617,-1.43322915961,0.0747186292829,1.92259285136,0.148881123407,-0.0115623498911,-0.0967275882985,-0.000325120454064,-0.155803919292,-0.00934204741845,0.0560121584013,-0.0171440113737,0.573839028942,0.818952626474,0.00247211562407,0.0,0.818916424328,-0.573778624282,-0.011607203993,0.0,-0.00808745880289,0.00868528997421,-0.999929576894,0.0,0.652456065024,0.249024243529,0.303735918148,1.0,-0.01928,-0.0253394285714,0.965
0.458185363636,0.496859383054,-0.124157934287,-1.43525933098,0.0745903765622,1.92332692407,0.148582421499,-0.0173729856366,-0.0967289450872,-0.00255497225765,-0.153353401923,-0.00908971971356,0.0501461700741,-0.0261291288392,0.573825887988,0.818961862837,0.00246259906661,0.0,0.81892547677,-0.573765453346,-0.0116195931642,0.0,-0.00810320540508,0.00868447568327,-0.999929456484,0.0,0.652202157774,0.248699507152,0.30372896016,1.0,-0.01954,-0.0256811428571,0.978
0.457870019195,0.49489436144,-0.124160718347,-1.43847442318,0.0743950435212,1.92443359529,0.148120806056,-0.0182088065892,-0.0963515352398,-0.000830753321998,-0.163290832601,-0.0060072245637,0.0570250649327,-0.0252107573058,0.573815637356,0.818969438482,0.00232810206873,0.0,0.81893114298,-0.57375551537,-0.0117106166577,0.0,-0.00825503468119,0.00862645633542,-0.999928716786,0.0,0.651765148947,0.24815218006,0.303655685999,1.0,-0.01996,-0.0262331428571,0.999
0.45764284983,0.493509875622,-0.124166040151,-1.44074869008,0.074246298333,1.92524788357,0.14780387597,-0.0164886472295,-0.101278781177,-0.00121908598841,-0.165750559351,-0.0102251044037,0.0599042662051,-0.0207717472595,0.573821650688,0.818965383678,0.00227166024937,0.0,0.818926317427,-0.573761699742,-0.0117450174907,0.0,-0.00831553120939,0.00860003326362,-0.999928443124,0.0,0.651498412421,0.24780951429,0.30361616912,1.0,-0.0206085714286,-0.0270855510204,1.012
0.457314312262,0.49138489836,-0.124169963981,-1.44415029071,0.0740268124735,1.92648848234,0.147324849183,-0.0175702225058,-0.106869075061,-0.00063282019672,-0.173593113226,-0.0136601386528,0.0618391779575,-0.0206462065282,0.573812066187,0.818972202775,0.00223398349112,0.0,0.818932642622,-0.57375225499,-0.0117653577479,0.0,-0.00835390872423,0.00858075144877,-0.999928288886,0.0,0.651069208161,0.247266896712,0.303583574125,1.0,-0.0217514285714,-0.0285875918367,1.032
0.457079675418,0.489956243309,-0.12416575782,-1.44645238555,0.0738835069337,1.92728573323,0.146998929282,-0.0208399819276,-0.11098888127,0.00294213805687,-0.178107888037,-0.00294537444883,0.0681303782339,-0.0210173462626,0.573810038839,0.818973793245,0.00217076175489,0.0,0.818933266986,-0.573750325243,-0.0118158964243,0.0,-0.00843159658667,0.00855795376905,-0.999927832199,0.0,0.650770073354,0.246893748836,0.303550493955,1.0,-0.0224942857143,-0.0295639183673,1.045
0.456674883947,0.487478932591,-0.124185219355,-1.45029473015,0.0736460223298,1.92873731235,0.14643431677,-0.0201354074302,-0.127371636757,-0.00054781440085,-0.183219119186,-0.00850044257911,0.0734882780761,-0.0229351387249,0.573819937771,0.818966673795,0.00223900208554,0.0,0.818927083548,-0.573760008476,-0.0117741839044,0.0,-0.00835817529404,0.00859000630754,-0.999928173769,0.0,0.650304475308,0.246256507733,0.30356981209,1.0,-0.0236942857143,-0.0311410612245,1.066
0.456412949675,0.48587356174,-0.1241904577,-1.45272919017,0.073490502067,1.92967105573,0.14607028675,-0.0198821291708,-0.125598197253,0.000576989641981,-0.188597828469,-0.0123933906232,0.0724147814551,-0.0320032319052,0.573818389393,0.818967522429,0.00232381188925,0.0,0.818929100769,-0.573758209403,-0.0117214315114,0.0,-0.00826632472803,0.00862917627046,-0.999928600047,0.0,0.650011900951,0.245854120101,0.303607062863,1.0,-0.0244371428571,-0.0321173877551,1.079
0.455995782487,0.483338214385,-0.124228857457,-1.45663332951,0.0732402790487,1.93102187075,0.145484835783,-0.017235542787,-0.130405337458,-0.000871452835241,-0.199210021649,-0.00533717564618,0.0609088879544,-0.0362607223901,0.573831867496,0.818958143556,0.00230083682489,0.0,0.818919447738,-0.573771796769,-0.0117307395269,0.0,-0.0082869889366,0.00861583807337,-0.999928544021,0.0,0.649516095718,0.245183124347,0.303626639282,1.0,-0.02558,-0.0336194285714,1.099
0.455705370115,0.481596455241,-0.124246959115,-1.45931180502,0.0730679066088,1.931948589,0.145083571213,-0.0247569763843,-0.13352779273,0.000119532330671,-0.20675494902,-0.0180521250447,0.0719315831055,-0.0434034656689,0.573838072408,0.818953829721,0.00228874229626,0.0,0.818914960176,-0.573778028995,-0.0117391798836,0.0,-0.00830077609553,0.0086108394478,-0.999928472722,0.0,0.649173647773,0.244725016385,0.303640575138,1.0,-0.0263228571429,-0.034595755102,1.112
0.455226462549,0.478746790393,-0.124256496348,-1.4637149398,0.0727995171126,1.93359512093,0.144426281987,-0.0260370197462,-0.139708046357,0.000693892286495,-0.210901587655,-0.0135138547051,0.071079604505,-0.0406940785215,0.573840879778,0.818951635311,0.00236867446066,0.0,0.818913730294,-0.57378046209,-0.0117060053092,0.0,-0.00822771147332,0.00865729110345,-0.999928675494,0.0,0.648627321189,0.243993432892,0.303662669185,1.0,-0.0275228571429,-0.0361728979592,1.133
0.454911514963,0.476908432589,-0.124266925033,-1.46650823008,0.0726251215747,1.93460873756,0.14402970085,-0.0269879811837,-0.141098083117,-0.000332580390547,-0.219824492267,-0.0161823874782,0.0721961596227,-0.0322901274916,0.573869442288,0.818931476676,0.00241797815502,0.0,0.818894180795,-0.573808808478,-0.0116841291834,0.0,-0.00818120151528,0.00868540015943,-0.999928813349,0.0,0.648277455323,0.243517505296,0.303694215481,1.0,-0.0282657142857,-0.0371492244898,1.146
0.454419070873,0.474017065374,-0.124270086081,-1.47099005386,0.0723446543234,1.9362348248,0.143392380587,-0.02392350711,-0.145820179765,0.000349963664991,-0.228015143454,-0.0179738888277,0.0864584844194,-0.0382384630381,0.573892757491,0.818915046521,0.00244875109632,0.0,0.818878031066,-0.573831882902,-0.0116827781009,0.0,-0.00816218846708,0.00871005791142,-0.999928754247,0.0,0.647705480491,0.24276976548,0.303702618409,1.0,-0.0294085714286,-0.0386512653061,1.166
0.454067967726,0.471938982963,-0.124272830507,-1.47421719231,0.0721378131872,1.93733648176,0.142916813621,-0.0234092637716,-0.151924428882,-0.000902620426781,-0.228437251302,-0.0183362705914,0.0768907117687,-0.0377759591433,0.573890566662,0.818916697744,0.00240967929362,0.0,0.818879024119,-0.573829674247,-0.0117215917392,0.0,-0.00821641990685,0.00870031426182,-0.999928394924,0.0,0.647276945968,0.242228352625,0.303698805409,1.0,-0.0302085714286,-0.0397026938775,1.18
0.453613288574,0.469176077689,-0.124264797419,-1.47840595628,0.0718628225102,1.93892882985,0.14225393493,-0.0260590833098,-0.158445034425,0.000803357206183,-0.230823072632,-0.0176190739472,0.0965080786765,-0.0388065934778,0.573838863875,0.818952515698,0.00254602436974,0.0,0.818916669856,-0.573777550329,-0.011642915095,0.0,-0.00807429843644,0.00876630774715,-0.999928976254,0.0,0.646749792255,0.241543871343,0.303751190157,1.0,-0.0312371428571,-0.0410545306122,1.198
0.453208989249,0.466824269986,-0.124272566463,-1.48201557461,0.0716167396508,1.9402638782,0.141678158011,-0.0317099378048,-0.155823816388,-0.00141261430104,-0.243696123023,-0.0221420808694,0.0861935078381,-0.0366716367282,0.573807541503,0.818974291966,0.00260025281211,0.0,0.818939271416,-0.57374617713,-0.0115991750899,0.0,-0.00800769526911,0.00878531242975,-0.999929345055,0.0,0.64629154379,0.240933472662,0.30377211314,1.0,-0.0320942857143,-0.0421810612245,1.213
0.452641030773,0.463597518916,-0.124275769518,-1.48707536464,0.0712746593638,1.94196183576,0.140942315085,-0.0266994276739,-0.158270524685,-0.00110948340775,-0.255922907654,-0.0228522910572,0.09119308517,-0.0339343687415,0.573815597975,0.818969022595,0.00247920374088,0.0,0.81893227384,-0.573754485876,-0.0116819390988,0.0,-0.00814484879157,0.00873374697798,-0.999928689008,0.0,0.645607085272,0.240070558233,0.303736023645,1.0,-0.0332371428571,-0.0436831020408,1.233
0.452228369036,0.461282301578,-0.124279332851,-1.49068802419,0.071036904231,1.9432471475,0.14040040693,-0.0312730742741,-0.173780526595,-0.000399374191223,-0.255018350144,-0.010740121631,0.0927321674503,-0.0361768744929,0.573815808965,0.818968918199,0.0024648135762,0.0,0.818931924807,-0.573754686793,-0.0116965301031,0.0,-0.0081650534664,0.00873033649548,-0.999928554011,0.0,0.645132205817,0.239455408931,0.303722931263,1.0,-0.0340371428571,-0.0447345306122,1.247
0.451608041355,0.457928223778,-0.124278997487,-1.49590074242,0.0706889451592,1.9450930616,0.139594160025,-0.03042311578,-0.171431637678,-0.00211656456768,-0.264828261644,-0.0151361308696,0.0967584370719,-0.0430561896923,0.573808526792,0.818974099585,0.00243837873664,0.0,0.818936653181,-0.573747384802,-0.0117236262224,0.0,-0.0082024907294,0.00872416238026,-0.999928301498,0.0,0.644410361388,0.2385078931,0.303701095306,1.0,-0.0352371428571,-0.0463116734694,1.268
0.451180063808,0.455752296486,-0.124298463486,-1.49945526877,0.0704500808853,1.94631142499,0.139060575305,-0.0339641422448,-0.171340416033,-0.00185078316526,-0.275555050734,-0.02041939849,0.0867479513474,-0.0372589383539,0.573834861647,0.81895604215,0.00230206132205,0.0,0.818916794154,-0.573774195859,-0.0117984456437,0.0,-0.00834170556767,0.00865572275087,-0.999927744596,0.0,0.643970665336,0.237921644532,0.303620924621,1.0,-0.0359228571429,-0.0472128979592,1.28
0.450459496681,0.451774613977,-0.124343824612,-1.50546714482,0.0700332535968,1.94847907904,0.138095891303,-0.0373916997783,-0.183188893598,-0.000786497576813,-0.280491500123,-0.0183108547474,0.107430399129,-0.0446612726174,0.573827709001,0.818960796151,0.00239199759714,0.0,0.818923007579,-0.57376701071,-0.0117163125463,0.0,-0.00822290965646,0.00868217381152,-0.999928499251,0.0,0.643192609188,0.236855591346,0.303680187103,1.0,-0.03718,-0.0488651428571,1.302
0.450055191803,0.44953296108,-0.124360509016,-1.50877993937,0.0698034892654,1.94972468121,0.137597910186,-0.0359169800703,-0.191781599204,-0.00190862431074,-0.273043053509,-0.0257680821137,0.100494877654,-0.0363270258823,0.573850125154,0.818944682672,0.00252734753254,0.0,0.818908862206,-0.573789165725,-0.011619621273,0.0,-0.00806581771594,0.00873775664289,-0.999929294597,0.0,0.642772564612,0.236272780322,0.303749359652,1.0,-0.0378657142857,-0.0497663673469,1.314
0.449371121226,0.445779768669,-0.124368417128,-1.51451885573,0.0694136460093,1.95161928172,0.136747468622,-0.0325510012764,-0.183640820929,0.00076724108862,-0.286719685656,-0.015087460475,0.0945537693274,-0.0388262568222,0.573869240697,0.818931529919,0.00244760862573,0.0,0.818894449468,-0.573808319641,-0.0116893046402,0.0,-0.0081684392078,0.00871263324142,-0.999928680768,0.0,0.641975054711,0.235269739536,0.303754298892,1.0,-0.0390085714286,-0.0512684081633,1.334
0.448917793477,0.443306063191,-0.124366489197,-1.51830546896,0.0691463435067,1.95299413397,0.136149755833,-0.0353683005228,-0.192182327444,0.000759152238057,-0.298606024445,-0.0190834694547,0.0993380020147,-0.0484599257659,0.573849884689,0.818944932239,0.0025009404773,0.0,0.818908675631,-0.573788916735,-0.0116450380275,0.0,-0.00810178893562,0.00873071367669,-0.999929065312,0.0,0.641433001726,0.234563043051,0.303772790085,1.0,-0.0398085714286,-0.0523198367347,1.348
0.448135085519,0.439316074464,-0.12437482001,-1.52452268935,0.0687221498118,1.95518667181,0.135132089391,-0.0400874624212,-0.193901878926,0.00135404515509,-0.299508199134,-0.0193239301424,0.106520357684,-0.0421904848879,0.57381604848,0.818968798808,0.00244867035384,0.0,0.81893175541,-0.573755155039,-0.0116854160794,0.0,-0.00816521113726,0.00871074089959,-0.99992872362,0.0,0.640631137596,0.233514430179,0.303724261644,1.0,-0.0409514285714,-0.053821877551,1.368
0.447625171234,0.436757832514,-0.124381197956,-1.52848967025,0.0684639721028,1.95655729353,0.134511984983,-0.0430287103116,-0.205438778559,0.000470861739244,-0.303112607074,-0.0212408395958,0.106723165756,-0.0403306264167,0.573833330456,0.818956780631,0.00241810223596,0.0,0.818919154181,-0.57377234829,-0.0117242549994,0.0,-0.00821437608345,0.00870816619039,-0.999928343366,0.0,0.640088903504,0.232804069429,0.303702587489,1.0,-0.0416942857143,-0.0547982040816,1.381
0.446783002295,0.432463674508,-0.124410694138,-1.5349123337,0.0680079620335,1.95886892136,0.133474239587,-0.0403712808294,-0.201409952381,-0.00147031559305,-0.309167751282,-0.0251985174423,0.104755470611,-0.0505232510266,0.573847281484,0.81894660274,0.00255074408543,0.0,0.818910965242,-0.573786110263,-0.0116222879351,0.0,-0.00805460676959,0.00875841926397,-0.999929204195,0.0,0.639237462437,0.231635203833,0.303775745534,1.0,-0.0428942857143,-0.0563753469388,1.402
