position_joint1,position_joint2,position_joint3,position_joint4,position_joint5,position_joint6,position_joint7,velocity_joint1,velocity_joint2,velocity_joint3,velocity_joint4,velocity_joint5,velocity_joint6,velocity_joint7,ee_T_00,ee_T_10,ee_T_20,ee_T_30,ee_T_01,ee_T_11,ee_T_21,ee_T_31,ee_T_02,ee_T_12,ee_T_22,ee_T_32,ee_T_03,ee_T_13,ee_T_23,ee_T_33,v_x,v_y,time
0.465063684357,0.54776757377,-0.123907948076,-1.35584688648,0.0795522323108,1.89410511974,0.159174834314,7.70910222674e-05,0.000386179217052,0.000637644399823,0.000357041890512,-6.13759342158e-05,0.000387956046516,-7.81358126e-05,0.573785064435,0.818991732963,0.00199701549344,0.0,0.818948297563,-0.57372541571,-0.011982495081,0.0,-0.0086679927532,0.00851099301371,-0.999926211727,0.0,0.661656337757,0.260937795086,0.303215241453,1.0,0.0,0.0,0.0
0.465064142847,0.547756944034,-0.123907948088,-1.35584223804,0.0795543550491,1.89410512416,0.159172694126,0.00148858745522,-0.00309238416325,0.000267978645071,-1.31212067173e-05,-0.000247069656457,0.000465276125082,-2.17527339312e-05,0.573783226011,0.818992985759,0.00201139903503,0.0,0.818949725036,-0.573723504249,-0.0119764534821,0.0,-0.00865481112524,0.00851928682449,-0.999926255279,0.0,0.661657449158,0.260939137535,0.303224988418,1.0,-0.00018,-0.000236571428571,0.01
0.465060220094,0.547765347873,-0.123910536692,-1.35585082039,0.0795536806416,1.89410268273,0.159170808385,-0.00045523775563,-0.000730306598379,-0.00163279451742,0.000552670354508,0.000133786009166,-0.000217852097894,-0.000936855767688,0.573786990698,0.818990390844,0.00199396897657,0.0,0.818946907902,-0.573727346931,-0.0119850040406,0.0,-0.00867177557121,0.00850995797282,-0.999926187738,0.0,0.661656425463,0.260933635542,0.30321482264,1.0,-0.00054,-0.000709714285714,0.028
0.465056631975,0.547749519626,-0.12391016487,-1.35586643311,0.0795525723879,1.89410524803,0.159173266559,-0.000443575265369,-0.0025045528163,-3.26774383282e-05,-0.00451513936877,0.000220619054303,0.000197052355491,0.000153970573966,0.573792230857,0.818986713199,0.00199657516467,0.0,0.818943260533,-0.573732571785,-0.0119841145526,0.0,-0.00866949729876,0.00851163747465,-0.999926193198,0.0,0.661654690057,0.260929826597,0.303218813135,1.0,-0.00084,-0.001104,0.043
0.465056307844,0.547661759747,-0.123908630202,-1.35594169322,0.0795522168052,1.89411762792,0.159172165453,0.000475424161835,-0.00901428495622,0.000116006774282,-0.00591063435699,-0.000143131954344,0.000589515468558,0.0009464621952,0.573794465433,0.818985085048,0.00202208025241,0.0,0.818941902217,-0.573734636888,-0.011978068705,0.0,-0.00864988867484,0.00852907998904,-0.999926214388,0.0,0.661641982108,0.260923508458,0.303246186065,1.0,-0.00118,-0.00155085714286,0.06
0.465055506814,0.547529340069,-0.123906125521,-1.35612055309,0.0795497068497,1.89414594577,0.159166434332,0.000325338004773,-0.0110564296127,0.000637104159008,-0.00971323481348,0.000298932936429,-0.000383143376166,0.00060078281502,0.573797735315,0.818982814959,0.0020136164122,0.0,0.818939381619,-0.573737804027,-0.0119986817718,0.0,-0.0086715932698,0.00853401051298,-0.999925984328,0.0,0.66160989479,0.260906449606,0.303257232785,1.0,-0.00152,-0.00199771428571,0.077
0.465031945256,0.547383413084,-0.123908631283,-1.35631915872,0.07954623328,1.89421809911,0.159164268193,-0.00342533166151,-0.0131149133334,0.00048245158562,-0.0129186522181,0.000289967193895,0.0133532004099,0.00169704580807,0.573827169716,0.818962140189,0.00203448628271,0.0,0.818918916571,-0.573767084936,-0.0119953001802,0.0,-0.00865654210923,0.00854947305854,-0.999925982655,0.0,0.661589521508,0.260872094436,0.303272416514,1.0,-0.00184,-0.00241828571429,0.093
0.465021884657,0.547189749015,-0.123911218973,-1.35654394979,0.0795441869458,1.89435006395,0.159149941955,3.97067568176e-05,-0.0125091392698,-0.000105325725423,-0.0111153044449,7.81428147405e-05,0.00310191134107,0.000829949681597,0.573837780403,0.818954475093,0.00212518460588,0.0,0.818912419942,-0.573777302303,-0.0119500095194,0.0,-0.00856729603026,0.00859787254252,-0.9999263363,0.0,0.661572752652,0.26084845089,0.303314145553,1.0,-0.0022,-0.00289142857143,0.111
0.464992024894,0.546985465278,-0.123909052524,-1.35679564252,0.0795381346269,1.89447969381,0.159137520381,-0.00264933269481,-0.0115213089436,0.000310674225753,-0.0165583852892,-7.19037355359e-05,0.00989164572937,0.00180760056802,0.573863204979,0.818936461699,0.00220013029039,0.0,0.81889535036,-0.573802385198,-0.0119153179089,0.0,-0.00849561184683,0.00863960532771,-0.999926588205,0.0,0.661553912334,0.260810593937,0.303350217238,1.0,-0.00254,-0.00333828571429,0.128
0.464959323645,0.546762291914,-0.123906392243,-1.35712211918,0.0795337753396,1.8946062284,0.159105002457,-0.000746989410622,-0.0184477801272,7.70889590943e-05,-0.0291614963716,0.000191069875224,0.0115009685814,-0.00291118117132,0.573878627984,0.818925576082,0.00222891988854,0.0,0.818884699603,-0.573817547386,-0.0119171292482,0.0,-0.00848041186528,0.00866438099203,-0.999926502857,0.0,0.661518309895,0.260762568275,0.303363780214,1.0,-0.00286,-0.00375885714286,0.144
0.46492621339,0.546474156472,-0.123906916683,-1.3575475018,0.0795214859121,1.89475809047,0.158968718061,-0.00115893315007,-0.0153046808054,0.000902997230385,-0.0251319255636,-0.00204597262432,0.00359868497207,-0.00800949272726,0.57381498115,0.818970116411,0.00225005222205,0.0,0.818929383523,-0.573753688825,-0.0119212526316,0.0,-0.00847233701174,0.00868339441542,-0.999926406375,0.0,0.661468038524,0.260701975633,0.303378549168,1.0,-0.00322,-0.004232,0.162
0.46487987216,0.546193345205,-0.123911782233,-1.35800569883,0.0795098722526,1.89491786473,0.158934203908,-0.00374877619836,-0.0160286225422,-0.00137537174121,-0.0299815611974,0.000290720578877,0.00601363464739,-0.00110756548921,0.5738505791,0.818945194863,0.00224222630514,0.0,0.818904224984,-0.573789175588,-0.0119414899396,0.0,-0.00849302413949,0.00868896680137,-0.999926182474,0.0,0.661415992126,0.260626769859,0.303373326836,1.0,-0.00356,-0.00467885714286,0.179
0.464837352049,0.545901092281,-0.123909364443,-1.35849456834,0.0794899834593,1.89509088928,0.158901240422,-0.00327488124608,-0.0193905084183,-0.00308155282218,-0.0260365448052,-0.000250010755101,0.0121559973391,3.38115576218e-05,0.573878758971,0.818925489059,0.00222716701503,0.0,0.818884209106,-0.573817296899,-0.0119628072687,0.0,-0.00851882485051,0.0086891601821,-0.999925961318,0.0,0.661357604344,0.260554377682,0.303362484481,1.0,-0.00388,-0.00509942857143,0.195
0.464774861673,0.54555733107,-0.123912098103,-1.3591001101,0.0794348465117,1.89529094525,0.158774800283,-0.00933309980537,-0.019817722044,-0.00438712669106,-0.0348715262788,-0.00236910582511,0.0162243953409,-0.00554423412898,0.57384741681,0.818947621984,0.00216369308655,0.0,0.818905642571,-0.573786349626,-0.0119800020454,0.0,-0.00856966162112,0.00864672018064,-0.999925894819,0.0,0.661287475125,0.260448747091,0.303335009742,1.0,-0.00422,-0.00554628571429,0.212
0.464714744731,0.545170276711,-0.123912515882,-1.35978930077,0.0793776703913,1.89550719204,0.158733689363,-0.00294179058497,-0.0258472048352,0.000380783409235,-0.0422731074713,-0.00038120978321,0.00483729612067,-0.00153189641624,0.573886394591,0.818920522637,0.00208101111193,0.0,0.818877540192,-0.573825743543,-0.0120140383805,0.0,-0.00864457127568,0.00859895198757,-0.999925661943,0.0,0.661201383023,0.260337437723,0.303299669748,1.0,-0.00456,-0.00599314285714,0.229
0.464648447493,0.544778646797,-0.123909776693,-1.36044585568,0.0793567703894,1.89573342562,0.158640212222,-0.00352625043586,-0.0258445351384,0.0010914522122,-0.0392531231975,9.63922985697e-05,0.0162324946441,-0.00569678445723,0.573893242822,0.818915779748,0.00205874322466,0.0,0.818872287274,-0.573832467781,-0.0120508487697,0.0,-0.0086874237716,0.00860191406601,-0.999925265079,0.0,0.661123684151,0.260234368489,0.30328389969,1.0,-0.00488,-0.00641371428571,0.245
0.464574614383,0.544292305468,-0.123917254222,-1.36124305151,0.0793260025368,1.89602175995,0.158526225365,-0.00112605849144,-0.033696350294,0.000112302092158,-0.044777479961,-0.00297656342979,0.0212462804854,-0.00438438234956,0.573901870442,0.818909763775,0.00204665561183,0.0,0.818865972116,-0.57384100645,-0.0120733561274,0.0,-0.00871270204466,0.00860502397459,-0.999925018382,0.0,0.661033294021,0.260107574444,0.303273893264,1.0,-0.00524,-0.00688685714286,0.263
0.46451187564,0.543850797602,-0.123910546477,-1.36196912986,0.0792917165149,1.89628271592,0.158433932842,-0.00334748389974,-0.0282865776631,0.00148105326086,-0.0504528404897,-0.00236439901898,0.0195394753943,-0.00833006036792,0.573904298526,0.818908096727,0.00203276903706,0.0,0.818863980247,-0.573843352924,-0.0120969029085,0.0,-0.00873992900789,0.00860719163778,-0.999924762116,0.0,0.66094657741,0.260001761486,0.303263109909,1.0,-0.00554,-0.00728114285714,0.278
0.464434381617,0.54335549099,-0.123921422593,-1.36276048909,0.0792468131819,1.89654966479,0.158341606589,-0.00721553621752,-0.0303012026202,0.000245744316241,-0.0587640045902,-0.000573865609095,0.0163169725472,-0.00610796587766,0.573931713107,0.818888946575,0.00200717934922,0.0,0.818844479108,-0.573870859409,-0.0121120872371,0.0,-0.0087667614076,0.00859524419106,-0.999924629996,0.0,0.660855807189,0.259867662471,0.303260351005,1.0,-0.00586,-0.00770171428571,0.294
0.4643470073,0.542770154362,-0.1239221739,-1.36370117205,0.0791925369868,1.8968880261,0.158220705942,-0.00229266085762,-0.0338326932413,-0.000956586815093,-0.0544507604964,-0.00141642223038,0.0192910472498,-0.00717574849134,0.573942614884,0.818881339382,0.00199342267902,0.0,0.818836647512,-0.573881776543,-0.0121242791241,0.0,-0.00878452610912,0.00859109341282,-0.999924509758,0.0,0.660747897702,0.259719696198,0.303255999798,1.0,-0.00622,-0.00817485714286,0.312
0.464269037188,0.542138926652,-0.123932419834,-1.36467213549,0.0791358513612,1.89724663321,0.158084007762,-0.00584601402562,-0.0360963801583,-0.00210547289505,-0.0542223141445,-0.00110227544828,0.0215495281647,-0.0113910492678,0.573940529264,0.818882765386,0.00200806455925,0.0,0.818838291885,-0.573879653306,-0.0121137181136,0.0,-0.00876749639641,0.00859699945807,-0.999924608462,0.0,0.66063797291,0.259570446709,0.303271673743,1.0,-0.00658,-0.008648,0.33
0.464195857605,0.541586497206,-0.123920022463,-1.36552768122,0.0790866201397,1.8975550108,0.157975007508,-0.00470214615233,-0.0384482272224,0.000333845720119,-0.0608375026009,-0.00420276656475,0.0212588661263,-0.0156302363009,0.573942236327,0.818881549197,0.00201609685765,0.0,0.818837093401,-0.573881239308,-0.0121195933212,0.0,-0.00876767999629,0.00860696709587,-0.999924521104,0.0,0.660531109701,0.259432026857,0.30328251741,1.0,-0.0069,-0.00906857142857,0.346
0.464110538423,0.540912258285,-0.12392636837,-1.36654098863,0.0790272017574,1.89793681016,0.157836394875,-0.000506977582826,-0.0414436702545,0.000488112417066,-0.0584309629402,-0.00381466481982,0.0128162484923,-0.00975344000457,0.573937951123,0.818884461112,0.00205292742367,0.0,0.818840493786,-0.573876800936,-0.0120999993384,0.0,-0.00873054210525,0.00862583500824,-0.999924683466,0.0,0.660422487009,0.259292799267,0.303309020939,1.0,-0.00722,-0.00948914285714,0.362
0.464009051942,0.540154654084,-0.123923946689,-1.36769465673,0.0789552510001,1.89836442067,0.157694741601,-0.00927328379491,-0.0425635900564,0.00114759677165,-0.0666248264167,-0.00429907860436,0.0340930187345,-0.00414480956542,0.573948010926,0.818877344384,0.00207906459768,0.0,0.81883372404,-0.573886751776,-0.0120861661104,0.0,-0.00870410756064,0.00863940554117,-0.999924796764,0.0,0.660290995872,0.259117574644,0.303332334684,1.0,-0.00758,-0.00996228571429,0.38
0.463919241634,0.539455903418,-0.123931695984,-1.36877631466,0.0788974702574,1.89877285894,0.157565086682,-0.00528536140766,-0.0457796639849,-0.000260511414377,-0.06698412343,-0.000357933776377,0.0301342493263,-0.00589959320884,0.573965272128,0.818865186352,0.00210234946263,0.0,0.818821846512,-0.573903887083,-0.0120772085722,0.0,-0.0086832262985,0.00865351458067,-0.99992485631,0.0,0.660169066469,0.258952933587,0.303346908005,1.0,-0.0079,-0.0103828571429,0.396
0.463815194545,0.538697940436,-0.123931707741,-1.36994260938,0.0788311468135,1.89922661552,0.15741100672,-0.0101835627379,-0.0418081291875,4.0360807791e-05,-0.0681692588469,0.000189521137542,0.024745436961,-0.00937377809203,0.57397115248,0.818860961177,0.00214226090713,0.0,0.818818131981,-0.573909585728,-0.0120582358074,0.0,-0.00864472093129,0.00867536860517,-0.999925000577,0.0,0.660040334129,0.258775816078,0.303366581959,1.0,-0.00824,-0.0108297142857,0.413
0.463695155437,0.537774087072,-0.123937291366,-1.37138695763,0.0787421478962,1.89977699966,0.157231612921,-0.00466751459607,-0.0476731806396,0.000650516186833,-0.0730911305772,-0.0106680292833,0.025637712882,-0.0145619553642,0.573982448068,0.81885298628,0.00216404042462,0.0,0.818810496879,-0.573920843485,-0.0120408685466,0.0,-0.0086178791818,0.00868335340204,-0.999925162966,0.0,0.659877256155,0.258556988008,0.30337947781,1.0,-0.00864,-0.0113554285714,0.433
0.46362108716,0.537193642774,-0.123941304237,-1.37228589369,0.0786880557749,1.9001055045,0.157125437867,-0.00433370163735,-0.0457878298411,0.00049969933635,-0.0747804185143,-0.00663807828902,0.0271651781697,-0.003933517685,0.573993717602,0.818845069888,0.00217038569341,0.0,0.818802626621,-0.573932047849,-0.0120420094305,0.0,-0.0086150520145,0.00868932256333,-0.999925135474,0.0,0.659764444675,0.258407919544,0.303386518037,1.0,-0.0089,-0.0116971428571,0.446
0.463488857942,0.536211488092,-0.12394629621,-1.37383966842,0.0786071697786,1.90069258583,0.156930170047,-0.00333560091567,-0.0482537328391,-0.000691855946788,-0.0758992120402,-0.00365672417199,0.0282494114735,-0.00607873235474,0.574009820926,0.818833731504,0.00218918540782,0.0,0.818791485084,-0.573948020986,-0.0120382748295,0.0,-0.00860103246368,0.00870274190511,-0.99992513946,0.0,0.65959515052,0.258185319243,0.303394900132,1.0,-0.00928,-0.0121965714286,0.465
0.46337070927,0.535377198372,-0.123946960511,-1.37515757714,0.0785220765234,1.90116661574,0.156773546273,-0.00743360651587,-0.0499478111495,-0.00297465200832,-0.0840147697851,-0.00677622824951,0.0319312338369,-0.0122875683312,0.574028269437,0.818820829693,0.00217753288313,0.0,0.818778448624,-0.573966533778,-0.0120423034441,0.0,-0.00861082368142,0.00869570702123,-0.999925116394,0.0,0.659441032964,0.257979934061,0.303397479003,1.0,-0.0096,-0.0126171428571,0.481
0.463257820266,0.534538408225,-0.123941585477,-1.37650611069,0.0784585540757,1.90165865807,0.156599252899,-0.00415036424235,-0.0507369257961,0.00128602735413,-0.0869104148353,-0.0063658149838,0.0297457068395,-0.0171249723862,0.574031161691,0.818818814552,0.00217284242548,0.0,0.818776152628,-0.573969223894,-0.0120701620543,0.0,-0.00863629737963,0.00870788836106,-0.999924790696,0.0,0.659279269832,0.257782663154,0.303389917294,1.0,-0.00992,-0.0130377142857,0.497
0.46312886453,0.533676096784,-0.123947676429,-1.37791089075,0.0783818280911,1.90216723216,0.156431969043,-0.00747512167137,-0.0525044102676,0.000819494229798,-0.084886278287,-0.00439077721955,0.0307427999661,-0.00800024558887,0.574060404435,0.818798384429,0.00214583728087,0.0,0.81875528548,-0.573998493427,-0.0120937563741,0.0,-0.00867080775436,0.00869962978558,-0.999924563922,0.0,0.659115503282,0.257560784317,0.303373809835,1.0,-0.01024,-0.0134582857143,0.513
0.462992236236,0.53268197977,-0.123947822303,-1.37952801123,0.0782922680199,1.90277775243,0.156221251701,-0.00411765962664,-0.0513705996813,0.000870551590411,-0.0931647663883,0.000519165318837,0.0301721450768,-0.0137586311079,0.574062977791,0.818796594048,0.00214056219377,0.0,0.818753342096,-0.57400100483,-0.012106120799,0.0,-0.00868393281982,0.00870243575432,-0.999924425606,0.0,0.658937708402,0.257331371635,0.303361231422,1.0,-0.01058,-0.0139051428571,0.53
0.462864052034,0.531760228211,-0.123948734139,-1.38099972988,0.07820644328,1.90331819547,0.156043506363,-0.00765900725905,-0.0556730728223,-0.000996857656483,-0.0919953187442,-0.0128556722778,0.0286470596547,-0.0163778535347,0.574081675906,0.818783512005,0.00212996702771,0.0,0.818740070065,-0.574019694723,-0.0121175344475,0.0,-0.00869916187458,0.00870051134878,-0.999924309978,0.0,0.658753978567,0.257093897675,0.303354195738,1.0,-0.01092,-0.014352,0.547
0.462728063508,0.530765621883,-0.123956537698,-1.38262599587,0.0781020484949,1.90388917178,0.155831731381,-0.00964300642911,-0.0608094893627,-0.00175069989492,-0.0928271828554,-0.00445781616979,0.027184765048,-0.0147908017377,0.574085466009,0.818781001678,0.0020726576767,0.0,0.818736822343,-0.574023745964,-0.0121450282285,0.0,-0.00875453220656,0.00866941226334,-0.999924096848,0.0,0.658557033805,0.256841687242,0.303330793613,1.0,-0.01126,-0.0147988571429,0.564
0.462580902959,0.529657866169,-0.123954889869,-1.38436473724,0.0779987326023,1.90452598438,0.155599652999,-0.00420678204406,-0.0638846297449,9.02065207056e-05,-0.0958456882801,-0.00478731587396,0.0271339986478,-0.00950749417528,0.574081437234,0.81878381089,0.00207878540488,0.0,0.818739652633,-0.574019632294,-0.0121486562337,0.0,-0.0087540279567,0.00867646912033,-0.999924040054,0.0,0.658350115539,0.256580408644,0.303338726247,1.0,-0.01162,-0.015272,0.582
0.462461694154,0.528718740055,-0.123951963409,-1.38584099115,0.0778995306519,1.90507953311,0.155403219338,-0.00896732816556,-0.0587778972602,0.00071432317848,-0.105395364496,-0.00807322293771,0.0391559849225,-0.0104941257972,0.574069521844,0.818792143699,0.00208720098022,0.0,0.818748161358,-0.574007746895,-0.0121367903149,0.0,-0.00873960729211,0.0086764204257,-0.999924166621,0.0,0.658175368561,0.256362265734,0.303345308808,1.0,-0.01192,-0.0156662857143,0.597
0.462320613447,0.527595168754,-0.123957258964,-1.38756288357,0.0777971054848,1.90575804364,0.155148069932,-0.0109579856335,-0.0748719707495,-0.000815782066621,-0.104051208952,-0.00169898874333,0.0411665362461,-0.0141510883348,0.574045739344,0.818808644726,0.00215391820332,0.0,0.818765591557,-0.573983735512,-0.0120964602541,0.0,-0.00866853910653,0.00870764323102,-0.99992451384,0.0,0.657980159613,0.256106164048,0.303375712399,1.0,-0.01226,-0.0161131428571,0.614
0.462164846401,0.526375771961,-0.123960216125,-1.38945848552,0.0776801279125,1.90647089355,0.154899217987,-0.00724824581841,-0.068524805102,0.000333876977548,-0.107410676613,-0.00562542171333,0.0383261694796,-0.0188775283091,0.574042521083,0.818810825519,0.00218240782329,0.0,0.81876817389,-0.573980425493,-0.0120787199746,0.0,-0.00863769360494,0.00872075283532,-0.999924666522,0.0,0.65775707285,0.255822427808,0.303393473721,1.0,-0.01262,-0.0165862857143,0.632
0.462024679888,0.52532037295,-0.123963645859,-1.39108071831,0.0775752972096,1.90705232461,0.154675454577,-0.0128868092523,-0.0740035381569,0.00012656864185,-0.109432600564,-0.00985523880965,0.0398572005754,-0.0149091180814,0.574035453219,0.818815756428,0.00219143209191,0.0,0.818773251246,-0.573973349084,-0.0120708113192,0.0,-0.00862611296336,0.00872352758006,-0.999924742289,0.0,0.657562473516,0.255572079639,0.303414269849,1.0,-0.01292,-0.0169805714286,0.647
0.461872988582,0.524143751141,-0.123966500167,-1.39296196676,0.0774565624228,1.90772313868,0.154415613762,-0.00909299596732,-0.0698437592341,-0.000768751487643,-0.112706880208,-0.00989059376473,0.0421065563675,-0.0139572962931,0.574022309657,0.818825056606,0.00215907174662,0.0,0.818782108552,-0.573960324726,-0.012089303392,0.0,-0.00865996974476,0.00870750681893,-0.999924589281,0.0,0.65731750735,0.255270940767,0.303404321253,1.0,-0.01328,-0.0174537142857,0.665
0.461708691971,0.522935020553,-0.123967811116,-1.39489090032,0.0773419102588,1.90844978945,0.154176807351,-0.00818127203168,-0.0755039761889,-0.000303815864288,-0.117805779429,-0.00797919277694,0.0407543097784,-0.0114965402331,0.574020003166,0.818826643277,0.00217051282661,0.0,0.818783811825,-0.573957936538,-0.0120873272245,0.0,-0.00865180908838,0.00871571618201,-0.999924588402,0.0,0.657088833199,0.254984705171,0.3034009859,1.0,-0.01362,-0.0179005714286,0.682
0.461547070127,0.521703124303,-0.123972469233,-1.39684408987,0.0772255164701,1.90921433891,0.1538946098,-0.00980441420228,-0.0737389768199,-0.000272335431622,-0.113694957653,-0.00978894111999,0.039920072201,-0.0216490645505,0.574008481656,0.818834645601,0.00219842032241,0.0,0.818792219673,-0.57394633922,-0.0120684547592,0.0,-0.00862045955017,0.00872761288143,-0.999924755394,0.0,0.656875955182,0.254706604168,0.303401590186,1.0,-0.01394,-0.0183211428571,0.698
0.461367102199,0.520350332279,-0.123973237381,-1.39899311818,0.0770885753506,1.90999858034,0.153620867103,-0.00975886155423,-0.0820221356157,0.00123059556094,-0.118854574068,-0.00813368328406,0.0385809077061,-0.0140324165859,0.574009855888,0.818833721537,0.00218373950934,0.0,0.818791110869,-0.573947782633,-0.0120750351289,0.0,-0.00863425973933,0.00871938354806,-0.99992470812,0.0,0.65661447627,0.254381760831,0.303396921682,1.0,-0.0143,-0.0187942857143,0.716
0.461216766594,0.519107560123,-0.12398611073,-1.40092076036,0.0769656865967,1.91069655854,0.153343812225,-0.0073712009072,-0.0787780682721,-0.00138508015938,-0.120872042911,-0.0162008727894,0.0469262939062,-0.01894446282,0.573984458242,0.818851509706,0.00218944059561,0.0,0.81880903469,-0.573922425901,-0.012064852275,0.0,-0.00862291945967,0.00871793928478,-0.999924818571,0.0,0.65637888701,0.254090619626,0.303412863611,1.0,-0.01462,-0.0192148571429,0.732
0.461049176227,0.517840212948,-0.12398004416,-1.40291485523,0.0768389671466,1.91141303919,0.153073478933,-0.00779411362433,-0.0817766116775,0.000935163384137,-0.127941905413,-0.00344156654588,0.0442905393836,-0.0149672672747,0.573967445324,0.818863461435,0.00217948063019,0.0,0.818820808605,-0.573905409218,-0.0120752460358,0.0,-0.00863732833893,0.0087155700125,-0.999924714865,0.0,0.656131546308,0.253792319026,0.303415086303,1.0,-0.01494,-0.0196354285714,0.748
0.460867674209,0.516500410149,-0.123988456277,-1.40503675414,0.0766940607408,1.91220393628,0.152781707441,-0.0109710408195,-0.0807980253436,-0.000382428711881,-0.122308209132,-0.0109941321556,0.0515971359797,-0.0157345807822,0.573956227181,0.818871335902,0.00217518270391,0.0,0.818828779336,-0.573894364505,-0.0120596609587,0.0,-0.00862715168365,0.00870298726269,-0.999924912314,0.0,0.65587778677,0.253464386109,0.303413844897,1.0,-0.01528,-0.0200822857143,0.765
0.460673076381,0.515040796903,-0.123989588946,-1.40735299334,0.0765596956952,1.91307254987,0.152463833773,-0.0104765827164,-0.0786202705081,-0.00136807670911,-0.129577167346,-0.00424487548961,0.0452892053813,-0.0166416376299,0.573942184292,0.818881146191,0.00218732788005,0.0,0.818838668349,-0.573880191355,-0.012062673362,0.0,-0.008622797662,0.00871451352771,-0.999924849483,0.0,0.655596861805,0.253117613892,0.30341024484,1.0,-0.01564,-0.0205554285714,0.783
0.460509142155,0.513795504617,-0.123991753899,-1.40935234219,0.0764364499215,1.9137669276,0.152185411846,-0.0113521531424,-0.0836624237706,-4.35416931931e-06,-0.132738902618,-0.0158458095763,0.0393704015575,-0.0180711180672,0.573921595528,0.818895711373,0.0021361139673,0.0,0.818852470774,-0.573859729497,-0.0120991268077,0.0,-0.00868226043119,0.00869327973454,-0.999924519772,0.0,0.65534179527,0.252815246183,0.303391732922,1.0,-0.01594,-0.0209497142857,0.798
0.460299001556,0.512305167813,-0.123992418253,-1.41176529477,0.0762900197098,1.9146181184,0.151852577135,-0.00882134120192,-0.0851586702577,-0.000291479825507,-0.134872316269,-0.00192231687967,0.0465311979649,-0.0217009569272,0.573908407056,0.818905109769,0.00207566969378,0.0,0.818860951021,-0.573846677939,-0.0121441348701,0.0,-0.00875394648121,0.00866947287208,-0.99992410145,0.0,0.655037881203,0.252444566237,0.303361229928,1.0,-0.0163,-0.0214228571429,0.816
0.460109281046,0.510851084492,-0.123998935723,-1.41406995454,0.076152395519,1.91549582146,0.151528281886,-0.00998348178499,-0.0866961848359,-0.000527711382836,-0.134127393075,-0.00856863488833,0.0572253208859,-0.0184016168078,0.573891702357,0.818916763594,0.00209646638301,0.0,0.818872869489,-0.573829877102,-0.0121343586812,0.0,-0.00873418285264,0.00868071433404,-0.99992417675,0.0,0.65477666289,0.252113006462,0.303360661014,1.0,-0.01662,-0.0218434285714,0.832
0.459918715843,0.509447189117,-0.124002006712,-1.41630189086,0.0760143486038,1.9163196124,0.151214341183,-0.0120382546205,-0.0907323091396,0.000319062011475,-0.139966317179,-0.000584922208393,0.0495888464743,-0.0203174827862,0.573866594766,0.818934372438,0.00209092145183,0.0,0.818890390754,-0.573804782002,-0.0121386566157,0.0,-0.00874115070425,0.00867837210739,-0.999924136193,0.0,0.654483662713,0.251760106148,0.303350681994,1.0,-0.01696,-0.0222902857143,0.849
0.459711041691,0.507932022663,-0.124010621835,-1.41867897231,0.0758587100465,1.91717203079,0.150884285244,-0.0119623591816,-0.093818332606,-0.00116097906207,-0.135526083581,-0.00542631965451,0.0505611441759,-0.0190657120363,0.573853654549,0.818943478317,0.00207590554382,0.0,0.818899347098,-0.573791955643,-0.0121407521304,0.0,-0.00875162037315,0.00866713954276,-0.999924142039,0.0,0.65418801035,0.251389818194,0.3033534261,1.0,-0.0173,-0.0227371428571,0.866
0.45949525519,0.50639772818,-0.124014097777,-1.4211145287,0.0757064954449,1.91806617745,0.150552747853,-0.0134079359042,-0.0905273806343,-0.00100424278072,-0.152124512036,-0.00729745716102,0.0503065519963,-0.0253698943772,0.573846267024,0.818948678482,0.00206657598992,0.0,0.818904408699,-0.573784593652,-0.0121472796383,0.0,-0.0087623978456,0.00866316605676,-0.999924082087,0.0,0.653886893374,0.251013968461,0.303344689479,1.0,-0.01764,-0.023184,0.883
0.459289160257,0.504895955012,-0.124017297892,-1.42342280704,0.0755702638248,1.9189650745,0.150232868087,-0.01133930737,-0.0933868690065,-0.000516213323763,-0.152110598639,-0.00296904344358,0.0581337624685,-0.0195996052706,0.573838008617,0.818954261973,0.00214559181485,0.0,0.818911034835,-0.573776001924,-0.0121063430988,0.0,-0.00868361937098,0.00870429621357,-0.999924412134,0.0,0.653612078189,0.250662179704,0.303373616836,1.0,-0.01796,-0.0236045714286,0.899
0.459040317129,0.503132190354,-0.124023708585,-1.42604617715,0.0754005074587,1.91995515612,0.149867528227,-0.0175388821292,-0.100211832528,-0.000150831077489,-0.146642105932,-0.00448141429473,0.0524169871398,-0.0191282097331,0.573836057339,0.81895534574,0.00225119588681,0.0,0.818913622517,-0.57377372907,-0.0120388365832,0.0,-0.00856775747336,0.00875202200207,-0.999924995009,0.0,0.653298907946,0.250247577305,0.303442885568,1.0,-0.01832,-0.0240777142857,0.917
0.458806068092,0.501429692953,-0.124026878996,-1.42858147746,0.0752358250159,1.92086606879,0.149507008893,-0.0142555120115,-0.104891382928,-0.000417686264983,-0.157119467277,-0.00916828458113,0.056477977602,-0.023367184361,0.573819812376,0.818966550367,0.00231499580785,0.0,0.818925692913,-0.573757256418,-0.0120027953672,0.0,-0.00850180595942,0.0087834204397,-0.999925282619,0.0,0.652983639369,0.24984968004,0.303503626936,1.0,-0.01866,-0.0245245714286,0.934
0.458600655416,0.499940287371,-0.124025128023,-1.43086769987,0.0750904239005,1.92167377326,0.149187917438,-0.0136764814922,-0.0943409606704,7.86656123645e-05,-0.149710436895,-0.00217413347485,0.0554289279534,-0.0251245369841,0.573802480797,0.818978668014,0.00232406357076,0.0,0.818937871036,-0.573739830135,-0.0120048990843,0.0,-0.0084985120461,0.0087918738199,-0.999925236329,0.0,0.652691763278,0.249496455495,0.303524608285,1.0,-0.01896,-0.0249188571429,0.949
0.458327593655,0.498145851002,-0.124034015462,-1.43365659932,0.0749172179675,1.92272163315,0.148780650023,-0.0138017706568,-0.103873729014,-0.00246599151953,-0.15651064353,-0.0113558295026,0.0541835798648,-0.0218759088554,0.573794062492,0.818984446509,0.00236582482787,0.0,0.81894422964,-0.573731279624,-0.0119797504656,0.0,-0.0084540443651,0.00881155792823,-0.999925440011,0.0,0.652354277,0.249049065947,0.303539693177,1.0,-0.01932,-0.025392,0.967
0.458059663828,0.496472086832,-0.124033962689,-1.43633015854,0.0747535056532,1.92366893929,0.148390390502,-0.0155186200106,-0.0993204879269,0.000165881165743,-0.16377905365,-0.0043201795746,0.0523401366032,-0.0190808520155,0.573784855816,0.81899102088,0.00232246730787,0.0,0.818950100882,-0.5737221083,-0.0120175543901,0.0,-0.0085099821416,0.00879764493097,-0.999925088018,0.0,0.652016255542,0.248617306367,0.30351594778,1.0,-0.01966,-0.0258388571429,0.984
0.457809999171,0.494891483688,-0.124039670678,-1.43891364667,0.0745940062278,1.92455177798,0.148012151684,-0.0140016188091,-0.100848150724,-0.000668981686481,-0.16206050365,-0.0185885368446,0.0535605345049,-0.0290284608709,0.573770592239,0.819001297218,0.00222025627691,0.0,0.818958875644,-0.573708103118,-0.0120879825736,0.0,-0.00862646047754,0.00875419604979,-0.999924471263,0.0,0.651679996563,0.248200046789,0.303464217552,1.0,-0.01998,-0.0262594285714,1.0
0.457486575673,0.492682682581,-0.124103068661,-1.44222838417,0.0744026111749,1.9257549773,0.147548707554,-0.0182372195369,-0.168625354989,-0.00649465150572,-0.244729327165,-0.00814147738639,0.0909803422674,-0.0321612015094,0.573816400914,0.818968986483,0.00229872186236,0.0,0.818927698264,-0.573753687294,-0.012036537466,0.0,-0.00853881514334,0.00878941883543,-0.999924914557,0.0,0.651278394646,0.247639079579,0.303530334306,1.0,-0.036108,-0.0474562285714,1.017
0.457083675533,0.489129885065,-0.124171823205,-1.44768808888,0.0741266699628,1.92790780806,0.146710701707,-0.0300647437526,-0.235488642515,-0.00394384323303,-0.369559781128,-0.0167728832898,0.144092476345,-0.0600395547905,0.573709895551,0.819042943599,0.00252174308985,0.0,0.819004468644,-0.573646195395,-0.0119360693479,0.0,-0.00832972541745,0.00891333156745,-0.999925581328,0.0,0.650602584183,0.246837209911,0.303591468855,1.0,-0.053244,-0.0699778285714,1.034
0.456431566158,0.484504796887,-0.124229228014,-1.45498986716,0.0737264020036,1.93069646124,0.145579419969,-0.0435183535206,-0.318496934956,-0.00432017230492,-0.500909905544,-0.0366043045157,0.183901136019,-0.0812210402306,0.573614219568,0.819109619335,0.00262783620979,0.0,0.819072314064,-0.573549890383,-0.0119085883216,0.0,-0.00824740286489,0.00898349644171,-0.999925635804,0.0,0.649691192994,0.245699471446,0.303572249363,1.0,-0.069372,-0.0911746285714,1.05
0.455463991604,0.478192456989,-0.1244157644,-1.46512175482,0.0731223375932,1.93416047461,0.144048331705,-0.064844815187,-0.413088909525,-0.0133113156931,-0.637810103727,-0.0333846633267,0.218652020946,-0.0970042366447,0.573619460347,0.819106913084,0.00230793209583,0.0,0.819065257306,-0.573556231749,-0.0120871914559,0.0,-0.00857713838176,0.00882396512462,-0.999924282302,0.0,0.648368860586,0.24398329416,0.303432635835,1.0,-0.086508,-0.113696228571,1.067
0.45416242988,0.469880437601,-0.124588674732,-1.47814266053,0.0723662541588,1.93870873065,0.142158861523,-0.0754923757784,-0.492517208537,-0.00876883087511,-0.733402166541,-0.0409490500566,0.274318941961,-0.116689618852,0.573685672954,0.819060896697,0.00217785443522,0.0,0.819017019258,-0.5736224692,-0.0122119570691,0.0,-0.00875323879572,0.00878969388602,-0.999923058086,0.0,0.646665751975,0.241794630012,0.303383412933,1.0,-0.104652,-0.137542628571,1.085
0.452794366699,0.461204846085,-0.124723419581,-1.49142760611,0.0715359517768,1.94363130894,0.139997463412,-0.0921573991612,-0.558121697673,-0.0120473564914,-0.852429103154,-0.0640283244514,0.31340651165,-0.140385411776,0.573536415328,0.819164727755,0.0024240455907,0.0,0.819124374756,-0.57347249145,-0.0120543408348,0.0,-0.00848453071743,0.00889936960083,-0.999924404122,0.0,0.644962605977,0.239575804492,0.303473214396,1.0,-0.12078,-0.158739428571,1.101
0.450990272957,0.450697809724,-0.124900894036,-1.50761141638,0.0704968913701,1.94931233787,0.137463035535,-0.114358670101,-0.658487217807,-0.00893608332393,-0.977163062431,-0.0719020487462,0.355906120218,-0.159774659249,0.573530626457,0.819168843291,0.0024028312626,0.0,0.819128205373,-0.573466782806,-0.0120656157039,0.0,-0.00850599631275,0.00888839812239,-0.999924319339,0.0,0.642817741787,0.236757254357,0.303489389331,1.0,-0.137916,-0.181261028571,1.118
0.448904732666,0.438880116242,-0.125061023221,-1.52575678586,0.0692735340191,1.95566098834,0.134657932994,-0.12871773774,-0.719237289737,-0.00992176573989,-1.11306704848,-0.0736454153808,0.377338663373,-0.173916312456,0.573536220911,0.819165003767,0.00237630128488,0.0,0.819124205454,-0.573472680583,-0.012056847255,0.0,-0.00851396737957,0.00886169512769,-0.999924488508,0.0,0.640363341101,0.233579380828,0.30349841207,1.0,-0.155052,-0.203782628571,1.135
0.446622310427,0.426502489775,-0.125228526314,-1.54443103425,0.0680270614421,1.96213633354,0.131602508544,-0.149796141952,-0.802599575937,-0.0156463184757,-1.20130781389,-0.0868255058349,0.417346592032,-0.202157900322,0.573495202654,0.819193335727,0.0025056204355,0.0,0.819154175662,-0.573431087715,-0.0119987932675,0.0,-0.0083926924151,0.0089339118244,-0.999924871145,0.0,0.637801532341,0.230233047909,0.303613148074,1.0,-0.17118,-0.224979428571,1.151
0.443824876136,0.412218295023,-0.125416701753,-1.56572174814,0.0664827369507,1.96960660738,0.128034189242,-0.172321188954,-0.863090857257,-0.0111014974342,-1.28883108674,-0.0998648130126,0.458049971435,-0.216227572477,0.573465883853,0.819212861249,0.00281334720418,0.0,0.819178741877,-0.573401748969,-0.0117204964914,0.0,-0.00798855706311,0.00902611288345,-0.999927353482,0.0,0.634876271792,0.226300509724,0.303821348726,1.0,-0.188316,-0.247501028571,1.168
0.440654752852,0.396827007011,-0.125617660494,-1.58865732808,0.0649509778726,1.97749943427,0.124150671711,-0.198676082536,-0.960160529161,-0.013385568157,-1.37833127467,-0.102974973097,0.484572635037,-0.228601954908,0.573535952635,0.819162486938,0.00317457555473,0.0,0.819132681879,-0.573470161885,-0.0115917990699,0.0,-0.00767519036808,0.00924889018008,-0.999927772133,0.0,0.631437554965,0.221736958002,0.304020883021,1.0,-0.20646,-0.271347428571,1.186
0.43732757388,0.381470921984,-0.125797087923,-1.61158368618,0.0632779802799,1.98521091551,0.120104012538,-0.21412354894,-0.998302423369,-0.0141918741181,-1.45475817494,-0.0976751668884,0.485670220424,-0.265387220355,0.573489213148,0.819195201256,0.00317671884963,0.0,0.819165483036,-0.573423492964,-0.0115825740067,0.0,-0.00766693143774,0.00924491767757,-0.999927872229,0.0,0.628289887941,0.217604579878,0.304041183653,1.0,-0.22158,-0.291219428571,1.201
0.433129385019,0.363033823183,-0.126034317747,-1.63885896255,0.0612166952977,1.99429872179,0.115206925004,-0.24453572038,-1.03347247909,-0.0180009926836,-1.51873083196,-0.1107268949,0.509826290134,-0.274414293452,0.573506323703,0.819182711869,0.00330577497821,0.0,0.819155082328,-0.573440714013,-0.0114649687964,0.0,-0.00749638259485,0.00928335321354,-0.999928809266,0.0,0.62423681282,0.212236302526,0.304142063936,1.0,-0.239724,-0.315065828571,1.219
0.428635976237,0.344599408115,-0.1262911741,-1.66602662101,0.0591468300756,2.00310761424,0.110108479513,-0.278229244337,-1.11251626927,-0.0178671985484,-1.56972910167,-0.120523836038,0.530996206759,-0.304482155722,0.573547607329,0.819153787747,0.00331074738919,0.0,0.81912613993,-0.573481875015,-0.0114740059691,0.0,-0.00750046623699,0.00929298731807,-0.999928689154,0.0,0.620085577911,0.206712409737,0.304181641083,1.0,-0.25686,-0.337587428571,1.236
0.424056194901,0.326428167373,-0.12650744273,-1.69264290064,0.0570998312756,2.01174897691,0.104970432085,-0.291877555827,-1.15305509172,-0.0079778393454,-1.68326209516,-0.132538645468,0.557534818355,-0.327235415685,0.573524658011,0.819169348486,0.00343395620594,0.0,0.819143073077,-0.573458288867,-0.011443935576,0.0,-0.00740543317751,0.00937646120278,-0.99992861822,0.0,0.615920095258,0.201260015424,0.304207490688,1.0,-0.272988,-0.358784228571,1.252
0.418734030149,0.30616379171,-0.126710658433,-1.7220078059,0.0546566229191,2.02104004563,0.0990649204689,-0.324924724734,-1.22590145736,-0.0136007904735,-1.75342068125,-0.146277847334,0.573650213241,-0.364330424732,0.57336298624,0.819282275136,0.00349092521143,0.0,0.819257118586,-0.5732969649,-0.0113626838142,0.0,-0.00730804932116,0.00937508815284,-0.999929347573,0.0,0.611181598424,0.195123415643,0.304252625623,1.0,-0.290124,-0.381305828571,1.269
0.412471704533,0.283740176858,-0.126987804256,-1.75427047221,0.051919505239,2.03087001164,0.0923782173923,-0.357976258464,-1.25826117768,-0.0100929201232,-1.80766766091,-0.155769191721,0.56438037676,-0.374867379079,0.573298702828,0.819327695307,0.00338702518007,0.0,0.819301147298,-0.573232921382,-0.0114190534226,0.0,-0.0074145351373,0.00932170160227,-0.999929062758,0.0,0.605807507507,0.188152852343,0.304246493323,1.0,-0.308268,-0.405152228571,1.287
0.406711959916,0.264261985783,-0.127258877875,-1.7818567185,0.0495848960924,2.03910401431,0.0863561823727,-0.398739474474,-1.32056813895,-0.0198376423345,-1.85824459314,-0.167659651824,0.54540569054,-0.4064457666,0.573282870283,0.819338505109,0.00345131664918,0.0,0.819312354002,-0.573216356287,-0.0114465001519,0.0,-0.00740034964882,0.00938996961604,-0.999928529094,0.0,0.601108974407,0.181999637666,0.304311091322,1.0,-0.323388,-0.425024228571,1.302
0.399074328805,0.240165707397,-0.127692916268,-1.81580017388,0.0464737368138,2.04905161288,0.0787130888371,-0.437981439696,-1.35393638556,-0.0216633480664,-1.91338575539,-0.183072462401,0.545209386845,-0.439711920501,0.573421769843,0.81924158326,0.00338364143746,0.0,0.819215231364,-0.573356283415,-0.0113896387637,0.0,-0.00739097591371,0.00930317653576,-0.999929409699,0.0,0.595214989942,0.174106115253,0.304314627983,1.0,-0.341532,-0.448870628571,1.32
0.391315724275,0.216600023725,-0.128000749472,-1.84832734667,0.0435539987592,2.05841157539,0.070878324805,-0.474722517277,-1.40609075216,-0.0185241958871,-1.91618831904,-0.180241988324,0.539957115978,-0.476830703277,0.573336647522,0.819299898038,0.00367594671568,0.0,0.819276933461,-0.573269874801,-0.0113006125666,0.0,-0.00715141889707,0.00949085640506,-0.999929387933,0.0,0.589384727807,0.166473607743,0.304440844505,1.0,-0.358668,-0.471392228571,1.337
0.383883226891,0.195159647087,-0.128310196526,-1.87771008348,0.0407134736603,2.06651047585,0.0635283899184,-0.508966541451,-1.44584029729,-0.0226006665985,-1.9818113433,-0.178330770306,0.554858146101,-0.499738230972,0.573248555623,0.819361392062,0.00370804191047,0.0,0.819338972436,-0.573181886052,-0.0112659065844,0.0,-0.00710560325088,0.00949649076281,-0.999929661059,0.0,0.583569652451,0.158889951435,0.304472837322,1.0,-0.374796,-0.492589028571,1.353
0.374045727975,0.168592706258,-0.128844317432,-1.91367883872,0.0372293395016,2.0760559049,0.0540655646521,-0.559857907673,-1.49601040487,-0.0247576322168,-2.00878441376,-0.188923388255,0.511707107311,-0.531542516059,0.573371186584,0.819275316132,0.00376638716218,0.0,0.819253181737,-0.573303722158,-0.0113054533463,0.0,-0.00710313184245,0.00956803008054,-0.999928996638,0.0,0.577130489299,0.150327929191,0.304517786126,1.0,-0.391932,-0.515110628571,1.37
0.363994283651,0.14283711276,-0.129283268236,-1.94812638241,0.0335680073407,2.08477472652,0.0445083586561,-0.605449130054,-1.51200049063,-0.0151790245603,-2.02600543776,-0.223981978617,0.48760023111,-0.567586108931,0.573297091832,0.819327763853,0.00363411319101,0.0,0.819304361386,-0.573230569382,-0.011305956038,0.0,-0.00718023714698,0.00945929862494,-0.999929480446,0.0,0.570361060165,0.141462911503,0.304505912615,1.0,-0.409068,-0.537632228571,1.387
0.35369425345,0.117913999207,-0.129808750686,-1.98074895046,0.0301194407425,2.0927818044,0.0348653594418,-0.66591629653,-1.59504685446,-0.0397643992352,-2.02381344076,-0.216417855626,0.49456606368,-0.61542161171,0.573370959319,0.819275259945,0.00381291924119,0.0,0.819254168874,-0.573303977649,-0.0112206459599,0.0,-0.007006970774,0.00955752653411,-0.999929775558,0.0,0.563804359041,0.132744080197,0.304602724541,1.0,-0.425196,-0.558829028571,1.403
0.341129075025,0.0891461465727,-0.130460809062,-2.01802262145,0.0259126677086,2.1013999977,0.0232132256164,-0.70225511526,-1.6035977181,-0.022727470748,-2.06722255942,-0.235171101995,0.47743165224,-0.660370351982,0.573390511347,0.819261791177,0.0037664195204,0.0,0.819240406116,-0.573324056,-0.0111995848074,0.0,-0.00701614807632,0.00950752176635,-0.999930187911,0.0,0.556044661127,0.122495668355,0.30460784376,1.0,-0.43998,-0.578259428571,1.421
