position_joint1,position_joint2,position_joint3,position_joint4,position_joint5,position_joint6,position_joint7,velocity_joint1,velocity_joint2,velocity_joint3,velocity_joint4,velocity_joint5,velocity_joint6,velocity_joint7,ee_T_00,ee_T_10,ee_T_20,ee_T_30,ee_T_01,ee_T_11,ee_T_21,ee_T_31,ee_T_02,ee_T_12,ee_T_22,ee_T_32,ee_T_03,ee_T_13,ee_T_23,ee_T_33,v_x,v_y,time
0.465066278468,0.547882982378,-0.123917536841,-1.35586262404,0.0794715262875,1.89409395835,0.159167571207,0.000180692671075,0.00129639643122,0.000928587439123,-0.000259880403359,-0.000161513108197,0.000109958800159,0.000588611930604,0.573763278226,0.819007393697,0.00182661699735,0.0,0.818962485584,-0.57370508475,-0.0119862353981,0.0,-0.00876904478567,0.00837335372499,-0.999926492699,0.0,0.661653479125,0.260916705134,0.303125193765,1.0,0.0,0.0,0.0
0.46506376407,0.547875094599,-0.123917563292,-1.35586325982,0.0794684763855,1.89409314601,0.159167418,-0.000755900191522,-0.000861310494381,0.000884981778047,0.000284964151572,0.000200137332231,0.000212863023366,-0.00290197072833,0.573764438116,0.819006572031,0.00183068984175,0.0,0.818961744275,-0.573706252978,-0.0119809686533,0.0,-0.00876238255987,0.00837367991273,-0.999926548371,0.0,0.661654215059,0.260914506522,0.303130403568,1.0,-0.00012,-0.000157714285714,0.007
0.465068974935,0.547872718054,-0.123922962715,-1.35586651853,0.0794692630099,1.89409256154,0.159168468311,0.000745211986305,4.49739279668e-05,-0.00035388515625,-0.000214352575263,0.000251289874156,0.0066880303506,0.00530740149887,0.573765181004,0.819006056011,0.00182871160645,0.0,0.818961218899,-0.573707019997,-0.0119801522136,0.0,-0.00876284124054,0.00837159926875,-0.999926561773,0.0,0.661653250608,0.260914561495,0.303130665655,1.0,-0.00038,-0.000499428571429,0.02
0.465065868333,0.54787184401,-0.123923209343,-1.35587573296,0.0794720869853,1.89409198375,0.159160504085,0.000701917501542,0.00420872366885,-0.00108029929215,-0.000218331295931,-6.82211590502e-05,0.000166922273802,-0.00138956074309,0.573762619817,0.819007862967,0.00182301950081,0.0,0.818962915216,-0.573704448886,-0.0119873154012,0.0,-0.00877200005961,0.00837102002211,-0.999926486317,0.0,0.661651752868,0.260911697352,0.30312686282,1.0,-0.00072,-0.000946285714286,0.037
0.465067661952,0.547814823245,-0.123918166244,-1.35591207809,0.0794684174774,1.89409899508,0.159160179881,0.000800321484298,-0.0046008210046,0.0024602848938,-0.00150340739451,0.000159986851686,-0.00157941558785,0.000269019492762,0.573758323908,0.819010816074,0.0018481885835,0.0,0.818966176927,-0.573700026486,-0.0119761245959,0.0,-0.00874843817392,0.00838516655396,-0.99992657421,0.0,0.661644913663,0.260912126342,0.303150393854,1.0,-0.00104,-0.00136685714286,0.053
0.465067966124,0.547686000939,-0.123920759555,-1.35607200069,0.0794686727259,1.89413131542,0.159155733776,0.000470826682844,-0.00993527411834,-0.00408522459327,-0.00974478789988,1.75503152148e-05,-0.000568562384807,-0.00170917374819,0.573765036754,0.819006096488,0.00185564397547,0.0,0.818961440836,-0.573706597454,-0.0119852143446,0.0,-0.00875153691892,0.00839655947257,-0.999926451491,0.0,0.661618604457,0.260895773978,0.30316843136,1.0,-0.0014,-0.00184,0.071
0.465053447334,0.547550305079,-0.123918236195,-1.35627023846,0.0794659090763,1.89417260983,0.159159316627,-0.00283780458064,-0.00524796712958,-0.000470584587511,-0.00981912668638,0.000180421281712,0.00415122971367,-8.13662956037e-05,0.573788225658,0.81898987617,0.00184437752814,0.0,0.818944932863,-0.573729697253,-0.012007428099,0.0,-0.00877595685545,0.0084003262269,-0.999926205827,0.0,0.661588332876,0.260868232717,0.303173703535,1.0,-0.00174,-0.00228685714286,0.088
0.465037453128,0.547384526428,-0.123922864187,-1.35647266155,0.0794613747448,1.89429524038,0.159152295425,-0.0022265628137,-0.00721262064998,-5.59755735432e-05,-0.00920787136484,-0.00330597056475,0.00469849357118,0.00121938321084,0.573809218074,0.81897499594,0.00191942178561,0.0,0.818931053181,-0.57375038672,-0.0119653991283,0.0,-0.00869826117925,0.00843789287774,-0.999926568412,0.0,0.66157625502,0.26084073498,0.303205583085,1.0,-0.00206,-0.00270742857143,0.104
0.465014017275,0.547187783297,-0.123915988078,-1.35669906996,0.0794560714562,1.89442019738,0.159137098994,-0.00122679258163,-0.0147096549193,7.82392072441e-05,-0.0165552864645,-0.00120937980577,0.0117282385267,0.00150115748291,0.573822627233,0.818965392338,0.00200637229171,0.0,0.818922531786,-0.573763380113,-0.0119254968749,0.0,-0.00861555215522,0.00848634681313,-0.999926874416,0.0,0.661559293193,0.260812566318,0.303247793681,1.0,-0.0024,-0.00315428571429,0.121
0.464985064424,0.546975953632,-0.123918128728,-1.35701124922,0.0794530003561,1.89455082542,0.159113203013,-0.00342038968474,-0.0170985753393,0.00101080825829,-0.0203305021489,0.000558754678124,0.00461347339198,0.00125361657173,0.573845006998,0.8189496288,0.00203968951788,0.0,0.818907091314,-0.573785509859,-0.0119210475182,0.0,-0.00859255858338,0.00851131367595,-0.999926860064,0.0,0.661527547746,0.260766279091,0.303260654115,1.0,-0.00274,-0.00360114285714,0.138
0.464954699295,0.54674499382,-0.123918918259,-1.35736940604,0.0794418299334,1.89468497715,0.15904505009,-0.00139038653214,-0.0117648471581,-0.000301189729937,-0.0241365692802,3.45357179752e-05,0.00329743467526,-0.000527442362407,0.573831699713,0.818958924321,0.00205123892372,0.0,0.818916444393,-0.573772064539,-0.0119256848501,0.0,-0.00858986782611,0.00852329339362,-0.99992678114,0.0,0.661486951404,0.260713556079,0.303265415666,1.0,-0.00306,-0.00402171428571,0.154
0.464908249865,0.546453279529,-0.123921186139,-1.35780020414,0.0794254761441,1.89484204191,0.158957679617,-0.00108315632116,-0.0162273965637,-1.50433969494e-05,-0.0255213376832,-0.000232376253374,0.00573946719974,-3.71102239109e-05,0.573819486275,0.818967429623,0.00207202537112,0.0,0.818925137837,-0.573759684935,-0.0119243222894,0.0,-0.00857695208411,0.00853940656294,-0.999926754532,0.0,0.661440657447,0.260642232624,0.303280642649,1.0,-0.0034,-0.00446857142857,0.171
0.464857943586,0.546151063065,-0.123921187167,-1.35833352848,0.0793971442263,1.89502767816,0.158925394727,-0.00453030911478,-0.0157240410265,-0.000267405087347,-0.0322573915727,-0.0041959275097,0.0142234493817,-0.000645892338241,0.573856531416,0.818941567339,0.00203409347196,0.0,0.818898725173,-0.573796826643,-0.0119510060891,0.0,-0.00862018524389,0.00852404356656,-0.999926513844,0.0,0.66137790865,0.260557628487,0.303256875981,1.0,-0.00376,-0.00494171428571,0.189
0.464813173269,0.54586878083,-0.123921695135,-1.3588328839,0.0793373744693,1.89518660565,0.158853963642,-0.00330060238608,-0.0119797898001,-0.00114101567086,-0.0333862042359,-0.00206619331442,0.00518185795356,-0.0038138002338,0.573846961955,0.818948434492,0.00196794280841,0.0,0.818904958632,-0.573787759814,-0.0119591938239,0.0,-0.00866494839148,0.00847446832715,-0.99992654833,0.0,0.661317491793,0.260473258585,0.303232782994,1.0,-0.00406,-0.005336,0.204
0.464743598617,0.545470006241,-0.123927118431,-1.35951442253,0.0792835409576,1.89541324893,0.158751956915,-0.0025100476768,-0.0232286031116,-0.000758776866527,-0.0408948810961,-0.00195400813217,0.00359520279771,-0.00234762959116,0.573847828974,0.818947960331,0.00191163598117,0.0,0.818903849968,-0.573788961852,-0.0119774231747,0.0,-0.00871217839027,0.00843882682376,-0.999926439369,0.0,0.661238997757,0.260355108397,0.303210486227,1.0,-0.00442,-0.00580914285714,0.222
0.464683806071,0.545058097068,-0.123927778727,-1.36021467152,0.0792660925627,1.89564245534,0.158682824366,-0.00692109853423,-0.0289656639785,-8.94967315855e-05,-0.0465333828228,-0.00179302759409,0.0150038534421,-0.00286221094935,0.573874931025,0.818929054884,0.00187443546384,0.0,0.818884184349,-0.573815955148,-0.0120286799646,0.0,-0.00877522348913,0.00843806589986,-0.999925894502,0.0,0.661151297792,0.260250206969,0.303188680593,1.0,-0.00476,-0.006256,0.239
0.464613333408,0.544653687827,-0.123922492082,-1.36088340906,0.0792392824891,1.89588330834,0.158603043958,-0.00394873388289,-0.0259940114165,0.000807710226731,-0.0419574000623,-5.25550385746e-05,0.0220847325265,-0.0121783355135,0.573903274671,0.818909216554,0.00186367007727,0.0,0.818864033384,-0.573844176891,-0.0120541437079,0.0,-0.00880196262366,0.00844416752009,-0.999925607977,0.0,0.661070021161,0.260136147361,0.303179880361,1.0,-0.0051,-0.00670285714286,0.256
0.464549216404,0.544141468874,-0.123930650228,-1.36172486812,0.079196615784,1.89618873025,0.158486444078,-0.00631436991698,-0.029029486562,0.00047121231899,-0.0504905747422,-0.00305220246659,0.014968048177,-0.00844357124999,0.573892030672,0.818917141292,0.0018438358023,0.0,0.818871648695,-0.573832973127,-0.0120701622466,0.0,-0.00882657892055,0.00843699722396,-0.999925451512,0.0,0.660976571708,0.260018174209,0.303166037414,1.0,-0.00544,-0.00714971428571,0.273
0.464470154127,0.543615350372,-0.123931002415,-1.36255151693,0.0791510285324,1.89647043908,0.158384224816,-0.0080842027212,-0.0342985696212,-0.00122284939309,-0.0454055443445,-0.008531719403,0.00953619949179,-0.000606346101086,0.573907028344,0.818906660509,0.00183059902248,0.0,0.818860915267,-0.57384795132,-0.0120862365833,0.0,-0.00884718447554,0.0084355445228,-0.999925281666,0.0,0.660879497872,0.259886243858,0.303169249447,1.0,-0.00578,-0.00759657142857,0.29
0.464402502703,0.543091992598,-0.123934197289,-1.3633650304,0.0791010164449,1.89676823212,0.158284575603,-0.00214293782043,-0.0350604813647,0.000681848396956,-0.0492061922156,-0.00124859154462,0.0252178759717,-0.00247845943165,0.573914958589,0.818901091566,0.00183560348819,0.0,0.818855425643,-0.573855871705,-0.0120821068199,0.0,-0.00884084883716,0.00843735815615,-0.999925322401,0.0,0.660786404196,0.259762115985,0.303178179072,1.0,-0.0061,-0.00801714285714,0.306
0.464317150545,0.542461255935,-0.123929153219,-1.36433984242,0.0790531989569,1.89711887195,0.158148288739,-0.00384620392877,-0.0379604743688,-0.00181206883428,-0.0567834740123,-0.00260920940378,0.0212725735804,-0.0101884877683,0.573911057809,0.818903795589,0.00184883632257,0.0,0.818858150127,-0.5738517672,-0.0120924006343,0.0,-0.00884172501686,0.00845405989732,-0.999925173585,0.0,0.660671961448,0.259617279693,0.303190543875,1.0,-0.00646,-0.00849028571429,0.324
0.464244159647,0.541851606205,-0.123932103504,-1.36529157737,0.0789885490458,1.89747619439,0.158027720663,-0.00169368498331,-0.0396075417997,0.0014963599319,-0.0603121371627,-0.0008918511185,0.02513588521,-0.00973754500496,0.573909778441,0.818904674912,0.00185648003446,0.0,0.818859210022,-0.573850531424,-0.0120792651925,0.0,-0.00882659462059,0.00845276692675,-0.999925318191,0.0,0.660563018524,0.259476177558,0.303199706025,1.0,-0.0068,-0.00893714285714,0.341
0.464169847838,0.541274300648,-0.123937376126,-1.3661698543,0.0789350680074,1.89780766347,0.157915475241,-0.00482347577853,-0.0366371729135,-0.000864822973512,-0.062700406436,-0.00268364440703,0.0329445329808,-0.0104397723047,0.573916859572,0.818899657004,0.00188068034902,0.0,0.818854542903,-0.573857538613,-0.0120627461561,0.0,-0.00879910550378,0.0084631799817,-0.999925472386,0.0,0.660465124488,0.259341212166,0.303218728361,1.0,-0.0071,-0.00933142857143,0.356
0.464077840303,0.540581047477,-0.123935066891,-1.36722659795,0.0788738981364,1.89819435291,0.157793011797,-0.00963937867424,-0.0350308879937,0.00116553093146,-0.0615568359224,-0.00232295400397,0.0283545507654,-0.0042542813338,0.573932439854,0.818888687087,0.00190251055077,0.0,0.818843809086,-0.573872974373,-0.0120570521721,0.0,-0.0087817533108,0.00847795558374,-0.999925499764,0.0,0.660343212075,0.259181805715,0.303239223012,1.0,-0.00744,-0.00977828571429,0.373
0.463989086825,0.5398373613,-0.123945605577,-1.36834764368,0.0788084622946,1.89862083198,0.157645655272,-0.00494928478327,-0.0492112749505,-0.0015720624124,-0.0686765051509,-0.001582524721,0.024976031806,-0.00394222821144,0.573936421539,0.818885801768,0.00194283167536,0.0,0.818841492335,-0.573876821675,-0.0120312457788,0.0,-0.00873743850166,0.0084962049156,-0.999925733077,0.0,0.660217844736,0.259012147279,0.303268510511,1.0,-0.00778,-0.0102251428571,0.39
0.463885951666,0.539126025068,-0.123935632417,-1.36945572438,0.0787510163895,1.8990358157,0.157505233077,-0.0118862962394,-0.0426203924194,0.000785943028502,-0.0755571446617,-0.00293202839158,0.0305196163567,-0.0134783740425,0.573944794795,0.818879879228,0.00196540711143,0.0,0.818835723663,-0.573884959546,-0.0120356870037,0.0,-0.00872803238104,0.00851732944692,-0.99992563551,0.0,0.660090687249,0.258846522504,0.303279341283,1.0,-0.0081,-0.0106457142857,0.406
0.463779906334,0.538357179899,-0.123951748151,-1.37064664794,0.0786790373556,1.89949754729,0.15735832791,-0.0069406970644,-0.0485588959696,-0.00128576563099,-0.0715346650748,-0.0102853051264,0.0254089842383,-0.0181796352285,0.573969252857,0.818862667237,0.00199396119951,0.0,0.818818987098,-0.573909392976,-0.0120092432699,0.0,-0.00868973521816,0.00852579382463,-0.999925896925,0.0,0.659962506258,0.258655599275,0.303296136894,1.0,-0.00844,-0.0110925714286,0.423
0.463659303209,0.537525622471,-0.123950527701,-1.37198454762,0.0786057511886,1.89999702078,0.157192884558,-0.00376296707609,-0.0432498496407,-0.00142669445225,-0.0826843747304,-0.00497432884258,0.0244515997993,-0.0116195034584,0.573985868382,0.818851027572,0.00199109092006,0.0,0.818807224403,-0.573925934722,-0.0120207162499,0.0,-0.00870060464957,0.00853020511794,-0.999925764784,0.0,0.659809045372,0.258450863557,0.303289851113,1.0,-0.0088,-0.0115657142857,0.441
0.463560525287,0.536781795228,-0.123952697594,-1.37313285384,0.0785353533995,1.90043452802,0.157059404573,-0.00676683222447,-0.0545909595978,-0.00324964800733,-0.0767425442134,-0.00636862956646,0.0292757357678,-0.00179286485908,0.574003375559,0.818838691395,0.00201723141306,0.0,0.818795258532,-0.573943357267,-0.0120039225628,0.0,-0.00867166662981,0.00854215605036,-0.99992591414,0.0,0.659679569263,0.258276198497,0.303306434722,1.0,-0.0091,-0.01196,0.456
0.463427516749,0.535870321383,-0.123961812983,-1.37457415481,0.0784543484039,1.90096134023,0.15687736361,-0.0105548856343,-0.0531004192994,-0.00308261943043,-0.0828768065569,-0.00474764123981,0.0329868281511,-0.01721007561,0.574027100472,0.818822064774,0.00201520810205,0.0,0.818778569811,-0.573967052623,-0.0120092889779,0.0,-0.00867697480124,0.0085438310336,-0.999925853781,0.0,0.659515065077,0.258046702193,0.303309739223,1.0,-0.00946,-0.0124331428571,0.474
0.463319503684,0.534965233753,-0.123959764456,-1.37601389816,0.0783762773121,1.90147489009,0.156711027965,-0.00784211281575,-0.0517786663061,-0.000476771547342,-0.0857436286593,-0.0026198281655,0.0346952073851,-0.0112835388303,0.574035849678,0.81881596284,0.00200229454084,0.0,0.8187721611,-0.573975719796,-0.0120319654891,0.0,-0.00870286451359,0.00854636710524,-0.999925607112,0.0,0.659338576583,0.257839868925,0.303307585607,1.0,-0.0098,-0.01288,0.491
0.463195885705,0.534125108165,-0.12396440643,-1.37740423326,0.0782982485173,1.9019771879,0.156541729637,-0.0036223881732,-0.056620459223,-0.00113847200767,-0.0817076714297,-0.00632145140827,0.0274560815356,-0.00713140044576,0.574056927731,0.818801282529,0.00196223175443,0.0,0.818756884175,-0.573996895744,-0.0120613097631,0.0,-0.00874966942552,0.00853063342546,-0.999925333002,0.0,0.659174812881,0.257623130135,0.303282202707,1.0,-0.01012,-0.0133005714286,0.507
0.46306251111,0.533201263601,-0.123954817802,-1.37888527517,0.0782116261547,1.90254256125,0.156344282565,-0.00905477459836,-0.056153973878,0.000872080707713,-0.086820130238,0.000206081949434,0.0281461545012,-0.0108845980185,0.574055587895,0.818802200093,0.0019713019028,0.0,0.818757848233,-0.573995446557,-0.0120648327718,0.0,-0.00874736171509,0.00854006799658,-0.999925272659,0.0,0.659004122318,0.257401468691,0.30327751387,1.0,-0.01046,-0.0137474285714,0.524
0.462935994301,0.532247276224,-0.12396051494,-1.38043871256,0.0781299985154,1.90311733119,0.156146030635,-0.00528178673332,-0.0544207055245,-0.00110674447058,-0.0870689160569,-0.00766153150201,0.0287039361119,-0.00587397667954,0.574063812939,0.81879647483,0.00195406781279,0.0,0.818751786506,-0.574003637054,-0.0120865066491,0.0,-0.00877491595001,0.0085384869971,-0.999925044736,0.0,0.658820279348,0.257168713927,0.303260762807,1.0,-0.0108,-0.0141942857143,0.541
0.462799412695,0.531307117082,-0.12396046235,-1.3819527635,0.0780300197675,1.90367225542,0.155965982724,-0.00806639344977,-0.0564897214675,0.000632035111648,-0.0964702563849,-0.00738428345514,0.0322286075435,-0.0117770940751,0.57408375986,0.81878254176,0.00193206472975,0.0,0.81873761205,-0.574023722605,-0.0120927830771,0.0,-0.00879247795876,0.00852428855818,-0.999925011606,0.0,0.658643172563,0.256932892974,0.303250858931,1.0,-0.01112,-0.0146148571429,0.557
0.462661468531,0.530206923724,-0.123962920956,-1.38368547549,0.0779237331171,1.90428414452,0.155732489348,-0.0112807602633,-0.0605511844885,-0.00022289539582,-0.0968898063754,-0.0068616376206,0.0383109997409,-0.017029932132,0.574072661871,0.818790365988,0.00191372898105,0.0,0.818745152392,-0.574012663891,-0.0121071891506,0.0,-0.00881491487977,0.00851742661655,-0.999924872538,0.0,0.658431418609,0.25667374498,0.303254439222,1.0,-0.01148,-0.015088,0.575
0.462523031004,0.529143805312,-0.123968298347,-1.38533342884,0.0778211520311,1.9048948771,0.155515678809,-0.0114129224746,-0.066140957486,0.000671677201543,-0.09748758366,-0.00428221683694,0.0336078228687,-0.0138594842573,0.57407405704,0.818789343288,0.00193268013264,0.0,0.818744411149,-0.574014008155,-0.0120935749724,0.0,-0.0087928741303,0.00852514284107,-0.99992500084,0.0,0.658238368267,0.256422687812,0.303271965516,1.0,-0.01182,-0.0155348571429,0.592
0.462388774445,0.528118714735,-0.123969360915,-1.38694114394,0.0777189651917,1.90553243712,0.155282488617,-0.0114036006743,-0.0599614833521,-0.000329724511315,-0.100013532882,-0.00800353523969,0.0392306454786,-0.0165173592178,0.574053611357,0.818803578331,0.00197441154159,0.0,0.818759280006,-0.573993469416,-0.0120617317641,0.0,-0.00874305812949,0.00854081288776,-0.999925303935,0.0,0.658056552818,0.256183057749,0.303283815541,1.0,-0.01214,-0.0159554285714,0.608
0.462249905754,0.526949660367,-0.123969446707,-1.38869550055,0.0776062028193,1.90619646255,0.155043366701,-0.010249403054,-0.0749949531546,-0.000267985846499,-0.102076767492,-0.00662013642002,0.0377264999919,-0.0186519286742,0.574035970758,0.818815789596,0.00203810839236,0.0,0.818772387816,-0.573975621762,-0.0120212093671,0.0,-0.00867349849981,0.00856951845354,-0.999925664126,0.0,0.657850519212,0.25592558204,0.303329162454,1.0,-0.01248,-0.0164022857143,0.625
0.462099464862,0.525786037072,-0.123972557152,-1.39052361831,0.0775002110804,1.90686449468,0.154806346608,-0.00658755726071,-0.0672905867287,-0.000189624601318,-0.10584971318,-0.00450871746174,0.0365791458562,-0.0214390409193,0.574037223899,0.818814899592,0.00204271507743,0.0,0.818771490046,-0.573976788078,-0.0120266677017,0.0,-0.00867531069412,0.00857643693092,-0.999925589088,0.0,0.657630550713,0.255651302375,0.30333577546,1.0,-0.01282,-0.0168491428571,0.642
0.461947934878,0.524684923559,-0.123977198554,-1.39226292568,0.0773869826715,1.90748385967,0.154560105815,-0.00958033244723,-0.0678986506853,-0.000753988424575,-0.108238087979,-0.00615165403981,0.0382623591913,-0.00875943673111,0.574025775836,0.818822977167,0.00202179146538,0.0,0.81877932259,-0.57396545832,-0.0120341370805,0.0,-0.00869355686474,0.00856347079394,-0.999925541746,0.0,0.657420535256,0.2553807253,0.303336207415,1.0,-0.01308,-0.0171908571429,0.658
0.46178068035,0.523406046461,-0.123976435441,-1.39428833451,0.0772582634404,1.9082272324,0.15428738361,-0.00566862829116,-0.0702969698827,0.000813682231918,-0.109809272462,-0.00419059541457,0.0396802958932,-0.0198319546819,0.574012766547,0.818832112702,0.00201542797086,0.0,0.818788380872,-0.57395248359,-0.0120366453533,0.0,-0.00869939934549,0.0085595619023,-0.999925524402,0.0,0.657175717651,0.255077271882,0.303335737133,1.0,-0.0135,-0.0177428571429,0.676
0.461615232055,0.522189718717,-0.123982024557,-1.3962337812,0.0771381605512,1.90899598312,0.154017077823,-0.0118091862181,-0.0721313468957,-0.000513804106923,-0.114798940814,-0.00258876963468,0.0375845685684,-0.0123502445131,0.573999004902,0.818841682953,0.00204634595809,0.0,0.818798424642,-0.573938661205,-0.0120124884273,0.0,-0.00866201595134,0.00857086626615,-0.999925752109,0.0,0.656965358978,0.254802076404,0.303335757235,1.0,-0.01382,-0.0181634285714,0.692
0.461446186908,0.520846510296,-0.123982722655,-1.39836861957,0.0770090340195,1.90979721573,0.153732224489,-0.00780396919389,-0.076753412957,0.00137912364842,-0.116056032782,-0.00208892617104,0.0461842599741,-0.0230411705343,0.573987807708,0.818849522304,0.00205020131298,0.0,0.818806304021,-0.573927438936,-0.0120115874729,0.0,-0.00865918259154,0.00857338758453,-0.999925755035,0.0,0.656695001675,0.254469390436,0.303328436547,1.0,-0.0142,-0.0186628571429,0.711
0.461297709714,0.519687645225,-0.123985045271,-1.40018292834,0.0768920264715,1.9104510403,0.153486624302,-0.00347263180594,-0.0801706879006,0.0010155058233,-0.115914337168,-0.00407164944994,0.0395995591259,-0.016439230098,0.573974739423,0.818858695831,0.00204491257039,0.0,0.818815424916,-0.573914410878,-0.0120123190018,0.0,-0.00866295386725,0.00856933861047,-0.999925757077,0.0,0.656472188291,0.254195915224,0.303335400783,1.0,-0.0145,-0.0190571428571,0.726
0.461129193836,0.518337026444,-0.123993897295,-1.40227433092,0.0767635135759,1.91119241466,0.153203591805,-0.00860333381459,-0.0775593500529,-0.00106573108641,-0.120593528682,-0.0105056893949,0.0417703163273,-0.0198464928681,0.573963323275,0.818866700164,0.00204396634697,0.0,0.81882339131,-0.57390297486,-0.0120156644382,0.0,-0.00866635597592,0.00857036315428,-0.999925718816,0.0,0.656212955232,0.25387924321,0.303352537025,1.0,-0.01484,-0.019504,0.743
0.46094991075,0.51705283587,-0.123994312179,-1.40429129207,0.076626677062,1.91191700241,0.152932557032,-0.017778659447,-0.0841837773005,-0.000659483141277,-0.124168363417,-0.0133456303899,0.0458001915307,-0.0204459745257,0.573958051091,0.818870431513,0.00202950296467,0.0,0.818826996804,-0.573897826787,-0.0120158485153,0.0,-0.0086748627358,0.00855856959257,-0.999925746065,0.0,0.655966772919,0.253565969148,0.30335636775,1.0,-0.01516,-0.0199245714286,0.759
0.460757368724,0.515612699148,-0.124002881381,-1.4065973618,0.0764835772744,1.91280017738,0.15261110168,-0.0106928787598,-0.076865754958,-0.00127933294971,-0.133374942953,-0.00691129317844,0.0508580426179,-0.0219893482549,0.573941908705,0.818881724432,0.00203806879224,0.0,0.818838465126,-0.57388171299,-0.0120039338519,0.0,-0.00866035838165,0.00855857460767,-0.999925871749,0.0,0.6556925924,0.25321671469,0.30334564,1.0,-0.01552,-0.0203977142857,0.777
0.460584818774,0.51430820491,-0.123998809823,-1.40869702147,0.0763606098539,1.91354422212,0.152324994376,-0.0101002704121,-0.0811905742897,0.00172309351139,-0.1315134039,-0.00791701653604,0.0442168816636,-0.016774203935,0.573923188449,0.818894942776,0.00199833887781,0.0,0.818851005451,-0.57386300729,-0.0120427005407,0.0,-0.00871510160489,0.00854809146845,-0.999925485792,0.0,0.655426169206,0.252904585206,0.303325170174,1.0,-0.01584,-0.0208182857143,0.793
0.460407277061,0.512976847958,-0.124001427617,-1.41082243455,0.0762336104839,1.9142892616,0.152029032657,-0.00652338973731,-0.0850041765044,0.000277802061397,-0.127836516375,-0.0132369863376,0.0458922210449,-0.0201057526455,0.573905090816,0.818907723021,0.00195826810839,0.0,0.818863143513,-0.573844969103,-0.0120768594211,0.0,-0.00876625992527,0.00853468900111,-0.999925153084,0.0,0.655156755795,0.252582067491,0.303311160681,1.0,-0.01616,-0.0212388571429,0.809
0.460208882734,0.511545453048,-0.124007326753,-1.41312253607,0.0760901494317,1.91514968559,0.151711292666,-0.00980577189209,-0.0859339842949,0.000949996517539,-0.137153196322,-0.0104408837245,0.0600814254659,-0.018897888589,0.573893245714,0.818916052691,0.00194629652624,0.0,0.818871337829,-0.573833198184,-0.0120805482567,0.0,-0.00877627430289,0.00852687565805,-0.999925131898,0.0,0.654877501459,0.252229744016,0.303293779217,1.0,-0.0165,-0.0216857142857,0.826
0.460001350857,0.510000240969,-0.124008391853,-1.41558270586,0.0759480323629,1.91607773712,0.151347911437,-0.00767099163855,-0.085421020842,-0.00109001294108,-0.129936113911,-0.008628780518,0.0472068150625,-0.0257668524579,0.573856540081,0.818941741811,0.00196005775958,0.0,0.818897110684,-0.573796343662,-0.0120840810357,0.0,-0.00877165327727,0.00853977898652,-0.999925062329,0.0,0.654576753156,0.251861609543,0.303285125004,1.0,-0.01686,-0.0221588571429,0.844
0.459811137647,0.508573754742,-0.12400777923,-1.417826881,0.0758015612113,1.91686727736,0.151054859398,-0.00991533084045,-0.0841585909366,0.00156444276084,-0.140802553721,-0.00462487140411,0.041829266832,-0.0191946734686,0.573848564431,0.818947396734,0.00193219690683,0.0,0.818902377631,-0.573788467925,-0.0121011109915,0.0,-0.00880167050058,0.00852664997596,-0.999924910599,0.0,0.654291309646,0.251519951529,0.303283551166,1.0,-0.01718,-0.0225794285714,0.86
0.459592763284,0.507034552219,-0.124017180592,-1.42022445743,0.0756455943771,1.91774382019,0.150715533851,-0.0160000926991,-0.0915895701297,-0.000654504720312,-0.143211817942,-0.0138176687153,0.0465574802278,-0.0186761814603,0.573838097527,0.818954710801,0.00194071780372,0.0,0.818909873033,-0.573778032778,-0.0120886662353,0.0,-0.00878669808823,0.00852637436344,-0.999925044629,0.0,0.653998459461,0.251141708967,0.303295154679,1.0,-0.01752,-0.0230262857143,0.877
0.459371563994,0.505438305651,-0.124023643774,-1.42268740267,0.0754820758335,1.91868252122,0.150379533289,-0.0146914906817,-0.0898351022438,0.000438755468475,-0.143496294937,-0.00536413333116,0.0600471088937,-0.0280947988881,0.573831661558,0.81895909645,0.00199234443364,0.0,0.818915080822,-0.573771517627,-0.0120450348327,0.0,-0.00872140826807,0.00854354774422,-0.999925469637,0.0,0.653703306256,0.250759374372,0.303320237709,1.0,-0.01786,-0.0234731428571,0.894
0.459164491929,0.503875895835,-0.124035658939,-1.42502712307,0.0753383868464,1.91957332428,0.15006133864,-0.0166609193571,-0.100187892591,-0.000964487399025,-0.150114936006,-0.0072828377539,0.0589585975483,-0.0207784687119,0.573830869374,0.818959417945,0.00208614799451,0.0,0.818916695659,-0.573770395999,-0.0119885423483,0.0,-0.00862132568989,0.00858794244508,-0.999925957253,0.0,0.653422912709,0.250397209629,0.303375717669,1.0,-0.01818,-0.0238937142857,0.91
0.458928108935,0.502193610127,-0.124044326943,-1.42752642736,0.0751847896484,1.9204971652,0.149714213573,-0.0128261816559,-0.0989244856813,-0.00133852404493,-0.15453195033,-0.00829731032853,0.0573413441757,-0.0148848713009,0.573832869204,0.81895778084,0.0021767690052,0.0,0.818916254674,-0.57377203594,-0.0119400798215,0.0,-0.00852961631133,0.00863436802186,-0.999926343955,0.0,0.653120005979,0.250001267238,0.303441086454,1.0,-0.01852,-0.0243405714286,0.927
0.458680693505,0.500381890063,-0.124038234429,-1.43026115455,0.0750026879478,1.92146522225,0.149325323062,-0.0175697613205,-0.100191465978,0.00324567926658,-0.15286762845,-0.0123108737085,0.0573091115315,-0.0178115793305,0.573802476201,0.818978981497,0.0022120292415,0.0,0.818937907363,-0.573741496131,-0.0119225165762,0.0,-0.00849532107722,0.00865285072622,-0.999926476144,0.0,0.652772401185,0.249579160593,0.303487428864,1.0,-0.01888,-0.0248137142857,0.945
0.458460271528,0.498883829049,-0.124043788351,-1.43258428099,0.0748640990515,1.92232275634,0.14900014213,-0.0119681609123,-0.0982334217879,0.00062174382289,-0.159662516945,-0.00560455452269,0.0675993719329,-0.0197070224577,0.573801483664,0.818979598721,0.00224078665096,0.0,0.818938844068,-0.573740331604,-0.0119142128999,0.0,-0.00847203073653,0.00867162722411,-0.999926511088,0.0,0.652486163455,0.249212065974,0.303501124685,1.0,-0.01918,-0.025208,0.96
0.458198128998,0.497205325585,-0.124051758864,-1.4352248893,0.0746996973779,1.92328761263,0.148602594007,-0.017842983325,-0.0967305972222,-0.000902067849014,-0.155438332039,-0.0100630358266,0.0575618549541,-0.0176925480089,0.573778412567,0.818995770805,0.00223776166541,0.0,0.81895491838,-0.573717215867,-0.0119224485517,0.0,-0.00848075582984,0.00867363652032,-0.999926419698,0.0,0.652139095037,0.248760589654,0.303497382101,1.0,-0.01954,-0.0256811428571,0.978
0.457914777961,0.495443373212,-0.124049855472,-1.43808406902,0.0745205826246,1.92427397544,0.148183179026,-0.0161973488325,-0.101499169871,0.000490172350299,-0.164059708272,-0.0170143017919,0.0642458649085,-0.0198140257572,0.573768517024,0.819002948053,0.00214635851901,0.0,0.818960775993,-0.573707565307,-0.0119843145782,0.0,-0.00858397211774,0.00863417207591,-0.999925880501,0.0,0.651791245317,0.248323077962,0.303450733623,1.0,-0.01988,-0.026128,0.995
0.457648268786,0.493818092415,-0.124063166157,-1.4407180256,0.0743600020208,1.92521737783,0.147815014352,-0.0188222366295,-0.108033325939,-0.000674035153755,-0.170063786726,-0.00343392261102,0.0566029229389,-0.027246607129,0.573783903494,0.818992318502,0.00208835480714,0.0,0.818949319127,-0.573723122171,-0.0120224243918,0.0,-0.00864830229309,0.00860869608844,-0.999925545838,0.0,0.651461168918,0.247888931118,0.303411195726,1.0,-0.0227457142857,-0.0298943673469,1.011
0.457387290036,0.491866706104,-0.124108293746,-1.44377701383,0.0741683978113,1.92636611794,0.147381480907,-0.0173189249943,-0.128237357887,-0.000929800654613,-0.201663365154,-0.0140558216901,0.0638216954848,-0.0317022766358,0.573773286412,0.818999698684,0.00211098487982,0.0,0.818957169237,-0.573712585628,-0.011990452395,0.0,-0.00860924405961,0.0086087732233,-0.999925882223,0.0,0.651056297541,0.247367271834,0.303413497451,1.0,-0.0274474285714,-0.0360737632653,1.028
0.456994809831,0.489276181847,-0.124115016026,-1.4479458559,0.0739316039775,1.92785636974,0.146760862948,-0.0207474441511,-0.156756548606,-0.000445999001277,-0.247003257086,-0.013495226567,0.081776955623,-0.0335975940434,0.573738733222,0.819024070152,0.00204582813708,0.0,0.818980360313,-0.573677984941,-0.0120617542786,0.0,-0.00870538812488,0.00859595418382,-0.999925160094,0.0,0.650544899979,0.246746282931,0.303361272126,1.0,-0.0321491428571,-0.0422531591837,1.045
0.456561213712,0.486548073537,-0.124143983986,-1.45221806999,0.0736777591668,1.92947497442,0.146144079154,-0.0246299022922,-0.176079626492,0.000593524369782,-0.278057849052,-0.0109622515153,0.111170035948,-0.0421884296589,0.573753219306,0.819013768933,0.00210630836225,0.0,0.818970855641,-0.573692218211,-0.0120300987206,0.0,-0.00864461021276,0.0086274791369,-0.999925415878,0.0,0.650023290934,0.246045839157,0.303364677025,1.0,-0.0365742857143,-0.0480690612245,1.061
0.456057826947,0.483265459587,-0.124206744537,-1.45727994366,0.0733635928653,1.9313018897,0.145364925448,-0.0309997998661,-0.191819524566,-0.0010308831551,-0.309009551403,-0.0176408710041,0.107236661679,-0.0502123592783,0.573736609004,0.819025327479,0.0021361970349,0.0,0.818982916912,-0.573675597174,-0.0120015796708,0.0,-0.00860427926946,0.00863542076034,-0.999925695183,0.0,0.649388725777,0.245199022264,0.303394165942,1.0,-0.041276,-0.0542484571429,1.078
0.455450581524,0.479569828453,-0.12427064577,-1.46306753088,0.0730190840889,1.93332690261,0.144503897872,-0.038547118058,-0.224946245619,-0.00691904556007,-0.351493252605,-0.0171023983793,0.124742576106,-0.0575891534835,0.573764175512,0.819006163564,0.00207890466141,0.0,0.81896283832,-0.57370323548,-0.0120504751418,0.0,-0.00867690614187,0.00861684249731,-0.999925227867,0.0,0.648648522604,0.244212899821,0.303379295933,1.0,-0.0459777142857,-0.0604278530612,1.095
0.454834356935,0.475707305627,-0.124329459911,-1.46896452159,0.0726571609845,1.93548711063,0.143672363831,-0.0345645167047,-0.24099871103,-0.00176620230446,-0.379901725505,-0.0277789100887,0.139008726246,-0.0408789376717,0.573818051168,0.818968158567,0.00217860236621,0.0,0.818926209601,-0.573756760333,-0.0119912510715,0.0,-0.00857062998442,0.00866507772849,-0.999925727607,0.0,0.647908763781,0.24322010486,0.303435928042,1.0,-0.0504028571429,-0.066243755102,1.111
0.454042931021,0.471002099321,-0.124363064591,-1.47622685533,0.0722291183345,1.93807173465,0.14259099045,-0.0426463436581,-0.27044915796,-0.00301412080012,-0.41266778084,-0.0231915750549,0.15122444526,-0.0577883000716,0.573837350836,0.818954536998,0.00221540462502,0.0,0.818912672506,-0.573775503615,-0.0120188668626,0.0,-0.00857192567843,0.00871126536151,-0.999925315184,0.0,0.646971041249,0.241997537211,0.303457644993,1.0,-0.0553811428571,-0.072786644898,1.129
0.453229553543,0.466114875083,-0.124395049879,-1.48355816428,0.0717565649095,1.94083274613,0.141388665856,-0.0498828274707,-0.295256529725,-0.00120265675979,-0.450752826743,-0.0299642086212,0.16813887322,-0.0691798075932,0.573761407357,0.819007003969,0.00247422275868,0.0,0.818968735527,-0.573698766043,-0.0118609852282,0.0,-0.00829493113547,0.00883185670189,-0.999926593518,0.0,0.646054145428,0.240761812876,0.303581607924,1.0,-0.0600828571429,-0.0789660408163,1.146
0.452391730934,0.461208216946,-0.12441682805,-1.49113894183,0.0712591250807,1.94343550046,0.140245069959,-0.0504606411059,-0.316352126546,-0.00214166257874,-0.488194536623,-0.0369377260027,0.177213864384,-0.0675761130301,0.573745350783,0.819018447,0.00240890657688,0.0,0.818979107615,-0.573682732708,-0.0119201670951,0.0,-0.00838104999556,0.00881215427132,-0.999926049235,0.0,0.645038653594,0.239474779696,0.303580980076,1.0,-0.064508,-0.0847819428571,1.162
0.451435947649,0.455694586727,-0.124464388372,-1.49970943673,0.0706758983867,1.94638258936,0.138962156711,-0.0521198868994,-0.327725327056,-0.00793935349145,-0.512180992591,-0.0331475466684,0.181274929268,-0.0742255993411,0.57374781526,0.819017050713,0.00229391084077,0.0,0.818976206451,-0.57368565207,-0.0119788470758,0.0,-0.00849505982268,0.00875166423401,-0.9999256184,0.0,0.643886440354,0.237999314768,0.30355150839,1.0,-0.0692097142857,-0.0909613387755,1.179
0.450324877951,0.449355530018,-0.124510107448,-1.50912205862,0.0700392902646,1.94995616515,0.137446920178,-0.0631378255338,-0.361165041448,-0.00604616662829,-0.533213517757,-0.0401112449798,0.199813789685,-0.0803901363666,0.573705420579,0.819045541698,0.00269033909145,0.0,0.819010420362,-0.573642355147,-0.0117101076325,0.0,-0.00804797394511,0.00892173974569,-0.999927813732,0.0,0.642694050495,0.2363715841,0.303733286559,1.0,-0.074188,-0.0975042285714,1.197
0.449327941954,0.443861722349,-0.124537548148,-1.51751203919,0.0694996211992,1.95286305638,0.136184977959,-0.0665568215274,-0.375601703384,-0.00572324818642,-0.580230130389,-0.0399537172703,0.191396155868,-0.0907607412863,0.573732562338,0.819026581126,0.00267455097085,0.0,0.818990871366,-0.573669126055,-0.0117657695076,0.0,-0.00810232665096,0.00894101005973,-0.999927202671,0.0,0.641468770748,0.234807371139,0.303743461367,1.0,-0.0786131428571,-0.103320130612,1.213
0.448054586978,0.436969443864,-0.124564805139,-1.52830174379,0.0687546656638,1.95644602733,0.134453574784,-0.0688083277221,-0.392898885744,6.78301308223e-05,-0.605490824553,-0.0423123052919,0.205350752939,-0.0870411592874,0.57365210044,0.819083725389,0.00242185170827,0.0,0.819044392148,-0.573589272161,-0.0119322023623,0.0,-0.00838448603169,0.00882870698824,-0.999925874416,0.0,0.640034651447,0.233027246265,0.303644055186,1.0,-0.0833148571429,-0.109499526531,1.23
0.446740728245,0.429996693347,-0.124594265184,-1.53870713302,0.0680327306269,1.96025071184,0.132753044931,-0.0808413045471,-0.408968545972,-0.00164571935123,-0.620482194551,-0.0429468013649,0.224602317065,-0.100385497142,0.573609295833,0.819112792608,0.0027121249728,0.0,0.819077591312,-0.573545762401,-0.0117432850646,0.0,-0.00806370248966,0.00895767072965,-0.999927365781,0.0,0.638648447819,0.231183191999,0.30377599781,1.0,-0.0880165714286,-0.115678922449,1.247
0.445400820942,0.423235674123,-0.124670536737,-1.54910001248,0.0672817076133,1.96376984924,0.131045327778,-0.0867533356368,-0.424118829767,-0.00407503922467,-0.667018976346,-0.0503881654731,0.21717638649,-0.107840281624,0.573597326409,0.819121609872,0.0025772617502,0.0,0.819084829219,-0.573534476,-0.0117895837231,0.0,-0.00817911180485,0.00887364054866,-0.999927177665,0.0,0.637200394209,0.229275358218,0.30373580077,1.0,-0.0924417142857,-0.12149482449,1.263
0.443872522874,0.415679508102,-0.124789321955,-1.56053028797,0.0664640415962,1.96770965931,0.129210169596,-0.0939285226399,-0.460501341753,-0.00579829625656,-0.675590342669,-0.0441120765315,0.24572023699,-0.109667541326,0.573683528608,0.819061204148,0.00258839047101,0.0,0.819024949185,-0.573621040642,-0.0117380256352,0.0,-0.00812956269476,0.00885403880695,-0.999927755494,0.0,0.635621784735,0.227133938317,0.303766626468,1.0,-0.0971434285714,-0.127674220408,1.28
0.442243895987,0.407855284629,-0.124838231315,-1.57237541728,0.0656761138904,1.97180916986,0.12719978616,-0.0923724462152,-0.470926451502,-0.00272727185726,-0.700992873486,-0.0485434297511,0.230786666676,-0.113698462389,0.573673881738,0.819067732634,0.00265963729177,0.0,0.819031998977,-0.573610694316,-0.0117517198605,0.0,-0.00810001409753,0.00892015453774,-0.999927407672,0.0,0.633955484948,0.224946272484,0.303779244288,1.0,-0.101845142857,-0.133853616327,1.297
0.440570677569,0.400205828415,-0.124931531781,-1.58397195443,0.0648792986943,1.97565909864,0.125272543004,-0.101508444356,-0.500479568344,-0.00862332969628,-0.723076976014,-0.0466899012211,0.254918935299,-0.121332798862,0.573777095788,0.818995718108,0.00257001369092,0.0,0.818958463433,-0.57371383788,-0.0118412117889,0.0,-0.00822360766426,0.00889912190987,-0.999926586258,0.0,0.632294520414,0.222719963384,0.303756996803,1.0,-0.106270285714,-0.139669518367,1.313
0.438723915915,0.39173925491,-0.125004740939,-1.59654931878,0.0639110097227,1.98007643893,0.123098641374,-0.111942297012,-0.498053266934,-0.00218881244895,-0.761353808388,-0.0545242266556,0.251278817568,-0.129173231993,0.573780889454,0.818992433234,0.00276262632705,0.0,0.81895848632,-0.573717826363,-0.0116447541422,0.0,-0.00795215066145,0.00894418586754,-0.999928379855,0.0,0.630524406654,0.220310446737,0.303849727156,1.0,-0.110972,-0.145848914286,1.33
0.436760918001,0.383063626033,-0.12505750029,-1.60970744976,0.0629269486908,1.98432427462,0.120765923981,-0.11760572777,-0.526648028515,-0.00590392093808,-0.769963380129,-0.0591216275083,0.253981134472,-0.136565712315,0.573738337195,0.819022974735,0.00253657040178,0.0,0.818985805402,-0.57367577161,-0.0117943426902,0.0,-0.00820482662106,0.00884445199999,-0.999927225596,0.0,0.628561659758,0.217772609503,0.303774253632,1.0,-0.115673714286,-0.152028310204,1.347
0.434830759794,0.374574030054,-0.125102846384,-1.62226408856,0.0620169042522,1.98862112938,0.118523058892,-0.126010566775,-0.523702387194,-0.000377359443288,-0.778913414763,-0.0672783185085,0.258101125178,-0.149680721317,0.573724628276,0.819032004841,0.00271530045038,0.0,0.818997107414,-0.57366136072,-0.0117101735876,0.0,-0.00803349866908,0.0089424103723,-0.999927745488,0.0,0.626723636993,0.215348611603,0.303844706848,1.0,-0.120098857143,-0.157844212245,1.363
0.432479114792,0.364749682019,-0.125217165653,-1.63690928202,0.0608762069294,1.9933794983,0.115975860247,-0.130180798961,-0.561747756963,-0.00851345019101,-0.775390581064,-0.06561088508,0.277660096095,-0.147762330913,0.573849906445,0.818944591164,0.0026054516203,0.0,0.818908498028,-0.573787270258,-0.0117382813502,0.0,-0.00811818334847,0.00886980889899,-0.999927708182,0.0,0.624527433002,0.212405793637,0.303832630937,1.0,-0.125077142857,-0.164387102041,1.381
0.430169338286,0.355221458589,-0.125320101312,-1.65107618833,0.0597901360677,1.99800638021,0.113305941521,-0.142978439462,-0.562765696311,-0.00459709516929,-0.82459910842,-0.0553619572608,0.273541467104,-0.165118496892,0.573814813595,0.818969331143,0.00255758607035,0.0,0.818932627749,-0.573752368879,-0.0117608381772,0.0,-0.00816450190117,0.00884320410676,-0.999927566702,0.0,0.622375344184,0.209558939739,0.303815845306,1.0,-0.129778857143,-0.170566497959,1.398
