position_joint1,position_joint2,position_joint3,position_joint4,position_joint5,position_joint6,position_joint7,velocity_joint1,velocity_joint2,velocity_joint3,velocity_joint4,velocity_joint5,velocity_joint6,velocity_joint7,ee_T_00,ee_T_10,ee_T_20,ee_T_30,ee_T_01,ee_T_11,ee_T_21,ee_T_31,ee_T_02,ee_T_12,ee_T_22,ee_T_32,ee_T_03,ee_T_13,ee_T_23,ee_T_33,v_x,v_y,time
0.465059894939,0.547739129652,-0.123983921501,-1.35582554802,0.0795559241308,1.89410615967,0.159154212271,0.00129032468526,0.00171201110842,0.000645875179518,-8.80802176068e-06,-7.02019610147e-05,0.000665193429675,-0.00175062858371,0.573824130803,0.818964295542,0.00202396565641,0.0,0.818921594581,-0.573764742044,-0.0119243288078,0.0,-0.0086044850721,0.00850010044952,-0.999926852889,0.0,0.661680429426,0.260894906741,0.303248158704,1.0,0.0,0.0,0.0
0.46505246431,0.547735843987,-0.123982110388,-1.35582554802,0.0795549297621,1.89410724855,0.159160038064,-0.000989991929117,0.00121585585282,6.33911635797e-05,0.000551885471099,-0.000324489301354,-6.47938929611e-05,-0.00136780397714,0.573833459838,0.818957749969,0.00202756917141,0.0,0.81891509856,-0.573774057618,-0.011922208556,0.0,-0.00860058409103,0.00850193288102,-0.999926870871,0.0,0.661682312547,0.260890995001,0.303250519101,1.0,-0.00014,-0.000184,0.008
0.46505730686,0.547735971074,-0.12398214096,-1.35582617724,0.0795554520005,1.89410781328,0.159166601702,-0.000181574578646,0.00147528913846,0.000618336508281,0.0011925307273,6.06737002796e-05,-7.05955365486e-05,0.00209099380471,0.573835067327,0.818956623545,0.00202759921428,0.0,0.818913968336,-0.573775660641,-0.0119226935411,0.0,-0.00860094736219,0.00850225266435,-0.999926865028,0.0,0.661680991858,0.260894228133,0.30325018063,1.0,-0.00034,-0.000446857142857,0.018
0.465059457445,0.547730210128,-0.12398216764,-1.35583196933,0.07955329739,1.89410731695,0.159163107622,0.00202432288147,0.00189239544444,7.91020814856e-05,-0.000183486943431,1.98740811868e-05,0.000939646802085,0.00156307592744,0.573830195043,0.81896004059,0.00202634499687,0.0,0.818917381703,-0.573770806652,-0.0119218404013,0.0,-0.00860101889185,0.00850068480657,-0.999926877742,0.0,0.661679283336,0.260894640802,0.303251458715,1.0,-0.00064,-0.000841142857143,0.033
0.465059378693,0.547682234087,-0.123982404403,-1.35586522621,0.0795526118719,1.89411005985,0.159162040251,0.000249256717087,-0.00431694853466,0.000127990163587,0.00074501466813,0.000194298147144,-0.000352048905273,-0.000187340003708,0.573831118206,0.818959352393,0.00204298962673,0.0,0.818916888968,-0.573771639995,-0.0119155781249,0.0,-0.00858632994943,0.00851073208679,-0.999926918518,0.0,0.661673590713,0.260891212909,0.303269861171,1.0,-0.00098,-0.001288,0.05
0.465061532055,0.547572232783,-0.123982827281,-1.35600373379,0.0795543865321,1.89413191165,0.159156486484,0.000667719376271,-0.00647120634079,0.00082648692762,-0.00518688522216,0.00055940479786,-0.000802784006408,0.000412417803922,0.573833091608,0.818957966089,0.00204442068621,0.0,0.818915392566,-0.573773479659,-0.0119298264623,0.0,-0.00859715756626,0.00852010080835,-0.999926745699,0.0,0.661648537441,0.260879166787,0.303283776343,1.0,-0.0013,-0.00170857142857,0.066
0.46505488113,0.547433988964,-0.123985099412,-1.35619238418,0.0795504232991,1.89416738504,0.159153970515,-0.00207888872843,-0.00928808625375,-0.000386079761597,-0.0158927073869,0.000335743212641,0.000887204048869,0.000591510193484,0.573847316136,0.818948017944,0.00203680374117,0.0,0.818905243836,-0.573787633622,-0.0119457114675,0.0,-0.00861438978415,0.0085231278259,-0.999926571594,0.0,0.661618489111,0.260854636978,0.303295062126,1.0,-0.00164,-0.00215542857143,0.083
0.465033903737,0.547260195776,-0.123982821789,-1.3564162772,0.0795457845297,1.89428514403,0.159140648321,0.00120664753284,-0.00800573888087,0.000665110147658,-0.0141899397834,-0.00387882930578,0.00757066329172,-0.00152374114506,0.573863495825,0.818936523323,0.0020990066555,0.0,0.818894520287,-0.573803515845,-0.0119179171517,0.0,-0.00855576496378,0.00855828742144,-0.99992677462,0.0,0.661600443297,0.260825039046,0.303321745996,1.0,-0.002,-0.00262857142857,0.101
0.465019006342,0.547084497988,-0.12398457343,-1.35662141595,0.0795415066549,1.8944010971,0.159134320735,-0.000395374413368,-0.00547501352097,-0.00092142569333,-0.0149866409548,-0.00222852019205,0.00320050561867,-0.00232282676735,0.573882287332,0.818923154076,0.00217598399817,0.0,0.818882151512,-0.573821991923,-0.0118781489544,0.0,-0.00847882697776,0.00859869930089,-0.999927083273,0.0,0.661585700733,0.260799321061,0.303358676574,1.0,-0.00232,-0.00304914285714,0.117
0.464985600323,0.546872587256,-0.123982147888,-1.35690551662,0.0795384749506,1.89452970876,0.159115688881,-0.00301262965274,-0.0165702277643,0.00528743056623,-0.018354388759,-0.000862341449725,0.00327387048958,-0.00150157018462,0.573907900707,0.818905053605,0.00223194690599,0.0,0.818864678929,-0.573847277322,-0.0118611471878,0.0,-0.00843251907065,0.00863503482028,-0.999927161745,0.0,0.66156011171,0.26075593378,0.303384628245,1.0,-0.00266,-0.003496,0.134
0.464955920836,0.546629640856,-0.123982861198,-1.35728557959,0.0795310777193,1.8946679179,0.159080355239,-0.00322726611804,-0.0120103022371,-0.000921612289914,-0.0211782518864,0.000190985457889,0.00849631896701,-0.00300914181429,0.57392307248,0.818894395902,0.00224101216742,0.0,0.818854000057,-0.573862268768,-0.0118730778266,0.0,-0.00843692700454,0.00864946161242,-0.999926999874,0.0,0.661515211814,0.260702147053,0.303387801786,1.0,-0.003,-0.00394285714286,0.151
0.464915444361,0.546359246535,-0.123980378877,-1.35767875666,0.0795223918786,1.89481790534,0.158947714538,-0.00326615883459,-0.0135767193197,0.000785688766813,-0.025006609901,-0.00262598807706,0.00860113687258,-0.0107440905456,0.573865563675,0.81893460647,0.00227421550364,0.0,0.818894496943,-0.573804486011,-0.0118727255283,0.0,-0.00841819282637,0.00867585792558,-0.99992692909,0.0,0.661472505806,0.260642467265,0.30340507228,1.0,-0.00332,-0.00436342857143,0.167
0.464870682551,0.546055261294,-0.123983094509,-1.3581987957,0.0795037575064,1.8949902747,0.158923122342,-0.00155233725483,-0.0180540083641,7.20013389527e-05,-0.0343392777662,0.000179852510726,0.0125194336369,-0.000143337516071,0.573908053039,0.818904917672,0.00224262579456,0.0,0.818864264194,-0.573846959238,-0.0119050871632,0.0,-0.00846237335725,0.00866899842131,-0.999926615659,0.0,0.661408858109,0.260562224937,0.303387824916,1.0,-0.00368,-0.00483657142857,0.185
0.464818905137,0.545743232882,-0.123980403536,-1.35871950757,0.0794741375209,1.89516190808,0.15885602065,-0.00535863674099,-0.0246189025554,0.00111257500438,-0.0327903259143,-0.00122065023761,0.0124569116469,-0.00599767807291,0.573921373214,0.818895690887,0.0022026610992,0.0,0.818854433325,-0.573860353635,-0.0119355959646,0.0,-0.00851015207307,0.00865391904709,-0.999926340786,0.0,0.661340714153,0.260472840866,0.303370478671,1.0,-0.00402,-0.00528342857143,0.202
0.464755744928,0.545411987408,-0.12398852642,-1.35929809115,0.0794205029029,1.89536105343,0.15878062881,-0.00329578611781,-0.0207211865733,-0.00165007799521,-0.0374966904356,-0.0101525865831,0.00747480533293,0.0011637107438,0.573928502936,0.818890811294,0.00215860995516,0.0,0.818849173157,-0.573867857753,-0.0119356758782,0.0,-0.00853542276585,0.00861796648779,-0.9999264359,0.0,0.661283130649,0.260372695208,0.303352254081,1.0,-0.00432,-0.00567771428571,0.217
0.464687980368,0.544992052377,-0.123990683979,-1.3600333237,0.079381521071,1.89559382977,0.158690442506,-0.00350297494052,-0.0220057493927,-0.000229237357509,-0.0409515433366,-0.00116931908787,0.0116549795499,-0.00294517948269,0.573942179814,0.818881402065,0.00209057011545,0.0,0.818838769498,-0.573881705905,-0.0119834926107,0.0,-0.00861348512278,0.00858983711263,-0.999926008549,0.0,0.661191963444,0.260254353595,0.303319786454,1.0,-0.00468,-0.00615085714286,0.235
0.464618699308,0.544554974515,-0.123986711362,-1.36075454695,0.0793522813952,1.89584864042,0.158600385671,-0.0032994195228,-0.0271907891513,0.000614617402357,-0.0388992951078,-0.000616159388654,0.0219198300585,-0.00915093599146,0.573954828688,0.818872578925,0.00207388803418,0.0,0.818829552382,-0.573894247629,-0.0120126427138,0.0,-0.00864679778337,0.00859304054426,-0.99992569351,0.0,0.661107219803,0.260143534037,0.303307809549,1.0,-0.00502,-0.00659771428571,0.252
0.464557540913,0.544114540142,-0.123991749087,-1.36148110246,0.0793180723099,1.89610491871,0.158513696983,-0.00309861429175,-0.0310852476478,-0.000689603801366,-0.0473772765786,-0.0042896542005,0.0154363187267,-0.00282622759356,0.573968828403,0.818862821448,0.00205196812845,0.0,0.818819418771,-0.573908249169,-0.0120344456157,0.0,-0.0086770857163,0.00858775334168,-0.999925476561,0.0,0.661021770195,0.260031576502,0.303296043729,1.0,-0.00534,-0.00701828571429,0.268
0.464479518469,0.543604316449,-0.123989223669,-1.3623048229,0.079275104957,1.89639591328,0.158405862667,-0.00684359292775,-0.027017545078,0.000643569929489,-0.0442290963231,-0.00015791621108,0.0206481563644,-0.0128458967106,0.573977049711,0.818857096415,0.00203689878124,0.0,0.818813392635,-0.573916430706,-0.0120542734456,0.0,-0.00870188521311,0.00858688163434,-0.999925268536,0.0,0.66092576067,0.259903181295,0.303290114299,1.0,-0.00568,-0.00746514285714,0.285
0.464394294101,0.543023584442,-0.123992784003,-1.36320865307,0.0792216095849,1.8967179204,0.158289251875,-0.00459161611725,-0.0373708540458,0.00193360966697,-0.0515575198694,-0.00728240024208,0.0135420692424,-0.00949637945955,0.573989822582,0.818848145693,0.00203587059466,0.0,0.818804412139,-0.573929190247,-0.012056788311,0.0,-0.00870440077628,0.00858761894725,-0.999925240309,0.0,0.660823076976,0.259758329788,0.303298745705,1.0,-0.00604,-0.00793828571429,0.303
0.464325281713,0.542480769363,-0.123998839309,-1.36406115316,0.0791772025644,1.89701872929,0.158178977424,-0.00500594737529,-0.0372258189707,0.00109106711452,-0.0483374538955,-0.00786742386902,0.0244089697049,-0.00384779455888,0.573995767516,0.818843990787,0.00203089319596,0.0,0.818800128967,-0.573935093455,-0.0120666567853,0.0,-0.00871527631741,0.00858927090369,-0.999925131389,0.0,0.660722706717,0.259628378786,0.30330317517,1.0,-0.00636,-0.00835885714286,0.319
0.464250062719,0.541874408119,-0.124002054031,-1.3649895524,0.0791180994454,1.89737155382,0.158059676087,-0.00681978364615,-0.0357870942214,-0.00104191384407,-0.0571024529001,-0.00178815121982,0.0166273077723,-0.0014199406256,0.573997794948,0.818842511467,0.00205419331187,0.0,0.81879900644,-0.573937072512,-0.0120486825187,0.0,-0.00868716301254,0.00859805417978,-0.999925300542,0.0,0.660618538888,0.259488958956,0.30332074236,1.0,-0.0067,-0.00880571428571,0.336
0.464165321193,0.541223467521,-0.12399674768,-1.36597822215,0.0790600472266,1.89773276037,0.157928220988,-0.00309831361603,-0.0363006830078,0.000651870309143,-0.0639247584516,-0.000646316905682,0.020783246511,-0.00458168339174,0.573995148832,0.818844309489,0.00207673682211,0.0,0.818801044875,-0.573934277102,-0.0120433126995,0.0,-0.00866985454621,0.00861340317995,-0.999925318665,0.0,0.660503611889,0.259342366353,0.303341505844,1.0,-0.00704,-0.00925257142857,0.353
0.464091219761,0.540572146904,-0.124004241809,-1.36698135719,0.0790052430849,1.89810112244,0.157795315313,-0.00533471328566,-0.0411244583963,5.21580466722e-05,-0.0645427397049,-0.00442483910455,0.0152144271822,-0.00633144353129,0.573993212807,0.818845627259,0.00209219322952,0.0,0.818802537882,-0.573932249224,-0.0120384450687,0.0,-0.0086570176119,0.00862324491245,-0.99992534506,0.0,0.660386601794,0.259194684728,0.303356608507,1.0,-0.00736,-0.00967314285714,0.369
0.463994513597,0.539835056415,-0.124006005225,-1.36809061222,0.0789372701793,1.89851144812,0.157663304807,-0.00621785864876,-0.0425655098894,-0.00214469095863,-0.0671578911462,-0.00479593442221,0.031244283815,-0.00702514142493,0.574008763759,0.818834644504,0.00212390892255,0.0,0.818791983792,-0.573947678911,-0.0120206510649,0.0,-0.00862407898533,0.00863916498811,-0.999925492269,0.0,0.660260796901,0.259024655815,0.303385145046,1.0,-0.0077,-0.01012,0.386
0.463880919979,0.539004638258,-0.124008184086,-1.36938749365,0.0788651280442,1.89900595815,0.157510043903,-0.00581782250129,-0.0405241273647,-0.000683710069545,-0.0712425831171,-8.15285205604e-05,0.0211861929921,-0.0064259511498,0.574030363409,0.818819436082,0.00214939045281,0.0,0.818777074605,-0.573969135548,-0.0120116793643,0.0,-0.00860187835616,0.00865510693542,-0.999925545635,0.0,0.660115314885,0.258827233117,0.303397517691,1.0,-0.00808,-0.0106194285714,0.405
0.463784665222,0.538311621001,-0.124010578401,-1.37044060509,0.0788051326668,1.89941640139,0.157370531595,-0.00962457332554,-0.0480348693704,-0.00206920603219,-0.0747687092095,-0.0117556563238,0.0278643544422,-0.00203872776078,0.574038857401,0.818813365773,0.00219297213961,0.0,0.818771577918,-0.573977452419,-0.0119889203071,0.0,-0.00855813639733,0.00867781644847,-0.999925724143,0.0,0.66000048951,0.258664539508,0.303421435927,1.0,-0.00838,-0.0110137142857,0.42
0.463672764649,0.537520617707,-0.124009111872,-1.37167968903,0.0787258101484,1.8998895324,0.157205870049,-0.00312685331368,-0.0494407330905,0.0010052702997,-0.0756517317338,-0.0107138941346,0.0221746212113,-0.00881420274377,0.574041842709,0.818811224116,0.00221110422791,0.0,0.818769714873,-0.573980405472,-0.0119747669001,0.0,-0.00853610738921,0.00868456964047,-0.999925853812,0.0,0.659861688895,0.25847411189,0.30343121363,1.0,-0.00872,-0.0114605714286,0.437
0.463557203042,0.536695473399,-0.124017018449,-1.372985415,0.0786555075511,1.90037029244,0.157059953998,-0.01324867554,-0.0501443076397,0.00231744444508,-0.0732867191576,-0.0103579688673,0.0257466984275,-0.0133228081836,0.574075656479,0.818787511871,0.00221312972622,0.0,0.818745975075,-0.57401415171,-0.0119803520933,0.0,-0.00853915930466,0.00868978685379,-0.999925782427,0.0,0.659712165249,0.258270356845,0.303434224041,1.0,-0.00906,-0.0119074285714,0.454
0.463446855849,0.535882838757,-0.124028992983,-1.37425971596,0.0785818629573,1.90083676563,0.156909398185,-0.00665716183671,-0.0568151998525,-0.00202707844712,-0.0843762707995,-0.00133150097576,0.0314569248151,-0.00472053507778,0.574101485058,0.8187693952,0.00221568019396,0.0,0.818727901132,-0.574039976161,-0.0119781709021,0.0,-0.00853563507681,0.00869089222454,-0.99992580291,0.0,0.659566226568,0.258069754866,0.303442092944,1.0,-0.00938,-0.012328,0.47
0.463331390738,0.535055260747,-0.124025093226,-1.37557084828,0.0785120907289,1.90131122969,0.156742010274,-0.0105780637266,-0.0530386256027,-0.00163795193513,-0.0823365021879,-0.00707129895338,0.0329513678063,-0.0114380366237,0.574119568443,0.818756722597,0.00221296970824,0.0,0.818715082435,-0.574057955693,-0.0119926728086,0.0,-0.00854887320952,0.00869718726226,-0.999925635085,0.0,0.659401806952,0.257854215694,0.303446175282,1.0,-0.00972,-0.0127748571429,0.487
0.463202975404,0.534108465754,-0.124032590686,-1.3771288656,0.0784241097776,1.90187371051,0.156560020484,-0.00497057870309,-0.0522411658363,0.000355000037642,-0.0863641717024,-0.00792618781486,0.0262576356302,-0.00127713658523,0.574132741602,0.818747594165,0.00217231925056,0.0,0.818705330954,-0.574071202225,-0.012024256476,0.0,-0.0085979306744,0.00868217584606,-0.999925344919,0.0,0.659225500643,0.257634394647,0.303418372748,1.0,-0.01006,-0.0132217142857,0.504
0.463067489017,0.533242933196,-0.124036519047,-1.37852645593,0.078349143694,1.90240092728,0.156378333719,-0.0120280570691,-0.0498657779443,-0.000605157412105,-0.0917394000895,-0.00411612296269,0.0312721338699,-0.00715578303287,0.57415420442,0.818732547241,0.0021708377922,0.0,0.818690191979,-0.574092595105,-0.0120336488578,0.0,-0.00860624377717,0.00868658093869,-0.999925235145,0.0,0.65906814776,0.257411902967,0.303409420284,1.0,-0.01038,-0.0136422857143,0.52
0.462941305243,0.532231810667,-0.124042378156,-1.38015203398,0.0782533305987,1.90302323511,0.15617198873,-0.0074835514385,-0.06295193039,-0.00132787476363,-0.0936741452803,-0.00606373048946,0.034692814544,-0.0103099597687,0.574155991454,0.818731282395,0.00217522580673,0.0,0.818688996376,-0.574094375584,-0.0120300472936,0.0,-0.00860075673791,0.00868812443702,-0.999925268946,0.0,0.65887931379,0.257172370654,0.303402710466,1.0,-0.01074,-0.0141154285714,0.538
0.462809941218,0.531246765669,-0.124039551129,-1.3817489959,0.0781585874864,1.90360113336,0.155973018354,-0.00856774491189,-0.0603650015795,-0.000721212726142,-0.101256069557,-0.000918829710836,0.0373096835635,-0.00902072342942,0.57416025253,0.818728368874,0.00214693199929,0.0,0.818685634654,-0.57409867593,-0.0120535807172,0.0,-0.00863622393562,0.00867851642318,-0.999925046685,0.0,0.658686432755,0.256934725779,0.303386882449,1.0,-0.01108,-0.0145622857143,0.555
0.462681831414,0.530276453622,-0.124040109644,-1.38328869424,0.0780640929495,1.90413773659,0.155768086032,-0.00708602089289,-0.0617272856165,0.000783646815454,-0.0971613393683,-0.00807729965662,0.031321108635,-0.00973744554083,0.57415593126,0.81873147261,0.00211878702235,0.0,0.818688310746,-0.57409441479,-0.012074752804,0.0,-0.00866976326874,0.00866758398691,-0.999924851273,0.0,0.658497779263,0.256701140325,0.303384224274,1.0,-0.0114,-0.0149828571429,0.571
0.462549670041,0.529232957746,-0.12404394347,-1.384933832,0.0779588129327,1.90474319233,0.155547765079,-0.00639965754113,-0.0605058009923,-0.000859672229714,-0.09445171064,-0.00866192228474,0.0410094560983,-0.0143771209568,0.574147468527,0.818737410647,0.00211747318932,0.0,0.818694272696,-0.574085999816,-0.0120706077324,0.0,-0.00866721327752,0.00866403885544,-0.999924904103,0.0,0.658302108771,0.256454370838,0.303388776964,1.0,-0.01174,-0.0154297142857,0.588
0.462411582309,0.528139813547,-0.124041067413,-1.3866340074,0.0778565437945,1.90540082939,0.155310532917,-0.00994791477413,-0.0679928669137,0.000179001167999,-0.100146717135,-0.0062695495769,0.0389797897154,-0.0165098921233,0.574129086313,0.818750189249,0.00216026755753,0.0,0.818707611641,-0.574067439675,-0.0120485786081,0.0,-0.00862480280395,0.00868623415707,-0.99992507825,0.0,0.658104637881,0.256205753872,0.303406154654,1.0,-0.01208,-0.0158765714286,0.605
0.462272093953,0.526995851582,-0.124048928644,-1.38839252502,0.0777507848444,1.90607461915,0.155070527685,-0.00898710801031,-0.0662794659729,0.000179304964532,-0.106942891541,-0.00537185715512,0.0397502974187,-0.00980128969755,0.574119108428,0.818757057463,0.0022084144505,0.0,0.818715156253,-0.574057309657,-0.0120185295259,0.0,-0.00857266446192,0.00870829749962,-0.999925334702,0.0,0.657900548887,0.255944272643,0.303432993848,1.0,-0.01242,-0.0163234285714,0.622
0.462127545305,0.525902107908,-0.124052058105,-1.39010320577,0.077639072898,1.90670224984,0.154828327604,-0.00480414976347,-0.0678300611636,-0.00154712264266,-0.104224110598,-0.00259850615724,0.0461136765217,-0.0177111650731,0.574103524264,0.81876797443,0.00221232408247,0.0,0.818726178084,-0.574041765958,-0.0120101273034,0.0,-0.00856370605955,0.00870651167978,-0.999925427016,0.0,0.65769714895,0.255683197068,0.303442817253,1.0,-0.01274,-0.016744,0.638
0.461957191644,0.524676164891,-0.124053186424,-1.39204517846,0.0775196061052,1.90739819622,0.15456670986,-0.00517584291013,-0.0707135891283,0.00214264805268,-0.108203226398,-0.0103221238273,0.0389689447212,-0.0143885213112,0.574101831588,0.818769210208,0.0021941475701,0.0,0.818727131094,-0.574040102925,-0.012024639104,0.0,-0.00858604087314,0.00869994297993,-0.999925292657,0.0,0.657462552591,0.255384021877,0.3034411275,1.0,-0.0131,-0.0172171428571,0.656
0.461819788595,0.523610374037,-0.124057798431,-1.39373903256,0.0774111859753,1.90800311887,0.154339276013,-0.0104750854232,-0.0743211932707,-0.000790091393314,-0.118784221251,-0.0104010215072,0.039656379692,-0.0163240891965,0.574092994045,0.818775470273,0.00217033851624,0.0,0.818733090075,-0.574031376056,-0.0120355066878,0.0,-0.00860870098744,0.00868659527303,-0.999925213868,0.0,0.65725507827,0.255127486012,0.303436834932,1.0,-0.0134,-0.0176114285714,0.671
0.461657137536,0.522394547976,-0.124062056914,-1.39567805534,0.0772917379523,1.90876362287,0.154088812943,-0.00846579066125,-0.0713877314825,-0.00023292133428,-0.112649642062,-0.00842267426929,0.0461718351696,-0.0104425953914,0.57409615094,0.81877318558,0.00219703246816,0.0,0.818731222699,-0.574034490631,-0.012013968762,0.0,-0.00857570816993,0.00869611973001,-0.999925414584,0.0,0.657031330673,0.254836183804,0.303434526865,1.0,-0.01374,-0.0180582857143,0.688
0.461484179385,0.52107603027,-0.124065220952,-1.39778671785,0.0771719446407,1.90956953467,0.153802314149,-0.0113983000289,-0.0772749318619,-0.000336305098225,-0.118377156384,-0.0103917141109,0.0446658580701,-0.0238492249228,0.574086118999,0.818780179448,0.00221192621588,0.0,0.81873835202,-0.574024338249,-0.0120131981655,0.0,-0.0085666340016,0.00870776678786,-0.999925391006,0.0,0.65678106383,0.25452302777,0.303427197827,1.0,-0.0141,-0.0185314285714,0.706
0.461333896862,0.519932258184,-0.12406844944,-1.3995974299,0.0770504342726,1.9102331443,0.153545510431,-0.0138227755606,-0.07970576124,0.000267219079262,-0.127900812909,-0.00759627704795,0.0470425892356,-0.0175875891325,0.574064842185,0.818795124868,0.00220167220551,0.0,0.818753238688,-0.574003182971,-0.0120094537026,0.0,-0.00856968028312,0.0086969988375,-0.999925458617,0.0,0.656561746796,0.254247966194,0.303426209612,1.0,-0.0144,-0.0189257142857,0.721
0.461148288133,0.518497449444,-0.124074754654,-1.40178918503,0.0769044012588,1.91101669345,0.153267626719,-0.0118475178351,-0.0784408664755,9.85380467117e-06,-0.12228780435,-0.0110687265699,0.0445169275559,-0.0114467509279,0.574070534661,0.818791091738,0.00221725633301,0.0,0.818749486802,-0.574008889419,-0.0119924822345,0.0,-0.00854677732813,0.00870007567645,-0.999925627875,0.0,0.65629433297,0.25391076095,0.303458263017,1.0,-0.01476,-0.0193988571429,0.739
0.460969690265,0.517158905979,-0.124086062573,-1.40391681274,0.0767617697167,1.91178188423,0.152967290044,-0.0122031467469,-0.0833791332867,-0.00117879046976,-0.122653614305,-0.0129531000485,0.0498190321498,-0.0177636751199,0.574052970043,0.81880348745,0.00218710452037,0.0,0.818761585515,-0.573991549501,-0.0119964198033,0.0,-0.00856749581015,0.00867746465085,-0.999925647047,0.0,0.656034241928,0.253580945472,0.303451471559,1.0,-0.0151,-0.0198457142857,0.756
0.460802425196,0.515884525851,-0.124084429973,-1.40594342044,0.0766431672261,1.91254266976,0.152681687264,-0.0110863407622,-0.0803282336266,0.00527574000578,-0.127857445228,-0.00535577124259,0.0533282759305,-0.0201568537149,0.574030192385,0.818819431971,0.00219612375862,0.0,0.818777573873,-0.573968662541,-0.012000243498,0.0,-0.0085656912641,0.00868680621475,-0.999925581396,0.0,0.655787665691,0.253280833243,0.303446609986,1.0,-0.01542,-0.0202662857143,0.772
0.460596867593,0.514411029434,-0.124090815073,-1.40828883424,0.0764999360059,1.91341023961,0.152359999671,-0.0111559968104,-0.081428393405,-0.000712753228712,-0.130187199654,-0.00571849083382,0.0441962632208,-0.0094415697552,0.57402465076,0.818823334149,0.00218967454292,0.0,0.818781378999,-0.573963135297,-0.0120049834111,0.0,-0.00857333314038,0.0086841883493,-0.999925538644,0.0,0.655504030391,0.252919058292,0.303438711201,1.0,-0.01578,-0.0207394285714,0.79
0.46041999906,0.513093866684,-0.12409150998,-1.41044169215,0.0763653204785,1.91415230437,0.152068674296,-0.0161086257827,-0.083516371418,7.86765240791e-05,-0.135276712517,-0.0160470888793,0.0526365320159,-0.0189253698461,0.574007907252,0.818835284875,0.00210844904233,0.0,0.81879216436,-0.573946629988,-0.012058375099,0.0,-0.00866385259301,0.00864815071396,-0.999925070767,0.0,0.655227056004,0.25259322311,0.303401419636,1.0,-0.0161,-0.02116,0.806
0.460225805377,0.511680386264,-0.124094702991,-1.41272943322,0.0762274113953,1.9149791529,0.151738081829,-0.0117826223676,-0.0848167426333,0.000456602918406,-0.129698478625,-0.00871648025395,0.0485393939999,-0.0279450407278,0.573981080116,0.818854194063,0.0020677127456,0.0,0.818810454916,-0.573919895009,-0.0120888351536,0.0,-0.00871245962682,0.00863199366527,-0.999924788038,0.0,0.654941730033,0.252245072925,0.30337442225,1.0,-0.01644,-0.0216068571429,0.823
0.460027013852,0.510204421492,-0.12409716567,-1.41504342223,0.0760903294979,1.91586206402,0.151417448222,-0.00910551913227,-0.0866915664383,0.000847713265354,-0.139382262679,-0.00410577243684,0.051332837979,-0.0180793595507,0.573967134657,0.818863871279,0.00210607444539,0.0,0.818820606735,-0.57390575997,-0.0120722640933,0.0,-0.00867701971491,0.00865374659708,-0.99992490818,0.0,0.654663050301,0.251895989622,0.30338299973,1.0,-0.01678,-0.0220537142857,0.84
0.459819684185,0.508706654819,-0.124103490762,-1.41740917355,0.0759304927385,1.91671758569,0.151083965093,-0.0131111490294,-0.0918960584196,0.000232079659628,-0.136142499458,-0.011820340632,0.0468287141499,-0.01880574615,0.573948034332,0.818877310787,0.00208582503525,0.0,0.818833870351,-0.573886837082,-0.0120721949644,0.0,-0.00868878630163,0.00863692304392,-0.99992495146,0.0,0.654370394958,0.251527851727,0.303379420284,1.0,-0.01712,-0.0225005714286,0.857
0.459616170137,0.507288764719,-0.12410954969,-1.4196716729,0.0757844520671,1.91752936233,0.150774724728,-0.012166457586,-0.089721428464,-0.00119738432303,-0.144448238719,-0.00795019504951,0.0474334989879,-0.0150024086619,0.573943511481,0.81888056553,0.00205229784796,0.0,0.818836695749,-0.57388246783,-0.0120882469022,0.0,-0.00872122061633,0.00861863359861,-0.999924826907,0.0,0.654088882478,0.251172902319,0.303364857103,1.0,-0.01744,-0.0229211428571,0.873
0.459398924825,0.505712424947,-0.124110023436,-1.42211243496,0.075628372329,1.9184515735,0.150443026415,-0.014460051867,-0.0941884132749,-0.000772477758521,-0.144376709383,-0.00382299548439,0.0591557368346,-0.0166767460446,0.573934200161,0.818886978804,0.00209683843383,0.0,0.818843742788,-0.573873017819,-0.0120594866398,0.0,-0.00867220454732,0.00863850116807,-0.999925081777,0.0,0.653792704892,0.250799060559,0.303385067687,1.0,-0.01778,-0.023368,0.89
0.45917092018,0.503966945781,-0.124121535869,-1.42473427718,0.0754708575617,1.91945831443,0.150082224002,-0.0122891305204,-0.101593777403,-0.00241337131075,-0.147604057147,-0.00810246500289,0.0541925728222,-0.016716494531,0.573925030366,0.818893152376,0.00219349314865,0.0,0.818851173349,-0.573863437057,-0.0120107624468,0.0,-0.00857693073756,0.00868958894204,-0.999925460874,0.0,0.653494830566,0.250420984853,0.303434798238,1.0,-0.01812,-0.0238148571429,0.907
0.458962879292,0.50250185273,-0.124125475859,-1.42691989404,0.0753284058146,1.92028045163,0.149772933095,-0.0120333674208,-0.0992159119211,0.00269954671661,-0.145559812683,-0.008272030453,0.050758101485,-0.0161127223891,0.573919913495,0.818896478616,0.00228847231311,0.0,0.818855890125,-0.573858087014,-0.011944625489,0.0,-0.00846831644889,0.00872935552751,-0.999926040249,0.0,0.653216513541,0.25005256148,0.303498392855,1.0,-0.01844,-0.0242354285714,0.923
0.45873674409,0.500781478247,-0.124121331402,-1.42949252378,0.0751706732421,1.9211855072,0.149407224812,-0.0141358247962,-0.103233427169,0.000625982171949,-0.148514423311,-0.0103395936832,0.0573891939601,-0.0219713351613,0.573891219626,0.818916446879,0.00233836874764,0.0,0.818876388031,-0.573829071698,-0.0119333356742,0.0,-0.00843074319994,0.00876344024162,-0.999926059609,0.0,0.652887087399,0.249660802103,0.303552869597,1.0,-0.01878,-0.0246822857143,0.94
0.458482544517,0.499077358384,-0.124125971296,-1.43209647776,0.0750002635503,1.9221388371,0.149048264561,-0.0138894688042,-0.102325174284,-0.000753837949198,-0.148430188902,-0.00276394828906,0.0579884495284,-0.0193689406415,0.573890229621,0.818917016887,0.00238132305837,0.0,0.818877584842,-0.573827981604,-0.0119035907478,0.0,-0.00838174459588,0.00878153557412,-0.99992631278,0.0,0.65254786611,0.249216941477,0.303588857853,1.0,-0.01914,-0.0251554285714,0.958
0.458242743606,0.497509473906,-0.124124179179,-1.43458383267,0.0748479755951,1.92305570525,0.148671990942,-0.0150440587208,-0.0979546327513,0.000244669487911,-0.155242611943,-0.00713669145771,0.0578090932567,-0.0300756107673,0.573867369333,0.818933051238,0.00237632204703,0.0,0.818893472843,-0.573805058945,-0.0119155933841,0.0,-0.00839468925886,0.00878409396409,-0.999926181718,0.0,0.652258708009,0.248850864936,0.303573645125,1.0,-0.01944,-0.0255497142857,0.973
0.457964833112,0.495722919643,-0.124123733079,-1.43744679864,0.0746702519196,1.924047868,0.148258810515,-0.0128807135612,-0.103834213361,6.05703104037e-05,-0.165355075766,-0.00591531358183,0.0526294346223,-0.017804475809,0.573852737318,0.818943506252,0.00230571917825,0.0,0.818902842808,-0.573790540336,-0.0119706625628,0.0,-0.00848045979333,0.00875772608234,-0.999925689257,0.0,0.651889401306,0.248392728436,0.30354195278,1.0,-0.0198,-0.0260228571429,0.991
0.457677151807,0.494032245646,-0.12413790852,-1.44021365125,0.0745008515149,1.92502052776,0.147879607455,-0.0170396349349,-0.104452105826,-0.00245975469981,-0.172318111473,-0.00946369581778,0.0664751515143,-0.0276218090921,0.573881496059,0.818923604066,0.00221496874153,0.0,0.818881652539,-0.573819562349,-0.0120289609539,0.0,-0.0085799728547,0.00871716320404,-0.999925194768,0.0,0.651540828317,0.247929937518,0.303487377289,1.0,-0.026704,-0.0350966857143,1.008
0.457383720848,0.49156333938,-0.124227799118,-1.4438246735,0.0743087905451,1.92637393719,0.147341170395,-0.0186164676127,-0.182969888921,-0.00259320770483,-0.275659765327,-0.0118602101052,0.106485206888,-0.0481152924122,0.573872915581,0.818929083269,0.00240421276023,0.0,0.81888971073,-0.573810329092,-0.0119203518452,0.0,-0.00838252208321,0.00880972177436,-0.999926058329,0.0,0.651067317812,0.24730606055,0.30360615118,1.0,-0.0420731428571,-0.0552961306122,1.024
0.456821456522,0.487151299503,-0.124270444527,-1.4508354544,0.0739449179879,1.92909861832,0.146263405325,-0.0370815565852,-0.264375696215,-0.000995575068539,-0.425354927719,-0.0322507745417,0.161644968294,-0.0633230100511,0.573737367881,0.819023695785,0.00252296287911,0.0,0.81898552691,-0.573673970149,-0.0119008229762,0.0,-0.00829985768339,0.00889438817741,-0.999925998373,0.0,0.65022058612,0.246313216037,0.303574675403,1.0,-0.0593634285714,-0.0780205061224,1.042
0.456060722112,0.482053120725,-0.124397773941,-1.45891185324,0.073472907986,1.9320458929,0.145019051041,-0.0509331223299,-0.34144843137,-0.00718882656921,-0.553153100534,-0.0340331110312,0.19109024009,-0.0824771273558,0.573704587423,0.819046774472,0.00248485365533,0.0,0.819008153249,-0.573641389284,-0.011914206356,0.0,-0.00833303782006,0.00887052103031,-0.999925934426,0.0,0.649205022386,0.244978283323,0.303528615842,1.0,-0.0747325714286,-0.0982199510204,1.058
0.455011079256,0.475260391788,-0.124576952455,-1.46973051009,0.0728170737067,1.93574066069,0.143442725321,-0.0716759839271,-0.431983475259,-0.00600384098311,-0.68539904662,-0.0415828628166,0.231900652227,-0.0983472445365,0.573750940228,0.819015158883,0.00218517917867,0.0,0.818972455002,-0.573688781071,-0.0120850040084,0.0,-0.0086443551292,0.00872355192443,-0.999924584539,0.0,0.647785513718,0.243146450747,0.303410570464,1.0,-0.0910622857143,-0.119681861224,1.075
0.453802144498,0.467590097848,-0.124709941807,-1.48152409499,0.072144098191,1.9400295647,0.14164954784,-0.0790869826659,-0.511589645735,-0.00418633445686,-0.759629128778,-0.0460663569566,0.298075428899,-0.113769339246,0.573752778262,0.819013441025,0.00234088826842,0.0,0.818972417681,-0.573689603046,-0.0120484578236,0.0,-0.0085250697737,0.00883012908214,-0.999924673166,0.0,0.646273703151,0.24117421683,0.303472830726,1.0,-0.106431428571,-0.139881306122,1.091
0.452187423541,0.457690843487,-0.124856915521,-1.49687303925,0.0711664567598,1.94556012021,0.139230446595,-0.10091688238,-0.579749592382,-0.00753385176706,-0.911549678587,-0.0611798869138,0.319720497379,-0.138680729325,0.57365498479,0.819081817696,0.00238353662851,0.0,0.819041457937,-0.573591757888,-0.0120138405314,0.0,-0.00847330451263,0.00884418510056,-0.999924988937,0.0,0.644266241227,0.238580876174,0.303470635124,1.0,-0.123721714286,-0.162605681633,1.109
0.450444174887,0.44758099795,-0.125045194722,-1.51223013521,0.0701161942623,1.95102105864,0.136818096968,-0.111272873697,-0.658628167068,-0.00946738059961,-0.990937405926,-0.0754025018136,0.362220770281,-0.155958832434,0.573658807032,0.819078784215,0.00250305122014,0.0,0.819040747724,-0.573595915411,-0.0118628113019,0.0,-0.0082809965374,0.00885547761778,-0.999926500105,0.0,0.642249750614,0.235872986598,0.303579833578,1.0,-0.139090857143,-0.182805126531,1.125
0.448163197743,0.43503759933,-0.125196021098,-1.53153799272,0.0688527792716,1.95762395118,0.133767252055,-0.135475853713,-0.72738615458,-0.0110575537093,-1.09644640309,-0.0715433005239,0.383386827938,-0.173386827679,0.573650588087,0.819084980949,0.00235450037607,0.0,0.81904446962,-0.573587717025,-0.012001440053,0.0,-0.00847985006511,0.00881324333827,-0.999925206645,0.0,0.63959666336,0.232462690978,0.303543784223,1.0,-0.156381142857,-0.205529502041,1.143
0.445682719648,0.421819104464,-0.125367687156,-1.55146497828,0.0674831519523,1.96451758036,0.130438285421,-0.15035076708,-0.81098101522,-0.0118750248873,-1.21016772048,-0.0781408045117,0.410908230864,-0.202831097591,0.573560261492,0.819147888079,0.00247200192051,0.0,0.819109065351,-0.573497096146,-0.0119233666777,0.0,-0.00834947546302,0.00886377914739,-0.999925857091,0.0,0.636847436412,0.228865351077,0.303657927861,1.0,-0.172710857143,-0.226991412245,1.16
0.443200193653,0.409230987559,-0.125532925683,-1.57011959854,0.0661489136462,1.97116586609,0.127351015902,-0.172651283991,-0.879557427259,-0.00848013980702,-1.27947057117,-0.0805435756038,0.44562886251,-0.211850777934,0.573591300138,0.819124756004,0.00289851832329,0.0,0.819092372346,-0.5735275778,-0.0115995676097,0.0,-0.00783926372503,0.00902773912797,-0.999928520381,0.0,0.634293635413,0.225414261253,0.303886191883,1.0,-0.187119428571,-0.245928391837,1.175
0.440029894477,0.394022987481,-0.125730970785,-1.59273955654,0.064648453852,1.97891917721,0.12346758024,-0.191042164509,-0.89845845825,-0.0114684767511,-1.36096358224,-0.0891329179107,0.474116014911,-0.228809617354,0.573644739964,0.81908621251,0.00319932621508,0.0,0.819057155748,-0.573579374089,-0.0115249355575,0.0,-0.007604994707,0.00923182743232,-0.99992846615,0.0,0.63107817855,0.22114862744,0.304046518256,1.0,-0.203449142857,-0.267390302041,1.192
0.436279605782,0.376870532514,-0.125945623322,-1.61835073198,0.0626768863181,1.98752084378,0.118915687769,-0.2160880933,-0.976448101363,-0.015792750149,-1.45368625215,-0.126835832213,0.496922361222,-0.267081640832,0.573564421952,0.81914243035,0.00320617724867,0.0,0.819114295499,-0.573500060674,-0.0114104433201,0.0,-0.00750817998168,0.00917102651607,-0.999929757286,0.0,0.627332908325,0.216201660702,0.30409837807,1.0,-0.220739428571,-0.290114677551,1.21
0.432799291919,0.361732292628,-0.12612557071,-1.64072570407,0.061019667884,1.99494581542,0.114902809613,-0.239861374055,-1.04396227854,-0.0161952053317,-1.52707640465,-0.10637514879,0.524838484222,-0.275553392751,0.573604162001,0.819114133088,0.00332403545628,0.0,0.819087465713,-0.573539389572,-0.0113595344019,0.0,-0.00739843235012,0.00923872986332,-0.999929952081,0.0,0.62398723794,0.211792970769,0.304175759478,1.0,-0.235148,-0.309051657143,1.225
0.428112020277,0.342564784268,-0.126401188879,-1.66896606684,0.0588639042786,2.0040982927,0.109575933304,-0.268376453804,-1.11689387687,-0.0174381384525,-1.59553091025,-0.129291199292,0.546037339654,-0.302290872986,0.573638096159,0.819090349439,0.00332881241601,0.0,0.819063670889,-0.573573214809,-0.0113673736665,0.0,-0.00740173093603,0.00924744594754,-0.999929847101,0.0,0.619663436823,0.206039527534,0.304211834145,1.0,-0.252438285714,-0.331776032653,1.243
0.42328271173,0.323620019255,-0.126605288328,-1.69675709597,0.0566856734169,2.01304952857,0.104192181325,-0.284524553523,-1.14363533039,-0.0141372416286,-1.70097764809,-0.151222172342,0.540871565766,-0.330315771839,0.57359789199,0.819118373829,0.0033607828807,0.0,0.819091910887,-0.573532678575,-0.0113778305266,0.0,-0.00739241355782,0.00927926833195,-0.999929621224,0.0,0.615286979802,0.200327003723,0.304201649539,1.0,-0.268768,-0.353237942857,1.26
0.418350605847,0.304922412611,-0.126787808397,-1.72382213223,0.0544520938721,2.0215559138,0.098716514488,-0.312993949163,-1.20103620698,-0.0165024226511,-1.73253536208,-0.151841162518,0.551467229776,-0.360446288908,0.57343962659,0.819229014531,0.00340048643635,0.0,0.819203133463,-0.573374410135,-0.0113471947409,0.0,-0.00734634070052,0.00929279917423,-0.999929835119,0.0,0.610896452146,0.194663861276,0.304241298365,1.0,-0.284137142857,-0.373437387755,1.276
0.412539318223,0.284262573314,-0.127039924399,-1.75353490852,0.0519503392721,2.03062170805,0.0925532689188,-0.354972928362,-1.21644630227,-0.0175650354652,-1.76402833676,-0.152428679636,0.546686174106,-0.369741944174,0.573415469941,0.819246195317,0.00333424526624,0.0,0.819219286542,-0.573350227419,-0.0114028144379,0.0,-0.00743016511621,0.00927020670795,-0.999929425467,0.0,0.605953169693,0.188224761927,0.304240084952,1.0,-0.300466857143,-0.394899297959,1.293
0.406166013833,0.262722281061,-0.127314362169,-1.78404134489,0.0493506703184,2.03972979882,0.0858970818993,-0.390003127365,-1.28790404862,-0.0182174467639,-1.80543506041,-0.16569760382,0.51688019325,-0.401991037969,0.573375300476,0.81927403164,0.00340187991026,0.0,0.819247568147,-0.5733093306,-0.0114271796264,0.0,-0.00741180472888,0.0093392242045,-0.999928919495,0.0,0.600749399979,0.181433186689,0.304308327142,1.0,-0.316796571429,-0.416361208163,1.31
0.399538377651,0.241810033592,-0.127687272264,-1.81347324262,0.0466729582029,2.04840699608,0.0792774501882,-0.423166835913,-1.32043218776,-0.0276002571241,-1.86719376174,-0.172079501679,0.538806619893,-0.428814593762,0.573511348342,0.819178765314,0.00341037860772,0.0,0.819152966151,-0.57344603699,-0.0113493439077,0.0,-0.00734161478105,0.00930277838684,-0.999929777038,0.0,0.595649231359,0.174593607783,0.304327743766,1.0,-0.332165714286,-0.436560653061,1.326
0.391543041299,0.217505546237,-0.127985931016,-1.84709014032,0.0436529002166,2.05805188948,0.0711968511371,-0.462027880351,-1.35790198573,-0.0193239506751,-1.87671588391,-0.169883918428,0.532134905252,-0.464683566524,0.573406761416,0.819250958297,0.00364694296993,0.0,0.819227706197,-0.573340170213,-0.0113031642066,0.0,-0.00716932723667,0.0094691698162,-0.999929465297,0.0,0.589620547901,0.166721414845,0.304432893812,1.0,-0.349456,-0.459285028571,1.344
0.383297276276,0.193748072355,-0.128314156121,-1.87966985286,0.0404939696613,2.06704404117,0.0630689971821,-0.50217355463,-1.42141948561,-0.021981699187,-1.93300703256,-0.179834502686,0.546483272148,-0.489665004973,0.573311087481,0.819317783452,0.00367608389312,0.0,0.819295111474,-0.573244704267,-0.0112594957663,0.0,-0.00711794653236,0.00946717359768,-0.99992985127,0.0,0.583592068781,0.158864513299,0.30446918909,1.0,-0.365785714286,-0.480746938775,1.361
0.37474859602,0.170726904777,-0.128805546404,-1.91087312689,0.0374827400794,2.07530900517,0.0548742356476,-0.545416052615,-1.45130756183,-0.0295638243356,-1.97583112742,-0.183454701047,0.513264737322,-0.511073950153,0.573471457082,0.819205456436,0.00369526181515,0.0,0.819182521409,-0.573404323056,-0.011323683977,0.0,-0.00715768240883,0.00952108675123,-0.999929055728,0.0,0.577680726441,0.150984972552,0.304485437002,1.0,-0.381154857143,-0.500946383673,1.377
0.365001038093,0.145589766903,-0.129232513035,-1.94453836434,0.0339490436924,2.0838510839,0.0455788349031,-0.586867415209,-1.49311435806,-0.0255000241835,-2.00964161324,-0.21640670623,0.491924489742,-0.551718709043,0.573400421725,0.819255708674,0.00357590157321,0.0,0.819231419369,-0.573333864346,-0.0113537841226,0.0,-0.00725160660586,0.00943993727343,-0.999929148383,0.0,0.571077725165,0.142355664158,0.304473795988,1.0,-0.397484571429,-0.522408293877,1.394
