position_joint1,position_joint2,position_joint3,position_joint4,position_joint5,position_joint6,position_joint7,velocity_joint1,velocity_joint2,velocity_joint3,velocity_joint4,velocity_joint5,velocity_joint6,velocity_joint7,ee_T_00,ee_T_10,ee_T_20,ee_T_30,ee_T_01,ee_T_11,ee_T_21,ee_T_31,ee_T_02,ee_T_12,ee_T_22,ee_T_32,ee_T_03,ee_T_13,ee_T_23,ee_T_33,v_x,v_y,time
0.465057729381,0.547811201781,-0.12399494636,-1.35582626102,0.0795218823702,1.89411370716,0.159167536252,-0.00167302077852,0.000157005773999,0.00186702597992,0.00066477911494,0.000232908909246,0.000115990983158,0.00078768182853,0.573835717665,0.818956369654,0.00194438603578,0.0,0.818913004445,-0.57377702341,-0.0119233157528,0.0,-0.008649197875,0.00843446985197,-0.999927022884,0.0,0.661684861692,0.260881042507,0.303197720057,1.0,0.0,0.0,0.0
0.465057794183,0.547810832526,-0.123999860348,-1.35582098014,0.0795205599419,1.89411415294,0.159167540496,-0.00111006683704,-0.00154332408606,0.000601412590645,0.00209560615582,-5.79448340768e-05,0.000381305147364,0.00123027670942,0.573838465152,0.818954437165,0.00194747536564,0.0,0.818911155995,-0.573779800414,-0.0119166322568,0.0,-0.00864192321995,0.00843319363208,-0.999927096547,0.0,0.661687357917,0.260878690466,0.303200694006,1.0,-0.00024,-0.000315428571429,0.013
0.465063072111,0.547808339878,-0.124000835006,-1.35583202912,0.0795179369038,1.89411314073,0.159159663505,0.000716506784251,-0.000500205385657,-4.41871641044e-05,0.00066284760631,-1.04786797237e-05,-0.000538825284409,0.00354191792512,0.573828269577,0.818961603178,0.00193815791715,0.0,0.818918215389,-0.57376965928,-0.0119197942136,0.0,-0.00864996410959,0.00842726996104,-0.999927076962,0.0,0.661683681619,0.260879843965,0.303197140665,1.0,-0.0006,-0.000788571428571,0.031
0.465059918609,0.547776593558,-0.123997431252,-1.35585852861,0.0795211114101,1.89411549885,0.159164307873,0.000355403999356,-0.00201384566052,-0.00132238531019,0.000499704480083,-0.000178646460242,0.00148454879234,0.000441507558549,0.573834526014,0.818957194303,0.00194873158941,0.0,0.818913874473,-0.573775802832,-0.0119222976478,0.0,-0.00864588285907,0.0084374318026,-0.999927026565,0.0,0.661678780987,0.260877675265,0.303207115747,1.0,-0.00094,-0.00123542857143,0.048
0.465065181736,0.547681909718,-0.124001274188,-1.35597284242,0.0795170960471,1.89414172165,0.159162296442,7.31316649893e-05,-0.00262882156111,-0.00127143139628,-0.0127213543405,-9.75122355481e-05,0.00843254296511,0.000108149112603,0.573836677921,0.818955642119,0.00196728603115,0.0,0.818912515219,-0.573777829623,-0.0119181186718,0.0,-0.00863179160928,0.00845025147116,-0.99992704005,0.0,0.661658788733,0.260869702571,0.303230205802,1.0,-0.00128,-0.00168228571429,0.065
0.465063722703,0.547552085443,-0.123995530477,-1.35616366523,0.0795145128287,1.89417135894,0.15915410739,0.000224798989802,-0.00892612967081,0.00118838018379,-0.0159495774444,0.000172034368993,-0.000315693899252,-0.00166922891331,0.573836629382,0.818955747556,0.00193732461275,0.0,0.818912084279,-0.573777763851,-0.011950850724,0.0,-0.00867579114028,0.00844449701697,-0.999926707873,0.0,0.661624836981,0.260850739815,0.303225701794,1.0,-0.0016,-0.00210285714286,0.081
0.465043479445,0.547385198127,-0.124003431399,-1.35637801092,0.0795108794487,1.89427605817,0.159154739242,0.00129348786072,-0.00903639362471,-0.00247261453446,-0.0107366526729,0.000244736902252,0.0082696001652,0.00113773746088,0.573870418067,0.818931948103,0.00198860387474,0.0,0.818888946832,-0.573811327992,-0.0119247442728,0.0,-0.00862463667868,0.00847186682349,-0.999926918887,0.0,0.661608284822,0.26081605439,0.303251245997,1.0,-0.00194,-0.00254971428571,0.098
0.465025832564,0.54720638936,-0.124000925745,-1.35658303458,0.0795092263533,1.89439264047,0.159142348016,-0.00221703149292,-0.00947539804706,-0.00128205932862,-0.0133171662261,0.000133913299866,0.00513613145218,0.00121623705024,0.573884215177,0.818922074052,0.0020714976716,0.0,0.818880101833,-0.57382473316,-0.0118870239354,0.0,-0.00854603423448,0.00851824762888,-0.999927199728,0.0,0.661593373218,0.260791506418,0.303290356775,1.0,-0.00226,-0.00297028571429,0.114
0.465003725797,0.546982049424,-0.123998141686,-1.35685584842,0.0795067330857,1.8945200129,0.159126012265,-0.000297932385556,-0.0153896221698,0.00020534040635,-0.0191453196446,7.04386011295e-06,0.00671542334774,-0.0003699525457,0.573901702531,0.818909624387,0.0021470490562,0.0,0.818868536717,-0.573841815225,-0.0118590714766,0.0,-0.00847960449939,0.00856425711829,-0.999927372266,0.0,0.66156740173,0.260757312917,0.303330370026,1.0,-0.0026,-0.00341714285714,0.131
0.46497651639,0.54678182035,-0.123995873347,-1.35716310246,0.0794998986523,1.89462714633,0.159103742479,-0.00130791639813,-0.0157392588151,0.000706332690488,-0.0174475268243,0.000386281446012,0.00709959093608,0.000292530634038,0.573919501836,0.818897131418,0.0021541748808,0.0,0.818856011218,-0.573859457299,-0.0118702595488,0.0,-0.00848449121845,0.00857669762528,-0.999927224185,0.0,0.661530524638,0.260712948587,0.303335154659,1.0,-0.0029,-0.00381142857143,0.146
0.464930387682,0.546479495309,-0.123996356765,-1.3575847691,0.0794899552121,1.89479749488,0.158961052417,-0.00163210966292,-0.0232188831942,0.000556343864777,-0.0220458967334,-0.000297939109598,0.0122217985422,-0.0125432069561,0.573861769312,0.81893744866,0.00220721671458,0.0,0.8188968961,-0.573801396517,-0.0118565515085,0.0,-0.00844343257126,0.00861167034452,-0.999927271145,0.0,0.66148842067,0.260646032704,0.303363350459,1.0,-0.00326,-0.00428457142857,0.164
0.46488383452,0.546173233478,-0.123993404313,-1.35808305092,0.0794776103568,1.89496653243,0.158929360331,-0.00255349121007,-0.0195992474063,0.000891035848127,-0.0288384145829,-6.57363391528e-05,0.0120937697058,0.000787281597138,0.573896400194,0.818913205677,0.00219779733205,0.0,0.818872334517,-0.573835860846,-0.0118849262062,0.0,-0.00847171120144,0.00862059777161,-0.999926955034,0.0,0.66142798614,0.260571294137,0.303357614648,1.0,-0.00362,-0.00475771428571,0.182
0.464832823111,0.545852939888,-0.12400339084,-1.3586268094,0.079452263787,1.89515053704,0.15888772881,-0.000309449242391,-0.0186074965121,-0.0010016688053,-0.0337176582618,-0.000893400113655,0.0162378858384,0.000887906939814,0.573934682441,0.818886462964,0.00216517136274,0.0,0.818845121094,-0.573874222872,-0.0119075977942,0.0,-0.00850859842377,0.00860728908233,-0.999926756481,0.0,0.661365276759,0.26047981127,0.303341851549,1.0,-0.00396,-0.00520457142857,0.199
0.464763172407,0.545499935922,-0.123998866027,-1.35923839569,0.079351202743,1.8953540933,0.158761687422,-0.00651281656665,-0.0197846706778,5.98551389726e-07,-0.0383694887244,-0.00446713072245,0.0192316391253,-0.00725355527165,0.573892582041,0.818916178591,0.00208413578782,0.0,0.818874290746,-0.573832967709,-0.011889828688,0.0,-0.00854099168962,0.00853029393545,-0.999927140119,0.0,0.661297452397,0.260365849386,0.303318018086,1.0,-0.0043,-0.00565142857143,0.216
0.464705645973,0.545127890027,-0.124009008923,-1.35989689729,0.0793147010473,1.89555675386,0.158705425441,-0.00253241009212,-0.0253685731153,-0.0015756341498,-0.0425295620219,-0.00576765804155,0.0119280569596,2.13857641621e-05,0.573927590605,0.818891824752,0.00201171530065,0.0,0.818848951705,-0.573868227439,-0.0119330938481,0.0,-0.00861761941842,0.00849618634371,-0.999926773045,0.0,0.661215686581,0.260256488741,0.30328583561,1.0,-0.00462,-0.006072,0.232
0.464644622493,0.544705170471,-0.123996738904,-1.3606138358,0.0792962953531,1.89580251754,0.158620151981,-0.00488565908994,-0.024979466567,-0.000795097819917,-0.0441334875896,-0.000613750785128,0.0172531934674,-0.0137735741598,0.573934194669,0.818887257599,0.00198656317501,0.0,0.818843730393,-0.573874615183,-0.0119840788649,0.0,-0.00867373829528,0.00850492119915,-0.999926213567,0.0,0.661125098538,0.260157390374,0.303264711915,1.0,-0.00496,-0.00651885714286,0.249
0.464584504992,0.54428836518,-0.124002817876,-1.36133152592,0.0792717861126,1.89606538497,0.158538318479,-0.00260024368462,-0.0265381757273,2.73369723791e-05,-0.0462579306352,-0.00176590715442,0.0142670211812,-0.00695269443281,0.573954232368,0.818873273762,0.00196152151917,0.0,0.818829264239,-0.573894604604,-0.0120152292085,0.0,-0.00871341122042,0.008502506579,-0.999925889177,0.0,0.661041819955,0.260048273089,0.303241087939,1.0,-0.00528,-0.00693942857143,0.265
0.46452060662,0.543841055533,-0.124004277442,-1.36205615122,0.0792410118035,1.89631762021,0.158442781385,-0.000931089619139,-0.0304263434933,0.000335403545314,-0.0539476007558,-0.00735160507392,0.0173447778519,-0.00344084712869,0.573961459342,0.818868243268,0.00194685837067,0.0,0.818823899261,-0.573901754236,-0.0120393265726,0.0,-0.00874148506713,0.00850440734768,-0.999925627982,0.0,0.660955815676,0.259937181831,0.303234617667,1.0,-0.00558,-0.00733371428571,0.28
0.464431558902,0.543241884106,-0.12401083942,-1.36300628208,0.0791920084691,1.89664041473,0.158312516336,-0.0041311617578,-0.0309454046394,0.00054291247999,-0.0501334912512,-0.00519193497216,0.0187073262023,0.000412680922963,0.573971947051,0.818860933202,0.00192950136196,0.0,0.818816264071,-0.57391222016,-0.0120596909068,0.0,-0.0087680141511,0.00850199505711,-0.999925416223,0.0,0.660839606613,0.259777906056,0.303236091729,1.0,-0.00598,-0.00785942857143,0.3
0.464364157464,0.542712251982,-0.124011005796,-1.36384592803,0.0791399863287,1.89694313465,0.158214771787,-0.00355584036734,-0.0351429338048,0.000362933874359,-0.0528380010688,-0.00834502729725,0.0231674314702,-0.00371798946635,0.573980043674,0.818855282248,0.00191914031925,0.0,0.818810475143,-0.573920358317,-0.0120654467834,0.0,-0.00877859014663,0.00849690146002,-0.999925366725,0.0,0.660745889006,0.259658357048,0.303235676934,1.0,-0.00628,-0.00825371428571,0.315
0.464273487463,0.54208231155,-0.12401151219,-1.36481786027,0.0790805881269,1.89730616748,0.158067773928,-0.00488427336993,-0.0352042070854,-0.000168537907835,-0.0512365729975,-0.00123982254226,0.0211423463752,-0.00920069472719,0.573972459267,0.818860557718,0.00193647055502,0.0,0.81881598178,-0.573912704148,-0.0120558243844,0.0,-0.00876084269979,0.00850548796609,-0.999925449376,0.0,0.660637778472,0.259506083575,0.303250029499,1.0,-0.00664,-0.00872685714286,0.333
0.464196834651,0.54144430919,-0.124011508732,-1.36578795185,0.0790228373949,1.89766407614,0.157939578642,-0.00743107697137,-0.033952344141,0.000974107063377,-0.0633041859266,-0.00230855112561,0.0174798967251,-0.0100649543538,0.573968657866,0.818863168487,0.00195907706632,0.0,0.818818871587,-0.573908789661,-0.0120458948992,0.0,-0.00873977638423,0.00851825940379,-0.999925525009,0.0,0.660525271785,0.259363619345,0.30327040819,1.0,-0.00698,-0.00917371428571,0.35
0.464111664006,0.540791596885,-0.124012308172,-1.36678366645,0.0789709369972,1.8980305535,0.1578075672,-0.00439847725366,-0.0387389005392,0.000539293997299,-0.0653497740624,-0.00237923342022,0.0230361208828,-0.0064057583427,0.573972188213,0.818860634972,0.0019835704734,0.0,0.818816576336,-0.573912134412,-0.0120425575759,0.0,-0.00872294912294,0.00853643786034,-0.99992551692,0.0,0.660410845852,0.259213749412,0.303289680219,1.0,-0.0073,-0.00959428571429,0.366
0.464009465343,0.540066710906,-0.124025758673,-1.36789245111,0.0789012085984,1.89843228024,0.15767504219,-0.00698421658911,-0.0462764723562,-0.00232834275288,-0.0696585422261,-0.000461766712924,0.0231782981753,-0.0124898945063,0.573999490047,0.818841471628,0.00199415882395,0.0,0.818797625909,-0.573939460583,-0.0120287278168,0.0,-0.00870526235085,0.00853746051606,-0.999925662325,0.0,0.66028734438,0.259032343371,0.303309490609,1.0,-0.00764,-0.0100411428571,0.383
0.463903490772,0.5392672033,-0.124020508208,-1.36910670373,0.0788302401029,1.89889823658,0.157524206341,-0.00600450532707,-0.0463159888958,0.00107475993585,-0.0704979115404,-0.00317077317955,0.0278724061662,-0.0148720088352,0.574007346057,0.818835852305,0.00203974343944,0.0,0.818792569912,-0.573947090632,-0.0120088098383,0.0,-0.00866270601036,0.00856343671003,-0.999925809786,0.0,0.660150775351,0.258851918406,0.30333666784,1.0,-0.008,-0.0105142857143,0.401
0.463807432323,0.538592090853,-0.124029576709,-1.37014578446,0.0787759707847,1.89930867707,0.157401801598,-0.000755283605208,-0.050222683408,-0.000611425415954,-0.066215702097,6.07304686919e-05,0.0324493415762,-0.00926397677409,0.57403520459,0.818816220255,0.00208044243293,0.0,0.818773468195,-0.57397477386,-0.0119880629213,0.0,-0.00862206489587,0.00858514650852,-0.999925974888,0.0,0.660039934631,0.258687834944,0.303354890453,1.0,-0.0083,-0.0109085714286,0.416
0.463685576702,0.537763414491,-0.12403294579,-1.37144378069,0.0787019471867,1.89980664188,0.15723405588,-0.00929476580805,-0.0482891891661,0.000301693461888,-0.0726228633768,-0.00122501658385,0.0276693525811,-0.00783907071128,0.5740519338,0.818804428758,0.00210514793861,0.0,0.81876198887,-0.573991387933,-0.0119766047794,0.0,-0.00859832579217,0.00859897380394,-0.999926060488,0.0,0.659896877462,0.258484069097,0.303365609856,1.0,-0.00866,-0.0113817142857,0.434
0.463581221837,0.536982680369,-0.124039614265,-1.37266195148,0.0786320810265,1.90025642954,0.157088669017,-0.00594531075052,-0.0510417736643,-0.00250348796272,-0.080139422728,-0.0050603516856,0.0254027596981,-0.00406729464325,0.574072139963,0.818790230106,0.00211757000341,0.0,0.818747898374,-0.574011486062,-0.0119766304971,0.0,-0.00859100393956,0.00860937164604,-0.99992603395,0.0,0.659748591389,0.258283809739,0.303375724036,1.0,-0.009,-0.0118285714286,0.451
0.463465845125,0.536194127745,-0.124034673802,-1.37390682145,0.0785578675575,1.90072613543,0.156922095039,-0.00445874686526,-0.043306078213,0.000490990793003,-0.0783692804541,-0.00529866847245,0.0341741570536,-0.0125577783514,0.574074713787,0.818788399106,0.00212776461848,0.0,0.818746205516,-0.574014022534,-0.0119707889591,0.0,-0.00858034159835,0.00861439230685,-0.99992608226,0.0,0.659615595273,0.25810540541,0.303380913022,1.0,-0.0093,-0.0122228571429,0.466
0.463344675506,0.53524445279,-0.124045666475,-1.3754061999,0.0784720940561,1.90125518521,0.156750095732,-0.0120388597265,-0.0534157349768,-0.000533886244729,-0.0847030902651,-0.00530985101774,0.0281097635003,-0.0124376645239,0.57410003888,0.818770687788,0.00211023174262,0.0,0.818728221998,-0.574039373562,-0.0119851160105,0.0,-0.00860187118422,0.00860852759108,-0.999925947791,0.0,0.659436478668,0.257875619886,0.303383651524,1.0,-0.00966,-0.012696,0.484
0.463222538357,0.534348631877,-0.124048206987,-1.37688028755,0.0783971782983,1.90178969005,0.1565700221,-0.00527075913772,-0.0553294604412,-0.000383593523352,-0.0899627288588,-0.00187091414564,0.0315471055291,-0.0112068274187,0.574115169173,0.818760159241,0.00207871758266,0.0,0.818717124922,-0.5740544771,-0.0120197164203,0.0,-0.00864813429875,0.00860274883842,-0.999925598475,0.0,0.659260237315,0.257654532051,0.303360473346,1.0,-0.01,-0.0131428571429,0.501
0.463097966155,0.533483338653,-0.124049972948,-1.37826804259,0.0783095292725,1.90230020323,0.156403473916,-0.00544984716315,-0.0564726910014,0.0013291626108,-0.086907353918,-0.0125149071671,0.0342452684422,-0.0121474228666,0.574134496442,0.818746641463,0.0020649431486,0.0,0.818703446198,-0.574073878904,-0.0120247929579,0.0,-0.00865999565727,0.00859458999414,-0.999925565979,0.0,0.659099285912,0.257438480639,0.303354533876,1.0,-0.01032,-0.0135634285714,0.517
0.462967928045,0.532468897034,-0.124047493723,-1.3798981699,0.0782334817619,1.90291301427,0.15619312501,-0.00472934399072,-0.0603088586019,0.000841206787745,-0.0921146735118,-0.0054022890509,0.0293875298019,-0.0093087837264,0.574135834141,0.818745680986,0.00207381853943,0.0,0.818702372916,-0.574074951692,-0.0120466312024,0.0,-0.00867276696719,0.00861440866727,-0.999925284747,0.0,0.658905648234,0.257203297788,0.303346996016,1.0,-0.01068,-0.0140365714286,0.535
0.462832817105,0.531503195625,-0.124052836862,-1.38146125461,0.0781360499864,1.90347913503,0.15598818601,-0.00785429389496,-0.0608556385779,5.96318906823e-06,-0.0929794477532,-0.0142579378753,0.0354547955996,-0.00885394338351,0.574141468333,0.8187418064,0.00204345178528,0.0,0.818698108857,-0.574080722057,-0.0120614268461,0.0,-0.00870225567274,0.00859810097184,-0.999925168903,0.0,0.658720856018,0.25696096932,0.303332950807,1.0,-0.01102,-0.0144834285714,0.552
0.462708548688,0.530549341244,-0.124055664688,-1.38301187632,0.0780442054961,1.90401574276,0.155785947135,-0.0102969165323,-0.0646129105896,0.000384824625723,-0.0932681334098,-0.0143534455453,0.0299733374698,-0.00891546985244,0.57413915898,0.818743550789,0.00199275395439,0.0,0.818699101253,-0.574078544287,-0.0120976649864,0.0,-0.00876105657545,0.00857737421342,-0.999924833445,0.0,0.658528670869,0.256727503486,0.303313652243,1.0,-0.01134,-0.014904,0.568
0.462567774425,0.529511550924,-0.124058451678,-1.3846451841,0.0779418598962,1.90462642587,0.155562803352,-0.00675969941779,-0.0632883436625,-0.000622636080465,-0.0954775162856,-0.00600402192286,0.0307493496403,-0.0176665759283,0.57413494142,0.818746485067,0.00200228157509,0.0,0.818702191224,-0.574074316317,-0.0120891824084,0.0,-0.00874868561725,0.00858025954344,-0.999924917004,0.0,0.658338548016,0.256477820605,0.303320308111,1.0,-0.01168,-0.0153508571429,0.585
0.462434644656,0.528489958857,-0.124058587735,-1.38623801214,0.07784083035,1.90523047225,0.155342483364,-0.0117454327189,-0.0660283717604,0.000485654318489,-0.0991592354785,-0.00883129075548,0.0410247578817,-0.0107890337963,0.574127654916,0.818751532028,0.00202769942985,0.0,0.818707589162,-0.574066939172,-0.0120739264418,0.0,-0.00872167848591,0.00859223341255,-0.999925050116,0.0,0.658140814095,0.256223281811,0.303332740364,1.0,-0.01202,-0.0157977142857,0.602
0.462295489684,0.527367747405,-0.124056349133,-1.38796648482,0.077734112253,1.90590007598,0.155094897193,-0.00685784754841,-0.0668030779905,0.000485516529138,-0.103944020187,-0.00458148327376,0.0396007929125,-0.0165194397102,0.574097510372,0.818772540269,0.00207913125621,0.0,0.818729322715,-0.574036631189,-0.0120411411508,0.0,-0.00866562506579,0.00861520075124,-0.999925339842,0.0,0.657952379684,0.255986546664,0.30335914789,1.0,-0.01234,-0.0162182857143,0.618
0.462133591589,0.52613311148,-0.12406132264,-1.38988624106,0.0776120562136,1.90662239799,0.154848091058,-0.00975350710941,-0.0699120783444,-0.00156521321033,-0.103794084848,-0.00312087493235,0.041210664147,-0.0129496494868,0.574102307387,0.818769109171,0.00210556914877,0.0,0.818726305984,-0.574041384769,-0.0120196240844,0.0,-0.00863277928201,0.00862454482116,-0.999925543402,0.0,0.657728077779,0.255694755416,0.303376948022,1.0,-0.0127,-0.0166914285714,0.636
0.461992247106,0.525017204396,-0.12407054585,-1.39161464183,0.0775084348211,1.90724336841,0.154606057504,-0.00685880706117,-0.0712499021814,-0.00292742867071,-0.110924525796,-0.00504673034445,0.0461933939168,-0.0186492395936,0.574091418291,0.818776727476,0.00211208200864,0.0,0.818733991657,-0.57403045202,-0.0120182344656,0.0,-0.00862801741173,0.00862896473766,-0.99992554637,0.0,0.657519440174,0.25543131656,0.303393340718,1.0,-0.01302,-0.017112,0.652
0.461832816896,0.523846463557,-0.124076930022,-1.39351492095,0.077381377728,1.90792811294,0.154346253936,-0.00413853929208,-0.0680557046231,-0.000346240123175,-0.109848070596,-0.00750138214772,0.0426922219572,-0.0202104928826,0.574081502437,0.818783799661,0.00206515680333,0.0,0.818740521951,-0.574020806112,-0.0120340669148,0.0,-0.0086680229472,0.00859952834152,-0.999925453967,0.0,0.657289262327,0.255138544133,0.303371654154,1.0,-0.01336,-0.0175588571429,0.669
0.461676294071,0.522623117076,-0.124077679116,-1.39543014204,0.0772666190395,1.90867206256,0.154085564558,-0.0111246721314,-0.0661025334162,0.000866567554312,-0.112758681761,-0.00961104904047,0.0441481592721,-0.0113833784209,0.574068713847,0.818792656425,0.00210819055192,0.0,0.818749953663,-0.57400785063,-0.0120103161096,0.0,-0.0086240067433,0.00862099361946,-0.999925649724,0.0,0.657065469194,0.254855872404,0.303384463035,1.0,-0.0137,-0.0180057142857,0.686
0.461505902896,0.521378543651,-0.124077709806,-1.39741432906,0.077149636794,1.90944419374,0.15382558679,-0.0107447991478,-0.073326449805,8.19346055609e-05,-0.119539994808,-0.00417173031323,0.0449447161809,-0.0212310684545,0.574070246499,0.818791512424,0.0021349867565,0.0,0.818749149817,-0.574009261503,-0.011997678315,0.0,-0.00859826054483,0.00863569500332,-0.999925744587,0.0,0.656834445028,0.254558186632,0.303381467276,1.0,-0.01404,-0.0184525714286,0.703
0.461345785891,0.52016625389,-0.124086286486,-1.39931995302,0.0770309419609,1.91013741322,0.153568940976,-0.0109526985643,-0.0802857697307,-0.00140127178423,-0.115759154944,-0.00922171273772,0.0391068340464,-0.0133917730915,0.574066806116,0.818793934321,0.00213122864025,0.0,0.818751540694,-0.574005855308,-0.0119974823889,0.0,-0.00860029367095,0.00863246933099,-0.999925754955,0.0,0.656604099155,0.254265636422,0.303386243146,1.0,-0.01436,-0.0188731428571,0.719
0.461180608925,0.518816786432,-0.124084670142,-1.40140686048,0.0768987099516,1.91087871141,0.153293666252,-0.00686643082579,-0.0866826243032,-0.00104005818301,-0.127629685711,-0.00818851451919,0.0453764403918,-0.0108001810317,0.574050538167,0.81880533448,0.00213325091577,0.0,0.818762930093,-0.573989543694,-0.0120006223698,0.0,-0.00860187550648,0.0086357567652,-0.999925712962,0.0,0.656343159803,0.253957134827,0.303404496714,1.0,-0.0147,-0.01932,0.736
0.461030110756,0.517705808763,-0.124089754019,-1.40315543751,0.0767802559224,1.91150221121,0.153036973131,-0.0135906913639,-0.0802949365053,0.000430697962835,-0.124713205754,-0.0114204218804,0.0446474913545,-0.0153159146595,0.574027738891,0.818821367744,0.00211414547073,0.0,0.818778779069,-0.573966892287,-0.0120026832937,0.0,-0.00861476990647,0.00862105658105,-0.999925728803,0.0,0.656128846705,0.253685669082,0.303406062883,1.0,-0.01498,-0.019688,0.75
0.460829772901,0.516201335275,-0.12409679836,-1.40555368214,0.0766352138393,1.91239790377,0.152720478,-0.0146023988948,-0.0809867227493,-0.000392115841719,-0.124908072923,-0.00832350467551,0.0472664660161,-0.0150264705566,0.574025474755,0.818822958043,0.00211296345505,0.0,0.81878034567,-0.573964625105,-0.0120042314512,0.0,-0.0086167399275,0.00862095358602,-0.999925712717,0.0,0.65583916868,0.253322593022,0.303397817216,1.0,-0.01536,-0.0201874285714,0.769
0.460630923765,0.514748633002,-0.124103212019,-1.40790047965,0.0764906169647,1.91326654957,0.152398181307,-0.0107304621084,-0.0820730850875,-0.00125921564534,-0.131186338331,-0.00905913307812,0.0432698767594,-0.0199448905137,0.574013749397,0.818831243827,0.00208723200519,0.0,0.818788289827,-0.57395300354,-0.0120180310483,0.0,-0.00864293263637,0.00860768191093,-0.999925600996,0.0,0.655553402486,0.252964605895,0.303374913232,1.0,-0.01572,-0.0206605714286,0.787
0.460450150229,0.513425218842,-0.124103189453,-1.41002739027,0.0763714749317,1.91400231578,0.152106761079,-0.0136755018356,-0.080592722855,-0.000760259474408,-0.12970401329,-0.00702289711362,0.0453590346421,-0.0214660552726,0.574001074181,0.818840289467,0.00202338476456,0.0,0.818796266667,-0.573940369916,-0.0120777636555,0.0,-0.0087286253406,0.00858955457873,-0.999925012514,0.0,0.655262558417,0.252621031309,0.303347310975,1.0,-0.01606,-0.0211074285714,0.804
0.460262056514,0.512077814145,-0.124108883946,-1.41218488281,0.0762394360956,1.9147639966,0.151799734858,-0.0122577922859,-0.0869844403364,-0.00112829423358,-0.13662123665,-0.00756352670364,0.0465744992648,-0.0201355093872,0.573986511137,0.818850569267,0.00199427805934,0.0,0.818806106665,-0.573925876853,-0.0120993581963,0.0,-0.00876316728102,0.00857796060378,-0.999924809919,0.0,0.655011459239,0.252307335676,0.303337114376,1.0,-0.01636,-0.0215017142857,0.819
0.460054336097,0.510549795151,-0.124112090503,-1.41465244056,0.0760839436575,1.91570900326,0.151455655261,-0.00844508086272,-0.0874448963735,-0.00253202823115,-0.142102818042,-0.0106169176995,0.0509104008668,-0.0250831497505,0.573964352001,0.818866106067,0.00199245264081,0.0,0.81882167064,-0.573903778438,-0.0120942831716,0.0,-0.00876029113026,0.00857331586644,-0.999924874955,0.0,0.654713514917,0.251935670081,0.303314632491,1.0,-0.01672,-0.0219748571429,0.837
0.459853710949,0.509054539167,-0.124115622466,-1.41701162801,0.0759426227493,1.9165677659,0.151135172188,-0.0136576743053,-0.0902905695038,-0.000994712839293,-0.138817351257,-0.0111974739849,0.0502042706791,-0.0168318000265,0.573953385781,0.818873801503,0.00198873416898,0.0,0.818829239069,-0.573892753156,-0.0121050411539,0.0,-0.00877134981521,0.00857632816252,-0.999924752178,0.0,0.654419852376,0.251577450105,0.303312767931,1.0,-0.01706,-0.0224217142857,0.854
0.459661158371,0.507630535043,-0.124113430314,-1.41925014935,0.0757951514158,1.91736253029,0.150808102829,-0.0102185622137,-0.0853862735221,0.000447901399603,-0.1420231248,-0.00522406220042,0.0469315812139,-0.0203094071038,0.573917686492,0.818898872602,0.00196786302098,0.0,0.818854023807,-0.573857136808,-0.0121169769569,0.0,-0.00879347583219,0.0085657048518,-0.999924648903,0.0,0.654136455675,0.251236038871,0.30331223404,1.0,-0.01738,-0.0228422857143,0.87
0.459442572258,0.506060268785,-0.124121679513,-1.42167767187,0.0756407224022,1.91828028107,0.150476935368,-0.0119404014333,-0.0913489347077,-0.00346621630138,-0.138793760264,-0.008068991285,0.0592718389293,-0.0189552151235,0.573915317318,0.818900422256,0.00201342439977,0.0,0.818856251677,-0.573854649723,-0.0120841624131,0.0,-0.00874048103038,0.00858415633449,-0.99992495531,0.0,0.653844586437,0.250858210538,0.303334483707,1.0,-0.01772,-0.0232891428571,0.887
0.459216422068,0.504422366903,-0.124127849549,-1.42415803132,0.0754846768429,1.91923464957,0.150130292555,-0.0127555328028,-0.0991144090943,0.00232040457402,-0.147055551491,-0.00925553726744,0.0568917064092,-0.0196076898246,0.573906911577,0.818906084551,0.00210438368332,0.0,0.818863191646,-0.573845944563,-0.0120271433333,0.0,-0.00864167519199,0.00862582909885,-0.999925455483,0.0,0.65354962234,0.250473556265,0.303381327341,1.0,-0.01806,-0.023736,0.904
0.458986134852,0.502745442719,-0.124133391876,-1.42662174997,0.0753252838513,1.92016618733,0.149792702423,-0.0157490847467,-0.0999470713172,-0.00295670930266,-0.146341094963,-0.0171836392715,0.0541456210189,-0.0190620074943,0.573906364094,0.818906154668,0.0022230610472,0.0,0.818864921785,-0.573845017858,-0.0119533363956,0.0,-0.00851313214099,0.00868064966952,-0.999926083719,0.0,0.653255125045,0.250087091917,0.303460621915,1.0,-0.0184,-0.0241828571429,0.921
0.458768568569,0.501128324875,-0.124140153054,-1.42903349909,0.0751737319347,1.92102018989,0.149454907428,-0.014501121419,-0.103601645647,0.00227579778362,-0.150373725981,-0.00828521790009,0.0441211392578,-0.0293454932277,0.573889420788,0.81891790195,0.00226924523181,0.0,0.818877176116,-0.573827792298,-0.0119407756905,0.0,-0.00847652219392,0.00871108568754,-0.99992613005,0.0,0.652928324949,0.249692162881,0.303512608176,1.0,-0.01874,-0.0246297142857,0.938
0.458513744079,0.499321453789,-0.12413199948,-1.43178658434,0.0750038547817,1.92201686036,0.149073838539,-0.0173687771508,-0.0979437828882,-0.00227928217351,-0.152678939166,-0.00812398105763,0.0575887917078,-0.0152721044179,0.573879888226,0.818924440551,0.00231979729123,0.0,0.818884341619,-0.573818025423,-0.0119187101425,0.0,-0.00842954382934,0.00873972198863,-0.999926277308,0.0,0.652605221505,0.249285702378,0.303551866913,1.0,-0.01908,-0.0250765714286,0.955
0.458272356487,0.497753535797,-0.124132695946,-1.43428503151,0.0748436964207,1.92294195768,0.148703830349,-0.0131713026404,-0.0977483429227,0.000678086707861,-0.158906669524,-0.0107542965315,0.05114443914,-0.0219521030637,0.573858711646,0.818939306307,0.00231053147373,0.0,0.818899090426,-0.5737968924,-0.0119227879595,0.0,-0.00843842638724,0.00873425602141,-0.999926250146,0.0,0.652296569507,0.248889082865,0.303536207257,1.0,-0.0194,-0.0254971428571,0.971
0.458010593729,0.496078395319,-0.124138351704,-1.43695343452,0.074670127652,1.92388696083,0.148304497789,-0.0170456663682,-0.0954958150217,-0.0011212460573,-0.158077050838,-0.0138911524552,0.0597316632893,-0.0279555350277,0.57383793283,0.818953995827,0.00226416966348,0.0,0.818913154608,-0.573776280837,-0.0119487095522,0.0,-0.00848647997508,0.00871094882386,-0.99992604678,0.0,0.65195932834,0.248456929052,0.303515668947,1.0,-0.01974,-0.025944,0.988
0.457733665487,0.494409460363,-0.124137956,-1.4397078022,0.0745069782165,1.92483239765,0.147924250234,-0.0167240440759,-0.0956598839807,0.00168152402555,-0.162081296306,-0.0137921100794,0.0630390097457,-0.016919266194,0.573847647575,0.818947497708,0.00214948179489,0.0,0.818904902795,-0.573786206629,-0.0120372821366,0.0,-0.00862472513238,0.00866795410259,-0.999925237549,0.0,0.6516017228,0.248010042517,0.303449262237,1.0,-0.0223205714286,-0.0293356081633,1.005
0.457453598911,0.492296093663,-0.124211822865,-1.44288177401,0.0743239276433,1.92600905959,0.147453266852,-0.0136958871588,-0.150258465792,-0.000673309462406,-0.224747541172,-0.00683184392392,0.0916681714761,-0.0366778334676,0.573854578506,0.818942397173,0.00224047807941,0.0,0.818901177471,-0.573792949455,-0.0119691099581,0.0,-0.00851660504678,0.00870342625535,-0.999925856156,0.0,0.651217227117,0.24748612376,0.303513760095,1.0,-0.0316828571429,-0.0416403265306,1.021
0.457063822273,0.489380520308,-0.124244380452,-1.44754294047,0.0740811836171,1.92777876649,0.146757563539,-0.0289301600698,-0.191281719398,0.00379644809772,-0.303065833762,-0.0138918588811,0.111597805058,-0.0509769042978,0.573796136623,0.818983251001,0.00227487988243,0.0,0.818942179606,-0.573734066661,-0.0119864138095,0.0,-0.00851165993924,0.00874092131492,-0.9999255712,0.0,0.650629073867,0.246779913311,0.303477642389,1.0,-0.0416302857143,-0.0547140897959,1.038
0.456488243488,0.485553579177,-0.124309374656,-1.45357146909,0.0737232927567,1.93005141143,0.145872597901,-0.0323300644385,-0.244271077753,-0.00446227957614,-0.37523731656,-0.02779640306,0.144118571286,-0.0520355841159,0.573792609976,0.818985577398,0.00232629597868,0.0,0.818945264258,-0.573730422422,-0.0119500392446,0.0,-0.00845240575117,0.00876212198049,-0.999925888281,0.0,0.649886102648,0.245799861426,0.303466049817,1.0,-0.0515777142857,-0.0677878530612,1.055
0.455782727275,0.480882073932,-0.124448393184,-1.46094585532,0.073282837895,1.9326376075,0.144733020478,-0.0409810604407,-0.288388189576,-0.0142386129928,-0.465237750811,-0.0312891908542,0.167136897743,-0.0721675189807,0.573780542134,0.818994348946,0.00221195913262,0.0,0.818952597787,-0.573718877322,-0.0120016366537,0.0,-0.00856039470137,0.00869796272626,-0.999925529771,0.0,0.648943240164,0.244552814651,0.303425479713,1.0,-0.0615251428571,-0.0808616163265,1.072
0.454898336407,0.475344913795,-0.124577314703,-1.46961346285,0.0727582523238,1.9356964032,0.143484245488,-0.0495128414169,-0.34178385689,-0.00772379612406,-0.535689627636,-0.0310276768845,0.188416132841,-0.0683534119405,0.573854234463,0.818942912378,0.00213793261617,0.0,0.818900187644,-0.573792862465,-0.0120407874438,0.0,-0.00863415329518,0.00866057702439,-0.999925220105,0.0,0.647833911873,0.243073747224,0.30340388533,1.0,-0.0714725714286,-0.0939353795918,1.089
0.453870820329,0.468991255898,-0.124668408883,-1.47934987738,0.0722008570845,1.93926566719,0.142000499336,-0.0645966063034,-0.403625723419,-0.00356525044522,-0.594477109804,-0.0264974138514,0.226107151495,-0.0926864952922,0.573863655788,0.818935840939,0.00231082071636,0.0,0.818895067498,-0.573801254315,-0.0119889897759,0.0,-0.00849242510406,0.00877253408693,-0.999925457903,0.0,0.646596893458,0.241439259588,0.30347295485,1.0,-0.08142,-0.107009142857,1.106
0.45274650518,0.462292893418,-0.124712553251,-1.48962427456,0.0715476425854,1.94300636774,0.140335977273,-0.0733921234062,-0.416971263445,-0.000684006400261,-0.664801353856,-0.0357337123361,0.229676784246,-0.104639872052,0.573760638101,0.819007630404,0.00244507809665,0.0,0.818968547483,-0.573697648834,-0.0119278186079,0.0,-0.0083663999778,0.00884632519207,-0.999925870193,0.0,0.645269452403,0.239709853402,0.303527250726,1.0,-0.0907822857143,-0.119313861224,1.122
0.451365402149,0.454464874479,-0.124824139934,-1.50190151398,0.0707443069623,1.94713227492,0.138514817082,-0.0872219747294,-0.475194099129,-0.00446321887085,-0.731807398362,-0.0517509876459,0.251999728173,-0.119569466968,0.573830005064,0.81895985333,0.00215193479262,0.0,0.818916624944,-0.573767887671,-0.0121127771396,0.0,-0.00868533432889,0.00871309789896,-0.999924320583,0.0,0.643607931739,0.237560389394,0.303429807738,1.0,-0.100729714286,-0.13238762449,1.139
0.449861371997,0.445674861832,-0.124955812218,-1.5149432989,0.0698499126148,1.95194212077,0.13645121494,-0.0949355135099,-0.52170528831,-0.00391643105811,-0.781018826331,-0.0487069860899,0.283098911349,-0.119970984922,0.573815261179,0.818968963864,0.00257471665117,0.0,0.818932161477,-0.573752404578,-0.0117915241212,0.0,-0.00817979990873,0.00887484563394,-0.999927161341,0.0,0.641925448776,0.235277612903,0.303670728279,1.0,-0.110677142857,-0.145461387755,1.156
0.448269250982,0.436917070851,-0.125005116073,-1.52841834218,0.0689707897341,1.95653676034,0.13430559506,-0.103942948048,-0.558153857159,-0.00600811152232,-0.852793098395,-0.0592978467655,0.285704431281,-0.144337645431,0.573755032226,0.819011464221,0.00247616071598,0.0,0.818972751974,-0.573691885208,-0.0119163446911,0.0,-0.00833923016038,0.00886514156958,-0.999925930509,0.0,0.640058998467,0.232930577172,0.30364525792,1.0,-0.120039428571,-0.157766106122,1.172
0.446387174301,0.426803698005,-0.125097041143,-1.54352739273,0.0679352233624,1.96194660483,0.131825796337,-0.114822167501,-0.597317836145,-0.00423649445919,-0.919303675908,-0.0685678914621,0.320629962163,-0.151366318277,0.573702591948,0.819047168955,0.00279605452577,0.0,0.819012973485,-0.573638654593,-0.0117128186274,0.0,-0.0079895798051,0.00900985280432,-0.999927491955,0.0,0.638020156162,0.230235363523,0.303816402046,1.0,-0.129986857143,-0.170839869388,1.189
0.444158916043,0.415431019099,-0.125224637049,-1.56064353637,0.0666973692653,1.96788235092,0.128993002627,-0.131124784041,-0.648298587428,-0.00836840837774,-0.966763982328,-0.0731699440495,0.349101065113,-0.153523272615,0.573677464222,0.819064421568,0.00289607783069,0.0,0.819032066088,-0.573613807708,-0.0115940168737,0.0,-0.00783516734369,0.00902338053751,-0.999928591829,0.0,0.635649903159,0.22709466768,0.303907412727,1.0,-0.140519428571,-0.184682677551,1.207
0.441999697605,0.404744169002,-0.12531893882,-1.57688887063,0.0655920731906,1.97345267934,0.126288373475,-0.135950268867,-0.676191741257,-0.00878207780338,-1.05336004897,-0.0652864440487,0.348468069465,-0.170165701869,0.573658268492,0.819077862874,0.00289697132763,0.0,0.819045129523,-0.573594163394,-0.0116429560651,0.0,-0.00787495334356,0.00905200255181,-0.999928020589,0.0,0.63333662205,0.224118414234,0.303886724052,1.0,-0.149881714286,-0.196987395918,1.223
0.439431876529,0.392641492222,-0.125453007738,-1.59487166779,0.0643392399702,1.97961862063,0.123190266356,-0.153938240922,-0.720101490574,-0.0110376531199,-1.09049270549,-0.0833293947312,0.373269366695,-0.189157803483,0.573685838656,0.819057734143,0.0031198664955,0.0,0.819027826091,-0.573620929397,-0.0115410721795,0.0,-0.00766333125303,0.00917638381958,-0.999928531113,0.0,0.630774512137,0.220707041313,0.304013294376,1.0,-0.159829142857,-0.210061159184,1.24
0.436642721576,0.380063243753,-0.125595322902,-1.61378488351,0.0628742378567,1.98589233907,0.119837326501,-0.167278221719,-0.7652104082,-0.00369517651787,-1.11276989813,-0.0845914851034,0.389241172964,-0.202317717345,0.573634033243,0.819094528825,0.00298255860273,0.0,0.81906333834,-0.573570153062,-0.0115444447698,0.0,-0.0077454340786,0.00906536535718,-0.999928911174,0.0,0.627995702038,0.217043625427,0.303988886882,1.0,-0.169776571429,-0.223134922449,1.257
0.433766634934,0.367656870695,-0.125713682994,-1.63240272547,0.0615071643861,1.9919947253,0.116565744349,-0.190352866321,-0.791397434122,-0.00154555528554,-1.17995872986,-0.091424813169,0.374258496309,-0.202122491574,0.573693888485,0.819053028369,0.00286460040073,0.0,0.819019900976,-0.573629918027,-0.0116561507726,0.0,-0.00790393727165,0.00903340111899,-0.999927960125,0.0,0.625202009555,0.213395224408,0.30393566044,1.0,-0.179138857143,-0.235439640816,1.273
0.430416235623,0.353870318247,-0.125920408589,-1.65274429524,0.0599058336479,1.99871798121,0.112798522105,-0.20587628098,-0.790177359811,-0.00819549231039,-1.22025948567,-0.0941108704387,0.392671617629,-0.23105647107,0.573762535342,0.819004757522,0.00291669249493,0.0,0.81897300462,-0.573699188198,-0.0115414932217,0.0,-0.00777938351817,0.00901094231721,-0.999929139545,0.0,0.622157976678,0.209247531861,0.303991001203,1.0,-0.189086285714,-0.248513404082,1.29
0.426778572816,0.339438354164,-0.126097358495,-1.67380795232,0.0583549105731,2.00555862048,0.108826512283,-0.216925518262,-0.863286295956,-0.00425080827244,-1.25907992449,-0.0990678166481,0.404066761173,-0.236352259813,0.573885812601,0.818917752573,0.00308796315819,0.0,0.818887700212,-0.573821298419,-0.0115238372177,0.0,-0.00766528342689,0.00914223775132,-0.999928828927,0.0,0.618926177673,0.204909769263,0.304087053853,1.0,-0.199033714286,-0.261587167347,1.307
0.423197171315,0.325452147474,-0.126217080677,-1.69426018511,0.0566868502645,2.0121411879,0.104824560663,-0.222953452641,-0.901251834925,-0.00987589449732,-1.29022294208,-0.122554068074,0.423109175682,-0.253533090254,0.573795295099,0.818981081839,0.00311348901974,0.0,0.818951645495,-0.573731055704,-0.0114727923049,0.0,-0.00760984102441,0.00913300704084,-0.999929336754,0.0,0.615702255407,0.200700963521,0.30410499544,1.0,-0.208396,-0.273891885714,1.323
0.418891793889,0.309166835265,-0.126333753399,-1.71790273483,0.0547497697198,2.01962028603,0.100101395288,-0.245881296821,-0.940835549208,-0.00948460000495,-1.3225055861,-0.107507757886,0.436857754181,-0.266424782832,0.573681638563,0.819060545237,0.00315399952004,0.0,0.819031611626,-0.573617265805,-0.0114541882971,0.0,-0.00757263092746,0.00915445907236,-0.999929423079,0.0,0.611883471085,0.195779359182,0.3041257316,1.0,-0.218928571429,-0.287734693878,1.341
0.414453430946,0.293253097357,-0.12645222038,-1.74091612762,0.0528130604246,2.02660587522,0.0953643381869,-0.27149036659,-0.95047704406,-0.00667322406792,-1.35437758022,-0.108669334353,0.414114507485,-0.266900453259,0.573597215814,0.819120236016,0.00300330825305,0.0,0.819089007805,-0.573532914571,-0.0115732492597,0.0,-0.00775753588598,0.00909853550543,-0.999928516089,0.0,0.608058060936,0.190855767382,0.304092821479,1.0,-0.228876,-0.300808457143,1.358
0.409950828866,0.277787658086,-0.126615437333,-1.76310616688,0.0509849364084,2.03333474281,0.0906572364656,-0.288209757072,-0.971275698945,-0.00912938547572,-1.40504785494,-0.114155619528,0.409255910227,-0.305412518399,0.573593888896,0.819122628956,0.00298600992173,0.0,0.819090536204,-0.573528896766,-0.0116638319851,0.0,-0.00784169672019,0.00913629111761,-0.999927515362,0.0,0.604325465463,0.185995932235,0.304074280878,1.0,-0.238238285714,-0.31311317551,1.374
0.404777763216,0.260803867827,-0.126847460335,-1.78709441937,0.0488389311658,2.04054070342,0.0854026971298,-0.318073202331,-0.994267158239,-0.0138585105416,-1.43596738656,-0.135484410545,0.424528504412,-0.312506909278,0.57363692551,0.819092242476,0.00305334369057,0.0,0.819061588157,-0.573572370759,-0.0115584258529,0.0,-0.00771625193377,0.00913139220999,-0.999928536013,0.0,0.600249294721,0.180554301333,0.304142296131,1.0,-0.248185714286,-0.326186938775,1.391
0.399171593764,0.243411756851,-0.127053782669,-1.81153540255,0.0466289802349,2.04765088897,0.0799030411846,-0.335945402634,-1.0303667054,-0.01881199496,-1.46767338158,-0.140870630535,0.420109648918,-0.331982631585,0.573749916328,0.819013193981,0.00302795307032,0.0,0.818982241667,-0.573685464701,-0.0115681600342,0.0,-0.0077375320053,0.00911724618012,-0.999928500654,0.0,0.595990210999,0.174875026737,0.304164616228,1.0,-0.258133142857,-0.339260702041,1.408
