position_joint1,position_joint2,position_joint3,position_joint4,position_joint5,position_joint6,position_joint7,velocity_joint1,velocity_joint2,velocity_joint3,velocity_joint4,velocity_joint5,velocity_joint6,velocity_joint7,ee_T_00,ee_T_10,ee_T_20,ee_T_30,ee_T_01,ee_T_11,ee_T_21,ee_T_31,ee_T_02,ee_T_12,ee_T_22,ee_T_32,ee_T_03,ee_T_13,ee_T_23,ee_T_33,v_x,v_y,time
0.465063764066,0.547771790739,-0.123910322241,-1.35585344522,0.0795792562051,1.8940987277,0.159155616431,-5.10893061629e-05,-0.000313921968878,0.0049001717459,-0.000622392798094,-0.000262545432391,-6.49023332785e-05,0.0011254649321,0.573778401541,0.81899640029,0.00199728281087,0.0,0.818952714109,-0.573718502948,-0.012011591508,0.0,-0.00869173944547,0.00852783614149,-0.99992586209,0.0,0.661652452667,0.260939582326,0.303208706382,1.0,0.0,0.0,0.0
0.465058845359,0.547771790739,-0.123910427931,-1.35585116908,0.0795757118017,1.89409874126,0.159149662181,-0.00260780822324,-0.000955085693548,0.000910568306355,-0.00031025035769,5.9846333218e-05,0.000245882696545,-0.00131302507258,0.573776564097,0.818997687639,0.00199725706094,0.0,0.818954036535,-0.57371670059,-0.0120075146938,0.0,-0.00868843431656,0.00852545639786,-0.999925911107,0.0,0.661654484287,0.260935963779,0.303209787734,1.0,-0.00012,-0.000157714285714,0.007
0.465060576674,0.547770033833,-0.123911558165,-1.35585418818,0.079574997946,1.89409710058,0.159157244035,-0.000229202726799,0.000449244041455,-0.0038583949898,2.93000595028e-05,-0.000271658014753,-0.000342212990399,-0.000176468142612,0.573782105947,0.818993812472,0.0019942241002,0.0,0.818950129154,-0.573722261864,-0.0120082929993,0.0,-0.00869075422732,0.00852347783376,-0.999925907813,0.0,0.661653358947,0.260935892218,0.303209488978,1.0,-0.00046,-0.000604571428571,0.024
0.465059516282,0.547754144693,-0.123908974494,-1.3558702127,0.0795757098546,1.89410098656,0.159157954644,-0.0010326392933,0.00067834675657,0.00131125671191,-0.00041389260294,-2.40355475034e-05,-0.000147868076673,0.00113675246813,0.573782813417,0.818993304722,0.00199918701184,0.0,0.818949655518,-0.573722918074,-0.0120092424367,0.0,-0.00868867702821,0.00852809461926,-0.9999258865,0.0,0.661650524446,0.260935372619,0.30321337158,1.0,-0.00086,-0.00113028571429,0.044
0.465062570107,0.547656766457,-0.123908947752,-1.3559703369,0.079575230857,1.8941151509,0.159157599223,-0.00148481582031,-0.00956629438328,5.47884587213e-06,-0.00917029944022,-2.21941533933e-05,0.00417201550319,0.00108043270746,0.573785265815,0.818991551066,0.00201368257825,0.0,0.818948012042,-0.573725230968,-0.0120108211537,0.0,-0.00868162769218,0.00854089799142,-0.999925838451,0.0,0.661632196353,0.260927690197,0.303235928767,1.0,-0.00122,-0.00160342857143,0.062
0.465059837193,0.547558019357,-0.123914337317,-1.3561034522,0.0795740168911,1.89413660247,0.15914670209,0.000169352607094,-0.00407282301628,-0.000761759435354,-0.0090917469502,-0.000119202273824,0.00137587703455,-0.00174055123455,0.573789263102,0.818988768162,0.00200650777664,0.0,0.818945062187,-0.573729186218,-0.0120230154891,0.0,-0.00869568999014,0.00854206129482,-0.999925706322,0.0,0.661610582997,0.260909516751,0.303244562213,1.0,-0.00148,-0.00194514285714,0.075
0.465044587586,0.547424419632,-0.123916596823,-1.35630041256,0.0795695326539,1.89420192214,0.15914410821,-3.31634074031e-05,-0.00658594775323,-0.000992430039706,-0.0105634002074,6.81837217318e-05,0.00351640363241,0.0004476520458,0.573810986682,0.818973534924,0.00201185425208,0.0,0.81892983378,-0.573750820425,-0.0120278970909,0.0,-0.00869639380308,0.00854947156952,-0.99992563687,0.0,0.661586728486,0.260880204867,0.303251194647,1.0,-0.0018,-0.00236571428571,0.091
0.465023626878,0.547235468765,-0.123914337431,-1.35650559701,0.0795674519635,1.89432757466,0.1591347991,0.000373040942965,-0.00830997267545,-0.000326310226748,-0.0120209054337,-0.00256231739791,0.00390719910584,0.000226837651898,0.573830134835,0.8189598701,0.00211055024057,0.0,0.818917433741,-0.573769527472,-0.0119796894667,0.0,-0.00860008109346,0.00860283884005,-0.999926012147,0.0,0.66157480814,0.26085398821,0.303298209671,1.0,-0.00214,-0.00281257142857,0.108
0.464998145686,0.547041531393,-0.123909329364,-1.35674924357,0.0795635095724,1.89445579481,0.159119606151,0.000334030321376,-0.00543192738065,-0.000496972028136,-0.0139424358656,-0.000210743528951,0.0186829876353,-0.00052808882233,0.573847852157,0.818947263639,0.00218377054439,0.0,0.818905722007,-0.573786880345,-0.0119491133225,0.0,-0.00853283905395,0.00864544166121,-0.999926220776,0.0,0.6615553482,0.260821737427,0.303330572387,1.0,-0.00248,-0.00325942857143,0.125
0.464966083291,0.546835738227,-0.12390956619,-1.35705526804,0.0795595808716,1.89457990558,0.159106927481,-0.00403418835467,-0.013433968127,0.000538092150251,-0.0212468092287,0.000446373808006,0.00211859270143,0.000882072968051,0.573880040372,0.818924633755,0.00221142318609,0.0,0.818883342463,-0.573818839899,-0.0119481092428,0.0,-0.00851580865429,0.00866784590776,-0.999926172,0.0,0.66152397378,0.260774561902,0.303341449826,1.0,-0.0028,-0.00368,0.141
0.464927846067,0.546559357409,-0.123911913954,-1.35744912429,0.0795506899403,1.89471863557,0.159038207814,-0.00562593541597,-0.0213316580863,0.000407834363372,-0.0274030214813,5.16792884013e-05,0.0107070741596,-0.0120862428153,0.573876312064,0.818927173837,0.00223814746662,0.0,0.818886101017,-0.573814870924,-0.0119496597545,0.0,-0.00850178247707,0.00869058184342,-0.99992609401,0.0,0.661479578864,0.260712769751,0.303361830765,1.0,-0.00314,-0.00412685714286,0.158
0.464884174817,0.546259043179,-0.123910391884,-1.35792056874,0.0795341372251,1.89490014767,0.158917863655,-0.00197310580862,-0.0181869828159,-9.02659568012e-05,-0.0276150930561,-0.00308758373636,0.0075510223838,-0.000690539121279,0.573834500011,0.818956429056,0.00225406428839,0.0,0.818915452127,-0.573772885341,-0.0119542969463,0.0,-0.00849689096005,0.0087058437015,-0.999926002827,0.0,0.661427467018,0.260642390934,0.303365787252,1.0,-0.0035,-0.0046,0.176
0.464847638166,0.545990641318,-0.123912900466,-1.3583718026,0.0795175540131,1.89505038352,0.158903339188,-0.00276666687333,-0.0146119800308,0.000757749488958,-0.0342414841087,-0.000307753354973,0.0120356693479,-0.00327354630725,0.573875042444,0.818928083251,0.00223092451983,0.0,0.818886694265,-0.573813404266,-0.011979396576,0.0,-0.00853029411773,0.00870171865878,-0.999925754331,0.0,0.661371939772,0.260574244252,0.303354164121,1.0,-0.0038,-0.00499428571429,0.191
0.464790119177,0.545632727932,-0.123914665353,-1.35897787404,0.0794699183788,1.89525246593,0.158824456345,-0.00140071453901,-0.0190520131543,-0.000168891608784,-0.0322474111763,-0.000556661922618,0.0134986351954,-0.00207171392598,0.573879914891,0.81892479283,0.00218491964673,0.0,0.818882868661,-0.573818531745,-0.0119952882917,0.0,-0.00856965658796,0.00867321527828,-0.999925665399,0.0,0.661300544646,0.260473938245,0.303336620717,1.0,-0.00416,-0.00546742857143,0.209
0.464733660685,0.545246308076,-0.123915379824,-1.35965314411,0.0794071995351,1.8954650794,0.158733615729,-0.0043544549189,-0.0241023625371,0.000109999796917,-0.0423777600962,-0.00418400586549,0.0141360918892,-0.00314135395838,0.57387313757,0.818929744639,0.00210765772638,0.0,0.818886944391,-0.573812210874,-0.0120193951577,0.0,-0.00863380669497,0.00862370743929,-0.999925541754,0.0,0.661216354144,0.260365375288,0.303307146243,1.0,-0.0045,-0.00591428571429,0.226
0.464669213657,0.544846148631,-0.123910353338,-1.36031481927,0.0793911284836,1.89569313238,0.158657600071,-0.00385773016636,-0.0225329008272,0.00176284291683,-0.0433672418825,0.000147308778285,0.0133997780609,-0.00183028398179,0.573892740748,0.818916044322,0.00209317220542,0.0,0.818872779836,-0.573831598658,-0.0120587613692,0.0,-0.00867415181129,0.00863464359838,-0.999925098205,0.0,0.661136807441,0.260265262104,0.303295073521,1.0,-0.00482,-0.00633485714286,0.242
0.464606124653,0.544412596428,-0.123916432266,-1.36104502088,0.0793627327708,1.89595119974,0.158545107379,-0.000906106531823,-0.0221602018475,0.000865069909533,-0.0429819046094,-0.000589350391302,0.0153829625379,-0.00788709951059,0.573889702449,0.818918240293,0.00206689138406,0.0,0.818874488059,-0.573828530202,-0.0120887400012,0.0,-0.00871381621207,0.00863029418615,-0.999924790886,0.0,0.661051169541,0.260151964143,0.303276933475,1.0,-0.00516,-0.00678171428571,0.259
0.464529866397,0.543884817221,-0.123913381679,-1.36190306407,0.0793230073128,1.89625929156,0.158475427065,-0.00690223068307,-0.0284376067629,0.00168952715345,-0.0534548292358,-0.00246144968342,0.0232073483616,-0.0036733996922,0.573930184325,0.818889901172,0.00205430768521,0.0,0.818845837398,-0.57386891602,-0.0121123367776,0.0,-0.00873993521309,0.00863396320667,-0.999924531258,0.0,0.660950441279,0.26002288069,0.30326859969,1.0,-0.00552,-0.00725485714286,0.277
0.464463227812,0.543423106764,-0.123922292661,-1.36263937063,0.0792807383484,1.89651160734,0.158360857191,-0.00701064360375,-0.0350478531664,-0.000526650199152,-0.0521841202801,-0.00368834792234,0.0172538501084,-0.00940708868721,0.573926803494,0.818892319325,0.00203481741027,0.0,0.818847986316,-0.573865606518,-0.0121238551121,0.0,-0.00876058877309,0.00862457759927,-0.999924431517,0.0,0.660865139366,0.259902618967,0.30326694789,1.0,-0.00582,-0.00764914285714,0.292
0.464374716529,0.542805355981,-0.123920059656,-1.36362496916,0.079226509808,1.89687008153,0.158235936604,-0.00279196437225,-0.031493903701,0.000417881619076,-0.0562071882629,-0.00364944417154,0.0126950139276,-0.000683959030832,0.573935799669,0.818886026885,0.00202971227542,0.0,0.81884154772,-0.573874545822,-0.012135579394,0.0,-0.00877302509164,0.00862722230576,-0.999924299668,0.0,0.660751379183,0.259752093742,0.3032658028,1.0,-0.0062,-0.00814857142857,0.311
0.464300139749,0.542242710113,-0.123920296435,-1.36448859042,0.0791760001221,1.89718508015,0.158139633418,-0.00516572594488,-0.0310917434168,-0.0010923857876,-0.0522324225831,-0.000648321341416,0.0232259150021,-0.0129040829749,0.57395266417,0.818874175187,0.00204240187012,0.0,0.818829838703,-0.57389132954,-0.0121319425196,0.0,-0.00876258640637,0.00863570658866,-0.999924317962,0.0,0.660652197963,0.259620764213,0.303279966026,1.0,-0.00652,-0.00856914285714,0.327
0.464215027652,0.541657813891,-0.123922453339,-1.36538624674,0.0791235727967,1.89751983347,0.158001879892,-0.00240682509895,-0.0420540288055,-0.000450500312195,-0.0577302038964,-0.00259751530332,0.0279788083528,-0.0126832958492,0.573946935523,0.818878142187,0.00206163848382,0.0,0.818834050218,-0.573885510521,-0.0121229500637,0.0,-0.00874424272592,0.00864623629516,-0.99992438755,0.0,0.660552841492,0.259478651827,0.303295366901,1.0,-0.00684,-0.00898971428571,0.343
0.464127351555,0.541000365801,-0.123930965952,-1.36640827363,0.0790621790174,1.89789356789,0.157870349355,-0.00309640457605,-0.0405622617949,-0.000608650260609,-0.0637330418316,-0.00071291638319,0.0197368567021,-0.00824090922251,0.573957267153,0.81887088627,0.00206736622651,0.0,0.818826895592,-0.573895841979,-0.0121171166373,0.0,-0.00873606935495,0.008647688715,-0.999924446432,0.0,0.660436930572,0.259318553234,0.303306364828,1.0,-0.00718,-0.00943657142857,0.36
0.464031095512,0.540289578295,-0.123930628639,-1.36748319588,0.0789998616577,1.89828411572,0.157738437135,-0.00240211687342,-0.039402731069,-0.000425741698191,-0.065130360954,-0.000108184736849,0.0295100291136,-0.00670541297445,0.573970660235,0.818861436696,0.00209178914605,0.0,0.818817726871,-0.573909089133,-0.0121092721642,0.0,-0.00871548699835,0.00866332776859,-0.999924490668,0.0,0.660313622818,0.25915334542,0.303330951316,1.0,-0.00752,-0.00988342857143,0.377
0.463938831431,0.539591977529,-0.12393420253,-1.36857260107,0.0789324964506,1.89870175115,0.157615825889,-0.00869368041156,-0.0479538473135,-0.000694319309528,-0.0715994542606,-0.00356511911507,0.0256179040196,-0.0110895376494,0.573990705194,0.818847337346,0.00211077573628,0.0,0.818803923193,-0.573929096825,-0.0120943822889,0.0,-0.00869218447364,0.00867054140751,-0.99992463098,0.0,0.660191960653,0.258987641139,0.303341691468,1.0,-0.00784,-0.010304,0.393
0.463835822874,0.538840245175,-0.123932087915,-1.36973386251,0.0788724258876,1.89915246968,0.157476157404,-0.010308213887,-0.0485576478745,0.000498448018735,-0.0696870069853,-0.00433819107934,0.0281467357666,-0.00605596750235,0.574007467345,0.818835483409,0.00215068457356,0.0,0.818792515065,-0.573945609909,-0.0120830890197,0.0,-0.00865985279825,0.00869691519959,-0.999924682471,0.0,0.66006256235,0.258813757592,0.303359061867,1.0,-0.00818,-0.0107508571429,0.41
0.463725527424,0.538055662539,-0.123940353832,-1.37094795652,0.0787980399419,1.89961803178,0.157315534825,-0.0102135642978,-0.0396928850047,-0.00289629303471,-0.0740301516137,-0.00647853367697,0.025550591578,-0.00536850281443,0.574017784878,0.818828188087,0.00217438233476,0.0,0.818785614176,-0.573955910745,-0.0120614029372,0.0,-0.00862838324275,0.00870398035056,-0.999924893044,0.0,0.659921502458,0.258608011497,0.303375395299,1.0,-0.00854,-0.011224,0.428
0.463627351647,0.53726445919,-0.123946256766,-1.37220700672,0.0787266264051,1.90008038164,0.157163127607,-0.00836357065497,-0.0432928649188,-0.00123076378918,-0.0764445615979,-0.00477068997928,0.0278653401364,-0.00519454074084,0.574029306733,0.818820113324,0.00217345990337,0.0,0.818777477339,-0.573967384576,-0.0120677648012,0.0,-0.00863399967714,0.00870699831614,-0.999924818289,0.0,0.659781583772,0.258434455929,0.303375661946,1.0,-0.00886,-0.0116445714286,0.444
0.463507068078,0.536411782813,-0.123941673616,-1.37352916683,0.0786522147837,1.90057880566,0.156997507258,-0.00537694450302,-0.0447414026046,0.00284143144647,-0.0792990188905,-0.00129871276596,0.0282100829512,-0.0106374555538,0.574041857577,0.818811239637,0.00220147561555,0.0,0.818768902268,-0.573979747211,-0.012061565898,0.0,-0.00861270912891,0.00872651147885,-0.999924831794,0.0,0.659630977113,0.258233795196,0.303391354155,1.0,-0.0092,-0.0120914285714,0.461
0.463403316962,0.535542163932,-0.123951966731,-1.37489936934,0.0785718539178,1.90108064537,0.156838872363,-0.00697842005956,-0.0502347464465,-0.000391883837762,-0.082041762714,-0.00412149859187,0.0252258469876,-0.0116131085133,0.574057896178,0.818799997381,0.00220068751122,0.0,0.818757656705,-0.573995794156,-0.0120612926014,0.0,-0.00861276679719,0.00872587800596,-0.999924836826,0.0,0.659469491754,0.258029212284,0.303396750967,1.0,-0.00954,-0.0125382857143,0.478
0.463294891416,0.534702599978,-0.123945923363,-1.37625294003,0.0784975952677,1.90156501238,0.156671189724,-0.00231128304703,-0.050690990417,0.000430412478503,-0.0884274337953,-0.00514163755008,0.0280154228104,-0.00760612530227,0.574059423847,0.818798980401,0.00218047902193,0.0,0.818756231067,-0.573997261114,-0.0120882266779,0.0,-0.00864640516232,0.00872480920758,-0.999924555845,0.0,0.659304398442,0.257832427602,0.303386660749,1.0,-0.00986,-0.0129588571429,0.494
0.463169338669,0.533788294533,-0.123948740015,-1.3777376615,0.0784180574655,1.90209921986,0.156486773282,-0.00425001935929,-0.0525378527747,0.000721236153377,-0.0868168805203,-0.00533208615797,0.0337029686153,-0.0136798083613,0.574073178026,0.818789408171,0.00215365716412,0.0,0.818746180934,-0.574011000401,-0.0121164980497,0.0,-0.00868480457336,0.00871922299219,-0.999924271793,0.0,0.659127109051,0.257607163402,0.303371322506,1.0,-0.0102,-0.0134057142857,0.511
0.463033662497,0.532855504451,-0.123950794735,-1.37923889711,0.0783361029586,1.90268515794,0.156287476147,-0.00836849303257,-0.0588720941615,-0.000596530303585,-0.0895040872956,-0.00516777315239,0.0377404868708,-0.0162487805456,0.57408290585,0.818782543452,0.00217040342779,0.0,0.818739489868,-0.574020609317,-0.0121134103539,0.0,-0.00867255961499,0.00873126491489,-0.999924272994,0.0,0.658958974441,0.257377078371,0.303365432805,1.0,-0.01054,-0.0138525714286,0.528
0.462914804334,0.531945307872,-0.123948168481,-1.38069773085,0.0782526906483,1.90321985818,0.156106390085,-0.0113569376876,-0.0609145996675,0.000912041892233,-0.0997891599739,-0.00353635126561,0.0339929786347,-0.0136258845411,0.574087343976,0.818779456978,0.00216083736043,0.0,0.818736190979,-0.574025000284,-0.0121282946168,0.0,-0.00869019112707,0.00873202431184,-0.999924113285,0.0,0.658784190968,0.257161859145,0.303358997215,1.0,-0.01086,-0.0142731428571,0.544
0.46276816595,0.530878312245,-0.123950565602,-1.38242492115,0.0781549617846,1.90382545319,0.155892191082,-0.00677600357757,-0.0631566001195,0.000663979168661,-0.0951901943825,-0.0010866130124,0.0345110365106,-0.0173042999853,0.574101400381,0.818769715065,0.00211723258788,0.0,0.818725744784,-0.574039110924,-0.0121655603292,0.0,-0.00874558643164,0.00871786589474,-0.999923753859,0.0,0.658573728698,0.256898154359,0.303341449209,1.0,-0.01122,-0.0147462857143,0.562
0.462628097262,0.529865225013,-0.123949126352,-1.38406688805,0.0780373387271,1.90441689005,0.155674206793,-0.0123504155575,-0.055995192304,0.000674157341772,-0.0981789373393,-0.00954348873818,0.0323213727964,-0.0147439879031,0.574094103918,0.818774939646,0.00207483857929,0.0,0.818730515767,-0.574032102791,-0.0121751557839,0.0,-0.00877785749048,0.00868858609219,-0.999923725936,0.0,0.658376958109,0.256646283302,0.303324845173,1.0,-0.01156,-0.0151931428571,0.579
0.462503275594,0.528922968753,-0.123959761208,-1.38552980423,0.0779527763308,1.90496768914,0.155473939931,-0.00583923959539,-0.0646503111925,-0.000314600984837,-0.0993370455914,-0.00369611947153,0.0362111780082,-0.0100212974404,0.574096535235,0.818773171746,0.00209960984313,0.0,0.81872908751,-0.574034439938,-0.0121610004124,0.0,-0.00875202102239,0.00870076736948,-0.999923846488,0.0,0.658208679276,0.256420340644,0.303340243786,1.0,-0.01186,-0.0155874285714,0.594
0.462349471624,0.527745485827,-0.12395759812,-1.38735747159,0.0778411100073,1.9056832056,0.15521903266,-0.0104705513804,-0.070057729276,-0.000191318504432,-0.106416062584,-0.00489163749628,0.0434383771383,-0.0156371776582,0.574081386356,0.818783653682,0.00215341679965,0.0,0.818740313152,-0.574019098146,-0.0121293645645,0.0,-0.00869539047894,0.00872649958189,-0.999924116316,0.0,0.657999658448,0.256149366036,0.303361273084,1.0,-0.01222,-0.0160605714286,0.612
0.462205369449,0.526583681895,-0.12395980941,-1.38914552124,0.0777248965946,1.90635110241,0.154971301923,-0.0118824097449,-0.066295650965,0.00146149525728,-0.112004659607,-0.00503996536057,0.040398756501,-0.0133418835961,0.574063369138,0.818796205259,0.00218388833396,0.0,0.818753336656,-0.574001026003,-0.012105484841,0.0,-0.00865853760991,0.00873754949807,-0.999924339615,0.0,0.657788188339,0.255882821617,0.30338580243,1.0,-0.01256,-0.0165074285714,0.629
0.462061902466,0.525480431645,-0.123963570942,-1.39087023397,0.0776179485726,1.90697793403,0.154751688624,-0.00842659397229,-0.07031180204,0.000158606402216,-0.110225823949,-0.00781982985852,0.0448965231609,-0.0143063085275,0.574067741165,0.818793133864,0.00218618190967,0.0,0.818750295458,-0.574005387859,-0.0121043503661,0.0,-0.00865624543423,0.00873882240683,-0.999924348337,0.0,0.657580974528,0.255621290827,0.303395499156,1.0,-0.01288,-0.016928,0.645
0.461898975641,0.524291703706,-0.123969330274,-1.39273762669,0.0774995425148,1.90763860077,0.154494511664,-0.00431972044603,-0.0762390196692,-0.000980262552138,-0.109487507679,-0.00708486978568,0.0375134751672,-0.0078009180952,0.574062929535,0.818796557125,0.00216745809618,0.0,0.818753472561,-0.574000655828,-0.0121138425168,0.0,-0.0086748171947,0.00872888982416,-0.999924274147,0.0,0.657354743828,0.255330485391,0.303400106471,1.0,-0.01322,-0.0173748571429,0.662
0.461736975518,0.523022333462,-0.123971758799,-1.39477516952,0.0773762947328,1.90840637665,0.154218760815,-0.010410799258,-0.0694989342371,0.00375117392941,-0.121624846886,-0.00234962421028,0.0477111772851,-0.0167383369552,0.574047746398,0.818807208955,0.00216479093502,0.0,0.818764080343,-0.573985476903,-0.0121161027518,0.0,-0.00867836080574,0.00872784257688,-0.99992425254,0.0,0.657110622995,0.255029578039,0.30338931021,1.0,-0.01358,-0.017848,0.68
0.461591552816,0.521918202861,-0.123972796392,-1.39649169797,0.077268967768,1.90908728773,0.15398414948,-0.00686869951252,-0.0763628849263,-0.0013914190777,-0.117423908682,-0.00268992735412,0.044681530932,-0.0146462378557,0.574038649407,0.818813441547,0.00221897059461,0.0,0.818771105273,-0.573976234765,-0.0120791554666,0.0,-0.00861710437758,0.00875089957827,-0.99992458079,0.0,0.65691438735,0.254773004958,0.303407239818,1.0,-0.01388,-0.0182422857143,0.695
0.461411720579,0.52059477775,-0.123978113742,-1.39862592016,0.0771391609392,1.90987795595,0.153699104751,-0.00823353538993,-0.0777966134996,0.000224359677971,-0.122515012994,-0.00511460047551,0.0412438058885,-0.0169922696895,0.574035261071,0.818815871341,0.00219881540425,0.0,0.818773256819,-0.573972917395,-0.01209094361,0.0,-0.00863836235018,0.00874112751521,-0.999924482841,0.0,0.656657663263,0.254448523525,0.303389796428,1.0,-0.01424,-0.0187154285714,0.713
0.461240554171,0.519264432431,-0.123981102507,-1.40068715757,0.0770130832955,1.91061179862,0.153415305318,-0.0106468691327,-0.0829925907128,-0.000868397113843,-0.119902264376,-0.00967222404852,0.0393836966509,-0.0205439165098,0.574020625707,0.818826124314,0.00220143262248,0.0,0.8187834921,-0.573958220246,-0.0120955106649,0.0,-0.00864075613065,0.00874573767289,-0.999924421847,0.0,0.656403304935,0.254136673772,0.303406493436,1.0,-0.01458,-0.0191622857143,0.73
0.461072271572,0.517995139975,-0.123984644353,-1.4026517282,0.076885233276,1.91133412694,0.153143664998,-0.0099449228246,-0.0829782739569,-0.00105297546422,-0.126376847006,-0.00811914023889,0.0489203925279,-0.02461349764,0.574008172414,0.818834806254,0.00221922746624,0.0,0.818792465555,-0.573945752717,-0.0120796601567,0.0,-0.00861769592283,0.00875107886403,-0.999924574123,0.0,0.656166684899,0.253836038245,0.303424967533,1.0,-0.0149,-0.0195828571429,0.746
0.460907310425,0.51672453056,-0.123988528501,-1.40466097111,0.076756813127,1.91205825165,0.152875087117,-0.0075492768842,-0.077347359236,0.000324973064537,-0.123753561724,-0.00133287855786,0.0533821213302,-0.0198361858332,0.573997642675,0.818842232456,0.00220260117838,0.0,0.818799681627,-0.573935302135,-0.0120870687672,0.0,-0.00863341802041,0.00874160642583,-0.999924521357,0.0,0.655918453552,0.253532188536,0.303422936981,1.0,-0.01522,-0.0200034285714,0.762
0.460708338317,0.515274604869,-0.123991726262,-1.40695938845,0.0766083902142,1.91293567777,0.152550813964,-0.0153441537905,-0.0810275918432,0.000628296534983,-0.13124027516,-0.00550687330149,0.04691324631,-0.0181092269342,0.573978726423,0.818855445824,0.00221976539547,0.0,0.818813210398,-0.573916408033,-0.0120677242892,0.0,-0.00860792769977,0.00874435860416,-0.999924717053,0.0,0.655645763327,0.253181650741,0.30342190273,1.0,-0.01558,-0.0204765714286,0.78
0.460516440997,0.513885073489,-0.123992791068,-1.40921033936,0.0764671966787,1.91372874137,0.152248934544,-0.0149256099779,-0.080810308031,0.00116027235277,-0.132631785636,-0.0034131802174,0.0437565311147,-0.0213056564555,0.57396953793,0.818862048669,0.00215909226858,0.0,0.818818945338,-0.573907403355,-0.0121067762139,0.0,-0.00867482755317,0.00871699423273,-0.99992437783,0.0,0.655362311445,0.252837416388,0.303393319576,1.0,-0.01592,-0.0209234285714,0.797
0.460327780847,0.51248313122,-0.123998365738,-1.41148452064,0.0763308871906,1.91452672225,0.151921199216,-0.0127348150528,-0.084505153931,0.000144740378246,-0.134205240452,-0.00405607134536,0.0515000548079,-0.0187325528984,0.573941949274,0.818881549059,0.00209627637983,0.0,0.818837501996,-0.573879968856,-0.0121521015682,0.0,-0.00874828916456,0.00869127791019,-0.999923961672,0.0,0.655073693849,0.252491262868,0.303362526815,1.0,-0.01626,-0.0213702857143,0.814
0.460128354715,0.511030286752,-0.123998813769,-1.41379458405,0.0761915080508,1.91539579423,0.151599683206,-0.00970903992882,-0.0848480374851,-0.000187105494624,-0.135092555001,-0.0107329035523,0.0467216077415,-0.0172632307862,0.573925629893,0.818892963065,0.00210553935794,0.0,0.818849000748,-0.573863574752,-0.0121514792139,0.0,-0.00874263679917,0.00869833163106,-0.999923949772,0.0,0.654792909392,0.252141791369,0.303355820595,1.0,-0.0166,-0.0218171428571,0.831
0.45993485837,0.5096433482,-0.124003483855,-1.41601104773,0.0760473836381,1.91622543078,0.15128857828,-0.0100791148802,-0.0927719292487,-0.000326034920228,-0.1418912219,-0.00470889929228,0.0529506057397,-0.0203408406312,0.573909307962,0.818904420989,0.002098194291,0.0,0.818860431124,-0.573847355252,-0.0121471853335,0.0,-0.00874350886711,0.00868967831338,-0.999924017385,0.0,0.654523660707,0.251800633738,0.303343771618,1.0,-0.01692,-0.0222377142857,0.847
0.459729461484,0.508146737291,-0.124007796794,-1.41839179615,0.0759027586069,1.91707264516,0.15095430449,-0.0144962828316,-0.0909056506293,-0.00101192079042,-0.140435205488,-0.013566898169,0.0514898590354,-0.0202045235875,0.573891335367,0.818917096092,0.00206683838672,0.0,0.818872601936,-0.573829429872,-0.0121735003917,0.0,-0.00878324400161,0.00867891081931,-0.99992376266,0.0,0.654223577158,0.251435070066,0.303331325887,1.0,-0.01726,-0.0226845714286,0.864
0.459504764547,0.506607748032,-0.124005607143,-1.4208132046,0.0757524680173,1.91795504094,0.150633242937,-0.0138468451451,-0.0947616176784,0.000972477890023,-0.143536885409,-0.00928224943367,0.0539344154456,-0.0176549949867,0.573895567429,0.818914132384,0.00206600274889,0.0,0.81886956951,-0.573833608005,-0.0121805318643,0.0,-0.00878943709596,0.00868230718874,-0.999923678756,0.0,0.653924603429,0.251057955715,0.30333146318,1.0,-0.0176,-0.0231314285714,0.881
0.459305318001,0.505101071935,-0.124017179606,-1.42312490471,0.0756079061179,1.91885191253,0.150305933887,-0.0120589831126,-0.095727173077,0.000315432797405,-0.141009046607,-0.00660429556063,0.054747621375,-0.025159453275,0.573879625822,0.818925118148,0.00213841860079,0.0,0.818881621738,-0.573817469024,-0.0121304873894,0.0,-0.00870706650732,0.00871271900266,-0.999924134882,0.0,0.653649478465,0.250703810142,0.303362329076,1.0,-0.01792,-0.023552,0.897
0.459081782514,0.503440251038,-0.124022882656,-1.42559651177,0.0754547036122,1.91978351673,0.149969379675,-0.00625038660857,-0.0940842044925,-0.00040863160299,-0.143072595733,-0.00784166570711,0.0539688581562,-0.0146496402246,0.573876868949,0.81892677891,0.00223985956496,0.0,0.818884663908,-0.573814334358,-0.012073268096,0.0,-0.00860202464312,0.00876292465344,-0.99992460532,0.0,0.653351154303,0.250321484111,0.303426953331,1.0,-0.01826,-0.0239988571429,0.914
0.458832546675,0.501647027345,-0.124024369421,-1.42827497044,0.0752830779997,1.92076050197,0.149594377786,-0.0170641598599,-0.100065284781,0.000702200931115,-0.151362963785,-0.00418704643796,0.053847858723,-0.0178610543239,0.573865501228,0.818934533255,0.00231595437072,0.0,0.818893442091,-0.573802681131,-0.0120316469955,0.0,-0.00852439451026,0.00880123643111,-0.99992493365,0.0,0.653020946296,0.249902312918,0.303488686713,1.0,-0.01862,-0.024472,0.932
0.458614119423,0.50002870986,-0.124024774323,-1.43071346895,0.0751210992672,1.92161817074,0.149260038833,-0.0147653548687,-0.0988641414768,0.000645694304429,-0.149653127446,-0.00669256977677,0.0589102510419,-0.0242255649289,0.573851017711,0.818944602023,0.00234418240414,0.0,0.81890389394,-0.573788098423,-0.0120157188136,0.0,-0.00849530765878,0.00881506228583,-0.999925059404,0.0,0.652710459786,0.249523695213,0.303531522505,1.0,-0.01894,-0.0248925714286,0.948
0.45836524798,0.498355569173,-0.124028283303,-1.43333103669,0.0749584709997,1.92260385974,0.148877928265,-0.0151319876705,-0.088234724587,0.000636601153304,-0.149693365264,-0.0124362894145,0.0647539474412,-0.0295971510307,0.573833763644,0.818956598824,0.00237651965841,0.0,0.818916324397,-0.57377072676,-0.0119980686015,0.0,-0.00846248297179,0.00883123763427,-0.999925195014,0.0,0.652391036283,0.24911143586,0.303538088089,1.0,-0.01928,-0.0253394285714,0.965
0.458118955017,0.496770537883,-0.124025476352,-1.43584934684,0.0748079547864,1.92349775062,0.148496508521,-0.0192100914579,-0.0960339213351,0.000393706175791,-0.159942249926,-0.00396165226054,0.0577359053149,-0.0214757877864,0.573810960311,0.818972662047,0.00234681639571,0.0,0.818931835097,-0.573747876386,-0.0120320700298,0.0,-0.00850761929694,0.00882618624732,-0.999924856602,0.0,0.652052936789,0.248682866607,0.303520539182,1.0,-0.01962,-0.0257862857143,0.982
0.457852995316,0.49510419225,-0.124030770277,-1.43856747455,0.0746393276187,1.92444308655,0.148105073092,-0.0159140063299,-0.0933743973144,-0.000567548453194,-0.161668622011,-0.00717300707567,0.0588160163617,-0.0223051222865,0.573800425804,0.81898029957,0.00225547427193,0.0,0.818938130279,-0.573737571667,-0.0120948143044,0.0,-0.00861153010921,0.00878727266328,-0.99992430983,0.0,0.651721558186,0.248271348267,0.303471170355,1.0,-0.01994,-0.0262068571429,0.998
0.457530693993,0.493037200579,-0.124085604477,-1.44170935418,0.0744492540659,1.92557535079,0.147659668358,-0.0145287576708,-0.1574728683,-0.00348027510159,-0.223242721971,-0.0080104137457,0.0795430168952,-0.0267377683664,0.57384552486,0.818948586404,0.00229637246494,0.0,0.818907085199,-0.573782629688,-0.0120592943653,0.0,-0.00855848821921,0.00880085723005,-0.999924645757,0.0,0.651341982303,0.24773017646,0.303514609607,1.0,-0.034092,-0.0448066285714,1.015
0.457152852411,0.489641014687,-0.124161734503,-1.44691795086,0.0741808391232,1.92760897793,0.146873111698,-0.0266664158758,-0.225058475262,-0.00691791608679,-0.356620459539,-0.0194844362672,0.135929102579,-0.0554606737143,0.573755328328,0.819011204431,0.00249341767172,0.0,0.818972248559,-0.573691614855,-0.0119638638179,0.0,-0.00836824681924,0.00890654196866,-0.999925320189,0.0,0.650694987536,0.246961160142,0.303576546991,1.0,-0.051228,-0.0673282285714,1.032
0.456581533332,0.485483805386,-0.124207470193,-1.45345497106,0.0738452991514,1.93013777315,0.145873521575,-0.0414564853855,-0.301852928598,-0.00571130139959,-0.471432149058,-0.0277708873311,0.188958186073,-0.0668542698165,0.573673531351,0.819068033869,0.00264238949493,0.0,0.819030676529,-0.573608874777,-0.0119313277838,0.0,-0.00825703009785,0.00900905845143,-0.999925326372,0.0,0.649881719794,0.245959817708,0.303574170294,1.0,-0.066348,-0.0872002285714,1.047
0.455605845526,0.479041215375,-0.124394530859,-1.46379415153,0.0732200856175,1.93372241116,0.144293221584,-0.0578455086305,-0.391584678565,-0.0124208538203,-0.627599078805,-0.0403918010682,0.206521417736,-0.0922014310381,0.573651045957,0.819084666019,0.00235250201838,0.0,0.819043492072,-0.573587522428,-0.0120772145116,0.0,-0.00854305989084,0.00885507869279,-0.999924298989,0.0,0.648541834225,0.244219611941,0.303438031435,1.0,-0.084492,-0.111046628571,1.065
0.454320688508,0.470906577752,-0.124569864709,-1.47662612787,0.0724573913379,1.93814215273,0.142445592348,-0.073773109648,-0.465931123235,-0.0075493065937,-0.732074993594,-0.0398564374837,0.256472401582,-0.101317394922,0.573729416511,0.819030425679,0.00211313599925,0.0,0.818985656852,-0.573666452634,-0.0122491589035,0.0,-0.00882036841776,0.00875849949309,-0.999922741909,0.0,0.646855231915,0.242050215674,0.303346917709,1.0,-0.102636,-0.134893028571,1.083
0.4529638787,0.462328371783,-0.124699382676,-1.48967067772,0.0716751517278,1.94300990803,0.140317826683,-0.0928821839432,-0.552113109136,-0.00677476319556,-0.844324707761,-0.0542667974494,0.306265856256,-0.136228025935,0.573598979471,0.819120833636,0.00245307030097,0.0,0.819080612417,-0.573534667666,-0.0120698901913,0.0,-0.0084799409207,0.00893271100283,-0.999924145761,0.0,0.645196080724,0.239872094875,0.303481117983,1.0,-0.118764,-0.156089828571,1.099
0.45120964009,0.452035699055,-0.124873002477,-1.50563940581,0.0706580151725,1.94856576353,0.137827387623,-0.109941829958,-0.647974154557,-0.00684732259728,-0.972957115429,-0.0644454500544,0.342601646709,-0.160724758547,0.57358391573,0.819131737454,0.00233135414021,0.0,0.819089723562,-0.573519908213,-0.0121526351123,0.0,-0.00861769701906,0.00888031522599,-0.999923434719,0.0,0.643066154306,0.237104828688,0.303444693493,1.0,-0.1359,-0.178611428571,1.116
0.449159917045,0.440349913631,-0.125043324269,-1.52350040179,0.069441387977,1.95491682846,0.135078782324,-0.125384409254,-0.697103316304,-0.00837189240836,-1.10416265114,-0.0669003727404,0.375163198166,-0.171745003762,0.57360609691,0.819115940506,0.00242249847614,0.0,0.819075693095,-0.573542302231,-0.012040906666,0.0,-0.00847365637927,0.0088911182759,-0.999924569737,0.0,0.640681524345,0.233975286738,0.303502956867,1.0,-0.153036,-0.201133028571,1.133
0.446907854071,0.42811996262,-0.125202778334,-1.54199943986,0.0682157931285,1.96130136108,0.132055058007,-0.141081758777,-0.783118018966,-0.0105480079228,-1.18304529588,-0.083049921261,0.408124719249,-0.187873091038,0.57356184605,0.819146679085,0.00250475566645,0.0,0.819107300816,-0.573497505672,-0.0120244600211,0.0,-0.00841348735272,0.008948607429,-0.999924564983,0.0,0.638140709115,0.230667438485,0.303597066475,1.0,-0.169164,-0.222329828571,1.149
0.444157493207,0.413979102651,-0.125406785546,-1.56313975816,0.066696469915,1.96868161388,0.128531058673,-0.168544651171,-0.864742991488,-0.0128078922392,-1.26844206461,-0.0978667601978,0.470283840192,-0.20503980585,0.573547403751,0.819156014206,0.0027471696285,0.0,0.819120712847,-0.573483133539,-0.0117940761107,0.0,-0.00808588860955,0.00901489884206,-0.999926672314,0.0,0.635233816874,0.226767042322,0.303778376177,1.0,-0.1863,-0.244851428571,1.166
0.441034791638,0.398756905985,-0.125584781485,-1.58588041324,0.0651720996892,1.97650342942,0.124669618252,-0.194888350808,-0.939194551092,-0.0109784058077,-1.34695242855,-0.0874065262946,0.472925029924,-0.234832652631,0.573574354033,0.819136240574,0.0030044425301,0.0,0.819103833838,-0.573508656894,-0.0117250484491,0.0,-0.00788149005006,0.00918631435014,-0.999926744188,0.0,0.632015857065,0.222523042085,0.303914627685,1.0,-0.203436,-0.267373028571,1.183
0.437761962163,0.383525280279,-0.125772460872,-1.60867282341,0.0635116743978,1.98422986452,0.120660160375,-0.206529152795,-0.963292821563,-0.0082964319361,-1.43719143775,-0.100350414569,0.476133410932,-0.261337379816,0.573527820272,0.819168515145,0.00308708123562,0.0,0.819137399666,-0.573462106098,-0.0116567679523,0.0,-0.00777868295151,0.00921440181678,-0.999927290802,0.0,0.628712233769,0.218171358522,0.303967024113,1.0,-0.219564,-0.288569828571,1.199
0.43362022783,0.365177491084,-0.125997635262,-1.63576879812,0.0614652541143,1.99323751473,0.115793497812,-0.241075299205,-1.00249639005,-0.010404284821,-1.53149830245,-0.114613064486,0.502090140729,-0.276943696876,0.57351849353,0.819174501876,0.00322799588676,0.0,0.819145601523,-0.573452794234,-0.0115379024137,0.0,-0.00760059853643,0.00926157735721,-0.999928224468,0.0,0.624689190379,0.212857315327,0.304096000592,1.0,-0.237708,-0.312416228571,1.217
0.429193200837,0.346858082153,-0.1262449255,-1.66280960813,0.0593987830442,2.0020136539,0.1107371684,-0.272642772402,-1.07932535918,-0.0188511092835,-1.55663467666,-0.116687533692,0.50675982667,-0.308568765024,0.573535751991,0.819162487678,0.00321043132738,0.0,0.819133325669,-0.573470063613,-0.0115510960287,0.0,-0.00762128503409,0.00925491602298,-0.999928128689,0.0,0.620563399761,0.207386064186,0.304127390937,1.0,-0.254844,-0.334937828571,1.234
0.424632231589,0.328745041375,-0.126471728229,-1.68928100908,0.0573736132505,2.01060885531,0.105653788532,-0.287730557918,-1.14090310179,-0.015227609924,-1.66325572628,-0.128873268775,0.529486626408,-0.326952039732,0.573559523467,0.819145200215,0.00337059430917,0.0,0.81911790854,-0.573493089733,-0.0115010798995,0.0,-0.00748818602317,0.00935764823133,-0.999928178166,0.0,0.616441318951,0.201948540844,0.3041905614,1.0,-0.270972,-0.356134628571,1.25
0.419390607908,0.308625913105,-0.126676193361,-1.71845592502,0.0549505283785,2.01986420291,0.0998226321374,-0.324788650178,-1.19755243689,-0.0112024299332,-1.70443331648,-0.123542931629,0.557585906549,-0.349931439566,0.573402918261,0.819254570976,0.00343338994162,0.0,0.819228524152,-0.57333686598,-0.0114109695287,0.0,-0.00738014200746,0.00935599433455,-0.999928996916,0.0,0.611748179734,0.195872404949,0.304241109306,1.0,-0.288108,-0.378656228571,1.267
0.413541887206,0.287535429531,-0.126929222836,-1.74880664661,0.0523959087118,2.02918953449,0.0935236464571,-0.358181434798,-1.25391908065,-0.018639326062,-1.79386813278,-0.135295046172,0.573158619599,-0.379793163387,0.573314070117,0.819316883042,0.00340133350173,0.0,0.819290410353,-0.573248107323,-0.0114270668156,0.0,-0.00741272349134,0.00933815789442,-0.999928922643,0.0,0.606723963363,0.189340499645,0.304256780511,1.0,-0.305244,-0.401177828571,1.284
0.407506078147,0.266915718301,-0.12722171899,-1.77814516576,0.0499144526719,2.038045846,0.0871935467563,-0.393798293611,-1.32921258833,-0.026111453854,-1.84592957539,-0.160375384558,0.560385706974,-0.406695169168,0.573300900637,0.819325853012,0.00345988668133,0.0,0.819299851835,-0.573234409043,-0.0114373062699,0.0,-0.00738769685465,0.00939188345361,-0.999928604682,0.0,0.601754746619,0.182839547278,0.304292028078,1.0,-0.321372,-0.422374628571,1.3
0.40037200162,0.244278976644,-0.127617150511,-1.81004020441,0.0470396185954,2.04742957033,0.0800728140676,-0.437121202051,-1.3540706084,-0.0194876910182,-1.892434682,-0.176399309729,0.559646038331,-0.423336671814,0.573468585836,0.819208563401,0.0034434882713,0.0,0.819182755793,-0.573402634094,-0.0113920466417,0.0,-0.00735809858451,0.00935400718264,-0.99992917796,0.0,0.596242069297,0.175447292504,0.304315972394,1.0,-0.338508,-0.444896228571,1.317
0.392256316425,0.219403497631,-0.127939389704,-1.8445241051,0.0439173237928,2.05732532943,0.0718495055949,-0.473137080144,-1.3993883933,-0.0151259063326,-1.92583865515,-0.182953608524,0.530081283406,-0.472104598436,0.573357618823,0.81928546761,0.00362082899065,0.0,0.819261633309,-0.573290781471,-0.0113491395974,0.0,-0.00722253631664,0.00947370432626,-0.99992903943,0.0,0.590067091312,0.167396854397,0.304405122642,1.0,-0.356652,-0.468742628571,1.335
0.384877257493,0.198045129964,-0.128259410146,-1.87377328597,0.04107967644,2.0654067207,0.0645635165921,-0.511776805124,-1.44021583034,-0.0260312061669,-1.93016358237,-0.181260041491,0.51404139521,-0.500952850725,0.573292242767,0.819330994043,0.00367062457922,0.0,0.819308138402,-0.573225725674,-0.0112777956983,0.0,-0.00713628851768,0.00947302776526,-0.999929665092,0.0,0.584683267171,0.160326037906,0.304475268461,1.0,-0.371772,-0.488614628571,1.35
0.375156373176,0.171541214122,-0.128792795307,-1.90966684667,0.0376088433168,2.07505383587,0.0551637099819,-0.559084356436,-1.47161631987,-0.0358256291706,-2.01157258484,-0.184670991482,0.53987941349,-0.524777090959,0.573390181064,0.819261819942,0.00381018987424,0.0,0.819240561322,-0.573323023116,-0.0112410298152,0.0,-0.00702501222036,0.00956714240955,-0.999929557014,0.0,0.577917178087,0.151333125179,0.304538187698,1.0,-0.389916,-0.512461028571,1.368
0.365231025982,0.145850460332,-0.129243689484,-1.94407506599,0.0340159709796,2.08382873299,0.0456798535706,-0.592398425542,-1.53802663188,-0.0243909647061,-2.05452908045,-0.222908135415,0.517533430656,-0.559944197509,0.573323032522,0.819309191484,0.00372773801602,0.0,0.81928707264,-0.573256365321,-0.0112507388664,0.0,-0.0070810205499,0.0095045782843,-0.999929758603,0.0,0.571180287247,0.142525882873,0.304533490379,1.0,-0.407052,-0.534982628571,1.385
0.35503250766,0.121049115737,-0.129733948669,-1.97668290556,0.0305372768664,2.09183027727,0.0360883680918,-0.657125468051,-1.578766083,-0.0402493493912,-2.03156130243,-0.22678537046,0.492174798594,-0.610461510005,0.573327797483,0.819305560886,0.00379228627658,0.0,0.819284365348,-0.573261092278,-0.0112069477932,0.0,-0.00700807940162,0.00953239907833,-0.999930007646,0.0,0.564634779952,0.133856356773,0.304588008933,1.0,-0.42318,-0.556179428571,1.401
0.343224090142,0.0939473742609,-0.130387625478,-2.0117734335,0.0265809479912,2.10001851969,0.0251972882776,-0.71030741884,-1.62242565468,-0.0354140415038,-2.07309483015,-0.24400973323,0.485693400993,-0.670606080589,0.573445526419,0.819223082526,0.00381001163009,0.0,0.819202695815,-0.573379556201,-0.0111164113683,0.0,-0.00692237128729,0.00949601099508,-0.999930950892,0.0,0.557387696771,0.124165722364,0.304642249232,1.0,-0.43998,-0.578259428571,1.418
