position_joint1,position_joint2,position_joint3,position_joint4,position_joint5,position_joint6,position_joint7,velocity_joint1,velocity_joint2,velocity_joint3,velocity_joint4,velocity_joint5,velocity_joint6,velocity_joint7,ee_T_00,ee_T_10,ee_T_20,ee_T_30,ee_T_01,ee_T_11,ee_T_21,ee_T_31,ee_T_02,ee_T_12,ee_T_22,ee_T_32,ee_T_03,ee_T_13,ee_T_23,ee_T_33,v_x,v_y,time
0.465078623269,0.547804443034,-0.123990653653,-1.35577268929,0.0795082319313,1.89408649693,0.159165230237,0.00104380329045,0.00109946996225,-2.23346187027e-05,-6.03046218621e-05,-7.15759778194e-05,-0.00144186745672,0.000495835344532,0.573806975711,0.818976456661,0.00196595042454,0.0,0.818933495783,-0.573748316173,-0.0118973137839,0.0,-0.0086158250221,0.00843690673174,-0.999927290439,0.0,0.661686230335,0.260899746942,0.303225474379,1.0,0.0,0.0,0.0
0.465078620326,0.547799129807,-0.123985363939,-1.35576847569,0.0795069095029,1.89408603779,0.15915598438,0.00105365259035,-0.000236588738823,0.00137773741702,0.00121934112609,-0.000383321592509,-0.000614188806984,-0.00164323714604,0.573799243277,0.818981856269,0.00197342819682,0.0,0.81893898195,-0.573740543264,-0.0118945264615,0.0,-0.00860933135146,0.00844135008335,-0.999927308869,0.0,0.661687037841,0.260899677909,0.303230259644,1.0,-0.00014,-0.000184,0.008
0.465072756344,0.547797801384,-0.123990919494,-1.35576871085,0.079507147686,1.89408685173,0.159165443541,-5.18802868761e-05,9.72934083387e-05,-0.000936489822063,-0.000513505722565,-9.95259692649e-05,-0.000482911647544,0.00153428867882,0.573811627313,0.818973176515,0.00197469241072,0.0,0.818930346219,-0.573752947607,-0.0118907550466,0.0,-0.00860538952083,0.00844035154579,-0.99992735123,0.0,0.661689043078,0.260896121226,0.303232110599,1.0,-0.00048,-0.000630857142857,0.025
0.465074785075,0.547778965302,-0.123993816252,-1.35579426412,0.0795076215797,1.894089122,0.159162752819,0.00136198744772,-0.000542942837601,-0.00130781135433,-0.00433935232231,-0.000114698530352,-0.0005434669763,0.00139214585863,0.57380532341,0.818977589465,0.001976279777,0.0,0.818934749856,-0.573746608536,-0.0118933415366,0.0,-0.00860666206765,0.0084430694269,-0.999927317332,0.0,0.661685729608,0.260895710818,0.303233277871,1.0,-0.00082,-0.00107771428571,0.042
0.465077453605,0.547711947413,-0.123987791615,-1.35586344592,0.0795085503122,1.89410180991,0.159154503722,0.00105993402434,-0.00622619517609,0.000869882126374,-0.00863598981374,0.000428889111036,0.00234720283248,-0.000562422668544,0.573802132085,0.818979801756,0.00198605915799,0.0,0.818937011745,-0.573743301029,-0.0118971517981,0.0,-0.0086042045413,0.00845323117036,-0.999927252627,0.0,0.661670557758,0.260892166467,0.303249039346,1.0,-0.00114,-0.00149828571429,0.058
0.465074343507,0.547572367719,-0.123986047098,-1.35604264467,0.0795061803401,1.89413696204,0.159151704103,-0.000575256219314,-0.00561665302481,0.00129758247271,-0.0139061057763,0.000196818062922,0.00376245402865,-0.000873551926878,0.57381031962,0.818974058087,0.00198901468287,0.0,0.818931180244,-0.573751351255,-0.0119103256666,0.0,-0.0086132137134,0.008463296864,-0.99992708992,0.0,0.661640718388,0.260873682142,0.303265616545,1.0,-0.0015,-0.00197142857143,0.076
0.465058897244,0.547426346909,-0.123986073477,-1.35625132436,0.079498680421,1.89422916728,0.159144684327,7.58029152053e-05,-0.00666156976579,0.00100827748364,-0.0155032644112,-0.00451710026863,0.000222595022536,-0.0021006790689,0.573827025393,0.818962286111,0.00201637221196,0.0,0.81891973978,-0.573767917932,-0.0118988676543,0.0,-0.00858795951527,0.00847930209155,-0.999927171542,0.0,0.661619579141,0.260845645721,0.303277725321,1.0,-0.00184,-0.00241828571429,0.093
0.465039697993,0.547248497491,-0.123988496936,-1.35645022738,0.0794967545628,1.89432753681,0.159142710366,0.00022838230875,-0.00419545972575,0.000965088670567,-0.0150691315707,0.000237252409264,0.00661653165267,0.00104796158815,0.573853348022,0.81894366044,0.00208875321828,0.0,0.818902035267,-0.573793922347,-0.0118633138121,0.0,-0.00851703571565,0.00851845061792,-0.999927445419,0.0,0.661602573096,0.260814693852,0.303318398609,1.0,-0.00218,-0.00286514285714,0.11
0.465016273593,0.547034594958,-0.123988445118,-1.35671537462,0.079496225324,1.89446569231,0.159127512075,-0.00114727114594,-0.0112275399711,9.60653121255e-05,-0.0114573971951,0.000151199018857,0.00455438827851,0.000408985748511,0.573875137194,0.818928183156,0.00216901919857,0.0,0.818887502442,-0.573815288674,-0.0118329932654,0.0,-0.00844591790865,0.0085670082893,-0.999927633801,0.0,0.661582495938,0.260781826471,0.303354956005,1.0,-0.00252,-0.003312,0.127
0.464986646391,0.546824715949,-0.12398567572,-1.35702392071,0.0794895411615,1.89458948427,0.159110909759,-0.000116321375033,-0.0176851907946,0.00059373990414,-0.0207055727063,-3.03370388619e-05,0.0057481775451,-0.00217023674289,0.57389941318,0.818911095739,0.00219720921732,0.0,0.818870676096,-0.573839343387,-0.0118309218569,0.0,-0.00842779034796,0.0085891546762,-0.999927596765,0.0,0.661549416596,0.260737285803,0.30336739357,1.0,-0.00284,-0.00373257142857,0.143
0.464954787585,0.546575571667,-0.123990958782,-1.35739705085,0.0794812703046,1.89473128028,0.159028757267,0.000588234338024,-0.0188795686311,-0.00102557981044,-0.0196649162295,-0.000741334918351,0.0134825884734,-0.00948674657841,0.573880620255,0.818924206112,0.00221928825355,0.0,0.818883973962,-0.573820364456,-0.0118310365423,0.0,-0.00841541143615,0.00860710788708,-0.999927546647,0.0,0.661508646749,0.260680421226,0.30337871486,1.0,-0.00316,-0.00415314285714,0.159
0.464905829847,0.546281807991,-0.123994506802,-1.35784625765,0.0794682322859,1.89488897346,0.158927042696,-0.00597576445208,-0.0227103295966,-0.00116275344886,-0.0290577161761,-0.000285964965588,0.0111778063066,-0.00263908553998,0.573861507048,0.818937573657,0.0022289195499,0.0,0.818897342136,-0.573801088305,-0.0118406504755,0.0,-0.00841795917921,0.00862031578931,-0.999927411425,0.0,0.661459061879,0.260605110693,0.30338672149,1.0,-0.0035,-0.0046,0.176
0.464859327919,0.545968866637,-0.123986764086,-1.35840214191,0.0794427583487,1.89508097518,0.158899837618,-0.00280601890774,-0.0159123879344,0.00113202934459,-0.0336193079573,-2.11432118002e-06,0.015936453698,-0.00440980149157,0.573896215817,0.818913354585,0.0021904460236,0.0,0.818872487249,-0.57383580707,-0.0118769967704,0.0,-0.0084694379688,0.00861002525501,-0.999927065383,0.0,0.661389753851,0.260525859431,0.303360097222,1.0,-0.00386,-0.00507314285714,0.194
0.464798359914,0.545645200753,-0.123989266818,-1.35895805364,0.0793707829769,1.89526301763,0.158808045208,-0.00345561558369,-0.0176127859937,0.00128971568356,-0.0357505156395,-0.0089057948569,0.0148935312233,-0.0127797168778,0.5738845773,0.818921680859,0.00212590147946,0.0,0.818880287866,-0.573824746399,-0.0118735616104,0.0,-0.00850378587865,0.00855507741304,-0.999927245491,0.0,0.66132740483,0.260423043052,0.303340418191,1.0,-0.00418,-0.00549371428571,0.21
0.464731207879,0.545249519286,-0.123997725061,-1.35963078428,0.0793181694322,1.89548272752,0.158734933967,-0.000708456473248,-0.025184724236,-0.00103789969983,-0.0420231792299,-0.000632685366409,0.0107268029922,-0.00366256034163,0.573909070732,0.818904663814,0.00206809457638,0.0,0.818862622059,-0.573849574333,-0.0118919777091,0.0,-0.00855178546401,0.00851856323243,-0.999927147869,0.0,0.66124945341,0.260305465051,0.303319598836,1.0,-0.00452,-0.00594057142857,0.227
0.464664077691,0.544825073755,-0.124003087946,-1.36033322934,0.0792991830641,1.89571569093,0.158648006207,-0.00137251980723,-0.0234838831059,-0.00269293494042,-0.0420595339058,-0.00259208280351,0.0154468778256,-0.0024519772084,0.573930636181,0.818889616819,0.00204137711872,0.0,0.818846997426,-0.573871018539,-0.0119329706264,0.0,-0.00860046416301,0.00852043699224,-0.999926714399,0.0,0.661165392579,0.260192896467,0.303306072457,1.0,-0.00486,-0.00638742857143,0.244
0.46459699885,0.544404125491,-0.124001611382,-1.36102684505,0.0792702215819,1.89595972127,0.158571293845,-0.00482970619307,-0.0279366903278,-0.000915445200319,-0.0472957432897,-0.0014728177616,0.0139789985674,-0.00651822923889,0.573952657413,0.818874225919,0.00202387612598,0.0,0.818831229159,-0.573892962113,-0.0119596443358,0.0,-0.008632122428,0.00852164669229,-0.999926431294,0.0,0.661084368286,0.260084468534,0.303294951491,1.0,-0.00518,-0.006808,0.26
0.46453265929,0.543915624745,-0.123998839768,-1.36182679865,0.0792351301257,1.89624713467,0.158461780351,-0.00387533864073,-0.0281743793239,-0.000277318500898,-0.044913587806,-0.00130753639594,0.0226219853692,-0.0121377650538,0.573948961377,0.818876848756,0.00201077265991,0.0,0.818833523957,-0.573889166552,-0.01198463429,0.0,-0.00866014564964,0.00852522060316,-0.999926158519,0.0,0.660988551624,0.259968824047,0.303284692457,1.0,-0.00552,-0.00725485714286,0.277
0.464462194795,0.543393154958,-0.124008761371,-1.36267700133,0.0791865050182,1.89654052579,0.158349800843,-0.00279944742915,-0.0304674511359,-0.00188135984553,-0.0530193957689,-0.00677305199931,0.0185785535384,-0.0133401377633,0.573956206158,0.818871844633,0.00198050027571,0.0,0.81882811015,-0.573896524017,-0.012002193574,0.0,-0.00869182351205,0.00851058664237,-0.999926008322,0.0,0.660888395759,0.259834478648,0.303275408692,1.0,-0.00586,-0.00770171428571,0.294
0.464394337952,0.54287093775,-0.12400424231,-1.36351246567,0.0791322941565,1.89684008265,0.158251893033,-0.00351877900072,-0.0360000130665,0.000846886174292,-0.0531990124635,-0.00126151571758,0.0187322370546,-0.00805023987426,0.573960426137,0.818868918289,0.0019674322177,0.0,0.81882500267,-0.573900788728,-0.0120102706517,0.0,-0.00870589405085,0.00850456649145,-0.999925937136,0.0,0.660789059934,0.259711493467,0.303272948607,1.0,-0.00618,-0.00812228571429,0.31
0.464329527432,0.542266698408,-0.124000587325,-1.36443730961,0.0790836888685,1.89717677919,0.158131100703,-0.00139731611825,-0.0357685593277,0.00689192741399,-0.0498744108387,-0.000737908345535,0.0166392337725,-0.00336747140652,0.573950417209,0.818875888273,0.0019862253615,0.0,0.818832117416,-0.573890602634,-0.012011935604,0.0,-0.00869657580395,0.00852080462171,-0.999925879982,0.0,0.66067766418,0.259583925482,0.303289153627,1.0,-0.00652,-0.00856914285714,0.327
0.46423905822,0.541604938048,-0.124010127443,-1.36545419685,0.0790225793684,1.89755019343,0.157976134094,-0.00485477908813,-0.0406645074419,-0.00135570752941,-0.0546558516538,-0.000244751891238,0.0202920904079,-0.0153005286825,0.573951481359,0.818875123967,0.00199381415011,0.0,0.818831438345,-0.573891620829,-0.0120095804104,0.0,-0.00869028072792,0.00852567832108,-0.999925893169,0.0,0.660569664022,0.259431445103,0.303298778645,1.0,-0.00686,-0.009016,0.344
0.464156784141,0.540991797226,-0.124008109966,-1.36641624949,0.0789657040156,1.89790369823,0.157869442091,-0.00384389544004,-0.0365634291,-0.000792354300402,-0.0643721322375,-0.000199680112339,0.0188691333053,-0.00174442351705,0.573961174753,0.818868303896,0.00200440788399,0.0,0.818824769614,-0.573901280907,-0.0120026389582,0.0,-0.00867841544031,0.00853047181844,-0.999925955337,0.0,0.660452754924,0.259277523656,0.30331185825,1.0,-0.0072,-0.00946285714286,0.361
0.464053034699,0.540276027365,-0.124008422188,-1.367481775,0.0789090683042,1.89830515885,0.157732970982,-0.00606821299246,-0.0441375489623,2.69181769096e-05,-0.0615754794638,-0.00484877621235,0.0250280909952,-0.00896359567505,0.573978504294,0.818856037052,0.00205282544247,0.0,0.818813072042,-0.573918342634,-0.0119848213466,0.0,-0.00863585540398,0.00856007494564,-0.999926070826,0.0,0.660335700141,0.25910982338,0.30334541168,1.0,-0.00754,-0.00990971428571,0.378
0.463950507258,0.539539922549,-0.124010899936,-1.36864323277,0.0788356623718,1.89874378052,0.157589100403,-0.0114182356698,-0.0424109940571,0.00142396628258,-0.0711294497626,-0.00842930706244,0.0197130825761,-0.00921966496061,0.573991111939,0.818847180014,0.00206060636363,0.0,0.818804359601,-0.573930958911,-0.0119758925871,0.0,-0.00862394612457,0.00856145421101,-0.999926161801,0.0,0.660205311785,0.258930370711,0.303350838553,1.0,-0.00788,-0.0103565714286,0.395
0.463859356971,0.53883129797,-0.124019436118,-1.36973650555,0.0787718819041,1.89916319649,0.157450219378,-0.00445847025044,-0.0421128224635,-0.000265271431193,-0.0673945663253,-0.00429428759964,0.0285850806736,-0.00335167149984,0.574001474855,0.818839844996,0.0020885431985,0.0,0.818797423325,-0.573941238671,-0.0119574666881,0.0,-0.00859271453542,0.00857386237732,-0.999926324356,0.0,0.660083822469,0.258762912974,0.303367728194,1.0,-0.0082,-0.0107771428571,0.411
0.46374094459,0.538049202685,-0.124025879452,-1.37095891339,0.0786964276199,1.89963549221,0.157310246316,-0.0115542090671,-0.0423643934093,-0.00480474814956,-0.0722399609325,-0.00362182272116,0.0336636960539,-0.00663835626303,0.574035759695,0.818815750859,0.00211178535456,0.0,0.818773697495,-0.573975488784,-0.0119380679528,0.0,-0.00856312991028,0.00858211744202,-0.999926507333,0.0,0.659951916171,0.258566020362,0.303379438268,1.0,-0.00854,-0.011224,0.428
0.463621768021,0.537143084489,-0.124029354763,-1.37237750051,0.078613413038,1.90015959541,0.157133657501,-0.00459826686203,-0.0498134508207,-1.62120196258e-05,-0.0773837575291,-0.00743636079524,0.0300084713654,-0.00226198780051,0.574047141927,0.818807745493,0.00212171317749,0.0,0.818765798672,-0.573986805987,-0.0119356767195,0.0,-0.00855535389272,0.00858899265682,-0.999926514862,0.0,0.65978779432,0.258350997701,0.303389596276,1.0,-0.00892,-0.0117234285714,0.447
0.463517297156,0.536391956598,-0.124043191561,-1.37354609732,0.0785618918472,1.90060878429,0.156993899303,-0.00856460468134,-0.0516260864791,-0.00484895896001,-0.0799491347663,-0.00952120509152,0.0360611234755,-0.0123019532782,0.574078625555,0.818785585942,0.00215472417521,0.0,0.818743980164,-0.574018061154,-0.011929262984,0.0,-0.00853082223356,0.00861266816563,-0.99992652081,0.0,0.659659139435,0.258167318748,0.303403041209,1.0,-0.00922,-0.0121177142857,0.462
0.463394527226,0.535470293904,-0.124043295701,-1.37500645505,0.0784736684371,1.90113163888,0.156806577226,-0.00728495159825,-0.0540795627592,0.0018426160639,-0.0819840531962,-0.00399161955777,0.0334063730668,-0.00587365276151,0.574082340987,0.818783016682,0.00214108857621,0.0,0.818741189685,-0.574021787896,-0.0119414503028,0.0,-0.00854858979676,0.00860853889377,-0.999926404627,0.0,0.659485271608,0.257946238563,0.303403727621,1.0,-0.00958,-0.0125908571429,0.48
0.463255591428,0.534458138479,-0.124048327481,-1.3766252266,0.0783781298781,1.90172100999,0.156610589684,-0.0104151724148,-0.0564017201007,0.000686674569993,-0.0847021084932,-0.000508032065938,0.0395283871602,-0.00822933114128,0.574102311716,0.81876905463,0.0021255031492,0.0,0.818726993258,-0.574041788684,-0.0119533366355,0.0,-0.00856705944957,0.00860281062845,-0.999926295855,0.0,0.65929554647,0.257697369259,0.303398596608,1.0,-0.00996,-0.0130902857143,0.499
0.463161871992,0.533758434594,-0.12405233459,-1.37775234303,0.0783096980825,1.90213726076,0.156467696677,-0.00367975355707,-0.0489822372627,-0.000126287139039,-0.0822894601637,-0.00337572584119,0.0316523486806,-0.00800504537268,0.574108259134,0.818764914443,0.00211389964191,0.0,0.818722706028,-0.574047787425,-0.0119588999271,0.0,-0.00857821342058,0.00859656636397,-0.999926253931,0.0,0.659163658502,0.257525822547,0.303391862552,1.0,-0.01022,-0.013432,0.512
0.463026407571,0.532761546061,-0.124055340585,-1.37935723821,0.078224733488,1.90275177951,0.156260749115,-0.00843969304113,-0.0607556927024,-0.000485875159699,-0.0881167007032,-0.00403527445047,0.0381158500854,-0.0201126736066,0.574117009055,0.818758755101,0.00212314863772,0.0,0.818716578687,-0.574056409215,-0.0119645193272,0.0,-0.00857741300828,0.00860745675983,-0.999926167111,0.0,0.65897907031,0.257285306642,0.3033843288,1.0,-0.01058,-0.0139051428571,0.53
0.462898394861,0.531783285189,-0.124047493707,-1.38091946083,0.0781376820546,1.90331965253,0.156067384208,-0.012311619295,-0.0591764030443,-0.00540051222516,-0.0980280355731,-0.000369494533663,0.0436485819882,-0.00699178223133,0.574119819459,0.818756806257,0.00211471336493,0.0,0.818714376049,-0.574059110091,-0.0119856361499,0.0,-0.00859951627,0.00861270331679,-0.999925932088,0.0,0.658789904138,0.257057367334,0.303379340718,1.0,-0.01092,-0.014352,0.547
0.462782636998,0.53090024052,-0.124052241459,-1.38234336201,0.0780410276025,1.90382779126,0.155892324721,-0.0062951496226,-0.0580147625719,-0.00125479589838,-0.100792157021,-0.0100074866062,0.0331771347556,-0.00529987605488,0.574126074082,0.818752510875,0.0020793982528,0.0,0.818709687523,-0.574065578876,-0.0119960663126,0.0,-0.00862826457317,0.00858984333135,-0.999925881074,0.0,0.658618434408,0.25683978511,0.303368088742,1.0,-0.01122,-0.0147462857143,0.562
0.462634557409,0.52980908617,-0.12405554962,-1.38408405804,0.0779374105332,1.90445586324,0.155661752922,-0.0116331161423,-0.0611922598317,0.000661075179994,-0.0921991252241,-0.000559146574282,0.036035296643,-0.00390156162148,0.574127562458,0.818751513959,0.00206090195116,0.0,0.818708398459,-0.574067094369,-0.0120115093295,0.0,-0.00865151202201,0.00858358156915,-0.999925733976,0.0,0.658410334144,0.256573907419,0.303362837906,1.0,-0.01158,-0.0152194285714,0.58
0.462499009261,0.528818588339,-0.124055904344,-1.38565715374,0.0778433908275,1.90504042616,0.155446560665,-0.00533040433086,-0.0576470877573,0.000157828616435,-0.0983525736988,-0.00620321715697,0.036517997768,-0.0129039698284,0.574122697546,0.818754921788,0.00206230747278,0.0,0.818711793643,-0.574062193389,-0.0120143236159,0.0,-0.00865306043946,0.00858629664648,-0.999925697267,0.0,0.658225184443,0.25633519375,0.303362349292,1.0,-0.0119,-0.01564,0.596
0.462371064241,0.527776318247,-0.124064863902,-1.38727466695,0.0777330807433,1.90567163408,0.155220129583,-0.0119408874468,-0.0670675814049,-0.00227333897745,-0.0974921611997,-0.0124586416228,0.0366450769227,-0.00987435849808,0.574106431434,0.818766233,0.0020995204043,0.0,0.818723771554,-0.574045953914,-0.0119739545594,0.0,-0.00859881402925,0.00859341703599,-0.99992610406,0.0,0.65804079082,0.25609244039,0.303381228505,1.0,-0.01222,-0.0160605714286,0.612
0.46221495308,0.526540637118,-0.12406484426,-1.38918293349,0.0776249929577,1.90639627451,0.154958730532,-0.0113510762956,-0.0699402947606,-0.000899314793255,-0.109906944936,-0.0138466901661,0.0437809125291,-0.0109484867981,0.574094325457,0.818774597595,0.00214725679131,0.0,0.818732692749,-0.574033586151,-0.0119568681636,0.0,-0.00855754716216,0.00862256550885,-0.999926207153,0.0,0.657816526573,0.255811119076,0.303405403671,1.0,-0.01258,-0.0165337142857,0.63
0.462064776946,0.525370454854,-0.124067799794,-1.39100760599,0.0775031689049,1.90705430941,0.154708877525,-0.0107626445311,-0.0669494514996,-0.000943562703703,-0.105494971956,-0.0103289011614,0.0435442911278,-0.0181066694744,0.574080135888,0.818784555495,0.00214386646143,0.0,0.818742669051,-0.574019475354,-0.0119511795006,0.0,-0.00855498480358,0.00861637559238,-0.999926282436,0.0,0.657596147064,0.255534373314,0.303417243893,1.0,-0.01292,-0.0169805714286,0.647
0.461914196177,0.524260087112,-0.124066652828,-1.3927687882,0.0773897476217,1.90768293289,0.154464653008,-0.0137435757,-0.0724102191112,0.00209836992843,-0.111823467208,-0.0124185151764,0.0450678664865,-0.0177349524469,0.574066608222,0.818794097337,0.0021218841123,0.0,0.818751913556,-0.574006029095,-0.011963674682,0.0,-0.00857797709119,0.00860540850461,-0.999926179902,0.0,0.657381377145,0.255265901241,0.303414280769,1.0,-0.01324,-0.0174011428571,0.663
0.461744885211,0.522993117409,-0.124072322081,-1.39480957301,0.0772709590984,1.90844513732,0.154198384307,-0.00346658860807,-0.0719162855269,0.00076316484248,-0.1174562091,-0.00359299610888,0.0497911949231,-0.017100485412,0.574068821303,0.818792572403,0.00211156017672,0.0,0.818750208419,-0.574008238959,-0.0119743359949,0.0,-0.00859260986797,0.00860309892158,-0.99992607414,0.0,0.657137648104,0.254958214615,0.303399873031,1.0,-0.0136,-0.0178742857143,0.681
0.461579120773,0.521755672355,-0.124074837958,-1.39675483997,0.0771497478985,1.90921018399,0.153917775871,-0.0157285912165,-0.0675053951177,-0.000469947851832,-0.111210787323,-0.00509739781701,0.0471228229181,-0.020824271905,0.574048254262,0.818806877112,0.0021556145348,0.0,0.818765161267,-0.573987567226,-0.0119427914182,0.0,-0.00854170825678,0.00862084662487,-0.9999263574,0.0,0.656914037836,0.254665471724,0.303409934261,1.0,-0.01394,-0.0183211428571,0.698
0.461433010558,0.52065228946,-0.124078004905,-1.39854073308,0.0770366701107,1.90986853032,0.153694276584,-0.00680953840397,-0.0745689723405,0.00110361045323,-0.120753973999,-0.013436675225,0.0422514334747,-0.0165836340735,0.57405196104,0.818804344745,0.00213024749917,0.0,0.818762316146,-0.573991395605,-0.0119538417131,0.0,-0.0085652787042,0.00860645835473,-0.99992627972,0.0,0.656697248201,0.254396572277,0.303392150029,1.0,-0.01424,-0.0187154285714,0.713
0.46125549039,0.519244833768,-0.124089617358,-1.40072522519,0.0768938382298,1.91064307329,0.153389126522,-0.00750400329242,-0.0776236742034,-0.00158033915513,-0.125441156531,-0.0153399788462,0.0442445114211,-0.0214304240686,0.574033105328,0.818817587105,0.0021213051846,0.0,0.818775503113,-0.573972640486,-0.0119511663535,0.0,-0.00856841902721,0.00859740338063,-0.999926330712,0.0,0.65642840401,0.25406196534,0.303408113532,1.0,-0.0146,-0.0191885714286,0.731
0.461073089067,0.517873749422,-0.124090406744,-1.40283268077,0.076758526418,1.91140521905,0.153111674535,-0.0102313601129,-0.0783899351488,-0.000261501084901,-0.125656338896,-0.0075968780758,0.0433783255878,-0.0178576797994,0.574030942334,0.818819054657,0.00214006412017,0.0,0.818777227012,-0.573970412678,-0.0119400501467,0.0,-0.008548571674,0.00860635970229,-0.999926423541,0.0,0.656171917948,0.253739543952,0.303433345735,1.0,-0.01494,-0.0196354285714,0.748
0.460919204788,0.516686113811,-0.124098813274,-1.40471473765,0.0766340874337,1.91209132034,0.152849884529,-0.00753414185977,-0.0767327345627,-0.00261165334287,-0.125600352669,-0.0110989726533,0.0426331307414,-0.0171605182327,0.574014465843,0.818830643663,0.00212530051585,0.0,0.818788701234,-0.573954076766,-0.0119384838038,0.0,-0.00855593621026,0.00859319989842,-0.999926473732,0.0,0.655941987062,0.253452380033,0.303430459527,1.0,-0.01524,-0.0200297142857,0.763
0.460715900457,0.515220883915,-0.124104869055,-1.40701981767,0.0764996492726,1.91297177094,0.152532489927,-0.0106664405195,-0.0825829028796,-0.000617071352381,-0.131138225018,-0.00797610763581,0.0523480428361,-0.0219921414354,0.574010986192,0.818832992397,0.00215990601214,0.0,0.818791476167,-0.573950431456,-0.0119234092719,0.0,-0.00852376601504,0.00861284637098,-0.99992657945,0.0,0.655669669582,0.253099169673,0.303437331127,1.0,-0.0156,-0.0205028571429,0.781
0.460536530816,0.513824593778,-0.124107093093,-1.40927880372,0.0763567429189,1.91376600979,0.152225646362,-0.011697142971,-0.0868023472651,-0.000803991439018,-0.139680426603,-0.00968885599256,0.044147438016,-0.0179526411149,0.573988221367,0.818849110204,0.00209841609165,0.0,0.818806737929,-0.573927866766,-0.0119614619753,0.0,-0.00859045841712,0.00858410078954,-0.9999262559,0.0,0.655381864929,0.252761399077,0.303409769676,1.0,-0.01594,-0.0209497142857,0.798
0.460351441282,0.512514014856,-0.124107409954,-1.41142585639,0.0762372804279,1.91451018786,0.151919711339,-0.00752698303568,-0.0801365343267,-0.000614529219542,-0.131665123204,-0.00660060427694,0.0472270474896,-0.0248600121197,0.573969756469,0.818862234211,0.00202655930851,0.0,0.818818693846,-0.573909476894,-0.0120252168813,0.0,-0.0086841015655,0.00856166028933,-0.999925639412,0.0,0.655107323627,0.252433586007,0.303370662296,1.0,-0.01626,-0.0213702857143,0.814
0.460148123649,0.511064540424,-0.124112769456,-1.41372261898,0.0760952610981,1.91538141722,0.151591516362,-0.0183421024433,-0.0890175054629,-0.000501255402136,-0.136409771399,-0.0121422657398,0.0564648092994,-0.0162827002255,0.573953262642,0.81887375418,0.00204301729894,0.0,0.818830456211,-0.573892942522,-0.0120133844457,0.0,-0.00866513884288,0.00856817094873,-0.999925748151,0.0,0.65483229767,0.252079931783,0.303368261065,1.0,-0.0166,-0.0218171428571,0.831
0.459950300896,0.50958730464,-0.124115286964,-1.41608456288,0.0759424974327,1.91627224599,0.151266900613,-0.0112094762574,-0.0875806053877,-0.000907071671755,-0.139220546938,-0.00181851284517,0.0532185310815,-0.0127973326296,0.573933191741,0.818887826735,0.00204096629733,0.0,0.818844564759,-0.573872944867,-0.0120070319418,0.0,-0.00866132371023,0.00856263318232,-0.999925828642,0.0,0.654543975492,0.251723853606,0.303355405164,1.0,-0.01694,-0.022264,0.848
0.459751816158,0.508175501555,-0.124121588462,-1.41832204448,0.075799909205,1.91705738565,0.150960216364,-0.0110613712088,-0.0964616626776,-0.000975248706198,-0.137848193835,-0.00473140435895,0.0511002244307,-0.0236060342747,0.57392651798,0.818892598074,0.00200291776466,0.0,0.818848810915,-0.573866405492,-0.0120299796987,0.0,-0.008702021653,0.00854457569934,-0.999925629757,0.0,0.654262087864,0.251373663775,0.30334646025,1.0,-0.01726,-0.0226845714286,0.864
0.459533062927,0.506553996674,-0.124121299807,-1.42089150319,0.0756406240327,1.91798894226,0.150596056184,-0.00724864856553,-0.09075400605,7.71368502359e-05,-0.14722656492,-0.00309782239536,0.0540812585732,-0.0235768030063,0.573897167824,0.818913203938,0.00198798390929,0.0,0.818869153916,-0.573837056492,-0.0120452589037,0.0,-0.00872341067888,0.00854080310925,-0.999925475617,0.0,0.65393905103,0.250984717262,0.303338161782,1.0,-0.01762,-0.0231577142857,0.882
0.459310837206,0.50493686058,-0.124124904834,-1.42334067831,0.0754853030959,1.91895463122,0.150264362955,-0.0136138613187,-0.102603049013,0.00112058936297,-0.14271190785,-0.0141457135108,0.0597420109498,-0.0173664037447,0.573894794499,0.818914597417,0.00209615971625,0.0,0.818872079753,-0.573834345165,-0.011975316759,0.0,-0.00860407891967,0.00858922398598,-0.999926094798,0.0,0.65365203719,0.250608377929,0.303386426861,1.0,-0.01796,-0.0236045714286,0.899
0.459099578938,0.503375578157,-0.124128181083,-1.42566400101,0.075340332521,1.91983780264,0.149938232398,-0.0171008145785,-0.0974353653203,-0.000913558303734,-0.140457214534,-0.0082621916323,0.050575617936,-0.0244199607839,0.573883384677,0.818922327026,0.00219772405938,0.0,0.818881179032,-0.573822566672,-0.0119173615878,0.0,-0.00849845344444,0.00863901700119,-0.999926569141,0.0,0.653372895213,0.250249799603,0.303447777736,1.0,-0.01828,-0.0240251428571,0.915
0.458865541517,0.50168531977,-0.124134829133,-1.42817518198,0.0751770679463,1.92076656096,0.149587807112,-0.0146651570416,-0.094677667664,0.00481190029623,-0.147804115057,-0.00489994803222,0.0539312602178,-0.0240049202254,0.573877135083,0.818926468298,0.00228478663789,0.0,0.818886536627,-0.573816055902,-0.0118625891314,0.0,-0.0084037027624,0.00867881677632,-0.999927025297,0.0,0.653067496682,0.249854063222,0.303513200577,1.0,-0.01862,-0.024472,0.932
0.458621991853,0.499857039448,-0.124129839323,-1.43093817687,0.0750028578517,1.92173638888,0.149210245278,-0.0169603298102,-0.0926726112385,0.000948531225115,-0.145869245406,-0.0151528892521,0.0577797584421,-0.0230991325763,0.573857267528,0.818940300223,0.00231691142137,0.0,0.818900686067,-0.573795960925,-0.0118578449455,0.0,-0.00838159405592,0.008702198396,-0.999927007648,0.0,0.652712396557,0.249432087209,0.303557622261,1.0,-0.01898,-0.0249451428571,0.95
0.458400847754,0.49838007401,-0.124132025787,-1.43326399558,0.0748512339999,1.92260493862,0.148873922363,-0.0125707795255,-0.0901492271741,0.00180772639503,-0.156112807838,-0.0110603415284,0.0587558160227,-0.0244926790863,0.573841801019,0.818951107662,0.00232756602473,0.0,0.818911681614,-0.573780506272,-0.011846317547,0.0,-0.00836620394011,0.00870415078586,-0.99992711954,0.0,0.652426985828,0.249064565085,0.303556009549,1.0,-0.01928,-0.0253394285714,0.965
0.458122337275,0.496594921767,-0.124130930783,-1.43608792608,0.0746801999004,1.92361359575,0.148452173152,-0.0159558370555,-0.0998576558229,0.000228346534924,-0.15414529134,-0.0168261627391,0.0575913231013,-0.0214242570342,0.573820466076,0.818966121072,0.00230481003787,0.0,0.818926253711,-0.573759112322,-0.0118751383455,0.0,-0.00840309201214,0.00870183440721,-0.999926830384,0.0,0.652070719769,0.248613072324,0.303543651563,1.0,-0.01964,-0.0258125714286,0.983
0.457850833759,0.494906373382,-0.124140059374,-1.43882238917,0.0745112080149,1.92455098995,0.148065016421,-0.0151354356819,-0.101001217174,-0.00169771199106,-0.162672512654,-0.0112862542367,0.054964422331,-0.0248315247365,0.573824302935,0.818963689356,0.00221173673318,0.0,0.818922472612,-0.573763179959,-0.011939182377,0.0,-0.00850890756891,0.00866240069744,-0.999926277936,0.0,0.651718388702,0.248165233601,0.303500084746,1.0,-0.01998,-0.0262594285714,1.0
0.457591913186,0.493234719804,-0.124155599888,-1.44150092615,0.0743414345829,1.92553214476,0.147690928798,-0.0141130231532,-0.107947904734,-0.0017652422087,-0.176778490515,-0.00986924807797,0.0699456429128,-0.0244421646518,0.573829922678,0.818959829318,0.00218282010458,0.0,0.818918267742,-0.57376894936,-0.0119503309648,0.0,-0.00853457092615,0.00864517519878,-0.9999262083,0.0,0.651385016098,0.247731116505,0.303474688461,1.0,-0.0227571428571,-0.0299093877551,1.016
0.457290480507,0.491190157698,-0.124184731468,-1.44473872405,0.0741520371218,1.92671720712,0.147227088669,-0.0225692049135,-0.128791290893,-8.74279889923e-05,-0.202131889946,-0.00754962929388,0.070590572082,-0.029073063956,0.573829039021,0.818960469963,0.00217474497733,0.0,0.818918748667,-0.573768043784,-0.0119608492735,0.0,-0.00854782814299,0.00864458851511,-0.999926100131,0.0,0.650979424824,0.247210738208,0.303459959735,1.0,-0.0259045714286,-0.0340460081633,1.033
0.456932371029,0.488908409427,-0.124196552128,-1.44841580004,0.07393290736,1.92802232816,0.146695048661,-0.0220646503676,-0.146289680915,-0.00259040526623,-0.225604762966,-0.0119595760422,0.0774911790311,-0.0295407845138,0.573819043818,0.818967667065,0.00210051307628,0.0,0.818924773466,-0.573758153986,-0.0120226053149,0.0,-0.0086411048898,0.0086191280261,-0.999925518195,0.0,0.650506700481,0.246618357758,0.303410024399,1.0,-0.029052,-0.0381826285714,1.05
0.456537717586,0.486458233991,-0.124220326526,-1.45222186184,0.0736980875057,1.92949042512,0.14614528653,-0.029977053808,-0.157293430067,-0.000156048111644,-0.242228550957,-0.0143802321872,0.0928343837651,-0.0399749552653,0.573834748848,0.818956432897,0.00218836314472,0.0,0.818914804876,-0.573773611678,-0.0119637702451,0.0,-0.00854234604533,0.00865747675477,-0.999926035475,0.0,0.650049631493,0.245990692937,0.303428765794,1.0,-0.0320142857143,-0.0420759183673,1.066
0.456053268427,0.483430680265,-0.124258234942,-1.45688395866,0.0734024210389,1.93116237563,0.145425109794,-0.0287513002874,-0.176126474185,-0.00195878131083,-0.273134054191,-0.0126850633908,0.0960970864355,-0.0391504590303,0.573818227526,0.818967945377,0.00221203648721,0.0,0.818926678746,-0.57375704934,-0.0119452949399,0.0,-0.00851380604306,0.00866609051253,-0.999926204268,0.0,0.649464264625,0.245207245797,0.303457283378,1.0,-0.0353468571429,-0.0464558693878,1.084
0.455572110603,0.480478224701,-0.12430906089,-1.46151838209,0.0731215030231,1.93277757034,0.144722768467,-0.0358239020053,-0.186570429934,-0.00246316938291,-0.297336301048,-0.0213014022022,0.10374423089,-0.0456328280245,0.573823443318,0.818964463167,0.00214729343069,0.0,0.818922219486,-0.573762396463,-0.0119940709709,0.0,-0.00859084706963,0.00864111177427,-0.999925761511,0.0,0.648830133444,0.244372027225,0.303436044888,1.0,-0.0384942857143,-0.0505924897959,1.101
0.455051483543,0.477265258047,-0.124342081823,-1.46641665684,0.0728216453025,1.93455476042,0.144017169785,-0.0322313682856,-0.202299575727,-0.000273952069434,-0.312214890649,-0.0179350200139,0.112328886731,-0.0460839081657,0.573853289487,0.818943330222,0.00222955851775,0.0,0.818902150557,-0.573791891411,-0.0119532449475,0.0,-0.00850989146709,0.00868536641834,-0.999926070346,0.0,0.648252290467,0.243597531737,0.303489591383,1.0,-0.0412714285714,-0.0542424489796,1.116
0.454400159701,0.473404168845,-0.12437969866,-1.47234565754,0.0724599569162,1.93672398202,0.143170801533,-0.0412634915514,-0.218802205003,0.000509663156247,-0.342371873577,-0.0248308177149,0.118913440631,-0.046675214768,0.573908695611,0.81890426747,0.00231445952986,0.0,0.818864137509,-0.573846890318,-0.0119171168966,0.0,-0.00843099480133,0.00873473309096,-0.999926308667,0.0,0.647506582342,0.242591791952,0.303528094672,1.0,-0.044604,-0.0586224,1.134
0.453747456964,0.469500516917,-0.124396787093,-1.47830739386,0.0720971128088,1.93886389979,0.142248613917,-0.0397439611905,-0.238554478599,0.00230372545489,-0.351662991301,-0.0257686030942,0.139163231908,-0.0614815054112,0.573886623839,0.81891951334,0.00239176729,0.0,0.818880160744,-0.573824275851,-0.0119050277548,0.0,-0.00837696668468,0.00879087621944,-0.999926270744,0.0,0.646737544812,0.241592762491,0.303573674739,1.0,-0.0477514285714,-0.0627590204082,1.151
0.45310129936,0.465586635175,-0.124409328981,-1.48421178537,0.071707910519,1.94106574303,0.141293940946,-0.0395446097957,-0.246287390182,-0.00246761731526,-0.380063889304,-0.0266617366866,0.134970379692,-0.0633745121046,0.573816397162,0.818968209559,0.00256144123832,0.0,0.81893121464,-0.573753568106,-0.011800664178,0.0,-0.00819489054052,0.00886922954741,-0.99992708761,0.0,0.645988004564,0.240608294511,0.30365505194,1.0,-0.0507137142857,-0.0666523102041,1.167
0.452342789049,0.461210573944,-0.124422466264,-1.49101262284,0.071258019104,1.9433791322,0.140280266618,-0.0431673274101,-0.255028029047,-0.00314956685102,-0.408680270425,-0.0238506217535,0.145277426468,-0.0575567162787,0.573811682132,0.818971817256,0.00246229346833,0.0,0.818933296744,-0.573748977438,-0.0118791108489,0.0,-0.00831607875003,0.0088329967486,-0.999926407793,0.0,0.645072008563,0.23945081811,0.303634447584,1.0,-0.0538611428571,-0.0707889306122,1.184
0.451551689816,0.45663692897,-0.124431723111,-1.4981096511,0.070770571241,1.94587749981,0.139201951624,-0.0445684733916,-0.272183636108,0.000516134695937,-0.416831864151,-0.029968845642,0.154426316315,-0.0617966792675,0.573777680559,0.818995752745,0.00242428933973,0.0,0.818956745852,-0.57371513704,-0.0118969263233,0.0,-0.00835284145686,0.00881174855372,-0.999926288847,0.0,0.644124275529,0.238250018631,0.303620097841,1.0,-0.0570085714286,-0.0749255510204,1.201
0.450730270685,0.452085973646,-0.124460724157,-1.50504157244,0.070299406296,1.94839752698,0.138068773426,-0.0521605424998,-0.294313844268,-0.00168065649054,-0.429083507508,-0.0266051912187,0.169143123841,-0.0757952809581,0.573731692769,0.81902766769,0.00252411792917,0.0,0.818990153004,-0.573668977269,-0.0118228889034,0.0,-0.00823542353041,0.00885056419377,-0.999926919986,0.0,0.643223891132,0.23704244496,0.303665969558,1.0,-0.0599708571429,-0.0788188408163,1.217
0.44976171181,0.446663109342,-0.124513467496,-1.51318923659,0.0697504600947,1.95136282075,0.136860474057,-0.0536446624228,-0.303199131972,-0.00309285171112,-0.463347920874,-0.0309648395622,0.160826175195,-0.0727333204133,0.573791850074,0.818984941285,0.0027065915533,0.0,0.818950080128,-0.573728770769,-0.011696612809,0.0,-0.00802665484772,0.00892815636738,-0.999927927821,0.0,0.642161733178,0.235613942416,0.303764621132,1.0,-0.0633034285714,-0.0831987918367,1.235
0.448787143015,0.44137932061,-0.124543882303,-1.52143692152,0.0691903635025,1.95409250013,0.13558888455,-0.0568764926377,-0.312074256913,-0.000931559130437,-0.496359045914,-0.03396239722,0.159177177547,-0.0769538729906,0.573783562296,0.818991406843,0.00249921134098,0.0,0.81895352529,-0.573720888494,-0.0118411326018,0.0,-0.00826409520656,0.00884115540369,-0.999926766669,0.0,0.641008143952,0.234166906825,0.303693300817,1.0,-0.0664508571429,-0.0873354122449,1.252
0.447810933246,0.436215136914,-0.12455954017,-1.52939827336,0.0686582888667,1.95687198695,0.134286288428,-0.0589255422042,-0.338064139927,-0.000345896839669,-0.502457331811,-0.0351901347185,0.190837485813,-0.0748158788116,0.573731470216,0.819027959643,0.00247957818268,0.0,0.818989615065,-0.573668656816,-0.0118755843808,0.0,-0.00830413923983,0.00884431554829,-0.999926406969,0.0,0.639918717204,0.232769061006,0.303673635224,1.0,-0.0694131428571,-0.0912287020408,1.268
0.446693721892,0.430480662931,-0.124580813144,-1.53797946803,0.0680673234086,1.96003259881,0.13288866591,-0.0688008576896,-0.33417963066,-0.00098925544558,-0.514806263718,-0.0354566160707,0.184791638142,-0.0794813120324,0.573726813447,0.819030437463,0.00272634245706,0.0,0.818995576207,-0.573663387115,-0.0117179920803,0.0,-0.00803354400195,0.00895596109777,-0.999927623847,0.0,0.638786208768,0.231230658988,0.303773439101,1.0,-0.0725605714286,-0.095365322449,1.285
0.445508777173,0.4245619719,-0.124661450016,-1.54713541169,0.0673945314586,1.96304519081,0.131389000202,-0.0708967051145,-0.354562314456,-0.00715837913657,-0.540301746253,-0.0350541471435,0.180891805332,-0.0945109308907,0.573730787105,0.81902838876,0.00249584344387,0.0,0.818990671847,-0.573668355833,-0.0118170996494,0.0,-0.00824691245938,0.00882407627286,-0.999927059396,0.0,0.637498308434,0.229531068405,0.303706653732,1.0,-0.075708,-0.0995019428571,1.302
0.444328898981,0.418771226971,-0.124746503183,-1.55600789051,0.0667630377165,1.96601021455,0.129984937816,-0.0748381617369,-0.367737542585,-0.00381575679773,-0.543739215564,-0.0376118188144,0.194495241287,-0.0890991275118,0.573806520585,0.818975711089,0.00236822315762,0.0,0.81893640136,-0.573744641245,-0.0118745134986,0.0,-0.00836634386841,0.00875326595207,-0.999926689626,0.0,0.636254057565,0.22786990579,0.30367528082,1.0,-0.0786702857143,-0.103395232653,1.318
0.44300720163,0.412331226415,-0.124772931375,-1.56552708466,0.0661137269967,1.96950675951,0.128371637302,-0.0793367226947,-0.386181068922,-0.000687790947097,-0.571994743419,-0.0449903816975,0.201895463281,-0.10485500896,0.573801361346,0.818978264747,0.00271044102161,0.0,0.818943586666,-0.573738415494,-0.0116781567795,0.0,-0.00800922664015,0.00892081230307,-0.999928133116,0.0,0.634970208723,0.226121098842,0.30381059589,1.0,-0.0818177142857,-0.107531853061,1.335
0.441536064757,0.40540876575,-0.124828400046,-1.57613435425,0.0653603215411,1.97299014899,0.126638674304,-0.0804206106369,-0.385574769579,-0.00534115827508,-0.602097801086,-0.042883204696,0.196309891076,-0.0891756884919,0.57384684245,0.818946994489,0.00252359460414,0.0,0.818909594651,-0.573784244964,-0.0118094419857,0.0,-0.00822346652348,0.00884357709521,-0.999927080213,0.0,0.633436798616,0.224129561522,0.303744553453,1.0,-0.0851502857143,-0.111911804082,1.353
0.4402316356,0.399434853755,-0.124905178823,-1.5850706815,0.0647350531035,1.97609836848,0.125106702509,-0.0878170445583,-0.408974444822,-0.00230997719153,-0.59580684462,-0.0447854401779,0.219847197738,-0.103107807632,0.573899223754,0.818909956727,0.00262881151169,0.0,0.818874034086,-0.573836351266,-0.0117433030243,0.0,-0.0081083562764,0.00889230918188,-0.999927588076,0.0,0.632188105922,0.22241083727,0.303790378319,1.0,-0.0879274285714,-0.115561763265,1.368
0.438589268636,0.392059277491,-0.124923842656,-1.59610508195,0.063880902869,1.97989929493,0.123223420698,-0.0907159796494,-0.40172139748,-0.00013044325391,-0.621570501765,-0.0445029719275,0.201577540165,-0.106621946902,0.573903413768,0.818906791053,0.00269928382094,0.0,0.818872210567,-0.573840763524,-0.0116545175741,0.0,-0.00799515843071,0.0088991072664,-0.999928439105,0.0,0.630613309621,0.220304538203,0.303828821882,1.0,-0.09126,-0.119941714286,1.386
0.436993289005,0.384946287062,-0.12497799008,-1.60700629131,0.0630677172233,1.98335629596,0.121306048871,-0.092394076404,-0.4200658402,-0.00197167123908,-0.646681468361,-0.0490333231559,0.208854614865,-0.114773590303,0.573865198016,0.818934513028,0.00239682672786,0.0,0.818895652801,-0.57380328118,-0.0118512122475,0.0,-0.00833022007235,0.00876391798366,-0.999926897916,0.0,0.628970932817,0.218209937039,0.303713712518,1.0,-0.0944074285714,-0.124078334694,1.403
