position_joint1,position_joint2,position_joint3,position_joint4,position_joint5,position_joint6,position_joint7,velocity_joint1,velocity_joint2,velocity_joint3,velocity_joint4,velocity_joint5,velocity_joint6,velocity_joint7,ee_T_00,ee_T_10,ee_T_20,ee_T_30,ee_T_01,ee_T_11,ee_T_21,ee_T_31,ee_T_02,ee_T_12,ee_T_22,ee_T_32,ee_T_03,ee_T_13,ee_T_23,ee_T_33,v_x,v_y,time
0.465085027824,0.547565236136,-0.123981064756,-1.35574224867,0.0794421707127,1.89409872818,0.159152416178,-0.000428086142247,-0.00031731528616,-0.00160661916163,-0.000206679895308,-0.000174042960804,0.000103677529849,-0.000319078550959,0.573765014413,0.819005319607,0.00217751965042,0.0,0.81896571074,-0.573706124069,-0.0117130158069,0.0,-0.00834392654218,0.00850399633968,-0.99992902795,0.0,0.661701833491,0.260906463196,0.303410047274,1.0,0.0,0.0,0.0
0.465090081327,0.547570300386,-0.123980689968,-1.35574235071,0.0794434931411,1.89409685329,0.159153615027,-0.000628448159292,0.00128400055559,-0.000990632458698,-0.000491640937231,0.000110257991054,-2.59400579646e-05,-0.0050255778947,0.573761948457,0.819007481441,0.00217226791177,0.0,0.818967788032,-0.573703061697,-0.0117177671261,0.0,-0.00835086297024,0.00850239004192,-0.999928983704,0.0,0.661699823216,0.260910031281,0.303406238086,1.0,-0.00016,-0.000210285714286,0.009
0.465081921726,0.547562020308,-0.123973507464,-1.35574330683,0.0794434536932,1.89409791486,0.159150936088,-0.000465653701447,-0.000719296247019,0.00146506465096,0.000444516791493,2.81655585628e-05,0.000384257434933,0.00154311141253,0.573761451433,0.819007805328,0.00218141306604,0.0,0.818968196004,-0.573702494805,-0.0117170085279,0.0,-0.00834499998839,0.00850943957596,-0.999928972684,0.0,0.661700516326,0.260908850932,0.303411503312,1.0,-0.0005,-0.000657142857143,0.026
0.465089634234,0.547537393247,-0.123978969993,-1.35576630092,0.0794434799978,1.89409604565,0.159154507966,0.0017842141956,-0.00102504086125,0.000158217503261,-0.00360604916885,0.000165254016191,-0.000128801525002,-0.000457245015732,0.573764995978,0.819005317313,0.00218323262562,0.0,0.818965769822,-0.573706071014,-0.0117114833321,0.0,-0.00833939387,0.00850779577628,-0.999929033442,0.0,0.66169605582,0.260906107997,0.303419856033,1.0,-0.00086,-0.00113028571429,0.044
0.465086415741,0.547428107354,-0.123971118518,-1.35586823534,0.0794398855016,1.89411511152,0.159151630651,0.000470551793903,-0.00551572018094,0.000753849444844,-0.0100209224576,0.000222143305633,-0.000223584333786,0.00143480536441,0.573762420972,0.819007052247,0.00220897041235,0.0,0.818967718089,-0.573703275815,-0.0117121709977,0.0,-0.0083252173687,0.00852924325874,-0.99992896886,0.0,0.661677323061,0.260900727564,0.303448310269,1.0,-0.00118,-0.00155085714286,0.06
0.465083364018,0.547290064546,-0.123968964852,-1.35603712631,0.079440736923,1.89415212125,0.159146791763,0.000175019449639,-0.00518835219479,0.00132788158049,-0.0115731122249,0.000251483088369,-0.000534019997927,-0.000767480227423,0.573768905272,0.819002473061,0.0022224679352,0.0,0.818963174164,-0.573709564934,-0.0117218329677,0.0,-0.00832531936535,0.00854590719953,-0.999928825731,0.0,0.661649882915,0.260884370074,0.303468849561,1.0,-0.00152,-0.00199771428571,0.077
0.465061953977,0.547143019889,-0.123978968412,-1.35623793491,0.0794362011497,1.8942204212,0.159146743863,-0.00377817220262,-0.0107079335653,-0.000158392925602,-0.0124212098976,-0.00234641004608,0.00851867224108,0.000460265298398,0.573803357562,0.818978296352,0.00223693012478,0.0,0.818939162268,-0.573743934989,-0.0117171869142,0.0,-0.00831285673319,0.00855543559363,-0.999928847936,0.0,0.661629483169,0.260846413769,0.303483679381,1.0,-0.00184,-0.00241828571429,0.093
0.46504212501,0.54695632314,-0.12397646861,-1.35643561325,0.0794333935833,1.8943531885,0.159138779425,-0.00158468646119,-0.0166840094295,-0.000366749070259,-0.0151713818647,-7.63382711288e-05,0.0112398913771,1.07697232432e-07,0.573821926565,0.818964982996,0.0023452334964,0.0,0.818927242253,-0.573762089176,-0.011661210071,0.0,-0.00820467460242,0.0086121994402,-0.999929254165,0.0,0.661620321482,0.260822306695,0.303533275395,1.0,-0.00218,-0.00286514285714,0.11
0.465013377612,0.546735810247,-0.1239760909,-1.35670069784,0.0794243721605,1.89448682377,0.1591220317,-0.00331894980846,-0.013662911264,4.44891879736e-05,-0.0202429417647,0.000136380405467,0.0119035003749,-0.000994963637985,0.573844064342,0.818949240033,0.00242465862045,0.0,0.818912515626,-0.573783925275,-0.0116209185587,0.0,-0.00812586872956,0.00865434505046,-0.999929533802,0.0,0.661599916196,0.260782558679,0.30357486203,1.0,-0.00254,-0.00333828571429,0.128
0.464984517754,0.546513519564,-0.123978605335,-1.35701658767,0.0794186887304,1.89460709661,0.159100456448,-0.0022507692104,-0.0145510298185,-0.000431605132029,-0.0226050897687,0.000159848771397,0.00942247237148,-0.000550152300333,0.573867937131,0.818932423722,0.00245418220773,0.0,0.818895984654,-0.573807587005,-0.0116175003124,0.0,-0.00810587538093,0.00867679794965,-0.999929501496,0.0,0.661565730052,0.26073468022,0.303592450173,1.0,-0.00286,-0.00375885714286,0.144
0.464940994656,0.54626254141,-0.123979543641,-1.35740352054,0.0794043067351,1.89474117492,0.159010863134,-0.000788077290164,-0.016520895491,-0.000906401809037,-0.0232682057753,-0.00345882011361,0.0144832749038,-0.0134843805296,0.573848633369,0.81894593897,0.0024580331421,0.0,0.818909460461,-0.573788176387,-0.011626310961,0.0,-0.00811108595618,0.00868481645994,-0.999929389631,0.0,0.661522683656,0.260669483271,0.303597654191,1.0,-0.00318,-0.00417942857143,0.16
0.464906891099,0.545963301208,-0.123979661986,-1.35789426747,0.0793774219313,1.89491703204,0.158933346618,0.00124858376502,-0.0144806108698,-0.00141012934505,-0.0321353688493,-5.72781287543e-05,0.0144749399162,-0.00614319281471,0.573833472332,0.818956598645,0.00244590847955,0.0,0.818919926318,-0.573773020978,-0.0116370777535,0.0,-0.00812702178818,0.00868091506146,-0.999929294116,0.0,0.661463446287,0.260600115548,0.303591180498,1.0,-0.00354,-0.00465257142857,0.178
0.464863230703,0.545665794899,-0.123979661048,-1.35836992491,0.0793291679682,1.89508775455,0.158902304817,0.000227016482452,-0.0187985767261,-0.000704882142828,-0.028158223215,-0.000589305304661,0.00884330893689,-0.00681906608497,0.573857566384,0.818939768342,0.00242821588387,0.0,0.818903026969,-0.573797345862,-0.0116269172106,0.0,-0.00812859755834,0.00866083450037,-0.999929455435,0.0,0.661410221872,0.260522456414,0.303590152711,1.0,-0.00386,-0.00507314285714,0.194
0.464805756981,0.545316944866,-0.123975428887,-1.35896984455,0.079266693125,1.89527359173,0.158820307045,-0.00538457490589,-0.0240944601761,0.00180247772642,-0.036891509574,-0.00372372063607,0.0129869634075,-0.00590278276713,0.573851280416,0.818944374074,0.00235945728259,0.0,0.818906894788,-0.573791468939,-0.0116445155748,0.0,-0.00818253159784,0.00861456186613,-0.999929415259,0.0,0.661336203161,0.260422756844,0.303567448722,1.0,-0.0042,-0.00552,0.211
0.46475986556,0.544950848353,-0.123977559803,-1.35961249825,0.0792520562848,1.89547726328,0.15874222484,-2.08876796292e-05,-0.0282778471761,0.00721435160492,-0.0383462750013,-0.00120960132327,0.0150799849239,-5.68146132846e-05,0.57385826351,0.818939621969,0.00230995078238,0.0,0.818901248759,-0.573798368264,-0.0117014640053,0.0,-0.00825750550186,0.00860676910185,-0.999928866034,0.0,0.661252075975,0.260331147862,0.30353843487,1.0,-0.00452,-0.00594057142857,0.227
0.464688195713,0.544507923332,-0.123980352632,-1.36035811544,0.0792210821895,1.8957369054,0.15862619436,-0.00332280344931,-0.0227064001618,0.000171353190056,-0.0402966323658,-0.000925724679773,0.01255082587,-0.00317652556434,0.573857216422,0.818940439864,0.00227991616206,0.0,0.818901536409,-0.573797287508,-0.0117342838147,0.0,-0.00830162967125,0.00860099589042,-0.999928550355,0.0,0.66116516907,0.260212057225,0.303519612927,1.0,-0.00488,-0.00641371428571,0.245
0.464625999002,0.544086364806,-0.123980642679,-1.36105711814,0.0791869998712,1.8959794586,0.158579258354,-0.00450306430477,-0.0320590457555,0.000411990160827,-0.0447730808216,-0.00101783776291,0.0162277850888,-0.00542320501974,0.573899764018,0.818910696345,0.00225370194825,0.0,0.81887135754,-0.573839830953,-0.0117598943019,0.0,-0.00833719980362,0.00859465801238,-0.999928308907,0.0,0.66108205015,0.260104274933,0.303506243645,1.0,-0.0052,-0.00683428571429,0.261
0.464561223138,0.543595416157,-0.12398596806,-1.36186498114,0.0791460984398,1.89627074657,0.158459502147,-0.00528475239506,-0.0275153987987,-6.10537532469e-05,-0.0512836336925,-0.00573256135679,0.0194093651242,-0.00963488085798,0.573892590407,0.818915776821,0.0022342897271,0.0,0.818876121776,-0.573832666547,-0.0117777285162,0.0,-0.00836302027915,0.0085889229973,-0.999928142565,0.0,0.660987546357,0.259982069317,0.303494503074,1.0,-0.00554,-0.00728114285714,0.278
0.464478391507,0.543067271352,-0.123986710169,-1.36270898658,0.0790936935163,1.89656848945,0.158340506512,-0.00498506911919,-0.0320817670038,-0.000713623999005,-0.0486801663973,-0.00390455215081,0.0178228724551,-0.0033095332744,0.57389644163,0.81891312252,0.00221787062994,0.0,0.818873242577,-0.573836568679,-0.0117877877449,0.0,-0.00838064015105,0.00858128957229,-0.999928060582,0.0,0.660891155618,0.259845366469,0.30349220575,1.0,-0.00588,-0.007728,0.295
0.464403952697,0.54251484035,-0.123987790488,-1.36360461163,0.079039180916,1.89687572975,0.158245147114,-0.00582816108136,-0.037959765616,0.000655901540321,-0.0516839901353,-0.00102439261072,0.015024874075,-0.0130335517756,0.573915219176,0.818900047151,0.00218652137624,0.0,0.818859728453,-0.573855433651,-0.0118081873687,0.0,-0.00841514003798,0.00856751769345,-0.999927888929,0.0,0.660783288952,0.259708516704,0.303483287289,1.0,-0.00622,-0.00817485714286,0.312
0.46432885826,0.541970895517,-0.123990170841,-1.36446426295,0.0789953723395,1.89720177194,0.158111695442,-0.00593847064283,-0.0299461154562,-0.000864114368841,-0.0488273882002,-0.000698745597998,0.0205886079173,-0.00861966134657,0.573905247004,0.818907003641,0.00219857912355,0.0,0.818866782085,-0.573845354938,-0.011808840563,0.0,-0.00840885972105,0.00857766411884,-0.999927854776,0.0,0.660686980035,0.259577655873,0.303487118208,1.0,-0.00654,-0.00859542857143,0.328
0.46424442288,0.541334451578,-0.123995978041,-1.36542048982,0.0789300549393,1.89755567346,0.157989597508,-0.00415990799629,-0.0427743081405,-0.00158912066662,-0.0565642815603,-0.00627072757612,0.0229603897766,-0.00288872298476,0.573914069384,0.818900756713,0.00222227796488,0.0,0.818860933249,-0.573854176433,-0.0117857155194,0.0,-0.00837622913429,0.0085838898291,-0.999928075224,0.0,0.660580659825,0.259426809461,0.30351280099,1.0,-0.00688,-0.00904228571429,0.345
0.464159962904,0.540673078069,-0.123995266536,-1.36644763729,0.0788681259459,1.89793243656,0.157859132103,-0.00385002443634,-0.0415755002797,0.00018360996583,-0.0603714587251,-0.00307927338875,0.0236357909375,-0.00632199347203,0.573916276868,0.818899184149,0.00223164669404,0.0,0.818859464467,-0.573856329136,-0.0117829480513,0.0,-0.00836856308707,0.00858999607693,-0.999928086974,0.0,0.660461341393,0.259273740687,0.303524039631,1.0,-0.00722,-0.00948914285714,0.362
0.464061586579,0.539961811076,-0.123998482365,-1.36752547292,0.0788122318627,1.89832461571,0.157719435513,-0.00452815704883,-0.0470137574892,-0.000760209508779,-0.0664370529949,-0.00374858711145,0.0234933795768,-0.00960144240661,0.573929369007,0.818889935765,0.00225818396919,0.0,0.818850479007,-0.573869233526,-0.0117789109679,0.0,-0.00834989010361,0.00860954372466,-0.999928074959,0.0,0.660338684306,0.25910587429,0.303547789384,1.0,-0.00756,-0.009936,0.379
0.463958963393,0.539222904929,-0.124002037384,-1.36868275042,0.0787395498649,1.89876388083,0.157579604342,-0.0042718130083,-0.0474384142159,-0.000654594950532,-0.0649027273404,-0.00426940031009,0.0330139271588,-0.00310416698172,0.573946046097,0.818878207668,0.00227246080702,0.0,0.818838982951,-0.573885902114,-0.0117659787279,0.0,-0.0083309307481,0.00861398231118,-0.999928194873,0.0,0.660209684882,0.258926430794,0.303557217832,1.0,-0.0079,-0.0103828571429,0.396
0.463853865196,0.538487727834,-0.124008410997,-1.36984761428,0.0786723777845,1.89921762901,0.157445472717,-0.00767572336042,-0.0442410966398,-0.000897151970441,-0.0707561956808,-0.00175471046571,0.0250900353051,-0.0119433603277,0.573973296061,0.818859055351,0.00229123999415,0.0,0.818820097437,-0.573913101168,-0.0117536055099,0.0,-0.00830973364232,0.00862253506086,-0.999928297537,0.0,0.660082465351,0.258744651989,0.303561643168,1.0,-0.00824,-0.0108297142857,0.413
0.463748310711,0.537758506785,-0.124014830095,-1.37100717616,0.078612135165,1.89966170389,0.157305314864,-0.00515577071594,-0.0471267933069,-0.000654393402484,-0.0752076543562,-0.000571263695889,0.0292927922979,-0.0118262131021,0.573997449915,0.818842085126,0.00230521537912,0.0,0.818803262344,-0.573937151079,-0.0117520673969,0.0,-0.00830019842902,0.00863334080842,-0.999928283495,0.0,0.659953889585,0.258563571769,0.303563439859,1.0,-0.00856,-0.0112502857143,0.429
0.463643730145,0.536939736524,-0.124023678116,-1.37227570251,0.078535941783,1.90012678715,0.157142663839,-0.0098416403308,-0.0513057588385,-0.00138727219493,-0.0758211882698,-0.0027766996627,0.0247528113723,-0.00968265860672,0.574005550036,0.818836375893,0.00231623457925,0.0,0.818797716784,-0.573945230146,-0.0117438785267,0.0,-0.00828708269509,0.00863774534167,-0.999928354241,0.0,0.659807548843,0.258368830835,0.303578345636,1.0,-0.0089,-0.0116971428571,0.446
0.463533640365,0.536104168908,-0.124029749369,-1.37361150318,0.0784582121891,1.90063294898,0.156976533576,-0.00919963138759,-0.0472933354765,-0.000141276664538,-0.081309707878,-0.0067649841838,0.0252027684838,-0.00793396678725,0.574016702327,0.81882854782,0.00231983297189,0.0,0.818789938485,-0.573956370725,-0.011741722225,0.0,-0.00828313392118,0.00863956690603,-0.999928371223,0.0,0.659654829055,0.258166848683,0.303576421245,1.0,-0.00924,-0.012144,0.463
0.463408591622,0.535100726612,-0.124030795321,-1.37516671178,0.0783608333778,1.90119535931,0.156791066619,-0.00351982563872,-0.0579565004305,-0.000932202978939,-0.0859307796175,-0.0022195579182,0.0229081553529,-0.0144079127742,0.574027142217,0.818821209335,0.00232680959527,0.0,0.818782692168,-0.57396678483,-0.011737964856,0.0,-0.00827594249379,0.00864322825526,-0.999928399127,0.0,0.659470267045,0.257934741851,0.303593039557,1.0,-0.00962,-0.0126434285714,0.482
0.463316334802,0.534385497769,-0.124031469281,-1.37634723807,0.0783088905687,1.90162350235,0.156650086726,-0.00119321160803,-0.0488538553057,0.000857825179107,-0.0812839780647,-0.00448805301731,0.0256336399533,-0.0110383387137,0.574038572443,0.818813259461,0.00230442590117,0.0,0.818774255387,-0.57397809365,-0.0117734288564,0.0,-0.00831770981288,0.00864537334502,-0.999928034022,0.0,0.659326981981,0.257763410751,0.303572889571,1.0,-0.0099,-0.0130114285714,0.496
0.463163155671,0.533297625154,-0.124031557437,-1.37807797234,0.0782012999178,1.90225545366,0.156433976798,-0.00664836273455,-0.0513523680504,0.000419546515627,-0.0838029342113,-0.00743287056922,0.0321790240006,-0.0130591063217,0.574052923972,0.818803231124,0.00229261452442,0.0,0.818764066353,-0.573992480855,-0.0117805972662,0.0,-0.00833020798994,0.00863996304346,-0.999927976743,0.0,0.659124515882,0.257496695072,0.303571122711,1.0,-0.0103,-0.0135371428571,0.516
0.463057747355,0.532513714687,-0.124036826403,-1.37934321973,0.0781379368555,1.90274423524,0.156277063187,-0.00282369229069,-0.0575021264244,-0.000538789009256,-0.0904211118337,-0.00482645172432,0.038303441729,-0.0142694145967,0.574066796612,0.818793476315,0.0023028403355,0.0,0.818754364945,-0.574006230259,-0.0117849229133,0.0,-0.00832773363508,0.0086509600794,-0.999927902272,0.0,0.658979876536,0.257307163283,0.303564177473,1.0,-0.01058,-0.0139051428571,0.53
0.46289525177,0.531371138354,-0.124031073818,-1.38117790483,0.0780202046496,1.90341110692,0.156046910494,-0.00615034561957,-0.0584940851727,0.000161512280659,-0.0931361242759,-0.00178789193664,0.0302560488678,-0.0128348768384,0.574075713125,0.818787294321,0.00227797270438,0.0,0.818747848475,-0.574015229225,-0.0117993278179,0.0,-0.00835370950957,0.00863895910879,-0.999927789354,0.0,0.658762280096,0.257026874464,0.303553865183,1.0,-0.01098,-0.0144308571429,0.55
0.462787458239,0.530541077605,-0.124034969582,-1.38253109086,0.0779386965772,1.90388749494,0.155866472385,-0.00521984354659,-0.0558019527128,-0.000826595460208,-0.0956095962774,-0.0135377113965,0.0301870429862,-0.0118927381806,0.574070618531,0.818790978864,0.00223713452644,0.0,0.818750960332,-0.574010250413,-0.0118255772232,0.0,-0.00839869950146,0.008620538445,-0.999927571459,0.0,0.658596454292,0.256823029849,0.303536094924,1.0,-0.01126,-0.0147988571429,0.564
0.462628126558,0.529318621029,-0.124041853039,-1.38446315408,0.077821477269,1.90459012892,0.155619477963,-0.00502445183993,-0.0641528328733,-0.000379437467573,-0.0955827159156,-0.00621639154185,0.033694100758,-0.00253723145981,0.57407704792,0.81878649348,0.00222891165288,0.0,0.818746359242,-0.574016702116,-0.0118309686835,0.0,-0.00840776672212,0.00861696678005,-0.999927526045,0.0,0.658366348335,0.256529541548,0.303538701969,1.0,-0.01166,-0.0153245714286,0.584
0.462523457411,0.528493493662,-0.124043480992,-1.38574432707,0.0777396590568,1.90507665248,0.15543267554,-0.00820078273111,-0.0665560853804,0.000577172364403,-0.0965864385352,-0.00458560025016,0.0455062077498,-0.01855752576,0.574058431971,0.81879948332,0.002251599137,0.0,0.818759688339,-0.573998045583,-0.0118136920502,0.0,-0.00838079279897,0.00862543420814,-0.999927679483,0.0,0.658217204849,0.256338223639,0.303552135191,1.0,-0.01192,-0.0156662857143,0.597
0.462358020352,0.527189777291,-0.124039339687,-1.38777373237,0.0776073612164,1.90586320643,0.155146550666,-0.00779964715516,-0.0673487801359,0.0011240285306,-0.0995476236022,-0.00339320730782,0.0353927956304,-0.0149439595483,0.574031025638,0.818818569629,0.00229750663391,0.0,0.818779454164,-0.573970551794,-0.011779559093,0.0,-0.00832678089329,0.00864315002277,-0.999927977745,0.0,0.657981987435,0.256039945454,0.303571936354,1.0,-0.01232,-0.016192,0.617
0.462235620405,0.52623744064,-0.124044263924,-1.3892629966,0.0775172436223,1.90642023377,0.154956390611,-0.008251162982,-0.0681493769445,-0.000331136598077,-0.11034502665,-0.0100475889816,0.0409910719401,-0.0158835317318,0.574035167334,0.818815623119,0.00231276907212,0.0,0.818776716086,-0.573974645486,-0.0117704051232,0.0,-0.00831048079957,0.00865043448808,-0.999928050358,0.0,0.657806459569,0.255815498983,0.303581657828,1.0,-0.0126,-0.01656,0.631
0.462051913936,0.524868438883,-0.124047517928,-1.39141816533,0.0773818635716,1.90719684139,0.154661345735,-0.0128961788414,-0.0643234601524,0.00118014274782,-0.10715850374,-0.00594949191594,0.0408931083211,-0.0173698094353,0.574025723761,0.818822275388,0.00230145420931,0.0,0.818783215789,-0.573965240293,-0.0117769002051,0.0,-0.00832239373658,0.00864480218163,-0.999927999987,0.0,0.657546700883,0.255485765967,0.303586232431,1.0,-0.013,-0.0170857142857,0.651
0.461933669396,0.523956165412,-0.124057798144,-1.39286182995,0.0772821460479,1.90770884489,0.154453480298,-0.0108607279898,-0.0691975820451,0.000209969309553,-0.11320617417,-0.0058311152824,0.0408225540118,-0.0186942321805,0.57401010093,0.818833297737,0.0022762795313,0.0,0.818794010598,-0.573949818582,-0.0117779820409,0.0,-0.00833789418152,0.00862465075798,-0.999928044871,0.0,0.657371585522,0.255261306278,0.30358524332,1.0,-0.01326,-0.0174274285714,0.664
0.46173425913,0.52244532029,-0.124060502588,-1.39523119202,0.0771415086928,1.90861661385,0.154145574256,-0.0146904193058,-0.0791195646345,-0.000108457040964,-0.113241622842,-0.00758314015438,0.0432071323118,-0.0184331816732,0.574012459471,0.818831529697,0.00231716372311,0.0,0.818792766364,-0.57395201403,-0.0117574760478,0.0,-0.00829761106664,0.00864638110799,-0.999928192294,0.0,0.657094122346,0.254906105,0.303598215595,1.0,-0.01368,-0.0179794285714,0.685
0.461611158018,0.521523538588,-0.124065256357,-1.39673837321,0.0770459922577,1.90920925787,0.153934942954,-0.00804953407684,-0.0670836883038,-0.000712401380173,-0.114856717492,-0.00549805799132,0.0448761785951,-0.0169193373861,0.573999253051,0.818840787736,0.00231705368917,0.0,0.818802098472,-0.573938888345,-0.0117483140646,0.0,-0.00829031113885,0.00864089828474,-0.999928300239,0.0,0.656919187843,0.254680415887,0.303580044858,1.0,-0.01394,-0.0183211428571,0.698
0.461412875238,0.520013148153,-0.124070082034,-1.39912688381,0.0768994210082,1.9100869749,0.153619833582,-0.0078502325331,-0.075698643208,-0.00127022780231,-0.119447247625,-0.00664027781896,0.0510147125466,-0.0142598039697,0.57399480103,0.818843917262,0.00231396922688,0.0,0.818805175164,-0.573934435174,-0.0117514316776,0.0,-0.00829468142541,0.00864011701478,-0.999928270746,0.0,0.656630106604,0.254319581293,0.303580214962,1.0,-0.01434,-0.0188468571429,0.718
0.461275485985,0.518992657998,-0.12407195458,-1.40070623632,0.0767921035034,1.91065249527,0.153409462357,-0.0151663699472,-0.083878896653,-0.000217905786951,-0.121288934732,-0.0116846553729,0.0416530990856,-0.020559678711,0.57399115822,0.818846471549,0.00231370230002,0.0,0.818807783453,-0.573930853687,-0.0117446091422,0.0,-0.00828928621407,0.00863594552496,-0.999928351523,0.0,0.656437879673,0.254075297713,0.303593956369,1.0,-0.0146,-0.0191885714286,0.731
0.461064175784,0.51732833174,-0.124078720511,-1.40331882994,0.0766252266489,1.91159191735,0.153053882476,-0.00874927332159,-0.0755441861121,0.000692981441249,-0.127309033789,-0.0102484965741,0.0462977485027,-0.0144332376577,0.573971087416,0.81886057691,0.00230071622144,0.0,0.818821738483,-0.573910853301,-0.011749040458,0.0,-0.00830057984964,0.00862765209303,-0.999928329428,0.0,0.656115300345,0.253681264153,0.303599984977,1.0,-0.01502,-0.0197405714286,0.752
0.460920287536,0.516284024801,-0.124084355058,-1.40494800647,0.0765204766488,1.91220802799,0.152820076238,-0.00657705433685,-0.0853702635819,5.13352309135e-05,-0.128081450683,-0.0119256107203,0.0531142865544,-0.0182183134275,0.573959362293,0.818868734734,0.00232219984662,0.0,0.818830240698,-0.573899117172,-0.0117297539851,0.0,-0.00827257963547,0.00863405580884,-0.999928506198,0.0,0.655923205947,0.25342881675,0.303610625843,1.0,-0.01528,-0.0200822857143,0.765
0.460691962649,0.514672405808,-0.12408831234,-1.40752321699,0.0763639302176,1.91316904712,0.152465000155,-0.0175647720876,-0.0838605969915,-0.000502943719007,-0.130028929438,-0.00796257200043,0.0515299639519,-0.0237502346309,0.573952021853,0.818873893016,0.00231750898876,0.0,0.818835316418,-0.573891772583,-0.0117347709739,0.0,-0.00827945765475,0.00863301994496,-0.999928458215,0.0,0.655613631458,0.253032231316,0.303598322649,1.0,-0.01568,-0.020608,0.785
0.460538303926,0.51352421272,-0.124088652227,-1.40938918719,0.0762601664031,1.91380482503,0.152223522269,-0.0176035452724,-0.0794839791823,0.00155586032351,-0.136754832324,-0.00597972795042,0.0438357222474,-0.0195001574553,0.57395023894,0.818875320175,0.00225391426963,0.0,0.818835717116,-0.573890023674,-0.0117922009491,0.0,-0.00836300442799,0.00861388790372,-0.999927927949,0.0,0.655371890389,0.2527513729,0.303570028898,1.0,-0.01596,-0.020976,0.799
0.460305286327,0.511858288282,-0.124089004118,-1.41207575762,0.0760987833046,1.91476356833,0.151842714612,-0.0102551432016,-0.0855384932558,0.00116133777064,-0.137397907869,-0.00900743574243,0.0487664862842,-0.0243650647735,0.573926560775,0.818892055785,0.00220243272703,0.0,0.818851655469,-0.573866417533,-0.0118341904684,0.0,-0.00842718463175,0.00859558741138,-0.999927546593,0.0,0.655035384566,0.252340590428,0.30354145903,1.0,-0.01636,-0.0215017142857,0.819
0.460156290421,0.510755602996,-0.124095054407,-1.41384358018,0.0759934571178,1.91543719677,0.15158410649,-0.0108942458684,-0.0884202577861,-9.88939736556e-05,-0.133236595411,-0.00810622334513,0.0517271823682,-0.00859355585973,0.573905246245,0.81890697894,0.00220795781638,0.0,0.818866645728,-0.57384507911,-0.0118316776773,0.0,-0.00842217984774,0.00859845044869,-0.999927564145,0.0,0.654822174147,0.252072852856,0.303530742289,1.0,-0.01662,-0.0218434285714,0.832
0.459917948357,0.509008273479,-0.124097901347,-1.41662016911,0.0758142130908,1.91646298198,0.151202289427,-0.0114185194228,-0.0835973081925,0.000584521329853,-0.138807739896,-0.0109836213805,0.0492564745526,-0.0164543793783,0.573885910504,0.818920556481,0.00219790781458,0.0,0.818880132358,-0.573825825817,-0.0118320478782,0.0,-0.00842845323983,0.00859023400047,-0.999927581906,0.0,0.654480493342,0.251649331418,0.303521088227,1.0,-0.01702,-0.0223691428571,0.852
0.459748244531,0.50777041927,-0.124106039691,-1.41858283427,0.0756886755413,1.91715608156,0.150929375441,-0.00985452823336,-0.0870904525446,-0.00144283883257,-0.135560302664,-0.0105336356663,0.0443895331457,-0.0157796526402,0.573874915104,0.81892834479,0.00216675210922,0.0,0.818887514693,-0.573814954013,-0.0118483641479,0.0,-0.00845980935578,0.00857397029468,-0.999927456698,0.0,0.654233467307,0.251343737737,0.303513171866,1.0,-0.0173,-0.0227371428571,0.866
0.459528873988,0.506215585513,-0.124106563475,-1.42101228016,0.0755351141998,1.91805550225,0.150603918733,-0.00973011008732,-0.0966182863359,0.000277310510822,-0.141851631186,-0.0118306174777,0.0567785909662,-0.00974679929807,0.573872585981,0.818929929594,0.00218457676981,0.0,0.818889332939,-0.573812556293,-0.011838814977,0.0,-0.00844178486541,0.00858306323015,-0.999927531021,0.0,0.653935741575,0.250968384828,0.303521945431,1.0,-0.01764,-0.023184,0.883
0.459302324586,0.504606204038,-0.124114911839,-1.42346860135,0.0753759487026,1.91901966613,0.150263396346,-0.0164955241314,-0.1002619103,-0.00160928474588,-0.152763146301,-0.0173846618804,0.0570882519397,-0.020611367073,0.573869075449,0.818932141465,0.00227570208508,0.0,0.818892883787,-0.573808851029,-0.0117726065719,0.0,-0.00833530839237,0.00861965704725,-0.999928109489,0.0,0.653648794042,0.250584795965,0.303561287905,1.0,-0.01798,-0.0236308571429,0.9
0.459086124538,0.502945913764,-0.124116950921,-1.42595285587,0.075218430555,1.9199595566,0.149917012389,-0.0137552255636,-0.101683446308,-0.00072697161063,-0.149683204553,-0.0138923093002,0.0607455296471,-0.0130110720222,0.573848940463,0.818945978706,0.00237157989868,0.0,0.818908014053,-0.573788408624,-0.011716379522,0.0,-0.00823445537733,0.00866570460142,-0.999928547101,0.0,0.653346451278,0.250207767458,0.303619928037,1.0,-0.01832,-0.0240777142857,0.917
0.458857819626,0.501337026556,-0.124119811087,-1.42832798727,0.0750700315227,1.9208160621,0.149584374222,-0.0112470459452,-0.105230331705,-0.000865346992531,-0.159825512877,-0.0157299370511,0.0545557987716,-0.0172216010236,0.5738407609,0.818951499557,0.00244323646383,0.0,0.818914455883,-0.573779958912,-0.0116798800727,0.0,-0.00816353235563,0.00870336049416,-0.999928801593,0.0,0.653032689848,0.249807819132,0.303684070356,1.0,-0.01866,-0.0245245714286,0.934
0.458620912215,0.499627272734,-0.124119588875,-1.43093301655,0.0749054465249,1.92173232751,0.149217321029,-0.0187926110928,-0.0970574688093,-0.000716566267261,-0.157015293979,-0.00562234234589,0.0498706856211,-0.0256785667739,0.573827928294,0.818960417819,0.00246772275736,0.0,0.818923604894,-0.573766946794,-0.0116776288001,0.0,-0.0081477748792,0.00872199388353,-0.999928767757,0.0,0.652722019075,0.249425258125,0.30371906798,1.0,-0.01898,-0.0249451428571,0.95
0.458365961225,0.497954975069,-0.124120269219,-1.43355131056,0.0747397062975,1.92272289601,0.148834163785,-0.0163618121889,-0.102439667414,0.00113622057841,-0.151500851866,-0.0142410045413,0.0634126898829,-0.0258562712735,0.57381180135,0.818971614629,0.00250159224279,0.0,0.818935264741,-0.573750726223,-0.0116568959259,0.0,-0.00811153268411,0.00873767478232,-0.999928925513,0.0,0.65240428942,0.249010424309,0.303724854962,1.0,-0.01932,-0.025392,0.967
0.458102949615,0.496274136231,-0.124125704816,-1.43622115077,0.0745775808247,1.92367130446,0.148436264383,-0.0205977355615,-0.0998197184327,-0.000793915354213,-0.16330053221,-0.00541781096549,0.0509545810368,-0.0274922799545,0.573796469622,0.818982458302,0.00246806492566,0.0,0.818945565348,-0.573735400408,-0.0116875240116,0.0,-0.00815601795679,0.00872763887646,-0.9999286513,0.0,0.652067534889,0.248579498144,0.303707956045,1.0,-0.01966,-0.0258388571429,0.984
0.45783725837,0.494609306108,-0.124128033033,-1.43897040118,0.0744063697122,1.92461235053,0.14805730892,-0.0174282909297,-0.0979489963354,-0.00151717979152,-0.164427800221,-0.0127859074168,0.0576029660928,-0.0141083851804,0.573797460022,0.818982125355,0.00234523398083,0.0,0.818943481622,-0.573736679549,-0.0117704439339,0.0,-0.00829439612529,0.00867463192765,-0.999927974283,0.0,0.651708804393,0.248137295358,0.303640856901,1.0,-0.01998,-0.0262594285714,1.001
0.457566093749,0.492872655839,-0.124130199384,-1.44177061648,0.0742282803708,1.92563965911,0.147656985432,-0.0152674174548,-0.10351496974,-0.000131799701359,-0.167567738033,-0.00952297866321,0.0577877876515,-0.0283157714022,0.573785745932,0.818990433563,0.00230963182296,0.0,0.818951302978,-0.573725077019,-0.0117917874218,0.0,-0.00833242782257,0.00865760221816,-0.999927805679,0.0,0.651357203527,0.247691291706,0.303606263539,1.0,-0.0211554285714,-0.027804277551,1.018
0.457285994294,0.491144411102,-0.12413190201,-1.44453696349,0.0740518794689,1.92664529177,0.147269099462,-0.0148911797252,-0.112432408837,0.000763123082749,-0.181137443219,-0.00831237791443,0.0660654512565,-0.0269103812668,0.573779192702,0.818995149128,0.00226508882497,0.0,0.818955345617,-0.573718599324,-0.0118261395724,0.0,-0.00838618881479,0.00864076577964,-0.999927501874,0.0,0.650981570955,0.247217188295,0.303573036336,1.0,-0.0223308571429,-0.0293491265306,1.035
0.456975522748,0.489216995443,-0.124134847582,-1.44765624526,0.0738550100929,1.92772862757,0.146826330331,-0.0193156785073,-0.113094838045,-0.00012282730523,-0.184159974754,-0.00917554691557,0.0655268206135,-0.0282862371349,0.573784815476,0.81899143015,0.002183980701,0.0,0.818950494797,-0.573724462846,-0.0118774873194,0.0,-0.00847472033637,0.00860385959654,-0.999927073699,0.0,0.650604825698,0.246736511497,0.303529025054,1.0,-0.0234371428571,-0.0308031020408,1.051
0.45663834123,0.487134961696,-0.12414404947,-1.45086290252,0.0736550845328,1.92896437241,0.146355577555,-0.0127968664612,-0.127456246535,0.00065716912803,-0.189260227734,-0.00847858622549,0.0777110429057,-0.0312914812543,0.573787269268,0.818989466397,0.00227386416942,0.0,0.818949767825,-0.57372663132,-0.0118227405442,0.0,-0.00837828484759,0.00864608500967,-0.999927522152,0.0,0.650219397496,0.246210810002,0.303556879641,1.0,-0.0246125714286,-0.0323479510204,1.068
0.456291628506,0.485081019128,-0.124167759772,-1.45398981649,0.0734557656496,1.93014392467,0.145888339671,-0.0150958599082,-0.131066339384,0.0005880733728,-0.198734287856,-0.0141762702766,0.0718554283373,-0.0261719646534,0.573799073939,0.818980920249,0.00237105826487,0.0,0.81894259319,-0.5737381763,-0.0117592949426,0.0,-0.00827043078023,0.00868940045017,-0.999928044558,0.0,0.649819246164,0.245648176758,0.303608072928,1.0,-0.025788,-0.0338928,1.085
0.455920854288,0.482810708255,-0.124202017851,-1.45748796572,0.0732346604328,1.931325156,0.145358293677,-0.0211575101652,-0.131053026497,-0.00502328662956,-0.208391549742,-0.0163357341572,0.0638710618677,-0.0356824777253,0.573811561947,0.818972336733,0.00231299415997,0.0,0.818933228203,-0.573750854459,-0.0117928645045,0.0,-0.00833110782401,0.00866123653103,-0.999927785205,0.0,0.649393552247,0.245075514999,0.303611395877,1.0,-0.0268942857143,-0.0353467755102,1.101
0.455525771005,0.480430126649,-0.124225651403,-1.46117994096,0.0730110230376,1.93266492504,0.14480976595,-0.0226177513936,-0.14269154802,0.0012164358006,-0.218598627428,-0.0111153104514,0.0780815239405,-0.0320701578142,0.573822856177,0.8189643561,0.00233667883191,0.0,0.818925493346,-0.573761992289,-0.0117881064704,0.0,-0.0083135015839,0.00867801786771,-0.999927786241,0.0,0.648930337195,0.244454344082,0.303621568893,1.0,-0.0280697142857,-0.0368916244898,1.118
0.455108511048,0.477972629659,-0.124241358182,-1.46493699786,0.0727740274522,1.93405251129,0.144260659688,-0.0249113899251,-0.145751392544,-0.000258223504342,-0.225232983477,-0.0114582161087,0.0841391422306,-0.0351747215074,0.573844511465,0.81894897731,0.00240751433955,0.0,0.81891105848,-0.5737834031,-0.0117486819335,0.0,-0.0082403379355,0.00871362452489,-0.999928082203,0.0,0.648464580264,0.243818137465,0.303656502687,1.0,-0.0292451428571,-0.0384364734694,1.135
0.454668012963,0.475423968418,-0.124251018244,-1.46885130368,0.0725340251158,1.93548485999,0.143703792681,-0.0264577846407,-0.149920390372,-0.00136052844299,-0.238347403535,-0.0135885949646,0.0923559965205,-0.0266726766814,0.573880283342,0.818923737219,0.0024657478063,0.0,0.818886486669,-0.573818861877,-0.0117295612042,0.0,-0.00819088119724,0.00875069994355,-0.999928164778,0.0,0.647973222077,0.243155944508,0.303681992001,1.0,-0.0304205714286,-0.039981322449,1.152
0.454222457009,0.47276242995,-0.124254773091,-1.47295185171,0.0722766864884,1.93690645791,0.143108467834,-0.0266549552315,-0.164469185388,0.00103578628589,-0.242560188635,-0.0128035559316,0.0819052805196,-0.0387440568017,0.573886849019,0.818919169287,0.00245470960271,0.0,0.818881577883,-0.57382525677,-0.0117593791464,0.0,-0.00822156492441,0.00875883815221,-0.999927841709,0.0,0.647434534939,0.242470555639,0.303694230988,1.0,-0.031596,-0.0415261714286,1.169
0.453704830281,0.469724889915,-0.124250827347,-1.47762542125,0.07197788285,1.93862294031,0.142389448364,-0.0288357619514,-0.163859173317,-0.00223712498287,-0.243837185111,-0.0128192006875,0.0936306716279,-0.0298968941224,0.573860653822,0.818937320677,0.0025222407075,0.0,0.81890053317,-0.573798737847,-0.0117333763227,0.0,-0.00816179837362,0.00879895667542,-0.999927979111,0.0,0.646837180844,0.241693855837,0.303717067478,1.0,-0.0329097142857,-0.0432527673469,1.188
0.453323718278,0.467378965049,-0.124256312325,-1.48114665888,0.0717478404522,1.93997718416,0.14181561932,-0.0284346363722,-0.167550210277,-0.00018763961721,-0.253608862433,-0.0184620763259,0.0958934867068,-0.0396828530196,0.573811228268,0.818971490958,0.00266799796349,0.0,0.818936720434,-0.573748937575,-0.0116426567737,0.0,-0.0080043970891,0.00886577937968,-0.999928661247,0.0,0.646398278574,0.241113719473,0.303777764233,1.0,-0.0338777142857,-0.0445249959184,1.202
0.45275604152,0.464140015504,-0.124261947558,-1.48620197674,0.0713956324544,1.94168350315,0.141052746653,-0.0315154297464,-0.171114109236,0.000106230034711,-0.272680991448,-0.0191977590714,0.0932892403699,-0.0426167557015,0.573795879853,0.818982583024,0.00256200477185,0.0,0.818946387719,-0.573733910338,-0.0117030368545,0.0,-0.00811483057186,0.00881346856866,-0.999928233573,0.0,0.645718744788,0.240249035247,0.30375335746,1.0,-0.0351914285714,-0.0462515918367,1.221
0.452286682219,0.46153010834,-0.124260882302,-1.49031629284,0.0711150563245,1.94313509507,0.140436278777,-0.0362148593408,-0.17602855267,0.000988036833743,-0.279541749844,-0.0238847573649,0.0996919810394,-0.0353324083078,0.573789704469,0.818987076644,0.00250803453615,0.0,0.818950149541,-0.573727897674,-0.0117345173839,0.0,-0.00817164603582,0.00878726970237,-0.999928001454,0.0,0.645174477716,0.239549121927,0.303719091567,1.0,-0.0362285714286,-0.0476146938775,1.236
0.451673884528,0.45812481225,-0.124266936436,-1.49561313851,0.0707588010048,1.94500181775,0.139642488214,-0.0325627089123,-0.183364666997,-0.000283378865046,-0.283699438262,-0.0211572244805,0.0980063852549,-0.0393112310822,0.573793537203,0.81898448286,0.00247798306013,0.0,0.818947116762,-0.573731788252,-0.0117559345801,0.0,-0.00820638834864,0.00877498531396,-0.999927824807,0.0,0.644473527178,0.238640133312,0.303703645007,1.0,-0.0375422857143,-0.0493412897959,1.255
0.45118514492,0.455597855228,-0.12428074572,-1.49968558308,0.0704910594473,1.94640760569,0.139017865375,-0.0318183787984,-0.182125592674,-0.000452276300317,-0.291797975326,-0.0204680794481,0.0946242638877,-0.0508707670798,0.573806314942,0.818975897113,0.00235367420115,0.0,0.81893678071,-0.573744892247,-0.0118361615904,0.0,-0.00834328313997,0.00871934251272,-0.999927178695,0.0,0.643928762196,0.237923030088,0.303625341431,1.0,-0.0385102857143,-0.0506135183673,1.269
0.450516521886,0.451932690374,-0.124333895878,-1.50524635881,0.0701171125569,1.94840115927,0.138128072055,-0.0316324693075,-0.203862576355,-0.00270053519747,-0.287913256707,-0.0215089610923,0.119906506996,-0.0440006371978,0.573815298635,0.818969410955,0.00241947800809,0.0,0.818931351085,-0.573753835587,-0.0117781688228,0.0,-0.0082579341865,0.00874004812752,-0.999927706428,0.0,0.643208837347,0.236929852297,0.303669920537,1.0,-0.039824,-0.0523401142857,1.288
0.449960888401,0.448951783973,-0.124345410917,-1.50970087098,0.0698105916179,1.95004036584,0.137462959625,-0.0393568566944,-0.199856331794,0.00243846432688,-0.296396667601,-0.0233688076631,0.104480845468,-0.0395691515431,0.573851431113,0.818943704865,0.00254758159654,0.0,0.81890747757,-0.573789674709,-0.0116918466769,0.0,-0.00811334442575,0.00879578591317,-0.999928401333,0.0,0.642636067557,0.236142621691,0.303736660014,1.0,-0.0408611428571,-0.0537032163265,1.303
0.449339355765,0.445492760846,-0.124368356721,-1.51497068068,0.0694465248673,1.95177265938,0.136678448662,-0.0356921998774,-0.202848531622,-0.000232977139316,-0.313728980207,-0.018379793451,0.102180612861,-0.0461775795575,0.573870045837,0.818930889861,0.00247285734889,0.0,0.818893584384,-0.573808442157,-0.0117437670559,0.0,-0.00819854502973,0.00876457190191,-0.999927980476,0.0,0.641904134452,0.235215404022,0.303749233951,1.0,-0.0420365714286,-0.0552480653061,1.32
0.448732915775,0.442226373311,-0.124364560465,-1.51999241341,0.0690882671927,1.95359092188,0.135874530336,-0.0377284864548,-0.19521653856,9.97010171044e-05,-0.314913922405,-0.0234363809193,0.116782945134,-0.0478430298775,0.573829938333,0.818958883084,0.00250930099265,0.0,0.818922181792,-0.573768347138,-0.0117085820159,0.0,-0.00814924666543,0.00877382606315,-0.999928302307,0.0,0.641233231348,0.234347312216,0.303752112421,1.0,-0.0431428571429,-0.0567020408163,1.336
0.448054523324,0.4387190094,-0.124372384101,-1.52545758821,0.0687360353551,1.95550911347,0.134981736585,-0.0353459491092,-0.20693622514,-0.000808649130702,-0.326721004677,-0.0226809252438,0.116943190036,-0.0556613191962,0.573804741241,0.818976631831,0.00247837558844,0.0,0.8189392829,-0.573743002329,-0.0117543653058,0.0,-0.00820475782344,0.00877451860655,-0.999927842283,0.0,0.640489555899,0.233386084353,0.303715303538,1.0,-0.0443182857143,-0.0582468897959,1.353
0.447331665583,0.435036646587,-0.124383913361,-1.531001625,0.0683481482406,1.95747392994,0.134095435533,-0.0397928256172,-0.219186386745,-0.000341623979179,-0.330369339174,-0.0267374129164,0.121860630795,-0.0607310891327,0.57380915149,0.818973335242,0.00254572800182,0.0,0.81893694323,-0.573747254669,-0.0117097256074,0.0,-0.00812950510143,0.00880410792942,-0.999928196837,0.0,0.639700221943,0.232326393859,0.303756504737,1.0,-0.0455628571429,-0.0598826122449,1.371
0.446622425383,0.431518483869,-0.124404762305,-1.53635456292,0.0679586507232,1.95938854343,0.133232347687,-0.0435074248364,-0.219650006161,-0.00241394371758,-0.336533942309,-0.0211232947676,0.123547502759,-0.0486126705079,0.573820913976,0.818964991475,0.00257843424397,0.0,0.818929273145,-0.573759169953,-0.0116622202998,0.0,-0.00807170526216,0.00880375069217,-0.99992866823,0.0,0.638983897085,0.231348580166,0.303768442441,1.0,-0.0466691428571,-0.0613365877551,1.387
0.445868939894,0.427729600208,-0.124441923295,-1.54227246867,0.0675250660376,1.96125948943,0.132307647583,-0.0458754040038,-0.224468951962,-0.0041522711781,-0.342706491028,-0.0264875636007,0.1170294731,-0.0511770547197,0.573845458742,0.818948458217,0.00235778835008,0.0,0.818909798273,-0.573784437013,-0.0117859677694,0.0,-0.00829939766147,0.00869430745587,-0.999927761899,0.0,0.63818131411,0.230319311614,0.303705449128,1.0,-0.0477754285714,-0.0627905632653,1.403
