position_joint1,position_joint2,position_joint3,position_joint4,position_joint5,position_joint6,position_joint7,velocity_joint1,velocity_joint2,velocity_joint3,velocity_joint4,velocity_joint5,velocity_joint6,velocity_joint7,ee_T_00,ee_T_10,ee_T_20,ee_T_30,ee_T_01,ee_T_11,ee_T_21,ee_T_31,ee_T_02,ee_T_12,ee_T_22,ee_T_32,ee_T_03,ee_T_13,ee_T_23,ee_T_33,v_x,v_y,time
0.46508862049,0.547876776982,-0.123932409457,-1.35586115528,0.0794777287175,1.89409127257,0.159173957255,-0.00108361712086,4.22850345527e-05,-0.000267713678764,0.00122658516116,-0.000193357054835,-2.31701670814e-05,0.00113588879577,0.573762136198,0.819008184457,0.00183078097835,0.0,0.818963348281,-0.573703941768,-0.0119819978841,0.0,-0.00876319678812,0.00837432045351,-0.999926535871,0.0,0.661650684465,0.260923960943,0.303130559136,1.0,0.0,0.0,0.0
0.465091166394,0.547875797669,-0.123929729314,-1.35586560413,0.0794743188746,1.89409233215,0.159173177985,0.000799703330454,0.000251825141802,0.00111895486611,0.000123053381653,-0.000312277881616,-5.19537432322e-05,0.00159049207271,0.573756884601,0.819011870517,0.00182762881096,0.0,0.818967007323,-0.573698717846,-0.0119820264845,0.0,-0.00876508237307,0.00837169906589,-0.999926541295,0.0,0.661648812718,0.260926199928,0.303129132621,1.0,-0.00016,-0.000210285714286,0.009
0.465085327524,0.547876827149,-0.123933460906,-1.35587221077,0.0794728663398,1.89409162006,0.159165250743,3.73332291181e-05,0.00123498536012,-0.000285615277471,-0.000690405680011,-0.000116281529712,0.00529630293004,-0.000489055535615,0.573757753126,0.819011281111,0.0018190772624,0.0,0.81896633072,-0.573699646328,-0.0119838162188,0.0,-0.00877144556936,0.0083657315647,-0.99992653544,0.0,0.66164958934,0.260919093527,0.303125318186,1.0,-0.0005,-0.000657142857143,0.026
0.465080114631,0.547853899673,-0.123930629437,-1.35587950353,0.0794754994251,1.8940920244,0.159165196434,0.00213337565484,-0.00318018971779,0.00199981533903,-0.00161812118679,0.0004904642688,-7.13180126717e-05,-0.000706217085788,0.573761060028,0.819008927288,0.00183573400881,0.0,0.818964148881,-0.573702837903,-0.0119801306546,0.0,-0.00875883678043,0.00837729409261,-0.999926549163,0.0,0.661649170566,0.260917177057,0.303138035425,1.0,-0.00082,-0.00107771428571,0.042
0.465087049218,0.547775961693,-0.123930315044,-1.35595842376,0.0794754979544,1.89410564837,0.159170440425,-0.00015376902382,-0.00625103117682,0.000671242463712,-0.0100214249617,0.000300262906683,0.00192775816887,0.000945452825769,0.573763720594,0.819007030387,0.00185040730306,0.0,0.818962378011,-0.573705372577,-0.0119798072002,0.0,-0.00875012617546,0.0083891542336,-0.999926525992,0.0,0.661633978302,0.260914531878,0.303156858998,1.0,-0.00116,-0.00152457142857,0.059
0.465088846448,0.547649621114,-0.123927888107,-1.35612820803,0.0794721843169,1.89413632573,0.159159228792,0.000804673206779,-0.00989378612787,0.00139267903182,-0.0155241267672,-0.000119410577289,-0.000239729578022,-0.00309840796571,0.573759745515,0.819009826045,0.00184558126768,0.0,0.818964989788,-0.573701302872,-0.0119961446185,0.0,-0.00876631671812,0.00839453294826,-0.999926339041,0.0,0.661603668608,0.260900175345,0.303168128728,1.0,-0.0015,-0.00197142857143,0.076
0.465073649456,0.54751035183,-0.123927809041,-1.3563199066,0.0794690870444,1.8942045296,0.15915811675,-0.00026440654833,-0.0115190274705,0.00111869539814,-0.00759394899078,0.00024319442837,0.00724064692943,0.00127630352645,0.573781094023,0.818994828353,0.00186391350421,0.0,0.818950150493,-0.573722492331,-0.0119958202047,0.0,-0.0087553141753,0.00840958899619,-0.999926308928,0.0,0.661581119439,0.260873374843,0.303181459693,1.0,-0.00182,-0.002392,0.092
0.465054144659,0.547318510816,-0.123932855461,-1.35655242899,0.0794657979392,1.89434020716,0.159144435069,0.000138756728169,-0.0111641431088,-0.00128719594471,-0.0150557458813,0.000247903256422,0.00467654357696,-0.00224658304058,0.573801815539,0.818980114115,0.00194835037116,0.0,0.818936535844,-0.573742850733,-0.0119515017521,0.0,-0.00867035710385,0.00845353146403,-0.999926678669,0.0,0.661566371331,0.260841170663,0.303218621923,1.0,-0.00218,-0.00286514285714,0.11
0.465029379915,0.547111935291,-0.12392860749,-1.3567919189,0.0794643571688,1.89446931715,0.159125395386,-0.00107326317342,-0.010935288234,9.43151451839e-05,-0.0143284694891,0.000426931750211,0.0109966792623,-0.00395915351801,0.573816749573,0.818969432304,0.00203807827193,0.0,0.818926942741,-0.57375733082,-0.0119136343996,0.0,-0.00858770539158,0.00850544393124,-0.999926951702,0.0,0.661548227371,0.260810084875,0.303262022684,1.0,-0.00252,-0.003312,0.127
0.464997303965,0.546897562446,-0.123938086228,-1.35711344407,0.0794548940295,1.89459875597,0.15910359014,-0.00355346532245,-0.0162219376531,-0.00229467552667,-0.0204837006433,-7.65939498982e-05,0.00540094949939,-0.0051850308779,0.573847329784,0.818947951334,0.00205961339006,0.0,0.818905715545,-0.573787792433,-0.011905679464,0.0,-0.00856851575644,0.00851883556062,-0.999927002325,0.0,0.661517020529,0.26075528854,0.303272359818,1.0,-0.00284,-0.00373257142857,0.143
0.464955949101,0.546634222627,-0.123933261812,-1.35750467321,0.0794421245186,1.89473325171,0.158988061808,-0.00223361812002,-0.0185533547722,-0.000531595681596,-0.0247348873166,-0.000306481450095,0.00479477483068,-0.019680183984,0.573801623669,0.818979940538,0.00207378203758,0.0,0.818937745447,-0.57374189085,-0.0119146408616,0.0,-0.00856820120135,0.0085351029854,-0.999926866298,0.0,0.661471418301,0.260694808099,0.303284147662,1.0,-0.00318,-0.00417942857143,0.16
0.464913264405,0.546333255201,-0.12393124179,-1.35798991751,0.0794237997911,1.89491607209,0.158947810161,-0.00273990403118,-0.019467585069,-0.00248044475933,-0.0285142161501,-0.000159862253483,0.0112709874834,0.00225172794666,0.573824522017,0.818963885688,0.00207816535483,0.0,0.818921640526,-0.573764661594,-0.011925044488,0.0,-0.00857396800478,0.00854490205085,-0.999926733177,0.0,0.661416138086,0.260623540346,0.303282098193,1.0,-0.00354,-0.00465257142857,0.178
0.464864310714,0.546039950803,-0.123928499723,-1.35848242504,0.07939475328,1.8950810385,0.158910805396,-0.00315536043629,-0.0221757647314,0.000965326655395,-0.0376566954277,0.000160825734674,0.00645835936296,-0.00380552778969,0.573852130312,0.818944612675,0.00204958725043,0.0,0.818901947591,-0.573792337123,-0.0119457520354,0.0,-0.00860703752736,0.00853367054445,-0.999926544988,0.0,0.661357449074,0.260544629317,0.303269551988,1.0,-0.00386,-0.00507314285714,0.194
0.464809023489,0.545694155607,-0.123928578969,-1.35907519211,0.0792970141442,1.89527549704,0.158805294051,-0.00150323164816,-0.0191950532167,0.000653753387514,-0.0374746130304,-0.0114679043136,0.0158091415353,-0.0140301432882,0.573818083532,0.818968662371,0.00197077823404,0.0,0.818925490355,-0.57375913429,-0.0119266074883,0.0,-0.0086369320556,0.00845778642228,-0.999926931957,0.0,0.661289092532,0.26043956289,0.303248958376,1.0,-0.0042,-0.00552,0.211
0.464739050653,0.545307356021,-0.123939212943,-1.3597523303,0.0792739504904,1.8954943493,0.158733155161,-0.0060284230753,-0.023552768842,-0.00103348837794,-0.0439779962284,-0.000406477560571,0.00921644641837,0.0010572492642,0.573855280764,0.818942727131,0.00191659043686,0.0,0.818898689471,-0.573796399504,-0.0119739383455,0.0,-0.00870640465645,0.00844096366282,-0.999926471622,0.0,0.661209285345,0.260322948307,0.303219816788,1.0,-0.00454,-0.00596685714286,0.228
0.464684670422,0.544905581465,-0.123936794899,-1.36041356515,0.0792579450398,1.89572400059,0.158665033267,-0.00349710478421,-0.0230317305179,-0.00185475000903,-0.0353758292528,0.000140937418417,0.0236825041946,-0.00688371233305,0.573874904837,0.818929003896,0.00190448884593,0.0,0.818884548564,-0.573815821333,-0.0120102544567,0.0,-0.00874288821512,0.00845210285144,-0.999926059198,0.0,0.661128161284,0.260228174131,0.303209329006,1.0,-0.00486,-0.00638742857143,0.244
0.464609748411,0.544469464744,-0.123942415751,-1.36115007284,0.0792263572179,1.89598838492,0.158543436443,-0.00464399438419,-0.0212946536568,-0.00075653395913,-0.0442932742672,-0.000308199647794,0.0127934852776,-0.00445609516059,0.57387328174,0.818930200509,0.0018788561912,0.0,0.818885297258,-0.573814199903,-0.0120366450804,0.0,-0.00877922683438,0.00844623934035,-0.999925790355,0.0,0.66104553478,0.260106516506,0.303190538858,1.0,-0.0052,-0.00683428571429,0.261
0.464547213032,0.543968582815,-0.123942153738,-1.36195810504,0.0791925642338,1.89628016302,0.158460989145,-0.000102739191758,-0.033865943326,-0.000310904989404,-0.0530127851003,-0.00296367402421,0.0162863634949,-0.00394031153559,0.573892793611,0.81891653975,0.00187330364439,0.0,0.818871406328,-0.573833581971,-0.0120576532628,0.0,-0.00879941656311,0.00845395787001,-0.999925547661,0.0,0.660949076869,0.259990326856,0.303185670145,1.0,-0.00554,-0.00728114285714,0.278
0.464473848497,0.543479698299,-0.123943099927,-1.36275450754,0.0791499624466,1.8965427013,0.158350663871,-0.00322001613298,-0.0307158141116,-0.000459582793791,-0.0481906591028,-0.000175805812762,0.0159155990045,-0.0107698381614,0.573895981232,0.818914385252,0.00183827488597,0.0,0.818868691902,-0.573836825394,-0.012087602976,0.0,-0.00884401241017,0.0084424950661,-0.999925251067,0.0,0.660852613881,0.25986409525,0.303175279441,1.0,-0.00586,-0.00770171428571,0.294
0.4643967667,0.542912148513,-0.123944047017,-1.36363531882,0.0790916805609,1.89686013477,0.158235107263,-0.00396759451393,-0.0365758371489,-0.000563993807019,-0.0525669726339,-0.00342848942439,0.0185608569126,-0.00924785661059,0.573898520527,0.818912604364,0.00183887233468,0.0,0.818866951625,-0.573839393044,-0.0120836016467,0.0,-0.00884036651465,0.00844071540075,-0.999925298332,0.0,0.660751462237,0.259727623922,0.303185038053,1.0,-0.0062,-0.00814857142857,0.311
0.464323522871,0.542320588896,-0.123948427093,-1.3645598541,0.0790376156364,1.89719703003,0.158115594642,-0.00363502063188,-0.0335495152801,-0.000528758563991,-0.054585558246,-0.00346278345477,0.0185813189722,-0.0057502143363,0.573900613573,0.818911130698,0.00184191762068,0.0,0.818865507768,-0.573841462829,-0.0120831547256,0.0,-0.0088382313602,0.00844297527207,-0.999925298127,0.0,0.660644160028,0.259588833342,0.303192706451,1.0,-0.00654,-0.00859542857143,0.328
0.464238327991,0.541729270448,-0.123949387171,-1.36546708628,0.0789845073534,1.89753384404,0.15800292083,-0.00526766788288,-0.0366093634079,-0.000836280154002,-0.0545846480276,-0.00810667365246,0.0228512250887,-0.00936408729808,0.573914959487,0.818901035398,0.00186021598481,0.0,0.818855636368,-0.573855711695,-0.0120754231524,0.0,-0.00882125079089,0.00845367709278,-0.999925357653,0.0,0.660542946914,0.259446339479,0.303208240615,1.0,-0.00686,-0.009016,0.344
0.464160933264,0.541078747916,-0.123949413604,-1.36647065348,0.0789343649284,1.89792076185,0.157863895169,-0.00342382821991,-0.0415689672008,-0.000396790676817,-0.0616052707953,-0.0050440224729,0.0239796362779,-0.00220847377556,0.57390687166,0.818906625911,0.0018940967502,0.0,0.818861585322,-0.573847395289,-0.0120672244483,0.0,-0.00879517690497,0.00847662930176,-0.999925393026,0.0,0.660428498107,0.259302767145,0.303224026412,1.0,-0.0072,-0.00946285714286,0.361
0.464066175403,0.54036730527,-0.123947249946,-1.36755750018,0.0788590127769,1.89831278122,0.157725820792,-0.00416300651136,-0.0468447625916,-0.0012855015305,-0.0648893100496,-0.000689595904172,0.020421832248,-0.0079884296196,0.573911727581,0.818903192204,0.0019072611453,0.0,0.818858390857,-0.573852258114,-0.0120527375258,0.0,-0.00877570807922,0.00847914745776,-0.999925542731,0.0,0.660294537131,0.259127691371,0.303246796673,1.0,-0.00756,-0.009936,0.379
0.463976341897,0.53962410216,-0.123952659554,-1.36870485727,0.0787925694217,1.89875311021,0.157581965226,-0.00263584104003,-0.0424499985304,-0.000565395837098,-0.0662943580751,-0.00155313552695,0.0248205933011,-0.00539204532305,0.573915188511,0.818900704116,0.00193393293496,0.0,0.818856253878,-0.573855605742,-0.0120385274782,0.0,-0.00874872881266,0.00849287035947,-0.999925662686,0.0,0.660173045878,0.258966440919,0.303260886317,1.0,-0.00788,-0.0103565714286,0.395
0.463868716468,0.538873516662,-0.123950873775,-1.3698657739,0.0787343445013,1.89919763886,0.157432288919,-0.0077868430823,-0.0398180483075,5.07793723096e-05,-0.0652370703818,-0.00833881978356,0.0239308453416,-0.0120187003306,0.573928159968,0.818891529109,0.00196917502242,0.0,0.818847432118,-0.573868319771,-0.0120325133643,0.0,-0.00872344405978,0.00851841617135,-0.999925666292,0.0,0.660043604069,0.258789225056,0.303277094548,1.0,-0.00822,-0.0108034285714,0.412
0.463757028003,0.538090291691,-0.123963710474,-1.37108675871,0.0786601291756,1.89966811968,0.157279251581,-0.00507458251764,-0.0452953451282,-0.000583189283639,-0.0753993354173,-0.00154229453188,0.0318625435366,-0.0107185070029,0.573950937627,0.818875508554,0.00199238255438,0.0,0.818831799573,-0.573891078666,-0.0120108590765,0.0,-0.00869215511214,0.0085252341583,-0.999925880664,0.0,0.659911331741,0.258593331868,0.30329034512,1.0,-0.00856,-0.0112502857143,0.429
0.46365647832,0.537331681163,-0.123965470314,-1.37227558804,0.0785886446331,1.90010878011,0.157139100705,-0.00800471559085,-0.0493120527809,-0.00024636687262,-0.07250520783,-0.000330943541054,0.0226940387429,-0.00836544520711,0.573966102459,0.818864859926,0.00200032685337,0.0,0.818821249753,-0.573906203065,-0.012007411802,0.0,-0.00868461479974,0.00852992171402,-0.999925906206,0.0,0.659774082136,0.258413143493,0.303298436685,1.0,-0.00888,-0.0116708571429,0.445
0.463536455808,0.53648673373,-0.123963632267,-1.37359583491,0.0785181675307,1.9006135768,0.156987728712,-0.00894300979135,-0.0514111181655,0.00163574016945,-0.0802932586133,-0.00446617711964,0.0366672021299,-0.00507200067981,0.573993008839,0.818845927735,0.00202961482462,0.0,0.818802617273,-0.573932900847,-0.0120019237123,0.0,-0.0086630304231,0.00855103886794,-0.999925913075,0.0,0.659625313753,0.258212253934,0.303310251963,1.0,-0.00922,-0.0121177142857,0.462
0.463410860429,0.535563475078,-0.123969121277,-1.3750751472,0.078430951748,1.90114019012,0.156807049648,-0.0108998823716,-0.0487117877821,0.000601445580384,-0.0896146230769,-0.00704505845109,0.0311582319007,-0.00301759378258,0.574009523081,0.818834414478,0.00200399087878,0.0,0.818790727615,-0.573949480352,-0.0120202028098,0.0,-0.00869253356438,0.00854072446737,-0.999925745186,0.0,0.659449732391,0.25798438236,0.303303579927,1.0,-0.00958,-0.0125908571429,0.48
0.46330110118,0.534772036952,-0.123972526609,-1.37633800446,0.0783637031769,1.90159784665,0.156642678564,-0.00824788476284,-0.0548985720043,0.000746159594167,-0.0829690577645,-0.00558713209023,0.0308506908128,-0.0154466190375,0.574018388211,0.818828219442,0.00199598167679,0.0,0.818784330674,-0.573958283011,-0.0120356182506,0.0,-0.00870966133387,0.00854310919193,-0.999925575773,0.0,0.659301206851,0.257790690994,0.303300716189,1.0,-0.00988,-0.0129851428571,0.495
0.463177568069,0.533862174754,-0.123980642199,-1.37782745732,0.0782710258953,1.90214077382,0.156461983207,-0.00989549537117,-0.0469058925304,-0.000200746814159,-0.0872976746744,-0.00939788589216,0.0285694821922,-0.00425033993603,0.574026767618,0.818822429857,0.00196094927177,0.0,0.818778095895,-0.573966824079,-0.0120524454226,0.0,-0.00874346115965,0.00852417271544,-0.999925442404,0.0,0.659115242483,0.25755182107,0.303279987848,1.0,-0.01024,-0.0134582857143,0.513
0.463043731978,0.532925352569,-0.123975982875,-1.37933402584,0.0781904395002,1.90272381951,0.156261972709,-0.0114339879368,-0.0569167719411,-7.58483333422e-05,-0.0882405316496,-0.0060194007198,0.0383728660497,-0.0144479040731,0.574044632168,0.81880987408,0.00197415524305,0.0,0.818765586303,-0.57398450604,-0.0120601995666,0.0,-0.00874204427792,0.00853962761341,-0.999925322923,0.0,0.658943710927,0.257321088955,0.303272349449,1.0,-0.01058,-0.0139051428571,0.53
0.462910512599,0.531944531248,-0.123978942411,-1.38089814064,0.0781044701623,1.90328923524,0.156073575569,-0.00448846228988,-0.0638822396441,-0.00050189733154,-0.0919606409141,-0.00407929742785,0.0371500350221,-0.00781935968292,0.574056532381,0.818801555469,0.00196399936118,0.0,0.818757066005,-0.573996381434,-0.0120734364712,0.0,-0.00875858866598,0.0085390378321,-0.99992518318,0.0,0.658767589046,0.257098191756,0.303270988739,1.0,-0.0109,-0.0143257142857,0.546
0.46277868946,0.530930990424,-0.123981447737,-1.38253448909,0.0780019390731,1.90386625293,0.155858574146,-0.0145012567939,-0.0638158024165,-0.000607958381276,-0.102815216816,-0.00411204245522,0.0238320531824,-0.0190718722961,0.574051553057,0.818805145395,0.00192229278043,0.0,0.818760085011,-0.573991559915,-0.0120979023004,0.0,-0.00880261429803,0.00851888021945,-0.999924968516,0.0,0.658567643049,0.256851559325,0.303256524591,1.0,-0.01124,-0.0147725714286,0.563
0.462622913245,0.52978189793,-0.123979518682,-1.38434826327,0.0778882460837,1.90453273051,0.155616912698,-0.00807354023562,-0.0585267405437,0.00156006160799,-0.0894282337988,-0.00252450929917,0.0339556594088,-0.0159792800311,0.57404778587,0.81880778824,0.00192155079132,0.0,0.818762710547,-0.573987789101,-0.012099119094,0.0,-0.0088040757604,0.00851893067706,-0.999924955219,0.0,0.65835293824,0.256576740546,0.303260461461,1.0,-0.01162,-0.015272,0.582
0.462503907814,0.528896311616,-0.123984721951,-1.3857233461,0.0778025177156,1.905051189,0.15544088096,-0.00965928191227,-0.0605281744164,0.000571828635758,-0.102383550843,-0.00710531700254,0.0325164015792,-0.0053827345063,0.574056293601,0.818801773199,0.00194290617039,0.0,0.818757020918,-0.573996247041,-0.0120828796737,0.0,-0.00877843146403,0.00852718536426,-0.999925110321,0.0,0.658194524488,0.256365096612,0.303274754788,1.0,-0.0119,-0.01564,0.596
0.462358443716,0.527699967305,-0.123987843582,-1.38754615173,0.0776924718165,1.90576519307,0.155171883353,-0.00718978346479,-0.0733530563344,-0.000873686475187,-0.104365342034,-0.00852184186272,0.0457863912634,-0.0135807414472,0.574026575001,0.818822431519,0.00201587098258,0.0,0.818778681029,-0.57396626436,-0.0120393425895,0.0,-0.00870120936098,0.00856161961387,-0.999925491037,0.0,0.657985755036,0.256097528734,0.303311395592,1.0,-0.01226,-0.0161131428571,0.614
0.462195745783,0.526476257496,-0.123988562374,-1.38944111498,0.0775672407378,1.90648090376,0.154922424622,-0.00725961300669,-0.0695533849612,4.52703636651e-05,-0.109299686301,-0.00593962970752,0.0479413786103,-0.0130642206761,0.574013560686,0.818831437651,0.00206295028255,0.0,0.818788364862,-0.573953114165,-0.0120076312234,0.0,-0.00864835570608,0.00858182806938,-0.999925776331,0.0,0.657776227452,0.255829768283,0.303343279981,1.0,-0.0126,-0.01656,0.631
0.462052324249,0.525358388049,-0.123987825837,-1.39117022655,0.0774551042702,1.90709983901,0.154689965145,-0.0109282709158,-0.0649740811276,0.000384553365325,-0.10543912021,-0.00640884656426,0.0316303339015,-0.0166974854614,0.574013891001,0.818831237334,0.00205051343627,0.0,0.818788042722,-0.573953537036,-0.0120093846609,0.0,-0.00865692653472,0.00857265455099,-0.999925780854,0.0,0.657554939598,0.255548967546,0.303349695404,1.0,-0.01294,-0.0170068571429,0.648
0.461902423556,0.524247504649,-0.123997071051,-1.39294006236,0.0773505436724,1.90772777276,0.15444412462,-0.00946814693893,-0.0693530747179,5.3913013166e-05,-0.113295612574,-0.00509878732595,0.0423246505095,-0.0140698106794,0.574008656031,0.81883497372,0.00202373789733,0.0,0.818791378313,-0.573948365628,-0.0120291020156,0.0,-0.00868849565468,0.00856199266845,-0.999925598395,0.0,0.657339671195,0.255275266274,0.30334327794,1.0,-0.01326,-0.0174274285714,0.664
0.461752249195,0.523042106447,-0.123998139836,-1.39486857272,0.0772289299804,1.90845362863,0.154185306197,-0.00687304778875,-0.0729262657807,-9.35581862916e-05,-0.112576778118,-0.0103617738534,0.047292773876,-0.0213683908397,0.573991143179,0.818847255464,0.00202155176679,0.0,0.818803660932,-0.573930893273,-0.0120266991332,0.0,-0.00868796583645,0.00855863755183,-0.999925631721,0.0,0.657107680369,0.254992458146,0.303335714316,1.0,-0.0136,-0.0178742857143,0.681
0.461598882126,0.521876194825,-0.124006324523,-1.39671238852,0.0771149431473,1.90918003291,0.15392411158,-0.0109735272068,-0.0721009044917,-0.00109091085741,-0.114889466144,-0.00625754042995,0.0480385385968,-0.0253093736907,0.573976821493,0.8188572056,0.00205721360624,0.0,0.818814168358,-0.573916513256,-0.0119975168188,0.0,-0.00864375065547,0.0085709372347,-0.99992590956,0.0,0.65689611783,0.254714219534,0.303340667017,1.0,-0.01392,-0.0182948571429,0.697
0.46143553774,0.520620787772,-0.124002106726,-1.39873481939,0.0769831839175,1.90991898441,0.153664032608,-0.00980007801228,-0.0730627409663,0.000455122883535,-0.123082732108,-0.00718919047668,0.038186554785,-0.00997539589036,0.57396687624,0.818864248981,0.00202820623619,0.0,0.818820840212,-0.573906698614,-0.0120116536139,0.0,-0.00867207953483,0.00855519355165,-0.999925799097,0.0,0.656647323652,0.254414701162,0.303323846018,1.0,-0.01426,-0.0187417142857,0.714
0.461268267736,0.519296363262,-0.124007028167,-1.40079751488,0.0768616497952,1.91065806345,0.153388589011,-0.00894503027488,-0.0779541492806,-0.000626064961184,-0.119210971518,-0.00742980078486,0.0446618192456,-0.020844991134,0.573958562209,0.818870070499,0.00203061768542,0.0,0.818826613521,-0.573898296784,-0.0120195191398,0.0,-0.00867722351773,0.00856159456386,-0.999925699685,0.0,0.656392669904,0.254105113789,0.30333623728,1.0,-0.0146,-0.0191885714286,0.731
0.461096527589,0.518026019409,-0.124014817456,-1.40277490381,0.0767310614547,1.91137273143,0.153111738297,-0.0132504955669,-0.0744833145012,-0.000598015266874,-0.122897827746,-0.000881026787689,0.0392935248029,-0.0152745437888,0.573947462737,0.818877851215,0.00203019913014,0.0,0.818834462545,-0.573887273275,-0.0120111374321,0.0,-0.00867071590617,0.00855632360305,-0.999925801253,0.0,0.656153458955,0.253797281308,0.303348835744,1.0,-0.01492,-0.0196091428571,0.747
0.460922745153,0.516677945682,-0.124010411934,-1.40491196826,0.0765926517582,1.91215930129,0.152811369717,-0.0130326964963,-0.0745803348931,0.000445225939202,-0.123699576286,-0.00821326633146,0.0485165878178,-0.0141975166505,0.57391628738,0.81889971639,0.00202397549949,0.0,0.818856252965,-0.573856134592,-0.0120133539119,0.0,-0.00867642840283,0.00855216912546,-0.999925787243,0.0,0.655890285522,0.253480943831,0.303345467037,1.0,-0.01526,-0.020056,0.764
0.460716132467,0.515205556064,-0.124018930634,-1.40722855161,0.0764520395107,1.91302422781,0.152511272125,-0.00706145855078,-0.0834483332885,-0.00160288650265,-0.135520590739,-0.00464853927411,0.0473967127039,-0.0191598210349,0.573930082751,0.8188900114,0.00203868696682,0.0,0.818846748987,-0.573869874865,-0.012004803117,0.0,-0.00866083907476,0.00855945463733,-0.999925860053,0.0,0.655613986736,0.253120859483,0.3033506117,1.0,-0.01562,-0.0205291428571,0.782
0.460541935248,0.513984163866,-0.12401968818,-1.40921424775,0.0763346991679,1.91372758196,0.152228863825,-0.0112829490934,-0.0840975931021,-0.000574165220623,-0.132268251443,-0.00878598715895,0.0492393026727,-0.0218765005659,0.573914649379,0.818900951101,0.0019885710672,0.0,0.818856911638,-0.573854536156,-0.0120447705204,0.0,-0.00872249144254,0.00854118985709,-0.999925480333,0.0,0.655365326666,0.252815423726,0.303322665261,1.0,-0.01592,-0.0209234285714,0.797
0.460337421635,0.512482821123,-0.124025504579,-1.41162182767,0.0761958805589,1.91457172313,0.15187659457,-0.0147184094423,-0.0838211032373,-0.000843230260493,-0.135707303523,-0.00695500703328,0.0443767681885,-0.0243010975356,0.573886365499,0.818920889787,0.00193975935547,0.0,0.818876042404,-0.573826301694,-0.0120892333027,0.0,-0.00878720993694,0.00852643278621,-0.999925039633,0.0,0.655060960498,0.252446940752,0.30330204377,1.0,-0.01628,-0.0213965714286,0.815
0.460139129659,0.511033558183,-0.12402685157,-1.41392999492,0.0760493410873,1.91545177094,0.151563276601,-0.015380636743,-0.0875902977464,0.00114815687481,-0.136923363276,-0.00700218896475,0.048977946646,-0.0194871872501,0.573874350934,0.818929280123,0.00195202396316,0.0,0.8188846434,-0.573814284008,-0.0120770514734,0.0,-0.0087703206922,0.00852935673903,-0.999925162974,0.0,0.654782969338,0.252097460769,0.303294708414,1.0,-0.01662,-0.0218434285714,0.832
0.459912323787,0.509371415688,-0.124035739212,-1.41656392967,0.0758816913271,1.91643308392,0.151193521343,-0.0123773823083,-0.0870737487877,-0.00172691193382,-0.133651454781,-0.00154926539277,0.0516480557955,-0.0256180687989,0.573855541685,0.818942457995,0.00195311852264,0.0,0.818897896005,-0.573795531142,-0.0120694350112,0.0,-0.00876365082206,0.00852568096082,-0.999925252801,0.0,0.65446206479,0.25169261967,0.30328981902,1.0,-0.017,-0.0223428571429,0.851
0.459742139953,0.508120381996,-0.124038724082,-1.41853285404,0.0757504840423,1.91712609813,0.150923021033,-0.0119691140645,-0.0946324466778,-0.000608120924048,-0.144314149638,-0.0112269518477,0.0523985309195,-0.0195198105502,0.573841926155,0.818952061949,0.00192637399686,0.0,0.818907170268,-0.573782053154,-0.012080929698,0.0,-0.00878855266624,0.00851022929457,-0.99992516587,0.0,0.654213158622,0.251388254902,0.30328807295,1.0,-0.01728,-0.0227108571429,0.865
0.459507570863,0.506495469816,-0.124044839369,-1.42109828362,0.0755864774722,1.9180710827,0.150569764778,-0.0119908592976,-0.0925045501734,-0.000388111834332,-0.143326404857,-0.0130604270612,0.0631417379123,-0.0223289389053,0.573837462989,0.81895519422,0.00192427435589,0.0,0.818910310313,-0.573777633825,-0.012077975263,0.0,-0.00878738417493,0.0085067665745,-0.999925205604,0.0,0.653899455,0.250985910721,0.303285414585,1.0,-0.01764,-0.023184,0.883
0.459316831739,0.505073145921,-0.124046527352,-1.42326320861,0.0754538119589,1.91890860905,0.15027782142,-0.0144096401031,-0.0938805657094,-0.00103819212803,-0.14590843704,-0.00922949855898,0.0611364216443,-0.0194775017467,0.573843388555,0.818950848552,0.00200498594416,0.0,0.818907055355,-0.573783245222,-0.0120320028648,0.0,-0.0087033591809,0.00854654697814,-0.999925601269,0.0,0.653624566564,0.250627885692,0.303320721311,1.0,-0.01796,-0.0236045714286,0.899
0.459074377773,0.503319499726,-0.124049966632,-1.42589024503,0.0752897328105,1.91990092814,0.149908432966,-0.0151117490228,-0.095602287117,0.000738157448431,-0.140571319601,-0.0103937350849,0.0528659410179,-0.0240274602531,0.573820977726,0.818966305731,0.00210297398365,0.0,0.818923826976,-0.573760459426,-0.0119769658654,0.0,-0.00860229379047,0.00859497524572,-0.999926060738,0.0,0.653323931294,0.250249243273,0.303382357137,1.0,-0.0183,-0.0240514285714,0.916
0.458843510861,0.501621356221,-0.124060273307,-1.42841993953,0.0751278448235,1.92082050721,0.149551152288,-0.00974256116781,-0.0946574185905,-0.00118373406047,-0.150494689922,-0.00765262909874,0.0589642221154,-0.032589396625,0.573810288914,0.818973608414,0.00217438704529,0.0,0.818932112949,-0.57374953069,-0.0119338725911,0.0,-0.00852613730609,0.00862862038442,-0.99992642324,0.0,0.653012313255,0.24985099858,0.303443786844,1.0,-0.01864,-0.0244982857143,0.933
0.458616789809,0.500003300421,-0.124058775888,-1.43086905557,0.0749715593239,1.92167785937,0.149220654893,-0.0150592188339,-0.102739500989,0.00105767279701,-0.149779462621,-0.0159638243579,0.0553276840463,-0.0244933448845,0.573806446099,0.818976240478,0.00219700921595,0.0,0.818934976752,-0.573745532526,-0.0119295708045,0.0,-0.008509674663,0.00864463875407,-0.999926425122,0.0,0.652700461015,0.249467715834,0.303481315934,1.0,-0.01896,-0.0249188571429,0.949
0.458364281583,0.498336737931,-0.124064535641,-1.43348933256,0.0748057562411,1.92266339476,0.148837473814,-0.0172495006941,-0.0962921406097,-0.000693970199484,-0.152340348639,-0.0102500462912,0.0634336873882,-0.0255015332936,0.573792039882,0.818986274561,0.0022189975568,0.0,0.818945336349,-0.573731079047,-0.0119135178908,0.0,-0.00848406311614,0.00865328603581,-0.999926567961,0.0,0.652381673021,0.249050859461,0.303482066542,1.0,-0.0193,-0.0253657142857,0.966
0.458102939307,0.496652020364,-0.124062118976,-1.43615386172,0.0746454370286,1.92361520403,0.148445321634,-0.0171400113991,-0.101423741789,0.0006665263772,-0.163734662107,-0.0150208731865,0.0573727137056,-0.0206924528699,0.573774675496,0.818998494724,0.00219870404754,0.0,0.818957138652,-0.573713642805,-0.011941859646,0.0,-0.00851910258485,0.00865274761094,-0.999926274707,0.0,0.65204474956,0.248626815624,0.303470619264,1.0,-0.01964,-0.0258125714286,0.983
0.457856427549,0.495074435708,-0.124067721435,-1.43872906517,0.0744833987963,1.92450615802,0.148077004667,-0.0144795425791,-0.102304043034,-0.000760264607449,-0.165677241534,-0.00852996842481,0.0609505695417,-0.0185608901711,0.573764750948,0.819005692125,0.00210564436511,0.0,0.818963013091,-0.573703993718,-0.0120024031969,0.0,-0.00862218595963,0.00861116652645,-0.999925750104,0.0,0.651711446065,0.24821273196,0.303421491601,1.0,-0.01996,-0.0262331428571,0.999
0.457557848748,0.493147437255,-0.124097936867,-1.4417842565,0.0742880685988,1.92562250581,0.147648579889,-0.0198484348579,-0.117612403073,-0.00153515631818,-0.179079878223,-0.00966365726563,0.0652024232528,-0.0226141325207,0.573780755664,0.818994533882,0.002084418852,0.0,0.8189516898,-0.573720197022,-0.0120005084995,0.0,-0.0086326438756,0.00859286461556,-0.999925817317,0.0,0.651334829126,0.247707975013,0.303406774584,1.0,-0.024012,-0.0315586285714,1.017
0.457252414426,0.490969390581,-0.124123525625,-1.4452288033,0.074091411287,1.92689420721,0.147134004963,-0.0192096845917,-0.138586506397,-0.00021722899222,-0.215250299345,-0.0186931837896,0.0754873662289,-0.0362034048424,0.573747431959,0.819017861506,0.0020913526736,0.0,0.818974996219,-0.573686737166,-0.0120095823812,0.0,-0.00863644746622,0.00860339824015,-0.999925693896,0.0,0.650900151967,0.247169032259,0.303393869371,1.0,-0.028296,-0.0371890285714,1.034
0.4569053574,0.488784813207,-0.124134577226,-1.44878452303,0.0738822042176,1.92815631462,0.146623553883,-0.0198416169093,-0.153079663698,-0.00165317983043,-0.2465189895,-0.0184248672363,0.0909554816966,-0.0338594549018,0.573738744939,0.819024158839,0.00200666264404,0.0,0.818979938869,-0.573678167277,-0.0120816812155,0.0,-0.00874417859941,0.00857531016815,-0.999924998885,0.0,0.650410304489,0.246557191253,0.303332489811,1.0,-0.032328,-0.0424882285714,1.05
0.456419817591,0.485670758555,-0.124175442499,-1.45355721738,0.0735876527341,1.92998366926,0.145912283175,-0.0238111753881,-0.176569099876,-0.00289432918765,-0.274155793242,-0.0132673243628,0.105362248817,-0.0390734600095,0.573743573025,0.819020451149,0.00213539540222,0.0,0.818978119633,-0.573682653498,-0.0119916445373,0.0,-0.00859652832813,0.00862913723207,-0.999925816094,0.0,0.649866883703,0.245808369681,0.303381512826,1.0,-0.036612,-0.0481186285714,1.067
0.455887565957,0.482396170211,-0.12423127993,-1.4586456038,0.0732832177396,1.9317522742,0.145132794095,-0.0389730776969,-0.203079215268,-0.00306404856778,-0.317133084616,-0.0210988500993,0.106860396703,-0.0520016745262,0.573748632841,0.819017005958,0.00209694184668,0.0,0.818974034067,-0.57368773542,-0.0120274957517,0.0,-0.00864790023929,0.00861826609575,-0.999925466878,0.0,0.649217696659,0.244941513216,0.303386954189,1.0,-0.040896,-0.0537490285714,1.084
0.455337773829,0.478972756879,-0.124295156459,-1.46398639647,0.0729514703861,1.9336647837,0.144340266578,-0.0352170191243,-0.220191617331,-0.00500492718637,-0.343448713218,-0.0266536255155,0.13517801604,-0.0461878091293,0.573766432417,0.819004574577,0.00208200719671,0.0,0.818961470691,-0.573705658611,-0.0120280382007,0.0,-0.00865672566834,0.00860653394564,-0.999925491561,0.0,0.648541883951,0.244036501802,0.303385608366,1.0,-0.044928,-0.0590482285714,1.1
0.454688490374,0.47497293286,-0.124334743162,-1.47011741897,0.0725831706254,1.93591261495,0.143484865173,-0.038311876886,-0.238145464887,-0.00151285895108,-0.37529182045,-0.0202586249869,0.137993255878,-0.0428403118654,0.57381740508,0.81896852548,0.00221061131563,0.0,0.818927055112,-0.573756044433,-0.0119677392964,0.0,-0.0085330144876,0.00867779359684,-0.999925939039,0.0,0.647725362967,0.242952670679,0.303449131593,1.0,-0.049464,-0.0650098285714,1.118
0.453961124615,0.470648753234,-0.124363574111,-1.47676438858,0.072187228059,1.93825767359,0.142480812074,-0.0464866798619,-0.264920088227,-0.00195882407741,-0.393187243271,-0.0287620744527,0.146063674928,-0.0593139325942,0.573828431848,0.818960791716,0.0022134445959,0.0,0.818918944187,-0.57376663715,-0.012014817777,0.0,-0.00856982901241,0.00870724339681,-0.999925368187,0.0,0.646906024217,0.241891358941,0.303461996665,1.0,-0.053496,-0.0703090285714,1.134
0.453186781672,0.465930061189,-0.124390188512,-1.48382488583,0.0717307358333,1.94091932354,0.141333684027,-0.0446545425397,-0.278192817604,-0.0008081580749,-0.426774564407,-0.0265976492618,0.156172118897,-0.0685725478645,0.57375304629,0.819012857948,0.00247533659357,0.0,0.818974639341,-0.573690439405,-0.0118560850824,0.0,-0.00829036880465,0.00882987282947,-0.999926648875,0.0,0.646020290752,0.240709762163,0.303589421221,1.0,-0.05778,-0.0759394285714,1.151
0.452324494687,0.460933588104,-0.124409281004,-1.49158138236,0.0712284447853,1.94357746116,0.14016863853,-0.0529508662833,-0.293715705171,-0.00520388607687,-0.459657242536,-0.0354530094167,0.161377496992,-0.0645934056319,0.573744361168,0.819019201403,0.00238802466392,0.0,0.818979532118,-0.573681765345,-0.0119375451391,0.0,-0.00840727434771,0.00880501205544,-0.999925892004,0.0,0.644979295186,0.239392038284,0.303571601071,1.0,-0.062064,-0.0815698285714,1.168
0.451405307912,0.45563278784,-0.124448248948,-1.49979857182,0.0706579263971,1.94643806414,0.138911780109,-0.0551834912809,-0.312911228983,-0.00283390672978,-0.490963253951,-0.0385061457653,0.175354531075,-0.0764518651693,0.57371873335,0.819037366769,0.00231381491086,0.0,0.818996856029,-0.573656569452,-0.0119598093551,0.0,-0.00846835867927,0.00875674240615,-0.999925800429,0.0,0.643881370554,0.237980261605,0.303555855052,1.0,-0.066348,-0.0872002285714,1.185
0.4504654027,0.450243259901,-0.124484854864,-1.50778256482,0.0701201054944,1.94945512409,0.137615492831,-0.0626354378568,-0.341637889214,-0.000741746556879,-0.505549263698,-0.0354267328116,0.197894951712,-0.0760114331363,0.573670930658,0.81906982594,0.0026515002556,0.0,0.819034143298,-0.573607945488,-0.0117364341499,0.0,-0.00809219326206,0.00890469178462,-0.999927608816,0.0,0.642867148547,0.236601963454,0.303717891906,1.0,-0.07038,-0.0924994285714,1.201
0.44939048878,0.444311276467,-0.124519030237,-1.5168610147,0.0695216640013,1.95262961794,0.136267941267,-0.0652549525816,-0.352771443766,-0.00239768918172,-0.543408359615,-0.0384335114005,0.181525195646,-0.0840557569132,0.573716652134,0.8190377468,0.00266819813812,0.0,0.819002124642,-0.573653428603,-0.0117477906434,0.0,-0.00809141875318,0.00892533490232,-0.999927431037,0.0,0.641642551135,0.235020800689,0.303737667374,1.0,-0.074664,-0.0981298285714,1.218
0.448182924664,0.437739127077,-0.124560525842,-1.52715688734,0.0688143488392,1.95602805492,0.134615533466,-0.0668957308495,-0.372591818773,-0.00109759688526,-0.573735964618,-0.0422917762453,0.188940605347,-0.0898440177116,0.573642054659,0.819090889916,0.00237783188122,0.0,0.819051104658,-0.573579530233,-0.0119397385843,0.0,-0.00841601744335,0.0087968713696,-0.999925890106,0.0,0.64019057069,0.233217573328,0.303627113419,1.0,-0.0792,-0.104091428571,1.236
0.447080423938,0.431865066498,-0.124582873093,-1.53584279259,0.0682298213476,1.95923925057,0.133189317816,-0.0680149591546,-0.387197012326,-0.00606722526015,-0.592978437729,-0.0406201246412,0.211717690379,-0.100628034916,0.573610997224,0.819111623972,0.00270522427713,0.0,0.819076322069,-0.573547476169,-0.011748110779,0.0,-0.00807159494543,0.00895480309846,-0.999927327788,0.0,0.639045005929,0.2316809631,0.303778403551,1.0,-0.08298,-0.109059428571,1.251
0.445655289154,0.424695826301,-0.124634546671,-1.54689248475,0.0674260351347,1.96301650089,0.131390007721,-0.0783881666905,-0.414004854574,-0.00829604742857,-0.614526045637,-0.0481694626169,0.212843466782,-0.100757100322,0.573590895616,0.819126117433,0.00257586995267,0.0,0.819089315152,-0.573528047353,-0.0117906575489,0.0,-0.0081808593827,0.00887305221257,-0.99992716859,0.0,0.637511212786,0.229669725673,0.303727951579,1.0,-0.087516,-0.115021028571,1.269
0.444208502661,0.417562272189,-0.124766672283,-1.55776668893,0.0666440274847,1.96667716217,0.129652598063,-0.0829672675719,-0.435464878717,-0.00793720896717,-0.639105994085,-0.04319357002,0.227822085291,-0.100154718053,0.573688484231,0.819058121475,0.00246243947788,0.0,0.819020156177,-0.57362638301,-0.0118111554123,0.0,-0.00826166157598,0.00879288070148,-0.999927212449,0.0,0.635997848698,0.227617875206,0.303716109005,1.0,-0.0918,-0.120651428571,1.286
0.442767316332,0.410551753447,-0.124806674581,-1.56827467943,0.0659447767008,1.97043324809,0.127858124471,-0.0899868505531,-0.442519099121,-0.000187252639813,-0.664398358473,-0.0434547918539,0.226084379149,-0.104243921755,0.573668621985,0.819071348053,0.00268064346329,0.0,0.819036090578,-0.573605584355,-0.0117159220198,0.0,-0.00805869913718,0.0089167722583,-0.999927771662,0.0,0.634550505442,0.225688151777,0.303788135012,1.0,-0.095832,-0.125950628571,1.302
0.441113785339,0.402945999452,-0.124879886028,-1.57999175949,0.0651110756094,1.9742664256,0.125932297833,-0.0992798391251,-0.451176981066,-0.00526148558443,-0.698818794953,-0.0518821314028,0.230543786261,-0.118841862018,0.573738353312,0.819023301399,0.00242499612367,0.0,0.818984382857,-0.573675895582,-0.0118867306604,0.0,-0.00834450822289,0.00880607677337,-0.999926408389,0.0,0.632854783468,0.223463085274,0.303682874752,1.0,-0.100116,-0.131581028571,1.319
0.439381507337,0.394890702928,-0.12497799498,-1.59181085822,0.064257328543,1.97848516119,0.123909591171,-0.107523148255,-0.469104861463,-0.00238883250965,-0.698666207703,-0.0655676793195,0.250013097002,-0.113672926101,0.573800535985,0.818978643259,0.00277014268627,0.0,0.818944797953,-0.573737449314,-0.0116406211811,0.0,-0.0079442384937,0.00894816089522,-0.999928407183,0.0,0.63121992096,0.221194821588,0.303848689521,1.0,-0.1044,-0.137211428571,1.336
0.437543441815,0.386731209561,-0.12500643154,-1.60428346732,0.0633208796249,1.98254719546,0.121749494001,-0.108713923711,-0.482808931771,-0.00106984484093,-0.735266337942,-0.0520864259195,0.236150429081,-0.134763522032,0.57377132964,0.818999887726,0.00252825815211,0.0,0.818962645269,-0.57370882846,-0.0117946048105,0.0,-0.00820945405049,0.00883812523017,-0.999927243557,0.0,0.629367209593,0.218813724617,0.303744021965,1.0,-0.108684,-0.142841828571,1.353
0.435746732984,0.37866022045,-0.125069276024,-1.61615974219,0.0624430534727,1.98654168864,0.11962122209,-0.114091862743,-0.5111389386,-0.00265161880771,-0.749573493457,-0.0506384511399,0.256710356213,-0.122089499944,0.573743311214,0.819019085991,0.00266392941129,0.0,0.818983683382,-0.573680402981,-0.0117161636499,0.0,-0.0080676728734,0.00890395667752,-0.9999278135,0.0,0.62762701205,0.216517350112,0.303840278853,1.0,-0.112716,-0.148141028571,1.369
0.433553324522,0.369463638318,-0.125122739152,-1.63002274598,0.0613878108204,1.99109310347,0.117175163048,-0.125169352353,-0.51870716772,-0.00792138964247,-0.79742256833,-0.0572052118644,0.250738372341,-0.136607488738,0.573780760392,0.818993275261,0.00253001652938,0.0,0.818956033498,-0.573718227584,-0.0117965010023,0.0,-0.00820989645948,0.00884074782846,-0.99992721674,0.0,0.625552343551,0.213784503275,0.303774032232,1.0,-0.117252,-0.154102628571,1.387
0.43153689518,0.360934539834,-0.125241686465,-1.64251983679,0.0603977147899,1.99522112819,0.11493195724,-0.126572246971,-0.538452519321,-0.00512363720266,-0.782103794782,-0.0693002439498,0.260171624207,-0.140710804941,0.573842453446,0.818949815839,0.00260473809614,0.0,0.818914107389,-0.573780251537,-0.0116899344331,0.0,-0.00807907791848,0.00884140765321,-0.999928276433,0.0,0.623687260687,0.211263154244,0.303856336494,1.0,-0.121284,-0.159401828571,1.403
0.429245606127,0.351742195757,-0.125295483652,-1.656303829,0.0594052789545,1.99961513846,0.112375593148,-0.140217558192,-0.553541944455,-0.00659411839221,-0.845700182241,-0.0660273319452,0.264028335758,-0.15407944458,0.573858034921,0.81893937043,0.00245157464406,0.0,0.81890074105,-0.573795398362,-0.0118812468527,0.0,-0.00832347882073,0.00882591519027,-0.999926408753,0.0,0.621552504412,0.208500552013,0.303769895024,1.0,-0.125568,-0.165032228571,1.42
