position_joint1,position_joint2,position_joint3,position_joint4,position_joint5,position_joint6,position_joint7,velocity_joint1,velocity_joint2,velocity_joint3,velocity_joint4,velocity_joint5,velocity_joint6,velocity_joint7,ee_T_00,ee_T_10,ee_T_20,ee_T_30,ee_T_01,ee_T_11,ee_T_21,ee_T_31,ee_T_02,ee_T_12,ee_T_22,ee_T_32,ee_T_03,ee_T_13,ee_T_23,ee_T_33,v_x,v_y,time
0.465070504633,0.547763257058,-0.123944502697,-1.35583269832,0.0795764219314,1.89410351026,0.159158583441,0.00131668107811,-0.000850461118326,0.000144921819088,0.00104551534274,0.000266989370326,0.00239608386025,0.000222971779539,0.573797327102,0.818983095835,0.00201570032757,0.0,0.818939883637,-0.573737578056,-0.0119752000942,0.0,-0.00865116998419,0.00852223927677,-0.999926261629,0.0,0.661664645744,0.260926709071,0.30322616693,1.0,0.0,0.0,0.0
0.46507328869,0.547763223709,-0.12394700835,-1.35583520397,0.0795746435937,1.89410512432,0.159161609278,0.00165211503062,-0.00165626130183,-0.00139433678489,-0.000163633895524,-2.63810059386e-05,0.00122442446612,0.00124339718729,0.573798952505,0.818981962853,0.00201333737014,0.0,0.818938748447,-0.573739241356,-0.0119731416822,0.0,-0.00865082297621,0.00851914016139,-0.99992629104,0.0,0.661664342897,0.260926625305,0.303225217775,1.0,-6e-05,-7.88571428571e-05,0.004
0.465066956839,0.547767842731,-0.123944132876,-1.3558356507,0.0795725110659,1.89410349219,0.159160458986,2.45817010508e-05,0.00166428492764,0.000900296720734,0.000852040067247,-0.000129455719275,8.8131862708e-05,0.000579401333946,0.573800643249,0.818980793511,0.00200712945994,0.0,0.818937499724,-0.573740959525,-0.0119762185432,0.0,-0.00865688725541,0.00851583944161,-0.999926266673,0.0,0.661664903099,0.260923528196,0.303221492103,1.0,-0.00038,-0.000499428571429,0.02
0.46506376538,0.547753689098,-0.123945164507,-1.35584509462,0.079573831387,1.8941030582,0.159162871411,-0.000551837246109,-0.00420480821291,0.000439797972461,-0.000806707536238,0.000317367030702,-7.15073438783e-05,0.000437290512635,0.573806790487,0.818976474834,0.00201190477115,0.0,0.818933227287,-0.573747070142,-0.011975627375,0.0,-0.00865359923224,0.00851947600166,-0.999926264156,0.0,0.661664022254,0.260920069936,0.303227022761,1.0,-0.00072,-0.000946285714286,0.037
0.465069197323,0.547686155081,-0.123945175396,-1.35590936753,0.0795728233416,1.89411339962,0.159154207949,0.000519866653651,-0.00844901627181,-0.000260221270998,-0.00423876315522,8.36195494158e-05,0.00520452013543,-0.00151298126457,0.573798448093,0.818982284159,0.00202635191526,0.0,0.818939182251,-0.573738626001,-0.0119729574615,0.0,-0.00864321009487,0.00852968761383,-0.999926266956,0.0,0.661651780001,0.260917457465,0.303245170064,1.0,-0.0011,-0.00144571428571,0.056
0.465068347256,0.547577966296,-0.123939911079,-1.35604238526,0.0795735565377,1.89413568283,0.159157247505,0.000289393198058,-0.008110277809,0.000888763989794,-0.0129048999069,0.000286140504535,0.00206360687604,0.000552182612425,0.573804539455,0.81897801168,0.00202824729968,0.0,0.818934773119,-0.573744549397,-0.011990676174,0.0,-0.00865657096445,0.00854147111174,-0.999926050791,0.0,0.661624120241,0.260907771935,0.30325927248,1.0,-0.0014,-0.00184,0.071
0.465053474569,0.547420082148,-0.123945200829,-1.35626552886,0.07956951749,1.89418370966,0.159155615942,-0.000955616280773,-0.00817671118432,-0.000310802543861,-0.00894553146415,3.87574099922e-05,-1.00710179956e-05,0.000982099120568,0.573831077713,0.818959431812,0.00202242365952,0.0,0.818916032172,-0.573771025007,-0.0120037500479,0.0,-0.0086703431537,0.00854448449302,-0.999925905722,0.0,0.661595465982,0.260872492734,0.303270233512,1.0,-0.00176,-0.00231314285714,0.089
0.465033692266,0.547246828492,-0.123939919841,-1.35646608426,0.0795680485394,1.89430990488,0.159144389071,-0.000774428000606,-0.00806076755989,0.000722972928011,-0.0109165815132,0.000161272516512,0.0115968203462,0.000200688623335,0.573845521067,0.818949083585,0.00211266379699,0.0,0.818906819232,-0.573785047559,-0.0119619193759,0.0,-0.00858415328515,0.00859453411874,-0.999926220426,0.0,0.661583263875,0.260849280572,0.303308281814,1.0,-0.00208,-0.00273371428571,0.105
0.465024988367,0.547066859137,-0.123944552365,-1.35667952923,0.0795666110403,1.89443097187,0.159132880442,0.00219436117841,-0.00854992921341,0.000179256435438,-0.0119219847136,0.000622143004529,0.00579856340165,0.00115288764745,0.573858244965,0.818939960185,0.00219162020064,0.0,0.818898712557,-0.573797434364,-0.0119226587407,0.0,-0.00850655940383,0.0086367972661,-0.99992651939,0.0,0.661566635549,0.260825871324,0.303344828804,1.0,-0.0024,-0.00315428571429,0.121
0.464993399129,0.546846031408,-0.123938429114,-1.35699216067,0.0795581184451,1.8945646835,0.159120441536,4.77861120645e-05,-0.0159733324702,0.00126118914615,-0.022443083826,-0.00157555648063,0.00703520700063,0.00180125053254,0.573884986909,0.818921106341,0.00223389569955,0.0,0.818880316716,-0.573823908038,-0.0119120258254,0.0,-0.00847330974472,0.00866559284236,-0.999926552564,0.0,0.661534734953,0.260782016651,0.303363825871,1.0,-0.00274,-0.00360114285714,0.138
0.464952708631,0.54657469035,-0.123945357548,-1.357400275,0.0795536703712,1.89470886969,0.159037026104,-0.00328742979839,-0.0150810552546,-0.0006438569148,-0.0258491920642,-0.00126890782532,0.0114127352341,-0.00842201508698,0.573876445959,0.818927046528,0.00225036436768,0.0,0.818886313746,-0.573815140547,-0.0119221029604,0.0,-0.00847220253601,0.00868477386573,-0.999926395535,0.0,0.661489469213,0.260715276804,0.303374485343,1.0,-0.0031,-0.00407428571429,0.156
0.464920062138,0.546306016592,-0.123946237496,-1.35781439902,0.079543135531,1.8948541825,0.158928035879,-0.00411121707851,-0.0158184571966,5.2291530404e-05,-0.0275626748217,-0.00337210402354,0.0121302401336,-0.00202372958974,0.573836899018,0.818954744878,0.00225523126439,0.0,0.818913943195,-0.573775443357,-0.0119348708535,0.0,-0.00848028606815,0.008695677027,-0.999926232254,0.0,0.661436368419,0.260651242085,0.303378414759,1.0,-0.00344,-0.00452114285714,0.173
0.464867504854,0.545996897996,-0.123938825108,-1.35834948062,0.0795261682902,1.89504028701,0.158914333792,-0.00153052828606,-0.0137479226959,0.0032085003147,-0.0348769120767,-3.35063883297e-06,0.0145894211074,-0.00459329687831,0.573886917721,0.818919753395,0.00223384648778,0.0,0.818878466641,-0.573825331502,-0.0119704928944,0.0,-0.00852119944721,0.00869912554252,-0.999925854439,0.0,0.661375179749,0.260575652142,0.303360353267,1.0,-0.00378,-0.004968,0.19
0.464806252721,0.545655445775,-0.123944047344,-1.35892682475,0.0795047588637,1.89522841075,0.15882859932,-0.00181709378133,-0.0181221471707,0.000139929008702,-0.0351852451517,-0.00429058778374,0.00720371586254,-0.000626380518433,0.573896999935,0.818912781066,0.00219940293275,0.0,0.818870902902,-0.573835409715,-0.012004742401,0.0,-0.00856890668055,0.00869068003684,-0.999925520186,0.0,0.661307465686,0.260477365834,0.303343780032,1.0,-0.00412,-0.00541485714286,0.207
0.464746206259,0.545299496573,-0.123945930154,-1.35955173534,0.0794368433071,1.89543221981,0.158748311665,-0.00533422600416,-0.0223916165424,-0.00050649256108,-0.0412806719857,-0.00578755126056,0.01674548017,-0.00632383514735,0.573898504595,0.818911919493,0.00212636692136,0.0,0.818869315624,-0.573837448209,-0.0120155675629,0.0,-0.00861966848398,0.00863709917281,-0.999925548145,0.0,0.661233790712,0.260369889888,0.303315970333,1.0,-0.00444,-0.00583542857143,0.223
0.464679007178,0.544886548385,-0.123944027334,-1.36024559708,0.0793862787912,1.89566203949,0.158660825094,-0.0037353067645,-0.0273019628592,-0.000596967414287,-0.0381586201464,-0.00100698720806,0.0126446120803,-0.00621054611452,0.573905727494,0.818906980717,0.00207840895065,0.0,0.818863769522,-0.573844891363,-0.0120380447857,0.0,-0.00866552138886,0.00861080242292,-0.999925378626,0.0,0.661150905671,0.260257024674,0.303297826129,1.0,-0.00478,-0.00628228571429,0.24
0.464611219855,0.544452455331,-0.123949491065,-1.36096827772,0.0793647526703,1.89591901301,0.1585630775,-0.00382082129278,-0.0230215780985,0.000697536577027,-0.0441785395292,4.77408099076e-05,0.0208247728444,-0.00735133022607,0.573919600257,0.818897300538,0.00206167761805,0.0,0.818853670835,-0.573858635469,-0.0120697621725,0.0,-0.00870095167676,0.00861545124096,-0.99992503091,0.0,0.661067499866,0.260142913078,0.303283548701,1.0,-0.00512,-0.00672914285714,0.257
0.464547657528,0.544027150389,-0.12395054578,-1.36166809503,0.079337687071,1.89617521155,0.158494596229,-0.00779428592563,-0.0253355602027,-0.000239157815704,-0.0507688187871,-0.00677218210487,0.015832309998,-0.00243645223336,0.573948155563,0.818877308558,0.0020530846414,0.0,0.818833421583,-0.573887080764,-0.012091035203,0.0,-0.0087230035581,0.00862092765487,-0.999924791579,0.0,0.660987079073,0.26003580336,0.303273669993,1.0,-0.00542,-0.00712342857143,0.272
0.464467747318,0.543517287489,-0.123949393949,-1.36250069266,0.0792990408982,1.89646378311,0.158378921719,-0.00675876892372,-0.0268775799601,0.000541570347889,-0.0477901695752,-0.00222826144755,0.0158868560434,-0.00462215508732,0.573954070452,0.818873218943,0.00203056913431,0.0,0.818828883987,-0.573892941346,-0.0121201288301,0.0,-0.00875968826719,0.00861925188188,-0.999924485328,0.0,0.660889070774,0.259904842917,0.303263096017,1.0,-0.00576,-0.00757028571429,0.289
0.464389862113,0.542930841416,-0.123966592627,-1.36342173988,0.079240966603,1.89679308196,0.158272181004,-0.00688247772565,-0.0341006943112,-0.000523754445463,-0.0507731609421,-0.00316446336389,0.0173918962772,-0.00934928580786,0.57397820933,0.818856324684,0.00202030682169,0.0,0.818811942278,-0.573917207315,-0.0121156606128,0.0,-0.00876166516072,0.00860854227718,-0.999924560266,0.0,0.66078547331,0.259754726084,0.303268639723,1.0,-0.00612,-0.00804342857143,0.307
0.464314145828,0.542375632062,-0.123961605933,-1.36428054762,0.0791955590528,1.89710386132,0.158149132617,-0.00830472681071,-0.03665046187,-0.00243758379883,-0.0469076445552,-0.00271119775172,0.0169536063272,-0.0140130452782,0.573971557021,0.818860960076,0.00203142708787,0.0,0.818816621246,-0.573910407077,-0.0121215643148,0.0,-0.00876018730626,0.00862096538801,-0.999924466184,0.0,0.660685205038,0.259626677364,0.303279321748,1.0,-0.00644,-0.008464,0.323
0.464235236092,0.541753673287,-0.123962269171,-1.36522514709,0.0791350125328,1.89746014925,0.158026502131,-0.00653148705198,-0.0377349308402,-0.000140532136164,-0.0533752687999,-0.00047532567925,0.0243570204698,-0.00931186642785,0.573972563047,0.818860189087,0.00205779001354,0.0,0.818816237292,-0.573911339871,-0.0121033225033,0.0,-0.00873010801141,0.00863209310915,-0.999924633251,0.0,0.660578824501,0.259484586121,0.303300407246,1.0,-0.00678,-0.00891085714286,0.34
0.464154301161,0.541102896633,-0.123964784642,-1.36622960742,0.0790841551765,1.89782929575,0.157889959279,-0.00353888885501,-0.0365535154402,-0.000769484187698,-0.0649865434816,-0.00372638042876,0.0240085318352,-0.00437070605302,0.573970939147,0.818861282039,0.0020757392104,0.0,0.818817477229,-0.573909551552,-0.0121042357861,0.0,-0.00872057137253,0.00864729761271,-0.999924585096,0.0,0.660462197832,0.259335800584,0.303314485982,1.0,-0.00712,-0.00935771428571,0.357
0.464073297368,0.540437635217,-0.123962968363,-1.36723124429,0.0790206186689,1.89819600544,0.157773756526,-0.000123219383202,-0.0473616054253,0.000488195494856,-0.06135972981,-0.000805215146257,0.0278169824479,-0.00807539291858,0.573979324038,0.81885534127,0.00210060757201,0.0,0.818811872744,-0.57391783915,-0.0120904035903,0.0,-0.00869488280281,0.00865981082822,-0.99992470051,0.0,0.6603456777,0.259187802184,0.303339669214,1.0,-0.00744,-0.00977828571429,0.373
0.463973106796,0.539696597546,-0.123970139771,-1.36834948296,0.0789549508507,1.89861611416,0.157630092147,-0.00900324462747,-0.0440867523001,-0.000230311834514,-0.0656979221413,-0.00425068084648,0.02036034742,-0.00376142759895,0.57399312484,0.818845574754,0.00213640898969,0.0,0.818802600349,-0.57393151119,-0.0120693424123,0.0,-0.00865694185752,0.00867718386486,-0.999924879097,0.0,0.660221821528,0.259012362412,0.30336773043,1.0,-0.00778,-0.0102251428571,0.39
0.463876213673,0.538946003761,-0.123963659974,-1.36952849865,0.0788895162307,1.89905778565,0.157487034166,-0.00428595757489,-0.0435115153939,0.00141984803708,-0.0756672471439,-0.000884863899966,0.0203368160327,-0.00871178408954,0.573998525213,0.818841749556,0.00215154322527,0.0,0.818798885711,-0.573936758963,-0.0120718006069,0.0,-0.00865021112717,0.00869104427,-0.999924816972,0.0,0.660084236536,0.258841436129,0.303374926852,1.0,-0.00812,-0.010672,0.407
0.463772587407,0.538203539293,-0.123978859733,-1.37064413146,0.0788268444904,1.89949756667,0.157346347037,-0.00792171568551,-0.0456970652731,-0.00230281598278,-0.0677193721411,-0.00249031903865,0.0245777814376,-0.00380651237609,0.574023838292,0.818823858962,0.00220634757314,0.0,0.818781784503,-0.573961911836,-0.0120357812087,0.0,-0.00858899070835,0.00871551033,-0.999925131757,0.0,0.659967057014,0.258661236535,0.303406964105,1.0,-0.00844,-0.0110925714286,0.423
0.463657117588,0.537360451285,-0.123972545414,-1.3719884856,0.0787507470693,1.90000326058,0.157185468948,-0.00446729816459,-0.0483760827919,0.00188491811246,-0.0757117938528,-0.00558269775027,0.024652193501,-0.0107068459862,0.574036086185,0.818815254727,0.00221298119676,0.0,0.818773186616,-0.573974048898,-0.0120418840662,0.0,-0.00859004997651,0.00872457364113,-0.999925043619,0.0,0.659811316433,0.258462185986,0.303406079022,1.0,-0.0088,-0.0115657142857,0.441
0.463535787511,0.536528251339,-0.1239831875,-1.37329082179,0.0786723799457,1.90049214255,0.157029747332,-0.00611647852624,-0.0485044825111,-0.000936872828232,-0.0759607536947,-0.000904276976214,0.0296421410848,-0.010828145889,0.574066178494,0.818794123373,0.00222556535155,0.0,0.818752269565,-0.574004135608,-0.0120299745847,0.0,-0.00857275383049,0.00872835626776,-0.999925159044,0.0,0.659666887653,0.258252786339,0.303416432534,1.0,-0.00914,-0.0120125714286,0.458
0.463429338215,0.53571241735,-0.123986793537,-1.37457672343,0.0785980706932,1.90095510059,0.156874787241,-0.00737412430459,-0.0503471952407,0.000284553527924,-0.0799904022084,-0.00480454631285,0.031852821309,-0.00285747132917,0.574079709878,0.818784650589,0.00222026322068,0.0,0.818742681631,-0.574017640654,-0.0120381225593,0.0,-0.00858232495423,0.00872883422664,-0.999925072769,0.0,0.659514690537,0.258057939863,0.303420430948,1.0,-0.00946,-0.0124331428571,0.474
0.463308180941,0.534816592319,-0.123985354941,-1.3760124025,0.0785233362943,1.90147345775,0.156699900079,-0.00358555367651,-0.0528803433839,-0.000360546650338,-0.0869871059065,-0.00296793668223,0.0321412155118,-0.0117511136929,0.574093455625,0.818775045303,0.0022082343123,0.0,0.818732764399,-0.574031277852,-0.012062315195,0.0,-0.00860889285401,0.00873301813374,-0.999924807852,0.0,0.659343212846,0.25784329539,0.303414084562,1.0,-0.0098,-0.01288,0.491
0.46317287752,0.533927782813,-0.123990264576,-1.37749124225,0.0784353653607,1.90200268478,0.156523882958,-0.0130218657087,-0.0566907277905,-0.000284026461329,-0.0864826753202,-0.0068675651964,0.0279609901328,-0.0119501962961,0.574113328592,0.818761246917,0.002157169782,0.0,0.818718272324,-0.574051338399,-0.0120912508517,0.0,-0.00866168818796,0.0087080302469,-0.999924569839,0.0,0.659158601706,0.257598254613,0.303386288742,1.0,-0.01016,-0.0133531428571,0.509
0.46305014131,0.533060354185,-0.123991280623,-1.37887304114,0.0783664735721,1.90253552458,0.156342103658,-0.0104143352401,-0.0480020219528,0.000187253905947,-0.0862039206446,-0.00575266433666,0.0284653447956,-0.0139439366525,0.574130702481,0.818749013468,0.00217630789368,0.0,0.818706156074,-0.57406849436,-0.0120971356241,0.0,-0.00865533470424,0.00872726167077,-0.999924457189,0.0,0.659012273189,0.257399914535,0.303383480944,1.0,-0.01046,-0.0137474285714,0.524
0.462911989012,0.532034299386,-0.123993278331,-1.38051466068,0.0782761218871,1.90314709131,0.156127951044,-0.00934609474018,-0.0567808151401,-0.000604267953177,-0.091307785819,-0.00837568167454,0.0299560464706,-0.010233314764,0.574135371153,0.818745740465,0.00217599678203,0.0,0.818702789363,-0.574073073391,-0.0121076833982,0.0,-0.0086640998596,0.00873311207619,-0.999924330201,0.0,0.65881975152,0.257153197289,0.303378572944,1.0,-0.01082,-0.0142205714286,0.542
0.462777218001,0.531032563761,-0.123991836154,-1.38212194668,0.0781740769434,1.90372989719,0.155932173711,-0.00894838737334,-0.0617451775796,-0.00014984596739,-0.0913648841423,-0.00927883618943,0.0340287335872,-0.00635574543493,0.574144533917,0.818739374727,0.00215344973564,0.0,0.818696120641,-0.574082323744,-0.012120004704,0.0,-0.00868703489707,0.00872182331853,-0.999924229741,0.0,0.658627380865,0.256910665387,0.303370004185,1.0,-0.01116,-0.0146674285714,0.559
0.462656957623,0.530123454343,-0.123996738916,-1.38359025871,0.0780825584233,1.90424488137,0.155737734228,-0.00631492180305,-0.0582602731457,-9.11073470185e-05,-0.0995545529687,-0.00806049454466,0.033349200507,-0.0150487315585,0.574142376801,0.818740992437,0.00211314131509,0.0,0.81869718711,-0.574080317754,-0.0121429604016,0.0,-0.00872899467292,0.00870197853708,-0.999924037226,0.0,0.658448198812,0.256686415297,0.303356442462,1.0,-0.01146,-0.0150617142857,0.574
0.462512181672,0.529013416441,-0.124001355463,-1.38532949926,0.0779780740136,1.90489766963,0.155500992794,-0.00369389791333,-0.0571373395316,-0.00297618342993,-0.0978589319608,-0.00393647643545,0.0458068417796,-0.0135867450442,0.574136734733,0.818744900768,0.0021317123904,0.0,0.818701345671,-0.574074602888,-0.0121327580185,0.0,-0.00871003951119,0.00871126559353,-0.999924121653,0.0,0.658245007294,0.256423927379,0.303367169283,1.0,-0.01182,-0.0155348571429,0.592
0.462368953636,0.527858265784,-0.124000542664,-1.38714191167,0.0778567715266,1.9056007772,0.155248753302,-0.00971096764649,-0.065777256807,-7.41270798048e-06,-0.102035226724,-0.0134321740521,0.0384767958218,-0.00723724876535,0.574112625887,0.818761725,0.00216272349892,0.0,0.81871870128,-0.574050489593,-0.0121024986264,0.0,-0.00866771704918,0.00871902730876,-0.999924421766,0.0,0.658034676098,0.256158246475,0.303378716195,1.0,-0.01218,-0.016008,0.61
0.462242853008,0.526823370828,-0.123999546486,-1.38870191525,0.0777689812395,1.90619210192,0.155026762194,-0.00890593443735,-0.0697377293683,-0.00186256639655,-0.101189424526,-0.00700549229407,0.0414532937148,-0.00995340669303,0.574094157276,0.818774512688,0.00222325349062,0.0,0.818732226964,-0.574031711838,-0.0120781304661,0.0,-0.0086132132105,0.00875440196222,-0.999924583658,0.0,0.657851230881,0.255930182817,0.303415785425,1.0,-0.01248,-0.0164022857143,0.625
0.46207865223,0.525586177753,-0.124001336185,-1.39064822352,0.0776449621852,1.90688759579,0.154772973189,-0.00854022864243,-0.0725109687833,0.00101602098852,-0.103800740989,-0.00564859932689,0.0406165472921,-0.0142654853031,0.574093452162,0.818775047776,0.00220821761374,0.0,0.818732561627,-0.57403106655,-0.0120861105404,0.0,-0.00862838634634,0.00874666498729,-0.999924520552,0.0,0.657615133976,0.255633514696,0.303420169823,1.0,-0.01284,-0.0168754285714,0.643
0.461941164226,0.524561027087,-0.124006327483,-1.39227701857,0.0775474863643,1.90747954265,0.154542292863,-0.007477598426,-0.0636157188597,-0.000767043121894,-0.109383728171,-0.00222986557535,0.0400051777236,-0.02041769639,0.574082031562,0.818783083965,0.00219757845388,0.0,0.818740425892,-0.57401965941,-0.0120951445782,0.0,-0.00864201292868,0.008743019821,-0.999924434753,0.0,0.657419225439,0.255384739662,0.30341738847,1.0,-0.01314,-0.0172697142857,0.658
0.461781351311,0.523354362701,-0.124007254507,-1.39419255873,0.0774291490727,1.90818380816,0.154283842074,-0.0117886889613,-0.0719328788388,-0.00120053518684,-0.115194548735,-0.00258501337733,0.0476184439804,-0.014654742392,0.574072865778,0.818789526547,0.00219155094203,0.0,0.818746773295,-0.574010503964,-0.012099977674,0.0,-0.00864952826042,0.00874076240819,-0.999924389508,0.0,0.657188482535,0.255096285316,0.303415083346,1.0,-0.01348,-0.0177165714286,0.675
0.461608804234,0.522044651755,-0.124010586912,-1.3962504199,0.0772992658948,1.90899070153,0.154012143296,-0.0117049462558,-0.0779819610365,-0.00185878419976,-0.116639254001,-0.0142551339289,0.0447987586466,-0.0125859959278,0.574069520493,0.818791753607,0.00223534493592,0.0,0.818749675413,-0.574007077629,-0.0120660989692,0.0,-0.00859668403283,0.00875713619219,-0.99992470196,0.0,0.656951198878,0.254787626534,0.303426080893,1.0,-0.01384,-0.0181897142857,0.693
0.461447930886,0.52079566775,-0.124010523317,-1.3982691822,0.0771737632611,1.90975575545,0.153741699893,-0.0061792482091,-0.0770647423016,0.000810886508522,-0.116119600888,-0.00733674857213,0.0484766002315,-0.0127050643399,0.574053916351,0.818802715502,0.00222735498692,0.0,0.818760544307,-0.57399152075,-0.0120686409662,0.0,-0.00860351876372,0.00875188949411,-0.999924689112,0.0,0.656708461585,0.254490391239,0.303408950242,1.0,-0.01418,-0.0186365714286,0.71
0.461290769101,0.519655101615,-0.124021953688,-1.40007644888,0.0770565853335,1.91040845502,0.153493003075,-0.00847310312633,-0.0782332251238,0.000866594427687,-0.116381431141,-0.00925768928882,0.0434627958746,-0.0206084368776,0.574054879634,0.818802052145,0.0022229422321,0.0,0.81875988375,-0.57399256398,-0.0120638367796,0.0,-0.00860210761774,0.00874552867251,-0.999924756906,0.0,0.656478534185,0.254185724622,0.303418801977,1.0,-0.0145,-0.0190571428571,0.726
0.461118326752,0.518234724027,-0.124030414452,-1.40228544388,0.0769161510103,1.91119312743,0.15319575314,-0.00575121002914,-0.0750032818723,-0.000749608824137,-0.129359284595,-0.0067426507937,0.0462347185466,-0.0244776056996,0.574034611924,0.818816320192,0.00220113630872,0.0,0.818773881319,-0.573972405591,-0.0120729363086,0.0,-0.00862229178577,0.0087326843587,-0.999924695319,0.0,0.65621594144,0.253875313899,0.303420447148,1.0,-0.01484,-0.019504,0.743
0.460920981673,0.516788634262,-0.124026188785,-1.40453517226,0.0767706444929,1.9120067505,0.152885795516,-0.0127252419794,-0.0757148107908,0.000868008733887,-0.124978381633,-0.00424151978981,0.0445772915219,-0.0202033634853,0.574019078911,0.818827194855,0.00220656141196,0.0,0.818784820576,-0.573956845251,-0.0120708030305,0.0,-0.00861759667366,0.00873573841707,-0.999924709117,0.0,0.655940632152,0.253532009753,0.303434579528,1.0,-0.0152,-0.0199771428571,0.761
0.460756156205,0.515584848045,-0.124034017724,-1.4064481583,0.0766531008234,1.91274260742,0.152620259876,-0.00938135199548,-0.0852143193476,0.000544978843807,-0.125317572262,-0.00554015676552,0.0512436751565,-0.0181748423786,0.574011728273,0.818832298554,0.0022247587432,0.0,0.818790217169,-0.573949474887,-0.0120551833935,0.0,-0.00859443988478,0.00874159565165,-0.999924857231,0.0,0.655715458375,0.253239025513,0.303432330054,1.0,-0.0155,-0.0203714285714,0.776
0.460570840189,0.514195523902,-0.124035086242,-1.4086771155,0.0765230466482,1.9135512474,0.152325822147,-0.0133614445297,-0.0828435726399,-0.00075258495474,-0.134326551378,-0.005790130609,0.0428706555749,-0.0210286413082,0.57400545174,0.818836763816,0.00220056728929,0.0,0.818794247478,-0.573943180664,-0.0120810830662,0.0,-0.00862960051856,0.00873658758694,-0.999924598173,0.0,0.655438281351,0.252904494853,0.30341551805,1.0,-0.01584,-0.0208182857143,0.793
0.460371656254,0.512698811965,-0.12403827453,-1.41109898262,0.0763721785973,1.91437858789,0.151976452022,-0.00602241871658,-0.0786122668103,0.000257257739706,-0.131463264466,-0.0146860494288,0.0473814145949,-0.0171589636012,0.573970768097,0.81886129802,0.00211633548849,0.0,0.818817553356,-0.573908736086,-0.0121377041384,0.0,-0.00872468071755,0.00869974751111,-0.999924094289,0.0,0.655125967773,0.252536211306,0.303383366475,1.0,-0.0162,-0.0212914285714,0.811
0.460181697839,0.511358894137,-0.124036804109,-1.4132584755,0.0762344302958,1.91519868425,0.151676687944,-0.0106672117032,-0.0894895421492,0.000113644083684,-0.136246795501,-0.0107007337018,0.0551801570136,-0.0099497836029,0.573955803563,0.818871799539,0.00211148723068,0.0,0.818828022355,-0.573893825403,-0.0121364686201,0.0,-0.00872661042915,0.00869490891651,-0.999924119536,0.0,0.654865572378,0.252207366541,0.303365028272,1.0,-0.01652,-0.021712,0.827
0.459995275287,0.509987941486,-0.124038973878,-1.41545658479,0.0761021941815,1.91602699162,0.151367154381,-0.00941305140672,-0.0862472233977,-0.000449797559505,-0.13630638392,-0.013037560714,0.0561693137344,-0.0252693632393,0.573937159154,0.81888486898,0.00211082873677,0.0,0.818841098924,-0.573875201948,-0.0121348343151,0.0,-0.0087258479402,0.00869323302772,-0.999924140761,0.0,0.654583415921,0.251848441562,0.303350739548,1.0,-0.01686,-0.0221588571429,0.844
0.459754025312,0.50830756076,-0.124044441801,-1.41810578032,0.0759281170407,1.91696964076,0.150999986233,-0.0212901571294,-0.0864358900098,3.78889125208e-05,-0.138271584435,-0.0113683029089,0.0524648099987,-0.00699366207973,0.573926912266,0.818892124611,0.00208195288613,0.0,0.818847951561,-0.573865057586,-0.0121521523566,0.0,-0.00875671044278,0.00867941724112,-0.999923990981,0.0,0.654267941373,0.251458628883,0.303347174067,1.0,-0.01722,-0.022632,0.862
0.459570794439,0.506952996565,-0.124047871872,-1.4202274893,0.0757945988955,1.91773687063,0.150705229481,-0.0104207158846,-0.0842521888599,0.00105110675796,-0.139100631653,-0.00744082311418,0.0529990777837,-0.0199555218993,0.57391178622,0.818902731449,0.00207965501059,0.0,0.818858510161,-0.573849925577,-0.0121552521329,0.0,-0.00876072797122,0.00867915276777,-0.999923958085,0.0,0.654002975529,0.251133365071,0.303351242872,1.0,-0.01752,-0.0230262857143,0.877
0.459342495403,0.505355567904,-0.12405700943,-1.42269646649,0.0756425091589,1.91867641247,0.150364198417,-0.00932331924722,-0.0973036085644,-0.000230370103332,-0.145728353532,-0.00285116275717,0.0593951130535,-0.0203424015292,0.573912635734,0.818901996677,0.00213384282179,0.0,0.818858541414,-0.573850595541,-0.0121214707296,0.0,-0.0087019571487,0.00870414821787,-0.999924254004,0.0,0.653708343974,0.250745982655,0.303374427749,1.0,-0.01786,-0.0234731428571,0.894
0.45910806121,0.503606620501,-0.124062384837,-1.42531778384,0.0754738928705,1.91967784072,0.150001425309,-0.0157902282251,-0.0971676417154,-0.000315651271007,-0.14224567297,-0.0164197299205,0.0527658745553,-0.020066501604,0.57390076112,0.81891004032,0.00223811326506,0.0,0.818868073348,-0.573838404862,-0.0120544787422,0.0,-0.00858738366065,0.0087509625055,-0.999924835924,0.0,0.653393968074,0.250342344238,0.303435486565,1.0,-0.01822,-0.0239462857143,0.912
0.458897322423,0.502104549552,-0.124069134659,-1.4275232853,0.0753345259136,1.92049320247,0.149692403618,-0.0169143552513,-0.103077912229,-0.00171157004155,-0.145545116884,-0.0160126899952,0.0496878263475,-0.0137634877311,0.573900371738,0.818910052041,0.00233171313618,0.0,0.818869365779,-0.573837688451,-0.0120006667429,0.0,-0.008489605202,0.00879672492609,-0.999925269325,0.0,0.653127634549,0.2499916929,0.303505299426,1.0,-0.01852,-0.0243405714286,0.927
0.458668422721,0.500393003165,-0.124067121463,-1.43011534313,0.0751662970895,1.92140778542,0.149333430377,-0.0165060323206,-0.102624542553,6.40086032966e-05,-0.155194654721,-0.0170504190663,0.0598135268554,-0.0160843561729,0.573878933351,0.818924997032,0.00235923577687,0.0,0.818884640292,-0.573816110056,-0.0119901891446,0.0,-0.00846546109986,0.00881302857562,-0.99992533046,0.0,0.652796662866,0.249593472333,0.303545131283,1.0,-0.01886,-0.0247874285714,0.944
0.458414424702,0.498701660382,-0.124069502135,-1.43272758193,0.0749982720666,1.92236429634,0.148959887881,-0.0168089533179,-0.0987259933647,0.000598739541074,-0.155475713135,-0.0133496970818,0.0558962832157,-0.0243421144795,0.573860321519,0.818937949433,0.00239024389231,0.0,0.818898025091,-0.573797404522,-0.0119712141293,0.0,-0.00843232815817,0.0088273407458,-0.999925484172,0.0,0.652457270989,0.249156552928,0.303564976911,1.0,-0.01922,-0.0252605714286,0.962
0.458178920993,0.497132090535,-0.124072453807,-1.43521700349,0.0748461822054,1.92328826936,0.148601913327,-0.017400193919,-0.0971729977078,-0.000883229376582,-0.156886696709,-0.0118671860636,0.0567383079391,-0.0224253747405,0.573861766428,0.818936977545,0.00237628775527,0.0,0.818896792796,-0.573798823622,-0.0119874793172,0.0,-0.00845364172068,0.00882526039116,-0.999925322572,0.0,0.652146642762,0.248756330146,0.303547956135,1.0,-0.01954,-0.0256811428571,0.978
0.45789281249,0.495367995176,-0.124068419176,-1.43808950808,0.0746710117803,1.92426195147,0.148179112698,-0.0156531722807,-0.0971642956079,0.00116936472583,-0.162177324573,-0.0102739573103,0.0541873263935,-0.0239615250862,0.5738399479,0.818952546987,0.00227747211368,0.0,0.818910837763,-0.573777172439,-0.0120641238381,0.0,-0.00857334849822,0.00878809198933,-0.999924630727,0.0,0.651791182405,0.248321248035,0.303500304938,1.0,-0.01988,-0.026128,0.995
0.457588329623,0.49352184888,-0.124110678947,-1.44102793716,0.0744922237805,1.92531820112,0.147758372345,-0.0201596747405,-0.133805579683,-0.00138937479451,-0.196626367388,-0.0168709171109,0.0810172185134,-0.0251130153117,0.573874708074,0.818928295999,0.00223882684461,0.0,0.818886136916,-0.573812146968,-0.0120773200614,0.0,-0.00860595879107,0.00876438153204,-0.999924558699,0.0,0.651432418022,0.247816909943,0.303480190032,1.0,-0.031068,-0.0408322285714,1.012
0.457260187164,0.490529104078,-0.124191882019,-1.44547791109,0.0742554586072,1.92703403668,0.147086818332,-0.0203620197726,-0.204169590034,-0.00416408240376,-0.31974400924,-0.0191782737432,0.129575953568,-0.0440310379989,0.573811885927,0.818971675519,0.00246194391842,0.0,0.818932540201,-0.573748535204,-0.0119523993965,0.0,-0.00837630111305,0.00887476569276,-0.999925535284,0.0,0.650883863488,0.247145479273,0.303595427615,1.0,-0.047196,-0.0620290285714,1.028
0.456675913935,0.486096142003,-0.124233847298,-1.45247915348,0.0739036307757,1.92975047128,0.146022733093,-0.0382491776479,-0.284876525223,-0.00215108803747,-0.462589600759,-0.0237587806541,0.169755674108,-0.0691464811883,0.573704817705,0.81904620305,0.00261654571515,0.0,0.819008621541,-0.573640379724,-0.01193061161,0.0,-0.00827092510258,0.00898779590111,-0.999925402879,0.0,0.650006592663,0.246096437031,0.303580656607,1.0,-0.064332,-0.0845506285714,1.045
0.455731706614,0.479826774077,-0.124417177194,-1.46252429449,0.0733045967878,1.93329241522,0.144487305839,-0.0588819709712,-0.381394350449,-0.0111141596941,-0.610584130775,-0.0310830180265,0.21011080996,-0.0894650220843,0.573684700867,0.819060970504,0.00239530577453,0.0,0.819020517104,-0.573621163645,-0.0120374449814,0.0,-0.00848556665662,0.00886767332761,-0.999924676927,0.0,0.648717917957,0.244412288433,0.303461510328,1.0,-0.082476,-0.108397028571,1.063
0.454560908925,0.472358131426,-0.124588747168,-1.47434301369,0.0725836420219,1.93735065764,0.142770143161,-0.0740593298966,-0.463077674309,-0.00962805649053,-0.734171930563,-0.0457814057806,0.251312206943,-0.0987502263419,0.573737031219,0.819025044109,0.00213143898298,0.0,0.818980902664,-0.573674370355,-0.0121960965181,0.0,-0.00876632535114,0.00874312836335,-0.999923351686,0.0,0.647165099943,0.242412076326,0.303362409982,1.0,-0.099612,-0.130918628571,1.08
0.453347766792,0.464550034391,-0.124715109991,-1.48619553123,0.071898391879,1.9417497576,0.140876921863,-0.0842974174617,-0.534836840937,-0.00698034739193,-0.819341928594,-0.0479577915479,0.297770993721,-0.136135799413,0.573651509618,0.819084071536,0.00244462073996,0.0,0.819043899896,-0.57358739414,-0.012055630577,0.0,-0.00847253446056,0.00891815408659,-0.999924338481,0.0,0.645655006254,0.240442355093,0.303495407728,1.0,-0.114732,-0.150790628571,1.095
0.451663934103,0.454632802022,-0.124868013939,-1.5017578503,0.0709122811777,1.94720385894,0.13847606311,-0.11229182605,-0.609732424871,-0.00431733848754,-0.960592094683,-0.0535099281442,0.317336697679,-0.144653615047,0.573629892256,0.819099711179,0.00227084945551,0.0,0.819057028057,-0.573566265026,-0.0121684557791,0.0,-0.00866486279895,0.00884031538713,-0.999923381553,0.0,0.643458576554,0.237601500004,0.303399301056,1.0,-0.132876,-0.174637028571,1.113
0.449798458029,0.443863467539,-0.125052426342,-1.51798776762,0.0697876382622,1.95305063538,0.13592452504,-0.128587271972,-0.695493454776,-0.00773897667817,-1.05304541083,-0.0652412008035,0.364845466031,-0.15745486288,0.573634122072,0.819096067872,0.00250449468176,0.0,0.819057373092,-0.573570504901,-0.0119432990469,0.0,-0.00834636570101,0.00890258010064,-0.999925538351,0.0,0.641312015419,0.234721148715,0.303548398243,1.0,-0.149004,-0.195833828571,1.129
0.447359108877,0.43047644421,-0.125224033619,-1.53837888679,0.0684560580169,1.9600730215,0.132619694656,-0.140009272324,-0.767972795601,-0.0105299804281,-1.17185446519,-0.0753302407971,0.409691438662,-0.184561328356,0.57358085762,0.819133298231,0.00252713307697,0.0,0.819094521956,-0.573516755572,-0.0119767308393,0.0,-0.00836134685309,0.00893975652393,-0.99992508151,0.0,0.638656939237,0.23129138729,0.3036099072,1.0,-0.16614,-0.218355428571,1.146
0.444667937472,0.416597733419,-0.125421679628,-1.559291824,0.0669950774181,1.96725965875,0.129160408372,-0.164558742377,-0.859602631217,-0.0167341282329,-1.24684228448,-0.0902440619634,0.451744624926,-0.208792151176,0.573580246159,0.819133487799,0.0026033215406,0.0,0.819096009707,-0.573516174946,-0.0119025568032,0.0,-0.00825689482663,0.00895961424733,-0.999925771745,0.0,0.635759749444,0.227448974928,0.303713617318,1.0,-0.183276,-0.240877028571,1.163
0.441810430555,0.40254430833,-0.125586084932,-1.58046502873,0.0655147282239,1.9746189161,0.125580225274,-0.193470843412,-0.878163017984,-0.010467944878,-1.34857231217,-0.0911910016491,0.45577179558,-0.238593820083,0.573564435533,0.819144031757,0.00276413276585,0.0,0.819108804604,-0.573499937891,-0.0118039976586,0.0,-0.00808409990732,0.00903465268473,-0.999926508489,0.0,0.632785019388,0.223519437737,0.303778165946,1.0,-0.199404,-0.262073828571,1.179
0.438179262273,0.385451591595,-0.12580405046,-1.60579501598,0.06371318469,1.98328809952,0.121198274033,-0.208776751901,-0.955989061009,-0.0183620987364,-1.45911452555,-0.113395993292,0.484366433556,-0.254014105655,0.573598146012,0.819119282376,0.0030846444954,0.0,0.819088426005,-0.573532775144,-0.0116212358212,0.0,-0.00775018284347,0.00919269291377,-0.999927711919,0.0,0.62915228441,0.21868989072,0.303965871668,1.0,-0.217548,-0.285920228571,1.197
0.434357997665,0.368221525411,-0.12603060609,-1.63124302884,0.0617980710156,1.99177012417,0.116599220228,-0.233249586325,-1.02570907751,-0.0137271317803,-1.55685951876,-0.11881107048,0.506243829544,-0.267523701337,0.573531607984,0.819165302028,0.00323256834284,0.0,0.819136777678,-0.57346627948,-0.0114940270025,0.0,-0.00756188475001,0.009240281309,-0.999928715009,0.0,0.625383589133,0.213729966,0.304098856646,1.0,-0.234684,-0.308441828571,1.214
0.430574341451,0.352284608085,-0.126228003569,-1.65478560423,0.0599715817325,1.99947116307,0.112293906936,-0.264224683241,-1.07309913927,-0.0152756237855,-1.60246514273,-0.117093941396,0.510978923797,-0.296434767462,0.573569857294,0.819138680519,0.00319183073382,0.0,0.819109973663,-0.573505067007,-0.0114689173187,0.0,-0.00756424833577,0.0091928626492,-0.999929134201,0.0,0.621564648857,0.208665283508,0.304115657673,1.0,-0.250812,-0.329638628571,1.23
0.42551623089,0.332157473844,-0.126506365821,-1.68434038072,0.0577233243996,2.00903473817,0.106647850963,-0.292914081221,-1.13586606677,-0.0138153688024,-1.6674660901,-0.127384447302,0.535186582426,-0.318291324157,0.573619552284,0.819103427333,0.00330627725145,0.0,0.819075816329,-0.573553940962,-0.0114643278442,0.0,-0.00749428617004,0.0092844330981,-0.999928814955,0.0,0.617235529348,0.202931415892,0.304168984876,1.0,-0.267948,-0.352160228571,1.247
0.420343154004,0.312237314711,-0.126714554265,-1.71333482507,0.0553160599041,2.0181857616,0.100882592521,-0.319601386244,-1.16301403305,-0.0212043816734,-1.71376132967,-0.149979392725,0.524450046302,-0.35383606116,0.573475180929,0.819204678308,0.00326478144489,0.0,0.81917686711,-0.573410127103,-0.0114382440974,0.0,-0.00749834869937,0.00923416032528,-0.999929250022,0.0,0.612580748345,0.196897403022,0.30418562115,1.0,-0.285084,-0.374681828571,1.264
0.414256178393,0.29006776882,-0.126968567766,-1.74518126438,0.0526756719238,2.0280191055,0.0943047641292,-0.349494662425,-1.25233427814,-0.0181863450757,-1.75697899926,-0.145437454601,0.550343001488,-0.3782688178,0.573384499654,0.819267912705,0.00332410427425,0.0,0.819240693758,-0.573319067513,-0.0114315099266,0.0,-0.00745984053889,0.00927807072295,-0.99992913158,0.0,0.607332416851,0.190078017243,0.304249270397,1.0,-0.303228,-0.398528228571,1.282
0.408673814374,0.270890832288,-0.127211772307,-1.77256900796,0.0503760775126,2.03630086468,0.0884249266334,-0.390070765542,-1.30763481859,-0.0181864533504,-1.82834469115,-0.169095188584,0.562653152256,-0.401152434915,0.573347467717,0.819293766914,0.00333941006609,0.0,0.819266291026,-0.57328142949,-0.0114845066155,0.0,-0.00749490720998,0.00932065833657,-0.999928473289,0.0,0.602702778218,0.184048822945,0.304254488727,1.0,-0.318348,-0.418400228571,1.297
0.40169493236,0.248304321803,-0.127605915257,-1.80431627785,0.0475500894951,2.04578190843,0.0813635752559,-0.424238628989,-1.34244402654,-0.0194954890872,-1.88710831342,-0.166144960104,0.565242901639,-0.425997718922,0.57346605855,0.819210126031,0.00349227735197,0.0,0.819185173919,-0.573400259772,-0.011337540534,0.0,-0.00728549553731,0.00936269677457,-0.999929628256,0.0,0.597257710476,0.176757726096,0.304349107259,1.0,-0.335484,-0.440921828571,1.314
0.394613461199,0.226373752588,-0.127920961905,-1.83481758016,0.0448053574154,2.0546560027,0.0742077877805,-0.44729890081,-1.38341840802,-0.0134650088253,-1.93713360016,-0.166797923174,0.544697226266,-0.459442377808,0.573437365988,0.819229396781,0.0036782659783,0.0,0.819206776662,-0.573370991658,-0.0112565490913,0.0,-0.0071128218542,0.00946836857226,-0.999929876422,0.0,0.591853065228,0.169657047601,0.304427990987,1.0,-0.351612,-0.462118628571,1.33
0.385925950583,0.200932938428,-0.128264129132,-1.8699242496,0.0414325902191,2.0643820829,0.0655569454429,-0.504722366943,-1.40912781137,-0.0251599278081,-1.97443617168,-0.195021753435,0.528885306213,-0.497884747431,0.573300074761,0.81932578445,0.00360972515592,0.0,0.819302337019,-0.573233970739,-0.0112801705437,0.0,-0.00717305559861,0.00942456032427,-0.999929860008,0.0,0.585403218635,0.161266605805,0.304430832188,1.0,-0.369756,-0.485965028571,1.348
0.376851151476,0.176036753313,-0.128751028292,-1.90358540535,0.0381596574836,2.07342491191,0.0567547094574,-0.558971229546,-1.48680976581,-0.0342395743717,-1.96571046164,-0.20119674004,0.523881080889,-0.525212808535,0.573365754415,0.81927915999,0.00375720263439,0.0,0.819257606182,-0.57329925737,-0.0112108480001,0.0,-0.00703094801979,0.00950621618154,-0.999930096369,0.0,0.579084641085,0.15283827214,0.304539684955,1.0,-0.386892,-0.508486628571,1.365
0.367629023146,0.151963355768,-0.129188900834,-1.93587509651,0.0349158789752,2.08174710688,0.0479421138507,-0.583499083815,-1.50474655688,-0.0258559771047,-2.02618075956,-0.210597047838,0.529682461243,-0.568905260117,0.573384538284,0.819265911466,0.00377947993727,0.0,0.819244270538,-0.573317476742,-0.0112535751965,0.0,-0.00705296443104,0.00954912715262,-0.999929532449,0.0,0.572812010026,0.144602625886,0.30455895693,1.0,-0.40302,-0.529683428571,1.381
0.357013467994,0.12575450401,-0.129666886525,-1.9706242335,0.0312235932635,2.09030947683,0.0379411080233,-0.640496448977,-1.52736591954,-0.0227089936459,-2.08214049299,-0.223705354044,0.495248324301,-0.605681224737,0.573358082542,0.819284820229,0.00369315964933,0.0,0.819261930448,-0.573291065869,-0.0113132671813,0.0,-0.00715167032889,0.00951240142534,-0.999929181408,0.0,0.565849111107,0.135490879957,0.304532675544,1.0,-0.420156,-0.552205028571,1.398
0.345379423983,0.0988079828125,-0.130338466322,-2.00552462141,0.0273246974933,2.09851812591,0.0272009945108,-0.699697501772,-1.59518686683,-0.038233606251,-2.03796776887,-0.238483936109,0.470165020771,-0.640927515817,0.573513750418,0.819175378756,0.0037978708928,0.0,0.819154664019,-0.573447563976,-0.0111478557378,0.0,-0.00695430302646,0.00950467520294,-0.999930647004,0.0,0.558266360517,0.125287904349,0.304650893164,1.0,-0.4383,-0.576051428571,1.416
