position_joint1,position_joint2,position_joint3,position_joint4,position_joint5,position_joint6,position_joint7,velocity_joint1,velocity_joint2,velocity_joint3,velocity_joint4,velocity_joint5,velocity_joint6,velocity_joint7,ee_T_00,ee_T_10,ee_T_20,ee_T_30,ee_T_01,ee_T_11,ee_T_21,ee_T_31,ee_T_02,ee_T_12,ee_T_22,ee_T_32,ee_T_03,ee_T_13,ee_T_23,ee_T_33,v_x,v_y,time
0.465075810265,0.547656484013,-0.124031457352,-1.3558209643,0.0795307592268,1.89415334411,0.159130246828,-0.00021710835289,0.000724865740721,-0.00147298965821,-0.000815549298396,7.63261344098e-05,0.00703584214155,-0.000149835569814,0.573817939228,0.818968407969,0.00211335510936,0.0,0.818927411085,-0.573758729063,-0.011813682699,0.0,-0.00846263990271,0.00850975132854,-0.999927981336,0.0,0.661701269935,0.260878708449,0.30331451453,1.0,0.0,0.0,0.0
0.465075721764,0.547651472384,-0.124033562807,-1.35581995216,0.079531233827,1.89415144414,0.159133043787,0.000511943075888,0.000253252904792,-0.00140430368422,-0.000320752959387,4.72893928783e-05,0.000226740894155,-0.0042035051139,0.573814270939,0.81897095959,0.00212054613784,0.0,0.818930043154,-0.573755019748,-0.0118113773488,0.0,-0.00845666386725,0.00851427974865,-0.999927993346,0.0,0.661700805609,0.260878724065,0.30332076631,1.0,-0.0002,-0.000262857142857,0.011
0.465075821487,0.54765679401,-0.124031078034,-1.35582094432,0.0795307592087,1.89415144418,0.159132586509,-0.00491072355014,0.000123543842475,-0.000396392567599,0.000148208809271,7.31905889055e-06,3.11848564137e-05,-0.00220575007559,0.573819567496,0.818967271567,0.00211162555335,0.0,0.818926247995,-0.573760359735,-0.0118151108254,0.0,-0.00846478501215,0.00850917120322,-0.999927968116,0.0,0.661700797108,0.26087880425,0.30331412677,1.0,-0.00056,-0.000736,0.029
0.465072520311,0.547618511641,-0.124025801939,-1.35584458455,0.0795307592087,1.89415155061,0.159127549652,0.000258213398388,-0.00345155217531,0.000731643437602,-0.00262295518745,-0.000181899238851,-0.000788592344049,-0.000650800234314,0.573815681888,0.818969953468,0.00212730765935,0.0,0.81892908424,-0.573756362892,-0.0118126172842,0.0,-0.00845378508379,0.00852054320206,-0.999927964336,0.0,0.661696061592,0.260877379575,0.303329828753,1.0,-0.00088,-0.00115657142857,0.045
0.465074748282,0.547532780795,-0.124031324855,-1.35592909636,0.0795314318377,1.89417362434,0.15913115601,-0.000429480242302,-0.00538396713243,-0.000940454009191,-0.0065197100153,-0.000290306913709,0.000389687506515,0.000144756806155,0.573825461493,0.818963041895,0.00215003583332,0.0,0.818922434524,-0.573766018089,-0.0118046440464,0.0,-0.00843411208071,0.00853468221573,-0.999928009885,0.0,0.661684006501,0.260868362973,0.303352436423,1.0,-0.0012,-0.00157714285714,0.061
0.465072130113,0.547390062209,-0.124028342163,-1.35611765819,0.0795297948449,1.89421226244,0.159125537998,0.00566240423203,-0.00829452207474,-0.000408508155152,-0.0139432120088,0.000427025377299,-0.000539930721124,-0.00178529303243,0.573830799995,0.818959297172,0.00215161672151,0.0,0.818918568206,-0.573771205897,-0.0118206951128,0.0,-0.00844629505807,0.00854524234037,-0.999927816861,0.0,0.661652340735,0.260850203706,0.303367037231,1.0,-0.00156,-0.00205028571429,0.079
0.465052843245,0.547244952923,-0.124033956568,-1.35630792709,0.0795252394049,1.89430178243,0.159122877932,0.000172329919409,-0.0112926977054,-0.000669446321941,-0.0099040676341,0.00020157188853,0.0081801030373,-0.00412464604865,0.573857880308,0.818940216436,0.00219134968522,0.0,0.818899998912,-0.573798122175,-0.0118005792819,0.0,-0.00840673847256,0.00856651659996,-0.999927968177,0.0,0.661636980251,0.260818860276,0.303387215332,1.0,-0.00188,-0.00247085714286,0.095
0.465044622254,0.547075331131,-0.124025506198,-1.35650699095,0.0795230940249,1.8944129341,0.1591105573,0.00194772830709,-0.0133542521564,0.00190130301985,-0.0125297903138,0.000159288192444,0.00703515719847,0.000952359611235,0.573859372386,0.818938962584,0.00226785978822,0.0,0.81889966349,-0.573799241571,-0.0117693844106,0.0,-0.00833727175129,0.00861128696258,-0.999928165238,0.0,0.661618309219,0.260804121679,0.30342198441,1.0,-0.0022,-0.00289142857143,0.111
0.465019763081,0.546857102403,-0.124026476846,-1.35677479986,0.0795198813546,1.89454945583,0.159094085173,-0.000913559657854,-0.0127078058514,0.000796017496582,-0.0137460375055,0.000303154160221,0.0138132385582,0.00125274763455,0.573881224554,0.818923423013,0.00234824324059,0.0,0.818885114297,-0.57382073215,-0.0117338756813,0.0,-0.00826183404849,0.00865695905253,-0.999928397016,0.0,0.661596767888,0.260766948734,0.303460966461,1.0,-0.00256,-0.00336457142857,0.129
0.464989974024,0.546620646905,-0.124026488349,-1.35712237777,0.0795120655138,1.89467188185,0.159042665602,-0.00147902109998,-0.0155265002098,0.00150165820078,-0.0231457373446,9.86353964415e-05,0.00765949188237,-0.00772091166712,0.573880842076,0.818923640842,0.00236568579338,0.0,0.818885434454,-0.573820154425,-0.011739783464,0.0,-0.0082566669962,0.00867462947232,-0.999928286555,0.0,0.661555900964,0.260716124803,0.303473608442,1.0,-0.0029,-0.00381142857143,0.146
0.464958029754,0.546369465329,-0.124031499994,-1.35749577306,0.0795037073375,1.89480351808,0.158921554042,-0.00314869398361,-0.0183151224647,-0.000731752431943,-0.0257814835015,-4.68149918293e-05,0.00692262611001,-0.005472546105,0.573829945945,0.818959259116,0.00238158467604,0.0,0.818921143958,-0.573769084159,-0.0117449965193,0.0,-0.00825235287275,0.00869012807705,-0.999928187595,0.0,0.661513054072,0.260658646939,0.303485341611,1.0,-0.00322,-0.004232,0.162
0.464917567713,0.546068688074,-0.12402899727,-1.35799615783,0.0794840004919,1.89497606084,0.158918594639,-0.00318884575235,-0.0165944323443,-0.00143809915842,-0.0332257212097,-0.00256707484361,0.0163438097488,-0.00408332344796,0.573881640209,0.818923086578,0.00236393757132,0.0,0.818884620844,-0.573820710548,-0.011769315702,0.0,-0.00828184745592,0.00869015363336,-0.99992794352,0.0,0.661451629815,0.260586396515,0.303475016177,1.0,-0.00358,-0.00470514285714,0.18
0.464863732674,0.545774870957,-0.124031502924,-1.35848774968,0.079452687344,1.89514305464,0.158861384874,-0.00361849790565,-0.0144221752399,-0.000978945072413,-0.0378073367293,-0.000144095746542,0.0040359178756,0.000242892248352,0.573899759688,0.818910469015,0.00233590838377,0.0,0.818871640241,-0.573838935043,-0.0117839016295,0.0,-0.00830968521815,0.0086757544782,-0.999927837604,0.0,0.661396174124,0.26050109892,0.303463590367,1.0,-0.0039,-0.00512571428571,0.196
0.464802828137,0.545426969162,-0.124034609372,-1.359091157,0.0793765621507,1.89533506722,0.158766641484,-0.00618226895173,-0.0223960763951,-0.00168934285661,-0.036819786046,-0.00126252405472,0.0133332689518,-0.00415455575066,0.573887601418,0.818919204527,0.00225926908303,0.0,0.818879691128,-0.573827394019,-0.011786442775,0.0,-0.00835587472765,0.00861432879478,-0.999927983755,0.0,0.661325888622,0.260392655824,0.303439321462,1.0,-0.00424,-0.00557257142857,0.213
0.464736986534,0.545033976514,-0.124029586491,-1.359790354,0.0793515380487,1.8955492558,0.158699189776,-0.0052199324988,-0.0283627910547,0.000645054052019,-0.0443383247672,-2.00504114461e-06,0.0124340026225,-0.00507836503019,0.5739149848,0.818900198565,0.00219132694949,0.0,0.818859554365,-0.5738547855,-0.0118516785827,0.0,-0.00844800113834,0.00859641045051,-0.999927363864,0.0,0.661235686904,0.260284659778,0.303403104966,1.0,-0.00458,-0.00601942857143,0.23
0.464660939001,0.54460721857,-0.124032277011,-1.3604998458,0.0793238557339,1.89579449971,0.158599602268,-0.0103353538202,-0.0233515811825,-0.00260965368457,-0.040756346484,-0.00101224648785,0.019469205931,-0.005278212071,0.573929776219,0.81888989726,0.00216680307884,0.0,0.81884877927,-0.573869515779,-0.0118828636713,0.0,-0.00848745818717,0.00859437881216,-0.999927047192,0.0,0.661154694528,0.260166359848,0.303388800159,1.0,-0.00492,-0.00646628571429,0.247
0.464602052129,0.544177016282,-0.124035393252,-1.36120524963,0.0792953558375,1.89603293726,0.158504323518,-0.00469357282566,-0.0304577854673,-0.000752827489415,-0.0413115318184,-0.000315968128463,0.0175576381711,-0.0149973194492,0.573933817231,0.818887128823,0.0021425658671,0.0,0.818845543892,-0.573873501183,-0.0119133030638,0.0,-0.00852625292184,0.00859204343946,-0.999926737217,0.0,0.661068964533,0.260059100834,0.303378259578,1.0,-0.00524,-0.00688685714286,0.263
0.464522886097,0.543647146267,-0.124035394719,-1.36206075216,0.0792522499421,1.89633729733,0.158425019744,-0.00782029025759,-0.0258509908769,0.000429297646361,-0.0482377262971,-0.00094054111517,0.0202913709331,-0.00824410971762,0.573958687866,0.818869749396,0.00212250986557,0.0,0.818827809805,-0.573898356573,-0.011934869657,0.0,-0.00855516351485,0.00858825758327,-0.999926522805,0.0,0.660974550927,0.259932542419,0.303366819796,1.0,-0.00558,-0.00733371428571,0.28
0.464445710274,0.543146031712,-0.124041425214,-1.36285488391,0.0792010280765,1.89661076685,0.158307977431,-0.00415200253143,-0.0360678535467,0.00025473390402,-0.0495649724483,-0.00403347006568,0.019186082039,-0.00669558831209,0.573971909198,0.818860517233,0.00210894978457,0.0,0.818818416367,-0.573911647349,-0.0119402243215,0.0,-0.00856719236375,0.00858036547149,-0.99992648757,0.0,0.660878935706,0.259793924595,0.303372746578,1.0,-0.00592,-0.00778057142857,0.297
0.464376482764,0.54257982964,-0.124047128944,-1.36374885493,0.0791482941137,1.89692245838,0.158198169571,-0.00259357487681,-0.0361761801921,-0.000897199320026,-0.0545376859759,-0.000727044013556,0.0228742293809,-0.00574729713912,0.573978246894,0.818856111373,0.00209472200355,0.0,0.818813806896,-0.573918024667,-0.0119497907617,0.0,-0.00858312573207,0.00857427233156,-0.999926403195,0.0,0.660772285321,0.259658802119,0.30337490866,1.0,-0.00626,-0.00822742857143,0.314
0.464304597502,0.542060750134,-0.124042469853,-1.36456455374,0.0791003109713,1.89722263752,0.15807842223,-0.00213232213383,-0.0343659795321,0.0046999655004,-0.0560790683952,-0.00514977170962,0.0214151691087,-0.00556364500764,0.57396833765,0.818863045183,0.00209940724318,0.0,0.818820755535,-0.57390805111,-0.0119526598241,0.0,-0.00858288994941,0.00857965169965,-0.999926359077,0.0,0.660678061314,0.259536596803,0.30337959873,1.0,-0.00656,-0.00862171428571,0.329
0.464224827285,0.541470393451,-0.124049612825,-1.36546345691,0.0790468771118,1.8975473734,0.157965020021,-0.00471693672917,-0.0405284089389,-0.000452622776781,-0.0562259354611,-0.00480489998739,0.0211713829733,-0.00966340978864,0.573981393612,0.818853860615,0.00211226056486,0.0,0.818811750235,-0.573921064213,-0.0119447323489,0.0,-0.00856888434421,0.00858576319256,-0.999926426739,0.0,0.660576352755,0.259394194143,0.303397529203,1.0,-0.00688,-0.00904228571429,0.345
0.464134036907,0.540718478492,-0.124051127299,-1.36661079847,0.0789853109396,1.89797030943,0.157819481194,-0.00250414908238,-0.0378150227192,-0.000450463687988,-0.0613956547237,0.000391820889886,0.0208167328163,-0.00599438192296,0.573984804461,0.81885139865,0.00213964430375,0.0,0.818809573068,-0.573924289898,-0.0119389873552,0.0,-0.00854842724035,0.00860492423289,-0.99992643713,0.0,0.660443000471,0.25922575944,0.303419664282,1.0,-0.00726,-0.00954171428571,0.364
0.46403462025,0.540002327051,-0.124049236556,-1.36771168641,0.0789158134998,1.898363042,0.157692146618,-0.00871800461515,-0.041798905112,0.000446688260692,-0.0663834918511,-0.00635961772528,0.0143928468292,0.00036527744353,0.574002924805,0.81883868112,0.00214558096563,0.0,0.818796922743,-0.573942373457,-0.0119372592461,0.0,-0.00854341427264,0.00860898256319,-0.999926445041,0.0,0.660315081411,0.259055327975,0.303435759912,1.0,-0.0076,-0.00998857142857,0.381
0.463938461573,0.539307466409,-0.12405384241,-1.36879992485,0.0788510440068,1.89876948084,0.157550984652,-0.00893301719679,-0.0483226127781,0.000203243575969,-0.0679094868403,-0.00245640517792,0.0234610997804,-0.00329458377292,0.574012247956,0.818832119533,0.00215548581717,0.0,0.818790499321,-0.573951664192,-0.0119311480915,0.0,-0.00853262688786,0.00861368228532,-0.999926496677,0.0,0.660192429775,0.258886205948,0.303444135337,1.0,-0.00792,-0.0104091428571,0.397
0.463835393409,0.538496215583,-0.124057758277,-1.37003481727,0.0787884096938,1.89924583731,0.15740626587,-0.00247359606601,-0.0413797369954,0.000756147990675,-0.0693645324291,-0.00783475796764,0.0273509781749,-0.0114904706634,0.574032498152,0.818817791274,0.00220514380914,0.0,0.818776751312,-0.573971643046,-0.0119134961806,0.0,-0.00848945606201,0.0086444208904,-0.999926598868,0.0,0.660054152787,0.258702139127,0.303470863938,1.0,-0.00828,-0.0108822857143,0.415
0.463744791113,0.537811210644,-0.124068712355,-1.37111945775,0.0787231227387,1.89966472205,0.157267178508,-0.000893146289648,-0.0434166312515,-0.000369267867441,-0.070509782158,-0.00523427991667,0.0253086889803,-0.00387213800667,0.574043029633,0.818810374492,0.00221757874144,0.0,0.818769561148,-0.573982189184,-0.01189954365,0.0,-0.00847078218045,0.00864670253686,-0.999926737509,0.0,0.659934159998,0.258534077571,0.30347504843,1.0,-0.00858,-0.0112765714286,0.43
0.463634809168,0.537037802109,-0.12406665927,-1.37231886268,0.0786539948156,1.90010866482,0.157117235106,-0.0033515094616,-0.0511165204232,-0.000562341197983,-0.0744873422447,-0.00261235081809,0.0278628367526,-0.0124624103602,0.574056467072,0.818800906745,0.00223486624661,0.0,0.818760268543,-0.57399550472,-0.0118966431297,0.0,-0.00845834185194,0.00865933133227,-0.999926733533,0.0,0.659796923335,0.25834940579,0.303488658851,1.0,-0.0089,-0.0116971428571,0.446
0.463504167776,0.536102509425,-0.124070802583,-1.37379637331,0.0785650076143,1.90066098608,0.156950975674,-0.00558959259035,-0.0458751690919,0.000552084157299,-0.0783754430027,-0.00422186041932,0.0267441158328,-0.00351613652043,0.574087752521,0.818778954276,0.00224128127378,0.0,0.818738410451,-0.574026771759,-0.0118923276575,0.0,-0.00845079485311,0.00866242950321,-0.999926770509,0.0,0.659628630423,0.258120776996,0.303493618112,1.0,-0.00928,-0.0121965714286,0.465
0.463395133459,0.535200926124,-0.124079082659,-1.37519941093,0.0784871504507,1.90116742163,0.156779119043,-0.00567472661145,-0.0575973463156,9.01296218463e-05,-0.0858812541227,-0.00359093160637,0.0279588543031,-0.0162266045329,0.574098278407,0.81877155717,0.00224739852585,0.0,0.818731039339,-0.574037216919,-0.011895617508,0.0,-0.00844986556151,0.00866943537629,-0.999926717646,0.0,0.659461965069,0.257911105041,0.303506206091,1.0,-0.00962,-0.0126434285714,0.482
0.463285420524,0.534426199064,-0.124074425613,-1.37646829637,0.0784175094728,1.90161962945,0.156624887301,-0.00413680678467,-0.0454872862609,0.000927586773676,-0.0900578486456,-0.000202736690198,0.026478551963,-0.00728265981902,0.574109452377,0.818763808148,0.00221586560973,0.0,0.81872274827,-0.574048381687,-0.0119274410504,0.0,-0.00849390652261,0.0086620030019,-0.99992640892,0.0,0.659308753441,0.257720423432,0.303487875504,1.0,-0.00992,-0.0130377142857,0.497
0.463154762398,0.533499629032,-0.124082628993,-1.37794891668,0.0783266174811,1.90215982413,0.156443249497,-0.0112149241674,-0.055143184031,-0.000443605356635,-0.088349695852,-0.000352417651818,0.0381670740028,-0.0116352045362,0.574130176094,0.818749317994,0.00220047350363,0.0,0.818708078732,-0.574069186654,-0.0119330488075,0.0,-0.00850711532661,0.00865283544157,-0.999926376004,0.0,0.659137044651,0.257487877164,0.303483738978,1.0,-0.01026,-0.0134845714286,0.514
0.46301705669,0.532494554471,-0.124081162742,-1.37954695914,0.078250573543,1.90277333518,0.15624066492,-0.00645031445672,-0.0565328117389,-0.000690321425771,-0.0898909632279,-0.00299745998663,0.0361550176886,-0.00502312289508,0.574143216235,0.818740100073,0.00222770831693,0.0,0.81869903587,-0.574081931448,-0.0119403329546,0.0,-0.00849730590431,0.00867945092305,-0.999926228741,0.0,0.658953079303,0.257250769315,0.303484950596,1.0,-0.01062,-0.0139577142857,0.532
0.462879847476,0.531523704421,-0.124080808236,-1.38110475673,0.07815109817,1.90334835167,0.156036757322,-0.00679890034594,-0.0551146343699,0.00152100410804,-0.0910250694407,-0.00340259444063,0.0339780195083,-0.0120399796754,0.574146663468,0.818737720864,0.00221363140178,0.0,0.818696491591,-0.574085454131,-0.0119454138706,0.0,-0.0085095111731,0.00867087872116,-0.999926199318,0.0,0.658770886196,0.257011322736,0.303477624007,1.0,-0.01096,-0.0144045714286,0.549
0.462747908242,0.530578736583,-0.124083323937,-1.38266117417,0.0780521067546,1.90389495357,0.155839396467,-0.00868275920608,-0.0577053966064,0.000332688747764,-0.10108799907,-0.00257795207367,0.0387215158648,-0.0109302118786,0.574152913172,0.818733495931,0.00215449243044,0.0,0.818691477331,-0.574091926896,-0.0119779514085,0.0,-0.00857003831972,0.00864120665583,-0.999925939253,0.0,0.658581501942,0.256771693514,0.30345015031,1.0,-0.01128,-0.0148251428571,0.565
0.462597380242,0.529480725349,-0.124086790607,-1.38439344746,0.0779474814582,1.90452628725,0.155612025307,-0.00602281963626,-0.0641036015391,-0.00217200593658,-0.0981392620285,-0.00669496602186,0.032857154596,-0.0128088132348,0.574158415539,0.818729646535,0.00215096527568,0.0,0.818687557769,-0.574097418802,-0.0119826282659,0.0,-0.00857583450337,0.00864106173473,-0.999925890811,0.0,0.65837682522,0.256505260886,0.303453930576,1.0,-0.01164,-0.0152982857143,0.583
0.46245494099,0.528391974313,-0.12408402207,-1.38608554632,0.0778367515885,1.90516698892,0.155368728532,-0.00749708313857,-0.0655793572201,0.00106131163264,-0.101705616569,-0.00610720432197,0.0379565060934,-0.0178856457517,0.57413591765,0.818745351327,0.0021782208009,0.0,0.818703676677,-0.574074870725,-0.0119615842955,0.0,-0.00854319419474,0.00865105911406,-0.999926083773,0.0,0.658179501261,0.256252104483,0.303470630663,1.0,-0.01198,-0.0157451428571,0.6
0.462320658018,0.527339231346,-0.124095013735,-1.38771708672,0.0777363356997,1.90578692299,0.155146736292,-0.00905836066713,-0.0697710986238,-0.00180520308977,-0.103148752285,-0.00464510525653,0.0387959984381,-0.0157974290186,0.574133234354,0.81874715062,0.00220895050514,0.0,0.818705947026,-0.574072134024,-0.0119375098887,0.0,-0.00850586904076,0.00866236885522,-0.999926304063,0.0,0.657991258499,0.256003306733,0.303489202072,1.0,-0.0123,-0.0161657142857,0.616
0.462187970225,0.526324087466,-0.124098439343,-1.38930662972,0.0776474118407,1.9063878028,0.154934488919,-0.00950022819482,-0.0650743256118,-0.00127264766986,-0.102712614347,-0.00689908211548,0.0371278065551,-0.0150674893559,0.574132556343,0.818747558623,0.00223380776163,0.0,0.818706625896,-0.57407130138,-0.0119309910408,0.0,-0.00848626824485,0.00867897069849,-0.999926326646,0.0,0.657804848312,0.255765035126,0.303499186297,1.0,-0.0126,-0.01656,0.631
0.462037781074,0.525142423566,-0.124105002876,-1.39112845012,0.0775181381146,1.9070474488,0.154677733504,-0.0164078813124,-0.0704478556428,-9.21924466503e-05,-0.105748010445,-0.00833383402921,0.045833311476,-0.0128547164628,0.574113085936,0.818761196648,0.00223926830977,0.0,0.818720487882,-0.574051967881,-0.0119099872438,0.0,-0.00846614202745,0.0086711813202,-0.99992656483,0.0,0.657586949041,0.255485581083,0.303520626267,1.0,-0.01294,-0.0170068571429,0.648
0.461885394241,0.523913290033,-0.124114236981,-1.39312897681,0.0774044101001,1.90775776468,0.154412388553,-0.00591403178411,-0.0641560724479,0.000630626810575,-0.112635845364,-0.0028116301719,0.0471483351022,-0.0158422643717,0.574103987921,0.818767712674,0.00218875252818,0.0,0.818726237034,-0.574042964508,-0.0119486648647,0.0,-0.00852690718035,0.00865193184687,-0.999926215243,0.0,0.657338115266,0.255188505803,0.303494643971,1.0,-0.0133,-0.01748,0.666
0.461717295612,0.522626570131,-0.124115278038,-1.39517631959,0.0772722373254,1.9085343674,0.154133044712,-0.00771099471169,-0.0752800275796,-1.37719812857e-05,-0.115587557402,-0.00507934807628,0.0411222534608,-0.0145987573785,0.574087928073,0.818778954112,0.00219591541544,0.0,0.818737638835,-0.574026945566,-0.0119369769888,0.0,-0.00851339482474,0.00865091954628,-0.999926339137,0.0,0.657095480519,0.254882613084,0.303491949744,1.0,-0.01366,-0.0179531428571,0.684
0.461570670567,0.521542675538,-0.124117792617,-1.3969043138,0.0771648599267,1.90921345285,0.153901963637,-0.0156056853284,-0.0694846021486,-0.000344386368011,-0.11281848752,-0.00788220070078,0.0454236927226,-0.0110847155569,0.574084723067,0.818781116148,0.00222743825817,0.0,0.818740234238,-0.574023636604,-0.0119180686533,0.0,-0.00847985060842,0.00866584130787,-0.999926494963,0.0,0.656881599073,0.254606520294,0.303491360047,1.0,-0.01398,-0.0183737142857,0.7
0.461393055431,0.520186950493,-0.124120750694,-1.39906595161,0.0770329894954,1.91000419237,0.153614021082,-0.0066401607964,-0.0759960811557,-0.00031870093468,-0.121765227359,-0.00654907555713,0.0458672655944,-0.0152999820673,0.57407585866,0.818787388364,0.00220636842825,0.0,0.818746236431,-0.574014862897,-0.011928302659,0.0,-0.00850041917038,0.00865437306166,-0.999926419643,0.0,0.656632651751,0.254297813467,0.303481987714,1.0,-0.01432,-0.0188205714286,0.717
0.461224918105,0.518865036431,-0.124124180977,-1.40112342246,0.0769010764384,1.91074269281,0.153342842428,-0.0104774462849,-0.082155581019,0.000903165992296,-0.121899247304,-0.00834978575343,0.0444362645569,-0.0163379438732,0.574067587594,0.818793191041,0.00220501241099,0.0,0.818752032815,-0.57400660994,-0.0119275901753,0.0,-0.008500701587,0.00865276790422,-0.999926431134,0.0,0.65637936363,0.253987396649,0.303494837003,1.0,-0.01466,-0.0192674285714,0.734
0.461060248886,0.517582297039,-0.124130158107,-1.40312418378,0.0767666420281,1.91145590551,0.153054328251,-0.00803314552731,-0.0817711612172,-0.00137822634062,-0.124517231332,-0.00605348549624,0.0439980917431,-0.0118710289696,0.574040023216,0.818812546704,0.0021936287014,0.0,0.818771306937,-0.573979163019,-0.0119253619827,0.0,-0.00850570261055,0.00864188169119,-0.99992648275,0.0,0.656132523954,0.253681929755,0.303504678395,1.0,-0.01498,-0.019688,0.75
0.460860658034,0.516161616794,-0.124126190098,-1.40538459815,0.0766236417322,1.91230289479,0.152731340669,-0.00793460114659,-0.0827328120713,0.00142841465401,-0.132087260829,-0.0112870939778,0.0501390958058,-0.0202104674018,0.574017234659,0.818828514979,0.00219642273487,0.0,0.818787311883,-0.573956366297,-0.0119236901872,0.0,-0.00850297042584,0.00864297313906,-0.999926496553,0.0,0.655860824393,0.253338047303,0.303498629629,1.0,-0.01534,-0.0201611428571,0.768
0.460682761272,0.514876898857,-0.124142221985,-1.40743860487,0.0764940607647,1.9130844349,0.152464449365,-0.0139638289641,-0.0759005720348,-0.00111781401675,-0.125563224739,-0.0101972912096,0.0481853416477,-0.0193934106932,0.574029316954,0.818820039635,0.00219837915039,0.0,0.818778970007,-0.573968548976,-0.0119100781621,0.0,-0.00849057365158,0.00863688693556,-0.999926654482,0.0,0.655618931145,0.253017211139,0.303490038395,1.0,-0.01566,-0.0205817142857,0.784
0.46049257902,0.51352934579,-0.124139428249,-1.40957028486,0.0763700138364,1.91381989672,0.152167688519,-0.0112123852994,-0.0819378190064,0.00463895898106,-0.130293717552,-0.0021070139031,0.0463681949687,-0.0154222541233,0.574018428488,0.818827768106,0.00216259917074,0.0,0.818786046074,-0.573957618456,-0.0119503084809,0.0,-0.00854416865365,0.00863056948364,-0.999926252507,0.0,0.655348796578,0.252688808879,0.303483525988,1.0,-0.01598,-0.0210022857143,0.8
0.460287205477,0.512026441016,-0.124140906231,-1.41199357059,0.0762257609808,1.91468267521,0.15182275638,-0.00877819367999,-0.0827161307329,0.000943457763662,-0.135466296968,-0.00602486389651,0.0502459204278,-0.0152357314375,0.57399323537,0.818845552102,0.00211529031319,0.0,0.818803081627,-0.573932491704,-0.0119898033852,0.0,-0.00860392898474,0.00861423811429,-0.999925880907,0.0,0.655043819064,0.252320824362,0.303457826475,1.0,-0.01634,-0.0214754285714,0.818
0.460114276784,0.510766580859,-0.12414651674,-1.41401375482,0.0760992331687,1.91546275571,0.151544585345,-0.00896073887477,-0.0872898936549,0.000716743861368,-0.135465345612,-0.00584951490127,0.0576332823402,-0.013180624525,0.573982769021,0.818852859855,0.00212642341836,0.0,0.818810595349,-0.573922041285,-0.0119769099471,0.0,-0.00858709102158,0.00861584384257,-0.999926011814,0.0,0.654802910887,0.252013571553,0.303446285264,1.0,-0.01664,-0.0218697142857,0.833
0.459916980403,0.509265780324,-0.124152450334,-1.41638977529,0.0759496687543,1.91634626022,0.151212598561,-0.0060486151972,-0.0908232089575,-0.000173686359847,-0.140299081784,-0.0119783806596,0.0494466692336,-0.0187439821151,0.573960188381,0.818868681575,0.00212870642634,0.0,0.81882647189,-0.573899479168,-0.0119726206329,0.0,-0.00858250580309,0.00861501463236,-0.999926058325,0.0,0.654510724804,0.251654513374,0.303442565314,1.0,-0.01698,-0.0223165714286,0.85
0.459688757258,0.507680544858,-0.124152970764,-1.41890010617,0.0757860742724,1.91723825312,0.150847054925,-0.0130082018046,-0.0879181312094,6.50161161295e-05,-0.139373553628,-0.00805822554114,0.052017122065,-0.0242894575411,0.573933991958,0.818887127149,0.00209589295816,0.0,0.818844473001,-0.573873406057,-0.0119912367287,0.0,-0.00861685806629,0.00859855427779,-0.999925904566,0.0,0.654196625303,0.251262017727,0.303434008053,1.0,-0.01734,-0.0227897142857,0.868
0.459489782445,0.506209816892,-0.124158898508,-1.42118842144,0.075637589795,1.91808196945,0.150556665289,-0.00754484889148,-0.0963645720692,-0.000840575477347,-0.143335790857,-0.0132580964645,0.0579302175681,-0.0152883538971,0.573941592539,0.818881759135,0.00211182651248,0.0,0.818839372239,-0.573880998684,-0.0119761731408,0.0,-0.00859529810735,0.00860303621582,-0.999926051575,0.0,0.653915074905,0.250909535898,0.303446460958,1.0,-0.01766,-0.0232102857143,0.884
0.459254010991,0.504489996072,-0.124164625421,-1.4237997143,0.0754781165112,1.9190963729,0.150185326759,-0.0112811224662,-0.0975278391879,-0.000237008625819,-0.141501581271,-0.00525107476939,0.0576727096427,-0.0260930595602,0.573926568255,0.818892018583,0.00221428420054,0.0,0.818851023807,-0.573865614387,-0.011916557195,0.0,-0.00848783542995,0.00865256424963,-0.999926542193,0.0,0.653605518916,0.250507860556,0.30349346621,1.0,-0.01802,-0.0236834285714,0.902
0.459039161508,0.502923591503,-0.124169954379,-1.426134065,0.0753264809216,1.919977697,0.149864984656,-0.00954769966081,-0.101897955421,-0.00115491115584,-0.139833777876,-0.00982167400572,0.0567809131445,-0.017941255495,0.573919913905,0.81889641656,0.0023104693414,0.0,0.818856773802,-0.573858681882,-0.0118551309053,0.0,-0.00838240271268,0.00869600660447,-0.999927054736,0.0,0.653307503422,0.250118475653,0.303557929897,1.0,-0.01836,-0.0241302857143,0.919
0.458802624287,0.501223661581,-0.124168779707,-1.42868118505,0.0751640093712,1.92088794149,0.149491659671,-0.0146631979821,-0.100546332708,-0.000564676366293,-0.151231807675,-0.00688825390864,0.0556421202429,-0.0232922038997,0.573896185624,0.818912906387,0.00235940242105,0.0,0.818873867159,-0.573834732275,-0.0118337069269,0.0,-0.00833702878984,0.00872354020701,-0.999927194248,0.0,0.653006079662,0.249745332688,0.303605922646,1.0,-0.01868,-0.0245508571429,0.935
0.458539350257,0.499328106163,-0.124164052659,-1.43157741247,0.0749806569203,1.92192387028,0.149088338795,-0.0147700508537,-0.101333401102,0.00179266346285,-0.152994941632,-0.00697275052497,0.0533496434063,-0.0226588915137,0.573875947074,0.818927000771,0.00238991181355,0.0,0.818888286001,-0.573814303108,-0.0118265591027,0.0,-0.00831388306161,0.00874421694763,-0.99992720636,0.0,0.65263901398,0.249298420677,0.303639418174,1.0,-0.01906,-0.0250502857143,0.954
0.458319427084,0.497847845947,-0.124171083126,-1.43390632355,0.0748369359078,1.92280063407,0.148756299527,-0.0145414099659,-0.104167821137,-3.56178037295e-05,-0.155117492008,-0.0142194703062,0.0562632644002,-0.02580012288,0.573868864322,0.818931902915,0.00241077814627,0.0,0.81889347155,-0.573807154256,-0.0118143505524,0.0,-0.00829198647838,0.00875422696556,-0.999927300593,0.0,0.652354680422,0.248930358131,0.303639318849,1.0,-0.01936,-0.0254445714286,0.969
0.458071248373,0.496276609661,-0.124163914646,-1.43643535206,0.0746826691028,1.92369183472,0.148380298012,-0.0155148416954,-0.108298833098,0.00117464976979,-0.161300394386,-0.0105944154712,0.0520223641737,-0.0255292382781,0.573845294241,0.818948574686,0.00235737106735,0.0,0.818909274236,-0.573783609689,-0.0118624079851,0.0,-0.00836224223045,0.00873782826078,-0.999926858956,0.0,0.652030592389,0.248529146143,0.303607730056,1.0,-0.01968,-0.0258651428571,0.985
0.457791988207,0.494503871747,-0.124171797817,-1.43933788115,0.0745020919455,1.92468823122,0.147975200973,-0.0111909510046,-0.101342673054,-0.00173164209128,-0.156860680027,-0.0115470831068,0.0496900532876,-0.0159163463352,0.573845206628,0.818948959397,0.00224223858547,0.0,0.818908011051,-0.573783825613,-0.0119389197013,0.0,-0.00849096910967,0.00868744624351,-0.999926213138,0.0,0.651653578165,0.248060334518,0.303547783519,1.0,-0.020876,-0.0274370285714,1.003
0.457515196056,0.492610266902,-0.124228817063,-1.44228187976,0.0743255566088,1.92576778831,0.147559965259,-0.0113687071491,-0.137681255569,-0.00571542584347,-0.206122423343,-0.0123115212023,0.0710024723921,-0.0259265487822,0.573873180089,0.818929316007,0.00225731263657,0.0,0.818888707551,-0.573811881884,-0.0119145187187,0.0,-0.00846203877334,0.00868607780776,-0.999926470273,0.0,0.651295042158,0.247567283277,0.303560053865,1.0,-0.028044,-0.0368578285714,1.019
0.457184209681,0.490199291546,-0.124257578118,-1.44608522911,0.0741187301956,1.92719799769,0.14698476404,-0.0217494584656,-0.157673185202,5.47424930547e-05,-0.259730471639,-0.0160755092477,0.0959264432584,-0.0383296416141,0.573829046363,0.818960131045,0.00229700045781,0.0,0.818919870003,-0.573767420467,-0.0119138837477,0.0,-0.00843921424884,0.00871775970964,-0.999926387455,0.0,0.650818022367,0.246979396861,0.303551896956,1.0,-0.035212,-0.0462786285714,1.035
0.456660547589,0.486787756402,-0.124281099691,-1.45151183452,0.073807483003,1.92920243607,0.146194760162,-0.0268104292264,-0.201901846476,-0.00227024629731,-0.314547383094,-0.0196752819876,0.123259075284,-0.036449882864,0.57381409577,0.818970612904,0.0022946885456,0.0,0.818930074783,-0.57375222611,-0.011944142948,0.0,-0.00846548239623,0.00873307518646,-0.999926031767,0.0,0.650134683843,0.246112556178,0.30351455259,1.0,-0.043276,-0.0568770285714,1.053
0.456140018402,0.483367443236,-0.124382106374,-1.45684709985,0.0734869899609,1.93116051255,0.145370740503,-0.0377460291994,-0.230522515698,-0.00158201294798,-0.372362767511,-0.0262686828273,0.127458175585,-0.0515746935636,0.573815284765,0.818969720462,0.00231578011984,0.0,0.818929674399,-0.573753555199,-0.0119076944228,0.0,-0.00842351627477,0.00872944619452,-0.999926417864,0.0,0.649476585369,0.245209180365,0.303522249981,1.0,-0.049996,-0.0657090285714,1.068
0.455421481377,0.478872700746,-0.124473363341,-1.46391160976,0.0730645919833,1.93363017995,0.144309100075,-0.0479539519469,-0.2750843372,-0.00884344577413,-0.431895185621,-0.0267649113476,0.153064781779,-0.0571634738277,0.573831144144,0.818958856343,0.00222632610341,0.0,0.818917502466,-0.573769627354,-0.0119702038771,0.0,-0.00852587032805,0.00869222055088,-0.999925874671,0.0,0.64856943382,0.244011646926,0.303492701683,1.0,-0.057612,-0.0757186285714,1.085
0.454548682055,0.473399589735,-0.124571228606,-1.47237497151,0.0725496820514,1.9366962011,0.143100069394,-0.0499322637637,-0.308178905852,-0.00420235083039,-0.488360993503,-0.0348988023322,0.178533268342,-0.0662053013135,0.573896594672,0.818912842613,0.00228072972958,0.0,0.81887223218,-0.573834883715,-0.0119390325487,0.0,-0.00846842784682,0.00871956424667,-0.999926124736,0.0,0.647495691056,0.242584152586,0.303520891068,1.0,-0.065676,-0.0863170285714,1.103
0.453645027424,0.467932050991,-0.124623753441,-1.48064766394,0.0720533354859,1.93976122899,0.141795618922,-0.058626967451,-0.356982168624,-0.00134597942784,-0.525925362703,-0.0274909007296,0.203648886356,-0.080380101385,0.573867574948,0.818932516377,0.00250737823863,0.0,0.81889476202,-0.573804881793,-0.0118352552565,0.0,-0.00825368840445,0.00884531843876,-0.999926815807,0.0,0.646452949474,0.241190155845,0.303627135912,1.0,-0.072844,-0.0957378285714,1.119
0.452501050583,0.461185414632,-0.124684563462,-1.49104817927,0.0713776273252,1.94343995762,0.140146144942,-0.0700540970242,-0.383410495537,-0.00243450230934,-0.607349961435,-0.0423018565947,0.199726798791,-0.0898610748738,0.573802583847,0.818978030603,0.00251536502091,0.0,0.818940321423,-0.57373980577,-0.0118377414951,0.0,-0.00825184405144,0.00885263093608,-0.999926766316,0.0,0.64508969809,0.239417144651,0.303648115938,1.0,-0.080908,-0.106336228571,1.137
0.451287998707,0.454213433013,-0.124770880508,-1.5018894839,0.0706617042518,1.94711375852,0.138505840326,-0.0704367052336,-0.420394690208,-0.00341376748992,-0.643498960893,-0.0457822760118,0.220693911229,-0.102945429885,0.573820420405,0.818966075715,0.00233213555536,0.0,0.818925785649,-0.573758150775,-0.0119536153338,0.0,-0.00845168637807,0.00876924335321,-0.999925831934,0.0,0.643624792909,0.237532607781,0.303603858649,1.0,-0.088524,-0.116345828571,1.154
0.450038817317,0.446975035677,-0.124869322877,-1.51254524866,0.0699279634892,1.95113787862,0.136813064393,-0.084004665357,-0.458948730353,-0.0059748845237,-0.67737354864,-0.0428800499655,0.25042384663,-0.0993220707582,0.573812827851,0.818969923142,0.00280187142599,0.0,0.818936628904,-0.573749790044,-0.011607030857,0.0,-0.00789838809491,0.00895499075055,-0.999928709262,0.0,0.642275629551,0.23566583344,0.303848032173,1.0,-0.095692,-0.125766628571,1.17
0.448582491274,0.438931620682,-0.124901428027,-1.52491268535,0.0691123923302,1.95540264638,0.134879230221,-0.0860019411999,-0.487242044281,-0.00340965109741,-0.736094397788,-0.0561648223849,0.250112505679,-0.11885062661,0.573772635289,0.818998256689,0.00275053359994,0.0,0.818963867918,-0.573709295119,-0.0116865153098,0.0,-0.00799338287007,0.00895816279488,-0.999927925977,0.0,0.640575131869,0.233523371778,0.303835234682,1.0,-0.103308,-0.135776228571,1.187
0.446875580742,0.429721571272,-0.124952903669,-1.53875909544,0.0681803967537,1.96030537305,0.132610047844,-0.100555443866,-0.516532900643,-0.00190576405819,-0.771873237972,-0.0527539632631,0.269244770519,-0.120640764121,0.573697133902,0.819050402085,0.00296383155373,0.0,0.819018742971,-0.573633042084,-0.0115835483562,0.0,-0.00778750816201,0.00907305677035,-0.999928514624,0.0,0.638692111105,0.231080767192,0.303952488859,1.0,-0.111372,-0.146374628571,1.205
0.445313367334,0.421655833023,-0.125003326255,-1.55106520669,0.06728570173,1.9645302238,0.130556416877,-0.109332098565,-0.53945019642,-0.00611288823008,-0.822557340055,-0.0594960330242,0.277659760587,-0.145326864801,0.573607670283,0.819113420597,0.00286211328675,0.0,0.819080570101,-0.573544072865,-0.0116173605614,0.0,-0.00787453944554,0.0090082819464,-0.999928418681,0.0,0.636850664838,0.228704709921,0.303925038482,1.0,-0.11854,-0.155795428571,1.221
0.443278380913,0.411405097432,-0.125137784976,-1.56647223945,0.0661843539864,1.96992612011,0.128037384386,-0.119061818074,-0.584744402308,-0.00473418942823,-0.87089512871,-0.0652746749741,0.304111677797,-0.14613551403,0.573643319526,0.819087751732,0.00305676745601,0.0,0.819057997082,-0.573579768316,-0.0114452477309,0.0,-0.00762150900037,0.009069334344,-0.999929827425,0.0,0.634843380446,0.226017210021,0.304032060349,1.0,-0.126156,-0.165805028571,1.238
0.441142327176,0.401339034783,-0.125207018775,-1.58194221756,0.0651648698784,1.97503679294,0.125452111572,-0.127925604258,-0.612072637935,-0.0118159450973,-0.915825921589,-0.0663124745143,0.295288871531,-0.157680353075,0.57366965092,0.81907011875,0.00283179882814,0.0,0.819036357921,-0.573605559773,-0.0116984230808,0.0,-0.0079576464394,0.00903055034975,-0.999927559888,0.0,0.632595149206,0.223140473618,0.3039116928,1.0,-0.133772,-0.175814628571,1.255
0.438961141777,0.391252137055,-0.125343471801,-1.59689762985,0.0640571939109,1.98025345514,0.122888417607,-0.138800999111,-0.630372599875,-0.0116699418073,-0.939947436259,-0.0796777543103,0.32130343363,-0.16056079322,0.573733356334,0.819024657319,0.0030648711359,0.0,0.818994614556,-0.573669301243,-0.0114935217027,0.0,-0.00765540258122,0.00910450502713,-0.999929248897,0.0,0.630491274294,0.220258609526,0.30403373447,1.0,-0.14094,-0.185235428571,1.271
0.436492571041,0.380161824459,-0.125457799123,-1.61354856101,0.0627879968097,1.98574898035,0.119914837284,-0.146059458444,-0.662693435591,-0.0046188996462,-0.996754070655,-0.0749095075561,0.331961917821,-0.180282169669,0.573676841553,0.819064665074,0.00295004978114,0.0,0.819033346018,-0.57361340097,-0.011523508105,0.0,-0.00774645936183,0.00902713267671,-0.999929249119,0.0,0.628036184912,0.217034672297,0.304018855436,1.0,-0.148556,-0.195245028571,1.288
0.433805827752,0.368610282708,-0.125573054128,-1.63080672481,0.0615130637158,1.99147576557,0.116865551782,-0.16257372018,-0.681521846168,-0.00732383391586,-1.04052597006,-0.0871472111541,0.340704462746,-0.181233323242,0.573737903538,0.819021951785,0.00293384384489,0.0,0.818990292757,-0.57367435561,-0.0115490686668,0.0,-0.00777601949604,0.00902910191231,-0.999929001899,0.0,0.625470461061,0.213639803173,0.304011039874,1.0,-0.156172,-0.205254628571,1.305
0.431090991171,0.357301282424,-0.125729190948,-1.64746581379,0.0601981914141,1.99700959461,0.113843129947,-0.178402697367,-0.702511383709,-0.0100702499603,-1.05764554638,-0.0821731544403,0.336999292688,-0.198150572916,0.573814329951,0.818968126716,0.00301148926204,0.0,0.818938115086,-0.57375128318,-0.0114269684981,0.0,-0.00763062406968,0.0090233553395,-0.99993017388,0.0,0.622985244396,0.210267139287,0.304076714267,1.0,-0.16334,-0.214675428571,1.321
0.427963713665,0.344872942515,-0.125877963666,-1.66577262674,0.0588600375773,2.0029251863,0.110367096032,-0.190018138335,-0.740737647851,-0.0124637076871,-1.08108872204,-0.0855129515994,0.363134701685,-0.207506146888,0.573882163073,0.818920485982,0.0030409614017,0.0,0.818890259973,-0.57381831248,-0.011490573719,0.0,-0.0076650544504,0.00908462388079,-0.999929355779,0.0,0.620181390445,0.206511931248,0.304097016018,1.0,-0.170956,-0.224685028571,1.338
0.424706652555,0.332101305885,-0.125978339621,-1.68463404483,0.0573857745588,2.00896639959,0.106794721259,-0.194384058037,-0.765586473822,-0.00182093497715,-1.13069808793,-0.0904042910425,0.354712944659,-0.21594590097,0.57388570668,0.818918283558,0.00296435894848,0.0,0.818886770028,-0.573821750446,-0.0115673458126,0.0,-0.00777184696952,0.00906598329886,-0.999928700629,0.0,0.617215841143,0.202659433281,0.304049040057,1.0,-0.178572,-0.234694628571,1.355
0.421455466309,0.319561628644,-0.126017481635,-1.70276427275,0.0558346186973,2.01476387565,0.103221062064,-0.207124761265,-0.778943081959,-0.00273536479855,-1.15204681454,-0.0944484967502,0.354025816764,-0.21959582828,0.573752534679,0.819011268872,0.00305242710848,0.0,0.818981478864,-0.573689007266,-0.0114458342147,0.0,-0.00762327009746,0.00906713223003,-0.999929833971,0.0,0.614326304029,0.198923653313,0.304130032463,1.0,-0.18574,-0.244115428571,1.371
0.417562740132,0.305076211567,-0.126113148958,-1.72365420052,0.0541391612825,2.02133606401,0.0989436036034,-0.219535414714,-0.838277730578,-7.96294771041e-05,-1.16679264115,-0.095374735797,0.365717180999,-0.244412899568,0.573624637865,0.819100458939,0.0031559310436,0.0,0.819071807292,-0.573560577718,-0.0114186289945,0.0,-0.00754303184401,0.00913511694479,-0.999929823692,0.0,0.610934396592,0.194539260324,0.304187995506,1.0,-0.193804,-0.254713828571,1.389
0.413805907084,0.291857249048,-0.126250506452,-1.74272524849,0.0525564183717,2.02709161599,0.09506111161,-0.239755871119,-0.884849439755,-0.00976338759738,-1.18076544128,-0.0904790417136,0.365411737757,-0.248351511224,0.573685512363,0.819058268423,0.00303854154138,0.0,0.819027714504,-0.573621343752,-0.0115283896292,0.0,-0.00769959880655,0.00910249509648,-0.999928927855,0.0,0.607765850194,0.190396711935,0.304169155571,1.0,-0.200972,-0.264134628571,1.405
