position_joint1,position_joint2,position_joint3,position_joint4,position_joint5,position_joint6,position_joint7,velocity_joint1,velocity_joint2,velocity_joint3,velocity_joint4,velocity_joint5,velocity_joint6,velocity_joint7,ee_T_00,ee_T_10,ee_T_20,ee_T_30,ee_T_01,ee_T_11,ee_T_21,ee_T_31,ee_T_02,ee_T_12,ee_T_22,ee_T_32,ee_T_03,ee_T_13,ee_T_23,ee_T_33,v_x,v_y,time
0.465065786182,0.547789835846,-0.124006644041,-1.35583853262,0.0795450274509,1.89410512399,0.159162230643,0.00194138438381,-4.05309903854e-05,-0.000241227343984,0.00169923286942,3.54963550239e-05,-0.000401897716223,0.00132087901302,0.573839652823,0.81895358446,0.0019560800797,0.0,0.818910195135,-0.573780737013,-0.0119375474025,0.0,-0.00865410278347,0.00845225470888,-0.999926830271,0.0,0.661680188082,0.260881596815,0.303206700046,1.0,0.0,0.0,0.0
0.465058422965,0.547794119143,-0.124006643909,-1.35583658414,0.0795439612087,1.89410512416,0.159162450832,-0.000315344403486,0.00237415860415,2.43047549334e-05,0.00148545049827,0.000121167814861,-8.96149274935e-05,0.000451976246799,0.573845481763,0.818949506679,0.0019533232818,0.0,0.818906093481,-0.573786588534,-0.0119376622008,0.0,-0.00865571851748,0.00845012454583,-0.999926834289,0.0,0.661682501786,0.260876726454,0.303204591124,1.0,-0.0001,-0.000131428571429,0.006
0.465063632917,0.547783877155,-0.124002301983,-1.3558447407,0.0795445082074,1.89410850475,0.159159744862,0.00108609517521,-0.00107845802277,0.00217753418876,-0.000727165780794,9.78144300489e-05,-0.00015980697202,0.000660436699001,0.573836561502,0.818955741716,0.001959769021,0.0,0.818912380953,-0.573777611588,-0.0119378249048,0.0,-0.00865224524381,0.008455402303,-0.999926819734,0.0,0.66167919088,0.260882172375,0.303208115436,1.0,-0.0004,-0.000525714285714,0.021
0.465060529879,0.547779539621,-0.124009789002,-1.35585646405,0.0795407165766,1.89410931205,0.159157242905,0.000712055583244,0.00233358379809,-0.00111026204432,-0.00128040795874,0.00012533138938,0.000180155877459,-0.00129475355738,0.573841918045,0.818952010108,0.00195067563082,0.0,0.818908592551,-0.573783065749,-0.0119355522388,0.0,-0.00865554650006,0.00844670785028,-0.999926864646,0.0,0.661679519776,0.260873890398,0.303205919526,1.0,-0.00074,-0.000972571428571,0.038
0.465054547584,0.547728278616,-0.124007321266,-1.35589980664,0.0795402687888,1.8941164499,0.159153111479,-0.000926341015869,-0.00207917127636,0.000585750873715,-0.00699007302569,0.000130585743203,0.000405840919269,-0.00364338213646,0.573843917214,0.818950571904,0.00196630539488,0.0,0.818907315077,-0.573784957449,-0.0119322596326,0.0,-0.008643860814,0.00845763931609,-0.99992687333,0.0,0.661673384368,0.260867304344,0.303222141588,1.0,-0.00108,-0.00141942857143,0.055
0.465058695502,0.54759606413,-0.12400755608,-1.35606111556,0.0795404871189,1.89415690248,0.159156448329,-0.00125695233719,-0.0130768215114,-0.000766458846629,-0.00990106502499,-1.01494439137e-05,0.00735339166462,0.000493043391043,0.573852330282,0.818944637297,0.00198266805471,0.0,0.818901480092,-0.573793189976,-0.0119368312965,0.0,-0.00863812885953,0.00847375140617,-0.999926786453,0.0,0.661646926728,0.260855286757,0.303242547367,1.0,-0.00142,-0.00186628571429,0.072
0.465041147496,0.547452239217,-0.124004560698,-1.35627268255,0.079538186689,1.89421854496,0.159152446586,-0.00343424679047,-0.014482832516,0.000214931435571,-0.0145129038796,-0.00329735244019,0.00178420227492,-0.000207702589528,0.573872446114,0.818930536804,0.0019845356645,0.0,0.818887271435,-0.573813165539,-0.0119513445379,0.0,-0.0086487348211,0.00848382165952,-0.999926609385,0.0,0.661618528966,0.260825996988,0.303248982146,1.0,-0.00176,-0.00231314285714,0.089
0.465024332273,0.547287587719,-0.124005481335,-1.35648596707,0.0795315181311,1.89434097155,0.159144389071,0.000545859691472,-0.00587975027511,0.000498523725828,-0.0133112205802,-0.00507654372922,0.00458076979316,5.14856365874e-05,0.573890697175,0.818917587568,0.00204923625228,0.0,0.818875176662,-0.5738311573,-0.0119161595851,0.0,-0.00858260229193,0.00851680580494,-0.999926898806,0.0,0.661603367049,0.26079843038,0.303274747704,1.0,-0.0021,-0.00276,0.106
0.465003755182,0.547089549948,-0.124000233265,-1.35670184819,0.0795341438187,1.89445121853,0.15912599735,-0.00016694390524,-0.0145188045872,0.00107571168012,-0.0144777004127,0.000432976288285,0.0111728311199,0.00183843995527,0.573901707611,0.818909644259,0.00213809312632,0.0,0.818868270856,-0.573841685504,-0.0118836806363,0.0,-0.00850489746466,0.00857104625037,-0.999927099285,0.0,0.661585099058,0.260772757343,0.303321673889,1.0,-0.00242,-0.00318057142857,0.122
0.464969425817,0.546850690638,-0.124004248165,-1.35703231615,0.0795263587512,1.89459346519,0.159107413241,-0.00210212715847,-0.0160421060341,0.000639750624009,-0.0195506520293,0.000254388316701,0.0111418355775,-0.00138936909193,0.573933935973,0.81888692964,0.00218643637064,0.0,0.818846128366,-0.573873658689,-0.0118654466463,0.0,-0.00846188385097,0.00860050303914,-0.999927211285,0.0,0.661554285705,0.260720035915,0.303346030331,1.0,-0.00278,-0.00365371428571,0.14
0.464934199791,0.546594061657,-0.124005189522,-1.35742305195,0.0795226455826,1.89473232894,0.159033214243,-0.00118726097528,-0.0238392338792,0.000492658678393,-0.025255117586,0.000343443049203,0.000679787990676,-0.0130333859014,0.573923522494,0.81889418707,0.00220172951418,0.0,0.81885340059,-0.573862998152,-0.0118791664202,0.0,-0.00846445219556,0.00862079271302,-0.999927014828,0.0,0.661508711454,0.260662002411,0.303353883777,1.0,-0.00312,-0.00410057142857,0.157
0.464899483802,0.546324444317,-0.124007720827,-1.3578335498,0.0795105379465,1.89488908347,0.158932715157,-0.00571436817636,-0.0212621425551,-0.000255200887357,-0.0244219211157,-7.50798555942e-05,0.0137008208916,-0.00100333971182,0.573891209508,0.818916778071,0.0022219685135,0.0,0.818876155577,-0.573830507128,-0.0118801438655,0.0,-0.00845397858373,0.00863759346671,-0.999926958445,0.0,0.66146318948,0.260601067659,0.303363104981,1.0,-0.00344,-0.00452114285714,0.173
0.464857544275,0.546030029241,-0.124007733505,-1.3583371589,0.0794952356128,1.89505570753,0.158909123585,-0.00563324546058,-0.0226937188542,0.00388541691629,-0.030795236838,-0.00386269205209,0.0209712504165,-0.00551491422678,0.573930279328,0.818889474043,0.00219332472384,0.0,0.818848311985,-0.573869517138,-0.0119149553361,0.0,-0.00849851293096,0.00863452013326,-0.999926607477,0.0,0.66140035768,0.260526230415,0.303346318226,1.0,-0.00378,-0.004968,0.19
0.464801489839,0.545695235509,-0.124007730571,-1.35891119975,0.0794634198493,1.8952444016,0.15882522016,-0.00301747126386,-0.0213379291444,-0.000117032075795,-0.0339994014043,0.000414060438442,0.0136238382065,-0.00454177380948,0.573931025579,0.81888906137,0.00215173126522,0.0,0.818847288052,-0.573870362249,-0.0119445838503,0.0,-0.00854663880627,0.0086174724835,-0.999926344354,0.0,0.661331366498,0.260433061393,0.303326463133,1.0,-0.00412,-0.00541485714286,0.207
0.464745405756,0.545339234385,-0.124007356805,-1.35953126303,0.0793523252441,1.89544830758,0.158746293782,-0.00477525831411,-0.0270498824583,-3.597989566e-05,-0.0404193504099,-0.00951439201829,0.0139498521105,-0.00219672579022,0.573917076171,0.818899074945,0.0020595226678,0.0,0.81885671659,-0.573857409879,-0.011920475003,0.0,-0.00857995879991,0.00852798231987,-0.999926826235,0.0,0.66125969154,0.260323100701,0.303300853918,1.0,-0.00444,-0.00583542857143,0.223
0.464688644899,0.544924658982,-0.124010215473,-1.36022573116,0.0793401977662,1.89567652079,0.158645707295,-0.00291702440904,-0.0223288289547,-0.000958043076459,-0.0404968420983,-0.00184377801596,0.0152903169632,-0.00099062827231,0.573918600916,0.818898076577,0.00203140406491,0.0,0.818855045014,-0.573858747083,-0.0119708209179,0.0,-0.00863730952821,0.00853386656344,-0.999926282286,0.0,0.661172612338,0.260220439989,0.303283665329,1.0,-0.00478,-0.00628228571429,0.24
0.464616287255,0.544486233831,-0.124008421214,-1.36095314387,0.0793174540255,1.89592910953,0.158601923517,-0.00443604781858,-0.0301077762981,0.000972596094905,-0.0464239456848,-0.00453895877419,0.0217929450669,-0.00497108156355,0.573975220146,0.818858441594,0.0020115141704,0.0,0.818814920443,-0.573915216133,-0.0120082326938,0.0,-0.0086787712133,0.0085396502341,-0.999925873905,0.0,0.661086947948,0.260106506508,0.30326958177,1.0,-0.00512,-0.00672914285714,0.257
0.46454862794,0.544006471932,-0.124008457279,-1.36174545926,0.0792871848625,1.89621458324,0.158474237262,-0.00496149075425,-0.0287329111963,0.000132452456527,-0.0501814816295,0.000219797219953,0.0200277363332,-0.00375688179086,0.57396221646,0.818867590309,0.00199762823561,0.0,0.818823703063,-0.573902091669,-0.0120365850957,0.0,-0.00871009410639,0.00854441491585,-0.999925560847,0.0,0.660993521268,0.259988477328,0.303256718125,1.0,-0.00546,-0.007176,0.274
0.464472729446,0.543522712883,-0.124008774947,-1.36253210994,0.0792531112204,1.89647871585,0.158369236325,-0.0069975132353,-0.0314856245098,-1.25069467883e-05,-0.0490882866732,0.000122788500681,0.0124366978564,-0.00557786948674,0.573973213903,0.818859943466,0.00197220954757,0.0,0.818815553561,-0.573913030285,-0.0120693751806,0.0,-0.00875141961217,0.00854253838495,-0.99992521605,0.0,0.66089955454,0.25986350612,0.303247475971,1.0,-0.00578,-0.00759657142857,0.29
0.464394332152,0.54293536341,-0.124016517116,-1.36345370577,0.0792012443347,1.89681106732,0.158263770082,-0.00604066187038,-0.0383536026818,0.00012203168942,-0.0548726781379,1.66129674793e-05,0.0242245487325,-0.00248069423749,0.573993898876,0.818845448211,0.0019705072063,0.0,0.818801021449,-0.573933705775,-0.0120720980586,0.0,-0.008754410592,0.0085429284234,-0.999925186536,0.0,0.660794073629,0.25971968473,0.303253363226,1.0,-0.00614,-0.00806971428571,0.308
0.464315515386,0.542416111812,-0.12401562744,-1.36425854013,0.0791540246702,1.89710003304,0.158144010077,-0.00847481227705,-0.0379641188627,0.000279237240058,-0.0548745886994,-0.0031931637936,0.0171267633765,-0.00123254691814,0.573991853092,0.818846872153,0.00197470262443,0.0,0.818802462737,-0.573931605457,-0.0120741945792,0.0,-0.00875374075408,0.00854754525992,-0.999925152945,0.0,0.660702787724,0.25959137106,0.30326254079,1.0,-0.00644,-0.008464,0.323
0.464229423239,0.541765653234,-0.124025794789,-1.365270599,0.0790919664476,1.89747525985,0.158013336297,-0.00310798556335,-0.0386798265319,-0.00140042531551,-0.0533115870122,-0.000284998786285,0.0280985361342,-0.00648599226178,0.574002150639,0.818839633879,0.00198291486879,0.0,0.818795385138,-0.573941918289,-0.0120639383828,0.0,-0.00874052120702,0.00854849270555,-0.999925260488,0.0,0.660589493125,0.259432426535,0.303273634034,1.0,-0.0068,-0.00893714285714,0.341
0.464135240395,0.54111898228,-0.124018722616,-1.36628968189,0.0790297680813,1.89784873263,0.157875559103,-0.00705061596416,-0.0415464863238,0.00079748562558,-0.0643118459778,-0.00793209477458,0.0236997456667,-0.00621687410581,0.574001432601,0.818840132555,0.00198483990812,0.0,0.818795862892,-0.573941146949,-0.0120682082851,0.0,-0.00874292030682,0.00855251221221,-0.999925205143,0.0,0.66047209947,0.259277114766,0.303277894787,1.0,-0.00714,-0.009384,0.358
0.464051867861,0.54045321316,-0.124029679253,-1.36729250418,0.0789768373003,1.89821561167,0.157757217826,-0.00715301496519,-0.0417573774871,-0.002943568924,-0.0632944305344,-0.00838802807329,0.0209752407,-0.00972331105618,0.574021874556,0.818825735997,0.00201208879914,0.0,0.818781798143,-0.57396144505,-0.0120570945073,0.0,-0.00871796573705,0.00856866264906,-0.999925284756,0.0,0.660358285149,0.2591217362,0.303303328763,1.0,-0.00746,-0.00980457142857,0.374
0.463954731735,0.539713726313,-0.124035019561,-1.36842358441,0.0789107903301,1.89864355795,0.157612327898,-0.00527888904444,-0.0450893275728,-0.000220935093034,-0.0692332193113,-0.00106270380513,0.0211539396183,-0.0126981946845,0.574031539335,0.818818885118,0.00204257773184,0.0,0.818775358139,-0.573970990517,-0.0120400103882,0.0,-0.00868637475858,0.00858392327781,-0.999925428797,0.0,0.660231771988,0.258948296855,0.303324806928,1.0,-0.0078,-0.0102514285714,0.391
0.463845398345,0.538962979051,-0.124036135539,-1.36959053522,0.0788370531551,1.89908220553,0.157476040593,-0.00492562742255,-0.0428423680167,-0.00030448047482,-0.0701172473274,-0.00129896722665,0.0246979654776,-0.0121333710453,0.574055101161,0.818802325948,0.00205882376173,0.0,0.818759047686,-0.573994516493,-0.0120276252418,0.0,-0.00866666083406,0.0085903655986,-0.999925544533,0.0,0.660101778161,0.258764639018,0.30333782498,1.0,-0.00814,-0.0106982857143,0.408
0.463746720533,0.538226297329,-0.124039519415,-1.3707097494,0.078775167363,1.89951915132,0.157319887809,-0.00295328951521,-0.044755576263,-0.000927510116876,-0.071766150268,-0.0046006792804,0.0228757150067,-0.011437466995,0.574059875923,0.818798876781,0.00209884218559,0.0,0.818756088917,-0.573999089933,-0.0120107667914,0.0,-0.00862983500471,0.0086135049498,-0.999925663977,0.0,0.659970230376,0.258581114734,0.303356935421,1.0,-0.00848,-0.0111451428571,0.425
0.463635912651,0.537380701646,-0.124047448692,-1.37204386998,0.0787024319767,1.90002571681,0.157162601114,-0.00841624471934,-0.0470805716923,0.000369718550417,-0.0752028318705,0.000140563998414,0.0288285748806,-0.00767849067342,0.574077533801,0.818786433891,0.0021231492494,0.0,0.818743959659,-0.574016640228,-0.0119988401575,0.0,-0.00860593023541,0.00862674628111,-0.999925755851,0.0,0.659827713919,0.258391600725,0.303369751658,1.0,-0.00882,-0.011592,0.442
0.463522743529,0.536545929988,-0.124047826577,-1.37335595691,0.0786244086995,1.90051846047,0.156996870023,-0.00554689139976,-0.0486359449823,-4.08401037774e-05,-0.0756298548147,-0.0029290133778,0.0269700700576,-0.00622946107901,0.57408617397,0.818780342676,0.00213593179984,0.0,0.818738022131,-0.57402521289,-0.0119938728025,0.0,-0.00859443404663,0.00863445136544,-0.999925788223,0.0,0.659677362699,0.258192732448,0.303377284915,1.0,-0.00916,-0.0120388571429,0.459
0.463417502754,0.535730509596,-0.12405445631,-1.37464433751,0.0785530230042,1.90097749256,0.156838762628,-0.0122206431576,-0.0528343925673,-0.000672333961578,-0.079188346048,-0.00585040816266,0.0278119625401,-0.0117627784477,0.574099162831,0.818771261279,0.0021259919868,0.0,0.818728744146,-0.574038174442,-0.0120068602866,0.0,-0.00861063736331,0.00863390541759,-0.999925653537,0.0,0.659523989078,0.257996830353,0.30337957907,1.0,-0.00948,-0.0124594285714,0.475
0.463299014169,0.534830422754,-0.124053096197,-1.37608813419,0.0784704846273,1.90150306376,0.156670670991,-0.00977487304734,-0.05240319789,-0.000492614768675,-0.0867280060879,-0.00349957149967,0.0401127734233,-0.0135924727598,0.574114708622,0.818760395747,0.00211248707997,0.0,0.818717620176,-0.574053692652,-0.0120234465943,0.0,-0.00863180707191,0.00863253413593,-0.999925482854,0.0,0.659351912211,0.257782217544,0.303372994846,1.0,-0.00982,-0.0129062857143,0.492
0.463173709899,0.533939511859,-0.124054512314,-1.37756525386,0.0783945235172,1.90203283421,0.1564839712,-0.00673308124946,-0.0548021700155,-0.000529889269213,-0.0881371158831,-0.00607025598702,0.0299525757571,-0.0123272157844,0.574126020039,0.818752572265,0.0020701267969,0.0,0.818709075632,-0.574065015279,-0.0120646016441,0.0,-0.00868970356191,0.00862159931413,-0.999925075732,0.0,0.659174333925,0.257558786407,0.303344382814,1.0,-0.01016,-0.0133531428571,0.509
0.46305531187,0.533064222508,-0.12405224134,-1.37895486199,0.0783162623768,1.90256660042,0.156308289662,-0.000876429144007,-0.0557387839234,0.00313789231157,-0.0943371805988,-0.00543464154431,0.0276484989277,-0.0118569419736,0.574132710886,0.818747833273,0.00208870841882,0.0,0.818704526289,-0.574071573065,-0.0120612824633,0.0,-0.0086762478003,0.00863497808407,-0.999925077132,0.0,0.659014668953,0.257352148883,0.303346432546,1.0,-0.01048,-0.0137737142857,0.525
0.462923989397,0.532115200063,-0.124047467514,-1.38052085547,0.0782309196304,1.90313910445,0.156115803701,-0.00830132312212,-0.0534482501358,0.000569483336817,-0.0885399810244,-0.00661158468089,0.0221209004155,-0.0199772338096,0.574141943415,0.818741443343,0.00205539904509,0.0,0.818697550583,-0.574080798288,-0.012095644182,0.0,-0.0087234080038,0.00862753292797,-0.999924731081,0.0,0.658826341633,0.257119986754,0.303319632207,1.0,-0.01082,-0.0142205714286,0.542
0.462782744446,0.531049502467,-0.124047503441,-1.38222559924,0.0781212238537,1.90375203545,0.155899269607,-0.00351142356957,-0.0565622084623,0.00110985299306,-0.0912731053995,-0.0099825129356,0.0311926054869,-0.00619844309572,0.574143653163,0.818740310098,0.00202905263179,0.0,0.81869607815,-0.574082627406,-0.012108486015,0.0,-0.00874903017464,0.00861335366066,-0.999924629465,0.0,0.658621329844,0.256862406748,0.303312421868,1.0,-0.01118,-0.0146937142857,0.56
0.462642106822,0.530067895437,-0.124055422653,-1.38378076289,0.0780280169427,1.90430327366,0.155688476226,-0.00795038385363,-0.0563317389465,0.0010981628287,-0.0986700950459,-0.0117465071454,0.0394978104358,-0.0158949671266,0.57415118581,0.818735077233,0.00200899045338,0.0,0.818690553243,-0.574090217583,-0.0121221700815,0.0,-0.00877167297328,0.00860486550293,-0.999924504172,0.0,0.658436979215,0.256615805996,0.303311833521,1.0,-0.0115,-0.0151142857143,0.576
0.462506872746,0.529024058563,-0.124058860832,-1.38543290544,0.077926169931,1.90492371658,0.155459663884,-0.0105871153428,-0.0626424421391,0.000621747044966,-0.0972457132299,-0.00620458185751,0.038537593753,-0.0109455873053,0.574139367591,0.818743346484,0.002016450519,0.0,0.818698941313,-0.574078389081,-0.0121158402137,0.0,-0.00876233159844,0.00860721245874,-0.999924565874,0.0,0.658243039244,0.256367985512,0.303314545773,1.0,-0.01184,-0.0155611428571,0.593
0.462355436596,0.527860347309,-0.1240584921,-1.38725014891,0.0778132088136,1.90563212324,0.15520669808,-0.0119385259534,-0.0669185153576,-0.000344039797196,-0.0989473615933,-0.00431250926689,0.0343802104491,-0.0137302842289,0.574124252451,0.818753837675,0.00205984025821,0.0,0.81871005402,-0.574063140899,-0.012087374,0.0,-0.00871427325826,0.00862623257259,-0.999924821951,0.0,0.65803456734,0.256097878592,0.303330308849,1.0,-0.0122,-0.0160342857143,0.611
0.462228745631,0.526827994772,-0.124062603801,-1.38881168606,0.0777139153186,1.90622306641,0.154989399548,-0.00891728891418,-0.0690135992957,-0.0014156629147,-0.10293032531,-0.00357744561399,0.0364749617672,-0.0116063202208,0.574110649991,0.818763250747,0.00210895585503,0.0,0.818720177131,-0.574049397703,-0.0120543542924,0.0,-0.0086591841839,0.00864734437742,-0.999925118179,0.0,0.657852528249,0.255864364013,0.303364972207,1.0,-0.0125,-0.0164285714286,0.626
0.462075436094,0.525666482806,-0.124062758476,-1.39065164664,0.0776108635245,1.90689096902,0.154761251709,-0.00402465827284,-0.0646552006858,0.000648549551404,-0.104626775741,-0.00774243105527,0.0408108670638,-0.0109798107902,0.574120948947,0.818756041469,0.00210414809732,0.0,0.818712780724,-0.574059591764,-0.0120712337562,0.0,-0.00867565620142,0.00865320771996,-0.999924924675,0.0,0.657629551613,0.255588930041,0.303364332329,1.0,-0.01284,-0.0168754285714,0.643
0.461910621736,0.524470732192,-0.124075533179,-1.39251643212,0.0774862528495,1.90755722511,0.154493645509,-0.0129821014626,-0.0721100642876,-0.00223609565001,-0.107299356395,-0.00676146481081,0.0484007974385,-0.0128732160048,0.5741123601,0.81876209178,0.00209330981452,0.0,0.818718792034,-0.574051152581,-0.0120648535998,0.0,-0.00867674491286,0.00864058001506,-0.999925024427,0.0,0.657407712681,0.255292561655,0.303375859222,1.0,-0.01318,-0.0173222857143,0.66
0.461767905428,0.523348059274,-0.124068925727,-1.39430881138,0.0773775488243,1.90821504777,0.154242635509,-0.00953763016582,-0.0723707560178,0.00101572431231,-0.112442808376,-0.00668336234305,0.0434663798994,-0.0164036991757,0.574088705805,0.818778684551,0.00209057251156,0.0,0.81873532326,-0.574027487334,-0.012069015404,0.0,-0.00868197362534,0.00864047735067,-0.999924979929,0.0,0.657176020941,0.255015454044,0.303372684249,1.0,-0.01352,-0.0177691428571,0.677
0.461590112685,0.522038817507,-0.124074758715,-1.39637084195,0.0772515643006,1.90902447445,0.153975393087,-0.00872382401289,-0.0782007781351,-5.90250138505e-05,-0.11359037788,-0.0109627144899,0.0372814099201,-0.0152365044124,0.574093614281,0.818775147312,0.00212769521655,0.0,0.818732296255,-0.574032262467,-0.0120472244728,0.0,-0.00864276869351,0.00865841413133,-0.999925164407,0.0,0.656951649124,0.254718382101,0.303377845523,1.0,-0.01386,-0.018216,0.694
0.461431853134,0.520793241561,-0.124080809064,-1.39837883772,0.0771287967824,1.90978916373,0.153694031775,-0.00953143377745,-0.0750671397629,0.000135617038855,-0.115310673971,-0.00294293261004,0.0400222060959,-0.0190990088189,0.574071458922,0.818790687105,0.00212547909939,0.0,0.818747834618,-0.574010146867,-0.0120449783535,0.0,-0.00864243592592,0.00865507634329,-0.99992519618,0.0,0.656711811778,0.254420941841,0.303363611191,1.0,-0.0142,-0.0186628571429,0.711
0.461269865958,0.519549610724,-0.124081237631,-1.40030692549,0.077003217253,1.91048738154,0.153440916753,-0.00874780319763,-0.0770966207084,0.00126512234959,-0.118050943771,-0.00293258625422,0.0400723919175,-0.0145680272101,0.574065781848,0.81879464791,0.00213297123529,0.0,0.818751920134,-0.57400446579,-0.0120379994455,0.0,-0.00863248070508,0.00865714453493,-0.99992526427,0.0,0.656476665763,0.254128916217,0.303379682196,1.0,-0.01452,-0.0190834285714,0.727
0.461088356764,0.518129571182,-0.124089434656,-1.40252877902,0.0768582408424,1.91128100928,0.153136401805,-0.00852284763309,-0.080521672598,-0.000886151279382,-0.120377596074,-0.0116950794545,0.0471047654617,-0.0108824966998,0.574049512797,0.818806089027,0.00211951183893,0.0,0.818763232831,-0.573988303067,-0.0120392444647,0.0,-0.00864139804491,0.00864666725981,-0.999925277901,0.0,0.6562028039,0.253790401948,0.303387902064,1.0,-0.01488,-0.0195565714286,0.745
0.460927768775,0.516842744293,-0.124088648853,-1.40454007196,0.0767320287794,1.91200668702,0.152859150081,-0.00926955247129,-0.073967793853,0.00316174494205,-0.126943561369,-0.00971588963317,0.0510080505225,-0.0130799981138,0.574025732982,0.818822760956,0.00211917814232,0.0,0.818779867997,-0.573964495266,-0.0120429580323,0.0,-0.00864488157403,0.0086482747175,-0.999925233889,0.0,0.655952567923,0.253492554171,0.303396280207,1.0,-0.0152,-0.0199771428571,0.761
0.460748504368,0.51555971498,-0.124096799774,-1.40659065423,0.0766013273739,1.91279241191,0.152586119799,-0.0134806925856,-0.0790748208856,-0.000587497888224,-0.125403754789,-0.00801330663107,0.0545133306794,-0.0182564375646,0.57402797766,0.818821166761,0.00212711772971,0.0,0.818778470257,-0.573966799045,-0.0120281810448,0.0,-0.00862820040217,0.00864631710923,-0.999925394896,0.0,0.655711209458,0.253175883611,0.303388451205,1.0,-0.01552,-0.0203977142857,0.777
0.46055000747,0.514081882125,-0.124092548747,-1.4089627702,0.0764609601838,1.91363200793,0.152257708563,-0.0139976720734,-0.0840587707243,0.000369134902691,-0.133251846727,-0.0123101849853,0.0512218561638,-0.0179419692136,0.574005448681,0.818837070332,0.00208423524513,0.0,0.818793644499,-0.573944286096,-0.012069427778,0.0,-0.00868682722081,0.00863464212299,-0.999924988181,0.0,0.655411121576,0.252820450654,0.303368034408,1.0,-0.01588,-0.0208708571429,0.795
0.460356459067,0.512657349132,-0.124104632635,-1.41123606929,0.0763315940203,1.91441503802,0.151927758057,-0.0127707310273,-0.0895026850414,-0.000554898412738,-0.134522212517,-0.007240931817,0.0517156331519,-0.0205586376196,0.573986530639,0.818850462079,0.00203231389101,0.0,0.818806190659,-0.573925429846,-0.0121148675825,0.0,-0.00875403683682,0.00861800793151,-0.999924545542,0.0,0.655122741537,0.252467780472,0.303352435402,1.0,-0.01622,-0.0213177142857,0.812
0.460175534266,0.511399659737,-0.124106298149,-1.41325406122,0.0762030789514,1.91518722159,0.151643322215,-0.0139358734436,-0.089136857909,0.0005809510495,-0.135574403659,-0.00890268127252,0.054672875111,-0.0264254016902,0.573974072667,0.818859183269,0.00203685620769,0.0,0.818815022984,-0.573913004625,-0.0121065337306,0.0,-0.00874473642002,0.00861681083408,-0.999924637238,0.0,0.65488222336,0.252156961802,0.303339793498,1.0,-0.01652,-0.021712,0.827
0.4599697818,0.509847291973,-0.124109583547,-1.41573180792,0.0760511315703,1.91612660651,0.151304148189,-0.0139498361382,-0.0845435461463,-0.000436107307541,-0.138431780558,-0.00769931582516,0.0530129254883,-0.0219373023295,0.57395564078,0.818872081283,0.00204543716722,0.0,0.818828036246,-0.5738945408,-0.0121016527471,0.0,-0.00873600854338,0.00862083913371,-0.999924678807,0.0,0.654580246281,0.251785873975,0.303328763417,1.0,-0.01688,-0.0221851428571,0.845
0.459768395991,0.508339545076,-0.124112743283,-1.41810963976,0.0759010827087,1.91696006151,0.150969920061,-0.0112898975654,-0.0836175403244,0.000265543202878,-0.138850118831,-0.00198551247524,0.0478476693099,-0.0254103565258,0.573931899763,0.818888802747,0.00201247921279,0.0,0.818844262171,-0.573870883155,-0.0121256207247,0.0,-0.00877480075674,0.00860735331268,-0.999924455317,0.0,0.654277526977,0.251422290712,0.303324298199,1.0,-0.01722,-0.022632,0.862
0.459566934624,0.506893787617,-0.124118478915,-1.42037886577,0.0757538031266,1.91778637974,0.150660496749,-0.00983804803894,-0.0858463089661,-0.000352427765647,-0.142442860867,-0.0123111455745,0.0606242657989,-0.0159657065326,0.573925255688,0.818893467768,0.00200903773076,0.0,0.818848921806,-0.573864293886,-0.0121228033256,0.0,-0.00877453837263,0.00860284700944,-0.999924496399,0.0,0.65399725673,0.251069231848,0.303327116233,1.0,-0.01754,-0.0230525714286,0.878
0.459343759728,0.50528222737,-0.124118401269,-1.42283374599,0.0755996543212,1.91872531442,0.150327410952,-0.00901548349134,-0.0907338663534,-0.00303947734085,-0.141928378007,-0.00808893314402,0.0560874576233,-0.0214659170008,0.573916935905,0.818899077421,0.00209727961969,0.0,0.818855731644,-0.573855638819,-0.0120724252406,0.0,-0.00868272932526,0.00864610520478,-0.99992492472,0.0,0.653688091896,0.250672784972,0.303366819375,1.0,-0.0179,-0.0235257142857,0.896
0.459101414884,0.503536607793,-0.124119551479,-1.42545449981,0.0754352078996,1.91972448331,0.149961081476,-0.0176035721169,-0.0950964328448,0.000666157467556,-0.145625928702,-0.00711995055072,0.0615568051185,-0.0191609338452,0.573910282712,0.818903494831,0.00219099340823,0.0,0.818861433244,-0.573848651116,-0.0120177226924,0.0,-0.0085842217737,0.00869138196649,-0.999925382724,0.0,0.653388888031,0.250286260857,0.303425127702,1.0,-0.01824,-0.0239725714286,0.913
0.458893291751,0.502033712257,-0.124128034132,-1.42767504754,0.0752906477839,1.92053942345,0.149645874949,-0.0152827070848,-0.0974238502763,0.000489566427015,-0.152150866693,-0.0129024005258,0.0570263159365,-0.0171511965107,0.573903204903,0.818908241317,0.00226949460995,0.0,0.818867289495,-0.573841338154,-0.0119677784864,0.0,-0.00849834622836,0.00872692934911,-0.999925806655,0.0,0.653118818309,0.249933682309,0.303488352021,1.0,-0.01854,-0.0243668571429,0.928
0.458646883919,0.500226185738,-0.124131915186,-1.43040213234,0.0751190603168,1.92150045166,0.149257189077,-0.0161709228904,-0.0956563967629,-0.000209263115326,-0.149172527691,-0.0140668180357,0.048318879774,-0.0216818060209,0.573882008883,0.818922995496,0.0023052613115,0.0,0.81888245576,-0.573819943957,-0.0119558548888,0.0,-0.00846828262337,0.0087491565138,-0.999925867477,0.0,0.652772889266,0.2495084279,0.303535047982,1.0,-0.0189,-0.02484,0.946
0.458397290566,0.498548712285,-0.124131540743,-1.43302620135,0.074960127766,1.92247625153,0.148886985518,-0.0136825370943,-0.0963976666491,0.00064730720898,-0.154377035762,-0.00912709386622,0.0584599063483,-0.0223255544886,0.5738737327,0.818928722395,0.00233097729835,0.0,0.818888454236,-0.5738114993,-0.0119503008528,0.0,-0.00844906570191,0.00876694294481,-0.999925874253,0.0,0.652449259499,0.249097159866,0.303540634343,1.0,-0.01924,-0.0252868571429,0.963
0.458154088743,0.496968282743,-0.12413412308,-1.43553740278,0.0748039277245,1.92338915553,0.148521619919,-0.0165769008846,-0.0942793619376,-0.00034451249371,-0.155165256097,-0.0118471283197,0.0535068266051,-0.0237271351362,0.573860667454,0.818937925452,0.00231419690636,0.0,0.818897383143,-0.573798446042,-0.0119652038427,0.0,-0.00847103971758,0.00876161834237,-0.999925735007,0.0,0.652135533493,0.248696786516,0.303526347086,1.0,-0.01956,-0.0257074285714,0.979
0.457889114018,0.495296690295,-0.124135128876,-1.43826272793,0.0746365831468,1.92431498059,0.148126990652,-0.016286777805,-0.0950135329603,-0.00114454805396,-0.160162050898,-0.00787051235129,0.0569144035457,-0.0228479276379,0.57384733635,0.818947562039,0.00220728251665,0.0,0.818905415324,-0.573785342916,-0.0120435837358,0.0,-0.00859672269649,0.00871890191882,-0.999925035744,0.0,0.651779383893,0.248258286434,0.303474234274,1.0,-0.0199,-0.0261542857143,0.996
0.457593133594,0.493470978986,-0.124156731635,-1.4411427785,0.0744563977857,1.925353533,0.147724865972,-0.0156564041473,-0.123199577699,-0.0027551273925,-0.184731240626,-0.0170912269288,0.0722488068407,-0.0257057893868,0.573872069694,0.818930282268,0.00218799236093,0.0,0.818887902064,-0.573810172864,-0.0120514012602,0.0,-0.00861393100579,0.00870785071121,-0.999924983951,0.0,0.651423955517,0.247776822547,0.303465428597,1.0,-0.0270017142857,-0.0354879673469,1.013
0.457295111863,0.491006208806,-0.124229224851,-1.44489404926,0.0742486401425,1.92678950057,0.147167656104,-0.0184848750879,-0.170367426494,0.00221676272303,-0.261391891298,-0.014202964249,0.0920882268433,-0.039410167906,0.57384459781,0.818949194129,0.00231125519981,0.0,0.818908562387,-0.573782337573,-0.0119725703109,0.0,-0.00847893264224,0.00876327018792,-0.999925653635,0.0,0.650964669478,0.247191762615,0.303521620597,1.0,-0.036364,-0.0477926857143,1.029
0.456812762339,0.487679937197,-0.124254263038,-1.45023555196,0.0739633781599,1.92877079444,0.146377304573,-0.0335971004753,-0.219549280213,-0.00288646580051,-0.340286307759,-0.0261557944095,0.131169749418,-0.0503994278301,0.573804067546,0.818977619077,0.00230182966466,0.0,0.818936448546,-0.573741422066,-0.0120258367901,0.0,-0.00852840035478,0.00878569542842,-0.999925036162,0.0,0.650243355826,0.246301938824,0.30346040274,1.0,-0.0468965714286,-0.0616354938775,1.047
0.456178253016,0.483456672845,-0.12436509617,-1.45686084918,0.0735679301426,1.93121150347,0.145356998784,-0.0392001986436,-0.263730961819,-0.00919248538802,-0.415183958956,-0.0309142726471,0.147171857087,-0.0740482331808,0.57378535915,0.818990686088,0.00231616633414,0.0,0.818949894863,-0.573722855491,-0.0119959031377,0.0,-0.0084958589496,0.00878006680952,-0.999925362618,0.0,0.649463676569,0.245257301781,0.303458120616,1.0,-0.0562588571429,-0.0739402122449,1.063
0.455384950454,0.478380578371,-0.12449966355,-1.46489479091,0.0730857292231,1.93400417104,0.144155967397,-0.0484243725254,-0.316948189128,-0.00718970327869,-0.502029351406,-0.0266649717161,0.170033709254,-0.0894730231141,0.573810689928,0.818973358117,0.00216280384932,0.0,0.818930508278,-0.573748765977,-0.0120798614563,0.0,-0.00865234524735,0.00870290725007,-0.999924695328,0.0,0.648428423068,0.243891024028,0.303399398683,1.0,-0.0662062857143,-0.0870139755102,1.08
0.454438021671,0.472453707819,-0.124621848214,-1.47409406456,0.0725338232094,1.93731213004,0.142832694794,-0.0544229602134,-0.362688915286,-0.00501091373446,-0.561819378501,-0.029267418437,0.201642229524,-0.0859553497632,0.573886041532,0.818920501622,0.00218409217366,0.0,0.818877915361,-0.573824002688,-0.0120714777415,0.0,-0.00863246229569,0.0087163252389,-0.999924750303,0.0,0.64725637633,0.242330737708,0.303412173849,1.0,-0.0761537142857,-0.100087738776,1.097
0.453335199044,0.465693381041,-0.124698276152,-1.48433326073,0.071922862913,1.94113059808,0.141195941642,-0.0726999991955,-0.411374366604,-0.0042700885828,-0.636774702806,-0.0372216531166,0.236146725161,-0.103019415367,0.573827096044,0.818960967743,0.00247872136515,0.0,0.818922165915,-0.573763798952,-0.0119304688043,0.0,-0.00834854842603,0.00887607702947,-0.999925755742,0.0,0.645964389396,0.240611340464,0.303538928035,1.0,-0.0861011428571,-0.113161502041,1.114
0.452111263554,0.458683257265,-0.12474736739,-1.49524050485,0.0712208319157,1.94491720138,0.139531487814,-0.0797593147709,-0.455027126241,-0.0055128322239,-0.696142751054,-0.0469242965621,0.245396121591,-0.109824225069,0.573820533262,0.818965858635,0.00238010494058,0.0,0.818925427846,-0.573757271494,-0.0120201471055,0.0,-0.00847865081887,0.00884670600523,-0.999924921318,0.0,0.644513416986,0.238741563614,0.303505722581,1.0,-0.0954634285714,-0.125466220408,1.13
0.450503132211,0.449325988769,-0.124907384309,-1.50943100741,0.0702457497787,1.94994238566,0.137303160442,-0.0877452737594,-0.522782118507,-0.00334739043641,-0.76676574502,-0.0601570685586,0.292843922132,-0.118179415986,0.573812370238,0.818971261086,0.0024868005515,0.0,0.818932902016,-0.573749402883,-0.0118857725035,0.0,-0.0083074657091,0.00885689660742,-0.99992626798,0.0,0.642647929267,0.236247159359,0.303617973902,1.0,-0.106581142857,-0.140078073469,1.149
0.448884344192,0.440250108033,-0.124987120668,-1.52325578977,0.0693493646781,1.954818983,0.13514727033,-0.099463823191,-0.546877638682,-0.000791420997408,-0.820014301034,-0.0597505308693,0.292404221999,-0.129423608074,0.573805506561,0.818975751512,0.00258959002192,0.0,0.818938504737,-0.573741903434,-0.0118617285244,0.0,-0.0082288701555,0.00892721200158,-0.999926292575,0.0,0.640783970763,0.233841199466,0.303676071183,1.0,-0.116528571429,-0.153151836735,1.166
0.447401616327,0.432177450694,-0.125041230421,-1.53536221212,0.0685397644676,1.95908065718,0.133150609013,-0.111463498736,-0.595686526473,-0.00503710345656,-0.873574620128,-0.0543995831836,0.321275234571,-0.148721021042,0.573732447194,0.819026327848,0.00277492879016,0.0,0.818991426819,-0.573668096347,-0.0117773058073,0.0,-0.00805419047888,0.00902983922375,-0.99992679333,0.0,0.639138196635,0.231704470145,0.303793932318,1.0,-0.124720571429,-0.163918465306,1.18
0.445444828543,0.42183890738,-0.125140094123,-1.55106802426,0.0674200176237,1.96454286312,0.130544287391,-0.118638644766,-0.62301231051,-0.00473654647026,-0.952182533362,-0.0669307596903,0.318862351537,-0.164950849556,0.573634430911,0.819094878293,0.00280480465583,0.0,0.819060701596,-0.573570364673,-0.0117196745458,0.0,-0.00799092641655,0.0090202877763,-0.999927387115,0.0,0.636964232171,0.228885924553,0.303827787701,1.0,-0.134668,-0.176992228571,1.197
0.443111365971,0.410111764628,-0.125255291944,-1.56863062586,0.0661583647641,1.97069513715,0.127658092302,-0.135742766196,-0.666334778045,-0.000793693027841,-1.00950999192,-0.0692902774002,0.348853002734,-0.156472521514,0.573644716407,0.819086922116,0.00301666348752,0.0,0.819056013598,-0.573580538423,-0.0115481354505,0.0,-0.0077287760578,0.0090955183729,-0.999928766246,0.0,0.634528461465,0.225654198881,0.303950315388,1.0,-0.145200571429,-0.190835036735,1.215
0.440814094262,0.399127427605,-0.125370343837,-1.58522518826,0.0650621416728,1.9762701341,0.124863685599,-0.148106872468,-0.710373141045,-0.00511908411866,-1.03578234374,-0.0693266364089,0.368000787876,-0.17761619593,0.573687919377,0.819056713303,0.00300307432775,0.0,0.819024837969,-0.573622852862,-0.0116569449772,0.0,-0.0078252176366,0.00914721708722,-0.999927544569,0.0,0.632142494772,0.222549688951,0.303950354254,1.0,-0.154562857143,-0.203139755102,1.231
0.438148109233,0.386854495818,-0.125508415864,-1.60374768151,0.0636770088544,1.98254652753,0.121677122932,-0.157848137818,-0.72386011487,-0.00660972803356,-1.13053828676,-0.0811767790306,0.365351716265,-0.189570875466,0.573693935746,0.819052668382,0.00295658671493,0.0,0.819020573688,-0.573629470793,-0.01163086476,0.0,-0.00783045630519,0.00909423701996,-0.999927986811,0.0,0.629463234061,0.219009373431,0.303928163033,1.0,-0.164510285714,-0.216213518367,1.248
0.435257946306,0.373891572516,-0.12564908346,-1.62300792217,0.0622364945885,1.98896642482,0.118191038831,-0.176787813574,-0.775506479552,-0.00931339315682,-1.15302552151,-0.0844180738716,0.382447345996,-0.211150394352,0.573623225869,0.819102001415,0.00300880747306,0.0,0.819070745935,-0.573558787834,-0.0115834775951,0.0,-0.007762471166,0.00910915334562,-0.999928381119,0.0,0.626619357908,0.215270962763,0.303988662196,1.0,-0.174457714286,-0.229287281633,1.265
0.432232035461,0.361174372723,-0.125826083359,-1.64181967953,0.0607972464473,1.99519451117,0.114869077095,-0.193207442623,-0.797865787949,-0.0149374153327,-1.1843337415,-0.0945909561952,0.404102806214,-0.212232592729,0.573778882384,0.818992795024,0.00305658806118,0.0,0.818962525068,-0.573714704592,-0.0115137817417,0.0,-0.00767624256478,0.00910977128775,-0.999929041166,0.0,0.62382131516,0.211483196817,0.304040938617,1.0,-0.18382,-0.241592,1.281
0.428301778604,0.345453727773,-0.126046396088,-1.66511958775,0.0590333937805,2.00268529541,0.110455292474,-0.212287589365,-0.857717531198,-0.014516946572,-1.22665821885,-0.0893259572715,0.408636994121,-0.236499422288,0.573843002897,0.818948295796,0.00294002388617,0.0,0.818916192983,-0.573778813329,-0.0116141786651,0.0,-0.00782463905681,0.00907252300368,-0.999928229599,0.0,0.620255266628,0.206698298601,0.30400941238,1.0,-0.194937714286,-0.256203853061,1.3
0.42500324318,0.332608502472,-0.126149384054,-1.68407324636,0.0575682187219,2.00881533227,0.106859495013,-0.221466609904,-0.845861894025,-0.0102459938103,-1.28470483966,-0.1052903356,0.39466576243,-0.241947169372,0.573871963786,0.818927995546,0.00294180082009,0.0,0.818895600287,-0.573807398932,-0.0116538261465,0.0,-0.00785576865771,0.00909700699035,-0.999927763072,0.0,0.617097356579,0.202557556912,0.303984355838,1.0,-0.2043,-0.268508571429,1.316
0.421324201688,0.318292970693,-0.126267412428,-1.70470938871,0.0558277280538,2.01544008428,0.102789282207,-0.235831632489,-0.909153086404,-0.0108699912087,-1.30413140394,-0.110731029344,0.420041539833,-0.256371244536,0.573767230984,0.819000833636,0.00308966905289,0.0,0.818971089635,-0.573703068702,-0.0114843461133,0.0,-0.00763328338797,0.00911986668561,-0.999929278007,0.0,0.614019049549,0.198538112038,0.304097459237,1.0,-0.213077142857,-0.280044244898,1.331
0.417133212768,0.302632374049,-0.126359537836,-1.72730611237,0.0539570869358,2.02252168227,0.0981416085456,-0.247916142018,-0.946485230654,-0.00190712773658,-1.34054086652,-0.109808675177,0.409121394378,-0.275195288717,0.573569818202,0.819138840638,0.00315757916964,0.0,0.819109896872,-0.573505381007,-0.0114586955587,0.0,-0.00757551980268,0.00915894261448,-0.99992936014,0.0,0.610328127732,0.193811685931,0.304144339345,1.0,-0.223024571429,-0.293118008163,1.348
0.412241456084,0.285484812027,-0.126521377849,-1.75191454457,0.0519421326116,2.03003761552,0.0930588986592,-0.27549023673,-0.96224166338,-0.00173916684116,-1.37903192368,-0.0988099330529,0.414381527831,-0.288420485935,0.573611214543,0.819109779297,0.0031766194236,0.0,0.819080488884,-0.573545996624,-0.0115277659246,0.0,-0.00762071517143,0.00921454021189,-0.999928505919,0.0,0.606234977043,0.188471665474,0.304164733538,1.0,-0.233557142857,-0.306960816327,1.366
0.407869451357,0.270799079357,-0.126696065059,-1.77286999137,0.0501174308692,2.03634173255,0.0885042936349,-0.296136194602,-1.00179501881,-0.0116614605973,-1.41346321449,-0.131346067403,0.443506798341,-0.3107217736,0.573577550718,0.819133500313,0.00313829220445,0.0,0.81910377558,-0.573512531538,-0.0115381064691,0.0,-0.00765154694816,0.00918876275419,-0.999928507679,0.0,0.602689942558,0.18380234266,0.304164979831,1.0,-0.242334285714,-0.318496489796,1.381
0.402172947471,0.252629160147,-0.126949619167,-1.79846213928,0.0478231808469,2.0439273991,0.0828747026565,-0.319491568255,-1.04943977045,-0.0208015441459,-1.43518513085,-0.134461424697,0.438401060261,-0.316566298241,0.573728083811,0.819027917567,0.00317852075653,0.0,0.818999090715,-0.573663376308,-0.0114702655755,0.0,-0.00757121254865,0.00918419592305,-0.999929161134,0.0,0.598301854504,0.17790936747,0.304223000073,1.0,-0.252866857143,-0.332339297959,1.399
