position_joint1,position_joint2,position_joint3,position_joint4,position_joint5,position_joint6,position_joint7,velocity_joint1,velocity_joint2,velocity_joint3,velocity_joint4,velocity_joint5,velocity_joint6,velocity_joint7,ee_T_00,ee_T_10,ee_T_20,ee_T_30,ee_T_01,ee_T_11,ee_T_21,ee_T_31,ee_T_02,ee_T_12,ee_T_22,ee_T_32,ee_T_03,ee_T_13,ee_T_23,ee_T_33,v_x,v_y,time
0.465079054916,0.54785130515,-0.123907199688,-1.35587062026,0.0795170780343,1.89409197899,0.159164529686,-0.000143006365174,0.000188496445887,0.000473883745878,-0.00025704932474,0.000240353493924,-0.000213895568667,-0.00134230393575,0.573755543267,0.819012705298,0.00187404151107,0.0,0.818967928634,-0.573696679096,-0.0120166203469,0.0,-0.00876680213558,0.00842954472473,-0.999926040243,0.0,0.661643829091,0.260937862469,0.303143398873,1.0,0.0,0.0,0.0
0.465076549262,0.547854167303,-0.12390478201,-1.3558755531,0.0795121209992,1.89408843685,0.159169203186,-0.0010696204825,0.00129177931271,0.000371692134899,-0.000978795094848,0.000142923156724,-0.000420267067705,0.00151944113679,0.573758668019,0.81901054282,0.00186239739818,0.0,0.818965637373,-0.573699876136,-0.012020142414,0.0,-0.00877633517828,0.00842206252391,-0.999926019665,0.0,0.661642290626,0.260935933905,0.303138626974,1.0,-6e-05,-7.88571428571e-05,0.004
0.46507591916,0.547850511799,-0.123907701145,-1.35587028796,0.0795156508749,1.89409233237,0.159168299812,-0.000577866433723,-0.000616377593316,8.8021860406e-05,0.000300245896786,-0.000108199765245,-0.000247144739547,0.00042054372531,0.573761154271,0.819008773818,0.0018743427647,0.0,0.818964018427,-0.573702304779,-0.0120145292899,0.0,-0.00876485888838,0.00842865175356,-0.999926064806,0.0,0.661645010592,0.26093534042,0.303144163652,1.0,-0.00038,-0.000499428571429,0.02
0.465076436293,0.547844525028,-0.123913237803,-1.35587735781,0.079515314977,1.89409483827,0.159172363127,0.00112590576788,-0.00122711494138,-0.00206111796339,0.00115762061643,0.000182674460329,0.00246534050092,0.0017043440681,0.57376823078,0.819003816569,0.00187421842415,0.0,0.818959087915,-0.573709408223,-0.0120114170164,0.0,-0.00876230833739,0.00842683994463,-0.99992610243,0.0,0.661645204025,0.260931834027,0.303145440166,1.0,-0.00074,-0.000972571428571,0.038
0.465077010315,0.547801440513,-0.123903649338,-1.35592774467,0.0795123204703,1.89409853886,0.159162020713,-0.000394297077868,-0.00267272714926,0.00133204110501,-0.00928747118292,-1.920158657e-05,-0.000391483273242,-0.00149862430887,0.573754495975,0.819013437934,0.00187449527466,0.0,0.818968641672,-0.573695605432,-0.0120192831586,0.0,-0.00876873354502,0.00843143293074,-0.999926007388,0.0,0.661633346,0.260932113429,0.303151979564,1.0,-0.00108,-0.00141942857143,0.055
0.465076823709,0.547675078864,-0.123911098973,-1.35607858797,0.0795118450324,1.89412502527,0.15916275738,-0.000584739356213,-0.0092650763791,-0.00109144227204,-0.012498601386,0.000242911489553,-0.00043740423222,0.000273505035104,0.573768523527,0.819003596239,0.00188086657284,0.0,0.818958804061,-0.573709527599,-0.0120250610996,0.0,-0.0087696660558,0.00844011628991,-0.999925925954,0.0,0.661609174912,0.260913156605,0.303172247475,1.0,-0.0014,-0.00184,0.071
0.465068794009,0.547526103428,-0.123908517391,-1.35627948218,0.0795088252052,1.89417481561,0.159153025016,-0.00137083691628,-0.0115558014852,-0.00114639386455,-0.0142135543223,1.01915206054e-05,0.00428225569936,-0.00162156553742,0.573775568804,0.818998648649,0.00188601603098,0.0,0.818953793144,-0.573716423992,-0.0120372936472,0.0,-0.0087766578354,0.00845142770795,-0.999925769068,0.0,0.661578651594,0.260890340714,0.303186396674,1.0,-0.00174,-0.00228685714286,0.088
0.4650406615,0.547345787961,-0.123908630275,-1.35650380985,0.0795060620437,1.89431636943,0.159148374898,-0.000226150796286,-0.012344073034,0.000426888573801,-0.0099156334246,-0.00027916729516,0.00493077910593,-0.000983824849999,0.573807060814,0.818976379565,0.00197321493712,0.0,0.818932651666,-0.573747527644,-0.0119930588186,0.0,-0.00869007201029,0.00849779558052,-0.999926132331,0.0,0.661567739959,0.260856590298,0.303219644531,1.0,-0.0021,-0.00276,0.106
0.465025488459,0.547157633235,-0.123908395072,-1.35672501095,0.0795033681912,1.89442636099,0.15913662676,-0.00428824881415,-0.00808839844835,0.000809103304947,-0.0175486315292,0.000400304070525,0.00319408670484,-0.0018532859681,0.573821486461,0.818966097276,0.00204452663121,0.0,0.818923246446,-0.573761599453,-0.011962036806,0.0,-0.00862359775944,0.00853854852093,-0.999926360664,0.0,0.661547980981,0.260829951558,0.30325717408,1.0,-0.00242,-0.00318057142857,0.122
0.464993194988,0.546945061997,-0.123906117206,-1.35702840846,0.0794974933911,1.89455688003,0.159117970575,0.000287292293073,-0.0112468372398,-0.000251916643873,-0.017704933909,-0.000645298005248,0.0146233822598,-0.000215312340586,0.573846582047,0.818948410741,0.00208511833253,0.0,0.818905993397,-0.573786428263,-0.0119522224297,0.0,-0.00859200638588,0.00856642281881,-0.999926394204,0.0,0.661518263039,0.260784603395,0.303274577365,1.0,-0.00276,-0.00362742857143,0.139
0.464949907667,0.546694891057,-0.123908631283,-1.35741618151,0.0794901959113,1.8946952281,0.15905700104,-0.00575976614107,-0.0175000668574,0.000706774435961,-0.0267386762188,0.000264773442167,0.0117794791738,-0.00592274536891,0.573853585996,0.818943479727,0.002094219183,0.0,0.818901038147,-0.573793251101,-0.0119641804183,0.0,-0.00859650421969,0.00858081130684,-0.999926232175,0.0,0.661475762142,0.260719981758,0.303279275038,1.0,-0.0031,-0.00407428571429,0.156
0.464911541761,0.546424498294,-0.123909237234,-1.35782002114,0.0794779776908,1.8948490964,0.15894501293,-0.00439484249879,-0.0162191384383,0.0004028965746,-0.0308387301182,-0.00072767184104,0.0077051124902,-0.0015511602295,0.573813078824,0.818971799285,0.00211883179083,0.0,0.818929572095,-0.573752540557,-0.0119634883641,0.0,-0.00858223970301,0.00860014568297,-0.999926188604,0.0,0.661431733049,0.260658340059,0.303291907074,1.0,-0.00342,-0.00449485714286,0.172
0.464861977369,0.546119057426,-0.123909328293,-1.35834929379,0.0794603881294,1.8950304346,0.158920810434,-0.00521530417179,-0.0211040593258,0.000524285755312,-0.0318010612643,0.000209506563313,0.00850862098241,-0.00517321448197,0.573858802557,0.818939836644,0.00208939868931,0.0,0.818897070544,-0.573798226154,-0.0119971004097,0.0,-0.00862617626866,0.00859580963709,-0.999925847821,0.0,0.661368368941,0.260576146012,0.303271999132,1.0,-0.00378,-0.004968,0.19
0.464809387198,0.545803148478,-0.123906545319,-1.35888847191,0.0794256180015,1.89520945159,0.158845375947,-0.0055649257122,-0.0239981973677,0.00546606991845,-0.0345511847578,-0.00697320967645,0.00751476996549,-0.00472318364342,0.573853901556,0.818943367171,0.00205132545279,0.0,0.818900085796,-0.573793467897,-0.0120188428188,0.0,-0.00866588130723,0.00857705556792,-0.999925665547,0.0,0.661298705467,0.260483520168,0.303256639764,1.0,-0.00412,-0.00541485714286,0.207
0.464754994987,0.545442966909,-0.123908939255,-1.35950146777,0.0793417459761,1.89540601739,0.158754819117,-0.00110269729213,-0.0215085294927,-0.00156092308523,-0.0412299995226,-0.001859017844,0.0164596540375,-0.00673802489212,0.573847022839,0.818948379172,0.00197320364367,0.0,0.818904482988,-0.573787320353,-0.0120127284643,0.0,-0.00870577288713,0.00850949760923,-0.999925896239,0.0,0.661226412559,0.26037952222,0.30323264873,1.0,-0.00444,-0.00583542857143,0.223
0.464685492293,0.545008161319,-0.123909738693,-1.3602437613,0.0793215856328,1.89565437054,0.158675948831,-0.00531640805313,-0.0240384300797,0.000435188037894,-0.0404486821807,-0.00224833043683,0.0102676559346,-0.00367446202236,0.573871647141,0.818931205206,0.00193923932319,0.0,0.818886562977,-0.573811793165,-0.0120652352709,0.0,-0.00876800807937,0.00851207734605,-0.999925330499,0.0,0.661140627405,0.260268773035,0.303210719297,1.0,-0.00478,-0.00628228571429,0.24
0.464622153006,0.54457243967,-0.123913236941,-1.36096273672,0.0792966777523,1.89592237335,0.158584072134,-0.00281731786386,-0.0236316052645,-0.000230205043422,-0.0452771090737,0.000155670810657,0.0137251348032,-0.0129716659172,0.5738842605,0.818922377454,0.00193446533505,0.0,0.818877513812,-0.573824271477,-0.0120859314423,0.0,-0.00878756573676,0.00852018003221,-0.999925089805,0.0,0.661058899586,0.260159408502,0.303200258982,1.0,-0.00512,-0.00672914285714,0.257
0.464557527465,0.544124741032,-0.123913345248,-1.3617028181,0.079263731371,1.89618247187,0.158483833527,-0.00381436762464,-0.0241685960953,-0.00137393227088,-0.0440918518876,-0.00184456217263,0.0216846716738,-0.00621090626646,0.573887601193,0.818920086858,0.00191296610759,0.0,0.818874803217,-0.573827571887,-0.0121128567965,0.0,-0.00882191889258,0.00851806207456,-0.999924805356,0.0,0.660970965894,0.260046973698,0.30318737445,1.0,-0.00544,-0.00714971428571,0.273
0.464481343782,0.543571975004,-0.12391534067,-1.36259474399,0.0792221793167,1.89648894486,0.158380523199,-0.00225802549251,-0.0349495781694,0.00010964116189,-0.0516888354905,-0.00168766034985,0.0124777484604,-0.00871423281127,0.573905254279,0.818907765765,0.00189134388269,0.0,0.81886205116,-0.573845176073,-0.0121409212653,0.0,-0.00885712667146,0.00851665220912,-0.999924506121,0.0,0.660863907853,0.259910923647,0.303180584189,1.0,-0.0058,-0.00762285714286,0.291
0.46440886006,0.54305436383,-0.12391892702,-1.36340925915,0.0791675944263,1.89678765347,0.158274045937,-0.00212851128622,-0.033747855644,-0.000779798780567,-0.050551887342,-0.00593192700222,0.0179527758001,-0.00589760947064,0.573910684348,0.81890396642,0.00188866981287,0.0,0.81885827451,-0.573850672846,-0.0121358329825,0.0,-0.00885443779769,0.00851160099092,-0.999924572945,0.0,0.660772211848,0.259782499951,0.303185052253,1.0,-0.00612,-0.00804342857143,0.307
0.464331018652,0.542465818286,-0.1239193227,-1.36433256887,0.0791173417497,1.89711382119,0.158146551453,-0.00352715613528,-0.0382299313413,0.000692847386292,-0.0554295540866,-0.000632702188212,0.0172056393162,-0.0117513202956,0.573908119632,0.81890577331,0.00188455838901,0.0,0.818859946253,-0.573848048661,-0.0121471136965,0.0,-0.00886606208018,0.00851468049564,-0.999924443725,0.0,0.660663076969,0.259642973441,0.30319013676,1.0,-0.00646,-0.00849028571429,0.324
0.464247923031,0.541844230953,-0.123919984147,-1.36529253107,0.0790634543667,1.89747700162,0.158014119554,-0.00512804202784,-0.0424937544799,0.00499917488333,-0.058729214493,-0.00941383920519,0.0264998520305,-0.00771960867689,0.573907157365,0.818906394982,0.00190732406782,0.0,0.818860835732,-0.573846955915,-0.0121387722803,0.0,-0.00884617645364,0.00852852547403,-0.999924501858,0.0,0.660555224776,0.259497839164,0.303204276771,1.0,-0.0068,-0.00893714285714,0.341
0.464179801467,0.541240231354,-0.123927721008,-1.36623066727,0.0790046472409,1.89782435325,0.157904780448,-0.00263802301013,-0.0365344206372,-0.002332996688,-0.0611415260734,-0.00181453500343,0.0205230886347,-0.00877882981462,0.573915162499,0.818900766747,0.00191503951605,0.0,0.818855361701,-0.573854977123,-0.0121288394243,0.0,-0.0088335310195,0.00852922943883,-0.999924607645,0.0,0.660446638011,0.259358990311,0.303215134273,1.0,-0.00712,-0.00935771428571,0.357
0.464087862132,0.54058733122,-0.123925676347,-1.36722782015,0.0789518737206,1.89819435458,0.157778820348,-0.00341796507931,-0.0368700593006,-4.6930850664e-05,-0.0602794846136,-0.000171057576537,0.0193100435843,-0.0118215929791,0.573927014333,0.818892398127,0.00194149657797,0.0,0.818847255876,-0.573866629677,-0.0121247593229,0.0,-0.00881488285477,0.00854868065148,-0.999924606108,0.0,0.660333671576,0.259206240075,0.303234039375,1.0,-0.00744,-0.00977828571429,0.373
0.463987013532,0.539808378842,-0.12392313011,-1.36842432742,0.0788771739803,1.89864488333,0.157630633461,-0.00565708868602,-0.0478840570875,0.00100140469816,-0.0640157921164,-0.0101079115304,0.02314550057,-0.0111814457565,0.57393274272,0.818888319263,0.00196832658221,0.0,0.818843541328,-0.573872252222,-0.0121094944595,0.0,-0.00878692473175,0.00856195172127,-0.999924738636,0.0,0.660197236329,0.259027819297,0.303253980059,1.0,-0.0078,-0.0102514285714,0.391
0.463888584694,0.539060969813,-0.123933215492,-1.36960182782,0.0788078499293,1.89908651884,0.157496924953,-0.00487672320309,-0.0423006530636,-0.00199228614727,-0.0709788130078,-0.00566271680119,0.0261564316808,-0.013306039791,0.57395752458,0.818870932455,0.00197556572147,0.0,0.818826282491,-0.573897031707,-0.0121021899344,0.0,-0.00877652922823,0.00856395299491,-0.999924812795,0.0,0.660064305503,0.258845785245,0.303260205085,1.0,-0.00814,-0.0106982857143,0.408
0.463792141398,0.538366290211,-0.123928173905,-1.3706576178,0.0787558241125,1.89949656723,0.157356682363,-0.00636716828139,-0.0502294092787,0.000934632136746,-0.0637162924681,-0.00225566406844,0.0276838336838,-0.00388290310481,0.573968087181,0.818863399297,0.00202856870905,0.0,0.818819366537,-0.57390728819,-0.0120837265964,0.0,-0.00873087916667,0.00859687030228,-0.999924929967,0.0,0.659941127648,0.258675055708,0.303286239512,1.0,-0.00846,-0.0111188571429,0.424
0.46366960869,0.537522241874,-0.123937396473,-1.37198992857,0.0786765497357,1.89999700122,0.157192538323,-0.00146738775076,-0.0476951741394,-0.000466412982654,-0.0760903551474,-0.0111760930885,0.0257586235776,-0.0110337991108,0.573987283042,0.818849935645,0.00203192053853,0.0,0.818805945389,-0.573926465834,-0.0120823222764,0.0,-0.00872760387836,0.00859901351143,-0.999924940132,0.0,0.659798285983,0.258476113249,0.303289377988,1.0,-0.0088,-0.0115657142857,0.441
0.463562236473,0.536681370091,-0.12394489369,-1.37327689577,0.07860454064,1.90049706557,0.157026386547,-0.0033820437902,-0.0504777773681,-0.00233779660489,-0.0741616917657,-0.00024436704976,0.0306811451133,-0.00792605299962,0.573996111669,0.818843630815,0.00207821171304,0.0,0.818800257707,-0.573935106616,-0.0120572913515,0.0,-0.00868044469238,0.00862264465183,-0.999925147138,0.0,0.659655215697,0.258281477362,0.303314076445,1.0,-0.00914,-0.0120125714286,0.458
0.463449461578,0.535873906569,-0.123941281991,-1.37456363495,0.0785286592791,1.90096137923,0.156870072514,-0.00600900423909,-0.0511791232541,0.000615555653337,-0.0807707952591,-0.00991992354979,0.0319142311442,-0.0170159611709,0.574008244149,0.818835154767,0.00206684964581,0.0,0.818791564317,-0.573947217831,-0.0120711328849,0.0,-0.00869817282689,0.00862141483579,-0.999925003686,0.0,0.65950294923,0.258086282445,0.303311685734,1.0,-0.00946,-0.0124331428571,0.474
0.463320333301,0.534922692274,-0.123944717871,-1.37609347161,0.0784369042573,1.90150705924,0.156686389078,-0.0050123429982,-0.04904875938,-0.000105797725514,-0.0857169178188,-0.0155089265465,0.0334669185107,-0.0128740003307,0.574025223301,0.818823324986,0.00203773775404,0.0,0.818779312413,-0.573964279163,-0.0120909350908,0.0,-0.00873091908934,0.00860912498487,-0.999924824184,0.0,0.659320609613,0.257852217726,0.30330214874,1.0,-0.00982,-0.0129062857143,0.492
0.463196284922,0.534024079018,-0.123954818674,-1.37757419696,0.0783622944418,1.90204474691,0.156512128307,-0.00703170523228,-0.0599136153166,-0.000903642295678,-0.0875878464988,-0.00192421683444,0.0331758386353,-0.0162552843111,0.574052350115,0.818804390569,0.00200404956305,0.0,0.818759810134,-0.573991424164,-0.0121229202982,0.0,-0.0087761620722,0.00860019170752,-0.999924504991,0.0,0.659145572005,0.257625008531,0.303278250402,1.0,-0.01016,-0.0133531428571,0.509
0.463077066851,0.53315619045,-0.123947677518,-1.37895872588,0.0782882026736,1.90257890973,0.156331329557,-0.00999319094437,-0.0502783262653,-0.00075463215582,-0.0864588236856,-0.0114509129759,0.0310751323138,-0.0100002525131,0.574052920263,0.818803941441,0.00202413430871,0.0,0.818759512918,-0.573991797453,-0.0121253191536,0.0,-0.00876659140809,0.00861802001351,-0.999924435448,0.0,0.658985850704,0.257421875363,0.303277407636,1.0,-0.01048,-0.0137737142857,0.525
0.462945957315,0.532208165844,-0.123945949145,-1.38051187869,0.0781954434783,1.9031567426,0.156134326138,-0.0125918011692,-0.053858550783,0.000112231816444,-0.0887235911645,-0.0081188812041,0.0319070626233,-0.00966200199574,0.574057708307,0.818800643894,0.00199999843583,0.0,0.81875585569,-0.573996647917,-0.0121426461222,0.0,-0.00879458338844,0.00860825577202,-0.999924273751,0.0,0.658802617645,0.25718877189,0.303256586558,1.0,-0.01082,-0.0142205714286,0.542
0.462814598924,0.531198047531,-0.123950865046,-1.3821275659,0.0781042729017,1.90373536307,0.155927485697,-0.00620349332778,-0.0600514401682,-0.000648774356684,-0.0929322127637,-0.00301472242304,0.0276165035021,-0.0141975928516,0.574062809712,0.818797117999,0.00197913200773,0.0,0.818751965492,-0.574001752024,-0.0121636580662,0.0,-0.00882371281279,0.0086032875871,-0.999924059884,0.0,0.658607652545,0.256945379267,0.303249837303,1.0,-0.01116,-0.0146674285714,0.559
0.462684597542,0.530206158357,-0.123950873816,-1.38368712883,0.077999794017,1.90428275712,0.15572729424,-0.0140029340976,-0.0651030357997,0.00126492659175,-0.0957086027679,-0.0109578973132,0.0378576264163,-0.0117075073708,0.574061801046,0.818797878602,0.00195690516799,0.0,0.81875246077,-0.574000867573,-0.0121720544935,0.0,-0.00884335739535,0.00858989782891,-0.999924001455,0.0,0.658417903837,0.256707933063,0.303253821907,1.0,-0.01148,-0.015088,0.575
0.462550360233,0.529156191214,-0.12395196261,-1.38533937181,0.0778946306241,1.90490242048,0.155501957138,-0.00958425639497,-0.0599158201529,-0.00136645158264,-0.0946776848372,-0.00679351508516,0.0421609502731,-0.0119194583103,0.574049384242,0.818806558064,0.00196769532031,0.0,0.818761322965,-0.573988444547,-0.0121617615175,0.0,-0.00882886569491,0.00859268996997,-0.999924105525,0.0,0.658223381741,0.256461629324,0.303260688603,1.0,-0.01182,-0.0155348571429,0.592
0.462396709738,0.52800342087,-0.12395127861,-1.38713370966,0.0777905133125,1.90560177991,0.155247015012,-0.00688880403795,-0.06453959153,-0.000243210175223,-0.0981425923687,-0.0039344550092,0.0418914345668,-0.0162487891033,0.574035351634,0.818816273647,0.00201791648422,0.0,0.818771681913,-0.573974177933,-0.0121376630631,0.0,-0.00878045313586,0.00861982651655,-0.999924298251,0.0,0.658018240552,0.256193646139,0.303278910514,1.0,-0.01218,-0.016008,0.61
0.462261313671,0.526887988212,-0.123951315017,-1.38880101677,0.0776866286983,1.90623953223,0.155016016202,-0.00702001455723,-0.0698167784978,0.000440755305634,-0.102850320783,-0.000343034143055,0.0392349190014,-0.019482110028,0.574019240427,0.818827388538,0.00208956973998,0.0,0.818783782136,-0.573957804354,-0.0120956121584,0.0,-0.00870506125583,0.00865418653831,-0.999924660644,0.0,0.657824535465,0.255947752314,0.303325653768,1.0,-0.0125,-0.0164285714286,0.626
0.462106313214,0.525716503663,-0.123953764507,-1.39063642088,0.077567105528,1.90690247904,0.154777572361,-0.00680116804552,-0.068634232842,0.00117191997646,-0.111331322041,-0.00893758013186,0.036389118099,-0.0118768936781,0.574019230347,0.818827410583,0.00208369174938,0.0,0.818783764078,-0.573957856134,-0.0120943774307,0.0,-0.00870742414974,0.00864866471161,-0.999924687846,0.0,0.657603782905,0.25566757867,0.303333823112,1.0,-0.01284,-0.0168754285714,0.643
0.461947615755,0.524539903039,-0.123965335994,-1.39249312327,0.077453530992,1.90757269586,0.154519518223,-0.00943053622911,-0.0686949889424,8.46535583697e-05,-0.109944973223,-0.00519546352907,0.0371865415355,-0.0181365759314,0.574015203019,0.818830263291,0.00207208208375,0.0,0.818786475044,-0.573953889421,-0.0120990910704,0.0,-0.00871799020391,0.00864182138432,-0.999924654947,0.0,0.657381714491,0.255378688523,0.303336089168,1.0,-0.01318,-0.0173222857143,0.66
0.461790790302,0.52333663336,-0.123969111045,-1.39440216276,0.0773354682228,1.90827557106,0.154263835339,-0.0134098763143,-0.0702620570238,-0.000294066510263,-0.11136100009,-0.004343660706,0.0396665106198,-0.00668472436721,0.574007510816,0.818835669177,0.0020667150508,0.0,0.818791811643,-0.573946222301,-0.0121016525582,0.0,-0.00872324942427,0.00863881514625,-0.999924635056,0.0,0.657151939922,0.255091228035,0.30333446489,1.0,-0.01352,-0.0177691428571,0.677
0.461622992394,0.522020933362,-0.123964781541,-1.39646726378,0.0772147967395,1.909093399,0.153977208076,-0.00772274160554,-0.0823705304057,0.000294682812571,-0.111403074275,-0.00727410992732,0.0509678996823,-0.0189091401433,0.573985515323,0.818850936571,0.00212574150005,0.0,0.818807837967,-0.573923963329,-0.0120729326162,0.0,-0.00866608504218,0.00867042918351,-0.999924858491,0.0,0.656911770613,0.254791597537,0.303346946114,1.0,-0.01388,-0.0182422857143,0.695
0.461461110789,0.520847105592,-0.12396930511,-1.39836463728,0.0770971045514,1.90979838745,0.153729786088,-0.0112951083162,-0.0798800221142,6.69540015022e-05,-0.118124187669,-0.00223498367604,0.044905826136,-0.0114555072163,0.573988273812,0.818849054492,0.00210579821709,0.0,0.818805705796,-0.573926817294,-0.0120818644139,0.0,-0.00868481639281,0.00865925481223,-0.999924792807,0.0,0.656684517852,0.254501657839,0.303329745732,1.0,-0.0142,-0.0186628571429,0.711
0.461300989119,0.519620817202,-0.123973221848,-1.40029897166,0.0769708318642,1.91049578466,0.153465522098,-0.00967995175803,-0.0745356245549,0.00426670564714,-0.13008349721,-0.0135113496563,0.0406210154464,-0.020885783701,0.573974506741,0.818858742174,0.00209114295236,0.0,0.818815238042,-0.573913150856,-0.0120850372789,0.0,-0.00869597140901,0.00864892954409,-0.999924785221,0.0,0.656447649365,0.254207702616,0.30333075348,1.0,-0.01452,-0.0190834285714,0.727
0.461124928497,0.518268761077,-0.123975477529,-1.40239387893,0.076832543358,1.9112375344,0.153179804461,-0.0128172890571,-0.0789634248537,0.000123143209698,-0.123893477726,-0.00894321605614,0.0364860473871,-0.0183400591749,0.573959868872,0.818869017774,0.00208507907305,0.0,0.81882546169,-0.573898568073,-0.0120848563008,0.0,-0.0086994580062,0.00864370479053,-0.999924800071,0.0,0.656188618057,0.253887985371,0.303347015209,1.0,-0.01486,-0.0195302857143,0.744
0.460949350002,0.516892515643,-0.123976099248,-1.40453641593,0.0766970641479,1.91201596434,0.152884668692,-0.00974018984639,-0.0860775141269,0.00137590019744,-0.126990681659,-0.000714793176146,0.0431133273709,-0.0134801585261,0.573939104805,0.818883551358,0.00209289086035,0.0,0.818840090533,-0.573877766282,-0.0120814901892,0.0,-0.00869243741618,0.00864794910527,-0.999924824428,0.0,0.65592485431,0.25356717468,0.303360308421,1.0,-0.0152,-0.0199771428571,0.761
0.460770741633,0.51563276239,-0.123990344856,-1.40658645823,0.0765647922249,1.91279906311,0.152607225438,-0.0115156857196,-0.0797785897496,-0.00233118020368,-0.126312882406,-0.00913879890399,0.0480723556775,-0.0149372921718,0.573941017725,0.818882252579,0.00207641174626,0.0,0.818838704641,-0.573879877147,-0.0120751517007,0.0,-0.00869668394515,0.00863083733125,-0.99992493535,0.0,0.655683801405,0.253246726636,0.303336430861,1.0,-0.01552,-0.0203977142857,0.777
0.46058367909,0.514234339046,-0.123983165655,-1.40883718439,0.0764328231546,1.9135924881,0.152305015797,-0.00984477317021,-0.0789876841322,0.00091312947739,-0.133719854216,-0.00912759893901,0.0461089527062,-0.0169911656248,0.573924294841,0.818894086846,0.00203106416591,0.0,0.818849753341,-0.573863162426,-0.0121201965601,0.0,-0.00875977304195,0.00861937760511,-0.999924483502,0.0,0.655397269008,0.252912099667,0.303314082382,1.0,-0.01586,-0.0208445714286,0.794
0.4603849257,0.512812520985,-0.123985450752,-1.4111030894,0.0763016017042,1.91438019825,0.15197958084,-0.0105612702711,-0.0843376863915,0.00224692217946,-0.135772940475,-0.00740931912926,0.0454491612851,-0.0147725713938,0.573905413644,0.818907425734,0.00198775481876,0.0,0.818862344444,-0.573844297098,-0.0121626658873,0.0,-0.00881960544983,0.00860808310044,-0.999924054849,0.0,0.655110780041,0.252562608924,0.303300249619,1.0,-0.0162,-0.0212914285714,0.811
0.460201351419,0.511485077229,-0.123992414249,-1.41325901675,0.076167662981,1.91519868407,0.151664628829,-0.0118459388512,-0.0806996076849,-0.000287458685247,-0.134230012959,-0.00704382137435,0.0533022545361,-0.0245222788776,0.573879627382,0.81892553018,0.00197387861298,0.0,0.818880302086,-0.573818609855,-0.0121655555284,0.0,-0.00883020573815,0.00859810032851,-0.999924047184,0.0,0.654850677372,0.252233789484,0.303275068431,1.0,-0.01652,-0.021712,0.827
0.460003213788,0.510004544463,-0.12399784397,-1.41559566626,0.0760309811895,1.91607454372,0.151345987287,-0.00752712377059,-0.0829857958542,-0.000866656306267,-0.138939581577,-0.00587142494285,0.0478676740287,-0.0124777716436,0.573869951306,0.818932268212,0.00199147447816,0.0,0.81888721449,-0.573808802141,-0.0121628710682,0.0,-0.00881801178108,0.00861086500163,-0.999924044951,0.0,0.65456558321,0.251880407283,0.303275505772,1.0,-0.01686,-0.0221588571429,0.844
0.459784548801,0.508412990725,-0.124001079184,-1.4180978945,0.0758702365698,1.91696402116,0.15099851948,-0.0102875371828,-0.0853475571411,0.00033740959034,-0.135144803344,-0.00461273762315,0.0462598032564,-0.0163011198407,0.573853096163,0.818944132506,0.00196945661789,0.0,0.818898770889,-0.573792028161,-0.0121761388405,0.0,-0.00884168918274,0.0086002661584,-0.999923927084,0.0,0.654251527692,0.251493896677,0.303275372377,1.0,-0.01722,-0.022632,0.862
0.459592011477,0.50704551622,-0.123999222604,-1.42023033677,0.0757312829962,1.91774236356,0.15069967471,-0.015477031185,-0.0945552766958,0.00105798134685,-0.141526841444,-0.00845229849106,0.0509116861987,-0.0257122822476,0.573837467173,0.818955065935,0.00197690370988,0.0,0.81890981525,-0.57377638098,-0.0121707032437,0.0,-0.00883312848629,0.00860307701078,-0.999923978564,0.0,0.653988003461,0.251164416616,0.30328417917,1.0,-0.01752,-0.0230262857143,0.877
0.459359690464,0.505364389265,-0.124010542766,-1.42282960545,0.0755631450039,1.91873572554,0.150352035689,-0.0122818471317,-0.0925052066134,4.33169225021e-05,-0.144123693147,-0.00893358119583,0.0564477468948,-0.0193124083793,0.573839998824,0.818953157557,0.00203184113633,0.0,0.81890877252,-0.573778813071,-0.0121261231052,0.0,-0.00876506816509,0.00862251300942,-0.999924410068,0.0,0.653677438718,0.250759856453,0.303308604171,1.0,-0.01788,-0.0234994285714,0.895
0.459124405973,0.503607700718,-0.124017179565,-1.42544094675,0.0754040320612,1.91973247986,0.149974319536,-0.0172827577882,-0.098732334659,-0.000458946255678,-0.142657273211,-0.00383149327676,0.0524739294693,-0.0114834638479,0.573819538868,0.818967185386,0.0021524347994,0.0,0.818924425499,-0.573757884489,-0.0120591130801,0.0,-0.00864120783047,0.00868260330532,-0.999924968149,0.0,0.653364680485,0.250357422911,0.303379454639,1.0,-0.01824,-0.0239725714286,0.913
0.45891774413,0.502099585061,-0.124022999471,-1.42767156512,0.075260590274,1.92054887855,0.14966774134,-0.0141063330703,-0.0952963248617,-0.0018502617521,-0.150454918583,-0.0143705458349,0.0573268996017,-0.0298328807706,0.57381717832,0.818968633093,0.00222952370793,0.0,0.81892693663,-0.573755258497,-0.012013438768,0.0,-0.00855959337387,0.00871950243348,-0.999925349033,0.0,0.653091619154,0.250006526084,0.303441611262,1.0,-0.01854,-0.0243668571429,0.928
0.458683709641,0.500379019483,-0.124026878311,-1.43025004881,0.0750938210558,1.92146332923,0.149310537335,-0.0123816563369,-0.101564305872,-0.0017676162995,-0.151363054158,-0.0063694862519,0.0547239322763,-0.0277692061615,0.573805231226,0.818976877704,0.00227536906539,0.0,0.818935784398,-0.573743129041,-0.0119895709679,0.0,-0.00851386794735,0.00874322802613,-0.999925532235,0.0,0.652766618823,0.249603461601,0.303494345502,1.0,-0.01888,-0.0248137142857,0.945
0.458437075853,0.498690972277,-0.124027486824,-1.43287138167,0.0749287698539,1.92243304498,0.148943103177,-0.0162561963586,-0.0927798629965,-6.04281677385e-05,-0.156394946838,-0.00673383303107,0.0571772905534,-0.0286588475564,0.573795484197,0.818983626728,0.00230398938513,0.0,0.818942899957,-0.573733259486,-0.0119758286119,0.0,-0.00848629559738,0.0087586807573,-0.999925631384,0.0,0.652442615862,0.249192647932,0.303508144169,1.0,-0.01922,-0.0252605714286,0.962
0.458193809896,0.497117467116,-0.124032572523,-1.43537733237,0.0747725738742,1.92334744347,0.148556366303,-0.0153031971947,-0.102863302137,-0.00172885960304,-0.15960642137,-0.00942247428568,0.0559650378074,-0.0179066749809,0.573766463899,0.819004007836,0.00228625333141,0.0,0.81896301205,-0.573704276422,-0.0119889536425,0.0,-0.0085075315661,0.00875138494318,-0.99992551481,0.0,0.65213094905,0.248791402919,0.303491806755,1.0,-0.01954,-0.0256811428571,0.978
0.457923760908,0.495434193503,-0.124028359303,-1.43808660899,0.0746087582602,1.92427290442,0.14817119187,-0.018450161746,-0.0987729433863,-0.000606847726695,-0.163274465358,-0.00387766292329,0.0577440632987,-0.0286769281241,0.573761386745,0.819007786471,0.00220537537887,0.0,0.818965497093,-0.573699292989,-0.0120574747223,0.0,-0.0086101091584,0.00872440773263,-0.999924872543,0.0,0.651778932796,0.248355239335,0.303455302867,1.0,-0.01988,-0.026128,0.995
0.457627750885,0.493606459552,-0.124050322894,-1.44105855383,0.0744240379583,1.92535094226,0.147759458606,-0.0175770053614,-0.109263123781,-0.00445818147948,-0.173619872018,-0.014747008713,0.0690841680494,-0.021551792015,0.57378202398,0.818993496986,0.00214190384859,0.0,0.81895037776,-0.573720196791,-0.0120897254777,0.0,-0.00867272002584,0.00869114745144,-0.999924621101,0.0,0.651409570461,0.247864626657,0.30340779869,1.0,-0.0236074285714,-0.0310269061224,1.013
0.457357106831,0.491553217805,-0.124091670407,-1.44424643864,0.0742354664903,1.92654738125,0.147298260181,-0.0189392633973,-0.134656580869,-0.000425898483662,-0.20880960998,-0.0151120319182,0.0797717282104,-0.0289152484958,0.573764782206,0.819005451855,0.00218893408969,0.0,0.818963031919,-0.573702842563,-0.012056022846,0.0,-0.00861831665843,0.00871014511855,-0.999924926177,0.0,0.651014009969,0.247363998082,0.303424326643,1.0,-0.028444,-0.0373835428571,1.029
0.456968150737,0.489009574252,-0.124103298378,-1.44835248701,0.0740074476428,1.92801685676,0.14670152949,-0.0201812769312,-0.16635563009,-0.00130033531951,-0.2526675468,-0.0165156259701,0.0904726571248,-0.0343961199564,0.573746383144,0.819018518619,0.00212153012687,0.0,0.818974845059,-0.573684360595,-0.012132784927,0.0,-0.0087200547714,0.00869878875492,-0.999924142982,0.0,0.650484770469,0.246713893726,0.303366774416,1.0,-0.0335828571429,-0.0441374693878,1.046
0.456486301161,0.485945237213,-0.12414538642,-1.45310039172,0.0737173696096,1.92982208659,0.145998705052,-0.0284976332907,-0.18966756128,-0.00317517505675,-0.288460476973,-0.0156926099878,0.108650630766,-0.0441145077837,0.573752955101,0.819013664787,0.0022159210582,0.0,0.81897137607,-0.573690678915,-0.0120680157738,0.0,-0.00861278239208,0.00873900388363,-0.999924722062,0.0,0.649909348219,0.245929286129,0.303393571036,1.0,-0.0387217142857,-0.0508913959184,1.063
0.455972005293,0.482690238789,-0.124192416041,-1.45815453361,0.073406202894,1.93161608281,0.145214771235,-0.0348010516791,-0.216506476599,-0.000751945411549,-0.330693622454,-0.0191293533652,0.112694399776,-0.0445683819591,0.573730102952,0.819029697683,0.00220684881238,0.0,0.818987253012,-0.573667830168,-0.0120767104731,0.0,-0.00862535242282,0.00873632159097,-0.999924637151,0.0,0.649267602281,0.245083556027,0.303403847655,1.0,-0.0435582857143,-0.0572480326531,1.079
0.455349464467,0.47878480315,-0.124274870124,-1.46426713293,0.0730484779671,1.93375689766,0.144310450614,-0.0421462987889,-0.243996136771,-0.0108408216106,-0.36963568429,-0.0287768963669,0.13492586537,-0.0563461944458,0.573760351493,0.819008658669,0.00215011200353,0.0,0.818965305913,-0.573698150139,-0.0121246500529,0.0,-0.00869684553889,0.00871767845314,-0.999924180606,0.0,0.648483646806,0.244046705636,0.303389739592,1.0,-0.0486971428571,-0.0640019591837,1.096
0.454598810451,0.474169672473,-0.124328688003,-1.47134394236,0.0726229698769,1.93634493414,0.143305909841,-0.0475095784628,-0.269186528813,-8.69826897751e-05,-0.414150549956,-0.0190379916362,0.146537659458,-0.0630716999806,0.573818431926,0.818967678101,0.00225750041795,0.0,0.818925659522,-0.573755693703,-0.012079528981,0.0,-0.00859765561534,0.00878035044591,-0.999924490031,0.0,0.647590815756,0.24285900173,0.303441669414,1.0,-0.0541382857143,-0.0711531755102,1.114
0.453896520186,0.470002065348,-0.12436794604,-1.47775016874,0.0722326084998,1.93863986079,0.142333617277,-0.0503721312003,-0.289481639983,-0.00142062612287,-0.43585736419,-0.0256020989068,0.165301205384,-0.0694062361129,0.573826348844,0.818961989913,0.00230810548745,0.0,0.818920469329,-0.573763229406,-0.012073458351,0.0,-0.00856356229313,0.00881839313394,-0.999924447818,0.0,0.646768724859,0.241771666272,0.303472901394,1.0,-0.0586725714286,-0.077112522449,1.129
0.452989600739,0.464524688312,-0.124400953736,-1.48601802027,0.0716902364084,1.94168845123,0.141005326812,-0.0518443436955,-0.31178614026,-0.00190845116363,-0.481020257052,-0.031040607057,0.1583659289,-0.0785772746164,0.573748391001,0.819016003419,0.00251333790147,0.0,0.818977377318,-0.57368467439,-0.0119455729542,0.0,-0.00834191259154,0.00891229173416,-0.999925488999,0.0,0.645715171165,0.240380831516,0.30358178928,1.0,-0.0641137142857,-0.0842637387755,1.147
0.452015335841,0.45897680793,-0.124445931024,-1.49463330124,0.071137652168,1.94461729406,0.13973384288,-0.0596433925026,-0.335808140745,-0.0021196558962,-0.513484900693,-0.0316550928845,0.180022022372,-0.0802802663464,0.57378819714,0.818988474134,0.00239394234088,0.0,0.818947939158,-0.573724585382,-0.0120465753872,0.0,-0.00849270632887,0.00887286774987,-0.999924570234,0.0,0.644559116603,0.238892410761,0.303557242591,1.0,-0.0692525714286,-0.0910176653061,1.164
0.451049201171,0.453430487497,-0.124510068116,-1.5032023681,0.0705533443539,1.94763228346,0.138367371058,-0.0583041455096,-0.36528845116,-0.0030402260154,-0.542257082506,-0.0357604691333,0.196508386097,-0.089587852606,0.573740938403,0.819021679351,0.00236035058687,0.0,0.818980887956,-0.573677661197,-0.0120413083955,0.0,-0.00850817602817,0.00884184383087,-0.999924713535,0.0,0.643422631772,0.237406112037,0.303554246212,1.0,-0.0740891428571,-0.0973743020408,1.18
0.44991582559,0.447035310184,-0.124553069294,-1.51264681975,0.0699198883794,1.95122337179,0.136896133123,-0.0680100447099,-0.379690335894,-0.00594928631878,-0.569055293562,-0.0312653870212,0.204953594289,-0.0835060495335,0.573751136686,0.819013163054,0.00279621114807,0.0,0.818978615099,-0.573686792981,-0.0117574857834,0.0,-0.00802554073154,0.00903608193896,-0.999926967293,0.0,0.642225822976,0.235765208702,0.303757185998,1.0,-0.079228,-0.104128228571,1.197
0.448704452578,0.440435457592,-0.124580787923,-1.52293827638,0.0692245010623,1.95466374226,0.135282057267,-0.0727302320745,-0.400122991978,-0.00386260117168,-0.619717267634,-0.0466473712207,0.196874859837,-0.109518950226,0.573708334993,0.819043870218,0.00257525130854,0.0,0.819006004461,-0.573644331665,-0.0119202477837,0.0,-0.00828608709579,0.00894806407133,-0.99992563369,0.0,0.64078924915,0.233971407832,0.303675016143,1.0,-0.0843668571429,-0.110882155102,1.214
0.447480016253,0.433777659791,-0.124613460058,-1.53301583718,0.0685496154958,1.95816935337,0.133655986801,-0.0820049252175,-0.435264894611,-0.00318268708491,-0.627775230796,-0.0437159594483,0.230704131865,-0.106200310093,0.573659037112,0.819078184887,0.00264255246276,0.0,0.819041025749,-0.573594595843,-0.0119073364429,0.0,-0.00823744430498,0.00899528322519,-0.999925611929,0.0,0.639406700562,0.232202829302,0.303728693742,1.0,-0.0892034285714,-0.117238791837,1.23
0.445981229694,0.426013549356,-0.124644792113,-1.54490444852,0.0676959233698,1.96236166878,0.131718896989,-0.0817829169992,-0.434981602277,-0.00448116433847,-0.683569846261,-0.0503950472229,0.233396715954,-0.119614243079,0.573597018739,0.819121560216,0.00266018504225,0.0,0.819084891863,-0.573532804306,-0.0118663055138,0.0,-0.00819440106682,0.00898556784385,-0.999926052947,0.0,0.637775176378,0.23008441858,0.303722070116,1.0,-0.0946445714286,-0.124390008163,1.248
0.444427033901,0.418292782651,-0.124752778863,-1.5567158832,0.0668517419576,1.96630673588,0.129801368015,-0.0890047067513,-0.458936795311,-0.000727434731087,-0.688785035157,-0.0526536009191,0.243472239566,-0.110739956034,0.573640756697,0.819091440013,0.00249841037981,0.0,0.819052748067,-0.573577250186,-0.011936534447,0.0,-0.00834424248596,0.00889378377276,-0.999925634349,0.0,0.636116066194,0.227885321509,0.30368886303,1.0,-0.0997834285714,-0.131143934694,1.265
0.442880298252,0.410633663539,-0.124827625917,-1.56816091407,0.0660614940355,1.97041020597,0.127862508188,-0.0977846147167,-0.483459671422,-0.00471478266954,-0.720682478569,-0.0495406232103,0.251714777288,-0.130831895426,0.573628251435,0.819099412202,0.00274390014186,0.0,0.819064190409,-0.57356411866,-0.0117813698966,0.0,-0.00807646598764,0.00900573034974,-0.999926831082,0.0,0.63454704114,0.225775786227,0.303785695132,1.0,-0.10462,-0.137500571429,1.281
0.441082018117,0.402308193701,-0.124890981698,-1.58095789192,0.0651844540471,1.97458814217,0.125749385996,-0.110800666651,-0.496743285294,-0.00742491958086,-0.764852394429,-0.0525027525759,0.25531456094,-0.130529367362,0.573688452373,0.81905804061,0.00249652323302,0.0,0.819018855074,-0.573624447797,-0.0119939494632,0.0,-0.00839183555436,0.00892566175198,-0.999924952013,0.0,0.632686294557,0.22336513595,0.303681565657,1.0,-0.109758857143,-0.144254497959,1.298
0.439181556646,0.393486324958,-0.125009731399,-1.5939374145,0.0642253576975,1.97919579574,0.12352795918,-0.115259960477,-0.51396149603,-0.00498518864427,-0.797866649883,-0.0626902699289,0.277474538264,-0.137492098279,0.573755136732,0.819010276491,0.00282081159423,0.0,0.818976152354,-0.57369082288,-0.0117323706156,0.0,-0.00799081222497,0.00904185941649,-0.999927193199,0.0,0.630884689795,0.220864457151,0.303843269522,1.0,-0.114897714286,-0.15100842449,1.315
0.43715935379,0.384494558527,-0.125054639931,-1.60759586202,0.0631956680392,1.98363707518,0.121120019066,-0.120103233412,-0.544845472999,-0.00250736708552,-0.777455543066,-0.0564957124593,0.253981083715,-0.150283617562,0.573702425723,0.819047944098,0.00259593713646,0.0,0.819010672026,-0.573638694767,-0.0118707150314,0.0,-0.00823371327528,0.00893653028315,-0.999926169471,0.0,0.628854525029,0.218244241204,0.303761856551,1.0,-0.120036571429,-0.15776235102,1.332
0.435033218372,0.375096798107,-0.125134309698,-1.62147018613,0.0621767595388,1.9883735039,0.118631696242,-0.130239276341,-0.543558107595,-0.00412230280214,-0.801481582112,-0.0548638880269,0.281254786085,-0.147498627434,0.573693544662,0.819053539092,0.00278636233492,0.0,0.819018908735,-0.57362929491,-0.0117561071701,0.0,-0.00803069673787,0.0090266600239,-0.999927010996,0.0,0.626831013892,0.215548620818,0.303853142129,1.0,-0.125175428571,-0.164516277551,1.349
0.432710603389,0.365427087114,-0.125231021287,-1.63590236919,0.0610710056094,1.9930766505,0.116129048231,-0.139424305958,-0.584118743359,-0.00737251621689,-0.854739087038,-0.0659530864616,0.28422228656,-0.148231266399,0.573823063383,0.818963120454,0.00269187060795,0.0,0.818927306889,-0.573759188889,-0.0117985633531,0.0,-0.00811825906558,0.00897490690905,-0.999926769777,0.0,0.624668955559,0.21265722667,0.303835807942,1.0,-0.130314285714,-0.171270204082,1.366
0.430584470084,0.356637988298,-0.125347489563,-1.64889818433,0.0600328488937,1.99733543118,0.113698916209,-0.148758838521,-0.586709450858,-0.00991323282301,-0.885907434798,-0.0698956501214,0.283626628051,-0.165023495741,0.573817065959,0.818967384113,0.0026731021065,0.0,0.818931809255,-0.573753793714,-0.0117483144074,0.0,-0.00808793956126,0.00893064359016,-0.999927411785,0.0,0.622710841179,0.210021774689,0.303856183749,1.0,-0.134848571429,-0.17722955102,1.381
0.427842011151,0.345773624461,-0.125439478691,-1.66494956044,0.0588720409798,2.00248410794,0.110671949043,-0.160221536541,-0.620316054116,-0.00766544785556,-0.871636884245,-0.073745031474,0.292682029547,-0.171498967115,0.573866703715,0.818932666987,0.00265333921484,0.0,0.818895989962,-0.573802568046,-0.0118624376917,0.0,-0.00819220260571,0.00898043976048,-0.99992611703,0.0,0.620234860719,0.206751967436,0.303849220354,1.0,-0.140289714286,-0.184380767347,1.399
