position_joint1,position_joint2,position_joint3,position_joint4,position_joint5,position_joint6,position_joint7,velocity_joint1,velocity_joint2,velocity_joint3,velocity_joint4,velocity_joint5,velocity_joint6,velocity_joint7,ee_T_00,ee_T_10,ee_T_20,ee_T_30,ee_T_01,ee_T_11,ee_T_21,ee_T_31,ee_T_02,ee_T_12,ee_T_22,ee_T_32,ee_T_03,ee_T_13,ee_T_23,ee_T_33,v_x,v_y,time
0.465076785509,0.547703249572,-0.124006186244,-1.35582070917,0.079501382504,1.89413321696,0.159128587242,0.000124557642096,0.0010534115232,-0.000312412550829,0.0007541072684,-0.000125596589082,-0.000265160136792,0.00171512220441,0.573790276131,0.818987960348,0.00204614874072,0.0,0.818946197016,-0.573731444153,-0.011836523349,0.0,-0.00852019428341,0.00846753075682,-0.999927851003,0.0,0.661691660955,0.26088725412,0.303278866276,1.0,0.0,0.0,0.0
0.465073765215,0.547697684219,-0.124006186244,-1.35581997695,0.0795017559085,1.89413723719,0.159121479672,-0.000900062796098,-0.000193703990154,0.000155689795932,-0.000477416601562,5.28172187888e-05,-0.000145199932792,-0.00106178735286,0.573787005433,0.818990229162,0.00205519712339,0.0,0.81894858599,-0.573728140091,-0.0118313851366,0.0,-0.00851082826098,0.00847195893721,-0.999927893257,0.0,0.661693545996,0.260885751213,0.30328350737,1.0,-0.00022,-0.000289142857143,0.012
0.465079577397,0.547696271081,-0.124004759022,-1.3558231988,0.079502111329,1.89413865216,0.159126959634,0.000672899903304,0.000932098785533,-0.00151438562998,0.000248703837972,0.00017701272594,4.37097035383e-05,0.00116384664319,0.573786013362,0.818990923652,0.00205541887927,0.0,0.818949271601,-0.573727135546,-0.0118326406172,0.0,-0.00851173955971,0.00847285060992,-0.999927877945,0.0,0.661691262854,0.260890212812,0.303283051282,1.0,-0.00054,-0.000709714285714,0.028
0.465076505627,0.547670157739,-0.124006714857,-1.35584122584,0.079502111329,1.89414059034,0.159129655837,-0.000414548931435,-0.00630737132516,-0.00131083647198,-0.00500671871424,0.000168381227541,-1.77926113387e-05,0.00640932017905,0.573793054584,0.818985967384,0.00206461640362,0.0,0.818944429995,-0.57373413423,-0.0118283854042,0.0,-0.00850290446528,0.00847801472377,-0.999927909342,0.0,0.661689458922,0.260885384919,0.303293203104,1.0,-0.00088,-0.00115657142857,0.045
0.465077887465,0.547608394996,-0.124004925625,-1.35591207839,0.0795006896278,1.89415704885,0.159122913215,-0.000159838773968,-0.0041600848853,0.000473992355843,-0.00908857216018,5.67629291132e-05,0.000301138870221,-0.000154714886926,0.573788647301,0.818989032177,0.00207371737314,0.0,0.818947565647,-0.573729643799,-0.0118290933155,0.0,-0.00849830817489,0.00848582862533,-0.999927882135,0.0,0.66167744021,0.260880623935,0.303304600195,1.0,-0.00116,-0.00152457142857,0.059
0.465069300201,0.54744472719,-0.124007609266,-1.35612607438,0.079498025232,1.89419752418,0.159118163774,-0.000787648351132,-0.00678664882931,-0.000738067808176,-0.0126119642434,-0.000525343742536,0.00496394262763,-0.00103423326753,0.573804634882,0.818977834517,0.00207230752955,0.0,0.818936221181,-0.573745506815,-0.0118450811808,0.0,-0.00851204568454,0.00849401371553,-0.999927695791,0.0,0.661643779831,0.260852450257,0.303322282722,1.0,-0.00156,-0.00205028571429,0.079
0.465055553577,0.547290177373,-0.124007043124,-1.35633912246,0.079491010618,1.89429383818,0.159113412096,-0.000382575915415,-0.0105476915955,0.0006355746977,-0.0143285871717,-0.00364990319945,0.00956238313533,-0.000813744103186,0.57382176924,0.818965740043,0.00210729285905,0.0,0.81892455121,-0.573762468936,-0.0118302817976,0.0,-0.00847967319371,0.00851435101822,-0.999927797878,0.0,0.661622073884,0.260825832792,0.303338687928,1.0,-0.0019,-0.00249714285714,0.096
0.465033197953,0.547115025173,-0.124004533798,-1.35654385996,0.0794944456324,1.89440216564,0.159108511475,-0.00240912169298,-0.0118376512147,0.00125935637144,-0.0120536898049,0.000420604867655,0.0041754434136,-0.000542858255799,0.573846827432,0.818947983104,0.00218323544265,0.0,0.818907675767,-0.57378711821,-0.0118029000089,0.0,-0.00841341076826,0.00856108981408,-0.999927958535,0.0,0.661606422578,0.260798417122,0.3033746356,1.0,-0.00222,-0.00291771428571,0.112
0.465016274563,0.546902775336,-0.124004532879,-1.35679983351,0.079492299713,1.89452073954,0.159088578845,-0.000591734140444,-0.0161548959364,0.0012375919845,-0.019435309952,0.000701241832096,0.00398894988531,-0.000985711349857,0.573858195408,0.818939824419,0.00225442774966,0.0,0.818900360027,-0.573798125559,-0.0117753281529,0.0,-0.00834985951376,0.00860368590765,-0.999928125634,0.0,0.661581505038,0.26076733796,0.303413427117,1.0,-0.00256,-0.00336457142857,0.129
0.464986783372,0.546674572829,-0.124007318343,-1.35714292815,0.0794834367639,1.89465784197,0.159070335513,-0.00193089650804,-0.0172923785773,-0.00020542866013,-0.024457353457,0.000162662963195,0.00591884787712,-0.00512173509027,0.573886264524,0.818920088029,0.00227853361616,0.0,0.818880860877,-0.573826020701,-0.0117720243656,0.0,-0.00833302578837,0.00862181665491,-0.999928109895,0.0,0.661544994565,0.260716360163,0.303423726648,1.0,-0.0029,-0.00381142857143,0.146
0.464955047214,0.546420245505,-0.124007949858,-1.35751177323,0.0794752024259,1.89479716703,0.158993305129,-0.00207709629155,-0.0146024756363,-0.00537373023795,-0.0256817114886,2.79277898508e-05,0.00569356862955,-0.00874828776561,0.57386805889,0.818932763977,0.00230780670869,0.0,0.818893797761,-0.57380758216,-0.0117708769816,0.0,-0.00831547993215,0.00864494536705,-0.999928056269,0.0,0.66150374194,0.260662683433,0.303440380776,1.0,-0.00322,-0.004232,0.162
0.464917187325,0.546130925913,-0.124004534604,-1.3579776683,0.0794633419992,1.89495549825,0.158904759287,-0.00150847728993,-0.0170889817181,-0.000124560166731,-0.026380304589,-0.000258496995755,0.0100034897003,-0.00100574101636,0.573847010063,0.818947528455,0.00230251615232,0.0,0.818908307723,-0.573786363174,-0.0117957568397,0.0,-0.00833911409476,0.00865467602905,-0.999927775271,0.0,0.661445769094,0.2605969354,0.303437113423,1.0,-0.00356,-0.00467885714286,0.179
0.46486645004,0.545812402766,-0.124006665149,-1.35850649703,0.0794427539688,1.89513239205,0.158875850712,-0.00186527606964,-0.0242312373138,0.00109261154102,-0.0327942111304,6.47363055738e-05,0.010184800102,-0.0010528067186,0.573890401859,0.818917186572,0.00227927452083,0.0,0.818877546187,-0.573829717474,-0.0118222923294,0.0,-0.008373724139,0.0086513133871,-0.999927515133,0.0,0.661382895625,0.26051221832,0.303426328616,1.0,-0.0039,-0.00512571428571,0.196
0.464801849513,0.545468881984,-0.124004853228,-1.35910935454,0.0793653396482,1.8953283104,0.158776076144,-0.00500573599972,-0.0184443716656,0.00015182834364,-0.0387313948769,-0.0059004151305,0.0116790933869,-0.012840608399,0.573873361377,0.818929336995,0.00220295508616,0.0,0.81888901001,-0.573813290567,-0.0118255551383,0.0,-0.00842037124032,0.00859051218097,-0.999927647607,0.0,0.661313304024,0.260404244579,0.303399399696,1.0,-0.00424,-0.00557257142857,0.213
0.464731217587,0.545041009485,-0.124010277842,-1.35985111535,0.079297951092,1.89555945595,0.15869628247,-0.00369871711762,-0.0271167647573,-0.000251455606378,-0.0439229371697,-0.00456197566662,0.0170963325641,-0.00590043286149,0.573892960428,0.818915824992,0.00211859602168,0.0,0.81887456226,-0.573833384365,-0.0118509566088,0.0,-0.00848937822986,0.00853620931047,-0.999927529168,0.0,0.661223633957,0.260276730704,0.303369358062,1.0,-0.0046,-0.00604571428571,0.231
0.464666863375,0.544617959,-0.124009887761,-1.36056043546,0.0792838292509,1.89579431174,0.158608346463,-0.000110999151667,-0.0223939655341,0.000218836341153,-0.0430797864916,-0.00125217355183,0.0130372918404,-0.00637253865237,0.57390907855,0.818904601084,0.00209064161955,0.0,0.818862668139,-0.573849306038,-0.0119017473024,0.0,-0.00854684693764,0.00854263367436,-0.999926984743,0.0,0.661135992633,0.260169409713,0.303351534697,1.0,-0.00494,-0.00649257142857,0.248
0.464597114156,0.544218585198,-0.124011716038,-1.3612234782,0.0792615551852,1.89603413543,0.158526522485,-0.005760351567,-0.0321358575389,-0.000232773920849,-0.0432187980971,-0.00237744816844,0.0186013248547,-0.00987638191264,0.573931536074,0.818888891838,0.00207885194271,0.0,0.818846639274,-0.573871643218,-0.0119275043795,0.0,-0.00857447174852,0.00854799641233,-0.99992670241,0.0,0.661061648803,0.260061444789,0.30333943408,1.0,-0.00524,-0.00688685714286,0.263
0.464531296071,0.543718409239,-0.124016825234,-1.36204482911,0.0792230121681,1.89632085312,0.158435614535,-0.00101010545023,-0.0285665693798,-0.000413761364273,-0.0444376774643,-0.00192485228724,0.0150520645454,-0.0106911379825,0.573950013376,0.818876004655,0.00205378820052,0.0,0.818833318131,-0.573890114986,-0.0119532397902,0.0,-0.00860973825971,0.00854243681285,-0.999926446885,0.0,0.660963433159,0.259937262748,0.303327422723,1.0,-0.00558,-0.00733371428571,0.28
0.464445161712,0.543192132319,-0.124019996958,-1.3628865019,0.0791821783195,1.89660595887,0.158315616662,-0.0044594999964,-0.0323922495611,0.000214230821226,-0.0522564238595,-0.00319222605639,0.00953665223696,-0.0140070905489,0.573960340548,0.818868817535,0.00203323601562,0.0,0.818825741918,-0.573900406692,-0.0119780829764,0.0,-0.00864177004778,0.00853997499419,-0.999926191595,0.0,0.660865748151,0.259798233571,0.30332393807,1.0,-0.00592,-0.00778057142857,0.297
0.464380406055,0.542660389865,-0.12402603151,-1.36372783611,0.0791258236901,1.89690554929,0.158211211878,-0.00826139120196,-0.0337263395986,0.000289926329305,-0.0478492790255,-0.00729279691764,0.0177915629859,-0.00837472575921,0.573963817328,0.818866413207,0.00202005454878,0.0,0.818823221902,-0.573903993856,-0.0119784811746,0.0,-0.00864962507385,0.00852944657309,-0.999926213541,0.0,0.660767020815,0.259670266556,0.303325741522,1.0,-0.00624,-0.00820114285714,0.313
0.464307087231,0.542130990532,-0.124024495676,-1.3645314887,0.0790810856901,1.89719990471,0.158103658967,-0.00548095663161,-0.0387176625733,0.000146958998255,-0.0521389544209,-0.00281595472132,0.0220400503737,-0.0102227532971,0.573967403316,0.818863850502,0.00203989544916,0.0,0.818820866177,-0.573907445076,-0.0119741597007,0.0,-0.00863466157761,0.00854325079296,-0.999926225021,0.0,0.66067559821,0.259547004393,0.30334307307,1.0,-0.00654,-0.00859542857143,0.328
0.464222743332,0.541446632585,-0.124032186209,-1.36560895809,0.0790095757422,1.89758933976,0.157965821299,-0.00490995570468,-0.035343996538,-0.000272652814218,-0.0560719931152,-0.00288741085312,0.0206265053816,-0.00878445347111,0.573974134396,0.818859117173,0.00204601292764,0.0,0.818816271622,-0.57391420818,-0.0119641914619,0.0,-0.0086229173868,0.00854260958692,-0.999926331845,0.0,0.660544782124,0.259373551637,0.303359654043,1.0,-0.00694,-0.00912114285714,0.348
0.464137229084,0.540802304602,-0.124032859036,-1.36657058971,0.0789592678778,1.89794447527,0.157857677225,-0.00376214796375,-0.0403337228347,-0.000852699828559,-0.0643513775331,-0.00313996689617,0.0252494002884,-0.0116039634008,0.573991475333,0.818846907419,0.00206769363874,0.0,0.8188042876,-0.573931400227,-0.0119596547983,0.0,-0.00860657774332,0.00855794108586,-0.999926341519,0.0,0.660441352912,0.259236164542,0.303376669623,1.0,-0.00724,-0.00951542857143,0.363
0.464038966646,0.540047430405,-0.12403010435,-1.36772486874,0.0788956435845,1.89837090714,0.157706622843,-0.0020200496689,-0.0364462720915,0.000655406632098,-0.0676024969212,-0.0035304953373,0.0223795316597,-0.00906514283842,0.573993234492,0.818845605425,0.00209478764588,0.0,0.818803260092,-0.57393296845,-0.0119547434328,0.0,-0.00858698675818,0.00857732594427,-0.999926343856,0.0,0.660308025407,0.259064405008,0.303397642874,1.0,-0.0076,-0.00998857142857,0.381
0.463943286512,0.539302227699,-0.124035712996,-1.36888918465,0.0788288545607,1.89880420342,0.157568652083,4.33294543828e-05,-0.0468935692494,5.47406593778e-05,-0.0679557307713,-0.0116732133735,0.0279042220518,-0.0135838016184,0.574009127823,0.818834433649,0.00210673857946,0.0,0.818792233417,-0.57394879978,-0.011949921693,0.0,-0.00857601239732,0.00858451059368,-0.999926376384,0.0,0.660174678704,0.25888814532,0.303407747598,1.0,-0.00794,-0.0104354285714,0.398
0.463832630291,0.538597008235,-0.124035531857,-1.36998777627,0.0787561211132,1.89922968292,0.157424608678,-0.00230343918777,-0.0412558101641,0.000750724822403,-0.0702916691158,0.000225501118572,0.026209460611,-0.00966306714506,0.574023030617,0.818824628723,0.00212946482119,0.0,0.818782798366,-0.573962681517,-0.0119296364588,0.0,-0.00854621134629,0.00859162065489,-0.999926570467,0.0,0.660056579546,0.258711156014,0.303419886801,1.0,-0.00826,-0.010856,0.414
0.463723949913,0.537814237723,-0.124044867196,-1.37121361647,0.0786943186517,1.89970277596,0.157275906763,-0.00474781921847,-0.0419636719277,-0.000619079366876,-0.0739299784801,-0.00114198212085,0.0208504871917,-0.00363549274025,0.574048078249,0.818806994045,0.0021580692102,0.0,0.818765489142,-0.573987561944,-0.0119205463269,0.0,-0.0085220858974,0.00861008507396,-0.999926617551,0.0,0.659921384997,0.25852086862,0.30343058672,1.0,-0.0086,-0.0113028571429,0.431
0.463618880729,0.53698329054,-0.124050673767,-1.37248786307,0.0786196906738,1.90017938631,0.157123082978,-0.00621902931835,-0.0507199250597,-0.00169944782557,-0.0746727648327,-0.0037675228907,0.0302054671796,-0.00549452129257,0.574063299157,0.818796248861,0.00218593535561,0.0,0.81875511202,-0.574002673432,-0.0119056430206,0.0,-0.00849372663803,0.00862450450638,-0.999926734581,0.0,0.659775642108,0.258328081941,0.303452283253,1.0,-0.00894,-0.0117497142857,0.448
0.463497416197,0.536142138892,-0.12404686793,-1.37381576515,0.0785412151809,1.90067617638,0.15695565841,-0.00793939223292,-0.0479662935235,0.00109381989301,-0.0748326144264,-0.00821127837961,0.0327230316583,-0.0180053865858,0.574075083455,0.818787961399,0.00219538739433,0.0,0.81874690601,-0.574014375886,-0.0119057581139,0.0,-0.00848827091548,0.00863243192047,-0.999926712502,0.0,0.659623702822,0.258124583773,0.303456930035,1.0,-0.00928,-0.0121965714286,0.465
0.463382384902,0.535247283574,-0.124055262666,-1.37523303943,0.0784574578504,1.90118427155,0.156788554963,-0.00726858603118,-0.0599249630065,0.000547059893251,-0.0866597339946,-0.00252237526224,0.032124964729,-0.00578478168504,0.574093666927,0.818774967812,0.00218187549333,0.0,0.818733720704,-0.57403299552,-0.0119147613269,0.0,-0.00850320350968,0.0086267301528,-0.999926634837,0.0,0.659455776648,0.257908278781,0.30345814869,1.0,-0.00962,-0.0126434285714,0.482
0.46325493054,0.534367013012,-0.124060957282,-1.37668689305,0.0783808907913,1.90170177852,0.156617752378,-0.00962492707099,-0.056549272371,-0.000646595037463,-0.0949585056972,-0.00108155306687,0.019957322303,-0.0167217974797,0.574121355545,0.818755669237,0.00213777931878,0.0,0.818713720842,-0.574060732339,-0.0119526479025,0.0,-0.0085592478633,0.00861266549705,-0.999926277917,0.0,0.659282669,0.25768263009,0.303432250795,1.0,-0.00996,-0.0130902857143,0.499
0.463136387752,0.533491306034,-0.124061673809,-1.37806747895,0.0783037243779,1.90220844455,0.156438538061,-0.009558110908,-0.0596629718999,-0.00122598754977,-0.0883407445604,-0.0053914002154,0.0339542491422,-0.0169163992938,0.574127063227,0.818751655522,0.00214213720578,0.0,0.818709686977,-0.574066343922,-0.0119594367708,0.0,-0.00856224463105,0.00862019075767,-0.999926187415,0.0,0.659120571945,0.257473574921,0.303436710022,1.0,-0.01028,-0.0135108571429,0.515
0.463011272527,0.532551890603,-0.124064479508,-1.37958148646,0.0782191135416,1.90278578018,0.156254572166,-0.00754859672445,-0.0527404883239,-0.00082168465967,-0.0882026781337,-0.00120817766941,0.0369257877442,-0.0115436252797,0.574141079313,0.818741818245,0.00214546122979,0.0,0.818699846608,-0.574080297802,-0.0119632663086,0.0,-0.00856332425846,0.0086252574732,-0.999926134478,0.0,0.658945413731,0.257247573094,0.303428616684,1.0,-0.01062,-0.0139577142857,0.532
0.462885000485,0.531575462391,-0.124064844276,-1.38114986073,0.0781335405483,1.90335958747,0.1560597399,-0.00521345288817,-0.0583791882783,5.64745095633e-05,-0.0906244018578,-0.00845088140587,0.0331626261914,-0.014332669051,0.574147811501,0.81873712718,0.00213401662211,0.0,0.818694890425,-0.574086959878,-0.0119827288496,0.0,-0.00858575918161,0.00862713214842,-0.999925925922,0.0,0.658757233484,0.257015894239,0.303420149087,1.0,-0.01096,-0.0144045714286,0.549
0.462755732052,0.530633963143,-0.124062150881,-1.38269663465,0.0780350256915,1.90390219723,0.155856890738,-0.0115038349053,-0.0548349437368,4.88246731253e-05,-0.0995420615965,-0.0116846108275,0.036423516231,-0.0167119127542,0.574143277655,0.818740450378,0.00207810960868,0.0,0.818697440909,-0.574082617212,-0.0120164788731,0.0,-0.00864553717492,0.00860068917455,-0.999925638652,0.0,0.658567301185,0.2567819604,0.303394320544,1.0,-0.01128,-0.0148251428571,0.565
0.462611926392,0.529601317776,-0.124068142171,-1.38433770856,0.0779277089997,1.90450316293,0.155639495727,-0.0143618596477,-0.0615861205951,-0.00159227370629,-0.0942802302018,-0.00552675968681,0.0340788801063,-0.0122628408025,0.574147534326,0.818737497824,0.00206528123867,0.0,0.818694388221,-0.574086994363,-0.012015344362,0.0,-0.00865192845604,0.00858957987574,-0.999925678864,0.0,0.658375156929,0.256525966057,0.303392928884,1.0,-0.01162,-0.015272,0.582
0.462467600257,0.52843718614,-0.124067803812,-1.3861229466,0.0778054546808,1.90517900107,0.155388761228,-0.00406718830466,-0.0668327385973,-0.000888660329477,-0.10231076367,-0.00437414925606,0.0456533504642,-0.013220498393,0.574124091121,0.818753838969,0.0021038227362,0.0,0.818711358841,-0.574063518728,-0.0119805789616,0.0,-0.00860158274224,0.00860092817304,-0.999926015668,0.0,0.658166722807,0.25626061754,0.303421506223,1.0,-0.01198,-0.0157451428571,0.6
0.462333335511,0.527392296755,-0.124070409178,-1.38775539336,0.0777140758502,1.9058083111,0.155174454008,-0.00572771124354,-0.0668747977489,-0.000101654509205,-0.104295924489,-0.00772804405036,0.0459542819673,-0.0108465659766,0.574124336304,0.818753569647,0.0021413909999,0.0,0.818711539359,-0.574063568059,-0.0119658701977,0.0,-0.00856796934022,0.00862324483161,-0.999926112045,0.0,0.657977516259,0.256018586192,0.303434698263,1.0,-0.0123,-0.0161657142857,0.616
0.462179819354,0.526229651781,-0.124071315611,-1.38955399507,0.0775997476724,1.90647224145,0.154926465276,-0.0118348423254,-0.0712815805597,8.14330838161e-05,-0.10397729228,-0.00824024981648,0.0353230965249,-0.0148769688603,0.574113887959,0.818760841598,0.00216213298722,0.0,0.818719107559,-0.574053061819,-0.0119520724387,0.0,-0.00854487434266,0.00863219656318,-0.999926232432,0.0,0.65776466533,0.255745398957,0.303454317457,1.0,-0.01264,-0.0166125714286,0.633
0.462027185781,0.52505100241,-0.124075135999,-1.39138891163,0.0774789568105,1.90713723984,0.154678532715,-0.00966505462297,-0.068233965996,0.000232583476231,-0.107933207876,-0.00507784125932,0.0392598138443,-0.0174695904604,0.574104704338,0.818767276787,0.00216375166383,0.0,0.818725620791,-0.574043930272,-0.0119444915901,0.0,-0.00853783472235,0.0086290738734,-0.999926319517,0.0,0.657544140056,0.255466074317,0.303467784625,1.0,-0.01298,-0.0170594285714,0.65
0.461875226548,0.523959260091,-0.124088902685,-1.39316491396,0.0773747005921,1.90777525171,0.154436246704,-0.0122804811958,-0.0660957313626,-0.000274403677222,-0.113232014215,-0.00521961753067,0.0460215170225,-0.0214007597616,0.574107818455,0.818765201684,0.00212231056619,0.0,0.81872297711,-0.574047185879,-0.0119692120561,0.0,-0.00858183314188,0.00860936840425,-0.999926112728,0.0,0.657330390417,0.255188119904,0.303445928081,1.0,-0.0133,-0.01748,0.666
0.461710485172,0.52265500152,-0.124092640204,-1.39519658747,0.0772437522086,1.90855455493,0.154165856347,-0.00601067530263,-0.0770477530682,0.00140595016548,-0.115109484952,-0.011178448632,0.0466278273225,-0.018579764923,0.574097716256,0.818772186967,0.00215984727248,0.0,0.818730548537,-0.57403702818,-0.01193842839,0.0,-0.00853518514097,0.00862232342299,-0.999926400368,0.0,0.657092129424,0.254885337285,0.303463333294,1.0,-0.01366,-0.0179531428571,0.684
0.461553733739,0.521504725658,-0.124093861006,-1.39704585253,0.0771377918896,1.9092836282,0.153913026698,-0.00689700393865,-0.0696119162892,-0.00136090790787,-0.118305715588,-0.00905495056745,0.0452276968261,-0.0134166772219,0.574090645175,0.818777076918,0.00218548314664,0.0,0.818735752473,-0.574029833392,-0.0119274850392,0.0,-0.00851158268317,0.00863695705824,-0.999926475264,0.0,0.656878124921,0.254609537313,0.303454636499,1.0,-0.01398,-0.0183737142857,0.7
0.461382962828,0.520221060367,-0.124099157209,-1.39907823244,0.0770037334367,1.91003012917,0.15364108688,-0.0124168527605,-0.079687343547,0.00108042641026,-0.116425895754,-0.0126318646908,0.0530237168365,-0.0142876981657,0.574083730936,0.818781950412,0.00217588037911,0.0,0.818740576826,-0.574023035989,-0.0119234606431,0.0,-0.00851387281828,0.0086267124193,-0.999926544203,0.0,0.656633285837,0.254298921683,0.303453739434,1.0,-0.01432,-0.0188205714286,0.717
0.461216095626,0.518896563358,-0.124105694762,-1.40114150835,0.076869329675,1.91076017646,0.153356417108,-0.0104753884151,-0.0757590476276,-0.000321411064254,-0.12373026655,-0.00969402559124,0.0396662838791,-0.0199635672185,0.574065100728,0.81879504602,0.00216324773407,0.0,0.818753536078,-0.574004487973,-0.0119265186836,0.0,-0.00852382461645,0.00861793080297,-0.999926535143,0.0,0.656377513978,0.253985917508,0.303465014409,1.0,-0.01466,-0.0192674285714,0.734
0.461044566004,0.517542639064,-0.124108886874,-1.40326574037,0.0767371613262,1.91152705136,0.153067035427,-0.0111575708632,-0.0794357396457,-0.000406514141776,-0.128173525393,-0.0114551803219,0.0438343857995,-0.0174381315378,0.574047737303,0.818807232422,0.00215831702757,0.0,0.818765634443,-0.573987122747,-0.0119317088951,0.0,-0.00853108760774,0.00861669220184,-0.999926483878,0.0,0.656115002518,0.253667845063,0.303470634484,1.0,-0.015,-0.0197142857143,0.751
0.460858776193,0.516271139253,-0.124112090662,-1.40526898068,0.0765994981845,1.91226789655,0.15278817302,-0.00878045563056,-0.0841888128453,-6.40116851234e-05,-0.120626616218,-0.0135789582481,0.0472655904583,-0.025780856174,0.574042492716,0.818810915059,0.00215611650396,0.0,0.818769407529,-0.573982008081,-0.0119188336258,0.0,-0.00852186305922,0.0086074449173,-0.99992664218,0.0,0.655876956953,0.253351093165,0.30347335426,1.0,-0.01532,-0.0201348571429,0.767
0.460677846467,0.514904168864,-0.124115648769,-1.40745778709,0.076470746489,1.91309856029,0.152492464469,-0.0116418248894,-0.0726921519795,0.000958078124411,-0.129377457233,-0.0073012064074,0.0511029491503,-0.0131448161774,0.574031983723,0.81881826401,0.00216312000494,0.0,0.818776810219,-0.573971434098,-0.0119195129213,0.0,-0.00851850979444,0.0086134599808,-0.999926618957,0.0,0.655612956745,0.253024087753,0.303462178295,1.0,-0.01566,-0.0205817142857,0.784
0.460473356895,0.513408033087,-0.124116688228,-1.40986161599,0.0763352961992,1.91392491699,0.152159881634,-0.0091211756077,-0.0804408959289,-0.000555076218393,-0.1393539377,-0.00931272982492,0.046694058939,-0.0117722051383,0.574017422976,0.818828632878,0.00210119029993,0.0,0.818786132042,-0.573956888578,-0.0119794378675,0.0,-0.00860327972463,0.00859699705061,-0.999926034874,0.0,0.655305238625,0.252658061581,0.303438295547,1.0,-0.01602,-0.0210548571429,0.802
0.460290740583,0.512146783858,-0.124126546988,-1.41188287381,0.0762073540572,1.91464385018,0.151880403791,-0.0108210502739,-0.0864430549382,-0.00143366734297,-0.14270112495,-0.00730240007983,0.0539788663159,-0.017117144572,0.574016368993,0.818829472481,0.00206155922761,0.0,0.818786457051,-0.573956002906,-0.0119996408151,0.0,-0.00864258166106,0.00857613214301,-0.999925875123,0.0,0.655056108519,0.252337521094,0.303422432509,1.0,-0.01632,-0.0214491428571,0.817
0.460093525415,0.51071237826,-0.124119578696,-1.41419326732,0.0760734459109,1.91552108631,0.151557630872,-0.00915048756962,-0.0827638098779,8.53505574971e-06,-0.137878458711,-0.00834220587576,0.050195385073,-0.0180425893044,0.57399308698,0.818845779932,0.00206680605995,0.0,0.818802780889,-0.573932650058,-0.012002754128,0.0,-0.00864236347837,0.00858196967312,-0.999925826924,0.0,0.65475775373,0.251972462661,0.303405472728,1.0,-0.01668,-0.0219222857143,0.835
0.459879288041,0.509136904916,-0.124125637966,-1.41669325264,0.0759160024392,1.9164510826,0.151204767428,-0.00880517392676,-0.0885489262389,0.000817873737338,-0.140807836759,-0.00684018348533,0.0523603071755,-0.0194133074449,0.573972064197,0.818860519675,0.00206536687211,0.0,0.818817463546,-0.573911597951,-0.0120077487803,0.0,-0.00864749989557,0.00858343607502,-0.99992576993,0.0,0.654467756441,0.251612915466,0.3033966024,1.0,-0.01702,-0.0223691428571,0.852
0.459684742812,0.507710606544,-0.124136879657,-1.41892341202,0.075764387378,1.91725063813,0.150888780364,-0.0103293860376,-0.0901117668552,-0.0010067819903,-0.139348243229,-0.0106638702301,0.0516819885053,-0.0198427818714,0.573955140043,0.81887241674,0.00205163871817,0.0,0.818829290423,-0.573894841809,-0.0120021078244,0.0,-0.00865093671985,0.00856877832849,-0.999925865918,0.0,0.654191259371,0.25126301717,0.303402491412,1.0,-0.01734,-0.0227897142857,0.868
0.459470652896,0.506154451485,-0.124138029752,-1.42136012269,0.0756096602663,1.91814900904,0.150558013798,-0.011788303068,-0.0945524539409,0.00567177406727,-0.142972929659,-0.00592131461171,0.0503732388502,-0.0115281542174,0.573944645298,0.818879743564,0.00206315661098,0.0,0.818836771526,-0.573884303889,-0.0119955928405,0.0,-0.00863910112311,0.00857435985949,-0.999925920398,0.0,0.653890342042,0.250889663643,0.303408650146,1.0,-0.01768,-0.0232365714286,0.885
0.459244452193,0.504526951054,-0.124145480103,-1.42382936399,0.0754536154641,1.91911009363,0.150224751885,-0.014331473144,-0.0974286264689,-0.000121981030304,-0.144874203721,-0.0116387300325,0.0518001898016,-0.0263522464133,0.573947680061,0.818877369351,0.0021590318418,0.0,0.818835761469,-0.573887055749,-0.0119327233092,0.0,-0.00853256092391,0.00861681724277,-0.999926470229,0.0,0.653599545478,0.250505839299,0.303454176871,1.0,-0.01802,-0.0236834285714,0.902
0.459031027479,0.502957377737,-0.124149572671,-1.42617038489,0.0753065536906,1.91999077311,0.149892385677,-0.0115766023782,-0.0989419525033,-0.00214155859766,-0.148962296117,-0.00462110370129,0.0636780964284,-0.0150732060567,0.573933718363,0.818886909635,0.00225012371303,0.0,0.818846530973,-0.57387277316,-0.0118804814602,0.0,-0.00843764846365,0.00866128165358,-0.999926891472,0.0,0.653316486963,0.250142907365,0.303512551873,1.0,-0.01834,-0.024104,0.918
0.458799135543,0.501248638328,-0.124144973596,-1.42870734056,0.0751470813376,1.92089711892,0.149542522908,-0.0125239431123,-0.105342645954,-0.000336588499384,-0.1541189137,-0.0100674085908,0.0510879938053,-0.0233646591326,0.573922717621,0.818894445194,0.0023127322304,0.0,0.81885485565,-0.573861501081,-0.0118511542118,0.0,-0.00837781766276,0.0086956060662,-0.999927096646,0.0,0.652977958996,0.249725058963,0.303577160325,1.0,-0.0187,-0.0245771428571,0.936
0.45852092274,0.499258703349,-0.124150356839,-1.43175467172,0.0749568807476,1.92199345291,0.149117780097,-0.0155095348432,-0.0936538754357,-0.000436364569134,-0.14927708805,-0.00432359339016,0.0572109438057,-0.0250470404166,0.573907818962,0.818904776727,0.00235135915171,0.0,0.818865606442,-0.573846367571,-0.0118411111531,0.0,-0.00834758429379,0.00872132132612,-0.99992712554,0.0,0.652614736996,0.249275224126,0.30360911582,1.0,-0.01908,-0.0250765714286,0.955
0.458323703812,0.497973047862,-0.124152944458,-1.43377258805,0.0748283706145,1.92275835242,0.148824208631,-0.0138553755091,-0.106214232233,-0.00336237575043,-0.160049933187,-0.00748768485597,0.0614052701844,-0.0237991599103,0.573898680804,0.818911112706,0.00237498613975,0.0,0.818872287146,-0.573837178724,-0.0118244052067,0.0,-0.00832044167323,0.00873098898018,-0.999927267396,0.0,0.652370572229,0.248953774461,0.303611508383,1.0,-0.01934,-0.0254182857143,0.968
0.458056050012,0.496203788079,-0.124145149091,-1.4366177508,0.0746501955966,1.92376596626,0.148394657336,-0.018719595659,-0.101955118306,0.000430778328569,-0.158052080818,-0.0102688451704,0.0527096976985,-0.0219233654358,0.573856204944,0.818941042314,0.00231779261921,0.0,0.8189013247,-0.57379477572,-0.0118710851336,0.0,-0.0083919431075,0.00871050701384,-0.999926848504,0.0,0.652004438749,0.248509410417,0.303577545305,1.0,-0.0197,-0.0258914285714,0.986
0.457785864998,0.494528076408,-0.124147945217,-1.43936026878,0.0744756538295,1.9246972083,0.148009450356,-0.0173820084743,-0.10006242732,-0.00178565095755,-0.160284476487,-0.00846458542606,0.0575992756374,-0.0248364265933,0.573854690805,0.818942427369,0.00220031756851,0.0,0.818901038088,-0.573793586341,-0.0119480958266,0.0,-0.00852243857329,0.00865847987982,-0.99992619666,0.0,0.651646860591,0.248063776785,0.303520347421,1.0,-0.0210085714286,-0.0276112653061,1.003
0.457508733814,0.492589018534,-0.124213142893,-1.44235476566,0.074300803407,1.92579635915,0.147590605293,-0.0178765337283,-0.139793999427,-0.00065623729902,-0.205235258605,-0.0105568754637,0.0800373628888,-0.023946823362,0.573888900382,0.818918377705,0.00222880587836,0.0,0.818877502429,-0.573827821693,-0.0119169613888,0.0,-0.00848023113626,0.00866429767297,-0.999926505112,0.0,0.651282984014,0.247561915612,0.303542160247,1.0,-0.0292371428571,-0.0384259591837,1.019
0.457147762661,0.489881292737,-0.124240434305,-1.44662841238,0.0740741053544,1.92741285878,0.146942667197,-0.0243805341254,-0.173273349595,0.000538415441726,-0.273900203926,-0.0124439097374,0.106231566697,-0.0410564708377,0.573826995517,0.818961604106,0.00228410109247,0.0,0.818921198436,-0.573765445557,-0.0119176817348,0.0,-0.00844974815359,0.00870935398946,-0.999926371744,0.0,0.650744481432,0.246912936308,0.303532615999,1.0,-0.03798,-0.0499165714286,1.036
0.456619409409,0.486413256242,-0.124283117007,-1.45213993983,0.0737616617532,1.92946533157,0.146137378254,-0.034813532777,-0.215468470117,-0.00542436544138,-0.344424621948,-0.02032587952,0.129714305898,-0.0478732972729,0.573821055974,0.818965733301,0.0022957134012,0.0,0.818925306593,-0.573759282491,-0.0119320944693,0.0,-0.00845495240704,0.00872707287249,-0.999926173264,0.0,0.650056474439,0.246025546205,0.30349860786,1.0,-0.0467228571429,-0.0614071836735,1.053
0.456012620957,0.482435931407,-0.124394908941,-1.45834123939,0.0733848582063,1.93169654961,0.145177407433,-0.0424366295738,-0.256911508352,-0.00822790551238,-0.415644578354,-0.0191304030722,0.144323960117,-0.0682492110394,0.573816005475,0.818969301963,0.00228499533599,0.0,0.818928926964,-0.573754472941,-0.0119148756912,0.0,-0.00844705376511,0.00870836281646,-0.999926403142,0.0,0.649280901695,0.244974217351,0.303504149264,1.0,-0.0549514285714,-0.072221877551,1.069
0.455232687187,0.477488977566,-0.124508794921,-1.46612277481,0.0729146052339,1.9344204174,0.144020328557,-0.0449156504749,-0.307191876344,-0.00615896837281,-0.476794459335,-0.0364621052375,0.174521249617,-0.0695584005867,0.573851427566,0.818944759251,0.00218340968171,0.0,0.818903055949,-0.573790297793,-0.0119677072417,0.0,-0.00854823641443,0.0086558533981,-0.99992599919,0.0,0.648219973514,0.243570343138,0.303472942476,1.0,-0.0642085714286,-0.0843884081633,1.087
0.4542540722,0.471480195297,-0.124623954401,-1.47546662969,0.07235858866,1.93778021026,0.142678753973,-0.0586268983956,-0.347971889252,-0.00532994024485,-0.547970681199,-0.0340344882841,0.192552313229,-0.0762607428774,0.573927510117,0.818891406274,0.00219653422948,0.0,0.818849720229,-0.573866160722,-0.0119796560874,0.0,-0.00854968536285,0.00867425263582,-0.99992582736,0.0,0.647088995852,0.24206494387,0.303471849754,1.0,-0.0729514285714,-0.0958790204082,1.104
0.453256133481,0.465407176023,-0.124675225857,-1.48459446185,0.0718022940162,1.94121215326,0.14120127272,-0.0612342118529,-0.389367348339,-0.000767779159406,-0.591154421358,-0.03601604191,0.212827147534,-0.0886512802717,0.573855511489,0.818940932144,0.00251962193855,0.0,0.818903469711,-0.573792916049,-0.011812861184,0.0,-0.00822845275304,0.00884237288779,-0.999927049843,0.0,0.645943095944,0.240533389214,0.303617742935,1.0,-0.08118,-0.106693714286,1.12
0.452026029433,0.458367715234,-0.124730599581,-1.49554059281,0.0710918753639,1.94497667676,0.139530969562,-0.081088874384,-0.43336777179,-0.00202325513392,-0.663721679748,-0.0451627506931,0.221520047796,-0.101538365183,0.573852331161,0.818943545295,0.00239134718168,0.0,0.818904098721,-0.573789896363,-0.011915487037,0.0,-0.00838614180568,0.00879618337544,-0.999926147165,0.0,0.644481330004,0.238649266334,0.303583937793,1.0,-0.0899228571428,-0.118184326531,1.137
0.450681927381,0.450535478174,-0.124871300035,-1.50742982632,0.0702701177363,1.9491520666,0.137642857413,-0.0839421429012,-0.487937462831,-0.010853982788,-0.700757387256,-0.0506204036066,0.279423203211,-0.112007675473,0.573829054413,0.818959705309,0.00244218998334,0.0,0.818921490217,-0.573767026487,-0.0118211284643,0.0,-0.00827993921319,0.00878343793772,-0.999927144258,0.0,0.642913748738,0.236554331913,0.303670781043,1.0,-0.0986657142857,-0.129674938775,1.154
0.449278367623,0.442634570116,-0.124927396342,-1.51938250521,0.0695107204901,1.95348711175,0.135827286919,-0.0894679711186,-0.502281517001,0.000584147489763,-0.785309407058,-0.041125912186,0.263983486445,-0.120976022904,0.573864161508,0.818934351939,0.00268295584238,0.0,0.818899117822,-0.57380108319,-0.011717451141,0.0,-0.00805649540057,0.00892146721244,-0.999927747542,0.0,0.64133100218,0.234488875695,0.303771120586,1.0,-0.106894285714,-0.140489632653,1.17
0.447526274916,0.433064933979,-0.124987325354,-1.53388042957,0.0685340030628,1.95854022857,0.133441622359,-0.0994674386087,-0.557353620558,-0.00131955385854,-0.783338013556,-0.0457914851,0.300778561203,-0.137203718637,0.57375827285,0.819008233975,0.00277559325359,0.0,0.81897404349,-0.573694704623,-0.011689691091,0.0,-0.00798176377805,0.00898036870042,-0.999927819607,0.0,0.639348008607,0.231941292412,0.303845258563,1.0,-0.116151428571,-0.152656163265,1.188
0.445816588305,0.424031009675,-0.125041165522,-1.54757770642,0.0675541538157,1.96334991911,0.131197693363,-0.102847288314,-0.579127663483,-0.0031908794469,-0.876702138841,-0.0648110831189,0.295405048227,-0.141945573656,0.573676312242,0.819065365914,0.00285692712946,0.0,0.819032526505,-0.573612812905,-0.0116106976294,0.0,-0.00787130184228,0.00900087173813,-0.999928510902,0.0,0.637461703171,0.22950183279,0.303893051641,1.0,-0.12438,-0.163470857143,1.204
0.443796515617,0.413782867379,-0.125164001037,-1.56298680506,0.0664314326609,1.96870503146,0.12868366856,-0.117885113427,-0.620453797338,-0.00609866462076,-0.938147114352,-0.0685030657742,0.325986565222,-0.15625033397,0.57369376346,0.819052783266,0.0029581906265,0.0,0.819021840595,-0.573630611374,-0.0114844775478,0.0,-0.00770963303659,0.00901156937816,-0.999929674115,0.0,0.635326690489,0.226662518054,0.303977174997,1.0,-0.133122857143,-0.174961469388,1.221
0.441583011858,0.403112335417,-0.125227722129,-1.57936495874,0.0653529254872,1.97420482295,0.125934932929,-0.137805979611,-0.638789811824,-0.00574598646504,-0.99091259029,-0.0638954397075,0.320288979144,-0.166442366134,0.573670313439,0.819069750677,0.00280390899752,0.0,0.819035775004,-0.573606485836,-0.011693826231,0.0,-0.00796987239355,0.00900507611368,-0.999927692255,0.0,0.632961070468,0.223656296946,0.303871717126,1.0,-0.141865714286,-0.186452081633,1.238
0.439136627594,0.391677232621,-0.125367653753,-1.59629454005,0.0641317501648,1.98005167703,0.123004610235,-0.147664341251,-0.660441722039,-0.0127043570664,-1.01525439493,-0.083091694335,0.34601845523,-0.173770413094,0.573702357749,0.819046399856,0.00305720410307,0.0,0.819016102237,-0.573638145688,-0.0115173343099,0.0,-0.00767965016689,0.00911159666331,-0.999928998369,0.0,0.63056367915,0.220417010829,0.304018698717,1.0,-0.150608571429,-0.197942693878,1.255
0.436667095746,0.38056563791,-0.125499095735,-1.61302599898,0.0628556369616,1.98558525351,0.120029713355,-0.159183673421,-0.721191334312,-0.00953805114557,-1.04192600298,-0.0831213572351,0.363002220771,-0.198372679738,0.573660729519,0.819076060539,0.00291913685919,0.0,0.819044251405,-0.573597285781,-0.011550536202,0.0,-0.00778650862461,0.00901716489592,-0.999929027992,0.0,0.628101221654,0.217173988225,0.30398488373,1.0,-0.158837142857,-0.208757387755,1.271
0.4338048871,0.368178915661,-0.125626243846,-1.63153169705,0.061485050996,1.99169755848,0.11676367416,-0.178122617419,-0.736509740367,-0.010191588462,-1.11397747504,-0.0908948228658,0.362289592765,-0.191041814938,0.573715366826,0.819037939358,0.00287726647066,0.0,0.819005429647,-0.573651870575,-0.011592432674,0.0,-0.0078442439024,0.00900742704684,-0.999928664503,0.0,0.625341060956,0.213540944691,0.303974179265,1.0,-0.16758,-0.220248,1.288
0.430680621787,0.355309556285,-0.125815466983,-1.65055394537,0.0599825675299,1.99799977429,0.113273251677,-0.194267993246,-0.769302586078,-0.00414408564243,-1.14420804233,-0.0850913969615,0.369817736624,-0.215563631237,0.573795824577,0.818981444391,0.00291416222052,0.0,0.818950122177,-0.573733018582,-0.0114833652155,0.0,-0.00773286082478,0.0089758333319,-0.999929816177,0.0,0.622499667581,0.209668538366,0.30401528575,1.0,-0.176322857143,-0.231738612245,1.305
0.427500385147,0.342627572685,-0.125964887921,-1.66904352141,0.0586361930085,2.00400815093,0.109784795983,-0.198046532373,-0.802216181723,-0.00639867382233,-1.15660261365,-0.0845433816109,0.391134788956,-0.217831963049,0.573897017485,0.81890990542,0.00308658843734,0.0,0.818880268933,-0.573833023902,-0.0114679001137,0.0,-0.00762013733218,0.00910911542042,-0.999929476275,0.0,0.619671343449,0.205870852745,0.30411627317,1.0,-0.184551428571,-0.242553306122,1.321
0.423962944127,0.328870050869,-0.126080823037,-1.68929532884,0.0570354738082,2.01048961755,0.105873765509,-0.213194243931,-0.860798037077,-0.00574022129118,-1.19083593866,-0.0991879016456,0.384474921684,-0.23557187473,0.573865834605,0.818931968114,0.00303024343158,0.0,0.818901422435,-0.573801805423,-0.0115193458523,0.0,-0.00769494956993,0.0090922047312,-0.999929057266,0.0,0.616483013313,0.201707768611,0.304083473919,1.0,-0.193294285714,-0.254043918367,1.338
0.419991631586,0.313727664291,-0.126161475997,-1.71141496872,0.0551826011333,2.01747366571,0.101532431235,-0.224817265342,-0.821808252031,-0.00246619336665,-1.2330102098,-0.0964041598433,0.379116504112,-0.252311200254,0.573750011108,0.819013395523,0.00295459100462,0.0,0.818982053225,-0.573686451024,-0.0115325326128,0.0,-0.0077504390865,0.00903672170701,-0.999929131666,0.0,0.612913613714,0.197137545451,0.304056678964,1.0,-0.202551428571,-0.26621044898,1.356
0.416426476128,0.30062135409,-0.126251644542,-1.73020462046,0.0535967703249,2.02337644892,0.0976062734576,-0.241969147655,-0.864338563062,-0.0114740788492,-1.27342515593,-0.110927935718,0.389748759506,-0.262560539992,0.573592146751,0.819123511699,0.00307712003717,0.0,0.819094006069,-0.573528523875,-0.0114362767111,0.0,-0.00760305341003,0.00908038391351,-0.999929867644,0.0,0.609851971544,0.193155545388,0.30413976276,1.0,-0.210265714286,-0.27634922449,1.371
0.411807485669,0.284487429309,-0.126421208192,-1.7533037788,0.0517127476555,2.03043919565,0.0928399666552,-0.265297164649,-0.905715803535,-0.010782329353,-1.30543438971,-0.108855568072,0.398179782919,-0.268430621848,0.573668358315,0.819069918381,0.00313534245006,0.0,0.819040631899,-0.573603909195,-0.0114780466784,0.0,-0.00760302445183,0.00915274127483,-0.999929208167,0.0,0.606010763769,0.188123017752,0.304177744081,1.0,-0.219522857143,-0.288515755102,1.389
0.406843533828,0.267869746978,-0.126599200664,-1.77692945325,0.0496986520002,2.03752348822,0.0876951299048,-0.281853691983,-0.930601010265,-0.0114360189705,-1.32941783899,-0.111597785811,0.395433842344,-0.298452154912,0.573645132209,0.819086113356,0.00315406096865,0.0,0.819056768064,-0.573580266033,-0.0115080844316,0.0,-0.00761715167356,0.00918508843993,-0.999928804041,0.0,0.601999347057,0.182861357398,0.304205157183,1.0,-0.22878,-0.300682285714,1.407
