position_joint1,position_joint2,position_joint3,position_joint4,position_joint5,position_joint6,position_joint7,velocity_joint1,velocity_joint2,velocity_joint3,velocity_joint4,velocity_joint5,velocity_joint6,velocity_joint7,ee_T_00,ee_T_10,ee_T_20,ee_T_30,ee_T_01,ee_T_11,ee_T_21,ee_T_31,ee_T_02,ee_T_12,ee_T_22,ee_T_32,ee_T_03,ee_T_13,ee_T_23,ee_T_33,v_x,v_y,w_z,time
0.4650945330278124,0.5472523141688602,-0.12400731931732037,-1.3555568782237537,0.07943605756097084,1.8941883211135873,0.15912790714701106,0.0011335607922013046,-0.00017963760146980066,-9.554893614119053e-05,-4.2412576811751154e-05,0.00018224067704608802,-5.3116105159927876e-05,-0.0004495930468854739,0.5737436006480406,0.8190188681984164,0.0026685485971099532,0.0,0.8189860888967905,-0.5736835246348658,-0.011390639019127388,0.0,-0.007798396055942625,0.008720978328951648,-0.9999315624361204,0.0,0.6617743130135132,0.2609288259662797,0.30372864810623845,1.0,5e-324,6.9208892722332e-310,6.9206770726542e-310,0.0
0.4650857476132634,0.5472468020431399,-0.12399952297571179,-1.3555518669161881,0.07943605610060993,1.8941875121566705,0.1591306405129992,-0.0015153179925129934,-0.0002907733641223655,0.0026615703149195863,0.00029369397775226916,9.804162744244679e-05,-0.00042409734013320547,4.735947014992793e-05,0.5737472913517256,0.819016249406362,0.002678763913135383,0.0,0.8189835703569917,-0.5736871477113608,-0.011389246565338535,0.0,-0.007791355584527815,0.008728581053356346,-0.9999315509828413,0.0,0.6617759456594221,0.26092813626450057,0.3037346113222656,1.0,-0.00016,-0.00021028571428571434,-8e-05,0.009000000000000001
0.46508828147965753,0.5472430993051487,-0.12400669136444713,-1.3555628804802455,0.07943534402378698,1.8941911620220029,0.1591309589048318,0.0011225263956314534,-0.00031580752984629524,0.0006018575843717758,-0.0035104036696303577,-0.00014109298378078036,-8.837767606309208e-05,-0.0003393548837078929,0.5737509198221816,0.8190137239317862,0.0026737456492388336,0.0,0.818981013160467,-0.5736908283574701,-0.011387732100081996,0.0,-0.007792955556639836,0.008723636644895755,-0.9999315816631558,0.0,0.6617752730387223,0.260924538194277,0.3037325440092866,1.0,-0.0004800000000000003,-0.0006308571428571433,-0.00024000000000000014,0.025000000000000015
0.46508762237329504,0.5472273315595176,-0.12400748373880455,-1.355572463260748,0.07943534548415074,1.8941898966994974,0.1591334003104018,0.000562600001523831,-0.006182029579469473,-3.264361502523513e-05,-0.004316639197050286,-0.00024625668355385364,-0.0001839280459050366,0.00043148172868224833,0.5737544965612134,0.8190112027841789,0.002678486701387083,0.0,0.8189785468377135,-0.5736943827941701,-0.011386038433604044,0.0,-0.007788810216210806,0.0087265819094689,-0.9999315882617138,0.0,0.661773591969716,0.2609226263439907,0.30373906860946687,1.0,-0.0008000000000000006,-0.0010514285714285723,-0.0004000000000000003,0.04100000000000003
0.4650896445498462,0.5471465129801519,-0.12401051172039886,-1.3556586483737727,0.07943096433677162,1.8942052349943266,0.15912537089333612,0.0012511281689782808,-0.0073850188434956615,-0.0009609632610230327,-0.009355869538304995,-0.00020906006975737317,0.004996761101089545,-0.001282267310248391,0.573751882777539,0.8190130026233166,0.0026880186712429123,0.0,0.8189804571085404,-0.5736917256510309,-0.011382517078258126,0.0,-0.007780485218038369,0.008732343489160785,-0.9999316027743893,0.0,0.6617594378584578,0.2609133713393209,0.3037567166363086,1.0,-0.0011400000000000008,-0.0014982857142857157,-0.0005700000000000004,0.058000000000000045
0.46508391019808415,0.5470300935309199,-0.12400741477815658,-1.3557969970933028,0.07943391174920454,1.894234569207496,0.15913144828093354,0.0005656304792104472,-0.0050016758327693185,-0.0005064758493771195,-0.009796905114668018,0.0005819754474708801,0.0004705704381237014,0.0013815106604987753,0.5737677157619312,0.8190018625012007,0.0027026783213119953,0.0,0.8189693741221442,-0.5737073628653199,-0.011391792892782204,0.0,-0.007779502923561832,0.008749822220974632,-0.9999314576236533,0.0,0.6617372614674487,0.2608989406915937,0.3037757755047765,1.0,-0.001440000000000001,-0.00189257142857143,-0.0007200000000000005,0.07300000000000005
0.4650652264431287,0.5468718325426739,-0.12400522492985697,-1.356009451095559,0.07942875933678117,1.8943020308500875,0.15912626467991378,0.00023942051266991627,-0.011513529860512227,0.00023111567177604226,-0.01220577591087347,-0.0023162586021761456,0.004889477325668786,-0.001354495249780895,0.5737876512837791,0.8189878403029234,0.0027194799881920086,0.0,0.8189554835002085,-0.57372714776764,-0.011393983524503042,0.0,-0.007771444086523971,0.008765028847855932,-0.9999313871091887,0.0,0.6617108449551725,0.26086844766993034,0.30379252013656527,1.0,-0.0018000000000000013,-0.002365714285714288,-0.0009000000000000006,0.09100000000000007
0.4650357962151341,0.5466986223426208,-0.12400522497678497,-1.356221920036808,0.0794221891952793,1.8944160693676506,0.15912065704161032,-0.0013180210124757545,-0.013507379354814572,0.0007466860514163148,-0.012584543147787392,0.00042606914102546697,0.0038838178095029277,-0.0016490072106771754,0.5738174484396075,0.8189667403776281,0.002785843267218869,0.0,0.8189352339591689,-0.5737567313638393,-0.011359696128539754,0.0,-0.007704965327437752,0.008799986482350558,-0.9999315945339528,0.0,0.6616974839843516,0.26083271168065825,0.3038239667629216,1.0,-0.0021200000000000017,-0.002786285714285717,-0.0010600000000000008,0.10700000000000008
0.4650087917572586,0.5464886282376429,-0.1240112377053829,-1.3564636076688599,0.07941418194832772,1.8945290525848348,0.1591190118836717,-0.003697921560639965,-0.01178378654545209,-0.0016332097212079179,-0.012889744608806396,-0.0003297470723652147,0.008788660664760986,-0.0009022479290533478,0.5738538345362791,0.8189409985022353,0.0028573521622244054,0.0,0.818910420575012,-0.5737929071568444,-0.011321204501392415,0.0,-0.007632017054662876,0.008836802211417569,-0.9999318292975544,0.0,0.6616789947479078,0.2607918069523469,0.30386765438618796,1.0,-0.002460000000000002,-0.0032331428571428606,-0.001230000000000001,0.1240000000000001
0.4649776012980604,0.5462603723456253,-0.12400770213321809,-1.356774749321008,0.07940575237106921,1.8946666567040653,0.1591164624288373,-2.5437939714975004e-05,-0.012520202300672353,-0.0007292887097958942,-0.02155782960252537,0.00010064915366149973,0.010148286093213232,0.0018018288675792258,0.5738900604356936,0.8189154280396118,0.002909837284712273,0.0,0.8188854572964313,-0.5738288950115384,-0.011302830595023391,0.0,-0.007586459703891213,0.008869576335651622,-0.9999318858026216,0.0,0.6616488871613736,0.26074725925811526,0.3038930212319464,1.0,-0.002800000000000002,-0.0036800000000000036,-0.001400000000000001,0.1410000000000001
0.46494065715395677,0.5459963802058774,-0.12400592434235946,-1.3571846027887082,0.07938126246514647,1.8948115064556612,0.1590939502695398,-0.004267911889013331,-0.011543862101847685,4.606051251594191e-05,-0.026545328352595304,-0.001451821028665031,0.0015438343707148395,-0.0017818343231812083,0.5739170298238123,0.8188965292968138,0.0029093100649703425,0.0,0.8188665340086991,-0.5738558418303639,-0.011305714437964368,0.0,-0.007588831846520039,0.008871049494723879,-0.9999318547341449,0.0,0.6616013153616047,0.26068452779739354,0.3038973388618396,1.0,-0.003140000000000002,-0.0041268571428571465,-0.001570000000000001,0.1580000000000001
0.46490196728078487,0.5457279498688072,-0.1240106310186227,-1.3576044767051676,0.07935132390426108,1.894961685313792,0.1590818961400362,0.0002905038736534434,-0.02001239694073959,0.00021529592936303684,-0.02231208914348173,-0.0004562388823184068,0.003464810452944526,-0.0021840015798554914,0.5739576446443309,0.8188680819477299,0.0029040356034209583,0.0,0.8188380718405253,-0.5738965289878093,-0.011301903443373092,0.0,-0.00758829814042683,0.008864919471587879,-0.9999319131491375,0.0,0.6615548435862715,0.26061523756668553,0.30390068051270797,1.0,-0.0034600000000000026,-0.0045474285714285755,-0.0017300000000000013,0.17400000000000013
0.46484795926922395,0.5454151180882967,-0.12401158716003133,-1.3581241974037035,0.07931104087860968,1.8951260036518356,0.1590562664627413,-0.0007584479196369347,-0.015020140462403544,7.922807740543268e-05,-0.03244627754127692,-0.001693377946356169,0.008247122211907322,-0.0011510517882763309,0.5739997950636883,0.8188386827860249,0.0028624711875516375,0.0,0.8188081794841552,-0.5739388446416646,-0.011318777427031697,0.0,-0.007625516207712291,0.008840960961287503,-0.999931842133176,0.0,0.6614931241016073,0.26052600205536897,0.3038889893454749,1.0,-0.003800000000000003,-0.004994285714285719,-0.0019000000000000015,0.19100000000000014
0.46480572209288246,0.5450573706412211,-0.12401658142191545,-1.3587095426765432,0.0792830205795672,1.8953142292837553,0.158952946642502,-0.002077933432878618,-0.01934730418457605,-0.00030670321565194023,-0.03790276085042315,8.753040570711509e-05,0.015171051260101319,-0.0025952249682289143,0.5739752979236905,0.8188559605485288,0.0028319867169950413,0.0,0.8188249836084995,-0.5739143475038544,-0.011345256672891126,0.0,-0.0076649608159737315,0.008830968579476892,-0.9999316288475117,0.0,0.6614231083144484,0.26044651376054306,0.30387973117432304,1.0,-0.004120000000000003,-0.0054148571428571475,-0.0020600000000000015,0.20700000000000016
0.4647390051993368,0.5446689028687083,-0.12401481382569428,-1.3593583502007494,0.07925420783048591,1.895532838973207,0.15892784873013854,-0.0013958752884205212,-0.029537780249016654,0.0006928668166822956,-0.03735316907791906,-0.0025935522938223803,0.016522404551109354,-0.0019473119715270521,0.5740397496776773,0.8188108820105383,0.002802176354607491,0.0,0.8187794045228908,-0.5739787477702022,-0.011376763094101157,0.0,-0.007707176135480609,0.00882524843905376,-0.9999313548569251,0.0,0.6613427910872974,0.2603337861017417,0.3038650672309932,1.0,-0.004480000000000004,-0.005888000000000006,-0.002240000000000002,0.22500000000000017
0.46468545017444346,0.544289865790182,-0.12401776613322436,-1.3600346671814865,0.0792176116735928,1.895744788402138,0.1589110303809541,-0.0031259888706521846,-0.028770594716030815,0.0008184392159062814,-0.04378327457969567,-4.772072819939069e-05,0.015839691987654614,-0.00653101715047255,0.5740997971221298,0.8187690253251515,0.002730020812955684,0.0,0.8187365458839018,-0.574038930285884,-0.011424616034856599,0.0,-0.007787133434895566,0.008794206874133653,-0.9999310088592723,0.0,0.6612562962593087,0.26022981966281483,0.3038298239131284,1.0,-0.004800000000000004,-0.006308571428571435,-0.002400000000000002,0.2410000000000002
0.4646157976780733,0.5438077235570572,-0.1240208470887838,-1.3608193371138855,0.07918020238733225,1.8960101278567758,0.15886283399721932,-0.002881962230768468,-0.027767483950029984,-0.00022172709476814538,-0.04075174518318808,-0.001744487811581655,0.007564117529683353,-0.0004903019215572475,0.5741485291968778,0.8187349564290574,0.002698970800123452,0.0,0.8187019810893252,-0.5740876477479706,-0.011453635441406401,0.0,-0.007828196633133944,0.008785909839594166,-0.9999307611658736,0.0,0.6611669455181756,0.26011014853612796,0.30381992100956734,1.0,-0.005140000000000004,-0.006755428571428578,-0.002570000000000002,0.2580000000000002
0.46455645119939837,0.543345581387192,-0.12402119604437405,-1.3615651644839781,0.07914615973319754,1.8962778613836777,0.15879497230656378,-0.003041333563684164,-0.028662271698751015,-7.011479402906011e-05,-0.04702637554499019,-0.003998288648599333,0.017306212110401415,0.0010835654725349158,0.5741789629932913,0.8187136293371987,0.0026941593622173262,0.0,0.8186804813265766,-0.5741179692470882,-0.011470561611918385,0.0,-0.007844490856722786,0.008791980127574539,-0.9999305801147574,0.0,0.6610738294892206,0.25999788353602177,0.3038157447379902,1.0,-0.005480000000000004,-0.007202285714285721,-0.002740000000000002,0.2750000000000002
0.4644820226747687,0.5428527690587763,-0.12402437232567362,-1.362409089648503,0.07909386039198377,1.8965658594160362,0.1587443759816349,-0.006994350377201723,-0.028639593336553214,-0.0011337784539038778,-0.04913619883433187,-0.002418471221856012,0.020612966098718034,-0.012193137506233551,0.5742337097165844,0.8186754163222549,0.002637467709790668,0.0,0.8186415257516597,-0.574172882503001,-0.011502183027472142,0.0,-0.007902344185804766,0.008764250558750061,-0.9999303680099493,0.0,0.6609729995553802,0.2598642215597061,0.30378768386615473,1.0,-0.005820000000000004,-0.007649142857142864,-0.002910000000000002,0.2920000000000002
0.46440987940460343,0.5423390850448342,-0.12402930524014727,-1.3632398475643088,0.07903262899592088,1.896849090472241,0.15866732201675166,-0.0021622711919903363,-0.03198332396138156,-0.0017390973598890975,-0.05142543561568317,-0.0030870885049833195,0.01897841399785946,-0.0027747384862785033,0.574262920806496,0.8186550427859006,0.0026010784716549405,0.0,0.818620761658112,-0.5742022983845422,-0.011511559990289057,0.0,-0.007930604088383697,0.00874012717719326,-0.9999303554226763,0.0,0.6608749762555423,0.25973112683068905,0.3037802266844369,1.0,-0.006140000000000005,-0.008069714285714293,-0.0030700000000000024,0.3080000000000002
0.4643368285761464,0.5417553823991392,-0.12402759801157882,-1.3641662659034113,0.07898714011080168,1.8971852856966316,0.15862431252039652,-0.009066229288742945,-0.031888480807865854,-0.00011209842124254745,-0.056479347522047,-0.00019932595039651326,0.015070199316926134,-0.00769139156867129,0.5743256426370432,0.8186110437732652,0.0026004082758150976,0.0,0.8185766480837638,-0.5742648980128267,-0.011525841551747042,0.0,-0.007942010898058627,0.008748388279789701,-0.9999301926461672,0.0,0.6607650217436328,0.25959699213834647,0.30378110317211937,1.0,-0.006480000000000005,-0.008516571428571436,-0.0032400000000000024,0.32500000000000023
0.4642433732009682,0.5411382094510674,-0.12402792639805647,-1.3651240163306189,0.07893405689789387,1.8975344217094787,0.15854716523869816,-0.010396400715431648,-0.03461333457521423,-0.0009986385142709017,-0.05692525274260151,-0.0012477528275570916,0.02051110315601709,-0.004070764360092343,0.5743781779125765,0.8185741540113207,0.002609602208606081,0.0,0.818539829485275,-0.5743173435189741,-0.011527505399406057,0.0,-0.00793753099416028,0.008757379500737725,-0.9999301495134533,0.0,0.6606573349860483,0.2594445731625094,0.3037918292727933,1.0,-0.006820000000000005,-0.008963428571428579,-0.0034100000000000024,0.34200000000000025
0.4641555069001341,0.5404719593377254,-0.12403360025524196,-1.3661384253232776,0.07886856014385069,1.8979076140870155,0.15845462794155374,-0.009251412079586619,-0.039592611373927215,0.0010979447843057256,-0.0649925464789429,-0.005082913730753236,0.021810189114001472,-0.007261863375197244,0.5744170355264873,0.8185468317332967,0.002626872199507849,0.0,0.818512786077412,-0.5743562004443277,-0.01151177397956207,0.0,-0.00791431815818755,0.00876285627781706,-0.9999302855289189,0.0,0.6605429595004094,0.2592863009536331,0.3038124319765489,1.0,-0.007160000000000006,-0.009410285714285723,-0.003580000000000003,0.35900000000000026
0.4640534642063939,0.5397750152504117,-0.12404033898556532,-1.3671996012180465,0.07881138832425721,1.8983024144014613,0.15839732536107942,-0.006743733376605632,-0.04321484811792531,-0.0012355666760288432,-0.06241733229962956,-0.006415750980357749,0.02103970233243164,-0.003655318288761285,0.5745018505939443,0.8184872181500145,0.0026541082104014494,0.0,0.8184535010222975,-0.5744408892732067,-0.011501230219430905,0.0,-0.007889133537261783,0.008779911242563693,-0.9999303349386915,0.0,0.6604261701440374,0.25911571982585313,0.30383429262810446,1.0,-0.007500000000000006,-0.009857142857142866,-0.003750000000000003,0.3760000000000003
0.46395933900102043,0.5390814378971408,-0.1240435716006269,-1.368275209585503,0.0787369065965692,1.898690632223653,0.1583146185120486,-0.006201757966867974,-0.044802220556053846,0.0003742542577522273,-0.06868739616429623,-0.0010407130016077321,0.02193097132578747,-0.003471457336390714,0.5745529684561669,0.8184513400721862,0.0026527859803660812,0.0,0.8184176834807718,-0.5744920915206055,-0.011492564877153551,0.0,-0.00788225231613826,0.008774343155460745,-0.9999304380808771,0.0,0.6603025518749986,0.2589474134418631,0.30384607618808174,1.0,-0.007820000000000006,-0.010277714285714295,-0.003910000000000003,0.3920000000000003
0.4638618686896468,0.5383283223496387,-0.1240499835659444,-1.3694574570002997,0.07868878440482953,1.8991537391739641,0.15821284008027722,-0.0008343276462576202,-0.046649462055571835,-0.0011510171312395534,-0.07249611566373107,0.0002865911609687361,0.03243551001357464,-0.005684860217626989,0.5746065678479592,0.8184135867360468,0.002690749530603301,0.0,0.8183802826852692,-0.5745454065221774,-0.011490676979766596,0.0,-0.007858319675131342,0.008804844343621582,-0.9999303583390036,0.0,0.6601706969928473,0.2587725218454041,0.303855713225875,1.0,-0.008160000000000006,-0.010724571428571437,-0.004080000000000003,0.4090000000000003
0.4637600172070742,0.5376040685427312,-0.12405282192225515,-1.370589924344533,0.07861191795171793,1.8995855225811111,0.15815464878291055,-0.0032689999931839395,-0.04837261885233096,0.0014494739791542871,-0.07311206082375117,-0.0022762771642711004,0.03213201013714921,-0.0041817493383623314,0.5746940439467525,0.8183521391140192,0.002697992002528445,0.0,0.8183190582782278,-0.5746329937713825,-0.011471191271214386,0.0,-0.007837269585125817,0.008800413010513236,-0.9999305625573681,0.0,0.6600376756733143,0.25857920729834133,0.30386466213549346,1.0,-0.008500000000000006,-0.01117142857142858,-0.004250000000000003,0.4260000000000003
0.46365404395883253,0.5367438835776687,-0.12406840994151407,-1.3719391896215,0.07853910740365497,1.9000793473353477,0.15804001301793036,-0.0035264839237449932,-0.055492742697066125,0.0013115034464213436,-0.07831736475380205,-0.00838560952625438,0.031118964838188486,-0.0061475091055948755,0.5747449456890394,0.8183163595238007,0.0027074049983882593,0.0,0.8182833510093084,-0.5746838035659726,-0.011473024062207996,0.0,-0.007832812286956481,0.00880965663933285,-0.9999305160867802,0.0,0.6598885939322229,0.2583894590115615,0.3038740407003909,1.0,-0.008840000000000008,-0.011618285714285727,-0.004420000000000004,0.44300000000000034
0.46354210650528,0.5359009721618571,-0.12407906110818462,-1.3732627036166751,0.07844969892470988,1.9005768724928838,0.1579503973297556,-0.006902503564132012,-0.053533959174574035,-0.0012353297897303352,-0.07853613753222823,-0.0008925284763873896,0.035861625086913734,-0.006890299156854794,0.5748195850129318,0.8182639158051064,0.0027121353326847175,0.0,0.8182310980263114,-0.5747585644176076,-0.011454682556745624,0.0,-0.007814280841988042,0.008803698843465518,-0.9999307135504919,0.0,0.65973943434874,0.2581826741227835,0.3038824699094097,1.0,-0.009180000000000008,-0.01206514285714287,-0.004590000000000004,0.46000000000000035
0.46343670062887465,0.5350678390954524,-0.12407587024338382,-1.374557054748867,0.07838702524938565,1.9010432661600067,0.15785226580782613,-0.004549967198699796,-0.054380173795695354,0.0013574285659340756,-0.0832260924554928,0.00013429884606659724,0.023876284729578662,-0.0024361787176390265,0.5748775039620255,0.8182231817765757,0.0027252785208418838,0.0,0.8181903680816298,-0.5748162474147334,-0.011469533020121766,0.0,-0.007818253954320897,0.008823543030855877,-0.9999305075821461,0.0,0.6595839344319759,0.2579937879678476,0.30389460838583665,1.0,-0.009500000000000007,-0.012485714285714296,-0.004750000000000003,0.47600000000000037
0.4633097874599229,0.5341708387555567,-0.12408401328034624,-1.3760077499781564,0.07830849231312229,1.9015636986615525,0.15773973788401707,-0.012222159210764034,-0.05726449687550796,-0.0007346650569754956,-0.09311705255517057,-0.0035061169666877807,0.023392848674075487,-0.0036213725235166145,0.5749534636381011,0.8181698967682336,0.0026984391817359834,0.0,0.8181366648215589,-0.5748922035826376,-0.011493425762759073,0.0,-0.007852414505720107,0.00881604671995348,-0.999930306024706,0.0,0.659413289823857,0.2577675421055652,0.3038822714971583,1.0,-0.009840000000000008,-0.012932571428571443,-0.004920000000000004,0.4930000000000004
0.4631943291600527,0.5332599483847972,-0.12408722029910693,-1.377471667367234,0.0782191909894794,1.9020982980388739,0.15765945840290538,-0.006834949913885146,-0.061119179534549206,-0.0012585039405221946,-0.086735899592356,-0.0016107698395827139,0.03453008762783796,-0.007573916656092262,0.5750406737338128,0.8181086674010798,0.002679323832664375,0.0,0.818075190494712,-0.5749794673250359,-0.011503988563399247,0.0,-0.007871108106525249,0.00880731925711481,-0.9999302359588287,0.0,0.659238908128238,0.25754957090424435,0.30387430740007715,1.0,-0.010180000000000007,-0.013379428571428582,-0.005090000000000003,0.5100000000000003
0.46306520688032105,0.532339253148769,-0.12408416875401539,-1.378953345374614,0.07814105533712826,1.9026613175342781,0.15753444785193949,-0.007032884943255678,-0.054716549472255724,0.0006950833568259039,-0.09107326070423027,-0.002679449011769928,0.027242015233761012,-0.005468554006974024,0.5751020430576184,0.8180655080179141,0.002685435449603514,0.0,0.8180320065385924,-0.5750406930726265,-0.011514533868376725,0.0,-0.00787555996541528,0.008818973894404239,-0.9999300981842086,0.0,0.6590674224537296,0.25732798790724476,0.3038669074104929,1.0,-0.010520000000000007,-0.013826285714285725,-0.005260000000000003,0.5270000000000004
0.46294530947477547,0.5314346335202899,-0.12408762315802295,-1.3804084244223225,0.07805591271694849,1.903211535400101,0.15742320020377,-0.005967868335990842,-0.05210282515582172,-0.00041112970105211674,-0.08811095770524183,-0.00753926820588307,0.030321938511225475,-0.006263445555391312,0.5751681786380292,0.8180190173879895,0.0026833514507595578,0.0,0.817985482885847,-0.575106820409804,-0.011517022503295622,0.0,-0.00787808138797208,0.008819337188325907,-0.9999300751178568,0.0,0.6588982766539839,0.257109676635304,0.30385973606730876,1.0,-0.010840000000000008,-0.014246857142857155,-0.005420000000000004,0.5430000000000004
0.46281531049609315,0.5304180473449053,-0.12408284861337371,-1.3820337358258068,0.0779469035938116,1.903796596162672,0.1573244565480318,-0.00917053122358818,-0.054532284786512265,-0.0020517985395478774,-0.09644701683569454,-0.007507431890178399,0.03541085655112397,-0.010146237732738948,0.5752494661957493,0.8179619432715896,0.0026566712402574574,0.0,0.8179280964774333,-0.5751882221068813,-0.011527577522454285,0.0,-0.00790118582638577,0.008804368378206237,-0.99993002473173,0.0,0.6587009565056617,0.25686930566392674,0.30385295316032823,1.0,-0.011180000000000008,-0.014693714285714298,-0.005590000000000004,0.5600000000000004
0.46267277600014606,0.5293921358669464,-0.12409040725344753,-1.3836857443727495,0.07784435973669813,1.904385057790001,0.15719953044276636,-0.009875218106601658,-0.06119611006098176,-0.0001435258737525622,-0.09907325154801007,-0.00942408983148086,0.029519291742162064,-0.003812941570926689,0.5753312712363724,0.8179045245065468,0.002619929477638349,0.0,0.817870212621265,-0.5752701502609836,-0.011546273284499331,0.0,-0.007936734743044904,0.008785863520840681,-0.999929905965319,0.0,0.6585035382652709,0.2566117646323698,0.30384051231111586,1.0,-0.011520000000000008,-0.01514057142857144,-0.005760000000000004,0.5770000000000004
0.4625338048433016,0.5283161817609382,-0.12409150864084063,-1.3853661926108105,0.07773875633503116,1.905007027203509,0.15707324774634507,-0.007475422065471457,-0.06402285420990562,0.0007056990547070554,-0.09528825762478182,-0.008539926571728404,0.039914949732377455,-0.012408587535476088,0.5754050806011565,0.8178525653934567,0.002630855170200937,0.0,0.8178184190905574,-0.5753439408747294,-0.011538197266710026,0.0,-0.00792305019636863,0.008790868395850984,-0.9999299705021509,0.0,0.6583047714176374,0.2563594011314393,0.3038522162102998,1.0,-0.01186000000000001,-0.015587428571428587,-0.005930000000000005,0.5940000000000004
0.46239736324337294,0.5272768475300835,-0.12409638370991999,-1.3870008004959589,0.07763100899852443,1.9056308602937935,0.15696659957718717,-0.008026433849024867,-0.06859802130538244,-0.0005878634770637802,-0.09952570801940586,-0.00814123343381817,0.03935099370246021,-0.006595709090358745,0.5754967292127757,0.8177880094524023,0.002652011026288515,0.0,0.8177542260015291,-0.5754356073875674,-0.011516705620541794,0.0,-0.007892314140664936,0.0087966890036007,-0.9999301623813931,0.0,0.6581050122120217,0.2560973228854533,0.3038636656641225,1.0,-0.01220000000000001,-0.01603428571428573,-0.006100000000000005,0.6110000000000004
0.4622411458543235,0.5260565277359792,-0.12409782329642607,-1.3888801973990428,0.07751967137813678,1.9063408100611645,0.15682265630889353,-0.0029221497226019646,-0.06968744958220932,0.0010212044852885359,-0.10648336874400215,-0.010187277260806704,0.03387979140985833,-0.00608871825820652,0.5755749429064569,0.8177328421282997,0.0026890340663794097,0.0,0.8176995453408133,-0.5755136994875891,-0.011497049740874798,0.0,-0.007854090432684924,0.008816405424805704,-0.9999302896996674,0.0,0.657895766146419,0.25583072789250755,0.30388569690929446,1.0,-0.01254000000000001,-0.01648114285714287,-0.006270000000000005,0.6280000000000004
0.46209310319746405,0.5248878070064519,-0.12410356755540596,-1.3907111629485387,0.07741333980869886,1.9070109633782557,0.15668544685566274,-0.007077882299269537,-0.06718368279936918,0.0006639115329448569,-0.1085404174919481,-0.005362596167596953,0.03217389055858837,-0.0029263847150948798,0.5756577623785919,0.8176745206443634,0.002695515440830902,0.0,0.8176412692411499,-0.5755964444866024,-0.011499340385928458,0.0,-0.007851339696608228,0.008823819107554434,-0.9999302459078464,0.0,0.6576756139368394,0.2555562871837707,0.30389452968393443,1.0,-0.01288000000000001,-0.016928000000000016,-0.006440000000000005,0.6450000000000005
0.46193966904213934,0.5237919351444336,-0.12410987885784948,-1.3924724921198148,0.07729845142744261,1.9076394426266587,0.1565648402580371,-0.011943417229111453,-0.07207588835284054,3.330060215750558e-05,-0.10734878118886693,-0.01415134299063489,0.04842452673194837,-0.003399437424238162,0.5757525874256878,0.8176078817120255,0.0026564518080279126,0.0,0.8175741721575825,-0.5756914375099341,-0.0115147166616285,0.0,-0.00788537835615738,0.008801643758147987,-0.9999301734997974,0.0,0.6574629937688238,0.2552811362181979,0.3038813835533457,1.0,-0.01320000000000001,-0.017348571428571446,-0.006600000000000005,0.6610000000000005
0.4617919653513107,0.5225842882056042,-0.12411319353394604,-1.3943888141613257,0.07717943535863304,1.9083597277163284,0.15642344352668047,-0.0033878366951579733,-0.07323164087342962,-0.0007636769808547785,-0.11347184392571825,-0.006704153859835641,0.0423350337520124,-0.006900860263404287,0.5758307745259736,0.8175528017511887,0.0026612701492570003,0.0,0.817519186254356,-0.5757696345657369,-0.011508906084487167,0.0,-0.007877011530026734,0.008802991196259644,-0.9999302275835824,0.0,0.6572327008668243,0.25500013287457696,0.3038806183129301,1.0,-0.01354000000000001,-0.017795428571428587,-0.006770000000000005,0.6780000000000005
0.4616229815355681,0.5213690483024193,-0.12411556994859496,-1.3963475114578263,0.07706022690432117,1.9091368616096442,0.15627573276874585,-0.013434854542363048,-0.07370141214681385,-0.00019865558939749213,-0.117495228188704,-0.0112043723595295,0.048964295080686365,-0.015490207088120107,0.5759227932463322,0.8174879072863541,0.002684131354491758,0.0,0.8174546456520018,-0.5758616329093835,-0.011490384941635748,0.0,-0.007847713567916303,0.008811899892711084,-0.9999303794825103,0.0,0.6570085699319648,0.25470459151976105,0.30386962065373446,1.0,-0.01388000000000001,-0.01824228571428573,-0.006940000000000005,0.6950000000000005
0.46145224013460956,0.5200951961648629,-0.12411949558694117,-1.3983790529305105,0.07693232777964257,1.90988708980144,0.1561358891644372,-0.014165553622189107,-0.07860348267103985,0.0006867130768623586,-0.12386187148351496,-0.0014754866825672603,0.04108487292934687,-0.006035445342877466,0.5760246280076108,0.8174161955232225,0.0026717272022058333,0.0,0.8173828046791031,-0.57596353,-0.011493895165288984,0.0,-0.007856629891645261,0.00880476007973617,-0.9999303723593379,0.0,0.6567640051766711,0.25439598128534024,0.3038624582077517,1.0,-0.01422000000000001,-0.018689142857142873,-0.007110000000000005,0.7120000000000005
0.4612799882077096,0.5187773188601621,-0.1241286720099083,-1.4004424308561867,0.07679755815317169,1.910626219083793,0.1559831412232332,-0.0075057760028468925,-0.07426333312106521,0.00032952105124535745,-0.11734499709748684,-0.005292011764530884,0.037428423354133135,-0.00764758643701321,0.5761201648372759,0.8173489078168448,0.0026580932431514975,0.0,0.8173154064653302,-0.5760591726947775,-0.011493598645732107,0.0,-0.007863212696589794,0.00879436382455731,-0.9999304121042671,0.0,0.6565120790231677,0.2540783296378441,0.3038698467574206,1.0,-0.01456000000000001,-0.019136000000000018,-0.007280000000000005,0.7290000000000005
0.46112727074298576,0.5175082363140738,-0.12413130331873744,-1.402416199709814,0.07666215519466699,1.9113379563532893,0.15584257481150007,-0.007958290601391891,-0.08106028236284539,0.0006138042814186624,-0.12538931501271983,-0.012154874178546226,0.03379506431433087,-0.0011812439129165447,0.5762072836067506,0.8172874985678736,0.0026566716783633804,0.0,0.8172540987369509,-0.5761464193541893,-0.011479915688260716,0.0,-0.007851910875355639,0.008786156013637803,-0.9999305730690055,0.0,0.6562561533483487,0.2537608938272338,0.3038843774776768,1.0,-0.01490000000000001,-0.01958285714285716,-0.007450000000000005,0.7460000000000006
0.4609346628705343,0.5161679111695299,-0.12413370565421883,-1.4045390502328896,0.07652693905201008,1.912129758425841,0.15566696705500022,-0.0118962736531382,-0.08409231417669084,0.0020858630409608734,-0.1244061621573061,-0.0028802889361893374,0.04290751071898137,-0.016575177095868508,0.5762911154781071,0.817228391864836,0.002655683004700339,0.0,0.8171949971893441,-0.5762302640661201,-0.011478947870166435,0.0,-0.007850788341165538,0.00878559568811689,-0.9999305868063177,0.0,0.6560147571742453,0.2534551574369992,0.3038810907972893,1.0,-0.015220000000000011,-0.02000342857142859,-0.007610000000000006,0.7620000000000006
0.46075496864754945,0.5148026194419694,-0.12414561238144925,-1.4067026817999437,0.07639616769428163,1.9129530314725076,0.1555061536091248,-0.013576995410831084,-0.08029818347439467,0.000642312213958486,-0.13242400023725884,-0.008806417393938046,0.05691214894615131,-0.008926618307225569,0.5763939067284252,0.8171558454831813,0.0026712132484229207,0.0,0.8171226993760636,-0.57633304642004,-0.011465629933819513,0.0,-0.007829848802319017,0.00879159747631178,-0.9999306982394067,0.0,0.6557571764928343,0.2531262069436183,0.3038802577160328,1.0,-0.015560000000000011,-0.020450285714285733,-0.007780000000000006,0.7790000000000006
0.46055844545572433,0.5134035338366157,-0.12414272528903723,-1.4089565582618548,0.07627221679157647,1.9137521581291026,0.1553372565960615,-0.012095945984353422,-0.07420740112120164,0.0006638526431318013,-0.128596333427082,-0.002539127763896514,0.046976713436863646,-0.007728086803536984,0.5764993679543384,0.8170815796076305,0.002630193026350189,0.0,0.8170477057842573,-0.5764384064268944,-0.011513338782130922,0.0,-0.00789134469479591,0.008786594878071124,-0.9999302587827595,0.0,0.6554739223811472,0.25278416057273756,0.3038571914797857,1.0,-0.01590000000000001,-0.020897142857142875,-0.007950000000000006,0.7960000000000006
0.46036225947309756,0.5119880360662888,-0.12415109323701272,-1.4112453715372977,0.07612838469413151,1.914557822797169,0.15514499191878678,-0.012666567053394542,-0.08519175004653404,-0.0007356082320528285,-0.13295784233953264,-0.0011787535462251006,0.04975101159349944,-0.009890197228205274,0.5765893639063255,0.8170182758716413,0.002566948195365698,0.0,0.816983569104548,-0.5765285843815491,-0.01154929025566561,0.0,-0.007956215384770926,0.008756521010604174,-0.9999300085388688,0.0,0.655186740395086,0.252429181662009,0.30382944988253,1.0,-0.01624000000000001,-0.02134400000000002,-0.008120000000000006,0.8130000000000006
0.46016691099482127,0.5105489888468177,-0.12415210572945143,-1.4135648784295038,0.07597730751208331,1.9154323879264563,0.1549635530021788,-0.015785837839687827,-0.0825002772987773,0.000901728065720646,-0.13699260390118448,-0.012708540849157205,0.04838427858761224,-0.011576178477084703,0.5766818434218643,0.8169530481865643,0.0025525335354969047,0.0,0.8169182269077888,-0.5766211799299108,-0.011548692708715325,0.0,-0.007963048125258332,0.008745300944458398,-0.9999300523416356,0.0,0.654904238620654,0.2520792307877795,0.3038088768461628,1.0,-0.01658000000000001,-0.02179085714285716,-0.008290000000000006,0.8300000000000006
0.4599815962972348,0.5091546122570909,-0.12415432574423807,-1.4157771166350845,0.07585031172336477,1.916265593189476,0.1548059172541425,-0.009445061757537447,-0.09040892180913818,-0.00032592940530996173,-0.13938432770355202,-0.005553954012854959,0.05618855492860192,-0.015622562356664368,0.576787079043039,0.8168787097697167,0.002566296002073036,0.0,0.8168439991671735,-0.5767262821783316,-0.011550903451513855,0.0,-0.007955789929511958,0.00875884398637547,-0.9999299915787203,0.0,0.6546334369858262,0.2517484000249162,0.3038040934413242,1.0,-0.016900000000000012,-0.02221142857142859,-0.008450000000000006,0.8460000000000006
0.4597727177023226,0.5076574943416274,-0.12415680270736776,-1.4181544785665345,0.07569508426511706,1.9171002563888062,0.1546208780159538,-0.00998715330956267,-0.0905787227380593,-0.0007459800470391378,-0.13663833475527884,-0.0031637455493170787,0.05276054350967633,-0.0036031769629462592,0.5768893479255193,0.8168066312864728,0.002520761337794261,0.0,0.8167713333679796,-0.5768286944379999,-0.01157554156200987,0.0,-0.008001085682805165,0.008736860434202381,-0.9999298224863831,0.0,0.6543327707602675,0.25137948651374525,0.30379221532151846,1.0,-0.017240000000000012,-0.022658285714285735,-0.008620000000000006,0.8630000000000007
0.45954772799066884,0.5060904165386123,-0.12415999321836829,-1.4205704995198412,0.07553420298650959,1.9179864551008146,0.15442357197862266,-0.016052037518026276,-0.09307272301658522,-7.676948869005259e-06,-0.14148575621749263,-0.011798239419187574,0.050481174928663,-0.006722948248775471,0.576995400048294,0.8167316484156966,0.00254356059423508,0.0,0.8166967298940397,-0.576934748480159,-0.011553972378611579,0.0,-0.007969179846260555,0.00874407488488066,-0.9999300142144878,0.0,0.6540385073030999,0.2509985708274168,0.30381475928781854,1.0,-0.017580000000000012,-0.023105142857142876,-0.008790000000000006,0.8800000000000007
0.45933176222734867,0.5044775655475212,-0.1241696151192838,-1.4230287810599664,0.07538527474360895,1.9189523815277534,0.15422455854816927,-0.014115088002708234,-0.09653126983347969,-0.0003863513312004985,-0.14620632737581055,-0.013647305700203992,0.0595237843715499,-0.018395632523277992,0.5770977502588194,0.8166590369781237,0.002636450147658089,0.0,0.8166253768511343,-0.5770368418946279,-0.011498864301539532,0.0,-0.00786947409158234,0.00878913003231925,-0.9999304088639352,0.0,0.6537656328735235,0.2506462712985149,0.30385051804885904,1.0,-0.017900000000000013,-0.023525714285714306,-0.008950000000000007,0.8960000000000007
0.4591191910528715,0.5029109000658865,-0.12417671187285403,-1.4253710684956622,0.07523746806203052,1.9198394466600497,0.15403720714262653,-0.015492430030926414,-0.09767468466117467,-0.0014018801508401066,-0.14447815931784197,-0.009796599355150374,0.06349296885257387,-0.011526559917716454,0.5772086573782782,0.8165803401169138,0.002731461754981206,0.0,0.8165479937004723,-0.5771475296147746,-0.01143896605923704,0.0,-0.0077645278823352815,0.00883320992341069,-0.9999308408631136,0.0,0.6534674113898703,0.25025861305735886,0.30391209393113783,1.0,-0.018240000000000013,-0.02397257142857145,-0.009120000000000007,0.9130000000000007
0.45888014092245694,0.5011208333085605,-0.12417890205374824,-1.4280332446531065,0.07506530703570118,1.920815913394704,0.1538413539499049,-0.013761381430532202,-0.09769230379040862,0.0007434798499926263,-0.15076905171245739,-0.003965401298567302,0.05538911755105425,-0.010384602971532103,0.5773347388297936,0.8164909185271018,0.002815351543220797,0.0,0.8164597014091235,-0.5772733910247988,-0.011390122513075807,0.0,-0.007674851825235918,0.008874705352244605,-0.9999311657581095,0.0,0.6531386056518123,0.24984739122191754,0.303979075854311,1.0,-0.018600000000000016,-0.02444571428571431,-0.009300000000000008,0.9310000000000007
0.4586571635137842,0.4995164929187877,-0.12418012544161561,-1.4304863323204144,0.0749056820512506,1.9216877795615108,0.15363592433747908,-0.019527065489398872,-0.09917581829654047,-0.0013980289574788292,-0.15348797380520648,-0.013938552789021324,0.05648174330116596,-0.009480340832556382,0.577431356570696,0.8164225400729089,0.002830443610748425,0.0,0.8163915204701994,-0.5773699545085081,-0.011382786847152854,0.0,-0.007659098113456886,0.00888369925242996,-0.9999312066855804,0.0,0.6528283177948824,0.24946468927902807,0.30400627742766806,1.0,-0.018920000000000017,-0.02486628571428574,-0.009460000000000008,0.9470000000000007
0.4584114800667085,0.4978507487484418,-0.12417530926586703,-1.4331009259246126,0.0747452923140646,1.9226719710780362,0.1534245841214949,-0.014864023859426414,-0.09607256114613079,-0.003294053844235408,-0.1539281854243753,-0.007214710900882837,0.05554365436733252,-0.02186410230618242,0.5775454463256077,0.816341737300475,0.00285871842010073,0.0,0.8163110466530795,-0.5774839038819627,-0.011373775565316402,0.0,-0.007634170812761909,0.008902647114421222,-0.9999312287904394,0.0,0.652506396305225,0.24905986055607005,0.3040084743836636,1.0,-0.019260000000000017,-0.025313142857142885,-0.009630000000000008,0.9640000000000007
0.45815013752523376,0.49617854421454594,-0.12417710477551365,-1.4357899229820879,0.0745817809023017,1.9236249901091262,0.1532183193963578,-0.01454046725105426,-0.09715664070035167,-0.00020479078140936522,-0.15723537713977814,-0.011554980757033977,0.054656221281289386,-0.009588518456511893,0.5776833622238348,0.8162443393716416,0.0028032757135933502,0.0,0.8162128310461968,-0.5776218510609044,-0.011417465293815276,0.0,-0.007700356365050787,0.008883920388397137,-0.9999308878469471,0.0,0.6521647548227115,0.24862983160286076,0.3039766840258439,1.0,-0.019600000000000017,-0.025760000000000026,-0.009800000000000008,0.9810000000000008
0.4578949046420346,0.49460304548586703,-0.12417997931561274,-1.4383687040889501,0.07442822764498604,1.9245030050703058,0.15302056235019407,-0.014472454123560506,-0.09656021596876885,-0.0009110178934860658,-0.16415736902331626,-0.005680900880296174,0.05730568083503981,-0.010133865685088264,0.5778205191969016,0.8161476063741957,0.002697981820203911,0.0,0.8161145635959833,-0.5777591217119737,-0.01149622835344799,0.0,-0.007823986282142592,0.008844789181380985,-0.9999302750407117,0.0,0.651829219353255,0.2482116719038499,0.30392295769173516,1.0,-0.019920000000000018,-0.026180571428571456,-0.009960000000000009,0.9970000000000008
0.45761105519772277,0.49283662280107216,-0.12421505262854737,-1.441215693688933,0.07424421391359816,1.9255455336092333,0.1528200858665417,-0.010896453124791677,-0.11716461443095753,-0.006163246905589904,-0.17558150908035508,-0.01869647000831136,0.0680358847903375,-0.009675769530179712,0.5780067587294118,0.8160158791213808,0.0026492991691420406,0.0,0.8159823668526855,-0.5779456748531367,-0.01150307807718804,0.0,-0.007855694620025444,0.00881080791669947,-0.9999303264357431,0.0,0.651481219944738,0.24773300283783428,0.30388910969443517,1.0,-0.023575428571428376,-0.030984848979591584,-0.026126245676570486,1.0139999999999991
