position_joint1,position_joint2,position_joint3,position_joint4,position_joint5,position_joint6,position_joint7,velocity_joint1,velocity_joint2,velocity_joint3,velocity_joint4,velocity_joint5,velocity_joint6,velocity_joint7,ee_T_00,ee_T_10,ee_T_20,ee_T_30,ee_T_01,ee_T_11,ee_T_21,ee_T_31,ee_T_02,ee_T_12,ee_T_22,ee_T_32,ee_T_03,ee_T_13,ee_T_23,ee_T_33,v_x,v_y,time
0.465081840057,0.547624161264,-0.123988156748,-1.35575822173,0.0794524716865,1.8940836336,0.159152164872,0.000396794273894,0.000290665732254,-0.00085606811465,0.000111614790251,-6.04051900066e-05,7.27400779625e-05,-0.000624096042258,0.573775987419,0.818997823836,0.00210421364506,0.0,0.818957170043,-0.573717282613,-0.0117635099553,0.0,-0.00842722756983,0.00847304352439,-0.999928592135,0.0,0.661695481418,0.260898209506,0.303359641512,1.0,0.0,0.0,0.0
0.465081917713,0.547629110018,-0.123982861202,-1.35575571695,0.0794492582778,1.89408397478,0.159154497328,0.000601927973922,0.00148039550704,0.00142963943719,0.000600271768941,0.000100244797108,0.000415466121276,0.000386373200909,0.573773157329,0.818999812985,0.0021017041973,0.0,0.818959131852,-0.573714467907,-0.0117642072073,0.0,-0.00842926768696,0.00847135925755,-0.99992858921,0.0,0.661694936687,0.260901059918,0.303357176375,1.0,-0.0002,-0.000262857142857,0.011
0.465079613736,0.547624590918,-0.123990680276,-1.35575865756,0.0794505938156,1.89408493859,0.159159220821,0.000197631923016,0.00324222619508,-0.0011893003206,-0.000382978295442,0.00040434871577,-6.42438446363e-05,0.000744436285418,0.573784888742,0.818991591302,0.00210279077562,0.0,0.818950950535,-0.573726220058,-0.0117606095412,0.0,-0.00842557633801,0.00847030562123,-0.999928629246,0.0,0.661696896332,0.260895002926,0.303359323162,1.0,-0.00052,-0.000683428571429,0.027
0.465081125979,0.547587689782,-0.123988461978,-1.35579036166,0.0794512867839,1.89408962112,0.159155969164,0.000774452247872,-0.00647419187846,-0.000124048519551,-0.00437301533096,-0.000156685491961,0.000213127389563,0.000602085158063,0.573781317552,0.818994064586,0.00211393075141,0.0,0.818953525028,-0.573722562323,-0.0117597715234,0.0,-0.00841853539413,0.00847891148463,-0.999928615613,0.0,0.661690595155,0.260894440261,0.303370708357,1.0,-0.0009,-0.00118285714286,0.046
0.465075464645,0.547481309694,-0.123986046122,-1.3558922075,0.0794482838886,1.89410315916,0.159154428992,-0.00152649169914,-0.00839392021946,-0.000424764230434,-0.00979180584596,-6.19982789758e-05,-0.000773169262312,-0.000447866794294,0.573787671819,0.818989561686,0.00213363995239,0.0,0.818949208338,-0.573728769137,-0.011757573251,0.0,-0.00840536096888,0.00849385686487,-0.999928599602,0.0,0.661673848984,0.260881834402,0.303398681019,1.0,-0.00122,-0.00160342857143,0.062
0.465080051277,0.547327329335,-0.123985968397,-1.35607562693,0.0794460576088,1.89414533188,0.159145902906,0.0012063923967,-0.00964664124368,-0.000478875421802,-0.0107759767155,3.73116731733e-05,0.000215331243777,-0.00103354772572,0.573786317358,0.818990464638,0.00215121949884,0.0,0.818950227543,-0.573727233528,-0.0117615142002,0.0,-0.00839851646537,0.00851050147109,-0.999928515588,0.0,0.661643186082,0.260867667503,0.303424107573,1.0,-0.00158,-0.00207657142857,0.08
0.465061602141,0.547163998908,-0.12398855214,-1.35629223508,0.0794407517721,1.89424324242,0.15914912309,0.000289852443029,-0.0143391504408,-0.00101569362288,-0.0150329683082,-0.000197013344613,0.0142251661271,-0.00271591521802,0.573816666837,0.818969091777,0.00219236744029,0.0,0.818929358438,-0.573757390196,-0.0117435082301,0.0,-0.00835984420151,0.00853417912031,-0.99992863785,0.0,0.661623067833,0.260836194726,0.303445280257,1.0,-0.00192,-0.00252342857143,0.097
0.465039572469,0.546980730507,-0.123980757425,-1.35648613004,0.0794393033225,1.89436547033,0.159133472602,-0.00191516003792,-0.0171441833967,-0.000567007259245,-0.0134637885085,-0.000137472150534,0.00796812316063,-1.69177442469e-05,0.573827137405,0.818961475962,0.00229437754566,0.0,0.818923006296,-0.573767413619,-0.0116966546218,0.0,-0.00826282954776,0.00859094179839,-0.99992895816,0.0,0.661611862849,0.260813603902,0.303493159518,1.0,-0.00224,-0.002944,0.113
0.465013734593,0.546778864471,-0.123986047242,-1.35673882548,0.0794364426358,1.89449403543,0.159114861794,-0.00152825117829,-0.00947864883963,-0.00051018739707,-0.0154933223946,9.13119826242e-05,0.00819931942258,-0.00251526155213,0.57385029146,0.818945049605,0.00236550627485,0.0,0.818907468268,-0.57379026819,-0.0116633377608,0.0,-0.0081944860105,0.00863030668831,-0.999929181595,0.0,0.661592993299,0.260774379925,0.303527194944,1.0,-0.00258,-0.00339085714286,0.13
0.464977188877,0.546534349437,-0.123986055903,-1.35709457933,0.0794247058387,1.89462680684,0.159096532654,0.000341336402314,-0.00912820009747,-0.000221184488338,-0.021331681411,-0.00234814620776,0.00613262893793,-0.00116320596246,0.573881985918,0.818922771181,0.00238913839086,0.0,0.818885415235,-0.573821787667,-0.0116610297446,0.0,-0.00817870059613,0.00864865200425,-0.999929152328,0.0,0.661554508029,0.260718294527,0.303542540504,1.0,-0.00292,-0.00383771428571,0.147
0.464934721351,0.546279260119,-0.123988668084,-1.3574800605,0.0794077427816,1.89476448555,0.159003512068,-0.00307707265314,-0.0157130324141,-0.00119284411749,-0.0252809181427,-0.00216367836131,0.00715271932978,-0.0128328775902,0.573859432767,0.818938546828,0.00239892586664,0.0,0.818901264277,-0.573799145317,-0.0116622081857,0.0,-0.00817428759285,0.00865711827573,-0.99992911515,0.0,0.661512870051,0.260652880728,0.303551712335,1.0,-0.00324,-0.00425828571429,0.163
0.464895479684,0.5459988147,-0.123989002769,-1.35795108074,0.0793887296197,1.89493395803,0.158921304593,-0.00314908047624,-0.017250672696,0.000285322115199,-0.0253068424128,-0.00607946158125,0.0131425784575,0.00121769937388,0.573845793679,0.818948142757,0.00238567640465,0.0,0.818910595101,-0.573785457308,-0.0116804586455,0.0,-0.00819698130473,0.00865660441266,-0.999928933824,0.0,0.66145733265,0.260582924768,0.303540789692,1.0,-0.00358,-0.00470514285714,0.18
0.464845131453,0.545673759831,-0.123989240506,-1.35847433897,0.0793260458722,1.8951119058,0.158896676468,-4.02305019634e-05,-0.0241679325829,-0.000472650256151,-0.0342665871402,-0.00666285245805,0.0163285773558,-0.00610751759638,0.573873948416,0.818928536478,0.0023431546706,0.0,0.818890764354,-0.573814107553,-0.0116633155816,0.0,-0.00820704476456,0.00861222649565,-0.999929234482,0.0,0.66139631334,0.260484916157,0.303533878704,1.0,-0.00394,-0.00517828571429,0.198
0.464788011665,0.54535841862,-0.123989322354,-1.35904883505,0.0792554489883,1.89530058727,0.158812060843,-0.00442945638421,-0.023552171023,-0.000800970353,-0.0327201870275,-0.000583262416412,0.00798984655118,-0.0115065138736,0.57387037887,0.818931243156,0.00227027317906,0.0,0.818892724491,-0.573811012653,-0.0116779465038,0.0,-0.00826088654369,0.00856090259743,-0.999929231846,0.0,0.661330789769,0.260393059781,0.3035032744,1.0,-0.00424,-0.00557257142857,0.213
0.464728340704,0.544929955265,-0.123989934074,-1.35977554633,0.0792487783591,1.89552996048,0.158708148932,-0.000460344789198,-0.0260738090286,0.000520619345712,-0.0418324084484,-0.00221614803135,0.0121543407023,-0.00301571437954,0.573873180995,0.818929383765,0.00223236258681,0.0,0.818889989044,-0.573813560049,-0.011744405009,0.0,-0.00833703894726,0.00856802339665,-0.999928538825,0.0,0.661236892893,0.260287094622,0.303480598075,1.0,-0.0046,-0.00604571428571,0.231
0.464669891282,0.544571660705,-0.123995280886,-1.36040299079,0.0792217957079,1.89574956143,0.158647244514,-0.000145716730788,-0.0255631082011,2.34504214102e-05,-0.0448055902023,-0.00458436051806,0.0131968581334,-0.00729645422701,0.573902744176,0.818908770973,0.00219361608978,0.0,0.818868780433,-0.573843173141,-0.0117762460957,0.0,-0.00838504103732,0.00855486839033,-0.999928250083,0.0,0.66116383983,0.260186110177,0.303454743396,1.0,-0.0049,-0.00644,0.246
0.46459801725,0.544114148128,-0.123997771864,-1.36114937236,0.079191840312,1.89601161298,0.158530343478,-0.00289649378263,-0.0264522652717,-0.000319993767128,-0.0465244492152,-0.000756192747674,0.0133025234667,-0.001162399485,0.573901206063,0.818909889508,0.00217840484068,0.0,0.818869551471,-0.573841541608,-0.011802105688,0.0,-0.00841496388701,0.00855723683654,-0.999927978447,0.0,0.661077440695,0.260067495883,0.303446046783,1.0,-0.00524,-0.00688685714286,0.263
0.46451999251,0.543548302467,-0.123995612909,-1.36206579069,0.079146049185,1.8963337716,0.15844228903,-0.00359168841253,-0.0267817844402,0.00012382630936,-0.0438314875157,7.08971257231e-05,0.00916855713424,-0.00755750446761,0.573930267941,0.818889572354,0.00215933614508,0.0,0.818848861136,-0.573870547503,-0.0118272661917,0.0,-0.00844620815366,0.00855636073405,-0.999927722517,0.0,0.660968062318,0.259930271289,0.303438056905,1.0,-0.00562,-0.00738628571429,0.282
0.464451384114,0.543087332484,-0.124003462508,-1.36281133033,0.0790933769487,1.89659421299,0.158325631386,-0.00203326049209,-0.0369237378831,-0.00128230237023,-0.055405116809,-0.000498070154817,0.0181872921933,-0.0118353973038,0.573923808352,0.818894169366,0.00213271804529,0.0,0.818853189185,-0.573864271887,-0.0118321137385,0.0,-0.00846552125105,0.00853727911976,-0.999927722296,0.0,0.66088305577,0.259807083848,0.303432098272,1.0,-0.00592,-0.00778057142857,0.297
0.464378570002,0.542492570191,-0.124005109434,-1.36376418181,0.07904220264,1.89693287136,0.158215348107,-0.00441299512859,-0.0333568264115,-0.000198385343561,-0.0553996802215,-0.00655029646012,0.0161580188368,-0.0047435860334,0.573933561168,0.818887369986,0.00211885428834,0.0,0.818846132703,-0.573874001273,-0.0118485661639,0.0,-0.00848684919368,0.00853546974723,-0.999927556949,0.0,0.660768886123,0.259667416345,0.30342863928,1.0,-0.00628,-0.00825371428571,0.315
0.464309385828,0.541900984478,-0.124005224494,-1.36469419723,0.0789872188233,1.89727515681,0.158091954049,-0.000218134663823,-0.028818758985,0.000611160422788,-0.0580412799732,-0.00658645383887,0.0203672711008,-0.00635209954786,0.573926244865,0.818892488633,0.00212236130543,0.0,0.818851274743,-0.573866649526,-0.0118492748728,0.0,-0.00848549318966,0.00853867248842,-0.999927541114,0.0,0.66065938828,0.259533341976,0.303433980909,1.0,-0.00662,-0.00870057142857,0.332
0.464218447736,0.541263665525,-0.124008156732,-1.36565144967,0.0789230174838,1.89763730655,0.157949978864,-0.00431625413955,-0.0428357115952,-0.000559777677428,-0.055098147371,-0.00114414662014,0.0209601132437,-0.00444676180923,0.573922499631,0.818895030282,0.00215422790858,0.0,0.818854305709,-0.57386285402,-0.0118236077069,0.0,-0.00844622483133,0.00854999790215,-0.999927776803,0.0,0.660555428964,0.259380498322,0.303460409148,1.0,-0.00696,-0.00914742857143,0.349
0.464133002936,0.540590188565,-0.124005915452,-1.36669263943,0.0788684311835,1.89801960665,0.157835822476,-0.00574523556735,-0.0376131936403,0.000318364247097,-0.06429636884,-0.00152006948852,0.0200943009628,-0.00617752496417,0.573940525502,0.818882351149,0.00217141982735,0.0,0.81884175357,-0.573880712114,-0.0118261479218,0.0,-0.00843825032088,0.00856571968871,-0.999927709576,0.0,0.660433744821,0.259227722752,0.303473953847,1.0,-0.0073,-0.00959428571429,0.366
0.464022123375,0.539834740244,-0.124005953573,-1.3678668748,0.0787970290944,1.89845902157,0.157690582677,-0.00301889573792,-0.0365653172707,-0.000237065284965,-0.0691568078061,-0.00719172700826,0.0252092196408,-0.00778014470927,0.57395837032,0.818869799473,0.00218804770531,0.0,0.818829419543,-0.573898490948,-0.0118173888215,0.0,-0.00842134767543,0.00857449214747,-0.999927776886,0.0,0.660302723224,0.259043279253,0.303487004672,1.0,-0.00766,-0.0100674285714,0.384
0.463947945185,0.539204994902,-0.124019827194,-1.36881635023,0.078743574215,1.89881618537,0.157571138173,-0.00660788983073,-0.0470471995559,-0.000653368278599,-0.0715883462063,-0.00327799566662,0.031008543951,-0.00877762689201,0.573969254488,0.818862088176,0.00221863741749,0.0,0.818822140535,-0.573909290044,-0.0117972823941,0.0,-0.00838721215071,0.00858811216776,-0.999927946905,0.0,0.660196393886,0.258897406808,0.30351143397,1.0,-0.00794,-0.0104354285714,0.398
0.463831249974,0.538457599801,-0.12402048171,-1.369987127,0.0786871973175,1.89926986509,0.157419801984,-0.01110286124,-0.0466071448527,-0.00422660224729,-0.0695112900582,-0.00449747552633,0.0193088577352,-0.00812321447783,0.573991091486,0.818846693607,0.0022508141743,0.0,0.818807057529,-0.573930890575,-0.0117933153354,0.0,-0.0083652665428,0.00861240628822,-0.999927921789,0.0,0.660069177447,0.25871248767,0.303521497584,1.0,-0.00828,-0.0108822857143,0.415
0.463713634384,0.537625557302,-0.124024319205,-1.37129806721,0.0786079723086,1.89976438551,0.157256265229,-0.00571719813263,-0.0469362540506,0.00124006162627,-0.071259461363,-0.00170936787937,0.01675618137,-0.00731532991758,0.574007362747,0.818835256816,0.00226199196756,0.0,0.818795784421,-0.573947135836,-0.011785396945,0.0,-0.00835219552872,0.00861718001418,-0.999927989927,0.0,0.659921853049,0.2585086845,0.303528109975,1.0,-0.00864,-0.0113554285714,0.433
0.463615792389,0.536903928191,-0.124036077685,-1.37241985203,0.078525889403,1.9001853236,0.157115407898,-0.00610993543247,-0.0474650432284,5.65233034763e-05,-0.0734208377983,-0.010000023813,0.0280701206617,-0.00698475727452,0.574020216728,0.818826228494,0.00226830757743,0.0,0.818787018089,-0.573960149929,-0.0117606208698,0.0,-0.00832814701695,0.00860826067364,-0.999928267335,0.0,0.659797360758,0.258328902749,0.30354050689,1.0,-0.00894,-0.0117497142857,0.448
0.463505812967,0.536017362317,-0.124042429276,-1.37382521394,0.078459819554,1.90072064057,0.156947589497,-0.00626947554938,-0.0543786923498,0.000541441485058,-0.0757012409068,-0.000973903085134,0.0219788784612,-0.00599693264469,0.574037070464,0.818814354164,0.00228955199677,0.0,0.818775289718,-0.57397678629,-0.0117652304534,0.0,-0.00831955005529,0.00862847314715,-0.999928164689,0.0,0.6596350089,0.258123101712,0.303544024922,1.0,-0.0093,-0.0122228571429,0.466
0.463384488774,0.535106050147,-0.124043917269,-1.37524713535,0.078373816406,1.9012236937,0.156777583348,-0.00552934249487,-0.0616197180208,5.9379376307e-05,-0.0845454373623,-0.0147196794792,0.0286238689506,-0.0122502487014,0.574053111645,0.818803126209,0.00228307314672,0.0,0.818763939292,-0.573992810419,-0.0117733683778,0.0,-0.0083297636356,0.00862800283089,-0.999928083716,0.0,0.659465594008,0.257905622342,0.303553940532,1.0,-0.00964,-0.0126697142857,0.483
0.463269488886,0.534273365186,-0.124050993634,-1.37660366405,0.0782957143765,1.90172110377,0.156618703284,-0.0092546813689,-0.0554169206392,-0.000650151466121,-0.0878471186632,-0.00255272005306,0.0351913350284,-0.0054180275736,0.574075622221,0.818787409127,0.00225954147089,0.0,0.818747891585,-0.574015382521,-0.0117888741852,0.0,-0.0083557310626,0.00861786601902,-0.999927954477,0.0,0.659307048528,0.257696704566,0.303539054743,1.0,-0.00996,-0.0130902857143,0.499
0.46313802536,0.533353482528,-0.124046795408,-1.37807421128,0.0782189641417,1.9022681725,0.156430374095,-0.00470414728663,-0.0552987825596,0.000271407981991,-0.083798764203,-0.00181463305421,0.0346503326491,-0.0113271884704,0.574086073389,0.818780071911,0.0022629810956,0.0,0.818740456026,-0.574025671603,-0.0118042749975,0.0,-0.00836625696444,0.00862963020383,-0.999927765005,0.0,0.659135436304,0.257474693262,0.303535182577,1.0,-0.0103,-0.0135371428571,0.516
0.463002729657,0.532358151352,-0.124041479689,-1.37969008303,0.0781281921661,1.90286952861,0.156222658246,-0.00883439993164,-0.0584491268568,0.0015915558574,-0.0900026308442,-0.00521865236004,0.0314669929956,-0.0102213812293,0.574087040507,0.818779429595,0.00224999887239,0.0,0.818739537559,-0.574026578316,-0.0118238710231,0.0,-0.00838974474651,0.0086302603185,-0.999927562771,0.0,0.658943903868,0.257235989282,0.303519806845,1.0,-0.01066,-0.0140102857143,0.534
0.462878897882,0.531494260551,-0.124041321994,-1.38107580434,0.0780489718193,1.90338269497,0.156053666869,-0.00734547323987,-0.0557465048065,0.00210578452743,-0.0905089418083,-0.00360377110457,0.0371522118823,-0.0166439062216,0.574104287004,0.81876735345,0.00224398516115,0.0,0.818727323127,-0.574043784349,-0.0118343109806,0.0,-0.00840156350371,0.00863150681509,-0.999927452779,0.0,0.658782142581,0.257023348447,0.30351363887,1.0,-0.01096,-0.0144045714286,0.549
0.462736906936,0.530417400235,-0.12404890491,-1.38280777043,0.0779317795013,1.90398950892,0.15582492778,-0.00954647417358,-0.0623800150437,0.000562025324617,-0.0969110575155,-0.0103550662337,0.031818297468,-0.0105829142665,0.574101148842,0.818769688504,0.00219430789612,0.0,0.818729082843,-0.574040914331,-0.0118517712777,0.0,-0.00844441114733,0.00860082479013,-0.999927356228,0.0,0.65857199742,0.256756209942,0.303500878544,1.0,-0.01132,-0.0148777142857,0.567
0.462599755315,0.529372991552,-0.12405599758,-1.38445373708,0.0778268952257,1.90459806597,0.155602756521,-0.00747383645246,-0.0606180751271,-0.00179333148388,-0.0974671655445,-0.00749508665967,0.033510425492,-0.0100107535605,0.574097715531,0.818772093858,0.00219504955126,0.0,0.818731554106,-0.574037535829,-0.0118446895876,0.0,-0.00843822292128,0.00859733108914,-0.999927438513,0.0,0.658378908429,0.256504443464,0.303506081208,1.0,-0.01166,-0.0153245714286,0.584
0.46246812059,0.528343680133,-0.124058745523,-1.38604374263,0.0777388068452,1.90520256869,0.155384734854,-0.00957507881308,-0.0711449064836,1.35144872257e-05,-0.0982748197596,-0.00585613603411,0.0396577803549,-0.0167093288815,0.574091517946,0.818776329878,0.00223552108893,0.0,0.818736259107,-0.574031121444,-0.0118303228581,0.0,-0.0084032914427,0.00862215618411,-0.999927518931,0.0,0.658193916928,0.256267726574,0.30352656886,1.0,-0.01198,-0.0157451428571,0.6
0.462327078644,0.527239742163,-0.124056355334,-1.38776623524,0.077623047579,1.90586876744,0.15514428164,-0.00901021163041,-0.0678638426708,0.000750706509322,-0.101442509054,-0.00621849123191,0.0450682503978,-0.00713412986698,0.574070572597,0.818790923799,0.00226885068925,0.0,0.818751390664,-0.574010156768,-0.0118003014339,0.0,-0.00835979732432,0.00863199665067,-0.999927798605,0.0,0.657994478428,0.256012811162,0.303541433985,1.0,-0.01232,-0.016192,0.617
0.462196923502,0.526210156058,-0.124062058756,-1.38936892887,0.0775327702456,1.9064680658,0.154929912861,-0.00910110310845,-0.0698838934238,0.000218056678134,-0.105725277964,-0.0013003624449,0.0326916502337,-0.0187587326472,0.574067907155,0.818792725238,0.0022930273217,0.0,0.818753459875,-0.574007350714,-0.0117932256193,0.0,-0.00834015337989,0.00864770289817,-0.999927826934,0.0,0.657804977213,0.255773196641,0.303555225987,1.0,-0.01262,-0.0165862857143,0.632
0.462039648977,0.525030833215,-0.124061922155,-1.39119019904,0.0774022437239,1.90712733104,0.15468539291,-0.00353096260935,-0.0681813106965,0.0006562833319,-0.105731167899,-0.00503726635507,0.0405771690652,-0.0125683174513,0.574059057386,0.818798917883,0.00229730443496,0.0,0.818759838571,-0.573998621082,-0.0117752553856,0.0,-0.00832307703464,0.00864079897758,-0.999928028901,0.0,0.657587402962,0.255492801925,0.303574999623,1.0,-0.01296,-0.0170331428571,0.649
0.461858064939,0.523718102759,-0.1240712268,-1.3933140792,0.077301505496,1.90788399292,0.154396513652,-0.0127324405164,-0.0712395224778,-0.000620623095618,-0.109063732162,-0.00707570859685,0.0415061036344,-0.019562265809,0.574064791089,0.818794991234,0.00226381617522,0.0,0.818755194589,-0.574004191132,-0.0118265294127,0.0,-0.00838422449654,0.00864287179171,-0.999927500145,0.0,0.657327743666,0.255168182178,0.303553092254,1.0,-0.01334,-0.0175325714286,0.668
0.461715642789,0.522574840483,-0.124069846189,-1.39512829783,0.0771692117105,1.90857179974,0.154150782598,-0.00319644686511,-0.0729787348308,0.00124050517443,-0.117251532178,-0.0127693473212,0.0330235996853,-0.016945472866,0.574040778794,0.818811823622,0.00226465890531,0.0,0.81877221826,-0.573980364527,-0.0118043485144,0.0,-0.00836583145792,0.00863058337533,-0.999927760338,0.0,0.657111356679,0.254900356506,0.303552683545,1.0,-0.01366,-0.0179531428571,0.684
0.461536269941,0.521270045168,-0.124074917244,-1.3972103238,0.0770429534983,1.90939016017,0.153866027207,-0.00543082856569,-0.0749310194708,8.36404263271e-05,-0.114071138484,-0.00515320386898,0.0429552172127,-0.010165301418,0.574035689771,0.818815305967,0.00229531819393,0.0,0.818776152466,-0.57397521373,-0.0117818961921,0.0,-0.00832990156089,0.00864274710662,-0.999927955236,0.0,0.656872113689,0.254584646504,0.303549564827,1.0,-0.01402,-0.0184262857143,0.702
0.46138822538,0.520141352659,-0.124086526621,-1.39899830834,0.0769324385495,1.91004572898,0.153626293143,-0.00563240765394,-0.079579192006,-0.000751148009162,-0.119853408563,-0.00754316731895,0.0392153579464,-0.00814838743921,0.574034335945,0.818816276039,0.00228782680113,0.0,0.818777057365,-0.573973922027,-0.0117819381713,0.0,-0.00833425027614,0.00863662343207,-0.99992797191,0.0,0.656657068818,0.254309881766,0.303548437119,1.0,-0.01432,-0.0188205714286,0.717
0.461222842447,0.518898052223,-0.124092821007,-1.4009382544,0.0768037186176,1.91073875232,0.153364211408,-0.0116999167402,-0.0816056854809,-0.00115747038415,-0.117927579086,-0.00909704091283,0.046893201935,-0.0166832803179,0.57402780847,0.818820879307,0.00227807265122,0.0,0.818781592046,-0.573967492843,-0.0117800080004,0.0,-0.00833833739981,0.00862746223375,-0.999928016922,0.0,0.656420215148,0.254009970068,0.303558175403,1.0,-0.01464,-0.0192411428571,0.733
0.461049790313,0.517541232789,-0.124090845398,-1.40305289646,0.0766670388863,1.91150418819,0.153065684868,-0.00917113294088,-0.0759817154662,-0.000896906417495,-0.123926108137,-0.00869636162699,0.0458790715525,-0.0170084940297,0.573998734958,0.818841251618,0.00228118761609,0.0,0.81880200608,-0.573938412339,-0.0117779701702,0.0,-0.00833518711523,0.00862854710063,-0.999928033826,0.0,0.656159289936,0.253694271782,0.303570075897,1.0,-0.01498,-0.019688,0.75
0.460855045157,0.516183423809,-0.124104678465,-1.405179202,0.0765280953072,1.91230641344,0.152784892854,-0.0105381661768,-0.0820700189062,-0.00112248891772,-0.123119842157,-0.0128160861184,0.0451273996119,-0.0102023217223,0.574013080795,0.818831142152,0.00230013466093,0.0,0.818792277726,-0.573952824498,-0.01175193974,0.0,-0.0083028453099,0.00862926577366,-0.999928296695,0.0,0.655911412757,0.25335590683,0.303580408681,1.0,-0.01532,-0.0201348571429,0.767
0.460650469772,0.514646836083,-0.124106761346,-1.40764223483,0.076380850764,1.9132236778,0.152434937992,-0.0140767309961,-0.0873102753823,0.000883409721697,-0.130292072613,-0.0131716810179,0.0483790530153,-0.0147084084117,0.573985761877,0.818850315823,0.00229179847299,0.0,0.818811287206,-0.573925482439,-0.0117627994703,0.0,-0.00831681064137,0.00862839599684,-0.999928188143,0.0,0.655610712153,0.252986858791,0.30356502803,1.0,-0.0157,-0.0206342857143,0.786
0.460474100993,0.513336250994,-0.124110637629,-1.40978157713,0.076259145333,1.91395902807,0.152145016652,-0.0122839162499,-0.0848278706489,-0.000866629586036,-0.136750937083,-0.0066791214139,0.0441471315177,-0.0186026559208,0.5739749382,0.818858109217,0.00221679699477,0.0,0.818817921375,-0.573914758878,-0.0118240466043,0.0,-0.00841012585391,0.00860202514196,-0.999927634855,0.0,0.655335568812,0.252662612597,0.303529152413,1.0,-0.01602,-0.0210548571429,0.802
0.460273733673,0.511907303544,-0.12411283873,-1.4120696832,0.0761219276598,1.91476374053,0.151822315137,-0.0133063764153,-0.0854821363155,0.000588092988262,-0.133040797009,-0.00384324677907,0.0587746113749,-0.0192350220628,0.573958982443,0.818869413214,0.0021719750496,0.0,0.818828523991,-0.573898861327,-0.0118613728882,0.0,-0.00846658445706,0.0085865819556,-0.999927291136,0.0,0.655047682785,0.25230978284,0.303510900473,1.0,-0.01636,-0.0215017142857,0.819
0.460078848715,0.510455477653,-0.124113430638,-1.4143973117,0.0759742627274,1.91565105991,0.151494706706,-0.0130685546819,-0.0924557790547,0.000374068048176,-0.141589925288,-0.00912410476076,0.0531356056608,-0.0208063425803,0.573932609094,0.818887887024,0.00217614435016,0.0,0.818847091721,-0.573872514944,-0.01185427661,0.0,-0.00845865694965,0.00858565067641,-0.999927366225,0.0,0.654765396714,0.25196101846,0.303496504967,1.0,-0.0167,-0.0219485714286,0.836
0.459889606331,0.509067756274,-0.124119252754,-1.41660829511,0.0758420542567,1.91646679237,0.151192233413,-0.0127907213922,-0.084857890069,-0.000138935316611,-0.135513646087,-0.0100063924407,0.0495419443288,-0.0115368438787,0.573923530543,0.81889426868,0.00216903516907,0.0,0.818853333761,-0.573863417996,-0.0118634807163,0.0,-0.00847036951016,0.00858501770467,-0.999927272511,0.0,0.654492987095,0.251623618593,0.303486257028,1.0,-0.01702,-0.0223691428571,0.852
0.459682212598,0.507554961728,-0.124118020095,-1.41898066943,0.0756906830667,1.91731152957,0.15085933624,-0.0111780415302,-0.0859526690339,0.000150153677987,-0.13693149188,-0.0165205706691,0.058079346933,-0.023384829283,0.573901828005,0.818909517324,0.0021543329422,0.0,0.818868346813,-0.573841732102,-0.0118761941166,0.0,-0.0084894456927,0.00858004976066,-0.999927153376,0.0,0.654194178571,0.251259968012,0.303488460227,1.0,-0.01736,-0.022816,0.869
0.45946964473,0.505997654296,-0.124120644089,-1.4214164363,0.0755359448544,1.91821373796,0.150516822225,-0.00749369726527,-0.0939871309115,0.00104174531951,-0.140598673334,-0.00821019355471,0.0463914041833,-0.0244896696029,0.573881422414,0.818923774793,0.00217048107466,0.0,0.818882831014,-0.573821281294,-0.0118656270295,0.0,-0.00847173895325,0.00858699793093,-0.999927243906,0.0,0.653894211311,0.250887136905,0.303496188903,1.0,-0.0177,-0.0232628571429,0.886
0.459254010887,0.504465723713,-0.12412804462,-1.42374866326,0.0753808055017,1.91912066205,0.150196578911,-0.0151222649254,-0.0968135675246,-0.00271369941816,-0.143251828453,-0.00835714103963,0.0501294058396,-0.0236266553435,0.573879427536,0.818924954282,0.00225140106771,0.0,0.818885232353,-0.57381914201,-0.0118031944155,0.0,-0.0083741946473,0.00861741545268,-0.999927803901,0.0,0.653620237718,0.250521748197,0.303535404811,1.0,-0.01802,-0.0236834285714,0.902
0.459022858181,0.502803805791,-0.124134444517,-1.42622953086,0.0752218333373,1.92006520117,0.149847145222,-0.0162055166688,-0.0989674303576,-0.000501128752003,-0.141546380348,-0.0116865674423,0.0576583551374,-0.0259552302296,0.573871583206,0.818930164366,0.00235346162682,0.0,0.818891861326,-0.573811007461,-0.0117385719727,0.0,-0.00826278757215,0.00866383026025,-0.999928329625,0.0,0.653324357009,0.250132910972,0.303597272458,1.0,-0.01836,-0.0241302857143,0.919
0.458780289571,0.500990508773,-0.124135395086,-1.42892874984,0.0750550355015,1.92101225487,0.149476545751,-0.0135102905543,-0.0992214163648,-0.000177608844951,-0.151956965631,-0.0109725189518,0.0460436661452,-0.0151810532994,0.573859966509,0.818938143612,0.00240887474312,0.0,0.818900465032,-0.573799086687,-0.011721066006,0.0,-0.008216776107,0.00869904667663,-0.999928403026,0.0,0.652981288833,0.249715022267,0.303660227704,1.0,-0.01872,-0.0246034285714,0.937
0.458568715103,0.499477610724,-0.124138114819,-1.43122714612,0.0749040118137,1.92184079818,0.149154434299,-0.0148002068785,-0.100998495084,0.00278225150984,-0.153405765427,-0.00777467835573,0.0551237816236,-0.0175306877359,0.573851728466,0.818943819585,0.00244151636781,0.0,0.818906582531,-0.57379074907,-0.0117018062706,0.0,-0.0081823599535,0.00871464336338,-0.999928549436,0.0,0.652674913743,0.249329154411,0.303693443699,1.0,-0.01904,-0.025024,0.953
0.458297163202,0.497694531785,-0.124136599974,-1.43402574025,0.0747404492395,1.92288143368,0.148753695322,-0.0108516571837,-0.100598409932,0.000687468889322,-0.153903244544,-0.0106432706879,0.0569046329476,-0.0229984196815,0.573838736143,0.818952847019,0.00246701491099,0.0,0.818915825705,-0.57377754271,-0.0117025122647,0.0,-0.00816844525087,0.00873580059176,-0.999928478587,0.0,0.652348914068,0.248913975793,0.303694979588,1.0,-0.01938,-0.0254708571429,0.97
0.458061373034,0.496222625455,-0.124138036147,-1.43638347129,0.0745917150124,1.92371835262,0.148393291046,-0.0200263108488,-0.100367975007,0.000223893044171,-0.153813170922,-0.0153720049148,0.05229460557,-0.0278870661631,0.57381667285,0.818968435244,0.0024238263208,0.0,0.818930784472,-0.573755567053,-0.0117331334734,0.0,-0.00821854034844,0.00871778144642,-0.999928225365,0.0,0.652051348619,0.248532031315,0.303671192842,1.0,-0.01968,-0.0258651428571,0.985
0.457796556828,0.494544887542,-0.124139493198,-1.43912575796,0.074425298827,1.92465944246,0.148005992183,-0.0141018601017,-0.0994191720899,-0.00154093720857,-0.161554138692,-0.00391430017131,0.0527099593341,-0.018117531883,0.573810480614,0.818973071658,0.00232102079719,0.0,0.818933891219,-0.573749559193,-0.011809828111,0.0,-0.00834040712324,0.00867753280678,-0.999927566393,0.0,0.651693898071,0.248092672458,0.303616331489,1.0,-0.0200765714286,-0.0263863510204,1.002
0.457528858649,0.492902722666,-0.124143627386,-1.44177632523,0.0742514194765,1.92564837004,0.147640403596,-0.0164767156945,-0.110925232439,0.00147850767335,-0.175873709455,-0.0111415840403,0.0640041295879,-0.0245973813868,0.573810732846,0.818972979463,0.00229099990463,0.0,0.818933492896,-0.573750014434,-0.0118153311476,0.0,-0.00836213672197,0.00865610703562,-0.999927570617,0.0,0.651345409064,0.247636880868,0.303579485532,1.0,-0.0217182857143,-0.0285440326531,1.019
0.457237219354,0.490999788932,-0.124148323743,-1.44481770688,0.074065771124,1.92673502073,0.147202573609,-0.016839209362,-0.115703471445,-0.000435098680359,-0.183952770028,-0.006468464122,0.0637284668053,-0.0188396845996,0.573804965399,0.818977128242,0.00225211024834,0.0,0.818936981551,-0.573744240172,-0.0118538609338,0.0,-0.00841606773831,0.00864630710006,-0.999927202939,0.0,0.650978327363,0.247178131947,0.303554722417,1.0,-0.0232634285714,-0.0305747918367,1.035
0.456906815663,0.488989211592,-0.124155097655,-1.44808236947,0.0738598447595,1.9278858923,0.146734031606,-0.0227875348208,-0.130208982826,0.0013684381747,-0.198403667402,-0.00912526665687,0.0724617129754,-0.0315774906548,0.573803336813,0.81897851489,0.00216095155359,0.0,0.818937075511,-0.573742867747,-0.0119136461318,0.0,-0.00851735365996,0.00860593894063,-0.999926693564,0.0,0.650559532179,0.246643792574,0.303498959468,1.0,-0.0249051428571,-0.0327324734694,1.052
0.456555265708,0.486769794482,-0.124179090594,-1.45150062053,0.0736509509205,1.92921082823,0.146232944084,-0.0261141966454,-0.135174790487,-0.000933157304855,-0.200467422565,-0.0117745947995,0.0761240975149,-0.0317654875279,0.573811557196,0.818972482268,0.00226208272114,0.0,0.818932470218,-0.573750797024,-0.0118481660402,0.0,-0.00840561202215,0.00865127415993,-0.999927247925,0.0,0.650150879335,0.246081406629,0.303529609208,1.0,-0.0265468571429,-0.034890155102,1.069
0.456077531322,0.483832721915,-0.124217768809,-1.45599964823,0.0733714170331,1.93083534658,0.145564707734,-0.0204421105401,-0.144965808971,-0.0066043750006,-0.223647497071,-0.00763484832312,0.0772994237788,-0.0317202729536,0.573829256248,0.818959948615,0.00230957581808,0.0,0.818920588128,-0.573768344088,-0.0118196684738,0.0,-0.00835483444973,0.00867399775804,-0.999927476622,0.0,0.64959187721,0.245319302519,0.303569052387,1.0,-0.0285748571429,-0.0375555265306,1.09
0.455659609274,0.481306511502,-0.124258385176,-1.45993291145,0.0731246377455,1.93219702426,0.144972378748,-0.0253206493907,-0.155256841815,-0.00146537695277,-0.233336211598,-0.00964188267734,0.0872974538587,-0.0378803008161,0.573841056758,0.818951803749,0.00226530703662,0.0,0.818911841734,-0.573780288589,-0.0118457923494,0.0,-0.0084015062412,0.00865285535165,-0.999927268749,0.0,0.649089075149,0.244644501752,0.303568330013,1.0,-0.0302165714286,-0.0397132081633,1.107
0.455157708747,0.478315477458,-0.124277528517,-1.46452549395,0.0728444762863,1.93388705977,0.144300923953,-0.029491767553,-0.15865900807,-0.00020783407997,-0.241746566364,-0.0160789187231,0.0949193168428,-0.0308304241061,0.573863792348,0.818935659708,0.00234093819126,0.0,0.818896615645,-0.57380266,-0.0118147012031,0.0,-0.00833240398758,0.00869718304786,-0.999927462395,0.0,0.64851634351,0.243872955612,0.303601987139,1.0,-0.0320514285714,-0.0421247346939,1.126
0.454711110016,0.475674266789,-0.124295660802,-1.46855076604,0.0725968287071,1.93537623927,0.143722201496,-0.0243524399267,-0.166193095439,-0.000662882977765,-0.256229722577,-0.0102622945092,0.098399638005,-0.0412024913639,0.573896350618,0.818912586049,0.00242941540464,0.0,0.818874673186,-0.573834859062,-0.0117716201401,0.0,-0.00824600340568,0.00874524495782,-0.99992775945,0.0,0.648015410597,0.243192438789,0.303644032264,1.0,-0.0335965714286,-0.0441554938775,1.142
0.454362448662,0.47361372839,-0.124303495941,-1.47172292649,0.0724002334158,1.93651030552,0.143269982395,-0.0301551845062,-0.172045956716,0.00107554403189,-0.267849464027,-0.0174792559606,0.0928406762624,-0.0348830496819,0.573916307387,0.818898538737,0.00244995336679,0.0,0.818860793613,-0.573854631257,-0.0117732650687,0.0,-0.00823535103107,0.00876320829129,-0.999927689973,0.0,0.647607975369,0.242659301261,0.303657996689,1.0,-0.0347554285714,-0.0456785632653,1.154
0.453857805987,0.470603747464,-0.124306452455,-1.47637249246,0.0721137927994,1.93813010998,0.142566848975,-0.0282808780569,-0.184869825901,0.000338470103876,-0.278436061947,-0.0145678892647,0.0971447522978,-0.0360063628783,0.573900026461,0.818909976444,0.00244069878736,0.0,0.818871835941,-0.573838094896,-0.0118111832874,0.0,-0.00827188914482,0.00877722688698,-0.999927265424,0.0,0.646995233951,0.241884886571,0.303665690362,1.0,-0.0363971428571,-0.047836244898,1.171
0.453329153121,0.467430657191,-0.124299709238,-1.48111895195,0.0717993081531,1.93997680844,0.141786764087,-0.031869980898,-0.191260980147,-5.56454523762e-05,-0.286230760866,-0.0224598067509,0.106594265563,-0.0444995090148,0.573829077513,0.81895899605,0.00266448684256,0.0,0.818923950794,-0.573766543143,-0.0116732038169,0.0,-0.00803123649986,0.00888060684902,-0.999928314462,0.0,0.646409405836,0.241102276501,0.303756751931,1.0,-0.0380388571429,-0.0499939265306,1.188
0.452773910505,0.464163277278,-0.124310299749,-1.48617339064,0.071453807564,1.94170917689,0.141013252388,-0.0342102611466,-0.191796272495,-0.000204866115381,-0.302103705444,-0.0245028564299,0.105784303951,-0.0521540505643,0.573800671038,0.818979081894,0.00260772649697,0.0,0.818943260796,-0.573738298074,-0.0117067425408,0.0,-0.00809158048384,0.00885308721565,-0.999928071999,0.0,0.645733849882,0.240245865329,0.303754721037,1.0,-0.0396805714286,-0.0521516081633,1.205
0.452117103901,0.460403139617,-0.124314744143,-1.49208498665,0.0710517267607,1.9437664644,0.140152043499,-0.0314507769746,-0.198457123454,-0.000944084956315,-0.31713652272,-0.0260745442752,0.112294271737,-0.0400315969871,0.573801758838,0.818978608256,0.00251548699307,0.0,0.81894151537,-0.573739640732,-0.0117629059544,0.0,-0.00819049143621,0.00880978247127,-0.999927649174,0.0,0.644942529623,0.239246599818,0.303709645803,1.0,-0.0415154285714,-0.0545631346939,1.224
0.451601270907,0.457548621237,-0.124312488141,-1.49653360456,0.0707538883593,1.94534172653,0.139470973558,-0.0388137431854,-0.20124576302,0.000832432283933,-0.315018233856,-0.0236488335591,0.113155627139,-0.0522228014067,0.573788895781,0.818987685751,0.00249410667463,0.0,0.818950237605,-0.573726775522,-0.0117831353146,0.0,-0.00821946519214,0.0088037509543,-0.99992746455,0.0,0.644352728782,0.238487513186,0.303692796722,1.0,-0.0428674285714,-0.0563400489796,1.238
0.450889221674,0.453787980084,-0.12434646798,-1.50251323858,0.0703492761658,1.94740762338,0.138533904475,-0.0379629680956,-0.213636480955,-0.00149740452816,-0.327901635306,-0.0222712025044,0.112674819866,-0.0575042893147,0.573792557437,0.818985551979,0.00234810135719,0.0,0.81894616942,-0.573730955905,-0.0118620710319,0.0,-0.00836784746248,0.00872950475582,-0.999926884765,0.0,0.64355478411,0.237429356913,0.303611666214,1.0,-0.0446057142857,-0.0586246530612,1.256
0.450210973478,0.44996312269,-0.124400188416,-1.50820317338,0.0699682442375,1.94955540721,0.137637868582,-0.0414266104855,-0.228115102986,-0.00753720357713,-0.330875156286,-0.027743148269,0.129783165716,-0.0524193762745,0.573808197035,0.818973935033,0.00256781104254,0.0,0.818937788637,-0.573746176378,-0.0117034326343,0.0,-0.00811169068579,0.0088185728607,-0.999928214047,0.0,0.642837227465,0.236425853504,0.303715811783,1.0,-0.0462474285714,-0.0607823346939,1.273
0.449570203975,0.446484309577,-0.124429609491,-1.5134659446,0.0696113517526,1.95129086266,0.13687377164,-0.0463822716706,-0.2359474104,-0.000631129104408,-0.359539368671,-0.0244124782347,0.111491738711,-0.0518233516166,0.573866680536,0.81893310159,0.00252091089657,0.0,0.818896228837,-0.573804695396,-0.0117424375572,0.0,-0.00816991759605,0.00880312757627,-0.999927876095,0.0,0.64211529166,0.235484489009,0.303746489486,1.0,-0.047696,-0.0626861714286,1.288
0.448791894971,0.442289304973,-0.124431995676,-1.51995662773,0.0691598652403,1.95354231716,0.13586073815,-0.0410708051705,-0.237747488482,0.000656633117486,-0.365186131853,-0.0246554224705,0.125118640778,-0.0611044590471,0.573840635914,0.818951504989,0.00247061769111,0.0,0.818913915965,-0.573778772438,-0.0117756290025,0.0,-0.00822623948844,0.00878072669958,-0.999927611291,0.0,0.641228229996,0.234356624305,0.303724116453,1.0,-0.0494342857143,-0.0649707755102,1.306
0.448014761968,0.438249959438,-0.124435580069,-1.52622397165,0.0687405135021,1.95575610954,0.134828723136,-0.0484643754919,-0.236163719604,0.00222220233146,-0.376555887458,-0.0247741247717,0.13023001828,-0.0544175127656,0.573795647976,0.818983075829,0.00245413359466,0.0,0.81894512069,-0.573733690217,-0.0118020722641,0.0,-0.00825783730944,0.00878194751483,-0.999927340121,0.0,0.640377697453,0.23325676093,0.303694405811,1.0,-0.051076,-0.0671284571429,1.323
0.447234789209,0.434265084047,-0.124457867217,-1.53217391299,0.0683325874916,1.95792286159,0.133867343198,-0.0505392627697,-0.250374928731,-0.00186211397392,-0.375572934777,-0.0312569260492,0.138461766206,-0.0580022452514,0.573810769456,0.818971992807,0.00261204042501,0.0,0.818936256042,-0.573748410823,-0.0117011332821,0.0,-0.00808440204906,0.00885350135572,-0.999928126396,0.0,0.639595141236,0.232180260478,0.303770418993,1.0,-0.0526211428571,-0.0691592163265,1.339
0.446323005529,0.429715545389,-0.124482432582,-1.53918619813,0.0678163204408,1.96033989357,0.132763409602,-0.0530241705562,-0.253968569748,-0.00313868484588,-0.404269325793,-0.0287830692177,0.125922837827,-0.0557039880736,0.573829824992,0.818958860101,0.00254250128752,0.0,0.818922414892,-0.57376792496,-0.011712966151,0.0,-0.00813378832011,0.00880353010605,-0.999928167093,0.0,0.638632881105,0.230903160353,0.303743865266,1.0,-0.0543594285714,-0.0714438204082,1.357
0.445548343043,0.425817662988,-0.124543998041,-1.5452458597,0.0673698683708,1.96230358319,0.1317714634,-0.0532708730318,-0.256222234721,-0.00687618027847,-0.402673579204,-0.033056970043,0.136153242575,-0.0662642157303,0.573830411194,0.818959033742,0.00234673036235,0.0,0.818920140366,-0.573769339588,-0.0118023536988,0.0,-0.00831932242355,0.00869450162985,-0.999927594637,0.0,0.637773716796,0.229777438896,0.30368452431,1.0,-0.055808,-0.0733476571429,1.372
0.444676035291,0.421532534329,-0.12457269263,-1.55174309649,0.0669167757707,1.96451976679,0.130696925351,-0.0587877745248,-0.265433391705,-0.00157561524626,-0.405688911101,-0.0276386780195,0.141397394446,-0.0672737104265,0.573833885159,0.818956619742,0.00233968497661,0.0,0.818917578074,-0.573772780883,-0.0118128379243,0.0,-0.00833191467576,0.00869478323686,-0.999927487342,0.0,0.636870489853,0.22857980993,0.30369669383,1.0,-0.0573531428571,-0.0753784163265,1.388
0.443712478152,0.416844455007,-0.124584945652,-1.55866397046,0.0664479334684,1.96706187719,0.129592372729,-0.0561787060544,-0.278764503299,-0.000240193880973,-0.404007659828,-0.0294912932675,0.157669311702,-0.0687029861809,0.573886581217,0.818918923873,0.00259517299053,0.0,0.818883289435,-0.573824624337,-0.0116707193628,0.0,-0.00806835411581,0.00882298290034,-0.999928525763,0.0,0.635942984787,0.227310004268,0.303803057588,1.0,-0.0589948571429,-0.0775360979592,1.405
