position_joint1,position_joint2,position_joint3,position_joint4,position_joint5,position_joint6,position_joint7,velocity_joint1,velocity_joint2,velocity_joint3,velocity_joint4,velocity_joint5,velocity_joint6,velocity_joint7,ee_T_00,ee_T_10,ee_T_20,ee_T_30,ee_T_01,ee_T_11,ee_T_21,ee_T_31,ee_T_02,ee_T_12,ee_T_22,ee_T_32,ee_T_03,ee_T_13,ee_T_23,ee_T_33,v_x,v_y,w_z,time
0.4651088770364012,0.5472895787659212,-0.12399707722638355,-1.3555628809343305,0.07942439466739387,1.894169451034159,0.15914135415355365,0.003705926852543911,-0.00019249018824153336,-0.001807355757828924,-0.00010779245938147587,-0.0001016572731838047,0.00011988570876950097,0.002845619391182841,0.573732921950523,0.8190265328139567,0.002611458992999316,0.0,0.8189930374355339,-0.5736730503562156,-0.011418530042064279,0.0,-0.007854106639680947,0.008690120649979538,-0.9999313950526714,0.0,0.6617627578341752,0.26093986794670126,0.30369738475844843,1.0,5e-324,6.9325602490835e-310,6.9323480495045e-310,0.0
0.46510637116867354,0.5472871989833229,-0.12399779819797967,-1.3555628810433467,0.0794238223443149,1.894169193301059,0.15914369385254434,0.0007029364515367354,-0.0003932967993344956,0.00026192904849155923,-0.0012686880522810966,-0.0002827944109449819,0.0002559056501615355,0.0010788093360681883,0.5737372356849695,0.8190235066475299,0.002612823867284479,0.0,0.8189900371320598,-0.5736773683414035,-0.011416787311554683,0.0,-0.00785185043088732,0.008690280023441285,-0.9999314113867637,0.0,0.6617636203081457,0.2609377133556885,0.30369907115716965,1.0,-0.0002400000000000001,-0.0003154285714285716,-0.00012000000000000004,0.013000000000000005
0.4651034290938231,0.5472830008594879,-0.12399780934290466,-1.355571581001503,0.07942443415853707,1.8941680605368552,0.15914054018895532,-0.0003518679851417205,0.0002723226690342971,-0.0012159469712174683,-0.002540895530324839,-7.488411809361529e-06,-0.00018439542969483122,0.0009351109098525274,0.573737694984447,0.8190231976971714,0.0026088098899604466,0.0,0.8189896616393149,-0.5736778240861451,-0.011420822252131594,0.0,-0.007857453260468716,0.008689311859004803,-0.999931375789197,0.0,0.6617622472746975,0.26093480374177147,0.3036978059358937,1.0,-0.0005600000000000004,-0.0007360000000000007,-0.0002800000000000002,0.02900000000000002
0.46509748841731763,0.5472553047984713,-0.12400083707497382,-1.3555951523755596,0.07942514623536004,1.894169061331696,0.15914368943861296,0.00028611068829369196,-0.003146829177252634,-0.0011953543206632829,-0.0018661609133978523,0.00025696671214412315,0.00022436615939858942,-5.204839464624522e-06,0.5737486855868484,0.8190154813188858,0.002614201324672807,0.0,0.8189820029008298,-0.5736887829259573,-0.011419552122892428,0.0,-0.007853203200598846,0.008693104226561069,-0.999931376214586,0.0,0.6617599781240424,0.26092686791362213,0.3037063935500194,1.0,-0.0008800000000000007,-0.0011565714285714298,-0.00044000000000000034,0.04500000000000003
0.4651002737763357,0.5471679131746727,-0.12399374247602002,-1.3556991597274743,0.07942433035534587,1.8941873103926605,0.15913591983353872,-0.0007534066796536824,-0.007552541354899361,0.005839678550306398,-0.011504824739782642,0.00036459904932205437,0.0013972428410577462,-0.0005242833663759234,0.5737405152100507,0.8190211810171064,0.002621669898766244,0.0,0.8189876956284347,-0.5736804752130125,-0.011428633768169258,0.0,-0.007856443553726056,0.008704353201157464,-0.9999312529019366,0.0,0.6617397705082853,0.2609227221421299,0.3037201376857498,1.0,-0.001200000000000001,-0.0015771428571428588,-0.0006000000000000005,0.06100000000000005
0.4650931789676392,0.5470326422433174,-0.12399563591900954,-1.3558758891301241,0.07941953895752402,1.8942188802773108,0.15914245009802253,-0.0004465923600543726,-0.00690796719129444,0.0003763395077841904,-0.012413381875854593,5.550872175235028e-05,0.005258856264684922,0.0006811696065319296,0.5737672509890328,0.819002475541051,0.002614125346422627,0.0,0.8189688187276218,-0.5737071499990296,-0.011442329006050894,0.0,-0.00787170493438727,0.008706288428710726,-0.9999311160291104,0.0,0.6617094077516945,0.260895300045835,0.3037356816399757,1.0,-0.001560000000000001,-0.002050285714285716,-0.0007800000000000005,0.07900000000000006
0.46507600182330366,0.5468592601587811,-0.12399313037736162,-1.3561079565576113,0.07941341636672726,1.8943217716813046,0.15913531459182187,-0.0011062203782428504,-0.011278862265619999,0.0006717013247188845,-0.012994739842263495,0.0006953235612932352,0.013673114919721618,0.0004367667642824153,0.5737792544734486,0.8189939189023803,0.002659856767401476,0.0,0.8189607918370763,-0.5737189383737089,-0.011425764138193881,0.0,-0.007831771933052678,0.00873435299676778,-0.9999311848452955,0.0,0.6616878161475449,0.26086990232726437,0.30375581156119746,1.0,-0.0019200000000000016,-0.002523428571428574,-0.0009600000000000008,0.09700000000000007
0.46504523421681543,0.5466883489406779,-0.12399563636084665,-1.356305160331841,0.07941005420851849,1.8944250829454037,0.15913639683533146,-0.0015395899038368821,-0.01156422169927639,-0.000561777491909898,-0.02018048635780755,0.00017409911514772123,0.008452697483034304,-0.0013200571750538715,0.5738173233608836,0.8189670189079535,0.0027291488012077475,0.0,0.818934767721168,-0.5737567646137486,-0.011391583676037615,0.0,-0.007763613211086762,0.008771851778747883,-0.9999313881093445,0.0,0.6616764956017006,0.2608334043698856,0.30379205206182425,1.0,-0.002220000000000002,-0.0029177142857142887,-0.001110000000000001,0.11200000000000009
0.46502111721052636,0.5464737235549265,-0.12399043714193,-1.3565768504635867,0.07940167889904898,1.8945477655695142,0.1591261502059061,-0.00025989959556280617,-0.011589995503612739,0.0016484343678051423,-0.019222118332219824,-0.0006043301730517885,0.007478465922243016,-0.00014968697460384305,0.5738380743702196,0.8189522721873668,0.00279055253233409,0.0,0.818920752842603,-0.5737772563258816,-0.011366951572687904,0.0,-0.007707983645231176,0.008808200567712296,-0.9999314989492449,0.0,0.6616498789540182,0.26079800029113137,0.3038252051834783,1.0,-0.002560000000000002,-0.0033645714285714316,-0.001280000000000001,0.1290000000000001
0.46497467527373226,0.5462305378271677,-0.12399815481542235,-1.3569224264304154,0.07938445960957818,1.8946846866605518,0.15911650295406446,-0.0032465507193233877,-0.017390540118217175,-0.0012590146239577988,-0.02277251587545928,-2.118344541183466e-05,0.004447970278574562,-0.0009314126469436501,0.5738883768499877,0.8189169231033815,0.0028197291687961307,0.0,0.8188857998221509,-0.5738274872969342,-0.011349386473789493,0.0,-0.007676314339277068,0.008822487017571823,-0.9999316166223516,0.0,0.6616191813931245,0.260731485568027,0.3038450443158212,1.0,-0.002900000000000002,-0.0038114285714285745,-0.001450000000000001,0.1460000000000001
0.46494027810642563,0.545963349042126,-0.12399609669798639,-1.3573414976472618,0.07936027212140306,1.8948327661011928,0.15910277514560067,-0.0013237513309633238,-0.014670359099901463,-0.0022816165395928177,-0.027103698786672462,-0.00028413565704754363,0.011806057133347862,-0.004759104329872275,0.5739208519747242,0.8188941726897093,0.002817180266095767,0.0,0.818862990481947,-0.5738599361184221,-0.011354445751840959,0.0,-0.007681570466803234,0.00882360771881037,-0.9999315663694132,0.0,0.6615694686017988,0.2606698189897006,0.30384750806991323,1.0,-0.0032400000000000024,-0.004258285714285718,-0.0016200000000000012,0.16300000000000012
0.46490187455195375,0.5456733683808566,-0.1239945746204628,-1.357778501946871,0.07932797826080236,1.8949874864940408,0.1590829142305387,-0.0018837439118308474,-0.02021296845992055,0.0018428182412092594,-0.029059613233351364,-0.00492201840412948,0.008519210439180804,-0.0007949575142903029,0.5739507716045913,0.8188731903731455,0.002820773618861976,0.0,0.8188420883699266,-0.5738898801976245,-0.011348419358741677,0.0,-0.007674250684898298,0.008823372085584452,-0.9999316246531382,0.0,0.6615191525246953,0.2606025011581135,0.30385813765089886,1.0,-0.003560000000000003,-0.004678857142857147,-0.0017800000000000014,0.17900000000000013
0.4648537251681962,0.5453309531327714,-0.12400947551557578,-1.3583435003942144,0.07927606175831146,1.8951702586993695,0.15903093846835878,-0.006415866670020114,-0.013430071173332425,-0.002637535802822143,-0.035404733514435544,-0.0036502191160177303,0.010169483553823433,-0.00814728334127491,0.5739757435268162,0.818855848834968,0.0027733684953546427,0.0,0.8188243145810641,-0.5739151965163614,-0.011350592920433434,0.0,-0.007702969381648328,0.008786035726679367,-0.9999317325892377,0.0,0.6614538075890644,0.26050345101682115,0.3038478773963225,1.0,-0.003920000000000003,-0.0051520000000000055,-0.0019600000000000017,0.19700000000000015
0.4648042617459433,0.5449656525983236,-0.12400546266168153,-1.3589461730264558,0.0792532904306685,1.8953700894802197,0.15893496661315373,0.00108158738204799,-0.023005793728684026,-0.00027173266854256837,-0.037935415725477054,0.00048387365997971715,0.010122493942770365,-5.005885368303525e-05,0.5739623699755783,0.8188653011053796,0.0027501634173060117,0.0,0.8188333032512851,-0.5739017083852301,-0.011384089788454784,0.0,-0.007743861722237955,0.00878613371077018,-0.9999314158781307,0.0,0.6613781263273718,0.2604161936121592,0.3038367698575098,1.0,-0.004260000000000003,-0.0055988571428571485,-0.0021300000000000017,0.21400000000000016
0.4647443422144972,0.5445848762928437,-0.12401346492223597,-1.3595887955211312,0.07922466592697423,1.8955880665563154,0.1589271980718328,-0.0010650418641831865,-0.02663093856429713,-0.0015877495540651053,-0.04161116679361661,-0.0063456453074813065,0.006624515844824964,-0.0009353048685530982,0.5740388839105958,0.818811781977448,0.0027152080587026168,0.0,0.8187792629142366,-0.5739782420306226,-0.011412414217138286,0.0,-0.007786298783897916,0.008774494509104433,-0.9999311885311696,0.0,0.6613030377709926,0.2603108125173762,0.3038195322271206,1.0,-0.004580000000000003,-0.006019428571428577,-0.0022900000000000017,0.23000000000000018
0.4646757505123438,0.54411419869138,-0.12401182663067034,-1.360405246442803,0.07918140624367911,1.8958471220975568,0.15888657200037154,-0.002495473294107575,-0.020256058736316584,0.00031663525541207057,-0.044166012402694806,-0.0013258828101595736,0.013919888956432057,-0.011798959480172011,0.5740945236734163,0.8187730044300676,0.0026442401483261152,0.0,0.8187394551187868,-0.5740339732977688,-0.011465122457995174,0.0,-0.007869600596591919,0.008747176164870751,-0.9999307757517972,0.0,0.6611993368629963,0.2601862491239163,0.3037863589466528,1.0,-0.004960000000000004,-0.00651885714285715,-0.002480000000000002,0.2490000000000002
0.46461660971347624,0.543702661347608,-0.12401730665617659,-1.3610653821011622,0.07914796802443684,1.896081367370834,0.15883213736199742,-0.008074974314490843,-0.023931263065763757,-0.0011625163203288858,-0.04366150525994571,-0.004341367934635273,0.02040174989378964,-0.0004373588890355408,0.5741300718351802,0.8187481123648204,0.002633631481985469,0.0,0.8187143829117508,-0.5740695036540389,-0.011476545170256671,0.0,-0.007884663981160778,0.008745390052468494,-0.9999306727102305,0.0,0.6611235914216539,0.26008150266754115,0.30378380446819975,1.0,-0.005260000000000003,-0.0069131428571428625,-0.0026300000000000017,0.2640000000000002
0.46455397510410545,0.5432297540648082,-0.12401740695291023,-1.3618263949879414,0.07910744925754162,1.8963568198968648,0.15879107987115745,-0.0028313764247934357,-0.028619473976766056,0.001171723205334909,-0.0472524374912649,-0.0007838849927573038,0.021951690228304555,-0.0022633341092999316,0.5741782646852639,0.8187143635408369,0.002618815791493972,0.0,0.8186803634865624,-0.5741176513521151,-0.011494857487142879,0.0,-0.007907648806786238,0.008744238742549149,-0.9999305012745445,0.0,0.661025846262241,0.25996298962262604,0.30377734314148197,1.0,-0.005600000000000004,-0.007360000000000007,-0.002800000000000002,0.2810000000000002
0.4644868211523598,0.5427280996234874,-0.12402541932363786,-1.362690213394616,0.07906147244788109,1.896645953606997,0.15871511689948403,-0.006649068262392464,-0.03250006890285028,-0.004409948724927518,-0.049634821414382295,-0.0030871376769593317,0.019073220413600787,-0.006476554811267656,0.5742135467136397,0.8186897955328425,0.0025628816093105095,0.0,0.8186550367922786,-0.5741530756902384,-0.011529237237583354,0.0,-0.00796753591782734,0.008718528001940964,-0.9999302503879344,0.0,0.6609283339269265,0.2598352488487519,0.3037489844400552,1.0,-0.005920000000000004,-0.007780571428571435,-0.002960000000000002,0.2970000000000002
0.46440881245686677,0.5421671669130151,-0.12401844778763928,-1.3635865744940059,0.07899902017797157,1.8969656241451622,0.15866755605863778,-0.005772413371768995,-0.035985659328800254,0.005767845875611502,-0.05399022491931007,-0.006277446809035904,0.022628722536277596,-0.007430252252220073,0.5742667268162052,0.8186525476629762,0.002545501508299427,0.0,0.8186175843299053,-0.574206329783574,-0.011536393004596515,0.0,-0.007982808139308795,0.008708926619471757,-0.9999302122505089,0.0,0.6608225306191462,0.25970028596631445,0.30374647565777896,1.0,-0.006260000000000004,-0.008227428571428578,-0.003130000000000002,0.3140000000000002
0.46432991992791384,0.5415655586424518,-0.12402957670893502,-1.364527783367296,0.07894903478309802,1.89730347295692,0.1585833483151787,0.0004905069413082396,-0.03519679413153327,-0.001405824456877685,-0.058527881297892694,-0.004490028594988926,0.016746519255401104,-0.004331685357715606,0.5743005533226887,0.818628830367491,0.002541543943285246,0.0,0.818593808679135,-0.5742401576698205,-0.011539697254943276,0.0,-0.007987426054595181,0.008707914309483936,-0.9999301841895768,0.0,0.6607189647415187,0.2595633711198578,0.3037530391451557,1.0,-0.006580000000000005,-0.008648000000000008,-0.0032900000000000026,0.33000000000000024
0.4642330606257886,0.5409398295938135,-0.12402793446946873,-1.3655060449443797,0.07888854774706508,1.8976509114018139,0.15852210764250238,-0.007685531039432985,-0.038865647334677775,0.0007052269845518595,-0.05537589046839168,-0.0037696162927022027,0.019066343834888623,-0.0014243680965234946,0.5743750939034704,0.8185765391028166,0.00253929813979719,0.0,0.8185414560686746,-0.5743146614602954,-0.011545615181907073,0.0,-0.007992767451455385,0.008710202299408623,-0.9999301215806885,0.0,0.6606028740271942,0.25939555976724077,0.3037602674474497,1.0,-0.006940000000000005,-0.009121142857142866,-0.0034700000000000026,0.34800000000000025
0.46415041312088273,0.5403076090858813,-0.12403292073317494,-1.3664721607884909,0.07882804182479927,1.8980163276593067,0.15844175206695219,-0.005354452031053254,-0.04235995051205652,-0.0007751311394958401,-0.062223634895571714,-2.1520671966107402e-05,0.021612099653522728,-0.0024765556473363252,0.5744178672322564,0.8185464510257227,0.0025628536338313046,0.0,0.8185117207121275,-0.5743574026223871,-0.011527532734527328,0.0,-0.007963980383802638,0.008719514383249666,-0.9999302701115547,0.0,0.6604953511267999,0.2592467013339696,0.3037790897227439,1.0,-0.007260000000000005,-0.009541714285714294,-0.0036300000000000026,0.36400000000000027
0.4640470421495756,0.5395961728780463,-0.12403648106131279,-1.3675545285896016,0.07876949514424901,1.8984208115295087,0.15839070024987847,-0.0016254312168603865,-0.04272823043180888,-0.00250028786255494,-0.06711009742225217,-0.009003691079147667,0.023470491538290443,-0.007979455279728006,0.5745074409053259,0.8184834894988038,0.0025931956122672833,0.0,0.8184491159879679,-0.5744468249480299,-0.011516802805036386,0.0,-0.007936812770040047,0.00873905581728178,-0.999930315525275,0.0,0.6603756120292003,0.2590751984211629,0.3038018133355004,1.0,-0.007600000000000006,-0.009988571428571439,-0.003800000000000003,0.3810000000000003
0.4639471756327622,0.538857373300045,-0.12404320769016004,-1.3687224123061854,0.07869610859045288,1.8988584039396668,0.15826371213846135,-0.006531971298737767,-0.0404977872647187,0.0012931464802493592,-0.06574837385250133,-0.0019790369320664266,0.029934871801683974,0.00043442564017231273,0.5745349584110585,0.8184641649614388,0.00259598512825044,0.0,0.8184298801013367,-0.5744743877284493,-0.011508957491595159,0.0,-0.007928494963928112,0.00873709842726629,-0.9999303986171632,0.0,0.6602438612397855,0.2588942428463731,0.30380600643727096,1.0,-0.007940000000000006,-0.010435428571428582,-0.003970000000000003,0.3980000000000003
0.4638439887576797,0.5381041870514838,-0.12405131030448696,-1.3698804622146956,0.07863784378170141,1.89931280558702,0.15821586038351576,-0.00846361166039183,-0.042308654732730225,-0.001492255504669101,-0.06568759798282588,-0.0031714359047881773,0.028527417968661765,-0.002601908187410594,0.574634425398914,0.8183941917648783,0.002640252484123951,0.0,0.8183604507878612,-0.5745736655815405,-0.011490096069619846,0.0,-0.007886560179055702,0.00876345168944688,-0.9999304996263634,0.0,0.6601182103267172,0.25871524274056334,0.3038264524568862,1.0,-0.008280000000000006,-0.010882285714285725,-0.004140000000000003,0.4150000000000003
0.4637387910297086,0.5373097801214581,-0.12405876775001994,-1.3711315594886484,0.07856399140079506,1.899786836438317,0.15811365008124298,-0.009439345284973423,-0.051121280764843485,0.0009660991750095511,-0.07467548302204745,-0.0020306273586218966,0.033258520512117695,-0.0016328246634187327,0.5746914010767066,0.8183541443652372,0.002652325383665161,0.0,0.8183205857490501,-0.574630624228719,-0.011480920653527838,0.0,-0.007871503157897752,0.00876860766045387,-0.9999305730688167,0.0,0.6599770096423672,0.2585236133603923,0.3038332445600726,1.0,-0.008620000000000006,-0.011329142857142867,-0.004310000000000003,0.43200000000000033
0.46363902820883635,0.5364906063251054,-0.12406732590149616,-1.3724165103727313,0.07848401830555543,1.9002578871891929,0.15799472819051535,-0.0048286570681575856,-0.04635662453525255,-0.0009259593262651871,-0.07042983133604926,-0.0009451451182397235,0.02655192773747567,-0.0015556713017917299,0.574731029765069,0.8183263130248076,0.002652496487492383,0.0,0.8182928001518825,-0.5746702959621871,-0.01147567250891416,0.0,-0.007866685290263187,0.008766112631270598,-0.9999306328600399,0.0,0.659826926827885,0.2583300625929953,0.3038410279650833,1.0,-0.008960000000000008,-0.011776000000000012,-0.004480000000000004,0.44900000000000034
0.46352070309942195,0.5356434014816405,-0.1240790617515427,-1.3737682972644227,0.07840626103841507,1.900754422803525,0.15791598785655797,-0.003379940803724942,-0.0475353171526293,0.0001009848437718869,-0.08462116796053094,-0.0006561848940476313,0.027753800108533844,-0.010505476701519021,0.5748251571311128,0.8182602276905001,0.002642992676993255,0.0,0.8182266017389673,-0.5747644533276332,-0.011480344023442397,0.0,-0.00787496229087331,0.008761926167941775,-0.9999306044014981,0.0,0.6596722674010216,0.258116953750838,0.30383895637968406,1.0,-0.009300000000000008,-0.012222857142857155,-0.004650000000000004,0.46600000000000036
0.46340907836157336,0.5347867448915324,-0.12407552860500427,-1.3750829952758008,0.07833421768227608,1.9012361020058186,0.15781065457311064,-0.005087486186580526,-0.05702865296062124,0.00037642794091710376,-0.08481371198345974,-0.004511399267180118,0.02482329793054754,-0.009990677199828178,0.574880595593821,0.8182212000959228,0.0026674753025938153,0.0,0.8181877995274074,-0.5748197041522909,-0.011479517584812277,0.0,-0.007859618612510444,0.008782016735445375,-0.9999305488769329,0.0,0.6595176432058625,0.25792158561861694,0.303859258327874,1.0,-0.009620000000000007,-0.012643428571428583,-0.0048100000000000035,0.4820000000000004
0.4632935158363191,0.5339039893907103,-0.124084018688735,-1.3765277640431963,0.0782495452703554,1.9017616394394232,0.1577242235326588,-0.003314257412544726,-0.0488103874822136,0.00015223031566396792,-0.08013001749680576,-0.007403855737632704,0.03354039248369251,-0.002457976059194963,0.574966887574496,0.8181606752780859,0.002633348175103303,0.0,0.818126827680832,-0.5749060898613889,-0.011499068240286053,0.0,-0.007894309523870047,0.00876616504064194,-0.9999304146927533,0.0,0.6593463858995507,0.25770250066766276,0.303840089211567,1.0,-0.009960000000000009,-0.013090285714285728,-0.004980000000000004,0.4990000000000004
0.4631629337125734,0.5329820081204597,-0.12407968513246155,-1.378009215025115,0.07817275578944159,1.9023115531547463,0.15759630606647407,-0.007117738398586594,-0.052166451235039976,0.00047316000178167423,-0.08089314074312354,0.0013048997320746604,0.03516402258210337,-0.011956214205387694,0.5750265255903169,0.818118767861991,0.0026312431880015546,0.0,0.8180847555429429,-0.5749655747772424,-0.011518136590914382,0.0,-0.007910481765143917,0.00877598297024558,-0.999930200764608,0.0,0.6591726247166586,0.25748006033190823,0.3038326576406893,1.0,-0.010300000000000007,-0.013537142857142869,-0.0051500000000000035,0.5160000000000003
0.4630407722594109,0.5320357814395246,-0.12408540835145367,-1.379533756613381,0.07808443394013743,1.9028955711126891,0.15750248110818504,-0.009210307070304633,-0.04978361842600609,0.00011817730622326786,-0.08638625748643797,-0.007437957172589727,0.029917269176446288,-0.004812708002983127,0.5751134483385415,0.8180576588911713,0.0026334712559479504,0.0,0.8180236829333319,-0.5750524877542876,-0.011516830683856462,0.0,-0.007907199588014224,0.008777895065894256,-0.9999302099411176,0.0,0.6589966533355275,0.25725300025588144,0.3038248914468846,1.0,-0.010640000000000007,-0.013984000000000012,-0.0053200000000000035,0.5330000000000004
0.4629220299551553,0.5311019510217864,-0.12407956241648407,-1.3810252206920441,0.07798591350572366,1.9034374391677633,0.15739498185003456,-0.010755572876712555,-0.060859802106604174,0.0010826872193842594,-0.09626421801984039,-0.0025118694941317723,0.0318510682553324,-0.010505847974063254,0.5751732824319569,0.8180156493718752,0.0026152361969704442,0.0,0.8179814543451684,-0.5751123932632433,-0.011524858506552743,0.0,-0.007923612421061044,0.008768174219156294,-0.9999301653050893,0.0,0.6588162926861576,0.25703421295193085,0.30381986965211805,1.0,-0.010960000000000008,-0.014404571428571442,-0.005480000000000004,0.5490000000000004
0.4627822631357992,0.5300789862526989,-0.1240848812878773,-1.3826545874510596,0.07789252754639912,1.904015604697053,0.15726715567553534,-0.008285226991235161,-0.0637064646065748,-0.00039447347576143546,-0.0941640451462958,-0.004258938575706559,0.034260005726624396,-0.013123522833771833,0.5752502010219871,0.8179616346386931,0.002591791768108416,0.0,0.8179270708009894,-0.5751893081009876,-0.011546150805756685,0.0,-0.007953690606212427,0.008761990916533471,-0.9999299807091093,0.0,0.6586205965964568,0.256783200432611,0.30381533265073196,1.0,-0.011300000000000008,-0.014851428571428585,-0.005650000000000004,0.5660000000000004
0.46264406875480885,0.5290447571059332,-0.12409299178810493,-1.3843109428053217,0.07777775904160676,1.9046090696765534,0.1571431203643309,-0.007431446012747816,-0.06307058864683981,-0.002203764485833971,-0.09871425010139864,-0.011728200877481396,0.039944833741927956,-0.013843527390127293,0.5753263514800608,0.8179081945706879,0.002553712585189924,0.0,0.817873216434966,-0.5752656634978184,-0.011557038545686744,0.0,-0.007983687077500468,0.008737850176996811,-0.9999299529041685,0.0,0.6584337897619874,0.2565410562398799,0.3038031684589909,1.0,-0.011620000000000009,-0.015272000000000015,-0.005810000000000004,0.5820000000000004
0.46250106285803777,0.5279691453585511,-0.12408864929827577,-1.386014816370415,0.07767646877306601,1.9052550601749227,0.1570377750313339,-0.006847921443141704,-0.061924296966948934,0.0009473165842377822,-0.10458413246490454,-0.006566995596730742,0.04463298764990882,-0.011339129675873428,0.5754192920221466,0.8178427594747881,0.0025702226758933765,0.0,0.8178080056077741,-0.5753585484726407,-0.011547881385745317,0.0,-0.007965704955056496,0.008746990818559841,-0.9999300163992423,0.0,0.6582228066799858,0.25627385558743937,0.30380919339539,1.0,-0.011980000000000008,-0.01574514285714287,-0.005990000000000004,0.6000000000000004
0.46235965797615997,0.5269069903115733,-0.1240965629995918,-1.3876516391053189,0.07758467968246167,1.9058853437533525,0.1569186500103835,-0.007006869669900013,-0.07097478878565515,-0.0021355691904382658,-0.10361859798516625,-0.0077994083851632,0.03730636609922966,-0.011897139411299083,0.5755069875783947,0.8177809013157318,0.0026175547518713692,0.0,0.8177467544371644,-0.5754460693839476,-0.011524484338032978,0.0,-0.00791839404941691,0.008773087076792335,-0.9999301635508457,0.0,0.6580363021479209,0.25602373349044666,0.3038325721234351,1.0,-0.012300000000000009,-0.0161657142857143,-0.006150000000000004,0.6160000000000004
0.46219886176254626,0.5256852231765488,-0.12409996546364106,-1.389556866758659,0.07745460361390918,1.9065909692431737,0.15678682327323504,-0.00942927731825903,-0.06620808255015609,-0.0036981526039939544,-0.10363595346562735,-0.0037748536239461798,0.03983876255731937,0.0003399976300728787,0.5756047141256897,0.8177120817619278,0.002628938581582232,0.0,0.8176781691653179,-0.5755438428802849,-0.011508409718805852,0.0,-0.00789764830919698,0.008774089500882723,-0.9999303188245742,0.0,0.657799078126248,0.25572084728083205,0.30384641548954155,1.0,-0.012680000000000009,-0.01666514285714287,-0.0063400000000000045,0.6350000000000005
0.4620519964809396,0.5245945542885673,-0.12410954410963465,-1.3912789401345558,0.07735243077868238,1.9072162211402592,0.15664875507589726,-0.011667225385050467,-0.07070599453347885,-0.0001385784736265346,-0.10654850520982515,-0.0031775068999111496,0.03647752512484899,-0.012249888050356718,0.57569206656709,0.8176506392091882,0.0026122009354596666,0.0,0.8176165387936313,-0.5756312712543803,-0.011514423407035745,0.0,-0.007911263429973892,0.008764709641829488,-0.9999302934584171,0.0,0.6575923672728281,0.2554485970273893,0.3038457636990253,1.0,-0.01300000000000001,-0.0170857142857143,-0.006500000000000005,0.6510000000000005
0.4619010052816415,0.523397676152369,-0.12411060457930446,-1.3931762917589199,0.07723699970163217,1.90789590610004,0.15651752003321892,-0.008144083995839399,-0.0686430495296535,0.0012756199963772795,-0.11328604798639058,-0.004427537170383239,0.04013395706093282,-0.006849964740684486,0.5757672040728109,0.817597774433624,0.002598625900567631,0.0,0.8175634577723608,-0.5757063993117613,-0.011527411157590995,0.0,-0.007928892802810117,0.008761815561229402,-0.9999301791860231,0.0,0.6573724710545594,0.2551844324657552,0.30384579280804624,1.0,-0.01332000000000001,-0.01750628571428573,-0.006660000000000005,0.6670000000000005
0.4617701926060792,0.5224084540052614,-0.12411603860671169,-1.394773264781262,0.0771240973360954,1.908503514238465,0.15639166212182645,-0.011577747436516463,-0.06911671953654973,-0.00033328863821294495,-0.11894083668927752,-0.004956759723137758,0.04700792256342013,-0.011226266896751236,0.5758302460810181,0.8175534174413681,0.0025853876735213183,0.0,0.8175190898379454,-0.5757696543158377,-0.011514765337011562,0.0,-0.007925500575698963,0.008744322290612838,-0.9999303592092313,0.0,0.6571847562686026,0.2549417032454888,0.30383373653014334,1.0,-0.01360000000000001,-0.01787428571428573,-0.006800000000000005,0.6810000000000005
0.4615562111667349,0.520829011955147,-0.12411926463519261,-1.3973239518613023,0.07698301439570922,1.9095037593942439,0.1562116992176221,-0.009232942983858168,-0.07394350265216863,-0.0011197984605443407,-0.1136640037580644,-0.004009863444085663,0.0449553617457013,-0.008048733174601459,0.5759624858829838,0.8174601861347994,0.0026088007132389424,0.0,0.8174261565017943,-0.5759017953742935,-0.011504244980798897,0.0,-0.007902001366829003,0.008758684109260256,-0.9999304194928129,0.0,0.6568593622361452,0.25452572875421814,0.30381698903084786,1.0,-0.014080000000000011,-0.018505142857142876,-0.0070400000000000055,0.7050000000000005
0.4613968441265741,0.5196106280799221,-0.12412520067244051,-1.3992438716475275,0.07685204052916252,1.9102050538338804,0.156064308651006,-0.006953470773759822,-0.07461844091332434,-0.0003499519312873436,-0.11917834052902092,-0.0064163580150077,0.04224077923182441,-0.014058276886991499,0.576033916730962,0.8174098906086975,0.0025970005530986263,0.0,0.8173757543261102,-0.5759733069594573,-0.011505338379112232,0.0,-0.007908926660488758,0.00875035888743353,-0.9999304376297483,0.0,0.656670771565771,0.2542865133972272,0.30381503118028563,1.0,-0.01434000000000001,-0.01884685714285716,-0.007170000000000005,0.7180000000000005
0.4612341859009394,0.5183521524556765,-0.1241285083220478,-1.4011881270948718,0.07672374013014652,1.910899373075906,0.1559209111656063,-0.010347437679123947,-0.07303239666055909,0.00012440636675523745,-0.12215850964179148,-0.0018312708385173789,0.040638801099859664,-0.014580642353506623,0.576126158934968,0.8173448691089288,0.0026001602558889166,0.0,0.8173108362332453,-0.5760655966396028,-0.011496618858602942,0.0,-0.007898991647079467,0.008748810458539258,-0.9999305297101994,0.0,0.6564171209376608,0.25397209364773266,0.3038369678153435,1.0,-0.01468000000000001,-0.019293714285714303,-0.007340000000000005,0.7350000000000005
0.4610549438059087,0.5169971253178829,-0.12413449195659342,-1.4033120063465199,0.07658304870209971,1.911666295498902,0.15576743060442932,-0.01730328336992291,-0.08299289330920562,-0.0002116778476812424,-0.12526630515594928,-0.012817516623598424,0.043668073083056536,-0.010875323010865929,0.5762257171577901,0.8172747176444354,0.0025895340134516826,0.0,0.8172406226950534,-0.5761652606455175,-0.011493647962764694,0.0,-0.007901620484342065,0.008739376189819681,-0.9999305914399932,0.0,0.6561577597707124,0.25364602360863364,0.3038434075245311,1.0,-0.01502000000000001,-0.019740571428571448,-0.007510000000000005,0.7520000000000006
0.4609011091482691,0.5158212562948487,-0.12414688589031574,-1.4051755361984841,0.07645849113293618,1.9123713123002142,0.155614976145326,-0.011580486855655664,-0.08009238685809832,-0.0015654412672378767,-0.12347031283771967,-0.00884940452016689,0.04772489020437679,-0.0025577367329417634,0.5763004454870536,0.8172220149200987,0.0025926362192797234,0.0,0.8171881039331425,-0.5762401288868056,-0.0114744739261145,0.0,-0.007883363452068415,0.008731584021620775,-0.9999308036165082,0.0,0.6559364332242175,0.253359855158483,0.3038425936539537,1.0,-0.015320000000000012,-0.020134857142857163,-0.007660000000000006,0.7670000000000006
0.4607130277355113,0.5144238089833207,-0.1241526573597161,-1.4073746096543096,0.07633545263270235,1.913202617846045,0.15545980129416528,-0.016058890476939636,-0.0840681629574084,-0.0012246321145897902,-0.128421002568623,-0.008292243803217773,0.05089642172711183,-0.009689419228094213,0.576414209896357,0.817141691412214,0.0026194821535442,0.0,0.8171080599466486,-0.5763537176772067,-0.011469847038881691,0.0,-0.007862893317068687,0.00875195130127944,-0.9999307867333143,0.0,0.6556729601212853,0.25302699456046246,0.30384783066631377,1.0,-0.01566000000000001,-0.020581714285714304,-0.007830000000000005,0.7840000000000006
0.46052164771636805,0.5130300587622618,-0.12415047620739234,-1.4096585313346635,0.07620168163671132,1.9140067127374607,0.15527780648903058,-0.010039342510128895,-0.08605226910857525,-0.00040189197898458874,-0.13509052786967898,-0.012144735573867454,0.054278704288019855,-0.014291405027456442,0.5765040144905176,0.8170785625596372,0.002547701513555771,0.0,0.8170438629316941,-0.5764435914024456,-0.011526442552390884,0.0,-0.007949555955424403,0.008726792308274653,-0.9999303214005062,0.0,0.6553825437974612,0.2526830656359628,0.30380707493956693,1.0,-0.01600000000000001,-0.021028571428571445,-0.008000000000000005,0.8010000000000006
0.4603476331077444,0.5117137379816723,-0.12414834571874662,-1.411793041346819,0.07607774879777279,1.9147585420169355,0.1551053650715256,-0.013156110391880102,-0.08176105870890747,-0.0003994738703394834,-0.13532907218732032,-0.01136266930506182,0.04864728296679016,-0.011570841092759661,0.5765819236484644,0.817023753462845,0.0024936921480455737,0.0,0.8169882121814391,-0.5765215172612438,-0.011573598946640552,0.0,-0.00801839245058622,0.008710612740240084,-0.9999299128479948,0.0,0.655109434664011,0.2523653042926388,0.3037782353116202,1.0,-0.01632000000000001,-0.021449142857142875,-0.008160000000000006,0.8170000000000006
0.46014384342890846,0.5102404209928709,-0.12414938449849779,-1.4141211772749331,0.07592457472476198,1.9156442659034891,0.15493745654813212,-0.012088335086653574,-0.08347456654911137,-6.544723221542828e-05,-0.1324152335114972,-0.012876147105699308,0.049956823289063014,0.0007730973879275275,0.576692117636343,0.8169459272455102,0.0025100426873864703,0.0,0.8169106976028634,-0.5766317508631356,-0.011553481714465075,0.0,-0.007991353380884858,0.0087134503196733,-0.9999301045846498,0.0,0.6548300387595472,0.2520096543053606,0.30377838831231385,1.0,-0.01666000000000001,-0.02189600000000002,-0.008330000000000006,0.8340000000000006
0.45994980132748314,0.5087336520694663,-0.12415691013936232,-1.4164957058880217,0.07577343464513425,1.9165212779271827,0.15473116824876776,-0.013956060397825458,-0.09213709840906421,-0.004259908231570434,-0.13714662814695394,-0.008053493487295959,0.05156174056717727,-0.00927322766521346,0.5767700402861448,0.8168909128020536,0.002510798867898201,0.0,0.8168557414550163,-0.5767097142309432,-0.011547729856898142,0.0,-0.007985387229445307,0.008711512809274805,-0.9999301691295097,0.0,0.6545366518018793,0.2516513671345883,0.3037788172122547,1.0,-0.01700000000000001,-0.02234285714285716,-0.008500000000000006,0.8510000000000006
0.4597386115112176,0.5072359657719371,-0.12415648212182565,-1.4188788383043185,0.07562208352737228,1.9173680693735438,0.15455544345568142,-0.013061003296449583,-0.09426165125871998,-0.0002643637078401117,-0.13375951638706746,-0.005894799098466909,0.049722821192536876,-0.015630685501435537,0.5768810527848409,0.8168126342128923,0.002473545887496169,0.0,0.8167769484799285,-0.5768208045281007,-0.011572501742438599,0.0,-0.008025927427785573,0.008696459684244012,-0.9999299755872331,0.0,0.6542364727297528,0.2512834087481791,0.3037654245766054,1.0,-0.017340000000000015,-0.02278971428571431,-0.008670000000000008,0.8680000000000007
0.459530947100971,0.5057698571118167,-0.12416331695407998,-1.4211783768592763,0.07548218331437463,1.918220259671933,0.15436906306075762,-0.011770782051220612,-0.08693296106650775,0.0017439545604642284,-0.14291554659448805,-0.007924205172068943,0.05289067817131447,-0.011893512237138717,0.5769756878455533,0.8167457160157108,0.00249758009735534,0.0,0.8167103415171385,-0.5769153461179872,-0.011560638984507064,0.0,-0.008001364129731126,0.008710174822153943,-0.9999300530670288,0.0,0.653937854023581,0.2509106348077685,0.3037740142155651,1.0,-0.017680000000000015,-0.023236571428571454,-0.008840000000000008,0.8850000000000007
0.45931011011793943,0.504146337117296,-0.12416494060045405,-1.4236358540118599,0.07532652111405534,1.9191809019364299,0.15417439556907955,-0.009449734728005966,-0.0923102926247352,-3.949420165719178e-05,-0.14529456132995308,-0.0045798348052662335,0.05421560968339165,-0.006368601309306757,0.5770913688843242,0.8166637009316058,0.0025881346792581686,0.0,0.8166295803332195,-0.5770308014749463,-0.011503459270119597,0.0,-0.007901176314882574,0.008752262902249175,-0.999930482237106,0.0,0.6536649568941781,0.2505496745690258,0.30381788560002465,1.0,-0.018000000000000013,-0.023657142857142877,-0.009000000000000006,0.9010000000000007
0.459082174814588,0.5024796556472834,-0.1241726693159643,-1.4261247612643386,0.07516799817943168,1.9201245036398404,0.15396899273409453,-0.015374871296032933,-0.09753728797612897,-0.0009193220220546803,-0.14196597443468856,-0.006863644398216096,0.04867894657549859,-0.011013274493242728,0.5771999683932723,0.8165866343121297,0.0026855261685972912,0.0,0.816553857034372,-0.5771391696874744,-0.011442214643663058,0.0,-0.007793787256383522,0.008797492060789974,-0.9999309281213591,0.0,0.6533665853748807,0.2501612451942051,0.30387907598239905,1.0,-0.018340000000000016,-0.024104000000000025,-0.009170000000000008,0.9180000000000007
0.4588464600676939,0.5007740232996722,-0.12417979529915368,-1.428677544017341,0.07500208541515227,1.9210322774113908,0.15377771604219972,-0.018454697463641766,-0.10081881679878425,-0.0006770357612362103,-0.15221721116309875,-0.016756207742545284,0.04771878556212541,-0.01448274308188666,0.5773263966296627,0.8164971009740675,0.0027318046710996394,0.0,0.8164649543818745,-0.5772654755714871,-0.011414722100711087,0.0,-0.00774326006277537,0.008820612979235212,-0.9999311169827002,0.0,0.6530477894956918,0.24975760566140956,0.30393324960175794,1.0,-0.018680000000000016,-0.02455085714285717,-0.009340000000000008,0.9350000000000007
0.4586269726907663,0.49917906562083497,-0.12417504391633588,-1.4311197004879666,0.07484826887747023,1.9219111986223187,0.15357432971947224,-0.015207174456567565,-0.09596022200561194,0.00037267731329810835,-0.15679333037460177,-0.010606062607994175,0.056761875861209454,-0.015078814165600378,0.5774185893631378,0.8164318181502821,0.0027578743475238686,0.0,0.8163999570034834,-0.5773575183240174,-0.011408467936164342,0.0,-0.00772210540475432,0.008839160142457558,-0.999931116795599,0.0,0.6527385153285493,0.24938326101361236,0.30395942896444117,1.0,-0.019000000000000013,-0.024971428571428592,-0.009500000000000007,0.9510000000000007
0.4583532474029014,0.497406213681806,-0.12417487081610472,-1.4339198127624515,0.07467619547941085,1.9229539887133649,0.1533655218119113,-0.017102257008042826,-0.09601439037144312,-0.0011288826950597054,-0.15837061049084378,-0.013314517635596976,0.059096351896269925,-0.010876405267327112,0.5775670228632864,0.816326784992722,0.0027678702090806993,0.0,0.8162950229101743,-0.5775058683692043,-0.011408526303497049,0.0,-0.007714772843493811,0.008848757614106723,-0.9999310885099335,0.0,0.6523946492897857,0.24893896492559076,0.30395309620813504,1.0,-0.019360000000000016,-0.025444571428571455,-0.009680000000000008,0.9690000000000007
0.4581292647444242,0.49602551548492724,-0.12417491467317614,-1.4361285628587197,0.07453894755957106,1.9237408393651176,0.15318907156655198,-0.01814199146728323,-0.09614254339947578,0.000714037570692672,-0.15340970611244048,-0.015029547520121683,0.04827370774252478,-0.017015826720784076,0.5776802076718566,0.8162468180489991,0.0027306757941568246,0.0,0.8162145150650582,-0.5776190844930204,-0.011437024427923399,0.0,-0.007758293716168374,0.008835929984831375,-0.9999308652201495,0.0,0.6521169475456723,0.24858041556337185,0.3039321630239537,1.0,-0.019640000000000015,-0.025812571428571452,-0.009820000000000008,0.9830000000000008
0.4578500089469698,0.4942603147803492,-0.12418559058950299,-1.4390492597609816,0.07435235265813124,1.9247366948146443,0.1529556102247139,-0.017344370847996008,-0.1022208499417297,-0.0015690537811715321,-0.1691345669231962,-0.005169068230990606,0.052674055538778235,-0.011805064843999038,0.5778213987989896,0.8161473423951419,0.0025871784890551894,0.0,0.8161131221011052,-0.5777606470769546,-0.011521871584663747,0.0,-0.00790892722665859,0.008769183103917,-0.9999302727179598,0.0,0.6517363457577634,0.24810673027734698,0.3038582262305581,1.0,-0.01998000000000006,-0.026259428571428656,-0.009990000000000214,1.0010000000000006
0.45757311173029663,0.49249993453328283,-0.12418865210706377,-1.4418354023803548,0.07418133554325375,1.925781619129966,0.15274963519322907,-0.0160248613052623,-0.1047065998984437,0.00018217902080802225,-0.16994607941986928,-0.005551762387231065,0.059949491622276224,-0.008578167593791368,0.5779750289970413,0.8160385134114145,0.0025994973295022875,0.0,0.8160044370116486,-0.5779142005328441,-0.011518789042015082,0.0,-0.007897641119243792,0.008778942807296394,-0.9999302762832707,0.0,0.6513935279173859,0.24766069558481246,0.3038481762562665,1.0,-0.021155428571428502,-0.027804277551020325,-0.015265311086571063,1.0179999999999987
