position_joint1,position_joint2,position_joint3,position_joint4,position_joint5,position_joint6,position_joint7,velocity_joint1,velocity_joint2,velocity_joint3,velocity_joint4,velocity_joint5,velocity_joint6,velocity_joint7,ee_T_00,ee_T_10,ee_T_20,ee_T_30,ee_T_01,ee_T_11,ee_T_21,ee_T_31,ee_T_02,ee_T_12,ee_T_22,ee_T_32,ee_T_03,ee_T_13,ee_T_23,ee_T_33,v_x,v_y,time
0.465089932727,0.547600716434,-0.123990657578,-1.35575798556,0.0794425274343,1.89408208339,0.159169742122,-9.31578632547e-05,0.000577047205438,-0.00121646360584,-0.00195869760063,-4.89559498235e-05,0.000638389990048,0.000538848524321,0.573782800547,0.818993016456,0.00211747372957,0.0,0.818952636317,-0.573724145721,-0.0117444023864,0.0,-0.00840389953143,0.00847300991688,-0.999928788752,0.0,0.661694868414,0.260900739305,0.303376292551,1.0,0.0,0.0,0.0
0.465094623881,0.547595696261,-0.123992779552,-1.35575698752,0.0794418157901,1.89408126958,0.159168113121,0.00120771682114,-0.000973822318092,-0.000230742358733,-0.000709617521384,-0.000307458075017,2.31288291562e-05,-0.000760992753368,0.573778849032,0.818995775324,0.00212115655033,0.0,0.818955459646,-0.573720197285,-0.0117404107497,0.0,-0.00839855814833,0.00847369524968,-0.999928827822,0.0,0.661694371156,0.260902629927,0.303380322251,1.0,-0.00014,-0.000184,0.008
0.465087912867,0.547597729647,-0.123991336726,-1.35575562434,0.0794396889559,1.89408208339,0.159171609023,-0.00250081010213,-0.000448449881944,-5.52445552563e-05,0.000521612611614,1.12505356629e-05,0.000294193815227,6.13455980338e-05,0.573785571667,0.818991067728,0.00212029005266,0.0,0.818950755664,-0.573726937436,-0.0117391634625,0.0,-0.00839796418681,0.00847233887784,-0.999928844304,0.0,0.661696331228,0.26089887002,0.303379549667,1.0,-0.00046,-0.000604571428571,0.024
0.46508328047,0.547579932233,-0.123992056062,-1.35577048561,0.0794425272721,1.89408603303,0.159169541208,-0.00234352386705,-0.00269305511555,-0.000470398072872,0.000248037249113,-7.25023419724e-05,0.000406570971324,0.00101200316157,0.573789732687,0.818988131638,0.00212833263362,0.0,0.818947892513,-0.573731035247,-0.0117386303989,0.0,-0.0083928700819,0.00847866236408,-0.999928833476,0.0,0.661695397276,0.260894587425,0.303385456035,1.0,-0.00082,-0.00107771428571,0.042
0.465090081328,0.547492999707,-0.123988178976,-1.35584750507,0.0794404791088,1.89409706711,0.159163671993,-0.00133479814604,-0.00734048166736,0.00145772087808,-0.00794700572059,8.98250735083e-05,5.50263085487e-05,-0.00110765034639,0.57378022845,0.818994732987,0.00215027431786,0.0,0.818954713817,-0.573721382339,-0.0117345244868,0.0,-0.0083770166783,0.00849417896869,-0.999928834725,0.0,0.661679689129,0.260893749946,0.303411205246,1.0,-0.00114,-0.00149828571429,0.058
0.465084432493,0.547345498224,-0.123986994222,-1.35603025286,0.0794355955628,1.89413890646,0.159165194448,-0.000937691175885,-0.00863597446329,0.000489779728367,-0.0179355839939,-6.03452544585e-05,0.00403371835395,0.00066427321549,0.573793982033,0.818985068625,0.00216112309809,0.0,0.818945098109,-0.573734999166,-0.011739843093,0.0,-0.0083750054871,0.00850625625617,-0.999928748905,0.0,0.661651508672,0.260872991466,0.303432291945,1.0,-0.0015,-0.00197142857143,0.076
0.465071523681,0.547192025707,-0.123989350121,-1.35623889863,0.0794308462181,1.89421602385,0.159154503423,0.000140822372455,-0.00648546054147,0.000917860383534,-0.0106082342024,-0.000167528663261,0.00222487465944,-0.00026518055385,0.573807831844,0.818975304816,0.00218383082372,0.0,0.818935571549,-0.573748701991,-0.0117347141575,0.0,-0.00835763191391,0.00852205170773,-0.999928759774,0.0,0.661627279625,0.260844805764,0.303448459022,1.0,-0.00184,-0.00241828571429,0.093
0.465045997177,0.546970234959,-0.123986737779,-1.35647685841,0.0794303171982,1.89435162859,0.159138812112,-0.00192260252654,-0.0129322560108,0.000779533099723,-0.0120398987407,0.00029413982169,0.003488783384,-0.00137926544367,0.573827425004,0.818961276806,0.0022935357324,0.0,0.818922896828,-0.573767808912,-0.0116849222856,0.0,-0.0082537008119,0.00858352305191,-0.999929097264,0.0,0.661611705948,0.26081323499,0.303503985011,1.0,-0.00222,-0.00291771428571,0.112
0.465026225284,0.546817992886,-0.123992401306,-1.35665750719,0.0794268493859,1.8944465189,0.159136322753,-0.00265868962577,-0.0143103509117,-0.00208384080352,-0.0195943195973,-1.55506496919e-05,0.0101329758082,0.00118483509881,0.573854841403,0.818941899095,0.00235240455417,0.0,0.818904284393,-0.573795008694,-0.0116536647123,0.0,-0.00819403407987,0.00861407193087,-0.999929325288,0.0,0.66159987242,0.260783321564,0.303534252953,1.0,-0.00248,-0.00325942857143,0.125
0.464990987052,0.546566481506,-0.123989161263,-1.35700202507,0.0794137151449,1.89459151785,0.159109808644,-0.00278876071433,-0.0155124527175,0.000605225256568,-0.0177440279208,5.94129714646e-05,0.00767268523768,-0.00227036765734,0.573875571458,0.818927230157,0.00240147705876,0.0,0.818890193558,-0.573815498466,-0.0116349265717,0.0,-0.00815031035365,0.00864371256693,-0.999929426847,0.0,0.661565585042,0.260732014662,0.303560857872,1.0,-0.00284,-0.00373257142857,0.143
0.464954844818,0.546302645519,-0.123991722779,-1.35739982462,0.0794011123523,1.89473086041,0.15901415072,-0.000749690694878,-0.0139421876228,-0.00089066404732,-0.0242902599011,-2.43424399518e-05,0.00879102997895,-0.00795919339969,0.573847468009,0.818946890607,0.00241261818598,0.0,0.818909896416,-0.573787250404,-0.0116412940484,0.0,-0.00814942891013,0.00865621068168,-0.999929325915,0.0,0.661519783987,0.260670285493,0.303570512377,1.0,-0.00318,-0.00417942857143,0.16
0.464914362176,0.546037452739,-0.12399254122,-1.35782180829,0.0793824532923,1.89488430895,0.158927379,0.000164286454236,-0.0142787229741,-0.00048833567278,-0.0278218371492,-0.00474840416376,0.00556611893775,-0.000602201863003,0.573828778452,0.818959983845,0.00241345848447,0.0,0.818922936343,-0.573768491952,-0.0116485568234,0.0,-0.00815509248367,0.00866088039032,-0.999929239305,0.0,0.661472325178,0.260603819151,0.303570757053,1.0,-0.0035,-0.0046,0.176
0.464862522536,0.545727821654,-0.123991641387,-1.35834014309,0.07932988053,1.89505907256,0.158900099339,-0.00427938022888,-0.0173595105909,-0.000314052752186,-0.0299795648804,-0.0134299110933,0.0186439320111,-0.0046427757847,0.573863220328,0.81893597008,0.00237237530071,0.0,0.818898546309,-0.573803242822,-0.0116514497299,0.0,-0.00818067214992,0.00862923928811,-0.999929303917,0.0,0.661412599467,0.260515934999,0.303558316775,1.0,-0.00384,-0.00504685714286,0.193
0.464805005922,0.545391044853,-0.124000234089,-1.35893149156,0.0792611705723,1.89525492465,0.15882250686,-0.00208451344109,-0.0185150294394,-0.00248485418846,-0.0384370880492,-0.00119790502056,0.0141578287574,-0.00675044964989,0.573867515738,0.818933162314,0.00230150937538,0.0,0.818895112995,-0.573808102125,-0.0116534436491,0.0,-0.00822292504951,0.00857239258185,-0.999929446306,0.0,0.661345535249,0.260409310082,0.303532434925,1.0,-0.00418,-0.00549371428571,0.21
0.464751416391,0.545020870952,-0.12399467583,-1.35956824642,0.0792472769746,1.89545798793,0.158720597726,-0.00105674056799,-0.0242405260198,-0.000588222009946,-0.0355641825844,0.000245317424871,0.0163048113185,-0.000917973171495,0.573855775301,0.818941497891,0.00226253996111,0.0,0.818902650607,-0.573796203291,-0.0117095183276,0.0,-0.00829133327317,0.0085725397375,-0.999928880148,0.0,0.661262949713,0.260317895682,0.303508816744,1.0,-0.0045,-0.00591428571429,0.226
0.464683645543,0.544607626146,-0.123998115337,-1.3602749702,0.0792246308005,1.89570243678,0.158661886224,0.000281986753713,-0.0233533714601,-0.00073143742936,-0.0409235003782,-0.000196744326019,0.0162744511143,-0.00898526131577,0.573898978504,0.818911312104,0.00222986117039,0.0,0.818871854208,-0.573839332362,-0.0117496349848,0.0,-0.00834248757558,0.00856923905118,-0.999928482964,0.0,0.661179842749,0.260205551204,0.303486226488,1.0,-0.00484,-0.00636114285714,0.243
0.464612338811,0.544164239477,-0.124006255279,-1.36101244962,0.0791849193017,1.89596396006,0.158550673513,-0.00608083998888,-0.0277970084849,-0.00130101571701,-0.0471835294984,-0.00556216620274,0.0216049327059,-0.0128285193391,0.5739025366,0.81890889321,0.0022022732167,0.0,0.818869050594,-0.573842968465,-0.011767430662,0.0,-0.00837285582269,0.00855689643104,-0.999928334836,0.0,0.661096724917,0.260083294134,0.303471896694,1.0,-0.00518,-0.006808,0.26
0.464547232033,0.543675686838,-0.124001307238,-1.36182179478,0.079145271362,1.89624827484,0.158453648755,0.000284308228151,-0.0287802941011,-0.000711201784412,-0.0456508589169,-0.00302382907115,0.0140819826838,-0.00831276162255,0.573907431158,0.818905531016,0.00217684049178,0.0,0.818865222742,-0.57384782297,-0.01179703176,0.0,-0.00841164133084,0.00855310784068,-0.999928041729,0.0,0.660998087064,0.259966342258,0.303456822727,1.0,-0.00552,-0.00725485714286,0.277
0.464469610758,0.543158467316,-0.124005135777,-1.36266187851,0.0790981307829,1.89653620234,0.158342050647,-0.00464237369782,-0.0252222406344,0.000841684578681,-0.0524273236769,0.000190267219033,0.0150693292411,-0.00544254155769,0.573916384734,0.81889933183,0.00214815338399,0.0,0.818858598122,-0.573856834468,-0.0118184904338,0.0,-0.00844558402229,0.00854202363179,-0.999927850369,0.0,0.660899414632,0.25983180114,0.303447933499,1.0,-0.00586,-0.00770171428571,0.294
0.464385497656,0.542556696657,-0.124005836274,-1.36361396683,0.0790430123781,1.89687652322,0.158230921878,-0.0065352536377,-0.0401080455708,0.00184001650602,-0.0541753922673,-0.00423340662253,0.026216236712,-0.00660724196234,0.573932947526,0.818887743793,0.0021404929857,0.0,0.818846868836,-0.573873383334,-0.0118276032967,0.0,-0.00845727025506,0.00854115164498,-0.999927759045,0.0,0.660788900848,0.259684872514,0.303449908069,1.0,-0.00622,-0.00817485714286,0.312
0.464310784168,0.541965971697,-0.124013757053,-1.36453464155,0.0789831225933,1.8972186437,0.158109345857,-0.0070970853495,-0.0377692363691,-0.00681149498171,-0.0523186038005,-0.00714978771738,0.0250210009186,-0.00967032401975,0.573935310426,0.818886072903,0.00214614814901,0.0,0.818845342498,-0.573875795423,-0.011816234484,0.0,-0.00844468996342,0.0085392820304,-0.999927881336,0.0,0.660685023019,0.259542913806,0.303459327274,1.0,-0.00656,-0.00862171428571,0.329
0.464226017452,0.541342816926,-0.124017079306,-1.36549901295,0.0789282335241,1.89756944274,0.15797512338,-0.00991137302473,-0.037033715446,0.000644640085383,-0.053136352217,-0.00667110197501,0.0143970959826,-0.0105803409036,0.573935969438,0.81888558656,0.00215546052399,0.0,0.818844946452,-0.573876386613,-0.0118149675978,0.0,-0.00843830123794,0.00854618738004,-0.999927876276,0.0,0.660574773147,0.259393622354,0.303471408862,1.0,-0.0069,-0.00906857142857,0.346
0.464148780893,0.540674080526,-0.12401481383,-1.36651753289,0.0788659585009,1.89795204133,0.157841475821,-0.00548544645789,-0.0439584195811,-5.13954393917e-05,-0.0578791535332,-0.00631387757067,0.0197205860313,-0.00899586663103,0.57392803268,0.818891075253,0.00218336353244,0.0,0.818850792181,-0.573868335938,-0.0118008497351,0.0,-0.00841080926548,0.00856085225349,-0.999927982455,0.0,0.660456581284,0.259247687655,0.3034924132,1.0,-0.00724,-0.00951542857143,0.363
0.464056415071,0.539994174208,-0.12401270129,-1.36753738848,0.0788057594987,1.89832860289,0.157713101932,-0.0105615499512,-0.0462058451808,0.00228948952781,-0.0625492907962,-0.00398697037018,0.0247467261513,-0.0080220408621,0.573937399397,0.818884422306,0.00221616318117,0.0,0.818844534972,-0.57387754313,-0.0117872786772,0.0,-0.00838077396442,0.00858001837141,-0.999928070369,0.0,0.660340829894,0.259091596297,0.303520057134,1.0,-0.00756,-0.009936,0.379
0.463964838032,0.539255134154,-0.124020744767,-1.36868959107,0.0787436151074,1.89876494482,0.15757707622,-0.00419663866327,-0.0483743432236,0.000343590926243,-0.0671560755006,-0.00701603423276,0.0275211592542,-0.00864226637824,0.573953834443,0.818872846317,0.00223705020585,0.0,0.818833207117,-0.573893871843,-0.0117792055997,0.0,-0.00836200320709,0.00859265665044,-0.999928118994,0.0,0.660210001757,0.258918949842,0.303531913598,1.0,-0.0079,-0.0103828571429,0.396
0.463872942457,0.538616519503,-0.124024310429,-1.36971651763,0.0786821697933,1.89916479452,0.15744852163,-0.00216288128572,-0.0478467000642,-0.000507620564818,-0.0712576104026,-0.00170261364131,0.0252988791489,-0.00706859500842,0.573966786882,0.818863747311,0.00224450402135,0.0,0.818824232323,-0.573906822249,-0.0117721212183,0.0,-0.00835178792196,0.00859482634969,-0.999928185721,0.0,0.660097032157,0.258759887869,0.303529027512,1.0,-0.0082,-0.0107771428571,0.411
0.463754796161,0.537828899893,-0.124029718743,-1.37093729827,0.0786185470407,1.899632772,0.157291200975,-0.0108339204906,-0.0496247536379,-0.00128673944099,-0.074117396432,-0.00449640066418,0.0279016726303,-0.00636828870848,0.573988944893,0.818848124716,0.00227743072937,0.0,0.818808985671,-0.573928798547,-0.0117612109822,0.0,-0.0083237227323,0.00861575170768,-0.999928239656,0.0,0.659963823178,0.25856565543,0.303544981266,1.0,-0.00854,-0.011224,0.428
0.463653982699,0.537023900384,-0.124033220592,-1.372207204,0.0785343356272,1.90009986833,0.157134653077,-0.0104382020504,-0.0512244032123,0.0009515650433,-0.0803469082318,-0.00491578040903,0.0295131390589,-0.00772833063113,0.573993167272,0.818845175477,0.00227363690311,0.0,0.818806051983,-0.573933101885,-0.011755453926,0.0,-0.00832114146021,0.00860938364527,-0.99992831599,0.0,0.659815465391,0.258374997931,0.30354951103,1.0,-0.00888,-0.0116708571429,0.445
0.463536016569,0.536176394574,-0.12403961427,-1.37352391302,0.0784663069743,1.90060482905,0.156966245089,-0.00664623439027,-0.0467266757351,-0.000371161597763,-0.0807048091458,-0.00259128704032,0.0318551069272,-0.00927751581946,0.574010694316,0.818832793618,0.00230777117342,0.0,0.818794054054,-0.573950436265,-0.0117448140932,0.0,-0.00829265232194,0.00863140438845,-0.999928362822,0.0,0.659668836987,0.258171536824,0.303565032858,1.0,-0.00922,-0.0121177142857,0.462
0.463435214509,0.535352177486,-0.124039773687,-1.37480852706,0.0783802996154,1.90107170269,0.156818285305,-0.00363090430989,-0.0575268312456,0.000144035141527,-0.0859698511234,-0.00800468109468,0.0308929861913,-0.0109680769385,0.574019617343,0.818826536731,0.00230836547278,0.0,0.818787854373,-0.573959407474,-0.011738611695,0.0,-0.00828713823434,0.00862842112971,-0.999928434284,0.0,0.659516282346,0.257981059582,0.30357568965,1.0,-0.00954,-0.0125382857143,0.478
0.463307058813,0.53446234727,-0.124042172133,-1.37624905375,0.0783157359631,1.90159225848,0.156641410831,-0.00939145330011,-0.0523064232689,-0.000562427917637,-0.085655067731,-0.00416256547863,0.0257143997757,-0.0104564957642,0.57404312294,0.818810099738,0.00229357240084,0.0,0.818771003768,-0.573982735853,-0.0117732422215,0.0,-0.00832373893389,0.00863642558676,-0.999928061174,0.0,0.659346010656,0.25776070938,0.303563062812,1.0,-0.00988,-0.0129851428571,0.495
0.463177217259,0.533541899272,-0.12404885937,-1.37773689601,0.0782196869102,1.90213390549,0.156465614417,-0.00608898231377,-0.0577441076253,0.000275449182749,-0.086027106292,-0.00445298038462,0.0328354191412,-0.00712492133734,0.574065869383,0.818794230698,0.00226545528117,0.0,0.818754823158,-0.574005642428,-0.0117817196512,0.0,-0.00834658066161,0.00861850150538,-0.999928025421,0.0,0.659172532787,0.257527918092,0.303551247557,1.0,-0.01022,-0.013432,0.512
0.463041259863,0.53260113411,-0.12404748131,-1.37924093169,0.0781381923709,1.90270982973,0.156264749203,-0.00614727383124,-0.0546715612791,0.00134751785168,-0.0895847992997,-0.00115564583825,0.0352626712408,-0.00571636092706,0.574072260935,0.818789709302,0.00227992703639,0.0,0.818750405647,-0.574011890796,-0.0117842852929,0.0,-0.00834030687698,0.00863188867807,-0.999927962295,0.0,0.659001201506,0.257298810107,0.303548599734,1.0,-0.01056,-0.0138788571429,0.529
0.462908402773,0.531629613746,-0.124052477684,-1.38080157167,0.0780447239167,1.90327966564,0.156064650981,-0.00995561005296,-0.0609404876154,-0.000512250609258,-0.0979804924131,-0.0049612585643,0.0317964739039,-0.0176323489502,0.574080749975,0.818783807471,0.0022618647244,0.0,0.818744251602,-0.574020430029,-0.0117959009341,0.0,-0.00836009707542,0.00862385443183,-0.999927866354,0.0,0.658817178912,0.257059417121,0.303540148624,1.0,-0.0109,-0.0143257142857,0.546
0.462784123763,0.530682321784,-0.124049975871,-1.38232675043,0.077951530351,1.90382134273,0.155877983873,-0.00904131967637,-0.0563033965548,0.000371982361579,-0.0980805556958,-0.0100245039868,0.0313298947878,-0.00725533694521,0.57408578939,0.818780359584,0.00223071300577,0.0,0.818740340364,-0.574025529374,-0.0118192041882,0.0,-0.0083970077096,0.00861177769535,-0.999927661157,0.0,0.658630818861,0.256832092405,0.303528605462,1.0,-0.01122,-0.0147462857143,0.562
0.462646594849,0.529656879426,-0.12405484478,-1.38396899586,0.0778523220098,1.90441346465,0.155649770085,-0.00710978875314,-0.0598975768301,0.000614445281825,-0.0955020859746,-0.000959322725915,0.0352922973365,-0.01933138188,0.574077476686,0.818786248749,0.00220828504358,0.0,0.818745911331,-0.574017278216,-0.0118340141215,0.0,-0.0084220964114,0.00860183092832,-0.999927535773,0.0,0.6584342325,0.25658135886,0.303520800805,1.0,-0.01156,-0.0151931428571,0.579
0.462510165666,0.528576671862,-0.124064489077,-1.38564122123,0.0777455882029,1.9050361955,0.155431895063,-0.00652235299133,-0.0639341166504,-0.00314497294957,-0.102358577185,-0.0125352364933,0.0318323957452,-0.0153838744547,0.574079548725,0.818784740608,0.00222871811059,0.0,0.818744747989,-0.574019351125,-0.0118139356751,0.0,-0.00839390454229,0.00860705582133,-0.999927727867,0.0,0.658238937569,0.256326616076,0.303539831198,1.0,-0.0119,-0.01564,0.596
0.462355843026,0.527336015812,-0.12406170931,-1.38756792566,0.0776158100253,1.90578769743,0.155152714736,-0.00673542520601,-0.0626588988522,-0.00148101331898,-0.10267305757,-0.00735676143595,0.0392215573289,-0.0151562889912,0.57404484564,0.818808940431,0.0022762176531,0.0,0.81876969151,-0.573984599585,-0.0117736402889,0.0,-0.00833400850727,0.00862246155701,-0.999928096144,0.0,0.65801648309,0.256044252203,0.303561155338,1.0,-0.01228,-0.0161394285714,0.615
0.462230493788,0.526379939258,-0.124062060203,-1.3890395993,0.0775354545292,1.90634669213,0.154956744692,-0.00597723765311,-0.0707712661813,-0.000501348568579,-0.10836341735,-0.0025486456802,0.0446159774636,-0.0156610459703,0.574045188076,0.818808584937,0.00231736539443,0.0,0.818769796238,-0.573984708643,-0.0117610337182,0.0,-0.0083000628774,0.00864892012306,-0.999928149987,0.0,0.657844799001,0.255824358642,0.303581942129,1.0,-0.01256,-0.0165074285714,0.629
0.462062977165,0.525124924511,-0.124064543153,-1.39098591572,0.0774064423359,1.90704629365,0.154693771518,-0.0120238880546,-0.0698940982357,-0.000566248176839,-0.105144919299,-0.00477112147253,0.0364886012304,-0.0126570875403,0.574038659199,0.818813158944,0.00231848804789,0.0,0.81877443725,-0.57397823098,-0.0117540702861,0.0,-0.00829378543422,0.00864577595183,-0.999928229265,0.0,0.657611135962,0.255524822052,0.303599075251,1.0,-0.01292,-0.0169805714286,0.647
0.461902681338,0.523884808927,-0.124074307599,-1.39297439092,0.0772803218759,1.90774627284,0.15442028,-0.0111032535187,-0.0734839307718,0.000526571536206,-0.117206371759,-0.00289023283738,0.0311707494063,-0.00907992229314,0.57402553762,0.818822487454,0.00227224575743,0.0,0.818783174632,-0.573965296401,-0.0117770271385,0.0,-0.0083392650034,0.00862095690969,-0.999928065293,0.0,0.657366229749,0.255221138928,0.303585619052,1.0,-0.01328,-0.0174537142857,0.665
0.461755381347,0.522739519732,-0.124078021106,-1.39478859029,0.0771694424593,1.90843696958,0.15418298327,-0.00850014717949,-0.078134351353,0.000373810232618,-0.110316007899,-0.00376803956593,0.0410386311777,-0.012273994995,0.574021984726,0.818824935028,0.00228773428012,0.0,0.818785845161,-0.573961707451,-0.0117662672776,0.0,-0.00832160138214,0.00862742664629,-0.999928156649,0.0,0.657151819519,0.254950789032,0.303587137327,1.0,-0.0136,-0.0178742857143,0.681
0.4615801641,0.521455661104,-0.124078705935,-1.39685393981,0.0770450593219,1.90925222213,0.153890183264,-0.0130034654334,-0.0661980270912,0.000808606271157,-0.113822000308,-0.00507311188843,0.0479790647986,-0.0195609594405,0.574003498549,0.818837822164,0.00231334147838,0.0,0.818799091366,-0.573943154239,-0.0117494928142,0.0,-0.0082933622755,0.00863857820144,-0.999928294984,0.0,0.656913304248,0.254642148159,0.303576894984,1.0,-0.01396,-0.0183474285714,0.699
0.461429132921,0.520249718275,-0.124087217882,-1.39876374347,0.0769219339194,1.90994747887,0.153647197262,-0.0111373153639,-0.076256148459,-0.000889554449502,-0.113249234043,-0.0102518295465,0.0394367981822,-0.0179645053222,0.574002779465,0.818838364996,0.00229958214454,0.0,0.818799509856,-0.573942543637,-0.0117501559399,0.0,-0.00830181028852,0.00862768501115,-0.99992831893,0.0,0.656680309343,0.254354441238,0.30357540675,1.0,-0.01428,-0.018768,0.715
0.461260321463,0.518928229259,-0.124096128797,-1.4008158694,0.0767930407795,1.91068922566,0.153356903942,-0.00977453686948,-0.0830807561639,-0.00146270352077,-0.120474502697,-0.00573175868673,0.0390117818648,-0.0202893712806,0.573983837183,0.818851626776,0.00230540226194,0.0,0.818812867256,-0.573923602615,-0.0117445169845,0.0,-0.00829405175305,0.00862902209634,-0.999928371776,0.0,0.656430280041,0.254041717516,0.303590975536,1.0,-0.01462,-0.0192148571429,0.732
0.461104212621,0.517733643169,-0.124094013428,-1.40267354197,0.0766705866275,1.91136603542,0.153109481619,-0.0106200168403,-0.0804235720218,0.00125521134464,-0.122573384355,-0.00627224353406,0.0477429558749,-0.018850982295,0.573978239121,0.818855546136,0.00230704982806,0.0,0.818816817043,-0.573918008451,-0.0117425126612,0.0,-0.00829152381302,0.00862916407527,-0.999928391516,0.0,0.656187178908,0.25373889859,0.303601663853,1.0,-0.01494,-0.0196354285714,0.748
0.460913203063,0.516392664603,-0.124097448777,-1.40481967901,0.076530268286,1.91215443744,0.152799767513,-0.0154612397133,-0.0789699233882,0.000345181529518,-0.126493864094,-0.00995166058391,0.0479825837057,-0.015316767211,0.573953748978,0.818872756035,0.00229136621827,0.0,0.81883389343,-0.57389365324,-0.0117420885063,0.0,-0.00830043565594,0.00861582992223,-0.99992843256,0.0,0.655944302449,0.253428284251,0.303591319743,1.0,-0.01526,-0.020056,0.764
0.460710493967,0.514864817043,-0.124107322696,-1.40725922145,0.0763804897154,1.91307293419,0.152485868924,-0.0112686697263,-0.0812194578266,-0.00390241971414,-0.131819240824,-0.00248316892854,0.0428522761627,-0.0150200622205,0.573958114161,0.818869694843,0.00229193324252,0.0,0.818830873103,-0.573898050529,-0.0117377916889,0.0,-0.00829654561283,0.00861387232399,-0.99992848171,0.0,0.65565079271,0.253058241254,0.303581407694,1.0,-0.01564,-0.0205554285714,0.783
0.460528354074,0.51353257598,-0.124106891565,-1.40938774436,0.0762635393824,1.91380766883,0.152183104341,-0.011871975196,-0.0816376483552,0.000253915757628,-0.131046411157,-0.00680199498848,0.0523002124151,-0.0160724619296,0.573939197016,0.818883075336,0.00224810100619,0.0,0.81884345401,-0.573879064465,-0.0117883033487,0.0,-0.00836326501569,0.00860677785816,-0.999927986994,0.0,0.655379047087,0.252734993424,0.30356569941,1.0,-0.01596,-0.020976,0.799
0.460328859004,0.512133626799,-0.124114912165,-1.41167200117,0.0761170465998,1.91461760361,0.151874256669,-0.0142030481083,-0.078123547275,-0.000448205308669,-0.137875886918,-0.0101878771488,0.0468849114193,-0.0149058199812,0.573935365604,0.818885951133,0.00217762416298,0.0,0.818845414708,-0.573875508633,-0.011825155532,0.0,-0.00843393094025,0.00857017752686,-0.99992770782,0.0,0.655094092567,0.252378251835,0.303528988072,1.0,-0.0163,-0.0214228571429,0.816
0.460154449291,0.510849624278,-0.124118818761,-1.4137133074,0.0759981129903,1.91538550553,0.151584852641,-0.0160554139197,-0.0848630394252,1.95712389602e-05,-0.138567828588,-0.00408126518526,0.0519792216223,-0.0173934259029,0.573918749917,0.818897569993,0.00218752239104,0.0,0.818857106753,-0.573858799657,-0.0118263974942,0.0,-0.00842944148907,0.00857882469091,-0.999927671526,0.0,0.654846034769,0.252069244627,0.303523208995,1.0,-0.0166,-0.0218171428571,0.831
0.459955894736,0.509366403043,-0.12411988253,-1.41607239257,0.0758475946479,1.9162698491,0.15125771094,-0.0147177204467,-0.0851615493284,0.000364109336203,-0.142423970866,-0.00810071591785,0.0498819433755,-0.0133077051273,0.57389653948,0.818913130486,0.00218942746102,0.0,0.818872721445,-0.573836614453,-0.0118217125606,0.0,-0.00842474420131,0.00857746749548,-0.999927722756,0.0,0.65455699048,0.251713887473,0.303515197693,1.0,-0.01694,-0.022264,0.848
0.459757831516,0.507949974084,-0.124127791735,-1.4182973076,0.0757024580955,1.91706246894,0.150936313409,-0.00850124574519,-0.0892895720751,-0.00145281544208,-0.139574057496,-0.00530884313865,0.046255996324,-0.026211581976,0.573877250444,0.818926699351,0.00217011846758,0.0,0.818886068754,-0.573817433671,-0.0118281916093,0.0,-0.0084413326259,0.0085651747653,-0.999927688228,0.0,0.654280124844,0.251364677811,0.303516057706,1.0,-0.01726,-0.0226845714286,0.864
0.459528170583,0.506313190359,-0.124131971246,-1.42086663205,0.0755389167377,1.9180023701,0.150593445191,-0.00913452303007,-0.0925377251581,-0.000286755030707,-0.146852664784,-0.00872495745928,0.0542280395815,-0.0154186402975,0.57387621979,0.818927417307,0.0021717373501,0.0,0.818886818711,-0.573816407885,-0.0118260342314,0.0,-0.00843864761513,0.00856525181717,-0.999927710231,0.0,0.653963173227,0.250966084745,0.303519234701,1.0,-0.01762,-0.0231577142857,0.882
0.459305490939,0.504706417592,-0.124138991923,-1.42333013396,0.075392305039,1.91896255806,0.150246901653,-0.0112739386127,-0.100828701213,-0.00322218430128,-0.153964897229,-0.00592052137418,0.0613478891669,-0.0251377604044,0.57386760893,0.818933215835,0.00225883270346,0.0,0.818893770924,-0.573807482141,-0.0117776178775,0.0,-0.00834910812337,0.0086087031849,-0.999928088726,0.0,0.653671748066,0.250586645832,0.303553018862,1.0,-0.01796,-0.0236045714286,0.899
0.459089907268,0.503155951517,-0.124140142721,-1.42564807116,0.0752439952056,1.91984135792,0.14992951818,-0.0176807365654,-0.0988964292408,-0.000985204036428,-0.148253074231,-0.00495973006959,0.0526307926919,-0.0172093249687,0.573864077577,0.818935432995,0.0023503093403,0.0,0.818897232651,-0.57380366509,-0.0117227636277,0.0,-0.00825172926516,0.00865210133028,-0.999928522499,0.0,0.653393501702,0.250226160732,0.303608847236,1.0,-0.01828,-0.0240251428571,0.915
0.458857131032,0.501461540054,-0.124148708871,-1.42816355767,0.0750767778926,1.9207610191,0.149561093303,-0.0104318877679,-0.103789390401,-0.00210481833573,-0.149338348384,-0.0121892121572,0.0484864547704,-0.0247033402696,0.573842382041,0.818950409761,0.00242772062637,0.0,0.818913311806,-0.573781792379,-0.0116700206411,0.0,-0.00816434348249,0.00868501239486,-0.999928954504,0.0,0.653085659724,0.249828444505,0.303674282687,1.0,-0.01862,-0.024472,0.932
0.458614955408,0.499730890324,-0.124144736888,-1.43078597528,0.0749148050008,1.92167291826,0.149203534328,-0.0140041986126,-0.0965639839383,-0.000183696302814,-0.154425090489,-0.00929032263275,0.0516477681111,-0.0269672758227,0.573834613397,0.818955790124,0.00244891625406,0.0,0.81891883468,-0.573773807205,-0.0116750706033,0.0,-0.00815639970402,0.00870519087292,-0.999928843866,0.0,0.652749540349,0.249420210074,0.303712433473,1.0,-0.01896,-0.0249188571429,0.949
0.458378056257,0.498165145526,-0.124145148748,-1.43324856383,0.0747586620169,1.9225997626,0.14886026282,-0.0198285206297,-0.0984612466671,-0.000120473083073,-0.157282593031,-0.0112733400218,0.0609148402875,-0.0220616267304,0.57382998841,0.818958967763,0.00246990339001,0.0,0.818922305839,-0.573769130258,-0.0116614348375,0.0,-0.00813323890729,0.00871450777826,-0.999928951366,0.0,0.652431228829,0.249001024635,0.303710964647,1.0,-0.0193,-0.0253657142857,0.966
0.45811586794,0.496482883331,-0.124145149091,-1.43591820319,0.074592258035,1.92355205124,0.148454157134,-0.0193689421738,-0.0987894594773,0.000595507939209,-0.160502203457,-0.00567549040188,0.0511237320192,-0.0214375693918,0.57380310476,0.818977892534,0.0024403707742,0.0,0.818940751792,-0.573742254005,-0.0116883670744,0.0,-0.00817252775166,0.00870550800135,-0.999928709419,0.0,0.652111920075,0.248604007059,0.303696990641,1.0,-0.01962,-0.0257862857143,0.982
0.457845215382,0.494815075631,-0.124150676012,-1.43863784853,0.0744241865144,1.92449706182,0.148061484232,-0.0145121282043,-0.101612809992,-0.00160053282207,-0.160709902849,-0.00539301962238,0.0618619126298,-0.017230550382,0.573798731649,0.818981224451,0.00234871377943,0.0,0.818942767523,-0.573738086096,-0.0117515524719,0.0,-0.00827691364026,0.00866665492588,-0.999928188318,0.0,0.651763162465,0.248160969423,0.303646538932,1.0,-0.01996,-0.0262331428571,0.999
0.457568902001,0.493090155075,-0.124152562458,-1.44143540711,0.0742421270511,1.92551051666,0.147669644323,-0.0186080599827,-0.102148661607,-6.52451437261e-05,-0.170011770654,-0.0101229720272,0.0591633753301,-0.0262173048098,0.573796713114,0.818982800388,0.00229163481043,0.0,0.818943593134,-0.573736274757,-0.0117824103385,0.0,-0.00833495786885,0.00863759427104,-0.999927957626,0.0,0.651410692892,0.247710382693,0.303603927094,1.0,-0.0212142857143,-0.0278816326531,1.016
0.457304078119,0.491339837214,-0.124157208883,-1.44422930366,0.0740655285454,1.92653187788,0.147262398053,-0.0102134825035,-0.115223038149,0.000519502070117,-0.177730730775,-0.0117429942107,0.0612060373736,-0.0318278526464,0.573775470555,0.818997746378,0.00226885859072,0.0,0.818958215488,-0.573715093621,-0.0117974377598,0.0,-0.00836055748616,0.00862734688778,-0.999927832378,0.0,0.65105747962,0.247267961837,0.303580772785,1.0,-0.0225308571429,-0.0296119836735,1.032
0.456989492084,0.489396620492,-0.124165707804,-1.44739381797,0.0738704978301,1.92764151547,0.146820712146,-0.014451645695,-0.116674071523,3.961505125e-05,-0.189129136985,-0.0167728290394,0.0679869008895,-0.0241336128234,0.573782285429,0.81899323277,0.00217267261748,0.0,0.818952311798,-0.573722142121,-0.0118642969469,0.0,-0.0084704316049,0.00858700400649,-0.999927254929,0.0,0.650649339409,0.246752793164,0.30352249543,1.0,-0.0239297142857,-0.0314504816327,1.049
0.456642676392,0.487254226126,-0.124179477443,-1.45067991413,0.07366728431,1.92889419545,0.146342478854,-0.0219989017172,-0.128078098058,-0.00286630490165,-0.19348693243,-0.0129067114686,0.0855151406787,-0.0283928746468,0.57379286598,0.818985579786,0.0022614054591,0.0,0.818945867088,-0.573732428104,-0.0118116307976,0.0,-0.00837627492126,0.00862956428765,-0.999927681704,0.0,0.65025316718,0.246210149514,0.303556141101,1.0,-0.0253285714286,-0.0332889795918,1.066
0.456281611604,0.485000365731,-0.124200898212,-1.45411015457,0.0734549970788,1.93018390532,0.145831034379,-0.0220961484936,-0.130187186688,-2.57406871826e-05,-0.203415302423,-0.0156446790353,0.0771668857151,-0.035377870365,0.573797168213,0.818982305897,0.00235356741119,0.0,0.818943852599,-0.573736442403,-0.0117561834972,0.0,-0.00827793825162,0.00867327135013,-0.999928122468,0.0,0.649835785124,0.245639462043,0.303600880399,1.0,-0.0267274285714,-0.035127477551,1.083
0.455886152178,0.482644056212,-0.124235149728,-1.45777358161,0.0732162236096,1.93141563048,0.14527025629,-0.0260694575236,-0.141164301182,-0.00332549778558,-0.218265578228,-0.0140099533154,0.0670554141898,-0.0316072932385,0.573800821266,0.818979949538,0.00228181310986,0.0,0.818940551714,-0.573740354874,-0.0117951196908,0.0,-0.00835095904762,0.00863688493943,-0.999927830247,0.0,0.649362756027,0.245005107299,0.303599940822,1.0,-0.0281262857143,-0.0369659755102,1.1
0.45550346644,0.480312564771,-0.124263717468,-1.46140776395,0.0729996393688,1.93273433774,0.144730834375,-0.0215751414033,-0.140992154734,-0.00214783039414,-0.23158129055,-0.0160469945726,0.089764216709,-0.0406055066297,0.573812158143,0.818971968146,0.00229553047082,0.0,0.818932675484,-0.573751561956,-0.0117968249663,0.0,-0.00834436542222,0.00864921302739,-0.999927778732,0.0,0.648905761252,0.244394992097,0.303601870381,1.0,-0.0294428571429,-0.0386963265306,1.116
0.455012445169,0.477397559338,-0.124281088447,-1.46582264795,0.072733464011,1.93436973938,0.144094128859,-0.0275824443778,-0.154930886574,-0.00182746908079,-0.237367778481,-0.0144556793975,0.0907715123573,-0.031870436507,0.573847873339,0.818946603841,0.00241354980348,0.0,0.818908774027,-0.573786753371,-0.0117442913023,0.0,-0.00823324308618,0.00871608150991,-0.999928119232,0.0,0.648358988364,0.243650226035,0.303661875456,1.0,-0.0310062857143,-0.0407511183673,1.135
0.454544475046,0.474698046461,-0.124290209893,-1.46998773757,0.0724669381277,1.93589853165,0.143504830545,-0.0294747033899,-0.159712524197,0.00166803069234,-0.249304122387,-0.0212097840987,0.0858212162911,-0.0375733503666,0.573883634883,0.81892139831,0.00246249994861,0.0,0.818884202189,-0.57382232808,-0.0117194753539,0.0,-0.00818444926689,0.00874228573693,-0.999928291044,0.0,0.647836133058,0.242945263803,0.303680362667,1.0,-0.0324051428571,-0.0425896163265,1.152
0.454104540691,0.472056838588,-0.12429672418,-1.47407582871,0.0722139546434,1.93730667006,0.142897198355,-0.0291363729802,-0.160133497996,-0.000505722499041,-0.261617671842,-0.0092656121636,0.0945490589501,-0.0385684807842,0.573877878456,0.818925514172,0.00243510955073,0.0,0.818887726003,-0.573816421782,-0.0117623635647,0.0,-0.00823535233709,0.00874440992768,-0.999927854531,0.0,0.647295490067,0.242263009698,0.303682984736,1.0,-0.0337217142857,-0.0443199673469,1.168
0.453592530895,0.468961760301,-0.124296075961,-1.47876361118,0.0719133593007,1.9390807013,0.142149786067,-0.0290837779167,-0.171207007895,-0.000228493428115,-0.262727555806,-0.0152175681799,0.101997749913,-0.0488471965891,0.573826295793,0.818961196198,0.00258617098833,0.0,0.818925405283,-0.573764335027,-0.0116796974978,0.0,-0.00808152195094,0.00882016849144,-0.999928444255,0.0,0.646706180866,0.241490642233,0.303743217689,1.0,-0.0352028571429,-0.0462666122449,1.186
0.45308549029,0.465921208308,-0.124291812459,-1.48338616126,0.0715942124796,1.94075661591,0.141427761986,-0.0307727695427,-0.183979579361,0.000455570886538,-0.276248120214,-0.019189302988,0.0948214450757,-0.0436527150375,0.573777901279,0.818994884144,0.00265455285036,0.0,0.818960071362,-0.57371580744,-0.0116327429511,0.0,-0.00800435214216,0.0088487539943,-0.999928812416,0.0,0.646107109257,0.24072187981,0.303786007849,1.0,-0.0366017142857,-0.0481051102041,1.203
0.452566580423,0.462996422768,-0.124297714046,-1.48801010206,0.071288850237,1.94231942678,0.14074474431,-0.0331854194512,-0.186149008715,-0.00047780363901,-0.290583222895,-0.0198080149,0.107651960704,-0.0396478960588,0.573780709193,0.818993294353,0.00253544158087,0.0,0.818956744471,-0.573718826815,-0.011717736319,0.0,-0.00814227366503,0.00879999746535,-0.999928129129,0.0,0.645482546917,0.239933283211,0.303737102082,1.0,-0.0379182857143,-0.0498354612245,1.219
0.451996392001,0.459795104805,-0.124298764342,-1.49301364594,0.0709527523389,1.94406204031,0.140000024924,-0.0356878065607,-0.194590217323,0.000416248583582,-0.295916110571,-0.0188512355084,0.0982328683143,-0.0422039311189,0.573779030702,0.818994645939,0.0024780538774,0.0,0.818957247924,-0.573717248212,-0.0117597652252,0.0,-0.00820964056649,0.00877709586214,-0.999927779587,0.0,0.644814907238,0.239081113397,0.303711185631,1.0,-0.0393171428571,-0.0516739591837,1.236
0.4514313745,0.456733665021,-0.12430638768,-1.49784359939,0.0706327248125,1.94578773517,0.139261366746,-0.0350879805132,-0.195844283702,-0.000321447439835,-0.309859093173,-0.0172374573595,0.108395106168,-0.0479695585056,0.573777900119,0.818995570425,0.00243389798086,0.0,0.818957539367,-0.573716219565,-0.011789615044,0.0,-0.00825943476938,0.0087580482842,-0.999927536538,0.0,0.644178894764,0.238249034625,0.303668185689,1.0,-0.0406337142857,-0.0534043102041,1.252
0.450746398878,0.453128703671,-0.124355189808,-1.50346671812,0.070246314508,1.94773072354,0.138364888647,-0.0418549340553,-0.213103219554,-0.0036148605629,-0.313230285697,-0.0185410347735,0.110335500593,-0.0489241698127,0.573791321943,0.818986411942,0.00235006790308,0.0,0.818947400304,-0.573730073523,-0.011819694227,0.0,-0.00833202475167,0.00870678760786,-0.99992738197,0.0,0.64343685907,0.23723433335,0.303638600172,1.0,-0.0421148571429,-0.055350955102,1.27
0.450184482007,0.449953809158,-0.124394601015,-1.50819307503,0.0699330312889,1.9495244469,0.137629999949,-0.037497841348,-0.212456958093,-0.001745139624,-0.321579239404,-0.0221831725679,0.11805109532,-0.0514790842554,0.57380781603,0.818974285165,0.00254114174675,0.0,0.818938031782,-0.57374615045,-0.0116876792277,0.0,-0.00811409466731,0.00878768850293,-0.999928466441,0.0,0.642840617214,0.236405979641,0.303724022558,1.0,-0.0433491428571,-0.0569731591837,1.285
0.449541815391,0.446475614789,-0.124410357257,-1.51346076944,0.0695726497841,1.95126624579,0.136864254525,-0.0419735564531,-0.215453333657,-0.000812721616291,-0.337605788327,-0.0201190435774,0.108531990685,-0.0486963655675,0.573855557219,0.818940973301,0.00249571607411,0.0,0.818903991305,-0.573793900034,-0.0117286064274,0.0,-0.00817316706233,0.00877444676632,-0.999928101627,0.0,0.642116306805,0.235470781689,0.30375209096,1.0,-0.0446657142857,-0.0587035102041,1.301
0.448867607497,0.442775389565,-0.124417565066,-1.51917938172,0.0691690403721,1.95327817902,0.135969214762,-0.0384002404942,-0.212602707485,-0.000340098435879,-0.336409343117,-0.0250704155491,0.126403676008,-0.0611202309054,0.573823355145,0.818963605372,0.0024732706844,0.0,0.818926393358,-0.573761850016,-0.0117323752367,0.0,-0.00818947763275,0.00875790618034,-0.999928113184,0.0,0.641339630049,0.234482360366,0.303738053878,1.0,-0.0460645714286,-0.0605420081633,1.318
0.448141211538,0.439012931818,-0.12442070122,-1.52500724061,0.0687769578584,1.95533335588,0.135012824395,-0.0438598232666,-0.224697221364,-0.00134683445155,-0.348575182261,-0.0241124691253,0.123863108319,-0.0531472074286,0.57378677846,0.818989273861,0.00245948490675,0.0,0.818951759276,-0.573725196865,-0.0117542061834,0.0,-0.00821565850153,0.00875877622421,-0.999927890797,0.0,0.640550188341,0.2334566888,0.303714999505,1.0,-0.0474634285714,-0.0623805061224,1.335
0.447373366647,0.435097136697,-0.124434532797,-1.53093519159,0.0683687638249,1.95746432437,0.134046123092,-0.0460168872606,-0.237606911181,-0.00259340313764,-0.34841873326,-0.0267183685992,0.132606860735,-0.058437333678,0.573780646165,0.818993299394,0.00254804538518,0.0,0.81895701571,-0.573718829374,-0.0116986384396,0.0,-0.00811940120216,0.00879936138266,-0.999928320713,0.0,0.639760916697,0.232392081372,0.303751995767,1.0,-0.0488622857143,-0.0642190040816,1.352
0.446613313194,0.431323794369,-0.12445190471,-1.53667227353,0.0679513601673,1.95951367714,0.133134054275,-0.045698914995,-0.231498119145,-0.00371517200175,-0.36827098582,-0.0250410325301,0.12635440693,-0.0627171768097,0.573801118025,0.818978805794,0.0025960574093,0.0,0.818943389016,-0.573739394383,-0.0116438748676,0.0,-0.0080467812536,0.00880746204099,-0.99992883643,0.0,0.638993816263,0.231345384243,0.30377215908,1.0,-0.0501788571429,-0.065949355102,1.368
0.445700859818,0.426740553819,-0.124503222312,-1.54381254466,0.0674323176829,1.96180534648,0.131997896096,-0.0482250498847,-0.240977477502,-0.00087348562332,-0.371351931937,-0.0315780878878,0.129880913713,-0.0661874845833,0.573815551304,0.81896944561,0.00234672956633,0.0,0.818930739214,-0.573754677052,-0.0117797212343,0.0,-0.00830094452311,0.00868136335589,-0.999927861523,0.0,0.637974256835,0.230030737591,0.303694534863,1.0,-0.0517422857143,-0.0680041469388,1.387
0.444897740201,0.422760424984,-0.124536297137,-1.54980919531,0.0670069446746,1.96389113223,0.130984933461,-0.0530288676718,-0.248801849281,-0.000878917529439,-0.381588000841,-0.0260922706341,0.12603178283,-0.0597953259287,0.573803277858,0.818977923328,0.00238879098013,0.0,0.818939874217,-0.573742363534,-0.0117443435273,0.0,-0.00824796628882,0.00869538641019,-0.999928178074,0.0,0.637152526554,0.22892410113,0.303727431549,1.0,-0.0530588571429,-0.0697344979592,1.403
