position_joint1,position_joint2,position_joint3,position_joint4,position_joint5,position_joint6,position_joint7,velocity_joint1,velocity_joint2,velocity_joint3,velocity_joint4,velocity_joint5,velocity_joint6,velocity_joint7,ee_T_00,ee_T_10,ee_T_20,ee_T_30,ee_T_01,ee_T_11,ee_T_21,ee_T_31,ee_T_02,ee_T_12,ee_T_22,ee_T_32,ee_T_03,ee_T_13,ee_T_23,ee_T_33,v_x,v_y,time
0.465070091111,0.547787824351,-0.124007010064,-1.35583842262,0.0795076215796,1.89411053912,0.159154580987,-0.000326692528466,-0.00107691428117,0.00219131513705,-0.000773605685197,0.000277472674261,0.000313189294287,-0.00177277703862,0.573820235134,0.818967224321,0.00194168460948,0.0,0.818923998584,-0.573761724338,-0.0119044163339,0.0,-0.00863542875124,0.00842124923938,-0.99992725332,0.0,0.661682408074,0.260878579252,0.303208590497,1.0,0.0,0.0,0.0
0.465072668393,0.547792835293,-0.124012989966,-1.35583843146,0.0795069094969,1.89411084302,0.159155996773,0.000290365397623,-9.59711528343e-05,0.000481979391924,-0.000890428193539,4.80258004218e-06,5.77393527159e-05,-0.00103552447068,0.573825263191,0.818963694811,0.0019444295006,0.0,0.818920552378,-0.573766786802,-0.0118974853401,0.0,-0.00862812560454,0.00841957304016,-0.999927330479,0.0,0.661685183216,0.260874132646,0.303212007541,1.0,-0.00028,-0.000368,0.015
0.465069780546,0.547781386301,-0.124012312605,-1.35584473646,0.0795055475285,1.89410933023,0.159155274289,0.000247065781448,-0.00172660055151,-0.000117249048946,-0.000719770389336,-0.000596698031624,-0.000221918199665,-0.000767855917016,0.573824537366,0.818964216936,0.00193870998112,0.0,0.818920990732,-0.573766075692,-0.0119016059697,0.0,-0.00863478964196,0.00841724589604,-0.999927292546,0.0,0.661682304981,0.260874221644,0.30321021298,1.0,-0.00062,-0.000814857142857,0.032
0.465069063986,0.547745747464,-0.124010514606,-1.35587450539,0.0795040613067,1.89411245284,0.159158073617,-3.24562527194e-05,-0.00326102699939,-0.000157062971282,-0.00107917367683,9.29580266174e-05,0.00330625331132,-7.19502786821e-05,0.573827351027,0.81896222417,0.00194769043051,0.0,0.818919093387,-0.573768830814,-0.0118993349766,0.0,-0.00862774788833,0.00842332692528,-0.999927302122,0.0,0.661676904901,0.260871695811,0.303221500175,1.0,-0.00096,-0.00126171428571,0.049
0.465066928325,0.54764825865,-0.124013697824,-1.35598590789,0.0795041458891,1.89414278269,0.159162752655,-0.000113057072949,-0.0104468714755,-0.00209742133653,-0.00781754377846,0.000396734794129,-6.56525807475e-06,0.00114093618759,0.573841299772,0.818952407751,0.00196555717422,0.0,0.818909451071,-0.573782646775,-0.011896726732,0.0,-0.00861521627332,0.00843660890837,-0.999927298197,0.0,0.661661277585,0.260858574098,0.303240278535,1.0,-0.00128,-0.00168228571429,0.065
0.465059816518,0.54751642529,-0.124010514642,-1.35617282129,0.0794987694125,1.89418375429,0.159152416241,-0.00326793169862,-0.00914096774226,3.58723766778e-05,-0.00493089806401,-0.000616563183275,0.003376600668,0.000180278785924,0.573845265735,0.818949644862,0.00195884532673,0.0,0.81890649275,-0.573786534321,-0.0119128529227,0.0,-0.00863223379626,0.00844040791143,-0.999927119371,0.0,0.661631502234,0.260837163011,0.303248147064,1.0,-0.00162,-0.00212914285714,0.082
0.465038989304,0.547352166112,-0.124013287299,-1.35639084827,0.0794982884518,1.89429043523,0.159148379759,-0.00449335464509,-0.0161172965667,-0.000132067497164,-0.0164925722374,0.000363489652439,0.00471800792635,0.000403356657679,0.573873179202,0.818929962333,0.00200944962351,0.0,0.818887405264,-0.573814172815,-0.0118936738469,0.0,-0.00858720053213,0.00847113650674,-0.99992724727,0.0,0.661613227215,0.260805231863,0.303270084796,1.0,-0.00196,-0.002576,0.099
0.465024316138,0.547169015294,-0.124010917121,-1.35659396126,0.0794958140071,1.89440299847,0.159137191607,0.000347556008967,-0.0110619348891,0.000738939114458,-0.0183154551584,0.000555800934527,0.00309979154489,0.000381851623058,0.573885260257,0.818921284497,0.00209398162918,0.0,0.818879781366,-0.573825863707,-0.0118544806934,0.0,-0.00850646951546,0.00851799495446,-0.999927539244,0.0,0.661597367266,0.260782450519,0.303312833325,1.0,-0.00228,-0.00299657142857,0.115
0.464994881472,0.54694258657,-0.124009897825,-1.35689132109,0.0794916957144,1.89454366656,0.159120501111,-0.00441678040276,-0.0194507606084,0.000500936991532,-0.0217863483107,-0.000186864743945,0.00642926488567,-0.00048261081367,0.573910687545,0.818903291848,0.00216060717548,0.0,0.818862570951,-0.573850937967,-0.0118295304637,0.0,-0.00844753762475,0.00855849908589,-0.999927692987,0.0,0.661570876361,0.26074013851,0.303343851745,1.0,-0.00264,-0.00346971428571,0.133
0.464962308279,0.546707244587,-0.124007473737,-1.35724944242,0.0794840923874,1.89466704326,0.159085912241,-0.00499808941163,-0.018343386401,0.000587333439978,-0.0195328022103,0.000148148825994,0.00658941969932,-0.00377349667752,0.573925302736,0.818893024921,0.00216968110106,0.0,0.81885227173,-0.57386536314,-0.0118426758808,0.0,-0.00845294258758,0.00857362470747,-0.999927517734,0.0,0.661527897744,0.26068771714,0.303350694429,1.0,-0.00298,-0.00391657142857,0.15
0.464928120288,0.546446409351,-0.124013710941,-1.35763269162,0.0794805621854,1.89482032058,0.158940533483,0.000226943568216,-0.0117462380304,-0.000253014182072,-0.0224344951277,0.00082724594486,0.00848116881096,-0.00927418248497,0.57385917579,0.818939268901,0.00220615400441,0.0,0.818898852609,-0.573798960621,-0.0118392941949,0.0,-0.00842993635994,0.0086008701849,-0.999927477973,0.0,0.661487950711,0.260629261156,0.303366509543,1.0,-0.0033,-0.00433714285714,0.166
0.464882698739,0.54615167821,-0.124010926881,-1.35811714011,0.0794652766342,1.89498272941,0.158914004424,-0.00233619006351,-0.0234918092643,0.000536130484771,-0.0302685018615,0.000592315340869,0.00603195601689,-0.00352645948777,0.573895665798,0.818913738876,0.00219088118159,0.0,0.81887296068,-0.573835340264,-0.0118669048982,0.0,-0.0084609293099,0.00860458431212,-0.999927184251,0.0,0.661428969234,0.260555736586,0.303358615127,1.0,-0.00364,-0.004784,0.183
0.464829870471,0.5458376783,-0.124016216595,-1.35866587969,0.0794373988998,1.89516893592,0.158874875783,-0.0032588477819,-0.0190460256866,-0.00156042929741,-0.0355493791682,0.000330593814195,0.00814089096995,0.000681120625364,0.573933826915,0.818887102202,0.00215013287622,0.0,0.818845744157,-0.573873609705,-0.0118942953219,0.0,-0.00850634428737,0.00858733092036,-0.999926947259,0.0,0.661364920817,0.26046483499,0.303336055416,1.0,-0.00398,-0.00523085714286,0.2
0.464770825095,0.545505663884,-0.124013058722,-1.35924160693,0.0793270659583,1.89536414851,0.158766522207,-0.00399666790147,-0.0228210607511,-0.000357362683189,-0.0361339463311,-0.00366722824271,0.0154994762549,-0.00735406629402,0.573894040849,0.818915197879,0.00206771895397,0.0,0.818873395496,-0.573834791224,-0.0118634493445,0.0,-0.00852879409894,0.00850172660807,-0.999927487529,0.0,0.661301184916,0.260359008623,0.303313732809,1.0,-0.0043,-0.00565142857143,0.216
0.464710941161,0.545107814357,-0.124019385572,-1.35993545842,0.0792979510192,1.89557536658,0.158704233916,-0.0014418974968,-0.0265143838147,-0.00116514384911,-0.0376090930911,-0.000485961868122,0.0156480774916,-0.00260821966308,0.573927274438,0.818892072757,0.00200093278453,0.0,0.818849248541,-0.573868142468,-0.0119168001752,0.0,-0.00861046739405,0.00847800217941,-0.999926989,0.0,0.661213004444,0.260248217658,0.303283621093,1.0,-0.00464,-0.00609828571429,0.233
0.464629102074,0.544651232395,-0.124016828319,-1.36070063334,0.0792801159202,1.89583180175,0.158595551191,-0.00916897984494,-0.0234981150333,0.000164578778076,-0.0429675708407,-0.0013950860986,0.0116638207189,-0.0118340662514,0.573941338555,0.818882284054,0.00197272955454,0.0,0.818838773772,-0.573882009842,-0.0119686360731,0.0,-0.00866895694718,0.00848480581667,-0.999926425921,0.0,0.661121950045,0.260125266212,0.303264750631,1.0,-0.005,-0.00657142857143,0.251
0.464579987801,0.544210468149,-0.124022229059,-1.36142676303,0.0792540083056,1.89609555185,0.158501879261,-0.000210602765407,-0.027718316685,-0.00309103049964,-0.048359353973,-0.00128267757139,0.0211263282637,-0.00687157200401,0.573942190968,0.818881712455,0.0019619722834,0.0,0.8188379105,-0.573882759654,-0.0119917221612,0.0,-0.00869402729727,0.00848925602018,-0.999926170485,0.0,0.661034601015,0.260022932922,0.303254107209,1.0,-0.00532,-0.006992,0.267
0.464496814513,0.543695581067,-0.124014893643,-1.36225047908,0.0792171055753,1.89638069197,0.158397850344,-0.00471502453253,-0.030040616697,0.000701397435471,-0.0506865502004,-0.0021972593986,0.017746808291,-0.00632919635851,0.573955938904,0.818872103346,0.00195075888256,0.0,0.818827963982,-0.573896367358,-0.0120196437819,0.0,-0.00872318549726,0.00849624543523,-0.999925857176,0.0,0.660937450866,0.259894563848,0.303250834457,1.0,-0.00566,-0.00743885714286,0.284
0.464424476156,0.543152693761,-0.124025423104,-1.36309442032,0.0791606453238,1.8966756146,0.158310187135,-0.00331298138719,-0.0332569626143,0.000978205444802,-0.0523923538913,-0.000813272216398,0.0118159839801,-0.00713868089948,0.573982578219,0.818853456273,0.00194009063583,0.0,0.818809252634,-0.57392312204,-0.012016850255,0.0,-0.00872674450697,0.00848619024048,-0.999925911508,0.0,0.660840586656,0.259758482259,0.303259083424,1.0,-0.006,-0.00788571428571,0.301
0.464337835798,0.542581604442,-0.124026512024,-1.36399955859,0.0791132165521,1.89699800362,0.158169156155,-0.00473782682736,-0.0369310724177,-0.000343270336502,-0.0566430431563,-0.000857956696722,0.0210992044586,-0.0119762540761,0.573976436253,0.818857775731,0.00193407664861,0.0,0.818813403604,-0.573916919238,-0.0120302448781,0.0,-0.00874122854634,0.00848888840325,-0.999925762093,0.0,0.660736754582,0.259614856562,0.30326017975,1.0,-0.00634,-0.00833257142857,0.318
0.464261548372,0.541983081531,-0.124031851237,-1.3649260408,0.0790572878254,1.89734871309,0.158052117423,-0.00606564221452,-0.0382966923402,-3.58812287513e-05,-0.0566185223716,-0.00436527298732,0.014230406712,-0.00605913850612,0.573979824955,0.818855381168,0.00194220972029,0.0,0.818811122357,-0.573920279471,-0.0120252076324,0.0,-0.00873240055979,0.00849269300349,-0.999925806921,0.0,0.660635892056,0.259485190319,0.303267183276,1.0,-0.00666,-0.00875314285714,0.334
0.464173765485,0.541334999231,-0.124026908264,-1.36590621699,0.078996762005,1.89770745511,0.157926665213,-0.00487272568128,-0.0382955921635,-6.35677618421e-05,-0.0581602750877,-0.00124892427644,0.0212230755337,-0.0105766637553,0.573987296855,0.818850065093,0.00197505633191,0.0,0.818806233695,-0.573927608666,-0.0120082710565,0.0,-0.00869960167304,0.00850994732297,-0.999925946122,0.0,0.660520479945,0.259325583519,0.303295618509,1.0,-0.00702,-0.00922628571429,0.352
0.464100560658,0.540675766749,-0.124029692437,-1.36691041228,0.0789378011533,1.89807591598,0.157782992831,-0.00107651797051,-0.0439000564007,-0.000127935949674,-0.06012903179,-0.00252640846132,0.0326976180176,-0.0167566132767,0.573971431053,0.818861136287,0.00199567411507,0.0,0.818817558703,-0.573911642342,-0.0119991351831,0.0,-0.00868045198712,0.008521417863,-0.999926014859,0.0,0.660402384296,0.259180539075,0.303315669949,1.0,-0.00734,-0.00964685714286,0.368
0.463994487301,0.539954336053,-0.124029867913,-1.36801533452,0.0788757779607,1.8984834721,0.15765318738,-0.00937720280425,-0.0381949584608,-0.000253940273272,-0.0667574380348,-0.000800876941601,0.0258307566335,-0.00901418054174,0.573996708726,0.81884336144,0.00201858830755,0.0,0.818800031948,-0.573936769944,-0.0119932768332,0.0,-0.00866223983866,0.00853708596517,-0.999926039147,0.0,0.660278355933,0.25900632693,0.30333494196,1.0,-0.00768,-0.0100937142857,0.385
0.463901473154,0.539189700275,-0.124035426387,-1.36917383667,0.0788015313577,1.89892708811,0.157518847595,-0.00450754848839,-0.0521443899064,0.0017854741918,-0.0670199655735,-0.00375369678546,0.0278706326905,-0.00900885352094,0.57401105267,0.818833211715,0.00205662502031,0.0,0.81879045953,-0.573951033009,-0.0119641962235,0.0,-0.00861644505762,0.0085516904606,-0.999926310017,0.0,0.660148582372,0.258832305274,0.303362403783,1.0,-0.00802,-0.0105405714286,0.402
0.463794144268,0.538478169566,-0.124040221957,-1.37029559615,0.0787463492938,1.89935976767,0.15737025251,-0.00851734161845,-0.046360130383,-0.000416410591408,-0.0681444705491,-0.00578535350815,0.0272219241803,-0.0100307968713,0.574027982749,0.8188212837,0.00208021192585,0.0,0.818778762287,-0.57396778662,-0.0119609886984,0.0,-0.00860010306417,0.00856934054651,-0.999926299599,0.0,0.660025965399,0.258655284426,0.303368781975,1.0,-0.00834,-0.0109611428571,0.418
0.463685182866,0.537687493862,-0.124045748283,-1.37153051897,0.0786703509769,1.89983519517,0.157226362988,-0.00559847507579,-0.0498526468142,-0.000570094639629,-0.0705212472793,-0.00931717602308,0.0312907018475,-0.00452552606883,0.574051171553,0.818804968093,0.00210322775764,0.0,0.818762802196,-0.573990932865,-0.0119427647458,0.0,-0.00857172647627,0.00857796789886,-0.999926469283,0.0,0.659889261469,0.258463919055,0.303380773272,1.0,-0.00868,-0.011408,0.435
0.46358866553,0.536867744173,-0.124057403255,-1.37283457701,0.078592508685,1.90031506763,0.157063014186,-0.00765651138935,-0.0476836635387,0.000947139811682,-0.0772854574308,-8.96632321199e-05,0.0279925378131,-0.0114184949632,0.574055637093,0.818801855109,0.00209630436594,0.0,0.818759627889,-0.573995455254,-0.0119430308999,0.0,-0.0085758717897,0.00857249864184,-0.999926480642,0.0,0.65973618953,0.258269399973,0.303380834382,1.0,-0.00902,-0.0118548571429,0.452
0.463470763246,0.536069726911,-0.124058363218,-1.37407376787,0.0785270881723,1.90078215754,0.156915286735,-0.00976761766237,-0.050528076724,0.000246232011875,-0.0812074601591,-0.00161365273182,0.0265186846986,-0.0102957011594,0.574082587447,0.818782892123,0.0021225592438,0.0,0.818740927834,-0.574022214992,-0.011938872893,0.0,-0.00855711346843,0.0085918905868,-0.99992647491,0.0,0.659597150449,0.258075547141,0.303394835261,1.0,-0.00934,-0.0122754285714,0.468
0.46335325835,0.53511636323,-0.124066655878,-1.37556108636,0.0784436455078,1.90131211734,0.156724088839,-0.00402189846872,-0.058201844639,-0.0011606081835,-0.0801273402525,-0.00129635026606,0.0306110611326,-0.00468958244568,0.574087259413,0.818779620166,0.00212110399827,0.0,0.818737573529,-0.574026828722,-0.0119470708295,0.0,-0.00856461240972,0.00859545418042,-0.999926380081,0.0,0.659419384126,0.257851660691,0.303405878586,1.0,-0.0097,-0.0127485714286,0.486
0.463229100546,0.534276775594,-0.124064153632,-1.37695450332,0.0783646347336,1.90181391104,0.156554645365,-0.00738381283382,-0.0562648580538,-0.00129675094787,-0.0888616697553,-0.00609849598688,0.033164863852,-0.0110938234527,0.574103629533,0.818768250421,0.00207883662937,0.0,0.818725548876,-0.574043268073,-0.0119811894018,0.0,-0.00861664120902,0.00858060618537,-0.999926060612,0.0,0.65925345552,0.257638128879,0.303378390036,1.0,-0.01002,-0.0131691428571,0.502
0.463094829608,0.53329850943,-0.12405955716,-1.37852289677,0.0782787856321,1.90240057208,0.156362996382,-0.0109281247276,-0.0532534737083,-0.000844948183829,-0.0872104766377,-0.000746787530341,0.0260393135579,-0.010329253546,0.57411921222,0.818757311375,0.00208377803856,0.0,0.818714592902,-0.574058747096,-0.0119882089101,0.0,-0.00861938863536,0.00858884590584,-0.999925966192,0.0,0.659081882559,0.257415319554,0.30337651178,1.0,-0.01036,-0.013616,0.519
0.462961319,0.532344258375,-0.124064847632,-1.38005332808,0.0781822212438,1.90297595656,0.156161332537,-0.00910444565385,-0.0599992930532,-0.00107899832765,-0.0866147304031,-0.0110505854134,0.0265160344112,-0.013637112676,0.574122008236,0.818755373929,0.00207466208931,0.0,0.81871255264,-0.57406159693,-0.0119910792369,0.0,-0.00862694282774,0.00858305963792,-0.999925950731,0.0,0.658893820589,0.25716808669,0.303366939129,1.0,-0.01072,-0.0140891428571,0.537
0.462840412203,0.531423277043,-0.12406451687,-1.38153070865,0.0781054060337,1.90351854324,0.155974333836,-0.00889022041285,-0.060302655428,0.000324540778706,-0.0882991061228,-0.00501410977371,0.0382288985729,-0.0154955901693,0.574127634817,0.818751442987,0.00206892421448,0.0,0.818708402154,-0.574067103073,-0.0120108414789,0.0,-0.00864635893124,0.00858976702788,-0.999925725431,0.0,0.658717031996,0.256949723697,0.303359942247,1.0,-0.01104,-0.0145097142857,0.553
0.462713241692,0.530458459676,-0.124065256366,-1.38307200904,0.0780072466326,1.90405384622,0.155767637079,-0.00441674949505,-0.0595314148332,0.000501389114399,-0.0943366635264,-0.00407834729174,0.0348413327416,-0.00544843297301,0.574120319094,0.818756666511,0.00203153859453,0.0,0.818713108379,-0.574059917719,-0.0120334507711,0.0,-0.00868641040186,0.00857206091275,-0.99992553025,0.0,0.658527655375,0.256715706607,0.30335258014,1.0,-0.01136,-0.0149302857143,0.569
0.462575951915,0.529413632075,-0.124073703067,-1.38471030543,0.0779041491783,1.9046667586,0.155545520302,-0.00544522268519,-0.0647864607135,-0.000725235525159,-0.0952357375225,-0.00308546801638,0.0299700348046,-0.0107861875712,0.574118129344,0.818758173054,0.00204316361634,0.0,0.818714830679,-0.574057742061,-0.012020054394,0.0,-0.00866879078446,0.00857386457095,-0.999925667694,0.0,0.658337417488,0.256464555646,0.303362167826,1.0,-0.0117,-0.0153771428571,0.586
0.462418250866,0.528192554116,-0.12406597373,-1.38661776185,0.0777842776201,1.90539634778,0.155291938309,-0.0103056591128,-0.0610166196363,0.000948415349637,-0.0994122960351,-0.0081283607815,0.0438256457108,-0.0137572739502,0.574105434813,0.818766986873,0.00207793775077,0.0,0.818724107912,-0.574044911949,-0.0120008787211,0.0,-0.00863325993414,0.0085911928347,-0.999925826363,0.0,0.658114087603,0.256184967384,0.3033770705,1.0,-0.01208,-0.0158765714286,0.605
0.462292311319,0.527268799511,-0.124071367383,-1.3880548471,0.0776917502033,1.90594635766,0.155096873122,-0.0125329479654,-0.0669194794976,0.000704399020257,-0.104760755793,-0.00793345560633,0.0390375847482,-0.00674431467467,0.574105554858,0.818766836432,0.0021038873484,0.0,0.818724379245,-0.574045006626,-0.0119778169485,0.0,-0.00859947883002,0.00859920066978,-0.999926048621,0.0,0.657950082499,0.25596285098,0.303391129996,1.0,-0.01236,-0.0162445714286,0.619
0.462120121139,0.525949927876,-0.124076933291,-1.39009550367,0.0775719456112,1.90670002107,0.154817538216,-0.00938314860983,-0.0742198247795,-0.00253911158246,-0.109742435838,-0.0033313533635,0.0464119794883,-0.0130907688709,0.574099606067,0.81877093515,0.00213189324413,0.0,0.818728805921,-0.574038905181,-0.0119676478864,0.0,-0.00857513768562,0.00861623023636,-0.999926111065,0.0,0.6577084856,0.255653190178,0.30341336129,1.0,-0.01274,-0.016744,0.638
0.461978806618,0.524852802868,-0.124077622015,-1.3918230637,0.0774526418534,1.9073167911,0.154579933577,-0.0056855597376,-0.0687328657676,0.000434510003495,-0.107075536182,-0.00933521904568,0.0503196847049,-0.0176374027315,0.574081890981,0.818783406401,0.00211252254187,0.0,0.818741097088,-0.574021345183,-0.0119690481983,0.0,-0.00858759036167,0.00860098844214,-0.999926135417,0.0,0.657497550254,0.255391796191,0.303416242615,1.0,-0.01306,-0.0171645714286,0.654
0.461828614738,0.523739473508,-0.12408960525,-1.39360700866,0.0773422246176,1.90796247571,0.154334440641,-0.00561133121159,-0.0697069711061,-2.49929618438e-05,-0.109739475041,-0.011691327434,0.034408003357,-0.0175879425305,0.574078346885,0.818785957257,0.00208680080759,0.0,0.818743336198,-0.57401793208,-0.0119795652517,0.0,-0.00861100450646,0.00858592857704,-0.999926063483,0.0,0.65728337665,0.255114921565,0.303406320415,1.0,-0.01338,-0.0175851428571,0.67
0.461670227677,0.522522054529,-0.124093572821,-1.395550915,0.0772275909761,1.9087053728,0.154080205617,-0.00992920118821,-0.0747414713339,-0.000482464092347,-0.113356636727,-0.00772700438462,0.050157820983,-0.0116316132327,0.574076170497,0.81878745083,0.00209945990597,0.0,0.818744983883,-0.574015692323,-0.0119742738828,0.0,-0.00859942782226,0.00859323300838,-0.999926100363,0.0,0.657053618237,0.254825623382,0.303401315173,1.0,-0.01372,-0.018032,0.687
0.461506213382,0.521276384759,-0.124098950325,-1.39754092967,0.0771094897409,1.90948285925,0.153816491605,-0.0136784633281,-0.0725935005084,-0.00136152112322,-0.118066460226,-0.00420654649117,0.0438632242175,-0.0166134550295,0.574073219611,0.818789454093,0.00212492170148,0.0,0.818747344799,-0.574012662124,-0.0119580938032,0.0,-0.00857159416416,0.00860476107929,-0.99992624021,0.0,0.656821926114,0.254528515982,0.303396923488,1.0,-0.01406,-0.0184788571429,0.704
0.461350344971,0.52005751832,-0.124096799485,-1.39945482867,0.0769764277927,1.91017882233,0.153554255002,-0.0112582873637,-0.0842610541778,0.00146405671886,-0.120725581468,-0.00581018704387,0.0450166189601,-0.0182538717005,0.574050536599,0.818805377639,0.00211704514827,0.0,0.818763254547,-0.573990103589,-0.0119516060324,0.0,-0.00857104134594,0.00859435009963,-0.999926334485,0.0,0.656587567036,0.254241998521,0.303402215043,1.0,-0.01438,-0.0188994285714,0.72
0.461162516496,0.518641879196,-0.124102589471,-1.40166496344,0.076836918059,1.91096339392,0.153260360143,-0.0109906212704,-0.0801278339243,-0.000329779383899,-0.125102253084,-0.00468451588958,0.0431777286267,-0.0146752168095,0.574047378638,0.818807621476,0.00210546747193,0.0,0.818765336506,-0.573986982823,-0.0119588539527,0.0,-0.00858365510089,0.00858899791105,-0.999926272272,0.0,0.656315636118,0.253902318127,0.303412226683,1.0,-0.01474,-0.0193725714286,0.738
0.460998102932,0.517380061636,-0.124108139239,-1.40366666106,0.0767022016027,1.91167504223,0.152975514779,-0.0113865760365,-0.0815253307399,-0.00019332951406,-0.12596890511,-0.00955244969392,0.0477589604997,-0.0180557073986,0.574024190658,0.818823921068,0.00208847499412,0.0,0.818781454054,-0.573963907557,-0.0119628684102,0.0,-0.00859693906808,0.00857714558616,-0.999926259887,0.0,0.65605278983,0.253580442576,0.303414152391,1.0,-0.01508,-0.0198194285714,0.755
0.460813160839,0.516022185347,-0.124114976469,-1.40581414041,0.0765717556457,1.91248651836,0.152684930042,-0.00964165536333,-0.0774561133756,-0.00193048913548,-0.127667000503,-0.00870226555389,0.0467979887381,-0.0154996463321,0.574019015158,0.81882754736,0.00208921578994,0.0,0.818785126699,-0.57395876625,-0.0119581705316,0.0,-0.00859272116661,0.00857500118226,-0.999926314534,0.0,0.655811562834,0.253268384631,0.303407638871,1.0,-0.0154,-0.02024,0.771
0.46062892333,0.514639735304,-0.124117495724,-1.4080350205,0.0764394930589,1.91330564271,0.152382624441,-0.0108313967043,-0.079528267337,-0.00289986680884,-0.138426680376,-0.00967955830491,0.0433272118242,-0.0174883826575,0.574005564718,0.818837018479,0.0020726173259,0.0,0.818794315368,-0.573945320673,-0.0119743433721,0.0,-0.00861563248693,0.0085705520235,-0.999926155531,0.0,0.655538620658,0.252934905856,0.303390942662,1.0,-0.01574,-0.0206868571429,0.788
0.46043658374,0.513239567225,-0.12411848022,-1.41030476796,0.0763028741795,1.91409391466,0.152066142541,-0.00784535655058,-0.0825570547674,-0.00161972137494,-0.132656671973,-0.00622657758316,0.0465731312899,-0.0183158966761,0.57398675022,0.818850375886,0.00200484010567,0.0,0.818806647672,-0.57392665521,-0.0120256005637,0.0,-0.00869670380423,0.00854427629682,-0.999925678581,0.0,0.655249417117,0.252588773245,0.303360257478,1.0,-0.01608,-0.0211337142857,0.805
0.46025039109,0.511891222119,-0.124113903835,-1.41245077768,0.076175064843,1.91486008677,0.151752844589,-0.0131632928889,-0.0857947396812,-0.00297382608582,-0.132485505257,-0.0104117429117,0.0512976530338,-0.0257949479683,0.573957204649,0.818871142622,0.00198139181187,0.0,0.818826968619,-0.573897077085,-0.0120535171627,0.0,-0.00873333054593,0.00854078450443,-0.999925389185,0.0,0.654979759235,0.252263883628,0.303349611842,1.0,-0.0164,-0.0215542857143,0.821
0.460039409007,0.510343155796,-0.124116284608,-1.4149070746,0.0760184451101,1.91580319857,0.151408462628,-0.00666633691924,-0.082522098839,0.000724191614222,-0.135287532383,-0.00859617738564,0.0548099653061,-0.0187506266824,0.573935853328,0.818886051519,0.00200444351019,0.0,0.818842251053,-0.573875700517,-0.0120330855542,0.0,-0.00870359206465,0.00854770683157,-0.999925589328,0.0,0.654685240798,0.251891866309,0.303346221799,1.0,-0.01676,-0.0220274285714,0.839
0.459833157794,0.508843835885,-0.124124896754,-1.41728135482,0.0758696015978,1.91666399202,0.151085726346,-0.0130711370267,-0.0914356835237,-0.000230317497178,-0.140875571141,-0.013708473853,0.0454192554062,-0.0184301372104,0.573929861536,0.818890290467,0.00198824484252,0.0,0.818846278264,-0.573869778671,-0.0120414535079,0.0,-0.00871980361624,0.00853918103974,-0.999925520932,0.0,0.654391341146,0.25152421139,0.303340276644,1.0,-0.0171,-0.0224742857143,0.856
0.459643197386,0.507418764061,-0.124127956181,-1.4195278216,0.0757273137177,1.91746820603,0.150772518337,-0.0106354869223,-0.0908774555726,0.00265493574378,-0.144195490538,-0.00774780998709,0.0562170782856,-0.0146203966587,0.573909009636,0.818904946335,0.00197089537228,0.0,0.818860678733,-0.573848975927,-0.0120535701815,0.0,-0.00873990022175,0.00853170550947,-0.999925409291,0.0,0.654108107183,0.251181965225,0.30333763951,1.0,-0.01742,-0.0228948571429,0.872
0.459426186539,0.505849009716,-0.124133765647,-1.4219673141,0.0755820423319,1.91838481617,0.150434565544,-0.0129186145248,-0.0984289673953,-0.000810067412703,-0.145589230805,-0.00651629960279,0.0538363897224,-0.0199415322046,0.57390117364,0.818910340404,0.00201101346577,0.0,0.818866563656,-0.57384093611,-0.012036522406,0.0,-0.00870299837072,0.00855469072582,-0.99992553477,0.0,0.653811563134,0.250806563218,0.303353610807,1.0,-0.01776,-0.0233417142857,0.889
0.459199822698,0.504199210573,-0.124135168262,-1.42444558463,0.0754218794282,1.91934275976,0.150102687608,-0.00977963535687,-0.0970334492522,-5.26407817459e-05,-0.142993210472,-0.00438367314336,0.0560591942858,-0.0182210685892,0.57390026697,0.818910712149,0.00211565604263,0.0,0.8188684128,-0.573839700083,-0.0119694622898,0.0,-0.00858803880516,0.00860188712224,-0.999926123835,0.0,0.653517202002,0.250424553988,0.303409807965,1.0,-0.0181,-0.0237885714286,0.906
0.458978750109,0.502628755534,-0.124140848462,-1.4267648237,0.0752713457031,1.92022184176,0.149773110502,-0.0131928543672,-0.100816655654,0.000397455858122,-0.147960961403,-0.00866475657891,0.0575046789172,-0.0128923982345,0.573893775202,0.818914980624,0.00222175485915,0.0,0.818874171185,-0.573832885254,-0.0119020363542,0.0,-0.00847200298153,0.00865000878423,-0.99992669857,0.0,0.653241306401,0.250057647298,0.303478928417,1.0,-0.01842,-0.0242091428571,0.922
0.458742378215,0.500929056298,-0.124144461566,-1.42933611805,0.0751062260338,1.92112650513,0.149411584662,-0.0167740582425,-0.0991957964926,0.00105179583171,-0.155269886324,-0.00635872591984,0.0526388837266,-0.0204749273962,0.573880313855,0.818924341512,0.00224836615047,0.0,0.818883851936,-0.573819292022,-0.0118913432294,0.0,-0.00844811720358,0.00866552535671,-0.999926766311,0.0,0.65291633583,0.249653350883,0.303519896126,1.0,-0.01876,-0.024656,0.939
0.458499200285,0.499207483764,-0.124143006154,-1.43193569439,0.0749419009775,1.9220748856,0.149052158176,-0.0160506994828,-0.100652088128,0.00136595294706,-0.153415384449,-0.00356968345081,0.0608402786786,-0.0243219674232,0.573871924778,0.81893005482,0.00230784850274,0.0,0.818890317402,-0.573810646258,-0.0118632713742,0.0,-0.00839108299038,0.00869804063486,-0.999926964241,0.0,0.652593219182,0.249247659412,0.30356562452,1.0,-0.0191,-0.0251028571429,0.956
0.458260163017,0.497635887272,-0.124147696062,-1.43442490743,0.0747918597265,1.9229984559,0.148676017859,-0.0194496241973,-0.100119935156,0.000168128904613,-0.154323427122,-0.0108299939894,0.0545785555341,-0.0279334370482,0.573849035564,0.818946079903,0.00231289745278,0.0,0.818906351688,-0.573787681553,-0.0118672054419,0.0,-0.00839165087419,0.00870419839532,-0.999926905892,0.0,0.652286297766,0.248852884678,0.303556872381,1.0,-0.01942,-0.0255234285714,0.972
0.45798189143,0.495864754291,-0.124150142942,-1.43728101898,0.0746137831772,1.9239874972,0.148258058221,-0.0156320815193,-0.0936618568014,-0.000356160277163,-0.161596310194,-0.0135185677691,0.0507155560702,-0.0203513247174,0.573832426006,0.818957945235,0.00223107624177,0.0,0.818917007041,-0.573771250795,-0.0119261998039,0.0,-0.00848709208281,0.00867087338606,-0.999926389902,0.0,0.651918446408,0.248393156894,0.303517592733,1.0,-0.01978,-0.0259965714286,0.99
0.457712078561,0.494165329052,-0.124145371525,-1.44002591481,0.0744467926378,1.92495359349,0.147874529598,-0.0148447795233,-0.100744186723,0.00255979712838,-0.158469758229,-0.0058062875838,0.0565333518991,-0.0288350993022,0.573828885823,0.818960599439,0.00216639398295,0.0,0.818918630317,-0.573767784652,-0.0119813653774,0.0,-0.00856942408326,0.00864952046848,-0.999925872636,0.0,0.651565381041,0.247955759715,0.303478412562,1.0,-0.0232748571429,-0.0305898122449,1.007
0.457424801187,0.492011322244,-0.124231048545,-1.44329374918,0.0742507738406,1.92617459227,0.147408482118,-0.0164246771335,-0.150061180703,-0.00100983990996,-0.224077593652,-0.0129676680562,0.0862894361269,-0.0385594225918,0.573855344653,0.818941856151,0.00224199854107,0.0,0.8189011818,-0.573794246996,-0.0119064462447,0.0,-0.00846440428916,0.00866871996794,-0.999926600883,0.0,0.65117292566,0.247410566627,0.303530630336,1.0,-0.0320611428571,-0.0421375020408,1.023
0.457024835318,0.489058976286,-0.124251012527,-1.4480223389,0.0739988836543,1.92793591358,0.146696303302,-0.0240026846719,-0.189557809874,-0.00134167867436,-0.308019705099,-0.0169243981284,0.112936095057,-0.0488095288016,0.573783044117,0.818992506649,0.00224482446593,0.0,0.818951498012,-0.573721564339,-0.0119481135313,0.0,-0.00849767485302,0.00869419470277,-0.999926097519,0.0,0.6505674355,0.246695687558,0.303486670293,1.0,-0.0413965714286,-0.054406922449,1.04
0.456451692476,0.485262331517,-0.124323902977,-1.45398547927,0.0736476973986,1.93018228881,0.145801902325,-0.0394890227064,-0.245024121771,-0.00667104756247,-0.37170390275,-0.0219985129997,0.139836302289,-0.0526768865517,0.573773837298,0.818998792201,0.00230410650404,0.0,0.818958651876,-0.573712219212,-0.0119064245308,0.0,-0.00842961555062,0.00871873071044,-0.999926459954,0.0,0.649834729756,0.245719287374,0.303482820566,1.0,-0.050732,-0.0666763428571,1.057
0.45579015176,0.480981687113,-0.124439893645,-1.46075822993,0.0732356219565,1.93255619914,0.144770345791,-0.0426670771885,-0.279450458551,-0.00750484173171,-0.453190001953,-0.0305386962045,0.154614156614,-0.0602326011317,0.573775376757,0.81899803266,0.00218779067978,0.0,0.818956440206,-0.573714293049,-0.0119585073715,0.0,-0.0085389916297,0.00865336894375,-0.999926099683,0.0,0.648969232908,0.244570659456,0.30343824673,1.0,-0.0595182857143,-0.0782240326531,1.073
0.454933800923,0.475622951346,-0.124569459524,-1.46913111559,0.0727327679918,1.93551407197,0.143556740205,-0.0522959349968,-0.339591555335,-0.00488555121993,-0.511934704615,-0.0328209870253,0.184212033045,-0.076736857312,0.573847112253,0.818947927802,0.0021284286137,0.0,0.818905553372,-0.573786256789,-0.011990541182,0.0,-0.00859853131555,0.0086238854799,-0.99992584418,0.0,0.647900380325,0.243138529341,0.303424839774,1.0,-0.0688537142857,-0.0904934530612,1.09
0.453883507555,0.469136372197,-0.124666229585,-1.47910052317,0.0721544460943,1.9391654748,0.142051497646,-0.0618242332332,-0.387475891182,-0.00302433103235,-0.568167119182,-0.0336951639491,0.215877849989,-0.08857155426,0.57386713212,0.818933488902,0.00228086145341,0.0,0.818892855275,-0.573805398732,-0.0119416441987,0.0,-0.00847080482038,0.00872086616087,-0.999926093248,0.0,0.646633918544,0.241462356006,0.303482531461,1.0,-0.0787382857143,-0.103484604082,1.108
0.452861903063,0.463056896936,-0.124703448365,-1.48834667418,0.0715679275253,1.94256785682,0.140546070999,-0.0696975106327,-0.407145226839,-0.0011736429768,-0.647570604765,-0.0376202324922,0.225161992154,-0.0968914763805,0.573775374297,0.818997211558,0.00247673395024,0.0,0.818959125476,-0.573712881042,-0.0118417830997,0.0,-0.00827761253808,0.00882303727113,-0.999926814894,0.0,0.645450864435,0.23990422003,0.303570409693,1.0,-0.0869754285714,-0.114310563265,1.123
0.45146619761,0.455090320376,-0.124807010185,-1.50085700312,0.0707519826416,1.94677047558,0.138679332637,-0.0803126632634,-0.454687891681,-0.0146872581557,-0.729664512349,-0.0497206511924,0.238801817,-0.105939896975,0.573821747951,0.81896558766,0.00217133793819,0.0,0.818923144786,-0.573760084019,-0.0120414211103,0.0,-0.00861584835978,0.00868795547212,-0.999925140491,0.0,0.643754600942,0.237727233187,0.303465075136,1.0,-0.09686,-0.127301714286,1.141
0.450015359216,0.446642502752,-0.124935360807,-1.5133910053,0.0698880682959,1.95140090876,0.136697786768,-0.0903144532725,-0.503258476079,-0.00479587075558,-0.752087005559,-0.047392881627,0.277212874864,-0.115339402435,0.573814364992,0.818969572683,0.00258078450354,0.0,0.818933378764,-0.573752061932,-0.011723458389,0.0,-0.00812058162327,0.00884074961618,-0.999927946054,0.0,0.642143921531,0.235528213896,0.303698979464,1.0,-0.106195428571,-0.139571134694,1.158
0.448483271813,0.43822171572,-0.124967193089,-1.52633382243,0.0690494826413,1.95584427673,0.13466636074,-0.101396201376,-0.537246024179,-0.000158795645274,-0.83546104314,-0.0546514483596,0.272581243553,-0.138723902104,0.57377495662,0.818997361447,0.00252348947974,0.0,0.818959785993,-0.573712181431,-0.0118299917402,0.0,-0.00824113403432,0.00885455987956,-0.999926837563,0.0,0.640358633348,0.233283430198,0.303685018382,1.0,-0.114981714286,-0.15111882449,1.174
0.446588702767,0.427948396177,-0.125062808308,-1.54172962971,0.0679996128535,1.96133182096,0.132127499632,-0.111580023358,-0.575654973355,-0.00449112178884,-0.89474087362,-0.0679411106701,0.316959186546,-0.13681151203,0.573697622725,0.819050623363,0.00280373845081,0.0,0.819016953202,-0.573634140145,-0.0116554934942,0.0,-0.00793827195295,0.00898321118752,-0.999928140296,0.0,0.638275282066,0.230548606397,0.303838699809,1.0,-0.124866285714,-0.16410997551,1.192
0.444695408929,0.418324696241,-0.125137562121,-1.55636202196,0.0669638021477,1.96632515067,0.129694138516,-0.124297832384,-0.613282195131,-0.00440342399912,-0.933753647956,-0.0616345862499,0.313183041667,-0.150001852607,0.573641448469,0.819090123732,0.00275766277342,0.0,0.819055850662,-0.573578126342,-0.0116787576187,0.0,-0.00798437370022,0.00895827173994,-0.99992799698,0.0,0.636226992462,0.227886790999,0.303846859669,1.0,-0.133652571429,-0.175657665306,1.208
0.442517545784,0.40742312029,-0.125246784324,-1.57274361838,0.0658094436664,1.972066767,0.126978707502,-0.133940895497,-0.640428394321,-0.00324374951099,-0.996888098721,-0.0644898310975,0.337115716944,-0.164300979136,0.573636300808,0.819093161703,0.00292125811077,0.0,0.819061140902,-0.573572576506,-0.0115798896924,0.0,-0.0078096052782,0.00903550804952,-0.999928682287,0.0,0.633792214481,0.224692916619,0.303917171201,1.0,-0.143537142857,-0.188648816327,1.226
0.440083769712,0.395865245454,-0.125354626991,-1.59004375241,0.0646365103961,1.97793546205,0.124041364135,-0.147260795891,-0.69520927189,-0.00809395927926,-1.03293362017,-0.0769070064582,0.359217394735,-0.178040014865,0.573667213759,0.819071044045,0.00304951901098,0.0,0.819040311824,-0.573602633737,-0.0115643019303,0.0,-0.00772292140956,0.00913191568678,-0.999928479743,0.0,0.631460335324,0.221627348343,0.303995732681,1.0,-0.152323428571,-0.200196506122,1.242
0.4372842044,0.383160006722,-0.12549800418,-1.60929510632,0.0631629390792,1.98432846166,0.12065819109,-0.15772288479,-0.733333765193,-0.00176541819331,-1.07081692318,-0.0726188385954,0.349589980933,-0.202613770449,0.573618131711,0.819106177847,0.00283818359063,0.0,0.819073079315,-0.573554684288,-0.0116216080663,0.0,-0.00789162940867,0.00899121798852,-0.999928437532,0.0,0.628637413408,0.217921459015,0.303916675619,1.0,-0.162208,-0.213187657143,1.26
0.434737610828,0.371924534349,-0.125626016609,-1.62594265896,0.0619325221286,1.98991100591,0.117672751574,-0.176684958036,-0.744666231292,-0.00904016499081,-1.12432363479,-0.0895733841086,0.373084536253,-0.198271320833,0.573623271073,0.819102203253,0.00294455594228,0.0,0.819070580202,-0.573559583968,-0.011555742594,0.0,-0.00777660566151,0.00904061607041,-0.999928893305,0.0,0.626184893643,0.214664721408,0.303984617707,1.0,-0.170445142857,-0.224013616327,1.275
0.431604126452,0.358738106942,-0.12581323329,-1.64544467489,0.0604116911873,1.99636625505,0.114214711819,-0.185928811646,-0.778831098937,-0.0143169140245,-1.16973231394,-0.0943337148202,0.382185608209,-0.205225412429,0.573757516652,0.819008046228,0.00297979862357,0.0,0.8189774628,-0.573694382809,-0.0114637455034,0.0,-0.00767955393015,0.00901797169183,-0.999929847858,0.0,0.623273161045,0.21073777214,0.304033134437,1.0,-0.179780571429,-0.236283036735,1.292
0.428152495543,0.345045056588,-0.126000575101,-1.66566987481,0.0589188388305,2.00288084252,0.11036933223,-0.206286105186,-0.824495658042,-0.0163056300824,-1.18814581103,-0.0962979450453,0.402847209343,-0.222888145305,0.573840596142,0.818949940084,0.00295173807894,0.0,0.818918448127,-0.573776902158,-0.0115494055552,0.0,-0.00776489535478,0.00904492467856,-0.999928945344,0.0,0.620179261464,0.20657170302,0.30403250337,1.0,-0.189116,-0.248552457143,1.309
0.424748049057,0.331744520811,-0.126107843397,-1.68528868204,0.0574017498374,2.00919358146,0.106652580884,-0.215250917855,-0.815210242259,-0.00131212188879,-1.24592405004,-0.0936404747146,0.375584489516,-0.239061566998,0.573865464539,0.818932634389,0.00291819180459,0.0,0.818900325935,-0.573801434058,-0.0116153931445,0.0,-0.00783791276907,0.00905555555011,-0.999928279447,0.0,0.617103479215,0.20255673157,0.303995268005,1.0,-0.197902285714,-0.260100146939,1.325
0.420929237691,0.316977139342,-0.126221004436,-1.70662905978,0.0555953277845,2.01603012711,0.10244467051,-0.230749325683,-0.866197377078,-0.00285579085709,-1.28684469846,-0.10036965087,0.393176143085,-0.248241515215,0.573756717871,0.819008384141,0.00304011616441,0.0,0.818978379332,-0.573693161312,-0.0114593957543,0.0,-0.00764139446739,0.00906486923292,-0.999929716148,0.0,0.613706853256,0.198131579407,0.304092274361,1.0,-0.207237714286,-0.272369567347,1.342
0.416557785187,0.300860577354,-0.126324850976,-1.72987175031,0.0536583609831,2.02329849289,0.0976229009355,-0.252432469953,-0.914747953046,-0.0062885285117,-1.31086580612,-0.110157901842,0.405031280142,-0.271474096225,0.573566842454,0.819141153583,0.00309752243955,0.0,0.8191118881,-0.573503133411,-0.0114288075758,0.0,-0.00758551384145,0.00909257758843,-0.999929890049,0.0,0.609911555525,0.193229501159,0.304138131781,1.0,-0.217122285714,-0.285360718367,1.36
0.412336314604,0.286081756284,-0.126479758764,-1.75106838082,0.0519424265914,2.02976265809,0.093258146738,-0.262966948863,-0.928310868022,-0.00526685346245,-1.33120233213,-0.114941483772,0.39897847444,-0.282961821519,0.573637035646,0.819091904127,0.0031226318927,0.0,0.819062328364,-0.573572479577,-0.0115004272459,0.0,-0.00762899801544,0.00915487740241,-0.999928990783,0.0,0.606384011486,0.188620190017,0.304158442384,1.0,-0.225908571429,-0.296908408163,1.376
0.407524768503,0.269927694006,-0.126658620346,-1.77410100456,0.0499622507015,2.0366840101,0.0882625808084,-0.288474997694,-0.97357090794,-0.0146859900823,-1.35964651179,-0.117502309688,0.427219967037,-0.296082096182,0.573611818739,0.819109644451,0.00310139825368,0.0,0.819079640788,-0.573547148832,-0.0115306987514,0.0,-0.00766625602789,0.00915461350434,-0.999928708244,0.0,0.602482944119,0.183496211221,0.30416521878,1.0,-0.235244,-0.309177828571,1.393
0.402296249764,0.253298162919,-0.126885458225,-1.79750000288,0.0478517852746,2.04360834819,0.0831096947911,-0.314619110319,-1.01892440231,-0.0176245210023,-1.38065139897,-0.135081360531,0.420459232312,-0.304757211075,0.573751708781,0.819011528213,0.0031369135687,0.0,0.818982405914,-0.573687417332,-0.011459184079,0.0,-0.00758574207002,0.00914397951814,-0.999929419587,0.0,0.59847139902,0.178097439391,0.304227186325,1.0,-0.244579428571,-0.32144724898,1.41
