position_joint1,position_joint2,position_joint3,position_joint4,position_joint5,position_joint6,position_joint7,velocity_joint1,velocity_joint2,velocity_joint3,velocity_joint4,velocity_joint5,velocity_joint6,velocity_joint7,ee_T_00,ee_T_10,ee_T_20,ee_T_30,ee_T_01,ee_T_11,ee_T_21,ee_T_31,ee_T_02,ee_T_12,ee_T_22,ee_T_32,ee_T_03,ee_T_13,ee_T_23,ee_T_33,v_x,v_y,time
0.465068662294,0.547763878498,-0.123936318667,-1.35585575138,0.0795505245566,1.89410256501,0.159161509778,-0.000432676214557,-0.000616117976635,-0.000241036104294,-0.00114025922153,-0.000460701001629,-0.000537652988201,0.000749311066399,0.573789904739,0.818988375633,0.00198310342434,0.0,0.81894490552,-0.573730457985,-0.0119728945653,0.0,-0.00866806152284,0.00849414201712,-0.999926354419,0.0,0.661659206565,0.260923214645,0.303214353504,1.0,0.0,0.0,0.0
0.465066506917,0.547764374379,-0.123935670634,-1.35585426754,0.0795511466092,1.89410456976,0.159153687926,0.000241514430564,0.00110215830401,0.000369929678038,0.000182603811495,-0.000146449510638,0.000213328381243,-0.00014447730634,0.573784910324,0.818991867453,0.00198610995503,0.0,0.818948431328,-0.573725446413,-0.0119718780557,0.0,-0.00866555578395,0.0084959681824,-0.999926360622,0.0,0.661660312474,0.260922570764,0.303214862281,1.0,-0.00026,-0.000341714285714,0.014
0.465066688753,0.547754119244,-0.123933510015,-1.35585509597,0.0795507938876,1.89410268275,0.159159141436,-0.000866770252196,-0.000855161050634,-0.00115190912315,-0.000411834973094,-0.000224502568286,0.000111309749509,0.000868736980033,0.573796596352,0.818983668768,0.00199078056255,0.0,0.818940309098,-0.573737126596,-0.0119677316329,0.0,-0.00865935875941,0.00849753773019,-0.999926400971,0.0,0.661661106658,0.260918281234,0.303221208888,1.0,-0.00062,-0.000814857142857,0.032
0.46506578329,0.547712647395,-0.123937856615,-1.35588728432,0.0795493397681,1.89410534966,0.159156428818,1.11167680048e-05,-0.00738350319884,0.0025468236024,-0.00351475120059,-0.000374034345766,-2.85892352426e-05,0.00245054402182,0.573790511702,0.818987900707,0.00200351609658,0.0,0.818944688942,-0.573730971426,-0.0119631007994,0.0,-0.00864832208031,0.0085052463481,-0.999926430949,0.0,0.661655062687,0.260917351751,0.303235928296,1.0,-0.00096,-0.00126171428571,0.049
0.465062765026,0.547631463606,-0.123933511066,-1.35598905184,0.0795509876254,1.8941257521,0.159150282421,-0.00127926856666,0.000581600454571,0.000208694817393,-0.00840735774199,-0.00012479955389,-9.38160960432e-06,0.000444862510104,0.573787334956,0.818990088359,0.00201898878688,0.0,0.818946922317,-0.573727576576,-0.0119730198596,0.0,-0.00864760154205,0.00852357591508,-0.999926281103,0.0,0.661633756868,0.260914461084,0.303252752499,1.0,-0.00128,-0.00168228571429,0.065
0.465061267698,0.547474810179,-0.123933756564,-1.35618731766,0.0795487410417,1.89416280519,0.159149608948,-0.00231541805204,-0.0144645412088,-0.000914834900595,-0.0115474134175,-0.000290977508566,0.0073303561703,-0.000212478557269,0.573801954894,0.818979859773,0.00201314355348,0.0,0.818936522821,-0.573742126019,-0.0119871315352,0.0,-0.00866236081872,0.00852704046206,-0.999926123814,0.0,0.661604288936,0.260888050561,0.30326645893,1.0,-0.00162,-0.00212914285714,0.082
0.465037964654,0.547324153597,-0.123939038808,-1.35638740756,0.0795423086296,1.8942515907,0.159146866219,-0.00546364656436,-0.0100013669476,-0.000883643748006,-0.011635665216,-0.000206675362799,0.00489009457698,0.00131617434605,0.573832050949,0.818958686023,0.00204811915089,0.0,0.818915806157,-0.573772072487,-0.0119690501711,0.0,-0.00862717013091,0.00854562628293,-0.999926269385,0.0,0.661587753765,0.260852798418,0.303285815297,1.0,-0.00194,-0.00254971428571,0.098
0.465023706176,0.547127864151,-0.123935651798,-1.35660219036,0.0795432019301,1.89438029583,0.159126150281,0.000789551989714,-0.01624669794,-0.000131258783652,-0.0147313703121,0.000244291851899,0.00883933549189,-0.00151583610049,0.573836894891,0.81895503105,0.0021499028131,0.0,0.818913412814,-0.573776431234,-0.0119237651411,0.0,-0.00853162814804,0.00860304624917,-0.999926596764,0.0,0.661572255198,0.260831313372,0.303333689897,1.0,-0.00228,-0.00299657142857,0.115
0.465001346925,0.546924864667,-0.1239366283,-1.35686748406,0.0795340688344,1.89451310832,0.159115636389,-0.00265991401227,-0.0134780879725,0.000583349909831,-0.0150155106547,-0.00441841937917,0.006182955921,-0.00093755324654,0.573859886405,0.818938753553,0.00221260158371,0.0,0.818897950153,-0.573799165135,-0.0118916873192,0.0,-0.00846913770643,0.00863622350961,-0.999926841999,0.0,0.661549829792,0.260794681474,0.303362750204,1.0,-0.00262,-0.00344342857143,0.132
0.464968955173,0.546682200584,-0.123937416351,-1.35723127044,0.079528985917,1.89464479756,0.159089359416,-0.00324373765051,-0.0132684483443,0.000319835669603,-0.0212865940357,-0.000275913699035,0.00478484199525,-0.00602264047223,0.573884423611,0.818921509846,0.00223068340194,0.0,0.818880792937,-0.573823474828,-0.0119001511252,0.0,-0.00846543421179,0.00865614181993,-0.99992670113,0.0,0.661507955955,0.260740920732,0.303372914857,1.0,-0.00296,-0.00389028571429,0.149
0.464933889075,0.546426952277,-0.12393420168,-1.35761279384,0.0795184867832,1.89478679028,0.158966937049,-0.000886047963522,-0.0145048114982,0.00094793741946,-0.0252824291988,0.000289224303003,0.0134737185424,-0.0129535593372,0.573829191368,0.818960152414,0.00225273012463,0.0,0.818919589378,-0.573768024917,-0.011904058831,0.0,-0.00845656813545,0.00867586831899,-0.999926605189,0.0,0.661464457736,0.260685591528,0.30338428821,1.0,-0.00328,-0.00431085714286,0.165
0.464891995121,0.546134065077,-0.123937448693,-1.35809187733,0.0795057865897,1.89495373338,0.158916181854,-0.0060287927624,-0.0155304963188,-0.000477763271556,-0.0279347582219,0.000309590267264,0.0194619183799,-0.000561467459587,0.57384759556,0.818947280231,0.0022441419519,0.0,0.818906458086,-0.57378631034,-0.0119260166266,0.0,-0.00847928420239,0.00868162545125,-0.999926362848,0.0,0.661407889871,0.260612252147,0.303378239186,1.0,-0.00362,-0.00475771428571,0.182
0.464841272713,0.545795538575,-0.123942088214,-1.3586733317,0.0794775667857,1.89515010175,0.158876400416,-0.0009142740202,-0.0158016954806,-0.00100318847602,-0.03842637865,-0.000227907517779,0.00761096361596,-0.000281487767347,0.573884759528,0.818921340632,0.00220625003313,0.0,0.818879952348,-0.573823549476,-0.0119542716229,0.0,-0.00852377402772,0.008667195088,-0.999926109773,0.0,0.66133833038,0.26052019649,0.303358332277,1.0,-0.00398,-0.00523085714286,0.2
0.464781236778,0.545478388216,-0.123934315992,-1.35920643955,0.0794303458755,1.89533341212,0.15879105705,-0.00553098848299,-0.0270105882465,0.000492912547613,-0.036379385448,-0.00269873912864,0.0150726018301,-0.00272497021674,0.573875796581,0.818927713479,0.00217188735778,0.0,0.818885943699,-0.573814795827,-0.0119640378971,0.0,-0.00855158574282,0.00864456624181,-0.999926068195,0.0,0.661277292555,0.260430668919,0.303344699776,1.0,-0.00428,-0.00562514285714,0.215
0.464715885519,0.545053930076,-0.123939672775,-1.35993569222,0.0793718229593,1.89556268269,0.15869913516,-0.00596335876643,-0.0278840461903,-0.000628170149233,-0.0390377741986,-0.0039111957251,0.01343281679,-0.00482634190178,0.57388275196,0.818923031081,0.00209834912765,0.0,0.818880388615,-0.573822141926,-0.0119918922153,0.0,-0.00861652342517,0.0086004026392,-0.999925891553,0.0,0.661188137148,0.260309440028,0.303318050479,1.0,-0.00464,-0.00609828571429,0.233
0.46464682284,0.544632780936,-0.123940147289,-1.36066058304,0.0793471730249,1.8958054812,0.158629546764,-0.00461308837713,-0.0230778935292,-0.00059814234927,-0.0434349649336,-0.000799077623868,0.0141274882194,-0.00444791276422,0.573916454961,0.818899518949,0.00205608664852,0.0,0.818856106129,-0.573855801535,-0.0120392442101,0.0,-0.00867920114198,0.00859332491248,-0.999925410335,0.0,0.661100451604,0.260195469307,0.303292175562,1.0,-0.00498,-0.00654514285714,0.25
0.464583797547,0.544188698505,-0.123939873958,-1.36138159277,0.0793168140141,1.89606705986,0.15852070576,-0.00365166227796,-0.03360656188,0.000706476192104,-0.0477446184048,0.000422037764222,0.0172075520775,-0.00642183310714,0.573910874228,0.818903445564,0.00204992359428,0.0,0.818859812978,-0.573850110049,-0.0120583907711,0.0,-0.00869847634285,0.00859920720162,-0.999925192274,0.0,0.661016501487,0.26008704693,0.303285931012,1.0,-0.0053,-0.00696571428571,0.266
0.464514206918,0.543684202336,-0.123940583583,-1.36220508957,0.0792787697135,1.89635414374,0.158423416005,-0.00906445099075,-0.0282574342505,0.000285790691478,-0.0499225383827,-0.00049666206931,0.0129158140864,-0.00426423049876,0.573924367555,0.81889404195,0.00202861698888,0.0,0.818849991614,-0.573863555976,-0.012085415089,0.0,-0.00873269318332,0.00859741274276,-0.999924909463,0.0,0.660917904422,0.259962833535,0.303275842443,1.0,-0.00564,-0.00741257142857,0.283
0.464430474926,0.543143956302,-0.123946286,-1.36304892126,0.0792271167694,1.89665926966,0.158313465432,-0.00846520816829,-0.0334365872638,-0.00061740377055,-0.0476490798744,-1.27317246178e-05,0.017271099454,-0.00561388528666,0.573940060089,0.818883044923,0.00202806885819,0.0,0.81883900665,-0.573879267821,-0.012083627543,0.0,-0.00873137915079,0.00859610530904,-0.999924932178,0.0,0.660824631514,0.259823471023,0.303283010657,1.0,-0.00598,-0.00785942857143,0.3
0.464357920415,0.542614369235,-0.123946296223,-1.36389964036,0.0791766700239,1.89696325861,0.1581971391,-0.00168670275203,-0.031066522299,-0.00291591833276,-0.0509331727938,-0.00454374659517,0.0129546375366,-0.0107934735523,0.573938047316,0.818884491085,0.00201370402383,0.0,0.818840229947,-0.573877283103,-0.0120949849014,0.0,-0.00874894500583,0.00859083928285,-0.999924823895,0.0,0.660724855478,0.259693958425,0.303279016253,1.0,-0.0063,-0.00828,0.316
0.464264136894,0.541975867936,-0.123943498712,-1.36488577358,0.0791247062049,1.89733351808,0.158071850895,-0.00972220995009,-0.0393677448256,0.0010424636162,-0.0576931504226,0.000470844884476,0.0230374462589,-0.00269223020805,0.573951254673,0.818875175644,0.00203736954397,0.0,0.818831142671,-0.573890306167,-0.012092277733,0.0,-0.00873300755863,0.00860880535461,-0.999924808698,0.0,0.660614768123,0.259541667237,0.303293183134,1.0,-0.00666,-0.00875314285714,0.334
0.464190673161,0.541335078336,-0.123955128706,-1.36584910088,0.0790661659264,1.89768973249,0.157939789765,-0.00083110528787,-0.0311665414669,-0.00118709345812,-0.0525648342436,-0.0010749730218,0.0168809609722,-0.00662351547841,0.573949229396,0.818876530063,0.00206336825429,0.0,0.818832895349,-0.573888226744,-0.0120722657323,0.0,-0.00870171985936,0.00861858735046,-0.999924997199,0.0,0.660505434454,0.259395167797,0.30331896899,1.0,-0.007,-0.0092,0.351
0.464097120333,0.540685465283,-0.123950218231,-1.36685068769,0.0790048168928,1.8980547888,0.157831887974,-0.00221032922347,-0.0435444152799,-0.00108683293995,-0.0640716229191,-0.00117987157068,0.0283934095392,-0.00216197844606,0.573973131738,0.818859746963,0.00207502962247,0.0,0.818816235153,-0.573912046782,-0.0120699009551,0.0,-0.00869283890827,0.00862703289138,-0.999925001615,0.0,0.660390669262,0.259240714566,0.303332912832,1.0,-0.00732,-0.00962057142857,0.367
0.4640083575,0.539951586145,-0.12395556603,-1.36795143295,0.078944091294,1.89846274105,0.157688909908,-0.0097079101625,-0.0472010048078,0.000427007859737,-0.0647412121104,-0.00112313923773,0.0270317666452,-0.00822407601359,0.57397718077,0.818856813668,0.00211224218055,0.0,0.818813760669,-0.573915909226,-0.0120541021007,0.0,-0.00865850094922,0.00864847901379,-0.999925114282,0.0,0.660264662021,0.259075835911,0.303363175321,1.0,-0.00766,-0.0100674285714,0.384
0.463905018277,0.539202785097,-0.123950873816,-1.3691027592,0.0788738062165,1.89890541704,0.157544176145,-0.00797688164099,-0.0494183350084,0.000983149325375,-0.0733414711128,4.83546585191e-05,0.0229173149128,-0.00132993626168,0.573987168479,0.818849718484,0.00214845534057,0.0,0.818807187661,-0.573925791978,-0.0120300306865,0.0,-0.00861789922938,0.00866442074262,-0.999925327025,0.0,0.66013011568,0.258887444756,0.303385549596,1.0,-0.00802,-0.0105405714286,0.402
0.463801085858,0.538495697589,-0.123958811035,-1.37022103053,0.078807146519,1.89934223159,0.157407018507,-0.00804648237084,-0.0527116401006,1.03314571955e-06,-0.0708764392285,-0.000941122325597,0.0239588805958,-0.00986932428999,0.574007457946,0.818835452499,0.00216491413856,0.0,0.81879314465,-0.573946018011,-0.0120208811895,0.0,-0.00860074543011,0.0086728592887,-0.999925401562,0.0,0.660015469405,0.258724351632,0.303387803714,1.0,-0.00832,-0.0109348571429,0.417
0.463695573504,0.537709496097,-0.123961941434,-1.37145100389,0.0787439372675,1.89981067113,0.157250517529,-0.00872903526717,-0.0436848316329,0.000454012256741,-0.0712493487393,-0.00357849884665,0.028551650541,-0.0154225635363,0.574018950081,0.81882732914,0.00219018347744,0.0,0.818785275931,-0.573957327187,-0.0120168792941,0.0,-0.00858284256855,0.00869137375445,-0.999925394635,0.0,0.659876274242,0.258538777753,0.303398334626,1.0,-0.00866,-0.0113817142857,0.434
0.463579073526,0.536828372168,-0.123965118049,-1.37283279158,0.0786588381162,1.90031546346,0.157086360037,-0.00459741066527,-0.0516516758227,-0.000594841541834,-0.0774449779112,-0.00424126114779,0.0298040656926,-0.00638495210485,0.574035438336,0.818815766609,0.00219152612737,0.0,0.81877373869,-0.573973815611,-0.0120154369896,0.0,-0.00858071584184,0.00869181802432,-0.999925409026,0.0,0.659715417045,0.258328101077,0.303406603825,1.0,-0.00902,-0.0118548571429,0.452
0.463477259239,0.536039668702,-0.123973844563,-1.37407571409,0.0785847463458,1.90077646189,0.15693518838,-0.00688449422648,-0.0481390121916,-0.00195468963375,-0.0806811337277,-0.00913522988937,0.0292400601141,-0.00418044028127,0.57404968687,0.818805768286,0.00219493223045,0.0,0.818763807469,-0.573988071105,-0.0120111909895,0.0,-0.00857513264689,0.00869231885066,-0.999925452568,0.0,0.659572159969,0.258137982805,0.303411962599,1.0,-0.00934,-0.0122754285714,0.468
0.463358796546,0.535127722946,-0.123966164665,-1.37548521783,0.078512087873,1.90129074008,0.156755578324,-0.00307310790774,-0.0537994981311,-0.000559647186246,-0.0822504402078,0.00037546148226,0.0294898824459,-0.0118323948222,0.574052090319,0.818804021089,0.00221800592723,0.0,0.818762188682,-0.573990202909,-0.0120196609554,0.0,-0.0085687980261,0.00871609869576,-0.999925299872,0.0,0.659404269091,0.257932114584,0.303428946503,1.0,-0.00968,-0.0127222857143,0.485
0.463231373853,0.534237143418,-0.123971599542,-1.37695957002,0.0784319753589,1.90182067564,0.156584231924,-0.00730857399884,-0.0519397694469,-0.000797997714405,-0.0899772960849,-0.0119795499327,0.0322985325539,-0.00659512438224,0.574079300751,0.81878506088,0.00217426544354,0.0,0.818742552149,-0.574017486531,-0.0120542672336,0.0,-0.00862195354512,0.0087004364532,-0.999924979347,0.0,0.659229220282,0.257704620418,0.303401611492,1.0,-0.01002,-0.0131691428571,0.502
0.463110749732,0.533368103875,-0.123972839869,-1.37834752073,0.0783503488129,1.9023337846,0.156407674384,-0.012563707281,-0.059986339602,-0.000931908713004,-0.0871922235471,-0.000498117633523,0.0311517435195,-0.0171118647028,0.574088466677,0.818778647489,0.00216927301574,0.0,0.818736038777,-0.574026637317,-0.0120609020943,0.0,-0.00863015476681,0.00870025429282,-0.999924910183,0.0,0.659067364841,0.257492654575,0.303398416934,1.0,-0.01034,-0.0135897142857,0.518
0.462984377537,0.532427656627,-0.123972693986,-1.3798704995,0.0782722134954,1.90291775306,0.156216586336,-0.00262086484837,-0.0573829458258,-0.000698466808465,-0.0952473389735,-0.00687241364611,0.0317763912458,-0.00409858421501,0.574097847972,0.818772052252,0.0021758462915,0.0,0.81872940908,-0.574035868195,-0.0120716044531,0.0,-0.00863504478842,0.00871187921725,-0.999924766751,0.0,0.658890695367,0.257267990908,0.303387255537,1.0,-0.01068,-0.0140365714286,0.535
0.46284756583,0.531446778653,-0.123971844017,-1.38144009617,0.0781778416248,1.90348905298,0.156029724368,-0.0115609545592,-0.0597486406867,-0.000760992716591,-0.0962532874622,-0.00119461182402,0.0371143653133,-0.00466156515276,0.574116485107,0.818759024535,0.00216059547239,0.0,0.818716135246,-0.574054520639,-0.0120848716658,0.0,-0.00865446476379,0.00870720605943,-0.999924639562,0.0,0.658704695666,0.25702841675,0.303381045136,1.0,-0.01102,-0.0144834285714,0.552
0.462722193291,0.530499018223,-0.123973265897,-1.38298734781,0.0780784179846,1.90403149441,0.15581019848,-0.00454038497147,-0.0503780630938,0.000397832031433,-0.0935986836488,-0.00196014740195,0.0403008303233,-0.0181048644421,0.574097732439,0.818772309843,0.00210835119315,0.0,0.818728717437,-0.574035974662,-0.0121133785556,0.0,-0.0087079971638,0.00868059795762,-0.999924406145,0.0,0.658514702093,0.25679453969,0.303359493047,1.0,-0.01134,-0.014904,0.568
0.462576902093,0.529443915273,-0.12397573311,-1.38463052206,0.0779808637019,1.90463433789,0.155594257209,-0.00482469713034,-0.0595924986124,0.000288954495837,-0.0943059652212,-0.00782469422947,0.0440451099319,-0.0196473963946,0.574108578794,0.818764676916,0.00211907779623,0.0,0.818721214977,-0.574046763503,-0.0121091849095,0.0,-0.00869829058865,0.00868708814007,-0.999924434265,0.0,0.658311760709,0.256524138164,0.303371812984,1.0,-0.0117,-0.0153771428571,0.586
0.462428364374,0.528287990339,-0.1239786793,-1.38642597918,0.0778649320125,1.90532169968,0.155341266345,-0.00547072029728,-0.0647464995117,0.000435666079442,-0.0995660557802,-0.00627737250512,0.0395531564729,-0.0120843845316,0.574087409847,0.818779423005,0.00215620496443,0.0,0.818736518083,-0.574025509828,-0.0120820083172,0.0,-0.00865494977929,0.00870166013934,-0.999924683641,0.0,0.658114664103,0.256271833323,0.303391974885,1.0,-0.01204,-0.015824,0.603
0.462289609855,0.527238309734,-0.123981527312,-1.38806691265,0.0777598786944,1.90595992976,0.155113308791,-0.00741468266766,-0.0675778676444,-0.000672964693136,-0.104326101784,-0.0118566188206,0.0413770126853,-0.01773890407,0.574077045384,0.818786598268,0.00219074447117,0.0,0.818744235932,-0.57401509239,-0.0120539096474,0.0,-0.008612225098,0.00871370000958,-0.999924947689,0.0,0.657927255976,0.256024181041,0.303405227698,1.0,-0.01236,-0.0162445714286,0.619
0.462142146755,0.52608127323,-0.123981668072,-1.38987812524,0.0776447134854,1.90662570083,0.154873098077,-0.00652958366457,-0.0657885953048,-0.000896089017196,-0.107940187739,-0.00870262695218,0.0448002277275,-0.0186783254862,0.574067877409,0.818793008617,0.00219728686788,0.0,0.818750749312,-0.574005915858,-0.0120484838137,0.0,-0.00860412430612,0.00871584560547,-0.999924998728,0.0,0.657709898609,0.255753859273,0.303415009052,1.0,-0.0127,-0.0166914285714,0.636
0.461985212906,0.524903066097,-0.123990691371,-1.39172778837,0.0775238482438,1.90728868058,0.154618783977,-0.00950184789463,-0.0608920163218,-0.00037626946636,-0.109460226221,-0.00287946881059,0.0410717855473,-0.0159681139792,0.574061364295,0.818797611782,0.00218354418933,0.0,0.818755234506,-0.573999523629,-0.0120482257491,0.0,-0.00861187095028,0.00870437673188,-0.999925031942,0.0,0.657487686387,0.255466794313,0.303421114555,1.0,-0.01304,-0.0171382857143,0.653
0.461832468656,0.52378812951,-0.123993511538,-1.39351029803,0.0774224142616,1.90792947715,0.154381998458,-0.00713761922723,-0.0710427256042,-0.000550636656619,-0.114713235867,-0.00446452575801,0.0368762560612,-0.0178349100497,0.574062915884,0.81879657722,0.00216347881832,0.0,0.81875383038,-0.574001051469,-0.0120708347481,0.0,-0.0086418854425,0.00870094268223,-0.999924802879,0.0,0.657271035021,0.255194889695,0.303412315201,1.0,-0.01336,-0.0175588571429,0.669
0.461675232723,0.522565992238,-0.123994241923,-1.39543684011,0.0773061637747,1.90867804458,0.154117803242,-0.0127195388744,-0.0744865215133,-0.000315700668815,-0.11594221773,-0.0012681446559,0.0453335506251,-0.0185652838554,0.574048024807,0.818806922425,0.00219906910879,0.0,0.818764663031,-0.573986034639,-0.0120501249855,0.0,-0.0086046564629,0.00871803837372,-0.999924975033,0.0,0.657045735676,0.254910483333,0.30341927732,1.0,-0.0137,-0.0180057142857,0.686
0.461503273174,0.521253406665,-0.124000724086,-1.3975369715,0.0771768657183,1.90949089374,0.153834480586,-0.0103089700986,-0.0773748648153,-0.000297852176426,-0.11756786077,-0.0016425114954,0.0396117442587,-0.014039628603,0.574039110457,0.818813128443,0.00221523256995,0.0,0.818771143814,-0.573977118312,-0.0120344760006,0.0,-0.00858265937908,0.0087221963326,-0.999925127822,0.0,0.656799826379,0.254595931769,0.303412588643,1.0,-0.01406,-0.0184788571429,0.704
0.461347022212,0.520035914749,-0.124003782699,-1.39944767305,0.077057723216,1.91018888199,0.15358254932,-0.00683797731077,-0.0729064479863,0.000603862539962,-0.122714445049,-0.00800253968321,0.0464383268845,-0.0181727127735,0.574032574716,0.818817706397,0.0022166996421,0.0,0.818775739381,-0.573970575714,-0.0120338571113,0.0,-0.00858138012736,0.00872297381407,-0.999925132019,0.0,0.656567131889,0.25430886157,0.303418801811,1.0,-0.01438,-0.0188994285714,0.72
0.461178463553,0.518691929907,-0.124006768867,-1.40153120966,0.0769179370211,1.91092907806,0.153302345475,-0.00510305338222,-0.0827327353334,-0.000469303873359,-0.122278118989,-0.0104900457661,0.0444348353246,-0.0192550618484,0.574015992353,0.818829347887,0.00221053452565,0.0,0.81878735481,-0.573954076524,-0.0120304840343,0.0,-0.00858233333083,0.00871581575489,-0.999925186257,0.0,0.656308909148,0.253994511977,0.303434814741,1.0,-0.01472,-0.0193462857143,0.737
0.4610007844,0.517353505361,-0.124009389425,-1.40365651694,0.0767785436242,1.91169560469,0.15301121578,-0.0090247418423,-0.0792151204116,-0.000460675905277,-0.124966651059,-0.00593468046264,0.0416892546999,-0.00954858711257,0.573999825956,0.818840743938,0.00218695468796,0.0,0.81879847507,-0.573938043411,-0.0120385401921,0.0,-0.00860263633963,0.00870096265908,-0.999925141146,0.0,0.65604735888,0.253671249875,0.303428950852,1.0,-0.01506,-0.0197931428571,0.754
0.460823632018,0.516083368934,-0.124011242048,-1.40567473107,0.0766593483838,1.91244821291,0.152727367574,-0.00745436942448,-0.0780969021883,-0.000235421369109,-0.125388356956,-0.0085844132908,0.0518124038993,-0.017833492177,0.573988409466,0.818848734988,0.00219132571081,0.0,0.818806470049,-0.573926556263,-0.0120424051797,0.0,-0.00860341387112,0.00870664029504,-0.999925085036,0.0,0.655804458299,0.253362921115,0.303424567854,1.0,-0.01538,-0.0202137142857,0.77
0.460608675007,0.514533228508,-0.124021145612,-1.40816468711,0.0765065050857,1.91336994112,0.15239659542,-0.0139849830952,-0.081603775497,-0.00173458643222,-0.13130599011,-0.000863755735951,0.0461699651523,-0.0189971779276,0.573990671304,0.818847202968,0.00217125521844,0.0,0.818804682825,-0.57392890929,-0.0120517785669,0.0,-0.00862258504243,0.0086956098279,-0.999925015887,0.0,0.655503125876,0.252978913285,0.303406491456,1.0,-0.01576,-0.0207131428571,0.789
0.460442903536,0.513310090634,-0.124019803169,-1.41016605886,0.0763868811295,1.91405614047,0.152122106625,-0.00788766946174,-0.0832419213745,-0.000195592316638,-0.137893346957,-0.0159254279426,0.0408491198848,-0.0163533691572,0.573968442063,0.818863011161,0.00208407524195,0.0,0.81881919903,-0.57390690325,-0.012113323364,0.0,-0.00872325522644,0.00865931287836,-0.999924457706,0.0,0.655226744897,0.252654894962,0.303364625969,1.0,-0.01608,-0.0211337142857,0.805
0.46025982698,0.511969545969,-0.124020165463,-1.41231987854,0.0762504848832,1.91482636218,0.151809372444,-0.00886823139576,-0.0863105252117,0.00102589071726,-0.136689952698,-0.0135890375883,0.0498509352058,-0.0205634169591,0.57394324285,0.81888074514,0.00205575469993,0.0,0.818836504543,-0.573881773215,-0.0121340883545,0.0,-0.00875677975595,0.00864777150828,-0.99992426456,0.0,0.654974490239,0.252349053845,0.30335127914,1.0,-0.01638,-0.021528,0.82
0.46006170128,0.510508586796,-0.124020849748,-1.41464406191,0.0761078399841,1.91571626914,0.151475495124,-0.0114127134698,-0.0905858823928,0.00153580066096,-0.138148482068,-0.011297212539,0.0579687462567,-0.0238755324685,0.573915696277,0.818900001235,0.00207567955699,0.0,0.818856029899,-0.573854151712,-0.0121227786581,0.0,-0.008736374329,0.00865730235567,-0.999924360579,0.0,0.65469427943,0.251999622919,0.303345176781,1.0,-0.01672,-0.0219748571429,0.837
0.459870349712,0.509122176898,-0.124029275489,-1.41686708051,0.0759687300277,1.91652174881,0.151178242689,-0.00812170951235,-0.0893258389187,-5.8442046054e-05,-0.142794946153,-0.0111063302854,0.0430207185823,-0.0182759206989,0.573913081382,0.818901911521,0.00204480480722,0.0,0.818857530011,-0.573851665923,-0.0121391088718,0.0,-0.00876749361558,0.00864136356467,-0.999924226075,0.0,0.654418323171,0.251656108423,0.303327512961,1.0,-0.01704,-0.0223954285714,0.853
0.459644973912,0.507519436942,-0.124030066635,-1.41938973187,0.0758097877216,1.91742326872,0.150828190147,-0.0118276727,-0.0870345816359,0.000842147225027,-0.143384469959,-0.00655055707024,0.0506277860796,-0.01084921684,0.573899275574,0.818911630606,0.00202722835129,0.0,0.818866965043,-0.573837886079,-0.0121540513075,0.0,-0.008789962777,0.0086353978263,-0.999924080347,0.0,0.654102551924,0.251265503623,0.303326131473,1.0,-0.0174,-0.0228685714286,0.871
0.459427036648,0.505953072848,-0.124044224247,-1.42182928441,0.0756543430936,1.91834054999,0.150492322086,-0.0106364198384,-0.0930044196316,-0.00220043249772,-0.14795240872,-0.00249968694724,0.0555535757313,-0.0275292103483,0.573897023584,0.818913134035,0.00205721360091,0.0,0.818868965942,-0.573835606252,-0.0121268510035,0.0,-0.00875050362168,0.00864431850036,-0.999924349361,0.0,0.653808777761,0.250882997143,0.303340056055,1.0,-0.01774,-0.0233154285714,0.888
0.459213475,0.504307715058,-0.124044709642,-1.42429718438,0.0755001516042,1.91929120433,0.150144465017,-0.0129204940608,-0.0978052158715,-0.0009252375008,-0.142052937204,-0.014275285024,0.0504698601201,-0.022209116213,0.573873031183,0.8189296716,0.00216424467869,0.0,0.818886967042,-0.573811220355,-0.0120650530579,0.0,-0.0086387283806,0.0086962477603,-0.999924871001,0.0,0.653511677667,0.250511532642,0.303397477468,1.0,-0.01808,-0.0237622857143,0.905
0.458988097277,0.502731826245,-0.124045336349,-1.42662379652,0.0753517842498,1.92017976837,0.149818553789,-0.0114695780824,-0.0960620058203,0.00110152078197,-0.146528524066,-0.0117510163096,0.0549125569118,-0.0247952878478,0.573870504696,0.81893113079,0.00227898319439,0.0,0.81889000872,-0.57380830135,-0.0119972422135,0.0,-0.00851737964267,0.008751268501,-0.999925431992,0.0,0.653235953372,0.250144946804,0.303467596412,1.0,-0.0184,-0.0241828571429,0.921
0.458757023861,0.501006122126,-0.124043787255,-1.42918699421,0.0751833131055,1.92107924131,0.149470608173,-0.0139187100229,-0.104126863287,0.00290683958226,-0.150000254471,-0.00626982567581,0.0518177286486,-0.0180885151938,0.573858672931,0.818939278359,0.00232997080012,0.0,0.818898816528,-0.573796258263,-0.0119720171066,0.0,-0.00846758955012,0.00877842519173,-0.999925616823,0.0,0.652910362699,0.249747556595,0.30352993639,1.0,-0.01874,-0.0246297142857,0.938
0.458501600421,0.499213414603,-0.124047084622,-1.43193316126,0.075017312092,1.92208294072,0.149069691329,-0.0139024093131,-0.0984137908642,0.000755940736996,-0.149521611226,-0.00546557616628,0.0570706918538,-0.021814958174,0.573836939378,0.818954378569,0.00237481143398,0.0,0.818914434521,-0.573774277196,-0.0119572012849,0.0,-0.00842995893652,0.0088064207023,-0.999925688612,0.0,0.652569091139,0.249318109188,0.303560541861,1.0,-0.0191,-0.0251028571429,0.956
0.458259919276,0.497633339348,-0.124044674429,-1.43441978954,0.0748615485337,1.92300090224,0.148692921867,-0.0154807863463,-0.10053798983,0.00155276795909,-0.152888762949,-0.0101177616095,0.0551081543225,-0.0275098086273,0.573808758025,0.818974099655,0.00238331900532,0.0,0.818934226688,-0.573746023726,-0.0119574043631,0.0,-0.00842554688781,0.00881321453508,-0.999925665942,0.0,0.652261287193,0.248924915183,0.303558199413,1.0,-0.01942,-0.0255234285714,0.972
0.45799758597,0.495965867507,-0.124052422196,-1.4371036236,0.0746957001046,1.92394504476,0.148309663092,-0.014658455046,-0.0971429198807,0.000665295405123,-0.161723357004,-0.0102832276104,0.049628852597,-0.0250626687457,0.573806062523,0.818976168699,0.00232047739796,0.0,0.818935371735,-0.57374347449,-0.0120012208901,0.0,-0.00849751874311,0.0087868634993,-0.999925288812,0.0,0.651920091308,0.248490429704,0.303524972094,1.0,-0.01976,-0.0259702857143,0.989
0.457719494844,0.494289068086,-0.12405601768,-1.4398602565,0.0745238858866,1.92489523139,0.147931367003,-0.0211690948585,-0.100131251902,6.44517286414e-05,-0.16416117299,-0.014526076369,0.0523743681004,-0.0208874728089,0.573818774258,0.818967570861,0.00220886591926,0.0,0.818925155302,-0.573756484291,-0.0120761603267,0.0,-0.00862279855959,0.00873859162737,-0.999924639341,0.0,0.651564688142,0.248039243741,0.303463431212,1.0,-0.02502,-0.0328834285714,1.006
0.457399027403,0.491740990524,-0.124151805307,-1.44357529478,0.0743231867097,1.92627715561,0.147385237185,-0.0228981563315,-0.182906912934,-0.00347139170967,-0.274087857352,-0.014172950019,0.101761851528,-0.0369640778427,0.573835464628,0.818955368701,0.00238966776085,0.0,0.818915498215,-0.5737726174,-0.0119639962499,0.0,-0.00842701528028,0.00882247117173,-0.999925571938,0.0,0.651116863844,0.24742877911,0.303591099533,1.0,-0.041148,-0.0540802285714,1.022
0.456920987834,0.487832427582,-0.124191272305,-1.44971726305,0.0740124336653,1.92868967752,0.146429184439,-0.0347575126683,-0.258072532975,-0.00125799583379,-0.406629359211,-0.029938456327,0.155529081881,-0.0672955075183,0.573697070161,0.81905179448,0.00256447837702,0.0,0.819013877513,-0.573633206268,-0.0119146972021,0.0,-0.00828784373692,0.00893594230065,-0.999925727532,0.0,0.650348303338,0.24653108413,0.303595729008,1.0,-0.058284,-0.0766018285714,1.039
0.456136272084,0.4824560231,-0.124307974138,-1.45826141638,0.0735158546649,1.93185051115,0.145118902993,-0.0556920773176,-0.343175140532,-0.00919437083627,-0.56478772175,-0.0332258772211,0.192767275329,-0.0807041081776,0.573639423498,0.81909221841,0.0025488134705,0.0,0.81905411089,-0.573575642524,-0.0119202616336,0.0,-0.00830201606101,0.00892572001011,-0.999925701266,0.0,0.649274345071,0.245145369592,0.303539079655,1.0,-0.07542,-0.0991234285714,1.056
0.455142626179,0.476050360917,-0.124489202329,-1.46848832356,0.0729089079865,1.93533295026,0.143624690742,-0.0641197321122,-0.422031734896,-0.0114454507921,-0.666342082946,-0.0374891657472,0.225075285605,-0.0893633684968,0.573697884536,0.819052245108,0.00221448934819,0.0,0.819009508486,-0.573635186481,-0.0121179512077,0.0,-0.00865509276994,0.00876589957612,-0.999924121308,0.0,0.647836124517,0.24328639259,0.303405783325,1.0,-0.092556,-0.121645028571,1.073
0.453767403418,0.467253661455,-0.12465805692,-1.48207633641,0.0721294743498,1.94021982496,0.141568118059,-0.0820618768653,-0.522608136439,-0.0123977256097,-0.78779350872,-0.0459537616063,0.305029094126,-0.124455691288,0.573699389157,0.819050836698,0.00234194089093,0.0,0.819009380268,-0.573635754039,-0.0120997364626,0.0,-0.00856704318676,0.00885985355489,-0.999924051499,0.0,0.646180602487,0.241131958718,0.303457173361,1.0,-0.109692,-0.144166628571,1.09
0.452191241584,0.457668565612,-0.124786351723,-1.49695151533,0.0711881346363,1.94557961491,0.139212481933,-0.0983437358757,-0.588703314472,-0.00607803605742,-0.928540517998,-0.0563065835455,0.316109179758,-0.140744339631,0.573595724993,0.81912332176,0.00238220891184,0.0,0.819082382232,-0.573531924974,-0.0120801098753,0.0,-0.00852899107486,0.00888049570944,-0.99992419368,0.0,0.644233455496,0.238620686445,0.303448368641,1.0,-0.126828,-0.166688228571,1.107
0.450290991341,0.446632907384,-0.124984442027,-1.51374194938,0.0700428349019,1.95155927214,0.136578544384,-0.118012474951,-0.676045893224,-0.0109729331981,-1.03377037121,-0.070236590539,0.363495025707,-0.155966815652,0.573592323429,0.81912532877,0.0025078222246,0.0,0.819086827737,-0.573528859117,-0.0119232247482,0.0,-0.00832846732136,0.00889336556143,-0.999925769585,0.0,0.6420247,0.235669537492,0.303554963094,1.0,-0.143964,-0.189209828571,1.124
0.448220620981,0.435181962681,-0.125127099228,-1.53140727145,0.0688988369631,1.95758003524,0.133778300979,-0.129385142758,-0.734174093666,-0.00824128207682,-1.12501959293,-0.0774719883616,0.391336151174,-0.185944379554,0.573569972388,0.819141478217,0.00233930343521,0.0,0.819100143187,-0.573506526456,-0.0120816573248,0.0,-0.00855514556594,0.00884596994924,-0.999924276283,0.0,0.6395871462,0.232557796506,0.303502102641,1.0,-0.160092,-0.210406628571,1.14
0.445667320861,0.421640281205,-0.125311735838,-1.5518303761,0.0675005476846,1.96461904703,0.130380277936,-0.155573440108,-0.832524908205,-0.00651123617786,-1.22896575829,-0.0845639871184,0.414460127019,-0.208615289806,0.573505559683,0.819186298834,0.00243469013756,0.0,0.819146322445,-0.573441845827,-0.0120207645547,0.0,-0.00845125513108,0.00888851390768,-0.999924782475,0.0,0.63676807045,0.228857815305,0.303613096117,1.0,-0.177228,-0.232928228571,1.157
0.442762553955,0.406973606999,-0.125512664909,-1.57368453038,0.0659503562798,1.97234369955,0.12674523682,-0.172653450238,-0.875663538632,-0.0158741872148,-1.32380767611,-0.0891316258944,0.458031772411,-0.230858338543,0.573530274012,0.819167758813,0.00282039260974,0.0,0.819133648849,-0.573466013157,-0.0117279145098,0.0,-0.00798988396916,0.00903676649777,-0.999927246656,0.0,0.633753924441,0.224811489377,0.303816837122,1.0,-0.194364,-0.255449828571,1.174
0.439240554989,0.390239661031,-0.125724253623,-1.59848823625,0.0642795234362,1.9808562927,0.122480584317,-0.203136198549,-0.944544386342,-0.0180003292995,-1.4205458281,-0.104860249654,0.490840329376,-0.245877040825,0.573599774161,0.81911770745,0.00319801917617,0.0,0.819088079314,-0.573533746558,-0.0115977060481,0.0,-0.00766586206174,0.00927207947086,-0.999927628932,0.0,0.630221205414,0.220111456683,0.304019502495,1.0,-0.212508,-0.279296228571,1.192
0.4357801685,0.374402545836,-0.125917673695,-1.6220250407,0.0624738719937,1.98874809214,0.118232174007,-0.216828314176,-0.996300962256,-0.00918689371038,-1.49532330841,-0.101576830766,0.495104879579,-0.268209838449,0.573474075292,0.819205451097,0.00326508230334,0.0,0.819177383788,-0.573408700779,-0.0114726920452,0.0,-0.00752641016736,0.0092541512119,-0.999928854387,0.0,0.626760557801,0.2155655474,0.304102590453,1.0,-0.228636,-0.300493028571,1.208
0.431878925963,0.357623391688,-0.126145196158,-1.64677523345,0.0605787694038,1.99694241762,0.11379961996,-0.249863786169,-1.07406640337,-0.0165044175611,-1.59351673945,-0.133578982867,0.511046218932,-0.289463454364,0.573556390128,0.819147386756,0.00337239018882,0.0,0.819121148504,-0.573491243539,-0.0113615386155,0.0,-0.00737288037411,0.00927905784988,-0.999929767394,0.0,0.623054499788,0.210636833437,0.304195508517,1.0,-0.244764,-0.321689828571,1.224
0.428086206247,0.342291176858,-0.126379521083,-1.66934395677,0.0588857024014,2.00423677246,0.109506553635,-0.271445094437,-1.14425088067,-0.0238040410038,-1.59491470227,-0.128149296995,0.545365399241,-0.30791462225,0.573609247512,0.819110204918,0.00341324903838,0.0,0.819084311841,-0.573543749226,-0.011366825434,0.0,-0.00735317663147,0.00931603428609,-0.999929568669,0.0,0.618824875656,0.204995196263,0.3042418657,1.0,-0.259884,-0.341561828571,1.241
0.422242188643,0.319309105802,-0.126616437871,-1.70292769694,0.0562069310811,2.01499510519,0.102978375596,-0.30145240869,-1.19097601262,-0.0079024357439,-1.69414244406,-0.155287434609,0.525286533417,-0.33216679212,0.573513890974,0.819176877846,0.00343606801099,0.0,0.819151169265,-0.573448201766,-0.0113696386763,0.0,-0.00734347947579,0.00933548458211,-0.99992945853,0.0,0.614276796918,0.199105663766,0.304249479819,1.0,-0.279036,-0.366733028571,1.258
0.417057975713,0.300032521386,-0.126805695046,-1.73092074079,0.0538748296332,2.02372706351,0.0972389639616,-0.332038403684,-1.21590187103,-0.0138580149509,-1.77251278805,-0.158328951151,0.532334010793,-0.358157117614,0.573332514144,0.819304125146,0.003365359502,0.0,0.819277501178,-0.573267046665,-0.0114024634658,0.0,-0.00741297837449,0.0092947453223,-0.999929325233,0.0,0.609703448901,0.193204421848,0.304221721298,1.0,-0.295164,-0.387929828571,1.274
0.410975380084,0.278601194464,-0.127092537546,-1.76163962529,0.0513168602855,2.03301896481,0.0908303355281,-0.368434462242,-1.28310351802,-0.0146616779267,-1.83474973862,-0.164173963501,0.540791220096,-0.384203007288,0.573349091227,0.819292729829,0.00331501726063,0.0,0.819264937469,-0.573283125134,-0.0114964156031,0.0,-0.00751863102458,0.00930751604566,-0.999928417604,0.0,0.604552059511,0.18650784659,0.304229612543,1.0,-0.3123,-0.410451428571,1.291
0.404230902759,0.256405279969,-0.127447736308,-1.79304759948,0.0485794148319,2.04235863106,0.0838874540496,-0.412866805359,-1.30495896141,-0.0252064462087,-1.85094517548,-0.167462816464,0.538609440918,-0.416223295014,0.573395401241,0.819260232995,0.00333637080024,0.0,0.819232703497,-0.573329347956,-0.0114883939068,0.0,-0.00749928935792,0.00932083575931,-0.999928438779,0.0,0.599184420989,0.179379036232,0.304273980403,1.0,-0.329436,-0.432973028571,1.308
0.397301294874,0.234686161242,-0.127799573337,-1.82323681479,0.0458455084461,2.05122384085,0.0769411892506,-0.443800021962,-1.36723502896,-0.024616364814,-1.88385848851,-0.163285691779,0.5530423123,-0.442873635848,0.573469566826,0.81920734494,0.00356774750125,0.0,0.819183261787,-0.573403427704,-0.011315458721,0.0,-0.00722408733529,0.00941189145456,-0.999929611953,0.0,0.593914256297,0.172337429332,0.304416890013,1.0,-0.345564,-0.454169828571,1.324
0.388930172022,0.209441169518,-0.12811854824,-1.85807331161,0.0426201812513,2.06119731629,0.0684978804301,-0.477549211176,-1.42548424191,-0.017981549597,-1.94949841105,-0.18429510015,0.549667846982,-0.48331484944,0.573312822598,0.819315998339,0.00380121195411,0.0,0.81929495921,-0.573246154053,-0.0111965878103,0.0,-0.00699464805502,0.0095336447061,-0.999930089815,0.0,0.587612095568,0.164153121223,0.304506634922,1.0,-0.363708,-0.478016228571,1.342
0.380199577889,0.184876907005,-0.128504685291,-1.89174614179,0.039337708876,2.07025191669,0.0599471314397,-0.526840753639,-1.46448410842,-0.0311736530603,-1.99413355722,-0.195154658988,0.520682307811,-0.51470889178,0.57325567283,0.819356634869,0.00365860163911,0.0,0.819333502302,-0.573189030625,-0.0113001804428,0.0,-0.0071619453837,0.00947568987373,-0.999929456432,0.0,0.581296189112,0.155921480583,0.304471209879,1.0,-0.380844,-0.500537828571,1.359
0.371133459807,0.161063160121,-0.129019272128,-1.9238081989,0.0361449347894,2.07859293205,0.0513126381537,-0.580588107047,-1.52033357799,-0.0312639881135,-1.99750278164,-0.20867795579,0.51601002124,-0.552111843243,0.573406596648,0.819251026542,0.00365750359616,0.0,0.819227671766,-0.573339661763,-0.0113314149188,0.0,-0.00718641979051,0.00949401900862,-0.999929106974,0.0,0.575159869218,0.147697070176,0.304506420211,1.0,-0.396972,-0.521734628571,1.375
0.360834399138,0.135048312844,-0.129488670951,-1.95828320021,0.0325179857559,2.08739255959,0.0415733398534,-0.629456920941,-1.56700271974,-0.0369127053042,-2.05959619341,-0.211291929591,0.534416628103,-0.586629304541,0.573391734565,0.81926072678,0.00381145497691,0.0,0.819239876694,-0.573325108388,-0.0111844278809,0.0,-0.00697789402267,0.00953573800057,-0.999930186911,0.0,0.568369631962,0.138739862197,0.304583810256,1.0,-0.414108,-0.544256228571,1.392
0.348887628882,0.106706354393,-0.130137675071,-1.99534301425,0.0284738049412,2.09621551715,0.0304411576029,-0.692931070491,-1.61126012976,-0.0423667193795,-2.0896932581,-0.237659285715,0.476537742881,-0.628155208028,0.573476358444,0.819201637778,0.00378019420174,0.0,0.819180449185,-0.573409883703,-0.011191239697,0.0,-0.00700041595065,0.00951475576063,-0.999930229366,0.0,0.56080860642,0.128722883604,0.304607683341,1.0,-0.432252,-0.568102628571,1.41
0.337436952396,0.0809912490039,-0.130639984966,-2.02839791665,0.0247876192159,2.10360737863,0.0197944303925,-0.738022721317,-1.59808376329,-0.0268863903641,-2.05159243465,-0.232795882233,0.441485496364,-0.68460404065,0.57340324532,0.819252842625,0.00377425596849,0.0,0.819230967119,-0.573335968385,-0.0112799277732,0.0,-0.00707733245279,0.00956011862128,-0.999929255246,0.0,0.553816546921,0.119586087833,0.304631660226,1.0,-0.43998,-0.578259428571,1.426
