position_joint1,position_joint2,position_joint3,position_joint4,position_joint5,position_joint6,position_joint7,velocity_joint1,velocity_joint2,velocity_joint3,velocity_joint4,velocity_joint5,velocity_joint6,velocity_joint7,ee_T_00,ee_T_10,ee_T_20,ee_T_30,ee_T_01,ee_T_11,ee_T_21,ee_T_31,ee_T_02,ee_T_12,ee_T_22,ee_T_32,ee_T_03,ee_T_13,ee_T_23,ee_T_33,v_x,v_y,w_z,time
0.4650881378278571,0.5472988517344645,-0.1239787336034719,-1.3555844600744416,0.07946530262657488,1.8941698102951048,0.1591289687933665,-8.985394409374305e-05,-0.0013850671658507177,-0.0011049216049282507,-0.00015801619977944727,-0.0002478413678493908,-0.0008023153748293386,-0.0023128020215029592,0.5737389854372703,0.8190222801007196,0.0026130804118097446,0.0,0.8189883566804399,-0.5736786115601202,-0.011474718364022142,0.0,-0.007899133738275277,0.008723743663793013,-0.9999307475933887,0.0,0.6617565454507243,0.26094072908335364,0.30368004010349425,1.0,5e-324,6.93616764192814e-310,6.93595544234914e-310,0.0
0.46508259516092365,0.5473041414505696,-0.12397158359958796,-1.3555844600744416,0.0794667394583222,1.8941670919700904,0.15913064046473466,0.0063832487541664795,0.0004549391542127972,0.0014521797357711576,0.0009896088350500635,-0.0003126884762123812,0.0005864071987557421,-0.002686206892084297,0.5737402729827988,0.819021391915691,0.0026087627940633773,0.0,0.8189873638293769,-0.5736798591212691,-0.011483206329992245,0.0,-0.007908549223945849,0.008725089683067344,-0.9999306614256785,0.0,0.6617555880207691,0.2609411773066722,0.3036758219232438,1.0,-4e-05,-5.2571428571428585e-05,-2e-05,0.003
0.46508718419795986,0.5472958394613746,-0.12397371046006028,-1.355585206303269,0.07946628257400142,1.8941698102412605,0.15913352327712907,-0.00035958024592958043,-0.000548196518866533,0.0010053329679579818,1.1649527833492e-05,0.0003634579455150258,-0.0002923812872971127,0.0012586198289888796,0.5737402799163767,0.8190213612693534,0.002616846801279933,0.0,0.8189874545614204,-0.5736798582850838,-0.011476775253515127,0.0,-0.007898643862374988,0.008728020988696877,-0.9999307141371128,0.0,0.6617554935896919,0.26094311486232813,0.30368165461986163,1.0,-0.00040000000000000024,-0.0005257142857142861,-0.00020000000000000012,0.02100000000000001
0.4650902388014047,0.5472885381506354,-0.12397920810408877,-1.3555940232677317,0.07946101125163794,1.8941685363881646,0.1591309590668358,0.0005413020074755845,-0.00042862706596404575,-0.0013446609326826242,-0.002568392320725467,-0.0004022795461972181,-0.00044480873710417,0.0003261493312973071,0.5737385857542355,0.8190225675373819,0.0026107436512504264,0.0,0.8189886416208118,-0.5736782501338493,-0.011472450508506832,0.0,-0.007898621094957814,0.008720524823569858,-0.9999307797200764,0.0,0.6617541724421023,0.2609400622130129,0.30368269064421505,1.0,-0.0007200000000000005,-0.000946285714285715,-0.00036000000000000024,0.037000000000000026
0.4650840005731344,0.5472494658498835,-0.12397493474388697,-1.3556319700621684,0.07946124938584534,1.8941752031444399,0.15912592301876458,-0.00048262146488234044,0.002470031882482747,0.0007290553923819985,-0.0021957308414636482,-0.0002363743323383797,0.00024878589526490633,-0.0016032859006668465,0.5737386912681818,0.8190224623414069,0.0026205387425036215,0.0,0.818988613415038,-0.5736782689286539,-0.011473524164113567,0.0,-0.00789387986481499,0.008729164192736338,-0.9999307417782375,0.0,0.6617484660079905,0.2609349062112515,0.30369274409069513,1.0,-0.0010400000000000008,-0.001366857142857144,-0.0005200000000000004,0.05300000000000004
0.4650864157302805,0.5471284222558123,-0.12397189536170156,-1.3557672076110892,0.07946326436293795,1.8942044461646996,0.15913411238788727,0.0006400936643952273,-0.005612653012248009,0.0004816508126827601,-0.010534386126230663,0.0003251766255360969,0.0015879659522006232,-0.00036135137649531283,0.5737491902597301,0.8190150411577315,0.0026411995213874075,0.0,0.8189813369704281,-0.5736885639428402,-0.011478161723027548,0.0,-0.007885712959899871,0.00874884755191506,-0.9999306341930062,0.0,0.6617250465129114,0.26092610914918507,0.30371655558904376,1.0,-0.001360000000000001,-0.001787428571428573,-0.0006800000000000005,0.06900000000000005
0.4650708640503958,0.5469662574205592,-0.12397931626722981,-1.355994674240059,0.079458474153193,1.8942692180241256,0.159131342366584,-0.0009478239097639075,-0.0071586742707721454,0.0004656240003417603,-0.014263406836698255,-0.00019507308210521226,0.0005933745995512473,-0.0011650540270843057,0.5737761526392716,0.8189961411079132,0.0026446954514429246,0.0,0.8189624201243019,-0.5737154428309004,-0.011484423481347997,0.0,-0.007888547770985077,0.008755563079534345,-0.9999305530531734,0.0,0.6616961283658377,0.2608902712706413,0.30372900574830297,1.0,-0.0017400000000000013,-0.002286857142857145,-0.0008700000000000007,0.08800000000000006
0.4650523648398085,0.546832696437057,-0.12397753108256764,-1.3561530160784643,0.07945277198463367,1.8943547421809093,0.15913326659824678,-0.003969552000931736,-0.012211037927959367,-0.0015834355869902722,-0.0077726540225739665,0.000542095922181265,0.007898536235029924,0.006428989403979645,0.5737990826380328,0.8189799008652687,0.0026984520886756706,0.0,0.8189468714386257,-0.5737381929212724,-0.011456641983076558,0.0,-0.007834705332863234,0.00878386867244102,-0.9999307281224498,0.0,0.6616851387713623,0.2608669105068319,0.3037556010678579,1.0,-0.0020000000000000013,-0.0026285714285714306,-0.0010000000000000007,0.10100000000000008
0.46503002031172086,0.5466302034682923,-0.12397469087994163,-1.3563787736661543,0.0794501153620542,1.894467599834723,0.15911791137263018,-0.002138074540913016,-0.009362091783319247,0.00045757845946048863,-0.01203337216533485,0.0005873732228631515,0.001746679829062964,-0.001498161634158986,0.5738148001291101,0.818968610147346,0.0027816626902472585,0.0,0.8189365933004327,-0.5737535756947404,-0.01142092081182891,0.0,-0.007757536085569061,0.008831668797183834,-0.9999309087432683,0.0,0.6616665383524514,0.2608368676387714,0.3038012717747185,1.0,-0.002340000000000002,-0.0030754285714285744,-0.001170000000000001,0.11800000000000009
0.4650041242189092,0.5464104865882827,-0.12397211312717668,-1.3566591257456928,0.07944103990716071,1.8946032065987808,0.159117437084085,-0.001999209056977296,-0.012773523011417709,0.0017049398407048492,-0.017168644169322865,2.6700620005573068e-05,0.011245994191082827,0.0003571656445238931,0.5738472030319939,0.8189456718576189,0.00284974020555254,0.0,0.8189145029584906,-0.573785729831914,-0.01138946823669216,0.0,-0.007692363555360071,0.008869678844441412,-0.9999310757947912,0.0,0.6616417494812379,0.26079857341861734,0.303835115142087,1.0,-0.002680000000000002,-0.0035222857142857174,-0.001340000000000001,0.1350000000000001
0.4649772123540693,0.5461577517255697,-0.1239771593097663,-1.357038686209508,0.0794272763733176,1.8947361640890161,0.15911003101809787,0.0010757067793402495,-0.014057619651126127,-0.0014843057467622109,-0.02355129330932755,8.039382728566773e-05,0.009112318727251167,-0.001640559256125273,0.5738842237228483,0.8189196985431375,0.002858671238322414,0.0,0.8188885865021229,-0.5738226513684761,-0.011392742172787249,0.0,-0.007689518723417277,0.008879219200013097,-0.9999310130044976,0.0,0.6615968161151651,0.26074290686686563,0.30384510452065644,1.0,-0.0030200000000000023,-0.003969142857142861,-0.0015100000000000011,0.1520000000000001
0.46493988655432056,0.5458716654611344,-0.12398008079288278,-1.3574760684423706,0.07941312983896852,1.8948961929750816,0.15910124586117697,-0.0036704375037093524,-0.02087392216068442,-0.00047956501639272707,-0.029303568312806796,-0.0004482553277082903,0.006639091272963265,0.0012828969660688358,0.5739303253274046,0.8188873441349298,0.0028716173890933226,0.0,0.8188563131833986,-0.5738686084393356,-0.011397609784550396,0.0,-0.00768557530204822,0.008893047138423246,-0.9999309204364422,0.0,0.6615471183055319,0.2606769323918669,0.3038534518332136,1.0,-0.0033600000000000023,-0.004416000000000004,-0.0016800000000000012,0.16900000000000012
0.46490045859487605,0.5455687562509256,-0.12397764720076622,-1.3579697402785205,0.07937955696051627,1.8950595697326842,0.15908220866802697,0.0010290183101198513,-0.01573572935284229,-0.0007997327261236132,-0.032714337036957086,-0.006650827470809757,0.00655521585829494,-0.004478229733829478,0.5739674537803535,0.8188613965529297,0.0028499364013186207,0.0,0.8188300372441567,-0.5739057425774527,-0.011415587788805755,0.0,-0.007712337778917944,0.008885960468456924,-0.9999307773803827,0.0,0.6614890178531218,0.26060772623865375,0.3038469464121289,1.0,-0.0036800000000000027,-0.004836571428571433,-0.0018400000000000014,0.18500000000000014
0.4648504483643112,0.5452484395691423,-0.12397506194391367,-1.35848843501113,0.07931870368256809,1.895231557763437,0.15903593536029315,-0.0009990297716566884,-0.020255402558546447,-0.00012105529472193014,-0.03315567933912279,-0.005032956637218635,0.009727021603358801,-0.0006416364971172899,0.5739779279361473,0.8188541986452452,0.002808292076799071,0.0,0.818822546829164,-0.5739166250451603,-0.01140575303004979,0.0,-0.007728072035843914,0.008846313680255416,-0.999931007438453,0.0,0.6614254985362091,0.26051615856312,0.30384156887637925,1.0,-0.004020000000000003,-0.005283428571428576,-0.0020100000000000014,0.20200000000000015
0.46479764209145014,0.5448748854462335,-0.12397800254224749,-1.3591123756809456,0.07929587950778356,1.8954339782577219,0.15892877596801763,-0.0026105325185353783,-0.022390077885590894,0.0002720682847797289,-0.03714417691004517,-0.0013174429491666566,0.01437484412633861,-0.0015649226780222267,0.5739641469710435,0.8188639706644614,0.002775327123541362,0.0,0.8188317409687016,-0.5739027747253715,-0.011442554168216153,0.0,-0.007777277140442962,0.008840311986057198,-0.9999306790194357,0.0,0.6613481235043329,0.2604204150846423,0.30382662666698335,1.0,-0.004360000000000004,-0.00573028571428572,-0.002180000000000002,0.21900000000000017
0.4647294085075346,0.5444751541611126,-0.12397743804306591,-1.3598099979625382,0.0792694581089159,1.8956677993099356,0.15892143629296387,-0.005939397996718387,-0.01786744865081566,-0.0015318726366064669,-0.04019391333811448,-0.0003011122006601985,0.012728000516560227,0.0006037283450954831,0.5740447845879076,0.8188076013334272,0.002728403788002795,0.0,0.8187746420098142,-0.5739834120829735,-0.011483690891703806,0.0,-0.007837025764743877,0.008826270632042832,-0.9999303365604489,0.0,0.6612685896530968,0.2603145204687667,0.3038001086362009,1.0,-0.004680000000000004,-0.006150857142857149,-0.002340000000000002,0.23500000000000018
0.46466770913891625,0.5440551528809269,-0.1239860230937122,-1.3605047671258133,0.07923330073580047,1.895894985193635,0.15888787278805241,-0.0010930762685863152,-0.02456818553636406,-0.0010573828133974307,-0.04275678339411428,-0.003971592453379042,0.013482415018352345,-0.0035556118789629174,0.5741035386371944,0.8187665408118782,0.0026880238857964556,0.0,0.8187329693133547,-0.5740421890450912,-0.011516816264291317,0.0,-0.00788669654161922,0.008812788422253581,-0.9999300649434865,0.0,0.6611808270150019,0.2601964904286103,0.30378417570398775,1.0,-0.005020000000000004,-0.006597714285714292,-0.002510000000000002,0.25200000000000017
0.46459732184265207,0.543586203584521,-0.12398608458559487,-1.3612734535046056,0.0791996256152553,1.8961672331219908,0.15884680642972918,-0.002959410174890713,-0.025288384100494117,1.794345230801051e-05,-0.04696178565962855,-0.00488512613897098,0.011462212123483322,-0.0076645994376967124,0.5741614471721178,0.8187259910124991,0.002670416265139978,0.0,0.8186920676371657,-0.574100010104587,-0.011542256586299345,0.0,-0.007917011884350067,0.00881353704668035,-0.9999298187810735,0.0,0.6610908895268192,0.26007785797229394,0.3037736890347635,1.0,-0.005360000000000004,-0.007044571428571435,-0.002680000000000002,0.2690000000000002
0.46451254799901176,0.5430476126407239,-0.12398212892614718,-1.3621418357176331,0.07915216181696837,1.8964823904326873,0.15875106298465647,-0.006775707267139129,-0.03036687194798928,0.007107332076399592,-0.05068210976953964,-0.001647413248063532,0.019385051574491413,-0.008483571510620383,0.5741854204266457,0.8187092096453219,0.002660810518731161,0.0,0.8186750878686,-0.5741239300103866,-0.011556833215762011,0.0,-0.007934203554057162,0.008814274126107413,-0.9999296760200651,0.0,0.6609918790147652,0.2599418106939055,0.303768535539069,1.0,-0.005720000000000004,-0.007517714285714292,-0.002860000000000002,0.2870000000000002
0.4644425805308219,0.542541426768192,-0.12399303830305092,-1.3629725334233487,0.07910130288009616,1.896757467379492,0.15870319359208035,-0.0034478013190524554,-0.031101159670217805,6.816568803042283e-05,-0.05479059333252453,-0.001597620883055913,0.023146571851127444,-0.0009447266649815966,0.5742436728390564,0.8186684994253711,0.0026151776479339008,0.0,0.8186337974612431,-0.5741823407375221,-0.011579816085456884,0.0,-0.007978595447654002,0.008790678176472819,-0.9999295305129658,0.0,0.6608923155717671,0.25980772259298424,0.30375533375532693,1.0,-0.006040000000000005,-0.007938285714285722,-0.0030200000000000023,0.3030000000000002
0.46436204328074465,0.5420078689315039,-0.12399354962733122,-1.3638291455965406,0.07905156194897921,1.8970633337276428,0.1586581713404981,-0.005336002224416164,-0.03276253943197993,0.007731702926930713,-0.051608828054024024,-0.003506800188346742,0.01959375651902337,0.0007036186708096475,0.5743051051929853,0.8186254392296792,0.00260447624246472,0.0,0.818590558561475,-0.574243757716344,-0.011590990425049297,0.0,-0.007993229297890425,0.008788933851639799,-0.9999294289734366,0.0,0.6607877270239731,0.25966616302272805,0.3037545879470528,1.0,-0.006380000000000005,-0.008385142857142865,-0.0031900000000000023,0.32000000000000023
0.4642845272660415,0.5413928124276374,-0.12399951287746548,-1.3647718999362477,0.07898521838542782,1.8974010088790567,0.15857216395455517,-0.00017632941680276887,-0.035102323761534805,-0.0008370453265829746,-0.057175543013473266,-0.004060467783937925,0.024291348914398922,-0.004102329222991085,0.5743392056952407,0.8186015223515748,0.002602173370962786,0.0,0.8185667108087845,-0.5742779706149932,-0.01158012621784169,0.0,-0.007985291849896548,0.008781142055224525,-0.9999295608483019,0.0,0.6606852012377539,0.2595259102308183,0.30376700221963365,1.0,-0.0067000000000000046,-0.008805714285714293,-0.0033500000000000023,0.33600000000000024
0.464193191811798,0.5407611954099721,-0.1239999233606454,-1.3657584454490692,0.07893090457453854,1.8977592128055563,0.15853048673140363,-0.0015870375047509744,-0.034876647666686515,-0.00047147898854559163,-0.05305838082191118,-0.0023200579898910887,0.024279829934559898,-0.00048510480490488936,0.5744203238994063,0.8185445888607529,0.0026066145266512375,0.0,0.818509783670238,-0.5743590072926207,-0.011584976441230584,0.0,-0.007985840998312399,0.008788354615119273,-0.9999294930977426,0.0,0.660572496401624,0.25937204004003506,0.30377497200263637,1.0,-0.0070400000000000055,-0.009252571428571438,-0.0035200000000000027,0.35300000000000026
0.4640992491211505,0.5400550017476706,-0.12400062581861739,-1.3668078612603802,0.07887439073298327,1.898157765078473,0.15843540168727097,-0.001293095228049416,-0.03613291454148723,0.000763699580484104,-0.06434674148269588,-0.001578731763108974,0.028528232841023255,-0.011903309815212463,0.5744629192792976,0.8185145336553871,0.0026569661683394025,0.0,0.8184803395292999,-0.574401381916955,-0.011564305301339717,0.0,-0.007939539782717664,0.008818108930347388,-0.9999295998533753,0.0,0.6604559710184541,0.25921218399300916,0.3038091424952552,1.0,-0.0073800000000000055,-0.009699428571428581,-0.0036900000000000027,0.3700000000000003
0.4639987645488133,0.5393394320586563,-0.1240070348040675,-1.3679397239392108,0.07879991919985255,1.898571374241553,0.15832998039162327,-0.011409552087005724,-0.040559567369200744,-0.0005238123965160596,-0.07126488564955523,-0.004847405113254399,0.021745317182182772,-0.0032110585055354266,0.5745060912611669,0.8184842589588875,0.0026487433897523054,0.0,0.8184500255599175,-0.5744446506412088,-0.011560532508414646,0.0,-0.007940710295435138,0.008809630052029102,-0.9999296652956898,0.0,0.6603274532714154,0.2590331684677728,0.3038120462261312,1.0,-0.0077200000000000055,-0.010146285714285724,-0.0038600000000000028,0.3870000000000003
0.4639060807475638,0.5386045322550979,-0.12401540512432521,-1.3690904784265236,0.07874052319748719,1.899014712116916,0.15828274137672746,-0.006011855698210704,-0.04227915209096042,0.005674215309205405,-0.07152711519070724,0.0002507316291371374,0.03544350217496026,-0.0063041879191564724,0.5745969945750001,0.8184203654004591,0.0026732422943843244,0.0,0.8183864250054619,-0.5745354339061359,-0.011551686209217888,0.0,-0.007918415280830982,0.008825479300389558,-0.9999297023363987,0.0,0.6601983704686112,0.2588606372982162,0.30382217562954783,1.0,-0.008060000000000006,-0.010593142857142867,-0.004030000000000003,0.4040000000000003
0.4638063756754657,0.5378816288632206,-0.12402082911098519,-1.3702189224567245,0.0786819745756218,1.8994508929695249,0.15817417092869648,-0.00443031469826294,-0.04514122208188257,-0.00150896560024371,-0.06871104563039993,-0.0027749758307593748,0.029717174074331287,-0.001744625534504081,0.574640291220751,0.8183898726489318,0.0027016573809586593,0.0,0.8183562631843863,-0.5745785897426099,-0.011541993653153424,0.0,-0.007893688205958871,0.008843583099181027,-0.9999297378938559,0.0,0.6600735736733503,0.25868733059142746,0.30383361447062895,1.0,-0.008380000000000007,-0.011013714285714297,-0.004190000000000004,0.4200000000000003
0.4637143322523765,0.5370881330592596,-0.12402508897820755,-1.3714675064457338,0.0786002426969738,1.8999218614956004,0.15809102654050144,-0.008662883562379216,-0.048566414176696285,9.927750714158497e-05,-0.07323127495890291,-0.003779618875384031,0.025365937171326104,-0.0042417308044752555,0.5746975681414069,0.8183496287674571,0.002708721049952431,0.0,0.8183161880998836,-0.5746359230065347,-0.011529058301187233,0.0,-0.007878423844180749,0.008842482298061088,-0.9999298680130221,0.0,0.6599285549756004,0.2585050499428842,0.303840534800906,1.0,-0.008720000000000007,-0.01146057142857144,-0.004360000000000004,0.43700000000000033
0.4636048963333907,0.536249909410765,-0.12403104527637332,-1.3727887658063576,0.07852851229452722,1.9004073817509788,0.15800444179521714,-0.006864322995318916,-0.04893145570423137,-0.0035314447916546536,-0.08024855888556072,-0.0056772394075920345,0.03293325955314942,-0.00786255814949842,0.5747739578297854,0.8182959658652769,0.002712296168532638,0.0,0.8182625209915789,-0.5747122347115414,-0.01153433633027013,0.0,-0.007879862807553595,0.008849176818104085,-0.9999297974516891,0.0,0.6597748183254621,0.25830488175422933,0.30384563104528894,1.0,-0.009060000000000007,-0.011907428571428583,-0.004530000000000004,0.45400000000000035
0.4634913114331653,0.5353847241780858,-0.12403459486548787,-1.3741385702372448,0.07843261233655807,1.9008947536458696,0.15788145731433975,-0.006730193006354272,-0.05380026130073168,-0.0006432432801469248,-0.08636221605810741,-0.0036991311339879002,0.03661900415591345,-0.0032184302987775045,0.5748171238617512,0.8182656673358985,0.002705305130521353,0.0,0.8182322425175388,-0.5747555423263254,-0.01152435556114205,0.0,-0.00787524699931158,0.008838134963142133,-0.9999299314727373,0.0,0.6596170858182323,0.2580965827658335,0.30385604296184043,1.0,-0.009400000000000007,-0.012354285714285726,-0.004700000000000004,0.47100000000000036
0.4633738484103587,0.53449697149756,-0.12403197000223819,-1.375553526297629,0.0783769685576433,1.9014120213634034,0.15778927954036534,-0.006159718774305212,-0.04774120932039896,-0.000524803623044291,-0.08316391582201926,-0.004202658962121878,0.03563099863750357,-0.0037579383066928015,0.5748987127237619,0.8182083238993604,0.002712141509760525,0.0,0.8181747108178594,-0.5748367878249995,-0.011556679555853695,0.0,-0.00789688473514144,0.008863096437538007,-0.9999295398841955,0.0,0.6594478197782804,0.2578904098385488,0.30385367394199236,1.0,-0.009740000000000007,-0.012801142857142869,-0.004870000000000004,0.4880000000000004
0.46325532929873153,0.5336380944793275,-0.12403722959483406,-1.3769447450182455,0.07828855611141552,1.901915093761313,0.15769286574687916,-0.006627652831046183,-0.05763673285773935,-0.0010751785252001776,-0.08847387002404844,-0.007712272172886457,0.02931331457800886,-0.0007301153883418575,0.574985058672415,0.8181477299989895,0.002687210856643596,0.0,0.8181138672272092,-0.5749232875822107,-0.011561165486706892,0.0,-0.007913953567093457,0.008846112196751396,-0.9999295553377449,0.0,0.6592772454073452,0.25765682941952106,0.3038474964577517,1.0,-0.010080000000000007,-0.013248000000000012,-0.005040000000000004,0.5050000000000003
0.46313101083675606,0.53270432401557,-0.12404331238432173,-1.3784317849222667,0.0782029599443144,1.902471994693526,0.15756835071186265,-0.01125769253149279,-0.05806814019620689,-0.000638218597015082,-0.0858129814582209,-0.004736610195767602,0.03431952639769731,-0.008318504664895107,0.5750354890834589,0.8181122976021727,0.002683599793094975,0.0,0.8180783356478191,-0.5749736651189662,-0.011570136756571703,0.0,-0.00792282449566456,0.00884880446776426,-0.9999294612678948,0.0,0.6591118173783264,0.2574493668716897,0.3038401246515254,1.0,-0.010400000000000006,-0.01366857142857144,-0.005200000000000003,0.5210000000000004
0.4629968109508393,0.531732360519444,-0.12403889404934369,-1.3799560615189477,0.07812054626884524,1.9030641698854311,0.15746953680788353,-0.0055113795193859495,-0.060666890232474194,0.0011136321930459501,-0.08988637797557193,-0.009473443689190427,0.03143526174620533,-0.006852426720639687,0.5751225770171087,0.8180509545440168,0.002721043188091226,0.0,0.8180174057920986,-0.575060537174532,-0.011560679344754578,0.0,-0.00789261217297682,0.008874839254751285,-0.9999294694633664,0.0,0.6589385590571982,0.25722214251659137,0.303850947853864,1.0,-0.010740000000000008,-0.014115428571428584,-0.005370000000000004,0.5380000000000004
0.46286682152532677,0.5307429780484703,-0.12403660603285284,-1.381547873088299,0.07802922984385108,1.9036336930093014,0.15735772946932478,-0.007210944081970908,-0.05469621757314686,0.0008122515717114752,-0.09071136581241605,-0.010336641825716522,0.03501936182837726,-0.0013113768461411666,0.575197950413317,0.8179980460893576,0.002694686534777258,0.0,0.817964063504702,-0.5751358852378438,-0.011586683208149411,0.0,-0.007928225942222256,0.008868963936312577,-0.9999292398525536,0.0,0.6587449676426874,0.2569857415061954,0.30383977750068364,1.0,-0.011080000000000008,-0.014562285714285727,-0.005540000000000004,0.5550000000000004
0.46273012195662927,0.5297964391112611,-0.12404219159491914,-1.383093690573534,0.07792277945706891,1.9041772641512489,0.1572384201030426,-0.011723952103831078,-0.056887212889487435,-0.0014750042953580221,-0.096733536645549,-0.01101682338825799,0.038650442890774066,-0.006750245112421405,0.5752879251778042,0.8179349734932689,0.0026323340196632737,0.0,0.817900304116659,-0.5752261943071201,-0.011604516794433344,0.0,-0.007977706251947492,0.00882909517202135,-0.9999291991343192,0.0,0.6585495912010261,0.25672335292907067,0.3038157143209652,1.0,-0.011420000000000008,-0.01500914285714287,-0.005710000000000004,0.5720000000000004
0.46258209363187053,0.5286775266899577,-0.12405000263033862,-1.3848713966213908,0.0778167156470057,1.9048278219267918,0.15712933002261717,-0.00338267364000436,-0.05858360016710532,0.0011763873007455221,-0.09689378536740662,-0.010235719426845372,0.034700895383204325,-0.005985398007334271,0.5753814384628438,0.8178692008924964,0.002630096026083532,0.0,0.8178344743616354,-0.5753196722974854,-0.011610086750314271,0.0,-0.007982540077567546,0.008831381647550221,-0.9999291403655088,0.0,0.6583632171108544,0.2564826446708478,0.30381887065153446,1.0,-0.011740000000000009,-0.0154297142857143,-0.0058700000000000046,0.5880000000000004
0.4624439389537096,0.5276326349624219,-0.12405704875851187,-1.386492253102432,0.077708335664499,1.905449516892474,0.1570087105769922,-0.007962564704934708,-0.06286418580524007,-0.0008971988508366345,-0.10602686880389481,-0.008716450081731688,0.0303408068682965,-0.007130703068907778,0.5754545985338125,0.8178176416798092,0.00265647977074868,0.0,0.8177833773113728,-0.5753928671957641,-0.011582015137743387,0.0,-0.00794360973301339,0.008837519019611648,-0.9999293961685434,0.0,0.658164391941585,0.25622065824933044,0.30383474850552145,1.0,-0.01208000000000001,-0.015876571428571445,-0.006040000000000005,0.6050000000000004
0.46229708203705805,0.52649872991594,-0.12406179076449708,-1.3882532852239486,0.07760955517598371,1.9061238329650494,0.1568693746628869,-0.010142489446255462,-0.06501320425410324,-0.0008915882022199006,-0.10878987258038042,-0.003962320346854971,0.04341472847074366,-0.007888732182919935,0.575532766851582,0.8177624987633125,0.002697554031819499,0.0,0.8177287395894317,-0.5754708584098243,-0.011564880965588307,0.0,-0.007905114419970771,0.00886200601992572,-0.9999294845214388,0.0,0.6579603732464467,0.25595686161836795,0.3038531294707204,1.0,-0.01242000000000001,-0.016323428571428586,-0.006210000000000005,0.6220000000000004
0.4621402182163828,0.5253466496917782,-0.12406565386803192,-1.3900731013871082,0.07749129836637393,1.9067891985487575,0.15675094475984216,-0.009642604288921428,-0.06695427911014253,0.0003537365412036199,-0.10731749053789975,-0.008844982733862309,0.039622623825372606,-0.007361139006863236,0.5756330673875454,0.8176919295195315,0.002688313567920547,0.0,0.8176581087953059,-0.575571242110051,-0.011563272823252996,0.0,-0.007908031141041993,0.008854494068531893,-0.9999295280059803,0.0,0.6577441344091164,0.2556765705619269,0.30385519130531297,1.0,-0.01276000000000001,-0.01677028571428573,-0.006380000000000005,0.6390000000000005
0.4619857893626255,0.524169365146488,-0.12407232922256269,-1.3919087823417615,0.07736604298050838,1.9074492664924567,0.15661798155952905,-0.008427391930449056,-0.06681166658319843,-0.00016289161393665547,-0.10873139976649988,0.00013926601560584038,0.04326412166486884,-0.016160580621637905,0.5757200590452372,0.8176307114052197,0.00267960466322435,0.0,0.8175968835553724,-0.5756583699521611,-0.01155525879293633,0.0,-0.007905549821123847,0.008843600963087922,-0.9999296440270343,0.0,0.6575235880635186,0.255393253722583,0.30386673130059677,1.0,-0.01310000000000001,-0.017217142857142872,-0.006550000000000005,0.6560000000000005
0.461832021952886,0.5230014237261426,-0.12407628363509103,-1.393811207363647,0.07724856443180006,1.9081453759454465,0.15646942468975575,-0.012369899484192665,-0.069600894280583,-4.241049327715794e-05,-0.11492582876522618,-0.0026379971326708634,0.04248113131843652,-0.013586926480731315,0.5757975085658478,0.8175762932422794,0.002642112561029016,0.0,0.8175419797972154,-0.5757359347348197,-0.01157547517301331,0.0,-0.007942827863521074,0.008825337614174658,-0.9999295099663406,0.0,0.6572924980806485,0.25510763835319505,0.3038427218780142,1.0,-0.01344000000000001,-0.017664000000000016,-0.006720000000000005,0.6730000000000005
0.46168466562087934,0.521830401414178,-0.12407493232317339,-1.3956540222488767,0.07714249233467814,1.9088666243971861,0.1563394805714174,-0.005376447186031816,-0.07429980132664277,0.001167912378928501,-0.11279148533110021,-0.009855200310984878,0.04129748022417945,-0.01429571888553323,0.5758810517472877,0.8175173130345927,0.0026840321059578894,0.0,0.8174835235976998,-0.5758193065533022,-0.011556891795444382,0.0,-0.007902593771042243,0.008849717410001526,-0.9999296132795812,0.0,0.6570764656140187,0.25483997608121506,0.3038509541081841,1.0,-0.01376000000000001,-0.018084571428571446,-0.006880000000000005,0.6890000000000005
0.4615177825441343,0.5206053893875093,-0.12408482163742686,-1.397659650318217,0.07701507540776656,1.909639378080088,0.15619251999937794,-0.013901788735346476,-0.07679387884633206,0.0005531936081590882,-0.11768051383883901,-0.006162395473972131,0.04496020104424789,-0.011588901983235943,0.5759772735922581,0.8174495788366298,0.002667070725303637,0.0,0.8174156747350956,-0.5759156898846107,-0.011553343382317241,0.0,-0.0079084200668888,0.00883473873481018,-0.9999296996706983,0.0,0.6568418410575587,0.25453442949314364,0.30382414097178523,1.0,-0.01410000000000001,-0.018531428571428588,-0.007050000000000005,0.7060000000000005
0.4613478445220114,0.5192858340317472,-0.12408828089774128,-1.3997229171181937,0.07688531276646433,1.9103758173611027,0.1560431806802852,-0.00662052837203005,-0.0789082083097207,-0.002455340869703239,-0.1216887042734141,-0.009740020805574514,0.04824924094176192,-0.003203898936028101,0.5760711242950435,0.8173834765578571,0.002656859959466455,0.0,0.8173494366392055,-0.5760095586755873,-0.011560001779288717,0.0,-0.007918730170749066,0.00883113623968522,-0.999929649898031,0.0,0.6565875557646319,0.2542222691587388,0.3038325071298553,1.0,-0.01444000000000001,-0.018978285714285732,-0.007220000000000005,0.7230000000000005
0.4611823437624127,0.5180384603913443,-0.12408930804936807,-1.4016767883862555,0.07675669270104127,1.9110827761391282,0.15590028128755773,-0.012032487816366929,-0.07543952325939675,-0.0003796962795398513,-0.12304362564820827,-0.006966764409522724,0.04887220388977841,-0.008658947845523918,0.5761626737208534,0.8173189421422097,0.002658406963861071,0.0,0.8172849754365628,-0.5761011507958119,-0.011553349237642318,0.0,-0.007911412185145739,0.008829454651713031,-0.9999297226744438,0.0,0.6563363633755748,0.25390408307451123,0.3038448078982141,1.0,-0.014780000000000012,-0.019425142857142877,-0.007390000000000006,0.7400000000000005
0.46100094285971494,0.5166723473295091,-0.124092610045982,-1.4038037076036716,0.07661925391572162,1.9118493248654411,0.1557429200440647,-0.008993472640154133,-0.07413490961461901,0.0005156767038550722,-0.12433013091418073,-0.01075658929584529,0.0497474820320803,-0.00694532241092445,0.5762563345794718,0.8172529385395855,0.002649189810538464,0.0,0.8172188784466083,-0.5761948594326873,-0.011555759387476617,0.0,-0.007917681205876437,0.008824217367198808,-0.9999297192863998,0.0,0.6560886117726217,0.25359908553148974,0.30385181449004867,1.0,-0.015100000000000011,-0.019845714285714303,-0.0075500000000000055,0.7560000000000006
0.4608036068243969,0.5152302208436932,-0.12410960927078019,-1.4060843095635853,0.07647633664636343,1.9127148433947025,0.15556527859775143,-0.012061942225323665,-0.08075111230319813,0.0006865345194580478,-0.1292789809929433,-0.005460193401819592,0.0434240859312237,-0.006618615986398326,0.5763663613584391,0.8171753024525332,0.002662603472644607,0.0,0.8171415276380487,-0.5763049526954653,-0.011535692837533931,0.0,-0.007892363667619529,0.008824679078067305,-0.9999299153615253,0.0,0.6558203019865295,0.2532436173866051,0.3038531456107342,1.0,-0.015460000000000012,-0.020318857142857163,-0.007730000000000006,0.7740000000000006
0.46063277337128256,0.5139124578683252,-0.12410890422240461,-1.408182184933928,0.07636220925897454,1.9134855256640289,0.15540869512894653,-0.007969127566785063,-0.08089829599925126,0.0005971989761192192,-0.1325801885700974,-0.0030610923923722316,0.045101584384365616,-0.007672778702577713,0.5764570865607227,0.8171113256350371,0.0026562707099004462,0.0,0.817077327126105,-0.5763955291100755,-0.011557786102213021,0.0,-0.00791308771355237,0.008833116340204061,-0.9999296770766224,0.0,0.655542916059273,0.2529146026249853,0.30384454355138557,1.0,-0.015800000000000012,-0.020765714285714304,-0.007900000000000006,0.7910000000000006
0.4604466105228469,0.5125189780155095,-0.12411137853764015,-1.4104651838658895,0.0762314036573588,1.914271152762487,0.1552277748383849,-0.008621770548878293,-0.07757893073552485,-0.0005626596355856751,-0.13554620078422733,-0.0046463698951961,0.04573240637805845,-0.011089948882643162,0.5765474412915618,0.8170478369036361,0.0025743062075570386,0.0,0.8170125932958651,-0.576485946848463,-0.011624215388770658,0.0,-0.008013642975015334,0.008805321759721318,-0.9999291214056008,0.0,0.6552653832909048,0.252590337080515,0.3038029615949405,1.0,-0.016120000000000013,-0.021186285714285734,-0.008060000000000006,0.8070000000000006
0.46024864428360296,0.5110845067873752,-0.12410894453258423,-1.4127745814731079,0.07608471408556715,1.9151224139708316,0.15504207368619635,-0.015876400308696054,-0.08512303478336326,0.0009425387988503994,-0.1342462330455196,-0.011684296736980928,0.05055442653763754,-0.010906790019895057,0.5766368387821761,0.8169848271837138,0.0025485706002452632,0.0,0.8169492492225063,-0.5765754213763271,-0.011638494778202809,0.0,-0.008039185256532744,0.008793406975879936,-0.9999290212280907,0.0,0.6549804828753775,0.25224094009467,0.30378204251196195,1.0,-0.016460000000000013,-0.02163314285714288,-0.008230000000000006,0.8240000000000006
0.4600425511534906,0.5096174220485367,-0.12411453236026479,-1.415098514524424,0.0759349826801122,1.9160135622901475,0.15487047347611824,-0.007690038765726567,-0.08700115330133776,0.004295653040245976,-0.13786787243990997,-0.013552715732106754,0.05172843910146446,-0.0051517678301357265,0.576749786290328,0.8169050345627169,0.002568155243674831,0.0,0.8168698145109891,-0.5766884010400872,-0.011616417167881008,0.0,-0.008008638518033906,0.00879778400117523,-0.9999292278485296,0.0,0.6547040467492389,0.25188248594237644,0.30378025359657534,1.0,-0.016800000000000013,-0.02208000000000002,-0.008400000000000006,0.8410000000000006
0.45983455551234736,0.5081159140906969,-0.12411456836895222,-1.4174760820285495,0.0757792176103327,1.9168705247532543,0.15468884572492575,-0.014004330946401937,-0.09119955763621014,-0.00017068448715959657,-0.14316252536425486,-0.010731232442915715,0.05298395940069859,-0.006759753312368684,0.5768524993506182,0.8168325816161187,0.0025445047651786266,0.0,0.8167970807432637,-0.5767912109379666,-0.011626468733225495,0.0,-0.00802938507623896,0.008785270755203925,-0.9999291714881885,0.0,0.6544074536475244,0.25151698360857233,0.3037733654993304,1.0,-0.017140000000000013,-0.022526857142857164,-0.008570000000000006,0.8580000000000007
0.4596315196462551,0.5066774089857394,-0.12412034943773685,-1.4197198361099483,0.07564007115887615,1.9176792951249526,0.15450241078412705,-0.012551080395456696,-0.09083432744935709,-0.0003255544860010956,-0.13787988653759012,-0.016357275862565534,0.061309190044060935,-0.007927208862809896,0.5769485357396906,0.8167647520632383,0.0025443655618784576,0.0,0.8167292341847536,-0.5768872191138733,-0.011629331548136147,0.0,-0.008030770742395943,0.008787752736639162,-0.999929138550889,0.0,0.6541297946389678,0.2511658915227613,0.30378159925873316,1.0,-0.017460000000000014,-0.022947428571428594,-0.008730000000000007,0.8740000000000007
0.4594163660849579,0.5050923145806149,-0.12412855110594051,-1.4221719621663855,0.07548597804646444,1.9186127454073783,0.15431307850721315,-0.01132839776721075,-0.08778049509887204,-0.0025915020325243078,-0.14529651951828726,-0.010438078413311097,0.06075037874144054,-0.011185618277300769,0.5770604008867696,0.816685564741971,0.0025940261558431233,0.0,0.8166507677169935,-0.576998984998382,-0.01159490402247405,0.0,-0.00797279378172866,0.008809543026101985,-0.9999294107640724,0.0,0.6538344479509819,0.2507887238380076,0.3038034885572415,1.0,-0.017800000000000014,-0.023394285714285736,-0.008900000000000007,0.8910000000000007
0.459205316530482,0.50352806309287,-0.12413291839230806,-1.424512794481933,0.07534044098472295,1.9195168325288108,0.1541288362414592,-0.0145394321043494,-0.09980934535477554,-6.086449391123753e-05,-0.1487114480937614,-0.007688313716446753,0.058172914587457214,-0.007396640550976471,0.5771664629431478,0.8166102732474756,0.0026986258702334587,0.0,0.8165768996749593,-0.577104762834137,-0.011532845815071698,0.0,-0.007860601870491979,0.008860177959133048,-0.9999298516319866,0.0,0.6535560229615229,0.2504288502995119,0.3038604812614274,1.0,-0.018120000000000015,-0.023814857142857165,-0.009060000000000007,0.9070000000000007
0.4589646282574253,0.5017604801103028,-0.12414228910688278,-1.4271415460136734,0.07516766456877215,1.9204946375407743,0.15392191229781296,-0.012696414390173336,-0.09416299012300987,0.0015371134949755847,-0.1458285986215292,-0.012307199407581633,0.0632257705411917,-0.01505015569193259,0.5772883402960527,0.8165238138506079,0.0027893501563973234,0.0,0.8164917360289108,-0.577226473725448,-0.011471265326410978,0.0,-0.007756623898296844,0.008899880423245812,-0.9999303110287998,0.0,0.6532374197941074,0.2500159665889259,0.3039282832901411,1.0,-0.018480000000000014,-0.02428800000000002,-0.009240000000000007,0.9250000000000007
0.45874457855292217,0.5001442955491813,-0.12414581207188075,-1.4295781961880554,0.07501430456683163,1.921359778106404,0.15372832766123748,-0.014032459914829133,-0.09236218555705272,-0.0004007159766026497,-0.15001608233118752,-0.00229845718402528,0.0504160176064074,-0.013122967156881883,0.5773949306586563,0.8164483183898238,0.0028256590953316396,0.0,0.8164166855909014,-0.5773329094527505,-0.011456616114626167,0.0,-0.007722537657375184,0.008922079077977763,-0.9999303770348499,0.0,0.6529299032458851,0.24963643397962804,0.3039712753553123,1.0,-0.018800000000000015,-0.02470857142857145,-0.009400000000000007,0.9410000000000007
0.45850597017893013,0.4984664392452305,-0.124138041445358,-1.432189656239689,0.07484913126172657,1.922331495174011,0.153520529289666,-0.01143840859676462,-0.09309791116658758,0.0014642050821142432,-0.15388635370160555,-0.007314694835392717,0.05422189070255303,-0.000886460865209048,0.5775025820944867,0.8163720740746541,0.0028550387837971243,0.0,0.8163408020237125,-0.5774404347188609,-0.011444920453334298,0.0,-0.00769484676129778,0.00894032789325648,-0.9999304275150753,0.0,0.652604808749609,0.24923685275408575,0.30398244237245137,1.0,-0.019140000000000015,-0.025155428571428596,-0.009570000000000007,0.9580000000000007
0.45825037662996515,0.4968055361535548,-0.12414055298167041,-1.4348427563005546,0.07469178848950106,1.9232956277455246,0.15331161255557857,-0.012842753510775967,-0.0934828886441034,0.0005461147829072075,-0.1585738933975466,-0.009289900324641564,0.05623814824929551,-0.013003957493835342,0.5776343857168271,0.8162789028040546,0.0028312851783211654,0.0,0.8162472253870097,-0.5775721810583175,-0.011471251751867091,0.0,-0.007728618038008839,0.008937390202633358,-0.999930193323308,0.0,0.6522726263822215,0.24881590345730842,0.3039610836168258,1.0,-0.019480000000000015,-0.025602285714285737,-0.009740000000000007,0.9750000000000008
0.45799994566090757,0.49522508983130054,-0.12414055013129012,-1.4374000263584519,0.07453482252091191,1.9241716526484767,0.15311629042284378,-0.0196419411734789,-0.09040949056968071,0.0010581095021424318,-0.16277968921422262,-0.008287985205199255,0.04959436874720311,-0.010298765075459222,0.577765651077467,0.8161862924304372,0.0027450655540000694,0.0,0.8161533592875235,-0.5777035424815974,-0.011535078201384377,0.0,-0.007829089349423557,0.008905137892113626,-0.9999296994684583,0.0,0.6519408189790404,0.2484044351760471,0.30392096620645515,1.0,-0.019800000000000016,-0.026022857142857167,-0.009900000000000008,0.9910000000000008
0.4577344982177039,0.4936379454492334,-0.12415205648431252,-1.4399950042251355,0.07437037890269421,1.9250885255332946,0.152904550974962,-0.018065582409583968,-0.09538417990177592,-0.004542436522774694,-0.1612584388381708,-0.010759773737181845,0.05876861504514095,-0.004319579858954762,0.5779035325727438,0.8160889514321296,0.0026603179433067536,0.0,0.8160549006448253,-0.5778416621017003,-0.011582727412713708,0.0,-0.007915445723744752,0.008864835259092277,-0.9999293777136582,0.0,0.6516137640017166,0.2479737209421934,0.3038709342946566,1.0,-0.025465714285714307,-0.03346922448979595,-0.03460982811428575,1.007
0.4574331032523221,0.490670885354229,-0.12432647351996429,-1.4443473559714581,0.07416291583561099,1.9267250017991144,0.15298839162191324,-0.01739274205581462,-0.18110318299177844,-0.01034167115914317,-0.2833089723494984,-0.008484583460237718,0.11236642276840211,0.016611423422009015,0.5785055519429879,0.8156616157928153,0.002863877546442217,0.0,0.815630474828014,-0.5784432697523011,-0.011448105140294476,0.0,-0.007681337133907062,0.008958830671193352,-0.9999303657819578,0.0,0.651085863667831,0.24727549634990803,0.30401077643890406,1.0,-0.041922857142855555,-0.055098612244895886,-0.10846931245713569,1.0249999999999981
