position_joint1,position_joint2,position_joint3,position_joint4,position_joint5,position_joint6,position_joint7,velocity_joint1,velocity_joint2,velocity_joint3,velocity_joint4,velocity_joint5,velocity_joint6,velocity_joint7,ee_T_00,ee_T_10,ee_T_20,ee_T_30,ee_T_01,ee_T_11,ee_T_21,ee_T_31,ee_T_02,ee_T_12,ee_T_22,ee_T_32,ee_T_03,ee_T_13,ee_T_23,ee_T_33,v_x,v_y,time
0.465072481036,0.547893193384,-0.123911848885,-1.35586083397,0.0794728399003,1.8940916156,0.159172452743,0.00066990043922,0.000352970084999,0.000531875265978,0.000301308016165,-3.38734907848e-05,-0.000554439983384,0.000726643506567,0.573758472611,0.819010776629,0.00181927850405,0.0,0.818965729184,-0.573700269799,-0.0119950721612,0.0,-0.00878054185051,0.00837236222266,-0.999926400109,0.0,0.661650150955,0.260924230149,0.303118423014,1.0,0.0,0.0,0.0
0.465066952919,0.54789353018,-0.123908657989,-1.35586334846,0.0794728530974,1.89409197883,0.15917396187,-0.00169621084639,0.00206495572949,-0.000270002163377,-0.00182727858222,0.000127971902933,3.15583973417e-05,0.000855446394331,0.573762150112,0.819008203214,0.00181798434824,0.0,0.818963120247,-0.573703934679,-0.011997912721,0.0,-0.00878357327716,0.00837297153969,-0.999926368383,0.0,0.661650346132,0.260922142367,0.30311691374,1.0,-0.00018,-0.000236571428571,0.01
0.465064827014,0.547892625497,-0.12391104252,-1.35587209707,0.0794721409667,1.89409161997,0.159170812773,-0.00127543657865,0.00143219975157,0.00124081254735,-0.00574255408608,9.7728830762e-05,-0.000321098101163,-0.00732174774368,0.573763261655,0.819007441442,0.00181034224369,0.0,0.818962267624,-0.573705087631,-0.0120009805976,0.0,-0.00879045910202,0.00836848487906,-0.999926345432,0.0,0.661649433498,0.260918187438,0.303113437553,1.0,-0.00046,-0.000604571428571,0.024
0.465071534162,0.547865943796,-0.123911729523,-1.35587951009,0.0794728485516,1.89409597641,0.159166535985,0.0016792444128,-0.00348156315717,0.000956876521827,-0.000341113279221,0.000179408274598,-2.33505080783e-05,-0.00183359553232,0.573755324496,0.819012954741,0.0018315239606,0.0,0.818968052716,-0.573697055519,-0.0119901634984,0.0,-0.00876952817196,0.00837954109245,-0.999926436628,0.0,0.661647682444,0.260922114963,0.303129213102,1.0,-0.00082,-0.00107771428571,0.042
0.465071233772,0.547798576703,-0.123911835033,-1.35594957922,0.0794731102518,1.89410479298,0.159169287286,0.00051773112076,-0.00634829524531,-8.18935575184e-05,-0.00773651100889,0.00045807465208,0.000781027190242,0.000846836575668,0.573761733294,0.819008445254,0.00184035633522,0.0,0.818963595597,-0.573703365354,-0.0119926882055,0.0,-0.00876646308019,0.00838829191373,-0.999926390133,0.0,0.661635249279,0.26091506647,0.303144358035,1.0,-0.00114,-0.00149828571429,0.058
0.465067661952,0.547669527038,-0.123914342092,-1.35611939622,0.0794661860743,1.8941382255,0.159158824628,-0.00170281184113,-0.0102021966753,-0.00154658303528,-0.0074110625882,-0.000383282224473,7.62617081198e-05,-0.00136140672203,0.57376527547,0.819005971512,0.00183689785919,0.0,0.818961019253,-0.573706867041,-0.0120011064298,0.0,-0.0087753058667,0.00839032741945,-0.99992629549,0.0,0.661608291197,0.260893937956,0.303157927752,1.0,-0.00148,-0.00194514285714,0.075
0.4650510853,0.547514716564,-0.123914340795,-1.35632828959,0.07946271532,1.89419545311,0.159153335075,-0.000878946424912,-0.00662333553191,-0.00147738717567,-0.0115761070426,8.5615837438e-05,0.00387628711216,-0.00399503521828,0.573784955526,0.818992164283,0.00184568585567,0.0,0.818947216167,-0.573726400917,-0.0120092016474,0.0,-0.00877669232382,0.00840238029842,-0.999926182114,0.0,0.66158041794,0.260863535133,0.303173133154,1.0,-0.00182,-0.002392,0.092
0.465032606087,0.547339856743,-0.123909329489,-1.35652406945,0.0794631528961,1.89432710322,0.15915236159,-0.00385077571681,-0.00986539104662,0.000562826541119,-0.0136213640331,-7.83482088646e-05,0.00688123489291,0.00211090254632,0.573807202554,0.818976344063,0.00194655185928,0.0,0.818932659212,-0.573748163624,-0.0119620782,0.0,-0.00867999563382,0.00845818436537,-0.999926555699,0.0,0.661570060005,0.26084230387,0.303215078936,1.0,-0.00214,-0.00281257142857,0.108
0.465012635662,0.547133245199,-0.123909409382,-1.35675673951,0.0794596770966,1.89445690743,0.159130887053,0.000227276637185,-0.0129710491405,0.000397335404041,-0.0127430068311,-0.0014825561397,0.00778976924196,2.98553063304e-05,0.573818333055,0.818968317231,0.00204032419387,0.0,0.818925823247,-0.573758871512,-0.0119163871026,0.0,-0.0085886547441,0.0085088793757,-0.99992691432,0.0,0.661553479493,0.260812414964,0.303261951809,1.0,-0.00248,-0.00325942857143,0.125
0.464975111612,0.546895997041,-0.123913993194,-1.35709961562,0.0794503959797,1.89458675717,0.159095779274,-0.00228699414358,-0.0196154107005,-0.000545127307252,-0.0155337593245,0.000261785348102,0.0160671845618,-0.00170888040092,0.573840232138,0.818952908075,0.00206621335571,0.0,0.818910676228,-0.573780587079,-0.011911723339,0.0,-0.00856975235067,0.00852763444575,-0.999926916727,0.0,0.661518348273,0.260754673283,0.303278202914,1.0,-0.00284,-0.00373257142857,0.143
0.464937697752,0.54665810381,-0.123909109921,-1.35747761643,0.0794404472016,1.89472497203,0.158985360181,-0.00150716851733,-0.017514624402,-0.000860526779439,-0.0265574122908,-4.22371868663e-05,0.0118917153448,-0.00708907785938,0.573795538268,0.818984205089,0.00207339780896,0.0,0.818941914677,-0.573735717832,-0.0119253247423,0.0,-0.00857723536262,0.00854085493903,-0.999926739732,0.0,0.661474650894,0.260698779653,0.303278593347,1.0,-0.00316,-0.00415314285714,0.159
0.464899095406,0.546387538211,-0.123912525569,-1.35789819823,0.0794241964103,1.89487632227,0.158944929022,-0.00318241719864,-0.0150011705029,0.000402685089554,-0.0279667301975,0.000392544454109,0.00666391385436,-0.000459569473819,0.573816304097,0.818969630754,0.00208325598466,0.0,0.818927362907,-0.573756335042,-0.0119326938428,0.0,-0.00857739769309,0.00855337428753,-0.999926631327,0.0,0.66142316418,0.260631745351,0.303284320216,1.0,-0.0035,-0.0046,0.176
0.464850868946,0.546065883269,-0.123916013459,-1.35844480064,0.0793965454985,1.89506199112,0.158908412356,0.000538393612343,-0.0201883975523,-0.00144093959775,-0.0285397323369,0.000148243659713,0.00609332641327,0.000833105691439,0.573850787039,0.818945561895,0.00204640385972,0.0,0.818902789156,-0.573790941665,-0.0119550858111,0.0,-0.00861652236414,0.00853640558254,-0.999926439955,0.0,0.661362139883,0.260546090223,0.30326703489,1.0,-0.00384,-0.00504685714286,0.193
0.464800499757,0.545742567912,-0.123915271018,-1.35899703086,0.0793039417223,1.89524765319,0.158809947993,-0.00222754873531,-0.0240781070464,-0.00137572497902,-0.0358078337346,-0.00709795936064,0.0125463189948,-0.00453136876096,0.5738170474,0.818969373337,0.00197700526616,0.0,0.818926196691,-0.573757988337,-0.0119332348016,0.0,-0.0086387975865,0.008466677973,-0.999926840594,0.0,0.66129899541,0.260449505874,0.30324904012,1.0,-0.00416,-0.00546742857143,0.209
0.464723016897,0.545345539328,-0.123915713154,-1.35971610696,0.0792766944115,1.8954835904,0.158736153265,-0.002275171239,-0.0232512534244,-0.000222825752249,-0.0390728695563,-0.00062089697443,0.0128363094789,-0.00865467350028,0.573853176157,0.818944214115,0.00191135649082,0.0,0.818899985318,-0.5737941984,-0.0119907810831,0.0,-0.00872322347432,0.00844632022926,-0.999926279806,0.0,0.661213081833,0.260329464928,0.303208325024,1.0,-0.00452,-0.00594057142857,0.227
0.464670544584,0.544944111884,-0.123921068352,-1.36037772004,0.0792589058901,1.89569774072,0.158648218486,-0.00353607674482,-0.0256660178448,0.000248652263384,-0.0420086311713,-0.000403918356891,0.0176707304282,-0.013087557856,0.57385988723,0.818939576193,0.00188342107939,0.0,0.818894754761,-0.573800808632,-0.0120316058204,0.0,-0.00877261853324,0.00844694223204,-0.999925842416,0.0,0.661130157058,0.260230060373,0.30319632284,1.0,-0.00484,-0.00636114285714,0.243
0.464601221113,0.544539703423,-0.123921105213,-1.36106317222,0.0792321939607,1.89595543029,0.158548957602,-0.00230556825375,-0.0272764845795,-0.000400047677201,-0.0452108963642,-0.000489507834721,0.0149715022847,-0.00383896750661,0.57386659696,0.818934904526,0.00187027873337,0.0,0.818889771413,-0.573807440052,-0.0120544977757,0.0,-0.00879883853779,0.00844938841797,-0.99992559137,0.0,0.661054099801,0.260121320833,0.303178639977,1.0,-0.00516,-0.00678171428571,0.259
0.464535245811,0.544012984793,-0.12392184321,-1.36192118898,0.0791828995309,1.89625577747,0.158470600536,-0.00333103485879,-0.0344462748839,-0.00133367941337,-0.0495140527112,-0.00087796898055,0.0178939400309,-0.00076644094082,0.573891564832,0.818917466459,0.00184440874256,0.0,0.818871944261,-0.573832469371,-0.0120740589621,0.0,-0.00882944614601,0.00843969765498,-0.99992540341,0.0,0.660950524561,0.259994757903,0.303169021408,1.0,-0.00552,-0.00725485714286,0.277
0.464455042126,0.543524366766,-0.123922028028,-1.36271007384,0.0791410833185,1.89652479798,0.158345623531,-0.00561802152016,-0.0372099813733,-1.38218387758e-05,-0.0440875827705,-0.00590226528607,0.0221270316866,-0.00787902228803,0.573887666259,0.81892025009,0.0018213756074,0.0,0.81887433029,-0.573828581142,-0.0120970061118,0.0,-0.00886149650119,0.00843396271687,-0.999925168276,0.0,0.660858644384,0.259865908635,0.303162564012,1.0,-0.00584,-0.00767542857143,0.293
0.464381095367,0.542938633931,-0.123932818935,-1.36364427967,0.079087954557,1.89686494595,0.158228777163,-0.0101361675897,-0.0362962635594,-0.00130515925199,-0.0564075492086,-0.00604829168179,0.0140851047897,-0.00983796549797,0.573897868633,0.8189131192,0.00181286590758,0.0,0.81886709604,-0.573838827624,-0.0121006543405,0.0,-0.00886926250409,0.00842919826451,-0.999925139598,0.0,0.660751352918,0.259722081011,0.303162087994,1.0,-0.0062,-0.00814857142857,0.311
0.464305850994,0.542374209929,-0.123927750298,-1.36450514846,0.0790388740185,1.89717640338,0.158119149456,-0.00824287605523,-0.0359927930908,0.000195675746786,-0.0508230904392,-0.00324196737216,0.0255654936718,-0.00465037057572,0.573900826786,0.818911010732,0.00182877495588,0.0,0.818865125928,-0.573841648331,-0.0121002099652,0.0,-0.00885973851499,0.00844200307257,-0.999925116005,0.0,0.660651019313,0.259593732074,0.303178357447,1.0,-0.00652,-0.00856914285714,0.327
0.464223907461,0.541755724199,-0.123923209973,-1.3654550421,0.0789760455344,1.89753453354,0.157994979142,-0.00798509084251,-0.0374240874196,0.00123638517573,-0.053527483446,-0.00590697696683,0.0198790079012,-0.00511573741278,0.573899043206,0.818912214702,0.00184924841261,0.0,0.818866627056,-0.573839802411,-0.0120861558965,0.0,-0.00883649847875,0.00845068381714,-0.999925248325,0.0,0.660543375992,0.259451746188,0.303194456737,1.0,-0.00686,-0.009016,0.344
0.464160139575,0.541141519791,-0.12393313623,-1.36641107244,0.0789262102584,1.89790193069,0.157869586934,-0.00276795133133,-0.0363633106283,-0.00096952087028,-0.0585830910983,-0.00200556255651,0.0214347480223,-0.00818602422491,0.573895338258,0.818914759315,0.00187205885646,0.0,0.818869457554,-0.573835985698,-0.01207559125,0.0,-0.00881479487503,0.00846326028938,-0.999925333521,0.0,0.660433769338,0.259315328298,0.303205829762,1.0,-0.00718,-0.00943657142857,0.36
0.464052979297,0.54043578841,-0.123925683961,-1.36748360541,0.0788556932454,1.89828548274,0.157729800651,-0.00575808710799,-0.0415814041054,0.000478311529785,-0.0620435394199,-0.00423054998862,0.0205871190097,-0.00769041261855,0.573903814758,0.818908787742,0.0018856474742,0.0,0.818863652154,-0.573844390578,-0.0120698584903,0.0,-0.00880221442872,0.00847118910521,-0.999925377204,0.0,0.660311137151,0.259145467438,0.303227149773,1.0,-0.00752,-0.00988342857143,0.377
0.463965125022,0.539689176687,-0.123934201527,-1.36863267581,0.0787967826396,1.89872752556,0.157597148071,-0.00777281376343,-0.0459829703832,-9.25928907254e-05,-0.0676764452724,-0.000490452685728,0.0180353716951,-0.010791628295,0.573918558999,0.818898370416,0.00192183980428,0.0,0.818853681798,-0.573858950171,-0.0120540455892,0.0,-0.0087683421352,0.0084919095698,-0.999925499049,0.0,0.66017326416,0.258964332598,0.303247857845,1.0,-0.00788,-0.0103565714286,0.395
0.463860268177,0.538983551174,-0.12392926624,-1.36973449773,0.0787351793061,1.89914198735,0.15746280233,-0.00914952831893,-0.0423491999647,0.00125533685834,-0.0696276822898,-0.00592928506119,0.0220626621068,-0.012156820875,0.57393785035,0.818884805434,0.00194068669683,0.0,0.818840280702,-0.573878077537,-0.0120537846664,0.0,-0.00875711216217,0.00850739949341,-0.999925465793,0.0,0.660057171561,0.258806679112,0.303256310499,1.0,-0.00818,-0.0107508571429,0.41
0.463739868451,0.538157201736,-0.123937729122,-1.37101887644,0.0786576017472,1.89963778521,0.157293273256,-0.00787745808947,-0.0407087410111,0.000454070505654,-0.0685947619973,-0.0084656989733,0.0266946669503,-0.00670127903829,0.573953789862,0.818873564578,0.00196957881367,0.0,0.818829477966,-0.573893949711,-0.0120319325629,0.0,-0.00872247007648,0.00851868649676,-0.999925672486,0.0,0.659917867063,0.258601795497,0.303271915757,1.0,-0.00854,-0.011224,0.428
0.463626325364,0.537347980132,-0.123943790194,-1.37227778465,0.0785879496462,1.90010204696,0.157135412212,-0.0105569036125,-0.0492699353443,-0.000452923093088,-0.0718047379799,-0.00101264995061,0.0199984071938,-0.0158565600648,0.573972444288,0.818860455221,0.00198367712287,0.0,0.818816510614,-0.573912500246,-0.0120295847467,0.0,-0.00871226188258,0.00852908195203,-0.999925672865,0.0,0.659774664573,0.258404787209,0.303284594419,1.0,-0.00888,-0.0116708571429,0.445
0.463519407757,0.53654393863,-0.123944243138,-1.37352594046,0.0785189226363,1.90058212002,0.156987746934,-0.00746934682241,-0.0471614132126,0.000589926044596,-0.0769619128188,-0.00731048257714,0.0321509920343,-0.0110977203964,0.573989684058,0.818848290831,0.00201645718551,0.0,0.818804733438,-0.573929558079,-0.0120173942329,0.0,-0.00868328552666,0.00854910960409,-0.999925753882,0.0,0.659633671576,0.25821779845,0.303299777355,1.0,-0.0092,-0.0120914285714,0.461
0.4634039811,0.535682039066,-0.123955529866,-1.37490150806,0.0784305139319,1.90107938041,0.156817440423,-0.00338945891204,-0.0530642991802,-0.000867673411619,-0.0792999232143,-0.0006300753751,0.030132720406,-0.0151137962671,0.574004468519,0.818837976719,0.00199622263891,0.0,0.818794225536,-0.573944495933,-0.0120199300044,0.0,-0.00869682160958,0.00853415341231,-0.999925764004,0.0,0.659473500659,0.258002598736,0.30329682834,1.0,-0.00954,-0.0125382857143,0.478
0.46327898405,0.534739445659,-0.123950874776,-1.37643145083,0.0783578044772,1.90163291762,0.156637806574,-0.00467532587056,-0.0467893457602,0.000679929633109,-0.0864976067729,-0.00035236299792,0.0234339316414,-0.00952450630706,0.574020852297,0.818826535106,0.00197824046634,0.0,0.818782303739,-0.573960714485,-0.0120575375761,0.0,-0.00873776763296,0.0085411907268,-0.999925346952,0.0,0.659288408537,0.257779441991,0.303281577123,1.0,-0.0099,-0.0130114285714,0.496
0.463161273245,0.533886627567,-0.123955833006,-1.37782591582,0.0782697058743,1.90214036536,0.156457249573,-0.00762976289206,-0.049180170247,0.00265996536059,-0.0906463069665,-0.00330418216695,0.0295968113085,-0.00453803194354,0.574025559413,0.818823315813,0.00194461404371,0.0,0.818778668731,-0.5739655898,-0.0120722930058,0.0,-0.00876910227437,0.0085221773223,-0.999925234875,0.0,0.659124053603,0.257564824181,0.303263574202,1.0,-0.01022,-0.013432,0.512
0.463033298768,0.532947032083,-0.123954299428,-1.37933472851,0.0781905172824,1.90272098506,0.15627492426,-0.00691207373132,-0.0564609219477,-7.1595945001e-05,-0.0917239617349,-0.00775841486315,0.0370995777077,-0.0172160478189,0.574041385515,0.818812186571,0.0019590152015,0.0,0.81876762049,-0.573981246954,-0.01207719682,0.0,-0.00876468669508,0.00853695337356,-0.999925147546,0.0,0.658950282048,0.257341187357,0.303258328074,1.0,-0.01056,-0.0138788571429,0.529
0.462905818938,0.531963213952,-0.123954120245,-1.38090438883,0.0780990682551,1.90329409604,0.156064344782,-0.00702609573757,-0.0637306006837,0.000403772162282,-0.0980611340439,-0.00285571667108,0.0352006949539,-0.0104595107421,0.574034242106,0.818817217256,0.00194949117385,0.0,0.818772457612,-0.573974078758,-0.0120899326423,0.0,-0.00878065665728,0.00853638935289,-0.999925012251,0.0,0.658762441613,0.257107995776,0.303254465021,1.0,-0.0109,-0.0143257142857,0.546
0.462791414778,0.53108495449,-0.123954360785,-1.38232614477,0.0780171198821,1.90379784395,0.155896276841,-0.0070380360764,-0.0597003912115,-8.8223248801e-05,-0.0968888791957,-0.00671590421741,0.0388057760026,-0.00783117661437,0.574045748632,0.818809226487,0.00191728926793,0.0,0.818763952639,-0.573985635105,-0.0121172378479,0.0,-0.00882137949017,0.00852582035958,-0.999924743994,0.0,0.658588290293,0.256896200594,0.303240410338,1.0,-0.0112,-0.01472,0.561
0.462637373554,0.529976684211,-0.123954237708,-1.38406875109,0.0779049589583,1.90441489684,0.155660516004,-0.00788592868872,-0.0672819956083,0.000473979350396,-0.0978011124329,-0.00648512218034,0.0313379141572,-0.0175138889432,0.574043049493,0.818811160209,0.00189951210884,0.0,0.818765648194,-0.573983009644,-0.0121270309155,0.0,-0.00883963076704,0.00851685704698,-0.999924659199,0.0,0.658379227589,0.256626294918,0.303245270059,1.0,-0.01156,-0.0151931428571,0.579
0.462505377175,0.528917738653,-0.123959746374,-1.38573694857,0.0777987454987,1.90505033427,0.155428793462,-0.00675532395905,-0.065845491041,0.000254278128409,-0.0973750479928,-0.00466409144441,0.0367536545298,-0.0136211569304,0.574027267239,0.818822185372,0.00191627492567,0.0,0.81877696995,-0.573967229813,-0.0121094790216,0.0,-0.00881580079702,0.00852033697057,-0.999924839933,0.0,0.658184731732,0.256378029519,0.303252324485,1.0,-0.0119,-0.01564,0.596
0.462371118633,0.527876423804,-0.123957678654,-1.38734104025,0.077701680136,1.90567979375,0.155202506641,-0.00349388821876,-0.0656688731592,0.000236428490823,-0.096881572511,-0.00983094208592,0.0398501332294,-0.0170938498512,0.574011338604,0.818833218963,0.00197220113576,0.0,0.818788756803,-0.5739510798,-0.012077939814,0.0,-0.00875803998428,0.00854785508902,-0.99992511265,0.0,0.658001476981,0.256141147236,0.303276459667,1.0,-0.01222,-0.0160605714286,0.612
0.462210820055,0.526628270048,-0.123965901484,-1.38924361693,0.0775800535145,1.90640349744,0.1549447003,-0.0086662040427,-0.0658477981238,-0.00131796945336,-0.10805475428,-0.000263245587922,0.0390324477226,-0.0127949345744,0.574007316514,0.818835908911,0.00202528208573,0.0,0.818792247608,-0.573946934886,-0.0120381931235,0.0,-0.00869506776955,0.00856846117094,-0.999925485859,0.0,0.657782376042,0.25585090183,0.303312304363,1.0,-0.01258,-0.0165337142857,0.63
0.462055201436,0.525462877541,-0.123966193897,-1.39106903122,0.0774545093666,1.90705903493,0.154693789352,-0.00864124483273,-0.0693143643795,-0.000683752482583,-0.104069152811,-0.0130152651039,0.0393728599309,-0.0181044060323,0.573993760794,0.818845440116,0.00201362140841,0.0,0.818801706067,-0.573933508972,-0.0120349625175,0.0,-0.00869925686638,0.00855691478812,-0.999925548298,0.0,0.657562173334,0.255571234176,0.303320150682,1.0,-0.01292,-0.0169805714286,0.647
0.461911347397,0.524403310203,-0.123970072226,-1.39272540393,0.0773540321723,1.9076520793,0.154469763432,-0.0112744774058,-0.0741982664959,-0.000157206904536,-0.109002379407,-0.00506305016032,0.0372691205871,-0.0105476873102,0.57399263956,0.818846234984,0.00200999615701,0.0,0.818802418605,-0.57393236898,-0.0120408481664,0.0,-0.00870616895179,0.00855731269112,-0.999925484735,0.0,0.657362319233,0.25531572269,0.303328463801,1.0,-0.01322,-0.0173748571429,0.662
0.461747215211,0.523126235137,-0.123980461068,-1.3947617088,0.0772329712559,1.90841516778,0.154203308866,-0.00740738595355,-0.0717906230593,0.00122498105851,-0.118383240301,-0.010388762432,0.0525712107167,-0.0103423602977,0.573992863039,0.818846077024,0.00201052840939,0.0,0.818802274778,-0.573932597212,-0.0120397498835,0.0,-0.00870496176617,0.00855712049211,-0.999925496889,0.0,0.657119988365,0.255009072177,0.303323555274,1.0,-0.01358,-0.017848,0.68
0.461588312134,0.521880826717,-0.12397959753,-1.39671180204,0.0771169434795,1.90918201327,0.153921926154,-0.00777692734014,-0.0738449567044,-0.000213295784595,-0.112393181529,-0.0101978656246,0.0496903448961,-0.021110671021,0.573965272224,0.818865287075,0.00206271816554,0.0,0.818822175679,-0.573904797462,-0.0120114514865,0.0,-0.00865212339883,0.00858332065388,-0.999925730926,0.0,0.65689303489,0.254723311289,0.303337012327,1.0,-0.01392,-0.0182948571429,0.697
0.461428207994,0.520703754562,-0.12398784061,-1.39861054397,0.0769963632616,1.9098831489,0.153667843991,-0.00623544109876,-0.0734917079975,-0.000997253134622,-0.122338467891,-0.0126300223652,0.0456408316764,-0.0205646823358,0.57396292761,0.818866989869,0.00203900307219,0.0,0.818823617291,-0.573902601322,-0.0120181056604,0.0,-0.00867120778645,0.00856769593511,-0.999925699611,0.0,0.65666523193,0.254431544689,0.303321179901,1.0,-0.01424,-0.0187154285714,0.713
0.461260867013,0.519378939925,-0.123986028808,-1.40067459885,0.076865854402,1.91061785172,0.153385714016,-0.00877989229433,-0.0791911290228,-0.000173955056748,-0.122446885537,-0.00357884646707,0.0401708352519,-0.0182691574322,0.573941973632,0.8188816895,0.00203381546897,0.0,0.818838209331,-0.573881632628,-0.0120252057604,0.0,-0.00868021858902,0.0085673010913,-0.999925624813,0.0,0.65640840929,0.254123954248,0.303332611914,1.0,-0.01458,-0.0191622857143,0.73
0.461087020448,0.518029713266,-0.123989218889,-1.40278189171,0.0767330873287,1.9113837099,0.153112360907,-0.00988572282859,-0.0797116846535,7.99941354271e-05,-0.123217484228,-0.00625768332087,0.0494378198773,-0.0147767317964,0.573938568568,0.818884067511,0.00203724998877,0.0,0.818840635099,-0.573878216282,-0.0120230649065,0.0,-0.00867652995496,0.00856884871376,-0.999925643565,0.0,0.656150391459,0.253806154294,0.303343065323,1.0,-0.01492,-0.0196091428571,0.747
0.460940210298,0.516901096733,-0.123989935166,-1.40454648334,0.0766151267237,1.91201238747,0.152860879855,-0.00985819517632,-0.0844692774295,0.000394116358378,-0.125773795819,-0.0104486623995,0.0432293381,-0.0156403016903,0.573914618717,0.818900881048,0.00202591764522,0.0,0.818857332544,-0.573854349039,-0.0120250542088,0.0,-0.00868491304621,0.00856045673552,-0.999925642668,0.0,0.65593142178,0.253538464611,0.303349496271,1.0,-0.0152,-0.0199771428571,0.761
0.460728331394,0.515290505762,-0.123995169441,-1.40711132477,0.0764550345411,1.91298293887,0.152521268365,-0.010373092449,-0.0866814145629,-0.000381919093293,-0.129865663427,-0.0107551359595,0.0472619504195,-0.0146873776417,0.573905986784,0.818906910377,0.00203405293472,0.0,0.818863511966,-0.573845726939,-0.0120157125061,0.0,-0.00867268439542,0.00856166591095,-0.999925738454,0.0,0.655622700446,0.2531532071,0.303342519235,1.0,-0.0156,-0.0205028571429,0.781
0.460533010208,0.513898252704,-0.124000546935,-1.40936419227,0.0763191766721,1.9137658065,0.152197904315,-0.0102386882148,-0.0855089283467,-0.00114278643068,-0.133907214969,-0.00347997388239,0.0458326681824,-0.0195398999828,0.573886476593,0.818920744103,0.00196818787134,0.0,0.818876370752,-0.573826388746,-0.0120628315286,0.0,-0.00874927328343,0.0085345627415,-0.999925302938,0.0,0.655338315335,0.252804200788,0.303314205578,1.0,-0.01594,-0.0209497142857,0.798
0.460356058068,0.512578202769,-0.124003822051,-1.4115031848,0.0761972081459,1.91451570875,0.151904836809,-0.0124917020783,-0.0779163153179,-0.00148485417964,-0.135202176556,-0.0067327808527,0.0491567828408,-0.0183148827156,0.573872797289,0.818930459543,0.00191360031682,0.0,0.818885197841,-0.573812780223,-0.0121108591982,0.0,-0.00882007298438,0.00851727560365,-0.999924828339,0.0,0.655065819571,0.252481074574,0.303286172438,1.0,-0.01626,-0.0213702857143,0.814
0.460153395651,0.511126271203,-0.124004886456,-1.41379880278,0.0760604618909,1.91539803487,0.15157008286,-0.00839176961515,-0.0894738615496,-0.00110136941231,-0.133291075571,-0.00209090640389,0.0486794182218,-0.0127826484124,0.573848734276,0.818947244895,0.00194606038432,0.0,0.818902385622,-0.573788556117,-0.0120963875977,0.0,-0.00878984535003,0.00853529453439,-0.999924940866,0.0,0.654791915692,0.252132131131,0.303286902154,1.0,-0.0166,-0.0218171428571,0.831
0.45995635363,0.509645034143,-0.124009823285,-1.4161527246,0.0759016690288,1.91628096131,0.151254619599,-0.00973558195481,-0.0893439811695,0.0028866815181,-0.138555875625,-0.00536760221375,0.0492661060023,-0.0271715673357,0.573834972282,0.818956893627,0.00194367382054,0.0,0.818912134569,-0.573774933901,-0.012082548718,0.0,-0.00878002428999,0.0085252512235,-0.999925112828,0.0,0.65450469685,0.251774689958,0.303280063997,1.0,-0.01694,-0.022264,0.848
0.459755719335,0.508230797984,-0.124010528118,-1.4183837733,0.0757611393709,1.91707334176,0.150936907096,-0.0123267492208,-0.0942054210179,0.000176016050841,-0.140166651734,-0.0146655453942,0.0555220877147,-0.0185041057978,0.573817227597,0.818969379427,0.00192139923862,0.0,0.818924273842,-0.573757235467,-0.012100221605,0.0,-0.00880746383433,0.00851696006879,-0.999924942169,0.0,0.654225018022,0.251427989548,0.303276359215,1.0,-0.01726,-0.0226845714286,0.864
0.459541612082,0.50669454761,-0.124018740801,-1.42080394523,0.0756117873953,1.91795135475,0.150610620143,-0.0126627054056,-0.0869961487486,-0.00116524629366,-0.144199702346,-0.0092952484057,0.0522276236256,-0.0153175846866,0.573816035237,0.818970232637,0.00191380772927,0.0,0.818925004274,-0.573756053982,-0.0121068078204,0.0,-0.00881722620525,0.00851450939642,-0.999924877004,0.0,0.653925030756,0.251051693949,0.303275157904,1.0,-0.0176,-0.0231314285714,0.881
0.459301987827,0.504987617049,-0.124019046073,-1.42340927065,0.0754490154812,1.91896773153,0.150253826768,-0.0113183187202,-0.0903107421835,0.000475045634867,-0.144746464146,-0.00447681949369,0.0640429280142,-0.0237175829881,0.573810953893,0.818973560945,0.00201061346093,0.0,0.818929669953,-0.573750622304,-0.0120484844525,0.0,-0.00871396726254,0.00856026818633,-0.999925391508,0.0,0.653617089978,0.25065083552,0.303316218548,1.0,-0.01796,-0.0236045714286,0.899
0.459118703949,0.503606546658,-0.124026879429,-1.42544813684,0.0753148718343,1.91973482168,0.149960450785,-0.0114881410627,-0.0981913575265,-0.0037567791039,-0.143308246724,-0.0131037665296,0.0588628297005,-0.0134562135913,0.57379479101,0.818984665959,0.0020980076044,0.0,0.818942033382,-0.573734207794,-0.0119896483897,0.0,-0.00861580533146,0.00859790994203,-0.999925919178,0.0,0.653371826082,0.250333176158,0.303377189723,1.0,-0.01824,-0.0239725714286,0.913
0.458853900928,0.501725021414,-0.124035477119,-1.42826519904,0.075138497469,1.92076104448,0.149571419803,-0.0148941668574,-0.0973340155593,-0.00076599190261,-0.155890413763,-0.00463431155825,0.0531075690966,-0.0247140462778,0.573795563667,0.818983927405,0.00217363033241,0.0,0.818942294645,-0.573734681458,-0.011949068377,0.0,-0.00853917224737,0.00863656651746,-0.999926243408,0.0,0.653026215556,0.249886972211,0.303439158821,1.0,-0.01862,-0.024472,0.932
0.458617028989,0.50000256783,-0.124033429052,-1.43087139085,0.0749664172225,1.92167854213,0.149215026134,-0.0139918899463,-0.0952400946039,0.00149025831262,-0.154334795239,-0.00557589184122,0.0559262848625,-0.0242113225614,0.573782084599,0.818993302273,0.00219934679322,0.0,0.818951994506,-0.57372108892,-0.0119369059748,0.0,-0.00851459833847,0.00865050878588,-0.999926332443,0.0,0.652694558902,0.249481675363,0.303479973938,1.0,-0.01896,-0.0249188571429,0.949
0.458382742659,0.498426587902,-0.124037453448,-1.43334358395,0.0748192554164,1.92260632881,0.148845302372,-0.0118915426563,-0.094109963069,0.000869660023611,-0.150200468551,-0.0120583356167,0.0501604543521,-0.028235442512,0.573760161647,0.81900858582,0.00222714201509,0.0,0.818967586115,-0.573699000982,-0.0119287914844,0.0,-0.00849223699696,0.00866838934373,-0.999926367758,0.0,0.652391713273,0.249093164499,0.303482999859,1.0,-0.01928,-0.0253394285714,0.965
0.458118533754,0.496747745013,-0.124037255292,-1.43601031349,0.0746562727087,1.92355978783,0.148449701183,-0.0185358265392,-0.0975470353206,0.00090246537229,-0.153860726903,-0.0118635977896,0.0528013229939,-0.0229390024037,0.573743297507,0.81902047515,0.00219926172627,0.0,0.818978990421,-0.573682128477,-0.0119572411138,0.0,-0.00853171241217,0.00866170285857,-0.999926089662,0.0,0.652055859846,0.248665298362,0.303466670403,1.0,-0.01962,-0.0257862857143,0.982
0.457848444707,0.49507094671,-0.124043170318,-1.43874344247,0.0744895119639,1.92450501614,0.148047931362,-0.00979655304765,-0.0952220198852,0.00148827716937,-0.159327044747,-0.0104667658155,0.055494919815,-0.0292414310287,0.573730475624,0.819029736284,0.00209268328448,0.0,0.81898670427,-0.573669594003,-0.0120300476802,0.0,-0.00865262459866,0.00861605064926,-0.9999254451,0.0,0.651680707966,0.248198829066,0.3034083257,1.0,-0.01998,-0.0262594285714,1.0
0.457588494823,0.49338082974,-0.124068375755,-1.44143314289,0.0743148795948,1.92548072245,0.147680443873,-0.0129618305894,-0.115021825066,-0.00168222305378,-0.181072668076,-0.00861828031845,0.0645274198876,-0.0238071199029,0.573750109625,0.819016029524,0.00207412386438,0.0,0.818972852047,-0.573689400417,-0.0120285643514,0.0,-0.00866185090727,0.00860020683258,-0.999925501616,0.0,0.651370000003,0.247778526599,0.303398255946,1.0,-0.023852,-0.0313483428571,1.015
0.457287176398,0.491194217885,-0.12409942027,-1.44486705385,0.0741121764851,1.92676565251,0.147182123947,-0.0186844564409,-0.140500713375,-0.000408365691567,-0.215762928382,-0.00787308832053,0.0789660885422,-0.0390952038384,0.573716696985,0.819039352716,0.00210646744533,0.0,0.818996566201,-0.573655824317,-0.0120152686293,0.0,-0.00863275672946,0.00861871577293,-0.999925593857,0.0,0.650911477678,0.247209324977,0.303399186191,1.0,-0.0288302857143,-0.0378912326531,1.033
0.456870909389,0.488483818538,-0.124108614325,-1.44923536363,0.0738623849589,1.92832596086,0.146557771985,-0.0241410975504,-0.162495961814,-0.000856074024002,-0.256257009974,-0.0135657302078,0.0923883117205,-0.0328101262656,0.573714800562,0.819040875847,0.00202933708888,0.0,0.818996774464,-0.573653952955,-0.0120901852014,0.0,-0.00873838687459,0.00859850426951,-0.999924850336,0.0,0.650377674186,0.246547766754,0.303338861789,1.0,-0.033532,-0.0440706285714,1.05
0.456416807942,0.485609757409,-0.124153217192,-1.4536334514,0.0735876666878,1.93001956546,0.145901929458,-0.0283113556209,-0.18713722882,-0.00305340574179,-0.280165051008,-0.0193658363273,0.105645691068,-0.0417087186984,0.573725366932,0.819033138739,0.00216052933401,0.0,0.818991005565,-0.573664214876,-0.0119936764489,0.0,-0.00858396537081,0.00865069706607,-0.999925737732,0.0,0.649852780032,0.245813637023,0.303389988876,1.0,-0.0379571428571,-0.0498865306122,1.066
0.455879011031,0.482227201514,-0.124212571267,-1.45891917363,0.0732658152137,1.93186757049,0.145093962181,-0.0320176193591,-0.205232633388,-0.00702585629124,-0.322298864435,-0.0189462363132,0.113859907813,-0.0416753692685,0.573719048909,0.819037698367,0.00210914048882,0.0,0.818994817789,-0.573658035926,-0.0120288467283,0.0,-0.00864231993952,0.00862871976437,-0.99992542497,0.0,0.649176825711,0.244921766958,0.303383372082,1.0,-0.0426588571429,-0.0560659265306,1.083
0.455262135093,0.47841813128,-0.124276690877,-1.46486863774,0.0729094039555,1.9339704165,0.1442057812,-0.0365003132402,-0.23407048176,-0.00429923023392,-0.361515385519,-0.0148678534728,0.127322244384,-0.0528922805563,0.573736460083,0.819025588162,0.00207538130909,0.0,0.818982140032,-0.573675462321,-0.0120608929901,0.0,-0.00868775190916,0.00861964023029,-0.99992510958,0.0,0.648416585672,0.243915154642,0.30337586345,1.0,-0.0473605714286,-0.062245322449,1.1
0.454612573001,0.474449230875,-0.124327920122,-1.47090895443,0.0725390430529,1.93621455229,0.143345275105,-0.0418804314381,-0.253113115836,-0.00285604793709,-0.395887139416,-0.0182927105279,0.146435059795,-0.0524001520616,0.573799244327,0.818981230928,0.00221754358104,0.0,0.818939615743,-0.573737618221,-0.0119915848015,0.0,-0.00854875929915,0.00869696402906,-0.999925638001,0.0,0.647614365968,0.24282819441,0.303439589983,1.0,-0.0520622857143,-0.0684247183673,1.117
0.45375376056,0.469334540805,-0.124371570735,-1.47873109076,0.0720714522549,1.93902052877,0.142149014393,-0.0485108945531,-0.274062495867,-0.00614776091737,-0.431238788069,-0.0273297978626,0.155023926954,-0.0658424170313,0.573794924961,0.818984002473,0.00230969349076,0.0,0.818943409354,-0.57373273838,-0.0119659553909,0.0,-0.00847494243706,0.00875768134998,-0.999925736426,0.0,0.646662028534,0.241570306635,0.30349979815,1.0,-0.0570405714286,-0.0749676081633,1.135
0.453074259044,0.465235756313,-0.124389860842,-1.48492303109,0.0716664705638,1.9413011226,0.141144521362,-0.0542880814282,-0.296352991404,-0.00041635783721,-0.451012552097,-0.027808599407,0.15221342261,-0.0715428881594,0.573724337961,0.819033013022,0.00246059209267,0.0,0.818994490069,-0.573661671988,-0.011876793734,0.0,-0.00831609889368,0.00882938698138,-0.999926439507,0.0,0.645870994164,0.240532307692,0.303578675678,1.0,-0.0609125714286,-0.080056522449,1.149
0.452162359113,0.459949709913,-0.124420723802,-1.49311624471,0.0711381047798,1.9440972942,0.139941646741,-0.0548729939113,-0.325867985014,-0.000459208936866,-0.486846758531,-0.0337242531839,0.171180054575,-0.0742148601365,0.573746396088,0.819017842494,0.00236506938191,0.0,0.818977750553,-0.573683762908,-0.0119637442659,0.0,-0.0084418806466,0.00880126381017,-0.999925633438,0.0,0.644769865812,0.239133406293,0.303563783961,1.0,-0.0656142857143,-0.0862359183673,1.166
0.451130674316,0.454019553657,-0.124469509738,-1.50230424901,0.0705119447271,1.94731584739,0.138515451808,-0.0612220744866,-0.332013931038,-0.000337409646235,-0.521515407453,-0.0355131783053,0.190645542154,-0.0893491754435,0.573710060699,0.819043461557,0.00230677991883,0.0,0.819002696173,-0.573647758165,-0.0119824920158,0.0,-0.00849106608904,0.00876390392704,-0.999925545121,0.0,0.643544512468,0.23755294013,0.303548390864,1.0,-0.0705925714286,-0.0927788081633,1.184
0.450062202122,0.447919656331,-0.124505104856,-1.51129400639,0.0699038856556,1.95073431442,0.137077719665,-0.0637674682923,-0.350554756364,-0.00282730118635,-0.54787185854,-0.0305042944589,0.200958925292,-0.0824233044416,0.573675643789,0.819066262416,0.00273137267539,0.0,0.81903155557,-0.573612305674,-0.0117038737227,0.0,-0.00801965353103,0.00895148004759,-0.999927775473,0.0,0.642404130289,0.235999986553,0.303751103744,1.0,-0.0752942857143,-0.0989582040816,1.201
0.448983838181,0.442018218825,-0.124538022326,-1.52045947654,0.0692920721546,1.95384699898,0.135673468777,-0.072046240368,-0.375028597583,-0.00280718087977,-0.593739190623,-0.0470311121457,0.198442825521,-0.0975692169744,0.573674014032,0.819067845264,0.00259564616385,0.0,0.819031069369,-0.57361083104,-0.0118096919136,0.0,-0.00818420572709,0.00890099958966,-0.999926892819,0.0,0.64113957262,0.234401908155,0.303700241329,1.0,-0.0797194285714,-0.104774106122,1.217
0.447761445426,0.435342522378,-0.124555323238,-1.5307011047,0.0685994255673,1.95731035134,0.134010633957,-0.0780278294245,-0.417253257935,-0.000758466505713,-0.594006535209,-0.0367731633995,0.213443792328,-0.0964393384023,0.573584625031,0.819130727516,0.00250520831782,0.0,0.81909238708,-0.573521379789,-0.0119010610025,0.0,-0.00831189425585,0.00887843361115,-0.99992604018,0.0,0.639708274099,0.232618731336,0.303686880867,1.0,-0.0844211428571,-0.110953502041,1.234
0.446337534997,0.427944085916,-0.124586519155,-1.54192531403,0.0677905662006,1.96135629435,0.132204074878,-0.082996479631,-0.422614796686,-0.00182860689593,-0.638695513031,-0.0549027126917,0.225805304593,-0.108723292415,0.573554163596,0.819151606664,0.00264832469765,0.0,0.819115599722,-0.573490893803,-0.0117718272953,0.0,-0.0081242775619,0.00892123639278,-0.999927201178,0.0,0.638195289614,0.230616991315,0.30373755569,1.0,-0.0893994285714,-0.117496391837,1.252
0.445053998477,0.421524881341,-0.12467378594,-1.55180297532,0.0670772833641,1.96462882102,0.130557798753,-0.085595460661,-0.429127174757,-0.0102227874705,-0.66822852651,-0.0544815965787,0.21486479121,-0.110001082232,0.573540396138,0.819161847563,0.00245527917661,0.0,0.819123409856,-0.573477938092,-0.0118592094529,0.0,-0.00830672341659,0.00881308201792,-0.999926661276,0.0,0.636804490185,0.228785263885,0.303686126085,1.0,-0.093548,-0.1229488,1.267
0.443511187598,0.41384559514,-0.124788005983,-1.56324489172,0.0662748245172,1.96872340405,0.128716902947,-0.0908424361218,-0.463003041856,-0.00194319324585,-0.675729755302,-0.0492532332805,0.246949003423,-0.12381812486,0.573634061516,0.819095499653,0.00269681635601,0.0,0.819060726337,-0.573571275356,-0.0116732840357,0.0,-0.00801487233424,0.0089052211491,-0.999928226853,0.0,0.635253253576,0.226650805189,0.303804312415,1.0,-0.0982497142857,-0.129128195918,1.284
0.441835854712,0.405966144741,-0.124832630378,-1.57529504617,0.0654603014378,1.9727332467,0.12669558351,-0.100459053768,-0.468594877189,-0.00187987325231,-0.736037464719,-0.0539494519023,0.230103730057,-0.11991138676,0.573656074721,0.819080511527,0.00256329363973,0.0,0.819043253935,-0.57359294916,-0.0118331634813,0.0,-0.00822218474136,0.00888778559507,-0.999926698786,0.0,0.633417514331,0.224268479598,0.303743219623,1.0,-0.103228,-0.135671085714,1.302
0.440254254878,0.398694755009,-0.124934817607,-1.58614259312,0.0647139092428,1.97646480419,0.124855203391,-0.106685923453,-0.503363125152,-0.00775381729206,-0.720936490339,-0.0545907042726,0.25150143388,-0.125992282533,0.57373863517,0.819022198766,0.00271354813715,0.0,0.818987073976,-0.573675144424,-0.0117366192651,0.0,-0.00805601170032,0.00895628520386,-0.999927440183,0.0,0.63189917884,0.222174639195,0.303824282576,1.0,-0.107376571429,-0.141123493878,1.317
0.438154326004,0.389232771221,-0.125005426265,-1.60036557827,0.0636269732633,1.98133414286,0.122427114564,-0.116448070774,-0.498940049345,-0.00441802605576,-0.77893456733,-0.0573439639025,0.247905903119,-0.132949070385,0.573763890564,0.819004511639,0.00271195512994,0.0,0.818969811427,-0.57370089768,-0.0116822460866,0.0,-0.00801211541656,0.00892403216182,-0.999928081242,0.0,0.629960325123,0.219583569113,0.303825159485,1.0,-0.112354857143,-0.147666383673,1.335
0.436063275,0.379840521794,-0.125070557076,-1.61435882322,0.06258433067,1.98594526123,0.11990497858,-0.119126879134,-0.535408669681,-0.00516559621021,-0.799571034,-0.0562274904551,0.268141412815,-0.142413595434,0.573691156894,0.819055529531,0.00269127237895,0.0,0.819020476337,-0.573628152105,-0.0117025362538,0.0,-0.00804139224837,0.00891802044731,-0.999927899862,0.0,0.627887891152,0.216888667239,0.303856629439,1.0,-0.117333142857,-0.154209273469,1.353
0.434190513947,0.371873736889,-0.125108703106,-1.62633159728,0.0616936475397,1.98994783925,0.117767205042,-0.133464936557,-0.542622979108,-0.0032284941236,-0.790572796845,-0.0679033591866,0.26766145974,-0.139277897051,0.573689131997,0.819057032024,0.00266552460817,0.0,0.819021515907,-0.573626076901,-0.0117314654433,0.0,-0.00807988040618,0.00891350784515,-0.999927629837,0.0,0.626110229198,0.214552380674,0.303824955147,1.0,-0.121481714286,-0.159661681633,1.368
0.4319457418,0.362494099452,-0.125235467425,-1.6401887107,0.0606102821825,1.9944950349,0.115336129897,-0.131168120887,-0.564623434924,-0.00937982875536,-0.788649177239,-0.0648133238325,0.277575395995,-0.149044789492,0.573815369652,0.818968598842,0.00266506346816,0.0,0.818933492824,-0.573752759551,-0.0116812730666,0.0,-0.00803766306673,0.00888557483214,-0.99992821869,0.0,0.624042166644,0.211750823444,0.30386722367,1.0,-0.126183428571,-0.165841077551,1.385
0.429582690199,0.35291589846,-0.125321839327,-1.65454628906,0.0595390915762,1.99910249383,0.112650610427,-0.140903154783,-0.569198648016,-0.00545246739281,-0.874704841623,-0.0638812948842,0.268601364482,-0.164902546638,0.57380671355,0.818975167219,0.00250556690926,0.0,0.818937495305,-0.573744148642,-0.0118227570728,0.0,-0.00824514884209,0.00883605019135,-0.999926968202,0.0,0.62183321366,0.208864214259,0.303785982058,1.0,-0.130885142857,-0.172020473469,1.402
