position_joint1,position_joint2,position_joint3,position_joint4,position_joint5,position_joint6,position_joint7,velocity_joint1,velocity_joint2,velocity_joint3,velocity_joint4,velocity_joint5,velocity_joint6,velocity_joint7,ee_T_00,ee_T_10,ee_T_20,ee_T_30,ee_T_01,ee_T_11,ee_T_21,ee_T_31,ee_T_02,ee_T_12,ee_T_22,ee_T_32,ee_T_03,ee_T_13,ee_T_23,ee_T_33,v_x,v_y,time
0.465075601299,0.547734551954,-0.124015863117,-1.35582805142,0.0794891696853,1.8941096703,0.159162075943,0.000891684008902,0.000398066664605,-0.00101299305869,0.00433050068571,1.90384769852e-05,-0.00017361418136,0.00810310326167,0.573822491073,0.818965542373,0.00198394692774,0.0,0.81892309316,-0.573764028147,-0.0118555638869,0.0,-0.00857114594902,0.00842785141966,-0.999927750779,0.0,0.661687662747,0.260875996292,0.303251448811,1.0,0.0,0.0,0.0
0.465069731762,0.547737089746,-0.124010425612,-1.35582876666,0.0794895221957,1.89410901375,0.15915654763,-0.00117793565623,0.000586063329258,0.00129129206725,0.000377375023785,-0.000245135934234,-0.000115275524845,-0.000827065092404,0.573823757645,0.818964657271,0.00198297881787,0.0,0.818922166458,-0.573765269986,-0.0118594747912,0.0,-0.00857489142418,0.00842931598839,-0.999927706321,0.0,0.661687403158,0.260874560403,0.303251280821,1.0,-0.00016,-0.000210285714286,0.009
0.465069933187,0.5477350042,-0.124012940399,-1.35583412978,0.0794880017446,1.89410931714,0.159155786265,-0.00364011414097,0.00123248349697,0.000427226359343,-0.000648782521621,0.000272634497678,-8.87105571657e-05,-0.000491372668967,0.573819961031,0.818967328478,0.00197841086868,0.0,0.818924795746,-0.573761509649,-0.0118598422979,0.0,-0.0085778525064,0.00842574618346,-0.999927711011,0.0,0.661687058931,0.260872995071,0.303248105773,1.0,-0.0005,-0.000657142857143,0.026
0.465069458607,0.547714773449,-0.124013108965,-1.35584229905,0.0794900638667,1.89411148058,0.159155481315,-0.001395548661,-0.00157689779462,0.000587247977836,0.000293327116045,-0.00017522391968,-4.81380431481e-05,-0.000541268762492,0.573821189322,0.81896643408,0.00199234452998,0.0,0.818924059664,-0.573762658529,-0.0118550867574,0.0,-0.00856595015423,0.00843444124249,-0.999927739739,0.0,0.661686201392,0.2608723636,0.303258746466,1.0,-0.00084,-0.001104,0.043
0.46507362613,0.5476337715,-0.124013392282,-1.35592839891,0.0794864093402,1.89412243699,0.159160772101,-0.000943980754233,-0.00528794894737,0.00107003929469,-0.00590976769414,4.59222233731e-05,0.00266874069103,0.00115578555894,0.573825972433,0.818963065305,0.00199948184494,0.0,0.818920744962,-0.573767373871,-0.0118558447421,0.0,-0.00856242635772,0.00844077131114,-0.999927716505,0.0,0.661669973296,0.260865953547,0.303276102322,1.0,-0.00118,-0.00155085714286,0.06
0.465068633058,0.547498105462,-0.124013595966,-1.35609634611,0.0794866024409,1.89415323914,0.159150521711,-0.00138544950219,-0.00925508043561,-0.000325568920112,-0.00698192876098,-0.000758051940147,0.000396931577601,-0.001256410831,0.57383100335,0.81895952491,0.00200575524763,0.0,0.818917152534,-0.573772246868,-0.0118681469006,0.0,-0.00856885022912,0.0084530207668,-0.999927557999,0.0,0.661642535239,0.260846500149,0.303294951076,1.0,-0.00152,-0.00199771428571,0.077
0.465055629622,0.547337624438,-0.124016203808,-1.3563052179,0.0794809471733,1.89421794825,0.159149536113,-0.00171777842183,-0.0117969209902,0.000358308076256,-0.0089725191601,0.000375874609593,0.00383860394568,0.00176110232838,0.573852103491,0.818944711505,0.00201735423186,0.0,0.818902442101,-0.573793249882,-0.0118677551694,0.0,-0.00856165593099,0.0084625155044,-0.999927539314,0.0,0.661617300779,0.260818609341,0.303311403253,1.0,-0.00184,-0.00241828571429,0.093
0.465042078044,0.547166134645,-0.124013789862,-1.3565063137,0.0794791026267,1.89434405529,0.159142761225,-0.00382408145098,-0.00856179052074,0.00273610586122,-0.0148719445615,0.000266172338369,0.00461204894733,-0.000666330024805,0.573870753641,0.818931392101,0.00211661244261,0.0,0.81889035454,-0.573811440609,-0.0118222150985,0.0,-0.00846720965342,0.00851786099703,-0.999927873601,0.0,0.661601346603,0.260795193853,0.303353807141,1.0,-0.0022,-0.00289142857143,0.111
0.465025815217,0.546964282961,-0.124013026965,-1.35674728676,0.0794752693251,1.89447296284,0.159118620222,-4.79037025511e-05,-0.00925610197399,-0.000987995072837,-0.0151208839661,0.000239604472166,0.0157511310604,-0.00189393761808,0.573873325592,0.818929388805,0.00219299496743,0.0,0.818889309182,-0.573813677945,-0.0117859751745,0.0,-0.00839367254234,0.00855964170228,-0.999928136815,0.0,0.66158281843,0.260768150473,0.30339097219,1.0,-0.00252,-0.003312,0.127
0.46499704924,0.546733374238,-0.124010926978,-1.35708677476,0.079463710699,1.89460750454,0.159104883647,0.000333770521706,-0.0140917447128,0.00110187497772,-0.0199900943795,-0.00090560906306,0.0117492088724,-0.00097187413003,0.573900141723,0.818910523585,0.00222004334815,0.0,0.818870719173,-0.57384030838,-0.0117810297155,0.0,-0.00837382007514,0.00857922829319,-0.999928135407,0.0,0.661545539728,0.260720334203,0.303404518878,1.0,-0.00286,-0.00375885714286,0.144
0.464964056956,0.546462064441,-0.124016228291,-1.35748859505,0.0794493313528,1.89475322601,0.15899854806,-0.00265541190454,-0.0175548059755,-0.00176131365678,-0.0254068085712,-0.000277074722187,0.00822110337248,-0.0108336816746,0.573862416411,0.818936911387,0.00223810211852,0.0,0.818897269965,-0.573802444747,-0.0117797516175,0.0,-0.00836280594925,0.00859289788259,-0.999928110207,0.0,0.661500190916,0.260658869456,0.303418205186,1.0,-0.0032,-0.00420571428571,0.161
0.464925286908,0.546177384663,-0.124011637172,-1.35795435556,0.0794207370736,1.89491016331,0.15893502955,-0.00132047232006,-0.0148386135015,0.000175913154812,-0.0254698273005,-0.000879984406101,0.00413085127904,-0.00124518677622,0.573857333116,0.818940526852,0.00221847018445,0.0,0.818900586077,-0.573797392422,-0.0117953157417,0.0,-0.00838687115414,0.00858570027036,-0.999927970477,0.0,0.661442754553,0.260590349185,0.303411528423,1.0,-0.00354,-0.00465257142857,0.178
0.464880969015,0.545879296871,-0.124013061008,-1.35844030826,0.0793831580214,1.89508608646,0.158907878625,-4.5320546656e-05,-0.0274058425413,-0.00012841773948,-0.029092813932,-0.000775178595983,0.014351669167,0.000204565224449,0.573889583744,0.81891796991,0.00220252815256,0.0,0.818877895624,-0.573829776175,-0.0117952081269,0.0,-0.00839559329829,0.00857291375587,-0.99992800699,0.0,0.661388114762,0.26051229415,0.303406548159,1.0,-0.00386,-0.00507314285714,0.194
0.464818219454,0.545547974751,-0.124014114407,-1.3590378828,0.0793454559835,1.89528304452,0.158814703281,-0.00295603619276,-0.0190535927988,5.40644624128e-05,-0.0394991887127,0.000428901804017,0.0139186209389,-0.00554426454166,0.573888723462,0.818918733867,0.00214179960828,0.0,0.818877847407,-0.573829130787,-0.0118299022408,0.0,-0.00845886441661,0.00854308422929,-0.999927729051,0.0,0.661317579099,0.260410852843,0.30337376357,1.0,-0.0042,-0.00552,0.211
0.464751409978,0.545156011536,-0.124011582449,-1.35972191333,0.0793172998854,1.89549681006,0.158732225141,-0.000826016333821,-0.0194041202312,0.000664712189178,-0.037976864937,-0.00314430693873,0.0123214371779,-0.00262585848759,0.573904661149,0.818907716555,0.00208292564057,0.0,0.818865871252,-0.573845108452,-0.0118837412595,0.0,-0.00853657508437,0.00852593537082,-0.999927215007,0.0,0.66123175658,0.260302027399,0.303344090791,1.0,-0.00454,-0.00596685714286,0.228
0.464670452737,0.544728635532,-0.124019404127,-1.36042697596,0.0792917536143,1.89573547417,0.158645004573,-0.00679299601682,-0.027713453949,0.000392465003821,-0.0408741519492,-0.0025680700552,0.0119494562064,-0.00424216990048,0.573937460908,0.818884794396,0.00205703036072,0.0,0.818842460488,-0.57387785888,-0.0119153216716,0.0,-0.00857695669112,0.00852319736592,-0.999926892788,0.0,0.661152829364,0.260177944031,0.303331946888,1.0,-0.00488,-0.00641371428571,0.245
0.464597073857,0.544289734003,-0.124021889652,-1.36118379948,0.079256206949,1.89601051265,0.158569772106,-0.00516032204602,-0.0284891399418,-0.00117025318872,-0.0483560849852,-0.00209030705846,0.0152582468956,-0.00167017561744,0.573970489677,0.818861727115,0.00202379518684,0.0,0.818818865046,-0.573910926535,-0.0119441010451,0.0,-0.00861925498716,0.00851284710224,-0.999926617246,0.0,0.661066823974,0.260056823187,0.30330625107,1.0,-0.00522,-0.00686057142857,0.262
0.464526101331,0.543811374608,-0.124020841334,-1.36194179628,0.0792128353615,1.89627696304,0.158461222463,-0.00513124609913,-0.0328977305606,-0.000228876835065,-0.0483761698407,3.64005192584e-05,0.0114681581117,-0.0143294114478,0.573969601706,0.818862372889,0.00201431997642,0.0,0.81881933268,-0.573910024224,-0.0119553931947,0.0,-0.00863394944404,0.008511560283,-0.999926501428,0.0,0.660978779823,0.259937881821,0.303306991206,1.0,-0.00554,-0.00728114285714,0.278
0.464448996,0.543283076034,-0.124030434549,-1.36278675288,0.0791635138233,1.89656778058,0.158340881661,-0.00296215942103,-0.0338602383074,-0.00107021063957,-0.0510894613591,-0.00420166996722,0.0247000058454,-0.00531246944314,0.573974704292,0.818858852802,0.00199121119521,0.0,0.818815504424,-0.573915216172,-0.0119683441941,0.0,-0.00865776488196,0.00850012507262,-0.999926392781,0.0,0.660881144885,0.259799750906,0.303304077263,1.0,-0.00588,-0.007728,0.295
0.464374435632,0.542725408227,-0.12403748775,-1.36367292493,0.0791077500842,1.89689349644,0.158249883017,-0.0057695457249,-0.0346498839439,-0.00172166002666,-0.0580327467652,-0.00488253479122,0.0190225364349,-0.000196802977829,0.574000626904,0.818840696915,0.00198501665639,0.0,0.818797314307,-0.573941207265,-0.0119664358479,0.0,-0.00865948853508,0.00849423152591,-0.999926427938,0.0,0.660780739241,0.25966160074,0.303305192568,1.0,-0.00622,-0.00817485714286,0.312
0.464305447504,0.542128901719,-0.124038498289,-1.36459045938,0.079048564078,1.89722785501,0.158120634241,-0.00276989287895,-0.0367680569371,0.000116031460537,-0.0592847208748,-0.000893933558805,0.0205799539101,-0.00678190525681,0.573990468208,0.818847792448,0.00199552275523,0.0,0.818804561776,-0.573931020447,-0.0119591088862,0.0,-0.00864756399228,0.00849852126692,-0.999926494685,0.0,0.660680275912,0.259533987542,0.303318912227,1.0,-0.00654,-0.00859542857143,0.328
0.464219810152,0.541501834528,-0.124036085047,-1.36555652165,0.0789978859115,1.89758147755,0.157992555585,-0.00598252068683,-0.0413638663948,-0.000528814410774,-0.0582851303345,-8.41227285047e-05,0.0202128393749,-0.00459106360672,0.573990786165,0.818847530297,0.00201157272295,0.0,0.818804421388,-0.573931185116,-0.0119608180161,0.0,-0.00863974831791,0.00851264787058,-0.999926442082,0.0,0.66056177091,0.259381642585,0.303333451486,1.0,-0.0069,-0.00906857142857,0.346
0.464151193756,0.540829888832,-0.124039274207,-1.36657282829,0.0789322778553,1.8979666929,0.157854743995,0.000223906928423,-0.0369239720731,0.000267730010588,-0.0643333724069,-0.00023486600029,0.018251280834,-0.00762878938695,0.573975234479,0.818858353275,0.00204312925241,0.0,0.818815714234,-0.573915561961,-0.0119373684032,0.0,-0.00860259578667,0.00852486429644,-0.999926658328,0.0,0.66044389351,0.259238180208,0.303358203569,1.0,-0.00724,-0.00951542857143,0.363
0.464067875521,0.540157141242,-0.124036465956,-1.3675988719,0.0788777624324,1.89834293441,0.157730700599,-0.00701272293794,-0.0399843617861,0.00128517221601,-0.0659531913861,-0.00157619215894,0.029415231142,-0.00536309166889,0.573982147263,0.818853446438,0.00206755451786,0.0,0.818811031679,-0.573922279666,-0.0119355856365,0.0,-0.00858704515868,0.0085439140171,-0.999926629403,0.0,0.660323634918,0.259088530411,0.303377831917,1.0,-0.00756,-0.009936,0.379
0.463971042873,0.539409824952,-0.124040405179,-1.36875228285,0.0788168139778,1.89877628881,0.157581990078,-0.00841303161264,-0.0482365604699,0.00246025320051,-0.0679615613556,-0.00374130975337,0.0207028503951,-0.0136860215307,0.573989998687,0.818847875298,0.00209414133089,0.0,0.818805746911,-0.573929960897,-0.0119287766627,0.0,-0.00856612789752,0.00856185829985,-0.999926655328,0.0,0.660192498642,0.258914745181,0.303394597678,1.0,-0.0079,-0.0103828571429,0.396
0.46386611695,0.538654474183,-0.124042081044,-1.36991846415,0.0787418324859,1.89921908898,0.157441451643,-0.00792132583793,-0.0403173308477,8.58445067913e-05,-0.0698751738959,-0.00957694396179,0.0229499453163,-0.0107893999472,0.574006456617,0.818836278015,0.0021176565916,0.0,0.818794511723,-0.573946376608,-0.011910132333,0.0,-0.00853719146996,0.00857058346351,-0.999926828053,0.0,0.660062626585,0.258733904736,0.303411555865,1.0,-0.00824,-0.0108297142857,0.413
0.463761453865,0.537918598898,-0.124048062527,-1.3710794338,0.0786830841625,1.89966561066,0.15729915135,-0.0119674413553,-0.0411140802973,-0.000647052806508,-0.0778687863532,-0.00416324426066,0.0272638817715,-0.0086120606249,0.574028332999,0.818820885952,0.00213928566373,0.0,0.818779340774,-0.573968101553,-0.0119061506075,0.0,-0.0085212871188,0.00858623600278,-0.999926829432,0.0,0.659933965582,0.258553986454,0.303417612862,1.0,-0.00856,-0.0112502857143,0.429
0.463644381534,0.537105242253,-0.124051280257,-1.37234350525,0.0786102135061,1.90013041595,0.15714728959,-0.00886967896799,-0.0508693849433,-0.00154566997387,-0.0734102606475,-0.00649745638306,0.0325430872051,-0.0135040726289,0.574052235,0.818804095576,0.00215208293829,0.0,0.818762686269,-0.573991917739,-0.011903312407,0.0,-0.00851136660706,0.00859533378557,-0.999926835761,0.0,0.65979020615,0.258355238406,0.303430649509,1.0,-0.0089,-0.0116971428571,0.446
0.463527012093,0.536263059037,-0.124056004937,-1.37367635938,0.0785284521978,1.90062917174,0.156984696567,-0.00492024183079,-0.049498499711,-0.00230303555922,-0.0829447866764,-0.00534473347375,0.0301462213054,-0.00823115760425,0.574070020633,0.818791615685,0.00215601390736,0.0,0.818750284601,-0.574009712594,-0.0118982441823,0.0,-0.00850477339776,0.00859582777979,-0.999926887614,0.0,0.659638647849,0.258148514746,0.303434135768,1.0,-0.00924,-0.012144,0.463
0.463399394917,0.535388955069,-0.124060270067,-1.37506354442,0.0784453015243,1.9011336341,0.156819394874,-0.0125664670236,-0.0497994939172,-0.000741624948583,-0.0864655311246,-0.00203350192159,0.0363076265114,-0.0123813031872,0.574096049844,0.818773388229,0.00214736644486,0.0,0.818731930976,-0.574035759777,-0.0119045620608,0.0,-0.00851463741835,0.00859264496517,-0.999926831024,0.0,0.659478746681,0.257929452333,0.303434608914,1.0,-0.00958,-0.0125908571429,0.48
0.463280480072,0.534545605944,-0.124060930924,-1.37640943641,0.078379428754,1.90162262393,0.156650414939,-0.0103870873069,-0.0522807785497,0.000568559839009,-0.0849448254481,-0.0116047668911,0.0306086934855,-0.010266360773,0.57411467208,0.818760354853,0.00213811247379,0.0,0.818718594612,-0.574054233371,-0.0119309214488,0.0,-0.00854133740931,0.00860039507909,-0.999926536681,0.0,0.659308226592,0.257712089401,0.303427566274,1.0,-0.00992,-0.0130377142857,0.497
0.463142732716,0.533573080855,-0.12406638967,-1.37798766831,0.0782760257103,1.9021971081,0.156460595884,-0.00777990165768,-0.0586496191296,0.000538773671806,-0.0866680607196,-0.0053057552366,0.0352067832857,-0.0107442806411,0.574131544836,0.818748596475,0.00210995171492,0.0,0.818706547035,-0.574071297343,-0.0119365954136,0.0,-0.00856197286772,0.00858077245426,-0.999926528783,0.0,0.659135707906,0.257478180112,0.303416159122,1.0,-0.01026,-0.0134845714286,0.514
0.463020209461,0.532695999468,-0.124069846705,-1.37941705208,0.0782023384809,1.90274535624,0.156267783065,-0.00644876955746,-0.0634301237866,-0.0013169683105,-0.0871402901789,-0.00685182230579,0.0398076433304,-0.00872855191039,0.574135012253,0.818746163657,0.00211047444302,0.0,0.818704026734,-0.574074667686,-0.0119473608981,0.0,-0.00857045099432,0.00858741745481,-0.999926399107,0.0,0.658971718544,0.257262522053,0.30340193207,1.0,-0.01058,-0.0139051428571,0.53
0.462886375792,0.531730323425,-0.124068040523,-1.3809644523,0.0781166740002,1.90331480132,0.156063766815,-0.010681798261,-0.0571920242086,-0.000304273000605,-0.0926184392655,-0.0059135557506,0.0303114957149,-0.0157702765463,0.574137740002,0.818744267859,0.00210386639112,0.0,0.818701935772,-0.574077313211,-0.011963516298,0.0,-0.00858744376214,0.00859131110617,-0.99992621987,0.0,0.658788772676,0.257029159814,0.303395450176,1.0,-0.01092,-0.014352,0.547
0.462752834272,0.530717424135,-0.124071130341,-1.38260158847,0.0780114254938,1.90388840428,0.155863077434,-0.0124323193939,-0.0624406413406,0.000375829632383,-0.0986675918563,-0.0100134139265,0.034079935859,-0.0116747571243,0.574145621076,0.818738861867,0.00205639718438,0.0,0.818695908084,-0.574085388423,-0.0119884855917,0.0,-0.0086350577241,0.00856686540474,-0.999926019561,0.0,0.65858863944,0.256780277447,0.303379816103,1.0,-0.01126,-0.0147988571429,0.564
0.462612161728,0.529683867519,-0.124073362989,-1.38423789875,0.0779115256048,1.90449041805,0.155649419601,-0.0100411454172,-0.0610475725527,0.000541104833137,-0.0975674887183,-0.00902480511866,0.0375980847055,-0.0103801422677,0.574149496636,0.818736149892,0.00205408696824,0.0,0.818693155271,-0.574089262573,-0.0119909554104,0.0,-0.00863836570873,0.00856643288471,-0.999925994694,0.0,0.658395796641,0.256530372553,0.303381333534,1.0,-0.0116,-0.0152457142857,0.581
0.462476996234,0.528601315685,-0.124076822451,-1.38592247731,0.0778113361726,1.9051206025,0.155406643306,-0.0105601040761,-0.0666659530051,-6.32375603139e-05,-0.100588409828,-0.00978877279624,0.0410612250208,-0.019778133582,0.574128285044,0.81875096433,0.00207788873775,0.0,0.818708265882,-0.574067939837,-0.0119800972281,0.0,-0.00861603273669,0.00857946254263,-0.999926075669,0.0,0.658196991114,0.256280180186,0.303396610987,1.0,-0.01194,-0.0156925714286,0.598
0.462348047965,0.527551955154,-0.124079062242,-1.38754253788,0.0777068976222,1.90574988194,0.155185966686,-0.00736388432371,-0.0734991415849,0.0024001362969,-0.103911732411,-0.00607523099007,0.0406703390435,-0.0162500196188,0.574114486789,0.818760525445,0.00212248282557,0.0,0.818718498165,-0.574054048407,-0.0119464292394,0.0,-0.00856300968705,0.00859649955235,-0.999926384821,0.0,0.658010127598,0.256041284245,0.303418836849,1.0,-0.01226,-0.0161131428571,0.614
0.462205145299,0.526402527693,-0.124074426059,-1.38934056475,0.0776001159815,1.90642358278,0.154942129509,-0.00785001483004,-0.0655383717236,1.95168105735e-05,-0.106963891496,-0.00650583537923,0.038251435834,-0.015202689396,0.57409698154,0.818772740066,0.00214541648692,0.0,0.818730954681,-0.574036393997,-0.0119410683959,0.0,-0.00854563867605,0.00861201601895,-0.999926399911,0.0,0.65779468834,0.25578006263,0.30343016569,1.0,-0.0126,-0.01656,0.631
0.462054788995,0.525209957177,-0.12408012753,-1.3911677576,0.0774826019352,1.90708206863,0.154693430848,-0.00303139501818,-0.070984484975,-0.000920179874202,-0.104601565482,-0.00731505869789,0.0401312081808,-0.0170470527782,0.574087082469,0.818779638011,0.00216171740596,0.0,0.818738104143,-0.574026469145,-0.0119279690697,0.0,-0.0085256593326,0.00861773929183,-0.999926521152,0.0,0.657574782089,0.255502321184,0.303456633232,1.0,-0.01294,-0.0170068571429,0.648
0.461895398647,0.52403919466,-0.124085828636,-1.39306021314,0.0773620453444,1.90775311212,0.154435606162,-0.0146412927074,-0.0694635481551,-0.00076762933056,-0.113940444899,-0.00712666408669,0.0335260417827,-0.0091239656204,0.57407959548,0.818785012346,0.00211388554032,0.0,0.818742855058,-0.57401917885,-0.0119526777415,0.0,-0.00857342761515,0.00859268252105,-0.999926328359,0.0,0.657343338899,0.255211011101,0.303437525099,1.0,-0.01328,-0.0174537142857,0.665
0.461747251459,0.522912281581,-0.124086152894,-1.39487728857,0.0772514026569,1.90844570518,0.154196640659,-0.00486889005842,-0.0721584303431,5.31918876015e-06,-0.117910986938,-0.00727289427017,0.0536645452452,-0.0110763326407,0.574073801881,0.818789058187,0.0021201622557,0.0,0.818747013655,-0.574013391178,-0.0119457641192,0.0,-0.00856422431408,0.00859379219672,-0.99992639769,0.0,0.657116739585,0.254922362225,0.30342858871,1.0,-0.01362,-0.0179005714286,0.682
0.461576972047,0.521676046352,-0.124085145821,-1.39682595169,0.0771380851212,1.90921205259,0.153935950531,-0.016086754847,-0.0731679718983,-0.0041157698759,-0.116913319929,-0.00674637902284,0.0463591631265,-0.0171991167632,0.574072574978,0.818789815303,0.0021596097336,0.0,0.818748238871,-0.57401195679,-0.0119307044247,0.0,-0.008529261678,0.00861743278874,-0.999926493072,0.0,0.656903264287,0.254648932763,0.30343247026,1.0,-0.01394,-0.0183211428571,0.698
0.461406902396,0.520403784912,-0.12409264703,-1.39885775696,0.0770214838793,1.90995898986,0.153657633657,-0.00545918825674,-0.0795531980734,-0.000238344090282,-0.118924297004,-0.00805621700871,0.0494625479987,-0.0168008541751,0.574066284133,0.818794251197,0.00215000688095,0.0,0.818752479336,-0.574005634989,-0.0119438471399,0.0,-0.00854560183974,0.00861704931514,-0.999926356863,0.0,0.656657798277,0.25434023076,0.303424042338,1.0,-0.01428,-0.018768,0.715
0.461236722942,0.519083681863,-0.124093590363,-1.40091267764,0.076881957067,1.91070070266,0.153380002847,-0.0166128322845,-0.0804687708926,0.00120966219296,-0.121910846354,-0.014964159375,0.0430899863196,-0.0211092773979,0.574050415392,0.818805381517,0.00214818250936,0.0,0.818763660678,-0.573989851119,-0.0119358982858,0.0,-0.0085403072183,0.00861082692931,-0.999926455702,0.0,0.65640615184,0.254029200228,0.30343709044,1.0,-0.01462,-0.0192148571429,0.732
0.461058813194,0.517727282144,-0.124099649723,-1.403035207,0.0767395854532,1.91145877997,0.153097174182,-0.0121304286933,-0.083846908595,0.00110875306456,-0.129043701123,-0.0112180991284,0.0448534682894,-0.0145255025149,0.574042713766,0.81881081981,0.0021333154201,0.0,0.818768977181,-0.573982283667,-0.011935113872,0.0,-0.00854827969834,0.00859812318123,-0.999926496895,0.0,0.65614525952,0.253703278271,0.303444622713,1.0,-0.01496,-0.0196617142857,0.749
0.460881695133,0.516480617668,-0.124113375016,-1.40503192465,0.0766072312956,1.91220155527,0.152815689823,-0.0139977804965,-0.0727962952182,-0.000780802104068,-0.125552885746,-0.00829399321107,0.0487675389134,-0.0189388446152,0.574031619366,0.818818644688,0.0021151786075,0.0,0.818776662198,-0.573971361785,-0.0119331551271,0.0,-0.00855720271489,0.00858203247265,-0.999926558803,0.0,0.655890745351,0.253373613364,0.303430427957,1.0,-0.0153,-0.0201085714286,0.766
0.460689563564,0.515022968505,-0.124111714897,-1.40735272597,0.0764690648607,1.9130765186,0.1525038902,-0.00758425216437,-0.0792078920396,0.000386717774236,-0.125366554567,-0.0105467115466,0.0544328883283,-0.0224692517631,0.5740230935,0.818824590992,0.00212702057482,0.0,0.818782736416,-0.573962762047,-0.0119300138971,0.0,-0.00854792271979,0.00858983659037,-0.999926571166,0.0,0.655626610633,0.253043202061,0.303426920772,1.0,-0.01564,-0.0205554285714,0.783
0.460514955915,0.513686760719,-0.124118581683,-1.40948874085,0.0763460116014,1.91381237257,0.152204149197,-0.00821466333267,-0.0837930133493,-0.00426527876727,-0.136572549299,-0.00391273470232,0.0429355038073,-0.0243994834068,0.574004399972,0.818837825535,0.00207633987238,0.0,0.818795153141,-0.573944122816,-0.0119744719595,0.0,-0.00861361335329,0.00857366168543,-0.999926146268,0.0,0.655353454055,0.25271889381,0.303410810301,1.0,-0.01596,-0.020976,0.799
0.460309341966,0.512296476532,-0.124118482176,-1.41176425282,0.0762050932275,1.91461600531,0.15189329403,-0.00947445760828,-0.0807576688918,-0.000127513806262,-0.130885558838,-0.0125404157766,0.0492027614716,-0.0156131562164,0.573999262805,0.818841603478,0.0020053964718,0.0,0.818797912485,-0.573939193289,-0.0120219722725,0.0,-0.00869328279198,0.00854278214173,-0.999925721095,0.0,0.655068454657,0.252364269324,0.303371467638,1.0,-0.0163,-0.0214228571429,0.816
0.460130991576,0.510936262419,-0.124124750288,-1.413927123,0.0760774880069,1.91543700538,0.151586836659,-0.0123727629752,-0.0887022367619,0.000378943795689,-0.134531195939,-0.0132699263084,0.0526792633393,-0.00961309997655,0.573979403683,0.818855480837,0.00202300578451,0.0,0.818812017155,-0.57391925931,-0.0120129620666,0.0,-0.00867600488791,0.00855181889963,-0.999925793913,0.0,0.65479128343,0.252015546114,0.303367153623,1.0,-0.01664,-0.0218697142857,0.833
0.459911357687,0.509354420244,-0.124131276281,-1.41642137118,0.0759224740281,1.91637282813,0.151245945104,-0.0119075144316,-0.0849638202952,-0.00249520757939,-0.137597327306,-0.00586942795947,0.0502162124659,-0.0136665541766,0.573971269224,0.818861150669,0.00203591054509,0.0,0.818817858399,-0.573911074197,-0.0120058561485,0.0,-0.00866286435965,0.0085582211764,-0.999925853067,0.0,0.654504221801,0.251655738612,0.303367257276,1.0,-0.01698,-0.0223165714286,0.85
0.459711365596,0.50792046398,-0.124129465591,-1.41865825042,0.0757742359789,1.91717321726,0.150925540297,-0.0190870874423,-0.0869322929638,0.000777358413397,-0.143122947973,-0.0127761591314,0.059821730712,-0.0258938701592,0.573947186952,0.818878047411,0.00202902924952,0.0,0.818834675904,-0.573887034478,-0.0120080013297,0.0,-0.00866882200497,0.00855356277461,-0.999925841295,0.0,0.654224830444,0.251309793312,0.303375037618,1.0,-0.0173,-0.0227371428571,0.866
0.459502564736,0.506379308664,-0.12414004838,-1.42109865832,0.0756213962869,1.91806280367,0.150589580906,-0.0102276675252,-0.0943782761309,-0.0015396475232,-0.148984857629,-0.0171544212465,0.0584742547986,-0.0153519803983,0.573935588454,0.818886208336,0.00201618548229,0.0,0.818842679509,-0.57387550203,-0.0120133794405,0.0,-0.00868071841425,0.0085460092584,-0.999925802674,0.0,0.65392168553,0.250933456169,0.303368596195,1.0,-0.01764,-0.023184,0.883
0.459282441895,0.504760472283,-0.124143371706,-1.42355862256,0.0754725034339,1.91902373286,0.150258351759,-0.0115934985314,-0.0974242245768,-0.000493793891969,-0.144842397757,-0.00768723810464,0.0556747537422,-0.0187176630818,0.5739339787,0.818887082614,0.00211681904627,0.0,0.81884490591,-0.573873510458,-0.0119566283466,0.0,-0.00857650725191,0.00859582726789,-0.999926274921,0.0,0.653630138655,0.250558116756,0.30341244521,1.0,-0.01798,-0.0236308571429,0.9
0.459055200231,0.503093306403,-0.124149481679,-1.42604056136,0.0753073037435,1.91995942472,0.149907533162,-0.0102862364943,-0.0983942317147,-0.000735383888781,-0.14372994979,-0.0142760082392,0.057709499756,-0.0253716381008,0.573919916105,0.818896686485,0.00221216250931,0.0,0.818855891427,-0.573859203399,-0.0118907800326,0.0,-0.00846801358857,0.00863596405137,-0.99992685376,0.0,0.653331757084,0.250170355292,0.303476788455,1.0,-0.01832,-0.0240777142857,0.917
0.45881977413,0.501387418524,-0.124153681076,-1.42857533023,0.0751489007647,1.92086694146,0.149559582261,-0.0127768018576,-0.102172476529,-0.00102072129595,-0.154354938851,-0.0141281785421,0.0542095232517,-0.0209275788863,0.573917421506,0.818898249318,0.00227979316003,0.0,0.818858304363,-0.573856410237,-0.0118593721006,0.0,-0.00840350692586,0.00867329480579,-0.999927074855,0.0,0.653016192036,0.249771945966,0.303539864606,1.0,-0.01866,-0.0245245714286,0.934
0.458595946703,0.499789137818,-0.124151129449,-1.43101151634,0.0749960288048,1.92172319522,0.149205107368,-0.016917904964,-0.101119560787,-0.000137476916473,-0.151403141144,-0.0104998644015,0.0558714451776,-0.0243683563142,0.573891220024,0.818916563032,0.00229723149725,0.0,0.818876754754,-0.573830050386,-0.0118608895068,0.0,-0.00839502003372,0.00868817709734,-0.999927016945,0.0,0.652705492032,0.249392893828,0.303569550847,1.0,-0.01898,-0.0249451428571,0.95
0.4583478755,0.498109688611,-0.124151158836,-1.43363053543,0.0748321938026,1.92271877785,0.148829194979,-0.017745004719,-0.0987776626265,-0.000493006926275,-0.152423982419,-0.0113820144263,0.0573031017337,-0.0201069349065,0.573875610541,0.818927375036,0.00234199579406,0.0,0.818888163818,-0.57381428385,-0.0118359498657,0.0,-0.00834907346076,0.00871036329247,-0.999927208623,0.0,0.652386779853,0.248983565782,0.303580458429,1.0,-0.01932,-0.025392,0.967
0.458086988123,0.496440967835,-0.124151459831,-1.43630364882,0.0746708155001,1.92367067529,0.148426773672,-0.0138333810736,-0.0965523890327,0.000992367560995,-0.160538585745,-0.00676372112145,0.05633481003,-0.0255562177022,0.573851642342,0.81894429051,0.00229967880435,0.0,0.818904382329,-0.573790331733,-0.0118749616078,0.0,-0.00840556037776,0.00869785073278,-0.999926844298,0.0,0.652047847237,0.248556829963,0.303553807838,1.0,-0.01966,-0.0258388571429,0.984
0.45781890597,0.494765097966,-0.124153615326,-1.43904780686,0.074500882072,1.92460858761,0.148046080068,-0.016644689569,-0.0994911206206,-0.000184745624371,-0.16321762765,-0.00713569568746,0.0576466111483,-0.0170287290879,0.573853164798,0.818943527014,0.00218899854676,0.0,0.818902001211,-0.573792117921,-0.0119526032947,0.0,-0.00853264126669,0.00865178109243,-0.999926167633,0.0,0.651690451435,0.248113898624,0.303496602956,1.0,-0.01998,-0.0262594285714,1.001
0.457510201945,0.492582045252,-0.124222556122,-1.44234655114,0.0743071184159,1.92581116827,0.147581770098,-0.0136883195824,-0.15879971276,-0.00498110447516,-0.224949225683,-0.0105570813802,0.0853283066928,-0.0379355113513,0.573888753575,0.8189184089,0.00225499150591,0.0,0.818877896469,-0.573827592289,-0.0119009203003,0.0,-0.00845206909879,0.0086765340686,-0.999926637451,0.0,0.651289548707,0.247560383904,0.30355248508,1.0,-0.0340074285714,-0.044695477551,1.018
0.457143075732,0.489552418369,-0.12427383375,-1.44708349695,0.074056464656,1.92764992062,0.146854571761,-0.0261844876688,-0.207001558769,0.00124609232192,-0.338483211113,-0.0195175255007,0.116302865628,-0.0499638950277,0.573801317816,0.818979337908,0.00237458488254,0.0,0.818940272771,-0.573739583822,-0.0118518560146,0.0,-0.00834419250112,0.00874542216764,-0.999926943353,0.0,0.650699192274,0.246853731661,0.303566182954,1.0,-0.0472097142857,-0.0620470530612,1.034
0.456513277966,0.485161838879,-0.124339863648,-1.45398941528,0.0736698988925,1.93028189534,0.145811035166,-0.0393376535792,-0.284500550244,-0.0152005248024,-0.439154514152,-0.0229284392223,0.16904917954,-0.0683006618156,0.57374957834,0.819015280986,0.00247745196212,0.0,0.818977453939,-0.573687351946,-0.0118109719344,0.0,-0.00825224252307,0.00880568700409,-0.999927177533,0.0,0.649843661638,0.245760795416,0.303559643901,1.0,-0.0612371428571,-0.0804831020408,1.051
0.45566783661,0.479605557199,-0.124506577514,-1.46288664743,0.0731393693774,1.93335294563,0.144457672558,-0.0541114581836,-0.354982604013,-0.00736392713956,-0.564000888888,-0.0385078000356,0.193733895297,-0.0852405173889,0.573746628211,0.819018056802,0.00223072864793,0.0,0.818976967687,-0.573685315752,-0.0119428551994,0.0,-0.00850184147614,0.00867925538825,-0.999926191885,0.0,0.648690657591,0.244256560413,0.303450060637,1.0,-0.0752645714286,-0.0989191510204,1.068
0.454661200132,0.473231451152,-0.124650545031,-1.47290709982,0.0725449393373,1.93684468095,0.143008300854,-0.0671926049567,-0.423453564237,-0.00897828767072,-0.66627341992,-0.0450157120431,0.230144569992,-0.0940621393957,0.573812138145,0.818972521937,0.002094118078,0.0,0.818929419566,-0.573751151378,-0.0120403057815,0.0,-0.00865934365157,0.00862397454474,-0.999925318627,0.0,0.647388405762,0.242558953908,0.303399743574,1.0,-0.0884668571429,-0.116270726531,1.084
0.453418168567,0.46533103719,-0.124777611907,-1.48488087548,0.0718346754001,1.94133795006,0.141125750988,-0.0740482394571,-0.485880597143,-0.00456516667569,-0.740651284481,-0.0490369792277,0.282211313363,-0.120442780265,0.573760022451,0.819008046121,0.00245029124288,0.0,0.818969658956,-0.573697678014,-0.0118498460785,0.0,-0.00829955267924,0.00880585167552,-0.999926784521,0.0,0.645880711582,0.240558356428,0.303548364478,1.0,-0.102494285714,-0.13470677551,1.101
0.4519048806,0.456446102142,-0.124882605986,-1.49877003737,0.0709455185493,1.9461684793,0.138965674589,-0.0935173088549,-0.542083076851,-0.00894244749413,-0.841729602027,-0.0545297756385,0.286455782868,-0.126036578876,0.573715746713,0.819039664908,0.00223968350774,0.0,0.818998178492,-0.573653876827,-0.0119983385571,0.0,-0.00854247653336,0.00871810032832,-0.999925507636,0.0,0.643904567314,0.238026873592,0.303449984501,1.0,-0.117346857143,-0.154227297959,1.119
0.450131260048,0.446293888372,-0.125059497683,-1.5141146263,0.0698808869987,1.95164476062,0.136549721706,-0.105993805726,-0.620307038708,-0.00696475465167,-0.927714445401,-0.0603385752782,0.329122864249,-0.144758292099,0.573722026941,0.819034621786,0.00246394401896,0.0,0.81899697151,-0.573660230526,-0.0117748660399,0.0,-0.0082307147264,0.00877363162046,-0.999927636743,0.0,0.642017980341,0.235464001195,0.303618721866,1.0,-0.130549142857,-0.171578873469,1.135
0.44813890934,0.435224655965,-0.125195324469,-1.53110669644,0.0687855371231,1.95746212497,0.133869810663,-0.118559338787,-0.676201774148,-0.0160223298601,-1.02111148104,-0.066912581564,0.349100209484,-0.162200454164,0.573712630256,0.819041471322,0.00237340275214,0.0,0.819002070276,-0.573650576481,-0.0118899910624,0.0,-0.008377053201,0.0087654285754,-0.999926493419,0.0,0.639678995839,0.232474596162,0.303606738942,1.0,-0.144576571429,-0.190014922449,1.152
0.445981046671,0.423776824894,-0.125332679002,-1.5482720081,0.0676088777094,1.96349550628,0.131000298805,-0.133867110178,-0.727535231604,-0.0104660009189,-1.10438999966,-0.0764767248508,0.3744667085,-0.188166035871,0.573636659283,0.819093994559,0.00259963557869,0.0,0.819057786921,-0.573574028865,-0.0117440196636,0.0,-0.00812852902538,0.00886622267255,-0.999927655939,0.0,0.637178459602,0.229169727384,0.303757927127,1.0,-0.158604,-0.208450971429,1.169
0.443262918773,0.409902048937,-0.125510479063,-1.5689648383,0.0661308174613,1.97081385557,0.127569566489,-0.157250971641,-0.783663372709,-0.0118617067976,-1.17257390923,-0.0823623444677,0.408591172958,-0.191504746349,0.573645483259,0.819086595551,0.00295895705278,0.0,0.819055842423,-0.573582545032,-0.0114602761067,0.0,-0.00768990047771,0.00899785992373,-0.99992994952,0.0,0.634491107403,0.225566686581,0.303950330744,1.0,-0.172631428571,-0.226887020408,1.186
0.440515126556,0.396709757282,-0.125675960227,-1.58862109877,0.064835973576,1.97751499934,0.12421917664,-0.178806240439,-0.864568995443,-0.00814966788078,-1.24049935245,-0.0903059533609,0.435677936523,-0.210633913305,0.573707033797,0.819042671466,0.00317625422326,0.0,0.819014080166,-0.573642657309,-0.0114361315985,0.0,-0.0075447901233,0.00916256247622,-0.999929559314,0.0,0.631694678077,0.221865084484,0.304076333534,1.0,-0.185833714286,-0.244238595918,1.202
0.437302056187,0.38199041012,-0.125829487895,-1.61073554579,0.0631883433624,1.98489588921,0.12032434206,-0.199995251314,-0.900580997384,-0.00807375262116,-1.30579334339,-0.0990349294879,0.445200736998,-0.243402358698,0.573649848048,0.819083017909,0.00309975953336,0.0,0.819053570519,-0.57358586891,-0.0114562868311,0.0,-0.00760581816189,0.00911094172728,-0.999929568655,0.0,0.62845777918,0.217626118876,0.304070211157,1.0,-0.199861142857,-0.262674644898,1.219
0.433753305106,0.366347580268,-0.125997345281,-1.63405261127,0.0614367016651,1.99261014166,0.116169336336,-0.216208074261,-0.919988880121,-0.00124101575357,-1.38833153888,-0.106732859841,0.43680673519,-0.241635550235,0.573638690505,0.819090925189,0.00307504963033,0.0,0.819061174946,-0.573574807931,-0.0114663989143,0.0,-0.00762839916455,0.00909639895512,-0.999929529043,0.0,0.624973768831,0.213076457783,0.304080238747,1.0,-0.213888571429,-0.281110693878,1.236
0.430015385322,0.350887627031,-0.126202496883,-1.65699827134,0.0596676673286,2.00015016182,0.111933289342,-0.24845734728,-0.964718419042,-0.0136525644735,-1.46902925016,-0.109657039206,0.467952689861,-0.279069958198,0.573680619993,0.819061656656,0.00304889202848,0.0,0.81903179094,-0.573617076894,-0.0114508264746,0.0,-0.00763018327388,0.00906643128673,-0.999929787599,0.0,0.621500491887,0.208445392596,0.304069485465,1.0,-0.227090857143,-0.298462269388,1.252
0.42540725741,0.332633656268,-0.126427504314,-1.68377846504,0.0576123228645,2.00880551282,0.106830380483,-0.268250228971,-1.01560388479,-0.00445592964541,-1.53830540198,-0.129119978075,0.4821666839,-0.293620875597,0.573737622988,0.819021490307,0.00311211900795,0.0,0.81899218342,-0.573673571918,-0.011453527015,0.0,-0.0075954905743,0.00912029609976,-0.99992956188,0.0,0.617345808071,0.20293686954,0.304102928012,1.0,-0.241943428571,-0.317982791837,1.27
0.421038358413,0.315624066577,-0.12658436213,-1.70846173029,0.0555937288421,2.01662705895,0.101974493581,-0.282085169146,-1.07306894654,-0.0147551728959,-1.5706068206,-0.138826561905,0.494197805295,-0.315945362423,0.573628355215,0.819097828024,0.00316308727876,0.0,0.819069306731,-0.573564319399,-0.0114100475274,0.0,-0.00753185615669,0.00913609039868,-0.99992989904,0.0,0.613390377134,0.197836194516,0.304161130169,1.0,-0.255145714286,-0.335334367347,1.286
0.415942235704,0.296921890408,-0.126768888641,-1.73551691079,0.0533329322002,2.02500887054,0.0963731323258,-0.316405143102,-1.11809187358,-0.0195143511763,-1.61925238278,-0.14587204957,0.483833350403,-0.340076873586,0.573464081084,0.819213046002,0.00311124861869,0.0,0.819183795314,-0.573400149052,-0.0114422665197,0.0,-0.00758980971447,0.00911058871395,-0.999929693509,0.0,0.608950669658,0.192088586253,0.304158456131,1.0,-0.269173142857,-0.353770416326,1.303
0.410353772615,0.277462355443,-0.126976215358,-1.76326459669,0.0510500075147,2.03345928312,0.0905269911774,-0.340610379652,-1.16128265038,-0.0171376976717,-1.67075872821,-0.139896255809,0.496246403556,-0.364686323499,0.573470074806,0.81920842261,0.00322188251804,0.0,0.81917995526,-0.573405025253,-0.0114727858868,0.0,-0.00755130458868,0.00921877844779,-0.999928993441,0.0,0.604301230372,0.186030586148,0.304222653932,1.0,-0.283200571429,-0.372206465306,1.32
0.404580978717,0.258525918662,-0.127253194563,-1.79000706103,0.0487061306314,2.04148782671,0.0846307490791,-0.378971659391,-1.18093074868,-0.0224149492314,-1.71132400771,-0.155368724627,0.492567167651,-0.371654104652,0.573522368683,0.819171403144,0.00332442364213,0.0,0.819144494966,-0.573457299215,-0.0113916304545,0.0,-0.00742542586273,0.0092567164273,-0.999929585647,0.0,0.599751456309,0.179959360392,0.304292787535,1.0,-0.296402857143,-0.389558040816,1.336
0.397151866094,0.235335995105,-0.127567163712,-1.82236675388,0.0457948654438,2.05095229593,0.077200518783,-0.400145481054,-1.22800233737,-0.0110166451172,-1.69345740416,-0.151342521096,0.494219287722,-0.396873539001,0.573576482328,0.819132862402,0.00348131505724,0.0,0.819108091452,-0.573511113138,-0.0112997578123,0.0,-0.00725956985683,0.00933302835916,-0.99993009417,0.0,0.594091840293,0.172441878574,0.304394639945,1.0,-0.312080571429,-0.410163036735,1.355
0.390899239504,0.216431001881,-0.127750926566,-1.84860790148,0.0434168527935,2.05842746813,0.070883442841,-0.425714334161,-1.26405937801,-0.0141592969574,-1.73033328294,-0.160113539876,0.499559807644,-0.430052048851,0.573435817799,0.819230981384,0.00356495535593,0.0,0.819206749805,-0.573369544402,-0.0113319692352,0.0,-0.00723960283407,0.00941877387655,-0.999929434935,0.0,0.589339829618,0.166329735442,0.304410778006,1.0,-0.324457714286,-0.426430138775,1.37
0.383211959633,0.194414744254,-0.128046437816,-1.87884794337,0.0404903981817,2.06674937059,0.06335026434,-0.463944954768,-1.30240719775,-0.0164609971222,-1.77515892385,-0.164754006215,0.506750946447,-0.455563080809,0.573376034612,0.819272906106,0.00354614630472,0.0,0.819248515695,-0.573309929112,-0.0113287958111,0.0,-0.00724847413587,0.00940101611439,-0.999929537777,0.0,0.583739527814,0.159024052442,0.304420188991,1.0,-0.338485142857,-0.444866187755,1.387
0.374781353159,0.171698981754,-0.128509149596,-1.90960207296,0.0375452854931,2.07490813156,0.0552745145979,-0.506598227635,-1.35981274194,-0.0267848152353,-1.83178856906,-0.171668124994,0.485722530901,-0.47852869174,0.57353224166,0.819163291343,0.00360787929109,0.0,0.819139108849,-0.573465179043,-0.0113822528674,0.0,-0.00725507026072,0.00948362661874,-0.99992870985,0.0,0.577919353565,0.151267735322,0.304458350902,1.0,-0.352512571429,-0.463302236735,1.404
