position_joint1,position_joint2,position_joint3,position_joint4,position_joint5,position_joint6,position_joint7,velocity_joint1,velocity_joint2,velocity_joint3,velocity_joint4,velocity_joint5,velocity_joint6,velocity_joint7,ee_T_00,ee_T_10,ee_T_20,ee_T_30,ee_T_01,ee_T_11,ee_T_21,ee_T_31,ee_T_02,ee_T_12,ee_T_22,ee_T_32,ee_T_03,ee_T_13,ee_T_23,ee_T_33,v_x,v_y,w_z,time
0.4650818389798731,0.5472991112574508,-0.12397006563868375,-1.355563234631714,0.07946424947121154,1.8941769227083272,0.15913922245157414,0.00033073852187331097,-0.006397857095821955,-0.00016037149630245196,-0.00033729469993931693,0.00012602091136139113,0.0002013887382475485,0.0018265553853505784,0.5737450816128963,0.8190179312203054,0.0026375302520700947,0.0,0.8189843228903179,-0.5736846266570039,-0.01146188895907989,0.0,-0.007874533634361136,0.00873646654791313,-0.9999308305439425,0.0,0.6617625319125725,0.2609444086269559,0.30369029296789457,1.0,5e-324,6.9081572974874e-310,6.9079450979084e-310,0.0
0.4650818389758729,0.5472988815095559,-0.12396755998490147,-1.3555636358779795,0.07946531577423742,1.8941787922724798,0.1591378292590688,-0.003762578919879837,-0.006011746725530072,0.0007344580651636626,0.0004288816615525872,-0.00023652760837477668,0.000496779536671819,0.0010852567194991134,0.5737425054278227,0.8190197274946576,0.00264014037305253,0.0,0.8189861340217681,-0.5736820214139102,-0.011462874322622153,0.0,-0.007873870734401378,0.008739144846285615,-0.999930812360042,0.0,0.6617621836556927,0.2609461142352449,0.3036903464940531,1.0,-0.00018,-0.00023657142857142863,-9e-05,0.010000000000000002
0.4650761664089523,0.547292493085269,-0.1239682720377812,-1.3555638710484057,0.07946470105282835,1.8941809203675954,0.1591317860004511,-0.000568609843033934,-0.0008633725647516324,0.0003206969787237808,0.001442226459018803,-0.00034373631089858734,0.00015595152424523862,0.00011588944813416369,0.5737425483668566,0.8190196757667285,0.002646847497760025,0.0,0.8189861799738523,-0.5736820549384676,-0.011457912315163197,0.0,-0.007865958161774433,0.008741791638407576,-0.9999308514998163,0.0,0.6617643999457657,0.2609420495903684,0.3036949683800261,1.0,-0.0005200000000000003,-0.0006834285714285719,-0.00026000000000000014,0.027000000000000017
0.46508112696044057,0.5472780040825865,-0.12397077758708801,-1.3555865613568145,0.07946565928489192,1.8941785332359629,0.1591365029363266,0.0009516459944500431,-0.00898242432382269,0.0017776241980615812,-0.0016749518204033677,0.00011790305755446026,0.00011742179174027611,0.0011180358528583422,0.5737455554285252,0.8190175950737317,0.0026388419547398916,0.0,0.8189839750583793,-0.5736850644021048,-0.011464832346666343,0.0,-0.007876186840741595,0.008739234133614854,-0.9999307933390227,0.0,0.6617583326571685,0.2609413703737568,0.30369430673235454,1.0,-0.0008400000000000006,-0.001104000000000001,-0.0004200000000000003,0.04300000000000003
0.46508067153602695,0.5471870009468142,-0.12397051328449171,-1.3556766713821977,0.07946122972199991,1.8941938314605118,0.1591286323473453,0.0005453275787298983,-0.009429995609079637,-0.00013729713858730402,-0.00902311709061138,-3.0206354807582967e-05,0.0040635860058237045,-0.0010822737179840857,0.5737429791341472,0.8190193480778942,0.0026548577255553754,0.0,0.8189859045207849,-0.5736824028376626,-0.011460182018016404,0.0,-0.007863217037355652,0.008749658486213452,-0.9999308042530736,0.0,0.661743431907572,0.2609320389514477,0.3037171899262112,1.0,-0.001180000000000001,-0.0015508571428571444,-0.0005900000000000005,0.060000000000000046
0.46507443535346615,0.5470591174043278,-0.12396549092041052,-1.355851568259029,0.0794603214809404,1.8942323086949877,0.1591294330259165,-0.0003177844717163624,-0.006178520920205205,-0.0021811908206728174,-0.013236059777862698,-4.555637932454578e-06,-0.0007525754944773724,-0.0007680695806394031,0.5737545823490862,0.8190112180872624,0.0026553308367319676,0.0,0.8189776458382423,-0.5736938531303679,-0.011477168592056348,0.0,-0.007876734501259808,0.008759903324957907,-0.9999306081660536,0.0,0.6617149121408573,0.2609141991490839,0.3037276942766808,1.0,-0.0015200000000000012,-0.0019977142857142876,-0.0007600000000000006,0.07700000000000005
0.46505340704599607,0.5469072780085792,-0.12397076275730089,-1.3560440443166504,0.07945503941670407,1.8942944815169729,0.15912834975398724,-0.0028025844360057717,-0.00420998938506858,0.002505273501271791,-0.010119727398327847,2.5814094041394233e-05,0.0012224829205027745,-0.00035741678268570655,0.5737899556055455,0.8189863750780081,0.0026741697737399242,0.0,0.8189530098986062,-0.5737291204673102,-0.011472175339863569,0.0,-0.007861457581005427,0.008772807267868568,-0.9999306152615505,0.0,0.6616932793811908,0.26087599451859544,0.30374747926189405,1.0,-0.0018600000000000014,-0.002444571428571431,-0.0009300000000000007,0.09400000000000007
0.4650321248471821,0.5467058185706805,-0.12397100049745269,-1.356283643991019,0.07944991587368154,1.8944270328873203,0.15913215115748708,0.00024307252280517382,-0.0067835538868020505,0.00025142111210575777,-0.013557227414805398,-6.720591460979196e-05,0.0010025741666523083,-0.0020362878027448557,0.5738151822396724,0.81896839383872,0.0027664825477288196,0.0,0.8189362184485245,-0.573754047687125,-0.011424087581901896,0.0,-0.007768835672568641,0.00882105748646314,-0.999930914682166,0.0,0.6616781669692974,0.26084396086034806,0.30379041003361834,1.0,-0.002220000000000002,-0.0029177142857142887,-0.001110000000000001,0.11200000000000009
0.465001343831741,0.5465063241713425,-0.12396805859591824,-1.3565151440202705,0.07944654696298,1.8945521190072654,0.15912602502423653,-0.0025256213583131023,-0.012572438159843134,-0.006127518955500655,-0.016405826829477166,0.0003110363927590671,0.006051194120811433,0.000876973663851311,0.5738471024830845,0.8189457536684251,0.0028464752646438505,0.0,0.8189145531864215,-0.5737856513857581,-0.011389808800567697,0.0,-0.007694517031739678,0.008867199518612506,-0.9999310812152733,0.0,0.6616615390428348,0.2608123368646709,0.30383121941225627,1.0,-0.002520000000000002,-0.003312000000000003,-0.001260000000000001,0.12700000000000009
0.4649630346400399,0.5462540287621978,-0.12397108833578555,-1.3568668797240213,0.07943778916301913,1.894686871509377,0.1591141190156663,-0.0004316806425615282,-0.013610535178353648,8.203621370679427e-05,-0.017161445323845427,0.0001474364245751189,0.003303867003287808,-0.0005898318180734783,0.5738881646090404,0.8189168526267209,0.002882690899331585,0.0,0.8188860421612751,-0.5738265093428904,-0.011381301771094199,0.0,-0.007666322969374917,0.00889236093110636,-0.999931074329226,0.0,0.6616255666334684,0.26075452821328937,0.30385425199919885,1.0,-0.002880000000000002,-0.00378514285714286,-0.001440000000000001,0.1450000000000001
0.4649334889869033,0.5460050092616827,-0.123968096960074,-1.3572648977525912,0.07942364127271509,1.894825985113682,0.15910483531648972,-0.002544534275298932,-0.016776877464409954,9.164369598627743e-05,-0.024836098030255233,9.689606423190941e-05,0.01234244133912137,0.0015820449830245378,0.5739211458162977,0.8188937484556664,0.002879935128509631,0.0,0.8188627992116725,-0.5738593751013346,-0.011396515991245412,0.0,-0.007680005790136946,0.008899144592998787,-0.9999309089815038,0.0,0.6615763810470142,0.26069989030939167,0.3038530816077379,1.0,-0.0032000000000000023,-0.004205714285714289,-0.0016000000000000012,0.16100000000000012
0.4648891918676448,0.5456878089769616,-0.12397133057960417,-1.3577576237440703,0.07939515705249671,1.894996153891767,0.15909139754904306,-0.00032386065172824996,-0.013124415843531611,0.0010096178941164304,-0.030242850243432123,-0.001785000377552814,0.0015121612375705406,-0.0011429862841191528,0.5739685965261431,0.8188605080111477,0.0028749822161223716,0.0,0.8188294860607322,-0.5739068247607217,-0.011400708389897278,0.0,-0.007685765923750532,0.008897940117334524,-0.9999308754428148,0.0,0.6615194981599484,0.26062132958173734,0.30385796575533086,1.0,-0.003560000000000003,-0.004678857142857147,-0.0017800000000000014,0.17900000000000013
0.46484860484052626,0.5454119561811922,-0.12397609187402864,-1.3582295749499427,0.07935368298333002,1.8951513061762086,0.15907087990535743,-0.007356740462047257,-0.015613444619024044,-0.0008002824241704068,-0.03605256795728599,-0.0051907788444246344,0.01669486528319652,-0.00192222013264413,0.5739968275146786,0.8188408645825799,0.0028332655974258013,0.0,0.8188094304518948,-0.5739353254257836,-0.01140638999210021,0.0,-0.007714055549694732,0.008867306982145204,-0.9999309297215787,0.0,0.6614605784777088,0.26053653130841237,0.30384543663433766,1.0,-0.003880000000000003,-0.005099428571428576,-0.0019400000000000014,0.19500000000000015
0.464789438860101,0.545037071934221,-0.12397428164241624,-1.3588735557416114,0.07929824774989078,1.8953506578519093,0.1589610997119705,-0.008912566589490335,-0.018328321972407552,9.400423268654992e-05,-0.03673592325238276,-0.00033769242751074274,0.01123454838402312,-0.0068821332136331055,0.5739820799179648,0.8188514405713321,0.0027635318904486545,0.0,0.818819149104615,-0.5739208453792355,-0.011437272401512311,0.0,-0.007779528203411268,0.00882779219502429,-0.9999307721166969,0.0,0.6613832430700167,0.26043809147562114,0.3038181472688833,1.0,-0.004220000000000003,-0.00554628571428572,-0.0021100000000000016,0.21200000000000016
0.46473231293258,0.5446342108434294,-0.12396973575311723,-1.3595422855943269,0.07927847124616322,1.8955791247515141,0.15892195487348634,-0.0035604827786833784,-0.022127103522784634,0.00024763457426237,-0.04363400907772719,-0.0002455583176191345,0.01658098266294565,-0.006243543444655156,0.5740330397985848,0.81881579622362,0.002740068518140679,0.0,0.8187829643019425,-0.5739716049020651,-0.011480463243264252,0.0,-0.007827813836323694,0.008833856716616642,-0.9999303417268895,0.0,0.661295174462544,0.26033424877110284,0.3038030046115466,1.0,-0.004580000000000003,-0.006019428571428577,-0.0022900000000000017,0.23000000000000018
0.4646833124806792,0.5443248365608656,-0.1239746879554744,-1.3600858200330679,0.07925584518715757,1.8957527160597247,0.15891050709304985,-0.001083570460329696,-0.02368470040911815,-0.0001952606339738319,-0.04417606411230336,-0.004511116440917902,0.00833093867285468,-0.0038583025939451093,0.574084079534326,0.8187801610574137,0.002695252349985593,0.0,0.8187466705619544,-0.5740226947065383,-0.011514439055702869,0.0,-0.007880809977674319,0.00881715479207458,-0.999930072862832,0.0,0.6612337473490711,0.2602535557163476,0.30378005986958473,1.0,-0.004820000000000004,-0.006334857142857149,-0.002410000000000002,0.2420000000000002
0.4646097468268485,0.5438048040819553,-0.12397718578152071,-1.3609248687007032,0.07921806637004206,1.8960363595405194,0.15885495968785607,-0.003329903652276352,-0.026770259598793943,0.00037053514261392855,-0.04655571520557185,-0.0018498096827749258,0.014790903645728715,-0.001627501700939255,0.5741456350424017,0.8187370837170257,0.0026691589510297728,0.0,0.8187030935686275,-0.5740841479298872,-0.011549137542817414,0.0,-0.007923537901819766,0.008816305340345082,-0.9999297426855869,0.0,0.6611266120757728,0.26011778667100693,0.30377118884285825,1.0,-0.005220000000000003,-0.006860571428571434,-0.0026100000000000016,0.2620000000000002
0.46453459030810645,0.5432876251010409,-0.12397529914110214,-1.3617689341734551,0.07917195451701774,1.8963425153074887,0.1587622169516057,-0.003948732787599262,-0.03263375700417896,0.0012454756838570784,-0.04681567055193172,-1.1643478133785741e-05,0.017039992461975684,0.0010496046854234643,0.5741562251725743,0.8187297010123652,0.0026556876683354273,0.0,0.8186955009979138,-0.5740947423325461,-0.011560725457817597,0.0,-0.00794064585193538,0.008812031694155634,-0.9999296446454997,0.0,0.6610350895495484,0.2599951607408667,0.30376390299432315,1.0,-0.005560000000000004,-0.007307428571428578,-0.002780000000000002,0.2790000000000002
0.4644609545319218,0.5427699249426275,-0.12398347150820559,-1.3626196432112958,0.0791226261953272,1.8966370355738147,0.15874445312767235,-0.007858561456855514,-0.033018412060237985,-0.0002299842838106142,-0.0488566507511002,-0.0066448183535462585,0.018109308548636523,-0.00017495690242886792,0.5742418318076877,0.8186697733647366,0.002620626316418819,0.0,0.8186351127769497,-0.5741804492661202,-0.011580617877965537,0.0,-0.00797614298332655,0.008795581285990964,-0.9999295069618412,0.0,0.6609353946566637,0.25985957638163887,0.30375095115675593,1.0,-0.005900000000000004,-0.007754285714285721,-0.002950000000000002,0.2960000000000002
0.4643829601931506,0.5422450988693708,-0.12398702926563522,-1.3634587082531209,0.07907068054369364,1.8969336953132525,0.15868920693218858,-0.006613063320926527,-0.032857501743804,-0.0018071703913026906,-0.05218764373369153,-0.0012803135517604227,0.01993397052398029,-0.004445218863065296,0.5742956987998168,0.8186320419732017,0.0026032856210263374,0.0,0.8185971635142161,-0.5742343759483778,-0.011589316928338509,0.0,-0.007992643971278912,0.008786906264336591,-0.9999294514717775,0.0,0.6608390870799783,0.2597249895990656,0.30374855216706953,1.0,-0.006220000000000004,-0.00817485714285715,-0.003110000000000002,0.3120000000000002
0.46430142144431585,0.5416510080808861,-0.123986794860951,-1.3644035278768183,0.07901484069112423,1.8972770864623707,0.15859595732041754,-0.006066423783312809,-0.03781334460550442,3.3904866311581776e-05,-0.054442549810942896,-0.004760733601433307,0.01980552059915337,-0.002476415964851735,0.5743235279186274,0.8186125384324543,0.002596940793219933,0.0,0.8185775523445851,-0.5742621953293152,-0.011596064604511333,0.0,-0.008001513014591455,0.008785859326750661,-0.9999293897397795,0.0,0.6607296846372818,0.2595811640149258,0.3037486594238197,1.0,-0.006560000000000005,-0.008621714285714293,-0.0032800000000000025,0.32900000000000024
0.4642089182969147,0.5410320957618969,-0.1239881087621959,-1.3653727200375854,0.07896175066561115,1.897619640228602,0.15854815616230777,-0.00578198668209258,-0.03683724121987927,-2.4216326094068892e-05,-0.06027024597942383,-0.0006220077476562574,0.01981300476040509,-0.006757900620165587,0.574400556344284,0.8185585059220852,0.002592326211895115,0.0,0.8185233988688694,-0.5743391628143655,-0.011606828294402904,0.0,-0.008012147819552506,0.008789017507457197,-0.9999292768284022,0.0,0.6606180314049437,0.2594270267849455,0.303754616185621,1.0,-0.006900000000000005,-0.009068571428571436,-0.0034500000000000025,0.34600000000000025
0.46412122969897596,0.5403833284424425,-0.12399632191941544,-1.3663350542956216,0.07890307276286923,1.8979830605802979,0.15845022755409682,-0.0032195153588935824,-0.04217585563285084,-0.001229706801404304,-0.06164498028224315,-0.002470144472449807,0.02330432132342494,-0.0022658663831840566,0.574435581507572,0.8185337991320941,0.0026323521129413413,0.0,0.8184992628866911,-0.57437410459373,-0.01157978960527591,0.0,-0.007966647673565419,0.008806590993909152,-0.9999294857538261,0.0,0.6605133820096679,0.2592737962021733,0.30378688182690283,1.0,-0.007220000000000005,-0.009489142857142866,-0.0036100000000000025,0.36200000000000027
0.46402209908239106,0.5396842364449351,-0.12400202717135249,-1.367397404175495,0.07883992038542155,1.898381447047919,0.1583969372988499,-0.009038725053750429,-0.039682194644980316,-0.003991273610138292,-0.0643608805887936,-0.00665432156630969,0.03063434818323725,-0.010779446641456544,0.574519040612619,0.8184751319448172,0.002660312515074443,0.0,0.8184409846623115,-0.5744574889121822,-0.011562653627269905,0.0,-0.007935660792141919,0.008820443284088056,-0.9999296100566599,0.0,0.6603964004702481,0.2591049094761231,0.3038099559758503,1.0,-0.007560000000000006,-0.009936000000000009,-0.003780000000000003,0.3790000000000003
0.463925972586321,0.5389402812987867,-0.1240090720573852,-1.3685729164519567,0.07876468746803413,1.898805438120461,0.1583087673428118,-0.0025249665877559537,-0.040018448648832174,-0.0005422026736910229,-0.06942168531004682,-0.008058972338119811,0.026147895094467664,-0.004100756310126468,0.5745753327190608,0.8184356528370496,0.002648791645476902,0.0,0.8184014042625867,-0.5745138657425319,-0.011563151465146885,0.0,-0.007942080800107887,0.008811846057967684,-0.9999296348851829,0.0,0.6602595434940811,0.25892418521852434,0.3038129981464545,1.0,-0.007900000000000006,-0.010382857142857152,-0.003950000000000003,0.3960000000000003
0.4638249168279068,0.5381791854259039,-0.12401762750796874,-1.3697381309631367,0.07870737576121169,1.899260466659257,0.15820549665403197,-0.0051401325975635,-0.041039498760831926,-0.00044181561193658113,-0.06813937017302839,-0.004256682487621867,0.022266084425132247,-0.008190404909981899,0.5746286689289324,0.8183980529645483,0.002695672459358662,0.0,0.818364369445471,-0.5745669925038912,-0.011544559253534021,0.0,-0.007899352484690703,0.008840047207966259,-0.9999297244285137,0.0,0.6601320953522526,0.25874578237082124,0.3038357054811201,1.0,-0.008240000000000006,-0.010829714285714295,-0.004120000000000003,0.4130000000000003
0.4637364424697962,0.5374401596084929,-0.12403006516062824,-1.3709001035007016,0.0786443490011313,1.8997063324773185,0.15813373372424336,-0.008504729412947979,-0.051124879317095445,-0.001355779673833697,-0.07840382548011639,-0.005607928519192645,0.0283867225865436,-0.004616958268422801,0.574697055366162,0.8183499776376835,0.002712112658724902,0.0,0.8183165160659501,-0.57463532642521,-0.011535512952887345,0.0,-0.007881762772443512,0.008848962278173653,-0.9999297843759822,0.0,0.6599922606579391,0.25856132562224154,0.3038407454111793,1.0,-0.008580000000000006,-0.011276571428571438,-0.004290000000000003,0.4300000000000003
0.463628063803364,0.5365819336862496,-0.12402825121919783,-1.372254593340809,0.07856471458553627,1.9002014570922003,0.15804027049053074,-0.006297633308975568,-0.049466416066675165,-0.0003791227723494654,-0.07652884983587724,-0.0009852806344266233,0.02437113956770032,-0.007557794163186658,0.5747625981524084,0.8183039420094935,0.002713145411721049,0.0,0.8182704568559901,-0.5747008160943694,-0.011540291086611105,0.0,-0.007884370604378244,0.008853184875184411,-0.9999297264396827,0.0,0.6598402227019861,0.2583727230974591,0.30384759434418984,1.0,-0.008920000000000008,-0.011723428571428584,-0.004460000000000004,0.44700000000000034
0.4635225741962729,0.5357780183096977,-0.12403611465898463,-1.373523051744794,0.07847472654808535,1.900670304079822,0.15793256049015375,-0.007425543966897189,-0.04978532137976714,0.00043073818532928855,-0.08103225629374619,-0.007038101158516077,0.02824967258713218,-0.001794261805215732,0.5748119388003163,0.8182693067768275,0.002706196740726108,0.0,0.8182358690603173,-0.5747503275718305,-0.011526944104527028,0.0,-0.007876908753362777,0.008840302534380284,-0.9999298992227365,0.0,0.6596947528159165,0.2581758048971783,0.30385209500149757,1.0,-0.009240000000000007,-0.01214400000000001,-0.0046200000000000034,0.46300000000000036
0.46340541059394036,0.5348958068374393,-0.12403508606185153,-1.3749116662375203,0.07841508543986866,1.9011730374527949,0.15784158322330133,-0.009936630079060036,-0.04726992399657037,0.0002843648343069509,-0.08661424767687598,-0.0044521828216397856,0.02467076579428816,-0.005470647071840508,0.5748928645145126,0.8182124220318557,0.0027154491840464447,0.0,0.8181788767147704,-0.5748309574095375,-0.011551753226212018,0.0,-0.00789101565817496,0.008862914304125655,-0.9999295878320233,0.0,0.659529211757403,0.25797032189366387,0.3038572103509452,1.0,-0.009580000000000007,-0.012590857142857154,-0.0047900000000000035,0.48000000000000037
0.46327252023914245,0.5339487715539137,-0.12404283316927583,-1.3764391548650843,0.0783192585793958,1.901724186307555,0.15772521772407105,-0.00432533020875619,-0.05200066711177427,0.0023777108507069553,-0.08328639409017866,-0.005691944679273413,0.0297691042671608,-0.008214101758246323,0.5749698169416879,0.8181584490289349,0.0026849189593301116,0.0,0.8181245413762643,-0.574908038413871,-0.011564128423739075,0.0,-0.007917860326676074,0.008845793204052307,-0.9999295272320137,0.0,0.6593504798631311,0.257731207468573,0.30384620628942205,1.0,-0.009940000000000008,-0.013064000000000013,-0.004970000000000004,0.4980000000000004
0.46315756300689076,0.5330831956504677,-0.12404319829113307,-1.3778249952017239,0.07824497633868886,1.902242157793836,0.15763001858161504,-0.008106841832314986,-0.05645571132123026,0.0008984721247768739,-0.08678026845473914,-0.005984552071011405,0.035953677297560105,-0.0009564373412338251,0.5750422182693393,0.8181075604246524,0.0026858304320345455,0.0,0.8180735835183488,-0.5749803370265059,-0.011574579194992588,0.0,-0.00792510364395349,0.00885324907455888,-0.999929403864621,0.0,0.6591880474128339,0.2575251896758723,0.303841901266123,1.0,-0.010260000000000007,-0.01348457142857144,-0.0051300000000000035,0.5140000000000003
0.46303293953200225,0.5321959103850524,-0.12404147076293069,-1.379251707428569,0.07817235014974155,1.9027857653838027,0.1575158967282873,-0.006466008697063786,-0.053217946829999495,-0.00029689044777427286,-0.09507137608273734,-0.006846261254926044,0.027327753881749402,-0.007438878355474712,0.575108202072474,0.8180611479501603,0.0026946288502943186,0.0,0.8180271716900178,-0.5750461563443963,-0.011584962303563415,0.0,-0.007927824233059044,0.008867057176968146,-0.9999292599478975,0.0,0.6590233679659243,0.25731146914338915,0.30383544510862875,1.0,-0.010580000000000008,-0.01390514285714287,-0.005290000000000004,0.5300000000000004
0.46290520566804133,0.5312291146321182,-0.12404147965223948,-1.3808125683907186,0.07807163068205761,1.9033622088088133,0.1574136440459108,-0.012366004433784775,-0.05834502225116684,-0.00044832262838261213,-0.09644438488600966,-0.001679322854731066,0.040914648445875314,-0.008159306854517311,0.5751846067064846,0.8180074897545906,0.0026761566674029366,0.0,0.8179733317299701,-0.5751226776926635,-0.01158797149641095,0.0,-0.007940081957827416,0.008854418088142219,-0.9999292746883768,0.0,0.6588278981473564,0.257062954123592,0.30382593675406605,1.0,-0.010940000000000007,-0.014378285714285725,-0.0054700000000000035,0.5480000000000004
0.46277125497506344,0.5302122500354247,-0.1240446009274265,-1.3824457651975968,0.07797707733460307,1.9039411710569483,0.15729338479787375,-0.008343441211034376,-0.054849387609114904,-0.00047667035690864164,-0.0961486295988452,-0.0046217230440968185,0.032292320373964366,-0.00603808260287141,0.5752638816590209,0.8179518524509398,0.0026420506960735937,0.0,0.8179171607714303,-0.5752019565006908,-0.011617842079671085,0.0,-0.007983276423803476,0.00884447381872798,-0.9999290187710381,0.0,0.6586399766058231,0.2568309701908259,0.3038132263018787,1.0,-0.011260000000000008,-0.014798857142857155,-0.005630000000000004,0.5640000000000004
0.462633057413331,0.529180077101508,-0.1240478630145639,-1.384099885456101,0.0778613348896767,1.9045382736365328,0.15718434391371494,-0.006172713031427281,-0.0576015458526486,0.001309691888554674,-0.0965034154917781,-0.005200047482593068,0.03400384392783874,-0.01141777444131737,0.5753486180726335,0.817892355016784,0.002609633732550569,0.0,0.8178573540883551,-0.5752869160401255,-0.01162151013614329,0.0,-0.008004010254108407,0.008820897766006836,-0.9999290612750755,0.0,0.6584424730180208,0.256577085696056,0.3038047323408739,1.0,-0.011600000000000008,-0.015245714285714298,-0.005800000000000004,0.5810000000000004
0.4624739685224503,0.5280400663797175,-0.12405390968764389,-1.3858922206348199,0.07775418821788706,1.9052160404712113,0.15705639374945132,-0.007270533623908545,-0.06752931573200864,0.0013331513803829277,-0.10414617645022076,-0.008809833652958616,0.04079835406852144,-0.013852692921757642,0.5754463889388828,0.8178235111977303,0.002627715856796042,0.0,0.8177887759635747,-0.5753846472132103,-0.011609158476656525,0.0,-0.007982449073071607,0.008829534854027377,-0.9999291574011917,0.0,0.6582497394815128,0.25631548307517676,0.30381419552157,1.0,-0.011940000000000008,-0.01569257142857144,-0.005970000000000004,0.5980000000000004
0.46234632891059185,0.5269774250297243,-0.12405775883433187,-1.3875328933110973,0.07765746738297204,1.9058490505794785,0.15693020793510593,-0.008336923648444223,-0.06618175506196716,-0.002263427955575014,-0.10075184362964285,-0.009994496769891467,0.04237361045980824,-0.00802065486836222,0.575513423258843,0.8177761924134455,0.0026731389532698453,0.0,0.8177420562771267,-0.5754515309258639,-0.011584983899186076,0.0,-0.007935814908239303,0.008853422342395417,-0.9999293173792683,0.0,0.6580456062766787,0.2560599459755694,0.3038352458911021,1.0,-0.01228000000000001,-0.016139428571428586,-0.006140000000000005,0.6150000000000004
0.46220814144561434,0.5258870512909822,-0.12406372802724511,-1.389226915760025,0.0775565455456805,1.906487398335165,0.1568285110966129,-0.006666680637106911,-0.0689928543348099,0.0008519997856114468,-0.10471428008438897,-0.004049637460306656,0.04443841554411246,-0.0037052638853462827,0.5756117356187858,0.8177069074949613,0.0027000285487117385,0.0,0.817673137781834,-0.5755497612311976,-0.011569744937961441,0.0,-0.007906811797826152,0.008867592508566904,-0.9999294215744907,0.0,0.6578468384073018,0.25580576789282944,0.30385163911002144,1.0,-0.012600000000000009,-0.016560000000000016,-0.006300000000000004,0.6310000000000004
0.46205749987013867,0.5247347823983478,-0.12407233219368323,-1.3910484936168783,0.07742801328163831,1.9071445085309207,0.15668323106766383,-0.005801261311098979,-0.0651225185317202,-0.0017268330809480745,-0.1066679269531039,-0.009729555565211583,0.03491842391944804,-0.0043506518001966525,0.5756854380327572,0.8176550986761983,0.002676368258923174,0.0,0.817621170941313,-0.5756236992195256,-0.01156393646615984,0.0,-0.007914883000672501,0.008845615485143954,-0.9999295523754534,0.0,0.6576282819340258,0.25552442044462215,0.3038522532362931,1.0,-0.012940000000000009,-0.017006857142857157,-0.006470000000000004,0.6480000000000005
0.46189490218234275,0.5235436348768416,-0.12407933076473263,-1.3929341820061711,0.0773195252710582,1.9078217408957892,0.15653596114333732,-0.010110526635452055,-0.07189171843800861,0.00046525287802191904,-0.11300939331245426,-0.008001800018662322,0.03260334634857886,-0.008157987807698715,0.5757748442590331,0.8175921901916624,0.002661983714316701,0.0,0.8175580128086155,-0.5757130715651583,-0.01158023413610251,0.0,-0.007935522953049834,0.00884410389820929,-0.9999294021588221,0.0,0.6574006994841602,0.25523366618102544,0.3038511203611799,1.0,-0.01328000000000001,-0.0174537142857143,-0.006640000000000005,0.6650000000000005
0.46173868788682576,0.5223424895981338,-0.12408013458716946,-1.394868148717339,0.07719301884336861,1.908556751466927,0.15639944815929022,-0.006277750730158244,-0.06982320456078715,-0.0012426832660226603,-0.11473851863784894,-0.007106477919779677,0.047122703486668,-0.009577346341291988,0.5758611331536901,0.8175314390237367,0.002654888309236543,0.0,0.8174972531683079,-0.5757994663356314,-0.011574218378875806,0.0,-0.007933756884623222,0.008835676525450253,-0.9999294906752342,0.0,0.6571708859290921,0.25494615687845557,0.30383852391898736,1.0,-0.01362000000000001,-0.017900571428571446,-0.006810000000000005,0.6820000000000005
0.4615779497472604,0.5211904384004876,-0.12407974804678909,-1.396723378139755,0.0770845357846723,1.9092790304499294,0.15626883021370208,-0.012743162936486833,-0.07560916048085285,-1.5385917626827486e-05,-0.11780922317263043,-0.008420504215366347,0.04826113903879396,-0.007984071389303054,0.5759556537437687,0.8174648048081379,0.002669217448906091,0.0,0.8174307952271884,-0.5758939167515595,-0.01156886182830282,0.0,-0.00792010377155411,0.008845222217222226,-0.9999295145159861,0.0,0.6569550595140587,0.25466712761496424,0.30382748566435036,1.0,-0.01394000000000001,-0.018321142857142873,-0.006970000000000005,0.6980000000000005
0.4614079652460687,0.5199226821827353,-0.12408556992513922,-1.3987487156326996,0.07696148028036273,1.9100275269937967,0.1561226556975121,-0.011609762338890134,-0.0725559771678639,-0.0005610540972653706,-0.12424725008935798,-0.007265256171310693,0.04243917814721894,-0.009543510358292095,0.5760540039999305,0.8173955403721549,0.0026574342078624167,0.0,0.8173613805849522,-0.575992296682035,-0.0115756033287037,0.0,-0.007931337608158062,0.0088404269447801,-0.9999294678801999,0.0,0.6567112995268978,0.25435923825475015,0.3038188710515304,1.0,-0.014280000000000011,-0.018768000000000017,-0.007140000000000006,0.7150000000000005
0.46123575036310666,0.5185714775267448,-0.12409719889576283,-1.4008144881553544,0.07682191274798685,1.9107645991351945,0.15595051160907156,-0.014342217699889363,-0.08255798713025131,-0.0009133141820145778,-0.12057497375912375,-0.01494215648129113,0.044610455605539355,-0.006806383492004767,0.5761340553479849,0.8173390893909475,0.0026664814025407777,0.0,0.8173051612142647,-0.5760724355166184,-0.011557222490052952,0.0,-0.007910235566633783,0.008838008633384936,-0.9999296564142284,0.0,0.656459946654884,0.25403943901273046,0.3038483256145057,1.0,-0.014620000000000011,-0.019214857142857162,-0.007310000000000006,0.7320000000000005
0.4610673173402908,0.5172231864809274,-0.12409793340227941,-1.4029258828158293,0.07668706407724395,1.9115374100113067,0.15580184227725874,-0.01226967414929797,-0.07800492555674136,0.0015167554214912716,-0.12510399972317565,-0.008172294822945365,0.04853093860833235,-0.008733352328641522,0.5762260902845834,0.817274197886429,0.0026693155762635475,0.0,0.8172403304558923,-0.5761644763681949,-0.011553585976497223,0.0,-0.007904635089114653,0.008839120200094891,-0.9999296908774117,0.0,0.6562004301125541,0.25372623682871176,0.30385640382865337,1.0,-0.014960000000000011,-0.019661714285714303,-0.007480000000000006,0.7490000000000006
0.46088739178042876,0.515959376575665,-0.12411242616280183,-1.4049290173643423,0.07656158269858604,1.9122879236459849,0.15565223498288147,-0.005926504496256645,-0.07712159825856074,0.0003529605590944272,-0.12469702566699875,-0.011843297247716064,0.04560858008610379,-0.0028034364246550033,0.5763267706451226,0.8172031859994264,0.0026745338583686632,0.0,0.8171694454382495,-0.5762651932094423,-0.011544324953685955,0.0,-0.00789297032586428,0.008839021048230075,-0.9999297838980215,0.0,0.655947756628438,0.25339678179299174,0.30385700672376975,1.0,-0.015300000000000012,-0.020108571428571448,-0.007650000000000006,0.7660000000000006
0.4607036703236847,0.5144893167369259,-0.12411638676365651,-1.4072555163208673,0.07642002862263585,1.9131666602407063,0.15547037466763053,-0.005440978838367394,-0.0812690606717643,-0.0006533357011444356,-0.12712185916952687,-0.0047182359515125435,0.051389041414459095,-0.0041419090586660625,0.5764219884592168,0.817135989645458,0.0026856187497097802,0.0,0.8171024289402522,-0.5763604034191463,-0.011534855511336466,0.0,-0.007877812939971307,0.008843540219583154,-0.9999298634702674,0.0,0.6556819087402889,0.2530663734452511,0.30385446140747685,1.0,-0.01564000000000001,-0.02055542857142859,-0.007820000000000006,0.7830000000000006
0.4605091345632045,0.5131025365210327,-0.12411456414978689,-1.409523243151628,0.0762829666788952,1.913965294624787,0.1552933858586281,-0.00921185978885138,-0.08160890703957287,-0.0007155819038878068,-0.1326054777056354,-0.010368781910621669,0.03934243930917264,-0.012425717807747408,0.5765169856120171,0.8170691990158594,0.002614616917114913,0.0,0.817034612885555,-0.5764555065490855,-0.011586078603079027,0.0,-0.007959570890969991,0.008815973366836191,-0.9999294594344277,0.0,0.6553951785925098,0.2527211026194342,0.3038160788777084,1.0,-0.01598000000000001,-0.021002285714285734,-0.007990000000000006,0.8000000000000006
0.46032564607142434,0.5117738046747765,-0.12412028898676052,-1.411655686175604,0.07615820007383914,1.9147190674775048,0.1551224926608131,-0.009086567953080408,-0.08633803533085878,-0.0015535376625413664,-0.1374986170727064,-0.005011959555354306,0.04865375609818666,-0.011361076380586727,0.5766091810293317,0.8170042727667601,0.0025724569479896337,0.0,0.816969043870688,-0.5765477276906605,-0.01162092737083892,0.0,-0.008011357350996617,0.008802520583096773,-0.9999291643835472,0.0,0.6551275430704854,0.252392950445871,0.30379733694408845,1.0,-0.016300000000000012,-0.021422857142857164,-0.008150000000000006,0.8160000000000006
0.46012568996432335,0.5103021127282106,-0.12412239727254228,-1.4139806824316405,0.07601123171791355,1.9155996306478054,0.1549532957031159,-0.014928532677123392,-0.08946747232533907,-0.0007119245954802376,-0.13447926748766306,-0.0103462370086048,0.04318297722420865,-0.008518005829293513,0.5767175532820675,0.8169277250691218,0.002588947844847044,0.0,0.8168927606788242,-0.5766560856773266,-0.011607036789875702,0.0,-0.00798933144870223,0.008809044211941175,-0.9999292831611017,0.0,0.6548468175320701,0.25204018345426615,0.3037974626407092,1.0,-0.016640000000000012,-0.021869714285714305,-0.008320000000000006,0.8330000000000006
0.45993260520318474,0.5088050511738061,-0.12412319342616131,-1.4163676124672395,0.07586879893943953,1.916479376493188,0.15476255636090597,-0.015615727130335473,-0.08925852365274468,-0.0007519165592518638,-0.1410404008766376,-0.008766048775299901,0.04813698926597113,-0.012118364886050777,0.5768057861195074,0.8168654595441218,0.0025793417835939993,0.0,0.8168303070716635,-0.5767442702708201,-0.011620802906856147,0.0,-0.008005166036275269,0.008810000516975183,-0.9999291480938151,0.0,0.6545485878186132,0.25168643326710066,0.3037852825942871,1.0,-0.016980000000000012,-0.02231657142857145,-0.008490000000000006,0.8500000000000006
0.45973581774183075,0.5073969042711813,-0.12412122446605778,-1.41860327853826,0.07572370749222639,1.917266071554071,0.1545969063738009,-0.01518846744050553,-0.0915462425909696,-0.0008198364255109508,-0.14590134154360246,-0.012648440370954613,0.04561440334661168,-0.011114005946284809,0.5769146747745668,0.8167886835535393,0.002539950755489892,0.0,0.8167529997014276,-0.5768532588384679,-0.011644833505374968,0.0,-0.008046344275523087,0.008792757021017256,-0.9999289693612088,0.0,0.6542470458324708,0.25131838930546035,0.3037767598727632,1.0,-0.017320000000000012,-0.02276342857142859,-0.008660000000000006,0.8670000000000007
0.45952205909039734,0.5058473125612738,-0.12412958589921998,-1.4210265690419641,0.07557390719549327,1.9181601015982825,0.15440370209946822,-0.014365644395577436,-0.09338719776260151,-0.002039306637413683,-0.14638357557846254,-0.008503087756308654,0.054834842656912665,-0.007727844046970275,0.5770136526058257,0.8167187263066312,0.002552196655008109,0.0,0.8166832143508137,-0.5769521959776648,-0.01163777708076583,0.0,-0.00803244965931671,0.008799661850211388,-0.9999290203328398,0.0,0.6539677664859367,0.25096668600705757,0.303781891366516,1.0,-0.017640000000000013,-0.02318400000000002,-0.008820000000000007,0.8830000000000007
0.4593008267776134,0.5042179366348268,-0.12413297089007656,-1.4234883407898355,0.07541468659079699,1.9191285064429737,0.15420074085090804,-0.011249781682235562,-0.09606989193053218,-0.0005373906626770067,-0.1419833520523704,-0.011153123609622279,0.061769420749200714,-0.015114032876319036,0.5771148507029372,0.8166468775611342,0.002659580603131516,0.0,0.8166128982298732,-0.5770531729961608,-0.011565330988701935,0.0,-0.007910224310338554,0.00884654241462901,-0.9999295810399182,0.0,0.653678414145878,0.25058934074430556,0.3038326432957401,1.0,-0.017980000000000013,-0.023630857142857165,-0.008990000000000007,0.9000000000000007
0.4590687381757527,0.5025538942578366,-0.12413601154925741,-1.4259820081969197,0.07525978990644613,1.9200776420598316,0.15400966726014112,-0.011476433477026388,-0.10048691295463143,-0.0006211819240041516,-0.14623792370168195,-0.011816126782396635,0.053394570942237485,-0.005905077616152531,0.5772365591299556,0.8165605272364724,0.002758090700424409,0.0,0.8165278699585029,-0.5771745978161069,-0.011509479486651132,0.0,-0.007806437045183079,0.008895921535077358,-0.9999299586074524,0.0,0.653379792932452,0.2502012845549141,0.30389010400584876,1.0,-0.018320000000000013,-0.024077714285714306,-0.009160000000000007,0.9170000000000007
0.45884786211865586,0.5008467956465034,-0.12413943821861688,-1.4285217620850594,0.0750984031968823,1.920988976558949,0.15381447435883724,-0.010900085258958298,-0.09446510847397542,0.00012087211092012923,-0.14940681409641077,-0.005906748445749252,0.0560598079191256,-0.013782661399179027,0.5773457193370344,0.816483129238798,0.0028225755669342364,0.0,0.8164513100165882,-0.5772835447602047,-0.011476681684972043,0.0,-0.007741239589640847,0.008930680505530697,-0.9999301556385445,0.0,0.6530601713722941,0.24981200973624998,0.30395171954937333,1.0,-0.018660000000000013,-0.02452457142857145,-0.009330000000000007,0.9340000000000007
0.458603186100066,0.4991494536639436,-0.12414003123949763,-1.4311189399199549,0.07492584366027098,1.921929174659375,0.1536021199961357,-0.010854587699861445,-0.08987958924563584,0.0011927182120091188,-0.1542587524844272,-0.005901082193081106,0.05391696826193998,-0.010079332821491626,0.5774577339193568,0.8164038175171253,0.0028494177289159995,0.0,0.8163723989441692,-0.5773955237671744,-0.011456975036219189,0.0,-0.007708425525826956,0.008942276995477408,-0.9999303055003625,0.0,0.6527369943671826,0.24940219905858754,0.3039810018316025,1.0,-0.019000000000000013,-0.024971428571428592,-0.009500000000000007,0.9510000000000007
0.4583759055644653,0.4975801875893366,-0.12414264343660293,-1.4335958878540802,0.07477446470699521,1.9228512832437323,0.1534112807019487,-0.014181243831710343,-0.09350769682412056,-0.002143810518177724,-0.14637609480351157,-0.008548669963158655,0.05594231073652104,-0.012800515887481658,0.5775741818270065,0.8163214066140039,0.002858757038732236,0.0,0.8162900871732582,-0.5775119030209375,-0.011456105490875976,0.0,-0.007701046199920791,0.008950498112994892,-0.9999302888056528,0.0,0.6524297293216876,0.24901737055099532,0.30397619490315586,1.0,-0.019320000000000014,-0.025392000000000022,-0.009660000000000007,0.9670000000000007
0.45810574799333653,0.49590546455209605,-0.12413735469828767,-1.4362790108766266,0.07461341853493413,1.9238052688851097,0.1532020790060979,-0.013678067134564296,-0.09468524029904854,0.0003839306722193183,-0.15974762642119616,-0.007630252810354779,0.04778544567472446,-0.01397300796307395,0.5777121434915855,0.8162239318376349,0.0028141178152736816,0.0,0.8161918882411827,-0.5776498163883425,-0.01149948246729054,0.0,-0.007760727572316439,0.008940422929449646,-0.9999299175169183,0.0,0.6520900203260054,0.24858694357783,0.3039487151534339,1.0,-0.019660000000000014,-0.025838857142857167,-0.009830000000000007,0.9840000000000008
0.4578373721485756,0.49422959763966473,-0.1241451261460325,-1.4390379798398392,0.07444563698071767,1.9247479564841694,0.152993164388069,-0.016863960458855864,-0.09886569033429209,-0.0010393798311242627,-0.1630590323248843,-0.011008637108940709,0.05390236347746695,-0.010637030780481511,0.5778595357597873,0.8161199996675286,0.0026925778289022635,0.0,0.8160862393589274,-0.5777974204088387,-0.011581787388109797,0.0,-0.007896515827943207,0.008890193161698909,-0.9999293022525778,0.0,0.6517312598123013,0.24813944133144797,0.3038847990561623,1.0,-0.019980000000000404,-0.02625942857142911,-0.009990000000001756,1.0010000000000006
0.4575577159392775,0.49216155054905447,-0.12421643395229681,-1.4421960639873632,0.07425863374744487,1.9259051270492762,0.15285142978173274,-0.01683643350768388,-0.1396379251482824,-0.011675344208066244,-0.2151267118688512,-0.009516421848186124,0.07387501191783649,-0.004475075643447219,0.5781309849556124,0.8159275864730384,0.0027358303573437725,0.0,0.8158945844453025,-0.5780689174853164,-0.011536923826998441,0.0,-0.007831946709636661,0.00890217370240809,-0.9999297034862549,0.0,0.6513454203996063,0.24761659875143063,0.3039234908270187,1.0,-0.029927428571427883,-0.0393331918367338,-0.05463395498056827,1.0179999999999987
