position_joint1,position_joint2,position_joint3,position_joint4,position_joint5,position_joint6,position_joint7,velocity_joint1,velocity_joint2,velocity_joint3,velocity_joint4,velocity_joint5,velocity_joint6,velocity_joint7,ee_T_00,ee_T_10,ee_T_20,ee_T_30,ee_T_01,ee_T_11,ee_T_21,ee_T_31,ee_T_02,ee_T_12,ee_T_22,ee_T_32,ee_T_03,ee_T_13,ee_T_23,ee_T_33,v_x,v_y,time
0.465084460185,0.547604314825,-0.12399450684,-1.35574476031,0.0794270790153,1.8940883379,0.159160162676,-0.00051038152003,0.00331579505864,0.00262907869289,0.00116280839118,0.000440957246435,0.000441794201406,-0.00153492105631,0.573777361478,0.81899681816,0.00212089607995,0.0,0.818956660328,-0.573718873624,-0.0117213246818,0.0,-0.00838309090942,0.00846251564914,-0.999929052291,0.0,0.661702232809,0.260894336891,0.303380681177,1.0,0.0,0.0,0.0
0.465087524842,0.547598452147,-0.123994559452,-1.35574214245,0.0794269605419,1.89408366848,0.159157818657,-0.000498644127801,-0.00021037263883,0.000616189841603,0.000215978599072,0.000318150031159,5.15560730669e-05,-0.00129521022749,0.573772751183,0.819000039024,0.00212437736573,0.0,0.818959924097,-0.57371424828,-0.011719681945,0.0,-0.00837979574386,0.00846437704423,-0.999929064156,0.0,0.661701275683,0.260896386086,0.303385676294,1.0,-0.00016,-0.000210285714286,0.009
0.465082184544,0.547594900554,-0.123997038801,-1.35574782059,0.0794257565849,1.89408740534,0.159160503918,0.000163421492205,-0.00119341658573,-0.000545259459547,5.61931643399e-05,-0.000141801724206,0.000225449717074,-0.00118941499392,0.573781066917,0.818994212707,0.00212454742164,0.0,0.818954122685,-0.573722585287,-0.0117169522704,0.0,-0.00837737655113,0.00846303518414,-0.999929095785,0.0,0.661702843649,0.260890849167,0.303385894138,1.0,-0.00036,-0.000473142857143,0.019
0.465081600559,0.547587294056,-0.123997757976,-1.35575989448,0.0794270390366,1.89408522561,0.159166653254,-0.000576443137897,-0.00242089634494,-0.00124918462854,-0.00559991757607,0.000183130538843,-0.000440960911306,0.0014695003729,0.573788054796,0.818989328806,0.00211999429651,0.0,0.818949157625,-0.573729567435,-0.0117220978039,0.0,-0.0083841310224,0.00846233016638,-0.99992904514,0.0,0.661700087076,0.260888771714,0.303385372234,1.0,-0.0007,-0.00092,0.036
0.465081134823,0.547543968353,-0.123999997253,-1.35580228925,0.0794228138093,1.89409343036,0.159158113061,-0.00104986229396,-0.00433663815251,-0.00208868869501,-0.0074490048022,0.000264009405988,-0.000367734368639,6.35313511023e-05,0.573784181229,0.818992024243,0.00212708695266,0.0,0.818951961065,-0.573725683355,-0.0117163401926,0.0,-0.00837538600772,0.00846479566919,-0.999929097558,0.0,0.661694022877,0.260882577601,0.303396664204,1.0,-0.00104,-0.00136685714286,0.053
0.46508892131,0.547400717371,-0.123994673499,-1.35594400061,0.0794237049951,1.89412219976,0.159156847993,0.000651039789214,-0.000472623546017,-0.000708019032226,-0.0103961362308,0.000436529975375,0.00459679024084,-0.00157587801283,0.573780960168,0.818994190451,0.00216163332806,0.0,0.818954435129,-0.573722188868,-0.0117145244783,0.0,-0.00835411132962,0.00849201380177,-0.999929044745,0.0,0.661667753706,0.260877971564,0.303433013112,1.0,-0.00136,-0.00178742857143,0.069
0.465071915331,0.547250207469,-0.123994888291,-1.35615080606,0.0794180989989,1.89418271855,0.15915131043,-0.000482040196635,-0.00622998302667,-0.00163561644363,-0.0119417329641,0.000120893862577,0.00847918059907,-0.000789317349693,0.573800456003,0.818980509886,0.0021697967517,0.0,0.818940781047,-0.573741570518,-0.0117198250274,0.0,-0.0083535665127,0.00850193968021,-0.999928964951,0.0,0.661641184231,0.26084722413,0.303446444363,1.0,-0.00172,-0.00226057142857,0.087
0.465055218651,0.547072865549,-0.123992439692,-1.3563629562,0.0794099803388,1.89429929091,0.159149088157,-0.00182754160598,-0.0105238469198,0.000998845948323,-0.0143803772181,-6.53511546603e-05,0.00509336621256,0.000967263697718,0.57382050093,0.818966271497,0.00224182176044,0.0,0.818927473676,-0.57376133902,-0.0116818494208,0.0,-0.0082809294428,0.00853933852588,-0.99992925045,0.0,0.661624723291,0.260821353686,0.303481111811,1.0,-0.00206,-0.00270742857143,0.104
0.465033290831,0.546882246305,-0.123989934078,-1.35657903784,0.0794045962152,1.89441368839,0.15912921566,-0.000948686095708,-0.0160793762821,0.000193455941502,-0.0112753359189,6.54772595376e-05,0.00228010391036,-0.000958224593415,0.573831225836,0.81895853268,0.00232226349156,0.0,0.818920743279,-0.57377173173,-0.0116431523391,0.0,-0.00820296774287,0.00858311937559,-0.999929518207,0.0,0.661608465145,0.260792057719,0.30352312023,1.0,-0.00238,-0.003128,0.12
0.46500917973,0.54667491967,-0.123992439407,-1.35685507969,0.0793935807245,1.89454323147,0.159109897959,-0.0015196438748,-0.0133305743676,-0.000438300855929,-0.0180485628323,0.000174661590244,0.00892170388512,-0.00142667782846,0.573849549431,0.818945539279,0.00237596585983,0.0,0.818908444368,-0.57378985881,-0.0116148426688,0.0,-0.00814877536701,0.00861103652752,-0.999929721285,0.0,0.661583941466,0.260751630734,0.303549882812,1.0,-0.0027,-0.00354857142857,0.136
0.464971726154,0.546415643619,-0.123989934079,-1.35723508865,0.0793784224848,1.89467740309,0.159064753501,0.000489481679054,-0.015502528572,0.000904993912336,-0.0213262549664,-0.000171334975232,0.0123703358627,-0.00568674150083,0.573858666049,0.818939102013,0.00239280098806,0.0,0.818902136542,-0.573798820625,-0.0116168462815,0.0,-0.00814066001002,0.00862606383072,-0.999929657865,0.0,0.661540402432,0.260693254322,0.303564161785,1.0,-0.00304,-0.00399542857143,0.153
0.464927032765,0.54612202238,-0.12399210002,-1.35769402236,0.0793502065434,1.89484084052,0.158932028318,-0.00355219966214,-0.0192914024337,0.000508933100661,-0.0284502911406,-0.00226402321764,0.00854454716433,-0.00546388683451,0.573806231686,0.818975846563,0.0023912603214,0.0,0.818938858408,-0.57374639528,-0.0116175295869,0.0,-0.00814265591018,0.0086246729232,-0.999929653612,0.0,0.661489159237,0.26061833933,0.303567849622,1.0,-0.0034,-0.00446857142857,0.171
0.46488344789,0.545848188846,-0.123997795434,-1.35816652402,0.0793157475785,1.89500117054,0.158925063259,-0.00234248374085,-0.0171584407489,-0.00116132654473,-0.0270302415585,0.000326644884797,0.0122822392074,-0.00328173310728,0.573857438781,0.81894007777,0.00235284478137,0.0,0.818902652723,-0.573797797626,-0.0116309803506,0.0,-0.0081751761966,0.0086014410318,-0.999929588374,0.0,0.661434493408,0.260539020705,0.303550883611,1.0,-0.00372,-0.00488914285714,0.187
0.464831391653,0.545510790971,-0.123995632094,-1.35872213745,0.0792799822272,1.89518729963,0.158858983253,-0.00582660761621,-0.0202528236045,-1.07563833768e-06,-0.0321008503983,-0.00284930454775,0.012730563906,-0.00255601335218,0.573865898982,0.818934229568,0.00232476405493,0.0,0.818896420506,-0.573806337079,-0.011648472496,0.0,-0.00820552648402,0.00858856746032,-0.999929450433,0.0,0.661367995623,0.260451161292,0.303541321198,1.0,-0.00406,-0.005336,0.204
0.464770434658,0.545137395385,-0.123996585616,-1.35936687489,0.0792485194229,1.8954004182,0.158748694112,-0.00287514346452,-0.0182888627603,-0.00435379242235,-0.0412439426564,-0.000618120678293,0.0107956758137,-0.00165470341614,0.573853723532,0.818942889992,0.00227899549079,0.0,0.818904385507,-0.573794224516,-0.0116851277594,0.0,-0.00826193691478,0.00857199851417,-0.999929128109,0.0,0.661290088057,0.260348035158,0.303517249646,1.0,-0.0044,-0.00578285714286,0.221
0.464705736822,0.544745727757,-0.123998009191,-1.36001094198,0.0792156603197,1.89561371318,0.158699760207,-0.0034359398111,-0.0227521838104,0.000256747428596,-0.037033785194,-0.00023816109079,0.0127336674632,-0.00108191161279,0.573894711279,0.81891425188,0.00224840714459,0.0,0.818875269951,-0.573835237739,-0.011711494051,0.0,-0.00830065395417,0.00856249435911,-0.999928888889,0.0,0.661213936089,0.260242275151,0.303506427949,1.0,-0.00472,-0.00620342857143,0.237
0.464637140234,0.54432783288,-0.124007077758,-1.36073882339,0.0791793786703,1.89586573408,0.158587547773,-0.00936735897699,-0.0217495160044,-0.00135367567836,-0.0401410741986,6.44441696743e-05,0.02123523681,-0.0129779345532,0.573896265766,0.818913293268,0.002200261368,0.0,0.818873631023,-0.573836917181,-0.0117437556357,0.0,-0.00835468725615,0.00854159797322,-0.999928617605,0.0,0.661129807672,0.260121983203,0.303477852032,1.0,-0.00506,-0.00665028571429,0.254
0.464572066549,0.543856452216,-0.124001539782,-1.36151541153,0.0791356269898,1.89614662318,0.158493009954,-0.00500047790934,-0.0257331005082,0.00124188467042,-0.0472160303952,-0.000473873364771,0.0193288250841,-0.0109536757577,0.57389990079,0.818910795356,0.00218174793289,0.0,0.818870821346,-0.573840549844,-0.0117621513443,0.0,-0.00838033862655,0.00853703157568,-0.999928441948,0.0,0.66103769716,0.260008160744,0.303465911883,1.0,-0.0054,-0.00709714285714,0.271
0.464498337265,0.543346562343,-0.124005596776,-1.36235525019,0.0790857907288,1.89643251278,0.158400447569,-0.00563141703224,-0.0319562427116,-0.00129517862848,-0.0509217907777,-0.00176657082029,0.0149627352758,-0.00441967287843,0.573920694724,0.818896323691,0.00214338841153,0.0,0.818855823596,-0.573861461537,-0.0117860097713,0.0,-0.00842167420952,0.00851952502621,-0.999928243974,0.0,0.660937717025,0.259875415332,0.303451800459,1.0,-0.00574,-0.007544,0.288
0.464427155108,0.54280595682,-0.124008385663,-1.36322886267,0.0790350120603,1.8967474352,0.158279323438,-0.00392762838749,-0.0364657529874,0.0013781736019,-0.0549721134875,-0.000818766686931,0.0225400694824,-0.00837634684962,0.573916799068,0.818899094293,0.0021279134396,0.0,0.81885836836,-0.573857601822,-0.0117971309832,0.0,-0.0084397030645,0.00851319528461,-0.999928145878,0.0,0.660835534314,0.259743309088,0.303445761004,1.0,-0.00608,-0.00799085714286,0.305
0.464352016826,0.542227897637,-0.124014121879,-1.36413018293,0.0789771400603,1.89707498444,0.15816750442,-0.00584945606027,-0.0303719931811,-0.000853026093396,-0.0507271837432,-0.00553207452252,0.024513408923,-0.00803889846529,0.573925399264,0.818893066433,0.00212808115925,0.0,0.818852386211,-0.573866244222,-0.0117919566367,0.0,-0.00843527999249,0.00851045160869,-0.999928206555,0.0,0.660732436323,0.25960380132,0.303454133968,1.0,-0.00642,-0.00843771428571,0.322
0.46428807353,0.541653207599,-0.12401731542,-1.36502678139,0.078928710121,1.8974003661,0.158037546504,0.00125745256326,-0.0346373496902,-0.000369740027079,-0.0561793784458,-0.00228040483321,0.0191294533755,-0.00462223378744,0.573910758349,0.81890328182,0.00214554813348,0.0,0.818862758856,-0.573851466432,-0.0117908241328,0.0,-0.0084244808324,0.00852395439602,-0.999928182583,0.0,0.660620646089,0.259463768988,0.303470771241,1.0,-0.00676,-0.00888457142857,0.339
0.464191420485,0.540925744727,-0.124015522459,-1.3661555835,0.0788689292442,1.89781822022,0.157895370721,-0.00353517802609,-0.0429840421691,-0.000467313594889,-0.0668322418348,-0.00467883913337,0.0263681776541,-0.00700563383903,0.573918507189,0.818897833657,0.00215221725129,0.0,0.818857319246,-0.573859109214,-0.0117966262478,0.0,-0.00842532441771,0.00853282525816,-0.999928099816,0.0,0.660495767267,0.259306500774,0.303475202404,1.0,-0.00712,-0.00935771428571,0.357
0.464109197208,0.540280794627,-0.124017884677,-1.36715937228,0.0788042171591,1.89818641368,0.157772729873,-0.0026846239388,-0.0376404414419,0.000397467693402,-0.0631918707349,-0.00352427822332,0.0239646184155,-0.00836623993044,0.573925357081,0.818893020202,0.00215705028534,0.0,0.818852603085,-0.573865974361,-0.0117900293511,0.0,-0.00841707703463,0.00853306733442,-0.999928167208,0.0,0.66037985037,0.259154657966,0.303485243977,1.0,-0.00744,-0.00977828571429,0.373
0.464006556035,0.53953973798,-0.124020158549,-1.36827839258,0.0787457215064,1.89861210645,0.157628282348,-0.00423276650074,-0.050908567017,-0.00785692281759,-0.0686508668086,-0.00309518531752,0.0224725831122,-0.00634688115232,0.573939038074,0.818883312249,0.00220190737809,0.0,0.818843415101,-0.573879415985,-0.0117738845101,0.0,-0.00837796952736,0.00856067412685,-0.999928259669,0.0,0.660256043783,0.258981882094,0.303513253875,1.0,-0.00778,-0.0102251428571,0.39
0.463908566204,0.538838270492,-0.124018838685,-1.36938443323,0.0786816088346,1.89902909753,0.157497219056,-0.00685371694209,-0.044189090142,0.00119565506161,-0.0749269777892,-0.00111536781084,0.0230195603537,-0.00513927960556,0.57395507015,0.818872045008,0.00221320011587,0.0,0.818832263947,-0.573895371331,-0.011771711211,0.0,-0.00836954106989,0.00856883797204,-0.999928260326,0.0,0.660130524191,0.258813794982,0.303518475017,1.0,-0.0081,-0.0106457142857,0.406
0.463800982214,0.53806237388,-0.124029345254,-1.37057383288,0.0786168091988,1.89948766957,0.157344590026,-0.00761101863451,-0.0450648253966,-0.000516540155813,-0.0716745340643,-0.00101346423641,0.0260192818377,-0.0127466651015,0.573973971232,0.818858690788,0.0022520591215,0.0,0.818819417726,-0.573914125034,-0.0117509634386,0.0,-0.00833005037588,0.00858894225297,-0.999928417604,0.0,0.660000970417,0.258626316539,0.303540470496,1.0,-0.00844,-0.0110925714286,0.423
0.463694454928,0.537318648926,-0.124030755823,-1.37175162615,0.0785464362791,1.89993101636,0.157200903049,-0.00760826303498,-0.0426836258977,0.000865300774117,-0.0740338457791,-0.00148784509573,0.0248330817693,-0.00983813607616,0.573990678378,0.818846960937,0.00225889376811,0.0,0.818807774259,-0.573930801753,-0.0117477875604,0.0,-0.00832335168048,0.00859288576947,-0.999928439505,0.0,0.659867923969,0.258443849218,0.303543514858,1.0,-0.00876,-0.0115131428571,0.439
0.463577295854,0.536487817089,-0.124035426874,-1.37304405389,0.0784672571513,1.90042780257,0.157041073773,-0.00976160569969,-0.0477621300348,2.24911451477e-05,-0.0749948360706,-0.00349715217992,0.0311456706635,-0.0110916886284,0.574009055185,0.818834004107,0.00228586622456,0.0,0.818795211862,-0.573949120413,-0.0117283890839,0.0,-0.00829179252901,0.00860402351061,-0.999928605929,0.0,0.659724979153,0.258242226433,0.30355809293,1.0,-0.0091,-0.01196,0.456
0.463458786315,0.535625030252,-0.124042834186,-1.37441069438,0.0783863147396,1.9009201288,0.156880481316,-0.00899429285083,-0.0455892454954,0.00160191433102,-0.0826380118003,-0.00480889784604,0.0240241661232,-0.00797654464628,0.574033143869,0.818817148291,0.0022747102143,0.0,0.818778199862,-0.573973236274,-0.0117358583851,0.0,-0.00830405919124,0.00859942038478,-0.999928543732,0.0,0.65956552463,0.258029169289,0.303559447248,1.0,-0.00944,-0.0124068571429,0.473
0.463345730976,0.534775385857,-0.124045814298,-1.37574382051,0.0783049475964,1.9014033305,0.156721211155,-0.00812408798031,-0.0436444811862,-0.000524632915707,-0.0839481542277,-0.00339117050231,0.0320221873311,-0.0101644174981,0.574049710416,0.818805514986,0.00228155653282,0.0,0.818766653429,-0.573989772944,-0.0117326335731,0.0,-0.00829731470779,0.00860334295307,-0.999928565978,0.0,0.659402065577,0.257808685723,0.303569901697,1.0,-0.00978,-0.0128537142857,0.49
0.463233570539,0.533986094489,-0.124054775579,-1.37704624139,0.0782426022068,1.90187618477,0.156560902915,-0.00353170184907,-0.0500367807102,-0.00092737733382,-0.089364249968,-0.00721808423618,0.0317381381256,-0.00420138844278,0.574070219926,0.818791238953,0.00224421675134,0.0,0.81875175568,-0.574010280091,-0.0117689345764,0.0,-0.00834825776679,0.00859381672346,-0.999928223877,0.0,0.659255676001,0.257624013731,0.303544533206,1.0,-0.01006,-0.0132217142857,0.504
0.463082689078,0.532899625016,-0.124052478769,-1.3787769404,0.0781321128073,1.90253074938,0.156339557377,-0.00762505016461,-0.0532868087027,-0.000615107584409,-0.0857607449193,-0.00120781375672,0.0297720762954,-0.0059486098198,0.574075999909,0.818787174586,0.00224854673585,0.0,0.818747783887,-0.574016080247,-0.0117623509232,0.0,-0.00834032067231,0.00859364147867,-0.999928291618,0.0,0.659056499716,0.257361259494,0.303543581252,1.0,-0.01046,-0.0137474285714,0.524
0.462945485261,0.531868315557,-0.124055667245,-1.38042688905,0.0780574670548,1.90315070391,0.156132741642,-0.00307530414297,-0.0595508644873,-0.000136389450898,-0.0894136770841,-0.00858153699323,0.0293986184129,-0.00417255295593,0.574091421379,0.81877632738,0.00226108897291,0.0,0.818736883783,-0.574031229322,-0.011781756957,0.0,-0.00834884874985,0.0086152084069,-0.999928034865,0.0,0.658863025343,0.257116650867,0.303539160345,1.0,-0.01082,-0.0142205714286,0.542
0.462809209622,0.530865686729,-0.124055296079,-1.38203809187,0.0779409433452,1.90371911843,0.155928763051,-0.0101514443443,-0.0647407702398,0.000601551449946,-0.0904123953478,-0.00710383507037,0.0289438749922,-0.0148697080404,0.574091963486,0.818776069703,0.00221631327731,0.0,0.818736148231,-0.57403205058,-0.0117928532152,0.0,-0.00838363256174,0.00858492333973,-0.999928004306,0.0,0.658668330796,0.25686875163,0.303528064988,1.0,-0.01116,-0.0146674285714,0.559
0.462691059524,0.529959258378,-0.124059173658,-1.38349408789,0.0778495509468,1.90423649787,0.155727229215,-0.00724370965147,-0.0579293605015,-0.00183453920534,-0.0966968239824,-0.00512359749451,0.0325867259139,-0.0192627609885,0.574080887667,0.81878391673,0.00218609731871,0.0,0.818743597046,-0.574021087932,-0.0118093101293,0.0,-0.00841456924683,0.00856951741371,-0.999927876597,0.0,0.658491665109,0.256648094873,0.303518601864,1.0,-0.01146,-0.0150617142857,0.574
0.462544326304,0.52885100913,-0.124058854775,-1.38523929983,0.0777340775326,1.90488718772,0.155498300133,-0.00945994588562,-0.0648306262911,-0.00029849182102,-0.0956657403166,-0.0120900179573,0.0396978988966,-0.018025778442,0.574076980813,0.818786641499,0.00219150745798,0.0,0.818746458993,-0.574017228617,-0.0117984760971,0.0,-0.00840263335755,0.00856768746162,-0.99992799265,0.0,0.658286601863,0.256384548718,0.303524815718,1.0,-0.01182,-0.0155348571429,0.592
0.462415192091,0.527825989515,-0.124061240351,-1.38684738375,0.0776448898354,1.90551465891,0.155276133973,-0.0114161784483,-0.0600882305898,-0.000162363471492,-0.100300081689,-0.00681186338295,0.0357922181078,-0.0241255880663,0.574065801688,0.818794371531,0.00223145282038,0.0,0.818754667155,-0.574005854512,-0.0117822281194,0.0,-0.00836651616667,0.00859095204472,-0.99992809589,0.0,0.658100970412,0.256148870498,0.303535549138,1.0,-0.01214,-0.0159554285714,0.608
0.462272427549,0.52666176683,-0.124057049013,-1.38860893444,0.0775332260702,1.9061867899,0.155029873623,-0.0106023285758,-0.0711570494699,0.00187252513432,-0.100801378119,-0.00744468073546,0.0415187824739,-0.0195584161344,0.574043224462,0.818810029439,0.00229325974449,0.0,0.818771156635,-0.573983074406,-0.0117460742125,0.0,-0.00830167092608,0.00862057522197,-0.999928381407,0.0,0.65789470967,0.255891103166,0.30357455656,1.0,-0.01248,-0.0164022857143,0.625
0.462149223258,0.525634478524,-0.124064870583,-1.39022238324,0.0774313363384,1.90677165118,0.154821515299,-0.0118779555629,-0.0674988173595,-0.000517843830896,-0.106781590522,-0.0075267586875,0.0405367356279,-0.0178161245186,0.574038464326,0.818813381487,0.00228794077673,0.0,0.818774471685,-0.573978368199,-0.0117449673585,0.0,-0.00830386779991,0.00861553640253,-0.999928406593,0.0,0.657698844968,0.255650701356,0.303580276571,1.0,-0.01278,-0.0167965714286,0.64
0.461972026025,0.524322702475,-0.124071549801,-1.39230456662,0.0773027519545,1.90751258057,0.154540175884,-0.00857061454483,-0.0710598003612,0.00114787976432,-0.112325841216,-0.00267591518128,0.0374223582933,-0.01699685198,0.574035072419,0.818815836302,0.00226025573224,0.0,0.818776544642,-0.573975058505,-0.011762187659,0.0,-0.00833389556192,0.00860271825208,-0.999928267139,0.0,0.657445991189,0.255329871215,0.303576196149,1.0,-0.01316,-0.017296,0.659
0.461815846065,0.523134075832,-0.12407802208,-1.3942174195,0.0771794405233,1.90821890222,0.154282548017,-0.0106512930249,-0.0722555049903,0.00015339513858,-0.114763892814,-0.0117706074656,0.043369238356,-0.0175805698375,0.574025969323,0.818822278703,0.00223815624123,0.0,0.818782758185,-0.573966100802,-0.0117667722855,0.0,-0.00835043025666,0.00858716193688,-0.999928262909,0.0,0.657216399813,0.255039998057,0.303562775052,1.0,-0.0135,-0.0177428571429,0.676
0.461665656714,0.521963095614,-0.124080835828,-1.39604466192,0.0770695539165,1.90893064904,0.154027128834,-0.00861941379726,-0.0712840988955,-1.4571998632e-05,-0.115375298519,-0.00237396807069,0.0438035694311,-0.0143362599741,0.574010181949,0.818833220816,0.00228350778536,0.0,0.818794312682,-0.573950167455,-0.0117399190807,0.0,-0.0083025759275,0.00860872201978,-0.999928476011,0.0,0.657003888734,0.254768658246,0.303577731468,1.0,-0.01382,-0.0181634285714,0.692
0.461513969513,0.520807295173,-0.124087918192,-1.39793557033,0.0769545089304,1.90965281289,0.153779314799,-0.00992810686824,-0.0701970409151,-0.00114110670896,-0.117778430255,-0.00605693953879,0.042165750273,-0.0177272571621,0.574006657819,0.81883573502,0.00226775990881,0.0,0.818796651908,-0.573946733723,-0.0117446402138,0.0,-0.00831551780894,0.00859850144485,-0.999928456409,0.0,0.656779084973,0.254486012272,0.303552500939,1.0,-0.01414,-0.018584,0.708
0.461326383968,0.519335776175,-0.124093681949,-1.40021361962,0.0768007958782,1.91048259378,0.153467762423,-0.00964356608303,-0.079505109178,-0.0011622064476,-0.118963152348,-0.00807560715623,0.0446253287648,-0.0184493516733,0.573988805002,0.818848220331,0.00227830982921,0.0,0.818809380296,-0.573928953228,-0.0117261369127,0.0,-0.0082944980617,0.00859633827934,-0.99992864959,0.0,0.656502898768,0.254139904908,0.3035735339,1.0,-0.01452,-0.0190834285714,0.727
0.461152181801,0.518080353727,-0.124096181694,-1.40218857523,0.0766741321658,1.91119044873,0.153195396408,-0.0141841670537,-0.0755796620406,-0.000162517014415,-0.127983213178,-0.00641356328089,0.0547695923534,-0.0256120165943,0.573980658259,0.81885396883,0.00226463628454,0.0,0.81881495499,-0.573920862708,-0.0117328485514,0.0,-0.00830792754516,0.00858891155532,-0.99992860192,0.0,0.656261902747,0.253833777692,0.303576069513,1.0,-0.01484,-0.019504,0.743
0.460977823616,0.516732987135,-0.124100088285,-1.40431352698,0.0765427812827,1.91195254715,0.152910242257,-0.00817432307102,-0.0731304596537,0.00130703467547,-0.124416782031,-0.0101710421826,0.0458314263556,-0.0188104840973,0.573969581756,0.818861773945,0.00224973141314,0.0,0.818822531945,-0.573909808113,-0.0117447959629,0.0,-0.00832638184179,0.00858345165656,-0.999928495305,0.0,0.655998541565,0.253513105554,0.303576106409,1.0,-0.01518,-0.0199508571429,0.76
0.460815590502,0.515514541356,-0.124106764324,-1.40623325427,0.0764189740524,1.91269482352,0.152637093333,-0.00690069314013,-0.0809213674827,0.00156724688781,-0.132528997522,-0.0152163504121,0.0494780124712,-0.0180388726977,0.573951597405,0.818874303209,0.00227734098468,0.0,0.818835519356,-0.573891825101,-0.0117180298429,0.0,-0.0082888057337,0.00859051502875,-0.999928746837,0.0,0.655772917162,0.253221309893,0.303581396871,1.0,-0.01548,-0.0203451428571,0.775
0.460632416373,0.514130858477,-0.124115254163,-1.40845465165,0.0762899860385,1.91349788508,0.152342061458,-0.0118063447456,-0.0786640253659,-0.000398172593377,-0.13419780903,-0.0112881648316,0.0431945859268,-0.0101052192335,0.573948169196,0.818876785078,0.00224874148803,0.0,0.818837545066,-0.573888417241,-0.011743349123,0.0,-0.00832598958361,0.00858159291117,-0.999928514525,0.0,0.655497426031,0.252884463047,0.303563943107,1.0,-0.01582,-0.020792,0.792
0.460433122523,0.512718062074,-0.12412069305,-1.41073020024,0.0761550324668,1.91427998795,0.152018341288,-0.0123230574169,-0.0830541881886,-0.0013907404824,-0.133427401657,-0.0103268139231,0.0460718979483,-0.0181006573118,0.573932864722,0.818887691591,0.00218225905765,0.0,0.818847449693,-0.573873228202,-0.0117948711988,0.0,-0.00840649664954,0.0085565662205,-0.999928055406,0.0,0.655208461644,0.252530521085,0.303538758789,1.0,-0.01616,-0.0212388571429,0.809
0.460237595886,0.511299247033,-0.124118833607,-1.41303625584,0.0760175246228,1.91513752678,0.151695106341,-0.0100944230524,-0.0787745278318,0.000990435778974,-0.141610074936,-0.0132638701964,0.0552389077287,-0.0160497229453,0.573910651984,0.818903325669,0.00215723183354,0.0,0.818862676436,-0.573851032756,-0.0118176243881,0.0,-0.00843972468818,0.00854890174321,-0.99992784106,0.0,0.654924101762,0.252184473328,0.303509159242,1.0,-0.0165,-0.0216857142857,0.826
0.460050650461,0.509931480811,-0.124123099354,-1.41521554879,0.0758901042476,1.91596796595,0.15138678539,-0.0119519243553,-0.0807949850054,-0.00654252229866,-0.13960080616,-0.00656651880087,0.0534333348323,-0.0122893629245,0.573893841398,0.818915063831,0.0021734622312,0.0,0.81887458424,-0.573834118605,-0.0118138271382,0.0,-0.00842747647621,0.00855984042232,-0.999927850783,0.0,0.654661022217,0.251854665797,0.303501527814,1.0,-0.01682,-0.0221062857143,0.842
0.459876079694,0.508670882396,-0.124122628859,-1.4171765934,0.0757515727629,1.91666999348,0.151123133283,-0.00776840986793,-0.0837651309309,6.38064783716e-05,-0.140733856497,-0.0144884347608,0.0442267376117,-0.0159694684015,0.573884735033,0.818921466657,0.0021654664714,0.0,0.818880977097,-0.573825140059,-0.0118068152473,0.0,-0.00842641759231,0.00854917493788,-0.999927950952,0.0,0.654417225952,0.251549884159,0.303510997454,1.0,-0.0171,-0.0224742857143,0.856
0.459623999287,0.506886751046,-0.124128751417,-1.41998542041,0.075579478784,1.91767955445,0.150722798907,-0.00877937327391,-0.0899660725033,0.000330809169022,-0.140809282955,-0.00664630883983,0.0547475331442,-0.01286867361,0.573866631666,0.818934188898,0.00215179343788,0.0,0.818893454053,-0.57380702418,-0.0118218785469,0.0,-0.00844678895668,0.00854643572781,-0.99992780249,0.0,0.65406774093,0.251112322692,0.303509588671,1.0,-0.0175,-0.023,0.876
0.459404081657,0.505295818659,-0.124136952624,-1.4224512887,0.0754161878074,1.91860680433,0.150394348222,-0.00748387087304,-0.0950690874058,-0.00111330110528,-0.140844212823,-0.00858713554562,0.0523135049676,-0.0168477678277,0.573866763053,0.818934004121,0.00218679198948,0.0,0.818893847216,-0.573807143639,-0.0117887998381,0.0,-0.00839961390854,0.00855611564042,-0.999928117102,0.0,0.653769586707,0.250728639615,0.303528561989,1.0,-0.01784,-0.0234468571429,0.893
0.459176566367,0.503653625346,-0.124138004339,-1.4249201305,0.0752598376769,1.9195601058,0.150043291732,-0.011016075082,-0.0968138912876,0.0013418376837,-0.140187439824,-0.00122128862305,0.0534807998515,-0.025452966099,0.57385122431,0.818944607394,0.00229113068549,0.0,0.818905870527,-0.57379127582,-0.0117257796895,0.0,-0.0082882928204,0.00860523907679,-0.999928624484,0.0,0.653476142741,0.250347414072,0.303583311293,1.0,-0.01818,-0.0238937142857,0.91
0.458958299861,0.502063097533,-0.124146548818,-1.42727095384,0.0751042920033,1.92043919428,0.149711512788,-0.0145960624279,-0.0955734636621,-0.00134686906087,-0.156420902231,-0.00719909890494,0.0576307778368,-0.0189675754822,0.573842638054,0.818950354298,0.00238554984028,0.0,0.818912958283,-0.573782464458,-0.0116617810914,0.0,-0.00818179061495,0.00864575136026,-0.999929152133,0.0,0.653193170695,0.249976415594,0.303651288263,1.0,-0.0185,-0.0243142857143,0.926
0.458705177609,0.500263686968,-0.124147893999,-1.43001099689,0.0749284842226,1.92139418626,0.14932867619,-0.0129483588104,-0.102070184634,3.88393236371e-05,-0.151379050649,-0.00949621316518,0.0546256430541,-0.0271264221813,0.5738292727,0.818959686293,0.0023968564528,0.0,0.818922379877,-0.573768999591,-0.0116626646367,0.0,-0.00817616765965,0.00865538439972,-0.999929114789,0.0,0.652844193737,0.24954554236,0.303685568078,1.0,-0.01886,-0.0247874285714,0.944
0.458466842683,0.49866350639,-0.124148643439,-1.43247873324,0.0747796020147,1.92230069936,0.148986553604,-0.0191680490311,-0.0971397909575,-0.00187281867724,-0.153821631109,-0.00544185181908,0.0564222852871,-0.0200542503839,0.57383015715,0.818958963323,0.00243187987418,0.0,0.818922037698,-0.573769680073,-0.0116532100128,0.0,-0.00814831873443,0.00867865044583,-0.999929140454,0.0,0.652539510794,0.249155414087,0.303705651527,1.0,-0.01918,-0.025208,0.96
0.458178929005,0.496820274659,-0.124148104716,-1.43543926557,0.0746027329895,1.92339171802,0.148546972267,-0.0166877938246,-0.0934462804206,0.000263961626813,-0.157115224748,-0.010500204342,0.0552920351839,-0.0246213879347,0.573808053901,0.818974510965,0.00241134168126,0.0,0.818937197985,-0.573747524986,-0.0116786228055,0.0,-0.00818115059187,0.00867619226769,-0.999928893703,0.0,0.652171339085,0.248686589117,0.303676070593,1.0,-0.01956,-0.0257074285714,0.979
0.457958807441,0.495420455664,-0.124148345374,-1.43767304338,0.0744584251852,1.92414813156,0.148207810335,-0.0225824094592,-0.094713415131,0.00017183188617,-0.161874464695,-0.00227010684403,0.055699334772,-0.0273720446969,0.573784063236,0.81899151446,0.00234412452037,0.0,0.818953237489,-0.573723687487,-0.0117248506846,0.0,-0.00825783244415,0.00864742732148,-0.999928512547,0.0,0.651880829188,0.248324696959,0.30365373385,1.0,-0.01984,-0.0260754285714,0.993
0.457651753888,0.493558413552,-0.124152093625,-1.44075925064,0.0742632837927,1.92525710185,0.14778730933,-0.0132583044351,-0.098316905071,-9.70706055087e-06,-0.160561827537,-0.00899717601057,0.0566430587816,-0.0242528308734,0.573796336054,0.81898320558,0.0022406718405,0.0,0.818943516557,-0.57373627946,-0.0117875027515,0.0,-0.00836837318109,0.00859877511963,-0.999928013107,0.0,0.651490179685,0.247824909874,0.303577873505,1.0,-0.0208851428571,-0.027449044898,1.012
0.457403743616,0.49193038033,-0.12415625382,-1.4433315861,0.0740982559719,1.92621677372,0.147423553809,-0.0143759434216,-0.106775590795,-0.00120549481535,-0.177392838727,-0.00936057522776,0.0648479424582,-0.0250513660406,0.573788815479,0.818988453938,0.00224821023137,0.0,0.818948891224,-0.573728759989,-0.0117800859763,0.0,-0.00835805245112,0.00860061644329,-0.999928083592,0.0,0.651170776763,0.247415974035,0.3035698819,1.0,-0.0221194285714,-0.0290712489796,1.027
0.457091737206,0.490013066091,-0.124162063169,-1.4464366937,0.073906326982,1.92729801238,0.146985284795,-0.0161901472158,-0.115755434497,-0.0034371272744,-0.181652777692,-0.0147661248205,0.0678270739758,-0.0193465128787,0.573792360764,0.818986214608,0.00215729267351,0.0,0.818945320556,-0.573732507272,-0.0118456295808,0.0,-0.00846386135111,0.00856380138166,-0.999927509551,0.0,0.65076985488,0.24690928594,0.30351955769,1.0,-0.0235182857143,-0.0309097469388,1.044
0.456759515829,0.487929810223,-0.124173044674,-1.44970586883,0.0737003154978,1.92849534394,0.146507419675,-0.0178474198094,-0.125548744153,-0.0011061913929,-0.194572328275,-0.0150094742546,0.0681390902835,-0.0294468352925,0.573787566985,0.818989559082,0.00216263460733,0.0,0.818948726614,-0.573727684908,-0.0118437176899,0.0,-0.00845928064956,0.00856702975703,-0.999927520659,0.0,0.650361648275,0.24637485767,0.30351569136,1.0,-0.0249171428571,-0.032748244898,1.061
0.456418993446,0.485830145402,-0.124188128449,-1.45288426758,0.073512771062,1.92973601373,0.14605261334,-0.0203879541782,-0.129507121034,0.000702345602374,-0.199844051355,-0.00319766528388,0.0742986758565,-0.0313593622625,0.57380667094,0.818975762637,0.00231333049558,0.0,0.818936945669,-0.573746261528,-0.0117581164743,0.0,-0.0083025075322,0.00864152385713,-0.999928193639,0.0,0.649961816917,0.245815405995,0.303576579087,1.0,-0.026316,-0.0345867428571,1.078
0.456016728388,0.483375075796,-0.124228397569,-1.4566573043,0.0732684014948,1.93104886803,0.145465176349,-0.0211403953894,-0.136055402731,-0.004537327477,-0.220781865856,-0.0212503573723,0.0690070253207,-0.0372652956368,0.573807967362,0.818974929461,0.00228657104929,0.0,0.818935803827,-0.573747699647,-0.0117674661809,0.0,-0.00832550519759,0.00862498680824,-0.999928145201,0.0,0.649507943128,0.24519989625,0.303592176337,1.0,-0.0277148571429,-0.0364252408163,1.095
0.455636783781,0.481055932651,-0.124257298187,-1.46025022363,0.0730497593297,1.93231301492,0.144932127602,-0.0215238381697,-0.149613499241,9.5106954497e-05,-0.231173089598,-0.0114141072579,0.0809008192902,-0.031396359442,0.573819814539,0.818966652518,0.00227802704529,0.0,0.818927331354,-0.573759490462,-0.0117821885769,0.0,-0.00834234051727,0.00862655796096,-0.999927991334,0.0,0.649050078928,0.24459207026,0.303600807946,1.0,-0.0290314285714,-0.0381555918367,1.111
0.455145582588,0.478195293631,-0.124272974264,-1.46463241707,0.072781297631,1.93394096676,0.144291258443,-0.0291798752618,-0.153712052145,-0.000668154776506,-0.231451351922,-0.0118002044558,0.0838059869197,-0.0386644093583,0.573849165403,0.818945830788,0.00236822746719,0.0,0.818907639121,-0.573788453008,-0.0117403869484,0.0,-0.00825603832276,0.00867673786998,-0.999928273453,0.0,0.648509147957,0.243850352833,0.303638619296,1.0,-0.0305948571429,-0.0402103836735,1.13
0.454776708506,0.475999489535,-0.12428777711,-1.46798185097,0.0725716973411,1.93517820625,0.143814259983,-0.0296335033312,-0.157353820036,0.000182379108207,-0.239798644019,-0.0188367329275,0.0907623740302,-0.0374937983635,0.57387647787,0.818926491131,0.00243663130151,0.0,0.818889194694,-0.573815517465,-0.0117040860772,0.0,-0.00818676691257,0.00871219847573,-0.999928534669,0.0,0.648091469757,0.24328532288,0.303672128991,1.0,-0.0317468571429,-0.0417244408163,1.144
0.454249176561,0.472908404511,-0.124293527539,-1.47277557994,0.0722646563779,1.93686650367,0.143123343048,-0.0321343355118,-0.167564228124,0.000206626284176,-0.25936190356,-0.0193090235107,0.0855433043704,-0.0298385584845,0.573893307012,0.818914737339,0.00242322864172,0.0,0.818877130295,-0.573832248458,-0.0117278732379,0.0,-0.00821375963247,0.00871504226446,-0.999928288524,0.0,0.647469148621,0.242479357651,0.303674988689,1.0,-0.0333102857143,-0.0437792326531,1.163
0.453820160134,0.470383505545,-0.124288330351,-1.47668105362,0.0720255981712,1.9382496379,0.142526561432,-0.0324301409596,-0.172017807229,0.00163038186759,-0.260281704878,-0.0127094830293,0.102451227287,-0.0324059199776,0.573873513203,0.81892857891,0.00243318530253,0.0,0.818890857853,-0.573812162039,-0.011752128428,0.0,-0.00822812093047,0.00873691664102,-0.999927979563,0.0,0.646957887719,0.241831820399,0.303680583637,1.0,-0.0345445714286,-0.0454014367347,1.178
0.453329873037,0.467383759218,-0.124291181177,-1.48117773049,0.0717275545183,1.93999763425,0.141787439271,-0.0299130155551,-0.176918491243,0.000185661831299,-0.272284339821,-0.0179806931573,0.100789732853,-0.0410714070184,0.573804140884,0.818976559298,0.00263630929574,0.0,0.818941675627,-0.573742289537,-0.0116217046721,0.0,-0.00800549570482,0.00882773577835,-0.999928989038,0.0,0.646401765878,0.241091616948,0.30376253419,1.0,-0.0359434285714,-0.0472399346939,1.195
0.452803319604,0.464299902221,-0.12429743965,-1.48596774345,0.0714028938468,1.94161174582,0.141071452535,-0.0287783708866,-0.182880108592,-0.000722614967159,-0.285662727921,-0.0177944222784,0.101123965232,-0.0415880070271,0.573789332849,0.81898720257,0.00255155566928,0.0,0.818951103224,-0.573727652913,-0.0116797993429,0.0,-0.00810186413101,0.00879151286694,-0.999928531996,0.0,0.645754846714,0.24028049423,0.30374949493,1.0,-0.0373422857143,-0.0490784326531,1.212
0.452276400217,0.46133137116,-0.124300227694,-1.49065264399,0.0710897759949,1.94324904464,0.140378085924,-0.0302344568761,-0.189883838714,-0.000198970239014,-0.297093586524,-0.0169625561611,0.112484547336,-0.0494170832167,0.573787945296,0.818988402556,0.00247733989782,0.0,0.81895124334,-0.573726429655,-0.0117299551388,0.0,-0.00818553944358,0.00875949609446,-0.999928131504,0.0,0.645130589547,0.239485948119,0.303706955239,1.0,-0.0386588571429,-0.0508087836735,1.228
0.451652765558,0.457889379285,-0.124304110206,-1.49599363351,0.0707301494127,1.94514216295,0.139570542574,-0.0363535815645,-0.195635515561,-0.000758353831507,-0.297531641023,-0.0289099532811,0.113276233636,-0.0448039984557,0.57378885467,0.818987807542,0.00246338286362,0.0,0.818950429827,-0.573727350399,-0.0117417116264,0.0,-0.00820316647473,0.0087548202784,-0.999928028001,0.0,0.644426755901,0.238567770673,0.303697769037,1.0,-0.04014,-0.0527554285714,1.246
0.451060588754,0.454778106455,-0.124328184827,-1.5009625454,0.0703933079269,1.94685697215,0.13879287369,-0.0327785917253,-0.197482266966,-0.00216047238356,-0.309072907258,-0.025630566872,0.1038839606,-0.0526827702765,0.573790187452,0.81898726702,0.00232897939075,0.0,0.818948101872,-0.573729146178,-0.0118160977742,0.0,-0.00834119085937,0.00868744146832,-0.999927473818,0.0,0.643763093969,0.237690079792,0.303621176619,1.0,-0.0414565714286,-0.0544857795918,1.262
0.450415500183,0.451221344896,-0.12437715886,-1.50628676529,0.0700317663758,1.94881298568,0.137936103712,-0.0410309646656,-0.217085052031,-0.00297545702152,-0.306386387072,-0.0169721014317,0.125831817048,-0.0588362831491,0.573796155249,0.818982673214,0.00246983768985,0.0,0.818945633643,-0.573734898175,-0.0117073760887,0.0,-0.00817126341212,0.00874047846097,-0.999928414683,0.0,0.643084353455,0.23674037758,0.303699685076,1.0,-0.0428554285714,-0.056324277551,1.279
0.449786559815,0.447800972682,-0.124404602683,-1.51145535688,0.0696782957099,1.95061544892,0.137189833222,-0.0383688158395,-0.217554034476,-0.00120026315272,-0.332560861451,-0.0243983293315,0.106857698143,-0.053337086561,0.573855996974,0.818940640785,0.0025036989804,0.0,0.81890410326,-0.573794677296,-0.0116826739804,0.0,-0.00813096391331,0.00875463044647,-0.999928619388,0.0,0.642396691757,0.235822483514,0.30374194432,1.0,-0.044172,-0.0580546285714,1.295
0.44906228933,0.443902800784,-0.124417802489,-1.51748162394,0.0692683015435,1.95266634474,0.136277885204,-0.039325482254,-0.218889567459,0.000461265693096,-0.336879867887,-0.0243222380563,0.128123506953,-0.0514061556651,0.573868197098,0.81893231168,0.00243066795501,0.0,0.818894684177,-0.573806989984,-0.0117380310964,0.0,-0.00821807690089,0.00872671182638,-0.999928151275,0.0,0.641569961813,0.234766299579,0.303721696446,1.0,-0.0456531428571,-0.0600012734694,1.313
0.448397269313,0.440384313223,-0.124415413346,-1.52291465706,0.0688801396304,1.95460791403,0.135375003202,-0.0416150875607,-0.217965228949,0.00128736934734,-0.343682272582,-0.0197308106527,0.126365217685,-0.0559462474978,0.573804831223,0.818976695225,0.0024362359577,0.0,0.818939239308,-0.573743717031,-0.0117224737374,0.0,-0.00820281565698,0.00872170920629,-0.999928320233,0.0,0.640838396469,0.233818961792,0.303710708574,1.0,-0.0469697142857,-0.0617316244898,1.329
0.447635810283,0.436527360348,-0.124427039633,-1.52886081758,0.0684971980493,1.95670426528,0.134428163113,-0.0505379100067,-0.233590287025,-0.00119398259987,-0.350501367505,-0.0210194039412,0.122453821105,-0.0582147061861,0.573817623189,0.818967705509,0.0024453124503,0.0,0.818930132442,-0.573756223967,-0.0117465117689,0.0,-0.00821715875895,0.00874306384382,-0.999928015977,0.0,0.640034947659,0.23275815087,0.30369747963,1.0,-0.0483685714286,-0.063570122449,1.346
0.446851349082,0.432515522602,-0.124451173106,-1.53485576186,0.068066782122,1.95888384771,0.133451984789,-0.0436618501017,-0.229901761286,-0.00302575923963,-0.351699212087,-0.0309764639965,0.127074891134,-0.0628894410238,0.573819324959,0.818966074912,0.00258792330784,0.0,0.818930666805,-0.57375775228,-0.0116340692047,0.0,-0.00804322178862,0.00879535283551,-0.999928971653,0.0,0.639243715898,0.231670823499,0.303769944558,1.0,-0.0497674285714,-0.0654086204082,1.363
0.446033040483,0.428459944999,-0.124482648961,-1.54117354804,0.0675990872133,1.96092847201,0.132472005461,-0.0486012726181,-0.23873382716,0.00133023594766,-0.37009820579,-0.0290789098067,0.123526779976,-0.0631855345009,0.573849943051,0.818945255993,0.0023785390315,0.0,0.818907139222,-0.573789130066,-0.0117421654782,0.0,-0.00825156974006,0.00868621082126,-0.999928228094,0.0,0.638347511045,0.230508053795,0.303703930151,1.0,-0.0511662857143,-0.0672471183673,1.38
0.445205854129,0.424267765147,-0.124527172911,-1.54752711555,0.0671407668592,1.9631008467,0.131398335892,-0.0495643236461,-0.249974384252,-0.00284105504883,-0.368625566141,-0.0277404694691,0.131196176457,-0.0570929197478,0.573822776611,0.818964330024,0.00236518331634,0.0,0.81892619439,-0.573762179247,-0.0117301623711,0.0,-0.00824969066549,0.00866811180215,-0.999928400658,0.0,0.637468442015,0.229340604601,0.303720660079,1.0,-0.0525651428571,-0.0690856163265,1.397
