position_joint1,position_joint2,position_joint3,position_joint4,position_joint5,position_joint6,position_joint7,velocity_joint1,velocity_joint2,velocity_joint3,velocity_joint4,velocity_joint5,velocity_joint6,velocity_joint7,ee_T_00,ee_T_10,ee_T_20,ee_T_30,ee_T_01,ee_T_11,ee_T_21,ee_T_31,ee_T_02,ee_T_12,ee_T_22,ee_T_32,ee_T_03,ee_T_13,ee_T_23,ee_T_33,v_x,v_y,time
0.465066926669,0.547787087798,-0.123994919079,-1.35582983955,0.0795646636196,1.89411330986,0.15914264045,-0.000523339432742,-0.00124536059153,0.00164535522196,-0.000298245284471,-0.00020318265258,9.61325003767e-05,-0.00157651992126,0.573819265412,0.81896779688,0.00198625715848,0.0,0.818924580042,-0.573760009821,-0.0119469759533,0.0,-0.00864472008676,0.00848216308271,-0.999926658173,0.0,0.661679796675,0.260893947851,0.303213143474,1.0,0.0,0.0,0.0
0.465064114494,0.547784240856,-0.123997729446,-1.35582947967,0.0795688771672,1.89410931714,0.159144613064,0.000120387666811,-0.00126816475673,0.00338640149868,0.00022076049444,-7.24270946452e-05,0.00243133726452,-0.0013663907543,0.573826211276,0.818962927286,0.00198743170492,0.0,0.818919697216,-0.573766921908,-0.0119497170041,0.0,-0.00864621911259,0.00848477116244,-0.999926623085,0.0,0.661680300851,0.260890952503,0.303215085636,1.0,-0.00028,-0.000368,0.015
0.46506627949,0.547783865388,-0.124000945388,-1.35583026951,0.0795652052778,1.89410931714,0.159149304561,0.000110492216567,-0.00202933905427,-0.000189763257592,0.000525597259873,-2.24132702177e-05,-0.00015147717494,0.00267592350156,0.573829596532,0.818960563067,0.00198423439654,0.0,0.818917340883,-0.573770368735,-0.011945696454,0.0,-0.00864472583063,0.00847988139622,-0.999926677475,0.0,0.661680509531,0.260889839803,0.30321507534,1.0,-0.0006,-0.000788571428571,0.031
0.465069319767,0.547751026385,-0.123995667512,-1.35586246704,0.079564798535,1.89411669623,0.159150567641,0.00141520552039,-0.00229580852924,0.000843569338686,-0.00214169509677,-8.05508597225e-06,-0.000261221689607,0.000990243996281,0.573826097266,0.818962991999,0.00199367340958,0.0,0.818919846577,-0.573766785071,-0.0119460509168,0.0,-0.00863963635847,0.00848777791405,-0.999926654465,0.0,0.661673487324,0.260891952339,0.30322347987,1.0,-0.00094,-0.00123542857143,0.048
0.465065183087,0.547647098837,-0.123997115388,-1.35598351894,0.0795654088805,1.89414509923,0.159145336514,0.000289930623442,-0.00640810275373,0.000589690316416,-0.0110522903268,-0.000156555442849,0.00500082131004,0.000941894701942,0.573832998394,0.818958120193,0.00200853811761,0.0,0.818915083534,-0.573773539748,-0.0119481356981,0.0,-0.00863274293271,0.00850122036804,-0.999926599807,0.0,0.661655527371,0.260877403322,0.303242003152,1.0,-0.00128,-0.00168228571429,0.065
0.465053223256,0.547527172572,-0.123995773679,-1.35616622837,0.0795613494619,1.89417856985,0.159146033353,-0.00228390205711,-0.00177510330988,0.000425978094272,-0.011622069827,-0.000161490740212,0.00197083827812,4.58156793266e-05,0.573851346504,0.818945311615,0.00198886894972,0.0,0.818901901606,-0.573791853052,-0.011972126744,0.0,-0.00866348706588,0.00849907325102,-0.999926352161,0.0,0.661626516946,0.260851762498,0.30324285021,1.0,-0.0016,-0.00210285714286,0.081
0.465031178859,0.547358203434,-0.123995627158,-1.35639016766,0.0795598971204,1.89429076982,0.159135228042,-0.00119235644149,-0.0106586737379,0.00148240342968,-0.0111843255052,0.000266357395653,0.00942779883968,-0.00210260383342,0.573872772341,0.818930163219,0.00204348644358,0.0,0.818887399074,-0.573812982539,-0.0119513852195,0.0,-0.00861493666175,0.00853212413788,-0.99992649016,0.0,0.661607814468,0.260820293617,0.303265691694,1.0,-0.00196,-0.002576,0.099
0.465014128791,0.54716940236,-0.123995636031,-1.35660603862,0.079559180166,1.89441795927,0.159131079369,-9.61899067657e-05,-0.00613015133673,0.000405009690483,-0.0151472533853,0.000217024313857,0.0129188086106,0.0017115847891,0.573895482933,0.818914015576,0.002134634261,0.0,0.818872401477,-0.573835278525,-0.0119084054445,0.0,-0.0085271958509,0.00858233841372,-0.999926812521,0.0,0.66159316414,0.260794401534,0.303307723157,1.0,-0.0023,-0.00302285714286,0.116
0.464988596177,0.546963191591,-0.124000924771,-1.35687217339,0.0795543924369,1.89453292566,0.159115689049,0.000734973731059,-0.0190493179696,-0.00122071742569,-0.0190660597095,3.68658885035e-06,0.00805467564411,0.000920593163849,0.573921168375,0.818895878011,0.00218640553718,0.0,0.81885489208,-0.573860705598,-0.0118871017479,0.0,-0.00847976966039,0.00861277401651,-0.999926954147,0.0,0.66156864329,0.260752604386,0.303337258962,1.0,-0.00262,-0.00344342857143,0.132
0.464946986938,0.546720146824,-0.123996585615,-1.35723302066,0.0795483173683,1.89465948069,0.159091844933,-0.00438182259656,-0.0141623904354,0.000769895570704,-0.0212668340801,-8.78600286217e-05,0.0126454693739,-0.00340888899234,0.573951209414,0.818874776433,0.00220377724467,0.0,0.818833847261,-0.57389050095,-0.0118983359799,0.0,-0.00847868362944,0.00863375795202,-0.999926782393,0.0,0.661527709531,0.260695556098,0.30334847636,1.0,-0.00296,-0.00389028571429,0.149
0.4649122358,0.546440726698,-0.12399814494,-1.35764135587,0.0795412567247,1.894813015,0.158959569477,0.000611245615947,-0.0237169840032,0.000395044767382,-0.0219933076483,-0.00148233921484,0.00910294571035,-0.00731780360259,0.573890085075,0.818917532499,0.00223430501663,0.0,0.818876833472,-0.573829091141,-0.0119017924956,0.0,-0.00846464029633,0.00866010805878,-0.999926673508,0.0,0.661478004656,0.260633327156,0.303365336138,1.0,-0.00332,-0.00436342857143,0.167
0.464871046679,0.546175194821,-0.123998232872,-1.3580888799,0.0795316883712,1.89496331418,0.158919648177,-0.00111329968118,-0.0165316616894,0.000159243535096,-0.0281047900652,0.000124760628082,0.0125897222051,-0.00463689752671,0.57391695603,0.818898746765,0.00221743738579,0.0,0.818857661302,-0.573855856315,-0.0119303646314,0.0,-0.00849743481719,0.00866297093442,-0.999926370557,0.0,0.661427363442,0.260567862265,0.303353432827,1.0,-0.00362,-0.00475771428571,0.182
0.464813891361,0.545840115564,-0.123998496351,-1.35866849031,0.0795132692063,1.89516960425,0.158866132247,-0.00499138452176,-0.018444560362,-0.000278438234743,-0.0341875185546,-0.000839435906714,0.0149720130987,-0.00378781747878,0.573947670665,0.818877286409,0.0021927251289,0.0,0.818835711919,-0.573886497933,-0.0119629126094,0.0,-0.00853794645187,0.00866173423371,-0.99992603618,0.0,0.661360235216,0.26047651824,0.303332702372,1.0,-0.00398,-0.00523085714286,0.2
0.464761493924,0.545499675762,-0.123996704272,-1.35924202744,0.0794631255858,1.89536309114,0.158780617334,-0.00253267947675,-0.0196123672535,0.000521325953958,-0.0388199265665,-0.00940401129956,0.0183081520231,-0.00164442872156,0.573937963609,0.818884201291,0.00215074542429,0.0,0.818842172489,-0.573877058938,-0.0119734990575,0.0,-0.00857081076843,0.00863333294046,-0.999926000645,0.0,0.661292095023,0.26038429942,0.303317393342,1.0,-0.0043,-0.00565142857143,0.216
0.464705003508,0.545133407518,-0.12399354985,-1.35989986272,0.0793765256677,1.89556375814,0.158715802118,-0.00328417131897,-0.0264799058549,0.00208923649954,-0.039441311819,-0.00348869066902,0.0121175579612,0.000323680980399,0.573946284916,0.818878625564,0.00205073791046,0.0,0.818835638927,-0.573886141597,-0.0119849825507,0.0,-0.00863752227076,0.00855811826725,-0.999926073178,0.0,0.661205711169,0.260264875563,0.303285706476,1.0,-0.00464,-0.00609828571429,0.233
0.464638151851,0.544671796431,-0.12400121172,-1.36065870571,0.0793623620597,1.89581588228,0.158599790752,-0.00545793089831,-0.0285193634598,-0.000661725810873,-0.0420419390902,0.000472132897529,0.0155461517038,-0.00617979428561,0.573946017851,0.818878875719,0.00202543695797,0.0,0.818835244397,-0.573885670835,-0.0120343776065,0.0,-0.00869249571448,0.00856574718821,-0.999925531474,0.0,0.661117339822,0.260157236608,0.303268407112,1.0,-0.00498,-0.00654514285714,0.25
0.464577056307,0.54421709227,-0.12400731797,-1.36142639034,0.0793363993853,1.8960937476,0.158540599444,-0.00768460079821,-0.0281066251056,-0.00183160638903,-0.0457505806189,-2.54212950585e-05,0.016649015315,-0.00283635869609,0.573987795584,0.818849645994,0.0020036659926,0.0,0.818805556992,-0.573927366297,-0.0120658590698,0.0,-0.00873033376781,0.00856643362879,-0.999925195946,0.0,0.661026887002,0.26004280158,0.303249103543,1.0,-0.00532,-0.006992,0.267
0.464507495887,0.543738943628,-0.124002028629,-1.36220230959,0.0793052592982,1.89636529183,0.15842412587,-0.0104604289714,-0.0343186840562,-0.000701043623794,-0.0478939911366,-0.00368382478111,0.0168825584534,-0.00805946843383,0.573980568483,0.818854742142,0.00199127516818,0.0,0.818810285592,-0.573919992391,-0.0120956787419,0.0,-0.00876193996234,0.0085733262127,-0.99992486042,0.0,0.660933672066,0.259927443245,0.303241486374,1.0,-0.00564,-0.00741257142857,0.283
0.464435483525,0.543195387715,-0.124004960397,-1.36305344509,0.0792597299927,1.89666161823,0.158326818662,-0.000259989878761,-0.0327596438923,0.00111417851381,-0.0460898932327,-0.00322290053273,0.0187328252678,-0.00415171321711,0.573997058206,0.818843199965,0.00198442497381,0.0,0.818798581224,-0.573936438931,-0.0121076155637,0.0,-0.00877547382442,0.00857474515898,-0.999924729569,0.0,0.660833021724,0.259796994442,0.303246682751,1.0,-0.00598,-0.00785942857143,0.3
0.464353345326,0.542598269343,-0.12400522482,-1.36400395163,0.0792074086751,1.89700037679,0.158187109003,-0.000746269119625,-0.0324383037794,0.000491796877947,-0.0484183727668,-0.00117314629457,0.0191841889555,-0.00605537607007,0.573988975775,0.818848889029,0.00197472169584,0.0,0.818804066705,-0.573928325247,-0.0121212510634,0.0,-0.00879229353012,0.00857453972464,-0.999924583578,0.0,0.660721609664,0.259652093263,0.303245988103,1.0,-0.00634,-0.00833257142857,0.318
0.464270943339,0.542063203424,-0.124010926723,-1.36483015903,0.0791603043532,1.89730421127,0.158078290107,-0.00123284897548,-0.0345411261616,-0.000988004935164,-0.0578577610145,0.00027428745671,0.0285101324081,-0.00992846984906,0.574004684592,0.818837851069,0.00198560421564,0.0,0.818793166775,-0.573943980061,-0.0121162987513,0.0,-0.00878182752344,0.00858077661337,-0.999924622048,0.0,0.660631137464,0.259516292966,0.303257645581,1.0,-0.00664,-0.00872685714286,0.333
0.464187888468,0.541384972307,-0.124013069439,-1.36586114729,0.0790979884831,1.89768495495,0.157936756496,-0.000139625990696,-0.0349142970674,-0.00030623796494,-0.0564205451102,-0.00157316801092,0.0168756007407,-0.00398592543125,0.573998889721,0.818841855909,0.00200910718634,0.0,0.818797483253,-0.573938087331,-0.012103727949,0.0,-0.00875810454207,0.00859274374893,-0.999924727347,0.0,0.660512598126,0.259362463136,0.303279524385,1.0,-0.007,-0.0092,0.351
0.464080000781,0.540663398309,-0.124012327815,-1.36698947331,0.0790299786992,1.89809774626,0.15781032924,-0.00720453205333,-0.0390243512851,-0.000354017398395,-0.0646707545394,-0.00170935146656,0.025498681998,-0.00435468001867,0.574027578936,0.818821732331,0.00201399709389,0.0,0.818777403848,-0.573966732185,-0.0121037264166,0.0,-0.00875499546225,0.00859705360281,-0.999924717528,0.0,0.66038501245,0.259184179371,0.303288291954,1.0,-0.00736,-0.00967314285714,0.369
0.464002095526,0.540058877004,-0.124018027738,-1.36790211073,0.0789753870908,1.89843907598,0.157699065841,-0.00515649701316,-0.0450287578287,0.000898825218974,-0.071940562685,-0.00390043320277,0.0240274305565,-0.00375926828547,0.57403968895,0.818813175786,0.00204097302403,0.0,0.81876920913,-0.573978732546,-0.0120889894768,0.0,-0.00872731678392,0.00861081141252,-0.99992484111,0.0,0.660274238303,0.259034358677,0.303310875733,1.0,-0.00766,-0.0100674285714,0.384
0.46388728499,0.539262843621,-0.124018002674,-1.36912317845,0.0789049748941,1.89890370562,0.157535672707,-0.00789185005696,-0.046181962006,0.000244164423969,-0.0691298845015,0.000190318813004,0.0258927718162,-0.0065192925322,0.57404924327,0.818806388974,0.00207619288501,0.0,0.818762880799,-0.573988132166,-0.012071290708,0.0,-0.00869250723647,0.0086295911102,-0.999924982424,0.0,0.660147635635,0.258853215571,0.303332441547,1.0,-0.008,-0.0105142857143,0.401
0.463780835267,0.538500451615,-0.124027016039,-1.37031418273,0.0788372932554,1.899359742,0.157374653907,-0.00726311523787,-0.0486552506068,-0.000567913286544,-0.07176430829,-0.00742418450212,0.0255937756354,-0.00794862698414,0.574058715129,0.818799691002,0.00209869033801,0.0,0.81875649507,-0.573997524887,-0.0120577819562,0.0,-0.00866843197454,0.00864035751611,-0.999925098449,0.0,0.660016432127,0.258666341302,0.303343943222,1.0,-0.00834,-0.0109611428571,0.418
0.463677096881,0.53776551796,-0.124032323592,-1.37146685527,0.0787669218694,1.89980664623,0.157247127672,-0.0138519030283,-0.047631903616,0.00074653688595,-0.0744682306768,-0.00799097056853,0.0246817771502,-0.00303711865235,0.574087889212,0.818779180924,0.00212019955033,0.0,0.818736320545,-0.574026658522,-0.0120407486124,0.0,-0.00864182960532,0.0086484988445,-0.999925258331,0.0,0.659889915656,0.258486553807,0.30335324963,1.0,-0.00866,-0.0113817142857,0.434
0.463568922803,0.536941242973,-0.124042114048,-1.37276170119,0.0786957240382,1.90027970573,0.157082004683,-0.00648994596666,-0.0483268581484,0.000616449997886,-0.0772786505926,-0.00611599711412,0.0282614817669,-0.00750682372947,0.574100411262,0.818770392472,0.00212346429878,0.0,0.81872753702,-0.574039127425,-0.0120435547347,0.0,-0.00864212083134,0.00865291501698,-0.999925217608,0.0,0.659739974582,0.258287189554,0.303360261404,1.0,-0.009,-0.0118285714286,0.451
0.463448043358,0.536033930362,-0.124050348952,-1.37416545657,0.0786190142486,1.90081331818,0.156907308928,-0.0126240247998,-0.0538491357481,-0.00136480650278,-0.0793972528643,-0.00864834350205,0.0331909621225,-0.0114488479378,0.574118923631,0.818757324968,0.00215667363831,0.0,0.818714880898,-0.574057475162,-0.0120293768339,0.0,-0.00861125156727,0.00867216064672,-0.999925317199,0.0,0.659581961545,0.258071735658,0.303379087075,1.0,-0.00936,-0.0123017142857,0.469
0.46334369293,0.535253362799,-0.124040108291,-1.37541446948,0.0785485382227,1.9012565828,0.156757763874,-0.0060418516418,-0.0518128519374,0.00188611941784,-0.0863941228651,-0.0101653079049,0.0235156753234,-0.0139262319336,0.574124354629,0.818753559904,0.00214020268188,0.0,0.818710758783,-0.574062832193,-0.0120542543722,0.0,-0.00864101923264,0.00867301495604,-0.999925052991,0.0,0.65942935193,0.257889518962,0.303373517855,1.0,-0.00966,-0.012696,0.484
0.463214887908,0.534294947541,-0.124045703933,-1.37697346377,0.0784626438514,1.90181179366,0.156575111579,-0.0115601613821,-0.0567995297847,0.000857420387804,-0.088010538555,-0.00126941104538,0.0264336912781,-0.00982226009911,0.574146615183,0.818738044018,0.00210391354036,0.0,0.818694662463,-0.574085138309,-0.0120851366781,0.0,-0.00868690291952,0.00866126985982,-0.99992475723,0.0,0.659242166131,0.257652636535,0.303355959689,1.0,-0.01002,-0.0131691428571,0.502
0.463094050314,0.53336289223,-0.124044342697,-1.37845928343,0.0783755283279,1.9023640328,0.156390694599,-0.00786065073339,-0.0523304173173,0.000115746172474,-0.0929987950159,-0.00517677358111,0.0395289185188,-0.0115929680987,0.574151626547,0.818734531427,0.00210325555993,0.0,0.818691092276,-0.574090103014,-0.0120911517928,0.0,-0.00869215264733,0.00866423787381,-0.999924685896,0.0,0.659066744687,0.257433008182,0.303353938701,1.0,-0.01036,-0.013616,0.519
0.462968341906,0.532484756102,-0.124049279071,-1.37989927455,0.0783021824633,1.90291020816,0.156216672717,-0.0131884401662,-0.0566533416749,-0.00149379075353,-0.0938962720169,-0.00247938274682,0.0365080355285,-0.0053427897407,0.574174771209,0.818718324259,0.00209392708281,0.0,0.81867465711,-0.574113179338,-0.0121082623452,0.0,-0.00871127284111,0.00866667065858,-0.999924498422,0.0,0.658900921129,0.257213064508,0.303335242309,1.0,-0.01068,-0.0140365714286,0.535
0.462841290028,0.531507399425,-0.124049696252,-1.38146382033,0.0782144586463,1.90348253569,0.15600774894,-0.00911698610952,-0.0516003934341,0.000339085253723,-0.095020842785,-0.00316726823609,0.0366414329454,-0.00628165193424,0.574169844741,0.81872180396,0.00208422917688,0.0,0.818677912722,-0.574108198897,-0.0121242765386,0.0,-0.00873000458019,0.00866787325334,-0.999924324633,0.0,0.658713610936,0.256980864833,0.303329110412,1.0,-0.01102,-0.0144834285714,0.552
0.462706348742,0.530487713724,-0.124047455403,-1.38309564088,0.0781064163353,1.90404938477,0.155786931548,-0.000180402123928,-0.058318326764,0.000403132985367,-0.0886092984694,-0.00420376159188,0.0330951205564,-0.0121474691621,0.574157514687,0.81873055821,0.00204163747361,0.0,0.818686097028,-0.574096044131,-0.012147162104,0.0,-0.0087733257266,0.00864601108144,-0.999924134746,0.0,0.658512712695,0.256733980115,0.303319971278,1.0,-0.01136,-0.0149302857143,0.569
0.462564343267,0.529499298592,-0.124049946301,-1.38464017119,0.0780110276239,1.90463079549,0.155583809348,-0.0105363112683,-0.0629535049968,0.000608703476288,-0.0939960537384,-0.00687769599044,0.0394230552739,-0.00154773310702,0.57416757604,0.818723454535,0.00206070838359,0.0,0.818679269147,-0.574106046481,-0.0121346019338,0.0,-0.00875198657444,0.00865452083828,-0.999924248131,0.0,0.658336058486,0.256492681948,0.303331545008,1.0,-0.01168,-0.0153508571429,0.585
0.462428872409,0.528408913732,-0.124058416305,-1.38633584011,0.0779074054609,1.90527575272,0.155359003975,-0.0114781029638,-0.0662977128171,-0.00150512941518,-0.098552059889,-0.00665653831191,0.0385719166859,-0.0155527162529,0.574164607915,0.818725459473,0.00209091607601,0.0,0.818681726245,-0.574103003819,-0.0121127626832,0.0,-0.00871679381859,0.00866668127977,-0.999924450217,0.0,0.658139113293,0.256238608444,0.303348456268,1.0,-0.01202,-0.0157977142857,0.602
0.462275664924,0.527218103335,-0.12406084529,-1.38819127092,0.0777902839755,1.90598636422,0.155081570569,-0.00918672269089,-0.0728136925917,-0.00162751136535,-0.105446394793,-0.00371826031176,0.0387379493498,-0.0135307961676,0.574133632511,0.81874709132,0.00212588232945,0.0,0.818703880602,-0.574071946945,-0.0120872874632,0.0,-0.00867618908812,0.00868035349498,-0.999924684767,0.0,0.657923876472,0.255961030834,0.303365227465,1.0,-0.01238,-0.0162708571429,0.62
0.462145565768,0.526189182111,-0.124061705379,-1.38978886591,0.0776918284079,1.90658356956,0.154877062538,-0.00911263078009,-0.0651866353185,0.000361839654195,-0.111745515313,-0.00368386426775,0.0349953929843,-0.0186784208572,0.574128259306,0.81875078623,0.00215379115581,0.0,0.818707974518,-0.574066489752,-0.0120691634483,0.0,-0.00864538418442,0.00869274115878,-0.999924843968,0.0,0.657721980231,0.25570942493,0.303383888937,1.0,-0.0127,-0.0166914285714,0.636
0.461979803016,0.524932398542,-0.124068039546,-1.39173812742,0.0775710250705,1.90727920389,0.154614958821,-0.00700884094957,-0.0680162015728,-0.000731928063732,-0.114392459075,-0.0069999030333,0.0377873347613,-0.0182848656764,0.574130945004,0.818748914874,0.00214925158458,0.0,0.818706008274,-0.574069158666,-0.0120755946383,0.0,-0.00865322755912,0.00869274510906,-0.999924776088,0.0,0.657498994352,0.255423523536,0.303397356592,1.0,-0.01304,-0.0171382857143,0.653
0.461828573893,0.523752294068,-0.124071979599,-1.39362923906,0.0774542372905,1.90796168567,0.154360182308,-0.0111104630537,-0.071660725667,-0.000886957384412,-0.110259101444,-0.00352236581171,0.0426036804598,-0.0135828062973,0.574119033728,0.818757337177,0.00212245885537,0.0,0.818714054847,-0.574057337847,-0.0120919874437,0.0,-0.00868215751882,0.00868009416147,-0.999924635213,0.0,0.657267525979,0.255140268678,0.303386323042,1.0,-0.01338,-0.0175851428571,0.67
0.461685779981,0.522609323882,-0.124075173463,-1.39544275972,0.0773427056285,1.90866964213,0.154110915977,-0.00992415872172,-0.0702536880217,0.000149767863796,-0.114330827007,-0.00886769738742,0.0411017729492,-0.0231719336059,0.57410156239,0.818769515156,0.00215035229479,0.0,0.818726651534,-0.574039803862,-0.0120714767387,0.0,-0.00864953587743,0.00869097171813,-0.999924823444,0.0,0.657055238074,0.254874285809,0.303387996215,1.0,-0.0137,-0.0180057142857,0.686
0.46151976643,0.521372853173,-0.124078033269,-1.39742758213,0.0772185033051,1.90944184988,0.153843035137,-0.0129035885323,-0.0667348572579,-5.23998695946e-05,-0.122512716774,-0.00285575585243,0.0405441035696,-0.0207954156287,0.574093140424,0.818775381761,0.00216500401454,0.0,0.818732776505,-0.574031388208,-0.0120562402987,0.0,-0.00862873862318,0.00869413199173,-0.999924975655,0.0,0.656823791376,0.254576484142,0.303379094696,1.0,-0.01404,-0.0184525714286,0.703
0.461355625943,0.520080322135,-0.124083995322,-1.39945307793,0.0770974085758,1.91018490835,0.153560069631,-0.00958052559929,-0.0749906936391,-0.00074910529642,-0.122347729877,-0.00856227907038,0.0396732440689,-0.018858088433,0.574075430828,0.818787776988,0.00217321765519,0.0,0.818745246966,-0.574013613855,-0.0120556451964,0.0,-0.00862372444397,0.00870032884412,-0.999924965012,0.0,0.656577761801,0.254272614099,0.303387400461,1.0,-0.01438,-0.0188994285714,0.72
0.461195767998,0.518812072202,-0.124084373155,-1.40141755613,0.0769696011785,1.91087445974,0.153308975049,-0.00619367025646,-0.0850415676394,-0.00144675385478,-0.125795510638,-0.0153068359776,0.0397677905551,-0.0208375158322,0.574070670543,0.818791138232,0.00216427276629,0.0,0.818748483064,-0.574008883639,-0.0120610897075,0.0,-0.00863336779454,0.00869608032669,-0.999924918755,0.0,0.65633213446,0.25397711233,0.303402470285,1.0,-0.0147,-0.01932,0.736
0.461001973298,0.517387441963,-0.124086568957,-1.40366488546,0.0768205513398,1.91168446491,0.153001313568,-0.0094722863132,-0.0768690543634,0.000603176485223,-0.128835747501,-0.015006394974,0.046508872219,-0.0175084313686,0.574057758955,0.818800237695,0.00214640068371,0.0,0.818757396621,-0.573996097342,-0.0120645188828,0.0,-0.00864657178643,0.00868327928866,-0.99992491591,0.0,0.656057184537,0.253631547131,0.303402784109,1.0,-0.01506,-0.0197931428571,0.754
0.46081906704,0.51603246556,-0.124087614409,-1.40581371467,0.0766904269107,1.91249152597,0.152710806149,-0.0108189099622,-0.0823988438214,0.000282561017604,-0.131683804523,-0.00584370915459,0.0526224997111,-0.0234100311745,0.574049051476,0.818806316259,0.00215635217253,0.0,0.818763582407,-0.573987325851,-0.0120620391331,0.0,-0.00863892133802,0.00868991206065,-0.999924924415,0.0,0.655798266141,0.253307438544,0.303400424477,1.0,-0.0154,-0.02024,0.771
0.460643375142,0.514737786223,-0.12409644467,-1.4079000546,0.0765652401243,1.91326898618,0.15242162531,-0.00683660877929,-0.0837185577168,-0.000231495897751,-0.140037183323,-0.00539042390393,0.0486604966319,-0.0142747305845,0.574038781654,0.818813554704,0.00214165642182,0.0,0.818770616189,-0.573977107056,-0.0120708550625,0.0,-0.00865468461426,0.00868283145319,-0.999924849612,0.0,0.655545560745,0.25298899265,0.303382838073,1.0,-0.01572,-0.0206605714286,0.787
0.460449468445,0.513348126239,-0.124091589011,-1.41015650405,0.076431256493,1.91404642966,0.152112536308,-0.0116403562336,-0.0807389191692,0.000676232651709,-0.134115202672,-0.00821046821526,0.0556321177201,-0.0166544328827,0.574023222347,0.818824647924,0.00206955526431,0.0,0.818780564797,-0.573961659316,-0.0121304264963,0.0,-0.00874501520009,0.008657824824,-0.999924280523,0.0,0.655256077011,0.252646363811,0.303350033134,1.0,-0.01606,-0.0211074285714,0.804
0.460246164536,0.511908605247,-0.124100969323,-1.41245069475,0.0762855375625,1.91486625941,0.151782752676,-0.0105117561254,-0.0818569472476,0.000134487140965,-0.136491193944,-0.00894445150381,0.048516634914,-0.0245201794273,0.574007048653,0.818836072685,0.0020349614146,0.0,0.818791538348,-0.573945640763,-0.0121476367785,0.0,-0.00877913498464,0.00863920465393,-0.999924142589,0.0,0.654972737161,0.252286483833,0.303337830909,1.0,-0.0164,-0.0215542857143,0.821
0.460055120211,0.510537507865,-0.124102888444,-1.41464915978,0.0761467640717,1.91570429025,0.15147904538,-0.0108609031164,-0.0898249655998,0.000672608464783,-0.140458351517,-0.0172062666816,0.0531021456457,-0.0191255132687,0.573993766401,0.818845373986,0.00203875822796,0.0,0.818800929808,-0.57393238336,-0.0121409874902,0.0,-0.00877165095456,0.00863835458513,-0.999924215613,0.0,0.654708023269,0.251951810293,0.30332418794,1.0,-0.01672,-0.0219748571429,0.837
0.45985794885,0.509040788112,-0.124111821064,-1.41701656422,0.0760003375544,1.91656903097,0.151153417839,-0.010082110797,-0.0940540871897,8.52978228714e-05,-0.144823708591,-0.0136427856638,0.051178440326,-0.0136112986087,0.573978675486,0.818855973012,0.00203038206497,0.0,0.818811411758,-0.573917323866,-0.0121459557677,0.0,-0.00878068604257,0.00863418584391,-0.999924172319,0.0,0.654414264478,0.251591320392,0.303320119023,1.0,-0.01706,-0.0224217142857,0.854
0.45962890738,0.507428481439,-0.124113184619,-1.41953725683,0.07583602537,1.91746991288,0.150796530057,-0.0140520051619,-0.0959166123659,0.000286497599784,-0.144740237247,-0.0118301690326,0.0476691167103,-0.01702970989,0.573961096391,0.818868322164,0.00201932829662,0.0,0.81882361679,-0.573899796291,-0.0121513499131,0.0,-0.00879163268345,0.00862804193462,-0.999924129165,0.0,0.654100352302,0.251197428779,0.303326260712,1.0,-0.01742,-0.0228948571429,0.872
0.459431973759,0.50595220359,-0.124115643024,-1.42182748357,0.0756984692958,1.91832875198,0.150481104039,-0.0159615582048,-0.0938681910328,-0.00233785017743,-0.145419478094,-0.0066774045021,0.0553546391096,-0.0191247364275,0.573957566736,0.818870701753,0.00205725515742,0.0,0.818826519766,-0.573896127206,-0.0121289986037,0.0,-0.00875159932603,0.00864623207309,-0.999924323227,0.0,0.653805837608,0.250820562697,0.303342067413,1.0,-0.01776,-0.0233417142857,0.889
0.459197568708,0.504314502548,-0.124125528353,-1.42429231288,0.0755479770407,1.91928363833,0.150147304172,-0.0159494669127,-0.0976380818309,-0.00165502333344,-0.146569832132,-0.0098281316316,0.0534027280121,-0.0207458475423,0.573959603082,0.818868999591,0.00216389449692,0.0,0.818826238716,-0.573897730557,-0.0120719738864,0.0,-0.00864367745604,0.00870084645037,-0.999924788227,0.0,0.653530819777,0.250461447089,0.303397035025,1.0,-0.01808,-0.0237622857143,0.905
0.458957617633,0.502535710744,-0.124131145551,-1.42690621613,0.0753792302451,1.92027343555,0.149769495113,-0.00887621691701,-0.104034998117,-0.000510407305341,-0.138318660987,-0.00935507227487,0.0526128566452,-0.0121775094318,0.573939288296,0.818882891939,0.00229118770552,0.0,0.818841915662,-0.573877012289,-0.0119932823723,0.0,-0.00850639757234,0.00875970513048,-0.999925451604,0.0,0.653217391452,0.250054587548,0.303480970436,1.0,-0.01844,-0.0242354285714,0.923
0.45875417023,0.501023917248,-0.124132634329,-1.42918373361,0.0752377270373,1.92106932683,0.149454018378,-0.0133351262897,-0.100115850224,0.000194236838359,-0.151451432087,-0.0102974429729,0.0430712017912,-0.0215205423999,0.573926548345,0.818891742991,0.00231889337761,0.0,0.818851051269,-0.573864081495,-0.0119882737386,0.0,-0.00848653215106,0.00877938587783,-0.999925447799,0.0,0.652926527141,0.2497018194,0.303521121599,1.0,-0.01874,-0.0246297142857,0.938
0.458508051124,0.499320010111,-0.124135154969,-1.43179104181,0.0750632208914,1.92201098411,0.149086551536,-0.0148521908091,-0.0920430798605,-0.00140259269132,-0.15252967756,-0.0061980612691,0.0589184081924,-0.0207269810761,0.57391441544,0.81890017284,0.00234469074712,0.0,0.8188598816,-0.57385191193,-0.0119676389097,0.0,-0.00845495908764,0.0087885428833,-0.999925634825,0.0,0.652601981712,0.249288659926,0.303550452264,1.0,-0.01908,-0.0250765714286,0.955
0.458237190469,0.497552755187,-0.12413245124,-1.43458674019,0.0748949543397,1.92305030048,0.148687044839,-0.0150272762879,-0.100279412682,0.000509725627163,-0.160226899006,-0.00724221879433,0.0532527942412,-0.0170997176437,0.573903889011,0.818907518764,0.00235558705404,0.0,0.81886727441,-0.573841243819,-0.0119733326094,0.0,-0.0084534818492,0.00880062473882,-0.999925541052,0.0,0.652256530843,0.248848578936,0.303542057222,1.0,-0.01944,-0.0255497142857,0.973
0.458001404941,0.496075897918,-0.124130851063,-1.43696572722,0.0747456568215,1.92388350536,0.148329898841,-0.0123697569122,-0.0965671634298,0.000329596457047,-0.158464231439,-0.00753697950993,0.0558671789409,-0.0174499903126,0.573883197405,0.81892218643,0.00229678267497,0.0,0.818881054568,-0.573820670228,-0.0120168128219,0.0,-0.00852305735136,0.00877720777228,-0.999925156258,0.0,0.651952322541,0.248465649906,0.303511174513,1.0,-0.01974,-0.025944,0.988
0.457712122499,0.4942976679,-0.124134574879,-1.43987696892,0.0745686374833,1.92488962266,0.147921936117,-0.0203474332308,-0.103685088943,0.000871458268611,-0.16054482029,-0.00421779083921,0.0507704129522,-0.0179062483395,0.573887425092,0.818919515905,0.00219013547161,0.0,0.818876785436,-0.573825134973,-0.0120942816057,0.0,-0.00864765494934,0.00873437538751,-0.999924461522,0.0,0.651576379351,0.247993022894,0.303451566034,1.0,-0.0229057142857,-0.0301046530612,1.006
0.457405503239,0.491996503727,-0.12421373299,-1.44335268764,0.0743744217646,1.92619221884,0.147416525884,-0.0159831386305,-0.146750955798,-0.00167141875614,-0.224303827603,-0.00669157470502,0.0877126507759,-0.0411971679857,0.573904103833,0.818907544902,0.00229333990682,0.0,0.818866331634,-0.573841550623,-0.0120230028119,0.0,-0.00852987821339,0.00877815849759,-0.99992508975,0.0,0.651156880413,0.247422106576,0.303514163044,1.0,-0.0328531428571,-0.0431784163265,1.023
0.45702950544,0.489165740186,-0.124238053475,-1.44786818536,0.0741349105331,1.92789523435,0.146743026324,-0.026843085408,-0.19379542793,-9.32302831395e-05,-0.306564364869,-0.0168495080384,0.115162479465,-0.0447180300378,0.573839967765,0.818952407176,0.00232230017075,0.0,0.818911271454,-0.573776993121,-0.0120431952279,0.0,-0.00853048555114,0.00881279422048,-0.999924779908,0.0,0.650582912181,0.2467419031,0.303482158223,1.0,-0.0422154285714,-0.0554831346939,1.039
0.456444544104,0.485286756954,-0.124310798756,-1.45396442321,0.0737754475027,1.93019356056,0.145834703873,-0.0400256339504,-0.252633527884,-0.00442334924554,-0.382571855189,-0.0302335180473,0.141082200789,-0.0675059340776,0.57383354934,0.818956732098,0.00238233155924,0.0,0.818916485401,-0.573770438648,-0.0120008572156,0.0,-0.00846143429273,0.00883759522978,-0.999925147719,0.0,0.649833661851,0.245745364047,0.303476723637,1.0,-0.0521628571429,-0.0685568979592,1.056
0.455724855992,0.480579228033,-0.124447143841,-1.46142897016,0.0733198496972,1.93280319591,0.144698694378,-0.0482255501664,-0.296056316049,-0.00799863725987,-0.468846095558,-0.0310407951283,0.16781378898,-0.0743282327305,0.573834083462,0.818956767708,0.00223700322145,0.0,0.818914715627,-0.573771668528,-0.0120626624204,0.0,-0.00859543544365,0.00875405023365,-0.999924739715,0.0,0.648877401568,0.24447974486,0.303419908654,1.0,-0.0621102857143,-0.0816306612245,1.073
0.454899498283,0.475332500887,-0.124574097193,-1.46961400152,0.0728259991323,1.93570392345,0.143512081456,-0.05686135494,-0.339996068115,-0.00530116781782,-0.535926822565,-0.0374361839646,0.188511267568,-0.0820592457019,0.573893914783,0.818914962045,0.00219235381055,0.0,0.818872351703,-0.573831706457,-0.0120826810785,0.0,-0.00863681247395,0.00872960313774,-0.999924596907,0.0,0.647831126072,0.243087606642,0.303412857551,1.0,-0.0714725714286,-0.0939353795918,1.089
0.453804853311,0.468576649241,-0.124677640081,-1.47995121076,0.072223547088,1.93949645273,0.14194187075,-0.0629064268775,-0.402094078623,-0.00279807929943,-0.585777805732,-0.037297043891,0.229737470458,-0.0948500254847,0.573912894174,0.8189011378,0.00237977151622,0.0,0.818860795032,-0.573849718177,-0.0120102543385,0.0,-0.00846974279791,0.00884171165327,-0.999925040987,0.0,0.646521089872,0.241344529594,0.30349326575,1.0,-0.0820051428571,-0.107778187755,1.107
0.452595719364,0.461397244302,-0.124715663341,-1.49100446709,0.071529206536,1.94346891805,0.140172500263,-0.077009722976,-0.429127221525,-0.00105613959592,-0.682819625643,-0.0456057630379,0.240875850918,-0.101645849812,0.573813915058,0.818970241362,0.00246608015865,0.0,0.81893075375,-0.573750117312,-0.0119987644463,0.0,-0.00841187918902,0.00890477833048,-0.999924969791,0.0,0.645077381374,0.2394877574,0.303527457502,1.0,-0.0919525714286,-0.12085195102,1.124
0.451197140456,0.453465419421,-0.124838390152,-1.50337879037,0.0707090367665,1.9476608545,0.138294513589,-0.0844470432317,-0.493334023082,-0.0107021976342,-0.738606540098,-0.0477711295998,0.257986979178,-0.127159117511,0.573857874223,0.818940125181,0.00222676064375,0.0,0.818897374873,-0.573794926088,-0.0121333887378,0.0,-0.00865898164501,0.00878649828114,-0.999923906847,0.0,0.643411765244,0.237312571251,0.303459305733,1.0,-0.1019,-0.133925714286,1.141
0.449672228389,0.44459064555,-0.124956590674,-1.51656500033,0.0698006963575,1.95251701065,0.136234428406,-0.0974360977327,-0.527923306561,-0.00064765197433,-0.792633743197,-0.0522086019465,0.281453380939,-0.126182259822,0.573854429582,0.818941315529,0.00263861136389,0.0,0.818904835391,-0.57379077635,-0.0118221170193,0.0,-0.00816776645596,0.00894511804441,-0.999926633536,0.0,0.641703236901,0.235009976446,0.30369104617,1.0,-0.111847428571,-0.146999477551,1.158
0.447944330419,0.43515390302,-0.125001977535,-1.53098292365,0.0688563370817,1.95745894028,0.133918423824,-0.101363439312,-0.576579077069,-0.00246602382875,-0.870811258336,-0.0620097394393,0.299466457575,-0.137203245576,0.573784693483,0.818990263807,0.0026115539709,0.0,0.818952827843,-0.573720493162,-0.0119083330217,0.0,-0.00825466569874,0.00897173145592,-0.999925681503,0.0,0.639712056547,0.232490377206,0.303707496857,1.0,-0.121794857143,-0.160073240816,1.175
0.446275375332,0.426191228028,-0.125100078099,-1.54444120336,0.0679226413946,1.9622659632,0.13169335047,-0.11358580898,-0.598259021256,-0.00556233165184,-0.914808819616,-0.0687043126796,0.318445776715,-0.148152892056,0.57372549379,0.819030981874,0.00283820494063,0.0,0.818996929231,-0.573660947464,-0.011742834684,0.0,-0.00798973191299,0.00906181922658,-0.999927021145,0.0,0.637890537618,0.230082614247,0.303825834001,1.0,-0.130572,-0.171608914286,1.19
0.444039835215,0.414763145824,-0.125227477583,-1.56161459421,0.0666710794613,1.96824907819,0.128866573992,-0.128285336547,-0.650050551149,-0.00714952143702,-0.96080185881,-0.0785016440754,0.347957581155,-0.15634717184,0.57370838462,0.819042497804,0.00297037192232,0.0,0.819010833794,-0.573644165488,-0.0115919122489,0.0,-0.007790482231,0.00908331891778,-0.999928398289,0.0,0.635515773925,0.226932968769,0.303929407129,1.0,-0.141104571429,-0.185451722449,1.208
0.441859176086,0.404047735212,-0.125320103712,-1.5779304566,0.065566724011,1.97380204465,0.126140207372,-0.14645512022,-0.673879285323,-0.00448122658443,-1.04207809464,-0.0688314421097,0.338383767756,-0.17220791693,0.573690184193,0.819055539008,0.00288850858454,0.0,0.819022206021,-0.57362554197,-0.0117094212057,0.0,-0.00793389674689,0.00908350756697,-0.999927268941,0.0,0.633024398101,0.223737108029,0.30387425162,1.0,-0.151052,-0.198525485714,1.225
0.439423771081,0.392625811716,-0.125436559673,-1.59487848977,0.0644013025858,1.97961522377,0.123223666874,-0.155554589176,-0.717494620389,-0.00302190661207,-1.09074945893,-0.082908406025,0.366288810504,-0.18810671924,0.573728092287,0.819027972562,0.00316278105534,0.0,0.818998087974,-0.573662402042,-0.0115899645533,0.0,-0.00767828442361,0.00923997778808,-0.999927830775,0.0,0.630767895588,0.220720271037,0.304019884012,1.0,-0.159829142857,-0.210061159184,1.24
0.436645348063,0.380070832785,-0.125587873465,-1.61378628225,0.0629193779009,1.98589715871,0.119869479287,-0.17001931169,-0.761922557583,-0.0118334037477,-1.11004321218,-0.0863009013511,0.385104477657,-0.192974485402,0.573660962176,0.819075548524,0.00301549100156,0.0,0.81904448423,-0.573596620467,-0.011567054136,0.0,-0.00774476487445,0.00910556398761,-0.999928551108,0.0,0.627822598458,0.216833373837,0.303993995891,1.0,-0.170361714286,-0.223903967347,1.258
0.433393940438,0.366061725875,-0.125725399381,-1.63472182,0.0613710465676,1.99278356313,0.116175542701,-0.188317263523,-0.789578971857,-0.012930406941,-1.16794811239,-0.0880073313669,0.391015871378,-0.199056252482,0.573734779951,0.819024133863,0.00293552819283,0.0,0.818991671905,-0.573670271157,-0.0116536793392,0.0,-0.00786077071692,0.00909046931356,-0.999927783218,0.0,0.624857590546,0.212942391978,0.303961482682,1.0,-0.180309142857,-0.236977730612,1.275
0.430421942772,0.353890570096,-0.125904815602,-1.65273956575,0.0599435184335,1.99871459433,0.112836791427,-0.201059015799,-0.787797139075,-0.00758341148084,-1.21825158931,-0.097647283924,0.388219211956,-0.230636299705,0.573790054878,0.818985452401,0.00292379548598,0.0,0.818953445202,-0.5737262801,-0.011582616922,0.0,-0.00780868679336,0.00904061684554,-0.999928643283,0.0,0.622152090367,0.209266002901,0.303979397604,1.0,-0.189086285714,-0.248513404082,1.29
0.42656680514,0.338591298902,-0.126093719393,-1.67507309409,0.0582942252638,2.00597594493,0.108597948777,-0.219217805001,-0.864910066262,-0.00844174850685,-1.2544241071,-0.0937125039721,0.409428694165,-0.241885203588,0.573895221383,0.818911086368,0.00310715283579,0.0,0.818880960699,-0.573830261393,-0.0115563928499,0.0,-0.00768082777898,0.00917672361255,-0.99992839375,0.0,0.618724613756,0.204667758511,0.304078592109,1.0,-0.199618857143,-0.262356212245,1.308
0.422740933742,0.323676942,-0.126207609663,-1.69686252523,0.0565119275203,2.01296374498,0.104355736694,-0.227751054695,-0.884918522733,-0.00765702457693,-1.29539602209,-0.104248312884,0.406666622445,-0.249985588341,0.573808766653,0.818971593375,0.00312657298154,0.0,0.818941977113,-0.573744066085,-0.0115122393735,0.0,-0.00763449131529,0.00916648221858,-0.999928842541,0.0,0.61527702635,0.20018651721,0.304099028802,1.0,-0.209566285714,-0.27542997551,1.325
0.418899488935,0.30915263217,-0.126325504817,-1.71792015274,0.0547860805963,2.01962108191,0.100124452729,-0.249794353162,-0.940319082876,-0.0101605119049,-1.32202819314,-0.104495302802,0.43576117936,-0.266321855452,0.573701412258,0.819046615496,0.00317460540116,0.0,0.819017641463,-0.573636603112,-0.0114846612441,0.0,-0.0075855491089,0.00918900112003,-0.999929008332,0.0,0.611874459312,0.195792583159,0.304126604304,1.0,-0.218928571429,-0.287734693878,1.341
0.414187341294,0.292273141148,-0.126466655617,-1.74226313762,0.0527337008456,2.02704321997,0.095114517885,-0.277079075512,-0.953163780988,-0.017409309475,-1.34911010142,-0.108713874212,0.420239295943,-0.278260695628,0.573636847369,0.81909221191,0.00307613873674,0.0,0.819061758627,-0.573572108174,-0.0115593763479,0.0,-0.00770395608588,0.00915060798683,-0.999928455158,0.0,0.607839351421,0.190567822734,0.304122217848,1.0,-0.229461142857,-0.301577502041,1.359
0.409673760719,0.276838036467,-0.126620024394,-1.76447985645,0.0508959658425,2.03371819415,0.0903826749009,-0.294420242626,-0.964148502147,-0.00929766432806,-1.3763210731,-0.118135114164,0.398426807367,-0.299979738631,0.573614517583,0.819108209473,0.00297880726881,0.0,0.819075722414,-0.573549197242,-0.0117058188773,0.0,-0.0078799915375,0.00915467261967,-0.99992704619,0.0,0.603851166588,0.185394414375,0.304072580338,1.0,-0.239408571429,-0.314651265306,1.376
0.404769916351,0.260804999697,-0.126841808906,-1.78709720613,0.0488570464065,2.04054206124,0.085423872567,-0.316772324119,-0.998735046097,-0.0199880536336,-1.43762642445,-0.135718062902,0.423808274996,-0.311861285672,0.57366311626,0.819073866991,0.0030620836403,0.0,0.819043177656,-0.573598354583,-0.0115735757965,0.0,-0.00772335604345,0.0091474883902,-0.999928334046,0.0,0.600248442341,0.180555270334,0.304140337112,1.0,-0.248185714286,-0.326186938775,1.391
0.39883840728,0.242398300993,-0.127059754672,-1.81302667632,0.0465088869069,2.04807665775,0.0795781849265,-0.334453865694,-1.0200647147,-0.016521321311,-1.47860800152,-0.144640495319,0.419910172695,-0.333319286034,0.573757043349,0.819008342299,0.00298954044825,0.0,0.818976703741,-0.573692494639,-0.0116115125945,0.0,-0.00779499884189,0.00911072652675,-0.999928113744,0.0,0.595720356032,0.174540972572,0.304133080641,1.0,-0.258718285714,-0.340029746939,1.409
