position_joint1,position_joint2,position_joint3,position_joint4,position_joint5,position_joint6,position_joint7,velocity_joint1,velocity_joint2,velocity_joint3,velocity_joint4,velocity_joint5,velocity_joint6,velocity_joint7,ee_T_00,ee_T_10,ee_T_20,ee_T_30,ee_T_01,ee_T_11,ee_T_21,ee_T_31,ee_T_02,ee_T_12,ee_T_22,ee_T_32,ee_T_03,ee_T_13,ee_T_23,ee_T_33,v_x,v_y,time
0.465054590426,0.547770130137,-0.123919357596,-1.3558384223,0.0795688771755,1.89409872818,0.159158989938,-0.000258805543888,-0.000128984262943,-0.00109889442444,0.00114344026948,-3.03300959297e-05,0.000130617278683,0.000572011346251,0.573791416886,0.818987267517,0.00200311123006,0.0,0.818943817535,-0.573731649209,-0.0119902175789,0.0,-0.00867075416119,0.00852048353676,-0.999926106961,0.0,0.661660995334,0.260928410015,0.303217312323,1.0,0.0,0.0,0.0
0.46505738632,0.547768542188,-0.123914630279,-1.35584371234,0.0795695892523,1.89409978782,0.159160613202,0.000716051107646,-0.000522240871506,-0.000270737773368,-0.0015920505843,0.000184939354775,2.38985888252e-05,0.00115202359206,0.57378763558,0.81898991809,0.00200255413319,0.0,0.818946425568,-0.573727836072,-0.0119945432081,0.0,-0.00867465592406,0.00852246922054,-0.999926056198,0.0,0.661658180068,0.260932575465,0.303215856469,1.0,-8e-05,-0.000105142857143,0.005
0.465054194227,0.547770351393,-0.123916845346,-1.35584152207,0.0795701996038,1.89410015411,0.159163966469,-0.00235146495514,0.00257401680371,0.000210003592218,-0.00346157118741,0.000432897260523,-0.000152970237221,0.00137442603458,0.573794591645,0.818985043972,0.00200281084957,0.0,0.818941563949,-0.573734799174,-0.0119934129904,0.0,-0.00867351057667,0.0085221046356,-0.999926069241,0.0,0.661660014956,0.260929541663,0.303215723484,1.0,-0.00036,-0.000473142857143,0.019
0.46505416761,0.547759020716,-0.12391194903,-1.35585249111,0.0795688771755,1.89410185127,0.159152974142,-0.000401289193177,-0.000214008663739,0.00106815120949,-0.00309568063699,-0.00026389802609,-0.000250176910718,-0.00108622248987,0.573782430258,0.81899355714,0.00200573995842,0.0,0.818950092368,-0.573722604352,-0.0119944307094,0.0,-0.00867279009807,0.0085249586581,-0.999926051162,0.0,0.661657095302,0.260931105868,0.303218512557,1.0,-0.0007,-0.00092,0.036
0.465056268588,0.547706745923,-0.123912574589,-1.35590102976,0.0795700665485,1.89410522089,0.159155614968,-1.00111053226e-05,-0.00379956904876,0.000439860748303,-0.00529024194713,0.000288833634067,-0.00396181554915,0.000588335741353,0.57378620405,0.81899089053,0.00201498700207,0.0,0.818947494363,-0.573726287397,-0.0119956461488,0.0,-0.0086684408044,0.00853326911724,-0.999926017989,0.0,0.661647552332,0.260927482557,0.303232757982,1.0,-0.00104,-0.00136685714286,0.053
0.465056534607,0.547584611014,-0.123917191705,-1.35603098503,0.0795654497777,1.8941297956,0.15914580215,0.000319699944723,-0.00922675638009,-0.000684593575256,-0.00926961804062,-0.000161690781834,0.00175940195561,-0.00134137576629,0.573786999372,0.818990291716,0.002031828556,0.0,0.818947080818,-0.573726977614,-0.0119908664912,0.0,-0.00865485502185,0.00854432787328,-0.999926041238,0.0,0.661627141603,0.260912089514,0.303259703126,1.0,-0.00136,-0.00178742857143,0.069
0.465046004801,0.547449982316,-0.12391992763,-1.35623237248,0.0795634968941,1.89417040851,0.159146038601,0.000348766700969,-0.00740438663984,-0.00107357832194,-0.00829017706636,0.000114011114628,0.0111583853155,-0.00130678726656,0.573808245812,0.818975445929,0.00201566491389,0.0,0.818931898186,-0.573748165633,-0.0120139696644,0.0,-0.00868282928781,0.00854457166191,-0.999925796632,0.0,0.661596105928,0.260883839426,0.303262832579,1.0,-0.0017,-0.00223428571429,0.086
0.465027198151,0.547279329958,-0.12391500206,-1.35643663888,0.0795605128266,1.89429254286,0.159139768136,-0.0017638698767,-0.0152438330936,-6.72327173881e-05,-0.00901182052332,0.000611213411309,0.00588578267594,-0.00493654041129,0.573825824975,0.818962908798,0.00210321330968,0.0,0.818920463788,-0.573765335671,-0.0119733233908,0.0,-0.00859912242125,0.00859313203585,-0.999926103857,0.0,0.66158143769,0.260857768656,0.3033007837,1.0,-0.00206,-0.00270742857143,0.104
0.465011534205,0.547086396689,-0.123917300223,-1.35665973183,0.0795590677415,1.89442264336,0.159125349259,-0.00277818729212,-0.0120744285583,0.00224217401686,-0.0105529148678,0.000341269433678,0.0127965141112,-0.00115433148587,0.573840946745,0.818952094681,0.00218663164024,0.0,0.818910720522,-0.573780096112,-0.0119323099412,0.0,-0.00851750849647,0.00863807043516,-0.999926415187,0.0,0.66156667161,0.260833048236,0.303338775214,1.0,-0.00238,-0.003128,0.12
0.464985629551,0.546877237557,-0.123915040102,-1.35696153679,0.0795523481586,1.89455437789,0.159108062406,-0.000811021875537,-0.0133620397679,-0.00078161856152,-0.0219051114127,-0.000985511582348,0.00966325866754,-0.00407900262313,0.573861649248,0.818937481874,0.00222602888282,0.0,0.818896539042,-0.573800553131,-0.0119218485309,0.0,-0.00848611539493,0.00866454582732,-0.999926453041,0.0,0.661535858172,0.260792004114,0.3033546217,1.0,-0.00272,-0.00357485714286,0.137
0.464952747743,0.546627374849,-0.123909990222,-1.35735403077,0.079544121339,1.89469374277,0.159066608752,0.000108201500201,-0.0127573010613,0.000639412816114,-0.0241999865395,0.0002569569325,0.00972621619388,-0.0016639160503,0.573870851747,0.818931014498,0.00223291494123,0.0,0.81888998811,-0.573809549664,-0.0119388018433,0.0,-0.00849595076195,0.00868000918941,-0.99992623541,0.0,0.661488074432,0.260737996043,0.303356686125,1.0,-0.00306,-0.00402171428571,0.154
0.464916079759,0.546359845821,-0.123913262634,-1.35775520319,0.0795311772754,1.89483867992,0.158927215399,-0.000553463400176,-0.018104529438,0.000486766590933,-0.0303459439283,-0.00018505624752,0.00895977890386,-0.0122571966366,0.573812961557,0.818971512332,0.00225699764768,0.0,0.818930685358,-0.573751452261,-0.01193945175,0.0,-0.00848327850741,0.00869950429092,-0.99992617358,0.0,0.661445704629,0.26068061759,0.303373483062,1.0,-0.00336,-0.004416,0.169
0.464873226797,0.546069752338,-0.123915634273,-1.35825311231,0.0795139609733,1.89500724409,0.158917772637,-0.00123297267511,-0.016453327862,0.000835485677027,-0.0347087098837,-0.00247975325502,0.0111395220865,-0.00586027017287,0.573860237758,0.818938483986,0.00222123135977,0.0,0.81889707852,-0.573798753266,-0.011971317545,0.0,-0.00852939707395,0.00868899029384,-0.999925872669,0.0,0.661382661467,0.260599123955,0.303350978489,1.0,-0.00372,-0.00488914285714,0.187
0.464806859407,0.545743268345,-0.123912908615,-1.35880654994,0.0794821493093,1.89519641321,0.15885889797,-0.00241355584946,-0.0166557230736,0.00539067234598,-0.0317803679412,0.000365716587706,0.0077157564616,-0.0135429403961,0.573886908579,0.818919878146,0.00219003223881,0.0,0.818878007623,-0.573825490151,-0.0119942647288,0.0,-0.00856581040568,0.00867688779922,-0.999925666492,0.0,0.661320354172,0.260503086904,0.303335001767,1.0,-0.00406,-0.005336,0.204
0.46474695399,0.545371979601,-0.12391787915,-1.3594572978,0.0794195162602,1.89540847987,0.158746094857,-0.00187936966374,-0.0204018779354,0.000660368250889,-0.0436796410951,-0.00175952625803,0.0174908407863,-0.00667585923215,0.573866668231,0.818934250192,0.0021184561854,0.0,0.8188916227,-0.573805728795,-0.0120101113532,0.0,-0.00862007520353,0.00862715471008,-0.999925630487,0.0,0.661243182399,0.260392468485,0.303306589994,1.0,-0.0044,-0.00578285714286,0.221
0.464682946005,0.54499418551,-0.123918098387,-1.36011005813,0.0793913832572,1.89561570599,0.158699433666,-0.00615292589965,-0.0226728924143,0.00060922271049,-0.0410688109078,0.000125742394592,0.0148249550019,-0.000629548992167,0.573909829467,0.818904136214,0.00206645467548,0.0,0.818860669358,-0.57384894496,-0.0120556811435,0.0,-0.00868678156543,0.00861117815981,-0.99992519092,0.0,0.661162722514,0.260286998887,0.303281283865,1.0,-0.00472,-0.00620342857143,0.237
0.464603869382,0.544535763252,-0.123913628525,-1.36087004027,0.079363838522,1.8958812797,0.15858559345,-0.00467852457321,-0.0199376735902,0.00272322624897,-0.0395815328569,0.000207873173806,0.0144992960457,-0.0080549752606,0.573913256587,0.818901783978,0.00204670782814,0.0,0.818857833548,-0.573852233478,-0.0120917108341,0.0,-0.008727583748,0.00861572175994,-0.999924796482,0.0,0.661074104753,0.260166680639,0.303266890085,1.0,-0.00508,-0.00667657142857,0.255
0.464545838468,0.544102410656,-0.123922473902,-1.36156285533,0.0793291886162,1.89613686976,0.158504158795,-0.0025336199753,-0.0322968485159,-0.00118393598164,-0.0445638770754,-0.000568746585719,0.0137430308552,-0.00615209168045,0.573929705562,0.818890261226,0.0020445156204,0.0,0.818846254336,-0.573868662415,-0.0120961547297,0.0,-0.00873230798604,0.00861665237741,-0.999924747218,0.0,0.660996173294,0.260058388059,0.303266235102,1.0,-0.00538,-0.00707085714286,0.27
0.464463819737,0.543559599443,-0.123924250657,-1.36243719238,0.0792831995406,1.89644016185,0.15838919753,-0.00268887339842,-0.0292806245558,0.00349009520047,-0.049932671089,-0.000358683516446,0.0144481364784,-0.00703511876075,0.573940327905,0.818882867837,0.00202377585262,0.0,0.818838496,-0.573879281355,-0.0121175410277,0.0,-0.00876161240413,0.008612056855,-0.999924530465,0.0,0.660894004876,0.259919630533,0.303260475085,1.0,-0.00574,-0.007544,0.288
0.464383879544,0.543015043189,-0.12393030595,-1.36329893903,0.079232743868,1.89675098803,0.158277176572,-0.00295641545605,-0.0294709001657,-0.00125461950009,-0.0482887007015,-0.000840503245963,0.0170627223141,-0.0131414948116,0.573952777258,0.81887415767,0.00201749338977,0.0,0.81882970035,-0.573891753353,-0.012121227588,0.0,-0.00876810602545,0.00860916149877,-0.999924498477,0.0,0.660796844695,0.259781084176,0.303262661698,1.0,-0.00608,-0.00799085714286,0.305
0.464323892271,0.542496288582,-0.123928498622,-1.36410128552,0.0791875833433,1.89704250918,0.158172991002,-0.00834776339173,-0.0344254140599,0.00014852280462,-0.045788262772,-0.00323380935743,0.0257771270504,-0.00597075355825,0.573957106014,0.818871106128,0.00202457562252,0.0,0.818826684389,-0.573895994493,-0.0121241633832,0.0,-0.00876640002051,0.00861669217055,-0.999924448569,0.0,0.660695362647,0.259656959531,0.303271379013,1.0,-0.0064,-0.00841142857143,0.321
0.464240993214,0.541853777269,-0.123929288968,-1.36509289671,0.0791298638385,1.89741444172,0.158043543634,-0.00408780972348,-0.0426281223806,0.000148677483476,-0.048856051925,-0.000798181182245,0.0198493530405,-0.0100385403746,0.573950004527,0.818876028961,0.00204655742433,0.0,0.818831884536,-0.57388878787,-0.0121140796517,0.0,-0.00874560146011,0.00862882867522,-0.999924526037,0.0,0.66058881065,0.259517954942,0.303287509021,1.0,-0.00674,-0.00885828571429,0.338
0.464157640014,0.541190255169,-0.123928772656,-1.36610272171,0.0790681391728,1.897783036,0.157907104095,-0.00275149711405,-0.0379925551766,0.000220093788446,-0.0641182990297,-0.00933969921867,0.0221926063194,-0.011198901797,0.573945667524,0.818879020955,0.00206559221972,0.0,0.818835117185,-0.573884360531,-0.0121053089084,0.0,-0.00872754046935,0.00863933538329,-0.999924593118,0.0,0.660471734445,0.259367071496,0.303307890224,1.0,-0.00708,-0.00930514285714,0.355
0.464081290901,0.540529315799,-0.123933831851,-1.36710095075,0.0790111058676,1.89815154578,0.157788271931,-0.00383427891566,-0.0352125316224,-0.000242929383316,-0.0644480072236,-0.0008513201893,0.028524099294,-0.00803343691158,0.573954485557,0.818872771189,0.00209284870775,0.0,0.818829216252,-0.573893052181,-0.0120924014202,0.0,-0.00870123445435,0.00865434032623,-0.999924692621,0.0,0.660356275702,0.25921968477,0.303332049368,1.0,-0.0074,-0.00972571428571,0.371
0.463977549362,0.539758034923,-0.123928992375,-1.36827601047,0.0789444944188,1.89859520934,0.15764415822,-0.00699253589002,-0.0407298551787,-0.000657119891986,-0.0667253587514,-0.00352923140615,0.0291539624004,-0.00712329825686,0.573965315122,0.818865084789,0.00212998859519,0.0,0.818821960904,-0.573903666732,-0.0120799236218,0.0,-0.0086695863323,0.00867770567914,-0.999924765018,0.0,0.660223026057,0.25904396632,0.303356105791,1.0,-0.00776,-0.0101988571429,0.389
0.463874893713,0.53900635973,-0.123937025629,-1.36945598523,0.0788810069355,1.89904298876,0.157505203791,-0.00709835745481,-0.0439785148198,-0.0057228838321,-0.0699789627397,-0.00791500245407,0.034818411503,-0.0121587816286,0.573989590642,0.818848022605,0.00214769917642,0.0,0.818805107831,-0.573927841196,-0.012073748017,0.0,-0.00865410695564,0.00868892002615,-0.999924801723,0.0,0.660091190588,0.258861450664,0.30336463112,1.0,-0.0081,-0.0106457142857,0.406
0.463768576725,0.538271957582,-0.123939946397,-1.37057810175,0.0788165054448,1.89947650203,0.157353915136,-0.00636869991762,-0.0443919268181,0.000223001784834,-0.0670246121472,-0.00433831184344,0.0221842677747,-0.00342949297296,0.57399962337,0.818840885534,0.00218711006319,0.0,0.818798493466,-0.573937713562,-0.0120530058623,0.0,-0.00861439489848,0.008709390933,-0.99992496654,0.0,0.659969045178,0.258685007467,0.303386952995,1.0,-0.00842,-0.0110662857143,0.422
0.463650977256,0.537487952845,-0.123939044428,-1.37183297253,0.0787351541367,1.89994789101,0.157207883137,-0.0127156542073,-0.0420632347119,-0.000486564886634,-0.0790670161085,-0.00199468510503,0.0305419868699,-0.00847480740923,0.574023203068,0.818824366328,0.00218319689285,0.0,0.818781965083,-0.573961349113,-0.0120503228546,0.0,-0.00861419319135,0.00870489476128,-0.999925007429,0.0,0.659827740213,0.258488089918,0.303384140643,1.0,-0.00876,-0.0115131428571,0.439
0.46354322122,0.536641732117,-0.123946868486,-1.37312429457,0.0786673047382,1.90043531987,0.1570475534,-0.00486253808499,-0.0494431477553,0.000464245511539,-0.0724308855141,-0.00291097222932,0.0345296090984,-0.00636881808757,0.574038627393,0.818813447323,0.00222253126191,0.0,0.818771516163,-0.573976562291,-0.0120356620876,0.0,-0.00857944629239,0.00872884829294,-0.999925097349,0.0,0.659681249116,0.25829237898,0.303409453077,1.0,-0.0091,-0.01196,0.456
0.463424639978,0.535841638073,-0.12395015248,-1.37440146714,0.0785925807573,1.90090276804,0.156896377224,-0.00856762828165,-0.0533487481874,-1.16413386844e-05,-0.0818908423446,-0.00783173813813,0.0255406112366,-0.00450223648879,0.574064442507,0.818795371888,0.00221398412964,0.0,0.818753300529,-0.574002380777,-0.0120435309465,0.0,-0.00859052063288,0.00872663770688,-0.999925021564,0.0,0.659534679021,0.258090786752,0.303406902603,1.0,-0.00942,-0.0123805714286,0.472
0.46331276163,0.534935954804,-0.123953343406,-1.37581673445,0.0785064001276,1.90141763331,0.156711665784,-0.00664809514442,-0.0580176511146,0.00640169581451,-0.0854241393403,-0.00693925130302,0.0334279416213,-0.0238872381341,0.574061566733,0.818797379299,0.00221724038018,0.0,0.818755343738,-0.5739994849,-0.0120426465244,0.0,-0.00858795792272,0.00872876599685,-0.999925025001,0.0,0.659366852692,0.257880050217,0.303417070205,1.0,-0.00976,-0.0128274285714,0.489
0.463183272061,0.534046740666,-0.123954438153,-1.37729062075,0.0784357517954,1.90193924582,0.156542169475,-0.00696476723008,-0.0560199108053,-0.000473888129659,-0.08474189725,-0.00397846311718,0.0244613104205,-0.0100560916226,0.574091378677,0.818776597936,0.00217221133395,0.0,0.818733748612,-0.574029255238,-0.0120917292242,0.0,-0.00865367867321,0.0087203881236,-0.99992453149,0.0,0.659189143063,0.257654723754,0.303388111272,1.0,-0.0101,-0.0132742857143,0.506
0.463063628405,0.53318104169,-0.123956903819,-1.37868571435,0.0783509909911,1.902472004,0.156357181591,-0.00590185271085,-0.0505527211191,-0.000336926610254,-0.083642867076,-0.00675088596098,0.0332870778509,-0.0125998781999,0.574093348741,0.818775216176,0.00217237374734,0.0,0.818732387951,-0.574031243477,-0.0120894720256,0.0,-0.00865171624008,0.00871924609787,-0.999924558431,0.0,0.659029578366,0.257442630267,0.303380870931,1.0,-0.01042,-0.0136948571429,0.522
0.462929738311,0.532178550104,-0.123954463099,-1.38032882707,0.078270060887,1.90308370217,0.156159567588,-0.010566923005,-0.0517471754656,0.00159525035381,-0.0924151139513,-0.00365471534287,0.03345310504,-0.0109834426303,0.574107583419,0.818765267957,0.00215998822055,0.0,0.818722136628,-0.574045387276,-0.012112111445,0.0,-0.00867721196143,0.0087222531332,-0.999924311282,0.0,0.658846473892,0.257214785681,0.303360233966,1.0,-0.01076,-0.0141417142857,0.539
0.462800354504,0.531186627233,-0.123957022165,-1.3819318972,0.0781720173143,1.90366720324,0.155958353297,-0.00655820381856,-0.0579081739444,-0.000369048952984,-0.0985695447703,-0.00927550191887,0.0329624665808,-0.0128707363202,0.574111630633,0.818762507543,0.00213042589805,0.0,0.818718905574,-0.574049477575,-0.0121366327008,0.0,-0.00871421772517,0.00871216968619,-0.999924077372,0.0,0.658641391247,0.256962096352,0.303345329743,1.0,-0.01112,-0.0146148571429,0.557
0.462671929162,0.530205788754,-0.123959790986,-1.38347716511,0.0780683031486,1.90421616912,0.155756390871,-0.00561129144827,-0.0591676014576,-0.00103360900868,-0.0948603945256,-0.00908972143249,0.0403189790727,-0.0143526293867,0.574109362683,0.818764147434,0.00211126931609,0.0,0.81872034403,-0.574047342386,-0.0121405878095,0.0,-0.00872847753747,0.00869873174826,-0.99992406999,0.0,0.658455238307,0.256725858308,0.303348552523,1.0,-0.01144,-0.0150354285714,0.573
0.462534526153,0.529151161362,-0.123960753051,-1.38513797229,0.0779693500922,1.90482074713,0.155535190044,-0.0102207248177,-0.0664150036606,-0.000827664320886,-0.103065202742,-0.00855254894947,0.0353657537451,-0.00850228887019,0.574104925988,0.818767260795,0.0021103336845,0.0,0.818723396548,-0.57404286192,-0.0121465849133,0.0,-0.00873397222563,0.00870136132284,-0.999923999132,0.0,0.658256316707,0.256476568564,0.303353317311,1.0,-0.01178,-0.0154822857143,0.59
0.462387804815,0.528061589432,-0.123955172011,-1.38684152469,0.0778578721458,1.90548983617,0.155305853039,-0.00991831030136,-0.0665897950131,0.00186165748044,-0.100725643586,-0.00779670528865,0.0433161155784,-0.00716199368324,0.57409586041,0.818773509128,0.00215190881964,0.0,0.818730276658,-0.574033705091,-0.0121155439134,0.0,-0.00868478542125,0.00871748434913,-0.999924287118,0.0,0.658062299383,0.256222701712,0.303367452026,1.0,-0.01212,-0.0159291428571,0.607
0.462259286071,0.526978905558,-0.123962619995,-1.38849880881,0.0777567127932,1.90611514238,0.155059483371,-0.00851343299404,-0.068391983829,0.000362909415213,-0.104641759807,-0.00617209209377,0.0420464110907,-0.0151027015666,0.574067021837,0.818793620334,0.00219286110167,0.0,0.818750968727,-0.574004740623,-0.0120894934866,0.0,-0.0086402538237,0.00873575486302,-0.999924513451,0.0,0.65786744441,0.255977370374,0.303395114057,1.0,-0.01244,-0.0163497142857,0.623
0.46209816901,0.525749546869,-0.123969321505,-1.39042200024,0.0776378956995,1.90682048544,0.154806229762,-0.00794368363976,-0.0711700379326,0.000251643748551,-0.107244982081,-0.00889014494693,0.0374064896252,-0.00591724560793,0.574068858824,0.818792301917,0.00220421201305,0.0,0.818749840747,-0.574006571749,-0.0120789389641,0.0,-0.00862507611757,0.0087390091946,-0.999924616049,0.0,0.65765189518,0.255700291069,0.30340786487,1.0,-0.01278,-0.0167965714286,0.64
0.461943310039,0.524579986302,-0.123969959896,-1.39227954241,0.0775193711188,1.9074838445,0.154556296983,-0.0068574250004,-0.0761605947552,0.000134848350627,-0.116308272419,-0.00154118058891,0.037834564532,-0.0151051248239,0.574058444893,0.818799680518,0.00217530059039,0.0,0.818756804182,-0.573996244575,-0.0120976742266,0.0,-0.0086571240985,0.00872598221505,-0.999924452865,0.0,0.657411699318,0.255402555271,0.303402021338,1.0,-0.01314,-0.0172697142857,0.658
0.461798359776,0.523517275894,-0.12397550974,-1.39396401146,0.0774152296988,1.90810145323,0.154312808791,-0.00843967839834,-0.0764798356958,0.00298901550636,-0.107061990577,-0.00583558254206,0.0445544101718,-0.0222481366563,0.574044027236,0.818809805109,0.00216904416036,0.0,0.818766853298,-0.57398186191,-0.0120999603327,0.0,-0.00866274094071,0.00872201934652,-0.999924438794,0.0,0.657210737,0.255143136771,0.303401150311,1.0,-0.01344,-0.017664,0.673
0.461626094336,0.522234814624,-0.123978942408,-1.39601662395,0.077289437933,1.90890568592,0.154045551434,-0.0131995092205,-0.0708314796277,-0.00128177932449,-0.117391077838,-0.00982376219047,0.0406561886782,-0.0198923363707,0.574045050598,0.818809023261,0.00219321962913,0.0,0.818766448795,-0.573982843958,-0.0120807313581,0.0,-0.00863310761751,0.00873078678559,-0.999924618566,0.0,0.656973247933,0.25483534894,0.303395351369,1.0,-0.0138,-0.0181371428571,0.691
0.461462246991,0.520981762066,-0.123978579677,-1.39803221053,0.077164194119,1.9096619937,0.153769867191,-0.0113257230362,-0.0706822516093,0.000159919367831,-0.115017514138,-0.0123053920597,0.044701126867,-0.0217286229265,0.574027217714,0.818821548136,0.00218461263654,0.0,0.818778860522,-0.57396504929,-0.0120849764912,0.0,-0.00864171423991,0.00872598807894,-0.99992458611,0.0,0.656730376602,0.254536223516,0.303381872007,1.0,-0.01414,-0.018584,0.708
0.461304773058,0.519751918804,-0.123982792815,-1.39995856429,0.0770441873746,1.91036554127,0.153514063435,-0.00946284769576,-0.0712348320152,0.000962722377079,-0.125108528576,-0.00872204813626,0.0408176845173,-0.0117547349157,0.574019856276,0.81882670004,0.00218787637567,0.0,0.81878405822,-0.573957678088,-0.0120829081599,0.0,-0.00863822568357,0.00872739553253,-0.99992460397,0.0,0.65649587935,0.254246233746,0.303389752392,1.0,-0.01446,-0.0190045714286,0.724
0.461129141659,0.518402308252,-0.123986002342,-1.40202708706,0.0769089023673,1.91110022073,0.153234954215,-0.0116693536552,-0.0840317578216,0.00067020214326,-0.119967146658,-0.0143880118364,0.0423573282255,-0.0158634351545,0.574010457915,0.818833264169,0.00219695157127,0.0,0.818790769865,-0.573948271658,-0.0120749139416,0.0,-0.00862657072831,0.00873013863151,-0.999924680642,0.0,0.656241680808,0.253929332321,0.30341629529,1.0,-0.0148,-0.0194514285714,0.741
0.460943944919,0.517043041172,-0.123984220172,-1.40416742138,0.0767741424654,1.9118717041,0.152942097672,-0.00851378242665,-0.0809390323573,0.0009943874793,-0.12271223856,-0.0141248562456,0.0511885040927,-0.0150092308761,0.573997892619,0.818842099108,0.00218698364156,0.0,0.818799437829,-0.573935713185,-0.0120840656337,0.0,-0.00863991999846,0.00872709720793,-0.999924591935,0.0,0.655978584569,0.253603291881,0.30341810133,1.0,-0.01514,-0.0198982857143,0.758
0.46076779112,0.515694306445,-0.123994650607,-1.40633730998,0.0766427184293,1.91269852529,0.152642403906,-0.0101613273304,-0.0798856445056,-0.000549969290186,-0.131404516062,-0.00384845355479,0.0496898388967,-0.0111263007043,0.573983552041,0.818852150755,0.0021872565136,0.0,0.818809528326,-0.573921408936,-0.0120797180234,0.0,-0.00863635602062,0.00872467390997,-0.999924643871,0.0,0.655718759431,0.253276708859,0.303403278974,1.0,-0.01548,-0.0203451428571,0.775
0.460580249693,0.514314267677,-0.123997744981,-1.40856220993,0.0765110909473,1.91349631468,0.152334382238,-0.00924466342144,-0.0826480662183,-0.00252099662393,-0.135470427623,-0.00869883006229,0.0395498583914,-0.0206999467175,0.573968692878,0.81886266941,0.00214828858637,0.0,0.818819426248,-0.573906606324,-0.0121120319801,0.0,-0.00868534104692,0.00871115530815,-0.99992433745,0.0,0.65544128438,0.252938925428,0.303381057229,1.0,-0.01582,-0.020792,0.792
0.460385561564,0.512898151655,-0.123998100455,-1.41083010748,0.0763692416933,1.91428787329,0.152022723984,-0.0112502016404,-0.081741506738,0.000282942553039,-0.128562984116,-0.00784184298581,0.0517245979707,-0.0178548307484,0.573953643047,0.81887335406,0.00209583996347,0.0,0.818829332725,-0.573891694267,-0.0121488279891,0.0,-0.00874573475829,0.00868916661527,-0.999924002366,0.0,0.655154152305,0.252591464175,0.303362561683,1.0,-0.01616,-0.0212388571429,0.809
0.460203119062,0.511570611029,-0.123999129458,-1.4130020907,0.0762376701174,1.91509222241,0.151725401345,-0.00637237315231,-0.0762305425409,0.000413171889516,-0.138441519145,-0.00631256449167,0.0533793162054,-0.0175869257955,0.573938607836,0.818883983133,0.00205997660097,0.0,0.818839432755,-0.573876759796,-0.0121735300104,0.0,-0.00878670521802,0.0086738159359,-0.999923776459,0.0,0.654885734093,0.252264379983,0.303328429379,1.0,-0.01648,-0.0216594285714,0.825
0.459989120674,0.510017998294,-0.124002019824,-1.41547093714,0.0760872945464,1.91602572017,0.151379465762,-0.0120354574053,-0.0803893117928,-0.00111207256797,-0.139722452954,-0.00588057902948,0.0508166403398,-0.0126622755427,0.573921045627,0.818896260735,0.00207230351894,0.0,0.81885186335,-0.573859137093,-0.012168137275,0.0,-0.00877540075907,0.00868062679507,-0.999923816628,0.0,0.654586744335,0.25188904995,0.303321343834,1.0,-0.01684,-0.0221325714286,0.843
0.459775974442,0.508500768765,-0.124007701613,-1.41783719468,0.0759349598382,1.91686371479,0.151037257159,-0.0149432360758,-0.0894786683585,-0.000444103020984,-0.13597932687,-0.00347318170855,0.0532737760519,-0.0205316003734,0.573900971062,0.81891036316,0.00205898615544,0.0,0.818865785917,-0.573839118544,-0.0121752857821,0.0,-0.00878911011847,0.00867360864352,-0.999923757122,0.0,0.654291732705,0.251517739526,0.303329528332,1.0,-0.01718,-0.0225794285714,0.86
0.459590534248,0.50713799118,-0.124015855745,-1.41994795328,0.075794933596,1.91763675469,0.150753908799,-0.00872963525126,-0.0953440262623,-0.000185901448881,-0.13875377132,-0.0130811563271,0.0410332221667,-0.0152154963704,0.573898014083,0.818912400887,0.0020726808777,0.0,0.818868095837,-0.573836193318,-0.0121577859341,0.0,-0.00876695115492,0.00867474846261,-0.999923941761,0.0,0.654032847832,0.251189021464,0.303345230822,1.0,-0.01748,-0.0229737142857,0.875
0.459351420401,0.50546298721,-0.124017629117,-1.42255696371,0.0756324569088,1.91862433269,0.150393243466,-0.0142354001162,-0.095871215943,0.00010402847065,-0.149272865382,-0.0114709733153,0.0606145774041,-0.0185265899003,0.573890775473,0.818917365189,0.00211511702078,0.0,0.818873641285,-0.573828795668,-0.0121334155373,0.0,-0.00872271756913,0.00869543624246,-0.999924148917,0.0,0.653717984927,0.2507848751,0.303359998287,1.0,-0.01784,-0.0234468571429,0.893
0.459127258762,0.503806940386,-0.124026629525,-1.42502860201,0.075475334887,1.91956702894,0.150042747725,-0.0155266790918,-0.0961958599146,-0.00154688413274,-0.144621856513,-0.0162776224283,0.0568692179413,-0.02795478481,0.573878547916,0.818925660499,0.00221849501257,0.0,0.818883408245,-0.573816247562,-0.0120675033218,0.0,-0.00860954540546,0.00874213835361,-0.999924722539,0.0,0.653423098251,0.250400238721,0.303422479154,1.0,-0.01818,-0.0238937142857,0.91
0.458912190213,0.50222137807,-0.12402970058,-1.42737129,0.0753241521105,1.92044159041,0.149720420026,-0.0146062956704,-0.0971461183866,-0.00268233403925,-0.148634322649,-0.00282231634034,0.0533946760303,-0.022179872676,0.573872038222,0.818929954769,0.00231513052972,0.0,0.81888904637,-0.573809420533,-0.012009393984,0.0,-0.00850657254229,0.00878785962865,-0.999925203076,0.0,0.653138775296,0.250035842948,0.303490374729,1.0,-0.0185,-0.0243142857143,0.926
0.458672482697,0.500501417003,-0.124033508808,-1.42995019524,0.0751578315592,1.92135259072,0.149354508166,-0.0190597212222,-0.101762052404,-0.00117349734833,-0.146973992536,-0.00359102518182,0.0564996089679,-0.020215743984,0.573857772805,0.818939829791,0.00235768421368,0.0,0.818899472835,-0.573794979384,-0.0119884079198,0.0,-0.00846512035636,0.0088105170578,-0.999925355477,0.0,0.652814464671,0.249628890455,0.303542230668,1.0,-0.01884,-0.0247611428571,0.943
0.458423626678,0.498805086215,-0.124039553437,-1.43256346146,0.0749901069813,1.92231353821,0.148989043897,-0.0152967518219,-0.100376598388,-0.000700808340686,-0.153287145546,-0.00696675940174,0.0639678758879,-0.033729994915,0.573854207089,0.818942233687,0.00239035366476,0.0,0.818902345904,-0.573791327215,-0.0119669372383,0.0,-0.00842882839155,0.0088249134107,-0.999925535105,0.0,0.652492917723,0.249213491184,0.303565063826,1.0,-0.01918,-0.025208,0.96
0.458185988752,0.497236820665,-0.124041798101,-1.43505866888,0.0748448551997,1.9232303745,0.148607365209,-0.020152031564,-0.101254269504,-0.00335747102826,-0.159515682581,-0.00495031628064,0.0614388979208,-0.023857243164,0.57382540299,0.818962431123,0.0023854128557,0.0,0.818922350123,-0.573762412009,-0.0119844038536,0.0,-0.00844627889879,0.00883059328896,-0.99992533771,0.0,0.652181704023,0.248820667482,0.303550361205,1.0,-0.0195,-0.0256285714286,0.976
0.457915870753,0.495572230642,-0.124037886864,-1.43775314609,0.0746748511254,1.92415705264,0.148219647674,-0.016373327517,-0.0951836952652,-0.000177129080454,-0.156018904808,-0.0122486285917,0.0556904988079,-0.0233380907132,0.573816152142,0.81896916351,0.0022977514808,0.0,0.818927770104,-0.57375334738,-0.0120478473011,0.0,-0.00854863741045,0.00879511120947,-0.99992478058,0.0,0.651833581419,0.248384873336,0.303508044917,1.0,-0.01984,-0.0260754285714,0.993
0.457590780092,0.493685993471,-0.124062698404,-1.44081139144,0.0744895380601,1.92523617719,0.147793934591,-0.021298475985,-0.117632885116,-0.00913314226521,-0.187787703179,-0.0085268472576,0.0642466110811,-0.0302093847475,0.573855374243,0.818941908708,0.00221506549323,0.0,0.818899352841,-0.573792828849,-0.0120990238806,0.0,-0.00863757531496,0.00875717417864,-0.999924349235,0.0,0.651453048576,0.247864200211,0.303460419489,1.0,-0.03006,-0.0395074285714,1.011
0.457291673866,0.49095200694,-0.124142900402,-1.4448073635,0.0742870031837,1.92676529357,0.147198592685,-0.0210984551942,-0.195879736521,0.00392976569565,-0.300852258363,-0.0135143327866,0.116514253718,-0.0416978251043,0.573816955773,0.81896815722,0.00245063842204,0.0,0.818928725304,-0.573753491587,-0.0119758367163,0.0,-0.00840192833862,0.00887900731494,-0.999925282623,0.0,0.650961857804,0.247255545529,0.303595621374,1.0,-0.04518,-0.0593794285714,1.026
0.456743020849,0.486711082264,-0.124185677255,-1.45153385014,0.0739391121008,1.92938838333,0.146171961699,-0.0395524262568,-0.27749110338,-0.00279199808152,-0.444447874605,-0.0305582539012,0.176463993223,-0.0670309831644,0.57369946974,0.819050040128,0.00258787312295,0.0,0.819012065052,-0.57363512257,-0.011946980963,0.0,-0.00830084013796,0.00897364872452,-0.999925282049,0.0,0.650120054432,0.246253526677,0.303570639845,1.0,-0.062316,-0.0819010285714,1.043
0.455768800552,0.480232633031,-0.124358951259,-1.46188236448,0.0733197674207,1.93309176171,0.144592481529,-0.0613743980741,-0.369382264863,-0.0103587001178,-0.600052032584,-0.0479152571267,0.210052336386,-0.0841279767126,0.573670602454,0.81907076404,0.00242286512447,0.0,0.819030709384,-0.573606995167,-0.0120191132577,0.0,-0.00845489467825,0.00887958384465,-0.999924831048,0.0,0.648802333713,0.244530082438,0.303466565308,1.0,-0.081468,-0.107072228571,1.062
0.454774181569,0.473772807272,-0.12452202682,-1.47212775087,0.0727021517404,1.93659080301,0.143097898931,-0.0711025348145,-0.456345429925,-0.011631126945,-0.712594724629,-0.0458708211634,0.251231962493,-0.101377173411,0.573707733399,0.819045474331,0.0021666835989,0.0,0.819001833431,-0.573644960248,-0.0121738785797,0.0,-0.00872822107408,0.00875893476322,-0.999923546687,0.0,0.647452490084,0.242800338327,0.303370794509,1.0,-0.096588,-0.126944228571,1.077
0.453421683743,0.465078641264,-0.124672991823,-1.48536368431,0.0719366876208,1.94144000714,0.141029636894,-0.0796813066229,-0.545894744423,-0.00821634450738,-0.816439467633,-0.054518087193,0.298674492661,-0.135530770909,0.573655940091,0.819080981571,0.0024402722895,0.0,0.819040714743,-0.573591801544,-0.0120623254746,0.0,-0.00848046448621,0.00891847872833,-0.999924268362,0.0,0.645757964497,0.240591484798,0.30349874562,1.0,-0.113724,-0.149465828571,1.094
0.451762269549,0.45524936418,-0.124804148741,-1.50080122973,0.0709640370537,1.94685747475,0.138635081658,-0.112372363953,-0.603458982316,-0.00902545720413,-0.954514786278,-0.0639901698312,0.315841072645,-0.140231939974,0.573604013311,0.819117846991,0.00226617624074,0.0,0.819074911228,-0.573540214612,-0.0121925764949,0.0,-0.00868758106314,0.00885004930415,-0.999923098324,0.0,0.643700232564,0.237962500449,0.303390694377,1.0,-0.13086,-0.171987428571,1.111
0.449916061785,0.444553919782,-0.124992885424,-1.5169311851,0.0698457071722,1.95267221861,0.136092898127,-0.123335454693,-0.682005016282,-0.0130383339593,-1.05227413986,-0.0725750205883,0.368931707239,-0.164021808041,0.573597475511,0.819121694652,0.00251641408443,0.0,0.819083105712,-0.573533763312,-0.0119429970566,0.0,-0.008339680113,0.00891179680493,-0.999925512032,0.0,0.641590329161,0.23511970841,0.30355744577,1.0,-0.146988,-0.193184228571,1.127
0.447494628578,0.431269122839,-0.125162577812,-1.53721676682,0.0685140392173,1.95968234923,0.132822585627,-0.143902943297,-0.766484966089,-0.008399088147,-1.16578971127,-0.0767644707333,0.423048882882,-0.189316826978,0.573555407162,0.81915117561,0.00250864780672,0.0,0.819112138394,-0.573491360978,-0.011987932308,0.0,-0.0083814023663,0.00893077921054,-0.999924993826,0.0,0.63881027681,0.231523016952,0.303587553026,1.0,-0.165132,-0.217030628571,1.145
0.4446623492,0.416604553098,-0.125362849216,-1.55930232278,0.0669887239045,1.96724908577,0.129166151491,-0.164580006153,-0.858469001572,-0.0134801028633,-1.25017729795,-0.0882378807416,0.449294187897,-0.20471096168,0.573543854086,0.819159015824,0.00258865521117,0.0,0.819121138078,-0.573479618482,-0.0119346236454,0.0,-0.0082919732029,0.00896562486138,-0.999925427595,0.0,0.635743727725,0.227477334,0.303701529001,1.0,-0.183276,-0.240877028571,1.163
0.442188375721,0.404320637695,-0.125518646709,-1.57776783041,0.0656715545791,1.97372228826,0.126069548097,-0.182241536614,-0.88296399239,-0.0152364177115,-1.34188307862,-0.0902189562673,0.462894915124,-0.233053146414,0.573539061096,0.8191617499,0.00277845263831,0.0,0.819126870999,-0.573474696274,-0.0117766227088,0.0,-0.00805374164267,0.00903043221093,-0.99992679159,0.0,0.633165659637,0.224053124348,0.303784170871,1.0,-0.197388,-0.259424228571,1.177
0.43880665849,0.388314143221,-0.125721826641,-1.60140467332,0.0640464829388,1.98184213062,0.121994139223,-0.206958946156,-0.951198687081,-0.00837684906339,-1.43886173823,-0.11169753039,0.49280108232,-0.256196015085,0.573600610976,0.81911719422,0.00317932720971,0.0,0.819087401958,-0.573534737564,-0.0115965366361,0.0,-0.00767561573457,0.00925610557255,-0.999927702103,0.0,0.629794642338,0.219557595331,0.304008747564,1.0,-0.214524,-0.281945828571,1.194
0.434578852046,0.369238287604,-0.125970855607,-1.62973617418,0.0619049808959,1.99125614206,0.116880180009,-0.238418783012,-1.03367277659,-0.0158683393209,-1.54852492236,-0.119524759036,0.501639241218,-0.261743668948,0.573510830138,0.819179891193,0.00322187547389,0.0,0.819151098203,-0.573445378165,-0.0115162266153,0.0,-0.00758643772862,0.00924406149576,-0.999928494088,0.0,0.625599781958,0.214045088315,0.30409316963,1.0,-0.233676,-0.307117028571,1.213
0.43083720732,0.35337718065,-0.126155877676,-1.65314696881,0.0600931905419,1.99894181073,0.112618161333,-0.259346761133,-1.06258105134,-0.0139244184835,-1.59400933876,-0.114781340863,0.50171463809,-0.288336613901,0.573530832064,0.819165725511,0.00326277806076,0.0,0.819137749265,-0.573465605577,-0.0114583529063,0.0,-0.00751534366882,0.00924456133991,-0.999929026329,0.0,0.622055902853,0.209372221215,0.304149166378,1.0,-0.248796,-0.326989028571,1.228
0.425800125461,0.333299330363,-0.126452318226,-1.68265619771,0.0578573901248,2.0085012072,0.106989110226,-0.292003248964,-1.13429667209,-0.0146093462906,-1.6583178858,-0.126993480482,0.530336089655,-0.319820348411,0.573610033198,0.819110019552,0.0033245428218,0.0,0.819082549056,-0.573544250049,-0.0114681283613,0.0,-0.00748703057531,0.00930148758143,-0.99992871081,0.0,0.617496424634,0.203297712074,0.304173553949,1.0,-0.26694,-0.350835428571,1.246
0.421619422669,0.316942845176,-0.126592339839,-1.70639503126,0.0559337794578,2.01605821773,0.10231604582,-0.302492162838,-1.1844934133,-0.00809700639887,-1.72232132118,-0.137142779091,0.52931355588,-0.328512787152,0.573487543156,0.819195434748,0.003409462429,0.0,0.819169114956,-0.57342159403,-0.0114185595719,0.0,-0.00739911494778,0.00934150784869,-0.999928992143,0.0,0.613700430561,0.198412220579,0.30423496635,1.0,-0.281052,-0.369382628571,1.26
0.415667951542,0.295094177975,-0.126844635084,-1.7381041169,0.0532608812606,2.02584065091,0.0957722353286,-0.351370475524,-1.23661305127,-0.0154710449543,-1.78216102999,-0.153960640055,0.519380432569,-0.372690726792,0.573315216017,0.819316743649,0.00323783262626,0.0,0.819288260887,-0.573249867701,-0.0114926782826,0.0,-0.00756020217896,0.00924182352734,-0.99992871348,0.0,0.608490290472,0.191660603557,0.304182338441,1.0,-0.299196,-0.393229028571,1.278
0.409450550314,0.273523241607,-0.127117626214,-1.76887471219,0.050714858338,2.03515546413,0.0892453233102,-0.376408385455,-1.28182804267,-0.0173659532163,-1.81216494896,-0.156232468192,0.53937849334,-0.391255798689,0.573321302475,0.819312236067,0.00330013044078,0.0,0.819283886998,-0.573254936299,-0.0115515113636,0.0,-0.00757262433616,0.00932665080259,-0.999927831869,0.0,0.603312105037,0.184910327972,0.304227320426,1.0,-0.316332,-0.415750628571,1.295
0.402096948525,0.249668112308,-0.127541884708,-1.80243613072,0.0477213211777,2.04522492775,0.0817933968446,-0.426888711396,-1.34778938089,-0.0203954681124,-1.88516898863,-0.166643305345,0.577155207322,-0.423916904564,0.573449533297,0.819221784025,0.00347105764886,0.0,0.819196415325,-0.573383612381,-0.0113671928269,0.0,-0.00732214538754,0.00936216965561,-0.999929365489,0.0,0.597580701681,0.177204077491,0.304330864698,1.0,-0.334476,-0.439597028571,1.313
0.395494614784,0.229140534381,-0.127857003336,-1.83098583681,0.0451367558413,2.05355981721,0.0751263581543,-0.44446178351,-1.39720681513,-0.01862309793,-1.9324993847,-0.166632445088,0.577778408048,-0.456518725134,0.573444018364,0.819224854593,0.00365271434886,0.0,0.819202007077,-0.57337784399,-0.0112546223584,0.0,-0.00712581808105,0.00944638866847,-0.999929991778,0.0,0.592543441138,0.170551233674,0.304419386186,1.0,-0.349596,-0.459469028571,1.328
0.386933974396,0.203780866604,-0.128195703501,-1.86604111398,0.0418424233553,2.06333535796,0.0665516600641,-0.495434014623,-1.42327030888,-0.025231596781,-1.99054089542,-0.197781832787,0.541654682175,-0.49096633017,0.573303437343,0.819323329368,0.00363284826196,0.0,0.819299929054,-0.573236941712,-0.0113040616854,0.0,-0.00717933685259,0.0094572318245,-0.99992950646,0.0,0.586120008872,0.162238280102,0.304421063686,1.0,-0.36774,-0.483315428571,1.346
0.377977726861,0.179026323597,-0.1286284257,-1.89962566334,0.0385767681583,2.07230943496,0.0578264689967,-0.548015429714,-1.46942555874,-0.0291059601206,-1.96460450469,-0.194739883974,0.517183232773,-0.528292435389,0.573304802427,0.819322195578,0.00367290725172,0.0,0.819299094409,-0.573237912925,-0.0113152987991,0.0,-0.00716556372766,0.0094965075648,-0.999929233016,0.0,0.579807719398,0.153894342753,0.304494490578,1.0,-0.384876,-0.505837028571,1.363
0.368797674566,0.155010748702,-0.129099682312,-1.93177896985,0.0353387354959,2.08071547923,0.0490855077379,-0.588864623485,-1.48253677026,-0.0287609918538,-2.00440247113,-0.19821128736,0.533096899906,-0.555507168082,0.57338684397,0.819264170349,0.00380699950875,0.0,0.81924290429,-0.573319740315,-0.0112377060303,0.0,-0.00702415717456,0.0095625942379,-0.999929606526,0.0,0.573619833117,0.145659448132,0.304571283099,1.0,-0.401004,-0.527033828571,1.379
0.358332695858,0.128819989597,-0.129572956671,-1.96645914915,0.0316918686528,2.08932775697,0.0391555933096,-0.630625878364,-1.52102606479,-0.0218135166664,-2.05705487327,-0.206110878057,0.478871654381,-0.606295345475,0.573322635264,0.81930907266,0.00381395502082,0.0,0.819287778406,-0.573255362551,-0.011250438312,0.0,-0.00703135138747,0.00957504202606,-0.999929436844,0.0,0.566696276003,0.136625376796,0.304593903743,1.0,-0.41814,-0.549555428571,1.396
0.346093887806,0.100409129153,-0.130237516829,-2.00345605291,0.0275831994915,2.09804480177,0.0278689482792,-0.697059417327,-1.58718224396,-0.0331758113761,-2.03012426631,-0.226861235566,0.451706831565,-0.639391551806,0.573475097014,0.819202507376,0.00378310907891,0.0,0.81918116107,-0.573408350048,-0.0112176800244,0.0,-0.00702042043278,0.00953229535419,-0.999929922066,0.0,0.559112302846,0.126484462467,0.304624809229,1.0,-0.436284,-0.573401828571,1.414
