position_joint1,position_joint2,position_joint3,position_joint4,position_joint5,position_joint6,position_joint7,velocity_joint1,velocity_joint2,velocity_joint3,velocity_joint4,velocity_joint5,velocity_joint6,velocity_joint7,ee_T_00,ee_T_10,ee_T_20,ee_T_30,ee_T_01,ee_T_11,ee_T_21,ee_T_31,ee_T_02,ee_T_12,ee_T_22,ee_T_32,ee_T_03,ee_T_13,ee_T_23,ee_T_33,v_x,v_y,time
0.465088595216,0.547692306084,-0.123961231018,-1.35575190462,0.0795061852652,1.89409638801,0.159167656427,-0.000439314501554,-0.0016298496244,-0.000120189637715,-7.0454339071e-05,0.000205865203716,-0.000848094566322,-0.00116257181286,0.573778425489,0.818996137106,0.00209588875336,0.0,0.818954778418,-0.573719154297,-0.0118384880715,0.0,-0.00849338800066,0.00850927098525,-0.999927724722,0.0,0.661686706288,0.260927681352,0.30331468927,1.0,0.0,0.0,0.0
0.465088570989,0.547689177209,-0.123961173498,-1.35574939886,0.0795057841922,1.89409787511,0.159171163805,-0.000348990386337,-0.00171865330875,0.00108565329745,0.000380023888675,0.000144684353498,0.0064347357397,0.000392940006342,0.573781038597,0.818994291595,0.00210166178836,0.0,0.818953016567,-0.57372175268,-0.0118344437641,0.0,-0.00848673619824,0.00851170557228,-0.999927760479,0.0,0.661687676334,0.260928074475,0.303318225139,1.0,-0.00022,-0.000289142857143,0.012
0.465090968276,0.547687102032,-0.123963916688,-1.35575776225,0.0795007949386,1.89409709992,0.159173161232,0.000942025164033,-0.0028187196802,-0.000240982318263,-0.0023806708417,-0.000464695903795,-0.000364170849144,0.00123665600106,0.573781754253,0.818993813621,0.00209251934082,0.0,0.818952468534,-0.5737225536,-0.0118335402244,0.0,-0.00849123417991,0.00850370707131,-0.999927790347,0.0,0.661685943368,0.260926244997,0.303315728564,1.0,-0.00052,-0.000683428571429,0.027
0.465087297269,0.547661329467,-0.123969706055,-1.35577620844,0.0795021127999,1.89410020738,0.159167654902,-0.000615307442401,-0.0016254019979,-0.00199857521351,-0.00407830489755,-4.02822299282e-05,-0.000479845564917,-0.0014807722741,0.573785627458,0.818991076055,0.0021018957943,0.0,0.818949856013,-0.57372639215,-0.0118282369078,0.0,-0.00848147067681,0.00850838340672,-0.999927833429,0.0,0.661685230433,0.26091904081,0.303325670452,1.0,-0.00088,-0.00115657142857,0.045
0.465092000791,0.547576856615,-0.123961212752,-1.3558532058,0.0795004347165,1.89411911816,0.159168887594,-0.000211950410275,-0.011335895227,-0.000190760728794,-0.0109032846688,-0.000623520994925,0.000523408752447,-0.000756598797195,0.573780587706,0.81899453601,0.00212933294577,0.0,0.818953592976,-0.573721164112,-0.0118230834832,0.0,-0.00846156030633,0.0085278448435,-0.999927836326,0.0,0.661670501883,0.2609200544,0.30335022159,1.0,-0.00118,-0.00155085714286,0.06
0.465083549902,0.547446211149,-0.123959099453,-1.35602786447,0.0794986928098,1.89415289306,0.159162852372,-0.00531045229669,-0.00490726857526,0.000200539352579,-0.00909126903649,9.94738850215e-06,0.00320039993008,-0.00174982595109,0.573790165604,0.81898783044,0.00212752170702,0.0,0.818946734561,-0.573730617753,-0.0118393879296,0.0,-0.00847585347738,0.00853581565635,-0.999927647262,0.0,0.661642464278,0.260898677564,0.303362495736,1.0,-0.00152,-0.00199771428571,0.077
0.46506617926,0.547275070001,-0.123963655048,-1.35627162273,0.0794958815559,1.8942464588,0.159161230485,-0.00384497254216,-0.00663644193988,-3.20853886196e-05,-0.0122131292448,0.00017057443105,0.00804885000727,-0.000221248537947,0.573819150262,0.818967462447,0.00215061536533,0.0,0.818926590199,-0.573759429813,-0.0118365310737,0.0,-0.0084599608523,0.00855338898995,-0.999927631681,0.0,0.66161549396,0.260863762567,0.303375974387,1.0,-0.0019,-0.00249714285714,0.096
0.465053791358,0.547102013948,-0.123959073932,-1.35645771848,0.0794937341749,1.89436862284,0.159148540391,-0.00253326163636,-0.0143194782743,0.00121703747461,-0.0151139556794,-0.00144720833125,0.013326210372,0.000608042779801,0.573825811782,0.818962531237,0.00224879138595,0.0,0.818922908727,-0.573765680177,-0.0117881599288,0.0,-0.00836394300664,0.00860610291764,-0.999927987132,0.0,0.661604063178,0.260846366532,0.303420435065,1.0,-0.0022,-0.00289142857143,0.111
0.465029249176,0.546894723791,-0.123961579622,-1.35672661822,0.0794909775257,1.894486171,0.159130186608,-0.00549115665497,-0.00885341444972,0.00581565662174,-0.0176020907282,-0.000359818892933,0.00373562873595,-0.00159194916132,0.573847007751,0.818947528242,0.00230316798031,0.0,0.818908534209,-0.57378658497,-0.0117692145154,0.0,-0.00831700237481,0.00863997879442,-0.999928086533,0.0,0.661578443856,0.260807025168,0.303449553718,1.0,-0.00256,-0.00336457142857,0.129
0.464996368721,0.546666934203,-0.12395883776,-1.35705134866,0.079482617715,1.89461281871,0.159114064974,-0.00387010331935,-0.0144136689133,0.00718498856213,-0.0218998082912,-0.00519500954318,0.00801702094806,0.000748803620467,0.573874779635,0.818927976791,0.00233517200365,0.0,0.818889298447,-0.573814127978,-0.011764791688,0.0,-0.00829472206659,0.00866393140875,-0.999928064352,0.0,0.661543641237,0.260758552659,0.303467211702,1.0,-0.00288,-0.00378514285714,0.145
0.464964304634,0.546415009456,-0.123959048705,-1.35743145157,0.0794752155732,1.89475563811,0.159002685791,-0.000363895750291,-0.0197372748373,0.00059851188407,-0.0196410998236,5.82771900955e-05,0.00621001992401,-0.0163540191588,0.573829281097,0.818959796504,0.00235685520012,0.0,0.818921261127,-0.573768408143,-0.0117698255502,0.0,-0.00828688442931,0.00868411656306,-0.999927954238,0.0,0.661500386852,0.260703906815,0.303477096723,1.0,-0.0032,-0.00420571428571,0.161
0.46491365937,0.546125986906,-0.123961658548,-1.35789633438,0.07946210581,1.89491629578,0.158936052655,-0.00196189856592,-0.0134337387698,-0.000347128324961,-0.0316500304511,0.000447856230247,0.00748538368884,-0.000302144674947,0.573840485377,0.818951960929,0.00235158133762,0.0,0.818913219531,-0.573779487016,-0.0117892348568,0.0,-0.0083056877805,0.00869104862626,-0.999927738001,0.0,0.661447896152,0.260626288103,0.303474499271,1.0,-0.00354,-0.00465257142857,0.178
0.464858320709,0.545819214298,-0.123964423704,-1.35840725024,0.0794307574141,1.89509894159,0.158911804377,-0.00616715827904,-0.0191969460758,0.000528042355345,-0.0285889821341,-0.00806424937461,0.0148840036401,0.000886779504881,0.573888127486,0.81891863413,0.00233124586649,0.0,0.818879635848,-0.573827208432,-0.0117993117399,0.0,-0.00832510423006,0.00868066181592,-0.999927666759,0.0,0.66139193047,0.26053878475,0.303464421397,1.0,-0.00388,-0.00509942857143,0.195
0.464792601821,0.545482294881,-0.123964775584,-1.35901028478,0.0793307578664,1.89528907437,0.158803560778,-0.00296271050535,-0.0179536011892,-0.00030163185414,-0.0405074923226,-0.00429962382661,0.00929616289776,-0.00185413370791,0.573860562418,0.818938228903,0.00223137701118,0.0,0.818898436905,-0.573800551999,-0.0117908210806,0.0,-0.00837575003144,0.00859372381907,-0.999927994769,0.0,0.661323033834,0.260424662739,0.303432260762,1.0,-0.00422,-0.00554628571429,0.212
0.464728668057,0.545090648239,-0.123973177062,-1.35969186484,0.0793007098829,1.8955039603,0.158716765171,-0.00317162389613,-0.0198512685521,-0.000244476385372,-0.0396023606869,-0.000747601650511,0.0114989629706,-0.00693027090971,0.573877626424,0.818926432335,0.00217145455605,0.0,0.818885744722,-0.573817728855,-0.0118363019226,0.0,-0.00844720401869,0.00857092705114,-0.999927589355,0.0,0.661239860448,0.260311470312,0.303403976738,1.0,-0.00456,-0.00599314285714,0.229
0.464665616478,0.544696308619,-0.12397141273,-1.36035910836,0.0792868266329,1.89573944405,0.158656773465,0.000764437181501,-0.0230851082432,0.000460804024876,-0.0444595484349,-0.000712329688518,0.0121575809082,-0.00537066738959,0.573912429505,0.818902089745,0.00215350244346,0.0,0.818860902073,-0.573852329192,-0.0118774676769,0.0,-0.00849085418368,0.00858021047996,-0.999927140037,0.0,0.661160617018,0.260210510108,0.303385874392,1.0,-0.00488,-0.00641371428571,0.245
0.464595886507,0.544215425522,-0.123980344843,-1.36115510354,0.0792591620202,1.89602206991,0.158535463951,-0.0020376722565,-0.0314808502399,-0.00294719737415,-0.0502639724818,-0.00211584904018,0.0144681977108,-0.00150517134715,0.573914863641,0.818900422342,0.00213880373107,0.0,0.818858891261,-0.573854668834,-0.0119030316289,0.0,-0.00852019916154,0.00858287047294,-0.999926867596,0.0,0.66107338272,0.260092428304,0.30337684547,1.0,-0.00522,-0.00686057142857,0.262
0.464530983567,0.543709788417,-0.123977568571,-1.36197226881,0.0792236013034,1.89631288945,0.158437035087,-0.000877379905203,-0.0333121255488,0.00043220580548,-0.052580638698,-0.00103965084099,0.0195761946678,-0.0190458311788,0.573920082795,0.818896801537,0.00212459359709,0.0,0.818854908523,-0.573859767307,-0.0119311841402,0.0,-0.00855135438375,0.00858744542008,-0.999926562363,0.0,0.660969831614,0.259968091251,0.303366066145,1.0,-0.00558,-0.00733371428571,0.28
0.464468497113,0.543245504197,-0.123984247731,-1.36270686727,0.079177537832,1.89656814755,0.158360445934,-0.00227950886302,-0.0330895078967,0.00132822844405,-0.0513192993541,-0.00115592280773,0.0161252822552,3.8514871437e-05,0.573939575952,0.818883164163,0.00211506673856,0.0,0.818841185768,-0.573879335907,-0.011931773163,0.0,-0.00855709981712,0.00858018578085,-0.999926575532,0.0,0.660879741425,0.25984155088,0.303373530943,1.0,-0.0059,-0.00775428571429,0.296
0.46438491881,0.542656580874,-0.123986737781,-1.3636480896,0.0791181655172,1.8968988607,0.158219967462,-0.003502097795,-0.0374445229534,-6.95767150077e-07,-0.0544476711656,-0.00514591737968,0.0175443323082,-0.00513977075407,0.573933332242,0.818887607347,0.00208891762691,0.0,0.818845268952,-0.573873181266,-0.0119475620895,0.0,-0.00858510201896,0.00856776939434,-0.99992644197,0.0,0.660774426369,0.259703853438,0.303364492578,1.0,-0.00624,-0.00820114285714,0.313
0.464320366834,0.542063706924,-0.123996362918,-1.36457448147,0.0790679760739,1.89723989851,0.158088907712,-0.00135351843035,-0.0344268529709,-0.00220762220584,-0.0526972617596,-1.5870868752e-05,0.0174535055863,-0.0100981096214,0.573923708329,0.818894334436,0.00209593614137,0.0,0.818852071684,-0.573863513792,-0.0119456744545,0.0,-0.00857962903752,0.00857233247689,-0.999926449836,0.0,0.660666281641,0.259568463804,0.303372706502,1.0,-0.00658,-0.008648,0.33
0.464244373141,0.541435038312,-0.123985354766,-1.36553947184,0.0790061988423,1.89759579959,0.157975289988,6.85572858349e-05,-0.0379243866803,0.00065200382376,-0.0557091855288,-0.00913587338184,0.0226610013669,-0.00763945690535,0.573922238078,0.818895320532,0.00211318529437,0.0,0.818853250989,-0.573861941128,-0.0119403840244,0.0,-0.00856541289868,0.00858340582819,-0.99992647672,0.0,0.660551878458,0.259432504875,0.303388366593,1.0,-0.00692,-0.00909485714286,0.347
0.46415641286,0.540787335572,-0.123987012476,-1.36650900268,0.078955505314,1.89795408919,0.157850384709,-0.00668157096996,-0.0464627468782,0.000255780505094,-0.0614015841257,-0.00612379555403,0.0147696269633,-0.00545907611931,0.573933330111,0.818887454583,0.00214853795143,0.0,0.818845778801,-0.573872819835,-0.0119299662948,0.0,-0.0085364765533,0.00860649221743,-0.999926525731,0.0,0.660442632768,0.259282974646,0.303415872803,1.0,-0.00724,-0.00951542857143,0.363
0.464077504539,0.540071202231,-0.123993126336,-1.36759316682,0.0788863638309,1.89835553549,0.157709910818,-0.00288288751124,-0.0504889764204,-0.000205226200362,-0.0670808018161,-0.00665176344609,0.0283741825198,-0.0144979642124,0.573928745076,0.818890601819,0.00217364434442,0.0,0.818849309744,-0.573868190714,-0.0119102694979,0.0,-0.00850598617638,0.00861569907642,-0.999926706278,0.0,0.660316844309,0.25912408236,0.303440946372,1.0,-0.00758,-0.00996228571429,0.38
0.463982591976,0.539390804202,-0.123992494341,-1.36868387193,0.0788270406999,1.89877663433,0.157585399301,-0.0026137790692,-0.0409343451796,0.000610425926148,-0.071360033842,-0.00235481917517,0.0214324528494,-0.00278156174582,0.573948710653,0.818876578856,0.00218472942462,0.0,0.818835383004,-0.573888060205,-0.0119103650771,0.0,-0.00849949251724,0.00862503849327,-0.999926680981,0.0,0.660194372396,0.258960211638,0.303439057603,1.0,-0.0079,-0.0103828571429,0.396
0.463857178681,0.538553949647,-0.12399704276,-1.36998713037,0.0787573804357,1.89928548414,0.157419180546,-0.0097395319653,-0.0423174772082,-0.000830526880476,-0.0716092372174,0.000236423786838,0.0235582411904,-0.00869101393333,0.573972052938,0.818860114334,0.00222317349287,0.0,0.818819388209,-0.5739112137,-0.0118943341402,0.0,-0.00846405457569,0.00864755943642,-0.999926787068,0.0,0.660053779429,0.258754317834,0.303454185747,1.0,-0.00828,-0.0108822857143,0.415
0.463744525971,0.537819245256,-0.124004288298,-1.37115194256,0.0786907383533,1.89972882884,0.157279102001,-0.011827899916,-0.0469921234508,-0.0011277303008,-0.0749478706104,-0.000265856342316,0.0261046071611,-0.00459016603562,0.574001228539,0.81883963556,0.00223333240831,0.0,0.818799050542,-0.57394035414,-0.0118882976993,0.0,-0.00845297250813,0.00865271453169,-0.999926836217,0.0,0.659926345424,0.258566436413,0.303457322037,1.0,-0.0086,-0.0113028571429,0.431
0.463624347396,0.53695327898,-0.124003693607,-1.37250707995,0.078605580039,1.90022704248,0.157101064955,-0.00460505645544,-0.0505895447477,0.000720944750209,-0.0742503254328,-0.000740641984623,0.0326278539573,-0.0155892908894,0.574005263531,0.818836791605,0.00223898489096,0.0,0.818796287867,-0.573944374007,-0.0118845034532,0.0,-0.00844657851863,0.00865520669347,-0.99992686868,0.0,0.659770118081,0.258358019682,0.30346689638,1.0,-0.00896,-0.011776,0.449
0.463495029855,0.536114634358,-0.12401371283,-1.37383488145,0.0785360623897,1.90072456452,0.156952669494,-0.0123283379744,-0.0510730999343,0.000221827064457,-0.0788000034565,-0.01191959971,0.0288368723278,-0.00368465760226,0.574051183264,0.81880457453,0.00224824901023,0.0,0.81876414194,-0.573990200428,-0.011885982754,0.0,-0.00844198668618,0.00866411494698,-0.99992683031,0.0,0.659622974779,0.258142792811,0.303470350029,1.0,-0.0093,-0.0122228571429,0.466
0.46339513447,0.535324884058,-0.124015387646,-1.37507915824,0.0784569791722,1.90117124939,0.156793245222,-0.00992530856995,-0.0557827609957,0.00081056449438,-0.0820385731582,-0.00249441875943,0.0303178358447,-0.01322321313,0.574050671002,0.81880495912,0.00223896027829,0.0,0.818764413675,-0.573989733459,-0.0118898143007,0.0,-0.00845046139667,0.0086587035838,-0.999926805599,0.0,0.65947451696,0.257956122992,0.303474189997,1.0,-0.0096,-0.0126171428571,0.481
0.463271520753,0.534375247701,-0.124023700581,-1.37661210161,0.078380635227,1.90173467501,0.156607797058,-0.00392854902273,-0.0559950171047,-0.00110456607295,-0.0872302216503,-0.00134225639533,0.0344804857281,-0.0133387777905,0.574069549623,0.818791754211,0.00222762944801,0.0,0.818750929658,-0.574008520382,-0.0119113649037,0.0,-0.00847441223982,0.00866199233735,-0.999926574417,0.0,0.659293651872,0.257726155091,0.303463663322,1.0,-0.00996,-0.0130902857143,0.499
0.463138541324,0.533460201128,-0.124025065588,-1.37808710624,0.0782880418821,1.90227568291,0.156424438643,-0.0064159884514,-0.0519779378029,-0.000558157546867,-0.0865607421409,-0.00824793614165,0.0348885432753,-0.00706884631427,0.574085167523,0.818780856918,0.00220809350253,0.0,0.818739786698,-0.574024223942,-0.011920524625,0.0,-0.00849296172399,0.00865141694615,-0.999926508592,0.0,0.659122204418,0.257496356109,0.303453914185,1.0,-0.0103,-0.0135371428571,0.516
0.463027614303,0.532629430133,-0.124033213127,-1.37944245443,0.0782141788586,1.90278899218,0.156251859019,-0.00810286312299,-0.0547175584308,-0.00126653107182,-0.089858369542,-0.0103739369517,0.0348118042544,-0.0130625798149,0.574094837927,0.81877410093,0.00219900247261,0.0,0.818732874328,-0.574033891273,-0.0119297554892,0.0,-0.00850563663859,0.00864937318638,-0.999926418537,0.0,0.658965351604,0.257291405305,0.303439368243,1.0,-0.0106,-0.0139314285714,0.531
0.462895220698,0.531600377212,-0.124025479285,-1.38108753875,0.07811931886,1.9033962858,0.156046403949,-0.0118827982665,-0.0559001172368,0.00748664804249,-0.0910068940798,-0.00918475068315,0.0314954721887,-0.0154969882229,0.574093868396,0.818774792023,0.00219479361208,0.0,0.818733404779,-0.57403283144,-0.0119443387976,0.0,-0.00852000395977,0.00865428913445,-0.999926253687,0.0,0.65876762649,0.257052758088,0.303434124179,1.0,-0.01096,-0.0144045714286,0.549
0.462759211989,0.530592090336,-0.12402621435,-1.38272991727,0.0780149544688,1.90397049068,0.155835997715,-0.0119568704943,-0.0565025427358,1.02188495572e-05,-0.103017675234,-0.0124467115243,0.0402159321182,-0.0187712686827,0.574094661015,0.818774379743,0.00214060092872,0.0,0.818732255464,-0.574033815567,-0.0119757817991,0.0,-0.00857685112675,0.00862797753407,-0.999925995076,0.0,0.658566289532,0.256803122771,0.30341269654,1.0,-0.0113,-0.0148514285714,0.566
0.462636773958,0.529674736547,-0.124025509496,-1.38416613682,0.0779236247781,1.90449536357,0.155632094316,-0.0102543149183,-0.0601047329028,0.00131694246599,-0.0947444253218,-0.00243863030625,0.0409978764809,-0.0125707041996,0.57408087727,0.818784036697,0.00214347942974,0.0,0.81874195586,-0.5740200276,-0.0119734927855,0.0,-0.00857346970068,0.00862887591553,-0.999926016322,0.0,0.658395922253,0.256585318337,0.303420781231,1.0,-0.0116,-0.0152457142857,0.581
0.462479468311,0.528456529926,-0.124028685695,-1.3860606783,0.0778065404525,1.90520772748,0.155377653187,-0.0124208113969,-0.064360525411,0.000686243229593,-0.0999833757753,-0.00864641688705,0.0452126728789,-0.0106195432592,0.574074866277,0.818788177876,0.00217130851824,0.0,0.818746489015,-0.574013932222,-0.0119557200154,0.0,-0.00854300534529,0.00864139596861,-0.999926168942,0.0,0.65817451911,0.256300421722,0.303438737909,1.0,-0.01198,-0.0157451428571,0.6
0.462354523445,0.527476320991,-0.124031478516,-1.38757917881,0.0777166859666,1.90579251265,0.15516299593,-0.0108588065393,-0.0681029791554,-0.00118309587825,-0.099619477998,-0.00748562985689,0.0443823391865,-0.0130123631644,0.574061507919,0.818797438987,0.00221041518867,0.0,0.818756268271,-0.574000424756,-0.0119345066426,0.0,-0.00850332793279,0.00866109892375,-0.999926336677,0.0,0.657999018167,0.256074324616,0.303456776927,1.0,-0.01228,-0.0161394285714,0.615
0.46219880005,0.526324125734,-0.124036117959,-1.3893703746,0.0776071530498,1.90647040268,0.154915122064,-0.0141476957424,-0.0643774205179,-0.00146601988421,-0.10716138153,-0.00845580478267,0.0381628738469,-0.0153955790318,0.574056640541,0.818800768216,0.00224105375678,0.0,0.818760026423,-0.573995464804,-0.0119152178921,0.0,-0.00846999794445,0.00867506220941,-0.999926498514,0.0,0.65779163278,0.255799960541,0.303473938337,1.0,-0.01262,-0.0165862857143,0.632
0.462048132674,0.525137429278,-0.124036940348,-1.39120154958,0.0774886153388,1.90713011127,0.15467287725,-0.0103771326455,-0.0678192040943,-0.000333422771344,-0.106294478892,-0.00744320647417,0.0392877225756,-0.0192319387141,0.574048755442,0.818806270699,0.00225040923409,0.0,0.818765672377,-0.57398756537,-0.0119077889528,0.0,-0.00845862820216,0.00867837634373,-0.999926566,0.0,0.657569897905,0.255524228183,0.303494310983,1.0,-0.01296,-0.0170331428571,0.649
0.461894624862,0.523964977743,-0.12404037532,-1.39308709978,0.0773688032607,1.90780000367,0.154416649981,-0.00327785521117,-0.0691527378658,2.47728377154e-05,-0.110151366237,-0.00754939074329,0.0398818106833,-0.0154216070101,0.574035965556,0.818815348131,0.00220970896645,0.0,0.818774208023,-0.573974929024,-0.0119299634824,0.0,-0.00850028331164,0.00865764750218,-0.999926392453,0.0,0.65733783163,0.255238994202,0.303479478994,1.0,-0.0133,-0.01748,0.666
0.461739363105,0.522817968193,-0.124047243085,-1.39490221059,0.0772506547939,1.90849942509,0.154174311561,-0.00894232763078,-0.0802897111586,-0.00271431820701,-0.114174498227,-0.00932223935298,0.0414325196043,-0.00821417798977,0.574035159505,0.818815862848,0.00222829574664,0.0,0.818775080366,-0.573974166058,-0.0119067783113,0.0,-0.00847063784984,0.00865954913931,-0.99992662756,0.0,0.657128115814,0.254960908603,0.303482646648,1.0,-0.01362,-0.0179005714286,0.682
0.4615768666,0.52160810126,-0.124056351174,-1.39685502308,0.0771402734086,1.90926203785,0.153903258675,-0.00949290193981,-0.0706579582901,-0.000453849544397,-0.114760888081,-0.0136957004443,0.0488647139017,-0.0180268856194,0.574027808701,0.818820972563,0.00224424402868,0.0,0.818780389532,-0.573966743934,-0.0118994738209,0.0,-0.00845558008536,0.00866833877447,-0.999926678846,0.0,0.656901556447,0.254666791955,0.303469741299,1.0,-0.01396,-0.0183474285714,0.699
0.461404039519,0.520326055019,-0.124059544438,-1.398899346,0.0770064764596,1.91001049976,0.153639665537,-0.0140522274431,-0.0799923622604,-0.000220351297325,-0.125732792623,-0.0135924389799,0.0434429057649,-0.0130554551445,0.574028638097,0.81882044224,0.00222551471525,0.0,0.818779667812,-0.573967701868,-0.0119029278406,0.0,-0.00846915012917,0.00865499429242,-0.999926679597,0.0,0.656654349768,0.254354787534,0.303462166345,1.0,-0.0143,-0.0187942857143,0.716
0.461239128614,0.518995251446,-0.124060981789,-1.40095549166,0.0768805124574,1.91075067918,0.153351643229,-0.00996075275775,-0.0869847398377,-0.00091519510742,-0.122956029083,-0.00557861073651,0.0488465432949,-0.0173167421121,0.574004065001,0.818837633568,0.00223832884311,0.0,0.818796980268,-0.573943033786,-0.0119015114169,0.0,-0.0084608950961,0.00866441964745,-0.999926667854,0.0,0.656400415077,0.254048996222,0.303482015347,1.0,-0.01464,-0.0192411428571,0.733
0.461079296954,0.517723893727,-0.124063712708,-1.40295730782,0.0767476339642,1.91146394183,0.153083775513,-0.00922784889437,-0.0816943484513,0.000471311317975,-0.124836907936,-0.00931769121843,0.0473436446227,-0.0256780347513,0.57398762083,0.818849217439,0.00221746115031,0.0,0.818808328492,-0.573926712227,-0.011907858134,0.0,-0.00847824335939,0.00865080537233,-0.999926638787,0.0,0.656151050968,0.253748580611,0.303483327624,1.0,-0.01496,-0.0196617142857,0.749
0.460895423178,0.516378490542,-0.124072095058,-1.40508215335,0.0766117138762,1.91225588864,0.152786649926,-0.0105288725715,-0.0745808068168,0.000478669828924,-0.12263309456,-0.0132521298446,0.0427269611519,-0.0173715924786,0.573976580966,0.818856944779,0.002221573871,0.0,0.818816177598,-0.573915726893,-0.0118975892144,0.0,-0.00846759039864,0.00864816470828,-0.999926751897,0.0,0.655897035289,0.253420324293,0.303484669888,1.0,-0.0153,-0.0201085714286,0.766
0.460714307575,0.51500065451,-0.124075527476,-1.40727726819,0.0764821317133,1.91308258895,0.152490275624,-0.00813550333065,-0.0804598681135,0.000102829735571,-0.126683986068,-0.0039351848634,0.0527959307772,-0.015664919894,0.573965643576,0.818864590236,0.00222929453222,0.0,0.818823882537,-0.573904718042,-0.0118983569003,0.0,-0.00846390345408,0.00865481431198,-0.999926725579,0.0,0.655631177795,0.253092262693,0.303477784765,1.0,-0.01564,-0.0205554285714,0.783
0.46052403525,0.513589355833,-0.124077910655,-1.40954288572,0.0763507121445,1.91386128158,0.152178856105,-0.00706351323972,-0.0830195298901,-0.000396363874842,-0.133469716901,-0.00830937387308,0.0484274293174,-0.0199148479675,0.573951541719,0.818874635387,0.00216937301068,0.0,0.818832962449,-0.573890672763,-0.0119508252463,0.0,-0.00854140917813,0.00863571496818,-0.999926231657,0.0,0.655341165283,0.252747470415,0.303456172834,1.0,-0.01598,-0.0210022857143,0.8
0.460341919436,0.512274797698,-0.124081237016,-1.41167055729,0.0762210154795,1.91461849036,0.151872188828,-0.00871330167594,-0.0791362286332,-8.36178529636e-05,-0.134981689114,-0.0115840670311,0.0485938980175,-0.0195200249197,0.573923646245,0.818894310598,0.00212208662483,0.0,0.818851935838,-0.573862890132,-0.0119848823636,0.0,-0.00859673073081,0.00861624801616,-0.999925925502,0.0,0.655057428563,0.252404258777,0.303428985533,1.0,-0.01632,-0.0214491428571,0.817
0.460132814918,0.510744798648,-0.124081656763,-1.41410690689,0.0760688043473,1.91555547484,0.151525246371,-0.0114413494613,-0.0809469972535,-0.00140559636692,-0.131944251926,-0.00599468582658,0.0531240593828,-0.0218710492516,0.573902285323,0.818909227889,0.00214249402807,0.0,0.818867160738,-0.573841488948,-0.0119693579196,0.0,-0.00857253073692,0.00862382590093,-0.999926067939,0.0,0.654782085465,0.252054184719,0.303423194649,1.0,-0.01666,-0.021896,0.834
0.459941096174,0.509341543797,-0.124084291739,-1.41633812964,0.0759354696058,1.91637619718,0.151213521072,-0.00819282444473,-0.0895624519187,-0.000197833970776,-0.134486243636,-0.00244766329115,0.0511473122456,-0.0189497800843,0.573886185439,0.818920525857,0.00213667814988,0.0,0.818878314965,-0.573825346909,-0.0119801262912,0.0,-0.00858485652673,0.00862507444075,-0.999925951423,0.0,0.654506339766,0.251714969104,0.303414609803,1.0,-0.01698,-0.0223165714286,0.85
0.459723889301,0.507824466552,-0.12409044451,-1.4187193129,0.0757784048508,1.91722137652,0.150881720527,-0.00885059785607,-0.0922409304442,-0.00186717582216,-0.140103451284,-0.00693821283407,0.0589682857679,-0.0215278644635,0.573877610042,0.8189265942,0.00211397840454,0.0,0.818884119286,-0.573816899111,-0.0119880097579,0.0,-0.0086044291313,0.00861091951989,-0.999925905187,0.0,0.654210198028,0.251338699237,0.303415983013,1.0,-0.01732,-0.0227634285714,0.867
0.459511192674,0.506260967136,-0.124103191885,-1.42116003776,0.075618076038,1.91812104635,0.150551126996,-0.00838633949867,-0.099285699186,-0.00177739913226,-0.144409306355,-0.00530106317567,0.0527783473217,-0.0128537266884,0.573872361025,0.818930224459,0.00213251482124,0.0,0.818888058748,-0.573811641401,-0.0119705611368,0.0,-0.00857955767184,0.00861603098987,-0.999926074868,0.0,0.653896693208,0.25093636151,0.303428092184,1.0,-0.01768,-0.0232365714286,0.885
0.459297801597,0.504757688669,-0.124109168567,-1.423468576,0.0754751633311,1.91902133908,0.150238469356,-0.0148073778822,-0.098159011712,-0.00100016620087,-0.149447761945,-0.00612529605125,0.062989933658,-0.0243518704779,0.573876755955,0.818926964257,0.00220070203152,0.0,0.818885803942,-0.573815874782,-0.0119217805571,0.0,-0.00850043345853,0.00864392282596,-0.999926509914,0.0,0.653639663489,0.250599106042,0.303455861149,1.0,-0.01798,-0.0236308571429,0.9
0.459019309941,0.502695125693,-0.124105386479,-1.42652147563,0.0752778514612,1.92017424905,0.149811360778,-0.0119388490677,-0.0953573346169,0.00215183338724,-0.147709135801,-0.009884688311,0.0534404610868,-0.0213587131975,0.5738557125,0.818941336342,0.00233575727753,0.0,0.818902009626,-0.573794376666,-0.0118430924414,0.0,-0.00835871449047,0.00870915025789,-0.999927138643,0.0,0.65327013092,0.250130653997,0.303543009743,1.0,-0.0184,-0.0241828571429,0.921
0.458839309785,0.501387830862,-0.124116246264,-1.42847805715,0.0751528052757,1.92087398987,0.149527881335,-0.0123942469544,-0.106495522673,0.000750386035241,-0.152595825795,-0.00739924938066,0.0516634344536,-0.0272628335658,0.57384480957,0.81894886081,0.00237588048044,0.0,0.818910088579,-0.573783354621,-0.0118184468096,0.0,-0.0083156229805,0.00872775488986,-0.999927335714,0.0,0.653027517392,0.249819181577,0.303585206758,1.0,-0.01866,-0.0245245714286,0.934
0.458555061815,0.499394570885,-0.124117655052,-1.43154626752,0.0749596438501,1.92195840131,0.149103209081,-0.0131471685635,-0.0915147812266,0.0002365416964,-0.156553600527,-0.00500027506408,0.0564375089482,-0.021592729147,0.573834698603,0.818955922764,0.00238372633746,0.0,0.818917173869,-0.573773132243,-0.0118237878431,0.0,-0.0083156030577,0.00873714238592,-0.999927253898,0.0,0.652638454262,0.249337603159,0.303609484199,1.0,-0.01906,-0.0250502857143,0.954
0.4583447435,0.498004898583,-0.124120260525,-1.43372474844,0.0748213073139,1.92277362285,0.148777836611,-0.0129794072636,-0.106628471837,-0.000678095920198,-0.153820182603,-0.0148429822703,0.0607131667928,-0.0251751097891,0.573815696794,0.818969181671,0.00240260018915,0.0,0.818930698379,-0.573754081982,-0.0118115013178,0.0,-0.00829491360541,0.00874535628488,-0.999927353937,0.0,0.652372145716,0.248991762674,0.303612369215,1.0,-0.01934,-0.0254182857143,0.968
0.458058565199,0.496238034513,-0.124117789997,-1.43656188768,0.0746487743018,1.92377833054,0.148371459406,-0.0221178633224,-0.102861622942,0.000249351429485,-0.154161295054,-0.00191272479527,0.0591425406703,-0.0283765801196,0.573812384705,0.818971657402,0.00234913449468,0.0,0.818932315181,-0.573750804699,-0.0118585058729,0.0,-0.00836412343766,0.00872850773518,-0.999926924626,0.0,0.652012851001,0.24853381455,0.303580488583,1.0,-0.0197,-0.0258914285714,0.986
0.45781885396,0.494751071516,-0.124118026796,-1.43898652837,0.0744934267147,1.92460617402,0.148028249496,-0.0177239029768,-0.103866459101,0.00046229735749,-0.164261979242,-0.00804403465777,0.0558091462168,-0.0180907188665,0.573807698398,0.818975209122,0.00225366457867,0.0,0.818934506319,-0.573746375072,-0.011921340226,0.0,-0.00847041330367,0.00868632772477,-0.999926397196,0.0,0.651697631187,0.248140793461,0.303534090933,1.0,-0.01998,-0.0262594285714,1.001
0.457547471411,0.49296022697,-0.124142812752,-1.44184150213,0.0743164140128,1.92566614817,0.147630991685,-0.0111635496556,-0.114561460408,-0.00453668001478,-0.180813530833,-0.0156487564069,0.0685323822077,-0.0257450815568,0.573818206283,0.818967877448,0.00224248686467,0.0,0.818927090089,-0.57375698913,-0.011919959908,0.0,-0.00847558493477,0.00867649030536,-0.999926438782,0.0,0.651345752143,0.247677953423,0.303514725878,1.0,-0.0227874285714,-0.0299491918367,1.018
0.457226183803,0.490813028473,-0.12416232734,-1.44526693476,0.0741135650009,1.92691165813,0.147128809668,-0.0191288580194,-0.135358076505,-0.0014006654359,-0.194849212115,-0.0150920750941,0.0670778641053,-0.0325207697022,0.573800817953,0.818980135886,0.00221477779061,0.0,0.818938882219,-0.573739607638,-0.0119464103106,0.0,-0.00851333090694,0.00866879455719,-0.999926184875,0.0,0.65091251214,0.24713139285,0.303486918161,1.0,-0.02576,-0.033856,1.036
0.456954002771,0.489100795649,-0.124176420183,-1.4480352962,0.0739502429967,1.92788014463,0.146733027776,-0.023792810448,-0.138835951611,-0.00198834816397,-0.219336498239,-0.00885825317897,0.0772663937443,-0.0375918370883,0.573803422833,0.818978503612,0.00214230428666,0.0,0.818936137677,-0.573742341844,-0.0120031030915,0.0,-0.00860131833224,0.00864199842202,-0.99992566383,0.0,0.650555311754,0.246679963763,0.303444323041,1.0,-0.0279068571429,-0.0366775836735,1.049
0.456494408987,0.486279493619,-0.124204958749,-1.45239129665,0.0736819627691,1.92955987009,0.146101705393,-0.0245592374346,-0.156493295461,-0.0032571258946,-0.234342512453,-0.0174539088511,0.0959293903896,-0.0334008759111,0.573827202516,0.818961533162,0.00225737780445,0.0,0.818920811476,-0.573765792797,-0.0119275499954,0.0,-0.00847316160011,0.00869313367992,-0.999926314765,0.0,0.650034847481,0.245955950542,0.303477608845,1.0,-0.0310445714286,-0.0408014367347,1.068
0.455988597203,0.483182821535,-0.124239394269,-1.45718757387,0.0733802943913,1.93126363494,0.145360980474,-0.0298245727111,-0.164530215646,-0.0021735035374,-0.264260879661,-0.0197789830598,0.092079601506,-0.0440863536425,0.573813674583,0.818971017527,0.00225526380525,0.0,0.818930249885,-0.573752256206,-0.0119306841206,0.0,-0.00847708502756,0.00869306081545,-0.999926282144,0.0,0.649429338659,0.245146956491,0.303492775836,1.0,-0.0341822857143,-0.0449252897959,1.087
0.455554355644,0.480498697758,-0.124274619866,-1.46135624541,0.0731292327479,1.93272137285,0.144741152969,-0.0299483683246,-0.182351316565,-0.000221772070999,-0.281737827048,-0.0168403126963,0.0973940099487,-0.0466530809038,0.573822797558,0.818964685004,0.0022335218121,0.0,0.818923499575,-0.573761328583,-0.0119576990772,0.0,-0.00851158869027,0.00869085116139,-0.999926008245,0.0,0.64889419226,0.244444781904,0.303497255519,1.0,-0.0366594285714,-0.0481809632653,1.102
0.455051220523,0.477424650217,-0.124308370891,-1.46604285961,0.0728336249666,1.93443939712,0.144059910414,-0.0347666073459,-0.195888488974,-0.00223352897896,-0.296817948617,-0.0285011422452,0.108442029007,-0.0406789896028,0.573848850622,0.818946200695,0.00231601131888,0.0,0.818906168319,-0.57378712694,-0.0119066094651,0.0,-0.00842213725624,0.00872935817848,-0.999926430249,0.0,0.648309271264,0.243653384608,0.303545868017,1.0,-0.0393017142857,-0.0516536816327,1.118
0.454432688088,0.473766739846,-0.124342627478,-1.4716578884,0.0724981456022,1.93651228038,0.143254813316,-0.032102490049,-0.209387009852,-0.0046480480922,-0.320680773055,-0.0228222453343,0.110289030226,-0.0495571932178,0.573901176428,0.818909242235,0.00241652166473,0.0,0.818870432204,-0.573838961717,-0.0118662621918,0.0,-0.00833085789141,0.00878904918813,-0.999926672022,0.0,0.647607054912,0.242702897016,0.303585016426,1.0,-0.0422742857143,-0.0555604897959,1.136
0.453848627941,0.47029617321,-0.124349924359,-1.47697715005,0.0721746365818,1.93836847594,0.142456905253,-0.0357433752325,-0.22117127588,-0.00107372610219,-0.341395336134,-0.0199964637077,0.123780346039,-0.0471159890897,0.573897535817,0.81891174315,0.0024335601851,0.0,0.81887283161,-0.573834913901,-0.0118963919159,0.0,-0.00834579392418,0.0088202561426,-0.999926272685,0.0,0.646909476425,0.241811443131,0.303612765633,1.0,-0.0449165714286,-0.0590332081633,1.152
0.453162252345,0.466111551602,-0.124354611775,-1.48324019561,0.0717732298158,1.94074359782,0.141439687726,-0.0398992975635,-0.240150822041,-0.00201455121602,-0.354027680451,-0.0255703127374,0.125266788405,-0.0537434822746,0.573817875859,0.818966787166,0.00268211938746,0.0,0.81893121869,-0.573754448583,-0.0117574949465,0.0,-0.00809027569411,0.00894330426057,-0.99992727973,0.0,0.646122204429,0.240776247285,0.303725592024,1.0,-0.0478891428571,-0.0629400163265,1.17
0.45249559082,0.462237591422,-0.124359666193,-1.48926577932,0.0713682322951,1.94280198542,0.140529789123,-0.0431591940841,-0.247541054891,0.000543385193863,-0.388797675945,-0.0224408478463,0.135762784216,-0.0562051677458,0.573793508569,0.818984136886,0.0025961420307,0.0,0.818947285388,-0.573730219086,-0.011820590658,0.0,-0.00819154881416,0.00890885317855,-0.99992676275,0.0,0.645311314751,0.239757403178,0.303706344718,1.0,-0.0505314285714,-0.0664127346939,1.186
0.451752918309,0.45791418046,-0.124373148399,-1.49592324086,0.0709158683692,1.94512697651,0.139535839344,-0.0433673425758,-0.260804542667,-0.00438717171257,-0.395080464098,-0.0348312843805,0.143025379044,-0.060153677517,0.573782191106,0.818992130823,0.00257560104378,0.0,0.818954989234,-0.573718955226,-0.0118335508341,0.0,-0.00821407201921,0.00889935339134,-0.999926662576,0.0,0.644422667701,0.238627429205,0.303715179709,1.0,-0.0533388571429,-0.0701024979592,1.203
0.450991778834,0.453731768226,-0.124385116171,-1.50249798861,0.0704777217097,1.94746855839,0.138490191984,-0.0461711387868,-0.268140019857,9.156875852e-05,-0.415729602769,-0.0256196634118,0.147867603247,-0.0673386776453,0.573740051753,0.819021818994,0.00252188964689,0.0,0.818983899312,-0.573676939955,-0.0118696306768,0.0,-0.00827489588958,0.00887564041903,-0.999926371842,0.0,0.643550028228,0.237498904296,0.303663915348,1.0,-0.0559811428571,-0.0735752163265,1.219
0.450030671002,0.448371147568,-0.124460524432,-1.51050533696,0.0699261429227,1.9504471614,0.13725031494,-0.0530285924385,-0.287623834867,-0.00357133887786,-0.433357769704,-0.0305183129172,0.149798730139,-0.0670026081802,0.573779290716,0.818993534445,0.00276820935335,0.0,0.818959416384,-0.57371593467,-0.0116725114312,0.0,-0.00797169905625,0.00896466904396,-0.999928040772,0.0,0.642531599075,0.236077176767,0.303790514439,1.0,-0.0591188571429,-0.0776990693877,1.238
0.449181135723,0.443718134104,-0.124485915143,-1.51773035232,0.0694409219613,1.95281837688,0.136162555019,-0.0552850508227,-0.295819586123,-0.00136963565706,-0.456497027729,-0.0312249749494,0.145952734849,-0.073056440554,0.573792270444,0.81898501014,0.0025943101799,0.0,0.818948288183,-0.573729154762,-0.0118027607087,0.0,-0.00817801016406,0.00889711004235,-0.999926978125,0.0,0.641520246875,0.23481213681,0.303745082232,1.0,-0.0617611428571,-0.0811717877551,1.254
0.448213807191,0.438600172726,-0.124501306508,-1.52569428902,0.0688787660969,1.95554109466,0.134888650479,-0.0575555472434,-0.304941730148,0.00106438698604,-0.468482802427,-0.0363483424641,0.160925589543,-0.0759470244123,0.573748834101,0.819015826566,0.00246943379252,0.0,0.818977419903,-0.573686132086,-0.0118724236415,0.0,-0.00830718288024,0.00883436982729,-0.999926469608,0.0,0.64042211926,0.233410032973,0.303690716637,1.0,-0.0645685714286,-0.0848615510204,1.271
0.44724801591,0.433509736323,-0.124519751989,-1.53326649521,0.0683841482935,1.9583342351,0.133653305273,-0.0582769058028,-0.321194433203,-0.000370247118671,-0.479439695311,-0.0321763984783,0.173707040037,-0.0754593116746,0.57373706983,0.819023236045,0.00273137731153,0.0,0.818988284839,-0.573673451095,-0.0117348926706,0.0,-0.00804438600053,0.00896988165324,-0.999927411904,0.0,0.639424060269,0.232069211213,0.303802970904,1.0,-0.0672108571429,-0.0883342693877,1.287
0.446143795919,0.428055924901,-0.124564734608,-1.54170010769,0.0677623473402,1.96124888997,0.132311613929,-0.0640416856433,-0.328020745238,-0.000571477527255,-0.509672462133,-0.0408208592855,0.163109436742,-0.0744394396584,0.57376527951,0.819003789173,0.00263519436754,0.0,0.818967879087,-0.573702323912,-0.0117474874999,0.0,-0.00810957577756,0.00889861131695,-0.999927522122,0.0,0.638270430144,0.230519728823,0.303758436591,1.0,-0.0700182857143,-0.0920240326531,1.304
0.444996294193,0.422327444737,-0.124679926585,-1.55051465536,0.0671280071037,1.96412221312,0.130829893026,-0.0693549252052,-0.342521828943,-0.0088608140729,-0.519994426665,-0.0345553198055,0.172160965379,-0.0907975490803,0.573772995331,0.81899904955,0.00241941465025,0.0,0.818960457856,-0.573710976504,-0.0118419089714,0.0,-0.00831062745617,0.00877614147857,-0.999926953738,0.0,0.637029076382,0.228859144661,0.303710233809,1.0,-0.0728257142857,-0.0957137959184,1.321
0.443776928893,0.416366579345,-0.124727471211,-1.55940742946,0.0664950756912,1.96730770778,0.129424970546,-0.0725736780797,-0.358490848846,-0.00373354734626,-0.521774022283,-0.037084813582,0.200422455702,-0.0790550718441,0.573851416921,0.818943532645,0.00260548224085,0.0,0.818907698391,-0.573789063011,-0.0117063908602,0.0,-0.00809203166858,0.00885154886695,-0.999928081967,0.0,0.635823892322,0.227209771873,0.303798547948,1.0,-0.0756331428571,-0.0994035591837,1.338
0.442571432331,0.41062692893,-0.12472614546,-1.56802861448,0.0659261647987,1.97034349128,0.127929366971,-0.0759264450899,-0.362519134514,-0.0010769908196,-0.548214692522,-0.0325496422606,0.181602532922,-0.0960044107643,0.573809924371,0.818972142428,0.0027472752873,0.0,0.818937800332,-0.573746690446,-0.0116773837721,0.0,-0.00798736568348,0.00895061860694,-0.999928041619,0.0,0.634623230149,0.225630378131,0.303843842637,1.0,-0.0782754285714,-0.102876277551,1.354
0.441235245884,0.404446002618,-0.124799297806,-1.57759793554,0.0652186791116,1.97347019431,0.12639268908,-0.0847030645868,-0.358309910147,-0.00464944898971,-0.576037050621,-0.0487362489275,0.179598923442,-0.0954875498244,0.57389051043,0.818916502634,0.00248810219723,0.0,0.818878747605,-0.573828154897,-0.0118149172438,0.0,-0.00824784641177,0.00881809267451,-0.999927104479,0.0,0.633156138366,0.223704614239,0.303741844081,1.0,-0.081248,-0.106783085714,1.372
0.439915679636,0.398320447172,-0.124852103872,-1.58664959934,0.064588635304,1.97667883701,0.124832046783,-0.0825637883931,-0.392759734636,-0.00231595828786,-0.567436470259,-0.0388563192626,0.211299699736,-0.10029247607,0.573912595809,0.818900300174,0.00271618251467,0.0,0.818865668872,-0.573849584769,-0.0116797818901,0.0,-0.00800605082884,0.00892753443737,-0.999928098555,0.0,0.631980514349,0.222090249798,0.303837704461,1.0,-0.0837251428571,-0.110038759184,1.387
0.438346954465,0.391320700597,-0.124865951076,-1.5971865348,0.0637870401379,1.98021587384,0.123047355453,-0.0889455970242,-0.389043250747,-5.46527901297e-05,-0.592584923434,-0.0413910253044,0.196476776376,-0.101910095408,0.573927941606,0.818889659821,0.00268137713776,0.0,0.818854677413,-0.5738651623,-0.011685019398,0.0,-0.00803014723873,0.00890218873663,-0.999928131303,0.0,0.630452825042,0.220077825586,0.303835868555,1.0,-0.0866977142857,-0.113945567347,1.405
