position_joint1,position_joint2,position_joint3,position_joint4,position_joint5,position_joint6,position_joint7,velocity_joint1,velocity_joint2,velocity_joint3,velocity_joint4,velocity_joint5,velocity_joint6,velocity_joint7,ee_T_00,ee_T_10,ee_T_20,ee_T_30,ee_T_01,ee_T_11,ee_T_21,ee_T_31,ee_T_02,ee_T_12,ee_T_22,ee_T_32,ee_T_03,ee_T_13,ee_T_23,ee_T_33,v_x,v_y,time
0.465059929938,0.547685770642,-0.123970065638,-1.35575036046,0.0794891654801,1.89409115466,0.15917116397,-0.000125571190999,-0.000448518818667,0.00112248478822,-0.000899680464816,-0.000132867128379,-9.19270324935e-06,-7.87692139286e-05,0.573806306185,0.818976626096,0.00208705356651,0.0,0.818935347401,-0.573747261889,-0.0118204549137,0.0,-0.00848339834667,0.00849197700588,-0.999927956544,0.0,0.661696653255,0.26090075641,0.303319860265,1.0,0.0,0.0,0.0
0.465065077116,0.547684871136,-0.123973283889,-1.35575135049,0.0794895225263,1.89409125512,0.159169291775,0.000716713956982,0.000574257891588,-0.000859076068169,-0.000374586669978,7.73664487471e-05,0.000214389500775,-0.00751315937049,0.573802953869,0.818978976166,0.00208653534967,0.0,0.81893770243,-0.573743923749,-0.0118193231628,0.0,-0.00848280352454,0.00849086848437,-0.999927971004,0.0,0.661695846306,0.260902258788,0.303320142173,1.0,-0.00026,-0.000341714285714,0.014
0.465062597582,0.547675047066,-0.123973548222,-1.35574964737,0.079485853321,1.8940923322,0.159169994529,-0.00216319378283,-0.00375331395508,-0.000860045640958,-0.00080597165948,-0.000588130222645,-1.90554324954e-05,-8.76906396587e-05,0.573804668751,0.818977752137,0.00209535808149,0.0,0.818936631396,-0.573745641849,-0.0118101277584,0.0,-0.00847019239412,0.00849283544856,-0.999928061206,0.0,0.661697625992,0.26090027697,0.303328008034,1.0,-0.0006,-0.000788571428571,0.031
0.465056701335,0.547640353118,-0.123970675509,-1.3557789627,0.0794889929784,1.89409470397,0.159168468704,-0.000991428428977,0.000283216825968,-0.00017695221207,-0.00604111540211,0.000327286440508,0.000515465644379,0.00173082125495,0.573808626999,0.818974951174,0.00210614155669,0.0,0.818933902022,-0.573749488174,-0.0118125289656,0.0,-0.00846593068806,0.0085030854611,-0.999928010186,0.0,0.661692998668,0.26089568501,0.303338749145,1.0,-0.00092,-0.00120914285714,0.047
0.465058487572,0.547513834222,-0.123973269051,-1.3558996651,0.0794877317084,1.89411360108,0.159169991222,0.00183962315055,-0.0071944781986,-0.000157970037451,-0.00651462827704,0.000299624689407,0.00267767744008,0.00163456199189,0.573816381687,0.818969450739,0.00213207991695,0.0,0.818928667043,-0.57375706752,-0.0118073141607,0.0,-0.00844669629707,0.00852141571719,-0.999928016807,0.0,0.661672641846,0.260883782397,0.303372648507,1.0,-0.00126,-0.001656,0.064
0.465038695846,0.547382686524,-0.123972478371,-1.35607673828,0.0794824929751,1.89415961803,0.159165209515,-0.00366665018435,-0.00772831397771,-0.000703615400308,-0.00768862003142,-0.000103945656423,0.000500061412824,0.000306009381789,0.573836486017,0.818955352958,0.00213637046032,0.0,0.818914548466,-0.573777075234,-0.0118142773305,0.0,-0.00844972795024,0.00852913245126,-0.999927925401,0.0,0.661649962552,0.260854123818,0.303385228156,1.0,-0.0016,-0.00210285714286,0.081
0.465015844435,0.547217727141,-0.123973278171,-1.35628723142,0.0794808943499,1.89426124506,0.159152815197,8.61956368136e-06,-0.0119617031818,-0.000252578179268,-0.0175754861927,0.000638274987224,0.00167022503712,-0.00134022644595,0.573857078536,0.818940782764,0.00218966667124,0.0,0.818900610246,-0.573797395193,-0.011793502871,0.0,-0.00840191720333,0.00856106930367,-0.999928055352,0.0,0.661632562374,0.260822374351,0.303410738315,1.0,-0.00192,-0.00252342857143,0.097
0.464998869811,0.547018465162,-0.123973947258,-1.35651123485,0.0794748327404,1.89438771606,0.159142723514,-0.00170049311138,-0.014287003285,0.000217902880581,-0.0169183539526,-0.00259122827904,0.0106551421664,0.00214131333284,0.573874303862,0.81892846649,0.00227970182716,0.0,0.818889463951,-0.573814273891,-0.0117461402415,0.0,-0.00831128318449,0.00860779758816,-0.999928411634,0.0,0.661616606001,0.260794405528,0.303456255629,1.0,-0.00228,-0.00299657142857,0.115
0.464983187576,0.546812233717,-0.123968334385,-1.35677103223,0.079470654495,1.8945236944,0.159122220373,-0.00268233430129,-0.0135623190232,0.00114215053085,-0.0215884951066,0.000481047306218,0.00980426560333,2.42620846573e-05,0.573880055054,0.818924217937,0.00235681723548,0.0,0.8188861442,-0.573819660678,-0.0117143825215,0.0,-0.00824096214276,0.00865278205779,-0.999928605404,0.0,0.661592623504,0.260767717486,0.303490285201,1.0,-0.00262,-0.00344342857143,0.132
0.464965374066,0.546593097637,-0.12396896603,-1.35710810045,0.0794624851316,1.89464066956,0.159092078906,-3.79765576899e-05,-0.0165051686934,0.000184033352334,-0.0236789919158,8.65173031094e-05,0.00154987962221,-0.00620020821218,0.573887042726,0.818919304316,0.00236264924285,0.0,0.818881191865,-0.573826505709,-0.0117252656942,0.0,-0.00824645443578,0.00866387388878,-0.999928464081,0.0,0.661549661626,0.260725052666,0.303495207862,1.0,-0.00294,-0.003864,0.148
0.464935951356,0.546340292885,-0.123973881077,-1.35749964205,0.079452078433,1.89478422559,0.158942434464,-0.001202221864,-0.01375816684,0.000581905152885,-0.0283231089004,2.56452191162e-05,0.0120014640282,-0.0130827572127,0.573811164655,0.818972440772,0.00237391544699,0.0,0.818934370198,-0.573750485501,-0.0117313510304,0.0,-0.00824577680342,0.00867582818579,-0.999928366019,0.0,0.661504506193,0.260667647588,0.303500480275,1.0,-0.00326,-0.00428457142857,0.164
0.464891987638,0.54604387521,-0.123966542377,-1.3580104773,0.0794373521402,1.89495532002,0.158926176102,7.96469817604e-05,-0.0175242848809,-0.000324903667237,-0.0312253941504,-0.00127553860263,0.0108167863357,-0.0045983784913,0.573853333451,0.818942971985,0.0023467475644,0.0,0.818904345223,-0.573792537466,-0.0117704810483,0.0,-0.00829296615688,0.0086764586122,-0.999927970295,0.0,0.661439800144,0.260595295234,0.303481815321,1.0,-0.00362,-0.00475771428571,0.182
0.46483305697,0.545735074395,-0.123970930442,-1.35852075207,0.0794017947789,1.89512090401,0.158877787757,-0.0023057702627,-0.0193861689366,0.000295670638859,-0.0313726384158,-0.00804947628279,0.00847463435148,-0.00815511256472,0.573884005818,0.81892157577,0.00231246774208,0.0,0.818882531809,-0.573823365555,-0.0117852085979,0.0,-0.00832437384326,0.00865714883586,-0.999927876686,0.0,0.661382162307,0.260502738699,0.303472035265,1.0,-0.00394,-0.00517828571429,0.198
0.464769053952,0.54538610263,-0.123971202281,-1.35912660534,0.0792896739875,1.8953302122,0.158770178976,-0.00293205399925,-0.0228710888742,0.000291810654238,-0.0360475430093,-0.0049528978658,0.0153934120314,-0.0128349468289,0.57385252834,0.818943863085,0.00222973870861,0.0,0.818904380377,-0.573792864528,-0.0117520771166,0.0,-0.00834504394032,0.00857006696253,-0.999928454538,0.0,0.661316961883,0.2603889666,0.303448700137,1.0,-0.00428,-0.00562514285714,0.215
0.464696015639,0.544970031687,-0.123976354022,-1.35986362238,0.079276853231,1.89556118509,0.158702045735,-0.00518491496763,-0.0241146745217,-5.78443488979e-05,-0.0390685785378,-0.00049863371321,0.0107950481158,0.000126067612125,0.573897713799,0.818912362399,0.00216880323345,0.0,0.818871769432,-0.573837955206,-0.0118225755859,0.0,-0.00843727413367,0.00856108566874,-0.999927757499,0.0,0.661225540834,0.260269258553,0.303412631216,1.0,-0.00464,-0.00609828571429,0.233
0.464641843961,0.544643803891,-0.123977156212,-1.36040861893,0.0792646772205,1.89574457835,0.158636160277,-0.00114203627992,-0.0182129848047,0.000457382918073,-0.0452680710047,-0.000800258879437,0.0146511962851,-0.00866264098675,0.573927569625,0.818891500782,0.00214515088024,0.0,0.818850367071,-0.573867665133,-0.0118628058912,0.0,-0.00848348152602,0.00856511384474,-0.999927332043,0.0,0.661152270185,0.260166340309,0.303395891012,1.0,-0.00492,-0.00646628571429,0.248
0.464561468013,0.544110617846,-0.123982828067,-1.36128807015,0.0792274484753,1.89607298348,0.158500839129,-0.00544230621878,-0.0242740543118,-0.00081495513003,-0.048032945963,-0.00415637654421,0.0228363252974,-0.0101433386301,0.573913963069,0.818901048422,0.00214074496564,0.0,0.818859757092,-0.573853976721,-0.0118768058869,0.0,-0.00849761738647,0.00856939962521,-0.999927175293,0.0,0.661061944606,0.260045493136,0.303387442248,1.0,-0.0053,-0.00696571428571,0.266
0.464487991676,0.543604299645,-0.123982887314,-1.36211868394,0.0791847912353,1.89636462717,0.158428703152,-0.000639517288529,-0.0321212347017,0.00170388461853,-0.0490255866574,-3.66306130747e-05,0.015490749315,-0.00468056256582,0.573949960045,0.818875883146,0.00211619197255,0.0,0.818834176974,-0.57388997252,-0.0119011327442,0.0,-0.00853125348642,0.00856362985158,-0.99992693831,0.0,0.660963791779,0.259917831666,0.303375608075,1.0,-0.00564,-0.00741257142857,0.283
0.46441872738,0.543110773612,-0.123996653939,-1.36291717881,0.0791378476352,1.89663942911,0.158321477388,-0.0019049409145,-0.0253379207344,-0.00782488312561,-0.0539834195851,-0.00607868725894,0.0187883649199,-0.00221859101059,0.573960350085,0.818868673365,0.00208787274807,0.0,0.818826618202,-0.573900496404,-0.0119137085619,0.0,-0.00855769628059,0.00854776668954,-0.999926848084,0.0,0.660871507065,0.259786826813,0.303368935719,1.0,-0.00596,-0.00783314285714,0.299
0.464344546454,0.542522080883,-0.123993125997,-1.36382393252,0.0790816499487,1.89695689974,0.158181389479,-0.00466608712456,-0.0362942079126,-0.000304420934823,-0.0522418088168,-0.00154603766149,0.0204682113829,-0.00408185481105,0.573939216812,0.818883484578,0.0020882989844,0.0,0.818841395824,-0.573879324923,-0.0119178778749,0.0,-0.00856108657899,0.00855028776839,-0.999926797509,0.0,0.66076300887,0.259652402315,0.303381106099,1.0,-0.0063,-0.00828,0.316
0.464261646216,0.54189883265,-0.123992745834,-1.36479742607,0.0790241232153,1.89732778466,0.158072523092,-0.00264791631664,-0.0341262224925,-0.000555536598286,-0.0538222736358,-0.000673430250168,0.0218618321243,-0.0117211726937,0.573953888701,0.818873158056,0.0021051272477,0.0,0.818831285525,-0.573893923332,-0.0119095553803,0.0,-0.00854445999732,0.00855944446947,-0.999926861382,0.0,0.660659769457,0.259513245465,0.303391790241,1.0,-0.00664,-0.00872685714286,0.333
0.464182961276,0.541332233346,-0.123996088022,-1.36565629546,0.0789821701459,1.89764382541,0.157949061625,-0.00283593236303,-0.0377052495717,-0.000120570093681,-0.0550116607797,-0.000766455693365,0.0285015568669,-0.0059397352932,0.573958612465,0.81886978067,0.00213081753653,0.0,0.818828159298,-0.573898458362,-0.0119059620171,0.0,-0.00852672377216,0.0085784680027,-0.999926849759,0.0,0.660556941128,0.259372575999,0.303409920432,1.0,-0.00696,-0.00914742857143,0.349
0.46410419926,0.54064947763,-0.123999282498,-1.36669940706,0.0789220837483,1.89802913253,0.157824502823,-0.00744243818602,-0.0402570283311,0.000102953202096,-0.0610055500345,-0.00173790074502,0.0174688036742,-0.0085951102212,0.573965109426,0.81886516936,0.00215278237127,0.0,0.81882381594,-0.573904847466,-0.0118966972718,0.0,-0.00850646256364,0.00859120403484,-0.999926912983,0.0,0.660435475429,0.259220274871,0.30342954896,1.0,-0.0073,-0.00959428571429,0.366
0.46400218934,0.539888078042,-0.124004503701,-1.36787499607,0.0788424736035,1.89845906439,0.157672295236,-0.0084478428383,-0.0450422821305,-0.00118332628201,-0.0648422381891,-0.0109927687891,0.0254853186034,-0.0141080445838,0.573971434391,0.818860716596,0.00216014333259,0.0,0.818819545169,-0.573911229123,-0.0118827789825,0.0,-0.0084907738714,0.00858930864905,-0.999927062608,0.0,0.660301747843,0.259036633225,0.303445502325,1.0,-0.00766,-0.0100674285714,0.384
0.463906484492,0.53918938151,-0.123996766197,-1.36895984348,0.0787802534365,1.89887342779,0.157538851192,-0.00844500893773,-0.0428053472891,0.00178724250823,-0.0682463506524,-0.00100709987571,0.025374563415,-0.0100906753858,0.573978541086,0.818855664063,0.0021869398828,0.0,0.818814782697,-0.573918168173,-0.0118758064668,0.0,-0.00846960992541,0.00860732249254,-0.999927087195,0.0,0.660178445602,0.258876383774,0.303458471952,1.0,-0.00798,-0.010488,0.4
0.463791998337,0.538418495323,-0.124010514592,-1.37014523909,0.078720921603,1.8993351307,0.157391147789,-0.0106545993237,-0.0433758134144,-0.0018322090444,-0.0690243598568,-0.00150380852055,0.0296168504869,-0.00681036826537,0.574010743733,0.818832976155,0.00222938160373,0.0,0.818792629981,-0.573950180978,-0.011856042563,0.0,-0.00842872692146,0.00863106321058,-0.999927228007,0.0,0.660052624478,0.258683972741,0.303479286625,1.0,-0.00832,-0.0109348571429,0.417
0.463684230955,0.537644981067,-0.124008421227,-1.37136825398,0.0786468819526,1.8998178252,0.157246609073,-0.0035179661309,-0.0462409814335,0.000377683873828,-0.074674839902,-0.00463459571334,0.0254749586601,-0.0121573676836,0.574027024613,0.818821490213,0.00225589903441,0.0,0.818781510309,-0.573966377554,-0.0118398781931,0.0,-0.00840009823705,0.00864366488681,-0.999927360065,0.0,0.659917547551,0.258499815816,0.303485202494,1.0,-0.00866,-0.0113817142857,0.434
0.463581243329,0.536872300181,-0.124022228951,-1.37257159468,0.0785746153878,1.90027167328,0.157092018226,-0.0067481527516,-0.0533508725089,-0.000221391262966,-0.0776465515271,-0.00630431709442,0.0356497146554,-0.0092553112908,0.57404145428,0.818811330376,0.00227176504943,0.0,0.818771620642,-0.57398080938,-0.0118241530637,0.0,-0.00837796226059,0.00864777726805,-0.999927510221,0.0,0.659783293705,0.258310256133,0.303497773984,1.0,-0.00898,-0.0118022857143,0.45
0.463467878,0.53602730666,-0.124021198967,-1.37390181465,0.078499170471,1.90076398885,0.156924557397,-0.00655093189167,-0.0518253454552,0.00116735466531,-0.0820778276872,-0.00164435589887,0.0340454192095,-0.00874392284344,0.574049400752,0.818805736273,0.0022800535397,0.0,0.818766071346,-0.573988657635,-0.011827435052,0.0,-0.00837580805564,0.00865652914819,-0.99992745254,0.0,0.659628375059,0.258110460212,0.303503714036,1.0,-0.00932,-0.0122491428571,0.467
0.463356429046,0.535135070414,-0.12402759572,-1.37532502645,0.0784181965127,1.90126645468,0.156754329436,-0.00681133336518,-0.0525477736254,-0.0022577877388,-0.0825462458974,-0.000474539881414,0.0261722960744,-0.00457118344993,0.574062094107,0.818796901342,0.00225684789978,0.0,0.818756869398,-0.574001372695,-0.0118473566352,0.0,-0.00840530693778,0.00864909460265,-0.999927269344,0.0,0.65945631537,0.257897015596,0.303499687111,1.0,-0.00966,-0.012696,0.484
0.463219356602,0.534173866154,-0.124030134013,-1.37686638914,0.0783323223286,1.90183136782,0.156566557669,-0.0107884675127,-0.0519898043984,-0.000735919438479,-0.0847013561407,-0.00863883005345,0.0299827689012,-0.016321580674,0.574083850444,0.818781676887,0.002246142181,0.0,0.818741425692,-0.574023086204,-0.0118625993061,0.0,-0.00842370366772,0.0086493028634,-0.999927112732,0.0,0.659276697054,0.257659253539,0.303493191162,1.0,-0.01002,-0.0131691428571,0.502
0.46309689812,0.533301894072,-0.124027973971,-1.37825210743,0.0782510900449,1.90234341455,0.156387691025,-0.00614527657389,-0.0554324491066,0.000358775496472,-0.08796794284,-0.00615542598343,0.0353447210553,-0.0113431102986,0.574090195089,0.818777229347,0.00224577534393,0.0,0.818736921016,-0.574029377743,-0.0118690587203,0.0,-0.00842913627773,0.00865277601938,-0.999927036903,0.0,0.659114909776,0.257448348351,0.303492903833,1.0,-0.01034,-0.0135897142857,0.518
0.462957031096,0.532245860475,-0.124028210626,-1.37996408053,0.0781641420137,1.90299388221,0.156176731057,-0.0120049751482,-0.0588099013664,0.000347253466369,-0.0904236808931,-0.00672945966423,0.0312476660534,-0.0135779810477,0.574102548867,0.81876856199,0.00224770601373,0.0,0.818728130966,-0.574041570587,-0.0118856932618,0.0,-0.00844151781523,0.0086640337497,-0.999926834972,0.0,0.658914559691,0.257196740246,0.303479027971,1.0,-0.01072,-0.0140891428571,0.537
0.46284795891,0.531446523367,-0.124025505612,-1.38125551884,0.0780784586431,1.90346489586,0.15601185313,-0.0060844802886,-0.0532452811851,0.000618170804142,-0.091162570142,-0.0131610916416,0.0310347812835,-0.00936366892294,0.574102316745,0.818768785866,0.00222533153682,0.0,0.818728086826,-0.574041451477,-0.0118944831535,0.0,-0.00846156189596,0.00865075832051,-0.999926780495,0.0,0.658760595204,0.257001759724,0.30346846608,1.0,-0.011,-0.0144571428571,0.551
0.462708163984,0.530421005534,-0.124025476378,-1.38289866571,0.0779827511318,1.90403871064,0.155800344914,-0.0059375581252,-0.064885119963,0.000475138740027,-0.097272666063,-0.00455524390992,0.0378137112937,-0.0171277627986,0.574107099678,0.818765526566,0.00219032136276,0.0,0.818724263313,-0.574046264344,-0.0119253493439,0.0,-0.00850688292287,0.00863986331273,-0.999926490151,0.0,0.658559720378,0.256751589833,0.303458722281,1.0,-0.01134,-0.014904,0.568
0.462559102987,0.529321063193,-0.124031389572,-1.38463863045,0.0778729211726,1.90468082143,0.155560386779,-0.0108264879846,-0.0628423081535,0.00166246317635,-0.0903644716743,-0.00821307242685,0.0381768481818,-0.0114569404148,0.574101799314,0.818769250519,0.00218753987234,0.0,0.81872799139,-0.574041016893,-0.0119219939596,0.0,-0.00850578820894,0.00863560457152,-0.999926536252,0.0,0.658355842147,0.256483721711,0.30346117306,1.0,-0.0117,-0.0153771428571,0.586
0.46243666257,0.52835556464,-0.124042458039,-1.38614109744,0.077768292783,1.90525322753,0.155361595891,-0.0139513442299,-0.0688347901905,-0.00137165286196,-0.101868764191,-0.0124926488192,0.0413978513116,-0.012530485193,0.574100426738,0.818770162011,0.00220651789696,0.0,0.818729329524,-0.574039750728,-0.0118910244796,0.0,-0.0084695501212,0.0086333493652,-0.999926863325,0.0,0.658183654447,0.256252944418,0.303475843797,1.0,-0.012,-0.0157714285714,0.601
0.462279967587,0.52717345958,-0.124041077311,-1.38796972345,0.0776619447402,1.90595770148,0.155095660069,-0.00795581618035,-0.0730814176335,0.000762641764713,-0.105351928425,-0.0101781038423,0.0422909462627,-0.0118023935,0.57408046163,0.818784021485,0.00225757311991,0.0,0.818743823188,-0.574019554219,-0.0118680354951,0.0,-0.00842162885632,0.00866174810845,-0.999927022481,0.0,0.657972730732,0.255979680022,0.303498583492,1.0,-0.01236,-0.0162445714286,0.619
0.462135843653,0.526008154639,-0.124046128406,-1.38978964663,0.0775476717512,1.90663277044,0.15486151285,-0.0100740225474,-0.0737614042982,-0.00174784877213,-0.108357422447,-0.00163381388615,0.0354346612242,-0.0151947871484,0.574077738619,0.818785893588,0.00227098769763,0.0,0.818745906589,-0.574016816598,-0.0118567114918,0.0,-0.00840468480132,0.00866620285328,-0.999927126445,0.0,0.657755632312,0.255708538661,0.303510977412,1.0,-0.0127,-0.0166914285714,0.636
0.462015657773,0.525101673384,-0.124047454937,-1.39119250492,0.0774488731483,1.90713626376,0.154665555105,-0.0120032112626,-0.0693745411469,0.000800204210935,-0.105933376135,-0.00572014247696,0.0493938535621,-0.0166004461016,0.574065360474,0.818794575373,0.00226983390827,0.0,0.818754659068,-0.574004532902,-0.0118469980955,0.0,-0.00839752450117,0.00865955504322,-0.999927244198,0.0,0.657587063479,0.255492328682,0.30352453127,1.0,-0.01296,-0.0170331428571,0.649
0.461841669956,0.523725048381,-0.124053449859,-1.3934321646,0.0773224790332,1.90793495147,0.154364851958,-0.0088730480176,-0.0665835926613,-0.000411585456282,-0.109948471607,-0.0062075816568,0.0444830083533,-0.0133120905739,0.574052066272,0.818804037606,0.00221813206986,0.0,0.818763305823,-0.57399129839,-0.0118905555529,0.0,-0.00846300932851,0.00864208951756,-0.999926843205,0.0,0.657308944501,0.255160458198,0.303495970967,1.0,-0.01336,-0.0175588571429,0.669
0.461682144441,0.522505551818,-0.124053497465,-1.39536126603,0.0772117668737,1.90866642894,0.154109842425,-0.0102864310412,-0.0739895656826,0.000445406054788,-0.112912049787,-0.00193519854409,0.0405732556705,-0.00924470292444,0.574047616831,0.818807101258,0.0022386249793,0.0,0.818766574344,-0.573986704468,-0.0118872507949,0.0,-0.00844858705235,0.00865692596766,-0.999926836828,0.0,0.65707969404,0.254874343898,0.303498341619,1.0,-0.0137,-0.0180057142857,0.686
0.461531416575,0.521346983047,-0.124059100674,-1.39722586451,0.0770916355057,1.90939456247,0.153840326619,-0.0101759427449,-0.0714803608752,-0.00060901288576,-0.120154378366,-0.00856170385423,0.0432224428112,-0.0164144643863,0.574021868736,0.818825122268,0.00224950148048,0.0,0.818784843105,-0.5739610254,-0.0118688215207,0.0,-0.00842752531246,0.00865498746109,-0.999927031342,0.0,0.656862283269,0.254595918649,0.303488168319,1.0,-0.01402,-0.0184262857143,0.702
0.461358636349,0.520064645251,-0.124064843273,-1.39925458608,0.0769634488667,1.91013457753,0.15357344608,-0.00856963615354,-0.075901463544,-0.00106013910228,-0.121288470072,-0.00789397724767,0.043341602234,-0.0140041768732,0.57402238827,0.818824785317,0.00223955725415,0.0,0.818784398054,-0.573961606073,-0.0118714429554,0.0,-0.00843537425794,0.00864835508333,-0.999927022545,0.0,0.656617206477,0.254284658601,0.303487494401,1.0,-0.01436,-0.0188731428571,0.719
0.461187534209,0.518711551505,-0.124062671507,-1.40133923084,0.0768257301508,1.91087704196,0.153297956685,-0.0111221156051,-0.0870502128741,0.000827971999944,-0.126842020653,-0.00446688991187,0.045649613316,-0.017985451729,0.574008715886,0.818834356036,0.00224463006902,0.0,0.818794049864,-0.573947930801,-0.0118669093831,0.0,-0.00842889460162,0.00864976569596,-0.999927064985,0.0,0.65635882964,0.2539721114,0.303509400391,1.0,-0.0147,-0.01932,0.736
0.461023541052,0.517456327011,-0.12406844262,-1.40332131038,0.0766935774544,1.91160416026,0.153030682195,-0.0107399234427,-0.0830334134858,-0.000526503535364,-0.129561080537,-0.0097747069464,0.0410091876889,-0.0121596562909,0.57400027264,0.818840294872,0.00223727617577,0.0,0.818799979336,-0.573939606198,-0.0118604037743,0.0,-0.00842787737934,0.00863992303186,-0.999927158654,0.0,0.656102547477,0.253650848428,0.303512576904,1.0,-0.01504,-0.0197668571429,0.753
0.460823092364,0.516020159477,-0.124075135998,-1.40559028916,0.0765540893115,1.91244614131,0.152707347807,-0.0119774085339,-0.0822875480746,-0.000839551646196,-0.125238545797,-0.00496143973009,0.0474476177633,-0.0271293469134,0.573984022042,0.818851675,0.0022413595188,0.0,0.81881141739,-0.57392334645,-0.0118575736463,0.0,-0.00842338766237,0.00864147495279,-0.999927183074,0.0,0.655846093214,0.253319152916,0.303510609248,1.0,-0.01538,-0.0202137142857,0.77
0.460640842896,0.514643217417,-0.124079087965,-1.40779450647,0.0764184037164,1.91327052484,0.152407403786,-0.00873961621281,-0.0818110922239,-0.000626479356928,-0.13188684187,-0.0106492952577,0.0476992688654,-0.0137262101429,0.573970116991,0.818861437706,0.00223551780926,0.0,0.818821104043,-0.573909466134,-0.011860487178,0.0,-0.00842927303962,0.0086382206863,-0.999927161597,0.0,0.655578114667,0.252987849999,0.303498463994,1.0,-0.01572,-0.0206605714286,0.787
0.460458786317,0.51334179994,-0.124081329922,-1.40991642963,0.0762936146653,1.91401315889,0.152116897273,-0.00953043081713,-0.0806514010684,-0.000418341702259,-0.13185517729,-0.00407491987737,0.0524745362399,-0.0149787404409,0.573960591554,0.818868287135,0.00217130604011,0.0,0.818826977579,-0.573900055789,-0.0119102332048,0.0,-0.00850696339168,0.00861409430603,-0.999926711791,0.0,0.655309515389,0.252662768457,0.303465036316,1.0,-0.01604,-0.0210811428571,0.803
0.460257904032,0.51191431428,-0.124082582311,-1.41220803335,0.0761559221387,1.91482686998,0.15179068048,-0.009148762244,-0.0774152469918,0.000919439614524,-0.136165405768,-0.00538640174858,0.0489051522039,-0.0206502143248,0.573941599041,0.818881708578,0.00212958874728,0.0,0.81883974238,-0.573881121495,-0.011944939999,0.0,-0.00855952689402,0.00859965543468,-0.999926387503,0.0,0.655022449141,0.252310252159,0.30344486244,1.0,-0.01638,-0.021528,0.82
0.460062740035,0.510455248325,-0.124084979479,-1.41453537119,0.0760171770939,1.91571584599,0.151462735523,-0.0123606117411,-0.0896500049959,0.000730111364932,-0.140677658901,-0.00200391515068,0.0562083278745,-0.0164304089891,0.573918949845,0.81889753921,0.00214620272127,0.0,0.81885576343,-0.573858380796,-0.011939195455,0.0,-0.0085455258876,0.00860972674925,-0.999926420589,0.0,0.654740704416,0.251961917652,0.303435890325,1.0,-0.01672,-0.0219748571429,0.837
0.459863324742,0.508959353085,-0.124093186649,-1.4169049632,0.0758611806278,1.91657562906,0.151134609295,-0.018138476448,-0.0893105373857,0.00037185512774,-0.139440714042,-0.0151016886733,0.0532282793445,-0.0259928655667,0.573900427489,0.818910572418,0.00212617309492,0.0,0.818868600912,-0.573840008505,-0.0119417745897,0.0,-0.00855932707161,0.00859461140242,-0.999926432581,0.0,0.654446361035,0.251598271079,0.303429697928,1.0,-0.01706,-0.0224217142857,0.854
0.459634350626,0.507340555167,-0.124096837266,-1.4194454522,0.0757010488351,1.9174834078,0.150788682301,-0.011521996287,-0.0955393702564,0.000541061062825,-0.14267331015,-0.0119858318246,0.0495354940778,-0.0205406555235,0.573895544452,0.818914031788,0.00211175282611,0.0,0.818871835831,-0.573835148809,-0.0119534671318,0.0,-0.00857722910376,0.00858946181499,-0.999926323429,0.0,0.654129569308,0.251201967301,0.303431606352,1.0,-0.01742,-0.0228948571429,0.872
0.459429783308,0.50587082732,-0.124108515673,-1.42173107016,0.0755626657291,1.91834006866,0.150470450802,-0.0144084417315,-0.0961739042446,-0.000605434210233,-0.147259329038,-0.00469626207883,0.053301109307,-0.019198605326,0.573891703428,0.818916639771,0.00214400208768,0.0,0.818874880622,-0.573831192436,-0.0119347967676,0.0,-0.00854347287905,0.00860511597578,-0.999926477822,0.0,0.65385317718,0.250845271177,0.303445857121,1.0,-0.01774,-0.0233154285714,0.888
0.459198226629,0.504132541673,-0.124110447723,-1.42435286256,0.0753974193007,1.91934994108,0.150111400649,-0.0133837633335,-0.0967109554467,0.000496522439445,-0.141743644776,-0.0120349926885,0.0532146770107,-0.0214454776814,0.573879226083,0.81892510501,0.0022479226731,0.0,0.81888477277,-0.573818373497,-0.0118722392192,0.0,-0.00843273777359,0.00865418772229,-0.999926994319,0.0,0.653538829612,0.250446390415,0.30350009184,1.0,-0.0181,-0.0237885714286,0.906
0.458999541616,0.502670199159,-0.124118510545,-1.4265219592,0.0752526489578,1.92017796383,0.149800253652,-0.010342472589,-0.0973738752039,-0.00160855166396,-0.147908978612,-0.00421561135667,0.0545153370602,-0.0146994902258,0.573865032868,0.818934783491,0.00234336100776,0.0,0.818895845092,-0.573803968521,-0.01180455426,0.0,-0.00832269047879,0.00869335688528,-0.999927576562,0.0,0.653280663878,0.250106570874,0.303560829946,1.0,-0.0184,-0.0241828571429,0.921
0.458727447466,0.500646171107,-0.124114946655,-1.42954978695,0.0750588996079,1.92124666301,0.149368797491,-0.0132295852785,-0.102513715876,0.000760244275517,-0.158773026134,-0.0117893186314,0.057436036556,-0.031541651219,0.573833876312,0.818956453096,0.00239942277994,0.0,0.818918180842,-0.573772537354,-0.0117828420581,0.0,-0.00827307092488,0.0087264928822,-0.999927699696,0.0,0.65289591933,0.249639777146,0.303624758602,1.0,-0.0188,-0.0247085714286,0.941
0.458537073082,0.499354511683,-0.124117073039,-1.43153555454,0.0749339238063,1.92197408705,0.149101595072,-0.0118098247879,-0.0997043637711,-0.000613431170902,-0.156226275651,-0.00558667599635,0.0614069002225,-0.0249510134454,0.573839800184,0.818952223534,0.00242614811552,0.0,0.818914292087,-0.573778353275,-0.0117698950608,0.0,-0.0082470692419,0.0087410098879,-0.99992778769,0.0,0.65265095816,0.249324945908,0.303643733287,1.0,-0.01906,-0.0250502857143,0.954
0.45828076552,0.497680591084,-0.124119577726,-1.43419354037,0.0747699535236,1.92294425042,0.148698820563,-0.0106965045217,-0.100754184043,0.000773486718499,-0.155267779221,-0.0112832407351,0.0485912265955,-0.0275219682287,0.57381234572,0.818971497872,0.00241339487964,0.0,0.818933338251,-0.573750884024,-0.0117837805562,0.0,-0.00826605211417,0.00873825652625,-0.999927655011,0.0,0.652319957776,0.248902459848,0.303629996289,1.0,-0.0194,-0.0254971428571,0.971
0.458013130169,0.496006105443,-0.124120614414,-1.43687048902,0.0746120179283,1.92388828089,0.148309577458,-0.0156857832536,-0.0958349241473,-0.000449956034834,-0.1562830038,-0.0134789379657,0.060112811845,-0.0269386080257,0.573806195779,0.8189759386,0.00236824423305,0.0,0.818937007214,-0.573744712242,-0.011829213464,0.0,-0.00832923395714,0.00872728684874,-0.999927226515,0.0,0.651980067933,0.248470584268,0.303604707594,1.0,-0.01974,-0.025944,0.988
0.457752482007,0.494442886568,-0.124117751981,-1.43945210627,0.0744501454624,1.92477578145,0.147947415167,-0.0140992318258,-0.0972309747016,0.00368562395282,-0.158937549781,-0.0138828206531,0.0573617363724,-0.0176486283313,0.573807093568,0.818975624911,0.00225656221384,0.0,0.818935075823,-0.573745877687,-0.0119061465206,0.0,-0.0084563133293,0.00867997639472,-0.999926571691,0.0,0.651645400034,0.248051139103,0.303541745119,1.0,-0.0204188571429,-0.0268362122449,1.004
0.457481793654,0.492616037794,-0.124152718685,-1.44235994582,0.0742634431889,1.92585605918,0.147543052504,-0.0124737600662,-0.112286813887,-0.000822142435895,-0.1772750853,-0.00766827296286,0.0619542615622,-0.0229111929207,0.573825163945,0.818962985592,0.00224863376806,0.0,0.818922461054,-0.573764108558,-0.011895268526,0.0,-0.00845176199969,0.00866742798632,-0.999926719021,0.0,0.651266912617,0.247544235781,0.303528667852,1.0,-0.023052,-0.0302969142857,1.022
0.457148140075,0.4904737141,-0.124164596592,-1.44579623104,0.0740513762617,1.92708969624,0.147031744171,-0.0205673056911,-0.123621910676,-0.00255885506435,-0.196372469372,-0.00762286685685,0.0689563147588,-0.0301935823021,0.57379576293,0.818983747284,0.00218884214945,0.0,0.818942387017,-0.57373489388,-0.0119325266448,0.0,-0.00851689424441,0.00863953518235,-0.999926407764,0.0,0.650851165581,0.247023190884,0.3034864148,1.0,-0.0255388571429,-0.033565355102,1.039
0.456812770905,0.488364053482,-0.124181813107,-1.44918038598,0.0738501881137,1.92829939022,0.146548235997,-0.0198312250152,-0.135415628115,-0.000370859749235,-0.21339093556,-0.0113632567081,0.0771520581642,-0.0365393397157,0.573800829333,0.818980340682,0.00213465059041,0.0,0.81893812886,-0.573740035603,-0.0119774599357,0.0,-0.00858473499569,0.00862098918547,-0.999925987696,0.0,0.650420327253,0.24647137168,0.30344779413,1.0,-0.0278794285714,-0.0366415346939,1.055
0.456413434894,0.485845230482,-0.124204651864,-1.45302196208,0.0736096297503,1.92979173458,0.145993810356,-0.0278816419667,-0.152874981435,-0.00093787072386,-0.233338849737,-0.0162471056811,0.0838456184968,-0.0341839060879,0.573815712938,0.818969548108,0.00227018914738,0.0,0.81892927485,-0.573754542829,-0.0118875682095,0.0,-0.00843318739324,0.00868056490724,-0.99992676189,0.0,0.649961934194,0.245838699151,0.303498936719,1.0,-0.0303662857143,-0.0399099755102,1.072
0.456026157484,0.483483828931,-0.124234109998,-1.45667196878,0.073376343286,1.93107842893,0.145423826344,-0.0261464754151,-0.160759915698,-0.00229845136117,-0.251681980659,-0.0189457479284,0.0826197071002,-0.0348019021087,0.573803333473,0.818978243995,0.00226213607956,0.0,0.818937884359,-0.573742215896,-0.0118894138465,0.0,-0.00843945079278,0.00867490125202,-0.999926758197,0.0,0.649500728577,0.245218459062,0.303512998593,1.0,-0.0325605714286,-0.0427938938775,1.087
0.455561095864,0.480575406655,-0.124275658605,-1.46120147976,0.0731085166427,1.93266489651,0.144751687262,-0.025560219996,-0.175239118207,-0.00298038607843,-0.273090791557,-0.012789818932,0.103414262024,-0.0426166485547,0.573812735162,0.818971729961,0.00223548476905,0.0,0.818930851507,-0.573751547017,-0.0119234913988,0.0,-0.0084825528489,0.00867272563452,-0.999926412356,0.0,0.648918626474,0.244458797466,0.303512768174,1.0,-0.0350474285714,-0.0460623346939,1.104
0.454982898335,0.477090087193,-0.124303043058,-1.46651527664,0.0727820495298,1.93461268881,0.143978809268,-0.0346574089142,-0.187637265579,0.00178380925495,-0.284380205631,-0.0154981772459,0.102972098651,-0.039345246674,0.573837889482,0.818953832284,0.00233325603617,0.0,0.818914248269,-0.573776331632,-0.011871063239,0.0,-0.00838324704717,0.00872297043208,-0.9999268128,0.0,0.648291847684,0.24360768612,0.303567919981,1.0,-0.0376805714286,-0.0495230367347,1.122
0.454454811418,0.473959768842,-0.124325859355,-1.47129506701,0.0724790864,1.93638790635,0.143287398961,-0.0327233491629,-0.198195371895,3.01067331854e-05,-0.30671222211,-0.0242054144498,0.116018446923,-0.0443054424198,0.573873815074,0.818928357722,0.00243643007448,0.0,0.818890126228,-0.573811865395,-0.0118174108492,0.0,-0.00827971978358,0.00877704016478,-0.999927202253,0.0,0.647658864091,0.242756090093,0.303612732529,1.0,-0.0401674285714,-0.052791477551,1.139
0.453868367197,0.470449568976,-0.124339363493,-1.476709896,0.0721558643919,1.93825509666,0.142481523955,-0.0319105965467,-0.216800549138,0.000588790824165,-0.328030836309,-0.0221149627248,0.11129827533,-0.0478309659286,0.573874881537,0.81892766525,0.0024179185832,0.0,0.818888796228,-0.57381258335,-0.0118745738046,0.0,-0.00833714540894,0.0087946953985,-0.999926569974,0.0,0.646943023581,0.241849485021,0.303623740736,1.0,-0.0426542857143,-0.0560599183673,1.156
0.453251313471,0.466723798112,-0.124344685754,-1.48228749008,0.0717921447155,1.94039838685,0.141562617971,-0.0379444170564,-0.220614088664,0.000261567997967,-0.329968048253,-0.0188254612673,0.114118656698,-0.0517680716235,0.573797364601,0.818981238871,0.00265737749556,0.0,0.818945676717,-0.573734390742,-0.0117292100386,0.0,-0.0080815297045,0.00890660910022,-0.999927677981,0.0,0.646250089791,0.240923923809,0.303726424071,1.0,-0.0451411428571,-0.0593283591837,1.173
0.452632195104,0.463052533495,-0.12434611892,-1.48795978586,0.0714111087362,1.94234368835,0.140709026273,-0.0408680663081,-0.236808791849,-0.000254083914029,-0.360752373806,-0.0271061298947,0.120132353404,-0.054761397361,0.573767955354,0.819002012539,0.00260456656069,0.0,0.818965619194,-0.57370501769,-0.0117734513082,0.0,-0.00814838429279,0.00888845068086,-0.999927296996,0.0,0.645487256098,0.239972911316,0.303726240299,1.0,-0.0474817142857,-0.0624045387755,1.189
0.45189092537,0.458771659356,-0.124356042236,-1.49461650137,0.0709643945647,1.94465162535,0.139725700049,-0.0427630568988,-0.237521066069,0.000838441192,-0.372333806204,-0.0201421697306,0.132252513102,-0.0529840999116,0.573763810676,0.81900512685,0.00253744996847,0.0,0.818967738005,-0.573700989679,-0.0118222438485,0.0,-0.00822689915789,0.00886143595231,-0.999926893869,0.0,0.644594377477,0.238845035159,0.303705573079,1.0,-0.0501148571429,-0.0658652408163,1.207
0.451268212396,0.455351873979,-0.124360609377,-1.50001958933,0.0706059924553,1.94659192443,0.138880781316,-0.0433033569975,-0.244158965507,0.000459592193115,-0.393132762429,-0.0241461501764,0.141771817188,-0.0595967547923,0.573736161231,0.819024633787,0.00249267867883,0.0,0.81898658729,-0.573673432964,-0.0118536513817,0.0,-0.00827860833585,0.00884250909039,-0.999926634647,0.0,0.643879913694,0.237923292256,0.303653864225,1.0,-0.0521628571429,-0.0685568979592,1.221
0.450422345332,0.450620136046,-0.124415538362,-1.50712342561,0.0701025964189,1.94920698631,0.137730750978,-0.0457215822632,-0.271144740668,-0.00151094413999,-0.400223044559,-0.0238970995906,0.150924412768,-0.0521538412018,0.573712619774,0.819040587215,0.00266332640257,0.0,0.819005304317,-0.573649858398,-0.0117003573368,0.0,-0.00805540582159,0.00889409234966,-0.999928000187,0.0,0.642970460019,0.236668558364,0.303749234256,1.0,-0.054796,-0.0720176,1.239
0.449627904564,0.446259411677,-0.124462094175,-1.51377113875,0.0696629148099,1.95148719683,0.136770719846,-0.0520948890279,-0.275781714366,-0.00310819075953,-0.429706547918,-0.0337439713458,0.137573878525,-0.0615474661004,0.573789820266,0.818986551425,0.00264908405577,0.0,0.818951010208,-0.573727018749,-0.0117174117464,0.0,-0.00807670704173,0.00889297286083,-0.999927838315,0.0,0.642073891841,0.235490228848,0.303773277662,1.0,-0.0571365714286,-0.0750937795918,1.255
0.448743872903,0.441515871559,-0.124479808217,-1.52118814501,0.0691473298576,1.95398685065,0.135607647746,-0.0507164875106,-0.281950902929,-1.12750261573e-05,-0.444380871706,-0.0314874794214,0.148672799326,-0.0724953312361,0.573761789147,0.819006698222,0.00248686210743,0.0,0.818968889924,-0.573699415015,-0.0118188599186,0.0,-0.00825317300158,0.00881804268674,-0.999927060969,0.0,0.641045299431,0.234190806001,0.303707106962,1.0,-0.0596234285714,-0.0783622204082,1.272
0.447691256778,0.436003797765,-0.124490389487,-1.52966635843,0.0685910506591,1.95697605171,0.134221843492,-0.0571774095786,-0.300747094368,-0.000297905093822,-0.445506811643,-0.0281723917295,0.16204876545,-0.0744271276566,0.573716714503,0.819038212095,0.00250709556766,0.0,0.819000393715,-0.573653977108,-0.011841306647,0.0,-0.00826043632061,0.00884703813481,-0.999926744871,0.0,0.639892482992,0.232701213282,0.303697076468,1.0,-0.0624028571429,-0.0820151836735,1.291
0.4467211972,0.431135958082,-0.124522506047,-1.53691291815,0.0680780673054,1.95966349563,0.133033423026,-0.0630059546757,-0.306930195938,-0.000977124710958,-0.465012205369,-0.0382038153658,0.161233100536,-0.0742729272899,0.573734085649,0.819025293215,0.00274133907522,0.0,0.818990959841,-0.573670978115,-0.0116689103585,0.0,-0.00798465978872,0.00894015566125,-0.999928156832,0.0,0.63895082032,0.231376046398,0.303800691977,1.0,-0.0647434285714,-0.0850913632653,1.307
0.445665648692,0.425872327225,-0.124594788691,-1.54511398383,0.0674787432825,1.96232011514,0.131721080616,-0.0651064786835,-0.309389060972,-0.00444238860302,-0.485711080612,-0.0368980176362,0.157821917374,-0.0842250268961,0.573759853811,0.819008105551,0.0024698375157,0.0,0.818970274393,-0.573697756027,-0.0118034440741,0.0,-0.00825033497408,0.00879523518987,-0.999927285262,0.0,0.637788508298,0.229854443366,0.303712979154,1.0,-0.0672302857143,-0.0883598040816,1.324
0.444557141275,0.420358148101,-0.124672727258,-1.55350642596,0.0668713113974,1.96510571136,0.130358572628,-0.0680133041593,-0.329104055865,-0.00593267797724,-0.492555426663,-0.035807050529,0.166890323813,-0.0777300527507,0.573793041256,0.818985176573,0.00236077559472,0.0,0.818946058093,-0.573731494029,-0.0118437154262,0.0,-0.00834553673803,0.00872935742869,-0.999927072509,0.0,0.636610272823,0.228286540597,0.303708243387,1.0,-0.0697171428571,-0.091628244898,1.341
0.443459473734,0.415011180201,-0.124685100833,-1.56139176735,0.0663266823994,1.96805742766,0.129080742363,-0.0720330899066,-0.326397220022,-0.00365016684726,-0.49714313425,-0.0375312158989,0.179260126427,-0.0757481105788,0.573831837881,0.818956959711,0.00269571438246,0.0,0.818922466942,-0.573769358218,-0.0116388834742,0.0,-0.00798518005276,0.00888651406007,-0.999928630837,0.0,0.635561822689,0.226843323153,0.30383593369,1.0,-0.0720577142857,-0.0947044244898,1.357
0.442014959229,0.408223335981,-0.124718884504,-1.57173466759,0.065602077365,1.97153650869,0.127318479803,-0.0697685659765,-0.344768990186,-0.00668709145119,-0.525313070474,-0.0407524550186,0.164869783117,-0.0872324291967,0.573816541814,0.818967919564,0.00262106221283,0.0,0.81893219245,-0.57375403249,-0.0117098792258,0.0,-0.00808632610069,0.0088659653242,-0.999928000403,0.0,0.634089643531,0.224912359322,0.303808111014,1.0,-0.0749834285714,-0.0985496489796,1.377
0.440875658505,0.403027944494,-0.124788548991,-1.57980985425,0.065028858783,1.97418539984,0.125999579787,-0.0752968061757,-0.344435133543,-0.00453965824834,-0.536286894725,-0.0434667964876,0.188931541295,-0.0908779175355,0.573884836015,0.818920720892,0.0024072364425,0.0,0.818882039552,-0.573822922347,-0.0118408610131,0.0,-0.00831555908688,0.00876670205467,-0.999926995541,0.0,0.63292235221,0.223368750935,0.303704300201,1.0,-0.0771777142857,-0.101433567347,1.392
0.4396934657,0.397535552138,-0.124821046058,-1.58780157323,0.0644582309698,1.97707437455,0.124622482638,-0.0819001728854,-0.36737273929,-0.00131744458443,-0.527688889799,-0.0343162969953,0.185604720037,-0.0941272330472,0.573891151191,0.818915262588,0.00273608954885,0.0,0.818881160866,-0.573828377405,-0.0116354873192,0.0,-0.00795858555449,0.00891820710138,-0.999928560697,0.0,0.631744580414,0.22175355337,0.303859876786,1.0,-0.0795182857143,-0.104509746939,1.408
