position_joint1,position_joint2,position_joint3,position_joint4,position_joint5,position_joint6,position_joint7,velocity_joint1,velocity_joint2,velocity_joint3,velocity_joint4,velocity_joint5,velocity_joint6,velocity_joint7,ee_T_00,ee_T_10,ee_T_20,ee_T_30,ee_T_01,ee_T_11,ee_T_21,ee_T_31,ee_T_02,ee_T_12,ee_T_22,ee_T_32,ee_T_03,ee_T_13,ee_T_23,ee_T_33,v_x,v_y,time
0.465066952915,0.547825707259,-0.123985626396,-1.35583520398,0.0795335057924,1.8940979142,0.159161707869,2.39782718114e-05,0.00238974457204,0.00118667241841,-0.00060370146027,0.000148615547834,-7.82707349266e-05,-0.00171672647553,0.573820361571,0.818967186272,0.00192024928783,0.0,0.818923318279,-0.573761587416,-0.0119576957051,0.0,-0.00869136246193,0.00843426857755,-0.999926658977,0.0,0.661674072368,0.260892090036,0.303181529353,1.0,0.0,0.0,0.0
0.465066952915,0.547817911893,-0.123991441143,-1.35583770963,0.079534116144,1.89409543153,0.159168876985,-0.000122332597135,2.97513196561e-05,-0.00113133061875,-0.00074353147296,0.000278572225359,7.47448809835e-06,0.00140800682748,0.573830562632,0.818960034912,0.00192184994692,0.0,0.818916207346,-0.573771799446,-0.0119546813974,0.0,-0.00868787026071,0.00843395800182,-0.999926691944,0.0,0.661674511015,0.260888460961,0.303185837138,1.0,-0.00012,-0.000157714285714,0.007
0.465067086629,0.547816466933,-0.123985967423,-1.35583842119,0.0795348282028,1.89409779034,0.159169995231,-0.00039500708003,-0.001280969106,-0.00302176244685,0.00139553109667,-8.61560800206e-05,-0.000144707859062,-7.45717311794e-05,0.573829940966,0.81896045563,0.00192817694533,0.0,0.818916712577,-0.573771153156,-0.0119510906946,0.0,-0.00868130551313,0.00843707243287,-0.999926722687,0.0,0.661676201081,0.260887472568,0.303188885986,1.0,-0.0005,-0.000657142857143,0.026
0.465065482354,0.547798412633,-0.123988526542,-1.35585570864,0.0795335014113,1.89410041467,0.159169979452,-0.000459069706757,-0.00304090035813,-7.9696061077e-05,-0.00152819581059,-0.000184438961267,2.66604903869e-06,0.00139850395933,0.573831453879,0.818959394565,0.00192859921307,0.0,0.818915634079,-0.573772641811,-0.0119535213271,0.0,-0.00868303829886,0.00843882904315,-0.999926692818,0.0,0.661671644339,0.260887534625,0.303191419276,1.0,-0.0008,-0.00105142857143,0.041
0.465063080873,0.547708844645,-0.123988552784,-1.35594936215,0.0795346689624,1.89411586301,0.159166822519,-0.00153512142144,-0.00968777866624,-0.000501058300185,-0.010079386938,6.92157001085e-05,0.000962468057533,0.000200236311312,0.573836225818,0.818956015649,0.00194352047629,0.0,0.81891236307,-0.573777266026,-0.0119556474065,0.0,-0.00867616854229,0.0084523192642,-0.999926638508,0.0,0.661656193014,0.260877231439,0.303211640254,1.0,-0.00116,-0.00152457142857,0.059
0.465062686241,0.547610152813,-0.123983778244,-1.35609033724,0.0795317124552,1.89414765168,0.15916208181,-0.0009361486871,-0.00307853622962,0.000672440193627,-0.0139249585979,-8.52292113223e-05,-0.000230993903303,-0.000737327731149,0.573836289593,0.818955980067,0.00193968013095,0.0,0.818912174057,-0.573777245357,-0.0119695777853,0.0,-0.00868978028891,0.008457168604,-0.999926479306,0.0,0.661631991417,0.260865973198,0.303217053002,1.0,-0.00146,-0.00191885714286,0.074
0.465047043514,0.547459991336,-0.123994552826,-1.35631389831,0.0795266032746,1.89421150074,0.159162385259,-0.000830668501359,-0.00670857970069,-0.00127535725899,-0.0216146096368,0.000111964183685,0.00558878371799,-0.00172327614643,0.573867905,0.818933839836,0.00193403302969,0.0,0.81888991431,-0.573808836155,-0.011978092229,0.0,-0.00869966731673,0.00845776567352,-0.999926388285,0.0,0.661604272736,0.260828328425,0.303222910654,1.0,-0.0018,-0.00236571428571,0.091
0.465026824843,0.547245991372,-0.123985702888,-1.35654701166,0.0795264510605,1.89435686078,0.159150061401,0.00116779478611,-0.0120813287591,0.000815852978816,-0.0180587146705,0.000284175484737,0.00498560865996,0.00119235752746,0.573881504028,0.818924026849,0.00205048400288,0.0,0.818881535363,-0.573821864072,-0.0119267034938,0.0,-0.00859061689541,0.00852378213686,-0.999926770538,0.0,0.661588726561,0.260805084202,0.303275872408,1.0,-0.00218,-0.00286514285714,0.11
0.464999509851,0.547054494308,-0.123993556703,-1.3567795947,0.0795212037784,1.8944656926,0.159139187573,-0.0010087168244,-0.0110020172205,-0.00238268032656,-0.0189902795675,0.000196948369954,0.00694803364652,0.00137162587358,0.573912171469,0.818902381209,0.00211101671909,0.0,0.818860675688,-0.573852277896,-0.0118955397748,0.0,-0.0085300383241,0.00855578836538,-0.999927015802,0.0,0.661571374858,0.260763925586,0.303310510367,1.0,-0.0025,-0.00328571428571,0.126
0.464963615948,0.546833644372,-0.123991128443,-1.35711062092,0.0795147132962,1.89459832512,0.159113710866,-0.00550431281357,-0.0157233565389,7.99135216038e-05,-0.0193162474231,-0.000533611566122,0.0064609992983,-0.00143987314917,0.573935873773,0.818885700306,0.00213764635351,0.0,0.818844223015,-0.573875750396,-0.0118957321453,0.0,-0.00851466547691,0.00857795194253,-0.999926956938,0.0,0.661536888742,0.260713149097,0.303320798562,1.0,-0.00284,-0.00373257142857,0.143
0.464928517282,0.546560484503,-0.123992402328,-1.3575042299,0.0795072949192,1.89474355404,0.159030327499,-0.00341656288087,-0.0154923129334,-0.00244606584076,-0.0277749683036,-0.000656660312811,0.00856843063765,-0.00182582732754,0.573917250064,0.818898672373,0.00216826356505,0.0,0.818857450398,-0.573856860786,-0.011896476709,0.0,-0.00849789967102,0.00860325761231,-0.999926882157,0.0,0.66149260926,0.260654719861,0.303339547243,1.0,-0.00318,-0.00417942857143,0.16
0.46489591305,0.54629693843,-0.123992163844,-1.35793433759,0.0794964150597,1.89490186479,0.158946403251,-0.00259106070924,-0.0177657448916,0.000398766645106,-0.0315071552394,0.000138588284383,0.0135915210005,-0.00164722130177,0.573896259685,0.818913379758,0.00216944084976,0.0,0.818872028111,-0.573835721505,-0.0119127328397,0.0,-0.00851075751506,0.00861333308117,-0.999926686062,0.0,0.661441472431,0.260594679837,0.30333518016,1.0,-0.0035,-0.0046,0.176
0.464860122639,0.546027932045,-0.123991465058,-1.35838375621,0.0794829103197,1.89505729708,0.158925450728,-0.00216706264218,-0.0188581228502,-0.000777680400637,-0.0261095197504,0.000348798659805,0.0135127350991,-0.000338194886433,0.57392943913,0.818890164363,0.00215511255414,0.0,0.818848482204,-0.573868809673,-0.0119373103155,0.0,-0.00853875852774,0.00861605034371,-0.999926423933,0.0,0.661386309029,0.260529955904,0.303325202643,1.0,-0.0038,-0.00499428571429,0.191
0.464794429862,0.545654077337,-0.123991649183,-1.35903434116,0.0794352706154,1.89527361044,0.158822721205,-0.0043834450563,-0.0224887029686,-0.000326780782739,-0.0353241469829,-0.00593871792897,0.0131674545315,-0.00744351292696,0.573922871769,0.818894913648,0.00209870500472,0.0,0.818852524985,-0.573862504029,-0.0119630973201,0.0,-0.00859231686638,0.00858459034147,-0.999926235729,0.0,0.661309706376,0.260421042734,0.303298946481,1.0,-0.00418,-0.00549371428571,0.21
0.464735773749,0.545273618507,-0.12399430748,-1.35971060389,0.079334534882,1.89548429884,0.15875087716,-0.00467114788212,-0.0181110987717,-0.00276891548035,-0.0377455400141,-0.00262681726547,0.0126462060533,-0.00533250216468,0.573924747919,0.818893864914,0.00199214323648,0.0,0.818850578337,-0.573865310842,-0.0119617001413,0.0,-0.00865230754573,0.00849654696446,-0.999926470429,0.0,0.661227879864,0.260303411572,0.303264609905,1.0,-0.00452,-0.00594057142857,0.227
0.464666306719,0.544802416518,-0.123990653149,-1.36050485284,0.079322921886,1.89574382338,0.158673388227,-0.00191671591663,-0.017101020273,-7.45011274275e-05,-0.0400231268392,-0.00272246627964,0.0196290766621,-0.00371159535057,0.573956697749,0.818871552502,0.00195870181811,0.0,0.818827420787,-0.573896998463,-0.0120265133485,0.0,-0.00872424453131,0.0085067004251,-0.999925759047,0.0,0.661127353139,0.26018723021,0.303242511425,1.0,-0.0049,-0.00644,0.246
0.464600180466,0.544391034122,-0.12399531986,-1.36116320949,0.079300602803,1.89599405048,0.158546283977,-0.00335498477465,-0.0306904956338,-0.000895081539813,-0.0467556657223,-0.00228919318343,0.0194469098337,-0.00677473607255,0.573940888259,0.818882607231,0.00196958405311,0.0,0.818838480739,-0.57388101069,-0.0120364002806,0.0,-0.00872625996396,0.00852111754015,-0.999925618705,0.0,0.661056201941,0.260081433422,0.303242153992,1.0,-0.0052,-0.00683428571429,0.261
0.464538453594,0.543917179751,-0.123990346281,-1.3619249999,0.0792732417691,1.89625789882,0.158487387907,-0.00496230752008,-0.0303016934306,0.00136877278059,-0.0519470497756,8.98694257285e-05,0.0241649206901,-0.00475632214369,0.573974807328,0.818858855595,0.00196011925547,0.0,0.818814377529,-0.573914744035,-0.0120676689241,0.0,-0.00875694482247,0.00853167603489,-0.999925260418,0.0,0.660962451148,0.259972781224,0.30323758989,1.0,-0.00552,-0.00725485714286,0.277
0.464452240603,0.543384610272,-0.123998150475,-1.36276564331,0.0792323721449,1.89654292185,0.158369231172,-0.00593293705253,-0.0261012479538,-0.000827186870779,-0.0555813169653,-0.00214710148337,0.0188829088829,-0.00271000182107,0.573989882523,0.818848325264,0.00194470437524,0.0,0.818803548605,-0.57392978996,-0.0120868477739,0.0,-0.00878134035178,0.00853022341049,-0.999925058867,0.0,0.66086625883,0.259831211328,0.303239217984,1.0,-0.00586,-0.00770171428571,0.294
0.464379081691,0.542825071895,-0.124002319435,-1.36364996888,0.0791759961269,1.89686720783,0.158249215742,-0.00129341709831,-0.0291354408561,-0.000302659001955,-0.0491946394645,-0.0027358203837,0.016431712786,-0.00304390775045,0.573988610846,0.818849224906,0.00194123421681,0.0,0.818804438189,-0.573928567889,-0.0120846127056,0.0,-0.00878151504466,0.00852608540536,-0.999925092625,0.0,0.660765059863,0.259695707562,0.303242329321,1.0,-0.0062,-0.00814857142857,0.311
0.464279600669,0.542168239604,-0.124002371955,-1.36467710283,0.0791173814189,1.89724222986,0.158116541463,-0.00877731373421,-0.0352087016259,-0.000218800433005,-0.0536343412803,-0.00454729564513,0.0187001148942,-0.000388987434096,0.574002902677,0.818839193174,0.00194688027667,0.0,0.818794433203,-0.573942787545,-0.0120871701327,0.0,-0.00878021979263,0.00853232974775,-0.999925050736,0.0,0.660649489138,0.259532613067,0.303250471752,1.0,-0.00658,-0.008648,0.33
0.46421674034,0.541639707161,-0.12401051464,-1.36547060521,0.0790694494498,1.89753862308,0.158016643447,-0.00407648908594,-0.0376392156836,-0.00101757847286,-0.0576483644395,-0.00053805223862,0.0242509584151,-0.00484419368055,0.574009544633,0.818834477661,0.00197174153972,0.0,0.818790085181,-0.573949361925,-0.012069517674,0.0,-0.00875142589369,0.00854262523927,-0.999925215253,0.0,0.660560344765,0.259411475968,0.303272452916,1.0,-0.00686,-0.009016,0.344
0.464116339229,0.540927625451,-0.124003780701,-1.36655166293,0.0790125390472,1.89794331352,0.157873103164,-0.00704267231195,-0.0449787435206,-5.5706187783e-05,-0.0631734908076,-0.00612414034983,0.0216181254609,-0.00506505041982,0.574014283449,0.818831066587,0.0020084045377,0.0,0.818787042704,-0.57395383353,-0.0120632739108,0.0,-0.00872521994675,0.0085691121239,-0.999925217631,0.0,0.660437958337,0.259248343951,0.303296163341,1.0,-0.00722,-0.00948914285714,0.362
0.464046951876,0.540310794642,-0.124013794343,-1.36750904535,0.078950223844,1.89828725999,0.157741859268,-0.00559940128432,-0.0404361194635,-0.00305337343098,-0.0650103607198,-0.00523635412753,0.0219524370474,-0.00300590314254,0.574006981262,0.818836189866,0.00200662142974,0.0,0.81879220998,-0.573946606027,-0.0120564176689,0.0,-0.00872070544884,0.00856363878257,-0.999925303904,0.0,0.660325412419,0.259104426917,0.303306573998,1.0,-0.00752,-0.00988342857143,0.377
0.463935980452,0.539525075766,-0.124012061192,-1.36872862547,0.0788782775727,1.89875812815,0.157595422207,-0.00699075628862,-0.0418257097452,0.00016443003316,-0.0632851077113,-0.00490415531227,0.0294352325578,-0.00957967465399,0.574025123138,0.818823394027,0.00203821064023,0.0,0.818779821982,-0.573964605578,-0.0120408289067,0.0,-0.00868961892816,0.00858074924703,-0.999925427852,0.0,0.660190463243,0.258918016741,0.303322062348,1.0,-0.00788,-0.0103565714286,0.395
0.463853072769,0.538855418299,-0.124022220669,-1.36976441388,0.0788158969917,1.89914955659,0.157475752088,-0.00929080551442,-0.0430326457135,-0.00122746767932,-0.0710294396701,-0.0057455489111,0.0315605752581,-0.00918083946918,0.574042769446,0.818810976924,0.0020566519318,0.0,0.818767699593,-0.573982224564,-0.0120252604626,0.0,-0.00866610046547,0.0085870993186,-0.999925577445,0.0,0.660073812474,0.258759698789,0.303336408176,1.0,-0.00818,-0.0107508571429,0.41
0.463742644843,0.538067947415,-0.124025686323,-1.37097138492,0.0787596584065,1.89961021426,0.157322243315,-0.00763386383602,-0.0458757922072,-0.00183130886126,-0.0729886829208,-0.00542577107239,0.0248056305356,-0.00897854173663,0.574061606847,0.81879766178,0.0020994067604,0.0,0.818754821143,-0.574000758239,-0.0120174580303,0.0,-0.00863497171341,0.00861782659359,-0.999925582395,0.0,0.659939485923,0.258574020989,0.303358188905,1.0,-0.00852,-0.0111977142857,0.427
0.463638709029,0.537324250635,-0.124021198961,-1.3721527655,0.078681288279,1.90005457776,0.157169733117,-0.0058454875773,-0.0442581169911,0.000947384848354,-0.07879873569,-0.00699956556697,0.0201425928197,-0.00856733743884,0.574062889578,0.818796757761,0.00210123540805,0.0,0.818753978051,-0.574002070112,-0.0120122368561,0.0,-0.0086296332644,0.00861634014032,-0.999925641292,0.0,0.659804155731,0.258395039965,0.303359395348,1.0,-0.00884,-0.0116182857143,0.443
0.46353453999,0.536479189912,-0.124024393917,-1.37346209825,0.0786140567788,1.90054995665,0.157012254054,-0.00820909164512,-0.0489024596406,0.000287064280248,-0.0761244040802,-0.00602654546465,0.0345671044473,-0.00462314666425,0.574075637134,0.81878773905,0.00213263509915,0.0,0.818745282541,-0.574014597799,-0.0120062788328,0.0,-0.00860659592487,0.00863876342033,-0.999925646372,0.0,0.659652943996,0.258202859884,0.303375829446,1.0,-0.00918,-0.0120651428571,0.46
0.463413954049,0.535620121713,-0.124032887274,-1.37483087908,0.078532091593,1.90104180659,0.156837033165,-0.0123018367824,-0.0483187437204,-0.000601955621006,-0.0833186022883,-0.0059666266557,0.0280810125604,-0.0190924132053,0.574090073955,0.818777661416,0.0021154320894,0.0,0.818734976244,-0.574029100702,-0.0120157031675,0.0,-0.00862403579928,0.00863024032037,-0.999925569709,0.0,0.659493546807,0.25798730254,0.303373543564,1.0,-0.00952,-0.012512,0.477
0.463297899084,0.534721284018,-0.124028998264,-1.37627973921,0.07845112739,1.90156535997,0.1566629629,-0.00866413827605,-0.0475938269333,0.000887268140212,-0.0855200355065,-0.00492272476104,0.0294994151133,-0.0122190480792,0.574097606119,0.818772428627,0.0020965853611,0.0,0.818729377881,-0.574036592023,-0.0120392572132,0.0,-0.00865406176927,0.00862841089758,-0.999925326082,0.0,0.65931851987,0.257775267294,0.30336339443,1.0,-0.00986,-0.0129588571429,0.494
0.46314734067,0.533708010765,-0.124033983035,-1.37793394094,0.0783571129897,1.90216613046,0.156463760038,-0.008130784029,-0.0517667659259,0.00128817676722,-0.0869331058178,0.000621454305939,0.0265106446455,-0.00795028969807,0.574126684699,0.818752124182,0.00206299905487,0.0,0.818708561066,-0.574065736802,-0.012065188321,0.0,-0.00869426888562,0.00861610744544,-0.999925083384,0.0,0.659125391658,0.257515608106,0.303343026425,1.0,-0.01024,-0.0134582857143,0.513
0.463037262883,0.532884151775,-0.1240368604,-1.3792698273,0.0782820302228,1.90267987753,0.156295261877,-0.00640509341021,-0.0524569328815,-0.000125266855419,-0.0923409519162,-0.0046523939886,0.0417822015028,-0.00915066571383,0.5741339722,0.81874700958,0.00206474466841,0.0,0.818703438733,-0.574072985628,-0.012067869775,0.0,-0.00869538556704,0.00861915351545,-0.999925047422,0.0,0.65897166159,0.257316325808,0.303332782158,1.0,-0.01054,-0.0138525714286,0.528
0.462895726884,0.531846053226,-0.124037180469,-1.38091792567,0.0781906718907,1.90328213518,0.156083302857,-0.0100634506117,-0.0612511701187,0.00206495136228,-0.0923374733199,-0.00945142766833,0.0357211067318,-0.00760670163477,0.574141952513,0.818741420305,0.00206202415518,0.0,0.818697704549,-0.574080868262,-0.0120818940156,0.0,-0.00870834611157,0.00862506272192,-0.999924883679,0.0,0.658776512278,0.257066955991,0.303332371313,1.0,-0.0109,-0.0143257142857,0.546
0.462758480698,0.530843774063,-0.12403993169,-1.38254577081,0.0780909565343,1.90385789727,0.15587683728,-0.010770923306,-0.0622253209796,-0.000552390391537,-0.0965576518356,-0.00154228042819,0.0313830264726,-0.0110485574954,0.574148968751,0.818736610311,0.00201780097115,0.0,0.81869227108,-0.574088030557,-0.0121097211289,0.0,-0.00875644523202,0.00860490762883,-0.999924637276,0.0,0.658579289934,0.256817826115,0.303313897915,1.0,-0.01124,-0.0147725714286,0.563
0.462625077093,0.529870789802,-0.124042794587,-1.38407785306,0.077999569269,1.90441051961,0.15567882549,-0.0091143787042,-0.0592499348078,-0.00059223681009,-0.095947194979,-0.0022221340936,0.0305647106309,-0.0121810385416,0.574156726611,0.818731183471,0.00201231215166,0.0,0.818686731207,-0.574095770888,-0.0121172973637,0.0,-0.00876571808233,0.0086048467173,-0.999924556554,0.0,0.658397191471,0.256581946235,0.30331813087,1.0,-0.01156,-0.0151931428571,0.579
0.462478943858,0.52874621464,-0.124046040272,-1.38585642918,0.0778822270107,1.90508669684,0.155430236912,-0.00565257619273,-0.0645563561096,-0.000948124155068,-0.102865698008,-0.00292976503431,0.0414002785,-0.0106612519749,0.574140170729,0.818742765527,0.00202364874293,0.0,0.81869856508,-0.574079269469,-0.0120995372823,0.0,-0.00874484218938,0.00860375437197,-0.999924748742,0.0,0.658190433458,0.256314400466,0.303322281302,1.0,-0.01192,-0.0156662857143,0.597
0.462339480645,0.527694945181,-0.124041067413,-1.38746569744,0.0777835562842,1.90570762216,0.155199833605,-0.00762963029015,-0.0700807533867,0.00107127714857,-0.102673948962,-0.00200128166376,0.0377456401287,-0.0110725980393,0.574122896031,0.818754745285,0.00207707183149,0.0,0.818711250039,-0.57406177322,-0.0120713085018,0.0,-0.00869124091231,0.00863110284702,-0.999924980384,0.0,0.658005240869,0.256074453376,0.303350070327,1.0,-0.01224,-0.0160868571429,0.613
0.462202720829,0.526594538231,-0.124046895682,-1.3891561606,0.0776842095234,1.90634762047,0.154961888376,-0.00520789383277,-0.0743927724442,-2.73439616647e-06,-0.105274281902,-0.00547355691174,0.0394182722291,-0.0204206945982,0.574121116514,0.81875590821,0.0021102715894,0.0,0.818712887897,-0.574059893379,-0.012049601927,0.0,-0.00865442711025,0.0086458039176,-0.999925172683,0.0,0.657796229287,0.255800114409,0.303369990403,1.0,-0.01258,-0.0165337142857,0.63
0.462028542068,0.525349498917,-0.124049286739,-1.39109462121,0.0775536164381,1.90705110249,0.154719825094,-0.0139012255042,-0.0706176491216,-7.20569891981e-05,-0.107693490153,-0.00794251662521,0.0499855103149,-0.0115339546868,0.574124064314,0.818753814933,0.00212042673074,0.0,0.818710973271,-0.574062843827,-0.0120391230664,0.0,-0.00863998608638,0.0086481334015,-0.999925277423,0.0,0.657577889375,0.255519165997,0.30338981632,1.0,-0.01292,-0.0169805714286,0.647
0.461895367466,0.524310489693,-0.124057778202,-1.39275065321,0.0774603370575,1.90764069931,0.154485171017,-0.00857835535019,-0.0723606841229,-0.00342120995982,-0.107016582375,-0.0118271476507,0.0379895865843,-0.0187348084346,0.574110824549,0.818763153248,0.00209926662478,0.0,0.818719945846,-0.57404960628,-0.0120601287103,0.0,-0.00866947274617,0.00864272829467,-0.999925068938,0.0,0.657374795361,0.255268666686,0.303383682499,1.0,-0.01322,-0.0173748571429,0.662
0.461739125007,0.523119751879,-0.124055639055,-1.39467202384,0.0773413781991,1.90836499811,0.154212748643,-0.0093671010451,-0.0700787925146,0.000240060307543,-0.115211739551,-0.00347814969164,0.0467619277432,-0.0205038383972,0.574085355702,0.818781031815,0.00209122195943,0.0,0.818737710734,-0.574024166458,-0.0120650008484,0.0,-0.00867834898647,0.00863866890444,-0.999925027019,0.0,0.657144517445,0.254984696245,0.30336899942,1.0,-0.01356,-0.0178217142857,0.679
0.461568009545,0.521798506108,-0.124065554546,-1.39674084208,0.0772161769339,1.9091764742,0.153942848725,-0.00672954860213,-0.0719249893537,-0.00112981999295,-0.109319652668,-0.00378425894129,0.05384854043,-0.0212922150157,0.574088782137,0.818778501005,0.00214089167826,0.0,0.818735913155,-0.57402746643,-0.0120299291478,0.0,-0.00862108271141,0.008659238994,-0.99992534447,0.0,0.65690656502,0.254673061623,0.303383432028,1.0,-0.01392,-0.0182948571429,0.697
0.461405456922,0.520619431066,-0.12406806652,-1.39863333646,0.0770951222897,1.90988435549,0.153695490113,-0.0114397147745,-0.0737466601531,-0.00137608249043,-0.116964229013,-0.0024639300881,0.0453277272795,-0.0126942945577,0.57408955838,0.818777983682,0.00213056282929,0.0,0.818735303354,-0.574028328563,-0.0120302929982,0.0,-0.00862730172667,0.00865099915742,-0.999925362154,0.0,0.656680970425,0.254384152308,0.30337234493,1.0,-0.01424,-0.0187154285714,0.713
0.461225837877,0.519218147813,-0.124068531539,-1.40081425212,0.0769620612452,1.91066580416,0.153398870232,-0.00756080111874,-0.080862940234,0.000302569501047,-0.123495221596,-0.00580959335124,0.0453531418679,-0.0116726429816,0.574074091175,0.818788822914,0.00213265417611,0.0,0.818746103802,-0.574012788237,-0.0120367499864,0.0,-0.00863155176722,0.00865625526633,-0.999925279988,0.0,0.656411625534,0.254057040049,0.303385933775,1.0,-0.0146,-0.0191885714286,0.731
0.461060917359,0.517865625871,-0.124076828103,-1.40293428638,0.0768168921691,1.91142264834,0.153117781771,-0.00844141918859,-0.0793093535914,-0.0010237050244,-0.123545323313,-0.00495773599426,0.0446767783719,-0.0237800798273,0.574057903821,0.818800222149,0.00211333140242,0.0,0.818757358645,-0.573996792548,-0.0120339815147,0.0,-0.00864054764831,0.00863867416118,-0.999925354337,0.0,0.656148378621,0.253738051012,0.303391941158,1.0,-0.01494,-0.0196354285714,0.748
0.460884792932,0.516597384116,-0.124074834701,-1.40494415824,0.0766865112658,1.91216240177,0.152830481983,-0.0122773759781,-0.0779258159993,0.000121526322965,-0.123032996494,-0.00930040469033,0.0507819072274,-0.0101342764739,0.57403658017,0.818815187228,0.00210729534523,0.0,0.818772262938,-0.573975515122,-0.0120347989576,0.0,-0.00864490667163,0.00863397604592,-0.999925357237,0.0,0.655904553128,0.253430927155,0.303389081466,1.0,-0.01526,-0.020056,0.764
0.460704752868,0.515220195248,-0.124078271558,-1.40712353812,0.0765607736172,1.91298367591,0.152537416063,-0.0105472473776,-0.0813252389747,0.000456106825063,-0.128500258195,-0.00736043123298,0.0438344669113,-0.0186573480075,0.574027762556,0.818821322846,0.00212508094321,0.0,0.818778566606,-0.573966559345,-0.0120330595467,0.0,-0.00863336655768,0.00864744746706,-0.99992534053,0.0,0.655640902458,0.253105672005,0.303388831066,1.0,-0.0156,-0.0205028571429,0.781
0.460513484538,0.51381632738,-0.124076227677,-1.40938813004,0.0764160295528,1.91377922307,0.152232052662,-0.0166762463387,-0.0813321245592,0.000350640661957,-0.137663926639,-0.00887773479755,0.046721046739,-0.0198380629236,0.574012688205,0.818832039874,0.00206667764332,0.0,0.818788455335,-0.573951670147,-0.0120703208773,0.0,-0.00869755983584,0.00862085510771,-0.999925013844,0.0,0.655354331352,0.252761827821,0.30336388761,1.0,-0.01594,-0.0209497142857,0.798
0.460332989552,0.512503601764,-0.124083719782,-1.41151343187,0.0762925274682,1.91451720162,0.151926156739,-0.00936922069059,-0.0851357487684,-0.00123088665904,-0.132117914439,-0.00983328868386,0.0450501243731,-0.0117599195288,0.573993308961,0.818845776478,0.00200562068042,0.0,0.818801247138,-0.573932413577,-0.012118136494,0.0,-0.00877196305651,0.00859809951909,-0.999924559829,0.0,0.65508443725,0.252434386686,0.303336299826,1.0,-0.01626,-0.0213702857143,0.814
0.460120112521,0.510968654771,-0.12408762314,-1.41394358072,0.0761482273941,1.91543830056,0.151572420977,-0.0107504767408,-0.0875409941521,-0.00063023923031,-0.135369930604,-0.00441346628626,0.050289748647,-0.0235732851713,0.573969122747,0.818862676368,0.00202738373452,0.0,0.818818397881,-0.573908102173,-0.0121106751798,0.0,-0.00875361647314,0.00861137850593,-0.999924606337,0.0,0.654791979334,0.252063626454,0.303334540313,1.0,-0.01662,-0.0218434285714,0.832
0.459915491193,0.509478918559,-0.124090681391,-1.41631079293,0.0760010542599,1.91633176987,0.151253349545,-0.0156653819828,-0.0906899919602,0.00116761616998,-0.135718610149,-0.00302766499336,0.0528051794879,-0.0199856465429,0.573961381697,0.818868078362,0.00203702270174,0.0,0.818823942756,-0.573900336721,-0.0121037672806,0.0,-0.00874250895998,0.00861522382201,-0.999924670391,0.0,0.654504706012,0.251703398841,0.303328139567,1.0,-0.01696,-0.0222902857143,0.849
0.459714623643,0.508064508222,-0.124097448763,-1.41854582004,0.0758550580377,1.91711684668,0.150938361955,-0.0134319499729,-0.0935886892049,-0.000255831646398,-0.148698945174,-0.0100762532031,0.055585865576,-0.0257415506914,0.573949091228,0.818876780864,0.00200133500033,0.0,0.818832183854,-0.573888208876,-0.0121212746783,0.0,-0.00877745682311,0.00859591759315,-0.999924530378,0.0,0.654224265889,0.251351166234,0.303322152042,1.0,-0.01728,-0.0227108571429,0.865
0.459487706538,0.506433430711,-0.124108860305,-1.42111811671,0.0756911248517,1.91806503993,0.150581757823,-0.011860902741,-0.0960413510392,-0.00238827648023,-0.142638649724,-0.011019049776,0.0562405450096,-0.0206493208014,0.573939906768,0.818883220211,0.00200049414415,0.0,0.818838668612,-0.573879084511,-0.0121151990505,0.0,-0.00877306037257,0.00859164359085,-0.999924605694,0.0,0.653908976343,0.250950207401,0.30332095032,1.0,-0.01764,-0.023184,0.883
0.459267149472,0.504814114894,-0.124110637604,-1.42357948149,0.0755374541693,1.91901743561,0.150248941694,-0.0123631509308,-0.0986446760561,-0.000789717813259,-0.143491628565,-0.0156590668558,0.0561316057601,-0.0223030535072,0.573934930507,0.818886481189,0.0020912606636,0.0,0.818843183405,-0.573873782922,-0.0120610599582,0.0,-0.00867668633355,0.00863484439556,-0.999925074481,0.0,0.65361541379,0.250574008024,0.303363694849,1.0,-0.01798,-0.0236308571429,0.9
0.459059763985,0.503350764071,-0.12411068777,-1.42576159084,0.0754053042738,1.91983576513,0.149940402085,-0.0146039849568,-0.0941206890276,0.00110366995209,-0.15291656844,-0.0030440022355,0.0508696952956,-0.0143257018961,0.573928640675,0.818890663516,0.00217796263756,0.0,0.818848479137,-0.573867108947,-0.012019000984,0.0,-0.00859255200166,0.00868163743885,-0.999925395828,0.0,0.653352208513,0.250233003949,0.30341812081,1.0,-0.01828,-0.0240251428571,0.915
0.458832155348,0.501647235081,-0.124122734559,-1.42828628649,0.0752408014492,1.92075579554,0.1495946102,-0.0152644304441,-0.0947322637559,0.000194501587731,-0.148450229364,-0.0117402972121,0.0547588420347,-0.0164286279357,0.573925065467,0.818892956282,0.00225660851159,0.0,0.818851895796,-0.573863309309,-0.0119675344595,0.0,-0.00850530859826,0.0087164639749,-0.999925838741,0.0,0.653041788929,0.24983612196,0.303485767018,1.0,-0.01862,-0.024472,0.932
0.458573695956,0.4998258322,-0.124125997602,-1.43103684375,0.0750661368533,1.92173326558,0.149207739153,-0.0117766938995,-0.099871921474,-5.95347260908e-05,-0.160776419725,-0.00175596908843,0.052113643016,-0.0188975914166,0.573915040327,0.818899870053,0.00229700109395,0.0,0.818859305189,-0.573853089774,-0.0119505883981,0.0,-0.00846835715342,0.00873971140878,-0.999925949444,0.0,0.652696588183,0.249401405638,0.303532217073,1.0,-0.01898,-0.0249451428571,0.95
0.45835858494,0.498359433215,-0.124127608272,-1.43334680541,0.0749154412888,1.92260265477,0.148878102822,-0.0171970157538,-0.0939334541903,0.000336204791614,-0.158734394784,-0.0110817991135,0.0659222962663,-0.0182380183498,0.573899214061,0.818910917496,0.00231261888279,0.0,0.818870615459,-0.573837263972,-0.0119355149312,0.0,-0.00844721922593,0.00874368662936,-0.999926093485,0.0,0.652413171807,0.249040103837,0.303530833078,1.0,-0.01928,-0.0253394285714,0.965
0.458097739255,0.496688111831,-0.124127452992,-1.4360127332,0.0747583354772,1.92355647011,0.148474690669,-0.014785073192,-0.0963672007423,4.62024879516e-05,-0.150428708663,-0.00696996230236,0.0597568334081,-0.0244218255587,0.573876705447,0.818926768717,0.00228502201503,0.0,0.81888595046,-0.573814708091,-0.0119677825364,0.0,-0.00848972169419,0.00873937229811,-0.999925771244,0.0,0.652057853425,0.248586922354,0.303512411023,1.0,-0.01964,-0.0258125714286,0.983
0.45781329566,0.494903155133,-0.124127356778,-1.43891006545,0.0745757552149,1.92455486509,0.148065746865,-0.018782970675,-0.0965091583299,0.000831697016281,-0.162308588568,-0.00602321982898,0.0601881376871,-0.0157585432458,0.573869537312,0.818932065792,0.00218464295669,0.0,0.818889758326,-0.573807772633,-0.0120395463523,0.0,-0.00860617115198,0.00869827810629,-0.999925134086,0.0,0.651701015827,0.248148388234,0.303460772904,1.0,-0.01998,-0.0262594285714,1.0
0.457530051785,0.493029603024,-0.124177057821,-1.44180044356,0.0743980821488,1.92561281983,0.147648968028,-0.0156151658311,-0.138800478715,0.00225040427062,-0.194559917051,-0.00592830384113,0.0808236314772,-0.0334652067573,0.573893223784,0.818915399869,0.00220962753866,0.0,0.81887357402,-0.573831509296,-0.0120089804765,0.0,-0.00856655007608,0.00870144564966,-0.999925446753,0.0,0.651350910166,0.247659872182,0.303482655911,1.0,-0.0298885714286,-0.039282122449,1.016
0.457187591113,0.4901650394,-0.124235367702,-1.44626243274,0.0741681161976,1.92731088016,0.146992117967,-0.0290218126258,-0.180027407774,-0.000945145875359,-0.294753539546,-0.0141246968389,0.106045274921,-0.0475120752287,0.57384015483,0.818952324398,0.00230520465219,0.0,0.818911591879,-0.573777897157,-0.0119781601724,0.0,-0.008487030039,0.00876147678484,-0.999925600655,0.0,0.650789917852,0.246989406302,0.30350077565,1.0,-0.0411182857143,-0.0540411755102,1.033
0.456585114462,0.486119306398,-0.124278187424,-1.45268365505,0.0738127754729,1.92972326656,0.146039695626,-0.0365046937422,-0.247574656168,-0.00896780081161,-0.386606282389,-0.0204143114828,0.151301073606,-0.0575168305808,0.57380864092,0.818974286925,0.00234688340036,0.0,0.818933825807,-0.573745935899,-0.0119890320508,0.0,-0.00847235728085,0.00880152184535,-0.999925373403,0.0,0.649987441833,0.245970908326,0.30346646131,1.0,-0.0530085714286,-0.0696684081633,1.051
0.455947878691,0.481921841129,-0.1243984249,-1.45931682563,0.0734019260304,1.93207073994,0.145015043979,-0.0433559652416,-0.28983336974,-0.00507083370247,-0.470914952496,-0.0183875573637,0.160349520452,-0.0605349078541,0.573793182462,0.818985389902,0.00224984160856,0.0,0.818943852448,-0.573731073192,-0.0120153690161,0.0,-0.00854977224748,0.00873699899482,-0.99992528033,0.0,0.649145326483,0.244849170337,0.30342931654,1.0,-0.0629171428571,-0.0826911020408,1.066
0.455008863929,0.475848306339,-0.1245478337,-1.4688370133,0.0728440690986,1.93535834454,0.143618663118,-0.0558781549104,-0.355586295975,-0.00724913280905,-0.562984252622,-0.0400648616361,0.200994261071,-0.0810545725873,0.573838715269,0.818953854178,0.00211198659441,0.0,0.818910256501,-0.573776922385,-0.0121153636879,0.0,-0.0087102823186,0.00868195937203,-0.999924374422,0.0,0.647907183977,0.243238836692,0.303394998599,1.0,-0.0748074285714,-0.0983183346939,1.084
0.454006532588,0.469596810359,-0.124664462897,-1.47847112428,0.0722915087634,1.93882660005,0.142197648927,-0.0651921548494,-0.411671685854,-0.00752699135913,-0.619218305566,-0.0344733115613,0.229227080007,-0.0896672629642,0.573894120942,0.818914812595,0.00219421089023,0.0,0.818872001181,-0.573831676947,-0.0121078121836,0.0,-0.00865632569166,0.00874554847125,-0.999924288838,0.0,0.64667340509,0.241610294337,0.303435094107,1.0,-0.0853765714286,-0.112209208163,1.1
0.452856227851,0.4625452767,-0.124720517618,-1.48926522575,0.0716074245866,1.94281979595,0.140435845598,-0.079539371759,-0.459141421856,-0.00177471286838,-0.714834962186,-0.0404118335989,0.25161882669,-0.115229203504,0.573758639299,0.819009170715,0.00239771033838,0.0,0.81896909281,-0.573695442591,-0.0119962941644,0.0,-0.00844968212406,0.00884679840535,-0.999925165715,0.0,0.645287786667,0.239812021228,0.303508488335,1.0,-0.0959457142857,-0.126100081633,1.116
0.451217357533,0.453243801083,-0.12484879026,-1.50381749597,0.0706455400551,1.94777770809,0.138226578625,-0.0900233291645,-0.514321349354,-0.00989668337698,-0.791591339732,-0.0517139018308,0.271778229676,-0.126821323271,0.573794758202,0.818984630913,0.00212053984544,0.0,0.818940727253,-0.573732517199,-0.0121585712943,0.0,-0.00874122865628,0.0087132886769,-0.99992383186,0.0,0.643330731861,0.237268733204,0.303413312063,1.0,-0.108496571429,-0.142595493878,1.135
0.449796265537,0.444953928472,-0.124968628143,-1.51616519506,0.0697883658291,1.9523220706,0.136299749174,-0.0971377617569,-0.557966577457,-0.0093891808086,-0.86187139932,-0.0571847917988,0.306375730049,-0.132984458853,0.573792452252,0.818985235768,0.00248036959552,0.0,0.818946941699,-0.573729670798,-0.0118709068687,0.0,-0.00829919561441,0.00884289811038,-0.999926460549,0.0,0.641730506408,0.235110013423,0.303616465854,1.0,-0.118405142857,-0.155618187755,1.15
0.448083785669,0.435567546699,-0.125061560212,-1.53057603152,0.0688479327782,1.95722862266,0.133990758687,-0.11290405828,-0.614789164969,-0.00718084937097,-0.898499471457,-0.0603139595366,0.319634330012,-0.144921138742,0.573751050876,0.81901441466,0.00242220935764,0.0,0.818974867913,-0.573687978743,-0.0119589161188,0.0,-0.00840509411864,0.00884533957943,-0.999925554409,0.0,0.639621160139,0.23241275524,0.303627783377,1.0,-0.129634857143,-0.170377240816,1.167
0.44593059476,0.424071947497,-0.125193475338,-1.54778891181,0.0676354558963,1.96334686651,0.131120751956,-0.123076778076,-0.637659481177,-0.00713186919826,-0.975733121503,-0.0711188371973,0.332708535474,-0.170216108435,0.573668897946,0.819071210306,0.00266362135537,0.0,0.819035432404,-0.57360559099,-0.0117615200171,0.0,-0.00810581039567,0.00892899040566,-0.99992728184,0.0,0.637407657825,0.229471784995,0.30376982661,1.0,-0.140864571429,-0.185136293878,1.184
0.443769458418,0.413148493807,-0.125336209257,-1.56413845048,0.066443897139,1.96912133526,0.128424324887,-0.138680921479,-0.696621413951,-0.00470777736744,-1.0375846793,-0.0758745966756,0.381811469605,-0.171519712997,0.573688011523,0.819057067591,0.00288658377212,0.0,0.819025019857,-0.573624880872,-0.0115438205732,0.0,-0.00779938171732,0.00898690882712,-0.999929200051,0.0,0.635167154045,0.226446923187,0.303900201189,1.0,-0.151433714286,-0.199027167347,1.2
0.440919669694,0.399415549817,-0.125481398599,-1.58489114053,0.0650730510172,1.97612886413,0.124931771736,-0.158112626064,-0.764932478961,-0.00401079069449,-1.10484475513,-0.0767440001879,0.379008966642,-0.194979038366,0.573730187904,0.819027498663,0.00289392879558,0.0,0.818994614178,-0.57366595545,-0.0116593484597,0.0,-0.00788933047155,0.00905960670554,-0.999927838392,0.0,0.632194508736,0.222578070874,0.303906442855,1.0,-0.163984571429,-0.215522579592,1.219
0.438264941977,0.387162245887,-0.125623045025,-1.60333064799,0.0637029291191,1.98240924964,0.121748077983,-0.170084350351,-0.77769379061,-0.00910683170829,-1.17316398429,-0.0885166475826,0.381125371272,-0.204972565492,0.573734522238,0.819024411173,0.00290840101555,0.0,0.818992107902,-0.573670693698,-0.0116021242727,0.0,-0.00783410940354,0.00903867072731,-0.999928462022,0.0,0.62953646668,0.219053909556,0.30391163684,1.0,-0.174553714286,-0.229413453061,1.235
0.435203296993,0.373370896691,-0.125774714093,-1.62379724229,0.0621720380556,1.98923025378,0.118037698667,-0.184927361278,-0.830603344371,-0.00714205213224,-1.21886389663,-0.0908448113829,0.401215971772,-0.22650351566,0.573648434759,0.819084460472,0.00297771936501,0.0,0.819053223631,-0.573584587287,-0.011544911725,0.0,-0.00774843303976,0.00906180565329,-0.999928920206,0.0,0.626512287995,0.215086196849,0.303986352627,1.0,-0.185783428571,-0.244172506122,1.252
0.43157032693,0.358099861946,-0.125968426483,-1.64642106142,0.0604304605863,1.99667422438,0.114026316231,-0.206203760103,-0.862118952349,-0.0124627295164,-1.27709548171,-0.0981876939889,0.41148327187,-0.23262848149,0.573794410595,0.81898220305,0.0029786504385,0.0,0.818951304777,-0.573730923641,-0.0115036761104,0.0,-0.00771251062652,0.00904028877011,-0.999929392687,0.0,0.623121124719,0.210545003297,0.30402243062,1.0,-0.197673714286,-0.259799738775,1.27
0.428219572037,0.34482815206,-0.126161414216,-1.66602346115,0.0589651820099,2.00298561286,0.110287742029,-0.227091026449,-0.908910829079,-0.0148912269541,-1.30284168083,-0.0924005210968,0.438923200654,-0.244155239714,0.573872199256,0.818927841418,0.00293877060221,0.0,0.818896046185,-0.573808385774,-0.0115736277335,0.0,-0.00779182477849,0.00904850503933,-0.99992870347,0.0,0.620123860098,0.206494692521,0.304020490192,1.0,-0.207582285714,-0.272822432653,1.285
0.424254534631,0.329271755083,-0.126286321868,-1.68886345201,0.0572242288854,2.01033834296,0.105907119733,-0.233942164227,-0.930587990987,-0.00565306296074,-1.33773503052,-0.103890686386,0.438221234291,-0.270969464544,0.573864716761,0.8189329305,0.00298145964288,0.0,0.818901062058,-0.573800034603,-0.0116326158648,0.0,-0.00781572103013,0.00911724381166,-0.999927892585,0.0,0.616536659954,0.201827077514,0.304018634606,1.0,-0.218812,-0.287581485714,1.302
0.420025867809,0.313073624529,-0.126427609855,-1.71246192358,0.055230691116,2.01780638002,0.101246772671,-0.251782271281,-0.945264467262,-0.00972457717519,-1.39422673044,-0.103965851682,0.425026516032,-0.281032488325,0.573748994484,0.819014177079,0.00293529785944,0.0,0.818982213189,-0.573685064804,-0.0115899871296,0.0,-0.00780857756788,0.0090538745141,-0.999928524182,0.0,0.61274191947,0.19692247812,0.304019902332,1.0,-0.230041714286,-0.302340538775,1.319
0.415695373444,0.297214992719,-0.126563014906,-1.73532773792,0.0532807691531,2.0249541255,0.0965247630502,-0.283540375367,-0.980421453419,-0.0168181170004,-1.45931207435,-0.131111740124,0.435780432727,-0.301576786784,0.573604560244,0.819115225741,0.0029668716746,0.0,0.819084019283,-0.573540952737,-0.0115278701354,0.0,-0.00774118058312,0.00904273015609,-0.999929149067,0.0,0.608997415419,0.192065700756,0.304051778097,1.0,-0.240610857143,-0.316231412245,1.335
0.410718753008,0.279819423642,-0.126735049144,-1.76012306548,0.0512470648954,2.0325661098,0.0912959039733,-0.303004714592,-1.04185306404,-0.013835058329,-1.49337653349,-0.128674758895,0.456284877084,-0.322204578281,0.573586471739,0.819127318751,0.00312122014328,0.0,0.819097600698,-0.573521777916,-0.0115168436745,0.0,-0.00764382072098,0.00916266606915,-0.999928806243,0.0,0.604856553962,0.186671904249,0.304124841919,1.0,-0.251840571429,-0.330990465306,1.352
0.405285342469,0.261869275139,-0.126948044787,-1.78552552284,0.0490342614838,2.04016092099,0.085747904808,-0.339064065043,-1.07577238223,-0.0162858923975,-1.51149343822,-0.143234893177,0.454771756962,-0.328802851921,0.573610843633,0.819110054884,0.00317253133344,0.0,0.819080984452,-0.573545968483,-0.0114939047492,0.0,-0.00759532662732,0.00919176545758,-0.999928908704,0.0,0.600527062999,0.180955331632,0.304178667708,1.0,-0.263070285714,-0.345749518367,1.369
0.399751171282,0.24457647021,-0.127155701272,-1.80989800452,0.0468550428608,2.04727676354,0.0802792157494,-0.353154022713,-1.09186655156,-0.0138854984054,-1.52393209427,-0.139008128758,0.428539467425,-0.349892496641,0.573705428785,0.819043947474,0.00313687572717,0.0,0.819014286053,-0.573640495295,-0.0115294535919,0.0,-0.00764383740387,0.00918383296797,-0.999928611933,0.0,0.596281506306,0.175323749573,0.304176963229,1.0,-0.273639428571,-0.359640391837,1.385
0.393200692096,0.224444012025,-0.127347733464,-1.83787245054,0.0443642158436,2.05530614243,0.0736757757495,-0.371208781588,-1.11805554262,-0.0122180681032,-1.55289935739,-0.142835107051,0.443110764071,-0.381017324418,0.573610113156,0.819110193102,0.00326749788029,0.0,0.819081560409,-0.573543980612,-0.011551909079,0.0,-0.00758837883531,0.00930281824448,-0.999927934443,0.0,0.591269444412,0.168849645684,0.30423510617,1.0,-0.285529714286,-0.37526762449,1.403
