position_joint1,position_joint2,position_joint3,position_joint4,position_joint5,position_joint6,position_joint7,velocity_joint1,velocity_joint2,velocity_joint3,velocity_joint4,velocity_joint5,velocity_joint6,velocity_joint7,ee_T_00,ee_T_10,ee_T_20,ee_T_30,ee_T_01,ee_T_11,ee_T_21,ee_T_31,ee_T_02,ee_T_12,ee_T_22,ee_T_32,ee_T_03,ee_T_13,ee_T_23,ee_T_33,v_x,v_y,time
0.465064407273,0.547760761294,-0.124004384906,-1.35583127233,0.0794911995166,1.89409233027,0.15914528383,0.00274261122113,-0.00205086520321,0.00053641895988,-0.000653503865338,-1.20319027373e-05,0.00267196058976,0.000411218771874,0.57381052631,0.818974011057,0.00194833502995,0.0,0.818930992847,-0.573752107225,-0.0118867704271,0.0,-0.00861726063514,0.00841646797846,-0.999927450311,0.0,0.661682936497,0.260873647207,0.303229466359,1.0,0.0,0.0,0.0
0.465064168859,0.547767918332,-0.124006546131,-1.35582876656,0.0794919120802,1.89409395981,0.159145663492,0.000179328929321,0.000300897904191,0.00037070503037,-0.000545608155563,0.000223252950027,0.000364967591234,0.00194707968231,0.573815936517,0.818970228308,0.00194500545188,0.0,0.818927174126,-0.573757537703,-0.0118877377257,0.0,-0.00861990770033,0.00841435317688,-0.999927445294,0.0,0.66168293424,0.260874206093,0.303226132589,1.0,-0.0002,-0.000262857142857,0.011
0.465063764078,0.547760896494,-0.124008674789,-1.35583484634,0.0794900171067,1.89409314601,0.159142790597,-0.000211224905916,-0.00225666131181,-0.00490201364261,-6.07985651652e-05,1.96796082313e-05,0.000186066846987,-0.000785262900931,0.573811896297,0.818973060886,0.00194425111538,0.0,0.818930019428,-0.573753523094,-0.0118854919072,0.0,-0.00861854269376,0.00841240421821,-0.999927473459,0.0,0.661683495169,0.260870176028,0.303227880269,1.0,-0.00052,-0.000683428571429,0.027
0.465065156406,0.547746032182,-0.124006492073,-1.35585330849,0.0794879667553,1.89409557268,0.159148277869,0.000911740424519,-0.00171980668841,0.000568992469555,-0.00159068981198,-0.000248935915254,-0.000412374386981,0.00123339304649,0.573814179973,0.818971462745,0.00194344320245,0.0,0.818928402857,-0.573755802099,-0.01188686055,0.0,-0.00862010372234,0.00841255194447,-0.99992745876,0.0,0.661679390267,0.260870196521,0.303229757892,1.0,-0.00086,-0.00113028571429,0.044
0.465062677055,0.547653624339,-0.124012249569,-1.35595269372,0.0794878560746,1.89411888421,0.159146033576,-0.000542207209908,-0.00475113404354,-0.00180543289379,-0.00962139131613,0.00029989507913,0.00459749144519,0.000329154587731,0.57382379132,0.818964688074,0.00196038376849,0.0,0.818921807697,-0.573765302415,-0.0118826564443,0.0,-0.00860684155099,0.00842411418159,-0.999927475659,0.0,0.661665675965,0.260856209151,0.303250131853,1.0,-0.0012,-0.00157714285714,0.061
0.465061967487,0.547535529786,-0.124004473653,-1.35611091729,0.0794846774266,1.89414288517,0.159140581039,0.000116650906926,-0.00682010270884,-0.000763820212121,-0.0138539744199,0.000165953238825,-0.000560109714336,-9.13888340409e-05,0.573822226382,0.818965800452,0.00195374042166,0.0,0.818922689749,-0.573763624416,-0.0119028741197,0.0,-0.00862722774646,0.00843025839747,-0.999927248196,0.0,0.66163588359,0.260844120821,0.303260301347,1.0,-0.00152,-0.00199771428571,0.077
0.465043938174,0.547370998562,-0.124006606686,-1.35632389067,0.07948462007,1.89423684816,0.15914125266,-0.00140220094078,-0.0129994917206,0.000607441520681,-0.0127461019774,-0.00235078319166,0.0042077643116,0.00173636917911,0.573851004065,0.818945527448,0.00199877653446,0.0,0.818902920325,-0.573792131789,-0.011888796472,0.0,-0.00858955982444,0.00845936460271,-0.999927326666,0.0,0.661615338626,0.260814218422,0.303283712548,1.0,-0.00186,-0.00244457142857,0.094
0.465027595111,0.547189722017,-0.124009823997,-1.35653831004,0.0794784859469,1.89435527413,0.15912681261,-0.000360504022848,-0.00840971289986,-0.00224724029176,-0.0179961000982,0.00686400808358,0.0078377214683,-0.00022796257174,0.573865386287,0.818935262967,0.00207373846841,0.0,0.81889364088,-0.573806217706,-0.011848052574,0.0,-0.00851302792548,0.00849752211542,-0.99992765762,0.0,0.661599929935,0.260785535506,0.303320440231,1.0,-0.0022,-0.00289142857143,0.111
0.465006948031,0.546978863847,-0.124004533959,-1.35679370022,0.0794742034017,1.89448096675,0.159110557309,-0.00274023579135,-0.00954785182202,0.000808980322056,-0.0147285523325,-0.00342276916603,0.0171443406218,-0.00109558080264,0.573878577384,0.81892582244,0.0021500378467,0.0,0.818885111037,-0.573819022145,-0.0118174298217,0.0,-0.00844402839482,0.00854256826616,-0.999927858854,0.0,0.661576408742,0.260755245627,0.303358965333,1.0,-0.00254,-0.00333828571429,0.128
0.46497644609,0.546752632696,-0.124008002422,-1.35713965295,0.0794668881445,1.89460944631,0.159093347122,-0.00531525624492,-0.0162803596994,-0.000790007402971,-0.0184403882429,0.000194727008322,0.00559833474063,-0.00259212400802,0.573909309274,0.818904249496,0.00216374384748,0.0,0.818863613795,-0.573849592521,-0.0118226083085,0.0,-0.0084400831565,0.00855708082475,-0.999927768073,0.0,0.661537802901,0.260702503169,0.303365788302,1.0,-0.00288,-0.00378514285714,0.145
0.464942986521,0.546496145251,-0.124007318343,-1.35751174801,0.0794535186641,1.89475560575,0.159018891224,-0.00641800798,-0.0156542680447,-0.000835914666419,-0.0244254224002,6.1552414281e-05,0.00726344330449,-0.0106301448444,0.573896666474,0.818913016886,0.002198609958,0.0,0.818872753243,-0.573836732013,-0.0118138008081,0.0,-0.00841299408355,0.00858044789196,-0.999927796116,0.0,0.661495762366,0.26063993335,0.303386628492,1.0,-0.00322,-0.004232,0.162
0.464899486146,0.546218105121,-0.124002446099,-1.35797166941,0.0794326046565,1.8949146048,0.158912828873,-0.00156712171177,-0.0150342720174,0.00205378485846,-0.0306382079018,0.000496647642816,0.0132236921493,-0.00297955869674,0.573858062593,0.818940116182,0.00218105594525,0.0,0.818899519757,-0.57379809537,-0.0118350831474,0.0,-0.00844090113396,0.00857788870266,-0.999927582885,0.0,0.661442535358,0.260578230928,0.303374558862,1.0,-0.00354,-0.00465257142857,0.178
0.464853655934,0.545902668943,-0.124007650529,-1.35849384282,0.0793977960019,1.89509587842,0.1589059103,-0.00105976387589,-0.0166731715405,3.36029975861e-05,-0.0364319064778,-0.00466863595174,0.00949811897153,-0.00184672885453,0.573913479584,0.818901349198,0.00215525725403,0.0,0.818860456307,-0.573853647127,-0.0118444787588,0.0,-0.00846282033596,0.00856272581585,-0.999927527573,0.0,0.661382204507,0.260493726382,0.303365219984,1.0,-0.00388,-0.00509942857143,0.195
0.46479425001,0.5455626393,-0.124010423596,-1.3590950645,0.0793186710655,1.89529809893,0.15882271414,-0.000718424904736,-0.0237188106474,-0.00054897088583,-0.0349081552826,-0.00178187492587,0.0154447304358,-0.00459012429253,0.573908460456,0.818905061233,0.0020800496231,0.0,0.818863552329,-0.573849292362,-0.0118414198362,0.0,-0.00850352735098,0.00849933148964,-0.999927723081,0.0,0.661313946065,0.260386833865,0.303337304322,1.0,-0.00422,-0.00554628571429,0.212
0.464729393029,0.545182621809,-0.124010817594,-1.35978083049,0.079305244804,1.89551005567,0.158724161666,-0.00522846932804,-0.0248959974156,5.8415656092e-05,-0.0383237349049,0.000295630640983,0.0170083149051,-0.00202328188943,0.573915694375,0.818900153212,0.00201537104947,0.0,0.818857483993,-0.573856471653,-0.0119129236976,0.0,-0.00859912688149,0.0084874789531,-0.999927006195,0.0,0.66122637394,0.260279504122,0.303298321059,1.0,-0.00456,-0.00599314285714,0.229
0.464667858184,0.544772019806,-0.124015478912,-1.3604402892,0.0792782412399,1.89573024681,0.158667173676,-0.00570303030905,-0.0215439500066,-0.00151640651063,-0.0408294921844,-0.00553178401378,0.0150681713075,-0.00458019419006,0.573952160554,0.818874640393,0.0019969020487,0.0,0.818831601405,-0.573892882556,-0.0119379559965,0.0,-0.0086298477021,0.00848710554227,-0.999926744701,0.0,0.661148101474,0.260173799756,0.303294302033,1.0,-0.00488,-0.00641371428571,0.245
0.464602988819,0.54433779469,-0.124011164619,-1.36119177995,0.0792542389613,1.89600740117,0.158542727584,-0.000809812880309,-0.0255131301625,0.000127301774125,-0.0473289283328,-0.00191215909785,0.0118571868194,-0.00522960711436,0.573935966202,0.818886045668,0.00197428760896,0.0,0.818842479369,-0.573876556873,-0.0119765751996,0.0,-0.00867461994385,0.00849058128968,-0.999926327785,0.0,0.661059200433,0.260064827837,0.303267822045,1.0,-0.00522,-0.00686057142857,0.262
0.464520558856,0.543764848405,-0.124016880897,-1.36211255521,0.0792086532658,1.89632244708,0.158467286045,-0.00304632635404,-0.0308586211279,-0.000720101759629,-0.0558112742525,-0.000571546227269,0.0217583348244,-0.00715853537842,0.57398471883,0.818851931875,0.00195015780246,0.0,0.818807946771,-0.573925304189,-0.012001600593,0.0,-0.00870845658596,0.00848570342408,-0.999926075078,0.0,0.660950520295,0.259919251483,0.303262459166,1.0,-0.0056,-0.00736,0.281
0.464436590784,0.543254994858,-0.124014833469,-1.3629081719,0.0791612243268,1.89660007084,0.158342319271,-0.00797915852827,-0.0351896129455,0.000533910362186,-0.0532110122784,-0.00495892359207,0.017293411988,-0.00779511719694,0.573981258905,0.818854370121,0.00194470051323,0.0,0.81881026573,-0.573921821177,-0.0120099464481,0.0,-0.00871845893111,0.00848598830724,-0.999925985499,0.0,0.660860120511,0.259788359896,0.30326844813,1.0,-0.00592,-0.00778057142857,0.297
0.464361510151,0.542695466276,-0.124021074581,-1.36380111005,0.0790985560364,1.89692247214,0.158231018734,-0.00515501862899,-0.0298342494504,0.000696768973016,-0.0547131234226,-0.00716272479352,0.0160046273564,-0.00248087947836,0.573988899698,0.818849052464,0.00192852372655,0.0,0.818804828897,-0.573929619603,-0.0120079481373,0.0,-0.00872602806859,0.00847167658493,-0.99992604083,0.0,0.660757857548,0.259648218279,0.303267330287,1.0,-0.00626,-0.00822742857143,0.314
0.464288512341,0.542171152988,-0.124023406384,-1.3646139163,0.0790545183223,1.8972221123,0.158127414311,-0.0055254442487,-0.0351782710609,-0.00138479333003,-0.054703793408,-0.00541339076485,0.0219017709101,-0.00515598265898,0.573998886579,0.818842024686,0.00194002968971,0.0,0.818797908436,-0.573939514396,-0.0120069087099,0.0,-0.00871846959778,0.00848060776095,-0.999926031054,0.0,0.660665994719,0.259522246933,0.303277303892,1.0,-0.00656,-0.00862171428571,0.329
0.464213073649,0.541544904506,-0.124023704254,-1.36556860202,0.0789993860192,1.89757583807,0.157994502013,-0.00638519141989,-0.0367179511275,-0.0014599517988,-0.0529439830459,-0.00375427108558,0.019769839084,-0.00864482915881,0.57399650023,0.818843633474,0.00196686122942,0.0,0.818799852131,-0.573936999232,-0.0119945806419,0.0,-0.0086929989301,0.00849547655827,-0.999926126595,0.0,0.660551441567,0.259369589525,0.303298842489,1.0,-0.00692,-0.00909485714286,0.347
0.464119130706,0.540875718723,-0.124024402759,-1.36659348331,0.07894769877,1.89796197903,0.157863166423,-0.00425876345624,-0.0385917825975,0.000763374205918,-0.0585068031607,-0.000566016955485,0.0236806733343,-0.00510962645715,0.574003251023,0.818838835469,0.00199405205491,0.0,0.818795306851,-0.57394353405,-0.011992168415,0.0,-0.00867534696349,0.00851642808881,-0.999926101673,0.0,0.660441009277,0.259224737833,0.303315122318,1.0,-0.00724,-0.00951542857143,0.363
0.464033247983,0.540148671071,-0.12402757271,-1.3676920764,0.0788697856735,1.89835781813,0.157721990472,-0.000587276281,-0.0458093821639,0.001553556568,-0.0723027436608,-0.00478948876253,0.0248392547604,-0.0113980672095,0.574000110829,0.818841002011,0.00200825689284,0.0,0.818797757017,-0.573940431069,-0.0119733700588,0.0,-0.00865183308425,0.00851723596332,-0.999926298522,0.0,0.660312654078,0.259059584308,0.303340456992,1.0,-0.00758,-0.00996228571429,0.38
0.463920953589,0.539316843845,-0.12403608065,-1.36897829965,0.0788020586417,1.89884612779,0.157565657882,-0.00493237454598,-0.0405802375335,0.00011455811646,-0.0692754329647,-0.00547162040083,0.0241610721348,-0.013991603151,0.574023152188,0.818824772125,0.00203965858957,0.0,0.818781895733,-0.573963297849,-0.0119618912515,0.0,-0.00862416974966,0.00853660240501,-0.999926372347,0.0,0.66016939144,0.258860923509,0.303358631668,1.0,-0.00796,-0.0104617142857,0.399
0.463828726443,0.5386974611,-0.124036450779,-1.36994044606,0.0787505359323,1.89922275269,0.157444885286,-0.000979485182391,-0.0512090491842,0.000324407969494,-0.0701371576101,-0.00749094875811,0.0274895810723,-0.00668586812729,0.57403956106,0.818813190392,0.00207086466849,0.0,0.818770683728,-0.573979538244,-0.0119500646472,0.0,-0.00859640212039,0.00855553786588,-0.999926449616,0.0,0.660065029799,0.258710964792,0.303370895907,1.0,-0.00824,-0.0108297142857,0.413
0.463713996523,0.537866273121,-0.124050974701,-1.37125022009,0.0786718035643,1.89972050319,0.157285497195,-0.00424555430865,-0.0499541970155,-0.00117534940125,-0.0723754275507,-0.000235383738364,0.0276012608951,-0.00965548489228,0.574064504098,0.818795673674,0.00208250061793,0.0,0.818753392754,-0.57400450398,-0.0119355839815,0.0,-0.00857760493808,0.00855701429485,-0.999926598406,0.0,0.659920281968,0.258503286635,0.303378141768,1.0,-0.0086,-0.0113028571429,0.431
0.46360530954,0.536996859103,-0.124056646113,-1.37260477085,0.0785919957183,1.90022221937,0.157128074655,-0.00410432080531,-0.0506309131761,-0.00205915959796,-0.0772179072474,-0.00717978571548,0.0330255464617,-0.0124898941758,0.574081845188,0.818783481709,0.00209571156728,0.0,0.818741370401,-0.574021786122,-0.0119291388147,0.0,-0.00856456260978,0.00856431267234,-0.999926647718,0.0,0.6597631177,0.258300031785,0.303390958448,1.0,-0.00896,-0.011776,0.449
0.4635056558,0.536260237473,-0.124054799072,-1.37376700522,0.0785260962379,1.90065869497,0.156982840082,-0.00351402829574,-0.0492019597966,-0.00202338443912,-0.0756654626251,-0.00169125996827,0.0233601567254,-0.00625660113764,0.574089574006,0.81877803406,0.00210686006814,0.0,0.818736015322,-0.57402941556,-0.0119295510564,0.0,-0.0085584194837,0.00857375817249,-0.999926619371,0.0,0.65962893551,0.258126020365,0.303395526998,1.0,-0.00926,-0.0121702857143,0.464
0.463386520737,0.535371531145,-0.124060247728,-1.37515401728,0.0784494397185,1.90117264175,0.156808736373,-0.00776308259519,-0.0510048525723,-0.00146506795443,-0.0799095968404,-0.000620940406121,0.0367507949446,-0.00780320385945,0.574104060295,0.818767836931,0.00212227748359,0.0,0.818725967559,-0.574043785312,-0.0119276775046,0.0,-0.00854788308311,0.0085854570681,-0.999926609118,0.0,0.659469054148,0.257913769857,0.30340725636,1.0,-0.0096,-0.0126171428571,0.481
0.463264140574,0.534475773232,-0.124055584847,-1.37660326304,0.0783676704536,1.90169818478,0.156622534112,-0.00498519277377,-0.0528234800377,0.000848012332529,-0.0868238953989,-0.0101797492325,0.0355300587291,-0.0103251631933,0.574106067132,0.818766482308,0.00210191144633,0.0,0.818724234316,-0.574045762018,-0.011951491702,0.0,-0.00857905263464,0.00858247497614,-0.999926367779,0.0,0.659295664759,0.257697936759,0.303394846175,1.0,-0.00994,-0.013064,0.498
0.463131343469,0.533625655021,-0.124061746866,-1.3779973106,0.0782925184623,1.90219711367,0.156459039836,-0.0134586167191,-0.0506624880751,-0.000529933159851,-0.083908878929,-0.00274285272251,0.0238390554906,-0.00465212776783,0.57414141131,0.81874178968,0.00206604736585,0.0,0.818698976244,-0.574081153156,-0.0119817690305,0.0,-0.00862406220524,0.00857086566019,-0.999926080174,0.0,0.659133031399,0.257474188209,0.303374402302,1.0,-0.01026,-0.0134845714286,0.514
0.462985051144,0.532561922483,-0.124056732726,-1.3796932304,0.0781972980098,1.90284557199,0.156243101711,-0.0136142348919,-0.0574950411334,0.00052654395615,-0.0901209797066,-0.00826377673338,0.0381872596308,-0.0073552940482,0.574148173968,0.818737004124,0.0020831008839,0.0,0.818694327959,-0.574087758994,-0.0119828728685,0.0,-0.00861510458244,0.00858553275269,-0.999926031565,0.0,0.658937213203,0.257221924588,0.303373306201,1.0,-0.01064,-0.013984,0.533
0.462870893617,0.531694163227,-0.124058863917,-1.38107887027,0.0781137646643,1.90334870489,0.156065712905,-0.00932362855119,-0.0587517470658,0.000986858448755,-0.100395984086,-0.00237642893307,0.0274246606737,-0.00696016369854,0.574151015239,0.818735045809,0.00206962931555,0.0,0.818692166808,-0.574090629272,-0.0119930100992,0.0,-0.00863110905241,0.00858035343145,-0.999925938003,0.0,0.658771838787,0.257013014235,0.303369143005,1.0,-0.01094,-0.0143782857143,0.548
0.462733974524,0.530687973418,-0.124066612957,-1.38271650913,0.0780143490337,1.90392643759,0.155851318933,-0.00834813425592,-0.0606922362762,-0.000494395771472,-0.0989433901531,-0.0090165249481,0.0258550224048,-0.0178903670959,0.574155369601,0.818732112595,0.00202145130225,0.0,0.818688575406,-0.574095157277,-0.0120213889571,0.0,-0.00868195892853,0.00855724886026,-0.99992569578,0.0,0.658573810658,0.25676027127,0.303349062116,1.0,-0.01128,-0.0148251428571,0.565
0.462582842214,0.529596127004,-0.124065116115,-1.38444834175,0.0779057104235,1.90456510187,0.155633993431,-0.0086046602615,-0.0612630899189,0.000680915999911,-0.094063823615,-0.00236262815489,0.0361351697002,-0.0190713850709,0.574164997712,0.81872536995,0.00201764816896,0.0,0.818681781651,-0.574104798909,-0.012023608601,0.0,-0.00868585913338,0.0085555117227,-0.999925676773,0.0,0.658369762738,0.25649615499,0.303349216411,1.0,-0.01164,-0.0152982857143,0.583
0.462442463385,0.528498418325,-0.124063618666,-1.38613853106,0.0777989208142,1.90520467036,0.155394917964,-0.00544972287346,-0.0676841756246,0.00197481375759,-0.101747734562,-0.00736472784379,0.037821999226,-0.0104002709999,0.574146087518,0.818738537645,0.00205525297034,0.0,0.818695471569,-0.57408576304,-0.0120003503703,0.0,-0.00864542429486,0.00857274556558,-0.999925879589,0.0,0.658172425683,0.25624452765,0.303373109663,1.0,-0.01198,-0.0157451428571,0.6
0.462281321556,0.527258488948,-0.124068202946,-1.38806823504,0.0776845487135,1.9059552788,0.155136379344,-0.0114943011365,-0.0662022302324,8.68101563052e-05,-0.104864473567,-0.00399353707564,0.0261198011946,-0.00706703950012,0.574143437156,0.818740268629,0.00210546832465,0.0,0.818697884548,-0.574082930096,-0.0119712200541,0.0,-0.00859277193535,0.00859710541309,-0.999926124296,0.0,0.657951484842,0.255955453205,0.30339267266,1.0,-0.01236,-0.0162445714286,0.619
0.462146496638,0.526227076615,-0.124068689889,-1.3896609341,0.0775890887286,1.90654864027,0.154910901913,-0.00475580819677,-0.0696599427079,0.000259600193707,-0.102790823163,-0.0049649091521,0.0386738327575,-0.0200707950056,0.574129826106,0.818749741428,0.00213321074754,0.0,0.818707695986,-0.574069182926,-0.011959458549,0.0,-0.00856735799197,0.00861292373871,-0.999926206238,0.0,0.657763399526,0.25571578577,0.303411817222,1.0,-0.01266,-0.0166388571429,0.634
0.462003222547,0.525107896078,-0.124079062236,-1.39139876927,0.0774734499258,1.90716737379,0.154674106622,-0.0108113555855,-0.0692079387712,-0.000184165429025,-0.105358013939,-0.00125132926352,0.034413996266,-0.0135887263864,0.574122804067,0.81875468403,0.00212605966051,0.0,0.818712627449,-0.574062273697,-0.0119535130193,0.0,-0.00856666906734,0.00860358194946,-0.999926292563,0.0,0.657553657551,0.255447252741,0.303425866136,1.0,-0.01298,-0.0170594285714,0.65
0.461855640704,0.524002795839,-0.124083006825,-1.39318873699,0.0773736913181,1.90781192097,0.154433299661,-0.00620191484844,-0.0635497071371,0.00369962553067,-0.115723701415,-0.00309485992827,0.0426316096386,-0.0189578405924,0.574118578439,0.818757727187,0.00209498515051,0.0,0.818715143867,-0.574058055611,-0.0119836927367,0.0,-0.00860926368135,0.00859542219584,-0.99992599691,0.0,0.65733467187,0.255177580117,0.303407027063,1.0,-0.0133,-0.01748,0.666
0.461700406508,0.522787498104,-0.124084430899,-1.39511261563,0.077249057454,1.90854503056,0.154174870412,-0.0112252740787,-0.075450247642,0.00103154680452,-0.119579724265,-0.00959114616173,0.0481686684664,-0.0142100102678,0.574104764187,0.818767376565,0.00210943414779,0.0,0.818725057666,-0.574044259032,-0.0119672688084,0.0,-0.00858766606374,0.00859767816345,-0.999926163235,0.0,0.657106924991,0.254891915019,0.303409174236,1.0,-0.01364,-0.0179268571429,0.683
0.461545661763,0.521629616145,-0.12408804107,-1.39694961912,0.0771411270722,1.90925913503,0.15392676858,-0.00938974553411,-0.0729523491945,9.88059303505e-05,-0.118458233235,-0.00695243500449,0.0440971501171,-0.0148501563052,0.574100318087,0.818770419929,0.00213801867066,0.0,0.818728477383,-0.57403969929,-0.0119520233426,0.0,-0.00855882036025,0.00861228298675,-0.999926284871,0.0,0.656893185452,0.254616277818,0.303410452619,1.0,-0.01396,-0.0183474285714,0.699
0.461379251279,0.520356358743,-0.124093702081,-1.39897607606,0.0770001773328,1.91000487497,0.153656339823,-0.00773582047504,-0.0785267275634,-0.000633547518168,-0.119825489889,-0.00718779492718,0.0449512747305,-0.00927132305417,0.574089133221,0.818778310233,0.00211960148866,0.0,0.818736271599,-0.574028736152,-0.0119446448463,0.0,-0.00856346883323,0.00859285086556,-0.99992641225,0.0,0.656648696814,0.254307725496,0.303405045435,1.0,-0.0143,-0.0187942857143,0.716
0.461212805068,0.519038952026,-0.124099886376,-1.40102825617,0.0768708832556,1.91074390523,0.153382352098,-0.00715928621479,-0.0771192854006,5.83836840402e-05,-0.119556706517,-0.011181937698,0.0355161940274,-0.0112876573494,0.574079574493,0.818785011589,0.00211986985836,0.0,0.818742983996,-0.574019185089,-0.0119435425309,0.0,-0.00856251249591,0.00859233781674,-0.999926424849,0.0,0.656396728444,0.25399784564,0.303417447482,1.0,-0.01464,-0.0192411428571,0.733
0.461036195496,0.517680995363,-0.12410814183,-1.40315695137,0.0767426659606,1.91151197303,0.153090255555,-0.0110192714227,-0.0802838684163,-0.000962755025476,-0.128295232956,-0.00706853362516,0.0469745373621,-0.0131126425552,0.574069092222,0.818792368932,0.00211679833759,0.0,0.818750263708,-0.574008679045,-0.0119494334482,0.0,-0.00856920928672,0.00859309505301,-0.999926360973,0.0,0.65613576641,0.253673724029,0.303424092324,1.0,-0.01498,-0.019688,0.75
0.460863608568,0.516425882231,-0.124109574758,-1.40514865093,0.0766139834282,1.91225734022,0.152814194665,-0.0110953090846,-0.0737040220526,0.000848068984603,-0.124720581116,-0.010021295956,0.0524183573036,-0.0123529072308,0.574056052655,0.818801506204,0.00211866714646,0.0,0.818759473274,-0.573995681511,-0.0119427564438,0.0,-0.00856280603233,0.00859065581558,-0.999926436787,0.0,0.655896730254,0.25336955393,0.303421219007,1.0,-0.0153,-0.0201085714286,0.766
0.460679249188,0.51504640225,-0.124120985828,-1.40734101811,0.0764729556424,1.91308097903,0.152512105586,-0.0117299473104,-0.0789393641628,-0.000812507952734,-0.127165073835,-0.014935491868,0.0562431996852,-0.0228613247504,0.574045422983,0.818808956316,0.00211950677168,0.0,0.81876703142,-0.573985147159,-0.0119308843674,0.0,-0.0085527142368,0.0085844171074,-0.999926576736,0.0,0.655634166213,0.25303302588,0.303416775715,1.0,-0.01564,-0.0205554285714,0.783
0.460463544629,0.513470454197,-0.124116061487,-1.40987499594,0.0763302907595,1.91396327352,0.152164871772,-0.00608395609322,-0.0800885287402,0.00124246417864,-0.129830379855,-0.00816425292469,0.0452086109551,-0.0208101596278,0.574028768877,0.818820774508,0.00206364635245,0.0,0.818777855088,-0.57396846074,-0.0119907044779,0.0,-0.00863393623706,0.0085728423173,-0.99992597802,0.0,0.655310679171,0.252651351101,0.303391588869,1.0,-0.01602,-0.0210548571429,0.802
0.460281247097,0.512212690506,-0.124122417394,-1.41190123418,0.0761998131048,1.91466835109,0.151889591065,-0.0166426440237,-0.0832377303621,-0.000166718989453,-0.13356359131,-0.00605131705986,0.0424917525109,-0.0180624371348,0.574027839623,0.818821571473,0.0020050759315,0.0,0.818777869077,-0.573967760794,-0.012023210011,0.0,-0.00869418216271,0.00854353355599,-0.999925706856,0.0,0.655056751511,0.252331103482,0.303369626928,1.0,-0.01632,-0.0214491428571,0.817
0.460058297806,0.510590796205,-0.124128490771,-1.41450352351,0.0760445437801,1.91566077253,0.15150484635,-0.0132539778399,-0.0819352414025,0.000874131771728,-0.137865318037,-0.0121841449281,0.050772549537,-0.0254246739278,0.573994074715,0.818845220626,0.00201339280225,0.0,0.818801608084,-0.573933946304,-0.0120207645546,0.0,-0.00868775839359,0.00854858147873,-0.999925719546,0.0,0.654743187463,0.251936272891,0.303352980464,1.0,-0.0167,-0.0219485714286,0.836
0.459860292551,0.509098609614,-0.124137542351,-1.4168591617,0.0759026874351,1.91652670372,0.15118229896,-0.0114920015487,-0.0940947055314,-0.000374252927655,-0.140796505077,-0.0126389530848,0.0471414432654,-0.0192361805917,0.573982942861,0.81885302199,0.00201409605216,0.0,0.818809386809,-0.573922781545,-0.0120239676957,0.0,-0.00869009398662,0.00855087774718,-0.999925679616,0.0,0.654452396053,0.251577311695,0.303351464234,1.0,-0.01704,-0.0223954285714,0.853
0.459675281026,0.507756580113,-0.124138351553,-1.41895138984,0.0757695260033,1.91726712939,0.150892891961,-0.0102235992319,-0.0885459728931,0.000594629715723,-0.138082523938,-0.00363318555469,0.0473557412808,-0.015215949453,0.573970392092,0.818861843945,0.00200410441134,0.0,0.818818038635,-0.573910235983,-0.0120336005256,0.0,-0.00870384785605,0.00854809183251,-0.99992558381,0.0,0.654189070102,0.251253967798,0.303358615116,1.0,-0.01734,-0.0227897142857,0.868
0.459446016098,0.506109912222,-0.124146891366,-1.42152168271,0.0756058729101,1.91822117968,0.150546744253,-0.0135147441003,-0.0961302958005,5.16111042821e-05,-0.145796398678,-0.00957391452251,0.0576278704913,-0.0205418802529,0.573969533422,0.81886239682,0.00202402555304,0.0,0.818818906172,-0.57390934626,-0.0120169909553,0.0,-0.0086788219285,0.00855486178877,-0.999925743438,0.0,0.653875577813,0.250854043417,0.303369534307,1.0,-0.0177,-0.0232628571429,0.886
0.459223224184,0.504489190582,-0.124148880197,-1.42399320464,0.0754507475494,1.91918200567,0.150201726595,-0.0117734370018,-0.0987258468646,0.000856246394002,-0.152469621042,-0.00195380414044,0.045632385066,-0.023889263308,0.573956611566,0.818871227215,0.00211380696944,0.0,0.818828981539,-0.573896123161,-0.0119618440626,0.0,-0.0085822695377,0.00859659140523,-0.999926218911,0.0,0.653581794392,0.250475419621,0.303409046868,1.0,-0.01804,-0.0237097142857,0.903
0.459008693504,0.502916103826,-0.124153636078,-1.42632368293,0.0753008268207,1.92006799359,0.149866379189,-0.0178415797457,-0.0976787956465,0.000284482233473,-0.146875663623,-0.0175375567355,0.061100645824,-0.0165578725518,0.573940250535,0.818882415796,0.00221919315141,0.0,0.818841636139,-0.573879429467,-0.0118963129352,0.0,-0.00846829521674,0.00864510702257,-0.999926772369,0.0,0.653302942892,0.250112573582,0.303475340369,1.0,-0.01836,-0.0241302857143,0.919
0.458777515412,0.501218445361,-0.1241593105,-1.42888711407,0.0751361704935,1.92097099091,0.149503837205,-0.00938047675547,-0.0999072153631,-0.000314967417578,-0.159337697358,-0.00610741245724,0.0545418598193,-0.0228592984486,0.573923003043,0.818894422957,0.00224889493956,0.0,0.818854015336,-0.573862050758,-0.0118825573964,0.0,-0.00844016701981,0.00866135643406,-0.999926869569,0.0,0.652978815708,0.249711307783,0.30351865317,1.0,-0.0187,-0.0245771428571,0.936
0.458552084425,0.49960992806,-0.124157514597,-1.43132450187,0.074981635659,1.92184699156,0.149174623142,-0.0134949913416,-0.103293157311,3.19623608624e-06,-0.149227969643,-0.0102390042683,0.0524576065697,-0.0201377111428,0.573918992729,0.818897122917,0.00228883474963,0.0,0.818857195541,-0.573857842389,-0.0118666314403,0.0,-0.00840424638196,0.00868488117832,-0.999926968074,0.0,0.652672570786,0.249331816488,0.303556565732,1.0,-0.01902,-0.0249977142857,0.952
0.458309472786,0.498020645274,-0.124158226646,-1.43381687105,0.0748233788387,1.92277715948,0.148806444236,-0.0188256066971,-0.102684661494,-0.000274878035079,-0.157964750161,-0.0152628081653,0.056947501566,-0.0230988811795,0.5739006218,0.818909942908,0.00230837697865,0.0,0.818870278195,-0.573839405846,-0.0118554075987,0.0,-0.00838403490459,0.00869425448263,-0.999927056288,0.0,0.652367366787,0.248936002571,0.303559189051,1.0,-0.01934,-0.0254182857143,0.968
0.458066078653,0.496453665716,-0.124157906941,-1.43632850921,0.0746766315747,1.92366634298,0.14843573569,-0.0173431861344,-0.0992889149392,0.000792698523844,-0.15566058502,-0.00432857522388,0.0524867860446,-0.0219975707837,0.573883668093,0.818921941309,0.00226637134323,0.0,0.818881538488,-0.573822422429,-0.0118995941978,0.0,-0.00844450666989,0.00868503963332,-0.999926627505,0.0,0.652046957797,0.248536956109,0.303533021973,1.0,-0.01966,-0.0258388571429,0.984
0.457803601161,0.494776667005,-0.124163197305,-1.43907244865,0.0745030703387,1.92460998542,0.148046206319,-0.0137935228514,-0.10102619532,-0.000917300344125,-0.159725794101,-0.00852915706626,0.0584859041886,-0.0223542598946,0.573874603849,0.818928583762,0.00215885538227,0.0,0.818886657852,-0.573813670819,-0.0119691133704,0.0,-0.00856323319842,0.00863679434769,-0.999926035675,0.0,0.651690275172,0.248095689965,0.303477301226,1.0,-0.01998,-0.0262594285714,1.001
0.457464715843,0.492363121683,-0.124236378745,-1.44274567091,0.0742875847622,1.92596565925,0.147520323162,-0.0189269527462,-0.15442488499,-0.00876403087809,-0.226793541127,-0.00976545410293,0.0880214777446,-0.0288616987214,0.573900598263,0.818910172316,0.00223156721144,0.0,0.818869365868,-0.573839540584,-0.0119117675768,0.0,-0.00847426929149,0.0086636993691,-0.99992656084,0.0,0.651244554965,0.247485533368,0.303528773425,1.0,-0.03328,-0.0437394285714,1.02
0.457126818919,0.489670640454,-0.124270502697,-1.44702496518,0.0740656884381,1.92761030615,0.146867952312,-0.0262316288317,-0.194339466622,-0.000686865000579,-0.316828160012,-0.00856639760058,0.115475356018,-0.0504013948183,0.573822923454,0.818964433272,0.00229269633982,0.0,0.81892419092,-0.573761392688,-0.0119071695989,0.0,-0.00843625018143,0.00871031906503,-0.99992647731,0.0,0.650705196188,0.246849321882,0.303508513414,1.0,-0.04378,-0.0575394285714,1.035
0.456488360148,0.485349160781,-0.124331011261,-1.45382980632,0.0736689873255,1.93018040684,0.145869262814,-0.0383941376873,-0.263471943395,-0.0105799436576,-0.407620467996,-0.0303214468057,0.160248286552,-0.0678629980767,0.573802802493,0.818978331135,0.00236302445965,0.0,0.818938986357,-0.573740978047,-0.0118732319006,0.0,-0.0083683167985,0.00874823502554,-0.999926717144,0.0,0.649861686228,0.245759368125,0.30349669176,1.0,-0.05638,-0.0740994285714,1.053
0.455718140956,0.480244220765,-0.124486373113,-1.46196743802,0.0731844364383,1.93302471552,0.144625577327,-0.0478885564504,-0.325882842081,-0.0139878202303,-0.514769901184,-0.0305391529699,0.18402696497,-0.0744926159651,0.573795521187,0.818983925092,0.0021856824338,0.0,0.818942296841,-0.573734435153,-0.0119607385202,0.0,-0.00854181576013,0.00865313258511,-0.999926077608,0.0,0.648815411669,0.244386529757,0.303416053,1.0,-0.06828,-0.0897394285714,1.07
0.454865546897,0.474840683348,-0.124611056338,-1.47039287373,0.0726787771177,1.93598465228,0.143391604657,-0.0560824702978,-0.382978842166,-0.0120479287006,-0.587546757344,-0.0341124879017,0.207736284596,-0.0873881804599,0.57384503414,0.818949394438,0.00212439264329,0.0,0.818906899262,-0.573784127517,-0.0120005104624,0.0,-0.00860903374737,0.00862627921092,-0.999925733165,0.0,0.647731547116,0.242953945408,0.303407701648,1.0,-0.07878,-0.103539428571,1.085
0.453744712311,0.467817377112,-0.124738890566,-1.48113838968,0.0720727605824,1.9399387786,0.141743268253,-0.0673488508857,-0.441179479206,-0.00550051137038,-0.662929823536,-0.0361945428763,0.257932866705,-0.104673267415,0.573857591314,0.818940017912,0.00233641928248,0.0,0.818900003837,-0.573795528399,-0.0119256952557,0.0,-0.00842596437545,0.0087571131151,-0.999926155321,0.0,0.646369613059,0.241145293012,0.303492331355,1.0,-0.09068,-0.119179428571,1.102
0.452406327529,0.459908972413,-0.124799950544,-1.49337013204,0.0712971153623,1.94431770778,0.139822338872,-0.0782668040389,-0.479757410586,-0.00174364118476,-0.769604500644,-0.0456009815496,0.254637394208,-0.114179399446,0.57378870446,0.818988164312,0.00237828757413,0.0,0.818948480599,-0.573726259378,-0.0119294730004,0.0,-0.00840577299736,0.00879286114288,-0.999926011549,0.0,0.644768402367,0.239076931453,0.303502128864,1.0,-0.10258,-0.134819428571,1.119
0.450836267985,0.450993867259,-0.124943009573,-1.50705617012,0.0703826169306,1.9490358793,0.137674160111,-0.0981126295867,-0.556720432402,-0.0131264701605,-0.823471575775,-0.0610723379878,0.294939387253,-0.119732246349,0.573798432498,0.818981573472,0.00229958199173,0.0,0.818940996889,-0.573736439591,-0.0119535936145,0.0,-0.00847058200751,0.00874234356465,-0.99992590759,0.0,0.642946583722,0.236658933974,0.303527254216,1.0,-0.11448,-0.150459428571,1.136
0.449112736293,0.441155993153,-0.12506122487,-1.52198037582,0.0693971292842,1.95437038436,0.135369869307,-0.109589972384,-0.596046460595,-0.00217318305764,-0.92023253194,-0.0580394978364,0.317808306362,-0.141845693245,0.573810989255,0.818972235835,0.00248443999268,0.0,0.818934232663,-0.573748443568,-0.0118403115375,0.0,-0.00827160208793,0.00882886381844,-0.999926813203,0.0,0.640956713193,0.234059243275,0.303627362472,1.0,-0.12638,-0.166099428571,1.153
0.447156107738,0.430406743165,-0.125176812237,-1.5381459833,0.0683248486416,1.96002074942,0.13272067682,-0.119342377168,-0.649818298303,-0.00736302159734,-0.97388729101,-0.0642982239602,0.347228794112,-0.15753128774,0.57374230602,0.819019770042,0.00267010583522,0.0,0.818984077658,-0.57367896749,-0.0117588138894,0.0,-0.00809907342129,0.00893347515876,-0.999927296373,0.0,0.638751640505,0.231194019926,0.303760950612,1.0,-0.13828,-0.181739428571,1.17
0.444800639678,0.418267589225,-0.125304345381,-1.55651367993,0.0670179456598,1.96636406945,0.129666712746,-0.136970331239,-0.687181617836,-0.00649800867393,-1.03296565328,-0.0698349437547,0.355572757395,-0.176319406471,0.573681674724,0.819062099531,0.00271295025035,0.0,0.819027285911,-0.573618548227,-0.0116967074509,0.0,-0.00802428567066,0.00893233897473,-0.999927909481,0.0,0.636205702372,0.227848980205,0.303821743,1.0,-0.15088,-0.198299428571,1.188
0.442631184716,0.407411579451,-0.125429716111,-1.5727552865,0.0658567426184,1.97209237289,0.126969962023,-0.153344266097,-0.712026936534,-0.00587611494403,-1.10762420915,-0.0702815388395,0.372470422237,-0.184201939666,0.57368854521,0.819056464825,0.00295083448265,0.0,0.819025253981,-0.573625214943,-0.0115105614085,0.0,-0.00773527559901,0.00902045886236,-0.999929395924,0.0,0.633953427202,0.224848432574,0.303937900536,1.0,-0.16138,-0.212099428571,1.203
0.439900568086,0.394347935148,-0.125574845774,-1.59222666992,0.0645591535596,1.97872642359,0.12366185109,-0.163842343678,-0.772465760456,-0.00934003088415,-1.16281735862,-0.0808886108593,0.404545648719,-0.198353233942,0.573740402581,0.819019379126,0.00315499014756,0.0,0.818990199507,-0.57367570645,-0.0114884221309,0.0,-0.00759944547194,0.00917545460475,-0.999929027212,0.0,0.631167771918,0.221188525104,0.304051052276,1.0,-0.17328,-0.227739428571,1.22
0.436711587524,0.379808789795,-0.125729894798,-1.61406067962,0.0628721322205,1.98600888666,0.119799882452,-0.183667659228,-0.863857469791,-0.0180187571633,-1.2288877484,-0.0985339299431,0.413233658233,-0.217604286649,0.573659853175,0.819076205009,0.00304797390401,0.0,0.819046221089,-0.573596189257,-0.0114650028839,0.0,-0.00764255197907,0.00907361807435,-0.999929627951,0.0,0.62796428068,0.216985846427,0.304040780653,1.0,-0.18588,-0.244299428571,1.238
0.433373001961,0.365352153098,-0.125871830836,-1.63565815598,0.0612724106894,1.99312957536,0.115944772198,-0.211708162343,-0.844856118586,-0.0141557668512,-1.26425997911,-0.0967639416488,0.422234963371,-0.234091499932,0.573678579113,0.819063291069,0.00299332429436,0.0,0.819032333249,-0.573614768193,-0.0115274327074,0.0,-0.0077248306766,0.00906484512375,-0.999929075272,0.0,0.624728704097,0.212752474953,0.304020558163,1.0,-0.19778,-0.259939428571,1.255
0.430574285882,0.353781275535,-0.126043020631,-1.65281722213,0.0599289470132,1.99876010987,0.112796128353,-0.224775155386,-0.874868398325,-0.0105325921137,-1.33884039464,-0.103842245117,0.426466124879,-0.246431351348,0.573736056548,0.819023151652,0.00295996217459,0.0,0.818992154459,-0.573672802989,-0.0114940396383,0.0,-0.00771598332894,0.00901890441624,-0.999929559001,0.0,0.622139198282,0.209272101039,0.304021519542,1.0,-0.20688,-0.271899428571,1.268
0.426108030469,0.336155858844,-0.126272387067,-1.6786989672,0.0579763907255,2.00713383578,0.107883342355,-0.242457070406,-0.940832778632,-0.0123261982187,-1.39727798297,-0.109435146163,0.446228094412,-0.262261985456,0.573846899002,0.818945248016,0.00302723621725,0.0,0.818914713936,-0.573782941407,-0.0115140935717,0.0,-0.00769258382074,0.00908655011602,-0.999929126869,0.0,0.618150896292,0.20393100819,0.304059168723,1.0,-0.22018,-0.289379428571,1.287
0.421872884512,0.319683556453,-0.126402502034,-1.7026570023,0.0560374566055,2.01476461055,0.10319058646,-0.256011862642,-0.989880056055,-0.0125346844276,-1.42793068113,-0.110703365426,0.440755262807,-0.278944268618,0.573753710036,0.819010319869,0.00308594706759,0.0,0.818980568106,-0.573689609183,-0.0114807787658,0.0,-0.0076326474743,0.00911464557872,-0.999929330467,0.0,0.614336336746,0.198992199814,0.304110858629,1.0,-0.23208,-0.305019428571,1.304
0.417308265241,0.302608803631,-0.126549981144,-1.72728248929,0.0539837390891,2.02253682878,0.0981275834668,-0.27313678376,-1.01913333709,-0.00561388970858,-1.45499134843,-0.127037836738,0.441719609441,-0.29752262198,0.57357264078,0.819136723048,0.00319399491941,0.0,0.819108613357,-0.573508536808,-0.0113923058925,0.0,-0.00750021716636,0.00915071990456,-0.999930003084,0.0,0.610339506343,0.193813581029,0.304175732485,1.0,-0.24398,-0.320659428571,1.321
0.412579794988,0.285916991327,-0.126721178284,-1.75114200644,0.0520195113722,2.02988042975,0.093198622356,-0.303306302419,-1.04284266834,-0.00689310933289,-1.49107213764,-0.131320473563,0.466217528809,-0.315349248621,0.573609351511,0.819110575203,0.00330520055202,0.0,0.819083581749,-0.57354452847,-0.0113801085977,0.0,-0.0074260305813,0.00923515002465,-0.999929780572,0.0,0.606386401783,0.18863737813,0.304243202978,1.0,-0.25518,-0.335379428571,1.337
0.407175209302,0.267690930308,-0.126927050038,-1.77709770204,0.049790014568,2.03771555954,0.0875550797023,-0.32308680814,-1.08507510229,-0.013903001005,-1.52970119572,-0.143244689479,0.466277052332,-0.340691397945,0.573557382807,0.819146864554,0.00333013811253,0.0,0.819120066756,-0.573492338022,-0.0113842596581,0.0,-0.00741571468757,0.00925748736305,-0.999929650577,0.0,0.601988262601,0.182876586659,0.304261461414,1.0,-0.26708,-0.351019428571,1.354
0.401255345986,0.24889040328,-0.127193842814,-1.80364283809,0.0474057034503,2.04553053062,0.0816568812941,-0.360554863016,-1.12872186707,-0.0168332531619,-1.57460424196,-0.144812877133,0.459150658698,-0.365729365912,0.573665652634,0.81907118985,0.00329421408072,0.0,0.819044134749,-0.573600953205,-0.0113753556629,0.0,-0.00742780476929,0.00922393514107,-0.999929870909,0.0,0.597403399365,0.176763718345,0.30427060663,1.0,-0.27898,-0.366659428571,1.371
0.394965642934,0.229511048411,-0.127394221544,-1.83068480342,0.0449937156799,2.05333069198,0.0753525459188,-0.370590048484,-1.16782778617,-0.0137817168097,-1.63419071078,-0.147491438285,0.462574820515,-0.380172715191,0.573630387578,0.819095578904,0.00337015842917,0.0,0.819069009592,-0.573564857568,-0.0114043232892,0.0,-0.00740836898122,0.00930243781594,-0.99992928786,0.0,0.592595198614,0.170501124126,0.304304728276,1.0,-0.29088,-0.382299428571,1.388
0.388654250247,0.210741537983,-0.127599866676,-1.85663601101,0.0425167406473,2.06060080397,0.0690443177054,-0.40791274932,-1.19819631366,-0.0144026704728,-1.61842008232,-0.164869703369,0.454313184987,-0.404134588965,0.573495557391,0.819190058178,0.00335278041902,0.0,0.819163394136,-0.573430257732,-0.0113938634986,0.0,-0.00741129665291,0.0092809837735,-0.999929465524,0.0,0.587860076441,0.164370833026,0.304325578544,1.0,-0.30208,-0.397019428571,1.404
0.38136573971,0.190318858317,-0.127862249513,-1.8846190735,0.0398458200311,2.06816589669,0.0619772706473,-0.438424167463,-1.23007604053,-0.0179895194666,-1.64698477689,-0.155456348834,0.447072608188,-0.44320418742,0.573490593056,0.819193735394,0.00330309985357,0.0,0.8191659269,-0.573424814834,-0.0114853315109,0.0,-0.00751477688348,0.009292695346,-0.999928584421,0.0,0.582636755211,0.157540308227,0.30432483792,1.0,-0.31398,-0.412659428571,1.421
