position_joint1,position_joint2,position_joint3,position_joint4,position_joint5,position_joint6,position_joint7,velocity_joint1,velocity_joint2,velocity_joint3,velocity_joint4,velocity_joint5,velocity_joint6,velocity_joint7,ee_T_00,ee_T_10,ee_T_20,ee_T_30,ee_T_01,ee_T_11,ee_T_21,ee_T_31,ee_T_02,ee_T_12,ee_T_22,ee_T_32,ee_T_03,ee_T_13,ee_T_23,ee_T_33,v_x,v_y,time
0.465075996255,0.547851337258,-0.12396085898,-1.35583770963,0.0794802961283,1.89409314764,0.159162045115,-8.89751938635e-06,-0.000136633691586,-0.000361995459468,-0.000183375492883,0.000356817929225,3.14539691272e-05,0.00135675401802,0.573781972243,0.818994202584,0.00186851915517,0.0,0.818950011554,-0.573723761126,-0.0119445132155,0.0,-0.00871064094559,0.00838393155067,-0.999926914542,0.0,0.661666801729,0.260902817001,0.303160848056,1.0,0.0,0.0,0.0
0.465075836338,0.547848831603,-0.123960471526,-1.35583758816,0.0794789736999,1.89409165937,0.159156468473,-3.71832663641e-05,-0.000914112301737,0.000506982612379,0.000697312288404,-0.00035165136739,-0.000280682726896,-0.000543176995178,0.573776893729,0.81899775932,0.00186905131226,0.0,0.81895358315,-0.573718688606,-0.0119432780991,0.0,-0.00870937601676,0.00838360468828,-0.999926928301,0.0,0.661666626373,0.26090266765,0.303162536365,1.0,-0.00012,-0.000157714285714,0.007
0.46507276715,0.547845557845,-0.123960484192,-1.35583591599,0.0794757744298,1.8940926992,0.159163103689,0.000146797338022,-0.000238856904325,0.00144283086563,-0.000691496851612,1.9979631023e-05,-7.46189297254e-05,0.000754140976066,0.573781186318,0.818994749879,0.00186997308088,0.0,0.818950552291,-0.573722944582,-0.0119466591371,0.0,-0.00871157237442,0.00838634520272,-0.999926886188,0.0,0.661665742505,0.260903642611,0.30316146636,1.0,-0.00032,-0.000420571428571,0.017
0.465072600258,0.547842503304,-0.123960484192,-1.35584974418,0.0794795840515,1.89409552086,0.159160413136,0.00149345990806,-0.000674413719373,-0.000344795693614,-0.00295065670394,-4.08656550709e-05,-0.000277070757973,-0.000975479745851,0.573783624203,0.818993046349,0.00186802823783,0.0,0.818948844145,-0.573725410366,-0.0119453369524,0.0,-0.00871158035789,0.00838401971343,-0.999926905619,0.0,0.661665589609,0.260899520036,0.303161570893,1.0,-0.00068,-0.000893714285714,0.035
0.465074748283,0.547800437099,-0.123961312531,-1.35588466515,0.0794780438969,1.89409870941,0.159156132747,0.000124453485396,-0.00395588806709,-0.000825230180641,-0.00153849246281,-8.20385543945e-06,-0.000341901066674,-0.00046651549636,0.5737803851,0.818995293109,0.00187788215036,0.0,0.818951205671,-0.573722116798,-0.0119416216668,0.0,-0.00870291697292,0.00838992366187,-0.999926931539,0.0,0.661659051482,0.26089683906,0.3031750522,1.0,-0.00102,-0.00134057142857,0.052
0.465077529425,0.547675750317,-0.123956142941,-1.35603176056,0.0794768206265,1.89412027703,0.15915765233,-0.000169908251239,-0.00967637061977,0.00040047925421,-0.00349928625503,0.000340952976068,0.00104672305383,0.00129595332412,0.573783373195,0.818993184283,0.00188458053166,0.0,0.818949043969,-0.573724940973,-0.0119541786928,0.0,-0.00870932770035,0.00840264617577,-0.999926768893,0.0,0.661631083407,0.260887115314,0.303195070896,1.0,-0.00134,-0.00176114285714,0.068
0.465063766738,0.547536927343,-0.123960197541,-1.3562307559,0.0794760730694,1.89416609977,0.159148457099,-0.00454975797947,-0.00577906156276,-0.000521027585988,-0.0110026385914,-4.43582027227e-06,0.00483889067716,-0.0051672789663,0.573800680658,0.818981071858,0.00187875388295,0.0,0.818936735427,-0.573742155242,-0.0119711973869,0.0,-0.00872643177622,0.00840782365712,-0.999926576249,0.0,0.661602826596,0.260856853305,0.303202811308,1.0,-0.00168,-0.002208,0.085
0.465048459067,0.547363510313,-0.123960934814,-1.35645589664,0.0794689113662,1.894299527,0.1591483627,-0.00115752477468,-0.00711810112604,0.00048310429275,-0.013663856337,-0.0027830338339,0.0157830380436,0.00149906315271,0.573824668457,0.81896409829,0.00194999592881,0.0,0.818920706175,-0.573765854597,-0.0119318061638,0.0,-0.00865304639334,0.0084438193288,-0.999926910681,0.0,0.661586967925,0.260829769709,0.303230093242,1.0,-0.00204,-0.00268114285714,0.103
0.465023662787,0.547163615861,-0.123955174823,-1.35666384153,0.0794678386098,1.89440550823,0.159133340089,-0.000235858991384,-0.0128107707599,0.000731883254722,-0.0119974527707,0.000107871259902,0.00882933116625,-8.46205185952e-05,0.573840090349,0.818953069138,0.00204160713449,0.0,0.818910780882,-0.573780808205,-0.0118938636427,0.0,-0.00856924612694,0.00849723347814,-0.999927179871,0.0,0.661570913569,0.26080168343,0.303281719356,1.0,-0.00236,-0.00310171428571,0.119
0.464988452144,0.546959950594,-0.123955543133,-1.35696129774,0.0794602798655,1.89454084775,0.159117691434,-0.00428363813588,-0.00843127281142,0.000973940307147,-0.014446727924,-0.000126899223072,0.0060132596351,0.000661055458743,0.57387116621,0.818931192881,0.0020815426553,0.0,0.818889368626,-0.573811662252,-0.0118796092615,0.0,-0.00853433344477,0.00852208244829,-0.999927266987,0.0,0.661544748899,0.26075351556,0.303296146019,1.0,-0.0027,-0.00354857142857,0.136
0.464952991992,0.546709493189,-0.123963705749,-1.35733626957,0.0794506012098,1.89467654812,0.159071302981,-0.00429608608002,-0.0189063269671,-0.00319721536197,-0.0199621969572,-0.000368928766398,0.0117658348835,-0.00592030060439,0.573886301421,0.818920548653,0.00209641063837,0.0,0.818878837113,-0.573826654666,-0.0118813898575,0.0,-0.00852710217059,0.00853543752034,-0.999927214769,0.0,0.661504058343,0.260691759951,0.303307091639,1.0,-0.00304,-0.00399542857143,0.153
0.464909051022,0.546449746083,-0.123961913716,-1.35772459846,0.0794387562029,1.89482598293,0.158951590337,-0.00078880773845,-0.013897783234,-0.00156108386586,-0.0254118475825,-0.000142172814663,0.0129663495484,-0.00185354140361,0.573841602667,0.818951805821,0.00212171921138,0.0,0.818910310777,-0.573781746045,-0.0118809809893,0.0,-0.00851271097849,0.00855546363014,-0.999927166245,0.0,0.661463308807,0.260629277614,0.303319104162,1.0,-0.00336,-0.004416,0.169
0.464866692538,0.546138540451,-0.123958256095,-1.35825586842,0.0794157951214,1.89500604863,0.158934015886,-0.000953883581871,-0.017389634717,0.000797016707768,-0.0317798127405,-0.003125423477,0.0116808085489,0.0026712799205,0.573882897255,0.818922944042,0.00209257287812,0.0,0.818880943646,-0.573823027568,-0.0119113419694,0.0,-0.00855386941721,0.00854944809603,-0.999926866453,0.0,0.66139695411,0.260552901038,0.303302082831,1.0,-0.00372,-0.00488914285714,0.187
0.464815377269,0.545828319205,-0.123959073502,-1.35878520838,0.0793638646324,1.89518129002,0.15886552931,-0.00150697986346,-0.02071251014,0.000239761725105,-0.0340392946791,-0.00216965407542,0.0125414131716,-0.00570757246088,0.573885109237,0.818921517207,0.00204375941061,0.0,0.818879030529,-0.573825588181,-0.0119195054435,0.0,-0.00858854339237,0.00851418233271,-0.999926870137,0.0,0.661334987727,0.260463208646,0.303284937557,1.0,-0.00404,-0.00530971428571,0.203
0.464754595472,0.545490360647,-0.123964353965,-1.35937784708,0.0792794691298,1.89538166894,0.158762904114,-0.00329638379154,-0.0223483252687,-0.000831935041935,-0.0387798436481,-0.00213060877094,0.0157844622103,-0.00737668658948,0.573865148249,0.818935688276,0.00196900835028,0.0,0.818892661472,-0.573806365364,-0.0119084405185,0.0,-0.00862258341889,0.00844640809149,-0.999927151969,0.0,0.661269474784,0.260353974179,0.303259552317,1.0,-0.00436,-0.00573028571429,0.219
0.464694613295,0.5450850771,-0.123964035053,-1.36007486712,0.0792710348109,1.89560495567,0.158726021586,-0.00189344578572,-0.0263844873658,-0.000106308080063,-0.041270627294,4.44247248061e-05,0.0175986484117,-0.000155028437434,0.573920335117,0.818897109567,0.00192867367001,0.0,0.81885319608,-0.573861362143,-0.0119719342978,0.0,-0.00869715854028,0.00845039983948,-0.999926472385,0.0,0.661180496648,0.260250864027,0.303234063454,1.0,-0.0047,-0.00617714285714,0.236
0.46461903329,0.544630143526,-0.123969777853,-1.36083185699,0.0792500305745,1.89587003045,0.158594729446,-0.00181454594494,-0.024027401133,-0.00126409491123,-0.0418515317427,0.000317206706938,0.013439476545,-0.00924969228032,0.573915321029,0.818900669214,0.00190922742376,0.0,0.818856271358,-0.573856207937,-0.0120085957113,0.0,-0.00873839329594,0.00845546270599,-0.999926070084,0.0,0.661093441686,0.26012827457,0.303218940605,1.0,-0.00506,-0.00665028571429,0.254
0.464561542366,0.54418440675,-0.123968216096,-1.36156263495,0.0792161844472,1.89614169116,0.158494520422,-0.00566269228106,-0.0205827725666,0.000300318473118,-0.0432575016299,-0.00356983102609,0.0171595160531,-0.00544459005217,0.573911021171,0.818903697326,0.00190294099978,0.0,0.818859106759,-0.573851828672,-0.0120245128147,0.0,-0.00875508039234,0.0084594038656,-0.999925890781,0.0,0.661007731072,0.260023241212,0.303210046287,1.0,-0.00538,-0.00707085714286,0.27
0.464490671469,0.543662193471,-0.123971010257,-1.36240032489,0.0791765182275,1.89642101238,0.158422724438,-0.0023379707306,-0.0361664077368,-0.00063799366575,-0.0474180819284,-0.00461414708677,0.0175188364623,-0.0052386180637,0.573948121285,0.818877753862,0.00187755310995,0.0,0.81883269626,-0.573888903716,-0.0120535732526,0.0,-0.00879306538893,0.00845569039675,-0.999925588882,0.0,0.660905653933,0.259894735803,0.303205129574,1.0,-0.00572,-0.00751771428571,0.287
0.464414603723,0.543110122654,-0.123971757007,-1.36326513185,0.079115208442,1.8967251833,0.158299489618,-0.00636814828813,-0.0311715198553,0.000872513747786,-0.0500273140322,-0.00587617029037,0.0180763525504,-0.000294476707597,0.573941690622,0.818882288751,0.00186543201185,0.0,0.818837129577,-0.573882581304,-0.0120534229212,0.0,-0.00879996503736,0.00844560952732,-0.999925613381,0.0,0.660805044891,0.259759350886,0.303210414772,1.0,-0.00606,-0.00796457142857,0.304
0.464340878988,0.542571666399,-0.123971863691,-1.36412156132,0.0790728936233,1.89703084997,0.15818110631,-0.010275061142,-0.0333846666519,0.000707650846996,-0.0514705288501,-0.0118239150133,0.0217061786605,-0.00737246398174,0.573941465785,0.818882458624,0.00186002984564,0.0,0.818837116248,-0.573882272136,-0.0120690382678,0.0,-0.00881585530847,0.00845014568048,-0.999925435087,0.0,0.660704357304,0.259629881278,0.30321013641,1.0,-0.00638,-0.00838514285714,0.32
0.464261089028,0.541962114883,-0.123974724007,-1.36505248508,0.0790158655821,1.89738488901,0.158064586719,-0.00633895641726,-0.0346157120436,1.19776380064e-05,-0.0580498053912,-0.00130755703693,0.0213172911049,-0.0110008928881,0.573949926626,0.81887646854,0.00188623941138,0.0,0.818831498088,-0.573890645638,-0.0120520325886,0.0,-0.00878679990441,0.00846193838145,-0.999925591105,0.0,0.660600915638,0.259487814578,0.303228870125,1.0,-0.00672,-0.008832,0.337
0.464184688526,0.541303808437,-0.123975437701,-1.36604751325,0.0789547016434,1.89776093843,0.157919474066,-0.00927431949689,-0.0393433225658,0.000590799559063,-0.0585383040605,-0.00173614173306,0.0295062911504,-0.012441789173,0.573936801065,0.818885598865,0.00191605217659,0.0,0.818841018698,-0.573877393231,-0.0120362177424,0.0,-0.00875687494266,0.00847713363527,-0.999925724915,0.0,0.66047874512,0.259334250868,0.303251223664,1.0,-0.00708,-0.00930514285714,0.355
0.464093086813,0.540606232355,-0.123980352632,-1.36711906847,0.0789018865653,1.89814567945,0.157790601438,-0.00542237626022,-0.0414315937171,-0.00145461391115,-0.0645786534932,-0.00663998245148,0.0249824401264,-0.0165926150982,0.573951164682,0.818875489809,0.00193381813292,0.0,0.818831047468,-0.573891587036,-0.0120378126175,0.0,-0.00874783616902,0.0084927504112,-0.999925671514,0.0,0.660362553658,0.259179276199,0.303269898993,1.0,-0.0074,-0.00972571428571,0.371
0.464000124983,0.539865603545,-0.123980754056,-1.36822704439,0.0788254998217,1.89856403689,0.157663199298,-0.00666693967182,-0.0471142103827,0.000153127132932,-0.0633382479882,0.000251827320115,0.0280790996336,-0.0056852949973,0.573964147136,0.818866299584,0.00197182879959,0.0,0.818822449353,-0.573904498354,-0.0120070856163,0.0,-0.00870072386524,0.00850637811688,-0.999925966727,0.0,0.660237904648,0.259011902788,0.30330218882,1.0,-0.00774,-0.0101725714286,0.388
0.463894401033,0.539118863612,-0.123984260538,-1.36939988576,0.0787631773766,1.89901260542,0.157510018385,-0.00786310663275,-0.0442925491012,-0.00266550673091,-0.0658396859778,-0.00435460068671,0.0244029503537,-0.011011137468,0.573976030997,0.81885791695,0.0019936375477,0.0,0.81881429983,-0.573916237622,-0.0120017285876,0.0,-0.00868369669853,0.00852128753373,-0.999925987796,0.0,0.660107445109,0.258831009478,0.303310563557,1.0,-0.00808,-0.0106194285714,0.405
0.463795281561,0.538385164435,-0.123983953716,-1.37051660344,0.0787032939208,1.89944576991,0.157381548108,-0.00599402679858,-0.053888581811,-0.000207221573252,-0.0709848844469,-0.00040598679261,0.0229114744709,-0.00368651316233,0.573997520862,0.81884273992,0.00203966309758,0.0,0.818799674513,-0.573937482614,-0.0119835708113,0.0,-0.00864218724246,0.00854878000771,-0.99992611275,0.0,0.65998361176,0.258662542753,0.303334848522,1.0,-0.0084,-0.01104,0.421
0.463678213919,0.537546512982,-0.12399813726,-1.37184003046,0.0786241585509,1.89994592759,0.157213885581,-0.00523129845156,-0.0527950257303,-0.000655394115906,-0.0764770979812,9.51996915375e-05,0.0329281259819,-0.00436665557642,0.574017918839,0.818828418683,0.00204853842381,0.0,0.818785533425,-0.573957904641,-0.0119716688466,0.0,-0.00862713394843,0.00854943066548,-0.999926237177,0.0,0.659836798533,0.258452107434,0.303341009147,1.0,-0.00876,-0.0115131428571,0.439
0.463567375841,0.536711203273,-0.123999574659,-1.37313317828,0.0785514809716,1.90043681607,0.15705619214,-0.00862345892363,-0.0538937628486,-0.00176268238389,-0.0778585164909,-0.00696004350296,0.0373008347579,-0.0052191432634,0.574040967789,0.818812177027,0.00208157492409,0.0,0.818769683581,-0.573980774544,-0.0119592058146,0.0,-0.00859772489422,0.00856956951252,-0.999926318088,0.0,0.659682793434,0.258240385908,0.303360336249,1.0,-0.00912,-0.0119862857143,0.457
0.463448350771,0.535850141087,-0.124007730456,-1.37449162859,0.0784716500928,1.90092947655,0.156889357719,-0.00362306420211,-0.0475596537766,-0.00566036671783,-0.0826328983024,-0.0100748623906,0.0270016047144,-0.0192220596692,0.574052159463,0.818804351833,0.00207329098871,0.0,0.818761743624,-0.573991992466,-0.0119643914902,0.0,-0.00860660909753,0.00856588103632,-0.999926273263,0.0,0.659532581108,0.258044483012,0.303361991998,1.0,-0.00944,-0.0124068571429,0.473
0.463337356016,0.534999378047,-0.124005950528,-1.37583293283,0.0783906968562,1.90140990856,0.156730695846,-0.00780827257895,-0.0605496102088,-0.00150268691491,-0.088649237329,-0.00502308382991,0.0317439461758,-0.00544621788339,0.574063670474,0.818796302448,0.00206500378114,0.0,0.818753537841,-0.574003488472,-0.0119744058647,0.0,-0.00861944582296,0.00856496543601,-0.999926170535,0.0,0.659371946763,0.257843780731,0.303365475097,1.0,-0.00976,-0.0128274285714,0.489
0.463212043803,0.534119524591,-0.124009098772,-1.37730049798,0.0783114085112,1.90194449623,0.156556898046,-0.00828742671641,-0.0518058423994,-0.000404141879249,-0.0861577289382,-0.00847984027971,0.0311942080617,-0.00635841241685,0.574085379269,0.818781188587,0.00202223316782,0.0,0.818737758136,-0.574025267576,-0.0120092667664,0.0,-0.00867231575073,0.00855018773419,-0.999925839865,0.0,0.659197911685,0.25762012072,0.303334117382,1.0,-0.0101,-0.0132742857143,0.506
0.463091635619,0.533245336885,-0.124009822017,-1.37869526748,0.0782385141917,1.90247670933,0.156379663002,-0.00730254185874,-0.0538408127371,0.000465185248645,-0.0864624770727,-0.000871614972911,0.0369337992424,-0.00554764198633,0.574096247252,0.818773532859,0.00203658563739,0.0,0.818730193179,-0.574035978129,-0.0120130551112,0.0,-0.00866706501326,0.00856422889762,-0.999925765228,0.0,0.659037674536,0.257410557279,0.303332945838,1.0,-0.01042,-0.0136948571429,0.522
0.462961893555,0.53229586422,-0.124009496502,-1.3802463808,0.0781464235203,1.90306083648,0.156185316276,-0.00657758412231,-0.0567653482624,0.000592206640813,-0.0877803423544,-0.00724910958598,0.0377544665743,-0.0122768880394,0.574103219956,0.818768683656,0.00202049565781,0.0,0.818725105101,-0.57404298978,-0.0120247687255,0.0,-0.00868581992138,0.00855785372955,-0.999925657072,0.0,0.658856207046,0.257178326076,0.303314720967,1.0,-0.01076,-0.0141417142857,0.539
0.462821739744,0.531248942674,-0.124004512805,-1.38194294703,0.0780446102662,1.903665949,0.155963156101,-0.00744033435304,-0.0547181227105,0.00181650806195,-0.0981427200558,-0.00675823364005,0.0342804736511,-0.0116876295666,0.574097547571,0.818772751085,0.00198364671837,0.0,0.81872859585,-0.574037382176,-0.0120547543838,0.0,-0.00873158515117,0.0085448377353,-0.9999253698,0.0,0.658649267307,0.256925850336,0.303297396858,1.0,-0.01112,-0.0146148571429,0.557
0.462700706375,0.530334851517,-0.124012395658,-1.38339523732,0.0779632863246,1.90417227401,0.155774930699,-0.00953197058266,-0.0616481360679,-0.00173924001758,-0.0989975263644,-0.00151092421613,0.0311069589718,-0.0122784223005,0.574105036349,0.818767560143,0.00195872329979,0.0,0.818722990225,-0.574044891016,-0.012077883773,0.0,-0.00876475307405,0.00853779007848,-0.99992513982,0.0,0.658472594142,0.256702380839,0.303294372084,1.0,-0.01142,-0.0150091428571,0.572
0.462556011301,0.529212789093,-0.124013045967,-1.38513997447,0.0778411846271,1.90482731209,0.155538359695,-0.0104077591075,-0.0681539666663,0.000738193382829,-0.0956831186747,-0.00584207020716,0.0339572787939,-0.0143366166789,0.574092105237,0.818776584601,0.00197638927361,0.0,0.818732390188,-0.574032026213,-0.0120520968937,0.0,-0.00873363214204,0.00853731196185,-0.999925416206,0.0,0.658268984008,0.256439079122,0.303311034783,1.0,-0.01178,-0.0154822857143,0.59
0.462407714437,0.528138353835,-0.124015891929,-1.38685149575,0.0777473740404,1.90548545964,0.155306389899,-0.0087903736304,-0.0613312357443,-0.00281755876311,-0.103621740962,-0.0010164636632,0.0414234062346,-0.0136794827531,0.574093301018,0.818775696011,0.00199705991241,0.0,0.818731704637,-0.574033067318,-0.012049080838,0.0,-0.0087192839955,0.00855251752132,-0.999925411484,0.0,0.658071856189,0.256180228294,0.303310106705,1.0,-0.01212,-0.0159291428571,0.607
0.462268542397,0.52703557961,-0.124012958481,-1.38850452966,0.0776501605813,1.90611979834,0.15506349609,-0.0119082450183,-0.0777145651867,-0.00327714397317,-0.111179315957,-0.00545124582401,0.0359973975305,-0.0135027563058,0.57406955114,0.81879216402,0.00207110944679,0.0,0.818749115329,-0.574008981363,-0.0120134242829,0.0,-0.00864782873957,0.00859242554389,-0.99992568988,0.0,0.657880473353,0.255935937715,0.303354387219,1.0,-0.01244,-0.0163497142857,0.623
0.462122280214,0.52593533042,-0.12401868444,-1.39020842905,0.0775296481471,1.9067525358,0.154842345659,-0.0130715085423,-0.0683436816263,-0.000654344304641,-0.105639313234,-0.00566559325145,0.0338029205017,-0.018142994329,0.574071614123,0.818790683176,0.00208468312964,0.0,0.818747977132,-0.574011151823,-0.0119872610163,0.0,-0.00861859220709,0.00858854173191,-0.99992597567,0.0,0.657681337826,0.255672058822,0.303372533237,1.0,-0.01276,-0.0167702857143,0.639
0.461960649666,0.524702313329,-0.12402203162,-1.39216969988,0.077411836163,1.9074438033,0.15457853141,-0.00956474626605,-0.0732525462277,0.000840328235935,-0.109895166921,-0.00362071566086,0.0372222407385,-0.010130978996,0.574063888174,0.818796178745,0.00205350125757,0.0,0.818752987244,-0.574003479756,-0.0120124105831,0.0,-0.00865716569273,0.00857736655553,-0.999925738375,0.0,0.657439601653,0.255375099746,0.303366323088,1.0,-0.01312,-0.0172434285714,0.657
0.461812628009,0.523560343375,-0.12402866298,-1.39396388892,0.0772984706489,1.90809905671,0.154337409104,-0.0107585484028,-0.0715375831858,-0.00046183185602,-0.117013461612,-0.00691059949082,0.0389466940908,-0.0078329110874,0.574058011435,0.818800303079,0.00205184930424,0.0,0.818757121933,-0.57399764235,-0.01200952796,0.0,-0.00865581512165,0.00857429705174,-0.999925776393,0.0,0.657223976637,0.255102116875,0.303372260116,1.0,-0.01344,-0.017664,0.673
0.461646447563,0.522272646032,-0.124036354716,-1.39601550903,0.0771676772152,1.90890650533,0.154056555488,-0.00958269264172,-0.0720308460973,-0.00093833705545,-0.11944224145,-0.00572878270832,0.0418672474304,-0.017534097692,0.574044476891,0.818809719781,0.00208044311661,0.0,0.818767040204,-0.573984117165,-0.0119797337063,0.0,-0.00861514696179,0.00858046342215,-0.999926074713,0.0,0.656987182569,0.254795444661,0.303371026466,1.0,-0.0138,-0.0181371428571,0.691
0.461481035764,0.521019355587,-0.124032127516,-1.39802370832,0.0770565399848,1.90966864357,0.153791221291,-0.0109405364179,-0.0735830905781,-0.00294625003996,-0.123966504865,-0.00124227570359,0.0467708223569,-0.023146848734,0.574037174781,0.818814811054,0.00209142738457,0.0,0.81877214723,-0.573976643016,-0.01198879034,0.0,-0.00861633451887,0.00859457929856,-0.999925943251,0.0,0.656745969969,0.254501068922,0.303361643449,1.0,-0.01414,-0.018584,0.708
0.461337756837,0.519875557688,-0.124037970016,-1.39982793703,0.0769312927253,1.91032540417,0.153546426887,-0.00466167975904,-0.0774632402444,-0.000783583695031,-0.120311166747,-0.00789680508667,0.0411571632547,-0.0173461495435,0.574020328224,0.818826655022,0.00207815118058,0.0,0.818783939126,-0.573959974696,-0.011981459739,0.0,-0.00861812892702,0.00857932344027,-0.999926058798,0.0,0.656525760712,0.254228808419,0.303363228507,1.0,-0.01444,-0.0189782857143,0.723
0.461150962589,0.518443394876,-0.124043572074,-1.40201994612,0.0767875195803,1.911096764,0.153246819156,-0.0109742800215,-0.0793446352099,-5.08257658786e-05,-0.123904173016,-0.00778105549572,0.0417159609646,-0.0183590409182,0.574009150535,0.818834478364,0.002083037501,0.0,0.818791858262,-0.573948809972,-0.0119751107069,0.0,-0.00861024240803,0.00857956245385,-0.999926124688,0.0,0.656255715313,0.253890734197,0.303392218307,1.0,-0.0148,-0.0194514285714,0.741
0.460963412014,0.517086761066,-0.124042270589,-1.40415159773,0.0766514205918,1.91188050021,0.15294615689,-0.0069223569528,-0.0783887560398,0.000418661193376,-0.122536182295,-0.00286824403681,0.0430119235937,-0.0207542006333,0.573991687525,0.81884670964,0.00208702305693,0.0,0.818804147417,-0.57393133845,-0.0119722102791,0.0,-0.00860576274528,0.00858097752665,-0.999926151109,0.0,0.655997829986,0.253564463345,0.303397395001,1.0,-0.01514,-0.0198982857143,0.758
0.460798256669,0.515821994075,-0.124049980887,-1.40618888051,0.0765315229667,1.91264659263,0.152669606408,-0.0092481211573,-0.0833203775397,-0.000827367958182,-0.129748222248,-0.00624880141295,0.0460794362003,-0.0192335515559,0.573981378911,0.818853953292,0.00208008240823,0.0,0.81881127601,-0.573921035581,-0.0119785682971,0.0,-0.00861506082168,0.00857883524862,-0.999926089425,0.0,0.655751098487,0.253259058621,0.303381475301,1.0,-0.01546,-0.0203188571429,0.774
0.460605761326,0.514423585546,-0.124053188379,-1.40841807561,0.0763901566802,1.91345428045,0.152377157292,-0.0108481239427,-0.0825892298299,-0.000600862197708,-0.1322417517,-0.00826881416492,0.0417813206478,-0.0192543194469,0.573980916114,0.818854338207,0.00205612203656,0.0,0.818811345035,-0.57392066977,-0.0119913699935,0.0,-0.00863930073718,0.00856655851745,-0.99992598554,0.0,0.655476919128,0.252916792916,0.303370948889,1.0,-0.0158,-0.0207657142857,0.791
0.46042183983,0.513016261768,-0.124053852609,-1.41068865614,0.0762499129613,1.91424989936,0.152054575331,-0.0125365493558,-0.0843583588158,-0.000860704301756,-0.13302369488,-0.00622561312012,0.0460625392941,-0.0238277751645,0.573948930943,0.818876901379,0.00199798847488,0.0,0.818833050351,-0.573888837194,-0.0120326679787,0.0,-0.00870681822038,0.00854232038635,-0.999925607272,0.0,0.655187032707,0.25257629268,0.303345430052,1.0,-0.01614,-0.0212125714286,0.808
0.460237381541,0.511679777727,-0.124051995921,-1.41285217469,0.0761251698222,1.91503831697,0.151745442294,-0.0119769036443,-0.0832215390383,0.00253598822425,-0.129547203667,-0.00495477361317,0.0554363643428,-0.0209300362815,0.573925142754,0.818893644914,0.00196868874563,0.0,0.818849266698,-0.573865036744,-0.0120642004154,0.0,-0.00874970387066,0.00853617162907,-0.999925285437,0.0,0.654917214351,0.252250712845,0.303320140082,1.0,-0.01646,-0.0216331428571,0.824
0.460023495001,0.510124236987,-0.124062647908,-1.41531200804,0.0759804017305,1.91597100876,0.151398769689,-0.0111499460023,-0.0851705353107,0.000621275157014,-0.137658439136,0.00123810802755,0.0484815447647,-0.0266007247354,0.573913508979,0.818901742885,0.00199163555426,0.0,0.818857650883,-0.573853292061,-0.012053782929,0.0,-0.00872812527296,0.00854885946065,-0.99992536563,0.0,0.654621774054,0.251872858376,0.303319602618,1.0,-0.01682,-0.0221062857143,0.842
0.459817836058,0.508612700855,-0.124066630337,-1.41767794089,0.0758275181077,1.91682134632,0.151077117643,-0.00928909425343,-0.0919045800804,0.000316851383577,-0.131523125321,-0.00640310171807,0.0526158084089,-0.0180840411328,0.5739028347,0.818909243681,0.00198339083478,0.0,0.818865055637,-0.573842666081,-0.0120566223788,0.0,-0.00873529341053,0.00854362369761,-0.999925347785,0.0,0.654326974061,0.251508125629,0.3033250179,1.0,-0.01716,-0.0225531428571,0.859
0.459627460399,0.507257558758,-0.124070536786,-1.41979212197,0.075686037202,1.91759141642,0.150783882057,-0.0120051080604,-0.090897114635,0.000451919292576,-0.137571607101,-0.0120840287996,0.055199747078,-0.0176107479745,0.573892528162,0.818916461412,0.00198550979163,0.0,0.818872372293,-0.573832421412,-0.0120472790642,0.0,-0.00872653326225,0.00853988697221,-0.999925456195,0.0,0.654066879086,0.251177717125,0.303333406465,1.0,-0.01746,-0.0229474285714,0.874
0.459393555486,0.50558604283,-0.124078652763,-1.42239474323,0.0755256391625,1.91856624069,0.150428235542,-0.0164148302698,-0.101840626594,-0.000654513329209,-0.150114191631,-0.0109271088876,0.0560450863064,-0.0193581671421,0.573889835522,0.818918265311,0.00201948672288,0.0,0.818874638645,-0.573829602053,-0.0120275056474,0.0,-0.00869087012439,0.0085563344341,-0.999925626193,0.0,0.653750978193,0.250773449724,0.303347915535,1.0,-0.01782,-0.0234205714286,0.892
0.459171978618,0.503934724125,-0.124082668931,-1.4248738968,0.0753714942212,1.91951543187,0.15007888962,-0.0142066593085,-0.0998527641408,0.0016674740319,-0.146961379024,-0.00838963631882,0.0542137303752,-0.0183642486471,0.573874136826,0.818929010976,0.00212060502511,0.0,0.818886758026,-0.573813534557,-0.0119687923317,0.0,-0.00858492468829,0.00860528142059,-0.999926121371,0.0,0.653453587228,0.250393359779,0.303403990369,1.0,-0.01816,-0.0238674285714,0.909
0.458904203457,0.501950843629,-0.124094342122,-1.42781623503,0.0751829334022,1.92060787412,0.149659633144,-0.012973952298,-0.104056131741,0.000593001326489,-0.149747242789,-0.0113194707817,0.0518328600701,-0.0214888070672,0.573858112698,0.818939950101,0.00222969086136,0.0,0.818899217137,-0.573797167998,-0.0119008013068,0.0,-0.00846681433896,0.00865543012216,-0.999926695605,0.0,0.653096112476,0.249932361653,0.303483710253,1.0,-0.01856,-0.0243931428571,0.929
0.45871462822,0.500525315389,-0.124097664476,-1.42995834723,0.0750453801017,1.92135111299,0.149365637356,-0.0140452377022,-0.103076357049,-0.00096503009691,-0.155044267048,-0.00449145663322,0.0554013188458,-0.0187671767628,0.573844139924,0.818949673565,0.00225436097526,0.0,0.818909241834,-0.57378307805,-0.0118903273134,0.0,-0.00844422807,0.00866947860194,-0.999926764895,0.0,0.652801496146,0.249580915889,0.303524122978,1.0,-0.01886,-0.0247874285714,0.944
0.45848206865,0.498934395585,-0.1240979027,-1.4324177848,0.0748913294653,1.92225559667,0.149018072495,-0.0138667430363,-0.103713131914,-0.00143372345698,-0.154535291635,-0.0104144173527,0.0551574872212,-0.0229879031762,0.573836231574,0.818955141007,0.00228106364769,0.0,0.818915018302,-0.573775025065,-0.0118810905404,0.0,-0.0084214249657,0.00868596473321,-0.999926814131,0.0,0.65251692486,0.249213471529,0.303540898897,1.0,-0.01916,-0.0251817142857,0.959
0.458242033382,0.497366648189,-0.124096141107,-1.43491110392,0.0747406744649,1.92317558514,0.148644831691,-0.0130231807473,-0.0993078084383,-0.000750219668455,-0.157981277489,-0.0081844241949,0.0626664111651,-0.0210119370986,0.573811778283,0.818972284366,0.00227759642223,0.0,0.818932024363,-0.573750493596,-0.0118935895628,0.0,-0.00843391052101,0.00869004573626,-0.999926673441,0.0,0.652206827156,0.248820980554,0.303526916796,1.0,-0.01948,-0.0256022857143,0.975
0.457951015406,0.495594220331,-0.124097640938,-1.43776581624,0.074558081163,1.92415704824,0.148231850015,-0.0166480639313,-0.104147297852,0.000586543931413,-0.159432717483,-0.00522325144444,0.0531746305785,-0.0245026218768,0.573807416787,0.818975580192,0.00218960974612,0.0,0.818934055831,-0.573746366573,-0.0119526543641,0.0,-0.0085328156898,0.00865183428914,-0.999926165684,0.0,0.65184079958,0.248352495832,0.303488404481,1.0,-0.01984,-0.0260754285714,0.993
0.457673893734,0.493901233774,-0.124102354985,-1.44054884344,0.0743805018509,1.92514401314,0.147840976479,-0.0165510286557,-0.104863052176,-0.00166250965399,-0.169743413395,-0.0160718696362,0.0631248646373,-0.0207723807823,0.573809531557,0.818974341043,0.00209692851978,0.0,0.818931538635,-0.57374879563,-0.0120083905444,0.0,-0.00863161970578,0.00860793558159,-0.999925696533,0.0,0.651486755288,0.247899929297,0.303428654368,1.0,-0.022248,-0.0292402285714,1.01
0.457435310087,0.492102113366,-0.124152896693,-1.44334083684,0.0742180747199,1.92619229528,0.147446235931,-0.0138437421545,-0.1261064992,-0.00218489522968,-0.18991679652,-0.0155624186649,0.0711054023487,-0.024488254175,0.573814461444,0.818970782412,0.00213735692553,0.0,0.818928621259,-0.573753670227,-0.0119743928985,0.0,-0.0085805267421,0.00862158856461,-0.999926018649,0.0,0.651144200926,0.247452500493,0.303444383444,1.0,-0.026028,-0.0342082285714,1.025
0.457059549577,0.489653231828,-0.124159750157,-1.44733334829,0.0739807003503,1.92762181099,0.146873360072,-0.0148675921441,-0.144084817886,-8.18442014894e-05,-0.234266351164,-0.0140588905618,0.0896492149477,-0.0237065882613,0.573793120994,0.818985974611,0.00204318176543,0.0,0.81894234388,-0.573732489428,-0.0120505135248,0.0,-0.00869712924973,0.00858791517292,-0.999925301038,0.0,0.650628939315,0.246821754698,0.303371711868,1.0,-0.030564,-0.0401698285714,1.043
0.456620768393,0.486905203317,-0.12418946443,-1.45164889766,0.0737223638529,1.92924500245,0.146252510773,-0.0308845369212,-0.168844547772,-0.00282763496731,-0.265987021288,-0.0196071068649,0.0958068230167,-0.0302331750613,0.57381013429,0.818973944582,0.00208681169359,0.0,0.818930887999,-0.573749319285,-0.0120277264045,0.0,-0.00865325435117,0.00861075164036,-0.999925485296,0.0,0.650100294435,0.246112180941,0.303368993234,1.0,-0.034848,-0.0458002285714,1.06
0.456211988566,0.484325587182,-0.124236941788,-1.45558064694,0.0734671385626,1.93071311475,0.145643621896,-0.0317282568262,-0.189174100375,-0.00588673640628,-0.289783694402,-0.0165554948038,0.10243160977,-0.0487329643121,0.573792576862,0.818986010124,0.00217735161911,0.0,0.818944350075,-0.573731603114,-0.0119560013842,0.0,-0.00854274691006,0.00864356106514,-0.999926152437,0.0,0.649582964092,0.24540495803,0.303424418444,1.0,-0.038628,-0.0507682285714,1.075
0.455558128483,0.480265561152,-0.124303973821,-1.46195190609,0.0730894811521,1.93291592813,0.144681208153,-0.0322797408595,-0.215413678469,-0.00313684199206,-0.330462789634,-0.0197003013857,0.118154584482,-0.0476779734685,0.573810244687,0.81897388502,0.00207981961797,0.0,0.818930750427,-0.573749472474,-0.0120297856463,0.0,-0.00865895158968,0.00860620818189,-0.999925475092,0.0,0.648800259969,0.244369432309,0.303393502914,1.0,-0.043416,-0.0570610285714,1.094
0.454933400195,0.476388417971,-0.124367264129,-1.46787661692,0.072725123647,1.93507686419,0.143814070638,-0.0405719323559,-0.233713878458,-0.00405841258455,-0.350614950802,-0.0211638665316,0.135176626637,-0.0507609630095,0.573846303255,0.818948389994,0.00216833323228,0.0,0.818906491529,-0.57378523767,-0.0119752270904,0.0,-0.00856310021267,0.00864776845251,-0.999925941965,0.0,0.648058501693,0.243364934983,0.303447885096,1.0,-0.0477,-0.0626914285714,1.111
0.454302285644,0.472676685475,-0.124399219732,-1.47358177128,0.0723845174013,1.93713739763,0.142992870836,-0.0465793897512,-0.253666190047,-0.000686478689672,-0.38253410654,-0.0254693705976,0.137950328772,-0.0575025421813,0.573896070956,0.818913347324,0.00223074362727,0.0,0.818872074092,-0.573834551355,-0.0119658198867,0.0,-0.00851905586656,0.00869399806595,-0.999925917298,0.0,0.647333875878,0.24239636642,0.30347933628,1.0,-0.05148,-0.0676594285714,1.126
0.453596859035,0.468431550762,-0.124423389781,-1.47999274462,0.0719773011606,1.93951637449,0.141969668238,-0.0474780785267,-0.281062454487,-0.000567717564403,-0.412951552723,-0.0282854526769,0.164895511954,-0.0687955041854,0.573849841962,0.818945200315,0.00242170655994,0.0,0.818906473351,-0.573787630192,-0.0118612918422,0.0,-0.00832436302545,0.00878992086082,-0.999926718451,0.0,0.646471989475,0.24124980525,0.30357186092,1.0,-0.055764,-0.0732898285714,1.143
0.45268240435,0.462980066498,-0.124444546289,-1.48832882659,0.0714412499912,1.94246320868,0.140689171524,-0.0472395160364,-0.292221930427,0.00120358304903,-0.454256186683,-0.0292876015682,0.158407484854,-0.0650314867512,0.573810000601,0.818973005773,0.00245884661055,0.0,0.81893457987,-0.573747457574,-0.0118640516591,0.0,-0.00830574096779,0.00882151584714,-0.999926595068,0.0,0.645428797398,0.239917509567,0.303614492074,1.0,-0.0603,-0.0792514285714,1.161
0.451834846758,0.45809522149,-0.124476950839,-1.49588139979,0.0709421679398,1.94503805566,0.139570881614,-0.052034373721,-0.311643591986,-0.000285507159129,-0.482817048466,-0.0299664145029,0.161754782013,-0.0782745778614,0.573825823448,0.818962174609,0.00237229949356,0.0,0.81892243328,-0.573763418752,-0.0119304012743,0.0,-0.0084095706141,0.008788870822,-0.999926014699,0.0,0.644412493007,0.238619967522,0.303606546723,1.0,-0.064332,-0.0845506285714,1.177
0.450809351625,0.452300215409,-0.124504774407,-1.50477433278,0.0703340379797,1.9482621386,0.138137790192,-0.0606741153148,-0.335881648718,-0.000284321445693,-0.498892036151,-0.0337501211055,0.188997592045,-0.0853804656447,0.57375358028,0.819012544711,0.00245512180069,0.0,0.818974092668,-0.573691082539,-0.0118627254171,0.0,-0.00830739939068,0.00881713208618,-0.999926619956,0.0,0.643247872353,0.237092432451,0.303635849976,1.0,-0.068868,-0.0905122285714,1.195
0.449951760592,0.447453292238,-0.124544881974,-1.51194684086,0.0698568219478,1.95097435891,0.137031497566,-0.0650706568254,-0.348951074834,-0.00438767811892,-0.520571277386,-0.0285241527443,0.18723505883,-0.0737901779303,0.573773893907,0.818997322975,0.00276595955445,0.0,0.818963274412,-0.573710657309,-0.0116612073308,0.0,-0.00796379044012,0.00895628806772,-0.999928178894,0.0,0.642335724048,0.235843571668,0.303781764546,1.0,-0.072396,-0.0951490285714,1.209
0.448795312323,0.441058309013,-0.124578029435,-1.52194881021,0.0691777287897,1.95430762567,0.135489216521,-0.0655140153713,-0.361508454984,0.00219396523271,-0.57075204005,-0.0377365792886,0.183666703446,-0.101357766366,0.573728419814,0.819030028339,0.00250197482659,0.0,0.818992158206,-0.573665716314,-0.011842196731,0.0,-0.00826397665025,0.00884347284488,-0.999926747156,0.0,0.640851407778,0.23401124651,0.303682162371,1.0,-0.077184,-0.101441828571,1.228
0.447534817553,0.434216437864,-0.124598404846,-1.53233202582,0.0684881882978,1.95790728049,0.133810271426,-0.0722953316174,-0.400601067418,-0.00302924961931,-0.578745771661,-0.0373656178314,0.219493106099,-0.0996930640865,0.573678414547,0.819064836441,0.00257240924583,0.0,0.819027587322,-0.573615132616,-0.0118422016397,0.0,-0.00822411641813,0.00890066096491,-0.999926568376,0.0,0.639505612507,0.232294352124,0.303731523092,1.0,-0.081468,-0.107072228571,1.245
0.446226966977,0.427549530535,-0.1246265314,-1.54254482596,0.0677417739529,1.96155979201,0.132164692698,-0.0814350972707,-0.399815913619,-0.00281733307893,-0.619436783371,-0.0408173275193,0.204787876853,-0.0973768209297,0.573654914443,0.819081152071,0.00261770108859,0.0,0.81904492011,-0.573591933029,-0.0117669073141,0.0,-0.00813671642868,0.00889433023094,-0.999927339728,0.0,0.638122571434,0.230461535066,0.303729996319,1.0,-0.085752,-0.112702628571,1.262
0.44490563929,0.420986435251,-0.124727120093,-1.55267615468,0.0670144072979,1.96488343914,0.130476053427,-0.0792344948924,-0.413530703559,-0.00867519472859,-0.634810180264,-0.0470642402469,0.206871557216,-0.101568395277,0.573653624636,0.819082792931,0.002375745551,0.0,0.819043436237,-0.573591583679,-0.0118866139912,0.0,-0.00837357455067,0.00876480675012,-0.999926528007,0.0,0.636690658906,0.228571813753,0.30365982686,1.0,-0.089784,-0.118001828571,1.278
0.443417202392,0.413611765478,-0.124827840383,-1.56361436222,0.0662572270982,1.96884259132,0.128713461389,-0.0905887059352,-0.434023005269,-0.00276453240646,-0.661896451773,-0.0384757067,0.238959376957,-0.105372366059,0.573748684752,0.819015273,0.00267885039904,0.0,0.818980327684,-0.573686014627,-0.01167588919,0.0,-0.0080260670899,0.00889312306385,-0.99992824473,0.0,0.635217055052,0.226532794554,0.303798266129,1.0,-0.094068,-0.123632228571,1.295
0.441810444661,0.406069993896,-0.12486512712,-1.57512770853,0.0654726534662,1.97266833576,0.126773407064,-0.0984214778201,-0.450972816805,-0.00114462591906,-0.703911170806,-0.0551112128034,0.216392904584,-0.116876947823,0.573753095549,0.819012565115,0.00255938127364,0.0,0.818975480279,-0.573690213993,-0.0118088090442,0.0,-0.00820342893711,0.0088715820571,-0.999926996728,0.0,0.633561558915,0.22438553231,0.303750423104,1.0,-0.098352,-0.129262628571,1.312
0.440196501198,0.398668782654,-0.124965794738,-1.58619085622,0.0647008949681,1.97648988498,0.124907088589,-0.105071661638,-0.480082797022,-0.00319491257997,-0.687588181674,-0.0508805974229,0.251311939752,-0.117453816634,0.573846948463,0.818946444377,0.00267355232342,0.0,0.818910939695,-0.573783741799,-0.011740417217,0.0,-0.00808088766149,0.00892677570727,-0.999927503337,0.0,0.632011472657,0.222253615891,0.303808579901,1.0,-0.102384,-0.134561828571,1.328
0.438305662924,0.390101019408,-0.125024362551,-1.5990525845,0.0637215595562,1.98089950466,0.122705439887,-0.108081738392,-0.479814717453,-0.000709642536058,-0.731660300028,-0.046301009691,0.240428371823,-0.117102715434,0.573858626183,0.81893811919,0.00271679854669,0.0,0.818903607995,-0.573795744956,-0.011664938237,0.0,-0.007994129046,0.0089189932815,-0.999928270157,0.0,0.630168100455,0.219793409573,0.30383020464,1.0,-0.10692,-0.140523428571,1.346
0.436526171186,0.382223479293,-0.125079745022,-1.61091532868,0.062824752565,1.98471077892,0.120559468332,-0.115545517581,-0.507727842835,-0.000600046148394,-0.752767216574,-0.0584245938331,0.24715382935,-0.129013774556,0.573793830137,0.818984083792,0.0025412385661,0.0,0.818947122341,-0.573731398957,-0.0117745301865,0.0,-0.00818532205211,0.00883746293323,-0.999927447244,0.0,0.628396352271,0.217494075076,0.303795457226,1.0,-0.110952,-0.145822628571,1.362
0.43466191691,0.374117392623,-0.125114931021,-1.62300230122,0.0619611724157,1.98884960564,0.118417716812,-0.121442155591,-0.505110115376,-0.00065118703906,-0.753555563375,-0.0523920084754,0.255463013851,-0.133684170374,0.573796871235,0.818981553614,0.00266689004285,0.0,0.818946012616,-0.57373375039,-0.011737077333,0.0,-0.00808252061647,0.00891890893444,-0.999927560338,0.0,0.62662261691,0.215163798129,0.303818433752,1.0,-0.114984,-0.151121828571,1.378
0.43240809636,0.36469329035,-0.12522562474,-1.63699589977,0.0608562808434,1.99338088873,0.115995528258,-0.128813488381,-0.536341107681,-0.00758170496248,-0.763052099934,-0.0614769843324,0.262717813673,-0.132793039388,0.573927104448,0.818890593749,0.00257315987663,0.0,0.818854172426,-0.573864675037,-0.0117441877594,0.0,-0.00814071606496,0.00884752071833,-0.999927722448,0.0,0.62452316,0.212344569572,0.30382920762,1.0,-0.11952,-0.157083428571,1.396
