position_joint1,position_joint2,position_joint3,position_joint4,position_joint5,position_joint6,position_joint7,velocity_joint1,velocity_joint2,velocity_joint3,velocity_joint4,velocity_joint5,velocity_joint6,velocity_joint7,ee_T_00,ee_T_10,ee_T_20,ee_T_30,ee_T_01,ee_T_11,ee_T_21,ee_T_31,ee_T_02,ee_T_12,ee_T_22,ee_T_32,ee_T_03,ee_T_13,ee_T_23,ee_T_33,v_x,v_y,time
0.465073096608,0.547746873737,-0.124018723259,-1.35582626102,0.0794349856931,1.89409395545,0.159165943124,0.000325917318536,-0.000992205429345,0.000606697280741,-0.000211881684479,-0.000430057367778,-0.00170851070008,0.000931034321429,0.573815166803,0.818970800316,0.0019311856725,0.0,0.81892815543,-0.573757399492,-0.0118266510057,0.0,-0.00857781491928,0.00836797514956,-0.999928196464,0.0,0.661688961305,0.260862879112,0.30324220191,1.0,0.0,0.0,0.0
0.465070990542,0.547751885046,-0.124024348438,-1.35582626102,0.0794326293712,1.89409420564,0.159159005849,-0.000108743342945,0.00106995907919,-0.000512856371761,-0.000706064681853,0.000383779517865,-0.000275826902994,-0.000101540686335,0.573814526912,0.818971264704,0.00192436867812,0.0,0.81892858138,-0.57375683628,-0.0118244797706,0.0,-0.00857995465835,0.00836113975505,-0.999928235285,0.0,0.661690851399,0.260857798285,0.303238855609,1.0,-0.00014,-0.000184,0.008
0.46507279386,0.547748756334,-0.124021835723,-1.35582721469,0.0794324513556,1.89409395983,0.159161271169,0.000716092016401,0.000669107308573,0.0009584573144,-0.000290128242062,-6.88702680556e-06,1.71866116913e-05,0.000814672686682,0.573813147311,0.818972225997,0.00192663421752,0.0,0.818929559667,-0.573755435507,-0.0118246958046,0.0,-0.00857884575963,0.00836310464268,-0.999928228368,0.0,0.661689629342,0.260860328475,0.303240513187,1.0,-0.00034,-0.000446857142857,0.018
0.465066963176,0.547751171365,-0.124019383664,-1.35583758778,0.0794316260872,1.89409773777,0.159158887421,-0.000572739760805,-0.000822998117733,0.000523291532887,-0.000674824802327,0.000554836331095,-0.000270465667515,-0.000706645312386,0.573814634769,0.818971201244,0.00191920820607,0.0,0.818928427718,-0.573756942586,-0.0118299624126,0.0,-0.00858740482938,0.00836006067686,-0.999928180353,0.0,0.661688943678,0.260856747337,0.303234110731,1.0,-0.00066,-0.000867428571429,0.034
0.465069775428,0.547707366779,-0.124019412894,-1.3558652352,0.0794312712214,1.8941002842,0.159161226396,0.000435945587499,-0.00581965323068,0.000117004330932,-0.00362666824284,-0.000292470522447,-5.75079047538e-05,0.00045144748119,0.573818657092,0.818968357413,0.00193008574968,0.0,0.818925711133,-0.573760906411,-0.0118257693378,0.0,-0.00857768828759,0.00836660500865,-0.999928209015,0.0,0.661682270597,0.260855166872,0.303248099195,1.0,-0.001,-0.00131428571429,0.051
0.465071523467,0.547588294163,-0.124016907244,-1.35600548282,0.079433296955,1.89412740964,0.159154135132,-0.000630775122847,-0.00655912633691,0.000486974228103,-0.0139279009529,0.000161038662329,0.00356812263966,-0.000737817841373,0.573814805216,0.818971009147,0.00194997226713,0.0,0.818928472678,-0.573756829018,-0.0118323578913,0.0,-0.00857171321018,0.00838663141775,-0.999928092488,0.0,0.661658827962,0.260845698715,0.303272079224,1.0,-0.00132,-0.00173485714286,0.067
0.465061973986,0.547455450786,-0.124021316091,-1.35619899162,0.0794270790176,1.89417958939,0.159155615671,-0.00237886212156,-0.00810258693143,0.00360992760041,-0.0150218063297,-0.000497704065256,0.00134056573492,0.000992794134127,0.573835960239,0.818956197464,0.00194532077583,0.0,0.81891354888,-0.573777949881,-0.0118410553521,0.0,-0.0085812887149,0.00838803440411,-0.999927998589,0.0,0.661632228287,0.260818137194,0.30327874539,1.0,-0.00166,-0.00218171428571,0.084
0.465037318128,0.547284387146,-0.124019763702,-1.35641112993,0.0794208667756,1.89429343509,0.159149143184,-0.00225833787969,-0.0113829640377,0.00067628239048,-0.0105152224792,0.000341545085617,0.0042032122915,0.000826098632914,0.573860183485,0.818939066469,0.00201050280677,0.0,0.81889724413,-0.573801886596,-0.0118087000035,0.0,-0.00851713943486,0.00842310012928,-0.999928252286,0.0,0.661617239144,0.260786526356,0.303308771973,1.0,-0.002,-0.00262857142857,0.101
0.465014980594,0.547094661423,-0.124014448946,-1.35663437916,0.0794173807127,1.89440381,0.159136165138,-0.0027810448854,-0.00539869099359,0.000161324025131,-0.0131280631538,-0.00014201608935,0.00714352865216,0.000431140251015,0.573875815554,0.818927931959,0.00208266174251,0.0,0.818886967048,-0.573817151443,-0.0117795929305,0.0,-0.00845173337142,0.00846565104759,-0.999928447918,0.0,0.661597871958,0.260757759275,0.303346301255,1.0,-0.00234,-0.00307542857143,0.118
0.464986067196,0.546870457957,-0.124019866301,-1.35692712181,0.0794041294578,1.89453732486,0.1591218357,-0.000249360554749,-0.0119692015813,0.000228967340254,-0.0233450466805,-0.00303434411826,0.00637707328629,0.000319840862393,0.573904521599,0.818907670645,0.00213867892161,0.0,0.81886745455,-0.573845657866,-0.011747328551,0.0,-0.00839286743596,0.00849330305916,-0.999928709248,0.0,0.661572803596,0.260710619519,0.303377512014,1.0,-0.00268,-0.00352228571429,0.135
0.464954116186,0.546639847208,-0.12401518731,-1.35727984864,0.0793909408223,1.89467179407,0.159082951809,-0.00267810031608,-0.0151715457217,0.000978385826534,-0.0222769203607,-0.000277722868383,0.0155962643734,-0.006813969312,0.57391183335,0.818902504816,0.00215454143367,0.0,0.818862402423,-0.573852814228,-0.0117499107149,0.0,-0.00838580310339,0.00850784957703,-0.999928644855,0.0,0.661532780655,0.260660344917,0.303384446526,1.0,-0.003,-0.00394285714286,0.151
0.464912590925,0.546321114461,-0.124020103525,-1.35774842948,0.0793673952791,1.89484410007,0.158936028375,-0.00279313704772,-0.0143503932358,-0.00072475279376,-0.0233624478737,-0.00189870875214,0.00694007887263,-0.00164000116077,0.573848884611,0.818946559728,0.00217642858075,0.0,0.818906711703,-0.573789758978,-0.011741248724,0.0,-0.00836680390558,0.008520158496,-0.999928699204,0.0,0.661481296104,0.260586480624,0.303402211705,1.0,-0.00338,-0.00444228571429,0.17
0.464876309599,0.54605208242,-0.124022579356,-1.35821807357,0.079315280149,1.89500524323,0.158930648268,-0.000309025590383,-0.0128096787051,0.000469865689704,-0.0287829133075,-0.013760640882,0.011452249614,-0.0016509649703,0.573888321789,0.818919051775,0.0021278287735,0.0,0.818878780466,-0.573829588395,-0.0117427971904,0.0,-0.00839555087142,0.00848165130185,-0.999928785623,0.0,0.66142565995,0.260511325897,0.303383154789,1.0,-0.0037,-0.00486285714286,0.186
0.464827599166,0.545724668031,-0.124020841658,-1.35878167477,0.0792623019406,1.89518658611,0.158871980816,-0.00571898485691,-0.00983096776582,0.000226475161173,-0.0338673724202,-0.000324273392058,0.0158214933869,-0.00487046719818,0.573896253455,0.818913639436,0.00207082517614,0.0,0.818872750264,-0.573837862833,-0.0117589521976,0.0,-0.00844141097003,0.00844432349745,-0.99992871545,0.0,0.661356289051,0.260421236027,0.303362309451,1.0,-0.00404,-0.00530971428571,0.203
0.464772643208,0.545350954301,-0.12402579696,-1.35940988164,0.0792488174755,1.89540014692,0.158761538141,-0.00154479543109,-0.0180142387878,-0.00105522292526,-0.0370733683646,-0.00159225844723,0.0147944763659,-0.00275225140422,0.573885708233,0.818921086213,0.00204825383565,0.0,0.818879676108,-0.573827180337,-0.0117978839099,0.0,-0.00848635557204,0.0084480730524,-0.999928303345,0.0,0.661280614594,0.260324668206,0.303346559199,1.0,-0.00438,-0.00575657142857,0.22
0.464718147449,0.544991983287,-0.124025798042,-1.36002434617,0.0792280075415,1.89559884051,0.158698992682,-0.00271731582686,-0.0247445387477,-0.00157076209716,-0.0445390951542,-0.000931108293047,0.0213167843412,0.00164322204419,0.573907749106,0.818905738135,0.00200859828647,0.0,0.81886362309,-0.573849189233,-0.0118415242853,0.0,-0.00854462419781,0.00844087313172,-0.999927867928,0.0,0.661203827031,0.260230516654,0.303325416827,1.0,-0.00468,-0.00615085714286,0.235
0.464649908669,0.54456076343,-0.124025664022,-1.36073952568,0.0791944689563,1.89584383106,0.158609702737,-0.00397629239502,-0.0273858809499,0.00161751955187,-0.0406017518999,-0.00465438985754,0.0173265982789,-0.00121970482924,0.573921302905,0.818896307694,0.00198045897516,0.0,0.818853705566,-0.57386273643,-0.011870784264,0.0,-0.00858459507642,0.0084347645372,-0.999927577115,0.0,0.661119207249,0.260117438969,0.303311435598,1.0,-0.00502,-0.00659771428571,0.252
0.464576015659,0.544090027299,-0.124025747815,-1.36151997453,0.0791513711099,1.89611477727,0.158527320382,-0.000911318080983,-0.0328750546157,-0.000426258327462,-0.0469837491468,-0.00359338286869,0.0218572001279,-0.0101043288044,0.573946368044,0.818878815779,0.00194899436987,0.0,0.818835737727,-0.573887862785,-0.0118954811442,0.0,-0.00862261931108,0.00842343661876,-0.999927345437,0.0,0.661027749689,0.25999348898,0.303296555232,1.0,-0.00536,-0.00704457142857,0.269
0.464505400988,0.543579808183,-0.124031130174,-1.36234988125,0.0791047556266,1.89639815966,0.158396447533,-0.00831679981276,-0.0342653773228,-0.00304776257309,-0.0459986513138,-0.00732557897831,0.0109067070412,-0.00993415025953,0.573934471822,0.818887224496,0.00191898760726,0.0,0.818843708271,-0.573876046472,-0.0119168625555,0.0,-0.00865747216463,0.00841101108303,-0.99992714888,0.0,0.660928876809,0.259863566481,0.303287268259,1.0,-0.0057,-0.00749142857143,0.286
0.464423690292,0.543076811586,-0.124026908228,-1.36316067491,0.0790575073286,1.89668291738,0.158307073469,-0.00532549706329,-0.0342303709336,0.000263336074167,-0.0519128827754,-0.00239545818297,0.0188318106579,-0.00588691828185,0.573957685619,0.818870996092,0.00190099416422,0.0,0.818827181058,-0.573899270353,-0.0119340667714,0.0,-0.00868164912938,0.00840639688602,-0.999926978064,0.0,0.660835087641,0.259734049395,0.303281712874,1.0,-0.00602,-0.007912,0.302
0.464350162186,0.54250230564,-0.124032885327,-1.3640652778,0.0790088568996,1.89701272119,0.158201145163,-0.00430078952205,-0.031193450411,-0.000129662922119,-0.0512559806179,-0.00201296908487,0.0179354690963,-0.00313875382596,0.573972636661,0.818860513855,0.00190213424178,0.0,0.818816674357,-0.57391417669,-0.0119381108207,0.0,-0.00868415295061,0.00840981009344,-0.999926927621,0.0,0.660730721009,0.259596673334,0.303286271736,1.0,-0.00636,-0.00835885714286,0.319
0.464259730826,0.541912966802,-0.124032581863,-1.36499610746,0.0789525601095,1.89736291872,0.158048638828,-0.00459539997984,-0.0317532128157,2.96399320455e-05,-0.0547554783683,-0.00329413142972,0.0271435473984,-0.00845453119057,0.573958323751,0.818870529859,0.00190914276174,0.0,0.818826776427,-0.573899830966,-0.0119348701319,0.0,-0.00867762379159,0.00841353725509,-0.99992695295,0.0,0.660627994926,0.259449005391,0.303290313756,1.0,-0.0067,-0.00880571428571,0.336
0.464171928563,0.541258354411,-0.124039480998,-1.3659806373,0.0788836567378,1.89773341695,0.157933777777,-0.00269006977375,-0.0382772387542,0.000469724833157,-0.0571767929784,-0.00487182839421,0.0193955671657,-0.00291170104046,0.573977225654,0.818857216271,0.0019366705497,0.0,0.818813944267,-0.573918734995,-0.0119061831554,0.0,-0.00863813879399,0.0084198129347,-0.999927242007,0.0,0.660520164524,0.259292735474,0.3033168357,1.0,-0.00704,-0.00925257142857,0.353
0.464083989833,0.540603218526,-0.124039712427,-1.3669803621,0.0788283673,1.89810513,0.157814714374,-0.00381874897951,-0.0417269775132,-0.000258915583727,-0.0663582040858,-0.0082150902484,0.0209740056392,-0.00299729536048,0.57399649322,0.81884365877,0.00195835774686,0.0,0.818800616935,-0.573937859337,-0.0119008498769,0.0,-0.008621125786,0.00843471302134,-0.999927263258,0.0,0.66039885087,0.259130152427,0.303335072801,1.0,-0.00738,-0.00969942857143,0.37
0.463983212019,0.539878521275,-0.124042872624,-1.36809180316,0.0787643831714,1.89851251374,0.157664579644,-0.00230235661391,-0.0379989247167,0.0019511394566,-0.0684880851465,0.000124214385749,0.0292293014895,-0.00362254969434,0.573998697801,0.818842058761,0.0019810674802,0.0,0.818799284066,-0.57393994204,-0.0118921085272,0.0,-0.00860091046888,0.00844831409945,-0.999927322523,0.0,0.660280569899,0.258967234586,0.303354857634,1.0,-0.0077,-0.01012,0.386
0.463893579702,0.539116080825,-0.124052042201,-1.36925509299,0.0786987992171,1.89895480274,0.157525794606,-0.00424611870794,-0.0458339530835,0.000470085611681,-0.0704139830873,-0.0045298971585,0.0309136781268,-0.00868006843441,0.574011711476,0.818832850623,0.00201611777507,0.0,0.81879054085,-0.573952819311,-0.0118725869531,0.0,-0.0085646726345,0.00846594511574,-0.999927484449,0.0,0.66014881178,0.25879406731,0.303378496925,1.0,-0.00804,-0.0105668571429,0.403
0.463779698939,0.53835067569,-0.12405741317,-1.37044635928,0.0786300553989,1.89941271016,0.157375437849,-0.00121451702042,-0.053025966995,-0.00227096616539,-0.0725980130244,-0.00170806659062,0.0241753176178,-0.0130515180222,0.574033106193,0.818817786267,0.00204274014393,0.0,0.818775831723,-0.573974112237,-0.0118576038173,0.0,-0.00853690130931,0.00847936666571,-0.999927608208,0.0,0.66001911092,0.258604371221,0.30339201508,1.0,-0.00838,-0.0110137142857,0.42
0.463682038274,0.537559725477,-0.12406345375,-1.37167968907,0.0785578474123,1.89988405386,0.157223644372,-0.00813659967864,-0.0509986225474,-0.000180082162441,-0.0748076296689,-0.00464293604383,0.0325223174149,-0.0101543182289,0.574041792216,0.81881163832,0.00206606923676,0.0,0.818770003091,-0.573982719131,-0.0118434403188,0.0,-0.00851182261135,0.00849042868906,-0.999927728137,0.0,0.659878915033,0.258420698541,0.303404603366,1.0,-0.00872,-0.0114605714286,0.437
0.463575972315,0.53672152492,-0.124064153193,-1.37298024194,0.0784853277106,1.90037103808,0.157065495443,-0.00683389009949,-0.0599063582023,9.41150743965e-05,-0.0753488714914,-0.00539238195421,0.0315618381265,-0.00951129534622,0.57405184576,0.818804530418,0.00208955710852,0.0,0.81876314331,-0.57399262021,-0.011837820888,0.0,-0.00849363454238,0.00850653905408,-0.999927745872,0.0,0.659728192197,0.258228243597,0.303419594444,1.0,-0.00906,-0.0119074285714,0.454
0.463460697708,0.535862218395,-0.124072627801,-1.37433056559,0.0784056682621,1.90086562036,0.156906788081,-0.00162067386321,-0.0558763538635,-0.00137259722778,-0.0800235536098,-0.00426646915957,0.0263609289799,-0.00217542354655,0.574075091582,0.81878822887,0.00209102624718,0.0,0.818746863514,-0.574015859965,-0.0118369293385,0.0,-0.00849181967272,0.00850747127066,-0.999927753356,0.0,0.659572237247,0.258018948084,0.303426540608,1.0,-0.0094,-0.0123542857143,0.471
0.463355338963,0.535026358202,-0.124067776525,-1.37566014121,0.0783334118004,1.90134373458,0.156730904896,-0.00595649979937,-0.051543098023,0.00075698034622,-0.0829933532895,-0.004215462652,0.0258376787388,-0.0117485465633,0.574067471908,0.818793591222,0.00208316405775,0.0,0.81875198938,-0.574008138345,-0.0118568082359,0.0,-0.00851268936888,0.00851236653478,-0.999927534242,0.0,0.659410865619,0.25782618029,0.303424805699,1.0,-0.00972,-0.0127748571429,0.487
0.463236717098,0.534133823525,-0.1240687509,-1.37713045793,0.0782520974069,1.90187888786,0.156561665658,-0.00715118105435,-0.0513409455532,0.000831726742143,-0.087229486984,-0.0107088345585,0.0360410682368,-0.00764719269146,0.574085497087,0.818781039164,0.00204910735713,0.0,0.818738896888,-0.574026202055,-0.0118863357729,0.0,-0.00855622977614,0.00850162056047,-0.999927254044,0.0,0.659234569124,0.25760774,0.303401051273,1.0,-0.01006,-0.0132217142857,0.504
0.463100426686,0.53321412199,-0.124067715242,-1.3786156447,0.0781655710517,1.90243290849,0.156374463531,-0.00395890769796,-0.0530950712141,0.000863435757013,-0.0880336010434,-0.00257825578534,0.0376123827358,-0.00495255183079,0.574101176844,0.818770068308,0.00203982626494,0.0,0.818727755309,-0.574041868198,-0.0118971905974,0.0,-0.00857028288268,0.00850041716159,-0.999927143926,0.0,0.659063296981,0.257377871207,0.303390756368,1.0,-0.0104,-0.0136685714286,0.521
0.462951775542,0.532209994404,-0.124068452489,-1.38024591348,0.0780732900433,1.90304886184,0.156168334203,-0.0111166781716,-0.0522428183993,0.000724140933729,-0.0942831290853,-0.00508231957896,0.0343148454463,-0.00633231118188,0.5741190213,0.818757574729,0.00203226652244,0.0,0.818715102747,-0.574059681412,-0.0119083841065,0.0,-0.0085836026785,0.00850084079074,-0.999927026073,0.0,0.658876296834,0.257126006119,0.30337617034,1.0,-0.01076,-0.0141417142857,0.539
0.462818814491,0.531213825742,-0.124076248181,-1.38185199912,0.0779771776999,1.9036312047,0.155966191232,-0.0058895774997,-0.0602866780855,-0.00228093092838,-0.0999988602421,-0.00127488340688,0.0410777006295,-0.0112814440953,0.574129527564,0.818750270919,0.00200657687893,0.0,0.818707451819,-0.574070279881,-0.0119234640258,0.0,-0.00861058903144,0.00848857564288,-0.999926898248,0.0,0.658685341789,0.256880284671,0.303364561116,1.0,-0.0111,-0.0145885714286,0.556
0.46270048277,0.530305894259,-0.124076994725,-1.38329570837,0.0778793186694,1.90413144886,0.155778013956,-0.00391058851667,-0.0629599690463,-0.00141776566926,-0.0942757672486,-0.012503190483,0.0370246463985,-0.0128439227934,0.574124819102,0.818753659083,0.00197097171471,0.0,0.818710405129,-0.574065748489,-0.0119388377602,0.0,-0.00864366616604,0.0084682011595,-0.999926785622,0.0,0.658507896265,0.256660606158,0.303360477138,1.0,-0.0114,-0.0149828571429,0.571
0.462563686648,0.52932817862,-0.12408012625,-1.38483946795,0.0777857273378,1.90470670054,0.155569713479,-0.00744647387355,-0.0647861651894,-0.00056605904838,-0.0984686960572,-0.00567854693304,0.030981294371,-0.0184498182794,0.574127148949,0.818752010346,0.00197719385734,0.0,0.818708836155,-0.574068050813,-0.0119357253029,0.0,-0.00863752156196,0.00847153312384,-0.999926810496,0.0,0.65832855104,0.256422200945,0.303364335595,1.0,-0.01172,-0.0154034285714,0.587
0.462419312452,0.528179550396,-0.124087237632,-1.38663974309,0.0776788341085,1.90539694096,0.155311371709,-0.00522633926093,-0.0641538597131,-0.00065855123779,-0.101797079734,-0.00529669408714,0.0383125594227,-0.0190848659536,0.574107793341,0.818765507155,0.00200818804801,0.0,0.818722756846,-0.574048588821,-0.01191687866,0.0,-0.00860449734793,0.00848588554551,-0.99992697352,0.0,0.658119761966,0.256153954193,0.303376310794,1.0,-0.01208,-0.0158765714286,0.605
0.462272394103,0.527036167602,-0.124087247531,-1.38840461441,0.0775597755243,1.90607274563,0.155069273371,-0.0062495915496,-0.0657539308529,-0.000220758396304,-0.103533049839,-0.00536291141831,0.0405362675474,-0.0225369806054,0.574093272901,0.818775592879,0.00204680651139,0.0,0.818733460698,-0.574034026054,-0.0118829359176,0.0,-0.00855468602303,0.00849786616134,-0.999927299166,0.0,0.657915395679,0.255889398797,0.303399628171,1.0,-0.01242,-0.0163234285714,0.622
0.462107194339,0.525729524808,-0.124089357337,-1.3904199173,0.0774417130058,1.90682055125,0.154799819619,-0.00736670025767,-0.0686946205763,0.00114348817793,-0.106071834946,-0.00451047677348,0.0425435417558,-0.0136817035421,0.574086261117,0.818780420913,0.00208183256089,0.0,0.818738691457,-0.574026820341,-0.0118706167232,0.0,-0.008524564956,0.00851939886334,-0.99992737318,0.0,0.657675460046,0.255589091046,0.303424632717,1.0,-0.0128,-0.0168228571429,0.641
0.461958950966,0.524638030494,-0.124096895295,-1.39216339424,0.0773266686095,1.90743896875,0.154567379758,-0.00985077473991,-0.0655879988384,0.000579430341082,-0.111751064519,-0.00626511996215,0.0371242084934,-0.00846283300472,0.574085241461,0.818781225074,0.00204643692298,0.0,0.818739088033,-0.574025997058,-0.0118830690623,0.0,-0.00855509056138,0.00849755607627,-0.99992729834,0.0,0.657463953346,0.255317996463,0.303416309634,1.0,-0.01312,-0.0172434285714,0.657
0.461793149184,0.523356314562,-0.124110983282,-1.3941936449,0.077200726751,1.90817710422,0.154287047013,-0.00399155657339,-0.0757748770574,-0.00189424057872,-0.111545933429,-0.00931159064901,0.0414369600008,-0.0185380086787,0.574076356881,0.818787489134,0.00203248853093,0.0,0.818745209912,-0.574017209443,-0.0118857650447,0.0,-0.00856539723304,0.0084875903569,-0.999927294747,0.0,0.657219896118,0.255006386382,0.303415534384,1.0,-0.01348,-0.0177165714286,0.675
0.461656671886,0.522349492973,-0.124103348313,-1.39579324983,0.0771065719174,1.90880041271,0.154078275109,-0.0121077394132,-0.0702042717619,0.00171160704939,-0.112901032571,-0.00926349940195,0.0422889698848,-0.00958838590426,0.574072254895,0.818790297135,0.00205970373863,0.0,0.818748324601,-0.574012950112,-0.0118769090289,0.0,-0.00854256572433,0.00850474667532,-0.999927344288,0.0,0.657032320009,0.254771550646,0.303415573048,1.0,-0.01376,-0.0180845714286,0.689
0.46150172748,0.521181359987,-0.124109555552,-1.39766559168,0.0769875025824,1.90952996368,0.15381010845,-0.0120291588709,-0.0713835368949,0.00119009801246,-0.118893188405,-0.00839929649115,0.0446199390914,-0.013979311786,0.574054429554,0.818802752033,0.00207655333681,0.0,0.81876107786,-0.57399513783,-0.0118585846359,0.0,-0.00851807421564,0.008507837889,-0.999927526927,0.0,0.656799133062,0.254473708849,0.30340985536,1.0,-0.0141,-0.0185314285714,0.706
0.461296063855,0.519657138198,-0.124120739974,-1.40007629629,0.0768362689537,1.91040539516,0.153488884769,-0.0134681994453,-0.0755193808586,-0.00110559647314,-0.124164334552,-0.0112348623918,0.049509004934,-0.0242995108537,0.574052900077,0.81880386786,0.00205931851029,0.0,0.818762014081,-0.573993722475,-0.0118624515983,0.0,-0.00853114960459,0.00849593008613,-0.999927516702,0.0,0.656523369447,0.254116779381,0.303407749084,1.0,-0.01448,-0.0190308571429,0.725
0.461142220948,0.518373811332,-0.124119170511,-1.40203345579,0.0767098027371,1.91110033371,0.153225325586,-0.00979695714014,-0.0767029855804,0.000841547255566,-0.11890477629,-0.0125515341508,0.047013468892,-0.0171713615802,0.574031433859,0.818818876684,0.00207533826143,0.0,0.8187772182,-0.573972181308,-0.0118553339147,0.0,-0.008516348736,0.00850473775702,-0.999927567997,0.0,0.656278675159,0.253828031604,0.303437144539,1.0,-0.0148,-0.0194514285714,0.741
0.460968635116,0.517095118201,-0.124128051553,-1.40404509195,0.0765717243418,1.91182205704,0.152951384519,-0.0127203793463,-0.0799496200293,3.57382484272e-05,-0.124201281212,-0.017671198847,0.040245879568,-0.0192763140108,0.574024571632,0.818823737465,0.00205548745039,0.0,0.818781935668,-0.573965514333,-0.0118523027522,0.0,-0.00852533206454,0.00848667239831,-0.999927644935,0.0,0.65603364179,0.253513703693,0.30343967338,1.0,-0.01512,-0.019872,0.757
0.46079286754,0.515837557014,-0.124133391872,-1.40607261417,0.076456503339,1.91259845178,0.152672753276,-0.00988919156071,-0.0793126177301,0.00326840753731,-0.128861939175,-0.00312917372366,0.0537985646107,-0.0140776575301,0.574020453439,0.818826608756,0.00206172935323,0.0,0.818784835426,-0.573961319008,-0.0118551448609,0.0,-0.00852411927944,0.00849337188154,-0.999927598391,0.0,0.655793014497,0.253205211569,0.303424169873,1.0,-0.01544,-0.0202925714286,0.773
0.460612239847,0.514513116256,-0.124134799427,-1.40816792267,0.0763289923218,1.91336787486,0.152390173829,-0.0131895779095,-0.0839345900545,0.000309849590148,-0.136367163201,-0.0141306982072,0.0530155284638,-0.019339435212,0.57401390006,0.818831207847,0.00205973158706,0.0,0.81878936563,-0.573954731753,-0.0118611774271,0.0,-0.00853027378278,0.00849513059135,-0.999927530967,0.0,0.655536930595,0.252886305705,0.303422144417,1.0,-0.01576,-0.0207131428571,0.789
0.460381753992,0.512867624564,-0.124138690062,-1.41083314621,0.0761683127193,1.91428208994,0.152009954065,-0.0143271999276,-0.0862089355664,0.000406839682511,-0.136944737692,-0.0149947677838,0.0436457501771,-0.0187915479618,0.573990233395,0.818848015295,0.00197147538228,0.0,0.818804865432,-0.573931272842,-0.0119261603349,0.0,-0.0086343875835,0.00845991606881,-0.999926935916,0.0,0.655196727961,0.252474470074,0.303386063764,1.0,-0.01616,-0.0212388571429,0.809
0.460188548643,0.511543692946,-0.124146971649,-1.41299887796,0.0760328071363,1.9150758887,0.151708637426,-0.0149227599833,-0.0877288404678,-8.13462922119e-05,-0.138032370613,-0.0158827042993,0.052121192595,-0.0162080972923,0.57398436896,0.818852235964,0.0019252916832,0.0,0.818808494422,-0.573925612301,-0.0119493894484,0.0,-0.00867997717657,0.00843537035348,-0.999926748579,0.0,0.654932125068,0.252135460224,0.303351668045,1.0,-0.01648,-0.0216594285714,0.825
0.460002205395,0.510155374048,-0.124150434456,-1.41517513636,0.0759048971653,1.91590947286,0.151398288399,-0.0133860296749,-0.0842179978638,-0.000166807659701,-0.135094984975,-0.00735263601062,0.0521348425289,-0.015686774128,0.573964972375,0.818865749358,0.00196008061084,0.0,0.818822432473,-0.57390604425,-0.0119341255545,0.0,-0.00864771105057,0.00845489080066,-0.999926863283,0.0,0.654651517094,0.251786386644,0.303356184626,1.0,-0.01682,-0.0221062857143,0.842
0.459812985862,0.508729687686,-0.124158920557,-1.41740634284,0.0757581266967,1.91670853489,0.151083426554,-0.0111314098659,-0.0923933955094,-0.000522475796626,-0.139612674622,-0.00135570180326,0.0441808407466,-0.0152391293406,0.57394384232,0.818880578111,0.0019523206859,0.0,0.818837207643,-0.573884995641,-0.0119325629936,0.0,-0.00865110309473,0.00844741651106,-0.999926897113,0.0,0.654392119463,0.251463048026,0.303365342032,1.0,-0.01712,-0.0225005714286,0.857
0.459618019876,0.507293990461,-0.124165571251,-1.41966673957,0.0756118455908,1.91752119681,0.150774440057,-0.0106400171721,-0.0971818469776,0.00161909907189,-0.137546425604,-0.0120861392947,0.0502324035416,-0.0113427411857,0.573925215758,0.818893647481,0.00194620983781,0.0,0.818850179616,-0.573866379585,-0.0119376977255,0.0,-0.00865900715217,0.00844516261359,-0.999926847736,0.0,0.654092011867,0.251098225681,0.303367691947,1.0,-0.01746,-0.0229474285714,0.874
0.459406601692,0.505728558059,-0.12416571647,-1.42210716275,0.0754574446646,1.91844744353,0.15044372772,-0.00837789831711,-0.0972343599135,0.000175234264303,-0.147910558859,-0.00447416306176,0.0565881210361,-0.0177697746237,0.573926865599,0.818892401609,0.00198354026048,0.0,0.818849530018,-0.57386798168,-0.0119051960993,0.0,-0.00861095016695,0.00845709571695,-0.999927161882,0.0,0.6537982619,0.250717678583,0.303381508712,1.0,-0.0178,-0.0233942857143,0.891
0.459188331136,0.504089577387,-0.124169162241,-1.42458540459,0.0753034415638,1.9194010797,0.15009784823,-0.0129695204186,-0.0999513137732,-0.0018267762374,-0.14465032829,-0.0170425816762,0.0564274372715,-0.0246850018731,0.573903702386,0.818908418881,0.00207093555972,0.0,0.818866690741,-0.573844470913,-0.0118580309622,0.0,-0.00852241054857,0.00850135169811,-0.999927545144,0.0,0.653515030626,0.250367111517,0.30342573527,1.0,-0.01812,-0.0238148571429,0.907
0.458950562836,0.502401943053,-0.124172034521,-1.42706239029,0.0751469638822,1.92033078005,0.14975994889,-0.0134386889196,-0.0992460551151,-0.00378968575165,-0.150302439134,-0.00788906643353,0.0512812428378,-0.016605070614,0.573908427065,0.818904800853,0.00218892297825,0.0,0.818864644879,-0.573848766984,-0.0117912212929,0.0,-0.0083999386974,0.00855967770294,-0.999928083888,0.0,0.6532181599,0.249976258344,0.303505817268,1.0,-0.01846,-0.0242617142857,0.924
0.458718559988,0.500688804294,-0.124170327982,-1.42964395341,0.0749808224072,1.9212294808,0.14939661765,-0.00995340074089,-0.10642405295,0.000617255741954,-0.147960396658,-0.00406354940208,0.0511356609426,-0.0241818165881,0.573886143827,0.818920347403,0.0022148214213,0.0,0.818880463454,-0.573826320382,-0.0117850545941,0.0,-0.00838025952184,0.00857711866386,-0.999928099558,0.0,0.652887487809,0.249576353821,0.303550482617,1.0,-0.0188,-0.0247085714286,0.941
0.45844180155,0.498791020174,-0.124175239619,-1.43257272418,0.074795646324,1.92230373473,0.148970934575,-0.0173190385425,-0.0970466093412,-0.00326537602564,-0.154486298451,-0.0129852664733,0.0582742571284,-0.0248255633988,0.573866639809,0.818933923218,0.00224855926521,0.0,0.818894475425,-0.573806686986,-0.0117673696666,0.0,-0.0083466205629,0.00859439911875,-0.999928232539,0.0,0.652525418993,0.249113495351,0.303573481424,1.0,-0.01918,-0.025208,0.96
0.458206487244,0.497217784667,-0.124172812898,-1.4350705493,0.0746400341376,1.92321716576,0.14861352356,-0.0138300421665,-0.0981310390862,-0.00048984881415,-0.157064586739,-0.00873516424887,0.0512400468007,-0.0255049802031,0.573849511477,0.818945953968,0.00223820448735,0.0,0.818906306896,-0.573789533844,-0.0117804192719,0.0,-0.00836342941122,0.00859323306133,-0.999928102112,0.0,0.652211901661,0.248722805963,0.303560515144,1.0,-0.0195,-0.0256285714286,0.976
0.45793393681,0.495542990177,-0.124175175153,-1.43776760395,0.0744724812571,1.92414818413,0.14820525328,-0.0188529434404,-0.098752916817,-0.000736256817935,-0.161256733457,-0.0105100776861,0.0571080701235,-0.021370398265,0.573830712009,0.818959333844,0.002161102962,0.0,0.818918545498,-0.573770895512,-0.0118373224666,0.0,-0.00845447051467,0.00856255132922,-0.999927599701,0.0,0.651866132395,0.248282246159,0.303524622095,1.0,-0.01984,-0.0260754285714,0.993
0.457722283747,0.494293349,-0.124177777819,-1.43987213773,0.0743438814618,1.92488787514,0.14791771515,-0.019319081165,-0.0907210695996,-0.00360994171436,-0.165687086989,-0.010453947593,0.0555536369724,-0.0229550979057,0.573841613423,0.818951950487,0.00206213430955,0.0,0.818909759228,-0.573782078109,-0.0119029401301,0.0,-0.00856488522716,0.00851926830196,-0.999927029742,0.0,0.651596364482,0.247939263947,0.303457637782,1.0,-0.02348,-0.0308594285714,1.006
0.45736891238,0.491529218918,-0.124258298267,-1.44401409141,0.0741129440726,1.92645414485,0.147310811797,-0.02000371119,-0.157961450133,0.00208272997639,-0.249259005667,-0.00948363675691,0.0994419137747,-0.0425495602279,0.573837810564,0.818954205032,0.00221903776667,0.0,0.818914181934,-0.573777778273,-0.0118055363541,0.0,-0.00839512071226,0.00859183005068,-0.999927848599,0.0,0.651093455013,0.247276166908,0.303548038675,1.0,-0.03678,-0.0483394285714,1.025
0.456915500667,0.488125986175,-0.124289488751,-1.4494582448,0.0738152331902,1.92850351461,0.146500996431,-0.0341706571119,-0.222770472485,0.000155788576028,-0.352391737743,-0.0194651826033,0.132962717882,-0.0489629883406,0.573760377108,0.819008407981,0.00223701085429,0.0,0.818968329429,-0.573699988186,-0.011829871006,0.0,-0.00840555255149,0.00861971824808,-0.999927520945,0.0,0.650400226436,0.246453247477,0.303501828538,1.0,-0.04868,-0.0639794285714,1.042
0.45624593683,0.483653984958,-0.124393963914,-1.45648570222,0.0733980339073,1.93113094902,0.145418466533,-0.0412693430251,-0.279234122598,-0.00666125576935,-0.43572023825,-0.0304221654599,0.156206996983,-0.0675318999245,0.573732652197,0.819027701881,0.00228347437595,0.0,0.818988404032,-0.573672269001,-0.0117842582123,0.0,-0.00834182860161,0.00863131893279,-0.999927954519,0.0,0.649533143751,0.245293868456,0.303493229093,1.0,-0.06058,-0.0796194285714,1.059
0.455446825585,0.478530835843,-0.124534654042,-1.46464201795,0.0729177248118,1.93392475679,0.144194648599,-0.0533561145085,-0.340138905461,-0.0119944367696,-0.533557774766,-0.0232865647367,0.186783491602,-0.079640963846,0.573754828828,0.819012728197,0.00207228121003,0.0,0.818970519022,-0.57369511341,-0.0119143915016,0.0,-0.00856934567118,0.00853324116605,-0.999926872381,0.0,0.64847232662,0.24390676786,0.303409455549,1.0,-0.07178,-0.0943394285714,1.075
0.454422891533,0.472103728987,-0.124679267703,-1.47470805716,0.0723362212955,1.93749387991,0.142742272393,-0.0591039198181,-0.391995295163,-0.0103119936341,-0.621196821754,-0.0325101400461,0.21858784725,-0.093080475233,0.573837527325,0.818954932507,0.00201436252735,0.0,0.818911699314,-0.573777775393,-0.0119766478154,0.0,-0.00865270494496,0.00852239909095,-0.999926246986,0.0,0.647176102369,0.242200481003,0.303379177725,1.0,-0.08368,-0.109979428571,1.092
0.453156015856,0.464194140775,-0.124778619365,-1.48666832123,0.0716066437669,1.94197591129,0.140819517269,-0.0762796591595,-0.460034454822,-0.0047106425234,-0.703199264566,-0.043930217108,0.254841242264,-0.109945444724,0.573743409142,0.819019901279,0.00237669425425,0.0,0.818981463533,-0.573682304012,-0.0117780879237,0.0,-0.00828318044974,0.00870423644078,-0.999927809989,0.0,0.64566641002,0.240199420671,0.303536551877,1.0,-0.09628,-0.126539428571,1.11
0.45178880635,0.456396153089,-0.124845647128,-1.49889827189,0.0708337944046,1.94617884269,0.138966051962,-0.0869847819938,-0.498060067447,-0.00663808056343,-0.795774036773,-0.0565242056939,0.258510221175,-0.120985649857,0.573752305732,0.819014206683,0.00218353379595,0.0,0.818972708829,-0.573691394414,-0.0119429087154,0.0,-0.00852890156665,0.00864069236038,-0.999926295421,0.0,0.644023378885,0.238098803882,0.303449864073,1.0,-0.10748,-0.141259428571,1.126
0.45006301103,0.44642699199,-0.125019957895,-1.51388247706,0.0698003453553,1.95154760838,0.136621123541,-0.0968364014123,-0.569650755173,-0.013060766046,-0.875965170709,-0.0603977767472,0.304586414476,-0.138203352652,0.57377120672,0.819000296923,0.00242133877013,0.0,0.818962739138,-0.57371024866,-0.0117187622367,0.0,-0.00820868092605,0.0087070422189,-0.999928399923,0.0,0.642065524944,0.23545018957,0.303628219232,1.0,-0.12008,-0.157819428571,1.144
0.448453290583,0.437519366586,-0.125107318811,-1.52761992216,0.0689104004777,1.95623715116,0.134450306708,-0.114967022797,-0.6115680719,-0.0026955476835,-0.929349890904,-0.0604461883059,0.306485724032,-0.151223549922,0.573742688143,0.819020617544,0.00230276820667,0.0,0.818980985007,-0.573681622929,-0.0118443493593,0.0,-0.00837987186317,0.00868169936449,-0.999927200272,0.0,0.640170162576,0.233044616106,0.3035911821,1.0,-0.13058,-0.171619428571,1.159
0.446402204964,0.426459970786,-0.125229442682,-1.54414026613,0.0677861584466,1.96210784395,0.131728804013,-0.129842530532,-0.667323849056,-0.00228250739143,-1.00276526809,-0.0724676749327,0.351147295676,-0.16819309469,0.573689959575,0.819056602168,0.00261908938898,0.0,0.819021348926,-0.573628021333,-0.011647748517,0.0,-0.00803793701456,0.00882745645608,-0.999928731251,0.0,0.63793491235,0.230087460938,0.303776304715,1.0,-0.14248,-0.187259428571,1.176
0.4441034995,0.414683861909,-0.125380107595,-1.56178226952,0.0665205318629,1.96829825944,0.128789677663,-0.141424204943,-0.712026820114,-0.0109559011418,-1.06252435802,-0.0848048016031,0.390785080899,-0.170693353188,0.573666680678,0.81907220689,0.00282953740943,0.0,0.819040317809,-0.573604764695,-0.0114576884188,0.0,-0.00776178743758,0.00889057047356,-0.999930353781,0.0,0.635509020767,0.226844864625,0.303911691278,1.0,-0.15438,-0.202899428571,1.193
0.441702824901,0.402959777892,-0.125485428149,-1.57959978979,0.0653294494457,1.97435476175,0.125796371636,-0.15529101883,-0.757763820336,-0.00253898361775,-1.13906733818,-0.0828123500078,0.371723476292,-0.186754756651,0.573655688822,0.819079992026,0.00280432625645,0.0,0.819047078428,-0.57359305876,-0.011559981096,0.0,-0.00786015848116,0.00892849604693,-0.999929247431,0.0,0.632961686289,0.223560183644,0.303882766318,1.0,-0.16558,-0.217619428571,1.209
0.438871079456,0.389625890178,-0.12563941487,-1.59938888312,0.0639031731122,1.98116694647,0.122404761594,-0.173989240248,-0.798221584108,-0.00269171104497,-1.20078498196,-0.0982429644188,0.398316044955,-0.197696489725,0.573689468764,0.819055423434,0.00305837770627,0.0,0.819026094864,-0.573626389751,-0.0113915676839,0.0,-0.00757610499426,0.00904028761591,-0.999930435497,0.0,0.630139724466,0.21979651499,0.30402679761,1.0,-0.17748,-0.233259428571,1.226
0.435793220671,0.375626945179,-0.12578466753,-1.62033371291,0.0623414357371,1.98810688513,0.118652763811,-0.188543210402,-0.868633377802,-0.0065975538665,-1.26185923704,-0.0880029571981,0.41081858278,-0.234503386135,0.573578171655,0.819133500353,0.00302266461621,0.0,0.819103714988,-0.573515218335,-0.011408125704,0.0,-0.00761138032576,0.00901950135297,-0.999930355317,0.0,0.626848623605,0.215524841373,0.304043115233,1.0,-0.19008,-0.249819428571,1.244
0.43233136632,0.360890811929,-0.125970757284,-1.64214246024,0.0606843553688,1.99535223328,0.114766527539,-0.21117055352,-0.89795560671,-0.0155032078253,-1.29639317262,-0.109102186673,0.444893656318,-0.232950439399,0.573698579788,0.819048962193,0.00307960732071,0.0,0.819020201975,-0.573635789955,-0.0113417873524,0.0,-0.0075230510243,0.00902920174627,-0.999930936225,0.0,0.623785287201,0.211419431661,0.304092026659,1.0,-0.20128,-0.264539428571,1.26
0.428486341736,0.345552155491,-0.126185025754,-1.6649284648,0.0589723065438,2.00265261081,0.110452320168,-0.238847247701,-0.935844426669,-0.0152195611052,-1.35188735083,-0.110239558218,0.444862123349,-0.25817106396,0.573767837586,0.819001018537,0.00292354027705,0.0,0.818969765439,-0.573704945112,-0.0114850403946,0.0,-0.00772915907718,0.00898421086063,-0.999929769561,0.0,0.620291237998,0.206739526773,0.30403545862,1.0,-0.21318,-0.280179428571,1.277
0.424648387118,0.33049665984,-0.126329939112,-1.68706252808,0.0572846124351,2.00976299109,0.106236833954,-0.240682401165,-0.950348446801,-0.0117000142055,-1.38941711389,-0.0998449937754,0.427411576584,-0.273313924147,0.57380180418,0.8189771964,0.00293056274395,0.0,0.818945470969,-0.573738230858,-0.0115544334712,0.0,-0.00778159146583,0.009030099716,-0.999928949543,0.0,0.616821258823,0.202201149743,0.304023615042,1.0,-0.22438,-0.294899428571,1.293
0.420290759365,0.313794033401,-0.126479174722,-1.71131987358,0.055242143749,2.01746254575,0.101459519377,-0.261524624799,-0.962115644378,-0.00885073426341,-1.44929956613,-0.123863733845,0.451136418665,-0.291521830391,0.573710828329,0.81904086617,0.00294820334096,0.0,0.819009925048,-0.573647857911,-0.0114727803101,0.0,-0.00770559374787,0.00899683930927,-0.999929837892,0.0,0.612936022554,0.197150560377,0.304064709363,1.0,-0.23628,-0.310539428571,1.31
0.415566186804,0.296496091223,-0.126644841858,-1.73629422446,0.0531319009914,2.02524971609,0.096278890264,-0.286035350694,-1.01416629655,-0.0119777155416,-1.49922073219,-0.136591546493,0.44956041098,-0.303833295693,0.573550674998,0.819152995377,0.00295639558851,0.0,0.819122372832,-0.573487948273,-0.0114393361816,0.0,-0.00767525703042,0.0089828617059,-0.999930196876,0.0,0.60884348802,0.191839860781,0.304083384103,1.0,-0.24818,-0.326179428571,1.327
0.410419966267,0.278564308529,-0.126832306202,-1.76183328944,0.0510574535326,2.03308500532,0.0908841241496,-0.310896539345,-1.06884760094,-0.0124125352442,-1.53486669732,-0.127953337396,0.463393525056,-0.324413978647,0.57355379083,0.819150149008,0.00313517236851,0.0,0.819121157761,-0.573489715458,-0.0114377477691,0.0,-0.00757138945258,0.00912842536229,-0.999929670483,0.0,0.604576033989,0.186271811794,0.30416269757,1.0,-0.26008,-0.341819428571,1.344
0.404436908361,0.259008717957,-0.127077537246,-1.78954588315,0.0486064446375,2.04134639972,0.0847915181267,-0.348950471087,-1.07987326379,-0.0182156750732,-1.54823210558,-0.145268627889,0.46066709175,-0.348753042096,0.573582510424,0.819130058803,0.00313008019218,0.0,0.819101166806,-0.573518645522,-0.0114187861811,0.0,-0.00755845716753,0.00911364384725,-0.999929903154,0.0,0.599845298232,0.179995618893,0.304191606739,1.0,-0.27268,-0.358379428571,1.362
0.39905538456,0.242159594364,-0.127281467164,-1.81319283851,0.0464867037027,2.04823102997,0.0794652196232,-0.366050130667,-1.12925244968,-0.0169312788774,-1.59918686214,-0.153219593489,0.454909021698,-0.371046563551,0.573645420498,0.819086150059,0.00309147619897,0.0,0.81905657078,-0.573581437443,-0.0114636548926,0.0,-0.00761665423374,0.0091083423893,-0.999929509854,0.0,0.595421424254,0.174154074599,0.304194133672,1.0,-0.28388,-0.373099428571,1.378
0.392676909953,0.222596816486,-0.127467917864,-1.8404243997,0.0440581625657,2.05602159338,0.0730168482876,-0.390442415248,-1.16615419414,-0.01495022791,-1.62232495106,-0.157143419817,0.447371907012,-0.387358638191,0.573542632545,0.819157633119,0.00321988459416,0.0,0.819129034093,-0.573477450332,-0.0114885320008,0.0,-0.00756453311505,0.0092268414906,-0.999928819084,0.0,0.590808866261,0.168235644484,0.304241327416,1.0,-0.29508,-0.387819428571,1.394
0.385281676958,0.201315873869,-0.127726949334,-1.86975997178,0.0412286696017,2.06408108796,0.0657750356381,-0.430315936977,-1.18677614132,-0.0153303017351,-1.60993605556,-0.159260094151,0.429505691137,-0.412933039343,0.573491030464,0.819194123691,0.00312611385294,0.0,0.819164293952,-0.573426124074,-0.0115363184752,0.0,-0.00765803639474,0.00917695270204,-0.999928566457,0.0,0.585406774095,0.161168497196,0.304241964178,1.0,-0.30768,-0.404379428571,1.412
