position_joint1,position_joint2,position_joint3,position_joint4,position_joint5,position_joint6,position_joint7,velocity_joint1,velocity_joint2,velocity_joint3,velocity_joint4,velocity_joint5,velocity_joint6,velocity_joint7,ee_T_00,ee_T_10,ee_T_20,ee_T_30,ee_T_01,ee_T_11,ee_T_21,ee_T_31,ee_T_02,ee_T_12,ee_T_22,ee_T_32,ee_T_03,ee_T_13,ee_T_23,ee_T_33,v_x,v_y,time
0.465057764912,0.547728174257,-0.123988147011,-1.35583449098,0.0795640864521,1.89410931562,0.159166942879,-0.00267236241372,-0.000802449784254,0.000701555502878,-0.00122199023176,0.000396141589222,-0.000149378236319,-0.00040676090999,0.573841906176,0.818951820404,0.00203211092109,0.0,0.818909169711,-0.573782426357,-0.0119266872108,0.0,-0.00860155827443,0.00850831100194,-0.999926808241,0.0,0.661680367214,0.260891672679,0.303252092369,1.0,0.0,0.0,0.0
0.465057799905,0.547730959298,-0.123988147999,-1.35583198532,0.0795634761006,1.89410486514,0.159171622187,0.000439628385675,-0.00032529125159,-0.000194538314239,-0.00062224846119,3.11364816856e-05,-0.000123828760898,0.000881050206192,0.57384538554,0.818949393266,0.00202772394323,0.0,0.818906687808,-0.573785925785,-0.0119287440744,0.0,-0.00860572394897,0.0085059352061,-0.999926792611,0.0,0.661680005113,0.260891554,0.303250924293,1.0,-0.00016,-0.000210285714286,0.009
0.465058437222,0.547729944041,-0.123985364911,-1.35583516424,0.0795634761006,1.89410931714,0.159169282506,-0.000169476453275,0.00108536293815,0.000534680568234,-0.000828013222075,-0.000139084703944,6.12900043095e-05,0.000726276085093,0.573841206045,0.818952315421,0.00203032299906,0.0,0.818909632007,-0.573781724378,-0.0119287164817,0.0,-0.00860425340981,0.00850800391789,-0.999926787666,0.0,0.661679385902,0.260893525121,0.303250425101,1.0,-0.00042,-0.000552,0.022
0.465057145008,0.547718254592,-0.123988159988,-1.35584286054,0.0795633576488,1.89411203595,0.159166942879,-0.000666867417335,-0.0001701799582,-0.000337562395948,-0.00197463890509,-0.000732150693804,0.00010313969246,-0.000747661707598,0.57384268806,0.818951263498,0.00203574975815,0.0,0.818908662308,-0.573783195194,-0.011924538199,0.0,-0.00859770215627,0.00851006601038,-0.99992682647,0.0,0.661679459572,0.260890459287,0.303255371376,1.0,-0.00078,-0.00102514285714,0.04
0.465059457436,0.547649579756,-0.123983529451,-1.35590381959,0.0795608400634,1.89412499625,0.159168572252,-4.75765873673e-05,-0.00464462888403,0.00231391144107,-0.00693741746282,-4.09190630105e-05,0.000538657904823,0.000365173763431,0.573841522177,0.818952029237,0.00205624321862,0.0,0.818909650823,-0.573781901252,-0.0119189129583,0.0,-0.00858134802763,0.00852360867674,-0.999926851605,0.0,0.661668362452,0.260888811471,0.303275974631,1.0,-0.00112,-0.001472,0.057
0.465058499627,0.547518773732,-0.123980696867,-1.35606764242,0.0795606183255,1.89415068817,0.159166010213,-0.000935852980169,-0.0104435659197,0.00141042702425,-0.0103412604315,-2.69881766587e-05,0.00183590514439,-3.7769373519e-05,0.573847061469,0.818948143598,0.00205792186134,0.0,0.818905639387,-0.573787286281,-0.0119352747757,0.0,-0.00859372717656,0.00853443048975,-0.999926652985,0.0,0.661638995735,0.260873796016,0.303292799434,1.0,-0.00144,-0.00189257142857,0.073
0.465044259088,0.547374897766,-0.123991256706,-1.35626883811,0.0795573043978,1.89419949928,0.159154957735,-0.00109133363781,-0.0107990810708,-0.000892524118112,-0.0134262738235,0.0002447709829,0.00210796300737,-0.00103964621369,0.573867241876,0.81893401203,0.00205415245973,0.0,0.818891398393,-0.5738074199,-0.0119444299727,0.0,-0.00860317767379,0.00853680922451,-0.999926551414,0.0,0.661612725074,0.260839045157,0.303303535934,1.0,-0.00178,-0.00233942857143,0.09
0.465024644763,0.547191893118,-0.123983541444,-1.35649602643,0.0795550983256,1.89433549039,0.159149088176,-0.000763447235268,-0.0116544537672,0.000858218991685,-0.0125182171559,5.165236114e-05,0.00772345750201,-0.000326693922476,0.573885540532,0.818920971427,0.00213911812388,0.0,0.818879400128,-0.573825303476,-0.0119078141541,0.0,-0.00852424274617,0.00858556742727,-0.99992680998,0.0,0.661596061895,0.260814862303,0.303336582463,1.0,-0.00214,-0.00281257142857,0.108
0.465007024694,0.547009811529,-0.123986757423,-1.35670800293,0.0795536587157,1.89445623313,0.159131605849,0.000366916866841,-0.0171439214037,-0.0047827525331,-0.0146442053509,0.000281052682718,0.00831607689988,-0.000189267043578,0.573899594665,0.818910903553,0.00222130307444,0.0,0.81887038232,-0.573839006203,-0.0118675532497,0.0,-0.00844396097835,0.00862990944996,-0.999927109436,0.0,0.661581758948,0.260786552753,0.303375247754,1.0,-0.00244,-0.00320685714286,0.123
0.464975085833,0.546793246642,-0.123983777275,-1.35702941284,0.079545773137,1.89457908897,0.159116922854,-0.00223466373888,-0.0133186772737,-0.00172962344192,-0.0215249948878,-1.11372192144e-06,0.0140127039334,0.00150242442723,0.573927557649,0.818891245926,0.00224339430268,0.0,0.818850902995,-0.573866766415,-0.0118692868165,0.0,-0.00843240798512,0.00864928276965,-0.99992703954,0.0,0.66154633967,0.260738905607,0.303386205705,1.0,-0.00278,-0.00365371428571,0.14
0.464943489978,0.546533817713,-0.123989263114,-1.3574201872,0.0795359744235,1.89472502319,0.159023650198,0.000373027984562,-0.0123705832907,-0.000199554271472,-0.0227558440344,0.000138264838023,0.0176314463088,-0.0145001317251,0.573900158894,0.818910395097,0.00226259264774,0.0,0.818870204021,-0.573839194554,-0.0118707481267,0.0,-0.0084228768624,0.00866556077805,-0.999926978935,0.0,0.661502680786,0.260680170664,0.303396773453,1.0,-0.00312,-0.00410057142857,0.157
0.464904377043,0.546266086273,-0.123984596731,-1.35783187718,0.0795256537969,1.89486981848,0.158929339271,-0.00268922880921,-0.0131527232307,-0.000329249522854,-0.0275477573525,-1.69364506295e-05,0.011580292956,-0.0012510834515,0.573876673189,0.818926863794,0.00225889984079,0.0,0.81888647143,-0.573815568903,-0.0118906137504,0.0,-0.00844151365523,0.00867369537668,-0.999926751245,0.0,0.661449960311,0.260611989671,0.303396128635,1.0,-0.00346,-0.00454742857143,0.174
0.464857281762,0.545954894054,-0.123987007013,-1.35837172263,0.0795073586127,1.89504874946,0.1589095749,-0.00268491632129,-0.0257112897559,-0.000101773335889,-0.0326172440188,-0.00141196001871,0.00942239260306,-0.000880108524824,0.573921282033,0.818895661272,0.00223715895915,0.0,0.818854821034,-0.573860090212,-0.0119216539086,0.0,-0.00847893766462,0.00867416629886,-0.999926430521,0.0,0.661387650346,0.260536437671,0.303381796849,1.0,-0.0038,-0.00499428571429,0.191
0.464791617999,0.545623207348,-0.123988532707,-1.35895694728,0.079470194178,1.8952461426,0.158807797661,-0.00710217383305,-0.0196633712518,-0.00046174800963,-0.0338753842658,-0.0033983154822,0.0152665975054,-0.0111155481324,0.573915584941,0.818899788052,0.00218755363529,0.0,0.818858284195,-0.573854577437,-0.0119491112591,0.0,-0.00852995123845,0.0086492441189,-0.999926212532,0.0,0.661320894205,0.260434385174,0.303355209284,1.0,-0.00414,-0.00544114285714,0.208
0.464730822377,0.545256834466,-0.12398395372,-1.35958488231,0.0794210170331,1.89544511712,0.158756179979,-0.00616354084755,-0.0272740267515,0.00143411816622,-0.0410627913288,-0.000272497626062,0.00423573969537,-0.00850654145787,0.573941754586,0.818881601398,0.00212888126349,0.0,0.818839354662,-0.573881007494,-0.0119769526682,0.0,-0.00858614696642,0.00861745090157,-0.999926006073,0.0,0.66124349161,0.260332639809,0.303332736608,1.0,-0.00446,-0.00586171428571,0.224
0.464657680154,0.544814837182,-0.123983965416,-1.36032713187,0.0793854235069,1.89569515513,0.158649325434,-0.00695170836182,-0.0258298190751,0.00196236911278,-0.0435136924258,-0.00376648225677,0.0124583663752,-0.00912093101178,0.573946034088,0.818878699383,0.0020910646979,0.0,0.818835828202,-0.573885313313,-0.0120116825063,0.0,-0.00863624590336,0.00860646193202,-0.999925669272,0.0,0.661155420806,0.260213169274,0.303313964538,1.0,-0.00482,-0.00633485714286,0.242
0.464597274087,0.544401733651,-0.123994093697,-1.36101828401,0.0793521408314,1.89593823985,0.158562062683,-0.00482150078908,-0.026509233984,0.000973399784921,-0.0449163165931,-0.00430745691914,0.0222984741432,-0.00957958601238,0.573967799359,0.818863491724,0.00207222638765,0.0,0.818820278446,-0.573907059738,-0.0120326759327,0.0,-0.00866402048506,0.00860331515373,-0.99992545608,0.0,0.661071461398,0.260093671283,0.303304055586,1.0,-0.00516,-0.00678171428571,0.259
0.464534392147,0.543928560771,-0.123998141199,-1.36176525437,0.0793209608732,1.89621025951,0.158471435173,-0.00394607417814,-0.0342653871692,-0.000211804397962,-0.0504096621697,-0.00324821368134,0.0149847195095,-0.00969245665284,0.57397426416,0.818858971965,0.00206761099356,0.0,0.818815621951,-0.573913467445,-0.0120439211107,0.0,-0.00867581010068,0.00860605863203,-0.999925330249,0.0,0.660989615979,0.25998890132,0.303301762344,1.0,-0.00546,-0.007176,0.274
0.464454632867,0.543419083958,-0.123999118739,-1.3625979661,0.0792740243618,1.89649889563,0.15837044469,-0.0045924113695,-0.0293089993916,-0.00109653635571,-0.0489267986289,-0.0031785202694,0.020968961027,-0.0079842740034,0.573991368423,0.818847053202,0.00203944596421,0.0,0.818803270776,-0.573930626225,-0.0120659416714,0.0,-0.00870982797351,0.00859581689345,-0.999925122611,0.0,0.660892478855,0.259855448931,0.30329090812,1.0,-0.0058,-0.00762285714286,0.291
0.464383689861,0.542856723285,-0.124004443407,-1.36347493795,0.0792202121922,1.89681300133,0.158260481461,-0.00430270713372,-0.0416842881026,-0.000587698582332,-0.0496172762067,-0.0039061706606,0.0206785886826,-0.00880119527607,0.573997550868,0.818842724834,0.00203727390431,0.0,0.818798926864,-0.573936829889,-0.0120656356866,0.0,-0.00871075918531,0.0085939284801,-0.999925130731,0.0,0.660790590138,0.259721372642,0.3032986756,1.0,-0.00614,-0.00806971428571,0.308
0.4643050585,0.542271659469,-0.12400213494,-1.36439195842,0.0791688048071,1.89714458481,0.158131600291,-0.00452749828292,-0.0370147478143,-0.00122444532149,-0.0551488673905,-0.00270811202028,0.0209145036956,-0.00716840872218,0.573992030016,0.818846588773,0.0020397142463,0.0,0.818802754166,-0.573931231625,-0.0120722009697,0.0,-0.00871479266025,0.00859963635361,-0.999925046513,0.0,0.660683529093,0.259583765154,0.303304638861,1.0,-0.00648,-0.00851657142857,0.325
0.464222846119,0.541639281287,-0.124005223794,-1.36534687933,0.0791096170917,1.89749881057,0.158003749529,-0.00568372522611,-0.0384201487305,0.000546959974236,-0.058179469633,-0.00548937775287,0.0173387179698,-0.000760803009642,0.573987759478,0.818849546005,0.00205423419204,0.0,0.818805942162,-0.573926939822,-0.0120600053253,0.0,-0.0086965169768,0.0086044802619,-0.999925163956,0.0,0.660581444684,0.259446685797,0.303319751341,1.0,-0.0068,-0.00893714285714,0.341
0.464138591186,0.540993195539,-0.124003432811,-1.36635457458,0.079053617492,1.89787091065,0.157882285089,-0.00111662102112,-0.0401560600579,0.000413135901181,-0.0646446564873,-0.00116360306602,0.0195229723275,-0.00814944449576,0.574003297047,0.818838597251,0.00207690468114,0.0,0.818795213314,-0.573942302865,-0.0120573022408,0.0,-0.00868112813657,0.00862165684474,-0.999925149722,0.0,0.660459171707,0.259287514365,0.303337377147,1.0,-0.00716,-0.00941028571429,0.359
0.464053152899,0.540323001202,-0.124002420245,-1.36735182451,0.0789918151619,1.89823392668,0.157752393443,-0.00543881158798,-0.0416371364075,0.00103801260562,-0.0600165442888,-0.00656434777026,0.0172739641111,-0.0108558466597,0.574004855761,0.81883742599,0.00210766754438,0.0,0.818794442181,-0.573943728876,-0.0120417788745,0.0,-0.00865074320188,0.00863795232462,-0.999925272419,0.0,0.66034426956,0.259136736614,0.303367823678,1.0,-0.00748,-0.00983085714286,0.375
0.463954417983,0.539587264552,-0.124010561187,-1.3685055017,0.0789298522673,1.89866841008,0.157612657817,-0.00884111367359,-0.0420071919722,0.000165608487685,-0.0758184220585,-0.00369649854434,0.026524633107,-0.0137879599957,0.574024376618,0.818823701762,0.00212305995393,0.0,0.818780891507,-0.573963154702,-0.012037260853,0.0,-0.00863800261026,0.00864816858317,-0.999925294255,0.0,0.660214551972,0.258958987538,0.303376546813,1.0,-0.00782,-0.0102777142857,0.392
0.463851878751,0.53883553279,-0.124011242401,-1.36967006711,0.0788560290364,1.89911330283,0.157467584271,-0.00563067551106,-0.0381395530454,0.00100847685053,-0.0639847143717,-0.00118151777289,0.0255301985016,-0.0096057561691,0.574034758291,0.818816360417,0.00214734426027,0.0,0.818773914407,-0.573973480265,-0.0120194816706,0.0,-0.00860939533477,0.00865795641362,-0.999925456273,0.0,0.660084517308,0.258780773242,0.303391900661,1.0,-0.00816,-0.0107245714286,0.409
0.463753293444,0.538091939824,-0.124017292036,-1.3708014095,0.0787969910504,1.89955405856,0.157320367236,-0.00667349417617,-0.0476771263429,-0.000930079305665,-0.0713141041579,-0.00633464584293,0.0354600718793,-0.0151557146568,0.574045992769,0.818808357052,0.0021953379992,0.0,0.818766511127,-0.57398448691,-0.0119981642222,0.0,-0.00856427206816,0.00868513454247,-0.999925608074,0.0,0.659960286839,0.25860801021,0.303417032725,1.0,-0.00848,-0.0111451428571,0.425
0.463632473757,0.537242844972,-0.124023652149,-1.37214555423,0.0787103461363,1.90005020131,0.157158499802,-0.00771061743897,-0.0489510854648,0.000942025560716,-0.0739870208909,-0.00658532072863,0.0309827544269,-0.00101624299228,0.574067778661,0.81879309519,0.00219081570446,0.0,0.818751254584,-0.574006353957,-0.0119931495345,0.0,-0.00856253074893,0.00867878091241,-0.999925678153,0.0,0.659807671255,0.25839582915,0.303420028938,1.0,-0.00884,-0.0116182857143,0.443
0.463527220321,0.536452544003,-0.124029363708,-1.37337716548,0.0786477345486,1.90052132304,0.157009124805,-0.00942624456244,-0.051138602689,-0.00036022267982,-0.0761565168271,-0.00817557089459,0.0351586011993,-0.00606521671471,0.574091229425,0.818776576471,0.00221923896775,0.0,0.818735080306,-0.574029657811,-0.0119819502194,0.0,-0.00853679555457,0.00869586874924,-0.999925749738,0.0,0.65966184457,0.258191875055,0.303433060659,1.0,-0.00918,-0.0120651428571,0.46
0.46340688962,0.535589822382,-0.124035741698,-1.3747325304,0.0785659683038,1.90101077158,0.15684693107,-0.00620377833348,-0.0535216771076,-0.00157731442396,-0.0788885697352,-0.000554358136824,0.0306196842581,-0.0137332012973,0.57410956787,0.818763727515,0.00221573630595,0.0,0.818722145631,-0.574047967569,-0.0119885814268,0.0,-0.00854404119276,0.00869699912903,-0.999925678021,0.0,0.659511607429,0.257996426214,0.303439155757,1.0,-0.0095,-0.0124857142857,0.476
0.463287303182,0.534689550524,-0.124031811347,-1.37617814051,0.0784835056094,1.90153190473,0.156666805522,-0.00746746720357,-0.0477654956492,0.00235193460315,-0.0881825701921,-0.00443872241462,0.0286323062294,-0.00765845300977,0.574114429834,0.818760365826,0.00219811515647,0.0,0.818718448817,-0.574052794886,-0.0120098772794,0.0,-0.00857154239449,0.00869484868064,-0.999925461356,0.0,0.659337898713,0.257782085239,0.30343133896,1.0,-0.00984,-0.0129325714286,0.493
0.463155971372,0.533780073718,-0.124045012307,-1.37765898572,0.0784004388315,1.9020669738,0.156483285195,-0.0081810831461,-0.0547456945496,-0.00340825137611,-0.0850591319116,-0.00291050377071,0.0363623356002,-0.00683892741578,0.574139848279,0.818742626158,0.00216647893371,0.0,0.818700259413,-0.574078304917,-0.012030459719,0.0,-0.00860628732801,0.00868103031957,-0.999925282974,0.0,0.65916562093,0.257546855659,0.303414839657,1.0,-0.01018,-0.0133794285714,0.51
0.463024864673,0.532853442003,-0.124043569661,-1.3791509888,0.0783252544342,1.90264253763,0.15629962387,-0.00960350394778,-0.0543868517106,-0.000197541124341,-0.0917734955232,-0.00533086957589,0.0319215404088,-0.00569508498919,0.574157489177,0.818730215559,0.00218143386359,0.0,0.818687914992,-0.574095750474,-0.0120380245594,0.0,-0.00860370817947,0.00869780295684,-0.999925159414,0.0,0.658995061611,0.257323208304,0.303407992611,1.0,-0.01052,-0.0138262857143,0.527
0.46289161467,0.531816460561,-0.124041066397,-1.38079601864,0.0782221948044,1.90324707619,0.156084356769,-0.00306620862389,-0.0639940876718,-0.00137887269445,-0.090780646566,-0.010892600885,0.0352077177202,-0.00718922156831,0.574150691967,0.818734995784,0.0021763486505,0.0,0.818692618158,-0.574088964724,-0.0120417796765,0.0,-0.00860977445385,0.00869572412811,-0.99992512528,0.0,0.65879895566,0.257079555629,0.303408326533,1.0,-0.01088,-0.0142994285714,0.545
0.462767740316,0.530872678274,-0.124044362313,-1.38231710584,0.0781371737235,1.90378698968,0.155882503085,-0.00796663097832,-0.0625933387399,-0.000243797176942,-0.0946713002954,-0.0060442848245,0.0276822324771,-0.0153968650054,0.574149128013,0.818736169071,0.00214736096288,0.0,0.818693303783,-0.574087413704,-0.0120690790266,0.0,-0.00864878514087,0.0086876485043,-0.999924858816,0.0,0.658613881361,0.256850755591,0.303396357734,1.0,-0.0112,-0.01472,0.561
0.462637326099,0.529902384365,-0.124043543199,-1.38386276327,0.0780421958579,1.90433185771,0.155680225348,-0.0088660619959,-0.0623107602462,0.000711742009447,-0.0959956748977,-0.00449312819954,0.0311674010305,-0.0159548129945,0.574148081235,0.818736971768,0.0021210317669,0.0,0.818693704764,-0.574086421723,-0.0120890477314,0.0,-0.00868026191569,0.00867754598375,-0.999924673787,0.0,0.658425637574,0.256616233692,0.303391443653,1.0,-0.01152,-0.0151405714286,0.577
0.462499659857,0.528847433364,-0.124046742333,-1.38552201407,0.077924861652,1.90496606073,0.155458089843,-0.00901436922453,-0.0605384260625,0.000948860254058,-0.0995913273528,-0.0113200198186,0.0404762026846,-0.0146703766585,0.574139764613,0.818742767646,0.00213495189768,0.0,0.818699858571,-0.574078222992,-0.0120616070117,0.0,-0.00864989065261,0.00867310001127,-0.99992497555,0.0,0.658234476443,0.256364692,0.303399709917,1.0,-0.01186,-0.0155874285714,0.594
0.462359110652,0.527740853329,-0.124051890861,-1.38724510753,0.0778270702768,1.90563255712,0.155219357465,-0.00850350192226,-0.0634755923928,-0.00348277902692,-0.102799800211,0.000382713633816,0.0378935812708,-0.0185890276778,0.574130247794,0.818749326571,0.00217846487493,0.0,0.818706973944,-0.57406851161,-0.0120408344846,0.0,-0.00860800276802,0.00869669911031,-0.999925132054,0.0,0.6580357987,0.256108570551,0.303416581442,1.0,-0.0122,-0.0160342857143,0.611
0.462221194456,0.526652777633,-0.124047860549,-1.3889184374,0.0777212986597,1.90626459625,0.154981766862,-0.00639541602529,-0.0691804530866,0.000748957797854,-0.106069457608,-0.000306484574843,0.0273547550491,-0.00435299088453,0.574107783896,0.818764976209,0.00221655241318,0.0,0.818723140931,-0.57404591178,-0.0120190088419,0.0,-0.00856850560778,0.00871511707764,-0.999925310934,0.0,0.657838582856,0.255861608274,0.303440525349,1.0,-0.01252,-0.0164548571429,0.627
0.462071029655,0.525481772475,-0.124051471791,-1.39075896349,0.0776002711549,1.90693185159,0.154746690339,-0.00950079517048,-0.0714011375733,0.000504345852147,-0.107466783458,-0.00941342122111,0.0380845615128,-0.0135625771222,0.57410733523,0.818765312804,0.00220841228653,0.0,0.818723425681,-0.574045552312,-0.0120167804739,0.0,-0.00857135879809,0.00870716832843,-0.999925355728,0.0,0.657616531393,0.255583361947,0.303446257727,1.0,-0.01286,-0.0169017142857,0.644
0.46190528109,0.524229364348,-0.124068058757,-1.39273150329,0.0774743511624,1.90764046144,0.154465264847,-0.00724542419222,-0.0712510533388,-0.00439363037588,-0.114499290083,-0.00871124819672,0.0441931329988,-0.0127622629307,0.574096384129,0.818773036579,0.00219162099644,0.0,0.818731002213,-0.574034745449,-0.012016818773,0.0,-0.00858114580962,0.0086933276347,-0.999925392212,0.0,0.657380446203,0.255274768544,0.303450093202,1.0,-0.01322,-0.0173748571429,0.662
0.461750359016,0.523105461936,-0.124068451665,-1.39453472473,0.0773660505105,1.90831313939,0.154225958513,-0.00588990553674,-0.073510100391,-0.000300542035067,-0.114083720137,-0.00937094524729,0.0501253207987,-0.0177362292212,0.574095249526,0.818773849717,0.00218503840475,0.0,0.818731696048,-0.574033604656,-0.0120240389622,0.0,-0.00859084859885,0.00869207119665,-0.999925319821,0.0,0.657165586478,0.255001554699,0.303440247139,1.0,-0.01354,-0.0177954285714,0.678
0.461592422253,0.521863846336,-0.124066630031,-1.39648709915,0.0772478492032,1.90908329753,0.153953573148,-0.00507846875542,-0.0753287391585,0.000910090413427,-0.119737811404,-0.0104341287699,0.057615919106,-0.0165872002746,0.574073242576,0.818789148615,0.00223364474713,0.0,0.818747659213,-0.574011429278,-0.0119956864327,0.0,-0.00853996468831,0.00871536181331,-0.999925552965,0.0,0.65693838108,0.254716511051,0.30345019481,1.0,-0.01388,-0.0182422857143,0.695
0.46142386543,0.520632102705,-0.124075173462,-1.39849544739,0.0771124975136,1.90983992406,0.153697578862,-0.00954688062628,-0.0718208155934,0.00102896899303,-0.115352187105,-0.0121245868796,0.0459542197545,-0.00846185855284,0.574078542061,0.818785511671,0.00220461427351,0.0,0.818743781303,-0.57401698814,-0.0119943656024,0.0,-0.0085554914514,0.00869088947116,-0.999925633238,0.0,0.65670031947,0.254408076697,0.303425394312,1.0,-0.01422,-0.0186891428571,0.712
0.46126680908,0.519383181616,-0.124083033584,-1.40043378937,0.0770061195205,1.91053258108,0.153434361602,-0.00464498089117,-0.0777810942571,-0.000313478832554,-0.120480357835,-0.00527987274638,0.0444580251736,-0.0204122398784,0.574071628867,0.818790336563,0.00221282219549,0.0,0.818748583308,-0.574009909773,-0.0120053202186,0.0,-0.00855982311667,0.00870382634627,-0.999925483641,0.0,0.656461127439,0.2541165144,0.303440041883,1.0,-0.01454,-0.0191097142857,0.728
0.461085161296,0.518041601144,-0.124086952214,-1.4025281263,0.0768586153485,1.91128387882,0.153139559302,-0.00815711591869,-0.0759103611239,-0.00126935930678,-0.126561219619,-0.00366374657413,0.0470135263579,-0.0220083105604,0.574052869649,0.818803522235,0.00220039199576,0.0,0.818761734892,-0.573991334534,-0.0119965102805,0.0,-0.00855994373953,0.00868839519874,-0.99992561681,0.0,0.656206090071,0.253791239665,0.303450013945,1.0,-0.01488,-0.0195565714286,0.745
0.460909151414,0.516696014552,-0.124087623009,-1.40465802366,0.0767247281845,1.91206019294,0.152846349451,-0.00899128846925,-0.0714473515159,-0.00235928876236,-0.130590385022,-0.00727342452137,0.047381799999,-0.0204115976869,0.574033963566,0.818816802373,0.00219082758411,0.0,0.818774873667,-0.573972453678,-0.0120031483826,0.0,-0.00857106991266,0.00868417661704,-0.999925558148,0.0,0.655944053205,0.253471310539,0.30344758095,1.0,-0.01522,-0.0200034285714,0.762
0.460733436359,0.515394195348,-0.124096756115,-1.40670258486,0.0765955077417,1.91283822247,0.152567588597,-0.00933009438189,-0.0865635409162,-0.00220950389449,-0.128977971519,-0.00276504884575,0.0455292550795,-0.0177348640965,0.574039505126,0.818812873885,0.00220703771265,0.0,0.818771267145,-0.573978039682,-0.0119820265789,0.0,-0.00854441094462,0.00868538289293,-0.999925775828,0.0,0.655688959014,0.253131825737,0.303449471309,1.0,-0.01556,-0.0204502857143,0.779
0.460535764859,0.513926016471,-0.124092200731,-1.40908292719,0.076451739809,1.91368350306,0.152242512701,-0.0112733196674,-0.078760249801,0.00106143776548,-0.130430066755,-0.0135942950217,0.0448824392865,-0.0201572378182,0.574008127418,0.818834998089,0.00215927379328,0.0,0.818792598026,-0.573946692291,-0.0120259189481,0.0,-0.00860810100006,0.00867113956121,-0.999925353182,0.0,0.655400979801,0.252801108059,0.303424420041,1.0,-0.0159,-0.0208971428571,0.796
0.460344004336,0.512517613632,-0.124105618697,-1.41136878041,0.0763159238367,1.91447622134,0.151924568175,-0.00705079165354,-0.078249123592,-0.00155990526369,-0.136582461607,-0.00281949857943,0.0353652135728,-0.0127240994528,0.573997446928,0.818842673293,0.00208667585807,0.0,0.818799219178,-0.573936215085,-0.0120750399058,0.0,-0.00869010642397,0.00863977698323,-0.999924915333,0.0,0.655111269027,0.252446753336,0.303392396704,1.0,-0.01624,-0.021344,0.813
0.460172931206,0.511247721458,-0.124101091171,-1.41339895866,0.0761851515342,1.91524540844,0.151634122877,-0.008711938074,-0.0874476391991,0.00132953322247,-0.139349602608,-0.0138869814281,0.0445532513154,-0.0187382980448,0.573967506776,0.818863652142,0.00208980072496,0.0,0.818820262096,-0.573906288466,-0.0120705153717,0.0,-0.00868492373447,0.00863942112634,-0.999924963436,0.0,0.654863755231,0.252144166793,0.30338198888,1.0,-0.01654,-0.0217382857143,0.828
0.459949954157,0.509586155129,-0.124106764692,-1.41602364354,0.0760174859692,1.91622977232,0.151272578388,-0.00731415517986,-0.0870871829899,0.000222147818803,-0.14299595549,-0.0137653238275,0.0447083200196,-0.0143318296884,0.57394976223,0.818876060682,0.00210109023008,0.0,0.818832880138,-0.573888559716,-0.012057459605,0.0,-0.00866794026193,0.00864098420365,-0.999925097297,0.0,0.654544204538,0.251744952522,0.303381319509,1.0,-0.01692,-0.0222377142857,0.847
0.459752511288,0.508188333694,-0.124109724276,-1.41824299357,0.0758831088918,1.91701667975,0.150963062853,-0.0135862951984,-0.0829336274118,-0.000395505363242,-0.139112390329,-0.0102148322183,0.054346152217,-0.0190880899476,0.573939008536,0.818883670942,0.00207240089339,0.0,0.818840017156,-0.573877832455,-0.0120833200109,0.0,-0.00870569612667,0.00863221968697,-0.999924844995,0.0,0.654265213326,0.251400778471,0.303371287617,1.0,-0.01724,-0.0226582857143,0.863
0.459545918832,0.506747144002,-0.12411095634,-1.42050718152,0.0757415741093,1.917845446,0.150641740967,-0.0169277683272,-0.0908608415304,-0.000739249073549,-0.144393692366,-0.0046399913381,0.0555338233118,-0.0196918449351,0.573924966544,0.818893504884,0.00207541252874,0.0,0.818849864834,-0.57386375387,-0.0120846082109,0.0,-0.00870517074991,0.0086352758876,-0.999924823181,0.0,0.653986429054,0.251048616006,0.303373339041,1.0,-0.01756,-0.0230788571429,0.879
0.459325523163,0.505161899114,-0.12411638579,-1.42296236452,0.0755829826598,1.91878591494,0.150316038723,-0.0150152224197,-0.0910182377885,0.000882631845393,-0.141428600979,-0.0107860409125,0.052580680104,-0.0123227177872,0.573926681978,0.818892167481,0.00212806339292,0.0,0.818849326045,-0.573865354688,-0.0120450332158,0.0,-0.00864252789913,0.0086556958719,-0.999925190022,0.0,0.65369236835,0.250669068179,0.303394451903,1.0,-0.0179,-0.0235257142857,0.896
0.459098969296,0.503495753215,-0.124123309808,-1.42544293637,0.0754243981321,1.91972419478,0.149962839037,-0.0163400906798,-0.0941294554761,-0.0010277743582,-0.13952018518,-0.0116873374643,0.0510301266201,-0.0291754515076,0.573912668103,0.818901719974,0.00222919618251,0.0,0.81886029727,-0.573851020827,-0.011981917732,0.0,-0.00853295082011,0.00870214216645,-0.999925727978,0.0,0.653394731998,0.250282628599,0.303459152358,1.0,-0.01824,-0.0239725714286,0.913
0.458885898537,0.501886279471,-0.124125941577,-1.42781631741,0.0752734045762,1.92059609556,0.149631180387,-0.0145421230186,-0.106455083087,0.000793871394003,-0.145927270515,-0.0127580470264,0.0497520118541,-0.0162167493194,0.573898083353,0.81891168925,0.00231992120242,0.0,0.818871481491,-0.573836103251,-0.0119319029777,0.0,-0.00844008277857,0.00874758197971,-0.999926119677,0.0,0.653102317575,0.249916332313,0.303528757076,1.0,-0.01856,-0.0243931428571,0.929
0.458647123242,0.50018649284,-0.124123465643,-1.43039881887,0.0751128118671,1.92151012791,0.149274492438,-0.0152137641505,-0.0999301486682,0.00126158117034,-0.148275837464,-0.0086087946152,0.0554257649485,-0.0244882458144,0.573887941889,0.818918713888,0.00234885077077,0.0,0.818878791458,-0.573825752392,-0.0119280213423,0.0,-0.00842041095511,0.00876894052872,-0.99992609845,0.0,0.652775044426,0.249514087884,0.303564803253,1.0,-0.0189,-0.02484,0.946
0.458386550557,0.498407058363,-0.124123892731,-1.43317256088,0.0749353273493,1.92254064911,0.148871566105,-0.00873295159773,-0.0935764930895,0.00148275230102,-0.15205172573,-0.00506053893926,0.0556038696499,-0.0210438797539,0.573864845769,0.818934822087,0.00237547174591,0.0,0.818895265091,-0.573802573046,-0.0119121315834,0.0,-0.00839236913799,0.00878138518782,-0.999926224986,0.0,0.652432777183,0.249079525674,0.303574963871,1.0,-0.01926,-0.0253131428571,0.964
0.458138062538,0.496822435422,-0.124124531074,-1.43569313769,0.074781991779,1.92344394442,0.148510377029,-0.0150307807329,-0.0959316007656,0.000591047387764,-0.162196326568,-0.00724693295008,0.0498470279343,-0.0195414954991,0.573859312513,0.818938775963,0.00234895012653,0.0,0.818898759062,-0.573797026572,-0.0119390789122,0.0,-0.00842971637049,0.00877507290767,-0.999925966248,0.0,0.652115630172,0.248675621054,0.30355819562,1.0,-0.01958,-0.0257337142857,0.98
0.457867862898,0.495147960672,-0.12412903509,-1.4384179222,0.0746105763126,1.92437825591,0.148112458074,-0.0152150940123,-0.0973380133091,0.00107285966067,-0.160067427171,-0.0117141567962,0.052486207602,-0.0193832013866,0.573848894122,0.818946357523,0.00224880337483,0.0,0.818904893822,-0.573786871232,-0.0120061724389,0.0,-0.00854224179882,0.00873145297314,-0.999925393134,0.0,0.65176361385,0.248231694391,0.303509119247,1.0,-0.01992,-0.0261805714286,0.997
0.457560497878,0.493178929338,-0.1241770316,-1.44146817337,0.0744345404017,1.92547659973,0.147672927316,-0.0201403719342,-0.146721820157,-0.00185625769153,-0.209694579229,-0.00960717316857,0.0823123792348,-0.0299387736586,0.573881149561,0.818923721651,0.00226079572975,0.0,0.818882425818,-0.573819084765,-0.0119990644532,0.0,-0.00852919499533,0.00873753101809,-0.999925451413,0.0,0.651391010285,0.247713747615,0.303524947384,1.0,-0.0324674285714,-0.042671477551,1.014
0.457220406479,0.490141191506,-0.124256097,-1.44606239733,0.0741929867898,1.92726438387,0.146985399987,-0.0293545921426,-0.204398747512,-0.000211239506795,-0.326721821544,-0.0101554895786,0.127823881772,-0.047897877105,0.573819601275,0.818966271449,0.00246136611483,0.0,0.818927654363,-0.573756809431,-0.0118898045415,0.0,-0.00832528361219,0.00883845384779,-0.999926282976,0.0,0.650825251237,0.247023355225,0.303608852512,1.0,-0.0478365714286,-0.062870922449,1.03
0.456607609552,0.485666567992,-0.124301278142,-1.4531270686,0.0738217012917,1.92999746114,0.145906353316,-0.0449683603786,-0.290286500528,-0.00150842270804,-0.461781161955,-0.0263406685311,0.185219417842,-0.0698274656614,0.573723221355,0.819033355519,0.00260283053593,0.0,0.818996244718,-0.573659539252,-0.0118587969185,0.0,-0.00821976992262,0.00893554764102,-0.999926292969,0.0,0.649944905293,0.245945013151,0.303593915579,1.0,-0.0641662857143,-0.0843328326531,1.047
0.455729593925,0.479812489056,-0.124471623141,-1.46249722461,0.0732531256166,1.93327749049,0.144469177173,-0.0549566269726,-0.376501019467,-0.0137923875028,-0.598013741163,-0.0308766086973,0.200061075004,-0.0897060906944,0.573694460992,0.81905418626,0.00237745623214,0.0,0.819014203827,-0.57363173042,-0.0119632222384,0.0,-0.00843490532117,0.00881057438776,-0.999925610309,0.0,0.648737295342,0.244373225347,0.303484471334,1.0,-0.080496,-0.105794742857,1.064
0.454581896503,0.472519744034,-0.124644496956,-1.47400830418,0.0725598810824,1.93723740458,0.142805621953,-0.0726308499531,-0.453483924636,-0.00943871599313,-0.714731458687,-0.0403832564509,0.241547229428,-0.0958045260672,0.573765784606,0.819004862802,0.00214616468369,0.0,0.81896161088,-0.573703752393,-0.0121091410293,0.0,-0.00868634989419,0.00870560490001,-0.999924377025,0.0,0.647229745245,0.242418977135,0.303401620435,1.0,-0.0968257142857,-0.127256653061,1.081
0.453223763057,0.46386488528,-0.124784415388,-1.48719283158,0.0717966171343,1.94212225168,0.140706406599,-0.08900447964,-0.524653101399,-0.00704050334851,-0.798963490763,-0.0537948702422,0.300370749153,-0.131834620919,0.573682240222,0.819062500874,0.00246045064884,0.0,0.819023168914,-0.57361872469,-0.0119730684492,0.0,-0.008395492463,0.00888407386357,-0.999925291678,0.0,0.645548491041,0.240221672154,0.303527116084,1.0,-0.113155428571,-0.148718563265,1.098
0.451770285648,0.455318989342,-0.124898759111,-1.50060489497,0.0709462173087,1.9468113626,0.138641939422,-0.10324080451,-0.587558351902,-0.00145369232413,-0.9245683107,-0.0555561838468,0.309424015187,-0.144194293109,0.573657775269,0.819080108253,0.00229783334938,0.0,0.81903833615,-0.573594600338,-0.0120907105607,0.0,-0.00858540100881,0.00881811350091,-0.999924263014,0.0,0.64375847725,0.237928160282,0.303434799081,1.0,-0.127564,-0.167655542857,1.113
0.449722813017,0.443552560528,-0.125099509442,-1.51842158834,0.069718542342,1.95318741787,0.13584471188,-0.117049582001,-0.661983089336,-0.00502127599367,-1.03835832742,-0.0679059946825,0.356861797769,-0.157737362791,0.573661952638,0.819076584884,0.00250181750676,0.0,0.819038425638,-0.573598951292,-0.0118763338707,0.0,-0.00829274675067,0.00886225617634,-0.999926342671,0.0,0.641414835112,0.234785308502,0.303580987872,1.0,-0.144854285714,-0.190379918367,1.131
0.447469793443,0.431200553883,-0.125250288968,-1.53719463709,0.0684783161499,1.95967475979,0.132796856093,-0.140961727088,-0.751983104982,-0.0109496904698,-1.1358459467,-0.0739792053701,0.402772198322,-0.184488587272,0.573607438167,0.819114636925,0.00254270640843,0.0,0.819076742802,-0.573543999944,-0.0118876587009,0.0,-0.00827916063601,0.00890169252132,-0.999926104954,0.0,0.638842687759,0.231452740283,0.30364612777,1.0,-0.161184,-0.211841828571,1.148
0.444881917381,0.41775341031,-0.125439531772,-1.55751179791,0.0670680552578,1.96661467279,0.129436643028,-0.160051350054,-0.820765490768,-0.0183235521057,-1.20659160359,-0.0870683067847,0.424190345361,-0.199725182574,0.573588221182,0.819128049221,0.00255702998495,0.0,0.819090460325,-0.573524858422,-0.011865979822,0.0,-0.00825339554701,0.00890079649403,-0.999926325928,0.0,0.636016699656,0.227735607581,0.303721818811,1.0,-0.177513714286,-0.233303738775,1.165
0.442121639599,0.404070454724,-0.125594724678,-1.57801079605,0.0656191118356,1.97384389481,0.125995293608,-0.185887050197,-0.849901909454,-0.00413453645092,-1.31161737653,-0.0855092006834,0.449970648713,-0.224583032244,0.573583663679,0.819130262864,0.00285309003132,0.0,0.819097012052,-0.573519776282,-0.0116575281653,0.0,-0.00791288290139,0.0090236989684,-0.999927976977,0.0,0.633165926052,0.223940677029,0.303849272863,1.0,-0.192882857143,-0.253503183673,1.181
0.439035880001,0.389380986056,-0.125792680464,-1.59966747363,0.064137303159,1.98128742634,0.122269712483,-0.200544148993,-0.92160750367,-0.0131183617299,-1.3814494022,-0.100955357872,0.477739572945,-0.239269120114,0.573649157309,0.819082936209,0.00324574039117,0.0,0.819054651287,-0.573583857821,-0.0114796843591,0.0,-0.00754125446906,0.00924392799729,-0.999928837106,0.0,0.63008066278,0.219823603898,0.304072996069,1.0,-0.208252,-0.273702628571,1.197
0.434709748479,0.369860351267,-0.126025001825,-1.62874480968,0.0619430990206,1.99096488726,0.117034072804,-0.229016415349,-1.01282616012,-0.0117117795401,-1.50517771887,-0.117053208544,0.50148994486,-0.26636804587,0.57354409661,0.819156459016,0.00325757538158,0.0,0.819128679289,-0.573479208348,-0.0114259029864,0.0,-0.00749159471686,0.00922181017471,-0.999929414622,0.0,0.62577609938,0.214186602224,0.304126476661,1.0,-0.227463428571,-0.298951934694,1.217
0.431324320489,0.355489324734,-0.126191366867,-1.64999677741,0.0602857146347,1.99794956499,0.113184008324,-0.246324151504,-1.02455824629,-0.00543817074931,-1.55317138814,-0.116761176394,0.484058526457,-0.274182093879,0.573566761932,0.819140542853,0.00326918388716,0.0,0.81911326798,-0.573502274947,-0.011372851513,0.0,-0.0074412226322,0.00920109866332,-0.999929981543,0.0,0.622565605787,0.209948124808,0.304164853209,1.0,-0.240911428571,-0.31662644898,1.231
0.426469443039,0.336010350212,-0.126470434561,-1.67863078735,0.0581455657644,2.00719644518,0.10773728473,-0.271978078728,-1.08509561395,-0.0151417409853,-1.6485147498,-0.113409551708,0.507526986336,-0.305838256126,0.573641029445,0.819088334271,0.00331917142936,0.0,0.819061157591,-0.573575709587,-0.011422451556,0.0,-0.0074523441912,0.00927116976131,-0.999929251486,0.0,0.61814448121,0.204074867006,0.304195613287,1.0,-0.258201714286,-0.33935082449,1.249
0.421505088196,0.316677270684,-0.126649249853,-1.70678584056,0.0558664873502,2.01617431704,0.102236363004,-0.296739420429,-1.15740539995,-0.00925869300636,-1.693647841,-0.127484780513,0.517644290758,-0.329278649205,0.573549882072,0.819151942962,0.00337253898817,0.0,0.819125528909,-0.573484512385,-0.0113854664139,0.0,-0.00739247038532,0.00929284461754,-0.999929494725,0.0,0.613656266703,0.198266215273,0.304233432265,1.0,-0.274531428571,-0.360812734694,1.266
0.416379478865,0.297743352395,-0.12686326846,-1.73427233128,0.0535490901141,2.024707582,0.0965697919261,-0.328121196542,-1.19570160171,-0.0148606934074,-1.75324323984,-0.145277118856,0.532434460287,-0.351510415251,0.573378540935,0.819272340065,0.00326013817046,0.0,0.819244626837,-0.573313708007,-0.0114184286186,0.0,-0.00748586495718,0.00921811009718,-0.99992949165,0.0,0.609151836229,0.192435865051,0.304194914185,1.0,-0.289900571429,-0.381012179592,1.282
0.410359297463,0.276773622351,-0.127122826602,-1.764267572,0.0510558260014,2.03377954134,0.0902541443986,-0.368404331494,-1.24460345746,-0.0158614309443,-1.77755381537,-0.158819514275,0.532609058079,-0.383783970846,0.573391067596,0.819263588884,0.00325613734174,0.0,0.819235220085,-0.57332550307,-0.0115008087909,0.0,-0.0075555127726,0.00926218174831,-0.999928560556,0.0,0.604116332146,0.185869818818,0.304217986041,1.0,-0.306230285714,-0.402474089796,1.299
0.402892166813,0.25234751343,-0.1275181141,-1.79856353694,0.0480305762291,2.04407903357,0.0826705753758,-0.416563969526,-1.31367406199,-0.0215963901056,-1.79514233351,-0.161655474975,0.539993235627,-0.393454277178,0.57350373177,0.819183720068,0.00349990328603,0.0,0.819159063861,-0.573438161508,-0.0113070739559,0.0,-0.00725573249583,0.00935180665976,-0.999929946575,0.0,0.598273834069,0.178037034745,0.304374008129,1.0,-0.324481142857,-0.426460930612,1.318
0.396483448455,0.232436407032,-0.127819448376,-1.82633727664,0.0455160405285,2.05221005612,0.076207482656,-0.430327497104,-1.34557548609,-0.0159359892543,-1.8493999471,-0.165972185424,0.555437105712,-0.443693165707,0.573504853993,0.819182120491,0.0036854871749,0.0,0.819160129866,-0.573439168706,-0.011178029029,0.0,-0.0070435744317,0.00942983961267,-0.999930730693,0.0,0.593061841029,0.171132907987,0.304458213019,1.0,-0.339850285714,-0.44666037551,1.334
0.388736846702,0.209130687032,-0.128103287914,-1.85852014028,0.0425465278332,2.06129837047,0.0684004999316,-0.465382043657,-1.37275637602,-0.0199365561686,-1.91160946005,-0.180450406167,0.52265472163,-0.462254650442,0.573361279911,0.819282294735,0.00375647888715,0.0,0.819260795113,-0.573294871137,-0.0112021078136,0.0,-0.00702425375448,0.00950057366907,-0.999930197043,0.0,0.587535919858,0.164003850937,0.304495888167,1.0,-0.355219428571,-0.466859820408,1.35
0.380195740076,0.185131774079,-0.128486437048,-1.89139924569,0.0393443362371,2.07012470082,0.0600533374695,-0.519466932676,-1.43124521577,-0.026479412364,-1.96743314787,-0.188095807139,0.500105609913,-0.504564043058,0.573326026137,0.819307586302,0.00361851949029,0.0,0.819284033302,-0.573259607707,-0.0113067170045,0.0,-0.00718946637398,0.00944721225954,-0.999929528394,0.0,0.581368727741,0.155953759287,0.304468181577,1.0,-0.371549142857,-0.488321730612,1.367
0.371351289327,0.161904769671,-0.128979099115,-1.92272804367,0.0362257903514,2.07826601183,0.0516372284549,-0.569016433872,-1.47335393237,-0.0293913894858,-1.96340632841,-0.198243268478,0.496836979735,-0.54579922627,0.573473106552,0.819204829797,0.00357628298323,0.0,0.819180446999,-0.573406410188,-0.0113679774344,0.0,-0.00726217825149,0.00944903235046,-0.999928985756,0.0,0.575370068923,0.147927989069,0.304480387386,1.0,-0.386918285714,-0.50852117551,1.383
0.36132264788,0.136538872336,-0.129422034852,-1.95631555199,0.032684382836,2.08684553587,0.0421621706557,-0.611854237958,-1.52471522838,-0.0301405325324,-1.97529618118,-0.214892914903,0.516892142537,-0.57116303349,0.573455074147,0.819216708695,0.00374286416636,0.0,0.819195076778,-0.573388744262,-0.0112036171939,0.0,-0.00703220961063,0.00949108975968,-0.999930231188,0.0,0.568764082805,0.139204086254,0.304576987754,1.0,-0.403248,-0.529983085714,1.4
