position_joint1,position_joint2,position_joint3,position_joint4,position_joint5,position_joint6,position_joint7,velocity_joint1,velocity_joint2,velocity_joint3,velocity_joint4,velocity_joint5,velocity_joint6,velocity_joint7,ee_T_00,ee_T_10,ee_T_20,ee_T_30,ee_T_01,ee_T_11,ee_T_21,ee_T_31,ee_T_02,ee_T_12,ee_T_22,ee_T_32,ee_T_03,ee_T_13,ee_T_23,ee_T_33,v_x,v_y,w_z,time
0.46509116930991506,0.5472772162818446,-0.12399313034142374,-1.3555717046765714,0.07943672196669967,1.8941789502869009,0.1591295904999162,-0.0013859002672310505,0.0012384851582442269,0.0017536748125452056,-0.0016026621647127607,-5.092157470589727e-05,0.00022144764069842286,-0.0003137346438773216,0.5737388128096146,0.8190223446687466,0.0026306862851743643,0.0,0.8189889793243448,-0.5736787482901562,-0.011423327304933773,0.0,-0.007846942575943094,0.008708676990904302,-0.9999312898580972,0.0,0.661765977463594,0.2609321931002351,0.3037026610964064,1.0,5e-324,6.9457166229875e-310,6.9455044234085e-310,0.0
0.46509319379353825,0.547272273012405,-0.123995636031293,-1.3555664149552533,0.07943813149601493,1.8941783318447925,0.15912897009654156,0.0008150956588829076,-0.00029807897758693085,-0.0006815931462969329,0.0003647884287815302,0.0003354796946684397,-0.00035108099795741525,-0.0007944608977490006,0.5737384631167145,0.8190225627050067,0.002639056991027386,0.0,0.8189893097211053,-0.5736783768036926,-0.011418294602796438,0.0,-0.007838021882607626,0.008712642005575769,-0.9999313252830168,0.0,0.6617671632884997,0.26093296226216584,0.303708713856776,1.0,-0.0002600000000000001,-0.0003417142857142859,-0.00013000000000000004,0.014000000000000005
0.46509284822744074,0.5472638166967501,-0.12400028630756751,-1.355570666722666,0.07943774800711155,1.8941801417587407,0.15912755062301354,-0.00036233431232539755,0.00045584016057018025,-0.00019509854381218175,0.00023120698732856536,0.00016941133127679287,-0.0002332345385991471,-0.00936852048311752,0.5737409578182046,0.8190208020138346,0.002643121577374015,0.0,0.8189876246276605,-0.573680884041741,-0.011413189433158144,0.0,-0.007831482020240255,0.008713065852914079,-0.9999313728315606,0.0,0.6617679514705318,0.2609297094849891,0.30371299136612095,1.0,-0.0006000000000000004,-0.0007885714285714292,-0.0003000000000000002,0.03100000000000002
0.4650871639184572,0.547242548931086,-0.12400095309019707,-1.3555930253011759,0.07943809206625897,1.894182664468562,0.15912850040240017,-0.0010100465540052827,0.0012747832657551113,-0.0010562279450083074,-0.0003650349332447415,0.0002834795461789841,-0.0005535798109866984,-0.0013533039093649995,0.5737481477104905,0.8190157576463785,0.0026454918102756927,0.0,0.8189825936280516,-0.5736880463845216,-0.011414187268014048,0.0,-0.007830862973245256,0.008715648350083788,-0.9999313551734097,0.0,0.6617655068663455,0.260923413232582,0.30371765560493547,1.0,-0.0008800000000000007,-0.0011565714285714298,-0.00044000000000000034,0.04500000000000003
0.4650895587645923,0.5471292604276541,-0.12399670292949432,-1.3557100432365004,0.07943870241776926,1.8942028320829416,0.15912861922383298,0.0008271680591853025,-0.014902164965840453,0.0011178313324999166,-0.007245623423025621,0.00014480524868650785,0.0027272619171207157,0.0010907296653198167,0.5737536830457453,0.8190117736373386,0.002678196421405956,0.0,0.8189789131395371,-0.5736933454246125,-0.011411930139430091,0.0,-0.007810192049818532,0.008741191637562068,-0.9999312938741844,0.0,0.6617427922023507,0.2609168123651176,0.3037526427783611,1.0,-0.001280000000000001,-0.0016822857142857158,-0.0006400000000000005,0.06500000000000004
0.4650759386208984,0.5469842309926719,-0.12400126632978627,-1.355894655697197,0.0794325897529345,1.8942482068615607,0.159132985595074,-0.0013181267997016918,-0.010614515064260997,-0.0008659703129080697,-0.014575155349712687,-0.000358002575578499,0.00951707349906839,0.00046477691140729314,0.5737762235185732,0.8189959947730767,0.0026744666068193165,0.0,0.8189630487722904,-0.5737158531008639,-0.011418911837430667,0.0,-0.007817809685663646,0.008742357754410512,-0.9999312241512477,0.0,0.6617195511864399,0.2608869422140531,0.30376274620180493,1.0,-0.0016000000000000012,-0.0021028571428571446,-0.0008000000000000006,0.08100000000000006
0.4650616823342552,0.5468457990550227,-0.12400137168039739,-1.3560894324496586,0.0794266268418221,1.894347297788491,0.15912462485024859,-0.0016440560189956012,-0.015020674654812423,-0.0002557063219800408,-0.013077152037037371,-0.0018325462966327908,0.006711231103986573,0.000720155960934354,0.5737998847461216,0.8189792665195841,0.002720326743216709,0.0,0.818946896107184,-0.5737393494232299,-0.011396805737845106,0.0,-0.007773138764983312,0.00876745776233459,-0.9999313526428332,0.0,0.6617018887850917,0.26085737390678404,0.30378219726366545,1.0,-0.0019400000000000014,-0.002549714285714288,-0.0009700000000000007,0.09800000000000007
0.4650410409393925,0.5466300948997922,-0.12399657067863261,-1.356325450335405,0.07942359580689409,1.8944586878758949,0.15912136863239965,-0.003194705366658325,-0.011238367880902935,0.004184895915769043,-0.011316030754008392,0.0001665170692945672,0.004891195650643081,-0.001371197895397763,0.5738138758226118,0.8189692008878643,0.0027983587571980724,0.0,0.8189377587452137,-0.5737530102431762,-0.011365625344370802,0.0,-0.007702678645620353,0.008813604867991195,-0.9999314922087977,0.0,0.6616806189220222,0.2608329244304756,0.3038266383188877,1.0,-0.0022800000000000016,-0.0029965714285714313,-0.0011400000000000008,0.11500000000000009
0.46500872211040234,0.546421245841062,-0.12399633445163369,-1.3565892018706,0.07941666935985299,1.8945882479452554,0.15912007955691912,-0.0070507706412606735,-0.01558201360736045,0.0006815235590087475,-0.020540796163182086,0.0005140531730546321,0.0074466330444988805,0.0009506787099772533,0.5738422877796023,0.8189490835592086,0.002859054846049076,0.0,0.8189184173643667,-0.573781229210268,-0.011334619914355165,0.0,-0.007642151722509816,0.008845787201265026,-0.999931672448593,0.0,0.6616594031449972,0.2607971811074105,0.303857309676746,1.0,-0.0026000000000000016,-0.00341714285714286,-0.0013000000000000008,0.1310000000000001
0.46497821108689824,0.5461950324900374,-0.12400237031314688,-1.356932712243315,0.07940095420963593,1.8947140819036574,0.1590998563321913,-0.005052275939575796,-0.015377756043179957,-0.0011703110036742207,-0.029571566411865317,-0.0012652299435261683,0.010153667783986445,-0.002369002999644641,0.5738798261698685,0.8189227245601376,0.002874580917385486,0.0,0.818892220013834,-0.573818672458392,-0.011331815393459618,0.0,-0.007630539841873452,0.008857242726604098,-0.999931659721305,0.0,0.661622733804834,0.2607353002963566,0.30386802418136144,1.0,-0.002940000000000002,-0.0038640000000000033,-0.001470000000000001,0.1480000000000001
0.46494871410932587,0.5459132339214816,-0.12400429758664995,-1.3573692154855448,0.07937909195293597,1.8948693780544879,0.1590937151593334,-0.004048897848887602,-0.01775415644396599,-0.0010450230900120603,-0.024388751351462918,0.00012081070134827478,0.010623290259356722,-0.002815830106241563,0.5739188769719114,0.8188953502830877,0.00287660237908531,0.0,0.8188648382048275,-0.5738576734571254,-0.011335531190251366,0.0,-0.007632000375620007,0.008861394481621779,-0.9999316117905803,0.0,0.6615703515733926,0.2606735563772692,0.3038732958968274,1.0,-0.0032800000000000025,-0.004310857142857147,-0.0016400000000000013,0.16500000000000012
0.4649022793478587,0.5456122097552264,-0.12399960222140292,-1.3578482763447752,0.07934254751040383,1.8950314023411314,0.15908173123317437,-0.001206563790061324,-0.019176553917223768,-0.00014478060177277653,-0.03055274676421915,-1.8734512957299413e-05,0.011602777901037023,0.0012343946525949882,0.5739608194764291,0.8188660131787184,0.0028595572989118436,0.0,0.8188353045546347,-0.5738996881280136,-0.011341908247565795,0.0,-0.007646551366302157,0.008851487842515174,-0.9999315883675125,0.0,0.6615137363846263,0.26059772153207905,0.30387223891212184,1.0,-0.0036200000000000026,-0.00475771428571429,-0.0018100000000000013,0.18200000000000013
0.46485361737565056,0.5453050578450289,-0.12400476910427216,-1.3583599141524645,0.07930898863534248,1.8951956919430493,0.15904068739305086,-0.0010941315139460614,-0.017540728167169287,-0.002122573547997662,-0.03563754972868281,-0.0003306389695510031,0.016804294183768616,-0.0038590427003760697,0.573990255515495,0.8188455086959359,0.002822474616249377,0.0,0.8188143346417924,-0.5739292460684786,-0.011360140562288935,0.0,-0.007682447259949321,0.008831862699712839,-0.9999314867556435,0.0,0.6614528936881389,0.2605115572860033,0.3038605171575394,1.0,-0.003940000000000003,-0.0051782857142857195,-0.0019700000000000017,0.19800000000000015
0.464792916087021,0.5449129575165214,-0.12399993509466743,-1.359007298694899,0.07927673150262993,1.8954057847096022,0.15891606901655522,-0.0024382513569220594,-0.02611020836602912,0.0016168384329396145,-0.0369309143623431,-0.001194016915077813,0.019940240228379355,-0.004299366926380385,0.573962002237152,0.8188654252766197,0.0027896551164064316,0.0,0.8188337052569102,-0.5739009556253445,-0.01139311936055593,0.0,-0.007728594592633253,0.008823651117894224,-0.9999312036368164,0.0,0.6613729637864824,0.2604115466322276,0.3038479391365879,1.0,-0.0043000000000000035,-0.005651428571428577,-0.0021500000000000017,0.21600000000000016
0.46473541691626136,0.5445408466165836,-0.12400759266617122,-1.3596614737659187,0.0792437118822401,1.8956174072526593,0.15891528717760592,-0.001956655444713703,-0.02456835261647191,-0.0004514343814863919,-0.043719277818390065,-0.00809486333969635,0.008414235634848888,0.0012793574973747638,0.574041465820615,0.8188099227243713,0.0027299941094093205,0.0,0.8187773765261044,-0.5739805312996134,-0.011432597222490955,0.0,-0.007794310643556068,0.008798211675407841,-0.9999309177102718,0.0,0.6612932586012218,0.26030533782977144,0.3038184899253991,1.0,-0.0046200000000000034,-0.006072000000000005,-0.0023100000000000017,0.23200000000000018
0.46466910769346664,0.5441301001069533,-0.1240031578208762,-1.3603587296077897,0.07920847633528777,1.895841189775006,0.15889176441896896,-0.00521915442919224,-0.02746876788998025,0.0011934015267436998,-0.042568599522456396,-9.194592688577984e-05,0.012260818304704199,-0.0013001955048575428,0.5741027882982506,0.8187670908136958,0.0026807405430945034,0.0,0.8187337869591507,-0.5740418668834643,-0.011474670264690793,0.0,-0.007856376344268945,0.00878262214315649,-0.9999305690391844,0.0,0.6612066534604909,0.2601961707267049,0.3037964999006595,1.0,-0.004940000000000004,-0.006492571428571435,-0.002470000000000002,0.2480000000000002
0.46460866989728217,0.543659725634315,-0.12401135431222245,-1.3611178305591767,0.07917480658042943,1.8961055761494159,0.1588277687389288,-0.0034338174719902824,-0.026207384311999222,-0.0039452382742798265,-0.04690525555583417,-0.005078534093262759,0.017118877624482404,-0.004978265568483569,0.5741379101600381,0.8187425186765148,0.002663668430807848,0.0,0.8187089365425217,-0.574076975451877,-0.01149131770714095,0.0,-0.007879431389562652,0.008778539295735896,-0.9999304234839594,0.0,0.6611121835055072,0.2600725240686998,0.3037923302414819,1.0,-0.0053000000000000035,-0.006965714285714291,-0.0026500000000000017,0.2660000000000002
0.4645398204331841,0.5431606222979373,-0.12401481274253658,-1.361924453729971,0.0791259679173346,1.8963953255413741,0.15877780631604285,-0.004556065916067483,-0.03002830204412151,-0.0011392452089559085,-0.0505159350833477,-0.008224603263901856,0.01813852000933486,-4.572764406230377e-05,0.5741886938860996,0.8187069587070231,0.0026469754966106903,0.0,0.8186731341341,-0.5741277778505943,-0.011503957953529886,0.0,-0.007898820346102342,0.008772619217748828,-0.9999303224671209,0.0,0.6610234387509071,0.2599550732309264,0.30378552661393987,1.0,-0.005620000000000004,-0.007386285714285721,-0.002810000000000002,0.2820000000000002
0.4644755875789323,0.5426448383653257,-0.12401188625820676,-1.3627859559728508,0.07907288995283938,1.896690887826458,0.1587139916481256,-0.0002106183192138566,-0.0339246474845934,0.001379291210596402,-0.04975317713836508,-0.004611417660888048,0.018986821937241327,-0.003025658333685949,0.5742207215406133,0.8186846354075713,0.0026033828296431515,0.0,0.8186502065968694,-0.574159901119187,-0.011532306227141832,0.0,-0.007946716889858096,0.008753517626454446,-0.9999301103676375,0.0,0.6609166148892245,0.2598302902998032,0.30376578384087893,1.0,-0.005960000000000004,-0.007833142857142865,-0.002980000000000002,0.2990000000000002
0.4643917006883598,0.5420774741779287,-0.124018002626038,-1.3636856128391373,0.07901811663953828,1.8970078935578905,0.1586391942083426,-0.005864523330290121,-0.027084399283593692,-0.0009961740974901805,-0.05235094891978381,-0.00641356972738699,0.02068009877680089,-0.003757464521881164,0.5742608980724918,0.8186564629455815,0.0026006775296865594,0.0,0.8186220119290196,-0.5742000957967601,-0.011532496411612319,0.0,-0.007947996458141593,0.00875180211739171,-0.9999301152140581,0.0,0.660819835249418,0.25969735748563727,0.3037747004796306,1.0,-0.006280000000000004,-0.008253714285714293,-0.003140000000000002,0.3150000000000002
0.46430979648239984,0.5414657458904945,-0.12401868406877127,-1.3646238010433787,0.0789668103543751,1.8973473548693367,0.158583858661594,-0.004426102619231662,-0.040717489897485845,0.00042936440276172654,-0.052797619045358304,-0.008528586451580522,0.0206751265943411,-0.004420973723238319,0.5743283501934126,0.8186091409126407,0.002601437984981467,0.0,0.8185746432106219,-0.5742674747729658,-0.01153983586072969,0.0,-0.00795284701476029,0.008757294666845786,-0.9999300285592376,0.0,0.6607055901899923,0.25954149761812534,0.303781863017663,1.0,-0.006640000000000005,-0.00872685714285715,-0.0033200000000000026,0.33300000000000024
0.4642245300903827,0.5408437491420985,-0.1240268951926056,-1.365602998853543,0.07889917645667968,1.8976966235371944,0.15850817137687626,-0.0036577421351018397,-0.03769432558776826,-0.0006583074248179029,-0.05179009844674858,-0.007432226568306453,0.017364818905946638,-0.002087705151826879,0.5743781439702975,0.8185742484212013,0.0025873639307521365,0.0,0.8185396577478046,-0.5743174075532134,-0.011536506259331513,0.0,-0.00795767200537778,0.008744345395229211,-0.9999301034971715,0.0,0.6605935262592256,0.2593850971953981,0.3037859938833696,1.0,-0.006980000000000005,-0.009173714285714294,-0.0034900000000000026,0.35000000000000026
0.4641286476422077,0.5401542681138585,-0.12402724499772698,-1.3666352691194734,0.07885114642365988,1.8980843507924228,0.15841786352753665,-0.002532403341237769,-0.04168259702890055,-0.0010312762551208529,-0.06055502362066669,-0.0010662080186604086,0.017369623886855354,-0.005515382453980961,0.574427303028914,0.8185396064848305,0.0026330688930170116,0.0,0.8185054942456333,-0.5743662836768648,-0.011527140414996738,0.0,-0.007923227531122068,0.008776854517530921,-0.9999300922015841,0.0,0.6604783389499326,0.2592266129404832,0.3038155896868192,1.0,-0.007320000000000005,-0.009620571428571437,-0.0036600000000000027,0.36700000000000027
0.46403947941713014,0.5394942556500312,-0.12403256291773337,-1.3676807333254295,0.07879090029814946,1.8984722484091112,0.15836506649706816,-0.006271283130978765,-0.039906177587502395,0.0007576173071324129,-0.06862760253520074,-0.004754613119650763,0.027551755133459713,0.0018835449286541397,0.5745026000468206,0.8184867578810795,0.0026337452363839374,0.0,0.8184526534131901,-0.5744415680113,-0.011527617396312959,0.0,-0.007922421976644056,0.008778410955272861,-0.9999300849215033,0.0,0.6603592581903762,0.2590657786728147,0.30381813472421426,1.0,-0.007640000000000006,-0.010041142857142867,-0.003820000000000003,0.3830000000000003
0.4639433233712216,0.5387610973650016,-0.1240286944180756,-1.3688377456401215,0.07871816620354202,1.8989028558474212,0.158271080025911,-0.0011965289382811625,-0.0392448385411558,0.0019640396911482965,-0.06941780862613883,-0.004424422607030289,0.027464131047999853,-0.005922348348989137,0.5745462031306818,0.8184561389452859,0.0026374214870358154,0.0,0.8184220845789272,-0.5744851563161179,-0.011525777506852105,0.0,-0.007918336313860685,0.00878078475334032,-0.9999300964413144,0.0,0.660225033182303,0.2588942668608604,0.3038225462952898,1.0,-0.007980000000000006,-0.01048800000000001,-0.003990000000000003,0.4000000000000003
0.4638410556488037,0.53799869830995,-0.1240425390770024,-1.3700124953816237,0.07865656172399008,1.8993611406559279,0.1581757678331785,-0.00038889982708910473,-0.039427392323095146,-0.001172644788214187,-0.07949016659100802,-0.0036123666783125933,0.02620875551032715,-0.0025012128414657747,0.5746101184443906,0.8184111405782826,0.0026765014265869866,0.0,0.8183776033289891,-0.5745489482050878,-0.0115044072917998,0.0,-0.007877705684089742,0.008801107107955092,-0.9999302387000952,0.0,0.660097775415105,0.2587104051183251,0.3038420530044824,1.0,-0.008320000000000006,-0.010934857142857152,-0.004160000000000003,0.4170000000000003
0.4637412177052947,0.5372007187153367,-0.12404902411094519,-1.3712690671585785,0.07857997884222721,1.8998450970517167,0.15808959173780238,-0.006464174924674668,-0.04535544576052435,-0.0008309620328132254,-0.073561161521849,-0.0038389689826363693,0.02913669372124433,-0.0010651275420369042,0.5746747601884978,0.8183656947737649,0.0026937930421186427,0.0,0.8183324343643166,-0.5746135853401032,-0.011489182354356517,0.0,-0.007854613847365854,0.008807130896643534,-0.9999303673189839,0.0,0.6599558997671523,0.2585225052535008,0.3038495694099667,1.0,-0.008660000000000006,-0.011381714285714295,-0.004330000000000003,0.43400000000000033
0.4636312394978949,0.5364221321028391,-0.12404973530847953,-1.3724895860168536,0.07851973592883545,1.9002834110004714,0.15801332369085283,-0.008583587777781428,-0.04803492529979647,0.00023359409865354508,-0.07521245678356017,-0.0013983001278050715,0.018866997440871235,-0.0019370907986475197,0.5747538337147806,0.8183101511191726,0.0026970551880404776,0.0,0.818276802638652,-0.574692492374117,-0.01150479784691671,0.0,-0.007864666915829488,0.008819534167801277,-0.9999301789781956,0.0,0.6598128800790642,0.25833484920225563,0.30385628496576433,1.0,-0.008980000000000007,-0.011802285714285725,-0.0044900000000000035,0.45000000000000034
0.4635342484617168,0.5356682445626821,-0.1240555294296606,-1.373688038831722,0.07843257946478045,1.9007087761500638,0.157906219367051,-0.0036346713943671604,-0.048862081533839044,0.0009954640485224093,-0.07768098775540398,-0.0049258498411245254,0.026531068635341593,-0.010591785939943067,0.5747920484219466,0.8182833959879958,0.002670547221731286,0.0,0.8182498206193294,-0.5747309183935394,-0.011504320934430604,0.0,-0.007879100442501896,0.008797936368279982,-0.9999302556137986,0.0,0.6596707882028444,0.25814990413227357,0.3038549302981115,1.0,-0.009280000000000007,-0.01219657142857144,-0.0046400000000000035,0.46500000000000036
0.4634192626489962,0.534818373500258,-0.12405487856927594,-1.3750007196960932,0.07837392664961362,1.9011932616196925,0.1578348845673925,-0.007662758658399127,-0.05121629285644354,0.00046054762255532175,-0.08309147336271712,-0.0013696424304717556,0.03204166839326263,-0.003346428426258168,0.5748836279688249,0.8182189652469438,0.0026992785758913566,0.0,0.8181855818246527,-0.5748221917273244,-0.011512970653042326,0.0,-0.007868677203993923,0.008827299102703717,-0.9999300789103261,0.0,0.6595178223263899,0.25795314468747416,0.3038717745968182,1.0,-0.009600000000000008,-0.01261714285714287,-0.004800000000000004,0.48100000000000037
0.4633079303278569,0.5339793014998319,-0.12406567044830734,-1.3763560081153037,0.07829768888007958,1.9016828227986649,0.157719326965018,-0.010371242676046532,-0.05171819609661324,0.0008713785954398883,-0.08329576632467348,-0.00024285106437863267,0.030027049572882353,-0.011222076803940226,0.5749437718283119,0.8181768073657063,0.0026679628749116183,0.0,0.818143002326279,-0.5748824123565219,-0.011531982002086903,0.0,-0.007901587413502553,0.008813186066653309,-0.9999299438799206,0.0,0.6593468271838989,0.25773369028899396,0.30385641967907173,1.0,-0.009940000000000008,-0.013064000000000013,-0.004970000000000004,0.4980000000000004
0.46316921473199774,0.5329059703368144,-0.12406914472788001,-1.3780828574301685,0.07819704496313036,1.9023289492342697,0.1575914600035388,-0.004135576130353801,-0.05100508349262256,-0.0002561547002107605,-0.08438759363342754,-0.0055962257578309055,0.03613816688496586,-0.010314017258592899,0.5750204774982193,0.8181229009052056,0.002667653159513941,0.0,0.8180890613975573,-0.5749590754857539,-0.01153672568102072,0.0,-0.007904820279079183,0.008816401122309345,-0.9999298899860959,0.0,0.6591555807554595,0.257487671487448,0.3038524218985311,1.0,-0.010320000000000008,-0.013563428571428584,-0.005160000000000004,0.5170000000000003
0.4630404159001069,0.5318850175053152,-0.12407233219368417,-1.3796904475319778,0.07810805125401969,1.902949047812264,0.15748294673729377,-0.016101894153032727,-0.054294445691485685,-0.00010293678027405674,-0.0878615842252864,-0.0064352244577930515,0.0401075473021616,-0.008861496051602687,0.5751033712673619,0.8180645364690791,0.002696929690232364,0.0,0.8180310443539895,-0.5750418273694535,-0.011526237457611308,0.0,-0.00787851041137455,0.008835120334395055,-0.9999299324064536,0.0,0.6589705708863027,0.25725116386023145,0.3038608260912596,1.0,-0.010680000000000007,-0.01403657142857144,-0.005340000000000004,0.5350000000000004
0.4629090515530593,0.5309650202598726,-0.1240670426104545,-1.3811850548183409,0.07801768096971223,1.90348889390048,0.15736854030775088,-0.0033161155640043416,-0.05476442358347655,5.357864659075394e-05,-0.09036132999151601,-0.004376779408909351,0.038234269216534854,-0.001256924360173832,0.575170667615842,0.818017321652556,0.002666738069887927,0.0,0.8179833822192212,-0.5751091516047563,-0.011549764277634482,0.0,-0.007914394147795933,0.008824602957224856,-0.9999297419058604,0.0,0.6587915999294878,0.2570243605485316,0.30384439119476064,1.0,-0.011000000000000008,-0.01445714285714287,-0.005500000000000004,0.5510000000000004
0.4627843189976631,0.5300093735746613,-0.12406775292319568,-1.3827324229441627,0.07791427058606637,1.9040357583512422,0.1572702923854561,-0.002177234199348662,-0.062232651613441686,0.0010282876201947518,-0.09530850888303265,-0.007222958435127595,0.028081018916900114,-0.006929043273407516,0.57524906106318,0.8179623419678015,0.0026214060516043525,0.0,0.8179278522282658,-0.5751877274544113,-0.01156951322633507,0.0,-0.00795577871787656,0.008799642062392213,-0.9999296334665584,0.0,0.6586026362467586,0.2567910512388529,0.30382854833639605,1.0,-0.011320000000000009,-0.0148777142857143,-0.0056600000000000044,0.5670000000000004
0.4626399121073641,0.5289737257434759,-0.12407655693496601,-1.3843852853897998,0.07780311266646892,1.9046330997728471,0.1571650275653699,-0.017379382398483974,-0.06059037239155189,0.0003711169260587214,-0.09842573302449566,-0.0032343594649968696,0.03771867811983804,-0.003953579707709482,0.5753470042582954,0.8178935385705962,0.0025944472786541637,0.0,0.8178588011512581,-0.5752858612852837,-0.011571779719834552,0.0,-0.007972088512762765,0.00877984937602136,-0.999929677552216,0.0,0.6584080911996554,0.2565308011451171,0.30382325855864045,1.0,-0.011660000000000009,-0.015324571428571443,-0.0058300000000000044,0.5840000000000004
0.4624959894016946,0.5278944506202012,-0.12408546662638968,-1.3860940175169203,0.07770267144552688,1.9052827207203051,0.15701543924316314,-0.010891327859726555,-0.0637529292621738,-0.0012906795026134872,-0.09901667214563624,-0.01346762838014219,0.03957570482094224,-0.015159192461584436,0.5754143139848287,0.817846140206506,0.0026086609394864796,0.0,0.8178116079916988,-0.5753531380439341,-0.01156232148998309,0.0,-0.007955451911884848,0.008786687656822736,-0.9999297499849171,0.0,0.6582108857407778,0.25627002832436524,0.303826414047876,1.0,-0.012000000000000009,-0.015771428571428586,-0.0060000000000000045,0.6010000000000004
0.46235733235839704,0.5267590524858958,-0.1240881954218742,-1.3878265841872905,0.07759644948953134,1.905947541862716,0.15689903247740072,-0.009991573614160814,-0.06325115924466143,0.00014482360356194855,-0.10515016083244455,-0.0076752102579878325,0.04550333123680541,-0.006462147001781827,0.5754995383280775,0.8177859972369678,0.002662894762477783,0.0,0.8177522109312733,-0.5754382201652669,-0.011529232032203055,0.0,-0.007896265119796408,0.008812825465503049,-0.9999299891014732,0.0,0.6580096495666693,0.2560143444255322,0.3038585446821901,1.0,-0.012340000000000009,-0.01621828571428573,-0.0061700000000000045,0.6180000000000004
0.46221454382957605,0.5256699983901403,-0.12409889234019998,-1.3895309004549428,0.07748621239668317,1.9065794070452997,0.15678859648943125,-0.008469629534811812,-0.06435416557796218,-0.000455838614081815,-0.10193455362199373,-0.0009864207106447397,0.03597738852882122,-0.007836832774140165,0.5755957263999057,0.8177182792921867,0.0026687755241655946,0.0,0.8176846637124143,-0.5755344826560418,-0.011515072929266078,0.0,-0.007880265000538289,0.008810413212026011,-0.9999301365808285,0.0,0.6578098177694283,0.25575121725006206,0.3038686299068427,1.0,-0.01266000000000001,-0.01663885714285716,-0.006330000000000005,0.6340000000000005
0.4620540038156018,0.5244384926135022,-0.12409766447555916,-1.3914802917834235,0.07736567799375779,1.907287628890068,0.1566319452344543,-0.009637487461670995,-0.06483145630277443,0.001141086979960938,-0.11423915783180268,-0.008421313014098951,0.036356677678068,-0.006487528660146015,0.5756703502622739,0.8176657812455713,0.0026579898775287185,0.0,0.817632003054311,-0.5756091067614505,-0.011524352298003228,0.0,-0.007893257315573499,0.008807655086252836,-0.9999300584045026,0.0,0.6575732821591661,0.2554596921584114,0.30386820964458006,1.0,-0.013020000000000009,-0.017112000000000016,-0.0065100000000000045,0.6520000000000005
0.46191008126566,0.5233236652110228,-0.12410133750327283,-1.39326849711187,0.07725346200778006,1.9079266166429765,0.1565119264679442,-0.009275880002897497,-0.0654911682034947,-0.0013541042626104222,-0.10973993454655398,-0.004879663897234204,0.03357034859099271,-0.01089947873168203,0.5757580908259544,0.8176041106577019,0.002624116096671316,0.0,0.8175698935019816,-0.5756969475963687,-0.01154299218533542,0.0,-0.007927054853397952,0.0087915387251037,-0.9999299328693967,0.0,0.6573535333579588,0.2551905402326597,0.3038563197000215,1.0,-0.01334000000000001,-0.017532571428571446,-0.006670000000000005,0.6680000000000005
0.4617471843863577,0.5220956013883159,-0.12410666259808727,-1.3952107131828626,0.0771292174792105,1.9086726961229823,0.15636121358457142,-0.011378494336168317,-0.07136582692781014,-0.0009501528113869951,-0.1166230315496848,-0.005371545010393727,0.04505804147872269,-0.002688231102210634,0.5758424413425536,0.8175446428050737,0.0026432310873142646,0.0,0.8175107653891531,-0.575781327101011,-0.011522097719085009,0.0,-0.007898058222921334,0.008795952098570745,-0.9999301235101318,0.0,0.6571271946422278,0.2548964818286979,0.3038597463306195,1.0,-0.01368000000000001,-0.017979428571428587,-0.006840000000000005,0.6850000000000005
0.4615877837559855,0.5208670750939225,-0.1241074084046189,-1.397188752990044,0.07702055740482004,1.9094466724331245,0.15622365346348432,-0.007713692842448863,-0.07275036290147571,0.0016547295863524004,-0.11957001582829356,-0.004373645155312933,0.045972953134457914,-0.0071906984639868434,0.5759375296063693,0.8174775864754532,0.002665427243248605,0.0,0.8174439368171844,-0.5758762644437011,-0.011518902395621072,0.0,-0.007881639991223488,0.008813175209464744,-0.9999301014039812,0.0,0.656894561233518,0.2546075608356649,0.30384843369853287,1.0,-0.01402000000000001,-0.018426285714285732,-0.007010000000000005,0.7020000000000005
0.4614032909702757,0.5194939852229566,-0.12411638546517369,-1.399355827743417,0.07687904142245928,1.9102431539701414,0.15605828354194445,-0.009884906272571903,-0.07706341308823825,3.8730680505257264e-05,-0.1206944963395592,-0.004836896391735954,0.04112057791635763,-0.012085589453837541,0.5760366381217916,0.8174077769437887,0.0026579379913428177,0.0,0.817374122042446,-0.5759754874843542,-0.01151213853763583,0.0,-0.007879356141673233,0.00880411281938305,-0.9999301992360546,0.0,0.6566349295766369,0.2542731517746317,0.3038504374452725,1.0,-0.01438000000000001,-0.018899428571428588,-0.007190000000000005,0.7200000000000005
0.46124656672849385,0.5182329639294666,-0.1241227482011463,-1.4013119107890932,0.07675114997934036,1.9109459951907042,0.15591965196052834,-0.014379979540533,-0.07790839220602146,-0.0008845659507590005,-0.11994908396203725,-0.006638574437365721,0.04782979508698328,-0.007950122285760402,0.5761250442942935,0.8173454705412297,0.002657446865420605,0.0,0.8173118660300122,-0.5760639476457201,-0.01150603192141392,0.0,-0.00787369533595167,0.008801045454226303,-0.999930270829256,0.0,0.6563943420428783,0.2539779823218512,0.3038655755284217,1.0,-0.014700000000000012,-0.019320000000000018,-0.007350000000000006,0.7360000000000005
0.46106588457292036,0.51687345477549,-0.12412875238078964,-1.4034246256695595,0.07661240484080095,1.911705757826056,0.15575820967074727,-0.01045266739729477,-0.07568471243677376,-0.0012813881573457346,-0.12118551101189493,-0.011687382820591619,0.04627513121929664,-0.0030697099041350944,0.5762191842025647,0.8172791126656638,0.002655307621453642,0.0,0.8172455417757184,-0.5761581512864786,-0.011500263260813728,0.0,-0.007869199329417875,0.00879687999713652,-0.9999303428760574,0.0,0.6561365395569518,0.2536521618297612,0.3038798044693497,1.0,-0.015040000000000012,-0.019766857142857162,-0.007520000000000006,0.7530000000000006
0.4608891308206995,0.5156125518927571,-0.1241351246416178,-1.405442138578082,0.07649072495702668,1.912461363326925,0.15561084548861764,-0.013563334115728399,-0.07899343197268525,-0.00045251257763716143,-0.12524754582129916,-0.00525771028771848,0.0456057365960745,-0.00839724517960503,0.576321511762234,0.8172069730394933,0.002650508805944954,0.0,0.8171733466399058,-0.5762604890117922,-0.011502923386465911,0.0,-0.007873037281479756,0.008795476687207274,-0.9999303250096024,0.0,0.6558952939527132,0.2533411959895795,0.30386951177698973,1.0,-0.015360000000000013,-0.020187428571428592,-0.007680000000000006,0.7690000000000006
0.46071571932548455,0.5143101570245948,-0.12413297868493968,-1.4074991217019792,0.07636663201157433,1.9132394631398322,0.15544479049574259,-0.013695682380139648,-0.0840408822626926,0.0011522174003791115,-0.12648036224965412,-0.0033325956363632605,0.0407753214431442,-0.006475638938133323,0.5764009186509585,0.8171509070717854,0.002668885778281364,0.0,0.817117495790635,-0.5763398011936424,-0.011496892368048664,0.0,-0.007856662193287789,0.008807782163375091,-0.999930345490396,0.0,0.6556469010905405,0.25303443083499166,0.30387081795954424,1.0,-0.015680000000000013,-0.020608000000000022,-0.007840000000000007,0.7850000000000006
0.46051940962615195,0.5129123419516345,-0.12413651670045169,-1.4097867405010245,0.07623394360322738,1.9140476754781608,0.15526112739293357,-0.01223725968717903,-0.0797270341655339,-0.0002509260932203981,-0.13617333983527447,-0.0044600994801146055,0.05186118124519886,-0.014507301085182802,0.5764979651434172,0.8170826652379624,0.002600241207095493,0.0,0.817048241573209,-0.5764369226223693,-0.01154954895170467,0.0,-0.007938214035480229,0.008782983074546391,-0.9999299195274832,0.0,0.6553589803880068,0.2526839955823309,0.30383165308599336,1.0,-0.016020000000000013,-0.021054857142857163,-0.008010000000000007,0.8020000000000006
0.4603291012489037,0.5115219868539844,-0.12413883541209819,-1.412078663106014,0.07609033319364014,1.9148642757173255,0.15508560731366672,-0.00979724047351416,-0.07748130325199877,0.00020224464002346928,-0.14112918332419916,-0.016672171825169044,0.05502546225048775,-0.010864876467461303,0.5765927486011453,0.8170160255664525,0.0025225244067485298,0.0,0.8169805599050155,-0.5765319180222199,-0.011595651776234419,0.0,-0.008019671897126324,0.00874699053835322,-0.9999295850304583,0.0,0.6550694046957631,0.2523364874602996,0.30378546587601224,1.0,-0.016360000000000013,-0.021501714285714308,-0.008180000000000007,0.8190000000000006
0.46014582621952116,0.5101387197484623,-0.12414184106982634,-1.4142605809171038,0.07595161676339526,1.9156889874799483,0.15492221097450376,-0.008860753406955253,-0.08682749252329663,0.00048314663620874476,-0.13715466199939386,-0.008808430259507673,0.04424888370923224,-0.01104920037939967,0.5766875333599635,0.8169490771258624,0.0025379423970924523,0.0,0.8169138661532349,-0.576626698349553,-0.01158157753833751,0.0,-0.007998267728008435,0.008752400229510307,-0.9999297091313837,0.0,0.6548047245846469,0.2520074875480981,0.3037869021485673,1.0,-0.016680000000000014,-0.021922285714285738,-0.008340000000000007,0.8350000000000006
0.4599447432721754,0.508630886993439,-0.12414266708605066,-1.4166342854683125,0.07580210457576839,1.9165600465476407,0.1547416196237353,-0.007306094242943442,-0.09014027545288955,-0.0005366966545454217,-0.13636053220158556,-0.012433959975005768,0.047628620233613354,-0.010336646531300045,0.5767877918729275,0.8168782959275358,0.0025376544457045933,0.0,0.8168430823397207,-0.5767269465689442,-0.011582522877806025,0.0,-0.007998131839868083,0.00875369181004304,-0.9999296989122621,0.0,0.6545104930540758,0.25164848026955744,0.3037877029454815,1.0,-0.017020000000000014,-0.02236914285714288,-0.008510000000000007,0.8520000000000006
0.45972979324459673,0.5071110398481953,-0.12415043847957863,-1.4190192591413369,0.0756460008831747,1.9174078077331982,0.15455169634253593,-0.017667283263628257,-0.09752586851569771,-0.0019413013026080724,-0.1394483629669315,-0.012813909584965968,0.051925189045705755,-0.01408954736187698,0.5768948307632646,0.8168027772276286,0.002514806765052352,0.0,0.8167673114906604,-0.5768340979469576,-0.011590048630031581,0.0,-0.008016311956229205,0.008740419383528306,-0.9999296694326159,0.0,0.6542136506977261,0.2512726486517741,0.3037891987992562,1.0,-0.017360000000000014,-0.022816000000000024,-0.008680000000000007,0.8690000000000007
0.4595213538726099,0.5056385567554043,-0.1241542073538579,-1.421314424544912,0.07551187061860035,1.9182714077069547,0.15436734386593862,-0.013487959536686134,-0.0995736990519941,-0.0017251376242206774,-0.14323573277380028,-0.009248191690670232,0.05967423379559816,-0.01312761306786819,0.5770030922725565,0.8167261382463493,0.0025677839318762608,0.0,0.8166913554356733,-0.576942162783727,-0.011563635253938326,0.0,-0.007963013662509177,0.008769509079448956,-0.9999298406007875,0.0,0.6539226880676219,0.25089294174843446,0.303812927983841,1.0,-0.017700000000000014,-0.023262857142857165,-0.008850000000000007,0.8860000000000007
0.4592976379824236,0.5040042830295366,-0.12415965005632001,-1.423773778330855,0.07535342115851658,1.9192299209930495,0.15416883805431375,-0.016301350955761656,-0.09040151303240544,-0.0041181205903162215,-0.14256131507907163,-0.014145681306006313,0.06041304700965548,-0.007368929536942361,0.5771079077089127,0.8166517973724439,0.002655486660925796,0.0,0.816618234590597,-0.5770467698218658,-0.011507878757429958,0.0,-0.007865741311101515,0.008809976280236012,-0.9999302547835867,0.0,0.6536458578264621,0.2505376943300781,0.30385552870084664,1.0,-0.018020000000000015,-0.023683428571428595,-0.009010000000000008,0.9020000000000007
0.45906804381651717,0.5023330138392748,-0.1241639018130308,-1.4262555060077673,0.07519397022195437,1.9201699930031404,0.15397376748141336,-0.014380782217197385,-0.09771831974457791,0.0007545923114745454,-0.13556909421759036,-0.010036209382950396,0.047655650157617684,-0.00947654473101856,0.5772231361009708,0.8165700091093031,0.002760122135150051,0.0,0.8165378841782536,-0.5771617476282325,-0.011443237200803895,0.0,-0.0077513166269745915,0.008859216119867466,-0.9999307132898207,0.0,0.6533482483025232,0.2501507416743922,0.3039228502673272,1.0,-0.018360000000000015,-0.02413028571428574,-0.009180000000000008,0.9190000000000007
0.45883921159565877,0.5006140271759199,-0.12416492545590165,-1.4288223479533744,0.07502288449685529,1.9210801887454803,0.15377435920092397,-0.017592745543131776,-0.10786785012800904,0.0009105272013807103,-0.1520741502014081,-0.006303691009143042,0.05725661902905432,-0.013831482133220085,0.5773321550793132,0.8164927735628394,0.002807192965551336,0.0,0.8164612960130312,-0.5772706531879715,-0.011414551321118536,0.0,-0.007699536790249428,0.00888212292868773,-0.9999309101260423,0.0,0.653024023440785,0.24975302371513314,0.30397959180381234,1.0,-0.018700000000000015,-0.02457714285714288,-0.009350000000000008,0.9360000000000007
0.45861556786862384,0.4990250616548949,-0.12416501751855254,-1.431255215776234,0.07486783762953497,1.921974251418063,0.15358486022371348,-0.011735496690919339,-0.09798892800864047,4.917296818163354e-06,-0.15436926596992703,-0.017451296988010973,0.05940517716764588,-0.017765832788614627,0.5774389171090877,0.8164171438571927,0.00284449031579676,0.0,0.816386166226992,-0.5773773102119796,-0.01139368890140247,0.0,-0.007659806258428381,0.008901533306986925,-0.9999310426588766,0.0,0.6527000921100694,0.24935394805452257,0.3040077592495232,1.0,-0.019040000000000015,-0.025024000000000025,-0.009520000000000008,0.9530000000000007
0.45836321891084086,0.4973547252598354,-0.12417030724412514,-1.4338975043430433,0.0747082012401839,1.9229521284116644,0.15337680988654015,-0.014321173588231338,-0.0973084230314094,0.00011573097951213757,-0.1539671767820765,-0.015138854268295764,0.05528022067470153,-0.015337496347326772,0.5775729828518266,0.81632229666961,0.002846812411298549,0.0,0.816291298335269,-0.5775112932058803,-0.01140041152769274,0.0,-0.007662491330803989,0.008908569408690559,-0.9999309594255475,0.0,0.652373602657429,0.24893354745890062,0.3039991968451148,1.0,-0.019380000000000015,-0.025470857142857167,-0.009690000000000008,0.9700000000000008
0.45809834475911887,0.4956696270460437,-0.12416180257217951,-1.436591985009613,0.07454041304524392,1.92389652751875,0.1531553590952105,-0.012488998333341593,-0.10250800716386597,0.0005226949244625172,-0.16376247253842707,-0.01634829035951045,0.05739506790238969,-0.013639024614774455,0.5776925241158196,0.8162378900373826,0.00279308954797672,0.0,0.8162060759190074,-0.5776308423914485,-0.011445455528254307,0.0,-0.007728988609407683,0.008891861949313642,-0.9999305963546419,0.0,0.6520498696124074,0.2485283931889731,0.3039725361757863,1.0,-0.019700000000000016,-0.025891428571428596,-0.009850000000000008,0.9860000000000008
0.4578822171235753,0.49441938873617863,-0.12416251191235798,-1.4386804356092964,0.07441114264620974,1.9246221424960894,0.15299505091698032,-0.019854939546681678,-0.09549285217237391,0.0013188108652538927,-0.15891953862407546,-0.004799010530460172,0.04792416836360784,-0.016327222992253542,0.5778086627521343,0.8161560114948212,0.0026946336790390282,0.0,0.816122831411996,-0.5777471713114195,-0.011509864939629633,0.0,-0.007837179366175506,0.00884982212348015,-0.9999301271928779,0.0,0.6517824182124147,0.24818441732222193,0.3039122877892827,1.0,-0.019960000000000016,-0.026233142857142882,-0.009980000000000008,0.9990000000000008
0.45755367003897984,0.4920483780638706,-0.12423490568826127,-1.442387524046084,0.07419119059006529,1.925968212184519,0.15278503067169052,-0.014558569299269911,-0.12436953337070769,-0.007033015096168091,-0.19401863574804015,-0.01195579940245826,0.06788207477406245,-0.0022405451240767532,0.5780837124085942,0.8159612365658759,0.0026886373858550066,0.0,0.8159281350242247,-0.5780223819791162,-0.011495708255155387,0.0,-0.007826110413904075,0.008839386778490263,-0.9999303061899713,0.0,0.6513231727337808,0.24757552450451165,0.3039170602512049,1.0,-0.02623371428571398,-0.034478595918366946,-0.03805660405028427,1.019999999999999
