position_joint1,position_joint2,position_joint3,position_joint4,position_joint5,position_joint6,position_joint7,velocity_joint1,velocity_joint2,velocity_joint3,velocity_joint4,velocity_joint5,velocity_joint6,velocity_joint7,ee_T_00,ee_T_10,ee_T_20,ee_T_30,ee_T_01,ee_T_11,ee_T_21,ee_T_31,ee_T_02,ee_T_12,ee_T_22,ee_T_32,ee_T_03,ee_T_13,ee_T_23,ee_T_33,v_x,v_y,time
0.465075133823,0.547677355497,-0.123960485167,-1.35573823202,0.0794910810635,1.89409238617,0.159175488234,-0.000344415622817,-0.000911170019001,-0.0002999919426,-0.000667348344661,-0.000130907763676,0.000138789026044,0.00181542932193,0.573790538663,0.818987617447,0.00210881730091,0.0,0.818946570754,-0.573731359014,-0.011814771925,0.0,-0.00846642029837,0.00850637681805,-0.999927978047,0.0,0.661693628818,0.260918309427,0.303331388307,1.0,0.0,0.0,0.0
0.465070172043,0.547673172424,-0.123957978538,-1.35573900309,0.0794949067062,1.89409233673,0.159171794832,0.000282444105224,-0.00159969567656,0.00334343142734,-0.000134364981523,-4.45333463699e-05,9.10356992283e-06,-8.52619672662e-05,0.573790873475,0.818987367967,0.00211459883092,0.0,0.818946348816,-0.573731623072,-0.0118173325478,0.0,-0.0084651968416,0.00851258445019,-0.999927935578,0.0,0.661694057166,0.260917057591,0.303333904556,1.0,-0.0002,-0.000262857142857,0.011
0.465062046026,0.547669314759,-0.123963068804,-1.35573489335,0.0794949812069,1.89409554872,0.159167694941,-0.000700364667271,-0.00220751471612,-0.00103021775373,-0.00265115336507,-0.000175539612336,-0.000126973481618,-0.00122350493997,0.573797537187,0.818982678016,0.00212281142079,0.0,0.818941799612,-0.573738287772,-0.0118090175067,0.0,-0.00845360535064,0.00851460809971,-0.999928016412,0.0,0.661699027987,0.260909505545,0.303339041384,1.0,-0.00054,-0.000709714285714,0.028
0.465062848711,0.547645282919,-0.123961174837,-1.35576580192,0.0794913623469,1.89410016792,0.159169836618,-0.00113930895337,-0.00195369812425,0.00043765786165,-0.00787854208573,0.000233852543991,-0.000547097691546,-0.0038451120013,0.573798028875,0.818982338988,0.00212070412069,0.0,0.81894143079,-0.573738785281,-0.011810423426,0.0,-0.00845596079917,0.00851369406389,-0.999928004278,0.0,0.661693057533,0.260907506154,0.303341685966,1.0,-0.00088,-0.00115657142857,0.045
0.465062685159,0.547545226748,-0.123958390782,-1.35587169087,0.0794925224346,1.89412526498,0.159175235125,-0.000520463671234,-0.0120526265021,0.00125406155054,-0.00663377923264,0.000643716316955,0.00535404345402,0.00111828726212,0.573806720375,0.81897619092,0.00214318889804,0.0,0.818935477592,-0.573747288991,-0.0118101150688,0.0,-0.00844271678181,0.00853202108652,-0.99992795998,0.0,0.661675772091,0.260899649497,0.303364255783,1.0,-0.00122,-0.00160342857143,0.062
0.465062002665,0.547424148286,-0.123963275437,-1.35605469049,0.07948845765,1.89415864857,0.159168764389,-0.000505284637231,-0.00449449440179,5.43994729563e-05,-0.0113405260865,-0.000214332444969,-0.000329834524803,0.000230628965397,0.573814325285,0.818970915758,0.00212276720024,0.0,0.818929852994,-0.573754888924,-0.0118309007406,0.0,-0.00847137865486,0.00852730193419,-0.999927757823,0.0,0.661645199673,0.260877841558,0.303365974851,1.0,-0.00156,-0.00205028571429,0.079
0.465049230506,0.547263714352,-0.123955911371,-1.35626264083,0.0794856897577,1.89424994313,0.159154300195,-0.00273780111496,-0.0104949607551,0.00139734484584,-0.0103353837892,0.000421579393496,0.0108578855104,-0.00142476367384,0.573818753552,0.818967696694,0.00216719747793,0.0,0.818927108237,-0.573759036781,-0.0118197296349,0.0,-0.00843669004961,0.00855732404499,-0.999927794626,0.0,0.661621764872,0.26085683478,0.303388321106,1.0,-0.0019,-0.00249714285714,0.096
0.465031555725,0.547077914833,-0.123961256851,-1.35649215973,0.0794841490706,1.89437455639,0.159147158255,0.000220764890402,-0.00738237162853,-0.00119168819115,-0.0164973785126,0.000402200156256,0.00899246506293,0.00100104747064,0.573843753528,0.818949981966,0.00224064184381,0.0,0.818910323005,-0.573783722474,-0.0117842947079,0.0,-0.00836526517791,0.00859739417039,-0.999928050988,0.0,0.661604822975,0.260825468726,0.303421680472,1.0,-0.00224,-0.002944,0.113
0.464995643829,0.546856399246,-0.123953730492,-1.35677571897,0.0794807782148,1.89450866615,0.159120951277,-0.00202960943393,-0.0171270625287,0.00139286460942,-0.0167822986547,-7.42407364388e-05,0.00982989835417,-0.00407874888593,0.573861539382,0.818937323154,0.00231111754431,0.0,0.818898465005,-0.573801118579,-0.0117612598153,0.0,-0.00830577270987,0.00864207165885,-0.999928161788,0.0,0.661580214181,0.260783887174,0.303455002134,1.0,-0.0026,-0.00341714285714,0.131
0.464971517902,0.546644605353,-0.123958260243,-1.3570899888,0.0794731416315,1.89462155686,0.159097828547,-0.00331919505934,-0.00884238913549,0.000567875799073,-0.0248380617098,-0.000591189155265,0.00400243166863,-0.00627636422303,0.573881048475,0.818923612167,0.00232519641943,0.0,0.81888485609,-0.573820487839,-0.0117638048409,0.0,-0.00829957200191,0.00865525943204,-0.99992809921,0.0,0.661543986709,0.260737210345,0.303465354842,1.0,-0.0029,-0.00381142857143,0.146
0.464931341343,0.546373330273,-0.123956620331,-1.35748851002,0.0794610520106,1.89476564407,0.158966340004,-0.00336157276348,-0.0123168515328,0.000565323536054,-0.0255604528195,0.00017222515946,0.0132898808015,-0.0136631150272,0.573824164069,0.81896340766,0.00234788110489,0.0,0.818924821614,-0.573763394641,-0.0117664954897,0.0,-0.00828936060538,0.00867480457026,-0.999928014542,0.0,0.661499217318,0.260675665234,0.303480214528,1.0,-0.00324,-0.00425828571429,0.163
0.464885643499,0.54610313694,-0.123956565401,-1.35792775112,0.0794504824118,1.89492207188,0.158934171615,-0.0102715817691,-0.0160235834813,0.00136808361922,-0.0296936791113,-0.000254862449626,0.0139214211074,-0.000246128730778,0.573856953869,0.818940439002,0.00234537102348,0.0,0.818901670816,-0.573796033445,-0.0117861121308,0.0,-0.00830651917854,0.00868433785557,-0.9999277894,0.0,0.661449222344,0.260605785248,0.303476036493,1.0,-0.00356,-0.00467885714286,0.179
0.464826073177,0.545763466309,-0.123958129115,-1.35848907342,0.0794194545419,1.89511816423,0.158882761863,-0.0052444699907,-0.0137523465072,-0.00120678030054,-0.0373157571211,-0.00343602652436,0.00346757000953,0.000789900154065,0.573887841451,0.81891885466,0.00232418111318,0.0,0.818879773869,-0.573826959182,-0.0118018543517,0.0,-0.00833124367007,0.00867633266971,-0.999927653198,0.0,0.661386034187,0.260511593884,0.30346638528,1.0,-0.00392,-0.005152,0.197
0.46476359226,0.545436435278,-0.123959100279,-1.35905781201,0.0793262770521,1.89530550608,0.158777642134,-0.0043318716981,-0.0217286424477,0.000533872762971,-0.0415917593133,-0.0113303421471,0.0215875946008,-0.0106430949347,0.573860549438,0.818938200341,0.00224515512553,0.0,0.818898572883,-0.573800471038,-0.0117853157775,0.0,-0.00836333524481,0.00860184772779,-0.99992802883,0.0,0.661323106037,0.260404116835,0.303443335357,1.0,-0.00424,-0.00557257142857,0.213
0.464702041044,0.545036350165,-0.123964774909,-1.3597407987,0.0792954433569,1.89552430972,0.158718449876,-0.00182783547265,-0.0257201202536,0.000485485332675,-0.0388954477227,-0.000119022551058,0.0136203291913,0.000405856968516,0.573896233383,0.818913331192,0.00219458566944,0.0,0.818872930375,-0.573836228232,-0.0118259869988,0.0,-0.00842528785763,0.00858414146407,-0.999927660903,0.0,0.661239404463,0.260294165991,0.303420598987,1.0,-0.00458,-0.00601942857143,0.23
0.464631859552,0.544604073566,-0.123970069993,-1.36044732649,0.0792774722453,1.89576850172,0.158635232114,-0.00480610812139,-0.0259489390396,-0.00197022243748,-0.0425277962048,-0.001599237075,0.0157958835437,-0.00691442144325,0.573923832029,0.818894025551,0.00218101961266,0.0,0.81885322486,-0.57386364974,-0.011859786883,0.0,-0.00846046363783,0.00859271471461,-0.999927290261,0.0,0.661157561163,0.260180171365,0.303411623117,1.0,-0.00492,-0.00646628571429,0.247
0.464574194204,0.544153026202,-0.123973929306,-1.36120054536,0.0792490093618,1.89603661207,0.158523083383,-0.00547833771968,-0.0280773052935,2.10261420253e-05,-0.0412894349881,-0.00519745539001,0.0142101264878,-0.00232475254281,0.573916336877,0.818899334657,0.00215982985816,0.0,0.818858099025,-0.57385607893,-0.0118895431728,0.0,-0.00849707109497,0.00859236266636,-0.999926982878,0.0,0.661067154197,0.260069915758,0.303395677885,1.0,-0.00526,-0.00691314285714,0.264
0.464504415959,0.54365574344,-0.123974044847,-1.36201783944,0.0792036431364,1.89632580189,0.158436537548,-0.00231017846429,-0.0235292811177,6.11713806419e-05,-0.0498072743292,-0.00164931314952,0.0164495605676,-0.0075602201986,0.573936106602,0.818885544132,0.00213495963195,0.0,0.818843922742,-0.573875884198,-0.0119099381276,0.0,-0.00852783850497,0.00858390750554,-0.999926793572,0.0,0.660970557787,0.259945522675,0.303383579042,1.0,-0.0056,-0.00736,0.281
0.464433424541,0.543157654689,-0.123977213428,-1.36281263109,0.0791581105518,1.89660526128,0.158326788818,-0.00972200960284,-0.0266753438391,0.00035875898909,-0.0524643164652,-0.00402934016977,0.0213552833128,-0.0137393759637,0.573938626497,0.818883814576,0.00212088209345,0.0,0.818841974613,-0.573878425674,-0.0119214118276,0.0,-0.00854528723895,0.00857899118373,-0.999926686801,0.0,0.660878133357,0.25982056151,0.303381959574,1.0,-0.00592,-0.00778057142857,0.297
0.464366608211,0.542589919637,-0.12398285683,-1.36371444195,0.0791064027929,1.89692004431,0.158209853415,-0.00282028199502,-0.0433898083516,-0.00102844896517,-0.0522209310384,-0.00127402552108,0.0213814498666,-0.00430563644457,0.573937805249,0.818884431907,0.00210470599859,0.0,0.81884234856,-0.573877638,-0.0119336377391,0.0,-0.00856459134832,0.00857275330757,-0.999926575142,0.0,0.660769641555,0.259686540584,0.303381745754,1.0,-0.00626,-0.00822742857143,0.314
0.464286022707,0.541995902449,-0.12397746328,-1.36464618572,0.0790589621226,1.8972651496,0.158069377093,-0.0063811510436,-0.0371017618625,0.000486804652326,-0.0577025569666,-8.9813835543e-05,0.0252086363764,-0.0126016793554,0.573924115461,0.818893995092,0.00211693052008,0.0,0.818851954725,-0.573863783216,-0.0119407477741,0.0,-0.00856354176678,0.00858670111919,-0.999926464454,0.0,0.660661657499,0.259549365856,0.303388076462,1.0,-0.0066,-0.00867428571429,0.331
0.464212884562,0.541361149764,-0.123980757384,-1.36561411272,0.0789948158581,1.89761452621,0.157948735803,-0.00356394128165,-0.0417930616653,0.000372076524561,-0.0570207936707,-0.00666222161181,0.0251712379938,-0.00421298928395,0.573924042313,0.818894019997,0.00212710375602,0.0,0.81885216127,-0.573863717655,-0.0119297293983,0.0,-0.00854868098374,0.00858870738704,-0.999926574384,0.0,0.660548087632,0.259405913669,0.30340652873,1.0,-0.00694,-0.00912114285714,0.348
0.464122179708,0.540687234921,-0.123983204981,-1.36664892902,0.0789382544209,1.89800417183,0.157813781127,-0.00415174970243,-0.0400390076074,-0.00142719192643,-0.0613822370408,-0.00276406484332,0.0261736378108,-0.00706372980964,0.573931826901,0.818888494113,0.00215387599314,0.0,0.818846945403,-0.573871353119,-0.0119204435459,0.0,-0.00852563047866,0.00860538239983,-0.999926627818,0.0,0.66043191273,0.259247888208,0.303424221011,1.0,-0.00728,-0.009568,0.365
0.464031836679,0.540009434158,-0.123983242455,-1.36768216426,0.0788754057681,1.8983867749,0.157684236326,-0.00437210194863,-0.0426324542128,-9.41080324264e-05,-0.0612212686353,-0.00480075850153,0.0216845306794,-0.00772473600912,0.573940152663,0.818882598363,0.00217673153501,0.0,0.818841345732,-0.573879583627,-0.0119088588027,0.0,-0.00850293916084,0.00861753593296,-0.999926716365,0.0,0.6603143155,0.259090254461,0.303444606198,1.0,-0.0076,-0.00998857142857,0.381
0.463927685082,0.539273860848,-0.123986843116,-1.36883197836,0.0788068559381,1.89882811395,0.157542150597,-0.0092758926408,-0.0399839412331,-0.00079881131208,-0.0650449934564,-0.00356092421996,0.0195725869783,-0.0104315807731,0.573957002133,0.818870731275,0.00219819565315,0.0,0.818829780861,-0.573896367682,-0.0118952106897,0.0,-0.00847926662748,0.00862745363736,-0.999926831864,0.0,0.660187516324,0.258911428117,0.30345543304,1.0,-0.00794,-0.0104354285714,0.398
0.46382269665,0.538522551202,-0.123989994421,-1.3700011432,0.07874110449,1.89928129504,0.157406022199,-0.00849904988829,-0.048390232615,0.000168503460703,-0.0704953332955,-0.00471324660396,0.0256016642137,-0.00894960565256,0.573980853298,0.81885393053,0.00222876732703,0.0,0.818813370775,-0.573920086293,-0.0118804583268,0.0,-0.00844938833769,0.00864426652465,-0.999926939578,0.0,0.660058740024,0.258731486769,0.303469062834,1.0,-0.00828,-0.0108822857143,0.415
0.463703969308,0.537747851081,-0.123997770529,-1.37123384804,0.0786699029133,1.89975535619,0.157248087443,-0.00628454003975,-0.0424782014382,-0.00147586050448,-0.0699797591314,-0.0022339137606,0.0239824321862,-0.00248431001473,0.574003312675,0.81883815449,0.00224068986835,0.0,0.818797771227,-0.573942517374,-0.0118719621589,0.0,-0.00843535080734,0.00864938400484,-0.999927013843,0.0,0.659924694917,0.258533106702,0.303470802447,1.0,-0.00862,-0.0113291428571,0.432
0.463594496308,0.536975834789,-0.124002714764,-1.37243929209,0.0785943517657,1.9002038162,0.157092516322,-0.00687049177661,-0.0473500291161,0.000507077280186,-0.0788079848715,-0.000441604984925,0.0252285891548,-0.0182423562111,0.574015224734,0.818829777865,0.00225023467446,0.0,0.81878955894,-0.573954431411,-0.0118623663452,0.0,-0.00842188878371,0.00865181411435,-0.999927106294,0.0,0.65978872132,0.258343258463,0.303481158281,1.0,-0.00894,-0.0117497142857,0.448
0.463469752191,0.536126493903,-0.124008835288,-1.37376318357,0.0785316216076,1.90070611977,0.156926570437,-0.0092396029933,-0.0508037911259,0.000474777262161,-0.0792198642727,0.000100990709663,0.0329453348372,-0.0155849308452,0.574041919339,0.818810978968,0.0022808910508,0.0,0.818771042136,-0.573980881748,-0.0118606428148,0.0,-0.0084025984739,0.00867620075239,-0.999927057279,0.0,0.659641282709,0.258135340158,0.303494322152,1.0,-0.00928,-0.0121965714286,0.465
0.46335447675,0.53523662471,-0.124012308153,-1.37516957869,0.0784449927006,1.90120933291,0.156761497364,-0.0127469753853,-0.0524936241371,0.000388331255797,-0.0852243109958,-0.00281320637658,0.0327282735424,-0.0147872908783,0.574057504192,0.818800089755,0.00226755344638,0.0,0.818759970548,-0.573996508023,-0.0118687112272,0.0,-0.0084166961056,0.00867007166378,-0.999926991877,0.0,0.659473884479,0.257922173387,0.303496605395,1.0,-0.00962,-0.0126434285714,0.482
0.463235512958,0.534338702893,-0.124022639084,-1.37661492394,0.07836387116,1.9017382207,0.156588143245,-0.00486748392021,-0.0567022365545,-0.00134615337486,-0.0840539717717,-0.00205483969014,0.0337603404558,-0.00705487322606,0.574077757249,0.818785934214,0.00225154766222,0.0,0.818745573548,-0.574016787733,-0.0118810815086,0.0,-0.00843579868125,0.00866427612239,-0.999926881137,0.0,0.659304632701,0.257700716748,0.303488326157,1.0,-0.00996,-0.0130902857143,0.499
0.463109736108,0.533420884312,-0.12402191985,-1.37808655928,0.0782816045555,1.90228290276,0.156402429977,-0.0104718847074,-0.0559105862544,-0.000764873466073,-0.0866609886915,-0.011621609954,0.03619264396,-0.0136058977011,0.574086713288,0.818779668842,0.00224642363889,0.0,0.818739158051,-0.574025677386,-0.0118936822179,0.0,-0.00844896300542,0.00866740680656,-0.999926742858,0.0,0.659131866865,0.257479231297,0.303482394836,1.0,-0.0103,-0.0135371428571,0.516
0.462989309189,0.532531876425,-0.124019073904,-1.37951700858,0.0781944730659,1.9028203757,0.15622715188,-0.000905999427595,-0.0564565652748,0.00109697074938,-0.0853394627304,-0.00553597377287,0.0305617556627,-0.00902821299886,0.57409466523,0.818774106196,0.00224171354064,0.0,0.818733516703,-0.574033629295,-0.0118982337468,0.0,-0.00845530953269,0.00866624538235,-0.999926699279,0.0,0.658964530987,0.257265765951,0.303474864507,1.0,-0.01062,-0.0139577142857,0.532
0.46286671495,0.53155212467,-0.124016844443,-1.38108886533,0.078110034432,1.90339223343,0.156008473132,-0.00353016346367,-0.0602690847483,0.000570739217451,-0.0943512932786,-0.00462722970282,0.0306536296842,-0.0221724978141,0.574077484456,0.818786183729,0.00223026367907,0.0,0.818745299566,-0.574016347611,-0.0119211582964,0.0,-0.00848083517822,0.00866985339216,-0.999926451834,0.0,0.658773650951,0.257037710285,0.303466823702,1.0,-0.01096,-0.0144045714286,0.549
0.462724160297,0.530553789988,-0.124019113009,-1.38272954174,0.0780066082663,1.90396217098,0.155811999705,-0.00888030749438,-0.061159882269,0.00207294262646,-0.0927337355813,-0.00579610130649,0.0347582498241,-0.0124454729318,0.574096275025,0.818773183247,0.00216524804518,0.0,0.818731416021,-0.574035363772,-0.0119589489917,0.0,-0.00854890237778,0.00863851098549,-0.999926143471,0.0,0.658573568676,0.256782814579,0.303438867349,1.0,-0.0113,-0.0148514285714,0.566
0.462592995891,0.529511319149,-0.124025429129,-1.38437448844,0.0779026097926,1.90457098735,0.15558287817,-0.00928271406549,-0.0624058962031,-0.000886928126469,-0.0946819109478,-0.00231000783734,0.0430941718743,-0.00810914250228,0.574081922992,0.818783243998,0.00216608926453,0.0,0.81874153357,-0.574021056419,-0.0119530287441,0.0,-0.00854372329591,0.00863565123631,-0.999926212438,0.0,0.658378982457,0.25653569907,0.303443226935,1.0,-0.01164,-0.0152982857143,0.583
0.462453913286,0.52842236109,-0.124020865786,-1.38606184679,0.0777969698746,1.90520589861,0.15534764923,-0.00560789170147,-0.066139884294,0.00130337067032,-0.102475677795,-0.0105744049255,0.0324320725938,-0.0237438509965,0.574063064532,0.818796386809,0.00219585745213,0.0,0.818755066748,-0.574002081302,-0.0119372625392,0.0,-0.00851392460712,0.00865077748441,-0.999926335855,0.0,0.658180075979,0.256286801684,0.303461786051,1.0,-0.01198,-0.0157451428571,0.6
0.462310500954,0.527314282988,-0.124022999953,-1.38778206799,0.0776908847126,1.90586936086,0.155105764964,-0.00840736967528,-0.0710266697962,0.00206602929352,-0.102594843501,-0.0154249196234,0.0324150556553,-0.0101273250282,0.57404860233,0.818806415457,0.00223675468578,0.0,0.818765672041,-0.57398750053,-0.0119109371508,0.0,-0.00846904557718,0.00866900168251,-0.999926559142,0.0,0.657981839807,0.256029392913,0.303480592842,1.0,-0.01232,-0.016192,0.617
0.462162759265,0.52614698703,-0.124023011623,-1.3895761049,0.077577262268,1.90654739742,0.154858547612,-0.0119806885184,-0.0700668031298,0.000503874135,-0.104278366193,-0.00626588177477,0.0357245939196,-0.0191394888113,0.574033423019,0.818816945428,0.00227728759994,0.0,0.81877677262,-0.573972205604,-0.0118848943613,0.0,-0.00842461531105,0.00868708403711,-0.999926777533,0.0,0.657771272666,0.255762199464,0.303506828891,1.0,-0.01266,-0.0166388571429,0.634
0.462023424274,0.525050093361,-0.124033878845,-1.39130342832,0.0774600193917,1.90716760231,0.154633531279,-0.01231364217,-0.0720209181623,-0.000889316445469,-0.109151149455,-0.00469839964257,0.0349605316722,-0.0108638334165,0.574032210111,0.818817845876,0.00225918823353,0.0,0.818777546451,-0.573971176765,-0.0118812698274,0.0,-0.00843204918048,0.00867017110442,-0.999926861665,0.0,0.657562932279,0.255496764964,0.303510335137,1.0,-0.01298,-0.0170594285714,0.65
0.461816610088,0.523516324111,-0.124038981449,-1.39375420459,0.0773130855052,1.90804949654,0.154303129586,-0.00478016254053,-0.0725612977847,0.00168033408635,-0.115917587634,-0.0112893547128,0.0440733292969,-0.019402212156,0.574026559176,0.818821891072,0.00222866854726,0.0,0.818781124095,-0.573965576205,-0.0119052533817,0.0,-0.0084692661204,0.00865889008363,-0.999926644886,0.0,0.657265151141,0.255123173937,0.303498894371,1.0,-0.01342,-0.0176377142857,0.672
0.461670341357,0.522451915321,-0.124047463501,-1.39546287939,0.0772159145995,1.90871441296,0.154054733229,-0.011589618864,-0.0750171611519,0.000201639011332,-0.112618747367,-0.00973726521144,0.0440702676321,-0.0234592630171,0.574014596401,0.818830231406,0.00224547421728,0.0,0.818789681338,-0.573953545763,-0.0118967197851,0.0,-0.00845275866748,0.00866762880348,-0.999926708855,0.0,0.657068160161,0.25486265092,0.303491664365,1.0,-0.01372,-0.018032,0.687
0.461473927766,0.520999211393,-0.124057801407,-1.39781731027,0.0770700494088,1.90962153184,0.153755481891,-0.005825111717,-0.0731505459773,-0.00208500189694,-0.11272975325,-0.00944631622309,0.0431345585633,-0.0160386084686,0.574024503518,0.818823295044,0.00224226570982,0.0,0.81878278564,-0.573963548941,-0.0118887058795,0.0,-0.00844793318644,0.0086605037955,-0.999926811371,0.0,0.656792740255,0.254505165882,0.303470629181,1.0,-0.01412,-0.0185577142857,0.707
0.461365591753,0.520161706114,-0.124056939182,-1.39914206752,0.0769801778965,1.91009003017,0.153565962063,-0.00819191282512,-0.0760137062455,-0.0040184230821,-0.12237831839,-0.00642972603254,0.0402010197842,-0.018396131388,0.574003579701,0.818838018569,0.0022218769672,0.0,0.818797266574,-0.573942732502,-0.0118963422657,0.0,-0.00846611019006,0.0086479763336,-0.99992676606,0.0,0.656627852933,0.254305581932,0.303468823284,1.0,-0.01434,-0.0188468571429,0.718
0.46117040383,0.518656510334,-0.124060005034,-1.40147573539,0.0768360411043,1.91092775398,0.153255838308,-0.00736438315434,-0.0786743290661,0.000298586857406,-0.125873174335,-0.000577111116611,0.046438010072,-0.017956213689,0.573996604366,0.81884288955,0.00222874649177,0.0,0.818802189411,-0.573935692156,-0.0118971755401,0.0,-0.00846292337388,0.00865400748515,-0.999926740858,0.0,0.656341298809,0.253952022032,0.303487438316,1.0,-0.01472,-0.0193462857143,0.737
0.461037106781,0.517620049032,-0.124060617994,-1.40309053672,0.0767350224836,1.91151098984,0.153036911102,-0.00586924789567,-0.0803584069897,0.000645333618039,-0.129189745636,-0.00511424948291,0.0452368587226,-0.014275511959,0.573973988275,0.818858735311,0.00223143204331,0.0,0.818818045533,-0.573913043006,-0.0118984989781,0.0,-0.00846270480437,0.00865673240632,-0.999926719121,0.0,0.656126231212,0.253694015882,0.30349593296,1.0,-0.015,-0.0197142857143,0.751
0.460822634149,0.516031773997,-0.124063871264,-1.40560521019,0.0765722044992,1.91244437427,0.15267956466,-0.00803103743106,-0.0770264526616,0.000704293792215,-0.128418737488,-0.00368075336132,0.0401685115335,-0.0165860726312,0.573959473699,0.818868911543,0.00223050690023,0.0,0.818828273934,-0.573898599639,-0.0118912589469,0.0,-0.00845746031647,0.00865166941332,-0.999926807312,0.0,0.655838471073,0.253326283684,0.303494907831,1.0,-0.01538,-0.0202137142857,0.77
0.460674665306,0.514904457017,-0.124069554761,-1.40740879498,0.0764604844431,1.91312598538,0.152438828839,-0.00992683350643,-0.0764889286822,0.00423519191885,-0.129765714604,-0.00637072894357,0.0452559886889,-0.0171191949337,0.57395261676,0.818873716398,0.00223096558555,0.0,0.818833113564,-0.573891771199,-0.0118875557721,0.0,-0.00845423695287,0.00864984877535,-0.999926850321,0.0,0.655620990678,0.253054890095,0.303486147826,1.0,-0.01566,-0.0205817142857,0.784
0.460458440181,0.513334138017,-0.124070188422,-1.40994473642,0.0763081564014,1.914007222,0.152086393465,-0.0111850700658,-0.0829805172345,-0.00200364022736,-0.131597394099,-0.0110854648758,0.0467048750279,-0.0230328110163,0.573929821179,0.818889906788,0.00215123774546,0.0,0.818848145394,-0.573869178529,-0.0119426806024,0.0,-0.00854537609249,0.00861596346473,-0.99992636815,0.0,0.655282595117,0.252642591462,0.303451269098,1.0,-0.01606,-0.0211074285714,0.804
0.46028846297,0.512077671684,-0.124078357894,-1.41196167464,0.0761901217487,1.91471733488,0.151806288274,-0.0123914044016,-0.0838042878203,0.000459933798586,-0.128674840143,-0.00899923050249,0.0469834644501,-0.0168343302366,0.57392278006,0.818894924283,0.00211953120266,0.0,0.818852608579,-0.573862127259,-0.0119754424229,0.0,-0.0085904757247,0.00860872860676,-0.999926044025,0.0,0.655044445381,0.252357900591,0.303438125959,1.0,-0.01634,-0.0214754285714,0.818
0.460062556924,0.510445067606,-0.124081937403,-1.41455359397,0.0760276097796,1.91571315215,0.15143644264,-0.0134019621424,-0.0867027090497,-0.000282787827222,-0.140553968633,-0.00864775786915,0.0526483003043,-0.0223191650924,0.573899236469,0.818911358423,0.00214483733553,0.0,0.818869430236,-0.573838539925,-0.0119554683389,0.0,-0.00855984329652,0.00861774179646,-0.999926229083,0.0,0.654734878708,0.251963036754,0.303434034831,1.0,-0.01672,-0.0219748571429,0.837
0.459907266612,0.509235484287,-0.124085906593,-1.41648574359,0.0759094097821,1.91643125458,0.15117238898,-0.00772199026028,-0.0872338733792,0.000409691662848,-0.140605802418,-0.0147383124804,0.0528093080617,-0.0239054247823,0.573881774452,0.818923611232,0.00213888292595,0.0,0.818881588873,-0.573821087968,-0.0119603223255,0.0,-0.00856741917204,0.00861546872245,-0.999926183789,0.0,0.654495143205,0.251675325873,0.303423338123,1.0,-0.017,-0.0223428571429,0.851
0.459658124645,0.507448202544,-0.124089369018,-1.41930473431,0.0757285161157,1.91742822935,0.150778504526,-0.0145699128139,-0.0876159149371,-0.000556194253984,-0.144984936786,-0.0102908906524,0.0472240158611,-0.0161227388012,0.573862785377,0.818937005364,0.00210516194929,0.0,0.818894509751,-0.573802207351,-0.0119814706665,0.0,-0.00860428879333,0.00859979126461,-0.999926002164,0.0,0.654140263812,0.251237818125,0.303418349142,1.0,-0.0174,-0.0228685714286,0.871
0.459474169749,0.506149690497,-0.124094624516,-1.42129836181,0.0755975992382,1.91817373711,0.150510482057,-0.0129984744288,-0.0934007384354,0.000276050317214,-0.139622730395,-0.00579205266221,0.049189757574,-0.0117017150896,0.573865359736,0.818935106396,0.00214180047281,0.0,0.818893173909,-0.573804715455,-0.011952620962,0.0,-0.00855961050741,0.00861326674729,-0.999926269634,0.0,0.653900200986,0.250924430569,0.303442053374,1.0,-0.01768,-0.0232365714286,0.885
0.459230307287,0.504332686923,-0.124098549587,-1.42406108262,0.0754234732438,1.91923830489,0.150119537996,-0.00455542274678,-0.0993599154621,0.000960922203905,-0.145212508427,-0.00431533118828,0.0610660835784,-0.0230330159856,0.573843240269,0.818950347688,0.00223841936681,0.0,0.818909758215,-0.573782293087,-0.0118926423628,0.0,-0.00845528099111,0.00865774257964,-0.999926773177,0.0,0.653569219834,0.250502916554,0.303489139086,1.0,-0.01806,-0.023736,0.904
0.459031087669,0.502957700668,-0.12410679117,-1.42610434032,0.0752959564477,1.92001742799,0.149835353066,-0.0141606976495,-0.100259640305,-0.00135448184927,-0.147569479734,-0.00559331360447,0.0636574335654,-0.02180304953,0.573842101898,0.818950850847,0.00234369096487,0.0,0.818911699573,-0.573780812422,-0.0118302366509,0.0,-0.00834377810866,0.00870813147553,-0.999927272262,0.0,0.653311061443,0.250159598581,0.303552090593,1.0,-0.01836,-0.0241302857143,0.919
0.458805991138,0.501262501795,-0.12411007909,-1.42864791974,0.0751296918462,1.92093108802,0.149473439723,-0.0120165010102,-0.107010670803,0.000243459118526,-0.149188880254,-0.00806815887901,0.0522273324292,-0.0157627468277,0.573827398152,0.818960999752,0.0023968553123,0.0,0.818922571738,-0.573765940684,-0.0117988860063,0.0,-0.00828775310164,0.00873353112204,-0.999927516664,0.0,0.652992183148,0.249760125099,0.303609491783,1.0,-0.0187,-0.0245771428571,0.936
0.458563846138,0.499549575063,-0.124105398183,-1.43124260481,0.0749594317715,1.92185632578,0.149114086096,-0.0186511198444,-0.0988975223237,0.00144470608635,-0.156225714754,-0.0173800007079,0.0594069846288,-0.021203627367,0.573811769784,0.818971891683,0.00241669021754,0.0,0.818933707525,-0.573750224515,-0.0117902268674,0.0,-0.00826944705854,0.00874464838631,-0.999927571062,0.0,0.652682322408,0.249377555402,0.303636568854,1.0,-0.01902,-0.0249977142857,0.952
0.458294380966,0.497782409405,-0.124110395976,-1.43405368986,0.0747916770516,1.92288346147,0.148706286799,-0.0195220575369,-0.103823400836,0.0010738415899,-0.159166498564,-0.0142294574615,0.0629661380537,-0.0276425708533,0.573799672548,0.818980405783,0.00240366979537,0.0,0.818941950616,-0.573738070681,-0.0118090928368,0.0,-0.0082924984288,0.00874468799606,-0.999927379814,0.0,0.652332328645,0.248931325289,0.303620074859,1.0,-0.01938,-0.0254708571429,0.97
0.458035517547,0.496108193461,-0.12411388322,-1.43673373024,0.074627563644,1.92382732722,0.148306070676,-0.0128480747151,-0.0970777910074,-0.000859549103266,-0.164377217859,-0.00634075227097,0.0524403952451,-0.0261784786625,0.573777523371,0.81899607434,0.00235176331079,0.0,0.818956816975,-0.573715990426,-0.0118507873179,0.0,-0.00835666496578,0.00872587599269,-0.999927009956,0.0,0.651990415778,0.248502369158,0.303593222953,1.0,-0.01972,-0.0259177142857,0.987
0.457745152736,0.494352400684,-0.124108594481,-1.43962774455,0.0744472427842,1.92483072463,0.147897815166,-0.0186016926163,-0.095044614315,0.000852782369772,-0.161441557985,-0.0149092495772,0.0595721050361,-0.0209204762522,0.573774052738,0.81899882587,0.00223752745316,0.0,0.818957889621,-0.573712774938,-0.0119320493306,0.0,-0.00848879974356,0.00867890815878,-0.999926305701,0.0,0.651616058478,0.248035359201,0.303525692152,1.0,-0.0206405714286,-0.0271276081633,1.005
0.457479054185,0.49260757337,-0.124129377255,-1.44238347866,0.0742779519169,1.92585776033,0.147512114748,-0.0175626185463,-0.112534483211,0.00136652289435,-0.176086540428,-0.00969093392182,0.0732804280747,-0.0224789037563,0.573783804309,0.81899197156,0.00224573687717,0.0,0.818951183166,-0.573722534015,-0.0119231059888,0.0,-0.00847666143099,0.00868060111454,-0.999926393979,0.0,0.651277572574,0.247588501647,0.303518361449,1.0,-0.0232828571429,-0.0306003265306,1.021
0.457187887344,0.490659923278,-0.124154481191,-1.44548726043,0.0740871828363,1.92697819226,0.147064571243,-0.0259124011154,-0.128409774963,-0.000410944606287,-0.202770641211,-0.00881842454708,0.0732856377424,-0.0328883485098,0.573777391579,0.818996560676,0.00221029768094,0.0,0.81895529858,-0.573716253305,-0.0119426346643,0.0,-0.00851305691398,0.00866271554761,-0.99992623989,0.0,0.65088527052,0.247087304591,0.303494002447,1.0,-0.0259251428571,-0.034073044898,1.037
0.456826863192,0.488377763069,-0.124165256554,-1.44915314565,0.0738695377147,1.92828470195,0.146537904035,-0.0222682825241,-0.14126362139,0.000455858352905,-0.216460295059,-0.0217411223959,0.075966736601,-0.0280500905455,0.573773071183,0.818999754038,0.00214768985265,0.0,0.818957471656,-0.57371198493,-0.0119985360753,0.0,-0.00859480816279,0.00864346995883,-0.99992570709,0.0,0.650415485839,0.246495373025,0.303449470784,1.0,-0.0287325714286,-0.0377628081633,1.054
0.4563900039,0.485624917082,-0.124189890155,-1.45336171157,0.0736036836244,1.9299181433,0.145915501026,-0.0268008380018,-0.158647970801,-0.000211675811333,-0.240454075049,-0.0208539522265,0.0947980983631,-0.0316895615116,0.573775572262,0.818997621346,0.00228818823212,0.0,0.818957375868,-0.57371412281,-0.0119024661722,0.0,-0.00843548798806,0.00870344053756,-0.999926543635,0.0,0.649912613178,0.245802357008,0.303500721027,1.0,-0.0317051428571,-0.0416696163265,1.072
0.45589022484,0.482628931538,-0.124232946223,-1.45798788294,0.0733199503993,1.93153361881,0.145196759834,-0.0249623479221,-0.171574529463,-0.00772035599128,-0.270243405705,-0.0122303848702,0.0907652094514,-0.0405645115588,0.573777480797,0.818996324603,0.00227370119125,0.0,0.818955811542,-0.573716007672,-0.0119192358846,0.0,-0.00845751444481,0.00870121746855,-0.999926376922,0.0,0.649327244235,0.245008082255,0.303519140946,1.0,-0.0346777142857,-0.0455764244898,1.09
0.45546092859,0.479924157969,-0.124279220444,-1.46221704499,0.073054438926,1.93304032972,0.144577753239,-0.0306085316274,-0.181937970613,-0.00674039369746,-0.283553008993,-0.0192278672416,0.10562473187,-0.0412394945486,0.573789983834,0.818987631817,0.00224950765431,0.0,0.818946846896,-0.573728650812,-0.0119266130131,0.0,-0.00847730477006,0.00868576551643,-0.999926343678,0.0,0.648788953774,0.244296794821,0.303513408638,1.0,-0.0371548571429,-0.0488320979592,1.105
0.454913229567,0.476626111189,-0.124312009558,-1.46723612056,0.0727532380848,1.93487975231,0.143859833934,-0.0326455205496,-0.195325996929,-0.00349068223716,-0.297230585389,-0.0136701676584,0.114078699699,-0.0424816287157,0.573836392971,0.818954827662,0.00235186133349,0.0,0.818915311122,-0.573774580344,-0.0118823845268,0.0,-0.0083818592995,0.00874468829474,-0.999926634739,0.0,0.648162295757,0.243448065565,0.303568913064,1.0,-0.0399622857143,-0.0525218612245,1.122
0.454314491706,0.47312703343,-0.124339283515,-1.47263423581,0.0724291242007,1.936845917,0.143064599989,-0.0386820689377,-0.211771700804,-0.00178884430466,-0.320134525408,-0.0198925798426,0.117519632603,-0.0416070078291,0.573867496463,0.818932856346,0.00241250937246,0.0,0.818893983945,-0.573805290895,-0.0118692080971,0.0,-0.00833593433985,0.00878711132612,-0.999926646746,0.0,0.647480168149,0.242532917881,0.303591396946,1.0,-0.0427697142857,-0.0562116244898,1.139
0.453681044414,0.469369244443,-0.124358810472,-1.47834155082,0.0720761174554,1.93890196871,0.142183724178,-0.040879990757,-0.227809757475,-0.0021551548269,-0.333092471941,-0.0166399327481,0.131172447966,-0.0598140036655,0.57385548456,0.818940990735,0.00250667816563,0.0,0.818903210766,-0.573792777925,-0.0118374954707,0.0,-0.00825605539523,0.00884590880867,-0.999926791044,0.0,0.646748861078,0.241569036628,0.303649831968,1.0,-0.0455771428571,-0.0599013877551,1.156
0.4530646456,0.465628681548,-0.124365894203,-1.48397260502,0.0717030545874,1.94099242496,0.141266435602,-0.0407126737499,-0.235299166579,-0.000422403738702,-0.361130384025,-0.0174798143355,0.129293685781,-0.0587562674312,0.5737787885,0.818994219522,0.00266780029495,0.0,0.81895866072,-0.573715634014,-0.011740111606,0.0,-0.00808468045935,0.00892121693182,-0.999927522289,0.0,0.646031437735,0.240632152041,0.303731828532,1.0,-0.0482194285714,-0.0633741061224,1.172
0.452310681049,0.461233057951,-0.124369486312,-1.49083033197,0.0712508948968,1.94333584543,0.140251156449,-0.0435513893675,-0.243177664686,0.000722802842523,-0.388798846636,-0.0167994148545,0.135434038484,-0.052222421273,0.573764241487,0.819004741866,0.00256415524168,0.0,0.818967561565,-0.573701170215,-0.0118257049997,0.0,-0.00821440776071,0.00888529769447,-0.999926784815,0.0,0.645104873817,0.239478445995,0.303700028353,1.0,-0.051192,-0.0672809142857,1.19
0.451598389603,0.457143867846,-0.124379419899,-1.49715551015,0.0708171153745,1.94555476129,0.139296763558,-0.0473252330261,-0.256766413556,-0.000479488947194,-0.405603956052,-0.0279151138422,0.137253380975,-0.0649656568828,0.573746826568,0.819017032069,0.00253516985566,0.0,0.818979480063,-0.573683872634,-0.0118394432209,0.0,-0.00824247828081,0.00886926582745,-0.999926696151,0.0,0.644261671272,0.238402316557,0.303695727183,1.0,-0.0538342857143,-0.0707536326531,1.206
0.450781236822,0.452611222231,-0.124395103294,-1.5041598747,0.0703417802453,1.94806838207,0.138169916155,-0.0503995258086,-0.274650475787,-0.00309766584668,-0.41353096124,-0.0348327322238,0.146240595171,-0.0673516962543,0.573695221558,0.819053118103,0.0025552666714,0.0,0.819015885595,-0.573632261077,-0.0118218059911,0.0,-0.00821706186419,0.00887508847608,-0.999926853674,0.0,0.643338594813,0.237195484105,0.303694399565,1.0,-0.0566417142857,-0.0744433959184,1.223
0.449929879717,0.447779154279,-0.124446336186,-1.51140213576,0.0698508491052,1.95073863514,0.137075416223,-0.0505970710034,-0.286311374834,-0.0041198076873,-0.444660575863,-0.025922117245,0.145623001956,-0.0705167885246,0.573727152475,0.819030112004,0.00275264309529,0.0,0.818995802543,-0.573663869026,-0.0116785141062,0.0,-0.00798611658587,0.00895485619299,-0.999928013655,0.0,0.642402250391,0.23593095417,0.303794211942,1.0,-0.0594491428571,-0.0781331591837,1.24
0.449016477145,0.442816896329,-0.124477139545,-1.51914976352,0.0693238775828,1.95328841895,0.135904858762,-0.0504007152479,-0.296440372528,-0.0026260540615,-0.45834706447,-0.034253661211,0.160356467327,-0.0683534328439,0.573739625688,0.819022050025,0.00254369587014,0.0,0.818984722288,-0.573676762614,-0.0118213195616,0.0,-0.00822282048431,0.00886577820993,-0.999926888927,0.0,0.64131852489,0.234570136118,0.303726730562,1.0,-0.0622565714286,-0.081822922449,1.257
0.448107364037,0.437971879591,-0.124500113754,-1.52666886816,0.0688030202301,1.95587865611,0.134680814224,-0.0599347643399,-0.303915861771,-0.000418195607837,-0.471844292429,-0.0358582963051,0.164316180952,-0.0745951181208,0.573686434357,0.819059574104,0.00245682804752,0.0,0.819021043537,-0.57362383173,-0.01187336584,0.0,-0.00831585895562,0.00882395267227,-0.999926489473,0.0,0.640284780533,0.233247298022,0.303685265216,1.0,-0.0648988571429,-0.0852956408163,1.273
0.447057923174,0.432534347746,-0.124522331091,-1.53471513621,0.0682685900701,1.95888552153,0.133353323204,-0.0646746246386,-0.31814301944,-0.00119816497147,-0.478569449477,-0.0383502857776,0.180156866036,-0.0829113294892,0.573679370652,0.819063469378,0.00278562736282,0.0,0.819029420694,-0.57361579076,-0.011682445331,0.0,-0.00797093782637,0.00898366161371,-0.999927876386,0.0,0.639237444649,0.231807956427,0.303826179484,1.0,-0.0677062857143,-0.0889854040816,1.29
0.445946238331,0.427046115173,-0.124573903893,-1.54324843605,0.067643225352,1.96174606512,0.132012057359,-0.0693396948925,-0.333903500453,-0.00363457571038,-0.515357006637,-0.0390731234394,0.164054659785,-0.071605779492,0.573720862075,0.819035040344,0.00259268385788,0.0,0.818998608006,-0.573658099791,-0.0117648429403,0.0,-0.00814866140399,0.00887331114325,-0.9999274292,0.0,0.638049062908,0.230235298233,0.303751972838,1.0,-0.0705137142857,-0.0926751673469,1.307
0.444787013261,0.421291296047,-0.124676403017,-1.55211189942,0.0669990120976,1.96463569057,0.130528919765,-0.0683680189213,-0.339021499797,-0.0107573870364,-0.526932794158,-0.0431585499338,0.170402472104,-0.0924282379648,0.573725528642,0.819032444194,0.00237066303016,0.0,0.818993245504,-0.573663733046,-0.0118630563924,0.0,-0.00835642555608,0.00874786373259,-0.999926819838,0.0,0.636796883468,0.228569547348,0.303698059013,1.0,-0.0733211428571,-0.0963649306122,1.324
0.443632111806,0.415647341821,-0.12470719493,-1.56047335675,0.0664109721898,1.96768947684,0.129193720401,-0.0702578818345,-0.362470934064,-0.00457607823515,-0.52940312748,-0.0408989158956,0.203419051948,-0.0869021961233,0.573785728716,0.818989469046,0.00263325181202,0.0,0.818954000663,-0.573723290283,-0.0116909318327,0.0,-0.00806414742037,0.00886477262152,-0.999928190088,0.0,0.635673139266,0.227027332012,0.303811004048,1.0,-0.0759634285714,-0.0998376489796,1.34
0.442348420632,0.409554938664,-0.124717492245,-1.56968366156,0.0657929001573,1.97087285769,0.127619363302,-0.0748358641308,-0.359833721376,0.00123770071243,-0.550759613641,-0.0299999173621,0.18503428145,-0.0899364502198,0.573761318253,0.819006370121,0.00269486149257,0.0,0.818971336591,-0.573698261908,-0.011704743757,0.0,-0.00804037714544,0.00892291532011,-0.999927864357,0.0,0.634377100334,0.225330534997,0.30382669351,1.0,-0.0787708571429,-0.103527412245,1.357
0.441082005526,0.403711029083,-0.124793452882,-1.57874918899,0.0651326888252,1.97383144462,0.126151673185,-0.0781470745292,-0.359037817808,-0.00705657806125,-0.564874776837,-0.0320971829466,0.189678499647,-0.0889562969527,0.573832242805,0.818957467843,0.0024433344127,0.0,0.818919078112,-0.573770009112,-0.0118434390921,0.0,-0.00829752063415,0.00879720975505,-0.999926877452,0.0,0.633064065328,0.223602844944,0.30371775774,1.0,-0.0814131428571,-0.107000130612,1.373
0.439742458942,0.39754327756,-0.12484852525,-1.58778025465,0.0644993861465,1.97708633825,0.124570940531,-0.0847074732402,-0.388431717014,-0.00406132438374,-0.5613234027,-0.0413633881421,0.203353258142,-0.105621482754,0.573856915648,0.818939183363,0.00275703046403,0.0,0.818905156748,-0.573793853998,-0.0116492174414,0.0,-0.00795818670246,0.0089429026335,-0.999928343311,0.0,0.631824072675,0.221875484837,0.303857743307,1.0,-0.0840554285714,-0.11047284898,1.389
0.438258142142,0.390917054908,-0.124875065725,-1.5977883555,0.0637344430578,1.98040233477,0.122892322181,-0.08720657228,-0.392101420385,-0.0033207276306,-0.589749274861,-0.0437386134762,0.181758721466,-0.100105423079,0.573888355587,0.818917453705,0.00266575313166,0.0,0.818882327389,-0.573825701424,-0.01168525462,0.0,-0.00803973608855,0.00888914083071,-0.99992817033,0.0,0.630363788667,0.219956695909,0.303836810406,1.0,-0.0868628571428,-0.114162612245,1.406
