position_joint1,position_joint2,position_joint3,position_joint4,position_joint5,position_joint6,position_joint7,velocity_joint1,velocity_joint2,velocity_joint3,velocity_joint4,velocity_joint5,velocity_joint6,velocity_joint7,ee_T_00,ee_T_10,ee_T_20,ee_T_30,ee_T_01,ee_T_11,ee_T_21,ee_T_31,ee_T_02,ee_T_12,ee_T_22,ee_T_32,ee_T_03,ee_T_13,ee_T_23,ee_T_33,v_x,v_y,time
0.46506944982,0.547844245564,-0.123991775406,-1.35586655828,0.0794660672989,1.89409828116,0.159164485795,-5.52979030624e-05,-0.000765120636315,0.00126466845376,-0.000265515428309,6.83998128107e-05,-0.00020749779477,7.12213167922e-05,0.573808758806,0.818975500811,0.0018396436896,0.0,0.818931202607,-0.573750925135,-0.0119293002666,0.0,-0.00871447517202,0.0083518393973,-0.999927149697,0.0,0.661671003605,0.260875300508,0.303153585348,1.0,0.0,0.0,0.0
0.465068434987,0.54784402973,-0.123999494121,-1.35586655828,0.0794653157943,1.89409796721,0.159168389383,0.000727846243542,0.000339987990078,-0.00111271048712,-8.26453655327e-06,-0.000136200797564,-0.000425715127272,0.00147167108254,0.573817977909,0.818969046906,0.00183720979572,0.0,0.818924764123,-0.573760198576,-0.0119252730235,0.0,-0.00871247936719,0.0083476333688,-0.99992720221,0.0,0.661673026356,0.260870021659,0.303153965222,1.0,-0.00016,-0.000210285714286,0.009
0.465066033942,0.547845617106,-0.123999968621,-1.35586750707,0.0794667399459,1.89410109481,0.159166824013,0.000257690330752,0.00244336315078,-0.000725033586444,0.000352946550121,0.000210053435752,-2.54492197176e-05,0.00200980889266,0.573819447685,0.818968014752,0.00183825274871,0.0,0.818923737904,-0.573761656431,-0.0119256030246,0.0,-0.00871213622736,0.00834869249128,-0.999927196358,0.0,0.661674045891,0.260868468158,0.303152679114,1.0,-0.00048,-0.000630857142857,0.025
0.465063189256,0.547826052864,-0.124000163969,-1.35587871929,0.0794667399459,1.89410598136,0.159161041685,-0.000281861110868,-0.00208160316389,0.00200937410926,0.000369630342848,0.000352919808548,0.000197185818782,-0.00175009999556,0.573813925513,0.818971882766,0.0018387569527,0.0,0.818927591113,-0.573756112316,-0.0119277406011,0.0,-0.00871365390137,0.00835027322735,-0.999927169934,0.0,0.661670001871,0.260869414024,0.303155827742,1.0,-0.00078,-0.00102514285714,0.04
0.465065299806,0.547760984768,-0.123997729446,-1.35595009118,0.0794628290685,1.89411588193,0.159161164087,0.000314717613259,-0.00197089739754,-1.07638856222e-05,-0.0025697438346,-0.000273709890746,0.000157191175318,-0.000101792205529,0.573817276627,0.818969497721,0.00185519500634,0.0,0.818925399314,-0.573759373553,-0.011921347204,0.0,-0.00869895168896,0.00836010225559,-0.999927215816,0.0,0.661660201446,0.2608609621,0.303174530816,1.0,-0.00116,-0.00152457142857,0.059
0.465064147281,0.547630147814,-0.123990647615,-1.35611446013,0.0794639932631,1.89414461596,0.159156601601,-0.000916775560673,-0.0113029889187,0.00147816846182,-0.0125205619623,0.000339722696531,0.000180150349589,-0.00161923691088,0.57381878429,0.818968428747,0.00186075616259,0.0,0.818924221305,-0.573760683081,-0.0119392299545,0.0,-0.0087103913714,0.00837493395276,-0.999926992117,0.0,0.661630315186,0.260848645434,0.303191247141,1.0,-0.00148,-0.00194514285714,0.075
0.465049550152,0.547487372921,-0.123989937435,-1.35632264929,0.0794604064764,1.89420826153,0.159152093745,-0.00260365205821,-0.0142395768413,-0.00109964966403,-0.0145066473609,-0.000201211657407,0.00561421900271,0.000596605382987,0.573844799615,0.818950165954,0.00187577684054,0.0,0.818906087056,-0.573786567007,-0.011939137625,0.0,-0.00870143071501,0.00838745859522,-0.999926965154,0.0,0.661604830561,0.260813458382,0.303207851872,1.0,-0.00184,-0.00241828571429,0.093
0.465029979036,0.547287157066,-0.123997822591,-1.35654085039,0.0794576426513,1.89435319871,0.159145512652,-0.000443102933949,-0.0127231695643,-0.000273987029645,-0.0108539282484,0.000246607842716,0.00100275374026,-0.000425904112661,0.573865134669,0.818935682292,0.00197544440316,0.0,0.818892899167,-0.573806481985,-0.0118864555772,0.0,-0.00860088539855,0.00843906230312,-0.999927400864,0.0,0.661594136704,0.260788939573,0.303249602719,1.0,-0.00218,-0.00286514285714,0.11
0.465010156645,0.547105879951,-0.12399565894,-1.35675905425,0.0794509804969,1.89445216817,0.159127254076,-0.000712511385225,-0.0165828450489,0.000198843213873,-0.0159166160356,-4.08882370744e-06,0.0113312160675,-0.00251416984367,0.573875407704,0.818928343524,0.00203261084034,0.0,0.818886260204,-0.573816477043,-0.0118612993887,0.0,-0.00854737323229,0.00847154821566,-0.999927585019,0.0,0.661573671395,0.260759209951,0.303282656444,1.0,-0.00248,-0.00325942857143,0.125
0.464975354123,0.546872428031,-0.124000176478,-1.35711594928,0.0794441365019,1.89459888961,0.159104894253,-0.00219842146969,-0.0112336531773,-0.00122463796778,-0.0203530439848,-0.00178443186508,0.0100142521937,0.00031758217036,0.573907011886,0.818906130868,0.00205850366194,0.0,0.818864294188,-0.5738478831,-0.0118584006669,0.0,-0.00852981326499,0.00849141792681,-0.99992756643,0.0,0.661537723884,0.260703129997,0.303291012618,1.0,-0.00284,-0.00373257142857,0.143
0.464937447394,0.546583170584,-0.123998053919,-1.35753020722,0.0794330115295,1.89475629445,0.158986963836,-0.00239229977664,-0.018553120072,-0.000711203538331,-0.0263835721529,-0.000126368688829,0.0102418799121,-0.00764566349569,0.573860214979,0.818938831691,0.00209535520664,0.0,0.818897336962,-0.573800806528,-0.0118546549739,0.0,-0.00850608455539,0.00851895966691,-0.9999275343,0.0,0.661491719575,0.260642797984,0.30331227356,1.0,-0.0032,-0.00420571428571,0.161
0.464904767862,0.54635875723,-0.123998168053,-1.35790317917,0.0794218878425,1.89488664353,0.158922960051,-0.00073157561461,-0.0200091127905,-0.000312195397117,-0.0282437831544,-0.000167347763774,0.00825658705392,-0.000831947616434,0.573858150945,0.818940290798,0.00209035980891,0.0,0.818898600448,-0.573798632107,-0.0118726104127,0.0,-0.00852367753212,0.00852515111582,-0.99992733172,0.0,0.661442913644,0.260584633476,0.3033091505,1.0,-0.0035,-0.0046,0.176
0.464853642894,0.546038198217,-0.123996347977,-1.35843868847,0.0793889933199,1.89507110692,0.158903635612,-0.00112966767409,-0.0194262890788,0.00154811844269,-0.0313581051184,-0.00432404891274,0.00860427641487,-0.00347359804906,0.573898459793,0.818912122372,0.00205926679883,0.0,0.818870016273,-0.573839050988,-0.0118906228435,0.0,-0.00855585221017,0.00851044582537,-0.999927182201,0.0,0.661384241247,0.26050190421,0.303292975924,1.0,-0.00384,-0.00504685714286,0.193
0.46478738711,0.545660484576,-0.124000358035,-1.35910505576,0.0792876789633,1.89529283602,0.158802374732,-0.00140275873008,-0.015821030488,-0.00130736417116,-0.035322646461,-0.00753410626683,0.0175856428361,-0.00295814636647,0.573882829661,0.818923302497,0.00196706618256,0.0,0.818880528367,-0.573824324969,-0.0118773413466,0.0,-0.00859804671511,0.00842715670462,-0.999927525685,0.0,0.661309213556,0.260380256844,0.303262440518,1.0,-0.00422,-0.00554628571429,0.212
0.464732614933,0.545336847505,-0.124001265026,-1.35967189558,0.0792787291351,1.89547225899,0.15873280674,-0.00843793941945,-0.0258115185769,-0.000168971158484,-0.039687585577,-0.000164630271088,0.0203341204747,-0.00619468005688,0.573900481334,0.818911029212,0.00192630776286,0.0,0.818867450939,-0.573841876556,-0.0119308593514,0.0,-0.00866508307904,0.00842467885314,-0.999926967894,0.0,0.66123824159,0.260291197063,0.303237359845,1.0,-0.0045,-0.00591428571429,0.226
0.464655224289,0.544840790998,-0.124001345435,-1.36050567214,0.0792533181694,1.89575274567,0.158652282816,-0.00811718724597,-0.023118140286,-0.000367566362556,-0.037775948731,0.00061642142961,0.0187907700412,-0.00125108450295,0.573937614283,0.818885087856,0.00189068755438,0.0,0.818840771013,-0.573878889881,-0.0119815848755,0.0,-0.00872668352433,0.00842501650124,-0.999926429339,0.0,0.661137154601,0.260162439292,0.303215965139,1.0,-0.0049,-0.00644,0.246
0.464598728645,0.544442077793,-0.124002027221,-1.36115865089,0.0792289819167,1.89598912581,0.158545431495,-0.00736497912781,-0.0277495240473,0.00132729739106,-0.0438527768787,-0.00198735170867,0.0141126250998,-0.00480319127604,0.573926795368,0.8188926876,0.00188325676339,0.0,0.818848121136,-0.573867956862,-0.0120028954705,0.0,-0.00874851105574,0.00843104691863,-0.999926187777,0.0,0.661060830713,0.260064521837,0.303207869277,1.0,-0.0052,-0.00683428571429,0.261
0.464534959613,0.543969019773,-0.124004771166,-1.36192327225,0.0791917162396,1.89626326616,0.15845506803,0.000110422309464,-0.0281096548409,-0.00184203907722,-0.0535960601454,-0.000704529261388,0.0107679672454,-0.00751767820496,0.573939596252,0.818883741412,0.00187211290386,0.0,0.818838941426,-0.57388071941,-0.0120189349007,0.0,-0.00876790968858,0.00843126392065,-0.999926016037,0.0,0.660971313214,0.25994879998,0.303202530728,1.0,-0.00552,-0.00725485714286,0.277
0.46447436175,0.543534799182,-0.124007756894,-1.36260607967,0.0791503166186,1.89649086916,0.158393774935,-0.00241985472231,-0.0345790920223,-0.000466902148514,-0.0487277858659,-0.00322008591615,0.0149616780124,-0.00568710411392,0.573967938424,0.818863917969,0.00185375598704,0.0,0.818818856507,-0.573909116705,-0.0120313296094,0.0,-0.00878830344328,0.00842364999132,-0.999925901176,0.0,0.660889691938,0.259840414688,0.303204561888,1.0,-0.0058,-0.00762285714286,0.291
0.464375471463,0.542852817742,-0.124014043279,-1.36370232909,0.0790828483176,1.89688244829,0.158233336419,-0.00448086378069,-0.0319136474852,-0.000914868024833,-0.0547094708188,-0.00494293835462,0.0225972571534,-0.00598624174631,0.57396487983,0.818866110857,0.00183196964405,0.0,0.818820775791,-0.573906163879,-0.0120415570312,0.0,-0.00880921390872,0.00841164758984,-0.999925818216,0.0,0.660764108251,0.259665902206,0.303199333899,1.0,-0.00622,-0.00817485714286,0.312
0.46430687787,0.54228222148,-0.124022517119,-1.36456776729,0.0790363472596,1.89719742552,0.158111545124,-0.00745075436188,-0.0347828029695,-0.00126331413146,-0.0535347802722,-0.00588845378938,0.0221854957294,-0.00735813444552,0.573962890526,0.818867463173,0.00185066395712,0.0,0.818822347105,-0.573904069245,-0.012034537232,0.0,-0.00879275668565,0.00842290494791,-0.999925868303,0.0,0.660664807346,0.259534286209,0.303218535543,1.0,-0.00654,-0.00859542857143,0.328
0.464217316478,0.541658048043,-0.124014816742,-1.36552000785,0.0789802738327,1.89755537044,0.157993219865,-0.00334360244559,-0.0374624472461,-0.000480361553092,-0.0565036524634,-0.00173409642822,0.0178824696239,-0.00372694412547,0.573971858653,0.818861113721,0.00187851308473,0.0,0.818816309096,-0.573912865283,-0.0120258854851,0.0,-0.0087695959968,0.00844083950681,-0.999925920463,0.0,0.660557596655,0.259389966847,0.30323741497,1.0,-0.00688,-0.00904228571429,0.345
0.464130227339,0.540999683111,-0.124018001649,-1.36653969617,0.0789220132274,1.89793844916,0.157861353724,-0.00529502384394,-0.0444327982724,0.000961752395178,-0.0610731029218,-0.00066273532718,0.0191445909947,-0.0132413179654,0.573978453476,0.818856447111,0.00189759635431,0.0,0.818811875797,-0.573919361639,-0.0120177073927,0.0,-0.0087518783905,0.00845184225814,-0.999925982754,0.0,0.660442537007,0.25923477231,0.303250815554,1.0,-0.00722,-0.00948914285714,0.362
0.464051612012,0.540330702118,-0.124021080917,-1.36755456687,0.0788611979276,1.89830849111,0.15772700039,-0.00171095886664,-0.0445398598256,1.86256379309e-05,-0.067685301737,-0.00511527839957,0.0153679295264,-0.0069796418742,0.573974871836,0.818858909912,0.00191808767665,0.0,0.81881460063,-0.573915687151,-0.0120075284007,0.0,-0.00873181912455,0.00846274070377,-0.999926065944,0.0,0.660324010611,0.259084660053,0.303272770612,1.0,-0.00754,-0.00990971428571,0.378
0.463941250049,0.539596899381,-0.124018684874,-1.36870683646,0.0787933374956,1.89875346454,0.157603405616,-0.00583797048197,-0.0393906847622,0.00080764277098,-0.0668469561833,-0.00749215810737,0.0279955422894,-0.0118608817721,0.574008102578,0.818835563044,0.00194055960012,0.0,0.818791535749,-0.573948806805,-0.0119972935933,0.0,-0.0087101964857,0.00847562068869,-0.999926145438,0.0,0.66019754388,0.25890525139,0.30328135592,1.0,-0.00788,-0.0103565714286,0.395
0.463836202851,0.5388312327,-0.124026903986,-1.36986913385,0.0787295574834,1.89919966323,0.157462880087,-0.00437982156489,-0.0455854356182,0.000576102283587,-0.0662110869961,-0.00355911836585,0.02757087209,-0.00219151387827,0.574032066451,0.818818660382,0.00198368273853,0.0,0.818775192885,-0.573972582323,-0.0119751892957,0.0,-0.00866709582143,0.0084984964968,-0.99992632579,0.0,0.660070436551,0.258723181647,0.303308011662,1.0,-0.00822,-0.0108034285714,0.412
0.463734569735,0.538098535689,-0.124037790467,-1.37102483173,0.0786568790698,1.89964064448,0.157304436773,-0.00951269397486,-0.0451636560862,-0.000272100767028,-0.0715251668772,-0.00314045642066,0.0236708372798,-0.00425241266412,0.574037620378,0.818814742511,0.00199367477725,0.0,0.818771491177,-0.573978177874,-0.0119600778153,0.0,-0.00864892873947,0.00849806229293,-0.999926486782,0.0,0.659942924002,0.258540384301,0.303314019694,1.0,-0.00854,-0.011224,0.428
0.463612807836,0.537248658107,-0.124039671999,-1.37236725838,0.0785921997198,1.90013481804,0.157144857295,-0.0104152032652,-0.045268315591,-0.000688594227638,-0.0749995304814,-0.00356099143495,0.0264987770859,-0.00512399750207,0.574064654024,0.818795767226,0.00200286658918,0.0,0.81875247741,-0.574005013933,-0.0119737886763,0.0,-0.00865459864926,0.00851374475163,-0.999926304321,0.0,0.659788274144,0.25833381497,0.303318114572,1.0,-0.0089,-0.0116971428571,0.446
0.463513392604,0.536454799885,-0.124043217916,-1.37360591367,0.0785162380575,1.90060717728,0.156994708935,-0.0036194066714,-0.0446614548148,0.00126107125672,-0.0799252824094,-0.00328746430353,0.023180123989,-0.016184599588,0.574073500458,0.818789513527,0.00202373721663,0.0,0.818746530343,-0.574013805886,-0.0119589549758,0.0,-0.00863037998661,0.00852241105201,-0.99992643982,0.0,0.659646804387,0.258149321188,0.303330029409,1.0,-0.00922,-0.0121177142857,0.462
0.463409077231,0.535636615859,-0.124053607126,-1.37489158845,0.0784328245074,1.90108172496,0.156837631147,-0.00777703252363,-0.0457764149719,-0.00123948225856,-0.0807458737776,-0.00610744034458,0.0352666171861,-0.0153935431532,0.574085868506,0.818780842585,0.00202343738222,0.0,0.818737942671,-0.574026259744,-0.0119491111125,0.0,-0.0086223630797,0.00851664476213,-0.999926558112,0.0,0.659498460615,0.25795132085,0.303336993915,1.0,-0.00954,-0.0125382857143,0.478
0.463289671887,0.534731662881,-0.124049274984,-1.37634187671,0.0783688449134,1.90160265223,0.156652160001,-0.00324340087581,-0.0478318789769,-6.28873937809e-06,-0.0810537998475,-0.0104775556016,0.0304161025646,-0.0181698277914,0.574091103877,0.818777189396,0.00201630245051,0.0,0.818733916141,-0.574031247745,-0.0119853274236,0.0,-0.00865605874632,0.00853164931304,-0.999926139076,0.0,0.659322539627,0.257739809159,0.303330270601,1.0,-0.00988,-0.0129851428571,0.495
0.463157194189,0.533766571224,-0.124054225333,-1.37792044487,0.0782763112517,1.90217150923,0.156468681966,-0.00695388891745,-0.0508949691766,-0.000925496073988,-0.0791064819501,-0.00488157082087,0.0309931830607,-0.0106953758747,0.574114415022,0.818760939128,0.0019773525441,0.0,0.818717109502,-0.574054673588,-0.012011379654,0.0,-0.00869950750892,0.00851496250243,-0.999925904246,0.0,0.659134606028,0.257498513841,0.303309152321,1.0,-0.01024,-0.0134582857143,0.513
0.46303016082,0.532889128282,-0.124055499041,-1.37933770705,0.0781959249459,1.90272619849,0.156289651406,-0.0116033199773,-0.0586822306577,-0.00237420868945,-0.0858367551438,-0.0141769158056,0.0423870604524,-0.00952859707075,0.574128899354,0.818750751824,0.00199002904345,0.0,0.818707067552,-0.574069082507,-0.0120072040996,0.0,-0.00868866052034,0.00852309781256,-0.999925929248,0.0,0.658975789009,0.257281950904,0.303301464543,1.0,-0.01056,-0.0138788571429,0.529
0.462905074537,0.531967874519,-0.124052335226,-1.3807997577,0.0781086575953,1.90325164971,0.156103221269,-0.00758484500355,-0.0628493906746,0.000233078993482,-0.0934919624706,-0.00308199837911,0.0355795838953,-0.0186504474354,0.574132692067,0.81874812101,0.00197816682137,0.0,0.818704211658,-0.574072856441,-0.0120214895876,0.0,-0.00870712777313,0.00852162775536,-0.999925781139,0.0,0.658800350821,0.257061456856,0.303300465711,1.0,-0.01088,-0.0142994285714,0.545
0.462764485301,0.530899700349,-0.124052108773,-1.3825242154,0.0780078137128,1.90386531906,0.155887242782,-0.0055972941583,-0.0636905808251,0.00113440043294,-0.0973319932011,-0.00398634803098,0.0357252411939,-0.010666374877,0.57413751045,0.81874482557,0.00194334702947,0.0,0.818700364008,-0.574077728729,-0.0120508195709,0.0,-0.00875108240422,0.00851001031183,-0.999925496365,0.0,0.658590139383,0.25680363984,0.303285663281,1.0,-0.01124,-0.0147725714286,0.563
0.462633582567,0.52992724839,-0.124051035705,-1.384063475,0.0779091299206,1.90441531253,0.155679446303,-0.00428155460975,-0.0604658847065,0.00649558436289,-0.0943265750658,-0.00527877579257,0.027391560566,-0.018973287343,0.574130772921,0.818749590198,0.00192640538078,0.0,0.818704899669,-0.574071058051,-0.0120604505659,0.0,-0.00876876420913,0.00850159701125,-0.99992541303,0.0,0.658404684632,0.256569488752,0.30328575299,1.0,-0.01156,-0.0151931428571,0.579
0.462492493439,0.528853799713,-0.124051401387,-1.38573735187,0.0778029118262,1.90504753421,0.155448554197,-0.00802591159493,-0.0689214832158,0.000981083321944,-0.10656281891,-0.00854160907356,0.0402095728567,-0.00832303942337,0.574119778322,0.818757244175,0.00194991060253,0.0,0.818712901619,-0.574060002858,-0.0120434522468,0.0,-0.00874146638623,0.00851096496393,-0.999925572351,0.0,0.65820975099,0.256317516082,0.30329984556,1.0,-0.0119,-0.01564,0.596
0.46233661464,0.527682559511,-0.124051484655,-1.38755716004,0.0776851920836,1.90575728936,0.155202446864,-0.00931866841954,-0.0658975741028,0.000339443476684,-0.105489980872,-0.00562172177056,0.0421525095783,-0.0145611514403,0.574112964944,0.818761910481,0.0019960783876,0.0,0.818718267283,-0.57405308723,-0.0120082787773,0.0,-0.00868623354948,0.00852849857162,-0.999925904284,0.0,0.65800254905,0.256043358372,0.303319762997,1.0,-0.01226,-0.0161131428571,0.614
0.462213628186,0.52664874091,-0.124061884738,-1.38912915934,0.0775977207272,1.90635004263,0.154982636104,-0.00755885016121,-0.0674386294852,-0.00115869219084,-0.107319815569,-0.00824989018317,0.0317738788941,-0.0158146325267,0.574102443195,0.81876916895,0.00204440608284,0.0,0.818726133352,-0.574042340186,-0.0119857057222,0.0,-0.00864011701038,0.00855499633593,-0.999926077476,0.0,0.657818204038,0.255809432268,0.303350824903,1.0,-0.01256,-0.0165074285714,0.629
0.462055540375,0.525473284611,-0.124063066387,-1.39096266526,0.0774778818196,1.9070187631,0.154729682476,-0.00972126342778,-0.070865441433,0.000191620407635,-0.107913527907,-0.0081201194881,0.0377792884994,-0.0158725991313,0.574092004055,0.818776478077,0.00204859193699,0.0,0.818733539554,-0.574031926891,-0.0119785232971,0.0,-0.00863194213238,0.00855419006759,-0.999926154977,0.0,0.65759954685,0.255528580172,0.303363077772,1.0,-0.0129,-0.0169542857143,0.646
0.461883221428,0.524229344444,-0.12407655362,-1.39294284427,0.0773468769596,1.90772343819,0.154467471215,-0.00960562937127,-0.0709009663936,0.000255986876376,-0.111088902731,-0.00115811776317,0.0365486798063,-0.012600998501,0.57409887185,0.81877175183,0.00201262175637,0.0,0.818728434451,-0.574039034075,-0.0119868628654,0.0,-0.00865934797756,0.00852959932901,-0.999926128085,0.0,0.657361822172,0.255215387468,0.303356888749,1.0,-0.01326,-0.0174274285714,0.664
0.461749074346,0.523173251821,-0.124080787629,-1.39463914098,0.0772537461388,1.90835731866,0.154242997672,-0.0106551006428,-0.0730856581589,-0.00330376503053,-0.112630242405,-0.0121179041298,0.047076168506,-0.0141588336983,0.574093932346,0.818775221191,0.0020102012403,0.0,0.818731781026,-0.574034015596,-0.0119986072928,0.0,-0.00867040538222,0.00853430759699,-0.999925992094,0.0,0.657157279203,0.254965210616,0.303347057411,1.0,-0.01356,-0.0178217142857,0.679
0.46156904361,0.521791174768,-0.124078456616,-1.3968255481,0.0771164499784,1.90921417927,0.153939918271,-0.00842851457564,-0.0730463282623,6.93183787763e-05,-0.116682606718,-0.00633559050115,0.0442227411531,-0.0083961960707,0.574071796371,0.81879064276,0.00205008341236,0.0,0.818747783567,-0.574011774854,-0.0119706363414,0.0,-0.00862483906098,0.00855067058512,-0.999926246372,0.0,0.656902410007,0.254642828165,0.303351821279,1.0,-0.01394,-0.0183211428571,0.698
0.461365980553,0.520285269736,-0.124091427312,-1.39921033825,0.0769767939003,1.91009356439,0.153609160709,-0.0130272641603,-0.078625624407,-0.000368424566722,-0.123474993081,-0.00241412019297,0.0458551749433,-0.0203192458669,0.574066016349,0.818794696478,0.00204958397777,0.0,0.818751799,-0.574005966145,-0.0119745298729,0.0,-0.00862837424429,0.00855243589165,-0.999926200776,0.0,0.656617067846,0.254275712173,0.303351145453,1.0,-0.01434,-0.0188468571429,0.718
0.46124734225,0.519355794638,-0.124089423016,-1.40067561481,0.0768756022301,1.91060970824,0.153423062926,-0.0125734907917,-0.0743840899785,0.000293119110093,-0.11930008869,-0.0152046978881,0.0438560196804,-0.0151912230771,0.574059743535,0.818799150189,0.00202716618434,0.0,0.818755996536,-0.573999823847,-0.0119819556254,0.0,-0.00864738853997,0.00853827723107,-0.99992615752,0.0,0.656433546182,0.254055993384,0.303350978637,1.0,-0.01458,-0.0191622857143,0.73
0.461074712012,0.518021871786,-0.124096107757,-1.40277870458,0.0767308362787,1.91136192273,0.153130884932,-0.0127817620074,-0.0791585024451,-0.00104799585939,-0.124772177071,-0.00838612823312,0.0471713557208,-0.0158513450778,0.574038850631,0.818813858705,0.00200241349085,0.0,0.818770490164,-0.573979144043,-0.0119822176785,0.0,-0.00866202908258,0.00851793953632,-0.999926204256,0.0,0.656174508009,0.253734402079,0.303351599586,1.0,-0.01492,-0.0196091428571,0.747
0.46088615283,0.51659067554,-0.124097093566,-1.40503600685,0.0765867484005,1.91220316317,0.152816018346,-0.0082550517805,-0.0732406873739,0.00109342729397,-0.12667475209,-0.00526839797867,0.0491409790414,-0.0176850540975,0.574016680488,0.818829381126,0.00201047941089,0.0,0.818786149221,-0.573956973683,-0.0119741849916,0.0,-0.00865105236742,0.00851969864598,-0.999926284297,0.0,0.65590119309,0.253394819355,0.303354206093,1.0,-0.01528,-0.0200822857143,0.765
0.460713236438,0.515285924801,-0.124099334044,-1.40710306382,0.0764534428884,1.91297877871,0.1525419074,-0.00905142310566,-0.0756515688227,0.00137170760419,-0.129093798025,-0.00819187481536,0.0515976264134,-0.0140605341345,0.574008512318,0.818835094007,0.0020158151357,0.0,0.818791986052,-0.573948837741,-0.0119650379605,0.0,-0.00864058458701,0.00851873093,-0.999926383051,0.0,0.655651479682,0.253083027279,0.303352610067,1.0,-0.0156,-0.0205028571429,0.781
0.460525684412,0.513881620439,-0.124100408017,-1.40935580144,0.0763238330711,1.91377424335,0.152235323512,-0.0140900213916,-0.0869338985626,-0.000533797195911,-0.135826543332,-0.0143761146777,0.0527560779376,-0.024953263245,0.573995186635,0.818844534431,0.00197510827342,0.0,0.818800727152,-0.573935520171,-0.0120056154398,0.0,-0.00869731524131,0.00850854938144,-0.999925977908,0.0,0.655366672784,0.252743622353,0.303333747115,1.0,-0.01594,-0.0209497142857,0.798
0.460329891019,0.512482464996,-0.12410539705,-1.41162081487,0.0761885118568,1.91456647935,0.151913185949,-0.00649071990062,-0.0773048866768,-0.000755571773622,-0.136823150302,-0.00421427324544,0.0517724073655,-0.0190824433558,0.573977319937,0.818857204876,0.00191340593846,0.0,0.818812469753,-0.573917802003,-0.0120516730002,0.0,-0.00877063039833,0.00848427096005,-0.999925543822,0.0,0.655080553103,0.252393953172,0.303304846243,1.0,-0.01628,-0.0213965714286,0.815
0.460144406325,0.511113566752,-0.12410740959,-1.41379775594,0.0760599676467,1.91539381001,0.151611119613,-0.00872750009268,-0.0848318886305,-0.00323452671281,-0.13434203134,-0.00262265318291,0.043857776798,-0.0169007567828,0.573962638167,0.818867457188,0.00192988314321,0.0,0.818822894024,-0.573903008718,-0.0120478922748,0.0,-0.00875822979224,0.00849543609832,-0.999925557717,0.0,0.654817155674,0.252066288553,0.303299162765,1.0,-0.0166,-0.0218171428571,0.831
0.459940416266,0.509628889046,-0.124109585,-1.41616025339,0.0759068029257,1.91627625837,0.151269468074,-0.013681600094,-0.0930844986292,-0.000814359509883,-0.14349857252,-0.0139494856488,0.0566351793948,-0.0245660387872,0.573933229631,0.818888075743,0.00192723453598,0.0,0.818843529919,-0.573873665685,-0.012043099403,0.0,-0.0087561299309,0.00849020192824,-0.999925620564,0.0,0.654528685203,0.251705791985,0.303290524607,1.0,-0.01694,-0.022264,0.848
0.459714607658,0.508032631727,-0.124112772505,-1.41867253225,0.0757505741311,1.91716884412,0.150923445328,-0.00740898956719,-0.0944065938638,-0.000469101440746,-0.143236619322,-0.00881608656327,0.051280706269,-0.0216233378028,0.573925084869,0.818893833366,0.00190618315019,0.0,0.818848945381,-0.573865548334,-0.0120616742359,0.0,-0.00878350692288,0.00848353680612,-0.999925437025,0.0,0.654214233283,0.251314448351,0.303289033582,1.0,-0.0173,-0.0227371428571,0.866
0.459513355474,0.506607995834,-0.124116293184,-1.42095298867,0.0756078795694,1.91800409625,0.150626439081,-0.0148270337893,-0.08701239928,0.000113180812113,-0.140702651054,-0.00289903788934,0.060227903163,-0.0269707699383,0.573928655705,0.81889137948,0.00188511917794,0.0,0.818846199221,-0.573869194389,-0.0120746285315,0.0,-0.00880616693692,0.00847376114133,-0.999925320609,0.0,0.653931461208,0.250962570681,0.303272405882,1.0,-0.01762,-0.0231577142857,0.882
0.459310535461,0.50508929149,-0.124120287851,-1.42325061677,0.0754590258484,1.918899903,0.150302389742,-0.00883563105011,-0.0946819028204,0.00166400244784,-0.137461034058,-0.00702629851567,0.0638274994049,-0.0135184579486,0.573910713691,0.818903734568,0.0019781613968,0.0,0.818859895035,-0.573850974234,-0.0120116017225,0.0,-0.00870134319178,0.00851358786383,-0.999925899979,0.0,0.653659114131,0.250611716692,0.303317995463,1.0,-0.01794,-0.0235782857143,0.898
0.459065573383,0.503335753076,-0.124126283664,-1.42588625453,0.0752934566848,1.91989804723,0.149930132559,-0.0133222494171,-0.090858473542,-0.000669922685719,-0.145007548476,-0.0127372752771,0.0581709843975,-0.02293894995,0.573901540096,0.818909926994,0.00207380027413,0.0,0.8188673949,-0.573841458968,-0.0119547664405,0.0,-0.00860000991495,0.00855919109067,-0.999926387329,0.0,0.653343099191,0.250199495651,0.30337508617,1.0,-0.0183,-0.0240514285714,0.916
0.458845043477,0.501727060245,-0.124131303416,-1.42826270176,0.0751450831898,1.9207590512,0.149605959563,-0.0188433731773,-0.0949017541967,0.0008347297898,-0.149252430883,-0.00542820183621,0.0477440752939,-0.0177012905819,0.573901606667,0.818909674916,0.0021533914713,0.0,0.81886817102,-0.57384119024,-0.0119144355866,0.0,-0.00852130590966,0.00860122306149,-0.999926700467,0.0,0.653049822076,0.249826282809,0.303441770096,1.0,-0.01862,-0.024472,0.932
0.458612835887,0.500013171794,-0.12412986536,-1.43087277676,0.074988632003,1.92167738844,0.149232923391,-0.0144437398389,-0.0943666977403,0.00146597003533,-0.156012110922,-0.0041593619186,0.0552739098121,-0.0243275401563,0.573875880905,0.818927638509,0.00217786645237,0.0,0.818886298132,-0.573815211446,-0.0119197628217,0.0,-0.00851189420067,0.0086240554263,-0.999926583968,0.0,0.652715292829,0.249425621677,0.30347489742,1.0,-0.01896,-0.0249188571429,0.949
0.458358880446,0.498326117605,-0.124132943934,-1.43349522369,0.0748167129401,1.92265981157,0.148858031431,-0.0162690760042,-0.100423006954,0.000614485482676,-0.149423860721,-0.0131683853921,0.0647531277039,-0.0220409781307,0.573865872748,0.818934563745,0.002210723714,0.0,0.818893728641,-0.573805150845,-0.0118935678927,0.0,-0.0084716922857,0.00863582677039,-0.999926823786,0.0,0.652395965906,0.249008212922,0.303488499106,1.0,-0.0193,-0.0253657142857,0.966
0.458115036273,0.496745017221,-0.124135540363,-1.4360154111,0.0746727440304,1.92355125628,0.148476976355,-0.0165766259016,-0.0952510495088,0.000185594619305,-0.157425929852,-0.000798052629491,0.0517734322786,-0.0253460944561,0.573844150316,0.818949875835,0.00217690587298,0.0,0.818908392008,-0.573783356133,-0.0119353519006,0.0,-0.00852554674244,0.00863188454864,-0.999926400102,0.0,0.652075080664,0.248606915171,0.303468497768,1.0,-0.01962,-0.0257862857143,0.982
0.457845141684,0.495065211099,-0.124140883603,-1.43873899377,0.074494073195,1.92449658116,0.148095623529,-0.0162773225127,-0.0941285777814,-0.000760429849117,-0.162278115512,-0.00293831967472,0.0608715334446,-0.0194262924555,0.573845426655,0.818949215825,0.00208688958389,0.0,0.8189065145,-0.573784959594,-0.0119869743376,0.0,-0.00861946332967,0.00858780322014,-0.999925974504,0.0,0.651726030812,0.248162506177,0.303424647517,1.0,-0.01996,-0.0262331428571,0.999
0.457570696287,0.493189677703,-0.124179825983,-1.44167178528,0.0743075836965,1.92556010891,0.147684105535,-0.0121997526567,-0.127234140248,-0.00504092848423,-0.187259957061,-0.0142612761652,0.071938341766,-0.0271972510274,0.573858037326,0.818940394448,0.00208092249729,0.0,0.818897751773,-0.573797729518,-0.0119743326173,0.0,-0.00861240188802,0.0085757948793,-0.99992613841,0.0,0.651362730285,0.24768002167,0.303427989321,1.0,-0.0257742857143,-0.0338747755102,1.016
0.457258113649,0.490787740057,-0.124220100715,-1.44542029608,0.0741040402367,1.92697233047,0.147127337042,-0.016563290397,-0.156236143657,-0.0012792915052,-0.238834299574,-0.0170775198441,0.0857777586414,-0.0410032984892,0.573820413901,0.81896659968,0.00214198535564,0.0,0.818924645054,-0.57375974981,-0.011955004082,0.0,-0.00856192890412,0.00861431583988,-0.999926240748,0.0,0.650893502752,0.247103026662,0.303438730201,1.0,-0.0323411428571,-0.0425055020408,1.033
0.45680438498,0.487879560703,-0.12423175533,-1.45010089298,0.0738278094765,1.92867058991,0.146442834726,-0.0308395764728,-0.189878438835,-0.00299222318071,-0.299496701106,-0.023566373126,0.112871564006,-0.038403849766,0.57379823141,0.818982294125,0.00208289262734,0.0,0.818939326113,-0.573737573482,-0.0120134849892,0.0,-0.00864396415813,0.00859924468657,-0.999925664674,0.0,0.650296889247,0.246355321778,0.30338037543,1.0,-0.038908,-0.0511362285714,1.05
0.456265138287,0.484331706383,-0.124321563276,-1.45558331428,0.0734988234306,1.93074306554,0.145622145885,-0.0293807501024,-0.216796628619,-0.00580530668298,-0.338040415017,-0.023284700164,0.130522550666,-0.0464340634225,0.57381502927,0.818970258903,0.00218497524857,0.0,0.818928890344,-0.573754216191,-0.0119297470352,0.0,-0.00851663322847,0.0086349737499,-0.999926449389,0.0,0.649632859724,0.245436740992,0.303416944593,1.0,-0.0454748571429,-0.059766955102,1.067
0.455656950583,0.48050535414,-0.124408886701,-1.46161866445,0.0731396389218,1.93282705985,0.144693598133,-0.0432877969097,-0.252212971079,-0.00574095827021,-0.402844598428,-0.0246182441039,0.138948376956,-0.0659494069307,0.573813939789,0.818971309005,0.00207471234956,0.0,0.818928369951,-0.573753449262,-0.0120021352319,0.0,-0.00863919736623,0.00858619861675,-0.99992581798,0.0,0.648854828729,0.244410042319,0.303381549796,1.0,-0.0516554285714,-0.0678899918367,1.083
0.454912145624,0.475864948946,-0.124500411111,-1.46876210369,0.0727042748282,1.93540347213,0.143674068306,-0.0393735658112,-0.276137763546,-0.00962351836782,-0.436397561878,-0.0247762537775,0.155596950422,-0.0505348451568,0.573884002011,0.818922081437,0.00212689279663,0.0,0.818879893242,-0.573823355198,-0.0119676386529,0.0,-0.00858026799154,0.00860987187769,-0.999926121825,0.0,0.647954549582,0.24319363948,0.30342126101,1.0,-0.0582222857143,-0.0765207183673,1.1
0.45404535698,0.470728731572,-0.124545960926,-1.47670128456,0.0722400772023,1.93825458975,0.142500822614,-0.0549545463363,-0.317896439063,-9.18052263463e-05,-0.476771002678,-0.0270033444049,0.171542035237,-0.0702095272283,0.573921775562,0.818895465688,0.00218144747294,0.0,0.818853592712,-0.573860499118,-0.0119861652352,0.0,-0.00856373470494,0.00866557417368,-0.999925782382,0.0,0.646936292606,0.241852930262,0.30344222571,1.0,-0.0647891428571,-0.085151444898,1.117
0.453158742653,0.465347136734,-0.124591083074,-1.48478380328,0.0717274381726,1.94128380783,0.141180685022,-0.0588733313565,-0.34280932299,-0.000901795547336,-0.518504976435,-0.0334144882494,0.188541387106,-0.0876425855095,0.573843763738,0.818949368372,0.00245229746291,0.0,0.818911191842,-0.573781596882,-0.0118273351449,0.0,-0.00827906488979,0.00879542569183,-0.999927046125,0.0,0.64592038381,0.240491595901,0.303572824839,1.0,-0.0709697142857,-0.0932744816326,1.133
0.452095515704,0.459199013616,-0.124627598688,-1.49434645829,0.0711073592371,1.94455505032,0.139744241197,-0.0604924846227,-0.372235713786,-0.00565409372672,-0.578828345004,-0.0387468450909,0.189757753077,-0.0862788660802,0.573841620915,0.818951235002,0.00232716468281,0.0,0.818911077876,-0.573779573667,-0.011932907248,0.0,-0.00843735201357,0.00875350830841,-0.99992609086,0.0,0.64463523835,0.238858915014,0.303540914378,1.0,-0.0775365714286,-0.101905208163,1.15
0.450858206067,0.45210379419,-0.12472647391,-1.50519567794,0.0703679092608,1.94834123697,0.13802527705,-0.0682102281129,-0.416694074283,-0.00248644495654,-0.6042836274,-0.0381172210723,0.227892976664,-0.102602201576,0.573814822671,0.818970030665,0.0023205724749,0.0,0.818930053911,-0.573753081287,-0.0119044284141,0.0,-0.00841809656993,0.00873149212966,-0.999926445643,0.0,0.64319745368,0.236956761907,0.303583885653,1.0,-0.0844897142857,-0.11104362449,1.168
0.449743084821,0.445699449448,-0.124773016795,-1.51471428648,0.0697360860883,1.95191490583,0.13657645727,-0.0760775319856,-0.429540466421,-0.00150249112542,-0.649841886956,-0.0449454464974,0.230862487771,-0.0957425316038,0.573833764489,0.818955625317,0.00269098411602,0.0,0.818920830235,-0.573771033096,-0.0116714304552,0.0,-0.00801452919505,0.00890133519983,-0.999928264204,0.0,0.641971363899,0.235316598963,0.303754469109,1.0,-0.090284,-0.118658971429,1.183
0.448281366357,0.437696246704,-0.124798557811,-1.52713451018,0.0688930576887,1.95611200251,0.13460177643,-0.0840718909359,-0.455039343527,-0.000303529928645,-0.708472692622,-0.0536431725424,0.23205183101,-0.113446463674,0.573750671669,0.819014462593,0.00249473927773,0.0,0.818976672905,-0.57368817954,-0.0118249226204,0.0,-0.00825373912056,0.00882786053303,-0.999926969668,0.0,0.640239065345,0.233160488887,0.303680988986,1.0,-0.0972371428571,-0.127797387755,1.201
0.446764366156,0.429546109528,-0.124825440422,-1.53935180444,0.0680821405466,1.96048154826,0.132607765802,-0.0962117817919,-0.479688533173,-0.00035135307457,-0.730372300552,-0.0524188162239,0.259898386982,-0.110281208581,0.573687948469,0.819057586741,0.0027485058953,0.0,0.8190229735,-0.573624404425,-0.0117114656694,0.0,-0.00801590908224,0.00896998888459,-0.999927639632,0.0,0.638581956716,0.231014873911,0.303802530799,1.0,-0.103804,-0.136428114286,1.218
0.445210133382,0.421558545911,-0.124889440598,-1.55162415722,0.067184316698,1.96464416768,0.130555868722,-0.102121876988,-0.500684169836,-0.00522999498984,-0.785586675645,-0.0588472759517,0.250276314414,-0.1304865657,0.573598438949,0.819120762548,0.00259886504778,0.0,0.819084389885,-0.573535647216,-0.0117630999566,0.0,-0.00814501447597,0.00887615645789,-0.99992743366,0.0,0.636858556921,0.228794551911,0.303755388653,1.0,-0.109984571429,-0.14455115102,1.234
0.443431056233,0.412558270992,-0.125007171428,-1.56511304212,0.0662166145827,1.96941213008,0.128359295334,-0.106112971853,-0.534631872198,-0.00382811039965,-0.813593988557,-0.0600908667921,0.284522993316,-0.146979120221,0.573634884226,0.819094634536,0.0027831952034,0.0,0.819061233951,-0.5735720854,-0.0115976200526,0.0,-0.00790333744528,0.00893257871358,-0.999928870618,0.0,0.635002894098,0.226305915836,0.303852052679,1.0,-0.116551428571,-0.153181877551,1.251
0.441456985852,0.403233240927,-0.125065806208,-1.57944600146,0.0652722485775,1.97415100829,0.125974909017,-0.114731966323,-0.554485038506,-0.00538948734393,-0.875386100521,-0.0494024522152,0.274494252602,-0.144780155422,0.573661467115,0.819076691741,0.00257703223471,0.0,0.819039573162,-0.573598246181,-0.0118311653431,0.0,-0.00821260871669,0.008897946363,-0.999926687117,0.0,0.632923428626,0.223646160472,0.303743605698,1.0,-0.123118285714,-0.161812604082,1.268
0.439429383781,0.393902726765,-0.125211726897,-1.59320699338,0.06427654713,1.97896915348,0.123628894293,-0.13032233402,-0.578715601419,-0.00897362109194,-0.889307709184,-0.0694700067421,0.306669586879,-0.152360224133,0.573773440199,0.818997329684,0.0028566051902,0.0,0.818964457039,-0.573709896195,-0.0116155075588,0.0,-0.00787435861223,0.00900430121092,-0.999928455959,0.0,0.631008176115,0.22097271522,0.303896235611,1.0,-0.129298857143,-0.169935640816,1.284
0.437024039613,0.383167746403,-0.12532549478,-1.60949121571,0.0630362148464,1.98430236107,0.120741748617,-0.132523996118,-0.620626042893,-0.0105009389259,-0.914372796825,-0.0730394350355,0.293723213135,-0.164711744746,0.57373427764,0.81902557523,0.00261393983132,0.0,0.818989672145,-0.573671712862,-0.0117230406768,0.0,-0.00810208278358,0.00886687071462,-0.999927864827,0.0,0.62860587802,0.217817328334,0.303812306866,1.0,-0.136252,-0.179074057143,1.302
0.434714967422,0.373121431367,-0.125408307087,-1.62434127946,0.0619804551127,1.98932342537,0.118083293739,-0.151681073189,-0.632802241226,-0.00446925247572,-0.94584019795,-0.0629391141386,0.304363936392,-0.170211215292,0.573763612117,0.819004442995,0.00279045973542,0.0,0.818970578048,-0.57370014118,-0.0116656419936,0.0,-0.00795347860807,0.00897879818012,-0.999928059093,0.0,0.62642841922,0.214916459706,0.303893296137,1.0,-0.142432571429,-0.187197093878,1.318
0.4321003405,0.362116431778,-0.125567071518,-1.64063277042,0.0606944847406,1.99474220054,0.11521722933,-0.162020059672,-0.664045941305,-0.00921747067347,-0.971429271789,-0.0803743658284,0.329764039576,-0.172754504826,0.573891805826,0.818914519053,0.00282003388797,0.0,0.818881742635,-0.573829018696,-0.0115626892121,0.0,-0.00785078794849,0.00894517907905,-0.999929171942,0.0,0.624010877704,0.211633090534,0.303935757132,1.0,-0.148999428571,-0.195827820408,1.335
0.429296032439,0.350815289602,-0.12568768615,-1.65758198432,0.0594258669381,2.00015317538,0.11203833143,-0.170120666819,-0.670262911676,-0.00718240463866,-1.01564346286,-0.0758803231579,0.3174138982,-0.196434576444,0.573898580686,0.81891049579,0.00260112932622,0.0,0.818874310673,-0.573835914809,-0.0117453435982,0.0,-0.00812592017196,0.00887080479516,-0.999927636504,0.0,0.621398867999,0.208204164602,0.303830108242,1.0,-0.155566285714,-0.204458546939,1.352
0.426115531151,0.338304751596,-0.125813725732,-1.67574872816,0.0580265698432,2.00612095861,0.108592158043,-0.180931102087,-0.684338927442,-0.00372964135871,-1.03125618948,-0.0857621149105,0.330008493168,-0.200597181394,0.573975356366,0.818855936678,0.00282703971616,0.0,0.818822777866,-0.573911996369,-0.0116200591116,0.0,-0.00789283434225,0.00898464506532,-0.999928487103,0.0,0.618621185004,0.204452844608,0.303952998165,1.0,-0.162519428571,-0.213596963265,1.37
0.423377316227,0.327652999558,-0.125850672579,-1.69137632921,0.0567343928977,2.01109727148,0.105539630968,-0.185883106972,-0.720058172952,-0.00151138408974,-1.03961351316,-0.08736166023,0.350510404762,-0.209386762059,0.573862377898,0.818935303289,0.00277257314364,0.0,0.818901540888,-0.573799332924,-0.0116335191976,0.0,-0.00793635175145,0.00894667566082,-0.9999284831,0.0,0.616137412844,0.201262353956,0.303939907972,1.0,-0.168313714286,-0.221212310204,1.385
0.42008005466,0.315210638728,-0.125860165259,-1.70956549166,0.0552508116874,2.01677785965,0.102000746303,-0.200532385189,-0.733572218306,0.00086785375997,-1.08651279029,-0.0818524023448,0.339391486839,-0.212249310515,0.573786674201,0.818988640578,0.0026844023421,0.0,0.818953307119,-0.573723469898,-0.0117306329078,0.0,-0.00806730579257,0.00892945293775,-0.999927589102,0.0,0.613182413679,0.197521400507,0.30390606392,1.0,-0.174880571429,-0.229843036735,1.402
