position_joint1,position_joint2,position_joint3,position_joint4,position_joint5,position_joint6,position_joint7,velocity_joint1,velocity_joint2,velocity_joint3,velocity_joint4,velocity_joint5,velocity_joint6,velocity_joint7,ee_T_00,ee_T_10,ee_T_20,ee_T_30,ee_T_01,ee_T_11,ee_T_21,ee_T_31,ee_T_02,ee_T_12,ee_T_22,ee_T_32,ee_T_03,ee_T_13,ee_T_23,ee_T_33,v_x,v_y,time
0.465092526602,0.547517185862,-0.124000559556,-1.35573020627,0.0794247756387,1.89411521694,0.159143017147,-0.00134143092052,-0.00112458203041,-0.000901433817314,0.000202925478453,6.14120842928e-05,-0.00313238341347,-0.000648095749881,0.573759547733,0.81900901146,0.00222877407358,0.0,0.818970349719,-0.573700756026,-0.0116514255473,0.0,-0.00826413225874,0.00851058039001,-0.999929634594,0.0,0.661712651741,0.260900515359,0.303451867025,1.0,0.0,0.0,0.0
0.465094862591,0.547516822476,-0.12400316698,-1.35573321639,0.0794230123081,1.89411561139,0.159139031988,-0.000310642931314,-0.000897155977778,-0.000171448793978,-0.000216629910668,-0.00036505787644,4.13903323588e-06,-0.00170485476559,0.57375589278,0.81901158121,0.00222536412915,0.0,0.81897290065,-0.573697140195,-0.0116501602456,0.0,-0.0082650902559,0.00850702479519,-0.999929656932,0.0,0.66171213833,0.260899940231,0.303450808884,1.0,-0.00038,-0.000499428571429,0.02
0.465091763113,0.547507848687,-0.124002989535,-1.35573686649,0.0794246677663,1.89411561139,0.159142167956,-0.000470079084061,-0.00291988019518,-0.00134617233239,-0.00138331864563,-0.000173011501784,0.000162431963419,-0.00016574777099,0.573761496116,0.819007639963,0.00223117852304,0.0,0.818969016223,-0.573702702368,-0.011649320328,0.0,-0.00826100825092,0.00851136141026,-0.999929653761,0.0,0.661712213496,0.260897945379,0.303455425857,1.0,-0.00064,-0.000841142857143,0.033
0.465090722333,0.547426342679,-0.124000686058,-1.35580822258,0.0794209585775,1.8941275561,0.159146847318,-0.00105170036012,-0.0128286395452,1.77402270214e-05,-0.00407990965553,0.000128404337564,2.22178967962e-05,0.00171726721411,0.573767417476,0.819003433826,0.00225231555465,0.0,0.818965050242,-0.573708510635,-0.0116420877845,0.0,-0.00824289597137,0.00852458248815,-0.999929690608,0.0,0.661700340865,0.260891401289,0.30348015414,1.0,-0.00108,-0.00141942857143,0.055
0.465090400541,0.547330907456,-0.124000928674,-1.35592123953,0.079417407688,1.89414370339,0.159135919834,-0.00037087469488,-0.00829890974629,-0.00164428085862,-0.00851003489814,-0.000525207623952,-0.000212350068327,-0.00149063282535,0.573764072932,0.819005770996,0.00225445966071,0.0,0.818967355087,-0.573705096476,-0.0116481964733,0.0,-0.00824670391076,0.00852980974157,-0.999929614633,0.0,0.661680510067,0.260879404277,0.303495365933,1.0,-0.00132,-0.00173485714286,0.067
0.465072719925,0.547159510314,-0.124003423602,-1.35616203226,0.0794161677498,1.89420567697,0.159139605739,-0.00153825932809,-0.00936258428428,-0.000705846307449,-0.0163028846359,-0.000414129270833,0.00832053697936,0.00124572192193,0.573796255197,0.8189832203,0.00225594544356,0.0,0.818944687042,-0.573737128086,-0.0116642326643,0.0,-0.00825865017441,0.00854055198986,-0.999929424344,0.0,0.661647443016,0.260843934025,0.30350762091,1.0,-0.00174,-0.00228685714286,0.088
0.465058912245,0.547023156557,-0.124003431507,-1.35632507022,0.0794086549858,1.89429679474,0.159129372805,-0.00382046273561,-0.00892483702428,-0.00144984489314,-0.0100576250232,0.000239240700508,0.00520258061208,-7.88539783846e-05,0.573806467212,0.818975910473,0.00231152584164,0.0,0.818938116571,-0.573747155766,-0.0116322559479,0.0,-0.008200463913,0.00856782526752,-0.999929669908,0.0,0.661635858543,0.260822210435,0.303534501912,1.0,-0.002,-0.00262857142857,0.101
0.465031801806,0.546792757521,-0.123995637008,-1.35658692305,0.0794029211062,1.89443623379,0.159116056551,-0.00071133754092,-0.00875534137725,-0.000163522108106,-0.00793957249634,9.44126784808e-05,0.00371884111217,-1.08100669179e-05,0.573825603813,0.818962216596,0.00241062190316,0.0,0.81892563693,-0.573765864073,-0.0115879810438,0.0,-0.00810714216989,0.00862376633111,-0.999929949997,0.0,0.661615302479,0.260789280154,0.303584897931,1.0,-0.0024,-0.00315428571429,0.121
0.465003880664,0.546613868334,-0.124003141694,-1.35682621709,0.079392972341,1.89454809531,0.159102053806,0.000255000153308,-0.0125443685697,-0.00264389587,-0.0154582470129,5.26261409021e-05,0.0078161478525,-0.00077870849313,0.57385310087,0.818942819049,0.00245451655549,0.0,0.818906835653,-0.573793235011,-0.0115613527593,0.0,-0.00805985700318,0.00864470495404,-0.999930151451,0.0,0.661597010365,0.260746397065,0.303607640081,1.0,-0.00268,-0.00352228571429,0.135
0.464964490092,0.546321277903,-0.124001743275,-1.35724578355,0.0793744124271,1.89470054374,0.159064589291,-0.00156384466297,-0.0179254200952,-0.00103756588703,-0.0238948943221,2.24854786716e-05,0.0129759280688,-0.00170988105342,0.573872183953,0.818929367918,0.00248067489237,0.0,0.818893655071,-0.573812152663,-0.0115560392248,0.0,-0.00804029329854,0.00866326519215,-0.99993014832,0.0,0.661549868827,0.260682530197,0.303628296121,1.0,-0.00306,-0.00402171428571,0.154
0.464935890542,0.546112807002,-0.123999327204,-1.35756783001,0.0793515741507,1.89481359818,0.158951740927,-0.00320948082545,-0.0177599708735,0.00439765478136,-0.0225359807948,-0.00254572954343,0.012668069806,-0.0101612048658,0.573813412972,0.818970551345,0.00247992452219,0.0,0.818934830156,-0.573753392936,-0.0115557324547,0.0,-0.00804109428678,0.00866189761498,-0.999930153727,0.0,0.66151219707,0.260633494569,0.303632322957,1.0,-0.00332,-0.00436342857143,0.167
0.464884458211,0.54575028518,-0.123998838695,-1.35816977114,0.0792919701454,1.8950320165,0.158910335884,-0.000321357240931,-0.0174649858189,0.000572043261418,-0.0320820105329,-0.00192157976431,0.0170892645647,-0.00354255481805,0.573839141079,0.818952620009,0.00244811093763,0.0,0.818916676077,-0.573779430182,-0.0115494607529,0.0,-0.00805394050779,0.00863249771242,-0.999930304584,0.0,0.661443785928,0.26053823788,0.303621331499,1.0,-0.00374,-0.00491542857143,0.188
0.464839399466,0.545497546066,-0.12400735253,-1.35859513683,0.0792686188937,1.89517142141,0.158860658648,-0.00514987254879,-0.0202919467922,-0.000331384680122,-0.0326456917147,-0.000883672912068,0.00777067105598,-0.00155084179675,0.573858805871,0.818938927312,0.00241891693781,0.0,0.818902601475,-0.573799189074,-0.0115657605619,0.0,-0.00808383460959,0.00861813684398,-0.999930187231,0.0,0.661395582959,0.260462011659,0.303610139904,1.0,-0.004,-0.00525714285714,0.201
0.46476747124,0.54504430736,-0.124004534391,-1.35937752314,0.0792416194221,1.8954204802,0.158742825972,-0.00363309949821,-0.0235352035582,-0.000505119427134,-0.0451731771682,-0.000927057020601,0.0153509742568,-0.00765845449707,0.573855595884,0.818941340759,0.00236270402518,0.0,0.81890403925,-0.57379591516,-0.0116262267285,0.0,-0.00816564500058,0.0086067688439,-0.999929620409,0.0,0.661297077357,0.260341683315,0.303580066302,1.0,-0.00442,-0.00580914285714,0.222
0.46471695389,0.544736551524,-0.124007691158,-1.35990414951,0.0792150672374,1.89560405322,0.15870153832,-0.00494696924565,-0.0220479739964,0.00013446769291,-0.0428419561253,0.000101812185281,0.0170341935541,-0.000827809207188,0.573887682549,0.818918938593,0.00233382371156,0.0,0.818881215531,-0.573828052212,-0.0116476712961,0.0,-0.00819944296493,0.00859574497967,-0.999929438662,0.0,0.661236136748,0.260256138895,0.303563232825,1.0,-0.00468,-0.00615085714286,0.235
0.464638205261,0.544242624215,-0.124008419814,-1.36075857272,0.0791616189966,1.89588252091,0.158576633603,-0.0050457529182,-0.0251891696292,0.000902667169547,-0.0405529590848,-0.000404607376817,0.0146541971918,-0.0122315012444,0.573883688976,0.81892193716,0.00226257981982,0.0,0.818883251362,-0.573824279884,-0.011690310357,0.0,-0.00827528769266,0.00856183199404,-0.99992910481,0.0,0.66113188583,0.260118956365,0.303530216491,1.0,-0.00508,-0.00667657142857,0.255
0.464586982895,0.543873498627,-0.124010926869,-1.36135788166,0.07914288001,1.8960953184,0.158514242602,-0.00260957717683,-0.0222682727187,0.000509875145838,-0.0498843910509,0.00022411377637,0.0179419160528,-0.00340525623674,0.57390468173,0.818907242824,0.00225628904055,0.0,0.818868318566,-0.573845131392,-0.0117127677044,0.0,-0.00829706956997,0.00856978082922,-0.999928856216,0.0,0.661061134635,0.260028757945,0.303524690385,1.0,-0.00534,-0.00701828571429,0.268
0.464491199397,0.543204193141,-0.124016933547,-1.36241958479,0.079084099727,1.89647243274,0.158376461068,-0.00360227746155,-0.0295423298691,-0.00013629551599,-0.0465634323686,-0.00149034754619,0.016750958482,-0.00647312853614,0.573917880602,0.818898024746,0.00224461441426,0.0,0.818858901702,-0.573858323726,-0.011724772684,0.0,-0.00831346258629,0.00856724412936,-0.999928741795,0.0,0.660939172205,0.259860807398,0.3035257236,1.0,-0.00578,-0.00759657142857,0.29
0.464432208384,0.542759790465,-0.124021888674,-1.36313832763,0.0790334962243,1.89673067118,0.158290860865,-0.00215482998989,-0.0360874069181,-0.00115392619202,-0.0494128067802,-0.000242666583205,0.0226548349671,-0.0024556782708,0.573926040735,0.818892358781,0.00222517335214,0.0,0.818853054371,-0.573866629222,-0.0117266412222,0.0,-0.00832606446256,0.00855247942543,-0.999928763336,0.0,0.660856138999,0.259748803936,0.303520480377,1.0,-0.00606,-0.00796457142857,0.304
0.464345573629,0.542112535787,-0.124023327459,-1.36415043489,0.0789633035283,1.89709546796,0.158137210985,-0.00264737226347,-0.0380997005553,0.000650726020998,-0.0490636895973,-0.00414825271804,0.0152216006444,-0.0104849901798,0.573909640616,0.818903866801,0.00221996581877,0.0,0.818864557889,-0.573850315558,-0.0117216921956,0.0,-0.00832517126412,0.00854520800583,-0.999928832939,0.0,0.660739453166,0.25959248059,0.303528118465,1.0,-0.00644,-0.008464,0.323
0.464294054228,0.541672115851,-0.124025667814,-1.36482737972,0.0789373069985,1.89733960693,0.15806925517,-0.00606554417033,-0.0349051859703,0.000307385629929,-0.0525654854415,-0.000255884924334,0.0178799780261,-0.00303254466296,0.573928424573,0.818890663921,0.00223403459357,0.0,0.818851405207,-0.573868908025,-0.0117302810379,0.0,-0.00832393489598,0.00856184892425,-0.999928700884,0.0,0.660659013713,0.259494873412,0.303538577667,1.0,-0.00668,-0.00877942857143,0.335
0.464191299717,0.540867637867,-0.124031157844,-1.36605263062,0.0788597970428,1.8977982837,0.157898661996,-0.00244940680665,-0.0415984522255,-0.00119607218469,-0.0619405322967,-0.00648854779606,0.0304168495777,-0.0049333612337,0.573923992571,0.818893690617,0.00226298924667,0.0,0.818854860842,-0.573864422593,-0.0117084695221,0.0,-0.00828950239969,0.00857299637647,-0.999928891413,0.0,0.660521215066,0.25930751956,0.303564023064,1.0,-0.0071,-0.00933142857143,0.356
0.464118064987,0.540338122726,-0.124024485537,-1.36686680102,0.0788063569615,1.89810089752,0.157799780241,-0.00848382689395,-0.0383860283084,0.00102978561662,-0.0638726821245,-0.00516967865456,0.0313555366763,-0.010439077693,0.573929134938,0.81889004683,0.00227731721072,0.0,0.818851403033,-0.57386951099,-0.0117008977457,0.0,-0.00827502510871,0.0085804357143,-0.999928947517,0.0,0.660427964006,0.259185216204,0.303576747697,1.0,-0.00736,-0.00967314285714,0.369
0.463998045494,0.539457421545,-0.124037455055,-1.368237073,0.0787273751462,1.89860489081,0.1576246509,-0.0055178080895,-0.0434878026641,-9.7319436828e-05,-0.0716458420381,-0.00346957186828,0.0212551544567,-0.00393267171968,0.573947804042,0.818876931825,0.00228815687708,0.0,0.81883844161,-0.573888151015,-0.0116937405074,0.0,-0.00826274731232,0.00858539279205,-0.999929006499,0.0,0.660273511322,0.258968768236,0.303590966608,1.0,-0.00778,-0.0102251428571,0.39
0.463921343567,0.538883957599,-0.124040725323,-1.36912146356,0.0786889853818,1.89894416878,0.157529946506,-0.00746700103144,-0.0437192276014,-0.000807617592689,-0.0647297709117,-0.0039298572733,0.0270574434689,-0.00811606493941,0.573974051585,0.818858447866,0.00231891492734,0.0,0.818820250482,-0.573914171081,-0.0116905317833,0.0,-0.00824219126016,0.00860900214444,-0.99992897316,0.0,0.660174511931,0.258835585751,0.303604689146,1.0,-0.00804,-0.0105668571429,0.403
0.463791045844,0.537997169526,-0.124041779393,-1.37053974554,0.0785930335394,1.89948451596,0.157352592145,-0.00479989909214,-0.0422180617817,-0.000296780797501,-0.0687179871195,-0.00939632651568,0.0218055201348,-0.00480547860631,0.57398900602,0.81884796621,0.0023186425255,0.0,0.818809864848,-0.573929228685,-0.0116787238165,0.0,-0.00823252103036,0.00860215206604,-0.999929111776,0.0,0.660016687836,0.258613396118,0.3036028121,1.0,-0.00844,-0.0110925714286,0.423
0.463714382146,0.537385775222,-0.124050302837,-1.37149837902,0.0785351520871,1.89983690278,0.157236132735,-0.00396887583812,-0.0456690622536,-0.00275895611559,-0.073631938397,-0.00104611101874,0.0293698632643,-0.0104642611592,0.573999741872,0.818840435175,0.00232055041005,0.0,0.818802386199,-0.573939985117,-0.0116744481813,0.0,-0.00822781197226,0.0086013680586,-0.999929157279,0.0,0.659906013549,0.258466636631,0.303609069576,1.0,-0.0087,-0.0114342857143,0.436
0.463570682854,0.536365060857,-0.12405453404,-1.37309725739,0.0784557783257,1.90044309291,0.157026801707,-0.00985290817026,-0.0463617385878,-0.000668772579109,-0.0757186594108,-0.00511521901538,0.0290539706691,-0.0101703102358,0.574015844574,0.818829058381,0.00235164394666,0.0,0.818791284742,-0.573955838149,-0.0116736792285,0.0,-0.00820916604996,0.00862654849776,-0.999929093613,0.0,0.659725630821,0.258221255328,0.303621325436,1.0,-0.00912,-0.0119862857143,0.457
0.463487130865,0.535704986568,-0.12406027278,-1.37413717159,0.0783815828271,1.90081611894,0.156898194162,-0.0105895417869,-0.0466712335727,-0.000716253012214,-0.0803597539167,-0.00303895830613,0.0226958328509,-0.00721119213673,0.574020165598,0.818826068089,0.00233807763098,0.0,0.818788217094,-0.573960311589,-0.0116688975077,0.0,-0.0082129918251,0.00861273871652,-0.999929181241,0.0,0.659603101957,0.258061348272,0.303624699689,1.0,-0.00938,-0.012328,0.47
0.463344584411,0.534602484929,-0.124063403994,-1.37589689942,0.0782970470189,1.90145742169,0.156687877561,-0.00505340513803,-0.0540716580434,0.000111699314076,-0.0862065699972,-0.00309079636151,0.0314978643526,-0.0128282616496,0.574040784559,0.818811622726,0.00233474897138,0.0,0.818773519693,-0.573980721336,-0.0116962338493,0.0,-0.00823706990836,0.00862591196369,-0.999928869631,0.0,0.659393486881,0.257800937525,0.303620723967,1.0,-0.0098,-0.01288,0.491
0.46325037387,0.533916440509,-0.124067345541,-1.37701958061,0.0782268060341,1.9018641998,0.15654920786,-0.00982241313176,-0.0534868232196,0.000672323064941,-0.0887053729755,-0.00350819316841,0.0331434724141,-0.0109893911044,0.574049808195,0.818805377783,0.00230606265225,0.0,0.818766914624,-0.573989862625,-0.0117099966397,0.0,-0.00826471075877,0.00861041490489,-0.999928775119,0.0,0.659260735146,0.257628513729,0.303605654065,1.0,-0.01006,-0.0132217142857,0.504
0.463096927881,0.532849582562,-0.124068040573,-1.37876416751,0.0781294255091,1.90251675566,0.15633320537,-0.00936405534443,-0.0487307971956,-0.000758145683313,-0.084732099489,-0.00357864056479,0.0298649486117,-0.00642697894285,0.574068498653,0.818792328609,0.00228656246619,0.0,0.818753529156,-0.574008537079,-0.0117305053613,0.0,-0.0082925010807,0.00860641039009,-0.999928579513,0.0,0.659058035566,0.257362397418,0.303584203223,1.0,-0.01046,-0.0137474285714,0.524
0.462994952527,0.5321053592,-0.124065583891,-1.37995890651,0.0780591385932,1.90296579935,0.156195111909,-0.0148736155453,-0.0526435549668,0.000521569462391,-0.092062709217,-0.00130615300695,0.0345887304352,-0.00839570361391,0.574083621733,0.818781728199,0.00228554730436,0.0,0.818742880271,-0.574023625478,-0.0117354292246,0.0,-0.00829695661396,0.00860855903626,-0.999928524057,0.0,0.658918432091,0.257183670149,0.303579041611,1.0,-0.01072,-0.0140891428571,0.537
0.462841238341,0.530918158768,-0.124070513432,-1.38183002667,0.0779355350575,1.90364762063,0.155951934807,-0.0085437992136,-0.0626655447071,-0.00154840017738,-0.0952852794054,-0.0137048914937,0.0399614990202,-0.0143815770475,0.574085107726,0.81878071828,0.00227406291602,0.0,0.818741799673,-0.574025235747,-0.0117320541522,0.0,-0.00830077003968,0.00859723345961,-0.999928589847,0.0,0.658685282082,0.256881229598,0.303587329473,1.0,-0.01114,-0.0146411428571,0.558
0.462727655354,0.530077391008,-0.124071198839,-1.38317817068,0.0778627456896,1.90411641808,0.15577121975,-0.0102238780951,-0.0561711381938,-0.000914190301302,-0.100014731962,-0.00521826415753,0.0378289489204,-0.015787847701,0.574081610018,0.818783240956,0.00224861534768,0.0,0.81874385311,-0.574021691423,-0.0117621287324,0.0,-0.00834004047048,0.00859362724784,-0.999928294077,0.0,0.658531023007,0.256695144698,0.303575679185,1.0,-0.0114,-0.0149828571429,0.571
0.462560983016,0.528856986105,-0.124068081792,-1.38511942103,0.077728483903,1.90483542701,0.155517318997,-0.0116142393974,-0.0611698014678,0.00159345987013,-0.0979838991227,-0.0032159534246,0.0403679838124,-0.00457287569961,0.574077189649,0.818786371042,0.00223736948875,0.0,0.818746941276,-0.574017421664,-0.0117555382002,0.0,-0.00834114599023,0.00858059096115,-0.999928396808,0.0,0.658302297544,0.256399898273,0.303573409919,1.0,-0.0118,-0.0155085714286,0.591
0.462456288885,0.528020159195,-0.124076814244,-1.3864190424,0.0776557404404,1.90533808947,0.155327735639,-0.00856320811838,-0.0593048163012,-0.000929181183569,-0.0999977830853,-0.00466206217223,0.0396689795525,-0.00695897709669,0.574064812778,0.818794954526,0.0022715796439,0.0,0.818755968179,-0.57400491589,-0.0117374616993,0.0,-0.00830683646825,0.00859809868359,-0.99992853203,0.0,0.658153340054,0.256204951676,0.303587860968,1.0,-0.01206,-0.0158502857143,0.604
0.462268152182,0.526611992268,-0.1240765566,-1.38857614157,0.0775105955551,1.90616943596,0.155021807663,-0.00831683559294,-0.0699422422078,-0.000197028078441,-0.0989204350366,-0.0134163346863,0.0364563419246,-0.0113165188437,0.574045756887,0.818808142236,0.00233283281593,0.0,0.818770090416,-0.573985779762,-0.0116880525869,0.0,-0.00823141824245,0.00861969668529,-0.999928969769,0.0,0.657907021833,0.255876675463,0.303624221303,1.0,-0.01248,-0.0164022857143,0.625
0.462151953821,0.525724279471,-0.12407751241,-1.38998484255,0.0774149809018,1.90668477783,0.154849531712,-0.00873716758158,-0.0679006580168,-0.000380233794868,-0.108451877136,-0.0127907198479,0.0385305556076,-0.015389972775,0.574050639132,0.818804751599,0.00232150234412,0.0,0.818766617377,-0.573990770611,-0.0116862493095,0.0,-0.00823639411965,0.008609433265,-0.999929017216,0.0,0.657737970989,0.25566364929,0.303622948335,1.0,-0.01274,-0.016744,0.638
0.461956456836,0.524257379695,-0.124086496944,-1.39226898406,0.0772878014632,1.90749783913,0.154538704643,-0.00800415150367,-0.0709006800706,0.000990927568949,-0.109930258857,-0.00940319325893,0.040749895167,-0.0181929604527,0.574050975986,0.818804510752,0.00232315365166,0.0,0.818766264786,-0.573990962153,-0.0117015348189,0.0,-0.00824795909142,0.0086195632745,-0.999928834618,0.0,0.65746132528,0.255312614778,0.303638166176,1.0,-0.01316,-0.017296,0.659
0.461835249207,0.523354206399,-0.124095986365,-1.39371822711,0.0771836467265,1.90802798943,0.154332739295,-0.0128874388727,-0.0662207579341,-0.000933536711221,-0.112995068745,-0.00802221724389,0.0399983395578,-0.0164605306651,0.574037896344,0.818813752093,0.00229779134111,0.0,0.81877532871,-0.573978136095,-0.0116964644991,0.0,-0.00825850299339,0.00859575423125,-0.999928952545,0.0,0.657288878,0.255086410366,0.303629550114,1.0,-0.01342,-0.0176377142857,0.672
0.461645761497,0.521906504574,-0.124099983972,-1.39600579028,0.0770539568688,1.90892377118,0.154038170983,-0.0146887517234,-0.0749484885284,0.00017033639113,-0.117483571204,-0.00863681902825,0.0484351887697,-0.0143603164743,0.574042575733,0.818810334055,0.00234627165062,0.0,0.818772508217,-0.57398260397,-0.0116746318953,0.0,-0.00821274825139,0.00862296450705,-0.999929095111,0.0,0.657023440106,0.254746814668,0.303635911364,1.0,-0.01382,-0.0181634285714,0.692
0.461523303605,0.520954481506,-0.124107791482,-1.39754988351,0.0769599724547,1.90951172895,0.153815358723,-0.00738224499325,-0.0787526651813,-0.00154689127888,-0.118469010401,-0.00176503602577,0.0401117633562,-0.0161215772164,0.574023220802,0.818823923825,0.00233894255602,0.0,0.818786033358,-0.573963310105,-0.0116746363004,0.0,-0.00821716249898,0.00861677172811,-0.99992911223,0.0,0.656839887754,0.254515737984,0.303620985908,1.0,-0.01408,-0.0185051428571,0.705
0.461310890695,0.519354360792,-0.124105659507,-1.40008078277,0.0767941666889,1.91042462602,0.153485619832,-0.00615439463053,-0.0744966434918,0.0012589090925,-0.121761379399,-0.00236425315801,0.0466854333551,-0.0175515539641,0.574015466111,0.818829421104,0.00231747713105,0.0,0.818791272201,-0.57395565593,-0.0116835138005,0.0,-0.0082368343195,0.00860421332623,-0.99992905852,0.0,0.656529244782,0.254133295855,0.303618978959,1.0,-0.0145,-0.0190571428571,0.726
0.461179594962,0.518328812055,-0.12410930847,-1.40167367716,0.0766946545912,1.91099221146,0.153273156621,-0.00790552069467,-0.0758383179634,0.000370808079343,-0.120979263504,-0.00770278869907,0.0388134063005,-0.0110389996038,0.574009146809,0.818833854751,0.00231615928195,0.0,0.818795673559,-0.57394932638,-0.0116860006285,0.0,-0.0082396935212,0.00860449811295,-0.999929032513,0.0,0.656332516263,0.253891848396,0.303629923855,1.0,-0.01476,-0.0193988571429,0.739
0.460967887601,0.516740752499,-0.124112081875,-1.40416651807,0.0765313457906,1.91189483736,0.152918543496,-0.0102686229619,-0.0734350832208,-0.000509396677255,-0.123300715619,-0.0116506072811,0.0429824143164,-0.0199808802873,0.573981816969,0.818853036464,0.0023076751117,0.0,0.818814787717,-0.573922075476,-0.0116851015702,0.0,-0.00824411393722,0.00859675985169,-0.999929062637,0.0,0.65602751128,0.253511205545,0.303635879738,1.0,-0.01516,-0.0199245714286,0.759
0.460822963176,0.515708475348,-0.124115283591,-1.40582160272,0.0764314866305,1.91253591601,0.152686526389,-0.0165987521339,-0.0815634711612,-0.000560473991278,-0.129195382163,-0.00423449776447,0.0561484987118,-0.0169761213828,0.573973473491,0.818858847838,0.00232076412848,0.0,0.818820782721,-0.573913699407,-0.0116764000187,0.0,-0.00822956358437,0.00860239939963,-0.999929133993,0.0,0.655833137542,0.253258745243,0.303627746613,1.0,-0.01542,-0.0202662857143,0.772
0.460603171759,0.514077668233,-0.124121561186,-1.40844082384,0.0762775737821,1.91348169644,0.15234219817,-0.0159771259971,-0.0790424322053,-0.000163764432746,-0.130582471996,-0.00752229404977,0.0356517690607,-0.0158591658437,0.573972314837,0.818859759499,0.00228538275264,0.0,0.818821133873,-0.573912565845,-0.0117074501851,0.0,-0.00827530928879,0.00859123738839,-0.999928852417,0.0,0.655508372964,0.252860881171,0.303606496242,1.0,-0.01582,-0.020792,0.792
0.460445914654,0.512924429287,-0.124121769965,-1.41032319136,0.0761561043417,1.91412771639,0.152082332685,-0.0113880151163,-0.0870626955681,-0.00145627684745,-0.136461436597,-0.00918465090506,0.0447071985066,-0.015693907508,0.57395415158,0.818872693366,0.0022115255085,0.0,0.818833059342,-0.573894632122,-0.0117524062224,0.0,-0.00835470277263,0.0085563772771,-0.999928491118,0.0,0.655266439498,0.252573749057,0.303574638508,1.0,-0.0161,-0.02116,0.806
0.460205517731,0.511159912325,-0.124125285865,-1.41314817162,0.0759891258625,1.91517279849,0.151674540727,-0.0129594617963,-0.0904084033328,0.00107566802147,-0.132948515329,-0.00652509651988,0.0484876182441,-0.0225277671848,0.573922448543,0.818894946325,0.00219928239094,0.0,0.818855062806,-0.57386288736,-0.0117694319548,0.0,-0.00837600306992,0.00855579945146,-0.999928317865,0.0,0.654919216269,0.25214610084,0.303556576018,1.0,-0.01652,-0.021712,0.827
0.460058607904,0.510145649077,-0.124125558732,-1.41478456591,0.0758871540936,1.91579450164,0.151441672263,-0.0128314194205,-0.0809078875074,0.00496846449794,-0.133461732401,-0.0059629688703,0.0509455426757,-0.0151576639316,0.573910225514,0.818903521575,0.00219597425137,0.0,0.818863601843,-0.573850685468,-0.0117702704396,0.0,-0.00837871589967,0.00855344662771,-0.999928315266,0.0,0.654722325228,0.251894595075,0.303541664207,1.0,-0.01676,-0.0220274285714,0.839
0.459809260588,0.508296401372,-0.124136550597,-1.41771474927,0.0756994600905,1.91685376216,0.151041833128,-0.00907165179284,-0.0841440640374,-0.00125382744088,-0.139550232782,-0.00683616100168,0.0554689772385,-0.0190971220811,0.573896292094,0.818913355021,0.0021702051691,0.0,0.818873134203,-0.573836887598,-0.0117797883373,0.0,-0.00840144396288,0.00853766393361,-0.999928259444,0.0,0.654357869817,0.251443205868,0.303533103252,1.0,-0.01718,-0.0225794285714,0.86
0.459646826654,0.50710432872,-0.124136716439,-1.41955321514,0.0755767623375,1.91752167904,0.150781391477,-0.0122933686479,-0.0930088281867,3.83530375493e-05,-0.14010241912,-0.017316057903,0.0528829142416,-0.0195623334402,0.573878044215,0.818926107168,0.00218363623168,0.0,0.81888610027,-0.573818630192,-0.0117678090668,0.0,-0.00838411633786,0.00854160106238,-0.999928371257,0.0,0.654130191812,0.251159925003,0.303549595658,1.0,-0.01744,-0.0229211428571,0.873
0.459382240352,0.505257149994,-0.124143766323,-1.42241938085,0.0753952385764,1.9186037488,0.150398469909,-0.0143032791618,-0.0909736248809,-0.00123263053708,-0.145282145919,-0.00257991102881,0.0601725691616,-0.0171544285342,0.573885229943,0.818920943482,0.002231161515,0.0,0.81888161693,-0.573825698162,-0.0117350962466,0.0,-0.00832997865394,0.00856182039848,-0.999928650798,0.0,0.653785791045,0.250711116179,0.303570584573,1.0,-0.01784,-0.0234468571429,0.893
0.459216748759,0.50399406136,-0.124140883229,-1.42432804937,0.0752767863231,1.91934013707,0.150128083627,-0.0200841616174,-0.0969432546659,-0.000702108166971,-0.150627972117,-0.013087195706,0.0569826678002,-0.0178911370685,0.573863612583,0.818935879702,0.00230781094629,0.0,0.818897556301,-0.573803805447,-0.0116932476584,0.0,-0.00825194823002,0.00860035567189,-0.999928967094,0.0,0.653555159465,0.250425605261,0.303608260924,1.0,-0.0181,-0.0237885714286,0.906
0.458927393571,0.501912269739,-0.124146992909,-1.42739343426,0.075078357433,1.92047941373,0.14969820839,-0.0157368672869,-0.097584392558,0.000578549642475,-0.148746864562,-0.00658456018165,0.0551764541247,-0.017644960998,0.573856169483,0.818940725037,0.00243567720418,0.0,0.818904139599,-0.573795985905,-0.0116156621882,0.0,-0.00811511325256,0.00866047229551,-0.999929568098,0.0,0.653184902849,0.249942011451,0.303701617788,1.0,-0.01852,-0.0243405714286,0.927
0.458750182678,0.500599725472,-0.124150546138,-1.42936824194,0.0749604448091,1.92117598243,0.149419615042,-0.0144601120136,-0.101996774036,-0.00072241903748,-0.152273555709,-0.00774182868015,0.0503157734109,-0.0291732838251,0.573844486853,0.818948812911,0.00246853002913,0.0,0.818912562325,-0.573784091952,-0.0116093923558,0.0,-0.00809125060882,0.00868366323783,-0.999929560347,0.0,0.652934349232,0.249635510804,0.30373807402,1.0,-0.01878,-0.0246822857143,0.94
0.458460506839,0.498605182847,-0.124152569562,-1.43244895682,0.0747627495125,1.92230155313,0.148986502467,-0.0186779483669,-0.103045504405,-0.003580463086,-0.155786311653,-0.00822878156099,0.0601801340562,-0.0131569734538,0.573829505882,0.818959227839,0.00249563966885,0.0,0.818923311557,-0.573768999994,-0.011597039955,0.0,-0.00806573750009,0.00869862868471,-0.999929636393,0.0,0.652532894932,0.249128443311,0.303754854422,1.0,-0.0192,-0.0252342857143,0.961
0.458249222743,0.497228384762,-0.124148012072,-1.43462929603,0.0746269267117,1.92311090748,0.148664333589,-0.0190011965429,-0.0982215413329,0.00013657620139,-0.162986129263,-0.0177385622395,0.0531375042177,-0.0211219579603,0.573811512132,0.818971815451,0.00250218748771,0.0,0.818935957372,-0.573750956993,-0.0115967225523,0.0,-0.0080619116731,0.00870363178119,-0.999929623711,0.0,0.652281623584,0.248808028618,0.303752574649,1.0,-0.01946,-0.025576,0.974
0.45792644136,0.495189629276,-0.12414515786,-1.43796659968,0.0744268217379,1.92425390611,0.148165719151,-0.0215868956705,-0.0958011050926,0.000798865213471,-0.166219400982,-0.00142635723942,0.0606162803177,-0.0257833842662,0.573779713682,0.818994472172,0.00237520939686,0.0,0.818956698055,-0.573719328094,-0.0116964175865,0.0,-0.00821675600629,0.00865652744368,-0.99992877219,0.0,0.651845893448,0.248275817923,0.303683742262,1.0,-0.01988,-0.026128,0.995
0.457732551946,0.493985775061,-0.124150466519,-1.43991799258,0.074304311252,1.92494945182,0.147902356639,-0.0169763847328,-0.0977419040349,-0.000238929100809,-0.163688640396,-0.00939067079606,0.0602492920697,-0.0268546615832,0.573791635669,0.818986254449,0.0023282527719,0.0,0.818947830831,-0.573731380202,-0.0117260671248,0.0,-0.0082678552995,0.00863520304707,-0.999928535365,0.0,0.651599098486,0.247958353968,0.303653792536,1.0,-0.0203228571429,-0.0267100408163,1.007
0.457381502635,0.491819174346,-0.124152540961,-1.44343613936,0.0740790308585,1.92625360031,0.147410262116,-0.0161304277032,-0.108020571469,0.000494039000203,-0.169834824851,-0.00799196292454,0.0617271653961,-0.0246840547625,0.573793149088,0.818985329417,0.00228016688146,0.0,0.818946279692,-0.573733072271,-0.011751581278,0.0,-0.00831632562899,0.00861047679127,-0.999928346642,0.0,0.651161319355,0.247392176524,0.303600442254,1.0,-0.0215228571429,-0.0282871836735,1.028
0.457155894746,0.490388869546,-0.124157559486,-1.44573625971,0.0739301652425,1.92702859843,0.147083822823,-0.0182686232303,-0.109763324729,-2.65287686164e-05,-0.175489698877,-0.00937279695985,0.0618027449658,-0.021180366931,0.573788216246,0.818989012936,0.00219692694864,0.0,0.818948797846,-0.573728373589,-0.0118053693699,0.0,-0.00840819036618,0.00857311757551,-0.999927899396,0.0,0.650858672871,0.247017373676,0.303567924095,1.0,-0.0222657142857,-0.0292635102041,1.041
0.456751993257,0.487986056357,-0.124173374575,-1.44955011204,0.0736845160318,1.92843796458,0.146542804518,-0.0196296963542,-0.117089482123,-0.000921441328366,-0.184804745446,-0.00916878238691,0.0683293358438,-0.0253300265883,0.573810336465,0.818973546183,0.00218525045668,0.0,0.81893324696,-0.573750605494,-0.0118036697239,0.0,-0.00841326646056,0.0085628068083,-0.999927945048,0.0,0.65038949757,0.246381122483,0.303545627928,1.0,-0.0234657142857,-0.0308406530612,1.062
0.456515061764,0.486500079139,-0.124179944318,-1.45179172416,0.0735469771401,1.92932682056,0.146207770104,-0.0227628739515,-0.128546419131,-0.000348620607117,-0.190972731458,-0.00721679525623,0.0663253100209,-0.028965058472,0.57380878435,0.818974330051,0.0022962188759,0.0,0.818935536689,-0.573748694746,-0.011737500867,0.0,-0.00829541903864,0.00861570222025,-0.999928475291,0.0,0.650125517241,0.246015213148,0.303588098046,1.0,-0.0241514285714,-0.031741877551,1.074
0.456052965927,0.483732450748,-0.124210689057,-1.45603560992,0.0732780427967,1.93082075139,0.145567557635,-0.0219214435866,-0.125687664591,-0.000901846834917,-0.193041995486,-0.0170055813714,0.0615864127613,-0.0290800704073,0.57382067535,0.818965970776,0.00230611210045,0.0,0.818927297639,-0.573760538592,-0.0117333898707,0.0,-0.00828625044115,0.00862156584209,-0.999928500772,0.0,0.649592086092,0.245288913252,0.303619655517,1.0,-0.0254085714286,-0.033394122449,1.096
0.455790967395,0.482142709545,-0.124242597951,-1.45848657121,0.0731224898509,1.93165704751,0.145198318875,-0.0246827410814,-0.131490601635,-0.00785738500378,-0.20583675127,-0.0165839767021,0.0683000187643,-0.0276272084144,0.573836013991,0.818955336139,0.00226569139127,0.0,0.818916130973,-0.573776020425,-0.0117556674737,0.0,-0.00832752754814,0.00860140219665,-0.999928331514,0.0,0.649247866435,0.244828824891,0.303622562216,1.0,-0.0261514285714,-0.0343704489796,1.109
0.45531607507,0.47929993147,-0.124255863193,-1.46287125206,0.0728580536764,1.93328481518,0.144548380968,-0.0210479240293,-0.142089755443,-0.00117152598828,-0.209108921404,-0.0163018592638,0.0752054050241,-0.0367461716975,0.573842078255,0.818950834989,0.00235499383132,0.0,0.818912716947,-0.573781673672,-0.0117175032234,0.0,-0.00824496548787,0.00865269738969,-0.999928573135,0.0,0.648733545003,0.244132842798,0.303654172728,1.0,-0.0272942857143,-0.0358724897959,1.129
0.455009236253,0.477467799226,-0.12426545063,-1.46564317417,0.0726829637267,1.93429936439,0.144151247412,-0.0164274863999,-0.144129213321,0.000235790755628,-0.213593614788,-0.0153814193766,0.0794496555397,-0.0337605572942,0.573861882959,0.818936777336,0.00241679862228,0.0,0.818899459266,-0.573801247061,-0.0116855203549,0.0,-0.00818309786753,0.00868515701532,-0.999928799944,0.0,0.648387273564,0.243664987661,0.303691849359,1.0,-0.0280371428571,-0.0368488163265,1.142
0.454492572014,0.474447974876,-0.124278228901,-1.47030713496,0.0723872648663,1.93599034609,0.14349396647,-0.0221025749545,-0.147596220997,0.000579573620566,-0.219316901269,-0.0192746453376,0.0756090562997,-0.0297836024995,0.573900462973,0.818909633436,0.00245311363742,0.0,0.818872738205,-0.573839639636,-0.0116727678162,0.0,-0.00815140510768,0.00870796239055,-0.999928860462,0.0,0.647796074782,0.242877919798,0.303708665436,1.0,-0.0292371428571,-0.0384259591837,1.163
0.454170121329,0.472528021635,-0.12427620129,-1.47328476829,0.0722001540161,1.93700591895,0.143052400952,-0.0218737214679,-0.146975179232,2.95182785061e-05,-0.232418253451,-0.00602728835606,0.0762337549951,-0.0363297220518,0.573892906331,0.818915022855,0.00242163294074,0.0,0.818877528574,-0.573831995334,-0.0117124390576,0.0,-0.00820203975087,0.00870487408441,-0.999928473298,0.0,0.647399412517,0.242382518815,0.303706909758,1.0,-0.02998,-0.0394022857143,1.176
0.453635658638,0.469325655525,-0.124273705519,-1.47816539509,0.0718853328234,1.93884564365,0.142295311859,-0.0233863295602,-0.15716419214,0.000114806452285,-0.233647968311,-0.0116045998334,0.0901721935473,-0.0406374442176,0.573855851065,0.818940585832,0.00255459888386,0.0,0.818904841995,-0.573794495327,-0.0116397504717,0.0,-0.00806660460003,0.00877168119051,-0.999928991229,0.0,0.646784476344,0.241577478074,0.303755465088,1.0,-0.03118,-0.0409794285714,1.197
0.453312687675,0.46744473985,-0.124273699552,-1.48102093193,0.0716939768729,1.93993034521,0.141831398722,-0.027827554276,-0.15893467883,-2.41461775541e-05,-0.239665880312,-0.0171338797755,0.0894265241169,-0.0276105065805,0.573823523541,0.818962962149,0.00264146924431,0.0,0.818928435045,-0.573761971956,-0.0115829492464,0.0,-0.00797058528124,0.00880991264214,-0.999929425114,0.0,0.646427764068,0.241098770646,0.303788517983,1.0,-0.0318657142857,-0.0418806530612,1.209
0.452692389921,0.463917571976,-0.124282457983,-1.48654721857,0.0713106651617,1.94178114653,0.141001074357,-0.0325428246276,-0.1608078845,8.48830541219e-05,-0.255583963425,-0.0145827013881,0.0910212702373,-0.0391840709692,0.573811729508,0.818971662019,0.00250255680828,0.0,0.818935257827,-0.573750578991,-0.0116646258662,0.0,-0.00811731089815,0.00874289947527,-0.999928832954,0.0,0.64568192723,0.24015137765,0.303751303909,1.0,-0.0331228571429,-0.0435328979592,1.231
0.452309469484,0.461783579173,-0.124285688862,-1.4899027499,0.0710934947602,1.94298027211,0.140507284318,-0.031968997427,-0.163895603065,-0.000427000373828,-0.260459399737,-0.0177519747761,0.0942786262478,-0.0374600784836,0.573820736512,0.818965416906,0.00248095994059,0.0,0.818928653228,-0.57375957701,-0.0116857012068,0.0,-0.008146867487,0.00873739507792,-0.999928640693,0.0,0.645241571632,0.239580934708,0.30372854429,1.0,-0.0338657142857,-0.0445092244898,1.244
0.451662791537,0.458273570954,-0.124288932494,-1.49536558722,0.0707252770876,1.94490562148,0.139677271153,-0.0339985878383,-0.164502365515,0.000830973420302,-0.264038562603,-0.0208018419448,0.0920713866359,-0.0470740548027,0.573825074393,0.818962474725,0.00244865092812,0.0,0.818925236661,-0.573763972576,-0.0117092883928,0.0,-0.00818467769585,0.0087245132978,-0.999928444399,0.0,0.644521786543,0.238635597725,0.30371132361,1.0,-0.0350657142857,-0.0460863673469,1.265
0.451270268373,0.456239100173,-0.124299566846,-1.49861188798,0.0705132150838,1.94604089717,0.139176262211,-0.031043023273,-0.166589405183,-0.000638055036143,-0.272939024945,-0.0225488370088,0.0992648466029,-0.0430569933697,0.57383545112,0.818955407174,0.0023797059285,0.0,0.818917187337,-0.573774511157,-0.0117557445836,0.0,-0.00826217505874,0.00869481248412,-0.999928065762,0.0,0.644091909384,0.238063663675,0.303664118914,1.0,-0.0357514285714,-0.0469875918367,1.277
0.450645245428,0.452884735117,-0.12433710101,-1.50382848027,0.0701548915973,1.94784052507,0.138350552122,-0.031707621106,-0.18195646905,-0.000526475093507,-0.272013507754,-0.0180213856418,0.10158530009,-0.0418031047684,0.57383821747,0.818953668148,0.00231008616806,0.0,0.818914612314,-0.573777611829,-0.011783751685,0.0,-0.00832503122497,0.00865389699508,-0.999927899362,0.0,0.64339842007,0.237133731397,0.303642752875,1.0,-0.0368371428571,-0.0484145306122,1.296
0.450182948664,0.45028673674,-0.124348460656,-1.50766508734,0.0698983847957,1.94932745351,0.137756137332,-0.0330972974714,-0.185851303275,0.000226855808269,-0.275851378072,-0.0215049667771,0.105190142457,-0.0367930262909,0.573842611754,0.818949997469,0.00251107197731,0.0,0.818913755816,-0.573781483281,-0.0116540499266,0.0,-0.00810343357034,0.00874411018268,-0.999928934926,0.0,0.642918250383,0.236471468092,0.303728381202,1.0,-0.0376371428571,-0.0494659591837,1.31
0.449493098382,0.446505623426,-0.124358212549,-1.51336152672,0.0694895324697,1.95122701967,0.136921255231,-0.0363909098951,-0.195552797283,-0.00140934759707,-0.291290905868,-0.019088029112,0.0977926301611,-0.0466887969713,0.573873209304,0.818928642759,0.00248286395275,0.0,0.818892048652,-0.573812191872,-0.011667391067,0.0,-0.00813021965612,0.00872896876432,-0.999928849785,0.0,0.642137148478,0.23546607244,0.303773551618,1.0,-0.03878,-0.050968,1.33
0.44905364636,0.444074955485,-0.124352772225,-1.5171128039,0.0692427133852,1.95256762169,0.136342362531,-0.0311310543106,-0.180447041058,0.00132520162219,-0.290477332326,-0.0175075594386,0.104605845126,-0.0449870474661,0.573854874742,0.81894143971,0.00249959209733,0.0,0.818904948541,-0.573793677175,-0.0116725399895,0.0,-0.00812503299515,0.00874544068825,-0.999928748015,0.0,0.64162886998,0.234829559532,0.303768593805,1.0,-0.0395228571429,-0.0519443265306,1.343
0.448327069439,0.440271622351,-0.124358877908,-1.52301545554,0.0688345185554,1.95467316686,0.135367031329,-0.0392921482023,-0.189900892807,-0.000755362475011,-0.304649754054,-0.0195146430665,0.0975131496608,-0.0419365557715,0.573804509287,0.818976755291,0.00249124797371,0.0,0.818940176107,-0.57374336963,-0.011673930966,0.0,-0.00813149765353,0.00873890553472,-0.9999287526,0.0,0.640835075588,0.233794220737,0.303743520366,1.0,-0.0406657142857,-0.0534463673469,1.363
0.447786708149,0.437556601839,-0.124364182452,-1.52726440265,0.0685497250324,1.95613758814,0.134682341282,-0.0388102631252,-0.193456510219,0.00120317873699,-0.304856645067,-0.0172910130494,0.0983520554118,-0.0538628192116,0.573798236241,0.818981335545,0.00242961248907,0.0,0.818943807508,-0.573737161957,-0.0117241645367,0.0,-0.00820807098705,0.00871718886799,-0.999928316525,0.0,0.640252694646,0.233035941093,0.303703505529,1.0,-0.0414657142857,-0.0544977959184,1.377
0.446985794943,0.433469043718,-0.124378698745,-1.5333520346,0.0681362851954,1.95830874349,0.133725071398,-0.0434921183375,-0.212606331077,0.00145324296868,-0.306569800327,-0.0201167358401,0.12275876187,-0.0494355124979,0.573831606758,0.818957533779,0.0025674606552,0.0,0.818921821952,-0.57377006224,-0.0116495539818,0.0,-0.00806751326326,0.00878760102548,-0.999928844117,0.0,0.639440480506,0.231935816759,0.303783445921,1.0,-0.0426085714286,-0.0559998367347,1.397
0.446464116945,0.43083600433,-0.124403953275,-1.53744271663,0.0678237667678,1.95970677693,0.133071392423,-0.0383242689582,-0.201050386201,0.000928933226379,-0.311610778738,-0.0240600367923,0.0979329447025,-0.0479275610665,0.573830834142,0.818958312666,0.00249054289663,0.0,0.818921830173,-0.573769807484,-0.0116615173688,0.0,-0.00812145463232,0.00873146629393,-0.999928899208,0.0,0.638876876745,0.231188155222,0.303753124694,1.0,-0.0433514285714,-0.0569761632653,1.41
