position_joint1,position_joint2,position_joint3,position_joint4,position_joint5,position_joint6,position_joint7,velocity_joint1,velocity_joint2,velocity_joint3,velocity_joint4,velocity_joint5,velocity_joint6,velocity_joint7,ee_T_00,ee_T_10,ee_T_20,ee_T_30,ee_T_01,ee_T_11,ee_T_21,ee_T_31,ee_T_02,ee_T_12,ee_T_22,ee_T_32,ee_T_03,ee_T_13,ee_T_23,ee_T_33,v_x,v_y,w_z,time
0.4650873652244354,0.5473095840523482,-0.12398618970536134,-1.3555678899831771,0.07944828386439218,1.8941594597498572,0.15916513930020254,0.0006490978850884773,0.00033159753995393664,0.0023261302613126677,-0.000643146069221197,-0.0002564082007150242,-0.003574987651209947,0.0003315345448354202,0.5737689925807155,0.8190013091603425,0.0025972384880979848,0.0,0.8189673651666047,-0.5737088697331978,-0.011460125773046486,0.0,-0.007895951275362911,0.008702685934628168,-0.9999309562219686,0.0,0.6617608646404439,0.2609342665566974,0.3036796403976681,1.0,5e-324,6.93489444445356e-310,6.93468224487456e-310,0.0
0.4650818393003379,0.5473078542128561,-0.12398596515552512,-1.3555660191311423,0.07944767351282968,1.8941602735519405,0.1591628963908358,-0.0007040072732247384,-0.0008599052100880827,0.0021438735331063556,0.005107235574447027,-0.00042731838863444666,-0.0002565848788513872,0.0005724778805651124,0.5737722913180104,0.8189990078238363,0.0025941858954571717,0.0,0.8189650305564792,-0.5737121847799531,-0.011461006144590231,0.0,-0.007898388671731593,0.008700722803409222,-0.9999309540558732,0.0,0.6617611940726963,0.26093045318214275,0.30367917218900886,1.0,-0.00012,-0.00015771428571428574,-6e-05,0.007
0.4650765492623312,0.5473073899931206,-0.12399133620030521,-1.355568403971014,0.07944828386439218,1.8941586328119866,0.15915573379477505,-0.0026558547725167763,-3.676024319696215e-05,-0.0010754253112905186,0.0006562788330158241,6.750971766902018e-05,-0.007071721222877522,-0.0010376241816280804,0.5737737621884527,0.8189979687205009,0.0025969129771137795,0.0,0.8189640431546208,-0.5737136647606924,-0.011457477379449424,0.0,-0.007893918221652974,0.008700945772822141,-0.999930987417516,0.0,0.6617646435478965,0.2609240419797321,0.30368104847959093,1.0,-0.0003800000000000002,-0.0004994285714285718,-0.0001900000000000001,0.02000000000000001
0.4650787119168898,0.5472942885961707,-0.12399139394258196,-1.3555776628317204,0.07944767351305261,1.8941574776422283,0.1591585424333448,-0.00048004773809773516,-5.737959094642713e-06,-0.00018698331458777992,3.176829143273184e-05,-0.00017517109985951175,-8.105330023665174e-05,-0.001249969364015042,0.5737746426806528,0.8189973436496102,0.002599502409972615,0.0,0.8189634470640396,-0.5737145318150506,-0.011456668731858854,0.0,-0.00789176089122845,0.008702611014484968,-0.99993098995459,0.0,0.661762118565613,0.2609243346398005,0.30368582247859144,1.0,-0.0007200000000000005,-0.000946285714285715,-0.00036000000000000024,0.037000000000000026
0.4650780839707158,0.5472437562794527,-0.1239892346279016,-1.355628965050198,0.07944816557425964,1.8941650226120652,0.15916360198460777,-0.00010809506631755385,-0.0022192691273141807,0.00030631357686355265,-0.0020584966940431497,-6.349295845287614e-05,0.0002231880596515619,-0.0001046571103424423,0.5737806812333344,0.8189930841802868,0.002608602974965505,0.0,0.8189592522410698,-0.5737204817213941,-0.011458574227532974,0.0,-0.00788803596063442,0.008711215785906348,-0.9999309444197708,0.0,0.6617528353480723,0.26092033309531426,0.3036977828982196,1.0,-0.0010400000000000008,-0.001366857142857144,-0.0005200000000000004,0.05300000000000004
0.46507791651155134,0.5471238432787711,-0.1239859443461152,-1.3557821431345811,0.07944481629963472,1.8941953061130454,0.159164261941817,0.0008322405356348552,-0.007174599217423472,0.00037798226978440333,-0.009371355528001253,0.0002606530280640668,0.000814259891517061,-0.003579821962169133,0.5737865327076315,0.8189889753209345,0.002611529691263881,0.0,0.818955085236297,-0.5737262169936925,-0.011469228436313117,0.0,-0.007895020598053859,0.008719782221038475,-0.9999308146305794,0.0,0.661726400925586,0.2609070280886007,0.30371232305970064,1.0,-0.001380000000000001,-0.0018137142857142874,-0.0006900000000000005,0.07000000000000005
0.46505958981810275,0.5469726512587476,-0.12399173727330237,-1.3559987980026744,0.07944172039745676,1.894253812483714,0.1591577185937531,-0.0010290094724800744,-0.011707144740993804,-0.0005703838371331798,-0.011850140409661144,0.0002757940679758308,0.00220486981044315,-0.000250815742893789,0.5738113768948253,0.818971571881246,0.0026105741962432387,0.0,0.8189375877205692,-0.5737509710038211,-0.011480313227249364,0.0,-0.007904382873301807,0.008725599669781245,-0.999930689918954,0.0,0.6616986767437936,0.2608712843557704,0.30372155165275905,1.0,-0.0017400000000000013,-0.002286857142857145,-0.0008700000000000007,0.08800000000000006
0.4650404230331251,0.5468076924883524,-0.12398681778291464,-1.3561991830201392,0.07943336024208784,1.8943686645585522,0.15915368397622998,0.00014844771499778213,-0.005253875286995989,0.0005788049573278307,-0.010948025279232504,0.000138937132337514,0.010950951820220505,-0.000475757559359368,0.5738295103886673,0.818958640519307,0.0026804900819270587,0.0,0.8189255585068007,-0.5737688752119194,-0.011443529332402527,0.0,-0.007833946273224646,0.008761925365559656,-0.9999309265892702,0.0,0.6616843282962587,0.26084628127148973,0.3037528138177036,1.0,-0.0020600000000000015,-0.0027074285714285737,-0.0010300000000000008,0.10400000000000008
0.4650198695339955,0.5466092832495548,-0.12398924668091904,-1.3564249536164876,0.07943085027343347,1.8944754059557747,0.1591500514761126,-0.0024335632274345704,-0.00850425170297693,0.0002099483419889615,-0.015338226339410206,0.0006603693776470724,0.008628707080808831,-0.0001961456571210444,0.5738583269050782,0.8189381994914132,0.0027555320131028866,0.0,0.8189059796309587,-0.5737973311515946,-0.011417801416021025,0.0,-0.007769506405840065,0.0088088916585881,-0.9999310167196318,0.0,0.6616622810580812,0.26081425978156725,0.3037933401997247,1.0,-0.002400000000000002,-0.0031542857142857175,-0.001200000000000001,0.1210000000000001
0.4649818236709144,0.5463937326926297,-0.12398697469862693,-1.356716592875965,0.07942397297645146,1.894617655635125,0.1591419490548715,-0.0033635538171593324,-0.013692971920914263,-2.640008316297495e-05,-0.018652473944960325,5.7983052798965236e-05,0.008250983838913852,-0.0015313522453671478,0.5738946309746162,0.8189125547364702,0.002815516774063877,0.0,0.8188811160733485,-0.5738334536849934,-0.011385608092137432,0.0,-0.007708328104794049,0.00883988306786948,-0.9999312167070169,0.0,0.6616420839544614,0.2607668301558292,0.30382133470340794,1.0,-0.002720000000000002,-0.003574857142857146,-0.001360000000000001,0.1370000000000001
0.46494480048514664,0.546152499380461,-0.1239840341006581,-1.3570991318354126,0.07941131065038352,1.894740478969705,0.15912682526654662,-0.0021930675034989174,-0.014989217572342471,0.0009040083649983549,-0.0213087782504178,0.00010979470353325333,0.009245709406386566,-0.002494379365369263,0.5739272225034596,0.8188897324886932,0.0028100169517456435,0.0,0.8188581110035319,-0.5738659298443305,-0.011403311310225029,0.0,-0.007725630299747044,0.008845846270566213,-0.9999310304417146,0.0,0.661593797712611,0.26070578618938417,0.30382248201351114,1.0,-0.0030600000000000024,-0.00402171428571429,-0.0015300000000000012,0.1540000000000001
0.4649117742378382,0.5458508234461785,-0.12398993017528626,-1.3575613463177534,0.07938669389894891,1.8949061911832399,0.15910429585918387,-0.002502378514176612,-0.014483979278879682,0.0005125054945407391,-0.02670019115445244,-0.000679823528901919,0.01430691086546081,-0.0020017253814889435,0.573960442583568,0.8188664461515343,0.002810803735545115,0.0,0.8188348200038615,-0.5738991264055202,-0.011405137501705163,0.0,-0.007726315361077207,0.008847852087636734,-0.9999310074021989,0.0,0.6615411721896621,0.2606391790216376,0.30382875121585695,1.0,-0.0034000000000000024,-0.004468571428571433,-0.0017000000000000012,0.17100000000000012
0.4648621084902016,0.5455657103373578,-0.12398786128169165,-1.3580259062395235,0.07934337589097724,1.8950633205014682,0.1590841589015987,-0.0023235360333089122,-0.0163157997315243,0.0013032406561834917,-0.03136076334952511,-0.0017129205125602318,0.013389041610274629,-0.0009444921197648509,0.5739975952825995,0.8188404972971751,0.0027834326138910315,0.0,0.8188086151165463,-0.5739364700514898,-0.011407324706820217,0.0,-0.0077434150314548145,0.008827045502152034,-0.9999310590192473,0.0,0.6614882988242086,0.26055977263483016,0.3038229772586453,1.0,-0.003720000000000003,-0.004889142857142862,-0.0018600000000000014,0.18700000000000014
0.4648107813156392,0.5452266003544602,-0.12400123556660682,-1.3585980225984347,0.07929112391253595,1.8952558905639676,0.1589678879488254,-0.004563082446213051,-0.020089691420436522,-0.0011483916460864336,-0.038038367372594306,-0.003986031998190233,0.00908852116230334,-0.009731691565033108,0.5739718188224491,0.8188587251347171,0.0027361230973330063,0.0,0.8188264066320364,-0.5739110415585383,-0.011409604746385488,0.0,-0.007772712789100633,0.008789370654841741,-0.9999311635804687,0.0,0.6614236585483054,0.2604592306445703,0.30380778270839753,1.0,-0.004060000000000003,-0.005336000000000005,-0.0020300000000000014,0.20400000000000015
0.46474966491939834,0.5448242162911748,-0.12399635158205687,-1.3592667440173414,0.07927434380594663,1.8954833691383492,0.15895505534065502,-0.004486759072334419,-0.02289147619909055,-0.0010789582674351232,-0.039571689584767325,-7.605145577511109e-05,0.013460160676899022,-0.0006018930089495145,0.5740407552779918,0.8188104668766061,0.00271615802103417,0.0,0.8187776491303731,-0.5739797600006538,-0.01145178131732599,0.0,-0.007817969198104846,0.00879788806241319,-0.9999307358628691,0.0,0.6613417661164118,0.26036026822403513,0.3037938615432235,1.0,-0.004420000000000004,-0.005809142857142863,-0.002210000000000002,0.22200000000000017
0.4646981592767836,0.5444425019431778,-0.12400202720735527,-1.3599327941147143,0.07923988273760056,1.8956896154080976,0.15894387934630952,-0.00024235720633709662,-0.019573866154291533,-9.405184913787878e-05,-0.044022908972611886,-0.006342143416482163,0.014422259139331758,0.00036676717080892445,0.5741056073707091,0.8187652121683312,0.0026506281641877454,0.0,0.8187314737788445,-0.5740447329445867,-0.011496317832583541,0.0,-0.007891357905796592,0.008770422092910249,-0.9999304006613233,0.0,0.661256542879608,0.2602572904085698,0.3037650155238572,1.0,-0.004740000000000004,-0.0062297142857142915,-0.002370000000000002,0.23800000000000018
0.4646282193475099,0.5439700553492309,-0.12400350978327455,-1.360719848715684,0.07919914980197094,1.8959449542334388,0.15888382965587006,-0.0019561178412553647,-0.02743601489533424,0.0010515395312492978,-0.039754985566045835,-0.0002705493394433085,0.008102015738187343,-0.0037507533175706637,0.5741476424935534,0.8187358881734736,0.0026032550962618306,0.0,0.8187014373691399,-0.574086809149644,-0.011534249489795072,0.0,-0.007949162634839801,0.008753819379795746,-0.9999300882860116,0.0,0.6611597776359782,0.26013370128424224,0.30374686181734023,1.0,-0.005100000000000004,-0.006702857142857149,-0.002550000000000002,0.25600000000000017
0.464570606316702,0.5435130877874076,-0.12400591252586823,-1.3614523326146888,0.07916567916486206,1.8962171470714164,0.15881184623467332,-0.0035693290707927033,-0.02909968056460493,0.00020932236469438812,-0.047026399383528476,-0.002131931922348666,0.018902317785175135,-0.0016295212669598007,0.574169502987395,0.81872055304302,0.002604758212916134,0.0,0.818686039409011,-0.574108571295839,-0.011544008950366114,0.0,-0.00795605655473186,0.00876086574027779,-0.9999299717458113,0.0,0.6610750132777358,0.26002633044656825,0.3037451971749371,1.0,-0.005420000000000004,-0.007123428571428577,-0.002710000000000002,0.2720000000000002
0.46449861946388,0.5430349189150648,-0.12400911185618378,-1.3622305509491446,0.07912401401349106,1.8964943606207403,0.1587695390381682,-0.0020341356321628428,-0.03038700512537015,-0.0004930577412985661,-0.05060580890115231,-0.0046399224475588705,0.019623836766192407,-0.0004825646639570117,0.5742282548510066,0.8186794057116105,0.002586289941313145,0.0,0.8186446072774364,-0.5741673277566979,-0.011560000584477221,0.0,-0.007979124846996755,0.008755499845516351,-0.9999298349329974,0.0,0.6609855635650915,0.25990286407077223,0.3037371605328224,1.0,-0.005740000000000004,-0.007544000000000006,-0.002870000000000002,0.2880000000000002
0.46443220496256,0.5425045475776933,-0.1240092862611523,-1.3631099771557438,0.07906658430274806,1.8967900526180212,0.15871184054728463,-0.005885350515219212,-0.029457712476433296,0.0023828741605510452,-0.05729283610422135,-0.007463148292759197,0.009313791235887594,-0.00018308857979657976,0.5742747494178058,0.8186469295014726,0.0025424201335437283,0.0,0.8186115783384722,-0.5742139826823608,-0.011581571718244275,0.0,-0.008021479373742813,0.008732426880956254,-0.9999296978235147,0.0,0.660874160966015,0.25975546339833655,0.30372481444716737,1.0,-0.006100000000000005,-0.008017142857142865,-0.0030500000000000024,0.3060000000000002
0.46433442920730983,0.5418885627197951,-0.12401329139441819,-1.3640831199321097,0.07901112862218529,1.897151595932186,0.1586238561527511,-0.007288553343059438,-0.032937602082278104,-0.001048706952597632,-0.05540290353313299,-0.005667366101293362,0.01735452498101169,-0.0019874269260691394,0.5742977911815965,0.8186307912205364,0.0025340897352050702,0.0,0.8185952690580927,-0.574236981607235,-0.011594021370043558,0.0,-0.0080362095688572,0.00873298286931773,-0.999929574693123,0.0,0.6607851166438571,0.2596426647434097,0.30371847573654276,1.0,-0.006380000000000005,-0.008385142857142865,-0.0031900000000000023,0.32000000000000023
0.4642592559652487,0.5413253925895419,-0.12402583618391834,-1.3649752457306918,0.0789543741692136,1.8974710451123376,0.15856926036839242,-0.0070506947443456335,-0.03292494025934971,0.00011667187624834296,-0.05030235416311967,-0.0009987101078068464,0.01632987494513132,-0.006958839799680756,0.5743791258257998,0.8185737466733317,0.0025274441600992162,0.0,0.8185382355474289,-0.5743184345654605,-0.011586179973959568,0.0,-0.008032739632565511,0.008723837569262191,-0.9999296824037481,0.0,0.6606683655089156,0.25947046858728523,0.3037247755690637,1.0,-0.006760000000000005,-0.008884571428571436,-0.0033800000000000024,0.33900000000000025
0.4641662645428988,0.5406529050785587,-0.12402759857091585,-1.3659841725085156,0.07889786052487001,1.8978398319504952,0.15848461368869088,-0.003036309879314739,-0.039744611433053634,-0.002413269338055948,-0.060986295327828774,3.95349120289705e-06,0.022010755280824235,-0.004365655072962927,0.5744279697185004,0.8185393798801652,0.002556969238028526,0.0,0.818504214587205,-0.5743671314256176,-0.011575661626794014,0.0,-0.008006649956131262,0.008742442223427571,-0.9999297291612296,0.0,0.6605545006170885,0.25931296360205935,0.3037519304280889,1.0,-0.007100000000000006,-0.00933142857142858,-0.003550000000000003,0.35600000000000026
0.46408444157870715,0.5399938131119063,-0.1240289866023368,-1.366982246213686,0.07884093303185283,1.898211009992191,0.1584402645989179,-0.002312262967412569,-0.04058031449089793,0.0017630548169933233,-0.06395976685357514,-0.006598972835629088,0.01883787272326932,-0.0022625676352421016,0.5744996634101391,0.818488974583745,0.00258498117874201,0.0,0.8184541533173433,-0.5744387005626937,-0.011563957568356577,0.0,-0.007980212186772084,0.008759346957270861,-0.999929792562626,0.0,0.6604401304886937,0.25916426970853645,0.3037748787466208,1.0,-0.007420000000000006,-0.009752000000000009,-0.003710000000000003,0.3720000000000003
0.46398185848771656,0.5392797618137769,-0.12404166684682202,-1.3681019226123492,0.07876884581233255,1.8986310897681133,0.15832894150433607,-0.004066271310930115,-0.04101980892317683,-0.0019768236229805525,-0.06923538437067275,-0.0009747557971966844,0.029767902637393033,-0.008074161279827324,0.5745441297312994,0.8184577441208644,0.0025905561367847423,0.0,0.8184230923431333,-0.5744832494647613,-0.011549238291786761,0.0,-0.007964485752259998,0.008755886605719729,-0.9999299482546016,0.0,0.6603174897269306,0.2589824808933646,0.30378327415016454,1.0,-0.007760000000000006,-0.010198857142857152,-0.003880000000000003,0.3890000000000003
0.4638763083297605,0.538536438014497,-0.1240361520355067,-1.369267144486621,0.07871157517424675,1.8990804302096644,0.158253361427814,-0.012532683714322238,-0.050103860426647676,0.0014627069400789427,-0.07245264596600397,-0.0051829310065764755,0.029937021060726023,-0.00226758970447009,0.5746139873185306,0.8184086060209701,0.002620318667705633,0.0,0.8183742231950398,-0.5745528703872005,-0.011548889165283224,0.0,-0.00794635166288421,0.008780723562708481,-0.999929874735706,0.0,0.6601864771707588,0.2588086535349111,0.3037925285841109,1.0,-0.008100000000000007,-0.010645714285714297,-0.004050000000000003,0.4060000000000003
0.463803682059214,0.5379551702457015,-0.12404607871929972,-1.3701821513524113,0.07865792859039919,1.8994340514984762,0.15819711636747058,-0.00517290905732604,-0.045753492891149564,-0.00017656700626296959,-0.07466663477576982,-0.008669417897362254,0.02773764544478703,-0.004235362999889109,0.5746706145200157,0.8183688009442306,0.002633884868014277,0.0,0.8183346417095757,-0.5746094984315152,-0.01153626419387915,0.0,-0.00792761606396003,0.008785120404123534,-0.9999299848304518,0.0,0.660084611789484,0.2586692815596581,0.30379850648844053,1.0,-0.008360000000000006,-0.010987428571428582,-0.004180000000000003,0.4190000000000003
0.4636760069170464,0.5369727644593062,-0.12405592196412486,-1.3717292263769094,0.0785714882393269,1.9000228635479608,0.15806098975676505,-0.009342917394503672,-0.042585258792178185,0.000490588882349124,-0.07831054155071852,-0.007553271813209758,0.03498638911348503,-0.005083479314095255,0.5747328617196897,0.8183250226035422,0.002653665694189535,0.0,0.8182911169283872,-0.5746716697093418,-0.01152679013334453,0.0,-0.007907826551251051,0.008796465503851617,-0.999930041789862,0.0,0.6599096612206361,0.25843452073412654,0.3038071567423195,1.0,-0.008780000000000007,-0.011539428571428582,-0.004390000000000003,0.44000000000000034
0.46357836264005525,0.5361952775273935,-0.12406472625524055,-1.372964609298259,0.07849870017336705,1.9004780763531184,0.15798643430036233,-0.003756396930302507,-0.05161962399484242,-0.00030514741296252965,-0.07877664256443015,-0.005418689367321515,0.030935649641473446,-0.002038163148692588,0.5748064371251527,0.818273360261686,0.0026485140636511853,0.0,0.8182394038774858,-0.574745270690734,-0.01152816820053646,0.0,-0.007911124312331541,0.008793753165531354,-0.9999300395614579,0.0,0.6597657987126431,0.25824765354174517,0.3038076969373057,1.0,-0.009100000000000007,-0.011960000000000012,-0.004550000000000004,0.45600000000000035
0.4634589984235737,0.5353183713284106,-0.12406344101743114,-1.3743373893889266,0.0784091828546986,1.900978094220256,0.15785831536335612,-0.011870600811544407,-0.0515252272693701,0.001245501570131415,-0.08808147126090378,-0.009423605596940927,0.023198204122615685,-0.010603227034274524,0.5748520282972981,0.8182413469171828,0.0026439854094532592,0.0,0.8182073556906085,-0.5747908975433078,-0.011527970174724449,0.0,-0.007913075447619988,0.008790374589394828,-0.999930053829536,0.0,0.6595960473576609,0.2580255988585202,0.30381285621050913,1.0,-0.009460000000000008,-0.01243314285714287,-0.004730000000000004,0.47400000000000037
0.46335070953875157,0.5344255513338744,-0.12407908303884363,-1.3757672826765426,0.07834441501173528,1.901490993300808,0.1577854661736245,-0.004913259449266092,-0.04942586288848411,-0.00128520263296319,-0.08716464540507798,-0.0019445585913603286,0.02514296353132247,-0.0014768722891248813,0.5749507707141555,0.8181719999642251,0.0026337484593972156,0.0,0.8181377429165382,-0.5748895137096929,-0.011551084073533932,0.0,-0.007936811995367166,0.008796243065580203,-0.9999298140986104,0.0,0.6594343327284167,0.25782346200601036,0.30381067192009575,1.0,-0.009780000000000007,-0.012853714285714298,-0.004890000000000004,0.4900000000000004
0.46324057234086496,0.5336218108784887,-0.12407770639576667,-1.3770664602693752,0.0782667164427508,1.9019607430207723,0.1576844337977488,-0.010827201933558244,-0.052646544594719576,3.803951905464956e-05,-0.08630471264886534,-0.0031432713667591825,0.030536660322602684,-0.0091040614147991,0.5750075391580353,0.8181321769059944,0.0026111154106542925,0.0,0.8180975874394137,-0.5749463074488852,-0.01156839997195949,0.0,-0.00796338240848804,0.00878823361858451,-0.9999296732723164,0.0,0.6592795206893699,0.2576272798005954,0.3037998464086683,1.0,-0.010080000000000007,-0.013248000000000012,-0.005040000000000004,0.5050000000000003
0.46310637180636816,0.5326276396067954,-0.12407552893256768,-1.3786368034602803,0.07818287591586334,1.9025614417158814,0.15754718845778842,-0.006291073063204096,-0.05399642435056921,1.4493635931334588e-05,-0.09271566633240695,-0.002446626868358041,0.03560321083257146,-0.009833415829258516,0.5750670222087274,0.8180902867177973,0.0026362183497757007,0.0,0.8180559320693158,-0.5750055987822158,-0.011567206945349772,0.0,-0.007947332346486646,0.008808662906655579,-0.9999296212065986,0.0,0.6590987693835811,0.257393902883173,0.30380541253755255,1.0,-0.010440000000000007,-0.013721142857142868,-0.005220000000000003,0.5230000000000004
0.46296713604735573,0.5316067082671132,-0.12407373587600937,-1.380272434501921,0.07807659027327798,1.9031696780142933,0.15745443065594242,-0.004817105687242625,-0.06090265674875067,-8.370368016342051e-05,-0.08979295851570784,-0.004104307204866259,0.02869506094789503,-0.008398839148601652,0.575164520487126,0.8180217810668234,0.002624304533555287,0.0,0.8179873178075941,-0.5751031754729491,-0.011568594040616935,0.0,-0.007954269175219075,0.00880066211061191,-0.9999296364986404,0.0,0.6589071977068846,0.25714651348616835,0.30379917344070523,1.0,-0.010800000000000008,-0.014194285714285727,-0.005400000000000004,0.5410000000000004
0.46284343693577706,0.5306677107991467,-0.1240778985071679,-1.3817906502775272,0.07799159896204293,1.9037137243637554,0.1573337874819338,-0.007842382051127974,-0.059624029379127384,0.0003110108860003539,-0.09661582038999665,-0.007952037747391498,0.035872179378849504,-0.0025240847645388656,0.5752300406684479,0.8179758149247411,0.002591025277787552,0.0,0.8179408057287014,-0.5751686737036008,-0.011600948889285145,0.0,-0.007999173057924747,0.008792688891260947,-0.9999293484304034,0.0,0.6587104017396934,0.256904562844065,0.30378329895063927,1.0,-0.011140000000000008,-0.01464114285714287,-0.005570000000000004,0.5580000000000004
0.4626956885343096,0.529593661628966,-0.12408366711489738,-1.3835336327989574,0.07787615321859413,1.904334798246085,0.1572059588889443,-0.0069355741266759596,-0.06137490813976802,-0.0017964673502936658,-0.09924356657792227,-0.004443851594213224,0.03793588326065877,-0.005190179110934885,0.5753136849541419,0.8179171278949073,0.00254611504857137,0.0,0.817881635018845,-0.5752525696124438,-0.011612887426888152,0.0,-0.008033874983536304,0.008763642524667603,-0.9999293252137615,0.0,0.6585146023855499,0.25664790148045535,0.3037664996398929,1.0,-0.011480000000000008,-0.015088000000000013,-0.005740000000000004,0.5750000000000004
0.46255405607890515,0.528589392972582,-0.12407702500587497,-1.3851070025129608,0.07777668401799291,1.9049209383987065,0.1570920756194574,-0.008228009270316253,-0.06587077865402562,0.000793310434990634,-0.0987187779709328,-0.003140713111543887,0.03556719980809284,-0.008406498901592719,0.5753902576448531,0.8178632246899262,0.0025581259533659544,0.0,0.8178278859264709,-0.5753290896165504,-0.011607520977329203,0.0,-0.008021754704935768,0.008771130097572702,-0.9999293568689066,0.0,0.6583304768423143,0.25640861440847806,0.30377539718392327,1.0,-0.011800000000000008,-0.015508571428571443,-0.005900000000000004,0.5910000000000004
0.4624035522700511,0.5274159110699284,-0.12408296422552025,-1.386921239920341,0.07767343278564057,1.9056173667317198,0.1569574993698232,-0.012479715667033016,-0.06270506723004575,-0.00045585196882729905,-0.09975754458475208,-0.004553070095381418,0.0368486116180481,-0.0015454550917308701,0.5754779961457285,0.8178013420568312,0.002605337473551784,0.0,0.8177666071531363,-0.5754166472390455,-0.011584697088497487,0.0,-0.007974979815412064,0.008797465631154022,-0.9999294996625574,0.0,0.6581213245951362,0.2561366777607778,0.3037985054565834,1.0,-0.01216000000000001,-0.0159817142857143,-0.006080000000000005,0.6090000000000004
0.4622678184908607,0.5263524536759709,-0.12408819542184088,-1.3885870851828483,0.07756366909292606,1.9062543749799097,0.15683891405876166,-0.004913176267472276,-0.06211641594000109,0.00024520650292572774,-0.10152134613919953,-0.0070063881612149985,0.04590402541349895,-0.0037166855263667115,0.5755561835781903,0.8177462503161059,0.0026261264374504547,0.0,0.81771189589157,-0.5754948778424915,-0.01156061398361297,0.0,-0.007942479340471376,0.008801367145838679,-0.9999297240097879,0.0,0.657928058213671,0.255886007594316,0.30380932990101334,1.0,-0.012480000000000008,-0.016402285714285727,-0.006240000000000004,0.6250000000000004
0.462125742992293,0.525247859178868,-0.12409720885961895,-1.3902964007281153,0.0774526808819413,1.9068822015940932,0.15670769256039233,-0.010600401371979427,-0.06699221938057795,0.00014117123924853984,-0.10845328843275476,-0.011617200605936052,0.040136742675121066,-0.007065157243304812,0.575633509661403,0.8176917802761333,0.0026385459918662965,0.0,0.8176576693939931,-0.5755722446945536,-0.011544423747624316,0.0,-0.007921259075972187,0.008802954009304878,-0.9999298783691591,0.0,0.6577258965774337,0.2556235653737044,0.30382745418940416,1.0,-0.01280000000000001,-0.016822857142857157,-0.006400000000000005,0.6410000000000005
0.46197215301728306,0.5240778125939244,-0.12410652370536686,-1.3921605487693836,0.07733472825304984,1.9075374018133309,0.15657923165221263,-0.011337941643867068,-0.06696768011264284,2.073599173225194e-05,-0.11565509711092291,-0.00625306070876832,0.03997487613627427,-0.0034183972753289334,0.575728837601732,0.8176247886843541,0.0025994968421145723,0.0,0.8175901916825365,-0.575667712670736,-0.01156330204414962,0.0,-0.00795814920817911,0.00878281866261399,-0.9999297625121075,0.0,0.6574974109831891,0.2553366434733958,0.30382002240631534,1.0,-0.01314000000000001,-0.0172697142857143,-0.006570000000000005,0.6580000000000005
0.46183075966477566,0.5229622703675896,-0.12410828080127337,-1.393956454698353,0.07723252641521738,1.908207737977755,0.15645781414005916,-0.0037230826131647806,-0.07205256638037687,0.0004938325324737948,-0.12020146522018679,-0.005361025564950325,0.04328971449927527,-0.01300440642346576,0.5758152887069455,0.8175639335582336,0.0025912810216989404,0.0,0.8175291692892747,-0.5757541135486945,-0.011576052615379265,0.0,-0.007972375896643513,0.008784285024583421,-0.9999296363040598,0.0,0.6572802877560824,0.25507309276832196,0.3038075701677633,1.0,-0.01346000000000001,-0.01769028571428573,-0.006730000000000005,0.6740000000000005
0.46166700509845743,0.5216685559393125,-0.12411133911776168,-1.3960196460557366,0.07710395334666006,1.9090156295806215,0.15629067790042345,-0.007106883893524194,-0.07441868621620906,0.00038214036879080947,-0.11348853307405607,-0.005995624843856656,0.04640819252503565,-0.007652936796649344,0.5758906716369478,0.817510753618587,0.002617048093472017,0.0,0.8174763988433744,-0.5758294842706575,-0.011553756093393451,0.0,-0.007938499237769958,0.008793244704814226,-0.9999298270765871,0.0,0.6570392171451871,0.2547697871995568,0.30380474561227894,1.0,-0.013820000000000011,-0.018163428571428587,-0.0069100000000000055,0.6920000000000005
0.4615086138154627,0.5204836471254707,-0.12411600908051397,-1.3979216921788196,0.0769839860317192,1.9097351529738091,0.15615672213340123,-0.009957661085035926,-0.07273226629514505,-0.0003179990075656034,-0.12035688399483119,-0.009458620776150235,0.04783429774911078,-0.010544515076546686,0.5759982733491885,0.817434977389359,0.0026064804660361485,0.0,0.8174005267781533,-0.5759371532078681,-0.011555140796303551,0.0,-0.0079445602734603,0.008786448819319656,-0.9999298386782979,0.0,0.6567988894895963,0.2544589053091562,0.3037921410838824,1.0,-0.014160000000000011,-0.018610285714285732,-0.0070800000000000056,0.7090000000000005
0.46134176714249153,0.519171765515141,-0.12412554588706277,-1.39997702435376,0.07685650668526521,1.9104702666764972,0.15600480212503215,-0.01458253183501496,-0.08178414969734024,-0.0004504962326236623,-0.11930473035527298,-0.011909181612655263,0.05438144937388736,-0.005831708937912267,0.5760768972936408,0.8173795891378361,0.0026004935305406224,0.0,0.8173450870280212,-0.5760158161226385,-0.011555742682122401,0.0,-0.007947655819382338,0.008782666094814331,-0.9999298473109219,0.0,0.6565609611046461,0.25416967003375807,0.30380103168041833,1.0,-0.01448000000000001,-0.01903085714285716,-0.007240000000000005,0.7250000000000005
0.4611604160453759,0.5178248541338814,-0.12413124500634092,-1.4020666026695738,0.07672022066901316,1.911221895621746,0.15584897907114434,-0.011769119126140058,-0.07955041385832598,-0.0002445565925606421,-0.12644854011996734,-0.003498726218916961,0.04089287873506846,-0.012058486359052382,0.5761756294111189,0.8173099935567204,0.002601039450472401,0.0,0.8172755525627258,-0.5761145938427609,-0.011549582065614468,0.0,-0.007941244950625925,0.008780522722484446,-0.9999299170688685,0.0,0.6563071323443206,0.25384597736747666,0.3038170128240029,1.0,-0.014820000000000012,-0.019477714285714303,-0.007410000000000006,0.7420000000000005
0.46098138163358476,0.5164874501942212,-0.1241382722956755,-1.4041777095806185,0.07657724761362471,1.9119983102345972,0.15567985863746106,-0.0104729763391407,-0.07986855683925229,-0.0008574409710759811,-0.12170076555679206,-0.0050775771303198745,0.04488712133107133,-0.012449097381400199,0.5762616662566811,0.8172493631615272,0.0025917786093457287,0.0,0.8172149235703605,-0.576200784852761,-0.011539979642979401,0.0,-0.0079378089726726,0.008768256871895058,-0.9999300519837084,0.0,0.656052222600598,0.2535210053703321,0.30381787655802595,1.0,-0.015160000000000012,-0.019924571428571448,-0.007580000000000006,0.7590000000000006
0.4607997857870825,0.5151142076535404,-0.12414164376949552,-1.4063529461159778,0.07644394369652052,1.912828634844911,0.1555215316337076,-0.009350898430044531,-0.07648391425502411,0.0018949046463321256,-0.12178287542106389,-0.009173383114352972,0.052279375180207505,-0.01443064842013245,0.5763619861061806,0.81717855476513,0.0026110352201087067,0.0,0.8171443940404095,-0.5763010612453228,-0.011527055003551777,0.0,-0.00791507216986953,0.008777518102979345,-0.9999301509648049,0.0,0.6557923315760508,0.25319456813989083,0.30381753273092116,1.0,-0.015500000000000012,-0.02037142857142859,-0.007750000000000006,0.7760000000000006
0.46062105046641916,0.513791132434695,-0.12414369572843921,-1.4084554164484662,0.0763120806586388,1.913589534983776,0.155351494746961,-0.010427919443515357,-0.08595400626689835,0.0013459477263829793,-0.13370946058863742,-0.015195291482603934,0.04550300709876458,-0.012596402466123138,0.5764453917189533,0.817119785123157,0.0025911440478257886,0.0,0.817085358123408,-0.5763845125465371,-0.011539416711480562,0.0,-0.007935743192435285,0.008769198282965587,-0.9999300601249358,0.0,0.6555326201679773,0.2528743877361282,0.30381016923664667,1.0,-0.01582000000000001,-0.02079200000000002,-0.007910000000000006,0.7920000000000006
0.46043518754164264,0.5124082856987293,-0.12415111958603506,-1.4107284717414625,0.07618212231283555,1.914379727669986,0.15517131364980272,-0.01539463309565794,-0.07776704496011767,0.0010263253786777441,-0.12881735614675144,-0.006809945440253272,0.047722579651805326,-0.003467373596139833,0.5765436558144545,0.8170507036108545,0.002511487670573927,0.0,0.8170150652835939,-0.5764828369823611,-0.011604682917743282,0.0,-0.008033939483974961,0.008742697901122531,-0.9999295080403307,0.0,0.6552243863514611,0.2525115652005017,0.30376749442479895,1.0,-0.016180000000000014,-0.02126514285714288,-0.008090000000000007,0.8100000000000006
0.4602233452899168,0.5108769398835535,-0.12415431685389174,-1.4131737630434984,0.07603938231764883,1.9152973058603178,0.15498377982024295,-0.016643648679856255,-0.08425537259391624,-0.00082162572411917,-0.1311411133170831,-0.006603489675223905,0.05098410294007666,-0.0058892974345903515,0.5766508444149946,0.8169750620923695,0.0025096724588897926,0.0,0.8169393821682412,-0.5765899988150289,-0.011608877218118836,0.0,-0.008037265888272083,0.008744687480880253,-0.9999294639112816,0.0,0.654944827958227,0.25215778481629575,0.3037539920718373,1.0,-0.016520000000000014,-0.021712000000000023,-0.008260000000000007,0.8270000000000006
0.46003754790451223,0.5094849558768749,-0.12415083172432277,-1.4153932585065636,0.0758914046808587,1.9161346663779542,0.15482065087522928,-0.01175981749623897,-0.08327220246383679,-0.0004957292345176997,-0.13797865435097564,-0.010392054134473437,0.053726224116363554,-0.009196338923630573,0.5767425248274901,0.8169103464555556,0.0025085475249036187,0.0,0.816874732162426,-0.5766817589607203,-0.011600333518608872,0.0,-0.008029953476076324,0.008739742997021169,-0.9999295658892771,0.0,0.654673180823062,0.2518259930245636,0.30374434017031043,1.0,-0.016840000000000015,-0.022132571428571453,-0.008420000000000007,0.8430000000000006
0.4598401844207345,0.5080678675124567,-0.12415723901816861,-1.4176260409047075,0.07574889040265964,1.9169215067617615,0.15464178401749368,-0.015090850082724563,-0.09537323950075549,-0.0010018105764149575,-0.1406273438141486,-0.005951098012816663,0.04820280357991889,-0.005093506710754995,0.5768463751983383,0.8168371321129122,0.002471016652970035,0.0,0.8168010050660891,-0.5767856978168104,-0.01162427710484468,0.0,-0.008070049482166775,0.008723918960385268,-0.9999293812761619,0.0,0.6543745434700124,0.2514550599323351,0.30373541606202964,1.0,-0.017180000000000015,-0.022579428571428594,-0.008590000000000007,0.8600000000000007
0.45962578966116596,0.5065500151501356,-0.12415785404268663,-1.4200269249763526,0.07559693992872951,1.9177890304125407,0.15444382183872069,-0.011687928310786631,-0.08701673561793123,0.0008568700743460213,-0.14212531880725726,-0.014953511511574431,0.05128291748979183,-0.01286132851355317,0.5769503588934362,0.8167637489573607,0.002451257444824952,0.0,0.8167273922299083,-0.5768897662405961,-0.011632338088796865,0.0,-0.008086922430521004,0.008713458496774434,-0.999929336166625,0.0,0.654075557441736,0.25107937429248856,0.3037304568893604,1.0,-0.017520000000000015,-0.02302628571428574,-0.008760000000000007,0.8770000000000007
0.45940272878735144,0.5049439098053384,-0.12416391156058486,-1.4224768145595625,0.07544756923764893,1.9187334461606698,0.15425357664668807,-0.012285218324443454,-0.09712411550154976,-0.0005000933293332293,-0.1394543975714336,-0.006552833509024699,0.05811634674058148,-0.011871820056880115,0.5770534230164851,0.8166906554087277,0.0025430796740869245,0.0,0.8166555154505172,-0.5769925298257967,-0.011581731765387768,0.0,-0.00799150799283549,0.008760266664028474,-0.9999296942925414,0.0,0.6538028077715788,0.25072694332801476,0.30377369862295667,1.0,-0.017840000000000016,-0.02344685714285717,-0.008920000000000008,0.8930000000000007
0.45914541629835526,0.5031041371087798,-0.12417035314497232,-1.4252515700673214,0.07526839055279856,1.9197975859587824,0.1540451398126721,-0.013366280288782765,-0.09327397873665905,0.00010215806507658252,-0.14597290847941793,-0.00633749105962778,0.06058464149179983,-0.007803628099797646,0.5771819260156057,0.8165995567751972,0.0026334495771285485,0.0,0.8165656583372833,-0.5771207942749818,-0.011526549389173222,0.0,-0.007892908573659319,0.008803469958479845,-0.999930098012325,0.0,0.6534889224580509,0.25031965619098145,0.30381988996548437,1.0,-0.018200000000000015,-0.023920000000000025,-0.009100000000000007,0.9110000000000007
0.4589401425166666,0.5016111401748532,-0.12417567367094413,-1.427469747213777,0.07513205755158517,1.9206144035939736,0.15385582086631155,-0.013546088059374956,-0.1038121319011893,-0.0007407967462297989,-0.15437827866973572,-0.009867687396422749,0.053385140504249244,-0.012476604262916392,0.5772853258115859,0.816526174266954,0.0027214409403312507,0.0,0.8164934680759818,-0.5772239583685078,-0.01147455340548215,0.0,-0.007798542427663868,0.008846300371456228,-0.9999304604349954,0.0,0.6532018504330698,0.2499459044378622,0.30388780212446,1.0,-0.018520000000000016,-0.024340571428571454,-0.009260000000000008,0.9270000000000007
0.4587026722814312,0.4998919487316498,-0.12417311506256658,-1.4300611181199852,0.07496821051252436,1.9215350481163267,0.15366563354151094,-0.014649887753173302,-0.09704076634840625,-0.0009024317716737091,-0.15100646615318453,-0.006314042632577757,0.056155027505905515,-0.009963005766979362,0.5774095202616656,0.8164382191037095,0.002761738431605527,0.0,0.8164059872891791,-0.577347957326113,-0.011460671487907659,0.0,-0.007762595631184088,0.008872371437242482,-0.9999305091525842,0.0,0.6528742258392166,0.24954364980138782,0.3039335634434201,1.0,-0.018860000000000016,-0.024787428571428596,-0.009430000000000008,0.9440000000000007
0.4584654650324815,0.49821999793458865,-0.12417669206631893,-1.4326792751711321,0.07480156472311492,1.922518128216641,0.15345717435016143,-0.014415879636381013,-0.09712828418230952,-0.0015047578924580862,-0.14865809008815986,-0.005716802854937118,0.06867332530922389,-0.011826451830752361,0.5775235379161391,0.8163574871838473,0.0027862471011881797,0.0,0.8163256178637509,-0.5774619368042659,-0.011443079255145145,0.0,-0.007732840660053586,0.008883303533605266,-0.9999306426416064,0.0,0.6525516930670358,0.24913800680624926,0.30393868939651203,1.0,-0.019200000000000016,-0.02523428571428574,-0.009600000000000008,0.9610000000000007
0.45820730833822804,0.49654490058630046,-0.12416914255759931,-1.4353338382396597,0.07463683127709826,1.9234769894835846,0.1532443143318864,-0.013981320641580301,-0.09820435794724144,0.0007352555932448299,-0.1594036193865499,-0.006067136687977472,0.05535771470860707,-0.01611140232921716,0.577644805452706,0.8162717468933557,0.002767825569546403,0.0,0.8162395510049228,-0.5775831449605028,-0.011465292583499789,0.0,-0.007760294418331148,0.008882246414768327,-0.9999304393452417,0.0,0.6522170035170776,0.24871978764383015,0.3039256242723381,1.0,-0.019540000000000016,-0.02568114285714288,-0.009770000000000008,0.9780000000000008
0.45797048697148196,0.49507419112620676,-0.1241690022523424,-1.4377337772612278,0.07449145923770323,1.9243003233867053,0.15304941250697043,-0.014352543278837298,-0.08863947245084138,0.00041728083202550537,-0.1622127518010926,-0.006418032232882986,0.05266043003474054,-0.012386068353917474,0.5777604161092609,0.8161902204472329,0.0026781569705879504,0.0,0.8161567170333524,-0.5776988600148512,-0.011532011103424989,0.0,-0.007865297887212186,0.008848705699511489,-0.9999299162924313,0.0,0.6519056564564905,0.24833278320113514,0.3038793270253175,1.0,-0.019840000000000017,-0.0260754285714286,-0.009920000000000009,0.9930000000000008
0.45769188321743326,0.4933635581637129,-0.1241785526484868,-1.4405275366889692,0.07431967859354885,1.925282634772436,0.15283481941546614,-0.01403984670097668,-0.10958004770897659,-0.004098531073157079,-0.1667508429294458,-0.010399159848181917,0.06380308661054351,-0.010821056937812872,0.5779312103302353,0.8160695566740208,0.0025964778652260477,0.0,0.8160349651390238,-0.5778698689639865,-0.011580030885327247,0.0,-0.007949837406119376,0.008811447637124506,-0.9999295767581609,0.0,0.6515307826865079,0.24784341466820442,0.30383108440331935,1.0,-0.022499999999999905,-0.029571428571428453,-0.02129973353999952,1.0109999999999995
