position_joint1,position_joint2,position_joint3,position_joint4,position_joint5,position_joint6,position_joint7,velocity_joint1,velocity_joint2,velocity_joint3,velocity_joint4,velocity_joint5,velocity_joint6,velocity_joint7,ee_T_00,ee_T_10,ee_T_20,ee_T_30,ee_T_01,ee_T_11,ee_T_21,ee_T_31,ee_T_02,ee_T_12,ee_T_22,ee_T_32,ee_T_03,ee_T_13,ee_T_23,ee_T_33,v_x,v_y,time
0.465083219229,0.547646172087,-0.123970164203,-1.35575107355,0.0794647054407,1.89408543874,0.159162053863,0.000946104131595,0.00171639344021,8.07540308171e-05,-0.000290811311668,-0.000422021389961,3.38861143529e-05,0.00106007306706,0.573773287484,0.818999717779,0.00210327111236,0.0,0.818958861481,-0.573714395471,-0.0117865403191,0.0,-0.00844665890457,0.00848545787389,-0.99992832291,0.0,0.661691718536,0.260912197809,0.303347034877,1.0,0.0,0.0,0.0
0.465085113737,0.547642075179,-0.12396941043,-1.35574701146,0.0794660278691,1.89408204023,0.159161581261,6.27531424743e-05,0.00384547371469,-0.000532724769469,0.000600004534606,4.49309450977e-05,-0.000552086821878,0.00135345909311,0.573770919267,0.819001363734,0.00210838964796,0.0,0.818960558161,-0.573711991637,-0.0117856578228,0.0,-0.0084430239597,0.00848911912794,-0.999928322533,0.0,0.661691338767,0.260914407824,0.303351552953,1.0,-0.00012,-0.000157714285714,0.007
0.465076609953,0.547645066986,-0.123973196826,-1.35575248565,0.0794667399457,1.89408603745,0.159154919978,0.00225761506814,0.00235815387351,0.000982501718862,-0.000611659416803,-7.98288207896e-05,-6.52014441719e-05,-0.00104549112922,0.573762508149,0.819007265212,0.0021049167442,0.0,0.818966399471,-0.573703580032,-0.0117892195143,0.0,-0.00844802081213,0.00848823166957,-0.999928287862,0.0,0.661689176253,0.260916514681,0.303347416747,1.0,-0.00052,-0.000683428571429,0.027
0.465076899338,0.547615083995,-0.12396972132,-1.35576799414,0.0794659752143,1.89408925595,0.159160413136,-0.00085705817588,-0.000678458559186,0.00406493255783,-0.00312580592165,-1.01221484446e-05,-0.000701246928782,-0.000619415870935,0.573778039638,0.818996343753,0.00212062505959,0.0,0.81895568811,-0.573719054223,-0.0117802646544,0.0,-0.0084315130096,0.00849611869133,-0.999928360212,0.0,0.661690899783,0.260907140007,0.303361323756,1.0,-0.00082,-0.00107771428571,0.042
0.465081126088,0.5475048693,-0.123967559949,-1.35586711763,0.0794620778001,1.89410554776,0.159158368062,-0.000519324481837,-0.00670205780315,-0.000227921253401,-0.00963823019673,6.51319940284e-05,0.00486795765371,0.000463585950535,0.573775685091,0.818997922943,0.00214763003218,0.0,0.818957563958,-0.573716540218,-0.0117722902238,0.0,-0.00840951227903,0.00851363566157,-0.999928396492,0.0,0.661672958491,0.260901347005,0.303393555602,1.0,-0.00118,-0.00155085714286,0.06
0.465080829962,0.547384772083,-0.123964775921,-1.35602639411,0.0794632642004,1.89413903729,0.159155141123,0.000441880033384,-0.00483328947826,0.00168033188461,-0.0119708618989,-6.95312223382e-05,0.000605673343052,0.000419680422157,0.573780366684,0.818994634979,0.00215071723933,0.0,0.818954173287,-0.573721064649,-0.0117876603144,0.0,-0.0084202808886,0.0085250310495,-0.999928208781,0.0,0.661645665059,0.260887897557,0.303405635567,1.0,-0.0015,-0.00197142857143,0.076
0.465056809113,0.547225080552,-0.123970039332,-1.35623939414,0.0794604064221,1.89422660655,0.159144509824,-0.00145161233238,-0.0109921850122,0.00125296515821,-0.00970503765059,0.000406373373621,0.00399662400185,-0.00147834886269,0.573806197364,0.818976449266,0.00218410512827,0.0,0.818936372205,-0.573746712685,-0.011776029168,0.0,-0.00839132897607,0.00854596618356,-0.999928273458,0.0,0.66162614862,0.260851261074,0.303425144752,1.0,-0.00184,-0.00241828571429,0.093
0.46503987198,0.547029162092,-0.123964784828,-1.35644530998,0.0794536231056,1.89433601426,0.159134515163,-0.00356453051128,-0.0142024563706,0.000648454792783,-0.00883220150977,-0.0016603468815,0.00607787929398,-0.0013570021658,0.573818040379,0.818967908664,0.00227332695268,0.0,0.818928962921,-0.573758185875,-0.0117322091509,0.0,-0.00830412272418,0.0085940120094,-0.999928589702,0.0,0.661609519807,0.260827571522,0.303475223824,1.0,-0.00218,-0.00286514285714,0.11
0.465014782445,0.546859930616,-0.123969748617,-1.356660101,0.0794545315266,1.89445375079,0.159125965991,-0.00208429088752,-0.00710304003776,-0.000608943929781,-0.0193013474993,7.54562129228e-05,0.0106824813277,0.000609912271913,0.57384751192,0.818947069961,0.00234020661032,0.0,0.818908948864,-0.573787359343,-0.0117024198357,0.0,-0.0082410401302,0.00863198683404,-0.999928784495,0.0,0.661595844767,0.260792978262,0.303503245221,1.0,-0.00248,-0.00325942857143,0.125
0.464982292889,0.546643160092,-0.123964775973,-1.35696218251,0.079442362552,1.89458894114,0.159105942916,-0.00246244905152,-0.019679340457,0.000438310483483,-0.0171647872598,0.00024707565689,0.0090116271304,-0.00509550810143,0.573868033906,0.818932555726,0.00238657375443,0.0,0.818894992281,-0.573807662547,-0.0116835319834,0.0,-0.00819874825082,0.00865932554343,-0.999928895776,0.0,0.661567252727,0.260748565764,0.303524541019,1.0,-0.0028,-0.00368,0.141
0.46493741567,0.546347751391,-0.123972439221,-1.35740804268,0.0794322615209,1.8947440782,0.159019066984,-0.00495908479764,-0.0123428977243,-0.0014183548291,-0.0220613492446,-4.61781621071e-05,0.012083156185,-0.0158820187029,0.573861181122,0.818937322195,0.00239875348431,0.0,0.818899791359,-0.573800633636,-0.0116923672619,0.0,-0.00819906752377,0.00867430142201,-0.999928763356,0.0,0.661517718005,0.260674293177,0.303535227555,1.0,-0.00318,-0.00417942857143,0.16
0.464901208148,0.546077590933,-0.12397041172,-1.35783618566,0.079418632126,1.89489461054,0.158927042865,-0.00153885509476,-0.0166688633343,-0.000881989586296,-0.0268491042534,0.000124044974348,0.012395522378,-0.00265309523309,0.573834343111,0.818956124109,0.00240007347283,0.0,0.818918477707,-0.573773653766,-0.0117076050171,0.0,-0.00821107399024,0.00868385754034,-0.999928581891,0.0,0.661466344215,0.260612253544,0.303535722985,1.0,-0.0035,-0.0046,0.176
0.464849020621,0.545773799901,-0.123973269711,-1.35834084032,0.0793868740698,1.89506523264,0.158907724398,-0.00512707972716,-0.0154280324233,-0.00177852090772,-0.0266977722296,0.000179166696876,0.0100191239785,-0.000578323807307,0.573882978905,0.81892212449,0.00237222359143,0.0,0.818884119385,-0.573822389094,-0.0117222734486,0.0,-0.00823855268533,0.00866995635639,-0.999928476495,0.0,0.661408565141,0.260526602169,0.303525466496,1.0,-0.00384,-0.00504685714286,0.193
0.464787891642,0.545437506042,-0.123970347737,-1.35892281799,0.0792772813794,1.89525952903,0.158804421492,-0.0072730784718,-0.0167532566752,0.000278416542813,-0.0360992263975,-0.00847445485727,0.00707881432386,-0.00907784404499,0.573849744549,0.818945653166,0.00228795583874,0.0,0.818907152819,-0.573790096481,-0.0116938933908,0.0,-0.00826401586745,0.00858432641167,-0.999929005171,0.0,0.661343918216,0.260418636492,0.303503116351,1.0,-0.00418,-0.00549371428571,0.21
0.464731217533,0.545076582422,-0.123971067773,-1.35956657321,0.0792578800903,1.89547200661,0.158734336031,-0.00312932996931,-0.0226272116857,0.00101716940329,-0.0468119140063,-0.00114467228068,0.017027498885,-0.00543787719696,0.573869981241,0.81893161132,0.00223774741503,0.0,0.818892251242,-0.573810303968,-0.0117457574198,0.0,-0.00833509000187,0.0085731766688,-0.999928510903,0.0,0.661263909918,0.260320343122,0.303470639589,1.0,-0.0045,-0.00591428571429,0.226
0.464663400089,0.544633290102,-0.123973959744,-1.36030037336,0.0792417546007,1.89572368857,0.158668878368,-0.00316028193913,-0.0251854486873,-8.58346493182e-07,-0.0396393639722,-0.000683756622501,0.0100866004992,-0.00671717869187,0.573910512937,0.818903258362,0.00221889316605,0.0,0.81886338747,-0.57385062996,-0.0117878775311,0.0,-0.00837997941883,0.00858232245101,-0.999928057255,0.0,0.661176332456,0.26020701566,0.303457055933,1.0,-0.00486,-0.00638742857143,0.244
0.464602285341,0.54421099415,-0.123979257626,-1.36100849614,0.0792167039006,1.89596836442,0.158548192559,-0.00174768959698,-0.0318030844911,0.000327681670427,-0.0449556882008,-0.0017271390659,0.0172380051945,-0.00530462416487,0.573898206386,0.81891195499,0.00219216396663,0.0,0.818871571097,-0.573838259804,-0.0118215284948,0.0,-0.00842300562383,0.00857961993566,-0.999927718937,0.0,0.661091923657,0.260097581652,0.303440248241,1.0,-0.00518,-0.006808,0.26
0.464530688569,0.543725174586,-0.123980235237,-1.36181331818,0.0791799386214,1.89625031054,0.158479214267,-0.00423575431064,-0.0292273817392,0.000163833627135,-0.0474315005796,-7.61742885424e-05,0.00697599878784,-8.67464544403e-05,0.573936043892,0.818885506753,0.00216592987543,0.0,0.818844653229,-0.573876065577,-0.0118508285299,0.0,-0.0084616593241,0.008575342843,-0.999927429275,0.0,0.660996668151,0.2599737153,0.303425395052,1.0,-0.00552,-0.00725485714286,0.277
0.464449708892,0.543200279532,-0.123979695443,-1.36264977884,0.0791274291328,1.89654712849,0.158357690062,-0.00315799103508,-0.0365602832667,0.00117439841396,-0.0508124134019,-0.0057053534713,0.0224724243167,-0.00705633768841,0.573934979681,0.818886288303,0.00215240074768,0.0,0.818845247736,-0.573875044144,-0.0118592103605,0.0,-0.00847629887527,0.00856906376181,-0.999927359113,0.0,0.660900980019,0.259839755118,0.303424284668,1.0,-0.00586,-0.00770171428571,0.294
0.464378281468,0.542647990874,-0.123991473176,-1.36354224109,0.0790718240439,1.89685849909,0.158242891052,-0.00388609818574,-0.0333208783355,-0.000743818263787,-0.0548991287867,0.000330527648416,0.0233298016533,-0.00110011105116,0.573942441572,0.818881132897,0.00212387603531,0.0,0.818839759448,-0.573882657806,-0.0118697227623,0.0,-0.00850120007319,0.00855181645378,-0.999927295373,0.0,0.660796399735,0.259699175776,0.303417498932,1.0,-0.0062,-0.00814857142857,0.311
0.464311188854,0.542084147432,-0.12399149253,-1.36440891088,0.0790222588311,1.89718068465,0.158134068333,-0.00528451175981,-0.0371428875607,-0.000601984467781,-0.0578533015407,-0.000571333117189,0.0165910014808,-0.00880407910562,0.573943219665,0.818880541228,0.00214165809872,0.0,0.818839369839,-0.573883335029,-0.0118638559743,0.0,-0.00848618229438,0.00856301852812,-0.999927327071,0.0,0.660695937367,0.259573208624,0.303431652443,1.0,-0.00652,-0.00856914285714,0.327
0.464231206147,0.541461744592,-0.123989931047,-1.36536631468,0.0789617172793,1.89753184842,0.157995405906,-0.00345322326929,-0.0395210813734,0.00039851592525,-0.0606301634578,-0.000540941251841,0.0189565500784,-0.00671180142096,0.57393388718,0.818887042273,0.00215685989443,0.0,0.818846068175,-0.573873942567,-0.0118558668285,0.0,-0.00847101312284,0.00857078499309,-0.999927389154,0.0,0.660578254172,0.259422668106,0.303448307712,1.0,-0.00688,-0.00904228571429,0.345
0.464152281438,0.540873217967,-0.123989364136,-1.36627370248,0.0789144308654,1.89786840195,0.157881611216,-0.00406647261149,-0.0370525249059,0.000108402666781,-0.0624351138705,-0.00017919937161,0.0213119936925,-0.00680504329901,0.573939764298,0.818882878967,0.00217356701784,0.0,0.818842050383,-0.573879679743,-0.0118556570661,0.0,-0.00846119155036,0.00858440637204,-0.999927355464,0.0,0.660481511646,0.259293241533,0.303459701655,1.0,-0.00716,-0.00941028571429,0.359
0.464069342867,0.540173579536,-0.123995599652,-1.36733418594,0.0788535444315,1.89825518357,0.157744087952,-0.00658332324182,-0.0412006633288,-0.000527880344131,-0.0604249155574,-0.00749679394313,0.0229175010399,-0.00942660695935,0.573941845417,0.818881359799,0.00219625937697,0.0,0.81884081372,-0.573881657853,-0.0118453141815,0.0,-0.00843967650178,0.00859707381656,-0.999927428458,0.0,0.660358483088,0.259134553734,0.303483147116,1.0,-0.0075,-0.00985714285714,0.376
0.463947506031,0.539299836987,-0.123996356765,-1.36868873028,0.0787729861102,1.89877181526,0.15758076122,-0.00696496279895,-0.0458446783391,-0.000531999396888,-0.070010949821,-0.00155791478494,0.0292967805911,-0.0143887045128,0.573961893883,0.818867227119,0.00222612253898,0.0,0.818827072844,-0.573901589958,-0.0118294853116,0.0,-0.00840936447709,0.00861264901566,-0.999927549808,0.0,0.660207664452,0.258926375335,0.303500601925,1.0,-0.0079,-0.0103828571429,0.396
0.463854314569,0.538648028647,-0.123996342835,-1.36971193652,0.0787135369038,1.89916315887,0.1574555802,-0.00368712198907,-0.0388819930526,0.000173232138767,-0.0673449709218,-0.00455521455754,0.0270782632287,-0.0119354586354,0.573976409301,0.8188570059,0.0022432912858,0.0,0.818817062206,-0.573916023564,-0.0118221588014,0.0,-0.00839335834312,0.00862265145209,-0.999927598088,0.0,0.660093610817,0.25876889967,0.303507957285,1.0,-0.0082,-0.0107771428571,0.411
0.463736753644,0.537820279753,-0.124006902881,-1.37101141913,0.0786412347871,1.89966384713,0.157306971905,-0.00441321145394,-0.0489851149958,-0.000648351282949,-0.0803126768308,-0.0037481610154,0.0208998096164,-0.0119133068172,0.574010899529,0.818832763366,0.00226710421065,0.0,0.818793142461,-0.573950430707,-0.0118084652221,0.0,-0.0083681138829,0.00863464336877,-0.999927706189,0.0,0.659951265532,0.258564069225,0.303517795793,1.0,-0.00856,-0.0112502857143,0.429
0.463643468001,0.537116936805,-0.124008420123,-1.37211941979,0.0785789152223,1.90007167325,0.157157135972,-0.00245515276781,-0.0461756788587,-0.000196974370769,-0.0760422334319,-0.00899263715655,0.0249560813777,-0.0131388768719,0.574010023901,0.818833364819,0.00227156817951,0.0,0.818793752766,-0.57394948717,-0.0118120070146,0.0,-0.00836846117614,0.0086403226161,-0.999927654224,0.0,0.659822311719,0.258396933022,0.303522439849,1.0,-0.00886,-0.0116445714286,0.444
0.463533312085,0.536317122225,-0.124014087762,-1.37335746655,0.0785047129181,1.90054945961,0.157007989495,-0.00725171204939,-0.0500666356132,-0.000184899430313,-0.0821087012186,-0.00558529893776,0.030149249369,-0.0129550084995,0.574030440007,0.818818964796,0.0023029844347,0.0,0.818779800079,-0.57396982028,-0.0117911531048,0.0,-0.0083331366556,0.00865428456174,-0.999927828492,0.0,0.659685438638,0.25820492172,0.303539361294,1.0,-0.00918,-0.0120651428571,0.46
0.463403778412,0.535346313031,-0.124018080137,-1.37489505289,0.078410706366,1.90110734099,0.156818173452,-0.00300014050518,-0.0509405638191,-0.000800267836476,-0.0825065184606,-0.00882556571918,0.0333946423163,-0.0110201298303,0.574043099888,0.81881011673,0.00229327576041,0.0,0.818770821529,-0.573982511304,-0.0117968399047,0.0,-0.00834323231241,0.00864972836019,-0.999927783729,0.0,0.65950491859,0.257970045635,0.303541107374,1.0,-0.00956,-0.0125645714286,0.479
0.463281216958,0.534506992879,-0.124020461353,-1.37626093495,0.0783449233563,1.90159998771,0.156643246042,-0.00815277919594,-0.0486823401458,-0.00204073837205,-0.0900547484676,-0.00269152055584,0.0331574074794,-0.00616328574498,0.574059178067,0.818798903445,0.00227215662719,0.0,0.818759159936,-0.573998489312,-0.011828744264,0.0,-0.0083813097272,0.008650914818,-0.999927455029,0.0,0.659343700167,0.257759509474,0.303525951594,1.0,-0.00988,-0.0129851428571,0.495
0.463154696184,0.533541949805,-0.12402750981,-1.37782464675,0.0782524612629,1.9021663377,0.156471798086,-0.00719106658021,-0.0554433132209,-0.00266022179686,-0.081038859942,0.000561687841421,0.0303137830309,-0.0118590519258,0.574088140301,0.818778678474,0.00224270870839,0.0,0.818738529401,-0.574027539754,-0.01184698184,0.0,-0.00841284154587,0.00863757010248,-0.999927305598,0.0,0.659157690787,0.257522534471,0.303511654333,1.0,-0.01024,-0.0134582857143,0.513
0.463026473888,0.532590182715,-0.124027516841,-1.37933726097,0.0781654057654,1.90274901682,0.156269950676,-0.00756017257468,-0.0587424529562,0.000576377083534,-0.0897122011694,-0.00808076510546,0.0372687383955,-0.0116006308042,0.574087343751,0.818779184268,0.00226186981624,0.0,0.818739256912,-0.57402663995,-0.0118403006835,0.0,-0.00839637986083,0.00864941490923,-0.999927341574,0.0,0.658984609907,0.257296410952,0.303513301961,1.0,-0.01058,-0.0139051428571,0.53
0.462899939996,0.531732804601,-0.124027625317,-1.38070348642,0.0780886571432,1.90325140886,0.156106670218,-0.0106280002094,-0.0634466323295,-0.000677861274637,-0.0928515526622,-0.00441241585581,0.0318074369414,-0.00807991694811,0.574111271826,0.818762415417,0.00225866411625,0.0,0.81872237305,-0.57405050209,-0.0118508995032,0.0,-0.00840664568614,0.00865312043065,-0.999927223259,0.0,0.658825778715,0.257083729396,0.30351094211,1.0,-0.01088,-0.0142994285714,0.545
0.462769918219,0.530677846504,-0.124022554842,-1.38242311693,0.0779805420123,1.90385311104,0.155871966456,-0.011275573847,-0.0603323012379,0.0010213208403,-0.0987342622111,-0.0123898410472,0.0379208216925,-0.00888754667967,0.574086393398,0.818780008816,0.00220385592016,0.0,0.818739183594,-0.574025772512,-0.0118873311664,0.0,-0.00846820205926,0.00862890440641,-0.99992691311,0.0,0.658610567273,0.256834116948,0.303487848584,1.0,-0.01124,-0.0147725714286,0.563
0.462630288398,0.529651545969,-0.124028397037,-1.38406469689,0.0778748534133,1.90445135255,0.155654864148,-0.00543729080615,-0.0592840380498,-0.000418998129518,-0.0976370415408,-0.00958930933217,0.0366479422796,-0.0122492666706,0.574089968992,0.818777549541,0.00218604012522,0.0,0.818736536066,-0.574029463414,-0.011891448404,0.0,-0.00848176284486,0.00861671806387,-0.999926903263,0.0,0.658428648676,0.256595003002,0.303484293695,1.0,-0.01156,-0.0151931428571,0.579
0.462495113616,0.52864607086,-0.124036450452,-1.38563478299,0.0777780054042,1.90504055615,0.155442951295,-0.00967922362739,-0.0597801106204,-0.000118599272844,-0.0974331724393,-0.00839619131854,0.0392656175781,-0.0198633298376,0.574089799193,0.818777628403,0.00220104293541,0.0,0.818736858046,-0.574029282315,-0.0118780142688,0.0,-0.00846215217921,0.00862128779024,-0.999927030026,0.0,0.65823517028,0.256338373236,0.303493603405,1.0,-0.0119,-0.01564,0.596
0.4623558892,0.527528163277,-0.124031712363,-1.38735577073,0.0776798072572,1.90570959994,0.155196099368,-0.00870728462127,-0.0686210864456,0.000117173881165,-0.10072727815,-0.00711525359716,0.0325770075729,-0.0170060757706,0.574065237591,0.81879468729,0.00226052130779,0.0,0.81875463819,-0.574004434535,-0.0118532053557,0.0,-0.0084079541967,0.00865549209924,-0.999927191731,0.0,0.658035181623,0.256089392072,0.303519288119,1.0,-0.01224,-0.0160868571429,0.613
0.462206638784,0.526371072605,-0.124037170359,-1.38914780643,0.0775602043581,1.90638896929,0.154971791881,-0.0108824615336,-0.0672436381614,-0.000704717612981,-0.109551780514,-0.000931418438416,0.0423467771059,-0.0120636245689,0.574072227574,0.818789704823,0.00228991364227,0.0,0.818750162566,-0.574011437629,-0.0118231836161,0.0,-0.00836642548091,0.00866239530036,-0.999927480287,0.0,0.657827166449,0.255817259164,0.303539637434,1.0,-0.01258,-0.0165337142857,0.63
0.462068996208,0.525254006773,-0.124043446465,-1.39087565096,0.0774482868624,1.90701383731,0.154734421707,-0.0136713928003,-0.072715457302,-0.00241609566512,-0.101920539866,-0.0065663443013,0.0358476581897,-0.0150126737554,0.574057785508,0.818799810281,0.00229705944383,0.0,0.818760409523,-0.573997020099,-0.0118135353165,0.0,-0.0083545760516,0.00866256003484,-0.999927577934,0.0,0.657618524561,0.255556972525,0.30355738789,1.0,-0.0129,-0.0169542857143,0.646
0.461917688008,0.524096968783,-0.124048862305,-1.39274429458,0.0773235337537,1.90768086363,0.154481983098,-0.00808891425241,-0.0685137380393,-0.00072845373891,-0.11213425582,-0.0127765629549,0.0450209882022,-0.0156934322843,0.574038174194,0.818813693771,0.00224863572107,0.0,0.81877374187,-0.573977680074,-0.0118291717186,0.0,-0.00839538271179,0.00863168620573,-0.999927503143,0.0,0.657376913223,0.255251909213,0.30354103399,1.0,-0.01326,-0.0174274285714,0.664
0.461755130381,0.522881098346,-0.12404743704,-1.39466680971,0.077224554881,1.90840231105,0.154216210357,-0.0124119158902,-0.072142491177,0.000329454955609,-0.112254762946,-0.00449452714091,0.0449511325347,-0.011256888709,0.574036551681,0.818814764893,0.00227267005805,0.0,0.818774924248,-0.573975756624,-0.0118406559181,0.0,-0.00839100792857,0.00865794123971,-0.999927312878,0.0,0.657159947796,0.25498752285,0.303541757655,1.0,-0.01358,-0.017848,0.68
0.46158931801,0.521655528238,-0.124047632649,-1.39662165674,0.0770971695398,1.90917126737,0.1539467385,-0.0151239918079,-0.0671400150133,0.000623050406761,-0.114728179108,-0.00744524036193,0.041380015691,-0.0162784725604,0.574022312568,0.8188246749,0.00229855409799,0.0,0.818785278882,-0.573961530598,-0.0118142024798,0.0,-0.00835463972922,0.00866380489186,-0.999927566617,0.0,0.656934412326,0.25469408731,0.303539148721,1.0,-0.01392,-0.0182948571429,0.697
0.461420598164,0.520387083103,-0.124060991481,-1.39863940294,0.076968626855,1.90991986486,0.153683870202,-0.014003005773,-0.0759203986093,-0.000201211769043,-0.117522677806,-0.0118004715779,0.0481176206718,-0.0150558344018,0.574027676326,0.818820937964,0.00229025423839,0.0,0.818781517987,-0.57396701268,-0.0118085163961,0.0,-0.00835469094166,0.00865379968208,-0.999927652828,0.0,0.656694209342,0.254382677469,0.303535024344,1.0,-0.01426,-0.0187417142857,0.714
0.461248134849,0.519062838626,-0.124065255414,-1.40070672317,0.0768353932891,1.91065648835,0.15339884562,-0.0138690310094,-0.0766085356193,-0.000387619421313,-0.116598352224,-0.00934668985907,0.0454469553751,-0.0154461946073,0.574012315106,0.81883173376,0.0022805251887,0.0,0.818792200083,-0.573951704137,-0.0118119136148,0.0,-0.00836321940372,0.00864762661005,-0.999927634939,0.0,0.656439788096,0.254067467826,0.303544745883,1.0,-0.0146,-0.0191885714286,0.731
0.461090110679,0.517776061242,-0.124071640204,-1.40267860197,0.0767095678413,1.91136953847,0.15312947336,-0.00694808322607,-0.0789455033836,-0.000168289696363,-0.12424200153,-0.010405175396,0.0447330507827,-0.0148998690802,0.573996127372,0.818843025121,0.00230062476845,0.0,0.818803782336,-0.573935471752,-0.0117977624312,0.0,-0.00834026589295,0.0086557968602,-0.999927755963,0.0,0.656197944875,0.253770968708,0.303571214104,1.0,-0.01492,-0.0196091428571,0.747
0.460905762933,0.516447893773,-0.124078031282,-1.40481833626,0.0765672359987,1.91215701685,0.152828110262,-0.014598595217,-0.0774522052206,-0.000141555910644,-0.118803722296,-0.0115686646639,0.0453548420401,-0.0244509226984,0.573979597274,0.81885469563,0.00227073979708,0.0,0.818815151105,-0.573919148378,-0.0118028110008,0.0,-0.00836172714823,0.0086340550873,-0.999927764697,0.0,0.655939158575,0.253440250285,0.303552956806,1.0,-0.01526,-0.020056,0.764
0.460719328293,0.514987258574,-0.124087296618,-1.40712863149,0.0764268626365,1.91303208934,0.152513296976,-0.00997810235109,-0.0774222523804,-0.00170518660496,-0.126650585414,-0.00607950318369,0.0571306849582,-0.0159550476039,0.573965213828,0.818864727872,0.00228859423593,0.0,0.818825442197,-0.573904725822,-0.0117901565642,0.0,-0.00834126889426,0.00864126529179,-0.999927873283,0.0,0.655661138479,0.253094255277,0.303553671598,1.0,-0.01562,-0.0205291428571,0.782
0.460539521995,0.513734443188,-0.124083428341,-1.40913249129,0.0763063469682,1.91372353849,0.15224807546,-0.00868939763532,-0.0863283071546,0.000855944783079,-0.132791983667,-0.00383742773911,0.0467634970415,-0.0170604962744,0.573965105883,0.81886493598,0.00224070360305,0.0,0.818824885538,-0.573904656582,-0.0118321121772,0.0,-0.00840311333462,0.00862612946959,-0.999927486159,0.0,0.655407176826,0.252784795104,0.303537802576,1.0,-0.01592,-0.0209234285714,0.797
0.460334467547,0.512250744944,-0.124096760338,-1.41153263743,0.0761654781958,1.91456424474,0.151906679275,-0.0125763679362,-0.0865220336142,-0.000603979481325,-0.133328508747,-0.0105016266671,0.0498463672485,-0.0210296972998,0.573950626138,0.818875257714,0.00217668579569,0.0,0.818834266921,-0.57389032207,-0.011878065988,0.0,-0.00847763865557,0.00859993390435,-0.999927082731,0.0,0.655105403059,0.252411652206,0.303508200981,1.0,-0.01628,-0.0213965714286,0.815
0.460162638087,0.510975642465,-0.124097211904,-1.41356583202,0.0760391725664,1.91533496989,0.151623049145,-0.0100968456519,-0.0876101260474,0.00625891467591,-0.132972334847,-0.0154410474297,0.0494763925968,-0.0125124551458,0.573931738552,0.818888475319,0.00218434742035,0.0,0.818847590792,-0.573871412892,-0.0118731386042,0.0,-0.00846940489074,0.00860318434172,-0.999927124545,0.0,0.654858628044,0.252106205398,0.303500215393,1.0,-0.01658,-0.0217908571429,0.83
0.459948843365,0.509498904792,-0.12410320105,-1.41591406314,0.075893423143,1.91621760034,0.151290141795,-0.0156167474665,-0.0908848749621,-0.00161719473733,-0.143104696657,-0.00903712028049,0.0544598922161,-0.02100050764,0.573921627515,0.818895547635,0.00218961997984,0.0,0.818854752596,-0.573861303323,-0.0118678389479,0.0,-0.00846214522159,0.00860435583145,-0.999927175928,0.0,0.654576422838,0.251739835872,0.303492893853,1.0,-0.01692,-0.0222377142857,0.847
0.459748248405,0.507998582897,-0.124103922411,-1.41829025118,0.0757427263619,1.91706734997,0.150953697727,-0.0105949107254,-0.0910174761001,-0.00112805940233,-0.146134600061,-0.00616089209739,0.0542690478615,-0.0226354706895,0.57389341301,0.818915386955,0.0021648123829,0.0,0.818874228252,-0.573833150111,-0.0118853287666,0.0,-0.00849100097497,0.00859378641697,-0.999927022206,0.0,0.654276359549,0.251379294457,0.303485228121,1.0,-0.01726,-0.0226845714286,0.864
0.459541614384,0.506557230361,-0.12410524235,-1.42055026682,0.0755967692141,1.91789743269,0.150637422396,-0.0134959522318,-0.0923303186615,0.000796928480925,-0.145889330544,-0.0110560638142,0.0532520946175,-0.0220912088514,0.573882042596,0.818923341775,0.00216988107212,0.0,0.818882270935,-0.573821782953,-0.011880010868,0.0,-0.00848385651527,0.00859476751889,-0.999927074416,0.0,0.653999081615,0.251026946546,0.303489411583,1.0,-0.01758,-0.0231051428571,0.88
0.459323631072,0.504956599358,-0.124116350375,-1.42300609974,0.0754475138806,1.91884253216,0.150307887196,-0.00979814982302,-0.0929929477875,-4.16722762767e-05,-0.146782979903,-0.00782399527786,0.0571602750765,-0.0213610387502,0.573885277108,0.818920877844,0.00224308962223,0.0,0.818880814894,-0.573824783738,-0.0118353481928,0.0,-0.00840523514109,0.00862912127237,-0.999927442512,0.0,0.653706342298,0.250647585316,0.303521462759,1.0,-0.01792,-0.023552,0.897
0.459099231468,0.503290084521,-0.124118124639,-1.42548223537,0.0752881954524,1.9197851964,0.149959837756,-0.00360550526184,-0.0984672435628,0.00105654977729,-0.145705009914,-0.0137129767789,0.0659343515688,-0.0187629792353,0.573869501504,0.818931626208,0.00235239050598,0.0,0.818893065519,-0.57380867462,-0.0117685631158,0.0,-0.00828798602151,0.00868014284105,-0.999927979611,0.0,0.653408958535,0.250266277086,0.303588659844,1.0,-0.01826,-0.0239988571429,0.914
0.458843422804,0.501381364426,-0.124131911063,-1.42831518686,0.0751056786832,1.9208150219,0.149564526378,-0.00854985116367,-0.104563659345,8.31618577298e-05,-0.150978976342,-0.0133099945995,0.0525687193134,-0.0180156303782,0.573860529501,0.818937665132,0.00243725448084,0.0,0.818900282774,-0.573799468782,-0.0117150927856,0.0,-0.0081955931968,0.00871886559782,-0.999928404254,0.0,0.653060145432,0.249820627996,0.303662320719,1.0,-0.01864,-0.0244982857143,0.933
0.458635103149,0.499878309143,-0.124137286156,-1.43061067472,0.074961281479,1.92161765483,0.149242624132,-0.0126320306473,-0.0980760327221,-0.00198608316272,-0.152031375603,-0.0140408008356,0.0534167874773,-0.0274533067615,0.573849104546,0.818945646063,0.00244558911574,0.0,0.818908321393,-0.573787960979,-0.0117168207958,0.0,-0.00819234751242,0.0087265684129,-0.999928363657,0.0,0.652767731971,0.249460218338,0.303688146781,1.0,-0.01894,-0.0248925714286,0.948
0.458370536749,0.498098072533,-0.124132786743,-1.43340109317,0.0747894184978,1.92265934573,0.148839541902,-0.0124137711514,-0.102815324951,0.000384014929305,-0.157580920977,-0.00857442931062,0.0561828855126,-0.0145076559972,0.573827992755,0.818960358325,0.00247247316339,0.0,0.818923324275,-0.573766691413,-0.0117098114864,0.0,-0.00817140598912,0.00874435191878,-0.999928379652,0.0,0.652423161128,0.249025626748,0.3036916365,1.0,-0.0193,-0.0253657142857,0.966
0.458107942657,0.496426029836,-0.124133061881,-1.43606777337,0.0746331433416,1.92360596986,0.148450832759,-0.0164664585165,-0.101504778394,-0.000294284011111,-0.153501740119,-0.00889306163976,0.0599651588171,-0.0152036828248,0.573817728226,0.818967657549,0.00243671168965,0.0,0.818929976396,-0.573756364714,-0.011750515359,0.0,-0.00822537156155,0.00873831851499,-0.999927989933,0.0,0.652085076675,0.248599052901,0.303669879216,1.0,-0.01964,-0.0258125714286,0.983
0.457854740042,0.494850651579,-0.124130557309,-1.43863498524,0.0744662475753,1.92449081622,0.148081306381,-0.0155103241201,-0.0948626450052,-0.000958236308646,-0.159418056356,-0.0157825972914,0.0520521729593,-0.0204481132763,0.573804688622,0.818977068573,0.00234251329062,0.0,0.818938065422,-0.573743578983,-0.0118109051091,0.0,-0.00832901884369,0.00869569344996,-0.999927503552,0.0,0.651752563972,0.248185090705,0.303622104357,1.0,-0.01996,-0.0262331428571,0.999
0.457583076683,0.493127907596,-0.124137753404,-1.44144449948,0.0742838565345,1.92551386602,0.147686376197,-0.014455067811,-0.108641073406,-0.000562658915537,-0.171958895626,-0.012671228881,0.0614976566282,-0.0327027584408,0.573800750574,0.818980003833,0.00228010160138,0.0,0.818940203377,-0.573739897759,-0.0118414489134,0.0,-0.00838988614811,0.00866206591514,-0.999927286569,0.0,0.65139912194,0.247733556848,0.303573325782,1.0,-0.0214285714286,-0.0281632653061,1.016
0.457266697443,0.49113513788,-0.124142609099,-1.44463638041,0.0740972402642,1.92667141824,0.147235264234,-0.019509042414,-0.115593436242,-0.000619569033488,-0.181595504897,-0.00746868267738,0.0676994608919,-0.0268354301857,0.573803386832,0.81897824301,0.00224891928781,0.0,0.818937856055,-0.573742470364,-0.0118790791691,0.0,-0.00843856934727,0.00865814769585,-0.999926910842,0.0,0.650995969854,0.247221070061,0.303541277331,1.0,-0.0231668571429,-0.0304478693878,1.034
0.456982399175,0.489372844501,-0.124153670666,-1.44749712717,0.073912083991,1.92767075721,0.146826046848,-0.0141448077047,-0.119804703004,-0.00117327069042,-0.189156764224,-0.00805641798586,0.0676882077833,-0.0331102564001,0.573801151151,0.818980053206,0.00215830701494,0.0,0.818938443096,-0.573740555474,-0.0119309816911,0.0,-0.008533092043,0.00861369745562,-0.999926492576,0.0,0.650627477005,0.246751867305,0.303492202412,1.0,-0.0246154285714,-0.0323517061224,1.049
0.456625683877,0.487174840356,-0.1241649558,-1.45088805722,0.0736955389207,1.92897444269,0.146338457871,-0.0239516473362,-0.12849163444,0.000920822200755,-0.201183222895,-0.0156028173984,0.0836184245274,-0.0196263323734,0.573811936172,0.818972265448,0.00224437840068,0.0,0.818931897616,-0.57375111687,-0.0118722306165,0.0,-0.0084354753989,0.00865058724999,-0.999927002383,0.0,0.650219879545,0.246193870321,0.3035189368,1.0,-0.0262571428571,-0.0345093877551,1.066
0.456247544749,0.484837834803,-0.124188781619,-1.45444806161,0.0734763077846,1.93031778749,0.145790994066,-0.0208349624729,-0.13558914974,-0.00166345853248,-0.215714968927,-0.0175837618228,0.0822946084146,-0.0373809835407,0.573807016454,0.818975437599,0.0023425156407,0.0,0.818936417746,-0.573745889044,-0.0118129334272,0.0,-0.00833065399488,0.00869688289466,-0.999927479586,0.0,0.649788604732,0.245598916104,0.303564316116,1.0,-0.0278988571429,-0.0366670693878,1.083
0.455837805246,0.482349019966,-0.124225256682,-1.45827679815,0.0732339026824,1.93161370909,0.145216688154,-0.0233416051328,-0.144252036247,-0.00294652767341,-0.233603166321,-0.0161645446097,0.0751414681333,-0.0373077867336,0.573820066504,0.818966411584,0.00230105963152,0.0,0.818926798223,-0.573759041118,-0.0118409792266,0.0,-0.00837727178754,0.00867915798451,-0.99992724412,0.0,0.649295279819,0.24493991256,0.303582086169,1.0,-0.0295405714286,-0.0388247510204,1.1
0.4554051531,0.479742945605,-0.124249430874,-1.4623286411,0.0729934963275,1.93308977902,0.144606855054,-0.028951073335,-0.154945782379,0.000188386659772,-0.240795275185,-0.0074833930941,0.0929573265518,-0.0361786620098,0.573825323508,0.818962648432,0.00232926493704,0.0,0.818923287723,-0.573764069235,-0.0118401258763,0.0,-0.00836033327918,0.00870182089861,-0.99992718892,0.0,0.648786305951,0.244260996111,0.303588834805,1.0,-0.0311822857143,-0.0409824326531,1.117
0.455000106342,0.477327399355,-0.124264793917,-1.46600942567,0.0727639871363,1.93443366187,0.144081138408,-0.0274641180389,-0.160883410952,0.00145078499721,-0.251683734338,-0.00893588930163,0.0877686967368,-0.0296753085794,0.573853930926,0.818942414809,0.00239459569747,0.0,0.818903884033,-0.57379240139,-0.0118091373082,0.0,-0.00829716235446,0.00873783181284,-0.999927401061,0.0,0.648325319084,0.243639742408,0.303626817983,1.0,-0.0326308571429,-0.0428862693878,1.132
0.45451803688,0.474467682186,-0.124289681903,-1.47038961878,0.0724888335652,1.93604821508,0.143459369909,-0.028620071569,-0.173222721269,-0.000397142649117,-0.258626239268,-0.00949462140755,0.0931136996988,-0.0404608725342,0.573894226268,0.818913955711,0.00246923059829,0.0,0.818876432637,-0.573832450822,-0.011766620487,0.0,-0.00821908332535,0.00877495924903,-0.999927720768,0.0,0.647777849664,0.242897439266,0.303661555683,1.0,-0.0342725714286,-0.0450439510204,1.149
0.454009484388,0.471523226679,-0.124293596188,-1.47500437917,0.0722030109913,1.93764353776,0.142768894794,-0.0323774201758,-0.171997493064,-0.000541426844943,-0.270979936514,-0.025539246851,0.0997187888911,-0.0445105557171,0.573891141356,0.818916290302,0.00241127615056,0.0,0.818877729002,-0.573829282581,-0.0118307353385,0.0,-0.00830488092604,0.00876426328386,-0.999927105664,0.0,0.647169358141,0.242121505936,0.303639177648,1.0,-0.0359142857143,-0.0472016326531,1.166
0.453501742907,0.468383276445,-0.124289150003,-1.47971612493,0.0718983356365,1.93943941821,0.142024523464,-0.0319473938902,-0.19183327196,0.00300418244717,-0.282206403178,-0.0211091933122,0.112901823044,-0.0431042210073,0.573835491542,0.818954714961,0.00259815167562,0.0,0.818918658916,-0.573773027607,-0.0117256032833,0.0,-0.00811214492543,0.00885641272293,-0.999927875928,0.0,0.646577230384,0.241352782263,0.303720280621,1.0,-0.037556,-0.0493593142857,1.183
0.452881148987,0.464760048072,-0.124291998348,-1.48527741053,0.0715283583441,1.94138931153,0.141159859707,-0.0339204319103,-0.192231150951,-0.000489736995009,-0.306374323988,-0.0168737017345,0.106205517964,-0.0471640926334,0.573798353057,0.818980720878,0.00260302913463,0.0,0.818944642586,-0.573735782791,-0.0117333211575,0.0,-0.00811606912116,0.00886446778884,-0.999927772708,0.0,0.645844487251,0.240414020478,0.303741632048,1.0,-0.0393908571429,-0.0517708408163,1.202
0.452364276162,0.461826095297,-0.124299102315,-1.48989973931,0.0712169450652,1.94299759693,0.140473713641,-0.0333725356259,-0.192807238345,-0.000223773642063,-0.311052399424,-0.0173394905103,0.103531418367,-0.0524684295357,0.573795582784,0.81898290245,0.00252617779537,0.0,0.81894575593,-0.57373321866,-0.011780897765,0.0,-0.00819915958684,0.00882879966478,-0.999927410405,0.0,0.645228240908,0.239628564279,0.303702967549,1.0,-0.0408394285714,-0.053674677551,1.217
0.451759272113,0.458374948981,-0.124302806101,-1.49525281417,0.0708557648684,1.94488317111,0.139673362955,-0.0337902849562,-0.204846288493,0.00065715142686,-0.31512128794,-0.0210725264155,0.117253136219,-0.0470675976365,0.573782346924,0.818992211655,0.00251445976369,0.0,0.818954832976,-0.573719942261,-0.0117964528146,0.0,-0.0082187655066,0.00882799532341,-0.99992725655,0.0,0.644475234122,0.238666391442,0.303700542169,1.0,-0.0425777142857,-0.0559592816326,1.235
0.451128941722,0.455068146851,-0.124314796605,-1.50051881252,0.070502535905,1.94672954187,0.1388518583,-0.0381724606433,-0.208839228677,0.000578490965293,-0.32410725846,-0.0206460483887,0.115332088822,-0.0473139396504,0.573785006877,0.818990699261,0.00239735463982,0.0,0.818951739476,-0.573722986249,-0.011862982772,0.0,-0.00834041567155,0.00877028825906,-0.999926757073,0.0,0.643817257895,0.237798809995,0.303621820325,1.0,-0.0440262857143,-0.0578631183673,1.25
0.450487590631,0.451532302023,-0.124370033463,-1.50584136814,0.0701363620407,1.9486566777,0.137987547119,-0.0423072434055,-0.224119469773,0.00178577977466,-0.33707679094,-0.0259496359813,0.127229609717,-0.055393897207,0.573784978,0.81899042967,0.00249439985222,0.0,0.818953051883,-0.573722928438,-0.0117748502225,0.0,-0.00821255337219,0.00879919795928,-0.999927561418,0.0,0.643133768056,0.236845070879,0.30368476233,1.0,-0.0455714285714,-0.059893877551,1.266
0.449692733226,0.447188560634,-0.124408909688,-1.51239340552,0.0696953211244,1.95094240204,0.137029489066,-0.0462648984408,-0.235946095009,-5.47880491135e-06,-0.351297408379,-0.0201397926384,0.114572152642,-0.0503497527943,0.573854164686,0.818941787895,0.00254806062118,0.0,0.818905150383,-0.57379195513,-0.0117428193265,0.0,-0.00815478577342,0.00882545565919,-0.999927802794,0.0,0.642262134639,0.235681897596,0.303743735722,1.0,-0.0474062857143,-0.0623054040816,1.285
0.449003819623,0.443482948665,-0.124418859605,-1.5181293366,0.069302354767,1.95289200844,0.13615784994,-0.0428461093511,-0.232311207827,0.00091321857045,-0.358541138393,-0.0223230557677,0.126457903444,-0.0590770535108,0.573859423333,0.818938337343,0.00247159520078,0.0,0.818900571141,-0.573797351192,-0.0117983579884,0.0,-0.00824409161932,0.00879475895944,-0.999927340944,0.0,0.641473290968,0.234677922152,0.303720479329,1.0,-0.0489514285714,-0.0643361632653,1.301
0.448201759348,0.439227418454,-0.124422778677,-1.52473017309,0.0688442071534,1.95523828155,0.13506666891,-0.0400004325322,-0.235831061888,0.00126913706768,-0.368841515983,-0.0231419113298,0.127367801006,-0.0578891102812,0.573791031371,0.818986299681,0.00245767227942,0.0,0.818948358687,-0.573729026957,-0.0118040811667,0.0,-0.00825750181289,0.00878595174324,-0.999927307716,0.0,0.640579457813,0.233527988008,0.303692386433,1.0,-0.0506897142857,-0.0666207673469,1.319
0.447380566906,0.435033484563,-0.124445427865,-1.53105890266,0.0684233424212,1.95751862217,0.134045191912,-0.0453684264912,-0.254752477827,-0.00404748424898,-0.37106437788,-0.0304181541445,0.134495364816,-0.0664145775225,0.573804982097,0.818976165931,0.00257469564772,0.0,0.818939757971,-0.573742555488,-0.011743071916,0.0,-0.00814024027836,0.00884692413183,-0.999927731599,0.0,0.639739677662,0.232388575309,0.303741757249,1.0,-0.0523314285714,-0.0687784489796,1.336
0.446623381933,0.431254321184,-0.124465709211,-1.53680445788,0.0680024426236,1.95958069698,0.133125175911,-0.0533626046051,-0.249577148509,-0.000556616547943,-0.400439866162,-0.0281694966057,0.13881862753,-0.0623036362384,0.573818161033,0.81896676082,0.0026286198996,0.0,0.818931349857,-0.573755864037,-0.0116790241261,0.0,-0.00805670159284,0.00885446586525,-0.999928341429,0.0,0.638973140571,0.231341336823,0.303762977725,1.0,-0.05378,-0.0706822857143,1.351
0.445691768308,0.426597817949,-0.124508455268,-1.54403581312,0.0674690478608,1.96189389465,0.131969780435,-0.0499951281931,-0.259226953326,-0.00357723324768,-0.403096876242,-0.0240307399054,0.131831626543,-0.0703990884251,0.573825682732,0.818962249236,0.00238055980685,0.0,0.818923572858,-0.573764249068,-0.0118116556948,0.0,-0.0083075799517,0.00872749596701,-0.99992740483,0.0,0.637939350171,0.230009097581,0.303693298315,1.0,-0.0555182857143,-0.0729668897959,1.369
0.444897110111,0.422605576269,-0.12454982923,-1.55010241431,0.0670377853065,1.96397434538,0.130958932595,-0.0598596305751,-0.269183843131,-0.00282431038479,-0.402349298748,-0.0293391607265,0.139395123606,-0.062621063918,0.573822541472,0.818964504321,0.00236187676002,0.0,0.818925659921,-0.573761258168,-0.0118122415537,0.0,-0.00831881333041,0.0087124996958,-0.999927442215,0.0,0.637042072261,0.228814907961,0.303699227757,1.0,-0.0570634285714,-0.0749976489796,1.385
0.443943892788,0.417982172088,-0.124567990797,-1.55705065796,0.0665679836269,1.96644984177,0.129869935811,-0.0551153747216,-0.275069471367,-0.00580524634243,-0.406633476134,-0.0257812835077,0.156454703328,-0.0677665605633,0.573878384682,0.818924995291,0.00248969550046,0.0,0.818887781715,-0.573816582174,-0.011750654491,0.0,-0.00819443387921,0.00878239693211,-0.999927857777,0.0,0.636149803377,0.227618369956,0.303746509505,1.0,-0.0586085714286,-0.0770284081633,1.401
