position_joint1,position_joint2,position_joint3,position_joint4,position_joint5,position_joint6,position_joint7,velocity_joint1,velocity_joint2,velocity_joint3,velocity_joint4,velocity_joint5,velocity_joint6,velocity_joint7,ee_T_00,ee_T_10,ee_T_20,ee_T_30,ee_T_01,ee_T_11,ee_T_21,ee_T_31,ee_T_02,ee_T_12,ee_T_22,ee_T_32,ee_T_03,ee_T_13,ee_T_23,ee_T_33,v_x,v_y,time
0.465079054916,0.547543216295,-0.123993842501,-1.35574511523,0.0794442052179,1.89410349074,0.159141313934,0.000908891536668,0.0024321896423,-0.00052628954828,-0.000957951035127,0.000204410706827,-0.000144714002555,-0.000742439906999,0.573770427308,0.819001476837,0.00219649414886,0.0,0.818962162609,-0.573711514229,-0.0116970747426,0.0,-0.00831992768913,0.00851044502406,-0.999929173056,0.0,0.661707087515,0.260895721675,0.303425123026,1.0,0.0,0.0,0.0
0.465079055024,0.54755093219,-0.123990920525,-1.35574534811,0.0794442051638,1.89410431035,0.159137134337,0.000154680970872,0.000832423769863,0.00108956834791,0.000390520072621,0.000358769154973,0.000102191553519,-0.00156702173889,0.57376499593,0.819005296748,0.00219094629741,0.0,0.81896589627,-0.573706089778,-0.0117017177835,0.0,-0.00832696993247,0.00850851016972,-0.999929130902,0.0,0.661706322603,0.260897338572,0.303419520484,1.0,-0.00022,-0.000289142857143,0.012
0.465075839372,0.54753641704,-0.123994296383,-1.35574832603,0.0794441920746,1.89410345728,0.159140830554,0.000230340163694,-0.00168146363958,-0.000138371380669,0.000307660920493,0.00026452764087,0.00542844306749,0.00143053254402,0.573773136894,0.818999585102,0.00219405629158,0.0,0.818960254559,-0.573714248303,-0.0116965656554,0.0,-0.00832088126562,0.00850818387499,-0.999929184364,0.0,0.661707327095,0.260890967578,0.303425379491,1.0,-0.00056,-0.000736,0.029
0.465075462723,0.547514182092,-0.123991775358,-1.35576806935,0.0794396712873,1.89410610643,0.159141057815,0.000198143312308,-0.00373655888328,-0.000872770306495,-0.000627473237777,-0.000207113392151,-0.00030344457629,-0.000311602054099,0.573771732571,0.819000544173,0.00220328141867,0.0,0.818961328636,-0.573712804774,-0.0116921656642,0.0,-0.00831199931086,0.00851320033413,-0.999929215539,0.0,0.661703831115,0.260891641133,0.303434915558,1.0,-0.0009,-0.00118285714286,0.046
0.465079999434,0.54738820465,-0.12398752798,-1.35588155095,0.0794412079233,1.89412194157,0.159141235504,0.000356291059111,-0.00376856853036,0.00119413312331,-0.00995806894271,0.000150560395413,0.0011734410811,0.000499392831275,0.573771676262,0.819000496424,0.00223545920819,0.0,0.818961571428,-0.573712497962,-0.0116902141307,0.0,-0.00829193993547,0.00853843333495,-0.999929166935,0.0,0.661682055032,0.260886611008,0.303471378231,1.0,-0.00124,-0.00162971428571,0.063
0.465071913863,0.547264118478,-0.123989962829,-1.35605305438,0.0794363184429,1.89415884914,0.159133414001,-0.000340878251709,-0.00803111018698,0.000447222572722,-0.00643843765052,-0.00153764197602,-0.000213320537373,-0.00124169816575,0.573781697763,0.818993489926,0.00223017313469,0.0,0.818954426743,-0.573722466351,-0.011701513707,0.0,-0.00830412299721,0.00854068899701,-0.999929046569,0.0,0.66165631549,0.260862834256,0.303480918295,1.0,-0.00156,-0.00205028571429,0.079
0.465053503737,0.54710366698,-0.123997613989,-1.3562619768,0.0794328719474,1.89424798708,0.159130091525,0.000715169123978,-0.0175502376054,0.000675727260256,-0.0103551347495,0.0002462124926,0.00880359823191,0.0011633681992,0.57381021374,0.818973407578,0.00226785974108,0.0,0.818934807432,-0.573750811819,-0.011684777027,0.0,-0.00826849448521,0.00856223853334,-0.999929157526,0.0,0.661637181328,0.260829032784,0.303503117113,1.0,-0.0019,-0.00249714285714,0.096
0.465030706554,0.546902120176,-0.123994625788,-1.35647757073,0.0794271234027,1.89436754574,0.159117792748,-0.000144740313722,-0.0107073196999,0.000860723254136,-0.0166807664437,-0.00373518124002,0.00366316709298,-0.00175354693769,0.573820313881,0.818966042147,0.00236982885429,0.0,0.818928701713,-0.573760473531,-0.0116381882454,0.0,-0.00817172417046,0.00861911564356,-0.999929464397,0.0,0.661618704129,0.26080698249,0.303555916107,1.0,-0.00226,-0.00297028571429,0.114
0.465009137835,0.546708354109,-0.123992120041,-1.35671329632,0.0794231842276,1.89449344407,0.159111278699,-0.00140300766369,-0.0108111737131,-0.000400853207446,-0.0151868491253,-0.000973153401929,0.00843956312358,-0.00192264047271,0.573850296229,0.818944829699,0.00243932962846,0.0,0.818908379449,-0.573790194337,-0.0116028380897,0.0,-0.00810257684158,0.00865604620359,-0.999929708086,0.0,0.661603922784,0.260769599108,0.303589414751,1.0,-0.00256,-0.00336457142857,0.129
0.464966552539,0.546432310547,-0.123991650474,-1.35709816532,0.079409122448,1.89463761907,0.159088458742,-0.000479468070833,-0.0176020038,0.000188475711866,-0.0206551230546,-0.00013211359586,0.00481400737871,-0.00107197159485,0.573883910994,0.81892116753,0.00247486871101,0.0,0.818885101536,-0.57382359916,-0.0115937237342,0.0,-0.00807436316177,0.00868025175705,-0.999929726475,0.0,0.661563457726,0.260707150684,0.303614196371,1.0,-0.00294,-0.003864,0.148
0.464931777201,0.546214769941,-0.123989936027,-1.35743884772,0.079395404661,1.89475954691,0.159045178977,-0.00180717673979,-0.0177294167854,0.00178192935306,-0.0280521169192,-0.00167865133831,0.0115024853559,-0.00119586254737,0.573885790685,0.818919835499,0.00247975364716,0.0,0.818883810648,-0.573825437816,-0.0115938981503,0.0,-0.00807168284867,0.00868437072419,-0.99992971235,0.0,0.661521874972,0.260648715016,0.303622650707,1.0,-0.00324,-0.00425828571429,0.163
0.464898382447,0.545911530138,-0.123998026227,-1.35793219766,0.079363198553,1.89493288166,0.158904495252,-0.00280827061748,-0.0169283555587,-0.00113057560015,-0.0288682577349,-0.00431631298433,0.0170331598243,-0.0070730781857,0.573827954926,0.818960419255,0.00246104481477,0.0,0.818924136327,-0.573767657628,-0.0116052101104,0.0,-0.00809229562067,0.00867497000361,-0.999929627347,0.0,0.661466493785,0.260578806386,0.30361174095,1.0,-0.00358,-0.00470514285714,0.18
0.464845132904,0.545612292586,-0.12399315035,-1.35842403124,0.0793052051803,1.89510344225,0.158889286797,-0.00471308357569,-0.0134239036383,6.47327681736e-05,-0.0370907147918,-0.00052045031489,0.0133233767679,0.000155459226709,0.573868599539,0.818932070926,0.0024167279864,0.0,0.818895446168,-0.573808700957,-0.0116004246273,0.0,-0.00811337642487,0.0086363332538,-0.999929790971,0.0,0.661406165612,0.260489037618,0.303599150848,1.0,-0.00392,-0.005152,0.197
0.464796479575,0.545312673015,-0.123995609566,-1.35896572423,0.0792599656486,1.89527317594,0.158827867336,0.000338484607522,-0.0230786576591,0.000733364703611,-0.0351074352087,-0.00101504687732,0.00971941138996,-0.00591260309777,0.573877163532,0.818926242267,0.00235749961722,0.0,0.818888899047,-0.573817525912,-0.0116260429595,0.0,-0.0081682543398,0.00860261644979,-0.99992963483,0.0,0.661344603028,0.26040436339,0.30357305187,1.0,-0.0042,-0.00552,0.211
0.464725822933,0.544867937994,-0.123995987069,-1.3597194014,0.0792469826553,1.89551571125,0.158694969529,-0.00147866288361,-0.0200312411824,0.00080424934558,-0.0401767901784,-0.00413319082782,0.0153201741703,-0.0106517656355,0.573864920126,0.81893493104,0.00231928286039,0.0,0.818896754182,-0.573805068143,-0.0116874576049,0.0,-0.00824060968526,0.008606440832,-0.999929008244,0.0,0.661250734852,0.260288153861,0.303550173778,1.0,-0.00458,-0.00601942857143,0.23
0.464659910289,0.544457385724,-0.124006964025,-1.36043517344,0.0792134108549,1.8957566653,0.158645870847,-0.00197148707732,-0.022326685503,0.000323333542742,-0.0500880672652,-0.00201011092851,0.0115417421422,-0.000812642768141,0.573917315246,0.818898362181,0.00226596080642,0.0,0.81885942688,-0.57385758594,-0.0117242044575,0.0,-0.00830075284511,0.00858439258906,-0.999928700311,0.0,0.66116661646,0.26016955761,0.30352128042,1.0,-0.00492,-0.00646628571429,0.247
0.464586296339,0.543990693274,-0.1240066455,-1.36118839172,0.0791786482028,1.89602379348,0.158559927416,-0.00290797619231,-0.0296244175768,-0.00243037183421,-0.0419922169035,-0.000711639998844,0.0173478013703,-0.00703329668982,0.573939693545,0.818882708402,0.00225498452528,0.0,0.818843513928,-0.573879882356,-0.0117442422956,0.0,-0.008323226933,0.0085871316055,-0.999928489975,0.0,0.66107997118,0.260050297174,0.303516150557,1.0,-0.00526,-0.00691314285714,0.264
0.464514229279,0.543492870138,-0.124011339902,-1.36201357553,0.0791300496969,1.89631948687,0.158430563447,-0.00521345875539,-0.0328056918358,-0.000578131067768,-0.0456214647594,-0.00477694254998,0.00734448965627,-0.00195455523736,0.573929088175,0.818890218099,0.00222695959353,0.0,0.818850647889,-0.573869372761,-0.0117603724487,0.0,-0.00835263086836,0.00857333220528,-0.9999283632,0.0,0.660984697285,0.259920726516,0.303501366139,1.0,-0.0056,-0.00736,0.281
0.464442537217,0.543008932442,-0.124011952856,-1.36280818635,0.079080880692,1.89659682966,0.15834561586,-0.00221980231136,-0.037359631805,0.000227283600204,-0.0523275801067,-0.00655905441854,0.020343688235,-0.0130688260893,0.573949726846,0.818875833262,0.00219719219223,0.0,0.818835860794,-0.573890107255,-0.0117781481655,0.0,-0.00838405544949,0.00855936947678,-0.999928219828,0.0,0.66089131598,0.259795884031,0.303489526979,1.0,-0.00592,-0.00778057142857,0.297
0.464366561573,0.54245023782,-0.124021885426,-1.36371295129,0.0790335212646,1.89690403019,0.158229980048,-0.00416877050305,-0.033781774116,-0.000151459430516,-0.0549987702714,-0.00189448201152,0.0200129415613,-0.00889916334708,0.573961754462,0.818867486542,0.00216582548256,0.0,0.818827044555,-0.573902192134,-0.011802197682,0.0,-0.00842162610167,0.00854761113495,-0.999928004687,0.0,0.660783507284,0.259653042027,0.30348098179,1.0,-0.00626,-0.00822742857143,0.314
0.464287425801,0.541851261557,-0.124019474649,-1.36463458314,0.0789742199269,1.89725581591,0.158084612539,-0.00554896318065,-0.0290450444172,-0.000232035551908,-0.0555055980265,-0.00663079921661,0.0245330933334,-0.00617859701989,0.573941269561,0.818881783062,0.00218891866125,0.0,0.818841665965,-0.573881645127,-0.0117868726888,0.0,-0.00839603673148,0.00855751523708,-0.999928135168,0.0,0.6606802843,0.259514897079,0.303496264677,1.0,-0.0066,-0.00867428571429,0.331
0.4642171149,0.541255122216,-0.1240215343,-1.36553523411,0.0789160218444,1.89758738673,0.15798311135,-0.00741467116714,-0.0348500485565,-0.000371078390073,-0.0574662555548,0.00037143917098,0.0228544190331,-0.00758918643723,0.573951573262,0.818874506217,0.0022094160663,0.0,0.818834691357,-0.573891905137,-0.0117718456675,0.0,-0.00837185949692,0.0085657807816,-0.999928267111,0.0,0.660576318346,0.259381259017,0.30351783863,1.0,-0.00692,-0.00909485714286,0.347
0.46412718178,0.540543999347,-0.124025856723,-1.36662320499,0.0788554304932,1.89799206169,0.157849063869,-0.00449794909438,-0.0384956261867,0.000415137065468,-0.0621718005279,-0.00796158559626,0.0194985938205,-0.0127938949663,0.573962603055,0.818866706768,0.00223466828158,0.0,0.818827190149,-0.573902806266,-0.0117621653643,0.0,-0.00834932396883,0.00858101541113,-0.999928324913,0.0,0.660452305408,0.25921720103,0.303537869424,1.0,-0.00728,-0.009568,0.365
0.464026787577,0.539878164758,-0.124021632371,-1.36764977783,0.0787889056051,1.89837730742,0.157710237238,-0.00424093867278,-0.0441007688962,0.00075028624521,-0.068114120699,-0.00754072560546,0.0296259991648,-0.0151996724146,0.573965738341,0.818864465968,0.00225044161229,0.0,0.818825164368,-0.573905891537,-0.011752648972,0.0,-0.00833244534967,0.008588501423,-0.999928401436,0.0,0.660328952089,0.259045782525,0.303551106204,1.0,-0.00762,-0.0100148571429,0.382
0.463957775029,0.539262543125,-0.124029749531,-1.36860248833,0.0787361345566,1.8987370941,0.157593492122,-0.00933583857722,-0.0482362237632,0.00197780058302,-0.0685390889032,-0.00291496375326,0.0283594716821,-0.0122133606212,0.573972487389,0.818859672702,0.00227311340898,0.0,0.818820670945,-0.573912559547,-0.0117400907065,0.0,-0.00830907847424,0.00859992688689,-0.99992849768,0.0,0.660228701138,0.258916210835,0.303565987971,1.0,-0.00788,-0.0103565714286,0.395
0.46381664911,0.538331545886,-0.124038447469,-1.37004536734,0.0786580419865,1.89929148628,0.157413793291,-0.00773480619088,-0.0419045373275,-0.00130436870207,-0.0684914495969,-0.00177040470545,0.0294993134232,-0.00296184217892,0.574005949346,0.818836111085,0.00231088695576,0.0,0.818797577699,-0.57394585281,-0.0117231266236,0.0,-0.00827315471355,0.00862145905843,-0.999928610129,0.0,0.6600728376,0.258683930647,0.30358520276,1.0,-0.0083,-0.0109085714286,0.416
0.463717859527,0.537605455031,-0.124045228031,-1.37121506277,0.0785750614739,1.89973801108,0.157273387426,-0.00559424005813,-0.0426878609281,-0.00205204170716,-0.0750845086744,-0.00653733020729,0.0235671164374,-0.00749325819328,0.574019058312,0.818826943386,0.00230312406451,0.0,0.818788454314,-0.573959140181,-0.0117097987541,0.0,-0.00826655877058,0.00860758476942,-0.999928784209,0.0,0.659941870342,0.25850235829,0.303580124109,1.0,-0.00862,-0.0113291428571,0.432
0.46359647393,0.536728970016,-0.124045118515,-1.37257389921,0.0785075957119,1.90023780744,0.15709890244,-0.00327227531976,-0.0488528246915,-0.00134003381889,-0.0747952655568,-0.00571357853817,0.0363402924993,-0.0156555288711,0.574032252268,0.818817629595,0.00232588110836,0.0,0.818779290111,-0.573972095925,-0.0117155488998,0.0,-0.00825806611824,0.00862965235182,-0.999928664178,0.0,0.659784789268,0.258295529325,0.303595499103,1.0,-0.00898,-0.0118022857143,0.45
0.463494476133,0.535992809136,-0.124056000586,-1.37374052331,0.0784338211871,1.90068286767,0.156971899805,-0.00518651482296,-0.0519494156647,-0.000727128546852,-0.0829216355858,-0.00631696385024,0.029628524546,-0.00478316180748,0.574063919881,0.818795409885,0.00233228311543,0.0,0.818757240647,-0.574003827081,-0.0117018924199,0.0,-0.0082428750672,0.00862737402428,-0.99992880918,0.0,0.659655242499,0.258111369732,0.303598750664,1.0,-0.00928,-0.0121965714286,0.465
0.463374280687,0.535102902756,-0.124060235557,-1.37513738156,0.0783592939723,1.90119099626,0.156800632956,-0.00415026372747,-0.0517879922468,-0.00202043129482,-0.0806054019383,-0.00211457102741,0.0300262461954,-0.0133131666213,0.574081769388,0.81878288065,0.00233737307182,0.0,0.818744684765,-0.574021558517,-0.0117106117555,0.0,-0.0082469046723,0.00863672677983,-0.999928695215,0.0,0.659491817207,0.2578979264,0.303606038292,1.0,-0.00962,-0.0126434285714,0.482
0.463256528988,0.534204793177,-0.12405853496,-1.37658896859,0.0782748473236,1.90171609416,0.156622255524,-0.00379502093213,-0.0564414778243,0.000684611420629,-0.0873214300959,-0.000752649394142,0.0288645050336,-0.0107619947415,0.574087841157,0.818778688484,0.00231448084381,0.0,0.818740122614,-0.574027638581,-0.0117315245807,0.0,-0.00827710569672,0.00863005010507,-0.999928503322,0.0,0.659317488423,0.257682723668,0.303594159081,1.0,-0.00996,-0.0130902857143,0.499
0.463122507766,0.533245302975,-0.124065137141,-1.37815446418,0.0781842753255,1.90228827097,0.156423425822,-0.00311436230823,-0.0565070936364,-0.000634186316857,-0.0831183640242,-0.00460066034752,0.0306246485936,-0.00804552819106,0.574100828594,0.818769665297,0.00228488469929,0.0,0.818730678461,-0.57404069755,-0.0117516213293,0.0,-0.00831041425708,0.00861748665582,-0.999928335401,0.0,0.659133712204,0.257441480047,0.303575524889,1.0,-0.01032,-0.0135634285714,0.517
0.463008600108,0.532458318963,-0.124070168398,-1.37941367036,0.0781215575927,1.90276702649,0.156260595027,-0.0100601386613,-0.060133012327,-0.0023785772927,-0.0905354713967,-0.00585778857116,0.031503322712,-0.0173462008371,0.574116424878,0.818758700596,0.00229516570033,0.0,0.818719754098,-0.574056156323,-0.0117575736551,0.0,-0.00830922170622,0.00862947979412,-0.999928241882,0.0,0.658990629366,0.257246672242,0.303572730288,1.0,-0.0106,-0.0139314285714,0.531
0.462872750434,0.531374983468,-0.12406883859,-1.38115922762,0.0780017206689,1.90341109366,0.156048863763,-0.00449234880299,-0.0568323873029,0.000511643708929,-0.0982760267937,-0.0080426000647,0.0291218421734,-0.0109901073263,0.5741163557,0.818758817653,0.00227058008895,0.0,0.818719642103,-0.574056273892,-0.0117596318846,0.0,-0.00832502183493,0.00861053129918,-0.999928273809,0.0,0.658781955759,0.256989287811,0.30356123408,1.0,-0.01098,-0.0144308571429,0.55
0.462739783693,0.530411277676,-0.124067413785,-1.38270821942,0.0779143418851,1.90395222594,0.155845777284,-0.0105044006577,-0.0645919011902,0.000353351845423,-0.0987848821726,-0.010748285067,0.0336809357053,-0.0112386258382,0.57411860141,0.818757335357,0.00223701045175,0.0,0.818717593408,-0.574058513513,-0.011792888028,0.0,-0.00837149986065,0.00860216181298,-0.999927957806,0.0,0.658592413821,0.256753912162,0.303549862715,1.0,-0.0113,-0.0148514285714,0.566
0.462610459387,0.529376195115,-0.124068442697,-1.38435954684,0.0778094629766,1.90455419415,0.1556274413,-0.00593861980462,-0.0590186864147,-4.75426785022e-05,-0.100888828677,-0.0143664248227,0.0379409216154,-0.0111818094797,0.574107887041,0.81876489118,0.00222124047808,0.0,0.81872495426,-0.574047871675,-0.0117998813077,0.0,-0.00838639162995,0.00859315537859,-0.99992791046,0.0,0.658393141534,0.256509622638,0.303545179011,1.0,-0.01164,-0.0152982857143,0.583
0.462471265479,0.528291055487,-0.12406594716,-1.38603650808,0.0776993439564,1.90519021109,0.1553974713,-0.0106962771665,-0.064879975684,0.000546928672985,-0.101203949154,-0.00432649684122,0.0400622203026,-0.0215439081567,0.574094001277,0.818774527223,0.00225791259194,0.0,0.818735132836,-0.574033914407,-0.0117726068214,0.0,-0.00834315281236,0.0086073810402,-0.999928149815,0.0,0.658208119677,0.256277286968,0.303570484393,1.0,-0.01196,-0.0157188571429,0.599
0.462329940146,0.527183298117,-0.124071473445,-1.38775829341,0.077598405978,1.90585636832,0.155161082422,-0.012605080164,-0.0617485023768,-0.00097926249272,-0.103168929657,-0.00743537138192,0.0437404807936,-0.0192142164545,0.574085306003,0.818780513746,0.0022975295278,0.0,0.818741642205,-0.57402507835,-0.0117507295667,0.0,-0.00830258867485,0.00862717037742,-0.999928316907,0.0,0.657999413447,0.256002786954,0.303584262989,1.0,-0.01232,-0.016192,0.617
0.462186066441,0.526013332896,-0.124075904505,-1.38957006568,0.0774687782081,1.90652721983,0.154921266618,-0.00729399650949,-0.0699891587056,-0.00167831394552,-0.10469325461,-0.0106099742872,0.039794962014,-0.00485089473256,0.574072617461,0.818789374887,0.00231005500835,0.0,0.818750835192,-0.574012520472,-0.0117236135683,0.0,-0.00827332901449,0.00862173098975,-0.999928606342,0.0,0.657784209481,0.255730439674,0.303603388893,1.0,-0.01266,-0.0166388571429,0.634
0.46203638357,0.524909588463,-0.124074745995,-1.3912929607,0.0773727612013,1.90715248484,0.154678208381,-0.00963744896226,-0.0659999051252,0.00129622539155,-0.108013156444,-0.00463516620483,0.0344099623353,-0.0198222798513,0.574062183919,0.818796660381,0.00232052682454,0.0,0.818758134773,-0.574001922037,-0.0117327380116,0.0,-0.00827489916103,0.00863543767976,-0.999928475072,0.0,0.657576840538,0.255469558413,0.30361386259,1.0,-0.01298,-0.0170594285714,0.65
0.461881890584,0.523727844948,-0.124084696708,-1.39318521632,0.0772474562094,1.90783451566,0.154418773504,-0.0053778686353,-0.0739379796049,-0.00242384898973,-0.113324386333,-0.0126993666267,0.0422712035809,-0.0119252814936,0.574051047315,0.818804560472,0.00228773428655,0.0,0.818765690071,-0.573990994076,-0.0117401185747,0.0,-0.0082998835506,0.00861271152662,-0.999928464008,0.0,0.657347860623,0.25517914971,0.303603550805,1.0,-0.01332,-0.0175062857143,0.667
0.461720366523,0.522522243122,-0.124087533207,-1.39511362874,0.0771327842487,1.90856382451,0.154172041473,-0.0115300780927,-0.0706642279976,-0.000377707338431,-0.114967173663,-0.00319023645871,0.0408141225909,-0.0112663806762,0.574058068564,0.818799604576,0.00229964424018,0.0,0.818760870262,-0.573997950426,-0.0117361465831,0.0,-0.00828972070372,0.00862025432586,-0.999928483316,0.0,0.657107078493,0.254872609217,0.303601883967,1.0,-0.01368,-0.0179794285714,0.685
0.461554462837,0.521296619292,-0.124090406894,-1.39708733602,0.077012998582,1.90933350366,0.153891657976,-0.00545576436498,-0.0708653470827,-0.000657996389195,-0.119019964587,-0.00866966607434,0.0462155108791,-0.0194856873717,0.574037688347,0.818813873081,0.00230662270433,0.0,0.818775259825,-0.573977578281,-0.0117286158894,0.0,-0.00827976309958,0.00862143914616,-0.999928555603,0.0,0.656889628925,0.254593194753,0.303584904743,1.0,-0.014,-0.0184,0.701
0.461403226722,0.520161379577,-0.124093603474,-1.3988735127,0.0768926084989,1.90999325808,0.153655862122,-0.00886406672451,-0.0774205248184,0.000457303754678,-0.120186666888,-0.00217859185707,0.0448923427038,-0.0165345499389,0.574033386945,0.8188168897,0.00230623406596,0.0,0.818778358935,-0.573973370021,-0.011718205783,0.0,-0.00827150712534,0.00861510176579,-0.999928678552,0.0,0.656675494153,0.254320233648,0.303589306608,1.0,-0.0143,-0.0187942857143,0.716
0.461220503976,0.518760653417,-0.124100052831,-1.40105615366,0.0767527249262,1.91077426868,0.153365065646,-0.00983018261434,-0.0808379501024,0.00166976345899,-0.123448432517,-0.00502250817588,0.0456821222817,-0.0166062051077,0.574027537336,0.818821005884,0.00230078341077,0.0,0.818782425833,-0.573967563793,-0.0117184368285,0.0,-0.00827488649943,0.00861071223937,-0.999928688401,0.0,0.656408050351,0.253986272891,0.303601662077,1.0,-0.01466,-0.0192674285714,0.734
0.461047261558,0.517410179122,-0.124109586206,-1.40317696997,0.0766173972831,1.91154138099,0.153075154701,-0.00593122567116,-0.0842359499369,-0.000366857854327,-0.124020622626,-0.0127097984177,0.046312197996,-0.0168748907114,0.574013102603,0.818831133664,0.00229771278516,0.0,0.818792573364,-0.573953204292,-0.0117127276282,0.0,-0.00827212569056,0.00860477495859,-0.999928762355,0.0,0.656133671599,0.253644445407,0.303611595131,1.0,-0.01502,-0.0197405714286,0.752
0.460864160503,0.516055430153,-0.124114899998,-1.40531485183,0.0764834254376,1.91233563388,0.152780758706,-0.00937154349028,-0.086325382144,-0.00107110243192,-0.126859906461,-0.00315749652142,0.0486503407641,-0.0137830203668,0.574004059552,0.818837472656,0.00229780204387,0.0,0.818798916528,-0.573944165158,-0.0117122361598,0.0,-0.00827176703759,0.00860447458884,-0.999928767907,0.0,0.655890871151,0.253336352627,0.303608342977,1.0,-0.01534,-0.0201611428571,0.768
0.460687794731,0.514775354579,-0.124115974525,-1.40738901993,0.0763530133922,1.91311102565,0.152506044125,-0.0136953279805,-0.0796865701538,0.00066451196853,-0.127745851628,-0.00705217676648,0.0470307897027,-0.0155284229072,0.573998532781,0.818841404123,0.00227731444289,0.0,0.818802592415,-0.573938726289,-0.0117217754744,0.0,-0.00829139577261,0.00859311833763,-0.999928702995,0.0,0.655639118747,0.253022272174,0.303585870865,1.0,-0.01566,-0.0205817142857,0.784
0.460505887623,0.51336523113,-0.124116306657,-1.40964853721,0.0762258786772,1.91389541369,0.152189460605,-0.00982589610062,-0.0827060295225,0.000714852047981,-0.133912690638,-0.00994367934095,0.0484085409553,-0.0193284410401,0.573972749749,0.818859610429,0.00222886828221,0.0,0.818819961206,-0.573912915092,-0.0117721672979,0.0,-0.00836073700438,0.00858211030709,-0.999928220154,0.0,0.655348793871,0.252685944095,0.30356668639,1.0,-0.016,-0.0210285714286,0.801
0.460305039712,0.511939274726,-0.1241191738,-1.41193619367,0.0760878861525,1.9147113521,0.151874338875,-0.0142289905036,-0.0858666695307,0.000402162026751,-0.134377333374,-0.0058823654394,0.0548364895762,-0.0130883096836,0.573963710252,0.818866050978,0.00219015307364,0.0,0.818825809128,-0.573903934769,-0.0118031717808,0.0,-0.00840844108702,0.00856811109339,-0.999927940199,0.0,0.655063552058,0.252333042769,0.303547557474,1.0,-0.01634,-0.0214754285714,0.818
0.460114633553,0.510486186131,-0.124122324843,-1.4142506106,0.0759397354678,1.91559007951,0.151544200232,-0.0102310138073,-0.091307179071,-0.000123811364131,-0.139117145088,-0.00711690552282,0.0602158002966,-0.017804683538,0.573932543464,0.81888787334,0.0021984882824,0.0,0.818847798165,-0.573872798946,-0.0117915635984,0.0,-0.0083944774341,0.00856795433647,-0.999928058866,0.0,0.654782267881,0.251986639747,0.303539660378,1.0,-0.01668,-0.0219222857143,0.835
0.459910049799,0.508989125212,-0.124124496561,-1.4165975463,0.075790523304,1.91646255424,0.151224145399,-0.0100985037551,-0.0884225635575,-0.00057098339911,-0.140887466456,-0.0113143276783,0.0501539787145,-0.0170714848581,0.573926360832,0.818892194317,0.00220302761615,0.0,0.818852244849,-0.573866667656,-0.0117811612409,0.0,-0.00838341827012,0.0085656380214,-0.999928171492,0.0,0.654477024622,0.251600580541,0.303542533787,1.0,-0.01704,-0.0223954285714,0.853
0.459702120234,0.507484043319,-0.124125559057,-1.41898490383,0.075635975091,1.91730981966,0.15087499174,-0.0134429240722,-0.0893468723183,-6.04809158142e-05,-0.142858118714,-0.00959118689174,0.0558918189496,-0.0181987442602,0.573888332709,0.818918908214,0.00217950701309,0.0,0.81887858818,-0.573828669285,-0.0118009757502,0.0,-0.00841354055495,0.00855735867912,-0.999927989381,0.0,0.654194332218,0.251260188256,0.303535923541,1.0,-0.01736,-0.022816,0.869
0.459479406415,0.505931737359,-0.124128403464,-1.4214177607,0.0754877038875,1.91821438518,0.150557245201,-0.0139181648066,-0.0890599398569,0.00013986573608,-0.141193494841,-0.00741850375178,0.0556450419965,-0.0178693741552,0.573898350807,0.81891183605,0.00219877686051,0.0,0.818871735114,-0.573838579271,-0.0117946289475,0.0,-0.00839717992887,0.00856959931558,-0.999928022078,0.0,0.653897650814,0.250882056176,0.303541739929,1.0,-0.0177,-0.0232628571429,0.886
0.459272482434,0.50438477397,-0.124134448053,-1.42374586523,0.0753364542633,1.9191236427,0.150225678902,-0.0121990037563,-0.100495942088,-1.61564858462e-05,-0.14314786985,-0.00474813652583,0.0551387611883,-0.0165578116141,0.573879827306,0.818924537011,0.00230073764035,0.0,0.818885893381,-0.573819806635,-0.0117247616761,0.0,-0.00828164564663,0.00861281162727,-0.999928614363,0.0,0.653622830349,0.250524609623,0.303593531457,1.0,-0.01802,-0.0236834285714,0.902
0.459039950782,0.502726949246,-0.124143280716,-1.42622127275,0.0751732148436,1.92006315418,0.149890644804,-0.0140090236908,-0.100814529091,-3.46368684087e-05,-0.14474869959,-0.00443720613761,0.053172468316,-0.0170136822536,0.573885096847,0.818920569511,0.00239652873293,0.0,0.818883304498,-0.573824866364,-0.0116577552918,0.0,-0.00817174515428,0.00865285598709,-0.999929172824,0.0,0.653328268904,0.25013302407,0.303654737952,1.0,-0.01836,-0.0241302857143,0.919
0.458812300517,0.501023915933,-0.124144627546,-1.42876706595,0.075013661157,1.9209650833,0.149523074057,-0.0162072045308,-0.100496359751,0.0012197877952,-0.15499284487,-0.00797187640146,0.0444370383984,-0.0267939995846,0.573858187493,0.818939273185,0.00244834294738,0.0,0.818902619465,-0.573797710595,-0.0116376135849,0.0,-0.00812580167972,0.00868346147506,-0.999929281921,0.0,0.653006226982,0.24973948311,0.303709858952,1.0,-0.0187,-0.0245771428571,0.936
0.45858790258,0.49942369772,-0.124144736852,-1.43120993642,0.0748562994189,1.92184597211,0.149185676005,-0.0114981856763,-0.0989910391623,0.000219706079289,-0.150365219419,-0.0139077205482,0.0608474956308,-0.0178108974339,0.573847434777,0.818946717207,0.00247848290375,0.0,0.818910443936,-0.573786841696,-0.0116229089054,0.0,-0.00809657809915,0.00869959948924,-0.999929378702,0.0,0.652699783662,0.249358666882,0.303739788283,1.0,-0.01902,-0.0249977142857,0.952
0.458337642586,0.49774916179,-0.124144850854,-1.43384960503,0.0746947918461,1.92282924607,0.148797989452,-0.0157266362158,-0.102605461781,-0.000256483602026,-0.153095919198,-0.0144320936102,0.0534967635824,-0.0338239726371,0.573825534737,0.818962016824,0.00249350861765,0.0,0.818925886961,-0.573764836346,-0.0116211505198,0.0,-0.00808674899855,0.0087106793752,-0.999929361783,0.0,0.65237382627,0.248944935395,0.303736257848,1.0,-0.01936,-0.0254445714286,0.969
0.45807809892,0.496078061944,-0.12414435691,-1.436528856,0.0745336855803,1.92377479137,0.148396185022,-0.0150971177238,-0.0977389927418,0.00028076249536,-0.159520884277,-0.0145312566901,0.0566296048703,-0.0228070872047,0.573800769376,0.818979572262,0.00242573347505,0.0,0.818942392412,-0.573740132375,-0.0116775559433,0.0,-0.00817209646462,0.00868729381743,-0.999928871353,0.0,0.65200882798,0.248492948597,0.3036969809,1.0,-0.01972,-0.0259177142857,0.987
0.457808996127,0.494416577813,-0.124141924363,-1.43927584421,0.0743568610983,1.92471921581,0.148017965267,-0.0196617780776,-0.0887719929732,0.00111402078708,-0.156895552384,-0.0111107901913,0.06181489067,-0.0188787353629,0.573799791192,0.818980563307,0.00232022723339,0.0,0.818941906834,-0.573739430521,-0.0117458928015,0.0,-0.008288611633,0.00864008850013,-0.999928321325,0.0,0.651673895337,0.248076432317,0.30363932437,1.0,-0.0201182857143,-0.0264411755102,1.003
0.457530854216,0.492668020635,-0.12415150185,-1.4420943707,0.0741747025262,1.92576342234,0.147618958663,-0.0174593725591,-0.104754579208,-0.00353649618776,-0.168311110275,-0.0139504775968,0.0613950025945,-0.0233907034151,0.573799964442,0.818980527747,0.00228973316174,0.0,0.818941525307,-0.57373977083,-0.011755866479,0.0,-0.00831427482914,0.00862083931351,-0.99992827441,0.0,0.651324988894,0.2476200217,0.303605915898,1.0,-0.0212937142857,-0.0279860244898,1.02
0.457252877884,0.490921188866,-0.124146839124,-1.4448979036,0.0740000464077,1.92675441466,0.147235158373,-0.0166374852044,-0.105597950865,0.00089585619438,-0.17664309229,-0.0125221300164,0.0634782082113,-0.017371121184,0.573802665738,0.81897878751,0.0022345698925,0.0,0.818938928271,-0.573742538577,-0.0118016139207,0.0,-0.00838336506244,0.0086019394146,-0.999927860312,0.0,0.650964000639,0.247171658833,0.303572680416,1.0,-0.0224,-0.02944,1.036
0.456932369859,0.488972265841,-0.124160831634,-1.44802477761,0.0738048676118,1.92785616295,0.146788421567,-0.0206324297797,-0.126283785649,-0.00139683055098,-0.190622264915,-0.00725463566035,0.0644070142274,-0.0172795513249,0.573811999652,0.818972430539,0.00216655829854,0.0,0.81893160983,-0.573752059203,-0.0118465135406,0.0,-0.00845906356575,0.00857209973831,-0.999927479045,0.0,0.650565955492,0.246653425697,0.303535511856,1.0,-0.0235754285714,-0.0309848489796,1.053
0.456571627162,0.486761387843,-0.124180631342,-1.45144420524,0.0735801216091,1.92917978931,0.146290822537,-0.0217525598361,-0.119306872743,-0.00212404869759,-0.1902856472,-0.0165610759704,0.07599526289,-0.0251423563433,0.573822970413,0.818964517946,0.00225030514764,0.0,0.818925006229,-0.573762927136,-0.0117764391269,0.0,-0.00835350495507,0.00860058802569,-0.999928121837,0.0,0.650158715377,0.246084685598,0.303559409183,1.0,-0.02482,-0.0326205714286,1.071
0.456230514272,0.48469218223,-0.124197259872,-1.45458592346,0.0733868300598,1.93034859669,0.145803526165,-0.0195082665704,-0.128147920794,-0.0041606535561,-0.199034067473,-0.0153331101336,0.0705056829197,-0.026947665591,0.573817889365,0.818967853475,0.00233060524511,0.0,0.818929396347,-0.573757554963,-0.0117328096647,0.0,-0.00827175083614,0.00864126359572,-0.999928450791,0.0,0.649775564527,0.245556461444,0.303602427754,1.0,-0.0259262857143,-0.0340745469388,1.087
0.45584824004,0.482395179784,-0.124234538685,-1.45812793294,0.0731630454211,1.93154349142,0.1452744814,-0.020479042396,-0.135666317502,-0.00302419116939,-0.207213337687,-0.0182461977442,0.0769590287754,-0.0286010340992,0.57383706103,0.818954552355,0.00228373967045,0.0,0.818915443924,-0.573776856388,-0.0117627240609,0.0,-0.0083229396912,0.00862024265721,-0.999928207469,0.0,0.649319782682,0.244942397336,0.303614844334,1.0,-0.0271017142857,-0.0356193959184,1.104
0.455450244135,0.480014260638,-0.124251866035,-1.46183286264,0.0729367422387,1.93290469412,0.144725846092,-0.0273189242355,-0.143146435358,-0.00115259691784,-0.219335196372,-0.0147556317599,0.085635149842,-0.0377089914377,0.573845892851,0.81894827801,0.0023143255791,0.0,0.81890951369,-0.573785516168,-0.0117531581157,0.0,-0.00829746185488,0.00863989109189,-0.99992824963,0.0,0.648856689942,0.244322560729,0.303620540431,1.0,-0.0282771428571,-0.037164244898,1.121
0.455055313716,0.477670661766,-0.124270777922,-1.46539319365,0.0727133383085,1.93421330856,0.144205267768,-0.0297874296737,-0.14824877511,-0.00211059506105,-0.223850836692,-0.0144055398471,0.0819153290969,-0.0307496743126,0.573868884899,0.818931951915,0.00238913787916,0.0,0.818894178488,-0.573808247194,-0.0117118227513,0.0,-0.00822043711632,0.00867766883526,-0.999928558687,0.0,0.648414793525,0.243717626207,0.303663219635,1.0,-0.0293834285714,-0.0386182204082,1.137
0.454591771326,0.474952255128,-0.124281787006,-1.46956254432,0.0724538027353,1.93574265456,0.143619859028,-0.0238507798823,-0.159279077143,-0.00033928456388,-0.23998772672,-0.012805191667,0.0885843786744,-0.0354115408523,0.573907891759,0.818904421642,0.00245497314191,0.0,0.818867447908,-0.573846951167,-0.0116844466844,0.0,-0.00815982330351,0.00871626156947,-0.999928719493,0.0,0.647890785648,0.243015266302,0.303692991358,1.0,-0.030628,-0.0402539428571,1.155
0.454171277759,0.47244589891,-0.124273330099,-1.47343625617,0.0722030614139,1.93706156246,0.143060874094,-0.0275077001364,-0.153800383399,0.00326963952472,-0.245167851671,-0.0166983876736,0.0845451976813,-0.0305331232637,0.573905201448,0.818906420757,0.00241675297254,0.0,0.818868739957,-0.573844176235,-0.0117300905333,0.0,-0.00821916507947,0.00871113114818,-0.999928278188,0.0,0.647374069395,0.242372324278,0.303696378569,1.0,-0.0317342857143,-0.0417079183673,1.171
0.45368692181,0.469544045817,-0.124278711016,-1.47785509051,0.0719289921269,1.93871528696,0.142365615286,-0.0294333828133,-0.167265947647,-0.00173360503541,-0.249543837915,-0.0170796156607,0.0952688233077,-0.0375623954536,0.573872269284,0.818929112914,0.00254430163587,0.0,0.818893071595,-0.573810769757,-0.0116655349724,0.0,-0.00809345435055,0.00877820701639,-0.999928716998,0.0,0.646786068981,0.241594708095,0.303746317485,1.0,-0.033048,-0.0434345142857,1.19
0.453243031234,0.466887141314,-0.124280761026,-1.48190807379,0.0716495535806,1.94023981475,0.141705947087,-0.0285783783706,-0.16393655587,-0.000944937764086,-0.260364753115,-0.0217696469909,0.0888704415419,-0.03660880813,0.573813076705,0.818970319873,0.00262965209259,0.0,0.818935525252,-0.573751440404,-0.0116033191293,0.0,-0.00799416121543,0.00881182142213,-0.99992922009,0.0,0.646303821512,0.240965991948,0.303778093484,1.0,-0.0340851428571,-0.0447976163265,1.205
0.452704855717,0.463811901525,-0.124286427272,-1.48673318191,0.0713213288213,1.94185746159,0.140982574222,-0.0284591532186,-0.173027733853,3.19098344945e-06,-0.267359601405,-0.0200030120021,0.0914427078432,-0.0418516172982,0.573801632721,0.818978713727,0.00250991031993,0.0,0.818942236485,-0.573740275707,-0.011681448257,0.0,-0.00812697729848,0.00875847428094,-0.999928618136,0.0,0.645650814303,0.240143289383,0.30374244462,1.0,-0.0353297142857,-0.0464333387755,1.223
0.452234662901,0.461158833088,-0.124284361091,-1.49086507981,0.071052355635,1.94332246024,0.140368630821,-0.0318501782964,-0.181234175629,0.0010195949187,-0.275462670962,-0.0166463434922,0.0953303161544,-0.054409349092,0.573801621279,0.818978761909,0.00249676991904,0.0,0.818941991806,-0.573740179936,-0.0117032852447,0.0,-0.00815240179636,0.00876024244009,-0.999928395685,0.0,0.645104953314,0.239444662564,0.303730369202,1.0,-0.0363668571429,-0.0477964408163,1.238
0.451643763953,0.457940607813,-0.12429032965,-1.49587935074,0.0707035105835,1.94509489413,0.139605912558,-0.0326968681647,-0.181814338941,0.000869814568768,-0.283569426555,-0.0112190779074,0.0996238993588,-0.0525079381934,0.573793829155,0.818984352125,0.00245346660066,0.0,0.818947031122,-0.573732558571,-0.011724263442,0.0,-0.00819451239882,0.00873673741227,-0.999928257119,0.0,0.644404438945,0.238532383697,0.303703620776,1.0,-0.0376805714286,-0.0495230367347,1.257
0.451081087964,0.455041381916,-0.124313030088,-1.50055489484,0.0703868919169,1.94670713981,0.138895183338,-0.0386400428353,-0.183856918333,-0.00360250928073,-0.299812049233,-0.0224193360273,0.106367927559,-0.0440550466114,0.573824554801,0.818963244123,0.00230910893143,0.0,0.818924049964,-0.573763824059,-0.0117992157305,0.0,-0.00833840136215,0.00866183131857,-0.999927719258,0.0,0.643821160519,0.237745768312,0.303620821034,1.0,-0.0387177142857,-0.0508861387755,1.272
0.450485647525,0.451740326585,-0.124364230014,-1.50553238771,0.0700594895289,1.94851338498,0.138094748876,-0.0356956278551,-0.201672577265,-0.00523414496727,-0.293655596924,-0.0144367429316,0.107362894262,-0.0499952275856,0.573831618274,0.818958014261,0.00240658431736,0.0,0.81892025236,-0.573770693726,-0.011728520661,0.0,-0.00822449678452,0.00870116415173,-0.999928321129,0.0,0.643180828604,0.236859475203,0.303676324203,1.0,-0.0398931428571,-0.0524309877551,1.289
0.449866061773,0.448347416153,-0.124379249662,-1.51061740023,0.0697108828555,1.95033852821,0.137335517374,-0.0376377650529,-0.201271497367,0.0002324450149,-0.309616628727,-0.0243682080374,0.103782890172,-0.0451616612675,0.573862104157,0.818936348671,0.00250781555046,0.0,0.818900006776,-0.573800922248,-0.0116630797963,0.0,-0.0081124892975,0.00874681808746,-0.999928837813,0.0,0.642513769447,0.235966390713,0.303741470266,1.0,-0.0410685714286,-0.0539758367347,1.306
0.449382591699,0.445694208157,-0.124393974245,-1.51465084851,0.0694301912423,1.95166125575,0.136733940927,-0.0403731154439,-0.203374324023,0.000121189352712,-0.309808322584,-0.0264163858967,0.114006884742,-0.0425333927217,0.573878924878,0.8189247286,0.00245262504611,0.0,0.818887591918,-0.573817854971,-0.0117016247193,0.0,-0.00817554720904,0.00872390799339,-0.999928524374,0.0,0.641954157717,0.235252998504,0.303754493219,1.0,-0.0419674285714,-0.0551571918367,1.319
0.448621778809,0.441595792568,-0.124391926281,-1.52094524132,0.0689890716839,1.95393156507,0.135729897739,-0.0354625265681,-0.205041768925,-0.00457623318544,-0.316556190728,-0.0196727635405,0.10923761732,-0.0544209550239,0.573836384294,0.818954398358,0.00249887391755,0.0,0.818917954305,-0.573775252345,-0.0116657967986,0.0,-0.00812011992341,0.00874079965892,-0.999928828504,0.0,0.641111557735,0.234163659861,0.303760088993,1.0,-0.0433502857143,-0.0569746612245,1.339
0.447928077192,0.438070034002,-0.124400754283,-1.52643381076,0.0686281172499,1.95585986873,0.134828396584,-0.0396405144286,-0.211007217518,-0.00163173911703,-0.330521529074,-0.0147054883491,0.114503056044,-0.0510058411791,0.573815288481,0.818969272617,0.00246822117698,0.0,0.818932251686,-0.573754077266,-0.0117035409748,0.0,-0.00816884575087,0.00873714488392,-0.99992846357,0.0,0.640367663619,0.233189037575,0.303725054638,1.0,-0.0445257142857,-0.0585195102041,1.356
0.447197639767,0.434382575772,-0.124417777778,-1.5319859465,0.0682466407653,1.95781813747,0.133947973722,-0.0403235963055,-0.226898061147,-0.000595003343849,-0.326842481915,-0.0202614582427,0.124170589765,-0.0539925212802,0.573841602767,0.818950621448,0.00253800431006,0.0,0.818914535873,-0.57378016999,-0.0116638914335,0.0,-0.00809605046757,0.00877180366072,-0.999928752176,0.0,0.639623571168,0.232180613917,0.303769319902,1.0,-0.0457011428571,-0.0600643591837,1.373
0.446448069618,0.430664793149,-0.12443438679,-1.53771660968,0.0678192350219,1.95981491345,0.133041557541,-0.0453382029812,-0.215211228603,-0.000273475458378,-0.339990010219,-0.025603364393,0.11110751002,-0.0541201235272,0.573853328987,0.818942535028,0.00249560275227,0.0,0.818906129632,-0.573792293848,-0.0116576701153,0.0,-0.00811516053101,0.00873362534423,-0.999928931454,0.0,0.638842846487,0.231136549193,0.303749697442,1.0,-0.0468765714286,-0.0616092081633,1.39
0.445732174889,0.427044327095,-0.124471279293,-1.54330623468,0.0674160175705,1.96161268338,0.132151083277,-0.0442231621273,-0.233531896292,0.00109635206652,-0.351762979907,-0.0196036171737,0.115067273404,-0.054121738054,0.573863329309,0.81893600341,0.00233420104849,0.0,0.818897444618,-0.573802820802,-0.0117492527022,0.0,-0.00828267437217,0.00865410316469,-0.999928249328,0.0,0.638045531359,0.230109559237,0.303711022263,1.0,-0.0479828571429,-0.0630631836735,1.406
