position_joint1,position_joint2,position_joint3,position_joint4,position_joint5,position_joint6,position_joint7,velocity_joint1,velocity_joint2,velocity_joint3,velocity_joint4,velocity_joint5,velocity_joint6,velocity_joint7,ee_T_00,ee_T_10,ee_T_20,ee_T_30,ee_T_01,ee_T_11,ee_T_21,ee_T_31,ee_T_02,ee_T_12,ee_T_22,ee_T_32,ee_T_03,ee_T_13,ee_T_23,ee_T_33,v_x,v_y,time
0.465061216217,0.547775261296,-0.124002746601,-1.35583314174,0.0795866211802,1.89408809365,0.159155161251,-2.71493784829e-05,0.000261072043576,-0.0011475017059,0.00101351195576,-0.000479371489561,-1.93403126795e-05,0.000628942403944,0.573845465171,0.818949445646,0.00198355233928,0.0,0.818905997011,-0.573786024939,-0.0119713217768,0.0,-0.00866593956692,0.00849419515931,-0.999926372359,0.0,0.661676376677,0.26088724633,0.303218059605,1.0,0.0,0.0,0.0
0.465060988791,0.547779586253,-0.124000261407,-1.35583806274,0.0795886556854,1.89409125884,0.15915680571,0.000642986885837,0.00119675365746,-4.55375315668e-05,0.000677999574254,0.000370878146191,1.02225858104e-05,0.00123361507594,0.573846099462,0.818949009847,0.00197997584134,0.0,0.818905481641,-0.573786641959,-0.0119770008597,0.0,-0.00867263628095,0.00849453184265,-0.999926311439,0.0,0.661675138667,0.260888436473,0.303212850111,1.0,-0.00014,-0.000184,0.008
0.465061393207,0.547773495793,-0.12399741858,-1.35583910661,0.0795883978622,1.8940923322,0.159155654459,0.000924240132239,0.000494596786617,0.00111747194003,0.00194918353953,1.69394809199e-05,0.000162148298206,0.000757928350099,0.573842824749,0.818951290068,0.00198592089551,0.0,0.81890782799,-0.57378333141,-0.0119751723821,0.0,-0.008667761445,0.00849831653261,-0.99992632155,0.0,0.661674531586,0.260890337817,0.303216666435,1.0,-0.00048,-0.000630857142857,0.025
0.465054842447,0.547766226591,-0.124001628872,-1.35585715467,0.0795879436086,1.89409034574,0.159151054128,0.000268999061763,0.000968691287058,0.00028758318296,-0.00157765874064,-0.00139899723108,-0.000357376327493,0.00368537882361,0.573849569063,0.818946582916,0.0019782108884,0.0,0.818903046362,-0.573790132942,-0.0119762640108,0.0,-0.00867300958137,0.00849270037521,-0.999926323758,0.0,0.661673448746,0.26088352524,0.303214326115,1.0,-0.00082,-0.00107771428571,0.042
0.465056780694,0.54768609533,-0.123998132916,-1.35594043301,0.0795886556854,1.89411072872,0.159147663644,-4.11800900386e-05,-0.00611187420476,0.00206510176555,-0.00635184185744,0.000105892855737,0.00126805107661,-0.00243589785466,0.573846132509,0.81894895171,0.00199439182892,0.0,0.818905520906,-0.573786525354,-0.0119799020026,0.0,-0.00866673989052,0.00850800271701,-0.999926248035,0.0,0.661658636257,0.260877285065,0.303231976876,1.0,-0.00116,-0.00152457142857,0.059
0.465064038513,0.547561156524,-0.123997431396,-1.35609658081,0.079584863263,1.89413605082,0.159150569272,0.00167503756811,-0.00802998209364,-0.000560126730803,-0.00877369646331,-0.000345740993125,4.40714952798e-05,0.000730217885111,0.573849553819,0.81894655442,0.00199436364619,0.0,0.818903025411,-0.573789850325,-0.0119912275585,0.0,-0.00867599591407,0.00851451493864,-0.999926112335,0.0,0.66162934725,0.260866702693,0.3032483315,1.0,-0.00148,-0.00194514285714,0.075
0.46503798748,0.547375283308,-0.123998616867,-1.35634903147,0.0795831661639,1.89424201803,0.159149748992,-0.00179021467048,-0.0137063930349,0.000379640721624,-0.0123058539805,0.00056575397063,0.00925514294962,0.0008892337224,0.573884788524,0.818921764384,0.00203475309008,0.0,0.818878667387,-0.573824817064,-0.0119814156602,0.0,-0.00864441666441,0.00854233255762,-0.99992614858,0.0,0.661604675474,0.260828182944,0.303269079978,1.0,-0.00188,-0.00247085714286,0.095
0.465023603933,0.547208748959,-0.12399313168,-1.35655030692,0.0795802709193,1.89434536243,0.159136439963,0.0013104911948,-0.0115948779435,0.00117841506915,-0.0131239559808,9.51423513978e-05,0.0123194622916,0.000244670087453,0.573892478993,0.818916212163,0.00209926489177,0.0,0.818873890715,-0.573832172614,-0.0119555710864,0.0,-0.00858615056461,0.00858041073763,-0.999926324571,0.0,0.661586191333,0.260806697009,0.303300029827,1.0,-0.0022,-0.00289142857143,0.111
0.46499817571,0.547000864031,-0.124001717891,-1.35680372851,0.0795775192915,1.8944831475,0.159125076777,-6.74902581248e-05,-0.0146208715111,-9.16526905748e-05,-0.0185495321575,0.000218852187567,0.0134856590486,-0.000320125773257,0.573923683943,0.81889412746,0.00218172473798,0.0,0.818852881487,-0.573863037623,-0.0119129942589,0.0,-0.00850363357497,0.00862382717556,-0.999926656221,0.0,0.661569805493,0.260766477395,0.303338899406,1.0,-0.00254,-0.00333828571429,0.128
0.464969416001,0.5467825265,-0.123995529895,-1.35712658596,0.079570715602,1.89460217187,0.159099388702,0.00067714627805,-0.0158574207299,0.00222898910212,-0.0198821152539,0.000327189559974,0.0136060201441,0.00142314543167,0.573938128824,0.818883947657,0.00220260137122,0.0,0.818842830036,-0.573877250511,-0.0119192258875,0.0,-0.00849660351482,0.00864464897942,-0.999926536188,0.0,0.661531705324,0.260722556041,0.303349986384,1.0,-0.00286,-0.00375885714286,0.144
0.464928807894,0.546527531044,-0.124004091353,-1.35750061139,0.0795618316259,1.89474390854,0.159004784458,-0.00235013327391,-0.0199869804058,-0.000867698053436,-0.0279379591989,0.000145695955236,0.00652968222961,-0.00192788330602,0.573918479805,0.818897650028,0.00222805266032,0.0,0.818856786184,-0.573857422122,-0.0119151037664,0.0,-0.0084788291619,0.00866292106931,-0.999926528928,0.0,0.661493934969,0.260657873101,0.303365124815,1.0,-0.00318,-0.00417942857143,0.16
0.464885592672,0.546229929036,-0.123996695014,-1.35798512981,0.0795504965439,1.89491527798,0.158943059359,-0.0030118396602,-0.010829853122,0.00107056671529,-0.0275106896561,-0.000153682920497,0.0128986911742,0.00105231461063,0.573922237755,0.81889502121,0.00222624102138,0.0,0.818853920395,-0.57386096903,-0.0119411967122,0.0,-0.00850119737948,0.00867645157522,-0.999926221694,0.0,0.661434958687,0.260589756968,0.303359869225,1.0,-0.00354,-0.00465257142857,0.178
0.464832612596,0.545906556767,-0.123999548414,-1.35851179421,0.0795370661847,1.89508943719,0.15891309113,-0.00123057528743,-0.0202415034396,0.000553058845842,-0.0322449070925,-0.000713953150913,0.0122513443545,0.0023028093384,0.573968864843,0.818862382988,0.0022106153691,0.0,0.818820896411,-0.573907468421,-0.0119709729493,0.0,-0.00853405507279,0.00868123095349,-0.999925900321,0.0,0.661372511909,0.260504434002,0.303353356926,1.0,-0.00388,-0.00509942857143,0.195
0.464769639862,0.545557809777,-0.123999863362,-1.35910501613,0.0794867534054,1.89529569545,0.158813259924,-0.00437414053661,-0.0261384334618,0.000655596614247,-0.0368136814346,-0.00765387410425,0.012615029063,-0.0185991279559,0.57395868142,0.818869630381,0.00216964581914,0.0,0.818827709893,-0.573897556662,-0.0119801030537,0.0,-0.00856515303083,0.00865281686289,-0.99992588071,0.0,0.661305880065,0.26040261204,0.303335742921,1.0,-0.00422,-0.00554628571429,0.212
0.464705615943,0.54517527142,-0.124001922301,-1.35979292667,0.079408208163,1.89550715282,0.158730821506,-0.00340579797093,-0.0195248814721,0.000203117658077,-0.0406769814768,-0.0019660595602,0.013382311091,-0.000250465634751,0.573962410517,0.8188672784,0.0020684731297,0.0,0.818824305393,-0.573901974697,-0.0120011348334,0.0,-0.0086404021595,0.00858208158323,-0.999925842913,0.0,0.661221592476,0.26028406829,0.303297412903,1.0,-0.00456,-0.00599314285714,0.229
0.464648823887,0.544799632877,-0.124007315391,-1.36040821133,0.0793906373602,1.89572028074,0.158679984546,-0.00192668123549,-0.0233452580624,-0.000801578627211,-0.0440422032028,-0.00207072421788,0.0136317473011,-0.00796981512137,0.574000679761,0.818840487666,0.00205482239864,0.0,0.818797159981,-0.573940121728,-0.0120288976913,0.0,-0.00867057036934,0.00858724352688,-0.999925537457,0.0,0.66114955265,0.260186907556,0.303289101852,1.0,-0.00486,-0.00638742857143,0.244
0.46457251253,0.544357874053,-0.123999534812,-1.36115532325,0.0793678680933,1.89598527026,0.158550766662,-0.00703633809841,-0.0265831247156,0.00133376248148,-0.0456541022711,-0.000147786565622,0.00836957925397,-0.00959981187357,0.573987539159,0.818849750499,0.00203418259648,0.0,0.818805877594,-0.573926798684,-0.0120711006485,0.0,-0.00871711368018,0.00859442749163,-0.999925071065,0.0,0.66106154874,0.260072372109,0.303268870549,1.0,-0.0052,-0.00683428571429,0.261
0.464505355313,0.543798529504,-0.124012655251,-1.36205980973,0.0793273554921,1.89630969782,0.158445372772,-0.00303469879656,-0.0285193158252,-0.00403493379301,-0.0502285318501,-0.00547349733189,0.0187756939831,-0.00198279274744,0.574005032411,0.818837522073,0.00202042405055,0.0,0.818793381815,-0.573944262983,-0.0120883326619,0.0,-0.00873893782192,0.00859323906895,-0.999924890783,0.0,0.660955583596,0.259935813899,0.303262708191,1.0,-0.00558,-0.00733371428571,0.28
0.464438263054,0.543362148525,-0.124010926503,-1.36275947032,0.0792932822778,1.89654967459,0.158377584743,-0.00359824184616,-0.0340086576612,0.00025525123043,-0.054049969232,-0.0036719052057,0.0194381705159,-0.00523528429823,0.574033047324,0.818817919842,0.0020053996991,0.0,0.818773465524,-0.57397222423,-0.0121097014165,0.0,-0.00876476554685,0.00859350231921,-0.999924662464,0.0,0.660872787356,0.259825917673,0.303259162731,1.0,-0.00586,-0.00770171428571,0.294
0.464358847894,0.542747286043,-0.124019038106,-1.36375172879,0.079232388326,1.89690350665,0.158231908214,-0.0014850639037,-0.0336454940247,-0.000925021837322,-0.0477861022388,-0.00178960705835,0.0164721981506,-0.0129869649584,0.574023421009,0.818824723888,0.0019825700938,0.0,0.818779987114,-0.573962714916,-0.0121194673658,0.0,-0.00878596736301,0.00858031203157,-0.999924589668,0.0,0.6607568412,0.259673177813,0.303252721534,1.0,-0.00624,-0.00820114285714,0.313
0.464281055583,0.542145560591,-0.12401477581,-1.36467252566,0.0791844507776,1.89724508356,0.158125390595,-0.00393723940311,-0.0340459024339,0.00112093425263,-0.0560561367339,-0.00044396870428,0.017389602951,-0.00300234576683,0.574035321307,0.818816322258,0.00200678762246,0.0,0.818771807329,-0.57397441463,-0.0121179938339,0.0,-0.0087707352572,0.00859942317817,-0.999924559216,0.0,0.66065044355,0.259538270055,0.303269463659,1.0,-0.00658,-0.008648,0.33
0.464210987945,0.541625809489,-0.124016608217,-1.36545894509,0.0791420946571,1.89753655872,0.158012751858,-0.00373360047215,-0.0385549901253,-0.00027137169932,-0.05913657314,-0.002965763773,0.023229037042,-0.00601410675429,0.574034115152,0.818817109256,0.00203054981246,0.0,0.818772864324,-0.573973064772,-0.0121105105034,0.0,-0.00875098078651,0.00861457112416,-0.999924601907,0.0,0.660561834588,0.259417318951,0.303287980816,1.0,-0.00686,-0.009016,0.344
0.464130134395,0.540981295345,-0.124015470341,-1.36648051104,0.0790824134407,1.89791928039,0.157879516587,-0.00421751440539,-0.0406143300566,0.000703573020933,-0.0590062927765,0.000373187718194,0.0148618149803,-0.00792718287165,0.574031243427,0.818819109184,0.00203590417118,0.0,0.81877490573,-0.573970141975,-0.012111018487,0.0,-0.00874835359556,0.0086192161937,-0.999924584867,0.0,0.660443388766,0.259268080521,0.303290518708,1.0,-0.0072,-0.00946285714286,0.361
0.464041304323,0.540261888253,-0.124020507968,-1.36756264181,0.0790109251556,1.89830632011,0.157733166879,-0.00614322163128,-0.0399195333992,0.000210730305607,-0.0632382939531,-0.000619646344267,0.0259008632349,-0.00867754261086,0.574028421743,0.81882104472,0.00205296296118,0.0,0.818777121448,-0.573967302947,-0.0120957612903,0.0,-0.00872609828691,0.00862439591336,-0.999924734669,0.0,0.660317743533,0.259102187481,0.303317614845,1.0,-0.00754,-0.00990971428571,0.378
0.463929212675,0.539508031557,-0.124021092337,-1.36871421535,0.0789509302601,1.89875131856,0.15759433082,-0.0082352416062,-0.0511683141112,-0.000283565093242,-0.0741586474176,-0.000410112281128,0.0245383359519,-0.00978634939725,0.574054766206,0.818802462698,0.00209746906952,0.0,0.818759061283,-0.573993392853,-0.0120802081166,0.0,-0.00868753803019,0.00865218943398,-0.999924830325,0.0,0.660192671368,0.258921522155,0.30334079681,1.0,-0.00788,-0.0103565714286,0.395
0.463840562458,0.538805061022,-0.124026895191,-1.36980426881,0.0788788483364,1.89916992613,0.157458807509,-0.00687489616709,-0.0454320725368,-0.000535194666817,-0.0699609585899,-0.00414647858225,0.0268325148596,-0.0149649647111,0.574061545636,0.818797655576,0.00211847737111,0.0,0.818754629159,-0.574000182006,-0.0120579927088,0.0,-0.00865721644257,0.00865670975454,-0.999925054181,0.0,0.660070793674,0.258756208412,0.303355045091,1.0,-0.0082,-0.0107771428571,0.411
0.463724339194,0.538021359056,-0.124027026379,-1.37102417936,0.0788125372074,1.89964651204,0.157313536355,-0.0076353360499,-0.044536184568,-0.000268688440359,-0.0790615012866,-0.00371090002803,0.0261912009974,-0.00585566164123,0.57408765344,0.818779254551,0.00215531589642,0.0,0.818736672669,-0.574026093782,-0.0120437280663,0.0,-0.00862411316413,0.00867895884667,-0.999925147371,0.0,0.659937835786,0.258566503369,0.303369255837,1.0,-0.00854,-0.011224,0.428
0.463597887184,0.537114237296,-0.124038327167,-1.37244003629,0.0787299767853,1.90016675038,0.15712887138,-0.0111189804376,-0.0446689504095,-0.00138258766079,-0.0762267656113,-0.00113428564568,0.0313265652664,-0.00653773365463,0.57410386997,0.818767861978,0.00216369578749,0.0,0.818725400206,-0.574042283713,-0.0120383748119,0.0,-0.00861474739589,0.00868291744026,-0.999925193738,0.0,0.65977723463,0.258342283194,0.303381336701,1.0,-0.00892,-0.0117234285714,0.447
0.463492483306,0.536364263582,-0.124036486745,-1.37360521603,0.0786672140954,1.90060798986,0.15698804458,-0.00609963257589,-0.0536653984626,0.000737349230505,-0.0836669096275,-0.00698976928101,0.0312906002864,-0.00879957692965,0.574120983343,0.818755793033,0.00218969420005,0.0,0.81871359902,-0.574059213365,-0.0120336707386,0.0,-0.00859578899426,0.0087016828313,-0.999925193766,0.0,0.659645022778,0.25816512601,0.303394363774,1.0,-0.00922,-0.0121177142857,0.462
0.463383075041,0.535545173584,-0.124043179338,-1.37490082228,0.0785905183939,1.90107858049,0.156833435303,-0.00504786971031,-0.0506063664782,-0.000165022755117,-0.0834265573173,-0.000540804353301,0.0330636264024,-0.0101506638731,0.574139313503,0.818742956214,0.00218340132998,0.0,0.818700670689,-0.574077558103,-0.0120381060208,0.0,-0.00860283843814,0.00869926954782,-0.999925154139,0.0,0.659493704796,0.257965557082,0.303396771502,1.0,-0.00952,-0.012512,0.478
0.46324580064,0.534554084039,-0.124043457945,-1.37650887375,0.0785035160821,1.90167162304,0.156636081343,-0.0107837692616,-0.0497208075637,0.00603099123535,-0.0869658258629,-0.00610517215131,0.0352678557397,-0.0126074942132,0.574155324157,0.818731772283,0.00216695609205,0.0,0.818689152614,-0.574093515498,-0.0120604211272,0.0,-0.00863038068473,0.00869878592711,-0.999924921008,0.0,0.659304695235,0.257723155903,0.303382085438,1.0,-0.00992,-0.0130377142857,0.497
0.463123532241,0.533690257095,-0.124048958889,-1.37790734811,0.0784250773359,1.90217536518,0.156463259817,-0.00861130951864,-0.0523094460495,-0.00228130558382,-0.0866687975219,-0.00433230587323,0.0320966102604,-0.0155567350025,0.574173356455,0.818719192456,0.00214185501794,0.0,0.818676173066,-0.574111580023,-0.0120815660591,0.0,-0.00866191300763,0.00869056632506,-0.999924719826,0.0,0.659139700745,0.257506178861,0.303369603552,1.0,-0.01024,-0.0134582857143,0.513
0.462978722791,0.532628022371,-0.124051525116,-1.37960966628,0.0783310076725,1.9028173052,0.156255462315,-0.00679901559591,-0.0572171435851,0.000441772008442,-0.0893544296495,-0.00842062606326,0.0306108035535,-0.0151725348678,0.574191592532,0.818706392831,0.00214576444912,0.0,0.818663350446,-0.574129722704,-0.0120883020243,0.0,-0.00866498982549,0.00869782756364,-0.999924630033,0.0,0.658942366771,0.257249446714,0.303364108353,1.0,-0.01062,-0.0139577142857,0.532
0.462861538625,0.531760298863,-0.124052165529,-1.38099599519,0.0782531675606,1.90332467877,0.156082299064,-0.0110320490621,-0.0633324745983,-0.0003356728211,-0.0950662546592,-0.0126705463042,0.0335521254192,-0.0120628951993,0.574200992741,0.818699818811,0.00213857789073,0.0,0.818656601528,-0.574139071304,-0.0121013419814,0.0,-0.00867969247442,0.00869953098027,-0.999924487699,0.0,0.658777826552,0.257040522577,0.30335993619,1.0,-0.01092,-0.014352,0.547
0.46272191822,0.530757409588,-0.124057768445,-1.38262348876,0.0781549513225,1.90390292663,0.155871258993,-0.00406662416166,-0.0636216526379,-0.00181599511901,-0.0976416950599,-0.00451022427711,0.039475229702,-0.0133868209716,0.57420865679,0.818694550075,0.00209739019131,0.0,0.818650751512,-0.574146869742,-0.0121270736329,0.0,-0.00872432704894,0.0086806678476,-0.999924263194,0.0,0.658582351821,0.256788628916,0.303342348858,1.0,-0.01126,-0.0147988571429,0.564
0.462583879887,0.529730267336,-0.124053514015,-1.3842655108,0.0780482842925,1.90449970495,0.155655883978,-0.0088474871067,-0.0610730276902,0.00036871201323,-0.099032658006,-0.00321351603221,0.0407772684109,-0.0112910654087,0.574202880193,0.818698650101,0.00207836491539,0.0,0.818654603012,-0.574141177137,-0.0121365804259,0.0,-0.00874309546418,0.00867048937477,-0.999924187574,0.0,0.658385169797,0.256542025083,0.303335970809,1.0,-0.0116,-0.0152457142857,0.581
0.462473644134,0.528796269492,-0.124055667618,-1.38572583924,0.0779698897631,1.90504793018,0.155450149812,-0.00651651034698,-0.0621046373438,0.000574647834745,-0.0975199370095,-0.0049173996881,0.0363866730977,-0.0127871554835,0.574184478125,0.81871149729,0.00210147252614,0.0,0.818667663616,-0.57412258834,-0.0121349498946,0.0,-0.008728688206,0.00868827475164,-0.999924159066,0.0,0.658210687621,0.256331623546,0.303346271398,1.0,-0.0119,-0.01564,0.596
0.462321320441,0.527609692533,-0.124061021078,-1.38755746612,0.0778487333332,1.90575809667,0.155197005859,-0.00889981554028,-0.0677308828131,-0.000182503608999,-0.100166521356,-0.00627541096198,0.0320752933845,-0.0143036485514,0.574172464684,0.818719799994,0.00214867361798,0.0,0.818676733004,-0.574110521988,-0.0120938944337,0.0,-0.00866810158735,0.00870321783641,-0.999924556161,0.0,0.658001690971,0.256055002359,0.303371535578,1.0,-0.01226,-0.0161131428571,0.614
0.462175101355,0.526459952243,-0.12406734982,-1.38935025159,0.0777336121605,1.90643606487,0.154946201505,-0.010189267529,-0.0706598054695,-0.00146273298894,-0.110593032157,-0.00763430779863,0.0403165930008,-0.0145636408432,0.574157254761,0.818730403739,0.00217248713239,0.0,0.818687735645,-0.574095300739,-0.0120716227375,0.0,-0.00863635618063,0.00870976603258,-0.999924773834,0.0,0.657792147386,0.255784787418,0.30338630439,1.0,-0.0126,-0.01656,0.631
0.46203976901,0.525343743695,-0.124060153133,-1.39106692205,0.0776269906581,1.90705463285,0.154722217575,-0.00935387079126,-0.0697992641329,0.0019666937195,-0.105204443398,-0.00944453945326,0.0355782418998,-0.0140083887145,0.574143246823,0.818740183027,0.00218900115851,0.0,0.818697673675,-0.57408116702,-0.0120697843599,0.0,-0.00862551918417,0.00872208326409,-0.999924760011,0.0,0.657580849884,0.255535595557,0.303407822191,1.0,-0.01292,-0.0169805714286,0.647
0.461883660034,0.52416902951,-0.124072677091,-1.39294834479,0.0775078109845,1.90772365814,0.154467443738,-0.00963301622766,-0.0731922047635,-0.00017189154071,-0.114942799699,-0.0121048073405,0.0359451456186,-0.0196699977698,0.574140256981,0.818742379936,0.0021511649546,0.0,0.81869940468,-0.574078367196,-0.0120855283755,0.0,-0.00866016373522,0.00870011333911,-0.999924651957,0.0,0.657352382569,0.255243908782,0.30339682074,1.0,-0.01326,-0.0174274285714,0.664
0.46174158773,0.523045427548,-0.12407140529,-1.39476314215,0.0773982145096,1.90840484622,0.154221755241,-0.0121730765556,-0.0695751560281,0.000283731781501,-0.113510821115,-0.00568144587779,0.0450551789642,-0.014397352236,0.574122506201,0.81875485277,0.00214145747177,0.0,0.818711716725,-0.574060626199,-0.0120941823406,0.0,-0.00867301104679,0.00869694604202,-0.999924568159,0.0,0.657132836804,0.254979096004,0.303381933203,1.0,-0.01358,-0.017848,0.68
0.461575076848,0.521793420998,-0.124077611952,-1.39671961321,0.0772804284482,1.90917247492,0.153945417652,-0.010584598905,-0.0747397420034,-0.000361146268358,-0.112927862658,-0.0034090724777,0.0418502363839,-0.0157706291341,0.574110269546,0.818763298935,0.00219217239789,0.0,0.818720886229,-0.574048236426,-0.0120614928138,0.0,-0.00861726085631,0.00871957209758,-0.999924853115,0.0,0.656908350556,0.254683288352,0.303397249826,1.0,-0.01392,-0.0182948571429,0.697
0.461406088305,0.520552821471,-0.124080790564,-1.39874354713,0.0771543885036,1.90992701137,0.153684621441,-0.0109455842203,-0.0740142515285,-1.42213225017e-05,-0.121465182827,-0.00770389328631,0.0446967021917,-0.0180815180755,0.574111546246,0.818762481454,0.00216294496801,0.0,0.818719693505,-0.574049643495,-0.0120754781079,0.0,-0.00864547708482,0.00870368462237,-0.999924747969,0.0,0.656664726433,0.25437731689,0.303370900569,1.0,-0.01426,-0.0187417142857,0.714
0.461237565425,0.519216565699,-0.124084257742,-1.4008007047,0.0770262419363,1.91065756698,0.153405894098,-0.01015331633,-0.0834822509587,0.000464558106019,-0.123412068982,-0.0096798053613,0.0429937768933,-0.0149723384741,0.574098468359,0.818771632278,0.00217018580052,0.0,0.818728908926,-0.574036506267,-0.0120751837428,0.0,-0.00864121839847,0.00870930602563,-0.999924735834,0.0,0.656410331307,0.254066915514,0.30339338883,1.0,-0.0146,-0.0191885714286,0.731
0.461069692955,0.517951121447,-0.124090423887,-1.40278943607,0.0768981312293,1.91136988724,0.153130148559,-0.00616361071358,-0.0797915930673,-0.00134053078662,-0.123118654402,-0.00298255575148,0.0448511447378,-0.0220704096805,0.574085358973,0.818780861393,0.00215604513291,0.0,0.818737975912,-0.574023481545,-0.0120795834094,0.0,-0.00865307777419,0.00870011551009,-0.999924713284,0.0,0.65616634036,0.253761377764,0.303396882691,1.0,-0.01492,-0.0196091428571,0.747
0.460886990084,0.51660347842,-0.124092538079,-1.40491360391,0.0767595889292,1.91215928959,0.152836046696,-0.008091154155,-0.0742895717972,0.000424609328132,-0.121832651688,-0.00327566624765,0.0492367345798,-0.0150878615262,0.57407071488,0.818791116696,0.00216065687872,0.0,0.818748352354,-0.574008880948,-0.012070087444,0.0,-0.00864281054068,0.00869828545602,-0.999924818002,0.0,0.655910520959,0.253437052048,0.30339976326,1.0,-0.01526,-0.020056,0.764
0.460697439426,0.515213540269,-0.124094834194,-1.4071036788,0.0766317817679,1.91298422769,0.15254756267,-0.0106197015881,-0.084184753746,0.000218841583477,-0.124677752951,-0.00672579905653,0.0471304128657,-0.0158337810785,0.574072660886,0.818789693306,0.00218290172104,0.0,0.818747165946,-0.574010678308,-0.0120650878664,0.0,-0.00862592677209,0.00871364945769,-0.999924830025,0.0,0.655647675111,0.253105030502,0.30340363183,1.0,-0.0156,-0.0205028571429,0.781
0.460514870815,0.513897766062,-0.124105318151,-1.40921981848,0.0764998657094,1.91373302253,0.15225731265,-0.0124689457838,-0.0830795451303,1.41639607766e-05,-0.133227391639,-0.0111710356483,0.0383679205095,-0.0175238921811,0.574067567819,0.818793390114,0.00213513093414,0.0,0.818750213968,-0.574005764682,-0.0120919865924,0.0,-0.00867542825952,0.00868992355032,-0.999924608245,0.0,0.65538470839,0.252774910363,0.303383954654,1.0,-0.01592,-0.0209234285714,0.797
0.460312478721,0.512411661355,-0.124109915264,-1.41163381245,0.0763510900071,1.91457447571,0.151912359209,-0.00609866773513,-0.080612366703,-0.000494540739918,-0.129685305872,-0.0133817697488,0.0492044959699,-0.0219281502531,0.57404598377,0.81880871215,0.00206114657662,0.0,0.818764460171,-0.573984396394,-0.0121415961949,0.0,-0.00875874740317,0.00865759478191,-0.999924162323,0.0,0.655094693565,0.25242180554,0.303350894037,1.0,-0.01626,-0.0213702857143,0.814
0.460118355738,0.511041993021,-0.1241125402,-1.41380605236,0.0762160575087,1.91539505746,0.151600878283,-0.0151247026688,-0.0869995575637,3.47758363004e-05,-0.132066009317,-0.00604841671071,0.0444859996007,-0.0196334204536,0.574023490347,0.818824453344,0.00207220559084,0.0,0.818780363098,-0.573961874328,-0.0121338668192,0.0,-0.00874630825379,0.00866197259885,-0.999924233291,0.0,0.654816651905,0.252071166221,0.303345785462,1.0,-0.0166,-0.0218171428571,0.831
0.459916558114,0.509548424176,-0.124115324403,-1.41616424548,0.0760800078602,1.91627977744,0.151277354885,-0.0203081711558,-0.0922728419944,-0.00034316570737,-0.146618864801,-0.00498872906078,0.0432015021083,-0.0248308989982,0.574012281703,0.81883226096,0.00209183318174,0.0,0.818788341474,-0.573950496148,-0.0121337025979,0.0,-0.00873502661583,0.00867783001034,-0.999924194415,0.0,0.654528569846,0.251715242332,0.303345618571,1.0,-0.01694,-0.022264,0.848
0.459715341867,0.50804507178,-0.124127709415,-1.41853492217,0.0759164379583,1.91712726326,0.150937826376,-0.0149364451443,-0.0874266007525,-0.000978980148523,-0.142308257481,-0.0137856881594,0.0515462448462,-0.0195460823948,0.573986540844,0.818850379125,0.00206262891574,0.0,0.818806209123,-0.573925016476,-0.0121331886151,0.0,-0.00875164025923,0.00865334692967,-0.999924261322,0.0,0.654232844129,0.251345958323,0.303342865174,1.0,-0.01728,-0.0227108571429,0.865
0.459494805678,0.506511718418,-0.124131261003,-1.42096346462,0.0757681237861,1.91801035503,0.150613771975,-0.0110850766094,-0.0922581590988,-0.000830204228014,-0.147642791947,-0.0177215112503,0.0598316419722,-0.0127776479053,0.573990027129,0.818847963478,0.00205143006961,0.0,0.818803586596,-0.573928491785,-0.0121457728005,0.0,-0.00876833597432,0.00865143732487,-0.99992413158,0.0,0.653932216301,0.250967630891,0.303335885932,1.0,-0.01762,-0.0231577142857,0.882
0.459284921467,0.505005031635,-0.124132663599,-1.42326909528,0.0756267136327,1.91890229349,0.150294906736,-0.015423274307,-0.0923954343082,0.000625792045128,-0.149798122097,-0.011451739029,0.0575533776729,-0.0113974102867,0.573982879637,0.818852775806,0.00212892917731,0.0,0.818809451932,-0.573921047293,-0.0121020577333,0.0,-0.00868813357831,0.00868972858436,-0.999924499626,0.0,0.653657638848,0.250613480247,0.303368857522,1.0,-0.01794,-0.0235782857143,0.898
0.459049924021,0.503236583743,-0.124132313256,-1.42589998593,0.0754635906616,1.91990073846,0.149924615731,-0.0140498564403,-0.100277607062,0.00174506648565,-0.143466073812,-0.00437845273051,0.0571574304827,-0.0196866979778,0.573963153761,0.818866293626,0.00224459101457,0.0,0.818824515325,-0.573900868512,-0.0120396480591,0.0,-0.00857085426552,0.00874840895377,-0.999925000086,0.0,0.65333916094,0.25021262985,0.303438380304,1.0,-0.0183,-0.0240514285714,0.916
0.458829487517,0.501643120715,-0.124136250713,-1.42826669423,0.0753067533556,1.92075534463,0.149593619344,-0.0156047699779,-0.0998008714239,0.00265725880051,-0.150603467402,-0.00115926828954,0.0528098273728,-0.0189615204966,0.573953956668,0.818872560092,0.00230929767117,0.0,0.818831696623,-0.573891477347,-0.0119988222208,0.0,-0.00850038367658,0.00877786662018,-0.999925343481,0.0,0.653046729942,0.249839277575,0.303498439138,1.0,-0.01862,-0.024472,0.932
0.458592922387,0.499931682328,-0.124152615657,-1.43087053729,0.0751386697735,1.92167146486,0.149229059394,-0.0167965464367,-0.0920631740342,-0.00198657273814,-0.155157364094,-0.00658527569619,0.0593520588268,-0.0192302468808,0.573947985498,0.818876702836,0.00232430567194,0.0,0.818836073329,-0.573885485172,-0.0119867354084,0.0,-0.00848193638434,0.00878315707298,-0.999925453675,0.0,0.652718915516,0.249424044316,0.303533124675,1.0,-0.01896,-0.0249188571429,0.949
0.458348352434,0.498250535462,-0.124145042876,-1.43349278568,0.0749759537074,1.92266133671,0.148855793295,-0.0138203313224,-0.0964705629936,-0.000283316866021,-0.152533014894,-0.00865220589033,0.0520124713099,-0.0241369540893,0.573926783752,0.818891444201,0.00236567281161,0.0,0.818851316846,-0.573864079781,-0.0119702020569,0.0,-0.00844488398881,0.00880732343263,-0.999925554723,0.0,0.652395754025,0.249020876462,0.303543006081,1.0,-0.0193,-0.0253657142857,0.966
0.458098029005,0.496674147294,-0.124142781342,-1.43600912441,0.0748259090355,1.92355565766,0.148476104641,-0.0140962091941,-0.0980788973315,-0.000171936647093,-0.156904348919,-0.0085204003003,0.0536369331811,-0.0231035060926,0.573906203868,0.818905967047,0.00233092221852,0.0,0.818865214504,-0.573843465089,-0.0120077038382,0.0,-0.00849575941057,0.00880017628006,-0.999925186686,0.0,0.652077105516,0.248617802964,0.303521609815,1.0,-0.01962,-0.0257862857143,0.982
0.457832360841,0.494990172838,-0.124145157861,-1.43872980484,0.0746608565622,1.92449727437,0.148093315085,-0.0166108334304,-0.0972290048612,4.54566731184e-05,-0.156242700433,-0.00841593245747,0.0639031403094,-0.0134578897986,0.573904585864,0.818907321277,0.00225219548521,0.0,0.818865350759,-0.573841978695,-0.012069288081,0.0,-0.00859138946932,0.00877103349332,-0.999924625659,0.0,0.651725706432,0.248180182015,0.303481605055,1.0,-0.01996,-0.0262331428571,0.999
0.457497888169,0.492650585423,-0.124208375175,-1.44230871807,0.0744545842863,1.92579640116,0.147579716193,-0.0143571855393,-0.156444663745,-0.00516933269731,-0.220320427997,-0.00730005180963,0.0849241611105,-0.0313787122318,0.573927746596,0.818890959471,0.00229893132313,0.0,0.818849668486,-0.573865012051,-0.0120380756355,0.0,-0.00853875945347,0.00879163404085,-0.999924895559,0.0,0.651286079855,0.247586594278,0.303521439724,1.0,-0.0325697142857,-0.0428059102041,1.018
0.45714062611,0.489783421804,-0.124260602117,-1.44682272577,0.0742095448911,1.92754479169,0.146900402882,-0.0274841771967,-0.197149059551,-0.00139298287659,-0.320524686912,-0.0166002347624,0.121793772751,-0.0508844645219,0.573862555144,0.818936390611,0.00238806148067,0.0,0.818896229384,-0.573799428619,-0.0119970045262,0.0,-0.00845467805047,0.00884037641818,-0.999925180283,0.0,0.650725258823,0.246904889397,0.303520580022,1.0,-0.0444188571429,-0.0583790693878,1.034
0.456504873561,0.485387063337,-0.12431755189,-1.45375951538,0.0738172802795,1.93016473238,0.145857775109,-0.0365535633759,-0.271175426532,-0.0020282235888,-0.420715657191,-0.0221856962485,0.16038759776,-0.0678219626069,0.573810019379,0.818972989103,0.00246001653526,0.0,0.818933626391,-0.573746462402,-0.0119774516893,0.0,-0.00839794531371,0.00888754316088,-0.999925240251,0.0,0.649859960683,0.245808124073,0.303502309396,1.0,-0.0577491428571,-0.0758988734694,1.052
0.455705469501,0.48013805108,-0.124475126412,-1.46209577312,0.0733193657206,1.93307246551,0.144583476198,-0.048632915977,-0.333259767577,-0.00693273978425,-0.527824933226,-0.0356670649838,0.181963076571,-0.0867931609449,0.573809472494,0.81897386503,0.0022901039569,0.0,0.818932295686,-0.573746622315,-0.0120604877701,0.0,-0.00856344974611,0.008796031567,-0.999924645739,0.0,0.648789758437,0.244395533942,0.303432535249,1.0,-0.0703388571429,-0.092445355102,1.069
0.454841256117,0.474571343456,-0.124607537673,-1.47081705036,0.0727931737283,1.93612940471,0.143326182816,-0.0577650858303,-0.390219227028,-0.0107184453406,-0.611825183617,-0.0349029347387,0.213810236512,-0.0880582870428,0.573863879306,0.818936001889,0.00219539052751,0.0,0.81889313557,-0.573801363116,-0.0121150775318,0.0,-0.00866192184802,0.00875036409496,-0.999924198246,0.0,0.647661812182,0.242921313388,0.303404827216,1.0,-0.0814474285714,-0.107045191837,1.084
0.45368646792,0.467310688722,-0.124746099898,-1.48191581695,0.0721505094727,1.94023019234,0.141606993765,-0.0686547557004,-0.452698543883,-0.0120160649901,-0.676459786286,-0.0443713705224,0.258911700893,-0.115360510255,0.573860635117,0.818937633359,0.00242302136814,0.0,0.818897676211,-0.57379710272,-0.0120094840575,0.0,-0.00844485840077,0.00887614760981,-0.999924946369,0.0,0.646259153316,0.241049837748,0.303497635747,1.0,-0.0940371428571,-0.123591673469,1.101
0.452383836068,0.459632262792,-0.124801775297,-1.49380203607,0.0713946897106,1.94448988482,0.139744610932,-0.0869927189406,-0.495721508484,-0.00365150182377,-0.754124887457,-0.0544732798675,0.270314936392,-0.122400687421,0.57379550969,0.818983151343,0.00246125523073,0.0,0.818943495298,-0.573731622252,-0.0120134939702,0.0,-0.00842691143823,0.00890908938487,-0.999924804818,0.0,0.644702524867,0.239040692286,0.303502210719,1.0,-0.105886285714,-0.139164832653,1.117
0.45086761108,0.451003357296,-0.124949088467,-1.50706608572,0.0705225159418,1.9490519228,0.137660277708,-0.0953111038138,-0.567250230301,-0.00845090310586,-0.832643179733,-0.0611353318008,0.312139491646,-0.1280317941,0.573809439271,0.818973653088,0.00237273115724,0.0,0.818932853728,-0.573745925512,-0.0120557431872,0.0,-0.00851215509025,0.00886097733723,-0.999924510299,0.0,0.6429339532,0.236696949996,0.303517914251,1.0,-0.117735428571,-0.154737991837,1.133
0.449081990315,0.440892572534,-0.125077691698,-1.52244603703,0.0694845501057,1.95453285447,0.135290381808,-0.11270404664,-0.607862849944,-0.00814036150898,-0.935206513528,-0.0679857726416,0.328363327076,-0.147727602861,0.573832352564,0.818957182169,0.00251233484655,0.0,0.818918574013,-0.573768662106,-0.0119431328757,0.0,-0.00833957600519,0.00891092526797,-0.999925520668,0.0,0.640883583452,0.234002896399,0.303600785528,1.0,-0.130325142857,-0.171284473469,1.15
0.447065205114,0.429792236449,-0.125213629264,-1.53911857855,0.0683789919244,1.960338256,0.132562657858,-0.118786432311,-0.672449335818,-0.00548295128481,-1.01358890347,-0.0653285040707,0.351548919028,-0.156979039719,0.573776313227,0.818995862838,0.00269553979431,0.0,0.818959577523,-0.573711857446,-0.0118600974048,0.0,-0.00816706480649,0.00901275461805,-0.999926031918,0.0,0.638606569211,0.23103781561,0.303745427843,1.0,-0.142914857143,-0.187830955102,1.167
0.444771431967,0.417969321627,-0.125348390031,-1.55700202215,0.0671075896818,1.96651778913,0.129569848493,-0.139822110313,-0.707843998262,-0.00427733212921,-1.06370013058,-0.0708373301757,0.371086703722,-0.171440909723,0.573709718827,0.819042357877,0.00274252237785,0.0,0.819007035459,-0.573645488222,-0.0117930747371,0.0,-0.00808594783047,0.00901212022515,-0.999926696882,0.0,0.636128622684,0.227775200595,0.303806460003,1.0,-0.155504571429,-0.204377436735,1.184
0.442052171207,0.404483091888,-0.125486423215,-1.57726965957,0.0656855770126,1.97359296615,0.126212533275,-0.154445306284,-0.772642845269,-0.00500728335804,-1.16767652954,-0.0797868305085,0.391707006095,-0.189724776849,0.573726215906,0.819030085996,0.00294861267668,0.0,0.818997665602,-0.573661515688,-0.0116634496767,0.0,-0.00786136193004,0.00910670907877,-0.999927630801,0.0,0.633290197343,0.224035015058,0.30389847515,1.0,-0.168834857143,-0.221897240816,1.202
0.439353466896,0.391658632665,-0.125652924174,-1.59627079038,0.0643833993755,1.98012815325,0.122929567109,-0.173041976563,-0.790473854631,-0.00901855834957,-1.22142626841,-0.0855828036284,0.420537573465,-0.205559583917,0.573761616369,0.81900418514,0.00324024798776,0.0,0.818975443036,-0.573695846217,-0.0115345844658,0.0,-0.0075881022345,0.00927196387258,-0.999928223119,0.0,0.630585971893,0.220430215157,0.3040568194,1.0,-0.180684,-0.2374704,1.218
0.436400409001,0.378235472354,-0.125791004272,-1.61636008438,0.0628131451543,1.98680630528,0.119355380116,-0.185928047267,-0.861172508846,-0.00955209109106,-1.2722306659,-0.103677421206,0.438033947735,-0.232756448237,0.573671905575,0.819067352792,0.00315646097736,0.0,0.819038132626,-0.573607141994,-0.0114948188089,0.0,-0.00760460866489,0.0091796932525,-0.999928949055,0.0,0.627627566967,0.216553847642,0.304068469382,1.0,-0.192533142857,-0.253043559184,1.234
0.432925250572,0.36326391006,-0.125950088355,-1.63864521532,0.0611515013379,1.99416300498,0.115375049239,-0.217553307327,-0.919256664565,-0.00785593348917,-1.32349808202,-0.106111955324,0.4469881068,-0.241360124439,0.573715965429,0.819036525332,0.00314771117702,0.0,0.819007064284,-0.573651069138,-0.0115163549279,0.0,-0.00762677428162,0.0091852912213,-0.99992872883,0.0,0.624291044548,0.212162062099,0.304077696334,1.0,-0.205122857143,-0.269590040816,1.251
0.429065390104,0.347624357963,-0.126166517697,-1.66196471837,0.0593860523136,2.00166930396,0.111018419589,-0.236025078472,-0.943883121766,-0.0107435081786,-1.36578298819,-0.0920344626823,0.432487827096,-0.269118941205,0.573773976739,0.818996601133,0.00295598569882,0.0,0.818964291843,-0.573709263275,-0.0116583369184,0.0,-0.00785241311679,0.00911027247134,-0.999927668656,0.0,0.620719567702,0.207415091742,0.30399362713,1.0,-0.217712571429,-0.286136522449,1.268
0.424365136404,0.329184520351,-0.126359403242,-1.68892536564,0.0573156716954,2.01036277491,0.105862732814,-0.251041974501,-0.984894436343,-0.00416555006902,-1.40799626925,-0.10011339707,0.44677055355,-0.285377142647,0.573828819752,0.818957770258,0.00306644045533,0.0,0.818926506735,-0.573763275892,-0.0116544715316,0.0,-0.00778525898847,0.00919903812402,-0.999927381083,0.0,0.616514522046,0.201861160859,0.304049805135,1.0,-0.231783428571,-0.30462964898,1.287
0.420402403085,0.313990751678,-0.126512432883,-1.71103868816,0.0554122192992,2.01736302587,0.101507420981,-0.269719862603,-1.01311155335,-0.0151603847775,-1.48992468517,-0.131451213558,0.473669715657,-0.297805603148,0.573735595694,0.819023275475,0.00301452575812,0.0,0.818992147332,-0.573671187013,-0.0115749169208,0.0,-0.00775092902924,0.00910999017401,-0.99992846303,0.0,0.612968108151,0.197246388969,0.30406276685,1.0,-0.242892,-0.319229485714,1.302
0.415558923141,0.296187590685,-0.126691501315,-1.73670918513,0.0532468897844,2.02535672658,0.0961903953753,-0.298603542023,-1.05174981345,-0.0176826811736,-1.55025185728,-0.144795071248,0.466252853096,-0.313995112466,0.573576050404,0.819134937172,0.00303578784492,0.0,0.819104294426,-0.573511841893,-0.0115355521469,0.0,-0.00770826191247,0.00910331856746,-0.999928853614,0.0,0.608759004561,0.191790282234,0.304095604034,1.0,-0.255481714286,-0.335775967347,1.319
0.41024187751,0.277734202527,-0.126879544015,-1.76301934,0.0510978476613,2.03340163234,0.0906280151823,-0.323561867677,-1.08126234933,-0.0123808466332,-1.60257528054,-0.133262444457,0.475771335911,-0.344226065527,0.573578801785,0.819132473186,0.00317748571898,0.0,0.819102980154,-0.573513327036,-0.0115550212888,0.0,-0.0076429099094,0.00923058100452,-0.999928188573,0.0,0.60435546694,0.186045903515,0.304159479695,1.0,-0.268071428571,-0.35232244898,1.336
0.404436102116,0.258702035265,-0.127136147705,-1.78992401233,0.0487181141042,2.04144460555,0.0847189477201,-0.360717720967,-1.11547838243,-0.0187866735739,-1.63228637842,-0.159227314214,0.464697742027,-0.354757494995,0.573622953842,0.819101357547,0.00322797016819,0.0,0.8190727969,-0.573557655589,-0.0114941722127,0.0,-0.00756361068426,0.00923744141997,-0.999928728195,0.0,0.59976754196,0.179946980203,0.304216049907,1.0,-0.280661142857,-0.368868930612,1.353
0.398522179806,0.240244899055,-0.127363074097,-1.81588081453,0.0463654972173,2.04899607595,0.0788159674443,-0.383374962136,-1.15320203836,-0.0136060671528,-1.62315982814,-0.149947812674,0.464076929102,-0.38663380322,0.573656909753,0.819077722917,0.00319070769082,0.0,0.819048683232,-0.573591724986,-0.011512359662,0.0,-0.00759950012296,0.00921766706905,-0.99992863856,0.0,0.595220744623,0.173943126241,0.304217777475,1.0,-0.292510285714,-0.384442089796,1.369
0.391902103422,0.220091483629,-0.127553213208,-1.84388464596,0.0438451292657,2.05699101812,0.0721533716341,-0.410359492488,-1.18539691586,-0.0171059042442,-1.67162685576,-0.16580802987,0.457336879406,-0.404505434446,0.573543772517,0.819156594765,0.00328042087612,0.0,0.819128065542,-0.573477530193,-0.011553419688,0.0,-0.00758295826292,0.00931365603649,-0.999927874677,0.0,0.590172943732,0.167439765102,0.304247685685,1.0,-0.3051,-0.400988571429,1.386
0.385139327753,0.200575066109,-0.127799773129,-1.87075044027,0.0412367511826,2.06436472912,0.0654997164189,-0.437472231208,-1.21355749337,-0.0179031816276,-1.66055399267,-0.162766138237,0.434516892776,-0.422483728863,0.573466843492,0.819210755589,0.00320378577102,0.0,0.819181330467,-0.573400970532,-0.0115767745425,0.0,-0.00764691157653,0.00926355619732,-0.999927853032,0.0,0.585213744847,0.160972852331,0.304255279314,1.0,-0.316949142857,-0.416561730612,1.402
