position_joint1,position_joint2,position_joint3,position_joint4,position_joint5,position_joint6,position_joint7,velocity_joint1,velocity_joint2,velocity_joint3,velocity_joint4,velocity_joint5,velocity_joint6,velocity_joint7,ee_T_00,ee_T_10,ee_T_20,ee_T_30,ee_T_01,ee_T_11,ee_T_21,ee_T_31,ee_T_02,ee_T_12,ee_T_22,ee_T_32,ee_T_03,ee_T_13,ee_T_23,ee_T_33,v_x,v_y,time
0.465091840474,0.547651472384,-0.123969374993,-1.35577096895,0.0794356573592,1.89408672966,0.159162121981,-0.00136975091771,-0.000617170335211,2.43230269141e-05,0.000485890658523,-0.000177376649709,-0.00168707386805,-0.000669014515933,0.573759143517,0.8190097178,0.0020674336472,0.0,0.81896863304,-0.573700631325,-0.0117775470366,0.0,-0.0084600003674,0.00845080131249,-0.99992850362,0.0,0.661686473353,0.260911303024,0.303333842347,1.0,0.0,0.0,0.0
0.465089307969,0.547653569687,-0.123964743441,-1.35577376213,0.0794366268358,1.89408756333,0.159165850367,-0.00139606782503,0.00155822876315,3.41760235886e-05,-0.000726549885936,-4.17776306544e-05,-7.50877609306e-05,0.00123474633089,0.573761453874,0.819008103897,0.00206559947815,0.0,0.818966961844,-0.573702915187,-0.0117825046208,0.0,-0.0084650893056,0.00845216744092,-0.999928449005,0.0,0.661685486093,0.260912161631,0.303330947973,1.0,-8e-05,-0.000105142857143,0.005
0.465089451675,0.547656389273,-0.12396686934,-1.3557731592,0.0794369024477,1.89408367284,0.15916398784,-0.00031980981834,0.00137988686368,-0.00201771903747,-0.00132376680929,0.000215138780959,1.47137297852e-05,0.00168124979318,0.573761314847,0.819008215117,0.00206011087397,0.0,0.818967005398,-0.573702801412,-0.0117850168865,0.0,-0.0084702973452,0.00844911228914,-0.999928430721,0.0,0.661685208558,0.260910840189,0.303328970329,1.0,-0.0004,-0.000525714285714,0.021
0.465087508042,0.547639837508,-0.12396973691,-1.35578337575,0.0794366679125,1.89408862347,0.159165588149,-0.00300433145986,-0.00284965369023,-0.000574973423064,-6.33748360062e-05,3.16546587511e-05,-1.70026965838e-05,-0.00190969731637,0.573763887662,0.819006405605,0.00206293335318,0.0,0.818965274735,-0.573705404901,-0.0117785426746,0.0,-0.00846334883024,0.00844773586143,-0.999928501187,0.0,0.661686507017,0.260903226646,0.303333462401,1.0,-0.00076,-0.000998857142857,0.039
0.465084432565,0.547572585354,-0.123966766428,-1.35584654152,0.0794318774299,1.89410061954,0.159159701546,-0.000249244194939,-0.0119091327175,0.000438404275448,-0.00726149060181,-4.54422519861e-05,0.000963441343745,-0.00041989361929,0.57376448444,0.819005932948,0.00208448843902,0.0,0.818965032387,-0.573705867419,-0.0117728636347,0.0,-0.0084463245345,0.00846213709808,-0.999928523364,0.0,0.661675551017,0.260900309529,0.3033548689,1.0,-0.0011,-0.00144571428571,0.056
0.465084158759,0.547448153882,-0.123964766141,-1.35599722223,0.07943030462,1.89413753495,0.159158724904,0.00028767493058,-0.00400760149863,0.00101622683534,-0.0110766506769,0.000180638140211,0.00494438188787,-0.00114622808827,0.573770352219,0.81900178383,0.0020994996635,0.0,0.818960977203,-0.573711574429,-0.0117768453227,0.0,-0.00844091258348,0.00847677618913,-0.99992844507,0.0,0.661651357499,0.260887287264,0.303374431159,1.0,-0.00142,-0.00186628571429,0.072
0.46506947341,0.547304851676,-0.123970065621,-1.35620372844,0.0794272371663,1.89419974387,0.15915866921,-0.000270616266839,-0.00471911089543,-0.000598562791309,-0.00961558512641,0.00054183993301,0.00346602558583,0.00183633255454,0.573796670391,0.81898333639,0.0021030132635,0.0,0.818942500714,-0.573737800616,-0.0117840387467,0.0,-0.00844451574759,0.00848405248199,-0.999928352937,0.0,0.661625422493,0.260855599987,0.30338322112,1.0,-0.00176,-0.00231314285714,0.089
0.465056927746,0.547119770219,-0.123967530755,-1.35640904485,0.0794221697175,1.89431961314,0.159147513488,0.00104923680976,-0.0167742160012,-0.000133670874983,-0.0120440641041,0.000300272529404,0.00737735105719,0.00192225878333,0.57380638568,0.81897629635,0.00219195573372,0.0,0.818936596718,-0.573747151735,-0.0117389664011,0.0,-0.0083564677551,0.00853113090167,-0.999928692084,0.0,0.661610118954,0.260834161672,0.303426913948,1.0,-0.0021,-0.00276,0.106
0.465029449646,0.546924456739,-0.123964773002,-1.35663027415,0.07942012551,1.89443842114,0.159127616488,-0.00512926406358,-0.0188834601786,0.000883439343327,-0.0139042760383,0.000175410063666,0.00935065875327,-0.00191395226195,0.573822650917,0.818964665883,0.00227776892369,0.0,0.818926017036,-0.573763027041,-0.0117010394041,0.0,-0.00827599757213,0.00857981086971,-0.99992894483,0.0,0.661594887909,0.26080163345,0.303470179153,1.0,-0.00242,-0.00318057142857,0.122
0.464999419571,0.546698815812,-0.123967559841,-1.3569629073,0.0794098440806,1.89457761546,0.159112328749,-0.00144716227831,-0.0114828185103,-0.00121034229783,-0.0204665269905,-0.00023262454305,0.00928948925114,-0.00467826812042,0.573852643697,0.81894356231,0.00230910679307,0.0,0.818905269967,-0.573792847973,-0.0116907372383,0.0,-0.00824926386079,0.00859986576679,-0.999928993456,0.0,0.661561356647,0.260751422616,0.303483824732,1.0,-0.00278,-0.00365371428571,0.14
0.464958987394,0.546435812771,-0.123968271925,-1.35733843565,0.0793935856791,1.89471850279,0.159055599812,-0.00135745373196,-0.0118163805826,-0.000450672393128,-0.0174419409874,-2.99933012774e-05,0.00752793032297,-0.00677452500438,0.573856460458,0.818940808438,0.00233708535034,0.0,0.818902827888,-0.573796507905,-0.0116821613455,0.0,-0.00822614562266,0.00861789548381,-0.999929028684,0.0,0.661521855831,0.260690075713,0.303503566354,1.0,-0.00312,-0.00410057142857,0.157
0.464925969353,0.546179584315,-0.123964779819,-1.35772924496,0.0793775189781,1.89486210924,0.158922101374,0.000192305003617,-0.0185786452104,0.0002217754983,-0.0290108739193,-0.00233773376861,0.0119113939945,-0.00127517944575,0.573789308261,0.818987820745,0.00235076524032,0.0,0.818949924006,-0.573729215643,-0.0116857173266,0.0,-0.00822191576699,0.00863046483945,-0.999928955065,0.0,0.661476277152,0.260634379286,0.303511318797,1.0,-0.00342,-0.00449485714286,0.172
0.464873058625,0.545862603159,-0.123965381744,-1.35826275515,0.0793451090718,1.89504161621,0.158906212683,-0.00397132724194,-0.0194399528921,-0.00209799353917,-0.0316363698532,-0.000720702287682,0.00793750481385,-0.000104342486665,0.573841202891,0.818951553553,0.002318123901,0.0,0.818913214244,-0.573781204214,-0.0117057305686,0.0,-0.00825648927418,0.00861573868464,-0.999928797181,0.0,0.661413709674,0.260546800233,0.303497369992,1.0,-0.00378,-0.004968,0.19
0.46480908701,0.545526594546,-0.123970684469,-1.35883216926,0.0792386270131,1.89523501485,0.158853311023,-0.00322027186113,-0.0238463335086,-0.00281822389972,-0.0366970950043,-0.00385825020479,0.0192576234642,-0.00164595146606,0.5738574513,0.818940379084,0.00224231911324,0.0,0.818901688916,-0.573798387438,-0.011669677143,0.0,-0.00827028996069,0.00853313438098,-0.999929391468,0.0,0.661354225068,0.260434122987,0.303481005619,1.0,-0.00412,-0.00541485714286,0.207
0.464750461398,0.545169618427,-0.123971710786,-1.35945280852,0.0792315714999,1.89543477946,0.158721731857,-0.00538707922133,-0.0272981239535,0.000252401606663,-0.0399991311632,-0.000236145039992,0.011791697444,-0.00567834373838,0.573831079263,0.818958959975,0.00220482424806,0.0,0.818919471511,-0.573771838483,-0.0117270390586,0.0,-0.00833905820136,0.00853507731423,-0.999928803747,0.0,0.661276785571,0.260338189299,0.303455672934,1.0,-0.00444,-0.00583542857143,0.223
0.464684670959,0.544749259936,-0.123976465651,-1.36014610228,0.0792154981709,1.89566967679,0.158684512488,-0.00330859257983,-0.028249284788,-0.00198962672087,-0.0422748362898,-0.000273178182401,0.0186999036168,0.000831528281846,0.573892114069,0.818916244244,0.0021847709283,0.0,0.818876260798,-0.573832702826,-0.0117662895869,0.0,-0.00838207405127,0.00854180231041,-0.99992838666,0.0,0.661194479713,0.260228498384,0.303443750264,1.0,-0.00478,-0.00628228571429,0.24
0.464620858048,0.544332446075,-0.123982584971,-1.36087079736,0.0791802040218,1.8959201496,0.158570662506,-0.00301034195884,-0.0237718220782,-0.00153690401425,-0.0418090513594,0.000288297390229,0.00981716993165,-0.0158064840102,0.573886414179,0.818920361238,0.00213833368081,0.0,0.818879695352,-0.573827103746,-0.0118002732345,0.0,-0.00843661262795,0.00852321862435,-0.99992808657,0.0,0.661108751281,0.260113498193,0.303415699395,1.0,-0.00512,-0.00672914285714,0.257
0.464553178089,0.543858803506,-0.123975771551,-1.36161173007,0.0791447401913,1.8961921347,0.15847174244,-0.00512141814122,-0.030035661518,0.000991927770275,-0.0458004451303,-0.00892677239706,0.0116724103231,-0.0020664982192,0.57388789399,0.818919296594,0.00214888295678,0.0,0.818878641899,-0.573828414701,-0.0118096242431,0.0,-0.00843820153929,0.00853723911125,-0.999927953556,0.0,0.661023036514,0.260003696843,0.303421530953,1.0,-0.00544,-0.00714971428571,0.273
0.464474413448,0.543318802309,-0.123981406387,-1.36250540141,0.0790964900928,1.89649166561,0.158384222958,-0.00589085503197,-0.0326992831165,-0.000542065024132,-0.0511140786203,-0.00375986212606,0.018048210499,-0.00286559700609,0.573921421076,0.818895916283,0.00210419235049,0.0,0.81885460824,-0.573862041658,-0.0118420694926,0.0,-0.00849006968965,0.00851960898335,-0.999927664874,0.0,0.660915740294,0.259861899236,0.303404341921,1.0,-0.0058,-0.00762285714286,0.291
0.464401737037,0.542777119571,-0.123983895163,-1.36337667378,0.0790435191365,1.89680575877,0.158257974783,-0.00723516121741,-0.0297864119312,0.00112142495343,-0.0526635730269,-0.000376082465658,0.0270163085925,-0.00937376561427,0.573913612187,0.818901425815,0.00208984331198,0.0,0.818859925219,-0.573854285157,-0.011850281808,0.0,-0.00850511087871,0.00851249086784,-0.999927597673,0.0,0.660814378711,0.259728864339,0.303400090693,1.0,-0.00614,-0.00806971428571,0.308
0.464334194937,0.542262650922,-0.123983953719,-1.36418648131,0.0789945043949,1.89710031425,0.158140334969,-0.00633644414715,-0.0341292265548,0.000533551775613,-0.0547480215623,-0.00601758865423,0.0212910246253,-0.00634703933079,0.573904531702,0.818907791817,0.00208899367441,0.0,0.818866265603,-0.573845194619,-0.011852365623,0.0,-0.0085073993723,0.0085128966911,-0.99992757475,0.0,0.660720331565,0.259606891268,0.303404012119,1.0,-0.00644,-0.008464,0.323
0.4642568187,0.541593189886,-0.123984298674,-1.36520231231,0.0789403932904,1.89747275816,0.158027667349,-0.00395176353244,-0.0380008881502,0.000153740306728,-0.0591738747639,-0.00287636552617,0.0221486955124,-0.00496781858143,0.573917772758,0.818898445015,0.0021151277406,0.0,0.818857184455,-0.573858255013,-0.0118474267496,0.0,-0.00848821925286,0.00853160057923,-0.99992757834,0.0,0.660601166334,0.259460304716,0.303426166564,1.0,-0.0068,-0.00893714285714,0.341
0.464171198137,0.54094175809,-0.123989223753,-1.3662167452,0.078874463829,1.89784689451,0.157878943634,-0.00682835647882,-0.037244813871,-0.000106294086331,-0.0618218237823,-0.00235117664016,0.0174680693019,-0.00526115342923,0.573908188164,0.818905147771,0.00212071068296,0.0,0.818864013437,-0.573848703285,-0.0118380799942,0.0,-0.00847746078887,0.00853070894455,-0.999927677216,0.0,0.660485852681,0.259303755984,0.303436420245,1.0,-0.00714,-0.009384,0.358
0.464090349532,0.540283688647,-0.123989547202,-1.3672127456,0.0788181026091,1.89821753253,0.157766719176,-0.00187258824252,-0.0424170878728,0.000255317758229,-0.0619307867517,8.08774166376e-05,0.0259578631816,-0.00810167929447,0.573922811204,0.818894821836,0.00215045361256,0.0,0.818854038463,-0.573863170594,-0.0118267506033,0.0,-0.00845096140705,0.00854871416805,-0.999927747758,0.0,0.660371271782,0.259156621564,0.303459601869,1.0,-0.00746,-0.00980457142857,0.374
0.463992363267,0.539549685576,-0.123993129349,-1.36833607867,0.0787586806184,1.89865071862,0.157618134745,-0.00148135470857,-0.0465607447689,-0.00049177673074,-0.0715899397013,-0.00969312254745,0.0257081143572,-0.00622899303723,0.573937297571,0.818884556317,0.00219289372879,0.0,0.818844267897,-0.573877430902,-0.011811271529,0.0,-0.00841377761755,0.00857473281235,-0.999927838548,0.0,0.660239416585,0.258975929354,0.303481305341,1.0,-0.00782,-0.0102777142857,0.392
0.463885816014,0.53875841577,-0.123993130487,-1.3695678815,0.0786836439972,1.89912521343,0.157468793903,-0.00556560331295,-0.0454733041463,-0.00111521881173,-0.0688825605733,-0.00386510644441,0.0269343074933,-0.0065386622325,0.573943321923,0.818880266126,0.00221807805441,0.0,0.818840338691,-0.573883390986,-0.0117940740692,0.0,-0.00838517779784,0.00858554713401,-0.999927985994,0.0,0.660109246772,0.258799805453,0.303495093074,1.0,-0.00816,-0.0107245714286,0.409
0.463775464384,0.53803292444,-0.124004129381,-1.37069095081,0.0786135756394,1.89956393657,0.157323719963,-0.00646574600349,-0.0474849946068,-0.00227600982878,-0.0726303782557,-0.00216962438588,0.029557887718,-0.0121502669939,0.57396597131,0.818864309482,0.00224796278306,0.0,0.81882486522,-0.573906020107,-0.0117672037302,0.0,-0.00834578446512,0.00859482781855,-0.999928235833,0.0,0.659990852672,0.258615234086,0.303511333206,1.0,-0.00848,-0.0111451428571,0.425
0.463675247651,0.537235207206,-0.124004771006,-1.37196478391,0.0785431296343,1.90003362721,0.157169662266,-0.00478969738885,-0.04521358226,-0.000704280730513,-0.0755275775557,-0.0116873353802,0.0247451780195,-0.0101478226689,0.57397369238,0.81885890593,0.00224489106111,0.0,0.818819350442,-0.573913678558,-0.0117774278498,0.0,-0.0083558388727,0.00859825953329,-0.999928122362,0.0,0.659840393588,0.25842846595,0.303509051163,1.0,-0.00882,-0.011592,0.442
0.46354776273,0.536398636533,-0.124004823721,-1.3732658878,0.0784711035965,1.9005295205,0.157016371007,-0.00922056460131,-0.0456858656007,-0.00246627374002,-0.0836444970013,-0.00126215588802,0.0324221024954,-0.0140909216867,0.574004984833,0.818836890349,0.00227404744004,0.0,0.818797664363,-0.573944804881,-0.0117682915167,0.0,-0.00833129391917,0.00861720863406,-0.999928164048,0.0,0.65969657641,0.258222857026,0.303523321693,1.0,-0.00916,-0.0120388571429,0.459
0.463444795899,0.535584782635,-0.124009003234,-1.37455668911,0.0783951207775,1.90099870978,0.156850985434,-0.00468672769189,-0.0501602593182,0.000871015229223,-0.081447300452,-0.00206616297036,0.0278835457019,-0.00799406462641,0.574007327081,0.818835267787,0.00226706571609,0.0,0.81879592618,-0.57394714771,-0.0117749653246,0.0,-0.00834074156847,0.00861534641728,-0.999928101333,0.0,0.65954375459,0.258029522993,0.303524120559,1.0,-0.00948,-0.0124594285714,0.475
0.463320562357,0.53468343299,-0.124014813452,-1.37598719024,0.0783144584401,1.90151469039,0.156681893477,-0.0064190323538,-0.0465557799113,0.00063032155627,-0.089164109251,-0.0113906934634,0.0240020953538,-0.0162461598113,0.574025094404,0.818822838574,0.00225763730543,0.0,0.818783274904,-0.573964846249,-0.011791984947,0.0,-0.00835990309186,0.00861757685395,-0.999927922097,0.0,0.65936552988,0.257796440922,0.303522171667,1.0,-0.00984,-0.0129325714286,0.493
0.463184370463,0.533724517003,-0.124015733729,-1.37755110306,0.0782192461249,1.90208497629,0.156491501976,-0.0107202302642,-0.0504705728383,0.0013235446183,-0.0887683300343,-0.00875122266921,0.0308289549119,-0.0160487224661,0.574047825581,0.81880699074,0.00222548017832,0.0,0.818767027781,-0.573987718059,-0.0118068046853,0.0,-0.00839025746392,0.00859998592401,-0.999927819306,0.0,0.659191813944,0.257568140896,0.303505583041,1.0,-0.01018,-0.0133794285714,0.51
0.463074234063,0.532904984596,-0.124021198973,-1.37885119957,0.0781546063115,1.90258541894,0.156315075322,-0.00419019949553,-0.0569532958733,-0.00669286265357,-0.0919611663609,3.99143607238e-05,0.0335754690053,-0.014059955569,0.574056869627,0.818800597229,0.00224484146709,0.0,0.818760777715,-0.573996574767,-0.0118096542131,0.0,-0.00838138197733,0.00861756718927,-0.999927742375,0.0,0.659032816769,0.257358102826,0.303505436937,1.0,-0.0105,-0.0138,0.526
0.462941365772,0.531882456574,-0.124010898278,-1.38050185788,0.0780604894883,1.9031961232,0.156118100699,-0.00643487027168,-0.0584557694672,0.00299105352329,-0.0911465608931,-0.00199186890446,0.0329418126779,-0.0144299112199,0.574056403934,0.818800946771,0.0022364191192,0.0,0.818760913617,-0.573996034918,-0.0118264590053,0.0,-0.0083999818493,0.00862031305683,-0.99992756263,0.0,0.658844909931,0.257134427805,0.303496038957,1.0,-0.01084,-0.0142468571429,0.543
0.462813505307,0.530870559052,-0.124018045201,-1.38212496701,0.0779593189008,1.90376861197,0.155904170714,-0.00456599223319,-0.0632395840777,0.000503319965401,-0.0974221514593,-0.00206190872598,0.0355946143097,-0.00890717875284,0.574052011269,0.818804124878,0.00220007772431,0.0,0.8187636154,-0.573991781614,-0.0118458278682,0.0,-0.00843674862194,0.00860163051262,-0.999927413978,0.0,0.658647185064,0.256889161726,0.303486441327,1.0,-0.01118,-0.0146937142857,0.56
0.462684206388,0.529963532301,-0.12401940528,-1.38358556219,0.077866389816,1.90428774977,0.155715703072,-0.00344102101918,-0.0611790660966,-0.000749192520571,-0.101804605272,-0.00263201426206,0.0382838399855,-0.0127130996918,0.574067712994,0.818793205289,0.00216674213556,0.0,0.81875228011,-0.574007631759,-0.011861256155,0.0,-0.0084683524661,0.00858335451424,-0.999927303874,0.0,0.658462484879,0.256645069394,0.30347526907,1.0,-0.0115,-0.0151142857143,0.576
0.462533422572,0.528856657405,-0.124024030857,-1.3853358167,0.077752943737,1.90493849084,0.155479778446,-0.008303111863,-0.0605366667426,8.22765153512e-05,-0.0934534630344,-0.00319730430942,0.0347354282553,-0.0116075400289,0.574056787608,0.81880086251,0.00216773037723,0.0,0.818759993944,-0.573996748157,-0.0118554765348,0.0,-0.00846316716692,0.00858073289134,-0.999927370275,0.0,0.658267930675,0.256392594182,0.303478308243,1.0,-0.01184,-0.0155611428571,0.593
0.462396241989,0.527761685149,-0.124024430044,-1.38704883352,0.0776489573257,1.90560373729,0.155221409762,-0.00838633284176,-0.0607720341692,-0.00035053007934,-0.0987761483453,-0.0100608638873,0.0402515260725,-0.0252890602717,0.574022777067,0.81882460326,0.00220621973408,0.0,0.818784256045,-0.573962610927,-0.0118325910824,0.0,-0.00842269122263,0.00859876032943,-0.999927557173,0.0,0.658069501884,0.256141424412,0.303491534358,1.0,-0.01218,-0.016008,0.61
0.462260885236,0.52666219617,-0.124022221941,-1.3887115547,0.077552389895,1.90623109739,0.15500486144,-0.00728810955447,-0.0707659763263,0.000371346440318,-0.0972970398799,-0.00466982726598,0.0360863250046,-0.0132906841604,0.574018558484,0.818827403902,0.00226363355945,0.0,0.818787754729,-0.573958119503,-0.0118083303108,0.0,-0.00836991473854,0.0086318023717,-0.999927715645,0.0,0.657873447493,0.255897664932,0.303528218151,1.0,-0.0125,-0.0164285714286,0.626
0.46210202611,0.525508456582,-0.124027625329,-1.39054961167,0.0774316746278,1.90689973011,0.154767386892,-0.00907780098792,-0.0685739594459,-0.000478280547376,-0.106325941002,-0.00374266155954,0.0356463136519,-0.0119201368618,0.574025395001,0.818822657866,0.00224672212893,0.0,0.818782830926,-0.573965063989,-0.0118121972049,0.0,-0.00838271609332,0.00862024463782,-0.999927708114,0.0,0.657641269332,0.255596619265,0.303524692727,1.0,-0.01286,-0.0169017142857,0.644
0.461939995883,0.524243805794,-0.124036486421,-1.39253510055,0.0773105006664,1.90760647972,0.154482853971,-0.00760761172454,-0.0687607970697,-0.000514884065516,-0.110825895835,-0.00230267545431,0.0413458283831,-0.0183108442883,0.574004313546,0.818837483455,0.00222948867853,0.0,0.818797430777,-0.573944050449,-0.0118212186082,0.0,-0.00840021686417,0.00861109586471,-0.999927640074,0.0,0.657412390394,0.255310495518,0.303529047042,1.0,-0.0132,-0.0173485714286,0.661
0.461794213816,0.523188696657,-0.124038656911,-1.39422064054,0.07720858107,1.90822865583,0.154263589383,-0.00894292324248,-0.0720375962501,-0.00157579176087,-0.110431916328,-0.0053133657574,0.0389009930297,-0.0161780890516,0.574006579817,0.818835919157,0.00222052392196,0.0,0.818795772032,-0.573946374079,-0.0118232941798,0.0,-0.00840703816513,0.00860496992564,-0.999927635483,0.0,0.657199819842,0.255035916533,0.303519759203,1.0,-0.01352,-0.0177691428571,0.677
0.461623147764,0.521897938111,-0.124046767957,-1.39628376157,0.0770786226167,1.90903101929,0.153978085179,-0.0124770786395,-0.0736029149215,0.00036618508565,-0.120545153964,-0.00267625478881,0.0443750750371,-0.0205200985762,0.573996302796,0.818843072294,0.00223924829481,0.0,0.818803221511,-0.573936079728,-0.0118071051548,0.0,-0.00838314227344,0.0086109042097,-0.99992778502,0.0,0.656971876841,0.254741291316,0.303517434685,1.0,-0.01386,-0.018216,0.694
0.461463064304,0.520654026876,-0.124053043818,-1.39829751962,0.0769567010512,1.90979109817,0.153703080754,-0.00889853197258,-0.0746360424003,0.000413968273585,-0.11303624705,-0.0134762762486,0.0440840013455,-0.0144887560083,0.573981406488,0.818853546455,0.00222741216673,0.0,0.818813549942,-0.573921239567,-0.01181220162,0.0,-0.00839426565187,0.00860398501639,-0.999927751263,0.0,0.656730212661,0.254441656673,0.30349885299,1.0,-0.0142,-0.0186628571429,0.711
0.461300244858,0.519412986221,-0.124056357884,-1.40021873792,0.076833708353,1.91048689506,0.153454722956,-0.00926999670303,-0.0793338351051,-0.000530504473626,-0.115921793344,-0.00903797619997,0.04040111659,-0.0154614294251,0.573982603679,0.818852681252,0.00223695824901,0.0,0.818812829924,-0.573922421199,-0.0118046981428,0.0,-0.00838262962279,0.00860750721112,-0.999927818565,0.0,0.656496887759,0.254148442696,0.303516213358,1.0,-0.01452,-0.0190834285714,0.727
0.461124502362,0.518074908117,-0.124057048896,-1.40232029721,0.0766949576731,1.91123551158,0.153169476561,-0.0113513327201,-0.0779940549924,0.000947580504572,-0.124020148139,-0.00101378040727,0.0447188185985,-0.0156674075723,0.573967250382,0.818863492454,0.00221880947194,0.0,0.818823428154,-0.5739071638,-0.0118113397354,0.0,-0.00839864595518,0.0085963008749,-0.999927780571,0.0,0.656236876432,0.253829255039,0.303519983558,1.0,-0.01486,-0.0195302857143,0.744
0.460939766145,0.516636579377,-0.124068202898,-1.40456875649,0.0765532117374,1.91205489591,0.15285533315,-0.00867952124604,-0.0816621528738,-0.000842003273644,-0.122900211789,-0.0103709472094,0.0492778752109,-0.0245539963352,0.573949814996,0.818875705671,0.00222158254607,0.0,0.818835716707,-0.573889760021,-0.0118050535256,0.0,-0.0083920896358,0.00859478489963,-0.999927848649,0.0,0.655962870813,0.253486296741,0.303530221971,1.0,-0.01522,-0.0200034285714,0.762
0.460776105826,0.5154114893,-0.124068840016,-1.40649483594,0.076439498114,1.91279281315,0.152583905967,-0.0123267435363,-0.0816446863671,-0.000142478195826,-0.12644497763,-0.010944662483,0.0471079675265,-0.0230127934609,0.573933180384,0.818887277987,0.0022532880293,0.0,0.818847673495,-0.573872976551,-0.0117915773993,0.0,-0.00836303262555,0.00861284300293,-0.999927936714,0.0,0.655733403186,0.253197758824,0.30353656923,1.0,-0.01552,-0.0203977142857,0.777
0.460583370599,0.513938206987,-0.12407549824,-1.40886127807,0.0762935608993,1.91363246466,0.152272602451,-0.0141908719866,-0.0752114177768,-0.000375328482021,-0.131102999882,-0.00738693627155,0.0425955865883,-0.0252937590066,0.573925765031,0.818892606042,0.00220519958392,0.0,0.818852325253,-0.573865696288,-0.0118228149312,0.0,-0.00841628937476,0.00859131632063,-0.999927675063,0.0,0.655435912918,0.252839473075,0.303515942347,1.0,-0.01588,-0.0208708571429,0.795
0.460389545023,0.51253248982,-0.12407343923,-1.41113022622,0.0761598459799,1.91442350276,0.151943762741,-0.00835775004206,-0.0843844520053,0.00143283737529,-0.136776360738,-0.00515510331773,0.0509550851705,-0.0200255160854,0.573896447465,0.818913305664,0.00214762518932,0.0,0.818872105833,-0.573836437675,-0.0118728255335,0.0,-0.00849059268729,0.00857256780484,-0.999927207809,0.0,0.655146816347,0.252494995601,0.303489431198,1.0,-0.01622,-0.0213177142857,0.812
0.460199094273,0.511174396359,-0.124083457541,-1.41329892146,0.0760295517105,1.91525053341,0.151643611581,-0.00900413300323,-0.0896596805371,-0.00226814955702,-0.137013275542,-0.00396884693929,0.0531172787481,-0.0222217469507,0.573892233355,0.818916231099,0.00215820250893,0.0,0.818875189441,-0.57383220254,-0.0118648365523,0.0,-0.00847802436106,0.00857660116191,-0.999927279864,0.0,0.654888391866,0.252159927546,0.303480341558,1.0,-0.01654,-0.0217382857143,0.828
0.459995424051,0.50969986055,-0.124085408279,-1.41563430843,0.0758868153879,1.91613569961,0.151316048547,-0.0155894083783,-0.0943512814991,-0.0011180632214,-0.134870949689,-0.00533264695373,0.0541656505912,-0.0109346533557,0.573875551807,0.818927872391,0.00217663972947,0.0,0.818887064504,-0.57381544347,-0.0118557717895,0.0,-0.0084601953605,0.00858632500973,-0.999927347419,0.0,0.654606194733,0.251804676271,0.303477750198,1.0,-0.01688,-0.0221851428571,0.845
0.459773993048,0.508100071039,-0.124091053242,-1.41816728109,0.0757283233643,1.91702831602,0.150964707258,-0.010053600458,-0.0937554338967,-0.000969407182504,-0.145197356548,-0.0128664600868,0.0527243901878,-0.0169706073245,0.573861689499,0.818937683188,0.00213992557169,0.0,0.8188963407,-0.573801672115,-0.0118815473554,0.0,-0.00850251769252,0.00857090707579,-0.999927120717,0.0,0.654286699005,0.251411984026,0.303468978639,1.0,-0.01724,-0.0226582857143,0.863
0.459582091721,0.50675723067,-0.124095415192,-1.42029181302,0.0755978549214,1.91779734471,0.150670787771,-0.0111638826588,-0.0903739349638,-0.000298448779624,-0.140684669162,-0.00305432730877,0.0561272146981,-0.0244774550797,0.573855958423,0.818941730412,0.00212792705269,0.0,0.818900188761,-0.573795946861,-0.0118928177958,0.0,-0.00851869287836,0.0085674891704,-0.999927012337,0.0,0.654023293712,0.251080625596,0.303463643682,1.0,-0.01754,-0.0230525714286,0.878
0.459359182186,0.505165021879,-0.124104892403,-1.42275600094,0.0754458326884,1.91873104699,0.150328834441,-0.0118818575259,-0.0947193770843,0.00113799876967,-0.145239326638,-0.00947081421134,0.0472753965297,-0.025369388955,0.573851502619,0.818944724481,0.00217671519299,0.0,0.818903860399,-0.573791338951,-0.0118622792402,0.0,-0.0084657336706,0.00858987262268,-0.999927270076,0.0,0.653727176685,0.250696694482,0.303484884987,1.0,-0.01788,-0.0234994285714,0.895
0.459122285105,0.503426299848,-0.124114554667,-1.42536076596,0.0752789633128,1.91973240816,0.149962749639,-0.0111313105536,-0.0955413315792,-0.00237699556958,-0.139120416282,-0.00328190521119,0.0540818168993,-0.0224681130137,0.57384154481,0.818951405632,0.00228551199335,0.0,0.818912082262,-0.573781086453,-0.0117903882255,0.0,-0.0083445321137,0.0086376142796,-0.999927877601,0.0,0.653417934669,0.250291036155,0.303546726331,1.0,-0.01824,-0.0239725714286,0.913
0.458888280873,0.501733854576,-0.124117064182,-1.42785806925,0.0751155614415,1.9206578384,0.149615616576,-0.0136993240073,-0.0967361162166,0.000860616141268,-0.148390550686,-0.000821718300392,0.0582859328028,-0.0238844821951,0.573834203485,0.818956268975,0.00238397132682,0.0,0.818918296703,-0.57377345018,-0.0117302214364,0.0,-0.00823883755162,0.00868364720011,-0.999928355347,0.0,0.653114454812,0.249899164082,0.30361985633,1.0,-0.01858,-0.0244194285714,0.93
0.458667084771,0.500121103782,-0.12412042718,-1.43030693548,0.0749616934518,1.92151553558,0.149270567196,-0.0200587005885,-0.0905889298642,-0.00151265576544,-0.150764008346,-0.00837294388926,0.0529275108016,-0.0173530206673,0.57381820364,0.818967424672,0.00240278977089,0.0,0.818929634184,-0.573757316657,-0.0117278616412,0.0,-0.00822627681511,0.00869754370227,-0.999928337984,0.0,0.652802396275,0.249516973433,0.303654021966,1.0,-0.0189,-0.02484,0.946
0.458420695311,0.498447604339,-0.124115005937,-1.43292951938,0.0747994820567,1.9224930656,0.148900347396,-0.0131499463213,-0.0950091079457,0.00163678429024,-0.152501339974,-0.00605579397532,0.0624324793356,-0.0204765120982,0.57380255194,0.818978319837,0.00242691682061,0.0,0.818940786576,-0.573741518645,-0.0117219779015,0.0,-0.00820778084984,0.00871376977075,-0.999928348708,0.0,0.652477641794,0.249110479011,0.303657485563,1.0,-0.01924,-0.0252868571429,0.963
0.458176667011,0.496861443136,-0.124115216393,-1.43543930818,0.0746433956323,1.92339631599,0.148525524598,-0.0167951558398,-0.0923263825949,0.00061339127344,-0.152896197823,-0.0112905084393,0.0585513252827,-0.0235036144543,0.573780487911,0.818993830417,0.00240921821729,0.0,0.818955992283,-0.573719443172,-0.0117401078131,0.0,-0.00823301904438,0.00870945616891,-0.999928178806,0.0,0.652162180286,0.248710588055,0.303646890135,1.0,-0.01956,-0.0257074285714,0.979
0.457910515019,0.495200445646,-0.124118066353,-1.43815861406,0.0744794678744,1.92432342198,0.148127430708,-0.0140840231495,-0.0929885375775,-0.00111762935963,-0.1569041326,-0.0152398692088,0.055288168042,-0.0210461970417,0.573773000919,0.818999413182,0.00229162085872,0.0,0.818959836631,-0.573712183335,-0.0118263933465,0.0,-0.00837123957688,0.00866257742598,-0.999927438418,0.0,0.651788038871,0.248245650984,0.303581772017,1.0,-0.01992,-0.0261805714286,0.997
0.457628888991,0.493483762174,-0.124120143433,-1.44093742,0.074299737392,1.92533560337,0.147754409209,-0.0155125830714,-0.104492711481,0.00285753037009,-0.161066861211,-0.0145881109468,0.0649041889258,-0.0194177422263,0.573784936214,0.818991162941,0.00225142185889,0.0,0.81895106112,-0.573724271497,-0.0118476447348,0.0,-0.00841158292269,0.00864197078353,-0.999927278163,0.0,0.651461145476,0.247819647389,0.303551024152,1.0,-0.0215228571429,-0.0282871836735,1.013
0.457356937063,0.491668843674,-0.124139340275,-1.44379653756,0.0741238452732,1.92640003703,0.147339890562,-0.0195225928882,-0.117659315748,-0.00199044046215,-0.181784972984,-0.00754739487296,0.0698122109048,-0.0229030912477,0.573782278965,0.818992984123,0.00226609896069,0.0,0.818953096293,-0.573721580859,-0.0118372559777,0.0,-0.00839468134249,0.00864800297278,-0.999927368047,0.0,0.651085285164,0.247329225904,0.303547724183,1.0,-0.0237085714286,-0.0311598367347,1.03
0.457024254444,0.489617055612,-0.124143805371,-1.4471314452,0.0739301244736,1.9275627827,0.146857893313,-0.0221130982942,-0.131734071499,-0.00123630082792,-0.201218538898,-0.0124036884819,0.0767450715209,-0.029643332253,0.573777156086,0.818996855756,0.00216155420459,0.0,0.81895536208,-0.573716625066,-0.0119204003612,0.0,-0.00852281492259,0.00861003559478,-0.999926611764,0.0,0.650647902711,0.246788421825,0.303484958522,1.0,-0.0258942857143,-0.0340324897959,1.047
0.456610076685,0.487040976718,-0.124165597611,-1.45115044747,0.0736756173457,1.92907349807,0.146275784342,-0.0245282280427,-0.145584281804,0.000178654677684,-0.217143818337,-0.00701612265092,0.089514597742,-0.0324680359582,0.573781452565,0.818993698985,0.00221644243736,0.0,0.818952988844,-0.573720769913,-0.0118839023253,0.0,-0.00846138497003,0.00863409113004,-0.999926926047,0.0,0.650184091513,0.246157548017,0.303495720865,1.0,-0.0282085714286,-0.037074122449,1.065
0.456259283417,0.484809535085,-0.124199028767,-1.45452723441,0.0734681815369,1.93034802078,0.145759221143,-0.0158194845609,-0.150310780859,-0.00138500058803,-0.233421582768,-0.0159941302783,0.0868863071304,-0.0391758064185,0.57378048304,0.818994090021,0.0023204943985,0.0,0.818954848198,-0.573719510668,-0.0118163696693,0.0,-0.00834638470764,0.00868054956199,-0.999927490332,0.0,0.649775825437,0.245592277583,0.303549263077,1.0,-0.0301371428571,-0.0396088163265,1.08
0.455787879712,0.481989524962,-0.124236248674,-1.45893123906,0.0731925867838,1.93185140828,0.145098913679,-0.0238757334423,-0.165407398114,-0.00169793386162,-0.254168083028,-0.0179151615182,0.0919007626131,-0.0289615200663,0.57379339409,0.818985245328,0.00224849625014,0.0,0.818944963428,-0.573732594006,-0.0118661009772,0.0,-0.00842828830432,0.00865025157778,-0.999927065892,0.0,0.649208327239,0.244837788077,0.303541003408,1.0,-0.0324514285714,-0.0426504489796,1.098
0.455341357028,0.479265752942,-0.124266206406,-1.46312227818,0.0729383829823,1.93338107564,0.144478440051,-0.0279442486823,-0.173477150143,-0.0048351770235,-0.263232067055,-0.0100779872128,0.102058395437,-0.0351913974212,0.573808180491,0.818974741361,0.00230041631804,0.0,0.818935097157,-0.573747135822,-0.0118438879716,0.0,-0.00838014915843,0.00868017858818,-0.999927211151,0.0,0.648683811177,0.244133022324,0.303567564602,1.0,-0.0345085714286,-0.045354122449,1.114
0.454854705052,0.476423617364,-0.124282768251,-1.4674718757,0.0726765426716,1.93499333555,0.143860687568,-0.0328165719385,-0.178472083314,-0.00380291459183,-0.280740985604,-0.0108796470607,0.111927757067,-0.0351524515008,0.573852861787,0.818943172132,0.0023918065561,0.0,0.818904637815,-0.573791377455,-0.0118066178081,0.0,-0.00829671079888,0.00873409105708,-0.999927437489,0.0,0.648143833814,0.243397623037,0.303605563468,1.0,-0.0365657142857,-0.0480577959184,1.13
0.454322397469,0.473219027218,-0.124305882499,-1.47241002454,0.0723697251279,1.93675871355,0.143138369636,-0.0400048143536,-0.186390357472,-0.000119380304533,-0.300351877986,-0.0178749462503,0.100220279648,-0.0500634821326,0.573868150213,0.818932380809,0.00241841587282,0.0,0.818894088211,-0.573806452913,-0.0118056677224,0.0,-0.0082805003666,0.00875549172933,-0.999927384703,0.0,0.647509609317,0.242567825294,0.303625646944,1.0,-0.0387514285714,-0.0509304489796,1.147
0.453715560988,0.469618896479,-0.124310165686,-1.47788433309,0.0720397035572,1.9387224067,0.142306323278,-0.0337733739447,-0.210935299768,-0.000872443524362,-0.309403961298,-0.0202972899512,0.1199406373,-0.0483767607223,0.573858508034,0.818938874246,0.0025059744327,0.0,0.818901443236,-0.573796187624,-0.0117944154328,0.0,-0.0082211450037,0.00882064154775,-0.999927301886,0.0,0.646802853229,0.241653018328,0.303677770653,1.0,-0.0410657142857,-0.0539720816327,1.165
0.45316565851,0.466269159626,-0.124308834176,-1.48294490262,0.0717027108913,1.94062847223,0.141482715966,-0.0341663604926,-0.209836217779,0.000915126402098,-0.327313248683,-0.025115207381,0.117643887552,-0.049337443891,0.573781074339,0.818992634033,0.00266289901364,0.0,0.818957373356,-0.5737183364,-0.0116977777945,0.0,-0.00805279489742,0.00889293550861,-0.999928031506,0.0,0.646161368301,0.240819487483,0.303745813378,1.0,-0.0431228571429,-0.056675755102,1.181
0.452534132367,0.462562774894,-0.124316712536,-1.48870360882,0.071317394814,1.94260473641,0.140623242834,-0.0380479292893,-0.216406926431,2.7164060399e-05,-0.341452605769,-0.0253987137785,0.118440395834,-0.0497816416969,0.573764280774,0.819004628197,0.00259152482071,0.0,0.818968304072,-0.573701651436,-0.0117507006528,0.0,-0.00813727281752,0.00886467966857,-0.999927598502,0.0,0.645387965591,0.239848486749,0.303731255517,1.0,-0.0453085714286,-0.0595484081633,1.198
0.451866965858,0.458717215429,-0.124324085777,-1.49467778672,0.0709158265568,1.9446920178,0.139737451295,-0.0393015043097,-0.222468245939,0.000189888330765,-0.353438343913,-0.0196802258736,0.127661994719,-0.0530437701287,0.573757899792,0.819009237475,0.00254720599508,0.0,0.8189722548,-0.573695344428,-0.011783231726,0.0,-0.0081894130818,0.00884698365694,-0.999927329556,0.0,0.644589657495,0.238837007983,0.303716286646,1.0,-0.0474942857143,-0.0624210612245,1.215
0.451181939568,0.454998606864,-0.124346973554,-1.50054135148,0.0705206399936,1.94677515526,0.13882234164,-0.0431702853288,-0.236788643621,0.00125302043551,-0.365629150164,-0.0268666520007,0.127872731099,-0.0578829216452,0.573747820071,0.819016505864,0.00247971523833,0.0,0.818978659077,-0.573685532879,-0.0118157624646,0.0,-0.00825488666218,0.00881027144237,-0.999927115326,0.0,0.643816104914,0.237817947211,0.303663593058,1.0,-0.0495514285714,-0.0651247346939,1.231
0.450418660662,0.450766887568,-0.124401186603,-1.50691066133,0.0700698930236,1.94911422335,0.137792953177,-0.0457059853008,-0.25620683513,-0.00252235180635,-0.378659176044,-0.0245630487489,0.144565664118,-0.0610095228539,0.573735769782,0.819024516707,0.00261809216841,0.0,0.818988953742,-0.573673503553,-0.0116855410846,0.0,-0.00806896988505,0.00884877184156,-0.99992829291,0.0,0.643001279537,0.23668655814,0.303741312983,1.0,-0.0517371428571,-0.0679973877551,1.248
0.449567010645,0.446122605221,-0.124445573241,-1.51400306874,0.0695997043844,1.95152819898,0.136750266418,-0.0515298412464,-0.259745537232,-0.00180523495449,-0.406156566497,-0.0338018614347,0.130941284287,-0.060221264505,0.573801910013,0.818978296813,0.00258153384944,0.0,0.81894213489,-0.573739630075,-0.0117202168814,0.0,-0.00811763127359,0.00883937985973,-0.99992798212,0.0,0.642040554836,0.235428501818,0.303759637901,1.0,-0.0540514285714,-0.0710390204082,1.266
0.448828974414,0.442173332171,-0.124453584959,-1.52013261031,0.0691764563957,1.95362692338,0.135791931099,-0.0521212971216,-0.263319704137,-0.00227626421938,-0.409498381915,-0.0318535735308,0.148190772486,-0.0704250817971,0.573783403985,0.818991509221,0.00250200641425,0.0,0.818954202028,-0.573721296072,-0.0117743923586,0.0,-0.00820783103135,0.00880514912023,-0.999927547805,0.0,0.641198485137,0.234356633072,0.303727685502,1.0,-0.05598,-0.0735737142857,1.281
0.44794933665,0.437578640533,-0.124462918451,-1.52727432786,0.0687007983923,1.95613023464,0.134627673277,-0.0466581220692,-0.271000063433,-0.00278690521047,-0.425682496353,-0.0295091027361,0.151704551644,-0.0732795552336,0.573731756451,0.819027808994,0.00246305413807,0.0,0.818989737696,-0.57366952609,-0.0118250278928,0.0,-0.00827220685182,0.00880177954702,-0.999927046974,0.0,0.640163810432,0.233031644496,0.303685585415,1.0,-0.0582942857143,-0.0766153469388,1.299
0.446954586303,0.432446867104,-0.124484177577,-1.53490619269,0.0681715747669,1.95894349422,0.133385834193,-0.0592161281495,-0.285249462427,-0.00112548477956,-0.423955804584,-0.0359729679949,0.156195127881,-0.0703822681089,0.573740567602,0.819020867679,0.00270671312917,0.0,0.818986307621,-0.573677827813,-0.011658675156,0.0,-0.00799607088296,0.00890598736081,-0.999928370554,0.0,0.639222589168,0.231732214942,0.303798862743,1.0,-0.06048,-0.079488,1.316
0.446026228186,0.427832181506,-0.124527636299,-1.54210157153,0.0676376178743,1.96131382969,0.132249357958,-0.0562771923916,-0.295382644806,-0.00758532694805,-0.454471590784,-0.0340325353105,0.147911370945,-0.0742978800662,0.573761328011,0.819006994241,0.00249574907188,0.0,0.818969790501,-0.573699444216,-0.011754865081,0.0,-0.00819566465423,0.0087885993018,-0.999927793195,0.0,0.638210555213,0.230408082487,0.303724237925,1.0,-0.0625371428571,-0.0821916734694,1.332
0.444991707243,0.422717992332,-0.124604047001,-1.54993680796,0.0670723184926,1.96391753181,0.13093942512,-0.0613340411093,-0.304795499073,-0.00494130298667,-0.473135424567,-0.0297604947093,0.160940093909,-0.0785642378989,0.57376613315,0.819004010496,0.00236688465703,0.0,0.818965257637,-0.573704865497,-0.0118059726094,0.0,-0.00831140569138,0.00871243129639,-0.99992750441,0.0,0.637115556533,0.22894138735,0.303700042826,1.0,-0.0647228571429,-0.0850643265306,1.349
0.443915153905,0.417442028654,-0.12463798034,-1.5578377635,0.0665260912815,1.96672087528,0.12969422333,-0.0630546194294,-0.313502772856,-0.00182845373943,-0.457741152437,-0.0285601228884,0.169207104628,-0.0767778835646,0.573831863174,0.818957551346,0.00250375737264,0.0,0.818920658121,-0.573770162819,-0.0117261614808,0.0,-0.00816680445397,0.00877939275633,-0.9999281102,0.0,0.636036216504,0.227485544442,0.30376343261,1.0,-0.0669085714286,-0.0879369795918,1.366
0.442854286318,0.4123782248,-0.124647028924,-1.56543177467,0.0660089494718,1.96948012042,0.128377251705,-0.0683164391931,-0.320732016956,-0.00202816337606,-0.486543511444,-0.0268733728764,0.170443205157,-0.0918141225488,0.573798811719,0.818980112867,0.00269170944867,0.0,0.818945662488,-0.573736454964,-0.0116288021154,0.0,-0.00797957946369,0.00887712752539,-0.999928758922,0.0,0.635001501702,0.226091275215,0.30381813223,1.0,-0.0689657142857,-0.0906406530612,1.382
0.441683765311,0.406859580782,-0.124698515135,-1.57389951607,0.0653986307758,1.97219575114,0.127012193783,-0.0741775585769,-0.326635730597,-0.00504512138139,-0.504577354599,-0.0304401902846,0.164316302249,-0.0765061180969,0.573850197012,0.818944812258,0.00246835294311,0.0,0.818907258415,-0.573788409723,-0.0117690222182,0.0,-0.00822202568054,0.00877517680934,-0.999927694669,0.0,0.633695341404,0.224397279077,0.303752566844,1.0,-0.07128,-0.0936822857143,1.4
