position_joint1,position_joint2,position_joint3,position_joint4,position_joint5,position_joint6,position_joint7,velocity_joint1,velocity_joint2,velocity_joint3,velocity_joint4,velocity_joint5,velocity_joint6,velocity_joint7,ee_T_00,ee_T_10,ee_T_20,ee_T_30,ee_T_01,ee_T_11,ee_T_21,ee_T_31,ee_T_02,ee_T_12,ee_T_22,ee_T_32,ee_T_03,ee_T_13,ee_T_23,ee_T_33,v_x,v_y,time
0.465076549262,0.547808326532,-0.123992117629,-1.35582896059,0.0795269354873,1.89411561139,0.159146137914,-0.000136302220793,0.00705405919283,-0.000457338603651,0.00156104863151,2.66285374212e-05,0.000257910750675,-0.000121515891714,0.573802299493,0.818979771164,0.00194998020152,0.0,0.818936414591,-0.573743523334,-0.011927497217,0.0,-0.00864975696468,0.00844109764233,-0.99992696212,0.0,0.661678855776,0.260895798486,0.303198553176,1.0,0.0,0.0,0.0
0.465071539963,0.54781153095,-0.123988552828,-1.35583269827,0.079528715051,1.89411326735,0.159143797745,-0.000907123776255,0.00116553357542,0.00148857160776,0.000447020058132,0.000464992055043,-0.000595843920161,-0.000671544893961,0.573802659585,0.818979532911,0.00194407485249,0.0,0.818936057275,-0.573743866985,-0.0119354972003,0.0,-0.00865969362453,0.00844085554439,-0.999926878159,0.0,0.661677833368,0.260894188417,0.30319418591,1.0,-0.00016,-0.000210285714286,0.009
0.465075934012,0.547802690635,-0.12398856199,-1.35583520496,0.0795240921312,1.89411302588,0.159146951228,0.00200316243942,-0.00129474493602,0.00123598586329,-0.000280481702857,2.52468575763e-05,-9.75583385103e-05,-0.000110378871378,0.573800544506,0.818981007837,0.00194700506407,0.0,0.818937610394,-0.573741778928,-0.0119293041233,0.0,-0.008652961961,0.00843967936611,-0.999926946362,0.0,0.661676560785,0.260896144853,0.303199226191,1.0,-0.0004,-0.000525714285714,0.021
0.465073096608,0.547793521492,-0.123991404016,-1.35584937889,0.0795272776958,1.8941148998,0.159148831123,0.000137866200638,0.000728501088672,0.00120822582579,-0.0017970021692,0.000149677853143,0.000177450254177,0.00754591607507,0.57380800828,0.818975780952,0.0019459574164,0.0,0.81893234324,-0.573749220204,-0.0119329967544,0.0,-0.00865651045049,0.00844101908309,-0.99992690434,0.0,0.661675141412,0.260891703546,0.303199238495,1.0,-0.00072,-0.000946285714286,0.037
0.465072650729,0.547736465159,-0.123992401955,-1.35589025813,0.0795272367941,1.89412229117,0.159149745534,-0.000250988525431,-0.00965184526715,6.17302759942e-06,-0.00387310942458,-0.000250592140867,0.000857015216074,0.0012001062964,0.573811991714,0.818972936758,0.00196822880259,0.0,0.818929763978,-0.5737530856,-0.0119241493005,0.0,-0.00863644450062,0.00845422377836,-0.999926966296,0.0,0.661669105071,0.260887228687,0.303220876076,1.0,-0.00106,-0.00139314285714,0.054
0.465071677551,0.547613066076,-0.12398926974,-1.35605991654,0.0795239168961,1.89415431798,0.159142168012,0.00175751741348,-0.00934249178641,0.000984604827362,-0.0108220431057,9.96143155495e-05,0.00339914705727,-0.000562417576047,0.573812781682,0.818972397876,0.00196214090838,0.0,0.818929024947,-0.57375378268,-0.0119413509395,0.0,-0.00865401766109,0.00845911680473,-0.99992677298,0.0,0.66163957738,0.260871513234,0.30323021391,1.0,-0.00142,-0.00186628571429,0.072
0.465053617339,0.547476731366,-0.12398900667,-1.3562513607,0.0795204503038,1.89419959288,0.159137369971,-0.00365787981784,-0.00699301285207,0.0007901678614,-0.0157595945876,0.000100800135339,0.00467163977509,-0.00090993990737,0.573833064283,0.818958193035,0.00195941267496,0.0,0.818914675825,-0.573773967985,-0.0119555126484,0.0,-0.008666971916,0.00846522323542,-0.999926609104,0.0,0.661613158421,0.260841292544,0.303239587743,1.0,-0.00174,-0.00228685714286,0.088
0.465029600511,0.547282912715,-0.123991759191,-1.35648352661,0.0795175957599,1.8943467734,0.159134403529,-0.00325240605065,-0.0110374586369,0.000707681430915,-0.00898421568996,3.99858521584e-05,0.00778322470553,0.00174434907831,0.573864823746,0.818935702179,0.00205588530186,0.0,0.818893444087,-0.573805325568,-0.0119047252003,0.0,-0.00856969154929,0.00851541797248,-0.999927021359,0.0,0.661601465033,0.260808349452,0.303279244656,1.0,-0.00212,-0.00278628571429,0.107
0.465007750112,0.547088893642,-0.123986738214,-1.356707334,0.0795156577822,1.89445611732,0.159116622089,0.000282376157917,-0.00569735802396,-0.00198806149637,-0.0104015841181,0.000107967890152,0.00177661358278,-0.00388928027476,0.573876758057,0.818927146179,0.00213136440229,0.0,0.818885782553,-0.573816864177,-0.0118755387263,0.0,-0.00850235189738,0.0085606044891,-0.999927210382,0.0,0.661581731362,0.260779906049,0.303319472443,1.0,-0.00244,-0.00320685714286,0.123
0.46497920155,0.546893270516,-0.123991650035,-1.35698111492,0.0795101926636,1.89457265024,0.15909990255,0.000107399654681,-0.0169996638872,0.000281388521484,-0.0193538945951,-0.00314109785298,0.00531499965958,-0.00217487594237,0.573903826418,0.818908079348,0.00216852539182,0.0,0.818867148587,-0.573843729288,-0.0118623026227,0.0,-0.00846990383143,0.00858372033276,-0.999927287594,0.0,0.661556219919,0.260735279615,0.303337989023,1.0,-0.00274,-0.00360114285714,0.138
0.464943801094,0.546612686819,-0.12399175201,-1.35739482228,0.0795058541404,1.89472284696,0.159051793361,0.00176909298323,-0.0187383940885,-0.000783131399113,-0.0225065809544,0.000294548217257,0.0121783562488,-0.00821032960924,0.573915451894,0.818899862114,0.00219472284835,0.0,0.818859084431,-0.573855058269,-0.0118709243437,0.0,-0.00846180841625,0.00861024142514,-0.999927128115,0.0,0.661508160013,0.26067587499,0.303352831083,1.0,-0.0031,-0.00407428571429,0.156
0.464893758618,0.546330560573,-0.123992706002,-1.35782870803,0.0794933156233,1.89488710265,0.158929177111,-0.00772517857833,-0.0194675436391,-0.000625830111562,-0.024492206409,7.96948953087e-05,0.0152157838108,-0.00385551318628,0.573877664089,0.818926294167,0.00221320632178,0.0,0.818885637691,-0.573817080022,-0.011875098278,0.0,-0.00845501742193,0.00862738263463,-0.999927037813,0.0,0.661462754211,0.260603542952,0.303360378019,1.0,-0.00344,-0.00452114285714,0.173
0.464852243774,0.546050723651,-0.123990282198,-1.35830138455,0.0794777749439,1.89504959993,0.158916659855,-0.00285859618144,-0.016136995652,0.00052289043382,-0.027138048218,0.000281795166787,0.0116495104008,-0.000171293970805,0.573921993082,0.818895279199,0.00219418863534,0.0,0.818854227624,-0.573861329296,-0.0119027535545,0.0,-0.00848811211073,0.00862813880185,-0.999926750904,0.0,0.661405162134,0.260533562223,0.303347553335,1.0,-0.00376,-0.00494171428571,0.189
0.464795130897,0.545715120758,-0.123994949283,-1.35887571389,0.0794508912879,1.89523487477,0.158826363387,-0.00169023348447,-0.0203548484464,-0.00209428430851,-0.0354624000675,0.000784185007593,0.0102274973369,-0.00638074038709,0.573922934711,0.818894731359,0.00215194494106,0.0,0.81885303429,-0.573862345607,-0.0119358045227,0.0,-0.00853941167685,0.00861252442223,-0.999926448731,0.0,0.66133651808,0.260437533432,0.303328001722,1.0,-0.0041,-0.00538857142857,0.206
0.464728558046,0.545322194228,-0.123998112341,-1.35957751427,0.0793360678578,1.89546280383,0.158753275914,-0.00291817465226,-0.0187063215669,-0.00044927894224,-0.043702218133,-0.00516334087763,0.0079163648403,-0.00010638714135,0.573928386239,0.818891193635,0.00204141092794,0.0,0.818848671053,-0.573868864224,-0.011921723447,0.0,-0.00859125758139,0.00851398604514,-0.999926848492,0.0,0.661255575269,0.260310396274,0.303291827369,1.0,-0.00446,-0.00586171428571,0.224
0.464675007228,0.544975385506,-0.12399909094,-1.36015437503,0.0793297183491,1.89564790751,0.158700583371,-0.0069010490821,-0.0294459863868,0.000293663172408,-0.0439597299806,-8.81675127524e-05,0.0124708706042,0.00264614323436,0.573960139265,0.818868994786,0.00201861699435,0.0,0.818825876743,-0.573900413013,-0.0119685596916,0.0,-0.00864236370922,0.00852253610285,-0.999926335251,0.0,0.661183554323,0.260222030271,0.303278852237,1.0,-0.00474,-0.00622971428571,0.238
0.464604983297,0.544521984318,-0.123999091069,-1.36091761078,0.0793075742372,1.89591271422,0.158557301755,-0.00201480122671,-0.0267483495281,-0.00148029457903,-0.0441472940035,-0.00109705355781,0.0218655955189,-0.00921217987418,0.573936794266,0.818885419002,0.00199339783144,0.0,0.818841713384,-0.573876923059,-0.0120113489627,0.0,-0.00869212086444,0.00852619656994,-0.999925872756,0.0,0.661092257729,0.260105471747,0.303259444952,1.0,-0.0051,-0.00670285714286,0.256
0.464537335886,0.544038893044,-0.124006609224,-1.3617054445,0.079281812689,1.89619741507,0.158496441246,-0.00735783214103,-0.0276006345763,-0.000288455204116,-0.041610906324,-8.32326860975e-05,0.0182320123579,2.24744910435e-05,0.573984682161,0.818851873013,0.0019853484379,0.0,0.818807885652,-0.573924666201,-0.012036229555,0.0,-0.0087166164975,0.00853439466581,-0.999925589584,0.0,0.661001261743,0.259984372129,0.303251261462,1.0,-0.00544,-0.00714971428571,0.273
0.464468174527,0.543598602397,-0.124004871083,-1.36244534271,0.0792431250414,1.89644397363,0.158403347167,-0.0027689803181,-0.025755200151,-0.000260090236066,-0.0475979974604,-0.00332192456344,0.0178917820986,-0.00922373695866,0.573994657601,0.818844980345,0.00194373626185,0.0,0.818800334847,-0.573934708378,-0.0120710013836,0.0,-0.00876887001405,0.00852038625201,-0.999925252175,0.0,0.660911445081,0.259868083147,0.303231921349,1.0,-0.00574,-0.007544,0.288
0.464386197522,0.543017145818,-0.124008174232,-1.36336125105,0.0791907936165,1.89676982174,0.158267748865,-0.00256604590186,-0.0323731414762,0.0012255402553,-0.0528037413743,0.000107287608234,0.0279584010901,-0.00954557291324,0.573990023923,0.818848243322,0.00193745871926,0.0,0.81880347618,-0.573930064173,-0.0120787306978,0.0,-0.00877885062643,0.00851963288578,-0.999925171019,0.0,0.660805770777,0.259724551134,0.303235646301,1.0,-0.0061,-0.00801714285714,0.306
0.464309357218,0.542422537902,-0.124008422202,-1.364272036,0.0791372754694,1.89709671337,0.158157853708,-0.00644934637315,-0.0362410874971,0.00062711160453,-0.052956546711,-0.00225667859594,0.0236681809722,-0.0101129313286,0.573999421496,0.818841631721,0.00194760990786,0.0,0.818796964685,-0.573939384678,-0.0120772612297,0.0,-0.0087717231428,0.00852720221512,-0.999925169048,0.0,0.660699720879,0.259586855003,0.303251019529,1.0,-0.00644,-0.008464,0.323
0.464235175066,0.541854052661,-0.12401337733,-1.36516764098,0.0790791968374,1.8974384729,0.15802625311,-0.00268633208097,-0.0391339440049,-0.000754459981948,-0.0580220417943,-0.00514264438103,0.0310384758965,-0.00764457059856,0.573990221407,0.818848061045,0.00195590191673,0.0,0.818803569324,-0.573930214844,-0.0120652497751,0.0,-0.00875722378079,0.00852699903157,-0.999925297869,0.0,0.660599948005,0.259449921006,0.303256508527,1.0,-0.00676,-0.00888457142857,0.339
0.464150936112,0.541161787056,-0.124016961412,-1.36622531426,0.0790140570383,1.89782846732,0.157887130413,-0.00218576137982,-0.043964533884,-0.00570501492185,-0.0632858199036,-0.00611850327637,0.020844644335,-0.00724031400156,0.573989065465,0.818848824649,0.00197534759924,0.0,0.818804607143,-0.573928994612,-0.0120528572119,0.0,-0.00873592689362,0.00853579630271,-0.999925409099,0.0,0.660478192398,0.259291666759,0.303276423047,1.0,-0.00712,-0.00935771428571,0.357
0.46406378508,0.540498526193,-0.124011706516,-1.36722683174,0.0789604424427,1.89819914254,0.157767576343,-0.00707736826832,-0.0370585177161,0.000408435835977,-0.0615219488475,-0.00932216375703,0.0265434049148,-0.0049993305179,0.574000009667,0.818841073221,0.00200813584587,0.0,0.818797189791,-0.573939704115,-0.0120467809739,0.0,-0.0087120179017,0.00855927317533,-0.999925417012,0.0,0.660362687658,0.259143461814,0.303300508062,1.0,-0.00744,-0.00977828571429,0.373
0.463967461119,0.539802728979,-0.124012307181,-1.3682834132,0.078900060171,1.89858909239,0.157626883863,-0.00321696607177,-0.0450429987587,0.000912139536189,-0.0663350629933,-0.000174121936811,0.0293910321392,-0.00773701745346,0.574006425929,0.818836509252,0.00203494711206,0.0,0.81879293963,-0.573945969115,-0.012037169525,0.0,-0.00868869146703,0.00857577809552,-0.999925478559,0.0,0.66024307071,0.25897991855,0.30332313287,1.0,-0.00776,-0.0101988571429,0.389
0.46385857427,0.538988015556,-0.124018001336,-1.36952963709,0.0788234949809,1.89905555806,0.157477350868,-0.0100067947771,-0.0465612529327,-0.00010672737824,-0.0719964693167,-0.000756395418993,0.0232626584209,-0.0022800606938,0.57402558197,0.818823012185,0.00206224674977,0.0,0.818779839684,-0.573965047091,-0.0120185583852,0.0,-0.0086575813115,0.00858765137357,-0.999925646501,0.0,0.660103089406,0.25878676295,0.30334618311,1.0,-0.00812,-0.010672,0.407
0.46375272232,0.538211515945,-0.124026488681,-1.37072234123,0.0787606832879,1.89951988133,0.157326639904,-0.00706921750712,-0.0490941727479,-0.000147806765569,-0.066170501563,-0.00140974420322,0.0214142384615,-0.0107158959296,0.574044015137,0.818809980337,0.00210515743541,0.0,0.818767351918,-0.573983281619,-0.0119984480682,0.0,-0.00861628974397,0.0086114372801,-0.999925798597,0.0,0.659972888371,0.258601927221,0.303367499791,1.0,-0.00846,-0.0111188571429,0.424
0.463649401677,0.537463136555,-0.124033597563,-1.37191185703,0.0786908696244,1.89997541222,0.157189019383,-0.00729879534638,-0.0464025414922,-0.000213759462294,-0.0790496170756,-0.00240953379182,0.0251188036406,-0.0190372190276,0.574067965855,0.818793162858,0.00211516846986,0.0,0.818750691769,-0.574007214247,-0.0119903970632,0.0,-0.00860369882215,0.00861526437033,-0.999925874046,0.0,0.659840093744,0.258417853286,0.303369529971,1.0,-0.00878,-0.0115394285714,0.44
0.463539330172,0.536622578736,-0.124038946122,-1.37321550608,0.0786112783798,1.90045460594,0.157026688861,-0.00816176017132,-0.0474025562251,-0.000661732887547,-0.0723074421178,-0.00868453470201,0.0305111884969,-0.00783593962238,0.574079367683,0.81878513837,0.00212689586045,0.0,0.81874283768,-0.574018583315,-0.0119824312252,0.0,-0.00859032425044,0.00862041326299,-0.99992594466,0.0,0.659689603089,0.258218053192,0.303384157704,1.0,-0.00912,-0.0119862857143,0.457
0.463421302392,0.535764806044,-0.124040020222,-1.37458288214,0.0785395619395,1.90095003227,0.156863645631,-0.00941382003762,-0.0482160171577,-0.00119018611691,-0.0775222751825,-0.00338391953725,0.0305222966172,-0.0053165880934,0.574099203706,0.818771248372,0.00211991636926,0.0,0.818728731141,-0.574038320078,-0.0120007827718,0.0,-0.00860914841295,0.00862544233874,-0.999925739397,0.0,0.659528342508,0.25801053329,0.303381740201,1.0,-0.00946,-0.0124331428571,0.474
0.463308771641,0.534908833056,-0.124044974861,-1.37593377102,0.0784666696749,1.90143714973,0.156702310615,-0.00685580953635,-0.0547779132056,-0.00233087410058,-0.0851714875225,-0.00700468237463,0.0346864735631,-0.00682186224516,0.574117286346,0.818758577614,0.0021166019088,0.0,0.818715928174,-0.574056325219,-0.0120129651319,0.0,-0.00862083550839,0.00862991279138,-0.999925600133,0.0,0.659368417319,0.257805585503,0.303385135244,1.0,-0.00978,-0.0128537142857,0.49
0.463172182864,0.533967056417,-0.124047879179,-1.37749763345,0.0783819839199,1.90200304818,0.156509806125,-0.00904959966419,-0.0561930262577,0.000248900097001,-0.0886373310221,-0.000404498035983,0.033571377978,-0.00814703765209,0.574136575028,0.818745166631,0.00207177075938,0.0,0.818701808394,-0.57407567795,-0.0120503866792,0.0,-0.00867700970572,0.0086148960665,-0.99992524374,0.0,0.659182972345,0.257565263196,0.303354303307,1.0,-0.01014,-0.0133268571429,0.508
0.463045744526,0.533045182598,-0.124043821522,-1.37897871297,0.07828885628,1.90256438793,0.156321198752,-0.00930880835937,-0.049232195837,0.000674943255371,-0.092278454581,-0.000109364416351,0.0290807648238,-0.0164039426957,0.574138962285,0.818743495033,0.00207080374653,0.0,0.818700133359,-0.574078078153,-0.0120498433359,0.0,-0.00867709487335,0.00861381769469,-0.999925252291,0.0,0.659011223298,0.257343594688,0.303347986556,1.0,-0.01048,-0.0137737142857,0.525
0.462918631185,0.532151006761,-0.124048315248,-1.38044104449,0.0782173054054,1.90310365501,0.156128738505,-0.00875333643214,-0.0538643043142,-0.000213959512791,-0.093707080656,-0.00427027690875,0.028473145955,-0.0132902108574,0.574149375973,0.818736237325,0.0020529643178,0.0,0.818692481434,-0.574088407256,-0.0120775990394,0.0,-0.00870995267162,0.00861525827374,-0.999924954209,0.0,0.658839257434,0.25712037888,0.303329290738,1.0,-0.0108,-0.0141942857143,0.541
0.462780466665,0.531091685222,-0.124050993683,-1.38214559773,0.0781056304314,1.90371608019,0.155917553683,-0.00707865274061,-0.0547429018049,-0.00162680591681,-0.09290723727,-0.0036292565971,0.034660441708,-0.0158927190968,0.574154267583,0.818732891554,0.00201896160978,0.0,0.818688726583,-0.574093480053,-0.0120909895598,0.0,-0.00874038642691,0.00859515984785,-0.999924861613,0.0,0.65863395985,0.256862879548,0.303317728153,1.0,-0.01116,-0.0146674285714,0.559
0.462647340169,0.530109555649,-0.124054563386,-1.38369403358,0.0780117092892,1.9042698993,0.155720149098,-0.00642317321553,-0.0669170790868,-0.00161099615082,-0.0902111730664,-0.0049626581585,0.0373694020224,-0.00922880480071,0.574163007944,0.818726790393,0.00200746201212,0.0,0.818682443951,-0.574102238705,-0.0121005116266,0.0,-0.00875469316584,0.00859130546865,-0.999924769579,0.0,0.658448850315,0.256624619128,0.303320796851,1.0,-0.01148,-0.015088,0.575
0.462513341539,0.529129868979,-0.124054911093,-1.38524354124,0.0779197535999,1.90484830644,0.155498646007,-0.00931896762423,-0.0585012586092,-0.000258651544985,-0.0970266761837,-0.00359151484924,0.0367955576522,-0.0116028064643,0.574151059176,0.818735151297,0.00201498842825,0.0,0.818690870642,-0.574090226662,-0.0121002843146,0.0,-0.00875031141616,0.00859720920912,-0.999924757191,0.0,0.658267299652,0.256389497419,0.303323455583,1.0,-0.0118,-0.0155085714286,0.591
0.462365128293,0.527975152952,-0.124052513764,-1.38705639815,0.0777989008055,1.90555111377,0.155255702608,-0.0135959516709,-0.0690881134698,-0.00186302794189,-0.100457743702,-0.00611415698072,0.0427446013591,-0.0159259026683,0.574137674482,0.818744461579,0.00204555004131,0.0,0.818700691465,-0.574076820882,-0.0120718027775,0.0,-0.00870958648717,0.00860573569378,-0.999925039399,0.0,0.658057699713,0.256121448993,0.303334439231,1.0,-0.01216,-0.0159817142857,0.609
0.462229206768,0.526885155036,-0.124055351214,-1.38870830163,0.0776958989037,1.90618419708,0.155017204322,-0.0165785133555,-0.0710096778661,-0.00127068679142,-0.10843299105,-0.00869393267013,0.0422814170086,-0.00791289341102,0.574117330933,0.818758579685,0.00210366744208,0.0,0.818715624951,-0.574056287879,-0.0120353939974,0.0,-0.00864662504688,0.00863219987966,-0.999925357715,0.0,0.657866727106,0.255874886889,0.303370300061,1.0,-0.01248,-0.0164022857143,0.625
0.462075762755,0.52570143286,-0.124058451677,-1.39053966493,0.0775924939202,1.90684867872,0.154784464397,-0.0108540530733,-0.0660903789274,-9.14380899261e-05,-0.110579102588,-0.00308800233618,0.0371468314647,-0.0159192120598,0.574125445446,0.818752842834,0.00212182565976,0.0,0.818710029674,-0.574064229119,-0.0120372363278,0.0,-0.00863762355255,0.00864821012232,-0.99992529717,0.0,0.657646430257,0.255598678673,0.303389164908,1.0,-0.01282,-0.0168491428571,0.642
0.46191869478,0.524529929496,-0.124061638829,-1.39240405213,0.0774726317009,1.90751873128,0.154524953687,-0.0107623246549,-0.0677811132637,0.000141041677562,-0.113193353096,-0.0113645824029,0.0367705813455,-0.0184794587908,0.574111710881,0.818762535315,0.00209787895542,0.0,0.818719422746,-0.574050611022,-0.0120478091382,0.0,-0.00866017279391,0.00863452880549,-0.999925220364,0.0,0.657420414231,0.255313731809,0.303383889163,1.0,-0.01316,-0.017296,0.659
0.461768574417,0.523325426266,-0.124070881238,-1.39430876214,0.0773535632464,1.90821587969,0.154267862259,-0.00679897141137,-0.0726171949564,-0.00251437705219,-0.117692094058,-0.00506907758639,0.0425596086611,-0.0186796710699,0.574096765051,0.818773013687,0.00209840834483,0.0,0.818729950322,-0.574035707012,-0.0120425255658,0.0,-0.00865570028117,0.00863177091865,-0.9999252829,0.0,0.657177326488,0.255015469545,0.303387336844,1.0,-0.01352,-0.0177691428571,0.677
0.461620320341,0.52216627339,-0.124063441494,-1.39613326502,0.0772403050927,1.90894125251,0.154010196213,-0.00764585715234,-0.0730923881474,0.00135112920328,-0.113126928002,-0.00398238360444,0.0511869619123,-0.0150249522671,0.57407342078,0.818789274913,0.00213956573073,0.0,0.818746771134,-0.574012214426,-0.0120187083083,0.0,-0.00861281842162,0.00865155009474,-0.999925482243,0.0,0.656978027457,0.254763913884,0.303393721702,1.0,-0.01382,-0.0181634285714,0.692
0.461457914574,0.520915240117,-0.124069872587,-1.39814792227,0.0771135944257,1.90970077689,0.153741448502,-0.00838721873715,-0.0772565218781,5.79359838497e-05,-0.121104933197,-0.00976537433482,0.0404319879024,-0.0168642121672,0.574064481685,0.818795567011,0.00213007323741,0.0,0.818752990663,-0.574003367798,-0.0120175263373,0.0,-0.00861739399101,0.00864300526605,-0.999925516717,0.0,0.65673716981,0.254461830626,0.303379739931,1.0,-0.01416,-0.0186102857143,0.709
0.461287085818,0.519604696384,-0.124075518412,-1.40018904903,0.0769951940017,1.9104381321,0.15347847846,-0.0101834373798,-0.0820788913257,0.00160545734869,-0.119391766421,-0.0089849576694,0.0425928398594,-0.0158338191376,0.574069742778,0.818791857674,0.00213802140663,0.0,0.818749304409,-0.574008513916,-0.0120228691325,0.0,-0.00861715076808,0.00865263551987,-0.999925435526,0.0,0.65648800418,0.254152214265,0.303392610625,1.0,-0.0145,-0.0190571428571,0.726
0.461116954553,0.518256398304,-0.12408402075,-1.40228244131,0.0768557320432,1.91119345057,0.15319255946,-0.0081732769596,-0.0798233768679,-0.000625060716384,-0.121655761516,-0.00698709975832,0.0492958371369,-0.020179330685,0.574054306494,0.818802678181,0.0021387612148,0.0,0.818760223093,-0.573993165394,-0.0120120798513,0.0,-0.00860805456478,0.0086468852573,-0.999925563616,0.0,0.656231942081,0.253833577485,0.303408320599,1.0,-0.01484,-0.019504,0.743
0.460944573303,0.516975447447,-0.124087217882,-1.40429297637,0.0767222792479,1.91191026238,0.152912685047,-0.0109139789295,-0.0775785160175,-0.000212976953419,-0.122742122022,-0.00428775157082,0.0427977869278,-0.0215363528143,0.574038784835,0.818813604139,0.00212181116748,0.0,0.818770966364,-0.573977755392,-0.0120161497877,0.0,-0.00862128049067,0.00863517965655,-0.999925550826,0.0,0.655984330172,0.253523926457,0.303412323353,1.0,-0.01516,-0.0199245714286,0.759
0.460749171957,0.515542180602,-0.124090407217,-1.40659668796,0.076579610057,1.91278738702,0.152599108641,-0.0093580169399,-0.0848590040898,-0.00032887815091,-0.131309379796,-0.00708532675205,0.0519277393604,-0.0215225658645,0.574027692459,0.818821377754,0.00212285740476,0.0,0.818778779782,-0.573966686227,-0.0120124844331,0.0,-0.00861779554309,0.00863381554306,-0.999925592646,0.0,0.655708792273,0.253175762875,0.303397176064,1.0,-0.01552,-0.0203977142857,0.777
0.460575334771,0.514235536642,-0.12408936933,-1.40870046438,0.0764533803467,1.91353306014,0.152313601741,-0.0156647295683,-0.0783735255894,0.00127144037524,-0.132896181548,-0.014752316133,0.0466485796334,-0.0164440908522,0.574012094873,0.818832420886,0.00208046804538,0.0,0.818789150236,-0.573951150696,-0.0120478616874,0.0,-0.00867125967196,0.00861924893613,-0.999925256108,0.0,0.655442957336,0.252860126782,0.303376455978,1.0,-0.01584,-0.0208182857143,0.793
0.46037677574,0.512825916706,-0.124097174042,-1.41097465874,0.0763220710194,1.91432397697,0.151994184942,-0.012524919391,-0.0834042771869,0.000484370547675,-0.134927928386,-0.00584515994271,0.0526337866899,-0.0138725156552,0.574002462338,0.818839322605,0.00202086307194,0.0,0.81879511319,-0.573941617688,-0.0120966525678,0.0,-0.00874552575221,0.0085983467125,-0.999924789278,0.0,0.655156049799,0.252506579626,0.303350599218,1.0,-0.01618,-0.0212651428571,0.81
0.460183271543,0.511402392601,-0.124105697585,-1.41327441477,0.0761770980808,1.91518799108,0.151668794232,-0.0112443324137,-0.0859381594659,-0.00163299135647,-0.1377574649,-0.0130745967371,0.0480563146562,-0.0229103740129,0.573981914594,0.818853767887,0.00200385559722,0.0,0.818809385269,-0.573921194821,-0.0120995715409,0.0,-0.00875789316404,0.00858587631324,-0.999924788189,0.0,0.654876758085,0.252155842787,0.303328216533,1.0,-0.01652,-0.021712,0.827
0.459986481827,0.510027236677,-0.124106049407,-1.41547513208,0.0760470458701,1.91601348639,0.151363534857,-0.0142789277846,-0.0800621809568,-5.77792153854e-05,-0.137214668515,-0.00838117116155,0.0539363851557,-0.0189704527201,0.573973258167,0.81885983403,0.00200450054109,0.0,0.818815390775,-0.573912468972,-0.0121070512131,0.0,-0.00876373882148,0.0085906049212,-0.999924696359,0.0,0.65460941142,0.251818694556,0.303315060532,1.0,-0.01684,-0.0221325714286,0.843
0.459785181646,0.508507181501,-0.124113125299,-1.41784020681,0.0758986126829,1.91685828605,0.151035162559,-0.0127574124942,-0.0909485130375,-0.000761577554181,-0.142243732262,-0.00401313924059,0.0498999422962,-0.018083797812,0.573956931643,0.818871284253,0.00200183574616,0.0,0.818826785088,-0.573896135525,-0.0121106793377,0.0,-0.0087684105628,0.00859033047154,-0.999924657761,0.0,0.654313224035,0.251455557403,0.303326418892,1.0,-0.01718,-0.0225794285714,0.86
0.459552350614,0.506892638976,-0.124113929708,-1.4203795523,0.0757352747379,1.91778759066,0.150670814541,-0.0151048813357,-0.0888014057785,2.44993034839e-05,-0.140228140846,-0.00164490118401,0.0499824912162,-0.0210629816044,0.573937183597,0.818885127252,0.00200113754357,0.0,0.818840627954,-0.573876401856,-0.0121098433582,0.0,-0.00876833382384,0.00858906747977,-0.999924669284,0.0,0.654000991625,0.251059419294,0.303327518808,1.0,-0.01754,-0.0230525714286,0.878
0.45936274918,0.50547035147,-0.124124454251,-1.42255546244,0.0755910179909,1.91861155979,0.150382038259,-0.0111064148679,-0.0948205284669,-0.00132061907217,-0.146156674687,-0.0135922253753,0.0559268380037,-0.015609235905,0.573939651176,0.818883243379,0.00206335222656,0.0,0.81883971097,-0.573878751359,-0.0120604053529,0.0,-0.00869211720262,0.00861166538334,-0.999925140357,0.0,0.653723675706,0.250696913858,0.303363922128,1.0,-0.01786,-0.0234731428571,0.894
0.459122284961,0.503713552978,-0.124130965137,-1.42517696201,0.0754299172193,1.91961252748,0.150014216975,-0.0142343164846,-0.0993949939467,-0.000614180186325,-0.148596114576,-0.0114863234158,0.0529530202005,-0.022593076603,0.573928802606,0.81889058008,0.00216663256935,0.0,0.818848445169,-0.573867517325,-0.0120018042539,0.0,-0.00858496968121,0.00866249163501,-0.999925627001,0.0,0.653426196674,0.250315437462,0.303424252002,1.0,-0.0182,-0.02392,0.911
0.458886856929,0.502028039117,-0.124135143156,-1.42768209359,0.0752702418411,1.92053694117,0.149670404097,-0.0158406878727,-0.0965511684064,0.000959553787712,-0.153013045371,-0.0170871288617,0.0535154988655,-0.0167524461345,0.573928167993,0.818890790484,0.00225347396852,0.0,0.818849833526,-0.573866572163,-0.0119521708608,0.0,-0.00849449280772,0.00870511191002,-0.999926029573,0.0,0.653121071425,0.249921156253,0.303488926741,1.0,-0.01854,-0.0243668571429,0.928
0.458665393921,0.500405130228,-0.124138114892,-1.43011294639,0.0751134361199,1.92139605963,0.149324424777,-0.0186952202488,-0.0998946465243,-0.00116903304549,-0.15003520903,-0.010989221151,0.0474695552889,-0.0254220895731,0.573909720267,0.818903602426,0.00229560858048,0.0,0.818863184518,-0.573847946419,-0.011931736407,0.0,-0.00845377441857,0.00872769689148,-0.999926177778,0.0,0.652814130487,0.249540894107,0.303538937262,1.0,-0.01886,-0.0247874285714,0.944
0.458417894672,0.498722264409,-0.124141175223,-1.4327247465,0.0749503686474,1.92236503309,0.148951584076,-0.0182068877853,-0.0996305323691,-0.00146576169471,-0.154651754451,-0.00950107813122,0.0613796258238,-0.0278509765907,0.573898215659,0.818911574895,0.00232754544995,0.0,0.818871567446,-0.573836309871,-0.0119160564863,0.0,-0.00842272865528,0.00874473270927,-0.999926290929,0.0,0.652492838197,0.24912938341,0.303553671601,1.0,-0.0192,-0.0252342857143,0.961
0.458163928332,0.497043111739,-0.124138519305,-1.43538158309,0.0747852763974,1.92333277287,0.148556762666,-0.0162253527956,-0.0992909131996,-2.60019741237e-05,-0.158842267819,-0.00825625405986,0.0577562235283,-0.0140171420681,0.573871088389,0.818930609624,0.00231892953302,0.0,0.818890410032,-0.573809137551,-0.0119296655959,0.0,-0.00843910784265,0.00874520770812,-0.999926148673,0.0,0.652159531259,0.24871136164,0.303543510164,1.0,-0.01954,-0.0256811428571,0.978
0.457912308486,0.495468400692,-0.124136250839,-1.43793885801,0.074629183827,1.92420262546,0.148195160943,-0.0192388255393,-0.101072610348,0.000577761680983,-0.160351837516,-0.00638307039492,0.0571235486913,-0.0245001753367,0.573866123507,0.818934346462,0.00222606758814,0.0,0.818892724669,-0.573804333741,-0.0120016234766,0.0,-0.00855137908954,0.0087104033951,-0.999925498619,0.0,0.651825803495,0.248300131977,0.303498951975,1.0,-0.01986,-0.0261017142857,0.994
0.457602422094,0.493607978128,-0.124166924251,-1.44095837324,0.0744430165674,1.92528408297,0.147761441536,-0.0171305730627,-0.116719825836,7.58723916721e-05,-0.181545576587,-0.0148661815021,0.0601986381858,-0.0272785147241,0.573888442393,0.818918902378,0.00215265335731,0.0,0.818876325432,-0.573826959314,-0.0120387421758,0.0,-0.00862366903053,0.00867181882621,-0.999925213149,0.0,0.651451939708,0.247790165243,0.303452124001,1.0,-0.0264165714286,-0.034718922449,1.012
0.457294437666,0.491013288351,-0.124241554043,-1.4449057053,0.0742308444031,1.92678765207,0.147189986837,-0.024544050447,-0.162944641871,-0.00810114946978,-0.253944687754,-0.0203412448862,0.103503303042,-0.0431683578934,0.573867756262,0.818933050833,0.00228111309349,0.0,0.818892218733,-0.573805814138,-0.0119653107755,0.0,-0.00849003596127,0.00873465997927,-0.99992580975,0.0,0.65096513685,0.247179693319,0.303511371215,1.0,-0.036364,-0.0477926857143,1.029
0.45684376215,0.487910517159,-0.124249597631,-1.44989598832,0.0739579110522,1.92863931372,0.146449725849,-0.0334167232109,-0.217096489627,-0.00212540311981,-0.332742844558,-0.0219914574,0.133085405827,-0.0450741525935,0.5738066489,0.818975959991,0.00224800714347,0.0,0.818934305952,-0.573744450874,-0.0120272410779,0.0,-0.00856040449802,0.00874244938746,-0.999925141725,0.0,0.650369536088,0.246469442131,0.303446335049,1.0,-0.0451411428571,-0.0593283591837,1.044
0.45621556305,0.483722358796,-0.124359643103,-1.45643958867,0.0735649216748,1.93107289014,0.145461629733,-0.0436290245731,-0.264368017265,-0.00622682078746,-0.405275901389,-0.0233050812097,0.146969573455,-0.0541270509225,0.573814450202,0.818970309116,0.00231439570457,0.0,0.818929767839,-0.573752232291,-0.0119648731245,0.0,-0.00847114923528,0.00876111330928,-0.999925738505,0.0,0.649522108677,0.245321315923,0.303462043466,1.0,-0.0556737142857,-0.0731711673469,1.062
0.455432907701,0.478709722029,-0.124492807624,-1.46438870633,0.0730907071533,1.93382039831,0.144251048209,-0.0506644346616,-0.313932283988,-0.00730094241076,-0.488372680723,-0.0341205141983,0.167839223122,-0.0717719991888,0.57382040838,0.81896660031,0.00214322278315,0.0,0.818923717826,-0.573758790734,-0.0120640514961,0.0,-0.00865052887687,0.00867790200242,-0.999924928366,0.0,0.64849431846,0.243970166927,0.303396123464,1.0,-0.0656211428571,-0.0862449306122,1.079
0.454609133755,0.473544556944,-0.124605078276,-1.47240811427,0.0725983952307,1.93669765773,0.143111112387,-0.0568564340893,-0.357794477481,-0.00534420673359,-0.553906841516,-0.0315665323286,0.194660203713,-0.0753898301634,0.573897198706,0.818912779644,0.00214745305837,0.0,0.818870057807,-0.5738356591,-0.0120503806498,0.0,-0.00863609184409,0.00867433171607,-0.999925084137,0.0,0.647474247432,0.242605339079,0.303406650879,1.0,-0.0743982857143,-0.0977806040816,1.094
0.453403716207,0.466094257081,-0.124694686941,-1.48369535755,0.0719429256239,1.94090595951,0.141326055831,-0.0612541431086,-0.413227799825,-0.00141000314421,-0.622098545942,-0.0349514471849,0.2333760717,-0.0965778406311,0.573849670183,0.818945152038,0.00247808107562,0.0,0.818906537436,-0.573786580679,-0.0119075471114,0.0,-0.0083298986889,0.00886262940879,-0.999926030558,0.0,0.646049843003,0.240715876522,0.303546426512,1.0,-0.085516,-0.112392457143,1.113
0.452118743328,0.458677331979,-0.124748033007,-1.49524969036,0.0711985333033,1.94491710909,0.13956767596,-0.0761807029014,-0.449946170915,-0.00395378939555,-0.69733467308,-0.0525574440184,0.244366718743,-0.101456023388,0.573838173551,0.818953542844,0.00236477070431,0.0,0.818913098846,-0.573775166963,-0.0120058825776,0.0,-0.00847557654727,0.00882614536635,-0.999925129077,0.0,0.644510729547,0.238741517677,0.303505398889,1.0,-0.0954634285714,-0.125466220408,1.13
0.450846927615,0.451410059514,-0.124870369459,-1.50637411203,0.0704516254791,1.94874958191,0.137783682231,-0.0879426924995,-0.50576430386,-0.00956206405465,-0.762544364201,-0.0481771077475,0.278337971799,-0.123704356415,0.573814178606,0.818970500304,0.00231407940507,0.0,0.818929558369,-0.573751552224,-0.0120117296887,0.0,-0.00850970946033,0.00878773802138,-0.999925177453,0.0,0.643029141322,0.236775235258,0.303539294005,1.0,-0.104240571429,-0.137001893878,1.145
0.449186295206,0.4419082943,-0.124975300966,-1.52070915885,0.0695018818381,1.95395472233,0.13559356038,-0.0920161021076,-0.537721955845,-0.00201469666893,-0.81421419583,-0.0527780348919,0.284935875198,-0.133541286666,0.573843403328,0.818949161379,0.00260123706616,0.0,0.818912297247,-0.573780002504,-0.0118281463438,0.0,-0.0081942704837,0.00891786047097,-0.999926660159,0.0,0.641137460374,0.234285018175,0.303679150157,1.0,-0.114773142857,-0.150844702041,1.163
0.447414599535,0.432157915239,-0.125042571174,-1.53537390938,0.0685182927593,1.95907813435,0.133175461656,-0.103979182146,-0.60158188504,-0.00636707295694,-0.86710318802,-0.0557970002702,0.320402090537,-0.143227141577,0.573736875432,0.819023249436,0.00276795121245,0.0,0.818988426164,-0.573672737889,-0.0117598687795,0.0,-0.00804386265961,0.0090141639268,-0.999927017898,0.0,0.639133514902,0.231707407588,0.303801399574,1.0,-0.124720571429,-0.163918465306,1.18
0.445564756978,0.422469980668,-0.12513462042,-1.55011667201,0.0674545720774,1.96422127613,0.130727390126,-0.122542399915,-0.626284191101,-0.00249455996541,-0.94857353481,-0.0718105902956,0.328847897219,-0.16633087304,0.573650285955,0.819083834927,0.00278705700978,0.0,0.819049695775,-0.573586581992,-0.0116951148404,0.0,-0.00798081466477,0.0089918172888,-0.999927724298,0.0,0.637100312645,0.229052387397,0.303823979996,1.0,-0.134082857143,-0.176223183673,1.196
0.443392153213,0.411435561088,-0.125260838792,-1.56661802113,0.0662748518193,1.97001568702,0.128005990521,-0.131562439594,-0.65421565858,-0.00820358754864,-0.986309068123,-0.0703466390043,0.344680113198,-0.167447781278,0.573652940514,0.819081185949,0.00301024331876,0.0,0.819050477585,-0.57358911525,-0.0115147269328,0.0,-0.00770500173525,0.00907117284028,-0.999929170877,0.0,0.634818400052,0.226018807932,0.303954139433,1.0,-0.144030285714,-0.189296946939,1.213
0.440969473207,0.399860346621,-0.125358706368,-1.58419087477,0.065106471307,1.97589447414,0.125057960288,-0.147039517583,-0.704737461199,-0.00542554922628,-1.04330978188,-0.0692996023516,0.358527555686,-0.17508421223,0.573681039461,0.819061808311,0.0029267783493,0.0,0.819029092995,-0.573616405845,-0.0116752162698,0.0,-0.00788402746491,0.00909514193209,-0.999927557628,0.0,0.632283188299,0.222747200906,0.303916408911,1.0,-0.153977714286,-0.202370710204,1.23
0.438473991237,0.388336759641,-0.125481686084,-1.60148298772,0.0638278783633,1.98180400442,0.122098629993,-0.157109620208,-0.711873742883,-0.00579174891889,-1.11092393587,-0.0754877780543,0.360421376781,-0.189842523972,0.573707354618,0.819043153326,0.00298850277458,0.0,0.819011600103,-0.573642931279,-0.0115988443598,0.0,-0.00778577046781,0.0091021359979,-0.999928263876,0.0,0.629798522988,0.219446023478,0.30394690197,1.0,-0.16334,-0.214675428571,1.246
0.435450662908,0.374658641123,-0.12563522842,-1.62186173547,0.0622950851302,1.98859195971,0.118419036768,-0.175683991152,-0.762502542857,-0.00871397421263,-1.15085444876,-0.0779118185689,0.38239721542,-0.212229212582,0.573619471684,0.819104690238,0.00299249682062,0.0,0.81907347043,-0.573555376446,-0.0115597183825,0.0,-0.00775240616228,0.00908212916661,-0.999928705023,0.0,0.626960197152,0.21573056687,0.30398414972,1.0,-0.173287428571,-0.227749191837,1.263
0.432239088654,0.361181035681,-0.125815169475,-1.64184134176,0.0607671173911,1.99519898987,0.114887717335,-0.1874133638,-0.79122744226,-0.0160632057899,-1.18549915899,-0.0974201101187,0.401141272893,-0.211838841086,0.573770617878,0.818998713875,0.00302185906784,0.0,0.818968162592,-0.573706748874,-0.0115092075223,0.0,-0.0076925133218,0.00907862627142,-0.999929199386,0.0,0.623813736187,0.211487351358,0.304026463498,1.0,-0.18382,-0.241592,1.281
0.428950984722,0.348075058779,-0.125987824346,-1.66142744444,0.0592819037438,2.00144063629,0.11120228751,-0.209121622744,-0.819419958752,-0.00949809062016,-1.21344155283,-0.0930423605415,0.38549524994,-0.234678571727,0.57382409557,0.818962081297,0.00278633142498,0.0,0.818928040332,-0.573760492952,-0.0116836803766,0.0,-0.00796995775292,0.00898635527381,-0.999927859994,0.0,0.620803216779,0.207474947541,0.30392823558,1.0,-0.193182285714,-0.253896718367,1.297
0.425225319599,0.333454438014,-0.126141405266,-1.68279884991,0.0576268281749,2.0084281422,0.107126858365,-0.224586153532,-0.841401070832,-0.00854444773982,-1.28118749176,-0.10049128803,0.40819108931,-0.246547730834,0.573877347369,0.818924224648,0.00294131990937,0.0,0.818892210338,-0.573813232218,-0.0116047093965,0.0,-0.00781575983819,0.00906847840365,-0.999928335731,0.0,0.61750315657,0.203071304463,0.303992565593,1.0,-0.203129714286,-0.266970481633,1.314
0.421334329351,0.3182799932,-0.126269805485,-1.70472859575,0.0557985602011,2.01545507014,0.102811999067,-0.235902697974,-0.908914493397,-0.0108676042403,-1.30556176985,-0.106143838066,0.417003717582,-0.254332781219,0.57376972825,0.818999119985,0.00308014748528,0.0,0.818969483201,-0.573705869922,-0.0114589398819,0.0,-0.00761790965509,0.00909751477164,-0.999929598861,0.0,0.614016639288,0.198537584776,0.304098097182,1.0,-0.213077142857,-0.280044244898,1.331
0.417392289443,0.303570878887,-0.126355324333,-1.72597287545,0.05404313068,2.02211149806,0.0984351280092,-0.25260702604,-0.932984769655,-0.00175187217222,-1.34166248446,-0.117791049629,0.404313267123,-0.278962193897,0.573581063941,0.819131062166,0.00313256845205,0.0,0.81910199311,-0.57351693963,-0.0114451623888,0.0,-0.0075786528649,0.00913079727869,-0.999929593802,0.0,0.610548657267,0.194092589054,0.304134770456,1.0,-0.222439428571,-0.292348963265,1.347
0.412519990902,0.286439163109,-0.126523480196,-1.75053023775,0.0520336108518,2.02962840409,0.0933641464714,-0.277249008269,-0.953330021808,-0.00869280397937,-1.37327574399,-0.114519189662,0.416418081053,-0.287592198976,0.573624145896,0.81910071006,0.00318008258971,0.0,0.819071728291,-0.573559234958,-0.0114915103525,0.0,-0.00758888466171,0.00919670061886,-0.999928912237,0.0,0.606473641452,0.188763738967,0.304173500438,1.0,-0.232972,-0.306191771429,1.365
0.407571543836,0.269799850918,-0.126714773979,-1.77429203814,0.0499785263421,2.03676315766,0.0882048055033,-0.298670602887,-1.00324355434,-0.00989586268967,-1.40669379834,-0.125922584656,0.446238872545,-0.311236486197,0.573582495494,0.819130093036,0.00312385126621,0.0,0.819100295963,-0.573517658444,-0.0115302865009,0.0,-0.00765336814173,0.00917249460059,-0.999928643104,0.0,0.602447098452,0.183479810135,0.304164107829,1.0,-0.242919428571,-0.319265534694,1.382
0.402503400265,0.253689641464,-0.126932411775,-1.79703477164,0.0479400295712,2.04348413127,0.0832089100664,-0.331702177522,-1.04190606489,-0.0125416069391,-1.42155983594,-0.134520450407,0.434074635825,-0.311966985776,0.57372072359,0.819033320146,0.00311427613176,0.0,0.819003643964,-0.573656191656,-0.0115044273689,0.0,-0.00763613257799,0.00915110808196,-0.999928970827,0.0,0.598542248056,0.178242426534,0.304191085991,1.0,-0.252281714286,-0.331570253061,1.398
