position_joint1,position_joint2,position_joint3,position_joint4,position_joint5,position_joint6,position_joint7,velocity_joint1,velocity_joint2,velocity_joint3,velocity_joint4,velocity_joint5,velocity_joint6,velocity_joint7,ee_T_00,ee_T_10,ee_T_20,ee_T_30,ee_T_01,ee_T_11,ee_T_21,ee_T_31,ee_T_02,ee_T_12,ee_T_22,ee_T_32,ee_T_03,ee_T_13,ee_T_23,ee_T_33,v_x,v_y,time
0.465063764066,0.547772435464,-0.123970092007,-1.35584414693,0.0796003113538,1.89410262848,0.159162040742,-0.000107355083411,-0.00182731959275,0.00120443895755,0.000505655583818,-9.30437937655e-05,-0.000102197571321,0.00110281532178,0.573830523374,0.818959864786,0.00200429899196,0.0,0.81891640214,-0.573770718124,-0.0119931743568,0.0,-0.00867208734218,0.00852356694245,-0.999926069121,0.0,0.661667894695,0.260909768156,0.303215030731,1.0,0.0,0.0,0.0
0.465060953761,0.547777110786,-0.123975592671,-1.35584690199,0.0796006402955,1.89410379943,0.159159702517,-0.00314383595167,-0.000359515499714,-0.000758865923132,-0.000788825246952,0.000154562191558,2.78691436134e-05,0.000817670083507,0.573835007424,0.818956738963,0.00199771421111,0.0,0.81891321348,-0.573775252124,-0.0119939876319,0.0,-0.00867648507228,0.00851868855719,-0.999926072543,0.0,0.661669350078,0.260904468295,0.303210691814,1.0,-0.00028,-0.000368,0.015
0.465055286854,0.547775641597,-0.123975381881,-1.35584545597,0.079602084293,1.89409946313,0.159158077829,-0.00238389516314,0.000114819678197,-0.00113302949671,-0.000304234445706,0.000327099896416,-0.000133274418493,0.00130598080631,0.573838441197,0.818954333334,0.00199755323945,0.0,0.818910787359,-0.573778668093,-0.0119962198128,0.0,-0.00867836984762,0.0085198740077,-0.999926046087,0.0,0.661670204566,0.260900970975,0.303212039908,1.0,-0.00054,-0.000709714285714,0.028
0.465059177788,0.547749881926,-0.123975783799,-1.35587210679,0.0796008819908,1.89410533587,0.159164734738,-0.00223646957774,-0.000543720228938,-0.000403232466635,-0.0013154928302,0.000147139659355,-0.000108781976839,0.00631801748613,0.5738421189,0.818951745022,0.00200219943587,0.0,0.818908253962,-0.573782320074,-0.0119944847864,0.0,-0.00867424461499,0.00852272229787,-0.999926057609,0.0,0.661665092936,0.260900692854,0.303218125026,1.0,-0.00094,-0.00123542857143,0.048
0.465056673487,0.547674409134,-0.123975801397,-1.35595609995,0.0795983871068,1.89411906773,0.159159636928,-0.000987430873846,-0.00344929782356,0.000389768159242,-0.011123695011,0.000261970525548,0.00106911104031,0.00165167215842,0.573843894291,0.818950483653,0.00200928104171,0.0,0.818907039588,-0.573784020669,-0.0119960426515,0.0,-0.00867143852863,0.00852943443881,-0.999926024715,0.0,0.661651369913,0.260890576375,0.303232802034,1.0,-0.0012,-0.00157714285714,0.061
0.465053092858,0.547516092629,-0.123975514253,-1.35618927182,0.0795974137563,1.89415879631,0.159148459844,0.000583740635338,-0.0108113595711,0.000103541651612,-0.0131611325347,-0.000282111999892,0.00414806327851,-0.000153484338202,0.573849941333,0.818946297119,0.00198850897915,0.0,0.818902394523,-0.573789971332,-0.0120284639179,0.0,-0.00870984716703,0.00853109232815,-0.999925676751,0.0,0.661610935047,0.260865307839,0.303237410988,1.0,-0.00162,-0.00212914285714,0.082
0.465038188791,0.547392593374,-0.12397022585,-1.35635719359,0.0795954153737,1.89422748235,0.159152342175,-0.000415593275129,-0.00709435337647,0.00238370867406,-0.0141412942689,0.000145569840586,0.00518189518766,0.000994047788375,0.573870529472,0.818931806097,0.00201476219658,0.0,0.818888157822,-0.573810357996,-0.0120251793244,0.0,-0.00869187775109,0.00855092556134,-0.999925663704,0.0,0.661592181106,0.260844542027,0.303250755517,1.0,-0.00188,-0.00247085714286,0.095
0.465017257803,0.54718022123,-0.123976438369,-1.35661392379,0.079593216401,1.89438433197,0.159138380183,0.000283510770152,-0.00804945312356,6.7993690674e-05,-0.015269361011,-0.000259986518999,0.0098696555981,0.00188470670079,0.57389472565,0.818914597708,0.00211481265228,0.0,0.818872263165,-0.573834138723,-0.0119726670441,0.0,-0.00859120552635,0.00860297752528,-0.999926087251,0.0,0.66157722221,0.260809728025,0.303292814369,1.0,-0.00228,-0.00299657142857,0.115
0.464999862501,0.547017516634,-0.123976464268,-1.35681178504,0.0795866676908,1.89447936282,0.159126090313,-0.000279086337803,-0.00997491196271,-0.000420094868061,-0.0180540699082,-0.00485354138636,0.0018442878711,0.000704796262855,0.573908355785,0.818904904777,0.00216863851288,0.0,0.818863261327,-0.573847534765,-0.0119462544003,0.0,-0.00853854285114,0.00863203981949,-0.999926287871,0.0,0.661560007308,0.260782256249,0.303322123603,1.0,-0.00254,-0.00333828571429,0.128
0.464959720916,0.546734695011,-0.123978970363,-1.35724627192,0.0795799675363,1.89463269027,0.159090568423,4.73130199739e-05,-0.0120008646842,-0.00208873988683,-0.0235045981391,4.65895583597e-05,0.00175053695497,-0.000237311331418,0.573936388827,0.818885227165,0.00218018643002,0.0,0.818843561321,-0.573875342026,-0.0119608026163,0.0,-0.00854353382379,0.00865013802372,-0.99992608884,0.0,0.66150979599,0.260715712975,0.303329015443,1.0,-0.00296,-0.00389028571429,0.149
0.464936772321,0.54651465336,-0.123978942111,-1.35755464238,0.0795765859594,1.89475335487,0.158982538512,-0.00193236820383,-0.0133176746643,-0.00167870871401,-0.0265781863881,0.000216591085229,0.00279533468555,-0.0142822001836,0.573883070286,0.818922494924,0.00221717122113,0.0,0.818881180342,-0.573821745998,-0.0119567220881,0.0,-0.00851953164956,0.00867752723832,-0.999926056317,0.0,0.661475078363,0.260674482265,0.303348544358,1.0,-0.00322,-0.004232,0.162
0.464887428635,0.546154306882,-0.123973960034,-1.35813343752,0.0795601077876,1.89495837005,0.158925228151,-0.000577260480094,-0.0187386615932,0.000765321843372,-0.0266508915143,-0.00162707633437,0.00681075096634,-0.00959327023927,0.573901044658,0.81890989975,0.00221673937629,0.0,0.818868371999,-0.57383950855,-0.0119814301571,0.0,-0.00853982355262,0.00869154038695,-0.999925761514,0.0,0.661405261642,0.260591999237,0.303345836951,1.0,-0.00364,-0.004784,0.183
0.464844160357,0.545905569575,-0.12397118016,-1.35854715264,0.0795492077953,1.89510861618,0.15889523271,-0.00203069280084,-0.0188948458375,0.00105692554331,-0.0361761646446,-0.000580215978658,0.0105266632792,-0.00243425982579,0.573930235033,0.818889455344,0.00221181875591,0.0,0.818847715763,-0.573868565344,-0.0120014582545,0.0,-0.00855873913934,0.00869930998136,-0.999925532222,0.0,0.661358041038,0.26052757806,0.303337979718,1.0,-0.0039,-0.00512571428571,0.196
0.464766364972,0.545487556889,-0.123971413712,-1.35925939963,0.0794972904014,1.89534204755,0.158798698955,-0.00139648316197,-0.0281583177897,0.000923971489686,-0.0382221732129,-0.000486497714658,0.0075850779862,-0.000870532695332,0.573940951188,0.818882096337,0.00215493591963,0.0,0.818839638102,-0.573879541261,-0.0120277219971,0.0,-0.00861277838878,0.00866791603643,-0.999925340853,0.0,0.661275236718,0.260404363943,0.303315105107,1.0,-0.0043,-0.00565142857143,0.216
0.464716626076,0.545178367061,-0.123977206217,-1.35978977039,0.0794258079304,1.89551459056,0.158715303264,-0.00101977247248,-0.0296067997158,-0.00137863699966,-0.0453628243279,-0.0059988322802,0.0137290139252,-0.0101014776737,0.573927962342,0.818891367248,0.00209035657091,0.0,0.818848406129,-0.573867166433,-0.0120212300408,0.0,-0.00864466093841,0.00861117100019,-0.999925556015,0.0,0.661214198548,0.260309351687,0.303296587426,1.0,-0.00456,-0.00599314285714,0.229
0.464631444189,0.544680369867,-0.123978129691,-1.36060918488,0.0794037138692,1.89580413854,0.158628160384,-0.00347691100242,-0.0204903182064,-0.000883458880612,-0.0367130095424,0.000103134811832,0.013228655362,-0.000568650082723,0.573966836864,0.818864153509,0.00207730108275,0.0,0.818820749132,-0.573905820177,-0.0120597370851,0.0,-0.00868327839807,0.00862299239621,-0.999925119536,0.0,0.661120302587,0.26017783943,0.303284202429,1.0,-0.00496,-0.00651885714286,0.249
0.464569283971,0.544296495384,-0.123982856982,-1.36123830887,0.0793789795275,1.89602462119,0.158563662978,-0.0049052414117,-0.0304313682692,0.0001121369863,-0.0473766823999,-0.00723578648491,0.00758122817812,-0.000805752055278,0.573996704212,0.81884325683,0.0020618433633,0.0,0.818799528944,-0.573935629552,-0.0120818638065,0.0,-0.0087099550328,0.00862335240658,-0.999924884417,0.0,0.661048319834,0.260075325686,0.303275695991,1.0,-0.00524,-0.00688685714286,0.263
0.464479972115,0.543706587531,-0.123982831833,-1.3622109422,0.0793367089269,1.89636609416,0.158420383292,-0.00784932636684,-0.0310573636365,0.000494230894036,-0.0486770935779,-0.00464710899825,0.0202525680504,-0.00773066459289,0.573995403953,0.818844234411,0.00203541469857,0.0,0.818799966527,-0.573934252045,-0.0121175924254,0.0,-0.00875439502912,0.00862220585042,-0.999924506217,0.0,0.660933698169,0.25992492291,0.303259761937,1.0,-0.00564,-0.00741257142857,0.283
0.464417647229,0.543264847927,-0.123988178,-1.3629026899,0.0793028016438,1.89661492108,0.158351484091,-0.00223467534811,-0.0337595399691,0.000294936721487,-0.0503639077583,0.000142884410699,0.0254144546334,-0.000501254571376,0.5740232203,0.818824730626,0.00203714808006,0.0,0.81878042668,-0.573961999415,-0.0121236551313,0.0,-0.00875807168199,0.00862740263872,-0.999924429197,0.0,0.660854991709,0.259815720811,0.303264764963,1.0,-0.00592,-0.00778057142857,0.297
0.46432994785,0.542599033581,-0.123989669908,-1.36395913311,0.0792428715799,1.89698255173,0.15820771307,-0.00160867293987,-0.0320290918674,0.000980698125739,-0.0582376444845,-0.000817334335118,0.0153101744118,-0.000894606036753,0.574021029574,0.818826309768,0.00201963853249,0.0,0.81878170165,-0.57395981192,-0.0121410973291,0.0,-0.00878242765919,0.00862305428386,-0.999924253081,0.0,0.660728902285,0.259655490892,0.303264779383,1.0,-0.00632,-0.00830628571429,0.317
0.464270990585,0.542134288379,-0.123995182257,-1.36466960235,0.0792039262323,1.89725373673,0.15810453794,-0.00259680311811,-0.0352654090088,-0.000812051032766,-0.0573456137513,-1.53231306205e-05,0.0123467758289,-0.00662628728458,0.574017846428,0.818828485967,0.00204192349833,0.0,0.818784169811,-0.573956531755,-0.012129708282,0.0,-0.00876034400234,0.00863472990754,-0.999924346044,0.0,0.660650181265,0.259547211522,0.303278966855,1.0,-0.00658,-0.008648,0.33
0.464167830126,0.541405928297,-0.123990346314,-1.36581097956,0.0791420661003,1.89767273307,0.157963463061,-0.00423351668585,-0.0371898953227,0.000419066010891,-0.0612031102818,-0.00231174540424,0.0203400652716,-0.00644454315637,0.574030287016,0.818819740435,0.00205162463787,0.0,0.818775447775,-0.573968826256,-0.012136700872,0.0,-0.0087603703367,0.0086468202446,-0.999924241336,0.0,0.660518730635,0.259374366392,0.303286857403,1.0,-0.00698,-0.00917371428571,0.35
0.464101710036,0.540835495761,-0.124001314782,-1.36666206826,0.0790900915604,1.89798794769,0.15784562054,-0.00271747701347,-0.0383838089027,-0.000878575221464,-0.0589389051769,-0.000893953085854,0.0271217405103,-0.00741369923901,0.574028927695,0.818820625569,0.00207851231053,0.0,0.818776744682,-0.573967409243,-0.0121162038816,0.0,-0.00872816736014,0.00865705574042,-0.999924434385,0.0,0.660422707442,0.259243781307,0.303312676569,1.0,-0.00726,-0.00954171428571,0.364
0.463992742417,0.539984937104,-0.123996334127,-1.36797135255,0.0790081549367,1.89846474433,0.157692779939,-0.00307495251787,-0.0476844029663,-0.000123564137662,-0.0628246445649,-0.00464759861258,0.0293985153595,-0.00962665175038,0.574040092977,0.818812759933,0.00209349629369,0.0,0.818769057357,-0.573978490599,-0.0121107368226,0.0,-0.00871497179002,0.00866630533186,-0.999924469357,0.0,0.660269387358,0.25904955935,0.303331771413,1.0,-0.00766,-0.0100674285714,0.384
0.463915297647,0.539423573474,-0.123999444077,-1.3688480695,0.0789595725321,1.89880605484,0.157580642176,-0.00272510803135,-0.0476216408528,-0.000263123348917,-0.0650724077736,-0.00183301399702,0.0299511050955,-0.0123284797537,0.574049528764,0.818806086429,0.00211618870274,0.0,0.818762675432,-0.573987822093,-0.0120999301479,0.0,-0.00869299727296,0.0086787826169,-0.999924552419,0.0,0.660173024568,0.258915219225,0.303340825089,1.0,-0.00792,-0.0104091428571,0.397
0.463804601213,0.538524578317,-0.124005215708,-1.37023207817,0.0788765578221,1.89933937535,0.157411719722,-0.00451097927765,-0.0494914004571,-0.000105900491024,-0.0706862894055,-0.00648356854868,0.033960852985,-0.0125393945203,0.574060327734,0.818798413973,0.0021550632794,0.0,0.818755559267,-0.57399850154,-0.0120748209176,0.0,-0.0086500076627,0.00869631312485,-0.999924772923,0.0,0.660017431079,0.2587090668,0.303363559837,1.0,-0.00832,-0.0109348571429,0.417
0.463720798839,0.537938591455,-0.124006041857,-1.3711708691,0.0788218775846,1.89970353808,0.157287257013,-0.00858625147667,-0.0410927618362,-8.92572424329e-05,-0.0747650063998,-0.00134127997876,0.0266138598474,-0.0126547064214,0.574064954054,0.818795146305,0.0021642122983,0.0,0.818752410195,-0.574003087418,-0.0120703494368,0.0,-0.00864104535888,0.00870128615697,-0.99992480715,0.0,0.659913005563,0.258565389348,0.303362179691,1.0,-0.00858,-0.0112765714286,0.43
0.463577629688,0.536819334476,-0.124011613182,-1.37291113463,0.0787286679619,1.9003454704,0.157087561344,-0.0102978318714,-0.0490585396067,-0.00034160235878,-0.0752556318191,-0.00664801576536,0.0331650399096,-0.0129689734033,0.574093540032,0.818775044278,0.00218656401962,0.0,0.818732504654,-0.574031478529,-0.01207039279,0.0,-0.00862794592872,0.00871991344813,-0.999924757999,0.0,0.659710602801,0.258304273843,0.303379970769,1.0,-0.00904,-0.0118811428571,0.453
0.463506754241,0.536287850391,-0.124009427557,-1.37376089314,0.0786746747715,1.90066869065,0.15698696365,-0.004624221786,-0.0413232618901,0.000325603176192,-0.075205603464,-0.0103236008878,0.0252956962849,-0.00733962925337,0.574100046125,0.818770476679,0.00218871186417,0.0,0.818727980717,-0.574037990463,-0.0120675597276,0.0,-0.00862432391523,0.00872011413036,-0.999924787495,0.0,0.659612729746,0.258178085832,0.303378618028,1.0,-0.00926,-0.0121702857143,0.464
0.46335855522,0.535180685675,-0.124015415326,-1.37549460725,0.0785843749171,1.90128934508,0.156762227194,-0.00337242058805,-0.0526639411842,0.000407256304737,-0.0822881357683,-0.0058990330982,0.0294857661584,0.000103921111727,0.574112545312,0.818761707747,0.00219046660701,0.0,0.818719083793,-0.574050328013,-0.012084272527,0.0,-0.00863686782327,0.00873127737641,-0.999924581811,0.0,0.659407726318,0.257913099401,0.303388755581,1.0,-0.00968,-0.0127222857143,0.485
0.463253948695,0.534504653873,-0.124020142309,-1.37661032537,0.0785243568856,1.90169159221,0.156636003311,-0.00611435215655,-0.0544673875783,-0.000488289413435,-0.0823032438096,-0.0083709497024,0.0372635258769,-0.00891514035729,0.574143301883,0.818740220542,0.00216034043338,0.0,0.818697122344,-0.574081128296,-0.0121089595405,0.0,-0.00867404853353,0.00872111041744,-0.999924348696,0.0,0.65927780361,0.257735390425,0.303369691253,1.0,-0.00994,-0.013064,0.498
0.463088829506,0.533408696921,-0.124018693316,-1.37836493667,0.078420897864,1.90233859363,0.156401739417,-0.00886748313209,-0.0520006803556,-0.00572968126178,-0.0922799749201,-0.00860338062772,0.0265670533671,-0.0180795662308,0.574154044641,0.818732711421,0.00215108631931,0.0,0.818689431175,-0.574091848205,-0.0121207263773,0.0,-0.00868888133845,0.00872040360346,-0.99992422608,0.0,0.659075414562,0.257460652111,0.30336357303,1.0,-0.01034,-0.0135897142857,0.518
0.462987201114,0.532692273233,-0.124026112933,-1.37952515886,0.0783592551771,1.9027827698,0.156270055725,-0.00979888804832,-0.0537561353827,-0.000958723097227,-0.0896136805859,-0.0122562474878,0.0327938945514,-0.0201124803715,0.574180587266,0.818714082949,0.0021564992077,0.0,0.818670792972,-0.574118283177,-0.0121275124817,0.0,-0.0086910469667,0.00872901321579,-0.999924132137,0.0,0.658932429331,0.257270870314,0.303357054862,1.0,-0.01062,-0.0139577142857,0.532
0.462814621609,0.53142957405,-0.124022308825,-1.3815614479,0.0782451450621,1.90353087025,0.156011064733,-0.0107596939221,-0.0584645619071,0.00156796536476,-0.098264883692,-0.00241888014781,0.0329623999353,-0.00618956792669,0.574188828865,0.818708359173,0.00213502418957,0.0,0.818664688967,-0.574126517406,-0.0121497305136,0.0,-0.0087214798462,0.0087242764181,-0.9999239085,0.0,0.658701444655,0.256976860761,0.303340850066,1.0,-0.01104,-0.0145097142857,0.553
0.462721688347,0.530707711804,-0.124027599022,-1.38273172624,0.0781680542106,1.90393156241,0.155862735925,-0.00710662671032,-0.0577783520013,-0.00021573683585,-0.0982904106908,-0.00816728495035,0.0357220556757,-0.0139970124145,0.574190021967,0.818707638815,0.00208990903596,0.0,0.81866338723,-0.574127917152,-0.0121712799685,0.0,-0.00876501351622,0.00869972701959,-0.999923741736,0.0,0.658556546549,0.256797871527,0.303327396207,1.0,-0.01128,-0.0148251428571,0.565
0.46255764135,0.529488147463,-0.124031503844,-1.38464581523,0.0780505534216,1.90464115661,0.155605192464,-0.00306009848142,-0.0570147632222,9.9579449695e-05,-0.100381716585,-0.00115922213216,0.0334243551539,-0.00823618613253,0.57418326472,0.818712380888,0.00208873111047,0.0,0.818668116955,-0.57412116902,-0.0121714611006,0.0,-0.00876590992056,0.00869879431493,-0.999923741993,0.0,0.658317554909,0.256493194775,0.303330770374,1.0,-0.0117,-0.0153771428571,0.586
0.462445390104,0.528586239214,-0.124030900736,-1.38604860806,0.0779680152026,1.90517020846,0.155405554068,-0.00997230599331,-0.0645790732075,-0.000640167679679,-0.104506869564,-0.00904606774333,0.0434166538647,-0.0154237220822,0.574170686617,0.818721108149,0.00212522990937,0.0,0.818677303154,-0.57410841364,-0.012155228929,0.0,-0.00873179824086,0.00871922150297,-0.999923862539,0.0,0.658166783343,0.256299852254,0.303350356364,1.0,-0.01196,-0.0157188571429,0.599
0.462261521886,0.52713019011,-0.124031465878,-1.38829853215,0.0778274405665,1.9060331562,0.155094768003,-0.00429395514565,-0.0667619695936,-0.000137725927208,-0.110324632651,-0.00799182871786,0.0320452007416,-0.0117678041817,0.574151270275,0.818734579768,0.00218028316043,0.0,0.818691560457,-0.574088826777,-0.0121200127068,0.0,-0.00867156426316,0.00874386846079,-0.999924171494,0.0,0.657905281552,0.255966378023,0.303379219233,1.0,-0.0124,-0.0162971428571,0.621
0.46216421987,0.526378386845,-0.124037061979,-1.38945782966,0.0777492477611,1.90647199805,0.154927221253,-0.0101712963067,-0.0686812970321,-5.8479452575e-05,-0.103356576847,-0.00767677556041,0.040579731209,-0.0199859963052,0.57413927785,0.818742934133,0.00220098557995,0.0,0.818700286972,-0.574076849745,-0.0120978345169,0.0,-0.00864164803947,0.00874795792432,-0.999924394718,0.0,0.657771258262,0.25578850455,0.303394656577,1.0,-0.01262,-0.0165862857143,0.632
0.461972358892,0.524928285246,-0.124037180144,-1.39173657513,0.0776106984257,1.90728315327,0.154628108858,-0.00947505524684,-0.065794440437,-0.00167104355438,-0.108814265034,-0.0108139148412,0.050822269834,-0.0163369078866,0.574136809696,0.81874470379,0.00218647426812,0.0,0.818701786945,-0.574074363163,-0.0121143102685,0.0,-0.00866349534848,0.00874551021781,-0.999924227079,0.0,0.65749296451,0.255443466766,0.303400405181,1.0,-0.01304,-0.0171382857143,0.653
0.461852729172,0.524033705858,-0.124042881285,-1.39318754171,0.0775263275089,1.90780319419,0.154431457863,-0.00953231044703,-0.067899384,-0.000125457567285,-0.115556317925,-0.00509454509071,0.0447733954983,-0.0152010862171,0.574133020956,0.818747442143,0.00215572082567,0.0,0.818704059587,-0.574070643654,-0.0121369605469,0.0,-0.00869973685813,0.00873329535833,-0.999924019179,0.0,0.657315662578,0.255222667118,0.303384123404,1.0,-0.0133,-0.01748,0.666
0.461681905047,0.522664560055,-0.124041304066,-1.39533479905,0.0773900184943,1.90863253776,0.154139619189,-0.0145033519957,-0.0763026474243,0.00106349158197,-0.114771515859,-0.0110773507536,0.0478790166006,-0.0116532107917,0.57411145863,0.818762459318,0.002194352287,0.0,0.818719651831,-0.574048988015,-0.0121094163724,0.0,-0.00865523646036,0.00874888248021,-0.999924269101,0.0,0.657062514432,0.254908635013,0.303396322054,1.0,-0.01368,-0.0179794285714,0.685
0.461545948659,0.521660069491,-0.124046769003,-1.39695316161,0.0772923611356,1.90926763035,0.153926295812,-0.0123521132935,-0.0697979198211,0.000205673616946,-0.118211345912,-0.00160185919722,0.0515237628638,-0.00817085692904,0.574112559536,0.81876164896,0.00220863668321,0.0,0.818719075032,-0.574050075147,-0.0120968716378,0.0,-0.00863675279968,0.00875338745053,-0.999924389496,0.0,0.656875544932,0.254664495545,0.303387096277,1.0,-0.01396,-0.0183474285714,0.699
0.461338235989,0.520075540208,-0.124061193932,-1.39946305266,0.0771309955019,1.91018490913,0.153588048991,-0.0118402965534,-0.0789113977606,-0.00327322346453,-0.11809574539,-0.00549208328834,0.0418780727039,-0.0108151857547,0.574106216634,0.8187661389,0.00219287808972,0.0,0.818723446083,-0.574043888402,-0.0120946237424,0.0,-0.00864402654191,0.00873912764012,-0.999924451373,0.0,0.656572944803,0.254278746991,0.303385343599,1.0,-0.01438,-0.0188994285714,0.72
0.461211930706,0.519058209704,-0.124050975892,-1.4010441891,0.07703066954,1.91075348711,0.153371117573,-0.0127824893089,-0.0778333215482,0.00115363357495,-0.119530894568,-0.00277015274685,0.0385241110484,-0.0216156776075,0.57408166763,0.818783338846,0.00219768536099,0.0,0.818740647701,-0.574019260199,-0.0120990753167,0.0,-0.00864517400605,0.00874536004575,-0.999924386963,0.0,0.656374796668,0.254049861896,0.303395939548,1.0,-0.01464,-0.0192411428571,0.733
0.461013233082,0.517468741421,-0.124065475601,-1.40353550377,0.0768697913507,1.91165022822,0.153035804879,-0.0102849895334,-0.0769909358085,-0.00365100308928,-0.129792064537,-0.00930279978488,0.0471001473303,-0.0111767143239,0.57406866547,0.818792488188,0.00218529491534,0.0,0.818749708048,-0.574006386368,-0.0120967301839,0.0,-0.00865050511774,0.00873373147856,-0.999924442493,0.0,0.656068546303,0.253671077061,0.303403763216,1.0,-0.01504,-0.0197668571429,0.753
0.460862570076,0.51643969485,-0.124059669642,-1.40516525976,0.0767711346326,1.91225787552,0.152794383634,-0.0127789167456,-0.0799637209191,0.000452816544052,-0.126927488893,-0.0077856589824,0.0501241495975,-0.0189356346664,0.574049907866,0.818805620468,0.00219227520954,0.0,0.818762874898,-0.57398754412,-0.0120996192284,0.0,-0.00864906408746,0.00874090714595,-0.999924392258,0.0,0.655872958768,0.253420996509,0.303402398848,1.0,-0.0153,-0.0201085714286,0.766
0.460638485875,0.51473372088,-0.124074071729,-1.40790124346,0.0766036177812,1.91327693692,0.152426159375,-0.0100136738576,-0.0879734714869,-0.00106038119303,-0.134804221858,-0.0127013109038,0.0463691468511,-0.0172233148059,0.574041409299,0.818811619081,0.00217710108329,0.0,0.81876870466,-0.573979141357,-0.0121037373467,0.0,-0.008661236919,0.00873075677227,-0.999924375571,0.0,0.655541066835,0.253005418404,0.303385166109,1.0,-0.01572,-0.0206605714286,0.787
0.460493651184,0.513648694329,-0.12407174689,-1.40963332742,0.076500114321,1.91386715207,0.152190312434,-0.00977021230417,-0.0834052434464,-0.00114203432722,-0.131563195316,-0.0080895169869,0.0497455749923,-0.0209279512153,0.574028117679,0.818821056392,0.00213181243887,0.0,0.818777400796,-0.573965897636,-0.0121434426173,0.0,-0.0087198867569,0.00871632517171,-0.999923991737,0.0,0.655317449742,0.252743914296,0.303372296613,1.0,-0.01598,-0.0210022857143,0.8
0.460218536592,0.5116654667,-0.124074838287,-1.41286743875,0.0763001822103,1.91503623431,0.151741346559,-0.0118465611979,-0.0850514030829,-0.000756311849416,-0.135099742872,-0.0117958804042,0.045665433926,-0.0167860781888,0.574003483881,0.818838512553,0.00205858032492,0.0,0.818793807281,-0.573941498838,-0.0121903228592,0.0,-0.00880057059866,0.00868300778746,-0.999923574746,0.0,0.654914030869,0.252251186398,0.3033237587,1.0,-0.01646,-0.0216331428571,0.824
0.460112989815,0.51089321511,-0.124072414152,-1.41406861228,0.0762302505624,1.91549704734,0.151572765814,-0.0212590680025,-0.0880555373175,0.00054951145518,-0.127754269062,-0.00914747424791,0.0470800923608,-0.0139380705667,0.573994187464,0.818844956221,0.00208742204577,0.0,0.818800593365,-0.573932040882,-0.012179805212,0.0,-0.00877550262633,0.00870048731716,-0.999923643122,0.0,0.654769815893,0.25207103288,0.303332629427,1.0,-0.01664,-0.0218697142857,0.833
0.459849061637,0.508956733218,-0.124077904685,-1.41714553966,0.0760354417647,1.91663643493,0.151145398295,-0.0123086847668,-0.0876354951796,0.000259593431641,-0.139761806523,-0.0106060119411,0.0607749527267,-0.028314855402,0.573972004651,0.818860523789,0.00208023031229,0.0,0.818816091377,-0.573909917128,-0.0121804115778,0.0,-0.00878036244764,0.00869470870436,-0.999923650723,0.0,0.654391801839,0.251601246833,0.303322390277,1.0,-0.01708,-0.022448,0.855
0.459703841061,0.507891380798,-0.12408620841,-1.41881561404,0.0759261070397,1.91723202165,0.150908338265,-0.00961669729168,-0.0925756894517,-0.00632906381731,-0.139188518324,-0.0118536968536,0.0500069250653,-0.0216785962922,0.573959712356,0.818869172437,0.00206734780368,0.0,0.818824608371,-0.573897720105,-0.012182548444,0.0,-0.00878963639903,0.00868525447444,-0.999923651409,0.0,0.654183637144,0.251340014706,0.303324621669,1.0,-0.01732,-0.0227634285714,0.867
0.459408938636,0.505782680116,-0.124091117344,-1.42211522143,0.0757238697722,1.91845364189,0.15046218704,-0.00499416209732,-0.0883272088313,-0.00332889528446,-0.137914859052,-0.00609070795531,0.0492592555308,-0.0220463743933,0.57395554863,0.8188720293,0.00209158493327,0.0,0.818827751008,-0.573893418478,-0.0121739602295,0.0,-0.00876873751572,0.00870012731388,-0.999923705603,0.0,0.65377869308,0.250830738377,0.303334521447,1.0,-0.01778,-0.023368,0.89
0.459253372442,0.504721538582,-0.124098899868,-1.42372083389,0.0756206719519,1.91908223652,0.150234205344,-0.0165930883671,-0.0967475280744,-0.00319058834134,-0.151302933012,-0.00497949502477,0.0585689817075,-0.0174404855122,0.573956882187,0.818870922574,0.00215788205799,0.0,0.818827632995,-0.573894583278,-0.0121268969348,0.0,-0.008692133807,0.00872741744293,-0.99992413662,0.0,0.653593222366,0.250573903397,0.30336651424,1.0,-0.018,-0.0236571428571,0.901
0.458975396084,0.502655965242,-0.124101671514,-1.4267735095,0.075427467841,1.92022708634,0.149814054738,-0.0137816241817,-0.101420955616,0.00189455237792,-0.143821302787,-0.008676317061,0.0508893744936,-0.0211049847732,0.573946997092,0.818877492271,0.00228999600076,0.0,0.818836007375,-0.573884217766,-0.0120517436917,0.0,-0.00855487379601,0.00879236256398,-0.999924751416,0.0,0.653223225766,0.250102145315,0.303455367378,1.0,-0.01842,-0.0242091428571,0.922
0.458787927872,0.501345621356,-0.124113489809,-1.42874070675,0.0753008422393,1.92092127547,0.149522397544,-0.0159417060584,-0.107567056353,1.02463134137e-05,-0.156699994887,-0.0120511885641,0.0574249524497,-0.0280785631315,0.573936300011,0.818884908985,0.00231867813267,0.0,0.818843832568,-0.573873438,-0.0120333671686,0.0,-0.00852347909045,0.0088051910453,-0.999924906638,0.0,0.652979111459,0.249783408034,0.303494184771,1.0,-0.01868,-0.0245508571429,0.935
0.458511311414,0.499331294456,-0.124113974597,-1.43180022994,0.07510952873,1.92202477502,0.149098341306,-0.00958169693095,-0.0948235754334,0.000170150258571,-0.152657488053,-0.0100141704243,0.0580384595995,-0.0191091678209,0.57392003234,0.818896167072,0.00236874123748,0.0,0.818855695216,-0.573856915939,-0.0120140477091,0.0,-0.00847910232781,0.00883493000234,-0.999925021607,0.0,0.652594184873,0.249310214355,0.303538863565,1.0,-0.01908,-0.0250765714286,0.955
0.458308580909,0.498056422922,-0.124114567373,-1.43382040922,0.074983532689,1.92278327032,0.148798431406,-0.0138525054754,-0.103315266627,0.000934814188142,-0.154952382525,-0.009869503256,0.060276070973,-0.0231836995021,0.573909665103,0.818903406446,0.00237783829183,0.0,0.818863046226,-0.573846505524,-0.0120102674607,0.0,-0.00847089783248,0.00884010268263,-0.999925045428,0.0,0.652348695892,0.248985899217,0.303532099647,1.0,-0.01934,-0.0254182857143,0.968
0.458006381328,0.496094009162,-0.124114567389,-1.43697308465,0.0747890250653,1.92389136297,0.14833893423,-0.016803665983,-0.0976444630355,0.000292431379277,-0.160473474711,-0.0177478431143,0.0490499447096,-0.0197032091892,0.573884596698,0.818921193358,0.00230122665201,0.0,0.81887961971,-0.573821536406,-0.0120730973916,0.0,-0.00856658684368,0.00881316191378,-0.999924468031,0.0,0.65192249334,0.248459026552,0.303493325478,1.0,-0.01976,-0.0259702857143,0.989
0.457782706546,0.494702978718,-0.124124493624,-1.43924198965,0.0746447249526,1.92466879495,0.148011194848,-0.0162814494525,-0.10043505838,-0.00187647151983,-0.16292772978,-0.0127389230445,0.060180868695,-0.0242126583402,0.573884815445,0.81892126471,0.0022198443748,0.0,0.818878582786,-0.573822054635,-0.0121187116003,0.0,-0.00865064152193,0.00877269648742,-0.999924100218,0.0,0.651651847239,0.248112019036,0.303452170699,1.0,-0.0208942857143,-0.0274610612245,1.002
0.457465794424,0.492389413538,-0.124199096012,-1.44267905163,0.0744549778431,1.92592989579,0.147520072355,-0.0217666730031,-0.168361553164,-0.0036338782939,-0.243776942212,-0.00961032469484,0.0903599354998,-0.0412542373387,0.573917553606,0.818897999817,0.00233547848099,0.0,0.818856935235,-0.573854409854,-0.0120491829757,0.0,-0.00852699138379,0.0088278303307,-0.999924677078,0.0,0.651235460675,0.247539722927,0.303538190873,1.0,-0.0364371428571,-0.0478888163265,1.019
0.457079562919,0.489144850781,-0.124246101796,-1.44777050201,0.0742023036528,1.92791848642,0.146752291939,-0.029835101623,-0.223752161223,-0.00251179525228,-0.359369792097,-0.0194446615365,0.138328620934,-0.0531394060163,0.573827221374,0.818960892719,0.00247449145242,0.0,0.818921380829,-0.573763246005,-0.0120106808964,0.0,-0.00841666774803,0.00891864131412,-0.999924805943,0.0,0.650597890644,0.246793691206,0.303545361884,1.0,-0.0510657142857,-0.0671149387755,1.035
0.456209657171,0.483097624577,-0.124368641649,-1.45732150404,0.0736580636509,1.93148827824,0.145286358849,-0.04974956879,-0.32927480312,-0.00911227532286,-0.520837355326,-0.033198290228,0.183918295358,-0.0750669943033,0.573754709745,0.819011535758,0.00252670567522,0.0,0.818972672214,-0.573690499257,-0.0119883330539,0.0,-0.00836919715836,0.00894783772402,-0.999924943553,0.0,0.649403893132,0.245258352768,0.303512123285,1.0,-0.0702657142857,-0.0923492244898,1.056
0.455475418238,0.478355014846,-0.124498756685,-1.46494089388,0.0732032859246,1.93409270261,0.144141135752,-0.0573449005672,-0.390096270674,-0.0125614832602,-0.628758442131,-0.0401033846814,0.212532613316,-0.0835912916712,0.573765135313,0.819004939606,0.00228589166762,0.0,0.818962760102,-0.57370173932,-0.0121267789909,0.0,-0.00862063784347,0.00883015314588,-0.9999238536,0.0,0.648326108392,0.243863088681,0.303407804861,1.0,-0.0830657142857,-0.109172081633,1.07
0.454081572613,0.469498946591,-0.124688903161,-1.47873399489,0.0723845436236,1.9389523322,0.142125451583,-0.0731056528176,-0.480099692554,-0.0124470714295,-0.719712486123,-0.0372571023259,0.264936397576,-0.109295174417,0.573832588889,0.818957878751,0.002213518187,0.0,0.818914461436,-0.57376920165,-0.0121965155181,0.0,-0.00871855177302,0.00881160977997,-0.999923168242,0.0,0.646618251269,0.241637565149,0.303389637332,1.0,-0.100437142857,-0.132003102041,1.089
0.452838334726,0.461724555958,-0.124797020569,-1.49060999351,0.0716519336156,1.94336763233,0.140177355338,-0.0832696530323,-0.528517374342,-0.00767877414056,-0.806655105755,-0.0537486066235,0.299379966731,-0.134541037777,0.573697202834,0.819051990698,0.00247040389005,0.0,0.819012101301,-0.573632918077,-0.0120499013124,0.0,-0.00845255340323,0.00893645741291,-0.999924344173,0.0,0.645100982198,0.239650846003,0.30348390885,1.0,-0.114151428571,-0.150027591837,1.104
0.450780275201,0.449914163995,-0.125002268782,-1.50880025219,0.0704656172812,1.94974204619,0.13736144959,-0.107143537479,-0.626509759473,-0.0114229934914,-0.946589509535,-0.0728148377897,0.351917676498,-0.150299876188,0.57374125234,0.819021264642,0.00242699987463,0.0,0.818980959393,-0.573677299049,-0.0120536968653,0.0,-0.00848008258525,0.00890354124137,-0.999924404719,0.0,0.642696523144,0.23645650831,0.303501332636,1.0,-0.132437142857,-0.174060244898,1.124
0.449258636579,0.441359420472,-0.12511597218,-1.52189879297,0.069583305757,1.95435292656,0.135339003756,-0.113017617453,-0.672335053675,-0.00597562460988,-1.03604283308,-0.062375998012,0.350893333142,-0.168491824166,0.573761256381,0.819007177239,0.0024517764001,0.0,0.818967380806,-0.573697394247,-0.012019813307,0.0,-0.00843789809116,0.00890459952231,-0.99992475216,0.0,0.640937229792,0.234154934938,0.303528196885,1.0,-0.144322857143,-0.189681469388,1.137
0.446586828881,0.426779175828,-0.125306248987,-1.54395580362,0.0681177048899,1.96197554815,0.131744231824,-0.136524803137,-0.755305391331,-0.0110707649164,-1.15031628999,-0.0780797787423,0.40019766248,-0.185546275938,0.573705312759,0.819046053044,0.00255421335578,0.0,0.819007395043,-0.573640834852,-0.0119927626501,0.0,-0.00835758474124,0.00897240402048,-0.999924820546,0.0,0.637905626414,0.230219636123,0.303639291871,1.0,-0.162608571429,-0.213714122449,1.157
0.444592809837,0.416564692118,-0.125439389375,-1.55926306515,0.0670339610358,1.96728965253,0.129177163505,-0.157007696155,-0.803776705314,-0.0102232659306,-1.18477958891,-0.0901912094475,0.435647088194,-0.188055235517,0.573680094277,0.819063259118,0.00269701594179,0.0,0.819026871455,-0.573615511458,-0.0118733209137,0.0,-0.0081781081992,0.00902059006453,-0.999925871003,0.0,0.635793194462,0.22740224897,0.303752551663,1.0,-0.174494285714,-0.229335346939,1.17
0.440783162131,0.397786441089,-0.125663608992,-1.58719483891,0.0651150467842,1.97697494774,0.124460625741,-0.191627147117,-0.918184598542,-0.0126489937162,-1.30029272281,-0.085348532851,0.463403505647,-0.224875111181,0.573706403129,0.819043338399,0.00311764891121,0.0,0.819012460978,-0.573640375212,-0.0116642869422,0.0,-0.00776529673196,0.00924544741739,-0.999927108278,0.0,0.631862010734,0.222199915062,0.303984688051,1.0,-0.194608571429,-0.255771265306,1.192
0.438448025895,0.386990808093,-0.125796415561,-1.60346978428,0.0639215256562,1.98251336024,0.121642550825,-0.196486217612,-0.914578081416,-0.0131777479201,-1.39529867747,-0.11053914987,0.472097365563,-0.238861789757,0.573708110107,0.819042139762,0.0031184279376,0.0,0.819011486224,-0.573642334085,-0.0116363602911,0.0,-0.00774195620773,0.00923008027866,-0.999927431233,0.0,0.629510440283,0.219092014254,0.303973704475,1.0,-0.20558,-0.270190857143,1.204
0.433921561807,0.366834566464,-0.126021368938,-1.63342492349,0.0616725543516,1.99241123023,0.116262657561,-0.228734889298,-0.97281841903,-0.00634887139592,-1.44831676351,-0.10505730351,0.469325067528,-0.256403402198,0.573640088718,0.819089737021,0.00313021156308,0.0,0.819059407079,-0.573574487244,-0.0116078490936,0.0,-0.00771260906085,0.009222734377,-0.999927725804,0.0,0.625267871411,0.213538869006,0.304038492023,1.0,-0.223865714286,-0.294223510204,1.224
0.43105362738,0.354670523268,-0.126174422024,-1.65132754111,0.060265081681,1.99830616441,0.112972224513,-0.240260508032,-0.997529900368,-0.00920334955985,-1.48679771392,-0.118826929341,0.466199658356,-0.275954795288,0.573646398772,0.819085093984,0.00318824249348,0.0,0.81905590463,-0.573581080273,-0.0115289351438,0.0,-0.00761460995704,0.00922505857755,-0.999928455445,0.0,0.622346464075,0.209669974681,0.304105008717,1.0,-0.235751428571,-0.309844734694,1.237
0.42543343019,0.332387436393,-0.126479986275,-1.68418217925,0.0577546549131,2.00892860824,0.106713634447,-0.282913911557,-1.09241021382,-0.0139875978282,-1.5879976986,-0.132265933542,0.511460350745,-0.310065780466,0.573726092056,0.819029336121,0.00317250190733,0.0,0.818999605038,-0.573660404187,-0.0115816456921,0.0,-0.0076659164486,0.00924314809084,-0.99992789637,0.0,0.617262722441,0.202908927802,0.304084835343,1.0,-0.254951428571,-0.335079020408,1.258
0.421746371406,0.317908992163,-0.126590139576,-1.70512223508,0.0560770213628,2.01559778047,0.102596578973,-0.290274289459,-1.11542131278,-0.00778896997549,-1.60935417886,-0.12632504996,0.506170975781,-0.313454748577,0.573617879897,0.819104597167,0.00330660915241,0.0,0.819076509615,-0.573551672981,-0.0115280839508,0.0,-0.0075463406398,0.0093212604215,-0.999928080837,0.0,0.613911728908,0.198611937482,0.304171621597,1.0,-0.266837142857,-0.350700244898,1.271
0.415451779401,0.294764285775,-0.126848998241,-1.7387293596,0.053220852113,2.02593656345,0.0957009328474,-0.330651512163,-1.18129241747,-0.0104409397523,-1.71469388358,-0.15524043846,0.496177881567,-0.35630274397,0.573443073421,0.819227868675,0.00308019996671,0.0,0.819196986563,-0.573377775413,-0.011617692049,0.0,-0.0077515681332,0.00918555241574,-0.9999277668,0.0,0.608381551951,0.191463863573,0.30410763735,1.0,-0.285122857143,-0.374732897959,1.291
0.410613770668,0.277841176459,-0.127027037439,-1.76285838982,0.0512549458092,2.03331929232,0.0906123285914,-0.350451883972,-1.20562169401,-0.0141699631676,-1.74520184108,-0.141831925853,0.515855662828,-0.36828840748,0.573430317741,0.819236270825,0.00321716670725,0.0,0.819206503756,-0.57336378248,-0.0116371837543,0.0,-0.00768914418947,0.00930881709165,-0.999927108836,0.0,0.604334498663,0.186217447849,0.304163308975,1.0,-0.297922857143,-0.391555755102,1.305
0.402967509231,0.252827992501,-0.127418799858,-1.79800770107,0.0481450981195,2.04389372233,0.0828245582704,-0.401294112835,-1.28508279256,-0.0219460680435,-1.77653881699,-0.15828894178,0.541767894254,-0.393926195593,0.573516821572,0.819174729123,0.00345910989082,0.0,0.819148785738,-0.573450389367,-0.0114308643543,0.0,-0.00738038939271,0.00938949943607,-0.999928681033,0.0,0.598353779199,0.178197499849,0.304317155549,1.0,-0.316208571429,-0.415588408163,1.325
0.397579597241,0.236055709257,-0.127665045444,-1.82145363315,0.0460180654281,2.05068000111,0.0773986094203,-0.41928530793,-1.30176555863,-0.011207395608,-1.7767403251,-0.153200225009,0.513534661065,-0.422449937599,0.573527179109,0.819167369177,0.00348468079006,0.0,0.819141789959,-0.573460715195,-0.0114141566695,0.0,-0.00735191869946,0.00940095773394,-0.999928783107,0.0,0.59422699269,0.172738592142,0.304355155165,1.0,-0.328094285714,-0.431209632653,1.338
0.388709731352,0.209338612623,-0.127989982516,-1.85836279979,0.0425887415817,2.06122966176,0.0684900361499,-0.45473586484,-1.35780254283,-0.0202161561218,-1.86135812698,-0.186644846159,0.523562842308,-0.448848460314,0.573378905585,0.819270277772,0.00368639271124,0.0,0.81924736984,-0.573311995872,-0.0113070464941,0.0,-0.00715021162291,0.00950347244838,-0.999929276742,0.0,0.587549101489,0.164068898599,0.304435330821,1.0,-0.34638,-0.455242285714,1.358
0.381897470083,0.190134692831,-0.128283524114,-1.88469159375,0.0400319376005,2.06837343599,0.0617995978648,-0.493766986762,-1.4050235858,-0.0250704804202,-1.90672969646,-0.188629416636,0.522274287673,-0.487574277245,0.57332401007,0.819308975883,0.0036233157475,0.0,0.819285157816,-0.573257149718,-0.0113497745147,0.0,-0.0072220195225,0.00947580949088,-0.999929023215,0.0,0.582637756635,0.157638139376,0.304425613737,1.0,-0.35918,-0.472065142857,1.372
0.371196080877,0.161878945119,-0.128874410035,-1.92288829606,0.036245371124,2.07828117042,0.0516375285882,-0.548834317174,-1.44620069916,-0.0247645904875,-1.9277816208,-0.201017053618,0.473069173891,-0.532718707719,0.57352702763,0.819167372015,0.00350886100292,0.0,0.819141569212,-0.573459807836,-0.0114754209662,0.0,-0.00738824192575,0.00945590004101,-0.999927997326,0.0,0.575330244301,0.147888090092,0.304421736939,1.0,-0.377465714286,-0.496097795918,1.392
0.363809074727,0.143091163836,-0.12917312233,-1.94798059098,0.0336014967824,2.0846604103,0.0446192643121,-0.581010084849,-1.44809369519,-0.027131501281,-1.93467434171,-0.20667403835,0.461501779347,-0.546014694558,0.573461551355,0.819213351301,0.00347578302161,0.0,0.819187314285,-0.573394684631,-0.0114641463948,0.0,-0.00739872872682,0.00942174593284,-0.999928242184,0.0,0.57038676935,0.141429166063,0.304413952857,1.0,-0.389351428571,-0.511719020408,1.405
