position_joint1,position_joint2,position_joint3,position_joint4,position_joint5,position_joint6,position_joint7,velocity_joint1,velocity_joint2,velocity_joint3,velocity_joint4,velocity_joint5,velocity_joint6,velocity_joint7,ee_T_00,ee_T_10,ee_T_20,ee_T_30,ee_T_01,ee_T_11,ee_T_21,ee_T_31,ee_T_02,ee_T_12,ee_T_22,ee_T_32,ee_T_03,ee_T_13,ee_T_23,ee_T_33,v_x,v_y,time
0.465063527851,0.547777080452,-0.123976465683,-1.35585427746,0.0796044954284,1.89410431019,0.159152444246,2.2650141421e-05,0.000386833802015,0.000211491174175,0.000644117694785,0.000186518203675,0.000306107534321,-0.00147725418484,0.573828993266,0.818960961846,0.00199408123739,0.0,0.818917349465,-0.573769215343,-0.0120003821057,0.0,-0.00868386923627,0.00851931892734,-0.999926003072,0.0,0.661667073315,0.260905449237,0.303207283469,1.0,0.0,0.0,0.0
0.465064030088,0.547777053961,-0.123978261053,-1.35585427736,0.0796021270269,1.89410266918,0.159156803929,0.00111910507867,-0.00143235151068,0.00514677595186,0.000190873401168,0.000342300018685,-0.000219455195485,0.000521527192869,0.573832767312,0.818958325002,0.00199097198519,0.0,0.818914701056,-0.573773030551,-0.011998696087,0.0,-0.00868423321837,0.00851584516424,-0.999926029501,0.0,0.661667160814,0.260904247244,0.303207214756,1.0,-0.0002,-0.000262857142857,0.011
0.46506060148,0.547775319696,-0.123976465795,-1.35585510644,0.079604455447,1.89409999833,0.159156844291,-0.000402734762138,-0.00115246681112,0.00100047080406,0.000255720653758,0.000322987343569,-0.00433538912422,-0.000688761132565,0.573834994377,0.818956763532,0.00199138027631,0.0,0.81891311002,-0.57377522139,-0.012002518835,0.0,-0.00868710657412,0.00851839674901,-0.999925982809,0.0,0.661666835252,0.26090313769,0.303207761682,1.0,-0.00046,-0.000604571428571,0.024
0.465056995683,0.547766794955,-0.123979299046,-1.35587572367,0.0796052667628,1.89410731638,0.159154194744,0.000921666547617,-0.000113233039479,0.000332275042302,-0.00167654311136,0.00031324205418,-0.000423504477333,-0.00672877250229,0.573839134179,0.818953871939,0.00198761717451,0.0,0.818910163989,-0.573779371431,-0.0120051296453,0.0,-0.00869136100876,0.0085168570836,-0.999925958954,0.0,0.661665338719,0.260897404215,0.303204718964,1.0,-0.00088,-0.00115657142857,0.045
0.465056377545,0.547706703157,-0.12397715597,-1.35592507907,0.0796022044737,1.89411551726,0.159158766554,0.000720560032165,-0.00796309996603,0.00216989625244,-0.00678082522253,0.000265162247951,0.00286646004513,0.000750346666424,0.573843720912,0.818950614893,0.00200530242748,0.0,0.818907117557,-0.573783862804,-0.0119982707711,0.0,-0.00867554808388,0.00852745295439,-0.999926005968,0.0,0.661657092888,0.260893231167,0.303224433108,1.0,-0.00114,-0.00149828571429,0.058
0.46504924585,0.547540910579,-0.123979644448,-1.35613271927,0.0795988682131,1.89415335836,0.159153969805,-0.00180994253021,-0.00894048084873,0.00103219489911,-0.0090139294026,0.000110843918898,0.00271016627089,0.000333053455941,0.573857794426,0.818940745392,0.00200853551636,0.0,0.818897168111,-0.573797800788,-0.0120107773513,0.0,-0.00868378888458,0.00853742661849,-0.99992584933,0.0,0.661624036067,0.260866631113,0.303246413858,1.0,-0.00156,-0.00205028571429,0.079
0.465035487211,0.547424766766,-0.12398216764,-1.35629685292,0.0795966072109,1.89421085572,0.159144331195,-0.000822452210254,-0.0140983260331,0.000724480859682,-0.0138775007356,0.00539178925142,0.00305328644745,0.00138318096013,0.573867913799,0.818933634106,0.0020167657666,0.0,0.818890089227,-0.57380781014,-0.0120152273764,0.0,-0.00868260503895,0.00854682751981,-0.9999257793,0.0,0.661605193105,0.260847918582,0.303252175758,1.0,-0.0018,-0.00236571428571,0.091
0.465011889005,0.54720688781,-0.123979526885,-1.35655918273,0.0795952522846,1.89435053239,0.159136422282,0.000113748552083,-0.0175185479035,0.00152541127594,-0.0204938982528,0.00077934000923,0.00578616982224,-0.000655665867308,0.573897039916,0.818912989798,0.00210941131864,0.0,0.818870593986,-0.573836484291,-0.0119744103509,0.0,-0.00859570850057,0.00859957912315,-0.999926077785,0.0,0.661584326224,0.260808570342,0.303297150801,1.0,-0.00222,-0.00291771428571,0.112
0.464994830318,0.547048716947,-0.123978182455,-1.35674509755,0.0795915443374,1.89445112705,0.159127253687,-0.00137181772823,-0.0147526171942,0.000370508078827,-0.0139059800746,-0.000128485933297,0.00477739026834,0.000971585435131,0.573912140612,0.818902234177,0.00217545852711,0.0,0.818860677926,-0.573851289547,-0.0119429699937,0.0,-0.00853189939493,0.00863577918417,-0.99992631229,0.0,0.661570282652,0.260784313424,0.303329379466,1.0,-0.00248,-0.00325942857143,0.125
0.464953427267,0.546770246026,-0.123980382456,-1.3571579324,0.0795842511925,1.89461756956,0.159101965742,-0.000807643842768,-0.013004814893,0.000622266623854,-0.0164828619081,0.000157047250219,0.0112832232573,0.00257159798875,0.573948131704,0.818876913444,0.00221125393224,0.0,0.818835699972,-0.573887004783,-0.0119393925222,0.0,-0.00850804680721,0.00866341249072,-0.999926276494,0.0,0.661527839838,0.260720425483,0.303344626109,1.0,-0.0029,-0.00381142857143,0.146
0.464928794277,0.546569010791,-0.123980264924,-1.35746799027,0.0795781779445,1.89472366131,0.159036156735,-0.00489300748259,-0.0128980024681,0.000356940016964,-0.0287556140647,-4.28726976648e-05,0.00256845994539,-0.00983630266094,0.573930019502,0.818889593686,0.00221652183058,0.0,0.818848318951,-0.573868741126,-0.0119517952914,0.0,-0.00851537214469,0.00867465629357,-0.999926116658,0.0,0.661489901332,0.26067625398,0.303348761511,1.0,-0.00316,-0.00415314285714,0.159
0.464886331702,0.546215754689,-0.123980352596,-1.35800612554,0.0795627701787,1.8949233523,0.158933138481,-0.00485418958291,-0.0179314406648,0.000743794184615,-0.0325122334021,-0.00431617612736,0.00596211860896,-0.000869587621177,0.573906516262,0.818906004888,0.00223889508637,0.0,0.818864865987,-0.57384499074,-0.0119584595786,0.0,-0.00850823943797,0.00869655783715,-0.999925987133,0.0,0.661427491245,0.260599937557,0.303360097275,1.0,-0.00356,-0.00467885714286,0.179
0.464854392409,0.545977159876,-0.123980352524,-1.35840324499,0.07955387975,1.89506262681,0.158913088908,-0.00101051649625,-0.023926403533,0.000230244068077,-0.032637831105,-0.000185099264462,0.0179454876249,0.000312229262313,0.573936092132,0.818885300627,0.00223012681004,0.0,0.818843898434,-0.573874446593,-0.0119806697356,0.0,-0.00853114580024,0.00870243204912,-0.999925740857,0.0,0.661379207379,0.260542816332,0.303352103125,1.0,-0.00382,-0.00502057142857,0.192
0.464777484663,0.545557253289,-0.123981096583,-1.35913132608,0.0795120456973,1.89530875423,0.158805451732,-0.00555669148068,-0.0163830143585,-0.000475858977521,-0.0386298176359,-0.00723606806676,0.00925921934496,-0.000316896369575,0.573940986005,0.81888201163,0.00217773142328,0.0,0.818839860449,-0.573879490261,-0.0120150114311,0.0,-0.00858928670174,0.00867928790556,-0.999925444278,0.0,0.661294687005,0.260420531273,0.303324177889,1.0,-0.00424,-0.00557257142857,0.213
0.464733273984,0.545253044632,-0.123980589935,-1.35965131289,0.0794516823452,1.89546603073,0.158738480307,-0.00238506436917,-0.0174962458559,-0.000559804101357,-0.0390491394508,-0.00411529954058,0.00554436574118,-0.00620764987485,0.573934816126,0.818886506993,0.00211244051697,0.0,0.818843700512,-0.57387379286,-0.0120254273049,0.0,-0.00863535216645,0.00863173620679,-0.999925459133,0.0,0.661229362775,0.260334751194,0.303305567396,1.0,-0.0045,-0.00591428571429,0.226
0.464645035803,0.544714712091,-0.123988552782,-1.36052222313,0.0794139525824,1.89577194949,0.158633465286,-0.00454298699788,-0.0234383765871,-0.0018832103035,-0.0444299838844,-0.00104249783087,0.0183170627838,-0.00864850026433,0.573965177436,0.818865270005,0.00209560758407,0.0,0.818822116792,-0.573904094903,-0.012048975332,0.0,-0.00866397647314,0.008631788291,-0.999925211075,0.0,0.66113126129,0.260190136393,0.303298851619,1.0,-0.00492,-0.00646628571429,0.247
0.464594215418,0.544375775729,-0.123988552788,-1.36109288372,0.079395086809,1.895980196,0.158555333232,-0.00478377350488,-0.0334100165143,-0.00319759539214,-0.0452648329843,-0.000192633235704,0.0231906683715,-0.0113212884576,0.573969673518,0.818862149766,0.00208337801474,0.0,0.818818680557,-0.573908487185,-0.0120732601138,0.0,-0.00869083473227,0.00863576026807,-0.999924943701,0.0,0.661064751175,0.260104324245,0.303285165776,1.0,-0.00518,-0.006808,0.26
0.464504420385,0.54379042269,-0.123983962777,-1.36205372786,0.0793524667209,1.89632161295,0.158459589819,-0.00713632825184,-0.0305811895772,0.000245082882238,-0.043726895274,0.000340961812655,0.0262550017157,-0.00449010974423,0.57400378344,0.818838291565,0.00206295030067,0.0,0.818794359498,-0.573942486666,-0.0121064344177,0.0,-0.0087293653174,0.00863843754651,-0.999924584945,0.0,0.660951838877,0.259957523032,0.303271473327,1.0,-0.00558,-0.00733371428571,0.28
0.464443964767,0.543399450444,-0.123989506503,-1.36270221292,0.0793185566624,1.89653665857,0.15835182234,-0.00916412896625,-0.0278640915808,0.000346268282943,-0.0510846060705,-0.00248509436211,0.0192269033651,-0.0117992244618,0.573995896074,0.81884390616,0.00202867813138,0.0,0.818799455437,-0.573934680359,-0.012131832439,0.0,-0.00876991717642,0.00862486863652,-0.999924347235,0.0,0.660874591626,0.259851610522,0.303258236964,1.0,-0.00584,-0.00767542857143,0.293
0.4643499339,0.542704337213,-0.12399814056,-1.36380533422,0.0792532225009,1.89693089095,0.15823988209,-0.00257193889512,-0.0360338427957,-0.00093707902504,-0.0565904323541,-0.00460059342819,0.0189325747306,-0.0139533635353,0.574031194943,0.818819194997,0.00201495384484,0.0,0.818774567738,-0.573970037986,-0.0121387652351,0.0,-0.00878309994505,0.00861798879931,-0.999924290846,0.0,0.660747445807,0.25967882925,0.303259313358,1.0,-0.00626,-0.00822742857143,0.314
0.464292476684,0.542251016377,-0.123996242815,-1.3645070664,0.0792171624687,1.89719336004,0.158129322208,0.000268739725915,-0.0325583029634,0.0017296866726,-0.0505059529673,-0.000692571616359,0.0182415840967,-0.0041299007918,0.574015809925,0.818829941217,0.00203081866113,0.0,0.818785451524,-0.573954516391,-0.0121385497104,0.0,-0.00877397932957,0.00863069038526,-0.999924261367,0.0,0.66066646841,0.259576595177,0.303268597005,1.0,-0.00652,-0.00856914285714,0.327
0.464176955364,0.54151534126,-0.123998810976,-1.36563385933,0.0791571975936,1.89760503082,0.157972722116,-0.00864496624535,-0.0376293125619,0.000542498165552,-0.0583828251621,-0.00614467914303,0.0261289257221,-0.0128648516754,0.574030519574,0.818819575344,0.00205244573346,0.0,0.818775294268,-0.573969056018,-0.0121361909923,0.0,-0.00875947906154,0.00864720236576,-0.99992424584,0.0,0.660541949752,0.259392929446,0.303288226594,1.0,-0.00692,-0.00909485714286,0.347
0.464113336078,0.540957474378,-0.124004475138,-1.36648556664,0.0791048356104,1.89792364591,0.157873461834,-0.0056474803218,-0.0463081963621,0.000175378957732,-0.0609623431795,-0.0104508642301,0.0230536294127,-0.00783702559056,0.574038596969,0.818813864975,0.00207137991296,0.0,0.818769871052,-0.573977088715,-0.0121221610699,0.0,-0.00873703716045,0.00865473842754,-0.999924376983,0.0,0.660444312327,0.259266997538,0.303305006267,1.0,-0.0072,-0.00946285714286,0.361
0.463991303746,0.539987793865,-0.124004850103,-1.36796954191,0.0790118101153,1.89846398264,0.157691324339,-0.00526634784495,-0.0453569220048,0.00096450326461,-0.0621842450565,-0.00436628075043,0.0231485556374,-0.0132121405346,0.574046938945,0.818807964738,0.0020918104122,0.0,0.818764250414,-0.573985353227,-0.0121104675809,0.0,-0.00871564657678,0.00866484325322,-0.999924476146,0.0,0.660271697955,0.259044386539,0.303330835037,1.0,-0.00766,-0.0100674285714,0.384
0.46392686266,0.539552927313,-0.124008420777,-1.36865297016,0.0789757613675,1.89873010412,0.157605003689,-0.00740754306806,-0.0463539941456,0.000543287566932,-0.0681821728175,-0.00244147722159,0.0314550258453,-0.00723346844019,0.574059829874,0.81879888591,0.00210785653731,0.0,0.818755366334,-0.57399815815,-0.0121041910693,0.0,-0.0087011599166,0.00867451572868,-0.999924518448,0.0,0.660197746057,0.258936572989,0.30333601414,1.0,-0.00786,-0.0103302857143,0.394
0.463792217105,0.538473222055,-0.124017209867,-1.37031256672,0.0788791902801,1.8993665702,0.157394332146,-0.00175152678268,-0.0503230578669,-0.00385186880003,-0.0735476996793,-0.00576617483979,0.0268098576268,-0.0129642463361,0.574069799019,0.818791774295,0.00215478619549,0.0,0.818748903451,-0.574007960205,-0.0120764904141,0.0,-0.00865143315152,0.00869714470656,-0.999924753358,0.0,0.660011376883,0.258687322712,0.303364286918,1.0,-0.00834,-0.0109611428571,0.418
0.46372350379,0.538026032286,-0.124011597881,-1.37102917249,0.0788361388525,1.89964994847,0.157299885603,-0.00836121012956,-0.0410914583456,0.00114343837519,-0.0786386892294,-0.00196000015866,0.0257835864973,-0.0099611217399,0.574072977024,0.81878951433,0.00216683539293,0.0,0.818746789399,-0.574011074959,-0.0120717676153,0.0,-0.0086406155883,0.00870433267935,-0.999924784349,0.0,0.659932616117,0.258578292385,0.303363419287,1.0,-0.00854,-0.011224,0.428
0.463581262573,0.536922703314,-0.12401800165,-1.3727529987,0.0787378173056,1.90029517038,0.157097983651,-0.00548398748188,-0.0404852284233,0.00611924210933,-0.0762199739108,-0.0068402807079,0.0324930274135,-0.0105024090578,0.574097394508,0.818772336865,0.00218835665502,0.0,0.818729869528,-0.574035374323,-0.0120638579715,0.0,-0.0086215250424,0.00871767022997,-0.999924832941,0.0,0.659734538528,0.258318442592,0.303378116633,1.0,-0.009,-0.0118285714286,0.451
0.463517023231,0.536423993388,-0.124018002674,-1.37352318469,0.0786988571197,1.90058635321,0.157009899627,-0.00543447504559,-0.0466210983736,0.000479974456361,-0.0771902699658,-0.00491424286247,0.0310771688131,-0.00335583168033,0.57410987837,0.818763528512,0.00220880908608,0.0,0.818721265168,-0.574047706258,-0.0120610033841,0.0,-0.0086073136162,0.00873290829087,-0.999924822407,0.0,0.659645852959,0.258204633266,0.303388823543,1.0,-0.0092,-0.0120914285714,0.461
0.46337712804,0.53533327057,-0.124026488562,-1.37524114643,0.0785999883089,1.90120703931,0.15679166902,-0.00647333292261,-0.0582771024269,-0.000753488432821,-0.0822512985619,-0.000148264887485,0.0308497245139,-0.00537786819937,0.574119569316,0.818756747097,0.00220365895122,0.0,0.818714371234,-0.574057371819,-0.0120689310315,0.0,-0.00861665794375,0.00873334488254,-0.999924738114,0.0,0.659443055548,0.257943940285,0.303394960119,1.0,-0.00962,-0.0126434285714,0.482
0.46328451065,0.53470717619,-0.124024691974,-1.37625048644,0.0785473383134,1.90156936843,0.156676157224,-0.0104065585164,-0.0526313198107,-0.00154275178224,-0.0858881901277,-0.00920933337603,0.030373519503,-0.00775900383829,0.574149395413,0.818735882502,0.00218480026764,0.0,0.818693180421,-0.574087193363,-0.0120879133361,0.0,-0.00864270893802,0.00872911727596,-0.999924550201,0.0,0.659315011615,0.257771225565,0.303385979479,1.0,-0.00988,-0.0129851428571,0.495
0.463127381081,0.533591156189,-0.124029039243,-1.37807120195,0.0784430680842,1.90223660145,0.156440068477,-0.00862253885798,-0.0516294984297,-0.000218845272993,-0.0832679652027,-0.0138246979692,0.0261153075314,-0.0143031503162,0.57415107749,0.818734771686,0.00215887710993,0.0,0.81869161982,-0.574088874477,-0.0121137417666,0.0,-0.00867872136162,0.00872274042562,-0.999924293932,0.0,0.659109854566,0.257509184598,0.303366216345,1.0,-0.01028,-0.0135108571429,0.515
0.463014987537,0.532816985096,-0.124027597899,-1.37932983514,0.0783718363786,1.90271953632,0.156273295577,-0.00907494203388,-0.0510045019238,0.00032599382782,-0.0899587331689,-0.0099023356174,0.0312680462084,-0.0186852087694,0.574155447733,0.818731707534,0.00215866124292,0.0,0.818688505624,-0.574093197628,-0.0121193274106,0.0,-0.00868337207133,0.0087258170018,-0.999924226713,0.0,0.658966035185,0.257317934984,0.303354874967,1.0,-0.01056,-0.0138788571429,0.529
0.462858338008,0.531674353654,-0.124026040528,-1.38117377705,0.0782752332082,1.90338816645,0.156049433546,-0.00584870507086,-0.0576529406572,0.00154056183676,-0.0918326648375,-0.00221080210638,0.0393476008447,-0.0118519603616,0.574174056277,0.818718711047,0.00213826613703,0.0,0.818675046673,-0.574111695985,-0.0121521763342,0.0,-0.00872177846758,0.00872817755236,-0.999923871851,0.0,0.658744926798,0.257041472924,0.303340621858,1.0,-0.01096,-0.0144045714286,0.549
0.462757856073,0.530902017113,-0.124032560152,-1.38242662957,0.0781971096687,1.9038259544,0.15589201338,-0.00478366872124,-0.0636722091192,-0.00181043317634,-0.0998014125955,-0.0116260534989,0.0405945157832,-0.0143523902493,0.574179173951,0.818715223822,0.00209890069015,0.0,0.818671032425,-0.57411697379,-0.0121732483798,0.0,-0.00876157794688,0.00870810255191,-0.99992369894,0.0,0.658591840944,0.256849993776,0.303326734884,1.0,-0.01122,-0.0147462857143,0.562
0.462592332024,0.529698824377,-0.124036161815,-1.38436445319,0.0780766552795,1.90453485722,0.155632408202,-0.00899118947761,-0.0518861584992,-0.00082099508647,-0.0996492807639,-0.0027832651672,0.0372635258915,-0.0148954529594,0.574177683721,0.81871633427,0.00207326259866,0.0,0.818671805127,-0.574115595007,-0.0121863021849,0.0,-0.00878700143969,0.00869459179363,-0.999923593421,0.0,0.658362188945,0.256553288338,0.303313593779,1.0,-0.01162,-0.015272,0.582
0.462478355314,0.528807653115,-0.124039418666,-1.38574175869,0.0779951176971,1.90505497214,0.15545802524,-0.00349797921597,-0.0610016472964,-0.000638718978243,-0.0996250045235,-0.00540128232231,0.0347029024245,-0.0174854763909,0.57418340435,0.818712249451,0.00210182500841,0.0,0.818668097015,-0.574121191437,-0.0121717448571,0.0,-0.00875862296433,0.00870967866714,-0.999923711101,0.0,0.658201765709,0.256346666596,0.303330826883,1.0,-0.0119,-0.01564,0.596
0.462323345519,0.527484333481,-0.124045231442,-1.38776894382,0.077858471826,1.90583633506,0.1551602146,-0.00197173502919,-0.0736180942745,-0.00394399881584,-0.102122229312,-0.0136575070161,0.036761968649,-0.016773244257,0.574143710307,0.818739940319,0.00215799527433,0.0,0.81869670602,-0.574081440798,-0.0121222846213,0.0,-0.00868630078925,0.00872684511138,-0.999924192303,0.0,0.65796640137,0.256048923308,0.303365433822,1.0,-0.0123,-0.0161657142857,0.616
0.462202178129,0.526594199206,-0.1240372595,-1.38914660522,0.0777826434084,1.90635083897,0.154979586829,-0.00893988369782,-0.0700869328814,-0.000225830492072,-0.10444384951,-0.000374536893652,0.039050499524,-0.0215237592123,0.574143473158,0.818740030222,0.00218678827496,0.0,0.818697057271,-0.574080963635,-0.012121159552,0.0,-0.00866885192001,0.00874977022964,-0.999924143387,0.0,0.657802900717,0.25584463423,0.303380483651,1.0,-0.01256,-0.0165074285714,0.629
0.462010735688,0.525133947118,-0.124045657604,-1.39140540159,0.0776372499141,1.90716889321,0.154680879899,-0.00326322808119,-0.0703730558406,-0.00282795778711,-0.111345084171,-0.00610458693526,0.0333677628416,-0.0131333595042,0.57414400845,0.818739626497,0.00219737699977,0.0,0.818696855753,-0.574081517837,-0.0121085160054,0.0,-0.00865241493418,0.00875118604377,-0.999924273362,0.0,0.65753322727,0.255496901837,0.303403771426,1.0,-0.01298,-0.0170594285714,0.65
0.461887178865,0.524245201397,-0.124046069464,-1.3928435021,0.0775462119972,1.90768561092,0.154476537902,-0.00962647647152,-0.0638404922821,0.00050069721531,-0.111820737085,-0.00406472595542,0.0419227786436,-0.0121815141667,0.574130905136,0.818748895934,0.00216704284887,0.0,0.818705708959,-0.574068526857,-0.0121258191893,0.0,-0.00868413717417,0.00873614609646,-0.999924129878,0.0,0.657358383344,0.255276747435,0.303389077884,1.0,-0.01324,-0.0174011428571,0.663
0.461702558118,0.522812264423,-0.124049013602,-1.3951159756,0.077407266568,1.90854497164,0.154176772113,-0.00696819697408,-0.074043285694,-0.00025566579262,-0.11127093678,-0.00485233064695,0.0566908760873,-0.0142440937757,0.574123356618,0.818754152776,0.0021807337465,0.0,0.818711159806,-0.574060935415,-0.0121171837029,0.0,-0.00866928733295,0.0087423175518,-0.999924204798,0.0,0.657088229083,0.254938595779,0.303389343567,1.0,-0.01364,-0.0179268571429,0.683
0.461559348008,0.521782677276,-0.124052478728,-1.39672843113,0.0773129044045,1.90917685525,0.153956876301,-0.0108891932012,-0.0731496725613,-0.000547456885935,-0.112789000619,-0.004015893121,0.0419801496223,-0.0159419447817,0.574124156647,0.81875348163,0.00222170526918,0.0,0.818711042936,-0.574061579028,-0.0120945673419,0.0,-0.00862723958614,0.00876288662594,-0.999924388419,0.0,0.656903951958,0.254692195062,0.303400229354,1.0,-0.01392,-0.0182948571429,0.697
0.461346986541,0.52013400209,-0.12405916098,-1.39934508163,0.0771465663822,1.9101444437,0.153607987424,-0.00796750642081,-0.0826208132045,-0.000254183980672,-0.122166863761,-0.00514454412579,0.0520857387539,-0.0213147432084,0.574111901227,0.818762094693,0.00221451212665,0.0,0.818719612533,-0.574049407096,-0.0120921945114,0.0,-0.00862955728,0.00875550586185,-0.999924433074,0.0,0.656587661861,0.254298668627,0.30339686896,1.0,-0.01436,-0.0188731428571,0.719
0.461233190812,0.519283959017,-0.124059889875,-1.40068082036,0.077062079666,1.91061809756,0.153425777496,-0.0115510122338,-0.0782753578562,0.00026486998424,-0.119698171008,-0.00520897349291,0.0411806902506,-0.0161203037482,0.574104555567,0.818767276862,0.00220284343445,0.0,0.818724620265,-0.574042089887,-0.0121005004682,0.0,-0.00864313537537,0.00875064307481,-0.999924358368,0.0,0.656422652059,0.254094661128,0.303398982304,1.0,-0.01458,-0.0191622857143,0.73
0.461014536519,0.51760372577,-0.124068039582,-1.40328677184,0.0768926792911,1.91156541942,0.153061562753,-0.0106585800053,-0.0704318768739,-0.0020533005153,-0.129583680997,-0.0157254896681,0.0478858783391,-0.0122159722213,0.574083578241,0.818781955069,0.00221407964504,0.0,0.8187395181,-0.574021141196,-0.0120862675161,0.0,-0.00862525528466,0.00875145069738,-0.999924505691,0.0,0.656105985631,0.253696110514,0.303420165423,1.0,-0.015,-0.0197142857143,0.751
0.460874293791,0.516580249877,-0.124067663153,-1.40491096874,0.0767944386893,1.91216534271,0.152844033119,-0.0083836419986,-0.0739876249111,8.45686563506e-05,-0.122349622723,-0.00232623575665,0.0421915743943,-0.0180549109665,0.574079530926,0.818784795314,0.00221315067318,0.0,0.818742307156,-0.574017058737,-0.0120912221879,0.0,-0.00862988879633,0.00875349178201,-0.999924447846,0.0,0.655908659193,0.253449829651,0.303417075429,1.0,-0.01526,-0.020056,0.764
0.460656836569,0.514970160976,-0.124076931014,-1.40748307441,0.0766289285926,1.91313168066,0.152486991468,-0.0119955199333,-0.0763203265187,-0.00102040759343,-0.130881679525,-0.00887530843964,0.0503811174265,-0.00939558696263,0.574063034706,0.818796375579,0.00220780995756,0.0,0.818753911599,-0.574000682625,-0.0120828593198,0.0,-0.00862628307763,0.00874414427976,-0.999924560745,0.0,0.655599808048,0.253056526953,0.303405920223,1.0,-0.01566,-0.0205817142857,0.784
0.46051093562,0.513884018745,-0.124080726244,-1.40921391948,0.0765331257847,1.91372943737,0.152256820452,-0.00804268735703,-0.0800642344164,-0.00133716012856,-0.128795697497,-0.00590326235728,0.0520705314952,-0.0214837587584,0.574061823699,0.818797316856,0.00217333449978,0.0,0.818754229577,-0.57399944476,-0.0121200604722,0.0,-0.00867654724905,0.00873725905131,-0.999924186042,0.0,0.65537938589,0.252792637887,0.303395339653,1.0,-0.01592,-0.0209234285714,0.797
0.460278454553,0.512233915376,-0.124078731012,-1.41190309946,0.0763660269641,1.91467884133,0.151878795032,-0.00986410117744,-0.0854808969373,0.00104993931078,-0.137310914203,-0.00952893766776,0.0481913021966,-0.0142681807337,0.57403702558,0.818814904747,0.00209569283211,0.0,0.818770674885,-0.573974861461,-0.0121732189791,0.0,-0.0087649068875,0.00870393782678,-0.999923706026,0.0,0.655039695376,0.252381503442,0.303353734016,1.0,-0.01632,-0.0214491428571,0.817
0.460113736415,0.511042029859,-0.124081846763,-1.41379768824,0.0762525138275,1.91539976134,0.151603737365,-0.0134566371651,-0.0836600663624,-0.000136381185815,-0.13602685041,-0.0058914025426,0.052329485762,-0.0165288745622,0.57401757004,0.81882850677,0.00211013907108,0.0,0.818784454044,-0.573955332955,-0.0121671890454,0.0,-0.00875188416542,0.00871209709221,-0.999923749037,0.0,0.654811845311,0.252093186128,0.303349234167,1.0,-0.0166,-0.0218171428571,0.831
0.459867874659,0.509216714628,-0.124086887145,-1.41670809385,0.07607213821,1.9164775089,0.151190553767,-0.00799714242464,-0.0861079109913,-0.00015008099763,-0.13847404297,-0.00396806085706,0.0525033817158,-0.0224111879051,0.573987254854,0.818849783498,0.00210005493534,0.0,0.818805583007,-0.573925050401,-0.0121737693322,0.0,-0.00876338296968,0.00870729278826,-0.999923690174,0.0,0.654453096979,0.251651917457,0.303335190266,1.0,-0.01702,-0.0223691428571,0.852
0.459702544547,0.508059932292,-0.124089012021,-1.41853495745,0.0759512194461,1.9171269335,0.150948592145,-0.0101045828782,-0.092089094563,-0.00138945383193,-0.14066789431,-0.00550156678,0.0525247556252,-0.0215142987897,0.573988031579,0.818849296756,0.00207742786378,0.0,0.81880481459,-0.573925941461,-0.0121834405103,0.0,-0.00878428107599,0.00869432436586,-0.999923619648,0.0,0.654224979484,0.251365522336,0.303331290175,1.0,-0.01728,-0.0227108571429,0.865
0.459439776688,0.506140165513,-0.124103179207,-1.42153162148,0.0757589479621,1.91822783869,0.150527262733,-0.0119538649382,-0.0953897427772,-0.000294125942742,-0.142154622553,-0.000189063156797,0.0512362110913,-0.0195962482148,0.573971434173,0.818860899254,0.00208981521165,0.0,0.81881666117,-0.573909372646,-0.0121677558047,0.0,-0.00876450366693,0.00869528717517,-0.999923784824,0.0,0.653857222561,0.250898747502,0.303343199489,1.0,-0.0177,-0.0232628571429,0.886
0.459281503259,0.505012347662,-0.124106994797,-1.42327347226,0.0756567632846,1.91890751151,0.150288814885,-0.0126851931661,-0.0946421805625,-0.00189400938705,-0.146000683699,-0.00734739922306,0.0513312001083,-0.0179934470704,0.573971120125,0.818860974623,0.00214578747838,0.0,0.818817478654,-0.573908823454,-0.0121386125036,0.0,-0.00870851736414,0.00872438927977,-0.999924020492,0.0,0.653650894325,0.250630770388,0.303361379944,1.0,-0.01794,-0.0235782857143,0.898
0.459005233745,0.502941235184,-0.124119250461,-1.42634850241,0.0754628438738,1.92006752742,0.149865572451,-0.00484904233531,-0.103040808055,-0.00127019327538,-0.145506587827,-0.00961735839463,0.053118708051,-0.0200102360517,0.573965250853,0.818864742271,0.00227411084056,0.0,0.818823048543,-0.573902534137,-0.0120599911341,0.0,-0.00857054856714,0.00878427933238,-0.999924688231,0.0,0.653280679874,0.250152880309,0.30344522932,1.0,-0.01836,-0.0241302857143,0.919
0.458828281419,0.501655480535,-0.12412025716,-1.42828453337,0.0753389800523,1.92075887669,0.149599178213,-0.0111911933656,-0.0984255637498,0.000411395875764,-0.154307986713,-0.00326819436441,0.0545744248034,-0.0237777397631,0.573958179665,0.818869603342,0.00230816378633,0.0,0.818828345385,-0.573895312697,-0.0120439926625,0.0,-0.0085379794988,0.00880290752173,-0.999924803035,0.0,0.65303779082,0.249850933039,0.303481230329,1.0,-0.01862,-0.024472,0.932
0.458534601515,0.499521422139,-0.124129062241,-1.43149654232,0.0751389563872,1.92190471805,0.149149354694,-0.0159235384156,-0.100649810099,-0.000431245150473,-0.151184512432,-0.0117993732916,0.0482905327767,-0.0195815910395,0.573946164549,0.818877859428,0.00236610226924,0.0,0.818837323861,-0.57388302506,-0.0120190474555,0.0,-0.00848442927641,0.00883590915738,-0.99992496777,0.0,0.652634509277,0.249346682788,0.303540875378,1.0,-0.01904,-0.025024,0.953
0.458339431794,0.498260807701,-0.12412415618,-1.43349918865,0.0750070857733,1.92266355757,0.148855767493,-0.0179031291896,-0.0975507834552,0.000663737510574,-0.148610337775,-0.0160096912051,0.0617619190039,-0.0185617135458,0.573928348101,0.818890320091,0.00237524919117,0.0,0.818849942742,-0.573865214038,-0.0120097580886,0.0,-0.00847176486766,0.00883788344174,-0.9999250577,0.0,0.652390249484,0.249031482437,0.303532423378,1.0,-0.0193,-0.0253657142857,0.966
0.458020902622,0.496173550811,-0.124123616794,-1.43681304151,0.0748050993732,1.92383830962,0.148358701398,-0.0171434834708,-0.100938581771,0.00115360950263,-0.161650680116,-0.00759354854795,0.0549795635294,-0.0201865153956,0.573894915773,0.818913869313,0.00233392338747,0.0,0.818872772127,-0.573831768688,-0.0120511914108,0.0,-0.00852977262722,0.00882747375014,-0.999924656505,0.0,0.651968087369,0.248505773173,0.30351176294,1.0,-0.01972,-0.0259177142857,0.987
0.457848757625,0.495093485387,-0.124129589198,-1.4385734241,0.0746987987034,1.92444698214,0.148118451019,-0.0153335300946,-0.0975752881728,0.000401636348766,-0.15349606015,-0.0143978241848,0.060173801845,-0.0248694543834,0.573907528862,0.818905236712,0.00226019985436,0.0,0.818863046047,-0.573844555877,-0.0121030743761,0.0,-0.00861443345983,0.00879700901393,-0.999924199211,0.0,0.651719800473,0.248191314086,0.303470473322,1.0,-0.01996,-0.0262331428571,0.999
0.457467604978,0.492365548577,-0.124210708388,-1.44267254402,0.0744601410854,1.92593113153,0.147533008585,-0.0189211102096,-0.170390866746,-0.00282229497355,-0.249147693791,-0.0207377695765,0.0919103074413,-0.0367033591613,0.573936164161,0.818884878155,0.00236277352615,0.0,0.818844199476,-0.573872935893,-0.0120323454223,0.0,-0.00849733753488,0.00884071178521,-0.999924815709,0.0,0.651239806748,0.247536067933,0.303558308264,1.0,-0.0364371428571,-0.0478888163265,1.019
0.45717070492,0.489819522347,-0.124248128152,-1.44664721095,0.0742564619997,1.92749764732,0.146917726485,-0.0250746121967,-0.216030823838,0.00207775676295,-0.336033270876,-0.0210465930598,0.130751844324,-0.0548420882943,0.573848631169,0.818945830327,0.00249447322592,0.0,0.818906717258,-0.573784719375,-0.0119846210634,0.0,-0.00838362623877,0.00892027101589,-0.999925068981,0.0,0.650700957355,0.246899233259,0.303568058243,1.0,-0.0492371428571,-0.0647116734694,1.033
0.456350530459,0.484047972457,-0.124337346681,-1.45575720871,0.0737558660563,1.93094685506,0.145526207527,-0.0485972103575,-0.313643850178,-0.00611627593728,-0.496485230306,-0.0338127876868,0.17969492024,-0.0803323632494,0.573762708916,0.819005717823,0.00259517469349,0.0,0.818967724402,-0.573698202051,-0.011957685892,0.0,-0.0083047259535,0.00898641157917,-0.999925135165,0.0,0.649607701144,0.245519974653,0.303549290424,1.0,-0.0675228571429,-0.0887443265306,1.053
0.455656489098,0.479504271691,-0.124466918098,-1.46307425279,0.0733153585777,1.93345637786,0.14441403081,-0.0515112289213,-0.364423008719,-0.00726709528535,-0.604138414026,-0.0407498665676,0.204755625365,-0.0911684754708,0.573753050039,0.819013206469,0.00235628975388,0.0,0.81897198154,-0.573689393143,-0.012088033303,0.0,-0.00854864506434,0.00886545195282,-0.999924159339,0.0,0.648652625855,0.244286167455,0.303439105327,1.0,-0.0794085714286,-0.10436555102,1.066
0.454306133164,0.470924288803,-0.124659805191,-1.47654939294,0.0725087132659,1.93815071088,0.142473173299,-0.0715531313725,-0.45643516355,-0.0102284990737,-0.702544268123,-0.0396187011973,0.25087398713,-0.0986095226692,0.5738446749,0.81894948859,0.00218429123703,0.0,0.81890570463,-0.573781431049,-0.0122091445122,0.0,-0.00874553528126,0.00879505044998,-0.999923078392,0.0,0.646805447039,0.241878550864,0.303378238536,1.0,-0.0986085714286,-0.129599836735,1.087
0.453184745286,0.463837635173,-0.124769457404,-1.48726158765,0.0718833104348,1.94217122415,0.140728551228,-0.0838033804502,-0.52042915568,-0.00564292114872,-0.786983220893,-0.0436630354195,0.294096830684,-0.13727094636,0.573751121749,0.819014074196,0.00251862307111,0.0,0.818974697911,-0.573686509525,-0.0120407588015,0.0,-0.00841681289369,0.00897126016244,-0.999924334013,0.0,0.645543486685,0.240214282894,0.303517202512,1.0,-0.110494285714,-0.145221061224,1.1
0.451224579548,0.452453576159,-0.124960493664,-1.5050057103,0.0707508469114,1.94831908391,0.137961605361,-0.1077047555,-0.607234535156,-0.0177362340724,-0.928335302588,-0.0601803565705,0.318455054999,-0.155056323247,0.573744041623,0.819019633201,0.00231560673424,0.0,0.818977320273,-0.573679985054,-0.0121725317273,0.0,-0.00864129160538,0.00888051792551,-0.999923229294,0.0,0.643177026715,0.237129995508,0.303440771043,1.0,-0.12878,-0.169253714286,1.12
0.449753005412,0.444014866029,-0.12508864341,-1.5177471479,0.0698447235575,1.95291293545,0.136001300983,-0.116525096757,-0.656532982303,-0.00619694891384,-1.00369646382,-0.0740005182499,0.349336470477,-0.15202700862,0.573764614419,0.819004687129,0.00249731883838,0.0,0.818965691745,-0.573700788011,-0.0119728226055,0.0,-0.00837324525753,0.0089149720366,-0.999925203221,0.0,0.641503931591,0.234885683058,0.303561744556,1.0,-0.140665714286,-0.184874938775,1.133
0.447154218435,0.429785453505,-0.12525424427,-1.53936155254,0.0684428428758,1.96037256888,0.132496815374,-0.137286818569,-0.763440187466,-0.00705153520819,-1.13153756322,-0.068538243649,0.388860603817,-0.178195935512,0.573709281007,0.819043232466,0.0025673214197,0.0,0.819004596413,-0.5736445901,-0.0120042577387,0.0,-0.00835943696329,0.00898977520055,-0.999924649039,0.0,0.638379677281,0.230851457225,0.303647501011,1.0,-0.159865714286,-0.21010922449,1.154
0.445242053536,0.419779333841,-0.125390164294,-1.55453874701,0.067371145577,1.96554828085,0.129955745664,-0.149243807413,-0.767870135479,-0.0134902979826,-1.19214769832,-0.0847025103911,0.400078224864,-0.194177943697,0.573646367266,0.819087367484,0.00254492672862,0.0,0.819048711023,-0.573582065694,-0.0119820610056,0.0,-0.00835479133165,0.00895805719529,-0.999924972522,0.0,0.636263100267,0.228069024076,0.303683184795,1.0,-0.171751428571,-0.22573044898,1.167
0.441549087576,0.401446158527,-0.125608616552,-1.58198852125,0.0654609356783,1.97511677281,0.125352760756,-0.175407221749,-0.841153940373,-0.013510312695,-1.27950827641,-0.0810985609441,0.421836260261,-0.215382331904,0.57365719297,0.819078768409,0.00285359363729,0.0,0.819044322664,-0.573591927962,-0.0118086658781,0.0,-0.00803558393785,0.00911152121319,-0.999926202063,0.0,0.632575964649,0.223203016948,0.303836586119,1.0,-0.190951428571,-0.250964734694,1.188
0.439258631119,0.390608003742,-0.125746912787,-1.59790384885,0.0643680562432,1.98065605171,0.122606900132,-0.196672966009,-0.895888997136,-0.00928366772713,-1.35107053283,-0.0983007947421,0.452012901259,-0.235661501166,0.573710100786,0.81904029834,0.0032337056653,0.0,0.819010885821,-0.573643644301,-0.0116140071079,0.0,-0.00765749257462,0.00931169260877,-0.999927324953,0.0,0.630324254168,0.220172308751,0.30403358045,1.0,-0.201922857143,-0.265384326531,1.2
0.434855128097,0.370690306574,-0.125978900328,-1.62755231062,0.0621178255907,1.99053461618,0.117286414335,-0.223261240789,-0.989477588255,-0.0134842630597,-1.44685901275,-0.0996828742457,0.481306098267,-0.256888018133,0.573607420045,0.819112113521,0.00325884244732,0.0,0.819083526104,-0.573541507586,-0.0115353041687,0.0,-0.0075797719016,0.00928617901414,-0.999928154388,0.0,0.625943759473,0.214428808767,0.30410314963,1.0,-0.221122857143,-0.290618612245,1.221
0.431811184512,0.357658040061,-0.126137405559,-1.64678118733,0.0606081799796,1.99689806237,0.113833916938,-0.235749299711,-1.021617156,-0.0145475036018,-1.51266033811,-0.11667197292,0.486377854554,-0.275009487732,0.573644159298,0.819086136915,0.00332049973267,0.0,0.819058889305,-0.57357872557,-0.0114336487642,0.0,-0.00746071883416,0.00927870929995,-0.999929119102,0.0,0.623054378267,0.210599924541,0.304166049432,1.0,-0.233008571429,-0.306239836735,1.234
0.426564117414,0.33669397025,-0.12642022962,-1.67770687138,0.0582925230339,2.00686625631,0.107956969652,-0.266883343185,-1.05185692277,-0.00717999441613,-1.57731147044,-0.104514561202,0.500441503589,-0.295762846585,0.573721824744,0.819031840543,0.00329528299268,0.0,0.819003601483,-0.573655632711,-0.011535281456,0.0,-0.00755755065824,0.00931707074726,-0.999928035221,0.0,0.618282861605,0.204258556039,0.304156881592,1.0,-0.251294285714,-0.330272489796,1.254
0.422894414378,0.322354332984,-0.126566858824,-1.69862665526,0.0565689048962,2.01361133165,0.103852259098,-0.288201464876,-1.13067073893,-0.0117789583818,-1.6073647782,-0.151451367549,0.525765877339,-0.326144681408,0.573632954472,0.819093865129,0.00334970944345,0.0,0.819066805676,-0.573567200574,-0.0114447004049,0.0,-0.0074531439178,0.00930887234475,-0.999928895243,0.0,0.614980306851,0.19993857292,0.304187375843,1.0,-0.26318,-0.345893714286,1.267
0.416456503721,0.298290856665,-0.126793478347,-1.73358906778,0.0536726984941,2.02445953974,0.0967713084675,-0.323487471857,-1.15695115942,-0.007692561533,-1.72166060196,-0.140239923914,0.514108289213,-0.34944907851,0.573448090865,0.819223835998,0.00321566728165,0.0,0.819194783893,-0.573382448918,-0.0115421062775,0.0,-0.00761190795209,0.00925323482669,-0.999928215675,0.0,0.609251159229,0.192594047273,0.304143863394,1.0,-0.28238,-0.371128,1.288
0.412028156759,0.282695754056,-0.126979604473,-1.75580197513,0.0518153732839,2.03126982875,0.0921175820684,-0.34182791454,-1.20592737515,-0.0125339390701,-1.73669968925,-0.147744885749,0.518308633888,-0.358391486024,0.573452190626,0.819220503664,0.00333141775445,0.0,0.819192852837,-0.573386073554,-0.0114990180688,0.0,-0.00751018742273,0.00932339021999,-0.999928333172,0.0,0.605555876812,0.187748124253,0.304224077599,1.0,-0.294265714286,-0.38674922449,1.301
0.404166026863,0.256666169229,-0.127353333199,-1.79270348295,0.0486123779419,2.04226684585,0.0839872855059,-0.393322190501,-1.23961478084,-0.0213523919244,-1.74832351261,-0.15305510842,0.516716383506,-0.398656416503,0.573458047957,0.819216358216,0.00334253892869,0.0,0.819188711011,-0.573391722134,-0.0115124124956,0.0,-0.00751471716792,0.00934023558199,-0.999928141931,0.0,0.599254780677,0.179427279905,0.30426251164,1.0,-0.313465714286,-0.411983510204,1.322
0.398818746244,0.239934288926,-0.127619107914,-1.81615402471,0.0464521838406,2.04916946812,0.0786754972349,-0.424018888354,-1.29692963636,-0.0142198250721,-1.82673979452,-0.176183580873,0.517940890729,-0.429557809058,0.573543291229,0.819156474077,0.00339278133664,0.0,0.819130037407,-0.573477507078,-0.0114139210739,0.0,-0.00740424611401,0.00932568651014,-0.999929101842,0.0,0.595171483875,0.173967612928,0.304301574557,1.0,-0.325351428571,-0.427604734694,1.335
0.389612826568,0.212035974734,-0.127954900852,-1.85460893529,0.0429348644265,2.0602038237,0.0693993827598,-0.457211619048,-1.35316313658,-0.0210285599132,-1.85999962687,-0.181703193513,0.534754235534,-0.461374166083,0.573399003378,0.819256081933,0.00371511004742,0.0,0.81923369429,-0.57333221604,-0.0112725814231,0.0,-0.00710527541225,0.00950741332953,-0.999929559596,0.0,0.588250358778,0.164946919109,0.304452391466,1.0,-0.344551428571,-0.452839020408,1.356
0.383380315613,0.194335355082,-0.128214952801,-1.87893821788,0.0405898832459,2.06680687415,0.0632911374253,-0.486964661553,-1.36847146288,-0.0242986362093,-1.87420763748,-0.176190678073,0.519199764054,-0.484588935642,0.573366473177,0.819279242967,0.00362717251557,0.0,0.819255505549,-0.573299637098,-0.0113441453015,0.0,-0.00721470499326,0.00947611608028,-0.999929073113,0.0,0.583722020795,0.159034024073,0.304433525738,1.0,-0.356437142857,-0.468460244898,1.369
0.372848527005,0.166182388018,-0.128799410053,-1.91714588133,0.0368370341723,2.07684457687,0.0532431847262,-0.54628687701,-1.41977648366,-0.0243516934434,-1.94194476345,-0.19799226129,0.488849295599,-0.506144300391,0.573553784426,0.819148562469,0.00352645393957,0.0,0.819123038473,-0.573486575308,-0.0114604836699,0.0,-0.00736560654136,0.00946198561878,-0.99992810675,0.0,0.576452632876,0.149361738375,0.304408877256,1.0,-0.374722857143,-0.492492897959,1.389
0.365552471958,0.147386903137,-0.129116731497,-1.94219350132,0.0342256243566,2.08328458667,0.0462828071115,-0.562580280186,-1.45864963298,-0.0232837287083,-1.94850339611,-0.202405628099,0.489805964089,-0.538376430314,0.573502581155,0.819184136806,0.00358975131005,0.0,0.819159744663,-0.573435604861,-0.0113871288109,0.0,-0.0072698040381,0.00947130988358,-0.999928719579,0.0,0.571554941153,0.142931844156,0.304455071194,1.0,-0.386608571429,-0.508114122449,1.402
