position_joint1,position_joint2,position_joint3,position_joint4,position_joint5,position_joint6,position_joint7,velocity_joint1,velocity_joint2,velocity_joint3,velocity_joint4,velocity_joint5,velocity_joint6,velocity_joint7,ee_T_00,ee_T_10,ee_T_20,ee_T_30,ee_T_01,ee_T_11,ee_T_21,ee_T_31,ee_T_02,ee_T_12,ee_T_22,ee_T_32,ee_T_03,ee_T_13,ee_T_23,ee_T_33,v_x,v_y,time
0.465093911175,0.547808377408,-0.123982849503,-1.35577097811,0.0794848486565,1.89408757691,0.159174214489,-0.000653662011982,-0.000959739196892,0.00188624599158,0.00129357859663,-0.000265735522053,0.000129133922048,0.000441651293448,0.573790085652,0.818988319581,0.00195368829241,0.0,0.81894537573,-0.573731651576,-0.0118832003424,0.0,-0.00861147526658,0.00841858861889,-0.9999274823,0.0,0.661682265183,0.260910813505,0.303223293796,1.0,0.0,0.0,0.0
0.465092875925,0.547815036174,-0.123988147995,-1.35577410437,0.0794861563815,1.8940878778,0.159172689684,0.000783917364437,0.000463954806955,-0.000667680931144,0.00129546424971,2.61705226957e-05,2.22161339293e-05,-0.000819005943236,0.573793917558,0.818985655754,0.00194492745911,0.0,0.818942609834,-0.573735530811,-0.0118865211501,0.0,-0.00861918227655,0.00841335948938,-0.999927459908,0.0,0.661682844526,0.260906833908,0.30321729266,1.0,-0.00032,-0.000420571428571,0.017
0.465087980464,0.547803302417,-0.123988462947,-1.35578268707,0.0794847311098,1.89408958322,0.159168721165,-0.000959359582457,-0.00127536073716,-0.000640608919474,0.000143916780344,-0.000224363346633,-0.00016886426536,-0.000571146622495,0.573794979141,0.818984902897,0.00194875335982,0.0,0.818941914896,-0.573736584418,-0.0118835444197,0.0,-0.00861453823264,0.00841479594145,-0.999927487841,0.0,0.661682957944,0.260902433614,0.30322167606,1.0,-0.00068,-0.000893714285714,0.035
0.465090238805,0.547774840433,-0.123986414094,-1.35581272672,0.0794857989913,1.89409352457,0.159173028292,0.000427188293489,0.000738319623691,0.00010423355652,-0.00340300559867,0.000222736153769,0.0027710838631,0.00150122350037,0.573797125491,0.818983388266,0.00195331085734,0.0,0.81894041389,-0.573738667073,-0.0118864336348,0.0,-0.00861426757631,0.00842020876907,-0.999927444607,0.0,0.661676491207,0.260902362991,0.303227818056,1.0,-0.00098,-0.001288,0.05
0.465087488733,0.547661020448,-0.123988490489,-1.3559412658,0.0794847343233,1.89412333672,0.159171509232,0.000302564306958,-0.0120796564161,-0.00133391633015,-0.0109871624069,-0.000252822169824,0.00468287974298,0.00148570111014,0.573806325859,0.818976900472,0.00197073583521,0.0,0.818934080335,-0.573747723543,-0.0118856508339,0.0,-0.0086035339256,0.00843412675733,-0.999927419721,0.0,0.661657235432,0.260887433868,0.30324992607,1.0,-0.00132,-0.00173485714286,0.067
0.465078609559,0.547524229932,-0.123988525517,-1.3561401679,0.0794799420005,1.89417001631,0.159161245146,-0.000510919268957,-0.00739491223082,-0.000876149828928,-0.0160910084423,-0.000695076261024,0.00466882841268,-0.000958320044121,0.573814885778,0.818970922378,0.00196266629562,0.0,0.818927895587,-0.573756216175,-0.0119018120666,0.0,-0.00862131200574,0.00843688154687,-0.999927243358,0.0,0.661627149433,0.260862114782,0.303256203849,1.0,-0.00166,-0.00218171428571,0.084
0.465064487995,0.547374772014,-0.123986820921,-1.35633944575,0.0794800590299,1.89427736134,0.159153216212,8.41471342432e-05,-0.00616989921193,0.00379748682401,-0.014204564315,0.000215146289971,0.00599445252163,-0.00164455025213,0.573830073573,0.818960147049,0.00201769922701,0.0,0.81891776382,-0.573771104341,-0.011881196258,0.0,-0.00857269377178,0.00847028054107,-0.999927378998,0.0,0.66161010646,0.260839386117,0.303276492381,1.0,-0.00198,-0.00260228571429,0.1
0.465039607096,0.547182189996,-0.123986047134,-1.35655776241,0.0794727611444,1.89438147496,0.159146801997,-0.00133360877841,-0.0140163745792,4.54365657958e-05,-0.0131733008833,2.47125893842e-06,0.00945474663223,0.00129827887408,0.573855013128,0.818942495439,0.0020880550722,0.0,0.818901006524,-0.573795735441,-0.0118466200047,0.0,-0.00850374717682,0.00850831649006,-0.9999276448,0.0,0.661592623222,0.260805888715,0.303317995566,1.0,-0.00232,-0.00304914285714,0.117
0.46501262678,0.546967533679,-0.123988204307,-1.35687530993,0.0794696475022,1.89453242638,0.159123292433,0.000651360963884,-0.0108795918572,-0.000643482048078,-0.0149188697599,-0.000150077699679,0.0073605358617,-0.00092135327374,0.573876527064,0.81892729629,0.00213587873145,0.0,0.818886341337,-0.573816967903,-0.0118319153178,0.0,-0.00846403792262,0.00853926479834,-0.999927717897,0.0,0.661563274562,0.260761669123,0.303332068604,1.0,-0.00268,-0.00352228571429,0.135
0.464981103613,0.546749257882,-0.123983551224,-1.35720737231,0.0794616462496,1.89464494925,0.159078702262,-0.000973614762883,-0.0134841529416,0.000234752510198,-0.0258920121809,-0.000217957054653,0.0130690301252,-0.00154179236947,0.57387589753,0.818927706933,0.00214754581317,0.0,0.818886750019,-0.573816137008,-0.0118439205144,0.0,-0.00846718124488,0.00855570205073,-0.999927550778,0.0,0.661521565685,0.26071031025,0.303338830376,1.0,-0.003,-0.00394285714286,0.151
0.464945490213,0.546470302361,-0.123983686626,-1.35761362441,0.0794480087624,1.89480204593,0.15894392373,-0.00334026305379,-0.0203687309962,-0.000550838251052,-0.0267228325802,-0.00228824225832,0.00776155890069,-0.0037607997446,0.573825419653,0.818962983982,0.00218300897052,0.0,0.818922413604,-0.573765449439,-0.0118336988406,0.0,-0.00843898866762,0.00857835733827,-0.999927595007,0.0,0.661476954193,0.260646164141,0.303363381881,1.0,-0.00334,-0.00438971428571,0.168
0.464903947484,0.546163147358,-0.123985936429,-1.35812501935,0.0794268417645,1.89498230061,0.158935865553,-0.00146647026596,-0.0181199781188,0.000353492122413,-0.0297323964751,-0.000254329694175,0.0102676073515,0.000728770167019,0.573868934435,0.818932557207,0.00215864290689,0.0,0.818891567279,-0.573808951297,-0.0118589777251,0.0,-0.00847321746734,0.00857335844753,-0.999927348416,0.0,0.661417649964,0.260576915828,0.303345809431,1.0,-0.00368,-0.00483657142857,0.185
0.464853655935,0.545854634793,-0.123986701603,-1.35864678275,0.079377524904,1.89515449753,0.158872066508,-0.0011737424755,-0.0239079420714,-5.26902016922e-05,-0.0368365705749,-0.00307106958374,0.0125215111991,-0.00795896948233,0.573874386907,0.818928854107,0.00211349578158,0.0,0.818887405832,-0.573814713803,-0.0118675057692,0.0,-0.00850605169146,0.00854133712241,-0.999927343683,0.0,0.661356361671,0.260489020774,0.303330798842,1.0,-0.004,-0.00525714285714,0.201
0.464801541205,0.545500038408,-0.123986658846,-1.35926183634,0.0792975942039,1.89536085964,0.158774347439,-0.00207245070492,-0.0206754668194,0.000953063265958,-0.0406802389853,-0.00242574826141,0.019529820608,-0.00339885860552,0.573850057936,0.818946080045,0.00204349866632,0.0,0.818904067983,-0.573791016484,-0.0118635468416,0.0,-0.00854322848809,0.00848148970814,-0.999927536164,0.0,0.661283620859,0.260387282844,0.303306874862,1.0,-0.00434,-0.005704,0.218
0.464731626844,0.545066947787,-0.123989105737,-1.36000487912,0.0792828802996,1.89560143712,0.158685631534,-0.00265742593036,-0.0253556112667,0.000292811252355,-0.0392305098481,0.000432072465212,0.0153858209341,-0.002488873462,0.573873786946,0.818929559015,0.00200023214984,0.0,0.818886667458,-0.573814607171,-0.0119234792714,0.0,-0.00861689309823,0.00848069892211,-0.999926910779,0.0,0.661191835654,0.260271056965,0.303280743449,1.0,-0.0047,-0.00617714285714,0.236
0.464669367346,0.544690670145,-0.123987553731,-1.36064189819,0.0792571526993,1.89582373216,0.158633230901,-0.00381386822706,-0.0270949057983,0.000735465965083,-0.0407210673204,-0.00594099856231,0.0160808464617,-0.00315399473341,0.573909436203,0.818904640132,0.00197390675139,0.0,0.818861257953,-0.573850216884,-0.0119547357375,0.0,-0.00865722842811,0.00847745462988,-0.999926589885,0.0,0.661116904236,0.260171033244,0.303263085135,1.0,-0.005,-0.00657142857143,0.251
0.464589487089,0.544133295037,-0.123993231901,-1.36154700819,0.0792198944563,1.89615252034,0.158481191176,-0.0062483490398,-0.0252435174466,0.000789294914395,-0.0472264788358,-0.00226456553296,0.0135244087469,-0.00807578355492,0.573894867289,0.818914870179,0.00196560458566,0.0,0.818871227933,-0.573835536203,-0.011976491756,0.0,-0.0086799605463,0.00848298751136,-0.999926345891,0.0,0.661013116832,0.260031096556,0.303255413573,1.0,-0.0054,-0.00709714285714,0.271
0.464521119416,0.543677498712,-0.123994080625,-1.36228807312,0.0791815463118,1.89640052463,0.158409231736,-0.00481286805814,-0.0280164297758,-1.31358698116e-05,-0.0502048356775,-0.0031738305064,0.0190298545079,-0.00863468577881,0.573923439477,0.818894913896,0.00193714108757,0.0,0.818850803217,-0.573864131092,-0.0120028337374,0.0,-0.00871757155316,0.0084751003295,-0.999926085579,0.0,0.66092412439,0.259914052613,0.303246706342,1.0,-0.0057,-0.00749142857143,0.286
0.464447951984,0.543196374891,-0.123998835712,-1.36305280676,0.0791309043549,1.89667163647,0.158304001246,-0.00388078562628,-0.0336347500843,0.000528222102641,-0.0538753942299,-0.00326938111057,0.0201938660732,-0.0183312318334,0.573929516159,0.81889068867,0.00192286059163,0.0,0.818846432566,-0.573870307829,-0.0120056889301,0.0,-0.00872804231818,0.0084651097542,-0.999926078865,0.0,0.660837692721,0.259788684706,0.303246716016,1.0,-0.006,-0.00788571428571,0.301
0.464368015396,0.542588806876,-0.124000233262,-1.36400555986,0.0790764604177,1.89701663172,0.158182239027,-0.0017661772624,-0.03850105841,0.00033153156976,-0.0520984374195,-0.00259098989614,0.0253417882955,-0.0121778665743,0.573934664639,0.818887077874,0.00192388089776,0.0,0.818842794224,-0.573875411666,-0.012009876471,0.0,-0.00873083280234,0.00846840347781,-0.999926026615,0.0,0.660727089478,0.259644538053,0.303252915947,1.0,-0.00636,-0.00835885714286,0.319
0.464288430395,0.54199710395,-0.12400494903,-1.36494134323,0.0790237303581,1.89736285595,0.158053393006,-0.00164206143805,-0.0347496844228,-0.000420178663245,-0.0526617273761,-0.000600995346263,0.0234229514555,-0.0120245182458,0.573935565411,0.818886441264,0.00192612832791,0.0,0.818842165856,-0.573876282234,-0.0120111201673,0.0,-0.00873055217569,0.00847096722857,-0.999926007349,0.0,0.660620642387,0.259500873993,0.303256111976,1.0,-0.0067,-0.00880571428571,0.336
0.464208080177,0.541391394801,-0.12400296578,-1.36586019064,0.0789711159846,1.89770783225,0.157936647841,-0.005948302441,-0.0380172336557,0.000272565472616,-0.0565911151008,-0.000230183212902,0.0207480171881,-0.00108857551659,0.573941327721,0.818882333706,0.00195519301338,0.0,0.81883840168,-0.573881884723,-0.0120000508914,0.0,-0.00870474742035,0.00848847569282,-0.999926083845,0.0,0.660516734476,0.259362728092,0.303276858146,1.0,-0.00702,-0.00922628571429,0.352
0.464113410197,0.540653979299,-0.124011163498,-1.36698853753,0.0789013621452,1.89812327244,0.157786545792,-0.00385469004689,-0.0391323158064,-0.00313658505636,-0.0639433877232,-0.00166376494294,0.0235683893629,-0.00814657233009,0.573945562071,0.81887932253,0.00197327483934,0.0,0.818835670357,-0.573886084722,-0.0119855585803,0.0,-0.00868245828297,0.00849500953723,-0.999926222144,0.0,0.660388811551,0.259188099674,0.303297330657,1.0,-0.00738,-0.00969942857143,0.37
0.464025983458,0.539966397137,-0.124011604518,-1.36803834259,0.0788329818094,1.89851371081,0.157659381437,-0.00489727626964,-0.0382980326296,0.000172679860509,-0.0626758937646,-0.00269698641481,0.0254422311204,-0.00612556770472,0.573953160456,0.81887394594,0.00199428294791,0.0,0.818830610315,-0.573893635299,-0.0119697065784,0.0,-0.00865734124743,0.00850319455661,-0.999926370352,0.0,0.660268791987,0.259029957595,0.303317423113,1.0,-0.0077,-0.01012,0.386
0.463932927999,0.539263887626,-0.124016254047,-1.36912564694,0.0787806608686,1.89893087269,0.157527687762,-0.00320465171772,-0.0460958209693,-0.000921734331178,-0.0705317046147,-0.00559244692829,0.0249911948484,-0.0140076333457,0.573971027667,0.818861341819,0.0020271096039,0.0,0.818818347699,-0.573911277556,-0.0119626864654,0.0,-0.00863256663194,0.00852623413709,-0.999926388353,0.0,0.660147157086,0.258865816752,0.303332600096,1.0,-0.00802,-0.0105405714286,0.402
0.463815075586,0.538405018649,-0.124020103501,-1.37046439903,0.0786949818707,1.89944159914,0.157365449368,-0.00746777883345,-0.0500768212773,0.00127065930298,-0.0681412934694,-0.00712253210178,0.0280631439487,-0.00731026269462,0.573988487282,0.81884905009,0.00204854469607,0.0,0.818806407654,-0.57392871737,-0.0119432434067,0.0,-0.00860416054541,0.00853281002277,-0.999926577092,0.0,0.659997966007,0.258658943724,0.30334647404,1.0,-0.0084,-0.01104,0.421
0.463716416912,0.537667605367,-0.124023428727,-1.37162387632,0.0786322714475,1.89989329476,0.157215791374,-0.00915234106657,-0.0486230820281,0.000198629164134,-0.0767365981707,-0.0052023064737,0.0304499400679,-0.000434776958932,0.573996388562,0.818843443622,0.00207548952754,0.0,0.81880112161,-0.573936475902,-0.0119328027252,0.0,-0.00858006332318,0.00854896341678,-0.999926646179,0.0,0.659868674504,0.258484447021,0.303354643723,1.0,-0.00872,-0.0114605714286,0.437
0.463617753574,0.536935388169,-0.124019405258,-1.37277627271,0.0785676841244,1.90031419061,0.157081560264,-0.0078852708651,-0.0488737147724,-0.00256673054796,-0.0762686553574,-0.00147116763948,0.0285445138464,-0.0049521704142,0.574016552437,0.818829304077,0.00207730921827,0.0,0.818786989198,-0.573956613254,-0.0119339567433,0.0,-0.00857975331822,0.00855132710671,-0.999926628627,0.0,0.659726580233,0.258296156365,0.303360897505,1.0,-0.00904,-0.0118811428571,0.453
0.463499943229,0.536026197844,-0.124027237047,-1.37417570774,0.0784810639802,1.90083728068,0.156903748544,-0.00448221838796,-0.0510794220454,-0.000465903035268,-0.0785326672769,-0.00211651519548,0.0277420960277,-0.00907802643717,0.574020696164,0.818826331328,0.00210390116975,0.0,0.818784345686,-0.573960630181,-0.011922129122,0.0,-0.00855476151504,0.00856635512992,-0.999926714122,0.0,0.659573532412,0.2580976441,0.303380733856,1.0,-0.00938,-0.012328,0.47
0.463386960064,0.535127008964,-0.124030782168,-1.37558829119,0.0784092385852,1.90134816097,0.156730017082,-0.00893671263288,-0.0556230066911,-0.000105336243708,-0.0862770274793,-0.00572294059733,0.0230705258026,-0.0103179429104,0.574031690772,0.818818612736,0.00210815734925,0.0,0.818776544869,-0.573971468096,-0.0119360917671,0.0,-0.00856363681006,0.00857796988125,-0.99992653858,0.0,0.659404989028,0.257888235541,0.303387327065,1.0,-0.00972,-0.0127748571429,0.487
0.463271894834,0.534284763933,-0.124033563431,-1.3769784349,0.0783234058367,1.90184483526,0.156569750634,-0.00870250674528,-0.0534412469686,-0.00194318326209,-0.0887014856352,-0.00463312781421,0.0224447230488,-0.00507989181593,0.574049757926,0.818806065013,0.00206160722111,0.0,0.818763372727,-0.573989707672,-0.0119625192881,0.0,-0.00861180782374,0.00855521449751,-0.999926319821,0.0,0.659238113529,0.257676607652,0.303362987836,1.0,-0.01004,-0.0131954285714,0.503
0.463134641213,0.533313393289,-0.124034285182,-1.37854361889,0.0782305749366,1.9024379413,0.156363737392,-0.00360048736637,-0.0579495769023,-0.00107580873932,-0.0850438854582,-0.00627926314925,0.0355095065159,-0.0100924528479,0.574054833336,0.818802510959,0.00205992018823,0.0,0.818759780023,-0.573994772925,-0.0119653738857,0.0,-0.00861506062807,0.00855552523229,-0.999926289143,0.0,0.659058425473,0.257437888548,0.303354529708,1.0,-0.0104,-0.0136685714286,0.521
0.462993983729,0.532366892121,-0.124033987094,-1.38009053747,0.0781478095503,1.90302209609,0.156174842214,-0.0120307438381,-0.0591484549893,0.000533784149389,-0.0916194392598,-0.00324069736956,0.0358581079669,-0.00422272663346,0.574077562835,0.818786600527,0.00204976799802,0.0,0.818743630163,-0.574017435799,-0.0119832535805,0.0,-0.00863529114833,0.00855771626457,-0.999926095889,0.0,0.658880208411,0.257200400288,0.303336239337,1.0,-0.01074,-0.0141154285714,0.538
0.462871125945,0.531502802367,-0.124037180432,-1.38147281012,0.0780860105412,1.90352647148,0.156003154464,-0.0119208326518,-0.0579369244293,0.00103799172297,-0.0934241539376,-0.00715909077773,0.0352543722224,-0.0122072534707,0.574098639368,0.818771825807,0.00204852171563,0.0,0.818728626591,-0.574038304336,-0.0120086659126,0.0,-0.00865659404902,0.00857150715992,-0.999925793569,0.0,0.658716965368,0.256989076347,0.303331241465,1.0,-0.01104,-0.0145097142857,0.553
0.462731408784,0.530421989677,-0.124042132997,-1.38322343461,0.0779444344019,1.90413212574,0.15575983643,-0.00835609846769,-0.0619065497673,-0.000949042735246,-0.0994632704292,-0.0070438646749,0.0344989184801,-0.013762125748,0.574074138394,0.818789189073,0.00197341985105,0.0,0.818745265083,-0.574014376665,-0.012018035898,0.0,-0.00870763415039,0.00851513570513,-0.999925832035,0.0,0.658502376042,0.256718800302,0.303312176766,1.0,-0.0114,-0.0149828571429,0.571
0.462593980145,0.529366369869,-0.124040385537,-1.38486526265,0.0778530174562,1.90474599228,0.155537305029,-0.00802223028535,-0.064796111499,-0.000128104219774,-0.100078073168,-0.00900558874729,0.040775559363,-0.0147752527155,0.574067836419,0.818793539825,0.00200130733039,0.0,0.818749884823,-0.574007863518,-0.0120143922855,0.0,-0.00868870792789,0.00853581067229,-0.999925820394,0.0,0.658308821222,0.256475157082,0.303327446782,1.0,-0.01174,-0.0154297142857,0.588
0.462455219091,0.528267529839,-0.124041076181,-1.38657436656,0.0777465337282,1.90540001711,0.155305741067,-0.00951579137629,-0.068900901329,0.000997279877647,-0.101074884725,-0.00475501638431,0.0468028864778,-0.0178917117582,0.574056405614,0.818801469478,0.00203559715587,0.0,0.818758300019,-0.573996326636,-0.0119920831635,0.0,-0.00865087658257,0.00855095885598,-0.999926018982,0.0,0.658109928272,0.256222118549,0.303344415427,1.0,-0.01208,-0.0158765714286,0.605
0.462318102436,0.527203270965,-0.124052318446,-1.38822005777,0.077650771993,1.90603711654,0.155082266104,-0.00962977015812,-0.0738872247322,-0.0028418869768,-0.105475581042,-0.00604587926932,0.0502626719863,-0.0128140743867,0.574057029014,0.818800917727,0.00208121870256,0.0,0.818758382175,-0.5739967979,-0.0119638839904,0.0,-0.00860159192719,0.00857213199693,-0.999926262866,0.0,0.657922503691,0.255971697717,0.303365841509,1.0,-0.0124,-0.0162971428571,0.621
0.462165181826,0.52602977671,-0.124044263821,-1.39003670048,0.0775319933165,1.90670959814,0.15483109926,-0.0126010862145,-0.0747079112303,0.00113287221552,-0.109036951312,-0.00404680195572,0.0429164863514,-0.00879796500608,0.574036832267,0.818815020733,0.00210331234453,0.0,0.818772786654,-0.5739765257,-0.0119506770052,0.0,-0.00857830708684,0.00858242891942,-0.99992637457,0.0,0.657705324662,0.25570199163,0.303384908592,1.0,-0.01274,-0.016744,0.638
0.462029055931,0.524922780488,-0.124058713204,-1.39176913769,0.0774165904909,1.90732657062,0.154593489022,-0.00744006646388,-0.0708274142262,-0.00193433665476,-0.108141156934,-0.00282596297005,0.0372817343907,-0.0110735684485,0.574025891818,0.81882273066,0.00208762510417,0.0,0.818780393557,-0.573965752708,-0.0119469136547,0.0,-0.00858434442262,0.00856730921673,-0.999926452417,0.0,0.65749516746,0.255436186176,0.303392897371,1.0,-0.01306,-0.0171645714286,0.654
0.461863105001,0.523658564512,-0.124059572743,-1.39377842513,0.0772938890225,1.90805427237,0.15431722622,-0.00990659355308,-0.0694039980154,0.00052362188435,-0.110971141204,-0.00498803969624,0.0438592117275,-0.0160410548817,0.574010912194,0.818833271541,0.00207195577926,0.0,0.818790683074,-0.573950792874,-0.0119604168416,0.0,-0.00860455225339,0.0085620727157,-0.999926323582,0.0,0.657250510097,0.255134237917,0.303388559226,1.0,-0.01342,-0.0176377142857,0.672
0.46170577559,0.522444097648,-0.124064270977,-1.39572498143,0.077182453822,1.90880785747,0.154060882023,-0.00869904961281,-0.0748453094476,-0.000897462362385,-0.112158708931,-0.00313832414395,0.0402260881087,-0.0158988631525,0.574007703097,0.818835475083,0.00209007949475,0.0,0.818793098233,-0.573947484521,-0.011953836202,0.0,-0.00858879463801,0.00857310178537,-0.999926364555,0.0,0.657021864562,0.254846084985,0.303381161373,1.0,-0.01376,-0.0180845714286,0.689
0.461551262368,0.521265082974,-0.124060955171,-1.39760260622,0.0770642057837,1.9095287939,0.153803831312,-0.011720578255,-0.0766034036105,-0.00228531397309,-0.118146403427,-0.0113283368027,0.044752378547,-0.0219431193767,0.573990000477,0.818847845017,0.0021054605463,0.0,0.818805694212,-0.573929746239,-0.0119427136199,0.0,-0.00857104389343,0.00857912645541,-0.999926465194,0.0,0.656799208628,0.254568910894,0.303378221999,1.0,-0.01408,-0.0185051428571,0.705
0.46138080611,0.519980400262,-0.124068366003,-1.39963910338,0.0769285884635,1.91026232728,0.153521179199,-0.00914102762596,-0.0777341858386,-0.00156248741482,-0.123384862484,-0.00900242508707,0.0468297386085,-0.0195719050309,0.573975125264,0.818858332747,0.00208167479386,0.0,0.818815947994,-0.57391504689,-0.0119460941389,0.0,-0.00858761958081,0.0085614342337,-0.999926474614,0.0,0.656551133486,0.254255688048,0.303374959095,1.0,-0.01442,-0.018952,0.722
0.461213196939,0.518622675011,-0.124076476429,-1.40172149517,0.0767951870248,1.91099673642,0.153251829808,-0.00740831428535,-0.0783396744591,-0.00407502669865,-0.120980367323,-0.0109704755755,0.0448884441601,-0.0217726139743,0.57397188227,0.818860594711,0.00208607150037,0.0,0.81881828502,-0.573911803875,-0.0119417080595,0.0,-0.00858153832692,0.00856248299514,-0.999926517843,0.0,0.656292894727,0.253939916827,0.30340080155,1.0,-0.01476,-0.0193988571429,0.739
0.461042430481,0.517368024176,-0.124079989649,-1.4037276858,0.0766673394298,1.91172370164,0.152967473667,-0.00912943059109,-0.0751834979882,-0.00113366760604,-0.127246282692,-0.00821792821762,0.0481303957363,-0.0191537041088,0.573953072731,0.81887384266,0.00206082790185,0.0,0.818831210092,-0.573893107204,-0.0119539861367,0.0,-0.00860627733236,0.00854866186743,-0.999926423479,0.0,0.656047209745,0.253632866222,0.303389457913,1.0,-0.01508,-0.0198194285714,0.755
0.460849928771,0.515930970689,-0.12408649711,-1.40599738517,0.0765239013019,1.91258725837,0.152647948232,-0.00669922266682,-0.078529305385,-0.00151340394529,-0.130180321014,-0.00558225789914,0.0442463776054,-0.0112688497706,0.573935043334,0.818886428283,0.00208098742369,0.0,0.818844128785,-0.573875066726,-0.0119351348929,0.0,-0.00857945836808,0.00855416119005,-0.999926606917,0.0,0.655777432413,0.253287696436,0.303392176971,1.0,-0.01544,-0.0202925714286,0.773
0.460654806839,0.514537544738,-0.124084434309,-1.40823047139,0.0763895410223,1.91340710322,0.152359759368,-0.0160023221161,-0.0828352023237,-0.00148356236601,-0.134582183205,-0.0116214990031,0.0461783935402,-0.0223568796116,0.573936820686,0.818885231075,0.00206181697666,0.0,0.818842563066,-0.573876805069,-0.0119589471268,0.0,-0.00860994201022,0.00855214824582,-0.999926362118,0.0,0.65548674013,0.252929726649,0.303376255336,1.0,-0.0158,-0.0207657142857,0.791
0.460479272094,0.513225318077,-0.12408762278,-1.41036788059,0.0762696204221,1.91414158668,0.152057205874,-0.0122179281331,-0.0875559400938,-6.30483284662e-05,-0.131141623955,-0.0102184291993,0.0431672153639,-0.0227565636602,0.573921238942,0.81889632522,0.00199171606859,0.0,0.818852607783,-0.573861386768,-0.012010928567,0.0,-0.00869290368619,0.00852441302213,-0.999925881157,0.0,0.655214407498,0.252599745413,0.30334323135,1.0,-0.01612,-0.0211862857143,0.807
0.460271055083,0.511710173879,-0.124095732958,-1.41279516869,0.0761199979008,1.91503030753,0.151715228732,-0.0102048703101,-0.0861515095739,-0.000396791119075,-0.141322150298,-0.00951453180685,0.0515514017446,-0.0161637663696,0.5738996457,0.818911512054,0.00196951577829,0.0,0.818867453272,-0.57383984058,-0.0120282265989,0.0,-0.00872003449889,0.00851593131113,-0.999925717197,0.0,0.654930094687,0.252252209613,0.303326660013,1.0,-0.01646,-0.0216331428571,0.824
0.460065035797,0.51023409899,-0.124096856911,-1.41511158184,0.075976460465,1.91590666723,0.151396221716,-0.00941481276201,-0.086165405602,0.000498219337557,-0.135176609233,-0.00955200413725,0.0437540492072,-0.015829538166,0.573890175874,0.818918080892,0.00199742952573,0.0,0.818874395396,-0.573830261465,-0.0120125972852,0.0,-0.00869131494309,0.00852971968751,-0.999925849714,0.0,0.654651375183,0.251897424816,0.303333554144,1.0,-0.0168,-0.02208,0.841
0.45987007662,0.508805878424,-0.124103189004,-1.41734767643,0.0758317071346,1.91672117774,0.151078471688,-0.0138173569927,-0.0866172485381,-0.000284182210402,-0.133158424593,-0.00127748855267,0.0502577371629,-0.0191280831894,0.573871200238,0.818931378407,0.00199747322381,0.0,0.818887734165,-0.573811327945,-0.012007733222,0.0,-0.00868750401733,0.00852676276516,-0.999925908051,0.0,0.654375759903,0.251551477008,0.303339485367,1.0,-0.01712,-0.0225005714286,0.857
0.459674060213,0.507388521369,-0.124103937013,-1.41959849726,0.075688921818,1.91752983181,0.150768752028,-0.0131788037236,-0.0948155943805,-0.00068785406284,-0.140927394416,-0.0139170403997,0.0488722918536,-0.0156751708755,0.573856592164,0.818941672872,0.00197356670487,0.0,0.818897682283,-0.573796790033,-0.0120240010203,0.0,-0.00871469705495,0.00851636541657,-0.999925760032,0.0,0.654093181055,0.251206215712,0.303329699234,1.0,-0.01744,-0.0229211428571,0.873
0.459451029119,0.505831605953,-0.124104626869,-1.42204315236,0.0755323263209,1.91845572928,0.150434622759,-0.0125082817561,-0.0878099975252,-0.000482194194319,-0.143972590552,-0.0158028358446,0.0615478052147,-0.0229040210882,0.573850237657,0.818946060218,0.00200052404076,0.0,0.818902471696,-0.573790370652,-0.0120041367258,0.0,-0.0086830262222,0.0085269749653,-0.999925945135,0.0,0.65379786061,0.250827905573,0.30333488381,1.0,-0.01778,-0.023368,0.89
0.459240040103,0.504276934759,-0.124109878869,-1.42437825844,0.0753829283908,1.91934939964,0.150099951047,-0.013796516099,-0.0977137906448,0.00102273652075,-0.145513294838,-0.00306846469493,0.0553482427703,-0.027051447008,0.573832650578,0.818958154311,0.00209225206346,0.0,0.818915854121,-0.573772493181,-0.0119455782102,0.0,-0.00858261724237,0.00856830615908,-0.999926458701,0.0,0.653518962651,0.250466817585,0.303387323609,1.0,-0.0181,-0.0237885714286,0.906
0.459006527862,0.502601266975,-0.124115710155,-1.42684986133,0.0752278742387,1.92028419842,0.149772263136,-0.010760201351,-0.102224100032,-0.000596184850838,-0.147461623918,-0.010649411305,0.0563176202584,-0.0151074388652,0.573844611097,0.81894946919,0.00220819585594,0.0,0.818908741311,-0.573784044802,-0.0118781411173,0.0,-0.00846073270839,0.00862468421088,-0.999927012749,0.0,0.653223742936,0.250078042103,0.30346224598,1.0,-0.01844,-0.0242354285714,0.923
0.458759456994,0.500787990963,-0.124117062838,-1.42958066357,0.0750597234402,1.92124477975,0.149381003734,-0.00982533040768,-0.106248043089,0.00119200780759,-0.15222675038,-0.00532868357864,0.0570324847535,-0.0258630078714,0.573821265341,0.818965718775,0.00224806918617,0.0,0.818925406824,-0.573760438312,-0.0118694728748,0.0,-0.0084310005457,0.00865212349701,-0.999927026832,0.0,0.652876793709,0.249653949314,0.30351130641,1.0,-0.0188,-0.0247085714286,0.941
0.458525135403,0.499196462085,-0.12412531305,-1.43203595623,0.0748993382244,1.92214122953,0.149036732109,-0.0160065594082,-0.101101764228,-0.000373027039391,-0.151626880863,-0.00882975542436,0.0536248809252,-0.0210470188811,0.573818653309,0.818967489754,0.00226952486393,0.0,0.818927517776,-0.573757804632,-0.0118511246256,0.0,-0.00840368997896,0.00865913945147,-0.999927195999,0.0,0.65257438408,0.249260888099,0.303530829197,1.0,-0.01912,-0.0251291428571,0.957
0.45827159345,0.497512680763,-0.124125576487,-1.43468238167,0.0747402216509,1.92312474673,0.148651087928,-0.0142303434551,-0.10461606725,-0.00260242453958,-0.15766308931,-0.00739728243495,0.056348641116,-0.0237015514209,0.573802133977,0.818979010716,0.00228865706606,0.0,0.818939208938,-0.573741131223,-0.0118504560386,0.0,-0.00839233964754,0.00867425497707,-0.999927160315,0.0,0.652247444473,0.248844675009,0.303530485102,1.0,-0.01946,-0.025576,0.974
0.457990005487,0.495733406905,-0.124125970321,-1.43754368577,0.0745600177483,1.92410710521,0.148232343253,-0.0122649527549,-0.0996584329566,-0.000298816525655,-0.162873814747,-0.0097214114682,0.0528458787699,-0.0172592623503,0.573785606066,0.818990823577,0.00220364880193,0.0,0.818949767239,-0.573724791179,-0.0119117432545,0.0,-0.00849148395694,0.0086396308357,-0.999926623048,0.0,0.651877573252,0.248382711843,0.303493702836,1.0,-0.01982,-0.0260491428571,0.992
0.457749940054,0.494253682158,-0.124123469575,-1.43996105363,0.0744018336205,1.92495975259,0.147896017046,-0.0156442965727,-0.102773996236,-0.000898105861937,-0.163219864856,-0.0136659746636,0.0639971324701,-0.0219586089131,0.573783672206,0.818992381763,0.00212674053386,0.0,0.818950265105,-0.573723112411,-0.011958280443,0.0,-0.00857374545459,0.00860332643055,-0.999926234111,0.0,0.651568101734,0.247993054628,0.303447638842,1.0,-0.0210908571429,-0.0277194122449,1.007
0.457473499057,0.49233965432,-0.124168019484,-1.44297337038,0.0742213486535,1.92608629211,0.147465181366,-0.0135678595794,-0.116140017185,-0.00303411286664,-0.184040151054,-0.00631416377098,0.0702074470294,-0.0279525504743,0.573791932937,0.818986553298,0.002142455315,0.0,0.818944750911,-0.573731417541,-0.0119374361786,0.0,-0.00854757035342,0.00860432277337,-0.999926449631,0.0,0.65119990537,0.247502265325,0.303445253919,1.0,-0.0242382857143,-0.0318560326531,1.024
0.457125109876,0.490074242112,-0.12418740123,-1.44663653393,0.0740062285263,1.92738718711,0.146923182313,-0.0240306526576,-0.127482096742,-0.00164677253562,-0.211149661245,-0.0109464833307,0.0728086904993,-0.0360433923469,0.573772167177,0.819000606601,0.00206239188098,0.0,0.818957566225,-0.573711792751,-0.0120012700805,0.0,-0.00864599539476,0.00857517127706,-0.999925853852,0.0,0.650729521214,0.246913429301,0.303391076482,1.0,-0.0275708571429,-0.0362359836735,1.042
0.456751354719,0.487748599386,-0.124205030455,-1.45029083193,0.0737837887164,1.9287349609,0.146400245654,-0.0242760888335,-0.152094007043,-0.00317671114367,-0.230804053013,-0.0204095781464,0.0939492634462,-0.0265862440277,0.573784226317,0.818992122904,0.00207633118655,0.0,0.818949224455,-0.573723752091,-0.0119987896555,0.0,-0.00863583995999,0.00858529134762,-0.999925854772,0.0,0.650276192431,0.246313135432,0.303385637645,1.0,-0.0305331428571,-0.0401292734694,1.058
0.456310838704,0.484995409033,-0.124233770236,-1.45449688507,0.0735284612093,1.93033346615,0.145765500013,-0.022906506241,-0.172718623316,0.000346180216163,-0.257526620295,-0.0164554047173,0.0985663587568,-0.0427242696355,0.573784990407,0.818991274603,0.00219631717526,0.0,0.818950013069,-0.573724093728,-0.0119284228303,0.0,-0.0085093579684,0.00864319036684,-0.999926440338,0.0,0.649767378752,0.245615075053,0.303435032015,1.0,-0.0336805714286,-0.0442658938775,1.075
0.455788829917,0.481821562315,-0.124288070443,-1.45944676895,0.0732213499519,1.93202843304,0.145017376203,-0.0310048027814,-0.181111988965,-0.00238900838682,-0.285633132586,-0.0173973482303,0.102338925268,-0.0473435173525,0.573798075848,0.818982302156,0.00212221793017,0.0,0.818939993875,-0.573737399925,-0.0119761955518,0.0,-0.00859086180749,0.00861005287256,-0.999926029306,0.0,0.649131248166,0.244765611602,0.303429587377,1.0,-0.0370131428571,-0.048645844898,1.093
0.455325166185,0.478946053996,-0.124325848455,-1.46393090762,0.0729443676897,1.93366060611,0.144346170242,-0.0314843138928,-0.19210920831,-0.00283954774751,-0.302546845796,-0.0167419567634,0.111100870433,-0.0457031381796,0.57379900261,0.818981615855,0.00213644503442,0.0,0.818939500664,-0.573738275242,-0.0119679854454,0.0,-0.00857596488334,0.00861700324554,-0.99992609731,0.0,0.64856572986,0.244015763597,0.303430888613,1.0,-0.0397902857143,-0.0522958040816,1.108
0.454700323915,0.475200957949,-0.124363027059,-1.46964772445,0.0725986729556,1.93576907447,0.143534232924,-0.0336742463342,-0.209680391433,-0.0027509901801,-0.329627484456,-0.0210831927646,0.118607241431,-0.055246369381,0.573855862301,0.818941464689,0.00225246905605,0.0,0.818900818736,-0.57379461196,-0.0119138263989,0.0,-0.0084644347998,0.00868153502207,-0.999926489445,0.0,0.647852599558,0.243049043517,0.303486329767,1.0,-0.0431228571429,-0.056675755102,1.126
0.454105349698,0.471645886001,-0.124392625057,-1.47513044265,0.0722648282106,1.93769550706,0.14271667299,-0.0330616019715,-0.22154099609,-0.0030451153203,-0.346651508818,-0.0209243947529,0.125523060724,-0.0546676477594,0.573867218313,0.818933497342,0.00225600925711,0.0,0.818892673892,-0.573805722949,-0.0119385032085,0.0,-0.00848249247708,0.00869871255713,-0.999926187136,0.0,0.647140761633,0.242121954109,0.303502688063,1.0,-0.0460851428571,-0.060569044898,1.142
0.453431244977,0.467569611581,-0.124401173151,-1.4812142033,0.0718833993257,1.93998839923,0.141738139244,-0.0388808275135,-0.248485364416,0.000144317152626,-0.369801131591,-0.028396028303,0.140756877317,-0.0618369128668,0.573809997575,0.818972883942,0.00249979043604,0.0,0.818935255107,-0.573747580663,-0.011811372831,0.0,-0.00823910398415,0.0088248202391,-0.999927117201,0.0,0.646377821349,0.241109476768,0.303620397921,1.0,-0.0492325714286,-0.0647056653061,1.159
0.452712308386,0.463320566841,-0.124405135524,-1.4877884066,0.0714462772437,1.94226101911,0.140733729958,-0.0406918156644,-0.25163219815,-0.00150023262285,-0.397478173154,-0.0242862116898,0.134997008493,-0.0589384829061,0.573768282326,0.819002260277,0.00245005280712,0.0,0.818963809664,-0.573705873734,-0.0118573101909,0.0,-0.00830571407149,0.00881002270228,-0.99992669662,0.0,0.645498524894,0.240006604553,0.303618318565,1.0,-0.05238,-0.0688422857143,1.176
0.451985877687,0.45909345618,-0.124415024736,-1.49431469292,0.0710021109287,1.94452368864,0.139766174605,-0.0467168341849,-0.274262734578,0.000545619691019,-0.409880398426,-0.0376479082327,0.150883933521,-0.0610021653802,0.57375287186,0.819013163795,0.00241380682721,0.0,0.818974192745,-0.573690554117,-0.0118813566858,0.0,-0.00834637004667,0.00879397732914,-0.999926499334,0.0,0.644571123364,0.238832853647,0.30362006926,1.0,-0.0555274285714,-0.0729789061224,1.193
0.451150811641,0.454448745441,-0.124420008575,-1.50157313894,0.0705109110296,1.94712202652,0.13863448542,-0.0520679333572,-0.280208180039,0.0018711155066,-0.437149893701,-0.031848008213,0.157317287421,-0.0647386112628,0.573719704267,0.819036497725,0.00237975441562,0.0,0.818997049892,-0.573657489072,-0.0119022855109,0.0,-0.00838340370358,0.00877775656828,-0.999926332053,0.0,0.643663496106,0.237662274448,0.303583050566,1.0,-0.0584897142857,-0.0768721959184,1.209
0.450271444572,0.449434113977,-0.124470877312,-1.50905180636,0.069996968458,1.94993377709,0.137445899987,-0.0525406095218,-0.297056670147,-0.00318167320648,-0.450887553093,-0.0305792070461,0.172766258359,-0.0686207186231,0.573703172131,0.819047262077,0.00264568951625,0.0,0.819011787684,-0.573640515861,-0.0117045760043,0.0,-0.00806908158601,0.008881974288,-0.999927997635,0.0,0.642711493099,0.23635958599,0.303709811276,1.0,-0.0616371428571,-0.0810088163265,1.226
0.449322776494,0.44424637338,-0.124517025864,-1.51704007365,0.0694704351253,1.95261170247,0.136267398459,-0.0555508324969,-0.312267674461,-0.00178097480617,-0.480056618566,-0.0279910787884,0.162722703302,-0.0655600307548,0.573762315935,0.819006174609,0.00253725565777,0.0,0.818969015505,-0.573699746158,-0.0117940579296,0.0,-0.00820394129253,0.00884509005548,-0.999927227217,0.0,0.64161298881,0.23494950577,0.303695400234,1.0,-0.0647845714286,-0.0851454367347,1.243
0.448378185523,0.439200025746,-0.12453614168,-1.52492691225,0.0689202455485,1.95526400489,0.13500206105,-0.0590546096352,-0.317169510195,8.43078947384e-07,-0.497173049544,-0.0284959083533,0.174148626363,-0.0750078674479,0.573710383116,0.819043077972,0.00236212446414,0.0,0.819003461318,-0.573648302179,-0.0119038925473,0.0,-0.00839493373189,0.008764143603,-0.999926354725,0.0,0.640514517991,0.233564908822,0.303623565244,1.0,-0.0677468571429,-0.0890387265306,1.259
0.447304859621,0.433517955494,-0.124557760045,-1.53338964303,0.0683676124226,1.95836720283,0.133608167701,-0.0626127739326,-0.346023686145,-0.00135547464212,-0.505959866826,-0.0356102707706,0.194456045457,-0.0825352781131,0.573682389498,0.819061855873,0.00263422360944,0.0,0.819025790889,-0.573619292012,-0.0117647180513,0.0,-0.00812514675333,0.00890688012358,-0.999927322097,0.0,0.639394559908,0.232068270995,0.303743113681,1.0,-0.0708942857143,-0.0931753469388,1.276
0.446072765292,0.427409739854,-0.124606343733,-1.54281591031,0.0676915908524,1.96161643059,0.132106601278,-0.0638313253017,-0.347759365582,-0.0036943539866,-0.535420967583,-0.0384298431798,0.168558753755,-0.0882250465254,0.57371485593,0.819039406256,0.00254204385993,0.0,0.819002295281,-0.573652259163,-0.0117929124107,0.0,-0.00820076866592,0.00884787914976,-0.999927228566,0.0,0.638101010584,0.230341423609,0.30370057407,1.0,-0.0742268571429,-0.0975552979592,1.294
0.444928825327,0.421711845403,-0.124710575637,-1.55159430167,0.0670462093519,1.96449757266,0.130649784043,-0.0726822752801,-0.348443437532,-0.0058729051216,-0.563186537386,-0.046382023611,0.18075793357,-0.0860287205424,0.573726199283,0.819032087769,0.00233117195292,0.0,0.818992461255,-0.573664647743,-0.0118729624795,0.0,-0.00838718778977,0.00872120980326,-0.999926795111,0.0,0.636865511111,0.228692474598,0.303648332767,1.0,-0.0771891428571,-0.101448587755,1.31
0.443646540474,0.415372581691,-0.124766153375,-1.56098546559,0.0663891241434,1.96787090196,0.129147762529,-0.0762719195862,-0.373603745011,0.000850639611132,-0.558155011522,-0.0401496349205,0.201187351892,-0.0891029399777,0.573796248084,0.818982270537,0.00257936655312,0.0,0.818946177708,-0.573734082541,-0.0117092890129,0.0,-0.00810998574159,0.00883127851238,-0.999928115742,0.0,0.63559303394,0.22695423068,0.303771150977,1.0,-0.0803365714286,-0.105585208163,1.327
0.442287112537,0.408929383046,-0.124778875132,-1.57076253957,0.0657261392954,1.9712281768,0.127469381656,-0.0817645133239,-0.38117560375,-0.00144872506978,-0.580104697122,-0.0424576993996,0.190293983207,-0.0927003907723,0.573760410259,0.81900730457,0.00260261050129,0.0,0.818971130831,-0.573697748068,-0.0117442593348,0.0,-0.00812567884275,0.00887002469492,-0.999927645385,0.0,0.634210819591,0.225151534382,0.30376906079,1.0,-0.083484,-0.109721828571,1.344
0.440848716846,0.402326345366,-0.124854563173,-1.5809281428,0.0650011249048,1.97459676887,0.125807373728,-0.0862862801121,-0.386524663454,7.63936897844e-05,-0.595807383998,-0.0426537745933,0.20205982525,-0.105547489413,0.573838571308,0.818953116218,0.00241545394503,0.0,0.818914350815,-0.573776430447,-0.0118592071296,0.0,-0.00832636440045,0.00878348948478,-0.999926758302,0.0,0.632748490173,0.223214968748,0.303682933535,1.0,-0.0866314285714,-0.11385844898,1.361
0.439428572936,0.395782178773,-0.124908756201,-1.59050917739,0.0642949708175,1.97802134522,0.12414226766,-0.0911069018135,-0.401699387475,-0.00522099803856,-0.608944367831,-0.0415487425637,0.216568473139,-0.0969354141006,0.573862478953,0.818935472582,0.00270072181876,0.0,0.818900977834,-0.573799903641,-0.0116449983447,0.0,-0.00798698207744,0.00889442260094,-0.999928546129,0.0,0.631333380784,0.221259266688,0.303821496854,1.0,-0.0897788571428,-0.117995069388,1.378
0.437754246206,0.388320492233,-0.124944213566,-1.60185761408,0.0634365949472,1.98173047844,0.122216655309,-0.0895699214317,-0.412349291451,-0.00716382535098,-0.634948076863,-0.0495484756242,0.202932140259,-0.111943716718,0.573882365081,0.818922030297,0.00254681077824,0.0,0.818885465545,-0.573820252825,-0.0117328030754,0.0,-0.00814699616579,0.00881896490011,-0.999927923558,0.0,0.629848068221,0.219326565304,0.303772563041,1.0,-0.0927411428571,-0.121888359184,1.394
0.43633004556,0.381859264074,-0.124999659094,-1.61143009815,0.0627121801366,1.9848708996,0.120476416029,-0.0990125463094,-0.449832314481,-0.00203531237544,-0.633802100261,-0.0493875702159,0.222354336269,-0.119128783457,0.573809036706,0.818973486229,0.00252292474846,0.0,0.818936605938,-0.573747015181,-0.0117449958152,0.0,-0.00817147695085,0.00880566970182,-0.999927840969,0.0,0.628330601977,0.217357552709,0.303805710019,1.0,-0.0957034285714,-0.12578164898,1.41
