position_joint1,position_joint2,position_joint3,position_joint4,position_joint5,position_joint6,position_joint7,velocity_joint1,velocity_joint2,velocity_joint3,velocity_joint4,velocity_joint5,velocity_joint6,velocity_joint7,ee_T_00,ee_T_10,ee_T_20,ee_T_30,ee_T_01,ee_T_11,ee_T_21,ee_T_31,ee_T_02,ee_T_12,ee_T_22,ee_T_32,ee_T_03,ee_T_13,ee_T_23,ee_T_33,v_x,v_y,time
0.465085432613,0.547542483392,-0.123997976423,-1.35574620682,0.0794257565869,1.89410957972,0.159152240095,-0.000657327126959,0.000922344181722,-0.000145476697032,-0.000200174579284,1.39810143829e-05,0.000499656046035,0.000900217959557,0.573772254669,0.81900021445,0.0021898409885,0.0,0.818961004719,-0.573713561396,-0.0116777189905,0.0,-0.00830787283739,0.00849390906476,-0.999929413888,0.0,0.661708392755,0.260894853943,0.303425754719,1.0,0.0,0.0,0.0
0.465082848222,0.547544989083,-0.123997394985,-1.35574971945,0.0794264686637,1.89410436536,0.159152507264,-0.00135730915977,0.00132643569115,0.0012086237551,-0.00142125920458,0.00029649734971,-1.77190242937e-06,-0.000352155216579,0.573774534541,0.818998640671,0.00218105288319,0.0,0.818959297937,-0.573715854422,-0.0116847597226,0.0,-0.0083186578709,0.00849077458276,-0.999929350843,0.0,0.66170698146,0.260892789785,0.3034218363,1.0,-6e-05,-7.88571428571e-05,0.004
0.465087189204,0.547544670865,-0.124000922709,-1.35574410037,0.0794251462354,1.89410974005,0.159152742159,0.00045531091751,0.000183825294358,0.000248283512137,0.0012364881622,-0.00015026387217,0.000304054880349,0.000423100201007,0.573773014271,0.818999685317,0.00218870892281,0.0,0.818960483154,-0.573714347877,-0.0116756573293,0.0,-0.0083068258984,0.00849180670995,-0.999929440442,0.0,0.661709102485,0.260894444535,0.303425318117,1.0,-0.00032,-0.000420571428571,0.017
0.465085031717,0.547529090018,-0.123998141648,-1.35576035818,0.0794264686637,1.89410768494,0.15914780501,-5.44595783825e-06,-0.000835023076989,-0.00253996831684,-0.000879756099556,0.000186124170938,-0.000309422478036,0.000325337635034,0.573769991072,0.819001802923,0.00218884776138,0.0,0.818962558035,-0.573711279011,-0.0116809149319,0.0,-0.00831108375436,0.00849490637124,-0.999929378733,0.0,0.661705226787,0.260892975013,0.303428348662,1.0,-0.00066,-0.000867428571429,0.034
0.465084344647,0.547485896468,-0.123998379,-1.35579450813,0.0794257565869,1.89411152425,0.159145888281,0.000679687557864,-0.00364991009796,0.000268144262112,-0.00495039604735,-4.50780455513e-05,0.000418901273924,0.000672466706254,0.573770773204,0.819001221256,0.00220143120417,0.0,0.818962117872,-0.573711991893,-0.011676761065,0.0,-0.00830045390085,0.00850283669204,-0.999929399624,0.0,0.661699578485,0.260889042922,0.303443032082,1.0,-0.001,-0.00131428571429,0.051
0.465088961083,0.547359978233,-0.123995636141,-1.355930481,0.0794220310932,1.89413098666,0.1591442563,0.00167348928357,-0.00569238542366,0.000758386081935,-0.0115148808337,-0.000137683833927,0.0033473449385,-0.000181548102564,0.573770084171,0.819001668134,0.00221472461154,0.0,0.818962645482,-0.573711159418,-0.0116806577288,0.0,-0.00829602566434,0.0085159526536,-0.999929324757,0.0,0.66167398747,0.260879914784,0.303469100712,1.0,-0.00132,-0.00173485714286,0.067
0.46507236232,0.547211232933,-0.123998168053,-1.35613113417,0.0794166796277,1.89417733922,0.159138036898,-0.00242517175293,-0.00777348196636,7.21390196442e-05,-0.00971946157554,-0.00116576807647,0.00245547596059,-0.000554537784163,0.573789946086,0.818987753672,0.00221449936808,0.0,0.818948646659,-0.573730936173,-0.0116907619405,0.0,-0.0083042239468,0.00852176699447,-0.99992920717,0.0,0.661646366907,0.260847879474,0.303483054821,1.0,-0.00168,-0.002208,0.085
0.465055663636,0.547041233805,-0.123995666318,-1.35634625784,0.0794147475931,1.89429880864,0.15913171966,-0.00258606077408,-0.0117062542609,0.00158995323086,-0.0148109796566,0.000135609400116,0.00209193421238,-0.000401536908219,0.573808448656,0.818974596473,0.00228505657137,0.0,0.818936349188,-0.573749118328,-0.0116598498205,0.0,-0.00823823021997,0.00856200106835,-0.999929409359,0.0,0.661629647909,0.260822923251,0.303511540269,1.0,-0.00202,-0.00265485714286,0.102
0.465030696272,0.546867397557,-0.123996457368,-1.35653013306,0.079408723843,1.89439943333,0.159128899615,-0.0028484257967,-0.00754649324919,0.00040368399454,-0.0106695748248,0.000200201266457,0.0031479791374,-0.00171359577616,0.573835936574,0.818955110437,0.00236471712181,0.0,0.818917899593,-0.573776319152,-0.0116170653488,0.0,-0.00815719340098,0.00860296438694,-0.99992972213,0.0,0.661619170135,0.260792270693,0.30355590294,1.0,-0.00232,-0.00304914285714,0.117
0.464994962336,0.546633906785,-0.124000304031,-1.35683062809,0.0793982471164,1.89453833249,0.159109395879,-0.00429400119293,-0.0131798638405,-0.000679326054146,-0.0178840973416,1.32325544369e-05,0.00835902745114,-0.00293496632386,0.573866053198,0.818933819365,0.00242886559721,0.0,0.818897428746,-0.573806194392,-0.0115844452319,0.0,-0.00809335167604,0.00863707794656,-0.999929946818,0.0,0.661594902181,0.260741541135,0.303590414153,1.0,-0.00268,-0.00352228571429,0.135
0.464960228565,0.546381137687,-0.123998487721,-1.35719510536,0.0793798042742,1.89467061005,0.159089235086,-0.000468830114729,-0.0145808338699,0.000430250430065,-0.0207292398519,-0.00177145734667,0.00699911126338,-0.000346847499681,0.573892161949,0.818915463271,0.00244895300111,0.0,0.818879291352,-0.573832185707,-0.0115791080595,0.0,-0.00807717809822,0.00865072280905,-0.999929959642,0.0,0.661554010477,0.26068566316,0.3036073283,1.0,-0.00302,-0.00396914285714,0.152
0.464920785961,0.546108130162,-0.124004120367,-1.35762801921,0.0793514121996,1.89482983914,0.158951740745,-0.00279299467942,-0.0154414102755,0.00176933155312,-0.0227357526238,-0.00189473137385,0.00831357488848,-0.00538201933663,0.573832492413,0.818957283855,0.00244637963045,0.0,0.818921113407,-0.573772569673,-0.0115756299495,0.0,-0.00807643643183,0.00864603097885,-0.999930006212,0.0,0.661506795797,0.260614718788,0.303608551203,1.0,-0.00336,-0.004416,0.169
0.464880428087,0.545831580449,-0.123999067203,-1.35809655065,0.0793122834794,1.89498469077,0.158912655339,-0.0037728089914,-0.0175238459667,-0.000235497909482,-0.0308956149543,-0.00138248598912,0.00675979821219,1.1842991397e-05,0.573847664445,0.818946762263,0.00240945876002,0.0,0.818910208969,-0.573787970158,-0.0115836889776,0.0,-0.0081040621605,0.00862056921481,-0.999930002532,0.0,0.661446832334,0.260537601615,0.303597778772,1.0,-0.0037,-0.00486285714286,0.186
0.464822742197,0.545500730531,-0.124003708522,-1.35864209898,0.0792616783661,1.89517128843,0.158876739361,-0.00190667729921,-0.0202092467556,-0.000309596602178,-0.0300982250664,-0.000635832265346,0.0129845710999,-0.00283794431447,0.573883802838,0.818921541277,0.00237423106797,0.0,0.818884634398,-0.573824336693,-0.0115902143086,0.0,-0.00812924111071,0.00859582309944,-0.999930011183,0.0,0.661388579364,0.260446351282,0.303585384607,1.0,-0.00402,-0.00528342857143,0.202
0.464766027329,0.545161376372,-0.124004534171,-1.35922849794,0.0792462524679,1.89536533813,0.158789195347,-0.00268520228368,-0.0222086550184,-0.000440569782304,-0.0355270221213,-0.000195138741824,0.0129814509103,-0.00126143427262,0.57388255591,0.818922513854,0.0023399200612,0.0,0.81888492291,-0.573822959872,-0.0116378974151,0.0,-0.00818799399601,0.00859507705478,-0.99992953822,0.0,0.661310367116,0.26035290721,0.303562473709,1.0,-0.00436,-0.00573028571429,0.219
0.464702513007,0.544729804664,-0.124002627345,-1.35996487213,0.0792144189225,1.89560330934,0.158701706837,-0.00548389007569,-0.0262907929235,0.000380229905758,-0.0389150816065,-0.0071798931575,0.0128919352618,-0.00402132175921,0.573899229544,0.818910970021,0.00229006732508,0.0,0.818872598031,-0.573839672534,-0.0116809812208,0.0,-0.00825171104943,0.00857914467821,-0.999929151261,0.0,0.661224839347,0.26024224351,0.303538871203,1.0,-0.0047,-0.00617714285714,0.236
0.464638245707,0.544301547967,-0.124008075496,-1.36069934986,0.0791781744454,1.89584577314,0.158615899242,-0.00554211728268,-0.0278757288739,-0.00172958633982,-0.045159220395,0.000708451555808,0.00938396570873,-0.00762686795932,0.573916615327,0.818898928317,0.00223847124541,0.0,0.818859797367,-0.57385715572,-0.0117193850855,0.0,-0.00831258918809,0.00855910872177,-0.999928818726,0.0,0.661135606579,0.260125621082,0.303513534543,1.0,-0.00504,-0.006624,0.253
0.464579566368,0.54385527894,-0.124010925901,-1.36142005821,0.0791346550901,1.8961056563,0.158515788492,-0.000219605535212,-0.0276808494625,-0.00102970612887,-0.0451141284095,-0.00074950454475,0.0152264453468,-0.00520374458719,0.57391325203,0.818901322242,0.00222496645507,0.0,0.818862013543,-0.573853841218,-0.0117268323847,0.0,-0.00832647330914,0.00855228967945,-0.999928761554,0.0,0.661051756503,0.260016082269,0.303508871111,1.0,-0.00536,-0.00704457142857,0.269
0.464506070612,0.543337415791,-0.12401063235,-1.36225135036,0.0790909256813,1.89639838512,0.158423453916,-0.000735171605665,-0.0278519383435,0.000382460431742,-0.0487109102671,-0.00309198327336,0.0175907641477,-0.00902929781482,0.573932195149,0.818888084775,0.00221063044951,0.0,0.818848505574,-0.573872749851,-0.0117447348941,0.0,-0.0083491636359,0.00855101755274,-0.999928583233,0.0,0.660953934773,0.259888584337,0.303504927234,1.0,-0.0057,-0.00749142857143,0.286
0.46442586761,0.542735441064,-0.124014695444,-1.36321921015,0.0790286643783,1.89673527529,0.15828977208,-0.00650340151475,-0.0326606242225,0.000520201238251,-0.0526133754478,-0.00985602645216,0.0213238017743,-0.00696139482873,0.57392839345,0.818890823684,0.00218288309742,0.0,0.818850899588,-0.573869070485,-0.0117575969958,0.0,-0.00837566045174,0.00853563888015,-0.999928493034,0.0,0.660839328606,0.259739028273,0.303499361343,1.0,-0.00608,-0.00799085714286,0.305
0.464362698896,0.542271272495,-0.124017319467,-1.36396247084,0.078986363191,1.8970016368,0.158190003218,-0.00318236215,-0.030681420151,-0.000736893061543,-0.0534310214299,-0.00416619240475,0.0160309561749,-0.00717728403786,0.573930259415,0.818889543328,0.00217256929731,0.0,0.818849456068,-0.57387094617,-0.0117665772779,0.0,-0.00838891420798,0.00853236621141,-0.99992840986,0.0,0.660752770559,0.259624864766,0.30349702542,1.0,-0.00636,-0.00835885714286,0.319
0.464273163134,0.541618691109,-0.124017674641,-1.36494912535,0.0789291993249,1.89737604332,0.158067474115,-0.00597711914566,-0.0352714419266,0.000330361609012,-0.0517880109619,-0.00187732876164,0.0235295571045,-0.00547880666972,0.573943052574,0.818880482481,0.00220787558409,0.0,0.818840839299,-0.573883587563,-0.0117496691009,0.0,-0.0083546719946,0.00855170429367,-0.999928531351,0.0,0.660643647809,0.259473114343,0.303521295661,1.0,-0.00672,-0.008832,0.337
0.464182608261,0.540982294848,-0.124020537556,-1.36594227675,0.0788629743009,1.89774139181,0.157927776783,-0.0082348707892,-0.0387314839284,-0.000475124137338,-0.0575680955149,-0.0035745173267,0.0238580722236,-0.00752394586854,0.573942210094,0.81888106492,0.0022108570255,0.0,0.818841516764,-0.573882791489,-0.0117413353875,0.0,-0.00834614511345,0.0085493541034,-0.999928622656,0.0,0.660531961153,0.259316181857,0.303530218327,1.0,-0.00706,-0.00927885714286,0.354
0.464103826854,0.540322138264,-0.124023677941,-1.36693283442,0.0788135203213,1.89811259371,0.157798617009,-0.00197443555409,-0.0404476139078,0.000865635861961,-0.0605096840256,-0.00584885659539,0.0231043493317,-0.00370422668355,0.573944820972,0.818879126461,0.00225069459671,0.0,0.818840017357,-0.57388517088,-0.0117296001406,0.0,-0.00831364452702,0.00857526715585,-0.99992867151,0.0,0.660418570645,0.259170602887,0.303557622047,1.0,-0.00738,-0.00969942857143,0.37
0.463986711212,0.539602305718,-0.124026831511,-1.36804563795,0.0787439619164,1.89852750407,0.157669599718,-0.00944327582572,-0.0428646607818,-0.00122958254444,-0.0695918680069,-0.00662262031332,0.0191800873415,-0.00709374870599,0.573980287321,0.818854222975,0.00226675615464,0.0,0.818815354674,-0.573920605919,-0.0117175062352,0.0,-0.00829415108578,0.00858183756723,-0.999928777025,0.0,0.660298093448,0.258985698281,0.303572674034,1.0,-0.00772,-0.0101462857143,0.387
0.463878776117,0.538831055554,-0.124032888248,-1.36926724796,0.0786594297807,1.89899834957,0.157518633689,-0.00772110009143,-0.0379695852765,-0.000458543507494,-0.0696766488938,-0.00892788923602,0.0321539460881,-0.00999406815884,0.5739943504,0.818844342015,0.00227511747801,0.0,0.818805717959,-0.57393477669,-0.0116968048452,0.0,-0.00827225269193,0.00857694423163,-0.999929000411,0.0,0.660163854488,0.258794319832,0.303577076834,1.0,-0.00808,-0.0106194285714,0.405
0.463786318042,0.538148042625,-0.124048924523,-1.3703336954,0.0786171581202,1.89939983665,0.157386440191,-0.00584458007135,-0.0459152966738,0.000214682071784,-0.07349190699,-0.0101122442048,0.0226293272561,-0.0137988623217,0.574016600674,0.818828663934,0.00230394706574,0.0,0.818790281778,-0.573956780027,-0.0116976932715,0.0,-0.00825619947082,0.00860128519598,-0.999928924006,0.0,0.660036905621,0.258619534815,0.303588682492,1.0,-0.0084,-0.01104,0.421
0.463679899134,0.537368255352,-0.124051375885,-1.37156704845,0.0785268863175,1.8998761573,0.157235536611,-0.00641015510581,-0.0407786420108,-0.00197566659449,-0.0757422708164,-0.00438578957456,0.0315204960518,-0.0110908711843,0.574029953898,0.818819295875,0.00230643264286,0.0,0.818781122713,-0.5739703067,-0.0116750595648,0.0,-0.00823609877113,0.00859046280553,-0.999929182805,0.0,0.659908013705,0.258436662086,0.303592194548,1.0,-0.00872,-0.0114605714286,0.437
0.463562418401,0.536435261262,-0.124054810837,-1.37302593061,0.0784545139793,1.90041628337,0.157043071419,-0.00444037494694,-0.0452426872433,-0.000287410521215,-0.0763297244322,-0.00355862742584,0.0303113184527,-0.0108587314399,0.5740319063,0.818817872079,0.00232590092976,0.0,0.818779813999,-0.573972043888,-0.0116814350023,0.0,-0.00823012409628,0.00861008290413,-0.999929063249,0.0,0.659737247814,0.258221166024,0.303603406744,1.0,-0.0091,-0.01196,0.456
0.463463885014,0.535673978885,-0.124058203747,-1.37422204232,0.0783854870852,1.90085249871,0.156902088991,-0.00640059969016,-0.0504383423271,0.000763708945791,-0.0804712556167,-0.0125626133016,0.0290990146762,-0.0188340832269,0.574046738562,0.818807468862,0.00232761310141,0.0,0.818769399746,-0.573986833258,-0.0116846988466,0.0,-0.00823165789882,0.00861350748258,-0.99992902113,0.0,0.659596785296,0.258040643442,0.303609295311,1.0,-0.0094,-0.0123542857143,0.471
0.463341496875,0.534735364661,-0.124064141788,-1.37571045179,0.0782963918658,1.90139726158,0.156721899775,-0.0064504619129,-0.0469206646316,-0.000922049023585,-0.0825514303868,-0.00442962546299,0.0354042416505,-0.0124532074556,0.574061354797,0.81879723875,0.00232156094909,0.0,0.818759086548,-0.574001465153,-0.0116885883641,0.0,-0.00823816310139,0.00861093178114,-0.99992898974,0.0,0.659422320738,0.257814676725,0.303610523149,1.0,-0.00976,-0.0128274285714,0.489
0.463230681387,0.533893852155,-0.124058969181,-1.37710166311,0.0782269981723,1.90189649134,0.156557838058,-0.00948560595894,-0.050560372397,0.0012134219857,-0.0878452427077,-0.000365781741275,0.0340139297757,-0.00868108220969,0.574071729278,0.818790063439,0.00228660412456,0.0,0.818751263583,-0.574011766168,-0.0117306258451,0.0,-0.00829254186493,0.00860654638337,-0.999928578004,0.0,0.659251829516,0.257613168108,0.303585063061,1.0,-0.01008,-0.013248,0.505
0.463114626609,0.533018995125,-0.124061990028,-1.37850666725,0.078137813264,1.90242803481,0.156384283085,-0.00252929541643,-0.0516781895205,0.00203917020202,-0.0907406246974,-0.0035936672108,0.0414140895484,-0.0126882595205,0.574079783445,0.81878442653,0.00228298304564,0.0,0.818745627737,-0.574019882801,-0.0117268116411,0.0,-0.00829141271968,0.00860147347926,-0.999928631018,0.0,0.659089436785,0.257401259194,0.303579423574,1.0,-0.0104,-0.0136685714286,0.521
0.462985335254,0.532068703948,-0.124060501614,-1.38005308545,0.0780480449786,1.9030042196,0.156188986534,-0.00583685449164,-0.0522444571379,0.000936018932506,-0.0947369396735,-0.00768237118042,0.0337872912346,-0.0095585209029,0.57408510938,0.818780737773,0.00226661456155,0.0,0.818741668646,-0.574025209773,-0.0117424643542,0.0,-0.00831356979004,0.00859711124252,-0.999928484561,0.0,0.658907037482,0.257170403557,0.303563218792,1.0,-0.01074,-0.0141154285714,0.538
0.462849443331,0.531066905715,-0.124059554562,-1.38164479986,0.0779665184419,1.90358087612,0.15598156877,-0.0055533734285,-0.0635723960301,-0.000111453421453,-0.100828513278,-0.00633240503588,0.0372150300173,-0.0115835345077,0.57409068845,0.818776835195,0.00226329040801,0.0,0.818737549735,-0.574030621803,-0.0117650664105,0.0,-0.00833392629514,0.0086074216378,-0.999928226407,0.0,0.65871646433,0.256931573028,0.303561612626,1.0,-0.01108,-0.0145622857143,0.555
0.462716701613,0.530100378417,-0.124062063139,-1.38318026537,0.0778575427783,1.90412107747,0.155799351748,-0.00683568625127,-0.0621704053665,-0.000832096386119,-0.100938318473,-0.00527141457934,0.0342137342591,-0.00659749183123,0.574105933694,0.818766238543,0.00222944403361,0.0,0.818726608153,-0.574046092046,-0.0117716698495,0.0,-0.00835860313812,0.00858365592377,-0.999928224726,0.0,0.658531873183,0.256692169999,0.303558601512,1.0,-0.0114,-0.0149828571429,0.571
0.462578210074,0.529063189228,-0.124065220992,-1.38482605898,0.0777595266386,1.90472524279,0.155569257906,-0.00588072541968,-0.0632265169586,0.000315474998366,-0.0975069021072,-0.00681166415961,0.0333893322162,-0.0116776514437,0.574096119555,0.818773131324,0.00222527208279,0.0,0.818733415409,-0.574036262976,-0.0117775286809,0.0,-0.00836589823625,0.00858350338523,-0.999928165028,0.0,0.658336716695,0.256442550256,0.30355823216,1.0,-0.01174,-0.0154297142857,0.588
0.462436298101,0.528040461734,-0.124068449404,-1.38642812023,0.0776557222973,1.90534636501,0.155340010777,-0.0146399269002,-0.0589063253311,0.000304070643056,-0.0981361893477,-0.00733506660937,0.0386566933792,-0.0144580601618,0.57408589374,0.818780220395,0.00225481688933,0.0,0.81874097783,-0.574026017786,-0.0117511287875,0.0,-0.00832742858752,0.00859243368821,-0.999928409446,0.0,0.658155549086,0.256195872383,0.303569712899,1.0,-0.01206,-0.0158502857143,0.604
0.462297627215,0.526897314794,-0.124071500337,-1.38817883522,0.0775492700514,1.90601530163,0.155096504467,-0.0046453948571,-0.0687588012331,0.000320019180455,-0.107171801957,-0.00623992622814,0.0431080941617,-0.0170378112564,0.574068265052,0.818792439224,0.00230552191072,0.0,0.818753877338,-0.574008223695,-0.0117215346869,0.0,-0.00827427474653,0.00861678198492,-0.999928641177,0.0,0.657951073667,0.255938208664,0.303599076748,1.0,-0.0124,-0.0162971428571,0.621
0.46215418471,0.52580629769,-0.124074833613,-1.38988560572,0.0774325568233,1.90664889307,0.154878153218,-0.00883451497805,-0.0703243318161,0.000798518344504,-0.106317653682,-0.00428933364478,0.0399807872334,-0.0163317131453,0.574069843551,0.818791314419,0.00231193827209,0.0,0.818752945565,-0.574009892536,-0.0117048836544,0.0,-0.00825694060506,0.00861249281566,-0.999928821416,0.0,0.657749796541,0.255677771929,0.303609324176,1.0,-0.01272,-0.0167177142857,0.637
0.461992295482,0.524651364028,-0.124083929776,-1.39173236463,0.0773264359938,1.90731707124,0.154628802743,-0.0122689736349,-0.0658624447011,-0.000863649558345,-0.113087695192,-0.00623741382272,0.0387486626117,-0.00863392234759,0.574075424824,0.818787456189,0.00229240078481,0.0,0.818748775036,-0.574015484682,-0.0117223557288,0.0,-0.00828240374205,0.00860658238276,-0.999928661719,0.0,0.657529144031,0.255390156693,0.303600853538,1.0,-0.01306,-0.0171645714286,0.654
0.461816532067,0.523317599977,-0.124091108699,-1.3938442708,0.0771860454333,1.90807116906,0.154335398911,-0.0110917366694,-0.0686743793643,-0.00271119665603,-0.107076622563,-0.00829474538088,0.0381166841322,-0.016516881355,0.574059471083,0.818798721111,0.00226381707809,0.0,0.818759737449,-0.573999711109,-0.0117290613688,0.0,-0.00830446998653,0.00858686636592,-0.999928648207,0.0,0.657272335837,0.255065778021,0.303598926654,1.0,-0.01344,-0.017664,0.673
0.461669427636,0.522174537294,-0.124097035153,-1.39567991505,0.077069650789,1.90878527303,0.154093245902,-0.00873593416135,-0.070275262174,-0.00438501560294,-0.115947127566,-0.00728096935702,0.0425761555384,-0.0130640680416,0.57405299156,0.818803232465,0.00227514543634,0.0,0.818764482025,-0.573993279156,-0.011712615379,0.0,-0.008284568647,0.00858663549135,-0.999928815273,0.0,0.657057964013,0.254792403979,0.303590636231,1.0,-0.01376,-0.0180845714286,0.689
0.461502929091,0.520925016808,-0.124108164225,-1.39767173078,0.0769470672482,1.90955524195,0.153827615365,-0.0116334266644,-0.0751033533586,-0.00256798005579,-0.117791417015,-0.00852792596262,0.0499375199669,-0.0147903928898,0.574053272511,0.818802986824,0.00229259453584,0.0,0.818764539101,-0.573993574434,-0.0116941404234,0.0,-0.00825942159416,0.00859032007804,-0.999928991657,0.0,0.656826576951,0.254488940659,0.303587502542,1.0,-0.0141,-0.0185314285714,0.706
0.461354616736,0.519786440961,-0.124104224744,-1.39947162118,0.0768306235399,1.91021418619,0.153580000249,-0.0114760267704,-0.072424239372,0.000726153121438,-0.124358905385,-0.00627466033561,0.042952955459,-0.0191806485695,0.574030753626,0.81881881951,0.00227631466112,0.0,0.818780144199,-0.57397110175,-0.0117045598687,0.0,-0.00827753442879,0.00858274381318,-0.999928906939,0.0,0.656588540483,0.254201425674,0.303579930402,1.0,-0.01442,-0.018952,0.722
0.46118562,0.518437196192,-0.124112721519,-1.40155576693,0.0766970093388,1.91094985588,0.153309430752,-0.0082320079842,-0.0800547321178,-0.000160135791171,-0.120452781148,-0.0106526217512,0.0401749629687,-0.0112883901699,0.574030759444,0.818818795221,0.00228357329477,0.0,0.818780251704,-0.573971119628,-0.0116961597947,0.0,-0.0082664895066,0.00858386547262,-0.999928988681,0.0,0.656348217323,0.253903898397,0.303606446995,1.0,-0.01474,-0.0193725714286,0.738
0.461000677733,0.517076977147,-0.12411278115,-1.40368662227,0.0765531640136,1.91171828247,0.153011207763,-0.0108834282504,-0.0834644983769,0.000158074201544,-0.125903752296,-0.00919996152952,0.0431529536106,-0.0200114436692,0.574011857074,0.818832072002,0.0022743574058,0.0,0.818793468447,-0.57395231552,-0.0116936922943,0.0,-0.00826995681357,0.00857471210844,-0.999929038546,0.0,0.656087772495,0.253576407419,0.303613189062,1.0,-0.01508,-0.0198194285714,0.755
0.460817743015,0.515735000513,-0.124120640277,-1.4058248103,0.0764155051204,1.91253568277,0.152710936316,-0.0101156674815,-0.0812518724016,-0.00338129522479,-0.132900690361,-0.00341644457767,0.0497973312553,-0.0249405549072,0.573997309941,0.818842241968,0.00228426160892,0.0,0.818803863225,-0.573937833562,-0.0116766294664,0.0,-0.00825045213852,0.0085728811874,-0.999929215369,0.0,0.655835033635,0.25324890029,0.303607775453,1.0,-0.01542,-0.0202662857143,0.772
0.460623091135,0.514267794856,-0.124120232485,-1.40818215318,0.0762851232186,1.9133945747,0.152396501201,-0.00701145903069,-0.0840575549966,-0.000301243850686,-0.130885092642,-0.0078594712139,0.0479038494059,-0.0199134947214,0.57398799056,0.818848830628,0.00226410561153,0.0,0.818810009849,-0.573928402881,-0.0117091006802,0.0,-0.00828870846545,0.00857492060257,-0.999928881495,0.0,0.65554169497,0.252898229434,0.30358879241,1.0,-0.01578,-0.0207394285714,0.79
0.460436473448,0.51293938003,-0.124122362758,-1.41032468177,0.0761554367312,1.91413577161,0.152102062282,-0.012675239103,-0.085737001844,-6.22504139435e-05,-0.13229145719,-0.00640245033859,0.0505779147127,-0.0144958976917,0.573978434318,0.818855696045,0.00220292849546,0.0,0.818815969206,-0.573918964003,-0.0117549237556,0.0,-0.00836144481768,0.0085510303977,-0.999928480502,0.0,0.655269856663,0.252567275016,0.303564193726,1.0,-0.0161,-0.02116,0.806
0.460244672758,0.511526013404,-0.124130274497,-1.41260974268,0.0760155910279,1.91496691292,0.151773431125,-0.00806232059886,-0.0863381592704,0.000262626433183,-0.135202175893,-0.00991908137392,0.043703218568,-0.0160545877643,0.573953869017,0.818873014386,0.00216551401789,0.0,0.818832773228,-0.573894516879,-0.0117779406074,0.0,-0.00840202287232,0.00853335272289,-0.99992829138,0.0,0.654986626431,0.252218240136,0.303538840552,1.0,-0.01644,-0.0216068571429,0.823
0.460024851673,0.509978784427,-0.124131122981,-1.41507134724,0.0758668726243,1.91589979444,0.151427248115,-0.0126993445345,-0.0813029400844,8.10953873758e-05,-0.142315159896,-0.0104562381952,0.0448560726486,-0.0208080455197,0.573939486634,0.818883056593,0.00217995622223,0.0,0.818842973531,-0.573880050377,-0.0117736731596,0.0,-0.00839038961861,0.00854258223536,-0.999928310256,0.0,0.654690146178,0.25184128476,0.303531275666,1.0,-0.0168,-0.02208,0.841
0.459835509008,0.508548961033,-0.12413411095,-1.41730070099,0.0757212138096,1.91670901706,0.151120348461,-0.0126701037893,-0.0888732736226,-0.000873866516095,-0.136567340838,-0.012524341106,0.0480356801517,-0.0171492029245,0.573921721883,0.818895499709,0.00218279844116,0.0,0.818855486207,-0.573862310085,-0.0117681211197,0.0,-0.00838439709467,0.00854154126631,-0.999928369414,0.0,0.654412993172,0.251501302554,0.303540858115,1.0,-0.01712,-0.0225005714286,0.857
0.459618830225,0.507021443103,-0.124137648996,-1.41969176922,0.0755685924703,1.91757346936,0.150782956539,-0.0119149342408,-0.0861804936093,-0.000154413224272,-0.137799855941,-0.0101221182157,0.0552146869944,-0.0170211364658,0.573907901251,0.818905193557,0.00217985035274,0.0,0.818865139355,-0.573848500064,-0.0117698523774,0.0,-0.00838765087228,0.00853997915991,-0.999928355468,0.0,0.654117223183,0.251127911805,0.303546131598,1.0,-0.01746,-0.0229474285714,0.874
0.459402182094,0.505456279701,-0.124144097526,-1.42213981179,0.0754160049774,1.91850227398,0.150444784884,-0.0104805192202,-0.089636749285,-0.000282846252305,-0.14788026828,-0.012482197153,0.0503282778837,-0.0223891190168,0.573898363053,0.818911785046,0.00221451989689,0.0,0.818872218939,-0.573838868766,-0.0117468567931,0.0,-0.00834902261716,0.00855507541812,-0.9999285497,0.0,0.653821299557,0.250750965978,0.303555748207,1.0,-0.0178,-0.0233942857143,0.891
0.459181285192,0.503800448706,-0.124151712318,-1.42461974713,0.0752572688659,1.91945762783,0.150103027839,-0.0137612867964,-0.10154379235,-0.00187186915238,-0.147688533882,-0.0125258178241,0.0574943550978,-0.0213839622702,0.573889641288,0.81891760398,0.00232043430626,0.0,0.818879518079,-0.573829861455,-0.0116778368958,0.0,-0.00823181020176,0.00860211137091,-0.999929117978,0.0,0.653526027337,0.25036884584,0.30361517158,1.0,-0.01814,-0.0238411428571,0.908
0.458949887037,0.502125583373,-0.124152931522,-1.42709384933,0.0751013683199,1.92037932208,0.149759227892,-0.00995947472929,-0.105833556642,-0.000114361298034,-0.148305193804,-0.00857924309145,0.0498842473803,-0.021274475166,0.573883045684,0.818921926497,0.00242385636025,0.0,0.818885194817,-0.573822907988,-0.0116213114338,0.0,-0.00812623889785,0.00865430031032,-0.999929531181,0.0,0.653225881451,0.249982854357,0.303686864428,1.0,-0.01848,-0.024288,0.925
0.458732362808,0.500507894154,-0.124147555813,-1.42952971491,0.0749474605679,1.9212329368,0.149423512346,-0.0148378614422,-0.106054323656,0.00107685963914,-0.151844209189,-0.00869177148996,0.0544637756819,-0.0167547112042,0.573864815865,0.818934604823,0.00245622407018,0.0,0.818898201551,-0.57380446893,-0.01161524144,0.0,-0.00810288681613,0.00867714292577,-0.999929522724,0.0,0.652913695768,0.249609467309,0.303730147585,1.0,-0.0188,-0.0247085714286,0.941
0.458476125948,0.498719818556,-0.124153401588,-1.43229831447,0.074764777738,1.92224595281,0.149022794288,-0.0191452022432,-0.104848018074,-0.00021054009591,-0.15725974812,-0.00744956218369,0.0558463875131,-0.0242925925086,0.573842006215,0.818950527566,0.00247632872804,0.0,0.81891444898,-0.573781660592,-0.0115964701708,0.0,-0.00807621884673,0.00868261025077,-0.999929691013,0.0,0.652570201247,0.249173272538,0.303747509096,1.0,-0.01916,-0.0251817142857,0.959
0.458191384989,0.496868544247,-0.124149058602,-1.43525434764,0.0745867088592,1.92333235016,0.148595764336,-0.0143514637807,-0.0933663044854,0.000881814462136,-0.155686200759,-0.0044884064906,0.0509266956156,-0.0264251126972,0.573824247731,0.818963011367,0.00246285005832,0.0,0.818926633056,-0.573763817236,-0.0116188899178,0.0,-0.00810250282334,0.00868426147146,-0.999929464038,0.0,0.65220091151,0.248708880138,0.303725147769,1.0,-0.01954,-0.0256811428571,0.978
0.457977476336,0.495479911648,-0.124146561717,-1.43749756835,0.0744461518463,1.92409073942,0.148271524894,-0.0181173614563,-0.103070747376,0.000995344611937,-0.163800268207,-0.0154350561937,0.0531517693306,-0.0244188240042,0.57380703087,0.818975313018,0.0023822030501,0.0,0.818937746715,-0.573746739814,-0.011678718201,0.0,-0.00819795849686,0.00865237319836,-0.999928962434,0.0,0.651905927688,0.248352103843,0.3036906621,1.0,-0.01982,-0.0260491428571,0.992
0.457687131221,0.493707621991,-0.124151512081,-1.44040982403,0.0742624187756,1.92512750259,0.147863198096,-0.0166755533704,-0.0957392453986,0.000519665212069,-0.164712886335,-0.000818155800457,0.0600514711569,-0.0209274870088,0.573810743342,0.818972974553,0.00229012633177,0.0,0.818934141642,-0.573750717462,-0.0117359604028,0.0,-0.0082976325295,0.00860984857057,-0.999928507345,0.0,0.651536335213,0.247878879895,0.303628865884,1.0,-0.0206022857143,-0.0270772897959,1.01
0.457470889966,0.492328580736,-0.124152971968,-1.44261072013,0.0741182460768,1.92594372278,0.147554934605,-0.0164568754233,-0.107682208896,-0.00107069695642,-0.17088282746,-0.00621484248995,0.0643045875726,-0.0180329387278,0.573807742634,0.818975107355,0.00227923856635,0.0,0.818936165194,-0.57374779139,-0.0117378069995,0.0,-0.00830542355916,0.00860196104334,-0.999928510547,0.0,0.65126260187,0.247526599031,0.303611967451,1.0,-0.0215011428571,-0.028258644898,1.023
0.457079321074,0.489905817956,-0.124156527129,-1.44654064254,0.073876952257,1.92732185459,0.146995796226,-0.0185901836316,-0.11584280709,0.00064748912714,-0.185742939829,-0.0132086406091,0.0611613998815,-0.0289621721716,0.573803731156,0.818978213748,0.0021703500503,0.0,0.818937652433,-0.573743989809,-0.0118195806504,0.0,-0.00843491614949,0.00855966565316,-0.99992778955,0.0,0.650755476281,0.246890530414,0.303546405851,1.0,-0.0230222857143,-0.0302578612245,1.045
0.456790631463,0.488138805723,-0.124162797098,-1.44933142241,0.0736934713426,1.92835873734,0.146592956602,-0.0222407896088,-0.119475189039,0.00120273376822,-0.189660284952,-0.017797456966,0.0726569168678,-0.0224754404618,0.573803641236,0.818978269225,0.00217318734779,0.0,0.818937811479,-0.57374395647,-0.0118101754678,0.0,-0.00842558617542,0.00855659171848,-0.999927894518,0.0,0.650410684013,0.246432439488,0.303536407332,1.0,-0.0240594285714,-0.0316209632653,1.06
0.45641824245,0.485853303502,-0.12418632586,-1.45279828192,0.073484942483,1.92969845874,0.146087886577,-0.0235132356533,-0.125965017258,-0.00476526487377,-0.192885614235,-0.00653174842565,0.077119570914,-0.0259223199619,0.573827415727,0.818961251743,0.00230477849516,0.0,0.818922574536,-0.573767296914,-0.0117325534138,0.0,-0.00828625963891,0.00862006190721,-0.999928513662,0.0,0.649999069801,0.245853038039,0.303590550855,1.0,-0.025304,-0.0332566857143,1.078
0.456088057821,0.483880977171,-0.124207628188,-1.45581360313,0.0732876258692,1.93075833358,0.145623084519,-0.0254340453974,-0.130627711899,-0.004219026465,-0.200438122931,-0.0155730441768,0.0678470543033,-0.0295406067916,0.573826934212,0.818961567345,0.00231250642657,0.0,0.81892303355,-0.573766831417,-0.0117232755188,0.0,-0.00827423191287,0.00862106200996,-0.999928604639,0.0,0.649620357277,0.245335117052,0.303616774425,1.0,-0.0263411428571,-0.0346197877551,1.093
0.455640117483,0.481117794826,-0.124249009613,-1.46007846369,0.0730233256555,1.9322422311,0.144983863895,-0.021017503873,-0.143471518557,-0.00162735883659,-0.219862282313,-0.015926818197,0.0820220048079,-0.032900295016,0.573836878916,0.818954651801,0.00229381577981,0.0,0.818915826027,-0.57377679362,-0.0117391603606,0.0,-0.00829786148183,0.0086149710514,-0.999928461325,0.0,0.649075243224,0.244609709167,0.303633084967,1.0,-0.027724,-0.0364372571429,1.113
0.455336148979,0.479272435102,-0.124251282112,-1.46292544267,0.0728502105087,1.93330829008,0.14456122096,-0.0194185110886,-0.145685119438,0.000275813460226,-0.221255878564,-0.0115900722239,0.0794519263484,-0.0402062037294,0.573833266167,0.818957023348,0.00235020231284,0.0,0.818918864245,-0.573772902597,-0.0117173773005,0.0,-0.00824770482658,0.0086486124086,-0.999928585884,0.0,0.648720102034,0.244142846416,0.303649338466,1.0,-0.0286228571429,-0.0376186122449,1.126
0.454848530076,0.476466759163,-0.124274682689,-1.4672050249,0.0725812567948,1.93487473323,0.143947631218,-0.0237296107175,-0.151157090856,-0.0029733875357,-0.22575873126,-0.0182263128024,0.0812077744444,-0.033526242662,0.573881291231,0.818923154124,0.00242448243639,0.0,0.818885976208,-0.57382066807,-0.0116767189565,0.0,-0.00817127470866,0.00868659246265,-0.999928884162,0.0,0.648189525483,0.243406461946,0.303691604598,1.0,-0.0299365714286,-0.0393452081633,1.145
0.454512240058,0.474478936591,-0.124277834566,-1.47028367211,0.0723875328531,1.93599028708,0.143515073389,-0.0280359163127,-0.15844017309,0.00154100243398,-0.234883555046,-0.0128403769978,0.0808900426739,-0.0287094520798,0.573900358647,0.818909730565,0.00244508315616,0.0,0.818872749949,-0.573839584286,-0.0116746648537,0.0,-0.00815756820641,0.00870247386416,-0.999928857984,0.0,0.647796181852,0.242893283827,0.303698448211,1.0,-0.0308354285714,-0.0405265632653,1.158
0.454006058384,0.471512880067,-0.124289342775,-1.47490328533,0.0720963811792,1.93759237068,0.14282186921,-0.0309401503092,-0.154798544324,-0.00180505086013,-0.242923797575,-0.0181356747068,0.0858675519702,-0.0395866335771,0.573897164871,0.818912093807,0.00240284632054,0.0,0.818874373583,-0.573836341363,-0.0117200905044,0.0,-0.00821904155519,0.00869392337304,-0.999928428965,0.0,0.647189850701,0.242113753449,0.303689434683,1.0,-0.0321491428571,-0.0422531591837,1.177
0.453603734715,0.469054751077,-0.124281822989,-1.47859501357,0.0718560488207,1.93901017106,0.142234854014,-0.0279700847264,-0.163159162588,-0.00105932362284,-0.246403184276,-0.0195823202138,0.0990812717174,-0.037591836662,0.573850840388,0.818944092561,0.00255600213261,0.0,0.818908417552,-0.573789535439,-0.0116326946186,0.0,-0.0080600744436,0.00876873206978,-0.999929069753,0.0,0.646728647298,0.241511295604,0.303752547679,1.0,-0.0331862857143,-0.0436162612245,1.192
0.453086084043,0.466027789007,-0.124283948889,-1.483216315,0.0715412945279,1.9406833716,0.141501918283,-0.0321055614756,-0.175180342859,-0.000981274815106,-0.259344877598,-0.0164664560863,0.0875438867548,-0.0408584048505,0.573808105864,0.818973857619,0.00261248599836,0.0,0.818938986162,-0.573746689193,-0.0115939848534,0.0,-0.00799641926433,0.00879235840317,-0.999929373362,0.0,0.646132851453,0.240732399754,0.303786631233,1.0,-0.0344308571429,-0.0452519836735,1.21
0.452566494283,0.463110246467,-0.124290360114,-1.48782727418,0.0712300187141,1.9422522722,0.140825955231,-0.0344767194743,-0.176998970662,-0.000348396193655,-0.276604708888,-0.0182265408438,0.0929455689256,-0.0416979587001,0.573815241243,0.818969212483,0.00249896454847,0.0,0.818932759964,-0.573754101232,-0.0116667424009,0.0,-0.00812106803348,0.00874120683532,-0.999928817245,0.0,0.645513265523,0.239943962874,0.303739517367,1.0,-0.0356062857143,-0.0467968326531,1.227
0.452065463257,0.460280185054,-0.124286025241,-1.49224408557,0.0709322624164,1.943806099,0.14017670702,-0.0329226905778,-0.181817875558,7.7352909458e-05,-0.272031856379,-0.0224321950576,0.0964356462799,-0.048408247079,0.573814526526,0.818969816943,0.002464748585,0.0,0.81893284591,-0.57375342956,-0.0116937102064,0.0,-0.00816279491257,0.00872865241219,-0.999928587153,0.0,0.644925845798,0.239197154894,0.303720869621,1.0,-0.0367125714286,-0.0482508081633,1.243
0.4514995573,0.457234592548,-0.124299238604,-1.49702562785,0.0706197469533,1.94549926467,0.139437657442,-0.0340380704464,-0.180354996909,-0.00136065372373,-0.290298294805,-0.022088974802,0.0995617249298,-0.049710685371,0.573817909106,0.818967571471,0.00242300825996,0.0,0.818929971416,-0.57375687124,-0.0117261043525,0.0,-0.00821323969647,0.00871309052056,-0.999928309804,0.0,0.644296783215,0.238365647338,0.303687651089,1.0,-0.037888,-0.0497956571429,1.26
0.450864121319,0.453910040207,-0.124337424708,-1.50230880972,0.0702496496756,1.94730364204,0.138620507947,-0.0370933255336,-0.181665092977,-0.000581063481479,-0.289879338095,-0.0205869843293,0.103420307096,-0.0484893390496,0.573836927094,0.818954684124,0.00227010039322,0.0,0.818915187753,-0.573776556708,-0.0117951321104,0.0,-0.0083573092088,0.008627668164,-0.99992785676,0.0,0.643591356647,0.237418663241,0.303615607557,1.0,-0.0391325714286,-0.0514313795918,1.278
0.450270959531,0.450525789088,-0.124384407152,-1.50729649809,0.0699277805801,1.94919722274,0.137825509925,-0.0360947832658,-0.197140200353,-0.000370463878289,-0.293344054476,-0.017778385258,0.109826534477,-0.0390752292409,0.573845386086,0.818948070037,0.00250566403096,0.0,0.818911869037,-0.573784395915,-0.0116432236023,0.0,-0.00809764048042,0.00873349630499,-0.999929074615,0.0,0.64296485191,0.236542919149,0.303729596107,1.0,-0.040308,-0.0529762285714,1.295
0.449673603232,0.447309709228,-0.124390804756,-1.51215759524,0.069588842177,1.95083149573,0.137109060808,-0.0353743929188,-0.207029449575,0.000395671535578,-0.306899173433,-0.0120204358561,0.09316922016,-0.0437024203609,0.573877429246,0.81892566718,0.00248892282269,0.0,0.818889187854,-0.573816428547,-0.0116598133295,0.0,-0.00812049194963,0.00872962376022,-0.999928923114,0.0,0.642302516503,0.235682608292,0.303762459132,1.0,-0.0414142857143,-0.0544302040816,1.311
0.449047159219,0.44386179744,-0.124396545113,-1.51745761663,0.0692208788476,1.95267766409,0.136310292074,-0.0331938834852,-0.198641604798,-0.00634638675091,-0.313787623388,-0.0116645369643,0.109937912373,-0.040711333535,0.573875604287,0.818926995442,0.00247261837029,0.0,0.818890289959,-0.573814646323,-0.0116701147229,0.0,-0.00813830403839,0.0087221652416,-0.999928843389,0.0,0.64158072916,0.234765840624,0.303761217581,1.0,-0.0425897142857,-0.0559750530612,1.328
0.448421172069,0.440577516336,-0.124391918487,-1.52253955862,0.0688688618674,1.95448609686,0.135470764643,-0.0339102607277,-0.195444559983,0.000111723906761,-0.3169988647,-0.0160070997087,0.108405031672,-0.0576470186671,0.573825288389,0.818962253794,0.00247227969926,0.0,0.818925521879,-0.573764314295,-0.0116725386496,0.0,-0.00814101943346,0.00872277874033,-0.999928815933,0.0,0.64089474076,0.233879732802,0.303745633193,1.0,-0.043696,-0.0574290285714,1.344
0.447676411509,0.43680874495,-0.124399987054,-1.52838826461,0.068478984196,1.95654406201,0.134536537631,-0.0467793200533,-0.21594967369,-0.000762068112614,-0.318002871111,-0.0189583815475,0.115021321311,-0.0471749896791,0.57382553658,0.818962148324,0.00244950652576,0.0,0.818924975827,-0.573764489653,-0.0117021912749,0.0,-0.00817836930387,0.00872114616895,-0.999928525388,0.0,0.640102359494,0.232838330189,0.30371542563,1.0,-0.0449405714286,-0.0590647510204,1.362
0.446980567546,0.433262351549,-0.124411069161,-1.53364129329,0.0681138439065,1.95843191973,0.133694245681,-0.0465691665505,-0.225043156281,0.000924251137955,-0.332288262014,-0.0204820985091,0.12221147748,-0.0532949623359,0.573841825135,0.818950311203,0.00258735537177,0.0,0.818915105004,-0.57378048055,-0.0116085243272,0.0,-0.00802238505759,0.00878045023389,-0.999929270014,0.0,0.639362525614,0.231823485629,0.303793576243,1.0,-0.046116,-0.0606096,1.379
0.446225060208,0.429533785642,-0.124442127118,-1.53947621243,0.0676740007163,1.96036297691,0.13277203203,-0.0487920536019,-0.220446548071,-0.00110226096195,-0.354984423787,-0.0301588450765,0.113383349349,-0.0560446543183,0.573854896088,0.818941683309,0.00241339534159,0.0,0.818904303108,-0.573794254355,-0.0116894363412,0.0,-0.00818833194445,0.00868454731167,-0.999928762392,0.0,0.63858815474,0.23081286509,0.303730283829,1.0,-0.0472222857143,-0.0620635755102,1.395
