position_joint1,position_joint2,position_joint3,position_joint4,position_joint5,position_joint6,position_joint7,velocity_joint1,velocity_joint2,velocity_joint3,velocity_joint4,velocity_joint5,velocity_joint6,velocity_joint7,ee_T_00,ee_T_10,ee_T_20,ee_T_30,ee_T_01,ee_T_11,ee_T_21,ee_T_31,ee_T_02,ee_T_12,ee_T_22,ee_T_32,ee_T_03,ee_T_13,ee_T_23,ee_T_33,v_x,v_y,time
0.465089276702,0.547664340807,-0.1240431108,-1.35584556885,0.0795117002262,1.89415785758,0.159121519286,0.000505570335796,-0.000156403941815,-0.000760516186974,0.000759233897354,-0.00014877509848,0.000540998604525,-0.00160583738286,0.573804248337,0.818978094615,0.00207654348268,0.0,0.818936826901,-0.57374539362,-0.011808630148,0.0,-0.00847976542256,0.0084765632767,-0.999928118143,0.0,0.661696551871,0.260875063101,0.303297980037,1.0,0.0,0.0,0.0
0.465093190873,0.547675169347,-0.124043189648,-1.35584768794,0.0795130226546,1.8941571455,0.159124633228,0.00120192731739,0.00275199756519,-0.000403586005367,0.00101873397434,0.000427190110167,-0.00011423273818,-6.75803276738e-05,0.573804129345,0.818978206252,0.00206536469293,0.0,0.818936778121,-0.573745303916,-0.0118163690205,0.0,-0.00849251891865,0.0084718475544,-0.999928049872,0.0,0.661694558997,0.260877377059,0.303289243479,1.0,-0.0001,-0.000131428571429,0.006
0.465088216677,0.547668261989,-0.124040684211,-1.35584588829,0.079512412303,1.8941563317,0.159125433753,0.000117044088974,-0.000987545406598,0.000185050633497,0.00101556043835,-7.66001175458e-05,0.000151751094472,3.3790321256e-06,0.573806829597,0.818976296231,0.00207253950445,0.0,0.818934955714,-0.573747969696,-0.0118132332698,0.0,-0.00848580607512,0.0084759521655,-0.999928072078,0.0,0.661695749287,0.26087568732,0.303294838529,1.0,-0.00044,-0.000578285714286,0.023
0.465082480138,0.547648071953,-0.124040722138,-1.35586322025,0.079512412303,1.89415505731,0.159121598514,-0.00107556438929,-0.000129146399083,1.31848402592e-05,-0.00212305747938,-0.000119203347039,0.000429917507552,0.000349529298616,0.573809315194,0.818974548376,0.00207504472839,0.0,0.818933221526,-0.573750426168,-0.0118141463477,0.0,-0.00848509073658,0.00847855352802,-0.999928056095,0.0,0.661693560909,0.260869990919,0.303300782257,1.0,-0.00078,-0.00102514285714,0.04
0.465089258639,0.54758450721,-0.124038876451,-1.35591016137,0.0795113476978,1.89416684977,0.159130221727,8.87150457035e-05,-0.00455532683188,0.00134686688914,-0.000129902431901,-4.04344272016e-06,1.97915651013e-05,0.0012507750138,0.573811784221,0.818972750575,0.0021016675496,0.0,0.818931739346,-0.573752759139,-0.0118035830585,0.0,-0.00846113823184,0.00849432085893,-0.999928125243,0.0,0.661684702091,0.260871440198,0.303324430309,1.0,-0.00112,-0.001472,0.057
0.4650864466,0.54746647013,-0.124036424729,-1.35605371129,0.0795102664975,1.89420040688,0.159125316847,0.000733744736057,-0.00863529801582,0.000682432502647,-0.0124026348595,0.000211843412672,0.00151547888932,0.000758970867071,0.573815932897,0.818969810422,0.00211463292333,0.0,0.818928862798,-0.573756750775,-0.0118091286216,0.0,-0.00845819775986,0.00850816390038,-0.999928032429,0.0,0.661661835061,0.260857612387,0.303342551319,1.0,-0.00142,-0.00186628571429,0.072
0.465068738517,0.547317769625,-0.124040960288,-1.35625291005,0.0795061951917,1.89426373683,0.159120530437,-0.000525795165777,-0.0077875548697,0.000122784707104,-0.0106588546689,-0.000156290595499,0.00697976432753,0.00189976730896,0.573839657453,0.818953148596,0.00212951624842,0.0,0.818912334251,-0.573780353204,-0.011808555772,0.0,-0.00844894201301,0.00852026876263,-0.999928007608,0.0,0.661638610954,0.260825219234,0.30335871422,1.0,-0.00176,-0.00231314285714,0.089
0.465049877787,0.547136741889,-0.124041087572,-1.3564555455,0.0795027051446,1.89437741512,0.159107342717,-0.00117188829323,-0.0140296285549,0.00013518563599,-0.00882828897863,-0.0001508435125,0.00882056375651,-0.00189918488031,0.573854985135,0.81894218878,0.00221232289641,0.0,0.818902427997,-0.573795334435,-0.011767518955,0.0,-0.00836765827667,0.00856469090324,-0.999928311613,0.0,0.661624749734,0.260798158086,0.303400365019,1.0,-0.0021,-0.00276,0.106
0.465040953753,0.546961026904,-0.124041804975,-1.35665966375,0.0795018817253,1.89447888161,0.159093555586,0.000536359610773,-0.00953974229453,-0.000139004753008,-0.0151265727381,0.000235849244439,0.00432996449018,0.00103615774789,0.573863852719,0.81893577059,0.00228672081676,0.0,0.818896906062,-0.573803846159,-0.0117367063968,0.0,-0.00829963929127,0.00860802588413,-0.999928506383,0.0,0.661602864063,0.260777343737,0.303441072433,1.0,-0.00242,-0.00318057142857,0.122
0.465012326034,0.54672747324,-0.124043880726,-1.35697691995,0.0794936812868,1.89462186163,0.159063625874,-0.00279702396104,-0.0191612831439,-0.00107390585575,-0.0221108688055,0.000155039819707,0.00495376185078,-0.00294059608532,0.573878893615,0.818925090911,0.00233620210283,0.0,0.818886827789,-0.573818657698,-0.0117157266927,0.0,-0.00825390510541,0.00863665968383,-0.999928638034,0.0,0.661575671811,0.260730333231,0.303463384603,1.0,-0.00276,-0.00362742857143,0.139
0.464980652538,0.5464588654,-0.124043251872,-1.35735758596,0.0794867995398,1.89475527975,0.158970567799,-0.00263963676559,-0.018476504407,-0.000229767717309,-0.0244460629734,-0.00325547074076,0.010283999182,-0.00402626309984,0.573847573684,0.818946956113,0.00236477312673,0.0,0.81890890659,-0.573787070851,-0.0117195107665,0.0,-0.00824094008735,0.00866191336231,-0.999928526527,0.0,0.661530532823,0.260676025903,0.303483974765,1.0,-0.0031,-0.00407428571429,0.156
0.46494162458,0.54616284458,-0.124044044943,-1.3578310834,0.0794681496987,1.89492247725,0.158924650035,-0.00389245092915,-0.0127284529421,-0.00070847972037,-0.028942781767,-0.00021065619091,0.0154138618815,-0.00250032343741,0.57386400242,0.818935454853,0.0023610192275,0.0,0.818897260606,-0.573803410639,-0.0117332609455,0.0,-0.00825418142255,0.00866689512983,-0.999928374144,0.0,0.661474424781,0.260605754402,0.303482732097,1.0,-0.00346,-0.00454742857143,0.174
0.464894066975,0.545840120226,-0.124041700476,-1.35836631378,0.0794405257204,1.8950996357,0.158870255669,0.000776875377081,-0.0147693806335,0.000689064819299,-0.0323563566329,0.000253252325258,0.0112096609598,-0.00348602044611,0.573879277455,0.81892482837,0.00233394248694,0.0,0.818886197336,-0.573818695975,-0.0117578426839,0.0,-0.00828968906978,0.00865898226403,-0.999928148959,0.0,0.661408797613,0.260523901074,0.303471736925,1.0,-0.00382,-0.00502057142857,0.192
0.464841182011,0.545545508414,-0.124047060502,-1.35887651292,0.0793895914043,1.89526477811,0.158798284077,-0.00468560932889,-0.0196632970949,-0.00394029686271,-0.0328912680539,-0.00188359571347,0.0150778169809,0.0068826703738,0.573882303524,0.818922864077,0.00227844145341,0.0,0.818883675766,-0.573822101971,-0.0117672322651,0.0,-0.0083291958476,0.0086189508123,-0.999928166512,0.0,0.661350191532,0.260432076513,0.303451898995,1.0,-0.00412,-0.00541485714286,0.207
0.46476458232,0.545138044638,-0.12404178246,-1.35959026096,0.0793389906844,1.89548342402,0.158710508153,-0.00425950877016,-0.0306656083549,0.00087607218466,-0.0441558113036,-0.00531682568464,0.0120891082164,-0.00719813935877,0.573895684923,0.8189136982,0.00220105148074,0.0,0.818873473844,-0.573835748752,-0.0118116125005,0.0,-0.0084098111649,0.00858118133247,-0.999927816596,0.0,0.661262119281,0.260311734417,0.303419339834,1.0,-0.00448,-0.005888,0.225
0.464713422835,0.544771497698,-0.124047779864,-1.36020653857,0.0793187236167,1.89568347034,0.158621705767,-0.00433771765937,-0.0258883402918,-0.00112415702855,-0.046086770333,-0.000251240305623,0.0130083036896,-0.00800957469195,0.573897945793,0.818912205108,0.00216680446137,0.0,0.818871367476,-0.573837973311,-0.0118495069449,0.0,-0.00846047407133,0.00857490692019,-0.999927443043,0.0,0.661185847606,0.260216378362,0.303402992646,1.0,-0.00478,-0.00628228571429,0.24
0.464650618785,0.544336698949,-0.124053080273,-1.36094224977,0.0792861342146,1.89593868796,0.158567135761,-0.00185085623069,-0.0303581839667,-0.000499080694764,-0.0434008270676,-4.83837413772e-05,0.0190026800964,-0.00300153530502,0.573940738812,0.81888230528,0.00213197851707,0.0,0.818840905338,-0.5738807899,-0.0118809776679,0.0,-0.00850578462896,0.00856489322034,-0.999927144462,0.0,0.661098400382,0.260102197955,0.30338281801,1.0,-0.00512,-0.00672914285714,0.257
0.464566035096,0.543799928341,-0.124055592715,-1.36183320143,0.0792377572735,1.89625109909,0.158426757322,-0.00394544429313,-0.0315537016995,-0.00155111272932,-0.0489184907151,-0.00860067934482,0.0144591038936,-0.00254835156807,0.573933557319,0.818887425235,0.0020984463518,0.0,0.818845515227,-0.57387367128,-0.0119070779514,0.0,-0.00854647783997,0.00855233964906,-0.99992690493,0.0,0.6609951298,0.259959477072,0.303365711118,1.0,-0.0055,-0.00722857142857,0.276
0.464497295725,0.543304616838,-0.124053163649,-1.36261225749,0.0791932261561,1.89651586724,0.158332462236,-0.00196057668046,-0.0359114297641,0.000199168928551,-0.05320992573,-0.00127437490684,0.0201124514729,-0.00151038027118,0.573949354901,0.8188763892,0.00208425542214,0.0,0.818834222308,-0.57388945289,-0.0119230507762,0.0,-0.0085675375156,0.00855005158412,-0.999926744276,0.0,0.660895264443,0.259830375133,0.30337044841,1.0,-0.00584,-0.00767542857143,0.293
0.464420070613,0.542791025795,-0.124054244994,-1.36344013895,0.0791446398716,1.89680754832,0.158240528477,-0.00576287434752,-0.0323324289061,0.000260236655059,-0.0545905309621,-0.00187913666772,0.0165364886013,-0.0075782535011,0.573964089285,0.818866108953,0.00206560399648,0.0,0.818823661567,-0.573904224809,-0.0119372905279,0.0,-0.00858974916499,0.00854310599541,-0.999926613082,0.0,0.66080545541,0.259708965103,0.303362716584,1.0,-0.00614,-0.00806971428571,0.308
0.464356326024,0.542236139235,-0.124055276677,-1.36429093235,0.0790944586408,1.89712053522,0.158116070273,-0.0027461344941,-0.0395126730781,0.00125469492323,-0.0494206343147,-0.00342574568107,0.019217717163,-0.0063199076999,0.573948998236,0.818876648138,0.00208073533679,0.0,0.818834381528,-0.573889056993,-0.0119311689751,0.0,-0.00857620953701,0.00855182476278,-0.999926654772,0.0,0.660705999435,0.259585655499,0.303377343254,1.0,-0.00646,-0.00849028571429,0.324
0.464267726306,0.541582952336,-0.124059531429,-1.36531671095,0.0790333605224,1.89748642962,0.157980658346,-0.00102130489859,-0.0395713233438,-0.000195021462934,-0.061576160985,-0.000796835823523,0.0229151746988,-0.0109111099482,0.573954245149,0.818872986274,0.00207454271668,0.0,0.818830623313,-0.573894313136,-0.0119362714549,0.0,-0.00858388725019,0.0085497373875,-0.999926606742,0.0,0.660586983575,0.259426402884,0.303382802959,1.0,-0.00682,-0.00896342857143,0.342
0.464178998097,0.540925479444,-0.124060982769,-1.36633118779,0.0789724369741,1.89785273615,0.157858672277,-0.00413782803171,-0.0408031387127,-0.00374678856077,-0.0657146815857,-0.00387079778897,0.0236994392663,-0.0135164458803,0.573967442669,0.818863711079,0.0020843068393,0.0,0.818821447097,-0.573907440645,-0.011934581968,0.0,-0.0085767620061,0.00855690138074,-0.999926606603,0.0,0.660463077915,0.259260992868,0.303397334521,1.0,-0.00718,-0.00943657142857,0.36
0.464087165842,0.540221288417,-0.124062724093,-1.36739190333,0.0789177231285,1.89823866135,0.157719004102,-0.00629594001438,-0.0433824438959,-0.000163466805857,-0.0614702771293,0.000176485473034,0.021295852555,-0.00361535327052,0.57397412447,0.818858954627,0.00211276272859,0.0,0.818816981801,-0.573913925221,-0.0119291095046,0.0,-0.00855587891511,0.00857713132064,-0.999926612184,0.0,0.660347763301,0.259109162139,0.303422866528,1.0,-0.0075,-0.00985714285714,0.376
0.464000889019,0.539567532948,-0.124063096966,-1.36839381913,0.0788574996549,1.89861922183,0.157599630561,-0.00489531451218,-0.0451855601024,0.000595482477473,-0.0695049262312,0.000209606408887,0.0195703070505,-0.00914891710128,0.573986702185,0.818850067876,0.00213984956483,0.0,0.818808454128,-0.573926397169,-0.011914402305,0.0,-0.00852815717836,0.00859100080517,-0.999926729936,0.0,0.660235111745,0.258957701275,0.303440935427,1.0,-0.0078,-0.0102514285714,0.391
0.46390007401,0.538814329649,-0.124064152656,-1.3695616645,0.0787853689094,1.89905650747,0.15745676827,-0.00581464138553,-0.0409770447015,0.00127340953536,-0.067979363041,-0.00501619764248,0.0244735497287,-0.00573241148111,0.573998320641,0.818841877551,0.0021573991404,0.0,0.818800509104,-0.573937959981,-0.0119034148178,0.0,-0.00850896510111,0.00859918519077,-0.999926823086,0.0,0.660102403992,0.258779787399,0.303455115636,1.0,-0.00814,-0.0106982857143,0.408
0.463778661452,0.53798571806,-0.124077986126,-1.37083964641,0.0787142370873,1.8995574195,0.157292907108,-0.00768342279844,-0.0461243305007,-0.00037649467146,-0.0735130928847,-0.00554209572198,0.0240267367367,-0.00763361814745,0.574024992363,0.818823067292,0.00219988976779,0.0,0.818782295464,-0.573964501977,-0.0118764475318,0.0,-0.00846221348542,0.00861877443572,-0.999927051174,0.0,0.659966827758,0.258573266662,0.303475951881,1.0,-0.0085,-0.0111714285714,0.426
0.463671002442,0.537152103508,-0.124073130803,-1.37218645965,0.0786336352572,1.9000454203,0.157129863121,-0.00634512672304,-0.0433084570273,6.52009391414e-05,-0.0793225671202,-0.00124479437678,0.0219169382569,-0.0100358118061,0.574028888783,0.818820391429,0.00217906493651,0.0,0.818779284746,-0.573968416416,-0.0118948194713,0.0,-0.0084891697274,0.00861230904715,-0.999926878392,0.0,0.659805244815,0.258376174624,0.303465666191,1.0,-0.00886,-0.0116445714286,0.444
0.463570248737,0.536393759312,-0.124082216715,-1.37334008101,0.0785643735306,1.90048177733,0.15699481777,-0.00650768764088,-0.0423978843939,-0.000356856568483,-0.0798047547978,-0.00136651174544,0.0304266634197,-0.00411515951163,0.574052180326,0.818803975133,0.00221166700064,0.0,0.818763339271,-0.573991622025,-0.0118726160973,0.0,-0.00845202965435,0.00862649910245,-0.999927070695,0.0,0.659676671868,0.258195837998,0.30349002071,1.0,-0.00916,-0.0120388571429,0.459
0.463442067011,0.53542091727,-0.124085079914,-1.37487173145,0.078484501072,1.90104443496,0.156811863562,-0.013767372518,-0.0530174332826,0.000671724708831,-0.0778249576042,-0.00649047167015,0.0399229824463,-0.0109166114038,0.574072139587,0.818789957635,0.00222052419557,0.0,0.818749315587,-0.574011419503,-0.0118825673482,0.0,-0.00845488335277,0.00863966986715,-0.999926932857,0.0,0.659497159197,0.257965824149,0.303496445752,1.0,-0.00954,-0.0125382857143,0.478
0.46332922976,0.534585377437,-0.124084035923,-1.37623215617,0.0784096326824,1.90152775647,0.156640456246,-0.00852758678139,-0.0486580314392,0.00111088362119,-0.088440342254,-0.00363255154947,0.029987704455,-0.016306048954,0.574077970197,0.818785954983,0.00218882553023,0.0,0.818744779166,-0.574017253169,-0.0119132931517,0.0,-0.00849817710796,0.00863141480778,-0.999926637141,0.0,0.659332471077,0.257762174922,0.303480296639,1.0,-0.00986,-0.0129588571429,0.494
0.463199183795,0.533670988409,-0.124089006991,-1.37771269601,0.0783167179742,1.9020537795,0.156463609415,-0.0100892953523,-0.0507180896831,0.000434238475536,-0.0898857949397,-0.0063537753003,0.039657741438,-0.0102158169902,0.574099231156,0.818771148224,0.00215093531628,0.0,0.818729480296,-0.574038666708,-0.0119329007113,0.0,-0.00853575911572,0.00861186908264,-0.999926485561,0.0,0.659156908571,0.257530468854,0.303466306128,1.0,-0.0102,-0.0134057142857,0.511
0.463084183476,0.532855466258,-0.124088737499,-1.37902139113,0.078250370734,1.90255784662,0.156298762069,-0.0133102275342,-0.055776763443,0.000565120130353,-0.0899147180239,-0.00598136789519,0.033327453242,-0.012457698749,0.574112203957,0.818762013728,0.0021654202564,0.0,0.818720428287,-0.574051471477,-0.0119379772884,0.0,-0.00853146389708,0.0086267783438,-0.999926393701,0.0,0.659007480687,0.257333631112,0.303462178697,1.0,-0.0105,-0.0138,0.526
0.462951367738,0.531893301075,-0.124090098769,-1.38056287231,0.0781641759536,1.90314101233,0.156099384205,-0.0054387714255,-0.0594645316272,-0.000392846089643,-0.0931425662493,-0.00526450046063,0.0317684879122,-0.0125409031818,0.574119832546,0.818756650916,0.00217056689375,0.0,0.81871507138,-0.574059016239,-0.0119425571722,0.0,-0.00853217888887,0.00863370097873,-0.999926327852,0.0,0.658829168924,0.257100579087,0.303457363102,1.0,-0.01084,-0.0142468571429,0.543
0.462818206414,0.530888278667,-0.124089724023,-1.38218445794,0.0780563221939,1.90370622672,0.155897180175,-0.00911696044734,-0.0587466361034,0.00084721521434,-0.0986960074688,-0.00757557653968,0.0307294949784,-0.0147549342415,0.574123403171,0.818754275492,0.00212160222977,0.0,0.818712031958,-0.57406276181,-0.011970845086,0.0,-0.00858341301719,0.00860988935917,-0.999926094682,0.0,0.65861822899,0.256839122108,0.303443377316,1.0,-0.0112,-0.01472,0.561
0.462668236264,0.529803262649,-0.124090777202,-1.38391857827,0.0779573351774,1.90432918538,0.155677135805,-0.0140917570762,-0.0562681684247,0.000346160266733,-0.0960172666904,-0.00727768031833,0.0343334732749,-0.0100156044033,0.574133200675,0.818747455942,0.00210194492473,0.0,0.818704886362,-0.574072570022,-0.0119891741394,0.0,-0.00860960266202,0.00860442116462,-0.999925916595,0.0,0.658422182071,0.25658997736,0.303435801203,1.0,-0.01154,-0.0151668571429,0.578
0.462535447389,0.528810151048,-0.124090424776,-1.38548397128,0.0778547237964,1.90491577267,0.155455096216,-0.00958582989703,-0.0604514790862,0.00061152218921,-0.0985970949746,-0.00569648861597,0.0385455213991,-0.0129456231345,0.574117260861,0.818758614774,0.00210912666738,0.0,0.818716193907,-0.574056657355,-0.0119789349105,0.0,-0.00859726347317,0.00860425511504,-0.999926024191,0.0,0.658238959977,0.256353184144,0.30344094361,1.0,-0.01186,-0.0155874285714,0.594
0.462390217309,0.527631852807,-0.124099246174,-1.38732021611,0.0777345786088,1.90561928403,0.155206543549,-0.00759991930416,-0.0656079976966,-0.00256703017812,-0.0975546146573,-0.00648155115729,0.0295844010156,-0.0126509442054,0.574106119436,0.818766348147,0.0021395490161,0.0,0.818724456538,-0.574045524816,-0.0119476611215,0.0,-0.0085543090245,0.00861109225847,-0.99992633373,0.0,0.658026322182,0.256078263362,0.303457724153,1.0,-0.01222,-0.0160605714286,0.612
0.462249989161,0.526547837683,-0.124099295384,-1.38900034581,0.0776403821337,1.90625261396,0.154978845576,-0.00838899153036,-0.0685198886423,-0.000220080930099,-0.11279627971,-0.00289766017535,0.0317387657924,-0.00755299320218,0.574100054723,0.818770507609,0.0021748420119,0.0,0.818729002456,-0.574039242375,-0.0119379919219,0.0,-0.0085261952006,0.008634374285,-0.999926373078,0.0,0.657828523218,0.255828486582,0.30347581551,1.0,-0.01254,-0.0164811428571,0.628
0.462097100829,0.525368514232,-0.124103207998,-1.39082820146,0.0775199676215,1.90691417992,0.154726159062,-0.00623308715707,-0.0685780706011,-0.000273590438723,-0.108192658537,-0.00664202007939,0.033902479588,-0.00804146205634,0.574087049572,0.81877961175,0.00218032069861,0.0,0.818738235223,-0.57402627458,-0.0119283350423,0.0,-0.00851528011229,0.00863318080724,-0.999926476394,0.0,0.65760923477,0.255549594658,0.303492900263,1.0,-0.01288,-0.016928,0.645
0.461964473321,0.524328448645,-0.124110987633,-1.39247504234,0.0774138749577,1.90749994441,0.154503636732,-0.00716893498837,-0.0743222219734,2.67588917828e-05,-0.112337383152,-0.0067504686608,0.0432630195168,-0.0109112138044,0.574078782284,0.818785468774,0.00215748875803,0.0,0.818743825247,-0.574018132106,-0.0119364791797,0.0,-0.00853514236171,0.00861907597486,-0.999926428731,0.0,0.657408043799,0.255298642876,0.303491492987,1.0,-0.01318,-0.0173222857143,0.66
0.461800232585,0.523133452684,-0.124120545969,-1.39438330385,0.0772957340086,1.90821172269,0.154238293988,-0.0146875651037,-0.0692409926599,-0.00101635000422,-0.113785562121,-0.00724148175737,0.0486491188029,-0.0117992650047,0.574073420265,0.818789244207,0.00215142188108,0.0,0.818747562279,-0.57401283655,-0.0119348078865,0.0,-0.00853731292233,0.00861309323293,-0.999926461753,0.0,0.657183215443,0.255003485679,0.303485315042,1.0,-0.01352,-0.0177691428571,0.677
0.461651618766,0.521899018367,-0.124120909017,-1.39633045481,0.0771765397213,1.90897528365,0.153977804374,-0.00881741692679,-0.0696702572473,-6.94173914515e-05,-0.113882764807,-0.00297032204345,0.0456168697473,-0.0103605814662,0.574054489738,0.818802410293,0.00219148600581,0.0,0.818761290536,-0.573993786679,-0.0119091928986,0.0,-0.00849354002606,0.00863099573631,-0.999926680157,0.0,0.656953958478,0.25472320569,0.303492204253,1.0,-0.01386,-0.018216,0.694
0.461482486214,0.520646553991,-0.124123119824,-1.3983474616,0.0770435122286,1.90973763766,0.153702388685,-0.0123556906939,-0.0764719909332,-0.000624745092747,-0.115981373567,-0.013204826642,0.0372451572308,-0.0171134809653,0.574040964944,0.818811919647,0.00218121780996,0.0,0.818770753724,-0.57398039386,-0.0119040838296,0.0,-0.00849539303716,0.008619515071,-0.999926763447,0.0,0.656714181983,0.254418072747,0.303478122157,1.0,-0.0142,-0.0186628571429,0.711
0.461317261442,0.519418343603,-0.124124185211,-1.40026856717,0.0769246898381,1.91043431249,0.153440750002,-0.0126136332701,-0.0761952792411,0.000883374808125,-0.121494739655,-0.00528064711322,0.0365470117211,-0.0197592128932,0.574032919739,0.818817554151,0.00218333942064,0.0,0.818776386972,-0.573972311803,-0.0119063144003,0.0,-0.00849608643746,0.00862244918974,-0.999926732259,0.0,0.656480581919,0.254125141883,0.303486549677,1.0,-0.01452,-0.0190834285714,0.727
0.461133046399,0.518079924104,-0.12412808434,-1.40237673707,0.0767896249955,1.91118284823,0.153156348224,-0.0129671501541,-0.074731580415,0.000499467593002,-0.126704506505,-0.00434130040856,0.0436168737848,-0.0207518094953,0.57402892915,0.818820410144,0.00216132627458,0.0,0.818778952926,-0.573968407341,-0.0119180754012,0.0,-0.00851839439406,0.00861113431514,-0.999926639971,0.0,0.656221662279,0.253798308137,0.303487520589,1.0,-0.01486,-0.0195302857143,0.744
0.460958979485,0.516713869911,-0.124135722013,-1.4044983026,0.0766508892068,1.91195155772,0.152865624317,-0.0128534810883,-0.0750291662919,-0.000690490109245,-0.122456615091,-0.00654374008478,0.0487486122085,-0.0215786586982,0.574013545435,0.818831181983,0.00216609568612,0.0,0.8187898501,-0.573953070183,-0.011908043595,0.0,-0.00850760394042,0.00860912123759,-0.999926749171,0.0,0.655962027428,0.253475550248,0.303502938487,1.0,-0.0152,-0.0199771428571,0.761
0.460768619739,0.515346490778,-0.124140863811,-1.40668010263,0.0765144616947,1.91278523996,0.15256556112,-0.0119849457297,-0.084104094727,0.00120846977744,-0.120637165464,-0.00583703360131,0.0393064725854,-0.0156720926823,0.574005968031,0.818836464725,0.00217706276241,0.0,0.818795327383,-0.573945501923,-0.0118962001709,0.0,-0.00849169060309,0.00861122450504,-0.999926866327,0.0,0.655703768098,0.253141214049,0.303495808515,1.0,-0.01554,-0.020424,0.778
0.46058730181,0.514044333819,-0.124145488909,-1.40879403851,0.0763829968438,1.91354130592,0.15227922344,-0.0164525715264,-0.0807261462154,0.000769293670714,-0.135062882214,-0.0144078025923,0.0469716576246,-0.0140863709757,0.573998974161,0.81884150006,0.00212658004856,0.0,0.81879966569,-0.573938673597,-0.0119269994756,0.0,-0.00854596014569,0.00858749383252,-0.999926608064,0.0,0.655440903038,0.25281595958,0.303468126626,1.0,-0.01586,-0.0208445714286,0.794
0.460397416723,0.51263611845,-0.124144045114,-1.41106472676,0.0762660065628,1.9143238055,0.151961230512,-0.00825024169956,-0.0840691448287,0.00180579942572,-0.135723501642,-0.0104033024826,0.0438212577143,-0.0178593467243,0.573980570869,0.818854540368,0.00207192765871,0.0,0.81881165661,-0.573920162154,-0.0119943892897,0.0,-0.00863270527731,0.00858123014562,-0.9999259167,0.0,0.655148011898,0.25247561199,0.303441879929,1.0,-0.0162,-0.0212914285714,0.811
0.460190700391,0.511103888457,-0.124149746739,-1.41349816683,0.0761067623368,1.91524855226,0.151609071218,-0.00730616360701,-0.0880127596912,0.000832190212898,-0.133140864531,-0.00960052971929,0.0510671162172,-0.0256574457309,0.573949985361,0.818875950907,0.00208284211825,0.0,0.818833318192,-0.573889643008,-0.011975874379,0.0,-0.00861159980032,0.008579218624,-0.999926115949,0.0,0.654855269195,0.252105242914,0.303437037583,1.0,-0.01656,-0.0217645714286,0.829
0.459995067469,0.509720641444,-0.124154743317,-1.41570234308,0.0759567774859,1.91608822679,0.151304584635,-0.00930569723332,-0.0855325089673,-0.000581825880386,-0.137064756292,-0.0169744340159,0.0531587435894,-0.0241319491321,0.573938925522,0.818883691882,0.0020870653405,0.0,0.81884126553,-0.573878717837,-0.0119560018295,0.0,-0.0085930179789,0.00857115508954,-0.999926344959,0.0,0.654591892534,0.251763600814,0.303429125898,1.0,-0.01688,-0.0221851428571,0.845
0.459800355725,0.508317617765,-0.124156473882,-1.41792619555,0.0758179606357,1.91688053458,0.150992192844,-0.0103140343554,-0.0828164373732,0.000430623887519,-0.140885343795,-0.0067252336204,0.0505143952322,-0.0200973970289,0.573918186841,0.81889830959,0.00205432861912,0.0,0.81885540101,-0.573858062946,-0.0119792624942,0.0,-0.00863107093945,0.00855747945356,-0.999926134352,0.0,0.654292875625,0.251398683528,0.303419150581,1.0,-0.01722,-0.022632,0.862
0.45955985014,0.506606166167,-0.124160071813,-1.42060985953,0.0756485617863,1.91786130062,0.15063079357,-0.00900391092479,-0.0890481932654,-0.000742644459014,-0.143430422714,-0.00982173286657,0.062107859913,-0.0231120240561,0.57391848478,0.81889807385,0.00206503620427,0.0,0.818855295479,-0.573858306733,-0.0119747968682,0.0,-0.00862126589668,0.00856368798291,-0.999926165785,0.0,0.653981292788,0.251004970797,0.3034256684,1.0,-0.01758,-0.0231051428571,0.88
0.459336413936,0.505008421615,-0.124169963166,-1.42306680177,0.0754979676195,1.91880109063,0.15028374718,-0.0131904759752,-0.0953334455025,-0.00145028513628,-0.142700949119,-0.0125860062106,0.0644087908555,-0.0131909889942,0.57391069034,0.818903369194,0.00213033719867,0.0,0.818861493485,-0.573850294728,-0.0119348493724,0.0,-0.00855115836889,0.00859415420667,-0.999926506401,0.0,0.653688292663,0.250622006118,0.303454696624,1.0,-0.01792,-0.023552,0.897
0.459119787975,0.503440339415,-0.1241734134,-1.42540327315,0.0753529295027,1.91968140732,0.149959215182,-0.014186323969,-0.0907959181042,-0.00152057425886,-0.140534999264,-0.0156029595334,0.0510957785936,-0.0252957593582,0.573905794824,0.818906549099,0.00222472713493,0.0,0.818865929484,-0.573845045879,-0.0118827502103,0.0,-0.00845437609665,0.00864149883296,-0.999926921341,0.0,0.653407079382,0.250258136241,0.303514316451,1.0,-0.01824,-0.0239725714286,0.913
0.458885812417,0.501750982836,-0.12417732,-1.42792268473,0.0751839910441,1.92060729114,0.149601105228,-0.0110254230695,-0.0973888343983,0.00165469206905,-0.145095576219,-0.00853701175498,0.0599510581253,-0.017838070276,0.57388521533,0.818920728858,0.00231222253089,0.0,0.818881325004,-0.573824205155,-0.0118281037789,0.0,-0.00835963106049,0.00868157688115,-0.999927370758,0.0,0.653079365502,0.249846367239,0.303582158688,1.0,-0.0186,-0.0244457142857,0.931
0.458646440624,0.500044126676,-0.124169642906,-1.43051798704,0.0750193259696,1.9215160079,0.149241865835,-0.0119890445188,-0.0946529093764,0.00154946044676,-0.152186394964,-0.00478273285687,0.0559380500384,-0.0226412127995,0.57387400283,0.818928567294,0.00231893233492,0.0,0.818889170608,-0.573812884862,-0.011834117114,0.0,-0.00836082429227,0.00869040805192,-0.999927284069,0.0,0.652766755242,0.249459949022,0.303609067824,1.0,-0.01892,-0.0248662857143,0.947
0.458412110443,0.49847477245,-0.124172812898,-1.43297923285,0.0748626733646,1.9224392495,0.148895780274,-0.00952275601186,-0.0909152459628,0.000955199999837,-0.151978117148,-0.0119501785749,0.0607356306317,-0.0309469552109,0.573867732757,0.818932898507,0.0023409283405,0.0,0.818893819089,-0.573806563186,-0.0118189679434,0.0,-0.00833586212066,0.00869966358162,-0.999927411994,0.0,0.652465923652,0.249071267733,0.303612237818,1.0,-0.01924,-0.0252868571429,0.963
0.458132097751,0.496700648661,-0.124175432403,-1.43580176379,0.0746952874648,1.92345542882,0.148466305652,-0.0224291910097,-0.091688586486,-2.97447443041e-05,-0.155023332318,-0.00375768609515,0.0566338084874,-0.0220897914674,0.573845109294,0.818948819573,0.00231697237819,0.0,0.818909278831,-0.573783879393,-0.0118490377159,0.0,-0.00837447528553,0.00869706996797,-0.999927111912,0.0,0.652112351705,0.248617702106,0.3035936853,1.0,-0.0196,-0.02576,0.981
0.457868278795,0.495028058793,-0.124180491975,-1.43853633143,0.0745168652695,1.92439105996,0.148081556895,-0.0184550683825,-0.0963747119959,-0.000696158760675,-0.164724749319,-0.00391143038368,0.0586892619901,-0.0171963849655,0.573839087443,0.818953350667,0.00220409951194,0.0,0.81891226192,-0.573778225065,-0.0119164851983,0.0,-0.00849454472182,0.0086432755184,-0.999926565553,0.0,0.651757019709,0.248175414686,0.303538721777,1.0,-0.01994,-0.0262068571429,0.998
0.457593170562,0.493294004751,-0.124201905082,-1.44125915268,0.0743508803087,1.92537615639,0.147699532695,-0.0178161643263,-0.11917157907,-0.00264134515346,-0.180545293845,-0.00692359399028,0.0699984294073,-0.0312683160996,0.573858989342,0.818939422206,0.00219772805479,0.0,0.818898240794,-0.573798140369,-0.0119210836406,0.0,-0.00850175676296,0.00864090301181,-0.999926524764,0.0,0.651420568306,0.24772374708,0.303536179174,1.0,-0.025804,-0.0339138285714,1.014
0.457263990765,0.490680328276,-0.124270570369,-1.44529869665,0.0741263921069,1.92690464442,0.147107632323,-0.0204597057415,-0.159640158084,-1.29535085114e-05,-0.252722110581,-0.0159603728809,0.0937639760447,-0.0355166739449,0.57383564072,0.818955551586,0.00228229424217,0.0,0.818915534369,-0.573774521734,-0.0118698222158,0.0,-0.00841149646011,0.00868050037189,-0.999926945152,0.0,0.650921111209,0.247092060953,0.303566591957,1.0,-0.033868,-0.0445122285714,1.032
0.456887036478,0.488223849136,-0.124282189472,-1.4492821657,0.0739064017817,1.92834743582,0.146510675557,-0.0320186341446,-0.189536756685,-0.00162144262031,-0.302024464817,-0.0211709095549,0.112730829294,-0.0450288867353,0.573803289442,0.818978385101,0.00222186059805,0.0,0.818937242024,-0.57374206866,-0.0119406522824,0.0,-0.00850452496598,0.0086713168978,-0.999926237939,0.0,0.650410001352,0.246462631874,0.303503969046,1.0,-0.04014,-0.0527554285714,1.046
0.456325249649,0.484548479985,-0.12435815752,-1.45498112617,0.0735637564349,1.93050674259,0.145665687778,-0.0397174461191,-0.228772912665,-0.00150922566584,-0.358257904935,-0.0213519826078,0.129035460569,-0.0520723753198,0.57381606949,0.818969146414,0.00232433191828,0.0,0.818929548472,-0.57375465562,-0.0118632497724,0.0,-0.00838220066381,0.00871095515699,-0.999926926316,0.0,0.649717555537,0.245517119294,0.303533357854,1.0,-0.047756,-0.0627650285714,1.063
0.455618406921,0.479991066151,-0.124461082658,-1.46217307104,0.073133512568,1.93300138744,0.14456323284,-0.040839404293,-0.265931426961,-0.00388086495772,-0.418115607874,-0.0293430168619,0.145845560543,-0.0621584784884,0.573808246989,0.818975010219,0.00218522869839,0.0,0.818933435316,-0.573747221246,-0.0119541430251,0.0,-0.00853653986748,0.00864910922055,-0.999926157472,0.0,0.648730468165,0.244230283341,0.303482682932,1.0,-0.056268,-0.0739522285714,1.082
0.454817183272,0.474973871576,-0.124552095805,-1.46992406594,0.0726657521889,1.93580232711,0.14345083537,-0.0460585264469,-0.302537981644,-0.000437937829494,-0.473314150793,-0.0217617489362,0.176793348903,-0.0612730931541,0.573862595942,0.8189367557,0.00224900916809,0.0,0.818896046855,-0.573801340359,-0.0119177661234,0.0,-0.00846957531474,0.00868103205927,-0.999926450283,0.0,0.647806946479,0.242996726064,0.303520502848,1.0,-0.063436,-0.0833730285714,1.098
0.453953755386,0.469709089986,-0.124618750298,-1.47800431188,0.0721957183843,1.93872347565,0.142236386466,-0.0571915916816,-0.347023459917,-0.00556308952098,-0.515192328193,-0.0326644717587,0.189847953814,-0.0808878576521,0.573884046508,0.818921440369,0.00235001464106,0.0,0.818881754762,-0.573822083848,-0.011901038043,0.0,-0.00839768659913,0.00875436853147,-0.999926417238,0.0,0.646773553459,0.241634680148,0.303568581979,1.0,-0.070604,-0.0927938285714,1.114
0.452916159659,0.463513701808,-0.124657832975,-1.4874284729,0.0715875403693,1.94219886834,0.140691969383,-0.0618713727101,-0.370167503766,0.000348517271512,-0.578167818832,-0.0434764529762,0.203596428263,-0.0982463852611,0.573777588205,0.818995440339,0.00254850534003,0.0,0.818958443406,-0.57371499186,-0.0117865597776,0.0,-0.0081911807003,0.00885015420158,-0.999927287021,0.0,0.645570716316,0.240046941091,0.303658771042,1.0,-0.07822,-0.102803428571,1.131
0.451743391988,0.4567258049,-0.124715630729,-1.49796921106,0.0709064392622,1.94577011716,0.139128550738,-0.06915551655,-0.42035786863,-0.00063179582647,-0.639263676423,-0.042699342407,0.21726366446,-0.0954250688008,0.573803373857,0.818977850919,0.00239055547908,0.0,0.818938399056,-0.573740953727,-0.0119148424346,0.0,-0.00838659393854,0.00879466378937,-0.999926156739,0.0,0.644145566048,0.238235558596,0.303625101345,1.0,-0.085836,-0.112813028571,1.148
0.450381002845,0.448800913094,-0.124841689313,-1.5098090441,0.0700770334592,1.95012751352,0.137231894466,-0.0757604603868,-0.452175221211,-0.00302188103615,-0.675267897178,-0.0509522723416,0.258156081317,-0.107080001863,0.573771309262,0.818999331145,0.00270687149453,0.0,0.818964943562,-0.573708754911,-0.0116375537259,0.0,-0.00797834645073,0.00889429854146,-0.999928616173,0.0,0.642625889251,0.236155796431,0.303810750538,1.0,-0.0939,-0.123411428571,1.166
0.449037788076,0.441340851449,-0.1248784762,-1.52119132509,0.0693516750216,1.95414581774,0.135481198981,-0.0820267560593,-0.477651923532,-0.000660513288673,-0.748862072991,-0.0512719591614,0.258382214624,-0.118053289862,0.573776794854,0.818995190315,0.00279550166929,0.0,0.818961566139,-0.573713503111,-0.0116411527164,0.0,-0.00793038371331,0.0089690044004,-0.999928330419,0.0,0.641088695761,0.234187162288,0.303850105969,1.0,-0.101068,-0.132832228571,1.182
0.447381343859,0.432317511404,-0.124934064436,-1.53484567215,0.0684258899966,1.95892310998,0.13323327399,-0.089125651223,-0.521590686503,-0.00544028887256,-0.781369102443,-0.0506157471791,0.27872694081,-0.129382761303,0.573677184146,0.819064592308,0.00290326007434,0.0,0.81903229511,-0.573613463858,-0.0115948501003,0.0,-0.00783173288765,0.00902973856854,-0.999928561339,0.0,0.63922320379,0.23178541171,0.303926378018,1.0,-0.109132,-0.143430628571,1.2
0.445753017512,0.423856102876,-0.124977467647,-1.54769961785,0.0675133926351,1.96340836299,0.13113170963,-0.104967404417,-0.54965583862,-0.00272840646919,-0.801026238721,-0.057749221905,0.281288906296,-0.132314337084,0.573619224147,0.819105024949,0.00294799821563,0.0,0.819073451172,-0.573555531909,-0.011553367644,0.0,-0.0077727304568,0.00904203494396,-0.999928910606,0.0,0.637449280961,0.229484562784,0.303956605702,1.0,-0.1163,-0.152851428571,1.216
0.443979039141,0.414918108082,-0.125096741575,-1.56123328982,0.0665255563602,1.96806000527,0.128949591529,-0.109700611169,-0.575338162875,-0.00871955080956,-0.867387924904,-0.0623322233747,0.306963298904,-0.126475335633,0.573663956171,0.819073736036,0.00293721412859,0.0,0.819042490947,-0.573600837506,-0.0114988754422,0.0,-0.0077337872839,0.00900236687746,-0.999929570482,0.0,0.63556647796,0.226979613205,0.303985073312,1.0,-0.123468,-0.162272228571,1.232
0.441800965114,0.404360128675,-0.125174523521,-1.57734375751,0.0654495009795,1.97354031575,0.126244279528,-0.125114255259,-0.605344991886,-0.00316543226094,-0.908410518526,-0.0633901728699,0.303702178156,-0.153030251112,0.573648971469,0.819084424767,0.00288262698591,0.0,0.819051793644,-0.573585246792,-0.0116133927965,0.0,-0.00785906815857,0.00902320536083,-0.999928405843,0.0,0.633264839813,0.2240147098,0.30393231784,1.0,-0.131532,-0.172870628571,1.25
0.439517066643,0.393782948809,-0.125318656014,-1.59307018736,0.0643488871989,1.97896845485,0.123558535997,-0.138133813604,-0.624530135965,-0.0120390109819,-0.938068757572,-0.0685785778868,0.328503729038,-0.161127264501,0.573742573622,0.819018103016,0.003090800315,0.0,0.818988309821,-0.573678334811,-0.0114918860806,0.0,-0.00763908463593,0.00912488930403,-0.999929187883,0.0,0.631047308829,0.220992555359,0.304043247097,1.0,-0.139148,-0.182880228571,1.267
0.437236530138,0.383549777326,-0.125431432035,-1.60863103317,0.063157424388,1.98406727229,0.120797654405,-0.151183765972,-0.659373968621,-0.00609037255183,-0.973647470855,-0.0721708415664,0.317301370478,-0.181764886058,0.573689667388,0.819056013525,0.00285642114607,0.0,0.819023476669,-0.57362652175,-0.0115717376572,0.0,-0.00783953332372,0.0089782351644,-0.999928963982,0.0,0.628612020579,0.21779108088,0.303967938168,1.0,-0.146764,-0.192889828571,1.284
0.434939022578,0.373423054677,-0.125525770369,-1.62360537159,0.0620594240505,1.98909120675,0.118108161851,-0.160079209955,-0.673810743482,-0.00614321298406,-1.01405403496,-0.0686837252391,0.330957165065,-0.184660219407,0.573686470974,0.819057890282,0.00295842699071,0.0,0.819026518382,-0.573622814382,-0.0115401866713,0.0,-0.00775520904371,0.00904365324228,-0.999929032016,0.0,0.626545916495,0.215063909094,0.30402370938,1.0,-0.153036,-0.201133028571,1.298
0.432119068629,0.361559064081,-0.125687834371,-1.6410976861,0.0606936917713,1.99494152716,0.115027284374,-0.166472979764,-0.720679573241,-0.0111294386663,-1.03230643683,-0.0797176124828,0.359004890226,-0.188392090047,0.573830994207,0.818956244874,0.00306691550974,0.0,0.818926944294,-0.573767773603,-0.0113995081024,0.0,-0.00757614692944,0.00905314511579,-0.999930318853,0.0,0.623958760434,0.211539913344,0.304102728886,1.0,-0.160652,-0.211142628571,1.315
0.428915907629,0.348656422793,-0.125833570865,-1.66040553266,0.0592549108142,2.00111208593,0.111407236674,-0.182049555703,-0.736749269197,-0.00988882336929,-1.07966862426,-0.0729498037395,0.341539046896,-0.198740969312,0.573853479572,0.818941270488,0.00285067970536,0.0,0.818908530589,-0.57379018465,-0.0115926454414,0.0,-0.00785815504545,0.00898709888222,-0.999928738187,0.0,0.620982710094,0.207626994382,0.303997263113,1.0,-0.168716,-0.221741028571,1.333
0.425873394163,0.336661423783,-0.125962413997,-1.67784020371,0.057895978808,2.00684201261,0.108088115602,-0.188391094167,-0.732954357893,-0.00447139875133,-1.10124456688,-0.0941210282496,0.352360809167,-0.218371984263,0.573907048514,0.818903010243,0.00305063622155,0.0,0.818873070774,-0.573843356479,-0.0114648631764,0.0,-0.00763817069684,0.00907802441784,-0.999929621434,0.0,0.618309407421,0.204028577377,0.304102083244,1.0,-0.175884,-0.231161828571,1.349
0.422514132266,0.323543464612,-0.126004290488,-1.69700476516,0.0562911768821,2.01296697858,0.10433990389,-0.196979461415,-0.77245042603,-0.000257094787209,-1.1290715955,-0.0963083376278,0.363728626087,-0.228658022023,0.573750161592,0.819012977776,0.00303993565956,0.0,0.818983203568,-0.573686882927,-0.0114288902334,0.0,-0.00761658485281,0.00904715804919,-0.999930065838,0.0,0.615256251784,0.200121300606,0.304113642284,1.0,-0.1835,-0.241171428571,1.366
0.418657377349,0.309190249059,-0.126067079554,-1.71778341658,0.0546430672792,2.01948540356,0.10017693022,-0.218608514342,-0.848560869127,-0.00485611473199,-1.14500981313,-0.0959860800154,0.381858030258,-0.229539879849,0.573684340719,0.819058842796,0.00310421536227,0.0,0.819029307012,-0.573620168632,-0.0114735912192,0.0,-0.00761705245903,0.00912483865268,-0.99992935642,0.0,0.611889174391,0.195782834368,0.304149031592,1.0,-0.191564,-0.251769828571,1.384
0.414776738831,0.295326019711,-0.126192535372,-1.73799571402,0.0529087429095,2.0255977587,0.0960367432463,-0.235730219619,-0.850321146769,-0.0085686782976,-1.20016734129,-0.0933877408344,0.350787044352,-0.240025802829,0.573618438395,0.819105980338,0.00283319756039,0.0,0.819072858087,-0.573555054313,-0.0116189379538,0.0,-0.00789229873373,0.00898560526893,-0.999928482702,0.0,0.608529241506,0.191447211322,0.304050987055,1.0,-0.19918,-0.261779428571,1.401
0.410607432466,0.280926000365,-0.126352265637,-1.75843559665,0.0512378586901,2.03190588969,0.0917332370716,-0.248717704074,-0.825794299981,-0.0134676035787,-1.22456883638,-0.100365441434,0.363064056513,-0.254586648443,0.573677274316,0.819064048426,0.00303585402817,0.0,0.819033274547,-0.573612896582,-0.011553655717,0.0,-0.00772192767403,0.00911471067228,-0.999928644395,0.0,0.605137272276,0.186955211015,0.304151257767,1.0,-0.206796,-0.271789028571,1.418
