position_joint1,position_joint2,position_joint3,position_joint4,position_joint5,position_joint6,position_joint7,velocity_joint1,velocity_joint2,velocity_joint3,velocity_joint4,velocity_joint5,velocity_joint6,velocity_joint7,ee_T_00,ee_T_10,ee_T_20,ee_T_30,ee_T_01,ee_T_11,ee_T_21,ee_T_31,ee_T_02,ee_T_12,ee_T_22,ee_T_32,ee_T_03,ee_T_13,ee_T_23,ee_T_33,v_x,v_y,time
0.465069457488,0.54788219703,-0.12398742504,-1.35583913562,0.0794547608798,1.89409314601,0.159162053865,0.000160309376763,0.000285738380933,-0.000213722603205,0.00116972133618,0.000385817871499,7.81200484434e-05,0.00134995584789,0.573799257191,0.818982202914,0.00181952140714,0.0,0.818937746127,-0.573741609042,-0.0119281567561,0.0,-0.00872518094374,0.00833460271342,-0.999927200158,0.0,0.661674891913,0.260878394302,0.303139140732,1.0,0.0,0.0,0.0
0.465067329753,0.547882197363,-0.123985039156,-1.35584164128,0.0794537939525,1.89409314601,0.159155388956,-0.000336619955285,0.000314865882044,-3.12218434679e-05,0.000115196830853,-0.000143565588778,-4.00805825667e-05,-0.00184665360435,0.573799206708,0.818982250547,0.0018139932134,0.0,0.818937751034,-0.573741609994,-0.0119277740827,0.0,-0.00872803991731,0.00832985520455,-0.999927214767,0.0,0.661675037553,0.260876444946,0.303136185806,1.0,-0.00014,-0.000184,0.008
0.465069132523,0.547883957897,-0.123989083928,-1.35583842164,0.0794537544073,1.89409314601,0.159156678811,0.000901977979888,0.00142876369858,-0.00212193857021,0.00113488913366,-3.9924959378e-05,0.000175547007213,-0.00194968451342,0.573795977774,0.818984504683,0.00181765787824,0.0,0.818940041829,-0.573738355321,-0.0119270459247,0.0,-0.00872537374789,0.00833240422178,-0.999927216798,0.0,0.661675531015,0.260877117441,0.303138286219,1.0,-0.00034,-0.000446857142857,0.018
0.465074343493,0.547878717649,-0.123983233073,-1.35584230568,0.0794539142014,1.89409080633,0.159157365921,0.00199946366387,0.00188200928667,6.1038869948e-05,0.00116320602584,0.000376624163172,-0.000668977959572,-0.00132008942665,0.573788413638,0.818989801887,0.00181870345231,0.0,0.818945313348,-0.57373075013,-0.0119309263205,0.0,-0.00872802892922,0.00833540643772,-0.999927168603,0.0,0.661671600527,0.260883426139,0.303139753301,1.0,-0.00062,-0.000814857142857,0.032
0.46507390542,0.547843338702,-0.123985363943,-1.35587489721,0.0794497247665,1.89409712582,0.159158028156,0.00153570411464,-0.00133803387629,-0.000442700548278,-0.00242056355118,-5.1405010086e-05,-0.000150685225011,0.000336068431473,0.573791455146,0.818987656344,0.00182528310571,0.0,0.818943277951,-0.573733786711,-0.0119246126382,0.0,-0.00871905183805,0.0083372046845,-0.999927231929,0.0,0.661667166308,0.260878251824,0.303149916376,1.0,-0.00096,-0.00126171428571,0.049
0.465073660303,0.547731896268,-0.123983646028,-1.35599200751,0.0794498246864,1.89411800002,0.159156836065,0.00098512131536,-0.00769358888494,1.46173324464e-05,-0.00982527938138,0.000347488292801,-0.000287030864214,-0.000342363621209,0.573795848425,0.81898453561,0.00184435991365,0.0,0.81894030128,-0.573737998709,-0.0119263857697,0.0,-0.00870951383051,0.00835389214306,-0.999927175776,0.0,0.661647096093,0.260868084785,0.303174881155,1.0,-0.00128,-0.00168228571429,0.065
0.465062082317,0.547602457156,-0.123982858442,-1.35617753058,0.0794475767821,1.89415791085,0.159149944682,0.000275425398645,-0.00717411080815,0.000265019018793,-0.0109244890518,6.19352263583e-05,0.00202890271175,-0.00184069980123,0.573808712624,0.818975539286,0.0018369185381,0.0,0.818931083132,-0.573750773225,-0.0119447982395,0.0,-0.00872873220339,0.00835849991539,-0.99992696969,0.0,0.661618904226,0.26084290137,0.303181711616,1.0,-0.00162,-0.00212914285714,0.082
0.465038310842,0.547440204527,-0.12399133669,-1.35638811554,0.0794436396641,1.89426989697,0.15915046698,-0.000380768742557,-0.00505180278462,-0.000170626788713,-0.0114722420051,0.000472856736212,0.0132826311483,0.000246534441421,0.573840717414,0.818952966335,0.00190180697395,0.0,0.818909317086,-0.573782463358,-0.0119147821579,0.0,-0.0086665895598,0.00839475621665,-0.999927206497,0.0,0.661602840444,0.26080981702,0.303208551479,1.0,-0.00198,-0.00260228571429,0.1
0.465017942044,0.54725464919,-0.123986126054,-1.35659011525,0.0794415981873,1.89437984015,0.159143376508,-0.000447678250264,-0.0123533866008,-0.000307981921661,-0.0131518816498,-0.00105333892544,0.000346101418107,0.0010362274118,0.573863629953,0.818936727787,0.00197914122483,0.0,0.818894063795,-0.573805032,-0.0118762129521,0.0,-0.00859039117127,0.00843619609811,-0.99992751526,0.0,0.661590364545,0.260781536018,0.303251077809,1.0,-0.00228,-0.00299657142857,0.115
0.464991777373,0.547031714497,-0.123986047026,-1.35688849994,0.0794331229581,1.89452715724,0.159119618619,0.000585344299341,-0.00517211032441,0.000429298055652,-0.0204419813015,-5.62132123752e-05,0.0111207426558,-0.00169634281712,0.573880202278,0.818924953594,0.00204467988352,0.0,0.818883105156,-0.573821299603,-0.0118458057305,0.0,-0.0085277092249,0.00847259032443,-0.999927744084,0.0,0.661564482002,0.260740424918,0.303279737808,1.0,-0.00264,-0.00346971428571,0.133
0.464959005454,0.546805599054,-0.123986126164,-1.35723447761,0.0794261731396,1.8946470305,0.159102097359,-0.00384530316123,-0.0154882228697,-0.000398868035639,-0.0210999959565,-0.00459930728233,0.00985538761283,-0.00114001800363,0.573910202434,0.818903910345,0.00205233160307,0.0,0.818862025543,-0.573851130162,-0.0118579271451,0.0,-0.00853293438328,0.0084861251661,-0.999927584733,0.0,0.661523937213,0.260687613598,0.303285611229,1.0,-0.00296,-0.00389028571429,0.149
0.464918557662,0.546556207027,-0.123988187203,-1.35761580362,0.07941267835,1.89478597648,0.158979838372,-0.00429045125091,-0.0150222778914,-0.000116100025232,-0.019054406257,-0.000353320242803,0.00389863419314,-0.012437579683,0.573862381466,0.818937393269,0.00206396362999,0.0,0.818895572397,-0.573803181153,-0.0118616065005,0.0,-0.00852976843534,0.00849726403127,-0.99992751715,0.0,0.661482500476,0.260624924081,0.303292842525,1.0,-0.00328,-0.00431085714286,0.165
0.464873820224,0.546242223566,-0.12398700593,-1.35813022351,0.0793932443498,1.89495614854,0.158933653539,-0.00257938845089,-0.0219556194799,-0.00022316167877,-0.026885449461,-0.000283936872679,0.00246175324702,-0.00210540337542,0.573883872634,0.818922381202,0.00204479792459,0.0,0.818880169432,-0.573824606732,-0.0118884700832,0.0,-0.00856254371994,0.00849720931958,-0.999927237492,0.0,0.66141911514,0.260547477095,0.303285044061,1.0,-0.00364,-0.004784,0.183
0.464835511455,0.545923131857,-0.123984527988,-1.35868009267,0.0793418276635,1.89514139907,0.15888288066,-0.00710682406344,-0.0208657109989,0.000460463594353,-0.0309770401293,0.000620832161223,0.0108619634602,-0.00129153204266,0.573888945814,0.818918946665,0.00199588745392,0.0,0.818876220837,-0.573830000906,-0.011900080211,0.0,-0.0086000666301,0.00846387221866,-0.99992719821,0.0,0.661350500422,0.260466734916,0.303265177491,1.0,-0.00398,-0.00523085714286,0.2
0.46476919707,0.545591286457,-0.123994533147,-1.35925196161,0.0792610592657,1.89534756158,0.158791180392,-0.00259325648922,-0.0266241775913,-0.00215856158148,-0.0403270743935,-0.00218498760005,0.013601271798,-0.00339973213901,0.573885656719,0.818921390071,0.00193824613254,0.0,0.818878372522,-0.573827398856,-0.0118774676948,0.0,-0.00861465947744,0.0084036579832,-0.999927580465,0.0,0.661293087138,0.260354471401,0.30324602237,1.0,-0.0043,-0.00565142857143,0.216
0.464704519892,0.545203283036,-0.123986740702,-1.35994802829,0.0792522939273,1.89555945379,0.158713467606,-0.00320781034666,-0.0238514832962,0.000104985132998,-0.0367255939557,0.000641079177636,0.0128295003228,-0.00247963161481,0.573905837891,0.818907391117,0.00187640887023,0.0,0.818863154126,-0.573847434815,-0.0119583975661,0.0,-0.00871621555011,0.00839967798075,-0.999926733814,0.0,0.661201133033,0.260251636492,0.30320752964,1.0,-0.00464,-0.00609828571429,0.233
0.464639650064,0.54477822912,-0.123990058954,-1.36066263267,0.0792296537322,1.89580307938,0.158624625953,-0.00402526147687,-0.0229268217357,0.00010376020793,-0.0470397254084,-0.000321651846972,0.0119267665755,-0.00597216857152,0.573922284362,0.818895930897,0.00184736965489,0.0,0.818851106314,-0.573863802829,-0.0119978494954,0.0,-0.00876502030971,0.00839871557681,-0.999926315283,0.0,0.66111552205,0.260140446812,0.303189499847,1.0,-0.00498,-0.00654514285714,0.25
0.464581675949,0.544339429826,-0.123990644042,-1.36138208086,0.0791977110207,1.8960738036,0.158542027968,-0.00268154419333,-0.0268842406742,0.000889563846442,-0.044579326541,-0.00269820926562,0.00858662015296,-0.00768887051917,0.573934207776,0.818887582172,0.00184385770739,0.0,0.818842607061,-0.573875639665,-0.0120117426341,0.0,-0.0087782908713,0.00840394104676,-0.999926154966,0.0,0.661032581222,0.260035347032,0.303181096495,1.0,-0.0053,-0.00696571428571,0.266
0.464501213813,0.543803384028,-0.123990996427,-1.36225896995,0.0791513965023,1.89637756645,0.15841838717,-0.00465206496797,-0.0352154420636,0.00713598169098,-0.0518453066598,-0.000395661801881,0.0158846670603,-0.0053945734638,0.573935505265,0.818886735645,0.00181573167398,0.0,0.818841293879,-0.573876964428,-0.0120379416306,0.0,-0.00881587387738,0.00839595983361,-0.999925891367,0.0,0.660929046611,0.259898024335,0.303169360687,1.0,-0.00566,-0.00743885714286,0.284
0.464421220102,0.543269241893,-0.123998141681,-1.36312378559,0.0790932382626,1.89667572268,0.158335257512,-0.0044548493603,-0.031544474377,-0.000750940449,-0.0520863273524,-0.00113498303925,0.0209241664607,-0.00424633201378,0.573970444454,0.818862319301,0.00178264520655,0.0,0.818816501065,-0.573912097425,-0.0120494362865,0.0,-0.00884391796719,0.00837584087233,-0.99992581245,0.0,0.660829086834,0.259756196378,0.303161675609,1.0,-0.006,-0.00788571428571,0.301
0.464349475231,0.54272722567,-0.123998839658,-1.36396458992,0.0790505604368,1.896977715,0.158208650413,-0.00677306475377,-0.0342437931054,-0.00039279415577,-0.0492400766467,-0.000676989441018,0.0197050001198,-0.0140409873146,0.573961313111,0.818868703637,0.00179001594084,0.0,0.818822887151,-0.573902845144,-0.0120561484416,0.0,-0.00884527770297,0.00838563026072,-0.999925718375,0.0,0.660731026655,0.259629287221,0.303171068123,1.0,-0.00632,-0.00830628571429,0.317
0.46427173121,0.542123302482,-0.124002028629,-1.36489406401,0.0789997772759,1.89732066431,0.158084771332,-0.00512292280645,-0.0361366980671,-0.000179720198286,-0.0514437029265,-0.00412107537144,0.0163561003048,-0.00335040517681,0.573963835474,0.818866898466,0.00180694917951,0.0,0.818821259568,-0.57390525122,-0.0120521534764,0.0,-0.00883226196268,0.00839723031089,-0.999925736078,0.0,0.660624774871,0.25948873432,0.303185594037,1.0,-0.00666,-0.00875314285714,0.334
0.464186137024,0.541483727571,-0.123997055574,-1.36585883757,0.0789379535157,1.8976908418,0.157942601983,-0.00247322454589,-0.0337412228732,0.00066631059124,-0.0591386081489,-0.00578458276702,0.0194716171799,-0.0065794460043,0.573951109577,0.818875734752,0.00184438353156,0.0,0.818830601423,-0.573892379079,-0.012030391078,0.0,-0.0087930869747,0.00841525600403,-0.999925929801,0.0,0.660517382836,0.25934407798,0.303210515846,1.0,-0.007,-0.0092,0.351
0.464108249555,0.540845521572,-0.124008756555,-1.36685495029,0.0788803145742,1.89805712184,0.157828654068,-0.00781745800393,-0.0412468455447,-0.00098402787208,-0.0611773265086,-0.00318039112686,0.0165184961438,-0.0100692544878,0.573969591584,0.818862768674,0.0018495720693,0.0,0.818817727745,-0.573910859859,-0.012024997593,0.0,-0.00878550247375,0.00841660740209,-0.999925985094,0.0,0.660403354016,0.259191522248,0.30321968684,1.0,-0.00732,-0.00962057142857,0.367
0.464009639718,0.540118719291,-0.124010926841,-1.36797162507,0.0788087331813,1.89846712302,0.157684889415,-0.00908511506735,-0.0464744125224,-0.00213645829044,-0.06893416215,-0.00626607997671,0.0276583343386,-0.00777833051354,0.573976785805,0.818857693403,0.00186392378369,0.0,0.818812874396,-0.573918024202,-0.0120135390585,0.0,-0.00876780823534,0.00842185947281,-0.99992609618,0.0,0.660276304933,0.259018383776,0.303237453082,1.0,-0.00766,-0.0100674285714,0.384
0.463896907989,0.539327947995,-0.124011617473,-1.36919097678,0.0787475808665,1.89892980208,0.157534599951,-0.00355070350932,-0.0431750200513,-0.000899846952362,-0.065288028476,0.000138599260076,0.0246237549196,-0.00349091098936,0.573997660681,0.818842980349,0.00189893846971,0.0,0.818798511552,-0.573938642795,-0.0120074430018,0.0,-0.00874250456621,0.00844725482214,-0.99992610352,0.0,0.660140214972,0.258830701283,0.303255975166,1.0,-0.00802,-0.0105405714286,0.402
0.463807374406,0.53866271408,-0.124014721787,-1.37023985826,0.0786886975586,1.89934020089,0.157407770073,-0.007307254059,-0.0450630996341,-0.000653751883695,-0.0709410993385,-0.00114339767754,0.0206141617622,-0.0109829762615,0.574015567668,0.818830396068,0.00191244620967,0.0,0.818786096615,-0.573956482946,-0.0120012739122,0.0,-0.00872951504076,0.00845496520875,-0.999926151838,0.0,0.660014663547,0.258657080397,0.303257966523,1.0,-0.00834,-0.0109611428571,0.418
0.463685580249,0.537829764402,-0.124026461345,-1.3715464448,0.0786104051661,1.89983775765,0.157247939509,-0.0130545748411,-0.0454065671833,-0.000824022829134,-0.0777613671435,-0.00819611370373,0.0237086608729,-0.00572261945139,0.574039941519,0.818813247981,0.00193839431259,0.0,0.818769348878,-0.57398080324,-0.0119807241593,0.0,-0.00869754199211,0.00846467501615,-0.999926348308,0.0,0.659881114945,0.258462093567,0.303272261514,1.0,-0.00868,-0.011408,0.435
0.463565505113,0.537006033399,-0.124026301624,-1.37284483256,0.078531829989,1.90031655591,0.157087375224,-0.0104927006873,-0.0462940314337,0.00467148344834,-0.0770955695564,-0.00321729900635,0.0305181218854,-0.00747245904775,0.574057121771,0.818801196613,0.00194120328486,0.0,0.818757317571,-0.573997953312,-0.0119812945204,0.0,-0.00869621900698,0.00846748486717,-0.999926336024,0.0,0.659732668282,0.258259432508,0.303277379448,1.0,-0.00902,-0.0118548571429,0.452
0.463462247927,0.536204330777,-0.124033125386,-1.3740847465,0.0784690267085,1.90078613349,0.156934334775,-0.00528330357247,-0.049923172606,-0.000645831037771,-0.0797481363691,-0.00449925215176,0.0310478196162,-0.00876484953415,0.574072583549,0.818790282158,0.00197219714656,0.0,0.818746733016,-0.574013209551,-0.0119736935513,0.0,-0.00867204367112,0.00848866259531,-0.999926366422,0.0,0.659591466476,0.258072400353,0.303294077789,1.0,-0.00934,-0.0122754285714,0.468
0.463347144408,0.535313998219,-0.124038446999,-1.37549768864,0.0783827184687,1.90129249878,0.156758377952,-0.00386640163468,-0.0524769355625,-0.00134528786858,-0.0783020347757,-0.0062039080979,0.025248036321,-0.0157855128795,0.574080831554,0.818784537317,0.00195632162104,0.0,0.818740774532,-0.574021517176,-0.0119828560415,0.0,-0.00868857381661,0.00848101152567,-0.999926287848,0.0,0.659423468379,0.257857770024,0.303293934516,1.0,-0.00968,-0.0127222857143,0.485
0.463216169559,0.53436024849,-0.124035515709,-1.37705956983,0.0782985770389,1.90185049963,0.156572228055,-0.00310891537409,-0.0564565992832,0.000590077564192,-0.0863670817935,-0.00359538547089,0.0283474213345,-0.0180606124206,0.574096571726,0.818773589636,0.00191889260874,0.0,0.818729176884,-0.574037257989,-0.0120211588763,0.0,-0.00874125984961,0.00847252258748,-0.999925900623,0.0,0.659234525797,0.257624486262,0.303271700829,1.0,-0.01004,-0.0131954285714,0.503
0.463100785989,0.533546381873,-0.124039282652,-1.37836693938,0.078221925034,1.90234170948,0.156418814709,-0.00805635627818,-0.0589415254706,-0.00135498857633,-0.0861553962829,-0.00397613877407,0.0268400108216,-0.00450240744325,0.574107577796,0.818765876912,0.00191698253313,0.0,0.818721389679,-0.5740482229,-0.0120279162084,0.0,-0.00874777536707,0.00847495561298,-0.999925823026,0.0,0.659070374539,0.257415477722,0.303266367172,1.0,-0.01036,-0.013616,0.519
0.462964110797,0.532546734841,-0.124041815977,-1.37998729741,0.0781331758712,1.90296000708,0.15620319437,-0.0107610509159,-0.0541067330244,-0.00850236015133,-0.0871640537184,-0.00178168238999,0.030851571491,-0.0150968793363,0.5741211579,0.818756356952,0.00191596034663,0.0,0.818711823363,-0.574061773746,-0.0120323360137,0.0,-0.00875184050526,0.00847680127802,-0.999925771809,0.0,0.658897391216,0.257179490882,0.303253491824,1.0,-0.0107,-0.0140628571429,0.536
0.462837620163,0.531562555418,-0.12403718047,-1.3815621817,0.0780489163387,1.90352811778,0.156004828812,-0.0107109650627,-0.0617520152249,-0.000501767982532,-0.0938383136621,-0.000348774827332,0.0355726943522,-0.00622607550714,0.574122215121,0.818755645,0.00190336203158,0.0,0.818710776062,-0.574062720231,-0.0120584120895,0.0,-0.00878041283274,0.00848146856022,-0.999925481744,0.0,0.658705483374,0.256949747847,0.303246742917,1.0,-0.01104,-0.0145097142857,0.553
0.46269562167,0.530543114383,-0.124037420263,-1.38321344999,0.0779353947362,1.9041023131,0.155798591892,-0.012530066972,-0.0569510484353,-0.000992340131549,-0.0970464011866,-0.0072639734371,0.0325838924523,-0.0135212138002,0.574128844128,0.818751126353,0.00184670998507,0.0,0.818705562678,-0.574069640514,-0.0120828962603,0.0,-0.00883291484647,0.00844921367464,-0.999925292411,0.0,0.658504140415,0.256694089391,0.303228912754,1.0,-0.01138,-0.0149565714286,0.57
0.462564349516,0.52956171465,-0.124037603808,-1.38475282059,0.077842079481,1.90467631639,0.155591087631,-0.0104535591862,-0.0658902405461,0.000200446323025,-0.0962711992949,-0.00322420837756,0.0440142290956,-0.0139086888885,0.574125066201,0.818753746298,0.00185961923485,0.0,0.81870833671,-0.574065792164,-0.0120777717139,0.0,-0.00882134688681,0.00845680007511,-0.999925330398,0.0,0.658323594016,0.256461569202,0.303237306942,1.0,-0.0117,-0.0153771428571,0.586
0.462423331808,0.528460104435,-0.124042743278,-1.38645126739,0.0777387476947,1.90532591409,0.155352695111,-0.00922042912084,-0.0613453061115,0.000964567176852,-0.101059056853,-0.00264516221044,0.0350622179488,-0.016216443659,0.574113308846,0.818761892626,0.00190228566444,0.0,0.818717077643,-0.574053885448,-0.0120511526079,0.0,-0.00877517899009,0.00847632405468,-0.999925571312,0.0,0.658127831284,0.256205977433,0.303261108632,1.0,-0.01204,-0.015824,0.603
0.462292623596,0.527400558635,-0.124043570031,-1.38808007023,0.0776361264234,1.90595587989,0.155124340403,-0.0093621354726,-0.0639682398983,-0.000463738180362,-0.110700941234,-0.000845133720758,0.0399789127135,-0.0140177522533,0.574094524625,0.818774949949,0.00195064917874,0.0,0.818730823533,-0.574034950266,-0.0120192084098,0.0,-0.00872145387485,0.00849738194785,-0.999925862623,0.0,0.657939206499,0.25596620293,0.303286330058,1.0,-0.01236,-0.0162445714286,0.619
0.462107319982,0.525946999066,-0.124046058643,-1.3903182934,0.0774851732866,1.90678858623,0.154819605245,-0.00620820428173,-0.0703948598632,0.000664477574313,-0.105055755828,-0.0133418002219,0.0364682761382,-0.0138059724218,0.57407846671,0.818786132501,0.00198246941843,0.0,0.818742548376,-0.574018883109,-0.0119878360711,0.0,-0.00867766612433,0.0085052543671,-0.999926176654,0.0,0.657674911922,0.255628385372,0.303316038939,1.0,-0.01278,-0.0167965714286,0.64
0.461988751907,0.525046386287,-0.124049550751,-1.39173498888,0.0773967260777,1.90729112978,0.15462481953,-0.00366186532857,-0.0700826782884,-0.000226910626239,-0.108109399395,-0.00532969968377,0.0418695617431,-0.0108513854477,0.574075641941,0.818788145943,0.00196883065419,0.0,0.818744357299,-0.574016090471,-0.0119980070149,0.0,-0.00869385282743,0.00849989621704,-0.999926081612,0.0,0.657489435328,0.255395875732,0.303317371807,1.0,-0.01306,-0.0171645714286,0.654
0.461828223949,0.523874745133,-0.124055628577,-1.39362747019,0.0772762926359,1.90797344179,0.154367773383,-0.013232616391,-0.066463037595,-0.000665155860833,-0.110837196946,-0.00819990573163,0.0347394913559,-0.0211296130354,0.574065102585,0.818795624785,0.00193125059875,0.0,0.818751377136,-0.574005743387,-0.0120139875679,0.0,-0.00872861957421,0.00847818832435,-0.999925963021,0.0,0.657273130382,0.255120402387,0.303301355532,1.0,-0.01338,-0.0175851428571,0.67
0.461672723715,0.522639223105,-0.124053852483,-1.39556434381,0.0771768291659,1.90871792633,0.154115225667,-0.0131172374248,-0.0683148930586,0.000952755470197,-0.119192582611,-0.00314953059258,0.0531947083921,-0.0149269063817,0.574061618718,0.818797959129,0.00197659848475,0.0,0.818754138021,-0.574001905059,-0.0120092199517,0.0,-0.00869872096872,0.00851254432646,-0.999925931678,0.0,0.657042951429,0.254839970681,0.303312423922,1.0,-0.01372,-0.018032,0.687
0.461504305264,0.521396324339,-0.124064015606,-1.39754623697,0.0770376336094,1.90949132905,0.153839767768,-0.0134775050561,-0.0739771481381,-0.00125610156136,-0.118997375899,-0.00224782929256,0.0476819700077,-0.0148054673478,0.574049716789,0.818806270225,0.00199032544625,0.0,0.818762871062,-0.57399018455,-0.0119739681166,0.0,-0.00866209967539,0.0085034213001,-0.999926327214,0.0,0.656815641484,0.254534466289,0.303309749789,1.0,-0.01406,-0.0184788571429,0.704
0.461349246293,0.520177666414,-0.124065244336,-1.39945781962,0.0769234706117,1.91018314466,0.153581733932,-0.005358535723,-0.0754804946868,-0.000314170641566,-0.123197737084,-0.00282386392208,0.0419018669943,-0.0130393594394,0.574037246939,0.818815012263,0.00199040715841,0.0,0.81877154635,-0.573977649342,-0.0119816461412,0.0,-0.00866846940495,0.0085077637125,-0.999926235077,0.0,0.656580526242,0.25424954307,0.303315820213,1.0,-0.01438,-0.0188994285714,0.72
0.461179110685,0.518830993593,-0.124069190282,-1.40154073122,0.0767927655135,1.91092606997,0.153309302506,-0.0149799275834,-0.0847959135901,-0.000634209037714,-0.126258234143,-0.00838439723587,0.0471963584867,-0.0129672566726,0.574031462789,0.818819058385,0.00199405489272,0.0,0.818775622873,-0.573971833668,-0.0119816712831,0.0,-0.00866645631087,0.00851070368757,-0.999926227508,0.0,0.656323174702,0.253935347257,0.303334346817,1.0,-0.01472,-0.0193462857143,0.737
0.461003957761,0.517487270528,-0.124072293834,-1.40366272805,0.0766531548209,1.91168894357,0.153017276583,-0.00519274874488,-0.079689366566,0.00042382099018,-0.130098013099,-0.00218936785424,0.0402131902454,-0.013966136217,0.574016257745,0.818829782972,0.0019670444998,0.0,0.818786060912,-0.573956809119,-0.0119881034052,0.0,-0.0086873847841,0.00849211837134,-0.999926203913,0.0,0.656048282033,0.253586545267,0.303329916491,1.0,-0.01508,-0.0198194285714,0.755
0.460820925141,0.516206323783,-0.124083234823,-1.40568508341,0.0765160008551,1.91244786634,0.152738034363,-0.0140023326499,-0.0874665299017,-0.00214366585736,-0.125443827754,-0.00957521691371,0.0496067952454,-0.0203772402547,0.574011348557,0.818833197576,0.00197817508062,0.0,0.818789751892,-0.573951981965,-0.0119671005565,0.0,-0.00866384851215,0.00848912445418,-0.999926433541,0.0,0.655823447616,0.253293361935,0.303335579639,1.0,-0.01538,-0.0202137142857,0.77
0.460637704887,0.514852162808,-0.124085915499,-1.40789393794,0.0763942455671,1.91327614849,0.152436293484,-0.0163509506215,-0.0774205225586,-0.00196468972422,-0.131924022375,-0.00783058315474,0.0501564067001,-0.0231092269768,0.574000034528,0.818841173077,0.00195972900184,0.0,0.818797349888,-0.573940613386,-0.0119924569622,0.0,-0.00869531687342,0.00848845505265,-0.999926166072,0.0,0.655553702417,0.252963804631,0.303305689039,1.0,-0.01572,-0.0206605714286,0.787
0.460418391593,0.513274219981,-0.124090315246,-1.41044124312,0.0762360424872,1.91415311815,0.152091948913,-0.0146385854291,-0.0781917384131,-0.00153412162135,-0.133899805422,-0.00581824475062,0.0486038661362,-0.0196037303236,0.573991469938,0.818847364559,0.00187959945945,0.0,0.818802391336,-0.573932293509,-0.0120462986395,0.0,-0.00878548621282,0.00845365595461,-0.999925672704,0.0,0.655229645725,0.252569964316,0.303275320694,1.0,-0.0161,-0.02116,0.806
0.460237559497,0.511916259365,-0.124088359754,-1.41258724552,0.0761094837327,1.91492331642,0.151772678833,-0.015282790746,-0.0814765679557,0.000700224818693,-0.131700211218,-0.00645747328498,0.0435399726135,-0.0207244514223,0.573954803667,0.818873092038,0.00186798941988,0.0,0.818827835374,-0.573895555886,-0.0120670565075,0.0,-0.00880952665825,0.00845566957961,-0.999925444167,0.0,0.654960169882,0.252247666462,0.303271853922,1.0,-0.01642,-0.0215805714286,0.822
0.46004761433,0.510538583724,-0.124094015377,-1.41477978578,0.0759681069163,1.91577079966,0.151470047203,-0.00921222693826,-0.0875099331528,0.000624652142616,-0.134028820398,-0.0144503090314,0.0445566609358,-0.0243743027501,0.5739430516,0.818881283833,0.00188769925439,0.0,0.818836388929,-0.573883819518,-0.0120447815732,0.0,-0.00878009518398,0.00845889839283,-0.999925675721,0.0,0.654699582352,0.251912554797,0.30326656337,1.0,-0.01674,-0.0220011428571,0.838
0.459848387489,0.509046638406,-0.124099969803,-1.41714687833,0.0758168233828,1.91663328266,0.151139039455,-0.0116632284969,-0.0906474576767,-0.0011698672669,-0.134987554533,-0.00366318424035,0.0547361994868,-0.0238721451244,0.5739215705,0.818896376104,0.00187163581885,0.0,0.818851290442,-0.573862429375,-0.0120508586583,0.0,-0.00879451232791,0.00844900180201,-0.999925632695,0.0,0.654405357163,0.251551533131,0.30325901765,1.0,-0.01708,-0.022448,0.855
0.459651709873,0.507617458428,-0.12410040834,-1.41938623652,0.075675065433,1.91743145734,0.150825290707,-0.0103697456958,-0.086967826586,-0.000426138172914,-0.144626746231,-0.0169069630547,0.0510181802483,-0.0187534140301,0.573903607345,0.818908992325,0.00185974908168,0.0,0.81886370641,-0.573844477281,-0.0120620529058,0.0,-0.00881068648387,0.0084454993027,-0.999925519899,0.0,0.654123846751,0.251207008,0.303262091053,1.0,-0.0174,-0.0228685714286,0.871
0.459420219213,0.505957889984,-0.124106480137,-1.42196385189,0.075513897255,1.91840060389,0.150475677166,-0.0108450384287,-0.0908732791513,1.17876147798e-05,-0.14690986451,-0.00866971005508,0.0546459103001,-0.0198064084003,0.573900976456,0.818910745681,0.00189913963148,0.0,0.818866008872,-0.573841708343,-0.0120374490999,0.0,-0.00876795969835,0.00846360763344,-0.999925742357,0.0,0.653811641681,0.250807802609,0.303279725374,1.0,-0.01776,-0.0233417142857,0.889
0.459193429137,0.504314778087,-0.124115965431,-1.42444368111,0.0753644347696,1.91935400165,0.15013716658,-0.0152196612443,-0.101769759295,-0.00105687384684,-0.147042826852,-0.0056970925433,0.0546953098902,-0.0206521863153,0.573903828793,0.81890851369,0.00199709913765,0.0,0.818865093165,-0.573844178459,-0.0119818590201,0.0,-0.00866618949848,0.0085119534206,-0.999926219182,0.0,0.653517178462,0.250421931353,0.303330449766,1.0,-0.0181,-0.0237885714286,0.906
0.458981678259,0.502735124477,-0.124118519583,-1.42677624643,0.0752106919914,1.92023913826,0.149811612375,-0.0106711628503,-0.101509433249,-0.00492650410025,-0.14838513985,-1.27302033902e-05,0.0561801186338,-0.0172089741314,0.573890505726,0.818917582536,0.00210412740785,0.0,0.818875667689,-0.573830522984,-0.01191296181,0.0,-0.00854848594028,0.00855991921882,-0.999926822908,0.0,0.653236667748,0.250061395892,0.303400118591,1.0,-0.01842,-0.0242091428571,0.922
0.458703976812,0.500717782172,-0.124120267895,-1.42980782019,0.0750195548506,1.92129945938,0.14938609404,-0.0110742442986,-0.102749661955,0.00140702906769,-0.159586364345,-0.00219137885018,0.0558332630589,-0.024807488846,0.573873445194,0.818929432842,0.00214472073081,0.0,0.81888796308,-0.573813215758,-0.0119014388102,0.0,-0.00851593339352,0.00858637099767,-0.999926873882,0.0,0.652851498671,0.249587187534,0.303457105273,1.0,-0.01882,-0.0247348571429,0.942
0.458484204645,0.499220858533,-0.124120506106,-1.43211865557,0.0748784853648,1.9221427449,0.14906488633,-0.018996181831,-0.0998054242143,-0.0014588136799,-0.161343476838,-0.00764268186996,0.0568235238887,-0.0200550115068,0.57387004507,0.818931746488,0.00217091378905,0.0,0.818890551571,-0.573809643483,-0.0118955662266,0.0,-0.00849612913488,0.00860441557838,-0.999926887238,0.0,0.652564284578,0.249223705153,0.303474548734,1.0,-0.01912,-0.0251291428571,0.957
0.458260311161,0.497736182231,-0.124122862689,-1.43444199341,0.0747343220081,1.9230141166,0.148722200929,-0.013494593002,-0.101580857275,0.000205977192808,-0.153889167835,-0.00350592896683,0.0530529074157,-0.0250883676517,0.573853522634,0.818943255271,0.00219684043895,0.0,0.818902389802,-0.573793010939,-0.0118829068328,0.0,-0.00847105780783,0.00861821175788,-0.999926981137,0.0,0.652280076068,0.248856118949,0.303479531057,1.0,-0.01942,-0.0255234285714,0.972
0.457987456674,0.495973646807,-0.124118828637,-1.43729900073,0.0745593041346,1.92400277888,0.148303484023,-0.0129698090173,-0.0964456757325,0.001091158575,-0.16067386942,-0.0123194877334,0.0534398857145,-0.0154473587509,0.573828056476,0.818961328756,0.00210962174963,0.0,0.818919123799,-0.573767696883,-0.0119518028577,0.0,-0.00857779668594,0.00858605470812,-0.999926347822,0.0,0.651908727038,0.248403972196,0.303433680301,1.0,-0.01978,-0.0259965714286,0.99
0.457732975247,0.494396209948,-0.124128098251,-1.43988065826,0.0743962661941,1.92489851444,0.147942479566,-0.0138021337991,-0.105379640434,-0.00371972155599,-0.164177904275,-0.0100926065812,0.0584855453735,-0.0167325122025,0.573838292993,0.818954416289,0.00200610002725,0.0,0.818910775861,-0.573778281326,-0.0120154882601,0.0,-0.00868924784364,0.00853792858402,-0.999925797621,0.0,0.651555740969,0.247956359389,0.303375838759,1.0,-0.0213514285714,-0.028061877551,1.007
0.45747282127,0.492581916688,-0.124174341503,-1.44272232221,0.0742214690592,1.9259611038,0.147533960554,-0.0114262436428,-0.12060149456,0.00101546742865,-0.188060291856,-0.007498633973,0.0749300050902,-0.0266907615233,0.573840465548,0.818952828841,0.00203251901649,0.0,0.818909702014,-0.573780508324,-0.0119822834432,0.0,-0.00864687160639,0.00854053308323,-0.999926142726,0.0,0.651231091654,0.24751633385,0.303385658294,1.0,-0.02478,-0.032568,1.022
0.457118420997,0.490245378729,-0.124181651969,-1.44648855013,0.0739993613905,1.92731661012,0.146985166366,-0.0215055814661,-0.134891509651,-1.2651088029e-05,-0.222050068799,-0.00879067181056,0.075660669675,-0.0359219574732,0.573814728678,0.818971006666,0.00197339642174,0.0,0.818926887903,-0.573754809466,-0.0120381803208,0.0,-0.00872684298658,0.00852391667664,-0.99992558976,0.0,0.650747672222,0.246921931581,0.303336371596,1.0,-0.0288942857143,-0.0379753469388,1.04
0.456680207217,0.487460594468,-0.124215039042,-1.4508482727,0.0737338151473,1.92892813174,0.146355547905,-0.0250221026136,-0.162336078332,-0.00304446660132,-0.254397963188,-0.0167345930655,0.0925796533555,-0.0368620321354,0.573826926502,0.818962397874,0.00199904744847,0.0,0.818918630794,-0.573766912337,-0.0120230340538,0.0,-0.00869959301044,0.00853636222915,-0.999925721042,0.0,0.650208523117,0.246203885739,0.303337610063,1.0,-0.0330085714286,-0.0433826938775,1.058
0.456271488127,0.484861816937,-0.124251169957,-1.45484708762,0.073481983357,1.93045317409,0.145750835063,-0.0296756472942,-0.181768611552,-7.21117886889e-05,-0.274659762706,-0.023249886585,0.103500883366,-0.0405943329224,0.573822028412,0.81896559258,0.00209398670847,0.0,0.818923253822,-0.573761804102,-0.0119517113404,0.0,-0.00858675609027,0.00857313471249,-0.999926381781,0.0,0.649724971995,0.245540325224,0.30337218527,1.0,-0.0364371428571,-0.0478888163265,1.073
0.455746927154,0.481616060686,-0.124298378517,-1.45993349447,0.0731813699047,1.93219340807,0.144985576233,-0.0298421932164,-0.195019815151,-0.007487059547,-0.316495405403,-0.020602837316,0.111454988989,-0.038277170798,0.573826663311,0.818962547545,0.00201322956615,0.0,0.818918891875,-0.573766516281,-0.0120241517874,0.0,-0.00869237362039,0.00854861521206,-0.999925679148,0.0,0.649064596459,0.244682275089,0.30335531483,1.0,-0.0403228571429,-0.052995755102,1.09
0.455169670355,0.478019130049,-0.124354476244,-1.46549718853,0.0728370771418,1.93420335394,0.144162578905,-0.0367268969154,-0.215042164769,-1.82550519594e-05,-0.333939162186,-0.0214881829887,0.122786613006,-0.0488734159188,0.573843406306,0.818950745007,0.00204186031517,0.0,0.818907500928,-0.573783173086,-0.0120050867688,0.0,-0.00866015639742,0.00856129944391,-0.999925850172,0.0,0.648362214545,0.243744622046,0.303375546153,1.0,-0.0442085714286,-0.0581026938775,1.107
0.454520908065,0.474083746113,-0.124397117889,-1.47150268735,0.0724765994496,1.93641458491,0.14331101888,-0.0425668931062,-0.237061683266,-0.000812640710231,-0.369822863631,-0.0182441593024,0.130381985275,-0.0502188869772,0.573900688852,0.818910293625,0.0021626910582,0.0,0.81886855876,-0.573839879104,-0.0119508796975,0.0,-0.00854582456041,0.00862974394998,-0.999926245481,0.0,0.647609337665,0.24273235522,0.30343345298,1.0,-0.0480942857143,-0.0632096326531,1.124
0.453764422346,0.469596327683,-0.124427442799,-1.4783407158,0.072059030609,1.93886017885,0.142263423936,-0.0360451526614,-0.260316114565,-0.00463725414723,-0.382987901056,-0.0286659898094,0.143586700189,-0.0554516148743,0.57389761103,0.818912215909,0.00224979778282,0.0,0.81887139284,-0.573836220251,-0.0119323600974,0.0,-0.00848070327223,0.00869041531532,-0.999926274459,0.0,0.646730595422,0.241574345959,0.303492576729,1.0,-0.0522085714286,-0.0686169795918,1.142
0.453007360459,0.465033445689,-0.124433530367,-1.4852586962,0.0716108345676,1.94139715133,0.141147694346,-0.0443370993364,-0.271817203836,0.000366152983452,-0.430268352646,-0.0240707711105,0.149287132218,-0.0627130325468,0.573813178231,0.81897095203,0.00240065002247,0.0,0.818932077383,-0.573751185709,-0.0118564932652,0.0,-0.00833290821456,0.00876955023417,-0.999926826137,0.0,0.645840213782,0.240424213687,0.303568011757,1.0,-0.0560942857143,-0.0737239183673,1.159
0.452225952898,0.460474599753,-0.124451557469,-1.49231110985,0.0711430058248,1.94382280751,0.140097024643,-0.0481712129715,-0.294885227453,-0.00326955302852,-0.446178080361,-0.0295375480715,0.153512702653,-0.0559557666273,0.573806789997,0.818975614894,0.00233599312417,0.0,0.818935729808,-0.573744875102,-0.0119094768822,0.0,-0.00841346905479,0.00874693533992,-0.999926349618,0.0,0.644894574373,0.239226666685,0.30356275834,1.0,-0.0597514285714,-0.0785304489796,1.175
0.451338556109,0.455398028299,-0.124469465176,-1.50019792304,0.0706130026807,1.94659841331,0.138881298806,-0.0513278927468,-0.292268804125,0.000367010687355,-0.467460595819,-0.0381283281432,0.170701829657,-0.0721936861304,0.573769647666,0.819001757881,0.00229323036996,0.0,0.818961246346,-0.573707836567,-0.0119391015617,0.0,-0.00846266386476,0.00872852894968,-0.99992609532,0.0,0.643841740053,0.237884487416,0.303541696107,1.0,-0.0636371428571,-0.0836373877551,1.192
0.450381472071,0.449890413674,-0.12450724176,-1.50835592196,0.0700409358065,1.94966953914,0.137568262464,-0.0536893043611,-0.337563987196,-0.00394331872338,-0.483169121488,-0.0376431283205,0.190683681756,-0.0787433276432,0.573720491689,0.819035222962,0.00261684258512,0.0,0.81899952272,-0.573658099133,-0.0117010249636,0.0,-0.00808253426065,0.00885648113832,-0.999928115107,0.0,0.642802751067,0.236473964468,0.303706259437,1.0,-0.0675228571429,-0.0887443265306,1.209
0.449358192915,0.444221698707,-0.124548920039,-1.51708146009,0.0694649030021,1.95266320044,0.136282654104,-0.0612158570676,-0.339263453267,0.000434838873111,-0.531555249814,-0.0374437469849,0.177963849125,-0.0758588184007,0.573769848806,0.819000838155,0.00255628730654,0.0,0.818964135085,-0.573707433209,-0.0117589721752,0.0,-0.00816420422434,0.00884062151944,-0.999927591969,0.0,0.641612325949,0.234951313259,0.303697989069,1.0,-0.0714085714286,-0.0938512653061,1.226
0.448266193419,0.438275199021,-0.124583238933,-1.52634892223,0.0688296423182,1.9557446346,0.134786797199,-0.06602067485,-0.357093269589,-0.00120519108853,-0.553604438397,-0.0414803117338,0.188580497074,-0.0903299031308,0.573698307167,0.819051596642,0.00234121626012,0.0,0.819011783385,-0.573636389332,-0.0119053942605,0.0,-0.00840828722123,0.00874775665933,-0.99992638602,0.0,0.640311586376,0.233328715574,0.303621590361,1.0,-0.0752942857143,-0.0989582040816,1.243
0.447142400482,0.43234625827,-0.124607487693,-1.53517955917,0.0682347495066,1.9590037123,0.133327260313,-0.0735609156853,-0.374402857087,-0.00345686707004,-0.558317222221,-0.041887350406,0.203368773741,-0.09481450047,0.573662764418,0.81907560983,0.00263153998882,0.0,0.819039768169,-0.573599962289,-0.0117340666497,0.0,-0.00810179254313,0.00888690411493,-0.999927689332,0.0,0.639146807738,0.23176252545,0.303746561415,1.0,-0.0789514285714,-0.103764734694,1.259
0.445933383761,0.426298269101,-0.124653869548,-1.54450454843,0.0675687870935,1.96220485088,0.131834587627,-0.0732876823163,-0.391732087408,-0.00677283968366,-0.590875571008,-0.0404348806997,0.200428869511,-0.0985976311488,0.573679246775,0.819064364124,0.00253695537385,0.0,0.819027386973,-0.573616889141,-0.0117707596047,0.0,-0.00818592688593,0.00883064645203,-0.999927502514,0.0,0.637859012272,0.230061718602,0.303705269325,1.0,-0.0826085714286,-0.108571265306,1.275
0.44464852739,0.419965072144,-0.124772485417,-1.55424737696,0.0668650701904,1.96539512318,0.130241004284,-0.080875938317,-0.39916355457,-0.00872877629254,-0.615966365816,-0.0378230274794,0.200463805871,-0.0949119886589,0.57372799297,0.819030886052,0.00231185579788,0.0,0.818991125388,-0.573666638732,-0.0118689107222,0.0,-0.00839493154893,0.00870308327035,-0.99992688806,0.0,0.63648627187,0.228222513934,0.303650815902,1.0,-0.0862657142857,-0.113377795918,1.291
0.443120050159,0.412499979141,-0.124834297809,-1.56536964986,0.0660976799598,1.96943406917,0.128396076507,-0.0901587424958,-0.414700919057,-0.000958113154623,-0.63824054665,-0.0454606783802,0.222474160315,-0.115548264723,0.57376291009,0.819005524291,0.00261172117393,0.0,0.818969951033,-0.573700742315,-0.0116800887591,0.0,-0.0080678661731,0.00884069308917,-0.999928373275,0.0,0.634980750854,0.226165375751,0.303767042245,1.0,-0.09038,-0.118785142857,1.309
0.441753857959,0.406121392907,-0.124867721475,-1.57508466606,0.0654251078417,1.97262359884,0.126780403482,-0.0919153144537,-0.434245409361,-0.00589890459595,-0.664245698025,-0.0482052116353,0.211151699917,-0.111065971684,0.573789660421,0.818987172058,0.00248686555611,0.0,0.81894951575,-0.573727445127,-0.0118006890768,0.0,-0.0082379885603,0.00880790030041,-0.999927275574,0.0,0.633578046121,0.22434242981,0.303732453205,1.0,-0.0938085714286,-0.123291265306,1.324
0.440038379323,0.398166936831,-0.124982487743,-1.58697201938,0.0645810814377,1.97677986535,0.124772822677,-0.0990515407708,-0.457092796922,-0.00452365168504,-0.66033430933,-0.0557023070562,0.240333977421,-0.106262562147,0.573873344346,0.81892805257,0.00264126179995,0.0,0.81889272567,-0.57381090776,-0.0116830168112,0.0,-0.00805212040259,0.00886765273389,-0.999928261473,0.0,0.631919547433,0.222060800505,0.303800239641,1.0,-0.0979228571428,-0.128698612245,1.342
0.438309330199,0.390468486238,-0.125015397275,-1.59858247799,0.0636885222842,1.98070394988,0.122789064052,-0.104642354393,-0.453812843397,-0.0022726259772,-0.685513115111,-0.0518083717174,0.22872809526,-0.104141324552,0.573886581586,0.818918896513,0.00260371101065,0.0,0.818883357706,-0.573824578035,-0.0116682053115,0.0,-0.00806139565282,0.00882853205096,-0.999928532907,0.0,0.630243785218,0.219832826146,0.30379039109,1.0,-0.101808571429,-0.13380555102,1.359
0.436512854772,0.382467786964,-0.125066647939,-1.61062109918,0.0627796157475,1.98456935154,0.120614457034,-0.10730684756,-0.48499383015,-0.000597058195136,-0.687942762252,-0.0523764268807,0.23691963528,-0.120585447226,0.573812474518,0.818971356464,0.00243069539426,0.0,0.818933377016,-0.573750900491,-0.011780284192,0.0,-0.00825326055385,0.00875042008317,-0.999927654302,0.0,0.628442996755,0.217508281264,0.303759655162,1.0,-0.105694285714,-0.138912489796,1.376
0.434616004291,0.374269778011,-0.125108788457,-1.62286135624,0.0619085243456,1.98875831314,0.118463063046,-0.117044171048,-0.484052690096,-0.000569205585815,-0.727021858925,-0.0571621201514,0.24456103108,-0.124665717207,0.573843347761,0.818949370199,0.00254719116016,0.0,0.818912666657,-0.573781083532,-0.0117498711203,0.0,-0.008161176578,0.0088286824644,-0.999927722169,0.0,0.62664943856,0.21513923725,0.303776141355,1.0,-0.10958,-0.144019428571,1.393
