position_joint1,position_joint2,position_joint3,position_joint4,position_joint5,position_joint6,position_joint7,velocity_joint1,velocity_joint2,velocity_joint3,velocity_joint4,velocity_joint5,velocity_joint6,velocity_joint7,ee_T_00,ee_T_10,ee_T_20,ee_T_30,ee_T_01,ee_T_11,ee_T_21,ee_T_31,ee_T_02,ee_T_12,ee_T_22,ee_T_32,ee_T_03,ee_T_13,ee_T_23,ee_T_33,v_x,v_y,time
0.465027904032,0.547772060821,-0.124045271703,-1.35583198306,0.0794734634492,1.89409316345,0.159161226944,-0.000958974171829,0.000357998942309,-0.000952483986743,-0.00566236779008,0.00028040402381,-0.000190925491658,0.00092640088046,0.573877408281,0.818927217112,0.00191839475913,0.0,0.818884185456,-0.573819470918,-0.0118597009792,0.0,-0.00861158545272,0.00837711887617,-0.999927829633,0.0,0.661702545393,0.260822776974,0.303222517345,1.0,0.0,0.0,0.0
0.465030694825,0.547772060821,-0.124046744894,-1.35583747121,0.0794676247769,1.89409396562,0.159156547578,0.000288712268101,0.000238665963708,-0.000634999369795,-0.00599741073175,-0.000694682907635,0.000143983700006,-0.000942219952188,0.573871078319,0.818931670206,0.0019109951858,0.0,0.818888598093,-0.573813226359,-0.0118571527022,0.0,-0.00861380939568,0.00836953031504,-0.999927874024,0.0,0.661701384464,0.260822226673,0.303220013033,1.0,-0.0,-0.0,0.001
0.465024725335,0.547769638613,-0.124047487336,-1.35583734974,0.0794728530976,1.89409327834,0.15916042626,-0.000520412958383,0.000229184041871,4.28905413598e-05,-0.000579251733605,5.12182588727e-05,-0.000262893880118,0.000383822672239,0.573881031451,0.818924685283,0.00191532648863,0.0,0.8188816254,-0.573823117617,-0.0118600241015,0.0,-0.00861357372578,0.008374829774,-0.999927831683,0.0,0.661702773669,0.260818694417,0.303221761261,1.0,-0.00034,-0.000446857142857,0.018
0.465029022039,0.547770439111,-0.124043186333,-1.3558411975,0.0794728530977,1.89409378575,0.15916310714,0.00113130062327,-6.22894108811e-05,0.000469752872956,0.000484455559028,6.86986531819e-05,-0.00962642216246,0.00114718446805,0.573876917986,0.818927573557,0.00191289645886,0.0,0.818884456593,-0.573818989886,-0.01186425293,0.0,-0.00861847348253,0.00837522333188,-0.999927786167,0.0,0.661699862654,0.260823593083,0.303219264463,1.0,-0.00064,-0.000841142857143,0.033
0.465024290728,0.547748393246,-0.12404529448,-1.35587978692,0.0794710764156,1.894104861,0.159157820834,-0.000285076371959,-0.00107966236519,-0.000294526873996,-0.00697236620904,-0.000364594013755,-0.00148791330185,-0.000610337553791,0.573879610695,0.818925697862,0.00190806451934,0.0,0.818882519373,-0.573821703466,-0.011866718125,0.0,-0.00862323761305,0.00837270945911,-0.999927766146,0.0,0.661695624455,0.260815414367,0.303217543881,1.0,-0.00102,-0.00134057142857,0.052
0.465024686458,0.547673753099,-0.124040478255,-1.35598811272,0.0794690414675,1.8941278595,0.159158119027,0.0006584976986,-0.0113533279143,0.00124877836077,-0.00968332363017,0.000165249769318,0.00124150175897,0.00101729944225,0.573881568569,0.818924336984,0.00190327444321,0.0,0.818881007811,-0.573823595144,-0.011879545555,0.0,-0.00863647146254,0.00837616879837,-0.999927622959,0.0,0.661676253042,0.260807815884,0.303220695409,1.0,-0.0013,-0.00170857142857,0.066
0.46501794946,0.547531047675,-0.124044975873,-1.35621383312,0.0794698766808,1.89416756301,0.159155146076,-0.00116031140532,-0.00852542536034,-0.00179184532014,-0.0123368428969,-5.23590957432e-05,0.00297476593761,0.000534862682049,0.573900358208,0.818911235498,0.00187459996127,0.0,0.818867365589,-0.573842340059,-0.011914412671,0.0,-0.0086812887139,0.00837289563574,-0.999927262277,0.0,0.661638925126,0.260778659645,0.303217952054,1.0,-0.00168,-0.002208,0.085
0.465006241364,0.547385934563,-0.124049650356,-1.35642199393,0.0794646001293,1.89429115084,0.159146062665,0.000451123795668,-0.00927002069162,-0.00115055013575,-0.0145875144282,0.000810714277154,0.0144118040225,0.000296768510217,0.573913334903,0.818902029694,0.00192267646541,0.0,0.818858807223,-0.573855135696,-0.0118862933147,0.0,-0.00863053812157,0.00839626444711,-0.99992750565,0.0,0.661623301042,0.260755760239,0.303233118309,1.0,-0.00198,-0.00260228571429,0.1
0.464981188815,0.547191446274,-0.124045665507,-1.35666381864,0.0794609996032,1.89439426997,0.159134391565,-0.0055486591294,-0.0107025422039,0.000672084327174,-0.0201937000056,5.71495509059e-06,0.00491057750543,0.000266952856689,0.57393713399,0.818885208822,0.00198189342698,0.0,0.818842652794,-0.573878586683,-0.0118669547048,0.0,-0.00858047268335,0.00843390722259,-0.999927619729,0.0,0.661600174511,0.260718964036,0.303264024089,1.0,-0.00234,-0.00307542857143,0.118
0.464951783572,0.546988146033,-0.124045666477,-1.35696268702,0.0794527996494,1.89453068594,0.15912114264,-0.00649143012932,-0.0139138558687,0.000311696397563,-0.0181124421388,-5.42660312953e-05,0.0099944110954,0.000694396918573,0.573965084518,0.818865522833,0.00202093322931,0.0,0.818823420327,-0.573906321572,-0.0118527332697,0.0,-0.00854613280967,0.00845800535483,-0.999927710267,0.0,0.66157232552,0.260674644379,0.303277600666,1.0,-0.00268,-0.00352228571429,0.135
0.46491782774,0.546740395309,-0.124052808655,-1.3573568,0.0794444937834,1.89468255285,0.159075517927,-0.00549485372095,-0.0143804214503,-0.00125411825541,-0.0211621324752,-0.000333730767963,0.0135068084635,-0.00163362949477,0.573980433464,0.818854737316,0.00203176676407,0.0,0.818812676959,-0.57392152698,-0.0118586601613,0.0,-0.00854460987778,0.0084704383649,-0.999927618038,0.0,0.661529686665,0.260613483955,0.303278893721,1.0,-0.00304,-0.00399542857143,0.153
0.464889873771,0.546486868092,-0.124048251056,-1.35772821301,0.0794358616283,1.89481025841,0.158951131198,-0.00157742473601,-0.0134143596426,-0.00116997306894,-0.0291268035452,-0.00240429568443,0.00560554044086,-0.00727634730848,0.573916685893,0.818899371254,0.00205044258432,0.0,0.818857383607,-0.573857542645,-0.011868149069,0.0,-0.00854232233398,0.0084905122999,-0.999927467335,0.0,0.661483334691,0.260564145895,0.303292580543,1.0,-0.00334,-0.00438971428571,0.168
0.464848005124,0.546176253796,-0.124048464435,-1.35823393496,0.0794099323273,1.89499010531,0.158921486152,-0.00421845667747,-0.0198941013391,0.0011175134343,-0.0315074914979,-0.00502263019525,0.0218402377693,0.00164799764161,0.573948227906,0.818877292567,0.00203919164275,0.0,0.818835106471,-0.573889074775,-0.0118804531017,0.0,-0.00855852824347,0.00848869014397,-0.999927344228,0.0,0.66142371332,0.260488382435,0.303287405486,1.0,-0.0037,-0.00486285714286,0.186
0.464812844319,0.545877308806,-0.124043619053,-1.35872488274,0.0793789873319,1.89515649121,0.158875289664,-0.00449817509489,-0.0216240784483,0.000997481942822,-0.0318726105563,-0.00258096521025,0.00947122422596,-0.00512873647958,0.573954958018,0.818872628881,0.0020176066663,0.0,0.818830124427,-0.573895855217,-0.0118962849921,0.0,-0.00858381132715,0.00848017214045,-0.999927199782,0.0,0.661361819437,0.260419859448,0.303279633706,1.0,-0.004,-0.00525714285714,0.201
0.464759964469,0.545542655039,-0.124046377744,-1.3592959134,0.079299640394,1.89535585801,0.158785521942,-0.00920264392212,-0.0239480209778,5.73455211656e-05,-0.0322923723277,-0.00155563509372,0.0165971274698,-0.0064674351709,0.573937475473,0.818885021755,0.00196017698885,0.0,0.818842168316,-0.573879002526,-0.0118802671693,0.0,-0.00860383407474,0.00842376830658,-0.999927504456,0.0,0.661298069098,0.260320578428,0.303262033872,1.0,-0.00432,-0.00567771428571,0.217
0.464720515451,0.545150741939,-0.124045702536,-1.35999439076,0.0792808095053,1.89557878689,0.158682792758,-0.00215650864645,-0.0244001585941,-0.000507063360256,-0.0405267423268,-0.00156017234162,0.0123302423895,-0.00494664635638,0.573919033001,0.818898085155,0.00190173313695,0.0,0.818854194133,-0.573860536471,-0.0119432128303,0.0,-0.00868911181148,0.00841184126782,-0.999926867457,0.0,0.661203492799,0.260229185756,0.303226330306,1.0,-0.00466,-0.00612457142857,0.234
0.46466872091,0.544713309409,-0.124040385537,-1.36070722072,0.0792583104612,1.89582615623,0.158636294064,-0.00170878891831,-0.0212249355948,0.000589928603211,-0.0428996808704,-0.00197972281678,0.0127240913448,-0.00658179857174,0.57394538519,0.818879640103,0.00189122870422,0.0,0.818835344959,-0.573886671658,-0.011979684482,0.0,-0.00872473674896,0.00842445172969,-0.999926451086,0.0,0.661109183087,0.260129361267,0.303217434701,1.0,-0.00502,-0.00659771428571,0.252
0.464606480695,0.544251077346,-0.124042589598,-1.36147112342,0.0792243302674,1.8961056692,0.158521575193,-0.000972638503004,-0.0291603437834,0.000614754992311,-0.046033410543,-0.000138828301942,0.0135807671454,-0.00548834290823,0.573945516169,0.818879582652,0.00187629594108,0.0,0.818835000999,-0.573886778118,-0.0119980807716,0.0,-0.00874837037569,0.00842278361496,-0.999926258647,0.0,0.661024762756,0.260018719769,0.303205764255,1.0,-0.00534,-0.00701828571429,0.268
0.46453244436,0.543713672089,-0.124040741499,-1.36234604351,0.0791835777799,1.89640066223,0.158407433619,-0.00461833624031,-0.030323392211,0.00120397509276,-0.0474067754998,-0.00211578012326,0.0158163525966,-0.00917301660248,0.573949117346,0.818877124323,0.00184739250215,0.0,0.818831993458,-0.57389033875,-0.0120329747223,0.0,-0.00879349633082,0.00841918140147,-0.999925893157,0.0,0.660917471601,0.25988746719,0.303195090781,1.0,-0.0057,-0.00749142857143,0.286
0.464454505276,0.543205020162,-0.124037951382,-1.36315934368,0.0791334314088,1.89668754481,0.158304687289,-0.000763681565609,-0.02943281802,0.00126036169965,-0.0524604726787,5.52284432814e-05,0.0118332878001,-0.00358381211557,0.573958682271,0.818870454231,0.00183224832036,0.0,0.818825092846,-0.573899937262,-0.0120447597763,0.0,-0.00881174036631,0.00841364733928,-0.999925779131,0.0,0.660823195079,0.259759059642,0.303192586455,1.0,-0.00602,-0.007912,0.302
0.464379084566,0.542661400874,-0.12404536513,-1.3640209811,0.0790834628261,1.89699194985,0.158200640285,-0.0084630508869,-0.033604951917,-0.00019760031063,-0.0518646157184,-0.00302394517885,0.0183706619316,-0.00901023714014,0.573974948219,0.818859080469,0.00181990434962,0.0,0.818813548513,-0.573916246387,-0.0120524605731,0.0,-0.00882496401708,0.00840813465448,-0.999925708881,0.0,0.66072375092,0.259622350806,0.30319360838,1.0,-0.00634,-0.00833257142857,0.318
0.464276304478,0.542024599817,-0.124049122483,-1.36500735409,0.0790270017205,1.89735734372,0.158063674959,-0.00238759899633,-0.0336504475926,-0.00241167634408,-0.051406322516,-0.00694054542461,0.020668131563,-0.0108066869471,0.573989330492,0.818848967617,0.00183401621788,0.0,0.818803601966,-0.573930547826,-0.0120471814959,0.0,-0.00881239386382,0.00841681477616,-0.999925746715,0.0,0.660616654316,0.25945920112,0.303206250759,1.0,-0.0067,-0.00880571428571,0.336
0.464171734802,0.541369798416,-0.124046078828,-1.36599206954,0.0789687650223,1.89773274799,0.157927349115,-0.00593212228107,-0.0397782228131,-0.000297895986548,-0.0657163633546,-0.00133788960991,0.02098232226,-0.00621824202824,0.574000341661,0.818841158189,0.00187412124247,0.0,0.818796297492,-0.573941364995,-0.0120282859323,0.0,-0.00877378880238,0.0084389262446,-0.999925899832,0.0,0.66051124683,0.259299653338,0.303232954095,1.0,-0.00704,-0.00925257142857,0.353
0.464074731877,0.540713352818,-0.124051616902,-1.36699015757,0.0789105204678,1.89810253365,0.157807915671,-0.0032003263608,-0.0401644522718,-0.00117271496039,-0.0626237271833,-0.00325936073843,0.0245852127781,-0.0160592711398,0.57402561303,0.818823388012,0.00189782275286,0.0,0.818778840289,-0.573966534296,-0.0120156191971,0.0,-0.00874955172789,0.00845133300259,-0.99992600742,0.0,0.660401497266,0.259138190185,0.303254155186,1.0,-0.00736,-0.00967314285714,0.369
0.46395303682,0.539979811447,-0.124060238154,-1.36808781449,0.0788377019444,1.89851795535,0.157668255361,-0.00555683499107,-0.0455093785517,-0.000395823757364,-0.0628190558984,-0.00382904383932,0.0276938123718,-0.00912388106866,0.574058280591,0.818800396874,0.00193583682013,0.0,0.818756456014,-0.573999142722,-0.0119831878681,0.0,-0.00870083782512,0.00846419007973,-0.99992632374,0.0,0.660287602164,0.25894858078,0.303286385901,1.0,-0.0077,-0.01012,0.386
0.46384154865,0.539231930296,-0.124066339174,-1.36924878763,0.0787755018486,1.89896494747,0.157532190425,-0.00957318042725,-0.0483530533546,0.000284747612049,-0.0690086684882,-0.00179625172408,0.0292470985584,-0.00314686217121,0.574084304756,0.818782084196,0.00196380588001,0.0,0.818738496374,-0.574025033888,-0.0119700428553,0.0,-0.00867374989669,0.00847982046665,-0.999926426647,0.0,0.660168857523,0.258775387509,0.303300965194,1.0,-0.00802,-0.0105405714286,0.402
0.463728886077,0.538460349741,-0.12407556263,-1.37044282049,0.0787093219857,1.89943192807,0.157389476241,-0.00704743934446,-0.0478499729251,-0.00132385978904,-0.0711289614305,-0.00918438386168,0.0282451527074,-0.00573166010223,0.574120420303,0.818756663654,0.00200390013222,0.0,0.818713600435,-0.574060978709,-0.0119490622185,0.0,-0.00863317966013,0.00850098458557,-0.999926598041,0.0,0.66003375177,0.25857336643,0.303318681641,1.0,-0.00838,-0.0110137142857,0.42
0.463629216513,0.537738890201,-0.12408014391,-1.37160387532,0.0786348200873,1.89987224942,0.157247894209,-0.00885056271023,-0.0517876058116,0.000398400126313,-0.0764937847538,-0.00552967118585,0.0222604979943,-0.0132680436807,0.574133659691,0.818747349547,0.00201626395956,0.0,0.818704508973,-0.574074225692,-0.0119355470681,0.0,-0.00861487821911,0.00850348743206,-0.999926734603,0.0,0.659895399247,0.258380842345,0.30332664811,1.0,-0.00872,-0.0114605714286,0.437
0.463517968359,0.536852461616,-0.124084035864,-1.37297641599,0.078555451194,1.90037825078,0.157071529101,-0.010074451068,-0.0554869575376,0.00164772247802,-0.0698050340241,-0.000132842520856,0.0282942870075,-0.0105504646928,0.574137258009,0.818744824006,0.00201718362822,0.0,0.818701966161,-0.574077790871,-0.0119384895837,0.0,-0.00861672213068,0.00850596764315,-0.99992669762,0.0,0.659742688032,0.258188955014,0.30333043699,1.0,-0.00906,-0.0119074285714,0.454
0.463421700402,0.536123405699,-0.124084022272,-1.37416117514,0.0784939607489,1.90082318198,0.156924631808,-0.00765421317682,-0.0489818306934,0.00168932957836,-0.0822073011737,-0.0114118299222,0.0250362847047,-0.0123039491937,0.574144588378,0.818739696309,0.00201202014284,0.0,0.818696671162,-0.574085043149,-0.0119528558299,0.0,-0.00863137306236,0.00851006552878,-0.999926536393,0.0,0.659603974184,0.258014629719,0.303319735311,1.0,-0.00936,-0.0123017142857,0.469
0.463331564769,0.535167111662,-0.124089034353,-1.37565465533,0.0784063152147,1.90135245154,0.156745848366,-0.00496042437209,-0.0513580648009,-0.000543797113326,-0.0854606183442,-0.00763036764981,0.0301452926781,-0.0172430981707,0.574133879037,0.818747221292,0.00200585890396,0.0,0.818704065077,-0.574074310875,-0.0119618694531,0.0,-0.00864240170119,0.00851008319376,-0.999926440983,0.0,0.659417106847,0.2578092869,0.303329753964,1.0,-0.00972,-0.0127748571429,0.487
0.46322718074,0.534271252681,-0.124087238123,-1.37713076562,0.0783382934247,1.9018838298,0.156572005034,-0.00945582220769,-0.0528557790411,-0.00595631142968,-0.0895487654299,-0.00588670426498,0.0293229517305,-0.011999937509,0.574138441596,0.81874409689,0.00197499132925,0.0,0.818700289398,-0.574078759035,-0.0120067258132,0.0,-0.00869680275154,0.00851061267555,-0.999925964806,0.0,0.659233755858,0.257603080631,0.303305227493,1.0,-0.01006,-0.0132217142857,0.504
0.463128054895,0.533394402164,-0.124078735388,-1.3785271349,0.0782455063866,1.90239930028,0.156390070089,-0.00758402371185,-0.0603734576455,0.00041256997447,-0.0828068676561,-0.0094232296799,0.0353933692139,-0.0158012092303,0.574116152648,0.818759742853,0.00196815972318,0.0,0.81871585631,-0.574056511839,-0.0120089442759,0.0,-0.00870277277721,0.00850605622613,-0.999925951635,0.0,0.659063420963,0.257408401321,0.303303408265,1.0,-0.01038,-0.0136422857143,0.52
0.463011531104,0.532399504137,-0.124071043127,-1.38016524435,0.0781676679203,1.90301096587,0.156193775974,-0.00818478779869,-0.0537205239686,0.0011603383073,-0.0938127498108,-0.00564077509418,0.0290093213533,-0.00774953589058,0.574114182127,0.81876116212,0.00195248215104,0.0,0.818716815967,-0.574054360065,-0.0120463207776,0.0,-0.00874239702558,0.00851465750432,-0.999925532778,0.0,0.658862538083,0.257183572838,0.303278018172,1.0,-0.01074,-0.0141154285714,0.538
0.462892602128,0.531470368241,-0.12407310347,-1.38164476484,0.0780796229423,1.90355443497,0.155993012513,-0.00658587067489,-0.0586576886145,-0.00102287746421,-0.097485609261,-0.00475187669074,0.0320460489384,-0.0129938850798,0.574105641204,0.818767165737,0.00194626563206,0.0,0.818722705525,-0.574045815085,-0.01205323784,0.0,-0.00875171824079,0.00851344761292,-0.999925461541,0.0,0.658686281324,0.256963220184,0.303275895617,1.0,-0.01106,-0.014536,0.554
0.462766810625,0.530505765334,-0.124075883439,-1.38319367491,0.0779759948943,1.90409598584,0.155800057461,-0.00580678627115,-0.0611188673906,0.000640948883419,-0.0942511842086,-0.00275437325826,0.0350835958061,-0.0137577481011,0.574108822245,0.818765035027,0.00190382207032,0.0,0.81872005357,-0.574049212546,-0.012071551632,0.0,-0.0087910460894,0.00848924504181,-0.999925322325,0.0,0.65849676123,0.256727550554,0.303265378962,1.0,-0.01138,-0.0149565714286,0.57
0.46261082857,0.529389555632,-0.124081158543,-1.38493559563,0.0778671273025,1.90474632222,0.155570801821,-0.00829113198172,-0.0653653063434,-0.000534346334603,-0.0992921504777,-0.00638421153023,0.0398486237999,-0.0131039417005,0.574117888368,0.818758637785,0.0019209921058,0.0,0.818713923105,-0.574058243763,-0.0120578515115,0.0,-0.00876987757096,0.00849553479661,-0.999925454789,0.0,0.658296005639,0.256456172845,0.303279071494,1.0,-0.01174,-0.0154297142857,0.588
0.462458521493,0.528299816372,-0.124082294296,-1.38663388178,0.077763275987,1.9054050694,0.155340189666,-0.0102660628394,-0.0678631906791,0.000590202261733,-0.0959317542554,-0.00399361335115,0.0431101698921,-0.0122192391874,0.574118861596,0.818757859678,0.00196134566312,0.0,0.818713707185,-0.574059076746,-0.0120328290661,0.0,-0.00872621309809,0.0085142186292,-0.999925677881,0.0,0.658103760748,0.2561958548,0.303295218497,1.0,-0.01208,-0.0158765714286,0.605
0.462314357679,0.527228370966,-0.124089335389,-1.38828623408,0.0776521983563,1.90603979729,0.155100473166,-0.010225276421,-0.0679041610364,0.000458856982204,-0.104566377479,-0.0158131679647,0.0449253356966,-0.0136083809074,0.574105134004,0.818767395148,0.00199866321712,0.0,0.818723875185,-0.574045334224,-0.0119965561044,0.0,-0.008675232723,0.00852380185382,-0.999926039835,0.0,0.657916159526,0.255939920862,0.303318167839,1.0,-0.0124,-0.0162971428571,0.621
0.462149293136,0.526053963713,-0.124098602644,-1.39009875947,0.0775377549979,1.90671492573,0.154855557202,-0.00699938131496,-0.0688223928464,-0.000871816004082,-0.111190804469,-0.00714063563483,0.0449534460973,-0.011379349339,0.574113259896,0.818761631958,0.00202527670754,0.0,0.81871852842,-0.574053415267,-0.01197474605,0.0,-0.00864201199289,0.00853315634655,-0.999926247716,0.0,0.657707290261,0.255653514887,0.30334063951,1.0,-0.01274,-0.016744,0.638
0.461981601217,0.524883202645,-0.124110631174,-1.39192813306,0.0774251991234,1.90737304459,0.154609610289,-0.0121408944406,-0.064832420728,-0.000926660972578,-0.106932843738,-0.00424551372942,0.0395486622386,-0.0131612462171,0.574125708867,0.818752911838,0.0020215526789,0.0,0.818709778772,-0.574065897086,-0.0119745917438,0.0,-0.00864389382793,0.00853015015165,-0.9999262571,0.0,0.657491575267,0.255360928473,0.303350844072,1.0,-0.01308,-0.0171908571429,0.655
0.461835892064,0.523765453006,-0.124117378909,-1.39371762131,0.077311351227,1.90802477451,0.154354619023,-0.0117298714721,-0.066212314867,-0.000110136436236,-0.107860123479,-0.00639580038576,0.0412973865226,-0.0104787942733,0.574106377699,0.81876652097,0.00199953143425,0.0,0.81872313212,-0.574046691826,-0.0119822967442,0.0,-0.00866304580392,0.00851633958488,-0.999926209076,0.0,0.657275239438,0.255089301378,0.303341751843,1.0,-0.0134,-0.0176114285714,0.671
0.461667829084,0.522474810742,-0.124118479365,-1.39577654511,0.0771795370388,1.90881084244,0.154084823568,-0.00720980168192,-0.0693920012037,-0.000164882550772,-0.115335340103,-0.00403166377423,0.0464756835619,-0.0173469680015,0.574098794055,0.818771816819,0.00200836959393,0.0,0.818728608454,-0.57403913615,-0.0119700780411,0.0,-0.00864804630011,0.00851648097969,-0.99992633771,0.0,0.657031640222,0.254782785628,0.303337099932,1.0,-0.01376,-0.0180845714286,0.689
0.461503999855,0.521301944609,-0.124120614132,-1.39765221204,0.077081435713,1.90953707333,0.153820407568,-0.0140970072227,-0.0748546941591,-0.00217827063722,-0.113455329994,-0.0111764743493,0.0480140052391,-0.0202977263651,0.574092101555,0.818776445624,0.00203418918778,0.0,0.818733451829,-0.574032215851,-0.0119706692751,0.0,-0.00863377814089,0.00853788979739,-0.999926278439,0.0,0.656812822318,0.254500049219,0.303331459151,1.0,-0.01408,-0.0185051428571,0.705
0.461354186919,0.52008505813,-0.124120729468,-1.39957377593,0.0769542128612,1.91022587592,0.153562169525,-0.0103351992764,-0.0784699970191,-0.000658787110054,-0.120635601793,-0.0020319834178,0.0410725483868,-0.0182816766571,0.574071300492,0.818791077111,0.00201516628672,0.0,0.818747862842,-0.574011524351,-0.0119772244553,0.0,-0.00865028238525,0.00852585805906,-0.999926238459,0.0,0.656573785468,0.254215707017,0.303331192757,1.0,-0.0144,-0.0189257142857,0.721
0.461169888149,0.518655061939,-0.124121648925,-1.40177656183,0.0768090627238,1.91101521576,0.153270391702,-0.0119761898217,-0.0828035504772,-0.000730271798159,-0.118585268875,-0.00601132690437,0.0399335382915,-0.0165722049619,0.574061565089,0.81879788066,0.00202410831539,0.0,0.818754817297,-0.574001786509,-0.0119685061243,0.0,-0.00863811197053,0.00852807198325,-0.999926324791,0.0,0.656303189584,0.253881657208,0.303355018291,1.0,-0.01476,-0.0193988571429,0.739
0.460996735731,0.517322622853,-0.124118111448,-1.40391160066,0.0766664007284,1.91177831057,0.152977345241,-0.00965606200705,-0.0777166501083,-0.000454397240465,-0.127066899666,-0.0116191889302,0.0446295674099,-0.0234959713883,0.574035291007,0.818816398402,0.00198425986178,0.0,0.818772830438,-0.573975698162,-0.011987366615,0.0,-0.00867670247193,0.00850599331334,-0.999926178731,0.0,0.656036007753,0.253562965714,0.303339828469,1.0,-0.0151,-0.0198457142857,0.756
0.46082023275,0.51595604103,-0.124119173585,-1.40605917682,0.0765375359883,1.91258815171,0.15268222963,-0.0125372652092,-0.0799226824264,0.000321448685916,-0.130689070132,-0.00994791036906,0.0445240852896,-0.0148822915591,0.57401775787,0.818828630855,0.00200844305591,0.0,0.818785348333,-0.573958035797,-0.0119780382734,0.0,-0.00865536529095,0.00852025446182,-0.999926242238,0.0,0.655776462408,0.25324374618,0.303346416118,1.0,-0.01544,-0.0202925714286,0.773
0.46063310929,0.51455977863,-0.124116416095,-1.40827083667,0.076396902957,1.91340553087,0.152377284066,-0.0100992319225,-0.0784929935352,0.00131378895272,-0.127054727222,-0.0114061383532,0.043417761974,-0.0174309182452,0.573997842438,0.818842595738,0.00200678435413,0.0,0.818799286346,-0.573938124668,-0.0119793419351,0.0,-0.00865759208201,0.00851943404708,-0.99992622995,0.0,0.655505629724,0.252911276088,0.303343413502,1.0,-0.01578,-0.0207394285714,0.79
0.460459781178,0.513250765322,-0.12411638985,-1.41041960657,0.076271105508,1.91414716491,0.152088850088,-0.0109541841569,-0.0825405502975,0.000808977367318,-0.134524630165,-0.00902123210037,0.0505684347922,-0.0126802041325,0.573982268855,0.818853705358,0.00192643770706,0.0,0.818809168915,-0.573922721415,-0.0120416629161,0.0,-0.00875490248503,0.00848924930359,-0.9999256394,0.0,0.6552277944,0.252589930378,0.303302375845,1.0,-0.0161,-0.02116,0.806
0.46027012714,0.51189193115,-0.124121518461,-1.41256269734,0.0761499059109,1.91491563518,0.15177976963,-0.00956963277626,-0.0834024961454,-0.00055678633358,-0.131961914368,-0.000315250752185,0.0516770555887,-0.0204288952109,0.573967606054,0.818864003498,0.00191777909989,0.0,0.818819210538,-0.573907959085,-0.0120624149487,0.0,-0.00877701769232,0.00849391333403,-0.999925405916,0.0,0.654962251635,0.252258793681,0.303300976409,1.0,-0.01642,-0.0215805714286,0.822
0.460059346938,0.510342657724,-0.124114628199,-1.41503551286,0.0759924322991,1.9158613895,0.151436314813,-0.00927617600145,-0.0870621007897,0.00188791051464,-0.14300303416,-0.00960853169443,0.0465640947008,-0.0227664480402,0.573940824671,0.818882740904,0.00193218176702,0.0,0.818838154247,-0.573881136077,-0.0120526223422,0.0,-0.00876101042772,0.00849979980582,-0.999925496274,0.0,0.654662203555,0.251890421095,0.303290522616,1.0,-0.01678,-0.0220537142857,0.84
0.459843088949,0.508835767652,-0.124132288975,-1.41740358633,0.0758330388578,1.91672357769,0.15110771591,-0.0155992843768,-0.0852193375153,-0.00216532650511,-0.145257493196,-0.0174365206182,0.0482346383219,-0.0184087270347,0.573941356112,0.818882394817,0.00192096436389,0.0,0.818837813501,-0.573881863237,-0.0120411431881,0.0,-0.00875804218133,0.00848403165399,-0.999925656189,0.0,0.654375356321,0.25151017326,0.303293203417,1.0,-0.01712,-0.0225005714286,0.857
0.459643533607,0.507415297785,-0.124141292309,-1.4196631985,0.0756924213538,1.91752632146,0.15078914661,-0.00517973945328,-0.0895601938244,-0.00242457901386,-0.137941077782,-0.00625954613505,0.0556056280184,-0.019269494428,0.57392932961,0.818890902282,0.00188724006709,0.0,0.818845845943,-0.573869951531,-0.0120625955957,0.0,-0.00879508875807,0.00846859913957,-0.999925461843,0.0,0.654092172562,0.251156728214,0.303281179241,1.0,-0.01744,-0.0229211428571,0.873
0.459414215435,0.505848611796,-0.124144307367,-1.4221111165,0.0755392098588,1.91845102581,0.150459260945,-0.0129368139824,-0.096585980369,-0.000368973370894,-0.146644611724,-0.00256769725951,0.0595855166866,-0.0250992368341,0.573934383888,0.818887282681,0.00192045723917,0.0,0.818842686691,-0.573874886279,-0.0120422693887,0.0,-0.00875932772152,0.00848418817456,-0.9999256436,0.0,0.653797967579,0.250773153604,0.30329161399,1.0,-0.01778,-0.023368,0.89
0.459153325885,0.504005527889,-0.124162136373,-1.42487716521,0.0753677728717,1.91951617513,0.1500676216,-0.0130410361081,-0.0997712555124,-0.00153236596132,-0.141003457451,-0.00778569577016,0.0514132066449,-0.0338546811779,0.573936379355,0.818885604817,0.00203606913955,0.0,0.818842641529,-0.573876511152,-0.0119676757518,0.0,-0.00863187133228,0.00853606906863,-0.999926310446,0.0,0.653473864329,0.250332821172,0.303355665876,1.0,-0.01816,-0.0238674285714,0.909
0.458957244501,0.50263681947,-0.124162513752,-1.42692762271,0.0752339763206,1.92028501367,0.149790489518,-0.0140915203463,-0.0957282320957,0.000213862316904,-0.14568870767,-0.00726756204197,0.0555674037354,-0.01459555403,0.573939231517,0.818883428022,0.0021063566623,0.0,0.818841441182,-0.573879132421,-0.0119240293441,0.0,-0.00855576061609,0.00856860533553,-0.999926686294,0.0,0.653226782339,0.250009829822,0.303402121514,1.0,-0.01844,-0.0242354285714,0.923
0.458722437303,0.500927424368,-0.124166466569,-1.4294926301,0.0750739896783,1.92118389342,0.149425356863,-0.0134849102204,-0.096144147888,-0.000363338703467,-0.151442004142,-0.00934826583216,0.0554903580629,-0.0239357336252,0.573922837391,0.818894818306,0.00214480163574,0.0,0.818853260057,-0.573862511185,-0.0119123318977,0.0,-0.00852428973127,0.00859320258004,-0.999926743994,0.0,0.652901761816,0.249607668448,0.303452347816,1.0,-0.01878,-0.0246822857143,0.94
0.458478880732,0.49922482919,-0.124168188378,-1.43209828835,0.0749084567642,1.92213722185,0.149051739593,-0.0150984409639,-0.101814989963,-0.000512003942574,-0.155062638686,-0.00280924864684,0.0577561559002,-0.0244484395081,0.573905428012,0.818906911953,0.00218544154762,0.0,0.81886587746,-0.573844934498,-0.0118917107098,0.0,-0.0084842628818,0.00861446669041,-0.999926901452,0.0,0.652578461662,0.249199048808,0.30348252139,1.0,-0.01912,-0.0251291428571,0.957
0.458239959851,0.49764257272,-0.12415899874,-1.43458388698,0.0747584194433,1.92305923229,0.148691612586,-0.014714943065,-0.0994999335062,-0.000908394507888,-0.153841250971,-0.00312000537302,0.0581283375598,-0.0240471608566,0.573886679764,0.818920016083,0.00219839700699,0.0,0.818879058508,-0.573826043368,-0.011895645907,0.0,-0.00848024835222,0.00862714010369,-0.999926826244,0.0,0.652250146528,0.248782787416,0.303480580729,1.0,-0.01946,-0.025576,0.974
0.457974037109,0.495863021019,-0.124155172227,-1.43744528549,0.0745817336135,1.92404699075,0.148266359571,-0.014865494658,-0.0982928702385,0.00552490292644,-0.158276517149,-0.0134452045549,0.0489572037021,-0.0192745208222,0.573848711726,0.818946810502,0.00212709210668,0.0,0.818904706083,-0.573788149994,-0.0119577666194,0.0,-0.00857243963492,0.00860400035973,-0.999926239508,0.0,0.651895345351,0.248364581458,0.303446106949,1.0,-0.0198,-0.0260228571429,0.991
0.45770286189,0.494165641416,-0.124163840679,-1.44019192532,0.0744105960919,1.925021729,0.14788559707,-0.0196084895973,-0.102973481004,-0.00332314354786,-0.160498394,-0.0116537616721,0.0660571178641,-0.0287047966632,0.573857136489,0.818941076684,0.00206075747455,0.0,0.818898029887,-0.573796773048,-0.0120011161297,0.0,-0.00864591743645,0.00857464146128,-0.999925859069,0.0,0.651547023676,0.247918105708,0.303405849947,1.0,-0.022684,-0.0298132571429,1.008
0.457444680612,0.49212691334,-0.124222346773,-1.44330813242,0.0742280497802,1.92618879,0.147435014234,-0.0209710105916,-0.133263407142,-0.000285371245267,-0.204813737574,-0.0148199242175,0.0858382800837,-0.0334150199019,0.57384897476,0.818946620198,0.00212939784673,0.0,0.81890461587,-0.573788473817,-0.0119484025045,0.0,-0.00856344478001,0.00860051783953,-0.999926346541,0.0,0.651163534673,0.247422753679,0.303444567056,1.0,-0.0288645714286,-0.0379362938776,1.024
0.45707450661,0.48952514845,-0.12422868879,-1.4474961043,0.0739972993687,1.92772744411,0.146809603469,-0.0242498005751,-0.161196745076,-0.00363267673941,-0.263347508706,-0.00780008545758,0.102676041781,-0.0441355606973,0.573791863185,0.818986707952,0.00210162860122,0.0,0.818943989431,-0.57373113226,-0.0120032058565,0.0,-0.00862486234764,0.00860862370627,-0.999925748917,0.0,0.650624642188,0.246783090809,0.303394573523,1.0,-0.0354314285714,-0.0465670204082,1.041
0.456535636833,0.486060524014,-0.124268864465,-1.45289667595,0.073669783564,1.92975438901,0.146038764675,-0.0318988533529,-0.211374312724,-6.79308750613e-05,-0.317994454631,-0.0178008378709,0.117786149395,-0.0392292155056,0.573810485205,0.818973476527,0.00217226031693,0.0,0.818931733164,-0.573749512954,-0.0119607567767,0.0,-0.00854937386242,0.00864230694689,-0.999926106638,0.0,0.649960602082,0.24589940656,0.303408256049,1.0,-0.0423845714286,-0.0557054367347,1.059
0.455991850109,0.482480185359,-0.124365793753,-1.45846819503,0.0733314081114,1.93174215215,0.145171214094,-0.0373035247379,-0.231168926692,-0.00286083616629,-0.359447531188,-0.0175980227414,0.123232179773,-0.0528777256476,0.57379777156,0.818982426702,0.00215615557858,0.0,0.818940603858,-0.573736998764,-0.0119536816055,0.0,-0.00855295360961,0.00862492527524,-0.999926226103,0.0,0.649259025354,0.244956892917,0.303416355607,1.0,-0.0485651428571,-0.0638284734694,1.075
0.4552815684,0.478125219095,-0.12445559142,-1.46531113243,0.0729272489648,1.93414632529,0.144160157598,-0.0469552053913,-0.275529294238,-0.00702927398758,-0.419504858757,-0.0302677370023,0.148870755811,-0.0530931670259,0.573840690918,0.818952545139,0.00208258427796,0.0,0.818909606197,-0.57378006186,-0.0120101786773,0.0,-0.00864098742529,0.0085975430305,-0.999925705035,0.0,0.648384477046,0.243788656565,0.303388866476,1.0,-0.055132,-0.0724592,1.092
0.454481863594,0.473229182816,-0.124538474165,-1.47287757287,0.0724716777644,1.93691210374,0.143081348837,-0.0511273701379,-0.29720899292,-0.00223395290864,-0.463413108216,-0.0238487249629,0.168731849098,-0.0665405053842,0.57391438098,0.81890071205,0.00215731526749,0.0,0.818858752642,-0.573853435751,-0.0119718169022,0.0,-0.00856591152781,0.00863750067425,-0.999926006633,0.0,0.647431732825,0.242505177366,0.303417628855,1.0,-0.0616988571429,-0.0810899265306,1.109
0.453618276729,0.468090602921,-0.12459141815,-1.48062659863,0.0720069647113,1.93976765138,0.141850484465,-0.0587727637587,-0.33324506909,0.000756687428934,-0.491625744548,-0.0339442517148,0.193723207818,-0.0858280586136,0.573896257567,0.818912820607,0.0023716443356,0.0,0.81887354924,-0.573834347007,-0.0118743189798,0.0,-0.00836326208863,0.00875687263525,-0.999926683827,0.0,0.646456973578,0.24118549184,0.303527731413,1.0,-0.0678794285714,-0.0892129632653,1.125
0.452471379527,0.46143170179,-0.124634461276,-1.49089348927,0.071344003852,1.94337009816,0.140238484428,-0.0638607980743,-0.369355628696,-0.00107341579365,-0.570071788177,-0.0395521854512,0.188644647774,-0.0773223197443,0.573848311711,0.818946449503,0.00236112113019,0.0,0.818906829982,-0.573786227797,-0.0119044319947,0.0,-0.00839447514844,0.00876504517627,-0.999926350673,0.0,0.645105777097,0.239432716387,0.303545075657,1.0,-0.0752188571429,-0.0988590693877,1.144
0.45147446295,0.455737409233,-0.124707926729,-1.49975007712,0.0707582369133,1.94636773362,0.138931923332,-0.0703940611021,-0.374575092024,-0.00651583131539,-0.599267640137,-0.0391707089354,0.207160693905,-0.0902863924104,0.573897522356,0.818912398272,0.00220560448429,0.0,0.818870617059,-0.573835922638,-0.011999721188,0.0,-0.00856123020263,0.0086928823287,-0.999925566797,0.0,0.643912159094,0.237887021344,0.303509035776,1.0,-0.0810131428571,-0.106474416327,1.159
0.450337429066,0.449120635871,-0.124790247159,-1.50955274126,0.0700710451689,1.95005412648,0.137343133002,-0.0692171058016,-0.424076781167,-0.00605744688289,-0.625612346522,-0.0455957347815,0.239470172812,-0.0924842102126,0.573846631166,0.818946955751,0.00258349908001,0.0,0.818910946162,-0.573784476662,-0.0117039950246,0.0,-0.00810273543069,0.0088321238378,-0.999928167054,0.0,0.642667179334,0.236178312358,0.303706289507,1.0,-0.0871937142857,-0.114597453061,1.175
0.449003770824,0.441752384035,-0.124808541042,-1.52080096738,0.0693550759212,1.95398450394,0.135635705291,-0.0806687128863,-0.44500206322,-0.000156683455123,-0.676343838166,-0.0434409620509,0.233588171613,-0.105720170844,0.573862461086,0.81893568578,0.00263916919069,0.0,0.818899869085,-0.573799524513,-0.0117412512928,0.0,-0.00810113162458,0.00889925000602,-0.999927584886,0.0,0.641137879609,0.234237055898,0.303739165101,1.0,-0.0937605714286,-0.123228179592,1.192
0.447568507145,0.433905898009,-0.124847778529,-1.53278169207,0.0685367162334,1.95811901965,0.133666802159,-0.0831985314693,-0.476334321815,-0.00166145021618,-0.701147883635,-0.0517876812734,0.255490127995,-0.111479132679,0.573754758565,0.819011193308,0.00262472098012,0.0,0.818975018644,-0.573691701576,-0.0117684867494,0.0,-0.00813289831434,0.00890197757788,-0.999927302738,0.0,0.639484222592,0.232141170417,0.303754789508,1.0,-0.100327428571,-0.131858906122,1.209
0.445988275062,0.425612745535,-0.124873828848,-1.54538287874,0.0676419665247,1.96257145471,0.131606944687,-0.0964430387736,-0.489490068762,-0.00402546887793,-0.750443435119,-0.0539722177216,0.25339595689,-0.122148686713,0.573674912035,0.819066833602,0.00271372369546,0.0,0.819032000332,-0.573611750634,-0.0116999515922,0.0,-0.00802657304065,0.00893476726909,-0.999927869428,0.0,0.637753939597,0.229908141685,0.303790993826,1.0,-0.106894285714,-0.140489632653,1.226
0.444265229589,0.416874728726,-0.124973185099,-1.55868570369,0.0666861436066,1.96709934582,0.129435957664,-0.104956176302,-0.520752988929,-0.00375491075752,-0.804512304851,-0.0637312108898,0.284255710309,-0.123941093889,0.57367398917,0.819067726619,0.00263823093631,0.0,0.819032117217,-0.573611321215,-0.0117128153164,0.0,-0.00808042545373,0.00888030432984,-0.999927920862,0.0,0.635889640945,0.227467466954,0.303786787798,1.0,-0.113461142857,-0.149120359184,1.243
0.442408957371,0.407693394828,-0.125049040198,-1.57257676367,0.0657530684478,1.97193234035,0.127097846109,-0.116426687201,-0.544070703747,-0.0063973146457,-0.838072988181,-0.0520263240724,0.277088398485,-0.141754521535,0.57364761516,0.819085869688,0.00273835696735,0.0,0.819051267586,-0.573584271818,-0.0116983370591,0.0,-0.00801141834152,0.00895375028795,-0.999927821161,0.0,0.633935256662,0.224924337441,0.303809138132,1.0,-0.120028,-0.157751085714,1.26
0.440456516733,0.398590872795,-0.125147487498,-1.58624102013,0.0648228511225,1.97653078303,0.124814630517,-0.121027044292,-0.589621649034,-0.00578384598262,-0.837249769125,-0.0554174813114,0.300572924021,-0.141946516183,0.573737494518,0.819022817624,0.00276739891432,0.0,0.818988201221,-0.573673598838,-0.011733505772,0.0,-0.00802257972288,0.0089985925132,-0.999927329133,0.0,0.631983034259,0.222326504848,0.303845440903,1.0,-0.126208571429,-0.165874122449,1.276
0.438259031535,0.388606670019,-0.125272182817,-1.60126841419,0.0636537690101,1.98167283469,0.122241456092,-0.127356326197,-0.603789380336,-0.00461489720174,-0.904652904206,-0.070874451912,0.303071573047,-0.159059496811,0.573774924994,0.818996608086,0.00276374615962,0.0,0.818962790263,-0.573711987753,-0.0116297108169,0.0,-0.00793925226438,0.00893641377179,-0.999928551839,0.0,0.62983417971,0.21942156975,0.303851759194,1.0,-0.132775428571,-0.17450484898,1.293
0.435921924973,0.378122972704,-0.125372738098,-1.61686217549,0.0625064245646,1.98683269453,0.119434435173,-0.136417524118,-0.639394059287,-0.00753741206188,-0.932725014476,-0.0724718130012,0.309205162617,-0.166866373001,0.573727797734,0.819029578203,0.00277687531576,0.0,0.818995832518,-0.573664711289,-0.0116349576789,0.0,-0.0079365319067,0.00894972026673,-0.999928454425,0.0,0.627531414847,0.216402008342,0.303897555527,1.0,-0.139342285714,-0.18313557551,1.31
0.433517226936,0.368018405632,-0.125475359351,-1.63202125845,0.0613747992781,1.99182315623,0.116764902818,-0.154016760868,-0.626809603218,-0.00215738787799,-0.957008244452,-0.0714598443132,0.306268621532,-0.165606982948,0.573819078894,0.81896592268,0.00268869607012,0.0,0.818930915377,-0.57375615481,-0.0116951938215,0.0,-0.00803546398787,0.00891295328197,-0.999927992699,0.0,0.625272619362,0.213388787365,0.303856431741,1.0,-0.145522857143,-0.191258612245,1.326
0.430810743218,0.356825241259,-0.125626555597,-1.64851266047,0.0600740386631,1.99727706474,0.113727305547,-0.163831196442,-0.665942477629,-0.0103931683817,-0.976447908079,-0.0744716652229,0.304139195051,-0.191488107853,0.573868494861,0.818931103706,0.00274679615086,0.0,0.818897437432,-0.57380602066,-0.0115924338257,0.0,-0.00791742889366,0.00890204827243,-0.99992903141,0.0,0.622807157449,0.210040410225,0.303916637883,1.0,-0.152089714286,-0.199889338775,1.343
0.427732016402,0.344582920267,-0.12577919951,-1.66658226771,0.058762183602,2.00311894423,0.110317980099,-0.167149843084,-0.699591611404,-0.00926364541026,-1.00635905373,-0.0780602004397,0.34027359617,-0.186658954192,0.573952371987,0.818872273192,0.00276075868963,0.0,0.818838111883,-0.573889079528,-0.0116712393734,0.0,-0.00797303855915,0.00895952245373,-0.99992807622,0.0,0.620035382469,0.206338099538,0.303919859428,1.0,-0.159042857143,-0.209027755102,1.361
0.424688214826,0.33269577891,-0.125859708252,-1.68416438909,0.0573728551438,2.00874354886,0.106982066179,-0.182779464086,-0.696095199504,-0.00152412916953,-1.05822611392,-0.0783680709312,0.32544137979,-0.196492379915,0.573941012743,0.818880561356,0.00266214671665,0.0,0.818844889032,-0.573877813557,-0.0117494559414,0.0,-0.00809380997076,0.00892355168102,-0.999927427599,0.0,0.617268067016,0.202747584439,0.303863140589,1.0,-0.165609714286,-0.217658481633,1.378
0.421663455225,0.321085887756,-0.125871897582,-1.70098007561,0.0559456098988,2.01411647282,0.103673793972,-0.199256306657,-0.722799788022,-0.00143043548468,-1.07507703667,-0.0850186051596,0.334327001998,-0.205428288097,0.573816740995,0.818967414771,0.00273280054305,0.0,0.818933051658,-0.573753743156,-0.0116638766397,0.0,-0.007984534084,0.00893108032004,-0.999928238935,0.0,0.614586835226,0.199291281826,0.30392758302,1.0,-0.171790285714,-0.225781518367,1.394
