position_joint1,position_joint2,position_joint3,position_joint4,position_joint5,position_joint6,position_joint7,velocity_joint1,velocity_joint2,velocity_joint3,velocity_joint4,velocity_joint5,velocity_joint6,velocity_joint7,ee_T_00,ee_T_10,ee_T_20,ee_T_30,ee_T_01,ee_T_11,ee_T_21,ee_T_31,ee_T_02,ee_T_12,ee_T_22,ee_T_32,ee_T_03,ee_T_13,ee_T_23,ee_T_33,v_x,v_y,time
0.465088621462,0.547667439307,-0.123968976895,-1.35575501595,0.0794672299371,1.89408541978,0.159177948199,0.000760772737416,3.48296151342e-05,0.00215686907167,0.00058543007725,-0.000231004596386,-5.00905689484e-06,0.0010836040506,0.573781974143,0.818993684366,0.00208279098986,0.0,0.818952529397,-0.573723128997,-0.0118013876078,0.0,-0.00847047963674,0.00847729364273,-0.999928190655,0.0,0.661688422914,0.260916115817,0.303330055773,1.0,0.0,0.0,0.0
0.465085878625,0.547669239135,-0.123971505863,-1.35575803047,0.0794669153541,1.89408542517,0.159172584713,-0.00104951247573,0.00196988118683,-0.000267721612662,-0.000913403927123,-5.50953634762e-05,2.99107973393e-05,-0.000813296814985,0.573781679993,0.818993902631,0.00207799402225,0.0,0.818952697332,-0.573722865848,-0.0118025267217,0.0,-0.00847416788908,0.00847401557119,-0.999928187191,0.0,0.66168899911,0.260912404386,0.303327429445,1.0,-0.00022,-0.000289142857143,0.012
0.465086091764,0.547661175411,-0.123971624133,-1.35576419463,0.0794714079806,1.89408632905,0.159177946729,0.00101357453868,-0.000541725458,-0.000369808243913,-0.00158034883886,-2.13579440105e-06,0.000409119792333,2.41602332705e-05,0.573787497542,0.818989813802,0.00208313585636,0.0,0.818948631066,-0.573728618084,-0.0118050568529,0.0,-0.00847322979366,0.00847973854911,-0.999928146624,0.0,0.661687699042,0.260912641212,0.303330298687,1.0,-0.00056,-0.000736,0.029
0.465081878345,0.547628849082,-0.123970065635,-1.35579473939,0.079466739964,1.89409313002,0.159179693999,-0.000638211752103,-0.00147172295226,-0.000146561453953,-0.00220500500419,-0.000158696157293,5.83655496645e-05,0.00222646485937,0.573791710319,0.818986845475,0.00208973898481,0.0,0.818945761189,-0.573732816928,-0.0118000809765,0.0,-0.0084653222446,0.00848233484025,-0.999928191579,0.0,0.661683911943,0.26090726065,0.303339191117,1.0,-0.00096,-0.00126171428571,0.049
0.465089474662,0.547495882718,-0.123970382064,-1.35593595265,0.0794641515329,1.89411869822,0.159168486987,0.00125417890899,-0.00811621211961,-0.00113139398933,-0.0119904472614,-0.000219275369209,0.000102964525679,-0.0011686004069,0.573783494313,0.818992550078,0.00210985094598,0.0,0.81895164122,-0.573724436478,-0.0117994590022,0.0,-0.00845335872605,0.00849836433206,-0.999928156684,0.0,0.661658388912,0.260898406433,0.303368396245,1.0,-0.0013,-0.00170857142857,0.066
0.465081807115,0.54737578333,-0.123970329358,-1.35608985362,0.079463879508,1.89414815863,0.159173089115,0.000668405075698,-0.0101922650016,-0.000994416290181,-0.0128108263485,-7.54170355617e-05,-0.00102468334191,0.0013493005235,0.57380182503,0.818979700429,0.002112529143,0.0,0.818938711264,-0.573742638661,-0.0118118024087,0.0,-0.00846174126817,0.00850782947495,-0.999928005295,0.0,0.661634155453,0.260878627085,0.303382773864,1.0,-0.00158,-0.00207657142857,0.08
0.465061967095,0.547242784399,-0.123972307922,-1.35627540718,0.0794590903943,1.89423550212,0.159164128044,-8.52088478205e-05,-0.0102316545487,-0.000526859481617,-0.0132241935584,-0.000175342977331,0.00287470009522,-0.000193045214627,0.573821341186,0.818965943218,0.00214456296813,0.0,0.818925348946,-0.573762004918,-0.0117975195314,0.0,-0.00843146029412,0.00852606961043,-0.999928105723,0.0,0.661618444956,0.260849237787,0.303396307806,1.0,-0.00188,-0.00247085714286,0.095
0.465041124246,0.54702988428,-0.123960038067,-1.35652147911,0.079453838422,1.89437196655,0.159146735872,-0.00058539564276,-0.00926228895742,0.00144980500925,-0.0136987029071,-0.00032412126829,0.00171958589521,-0.00112226552676,0.57382817851,0.818960896317,0.00224025731341,0.0,0.818921462603,-0.573768387573,-0.0117568027433,0.0,-0.00834313351719,0.00858114471263,-0.999928375474,0.0,0.661597775229,0.260824568647,0.303441422737,1.0,-0.00226,-0.00297028571429,0.114
0.465018776124,0.546844822963,-0.12396583196,-1.35673127122,0.0794502730839,1.89449118129,0.159133182454,-0.00250418528043,-0.013322427121,0.000405751255596,-0.0179558645729,-1.3471823721e-05,0.00872901344963,-0.000277446618503,0.573850406003,0.818945088841,0.00232376752247,0.0,0.818906747214,-0.573790306386,-0.0117119838751,0.0,-0.00825827539384,0.00862404164448,-0.999928710856,0.0,0.661585684968,0.260791488506,0.303483182977,1.0,-0.00256,-0.00336457142857,0.129
0.464980435573,0.546610501434,-0.123968833939,-1.3570874255,0.0794435136118,1.89462373663,0.159092381321,-0.00352688517906,-0.0120040407345,-0.00169678481647,-0.0236104651096,0.000203615440418,0.0159334092531,-0.00331717586689,0.573868623076,0.818932276717,0.00234019254442,0.0,0.818894034596,-0.573808341395,-0.0117172671515,0.0,-0.00825298515834,0.00864070804127,-0.999928610652,0.0,0.661547674208,0.260733093149,0.303491212022,1.0,-0.0029,-0.00381142857143,0.146
0.464933567961,0.54634324114,-0.123970728233,-1.35748959821,0.0794315683829,1.89476467225,0.158954823739,-0.00157220879124,-0.0194615264994,-0.000961509571786,-0.0234540728767,-0.000449969647817,0.0072371891678,-0.00407505887649,0.573814942026,0.818969854339,0.00235306046952,0.0,0.818931661882,-0.573754496236,-0.0117242533763,0.0,-0.00825188992996,0.0086547141223,-0.999928498562,0.0,0.661503879031,0.260664397174,0.303501330996,1.0,-0.00324,-0.00425828571429,0.163
0.464888953128,0.546054075252,-0.123965447641,-1.35795818179,0.0794097787177,1.89493608062,0.158938144207,-0.00240727175307,-0.0168427899876,0.00136779066702,-0.0312768000197,1.66544537463e-05,0.0162952679893,-0.000889940499467,0.573854562679,0.818942100893,0.00235014429869,0.0,0.818903785494,-0.573794033627,-0.0117364380896,0.0,-0.0082631235801,0.00865971733639,-0.999928362476,0.0,0.661449783451,0.26059422519,0.303497726038,1.0,-0.00358,-0.00470514285714,0.18
0.464838425254,0.545756328686,-0.123970790042,-1.35845229927,0.0793612241993,1.89510064903,0.158903613758,-0.00291428126707,-0.0220385410359,-0.000146580603769,-0.0307227559147,-0.00178799775019,0.0105082752888,-0.00455641690749,0.573886047794,0.818920148818,0.00231104033833,0.0,0.818881488912,-0.57382583164,-0.0117375022993,0.0,-0.00828610201875,0.00862862308645,-0.999928441128,0.0,0.661394124321,0.260506273715,0.303487729864,1.0,-0.0039,-0.00512571428571,0.196
0.464760655327,0.545418363377,-0.123972985214,-1.35905852824,0.0792610161312,1.89529821505,0.158789270795,-0.00648558654158,-0.0236804696323,-0.000151769385494,-0.0345750925661,-0.00123138549251,0.0142234356337,-0.00323057544913,0.573864802683,0.818935302081,0.00221498260352,0.0,0.818895920171,-0.573805493403,-0.0117249549692,0.0,-0.00833117075478,0.00854254365759,-0.999928805737,0.0,0.661329569599,0.260383224035,0.303455490901,1.0,-0.00424,-0.00557257142857,0.213
0.464703109646,0.544987742362,-0.123978701817,-1.35978687903,0.0792574065944,1.89553543348,0.158711286607,-0.00277438599196,-0.0267831511403,-0.000337002369448,-0.0379887976424,0.000705586824843,0.0159761782177,0.00109707299756,0.573891616433,0.818916594764,0.0021841039433,0.0,0.818876433544,-0.573832035561,-0.0117867913472,0.0,-0.00839925193319,0.00855301665844,-0.999928146655,0.0,0.661237360542,0.260276573671,0.30343442561,1.0,-0.0046,-0.00604571428571,0.231
0.464637548074,0.544620045334,-0.123979665234,-1.3604090335,0.0792382886784,1.89574869315,0.15866013832,-0.00168282997837,-0.0262433205184,-0.00056864700178,-0.0418037892423,-3.85990547974e-05,0.014831089455,-0.000476978908115,0.573933664768,0.818887194747,0.00215815360666,0.0,0.818846510035,-0.573873990996,-0.0118229591438,0.0,-0.00844332418363,0.00855295548966,-0.999927776006,0.0,0.661164907708,0.260175022799,0.303417067714,1.0,-0.0049,-0.00644,0.246
0.464574586742,0.544140796197,-0.12398250474,-1.36120124811,0.0792016741751,1.89603498458,0.158518327855,-0.00163201976984,-0.0242873584335,0.00105518901247,-0.0468330657111,-0.00246239123677,0.016130518333,-0.00761442970791,0.573905520024,0.818906966138,0.00214051335186,0.0,0.818865943665,-0.573845809936,-0.0118448143125,0.0,-0.00847163944035,0.00855076243208,-0.999927555269,0.0,0.661071502745,0.260057514273,0.303404049636,1.0,-0.00526,-0.00691314285714,0.264
0.464501231322,0.543633761399,-0.123988286258,-1.36202669327,0.0791637043409,1.89632264668,0.15844504066,-0.0069163715018,-0.0354176909752,0.00122399141892,-0.0525113187833,-0.000587024699072,0.0164821305179,-0.00985079880488,0.57394542071,0.818879057964,0.0021188146676,0.0,0.818837645797,-0.573885684189,-0.0118692126762,0.0,-0.00850365601159,0.00854741004135,-0.999927312166,0.0,0.660974796057,0.259927729058,0.30339503611,1.0,-0.0056,-0.00736,0.281
0.464429847023,0.543105350559,-0.123989657867,-1.36287299993,0.079104862652,1.89662010727,0.15831548096,-0.00669173179905,-0.0329178888388,0.000791242618033,-0.048048104654,-0.00588931809853,0.019392625062,-0.00722941300008,0.573930088482,0.818889860302,0.00209693355221,0.0,0.818848207718,-0.573870486405,-0.0118753715863,0.0,-0.00852141716545,0.00853286763035,-0.999927285166,0.0,0.660875325198,0.259796901462,0.303391824097,1.0,-0.00594,-0.00780685714286,0.298
0.464369444591,0.542574667796,-0.123995280873,-1.36372193185,0.0790622895159,1.89692084463,0.158209187758,-0.00341160097284,-0.0329337712482,0.00017632724506,-0.0472991181625,-0.00022737692557,0.0178633645999,-0.0131178453316,0.573932245219,0.818888378638,0.00208521726405,0.0,0.818846495948,-0.573872612671,-0.0118906433884,0.0,-0.00854062503948,0.00853206077558,-0.999927128176,0.0,0.660773051534,0.259673446132,0.303389362602,1.0,-0.00626,-0.00822742857143,0.314
0.464278101801,0.541877206581,-0.123987465847,-1.36481581649,0.0789995585657,1.89732032888,0.158060528402,-0.0035294834675,-0.0361234744714,0.000811696305174,-0.0530467828684,-0.00774227680323,0.0218391484341,-0.00404844444144,0.573923837965,0.818894255364,0.00209132683374,0.0,0.818852364692,-0.573864094171,-0.0118976115958,0.0,-0.00854291288681,0.00854097527305,-0.999927032528,0.0,0.660644330917,0.259513897338,0.303396281208,1.0,-0.00666,-0.00875314285714,0.334
0.464215380266,0.541378744256,-0.123990995612,-1.36555375071,0.0789486331755,1.89759195376,0.157973432232,-0.00150844488623,-0.0383827542408,0.00049080379262,-0.0553869026444,-0.00142756075899,0.0174473919174,-0.00966872062837,0.573933650148,0.818887318332,0.00211471147778,0.0,0.818845802091,-0.573873880675,-0.011877220999,0.0,-0.00851269186656,0.00854852400338,-0.999927225759,0.0,0.66056132615,0.259399565936,0.303421104891,1.0,-0.00692,-0.00909485714286,0.347
0.464131097287,0.540712423237,-0.123990346318,-1.36657330961,0.0788986694301,1.89797993631,0.157827333571,-0.00337896257413,-0.0386754739262,0.000675964703471,-0.0606191118161,-0.0021697877881,0.0219980269392,-0.0136844631546,0.573925814801,0.818892716527,0.00215054069403,0.0,0.81885156484,-0.57386579999,-0.0118703522419,0.0,-0.00848658663084,0.00857384026799,-0.999927230908,0.0,0.660445409482,0.259250243292,0.303440459083,1.0,-0.00726,-0.00954171428571,0.364
0.464036781087,0.539941612997,-0.12399316566,-1.36773187329,0.0788221297324,1.89842053065,0.157690598654,-0.00240011210175,-0.0419123838578,-0.000106426732254,-0.0678640517491,-0.00226791566397,0.0319313514822,-0.00736917523154,0.573936778485,0.818884925449,0.00219090737329,0.0,0.818844381676,-0.573876685898,-0.0118395473749,0.0,-0.00843807866611,0.00858932924367,-0.999927508498,0.0,0.660315309925,0.259076438773,0.303472025458,1.0,-0.00762,-0.0100148571429,0.382
0.463939641283,0.539240923738,-0.123998839781,-1.3688188723,0.0787658264116,1.89882538308,0.157555662082,-0.00217605140156,-0.0478230766022,-0.00144537385369,-0.0729646098053,-0.0014117636353,0.0208929316622,-0.0040686820887,0.573954889707,0.818872180142,0.00220999385227,0.0,0.818831824127,-0.573894658084,-0.0118368965682,0.0,-0.00842476383551,0.00860362360804,-0.999927497879,0.0,0.660192806374,0.258907542141,0.30348501096,1.0,-0.00794,-0.0104354285714,0.398
0.463820617512,0.538450104035,-0.124002366893,-1.37005831487,0.0786880336836,1.89931471203,0.157391658477,-0.00923091231292,-0.0446447903082,-0.00149755364069,-0.0717179818268,-0.00104238407412,0.027344717716,0.000855863031234,0.573968389214,0.818862635529,0.00224036127775,0.0,0.81882274791,-0.5739081126,-0.0118123960015,0.0,-0.00838712968749,0.0086145665406,-0.999927720037,0.0,0.660060403258,0.258710799627,0.303496224439,1.0,-0.0083,-0.0109085714286,0.416
0.463698110835,0.537623671278,-0.124005936179,-1.37136813667,0.0786146618105,1.89981428435,0.157241341198,-0.00751741041661,-0.0474778300165,-0.000879220315973,-0.070641461577,-0.00256169838034,0.0221454225272,-0.00588903093725,0.574000851643,0.818839841068,0.00225474900497,0.0,0.818800115262,-0.573940489278,-0.0118081715224,0.0,-0.00837507079169,0.00862425529903,-0.999927737594,0.0,0.659915061767,0.258505272957,0.303499850795,1.0,-0.00866,-0.0113817142857,0.434
0.463602996325,0.536948839413,-0.124012327316,-1.37242165819,0.0785515392223,1.90020207685,0.15710766029,-0.00500466591658,-0.0491069650131,-0.000622452717042,-0.0753438361984,-0.00122060201527,0.0246164686498,-0.00897815282303,0.574014866347,0.818829999698,0.00226090863551,0.0,0.818790367327,-0.573954492201,-0.0118034806715,0.0,-0.00836754650804,0.00862674968388,-0.99992777907,0.0,0.659795554225,0.258338711058,0.303508681449,1.0,-0.00894,-0.0117497142857,0.448
0.463472935039,0.536101897037,-0.124019441026,-1.37375109764,0.0784773255483,1.90071018002,0.156939806538,-0.0114546780748,-0.0495393249548,0.00046588008181,-0.07971770287,-0.00979699483076,0.0323105231628,-0.00756658854467,0.574042282081,0.81881071872,0.002283022977,0.0,0.818771363599,-0.573981808901,-0.0117933923141,0.0,-0.00834630307096,0.00863934600767,-0.99992784786,0.0,0.659650160287,0.258124558217,0.303518022582,1.0,-0.00928,-0.0121965714286,0.465
0.463361210563,0.535208991477,-0.124023704136,-1.37515115935,0.0783921638945,1.90121271698,0.15676850256,-0.00577792578859,-0.0566314445145,4.28198074057e-05,-0.0868105300333,-0.00381703001365,0.0330963801211,-0.012543649756,0.574050442876,0.818805012188,0.00227770737791,0.0,0.818765576615,-0.573989977334,-0.0117976002103,0.0,-0.00835271379334,0.00863749231871,-0.999927810344,0.0,0.659483362298,0.257914257708,0.303525423415,1.0,-0.00962,-0.0126434285714,0.482
0.46324418357,0.534375199044,-0.12402440271,-1.37650499246,0.0783260950603,1.90170609257,0.156607423096,-0.00803558873419,-0.0495279917084,0.000319514465929,-0.0882059189776,-0.00839733203324,0.0369429669608,-0.0129328055761,0.574071411135,0.81879035397,0.00226231389993,0.0,0.818750553716,-0.574010832609,-0.0118254698587,0.0,-0.00838414938697,0.00864110129532,-0.999927516077,0.0,0.659323085263,0.257709713716,0.303512085449,1.0,-0.00994,-0.013064,0.498
0.463118295873,0.533398158177,-0.124030341451,-1.37806292711,0.0782238401852,1.90227707836,0.156412391201,-0.00535164271318,-0.0525795740775,-8.64391883471e-05,-0.0798685392331,-0.000587792075698,0.0273926770099,-0.00511334935916,0.574076779173,0.818786632308,0.00224705778467,0.0,0.818746704966,-0.574016332733,-0.0118249636085,0.0,-0.00839243584157,0.00862837430221,-0.999927556465,0.0,0.659139717361,0.257473385296,0.303509312563,1.0,-0.0103,-0.0135371428571,0.516
0.462986064096,0.532447568199,-0.124025210413,-1.37959215398,0.0781449057682,1.90285475036,0.156218098803,-0.00580006313921,-0.0545771206511,0.000412735060893,-0.0884470999558,-0.00114916882852,0.0313245802302,-0.00267663090348,0.574084861289,0.818780948956,0.00225312394102,0.0,0.818740950586,-0.57402423599,-0.0118397310274,0.0,-0.00840096020167,0.00864190156519,-0.999927368065,0.0,0.658961074866,0.257246595514,0.303501611503,1.0,-0.01064,-0.013984,0.533
0.462876702404,0.531585824643,-0.124025268839,-1.38098280319,0.0780656484017,1.90336592094,0.156032727346,-0.00917895881836,-0.0578402946484,0.00143371359909,-0.0904326963408,-0.00564891228941,0.03394383897,-0.0172240002526,0.574077253705,0.81878631983,0.00223967402088,0.0,0.818746076407,-0.574016610136,-0.0118549802574,0.0,-0.00842124770244,0.00863956516431,-0.999927217602,0.0,0.65879406056,0.257042611811,0.303491439813,1.0,-0.01094,-0.0143782857143,0.548
0.462729728788,0.530525793797,-0.124025505498,-1.38271962024,0.0779527872666,1.903969116,0.155811690069,-0.00879842673271,-0.0570451235705,0.00118664133714,-0.0961988720706,-0.0142645312588,0.0374509729959,-0.016432551424,0.5740807722,0.818784034265,0.00217235473298,0.0,0.81874289832,-0.574020379219,-0.0118919128753,0.0,-0.00849009597221,0.00860568422274,-0.999926927565,0.0,0.658581006725,0.256776120212,0.303464004578,1.0,-0.0113,-0.0148514285714,0.566
0.462585652736,0.529477431177,-0.124033274668,-1.38436084596,0.0778509962559,1.90457408675,0.155586627657,-0.0111833796311,-0.0615571065476,0.00106611638508,-0.100588489625,-0.00190239681834,0.041591604566,-0.0163043660282,0.574081686504,0.818783375174,0.00217914202288,0.0,0.818742361415,-0.574021300501,-0.0118844056172,0.0,-0.00848004307233,0.00860694121577,-0.999927002052,0.0,0.658390200424,0.256520275151,0.303473988483,1.0,-0.01164,-0.0152982857143,0.583
0.462461663121,0.528448783829,-0.124038931603,-1.38594465851,0.0777651029333,1.90516982984,0.155377707228,-0.00738716620292,-0.0669025658418,-0.00171169105469,-0.098379051832,-0.00805764234407,0.0336523503846,-0.0182047666206,0.574078959258,0.818785184532,0.00221743760445,0.0,0.818744602371,-0.574018352831,-0.0118723882281,0.0,-0.00844824835995,0.00863136952828,-0.99992706062,0.0,0.658203499065,0.256287391734,0.303496317683,1.0,-0.01196,-0.0157188571429,0.599
0.462312265373,0.527342039983,-0.124035863034,-1.387673698,0.0776386982176,1.90583391333,0.155132803265,-0.00748379285539,-0.0667481208187,0.00202976069739,-0.100760909807,-0.00597972912014,0.0421519125578,-0.0146048322616,0.574058158406,0.818799705632,0.00224047459999,0.0,0.818759609535,-0.573997654583,-0.0118381260285,0.0,-0.00840718880622,0.0086303490965,-0.999927415491,0.0,0.658004775296,0.256024784169,0.303509845475,1.0,-0.0123,-0.0161657142857,0.616
0.462168466638,0.526185677263,-0.124037080973,-1.38946314907,0.0775334627488,1.90651635021,0.154889837615,-0.00932939868933,-0.0667071815512,-0.000155882218668,-0.101379677754,-0.00711426990282,0.0406306169066,-0.0170705084307,0.574046184927,0.818807982579,0.00228301033562,0.0,0.818768421996,-0.573985498883,-0.0118179996205,0.0,-0.00836641868041,0.00865350097221,-0.999927557356,0.0,0.657794708068,0.255761525884,0.303531020215,1.0,-0.01264,-0.0166125714286,0.633
0.462025368658,0.525076691126,-0.12404035001,-1.39118991606,0.0774197576951,1.9071326138,0.154657552115,-0.00987714334741,-0.0717941896258,0.00050236993005,-0.105814610598,-0.0139448737041,0.0398514508472,-0.0137066727929,0.574037610446,0.818814011529,0.00227666809389,0.0,0.818774406666,-0.573976989486,-0.0118166590226,0.0,-0.00836905200873,0.00864745076675,-0.99992758766,0.0,0.65758509589,0.25549856826,0.303542712476,1.0,-0.01296,-0.0170331428571,0.649
0.461864836378,0.523844643921,-0.124048998791,-1.39320150345,0.0772954647379,1.90784756167,0.154378774453,-0.0069687734663,-0.068797095976,-0.000377322016073,-0.118645143304,-0.00319168973346,0.0411040229718,-0.0168212575177,0.5740213743,0.818825555388,0.00221778967227,0.0,0.818785164163,-0.573960964128,-0.0118496204746,0.0,-0.00843000967151,0.00861799463373,-0.999927329912,0.0,0.657337163159,0.255193843276,0.303513864137,1.0,-0.01332,-0.0175062857143,0.667
0.461709939536,0.522631497922,-0.124049301714,-1.39512483737,0.0771742796623,1.90858226354,0.154126512703,-0.00989966577283,-0.0749336151059,-0.00286195569862,-0.114072498085,-0.00180721587596,0.0439689058908,-0.0151729196181,0.574012411853,0.818831793799,0.00223414510789,0.0,0.818791656983,-0.573951981206,-0.0118360730584,0.0,-0.00840962283424,0.00862351824737,-0.999927453957,0.0,0.657109274044,0.254909757692,0.303514820091,1.0,-0.01366,-0.0179531428571,0.684
0.461550705756,0.521482672931,-0.124049973099,-1.39697348253,0.0770601578823,1.9093020264,0.153869275349,-0.00962223938363,-0.070850260123,-0.000521646165905,-0.114801112481,-0.00826503569141,0.0441098380643,-0.0126640753372,0.574000970014,0.818839779022,0.00224713494615,0.0,0.818799846976,-0.573940526857,-0.0118249365696,0.0,-0.00839316822716,0.00862764492023,-0.999927556611,0.0,0.656894489783,0.25463078159,0.303504551187,1.0,-0.01398,-0.0183737142857,0.7
0.461384165911,0.520199727761,-0.124052784242,-1.39901943679,0.0769351212791,1.91004327102,0.153604830564,-0.010605782286,-0.076741130508,0.0013084451402,-0.118383015578,-0.0055842076123,0.0429670922819,-0.0200570433541,0.573998082296,0.81884185837,0.00222697142622,0.0,0.818801625541,-0.573937678782,-0.0118400078574,0.0,-0.00841711328151,0.00861975558536,-0.999927423375,0.0,0.656643264035,0.254323881605,0.303496169157,1.0,-0.01432,-0.0188205714286,0.717
0.461207139258,0.518868547247,-0.124064813547,-1.40108109937,0.076807052815,1.9107849728,0.153311871718,-0.0104100791471,-0.0791498080935,-0.000516191357896,-0.123798469418,-0.012623583161,0.0377087045318,-0.0131152184189,0.573986569404,0.818849911692,0.00223319667301,0.0,0.818809778541,-0.573926162097,-0.0118344381805,0.0,-0.00840910056455,0.00862153783665,-0.999927475427,0.0,0.656393884521,0.254003090794,0.303514088044,1.0,-0.01466,-0.0192674285714,0.734
0.461042169079,0.517594200808,-0.124063437121,-1.40307796707,0.0766771427185,1.91149733235,0.15305120784,-0.00811015334068,-0.0760917634261,0.000506335816655,-0.120309080435,-0.00485315501067,0.042471208135,-0.0168907248824,0.573977813483,0.818856082915,0.00222081169005,0.0,0.818815785764,-0.573917452854,-0.0118411652622,0.0,-0.00842180976129,0.00861516768401,-0.999927423369,0.0,0.656145746217,0.253702752831,0.303519601984,1.0,-0.01498,-0.019688,0.75
0.460850092458,0.516151715021,-0.124069134551,-1.40533233702,0.0765280821737,1.91233841852,0.152731126545,-0.00890247074375,-0.0793517165153,0.000666433664468,-0.126335843748,-0.0116094586098,0.0412860157245,-0.0138410436921,0.573955948953,0.818871363743,0.0022372313432,0.0,0.818831382205,-0.57389563141,-0.0118202650652,0.0,-0.00839550091882,0.00861639257768,-0.999927634053,0.0,0.655875505974,0.253357821861,0.303531483407,1.0,-0.01534,-0.0201611428571,0.768
0.460663231485,0.514785348895,-0.124072560151,-1.40752932761,0.076398375514,1.91317463722,0.152423846424,-0.00903608831119,-0.0834397331873,-0.00113279057247,-0.131885411404,-0.00398568938545,0.0463385137084,-0.0232845021525,0.573940846322,0.818881938628,0.00224107431884,0.0,0.818841975621,-0.573880483419,-0.0118218701247,0.0,-0.00839476873772,0.00862030583481,-0.999927606472,0.0,0.655612154624,0.2530262619,0.303516433249,1.0,-0.01568,-0.020608,0.785
0.460491169655,0.51353277496,-0.124077981836,-1.40952307386,0.0762845560711,1.91386308362,0.152161020867,-0.0120544151817,-0.0791741402038,0.000487775656863,-0.131312122298,-0.00608770065893,0.0426969647091,-0.0164460645097,0.573937238248,0.818884602536,0.00219116032587,0.0,0.818843858175,-0.57387693714,-0.0118635512746,0.0,-0.00845758592829,0.00860331766997,-0.999927223434,0.0,0.655342961182,0.252699169482,0.303499554774,1.0,-0.016,-0.0210285714286,0.801
0.460286861452,0.512026952542,-0.124084973042,-1.41193806678,0.0761338289475,1.91472654643,0.151818865881,-0.0158905414502,-0.0853126566562,-0.000396084705065,-0.136589522199,-0.0155549510508,0.0501844885906,-0.0158128430441,0.573922045809,0.818895338457,0.00215798248172,0.0,0.818854111595,-0.573861827759,-0.0118866928166,0.0,-0.00849573713521,0.00858927325724,-0.999927020755,0.0,0.655058196346,0.252348080059,0.303485699384,1.0,-0.01634,-0.0214754285714,0.818
0.4600851694,0.510579354569,-0.124091154507,-1.41425662562,0.0759960573078,1.9156172807,0.151482911466,-0.0151128047875,-0.0866793775208,-0.00079092228639,-0.138621627069,-0.0133996720646,0.0545389489187,-0.0179643285855,0.573900760818,0.818910216237,0.00217287279683,0.0,0.818869176966,-0.573840479393,-0.0118794833647,0.0,-0.00848151121892,0.00859710862089,-0.999927074186,0.0,0.654781152664,0.251994414543,0.303473193911,1.0,-0.01668,-0.0219222857143,0.835
0.459892837952,0.50918555524,-0.124097175505,-1.41647958696,0.0758576995972,1.91643581695,0.151179588003,-0.0155098117375,-0.0917046184725,-0.000478363541468,-0.138230052181,-0.0113176729806,0.0451598224607,-0.0260664596045,0.573892564311,0.818915994188,0.00216009091268,0.0,0.818874787827,-0.573832334443,-0.0118861562158,0.0,-0.00849439696699,0.00859038604987,-0.999927022581,0.0,0.6545078092,0.251652745374,0.303461781508,1.0,-0.017,-0.0223428571429,0.851
0.459684532706,0.507666047109,-0.124106105667,-1.41886853838,0.0756996459195,1.91728103322,0.150844609017,-0.0133414483329,-0.0944123103246,-0.00105661389393,-0.139254107957,-0.00770865628506,0.0485034797518,-0.019837390874,0.573876135736,0.818927580539,0.00213203330621,0.0,0.818886053698,-0.573816066178,-0.0118953838019,0.0,-0.00851822691405,0.00857253427768,-0.999926973067,0.0,0.654208241649,0.251279653772,0.30346119172,1.0,-0.01734,-0.0227897142857,0.868
0.459457596982,0.506014065681,-0.124117653566,-1.42144343769,0.0755378226719,1.9182269841,0.150492806399,-0.00830547054591,-0.0907583685601,0.0046966190366,-0.140739767844,-0.0114291666365,0.0561961785577,-0.0154971541698,0.573871517843,0.818930778387,0.00214665320795,0.0,0.818889476034,-0.57381142434,-0.0118836963624,0.0,-0.00850031423473,0.00857775173805,-0.999927080758,0.0,0.653892196101,0.250878779338,0.303472982082,1.0,-0.0177,-0.0232628571429,0.886
0.4592416669,0.504478872487,-0.124124895615,-1.42376685242,0.0753922522612,1.91913087309,0.150167879656,-0.0100366620501,-0.10304391789,-0.00140217059401,-0.145362235884,-0.0132785297787,0.061399374514,-0.0268257707455,0.573868056924,0.818932951995,0.0022405981042,0.0,0.81889296356,-0.573807685188,-0.0118237706342,0.0,-0.00839736465286,0.00862026026778,-0.999927585068,0.0,0.653619333395,0.250515697868,0.303518412488,1.0,-0.01802,-0.0236834285714,0.902
0.459013995887,0.502827616712,-0.124129085371,-1.42623029244,0.0752326787685,1.92007359957,0.149822275033,-0.012729933302,-0.0946767666096,-0.00035979234829,-0.143746533215,-0.00891469607677,0.0521494943516,-0.0161902049762,0.573857866142,0.818939797243,0.00234624364251,0.0,0.818901287583,-0.573797200885,-0.0117558646211,0.0,-0.00828123679401,0.00866770420611,-0.999928143429,0.0,0.653325657001,0.250132135846,0.303580907245,1.0,-0.01836,-0.0241302857143,0.919
0.458784197688,0.501123953149,-0.124135864663,-1.4287817597,0.075072274503,1.92097977261,0.149466748338,-0.0140055268314,-0.0985680824812,-0.000662025182704,-0.148855193669,-0.00550746477907,0.0534928839622,-0.0241795861202,0.573846584179,0.8189475601,0.00239552378037,0.0,0.81890966448,-0.57378570914,-0.0117332139339,0.0,-0.00823452815243,0.0086949497174,-0.999928292627,0.0,0.653004918595,0.249733503525,0.303634357185,1.0,-0.0187,-0.0245771428571,0.936
0.458562682904,0.499519673357,-0.124135187848,-1.43122973717,0.0749096873996,1.92186145023,0.149119010977,-0.0137630546601,-0.0941417101903,-0.00271871924922,-0.154225398248,-0.010250850769,0.0589854016513,-0.0190094205936,0.573823232869,0.818963841027,0.0024230995078,0.0,0.818926330459,-0.573762287699,-0.0117153487168,0.0,-0.00820432182579,0.00870704690077,-0.999928435658,0.0,0.652696882427,0.249353708029,0.303664765824,1.0,-0.01902,-0.0249977142857,0.952
0.45830813795,0.497852350662,-0.124135214135,-1.4338765474,0.0747488177461,1.92283799281,0.148734519391,-0.0135599070122,-0.100410476786,0.000685706027461,-0.157937408306,-0.0087156243376,0.0629482606956,-0.0282228278021,0.573807943884,0.818974559866,0.00242089435869,0.0,0.818936944326,-0.573746927736,-0.0117256570292,0.0,-0.00821419225258,0.00871100269303,-0.99992832017,0.0,0.652368661439,0.248935956694,0.303652289455,1.0,-0.01936,-0.0254445714286,0.969
0.458048956474,0.496170791704,-0.124133469714,-1.43655230912,0.0745847078641,1.92378710655,0.148338250094,-0.013741971708,-0.0951150036495,0.000842808076997,-0.160735689441,-0.0127201410726,0.0506096273704,-0.0241081204023,0.573785339544,0.818990504336,0.00238428873316,0.0,0.818952281549,-0.573724322915,-0.0117604736934,0.0,-0.00826395094896,0.0087007736061,-0.999927999235,0.0,0.652028006075,0.248510797648,0.303632883369,1.0,-0.0197,-0.0258914285714,0.986
0.457779820101,0.494499944731,-0.124141537478,-1.43929634454,0.0744174241412,1.92472611383,0.147949719424,-0.0127572513602,-0.0980143242594,-0.00124734975346,-0.162089514137,-0.0091695827718,0.0537285434022,-0.0238312648964,0.57378623795,0.818990198617,0.00227037658265,0.0,0.818950330602,-0.573725485727,-0.0118393384867,0.0,-0.00839389087947,0.00865274173515,-0.999927333688,0.0,0.651672052805,0.24806418519,0.30357241819,1.0,-0.0202371428571,-0.0265973877551,1.003
0.45749540129,0.492682524367,-0.124140819517,-1.44216553457,0.0742353022847,1.92579163138,0.147551253807,-0.0166021767103,-0.111351685006,-0.000738717379593,-0.175910991004,-0.0137074261161,0.0604882330914,-0.0274791935703,0.573787167012,0.818989525618,0.00227833318402,0.0,0.818949747738,-0.57372636985,-0.0118368121084,0.0,-0.00838724678697,0.00865781796225,-0.9999273455,0.0,0.651316134715,0.247606057171,0.303564315395,1.0,-0.0224228571429,-0.0294700408163,1.02
0.457192932613,0.490703496719,-0.124151506162,-1.44533132795,0.074037308516,1.92692531697,0.147089649977,-0.0191750702209,-0.119793973716,-0.00238820971273,-0.200821322476,-0.0188948741689,0.0589112535504,-0.0265486182912,0.573769122142,0.81900230124,0.00222978488734,0.0,0.818961828084,-0.57370845268,-0.0118693877891,0.0,-0.00844197201022,0.00863656320031,-0.999927068783,0.0,0.650912251024,0.247098785389,0.303533003219,1.0,-0.0246085714286,-0.0323426938776,1.037
0.456894378254,0.488816339864,-0.12416040937,-1.44836126954,0.0738510963134,1.92800316469,0.146653985729,-0.0205962106215,-0.135284871429,-2.01966428207e-05,-0.200688837091,-0.0148839963783,0.0778105809416,-0.0325310690666,0.573763579094,0.819006335369,0.00217366765087,0.0,0.81896502027,-0.573703021711,-0.0119115639236,0.0,-0.00850877043826,0.00861474518169,-0.999926690808,0.0,0.650524196328,0.2466083028,0.303496729149,1.0,-0.0265371428571,-0.0348773877551,1.052
0.456460245849,0.486160712059,-0.124187292386,-1.45247809697,0.0735932534623,1.92958398226,0.146057847062,-0.0270929715345,-0.143911416102,-0.000389983614884,-0.220714852311,-0.00545138266041,0.086354107461,-0.0340310516061,0.573784775656,0.818991237349,0.00226523123181,0.0,0.818951267416,-0.573724007693,-0.0118461595324,0.0,-0.00840244508575,0.00865242656402,-0.99992726457,0.0,0.650030656148,0.245923037582,0.303520014608,1.0,-0.02898,-0.038088,1.071
0.456042844636,0.483583243585,-0.12422346663,-1.45643364137,0.0733479884165,1.93098319177,0.145445598676,-0.0272186001633,-0.15550426765,-0.00468366808327,-0.242682164879,-0.0166953996428,0.0899947733989,-0.0395618570049,0.573779273641,0.818995052184,0.00227959209523,0.0,0.818955255268,-0.573718436003,-0.0118403108505,0.0,-0.00838947351463,0.0086607756325,-0.999927301207,0.0,0.649532550667,0.24525159745,0.303548656388,1.0,-0.0311657142857,-0.0409606530612,1.088
0.455652255763,0.481149793085,-0.124264710099,-1.46024090652,0.073112327432,1.93230845441,0.144876718311,-0.0269580143897,-0.171802616804,-0.00485493423155,-0.257686647685,-0.0267554196461,0.100634448238,-0.0356400992933,0.573785262669,0.818990983322,0.00223349102322,0.0,0.818950548995,-0.573724566878,-0.011868721997,0.0,-0.00843913010856,0.00863938280311,-0.999927068414,0.0,0.649043592755,0.244607180882,0.303540360698,1.0,-0.0330942857143,-0.0434953469388,1.103
0.455167075649,0.478226583984,-0.124288608292,-1.46472215362,0.0728369383602,1.93397071528,0.144221034708,-0.0284581515859,-0.17837233117,-0.00141052002934,-0.264021489142,-0.020183100755,0.102808864379,-0.0417045191476,0.573806513963,0.818975854551,0.0023197190489,0.0,0.818936538673,-0.573745474794,-0.0118246640479,0.0,-0.0083533468641,0.00868493915668,-0.999927394078,0.0,0.648487489339,0.243854836996,0.303577657153,1.0,-0.03528,-0.046368,1.12
0.454605545187,0.474936221825,-0.124307371771,-1.46976096855,0.0725348040841,1.93582694178,0.143501169493,-0.0286488068805,-0.181635695807,-0.00225970581798,-0.292668375483,-0.0162011132188,0.101376464747,-0.0399407500642,0.573852273306,0.818943515049,0.00241546716,0.0,0.818905318723,-0.573790731487,-0.0117907730105,0.0,-0.008270163652,0.00874436915682,-0.999927567577,0.0,0.647857130765,0.243004255056,0.303618227071,1.0,-0.0375942857143,-0.0494096326531,1.138
0.454123561659,0.472048844987,-0.124320774684,-1.47421980004,0.0722563634598,1.93737318239,0.142843162213,-0.028169744351,-0.1906363483,-0.00258029166364,-0.298908562901,-0.0140238506521,0.101798985544,-0.0455033480968,0.573855621795,0.818941223125,0.00239693603357,0.0,0.818902591573,-0.573793944945,-0.0118237540749,0.0,-0.00830777219189,0.00874815330538,-0.999927222719,0.0,0.647271829619,0.24225535421,0.303626837375,1.0,-0.0395228571429,-0.0519443265306,1.153
0.453526944514,0.468391222982,-0.124319491039,-1.47973967328,0.0719131882297,1.93945145757,0.141965070514,-0.0322141621122,-0.20340391782,0.000219240695145,-0.311419277708,-0.0160002580291,0.112784924594,-0.05080813796,0.57379400496,0.818983827619,0.00258396428104,0.0,0.818947568094,-0.573731576606,-0.0117348037952,0.0,-0.00812826912206,0.00884966171447,-0.999927804758,0.0,0.64657343581,0.24135145421,0.303705645978,1.0,-0.0418371428571,-0.0549859591837,1.171
0.452916044115,0.464755065551,-0.124319459667,-1.48527486097,0.0715396230105,1.94141959059,0.141109613633,-0.0363404329998,-0.219877128475,-0.000221580761016,-0.336091865533,-0.0200119102101,0.116656237082,-0.0441060121008,0.573752169813,0.819012975314,0.00263454047177,0.0,0.81897737192,-0.573689564311,-0.0117087567508,0.0,-0.00807837086194,0.00887572450855,-0.999927978126,0.0,0.645848429955,0.240424452558,0.303749728182,1.0,-0.0440228571429,-0.0578586122449,1.188
0.452305788529,0.461229418337,-0.124321245397,-1.49080264663,0.0711685641648,1.94333672227,0.140286856407,-0.0349732678537,-0.218432036191,0.00189744824453,-0.346059209676,-0.0242187797779,0.12647684836,-0.0513852450881,0.57373588769,0.81902463395,0.00255481137606,0.0,0.818987866949,-0.573673433391,-0.0117648847326,0.0,-0.00817026030067,0.00884246634987,-0.999927526192,0.0,0.645106821892,0.239494226873,0.303714131901,1.0,-0.04608,-0.0605622857143,1.204
0.451613537697,0.457324527659,-0.124332990439,-1.49682165345,0.0707538925496,1.94547556781,0.13936129187,-0.046030240726,-0.234816503299,8.1632210346e-05,-0.362856000117,-0.022295311234,0.128599500488,-0.0473132143174,0.573718049976,0.819037114485,0.00255951722732,0.0,0.81900048953,-0.573655668298,-0.0117524159342,0.0,-0.00815754032736,0.00883898919235,-0.999927660786,0.0,0.644314518893,0.238461176665,0.303721897284,1.0,-0.0482657142857,-0.0634349387755,1.221
0.450866647118,0.453314778027,-0.124367969281,-1.50315227479,0.0703257000223,1.94769397719,0.138358398175,-0.0423992888341,-0.246635373703,-0.0019769094491,-0.374466244308,-0.0282689111741,0.136858292636,-0.0560839932061,0.573706683602,0.819045395786,0.0024551442518,0.0,0.819007427512,-0.573644705371,-0.0118039223122,0.0,-0.00825972674638,0.00878293959986,-0.999927315802,0.0,0.643474409837,0.23734839817,0.303657729746,1.0,-0.0504514285714,-0.0663075918367,1.238
0.45013941289,0.449248204622,-0.124427486234,-1.50920364999,0.0699123542032,1.94995832613,0.137423535005,-0.0416723099163,-0.256027994251,-0.000754505377689,-0.386669504845,-0.0294905242659,0.143897184503,-0.0587850167184,0.573745497699,0.819017596377,0.00265096136839,0.0,0.8189826223,-0.573683293659,-0.0116485985607,0.0,-0.0080197493502,0.00885459275016,-0.999928637357,0.0,0.642656472727,0.23620180815,0.303756160421,1.0,-0.0526371428571,-0.069180244898,1.255
0.44932613034,0.444820188981,-0.124453594087,-1.51602997027,0.0694585426072,1.9522080829,0.136415624754,-0.0465257926126,-0.263324425102,0.000742992572505,-0.401571678541,-0.0307733662393,0.147198476942,-0.0624306276504,0.573782499532,0.81899202824,0.00253925408861,0.0,0.818955287492,-0.573720343304,-0.0117452828685,0.0,-0.00816262846713,0.00881894311611,-0.999927796263,0.0,0.641760398736,0.235071647036,0.30374601208,1.0,-0.0546942857143,-0.0718839183673,1.271
0.448477404147,0.44029812466,-0.124471102609,-1.52305671015,0.0689652623158,1.95463092695,0.135288774852,-0.0489243100873,-0.267817084365,-0.00206949752916,-0.412902312741,-0.0270227302696,0.136159259066,-0.072274811688,0.573742758151,0.819020137159,0.00245138695776,0.0,0.818982243312,-0.573680920577,-0.0117912427715,0.0,-0.00825111020481,0.00877295144614,-0.999927474622,0.0,0.640798049358,0.23383663385,0.303705790931,1.0,-0.05688,-0.0747565714286,1.288
0.447561658294,0.435601674535,-0.124472516652,-1.53022671108,0.0685040823814,1.95719485689,0.134125561925,-0.0527465975399,-0.274748397976,-0.00018811275003,-0.41594071481,-0.0265939611626,0.149860144564,-0.0664035510089,0.573729412192,0.81902923393,0.00253425625059,0.0,0.818992150802,-0.573666981701,-0.0117812534188,0.0,-0.00819552961752,0.0088349576765,-0.999927385772,0.0,0.63983351818,0.232569510785,0.303723004738,1.0,-0.0590657142857,-0.0776292244898,1.305
0.446597779996,0.430751509629,-0.124515643141,-1.53754200409,0.0679697021082,1.95986142135,0.132935405283,-0.058020123085,-0.277095379371,-0.00173479480962,-0.443203134394,-0.0286356439645,0.150433616255,-0.0706702783521,0.57374430095,0.819018383599,0.00266671236848,0.0,0.818983531866,-0.573681951741,-0.011650737283,0.0,-0.00801247752598,0.0088687083821,-0.999928570557,0.0,0.638870596652,0.231229246483,0.303780172347,1.0,-0.0612514285714,-0.080501877551,1.322
0.445648515785,0.426057146589,-0.12457424357,-1.54485225443,0.06744167069,1.96221511667,0.131766536115,-0.0604549163736,-0.294478545066,-0.00729746804549,-0.458087083209,-0.0343235388438,0.150734654696,-0.070313099717,0.573761577454,0.819007050987,0.00241858870059,0.0,0.818968969451,-0.573700113812,-0.0117793628629,0.0,-0.0082599956586,0.00873946317504,-0.999927694514,0.0,0.637768590069,0.229786647766,0.303706462749,1.0,-0.0634371428571,-0.0833745306122,1.339
0.444417121943,0.419951318838,-0.124639374914,-1.55413331826,0.066771993084,1.96534965974,0.130255151772,-0.0606553049076,-0.305624010737,-0.000869549075903,-0.473996704797,-0.0379895215946,0.165529728225,-0.0717326475453,0.573794551738,0.818984136302,0.00235452388191,0.0,0.818945312234,-0.573733421404,-0.0118018487963,0.0,-0.00831481798667,0.00870023034179,-0.999927582275,0.0,0.636536123307,0.228150231509,0.303706127365,1.0,-0.06588,-0.0865851428571,1.358
0.443437006768,0.415215611397,-0.124653553622,-1.5611022374,0.0663047174033,1.9679534138,0.12911798518,-0.0621218718428,-0.311389892419,4.07314078877e-05,-0.467919301751,-0.0315590117381,0.17403421343,-0.082978160859,0.573837264586,0.818953265275,0.00266269953294,0.0,0.818918567829,-0.573775145904,-0.0116279022187,0.0,-0.00799507160722,0.00885322814221,-0.999928847059,0.0,0.635610820412,0.226868547483,0.303825383881,1.0,-0.0678085714286,-0.0891198367347,1.373
0.442291901488,0.409811428829,-0.124666034207,-1.56936740503,0.0657221817535,1.97074368567,0.127701718352,-0.0744330751095,-0.322360317542,-1.59368620531e-05,-0.491781871753,-0.0392804912037,0.156681560899,-0.080211379464,0.573799711167,0.818979797071,0.00259429303007,0.0,0.818943989137,-0.573737591245,-0.0116904213035,0.0,-0.008085931112,0.00883271110747,-0.999928297896,0.0,0.634432821153,0.225339365812,0.303791357158,1.0,-0.0699942857143,-0.0919924897959,1.39
0.441180402021,0.404592194682,-0.124714411857,-1.57743503157,0.06514778135,1.97336738243,0.126408517806,-0.0717066310254,-0.323130991327,0.00100725067872,-0.505356909261,-0.0333012904612,0.167285725987,-0.0886377547042,0.573850639014,0.818944734916,0.00239001221226,0.0,0.818906022573,-0.573788999042,-0.0118261436432,0.0,-0.00831375542157,0.00874380382671,-0.999927211034,0.0,0.633255878925,0.223824575817,0.303706312325,1.0,-0.0720514285714,-0.0946961632653,1.406
