position_joint1,position_joint2,position_joint3,position_joint4,position_joint5,position_joint6,position_joint7,velocity_joint1,velocity_joint2,velocity_joint3,velocity_joint4,velocity_joint5,velocity_joint6,velocity_joint7,ee_T_00,ee_T_10,ee_T_20,ee_T_30,ee_T_01,ee_T_11,ee_T_21,ee_T_31,ee_T_02,ee_T_12,ee_T_22,ee_T_32,ee_T_03,ee_T_13,ee_T_23,ee_T_33,v_x,v_y,time
0.46507654042,0.547842559886,-0.123990274342,-1.35585324614,0.0794599114925,1.8940995289,0.159153812268,-0.000416667745197,-3.36477911783e-05,4.24625233868e-07,-0.0017312357814,-0.000163362163663,0.000192882864748,-0.00134657139891,0.573790811419,0.818988051437,0.00185019895314,0.0,0.818943954205,-0.573732996261,-0.0119161979694,0.0,-0.00869787102742,0.00835277496546,-0.999927286451,0.0,0.661672503065,0.260881553975,0.30316116228,1.0,0.0,0.0,0.0
0.465076193893,0.547844899916,-0.123990977493,-1.35584795642,0.0794605176185,1.8940963885,0.15915486149,0.000811699198058,-4.18288339369e-05,-0.00027633823167,0.000306555266978,0.000165804719582,-0.000894383309697,-0.000444024123247,0.573792299929,0.818987008798,0.00185009825066,0.0,0.81894290984,-0.573734484616,-0.0119163117575,0.0,-0.00869800681941,0.00835277359164,-0.999927285282,0.0,0.66167324549,0.260881399873,0.303161773788,1.0,-0.00018,-0.000236571428571,0.01
0.465076113391,0.547844116993,-0.123990548349,-1.35585364524,0.0794605176184,1.8940987277,0.159156494867,0.00035896360432,-0.00142336599247,0.000103341538916,-0.000551485654592,4.08642659949e-05,-0.0095806309631,0.000367273522869,0.573794212566,0.818985681264,0.00184456235829,0.0,0.818941502682,-0.573736413141,-0.0119201645273,0.0,-0.00870431906002,0.00835047086052,-0.999927249587,0.0,0.661671712475,0.260880384592,0.303159357531,1.0,-0.0004,-0.000525714285714,0.021
0.465070184245,0.547833177881,-0.12399068365,-1.35585473864,0.0794605176184,1.89409816167,0.159156092068,-0.000706487700334,0.00099143956179,-0.00128420118822,0.000295681342556,-0.000337076166887,4.47912871095e-05,-1.85062121146e-05,0.573801005505,0.818980895429,0.00185631460595,0.0,0.818936895302,-0.573743180153,-0.0119109882804,0.0,-0.00868999131124,0.00835490242975,-0.999927337188,0.0,0.661674802985,0.260876228999,0.303166098416,1.0,-0.0007,-0.00092,0.036
0.465072334366,0.547796471543,-0.123993467715,-1.3558901141,0.0794560013745,1.89410562108,0.159156784835,-0.000554855715929,-0.00320302343943,-0.000776832965147,-0.00172665520757,-0.000188932730473,9.85198825262e-05,0.00102207446396,0.573799860745,0.818981683746,0.00186236381605,0.0,0.818937768055,-0.573742015581,-0.0119070782171,0.0,-0.0086833297782,0.00835760079941,-0.999927372509,0.0,0.66166853876,0.260872935859,0.303176892256,1.0,-0.00102,-0.00134057142857,0.052
0.465076578749,0.547670849264,-0.123986757892,-1.35603066067,0.0794565633275,1.89412831175,0.159152190981,0.000679858565565,-0.00860146302415,0.000486286725333,-0.0080342776486,-9.41422770282e-06,0.00313544328623,-0.000868860252615,0.573795691464,0.818984569985,0.00187762775935,0.0,0.818940696331,-0.57373763172,-0.0119169099213,0.0,-0.0086826668118,0.00837569861126,-0.999927226837,0.0,0.661641486618,0.260866228739,0.303200739796,1.0,-0.00136,-0.00178742857143,0.069
0.46506809411,0.547526991912,-0.123992287798,-1.35622836472,0.0794548143973,1.89417556402,0.159142982001,0.0005774311459,-0.0118636448759,-0.00165197168578,-0.0105264935731,-0.000340748756683,0.00280567438765,-0.00155543182623,0.573809362823,0.818974991613,0.00187753843197,0.0,0.818931017218,-0.573751205742,-0.0119285308936,0.0,-0.00869209589917,0.00838243855735,-0.999927088438,0.0,0.661612963309,0.260838760348,0.303212831457,1.0,-0.0017,-0.00223428571429,0.086
0.465049138266,0.547363410753,-0.123989354014,-1.35642741977,0.0794527189038,1.89429699833,0.159134941742,-0.00126262184178,-0.0125948717262,-0.000747760044546,-0.0078847691188,0.00118297810689,0.00609223595626,-0.00256401726184,0.573827118756,0.818962367869,0.00195568294697,0.0,0.818919370316,-0.573768594042,-0.0118916909494,0.0,-0.00861690382511,0.00842548361877,-0.99992737746,0.0,0.661600259544,0.260814361855,0.303244407698,1.0,-0.00202,-0.00265485714286,0.102
0.465028348204,0.547175391091,-0.123982926767,-1.35665967577,0.0794525927195,1.89440930779,0.159131118861,-0.00126433704885,-0.0120491462861,0.00190864999024,-0.0186588849707,0.000486246695096,0.00496778623541,-0.000432484712697,0.573849608026,0.818946447408,0.00202251019884,0.0,0.818904198445,-0.573790687634,-0.0118704445387,0.0,-0.00856092569073,0.00846825507902,-0.999927496975,0.0,0.661578321856,0.26078684675,0.303276581778,1.0,-0.00236,-0.00310171428571,0.119
0.465000276681,0.54694238518,-0.123987023452,-1.35697489957,0.0794410011125,1.8945600331,0.159110280598,0.000533709858154,-0.0113283999333,0.000827843188,-0.017955377211,4.4018650618e-05,0.00954260289496,0.000959211315649,0.573873146962,0.818929801084,0.00208302532485,0.0,0.818888340139,-0.573813980569,-0.0118384537863,0.0,-0.00849975719774,0.00849969952579,-0.999927752008,0.0,0.661551148845,0.260739915262,0.30330478468,1.0,-0.00272,-0.00357485714286,0.137
0.464968573411,0.546726828794,-0.123989006657,-1.35731182991,0.0794366786474,1.89467422296,0.15907310565,-2.80667646735e-05,-0.0114345464705,-0.000120255649428,-0.0238334309356,4.43604351726e-05,0.0032992346735,-0.000259170341689,0.573887692301,0.818919601953,0.00208544078929,0.0,0.818878022509,-0.573828364534,-0.0118549234157,0.0,-0.0085117079641,0.00851128013957,-0.999927551845,0.0,0.661511273675,0.260687681677,0.303307055899,1.0,-0.00302,-0.00396914285714,0.152
0.464920883499,0.546431192758,-0.12399452436,-1.35776147057,0.0794201703853,1.89483961588,0.158937949632,-0.00220018487075,-0.0174331976229,-0.00160770362566,-0.0271908254694,-1.91294998778e-05,0.00458597743535,-0.00326636813708,0.573840681635,0.81895250564,0.00210059704527,0.0,0.818911044819,-0.57378122023,-0.0118557532708,0.0,-0.00850417944335,0.00852367976655,-0.99992751028,0.0,0.661463498701,0.260612005878,0.303316920279,1.0,-0.00338,-0.00444228571429,0.17
0.464881590521,0.546164536523,-0.123989225895,-1.35822557988,0.0794036571871,1.89500431026,0.15891723045,-3.21560595993e-05,-0.0164708237056,-0.000157661982607,-0.030266821704,0.000303430900455,0.0119317916363,-0.00279996931795,0.573873769413,0.818929374913,0.00207908256888,0.0,0.818887491559,-0.573814248067,-0.0118840979658,0.0,-0.00853939412737,0.00852267089309,-0.999927218766,0.0,0.661406783949,0.260545993936,0.3032989422,1.0,-0.0037,-0.00486285714286,0.186
0.464819712971,0.545830921369,-0.123981767051,-1.3587891547,0.0793483283099,1.89519258874,0.158856983258,-0.00618913952896,-0.0207517518817,0.00286788528046,-0.0329553728289,-0.0044541732019,0.00759548343333,-0.00702603485869,0.573886602716,0.818920496624,0.00203330630256,0.0,0.818878139885,-0.573827387992,-0.0118940199097,0.0,-0.00857365491612,0.00849101223975,-0.999927194926,0.0,0.661341216427,0.260450684446,0.303282919563,1.0,-0.00404,-0.00530971428571,0.203
0.464756077478,0.545472708618,-0.123991647455,-1.35942441748,0.0792691430722,1.89540210251,0.158757693136,-0.00227624270065,-0.0210605467566,0.000541318465846,-0.0457813931995,-0.00129159671708,0.0136801592392,-0.00308342430196,0.573878660392,0.818926264075,0.00195039916736,0.0,0.818883206233,-0.573820159491,-0.0118939485573,0.0,-0.00862125448169,0.00842299455718,-0.999927360929,0.0,0.661269768213,0.260333565607,0.30325254129,1.0,-0.00438,-0.00575657142857,0.22
0.464684999123,0.545040372253,-0.123994606649,-1.36016169854,0.0792596177435,1.89563578553,0.158686331845,0.000220652197433,-0.0184312840483,-0.000701154864255,-0.0410844681474,0.000129540921427,0.0123596956808,-0.00400086831948,0.573918918072,0.818898150746,0.00190816279239,0.0,0.818854178086,-0.573860234179,-0.0119588277369,0.0,-0.00869821063947,0.00842606677911,-0.999926668576,0.0,0.661178014843,0.260217323364,0.303228045884,1.0,-0.00474,-0.00622971428571,0.238
0.464623011376,0.54465346667,-0.123998141354,-1.36080305419,0.0792364923777,1.89585388494,0.15858947305,-0.00239589776247,-0.0220931579257,-0.000514814975014,-0.0351820869579,-0.00304773019301,0.015168675433,-0.00612317205441,0.57392236961,0.818895785523,0.0018849441402,0.0,0.818851349661,-0.573863629091,-0.0119895482081,0.0,-0.00873665782072,0.00842472117336,-0.999926344729,0.0,0.661102458072,0.260114298755,0.303215652211,1.0,-0.00504,-0.006624,0.253
0.464552935273,0.544186522555,-0.124003386896,-1.36158259056,0.0792010684616,1.89613257689,0.158499354531,-0.000603384736379,-0.0296716599991,0.00127020891178,-0.047225290032,-0.0060886281291,0.00964286650882,-0.00037516851243,0.57394385218,0.818880760816,0.00187109899732,0.0,0.818836028204,-0.573885056705,-0.0120103083383,0.0,-0.00876138335933,0.00842552812245,-0.99992612159,0.0,0.661006177978,0.25999227816,0.30320578404,1.0,-0.0054,-0.00709714285714,0.271
0.464480522971,0.543643993641,-0.123997287731,-1.3624556353,0.0791554175121,1.8964437567,0.158396810475,-0.00112026990975,-0.0275243331859,-0.000190417904605,-0.0482211329958,-0.00137974384281,0.0197099295691,-0.00660894912622,0.57395111148,0.818875723738,0.00184867652202,0.0,0.818830589553,-0.573892307814,-0.0120345978614,0.0,-0.00879406811109,0.00842118583911,-0.99992587125,0.0,0.660907772041,0.25986460268,0.30319448679,1.0,-0.00574,-0.007544,0.288
0.464404840441,0.543126497148,-0.124007308498,-1.36326954073,0.0791017877277,1.89672919657,0.158282893355,-0.00776980045427,-0.0324988740488,-0.000482073544507,-0.0512080809088,-0.00631258684172,0.0150032892635,-0.00697975552379,0.573957713573,0.818871127699,0.00183470781603,0.0,0.818825874325,-0.573899030427,-0.0120348374502,0.0,-0.0088022133477,0.00840995593546,-0.999925894095,0.0,0.660815829037,0.25972965644,0.303198232328,1.0,-0.00606,-0.00796457142857,0.304
0.464329978603,0.542540335848,-0.124009953036,-1.36417515012,0.0790513859894,1.89705286148,0.158167630983,-0.00347331302951,-0.0338703426199,-0.000124769398379,-0.052629945109,-0.000853128330418,0.0178633213718,-0.00632161989683,0.573963303255,0.818867197308,0.00184026914227,0.0,0.81882196628,-0.573904547105,-0.0120376597318,0.0,-0.00880127530993,0.00841618977844,-0.999925849902,0.0,0.660709979653,0.259592668437,0.303209916165,1.0,-0.0064,-0.00841142857143,0.321
0.464238749661,0.541892703323,-0.124011174692,-1.36517647312,0.0789920073824,1.897433836,0.158029448668,-0.0068838262695,-0.0351370651815,-0.00137719341695,-0.0604191966504,-0.00246032364212,0.0237591427671,-0.00592605689309,0.573965544876,0.81886557415,0.00186324110499,0.0,0.818820644263,-0.573906689695,-0.0120254294648,0.0,-0.00877805267316,0.00842800472235,-0.999925954522,0.0,0.660599382755,0.259437582656,0.303224349049,1.0,-0.00676,-0.00888457142857,0.339
0.464168383315,0.541275741719,-0.124014430325,-1.36611278872,0.0789347367939,1.89778379486,0.157908287713,-0.00219391676857,-0.0303172649964,-0.00147877779866,-0.0552830494166,-0.00294086829964,0.0275355322428,-0.00784930281628,0.57396288492,0.818867381701,0.00188807334525,0.0,0.818822796164,-0.573903942247,-0.0120100148311,0.0,-0.00875120515065,0.0084394627421,-0.999926093207,0.0,0.660491560899,0.259300659438,0.303245319111,1.0,-0.00708,-0.00930514285714,0.355
0.46408116384,0.540623938018,-0.124014563905,-1.3671118647,0.0788817928719,1.89814961091,0.157794737053,-0.0072349781071,-0.0459062892426,0.00027971106119,-0.0621677086182,-0.00093488564552,0.0242612842666,-0.00794262910098,0.573982600351,0.818853516545,0.00190783570408,0.0,0.818809108621,-0.573923492719,-0.0120089569134,0.0,-0.00873879311662,0.00845524835865,-0.999926068402,0.0,0.660376578867,0.259149203896,0.303262244697,1.0,-0.0074,-0.00972571428571,0.371
0.46398834525,0.539845448387,-0.124017319353,-1.36829090433,0.0788110892382,1.89859077434,0.157648495989,-0.00169854329839,-0.0470931708998,-0.000344444069324,-0.0671309568502,-0.00897664424425,0.022591056152,-0.00463787161957,0.573987146653,0.818850249552,0.00194195450463,0.0,0.818806293678,-0.573927899343,-0.0119902748112,0.0,-0.00870386522827,0.008472511319,-0.99992622692,0.0,0.660241227104,0.258975083663,0.303289539773,1.0,-0.00776,-0.0101988571429,0.389
0.463889085657,0.539181073031,-0.124017919887,-1.36933205189,0.0787575924548,1.89898274153,0.157521096165,-0.00645758161936,-0.0436413710819,-4.57528911864e-05,-0.0755635269643,-0.00516702941424,0.0234582621862,-0.0105841213012,0.574007837232,0.818835704893,0.00195910425698,0.0,0.818791889205,-0.573948433052,-0.0119910495825,0.0,-0.00869444211378,0.00848721851799,-0.999926184175,0.0,0.660124930536,0.258812280232,0.303297404509,1.0,-0.00806,-0.0105931428571,0.404
0.463778661872,0.538366701693,-0.124023454711,-1.37059736468,0.0786784837084,1.89946883487,0.157360562025,-0.0090100041691,-0.0480333215933,0.000458888580911,-0.0708149432005,-0.0046528801078,0.0246864143855,-0.00620977774044,0.574019495322,0.818827469863,0.0019850667884,0.0,0.818784057997,-0.573960043788,-0.0119700211513,0.0,-0.0086621998869,0.00849653012518,-0.999926384925,0.0,0.659984706435,0.258616864334,0.303312714661,1.0,-0.00842,-0.0110662857143,0.422
0.463669638843,0.537570186174,-0.124029336356,-1.37184980039,0.0786072677779,1.89994491648,0.1572043565,-0.0038669204754,-0.0502647258637,-0.000910820779863,-0.0700157216297,-0.00216324552645,0.033525143164,-0.00832080113228,0.574035076657,0.818816505367,0.00200205089213,0.0,0.818773308145,-0.573975545222,-0.0119620340025,0.0,-0.00864574908405,0.00850601670478,-0.999926446646,0.0,0.659843993099,0.258424073873,0.303320556612,1.0,-0.00876,-0.0115131428571,0.439
0.463562495698,0.536792331125,-0.124027353367,-1.3730613217,0.0785463589817,1.90040247838,0.157068871007,-0.0109949362805,-0.0520461321962,0.000572963440015,-0.0704235893878,-0.00317070283101,0.0308756766612,0.000436857593383,0.574060935409,0.81879831087,0.00202865818543,0.0,0.818755340799,-0.574001171443,-0.0119621902614,0.0,-0.00863033516616,0.0085281650486,-0.999926391149,0.0,0.659705453957,0.25824212308,0.30333270641,1.0,-0.00908,-0.0119337142857,0.455
0.463442747704,0.535932630906,-0.124034324554,-1.37441345813,0.0784546438678,1.90090263699,0.15689019729,-0.00335907648154,-0.0529126009816,-0.00112828654309,-0.076546834468,-0.00926961346443,0.0313796659715,-0.0147953413977,0.574075135519,0.818788357461,0.0020276503531,0.0,0.81874548803,-0.574015486429,-0.0119496473372,0.0,-0.00862049538295,0.00852028903436,-0.999926543169,0.0,0.659541065834,0.258017520325,0.303342077537,1.0,-0.00944,-0.0124068571429,0.473
0.463331136859,0.535027497717,-0.124041719461,-1.37583456072,0.0783860713914,1.90141587505,0.156728131575,-0.0074602140583,-0.0556534465431,-0.00104221257104,-0.0848536132881,-0.000695116252927,0.0364163519923,-0.00780897172433,0.574090769831,0.818777383424,0.00203255722373,0.0,0.818734419231,-0.574030941426,-0.0119656154962,0.0,-0.00863059077606,0.00853363826884,-0.999926342248,0.0,0.659382048884,0.257817998587,0.303346551651,1.0,-0.00976,-0.0128274285714,0.489
0.463208849712,0.534198574126,-0.124037189236,-1.37721813175,0.0783126319615,1.90191666277,0.156558786095,-0.00789982494503,-0.0523282422959,4.22611838268e-05,-0.0872799724041,-0.00189417109606,0.0231981797973,-0.0160545293882,0.574105199458,0.818767366079,0.0019917580725,0.0,0.818723713859,-0.574045387541,-0.0120050118143,0.0,-0.00868611960307,0.00852300336262,-0.999925952128,0.0,0.659216606779,0.257608744216,0.303316074598,1.0,-0.01008,-0.013248,0.505
0.463073501584,0.533223641135,-0.124043119143,-1.37878458929,0.0782125568896,1.90250720054,0.156354837589,-0.00489178654212,-0.0539301387723,-0.000295017706729,-0.0825766142913,-0.00248911225945,0.0383119166466,-0.0041903911533,0.574112128056,0.818762524708,0.00198480571444,0.0,0.81871885245,-0.574052414099,-0.012000558805,0.0,-0.00868639255315,0.00851482814707,-0.999926019406,0.0,0.659037225448,0.257366822216,0.303309438208,1.0,-0.01044,-0.0137211428571,0.523
0.462947027777,0.532317698191,-0.124045013288,-1.38025169669,0.078142133402,1.90305020637,0.156174677428,-0.00387617378702,-0.0566480283053,0.000534734660663,-0.0934831543881,-0.00335400029922,0.0369728235072,-0.0168512728407,0.574119676185,0.818757252528,0.00197629726839,0.0,0.818713265136,-0.574059797707,-0.0120285097834,0.0,-0.00871408458529,0.00852398904452,-0.99992570041,0.0,0.65885270545,0.257135445029,0.303294273655,1.0,-0.01078,-0.014168,0.54
0.462810433739,0.531325290594,-0.12404288253,-1.38184333474,0.0780300644044,1.90363844939,0.155962449867,-0.011420079244,-0.060906005805,-0.00052623347183,-0.0986341062611,-0.0095742431685,0.0432348769492,-0.00874244601594,0.574123977966,0.81875427798,0.00195885569993,0.0,0.818710193283,-0.574064301016,-0.0120226708563,0.0,-0.00871927194113,0.00850640252108,-0.999925804954,0.0,0.658677479916,0.256902711821,0.303289842199,1.0,-0.0111,-0.0145885714286,0.556
0.462669404478,0.530227782405,-0.124046075749,-1.38359088253,0.0779347594832,1.90424963666,0.155745435929,-0.00617734551195,-0.0689963836198,-0.000312153874969,-0.100098314379,-0.00939069791686,0.0381463054153,-0.00993736282488,0.574133249056,0.818747842752,0.001931118777,0.0,0.818703237331,-0.574073536243,-0.0120553337294,0.0,-0.00876184299204,0.00850254481727,-0.999925465642,0.0,0.658462424081,0.2566410129,0.303284460347,1.0,-0.01146,-0.0150617142857,0.574
0.462531330882,0.529176145104,-0.124043669526,-1.38524512833,0.0778202134863,1.90485912308,0.15552244429,-0.00633992177429,-0.0693600271414,0.00119846377201,-0.0997218167256,-0.00689051435025,0.0317216929966,-0.011351167071,0.574120911348,0.818756498833,0.00192916397419,0.0,0.818711958962,-0.574061296929,-0.0120458508017,0.0,-0.00875532882206,0.00849536801885,-0.999925583701,0.0,0.6582661542,0.256391800993,0.303290535318,1.0,-0.0118,-0.0155085714286,0.591
0.462406216149,0.528215732848,-0.124049986964,-1.38674589756,0.0777299538729,1.9054460502,0.155312114536,-0.0091790277496,-0.0626614789465,-0.000969626185359,-0.101002866214,-0.00507307996538,0.0392775158627,-0.0192164155299,0.574112815465,0.818762087949,0.00196605102938,0.0,0.818718078921,-0.57405309129,-0.0120209205051,0.0,-0.00871382406886,0.00851116990387,-0.999925811877,0.0,0.658095791628,0.256165456592,0.303303545314,1.0,-0.0121,-0.0159028571429,0.606
0.462250412093,0.527003848581,-0.124047728391,-1.38860249707,0.0776168171739,1.90615518302,0.155051004782,-0.00938656361007,-0.0696875625452,1.92841107766e-05,-0.108963257209,-0.00903129295057,0.0406110476895,-0.0154905341787,0.57409498218,0.818774459703,0.00202051332563,0.0,0.818731163615,-0.574035031162,-0.0119921484976,0.0,-0.00865918619316,0.00853905390749,-0.999926048792,0.0,0.657879784467,0.255889600118,0.303334253741,1.0,-0.01246,-0.016376,0.624
0.46210294772,0.525819476655,-0.124049946731,-1.39042177703,0.0774987131406,1.90681700594,0.154814652154,-0.00535152280068,-0.0696163266456,0.00103398518743,-0.10884796872,-0.0138673195131,0.041699777504,-0.0169166951827,0.574089889865,0.818777984045,0.00203914156828,0.0,0.818734972748,-0.574029902512,-0.0119775758554,0.0,-0.0086366134586,0.00854588625483,-0.999926185644,0.0,0.657660921141,0.255616744736,0.303359067095,1.0,-0.0128,-0.0168228571429,0.641
0.461948682068,0.524732840293,-0.124060956859,-1.39216901795,0.077389306142,1.90744376257,0.154571551606,-0.00891141821752,-0.0679815396575,-0.00186597210795,-0.114728102621,-0.00587823992559,0.0428872521106,-0.0133415524642,0.574090822662,0.818777384477,0.00201715278836,0.0,0.818734100677,-0.574030941657,-0.0119873812767,0.0,-0.00865725525286,0.00853352164952,-0.99992611274,0.0,0.657466300334,0.25536221385,0.303351897138,1.0,-0.0131,-0.0172171428571,0.656
0.461796007015,0.523524364072,-0.124067424801,-1.39408519122,0.0772752615021,1.90813862183,0.154315770212,-0.0104173889053,-0.0734616207688,-0.00195544215854,-0.114802690311,-0.00240033031556,0.0484422170615,-0.021508342079,0.574081557299,0.818783937533,0.00199401807416,0.0,0.818740319347,-0.574021743205,-0.0120031123385,0.0,-0.00868351303676,0.00852351252255,-0.999925970428,0.0,0.657218590082,0.255053644695,0.303344503397,1.0,-0.01346,-0.0176902857143,0.674
0.46163576901,0.522306464759,-0.124068449849,-1.39602000626,0.0771628379548,1.9088953898,0.154052729275,-0.00751279807055,-0.0742963242234,-0.000107246899782,-0.115867859843,-0.00972798597052,0.0487550350263,-0.0128298004319,0.574071732167,0.818790743285,0.00202779142538,0.0,0.818747550236,-0.574011761401,-0.0119872289304,0.0,-0.00865122252087,0.00854194299676,-0.999926093048,0.0,0.656993284729,0.254767228884,0.303345217009,1.0,-0.0138,-0.0181371428571,0.691
0.461472287313,0.521123932655,-0.124068452862,-1.39790403597,0.0770313846286,1.90961478724,0.153802354264,-0.0111964719739,-0.0745567204399,-0.000305595130412,-0.11892739654,-0.00370532306898,0.0448983654633,-0.00904222936797,0.574065817309,0.81879488082,0.00203161069284,0.0,0.81875189039,-0.574005982233,-0.0119675078816,0.0,-0.00863294370925,0.00853368658838,-0.999926321524,0.0,0.656772547668,0.254479316657,0.303341615184,1.0,-0.01412,-0.0185577142857,0.707
0.461308717743,0.519842408708,-0.124080168723,-1.39995672643,0.0769150124329,1.91036076209,0.153523881455,-0.0107073077518,-0.0714111446575,0.000514579545542,-0.121659260549,-0.00324486898118,0.0434825466498,-0.017234503351,0.574058011925,0.818800403123,0.0020113907112,0.0,0.818757070354,-0.573998185098,-0.0119870826769,0.0,-0.00866066025492,0.00852828541225,-0.999926127927,0.0,0.656521100519,0.254170080786,0.303329658631,1.0,-0.01446,-0.0190045714286,0.724
0.46113206809,0.518483270472,-0.124087237976,-1.40203183255,0.0767788742219,1.9110884224,0.15323263766,-0.0131810618295,-0.0815924981201,-0.0018295231433,-0.123220254057,-0.0080178869879,0.0410639176891,-0.0244199893701,0.57404227695,0.818811421868,0.00201657952237,0.0,0.818768191462,-0.573982464421,-0.0119802373927,0.0,-0.00865224051234,0.00852843811865,-0.999926199515,0.0,0.656265353629,0.253848995475,0.303359288971,1.0,-0.0148,-0.0194514285714,0.741
0.460961349135,0.517209908463,-0.124087586706,-1.4040526465,0.076643880058,1.91182242172,0.152966014943,-0.0141298586359,-0.0798488724939,-0.000697891550493,-0.119571252183,-0.0102536007067,0.0520587399392,-0.0163347853946,0.574036392171,0.81881554993,0.00201557853799,0.0,0.818772375023,-0.573976652152,-0.0119727851564,0.0,-0.00864677411783,0.00852327852153,-0.999926290794,0.0,0.656004570652,0.25352217816,0.303368225502,1.0,-0.01514,-0.0198982857143,0.758
0.460786529636,0.515855006182,-0.124096105219,-1.40620628317,0.0765166199836,1.91263686097,0.152672172795,-0.0112087089996,-0.0761149944627,-0.0015518414514,-0.127338363073,-0.00425276265445,0.0487175959796,-0.014537728262,0.574019733154,0.818827229337,0.0020152782695,0.0,0.818784052415,-0.573959998344,-0.0119725816888,0.0,-0.00864695326063,0.00852273994355,-0.999926293835,0.0,0.655744725835,0.253199200773,0.303351334597,1.0,-0.01548,-0.0203451428571,0.775
0.460586667014,0.514386365462,-0.12409999173,-1.40855197154,0.0763682770446,1.91349305236,0.152340850968,-0.0112478267856,-0.08008624265,-0.000221669409453,-0.136081288844,-0.00945220171374,0.0398000657622,-0.0218071093235,0.574001175763,0.818840305888,0.00198760606707,0.0,0.818796741622,-0.573941533844,-0.0119899349115,0.0,-0.00867723935946,0.00850984594878,-0.999926141292,0.0,0.655470424275,0.252860688318,0.303338196611,1.0,-0.01582,-0.020792,0.792
0.46040967783,0.513057699742,-0.124100161575,-1.41069574545,0.0762356454961,1.91423493142,0.152050471822,-0.011689251675,-0.0848414623595,0.000335626375532,-0.134980703471,-0.00864049418141,0.0511534033858,-0.0260460888526,0.57398487877,0.818851879272,0.00192500866989,0.0,0.818807392774,-0.5739254037,-0.0120345929544,0.0,-0.00874990614176,0.00848404905224,-0.999925727269,0.0,0.655195578227,0.25253662479,0.303313238364,1.0,-0.01614,-0.0212125714286,0.808
0.4602026664,0.511550131647,-0.124097914365,-1.41311920906,0.0760940698282,1.91513993402,0.151700241396,-0.00999187824991,-0.0845801537213,0.00108979379734,-0.135882919697,-0.010054880991,0.0524871158989,-0.0204330379466,0.573954805396,0.818872974917,0.00191812787794,0.0,0.818828286821,-0.5738952556,-0.0120506930618,0.0,-0.00876735118722,0.00848733396285,-0.999925546586,0.0,0.65489808324,0.252173070102,0.303294128465,1.0,-0.0165,-0.0216857142857,0.826
0.459985547162,0.509997386067,-0.124103467625,-1.41558884459,0.0759435564,1.91606436964,0.151352701259,-0.0164169307447,-0.0889067210063,-0.000705768815396,-0.138301855635,-0.00734441611168,0.048239878669,-0.0201374804568,0.573941543936,0.818882258857,0.00192280370107,0.0,0.818837648379,-0.573881991552,-0.0120462554664,0.0,-0.00876117114946,0.00848847395134,-0.999925591077,0.0,0.654616328398,0.251811648425,0.303288848427,1.0,-0.01684,-0.0221325714286,0.843
0.459816349323,0.508735407222,-0.12411195264,-1.41754006031,0.0758111665505,1.91676676072,0.151079094019,-0.0130241722296,-0.0887831772157,-0.000586492154151,-0.134747089884,-0.00455120918286,0.0526964513346,-0.0164041185506,0.573926218059,0.818892995088,0.00192502504078,0.0,0.818848480281,-0.573866722584,-0.0120373565467,0.0,-0.0087527676623,0.00848502171035,-0.999925693972,0.0,0.654357296979,0.25148912554,0.303301512803,1.0,-0.01714,-0.0225268571429,0.858
0.459592846663,0.507115946292,-0.124116122353,-1.42008363611,0.0756529724784,1.91768154061,0.1507292402,-0.0117742629334,-0.0967957957481,9.9081559115e-05,-0.1446503443,-0.00843158223572,0.0496573334246,-0.0195298236122,0.573914648567,0.818901126191,0.00191535464184,0.0,0.818856437818,-0.573855150609,-0.0120477078375,0.0,-0.00876691417996,0.00848291981128,-0.999925587875,0.0,0.654039540443,0.251096537762,0.303302976325,1.0,-0.0175,-0.023,0.876
0.459385971574,0.505635807887,-0.124125577238,-1.42238653877,0.0755024939649,1.91855790604,0.150419078715,-0.0109116803942,-0.0984708444855,-0.000767559763068,-0.149510246293,-0.0148923129498,0.0499701421969,-0.0234904294172,0.573915187368,0.81890066151,0.00195222636508,0.0,0.818856579681,-0.573855652009,-0.0120141363432,0.0,-0.00871825591877,0.00849385224754,-0.9999259205,0.0,0.653763690603,0.250737129743,0.303317830794,1.0,-0.01782,-0.0234205714286,0.892
0.459179738783,0.504077696201,-0.124131259548,-1.42471388061,0.0753578586149,1.91945691474,0.150091700752,-0.0145143670746,-0.100224104396,-0.000612794606975,-0.143691473888,-0.00652662736893,0.0492144902887,-0.0206273180471,0.573900930032,0.818910389105,0.00206010331316,0.0,0.818867782315,-0.573841008999,-0.011949827566,0.0,-0.00860383182833,0.00854513390551,-0.999926474679,0.0,0.653486316876,0.25038099298,0.303376769122,1.0,-0.01814,-0.0238411428571,0.908
0.458930536408,0.502285600953,-0.124136698579,-1.42736008309,0.075191242112,1.92043684856,0.149729318867,-0.0166516850762,-0.101062361813,-0.00142557604378,-0.152625446429,-0.0108939088932,0.0466989290049,-0.0217703354415,0.573902663946,0.81890890142,0.00216573126437,0.0,0.818867704029,-0.573842344938,-0.0118908938388,0.0,-0.00849493405696,0.00859782857362,-0.999926954052,0.0,0.653165443909,0.24996427001,0.303453678769,1.0,-0.0185,-0.0243142857143,0.926
0.45869330223,0.500566430347,-0.124140143659,-1.42994472955,0.0750297928886,1.92135034114,0.14936252892,-0.0102319131962,-0.104078043789,-0.000670324002904,-0.151921358102,-0.0151263653047,0.0540943630357,-0.0160580122581,0.573887081685,0.818919709258,0.00220775134325,0.0,0.818878997588,-0.573826534268,-0.0118761433681,0.0,-0.00845890443242,0.00862361249735,-0.99992703746,0.0,0.652839249212,0.249559384621,0.303502494303,1.0,-0.01884,-0.0247611428571,0.943
0.458460835717,0.498965579364,-0.124136522245,-1.43241157594,0.0748716522896,1.92225310008,0.14901167345,-0.0154726954872,-0.102389325424,-4.77405511411e-05,-0.157346057994,-0.00749830396537,0.0605690421687,-0.0278159553562,0.573870224827,0.818931442431,0.0022370864866,0.0,0.81889109449,-0.573809544732,-0.0118629103071,0.0,-0.00843141100163,0.00863986755075,-0.999927129344,0.0,0.652532129256,0.249174041151,0.303523114745,1.0,-0.01916,-0.0251817142857,0.959
0.458204683344,0.497301578832,-0.124138482407,-1.4350643995,0.0747120346052,1.92322709869,0.148614382832,-0.013125656934,-0.0956747695206,0.000669462525703,-0.158634016847,-0.0151503085291,0.0590849639751,-0.0299013342707,0.573847613106,0.81894731885,0.00222548452043,0.0,0.818906724624,-0.573786884316,-0.0118800106991,0.0,-0.00845231181405,0.00863994636842,-0.999926952208,0.0,0.652202079463,0.248753438818,0.303505122948,1.0,-0.0195,-0.0256285714286,0.976
0.457939869665,0.495619771873,-0.124138756493,-1.43775679591,0.0745460558446,1.92415218688,0.148226724768,-0.0162983466324,-0.101607005531,-0.000109418682951,-0.157727822619,-0.00761971155761,0.0520520955376,-0.0242354933985,0.573838047542,0.818954210859,0.00215467177166,0.0,0.818912525588,-0.573777434018,-0.011936437825,0.0,-0.00853925838637,0.0086142357292,-0.999926435299,0.0,0.651853978763,0.24831964252,0.303475775663,1.0,-0.01984,-0.0260754285714,0.993
0.457677698589,0.494036400451,-0.12414286223,-1.44036054488,0.0743820017364,1.92508680068,0.147863678637,-0.015492711551,-0.101071768406,0.000932543802712,-0.170949174167,-0.0122399677272,0.0623928559775,-0.0223452685678,0.573845066469,0.818949491552,0.00207770967128,0.0,0.818906737666,-0.573784704711,-0.0119839286773,0.0,-0.0086222402717,0.00857853396047,-0.999926030128,0.0,0.65152554665,0.247895572363,0.303420486301,1.0,-0.0230702857143,-0.0303209469388,1.009
0.457400589539,0.49184696256,-0.124225231461,-1.44375961544,0.0741882185214,1.92635536209,0.147371117515,-0.014203197428,-0.12997719037,-0.0016133221985,-0.218602631189,-0.00762770952494,0.0817159629366,-0.0381255929393,0.573846449075,0.818948420426,0.00211765603218,0.0,0.818906370265,-0.573786104275,-0.0119419505097,0.0,-0.00856492480316,0.0085871732395,-0.999926448555,0.0,0.651108026344,0.247347440601,0.303438984469,1.0,-0.0296371428571,-0.0389516734694,1.026
0.456975153553,0.488988035595,-0.124226874683,-1.44833904109,0.0739287950979,1.92802514596,0.146699272021,-0.0265936693561,-0.17143007958,-0.00388638436449,-0.273155097896,-0.0181200822693,0.0980291152152,-0.0345293223814,0.573804537832,0.818977866458,0.00208650811924,0.0,0.818935049335,-0.573743967127,-0.0119996691015,0.0,-0.00863050811717,0.00859434468024,-0.999925823033,0.0,0.650520359176,0.246635935551,0.303392457709,1.0,-0.0365902857143,-0.0480900897959,1.044
0.456485175534,0.48584426379,-0.124280935527,-1.45323414772,0.0736346516692,1.92987445699,0.145986533637,-0.0338283898666,-0.208909897892,-0.00901975817402,-0.320332533759,-0.023632593958,0.128182794639,-0.052600258295,0.573824587582,0.818963625481,0.00216095504691,0.0,0.818921901134,-0.573763827992,-0.0119472353714,0.0,-0.00854463786515,0.00862543689141,-0.999926292785,0.0,0.649924639296,0.245824935248,0.303408549129,1.0,-0.0427708571429,-0.0562131265306,1.06
0.45585355863,0.481767035386,-0.124372631616,-1.45963182173,0.0732491847854,1.93211840696,0.144987866192,-0.0386802485799,-0.240699809533,-0.00821420554137,-0.37201761335,-0.0253978491255,0.126655191931,-0.0564468039095,0.573807565937,0.818975713337,0.00209884248042,0.0,0.818933243174,-0.573747128899,-0.0119717252489,0.0,-0.00860051296499,0.00858844375871,-0.999926132177,0.0,0.649160554954,0.244804902142,0.303395683265,1.0,-0.0493377142857,-0.0648438530612,1.077
0.455126753456,0.477294387126,-0.124474348042,-1.46660478636,0.0728300246055,1.93460646127,0.143975742845,-0.0481812664233,-0.270993722375,-0.0113915074918,-0.425775751118,-0.0209143652987,0.145014749988,-0.0603263731336,0.573865934431,0.818934893714,0.0020678631998,0.0,0.818891937348,-0.573805537735,-0.0119977794895,0.0,-0.00863901524351,0.00857863860506,-0.999925884441,0.0,0.648226009449,0.243550756755,0.303388868541,1.0,-0.0562908571429,-0.0739822693878,1.095
0.45435936987,0.472595657104,-0.124538152923,-1.47382840091,0.0723974938928,1.9372420302,0.142939638124,-0.0495587465122,-0.299611416286,-0.00160499881389,-0.471806807281,-0.0300361811703,0.172817199868,-0.0573573288663,0.573923320918,0.818894435019,0.00216168965612,0.0,0.818852611275,-0.573862435872,-0.0119604600557,0.0,-0.00855400637934,0.00863465841849,-0.999926133096,0.0,0.647312056455,0.242332502344,0.30343153,1.0,-0.0624714285714,-0.0821053061224,1.111
0.453499535288,0.467403002201,-0.124569742835,-1.48164835379,0.0719239523091,1.94016061583,0.141687860553,-0.0523356081433,-0.340608924283,-0.000104060949257,-0.502842489481,-0.0311833730705,0.18874262018,-0.0789322173737,0.573869897846,0.818931162999,0.00241609525866,0.0,0.818892549511,-0.573807902037,-0.0118419093315,0.0,-0.00831149405151,0.00877440663912,-0.99992696176,0.0,0.646327163724,0.241023119887,0.303549213122,1.0,-0.068652,-0.0902283428571,1.127
0.452478801621,0.461423009599,-0.124601115375,-1.49089276834,0.0713206690604,1.94337798423,0.140245060176,-0.0598166222097,-0.356698022185,-0.00300502043146,-0.563714411426,-0.0325164224674,0.200148058844,-0.083029491338,0.573822959197,0.818964220649,0.0023587490309,0.0,0.818924616822,-0.573760936511,-0.0118998570362,0.0,-0.0083923606695,0.0087602174862,-0.999926410728,0.0,0.645022302042,0.239356329183,0.303546341889,1.0,-0.0756051428571,-0.0993667591837,1.145
0.451419774404,0.455349839368,-0.12468321529,-1.50035769124,0.0706885187395,1.94657971104,0.138840739736,-0.0654230306506,-0.376746294663,-0.00338323708159,-0.5970482891,-0.0367663744972,0.199802234612,-0.0932619070467,0.573857361941,0.818940590477,0.002187308184,0.0,0.818898700175,-0.573795974505,-0.0119935563971,0.0,-0.0085671064701,0.00867394146332,-0.999925680951,0.0,0.643822647625,0.237803213275,0.303503792261,1.0,-0.0813994285714,-0.106982106122,1.16
0.450051580727,0.447415417654,-0.124759741908,-1.51209269768,0.0698954767048,1.95099370522,0.136965997362,-0.0756698653473,-0.415689029144,-1.50743187016e-05,-0.640965512321,-0.0434950223246,0.229963509319,-0.0994115525548,0.5738157867,0.818968280755,0.0026730042861,0.0,0.818933389983,-0.573753272921,-0.0116632535994,0.0,-0.00801834416859,0.00888174250213,-0.999928407841,0.0,0.642324906409,0.235771557863,0.303746528527,1.0,-0.0887388571428,-0.116628212245,1.179
0.448696699378,0.439965253247,-0.124782442565,-1.52357614396,0.0691376882089,1.95491329756,0.135175958698,-0.0835172399913,-0.447135042976,-0.00457347419313,-0.704067804658,-0.0460487582435,0.229178822189,-0.115037561444,0.573779850001,0.818993763602,0.00257794799671,0.0,0.818957146734,-0.573717141811,-0.0117719966915,0.0,-0.00816233606933,0.00886593412838,-0.999927383104,0.0,0.64073830162,0.233781665785,0.303719889365,1.0,-0.0953057142857,-0.125258938775,1.196
0.447325872482,0.432409769768,-0.124821636901,-1.53494095011,0.0683688430163,1.95894269504,0.133306654586,-0.0848714095487,-0.486774004989,-0.00213078972554,-0.719213925448,-0.0472969197011,0.271841377886,-0.124919260328,0.573685914637,0.819059000353,0.00275176129497,0.0,0.819024642563,-0.573622598208,-0.0116831759635,0.0,-0.0079908918114,0.00895640623811,-0.999927961623,0.0,0.639191539339,0.231796721237,0.303817346001,1.0,-0.101486285714,-0.13338197551,1.212
0.44571569901,0.424080692144,-0.124857073698,-1.54769480419,0.0674643043231,1.96336234478,0.131227445276,-0.0949238460208,-0.498212305544,-0.00306837694945,-0.745534943645,-0.0503231378675,0.26069021992,-0.128360751526,0.573622852619,0.819103287075,0.00271568736929,0.0,0.819068496295,-0.573559709913,-0.0116963431725,0.0,-0.00802305874832,0.00893379570902,-0.999927906313,0.0,0.637420498046,0.229519358476,0.303800040924,1.0,-0.108053142857,-0.142012702041,1.229
0.443848682032,0.414680280321,-0.124985121192,-1.56186834133,0.0664308408735,1.96825288842,0.12892384135,-0.1071692803,-0.536247232226,-0.00439848536146,-0.810033566856,-0.0596626394373,0.291672308389,-0.13231298066,0.573664019059,0.819074327973,0.00275415945517,0.0,0.819040592403,-0.573601360822,-0.0116074872369,0.0,-0.00792775783054,0.00891473780758,-0.999928836521,0.0,0.635455496631,0.226890515162,0.303858530809,1.0,-0.115006285714,-0.151151118367,1.247
0.4421602381,0.406555300124,-0.125032891502,-1.57429212536,0.0656157151309,1.97248939679,0.126823349918,-0.117877676732,-0.559698801132,-0.000984105239857,-0.858604569036,-0.0557402808674,0.276511314775,-0.138675256655,0.57364433557,0.819088241828,0.00271574447078,0.0,0.819053328675,-0.57358105285,-0.0117118529532,0.0,-0.0080354961794,0.00894294983378,-0.999927724613,0.0,0.633683632468,0.224607884067,0.303809176077,1.0,-0.120800571429,-0.158766465306,1.262
0.439806306237,0.395636538031,-0.12518827783,-1.59057467852,0.0644753437737,1.97804159964,0.124077262219,-0.128922239173,-0.585936211885,-0.0100194422809,-0.879624189651,-0.0628754739092,0.300184093569,-0.137858369473,0.573767718664,0.81900137399,0.00284628227885,0.0,0.818968222026,-0.573704044018,-0.0116390759858,0.0,-0.00789964766325,0.00900931427023,-0.999928211335,0.0,0.631380384946,0.221475364497,0.303902287569,1.0,-0.12814,-0.168412571429,1.281
0.437703402821,0.386200996479,-0.125288049166,-1.60497290979,0.0633627272232,1.98283903637,0.121595114777,-0.135588201354,-0.611033838794,-0.00757676015925,-0.912542154049,-0.062822272665,0.295225855462,-0.157219918303,0.573770204763,0.81900033341,0.00263683550105,0.0,0.818964834762,-0.57370767118,-0.0116984765949,0.0,-0.00806843881946,0.00887188367292,-0.999928092402,0.0,0.629276192661,0.218700074008,0.303803473635,1.0,-0.134320571429,-0.176535608163,1.297
0.435607891993,0.376862899621,-0.125376676463,-1.61872310573,0.062357190398,1.98744616574,0.119120183178,-0.14029428953,-0.616671810802,-0.0108665530879,-0.93087402095,-0.0653273031656,0.309283286867,-0.154624168094,0.573756333524,0.819009580722,0.00277908768521,0.0,0.818975921088,-0.573693300617,-0.0116268829407,0.0,-0.0079283371806,0.00894717588402,-0.999928542204,0.0,0.627259881671,0.216023432175,0.303906675612,1.0,-0.140114857143,-0.184150955102,1.312
0.433029029064,0.366093261085,-0.125513678872,-1.63485891104,0.0611428662279,1.99277671174,0.116264423014,-0.153730303869,-0.6381336921,-0.0121193133728,-0.952257601124,-0.0697596022145,0.315714567095,-0.179847376814,0.573872487853,0.818928453418,0.00270236361627,0.0,0.818893868321,-0.573809781274,-0.0116582263426,0.0,-0.00799676455529,0.00890345576966,-0.999928387552,0.0,0.624862723936,0.212789729577,0.303870106027,1.0,-0.146681714286,-0.192781681633,1.329
0.430289626521,0.354872627323,-0.125637842758,-1.65146033927,0.0598549946851,1.99823333299,0.113159604878,-0.167620794146,-0.646128754869,-0.00713936899962,-0.992269675217,-0.068540841913,0.32099384104,-0.184027547942,0.573877884287,0.818924638567,0.00271241144699,0.0,0.81889040621,-0.57381539045,-0.0116252828713,0.0,-0.00796396047102,0.00889283166461,-0.999928743901,0.0,0.62236014265,0.209430164775,0.303890689075,1.0,-0.153248571429,-0.201412408163,1.346
0.427529618957,0.343879444766,-0.125772046418,-1.66759072568,0.0586701896114,2.00345644098,0.110141202938,-0.179423803573,-0.696906104978,-0.00486327477366,-1.01233330007,-0.0800137872805,0.341452808593,-0.187050165691,0.573973800066,0.818857188209,0.00278011836125,0.0,0.818823372345,-0.573910544395,-0.0116498426815,0.0,-0.00794417112897,0.0089633029375,-0.9999282721,0.0,0.619885747657,0.20612060018,0.303932652725,1.0,-0.159429142857,-0.209535444898,1.362
0.424117128505,0.33055878215,-0.125855331613,-1.68723803665,0.0571039086001,2.0097173769,0.106385994928,-0.187291043381,-0.726867021488,-0.000368403466697,-1.03912234906,-0.0835482072355,0.32892322271,-0.203272097994,0.573934071628,0.818885376186,0.00267749779806,0.0,0.818850022384,-0.573870949771,-0.0117269242358,0.0,-0.00806662386747,0.00892312230396,-0.999927651117,0.0,0.616783394073,0.202105413136,0.303886252981,1.0,-0.166768571429,-0.21918155102,1.381
0.421058424477,0.318869579344,-0.125871614386,-1.70413447989,0.0556704374072,2.01510951484,0.103060716187,-0.199622198492,-0.724286271308,-0.000879366522177,-1.05962231426,-0.0826504420531,0.327148939482,-0.205445598103,0.573822804902,0.818963060487,0.00276424184961,0.0,0.818929217266,-0.573759824028,-0.0116339305697,0.0,-0.00794190137386,0.00893970520281,-0.999928501381,0.0,0.614083275737,0.198622287315,0.303959085872,1.0,-0.172949142857,-0.227304587755,1.397
