position_joint1,position_joint2,position_joint3,position_joint4,position_joint5,position_joint6,position_joint7,velocity_joint1,velocity_joint2,velocity_joint3,velocity_joint4,velocity_joint5,velocity_joint6,velocity_joint7,ee_T_00,ee_T_10,ee_T_20,ee_T_30,ee_T_01,ee_T_11,ee_T_21,ee_T_31,ee_T_02,ee_T_12,ee_T_22,ee_T_32,ee_T_03,ee_T_13,ee_T_23,ee_T_33,v_x,v_y,time
0.465084353378,0.547653883466,-0.124043075647,-1.35584799742,0.0795193727905,1.89415017856,0.159130958905,0.00150407679109,0.00178414161309,-0.000390340008662,-0.000747305895295,-0.000360023903376,-0.000423904594985,0.000438639030298,0.5738180796,0.818968390794,0.00208165926869,0.0,0.818927109434,-0.573759122774,-0.0118154715807,0.0,-0.00848229006134,0.00848482177883,-0.999928026687,0.0,0.661695585716,0.260872396811,0.303303578007,1.0,0.0,0.0,0.0
0.46507905492,0.547655608145,-0.124043189705,-1.35584512586,0.0795239025874,1.89415171661,0.159133400311,-0.000582538457906,0.00225019727494,-0.000108772843586,0.000635282268281,4.6512914382e-05,-0.000165839404546,0.00165123005555,0.573825554626,0.818963141754,0.00208619457616,0.0,0.818921884723,-0.573766544244,-0.0118172048285,0.0,-0.00848102982659,0.00848960796029,-0.999927996753,0.0,0.661697659663,0.260869982232,0.303303868841,1.0,-0.00012,-0.000157714285714,0.007
0.465081759503,0.547652528436,-0.124043189757,-1.35584795936,0.0795240312994,1.89415400938,0.159127093345,0.00132033333893,0.000528226165947,-0.000301495454755,-0.000359188302081,1.41188078229e-05,1.46730635174e-06,-0.00111717623799,0.573818373899,0.818968166982,0.00208857556759,0.0,0.818926939161,-0.573759353212,-0.0118160830809,0.0,-0.00847881937841,0.00849083985107,-0.999928005039,0.0,0.661696836308,0.260871652954,0.303304901321,1.0,-0.00038,-0.000499428571429,0.02
0.465077918315,0.547632676381,-0.124043268678,-1.35585473452,0.0795200677946,1.89414981655,0.159127907147,-0.00217919496837,-0.00289676101243,-0.000695632179833,0.000528240383931,-0.000421030907511,-0.000160518020116,-0.000370392362119,0.573821496052,0.81896596336,0.00209485738324,0.0,0.81892484187,-0.573762474843,-0.0118098573402,0.0,-0.00847008371243,0.00849244426428,-0.999928065449,0.0,0.661696215104,0.260867596415,0.303315370849,1.0,-0.00074,-0.000972571428571,0.038
0.46508003586,0.547590691639,-0.124037929275,-1.35590377758,0.0795200207108,1.89416066273,0.159132531438,-0.000613217872025,-0.00493180384312,0.00110361307258,-0.00510375680904,7.0210344812e-05,0.0020250240403,0.00200057029424,0.573822484671,0.818965253749,0.00210146117256,0.0,0.818924156302,-0.573763375242,-0.0118136512758,0.0,-0.00846939152153,0.00850003969798,-0.999928006775,0.0,0.661686469198,0.26086754681,0.303322534917,1.0,-0.00106,-0.00139314285714,0.054
0.465071913787,0.54745617073,-0.124040030913,-1.35604842565,0.0795169118908,1.89418969448,0.159125473439,6.36704487854e-05,-0.00906866268884,0.000306639104389,-0.0103448158011,3.04465323605e-05,-0.000182063209489,-0.000848731935212,0.573831861449,0.818958630324,0.00212214621977,0.0,0.818917732016,-0.573772599101,-0.0118109954009,0.0,-0.00845525005389,0.00851555259656,-0.999927994463,0.0,0.66166542878,0.260847022334,0.303351563909,1.0,-0.0014,-0.00184,0.071
0.465062333986,0.54733444911,-0.124043529594,-1.35622035737,0.0795170916737,1.89423596683,0.159119838685,-0.00189970926995,-0.0119028958751,-0.000908741602037,-0.0101858886817,8.50367898312e-05,0.00737861339501,-0.00162677285968,0.573847079117,0.818947961158,0.00212452502463,0.0,0.818906994604,-0.573787705627,-0.011821588812,0.0,-0.00846240264331,0.00852373672153,-0.999927864225,0.0,0.661641743538,0.260823017846,0.303360086206,1.0,-0.0017,-0.00223428571429,0.086
0.465041794685,0.547154578595,-0.124043880386,-1.35642753458,0.0795124591011,1.89434727704,0.159110246171,-0.000136717929708,-0.00426778155301,0.000103836871727,-0.0121937596597,0.000468153477858,0.0120736529584,-0.00608316038053,0.573866815487,0.818933932197,0.00219992755758,0.0,0.818893927378,-0.573807126232,-0.0117840778051,0.0,-0.0083882085635,0.0085641634077,-0.999928143949,0.0,0.661626891373,0.260793815137,0.303398555335,1.0,-0.00204,-0.00268114285714,0.103
0.465016839654,0.546936849211,-0.124041105091,-1.35666680132,0.0795085230523,1.89447170271,0.159095490283,-0.00233890112925,-0.0112363399159,-0.00063648327403,-0.0128474941259,-0.000701927950088,0.0016783215858,-0.00417656373554,0.573885702041,0.818920438813,0.00229407677145,0.0,0.8188816039,-0.57382559672,-0.0117409643775,0.0,-0.00829867550301,0.00861671474893,-0.999928439545,0.0,0.661608680356,0.260761192838,0.30344959624,1.0,-0.0024,-0.00315428571429,0.121
0.464990376601,0.546718683926,-0.124046753816,-1.35697047717,0.0795032038294,1.89460666817,0.15907275303,0.000219132858959,-0.0133954537604,-0.00107235813548,-0.0214313618086,-0.00524129862667,0.0113789271249,-0.00297339704515,0.573908402025,0.818904396712,0.00234137375696,0.0,0.818866121608,-0.573848060443,-0.01172285418,0.0,-0.00825646300335,0.00864528260572,-0.999928542401,0.0,0.661580198621,0.260715539697,0.303471468336,1.0,-0.00274,-0.00360114285714,0.138
0.464964047826,0.546478777217,-0.12404144089,-1.35731619827,0.079493782481,1.894736359,0.158978221688,-0.000838407227737,-0.0148900672639,0.000396849103133,-0.0196161798207,-0.000314976249216,0.013780638722,-0.0117314681636,0.573865670859,0.818934259174,0.00237020287645,0.0,0.818896229919,-0.573805092871,-0.0117229228774,0.0,-0.00824042733408,0.00866850009662,-0.999928473674,0.0,0.661539251038,0.260670588225,0.303487883305,1.0,-0.00306,-0.00402171428571,0.154
0.464924104729,0.546180548517,-0.124044285189,-1.35777981021,0.0794774084692,1.89489508492,0.158923910713,-0.00511298071455,-0.0208727681639,-0.000360572332674,-0.0296873724014,0.00023546016197,0.00741995085886,-0.00112649912464,0.573877412094,0.818926030508,0.00237051600222,0.0,0.818887898605,-0.573816719247,-0.0117358055174,0.0,-0.0082506737629,0.00867626761187,-0.999928321813,0.0,0.661484363957,0.260599521031,0.303492246513,1.0,-0.00342,-0.00449485714286,0.172
0.464885589007,0.545893255164,-0.124039272898,-1.35828255226,0.0794559876754,1.89506405409,0.158888198193,-0.00430842203865,-0.0199995444113,0.00123928357034,-0.031842482372,0.000487286856971,0.0133987383567,-0.00311948881206,0.573898604017,0.81891127801,0.0023362270314,0.0,0.818872569771,-0.573837899861,-0.0117697094641,0.0,-0.00829789196586,0.00866785894703,-0.999928004013,0.0,0.661420316305,0.260529033289,0.303470842493,1.0,-0.00376,-0.00494171428571,0.189
0.464840175444,0.545586169816,-0.124039352804,-1.35881546263,0.0794038034433,1.89523893237,0.158796272493,-0.00326013368384,-0.021209665209,0.000973847264937,-0.0338234258511,-0.0050944385323,0.0124576833573,-0.0052100220717,0.573876433414,0.818926968498,0.00228174080122,0.0,0.818887687763,-0.573816080003,-0.0117816833438,0.0,-0.00833919921785,0.0086298860178,-0.999927988819,0.0,0.661355683623,0.260443133943,0.303449697789,1.0,-0.00408,-0.00536228571429,0.205
0.46476915616,0.545188379127,-0.124044015667,-1.35951515614,0.0793604143692,1.8954525515,0.158721151547,-0.00770389367359,-0.0210819653791,0.000969858659486,-0.0392270209739,-0.0014970747671,0.015122345933,-0.00112161484141,0.573903701998,0.818908069906,0.00220471703994,0.0,0.818867750631,-0.573843605005,-0.0118267017059,0.0,-0.00841998080386,0.00859292501516,-0.999927630163,0.0,0.661270015632,0.26032309309,0.303416889922,1.0,-0.00444,-0.00583542857143,0.223
0.464710282147,0.54480387034,-0.124049519205,-1.36016994806,0.0793309961587,1.89566397891,0.158649790183,-0.00762916103936,-0.0236080038505,-0.00170881179569,-0.0410838162631,-0.00464887956515,0.017918510138,-0.0035058347409,0.573925931335,0.818892613494,0.00215865853771,0.0,0.818851582285,-0.57386589908,-0.0118643568356,0.0,-0.00847701686281,0.00857704814052,-0.999927284571,0.0,0.661190046605,0.26021787508,0.303395883905,1.0,-0.00476,-0.006256,0.239
0.464648063778,0.544400936221,-0.124047480479,-1.36086036037,0.0792999488515,1.89589209689,0.158549863162,-0.00173209441844,-0.025307348227,0.000491931765545,-0.0460277306334,-0.00538684046301,0.0150741440328,-0.00581061299283,0.573923787139,0.818894231939,0.00211432118577,0.0,0.818852468679,-0.573863777625,-0.0119057200198,0.0,-0.00853635745985,0.00856445793728,-0.999926887658,0.0,0.661104853446,0.260111701128,0.303372130353,1.0,-0.00508,-0.00667657142857,0.255
0.464573483143,0.543889533884,-0.124045247795,-1.36168585881,0.0792623169297,1.8961913406,0.158443359328,-0.00507924290229,-0.0304500781686,0.000422324300646,-0.0482169406541,-9.00039323649e-05,0.00960978646371,-0.0102450225588,0.573932095153,0.818888424551,0.00210836200897,0.0,0.818846444974,-0.573871969852,-0.0119251278155,0.0,-0.00855558399166,0.0085708033424,-0.999926668968,0.0,0.661009078139,0.259986627548,0.303366953197,1.0,-0.00544,-0.00714971428571,0.273
0.464483614198,0.543347631326,-0.124046041269,-1.36256718356,0.079209660209,1.89648072963,0.158365991101,-0.00365386367255,-0.0292946759898,0.000569331126653,-0.051950974858,-0.0028288843797,0.0101290520225,-0.00805281154555,0.573977754164,0.818856529859,0.00206594599522,0.0,0.818813938357,-0.573917738832,-0.0119545099321,0.0,-0.00860351110927,0.00855341281942,-0.999926406655,0.0,0.660904665423,0.259840374366,0.30335594089,1.0,-0.0058,-0.00762285714286,0.291
0.464410936961,0.542799914169,-0.124056654738,-1.36344291884,0.0791594398574,1.89679793237,0.158229354118,-0.0063887352344,-0.0309307758495,-0.00217075845648,-0.0517091833885,0.000226298767445,0.0215783165043,-0.00505071797187,0.573968159323,0.818863281764,0.00205542276064,0.0,0.818820561202,-0.57390819696,-0.0119589680206,0.0,-0.00861330166204,0.00854725384168,-0.999926375033,0.0,0.660804757456,0.259702826063,0.303354380096,1.0,-0.00614,-0.00806971428571,0.308
0.464343134956,0.542355795972,-0.124054564715,-1.36412942983,0.0791098274648,1.89704844626,0.15813481273,-0.004981803153,-0.0300422844368,0.0017168881739,-0.0477721496735,-0.00834697429134,0.0186096843674,-0.00120258626079,0.573969716885,0.818862182521,0.0020584064825,0.0,0.818819553734,-0.573909794429,-0.0119512836872,0.0,-0.00860528028108,0.00854530291529,-0.999926460771,0.0,0.660728099507,0.259592545524,0.303363336659,1.0,-0.0064,-0.00841142857143,0.321
0.464260008969,0.541741937954,-0.12406026128,-1.36508083347,0.0790562076902,1.89739388473,0.15801941031,-0.00409745788368,-0.0369842118253,0.000519569915124,-0.0599441179637,-0.00671183419633,0.0206349588002,-0.00422742890339,0.573987193441,0.818849911633,0.00206661235781,0.0,0.818807405874,-0.573927250794,-0.0119452828836,0.0,-0.0085954741742,0.008548761491,-0.99992651555,0.0,0.660615332188,0.259431648782,0.303375126962,1.0,-0.00676,-0.00888457142857,0.339
0.46416703266,0.541061827941,-0.124068647278,-1.36614385795,0.0790013202645,1.89777905592,0.157877927348,-0.00629139425179,-0.0367196038866,-0.00268178402421,-0.0626542672629,-0.0009583500124,0.0242665198225,-0.00480035410525,0.57399625804,0.818843547144,0.00207073863415,0.0,0.818800992615,-0.573936195159,-0.0119551361613,0.0,-0.00860107984546,0.00855789103592,-0.999926389254,0.0,0.660498175278,0.259277926175,0.303383202333,1.0,-0.0071,-0.00933142857143,0.356
0.464082914045,0.540393565415,-0.124061194094,-1.36713456882,0.0789376676535,1.89814124465,0.157766388025,-0.00228075829191,-0.0378308578447,0.00147674645697,-0.0643277668001,-0.000747169816976,0.0215056850783,-0.00848949900768,0.57400640661,0.818836346078,0.00210485475782,0.0,0.818794224042,-0.573946189509,-0.0119388913161,0.0,-0.00856808973607,0.00857660814771,-0.999926512115,0.0,0.660382884952,0.259132143158,0.303415116,1.0,-0.00742,-0.009752,0.372
0.463988783639,0.539664058038,-0.124071948525,-1.36824908063,0.0788692891845,1.89856285859,0.157621097286,-0.00747545890152,-0.0395811685902,-0.00112784929261,-0.0601240054356,-0.000504600116592,0.0245899179848,-0.0104890019186,0.574015539524,0.818829872374,0.00213246203294,0.0,0.818788177844,-0.573955276479,-0.0119166826339,0.0,-0.00853396218977,0.00858656103162,-0.999926718544,0.0,0.660259294307,0.258958571563,0.303437037818,1.0,-0.00776,-0.0101988571429,0.389
0.463875242662,0.53886051238,-0.124069717553,-1.36949193408,0.0787976689769,1.8990222963,0.157461027637,-0.00631990473522,-0.0429838100171,0.00154420575669,-0.0670293289233,-0.00385795638723,0.0272197348987,-0.00927930308041,0.57402544127,0.818822880319,0.00215182272243,0.0,0.818781384446,-0.573965044431,-0.0119129826935,0.0,-0.00851971580871,0.00860039311944,-0.999926721155,0.0,0.660117512276,0.258767506231,0.303452913662,1.0,-0.00812,-0.010672,0.407
0.463781394205,0.538133084335,-0.124075833007,-1.37060968953,0.0787454668781,1.8994577601,0.157327040579,-0.00668428273182,-0.0471569521899,-0.000432980632485,-0.0669513693196,-0.00318291561407,0.0244053751081,-0.0116490567068,0.574044783202,0.818809203005,0.00219609954913,0.0,0.818768199914,-0.573984120331,-0.0119000554145,0.0,-0.00848351195573,0.00862942734843,-0.999926778824,0.0,0.659993384332,0.258599970023,0.303472654301,1.0,-0.00844,-0.0110925714286,0.423
0.463672468532,0.537284204323,-0.124079436543,-1.37195047152,0.0786574852857,1.89996137957,0.157173667992,-0.00965445868069,-0.0472484308153,0.000892742782461,-0.0732535111439,-0.0010591003664,0.0304303178047,-0.00744138782593,0.574061373844,0.818797560915,0.00220004573359,0.0,0.818756685778,-0.574000771007,-0.0118891243704,0.0,-0.00847212120317,0.0086265553112,-0.999926900181,0.0,0.659839445681,0.258397915366,0.303477659167,1.0,-0.0088,-0.0115657142857,0.441
0.463571563362,0.536445273078,-0.124082563189,-1.3732450363,0.0785910721213,1.90044526752,0.157011090577,-0.0017059076423,-0.0554914631075,-0.000939818078228,-0.0775983416631,-0.00114891439108,0.0253743870038,-0.0135283522605,0.574066606141,0.818793813005,0.002229439281,0.0,0.818753225713,-0.574005788576,-0.0118851574512,0.0,-0.00845194506122,0.00864839911281,-0.999926882236,0.0,0.659688342263,0.258208944054,0.303495781326,1.0,-0.00914,-0.0120125714286,0.458
0.463460888286,0.53564454915,-0.124091355303,-1.37453382996,0.0785054281429,1.90090958019,0.156844113426,-0.00981719627777,-0.0485750656584,-0.00248736791172,-0.0804894605886,-0.00488666838686,0.0250255003269,-0.0181463068523,0.574074548708,0.818788317995,0.00220221279337,0.0,0.818747451953,-0.574013916083,-0.0118903727773,0.0,-0.00847176064473,0.00862918263784,-0.999926880566,0.0,0.659538253046,0.258006007922,0.303487991175,1.0,-0.00946,-0.0124331428571,0.474
0.463351074522,0.534784665892,-0.124086858973,-1.37587796057,0.0784419474607,1.90139262746,0.156694102802,-0.00609619440387,-0.0474538709994,0.000297898811891,-0.0883804816495,-0.00212366525037,0.0279844586446,-0.00279509527746,0.574095181833,0.818773824873,0.00221196745698,0.0,0.818732871776,-0.574034289322,-0.0119107622259,0.0,-0.00848263849479,0.00864908819595,-0.999926616366,0.0,0.659375821143,0.257810425669,0.303496683235,1.0,-0.00978,-0.0128537142857,0.49
0.463235665577,0.533949141866,-0.124088667358,-1.37726686525,0.0783618010447,1.90188673214,0.156523467411,-0.00885523450499,-0.0534470654554,0.00117491912472,-0.0845155556268,-0.00612092838806,0.0219887424436,-0.00934415323462,0.57410584044,0.81876648488,0.00216196943473,0.0,0.81872480073,-0.574045068539,-0.0119459974962,0.0,-0.00854007890899,0.00862849105227,-0.999926305382,0.0,0.659208023506,0.257599936535,0.303467878893,1.0,-0.0101,-0.0132742857143,0.506
0.463101084362,0.533032751971,-0.124089059793,-1.37874538787,0.0782808180229,1.90245081731,0.156331792635,-0.00851154294907,-0.0463910884583,-0.000760904224409,-0.0872730148217,-0.000370464922323,0.0359951691956,-0.00843969274552,0.574118733516,0.818757433203,0.00216617212219,0.0,0.818715732321,-0.574057870521,-0.0119523154363,0.0,-0.00854270342534,0.0086356936601,-0.999926220785,0.0,0.659039780409,0.257372674697,0.303459308979,1.0,-0.01044,-0.0137211428571,0.523
0.462960909625,0.532074427955,-0.124089457002,-1.38029646585,0.0781868019225,1.90303452718,0.156141706625,-0.0101658625697,-0.05739522179,0.000805292946374,-0.091973928166,-0.00328859156906,0.0403301334148,-0.0123304984215,0.574137749515,0.818744124796,0.00215629191021,0.0,0.818702288936,-0.574076918404,-0.0119582920258,0.0,-0.00855306859679,0.00863123417224,-0.999926170682,0.0,0.658861413945,0.257132918533,0.303447263101,1.0,-0.01078,-0.014168,0.54
0.462814970016,0.531013623141,-0.124086499312,-1.38199365787,0.0780920525483,1.90364066478,0.155921025263,-0.00702376664628,-0.0586289639387,0.00194305821591,-0.0931290668362,-0.00447323297569,0.0346311284877,-0.0118628898476,0.574141447262,0.81874158656,0.00213538612361,0.0,0.818699333405,-0.574080556328,-0.0119859596928,0.0,-0.00858768534108,0.00863004159586,-0.999925884275,0.0,0.658656443656,0.256876756148,0.30343951905,1.0,-0.01114,-0.0146411428571,0.558
0.462678443866,0.529981691947,-0.124100593517,-1.38363740697,0.0779745817313,1.90422091844,0.155712647001,-0.00760949445994,-0.0601517264664,-0.00073175775943,-0.0947042860633,-0.0112341218205,0.0311667067276,-0.0116910399175,0.574150178258,0.818735567422,0.00209531509557,0.0,0.818692956434,-0.574089618156,-0.0119875064845,0.0,-0.00861186508551,0.00859821423746,-0.999925950504,0.0,0.658460255545,0.256617470492,0.303434881531,1.0,-0.01148,-0.015088,0.575
0.462550738521,0.528998886395,-0.124098584133,-1.38520335799,0.0778834801197,1.90480274546,0.155499297692,-0.00699406854839,-0.0602637019556,0.00138381891618,-0.0961189374348,-0.00900057047184,0.0300465127407,-0.0121018825616,0.574139217776,0.818743252308,0.00209578453352,0.0,0.81870058135,-0.57407859111,-0.0119948417579,0.0,-0.00861771663724,0.00860269470873,-0.999925861554,0.0,0.658273437934,0.256386311751,0.303432101608,1.0,-0.0118,-0.0155085714286,0.591
0.462397686786,0.527849295297,-0.124099304445,-1.38700973907,0.0777666379956,1.90550578172,0.155235591487,-0.00501468371541,-0.059460390394,0.000766034850347,-0.0984987041321,-0.00512687320384,0.0422790091804,-0.0111061765199,0.574115767603,0.81875961024,0.0021290678908,0.0,0.818717466269,-0.574055098553,-0.0119666684193,0.0,-0.00857578760345,0.00861352393129,-0.999926128808,0.0,0.658067008775,0.25611461365,0.303442646788,1.0,-0.01216,-0.0159817142857,0.609
0.462266007575,0.526748378253,-0.12410946944,-1.38867248368,0.0776671701806,1.90613488418,0.155015655875,-0.0156017930753,-0.0674185319356,-0.00130553411534,-0.104154065894,-0.00682296824469,0.0394136763021,-0.00919255575363,0.57411382883,0.818760823299,0.00218464580317,0.0,0.818719445706,-0.574052974672,-0.0119330798281,0.0,-0.00851639980974,0.00863972449237,-0.99992641034,0.0,0.657873384061,0.255865723992,0.303480889088,1.0,-0.01248,-0.0164022857143,0.625
0.462110529477,0.525586176126,-0.124107481254,-1.39050341561,0.0775450015472,1.90679277923,0.154772157211,-0.0132049422927,-0.0673562385238,0.000995519459782,-0.108570919984,-0.00331552893835,0.0376376848916,-0.0132735383707,0.574111510018,0.81876252201,0.00215720136327,0.0,0.818720822503,-0.574050804153,-0.0119430294707,0.0,-0.00854032618035,0.00862294237644,-0.999926351135,0.0,0.657639229142,0.255567933775,0.303474848041,1.0,-0.01284,-0.0168754285714,0.643
0.461962886615,0.524491283866,-0.124108860233,-1.39224337524,0.077442723187,1.90740835359,0.154533849759,-0.00919866872949,-0.0673912086346,0.00104527003466,-0.112290866715,-0.00208986953444,0.0371567248077,-0.0143535922763,0.574098708374,0.818771525871,0.00214671093443,0.0,0.818729592364,-0.574037949053,-0.0119597046697,0.0,-0.00856013690852,0.0086237928064,-0.999926174402,0.0,0.657438273451,0.255322635827,0.303479293523,1.0,-0.01314,-0.0172697142857,0.658
0.46181797334,0.52336278489,-0.124119750931,-1.39403553419,0.0773352071501,1.90807101736,0.15429183352,-0.00522597004944,-0.0689686047397,-0.00132915713068,-0.113498214541,-0.00599638661414,0.042823944931,-0.0184849999661,0.574094205743,0.818774692338,0.00214313327835,0.0,0.818732721906,-0.574033471502,-0.0119603752597,0.0,-0.00856278719806,0.00862120146237,-0.999926174055,0.0,0.657224079744,0.255050698093,0.303477464818,1.0,-0.01346,-0.0176902857143,0.674
0.461634380349,0.521982159128,-0.124120978832,-1.39620551736,0.0772019732341,1.90891779766,0.153989859197,-0.010120335255,-0.0769780039269,0.000366379194101,-0.117845690797,-0.00597985985278,0.0482380786687,-0.0146898274422,0.574078846552,0.818785347822,0.0021861003923,0.0,0.818743971217,-0.574017972662,-0.0119341341576,0.0,-0.00851679724667,0.00864115685749,-0.999926394578,0.0,0.656958286227,0.254708344464,0.303484467739,1.0,-0.01386,-0.018216,0.694
0.461473817187,0.520735626286,-0.124121068164,-1.39823447079,0.0770669581936,1.9096843883,0.153710279514,-0.00998164261658,-0.0751304944748,0.000174556759284,-0.129725148998,-0.00102956719224,0.046000555873,-0.0123103590216,0.574053440504,0.818803213556,0.00216606037318,0.0,0.818761674869,-0.573992751651,-0.0119326324912,0.0,-0.00852733905381,0.00862362198629,-0.999926456112,0.0,0.656728332178,0.254425979963,0.30346470952,1.0,-0.01418,-0.0186365714286,0.71
0.461307678507,0.519488752746,-0.124126152968,-1.40015091609,0.07695337129,1.91038934189,0.153465414556,-0.0147233956346,-0.0820734606864,0.00349478717211,-0.122518882299,-0.00397392617215,0.0392839332901,-0.0117055981983,0.574063985115,0.818795738792,0.00219682301869,0.0,0.8187545683,-0.574003137094,-0.0119206709017,0.0,-0.00849977488045,0.00864205311165,-0.999926531674,0.0,0.656498877449,0.254132296115,0.303489318247,1.0,-0.0145,-0.0190571428571,0.726
0.461160329565,0.518314701702,-0.124133116187,-1.40199635129,0.0768219293446,1.91104087649,0.153218882173,-0.0119497124757,-0.0779199272407,-0.000222730742077,-0.123471327464,-0.00527685704173,0.0440743594407,-0.0125910695294,0.574049956605,0.818805649562,0.00216851739635,0.0,0.8187642362,-0.573989352608,-0.0119203822617,0.0,-0.00851593440249,0.00861856534384,-0.999926596902,0.0,0.656269616423,0.253850918019,0.303491681148,1.0,-0.0148,-0.0194514285714,0.741
0.460976131362,0.516945013504,-0.124139654839,-1.40412836445,0.0766850649158,1.91180713892,0.152912753814,-0.00979717807109,-0.082793823574,0.000655890838422,-0.11928323873,-0.00989472623498,0.0465412254541,-0.0201081862542,0.574030583582,0.818819234238,0.00216740758429,0.0,0.818777831467,-0.573970011862,-0.0119178472191,0.0,-0.00851469951122,0.00861599996071,-0.999926629527,0.0,0.6560094667,0.253521090833,0.303504506931,1.0,-0.01514,-0.0198982857143,0.758
0.460765490534,0.515425313539,-0.124146145718,-1.4065527053,0.0765352656759,1.91273504409,0.152585842668,-0.0143533087051,-0.0851052111168,0.000127387840754,-0.12943110138,-0.00476312906369,0.0493163806375,-0.0235462689983,0.574027891454,0.818821083192,0.00218184636626,0.0,0.818779916926,-0.573967310823,-0.0119046480492,0.0,-0.00849563188647,0.00862021797063,-0.999926755358,0.0,0.65572277152,0.253150100149,0.30349702028,1.0,-0.01552,-0.0203977142857,0.777
0.460582401826,0.514038225346,-0.124145075102,-1.40879558721,0.076406275114,1.91353586754,0.152281975585,-0.00880170146925,-0.0816853007099,0.00133563849171,-0.131425354348,-0.00706929293679,0.0489253932852,-0.0176068577673,0.574011492654,0.818832691633,0.0021392323237,0.0,0.818790804067,-0.573950919445,-0.0119460514093,0.0,-0.008554167765,0.00860892030357,-0.999926353641,0.0,0.655439495526,0.252816240877,0.303471220863,1.0,-0.01586,-0.0208445714286,0.794
0.460400816196,0.512708659065,-0.124157195046,-1.41092729475,0.0762753346072,1.91427565031,0.151982204562,-0.00763487200016,-0.0807717506614,-0.00117462331593,-0.139244052326,-0.00604644005311,0.0506717332267,-0.0209964985963,0.574004928703,0.818837407254,0.00209504376541,0.0,0.818794875957,-0.573944471094,-0.0119767319928,0.0,-0.0086047230541,0.00859027968315,-0.999926080186,0.0,0.65518892966,0.252505870636,0.303456402747,1.0,-0.01616,-0.0212388571429,0.809
0.460190328249,0.51118692883,-0.124158202349,-1.41336553117,0.0761224689814,1.91519350306,0.151630942653,-0.0143486856091,-0.0885652042217,-0.00117763289454,-0.132457861392,-0.00632725871601,0.0544377087415,-0.025133250931,0.573971586878,0.818860815374,0.00208072186732,0.0,0.818818122096,-0.573911217875,-0.0119809776885,0.0,-0.00861676943754,0.00858063875209,-0.999926059228,0.0,0.654874874767,0.252113502786,0.303437534652,1.0,-0.01654,-0.0217382857143,0.828
0.460001149578,0.509807600021,-0.124159162554,-1.41557716014,0.0759832668346,1.91603177033,0.151326182056,-0.011614087346,-0.0875749204999,-0.00118250190233,-0.139752726761,-0.0116376437916,0.061299256031,-0.0211408460845,0.573955586517,0.818872029251,0.00208118177346,0.0,0.818829364628,-0.573895240168,-0.0119779729661,0.0,-0.00861421256567,0.008579122423,-0.999926094269,0.0,0.654606259679,0.251779132827,0.303423141866,1.0,-0.01686,-0.0221588571429,0.844
0.459809484496,0.508403839341,-0.124159336946,-1.41780171646,0.0758423126419,1.91681843641,0.151022190115,-0.016847969629,-0.0857458557763,0.000986250935384,-0.135828336101,-0.0046012383315,0.0544802010854,-0.0180048220971,0.573941092982,0.818882265881,0.00205019861955,0.0,0.818839141277,-0.573880822887,-0.0120003640264,0.0,-0.00865048216306,0.00856644985328,-0.999925889801,0.0,0.654324565494,0.251438746208,0.303414724484,1.0,-0.01718,-0.0225794285714,0.86
0.459579982807,0.506785271979,-0.124162605008,-1.42033037939,0.0756786254357,1.91774405224,0.150657849178,-0.0119447761942,-0.0856560628572,0.00140451245706,-0.134984156827,-0.00785282782867,0.0527733978621,-0.0229570784156,0.573919703552,0.818897237257,0.00205805464928,0.0,0.818854246908,-0.573859434571,-0.0119924383282,0.0,-0.00863970687872,0.00856810840276,-0.999925968751,0.0,0.654014013894,0.251044350736,0.303423411145,1.0,-0.01754,-0.0230525714286,0.878
0.45935808314,0.505196268577,-0.124166755627,-1.42278714805,0.0755273437678,1.91867561837,0.15033272189,-0.016806257995,-0.095356817529,0.000491975654295,-0.143951052175,-0.00238542791695,0.0552402579027,-0.0214770084261,0.573924304845,0.81889388052,0.0021098946477,0.0,0.818851585405,-0.57386383825,-0.0119634079601,0.0,-0.00858613463756,0.0085939466345,-0.999926208464,0.0,0.653717652109,0.250664989362,0.303445596872,1.0,-0.01788,-0.0234994285714,0.895
0.459146572658,0.503727562872,-0.1241724203,-1.42498032774,0.0753838179012,1.91951519163,0.150026172046,-0.0188439733765,-0.102840128894,9.60085185232e-05,-0.146269675083,-0.0149672569687,0.0523496080488,-0.0225177336832,0.57392462637,0.818893413465,0.00220171072334,0.0,0.818852437273,-0.573863909064,-0.011901543868,0.0,-0.00848277688103,0.00863363153383,-0.999926748769,0.0,0.653459373188,0.250316328939,0.303500618344,1.0,-0.01818,-0.0238937142857,0.91
0.458901902442,0.50194296191,-0.124179779914,-1.42763173618,0.0752129098948,1.92049470977,0.149656002268,-0.00730710853292,-0.0990353346088,-7.86714740168e-06,-0.143992111759,-0.0119756212869,0.0446697687229,-0.0153317552147,0.573916695774,0.818898719766,0.00229346444253,0.0,0.818859010801,-0.573855691163,-0.0118453809911,0.0,-0.00838421112797,0.00867645299192,-0.999927209434,0.0,0.653136351432,0.249900017059,0.303569698153,1.0,-0.01854,-0.0243668571429,0.928
0.458668060785,0.500232403107,-0.124183454822,-1.43021447546,0.0750488423022,1.92140730601,0.149298623909,-0.0145347846075,-0.0937267521064,-0.00198320791246,-0.151107740854,-0.0036006198514,0.0595833453548,-0.0209344641418,0.573905372252,0.818906560497,0.00232718191954,0.0,0.818867253999,-0.573844200605,-0.0118321874915,0.0,-0.0083541769573,0.00869637646705,-0.999927287738,0.0,0.652809419509,0.24949684893,0.303613202247,1.0,-0.01888,-0.0248137142857,0.945
0.458429959,0.498649654384,-0.124181536991,-1.43268132974,0.074896067299,1.92231827169,0.148942043768,-0.0152292765519,-0.0903549145671,-0.000353664325287,-0.156414530839,-0.0141951117933,0.0575848771544,-0.0197965410298,0.57389129682,0.818916359758,0.00234990539123,0.0,0.818877300477,-0.573829988865,-0.0118261381358,0.0,-0.00833633230788,0.00871136965511,-0.999927306159,0.0,0.652504842837,0.249107987508,0.303621871324,1.0,-0.0192,-0.0252342857143,0.961
0.458157529911,0.496884018872,-0.124180718488,-1.43548257335,0.07472811659,1.92334391865,0.148523819558,-0.0170471676856,-0.100716755525,-6.29789714291e-05,-0.156107730869,-0.0100605272509,0.0565017248833,-0.0208291544969,0.573868125207,0.818932615101,0.00234386348152,0.0,0.818893356626,-0.573806717579,-0.0118434891885,0.0,-0.00835425580755,0.00871614298311,-0.999927114975,0.0,0.652155612126,0.248664302289,0.303608307909,1.0,-0.01956,-0.0257074285714,0.979
0.457892150559,0.495216657844,-0.124179569898,-1.43821970006,0.0745570283317,1.92427276222,0.148127129089,-0.0159115166719,-0.0986337158322,-0.000914732617963,-0.165876345324,-0.00883275332254,0.0483953465723,-0.0295172567221,0.57385141939,0.818944654482,0.00222446867151,0.0,0.818903653525,-0.573790292277,-0.011927012747,0.0,-0.00849134828867,0.00866612556598,-0.999926394927,0.0,0.651796919328,0.248224962139,0.30354779626,1.0,-0.0199,-0.0261542857143,0.996
0.457622194472,0.49354907426,-0.124199893729,-1.44088418103,0.0743845824828,1.92522757383,0.147756202271,-0.0244010384092,-0.115522844491,0.000385157438291,-0.175041793451,-0.0108897960276,0.0626128264326,-0.0212941393545,0.573870613688,0.818931324674,0.00217970486942,0.0,0.818889795367,-0.573809721772,-0.0119437491926,0.0,-0.00853053874255,0.00863927108615,-0.999926293736,0.0,0.651465796439,0.247780269722,0.303524210149,1.0,-0.024908,-0.0327362285714,1.012
0.457316530988,0.49116914191,-0.124269944154,-1.44453525847,0.074168054454,1.92661436813,0.147218511821,-0.0206120375993,-0.156013516945,-0.0012712939516,-0.237891650246,-0.009892843773,0.0935800543091,-0.0376202554293,0.573855917456,0.818941387448,0.00226645699918,0.0,0.818901214869,-0.573794910695,-0.0118721374064,0.0,-0.00842226534283,0.0086690676,-0.999926953689,0.0,0.651020772577,0.24719774212,0.303564794017,1.0,-0.032524,-0.0427458285714,1.029
0.456909598986,0.488426192021,-0.124279852989,-1.44897869518,0.0739345589447,1.92822298708,0.146572386001,-0.0282774986288,-0.180792963739,0.000505987943158,-0.298041491756,-0.015621332756,0.109752775893,-0.0441591045224,0.573826328437,0.81896228044,0.00220791999676,0.0,0.818920849671,-0.573765053625,-0.0119604395822,0.0,-0.00852848573977,0.00867149380485,-0.999926032327,0.0,0.650446316007,0.246508068865,0.303496974076,1.0,-0.039692,-0.0521666285714,1.045
0.45636505937,0.484791670427,-0.124349340297,-1.45462189677,0.0735987333147,1.93036688254,0.14571698436,-0.0284150262662,-0.224703750336,-0.00155170982522,-0.347751004971,-0.0191649238209,0.132578802739,-0.0543501891709,0.573811114977,0.81897264958,0.00231310834058,0.0,0.818932749168,-0.573749583536,-0.0118875831567,0.0,-0.00840862241994,0.00871567532179,-0.999926663347,0.0,0.649757638223,0.245583637493,0.303523209372,1.0,-0.047308,-0.0621762285714,1.062
0.455656561493,0.480270958666,-0.124457368198,-1.46175570446,0.0731680236185,1.93285884249,0.144627334637,-0.0398734364437,-0.262041901065,-0.00330329410479,-0.416510241201,-0.0200730929135,0.145807983139,-0.0612389193866,0.573810033623,0.818973720568,0.00219937127324,0.0,0.818932300454,-0.573748919871,-0.0119503607469,0.0,-0.00852530864922,0.00865853978206,-0.999926171675,0.0,0.648843068825,0.244374771712,0.303482653844,1.0,-0.055372,-0.0727746285714,1.08
0.455014211449,0.476207897479,-0.124540831887,-1.46801630591,0.0727867119346,1.93510506949,0.143721423249,-0.0466561703082,-0.296405275607,-0.00224347636273,-0.463242637306,-0.0272440572909,0.165197364764,-0.0618449328838,0.573855397434,0.818941846818,0.00223187513436,0.0,0.818900903164,-0.573794199885,-0.0119278613747,0.0,-0.0084877512313,0.00867271916968,-0.9999263683,0.0,0.648050100074,0.243312671855,0.303513897249,1.0,-0.061644,-0.0810178285714,1.094
0.454106530488,0.470774227515,-0.124609194076,-1.47644848327,0.0722906463209,1.93814262791,0.142490044022,-0.0586840444193,-0.332100425238,-0.00135122186892,-0.514603862304,-0.0311818982109,0.180354448311,-0.0763873636318,0.573911221815,0.818902615172,0.00227227642565,0.0,0.81886190648,-0.573849555334,-0.0119420625997,0.0,-0.00847560465865,0.0087145321253,-0.999926107798,0.0,0.646972137921,0.241885004606,0.303522989587,1.0,-0.06926,-0.0910274285714,1.111
0.453040674731,0.464267785172,-0.124653240392,-1.48624736835,0.0716725272023,1.94178611943,0.140883818551,-0.0678414389198,-0.37005242614,-0.00108606166308,-0.57170745245,-0.0383254875758,0.20090313054,-0.091588301844,0.573797381118,0.818981518113,0.00256618638802,0.0,0.818944711455,-0.573734673979,-0.0117826293675,0.0,-0.00817760302023,0.00886257727688,-0.999927288123,0.0,0.645728447723,0.240245176709,0.303665311247,1.0,-0.077324,-0.101625828571,1.129
0.451880505879,0.457562078291,-0.124719849394,-1.49665571449,0.0709960498243,1.94534572023,0.13932813971,-0.0724033617934,-0.411579031611,-0.00629619128987,-0.636743164195,-0.0394539026877,0.212570445394,-0.0957848989238,0.573821847715,0.818964776052,0.00243507135642,0.0,0.81892600311,-0.573759355334,-0.0118806775238,0.0,-0.00833287186962,0.00881170523467,-0.999926455844,0.0,0.644333052141,0.238450727973,0.303638573706,1.0,-0.08494,-0.111635428571,1.146
0.450535051886,0.449720367025,-0.1248347587,-1.50846272314,0.0701786100118,1.94960453589,0.137443588084,-0.0739417128097,-0.453512068627,-0.00157994048463,-0.658747446811,-0.0477243977689,0.259982331032,-0.0948444632249,0.573780495632,0.818993128359,0.00263541923851,0.0,0.818957630448,-0.573717986792,-0.0116969254279,0.0,-0.00806786945998,0.00886993513794,-0.999928114283,0.0,0.642795416657,0.236386287274,0.303775762494,1.0,-0.093004,-0.122233828571,1.164
0.449212805213,0.442318070229,-0.124878391255,-1.51969495436,0.0694542060288,1.95363878245,0.135728699917,-0.0831270877744,-0.46696344836,-0.000985871653009,-0.719630142034,-0.0483038112209,0.256144560976,-0.118771033849,0.573797977093,0.818980312292,0.00280650361147,0.0,0.818946880977,-0.573734702092,-0.0116294735061,0.0,-0.00791427370469,0.00897151848106,-0.999928435503,0.0,0.641297505893,0.234444407696,0.303850077844,1.0,-0.100172,-0.131654628571,1.18
0.44774671747,0.4344113821,-0.124919169986,-1.53175180014,0.0686455348903,1.95776510631,0.133750395434,-0.100173291347,-0.518304335674,-0.00260208422957,-0.770909086228,-0.0501151023193,0.272122737199,-0.126319137544,0.573716556748,0.819037436948,0.00278141905777,0.0,0.819003349418,-0.573653004429,-0.0116829385288,0.0,-0.00797334814125,0.00898085969927,-0.999927882339,0.0,0.639633658381,0.232320155636,0.30387080163,1.0,-0.10734,-0.141075428571,1.196
0.445960420924,0.424973324748,-0.124966052338,-1.54604468225,0.0676347902244,1.96283670738,0.131416479229,-0.110381575976,-0.526033891243,-0.00347242374756,-0.799002237305,-0.0618247807556,0.278155988593,-0.138126832341,0.573637880133,0.819092039886,0.00292567477444,0.0,0.819060108615,-0.57357417859,-0.0115735488078,0.0,-0.00780186040612,0.00903550346369,-0.999928742787,0.0,0.637678856286,0.229783063339,0.303935270933,1.0,-0.115404,-0.151673828571,1.214
0.444205483981,0.41609373949,-0.125077171641,-1.55951768161,0.0666622156771,1.96743147325,0.129227253333,-0.110558578978,-0.562881723757,-0.010057006699,-0.85926803137,-0.0649929834938,0.310200031695,-0.133158971856,0.573658847478,0.819077524995,0.00287778713676,0.0,0.819045269429,-0.573595641039,-0.0115600219965,0.0,-0.00781801856938,0.00898871989683,-0.999929038232,0.0,0.635796201116,0.227299156046,0.303950443726,1.0,-0.122572,-0.161094628571,1.23
0.442311658406,0.406786032754,-0.12515355838,-1.57364110552,0.0657081794527,1.97232247987,0.126848487374,-0.124758687304,-0.580569756604,-0.00325314636199,-0.913998648461,-0.0609318002045,0.299295773738,-0.157484264325,0.573633120593,0.819095338381,0.00293538798504,0.0,0.819063524264,-0.573569377958,-0.0115697359204,0.0,-0.00779321814165,0.00904122702021,-0.999928758445,0.0,0.633802940636,0.224707636941,0.303950829488,1.0,-0.12974,-0.170515428571,1.246
0.439938251702,0.395673482002,-0.125295269702,-1.59022152451,0.0645735737727,1.97797082765,0.124040909448,-0.135843995822,-0.63160249823,-0.00746492236478,-0.918730389636,-0.0630269597939,0.320570831679,-0.162058203461,0.573727729022,0.819028553305,0.00307712906076,0.0,0.818998365896,-0.573663275648,-0.0115269134567,0.0,-0.00767578309854,0.00913364940362,-0.999928826868,0.0,0.63144787194,0.221545453102,0.30404099041,1.0,-0.137804,-0.181113828571,1.264
0.437538701844,0.384879130667,-0.125414186641,-1.60668991999,0.0633026968292,1.98343951891,0.121169504857,-0.142002017222,-0.641416780915,-0.00884464761077,-0.977629340007,-0.0700388031384,0.314844036379,-0.176012620073,0.573703290702,0.819046577564,0.00282575988544,0.0,0.819013500947,-0.573640082362,-0.0116055191727,0.0,-0.00788464342963,0.00897263278725,-0.999928659585,0.0,0.629035163988,0.218371350648,0.303926015495,1.0,-0.14542,-0.191123428571,1.281
0.435103348657,0.374103531311,-0.125528530468,-1.62259478285,0.0621318570923,1.98876621517,0.118294968111,-0.157595525907,-0.681746785855,-0.00521755550541,-1.00964985948,-0.0727121621861,0.333932594681,-0.182891682939,0.573690559729,0.819055017475,0.00296089986411,0.0,0.819023749521,-0.573626978627,-0.0115297013677,0.0,-0.00774515683043,0.0090397021821,-0.999929145655,0.0,0.626698856906,0.215261637296,0.304022739189,1.0,-0.152588,-0.200544228571,1.297
0.432284533792,0.362303723598,-0.12568399611,-1.64004729166,0.0607955701977,1.99457816778,0.11522214564,-0.173694172954,-0.708514272173,-0.0084153317982,-1.02246427331,-0.0776759754061,0.351431137851,-0.190441985848,0.573845556342,0.81894616787,0.00303290267693,0.0,0.81891622395,-0.573782193175,-0.0114437689736,0.0,-0.00763175213214,0.00905082343751,-0.999929917021,0.0,0.624113579965,0.211746938804,0.304076990903,1.0,-0.160204,-0.210553828571,1.314
0.429271508256,0.350136036452,-0.125814446424,-1.65825874625,0.0594201453975,2.00043333272,0.111812831437,-0.181911000935,-0.725769259293,-0.00475489432811,-1.08941179576,-0.0840499085692,0.343299760989,-0.20571376222,0.573855162069,0.818940112725,0.00284458056589,0.0,0.818907313822,-0.573791910067,-0.0115931967644,0.0,-0.00786208791843,0.00898243657806,-0.999928749165,0.0,0.621316658128,0.208062889484,0.303982327017,1.0,-0.16782,-0.220563428571,1.331
0.42625617929,0.33815310331,-0.125954251318,-1.67563419735,0.0580808580161,2.00615079421,0.108517028227,-0.191176647366,-0.742418118413,-0.00630207442525,-1.10460806559,-0.0890192671234,0.350784409386,-0.216996719575,0.573921689067,0.818892641324,0.00307956264264,0.0,0.818863057007,-0.573857884579,-0.0114529069444,0.0,-0.00761161646223,0.00909498688475,-0.999929669781,0.0,0.618659861678,0.204480693226,0.304110894754,1.0,-0.174988,-0.229984228571,1.347
0.422704930395,0.324344430655,-0.126006813063,-1.69584593798,0.0563919881064,2.0126136783,0.10456478634,-0.197085167447,-0.771996084064,0.000617377612726,-1.1312626299,-0.0960405107419,0.369468708003,-0.222936194187,0.573774583751,0.818995837549,0.00304828151807,0.0,0.818966168792,-0.573711273994,-0.0114252075648,0.0,-0.00760851045289,0.00905210743214,-0.999930082516,0.0,0.615449357295,0.200347640405,0.304110814552,1.0,-0.183052,-0.240582628571,1.365
0.419541482975,0.312472448379,-0.126047892958,-1.71317296507,0.0550029383849,2.01796738826,0.101138546442,-0.212107157495,-0.815329945789,-0.00221098371454,-1.15039543134,-0.0912993036306,0.360449186518,-0.237829721421,0.573703570991,0.819045953509,0.00294712971097,0.0,0.819014363245,-0.573639864576,-0.0115553221195,0.0,-0.0077738984068,0.00904324523801,-0.999928890581,0.0,0.612619817251,0.196756898395,0.304077131756,1.0,-0.189772,-0.249414628571,1.38
0.415940678813,0.299438097837,-0.126168776491,-1.73198705095,0.0533915066638,2.02385792045,0.0972464069004,-0.235770199713,-0.838650029584,-0.00912382246406,-1.1918558029,-0.105021659746,0.363274141061,-0.238160905057,0.573615080348,0.819107883825,0.00295992468768,0.0,0.819076880077,-0.573551835308,-0.0114936346922,0.0,-0.00771700512943,0.00901750168073,-0.999929563767,0.0,0.609554037547,0.192730317428,0.304098339007,1.0,-0.19694,-0.258835428571,1.396
