position_joint1,position_joint2,position_joint3,position_joint4,position_joint5,position_joint6,position_joint7,velocity_joint1,velocity_joint2,velocity_joint3,velocity_joint4,velocity_joint5,velocity_joint6,velocity_joint7,ee_T_00,ee_T_10,ee_T_20,ee_T_30,ee_T_01,ee_T_11,ee_T_21,ee_T_31,ee_T_02,ee_T_12,ee_T_22,ee_T_32,ee_T_03,ee_T_13,ee_T_23,ee_T_33,v_x,v_y,time
0.465057386694,0.547748096068,-0.123978559098,-1.35582947967,0.0794749252723,1.89410349655,0.159157271326,-0.00173965387332,-5.29739032909e-05,-0.000699579297711,0.00090729604674,0.000291061029905,-0.000159885434767,-0.0011603487954,0.573803694365,0.818978752537,0.00196726413004,0.0,0.818936015596,-0.573745232457,-0.0118725520888,0.0,-0.00859482496053,0.00842373988146,-0.999927582173,0.0,0.66168272689,0.260882453028,0.303239376465,1.0,0.0,0.0,0.0
0.465056591748,0.547760479171,-0.123978559209,-1.35583198532,0.0794732145338,1.89410268226,0.159163956466,-0.00108408995474,-0.000135819834435,0.00018140723953,-0.00161889058402,0.000242518009597,-0.000322412834285,0.00236448315859,0.573809519655,0.818974706163,0.00195261888,0.0,0.818931790711,-0.573751128976,-0.0118790177058,0.0,-0.00860846348786,0.0084155171445,-0.999927534088,0.0,0.661681963586,0.260881130952,0.303229337722,1.0,-0.00028,-0.000368,0.015
0.465049231708,0.547751117487,-0.123978169992,-1.35583830341,0.0794732216817,1.89410268732,0.159161347157,-0.00264406642989,0.00113483337413,0.000411152543649,-0.000552295017808,6.94173050126e-05,-0.000203232391288,0.00134301843676,0.573813468882,0.818971931575,0.00195579224499,0.0,0.818929049182,-0.573755056615,-0.0118783128849,0.0,-0.00860602484959,0.00841775307236,-0.999927536259,0.0,0.661682594581,0.260875861396,0.303232950076,1.0,-0.00058,-0.000762285714286,0.03
0.465056673373,0.547708098062,-0.123977908849,-1.35586033832,0.0794734634492,1.89410852877,0.159158073455,4.34692703244e-05,-0.00680737025198,-0.00010032648469,0.000121047737848,0.000200392564437,-0.000214750580764,-0.000942030780249,0.57380574262,0.818977285594,0.00198048433848,0.0,0.818934706227,-0.573747212205,-0.0118671953186,0.0,-0.0085828312877,0.00843151451528,-0.999927619666,0.0,0.661677834822,0.260879327637,0.303253436851,1.0,-0.00094,-0.00123542857143,0.048
0.465061174743,0.547605069018,-0.123977918587,-1.35598666435,0.0794736818426,1.89412700789,0.159157242417,0.000173861270714,-0.00856231246777,-0.000700619834049,-0.00555100169743,0.000203185775429,0.00323938094869,-0.000966217639043,0.573808281684,0.818975502325,0.00198226242148,0.0,0.818932837944,-0.573749637441,-0.0118788625287,0.0,-0.00859134047076,0.00843969197653,-0.999927477604,0.0,0.661654097826,0.260869948106,0.303267901949,1.0,-0.00128,-0.00168228571429,0.065
0.46505562477,0.547472769579,-0.123977996643,-1.35616548561,0.0794700390223,1.89415805432,0.159151309191,-0.000591719729627,-0.00740109907906,-0.00104896986345,-0.0122092591788,-1.17010271923e-05,0.00546647512164,-0.000266108493154,0.573816798111,0.818969553615,0.00197467903771,0.0,0.818926679586,-0.573758075104,-0.0118958655176,0.0,-0.00860952938931,0.00844332736988,-0.99992729047,0.0,0.661624454481,0.260848256914,0.303279199775,1.0,-0.0016,-0.00210285714286,0.081
0.465039797029,0.547316277155,-0.123978883649,-1.35637142603,0.0794653617266,1.89425552492,0.159147974178,-0.00124015588468,-0.0145873257944,-0.000395958866178,-0.0129338878479,0.00046971726724,0.0113890472235,-0.00163489201912,0.573838047758,0.818954556236,0.00201907593767,0.0,0.818912224717,-0.573779105324,-0.0118765906258,0.0,-0.00856804938191,0.00846884859827,-0.999927430933,0.0,0.661605406238,0.26082075208,0.303300517252,1.0,-0.00194,-0.00254971428571,0.098
0.465022563823,0.547116641517,-0.123973959059,-1.35658998277,0.0794617708365,1.89438582386,0.159131641252,-0.00067584885314,-0.0099641060113,0.000381977011169,-0.0181313457785,0.000336427315726,0.00870536360501,-0.00270046553832,0.573846861147,0.81894812602,0.00211984445691,0.0,0.818907063713,-0.573787471077,-0.0118281840365,0.0,-0.00847049204412,0.00852368598951,-0.999927796164,0.0,0.661590121497,0.260797166382,0.303349044522,1.0,-0.00228,-0.00299657142857,0.115
0.464995666645,0.546922413748,-0.123974188028,-1.35684515491,0.0794582980675,1.89450231911,0.15912208678,-0.00632180709401,-0.0149258177178,0.000828571727432,-0.0156157043722,-2.23188382399e-05,0.012383977291,-0.000254371032669,0.573874680678,0.818928491883,0.00217323723494,0.0,0.818888051093,-0.573815003513,-0.0118088281474,0.0,-0.00842371187658,0.008556590227,-0.999927910322,0.0,0.661567222848,0.260758857617,0.30337527711,1.0,-0.0026,-0.00341714285714,0.131
0.4649655181,0.546665015118,-0.12397409605,-1.35722910765,0.0794477539384,1.89465263091,0.159090994191,-0.000876146370547,-0.0141071823687,-0.00125283357589,-0.020045521376,0.000738185282099,0.0112015299741,-0.00157578632785,0.57389257061,0.818915883433,0.00220003655857,0.0,0.818875689258,-0.573832683038,-0.0118069606602,0.0,-0.00840661659192,0.00857764860396,-0.99992787377,0.0,0.661524344856,0.260705271784,0.303387856152,1.0,-0.00296,-0.00389028571429,0.149
0.464927189393,0.546382858307,-0.123974038955,-1.35763813821,0.0794330250062,1.89479936196,0.158946371272,-0.00056290990779,-0.0159290086289,0.000485849941326,-0.0227136022251,0.000338858255889,0.0128985670409,-0.0109978611311,0.573824393682,0.818963592278,0.00222410405675,0.0,0.818923606995,-0.573764314664,-0.0118061012396,0.0,-0.00839281712987,0.00859616570488,-0.999927830674,0.0,0.661477999039,0.2606426814,0.303405697772,1.0,-0.0033,-0.00433714285714,0.166
0.464885944986,0.546105311284,-0.123977185724,-1.35809162094,0.0794059951026,1.89495765914,0.158922237242,-0.000357371804905,-0.0126166544557,-0.00046421255903,-0.0305223685913,7.83911682398e-05,0.00751934435969,-0.00113250023728,0.57385875608,0.818939558325,0.00220789079571,0.0,0.818899360852,-0.573798734472,-0.0118150758173,0.0,-0.00840910992837,0.00858839042606,-0.999927760601,0.0,0.661425785401,0.260569759299,0.303400187204,1.0,-0.00362,-0.00475771428571,0.182
0.464835527381,0.545799629612,-0.123976409844,-1.3586012111,0.0793612607385,1.89512424081,0.15888833136,-0.00432876457066,-0.0158281117882,0.000330270612658,-0.0342513749907,-0.00709884705481,0.00842858359292,-0.0025743255733,0.573888070403,0.81891912892,0.00216560340528,0.0,0.818878474906,-0.573828305872,-0.0118264794897,0.0,-0.00844240829116,0.00856060632596,-0.999927718268,0.0,0.661362334603,0.260476543521,0.30338691681,1.0,-0.00396,-0.00520457142857,0.199
0.464764478822,0.545402824282,-0.123974372153,-1.35928845599,0.0793039623554,1.89535404644,0.158769049509,-0.00222483124513,-0.0250568180743,0.00026166210442,-0.04062470784,-0.000658199676279,0.0154208288814,-0.00786313856643,0.573870391231,0.818931667688,0.00210822830023,0.0,0.818890349388,-0.573810939016,-0.0118468918293,0.0,-0.00849223392386,0.0085251523939,-0.999927599249,0.0,0.661285192893,0.260368585553,0.303362032355,1.0,-0.00432,-0.00567771428571,0.217
0.464706265587,0.545051398566,-0.123979287199,-1.35990297115,0.0792861471553,1.89555543825,0.158712590057,-0.00480751690297,-0.0245362844758,4.68103219838e-06,-0.0406697980058,-0.000108288702329,0.0127439544981,-0.00118693129191,0.573904737299,0.818907710002,0.00206443870007,0.0,0.818865631375,-0.573845266995,-0.011892611189,0.0,-0.00855444731731,0.00851588775703,-0.99992714789,0.0,0.661210674274,0.260269694977,0.30333593213,1.0,-0.00462,-0.006072,0.232
0.464637863723,0.544627195209,-0.123977532516,-1.3606202484,0.0792579998042,1.89580290052,0.158617492861,-0.00285924114246,-0.0250441646178,0.00119205564146,-0.0415273011374,-0.000221440095023,0.0156207491759,-0.0101814158922,0.573914122792,0.818901208983,0.00203383559054,0.0,0.818858551607,-0.573854598052,-0.0119297801743,0.0,-0.00860235112421,0.00851225687702,-0.999926767838,0.0,0.661125264464,0.260158149281,0.303316164832,1.0,-0.00496,-0.00651885714286,0.249
0.464565329432,0.544132284535,-0.12398035262,-1.36142781392,0.0792144254598,1.8960901381,0.158516656311,-0.00285800981821,-0.034237363769,0.000779479882615,-0.0491147156533,-0.000177700959059,0.0163171383889,-0.00406155179256,0.573926306086,0.818892719904,0.00201379554112,0.0,0.818849743955,-0.573866806257,-0.0119470666887,0.0,-0.00862788163342,0.0085058955813,-0.999926602006,0.0,0.661031775152,0.26003164438,0.303306995227,1.0,-0.00532,-0.006992,0.267
0.464495521668,0.543656536943,-0.123986047128,-1.36220326528,0.0791746034801,1.8963614486,0.158409110629,-0.00247957161262,-0.0288931484184,-0.00056466002107,-0.0419230195558,-7.70213907472e-05,0.0162683383774,-0.00821630675484,0.573931913477,0.8188888435,0.00199187981965,0.0,0.818845515792,-0.573872439601,-0.0119662539611,0.0,-0.00865611359274,0.00849902052385,-0.999926416467,0.0,0.660941622208,0.259908368982,0.303298217074,1.0,-0.00564,-0.00741257142857,0.283
0.464419311922,0.543120113423,-0.123981708696,-1.36305282859,0.0791271521914,1.89666262389,0.158322716876,-0.00711047060599,-0.0349318915871,0.000651959161131,-0.0496735694177,2.20050338415e-05,0.0191509402724,-0.000943836413731,0.573955098016,0.818872611511,0.00198456028956,0.0,0.818829106723,-0.573895571976,-0.011979705798,0.0,-0.00867108955476,0.00850099261506,-0.999926269947,0.0,0.660841638191,0.259779476521,0.303299284045,1.0,-0.00598,-0.00785942857143,0.3
0.464341374774,0.542522315906,-0.123987412637,-1.36400750268,0.0790649956334,1.89700314077,0.158191176442,-0.00882507485376,-0.0353083448593,0.000276677761862,-0.0524519085893,-0.00435202839009,0.0185178039557,-0.0111851852095,0.573951643767,0.818875076006,0.00196657439384,0.0,0.818831377946,-0.573892234617,-0.0119843413719,0.0,-0.00868524389621,0.00848888868801,-0.999926249934,0.0,0.660730332766,0.259632250305,0.303297388529,1.0,-0.00634,-0.00833257142857,0.318
0.464283074914,0.541995053106,-0.123994676805,-1.36482697918,0.0790208398012,1.89730332043,0.158076784883,-0.00455087277808,-0.0351382901325,-0.000930707907893,-0.056980055254,-0.00263582604361,0.0136747635069,-0.00450073632657,0.573944523677,0.818880047442,0.00197447296255,0.0,0.818836427662,-0.573885057793,-0.0119829911209,0.0,-0.00867967891807,0.00849450606385,-0.999926250551,0.0,0.660634409574,0.259512399129,0.303306462002,1.0,-0.00664,-0.00872685714286,0.333
0.464189449342,0.541357065767,-0.123993446797,-1.36579687752,0.0789598139132,1.89766545718,0.157947397031,-0.00950680980274,-0.0347238346092,-0.000437611196205,-0.0630549052356,-0.00506149851212,0.0227026951534,-0.0062781516503,0.573951904081,0.81887481468,0.00199914611129,0.0,0.818831530644,-0.573892347036,-0.0119685144845,0.0,-0.00865358703498,0.00850647932377,-0.99992637491,0.0,0.660527092071,0.25935921762,0.303327229373,1.0,-0.00698,-0.00917371428571,0.35
0.464116730762,0.540666638115,-0.123994186088,-1.36685264524,0.0789017687683,1.89805721283,0.157813999442,-0.000100029579486,-0.0423494208636,0.000149312719246,-0.063918819607,-0.0103788783213,0.0286809939278,-0.0122541637729,0.573945741845,0.818879071465,0.00202450894784,0.0,0.818836062345,-0.573886024417,-0.0119616421542,0.0,-0.00863346724993,0.00852323861365,-0.999926406115,0.0,0.660401927849,0.25921169877,0.303346746244,1.0,-0.00732,-0.00962057142857,0.367
0.464012936878,0.53993388423,-0.123993541274,-1.36795531189,0.078835366845,1.89845839679,0.157681744621,-0.0057917759839,-0.0410762250275,0.000627973357989,-0.0661426747321,-0.000715672150365,0.022061933435,-0.0144480348972,0.573965191165,0.818865371114,0.00205188272236,0.0,0.818822698536,-0.57390533727,-0.0119498584547,0.0,-0.00860790456127,0.00853909534419,-0.999926491213,0.0,0.660276927349,0.259038749496,0.303374499933,1.0,-0.00766,-0.0100674285714,0.384
0.463907159458,0.539189218254,-0.123996424416,-1.36910897167,0.0787764193892,1.89889944938,0.157536494365,-0.00202567309782,-0.0480041649113,-0.000258770424825,-0.0665730353223,-0.00531948207164,0.0190070671202,-0.00830993856425,0.573983020224,0.818852794166,0.00208347833875,0.0,0.818810461109,-0.573922961533,-0.0119419388864,0.0,-0.00858309921771,0.00856060882687,-0.999926520493,0.0,0.660149088367,0.258860465511,0.303389877304,1.0,-0.008,-0.0105142857143,0.401
0.463797074512,0.538424833598,-0.123999522972,-1.37030493342,0.0787083734854,1.89936322265,0.157392994173,-0.00594222965327,-0.0430585440009,-0.000444882549894,-0.0662180924183,-0.00268277544155,0.0313636334762,-0.0101116836484,0.574005826001,0.818836737448,0.0021109294635,0.0,0.818794759263,-0.573945648865,-0.0119281706215,0.0,-0.00855583026106,0.00857542251562,-0.999926627257,0.0,0.660017941752,0.258674533125,0.303400891021,1.0,-0.00834,-0.0109611428571,0.418
0.463696272405,0.537688189104,-0.124008420089,-1.37145768962,0.0786276517359,1.89980402782,0.157250859728,-0.00861224950226,-0.0418038284178,0.00031590778829,-0.0758241179836,-0.012336213201,0.0258916410062,-0.00526995838117,0.574020278478,0.818826576108,0.00212251200218,0.0,0.818784901565,-0.573960205666,-0.011904376611,0.0,-0.00852954673597,0.00857139938411,-0.9999268863,0.0,0.659890869648,0.258492537115,0.30341092017,1.0,-0.00866,-0.0113817142857,0.434
0.463574123798,0.536858764408,-0.124013778595,-1.37275759818,0.0785676170171,1.90028123306,0.157092467972,-0.00864346111214,-0.0542677135523,-0.000496104719794,-0.0756458397637,-0.000602607494603,0.0236028529336,-0.00817362692855,0.574049881212,0.818805786209,0.00213664510016,0.0,0.818764138286,-0.573989588935,-0.0119157270741,0.0,-0.00853041846938,0.00858979547585,-0.999926721002,0.0,0.659742694553,0.258288082161,0.303419376897,1.0,-0.009,-0.0118285714286,0.451
0.463466426516,0.536009647495,-0.124025838841,-1.37408624853,0.0784850712628,1.90078057614,0.156922882467,-0.00199184996513,-0.054341452164,-0.00313596528981,-0.0809345555412,-0.00744423000264,0.0253462809973,-0.0107975663953,0.574058676305,0.818799589119,0.00214846907163,0.0,0.81875817127,-0.573998411727,-0.0119007232437,0.0,-0.00851125333543,0.008590955443,-0.999926874352,0.0,0.659591535687,0.258084000114,0.303429998575,1.0,-0.00934,-0.0122754285714,0.468
0.463352863626,0.535163530908,-0.124027322821,-1.37541555822,0.0784041519708,1.90125602597,0.156758830376,-0.0083365596759,-0.0576363020618,0.000620991781026,-0.0857110890163,-0.00122911202875,0.026233303809,-0.0110296144248,0.574069556518,0.818791979926,0.00214121202511,0.0,0.818750441691,-0.574009293833,-0.0119076330867,0.0,-0.00852096292378,0.00858909330325,-0.999926807655,0.0,0.659434068154,0.257880734728,0.303435610626,1.0,-0.00966,-0.012696,0.484
0.463228604468,0.53422013429,-0.124033265532,-1.37695810818,0.0783296687395,1.9018169648,0.156570820611,-0.00909479675758,-0.0555345475704,-0.000683927807404,-0.086697185382,-0.00228904201483,0.0267056500499,-0.013059151668,0.574086164089,0.818780401007,0.00211613564913,0.0,0.818738358661,-0.574025823217,-0.0119415760433,0.0,-0.00856297677722,0.00858822036183,-0.999926456246,0.0,0.659249729845,0.25765063666,0.303415794316,1.0,-0.01002,-0.0131691428571,0.502
0.463110814607,0.533353609206,-0.124031452114,-1.37834709137,0.078244138,1.90233619025,0.156399538224,-0.00886897952036,-0.0555998409464,0.000290290820182,-0.0841041450595,-0.00123346809377,0.0341624767853,-0.0150370774338,0.574096622857,0.818773076284,0.00211283634141,0.0,0.81873096993,-0.574036273169,-0.0119458304307,0.0,-0.00856824459654,0.00858807080158,-0.999926412405,0.0,0.659078786428,0.25742623852,0.303409393684,1.0,-0.01036,-0.013616,0.519
0.462988125091,0.532467014192,-0.124034010477,-1.37976975316,0.0781631467323,1.90287952029,0.15621954666,-0.00583405165589,-0.0585868421017,-0.000936770059584,-0.0928900162846,-0.00197041683076,0.0368246689029,-0.0130018326109,0.574105387475,0.818766920457,0.00211682260586,0.0,0.818724813793,-0.574044967884,-0.0119499384558,0.0,-0.00856922792853,0.00859378469829,-0.999926354887,0.0,0.658911958652,0.257214733869,0.303403175156,1.0,-0.01068,-0.0140365714286,0.535
0.462850940782,0.531434008423,-0.124028776299,-1.38143597243,0.0780714481373,1.90348743554,0.15600771847,-0.00728903807251,-0.0565295150163,0.000541132724277,-0.0909596562323,-0.00124848794437,0.0358658189783,-0.0125702619327,0.574106648652,0.818766075206,0.0021016578262,0.0,0.818723660696,-0.574046181286,-0.0119706335938,0.0,-0.00859486551362,0.00859326277071,-0.999926139333,0.0,0.658723664397,0.256980971654,0.303393510205,1.0,-0.01102,-0.0144834285714,0.552
0.462718014727,0.530409601344,-0.12403686376,-1.38308514654,0.0779625403972,1.9040579823,0.155799202811,-0.00787299534457,-0.0587990681972,-0.000475401080267,-0.095923379056,-0.00834956672196,0.0317950307006,-0.0122338231953,0.574110664531,0.818763393265,0.00204880984255,0.0,0.818720326845,-0.574050454574,-0.0119937031483,0.0,-0.00864405129082,0.00856328001825,-0.999925972566,0.0,0.65852146368,0.256727532952,0.303380076785,1.0,-0.01136,-0.0149302857143,0.569
0.462591432265,0.529425161095,-0.124035385091,-1.38462196912,0.0778619639492,1.90463621224,0.155582353432,-0.00488801007387,-0.0639889177227,0.000190979574595,-0.0865429734045,-0.000410958080388,0.0392686409449,-0.0228589116901,0.574092147503,0.818776332785,0.00206638512706,0.0,0.818733548281,-0.574031918491,-0.011978329331,0.0,-0.00862156753556,0.00856864860933,-0.999926120688,0.0,0.658341293244,0.256498519072,0.303392084333,1.0,-0.01168,-0.0153508571429,0.585
0.462446682247,0.528270990716,-0.124034687521,-1.38643884233,0.0777580522296,1.90532214116,0.155348755411,-0.00664729254606,-0.0633375065123,5.09854335775e-05,-0.104079648786,-0.00498956086326,0.0478466448393,-0.0132698774556,0.574089532573,0.81877811056,0.00208833872122,0.0,0.818735547141,-0.574029147441,-0.0119744994783,0.0,-0.00860585645146,0.00858439723009,-0.99992612095,0.0,0.658126131796,0.25623285723,0.303399468564,1.0,-0.01204,-0.015824,0.603
0.462303605531,0.527210045705,-0.124037157902,-1.38807647532,0.0776531430386,1.90595357205,0.155111598709,-0.00735305126943,-0.0671232081557,-0.00126172616584,-0.106186736675,-0.0129751832531,0.0397338846824,-0.016346869431,0.574074676863,0.818788418418,0.00213029334795,0.0,0.818746480433,-0.574014198853,-0.0119435001454,0.0,-0.00855654570497,0.00860079675948,-0.999926403202,0.0,0.657939438379,0.255982683362,0.303421601086,1.0,-0.01236,-0.0162445714286,0.619
0.462162730112,0.52610732686,-0.124042507632,-1.38977300296,0.0775407949568,1.90658575425,0.154883902847,-0.00816275003944,-0.0733840616255,-0.000509986839747,-0.104734329927,-0.0113509967422,0.0383126600372,-0.0144642478642,0.574068600224,0.81879261076,0.0021563170506,0.0,0.818751108172,-0.574008113856,-0.011918682653,0.0,-0.00852134986557,0.00860779416858,-0.999926643547,0.0,0.657740199658,0.255724735441,0.303444980726,1.0,-0.01268,-0.0166651428571,0.635
0.462006063196,0.524934561819,-0.12404676498,-1.39162371202,0.0774283810211,1.90724707787,0.15462960956,-0.0102990478548,-0.0659089926403,-0.00027134481324,-0.110120458681,-0.010604180036,0.0474809675543,-0.0181449989387,0.574060876965,0.818798064704,0.0021414191397,0.0,0.818756326399,-0.574000410204,-0.011931218284,0.0,-0.00854024740213,0.00860271172834,-0.999926526063,0.0,0.657515673258,0.255441664047,0.303446486643,1.0,-0.01302,-0.017112,0.652
0.461838979953,0.523687419046,-0.124058448257,-1.39362221148,0.0772991190117,1.90797328975,0.154358949596,-0.00634828308556,-0.0730363227625,-0.00158167836232,-0.108240230628,-0.00150939380675,0.0450374647731,-0.0180933498603,0.574056745207,0.818801037598,0.00211211100225,0.0,0.818758990463,-0.573996472323,-0.0119378473332,0.0,-0.0085625423741,0.00858247689607,-0.999926509279,0.0,0.657275958237,0.255132577262,0.303435496272,1.0,-0.01338,-0.0175851428571,0.67
0.461701359664,0.52260878172,-0.124056358141,-1.39532561588,0.0771904815598,1.90863183361,0.154125740467,-0.00425836585442,-0.0710514193502,-0.000645532226536,-0.109753864984,-0.0106929098737,0.0435249372991,-0.0116245865119,0.574048371389,0.818806870653,0.00212668225644,0.0,0.818765031343,-0.573988057925,-0.0119281059268,0.0,-0.00854628941109,0.00858872820501,-0.999926594648,0.0,0.657060651116,0.254862556977,0.303432481127,1.0,-0.0137,-0.0180057142857,0.686
0.461520594493,0.521295846523,-0.124062033566,-1.3974247039,0.077064030421,1.90944434727,0.153849150915,-0.0137577544738,-0.0680902335483,-0.000826855925962,-0.118862211131,-0.0134679860709,0.0488234038535,-0.0160967880506,0.574043080983,0.818810504597,0.00215537418652,0.0,0.818769102769,-0.573982715825,-0.0119056787452,0.0,-0.00851151116467,0.00859929185991,-0.9999268005,0.0,0.656831577177,0.254563128979,0.303433897042,1.0,-0.01404,-0.0184525714286,0.703
0.461356789546,0.520011491004,-0.124060245093,-1.39945714578,0.0769419348613,1.91018878532,0.153569211518,-0.0108071561805,-0.0788213707027,0.00149824416182,-0.121660441872,-0.0055607067626,0.0420291176038,-0.0171492185182,0.57402208436,0.818825230415,0.00215304537415,0.0,0.818783729552,-0.57396166187,-0.0119147734271,0.0,-0.00852051564211,0.00860238722128,-0.999926697187,0.0,0.65658216374,0.254263015298,0.303433012907,1.0,-0.01438,-0.0188994285714,0.72
0.461201803118,0.51874162513,-0.12406346775,-1.40141903036,0.076811002691,1.91088274402,0.153308481521,-0.0108957103333,-0.0828963298149,0.00102612783614,-0.126777343333,-0.00671010854861,0.041619984553,-0.0196178212107,0.574006394664,0.818836240067,0.00214889269383,0.0,0.818794728131,-0.573946034389,-0.0119117460773,0.0,-0.00852058497827,0.00859708594956,-0.999926742189,0.0,0.656337642791,0.253969191541,0.303450894136,1.0,-0.0147,-0.01932,0.736
0.461013420901,0.517329274348,-0.124068899798,-1.40366377596,0.0766633127009,1.91169041836,0.152997447773,-0.00611824655617,-0.0759707842371,-0.00128053234782,-0.128639345544,-0.0059924923535,0.0433239192875,-0.0213886733497,0.573988730676,0.818848696375,0.00212047258663,0.0,0.818806863529,-0.573928537767,-0.0119205987937,0.0,-0.00854433155605,0.00857871204512,-0.999926697362,0.0,0.656061793316,0.253625513433,0.303443713144,1.0,-0.01506,-0.0197931428571,0.754
0.460840392903,0.516047769303,-0.124074836622,-1.40568212817,0.0765395304569,1.91244639889,0.152722039635,-0.0107407429667,-0.078688758798,-0.00138582669275,-0.129749266948,-0.00358912453639,0.051954627913,-0.019310616843,0.573982445792,0.818853067099,0.00213385253783,0.0,0.818811422262,-0.573922213011,-0.0119119724563,0.0,-0.00852965403259,0.00858465119723,-0.999926771702,0.0,0.655819950309,0.253317129531,0.303447627285,1.0,-0.01538,-0.0202137142857,0.77
0.46066276702,0.514763874375,-0.124074735013,-1.40775869582,0.0764125780268,1.91322427264,0.152440433663,-0.0129818302424,-0.0801999753997,0.000103418492065,-0.133699502608,-0.00792539859554,0.0462086316196,-0.0129401898525,0.573972538987,0.81886004973,0.00211904373322,0.0,0.818818185473,-0.573912341083,-0.0119227007354,0.0,-0.00854704252439,0.0085785795215,-0.99992667533,0.0,0.655567966244,0.253003401401,0.303426886618,1.0,-0.0157,-0.0206342857143,0.786
0.460465251606,0.513359086202,-0.124070265262,-1.4100175768,0.0762818657529,1.91400422702,0.152128085863,-0.0141115398303,-0.0810244350067,0.00173833113817,-0.130726897015,-0.00918328587117,0.0467975756631,-0.0239529731642,0.573958483491,0.818870047293,0.00206198360163,0.0,0.818827224463,-0.573898308565,-0.0119772620361,0.0,-0.00862461827929,0.00856302432877,-0.999926142559,0.0,0.655279678855,0.252658796423,0.303403745911,1.0,-0.01604,-0.0210811428571,0.803
0.460254689729,0.511854818002,-0.124078728306,-1.41244462752,0.0761360916588,1.91487418895,0.151779130732,-0.0072022537881,-0.0854940560334,0.000432578148021,-0.134647664654,-0.00579123037048,0.0520598045652,-0.0144570257037,0.573938874295,0.818883905514,0.00201612608924,0.0,0.818840407283,-0.573878818598,-0.0120098237351,0.0,-0.00867780638115,0.00854395472066,-0.999925845508,0.0,0.654978067522,0.252283172365,0.303378009958,1.0,-0.0164,-0.0215542857143,0.821
0.460063478383,0.51047296172,-0.124081925574,-1.41464300575,0.0759978949612,1.91571384573,0.151470767866,-0.00916404094542,-0.0892295381527,-0.000725454513033,-0.140484305496,-0.0117605839872,0.0559628256518,-0.0162045271983,0.573922870584,0.818895085699,0.00203079770783,0.0,0.818851823624,-0.573862798916,-0.0119969108281,0.0,-0.00865897877619,0.00854838849002,-0.99992597083,0.0,0.654714281669,0.251948011976,0.303372087383,1.0,-0.01672,-0.0219748571429,0.837
0.459859063381,0.508975033625,-0.124085108738,-1.41700994773,0.0758459396899,1.91657893295,0.151151196553,-0.0134561860681,-0.0893495912132,0.000497684381267,-0.146341094923,-0.0123085895219,0.0465859962586,-0.0195618473481,0.573912864962,0.81890211903,0.00202232026906,0.0,0.818858764554,-0.573852848296,-0.0119991298777,0.0,-0.00866576547967,0.00854261415403,-0.999925961385,0.0,0.654421549899,0.251585371533,0.303368894225,1.0,-0.01706,-0.0224217142857,0.854
0.459634368758,0.50737355003,-0.124088392579,-1.41952517542,0.0756913204375,1.91747963986,0.150797898444,-0.0151525938164,-0.0929993972721,0.00183624130214,-0.141091161433,-0.00480956240433,0.0535756279614,-0.0187487734255,0.573898397229,0.818912286319,0.00201093888465,0.0,0.818868711076,-0.573838359455,-0.0120132484973,0.0,-0.00868401011665,0.00854124343606,-0.999925814813,0.0,0.654107440185,0.251195257006,0.303370116131,1.0,-0.01742,-0.0228948571429,0.872
0.459429812848,0.505901926186,-0.124099246366,-1.42181991867,0.0755486228571,1.91833594416,0.150488738785,-0.0134253064996,-0.0917789088235,-0.00121685308406,-0.152236405262,-0.00874471837012,0.0445395277453,-0.0218326935178,0.573900603178,0.818910681432,0.00203479974114,0.0,0.818867457993,-0.573840504016,-0.0119962115472,0.0,-0.0086563419251,0.00855102896816,-0.999925971084,0.0,0.653828850075,0.250837292635,0.303381307241,1.0,-0.01774,-0.0233154285714,0.888
0.459216062233,0.504363525524,-0.124102769015,-1.42414658707,0.0753994676143,1.91923430775,0.150154132933,-0.0133050854988,-0.0950162345995,0.000282111814492,-0.14895661666,-0.0055738677037,0.0500591763936,-0.0233584957529,0.573883829363,0.818922211322,0.00212346426464,0.0,0.818880241219,-0.573823460418,-0.0119387484947,0.0,-0.00855857748441,0.00859048302659,-0.999926474473,0.0,0.653552850825,0.250476549614,0.303426790377,1.0,-0.01806,-0.023736,0.904
0.458955111649,0.502497841418,-0.124106386939,-1.42691450495,0.0752201685207,1.92027715209,0.149775687641,-0.0149112157691,-0.102077575912,0.000778048120941,-0.147059953427,-0.0116374505335,0.0544094390552,-0.0197023480934,0.573883675586,0.818922013541,0.00223819915363,0.0,0.818881635478,-0.573822943702,-0.0118677402664,0.0,-0.00843458612012,0.00864368900623,-0.999927069539,0.0,0.653220667159,0.250041937844,0.303502660628,1.0,-0.01844,-0.0242354285714,0.923
0.45874482934,0.50088900795,-0.124109964454,-1.42933332834,0.0750680863932,1.92113009104,0.149424435562,-0.0120742315645,-0.101905872247,0.000528849011711,-0.15133478681,-0.00860693803654,0.0582032255449,-0.023155272729,0.573852969366,0.818943428608,0.0022753441204,0.0,0.818903484562,-0.573792044311,-0.0118541030386,0.0,-0.00840242720393,0.00866596630336,-0.999927147469,0.0,0.652912432198,0.249670181085,0.303548253437,1.0,-0.01876,-0.024656,0.939
0.458497105317,0.499184383992,-0.124110687897,-1.43193531357,0.0749094864455,1.92207611345,0.149072656778,-0.0164676319373,-0.0964000047132,9.17390129677e-06,-0.150882476356,-0.00641457856999,0.0556368691986,-0.0176220160408,0.573857861398,0.818939879175,0.00231864377979,0.0,0.818900426716,-0.573796692514,-0.0118403414653,0.0,-0.0083662587534,0.00869357879048,-0.999927211052,0.0,0.652589136876,0.249260503376,0.303580908302,1.0,-0.0191,-0.0251028571429,0.956
0.458265176271,0.497615159279,-0.124113621122,-1.43442944971,0.0747511309237,1.92300476419,0.148703657639,-0.0109459396912,-0.0993516476971,0.00166398894299,-0.155455945988,-0.00547452635748,0.0507835873536,-0.018759546008,0.573831592756,0.818958289475,0.002317360043,0.0,0.818918829667,-0.573770441877,-0.0118396514432,0.0,-0.0083667090831,0.00869186316494,-0.999927222199,0.0,0.652280257793,0.248869810604,0.303568534381,1.0,-0.01942,-0.0255234285714,0.972
0.458016171903,0.496039378131,-0.124112087067,-1.43695601366,0.0745918088492,1.92389571713,0.148329969836,-0.0143898479459,-0.0951750870363,0.000420037752752,-0.154075010331,-0.00934266598431,0.056868472978,-0.0170402908686,0.573812881285,0.818971544743,0.0022656288128,0.0,0.818931311474,-0.573751831848,-0.011878107579,0.0,-0.00842808569777,0.00867137245991,-0.999926884663,0.0,0.651958345296,0.248464333984,0.303541347262,1.0,-0.01974,-0.025944,0.988
0.457746006246,0.494376158408,-0.124113504585,-1.43970954867,0.0744215703292,1.924839165,0.147943396064,-0.0191929128102,-0.101119513167,-0.00305308595747,-0.161317700199,-0.0101726478777,0.0633196142682,-0.0230249112039,0.57381101605,0.818973187646,0.00214071896846,0.0,0.818931144253,-0.573750285677,-0.0119640110081,0.0,-0.00857013111424,0.0086183486769,-0.999926135731,0.0,0.651599497415,0.248019574553,0.303471221718,1.0,-0.0238222857143,-0.0313092897959,1.005
0.457412532841,0.491766255118,-0.124201987492,-1.44352960946,0.0742060115612,1.92626032917,0.147378682498,-0.0184290160166,-0.181665176616,-0.0123540568339,-0.276977153341,-0.0111787387815,0.100986063187,-0.0403036896795,0.573818154734,0.818967676878,0.00232732212627,0.0,0.818928263114,-0.573756879996,-0.0118443839764,0.0,-0.00836501159964,0.00870259997587,-0.999927143013,0.0,0.651101298399,0.247351469896,0.303597293042,1.0,-0.0411125714286,-0.0540336653061,1.023
0.456978420066,0.488241990194,-0.12424407422,-1.44911444888,0.0739275498466,1.9284312999,0.146522739566,-0.0351000365003,-0.244275171642,-0.00126803949533,-0.397973868468,-0.0245550026454,0.14644556314,-0.0577707013046,0.573709186982,0.819043715895,0.00243045823371,0.0,0.819005275968,-0.573647142495,-0.0118347262242,0.0,-0.00829909250581,0.00878041832694,-0.999927011995,0.0,0.650435149763,0.246572791761,0.303577117829,1.0,-0.0555211428571,-0.072970644898,1.038
0.456230853702,0.483085423304,-0.124348353848,-1.45723280958,0.0734625278088,1.93147525265,0.145284525288,-0.0494367942984,-0.33032465878,-0.0072475502997,-0.523691806199,-0.0259657881323,0.182405687273,-0.0815613691618,0.573652168865,0.819083540458,0.00246775365152,0.0,0.819045613138,-0.573590019033,-0.0118118824157,0.0,-0.00825959862743,0.00879728414371,-0.999927190761,0.0,0.649349908869,0.245169823336,0.303547785108,1.0,-0.0728114285714,-0.0956950204082,1.056
0.45521555575,0.476554799765,-0.124532979489,-1.46767812475,0.0728293451673,1.93503322164,0.143734364658,-0.069958905087,-0.412596570277,-0.00641391186963,-0.658470158572,-0.040895314976,0.222759043993,-0.0920435539776,0.5736908012,0.819057389756,0.00214564788824,0.0,0.819015074098,-0.573629727205,-0.0119996403163,0.0,-0.00859775219603,0.00864156760829,-0.999925698223,0.0,0.647966621427,0.243371054848,0.30341628759,1.0,-0.0891411428571,-0.117156930612,1.073
0.453894723171,0.468110014821,-0.124693060293,-1.48074640001,0.072090428044,1.93972708479,0.14177685306,-0.0777087968338,-0.500430749565,-0.0069586567459,-0.756345395273,-0.0423147525313,0.292384673108,-0.122780789153,0.573714370977,0.819040601173,0.00224968111762,0.0,0.81899919323,-0.573652406966,-0.0119993488151,0.0,-0.00853758325411,0.00872685389693,-0.999925473069,0.0,0.646369945507,0.241300477019,0.30345732635,1.0,-0.105470857143,-0.138618840816,1.09
0.452391713882,0.458865114792,-0.124811945407,-1.49503408049,0.0711830110282,1.94491758494,0.139500864963,-0.0866496493093,-0.568649390002,-0.00477911947974,-0.895226251186,-0.052713796604,0.310238406325,-0.135004332008,0.573592256999,0.819125829687,0.00235472957831,0.0,0.819085874027,-0.57352996749,-0.0119354204616,0.0,-0.00842626544148,0.00877495944069,-0.99992599633,0.0,0.64450977413,0.238900155699,0.303480914937,1.0,-0.121800571429,-0.16008075102,1.107
0.450666762188,0.448930106612,-0.124996995885,-1.51023251966,0.070150579278,1.95030324397,0.13711294608,-0.108409696099,-0.657449091139,-0.00930406000849,-0.973667051711,-0.0715078729036,0.36539376008,-0.151963049188,0.573598219789,0.81912152302,0.00239993354543,0.0,0.819082795034,-0.573536421466,-0.0118361747034,0.0,-0.00831897631846,0.00875512157849,-0.99992706858,0.0,0.642512952342,0.236219376863,0.303542300257,1.0,-0.137169714286,-0.180280195918,1.123
0.448572911435,0.437225015208,-0.125148811317,-1.52824538508,0.0689789767407,1.95647428877,0.134301476914,-0.126325619456,-0.720828458368,-0.00653468749165,-1.10016367818,-0.0698554341482,0.362217513565,-0.167263230596,0.573604445192,0.819117526052,0.00227285542513,0.0,0.819076673678,-0.573542659997,-0.0119568684029,0.0,-0.00849066439081,0.00872032362112,-0.999925929544,0.0,0.640042678051,0.233053438816,0.303516984122,1.0,-0.153499428571,-0.201742106122,1.14
0.446301153001,0.424986291836,-0.1253185109,-1.54661402854,0.0677281634827,1.96288087509,0.131270039308,-0.146168080552,-0.802540470953,-0.0170006586438,-1.17359118679,-0.0866255073797,0.40645961202,-0.194598120716,0.573557096881,0.819150104928,0.00247166222496,0.0,0.819112065969,-0.573494771299,-0.0118286760663,0.0,-0.00827213514272,0.00880915905963,-0.999926982583,0.0,0.637532316943,0.22974301861,0.303671460109,1.0,-0.168868571429,-0.22194155102,1.156
0.443545420095,0.410937781512,-0.125502802616,-1.56754048549,0.0662347984193,1.97025835862,0.12775825114,-0.163566741927,-0.88066507563,-0.00698452956507,-1.27608940274,-0.092432525567,0.443779068472,-0.212585220696,0.573533594013,0.819165421048,0.00282425186869,0.0,0.819132751115,-0.573470897734,-0.011550428773,0.0,-0.00784223658192,0.00893816821705,-0.999929301738,0.0,0.634656408428,0.225882212128,0.30388011407,1.0,-0.185198285714,-0.243403461224,1.173
0.440412821773,0.395829413065,-0.125689867724,-1.59002791713,0.0647462150305,1.97798350077,0.123951158835,-0.192869428955,-0.931764693907,-0.00925838755928,-1.3407431691,-0.0985076598039,0.473482117932,-0.23192020073,0.573612570005,0.819109011536,0.00312948143362,0.0,0.819079691984,-0.573548197458,-0.0114747667895,0.0,-0.00760432285413,0.00914554123707,-0.999929264173,0.0,0.631467302679,0.22165820007,0.304040289692,1.0,-0.201528,-0.264865371429,1.19
0.436933641351,0.379793846539,-0.125888270233,-1.61395473527,0.0629446097296,1.98603922598,0.119705010279,-0.209348659428,-0.993251497982,-0.0107399770614,-1.43010998086,-0.105700546205,0.494785249303,-0.257176059723,0.573540708791,0.819159127952,0.00318203609933,0.0,0.819131023485,-0.573476838278,-0.0113766965365,0.0,-0.00749464510744,0.00913167889519,-0.999930218933,0.0,0.627980578668,0.217056214607,0.304107350837,1.0,-0.217857714286,-0.286327281633,1.207
0.433040236129,0.362793139519,-0.126088937217,-1.63918794647,0.0610669320869,1.99440171357,0.115186073873,-0.235988236164,-1.02600256918,-0.0159813798464,-1.50443283361,-0.114291184077,0.505993771917,-0.265548079598,0.573565957618,0.819141228901,0.00323825223664,0.0,0.819113814001,-0.573501878646,-0.0113534929917,0.0,-0.00744311376334,0.00916465066829,-0.999930302189,0.0,0.624210437079,0.212098297917,0.304155239901,1.0,-0.234187428571,-0.307789191837,1.224
0.428910192839,0.345935416086,-0.126313555213,-1.66414098136,0.0591821281694,2.0024466784,0.110479800368,-0.267551772319,-1.06489206521,-0.0113376563513,-1.52100185114,-0.105684860819,0.494065375064,-0.29802661468,0.573585026008,0.819128204246,0.00315433818593,0.0,0.81909934863,-0.573520753824,-0.0114432909583,0.0,-0.00756458960089,0.00914759281489,-0.999929546783,0.0,0.620387147241,0.207027418726,0.304141402559,1.0,-0.249556571429,-0.327988636735,1.24
0.424149026853,0.327096691267,-0.126540571009,-1.69169985312,0.0570817087065,2.01140349625,0.105192443768,-0.29197010414,-1.11137875553,-0.00825243939219,-1.65625213385,-0.115978640684,0.53165269606,-0.314593978596,0.573615484373,0.819106223629,0.00331924714634,0.0,0.81907916162,-0.573550309164,-0.0114068732826,0.0,-0.00743982891072,0.00926206363644,-0.999929429071,0.0,0.616087066293,0.20136955097,0.304189464908,1.0,-0.265886285714,-0.349450546939,1.257
0.418977075183,0.307351118187,-0.126735186662,-1.72031300776,0.0547038058525,2.02046991234,0.0994573022314,-0.312036818001,-1.18031276959,-0.0136470742747,-1.70488548849,-0.131493244139,0.564932281664,-0.343372359277,0.573463419082,0.819212418474,0.00338633923949,0.0,0.81918659031,-0.573398536204,-0.0113223600376,0.0,-0.00733383718531,0.00926718141642,-0.999930164652,0.0,0.611475386413,0.195399311692,0.304239272407,1.0,-0.282216,-0.370912457143,1.274
0.413585150673,0.287926172747,-0.126976499071,-1.7482030438,0.0523487783334,2.02897925154,0.0936589631877,-0.345050172032,-1.23134808243,-0.0158671771435,-1.76365772332,-0.144331813086,0.55912656425,-0.366699900916,0.573389617929,0.819264250514,0.00334376762278,0.0,0.819237842174,-0.573324823765,-0.0113468632648,0.0,-0.00737915651692,0.00924569257235,-0.999930030161,0.0,0.606848694076,0.18937927454,0.304274474116,1.0,-0.297585142857,-0.391111902041,1.29
0.406938979707,0.265252083301,-0.127263454748,-1.78041432835,0.0496212153413,2.03867116953,0.0867010281758,-0.383738284718,-1.29506508712,-0.0175474597017,-1.80752795623,-0.156342633176,0.532249826759,-0.408456176557,0.573353271937,0.819289380696,0.00341806081414,0.0,0.81926350263,-0.573287734507,-0.0113680967417,0.0,-0.00735437019306,0.00931840734556,-0.999929537779,0.0,0.601378721833,0.182251823233,0.304327959084,1.0,-0.314875428571,-0.413836277551,1.308
0.399945746386,0.243129368959,-0.127636564892,-1.81156588531,0.0467968653909,2.04787713182,0.0797162384357,-0.425872171433,-1.32621346722,-0.0206445682879,-1.86494468753,-0.168115914712,0.535875558806,-0.42459211755,0.573491091762,0.819192826547,0.00343911394665,0.0,0.819167763788,-0.573426170117,-0.0112849057477,0.0,-0.00727257591734,0.0092891830443,-0.999930407937,0.0,0.595993666255,0.175031308978,0.304354556784,1.0,-0.331205142857,-0.435298187755,1.325
0.392949241472,0.221597959896,-0.127915939371,-1.84150241881,0.0441290681324,2.05648930207,0.0725993548796,-0.445441243441,-1.34987523925,-0.015066273331,-1.90739465847,-0.172966654371,0.516263515189,-0.452094401532,0.573390599148,0.819262571238,0.00357869778609,0.0,0.819238722019,-0.573324562398,-0.0112964329512,0.0,-0.00720312804581,0.00940925741627,-0.999929787946,0.0,0.590629597298,0.168075768788,0.304397858868,1.0,-0.346574285714,-0.455497632653,1.341
0.384294671552,0.196590136683,-0.12826446703,-1.87574375038,0.0408362999668,2.06592543791,0.0640465938589,-0.491315200903,-1.41550408002,-0.0248060465273,-1.90004861382,-0.177088822603,0.516008744275,-0.490804916666,0.573299702411,0.819325906026,0.00364113042824,0.0,0.819302967104,-0.573233653833,-0.0112504714995,0.0,-0.00713072154357,0.00943326254564,-0.99993008074,0.0,0.584322333013,0.159805021575,0.304482537751,1.0,-0.363864571429,-0.478222008163,1.359
0.375276920282,0.172132010285,-0.128759722556,-1.90892076963,0.0376173494694,2.07480987877,0.0553851998248,-0.549345505392,-1.46188912272,-0.0314090456744,-1.96446571369,-0.180828164791,0.527332385404,-0.513293835235,0.573434230109,0.819231465985,0.00370618147235,0.0,0.81920912964,-0.573367683458,-0.0112538163281,0.0,-0.00709461235638,0.00948964390519,-0.999929804103,0.0,0.578061628057,0.151472378228,0.304511104969,1.0,-0.380194285714,-0.499683918367,1.376
0.366163107796,0.148550388524,-0.129170462534,-1.94049646147,0.0343461756289,2.08288631603,0.046682059304,-0.587658889541,-1.47282815795,-0.0280532818016,-2.01312383044,-0.211435715892,0.509155132294,-0.55312864311,0.573391289491,0.81926170266,0.00366586850727,0.0,0.819238949676,-0.573324988975,-0.0112582081687,0.0,-0.00712182188879,0.00945876287523,-0.999929903272,0.0,0.571897528531,0.143383067913,0.304523536823,1.0,-0.395563428571,-0.519883363265,1.392
0.356328439299,0.124402996901,-0.129624777375,-1.97242691771,0.0309525265698,2.09070611032,0.0374060537502,-0.630892358569,-1.50730110701,-0.0281656289957,-2.02277785731,-0.219558275216,0.476595089126,-0.602898146135,0.57336299999,0.819281763709,0.00360677096251,0.0,0.819258073315,-0.573296626375,-0.0113108088211,0.0,-0.00719912838052,0.00944025726181,-0.999929524563,0.0,0.565482297141,0.134972810388,0.304516317929,1.0,-0.410932571429,-0.540082808163,1.408
