position_joint1,position_joint2,position_joint3,position_joint4,position_joint5,position_joint6,position_joint7,velocity_joint1,velocity_joint2,velocity_joint3,velocity_joint4,velocity_joint5,velocity_joint6,velocity_joint7,ee_T_00,ee_T_10,ee_T_20,ee_T_30,ee_T_01,ee_T_11,ee_T_21,ee_T_31,ee_T_02,ee_T_12,ee_T_22,ee_T_32,ee_T_03,ee_T_13,ee_T_23,ee_T_33,v_x,v_y,time
0.465093911175,0.547774828285,-0.123978971449,-1.35575719433,0.0795154256643,1.89409161867,0.159170154439,0.00092679162472,0.000142015237564,0.00105394283595,-0.000476616912383,-0.000148750961245,-0.000180976641397,0.000398436296478,0.573791368459,0.818987270503,0.0020157223182,0.0,0.818944857306,-0.573732407868,-0.0118824136866,0.0,-0.0085752254326,0.00846895488968,-0.999927368518,0.0,0.661684518632,0.260920376221,0.303253900487,1.0,0.0,0.0,0.0
0.465093911175,0.547768572573,-0.123978974268,-1.35575397092,0.0795157692547,1.89409160112,0.159166992177,0.000309733004467,-0.00203358946803,0.000980228090047,-0.00127017322393,0.00013817597741,-0.000446074147425,-0.000773249434484,0.573788684222,0.818989130454,0.00202409449136,0.0,0.818946826729,-0.573729690304,-0.0118778935924,0.0,-0.00856674757561,0.00847318983157,-0.99992740531,0.0,0.661685402143,0.260920895837,0.303259865626,1.0,-0.00026,-0.000341714285714,0.014
0.465088295847,0.54777152901,-0.123982711655,-1.35575794456,0.0795163795882,1.89409317144,0.159170749987,0.000315917610618,-0.000989781750578,-2.63488061578e-05,0.00102316604144,0.000265681868677,-0.000643834673494,0.000382383393004,0.57379936682,0.818981658975,0.00201886144863,0.0,0.81893929894,-0.573740404588,-0.0118793811394,0.0,-0.00857085790435,0.00846986942661,-0.999927398218,0.0,0.66168701481,0.260914711318,0.303256141174,1.0,-0.00056,-0.000736,0.029
0.46508503953,0.547748816533,-0.123981375471,-1.35578827542,0.0795157692386,1.89409394653,0.159169163532,-0.000655511986091,-0.00421818873166,0.000680135646215,-0.00515958320241,-0.000124747318825,-0.000320660373632,-0.00136220819248,0.573801260549,0.818980342865,0.00201452100163,0.0,0.818937894673,-0.573742284537,-0.0118853903953,0.0,-0.00857825037719,0.00846978264834,-0.999927335561,0.0,0.66168139316,0.260909980158,0.303257816795,1.0,-0.00092,-0.00120914285714,0.047
0.465089634356,0.547626545445,-0.123979661878,-1.35592096384,0.0795124177011,1.89412275458,0.159159746449,-0.00125982868497,-0.00759852852912,0.000766152110817,-0.0109075174498,5.84965135785e-05,0.00170544856454,-0.00106749847348,0.573794927517,0.818984729495,0.00203492276832,0.0,0.818942470122,-0.573735793091,-0.0118834867541,0.0,-0.00856505106017,0.00848533246806,-0.999927316875,0.0,0.66165855101,0.260901284088,0.303283719178,1.0,-0.00128,-0.00168228571429,0.065
0.465088922804,0.547520275321,-0.123979580143,-1.3560793106,0.0795136278256,1.89414932083,0.159159661568,0.000623360525765,-0.00972022594389,0.00292858438335,-0.0152379205914,0.000374802569061,0.00686125086938,-0.00100740471415,0.573804345411,0.818978167267,0.00202030396066,0.0,0.818935576434,-0.573745130086,-0.0119077392525,0.0,-0.00859320435644,0.00848737472398,-0.999927057994,0.0,0.661630450435,0.260885454589,0.303285938956,1.0,-0.00156,-0.00205028571429,0.079
0.465068359973,0.547352847795,-0.123984980918,-1.3562950449,0.0795077589925,1.89426108708,0.159156442158,-0.000436128459803,-0.0145777638273,-0.00158483800525,-0.00802032464391,-0.00046453180892,0.00430083654364,0.000342866497641,0.573833022372,0.818957934982,0.00207606998203,0.0,0.818916079891,-0.573773585594,-0.0118774354119,0.0,-0.0085360902065,0.00851595571027,-0.999927304189,0.0,0.661614640998,0.26085196494,0.303311731731,1.0,-0.00192,-0.00252342857143,0.097
0.465050964639,0.547176198153,-0.123979692665,-1.35651516249,0.0795079943178,1.89437133527,0.159137271397,-0.00144826277516,-0.00179291549088,-0.00064235121245,-0.0165689045809,-7.31846067362e-05,0.00585747224914,-0.00248302301294,0.573840396615,0.818952599906,0.00214131307599,0.0,0.818911487481,-0.57378059013,-0.0118556721622,0.0,-0.00848075294127,0.00855697424019,-0.999927424877,0.0,0.661594134815,0.260827244139,0.303341490377,1.0,-0.00226,-0.00297028571429,0.114
0.465028703845,0.546979039598,-0.123980648013,-1.35676456025,0.0795033667106,1.89449657424,0.15912203202,-0.00278352075595,-0.00783361091068,-0.000101878354746,-0.0190927057708,0.000422740621114,0.00647352651483,-0.00117069291279,0.573859707738,0.818938890164,0.00220837365219,0.0,0.81889861079,-0.573799594076,-0.0118253111923,0.0,-0.00841720537578,0.00859466921464,-0.999927638539,0.0,0.661573411074,0.260792714412,0.303373331845,1.0,-0.00258,-0.00339085714286,0.13
0.464999573409,0.546739956598,-0.123984544147,-1.35711977447,0.0794969796406,1.89462722777,0.159099390838,-0.00331345334898,-0.0147584121117,-0.001071040346,-0.0189629818158,-0.000106533472675,0.0110854872011,-0.00528716405594,0.573885911668,0.818920474359,0.00222799586227,0.0,0.818880336057,-0.573825601281,-0.011828839097,0.0,-0.00840855934994,0.00861303193714,-0.999927553281,0.0,0.661533145836,0.260739999122,0.303385053294,1.0,-0.00292,-0.00383771428571,0.147
0.464964031427,0.546473780107,-0.123978211587,-1.35753060753,0.0794875534441,1.89477800838,0.158966032331,-0.00177010355382,-0.0148166392249,0.000940483410313,-0.0235603271772,6.01001754429e-05,0.0135447318838,-0.0117399950174,0.573821863307,0.818965310577,0.00224413974324,0.0,0.818925203008,-0.573761313914,-0.0118411754229,0.0,-0.0084100732601,0.00863267414546,-0.999927371165,0.0,0.661484316888,0.260683590422,0.303390879795,1.0,-0.00326,-0.00428457142857,0.164
0.464925653486,0.54619493937,-0.123982857307,-1.35797022878,0.0794757696754,1.89492814671,0.1589328363,-0.000506582354847,-0.0191604164493,-0.000101578759238,-0.0261601054149,-0.00011984458267,0.005800382877,-0.000335559779827,0.573850747096,0.818945077715,0.00224201811942,0.0,0.818904816474,-0.573790073074,-0.0118575080768,0.0,-0.00842436232794,0.0086406056636,-0.999927182375,0.0,0.661432446597,0.260615272406,0.303392257756,1.0,-0.00358,-0.00470514285714,0.18
0.464868972859,0.545889813761,-0.123985135923,-1.35850199908,0.0794558543585,1.89511267429,0.158893982156,-0.00619505714505,-0.0228064174948,-0.00196211325376,-0.0310697896039,-0.00246496890867,0.00842695709485,-5.44445437659e-05,0.573891380684,0.818916687269,0.00221119663211,0.0,0.818875905225,-0.573830701511,-0.0118880085317,0.0,-0.0084665990587,0.00863328749115,-0.999926888851,0.0,0.661371612273,0.260526640149,0.303371263378,1.0,-0.00392,-0.005152,0.197
0.464794398096,0.545512475243,-0.123985062923,-1.35914283794,0.0793740265228,1.89532852369,0.158787210483,-0.00499164879308,-0.0251015883907,-0.000237982095239,-0.0368779667134,-0.0046764820517,0.0134891587056,-0.00247388120167,0.573878959447,0.818925563352,0.00214674022294,0.0,0.818884287297,-0.573818890065,-0.0118807543555,0.0,-0.00849777697015,0.00857621190309,-0.999927115532,0.0,0.661301407866,0.260407639878,0.30335198591,1.0,-0.00428,-0.00562514285714,0.215
0.464738584282,0.545169184619,-0.12398579921,-1.3597691661,0.079328353788,1.89551402529,0.158722770383,-0.00209688694771,-0.0232555352607,-2.16177040854e-05,-0.0389864174701,-2.26312822963e-05,0.0111546084899,-0.00238332527792,0.573895038305,0.818914520971,0.00205894465979,0.0,0.818872101779,-0.573835324152,-0.0119268011508,0.0,-0.00858570077618,0.00853090859071,-0.999926751988,0.0,0.661220779225,0.260305647605,0.303312944228,1.0,-0.00458,-0.00601942857143,0.23
0.464663492837,0.544712631142,-0.123991025681,-1.36051918221,0.0793084896093,1.89577272079,0.15861859183,-0.00304649215393,-0.0251362004132,-0.00082509985026,-0.0416474172799,-0.000404583552631,0.0191481778924,-0.00956950497375,0.573911371651,0.818903116937,0.00204192583214,0.0,0.818860236548,-0.573851488582,-0.0119636513844,0.0,-0.00862547529745,0.0085382918345,-0.999926346662,0.0,0.661133834789,0.260184274964,0.303301722281,1.0,-0.00494,-0.00649257142857,0.248
0.464599461685,0.544254419028,-0.123992400272,-1.36127579141,0.0792758349759,1.89604550655,0.158540203801,-0.00436114218046,-0.0305867327939,0.000706631420202,-0.0504013376593,-0.00116233985466,0.0150600870212,-0.00660806326288,0.573934087113,0.818887236507,0.00202594086552,0.0,0.818844018062,-0.573874140103,-0.0119871725497,0.0,-0.0086536741407,0.00853894089414,-0.999926097475,0.0,0.661045083277,0.260070576195,0.303289564006,1.0,-0.00528,-0.00693942857143,0.265
0.464528149952,0.543739336354,-0.123990750682,-1.36209314996,0.0792359945029,1.89633498163,0.158413068231,-0.0022136387282,-0.0305613472706,0.000491131824671,-0.0510033676526,-0.00524127429509,0.0189312225632,-0.00605795114597,0.573922090319,0.818895657055,0.00202089125405,0.0,0.818852249188,-0.573862044295,-0.012003958503,0.0,-0.00867044363212,0.00854431280938,-0.999925906318,0.0,0.660948678291,0.259947329844,0.303290017559,1.0,-0.00562,-0.00738628571429,0.282
0.464461092214,0.543247818322,-0.123998853304,-1.36289468762,0.0791912798089,1.89661555348,0.158322318138,-0.00909389798323,-0.0317696326672,-0.00104833211818,-0.0546146330706,-0.00152184135434,0.025841841906,-0.00880993701504,0.573945783104,0.818879131102,0.00198836726455,0.0,0.818835274671,-0.573885848736,-0.0120238295474,0.0,-0.00870513485787,0.00852933573682,-0.999925732772,0.0,0.660847704082,0.259808694452,0.303280472862,1.0,-0.00596,-0.00783314285714,0.299
0.464390239622,0.542675567848,-0.12400175305,-1.36379908123,0.0791379518152,1.89693996874,0.158213498682,-0.00508654587464,-0.0279076740081,-6.71103380856e-05,-0.0519225356737,-0.000401744646315,0.0226775682409,-0.00606683194171,0.573947993327,0.818877581486,0.00198856661847,0.0,0.818833707441,-0.573888038023,-0.0120260664306,0.0,-0.00870682923174,0.00853080631659,-0.999925705474,0.0,0.660748259735,0.259686465058,0.303283321916,1.0,-0.00628,-0.00825371428571,0.315
0.464317183096,0.542121159396,-0.123998813318,-1.36466679345,0.0790828809068,1.89725454955,0.158098715392,-0.00231451601826,-0.0323623047495,0.00112139533341,-0.053706083222,-0.00489761651077,0.0154914898866,-0.00287503765837,0.573945256924,0.818879498837,0.00198880345001,0.0,0.81883561977,-0.573885293001,-0.0120268521894,0.0,-0.00870736528655,0.00853142213172,-0.999925695553,0.0,0.660646934557,0.259556613342,0.303289547738,1.0,-0.0066,-0.00867428571429,0.331
0.464230459124,0.541445709433,-0.124004534271,-1.3656907153,0.0790278645916,1.89762768376,0.157945218568,-0.00204299393594,-0.040247683489,-0.000551985204944,-0.0527237588207,-0.000916518943506,0.020120513167,-0.00683751738089,0.573936686108,0.818885447347,0.00201280022938,0.0,0.818841831893,-0.573876572167,-0.0120200316911,0.0,-0.00868809740519,0.00854706674028,-0.999925729549,0.0,0.660529829901,0.25939975123,0.303312301764,1.0,-0.00696,-0.00914742857143,0.349
0.464150001593,0.540807970357,-0.124001985823,-1.3666683413,0.0789692596606,1.89799436556,0.157833708241,-0.00398651870481,-0.041181366432,0.00173666899009,-0.0651525686624,9.43505002868e-05,0.0190092072481,-0.0119977089936,0.573948053052,0.818877422983,0.00203603239284,0.0,0.818834095208,-0.57388782378,-0.0120098768938,0.0,-0.00866632969581,0.00856038301672,-0.999925804534,0.0,0.660417633041,0.259255811787,0.303329494428,1.0,-0.00728,-0.009568,0.365
0.464060338518,0.540077634931,-0.124010514642,-1.36776748692,0.0789039213969,1.89840291554,0.157687537288,-0.00328198203589,-0.0426937099665,-0.00131293989108,-0.0652118785605,-0.00171554426522,0.0294051964006,-0.00718761454689,0.573951160018,0.818875163565,0.0020686498629,0.0,0.818832291245,-0.573890822602,-0.0119895558292,0.0,-0.00863093649146,0.00857546188748,-0.999925981455,0.0,0.660293276062,0.259087922278,0.303358181352,1.0,-0.00762,-0.0100148571429,0.382
0.463964645064,0.539340246382,-0.124008422148,-1.36891928632,0.0788373970985,1.89884045094,0.157553866023,-0.00743811794084,-0.0429689686564,0.000319643361911,-0.067771904242,-0.00711900271355,0.0263841676072,-0.0105892706238,0.573964612233,0.818865681975,0.00208942312124,0.0,0.81882304919,-0.573904154989,-0.0119825666218,0.0,-0.00861314980759,0.00858860237303,-0.999926022043,0.0,0.660161689524,0.258917832563,0.303368845445,1.0,-0.00796,-0.0104617142857,0.399
0.463859156422,0.538585637453,-0.12401161738,-1.37009326995,0.0787655150003,1.89930174966,0.157401660299,-0.00555642685141,-0.0450271596309,-0.000388741026695,-0.0675837820966,-0.00801216286933,0.0263138402486,-0.0057697329582,0.573974415979,0.8188587256,0.00212231249782,0.0,0.818816574779,-0.573913874133,-0.0119594668189,0.0,-0.00857525427064,0.00860237825531,-0.99992622933,0.0,0.660033976953,0.258736559281,0.303383220399,1.0,-0.0083,-0.0109085714286,0.416
0.463756628324,0.537854339838,-0.124014812378,-1.37125882779,0.0786910409273,1.89974299522,0.157255448846,-0.00507827656918,-0.0420737972886,0.000375923982319,-0.068354008435,-0.000528421173855,0.022778367175,-0.0161745823774,0.573985357964,0.818851051629,0.00212390945401,0.0,0.818808974781,-0.573924861498,-0.0119525341843,0.0,-0.00856854571824,0.0085998213081,-0.999926308834,0.0,0.659902730426,0.258556168382,0.303383275077,1.0,-0.00862,-0.0113291428571,0.432
0.463640242414,0.536981601342,-0.124020823866,-1.37262839389,0.0786231608335,1.90024670985,0.157087387299,-0.00579919845275,-0.0485801358893,-0.00104367867368,-0.0748449802025,-0.0100387750798,0.029726894498,-0.0131304582085,0.574004557626,0.81883756174,0.00213593288783,0.0,0.818795519354,-0.573943886384,-0.0119607553711,0.0,-0.00856817510588,0.00861458623135,-0.999926184915,0.0,0.659743984781,0.258347953786,0.303391500174,1.0,-0.00898,-0.0118022857143,0.45
0.463524402837,0.536183066199,-0.124024371959,-1.37387308973,0.0785628919701,1.9007188557,0.156939823199,-0.00920559142704,-0.049175938988,0.000789098804679,-0.0773674891557,-0.00051533823113,0.0239909668006,-0.0128098459463,0.574033507107,0.818817192641,0.00216440649893,0.0,0.818775410981,-0.57397260373,-0.0119592408405,0.0,-0.00855028659694,0.00863733407815,-0.999926141802,0.0,0.65960451982,0.258154480637,0.303403802186,1.0,-0.0093,-0.0122228571429,0.466
0.463406103533,0.535296307969,-0.124032235168,-1.37528007532,0.0784739497044,1.90122566708,0.15676579049,-0.00922644688232,-0.0525136918149,0.000435094388437,-0.0875436205123,-0.00467044539802,0.0311611959227,-0.0082324201944,0.57404676712,0.818807938315,0.00214853738057,0.0,0.818765986189,-0.573985964079,-0.0119632688031,0.0,-0.00856255402013,0.00862679120033,-0.999926127843,0.0,0.659439519507,0.257936517179,0.303404078187,1.0,-0.00964,-0.0126697142857,0.483
0.463280381565,0.534394358448,-0.124035819001,-1.37672626939,0.0783887710571,1.90175422287,0.156591349366,-0.00452023479358,-0.0536746569516,-0.00163470637466,-0.0890712371208,-0.00456624597643,0.0414207059657,-0.00995877166861,0.574065859016,0.818794589737,0.00213453283263,0.0,0.818752423383,-0.574005079573,-0.011974336307,0.0,-0.00857945427652,0.0086218775856,-0.999926025359,0.0,0.659270519158,0.257713787285,0.303397994919,1.0,-0.00998,-0.0131165714286,0.5
0.463148274131,0.533469543456,-0.12403949864,-1.37820720947,0.0783045022885,1.90229856453,0.156402827466,-0.0089399015158,-0.0496499005256,0.00195917614637,-0.0859042188522,-0.00495752264483,0.0239210898351,-0.0106570837967,0.574080743398,0.818784177385,0.00212551770167,0.0,0.818741837762,-0.574019943557,-0.011985591261,0.0,-0.00859368838513,0.00862111339361,-0.999925909717,0.0,0.659098431242,0.257484205851,0.303392694756,1.0,-0.01032,-0.0135634285714,0.517
0.46302226546,0.532518496314,-0.124034556435,-1.37972274356,0.0782281517681,1.90288096165,0.156210364298,-0.0104894264268,-0.0591807398841,0.0017902324288,-0.0895415412173,-0.0122351649714,0.0269172545869,-0.013893751699,0.574085392483,0.818780857889,0.00214843959155,0.0,0.818738665587,-0.574024344364,-0.0119915158372,0.0,-0.00858533229091,0.00864333105108,-0.999925789695,0.0,0.658922212099,0.257263760893,0.303392271033,1.0,-0.01066,-0.0140102857143,0.534
0.462895934394,0.531544357314,-0.124037180128,-1.3812898633,0.0781243830698,1.90345685235,0.156017386835,-0.0096191365264,-0.0574353863435,-0.000806674458258,-0.0894643465636,-0.000287460785789,0.0336885649456,-0.0125078654463,0.574090265507,0.818777496959,0.00212706952881,0.0,0.818735088877,-0.574029369017,-0.011995192756,0.0,-0.00860055910828,0.0086279959695,-0.999925791281,0.0,0.658736184491,0.257028059884,0.303383004783,1.0,-0.011,-0.0144571428571,0.551
0.462753431085,0.53052639323,-0.124037148682,-1.38292952965,0.0780248781617,1.90403062649,0.155801652788,-0.0050946845531,-0.0613747961748,0.00101665232493,-0.0943845789916,-0.00315224385275,0.0358184364637,-0.00306861858432,0.574092617148,0.818775953204,0.00208621478332,0.0,0.818732937656,-0.574031817544,-0.0120248137425,0.0,-0.00864824117567,0.00861157534976,-0.999925521574,0.0,0.658536822054,0.256775793176,0.303369616819,1.0,-0.01134,-0.014904,0.568
0.462616389215,0.52955524135,-0.124042879386,-1.38448415922,0.0779169624743,1.90460499685,0.155586122788,-0.00578561792916,-0.0562956915186,-0.000305218811942,-0.0987337171802,-0.0147410997083,0.0377788097742,-0.0139081047105,0.574087815378,0.818779364805,0.00206855137712,0.0,0.818736244602,-0.574027216227,-0.0120193055753,0.0,-0.00865392121051,0.00859390032556,-0.999925624497,0.0,0.658356142327,0.256531960835,0.303363718354,1.0,-0.01166,-0.0153245714286,0.584
0.462481427952,0.52844907371,-0.124049064425,-1.38617321518,0.0778176108943,1.90524273292,0.155365549048,-0.00732483187495,-0.0655705912351,0.000249752415283,-0.100300992133,-0.00897628492893,0.0435059397789,-0.017020684666,0.574091564666,0.818776615463,0.00211571539974,0.0,0.818734099318,-0.574030755536,-0.0119963833463,0.0,-0.00860803817609,0.00861939677793,-0.999925801086,0.0,0.658147072047,0.256266279216,0.303394065761,1.0,-0.01202,-0.0157977142857,0.602
0.462334882878,0.527273118529,-0.124046760591,-1.38800565483,0.0777073459907,1.90594878482,0.15509721539,-0.0106464046977,-0.0689447201721,0.00129724342288,-0.103823111298,-0.00939552115418,0.0437345064241,-0.0091999463126,0.574055272149,0.818801953407,0.00215696916801,0.0,0.818759988445,-0.573994309503,-0.0119733404036,0.0,-0.00856587140265,0.00863956557342,-0.999925989138,0.0,0.657944632782,0.256013624805,0.303410925281,1.0,-0.01236,-0.0162445714286,0.619
0.462187159612,0.526180293952,-0.124053213643,-1.38971799237,0.0776002838807,1.90658272161,0.154872712677,-0.0119663509441,-0.0664671660398,-0.000791496432695,-0.110888344058,-0.00141680925952,0.0385998177208,-0.0109251957935,0.574060553091,0.818798228828,0.00216535293098,0.0,0.818756410506,-0.57399959291,-0.0119647187746,0.0,-0.00855394353007,0.0086415360469,-0.99992607422,0.0,0.657743513608,0.255749479617,0.303420048779,1.0,-0.01268,-0.0166651428571,0.635
0.4620440945,0.524993170879,-0.124055667726,-1.39155776051,0.077486867115,1.9072401714,0.154621894814,-0.00775859025652,-0.0709893133439,2.99822053079e-05,-0.108890182029,-0.00860129036049,0.0418164455417,-0.00957663271162,0.574042871236,0.818810629557,0.00216374885587,0.0,0.818768751985,-0.573981881173,-0.0119698688325,0.0,-0.00855926798824,0.00864299422769,-0.999926016054,0.0,0.657504436743,0.255461262498,0.303432123344,1.0,-0.01304,-0.0171382857143,0.653
0.461861922401,0.523607869648,-0.124061980916,-1.39377843835,0.0773383415724,1.90804304473,0.154318286529,-0.00798544126223,-0.068283469425,0.00054725848881,-0.116532957901,-0.0104430176388,0.037520147925,-0.0152153572736,0.574026538981,0.818822164161,0.00213141396221,0.0,0.818779956331,-0.573965776605,-0.0119756961215,0.0,-0.00858277199041,0.00861969238319,-0.999926015727,0.0,0.657248027015,0.255139100661,0.303423329186,1.0,-0.01342,-0.0176377142857,0.672
0.461708310663,0.522465446685,-0.124060165836,-1.39560228931,0.077235562903,1.90874734605,0.154076108058,-0.00765219008198,-0.0719471632319,0.00126257131711,-0.113185308657,-0.00529806262126,0.0463655749076,-0.0123359353963,0.574023029973,0.818824566761,0.00215333016942,0.0,0.818782576257,-0.573962108514,-0.0119723727766,0.0,-0.00856750797859,0.00863569318468,-0.999926008568,0.0,0.657033657589,0.254868857642,0.30341920699,1.0,-0.01374,-0.0180582857143,0.688
0.4615460029,0.521227865624,-0.124067990776,-1.39759365936,0.0771049536852,1.90952031644,0.153802939302,-0.00960022880204,-0.0761966306022,0.000293124507992,-0.119375590874,-0.00822303663823,0.0496021545035,-0.0145413017427,0.574009251282,0.818834209589,0.00215952567351,0.0,0.818792438816,-0.573948446238,-0.0119528281424,0.0,-0.00854809275665,0.00862940336834,-0.999926229033,0.0,0.656801331539,0.254568866479,0.303408145149,1.0,-0.01408,-0.0185051428571,0.705
0.461367125283,0.519859786462,-0.12407165043,-1.39976235379,0.0769679047564,1.91030650299,0.153504795805,-0.0125787054286,-0.0735817930347,0.000447590847708,-0.123777160667,-0.00332468238734,0.0389019868214,-0.0179827224979,0.573992679815,0.818845868666,0.00214331275805,0.0,0.818803887677,-0.573931944637,-0.011960909327,0.0,-0.00856419041594,0.00862059318958,-0.999926167282,0.0,0.65653610436,0.254241029294,0.303404959911,1.0,-0.01444,-0.0189782857143,0.723
0.461198330664,0.51858498784,-0.124078032835,-1.40171896822,0.0768422287991,1.91099362705,0.153250956849,-0.0114150769998,-0.0765545625137,0.000115347813727,-0.121177462801,-0.0133453311289,0.0438367731766,-0.0164937992546,0.573997299256,0.818842627684,0.00214439635854,0.0,0.818800670787,-0.573936569067,-0.0119592269223,0.0,-0.00856214215716,0.00862056310396,-0.999926185082,0.0,0.656295443253,0.253937366849,0.303428277368,1.0,-0.01476,-0.0193988571429,0.739
0.461013686578,0.517145718646,-0.124086556907,-1.4039818487,0.0766959519539,1.91181403699,0.152926714505,-0.0139183528011,-0.0787079002915,0.000643225684582,-0.130272481937,-0.00993084618796,0.047397150808,-0.0214083496529,0.57396932317,0.818862261722,0.00213524896087,0.0,0.818820236768,-0.573908685667,-0.0119577286988,0.0,-0.00856645977352,0.00861192031373,-0.999926222576,0.0,0.656018122708,0.25359361577,0.30343249067,1.0,-0.01512,-0.019872,0.757
0.46083899548,0.515875232316,-0.124093599136,-1.4059991247,0.0765649599955,1.91258265581,0.152655644712,-0.0122915621355,-0.0776522524039,-0.00114172575275,-0.130303195562,-0.00228116644293,0.0461683318496,-0.0136062638205,0.573966771522,0.818864022823,0.00214574360268,0.0,0.818822236733,-0.573906193988,-0.0119403532083,0.0,-0.0085462346593,0.0086105143371,-0.99992640775,0.0,0.65577973271,0.253283163849,0.303430269947,1.0,-0.01544,-0.0202925714286,0.773
0.460706816297,0.514904800216,-0.124099304008,-1.40755270528,0.0764719157399,1.91316406468,0.152446130447,-0.00949914582884,-0.0806442742756,-0.00174952630727,-0.131497747864,-0.00979930233093,0.0493843756743,-0.0167994460066,0.573964391302,0.81886569941,0.00214260298362,0.0,0.818823863844,-0.573903818316,-0.0119429570805,0.0,-0.00855019448706,0.00860941230265,-0.999926383387,0.0,0.655592379925,0.25304593281,0.30342180982,1.0,-0.01568,-0.020608,0.785
0.460517257542,0.513499479099,-0.12409712976,-1.40982267315,0.0763419329905,1.91394338303,0.152127288798,-0.00845237059809,-0.0814939308903,-0.000464346901634,-0.131250053586,-0.00637839221711,0.0466384443696,-0.0246987381203,0.573940990283,0.818882271945,0.00207635936553,0.0,0.818839344648,-0.573880467161,-0.012003498197,0.0,-0.0086380361011,0.00858966976192,-0.9999257982,0.0,0.655299900075,0.252703946091,0.303393837801,1.0,-0.01602,-0.0210548571429,0.802
0.460310324817,0.511980154231,-0.124104904506,-1.41224070365,0.0761895645735,1.9148120661,0.151793861425,-0.00752869736966,-0.086232377064,-0.000809071399616,-0.136775576049,-0.00918428516194,0.0512586666469,-0.018695195627,0.573928362004,0.818891198116,0.00204642055338,0.0,0.818847871976,-0.573867958812,-0.0120197882949,0.0,-0.00866869055127,0.00857436960624,-0.999925664232,0.0,0.654999963616,0.252331201078,0.303382811944,1.0,-0.01638,-0.021528,0.82
0.460139399286,0.510702690137,-0.124103592829,-1.4142815091,0.0760611365395,1.91559606947,0.151499681558,-0.00930952123518,-0.091922229902,0.000353551753676,-0.144461822227,-0.00608607572246,0.0557857914436,-0.0237255480164,0.573898658439,0.818911981255,0.00206002439292,0.0,0.818868859704,-0.573838228224,-0.0120093853787,0.0,-0.00865267541723,0.00857922515979,-0.999925761296,0.0,0.654753342371,0.252027055527,0.303373886386,1.0,-0.01668,-0.0219222857143,0.835
0.4599264617,0.509214858743,-0.12410457576,-1.41664044572,0.0759167940202,1.91647076742,0.151172370146,-0.0136990904522,-0.085974626249,-8.39294905325e-05,-0.140562045044,-0.00864083404925,0.0421774921654,-0.0181946216605,0.573889648608,0.818918290849,0.00206180381296,0.0,0.818875153817,-0.573829173636,-0.012012861723,0.0,-0.00865459563996,0.00858258214874,-0.99992571587,0.0,0.654465584668,0.251662754194,0.303368301421,1.0,-0.01702,-0.0223691428571,0.852
0.459718811011,0.507697956639,-0.124115273812,-1.41901869553,0.0757649761409,1.9173095248,0.150833724297,-0.0169624919517,-0.0859076728114,0.000341685133127,-0.145586606588,-0.0135800381627,0.0525651540826,-0.0168792712824,0.573878126018,0.818926436815,0.0020333381769,0.0,0.818882917609,-0.573817762706,-0.0120286886929,0.0,-0.00868401280152,0.00856823218936,-0.999925583891,0.0,0.654149613125,0.251266333165,0.303365751585,1.0,-0.01738,-0.0228422857143,0.87
0.459503989118,0.506133556297,-0.124118948154,-1.42145691989,0.0756136092891,1.91821652056,0.150514355579,-0.00678999460682,-0.0920279446804,0.00105860414538,-0.141264706566,-0.00160051312592,0.0575032788993,-0.0191403582556,0.573874434188,0.818928947911,0.0020637249587,0.0,0.818885835367,-0.57381395244,-0.0120118075797,0.0,-0.00865278936147,0.008583389672,-0.999925724571,0.0,0.653868293904,0.250916558633,0.303382525804,1.0,-0.0177,-0.0232628571429,0.886
0.459272086528,0.5044969962,-0.124128770934,-1.423930348,0.0754535118963,1.91917792549,0.150172178866,-0.00767172174973,-0.0948333699344,-0.00380939558292,-0.150693244741,-0.015788228238,0.0580535618191,-0.0161604789371,0.573875562221,0.818927904717,0.00216168052784,0.0,0.818886229386,-0.573814833191,-0.011942672761,0.0,-0.00853994804987,0.00862394449938,-0.999926345722,0.0,0.653578956267,0.250526613754,0.303432469422,1.0,-0.01804,-0.0237097142857,0.903
0.45903916914,0.502836506625,-0.124128742648,-1.42639883352,0.0752968285795,1.92011885434,0.149819900256,-0.0128545417701,-0.102104207327,0.000123024922203,-0.143915441425,-0.00554969930986,0.0571478866826,-0.0221062781283,0.573862260672,0.818936925689,0.00227253644018,0.0,0.818896754747,-0.573801149294,-0.0118782589156,0.0,-0.00842372300043,0.0086776243012,-0.999926867189,0.0,0.653284116516,0.250141946216,0.303498727283,1.0,-0.01838,-0.0241565714286,0.92
0.458827127951,0.501234607297,-0.124134691215,-1.42880957827,0.0751404910344,1.92097550913,0.149479623789,-0.0131127782382,-0.099043429108,-0.00145533365076,-0.1587473607,-0.00827195134639,0.0504922372397,-0.0152646104467,0.573842230804,0.818950855793,0.00231016092022,0.0,0.818911189704,-0.573780989736,-0.011856900772,0.0,-0.00838485404946,0.00869597444148,-0.999927034464,0.0,0.652979822061,0.249768044255,0.303543843092,1.0,-0.0187,-0.0245771428571,0.936
0.458592748985,0.499522819847,-0.124135152039,-1.43141082557,0.0749682831344,1.92190940198,0.149125060643,-0.0100322926668,-0.098185689991,-0.000912645920759,-0.156900176306,-0.0134320746344,0.067417770762,-0.0194989365719,0.573824227578,0.818963386272,0.00233980602813,0.0,0.818924076139,-0.573762842397,-0.0118450456239,0.0,-0.00835832584101,0.00871326540305,-0.999927106041,0.0,0.652631197695,0.249342204023,0.303576648988,1.0,-0.01906,-0.0250502857143,0.954
0.458317165638,0.497754878787,-0.124132371341,-1.43422005235,0.0748001876196,1.92294022728,0.148708951493,-0.0183123318739,-0.098201251666,-0.000231750878532,-0.158565233863,-0.00644558642829,0.0505864838682,-0.0233151205648,0.573810185653,0.818973232812,0.00233702350472,0.0,0.818933817839,-0.573748741535,-0.0118545555584,0.0,-0.00836786050172,0.0087163001227,-0.999926999847,0.0,0.652302992523,0.248919141938,0.30356587716,1.0,-0.0194,-0.0254971428571,0.971
0.45808872419,0.496280761272,-0.124129865691,-1.4365894295,0.0746549483663,1.92377397159,0.14836007605,-0.0159437271324,-0.102714455825,0.000247900896825,-0.163937367801,-0.0115231977126,0.0555332114263,-0.0265190644016,0.573790279457,0.818987322435,0.00228643674017,0.0,0.818947108887,-0.573728891582,-0.0118970042986,0.0,-0.00843186321843,0.00869902366239,-0.999926612642,0.0,0.651999066447,0.248543288252,0.303537743024,1.0,-0.0197,-0.0258914285714,0.986
0.457797896424,0.494508893467,-0.124132372656,-1.4394841801,0.074476632675,1.9247787852,0.147952693157,-0.015475890686,-0.0968219835131,-0.000644120391123,-0.158613869137,-0.00918065069741,0.05406226276,-0.0119795614734,0.573794162341,0.818984875839,0.00218616373965,0.0,0.818943186178,-0.573733005941,-0.0119684003491,0.0,-0.00854782915225,0.00865790884289,-0.999925984877,0.0,0.651627084413,0.248071910302,0.303481467998,1.0,-0.0204754285714,-0.0269105632653,1.004
0.457511032784,0.492667065433,-0.124152840285,-1.44240174233,0.074289431261,1.92585418498,0.147535489763,-0.0196454431707,-0.120188953309,0.00104942669339,-0.173273846956,-0.0120799444406,0.0620168194183,-0.0268210165832,0.573798007398,0.818982207568,0.00217653262852,0.0,0.818940478303,-0.573736977106,-0.0119633188884,0.0,-0.0085491526599,0.00864714569623,-0.999926066697,0.0,0.651267577558,0.247594222526,0.303468866119,1.0,-0.0232828571429,-0.0306003265306,1.021
0.457223589108,0.490726275981,-0.12417311497,-1.44549639968,0.0741085951776,1.92697465565,0.14709795794,-0.0247090033611,-0.124531915341,-0.00239594906767,-0.207185628431,-0.0109225259139,0.0649826829508,-0.022524602097,0.573795723771,0.818983880026,0.00214907878933,0.0,0.818941680835,-0.573734694328,-0.0119904468994,0.0,-0.0085871469918,0.00864020370364,-0.999925801141,0.0,0.650874802857,0.247100820546,0.303443985119,1.0,-0.0259251428571,-0.034073044898,1.037
0.45685080612,0.488451850489,-0.124188109443,-1.44916219933,0.073883437506,1.92828828193,0.146560278096,-0.0273221987534,-0.141827566185,-0.00125751934955,-0.222569659474,-0.0193458501699,0.0841537967786,-0.0395271492708,0.573792967878,0.818985987882,0.0020805212292,0.0,0.818942783287,-0.5737321162,-0.0120384153705,0.0,-0.00866579850055,0.00861155172914,-0.999925369772,0.0,0.650410507035,0.246497930597,0.303394915391,1.0,-0.0287325714286,-0.0377628081633,1.054
0.456445034274,0.485843155419,-0.124210738701,-1.45313685423,0.0736370855016,1.92982341728,0.145976954418,-0.0253281165926,-0.15685271616,0.000284334365915,-0.234209993207,-0.00513253718413,0.0827223895495,-0.0332142746186,0.573794361774,0.818984651383,0.00221767810312,0.0,0.81894337661,-0.573733080473,-0.0119517856048,0.0,-0.00851613763941,0.00867418699216,-0.99992611421,0.0,0.649932339467,0.245848569624,0.303448871301,1.0,-0.03154,-0.0414525714286,1.071
0.456017632361,0.483225865689,-0.124244474038,-1.45720414156,0.0733852628514,1.93125141193,0.145361174055,-0.0289232545448,-0.161055290797,-0.00728484283254,-0.260226144181,-0.0236195965924,0.0939652138248,-0.0440467426816,0.57379601276,0.818983553475,0.00219585490346,0.0,0.818941934668,-0.573734760033,-0.0119699487768,0.0,-0.0085435173872,0.00866675340581,-0.999925945106,0.0,0.649415432177,0.245160303838,0.303454278035,1.0,-0.0341822857143,-0.0449252897959,1.087
0.455531530328,0.480181835297,-0.124292925369,-1.46195393691,0.0730949123691,1.93292370344,0.144652943146,-0.0327017101946,-0.178964859869,-0.00337335192918,-0.287789646339,-0.0172054012931,0.106669790712,-0.0415414426571,0.573808900979,0.818974591447,0.00217039695822,0.0,0.81893260271,-0.573747713257,-0.0119875206957,0.0,-0.00857237961747,0.00865612156294,-0.99992579018,0.0,0.648776356886,0.244305929437,0.303452913761,1.0,-0.0371548571429,-0.0488320979592,1.105
0.454950288277,0.47669226288,-0.124328254103,-1.46726142481,0.0727788903751,1.93487145794,0.143885861473,-0.0261864275096,-0.196637129091,-0.0022632860867,-0.305981791467,-0.0120977957527,0.114834744626,-0.0383908040698,0.573848087739,0.818946844648,0.00227700259158,0.0,0.81890613331,-0.573786344134,-0.0119466737481,0.0,-0.00847734099254,0.00872039516763,-0.999926041964,0.0,0.648145885716,0.243462193134,0.303511145151,1.0,-0.0399622857143,-0.0525218612245,1.122
0.454425299229,0.473604248485,-0.124354527092,-1.47200982126,0.0724774949786,1.93660554694,0.143194884949,-0.0337854727944,-0.210976995252,-0.00108967496171,-0.319164899687,-0.0259483186695,0.109074799248,-0.0501862062492,0.573878044914,0.818925694159,0.00233321952014,0.0,0.81888574878,-0.573816106838,-0.0119143980246,0.0,-0.00841832981028,0.00874822008886,-0.999926297468,0.0,0.647548264639,0.242654748382,0.303538510985,1.0,-0.0424394285714,-0.0557775346939,1.137
0.453765280817,0.469666422372,-0.124368114723,-1.47802640321,0.0721138775962,1.93875772922,0.142285193839,-0.0367402292157,-0.230618205087,-0.000564983039332,-0.335229015584,-0.0214817429077,0.130412533589,-0.0508342706277,0.573872168449,0.818929602501,0.0024056866254,0.0,0.818890323228,-0.573809654107,-0.0119107631144,0.0,-0.0083738315146,0.00880541848621,-0.99992616905,0.0,0.646770322019,0.241647701567,0.303582735534,1.0,-0.045412,-0.0596843428571,1.155
0.453115136657,0.465707382378,-0.124372043591,-1.48400244781,0.0717167298368,1.94098411629,0.141312895878,-0.0352561070871,-0.238872509359,-0.00122005793844,-0.36524268948,-0.0288214646947,0.126943237631,-0.0566550107527,0.573785663025,0.818989704179,0.00257376303607,0.0,0.8189527524,-0.573722665196,-0.0118084578984,0.0,-0.00819453702261,0.00888348520156,-0.99992696396,0.0,0.646008748348,0.240658247335,0.30366317407,1.0,-0.0482194285714,-0.0633741061224,1.172
0.452437050481,0.461823477284,-0.124383809227,-1.49008089743,0.0713137501457,1.94306326127,0.140400347878,-0.0460428214867,-0.245909052393,-0.00430968731354,-0.394481267818,-0.0192683069498,0.141299072511,-0.0572606156593,0.573776297007,0.818996585739,0.0024699074224,0.0,0.818958088904,-0.573713487195,-0.011884028425,0.0,-0.00831611961564,0.00884169471567,-0.999926330581,0.0,0.645192345152,0.23962378217,0.30362736167,1.0,-0.0508617142857,-0.0668468244898,1.188
0.451686215043,0.457475779195,-0.124395343944,-1.49677120185,0.0708466072971,1.94541695607,0.139399859648,-0.0485588962213,-0.262971413124,-8.6460794889e-05,-0.403672421287,-0.0298917137676,0.141573763712,-0.0616275435455,0.573761689242,0.819006851531,0.00245926901597,0.0,0.818968317735,-0.573699030372,-0.0118770365452,0.0,-0.00831665417791,0.00882882194244,-0.999926439878,0.0,0.644303151193,0.238485849678,0.303639265815,1.0,-0.0536691428571,-0.0705365877551,1.205
0.450871476735,0.452966026955,-0.124420983184,-1.50376133189,0.0703753325591,1.9479099079,0.138279013958,-0.0503696601394,-0.270434214675,-0.00499152447734,-0.407614302183,-0.0297918040768,0.158105102592,-0.0732136694168,0.573721082459,0.819035311632,0.00245453524907,0.0,0.818996758134,-0.573658491595,-0.0118740089554,0.0,-0.00831732777088,0.00882279554889,-0.999926487467,0.0,0.643380844633,0.237275241292,0.30362792328,1.0,-0.0564765714286,-0.0742263510204,1.222
0.450004429208,0.448146181152,-0.124482653574,-1.51098797382,0.0698788978947,1.95059075083,0.13717549393,-0.0533090974442,-0.285360163253,-0.00190704395592,-0.436823840386,-0.0280608717603,0.155359029077,-0.0625788415414,0.573764145288,0.819004512465,0.00265726269518,0.0,0.818969075622,-0.573701315874,-0.0117132506543,0.0,-0.00806888538771,0.00889703051878,-0.999927865367,0.0,0.642457092804,0.235995816965,0.303728434454,1.0,-0.059284,-0.0779161142857,1.239
0.449084893038,0.443176600124,-0.124503404688,-1.51869436519,0.0693709239361,1.9531231382,0.136014299547,-0.0553175498285,-0.294712483339,-0.00218969133714,-0.462540084157,-0.0315576546977,0.148652413387,-0.0678326153724,0.573786036584,0.818989710823,0.00248690360629,0.0,0.818951590112,-0.573723325027,-0.0118569082606,0.0,-0.0082840507552,0.00884015226012,-0.999926610413,0.0,0.641379481953,0.234643567502,0.303684119805,1.0,-0.0620914285714,-0.081605877551,1.256
0.448127001988,0.438048198759,-0.124522261982,-1.5266676893,0.0688224970742,1.95588300036,0.134715814128,-0.0568236371754,-0.298746573753,0.000405917405195,-0.47034055318,-0.0233732083405,0.170517357671,-0.0778901541064,0.573721658904,0.819035067922,0.00240052497805,0.0,0.818995707236,-0.573659169299,-0.0119136857772,0.0,-0.00838080463143,0.00880132867277,-0.999926146637,0.0,0.640283197009,0.233249226553,0.303635111777,1.0,-0.0648988571429,-0.0852956408163,1.273
0.447210390052,0.433257881939,-0.124542815463,-1.53376477396,0.0683434478746,1.95850731948,0.13355098124,-0.0597627241578,-0.319747308715,-0.0029157493221,-0.473994322763,-0.0362628484396,0.178917512533,-0.0788154181333,0.573711484673,0.819041396728,0.00265889110074,0.0,0.819005599622,-0.573648235928,-0.0117590861032,0.0,-0.00810606618363,0.00892414126432,-0.999927323056,0.0,0.639352777436,0.231981728977,0.303753557026,1.0,-0.067376,-0.0885513142857,1.288
0.445978929531,0.427139296159,-0.124589555968,-1.54325767587,0.0676506749786,1.9617326466,0.132036152042,-0.0616740191245,-0.330593608363,-0.00380992674994,-0.512178644906,-0.0417541686628,0.166401977922,-0.0885183297265,0.573728378676,0.819030081199,0.00249409170368,0.0,0.81899229088,-0.573665900178,-0.0118241004959,0.0,-0.00825367753578,0.00882663382491,-0.999926981005,0.0,0.638036976716,0.230244955625,0.303684000188,1.0,-0.0705137142857,-0.0926751673469,1.307
0.444814952657,0.421369809735,-0.124693079644,-1.55211782067,0.0670145757882,1.96462498786,0.130569330559,-0.0693777451071,-0.344622010513,-0.00793354725862,-0.52522337697,-0.0365786487779,0.166381767631,-0.0867302874446,0.573753517006,0.81901305645,0.00229390275526,0.0,0.818972733985,-0.573691891304,-0.0119172875471,0.0,-0.00844458327281,0.00871639727195,-0.999926354004,0.0,0.636787533017,0.2285775108,0.303641968622,1.0,-0.0733211428571,-0.0963649306122,1.324
0.443662083254,0.415718292963,-0.124729446488,-1.56049587371,0.0664325272286,1.96767589813,0.129235328931,-0.0754322530589,-0.355322319199,0.000876172149298,-0.524404298228,-0.0330696313334,0.200638986401,-0.0896593026633,0.573819901496,0.818965790781,0.00254972139202,0.0,0.818929061534,-0.57375756761,-0.011755538554,0.0,-0.00816461917817,0.00883377299933,-0.999927649107,0.0,0.635659529057,0.2270321827,0.303752193477,1.0,-0.0759634285714,-0.0998376489796,1.34
0.442373751669,0.409632752394,-0.124745487972,-1.56970613231,0.0658091522007,1.97085991453,0.127651707512,-0.0755231810381,-0.359539141065,-0.000517707544685,-0.548745092681,-0.0381424298141,0.180934636948,-0.0874749527934,0.573794409389,0.818983486972,0.00260206119964,0.0,0.818947128803,-0.573731551395,-0.0117666503611,0.0,-0.00814396453036,0.00888275976349,-0.999927383574,0.0,0.634365963231,0.225328152361,0.303763635758,1.0,-0.0787708571429,-0.103527412245,1.357
0.441112205456,0.403764473552,-0.124817244639,-1.57876641145,0.0651554783442,1.97382472823,0.126191662311,-0.0822721435834,-0.371659581977,-0.00576423070073,-0.576440421184,-0.0447336572063,0.181283403533,-0.0941240600206,0.573869454254,0.818931584077,0.00237843976775,0.0,0.818892179719,-0.57380728857,-0.0118970786852,0.0,-0.00837828872746,0.00877522472833,-0.999926397146,0.0,0.632973010463,0.223496652097,0.303668671109,1.0,-0.0815782857143,-0.10721717551,1.374
0.43969247495,0.397220696989,-0.124874698465,-1.58836408554,0.0644705973186,1.97727011556,0.124523233331,-0.0858403671669,-0.385841550621,0.000412020402876,-0.568883618309,-0.0425026399914,0.203227361501,-0.0956788768477,0.573893999169,0.818913412708,0.00269204501796,0.0,0.81887846431,-0.573831070835,-0.0116922938258,0.0,-0.00803035177305,0.0089147665902,-0.999928017603,0.0,0.631732053295,0.221772946411,0.303814051893,1.0,-0.0842205714286,-0.110689893878,1.39
0.438211199321,0.390607268594,-0.124892571059,-1.5983997736,0.0637032269367,1.98058615991,0.122836596161,-0.0908465480764,-0.380268249788,-0.000892906923103,-0.59278066063,-0.0374909825011,0.191315413803,-0.0982281113042,0.573909797348,0.818902738966,0.00256817510036,0.0,0.818866204071,-0.573847335292,-0.0117525532941,0.0,-0.00815061456907,0.00884806762788,-0.999927636972,0.0,0.630260650738,0.219857820045,0.303770893778,1.0,-0.087028,-0.114379657143,1.407
