position_joint1,position_joint2,position_joint3,position_joint4,position_joint5,position_joint6,position_joint7,velocity_joint1,velocity_joint2,velocity_joint3,velocity_joint4,velocity_joint5,velocity_joint6,velocity_joint7,ee_T_00,ee_T_10,ee_T_20,ee_T_30,ee_T_01,ee_T_11,ee_T_21,ee_T_31,ee_T_02,ee_T_12,ee_T_22,ee_T_32,ee_T_03,ee_T_13,ee_T_23,ee_T_33,v_x,v_y,w_z,time
0.46509954966142436,0.5472759376783849,-0.12397396014592221,-1.3555777883273157,0.07945990726690705,1.894178203106025,0.1591254337529424,-0.0004242336239200824,-0.002185165640447103,0.0013386721306464884,-0.0005492536310028074,-0.00010334488948238074,0.00011129507752342659,0.0002824991216126969,0.573721611980067,0.8190343517040505,0.0026437808017438042,0.0,0.8190008647329814,-0.5736611848261358,-0.011453186967427118,0.0,-0.00786407054339,0.008736367854207394,-0.9999309137491473,0.0,0.6617565771150036,0.26095183434582103,0.30370001395316687,1.0,5e-324,6.9079450979083e-310,6.9077328983293e-310,0.0
0.4651000822049934,0.5472803171154594,-0.12397897137862936,-1.3555705886164149,0.07946051761841734,1.8941778891351815,0.15912467518449105,-0.000282822119268391,-0.0005287541479543639,-0.000777987768165499,0.001397068759887017,0.0001345539278450795,7.419671834895106e-05,-0.0011340956376748696,0.5737238289815266,0.8190327957327034,0.0026447068374261884,0.0,0.8189993455191323,-0.5736634261268693,-0.011449561774279884,0.0,-0.007860546344319042,0.00873506776736506,-0.9999309528173775,0.0,0.6617590267558832,0.26095016175722624,0.3037004788758897,1.0,-0.0,-0.0,-0.0,0.001
0.4650999139225291,0.5472872353102558,-0.12397976069519408,-1.355580399900503,0.07946123034527414,1.8941804897226262,0.15912618560658814,0.0011041745181526788,0.001848422473735378,-0.0005916725298219397,-0.0012195504370260241,1.3337826420052941e-05,-0.00010828134297470864,0.001120209590904604,0.5737265181990391,0.8190309502260648,0.002632828935791632,0.0,0.8189973376069929,-0.5736661433221953,-0.011457045854138136,0.0,-0.00787346191961591,0.008729658988516312,-0.9999308984381593,0.0,0.6617573020562356,0.26094862991658074,0.3036911594040876,1.0,-0.0003400000000000002,-0.00044685714285714316,-0.0001700000000000001,0.01800000000000001
0.46509426880301086,0.5472747773844143,-0.12398212930040887,-1.3555791394139605,0.07946311044335558,1.894178520081484,0.15912309406594446,-0.00021213079402622803,0.0012009337263090996,-0.0009380801160324876,-0.00022378821828101289,-0.00024631911599762594,-0.0004580836357358584,-0.00016255980069506928,0.5737257050901787,0.8190314902809553,0.0026419969989775888,0.0,0.818998015317411,-0.5736653221065681,-0.011449717014729785,0.0,-0.007862208102315527,0.008732955402449186,-0.9999309582034626,0.0,0.6617582651588529,0.26094560470273354,0.30370054821770237,1.0,-0.0006600000000000004,-0.0008674285714285722,-0.0003300000000000002,0.03400000000000002
0.46509175039228795,0.5472308944969324,-0.12397707730348598,-1.3556184201600432,0.07946016509005589,1.894186836594212,0.159125433807274,0.001016466178561996,-0.0035503000806241932,0.004167493539937128,-0.00234849670440774,-0.00020710679545075545,0.0005553927652767255,-0.0012880539821604597,0.5737260224359527,0.819031234615292,0.002652320791222064,0.0,0.8189978434927713,-0.5736655511972838,-0.011450529460017869,0.0,-0.007856947482575038,0.00874188003842366,-0.9999309215689103,0.0,0.6617525032489477,0.2609438068340092,0.3037114642860299,1.0,-0.0009600000000000008,-0.001261714285714287,-0.0004800000000000004,0.05000000000000004
0.46509056654774633,0.5471064985553615,-0.12397429335198488,-1.35575415252947,0.07945813159623258,1.8942092146102418,0.1591230940699444,-0.001371685426798404,-0.011798131999264223,0.0011790898433657001,-0.00832612106229266,0.000260952769951924,-2.276665234733757e-05,-0.00100150585319119,0.5737363423683878,0.8190239421386842,0.002671806610071192,0.0,0.8189907066378413,-0.5736757002577695,-0.011452522683481648,0.0,-0.007847290832337428,0.008759081898362664,-0.9999308468643673,0.0,0.6617293179402258,0.2609287992803793,0.303738788803668,1.0,-0.001340000000000001,-0.0017611428571428587,-0.0006700000000000005,0.06800000000000005
0.46508180847697883,0.5469634671097434,-0.12397186661916805,-1.355948231083983,0.0794531875344326,1.894253880225016,0.15912570335614787,-0.00291405755518756,-0.010530850892053528,0.0006605078895032681,-0.01738200878062997,-0.0006662445892783026,0.0035752121069669777,0.0012180572764831012,0.5737532989343779,0.8190120631422794,0.002671945088156989,0.0,0.8189787303683547,-0.5736925437385415,-0.011465224125503186,0.0,-0.007857433170999573,0.008766645146027402,-0.9999307009372433,0.0,0.6616995125970933,0.260905475974191,0.30375150542527696,1.0,-0.0016800000000000012,-0.002208000000000002,-0.0008400000000000006,0.08500000000000006
0.46506142710315,0.5468022555236416,-0.12397953569018227,-1.3561564620803845,0.07945098165077759,1.8943590777506663,0.15912439756666566,-0.0014928752056821233,-0.015243333555438481,0.0009410310536962293,-0.015202520693236543,0.00044397676531815266,0.004794647881745634,0.00023224999880910294,0.5737854685030188,0.8189893527547504,0.002724538554444117,0.0,0.8189566874106025,-0.5737245279661799,-0.011439276928433686,0.0,-0.007805661694701871,0.008795139274672431,-0.9999308561948906,0.0,0.6616842063029913,0.26087174156980725,0.3037759650055397,1.0,-0.0020000000000000013,-0.0026285714285714306,-0.0010000000000000007,0.10100000000000008
0.4650300607895066,0.5465985515616072,-0.12397673114643297,-1.3563862062230105,0.07944806116808015,1.8944786051929594,0.15911468456464234,-0.0013583133098678181,-0.010841739022648785,0.0011656324851007692,-0.014912820960888343,0.0004966019980974399,0.005317151390816106,3.741948644517311e-05,0.5738185805546645,0.8189658390517998,0.002817441679932856,0.0,0.8189342940257853,-0.573757256394894,-0.011400864173407969,0.0,-0.007720539329666376,0.008849497690449348,-0.9999310374536265,0.0,0.6616668592612653,0.2608369757615543,0.3038234276093334,1.0,-0.002360000000000002,-0.003101714285714289,-0.001180000000000001,0.11900000000000009
0.465000691211863,0.5463834342894668,-0.12397797330930535,-1.3566676379495402,0.07943981003687045,1.894609792931924,0.15910781205687438,-0.004617223504202168,-0.01112983493559078,9.400820974507141e-05,-0.021352303739867472,4.528335262121218e-05,0.006134395148511803,-0.0008192491989532152,0.5738463457078508,0.8189462023236409,0.002869863871396909,0.0,0.8189153313870271,-0.5737848560006438,-0.011373915104499244,0.0,-0.007668087786641908,0.008877226056499113,-0.999931195276574,0.0,0.661644127637054,0.260792501925132,0.30385098869828714,1.0,-0.002680000000000002,-0.0035222857142857174,-0.001340000000000001,0.1350000000000001
0.4649714870589011,0.5461321820125616,-0.12398032632344318,-1.3570445107155678,0.07942630626742031,1.8947429818031518,0.15910686218282866,-0.004033900862333493,-0.01988246216506701,-0.0006109984327375888,-0.02394742262920028,-0.00019904385643625098,0.006217638790804886,0.0015410124227952387,0.5738885732824904,0.8189165735027156,0.0028806248570692186,0.0,0.8188857723714017,-0.5738269659324441,-0.011377692106329891,0.0,-0.0076645479786625614,0.008888601334262086,-0.9999311213631683,0.0,0.6615997816442869,0.26073723515653746,0.30386113780469104,1.0,-0.0030200000000000023,-0.003969142857142861,-0.0015100000000000011,0.1520000000000001
0.464932427131208,0.5458564152546687,-0.1239803526677885,-1.3574764335912426,0.07940845185539862,1.894892454915139,0.15909030599725701,-0.00437886532852104,-0.014290246405356819,-0.00042980178885412037,-0.02915806831418292,0.00031760687546790656,0.002599828829117898,-8.526778185679341e-05,0.5739263835632307,0.8188900801908171,0.0028791867457404717,0.0,0.8188591822665725,-0.5738646851267989,-0.011389015903409343,0.0,-0.007674236304001603,0.00889427645638094,-0.9999309965909988,0.0,0.6615489552202882,0.2606709840427619,0.3038637529016912,1.0,-0.0033600000000000023,-0.004416000000000004,-0.0016800000000000012,0.16900000000000012
0.46488458157663526,0.5455421359583322,-0.12398293799463092,-1.3579776333828129,0.0793703404466796,1.895064813350454,0.15907095165449084,0.00013331416701923638,-0.024255521636343123,-0.0010004841146962948,-0.033003727479942985,5.4294237412869616e-05,0.006513122313462209,-0.0026008694574585624,0.5739693721562151,0.8188600119964677,0.0028613774573894883,0.0,0.818828943976484,-0.5739077914584192,-0.011390974975133153,0.0,-0.00768559505921057,0.008881220427490968,-0.9999310253974041,0.0,0.6614917872384477,0.26058799653675074,0.3038626741062042,1.0,-0.0037000000000000028,-0.004862857142857147,-0.0018500000000000014,0.18600000000000014
0.4648348609338104,0.545239047599574,-0.12398354144005896,-1.3585034975513635,0.07931143850668672,1.895239191534761,0.15903401781197876,-0.002353176548601298,-0.018178939407276946,0.0001331711199353079,-0.03856171711782684,-0.0019560609731616033,0.01000966988548892,-0.005177310747736334,0.5739939798644595,0.8188429605637559,0.0028042674176971434,0.0,0.8188113508229771,-0.5739327949595701,-0.011395856025591136,0.0,-0.007722104123733919,0.00883748889549174,-0.9999311315775323,0.0,0.6614302238066475,0.2604986159783452,0.3038419775040024,1.0,-0.004020000000000003,-0.005283428571428576,-0.0020100000000000014,0.20200000000000015
0.4647837213725372,0.5448625513981284,-0.12398084835826037,-1.3591245965171481,0.07929136979840756,1.8954412744632407,0.1589260547924156,-0.002799763962699581,-0.02242880603837746,-0.0002084609414300983,-0.036844920003905844,-0.00011901118532227383,0.01006681856014078,-0.006740378885407143,0.573974800084059,0.8188564914714055,0.0027788747386240523,0.0,0.8188243561991468,-0.5739134706536785,-0.011434544088433675,0.0,-0.0077685665770542145,0.00883872064878484,-0.9999307607982818,0.0,0.6613516260043619,0.2604080370652498,0.30383026004603336,1.0,-0.004360000000000004,-0.00573028571428572,-0.002180000000000002,0.21900000000000017
0.4647219605669107,0.5444683059199139,-0.12398324294394787,-1.3598254176332834,0.0792640974468472,1.8956704866349798,0.1589253946485548,-0.0007458799628841782,-0.02040768333369733,0.0006529473902613474,-0.04538001092751578,-0.005034838075278001,0.011094136599884478,-7.037597839285509e-05,0.5740583133058105,0.8187981477940406,0.0027190062053664915,0.0,0.8187650858838879,-0.5739969906670644,-0.011486328565385104,0.0,-0.00784443420447245,0.008820219568135723,-0.9999303318625662,0.0,0.6612648604505267,0.26029893794212183,0.3037956343379829,1.0,-0.004700000000000004,-0.006177142857142863,-0.002350000000000002,0.23600000000000018
0.46466529143634666,0.5440488536734117,-0.12398714660804809,-1.360525395463655,0.0792267336450989,1.8959005854942996,0.1588909421565635,-0.007468877723477202,-0.026188084999794605,0.0007366969796158885,-0.04190492073219502,-0.005890554617438625,0.019484262475065853,-0.004656937996369991,0.5741082249572721,0.8187632903349884,0.0026771883463585647,0.0,0.8187296252097657,-0.5740469623006714,-0.01151663051661661,0.0,-0.007892714416833868,0.008803855216307832,-0.9999300961529582,0.0,0.6611786220576304,0.2601911923624163,0.3037793248351039,1.0,-0.005020000000000004,-0.006597714285714292,-0.002510000000000002,0.25200000000000017
0.4645974026521692,0.5435773475676252,-0.1239873867829063,-1.361289704533131,0.07919277989578696,1.8961690484644196,0.15883423815394584,-0.004185710562785072,-0.025920808566220106,-0.00029295819198734416,-0.04301767700775884,-0.002068750322031619,0.012243340223014341,-0.007499727115293818,0.5741510634718322,0.8187332991263585,0.0026623517876306546,0.0,0.8186993196512319,-0.5740897081892389,-0.01154027101124334,0.0,-0.007920127883994155,0.008805694007960621,-0.9999298632040846,0.0,0.661088406323836,0.26007435932085565,0.30377240659932914,1.0,-0.005360000000000004,-0.007044571428571435,-0.002680000000000002,0.2690000000000002
0.4645345859049072,0.5430976838628179,-0.12398784030110512,-1.3620607849446595,0.07914920403064112,1.896450094196094,0.15875339748158393,-0.0017407327328347669,-0.029787434932766522,3.902873917514211e-05,-0.04507258975587109,-0.0001479384181139077,0.023406797755222464,0.0008545866471689332,0.5741724033138832,0.8187183649277352,0.0026527540450024083,0.0,0.8186842429964704,-0.5741110570611145,-0.011547784665209395,0.0,-0.007931560657859271,0.008802356684005946,-0.9999298019672872,0.0,0.6609914392990847,0.2599547604634624,0.30376929921515294,1.0,-0.005700000000000004,-0.007491428571428578,-0.002850000000000002,0.2860000000000002
0.4644598906988211,0.5425375838780889,-0.1239981146885971,-1.3629831006294895,0.07908852014862626,1.8967522734386335,0.15870792103168885,-0.0012419622192902555,-0.033429194027631046,-0.0006353648913088355,-0.05157751989094567,-0.003379852495900133,0.014622516878359247,-0.007018906753184609,0.5742340556629255,0.8186753020808555,0.002597302627074749,0.0,0.8186404817581359,-0.5741729099291544,-0.011574887969335937,0.0,-0.007984927832098365,0.008773120846138266,-0.9999296341633921,0.0,0.6608863265285037,0.2598125965928537,0.3037527127238847,1.0,-0.006040000000000005,-0.007938285714285722,-0.0030200000000000023,0.3030000000000002
0.4643895668296453,0.5420021898365134,-0.12399916865914594,-1.363838146756184,0.0790436039010162,1.8970685212650367,0.15865934386508715,-0.004772840685377708,-0.03601298870176929,-0.0011559692906650562,-0.056278211013404925,-0.0034981007243854475,0.020802916241368756,-0.005930668744118129,0.5742881782814508,0.8186373396771679,0.002596396285178655,0.0,0.8186024532671898,-0.574226969178007,-0.011582671314800393,0.0,-0.007991240318019288,0.008777376569408801,-0.9999295463875134,0.0,0.6607875132582263,0.2596852372567331,0.30375178714822126,1.0,-0.0063600000000000045,-0.00835885714285715,-0.0031800000000000023,0.31900000000000023
0.46429802927234093,0.5413907216925327,-0.12399671234443567,-1.3647753842160524,0.07899156119640387,1.8974041878024241,0.15857601465645296,-0.007023596683642934,-0.03744198600445898,-0.0002873099073718149,-0.055692557563426885,-0.0042550071583865035,0.01762573959973363,-0.0028098375000295316,0.5743312418352599,0.8186070917206935,0.0026078607640795766,0.0,0.818572287538169,-0.5742699154632359,-0.011585386035228129,0.0,-0.007986416951506314,0.008788740910484122,-0.999929485102567,0.0,0.6606805873526205,0.2595373092292953,0.3037670181465988,1.0,-0.0067000000000000046,-0.008805714285714293,-0.0033500000000000023,0.33600000000000024
0.4642148734379268,0.5407541806357261,-0.12400271878757171,-1.3657649370272302,0.07891603533151617,1.8977623969701238,0.15850024466594143,-0.007375593182450381,-0.04002233775751306,-0.003232068115631134,-0.06030579521005272,-0.003607818812170488,0.022238824246965314,-0.007068848426091367,0.5743761658877314,0.8185755916402551,0.0026014865219232365,0.0,0.8185408522171619,-0.5743150176326692,-0.011570681673845725,0.0,-0.007977558411860097,0.00877551572708865,-0.9999296719697387,0.0,0.6605676630377325,0.2593818754499047,0.30377718128904285,1.0,-0.0070400000000000055,-0.009252571428571438,-0.0035200000000000027,0.35300000000000026
0.46411379783193163,0.540048835157025,-0.12400062571525888,-1.3668134143917217,0.07886636865288157,1.8981684385071549,0.15841966724093356,-0.004322219243604594,-0.04678758011662055,0.0002428570520762577,-0.06252914896840357,-0.006113230837978544,0.020243532755629182,-0.002009810914493069,0.5744363423787467,0.8185331685596396,0.00266222152571578,0.0,0.8184991159922664,-0.5743748724794621,-0.011552051129064246,0.0,-0.007926776479701636,0.008815113681180348,-0.9999297275236039,0.0,0.6604536559574236,0.2592206417138041,0.3038117706137438,1.0,-0.0073800000000000055,-0.009699428571428581,-0.0036900000000000027,0.3700000000000003
0.464023473567661,0.5393356638978029,-0.12401181483042205,-1.3679357878788667,0.07879837983146554,1.8985748220993304,0.15836479385358046,0.0019323048637487736,-0.046572179732365764,-0.0010287829417493042,-0.0745000226315021,-0.006005534510747612,0.027467443521395296,-0.01347127690539822,0.5745171008562598,0.8184765085971,0.002655673102566815,0.0,0.8184424107435299,-0.5744556865816981,-0.011551248914169056,0.0,-0.00792901202378532,0.008810075154896319,-0.99992975420481,0.0,0.6603239288406402,0.25904721319022256,0.3038170355527434,1.0,-0.0077200000000000055,-0.010146285714285724,-0.0038600000000000028,0.3870000000000003
0.4639217080328218,0.5386379985347296,-0.12401590778406099,-1.3690265811005342,0.078736988116124,1.8989855559310318,0.15826038496910802,-0.0042866570540381725,-0.03802986532211341,0.0005297837176647777,-0.07195893317655734,-0.00845134943934505,0.030669160818760404,-0.005826172102090685,0.5745617281691371,0.8184451316104557,0.002670948828983304,0.0,0.818411216453562,-0.5745002407495914,-0.01154560794721331,0.0,-0.007915138261537835,0.008819768743006565,-0.9999297786672926,0.0,0.6602027175178647,0.25887526037542,0.3038264243149426,1.0,-0.008040000000000005,-0.010566857142857152,-0.004020000000000003,0.4030000000000003
0.4638123378210912,0.537880569527584,-0.12402998530371906,-1.3702275215049906,0.07867307249983672,1.8994513682603757,0.15817216013356786,-0.010757245578370789,-0.040861255553271546,-0.0011431160176569612,-0.0757397070089893,-0.007758097317904344,0.027571449271182567,-0.0006265760993849274,0.5746382736299599,0.818391331715097,0.0026887830662883526,0.0,0.8183576627217161,-0.5745767347476698,-0.01153510522553517,0.0,-0.007895469944589506,0.008829069165575798,-0.9999298520856469,0.0,0.6600727537815585,0.25868354224688556,0.3038305945112517,1.0,-0.008380000000000007,-0.011013714285714297,-0.004190000000000004,0.4200000000000003
0.4637222391403582,0.5370778991907117,-0.12404344037666869,-1.3714790050627914,0.0785862609403271,1.8999222166386005,0.15809678646158623,-0.005976442173452417,-0.04324586574809035,-0.0004442183362535404,-0.08011307871998519,-0.005308903646399015,0.02166687752390465,-0.010211754901895078,0.5747055459951318,0.8183440671189676,0.0026963150469130736,0.0,0.8183106556437447,-0.5746441532017345,-0.011511513895849841,0.0,-0.007871108966566398,0.008822324069683321,-0.999930103678075,0.0,0.6599291600242815,0.2584961549591857,0.30384289155302757,1.0,-0.008720000000000007,-0.01146057142857144,-0.004360000000000004,0.43700000000000033
0.46359968068247276,0.5362407594367237,-0.12404929798988516,-1.3727978387144917,0.07852814420069565,1.9004094120953787,0.15798375409379284,-0.006041814400715943,-0.05103271054475477,-0.0004667997539127545,-0.07674290199273436,-0.0012873244276659422,0.02467784712697395,-0.0036774029871672995,0.5747745100427609,0.8182955851527658,0.0027101339090660004,0.0,0.8182621917497469,-0.5747128831689174,-0.011525379550318609,0.0,-0.007873769925052787,0.008842264737455405,-0.9999299065941972,0.0,0.6597789010350291,0.25828996634358586,0.30384854271595585,1.0,-0.009060000000000007,-0.011907428571428583,-0.004530000000000004,0.45400000000000035
0.46349522678378735,0.5353825212360268,-0.12404790721382612,-1.374151304032813,0.07843189423059464,1.9009003554434611,0.15787461752828572,-0.006059633687261472,-0.051878192623203624,-0.000428189928422562,-0.07924058105796877,-0.0027329771008130733,0.02788673603588642,-0.0014272012628860791,0.5748182107869444,0.8182649287033555,0.0026977588840185213,0.0,0.8182314663388903,-0.5747567212103358,-0.011520669149900476,0.0,-0.007876556117876854,0.008829851637319253,-0.9999299943414963,0.0,0.6596173798804079,0.2580902175644745,0.30385245833829166,1.0,-0.009400000000000007,-0.012354285714285726,-0.004700000000000004,0.47100000000000036
0.4633912382214933,0.5346310198303198,-0.12405627802504669,-1.3753170947676714,0.07837493486543204,1.9013158402136021,0.15782745090584333,-0.012211287094017234,-0.048764487922071914,-0.0007447769019570966,-0.08130349221130027,-3.5843239841326686e-05,0.02535743016319786,-0.0035861429903378283,0.5749191830270534,0.8181939693943558,0.002703393316126808,0.0,0.818160483904233,-0.5748575546421941,-0.011530886765406478,0.0,-0.007880587668012917,0.008841307805023374,-0.9999298613474366,0.0,0.6594812130171213,0.25790722253715515,0.30386406934585564,1.0,-0.009680000000000008,-0.012722285714285728,-0.004840000000000004,0.4850000000000004
0.4632473807639152,0.5335696038269536,-0.1240626334541398,-1.3770367006846735,0.07827822724616246,1.9019468600457656,0.1576832783313809,-0.008745248053554214,-0.053228127628016736,-0.0003201813523375066,-0.08600889083880335,-0.0012713268870717988,0.032930428686313976,-0.010154178558896701,0.574991708922957,0.8181430788874491,0.0026803058838181333,0.0,0.8181092399448116,-0.5749300864615934,-0.011550502127420727,0.0,-0.00790912715490344,0.008834396056093985,-0.9999296971057373,0.0,0.6592791970735178,0.257645650882409,0.3038491300398932,1.0,-0.010080000000000007,-0.013248000000000012,-0.005040000000000004,0.5050000000000003
0.46314046267853887,0.5326933755592052,-0.12406024488141032,-1.3784451260452735,0.07819757367896936,1.902478666567741,0.15758413214886055,-0.0026839626839700887,-0.05413326157202522,-0.0003743559718106704,-0.09347003908217612,-0.002714168071355042,0.04107933006036912,-0.00677806709691536,0.5750518669748235,0.8181007960716673,0.0026804210271125124,0.0,0.8180669120039796,-0.5749901845104166,-0.011556907119072752,0.0,-0.007913651495608687,0.008838754941219995,-0.9999296227890717,0.0,0.659112061683865,0.2574439020715379,0.3038426144082092,1.0,-0.010400000000000006,-0.01366857142857144,-0.005200000000000003,0.5210000000000004
0.46301116819526067,0.5317266168312532,-0.12406048207877995,-1.3799672495748556,0.0781156114006877,1.903061696501712,0.157474423334417,-0.003093382939390732,-0.05712033169208087,-0.0008733511500765487,-0.08931189477247724,-0.003382182630915362,0.027941782225316278,-0.007169882556316335,0.5751292722910113,0.8180462943275405,0.002706915624595174,0.0,0.8180126867185031,-0.5750674177174834,-0.011552330869991089,0.0,-0.007893834461601579,0.008858545523770425,-0.9999296042965705,0.0,0.6589371160678065,0.2572168439143691,0.3038501488619816,1.0,-0.010740000000000008,-0.014115428571428584,-0.005370000000000004,0.5380000000000004
0.4628911248108131,0.5307941305689634,-0.1240581834912469,-1.3814585631626632,0.0780214577460639,1.903594485322908,0.1573741082892758,-0.00928727612437072,-0.05534601593319265,0.0002931802019590394,-0.09277784326126819,-0.005672422248344238,0.02998932466632468,-0.01106680697074918,0.5751996367921665,0.8179969028016385,0.0026817423990346586,0.0,0.8179629536252527,-0.5751378395045665,-0.011568014863422833,0.0,-0.007920381292238043,0.008847654226184512,-0.9999294908016662,0.0,0.6587557398799176,0.25699523367750104,0.3038435203757034,1.0,-0.011060000000000007,-0.014536000000000012,-0.005530000000000004,0.5540000000000004
0.462753822830688,0.529791447462269,-0.1240634150735162,-1.3830900631143737,0.07791569812288487,1.9041808610491264,0.15725573635403226,-0.006922493941660686,-0.05893764664257865,-0.00022407030942862518,-0.09420542358566068,-0.0018742271766139398,0.036260796258672914,-0.005897950010533754,0.5752790278510711,0.8179412116556966,0.002638425884137211,0.0,0.8179067436742815,-0.5752174130749501,-0.011585907331921053,0.0,-0.00795907580641153,0.008823285705592085,-0.9999293988785737,0.0,0.6585605688750422,0.2567439464307265,0.30382430938994603,1.0,-0.011400000000000007,-0.014982857142857155,-0.005700000000000004,0.5710000000000004
0.46259320620955774,0.5286685167002813,-0.12406368657421468,-1.3848670101881244,0.07780250741800139,1.9048286221566817,0.15712657301775473,-0.0051198952592328055,-0.0676021610358034,-0.0012236564574662453,-0.09776247846982107,-0.0019513355235930973,0.032862736823180465,-0.009296859237640672,0.5753708318573869,0.8178766687078559,0.0026282184625248256,0.0,0.8178420896413423,-0.575309263515395,-0.011589418693988269,0.0,-0.007966830111834078,0.008817850925083817,-0.9999293850682817,0.0,0.6583515866310585,0.25646749259516777,0.30382546605488286,1.0,-0.011760000000000008,-0.015456000000000013,-0.005880000000000004,0.5890000000000004
0.46245779039276114,0.5275633543118741,-0.1240641707481233,-1.38659362502994,0.07770336043481688,1.9054923301938491,0.15700450012513317,-0.006541088789911719,-0.0625265182986133,-6.124165746576859e-05,-0.10383753620941145,-0.004329351118500414,0.03873308550504839,-0.0018409702515872078,0.5754490244214894,0.8178215383748857,0.0026643129883689096,0.0,0.8177874041268118,-0.575387299392718,-0.011574292647666169,0.0,-0.007932846695482054,0.008839427201373082,-0.9999294647474178,0.0,0.658149372848631,0.2562166028474494,0.30383920474295034,1.0,-0.012100000000000008,-0.015902857142857156,-0.006050000000000004,0.6060000000000004
0.4623195998977337,0.5265658151046009,-0.12406704243383194,-1.3881371500198396,0.07760462186443484,1.9060808135689342,0.1568912127544956,-0.008382001045499847,-0.07141271356935348,-0.003431774077621517,-0.10434876834414382,-0.010056603163692796,0.04151854256508326,-0.003712945918958382,0.5755282588323815,0.8177656798676914,0.002694998535747478,0.0,0.8177320127568884,-0.5754664997358704,-0.01155032014800528,0.0,-0.007894726032303456,0.008851492639413955,-0.9999296597155867,0.0,0.6579729452244439,0.25597782177527034,0.3038576196843358,1.0,-0.012400000000000008,-0.01629714285714287,-0.006200000000000004,0.6210000000000004
0.4621702488544227,0.5254193027193781,-0.12407409333913781,-1.3899582786585112,0.07748637578045715,1.9067444134477018,0.15675937231863646,-0.01212233515589476,-0.06861023126707395,0.0021807830182655414,-0.11048093570874509,-0.004283477825094433,0.03715183713883106,-0.015499601573160316,0.5756137911031768,0.8177055338138897,0.0026777533826656567,0.0,0.8176717096745679,-0.5755521524604907,-0.011551705379444926,0.0,-0.007904858883637234,0.008839014292075745,-0.9999296900444421,0.0,0.6577547437749426,0.25570026679125935,0.30385511061479126,1.0,-0.01274000000000001,-0.016744000000000016,-0.006370000000000005,0.6380000000000005
0.46202348909299995,0.5242394845280666,-0.1240833220189326,-1.3917981463601687,0.07737371648144896,1.907412109881095,0.15661979547129,-0.005041171218453425,-0.0713731957515746,0.000352139245086853,-0.10878141416891744,-0.006811925956026447,0.03698439390190579,-0.011213488090902245,0.5756946476472992,0.8176486011391454,0.0026804153892740663,0.0,0.8176148291297157,-0.5756330097975416,-0.011548857944293264,0.0,-0.007900124066739622,0.008840333279276594,-0.9999297158036866,0.0,0.6575327785149102,0.2554225687742618,0.30386722771674657,1.0,-0.01308000000000001,-0.01719085714285716,-0.006540000000000005,0.6550000000000005
0.4618661089015292,0.5230652837769378,-0.12409221698091341,-1.3936974373031754,0.07725401253961657,1.908102852732674,0.1564757504026552,-0.01047814248209734,-0.06534653220628743,-0.00021184398642720012,-0.10902120992377415,-0.0033995845477919825,0.04063536844193726,-0.014854925162045696,0.5757814314503964,0.8175876088919267,0.0026442171852457614,0.0,0.8175534068661945,-0.5757199461382283,-0.011563625784456872,0.0,-0.007932101297297656,0.008820079589086788,-0.9999296415073673,0.0,0.6573037274772615,0.2551314255967274,0.3038488094061871,1.0,-0.01342000000000001,-0.0176377142857143,-0.006710000000000005,0.6720000000000005
0.46171317139741497,0.5218276231881109,-0.1240872825333628,-1.3956544125797004,0.07713127805509308,1.9088611735540015,0.15635314325208638,-0.005136835628207114,-0.07446092504132183,0.0003033633519393435,-0.11697508218082708,-0.0025525049266098697,0.049449530983781576,-0.00941641364860785,0.575874551655198,0.8175219296714341,0.002672482633837162,0.0,0.8174881311491278,-0.5758130026380185,-0.011545056279812475,0.0,-0.007899638530670994,0.008833397013100416,-0.9999297809387887,0.0,0.6570715122954256,0.2548493381373487,0.3038526205623093,1.0,-0.01376000000000001,-0.018084571428571446,-0.006880000000000005,0.6890000000000005
0.46154834716310794,0.5205950864461452,-0.12409470607625066,-1.397653835704047,0.07700736932208285,1.909634448552168,0.15620656314215225,-0.005951551863831623,-0.07103305244002217,-0.0003275091787784947,-0.12214249219036452,-0.009106533006374382,0.044863613131383054,-0.008586503506636853,0.5759682805315874,0.8174559051423582,0.0026701817509358827,0.0,0.8174221499996294,-0.5759068091576196,-0.011537883561604682,0.0,-0.00789408718386675,0.00882829063564268,-0.999929869876876,0.0,0.6568373826904318,0.25454800247502113,0.30383400723339005,1.0,-0.01410000000000001,-0.018531428571428588,-0.007050000000000005,0.7060000000000005
0.4613779666851325,0.5192827319392469,-0.12409473887198812,-1.3997130436041683,0.07688249691229887,1.9103759438169823,0.15605698745560245,-0.011224530293807461,-0.07522535324938925,0.0025713132151949517,-0.12473600746149073,-0.0017249297914351458,0.038748266108439795,-0.005519151031758665,0.5760528739299767,0.8173963016401108,0.0026682209974679015,0.0,0.8173625199850704,-0.575991397138217,-0.011539854749009183,0.0,-0.007895914273916727,0.008828640309952743,-0.9999298523636827,0.0,0.6566002965947417,0.25425319284894027,0.3038449366010592,1.0,-0.014420000000000011,-0.018952000000000017,-0.0072100000000000055,0.7220000000000005
0.46121546158318194,0.5180225534347719,-0.12410178080121856,-1.401677026176653,0.07675211833889867,1.9110819639667254,0.1559062418763938,-0.009444458002104033,-0.0767584343670679,0.000502614894727065,-0.1202463959426201,-0.013257162199966279,0.05174153096447411,-0.0022616922713092525,0.5761444711842154,0.8173317748267951,0.002658022488615036,0.0,0.817297888392921,-0.5760830469709267,-0.011542595998031747,0.0,-0.0079030409370493,0.008822768900266259,-0.9999298478857803,0.0,0.6563437563769684,0.2539385665867123,0.30385061651343376,1.0,-0.014760000000000011,-0.019398857142857162,-0.0073800000000000055,0.7390000000000005
0.4610342747255029,0.5166708232584608,-0.12410928261448226,-1.4037949700886942,0.0766169934443551,1.9118449657023768,0.15575032556913748,-0.009493488119305511,-0.07771775212957144,-0.0014014506127911482,-0.12692594052772685,-0.004098539390872104,0.04206781895481172,-0.00699734281477493,0.5762458656968377,0.8172603210055592,0.0026489391086095375,0.0,0.8172263533266253,-0.5761844993267505,-0.011543702406756928,0.0,-0.007908084535630522,0.008816963388508695,-0.9999298592179268,0.0,0.6560853021662622,0.25361162906119195,0.30385718515129745,1.0,-0.015100000000000011,-0.019845714285714303,-0.0075500000000000055,0.7560000000000006
0.4608486954777056,0.5153933837118451,-0.12411281842008401,-1.4058201670099635,0.07648717678576951,1.9126176794457026,0.15557949398331658,-0.012662949630316436,-0.08711548682038223,-0.0009314323656543374,-0.12834516305128632,-0.013951220546472406,0.042039945961875186,-0.009077098659595448,0.5763440935610662,0.8171909871826887,0.002668929722559472,0.0,0.8171573323406562,-0.5762827095596411,-0.011527348598396516,0.0,-0.007882139084184336,0.008824824676617993,-0.9999299947260731,0.0,0.6558314280300116,0.25327802184560644,0.30385971397045175,1.0,-0.015440000000000011,-0.020292571428571448,-0.0077200000000000055,0.7730000000000006
0.46065766134906255,0.5139055097592801,-0.12411712602447487,-1.408183193015023,0.07634559749960328,1.9134887464680224,0.15541500873800584,-0.01002155070679678,-0.08760501096912919,-0.000555934817842709,-0.13558454253243388,-0.009469517006538709,0.04983923258273635,-0.00728291377487083,0.5764432498135921,0.8171210856608396,0.0026566923050850236,0.0,0.8170872614732234,-0.576381881284089,-0.011536072417022838,0.0,-0.00789525071690389,0.008820810342225469,-0.9999299267053786,0.0,0.6555570673961416,0.25294323694236875,0.3038499719733609,1.0,-0.015780000000000013,-0.020739428571428593,-0.007890000000000006,0.7900000000000006
0.4604737433259157,0.5125931829826359,-0.12412194438526115,-1.410335798177413,0.07622077665909041,1.9142286336729653,0.15524807042914898,-0.005307161511503263,-0.08939102617233322,-0.00043271793124568153,-0.14094842152935333,-0.01028424624403113,0.04878152450492114,-0.007960133959040078,0.576539566927307,0.817053399312627,0.002572419126523294,0.0,0.8170183434287497,-0.5764783131555105,-0.011598614724500304,0.0,-0.007993897656484672,0.00878894313796709,-0.9999294235488699,0.0,0.6552818408251108,0.2526117538162427,0.3038091765016101,1.0,-0.016100000000000014,-0.021160000000000023,-0.008050000000000007,0.8060000000000006
0.46028361059162914,0.5111598790165609,-0.12412095117904474,-1.412642950026362,0.07607774776049574,1.915072152684201,0.1550664718422685,-0.012330126614933408,-0.08798632366759218,0.0014610642671678466,-0.14061381842806125,-0.006486888269165952,0.05287642109839526,-0.016078828502774117,0.5766278203230301,0.8169912101580262,0.0025428832539280055,0.0,0.8169557387743419,-0.5765666209446675,-0.011618924103618998,0.0,-0.008026571795355597,0.008777386939596038,-0.9999292633100237,0.0,0.6549941037220419,0.2522669557870939,0.3037879105673683,1.0,-0.016440000000000014,-0.021606857142857164,-0.008220000000000007,0.8230000000000006
0.4600169699014143,0.5091796306798674,-0.12412412998044742,-1.415806684392429,0.07588798007019347,1.9162653156248455,0.15482462481609996,-0.013431387974482574,-0.08857872324819765,-0.00111538349375932,-0.13409356492301616,-0.0057403123649361985,0.05489767619188486,-0.008830575568751131,0.5767667796926867,0.8168931009534562,0.002547618256774637,0.0,0.8168576799902696,-0.5767055345733295,-0.01161911935615724,0.0,-0.008022507350664232,0.00878273268746571,-0.9999292489883216,0.0,0.6545916699432868,0.2517657990218598,0.3037723842621566,1.0,-0.016920000000000015,-0.02223771428571431,-0.008460000000000007,0.8470000000000006
0.4597638460597434,0.5074068180741639,-0.12412724170568247,-1.418605088751546,0.07571151625479493,1.9172630504151558,0.15459915119704432,-0.01362490079441145,-0.08658356717692438,-0.00033023079809247724,-0.1366548370473865,-0.006203731538975178,0.04601822381349443,-0.008145378355124721,0.5768751817472042,0.816816627697924,0.002523549391080648,0.0,0.816780867371482,-0.5768139765331411,-0.011636067768903448,0.0,-0.008049070044954032,0.008773914494553142,-0.999929112935439,0.0,0.6542934188347223,0.25139874983389554,0.303771467945234,1.0,-0.017260000000000015,-0.022684571428571453,-0.008630000000000007,0.8640000000000007
0.4596391315084191,0.5064959215591116,-0.12412710959085178,-1.4200244651082439,0.07562013417826002,1.9177870716224834,0.15449592166582266,-0.013119116004972581,-0.08699505800124048,0.0013531626046551885,-0.1410716560431277,-0.009202365788737113,0.0413143032100353,-0.013103845392748259,0.5769521747724922,0.8167622311090913,0.0025283908319428516,0.0,0.8167265339937839,-0.5768909435412156,-0.011634209549197926,0.0,-0.008043932046531421,0.008777555377063845,-0.9999291223275945,0.0,0.6540838337690927,0.25113726624965776,0.3037730536775956,1.0,-0.017500000000000012,-0.02300000000000002,-0.008750000000000006,0.8760000000000007
0.4594599578145204,0.505170736624714,-0.12413556325963578,-1.4220402781299484,0.07549422044038574,1.918553730317374,0.15433184222274285,-0.014771320447837074,-0.09268301454304578,0.004953578985319049,-0.142689451682744,-0.0055160216579761565,0.058905108197142134,-0.007059179143905006,0.5770405001911431,0.8166996443326927,0.0025882401776286023,0.0,0.816664789086521,-0.576979124926967,-0.011595627020051923,0.0,-0.007976937491067648,0.00880504055876477,-0.9999294173735576,0.0,0.6538423808112945,0.25082505741827577,0.3038064616038705,1.0,-0.017780000000000015,-0.023368000000000024,-0.008890000000000007,0.8900000000000007
0.4592305780914091,0.50352155893021,-0.1241419513300855,-1.4245214700340396,0.07533596496970085,1.919514570674896,0.15413798298993106,-0.012618797178999823,-0.092525975154781,-0.0003110997502875458,-0.14254578080208716,-0.010453278582498947,0.059039314876424685,-0.011878695857465087,0.5771589054744556,0.8166156406706259,0.0026907517239993317,0.0,0.8165822285825192,-0.5770973033849746,-0.011528802635368637,0.0,-0.00786192635269306,0.008851341565559653,-0.9999299194776174,0.0,0.6535496066551899,0.250438274060603,0.30386097199656464,1.0,-0.018120000000000015,-0.023814857142857165,-0.009060000000000007,0.9070000000000007
0.45904946345563385,0.5021269851010787,-0.12414266974337063,-1.4265678543036637,0.07520006198523332,1.920287439461504,0.15398030068953528,-0.016742764712271884,-0.09661642387406538,2.839796063815902e-05,-0.15238032504921606,-0.0075374600234202095,0.05384042294084606,-0.009697627888549373,0.5772464271636035,0.8165534502966562,0.002787837278106593,0.0,0.8165213901421977,-0.577184613327855,-0.011466842592278427,0.0,-0.007754342396468938,0.008895693956724599,-0.9999303659770649,0.0,0.6533015454047857,0.25012556643232,0.3039275598204936,1.0,-0.018400000000000014,-0.024182857142857166,-0.009200000000000007,0.9210000000000007
0.4587912243631101,0.500223062194355,-0.12414652015092202,-1.4294282716201867,0.07501852167982336,1.9213067182275159,0.15376639320051905,-0.014277401056435015,-0.09861939661949176,0.000552699656267384,-0.15315627203956092,-0.009181073731526674,0.05016558938641789,-0.0070673131610241875,0.5773818335727601,0.8164575364943024,0.002838355689598006,0.0,0.8164261188254225,-0.5773198338909086,-0.011443286111912289,0.0,-0.007704466487943873,0.008924625063586142,-0.9999304937162434,0.0,0.6529416470910407,0.24968030742859315,0.3039830719663598,1.0,-0.018780000000000015,-0.02468228571428574,-0.009390000000000008,0.9400000000000007
0.4585484995474712,0.4985448660248739,-0.12414374305992566,-1.432030321306572,0.07484701800177178,1.9222651134906747,0.15354234384053775,-0.010923213080119395,-0.09281725341475691,0.0005274570611611039,-0.15601201774062357,-0.00885760329736957,0.0470116878327517,-0.012339010523667326,0.5774808134489025,0.8163874534562159,0.00286056618119119,0.0,0.8163563669609677,-0.5774187846654995,-0.0114269916826692,0.0,-0.0076772558036454774,0.008934281879921943,-0.9999306167682912,0.0,0.6526187327325038,0.2492743281764796,0.30399795812564534,1.0,-0.019120000000000015,-0.02512914285714288,-0.009560000000000008,0.9570000000000007
0.458295776507223,0.49688019096818553,-0.12414911477205444,-1.434681758863834,0.07468650086771317,1.9232463715252353,0.15334475612731352,-0.01197285210185235,-0.09162887869967094,-0.0005893723749433512,-0.16017650107394205,-0.004933268561534889,0.05512304588764963,-0.005092743351379069,0.5776207042400069,0.816288509398663,0.0028527807828619073,0.0,0.816257287927684,-0.5775586414936308,-0.01143688953262707,0.0,-0.007688301338941772,0.008934959316676677,-0.9999305258489367,0.0,0.6522906596300329,0.24885443135932692,0.3039816121452906,1.0,-0.019460000000000015,-0.025576000000000026,-0.009730000000000008,0.9740000000000008
0.45802552430965693,0.49521082950915113,-0.12414655759914915,-1.4373927455290643,0.07451948967748727,1.92417404477937,0.15311928982691533,-0.016712113060053047,-0.09712268447648766,0.0005651402109332896,-0.1555043834670208,-0.01069936913976282,0.04917242626436223,-0.011562967259770447,0.5777467469635554,0.8161996382987468,0.0027556696523620833,0.0,0.8161670050019459,-0.5776847918970226,-0.011508608006863796,0.0,-0.007801563447134396,0.008898318805198396,-0.9999299753133825,0.0,0.6519392406570845,0.24841636181292834,0.3039346950256024,1.0,-0.019800000000000016,-0.026022857142857167,-0.009900000000000008,0.9910000000000008
0.4577432655815166,0.49352310294034873,-0.12416365200228487,-1.4401667214526275,0.07434984843997276,1.9251552280850384,0.15290650554540364,-0.020511011707500987,-0.09673585633504019,-0.008076799908273787,-0.1661500532110971,-0.009393730378804463,0.05695495547813718,-0.02117662538073268,0.5779091989910542,0.8160849389700929,0.0026602648188128655,0.0,0.8160510214754667,-0.5778474780789381,-0.011565869092593536,0.0,-0.007901656387363176,0.008855104453924484,-0.9999295729957416,0.0,0.6515899556806989,0.24795502829271965,0.30387526052493824,1.0,-0.026063999999999924,-0.034255542857142766,-0.03729492811799961,1.0079999999999998
