position_joint1,position_joint2,position_joint3,position_joint4,position_joint5,position_joint6,position_joint7,velocity_joint1,velocity_joint2,velocity_joint3,velocity_joint4,velocity_joint5,velocity_joint6,velocity_joint7,ee_T_00,ee_T_10,ee_T_20,ee_T_30,ee_T_01,ee_T_11,ee_T_21,ee_T_31,ee_T_02,ee_T_12,ee_T_22,ee_T_32,ee_T_03,ee_T_13,ee_T_23,ee_T_33,v_x,v_y,time
0.465091408465,0.547604578629,-0.123985428036,-1.35576422542,0.0794498832557,1.89408225563,0.159168482524,0.00135812008548,-0.000603439367078,0.000178603650662,-0.000611314856495,0.000211136940185,0.000856230870241,-0.000935583232197,0.573779204264,0.818995543811,0.00211444400675,0.0,0.818955025868,-0.573720462361,-0.0117577027868,0.0,-0.0084165684397,0.00847812312538,-0.999928638856,0.0,0.661691370644,0.260905153181,0.303370441714,1.0,0.0,0.0,0.0
0.465092094535,0.547607060301,-0.123985364027,-1.35576144136,0.0794524672988,1.89408603165,0.159175533065,-0.00169287878013,0.00155215390551,-0.00201000177104,0.000221299257213,-6.51884664932e-05,-4.17225260298e-05,0.00139071714244,0.573784934211,0.818991517745,0.00211897025392,0.0,0.818951043425,-0.573726158803,-0.011757128863,0.0,-0.00841344213226,0.0084815596079,-0.999928636023,0.0,0.661692358039,0.260906618254,0.303370339663,1.0,-0.0001,-0.000131428571429,0.006
0.465085784013,0.547601541519,-0.123990662437,-1.3557645375,0.0794537941131,1.89408603795,0.159173148066,-0.000463636835664,-0.00230214080004,-0.00219771414429,7.36269460076e-05,0.000192363719565,-0.000235038412745,0.000608744125887,0.573792361848,0.81898630933,0.00212073476775,0.0,0.818945869773,-0.573733590652,-0.0117548390212,0.0,-0.00841047738135,0.00848176712433,-0.999928659204,0.0,0.661694584322,0.260899297073,0.303372953927,1.0,-0.00042,-0.000552,0.022
0.46509080398,0.547590519918,-0.123991064633,-1.35577606279,0.0794513659347,1.8940852242,0.159168423404,0.00085204859874,-6.38706836323e-05,-0.000499954560314,-0.000665745365611,-0.000210320187728,0.000378690211036,-0.00889756106494,0.573784623408,0.818991735666,0.00211890358009,0.0,0.818951282684,-0.57372587068,-0.0117545227283,0.0,-0.00841134911435,0.00848000646821,-0.999928666804,0.0,0.661690989977,0.260900713353,0.303375213917,1.0,-0.00076,-0.000998857142857,0.039
0.465090320508,0.547517664871,-0.123988316576,-1.35583180508,0.0794521102534,1.89409875148,0.159163835979,-3.31760422253e-05,-0.00435350514166,-0.000593149505501,-0.00896420495959,-0.000270600202863,0.000301951021084,-0.00242498864692,0.57378431552,0.818991888011,0.00214325352879,0.0,0.818951653109,-0.573725369666,-0.011753168635,0.0,-0.00839627250162,0.00849916847616,-0.999928630825,0.0,0.661677521309,0.260900284701,0.303397497409,1.0,-0.00112,-0.001472,0.057
0.465090382345,0.547382976168,-0.123977817857,-1.35597886609,0.0794528052469,1.89412614124,0.159165196897,0.000303433125006,-0.00852472452952,0.000854546626953,-0.00915191424457,8.71115650857e-05,-0.00050480287252,-0.00211041128465,0.57378442997,0.818991732452,0.00217186586712,0.0,0.818951737716,-0.573725240688,-0.0117535692734,0.0,-0.00838018313888,0.00852283246256,-0.999928564377,0.0,0.661655128485,0.260889769549,0.303428822832,1.0,-0.0014,-0.00184,0.071
0.465075857768,0.547225083946,-0.123987841239,-1.3561975006,0.0794443386789,1.89419852855,0.159156486557,-0.000366541158795,-0.00952406114798,-0.00043565784256,-0.0117484509386,-0.000184856835698,0.00324298819747,-0.0019688612121,0.57380610602,0.818976517708,0.00218243850263,0.0,0.818936658134,-0.573746871371,-0.0117483810874,0.0,-0.00836964211035,0.0085287359023,-0.999928602329,0.0,0.661630174836,0.26085402391,0.303443202869,1.0,-0.00176,-0.00231314285714,0.089
0.465052583953,0.547042346855,-0.123980756448,-1.3564053732,0.0794433818589,1.8943185468,0.159152301752,-0.00290434891198,-0.0151740854655,0.00173652471337,-0.0121684713951,2.50755820048e-05,0.0115048571199,0.00125362181745,0.573828365904,0.818960681324,0.00227064550065,0.0,0.81892188897,-0.573768714974,-0.0117110368936,0.0,-0.00828821297612,0.00857977165347,-0.99992884399,0.0,0.661615772741,0.260828460114,0.303483886583,1.0,-0.0021,-0.00276,0.106
0.465034692843,0.546863494945,-0.123980845219,-1.35661541083,0.079438630737,1.89443655891,0.159143444322,0.00085782432977,-0.00803433766264,0.00560271657502,-0.0131663982181,-0.00155860473049,0.00234378718538,0.00143249406524,0.573846503416,0.818947753711,0.00234821429504,0.0,0.818909954166,-0.573786549848,-0.0116717214971,0.0,-0.00821131441659,0.00862091861009,-0.999929124527,0.0,0.66160081828,0.260801244233,0.30352083771,1.0,-0.00242,-0.00318057142857,0.122
0.465000563541,0.546629184594,-0.123986047147,-1.35692329025,0.0794280983407,1.89457163033,0.159113355446,-0.00161322357594,-0.00977137512691,-0.000551894131493,-0.0187320890518,-0.00203083582804,0.0062338943024,-0.00110779993035,0.573867950783,0.818932564,0.00240366116506,0.0,0.818895468233,-0.57380777814,-0.0116444302126,0.0,-0.00815692066378,0.00865087909559,-0.99992931097,0.0,0.661574008576,0.260749656274,0.303552125275,1.0,-0.00276,-0.00362742857143,0.139
0.464950248067,0.546362313756,-0.123981468047,-1.35733517721,0.0794196696369,1.89471666701,0.159016206547,-0.00784363220744,-0.017508514877,0.00104250938314,-0.0199049919652,-0.000100701210266,0.000806537405392,-0.00940980509522,0.57384715471,0.818947104383,0.0024145714911,0.0,0.818909970965,-0.573786755381,-0.0116604332811,0.0,-0.00816398611196,0.00866879003181,-0.999929098192,0.0,0.661528018623,0.260682114487,0.30355749347,1.0,-0.00312,-0.00410057142857,0.157
0.464911581361,0.546038580326,-0.123981707756,-1.35783691633,0.079398304752,1.89489023025,0.158937731402,-0.00278797585225,-0.0201675475539,0.00212077360683,-0.0265936600598,-2.579083543e-05,0.000625349568277,-0.000399464175958,0.573837033668,0.818954191653,0.00241612641134,0.0,0.818916982178,-0.573776527819,-0.0116713035214,0.0,-0.00817210365619,0.00867620018487,-0.999928967613,0.0,0.661467358612,0.260609412694,0.303562953014,1.0,-0.0035,-0.0046,0.176
0.464878136388,0.545794998655,-0.123986737779,-1.35825507261,0.0793762759097,1.89503361564,0.158907197699,-0.00229399348093,-0.0186549137439,0.000338810417162,-0.0318666618312,-0.00176200349758,0.00892903102234,-0.000646587566517,0.573860445035,0.818937865361,0.0023893940867,0.0,0.818900287584,-0.573800010544,-0.0116881904578,0.0,-0.00820102528648,0.00866423249587,-0.999928834597,0.0,0.661417491224,0.260544103744,0.303548960769,1.0,-0.00378,-0.004968,0.19
0.464821957444,0.545462003601,-0.123984058946,-1.35882849592,0.0792861610336,1.89522637842,0.158835495102,-0.00538841920322,-0.0214524896905,0.00103878386648,-0.0357357163849,-0.0100213503148,0.0121256206424,-0.00772006542118,0.573853914081,0.818942646024,0.00231834373105,0.0,0.81890458445,-0.573794200042,-0.0116723805011,0.0,-0.00822891641855,0.00859690906405,-0.999929186537,0.0,0.661352103253,0.260443291233,0.30352825873,1.0,-0.00412,-0.00541485714286,0.207
0.464767759962,0.545105794317,-0.123988951465,-1.35945116008,0.0792576354404,1.89542931045,0.158741416366,-0.00569462526146,-0.0237246924422,0.000758123964621,-0.0427885599945,-0.00019152692789,0.011801995783,-0.00321492570556,0.573851770278,0.818944289676,0.0022678309934,0.0,0.818905473444,-0.573792140081,-0.0117112102635,0.0,-0.00828972477437,0.00857780310447,-0.999928848347,0.0,0.661275750598,0.26034453289,0.303501775594,1.0,-0.00444,-0.00583542857143,0.223
0.464698172968,0.544676490392,-0.123994628615,-1.360184163,0.0792425563992,1.8956758346,0.158677528743,-0.00595841711861,-0.0231728543282,-0.00197187609083,-0.0392094648075,-0.00357274626532,0.0171131843434,-0.00222934852849,0.573897222421,0.818912534167,0.00223302099981,0.0,0.818872999275,-0.573837443195,-0.0117620893708,0.0,-0.00835089213316,0.00857895619482,-0.999928329487,0.0,0.661188016422,0.260228146727,0.303478318679,1.0,-0.0048,-0.00630857142857,0.241
0.464652535737,0.544316155166,-0.123990644223,-1.36079528652,0.0792123239164,1.89588536231,0.158574212156,-0.000950846714769,-0.0296679715504,0.000450114363288,-0.0467702753589,-0.000304344715036,0.0145637945983,-0.00446875409025,0.573873190833,0.818929458132,0.00220235032086,0.0,0.818889413691,-0.573813418812,-0.0117913289169,0.0,-0.00839269001883,0.00857037391895,-0.999928053134,0.0,0.661111425552,0.26014179419,0.303460466799,1.0,-0.00508,-0.00667657142857,0.255
0.464569715433,0.543780679493,-0.12399310407,-1.36167099597,0.0791743287078,1.89619828451,0.158474555534,-0.0025740179398,-0.0352502032127,-0.000173414719098,-0.0481139522082,-0.00220728517407,0.0182156309052,-0.00499762261729,0.573899793002,0.81891085988,0.00218587823797,0.0,0.81887045866,-0.573839936411,-0.011817199993,0.0,-0.00842305134838,0.00857200478278,-0.999927783862,0.0,0.661010705045,0.26000378705,0.303449754838,1.0,-0.00546,-0.007176,0.274
0.464495097431,0.543265794141,-0.123993166524,-1.36250606979,0.0791146011199,1.8964832039,0.158368582253,-0.0016063809643,-0.0285247996236,0.00042968460066,-0.0502461146421,-0.00045985216302,0.00990090409832,-0.00311935937251,0.573904621235,0.818907569256,0.0021507304925,0.0,0.818866753084,-0.573844944961,-0.0118307538788,0.0,-0.00845427085118,0.00855105065312,-0.999927699805,0.0,0.660911608609,0.259871733966,0.303441202376,1.0,-0.0058,-0.00762285714286,0.291
0.464413726609,0.542722067867,-0.123996342876,-1.36339233374,0.079064259829,1.89679624025,0.158250277319,-0.00740304099471,-0.0333259667227,-0.00160481737559,-0.0503489301398,-0.00048282965089,0.0174803374904,-0.0101829125989,0.573912431192,0.818902159961,0.00212617882904,0.0,0.818860981671,-0.573852808188,-0.0118488030383,0.0,-0.00848306003445,0.00854138468971,-0.999927538595,0.0,0.660808906058,0.259731151419,0.303431189832,1.0,-0.00614,-0.00806971428571,0.308
0.464350173435,0.542170946168,-0.124002053634,-1.36425294174,0.0790177482177,1.89711021809,0.158145229922,-0.00358545024745,-0.0342310978022,0.000178040754541,-0.05092614631,-0.00427956751803,0.0230111696344,0.000632420680766,0.573917852959,0.818898346734,0.00213135479929,0.0,0.818857201695,-0.573858174328,-0.0118501430462,0.0,-0.0084811304632,0.00854644842674,-0.999927511695,0.0,0.660708106895,0.259604709307,0.303438722151,1.0,-0.00646,-0.00849028571429,0.324
0.464264051148,0.5415519283,-0.124002482463,-1.36520665828,0.0789512642435,1.89746007413,0.158007730069,-0.0082170563598,-0.0400414448162,0.00153828953913,-0.0526387795186,-0.000539474216187,0.0228656343565,-0.00776009588258,0.573911252923,0.818902951367,0.00213937172965,0.0,0.818861979208,-0.57385161243,-0.0118377709422,0.0,-0.00846646665129,0.00854584465608,-0.999927641123,0.0,0.660600405689,0.259455468294,0.303452780412,1.0,-0.0068,-0.00893714285714,0.341
0.464185848817,0.540896047055,-0.124006175244,-1.36621531669,0.0789019988576,1.89783962881,0.15788396896,-0.00565606159392,-0.0445971535868,-0.000590556000247,-0.0603770525448,-0.0032735508645,0.020973775476,-0.0125036302614,0.57391935524,0.818897199746,0.00216721695982,0.0,0.818856504498,-0.573859517386,-0.0118332686803,0.0,-0.00844671513297,0.00856614656047,-0.99992763445,0.0,0.660484490023,0.259308336181,0.303469380155,1.0,-0.00714,-0.009384,0.358
0.464095681999,0.540202129066,-0.124003130464,-1.36727950327,0.0788407539087,1.89823176286,0.157744019802,-0.00738417480395,-0.0446772351283,0.000171055983841,-0.0623248725461,-0.00806104849621,0.0253352237661,-0.0124750043906,0.57391901287,0.81889738372,0.0021882650808,0.0,0.818856908953,-0.573859038101,-0.0118285227734,0.0,-0.00843075297613,0.00858065529804,-0.999927644762,0.0,0.66036130422,0.25915004143,0.303487184587,1.0,-0.00748,-0.00983085714286,0.375
0.463988843945,0.539468501134,-0.124011134101,-1.36841889464,0.0787703471783,1.89866206195,0.157604298285,-0.00602620796403,-0.0457829206724,0.00119529510687,-0.0717285801113,-0.013609212804,0.0252467126177,-0.00992087016629,0.573941974736,0.818881244258,0.00220552478343,0.0,0.818841050099,-0.573881986845,-0.0118129906826,0.0,-0.00840788744169,0.00858611073882,-0.999927790458,0.0,0.66023654964,0.258967043699,0.303500807946,1.0,-0.00782,-0.0102777142857,0.392
0.463886430676,0.53872262557,-0.124011640923,-1.3695849196,0.0787010217838,1.89910926455,0.157461447632,-0.00134244516042,-0.0412926236644,0.000821815659444,-0.0723904249809,-0.00238421467419,0.0284972145395,-0.0092294226796,0.573955215302,0.81887190365,0.00222781105285,0.0,0.818832002564,-0.573895142595,-0.011801007751,0.0,-0.00838514518026,0.00859761846107,-0.999927882548,0.0,0.660106174154,0.25878964791,0.30351151203,1.0,-0.00816,-0.0107245714286,0.409
0.46377537577,0.537990995619,-0.124020506869,-1.37070925554,0.0786416523431,1.8995426494,0.157315154602,-0.00865959182281,-0.045032062884,-0.00141919535355,-0.0766378464919,-0.00112756710279,0.0325168199422,-0.0100311180539,0.573978851489,0.818855236544,0.00226418412421,0.0,0.818815790621,-0.573918617631,-0.0117842380583,0.0,-0.008350288389,0.00861801906371,-0.999927998624,0.0,0.659985678056,0.25860714359,0.303530962109,1.0,-0.00848,-0.0111451428571,0.425
0.46367356124,0.537184049968,-0.124030390514,-1.37197900999,0.0785578163069,1.90001529226,0.157164981537,-0.0079592787363,-0.0488502513901,-0.0028322069581,-0.0768248463467,-0.012923905417,0.0275159433697,-0.00422212026819,0.573993747595,0.818844791821,0.00226528803149,0.0,0.818805461759,-0.573933612473,-0.0117716255782,0.0,-0.00833916990761,0.00861183549806,-0.999928144686,0.0,0.659840263908,0.258412599102,0.303537658939,1.0,-0.00882,-0.011592,0.442
0.463553775794,0.536353599782,-0.124033625289,-1.37327546989,0.0784844153636,1.90051833561,0.157001606588,-0.00768539596097,-0.0451974133897,-0.0062137648978,-0.0840011628358,-0.00373442616964,0.0356500560291,-0.00713335101178,0.574012168663,0.818831789647,0.00229725726892,0.0,0.818792865948,-0.57395190059,-0.0117560785923,0.0,-0.00830789565003,0.00862927617106,-0.999928254658,0.0,0.659697601709,0.258210950915,0.303550532261,1.0,-0.00916,-0.0120388571429,0.459
0.463442355376,0.535495559103,-0.124033746535,-1.37464032373,0.0784209989128,1.90100196366,0.156832196753,-0.00330493768106,-0.0482827576459,0.00116536651243,-0.0761278742205,-0.00576047013137,0.0284669134181,-0.0046148658376,0.574022684126,0.818824444212,0.00228791847127,0.0,0.818785186742,-0.573962229873,-0.0117865835889,0.0,-0.00833812450356,0.00863924643341,-0.999927916952,0.0,0.65953218044,0.258009189635,0.303548402014,1.0,-0.0095,-0.0124857142857,0.476
0.463313313828,0.53454850451,-0.124036854891,-1.37616280568,0.0783312420921,1.90156545564,0.156649366051,-0.00733283422749,-0.0484268807126,0.00057767652449,-0.0847790122335,-0.00788996249882,0.0363124858236,-0.0170620396568,0.574040326471,0.818812107103,0.00227678456183,0.0,0.818772680578,-0.573979887492,-0.0117954735175,0.0,-0.00835160877288,0.00863541272613,-0.999927837535,0.0,0.659354760339,0.25777770987,0.303540873246,1.0,-0.00986,-0.0129588571429,0.494
0.463192489748,0.53367724573,-0.124042855952,-1.37755353211,0.0782286792558,1.90207243485,0.156480170353,-0.0116322558776,-0.0584147980306,0.000361304300738,-0.08495611441,-0.0113197101985,0.0426315073308,-0.00406985703707,0.574053511782,0.81880292708,0.00225368958927,0.0,0.818763363838,-0.573993328593,-0.0117881155613,0.0,-0.00835870166826,0.00861241342004,-0.999927976627,0.0,0.659193573384,0.257558744321,0.303537557013,1.0,-0.01018,-0.0133794285714,0.51
0.463082032815,0.532803660196,-0.124045669404,-1.37895615788,0.0781714425883,1.90260094239,0.156309993893,-0.00974738644698,-0.0569017457589,-0.00225305377128,-0.0882402895523,1.48617360221e-05,0.0308306042781,-0.0092585398251,0.574068086582,0.818792674363,0.00226611544562,0.0,0.818753037156,-0.574007610899,-0.0118098974687,0.0,-0.00836925115339,0.00863524040137,-0.999927691515,0.0,0.659027735001,0.257355857187,0.303531902291,1.0,-0.0105,-0.0138,0.526
0.46295490871,0.531837074236,-0.124041067072,-1.38051283619,0.0780834988663,1.90317764835,0.156107783998,-0.00682539374059,-0.0550932097506,0.000747430291718,-0.0900073723804,0.000715209076329,0.0416931895258,-0.00871646198639,0.574064767825,0.81879502384,0.00225791453673,0.0,0.818755180134,-0.574004221412,-0.0118260604456,0.0,-0.00838722844893,0.00863777017105,-0.999927519036,0.0,0.658841991576,0.257127569413,0.303522199943,1.0,-0.01084,-0.0142468571429,0.543
0.462826342148,0.530830736156,-0.124038046434,-1.38211697301,0.0779789029991,1.90374780182,0.155905220388,-0.00945581898782,-0.0654324002335,0.000416080319115,-0.0949803841708,-0.0132984021649,0.0242001975285,-0.00826029078452,0.574061158491,0.818797628623,0.00223082371754,0.0,0.818757428223,-0.574000713884,-0.0118406541856,0.0,-0.00841476717243,0.00862392918621,-0.999927407135,0.0,0.658646133444,0.256889209955,0.303517158385,1.0,-0.01118,-0.0146937142857,0.56
0.462695456117,0.529867097289,-0.124041067413,-1.38367302523,0.0778806548906,1.90430702078,0.155690743777,-0.00659119906984,-0.0585349866599,0.000506243059547,-0.0969267023797,-0.00410388808811,0.0384209608211,-0.00972153989357,0.574052943862,0.818803473711,0.00219908715902,0.0,0.818762861405,-0.57399262633,-0.0118570064913,0.0,-0.00844646090953,0.0086072460927,-0.999927283663,0.0,0.65845938395,0.256651263994,0.303503965858,1.0,-0.0115,-0.0151142857143,0.576
0.46253021923,0.528610357348,-0.124048209597,-1.3856298843,0.0777589435177,1.9050352481,0.155422786918,-0.00627863295367,-0.0674501861341,-0.000906544166188,-0.0999631242992,-0.00951088685787,0.0379884111168,-0.0114963775966,0.574047276814,0.818807392912,0.00221905296451,0.0,0.818767082727,-0.573986924505,-0.0118415219285,0.0,-0.00842238046892,0.0086146467972,-0.99992742305,0.0,0.65823092825,0.256352270119,0.303520940543,1.0,-0.0119,-0.01564,0.596
0.462402080787,0.527636884623,-0.124046497184,-1.38714718721,0.0776654930526,1.90562478036,0.155209098607,-0.00610869906998,-0.0635210182348,0.000866588454113,-0.0999998245746,-0.00405735098246,0.030464574274,-0.010615520483,0.574033158344,0.818817189551,0.00225612920036,0.0,0.818777384804,-0.573972686841,-0.01181929759,0.0,-0.00838304889579,0.00863210248619,-0.999927603028,0.0,0.658056576432,0.256126480301,0.303535101682,1.0,-0.0122,-0.0160342857143,0.611
0.462299302597,0.526808969567,-0.124049036849,-1.38840619929,0.0775770800989,1.90611131181,0.155044264149,-0.00443811220823,-0.0732934637926,-0.00062615259045,-0.10648296917,-0.00556783245154,0.047754828766,-0.0195348018321,0.574028388223,0.818820424534,0.00229538252529,0.0,0.818781263357,-0.573967904014,-0.0117828196436,0.0,-0.00833069787754,0.00864325558212,-0.999927944207,0.0,0.657912194021,0.255937514898,0.303560739132,1.0,-0.01244,-0.0163497142857,0.623
0.462112615051,0.525451286426,-0.124049943475,-1.39054426599,0.0774536321841,1.9068853874,0.154762252163,-0.0135951449779,-0.071076359201,1.37724824627e-05,-0.110273549043,-0.00295939586534,0.0309903953577,-0.0120445777012,0.574032914325,0.818817257914,0.00229310175023,0.0,0.818777962258,-0.573972329551,-0.0117966237681,0.0,-0.00834326280659,0.00864935802602,-0.999927786678,0.0,0.657655541765,0.255610789944,0.303565395595,1.0,-0.01284,-0.0168754285714,0.643
0.461927357319,0.524059437728,-0.124056376894,-1.39274670653,0.0773124399412,1.90767776117,0.154446987502,-0.0084955152846,-0.0672438958515,0.000230398441085,-0.113408000874,-0.00805077737665,0.0430139185239,-0.0178296057896,0.574011205725,0.818832534882,0.00227209646338,0.0,0.818792994768,-0.573950734004,-0.0118039635407,0.0,-0.0083615589407,0.00863615028462,-0.99992774801,0.0,0.657389367312,0.255273044634,0.303564762004,1.0,-0.01324,-0.0174011428571,0.663
0.46179758219,0.523081243045,-0.124067921706,-1.39431444303,0.0772156419893,1.90826541063,0.154246411698,-0.013250147245,-0.0709489688179,-0.0001877391155,-0.115556817,-0.00648848797959,0.0435325797071,-0.0155510079521,0.574019482465,0.818826751454,0.00226533776923,0.0,0.818787177029,-0.573959091046,-0.0118011626416,0.0,-0.00836305747705,0.00862909292591,-0.999927796406,0.0,0.657204623388,0.25503200026,0.30355752175,1.0,-0.01352,-0.0177691428571,0.677
0.461623353938,0.521699731665,-0.12407450907,-1.39650420662,0.0770798454548,1.90911902804,0.153941559748,-0.0143365753806,-0.0689684457848,-0.000461245269,-0.118755959073,-0.00846440339685,0.0436449390787,-0.0199481804304,0.573998036079,0.81884169444,0.00229802649759,0.0,0.818802623616,-0.57393760369,-0.0117744439908,0.0,-0.00832264208396,0.00864030420467,-0.999928036797,0.0,0.656948893445,0.254707842766,0.303560258578,1.0,-0.0139,-0.0182685714286,0.696
0.46147877783,0.520594858684,-0.124072674298,-1.39828436964,0.076963759346,1.9097879035,0.153716584189,-0.0105174220549,-0.0774997380819,-0.000143328790918,-0.118003908191,-0.00909370537627,0.0386437743507,-0.00735953564447,0.573994654102,0.818844096901,0.00228668627364,0.0,0.81880492172,-0.573934309893,-0.0117751855867,0.0,-0.00832979387351,0.00863140973449,-0.999928054062,0.0,0.656734320054,0.254443785301,0.303546966107,1.0,-0.0142,-0.0186628571429,0.711
0.461300214466,0.519212987055,-0.124081228733,-1.4004497198,0.0768261558108,1.91056668796,0.153408980047,-0.00668543789441,-0.0773662494803,-0.00252730719946,-0.119545480196,-0.0117993656604,0.0437770070458,-0.0157373432222,0.573972984187,0.818859310896,0.00227799974602,0.0,0.818820047201,-0.573912701009,-0.0117766219349,0.0,-0.00833618403253,0.00862490075124,-0.999928056974,0.0,0.656469559233,0.25411332164,0.303554343582,1.0,-0.01456,-0.019136,0.729
0.461142912141,0.51801715963,-0.124087216912,-1.40231056218,0.0767094294303,1.9112342757,0.153153594636,-0.00933595340797,-0.0814229304308,-0.00162525364285,-0.126962024672,-0.0023755079939,0.0439923806107,-0.00906956572038,0.573964008438,0.818865603488,0.00227757384018,0.0,0.818826334041,-0.573903727773,-0.0117767920023,0.0,-0.00833666227951,0.00862455823169,-0.999928055941,0.0,0.656241848066,0.253827884389,0.303565956473,1.0,-0.01486,-0.0195302857143,0.744
0.460924333756,0.516430893187,-0.124087610107,-1.40482328636,0.0765440497136,1.91215783067,0.152815357852,-0.0159407534004,-0.0807432613219,9.21873824289e-06,-0.128909094102,-0.0053298005002,0.0498099003738,-0.0175975787297,0.573954529866,0.818872275605,0.00226733195434,0.0,0.818832930469,-0.573894348805,-0.0117751981228,0.0,-0.00834133488359,0.00861516023969,-0.999928097988,0.0,0.655937318296,0.25344282779,0.303562842939,1.0,-0.01526,-0.020056,0.764
0.460785778507,0.515363364404,-0.124088072652,-1.40649698623,0.0764357723244,1.91278839018,0.152587645765,-0.0130860508777,-0.0857811332704,0.000160212565929,-0.128134447833,-0.00428294432489,0.0511478134776,-0.0220993772465,0.573940959805,0.81888174165,0.00228358290297,0.0,0.81884265176,-0.5738807642,-0.0117612516866,0.0,-0.00832073016352,0.0086203251293,-0.999928225146,0.0,0.655735391019,0.253192363265,0.30356945424,1.0,-0.01552,-0.0203977142857,0.777
0.460558843622,0.513724144938,-0.124096887151,-1.40912844576,0.0762854813262,1.91371700178,0.152230495173,-0.013632948746,-0.0883379391137,0.000629434812035,-0.131078019715,-0.00626871406034,0.0477595187532,-0.0222579087665,0.573938363098,0.81888370033,0.00223329339276,0.0,0.818843794522,-0.573878193294,-0.0118070460011,0.0,-0.00838712062009,0.00860540077155,-0.999927799036,0.0,0.655406396244,0.25278644797,0.303546750664,1.0,-0.01592,-0.0209234285714,0.797
0.460398051892,0.512498847071,-0.124094732708,-1.41114255065,0.0761641145979,1.91441879544,0.151943701891,-0.00878134786971,-0.0817969522408,0.00179243687012,-0.136883044244,-0.00806617589367,0.0414831800691,-0.0187260843233,0.57390635635,0.818906327188,0.00216063265907,0.0,0.818865343279,-0.573846340528,-0.0118606045443,0.0,-0.00847301609283,0.00857630866273,-0.999927324823,0.0,0.655146271451,0.252487485048,0.303507372602,1.0,-0.01622,-0.0213177142857,0.812
0.460204487633,0.511143387228,-0.124104215991,-1.41330090329,0.0760325472056,1.91523001225,0.15163191422,-0.0174404013288,-0.0895413936417,-0.00060660557407,-0.136930698679,-0.00782830400597,0.0540368757033,-0.0194450285481,0.57389379932,0.818915117848,0.00216420022672,0.0,0.818874197506,-0.573833788221,-0.0118566039115,0.0,-0.00846782400675,0.00857680431976,-0.999927364554,0.0,0.65488781013,0.252150617445,0.303499949518,1.0,-0.01654,-0.0217382857143,0.828
0.460006070983,0.509671758153,-0.124106764438,-1.41563943973,0.0758869103575,1.91612330439,0.151316422964,-0.0110839293924,-0.0888879136952,-0.000335233820774,-0.13909538913,-0.0169870019841,0.0531730001998,-0.0166636697989,0.573882547219,0.818922955478,0.00218217547994,0.0,0.818882299326,-0.573822497046,-0.011843506075,0.0,-0.00844690024426,0.00858389157537,-0.999927480711,0.0,0.654605375825,0.251798119073,0.303494538434,1.0,-0.01688,-0.0221851428571,0.845
0.459793400785,0.508171315436,-0.124109587923,-1.41801737177,0.0757315345654,1.91696717976,0.150972009541,-0.0197309076432,-0.0873689360656,-0.000806639819473,-0.139144613793,-0.00855757547131,0.0503533345568,-0.0183071580058,0.57385795925,0.81894027513,0.00214831962708,0.0,0.81889917926,-0.573798047322,-0.011860944208,0.0,-0.00848086658892,0.00856591933787,-0.999927347325,0.0,0.654307607671,0.251427089704,0.303485734787,1.0,-0.01722,-0.022632,0.862
0.459592063397,0.506724511972,-0.124112804574,-1.42027758697,0.0755907343448,1.91778389061,0.150664639229,-0.0174534753647,-0.0878597135412,3.60517592583e-05,-0.141104953501,-0.00376111974461,0.0493781953941,-0.0264512457833,0.573852300421,0.818944237215,0.00214954306219,0.0,0.818903124008,-0.573792350718,-0.0118641750327,0.0,-0.00848286972722,0.00856871663826,-0.999927306366,0.0,0.65402668358,0.251077063783,0.303492589497,1.0,-0.01754,-0.0230525714286,0.878
0.459360992951,0.505033588947,-0.124119460539,-1.4228777472,0.0754252040057,1.91878257795,0.150310439878,-0.0164076508766,-0.0950886797809,0.000418455225158,-0.143166143145,-0.0145112788084,0.0518859972512,-0.0217479490688,0.573845847297,0.818948573068,0.00221925941303,0.0,0.818908461733,-0.573785719905,-0.011816337651,0.0,-0.00840375529655,0.00859829214717,-0.999927720522,0.0,0.653715664585,0.250676826857,0.303523593285,1.0,-0.0179,-0.0235257142857,0.896
0.459131842968,0.503384401466,-0.124122765248,-1.4253451063,0.0752726809727,1.91971950725,0.149963859971,-0.0114240620733,-0.0969276077181,-9.871464127e-05,-0.137677420951,-0.013089706135,0.0540893289788,-0.0153599336886,0.573837751816,0.818953968345,0.00231931559222,0.0,0.818915183409,-0.573777268331,-0.0117607665706,0.0,-0.00830091570724,0.00864826110793,-0.999928148608,0.0,0.653420019502,0.250293020773,0.303582477274,1.0,-0.01824,-0.0239725714286,0.913
0.458911362894,0.501791123877,-0.124131941436,-1.42771443959,0.075119543742,1.92059287309,0.149626193446,-0.0141785021071,-0.0970430368406,-0.000380315881196,-0.151381089947,-0.0130467242786,0.0556993277977,-0.0219436655439,0.57382813871,0.81896047852,0.00239765469441,0.0,0.818922783131,-0.573767440417,-0.0117109559107,0.0,-0.00821527202895,0.00868373727691,-0.999928548454,0.0,0.653131912717,0.249918077299,0.30364300857,1.0,-0.01856,-0.0243931428571,0.929
0.458670775878,0.500078559012,-0.12413458405,-1.43029554589,0.0749512878743,1.92150718462,0.149270638501,-0.0160557079075,-0.0963856454777,9.71319447268e-05,-0.147161860878,-0.00612268233304,0.0548126735756,-0.0211807028379,0.573821703739,0.818964881055,0.00243368396448,0.0,0.81892765334,-0.573760874711,-0.011692054853,0.0,-0.00817918714643,0.00870233348083,-0.999928682602,0.0,0.652807411617,0.249510788022,0.303688730965,1.0,-0.0189,-0.02484,0.946
0.458427454193,0.498402142247,-0.124133061988,-1.43291467152,0.0747904211628,1.92248191276,0.148904940571,-0.0136757557918,-0.0918963596156,0.000942227110294,-0.151785955463,-0.0118738664471,0.0582376648142,-0.0178512507588,0.573810232846,0.818972837354,0.00246074354313,0.0,0.818935911428,-0.573749254679,-0.0116838620022,0.0,-0.00815707289027,0.00871967871312,-0.999928712142,0.0,0.652483052809,0.249104482673,0.303695724678,1.0,-0.01924,-0.0252868571429,0.963
0.458178249189,0.496830535609,-0.124135214059,-1.43541477194,0.0746370611461,1.92338998023,0.148520445244,-0.0175107520341,-0.0890365827124,-0.000959216597651,-0.152620299169,-0.0107445303699,0.0605581279392,-0.0266728447145,0.573786248533,0.818989693694,0.00244325969241,0.0,0.818952466866,-0.573725257752,-0.0117018175037,0.0,-0.00818206566633,0.00871542331765,-0.999928545046,0.0,0.652172103134,0.248701777498,0.303680076373,1.0,-0.01956,-0.0257074285714,0.979
0.457900882798,0.495058584987,-0.124135672631,-1.43831223814,0.0744486257147,1.92437373626,0.148115255202,-0.016320496214,-0.094815880639,-0.00098179932283,-0.160191509294,-0.0124367901707,0.0515503403278,-0.0212803607665,0.573776705615,0.818996741641,0.00231865809031,0.0,0.818957783684,-0.573716060937,-0.0117803594068,0.0,-0.00831798473029,0.00865834560214,-0.999927919493,0.0,0.651792568682,0.248237015736,0.303620853431,1.0,-0.01992,-0.0261805714286,0.997
0.457622157099,0.493349781894,-0.124131533239,-1.44107676836,0.0742725867138,1.92538273928,0.147720500726,-0.0158021606667,-0.0985573280056,0.00209496445739,-0.16562478809,-0.0180074056615,0.0699922573333,-0.0277038943378,0.573770077344,0.819001506042,0.00227559803196,0.0,0.818961930472,-0.573709538528,-0.0118096884042,0.0,-0.0083667813786,0.00863984033002,-0.999927672449,0.0,0.651445911026,0.247792708924,0.303582268529,1.0,-0.0210497142857,-0.0276653387755,1.014
0.457350797553,0.491609073274,-0.12413872181,-1.44386206559,0.0740941771652,1.92640320526,0.147323490656,-0.0168464454026,-0.113233572381,-0.000226357629789,-0.182984179071,-0.00801465820934,0.0620945748728,-0.0243473758043,0.573763528584,0.819006167403,0.00224898271432,0.0,0.81896625428,-0.57370310257,-0.0118224935351,0.0,-0.00839260834224,0.00862532262105,-0.999927581345,0.0,0.651096828576,0.247345061885,0.3035566373,1.0,-0.0223662857143,-0.0293956897959,1.03
0.457042705364,0.489670270476,-0.124146565348,-1.44700518251,0.0738960116458,1.92749561378,0.146868159351,-0.0230897928145,-0.113591774931,-0.000396981624123,-0.190414641988,-0.0131967227879,0.0709411378901,-0.0231891595509,0.57375136542,0.819014951182,0.00215112050567,0.0,0.818973647828,-0.573691209207,-0.0118872849145,0.0,-0.00850194883876,0.00858222219266,-0.999927028502,0.0,0.65068897002,0.246835313458,0.303504055066,1.0,-0.0237651428571,-0.0312341877551,1.047
0.456699097979,0.487554041296,-0.124159937809,-1.45027943945,0.0736968579027,1.9287343084,0.146400646181,-0.0199399968677,-0.13374109403,-0.00163392132164,-0.193374218251,-0.0175517983921,0.0852012445623,-0.0268743942894,0.573768446366,0.819002807857,0.00221756135827,0.0,0.818962376313,-0.573708030477,-0.0118519555822,0.0,-0.00843471453553,0.00861654335557,-0.999927302743,0.0,0.650291346202,0.246295739295,0.30352412262,1.0,-0.025164,-0.0330726857143,1.064
0.456349780479,0.485453505991,-0.124170657801,-1.45348049575,0.0734973352819,1.92996615459,0.145922191857,-0.022430970637,-0.131680923571,-0.0013652008595,-0.20555770382,-0.0188881758377,0.0756958581946,-0.0338164520046,0.573774812141,0.818998049723,0.00232516758849,0.0,0.818959090293,-0.573714053289,-0.0117872976696,0.0,-0.00831995266598,0.00866763851796,-0.99992782261,0.0,0.649908803802,0.245762139051,0.30356633942,1.0,-0.0264805714286,-0.0348030367347,1.08
0.455943341343,0.482975989166,-0.124206186635,-1.45731227429,0.0732510197588,1.9312828623,0.145331897611,-0.0199581362253,-0.138307492229,-0.00104397838997,-0.213398422115,-0.0133375545644,0.0773512945333,-0.0376143030104,0.573770753872,0.819001002691,0.00228615264691,0.0,0.818961537509,-0.573710146505,-0.0118074035677,0.0,-0.00835884732486,0.00864718041804,-0.999927675356,0.0,0.649418444272,0.245105996613,0.303576987509,1.0,-0.0279617142857,-0.0367496816327,1.098
0.455509798164,0.480344218221,-0.124242536382,-1.46139057373,0.0730066009322,1.93274320494,0.144729347079,-0.0270656025164,-0.141294351954,-0.00154505106288,-0.225304477435,-0.0114101596075,0.0917084279065,-0.0374538365389,0.573791713059,0.818986286927,0.00229755365216,0.0,0.818946894304,-0.57373098078,-0.0118107113956,0.0,-0.00835479381726,0.00865862945749,-0.999927610158,0.0,0.648904311649,0.244414831684,0.303588309069,1.0,-0.0294428571429,-0.0386963265306,1.116
0.455119041131,0.478055778383,-0.124254771747,-1.46486980129,0.0727915664452,1.93403029839,0.144224265306,-0.0284345810748,-0.159067223739,-0.00114737466333,-0.237819108286,-0.00526193046698,0.084908852499,-0.0291569833298,0.57382168014,0.818965066957,0.00237600647964,0.0,0.818926667506,-0.573760617436,-0.0117734458526,0.0,-0.00827894132146,0.00870180108515,-0.999927866293,0.0,0.648442500445,0.24378161986,0.303629289297,1.0,-0.0307594285714,-0.040426677551,1.132
0.454636742779,0.475221023878,-0.124274000404,-1.46922384857,0.0725173947231,1.93563650778,0.143609696326,-0.0255494309682,-0.162133859278,0.00051852465178,-0.252402642591,-0.011361421628,0.0878719385401,-0.0250307071817,0.57385933786,0.818938468284,0.00244794146011,0.0,0.818901028348,-0.573798029074,-0.0117334778175,0.0,-0.00820453032905,0.00873815582675,-0.999928162577,0.0,0.647930332172,0.243088326656,0.303659053516,1.0,-0.0321582857143,-0.0422651755102,1.149
0.454154431455,0.472416415674,-0.124278567301,-1.47355030628,0.0722415156098,1.93711830218,0.142972111982,-0.0298110745914,-0.165475542995,0.00135081680015,-0.251769256106,-0.0268447800033,0.0856056444612,-0.0372375319793,0.573867421004,0.818932898094,0.00241628462176,0.0,0.818894847766,-0.573806017391,-0.0117741075987,0.0,-0.00825588435396,0.0087356279777,-0.99992776198,0.0,0.647361182613,0.242355055063,0.303667772769,1.0,-0.0335571428571,-0.0441036734694,1.166
0.453727898522,0.469875859946,-0.124279609151,-1.47745864626,0.0719996326969,1.93855717784,0.142367938053,-0.0270745742113,-0.170099355962,-0.00054288900607,-0.262226443809,-0.0148459010441,0.100094724151,-0.0441754722055,0.573843506588,0.818949466952,0.00247940057795,0.0,0.818912129174,-0.573781756684,-0.0117544582742,0.0,-0.00820383046796,0.0087757997218,-0.999927838649,0.0,0.646861197414,0.241708571526,0.303687511679,1.0,-0.0347914285714,-0.045725877551,1.181
0.453205972135,0.466684827676,-0.124279267543,-1.48226884166,0.0716799627731,1.94038035538,0.141585189057,-0.0315638795759,-0.175748818018,0.000444085812459,-0.271245490679,-0.0131448854272,0.0960924947355,-0.0502681698451,0.573770369653,0.819000195063,0.0026439166852,0.0,0.818965130168,-0.573708187592,-0.0116523800363,0.0,-0.00802661941039,0.00885123638676,-0.99992861195,0.0,0.64625435073,0.240917138131,0.303758288873,1.0,-0.0362725714286,-0.047672522449,1.199
0.452695758419,0.46377346301,-0.124282269909,-1.48682778002,0.071374828651,1.9419100553,0.14091323265,-0.03156469446,-0.179716811943,0.000894678604745,-0.287159364444,-0.0125147508023,0.0974469218295,-0.0431504898368,0.573770160541,0.819000670359,0.00254002450543,0.0,0.818964082217,-0.573708157189,-0.0117272893073,0.0,-0.00814758189211,0.00880912710943,-0.999928005503,0.0,0.645637246311,0.240141040733,0.303728536016,1.0,-0.0375891428571,-0.0494028734694,1.215
0.452162507606,0.460782605595,-0.12428861962,-1.49153268459,0.0710490943162,1.94355295251,0.140207937635,-0.0344579101088,-0.186985808195,0.000835400196093,-0.291394107792,-0.0250512098575,0.104073526345,-0.0481131837637,0.573763626493,0.819005474293,0.00246594648953,0.0,0.818967933365,-0.573701906227,-0.0117640899797,0.0,-0.00822029415793,0.00876950686967,-0.999927758647,0.0,0.645011902335,0.239336778923,0.303692023719,1.0,-0.0389057142857,-0.0511332244898,1.231
0.45157351371,0.457523411665,-0.124289621756,-1.49659509137,0.0707137748155,1.94535932251,0.139433601961,-0.0378319454142,-0.192835899799,5.59693985816e-05,-0.294810972761,-0.018362840521,0.109769086563,-0.0491320124738,0.57375498958,0.819011532995,0.00246326085714,0.0,0.818973879565,-0.573693197648,-0.0117748233173,0.0,-0.00823071856495,0.00877337884503,-0.99992763893,0.0,0.644345059558,0.238471148876,0.303681710738,1.0,-0.0403045714286,-0.052971722449,1.248
0.450899487804,0.453994319564,-0.124324013059,-1.50221472885,0.0703223950311,1.94728887307,0.138556551576,-0.0367294103706,-0.199743308402,-0.00172947833004,-0.311988692292,-0.0253630089371,0.101408276428,-0.0510476922395,0.573762589343,0.819006681891,0.00230064973883,0.0,0.818966938882,-0.57370144403,-0.0118555065993,0.0,-0.00839001457847,0.00868656948185,-0.999927072924,0.0,0.643550555494,0.237418509794,0.303598768485,1.0,-0.041868,-0.0550265142857,1.267
0.450300797456,0.450618232759,-0.124369740638,-1.50723122885,0.0699922277637,1.94917492693,0.137765585115,-0.0380667527406,-0.212944364548,0.000235998081799,-0.315472464904,-0.0155062010517,0.119908055232,-0.0480678327772,0.573777882709,0.81899538404,0.00249982723541,0.0,0.81895852666,-0.57371629683,-0.0117170501729,0.0,-0.00816217552911,0.00877040792694,-0.999928226842,0.0,0.642961001665,0.236585751699,0.303695199996,1.0,-0.0431022857143,-0.0566487183673,1.282
0.449585730898,0.446742963622,-0.124392568204,-1.51312192537,0.069588585573,1.95116236663,0.136903592879,-0.0402034338739,-0.221586148939,-0.00176384904742,-0.333890048536,-0.0238223970359,0.101721009944,-0.0569923229977,0.57382785072,0.818960475296,0.00246668640367,0.0,0.818923116925,-0.573766304212,-0.0117432371642,0.0,-0.00820210346394,0.00875879169449,-0.999928001942,0.0,0.642159638362,0.235541311821,0.303720895284,1.0,-0.0445834285714,-0.0585953632653,1.3
0.448904334183,0.443016474253,-0.124400045582,-1.51883301361,0.0691869345011,1.9531536915,0.13601764936,-0.0409861450107,-0.220739795193,-0.000600225102051,-0.343994024984,-0.025440172066,0.122002910359,-0.0517905601568,0.57380936965,0.818973451224,0.00245772135782,0.0,0.818936010611,-0.573747895024,-0.0117435250761,0.0,-0.00820768082882,0.0087514297375,-0.999928020636,0.0,0.641383437823,0.234548257116,0.303726734185,1.0,-0.0459822857143,-0.0604338612245,1.317
0.448138816249,0.439046797552,-0.124400093265,-1.52500854945,0.0687769572008,1.95533377188,0.134995172675,-0.047453685871,-0.220902045058,0.00226635226554,-0.352047914599,-0.0230750799965,0.116640687457,-0.0579391037508,0.573759152895,0.8190087047,0.0024337205527,0.0,0.818970759224,-0.573697568579,-0.0117788897551,0.0,-0.00825095253385,0.00875156027137,-0.999927663371,0.0,0.640545135257,0.233466778993,0.303690852458,1.0,-0.0474634285714,-0.0623805061224,1.335
0.447463689601,0.435603868625,-0.124408672711,-1.53024309813,0.0684131858012,1.95719854201,0.134158953642,-0.0529432069613,-0.235073578916,0.00116190706523,-0.349556075581,-0.0286378129129,0.123429762397,-0.0507235056028,0.57376191864,0.819006615632,0.00248418407427,0.0,0.818969381462,-0.573700205765,-0.0117461922947,0.0,-0.00819519006609,0.00877415745219,-0.999927923913,0.0,0.639843428258,0.232528876049,0.303712121834,1.0,-0.0486977142857,-0.0640027102041,1.35
0.446523171247,0.43089352353,-0.124439460993,-1.53740979579,0.0679035400991,1.95975012246,0.133007963431,-0.0425543628662,-0.229378576144,-0.000769260791627,-0.365851604835,-0.0276790665701,0.111249850711,-0.0588408232968,0.573781003068,0.818993076125,0.00253942488843,0.0,0.818956788231,-0.573719333764,-0.0116898236638,0.0,-0.00811712376647,0.00878724717985,-0.999928445734,0.0,0.638882691655,0.231222945274,0.303734698295,1.0,-0.0503434285714,-0.0661656489796,1.37
0.445893638878,0.427758439546,-0.124483311511,-1.54229022687,0.0675404585704,1.96129245324,0.132227561732,-0.0498889139452,-0.235571327342,-0.0063527320562,-0.377407615727,-0.0312268225937,0.121737678532,-0.0561240666255,0.573796407663,0.818982861682,0.00234557565906,0.0,0.818944085931,-0.573735483347,-0.011786694546,0.0,-0.00830752079011,0.00868422550106,-0.999927782055,0.0,0.638185037922,0.230312605699,0.303681639011,1.0,-0.0514131428571,-0.0675715591837,1.383
0.445064587463,0.423518520029,-0.124514023842,-1.54866053403,0.0670852335085,1.96349526623,0.13116847661,-0.0464656876581,-0.243614975455,-0.00191630723989,-0.376434992995,-0.0264743377117,0.13307248721,-0.060872773209,0.573773704788,0.818998642073,0.00238890734717,0.0,0.818960545016,-0.573712741591,-0.0117500103787,0.0,-0.00825285485399,0.00869843532116,-0.999928111221,0.0,0.637305051162,0.229153479767,0.30372419709,1.0,-0.052812,-0.0694100571429,1.4
