position_joint1,position_joint2,position_joint3,position_joint4,position_joint5,position_joint6,position_joint7,velocity_joint1,velocity_joint2,velocity_joint3,velocity_joint4,velocity_joint5,velocity_joint6,velocity_joint7,ee_T_00,ee_T_10,ee_T_20,ee_T_30,ee_T_01,ee_T_11,ee_T_21,ee_T_31,ee_T_02,ee_T_12,ee_T_22,ee_T_32,ee_T_03,ee_T_13,ee_T_23,ee_T_33,v_x,v_y,w_z,time
0.4650978431800935,0.5473180752725836,-0.1239732832370339,-1.3555717024217073,0.07946841490469125,1.8941772716142213,0.15912136255701384,-0.0011699120904510693,-0.0015653772231541713,-0.0009012128428709343,0.00038675267993083573,4.675442161428861e-05,0.0005539643585988452,0.0008476090473260765,0.5737212111551377,0.8190347221242463,0.0026158606133778904,0.0,0.8190008024794195,-0.5736607948740385,-0.011477145279270358,0.0,-0.007899715909847504,0.008727241658203058,-0.9999307124704107,0.0,0.661756493651075,0.26095258111898334,0.3036729694961321,1.0,5e-324,6.9495362154112e-310,6.9493240158322e-310,0.0
0.46509784282299704,0.54731815509136,-0.1239722105907791,-1.355574923290901,0.07946674011421387,1.8941762062728476,0.1591242822176335,-0.0042282736862280295,0.0003718096249231236,-0.0005824040319569357,-0.0006753553166509812,-0.00014845117084523834,-0.009476994170124124,0.0017273485820607872,0.5737225808616827,0.8190337763162845,0.002611582605407777,0.0,0.8189998060893945,-0.5736621835817126,-0.011478835089160243,0.0,-0.00790353963839413,0.00872472051796011,-0.9999307042555837,0.0,0.6617553889175024,0.2609524740161929,0.303671248036482,1.0,-0.00020000000000000004,-0.00026285714285714297,-0.00010000000000000002,0.011000000000000003
0.4650973785344636,0.5473142077294095,-0.12396835201141551,-1.3555781120934682,0.07946674000002904,1.8941762062708534,0.15912299016718456,-0.00044805157673473786,-0.0016393513174328901,0.00014793220013421555,-0.0013147755945347578,-0.00019907066853307794,-0.00010722570360270175,0.0010208814421291616,0.5737193732241714,0.8190360174198562,0.002613399604560653,0.0,0.8190020494667221,-0.5736589469828502,-0.01148052337852385,0.0,-0.007903914255485867,0.008727146333833397,-0.9999306801255323,0.0,0.6617539968004684,0.26095407296498185,0.3036723987715182,1.0,-0.0005400000000000003,-0.0007097142857142863,-0.00027000000000000017,0.028000000000000018
0.465102419539657,0.5472904312513484,-0.12397247788886505,-1.3555964595732701,0.0794667399459415,1.8941768850706355,0.15911902287802437,0.0016833497111209132,-0.0038019172148440116,-0.000218621190972173,-0.0011820236999623855,-0.000211661285191145,-0.00034544061635974577,0.0035318676816374953,0.5737158389013797,0.8190384758935199,0.002618797608546543,0.0,0.8190045803722643,-0.573655398410112,-0.01147728649965601,0.0,-0.007898203921485714,0.008729676362250624,-0.9999307031616866,0.0,0.6617501843811501,0.26095320061692007,0.30368070388568347,1.0,-0.0008600000000000006,-0.0011302857142857154,-0.0004300000000000003,0.04400000000000003
0.4650992009009712,0.5471904259673851,-0.12396805859575812,-1.3556909405497406,0.0794644935450854,1.8941917702129236,0.15912380444929466,0.0008595667055949798,-0.0042436216397698625,-0.00019164701321995462,-0.009051125133873683,-0.00015812475442662696,0.0012371435308267623,-0.0023738252259950694,0.5737237795663784,0.8190328426641572,0.0026408897644398244,0.0,0.8189991613028941,-0.5736631871544332,-0.011474684753058864,0.0,-0.007883314211008075,0.00874635440245261,-0.9999306749178749,0.0,0.6617340802133879,0.2609443699818524,0.3037077145398198,1.0,-0.001200000000000001,-0.0015771428571428588,-0.0006000000000000005,0.06100000000000005
0.4650910659732884,0.5470535254603527,-0.12397326938789512,-1.3558668244411927,0.07946219959614066,1.8942303558382716,0.15912424554146942,-0.000793637439560135,-0.006395196626579036,0.00017833773640801224,-0.012456070899830514,-0.0003319861630481829,0.0002056069182135557,0.0014856886572227738,0.5737434621356615,0.8190190406929808,0.002645286400847555,0.0,0.8189853405307242,-0.5736827690691472,-0.011482132647615662,0.0,-0.007886681881805857,0.008754417871415537,-0.9999305777985928,0.0,0.6617085154657559,0.2609191348728875,0.30372448239802763,1.0,-0.0015400000000000012,-0.002024000000000002,-0.0007700000000000006,0.07800000000000006
0.4650775979269742,0.5469162249144874,-0.12397147402324174,-1.356059718439324,0.07945752589708789,1.8942953157391054,0.1591205318511534,-0.0005288475655464271,-0.009653662543928576,-0.00020775966441070545,-0.015110530849621436,-6.0547945231524306e-05,0.007758207956136392,-0.0010877337363363385,0.5737604327728117,0.8190070808365548,0.0026672504849561997,0.0,0.8189735904288368,-0.5736995837624608,-0.011480098958100343,0.0,-0.007872233407266505,0.008771403129402972,-0.9999305428020104,0.0,0.6616852371566445,0.2608901159887231,0.3037396644490873,1.0,-0.0018800000000000015,-0.0024708571428571453,-0.0009400000000000007,0.09500000000000007
0.4650509951799306,0.5467259458203878,-0.12397037375642057,-1.3562781629535559,0.07945421429123106,1.8944213848802869,0.15911729953932724,-0.002898047545787203,-0.011615005832233525,-8.274629563978743e-05,-0.013077086251194182,-0.00047716953220388296,0.001565873921950293,0.0013883476167407937,0.5737895776337243,0.8189864018046001,0.002746117126966794,0.0,0.8189539068082585,-0.5737284460836968,-0.011441834603137772,0.0,-0.007795331523936633,0.008814318496916704,-0.9999307679013919,0.0,0.6616711802361932,0.26086145570520336,0.3037771994306242,1.0,-0.002200000000000002,-0.0028914285714285743,-0.001100000000000001,0.11100000000000008
0.46502550369715,0.54650132652743,-0.12396764140672428,-1.356536796847943,0.07944822444905413,1.8945576125149075,0.1591069383479031,-0.0008387519694073082,-0.016240898145315763,0.0006548761756653078,-0.02282974997817563,9.737666167060004e-05,0.013964519660429343,2.1836538952859893e-05,0.573813057198118,0.8189696354662718,0.002838745215703672,0.0,0.8189383019271003,-0.5737515955765057,-0.011397855560587327,0.0,-0.00770591137927934,0.008865166213196093,-0.9999310114992069,0.0,0.6616513122624424,0.26082670412509956,0.3038249163483826,1.0,-0.002540000000000002,-0.0033382857142857172,-0.001270000000000001,0.12800000000000009
0.4649906425842188,0.5462745990285361,-0.1239711397986586,-1.3568730128772808,0.07943792098104145,1.894680214367117,0.15909700571139532,-0.0028686283240291276,-0.01735339621323298,0.0006827590230036014,-0.015157576542826961,-0.0015087457628748045,0.0044619267154788434,-0.0022835396501007946,0.5738480712765577,0.8189450323366602,0.002858671805070455,0.0,0.8189138970754739,-0.5737864766149184,-0.011395408360645782,0.0,-0.007692093942213429,0.008880410152929327,-0.9999309826214505,0.0,0.6616167846795966,0.26077607717412765,0.3038407586446046,1.0,-0.002860000000000002,-0.003758857142857146,-0.001430000000000001,0.1440000000000001
0.464962294345113,0.5460702117173685,-0.12396842087480926,-1.3571966517931608,0.07942450937648232,1.8947876175777918,0.15909523751179394,-0.00010494409499335807,-0.02181715647938677,0.0005921052368939205,-0.02697652834201995,-0.003704953975872326,0.010095530019607517,-0.002044145860769242,0.5738863104526648,0.8189182728364557,0.002848155682617256,0.0,0.8188869196327497,-0.5738246483879572,-0.011411952419815465,0.0,-0.007711262897901472,0.008881651702159904,-0.9999308239511178,0.0,0.6615751891744834,0.2607235393783058,0.30383607148062,1.0,-0.003140000000000002,-0.0041268571428571465,-0.001570000000000001,0.1580000000000001
0.46492435164573787,0.545774748262586,-0.12397117607812315,-1.3576482320189445,0.07940381669543728,1.894949642883244,0.15908202908329294,-0.006049815999329651,-0.019565724487180167,-0.0008303727893277683,-0.03261146808181344,0.00016903780031768336,0.009752852855045232,0.00036175315226543684,0.5739282118790053,0.8188888808219669,0.0028557620212979968,0.0,0.818857580748647,-0.5738664692658947,-0.011414236898591997,0.0,-0.007708314020030305,0.008889586105205724,-0.9999307761809548,0.0,0.6615233558660365,0.2606547665444175,0.3038444494270033,1.0,-0.0034800000000000026,-0.00457371428571429,-0.0017400000000000013,0.17500000000000013
0.4648668416803252,0.5454555870453848,-0.12397213471744838,-1.358174184699452,0.07935836021844632,1.8951221923049857,0.1590653086585164,-0.0016627801900446545,-0.021867012466158704,-0.0002427305729907019,-0.03304726097290716,-0.0017181863410981302,0.004652333619512629,-0.0009709188643078555,0.573979532292891,0.8188530395322449,0.0028183432804154114,0.0,0.8188213447758196,-0.5739180003680349,-0.011422832148065946,0.0,-0.00773627183186959,0.00886436215515704,-0.9999307841954491,0.0,0.6614632165118737,0.26056227794537834,0.3038349851117854,1.0,-0.003820000000000003,-0.005020571428571433,-0.0019100000000000015,0.19200000000000014
0.464818502056352,0.5451060908803956,-0.12397715627903366,-1.3587579978950672,0.07931026661609918,1.8953111752293756,0.15901926366464658,-1.2410870393082286e-05,-0.021832935918894205,-0.0002724157279496437,-0.03131493190008061,-0.001127759280458494,0.01156058384324396,-0.0015009966230718815,0.57400466432949,0.818835583459469,0.002771189237284904,0.0,0.8188033705683284,-0.5739433798722972,-0.011436080968446536,0.0,-0.007773913987108694,0.00883359297954793,-0.9999307645514226,0.0,0.6613925067500891,0.2604677254851447,0.30382098556641024,1.0,-0.004160000000000003,-0.005467428571428576,-0.0020800000000000016,0.20900000000000016
0.464752489007867,0.5447106015317457,-0.12397715633271034,-1.3594084979148893,0.07928831794031141,1.8955332093336978,0.15890892438831702,-0.0034983800617480153,-0.0232462289271993,0.0001910840650381526,-0.03630875793205711,-0.0001337031371452811,0.012555621608704057,-0.0038035043752494887,0.5739987907993367,0.8188397627973059,0.0027528029641628905,0.0,0.8188071385350713,-0.573937368108729,-0.011467967284674748,0.0,-0.007810641502029314,0.008836784207846088,-0.9999304501435041,0.0,0.6613162026073431,0.2603635624901197,0.30381052638048256,1.0,-0.004500000000000003,-0.005914285714285719,-0.0022500000000000016,0.22600000000000017
0.46469746126556616,0.5443274629824011,-0.12398285404541687,-1.3600723770941363,0.07925584568197361,1.8957511552825896,0.1589078576385506,-0.004693616752670464,-0.023572764151206585,-0.0005744504511032847,-0.04103094036700525,-0.0023501195547403716,0.013486606265783579,-5.885475986696059e-05,0.5740845036691954,0.818779830680535,0.002705257632145415,0.0,0.818746479464625,-0.5740230971491684,-0.01150796266794443,0.0,-0.007869758877392163,0.008821633042606788,-0.9999301204012576,0.0,0.6612284264066352,0.2602533821855083,0.3037874374413704,1.0,-0.004840000000000004,-0.006361142857142864,-0.002420000000000002,0.2430000000000002
0.46463045987170565,0.5438635602479075,-0.12397574598739375,-1.3608270108966,0.07922485905836175,1.8960149294785387,0.1588708563282529,-0.004049598446775074,-0.027688421750433394,0.001974156916875766,-0.04557979943441004,-0.0012364112413514269,0.014966457701306148,-0.0008747720869002219,0.5741286680851156,0.8187489245747319,0.0026866134331658,0.0,0.8187151950453182,-0.5740671638722041,-0.011535495951141818,0.0,-0.007902530498635596,0.008822600029465985,-0.9999298534099471,0.0,0.6611434996887642,0.2601488552112331,0.3037764262773494,1.0,-0.005160000000000004,-0.006781714285714292,-0.002580000000000002,0.2590000000000002
0.4645664249825502,0.5433784636488449,-0.12398133000914666,-1.3616124367098257,0.07918473233580312,1.8962871365010041,0.1587720565660396,-0.004634113212437047,-0.026469385418258294,0.0016142210660773473,-0.04856342806101505,-6.271227636016364e-06,0.014245502706849465,-0.0029667338259900377,0.5741371208131382,0.8187430673544032,0.002665157539698041,0.0,0.818708993876018,-0.574075613044708,-0.011555118133074757,0.0,-0.007930823608383819,0.008816380446070193,-0.99992968426421,0.0,0.6610500567593115,0.2600284038364419,0.3037695417234124,1.0,-0.005500000000000004,-0.007228571428571435,-0.002750000000000002,0.2760000000000002
0.4644989463704903,0.542863393230646,-0.1239899800292573,-1.3624592751395552,0.0791298193616525,1.89658261748131,0.15875053967147135,-0.006668364713203877,-0.03414586689289574,-0.00025298694106934243,-0.05168320192987917,-0.0014808221657768602,0.02312473333903298,5.9427342469438224e-05,0.5742132742674081,0.8186897782880023,0.002628589555713337,0.0,0.8186552782542161,-0.5741519317287778,-0.011568992170163089,0.0,-0.007962359163759203,0.00879514692198459,-0.9999296206369565,0.0,0.6609502230015737,0.2598961953276777,0.3037566712031519,1.0,-0.005840000000000004,-0.007675428571428578,-0.002920000000000002,0.2930000000000002
0.4644226988070316,0.542314041290097,-0.12399278399006708,-1.3633409741361522,0.07907932811015292,1.8968898298149721,0.15867649215437754,-0.00585737811543477,-0.0343214624605655,-0.00027568080581491495,-0.05158283968491079,-0.007642607531671034,0.02365598150405078,-0.010412869324679622,0.5742525347077653,0.8186623078254889,0.002607494728684218,0.0,0.8186274950015654,-0.5741912151244961,-0.011585327035744108,0.0,-0.007987423783960446,0.00878763948295816,-0.9999294867407469,0.0,0.6608461624111077,0.2597594077959162,0.30375222903373356,1.0,-0.006180000000000005,-0.008122285714285723,-0.0030900000000000025,0.3100000000000002
0.4643607489886147,0.5417476556175741,-0.12398685560122193,-1.3642232058220676,0.0790315546261372,1.8972108013935451,0.15861547976040302,-0.003076000274580523,-0.03597921994972307,0.00010259661869432345,-0.05509996901505496,-0.009044741861928184,0.021005286525109457,0.0007923107755109869,0.5742961994238703,0.8186316379352453,0.0026198473169044886,0.0,0.8185969324157406,-0.5742347743109181,-0.011585901468454873,0.0,-0.007980331709440569,0.008798507555783944,-0.9999294477964923,0.0,0.6607356937937194,0.2596274398571021,0.3037632532155991,1.0,-0.006520000000000005,-0.008569142857142865,-0.0032600000000000025,0.32700000000000023
0.46425512718353174,0.5410960624717899,-0.12399034940831889,-1.3652475184116841,0.07897018217605434,1.8975758601548256,0.15855989977008722,-0.004804192926562993,-0.038498344746611506,-7.96529800598146e-06,-0.05173957366443544,-0.0010937723465653023,0.022345465865996183,-0.006375439923269555,0.5743673593286003,0.8185817503262448,0.0026079631746571026,0.0,0.8185468332069015,-0.5743059023735725,-0.011599967544694475,0.0,-0.007997907076580213,0.008797552104819223,-0.9999293157815493,0.0,0.6606314753452907,0.2594803753872513,0.303762592765412,1.0,-0.006840000000000005,-0.008989714285714294,-0.0034200000000000025,0.34300000000000025
0.46418387303292163,0.5404682135705867,-0.12399948652312431,-1.3662104489818003,0.0789131583847868,1.8979267942450906,0.1584565107922396,-0.0006739440983599775,-0.041741917900413844,0.0002739823441180306,-0.06316610308085897,-0.0027512706240357637,0.024334571715987834,-0.005995957983109843,0.574387404264883,0.8185676488423297,0.0026193494991728593,0.0,0.8185329203479824,-0.5743259512092906,-0.011589088633507407,0.0,-0.007982246325270559,0.008800819776018556,-0.9999294121661154,0.0,0.6605126104275828,0.25932482860115924,0.3037814287354766,1.0,-0.007180000000000006,-0.009436571428571438,-0.003590000000000003,0.36000000000000026
0.46408246832254624,0.5397752739097604,-0.12399700312183948,-1.367273419135599,0.07885375553285216,1.8983333524519324,0.15840110976991204,-0.0014304585325773979,-0.03502323377056136,-0.00037567574128960187,-0.059821327960484436,-0.00468306391813943,0.028473793362589084,-0.0028069583111460404,0.5744663722284691,0.8185121260455799,0.0026520927990779965,0.0,0.8184777882895811,-0.5744047614449466,-0.011577003376427239,0.0,-0.00795269602933435,0.008821448019671232,-0.9999294658528176,0.0,0.6603954935285896,0.2591601870844209,0.30380032337223417,1.0,-0.007520000000000006,-0.009883428571428581,-0.003760000000000003,0.3770000000000003
0.46398526012453517,0.5390443263682269,-0.12401343113257408,-1.3684313596101352,0.07877036858586767,1.898744408438911,0.15829387405123327,-0.004878989792470128,-0.038722240887860616,-0.0008489793961431319,-0.07095948946270043,-0.0029866451973723186,0.02725844981527024,-0.011109066410963821,0.574511349173351,0.8184806398727157,0.002626542551404926,0.0,0.8184461298372164,-0.5744499945324929,-0.011570792423582115,0.0,-0.007961805521822185,0.008797404529625602,-0.9999296051854724,0.0,0.6602626934019171,0.2589730197092022,0.30380172337172456,1.0,-0.007860000000000006,-0.010330285714285724,-0.003930000000000003,0.3940000000000003
0.4638883554111572,0.5383177526035714,-0.12400944515363943,-1.3695396732183611,0.07872412586239147,1.8991840492944438,0.15823082836622257,-0.009814313504494814,-0.05003562462201254,0.0007967894758391249,-0.07273216129154109,-0.0023564821506254436,0.024957972314754166,0.0017281818603508035,0.5745852770295936,0.8184285498354115,0.0026861005823532614,0.0,0.8183946582866877,-0.5745235438040815,-0.01155974929761367,0.0,-0.007917753269804984,0.008840522328230419,-0.9999295746941994,0.0,0.6601399109568559,0.25881167046954706,0.3038254220416092,1.0,-0.008180000000000007,-0.010750857142857154,-0.004090000000000003,0.4100000000000003
0.46378494641540224,0.5375505341626579,-0.12401233816830357,-1.3707468412917385,0.07864954308695224,1.8996498450004906,0.15814727519743862,-0.006735633753510901,-0.04471901629340238,0.0020510650070134006,-0.07495920518598073,-0.005316415288873056,0.028966723521881937,-0.0037670403554660933,0.574650321950039,0.8183828209931915,0.0027041980606487704,0.0,0.818349210970732,-0.5745885733477402,-0.011545006842682554,0.0,-0.007894585957825717,0.008847490589913756,-0.9999296962400986,0.0,0.660005143775838,0.2586280464983817,0.30383309810935666,1.0,-0.008520000000000007,-0.011197714285714297,-0.004260000000000003,0.4270000000000003
0.46368872582827386,0.5367959727996828,-0.12402481712678397,-1.371950596760504,0.07858370959030454,1.900086353040041,0.1580736328956745,-0.004561822893530365,-0.04694760354723678,-1.3053500404549244e-05,-0.0786753835361407,-0.005098012526033772,0.02716780051987551,-0.005913319946684193,0.5747262332546594,0.818329550557175,0.002692655754318707,0.0,0.8182957730750307,-0.5746644931424156,-0.011554003207418825,0.0,-0.007907760846501355,0.008843947837918642,-0.9999296234760899,0.0,0.659864583689448,0.25844328527701194,0.30383111484287995,1.0,-0.008840000000000008,-0.011618285714285727,-0.004420000000000004,0.44300000000000034
0.46355903424798356,0.5358876268860628,-0.12403146539105317,-1.3733607927411515,0.0785024060333691,1.9006175138854435,0.1579493519798456,-0.006284884485937173,-0.05566500980561994,8.436496561910236e-05,-0.08365640757839146,-0.007429122420345852,0.035298451979626916,-0.005661385313211963,0.5747911637832767,0.8182838654403543,0.002716707173549278,0.0,0.8182504029614327,-0.5747293400945394,-0.01154168918125036,0.0,-0.007883158491089781,0.008857178224128001,-0.9999297006320547,0.0,0.6597069753771401,0.25822126475121854,0.30384728489569723,1.0,-0.009200000000000007,-0.012091428571428583,-0.004600000000000003,0.46100000000000035
0.46345024706277654,0.5350054976390113,-0.12404355985900703,-1.3747357783691863,0.07841583741974746,1.9011048665499388,0.1578409114187349,-0.009329518106338062,-0.05300689453006837,-0.0012128157671551568,-0.07998233773194863,-0.001345757105294082,0.025567976351819073,-0.001818969483486818,0.5748520983870375,0.8182410922414373,0.0027068152444810487,0.0,0.8182075500138379,-0.5747903538315348,-0.011541279988803582,0.0,-0.007887850117328565,0.008849436068229896,-0.9999297321821174,0.0,0.6595438996913209,0.2580099136425142,0.30385788942727565,1.0,-0.009540000000000007,-0.012538285714285726,-0.004770000000000003,0.47800000000000037
0.46332269218592514,0.5341068468840554,-0.12404924431619738,-1.3761861586780861,0.07835032170636755,1.9016301692381194,0.15774995717655535,-0.008504102583177053,-0.05506926031377083,-0.001123166090395038,-0.08240290271453844,5.079754717736017e-06,0.03526649052256314,-0.008412832763308745,0.574948017462387,0.8181737413780605,0.0026931462465460305,0.0,0.8181398388764515,-0.5748861008852009,-0.011572465313529932,0.0,-0.007920187385898392,0.00885710675213744,-0.9999294086543077,0.0,0.6593731928875892,0.2577871581489029,0.3038472248355093,1.0,-0.009880000000000009,-0.01298514285714287,-0.004940000000000004,0.4950000000000004
0.46321125890711706,0.5332365557797135,-0.1240513925219177,-1.3775688318730743,0.07825756882093136,1.9021460417445568,0.15765234284687288,-0.004028625035444616,-0.06192142006614726,0.0003881467372317033,-0.08640218384793014,-0.0030608654872188524,0.03520254681048845,-0.007178575215215094,0.5750116568571859,0.8181290321423095,0.0026885210525204256,0.0,0.8180951513855361,-0.5749498389859425,-0.011565155888427957,0.0,-0.007916177458264173,0.008849735871520548,-0.9999295056700013,0.0,0.6592117885366289,0.25757973708939785,0.3038476214370434,1.0,-0.010200000000000008,-0.013405714285714299,-0.005100000000000004,0.5110000000000003
0.46308935342978896,0.5323073915096499,-0.124058488984646,-1.3790477601654192,0.07818395148763886,1.9027119578288743,0.15753428627077665,-0.008588612929457671,-0.051179183314116125,-0.004346559770430931,-0.0870369248075056,-0.003048673429258283,0.0279447597632091,-0.0052710509589317025,0.5750810294362525,0.8180802103480858,0.002706643785265076,0.0,0.8180464780943772,-0.575019045969277,-0.011567339848742936,0.0,-0.007906792319699318,0.008866488831431651,-0.9999294315155521,0.0,0.6590419390983804,0.2573583713387677,0.30384808585624007,1.0,-0.010540000000000008,-0.013852571428571442,-0.005270000000000004,0.5280000000000004
0.4629534499261303,0.5313355841511433,-0.1240460543190683,-1.3805981356904755,0.0780950433698014,1.9032886395937205,0.15743498971399023,-0.005095337303450196,-0.053982925428586175,0.0010832221891165503,-0.0849578283650715,-0.0016054080162775134,0.029218216279698807,-0.0004923275485695914,0.5751629549684418,0.8180226079837403,0.002708313249729106,0.0,0.8179887931052101,-0.5751008386829726,-0.011580440476574298,0.0,-0.00791566129992144,0.008876181144831824,-0.999929275356247,0.0,0.6588583033480262,0.25712950272964125,0.3038446739497534,1.0,-0.010880000000000008,-0.014299428571428584,-0.005440000000000004,0.5450000000000004
0.462823529332585,0.5303237344479652,-0.12405693312517542,-1.3822233835617057,0.07798583294970808,1.9038645932932148,0.1573094839076879,-0.012487417953751348,-0.05963576490991089,-0.0035159136255956858,-0.09522962354835138,-0.0073388749891366255,0.027793534834799773,-0.011360180737930199,0.5752332018454651,0.8179733490748223,0.0026665706706920063,0.0,0.8179390831673681,-0.5751713171921821,-0.011591333311764016,0.0,-0.007947819784377697,0.00884898251450536,-0.999929261332587,0.0,0.658662576878337,0.2568793835257298,0.30383428214296426,1.0,-0.011220000000000008,-0.014746285714285727,-0.005610000000000004,0.5620000000000004
0.4626881978275046,0.5292962445420573,-0.12405930758223326,-1.3838829687380556,0.07788220229935203,1.9044623836746948,0.1572026247794536,-0.0014229920237043953,-0.060856309532825066,-0.00035524916343819557,-0.09683570518358943,-0.00027829154481116185,0.03730046411625772,-0.005524245951263265,0.5753203921567567,0.8179121351244169,0.0026329614546913233,0.0,0.817877433343351,-0.5752586101947837,-0.011609579047789042,0.0,-0.007981135501340886,0.008832837386694603,-0.9999291387192442,0.0,0.6584622789836668,0.2566291753656081,0.3038199700578195,1.0,-0.011560000000000008,-0.01519314285714287,-0.005780000000000004,0.5790000000000004
0.4625464331578954,0.5282912926403731,-0.12405816850743319,-1.3854570302725333,0.07777650919715479,1.9050479982064132,0.157083717744126,-0.010257398018143822,-0.05859512175532065,0.0014482863091746336,-0.09684441048785589,-0.0007671851418699302,0.033586450609782305,-0.007496836231084099,0.5753951429650039,0.8178595279015003,0.0026398814795404093,0.0,0.8178249903268984,-0.5753334105940208,-0.01159735971110868,0.0,-0.007966352500014984,0.00883219554159255,-0.9999292622729672,0.0,0.658279447557459,0.25638549501150115,0.30382907142919746,1.0,-0.011880000000000009,-0.0156137142857143,-0.005940000000000004,0.5950000000000004
0.4624054875582959,0.5271821770706756,-0.12406654252745286,-1.3871976026493438,0.0776811851228332,1.9057181711911322,0.15696293761624772,-0.011817587055829989,-0.06272010383986173,0.0001967715768738183,-0.10397154347470257,-0.008399580624931192,0.040308255837412946,-0.002653578405541968,0.5754862364115586,0.8177953236734947,0.002673420997885939,0.0,0.8177611965402652,-0.5754243525288956,-0.011583904822788541,0.0,-0.007935064421788762,0.008852768186723856,-0.9999293291268407,0.0,0.6580781903885261,0.25612583171106895,0.3038396828209692,1.0,-0.012220000000000009,-0.01606057142857144,-0.006110000000000004,0.6120000000000004
0.4622652357061043,0.5260228741581976,-0.12407483455291136,-1.38900302836655,0.07755599863733964,1.906396253487118,0.1568296221369983,-0.009351877639757304,-0.06851468624436367,-0.0009868939283224922,-0.1136918777052937,-0.009740609801020967,0.047299439032921164,-0.01073047820321398,0.5755614608773676,0.817742335150401,0.002687927954408342,0.0,0.8177085639039161,-0.5754997068891188,-0.011555898491327285,0.0,-0.007902997824355829,0.008849241900223834,-0.9999296142945161,0.0,0.65786553415922,0.2558554041319899,0.30385508013252327,1.0,-0.012560000000000009,-0.016507428571428586,-0.006280000000000004,0.6290000000000004
0.4621080188347561,0.5248624599661914,-0.12407302197824976,-1.3908277721128488,0.07745779958670929,1.907068169021165,0.15670245457127185,-0.011082082706332118,-0.06575309164858328,-0.0005159012008591738,-0.10631498596840451,-0.009045680111931681,0.04416751361565954,-0.01022830958516744,0.5756565766339539,0.8176753412956113,0.0026997993241300554,0.0,0.8176415936203782,-0.5755946253937481,-0.01156713019584222,0.0,-0.007904319332726062,0.00886633349624942,-0.9999294524446309,0.0,0.6576471334359738,0.2555813768730617,0.30386095432387217,1.0,-0.012900000000000009,-0.016954285714285727,-0.006450000000000004,0.6460000000000005
0.461954952388657,0.5236906099094437,-0.12407942287550763,-1.3927048230139214,0.07733393771423504,1.9077365668754012,0.15655525016145244,-0.007577913733826274,-0.07232596278586167,0.0008785611437824609,-0.11479380144610248,-0.0030843454624225226,0.04004974701404775,-0.010239867928380957,0.5757331692057672,0.8176215438034865,0.002660053739100385,0.0,0.817587336894503,-0.57567140319972,-0.011581407040083213,0.0,-0.007938043866897504,0.008842796682834594,-0.9999293937105724,0.0,0.6574176665252149,0.2552949360106788,0.3038495934732468,1.0,-0.01324000000000001,-0.017401142857142875,-0.006620000000000005,0.6630000000000005
0.46180975418911097,0.5225542436031636,-0.12408261172847145,-1.3945153850307683,0.07722473754288643,1.9084140471214037,0.1564245363116082,-0.009989054417669441,-0.0731082839810952,-0.0005359727370433671,-0.11287646904874635,-0.01289064722135048,0.04345401607140103,-0.007215641147461858,0.5758149264969914,0.8175639686396368,0.0026597944807425665,0.0,0.8175297581399232,-0.5757531508007998,-0.011582348632222916,0.0,-0.007938078693771278,0.008843920637747096,-0.9999293834938568,0.0,0.6572005873849661,0.255025949144351,0.30384534723496426,1.0,-0.01356000000000001,-0.017821714285714302,-0.006780000000000005,0.6790000000000005
0.4616421744051467,0.521347000424843,-0.12408285154038201,-1.396484978228372,0.07709805887027722,1.9091852798579578,0.15627567578099108,-0.008398770523474675,-0.07123182534219513,-0.0008274999662814342,-0.11532830675839346,-0.007407178569460672,0.04401799254402376,-0.00843879343076691,0.5759018418382605,0.8175027516801925,0.0026582821183973003,0.0,0.8174686127978962,-0.5758401618979967,-0.01157246459405808,0.0,-0.00792992871963677,0.008837836025807871,-0.9999295019574541,0.0,0.6569720364039204,0.25472958552125763,0.3038229572911802,1.0,-0.01390000000000001,-0.018268571428571443,-0.006950000000000005,0.6960000000000005
0.46148093831428616,0.5200806082128405,-0.12409140044177547,-1.3984971997821334,0.07697085646955355,1.9099397676248646,0.15613655604798812,-0.012639742983233003,-0.072614373121907,-0.00046522320622142325,-0.11571492837391885,-0.009353318183307991,0.03924563922289625,-0.00949122595821032,0.5759989840718185,0.8174343109873897,0.002657907073700781,0.0,0.8174002388300352,-0.5759373729615685,-0.011564553079840927,0.0,-0.007922626996213933,0.008833914782298072,-0.9999295944870809,0.0,0.6567312505442768,0.2544271071517578,0.3038202680324387,1.0,-0.014240000000000011,-0.018715428571428588,-0.007120000000000006,0.7130000000000005
0.4613090591536241,0.5187463255141179,-0.12409470635938867,-1.4005771782040004,0.076848828132041,1.9106755196657945,0.155986376882734,-0.009930752330460065,-0.08087790786785709,-6.111150403825248e-05,-0.12330650757902706,-0.010079635239226625,0.04392316329945958,-0.01295191055755419,0.5760964880510463,0.8173656202502695,0.002650696012673452,0.0,0.8173313684116473,-0.5760347926571932,-0.011580101896661869,0.0,-0.007938436880778332,0.008837923190630134,-0.9999294336769804,0.0,0.6564730111413516,0.25411317873059763,0.303830805942663,1.0,-0.014580000000000011,-0.019162285714285732,-0.007290000000000006,0.7300000000000005
0.4611458390630039,0.5174656782005224,-0.12410003150988266,-1.402551911523315,0.07670992400244038,1.9113939591266436,0.15583849094444663,-0.008325552662186412,-0.07728908752224327,-0.0007959799268809631,-0.12394106148705013,-0.005400072767799113,0.049390364208529984,-0.008241776193763754,0.5761797154873,0.81730692631361,0.002659052835395439,0.0,0.8172729288719557,-0.5761181446428617,-0.011558116089139403,0.0,-0.007914752132259839,0.00883289399919919,-0.9999296658676967,0.0,0.6562332463989794,0.2538117086598358,0.3038519211849224,1.0,-0.01490000000000001,-0.01958285714285716,-0.007450000000000005,0.7460000000000006
0.46095760827815185,0.516117963097087,-0.12410202635356621,-1.4046868311877596,0.07657554277500739,1.9121847486387775,0.1556692468899529,-0.01056674340132368,-0.08237147191317908,-0.0007196771333003449,-0.12400288842307718,-0.009094235557155078,0.053681119557582174,-0.010965142429415977,0.576273215946159,0.8172410102084464,0.0026568247510544473,0.0,0.8172070060915557,-0.5762116654987197,-0.01155736298971399,0.0,-0.007914409967233249,0.008831544573058903,-0.999929680495246,0.0,0.6559763962693874,0.2534833007495911,0.3038496819236226,1.0,-0.015240000000000012,-0.020029714285714303,-0.007620000000000006,0.7630000000000006
0.46077618506820195,0.5147518229883353,-0.1241185024683132,-1.4068551386357433,0.07643242146127857,1.9130157507751144,0.1555046887249767,-0.012550385099498431,-0.08088134047376941,0.00012590818971952575,-0.13049982275186628,-0.004211764743111262,0.05003531916691515,-0.007103962608637888,0.5763744568089215,0.8171695760582705,0.002667658931589603,0.0,0.8171358890140024,-0.5763130555272644,-0.011530299880425036,0.0,-0.00788495540496803,0.008825780106690898,-0.9999299640893706,0.0,0.6557213807467781,0.2531485455933756,0.30384800436908216,1.0,-0.015580000000000012,-0.020476571428571448,-0.007790000000000006,0.7800000000000006
0.46058474009093087,0.5133525189708488,-0.12411177457813893,-1.409110254289408,0.07631166414236255,1.913810379706153,0.15533678565505196,-0.014735722172747814,-0.08269609292932721,0.0019766016398070838,-0.1282726853413333,-0.001991849793330866,0.04658188554416731,-0.007979857679902056,0.576474766032778,0.817098954469021,0.0026248112874407694,0.0,0.8170644611221825,-0.5764132143469829,-0.011585318230629933,0.0,-0.007953528632263285,0.008823453515360083,-0.9999294415359306,0.0,0.6554345704964902,0.2528121310087448,0.303823983321287,1.0,-0.01592000000000001,-0.02092342857142859,-0.007960000000000005,0.7970000000000006
0.4603908808034807,0.5119338857931856,-0.12412277365673337,-1.411395637200153,0.07617583368023134,1.914618521875036,0.15515173229981313,-0.01532094006822097,-0.08179694758166825,-0.0008492548966418156,-0.13206204044973804,-0.007334639354834395,0.05632496568882315,-0.013309139145777305,0.5765726830487969,0.8170300291597282,0.0025728416922386295,0.0,0.8169947978171526,-0.576511224808656,-0.011621312771867544,0.0,-0.008011843650459316,0.008802699242829157,-0.9999291589144507,0.0,0.6551483202984371,0.2524590218300896,0.3038003667618495,1.0,-0.016260000000000014,-0.021370285714285737,-0.008130000000000007,0.8140000000000006
0.46020993233489893,0.5105798222647885,-0.1241152459476358,-1.413578384749596,0.0760372293899424,1.91543994047929,0.15498599095097484,-0.01493891712230945,-0.08750265414625132,0.0017897747906705512,-0.13424647698378875,-0.00860052645012665,0.055233602425725295,-0.009699171443396356,0.5766563984115807,0.8169709802352463,0.0025617426985265193,0.0,0.8169356032726132,-0.5765949660037422,-0.011628077483553732,0.0,-0.008022868380900605,0.008798353494535893,-0.9999291087665804,0.0,0.6548793076260829,0.2521369971891737,0.30378051140948215,1.0,-0.01658000000000001,-0.02179085714285716,-0.008290000000000006,0.8300000000000006
0.46003399306401915,0.5092607355181327,-0.12411859234228717,-1.4156538675106614,0.07590909030894386,1.9162137938087678,0.15482603369934783,-0.00636540282404271,-0.08593924595875173,0.0004647305546290557,-0.1379663638332135,-0.003875529556196445,0.050664422649558304,-0.01947723229163547,0.5767452965446762,0.816908189829183,0.002572781531638155,0.0,0.8168729645229347,-0.5766838242874008,-0.011622114178534745,0.0,-0.00801067299313235,0.008804804884972525,-0.9999291497546887,0.0,0.654625298450048,0.25182269160583587,0.3037830082960684,1.0,-0.016880000000000013,-0.02218514285714288,-0.008440000000000007,0.8450000000000006
0.45980155748291746,0.5075855423174757,-0.12412633602716516,-1.418309311275445,0.07573896513935706,1.9171609374667358,0.15462558327676915,-0.0077319683119157065,-0.08520619011216961,-0.00015694933904620775,-0.14393766914979655,-0.011355070125715959,0.046677168224986874,-0.00926036765177998,0.5768684742527683,0.8168213229619834,0.0025370591492417365,0.0,0.8167856509169866,-0.5768071280613485,-0.011639775553756603,0.0,-0.008044377944407322,0.008787022250376073,-0.9999290355937561,0.0,0.6542932618490824,0.2514098224514414,0.30377327083285777,1.0,-0.017260000000000015,-0.022684571428571453,-0.008630000000000007,0.8640000000000007
0.4595793571921086,0.5060247620835194,-0.12413056714033478,-1.4207293889545378,0.07558948231536185,1.9180452036946454,0.1544209751751888,-0.011472842323753413,-0.09498658987031575,-0.002022866556995584,-0.1495610228750626,-0.006731124870951057,0.05109159080152373,-0.004911992012252334,0.576970447752003,0.8167492384776496,0.002555536781365474,0.0,0.8167137925828267,-0.5769090099267622,-0.01163280583121478,0.0,-0.008026927652865057,0.008799096735720754,-0.9999290696489881,0.0,0.6539963604489867,0.25103124074075095,0.3037893585669692,1.0,-0.017600000000000015,-0.023131428571428594,-0.008800000000000007,0.8810000000000007
0.4593605518869762,0.5044055582112678,-0.12413305322118987,-1.4231932246174683,0.07543284515510194,1.9190142193370934,0.1542302519956821,-0.014278028566381294,-0.09788782965563628,6.741578413067141e-05,-0.1423341093544206,-0.004389322438782916,0.054842089575462036,-0.009492232689085112,0.5770799369638726,0.816671566900625,0.0026542552739331447,0.0,0.8166375137508506,-0.5770182759383546,-0.011568373661259372,0.0,-0.007916160452986598,0.008843611037895896,-0.9999295599928494,0.0,0.6537055574651975,0.2506560640228055,0.30383213464189013,1.0,-0.017940000000000015,-0.02357828571428574,-0.008970000000000007,0.8980000000000007
0.459141405222776,0.5028455811842626,-0.12414177726147949,-1.4255222246644002,0.07528268739448024,1.9199042305275353,0.15405923747644326,-0.016675416158651445,-0.09909313884971917,-0.007720904058433262,-0.14374569740936088,-0.012750716214281076,0.05809193001538736,-0.012041177846236675,0.5772043580968917,0.8165833176294441,0.002749775346065726,0.0,0.8165506214513052,-0.5771425056678188,-0.011504679924602529,0.0,-0.0078076677896440905,0.008886053242732742,-0.9999300367432984,0.0,0.6534298999687893,0.25028804741858984,0.3038904250808269,1.0,-0.018260000000000016,-0.02399885714285717,-0.009130000000000008,0.9140000000000007
0.4589151996680706,0.5011432613661738,-0.1241419488777213,-1.4280503607232184,0.07512192494005387,1.9208213803482193,0.1538556330868745,-0.013725357906160677,-0.10438268380207985,-0.002048771973473221,-0.15462250956607887,-0.01154000210697154,0.053669195592097416,-0.015419811667252887,0.5773083930689836,0.816509511855488,0.0028254632946116756,0.0,0.8164777987762436,-0.5772462936271038,-0.011465927807202167,0.0,-0.007731199751787543,0.008926476271057943,-0.9999302708548133,0.0,0.653114892632231,0.24989896101097533,0.30395475104126873,1.0,-0.018600000000000016,-0.02444571428571431,-0.009300000000000008,0.9310000000000007
0.4586847415102087,0.4994339387594966,-0.12413792700407433,-1.4306531012505306,0.07495149360282423,1.9217514725347973,0.15364601591464,-0.016333550951806063,-0.10083067941408048,9.927935916815691e-05,-0.1523075916673912,-0.01395973779933417,0.04812228052587214,-0.008186717163064225,0.5774086191518091,0.8164385450368947,0.0028522988005845306,0.0,0.8164071777540374,-0.5773464226479181,-0.011453177225013357,0.0,-0.0077041991705068535,0.008941972620974611,-0.9999303407941909,0.0,0.6527841862892689,0.24950027134093872,0.30398882217772233,1.0,-0.018940000000000016,-0.024892571428571455,-0.009470000000000008,0.9480000000000007
0.45843016084900334,0.49776578800430243,-0.12414264343663779,-1.4332847229634413,0.07478675419098874,1.9227343570004034,0.15344892726614653,-0.009212922937939459,-0.10301443478542346,0.0024043331901165404,-0.15271919419897106,-0.002103233786600188,0.045718367213554996,-0.01399627679235598,0.5775480336215998,0.8163398921399404,0.002862911452022536,0.0,0.8163086845094837,-0.5774858129476409,-0.01144614956248954,0.0,-0.007690805823836189,0.008947892928288764,-0.9999303909362511,0.0,0.6524624993782391,0.2490812970223447,0.3039847552944774,1.0,-0.019280000000000016,-0.025339428571428596,-0.009640000000000008,0.9650000000000007
0.45816788959982163,0.49609089138070883,-0.12414016441508344,-1.4359647644835265,0.07462585402890674,1.9236892963779793,0.15322906933529604,-0.01003162719886141,-0.09471801464912316,-0.001118151886668547,-0.15463080051012945,-0.013304806443050958,0.05083371668968734,-0.01846033314854656,0.5776628753527281,0.8162587689673196,0.002823371102573166,0.0,0.816226900583488,-0.5776005894145527,-0.011487069819684555,0.0,-0.007745789787531099,0.008940337354865158,-0.999930034106661,0.0,0.6521403353225373,0.24868321915889421,0.3039584576109896,1.0,-0.019600000000000017,-0.025760000000000026,-0.009800000000000008,0.9810000000000008
0.45790485166681555,0.4945166652121429,-0.124141193322605,-1.438536666762085,0.0744704266503618,1.924578104867742,0.15302194504621613,-0.01570158538539788,-0.10038467219121247,-0.0006566690240461534,-0.16850004921598988,-0.008876453079495512,0.055378650875993855,-0.016199287625173045,0.5778111054576268,0.8161542117372832,0.0027158745437659126,0.0,0.8161208249957504,-0.5777490003931142,-0.01156020995576273,0.0,-0.007865971685439177,0.008896270747884238,-0.9999294889422075,0.0,0.6517712898431051,0.2482069288784943,0.30390160906323466,1.0,-0.019960000000000016,-0.026233142857142882,-0.009980000000000008,0.9990000000000008
0.4576224714939863,0.49261000038955355,-0.12419652469460557,-1.4415244151194757,0.07429534170585796,1.9256586500847428,0.15285952762275473,-0.013875609962267384,-0.1336124781818452,-0.002556878079570688,-0.19325300768071402,-0.016679618980257965,0.07207145710377198,-0.006125038867242569,0.5780467435345634,0.8159873281391767,0.002718364689028816,0.0,0.8159540589895081,-0.5779846970036167,-0.011550348453272371,0.0,-0.007853915994549099,0.008894873265804099,-0.9999295961382162,0.0,0.6514251152238184,0.24773338393930322,0.3039091756452945,1.0,-0.027667999999999533,-0.03636365714285654,-0.04449366327599786,1.014999999999999
