position_joint1,position_joint2,position_joint3,position_joint4,position_joint5,position_joint6,position_joint7,velocity_joint1,velocity_joint2,velocity_joint3,velocity_joint4,velocity_joint5,velocity_joint6,velocity_joint7,ee_T_00,ee_T_10,ee_T_20,ee_T_30,ee_T_01,ee_T_11,ee_T_21,ee_T_31,ee_T_02,ee_T_12,ee_T_22,ee_T_32,ee_T_03,ee_T_13,ee_T_23,ee_T_33,v_x,v_y,time
0.465066949026,0.547692300877,-0.124025114847,-1.35582411048,0.0795259684854,1.89414010595,0.159137725202,3.91148327475e-05,-0.00014907299987,0.00104356504902,0.00196319031971,-2.33749427713e-06,-0.000228039933213,0.00106438778739,0.57382576786,0.818963040134,0.00206734980268,0.0,0.818921434127,-0.573766728698,-0.0118394538312,0.0,-0.00851006241483,0.00848694415095,-0.9999277727,0.0,0.661698079756,0.260873986392,0.303286274432,1.0,0.0,0.0,0.0
0.465066243849,0.547692303497,-0.124027898907,-1.35582597152,0.0795253581338,1.89414549366,0.159141421858,-0.000261021611513,-6.62546666088e-05,0.00449681033001,0.000315717079227,-0.000136672566901,0.000622028548201,0.00118513806175,0.573831295041,0.818959162908,0.00206911152326,0.0,0.81891760496,-0.573772273237,-0.0118356094834,0.0,-0.00850584577661,0.00848623835685,-0.999927814568,0.0,0.661699585588,0.26087195523,0.303285945944,1.0,-2e-05,-2.62857142857e-05,0.002
0.465069301783,0.547693781118,-0.124027898911,-1.35582669561,0.079522402355,1.8941442338,0.159139754764,0.00195850061343,0.000605384814742,-0.000492218715676,0.000508088197733,0.000313974387466,2.85052765347e-05,-0.000194822372599,0.57382667606,0.818962410763,0.00206458247504,0.0,0.818920817698,-0.573767696651,-0.0118351815322,0.0,-0.00850814187623,0.00848223575715,-0.999927828995,0.0,0.661698497004,0.260873307987,0.303284439583,1.0,-0.00038,-0.000499428571429,0.02
0.465065561092,0.547677140585,-0.124022962057,-1.35583273328,0.0795253581335,1.89414776647,0.159140523265,-0.000131599631596,-0.000491837554338,0.00135529301918,0.000747353303744,-0.000169943603523,0.000356439841841,0.00148709776479,0.573828026356,0.818961425725,0.00207996274517,0.0,0.81891998054,-0.573768933305,-0.0118331545767,0.0,-0.00849764274331,0.00849368231681,-0.999927821109,0.0,0.661697935241,0.260873913483,0.30329350317,1.0,-0.0007,-0.00092,0.036
0.465068231403,0.547633575314,-0.124025441932,-1.35586916197,0.0795265620888,1.89415141428,0.159139709409,0.000391060990871,-0.00204244793964,-0.000596002859253,-0.000421709335184,0.000289739208562,0.000147025654884,0.000508871275705,0.573829161175,0.818960601624,0.00209133312822,0.0,0.818919274243,-0.573769992604,-0.0118306703649,0.0,-0.00848907216705,0.00850158034094,-0.999927826788,0.0,0.661691269666,0.260870937887,0.303307427341,1.0,-0.00104,-0.00136685714286,0.053
0.465071125483,0.547510369227,-0.124025535581,-1.3559932578,0.0795224988101,1.89418246829,0.159133446187,0.00117684029467,-0.0100826629898,0.000593302852202,-0.0125706352835,-1.9698622669e-05,0.000221801408987,7.94822178183e-05,0.573827421807,0.818961745161,0.0021205768551,0.0,0.818920750249,-0.573768089474,-0.011820795834,0.0,-0.00846422321724,0.00851984521971,-0.999927881981,0.0,0.661671766773,0.260861141137,0.303338332529,1.0,-0.00136,-0.00178742857143,0.069
0.465056308117,0.547382332616,-0.124028303695,-1.35618287481,0.0795231653869,1.89423248334,0.159123821555,-0.00115040533351,-0.00414419981545,-0.000779593964055,-0.00771706406862,-0.00024380976424,0.00703223756463,-0.00140663967138,0.573844261184,0.818949953953,0.00211748141,0.0,0.818908797691,-0.573784817212,-0.0118368704771,0.0,-0.00847898909523,0.00852670851485,-0.999927698379,0.0,0.661646111887,0.260832409642,0.303343213714,1.0,-0.00168,-0.002208,0.085
0.465041756129,0.547203460685,-0.124028312464,-1.35640737895,0.0795212540599,1.89434543859,0.159126029972,-0.000263237309401,-0.00662425054045,-0.000246777484126,-0.00984880578144,0.00028991445082,0.00831754351071,0.00135026264813,0.573870202936,0.818931610344,0.00218051870116,0.0,0.818891213998,-0.573810446816,-0.0118109129086,0.0,-0.00842128765359,0.00856370347191,-0.999927869847,0.0,0.661625796087,0.260805847136,0.303372866531,1.0,-0.00204,-0.00268114285714,0.103
0.465022878462,0.547014246965,-0.12402329287,-1.35660636639,0.0795174721837,1.8944567777,0.159107499548,-0.00048169878087,-0.0144147715506,0.000476448871586,-0.0119903040186,-0.000991188575819,0.0115579436904,-0.000767126344478,0.573880123628,0.818924385331,0.00228072705656,0.0,0.818885270457,-0.57381995894,-0.011760758987,0.0,-0.00832260585444,0.00861708551955,-0.99992823746,0.0,0.661612020693,0.260778518739,0.303425900543,1.0,-0.00236,-0.00310171428571,0.119
0.464997155319,0.546787137931,-0.124028315388,-1.35690514887,0.0795108747222,1.89458830302,0.159087819535,0.00122166644167,-0.0153988237731,-0.000937909811451,-0.019004792622,-0.000182556725311,0.00258956188971,0.000106643914248,0.573900770235,0.818909781535,0.00232863275511,0.0,0.818871223883,-0.573840354697,-0.011743633059,0.0,-0.00828087196911,0.00864669688781,-0.999928328328,0.0,0.661583284303,0.26073754769,0.303451891536,1.0,-0.0027,-0.00354857142857,0.136
0.464959396573,0.546526821274,-0.124023374272,-1.35727457219,0.0795043342701,1.89472525773,0.158997813807,-0.00454827857308,-0.0185284542373,0.000297952737029,-0.0227260220716,-9.34842883205e-05,0.00580261778097,-0.00381697975267,0.57387343577,0.818928837997,0.00236324265873,0.0,0.818890565313,-0.573812721848,-0.0117451772373,0.0,-0.00826256472458,0.0086756493648,-0.999928228991,0.0,0.661541793748,0.2606832347,0.30347213113,1.0,-0.00304,-0.00399542857143,0.153
0.464918559169,0.546211643474,-0.124024330383,-1.35775803688,0.0794919915705,1.89490065109,0.158926167679,-0.00271507032555,-0.0202134307854,0.00130811199833,-0.0219885552632,-0.00354099579587,0.00741949786024,-0.00177990168445,0.573872627759,0.818929359977,0.00237852422807,0.0,0.818891135833,-0.573811699192,-0.01175535733,0.0,-0.00826214129752,0.00869399759435,-0.999928073127,0.0,0.661485699773,0.260612322357,0.30348044396,1.0,-0.00342,-0.00449485714286,0.172
0.464873341105,0.545934207484,-0.124028990948,-1.35822650664,0.0794786986837,1.89505833793,0.158892198047,-0.00865613868819,-0.0193345284582,-0.000963281354588,-0.0283015726797,0.000294987746335,0.00697990895717,-0.0083391448212,0.573907725328,0.818904826961,0.00235671160129,0.0,0.818866186533,-0.573846734989,-0.0117830469841,0.0,-0.00829696253611,0.00869238048905,-0.999927798861,0.0,0.661430524066,0.260536292848,0.303467730801,1.0,-0.00374,-0.00491542857143,0.188
0.464819623005,0.545638066232,-0.124021198973,-1.35872618396,0.0794408763586,1.89521410936,0.158822240543,-0.00993959834468,-0.0241436545326,0.00244212254209,-0.0386661834214,-0.000309102562753,0.0131896810253,-0.000159042127365,0.573906733021,0.818905643974,0.00231407925446,0.0,0.81886643118,-0.573845886424,-0.0118073460877,0.0,-0.00834133808714,0.00867140419079,-0.999927611794,0.0,0.661368980735,0.260454290578,0.30345276539,1.0,-0.00404,-0.00530971428571,0.203
0.464766788507,0.545293457782,-0.12402900313,-1.35932681993,0.0793372494615,1.89541073435,0.158741866456,-0.00134702513976,-0.0195616683254,-0.00110319387562,-0.0393759045108,-0.00436335282618,0.0158735840111,-0.00595805426336,0.573895579465,0.818913709958,0.00222405352671,0.0,0.818873915196,-0.573835687726,-0.0117839469253,0.0,-0.0083739556341,0.0085841397394,-0.999928092121,0.0,0.661300653677,0.260344614083,0.303427979595,1.0,-0.00436,-0.00573028571429,0.219
0.464688560192,0.544845845739,-0.124032185883,-1.36011081859,0.0793275610199,1.89565449679,0.158666229573,-0.00697437839908,-0.0293027404901,-0.000299125821403,-0.0402601586784,0.000275971592332,0.0162313975376,-0.00130690516928,0.573940928014,0.818882086352,0.00216487956009,0.0,0.818841131413,-0.57388086436,-0.0118617843781,0.0,-0.00847118288274,0.00858082116962,-0.999927301642,0.0,0.661202511686,0.260218820656,0.303392916945,1.0,-0.00474,-0.00622971428571,0.238
0.464616109717,0.544430704195,-0.124032198089,-1.36083600446,0.0793019867239,1.89590008295,0.158562062392,-0.00335084211686,-0.025570880312,6.34124614481e-05,-0.0381008222583,-0.00152147212842,0.0260143245744,-0.00233623809223,0.573948573332,0.818876846858,0.00211937530614,0.0,0.818835092329,-0.573888482886,-0.011909982502,0.0,-0.00853668819592,0.00857130136401,-0.999926826197,0.0,0.661115956477,0.260102799977,0.30336285175,1.0,-0.00508,-0.00667657142857,0.255
0.464553264415,0.5439715441,-0.124033259572,-1.36157330818,0.0792727156304,1.89616357232,0.158461005082,-0.00131050282984,-0.0289805631579,4.90693801874e-05,-0.0423693001032,-0.00161662929782,0.0165811009954,-0.00245261127221,0.573951317339,0.818874935391,0.00211480840345,0.0,0.818832968073,-0.573891091366,-0.0119303205397,0.0,-0.00855593548674,0.00857926320935,-0.999926593411,0.0,0.661029206288,0.259992289481,0.303359708487,1.0,-0.0054,-0.00709714285714,0.271
0.464475906376,0.543498090034,-0.124037899067,-1.36236045269,0.0792349720737,1.8964302843,0.15837927359,-0.0105166710136,-0.0336138578308,-0.000197880042584,-0.0467968588879,-0.00198975479652,0.0173260921709,-0.00174394437433,0.57398468786,0.818851637525,0.00207863571257,0.0,0.818809090419,-0.573924498567,-0.0119620354964,0.0,-0.00860231801658,0.00856819599201,-0.999926290355,0.0,0.660936964985,0.259863233604,0.303343293648,1.0,-0.00572,-0.00751771428571,0.287
0.464406266575,0.542949334185,-0.124042044749,-1.36322522355,0.0791784007938,1.89673382708,0.158257428579,-0.00440080369818,-0.0364108526081,0.00620471476015,-0.0526108217937,-0.00684148116119,0.0178621863012,-0.00750425158556,0.573977812051,0.818856491951,0.0020648884937,0.0,0.818813793283,-0.573917708293,-0.0119659073594,0.0,-0.0086134506868,0.0085590892946,-0.999926272511,0.0,0.660834997758,0.259730803172,0.303346292093,1.0,-0.00606,-0.00796457142857,0.304
0.464326085747,0.542331534849,-0.12404473906,-1.36417272936,0.0791260043465,1.89707215631,0.158125806027,-0.00554822322197,-0.035582128963,-0.000288936127086,-0.0549922105972,-0.000201515407877,0.0241391167643,-0.00398695933921,0.57397620758,0.818857591624,0.00207477063059,0.0,0.818814966739,-0.573916008143,-0.0119671526537,0.0,-0.00860881546886,0.00856787909882,-0.999926237152,0.0,0.660724758396,0.259586378769,0.303361652551,1.0,-0.00642,-0.00843771428571,0.322
0.464249357043,0.541718847062,-0.124042482163,-1.3651207757,0.0790664519353,1.89742103992,0.158013817036,-0.00896905098553,-0.0436055141768,0.000474359306727,-0.0521913893923,-0.00477334663243,0.0250125124853,-0.00960393178079,0.57398251839,0.818853141312,0.00208529327648,0.0,0.818810653487,-0.573922274322,-0.0119617588102,0.0,-0.00859829306123,0.00857346586244,-0.999926279802,0.0,0.660614577052,0.259446539674,0.303373797666,1.0,-0.00676,-0.00888457142857,0.339
0.464180788963,0.541114280178,-0.124047434188,-1.36606969502,0.0790098903696,1.89776457497,0.157886583069,-0.00376864802547,-0.0392478725252,-0.000116508201043,-0.0661660970375,-0.00427006632048,0.0245191645931,-0.00783819052175,0.573975479128,0.818858079555,0.00208370065238,0.0,0.81881556795,-0.573915239541,-0.0119628762095,0.0,-0.00860019586025,0.00857272918882,-0.999926269755,0.0,0.660502123073,0.25930782861,0.303379482501,1.0,-0.00708,-0.00930514285714,0.355
0.464079811046,0.54036423266,-0.124043619017,-1.36718370075,0.0789505951833,1.89817686472,0.157745380239,-0.00421614464349,-0.0460599955229,0.000914141066069,-0.0635852633644,-0.0028724623429,0.0317331699073,-0.00597891415627,0.573985728983,0.818850773756,0.00213076115249,0.0,0.818808780848,-0.57392519889,-0.0119496186625,0.0,-0.00856222181893,0.00860376216968,-0.999926329103,0.0,0.660375475298,0.259139342453,0.303415004436,1.0,-0.00744,-0.00977828571429,0.373
0.463986313036,0.539684496312,-0.124043912762,-1.36823968128,0.0788840714009,1.89856571363,0.157632500219,-0.00431216001234,-0.0405576283072,0.00192072379154,-0.0696725777444,-0.00142928076589,0.0202178616608,-0.00572420483915,0.574010736367,0.818833221366,0.00213939798638,0.0,0.818791357475,-0.573950184229,-0.0119434437336,0.0,-0.00855194528964,0.00860755123579,-0.999926384437,0.0,0.660254896764,0.258976628498,0.303426428712,1.0,-0.00776,-0.0101988571429,0.389
0.463885187389,0.538963862004,-0.124051368435,-1.36933879796,0.0788322537421,1.89897796706,0.157484598365,-0.00786210708722,-0.0417293625699,-0.000634699084802,-0.0654426436768,0.000182629075347,0.0254981886975,-0.00983455486413,0.574024624829,0.818823393357,0.00217427718385,0.0,0.818781890834,-0.573963834392,-0.0119364548144,0.0,-0.00852605611934,0.00863224397789,-0.999926392656,0.0,0.660132686011,0.258804115415,0.303448403187,1.0,-0.00808,-0.0106194285714,0.405
0.463770169373,0.53814758957,-0.124062781311,-1.3706054637,0.07875583093,1.89947379471,0.157333007579,-0.00673635858337,-0.0422157507948,-0.000532730522051,-0.0734703343275,-0.00277540171368,0.0324529043509,-0.00614673273676,0.574049584729,0.818805789562,0.00221362923834,0.0,0.818764920719,-0.573988755133,-0.011902120935,0.0,-0.00847509041057,0.00864501599131,-0.999926715585,0.0,0.659988177645,0.258595324302,0.303470980933,1.0,-0.00846,-0.0111188571429,0.424
0.463678404827,0.537445009993,-0.12406345033,-1.37170926552,0.0786924414323,1.8998946654,0.157194466475,-0.00911894626762,-0.044549188274,0.000156503123755,-0.0714677814783,-0.00675891166641,0.0267106351902,-0.00561801945142,0.574058572194,0.818799455223,0.00222591956547,0.0,0.818758690587,-0.573997635194,-0.0119024485181,0.0,-0.00846820883495,0.00865536023317,-0.999926684402,0.0,0.659870679093,0.258438748082,0.303472668124,1.0,-0.00874,-0.0114868571429,0.438
0.463562117857,0.536599391126,-0.124068899262,-1.3730170122,0.0786129084203,1.90037386125,0.157032489906,-0.00866496211131,-0.0559535724116,-0.00110593366336,-0.0734654226191,-0.000753028145105,0.0273880733292,-0.014783251969,0.574075673959,0.818787430009,0.00223873389181,0.0,0.818746845753,-0.574014697428,-0.0118943939451,0.0,-0.0084540768595,0.00866140529169,-0.999926751639,0.0,0.659721040369,0.258234370505,0.303488912411,1.0,-0.00908,-0.0119337142857,0.455
0.463440181896,0.535694287028,-0.124072305056,-1.37446217147,0.0785300933028,1.9009018827,0.156867331797,-0.00452007516539,-0.0524293455872,0.000273981861974,-0.0778151369214,-0.00389065647077,0.0283647289887,-0.011963811703,0.574096118048,0.818773122888,0.00222876191585,0.0,0.818732339986,-0.574035108415,-0.0119078406475,0.0,-0.00847059537106,0.00866117130311,-0.99992661387,0.0,0.659542257482,0.258003484114,0.303486838812,1.0,-0.00946,-0.0124331428571,0.474
0.463308884,0.534797444864,-0.124075982136,-1.37588685771,0.0784486658922,1.90140943292,0.156699595536,-0.0085462151707,-0.0486424705455,-0.000609755556005,-0.0852459717616,-0.00755821459369,0.0333424841328,-0.00609891911699,0.574129002041,0.818750106731,0.0022132882704,0.0,0.81870907198,-0.574067999153,-0.0119220261534,0.0,-0.00849074568977,0.00865698683746,-0.999926479206,0.0,0.659384791125,0.257789916694,0.303484558429,1.0,-0.00978,-0.0128537142857,0.49
0.463210825646,0.534012661904,-0.12407837408,-1.37717932797,0.0783891846358,1.90187723688,0.156544065393,-0.000544036909147,-0.0514803535508,-8.20520595916e-05,-0.0826607462843,-0.00304486073818,0.0268471767683,-0.0123033533738,0.574138575862,0.818743461857,0.00218775574574,0.0,0.818701901527,-0.574077479415,-0.0119578829986,0.0,-0.00853466153736,0.00865676837388,-0.999926107227,0.0,0.659227359349,0.257602861892,0.30346363412,1.0,-0.01008,-0.013248,0.505
0.463069315867,0.533086361572,-0.124079755637,-1.37866438495,0.0782985579602,1.90243601939,0.156343274887,-0.00871138427813,-0.0564703187807,0.000418062620582,-0.089869286465,-0.00180787093926,0.0317411783453,-0.0152039810307,0.574148067558,0.818736811668,0.00218555238806,0.0,0.818695228204,-0.574086984599,-0.0119584418501,0.0,-0.00853628372264,0.0086553842333,-0.999926105362,0.0,0.659059355449,0.257367906489,0.303458506466,1.0,-0.01042,-0.0136948571429,0.522
0.462926438969,0.532091007414,-0.124080136408,-1.38030015174,0.0782081040505,1.90305522788,0.156135961073,-0.0141612699599,-0.0582621781656,-0.00123923305589,-0.093342311949,-0.0109174677086,0.0416520838413,-0.0119345630755,0.574160858487,0.81872788442,0.00216950584475,0.0,0.818686008407,-0.574099755499,-0.0119765302092,0.0,-0.00856017127566,0.00865276553941,-0.999925923814,0.0,0.658869812581,0.257119793217,0.303435367174,1.0,-0.01078,-0.014168,0.54
0.462790131205,0.531020420968,-0.124075103991,-1.38199155611,0.0781008123644,1.90366514524,0.155925529477,-0.0112622778029,-0.0577153553796,0.000839708642532,-0.0948634744847,-0.00342415026785,0.026663376943,-0.0110605589265,0.574164266976,0.818725559634,0.00214462839502,0.0,0.81868332668,-0.574103233834,-0.0119930987984,0.0,-0.0085879837738,0.00864194667352,-0.999925778892,0.0,0.65867435983,0.256880940065,0.30342775999,1.0,-0.01112,-0.0146148571429,0.557
0.462662751015,0.530053480958,-0.124083074058,-1.38354478577,0.0780097345797,1.9042115445,0.155721279021,-0.00983427052722,-0.0600176858497,0.000224714461585,-0.0933642760607,-0.011842125848,0.0352401454237,-0.00832287394921,0.574162455635,0.818726883022,0.00212425461781,0.0,0.818684333565,-0.574101456827,-0.0120094190116,0.0,-0.00861306235167,0.00863461772972,-0.999925626501,0.0,0.65847623934,0.256632386858,0.303427083534,1.0,-0.01146,-0.0150617142857,0.574
0.46252627014,0.529000081544,-0.124088712563,-1.38520783172,0.0779020650055,1.90483092304,0.155489610619,-0.0110829355679,-0.065781672115,-0.000304202828697,-0.103010170426,-0.00356269424909,0.0290299009861,-0.0114578578247,0.574149860717,0.818735709477,0.00212658556809,0.0,0.818693261083,-0.574088924604,-0.0119999085822,0.0,-0.00860407009984,0.008630933287,-0.999925735727,0.0,0.658280991525,0.256380284519,0.30343129545,1.0,-0.0118,-0.0155085714286,0.591
0.462391717838,0.527914261035,-0.124086527724,-1.38691685273,0.0777883143569,1.90548902386,0.155250854109,-0.00845920360788,-0.0668162510885,9.7278362358e-06,-0.102200692087,-0.00527133230799,0.0407031812221,-0.0148720388406,0.574125133433,0.81875298924,0.00214957495674,0.0,0.818710933482,-0.574064198183,-0.0119770890436,0.0,-0.00857244847906,0.00863639464208,-0.999925960166,0.0,0.65808113983,0.256130633665,0.303439297185,1.0,-0.01214,-0.0159554285714,0.608
0.462247937269,0.526817407087,-0.124092527726,-1.38857166243,0.0776940268608,1.90611684497,0.155024018515,-0.0115514837178,-0.0698852398807,-0.0021310206116,-0.102582356849,-0.00361452406655,0.0348598040049,-0.0193893864576,0.574125518637,0.81875255556,0.00221099878101,0.0,0.81871128454,-0.574064315109,-0.0119474510273,0.0,-0.0085129144601,0.00866967308764,-0.999926180803,0.0,0.657890903176,0.255877840943,0.303478236656,1.0,-0.01246,-0.016376,0.624
0.462113950555,0.525782160117,-0.124091991825,-1.39018294812,0.0775913280685,1.9067070317,0.154812780314,-0.007663626338,-0.0713391810926,-0.000932191538612,-0.112353319122,-0.010033383878,0.0364591417693,-0.0183211299711,0.574121089691,0.818755635837,0.0022203732127,0.0,0.818714498517,-0.574059860384,-0.01194125267,0.0,-0.0085025044856,0.00867374373299,-0.999926234073,0.0,0.657697728805,0.255635792557,0.30349080877,1.0,-0.01276,-0.0167702857143,0.639
0.461945781182,0.524555141383,-0.124095744288,-1.39212288492,0.0774661956203,1.90740143713,0.154546670681,-0.0113176175638,-0.0730463647546,-0.00136518282612,-0.113558310726,-0.00248928784993,0.0402341182752,-0.0117260232285,0.57411409639,0.818760594898,0.00219987945961,0.0,0.818719208617,-0.574052969777,-0.0119495703815,0.0,-0.00852115407605,0.00866166713601,-0.999926180003,0.0,0.657463643675,0.255335769569,0.303490744091,1.0,-0.01312,-0.0172434285714,0.657
0.461793492713,0.523349591855,-0.124103941502,-1.3940273361,0.0773539381247,1.90809791138,0.154283637733,-0.00721444416578,-0.0750494756992,-0.00137043000588,-0.107670931742,-0.00573190951059,0.0444176437771,-0.0175509315869,0.574105010984,0.818767012175,0.00218243841624,0.0,0.818725358665,-0.574043916384,-0.0119631117129,0.0,-0.0085423502045,0.00865506669331,-0.999926056303,0.0,0.657217115944,0.255031252647,0.303482533492,1.0,-0.01348,-0.0177165714286,0.675
0.461620748136,0.522048810947,-0.124105696606,-1.39608640064,0.0772211962577,1.90890508619,0.15401030492,-0.0129568169868,-0.0751522241223,0.000365472632703,-0.115982448775,-0.00407339778968,0.0483036707157,-0.0162430108528,0.574094902785,0.818773967739,0.0022314235243,0.0,0.818733068412,-0.574033728118,-0.0119242849867,0.0,-0.00848254508163,0.00867277843707,-0.999926411964,0.0,0.65699549947,0.254741188129,0.303496602017,1.0,-0.01382,-0.0181634285714,0.692
0.461470633147,0.520883061695,-0.124111353201,-1.39798444163,0.0771047234109,1.90962236507,0.153750203021,-0.00929920093086,-0.0724008435126,-0.000594976729031,-0.117647257881,-0.00803543584382,0.0355086081051,-0.0218012131246,0.574079036597,0.818785138665,0.00221434910576,0.0,0.818744035711,-0.574017952106,-0.0119306977518,0.0,-0.00849776548248,0.00866231537104,-0.999926373427,0.0,0.656767631201,0.254459128801,0.303474513754,1.0,-0.01414,-0.018584,0.708
0.461302634562,0.519576540715,-0.124119876117,-1.40002939674,0.0769799410117,1.91036876673,0.153478164103,-0.00682726295152,-0.0790189690786,-0.00268040262034,-0.124054366429,-0.0011386016722,0.0433442931747,-0.0192857756111,0.574075132853,0.818787863587,0.00221882492964,0.0,0.818746816229,-0.574014027981,-0.0119286837956,0.0,-0.00849358841305,0.00866478340556,-0.999926387533,0.0,0.656519593419,0.254148760681,0.303483592519,1.0,-0.01448,-0.0190308571429,0.725
0.461126294587,0.518234788059,-0.124120984544,-1.40211041222,0.0768391565482,1.9111100403,0.153203327257,-0.00906706019471,-0.0802368197824,0.00055921349608,-0.123476715327,-0.00930598002949,0.0423436658363,-0.0130709025407,0.574067534618,0.818793205202,0.00221352984088,0.0,0.818752146568,-0.574006510949,-0.0119245452491,0.0,-0.00849331960697,0.00865799329451,-0.999926448632,0.0,0.656263499233,0.253830579338,0.303499120701,1.0,-0.01482,-0.0194777142857,0.742
0.460957672991,0.5169533864,-0.12412417641,-1.40411595769,0.0767132323438,1.9118295974,0.152919965649,-0.0120132733705,-0.07970278859,-9.14026967337e-05,-0.122303314758,-0.0126426317377,0.0419086794282,-0.0137750706167,0.574047962273,0.818806943606,0.0022074905161,0.0,0.818765787593,-0.573986946448,-0.0119296804343,0.0,-0.00850119810833,0.00865579310572,-0.99992640073,0.0,0.656016320315,0.253525374618,0.303506046792,1.0,-0.01514,-0.0198982857143,0.758
0.460766308911,0.515528760127,-0.124137635679,-1.4064201528,0.0765685133006,1.9126987521,0.15260313552,-0.0115755618954,-0.0781833544353,-0.00442025308776,-0.128407638508,-0.00855369486307,0.0522895375744,-0.024437045559,0.574037664165,0.818814208623,0.00219061161704,0.0,0.818772910452,-0.573976797097,-0.0119291410165,0.0,-0.0085105537759,0.0086415560707,-0.999926444286,0.0,0.655740327315,0.253172826647,0.30348423577,1.0,-0.0155,-0.0203714285714,0.776
0.460581208115,0.514138783525,-0.124131231762,-1.408655109,0.076437338263,1.91350412527,0.152292490092,-0.0159796415817,-0.0838665661635,0.000755249686055,-0.137250832947,-0.00399169369418,0.0478645786988,-0.0240217051525,0.574012599014,0.818831859379,0.00216081939466,0.0,0.818790016801,-0.573951698725,-0.0119625590562,0.0,-0.00855528322845,0.00863608323454,-0.999926109868,0.0,0.655459392531,0.252841689533,0.303464477611,1.0,-0.01584,-0.0208182857143,0.793
0.460394970307,0.51281701867,-0.124133409426,-1.41079201828,0.0763049907963,1.91424527539,0.152001633814,-0.0127627168414,-0.0858566487283,-0.000103248955305,-0.134247972014,-0.00331867320893,0.0526153971764,-0.0170040173481,0.574003073217,0.818838682818,0.00210484198868,0.0,0.818796020868,-0.573942316791,-0.0120016710672,0.0,-0.0086195405937,0.00861259814041,-0.999925760581,0.0,0.655205545568,0.252533161792,0.303439095657,1.0,-0.01614,-0.0212125714286,0.808
0.4601930992,0.511307886741,-0.124134455973,-1.41322857592,0.0761626741876,1.91515598456,0.151659209283,-0.0130146424211,-0.0894075417113,0.000937332210561,-0.135190181602,-0.00718686809461,0.0500732665812,-0.0160600179701,0.57397972609,0.818855101889,0.00208399863686,0.0,0.818812067348,-0.573918960016,-0.0120238347081,0.0,-0.00864989860199,0.00860800631529,-0.999925537968,0.0,0.654888611914,0.252147717649,0.303414131774,1.0,-0.01652,-0.021712,0.827
0.460014633766,0.510015348225,-0.12413691025,-1.41528879365,0.0760372155071,1.91593395907,0.151362585644,-0.00790472344299,-0.0855783406765,0.000810486200509,-0.138488145913,-0.00904398145633,0.0588683258806,-0.0111881628387,0.573958670188,0.818869848159,0.00208892152569,0.0,0.818826837207,-0.57389784548,-0.0120258274015,0.0,-0.00864892641388,0.00861295873544,-0.999925503732,0.0,0.654619045423,0.251814896855,0.303403773296,1.0,-0.01684,-0.0221325714286,0.843
0.459810763608,0.508506713585,-0.124146137166,-1.41765783952,0.0758853169815,1.91678431041,0.15103934612,-0.0133432810249,-0.0878902240837,-0.000983512719371,-0.1350208249,-0.001365522213,0.0494426610271,-0.0192658314183,0.573949378959,0.818876390906,0.00207694742887,0.0,0.818833273814,-0.573888655985,-0.0120261019495,0.0,-0.00865612104976,0.00860321304647,-0.999925525374,0.0,0.654343838107,0.251467544939,0.303407947643,1.0,-0.01716,-0.0225531428571,0.859
0.459583550814,0.506904686839,-0.124147261051,-1.42019370394,0.0757162176806,1.91770876676,0.150689712011,-0.0125939097915,-0.084248325808,0.00010211116248,-0.136836540017,-0.00412322025785,0.0491923365795,-0.0205014317188,0.573935524528,0.818886142153,0.00206077051606,0.0,0.818842871142,-0.573874928687,-0.0120276974357,0.0,-0.00866685708303,0.00859073548105,-0.999925539654,0.0,0.654030184858,0.251073888556,0.303401537987,1.0,-0.01752,-0.0230262857143,0.877
0.459358520316,0.505296561376,-0.124152194671,-1.42265988645,0.0755635212571,1.9186349542,0.150355062046,-0.0138890982314,-0.0901411698676,0.000969111332973,-0.146026272851,-0.0119612650577,0.0483256767609,-0.0158114217209,0.573935494115,0.818886021347,0.00211649198053,0.0,0.818843498436,-0.573874684532,-0.0119966005117,0.0,-0.00860941305296,0.00861851647327,-0.999925796837,0.0,0.653732090805,0.250690575285,0.303432185245,1.0,-0.01786,-0.0234731428571,0.894
0.459163747295,0.503815176293,-0.124156140383,-1.42485019043,0.0754236778357,1.9194804067,0.150049715246,-0.00973348622884,-0.100532894342,-0.000201447795966,-0.145846410754,-0.0142350709498,0.0580994603158,-0.016304623267,0.573922808787,0.818894613676,0.00222893407954,0.0,0.818853656786,-0.573861640218,-0.0119270094697,0.0,-0.00848802746599,0.00867052053142,-0.999926385022,0.0,0.653471292113,0.250355336441,0.303497905355,1.0,-0.01816,-0.0238674285714,0.909
0.458912542227,0.502039860786,-0.124166017425,-1.4274958405,0.0752529430049,1.92046086156,0.149677909464,-0.011407461539,-0.103889248788,0.000548412902058,-0.153410087882,-0.00660680493628,0.0550195404969,-0.0219901660718,0.573920513091,0.818895976675,0.00231752887076,0.0,0.818856266735,-0.573859088304,-0.0118704718412,0.0,-0.00839090817808,0.00871059803489,-0.999926856396,0.0,0.653151860711,0.249933922619,0.303563452379,1.0,-0.01852,-0.0243405714286,0.927
0.458693314132,0.500425407178,-0.124167129127,-1.42992565074,0.0751014942642,1.92130923036,0.149334825537,-0.017159821832,-0.104356189396,-0.00268194110714,-0.15218975957,-0.00622031712946,0.0538037880976,-0.0221514372222,0.573908371801,0.818904390303,0.00235100392758,0.0,0.818865077227,-0.573846777406,-0.0118578353785,0.0,-0.00836147840784,0.00873063409967,-0.999926928184,0.0,0.652824092943,0.24952871767,0.303613151069,1.0,-0.01886,-0.0247874285714,0.944
0.458444782663,0.498746648243,-0.124171083131,-1.43253375296,0.0749356674989,1.92227476672,0.148969820801,-0.0130954525775,-0.0978087967939,-0.00034419559282,-0.154683821508,-0.00960657102012,0.0580560438062,-0.0252360230313,0.573898167357,0.818911473701,0.0023745832844,0.0,0.818872443494,-0.573836457738,-0.0118485424238,0.0,-0.00834044545638,0.00874450595809,-0.999926982627,0.0,0.652521094465,0.24914334138,0.303620444662,1.0,-0.01918,-0.025208,0.96
0.458186304527,0.497076208442,-0.124167222322,-1.43518952068,0.0747726915639,1.92325335092,0.14856898426,-0.0167807764794,-0.0956159937061,0.000102823532072,-0.153949166566,-0.00985463668515,0.0528693624294,-0.0250995923093,0.57386962563,0.818931490075,0.00236943945806,0.0,0.818892305489,-0.573807847952,-0.0118613886837,0.0,-0.00835422259746,0.00874737483794,-0.999926842523,0.0,0.652190812284,0.248724132719,0.303605643555,1.0,-0.01952,-0.0256548571429,0.977
0.457915873643,0.495406871795,-0.124172121278,-1.43789325487,0.0746070833493,1.92417822611,0.148175925396,-0.0196668031611,-0.0988376969795,-0.00012332936471,-0.166545142041,-0.0112389881768,0.0523500138014,-0.0206328320512,0.573864324,0.818935466099,0.0022774780055,0.0,0.81889491186,-0.573802731698,-0.0119287605234,0.0,-0.00846222488229,0.00871067295192,-0.999926254744,0.0,0.651841946746,0.248282507696,0.303562278371,1.0,-0.01986,-0.0261017142857,0.994
0.457651613237,0.493803720781,-0.124187967786,-1.44052153004,0.0744364943094,1.92511114448,0.147817964182,-0.0186894727121,-0.10586640654,-0.00431640963983,-0.169348727812,-0.00975402399294,0.0608933317278,-0.0303328556635,0.57388502509,0.818921197868,0.00219010516431,0.0,0.818879518335,-0.573823799167,-0.01197200329,0.0,-0.00854755737614,0.0086641524823,-0.999925933119,0.0,0.651511174806,0.247846414287,0.303509191407,1.0,-0.0243051428571,-0.0319439020408,1.01
0.457331048692,0.491297977641,-0.124260890932,-1.44434560682,0.0742168629781,1.92656273197,0.147252237726,-0.0212872503321,-0.146515137114,-0.00475811777808,-0.235116212567,-0.00794727992061,0.096893176607,-0.0336888819011,0.573869693158,0.818931652682,0.00229573767536,0.0,0.818891528087,-0.573808225108,-0.0118967611533,0.0,-0.00842548332864,0.00870731844852,-0.999926594224,0.0,0.651045041594,0.247237495967,0.303560777662,1.0,-0.0329554285714,-0.0433128489796,1.028
0.456929535214,0.48851087122,-0.124265909275,-1.44885657281,0.0739811367826,1.92821078763,0.146577792251,-0.0291162334068,-0.184594003685,-0.00146534616546,-0.299595998649,-0.0120360267422,0.102591201194,-0.0470908283249,0.57380983449,0.818973682642,0.00226448331136,0.0,0.818932624792,-0.573747958333,-0.0119742749433,0.0,-0.00850753716715,0.00872558397985,-0.999925740241,0.0,0.65042353417,0.246500841967,0.303496806162,1.0,-0.0411251428571,-0.0540501877551,1.045
0.456394819345,0.485017987902,-0.12433232315,-1.45429488065,0.0736542742248,1.93026756618,0.145765643534,-0.0379889247263,-0.227497847292,-0.00681341456171,-0.359326796323,-0.0180912601613,0.129472667384,-0.0544434852419,0.573814138466,0.818970465698,0.00233617482863,0.0,0.818930520266,-0.573752156721,-0.0119169013059,0.0,-0.00841936696467,0.00875141981582,-0.999926260737,0.0,0.649797934143,0.245650764065,0.303512746214,1.0,-0.0483337142857,-0.0635243102041,1.06
0.455684272814,0.480392691185,-0.124462337714,-1.46160941125,0.073216413284,1.93281015295,0.144656346686,-0.0372643257182,-0.273488636693,-0.0022808409761,-0.443005158748,-0.0240186277697,0.156648811906,-0.0601646720909,0.57382170356,0.818965546377,0.00219847042721,0.0,0.818923794285,-0.573760266994,-0.0119884141197,0.0,-0.00855686788668,0.00867975906929,-0.999925718138,0.0,0.64885795419,0.244409882469,0.303463999502,1.0,-0.056984,-0.0748932571429,1.078
0.454867748735,0.47526383071,-0.124560733582,-1.46953642973,0.0727412139505,1.93565245828,0.143502881322,-0.0506310955232,-0.319341819397,-0.00296519626371,-0.483627081302,-0.0281089804802,0.178537082917,-0.0702212749476,0.573873211495,0.818929367492,0.00223049077861,0.0,0.818887991583,-0.573811594439,-0.0119774049814,0.0,-0.00852893142389,0.00870020148182,-0.999925779157,0.0,0.647850963654,0.243068254147,0.303491888355,1.0,-0.0651537142857,-0.0856305959184,1.095
0.453982436986,0.469867015139,-0.124624463317,-1.47785922971,0.0722574944426,1.93867102063,0.142255293527,-0.0578381048332,-0.357225458843,-0.000503920499127,-0.533413502345,-0.030245806304,0.191686432073,-0.0759475117703,0.57389166916,0.818916181662,0.0023208580883,0.0,0.818875666695,-0.57382935522,-0.0119691471344,0.0,-0.00847011484468,0.00876965688485,-0.999925672374,0.0,0.646786143075,0.241671105477,0.303524511114,1.0,-0.0728428571429,-0.0957363265306,1.111
0.452849420455,0.463052653185,-0.124683036348,-1.48820418705,0.0715809123763,1.94247952917,0.140564095015,-0.0675480730613,-0.381123268342,-0.00501017448771,-0.598222775996,-0.0369641956674,0.210783107855,-0.0946028636142,0.573781922769,0.818992438691,0.00253719756516,0.0,0.818955001454,-0.573719051815,-0.0118280209428,0.0,-0.00823157961891,0.00886472590823,-0.999926826189,0.0,0.645466792033,0.239921250049,0.303632537942,1.0,-0.0814931428571,-0.107105273469,1.129
0.451630640895,0.456021224465,-0.124759098177,-1.49921937384,0.0708591117915,1.94619026959,0.138935012708,-0.0716263411196,-0.4204259103,-0.00658413949083,-0.673790716044,-0.0434126885451,0.230048234642,-0.104845718379,0.573814969313,0.818970007509,0.00229231200113,0.0,0.818929042167,-0.573752700816,-0.0119920433606,0.0,-0.00850606740745,0.00875862349502,-0.999925463888,0.0,0.643971958714,0.238020007422,0.303552571384,1.0,-0.0896628571428,-0.117842612245,1.146
0.450370803021,0.448669047172,-0.124875279277,-1.51012395407,0.0700980089582,1.95022903076,0.137180147768,-0.0768940323905,-0.466413819693,-0.00499956771352,-0.686831175688,-0.0460061559627,0.269472767784,-0.109847596097,0.573783569686,0.818990919484,0.00265251978492,0.0,0.818955566113,-0.573720914563,-0.0116978556713,0.0,-0.00805878665196,0.00888450428109,-0.999928058183,0.0,0.642578465191,0.236104167046,0.303761424449,1.0,-0.097352,-0.127948342857,1.162
0.448879784341,0.440435131136,-0.124923963266,-1.52269924258,0.0692856015869,1.954655607,0.135235235206,-0.087713259313,-0.496967926537,-0.00493364303203,-0.781237834058,-0.0545165481331,0.261774021859,-0.116679276737,0.573788447333,0.8189872615,0.00272582247427,0.0,0.818952520768,-0.573725156835,-0.0117029929165,0.0,-0.00802088362032,0.0089475335889,-0.999927800928,0.0,0.640879278897,0.233917629041,0.303797513269,1.0,-0.105521714286,-0.138685681633,1.179
0.447439489722,0.432594553291,-0.124974257804,-1.53447460359,0.0684903853694,1.95878187729,0.133291103875,-0.0913541917944,-0.540413559286,-0.00347363953618,-0.78341638944,-0.0522369675031,0.293459870379,-0.128242067932,0.573710018156,0.819041687299,0.00287687929125,0.0,0.819008860373,-0.5736461657,-0.0116322873829,0.0,-0.00787716917057,0.00902992328941,-0.999928202768,0.0,0.639275241988,0.231839257874,0.303903289026,1.0,-0.112730285714,-0.148159804082,1.194
0.445663029865,0.423287959264,-0.125022553247,-1.54863413191,0.067493019628,1.96372461973,0.130958270769,-0.103866214364,-0.564188393662,-0.00642275627815,-0.832942182266,-0.0584965634822,0.295161328188,-0.146163698126,0.573620308176,0.819104365996,0.00292002664103,0.0,0.819072188393,-0.573556427117,-0.0115983625951,0.0,-0.00782562006015,0.00904494308034,-0.99992847178,0.0,0.637316191531,0.229316661418,0.303926832538,1.0,-0.1209,-0.158897142857,1.211
0.443577919814,0.41275994475,-0.125155309973,-1.56449228608,0.0663405184347,1.96923471517,0.128376204772,-0.109483136785,-0.603054622917,-0.00785467727082,-0.895974109463,-0.0591765774393,0.318340427885,-0.154891249681,0.573651739342,0.819082036948,0.00300759054423,0.0,0.819051581393,-0.573588260747,-0.0114787217232,0.0,-0.00767704394819,0.00904833468186,-0.999929592839,0.0,0.635117179679,0.226387960407,0.303998584126,1.0,-0.129550285714,-0.170266089796,1.229
0.441538346658,0.403029468771,-0.125202654497,-1.57947336828,0.0653534850483,1.97421826612,0.125873538696,-0.130353486632,-0.617188172411,-0.00113132293135,-0.960128389175,-0.070074946742,0.301741200333,-0.164212411318,0.573642432547,0.819089273279,0.00280515272726,0.0,0.819055118395,-0.573578383568,-0.0117174158808,0.0,-0.00798878850047,0.0090193552987,-0.99992741261,0.0,0.632941924335,0.223632456317,0.303876432813,1.0,-0.137239428571,-0.180371820408,1.245
0.439002488715,0.391319225825,-0.125352071304,-1.59681727502,0.0640877568745,1.98022049365,0.12288923447,-0.146508226852,-0.658014418038,-0.00978652663785,-0.981515781975,-0.0773677068833,0.329629797956,-0.173733507395,0.573713380244,0.819038666011,0.00306068759294,0.0,0.819008390115,-0.573649128103,-0.0115187520537,0.0,-0.00767869038567,0.00911536649411,-0.999928971381,0.0,0.630495634197,0.220290469396,0.304024439156,1.0,-0.145889714286,-0.191740767347,1.263
0.43677721914,0.381233721273,-0.125475417564,-1.61201148505,0.0629334555281,1.98521652542,0.120184046035,-0.155511169819,-0.699378763056,-0.00412978152313,-1.01298458225,-0.0747622132044,0.345892797603,-0.181702268843,0.573662995329,0.819074507596,0.00290958732445,0.0,0.81904245177,-0.573599440051,-0.0115711482859,0.0,-0.00780884526899,0.00902118880679,-0.999928817511,0.0,0.628250794582,0.217352752457,0.303988268684,1.0,-0.153098285714,-0.201214889796,1.278
0.434192506187,0.370003176627,-0.125580869029,-1.62876553336,0.0617169415758,1.99079605832,0.117207029118,-0.166271172671,-0.71082180691,-0.00427161752066,-1.06422314566,-0.0815775467898,0.352681615427,-0.188851661823,0.573694155942,0.819052585998,0.00293661545766,0.0,0.819020616812,-0.573630203103,-0.0115916446821,0.0,-0.00780978559402,0.00905538175952,-0.999928501099,0.0,0.625762855753,0.214078294173,0.303996602067,1.0,-0.160306857143,-0.210689012245,1.294
0.430842999294,0.356150411896,-0.125779105663,-1.64925630678,0.0600671314462,1.99758307144,0.113494019125,-0.183198223973,-0.734639706445,-0.00799224124605,-1.09218044039,-0.0921957609583,0.350184621944,-0.214582020816,0.573794459536,0.818982279778,0.00294796805001,0.0,0.818951459647,-0.573731624068,-0.0114576257591,0.0,-0.00769239807052,0.00898873797864,-0.999930012352,0.0,0.622706043357,0.209912823002,0.304038584954,1.0,-0.169918285714,-0.22332117551,1.313
0.427788311641,0.343954729811,-0.125929984238,-1.6671185255,0.0587805575405,2.00336384557,0.110112528691,-0.194237396013,-0.775332793619,-0.00924765428673,-1.10777695124,-0.0881155224129,0.374417117085,-0.215256301397,0.5738805129,0.818921594443,0.00305384513508,0.0,0.818891469819,-0.573816545132,-0.0114926103472,0.0,-0.00765934739127,0.0090963279844,-0.999929293108,0.0,0.619969723753,0.20624928104,0.304101189326,1.0,-0.177607428571,-0.233426906122,1.329
0.424189982047,0.329915917463,-0.126035503105,-1.68781926052,0.0571575673564,2.00997914895,0.106147374306,-0.202120818594,-0.798734224208,-0.00677746534501,-1.15032597472,-0.0905414591458,0.365291006836,-0.225314785474,0.573858343506,0.818937414205,0.00297659293222,0.0,0.818905949662,-0.573794223343,-0.011575049355,0.0,-0.00777143878263,0.00908016313208,-0.999928575138,0.0,0.61670793898,0.202011117177,0.304055542819,1.0,-0.186257714286,-0.244795853061,1.347
0.420573101381,0.316067694655,-0.12610306197,-1.70792588425,0.055425189988,2.01639299003,0.102210107617,-0.217889220434,-0.793384083788,-0.00558302716081,-1.21058668914,-0.106094064955,0.372896117644,-0.233951808475,0.573748752986,0.819014100879,0.00300298336463,0.0,0.818983689784,-0.573685398796,-0.0114684775483,0.0,-0.00767022479413,0.00903959312847,-0.999929724234,0.0,0.613490451297,0.197849835584,0.304096675056,1.0,-0.194427428571,-0.255533191837,1.364
0.416929979414,0.302647333504,-0.126177405688,-1.72724687535,0.053837253773,2.0224527151,0.0981864742682,-0.23882288542,-0.856906912613,-0.00379694335447,-1.21439626088,-0.100217658719,0.379355983708,-0.252430057967,0.573584979331,0.819128452567,0.00309783517093,0.0,0.819099130428,-0.573521194263,-0.0114368337054,0.0,-0.00759170793241,0.00909760527633,-0.99992979731,0.0,0.610340673558,0.193780037266,0.304152526352,1.0,-0.202116571429,-0.265638922449,1.38
0.412756751812,0.287951062697,-0.126341613999,-1.7482521662,0.0521206962715,2.02887778796,0.0938829284986,-0.243798173907,-0.86815458073,-0.00971105835806,-1.24478251514,-0.0997578767445,0.394679003632,-0.259707224639,0.573670724916,0.819068136258,0.0031677186828,0.0,0.819039345695,-0.573606270801,-0.0114517772835,0.0,-0.00756290818527,0.00916421205258,-0.999929407327,0.0,0.60686166869,0.189206776171,0.304213931013,1.0,-0.210286285714,-0.276376261224,1.397
