position_joint1,position_joint2,position_joint3,position_joint4,position_joint5,position_joint6,position_joint7,velocity_joint1,velocity_joint2,velocity_joint3,velocity_joint4,velocity_joint5,velocity_joint6,velocity_joint7,ee_T_00,ee_T_10,ee_T_20,ee_T_30,ee_T_01,ee_T_11,ee_T_21,ee_T_31,ee_T_02,ee_T_12,ee_T_22,ee_T_32,ee_T_03,ee_T_13,ee_T_23,ee_T_33,v_x,v_y,time
0.465063524935,0.547784347381,-0.123978725772,-1.35585368367,0.0794927574192,1.89410355659,0.159143802134,1.88233487417e-05,-0.0011336268202,0.000283449510966,-9.98889193881e-05,-0.000157389027487,-0.000391811140484,-0.00124767703757,0.573793862396,0.818985740449,0.0019254401165,0.0,0.818942267458,-0.573735387671,-0.0119169797593,0.0,-0.00865531000197,0.00841487615151,-0.999927135079,0.0,0.661673657306,0.260885950182,0.303202219784,1.0,0.0,0.0,0.0
0.465057799956,0.547792344837,-0.123973723162,-1.35585324431,0.0794929949392,1.89410848086,0.159148832588,-0.000249514282929,0.000919357953429,0.00174943782074,0.00129639914251,8.01074650689e-05,4.19634923153e-05,0.000799306736288,0.573799262658,0.818981960159,0.00192406014435,0.0,0.818938448691,-0.573740773103,-0.0119201273127,0.0,-0.00865862418256,0.0084156091192,-0.999927100218,0.0,0.661674859097,0.26088537658,0.303197025984,1.0,-0.00026,-0.000341714285714,0.014
0.465062844648,0.547788160669,-0.123981782033,-1.35585650254,0.0794945653492,1.89410995218,0.159146955354,0.00147171084362,0.000418417695279,-0.00154069605318,0.000809937559273,-2.64823149467e-05,0.00053405350796,0.0007956129453,0.573799821502,0.81898156606,0.00192514929174,0.0,0.818938094107,-0.573741351952,-0.011916626317,0.0,-0.00865512616389,0.00841449815061,-0.999927139852,0.0,0.661674963329,0.260884073839,0.303198836839,1.0,-0.00052,-0.000683428571429,0.027
0.465054167882,0.547763429759,-0.123979789795,-1.35588412455,0.0794919164876,1.89410878818,0.159148122791,-0.000838876317526,0.000563282040113,0.000423793018221,-0.00809957654691,0.000117171481305,-0.00217926362748,0.000160107959747,0.573807245597,0.818976371308,0.00192224902794,0.0,0.818932846052,-0.573748772158,-0.0119200254016,0.0,-0.00865949785188,0.00841415180889,-0.999927104916,0.0,0.661671007232,0.260876022659,0.303203037901,1.0,-0.00092,-0.00120914285714,0.047
0.465059093547,0.547696412786,-0.123979583064,-1.35595967341,0.0794925224137,1.89412227646,0.15914776341,0.000960117668381,-0.0068899961242,0.000680223945443,-0.00449956213365,-0.000270311240583,0.00027024987098,-0.00024967881998,0.573807033048,0.818976501166,0.00193035334985,0.0,0.818933014258,-0.573748460412,-0.0119234741098,0.0,-0.00865767453276,0.0084227655543,-0.999927048185,0.0,0.661656783932,0.260872329668,0.303215721194,1.0,-0.00118,-0.00155085714286,0.06
0.465048173178,0.547519269052,-0.123977121257,-1.35618327985,0.0794890677739,1.89415832519,0.159144915942,-0.00141735665384,-0.0119600395711,0.000188111446293,-0.00943776925873,-0.000152810212998,0.00398440163215,0.00175921684526,0.573823149997,0.818965209322,0.00193011612864,0.0,0.818921553831,-0.573764415414,-0.0119428295315,0.0,-0.00867349692665,0.00843384813851,-0.99992681765,0.0,0.661619864393,0.2608442,0.303237823221,1.0,-0.0016,-0.00210285714286,0.081
0.465037486171,0.547394384065,-0.123979732138,-1.35634723754,0.0794850998646,1.89421644099,0.159145306866,-0.00141907871505,-0.0141875013773,-0.000530259229819,-0.0109459370892,-0.000269437809131,0.00322242667255,0.00168497374772,0.573842126774,0.818951867141,0.00194929411411,0.0,0.818908419264,-0.573783268215,-0.0119377081915,0.0,-0.0086581027606,0.00844681584644,-0.999926841603,0.0,0.66160077144,0.260821104041,0.303253375433,1.0,-0.00186,-0.00244457142857,0.094
0.465010983729,0.547155323771,-0.123976582169,-1.35661240234,0.0794861835047,1.89438573224,0.159129936484,-0.000648162999731,-0.0178428682267,0.00131473728456,-0.0152920981771,0.000887723784603,0.0103433366321,0.000878148736863,0.573864551038,0.818935832101,0.00208011139735,0.0,0.818894019111,-0.573805083536,-0.0118768039912,0.0,-0.00853292615042,0.00851923159417,-0.99992730329,0.0,0.661586185579,0.260788756792,0.303311099472,1.0,-0.00228,-0.00299657142857,0.115
0.464989595074,0.546980361421,-0.12398211146,-1.35682854144,0.0794781896656,1.89449490145,0.159115170854,-0.00259641689771,-0.0119735542341,-0.000672847288792,-0.0162881420755,-0.00472110905293,0.0161939974896,-0.00157635396659,0.573883954568,0.818922083135,0.00213900550078,0.0,0.818881061905,-0.573824274186,-0.011842960318,0.0,-0.00847121155223,0.00854824057712,-0.999927580457,0.0,0.661570306754,0.260754177282,0.303341797594,1.0,-0.00256,-0.00336457142857,0.129
0.464950587122,0.546704227267,-0.123980026754,-1.35724094811,0.0794711295881,1.89464465094,0.159089408642,-0.00349539917114,-0.0121441056815,-0.000283311323987,-0.0202309219755,0.000459290188792,0.00807669817358,-0.00671955671111,0.573914515352,0.818900608778,0.00216076656804,0.0,0.81885969798,-0.573854570234,-0.0118521790002,0.0,-0.00846595382422,0.00857166725725,-0.99992742444,0.0,0.661522939374,0.260693277215,0.303353996732,1.0,-0.00296,-0.00389028571429,0.149
0.464921494253,0.546486606205,-0.12397748187,-1.35755045548,0.079458354216,1.89475960028,0.15903459212,-0.000786261506138,-0.0150401961056,-1.18283475341e-05,-0.0257069031915,0.000206441492645,0.0146171782295,-0.0047886973634,0.57390556846,0.818906815097,0.00218485212046,0.0,0.818866151641,-0.573845462033,-0.0118472909393,0.0,-0.00844822247054,0.0085884930441,-0.999927430029,0.0,0.661488304258,0.26064736237,0.303370671312,1.0,-0.00322,-0.004232,0.162
0.464870471804,0.546148474666,-0.123980115748,-1.35809484624,0.0794370308801,1.89495094607,0.158908673502,-0.00186553215136,-0.0183017635348,0.000153228016932,-0.0322920884214,0.000246508484495,0.0119973286759,-0.00231033489322,0.573870824801,0.818931180267,0.00217837797795,0.0,0.818890318967,-0.573810632978,-0.0118638056329,0.0,-0.00846582689645,0.00859230998964,-0.999927248346,0.0,0.661425527352,0.26056144262,0.303367661577,1.0,-0.00362,-0.00475771428571,0.182
0.46483475606,0.545881259918,-0.123982831541,-1.35853488401,0.0794082153287,1.89510607868,0.158893513135,0.00151898884877,-0.0175580913407,-0.000219759120065,-0.0291332443701,-0.00457435659092,0.0174730241872,-0.00391515251995,0.573906484435,0.818906237529,0.00216059283905,0.0,0.818865166793,-0.573846381409,-0.0118708069652,0.0,-0.00848139277899,0.00858213254095,-0.999927203839,0.0,0.661374020569,0.260493384876,0.303360929175,1.0,-0.0039,-0.00512571428571,0.196
0.464761738929,0.545487879662,-0.123980352644,-1.35921219196,0.0793446541149,1.89532947613,0.158795568985,-0.00504528132322,-0.0274003452746,-0.000423453589826,-0.0358756401674,-0.00158772252049,0.0094417836409,-0.000652667940895,0.573905187086,0.818907312255,0.00209691965175,0.0,0.818865556479,-0.57384548502,-0.0118872467426,0.0,-0.00853140966158,0.00853941225343,-0.99992714409,0.0,0.661295374495,0.260376162289,0.303336260807,1.0,-0.00428,-0.00562514285714,0.215
0.464716332003,0.545164696449,-0.123983682054,-1.3597734818,0.0793236003198,1.89550428543,0.158727747785,-0.000533738885208,-0.0241798448321,-0.00109071909018,-0.031724309193,-0.00292283122418,0.0105066918648,-0.000723008745348,0.573914749659,0.818900731119,0.00204929207206,0.0,0.818858202354,-0.573855088913,-0.0119301410953,0.0,-0.00859377003776,0.00852512769745,-0.999926731973,0.0,0.661223534092,0.26029027478,0.303313142039,1.0,-0.00456,-0.00599314285714,0.229
0.464631889102,0.544668199584,-0.12398354148,-1.3606113032,0.0792906741357,1.89579968676,0.158615897259,-0.00215323864324,-0.0236178682504,-0.000719149254375,-0.0408438391655,-0.00192407696149,0.0210720931049,-0.00124985789707,0.573930180267,0.818889991617,0.00201908625208,0.0,0.818846876386,-0.57387045252,-0.0119684442968,0.0,-0.00864231170004,0.00852253794873,-0.999926335684,0.0,0.661126698211,0.260156307236,0.303291386391,1.0,-0.00496,-0.00651885714286,0.249
0.464583868805,0.544316151626,-0.123989152337,-1.36118820322,0.0792624404685,1.89601289252,0.158573581265,-0.00119338507213,-0.0290050633574,-0.000518045131332,-0.0468943120245,-0.000608561056002,0.0233602712689,-0.00218653659914,0.573963468037,0.81886668205,0.00201029553053,0.0,0.818823416462,-0.573903737828,-0.0119774480613,0.0,-0.008654383658,0.00852085873484,-0.999926245585,0.0,0.66106116013,0.260067353706,0.303284603054,1.0,-0.00522,-0.00686057142857,0.262
0.464491435824,0.543699572059,-0.123991750402,-1.36219110926,0.079218623128,1.89636650533,0.158434414311,-0.00430218143867,-0.0252332059431,-0.00236854001323,-0.0502724422956,-0.00246585623497,0.0146743342269,-0.00134075303269,0.573971166669,0.818861333705,0.00199070256575,0.0,0.818817635679,-0.573911344568,-0.0120081213716,0.0,-0.00869066681774,0.00852250188594,-0.999925916892,0.0,0.660944199776,0.25991070248,0.30327426985,1.0,-0.00564,-0.00741257142857,0.283
0.464431712289,0.543285628701,-0.123994954149,-1.36284394878,0.0791738610166,1.89658839691,0.158329720761,-0.00741648655732,-0.034623546925,-0.00146716762773,-0.0496577569735,-0.00470857661028,0.015958524202,-0.0105181458759,0.573960876309,0.818868588998,0.00197314975441,0.0,0.818824691241,-0.573901158983,-0.0120138101315,0.0,-0.00870550642796,0.00851128459791,-0.99992588335,0.0,0.660867785778,0.259805131026,0.303275696814,1.0,-0.0059,-0.00775428571429,0.296
0.464337537741,0.542623881681,-0.123993130341,-1.36390337115,0.0791122253396,1.89696680871,0.158244128216,-0.00279512522452,-0.0357599010885,0.000405631332233,-0.0552917630549,-0.00467222525775,0.0195754529694,-0.00568561162314,0.574009056787,0.818834853797,0.00195750732641,0.0,0.818790695116,-0.573949344994,-0.012028876642,0.0,-0.00872632140744,0.00850763671835,-0.999925732958,0.0,0.660744076319,0.259642595728,0.303272244237,1.0,-0.0063,-0.00828,0.316
0.464280587778,0.542165129101,-0.123998835816,-1.36460962594,0.0790675014325,1.89723485703,0.158118641659,-0.00174845599701,-0.0353960692134,-0.000151508289428,-0.0487335216656,-0.00547668190062,0.0205129705808,-0.00151345254172,0.57398428843,0.818852180116,0.00197247447008,0.0,0.818808265823,-0.573924563513,-0.0120152452495,0.0,-0.00870682585125,0.00851180427366,-0.999925867438,0.0,0.660665391271,0.259534807746,0.303283926107,1.0,-0.00656,-0.00862171428571,0.329
0.464169537554,0.541384543131,-0.123997046659,-1.36579797766,0.0790014505425,1.89767063544,0.157959349091,-0.0037116600944,-0.0358231011043,9.71022057114e-05,-0.0551873427074,-0.00715646128919,0.0232609200618,-0.0145777513074,0.573991812449,0.818846838709,0.00200021963936,0.0,0.818803211434,-0.57393189487,-0.0120094919275,0.0,-0.00868611188611,0.00853130055631,-0.999925881439,0.0,0.660530811198,0.259350564597,0.303307931915,1.0,-0.00698,-0.00917371428571,0.35
0.464112378976,0.540854761709,-0.124000945159,-1.36659732651,0.0789513194482,1.89796254635,0.157852812131,-0.00295721555449,-0.0371350519157,0.0049238510931,-0.0631896688271,-0.00316163917712,0.0158892567134,-0.0104203870149,0.573984990127,0.818851578183,0.00201765157887,0.0,0.818808203865,-0.573925024635,-0.0119974281464,0.0,-0.00866629909279,0.00853857773553,-0.999925991236,0.0,0.66043696568,0.259234325779,0.303327387486,1.0,-0.00724,-0.00951542857143,0.363
0.464001694743,0.540010207173,-0.123998987027,-1.36789682494,0.0788802892608,1.89844310806,0.157705890154,-0.00417052871504,-0.042059996232,0.00134526301022,-0.0675928664601,-0.00086780214682,0.0219764519887,-0.00123554216405,0.574006918501,0.818836142265,0.00204365706693,0.0,0.818793020596,-0.573946755082,-0.0119941091651,0.0,-0.00864842624562,0.00855819855678,-0.999925978241,0.0,0.660287040212,0.259040323907,0.30334734647,1.0,-0.00764,-0.0100411428571,0.383
0.463922414532,0.539440953924,-0.124005224603,-1.36877595445,0.0788299970555,1.8987805974,0.1575883472,-0.00541009603636,-0.0457795717004,0.000138746529487,-0.0646265456905,-0.00121124419918,0.0283522701419,-0.00389745215724,0.574015228506,0.818830259362,0.00206656652035,0.0,0.818787452548,-0.573954983859,-0.0119804404822,0.0,-0.00862399707217,0.00856919900137,-0.999926095021,0.0,0.66019085816,0.258902245106,0.303360594739,1.0,-0.0079,-0.0103828571429,0.396
0.46379291933,0.538506945005,-0.124013057634,-1.37022878302,0.078747733795,1.89934269785,0.15741684816,-0.00851192001718,-0.040878134069,-0.000596789198911,-0.0727576301947,-0.00510876092081,0.0200095046098,-0.00646153585505,0.574044761226,0.818809463159,0.00210286757597,0.0,0.818767142868,-0.573984375062,-0.011960344667,0.0,-0.00858639557924,0.00858769741532,-0.999926259913,0.0,0.660031297621,0.25867685731,0.303377881222,1.0,-0.00832,-0.0109348571429,0.417
0.463717563438,0.537899064868,-0.124019985141,-1.37116530308,0.0786959322003,1.8997005268,0.15729472321,-0.00498036867219,-0.0429119406538,-0.00115862245206,-0.0768923155126,-0.00613120390542,0.0219727592821,-0.0127191929379,0.5740492064,0.818806281585,0.00212809069853,0.0,0.818764289537,-0.573988715149,-0.0119473830424,0.0,-0.00856125706859,0.00860095601797,-0.999926361505,0.0,0.659925759603,0.258535814998,0.303392687397,1.0,-0.00858,-0.0112765714286,0.43
0.463592778171,0.536945001215,-0.124020238769,-1.37267986106,0.0786021065928,1.90026404575,0.157109799145,-0.000590081216523,-0.0482573485678,-0.00284029172077,-0.0788385330554,-0.00105861116682,0.0254950130392,-0.00883080096626,0.574067551888,0.818793425246,0.00212592195126,0.0,0.818751453861,-0.57400711639,-0.0119429492082,0.0,-0.00855867874192,0.00859682681824,-0.999926419086,0.0,0.659741437769,0.258294609589,0.303395550548,1.0,-0.009,-0.0118285714286,0.451
0.463493983131,0.536250298782,-0.124019431632,-1.37377073211,0.0785437011652,1.90067058388,0.156980996063,-0.00571607566738,-0.0496919830123,0.00101564705953,-0.0740669249065,-0.000801225782501,0.0319460101111,-0.015203001557,0.574077761866,0.818786228824,0.00214049533589,0.0,0.818744329108,-0.57401714635,-0.0119493159496,0.0,-0.00855541903723,0.00861252079162,-0.99992631193,0.0,0.65962465829,0.258142186154,0.30340067429,1.0,-0.00926,-0.0121702857143,0.464
0.46336601791,0.535206894365,-0.124027914652,-1.37541780269,0.0784566402341,1.90125751001,0.156776735326,-0.00301252002104,-0.047203821459,-0.00122485728308,-0.0781285724555,-0.00725108450433,0.0309707626478,-0.0104026145671,0.574088269498,0.81877888609,0.00213106052631,0.0,0.81873674044,-0.574027567892,-0.0119686279594,0.0,-0.00857653750256,0.008615992347,-0.99992610111,0.0,0.659426533481,0.257896787984,0.303404210615,1.0,-0.00966,-0.012696,0.484
0.463267417353,0.5345352584,-0.12402984421,-1.37652748455,0.0783940140168,1.90166319845,0.156644012168,-0.00622726077581,-0.0509539088407,-0.000580374884446,-0.0817500535063,-0.00304366719582,0.0373160440963,-0.0180170491084,0.574102740926,0.818768808075,0.00210444445597,0.0,0.818726229902,-0.5740420625,-0.0119924080826,0.0,-0.00861113582689,0.00860800395677,-0.999925872556,0.0,0.659283589844,0.257716481235,0.303385453819,1.0,-0.00994,-0.013064,0.498
0.463104683725,0.533393355189,-0.124030795321,-1.37836840605,0.0782854350585,1.9023377209,0.156407627368,-0.00606706018763,-0.0527599849295,-0.000384680884825,-0.0871320732187,-0.00636194649805,0.0324623147963,-0.0101497898399,0.574117809073,0.818758296737,0.002083201975,0.0,0.818715412423,-0.574057188824,-0.0120068448238,0.0,-0.00863499299798,0.00859905856677,-0.999925743787,0.0,0.659081000983,0.257441981236,0.303372798604,1.0,-0.01034,-0.0135897142857,0.518
0.462992619573,0.532616629999,-0.124033616907,-1.37961550087,0.0782283497613,1.90281444117,0.156254910774,-0.011341967204,-0.0573232264085,-0.000730023279606,-0.0951199134348,-0.000640706262939,0.0326729809969,-0.0158989456023,0.574139522648,0.818743037183,0.00209630608512,0.0,0.818700176738,-0.574078697858,-0.0120173281974,0.0,-0.00863582538589,0.00861603512251,-0.999925590461,0.0,0.658938734746,0.25725174527,0.303368334974,1.0,-0.01062,-0.0139577142857,0.532
0.462835164996,0.531480039412,-0.124031395567,-1.38146667835,0.078111431746,1.90348738328,0.156024474483,-0.00781649211261,-0.0583915337535,9.19970194392e-05,-0.0933300517054,0.00023427728823,0.0381366191038,-0.00322257510872,0.574147735062,0.818737377495,0.00205716233353,0.0,0.818693989533,-0.574087058534,-0.0120394197846,0.0,-0.00867629975368,0.00859675755296,-0.999925406009,0.0,0.658717711461,0.256971236597,0.303346650092,1.0,-0.01102,-0.0144834285714,0.552
0.462728471124,0.530696816102,-0.124034931221,-1.38273545804,0.0780302850912,1.90393047754,0.155863141016,-0.0118245902868,-0.0665511886476,0.000145043523336,-0.0980733645452,-0.00944809576263,0.0350802426189,-0.0155950733097,0.574152592534,0.818734069397,0.00201767105906,0.0,0.818690161449,-0.57409208021,-0.0120602607064,0.0,-0.00871598516042,0.00857644251942,-0.999925235323,0.0,0.65856326139,0.256775538132,0.303333177767,1.0,-0.01128,-0.0148251428571,0.565
0.462567193105,0.529488446955,-0.124042706908,-1.38465247484,0.0779134856763,1.90463951332,0.15560196875,-0.00998224272923,-0.0618003594844,-0.00147217872851,-0.0967698753884,-0.00811724429629,0.0428781427566,-0.0132557833145,0.574149051457,0.818736559653,0.00201482024737,0.0,0.818692629388,-0.574088566525,-0.0120599863832,0.0,-0.00871743433088,0.00857391330299,-0.99992524438,0.0,0.658338188747,0.256482354384,0.3033336704,1.0,-0.01168,-0.0153508571429,0.585
0.462455947709,0.528652062331,-0.124040376714,-1.38595261851,0.0778203939207,1.90512843028,0.15543017181,-0.0116090523641,-0.0632451928638,0.000369336118947,-0.099189715459,-0.00800239614845,0.0395211441315,-0.0146996278809,0.574143254389,0.818740591543,0.00202832451462,0.0,0.818696951666,-0.574082824592,-0.0120398812898,0.0,-0.00869328063537,0.00857336478713,-0.999925459366,0.0,0.658186737366,0.256285264352,0.303346099671,1.0,-0.01194,-0.0156925714286,0.598
0.462277455,0.527268644973,-0.124040243073,-1.38807898546,0.0777043343344,1.90595194421,0.155124248214,-0.00898295157828,-0.0646603112722,-0.000599248753314,-0.105257664565,-0.00762401191978,0.0448017800585,-0.0191774092558,0.574122889164,0.818754684417,0.00210280384215,0.0,0.81871192843,-0.574062058773,-0.0120115704757,0.0,-0.00862755579858,0.00861787405442,-0.999925646,0.0,0.657941561293,0.255970724981,0.303379263148,1.0,-0.01236,-0.0162445714286,0.619
0.462167750463,0.526372300277,-0.124052075783,-1.38945553705,0.0776139825287,1.90647476379,0.154944104058,-0.00729606767286,-0.0709311778108,-0.00108091499537,-0.103953458592,-0.00532667581882,0.0409936961279,-0.0196200974179,0.574123588525,0.81875411876,0.00213190391402,0.0,0.818711866885,-0.574062761219,-0.0119821577367,0.0,-0.00858675967276,0.00862482048606,-0.999925937272,0.0,0.657782437213,0.25576090627,0.303400497443,1.0,-0.01262,-0.0165862857143,0.632
0.461955440258,0.524784001429,-0.124055339436,-1.39193862239,0.0774555223923,1.90735991237,0.154613712901,-0.0111407473628,-0.069445731528,-0.000999535537292,-0.103349629655,-0.00796209069016,0.0312895336883,-0.0159312181506,0.574119957385,0.8187566973,0.00211944785905,0.0,0.818714283645,-0.574059183003,-0.0119884555451,0.0,-0.00859910532091,0.00861819974938,-0.999925888264,0.0,0.657481550152,0.255379973438,0.303412665344,1.0,-0.01308,-0.0171908571429,0.655
0.461860489317,0.524015219318,-0.124060608849,-1.3931769606,0.0773836957958,1.9078019476,0.154442665606,-0.0072385711382,-0.067558817751,-0.00161796708596,-0.113914694836,-0.0106584330263,0.041029511149,-0.0170422452132,0.574108499404,0.818764790842,0.00209644710671,0.0,0.818722024362,-0.574047769866,-0.0120063165675,0.0,-0.00862705458443,0.00860950156667,-0.999925722447,0.0,0.657328240891,0.25519597921,0.303402331371,1.0,-0.0133,-0.01748,0.666
0.461672347885,0.52258021801,-0.124058603234,-1.39543892042,0.0772382900065,1.90867405187,0.154147198594,-0.0103290441725,-0.0667996605248,1.34127358431e-05,-0.115285103036,-0.0100678367265,0.0448205795623,-0.0210679603961,0.574101451462,0.81876965021,0.00212843268282,0.0,0.818727380545,-0.57404066895,-0.0119805525066,0.0,-0.00858767120333,0.00862082467599,-0.999925963902,0.0,0.657063146752,0.254859510606,0.303409903181,1.0,-0.0137,-0.0180057142857,0.686
0.461542100224,0.521638143348,-0.124062060215,-1.39693336005,0.0771558481847,1.90926305819,0.153930691435,-0.0158977594036,-0.0662487145576,-0.000517846549995,-0.115513156078,-0.00381023633937,0.0393608615242,-0.0130060753446,0.574091276949,0.818776698117,0.00216130815088,0.0,0.818734826384,-0.574030328853,-0.0119671435057,0.0,-0.00855792658352,0.00863993729588,-0.999926053954,0.0,0.656891780161,0.254633513779,0.303411730692,1.0,-0.01396,-0.0183474285714,0.699
0.461344646944,0.520129382032,-0.12406490803,-1.39932237188,0.0770041661669,1.91014801454,0.153609170044,-0.00811620863929,-0.0731064770289,0.000568309348807,-0.116291232571,-0.00986181678213,0.0477541474764,-0.0163769436986,0.574078200762,0.818785869929,0.00215998060559,0.0,0.818744012542,-0.574017291736,-0.0119640133593,0.0,-0.0085562636034,0.00863691673864,-0.99992609428,0.0,0.656603513581,0.254273972661,0.303411131179,1.0,-0.01436,-0.0188731428571,0.719
0.461210887475,0.519031166247,-0.124070578677,-1.40103243392,0.0768943696796,1.91075142834,0.153393434049,-0.00884566507656,-0.0760576388534,0.000186335312326,-0.121517512936,-0.00458535236497,0.0423230604819,-0.01636545413,0.574076174714,0.818787318953,0.00214915083451,0.0,0.818745330115,-0.57401532039,-0.0119684282386,0.0,-0.00856611668905,0.00863056287513,-0.999926064781,0.0,0.656390006047,0.25401754536,0.303420675717,1.0,-0.01464,-0.0192411428571,0.733
0.46100371966,0.517442686339,-0.124076960041,-1.40353660606,0.0767307463401,1.91164780659,0.15304614769,-0.00887201155986,-0.0779749759131,-1.02728797146e-05,-0.123916981181,-0.0103174981373,0.0411587280519,-0.00639565141368,0.574054356057,0.818802677717,0.00212559572461,0.0,0.818760422889,-0.573993643273,-0.0119755706937,0.0,-0.00858571621872,0.00861514804565,-0.999926029615,0.0,0.656081051589,0.25363595102,0.303421388194,1.0,-0.01504,-0.0197668571429,0.753
0.46086145688,0.516425977994,-0.124078031297,-1.40515988954,0.0766251237473,1.91226068567,0.152820076271,-0.0111462449309,-0.0794962984834,-0.000556441991203,-0.124699067294,-0.00822988198586,0.0479817291583,-0.0208317149343,0.574043900753,0.818810007711,0.00212560144942,0.0,0.818767805274,-0.573983241762,-0.0119693828072,0.0,-0.00858075602413,0.00861149102774,-0.999926103694,0.0,0.655887515952,0.253387218537,0.303415114526,1.0,-0.0153,-0.0201085714286,0.766
0.460643336041,0.514806032889,-0.124087099658,-1.4077601444,0.0764693422489,1.91322269721,0.152466571905,-0.00724844303401,-0.082742274796,0.000587683199176,-0.128883411322,-0.00938137545121,0.0462248613027,-0.0155442444023,0.574037758198,0.818814351239,0.00211122446541,0.0,0.818771900889,-0.573977099089,-0.0119837780885,0.0,-0.00860086057999,0.00860791810652,-0.999925961731,0.0,0.655554223774,0.252973011498,0.303397193937,1.0,-0.01572,-0.0206605714286,0.787
0.460488520254,0.513636795433,-0.124087618784,-1.40963999308,0.0763600072184,1.91386375081,0.152218544871,-0.0130044952534,-0.0788748267887,-0.000358782230607,-0.131857817539,-0.0133430971634,0.0490992663843,-0.025551883267,0.574027778683,0.818821496729,0.0020524853334,0.0,0.818778138687,-0.57396722731,-0.0120303151962,0.0,-0.00867278835725,0.0085864305453,-0.999925525203,0.0,0.655327956373,0.25270805965,0.303377402601,1.0,-0.01598,-0.0210022857143,0.8
0.46025837151,0.511974185955,-0.124094630313,-1.41230257007,0.0762006134304,1.9148236274,0.151836468286,-0.0125460290219,-0.0855458725422,-0.000441855679016,-0.137162543692,-0.00230599019434,0.0460546407611,-0.0177915279628,0.574004827108,0.818837671272,0.00201828258244,0.0,0.818793775358,-0.5739443348,-0.0120582290589,0.0,-0.00871551814874,0.00857420398157,-0.999925258592,0.0,0.654997864629,0.252298461503,0.303358294435,1.0,-0.01638,-0.021528,0.82
0.460109280107,0.510884659554,-0.124093757562,-1.41406616129,0.076089644952,1.91549635273,0.151592962083,-0.00745040876301,-0.0841444169625,0.000838429759666,-0.135572545473,-0.0075046691505,0.0461697813304,-0.0114109160988,0.57398926192,0.818848594381,0.00201335104703,0.0,0.818804649336,-0.573928807826,-0.0120588836125,0.0,-0.00871904759843,0.00857037590867,-0.99992526064,0.0,0.654783823072,0.252034074629,0.303340127791,1.0,-0.01664,-0.0218697142857,0.833
0.459857890441,0.509039578909,-0.124102153288,-1.41700064114,0.0759087513629,1.91658091471,0.151187104723,-0.0113262652122,-0.0833690552493,-0.00114107467769,-0.141556129071,-0.00591630579632,0.0495255906038,-0.0183141902485,0.573972798939,0.818860154132,0.00200523176341,0.0,0.818816093725,-0.573912372774,-0.0120639933471,0.0,-0.00872806417465,0.00856648499873,-0.999925215319,0.0,0.654423233715,0.251585031965,0.303329082025,1.0,-0.01706,-0.0224217142857,0.854
0.459692930261,0.507875552846,-0.124103428624,-1.41881090197,0.0757944594463,1.91722336196,0.15092369496,-0.0106944329917,-0.0954520779924,-0.000553935133837,-0.139063081858,-0.0076520304431,0.0496307158059,-0.0147286825636,0.573955959038,0.818871967822,0.00200107520148,0.0,0.818827815662,-0.573895516214,-0.0120702804159,0.0,-0.00873577438129,0.00856651034001,-0.999925147772,0.0,0.65419714935,0.251302040804,0.303337453652,1.0,-0.01732,-0.0227634285714,0.867
0.459442920527,0.506043826011,-0.124111844074,-1.4216697851,0.0756195694092,1.91828038635,0.150539354083,-0.0119240938154,-0.0950125524362,-0.00201181168081,-0.141583354814,-0.00696719605923,0.0461398354691,-0.0183589161845,0.573952670073,0.818874216193,0.00202422135297,0.0,0.818830351942,-0.57389211363,-0.0120599980688,0.0,-0.00871410456865,0.00857952715799,-0.999925225252,0.0,0.653845762189,0.250861980461,0.303349353767,1.0,-0.01772,-0.0232891428571,0.887
0.459270732395,0.504807404342,-0.124115885373,-1.42356991201,0.0754946961585,1.91902725088,0.150268211572,-0.0155366476084,-0.101031308152,-0.00151597424868,-0.153610396405,-0.017896708443,0.0619364298644,-0.0253458043812,0.573938948717,0.818883673835,0.00208776764181,0.0,0.81884077113,-0.573878254174,-0.0120119866611,0.0,-0.00863846163486,0.00860386191305,-0.999925672508,0.0,0.653622429079,0.250568352267,0.303373854775,1.0,-0.01798,-0.0236308571429,0.9
0.458985007765,0.502742191402,-0.124114583044,-1.42662939187,0.075301423605,1.92017030103,0.149849787673,-0.0199834778017,-0.100950630881,0.00236099260443,-0.142295432774,-0.00257808652876,0.0528956895985,-0.02104216286,0.573934153476,0.818886704693,0.00221342545679,0.0,0.818845472171,-0.573872971281,-0.0119437196891,0.0,-0.00851049206774,0.0086675289392,-0.999926220012,0.0,0.653251508343,0.250092984394,0.303458980743,1.0,-0.0184,-0.0241828571429,0.921
0.458811216453,0.501434365774,-0.124120150888,-1.42858386617,0.0751828511453,1.92086844909,0.149576772443,-0.0117659894799,-0.110316992975,0.0020475550789,-0.152210866728,-0.00610057516875,0.0512315187576,-0.0208390981536,0.573924678288,0.818893220584,0.00225916671733,0.0,0.818852537007,-0.573863264216,-0.0119257503939,0.0,-0.00846962642768,0.00869457425367,-0.99992633219,0.0,0.653005970028,0.249789852609,0.30350227334,1.0,-0.01866,-0.0245245714286,0.934
0.458527606675,0.4994172063,-0.124128754993,-1.43164583331,0.0749842163877,1.92196460551,0.14915090887,-0.0139083497673,-0.100597977244,-0.00118396448044,-0.157208797698,-0.00878346592829,0.0647848612704,-0.0181992534347,0.573916396405,0.818898917157,0.00229789416294,0.0,0.81885877118,-0.573854862753,-0.0119019434468,0.0,-0.00842799312615,0.00871253902715,-0.999926527599,0.0,0.652623088593,0.24930544666,0.303547404355,1.0,-0.01906,-0.0250502857143,0.954
0.458328666216,0.498145532378,-0.124123728712,-1.43365581899,0.0748633560615,1.92272829141,0.148850347677,-0.0104811877267,-0.10010611936,0.000514378969335,-0.15565099131,-0.00935918171421,0.0649957675746,-0.024786285472,0.57389018582,0.818917224805,0.00231957715797,0.0,0.81887731863,-0.573828525475,-0.0118956834654,0.0,-0.00841070248244,0.00872643312875,-0.999926552027,0.0,0.652358549341,0.248964283054,0.303544263387,1.0,-0.01934,-0.0254182857143,0.968
0.458015279796,0.496079203698,-0.124124450854,-1.43695554877,0.0746616155388,1.92389093024,0.148359790336,-0.0164357951716,-0.0978278553419,-3.06398423309e-05,-0.156696948677,-0.00152018836491,0.0544048945614,-0.016974945106,0.573867053809,0.818933594083,0.00226272770157,0.0,0.818892753207,-0.573805423593,-0.0119474475195,0.0,-0.00848596409108,0.00870934550772,-0.999926065124,0.0,0.651955751838,0.248466783144,0.303514000461,1.0,-0.01974,-0.025944,0.988
0.457803986767,0.494793448028,-0.124128430998,-1.4390701172,0.0745243810104,1.92461637704,0.148067259629,-0.0153437188939,-0.0994659978323,-0.000272479731955,-0.161296797873,-0.0183808262931,0.0605740154718,-0.0231219955126,0.573872595587,0.818929959818,0.0021706792282,0.0,0.818887848548,-0.573811271179,-0.0120026442689,0.0,-0.00858393004887,0.00866569830514,-0.999925608142,0.0,0.651682648694,0.24812016811,0.303466270695,1.0,-0.01998,-0.0262594285714,1.001
0.457457517039,0.492235616066,-0.12420606028,-1.44289279115,0.0743035668237,1.92601463683,0.147521471923,-0.0176238348408,-0.168291054445,-0.00320886652116,-0.246978562981,-0.0165853299392,0.0935584835514,-0.0342580620289,0.573897637724,0.818912118737,0.00227817960023,0.0,0.818871561015,-0.573836025378,-0.0119301902867,0.0,-0.00846263880972,0.00871241224956,-0.999926236088,0.0,0.651216072566,0.247488690648,0.303550746626,1.0,-0.0364937142857,-0.0479631673469,1.02
0.457096683385,0.489237037552,-0.124247510312,-1.44760754361,0.0740644235925,1.92785297733,0.146801101245,-0.0270789828062,-0.222916626804,8.51893363467e-05,-0.350506707524,-0.0180138012329,0.134211091266,-0.0490175182008,0.573805689544,0.8189762099,0.0023969074095,0.0,0.818936969137,-0.573743378845,-0.0118963319409,0.0,-0.00836776419413,0.00878926826226,-0.999926361932,0.0,0.650625439377,0.246795937895,0.303552906997,1.0,-0.0495308571429,-0.0650976979592,1.035
0.456260691294,0.483398762881,-0.124358402735,-1.45687078391,0.0735393545875,1.93130874169,0.145386627514,-0.0485128162139,-0.308624515806,-0.0108300096236,-0.492823113501,-0.0334225794456,0.178204464469,-0.0799050605955,0.573729892247,0.819029237105,0.00242206746061,0.0,0.818990206922,-0.573667369497,-0.0118969341076,0.0,-0.00835463664984,0.00880944586352,-0.999926294139,0.0,0.649462038613,0.245316214181,0.30350162314,1.0,-0.0677828571429,-0.0890860408163,1.056
0.455612215405,0.479190397896,-0.124478364436,-1.46359665286,0.0731354735755,1.93360302431,0.144371779448,-0.0573296804288,-0.367078159235,-0.00470547506687,-0.581312289048,-0.0306624366999,0.195307502727,-0.0856293182946,0.573741881511,0.819021445261,0.00220737477869,0.0,0.818979498487,-0.573680102797,-0.0120194681238,0.0,-0.00857804031795,0.00870403452498,-0.999925325716,0.0,0.648507081809,0.244071422412,0.303413352675,1.0,-0.0790817142857,-0.103935967347,1.069
0.454203155357,0.470294400006,-0.124671361304,-1.47751025099,0.0723233018788,1.93848863575,0.142344757016,-0.0770942050135,-0.459587470376,-0.00840381865799,-0.696617376421,-0.0368748285192,0.250133794728,-0.106027553864,0.573820863669,0.818966366565,0.00211039191981,0.0,0.818922759053,-0.573759090963,-0.0121147490003,0.0,-0.0087108831326,0.00868011082716,-0.999924385237,0.0,0.646778748936,0.24182013281,0.303381794035,1.0,-0.0964645714286,-0.126782008163,1.089
0.453191412878,0.46383206285,-0.124770657003,-1.48727510464,0.0717168853032,1.94218529895,0.140740485736,-0.0840429199566,-0.508311420257,-0.00811427349898,-0.7651705489,-0.0522185298504,0.280954861745,-0.128848776733,0.573706797161,0.819045388608,0.00243088309169,0.0,0.81900630104,-0.573644061154,-0.0119128863153,0.0,-0.00836289396427,0.0088255823419,-0.999926082819,0.0,0.645550200475,0.240191308933,0.303515577873,1.0,-0.107763428571,-0.141631934694,1.102
0.451168126982,0.452136896352,-0.124964833503,-1.50547365973,0.0705552201434,1.94847597714,0.13791254386,-0.106997122648,-0.601071626537,-0.0133326211206,-0.904415541169,-0.0590472016802,0.321176257007,-0.13927103784,0.573715585684,0.819039808994,0.00222821160106,0.0,0.818997791542,-0.57365337506,-0.0120486361228,0.0,-0.00859025691242,0.00873755893534,-0.999924928457,0.0,0.643122523414,0.237020279719,0.303448794374,1.0,-0.126015428571,-0.165620277551,1.123
0.449837777582,0.444508143453,-0.125084434514,-1.51693321569,0.069743531256,1.95264018055,0.136151025039,-0.112380443748,-0.637476135391,-0.00813360699396,-0.976344935876,-0.0619598380446,0.34263433842,-0.148298580085,0.573744976407,0.819018580106,0.0024524253997,0.0,0.818980363695,-0.573682777511,-0.0118313807365,0.0,-0.00828336591705,0.008796852874,-0.99992699795,0.0,0.641627986956,0.234997917846,0.303587297509,1.0,-0.136445142857,-0.179327902041,1.135
0.447188739152,0.42999743638,-0.125249540524,-1.53900430807,0.0683124019441,1.96026770672,0.132576698111,-0.132523611919,-0.725627187865,-0.00730019081867,-1.09861347193,-0.0754820140728,0.372198544574,-0.176362970279,0.573691617935,0.819055763013,0.00251624456424,0.0,0.819017786738,-0.573628552135,-0.0118699656485,0.0,-0.00827893344006,0.00887071964044,-0.999926382087,0.0,0.638448036882,0.230889741443,0.303664315878,1.0,-0.155566285714,-0.204458546939,1.157
0.445314051388,0.420258787549,-0.125378746948,-1.55377965666,0.0672615005541,1.96531861598,0.130118150315,-0.144403209249,-0.760624559434,-0.0102009821124,-1.16167907986,-0.0877112881185,0.386091350295,-0.190356025709,0.573641648641,0.819090889086,0.00247411846403,0.0,0.819052616112,-0.573579019693,-0.0118603165931,0.0,-0.00829573453849,0.00883017477264,-0.999926601707,0.0,0.636543683077,0.228393240465,0.303684840056,1.0,-0.165996,-0.218166171429,1.169
0.441881798453,0.403299319765,-0.12558615982,-1.57921207912,0.0654868256454,1.97421337098,0.125862208843,-0.16976444118,-0.800265325188,-0.00934393748251,-1.267481531,-0.0793753856789,0.414034069472,-0.217042347777,0.573673526414,0.819067590901,0.00277732418471,0.0,0.819033599194,-0.573610161582,-0.0116658828235,0.0,-0.0079621984626,0.00896730260958,-0.999928092854,0.0,0.633000739216,0.223668999258,0.303829531684,1.0,-0.184248,-0.242154514286,1.19
0.43950807946,0.391916137146,-0.125725473141,-1.59588337234,0.0643623825862,1.97997684873,0.122984413696,-0.186018113949,-0.875610191044,-0.0150775576021,-1.29418917995,-0.0954751319181,0.440722885296,-0.227221006618,0.573711320659,0.81903964425,0.00318254558223,0.0,0.819010729731,-0.573646433654,-0.011486541763,0.0,-0.00758242314121,0.00919667508888,-0.99992896149,0.0,0.630634303941,0.220513083805,0.304056982012,1.0,-0.195546857143,-0.257004440816,1.203
0.435481902683,0.373604365736,-0.125926002301,-1.62324241946,0.062285491368,1.98909509977,0.118075924412,-0.206186641277,-0.933211776191,-0.00524657470664,-1.39959504619,-0.105939336248,0.455705089203,-0.250755998369,0.573582497964,0.819129995061,0.00314898745232,0.0,0.819101057658,-0.573518226907,-0.0114476045456,0.0,-0.00757122032416,0.00914566064604,-0.999929514273,0.0,0.626595512832,0.215239348803,0.304085839361,1.0,-0.212929714286,-0.279850481633,1.223
0.432312366211,0.360004241006,-0.126105146164,-1.64331405094,0.0607371550603,1.99577022452,0.114500727949,-0.232704186871,-1.00232008082,-0.0130341865462,-1.45037071204,-0.112407245777,0.498379120402,-0.26514152795,0.573663390327,0.819072963089,0.00324694273927,0.0,0.819045766944,-0.573599405632,-0.0113358022033,0.0,-0.00742254758131,0.00916250583675,-0.99993047472,0.0,0.623600155422,0.21124093327,0.304161641174,1.0,-0.225097714286,-0.295842710204,1.237
0.427278912574,0.339670537457,-0.126372951527,-1.67331115099,0.0584714750748,2.00545854488,0.108838941002,-0.264995936009,-1.0421195294,-0.00912727741547,-1.52261397909,-0.118416501835,0.485723430527,-0.283941744237,0.573721148284,0.819032600373,0.0032234205649,0.0,0.819004662812,-0.573656684976,-0.0114068828499,0.0,-0.00749361644247,0.00918454323073,-0.999929742471,0.0,0.618985389047,0.205119250596,0.304167525638,1.0,-0.242480571429,-0.31868875102,1.257
0.423755792078,0.32590588877,-0.126493044105,-1.69351588175,0.0569089348557,2.01195535563,0.104900850492,-0.275612492793,-1.09062255407,-0.0143437847381,-1.55429848611,-0.131339542746,0.524958760641,-0.313557762342,0.573666297241,0.819070924512,0.00324760375874,0.0,0.819042892009,-0.573601270037,-0.0114486226966,0.0,-0.00751454901428,0.00922779342917,-0.999929187184,0.0,0.61579489018,0.200978843325,0.304152026732,1.0,-0.253779428571,-0.333538677551,1.27
0.417582764086,0.3025413348,-0.12671818579,-1.72737018066,0.0540606708864,2.02258345228,0.0980571071247,-0.304339478751,-1.13520158855,-0.0117282505195,-1.60788406687,-0.139988693575,0.49829547295,-0.335155492541,0.573452395575,0.819220737834,0.00323722312843,0.0,0.819193014945,-0.573387971881,-0.01139231619,0.0,-0.00747678082186,0.00918503842538,-0.999929863949,0.0,0.610300924479,0.193887051142,0.304185364405,1.0,-0.272031428571,-0.357527020408,1.291
0.413669778152,0.28869017795,-0.126873014788,-1.74728515501,0.0524233710321,2.02864540037,0.0939505420052,-0.324056427046,-1.1912168876,-0.0136721527839,-1.6683371359,-0.130025088737,0.527632795936,-0.353137940165,0.573475473429,0.819204576907,0.00323874235368,0.0,0.819176494513,-0.573410576979,-0.0114423751038,0.0,-0.00751666165301,0.00921520050887,-0.999929287438,0.0,0.60671306948,0.189200986172,0.304204719984,1.0,-0.283330285714,-0.372376946939,1.304
0.406612524327,0.264709591321,-0.127176942559,-1.78129165909,0.0495288822825,2.03890546382,0.086566983467,-0.364027859779,-1.2200434224,-0.0211830058702,-1.70562628425,-0.155228484136,0.496001110842,-0.377368873751,0.57343439505,0.81923294173,0.00333596458419,0.0,0.819205798767,-0.573368825333,-0.011436621192,0.0,-0.00745666229142,0.00929117237035,-0.999929033634,0.0,0.601229224414,0.182022047807,0.304276263042,1.0,-0.299844,-0.394080685714,1.323
0.401152066549,0.247453959202,-0.127462905664,-1.80561477413,0.0473159474101,2.04616168483,0.0811459494282,-0.392733774359,-1.2487589839,-0.0189278387991,-1.76811703786,-0.163511927674,0.52090006585,-0.394040433642,0.573567148319,0.819139810225,0.00338298316755,0.0,0.819113908032,-0.573502222187,-0.0113293299056,0.0,-0.0073402981081,0.00926935847335,-0.999930097065,0.0,0.597049362791,0.176383194365,0.304300938942,1.0,-0.312012,-0.410072914286,1.337
0.392393966733,0.220616969257,-0.127766609486,-1.84298438537,0.0439530838862,2.05685603301,0.072313609692,-0.424463358855,-1.27424712086,-0.0110694784387,-1.8014041509,-0.166302329519,0.501846890029,-0.431622685787,0.573461838544,0.819213204822,0.00346290063027,0.0,0.81918764196,-0.573395825345,-0.0113833930449,0.0,-0.00733995444995,0.00936488720915,-0.999929209472,0.0,0.59035453903,0.167695689298,0.304337138166,1.0,-0.330264,-0.434061257143,1.358
0.38653345282,0.203470240162,-0.128012317711,-1.86658514241,0.0416752042928,2.0634216184,0.0664829595865,-0.458834224214,-1.31907264448,-0.0257526779549,-1.84300732914,-0.184816781186,0.492014245196,-0.451382568978,0.573375545029,0.819273586889,0.00346714436511,0.0,0.819248313147,-0.573309830864,-0.011348398163,0.0,-0.00730983565586,0.0093475261233,-0.99992959255,0.0,0.5860198038,0.162042589213,0.304361019179,1.0,-0.341562857143,-0.448911183673,1.371
0.37660184128,0.176351764422,-0.128510291377,-1.9033529006,0.0381165889143,2.07327694928,0.0569096844811,-0.517062419926,-1.35736507262,-0.0316329400663,-1.83977328065,-0.171131330747,0.502472709219,-0.481232069174,0.573480848931,0.819199494713,0.00355677849894,0.0,0.819175139542,-0.573414568145,-0.0113389019087,0.0,-0.00724945368167,0.00941644891153,-0.999929385462,0.0,0.579121406288,0.152837046642,0.304443970302,1.0,-0.358945714286,-0.47175722449,1.391
0.369122873776,0.156794162647,-0.128848555812,-1.92954765569,0.0354876328847,2.08001716559,0.0497942978637,-0.543633860354,-1.40440317985,-0.0184901053167,-1.85111642366,-0.184709697848,0.487750845339,-0.524780809007,0.573515957533,0.819174779101,0.00358812506024,0.0,0.819150545049,-0.573449217357,-0.0113633868139,0.0,-0.00725113198231,0.00945648033474,-0.999928995512,0.0,0.57404557321,0.14615448379,0.304490077117,1.0,-0.371113714286,-0.487749453061,1.405
