position_joint1,position_joint2,position_joint3,position_joint4,position_joint5,position_joint6,position_joint7,velocity_joint1,velocity_joint2,velocity_joint3,velocity_joint4,velocity_joint5,velocity_joint6,velocity_joint7,ee_T_00,ee_T_10,ee_T_20,ee_T_30,ee_T_01,ee_T_11,ee_T_21,ee_T_31,ee_T_02,ee_T_12,ee_T_22,ee_T_32,ee_T_03,ee_T_13,ee_T_23,ee_T_33,v_x,v_y,time
0.465075836265,0.54771536024,-0.124019439201,-1.35581990335,0.0794128105938,1.89411520535,0.159164484333,-0.000295862539244,0.000233849580484,-0.00107509074787,-4.32672149378e-05,2.37347740684e-05,5.81006249543e-05,-7.79858144955e-05,0.573806099103,0.818977063582,0.00196897411081,0.0,0.818935147834,-0.573748414177,-0.0117782754172,0.0,-0.0085166056127,0.00837106954488,-0.999928693769,0.0,0.661696192577,0.260863307347,0.303269381275,1.0,0.0,0.0,0.0
0.465071195691,0.54771536907,-0.124022234244,-1.35582233965,0.0794122004045,1.89411135957,0.159160517047,-0.000783732954333,-0.000481246448483,-0.000248051670592,-0.000737564841439,-0.000106336374963,-5.6881141978e-05,-0.000766726650004,0.573808548436,0.81897536215,0.00196286393829,0.0,0.818933379471,-0.573750899753,-0.0117801494542,0.0,-0.00852162128236,0.00836716635097,-0.999928683706,0.0,0.661696752717,0.260857968386,0.303267972779,1.0,-0.00012,-0.000157714285714,0.007
0.46507628029,0.547715306515,-0.12402199783,-1.35582200922,0.079412077734,1.89411346751,0.159169416153,0.000843111548365,0.00140164386181,0.000201501822129,-0.000284592983415,-0.000179526915679,-0.000196089865185,0.00827541419163,0.573811470766,0.818973310028,0.00196478473705,0.0,0.818931355727,-0.57375381745,-0.0117787295775,0.0,-0.00851932643007,0.00836795508009,-0.99992869666,0.0,0.661695877058,0.260861633516,0.303268349442,1.0,-0.00038,-0.000499428571429,0.02
0.465072677255,0.547701563636,-0.124014941769,-1.3558293603,0.0794124558877,1.89411482296,0.159158636851,-0.000382411183687,-0.00170426856476,0.00224928493481,-6.98673742867e-05,-0.000112421422526,-0.000784967271347,-0.000930805944589,0.573801150502,0.818980518621,0.001974006578,0.0,0.818938637972,-0.573743416395,-0.0117790611284,0.0,-0.00851441224259,0.00837559034173,-0.999928674592,0.0,0.661694124825,0.260862795812,0.303274470896,1.0,-0.0007,-0.00092,0.036
0.465075067609,0.547661247314,-0.124025088395,-1.35587158218,0.0794120989602,1.89412215048,0.159158520726,0.000470878744116,-0.00522928280363,-0.000326369207466,-0.000449514009852,2.54791057907e-06,0.000552118015301,-0.00147740640888,0.573808377528,0.818975445564,0.00197796439088,0.0,0.818933637253,-0.573750647427,-0.0117745171142,0.0,-0.00850834586206,0.00837629940417,-0.999928720289,0.0,0.66168870002,0.260854463665,0.303283906923,1.0,-0.00104,-0.00136685714286,0.053
0.465074722038,0.547536841132,-0.124020104619,-1.35601787188,0.0794094448445,1.89414223876,0.159161227154,-0.00331374867544,-0.0102568705631,-0.000976762095463,-0.0106347156052,0.000215386174163,0.00332616819677,0.000780115038416,0.573814596582,0.818971075937,0.00198303544981,0.0,0.818929209044,-0.573756723023,-0.0117864439916,0.0,-0.00851514073878,0.00838736073927,-0.999928569728,0.0,0.661661550414,0.260842321342,0.30330398056,1.0,-0.00136,-0.00178742857143,0.069
0.465070476524,0.547392496199,-0.124022220765,-1.35621693352,0.0794046593658,1.89418360687,0.159153689832,0.00118958577424,-0.00389020011674,-0.00569789192427,-0.0126182023543,-0.0003253260892,0.00130330688931,0.000280886642508,0.573823007597,0.818965198128,0.00197664071824,0.0,0.818923151682,-0.573765063598,-0.0118012852851,0.0,-0.00853087880012,0.00839072741003,-0.999928407337,0.0,0.661629833493,0.260818584443,0.303315136333,1.0,-0.0017,-0.00223428571429,0.086
0.4650459986,0.547224477953,-0.12402724377,-1.3564263675,0.0794025140174,1.89430506284,0.159148787981,-0.00200578844152,-0.0105711739241,-5.52175638958e-05,-0.0120386758618,0.0003203905663,0.00796549261656,0.000665746532181,0.573853950669,0.818943340737,0.00204813688121,0.0,0.818902210181,-0.573795707009,-0.0117645093803,0.0,-0.0084594173342,0.00842849627899,-0.999928696812,0.0,0.661618136059,0.260784743393,0.303345177586,1.0,-0.00204,-0.00268114285714,0.103
0.465028996216,0.547018557587,-0.124017319481,-1.35665428659,0.0793942883661,1.89441712038,0.159136123582,0.00144809133303,-0.0122824589291,0.000927438147872,-0.0129489302665,-0.00114369451078,0.00272110816225,-0.00227885681295,0.573861224276,0.818938033535,0.00213058749154,0.0,0.818897909224,-0.57380259596,-0.0117278317769,0.0,-0.00838199223876,0.00847504471471,-0.999928955388,0.0,0.661596275879,0.260761179566,0.303391937417,1.0,-0.00238,-0.003128,0.12
0.464993568801,0.54680997348,-0.124022613093,-1.3569552207,0.0793878265709,1.89456057663,0.159123068579,-0.00337298049343,-0.0139762123358,-0.00183444721062,-0.0230806506105,0.000553101003014,0.00891594678164,0.000752834846897,0.573898562959,0.818911743079,0.00217793057501,0.0,0.818872197035,-0.573839713432,-0.0117070540129,0.0,-0.00833742147218,0.00850227196451,-0.999929096874,0.0,0.66157218526,0.260710396972,0.303409056113,1.0,-0.00272,-0.00357485714286,0.137
0.464959088736,0.546581001987,-0.12402473934,-1.35730392305,0.0793724781072,1.89467870787,0.159070738427,-0.000878414386349,-0.0133582227041,-0.000487056936118,-0.0215488268147,-0.00411900579625,0.00553419107298,0.00378147249888,0.573896471153,0.818913219203,0.00217410068468,0.0,0.818873531559,-0.573837542711,-0.0117201018968,0.0,-0.00835032654887,0.00850660240423,-0.999928952357,0.0,0.661527461439,0.260651719749,0.303410160828,1.0,-0.00306,-0.00402171428571,0.154
0.464922727026,0.546278046994,-0.124026087377,-1.35777055565,0.0793447050686,1.89485227171,0.158945383333,0.0013634317017,-0.0140339272623,-0.00182719615005,-0.0281260063531,1.08068355498e-05,0.00980785753748,-0.00339440582311,0.573847587897,0.818947435842,0.00218862831758,0.0,0.818907966418,-0.573788640722,-0.011708339665,0.0,-0.00833286511273,0.00851125150781,-0.999929058462,0.0,0.661478989641,0.260584543204,0.303423042308,1.0,-0.0034,-0.00446857142857,0.171
0.464879492128,0.546009588359,-0.12402500775,-1.3582378508,0.0792977557515,1.89501317216,0.158925545821,0.000690570070042,-0.0137887229711,-0.00119905283396,-0.0296631155679,-0.00667557546771,0.014651666285,-0.000733025093313,0.573879635012,0.818925094078,0.00214515956002,0.0,0.818885205873,-0.573820996444,-0.0117145440903,0.0,-0.00836255753013,0.00847954097227,-0.999929079993,0.0,0.661424534406,0.260507939381,0.303404565209,1.0,-0.00372,-0.00488914285714,0.187
0.464823077556,0.545665175642,-0.124020507356,-1.35879908177,0.0792683439853,1.8951984687,0.15884841121,-0.00470510380116,-0.0265815022658,-0.00111326506942,-0.0336554860215,-0.00142535343109,0.00686561082476,-0.00443077167368,0.573882945949,0.818922833741,0.00212217497032,0.0,0.818882551812,-0.573824298356,-0.0117383071573,0.0,-0.00839517383032,0.00847438950521,-0.999928850358,0.0,0.661356997999,0.260418947317,0.303397173335,1.0,-0.00406,-0.005336,0.204
0.464761369629,0.54529535399,-0.124023371309,-1.35944633453,0.0792395980668,1.89541000585,0.158755346059,-0.00198623374528,-0.0275049551822,-0.000123545832475,-0.0438910321186,-0.000181789579043,0.0170753719414,-0.003288251281,0.573887672362,0.81891965321,0.00207074834002,0.0,0.818878582519,-0.573829102558,-0.0117802822749,0.0,-0.00845901187593,0.00845641305212,-0.99992846454,0.0,0.661278568751,0.260314201892,0.303369324354,1.0,-0.0044,-0.00578285714286,0.221
0.464701363777,0.544891172642,-0.124023376116,-1.36013980519,0.0792094983551,1.8956368447,0.158687463027,-0.00455168679167,-0.0262765238899,0.000411129432032,-0.0414740108718,-5.21015625247e-05,0.0138893455548,-0.00763890175578,0.573911793964,0.818902866501,0.00202358271828,0.0,0.818861033047,-0.573853259175,-0.0118233832801,0.0,-0.00852112697982,0.00844277469374,-0.999928052387,0.0,0.661192373385,0.260208027379,0.303345000433,1.0,-0.00474,-0.00622971428571,0.238
0.464631780972,0.544484777134,-0.124028991257,-1.36081994565,0.079171685498,1.89587333451,0.158586591122,-0.00214648481485,-0.0251704917257,-0.00129431257879,-0.0429498288804,-0.00472648832174,0.0182956645205,-0.0166297120812,0.573917924227,0.818898647837,0.00199191431647,0.0,0.818856374028,-0.573859487973,-0.0118437189686,0.0,-0.00855589124645,0.00842857661638,-0.99992787531,0.0,0.661115355286,0.260093297489,0.303329562043,1.0,-0.00506,-0.00665028571429,0.254
0.464569167902,0.544002674487,-0.124023704507,-1.36159869484,0.0791285824111,1.8961506355,0.158492454068,-0.0106449287071,-0.0263101246579,0.00026007117352,-0.0467403289227,-0.00187457505452,0.0129881541526,-0.00563278996314,0.573920289926,0.818897022481,0.00197845494009,0.0,0.818854489461,-0.573861825273,-0.0118607539719,0.0,-0.0085775414931,0.00842735632092,-0.99992770011,0.0,0.661021682611,0.259980701418,0.303323897844,1.0,-0.0054,-0.00709714285714,0.271
0.464498000318,0.543487848002,-0.124023950731,-1.36243632482,0.0790841070286,1.89644165223,0.158391663952,-0.00602957613019,-0.0282865398551,0.00043161901771,-0.0475390468243,-0.00207797703845,0.0133308349233,-0.00480897929806,0.573930908678,0.818889638008,0.00195441277805,0.0,0.818846704555,-0.573872455356,-0.0118838682027,0.0,-0.00861015864314,0.00842104587005,-0.999927472947,0.0,0.660921511147,0.259853399168,0.303314681315,1.0,-0.00574,-0.007544,0.288
0.464415539407,0.542944342784,-0.124026934666,-1.36329783073,0.0790292520737,1.89674595996,0.158281936914,-0.00717727037062,-0.0298056895395,-0.00136720555621,-0.0515340814587,-0.00739250610781,0.0162794996438,-0.00131939147407,0.573943892198,0.818880571401,0.00194043602005,0.0,0.818837469828,-0.573885508415,-0.0118898334071,0.0,-0.00862293148053,0.00841316096371,-0.999927429254,0.0,0.660823265831,0.25971382203,0.303315551816,1.0,-0.00608,-0.00799085714286,0.305
0.464350766076,0.542358555225,-0.124038610181,-1.36420803295,0.078974846497,1.8970740097,0.158172377789,-0.00523157541954,-0.0362262188036,-0.000446463404176,-0.0533366572147,-0.000803842757539,0.0222457614064,-0.0122732918752,0.57395141487,0.818875297593,0.00194094341759,0.0,0.818832236461,-0.57389306109,-0.0118857001065,0.0,-0.00861917819841,0.0084112833756,-0.99992747741,0.0,0.660716888995,0.259577363327,0.303325429334,1.0,-0.00642,-0.00843771428571,0.322
0.464256357051,0.541745113141,-0.124033301299,-1.36515521179,0.0789227087506,1.89742894817,0.158036553433,-0.00431288324519,-0.0386104326177,-0.00027460315378,-0.0564147416355,-2.82721001032e-05,0.0200625107527,-0.00599740195156,0.573952481197,0.818874497939,0.00196286866101,0.0,0.818831645114,-0.573893961646,-0.0118829561502,0.0,-0.00860433693961,0.00842767340002,-0.999927467223,0.0,0.660611604218,0.259429341408,0.303338964355,1.0,-0.00676,-0.00888457142857,0.339
0.464178302711,0.541141297357,-0.124039272549,-1.36609662213,0.0788659211278,1.89778251645,0.157911084418,-0.00440100196363,-0.0314008846567,0.00100290279522,-0.0600306154534,-0.00269033765337,0.0221975472228,-0.00550725899521,0.573954932221,0.818872752002,0.00197451506483,0.0,0.818830077199,-0.573896390534,-0.011873689691,0.0,-0.00859003926983,0.00843191742534,-0.999927554373,0.0,0.660505565307,0.259285306195,0.303348600715,1.0,-0.00708,-0.00930514285714,0.355
0.464080804106,0.54043582912,-0.124046782196,-1.36715943508,0.0787962070441,1.89817444124,0.157776135721,-0.00754974753039,-0.0402270215965,-0.00171396703356,-0.0598627448491,-0.00674096132009,0.0222307524583,-0.012702039064,0.57396973693,0.818862314715,0.00199938229911,0.0,0.818820040369,-0.573911167835,-0.011851574772,0.0,-0.00855750487904,0.00843974204012,-0.999927767323,0.0,0.660387767856,0.259114984361,0.3033755728,1.0,-0.00742,-0.009752,0.372
0.463974517134,0.539706892237,-0.124048171664,-1.36827386758,0.0787372139074,1.89859451546,0.15764495731,-0.00720961664126,-0.0385941204988,-0.000427284913491,-0.0668135332113,-0.00229533013215,0.0268877386999,-0.00091961608185,0.573996261851,0.818843640025,0.00203260269134,0.0,0.818801730336,-0.573937488681,-0.0118419756126,0.0,-0.00853030376637,0.0084617112495,-0.999927814075,0.0,0.660264345595,0.258940240776,0.303396713977,1.0,-0.00776,-0.0101988571429,0.389
0.463885847345,0.538998556513,-0.124051118566,-1.36938176345,0.0786802804567,1.89900440802,0.157508779305,-0.00350310162043,-0.044371448423,-0.000715978267898,-0.0710037475404,-0.00660520742159,0.0281072435978,-0.00411540498144,0.57400544507,0.818837170128,0.00204566545988,0.0,0.81879534292,-0.573946531437,-0.0118453520589,0.0,-0.00852547610574,0.00847444109156,-0.999927747442,0.0,0.660135320218,0.258776382701,0.303405468526,1.0,-0.00808,-0.0106194285714,0.405
0.463764810047,0.53821998888,-0.12405514417,-1.37058132117,0.0786089157985,1.89946633828,0.157367365362,-0.00602841782678,-0.0455368351777,0.00181501957534,-0.0680729749504,-0.00847006544081,0.0338587751234,-0.00826961023097,0.574038806128,0.818813698835,0.00207907679672,0.0,0.818772330149,-0.573979778752,-0.0118250525015,0.0,-0.00848933038382,0.00849049304208,-0.999927918801,0.0,0.660006510928,0.258581784275,0.303424613905,1.0,-0.00842,-0.0110662857143,0.422
0.463665336244,0.537423880846,-0.124064115143,-1.37183368653,0.0785200820537,1.89993550521,0.157211190753,-0.00450848390073,-0.0531105606435,0.000543139562591,-0.0705752645294,-0.00490687439155,0.0258302086139,-0.0142525235093,0.574043953061,0.818810088953,0.00207968372875,0.0,0.818768883894,-0.573985078458,-0.0118064124474,0.0,-0.00847366534236,0.0084803432711,-0.999928137805,0.0,0.659863632729,0.258390194815,0.303431638531,1.0,-0.00876,-0.0115131428571,0.439
0.463554018019,0.536596540902,-0.124070305364,-1.37313598784,0.0784625154212,1.90042499543,0.157052108505,-0.00667987343139,-0.0462386224576,0.000116242342512,-0.0793155182192,-0.00439337814321,0.0359344063449,-0.00588119799864,0.574065544083,0.818794896904,0.00210114296922,0.0,0.818753807374,-0.5740064182,-0.0118144689735,0.0,-0.00846772038513,0.00850276206974,-0.999927997782,0.0,0.659714462532,0.258193321916,0.30343853371,1.0,-0.0091,-0.01196,0.456
0.463443061638,0.535739972684,-0.124074071404,-1.37448834305,0.078373979436,1.90091897539,0.156881259726,-0.00813309136029,-0.0505818591041,0.0013885871055,-0.0764814564418,-0.0109614959506,0.0284658233347,-0.0167870065187,0.574069695072,0.818792003776,0.00209443413389,0.0,0.818750881094,-0.574010649449,-0.0118116860869,0.0,-0.00846924968093,0.00849571439153,-0.999928044735,0.0,0.659556103953,0.257987862411,0.303442334393,1.0,-0.00944,-0.0124068571429,0.473
0.463327419312,0.534837457458,-0.124076565261,-1.37591260824,0.0782953281153,1.90143923722,0.156706678813,-0.00737252588609,-0.0519676623864,0.00030303311959,-0.0935270989759,-0.00274078199754,0.0294397833361,-0.0062481597959,0.574080220087,0.818784620105,0.0020961120827,0.0,0.818743438056,-0.574021085098,-0.0118204654992,0.0,-0.00847536599811,0.00850223714288,-0.999927937471,0.0,0.659387535939,0.257775511211,0.303446422169,1.0,-0.00978,-0.0128537142857,0.49
0.463208583511,0.533942000346,-0.124084763185,-1.37738915869,0.0782187510193,1.90196964202,0.156530596352,-0.00497205374221,-0.0471247488825,-0.00108642356778,-0.0873460949976,-0.00477569729285,0.0282541223723,-0.0120765498017,0.574099452393,0.818771235448,0.00205661535437,0.0,0.818729422886,-0.574040356025,-0.0118553219109,0.0,-0.00852638051663,0.00849010878006,-0.999927606824,0.0,0.65921029284,0.257552480328,0.303421555441,1.0,-0.01012,-0.0133005714286,0.507
0.463093307481,0.533074288681,-0.124078648034,-1.37877736292,0.0781376971309,1.90249634119,0.156351714692,-0.0051884814845,-0.0498070851429,-0.000138969613481,-0.0837486980822,3.88277049487e-05,0.0373391322207,-0.015250523235,0.574097341538,0.81877269846,0.00206339446353,0.0,0.81873091542,-0.574038159678,-0.0118585947769,0.0,-0.00852519062126,0.00849751617734,-0.999927554048,0.0,0.659047849719,0.257349275863,0.303418185104,1.0,-0.01044,-0.0137211428571,0.523
0.462956599998,0.532122039757,-0.124073079133,-1.38032661559,0.0780413877262,1.90307756221,0.156163414869,-0.00789472495918,-0.0548505279193,0.0018301892183,-0.0843881325829,-0.00576627128967,0.0419279100658,-0.0115530300789,0.574109975342,0.818763879029,0.00204780659137,0.0,0.818721877079,-0.574050838851,-0.0118688376892,0.0,-0.00854239496198,0.00849076564301,-0.999927464563,0.0,0.658867106022,0.257114882592,0.303402325687,1.0,-0.01078,-0.014168,0.54
0.462814616025,0.531054144655,-0.124078029917,-1.382027989,0.0779447844672,1.90368931694,0.155943981763,-0.00249821628749,-0.0602673016279,0.000355004896488,-0.0994474652002,-0.00713455030416,0.0378908031409,-0.0101921312546,0.574116698354,0.818759206035,0.00203128177408,0.0,0.818716906462,-0.574057546265,-0.0118872852597,0.0,-0.00856691654985,0.00848789711425,-0.999927279128,0.0,0.658663342355,0.256856418704,0.30339834199,1.0,-0.01114,-0.0146411428571,0.558
0.462678638335,0.530077279857,-0.124080710049,-1.38357846435,0.0778393425388,1.90423718087,0.155743313306,-0.00488697071205,-0.05804403749,0.000510770063097,-0.0922811872368,-0.00218788814651,0.032105531877,-0.0119831525141,0.57412135965,0.818756008287,0.00200254563892,0.0,0.818713394033,-0.574062383294,-0.0118956050075,0.0,-0.00859017733748,0.00846919491573,-0.999927238148,0.0,0.658477614138,0.256614232167,0.303396154246,1.0,-0.01146,-0.0150617142857,0.574
0.462544066575,0.52908729092,-0.124083669024,-1.38513032769,0.0777560774002,1.90481268265,0.155520574888,-0.0030677085529,-0.0692220973895,0.000727424716784,-0.101210795357,-0.00757024894079,0.0419900960322,-0.0154536674316,0.574113115946,0.818761748339,0.00201902380606,0.0,0.818719243655,-0.57405396938,-0.0118990423562,0.0,-0.0085836173542,0.00848457328162,-0.999927164112,0.0,0.658295491902,0.256378274891,0.303404776991,1.0,-0.01178,-0.0154822857143,0.59
0.462392470332,0.528001282924,-0.124086152607,-1.38683487452,0.077631817766,1.90547348099,0.155295276569,-0.00726053404792,-0.0681531082028,1.4628332271e-05,-0.0994559515864,-0.00628945051359,0.0379329233091,-0.0142062574591,0.574113500482,0.818761424379,0.0020409345616,0.0,0.818719422927,-0.574054480688,-0.0118619823641,0.0,-0.00854069038124,0.00848124027434,-0.999927559962,0.0,0.65810325564,0.256113726618,0.303415427608,1.0,-0.01212,-0.0159291428571,0.607
0.462247906272,0.526845762062,-0.124089722706,-1.38859237102,0.0775351310624,1.90614526035,0.155032712929,-0.00408761749545,-0.0665405495696,-0.000413322053504,-0.104824533481,-0.00647809526131,0.0409567790484,-0.0147987661234,0.5740884624,0.818778818826,0.00210477589163,0.0,0.818737580093,-0.574029122039,-0.0118359154849,0.0,-0.00848295756654,0.00851828564539,-0.999927736509,0.0,0.657899052653,0.255853013187,0.303450542873,1.0,-0.01246,-0.016376,0.624
0.462104460877,0.525745511887,-0.124097795862,-1.39030260698,0.0774209917731,1.90676864917,0.154813563277,-0.0113578137792,-0.0625496479877,0.000816333093026,-0.112299768049,-0.00939901218412,0.0359289502269,-0.00889294183752,0.574094697325,0.818774454821,0.0021017940438,0.0,0.818733268714,-0.574035459816,-0.0118267694334,0.0,-0.00847711559551,0.00851065818239,-0.999927851002,0.0,0.657683049246,0.255571932877,0.30346104038,1.0,-0.0128,-0.0168228571429,0.641
0.4619475854,0.524582856718,-0.12409679884,-1.39214510553,0.077306400353,1.90743020647,0.154562612798,-0.0109308973752,-0.0719241960429,-0.000476769227546,-0.118215567485,-0.00369436087228,0.0429014091968,-0.0117619336924,0.574086801677,0.818780028534,0.0020870829232,0.0,0.818738604645,-0.574027577091,-0.0118399706018,0.0,-0.00849645189664,0.00850610998405,-0.999927725587,0.0,0.657457767723,0.255290804427,0.303459200155,1.0,-0.01314,-0.0172697142857,0.658
0.461789925147,0.523386593579,-0.124105684914,-1.39406699919,0.0771804969018,1.90813072453,0.154299805806,-0.00562017529124,-0.0679717930558,5.79114006597e-05,-0.112594207247,-0.00579115455717,0.0457264865189,-0.0133083921354,0.574073186582,0.818789637318,0.00206232149889,0.0,0.818747979688,-0.574014150932,-0.0118426005723,0.0,-0.00851296080423,0.00848720441362,-0.999927745819,0.0,0.657240377227,0.25501560886,0.303450242435,1.0,-0.01346,-0.0176902857143,0.674
0.461620967116,0.522164844132,-0.124103919496,-1.39600913927,0.077071352699,1.90888466853,0.154046142442,-0.0173096993076,-0.0763154438725,0.00137433523212,-0.111463149531,-0.00363502326754,0.0461139224325,-0.0159437348104,0.574077426716,0.818786585183,0.00209355223771,0.0,0.818745262168,-0.57401819426,-0.0118344935136,0.0,-0.00848835088336,0.00850816536706,-0.999927776903,0.0,0.657014282011,0.254724611869,0.303449800424,1.0,-0.0138,-0.0181371428571,0.691
0.461461094726,0.520923053156,-0.124111391594,-1.39801683079,0.0769466527347,1.90965406865,0.153772564032,-0.00620163780194,-0.0675873074146,-0.000831350096887,-0.121103626834,-0.00797336498353,0.0394860479468,-0.0139888633182,0.574063409155,0.818796420839,0.00209054809384,0.0,0.818755117138,-0.57400424888,-0.0118290883133,0.0,-0.00848579506224,0.00850245741244,-0.999927847147,0.0,0.656776304793,0.254425282759,0.303433535838,1.0,-0.01414,-0.018584,0.708
0.46129177681,0.519609198152,-0.124120549233,-1.40006790317,0.0768116864838,1.91040098571,0.153503758738,-0.00492086198807,-0.0795951618242,-0.00147759830296,-0.120444960834,-0.0133366277334,0.0387799499645,-0.010542007516,0.574061073802,0.818798056913,0.00209103856452,0.0,0.818756844643,-0.574001997104,-0.0118187805083,0.0,-0.00847709741364,0.00849691755876,-0.999927968011,0.0,0.656528125123,0.254111471097,0.303444910479,1.0,-0.01448,-0.0190308571429,0.725
0.461124491267,0.518266363746,-0.124118114318,-1.40215062824,0.0766717238666,1.91113677103,0.153209492708,-0.0115947123151,-0.0738532553407,0.00101687449153,-0.123385064608,-0.00567189143025,0.0466907837398,-0.0139622299828,0.57402781208,0.818821397832,0.00208238129268,0.0,0.818780094764,-0.573968795586,-0.0118205335032,0.0,-0.00848384722409,0.00849049080489,-0.999927965357,0.0,0.656267381672,0.253800892599,0.303459808728,1.0,-0.01482,-0.0194777142857,0.742
0.460947327695,0.51698045105,-0.124121641077,-1.4041541547,0.0765443407448,1.91186331667,0.152945124421,-0.0134239539029,-0.0796510249527,0.000107588092197,-0.12053563115,-0.00601833339134,0.0425158622476,-0.0123425746302,0.574030450988,0.818819537412,0.00208647816085,0.0,0.8187782986,-0.573971428927,-0.0118170816415,0.0,-0.00847864171197,0.00849189123786,-0.999927997617,0.0,0.6560244936,0.253490436695,0.303471481264,1.0,-0.01514,-0.0198982857143,0.758
0.460770893858,0.515645618943,-0.124129174989,-1.40632233595,0.0764172362678,1.91268934394,0.152644982754,-0.00893403134095,-0.0832960397913,-0.00133874956158,-0.133646315516,-0.00625242212689,0.0520137328563,-0.0221117263188,0.574014979706,0.818830403761,0.00207842491095,0.0,0.818789039789,-0.573955971036,-0.0118236430293,0.0,-0.00848879744325,0.0084889031883,-0.999927936824,0.0,0.655763696765,0.253166014806,0.303447555668,1.0,-0.01548,-0.0203451428571,0.775
0.460587628933,0.514251005839,-0.124125117829,-1.40854296047,0.0762823708681,1.91349257473,0.152339379959,-0.00833711591229,-0.0826170064014,-0.000237981704725,-0.136910551941,-0.00957091079489,0.0433468612786,-0.0199180170843,0.573992322236,0.818846333007,0.00206005710241,0.0,0.818804636771,-0.573933296468,-0.0118441930388,0.0,-0.0085164026407,0.00848542354552,-0.999927731625,0.0,0.655486156632,0.252835750306,0.303437772816,1.0,-0.01582,-0.020792,0.792
0.460385394465,0.512840276689,-0.124131279643,-1.41081695642,0.0761446700336,1.91428362207,0.152024282779,-0.00890360366276,-0.0852088520539,-0.00320134658875,-0.137700421738,-0.002517940129,0.0434952123266,-0.00988097007101,0.573986194233,0.818850781157,0.00199848180795,0.0,0.818808186323,-0.573927322441,-0.0118882070752,0.0,-0.00858784967984,0.00846020288505,-0.999927334262,0.0,0.655200296053,0.252479787077,0.303412728978,1.0,-0.01616,-0.0212388571429,0.809
0.460190372902,0.511420865854,-0.124131339564,-1.41312703148,0.0760067060778,1.91513517286,0.151706853629,-0.012860479439,-0.0824147195771,-0.00123932311367,-0.137900499554,-0.00594313846537,0.050836613422,-0.0177739995447,0.573969711996,0.818862415135,0.00196511880637,0.0,0.818819302834,-0.573910898262,-0.0119154128671,0.0,-0.00862944680193,0.00844832595913,-0.999927076559,0.0,0.654914069832,0.252132022684,0.303381228951,1.0,-0.0165,-0.0216857142857,0.826
0.460004554605,0.510043597228,-0.124134482582,-1.41531273388,0.0758757210411,1.91595835196,0.151385215165,-0.011189350128,-0.0840511383322,-0.00061015577992,-0.136088589105,-0.00594482522424,0.0523197194677,-0.0312463172765,0.57393952205,0.818883546738,0.00197707174939,0.0,0.818840555557,-0.57388062862,-0.0119128321932,0.0,-0.00862078507651,0.00845631455513,-0.999927083746,0.0,0.654647859945,0.25180193824,0.303376564891,1.0,-0.01682,-0.0221062857143,0.842
0.459800645922,0.508533868594,-0.124137660691,-1.41768324123,0.0757218144853,1.91681217934,0.151065955401,-0.0110592850122,-0.0840660983106,0.000782289505842,-0.136073575754,-0.0118065000328,0.0470857984521,-0.0124009868401,0.573928746351,0.818891125949,0.00196592337577,0.0,0.818848005794,-0.573869916366,-0.0119167696516,0.0,-0.00863051879866,0.00844933177829,-0.999927058809,0.0,0.654352020015,0.251438328584,0.303378784568,1.0,-0.01716,-0.0225531428571,0.859
0.459590617033,0.506987329468,-0.124141644578,-1.42007611916,0.0755681740729,1.91767455243,0.150730628687,-0.0128630137221,-0.0924646197366,0.000551575633583,-0.142644716395,-0.00922719750913,0.0445806732062,-0.0176215198007,0.573911196606,0.818903401664,0.00197586803791,0.0,0.818860416061,-0.573852332489,-0.011910768493,0.0,-0.00862007831634,0.00845384628467,-0.99992711071,0.0,0.654054231951,0.251068777692,0.30339630914,1.0,-0.0175,-0.023,0.876
0.459372664949,0.505398463617,-0.124147349834,-1.42253079481,0.0754111550352,1.9186197661,0.150394931471,-0.00958460018454,-0.0969287343724,0.000242043528578,-0.147331108633,-0.00453994625802,0.0567163358839,-0.0221647933727,0.573903328576,0.818908766341,0.00203685047038,0.0,0.818866667961,-0.573844307689,-0.0118674991817,0.0,-0.00854972867519,0.00847886948459,-0.999927502828,0.0,0.653760865415,0.250691338542,0.303420694083,1.0,-0.01784,-0.0234468571429,0.893
0.459163579939,0.503839363042,-0.124155309037,-1.42487213392,0.0752625495515,1.91951274187,0.150062578298,-0.0175051346168,-0.0942164352654,-0.00109351789913,-0.149541151234,-0.0142744591806,0.0577283776372,-0.022087995411,0.573890146176,0.818917754182,0.00213516011308,0.0,0.818877012462,-0.573830812803,-0.0118060848435,0.0,-0.00844315437946,0.00852399340443,-0.99992802475,0.0,0.653465142226,0.250303813902,0.303478281027,1.0,-0.01818,-0.0238937142857,0.91
0.458927736403,0.502151784599,-0.124161768878,-1.42735461024,0.0751061173875,1.9204375049,0.149723069337,-0.0185885552265,-0.102780693231,-0.000958802144535,-0.152688020185,-0.00700536879263,0.0567888421033,-0.0245587534063,0.573887373174,0.818919444547,0.00223005715945,0.0,0.818879974704,-0.573827712827,-0.0117511667995,0.0,-0.00834375103204,0.00857016039877,-0.999928464526,0.0,0.653158817117,0.24991514108,0.303549572879,1.0,-0.01852,-0.0243405714286,0.927
0.458696277542,0.50043547954,-0.124159415781,-1.4299423485,0.074940137048,1.92134558854,0.1493555211,-0.0106028945395,-0.102094424596,-0.000281150549404,-0.157239339551,-0.00901295147818,0.0575070469467,-0.0185945886907,0.573866696008,0.818933833735,0.00226673313861,0.0,0.818894780131,-0.573806837343,-0.011738798659,0.0,-0.00831279246288,0.00859288697639,-0.999928527333,0.0,0.652850697988,0.249537491159,0.303594776105,1.0,-0.01884,-0.0247611428571,0.943
0.458447375254,0.498746307336,-0.124162405314,-1.43255600647,0.0747736007197,1.92230760299,0.14899699318,-0.0151338549035,-0.100179658706,0.000516195787415,-0.157476133127,-0.00770514943383,0.0544967316255,-0.0217278585136,0.573866960622,0.818933569599,0.00229499270755,0.0,0.818894891741,-0.573807004959,-0.0117228086415,0.0,-0.00828347811722,0.0086068560785,-0.999928650464,0.0,0.652528307626,0.249123963188,0.303612405658,1.0,-0.01918,-0.025208,0.96
0.45818559098,0.497090220936,-0.124162437399,-1.43520347636,0.0746065943622,1.92327787415,0.148597797258,-0.0162290755528,-0.100939053017,-0.00139816228472,-0.155228921859,-0.0064509509519,0.0569431280974,-0.0241745911408,0.573843534159,0.818950043181,0.00227419860924,0.0,0.818911057498,-0.573783620184,-0.0117381436586,0.0,-0.00830821530392,0.00859838977521,-0.999928518071,0.0,0.65219987877,0.248699942086,0.303590961946,1.0,-0.01952,-0.0256548571429,0.977
0.457915499017,0.495425732645,-0.124154730537,-1.43790292021,0.0744456009852,1.92420418119,0.148198102484,-0.01708790752,-0.104355059809,-2.04763094714e-05,-0.161542008536,-0.00659582577974,0.0553327004246,-0.0318041903346,0.573824443417,0.818963654299,0.00218814437068,0.0,0.81892329954,-0.573764604581,-0.0118133357779,0.0,-0.00841937494762,0.00857086825135,-0.999927824567,0.0,0.651849029824,0.248267212223,0.303546014292,1.0,-0.01986,-0.0261017142857,0.994
0.457632372683,0.493676561175,-0.124189536483,-1.44075468465,0.0742631339726,1.9252188593,0.147806697378,-0.0171874758776,-0.113209415564,-0.00535397614424,-0.182105192522,-0.0139482665674,0.0677135724537,-0.0234355665108,0.573854771513,0.818942630973,0.00210125851258,0.0,0.818901235305,-0.573795362409,-0.0118488731744,0.0,-0.00849801859501,0.00852041964433,-0.999927590443,0.0,0.651493718401,0.24778679116,0.303495892797,1.0,-0.0282314285714,-0.0371041632653,1.011
0.457322200958,0.490969480761,-0.124275821244,-1.44477271779,0.074041189806,1.92675138086,0.147213524497,-0.0222604904425,-0.184909092225,0.00143899189067,-0.280570683215,-0.0199897431838,0.109705515033,-0.0402966452304,0.573827027894,0.818961576469,0.00228587537091,0.0,0.818922736546,-0.573767065958,-0.0117325398392,0.0,-0.00829709906282,0.00860456944433,-0.999928557214,0.0,0.651002227918,0.247161557854,0.303602402288,1.0,-0.0414337142857,-0.0544557387755,1.027
0.456792896401,0.487120726734,-0.124299735385,-1.4509225736,0.0737169368982,1.92910016784,0.146286363955,-0.0376069041418,-0.260279716663,-0.00177512385593,-0.409713138491,-0.0279522176392,0.156023845371,-0.0629061537455,0.573738496495,0.819023429537,0.0023465741984,0.0,0.818984948458,-0.573677870277,-0.0117516915563,0.0,-0.00827889242709,0.00866437360978,-0.999928191707,0.0,0.650225915209,0.246231740475,0.303555132874,1.0,-0.0554611428571,-0.0728917877551,1.044
0.456033641752,0.482055550967,-0.124445155622,-1.45894977404,0.0732362652764,1.93201801796,0.145045758926,-0.0500652970603,-0.319476520082,-0.0173516739745,-0.512396645345,-0.0325132930417,0.178713621028,-0.0739373665353,0.57371509453,0.819039990292,0.00228724981154,0.0,0.819000950972,-0.573654916039,-0.0117569772201,0.0,-0.00831750254735,0.0086185810024,-0.999928267034,0.0,0.6492195556,0.244889322388,0.303507555008,1.0,-0.0694885714286,-0.0913278367347,1.061
0.455053567887,0.475745922298,-0.124608200392,-1.46893427753,0.0726426453578,1.93546659972,0.143585722761,-0.0580339751957,-0.38547732524,-0.0118913914829,-0.610110095696,-0.0376294348506,0.209506412981,-0.0932862698071,0.573764537894,0.819005896043,0.00208427532694,0.0,0.818964067092,-0.573704995849,-0.0118819801092,0.0,-0.00853581693924,0.00852456954969,-0.999927233124,0.0,0.647920471678,0.243197637194,0.303430306513,1.0,-0.083516,-0.109763885714,1.078
0.454155932854,0.470156194435,-0.124718013648,-1.47763451208,0.0721558219371,1.93857808523,0.142315815059,-0.0738377867816,-0.447759363725,-0.0109467009246,-0.68334170318,-0.0357370908823,0.252249082361,-0.105027505143,0.5738260973,0.818962729274,0.00209881367906,0.0,0.818920685083,-0.57376608412,-0.0119222127524,0.0,-0.0085597845911,0.00856020356122,-0.999926723817,0.0,0.646799764023,0.241728927349,0.303426789345,1.0,-0.0942428571428,-0.123862040816,1.091
0.452561907365,0.460271204419,-0.124844286163,-1.49276863713,0.0712160592367,1.94417648485,0.1398715354,-0.0834494710501,-0.517621161296,-0.0087133818114,-0.812077064318,-0.0536976377843,0.286353264894,-0.124267573191,0.573680743857,0.819063778686,0.00238274513843,0.0,0.819025502213,-0.573619710705,-0.0117644003933,0.0,-0.00826916387012,0.00870070651785,-0.999927956722,0.0,0.644858331444,0.239195062354,0.303527875261,1.0,-0.110745714286,-0.145551510204,1.111
0.450871949072,0.450627336801,-0.125012726267,-1.50758195587,0.0702425222288,1.9492834276,0.137551409086,-0.100286548014,-0.603060256708,-0.0118790823149,-0.888224661324,-0.0605493482562,0.325122607664,-0.142626290536,0.573702427481,0.819048830353,0.00229893483709,0.0,0.819009527521,-0.573641775494,-0.0118005990919,0.0,-0.00834666252109,0.00865304847745,-0.999927726377,0.0,0.642886455487,0.236578221738,0.303551677509,1.0,-0.124773142857,-0.163987559184,1.128
0.448986593169,0.439931792655,-0.125139061958,-1.52393210695,0.0691648791938,1.95504015442,0.135032554975,-0.110203865872,-0.644781790196,-0.00147161102518,-1.00752911279,-0.0645273017454,0.341408537368,-0.152976601325,0.573714610713,0.819040116454,0.00236220122422,0.0,0.819001586108,-0.573653664382,-0.0117737926841,0.0,-0.00828828271791,0.00868961073763,-0.999927894918,0.0,0.640681728154,0.233728010217,0.303595606473,1.0,-0.138800571429,-0.182423608163,1.145
0.446819521108,0.428111131418,-0.12528762711,-1.54170069924,0.0679965391212,1.96121893917,0.132117749574,-0.131721611159,-0.717245218126,-0.0060529022145,-1.08045956719,-0.0749327907628,0.37438471737,-0.182748165271,0.573665402791,0.819074025118,0.00254831673211,0.0,0.819037696083,-0.573603546607,-0.0117034446281,0.0,-0.00812442040412,0.00880119819211,-0.999928263779,0.0,0.638251034065,0.230556658057,0.303738990588,1.0,-0.152828,-0.200859657143,1.162
0.444362405133,0.415427169461,-0.125459008501,-1.56070614995,0.0666336267998,1.96789250427,0.128952493372,-0.145707932222,-0.764703920125,-0.00935530520618,-1.13354640648,-0.0896651324514,0.422323418136,-0.192966243746,0.573635473581,0.819094248918,0.00277520082937,0.0,0.819061594046,-0.573573662072,-0.0114937477293,0.0,-0.00782283117463,0.00886645254369,-0.999930092222,0.0,0.635642362936,0.2270689828,0.303887659955,1.0,-0.166855428571,-0.219295706122,1.179
0.441761221659,0.402691782275,-0.125589371973,-1.57994929866,0.0653331410166,1.97448678969,0.125713400931,-0.16960046707,-0.814983853288,-0.0125689451488,-1.23227624954,-0.08355764014,0.409691530767,-0.215023591303,0.573634496651,0.819094700566,0.00284300154531,0.0,0.819062443165,-0.573571920681,-0.011520108706,0.0,-0.00780554441507,0.00893709961739,-0.999929598385,0.0,0.632911407719,0.223507681148,0.303911178215,1.0,-0.180057714286,-0.236647281633,1.195
0.438674054443,0.38815658817,-0.125770178933,-1.60148171608,0.0637791714109,1.98189123968,0.122010610037,-0.190182902104,-0.851521719041,-0.0116521967128,-1.31141601893,-0.0970881960836,0.433288238346,-0.230363154948,0.573673787129,0.819066121738,0.00313386079203,0.0,0.819037980421,-0.573610748014,-0.0113244554943,0.0,-0.00747800558418,0.00906346878446,-0.9999309641,0.0,0.629839484452,0.219401293763,0.30408204533,1.0,-0.194085142857,-0.255083330612,1.212
0.435282278883,0.3728095934,-0.125940161978,-1.62429780285,0.0620993923887,1.98947070909,0.117856557956,-0.208793589294,-0.916862856711,-0.0117383838897,-1.36663915176,-0.0933854930075,0.452886575868,-0.257412893263,0.573557081663,0.81914766043,0.00318298398219,0.0,0.819120068783,-0.573493817298,-0.0113093474063,0.0,-0.00743874705347,0.00909397743955,-0.999930979926,0.0,0.626459729441,0.214991800643,0.304145552217,1.0,-0.208112571429,-0.273519379592,1.229
0.431735171305,0.357639590372,-0.126111692778,-1.64674800164,0.0603457354076,1.99688952952,0.113863135033,-0.225253325238,-0.961396158044,-0.00804832054777,-1.43397068345,-0.117657367045,0.451912926158,-0.264628940606,0.573619283616,0.819103986774,0.00321297614703,0.0,0.819077258326,-0.573556514877,-0.0112301396293,0.0,-0.00735597036637,0.00907367503902,-0.999931776733,0.0,0.623084674757,0.21053215702,0.30419189955,1.0,-0.221314857143,-0.290870955102,1.245
0.427513550473,0.340723935715,-0.126354848452,-1.67163702936,0.0584819287487,2.0049665741,0.109137094397,-0.25208151083,-1.02360492768,-0.00911346356691,-1.47593543127,-0.115146367298,0.479395441828,-0.278943111061,0.5737002727,0.819047047429,0.00326773670529,0.0,0.819020686691,-0.573636929324,-0.011248777225,0.0,-0.00733892462087,0.00912994630154,-0.999931389779,0.0,0.619273263827,0.205419157475,0.304226774543,1.0,-0.235342285714,-0.309307004082,1.262
0.42298995253,0.323114534497,-0.126506549611,-1.69747575062,0.0563952325236,2.01325170108,0.104112750469,-0.275412688713,-1.07081735448,-0.0109434284162,-1.55515497651,-0.13917717301,0.503890195445,-0.305923104173,0.573618443434,0.819104482142,0.003236601359,0.0,0.819077800911,-0.573555293996,-0.0112528967481,0.0,-0.00736107004284,0.00910607276043,-0.999931444693,0.0,0.615189637374,0.200102506464,0.304204927556,1.0,-0.249369714286,-0.327743053061,1.279
0.418096839401,0.304662283503,-0.126692603587,-1.7241751082,0.0542146784496,2.0216317457,0.0987021859192,-0.295756364501,-1.1226558623,-0.00936525142255,-1.59126004965,-0.148530075334,0.513732452747,-0.333939251086,0.573487420734,0.819196030816,0.00328454821104,0.0,0.819169865386,-0.573424033445,-0.0112408368401,0.0,-0.00732515107108,0.00913725736271,-0.999931423994,0.0,0.61085847047,0.194500245078,0.304246128895,1.0,-0.263397142857,-0.346179102041,1.296
0.412696090732,0.285513654382,-0.12691628134,-1.75167210151,0.0519367299169,2.03004906769,0.093015482807,-0.332095604905,-1.15552499524,-0.0177129428436,-1.65764359816,-0.148594545094,0.508605342867,-0.343452645751,0.573503832144,0.819184518141,0.00329038822308,0.0,0.819158073235,-0.573439984822,-0.0112863529587,0.0,-0.0073589071191,0.00916829126778,-0.999930892073,0.0,0.606294352537,0.188539487762,0.304268568725,1.0,-0.277424571429,-0.36461515102,1.313
0.406803907966,0.26563780087,-0.127153009541,-1.77981707933,0.049550994537,2.0385283664,0.0868817880364,-0.354175076964,-1.19943118206,-0.0181994290724,-1.6396332306,-0.154216745683,0.498010798136,-0.366225892792,0.573480670533,0.819200204554,0.00341939836459,0.0,0.819175093471,-0.57341606527,-0.0112662872793,0.0,-0.00726874683384,0.00926226228552,-0.999930685506,0.0,0.601523312828,0.182274509628,0.304350963006,1.0,-0.291452,-0.3830512,1.33
0.400721888125,0.246406923009,-0.127467331808,-1.80692593199,0.0471112817325,2.04653727231,0.0808276530946,-0.382044033637,-1.21319004344,-0.0188968241387,-1.69248057135,-0.155208330253,0.492255648333,-0.385448518044,0.573621170719,0.819101801065,0.00342620727974,0.0,0.819077124081,-0.573556971584,-0.0112165973334,0.0,-0.00722254906268,0.00924058360895,-0.999931220835,0.0,0.59684578297,0.17599481119,0.304370525983,1.0,-0.304654285714,-0.40040277551,1.346
0.393869129898,0.225274670178,-0.127679903387,-1.83635809552,0.0445134859169,2.05501327688,0.0738862433183,-0.411180311493,-1.24842260494,-0.00817371452197,-1.7367653979,-0.147392559132,0.47406420597,-0.414470793594,0.573518511598,0.819173135968,0.00355486492485,0.0,0.819149313935,-0.573452956769,-0.0112629815781,0.0,-0.00718792252742,0.00937167402893,-0.999930250315,0.0,0.591584292636,0.169195959647,0.304411001189,1.0,-0.318681714286,-0.41883882449,1.363
0.386456097921,0.203554584727,-0.127960883352,-1.86642651113,0.041614370027,2.06336410117,0.0665343692965,-0.448383841173,-1.29421011763,-0.0241934828956,-1.79818193443,-0.175697896793,0.489958378751,-0.444492160301,0.57341202623,0.819248149539,0.00344449601696,0.0,0.819223031719,-0.573346941627,-0.0112984835093,0.0,-0.00728151064244,0.00930067585897,-0.999930236082,0.0,0.586060913385,0.162029806209,0.304377802556,1.0,-0.332709142857,-0.437274873469,1.38
0.378837415614,0.182460281077,-0.128294033733,-1.8951420709,0.038848327378,2.07101719921,0.0591065525493,-0.504340753288,-1.3055549244,-0.025360464014,-1.7877735647,-0.175642005421,0.472546986517,-0.473412115249,0.573422365356,0.819240949085,0.00343586286257,0.0,0.819215179452,-0.573356614707,-0.0113766879436,0.0,-0.00735041544714,0.00933853811785,-0.999929379056,0.0,0.580327194525,0.15447411141,0.304422606502,1.0,-0.346736571429,-0.455710922449,1.397
