position_joint1,position_joint2,position_joint3,position_joint4,position_joint5,position_joint6,position_joint7,velocity_joint1,velocity_joint2,velocity_joint3,velocity_joint4,velocity_joint5,velocity_joint6,velocity_joint7,ee_T_00,ee_T_10,ee_T_20,ee_T_30,ee_T_01,ee_T_11,ee_T_21,ee_T_31,ee_T_02,ee_T_12,ee_T_22,ee_T_32,ee_T_03,ee_T_13,ee_T_23,ee_T_33,v_x,v_y,time
0.465084360915,0.547872592185,-0.123899415842,-1.35584795933,0.079490589165,1.89409309368,0.159164484331,-0.0018583682482,-0.0003797521921,0.000258918731291,0.000245446716981,-0.000123649019259,9.95017538489e-05,0.000349688225027,0.573737509999,0.819025365196,0.00186217270087,0.0,0.818980663654,-0.573678920238,-0.0119964968934,0.0,-0.00875731463027,0.0084080855724,-0.999926304053,0.0,0.661646997708,0.26094407052,0.303138893875,1.0,0.0,0.0,0.0
0.465084369699,0.547872857827,-0.123901692504,-1.35584795937,0.0794925224317,1.89409314601,0.159164842255,-8.50113343332e-05,0.00287689949352,-0.000628447544324,-4.56877688746e-05,0.000374934045858,0.000119872139565,-0.00667204606536,0.573739899901,0.819023690334,0.00186248095935,0.0,0.818978986836,-0.573681302779,-0.011997035678,0.0,-0.00875755454097,0.00840867271109,-0.999926297015,0.0,0.661647413222,0.260943072166,0.303138789132,1.0,-0.00018,-0.000236571428571,0.01
0.465081839098,0.547868343023,-0.123907581908,-1.35585400949,0.0794912000033,1.8940923322,0.159159702759,0.000518831736453,0.00133849711323,-0.00164515254062,-0.00175216714958,-0.000281691748129,0.00680556749702,-0.00166942696255,0.57374184409,0.819022337005,0.00185868978887,0.0,0.818977619121,-0.573683296715,-0.0119950552096,0.0,-0.00875808748497,0.00840445224566,-0.999926327829,0.0,0.661648070583,0.260937060608,0.303139229835,1.0,-0.00052,-0.000683428571429,0.027
0.465078620367,0.547848937614,-0.123899393252,-1.35587453554,0.0794912000014,1.89409414273,0.159166315504,-0.000414248353436,9.18007885149e-05,-0.000103973712372,-0.00266695537461,4.75132094796e-06,-0.000151849803458,-0.00171619323428,0.573745272858,0.819019926913,0.00186228214053,0.0,0.818975195083,-0.573686651219,-0.0120001230384,0.0,-0.00876014214892,0.00841033867142,-0.999926260338,0.0,0.661643198697,0.26093761164,0.303143094247,1.0,-0.00086,-0.00113028571429,0.044
0.465078073948,0.547779382369,-0.123896662239,-1.3559507228,0.0794915440485,1.89411068278,0.159163685231,-0.000505334200934,-0.000770945492504,0.000701056724826,-0.0102778651119,7.47330046393e-07,0.00411304224032,0.00143166245727,0.573745899635,0.819019458658,0.00187507155234,0.0,0.818974819074,-0.573687151125,-0.0120018855699,0.0,-0.0087542419116,0.0084218311653,-0.999926215282,0.0,0.661630369249,0.260931882933,0.303157454314,1.0,-0.00118,-0.00155085714286,0.06
0.465079682414,0.547643207793,-0.123902246135,-1.35612019568,0.0794897662324,1.89414378352,0.159155620081,-0.000310594404181,-0.00357614805071,-0.000831016517182,-0.00879805375737,0.000379468320965,-0.000895831478271,-0.000512764999526,0.57375064372,0.819016124094,0.00187994849417,0.0,0.818971459519,-0.573691788326,-0.0120094712974,0.0,-0.0087576082319,0.0084302283577,-0.999926115044,0.0,0.661602680204,0.260913348602,0.303176316686,1.0,-0.00152,-0.00199771428571,0.077
0.465056698513,0.547474406002,-0.123902246136,-1.35635085844,0.0794824887915,1.89423210496,0.159151704407,-0.00137866162322,-0.0068250628173,-0.00152259901537,-0.0099650706051,0.000261088483707,0.00631496823399,0.000925010333573,0.573777234412,0.818997435026,0.00190619826763,0.0,0.818953058782,-0.573718210577,-0.0120020525415,0.0,-0.00873619778628,0.00844775406189,-0.999926154423,0.0,0.661578274909,0.260877805096,0.303193764097,1.0,-0.0019,-0.00249714285714,0.096
0.465039042439,0.547289684839,-0.123893739505,-1.35654834128,0.0794809507947,1.89434923824,0.159144344192,-0.00114415518228,-0.0134011380639,0.00101852445793,-0.00667741329583,0.000511207685559,0.00333891538369,0.000831544427776,0.573790579489,0.818987855874,0.00200242903757,0.0,0.818944663554,-0.573731076818,-0.0119597839127,0.0,-0.00864622848212,0.00850245361489,-0.999926472805,0.0,0.661563983168,0.260857760667,0.303240503709,1.0,-0.00222,-0.00291771428571,0.112
0.465010169504,0.547094837842,-0.123896956458,-1.35681554244,0.0794771238347,1.89447975473,0.159128324396,-0.00313568871434,-0.0109977505337,0.000777840164388,-0.011877646133,0.000241674458335,0.00658582120772,0.00100380511447,0.573817475161,0.818968876709,0.00205695966461,0.0,0.818926347003,-0.573757694761,-0.0119370343165,0.0,-0.00859602865022,0.00853434166899,-0.999926633961,0.0,0.661542366745,0.260815894861,0.303262772691,1.0,-0.00256,-0.00336457142857,0.129
0.464984252497,0.546887814272,-0.123900442146,-1.35712295184,0.0794738522477,1.89459591547,0.159097050973,-0.000765771759555,-0.0156635690718,0.000199694705702,-0.0192454377179,0.000217294604589,0.0160743578969,-0.00855440780823,0.573831860406,0.818958744521,0.00207789700767,0.0,0.818916370414,-0.573771875179,-0.0119398669915,0.0,-0.00858618492924,0.00855326464119,-0.999926556849,0.0,0.661508224395,0.260770322659,0.303273282734,1.0,-0.00286,-0.00375885714286,0.144
0.464942345137,0.546622529564,-0.123901960012,-1.35752326835,0.0794642472871,1.89474643295,0.158993042237,-0.00303839016421,-0.0110402114256,-0.000125244802075,-0.0237020441673,-0.000384039687315,0.0174496221387,-0.00445214692391,0.573801915601,0.818979670943,0.00209931796694,0.0,0.818937449594,-0.573741719685,-0.0119431840528,0.0,-0.00857692377741,0.00857239703481,-0.999926472491,0.0,0.661465207257,0.260706356127,0.303283729992,1.0,-0.0032,-0.00420571428571,0.161
0.464890126653,0.546301546899,-0.123902041839,-1.35804301342,0.0794440878982,1.8949264762,0.15893633619,-0.00712292143086,-0.0127473307815,0.000683032144282,-0.0317106108205,-0.00371725492027,0.0198649385839,-0.0019853370697,0.573821953128,0.818965657229,0.00208932743558,0.0,0.818923183576,-0.573761674123,-0.0119627593254,0.0,-0.00859847859329,0.00857565770394,-0.999926259412,0.0,0.661405047709,0.260623246476,0.303279256701,1.0,-0.00358,-0.00470514285714,0.18
0.464839439223,0.546002308413,-0.123905678644,-1.35854981356,0.0794283592467,1.89509636662,0.158890153074,-0.00565379013332,-0.014372251922,-0.00158951273829,-0.0311281511289,-0.000632799004796,0.00387332163669,-0.00198145084968,0.573852265142,0.818944481799,0.00206407926723,0.0,0.818901532244,-0.573791941826,-0.0119931182902,0.0,-0.00863751229137,0.00857272082299,-0.999925948178,0.0,0.661345379458,0.260540370102,0.303264771172,1.0,-0.0039,-0.00512571428571,0.196
0.464788024856,0.545657253705,-0.123903986647,-1.35914373011,0.0793507350026,1.89529739473,0.158819776437,-0.00760860774004,-0.020075353724,-0.000672879931037,-0.0376505275475,-0.00330387750556,0.0142647994233,-0.00543593067863,0.573848036584,0.818947603552,0.00200011170412,0.0,0.818904156159,-0.573788315502,-0.0119874483915,0.0,-0.0086696183244,0.00851703748976,-0.999926146168,0.0,0.661275500621,0.26044245066,0.303243653134,1.0,-0.00424,-0.00557257142857,0.213
0.464722619336,0.545246984939,-0.123903332809,-1.3598689786,0.0793024679976,1.89552586202,0.158726804743,-0.00305768210435,-0.0205603755071,0.00069599333794,-0.0432097940527,2.36265828602e-05,0.00868740983037,-0.00771841589953,0.573852471467,0.818944678577,0.00192388241305,0.0,0.818900205422,-0.573793044957,-0.012030877764,0.0,-0.00874888141861,0.00847957990024,-0.999925774145,0.0,0.66118479264,0.260326561913,0.303208640669,1.0,-0.0046,-0.00604571428571,0.231
0.464667292988,0.544870664178,-0.123904079991,-1.36050479553,0.0792845369467,1.89574238277,0.158628867253,-0.00736383222624,-0.0245301163188,0.00125293818793,-0.0438336355613,0.000445432652485,0.0106857485827,-0.00676903622129,0.573848723929,0.818947364519,0.00189818161685,0.0,0.818902333013,-0.57378919427,-0.0120696489521,0.0,-0.00879542043857,0.00848074128449,-0.999925356017,0.0,0.661107288349,0.260230808881,0.303191192557,1.0,-0.0049,-0.00644,0.246
0.464594112531,0.544397758917,-0.123904039291,-1.36129394556,0.0792560501082,1.89603373968,0.158560857829,-0.00320947937421,-0.0276773360046,0.000867641201202,-0.0439191399038,-3.86835793358e-05,0.0113360533285,-0.00355571478555,0.573889398246,0.818918890294,0.00188589546536,0.0,0.818873512067,-0.573829738228,-0.0120975064091,0.0,-0.00882486352866,0.00848710391958,-0.999925042616,0.0,0.661016965659,0.260110153993,0.303175540717,1.0,-0.00526,-0.00691314285714,0.264
0.464536050634,0.543951447769,-0.123904695072,-1.36201856105,0.0792206239687,1.8962920909,0.158453749767,-0.00484176854351,-0.0294131990399,0.00250906154728,-0.0487352295811,-0.00647305650718,0.0165270644423,-0.00149824274177,0.573880589319,0.818925092855,0.00187307118296,0.0,0.81887944854,-0.573820892683,-0.0121152293146,0.0,-0.00884682824199,0.00848667783101,-0.999924852141,0.0,0.660930724276,0.260003043788,0.303168879131,1.0,-0.00556,-0.00730742857143,0.279
0.464465227698,0.543449222329,-0.123917536661,-1.36282071487,0.0791818045227,1.89656314744,0.158347425599,-0.00784049632158,-0.0336216652714,0.000151931261636,-0.0503070508813,-0.00148755177655,0.0214499202713,-0.00760145354872,0.573896841506,0.818913755779,0.00185008281746,0.0,0.818867717958,-0.573837156571,-0.0121377562246,0.0,-0.00887830020799,0.0084809563397,-0.999924621742,0.0,0.660830563531,0.259864072494,0.303164785174,1.0,-0.0059,-0.00775428571429,0.296
0.464387189365,0.542894361835,-0.123913884967,-1.36370483342,0.0791233300193,1.8968870815,0.158250838947,-0.00263605741292,-0.0334710186432,0.000932462674464,-0.0565961520681,-0.00189482389028,0.0252300344036,-0.00416075780129,0.573910486778,0.818904207088,0.0018438225559,0.0,0.818858127291,-0.573850866314,-0.0121366181832,0.0,-0.00888081950233,0.00847532471082,-0.999924647119,0.0,0.660735082486,0.259737699125,0.303165947045,1.0,-0.00622,-0.00817485714286,0.312
0.464321164192,0.542291893599,-0.123921423912,-1.36462345299,0.0790723177146,1.8972170765,0.158116109577,-0.00368586167578,-0.0342387320638,-0.00124564517585,-0.0547499337484,-0.000894103726627,0.0196626176273,-0.00655868310113,0.573896849338,0.818913735001,0.00185683837288,0.0,0.81886780059,-0.573837148522,-0.0121325609327,0.0,-0.00887016872963,0.00848350698195,-0.999924672271,0.0,0.660626730298,0.259602722852,0.303183651,1.0,-0.00656,-0.00862171428571,0.329
0.464229852866,0.541668873803,-0.12391613454,-1.36557769081,0.0790176637301,1.89757735003,0.157995233913,-0.0100135193424,-0.044845406861,-0.000341938001167,-0.0558260556456,-0.00756953138185,0.0214325933256,-0.00649341922675,0.573907341336,0.818906319769,0.00188411902795,0.0,0.81886069224,-0.573847469614,-0.012124158659,0.0,-0.00884752355334,0.00850113834667,-0.999924723154,0.0,0.660520420841,0.25945599198,0.303201053498,1.0,-0.0069,-0.00906857142857,0.346
0.464151072793,0.541007831719,-0.1239146651,-1.36660343522,0.0789592702418,1.89796154929,0.157858667007,-0.00429949170923,-0.0440861980567,0.000831176214511,-0.0617407327788,-0.000155375497584,0.0288162152495,-0.00281176720145,0.573900293473,0.818911216323,0.00190258604638,0.0,0.818865787309,-0.573840299232,-0.0121194163612,0.0,-0.00883311551214,0.00851346313774,-0.999924745676,0.0,0.660401042689,0.259308361298,0.303213413635,1.0,-0.00724,-0.00951542857143,0.363
0.46406148985,0.540285937654,-0.123922071802,-1.36770385221,0.0788907214176,1.89836205511,0.157724802873,-0.00682466651434,-0.0469629407894,-0.00129158509848,-0.0741486691349,-0.00172768613073,0.0219647304121,-0.00347868899751,0.573911768587,0.818903137077,0.00191855770095,0.0,0.818857958158,-0.573851742083,-0.0121065837683,0.0,-0.00881332143191,0.00851930116657,-0.999924870614,0.0,0.660274481922,0.259139860972,0.303234828648,1.0,-0.00758,-0.00996228571429,0.38
0.463968177051,0.539590865524,-0.123916817411,-1.3687812343,0.0788340253482,1.89877576486,0.157601072778,-0.0059443377376,-0.0429486099791,0.000461558810667,-0.0679473022567,-0.00719357353297,0.0237809382092,-0.00222129217396,0.57392770757,0.818891891831,0.00195009702189,0.0,0.818847035777,-0.573867453608,-0.0121006028644,0.0,-0.00879015759742,0.00854186688542,-0.999924881998,0.0,0.660152371777,0.258981440093,0.303248894792,1.0,-0.0079,-0.0103828571429,0.396
0.463854580058,0.538835549194,-0.123921560572,-1.36993979696,0.0787541883513,1.8992251289,0.157442901625,-0.00604591688018,-0.0477201092537,-0.000587373658983,-0.0651542490311,-0.00788708252827,0.0330967032949,-0.00641912022624,0.57393728338,0.818885104055,0.00198191964159,0.0,0.818840801162,-0.573877023275,-0.0120686126457,0.0,-0.00874559735769,0.00854966803077,-0.999925206055,0.0,0.660028797121,0.258793678867,0.303270152356,1.0,-0.00824,-0.0108297142857,0.413
0.463745590101,0.53805402915,-0.123925649312,-1.37117208453,0.078693535967,1.89970120125,0.157298231136,-0.00752786299291,-0.0445586262915,-0.000814921516028,-0.0700771750486,-0.00527416766896,0.035270826907,-0.00662593310703,0.573962850701,0.818867119478,0.00200837109859,0.0,0.818823074623,-0.573902387256,-0.0120652089452,0.0,-0.00872736195566,0.00856964731071,-0.999925194351,0.0,0.659891508147,0.258605849526,0.303277041524,1.0,-0.00858,-0.0112765714286,0.43
0.463630090435,0.537188239011,-0.123933925453,-1.3725208887,0.0786201773483,1.90019826438,0.157133511999,-0.00566593815373,-0.0493810155505,-0.00109460367368,-0.0725269620256,-0.0016187396462,0.0297881497689,-0.0136649358029,0.573983003422,0.818852959232,0.0020223353561,0.0,0.818809049259,-0.573922430504,-0.0120636444445,0.0,-0.00871785517534,0.00858039855992,-0.999925185082,0.0,0.659736685928,0.258397959981,0.30328977211,1.0,-0.00894,-0.0117497142857,0.448
0.463513077375,0.536396018281,-0.123929230249,-1.37375704983,0.0785392417912,1.90066799394,0.156973318978,-0.00384798631046,-0.045320589596,0.00199774206995,-0.0759733145487,-0.0043286033325,0.031096880287,-0.00670526363805,0.573990711966,0.818847509386,0.00204104158096,0.0,0.81880388343,-0.573930096906,-0.0120495330401,0.0,-0.00869548234178,0.00858769816108,-0.999925317225,0.0,0.659598143121,0.258205945705,0.30330120433,1.0,-0.00926,-0.0121702857143,0.464
0.463390115385,0.535461337183,-0.123940593152,-1.37525176503,0.0784623830216,1.90119787695,0.156805672882,-0.00510529516234,-0.0513664279411,-0.00173731213727,-0.0878045711114,-0.00554090569593,0.0250195292877,-0.0111844743292,0.57402348579,0.818824588043,0.0020195742064,0.0,0.81878056297,-0.573962841904,-0.0120744654988,0.0,-0.00872787672562,0.00858478016397,-0.999925060051,0.0,0.659419987207,0.257976620687,0.303295739223,1.0,-0.00962,-0.0126434285714,0.482
0.463270804683,0.534684119157,-0.123940718388,-1.37651633627,0.0783920008283,1.90166560712,0.15664396546,-0.00880505991801,-0.0468029100481,0.000295466601252,-0.0833895677745,-0.00712668349459,0.0265528245331,-0.0130539436519,0.574039373072,0.818813486538,0.00200482640769,0.0,0.818769193713,-0.573978717395,-0.0120907528591,0.0,-0.00874951226854,0.00858222352695,-0.999924892917,0.0,0.659274546795,0.2577783251,0.303282780601,1.0,-0.00992,-0.0130377142857,0.497
0.463158586104,0.533823021126,-0.123951383547,-1.37791950605,0.078307011814,1.90217503047,0.156473070718,-0.00512738349513,-0.0536794976096,-0.00310096148585,-0.0863233508105,2.75924655356e-05,0.0343724570464,-0.011940471754,0.574054241589,0.818803136254,0.00197450639226,0.0,0.8187584161,-0.573993686134,-0.0121099646685,0.0,-0.00878249193829,0.00856858528158,-0.999924720757,0.0,0.659099625732,0.257552656124,0.303263301729,1.0,-0.01026,-0.0134845714286,0.514
0.463017055321,0.532788753813,-0.123950183167,-1.37961161783,0.078219998555,1.90282198942,0.156253568199,-0.00756119475867,-0.0548879418287,-0.000833185601036,-0.0897218430163,-0.00700852276439,0.0339943713448,-0.0186475423719,0.574057497092,0.818800865127,0.00196982249536,0.0,0.818755986009,-0.57399686653,-0.0121235097847,0.0,-0.00879623771494,0.00857256069076,-0.999924565857,0.0,0.658911696271,0.257313673835,0.303246850418,1.0,-0.01062,-0.0139577142857,0.532
0.462885638087,0.531801443701,-0.123948652179,-1.38118787005,0.0781280912115,1.90338969704,0.156066727719,-0.00897359561385,-0.0599497232946,-0.000239691185386,-0.0936896507307,-0.00248778229384,0.0275114534868,-0.0109055167656,0.574072229732,0.818790575345,0.00195337593234,0.0,0.818745395292,-0.574011586508,-0.0121417932653,0.0,-0.0088204952973,0.00856974887684,-0.999924376274,0.0,0.658721987465,0.25707750072,0.30324176416,1.0,-0.01096,-0.0144045714286,0.549
0.462759108863,0.530794338935,-0.123945169669,-1.38282322121,0.0780221627291,1.90396460469,0.155849872585,-0.00542726630924,-0.0595779052892,-0.000430432417356,-0.0945742481365,-0.00495983602804,0.033641932111,-0.0169409901292,0.574064702259,0.818795960683,0.00190769261007,0.0,0.818750163451,-0.57400424513,-0.0121673054564,0.0,-0.00886768763399,0.00854690877492,-0.999924154357,0.0,0.658530758881,0.256849906293,0.303224580693,1.0,-0.01128,-0.0148251428571,0.565
0.462638890461,0.529866620731,-0.123947844099,-1.38427913984,0.0779370562072,1.90449285326,0.155664143077,-0.00957649935289,-0.0654326250112,-0.000140528130159,-0.0943332011706,-0.0133223202233,0.0385562478132,-0.00376189912348,0.574060538302,0.818798884808,0.0019056503725,0.0,0.818752999182,-0.574000031469,-0.012175266081,0.0,-0.00887542179498,0.00854976136773,-0.999924061351,0.0,0.658344882479,0.256617920115,0.303229310903,1.0,-0.0116,-0.0152457142857,0.581
0.462499171213,0.5288008621,-0.123950452839,-1.38595837017,0.077838560945,1.90513129486,0.155428110092,-0.00277616501282,-0.06601790275,0.000274030301591,-0.101536231743,-0.00416710753794,0.0414958246031,-0.014841347487,0.574048200125,0.81880748551,0.00192678661264,0.0,0.818761860905,-0.573987584853,-0.0121661194506,0.0,-0.00885592858551,0.00856168320458,-0.999924132177,0.0,0.65814942504,0.256366480235,0.303236068508,1.0,-0.01194,-0.0156925714286,0.598
0.462344055098,0.527603676857,-0.123950927205,-1.38778093913,0.0777197986904,1.90583856036,0.155177184548,-0.0119426925177,-0.0740635199485,-0.000681471193274,-0.103540302365,-0.0102953213164,0.0393275937451,-0.00173346939288,0.57403684125,0.818815295618,0.00199084178901,0.0,0.818770621389,-0.573976052524,-0.0121205437444,0.0,-0.0087819601778,0.00858784675659,-0.999924560186,0.0,0.657941671715,0.256092291888,0.303272703202,1.0,-0.0123,-0.0161657142857,0.616
0.462198637914,0.526444315676,-0.123958825647,-1.38957004526,0.0776058616819,1.90651535995,0.15492722221,-0.00954382593108,-0.0634987850688,-0.00183917179318,-0.107688795613,-0.00503454738049,0.0360559765989,-0.0107695243713,0.5740227421,0.81882509495,0.00202542150522,0.0,0.818780962853,-0.573961892516,-0.0120924650121,0.0,-0.00873926730944,0.00859989206981,-0.999924830706,0.0,0.65773304861,0.255822391454,0.303295942725,1.0,-0.01264,-0.0166125714286,0.633
0.462044499562,0.525247278751,-0.123959410556,-1.39140453954,0.0774874811703,1.90717527801,0.154691918154,-0.0088077640242,-0.071578871755,-0.00125071408175,-0.1093138925,-0.00508927718336,0.0383889049216,-0.0141345362093,0.574023357823,0.818824623718,0.00204136395239,0.0,0.818780719526,-0.573962458399,-0.0120820769162,0.0,-0.00872160372995,0.00860698951789,-0.999924923862,0.0,0.657511627585,0.255544314599,0.303322058828,1.0,-0.01298,-0.0170594285714,0.65
0.461884763306,0.524077006862,-0.123962966938,-1.39329265217,0.0773730089158,1.90785859763,0.154421787113,-0.00924360631289,-0.0681026635171,-0.000849270399357,-0.1124951309,-0.00990157004093,0.0383415942495,-0.0191543431069,0.574006005448,0.818836864221,0.00201057287251,0.0,0.818792512882,-0.573945197876,-0.0121027924797,0.0,-0.00875642258552,0.00859348303182,-0.999924735724,0.0,0.657282852309,0.255256355126,0.303305705546,1.0,-0.01332,-0.0175062857143,0.667
0.461734552905,0.522929859899,-0.123961611499,-1.39510367804,0.0772692396759,1.90855379002,0.154183349304,-0.00750713332038,-0.0743564912298,-0.00109977876103,-0.116779225969,-0.010062605909,0.0454336583174,-0.00992044038165,0.574002104031,0.818839528626,0.0020390755538,0.0,0.818795496747,-0.573941120756,-0.0120942677789,0.0,-0.00873312335816,0.00861188683829,-0.999924781152,0.0,0.657069260897,0.25498890287,0.303310348529,1.0,-0.01364,-0.0179268571429,0.683
0.461572477136,0.521688468404,-0.12396610697,-1.39706125095,0.0771436542519,1.90931720523,0.153908357119,-0.00325875606381,-0.0699492719253,-0.00014994987032,-0.120331381119,-0.0143284944392,0.0411733739668,-0.0173029119298,0.57398385132,0.81885224023,0.00207219584306,0.0,0.818808751501,-0.573922836786,-0.0120645257818,0.0,-0.0086899507556,0.00862174105896,-0.999925072361,0.0,0.656842192666,0.254695235583,0.303317236064,1.0,-0.01398,-0.0183737142857,0.7
0.461416525809,0.520569166048,-0.123967647444,-1.39885279491,0.0770398515853,1.90997664739,0.153668537782,-0.0101501756006,-0.0775921225097,-0.000400561702643,-0.119405542594,-0.00449474077977,0.0451216616626,-0.0187994122209,0.573983858797,0.818852258847,0.0020627464431,0.0,0.818808569598,-0.573922808454,-0.0120782114019,0.0,-0.00870658108618,0.00862185884985,-0.99992492668,0.0,0.656626258949,0.254421939648,0.303307984896,1.0,-0.01428,-0.018768,0.715
0.461252276928,0.519241174538,-0.12396726755,-1.40091253341,0.0769012710967,1.91070681806,0.153395893582,-0.0108460931107,-0.0779721472765,0.000543259947073,-0.121993404504,-0.0129974079176,0.0416238248782,-0.0162811659206,0.573966637669,0.818864348601,0.0020553183654,0.0,0.818820602493,-0.573905661289,-0.0120772420176,0.0,-0.00871023177092,0.00861503688157,-0.999924953685,0.0,0.656369537733,0.254114504382,0.303323293866,1.0,-0.01462,-0.0192148571429,0.732
0.461052374802,0.517715080849,-0.123973402778,-1.40328050512,0.0767538559951,1.91155559156,0.153078559667,-0.00904603824219,-0.0811320250007,0.000738539693302,-0.122700363536,-0.00644705438132,0.0393215787047,-0.0201704530118,0.573960377932,0.818868727212,0.00205889769936,0.0,0.818825011249,-0.573899370485,-0.0120772683449,0.0,-0.00870826492534,0.00861791635708,-0.999924946003,0.0,0.656078999818,0.253752549564,0.30334100356,1.0,-0.015,-0.0197142857143,0.751
0.460880166629,0.516467280432,-0.123978804335,-1.40529950163,0.0766285396454,1.91229922518,0.152789889668,-0.0106758989045,-0.0776241205419,3.32924806168e-05,-0.128138817903,-0.0112419955886,0.0416930081302,-0.0140146186315,0.573941808585,0.818881810698,0.00203159221288,0.0,0.818837735486,-0.573880919113,-0.0120913408487,0.0,-0.00873565526998,0.00860343604474,-0.999924831782,0.0,0.655833546427,0.253443424097,0.303320045873,1.0,-0.01532,-0.0201348571429,0.767
0.460662531319,0.514840915367,-0.123977501266,-1.40789778858,0.0764687161962,1.91327378322,0.152434786799,-0.0132572089785,-0.0818440290268,0.00157831057304,-0.132104830445,-0.00596559016888,0.0495860709335,-0.0161665028062,0.573922252089,0.81889551796,0.00203128602392,0.0,0.818851414191,-0.57386134225,-0.0120941411562,0.0,-0.00873832970215,0.00860458382768,-0.999924798538,0.0,0.655517725363,0.253054784193,0.303308203079,1.0,-0.01572,-0.0206605714286,0.787
0.460508820507,0.513669542993,-0.123977548866,-1.40977072608,0.0763618200877,1.91390550825,0.152184937086,-0.00760868631115,-0.0851507708744,0.00179604174206,-0.132707486212,-0.00750868979675,0.0436903146051,-0.0150719041366,0.573912800285,0.818902273803,0.00197750608074,0.0,0.818857264962,-0.573851929774,-0.0121445138083,0.0,-0.00881054392151,0.00858935252017,-0.999924295804,0.0,0.655274136229,0.252772786174,0.303292522345,1.0,-0.016,-0.0210285714286,0.801
0.460303950481,0.512176480097,-0.123986750487,-1.4121901177,0.076209894757,1.91477315361,0.151845748304,-0.0110957507587,-0.0892323429932,0.000117168376648,-0.137439658651,-0.0099537509868,0.0507720671224,-0.0137761149493,0.573894957892,0.81891490903,0.00192249192649,0.0,0.81886916336,-0.573834318746,-0.012174351253,0.0,-0.00886673661612,0.00856123298541,-0.999924040251,0.0,0.654972781426,0.252400077732,0.303262527064,1.0,-0.01636,-0.0215017142857,0.819
0.460114707927,0.510821838989,-0.12398922181,-1.41436285932,0.0760846221709,1.91560486755,0.151540114061,-0.013188470135,-0.0869233979986,-0.000851310765955,-0.141375583191,-0.00454488979282,0.0515731815553,-0.0172464980282,0.573881402719,0.818924378532,0.00193513824156,0.0,0.818878738153,-0.573820650269,-0.0121745812068,0.0,-0.00885980964333,0.00857157433124,-0.999924013056,0.0,0.654711572875,0.252070833384,0.303249194825,1.0,-0.01668,-0.0219222857143,0.835
0.45993643795,0.509495748438,-0.123994897258,-1.41643757842,0.075951930351,1.91638370065,0.151241327161,-0.0086351615639,-0.0949972769402,-0.000212650228978,-0.139907270269,-0.0119176356905,0.0513323123383,-0.0213135493024,0.573858983232,0.818940040589,0.00195555269829,0.0,0.818894728546,-0.573798201603,-0.0121570677652,0.0,-0.00883398702925,0.0085779994959,-0.999924186425,0.0,0.65446001962,0.251753482824,0.303257562669,1.0,-0.01698,-0.0223165714286,0.85
0.45972272288,0.50797779192,-0.123997745415,-1.41881826033,0.0757944075586,1.91722901769,0.150915279696,-0.0141937780781,-0.0902896467318,-0.000638466337089,-0.13446662988,-0.00350355159011,0.0551327117031,-0.0190342196305,0.573849678308,0.818946610599,0.00193457897087,0.0,0.818901046376,-0.573789013171,-0.012165176096,0.0,-0.00885276001564,0.00856537604284,-0.999924128608,0.0,0.654162424688,0.251381456285,0.303259768757,1.0,-0.01732,-0.0227634285714,0.867
0.459505782848,0.506429297556,-0.124004619777,-1.42125591296,0.075642250994,1.91812425478,0.15057661915,-0.00986404646599,-0.0912341011762,0.000753431806183,-0.145577541794,-0.00633979155262,0.0539956635117,-0.0263061764512,0.573839868584,0.818953480503,0.00193620681413,0.0,0.818907939279,-0.573779199048,-0.0121640711187,0.0,-0.00885102359438,0.00856596902582,-0.999924138901,0.0,0.653862400947,0.251002892861,0.303260168075,1.0,-0.01766,-0.0232102857143,0.884
0.459298045818,0.504922290102,-0.124007560225,-1.42356525837,0.0754987077823,1.91902619988,0.150250486011,-0.012056180572,-0.093340489047,0.000151130128103,-0.147416853427,-0.00669167931079,0.0631421678455,-0.0261136809193,0.573825578549,0.81896329712,0.00201749194826,0.0,0.818918893422,-0.573764623517,-0.012114029009,0.0,-0.00876354835592,0.00860366762566,-0.999924585718,0.0,0.653588773392,0.250649173772,0.303292497071,1.0,-0.01798,-0.0236308571429,0.9
0.459045215149,0.503032275561,-0.124014138995,-1.42632744639,0.0753271524458,1.92007519746,0.149883167179,-0.0132819981433,-0.0996800600879,0.000656530977438,-0.143630691736,-0.00700954212139,0.056793779639,-0.0193096087341,0.573832038004,0.818958390135,0.00216663059676,0.0,0.818916015144,-0.573770522944,-0.012028883636,0.0,-0.00860817214113,0.00867701436577,-0.999925301607,0.0,0.653258402139,0.25022075175,0.303388931112,1.0,-0.01836,-0.0241302857143,0.919
0.458824380179,0.501434077945,-0.12401896362,-1.4287271099,0.0751685339095,1.92092709893,0.149535860071,-0.0198296509475,-0.10147537933,0.000321119848067,-0.151954992289,-0.0151445658979,0.0600057830327,-0.0244010313859,0.5738113689,0.818972769097,0.00220528928121,0.0,0.818930938594,-0.573749735603,-0.0120043995805,0.0,-0.00856615714883,0.00869440797133,-0.999925511337,0.0,0.652957851952,0.249842369701,0.303436366507,1.0,-0.01868,-0.0245508571429,0.935
0.458582281584,0.49971060729,-0.124024373685,-1.43132194197,0.075006744608,1.92185687374,0.149179456704,-0.0192279208677,-0.104890404919,-0.000784268592706,-0.152317916659,-0.00644609282135,0.0587962030738,-0.0205766914518,0.573809913663,0.818973653175,0.00225505857956,0.0,0.8189324423,-0.573748045184,-0.0119825914643,0.0,-0.00851975528588,0.00872263834148,-0.999925661912,0.0,0.652633664959,0.249433107039,0.303484486399,1.0,-0.01902,-0.0249977142857,0.952
0.458339325841,0.498140532407,-0.124024649855,-1.43380895722,0.0748493700742,1.9227852962,0.148816762125,-0.0136404429374,-0.0978871065575,0.000837911229929,-0.153436332276,-0.00291337641961,0.0599228448562,-0.0250498713999,0.57379594771,0.818983421259,0.00226119340255,0.0,0.818942291127,-0.573734056649,-0.0119792714845,0.0,-0.00851366499527,0.00872561233515,-0.999925687838,0.0,0.65232887873,0.249037742855,0.303476186564,1.0,-0.01934,-0.0254182857143,0.968
0.458096105932,0.496572823554,-0.1240222794,-1.43632028883,0.0746987563499,1.92367442095,0.148442830542,-0.0212035864448,-0.0956452833088,7.30290972445e-05,-0.15665877846,-0.00708860466173,0.046796241664,-0.0211423727063,0.57377353716,0.818999239277,0.00221833718841,0.0,0.818957379476,-0.57371165176,-0.0120207377973,0.0,-0.00857245426535,0.00871407262877,-0.999925286192,0.0,0.652008290958,0.24863945133,0.303450657726,1.0,-0.01966,-0.0258388571429,0.984
0.457798653183,0.494690007946,-0.124030438964,-1.4393827838,0.0745029370683,1.92473330988,0.148018217041,-0.0142492709678,-0.10072229266,-0.000803797890907,-0.15950177,-0.0123215904859,0.0501954956952,-0.0175535330783,0.573776315502,0.818997577041,0.00211079863847,0.0,0.818954211954,-0.573714783108,-0.0120869047758,0.0,-0.00868831661925,0.00866399393236,-0.999924721348,0.0,0.651613330752,0.248142908609,0.303396788031,1.0,-0.0205845714286,-0.0270540081633,1.003
0.457531517249,0.492878850064,-0.124077027833,-1.44222667535,0.0743346122064,1.92578121571,0.147618671617,-0.0172657618686,-0.126656572762,-0.00401316341964,-0.193385861438,-0.0117261960805,0.0710937143292,-0.0236952928773,0.573798916499,0.818981727572,0.00211665513925,0.0,0.818938526721,-0.573737443634,-0.0120740268927,0.0,-0.00867417009931,0.00866164075352,-0.999924864554,0.0,0.651265481402,0.247672232642,0.30339641405,1.0,-0.0254211428571,-0.033410644898,1.019
0.457189283437,0.490435637733,-0.124090939483,-1.44611264946,0.0741117157496,1.9272080655,0.147042073379,-0.0227433982286,-0.141627823553,0.000362833562783,-0.232255110862,-0.0134459387116,0.0898512066005,-0.0325733725441,0.573751369684,0.819015058339,0.0021087675512,0.0,0.818971550856,-0.573689733748,-0.0121010405038,0.0,-0.00870132362668,0.00867017612324,-0.999924554661,0.0,0.650768864096,0.247073689535,0.303370813562,1.0,-0.0308622857143,-0.0405618612245,1.037
0.456805060518,0.488006936149,-0.124108375443,-1.44999024644,0.0738855951209,1.92860885608,0.146476048006,-0.0275385835774,-0.173889005098,-0.00130142533394,-0.26821911318,-0.0171573696294,0.100164006676,-0.03841861187,0.573746860836,0.819018311773,0.00207160888324,0.0,0.818974120891,-0.573685191062,-0.0121423954966,0.0,-0.00875656151342,0.00866342216088,-0.999924130995,0.0,0.650277392683,0.246444606173,0.303335615955,1.0,-0.0353965714286,-0.0465212081633,1.052
0.456341591072,0.484988782811,-0.12415885159,-1.45462965467,0.073604911114,1.93038188452,0.14578300463,-0.0269069981162,-0.197438793471,-0.0025895650679,-0.297988167256,-0.022080511006,0.113816584085,-0.0530136883846,0.573749159739,0.819016389009,0.00219160548823,0.0,0.81897395066,-0.573687156937,-0.0120607216295,0.0,-0.00862079873321,0.00871486449387,-0.99992486366,0.0,0.6497164034,0.245678719867,0.303378698441,1.0,-0.0402331428571,-0.052877844898,1.068
0.455693634589,0.480916805404,-0.124231004402,-1.46098143113,0.0732244758078,1.93257966884,0.144823129837,-0.034444146416,-0.23296504756,-0.00387814184225,-0.355371326706,-0.0240146956934,0.11918505935,-0.0476256087793,0.573753763107,0.819013349609,0.00212117488459,0.0,0.818969802824,-0.573691872275,-0.0121179474107,0.0,-0.00870802756481,0.00869006341568,-0.999924323663,0.0,0.648898306835,0.2446051472,0.303372864442,1.0,-0.0459765714286,-0.0604263510204,1.087
0.455075348707,0.477077201018,-0.124299510977,-1.46694781987,0.0728622029519,1.93471200812,0.14394532183,-0.0367337473691,-0.24974000999,-0.00711028872832,-0.374015511928,-0.0226360069303,0.138167262083,-0.0510545357393,0.573782546687,0.818993188064,0.00211988748075,0.0,0.81894960034,-0.573720633681,-0.0121216126312,0.0,-0.00871146270721,0.00869141810737,-0.999924281968,0.0,0.648140099536,0.243594687714,0.303379904194,1.0,-0.0508131428571,-0.0667829877551,1.103
0.454334000436,0.472572523377,-0.124341922463,-1.47388596264,0.0724495783034,1.93723675144,0.142944212779,-0.0416074558258,-0.270774356631,-0.00474283447686,-0.428238372656,-0.0210910760416,0.151890774759,-0.0589379025124,0.573823074885,0.81896457366,0.00220288939133,0.0,0.818921876367,-0.573760603616,-0.0121027702291,0.0,-0.00864797541422,0.00874901158684,-0.999924330796,0.0,0.647257273095,0.242432915248,0.303413887198,1.0,-0.055952,-0.0735369142857,1.12
0.453512156356,0.467630890725,-0.124386205877,-1.48132807676,0.0719851567163,1.94001380889,0.141771908411,-0.0451213806729,-0.303913280463,-0.00575739118901,-0.449432401812,-0.0284063717575,0.173211216226,-0.0759143033527,0.573796784794,0.818982341842,0.00243318971969,0.0,0.818942772164,-0.573733487878,-0.0119736255703,0.0,-0.00841034741059,0.00886324163366,-0.999925351716,0.0,0.646324863214,0.241174011946,0.30352631801,1.0,-0.0610908571429,-0.0802908408163,1.137
0.452606864336,0.462319213209,-0.124409367039,-1.4895277316,0.0714520086834,1.94287400488,0.140498365526,-0.0539124593834,-0.317628064467,-0.00154946167501,-0.505177357932,-0.0330914782537,0.173056477195,-0.071572163442,0.57375153036,0.819014128257,0.00240541615084,0.0,0.818973988686,-0.573688133382,-0.0120115933442,0.0,-0.00845786879034,0.00886181394016,-0.999924963539,0.0,0.645237930928,0.239785948284,0.303534253066,1.0,-0.0662297142857,-0.0870447673469,1.154
0.451676871636,0.456956807583,-0.124460298141,-1.49783026413,0.0708953573234,1.94569864783,0.139268812372,-0.0564902574867,-0.335677434743,0.000669119211853,-0.527429848217,-0.0400176642848,0.179540922706,-0.0752905386132,0.573777890322,0.818995972491,0.00229706829946,0.0,0.818954352937,-0.573714869998,-0.0120732203727,0.0,-0.00857022162272,0.00880871059263,-0.999924476108,0.0,0.644053151784,0.238253085881,0.303524623403,1.0,-0.0713685714286,-0.0937986938775,1.171
0.450539373061,0.450446921419,-0.12452153628,-1.50756670477,0.0702326976588,1.9493370609,0.137676851419,-0.068089888559,-0.375863323785,-0.00449023864415,-0.5444786731,-0.0379199559435,0.222142636311,-0.0892527119064,0.573711851426,0.819041300568,0.00260890744023,0.0,0.81900430545,-0.573648187641,-0.0118512181571,0.0,-0.0082102001797,0.00893606278353,-0.999926366987,0.0,0.642877696078,0.236660324249,0.303672195351,1.0,-0.0765074285714,-0.100552620408,1.188
0.449443176915,0.444354822766,-0.124554638972,-1.51680590452,0.0696320781319,1.95262400981,0.136299160987,-0.0699294912752,-0.389786624517,-0.002107621141,-0.592358475615,-0.0381632828756,0.20650989252,-0.0900538926317,0.573757098785,0.819009229582,0.00272403292616,0.0,0.818973616921,-0.573692874125,-0.0118088046552,0.0,-0.00810891784614,0.00900646999971,-0.999926561778,0.0,0.641644222066,0.235056144185,0.303734858826,1.0,-0.081344,-0.106909257143,1.204
0.448209024574,0.437597063445,-0.124589495939,-1.52736231828,0.068896201125,1.95613270703,0.134610436855,-0.0727122753137,-0.400678906458,-0.000419352121536,-0.620361228452,-0.0376263154571,0.21193727635,-0.104546327937,0.573673283386,0.819068781131,0.00245817153802,0.0,0.819029399864,-0.573609757416,-0.0119764459006,0.0,-0.00839966348602,0.00888405284818,-0.999925256836,0.0,0.640158774626,0.233214399277,0.303636388181,1.0,-0.0864828571429,-0.113663183673,1.221
0.44684777391,0.430334749515,-0.12460833097,-1.53819062776,0.0681718348312,1.96007496303,0.132827899663,-0.0773916961106,-0.432142740552,0.000473971798653,-0.653668727531,-0.0405039528078,0.22738103064,-0.113762566932,0.573613717319,0.819109503965,0.00276960616606,0.0,0.819074273336,-0.573549109762,-0.0118110266708,0.0,-0.00808617473062,0.00904365419025,-0.999926410341,0.0,0.638709200773,0.231308962711,0.303776933517,1.0,-0.0916217142857,-0.120417110204,1.238
0.445458054641,0.423293752892,-0.124667302106,-1.54902309919,0.0673848135633,1.96374817736,0.131053494969,-0.0883738719647,-0.443759442711,-0.00706626588348,-0.693230194541,-0.052024006572,0.227672073046,-0.11924004964,0.573584123263,0.819130688636,0.00262971035624,0.0,0.819093772506,-0.573520188523,-0.011863056127,0.0,-0.00820935941094,0.00895861250514,-0.999926172115,0.0,0.637195713629,0.229336310119,0.303731196632,1.0,-0.0964582857143,-0.126773746939,1.254
0.443866562971,0.415406098998,-0.12478513447,-1.56092302795,0.0665271718709,1.96786849892,0.12914381767,-0.0975367549678,-0.477406284699,-0.00404147203143,-0.70236145,-0.0502129066111,0.259260042179,-0.112107430744,0.573668722104,0.81907130618,0.00267199818546,0.0,0.819035413729,-0.573605138487,-0.0117848657668,0.0,-0.00812012984524,0.00894924232458,-0.999926984611,0.0,0.635555518329,0.227110501185,0.303778665375,1.0,-0.101597142857,-0.133527673469,1.271
0.4420526078,0.406732620453,-0.124842620448,-1.57411580039,0.0656497430814,1.97236696705,0.126914178679,-0.106496979824,-0.496689545081,-0.00514199512076,-0.747863947353,-0.0502739989564,0.24343586603,-0.125261136361,0.573666963652,0.81907257014,0.00266205936175,0.0,0.819035968847,-0.57360277981,-0.0118608444365,0.0,-0.00818808533275,0.00898466996547,-0.999926112752,0.0,0.63368322107,0.224667964925,0.303758031743,1.0,-0.107038285714,-0.140678889796,1.289
0.440312035985,0.398651385056,-0.124948963634,-1.5862203889,0.0648144260794,1.9764818592,0.124882794774,-0.112725760897,-0.519096164272,-0.00861127216237,-0.74881581736,-0.0473340714728,0.274650170207,-0.127101788673,0.573758100624,0.819008522665,0.0027255589925,0.0,0.818972651845,-0.573693561571,-0.0118422904834,0.0,-0.00813545782091,0.00902694216727,-0.999926161595,0.0,0.631967935876,0.222350178469,0.303805308211,1.0,-0.111874857143,-0.147035526531,1.305
0.438368473537,0.389808717974,-0.125021860638,-1.59947307793,0.0637951285772,1.98104614432,0.122621639601,-0.117888034084,-0.530135619985,-0.00253994312697,-0.788808524623,-0.0570016180041,0.26328968474,-0.135733343438,0.573778640323,0.818993913305,0.00279083874507,0.0,0.818959516661,-0.573714561087,-0.0117328329675,0.0,-0.00800812814179,0.00901780651768,-0.99992727188,0.0,0.630074960492,0.21981050567,0.303838980316,1.0,-0.117013714286,-0.153789453061,1.322
0.436550310441,0.381722128161,-0.125074452335,-1.61161477876,0.0628785446904,1.98499477968,0.120408538533,-0.119431791886,-0.555633540378,-0.00461304886231,-0.777218055594,-0.0623018599363,0.271823079588,-0.151723067752,0.573693409999,0.819054017086,0.00267120187304,0.0,0.819017949088,-0.573629644121,-0.0118058188664,0.0,-0.00813747945941,0.00896085528718,-0.999926739567,0.0,0.628269332793,0.217464984614,0.303822428768,1.0,-0.121548,-0.1597488,1.337
0.434372155837,0.372288560949,-0.125143876134,-1.62569998713,0.0618486248733,1.98976795553,0.117911741277,-0.130645871066,-0.558551871273,-0.00296850132572,-0.820882570189,-0.0662250993627,0.278864175272,-0.151622064941,0.573712697192,0.819040248326,0.00274947356675,0.0,0.819005145241,-0.573648584878,-0.0117737011106,0.0,-0.00806605875721,0.00900672822537,-0.9999269061,0.0,0.626196085378,0.214723360669,0.303834444483,1.0,-0.126686857143,-0.166502726531,1.354
0.432037094452,0.362493911968,-0.125253239884,-1.640173937,0.0607104957077,1.99452227466,0.115373007135,-0.134948046248,-0.586853543036,-0.00571011579446,-0.837754919236,-0.0709084094535,0.2838467798,-0.152060110532,0.573818151463,0.818966365549,0.00275100936267,0.0,0.818931702377,-0.573754489491,-0.0117217546799,0.0,-0.0080214732938,0.0089792172607,-0.999927512185,0.0,0.624031534782,0.211815500495,0.303877261097,1.0,-0.131825714286,-0.173256653061,1.371
0.429718425108,0.353082836161,-0.125358009195,-1.65427239554,0.0596386467997,1.99905645739,0.112735357018,-0.152838117522,-0.594588930085,-0.00528881895149,-0.885753264537,-0.0642248419414,0.288404205705,-0.161873371593,0.573816791191,0.818967836184,0.00259236287546,0.0,0.818930866647,-0.57375343797,-0.0118311018605,0.0,-0.0082020726934,0.00891202246615,-0.999926648239,0.0,0.621869772507,0.208967520092,0.303802716578,1.0,-0.136662285714,-0.179613289796,1.387
0.427081869475,0.34266170827,-0.125457837608,-1.66943530221,0.0585066566845,2.00398567556,0.109880439728,-0.155348910542,-0.630398722797,-0.0077147287407,-0.897633336683,-0.0708569346842,0.302840864004,-0.168777450265,0.573896628825,0.818911408611,0.00274065173467,0.0,0.818876096399,-0.573832419115,-0.0117915401936,0.0,-0.00808370761119,0.00901155286015,-0.999926720108,0.0,0.61954802329,0.205848083715,0.303896271067,1.0,-0.141801142857,-0.186367216327,1.404
