position_joint1,position_joint2,position_joint3,position_joint4,position_joint5,position_joint6,position_joint7,velocity_joint1,velocity_joint2,velocity_joint3,velocity_joint4,velocity_joint5,velocity_joint6,velocity_joint7,ee_T_00,ee_T_10,ee_T_20,ee_T_30,ee_T_01,ee_T_11,ee_T_21,ee_T_31,ee_T_02,ee_T_12,ee_T_22,ee_T_32,ee_T_03,ee_T_13,ee_T_23,ee_T_33,v_x,v_y,time
0.465079081161,0.547824322376,-0.124003453965,-1.35583520397,0.0795211703115,1.89411115044,0.159165717241,-0.000767627497813,0.000321201561164,-0.00218970480842,2.97344536282e-05,0.000521320296986,0.000526769697998,0.00133249637479,0.573822989706,0.818965343233,0.00192092911897,0.0,0.818921707406,-0.573764429153,-0.0119316335329,0.0,-0.00866960046889,0.00841989828897,-0.999926969003,0.0,0.661678373698,0.260888718451,0.303184227378,1.0,0.0,0.0,0.0
0.465076550234,0.547826853855,-0.123997755861,-1.35583198306,0.0795218823883,1.89411014233,0.15916104071,-0.000965167527473,7.45481680577e-05,0.000327068919372,0.000869005489123,0.000457969084698,8.82630702402e-05,-2.715770994e-05,0.573817261896,0.818969353062,0.00192239339575,0.0,0.818925702047,-0.573758662622,-0.0119347599483,0.0,-0.00867137972093,0.00842283080172,-0.999926928878,0.0,0.66167815562,0.260890737401,0.303183692083,1.0,-4e-05,-5.25714285714e-05,0.003
0.46507905488,0.547836048031,-0.124002629072,-1.3558356653,0.0795218780072,1.89410931712,0.159155331718,-0.000578463460038,0.00488750439461,-0.00128312314496,0.000407838151999,6.66400747729e-05,-0.000170292334847,-0.00149044324376,0.57381414983,0.818971563799,0.00190946184565,0.0,0.818927763119,-0.573755623564,-0.0119394355878,0.0,-0.0086826609304,0.00841489041198,-0.999926897837,0.0,0.661677367129,0.260888956586,0.303175516073,1.0,-0.00036,-0.000473142857143,0.019
0.465073340425,0.547817684119,-0.123994971733,-1.35584212861,0.0795224927397,1.89410935639,0.159158427828,-0.00118059048897,0.00233550539897,0.00104988385218,-0.000788282737912,0.000300338893291,7.65559586164e-05,-0.000649825891667,0.573816499589,0.818969886855,0.00192253102756,0.0,0.818926205981,-0.573757869087,-0.0119383298603,0.0,-0.00867423235512,0.00842498389868,-0.999926885997,0.0,0.661676079155,0.260889186194,0.303185200056,1.0,-0.0007,-0.00092,0.036
0.465078002046,0.547769330048,-0.124001270292,-1.35588929922,0.0795218823883,1.8941170889,0.159164380476,0.000825048568788,-0.00559208118405,-0.000952239012548,-0.00566308175867,0.000114993829216,0.000248276768869,0.00125072608599,0.573824339917,0.818964374547,0.00193055512883,0.0,0.818920798504,-0.573765675047,-0.0119341031157,0.0,-0.00866608587626,0.00842921287901,-0.999926920993,0.0,0.661668353058,0.26088408981,0.303197882943,1.0,-0.00104,-0.00136685714286,0.053
0.465071535031,0.547645640114,-0.123995635689,-1.35604199547,0.0795184321856,1.89414931259,0.159162442828,-0.000700847766595,-0.00326410153703,0.00146937211714,-0.00996031983907,0.000362743680928,-0.000485449201071,-5.2472096697e-05,0.573831540418,0.818959308594,0.00193932709774,0.0,0.818915733893,-0.573772727925,-0.011942544682,0.0,-0.00866789202018,0.00844131680638,-0.99992680323,0.0,0.661643630414,0.260868200948,0.303215434715,1.0,-0.00138,-0.00181371428571,0.07
0.465057786758,0.547503047306,-0.124000925697,-1.35624856964,0.0795184009508,1.89419322028,0.159154825271,-0.000958521489792,-0.0154996048282,-0.000212173991746,-0.0149715225625,-0.000263477518399,0.00183232221339,0.000790740018854,0.573851578451,0.818945292056,0.00192910055679,0.0,0.818901453503,-0.573792679567,-0.0119631612526,0.0,-0.00869043812614,0.0084449848101,-0.999926576563,0.0,0.661613591678,0.260836367246,0.303222113012,1.0,-0.00172,-0.00226057142857,0.087
0.465036827033,0.547340788478,-0.124003061578,-1.3564547462,0.0795114839497,1.89431622771,0.159145692607,-0.00377302327789,-0.0135100061587,-0.000438595335902,-0.0127136669663,0.000219944493451,0.00160086430817,-0.0016750356885,0.573872749066,0.818930292761,0.00199759315113,0.0,0.818887374148,-0.57381358756,-0.0119240132933,0.0,-0.00861885554429,0.00847883334247,-0.999926909686,0.0,0.661601489167,0.260806168629,0.303249658217,1.0,-0.00204,-0.00268114285714,0.103
0.465017298266,0.547138840309,-0.123998168054,-1.35667883406,0.0795088314412,1.8944359303,0.159135607014,-0.00159460948944,-0.0123641135536,-0.000545904675783,-0.0182305306092,-0.000314214745074,0.0105384473593,-0.000733467257178,0.573889060456,0.818918637419,0.00208769668394,0.0,0.818876824661,-0.573829460828,-0.0118845622853,0.0,-0.00853467200937,0.00853015094708,-0.999927195299,0.0,0.6615834354,0.260779849812,0.303296272855,1.0,-0.00238,-0.003128,0.12
0.46498824734,0.546911328938,-0.123995636032,-1.3569985067,0.0795059633923,1.89457025182,0.159120327604,-0.000338796362181,-0.0138141083574,0.000753906641084,-0.0200062901011,3.32872566252e-05,0.00372513294339,0.000675534675864,0.573915777578,0.818899797457,0.00213280899579,0.0,0.81885843616,-0.57385585646,-0.0118770550927,0.0,-0.00850235677355,0.00856306281326,-0.999927189292,0.0,0.661550064292,0.260735800241,0.303316836983,1.0,-0.00274,-0.00360114285714,0.138
0.464950503947,0.546681776554,-0.123998379337,-1.35733169488,0.079496984205,1.8947045488,0.159075976283,-0.00380381594887,-0.0132936768262,-6.72238126822e-05,-0.0224473808223,-0.00106754877599,0.0111291093234,-0.00862186866732,0.573928601586,0.818890727289,0.00216424188176,0.0,0.818849704465,-0.57386848166,-0.0118690419571,0.0,-0.00847762141829,0.00858433675293,-0.9999272169,0.0,0.661517441347,0.260680375416,0.303332563034,1.0,-0.00304,-0.00399542857143,0.153
0.46491753866,0.546396761417,-0.123996690777,-1.35775230032,0.0794915051877,1.89485158027,0.158942236312,-0.000761535531991,-0.0224482814912,0.000903537778375,-0.0276430494251,0.000431182463905,0.00892666443863,-0.00172282503411,0.573866898042,0.818933909162,0.00218692853204,0.0,0.818892974906,-0.573806485529,-0.0118810653834,0.0,-0.00847509671627,0.00860917630186,-0.999927024747,0.0,0.661466276237,0.260622457484,0.303346910108,1.0,-0.00338,-0.00444228571429,0.17
0.464873795149,0.54609960567,-0.124001265992,-1.35824456137,0.0794758176701,1.89502188038,0.158920637582,-0.00216852858278,-0.018095735151,-0.000683776114808,-0.0331680905091,-0.00230352512249,0.00879951550863,0.000910848575264,0.573911562877,0.81890264917,0.00217165376379,0.0,0.818861395058,-0.573851083407,-0.0119036405035,0.0,-0.00850188056546,0.0086100861267,-0.999926789542,0.0,0.661408404177,0.26054535846,0.30333793966,1.0,-0.00372,-0.00488914285714,0.187
0.464828497207,0.545794673142,-0.123999545484,-1.35877388513,0.0794421463884,1.89519581866,0.158867849749,-0.00425062845192,-0.0181378472983,0.00101936448582,-0.0347270317307,-0.000425925422002,0.00596312270225,-0.00754925869567,0.573924798126,0.81889348883,0.00212766282079,0.0,0.818851630123,-0.57386446379,-0.0119302952578,0.0,-0.00854881561386,0.00858949784104,-0.999926566443,0.0,0.661342870871,0.260463911253,0.303316890537,1.0,-0.00404,-0.00530971428571,0.203
0.464755349551,0.545403115724,-0.123999157681,-1.35944757642,0.0793242441198,1.89542205558,0.158751875595,-0.00295363513023,-0.0233386042339,0.000443626604585,-0.0401684370663,-0.00557060030803,0.0133084385071,-0.0042324916752,0.573895676456,0.818914127698,0.00203737643644,0.0,0.818871744933,-0.573836365677,-0.0119011628923,0.0,-0.00857707487399,0.00849853954948,-0.999927101649,0.0,0.661269102294,0.260337188934,0.303292861979,1.0,-0.0044,-0.00578285714286,0.221
0.464701454805,0.54498541554,-0.124004297592,-1.36014788814,0.0793122389913,1.89563262582,0.158687970503,-0.00528929737899,-0.0317344594616,-0.00026166853767,-0.0429346301783,-0.00379559443968,0.00850540137092,-0.00744628018684,0.573926703631,0.818892494653,0.00199197430074,0.0,0.818849197302,-0.573867258603,-0.0119627957938,0.0,-0.00865328146188,0.00849705810804,-0.999926457657,0.0,0.661177020194,0.260233269837,0.303273653064,1.0,-0.00474,-0.00622971428571,0.238
0.464630694012,0.544586234751,-0.123999522904,-1.36082622571,0.0792940707035,1.89587976681,0.15859021814,-0.00466854754581,-0.0245446062882,0.00066205038341,-0.0427387193333,0.00010123827131,0.023922137753,-0.00860688129568,0.573934316573,0.818887194262,0.00197743145611,0.0,0.818843458872,-0.573874688506,-0.0119991106101,0.0,-0.0086912874944,0.00850607192891,-0.999926051397,0.0,0.661099177289,0.260127799665,0.303254597716,1.0,-0.00506,-0.00665028571429,0.254
0.464572782744,0.544114839836,-0.124002365105,-1.36161054658,0.079264853522,1.89616241535,0.158503270521,-0.000266399198214,-0.0291520415855,0.00109399619418,-0.0458807487076,-0.00192867131615,0.00987773508737,-0.00692692005692,0.573948491598,0.818877301427,0.00195987295927,0.0,0.81883316443,-0.573888768254,-0.0120281919898,0.0,-0.00872503230306,0.00850853544201,-0.99992573656,0.0,0.66100487286,0.260015405911,0.30323947937,1.0,-0.0054,-0.00709714285714,0.271
0.464488016139,0.543607560872,-0.124005461691,-1.36244291634,0.0792225909796,1.89644220428,0.158394885855,-0.00143626550379,-0.0287193142891,1.08166435691e-05,-0.0514011677519,-0.00302264708176,0.0179149155879,-4.78418277198e-05,0.573966287969,0.818864910348,0.00192503974705,0.0,0.818820210046,-0.573906607456,-0.0120588738701,0.0,-0.00876996448909,0.00849781213156,-0.999925434676,0.0,0.660907538826,0.259877580619,0.303226567011,1.0,-0.00574,-0.007544,0.288
0.464410658793,0.54305829801,-0.124020825347,-1.36330458982,0.0791695586357,1.89675323101,0.15828430271,-0.00227880589553,-0.0296961389634,-0.0024289364454,-0.0531239776058,-0.00691778932033,0.0215110498048,-0.00532744289067,0.573983625543,0.818852770872,0.00191941257594,0.0,0.818808066741,-0.573924034797,-0.012054004476,0.0,-0.00876902678623,0.00849059516232,-0.999925504207,0.0,0.660812163947,0.259735007863,0.303232441606,1.0,-0.00608,-0.00799085714286,0.305
0.46432466257,0.542435121043,-0.124016964442,-1.36427377235,0.0791163770154,1.89709671555,0.158164452445,-0.00276612780169,-0.0348206680388,-0.000262325241137,-0.0527820071446,-0.00258283685018,0.0215156486685,-0.00727977947516,0.573992807529,0.818846329924,0.00192139967835,0.0,0.818801552907,-0.573933111283,-0.0120643122874,0.0,-0.00877623191387,0.00849823713855,-0.999925376075,0.0,0.660698136503,0.259588262455,0.303241539524,1.0,-0.00644,-0.008464,0.323
0.464248062326,0.541869010973,-0.124022465325,-1.36516657689,0.079060491066,1.89743186413,0.158036091631,-0.00585465481191,-0.037995420268,-7.3456151062e-05,-0.0595774299816,-0.00531376655844,0.0248668370932,-0.00540063895246,0.573989012109,0.818848980563,0.0019255935749,0.0,0.818804301499,-0.573929339914,-0.0120571776805,0.0,-0.00876802181437,0.00849753541162,-0.999925454064,0.0,0.660598258045,0.259449620457,0.303246131752,1.0,-0.00676,-0.00888457142857,0.339
0.464166949511,0.541259401558,-0.124018001666,-1.36610474941,0.0790007580995,1.89777898582,0.157906293261,-0.00539573313112,-0.0384570561424,0.000707820440611,-0.0675034474782,-0.00361520424224,0.0290438184964,-0.00857904144074,0.5739821193,0.818853776345,0.00194077075657,0.0,0.818809292568,-0.573922379304,-0.0120495576432,0.0,-0.0087531425342,0.0085055155204,-0.999925516577,0.0,0.660490404595,0.259309160455,0.30326051386,1.0,-0.00708,-0.00930514285714,0.355
0.46408071342,0.540563585601,-0.124021572408,-1.36717930207,0.0789437761988,1.89816871168,0.157779333058,-0.000472357943083,-0.0378059499307,0.00737126013763,-0.067607339849,-0.0116020215254,0.0220383927732,-0.00847699531447,0.573995562466,0.818844322554,0.00195360997721,0.0,0.818799932096,-0.573935692912,-0.0120514938164,0.0,-0.00874721920499,0.00851728367249,-0.99992546824,0.0,0.660364673989,0.259148944772,0.303274805618,1.0,-0.00742,-0.009752,0.372
0.463978413393,0.53982859729,-0.124027236128,-1.36829054086,0.07888598571,1.89859222983,0.157647831709,-0.00633348027703,-0.0404155632808,-0.0015764953493,-0.0686499578965,-0.00145549957232,0.030991031029,-0.00322587469484,0.57402176376,0.818825850133,0.00199719438565,0.0,0.818781984749,-0.573961660351,-0.0120341513359,0.0,-0.0087077288434,0.00854329604313,-0.999925591007,0.0,0.660242725994,0.258975239451,0.303302206391,1.0,-0.00776,-0.0101988571429,0.389
0.463887649586,0.539109939536,-0.124026861899,-1.36939269871,0.0788143791888,1.89900555207,0.157504031975,-0.00355735666984,-0.0388264868617,0.0025166943439,-0.0648312701688,-0.00462615771575,0.0262225214216,-0.0155317687293,0.574019882809,0.818827113687,0.00201963653216,0.0,0.818783584169,-0.573959726114,-0.0120175702874,0.0,-0.00868128950284,0.00855213418164,-0.99992574535,0.0,0.660116591877,0.258810602311,0.303321164412,1.0,-0.00808,-0.0106194285714,0.405
0.463764916329,0.53828097017,-0.124032946155,-1.37064696604,0.0787450334648,1.89949406405,0.157344239652,-0.00457260983324,-0.0498017199903,-0.000624744878239,-0.0714542869502,-0.00471996886513,0.0273946041494,-0.00437652978986,0.574044654231,0.818809609941,0.00207473332266,0.0,0.818766800081,-0.573984262794,-0.0119891639086,0.0,-0.0086261444268,0.00858120342879,-0.99992597355,0.0,0.659982554404,0.25860998385,0.303352266915,1.0,-0.00844,-0.0110925714286,0.423
0.463660049549,0.537489725956,-0.124038616932,-1.37190224081,0.0786715953423,1.89997015326,0.15719288426,-0.00960405256533,-0.0482815377689,-0.00271900487799,-0.0739071187782,-0.0128633348991,0.0196578765015,-0.0026881149709,0.574060241768,0.818798659418,0.00208352039168,0.0,0.818755973455,-0.573999820875,-0.0119836750793,0.0,-0.00861644265144,0.00858541147556,-0.999926021076,0.0,0.659840035165,0.258419289205,0.30335501072,1.0,-0.00878,-0.0115394285714,0.44
0.463557765922,0.5366980801,-0.12404462946,-1.3731241728,0.0786081121845,1.9004249976,0.157053378494,-0.00527508134543,-0.0472057421899,-0.00116822758826,-0.078287036131,-0.0043403449364,0.029358792404,0.000424608221302,0.574084292774,0.818781733587,0.00210818317497,0.0,0.818739300134,-0.574023697059,-0.0119791707468,0.0,-0.00859834463557,0.00860327182305,-0.999926023355,0.0,0.659699608377,0.258234246339,0.303371943695,1.0,-0.0091,-0.01196,0.456
0.463442655645,0.535834985284,-0.124045662097,-1.37449410203,0.0785211761454,1.90092739069,0.15688041547,-0.00449030089485,-0.0560257070646,-6.53531753515e-05,-0.084352166619,-0.00386814722794,0.0326738573722,-0.00833112054949,0.574089659786,0.818777988602,0.00210114455839,0.0,0.818735481994,-0.574029111319,-0.0119806837738,0.0,-0.00860356766414,0.00859843382097,-0.999926020043,0.0,0.659539390732,0.258026455307,0.303372655842,1.0,-0.00944,-0.0124068571429,0.473
0.463320638312,0.534941136327,-0.124045772696,-1.3759181293,0.0784435269504,1.90143837982,0.156703636702,-0.012069532826,-0.0523466856991,-0.000960070542456,-0.0874191181622,-0.000391166177859,0.035620762601,-0.00791046416859,0.574102186159,0.818769236478,0.00208905383768,0.0,0.818726454454,-0.574041569151,-0.012000690199,0.0,-0.00862675830028,0.00860015169993,-0.999925805464,0.0,0.6593698488,0.257810728163,0.303369888711,1.0,-0.00978,-0.0128537142857,0.49
0.463204412587,0.534099211951,-0.124053499298,-1.37730564414,0.078369757999,1.90193998163,0.156533003036,-0.0100889020927,-0.0514261682148,-0.000631263603138,-0.0870029709928,-0.00284381620062,0.0290507484228,-0.0154504814613,0.574119353913,0.818757287335,0.0020539717527,0.0,0.818713952433,-0.574058788369,-0.0120298998273,0.0,-0.00867063455039,0.00858837900123,-0.999925527148,0.0,0.659205235961,0.257598053662,0.303347151909,1.0,-0.0101,-0.0132742857143,0.506
0.463067404085,0.53318101154,-0.124046769353,-1.37879040939,0.0782839428335,1.90249650859,0.15634312646,-0.0074427350456,-0.0485875901883,0.00180659542614,-0.0842533666814,-0.0120612009644,0.029862362729,-0.011390947868,0.574129640889,0.818750090004,0.00204755255539,0.0,0.818706588668,-0.574069019586,-0.0120428121591,0.0,-0.00868478426017,0.0085906455845,-0.999925384882,0.0,0.659033326573,0.257371333524,0.303336029869,1.0,-0.01044,-0.0137211428571,0.523
0.462929698207,0.532168849798,-0.124049863264,-1.38043471087,0.0781998062045,1.90310911379,0.156132976344,-0.00637596672263,-0.0569422091542,0.00149639022438,-0.0901467588263,-0.00523633148069,0.0388112493268,-0.00707944617174,0.574139850814,0.818742957252,0.00203680094048,0.0,0.818699169301,-0.574079129827,-0.0120652303933,0.0,-0.0087092051798,0.00859482229302,-0.999925136585,0.0,0.658839825228,0.257124836523,0.303320227319,1.0,-0.0108,-0.0141942857143,0.541
0.462816365811,0.531283296476,-0.12405499911,-1.38185864435,0.0781096962056,1.90362657799,0.155962201598,-0.00997316823394,-0.0596422036272,-0.00113716989725,-0.0979510446586,-0.00528472062363,0.0400718566177,-0.0138605464645,0.574149808349,0.818736029237,0.00201467216087,0.0,0.818691977104,-0.574089206025,-0.01207381679,0.0,-0.00872883533226,0.00858174075571,-0.999925077773,0.0,0.65866950164,0.256910330082,0.303311640439,1.0,-0.0111,-0.0145885714286,0.556
0.462668742438,0.530188696558,-0.124052481686,-1.38359741581,0.0780021230165,1.90423879125,0.155738919649,-0.00442857890722,-0.0648773643479,-0.000148552914189,-0.0929116484673,-0.00368782971521,0.0363839448601,-0.0119277847803,0.574151558747,0.818734869126,0.00198710016353,0.0,0.818690391651,-0.574091012121,-0.0120954256395,0.0,-0.00876233908611,0.00857159232549,-0.999924871787,0.0,0.658457692472,0.256646699921,0.303308253193,1.0,-0.01146,-0.0150617142857,0.574
0.462529318529,0.529203053478,-0.124054954947,-1.38514928287,0.077901870655,1.90481546445,0.155522157205,-0.00634224206289,-0.0643015189491,-0.000813098932538,-0.0948244838769,-0.00502623342485,0.0376697784123,-0.0162261387151,0.574145169384,0.818739335233,0.00199306721163,0.0,0.81869498809,-0.574084648822,-0.0120863296757,0.0,-0.00875153272797,0.0085711869579,-0.9999249699,0.0,0.658266009689,0.256391614985,0.303315643173,1.0,-0.0118,-0.0155085714286,0.591
0.462390479845,0.528116665649,-0.124053162938,-1.38685066005,0.0777964269079,1.90547820389,0.155288084428,-0.00685344675879,-0.0653520589989,0.00107300451266,-0.104025565646,-0.00237785252481,0.0346804675258,-0.0124663697968,0.574132061622,0.818748437907,0.0020293209094,0.0,0.818704600523,-0.574071421405,-0.0120634617681,0.0,-0.00871213307497,0.00858759987758,-0.999925173133,0.0,0.658081396028,0.256154983027,0.303326424694,1.0,-0.01212,-0.0159291428571,0.607
0.462229493804,0.52689279669,-0.12405883453,-1.38870766914,0.0776784816392,1.9061837733,0.155021008078,-0.00614171120374,-0.0692333246868,8.4746366169e-06,-0.104741384691,-0.00755935721733,0.0418891720787,-0.0128651253635,0.574117874354,0.818758242253,0.00208662186522,0.0,0.818715238255,-0.574057076047,-0.012024100399,0.0,-0.0086471577452,0.00861176588281,-0.999925529303,0.0,0.657868262909,0.255870196677,0.3033652727,1.0,-0.01248,-0.0164022857143,0.625
0.462083464069,0.525727990506,-0.124064734663,-1.3905392453,0.0775676524124,1.90685261434,0.154778498972,-0.011254879262,-0.0653006193857,-2.58304522539e-05,-0.107701350576,-0.00378128928806,0.0335387530354,-0.0132925137814,0.57411193162,0.818762408729,0.00208684598743,0.0,0.818719393219,-0.57405111874,-0.0120256035555,0.0,-0.0086483223668,0.00861274958883,-0.999925510758,0.0,0.657647433478,0.255596061468,0.303371203018,1.0,-0.01282,-0.0168491428571,0.642
0.461952642077,0.52469688772,-0.124070196647,-1.39217151223,0.0774681729417,1.90743895664,0.154555350324,-0.00706366753106,-0.0656183966326,0.000241285574738,-0.113496457726,-0.00692012868102,0.0377024782745,-0.0196094950872,0.574101134013,0.818770015598,0.00207277210036,0.0,0.818726793019,-0.574040358898,-0.0120354331678,0.0,-0.00866456378181,0.00860675559106,-0.999925421765,0.0,0.657448278155,0.255350359908,0.303370510159,1.0,-0.01312,-0.0172434285714,0.657
0.461784243892,0.523428998435,-0.124074836498,-1.3941956586,0.0773423699564,1.90818176801,0.154289781636,-0.00773228140305,-0.070234263764,0.00130766268881,-0.113317976,-0.00106288064556,0.0400195934778,-0.0104007464342,0.574099608729,0.818771123319,0.00205761433622,0.0,0.818727707012,-0.574038902431,-0.0120427226033,0.0,-0.00867924994098,0.00859851375002,-0.999925365306,0.0,0.657204742131,0.25504341742,0.303363053461,1.0,-0.01348,-0.0177165714286,0.675
0.461632979728,0.522269941863,-0.124077323498,-1.39601432198,0.07722267034,1.90890294879,0.154038603938,-0.0159070417621,-0.0770346839309,-0.000369817848773,-0.117070366745,-0.000555624881898,0.0466489168421,-0.0165549195788,0.574086478378,0.818780224883,0.00209894856036,0.0,0.81873747725,-0.574025727355,-0.012006439201,0.0,-0.00862595059125,0.00861138804383,-0.999925715727,0.0,0.656981138517,0.254755812984,0.303372618295,1.0,-0.01382,-0.0181634285714,0.692
0.461480011079,0.521095460262,-0.12407803426,-1.39790049715,0.0771183100316,1.90961931943,0.153774823299,-0.00817875995051,-0.0771293237804,0.000261899871807,-0.115881786374,-0.00898968813929,0.0397379771298,-0.0168059774452,0.574071191044,0.818790909438,0.00211214004629,0.0,0.818748239895,-0.574010292621,-0.0120104344671,0.0,-0.0086218104306,0.00862432140971,-0.999925639968,0.0,0.656756846632,0.254474138665,0.303365841059,1.0,-0.01414,-0.018584,0.708
0.461301959374,0.519724190598,-0.124088649422,-1.40005985791,0.0769819755184,1.91040690175,0.153483358543,-0.00851258367097,-0.0778469002929,-0.00154218730431,-0.12120099261,-0.0100694867036,0.0460534123843,-0.0152938974234,0.574060469004,0.818798449383,0.00210335848747,0.0,0.818755714133,-0.573999657659,-0.0120091833138,0.0,-0.00862593970001,0.00861630007643,-0.999925673506,0.0,0.656509072419,0.254163847793,0.303367924688,1.0,-0.01448,-0.0190308571429,0.725
0.461126015653,0.518368207408,-0.124087925878,-1.4021489535,0.0768484093017,1.91114524946,0.153204220906,-0.0111991190169,-0.0799670705791,-0.00499494526376,-0.122657487292,-0.00643478189414,0.0421128892802,-0.0204261532719,0.574050084418,0.818805723013,0.0021060490025,0.0,0.818762995901,-0.573989236142,-0.0120108383617,0.0,-0.00862585980504,0.00861934371534,-0.999925647964,0.0,0.656249944361,0.253847190544,0.303389340211,1.0,-0.01482,-0.0194777142857,0.742
0.460956181908,0.51709715085,-0.1240904043,-1.40416882968,0.0767111059128,1.91187016024,0.152928813243,-0.0123277196287,-0.0799366201104,-0.00262738575749,-0.121573723795,-0.01189029068,0.0480831071365,-0.0145477089357,0.574035123616,0.818816285087,0.00207726556704,0.0,0.818773250982,-0.573974466841,-0.0120175618001,0.0,-0.00864804441426,0.00859947762154,-0.999925627391,0.0,0.656000918221,0.253538316587,0.303382682504,1.0,-0.01514,-0.0198982857143,0.758
0.460771988377,0.515743842884,-0.124099292316,-1.40633733925,0.0765777067394,1.91269108516,0.152633833273,-0.00877400004924,-0.0769749720536,-0.000487789797156,-0.126563427028,-0.00384247441003,0.0570443749809,-0.00927220656711,0.574024252934,0.818823908261,0.00207634409582,0.0,0.818780912481,-0.573963651484,-0.0120121202183,0.0,-0.00864423161291,0.00859548473756,-0.99992569469,0.0,0.655727476729,0.253186138403,0.303369376808,1.0,-0.0155,-0.0203714285714,0.776
0.460576927955,0.514271271407,-0.124099996102,-1.40870084738,0.0764369625679,1.91353581892,0.152310283366,-0.00551575002246,-0.0791319174405,-0.0002265726854,-0.130728390557,-0.00747629618551,0.0408481374712,-0.0207492905072,0.574011152582,0.818833184617,0.00203945615141,0.0,0.818789573206,-0.57395057653,-0.0120464688548,0.0,-0.00869366880189,0.00858485818878,-0.999925357381,0.0,0.655445362062,0.252852014173,0.3033518246,1.0,-0.01584,-0.0208182857143,0.793
0.460389139059,0.512936416083,-0.124102525146,-1.41083882817,0.0763036173469,1.91427692351,0.152022414836,-0.0115474888365,-0.0851357929721,-0.00292106269966,-0.133599384309,-0.012617552084,0.0482361443199,-0.021767531734,0.574006946033,0.818836266176,0.00198544763176,0.0,0.818791866128,-0.573946521756,-0.0120837505425,0.0,-0.00875524097876,0.00856198996188,-0.99992501623,0.0,0.655175158457,0.252520096376,0.303333916155,1.0,-0.01616,-0.0212388571429,0.809
0.460192820974,0.511523481508,-0.124103192414,-1.41314082867,0.0761634052545,1.91514311504,0.151684689713,-0.0105900738361,-0.0827554979243,-0.00012719679168,-0.133953916487,-0.0131993872299,0.0619829279016,-0.0156907516564,0.573974492789,0.818859067535,0.00196368143624,0.0,0.8188143477,-0.573914133135,-0.012098706119,0.0,-0.00878031973009,0.00855240390262,-0.999924878365,0.0,0.654894210523,0.252172601738,0.303303053047,1.0,-0.0165,-0.0216857142857,0.826
0.459988782732,0.510044751206,-0.124110656561,-1.41546397002,0.0760259904058,1.91601361139,0.151363543048,-0.0112820202244,-0.0846553675404,-0.00142786552206,-0.138477017697,-0.00664818136683,0.0491187902191,-0.0142042471759,0.573971292284,0.818861251081,0.00198846993254,0.0,0.818816815563,-0.573910786039,-0.012090455775,0.0,-0.00875937004504,0.0085679321027,-0.99992492917,0.0,0.654597202203,0.251793968147,0.303307655455,1.0,-0.01686,-0.0221588571429,0.844
0.459820367317,0.508784962665,-0.124111715828,-1.41742030814,0.0758936761717,1.91671268843,0.151091961401,-0.0139966382536,-0.0886853851611,-0.000617719176529,-0.139164721133,-0.00796070488243,0.0452569242567,-0.0145540886521,0.573947021081,0.818878321986,0.00196409653001,0.0,0.818833531235,-0.57388658873,-0.0121069526283,0.0,-0.00878712157442,0.00855718224502,-0.999924777734,0.0,0.654329844555,0.25147212935,0.303309079542,1.0,-0.01716,-0.0225531428571,0.859
0.459581780822,0.507078581877,-0.124110569419,-1.42009816963,0.0757283007035,1.91768154044,0.150718070921,-0.0130043407529,-0.0926180193311,0.00213298731954,-0.139907850311,-0.0015984841142,0.0504801770199,-0.0133060759587,0.573932607024,0.818888387771,0.00197936098423,0.0,0.818843809383,-0.573872122148,-0.0120975268762,0.0,-0.00877079305606,0.00856411751286,-0.999924861717,0.0,0.654034535922,0.251103309237,0.303322101175,1.0,-0.0175,-0.023,0.876
0.459365999329,0.505485745013,-0.124127045508,-1.4225581116,0.0755696356567,1.91861620334,0.150390137931,-0.01224539047,-0.0987108620746,-3.52028208107e-05,-0.1457698003,-0.0100197189987,0.0606616420622,-0.0153392689541,0.573936845653,0.818885299207,0.0020275219271,0.0,0.818841499333,-0.573876297969,-0.012055724791,0.0,-0.00870887669789,0.00857960893735,-0.999925270096,0.0,0.653739883906,0.250719449114,0.303346214882,1.0,-0.01784,-0.0234468571429,0.893
0.459154929695,0.503923685367,-0.124125940603,-1.42488436486,0.0754299510312,1.91950435294,0.150051242573,-0.01212795693,-0.103014685356,0.000634475441398,-0.144840126259,-0.0125785103492,0.0561998718134,-0.0265953259807,0.573913542189,0.818901357155,0.00213547250975,0.0,0.818858950611,-0.573852524518,-0.0120019168924,0.0,-0.00860310537733,0.00863687970186,-0.999925692683,0.0,0.653460052401,0.25036436724,0.303407217663,1.0,-0.01816,-0.0238674285714,0.909
0.458924530033,0.502239513308,-0.124139098345,-1.42737360287,0.0752718005445,1.92043363792,0.149705048617,-0.015703634277,-0.108558023776,-0.00161746358279,-0.146327038578,-0.0115368418581,0.0572302396486,-0.0227179133277,0.573909718573,0.818903780042,0.0022317844227,0.0,0.81886274096,-0.573848418232,-0.0119394833345,0.0,-0.00849674566221,0.00867987774453,-0.999926229797,0.0,0.653141140941,0.249943695898,0.303477556541,1.0,-0.01852,-0.0243405714286,0.927
0.458674586871,0.500416492955,-0.124138234622,-1.43010787861,0.075097186262,1.9213983076,0.149323365746,-0.0141830127287,-0.102052712686,-0.000169063623733,-0.150302538819,-0.00478438448612,0.0511258325032,-0.017126868368,0.573896545124,0.818912872173,0.00228258302518,0.0,0.818872433691,-0.573834978982,-0.0119206182593,0.0,-0.00845228448722,0.00871051365607,-0.999926340207,0.0,0.652814100698,0.249544845335,0.303533605907,1.0,-0.01886,-0.0247874285714,0.944
0.458456872382,0.498919781978,-0.124137631328,-1.43242589885,0.07495401776,1.92224918612,0.148997389509,-0.0152579061945,-0.100900002717,-0.000292776914639,-0.159296873666,-0.00979846874665,0.0598541421444,-0.017561481967,0.573886783551,0.818919642012,0.00230791980766,0.0,0.818879486467,-0.573825068815,-0.0119131836476,0.0,-0.008431760183,0.00872689485207,-0.999926370653,0.0,0.652525956877,0.249182514956,0.30354800926,1.0,-0.01916,-0.0251817142857,0.959
0.458172575441,0.497066535881,-0.124138351668,-1.43538656035,0.0747665119256,1.92332874169,0.148545501333,-0.0157554815386,-0.101447701575,-0.00175884484898,-0.157530312357,-0.0144498367644,0.0626267799097,-0.0213198364057,0.573849542696,0.818945814412,0.00228085636791,0.0,0.818905260722,-0.573787893939,-0.0119320422721,0.0,-0.00846313124591,0.00871517007394,-0.999926207887,0.0,0.652155705372,0.248712967615,0.303524480403,1.0,-0.01954,-0.0256811428571,0.978
0.457913512538,0.495491364896,-0.124135567644,-1.43792823412,0.0746109536802,1.92420094454,0.148184100397,-0.0127295962271,-0.097242882772,-0.000856506240781,-0.163544961,-0.0150432955881,0.0517797254413,-0.0196365745744,0.573849834132,0.818945822102,0.00220345848505,0.0,0.818904066923,-0.573788304219,-0.0119940826805,0.0,-0.00855834996837,0.00868739073069,-0.999925639179,0.0,0.651827948196,0.248299273501,0.303487845722,1.0,-0.01986,-0.0261017142857,0.994
0.457644354852,0.49387337956,-0.124153668261,-1.44058025047,0.0744484009439,1.92514785821,0.147807210086,-0.0234349653889,-0.109590652621,0.000393779026339,-0.178888098216,-0.00816486186451,0.0690801411311,-0.0274448958001,0.573864215952,0.818935951444,0.00212508436135,0.0,0.81889311858,-0.573802956748,-0.0120405178946,0.0,-0.00864119965793,0.00865000586059,-0.99992525074,0.0,0.651495885351,0.247858260398,0.303435132975,1.0,-0.0255805714286,-0.0336201795918,1.01
0.457329339785,0.49131290902,-0.124233471065,-1.44442409825,0.0742362416372,1.92661437529,0.147253708784,-0.023725228452,-0.159061897494,-0.00102308198539,-0.252379034329,-0.0131743579069,0.103243297641,-0.0318755034619,0.573862438223,0.818936789046,0.00227693781659,0.0,0.81889609969,-0.573800716536,-0.011944141532,0.0,-0.00847515153635,0.00871903754774,-0.999926072363,0.0,0.651029128624,0.247249477449,0.303516858172,1.0,-0.0361594285714,-0.0475238204082,1.027
0.456866948473,0.488003871773,-0.124254751605,-1.44976879959,0.0739469378843,1.92860045463,0.146456217362,-0.0281790507927,-0.220332948576,-0.00320535995958,-0.339704592315,-0.0208457386775,0.127877044293,-0.0518531474355,0.573792601378,0.818985797738,0.00224957967372,0.0,0.818944348271,-0.573730586685,-0.0120048006658,0.0,-0.00854127302991,0.00873071445612,-0.999925407858,0.0,0.650344247346,0.246434204248,0.303446659607,1.0,-0.0467382857143,-0.0614274612245,1.044
0.456263989709,0.483978611258,-0.124354697354,-1.45604820464,0.0735711498957,1.93094316367,0.145498347274,-0.037056103378,-0.262066208742,-0.00526127093272,-0.419565934976,-0.0295311384013,0.145707510635,-0.0701274989925,0.573783409153,0.8189920712,0.0023094574528,0.0,0.818951629378,-0.573721384563,-0.0119477418834,0.0,-0.00846028363048,0.00874691841875,-0.999925954768,0.0,0.649572110387,0.245390898087,0.303459107568,1.0,-0.0566948571429,-0.0745132408163,1.06
0.45542017687,0.478539534814,-0.124507559865,-1.46467658461,0.0730636837328,1.93391845573,0.144200486068,-0.0529412253073,-0.32840329875,-0.0125646394279,-0.510364784667,-0.0308244698549,0.167527178346,-0.0712638810724,0.573806569846,0.81897636096,0.00211836995597,0.0,0.818933274208,-0.573745180276,-0.0120626450546,0.0,-0.00866378340276,0.00865659529236,-0.999924998295,0.0,0.648455206454,0.243923757633,0.303385961443,1.0,-0.067896,-0.0892347428571,1.078
0.454505870731,0.472820016053,-0.124637424535,-1.47355045833,0.0725220166585,1.93709453783,0.14292044399,-0.0597328886072,-0.369202900813,-0.00530268303599,-0.575434482636,-0.0299136256101,0.208168383041,-0.0822176156836,0.573883075424,0.818922745486,0.00212121869463,0.0,0.818879793347,-0.573821761364,-0.0120506072239,0.0,-0.00865148147278,0.00865282925445,-0.999925137405,0.0,0.647325642587,0.242408566817,0.303399275531,1.0,-0.0778525714286,-0.102320522449,1.094
0.453379927646,0.465896994065,-0.124713340559,-1.48403705215,0.0719015640258,1.9410314086,0.141253360222,-0.0672269983709,-0.415941296257,-0.00183434493363,-0.637148687567,-0.0344074824978,0.242335130746,-0.102987195842,0.57382764154,0.818960682038,0.00244662655328,0.0,0.818921885469,-0.573764919232,-0.0118957916751,0.0,-0.00833855771996,0.00882990011415,-0.99992624794,0.0,0.646006790939,0.240653689845,0.303531319621,1.0,-0.0884314285714,-0.116224163265,1.111
0.452049673028,0.458218849201,-0.124777083709,-1.49600533834,0.0711307074401,1.94517600607,0.13943237874,-0.083721984394,-0.468399074859,-0.0067744154983,-0.727842618384,-0.0395002615234,0.244601473504,-0.108743290794,0.573821170445,0.818965597148,0.00231558598021,0.0,0.818924740711,-0.57375860499,-0.0120032975607,0.0,-0.00850186406004,0.00878420602712,-0.999925275224,0.0,0.644410861098,0.238603560207,0.303484510636,1.0,-0.0990102857143,-0.130127804082,1.128
0.450554373287,0.449596137826,-0.12494051422,-1.50910803703,0.0702303426112,1.94980597144,0.137354362709,-0.086919719523,-0.532440159953,-0.00715670656506,-0.774059846891,-0.0622324394881,0.299003235578,-0.12526395026,0.573816642936,0.818968561113,0.00238811627656,0.0,0.818929312998,-0.573754477738,-0.0118880818345,0.0,-0.0083659339375,0.00877744662399,-0.999926481088,0.0,0.642691292826,0.236283597764,0.303575776674,1.0,-0.109589142857,-0.144031444898,1.145
0.448897336219,0.440257033567,-0.125030289883,-1.5233348118,0.0693131402425,1.95482689474,0.135157346998,-0.100649699461,-0.573010015806,-0.00873643482348,-0.848792485,-0.0612017080834,0.295160555123,-0.139950854946,0.573827495203,0.818960633994,0.00249652116275,0.0,0.81892254579,-0.57376464251,-0.0118636378331,0.0,-0.00828359627373,0.00885230948239,-0.999926506624,0.0,0.640773249087,0.233809663989,0.303635870207,1.0,-0.120168,-0.157935085714,1.162
0.447023993877,0.430063309857,-0.125122325102,-1.5386014163,0.0682916139395,1.96019817832,0.132638917038,-0.114634741364,-0.610626312555,-0.00474382520081,-0.92214084119,-0.0574339631172,0.317304398708,-0.156167804533,0.573753417773,0.819011770167,0.00273547493683,0.0,0.818976780575,-0.573689680127,-0.011744389985,0.0,-0.00804963487008,0.00897884722132,-0.999927289197,0.0,0.638699086737,0.23109961119,0.303791694324,1.0,-0.130746857143,-0.171838726531,1.179
0.444925169959,0.419303079074,-0.125205055498,-1.55500387076,0.0671242301495,1.96581902823,0.129935680243,-0.128406636695,-0.653041031087,-0.00425839461666,-0.981221702792,-0.0686230977079,0.325201435655,-0.161349785802,0.573692090651,0.819054929992,0.00267463662982,0.0,0.819019224438,-0.573628662693,-0.0117649581212,0.0,-0.00810205470683,0.00894021436602,-0.999927211989,0.0,0.636408382573,0.228129908579,0.303788250632,1.0,-0.141325714286,-0.185742367347,1.196
0.442912508718,0.409088642102,-0.12533504839,-1.57021000208,0.0660288091204,1.97123950092,0.12739977272,-0.13887008079,-0.676600383194,-0.00808998740469,-1.04264868426,-0.0692928952361,0.348278620618,-0.178483010051,0.573683414465,0.819059956863,0.00297891458546,0.0,0.819028938057,-0.573619795735,-0.0115184837274,0.0,-0.00772571315279,0.00904795452484,-0.999929221433,0.0,0.634317033945,0.225326695053,0.303939679658,1.0,-0.15066,-0.198010285714,1.211
0.440194841469,0.396171914233,-0.125453773562,-1.58958037353,0.0647389185093,1.97779724582,0.124127253233,-0.154530198352,-0.755007063054,-0.00673150231225,-1.09388030347,-0.0735586023881,0.381284119747,-0.178802447854,0.573735461599,0.81902311053,0.00308405953203,0.0,0.818992669847,-0.57367057721,-0.0115681667179,0.0,-0.00770551003145,0.00916306603925,-0.9999283291,0.0,0.631539249794,0.221694642777,0.304000767575,1.0,-0.161861142857,-0.212731787755,1.229
0.43741181099,0.383401099206,-0.125589100785,-1.60889785788,0.0632714818026,1.98419423939,0.120721914258,-0.170407775991,-0.767722862516,-0.00932588932841,-1.13905661261,-0.0850900963386,0.36624945422,-0.20837337477,0.573654645906,0.819080441597,0.00288519058712,0.0,0.819047647766,-0.57359068699,-0.0116370695909,0.0,-0.0078769293037,0.0090389416269,-0.999928123176,0.0,0.628697089991,0.217997751895,0.30393501646,1.0,-0.17244,-0.226635428571,1.246
0.43453202012,0.370670990766,-0.125726023504,-1.62782430581,0.0618523174411,1.99054010203,0.11733917235,-0.192907058528,-0.814765622052,-0.0115872493272,-1.19299013834,-0.0953608795172,0.392501729173,-0.217400294617,0.573643480523,0.819087999026,0.00295871712098,0.0,0.81905636523,-0.573579518989,-0.0115738012375,0.0,-0.00778305200155,0.00906276620195,-0.999928642639,0.0,0.625900847778,0.214306873441,0.303981594093,1.0,-0.182396571429,-0.239721208163,1.262
0.431176403937,0.356583719577,-0.125925460566,-1.64867733628,0.0602267286142,1.99740604987,0.113584830624,-0.201042825808,-0.834299238888,-0.0153162726137,-1.25472665024,-0.103032713471,0.409568623844,-0.234109254908,0.57374053997,0.819020011635,0.00295976983461,0.0,0.818988905857,-0.573677162466,-0.0115079211748,0.0,-0.00772741415085,0.00902675336014,-0.999929399905,0.0,0.622770803686,0.210105935089,0.304015837618,1.0,-0.192975428571,-0.25362484898,1.279
0.427450188914,0.341846164303,-0.12611504299,-1.67029386964,0.0586307567406,2.00439903657,0.109484434792,-0.220112236336,-0.897577907436,-0.0120806418399,-1.27353989094,-0.0913075725783,0.415608666029,-0.23882330555,0.573853038979,0.818940876286,0.00304593240509,0.0,0.818910346714,-0.573788740834,-0.0115356767175,0.0,-0.00769946371875,0.00911430418154,-0.999928821326,0.0,0.619462727377,0.205644889799,0.304074223181,1.0,-0.203554285714,-0.267528489796,1.296
0.42379000365,0.327545246443,-0.126235536019,-1.69128235792,0.0569894709858,2.0111585013,0.105424829792,-0.233124900416,-0.919579843131,-0.0121896024109,-1.30749312193,-0.107454490456,0.432266140086,-0.271930764656,0.573815549298,0.818967058313,0.0030691503308,0.0,0.81893658345,-0.573750890816,-0.011555711856,0.0,-0.00770296791506,0.00914446269142,-0.999928518989,0.0,0.616160200137,0.201341286117,0.304067769832,1.0,-0.213510857143,-0.280614269388,1.312
0.419398746208,0.310851988959,-0.126362249554,-1.71556071004,0.0549619116331,2.01882345429,0.100593866355,-0.253022104879,-0.948683406306,-0.00367243278973,-1.35024163187,-0.108618350979,0.429038086938,-0.270677791737,0.573687616182,0.819056755008,0.00304926494424,0.0,0.819026276653,-0.573623338597,-0.0115312822043,0.0,-0.0076957932136,0.00911295736577,-0.999928861857,0.0,0.612244175293,0.196289449006,0.304076815827,1.0,-0.224712,-0.295335771429,1.33
0.414870353408,0.294475556886,-0.126496893549,-1.73924887271,0.0529534710714,2.02609488677,0.0957200961302,-0.277422917628,-0.9606332933,-0.00582362266099,-1.40307558103,-0.120092623901,0.405612620976,-0.284350056474,0.57357895656,0.819133242966,0.00294240718086,0.0,0.819101330064,-0.573514977867,-0.0115900021783,0.0,-0.00780639177836,0.00905808538763,-0.999928503112,0.0,0.608327425659,0.191236447378,0.304054020466,1.0,-0.235290857143,-0.309239412245,1.347
0.410537169228,0.279486658523,-0.126673951088,-1.76062395267,0.0511912793235,2.03267204859,0.0911845888252,-0.298429011699,-0.9912029241,-0.0119065059151,-1.45655384625,-0.122942836837,0.433390808112,-0.309428956948,0.573592113415,0.819123726083,0.00302583825527,0.0,0.819092457781,-0.573527349642,-0.0116048144682,0.0,-0.00777052747941,0.00913504722791,-0.999928082321,0.0,0.604513830535,0.186230425683,0.304081375755,1.0,-0.245247428571,-0.322325191837,1.363
0.404915079733,0.261024172901,-0.126901758011,-1.7867733333,0.0488916319929,2.04048087372,0.0854716621721,-0.325355439049,-1.02490886928,-0.016245774031,-1.49234598362,-0.14561094024,0.4422774764,-0.319379310242,0.573634399086,0.819093866123,0.0030921780359,0.0,0.819063737777,-0.573569748877,-0.0115361836712,0.0,-0.00767578528665,0.00915041886184,-0.999928673534,0.0,0.600309236332,0.180639381729,0.304150542487,1.0,-0.255826285714,-0.336228832653,1.38
0.398800206769,0.242035038553,-0.12712987849,-1.81351440599,0.0464709409909,2.04823787975,0.079440213472,-0.347315123243,-1.06520230096,-0.0184165988979,-1.51268593331,-0.140768341183,0.420968460184,-0.354009313816,0.573730123906,0.819027113818,0.00301308051265,0.0,0.818995920942,-0.573665666555,-0.0115815110141,0.0,-0.00775722004939,0.00911253784307,-0.999928391032,0.0,0.595636675309,0.174435757392,0.304145383551,1.0,-0.267027428571,-0.350950334694,1.398
