position_joint1,position_joint2,position_joint3,position_joint4,position_joint5,position_joint6,position_joint7,velocity_joint1,velocity_joint2,velocity_joint3,velocity_joint4,velocity_joint5,velocity_joint6,velocity_joint7,ee_T_00,ee_T_10,ee_T_20,ee_T_30,ee_T_01,ee_T_11,ee_T_21,ee_T_31,ee_T_02,ee_T_12,ee_T_22,ee_T_32,ee_T_03,ee_T_13,ee_T_23,ee_T_33,v_x,v_y,time
0.465058474353,0.547756158046,-0.124000235101,-1.35582936159,0.0795854359042,1.8941073907,0.159159832306,-0.00192205119717,-2.43817747127e-05,0.00032822501212,0.000685464702433,-0.000132928239391,-0.000329496086042,0.000897237101956,0.573849361564,0.818946628712,0.00201902351573,0.0,0.818903674419,-0.573789803672,-0.0119490638284,0.0,-0.00862731653439,0.0085105122787,-0.999926567599,0.0,0.661681808413,0.260888712253,0.303234982429,1.0,0.0,0.0,0.0
0.465063763094,0.547753677312,-0.123997729446,-1.35583421428,0.0795855137849,1.89410900442,0.1591622336,7.28056482267e-05,-0.00100000488194,0.00125818664662,-0.000911161152414,-0.000224219232311,0.000172019662732,-0.000122563804834,0.573845538753,0.818949307086,0.00201915272726,0.0,0.818906337855,-0.573785964401,-0.0119508902625,0.0,-0.00862877793538,0.0085116259019,-0.99992654551,0.0,0.661679123625,0.260893240404,0.303234487532,1.0,-0.00014,-0.000184,0.008
0.465063737804,0.547753328821,-0.124002711866,-1.35583183736,0.079585554738,1.89410927593,0.15915846407,-0.000312955879125,-0.00368270347281,0.00074726045962,0.00100487485535,-9.66435063166e-05,-1.5766591137e-05,-0.0016976914415,0.573845835857,0.818949095647,0.00202047253768,0.0,0.81890617153,-0.573786283509,-0.0119469656954,0.0,-0.00862480337788,0.00851045779866,-0.999926589743,0.0,0.661680880974,0.260890652628,0.303236054301,1.0,-0.0004,-0.000525714285714,0.021
0.465060575218,0.547746370849,-0.124000925404,-1.35584187731,0.0795826979961,1.89410931714,0.159162752973,-0.000829035258339,-0.00289933460161,0.000753610967983,7.08843820791e-05,3.7684686256e-05,0.000461712244967,0.00116336275413,0.573850469241,0.818945857091,0.00201717791392,0.0,0.818902896941,-0.573790936848,-0.0119479317596,0.0,-0.0086274369152,0.00850836289641,-0.999926584852,0.0,0.661679346272,0.260888032661,0.303236143971,1.0,-0.00074,-0.000972571428571,0.038
0.465062763622,0.547682950051,-0.124000926066,-1.35590476237,0.0795831454347,1.89411798119,0.15916121426,0.000165497805308,-0.00261603587281,-0.000180831098303,-0.00912337781632,3.57029205883e-05,0.00084900789016,0.000537438851198,0.57385091765,0.81894551489,0.00202851041563,0.0,0.81890264587,-0.573791282186,-0.0119485553634,0.0,-0.00862144022137,0.00851800600441,-0.999926554474,0.0,0.661667740406,0.26088351159,0.303251894471,1.0,-0.00108,-0.00141942857143,0.055
0.465063036077,0.547552252918,-0.12399743136,-1.35606374591,0.0795851624155,1.89414262042,0.159153038578,8.40138652342e-05,-0.00604503378136,0.0045032873683,-0.00939841116617,0.000211418648583,0.00181461117325,-0.00351480291063,0.573850712966,0.818945642982,0.00203469169558,0.0,0.818902685885,-0.573790885082,-0.0119648714724,0.0,-0.00863125799076,0.00853242879515,-0.99992634681,0.0,0.661638672845,0.260870558403,0.30327083728,1.0,-0.00142,-0.00186628571429,0.072
0.465053189146,0.547397630766,-0.124000926721,-1.35626875146,0.0795773281283,1.89418569174,0.159150460189,-0.00123333184214,-0.010172852482,0.00266821333794,-0.0160301077593,0.000313084535199,0.010277365828,-0.00117987269612,0.573868250286,0.818933361288,0.0020317439374,0.0,0.818890299596,-0.573808367169,-0.0119742179554,0.0,-0.00864042124269,0.00853556324427,-0.99992624092,0.0,0.661608153659,0.260841369408,0.303286632734,1.0,-0.00176,-0.00231314285714,0.089
0.465031449234,0.54723409701,-0.12400106969,-1.35646083521,0.0795777607005,1.89430955748,0.15914672875,-0.00463643076267,-0.00736192608991,-0.00151149214074,-0.0134007233265,2.07310395878e-05,0.00644522645204,0.001054272502,0.573894269271,0.818914908938,0.0021181403751,0.0,0.818872946605,-0.573833998246,-0.0119325888752,0.0,-0.00855647871061,0.00858269746687,-0.999926559291,0.0,0.66159882103,0.260814748111,0.303321808279,1.0,-0.00208,-0.00273371428571,0.105
0.465019699267,0.547031394233,-0.124004090104,-1.35669750074,0.0795739260928,1.89443525409,0.15913079596,-0.000411017264728,-0.0120911335458,-0.000273440627875,-0.0107293284541,0.000335278685579,0.00280233851475,0.000498933598622,0.573905363178,0.818906916065,0.00220087224077,0.0,0.818866013715,-0.573844737922,-0.0118918140859,0.0,-0.00847549302479,0.00862716145989,-0.999926866377,0.0,0.661578948638,0.260787723278,0.303363748131,1.0,-0.00242,-0.00318057142857,0.122
0.46498860931,0.546813724753,-0.124003407332,-1.3570027796,0.07956534439,1.89457395183,0.159105785807,-0.00248069888657,-0.0136250939574,-0.00067938508589,-0.0200650519838,-0.000334642315251,0.00417604242824,-0.00548703952962,0.573924822557,0.818893146844,0.00224922354181,0.0,0.818852822544,-0.573863949871,-0.0118730346386,0.0,-0.00843216073713,0.00865617900217,-0.999926981949,0.0,0.661550768671,0.260742204366,0.303384618954,1.0,-0.00276,-0.00362742857143,0.139
0.464956279404,0.54658350777,-0.12400062372,-1.35736082126,0.0795590706756,1.89470217113,0.159045130851,-0.000570909488688,-0.0127763604534,0.00128454305488,-0.0236205106858,-0.00161111251008,0.0108499757415,-0.000973576492435,0.573913563166,0.818901008421,0.0022599387904,0.0,0.818860611095,-0.573852431101,-0.0118925950597,0.0,-0.00844214925561,0.00867606350602,-0.999926725334,0.0,0.66150259492,0.260691954756,0.303388455681,1.0,-0.0031,-0.00407428571429,0.156
0.46492358434,0.546294154475,-0.124001336316,-1.35780128285,0.079549305803,1.89485941285,0.158944328864,-0.000564201218371,-0.0203003704358,-3.06098359066e-05,-0.0235047692012,-0.00151472514455,0.0114228466324,-0.00358736825912,0.573884780686,0.818921140508,0.00227398919301,0.0,0.818880819935,-0.573823487109,-0.0118977008866,0.0,-0.00843857283974,0.00869020291218,-0.99992663274,0.0,0.661455560151,0.260629204326,0.303397194621,1.0,-0.00342,-0.00449485714286,0.172
0.46487947342,0.546025437349,-0.124001266329,-1.35826698165,0.0795353405009,1.89501465728,0.158930634343,-0.0038483825448,-0.013971155099,0.000258146472617,-0.0291913597757,0.000765075476005,0.0111845777981,-0.00692816347939,0.573931936789,0.818888171371,0.00224535611009,0.0,0.818847323124,-0.573870593076,-0.011931081943,0.0,-0.00848184133391,0.00868640004784,-0.999926299695,0.0,0.661398963047,0.260556584572,0.303379265325,1.0,-0.00374,-0.00491542857143,0.188
0.464811023429,0.545664074246,-0.1240013571,-1.35886930967,0.0795031788934,1.89522048786,0.158839753935,-0.00354372687486,-0.0244251943087,2.69005491187e-06,-0.0338129334609,-0.00327115787813,0.00762752574322,-0.0111631857232,0.573938714618,0.81888349658,0.00221760979803,0.0,0.81884221593,-0.573877410234,-0.0119536745254,0.0,-0.00851619458768,0.00867671616684,-0.999926091782,0.0,0.661330875023,0.260453262693,0.3033662461,1.0,-0.0041,-0.00538857142857,0.206
0.464752528639,0.545293435581,-0.124004498311,-1.3595297991,0.0794354681516,1.89543834822,0.158759329796,-0.00413689739349,-0.0199363142127,0.000173562055606,-0.0396837372077,-0.000182287663164,0.0137637751192,-0.00446153225342,0.573941795556,0.818881545254,0.0021394061362,0.0,0.818839457867,-0.573881027102,-0.0119689545628,0.0,-0.00857355648419,0.00862147942364,-0.999926079379,0.0,0.661252091198,0.260343035326,0.303333162767,1.0,-0.00444,-0.00583542857143,0.223
0.464694367196,0.544892991917,-0.124004455546,-1.36018353624,0.0794129205691,1.89564752845,0.15868519632,-0.00164272048578,-0.0259116524742,-0.000152982989377,-0.0481518036154,-0.00107389757724,0.0110777829562,-0.00347701539984,0.573960132945,0.818868765179,0.00211142235118,0.0,0.818826109737,-0.573899275046,-0.0120071235891,0.0,-0.0086206806849,0.0086206639758,-0.999925681247,0.0,0.661165991764,0.260235003744,0.303324556142,1.0,-0.00478,-0.00628228571429,0.24
0.464630490163,0.544462805907,-0.124009685,-1.36090765108,0.0793828975904,1.89590911407,0.158595648801,-0.00415878670641,-0.0242374502501,-0.000451024405564,-0.0415903775873,-0.000435036541622,0.0160210202722,-0.00271992126205,0.573974111633,0.818859023911,0.00208926689359,0.0,0.818815956409,-0.573913222709,-0.0120328396904,0.0,-0.00865430809003,0.00861742945363,-0.999925418649,0.0,0.661086987452,0.260130117401,0.303306234754,1.0,-0.0051,-0.00670285714286,0.256
0.464558629135,0.543983519651,-0.124007730582,-1.36170005435,0.0793441995704,1.89619062996,0.158499488136,-0.00253427906501,-0.030274005509,0.00110446218364,-0.0479730482089,-0.00361699610372,0.0180436830871,-0.00944260656525,0.573986717446,0.818850243953,0.0020671420054,0.0,0.8188067662,-0.573925800545,-0.0120582749748,0.0,-0.00868770253965,0.00861404537861,-0.999925158223,0.0,0.660993854893,0.260008811067,0.303292563833,1.0,-0.00544,-0.00714971428571,0.273
0.464476564908,0.543464836224,-0.12400628024,-1.36253836245,0.079305044641,1.89648217158,0.158380860396,-0.00666723205579,-0.0316197042106,0.000355411664546,-0.051540987346,6.99984371133e-05,0.0226489658743,-0.00177813434168,0.573991961342,0.818846611397,0.00204993132619,0.0,0.81880275821,-0.573930968713,-0.0120844197521,0.0,-0.0087189349594,0.00861501508496,-0.999924878022,0.0,0.660895872425,0.259876151947,0.303285751741,1.0,-0.00578,-0.00759657142857,0.29
0.464403592542,0.542917690107,-0.124015920399,-1.36339827217,0.0792525879848,1.89679390733,0.15827882362,-0.00256212880006,-0.0315955558145,-0.00037388642256,-0.047516960619,-0.0021765664387,0.0221818957073,-0.00584517871165,0.574008778926,0.81883483203,0.00204608717395,0.0,0.818790966414,-0.573947838106,-0.0120821916247,0.0,-0.00871913990997,0.00861076753973,-0.999924912822,0.0,0.660798494182,0.259740113397,0.303290823477,1.0,-0.00612,-0.00804342857143,0.307
0.46433348625,0.542360801987,-0.124017626262,-1.36426271103,0.0792078316451,1.89710539689,0.158175824167,-0.00828305753915,-0.034338916541,-0.00483748417018,-0.0534437553973,-0.00273638686248,0.0324583706284,-0.00711556564428,0.574019135766,0.818827554138,0.00205310964249,0.0,0.818783702818,-0.573958086743,-0.0120875788938,0.0,-0.00871941165447,0.00861972026181,-0.999924833316,0.0,0.660697157223,0.259611392539,0.30330029295,1.0,-0.00644,-0.008464,0.323
0.464248042002,0.541738663179,-0.124014434017,-1.36521803578,0.0791509526244,1.89746297166,0.158033359219,-0.00899605037334,-0.0408537196948,0.00122297353519,-0.0535230908867,-0.00506522370979,0.0238188494584,-0.0141686049576,0.574008137853,0.818835208496,0.00207506813657,0.0,0.818791619639,-0.573946971319,-0.0120790985957,0.0,-0.00869997964636,0.00863271549879,-0.999924890468,0.0,0.660589172076,0.259466619516,0.303316390813,1.0,-0.00678,-0.00891085714286,0.34
0.464166224163,0.54109464128,-0.124019560082,-1.36622375998,0.0790927016976,1.8978371789,0.157904248118,-0.007250182175,-0.0371989969957,-0.000363801859137,-0.0595092218759,-0.00505356968545,0.0213386370294,-0.00664977591428,0.574013307839,0.818831558209,0.0020853311681,0.0,0.818788101424,-0.573952094556,-0.0120741468737,0.0,-0.0086899796159,0.00863833164893,-0.999924928922,0.0,0.660474324385,0.259314637655,0.303325602419,1.0,-0.00712,-0.00935771428571,0.357
0.464076515043,0.540384048974,-0.124020272141,-1.36729250173,0.0790279056474,1.89822062225,0.157776309276,-0.00668264001937,-0.0430497370201,0.00270367161166,-0.061536699021,-0.00535859786539,0.0237576024139,-0.00678852015072,0.574024325973,0.818823778072,0.00210726278096,0.0,0.818780593311,-0.57396300302,-0.0120647454499,0.0,-0.00866957649304,0.0086510098037,-0.999924996424,0.0,0.660349737279,0.259152977997,0.303352416558,1.0,-0.00746,-0.00980457142857,0.374
0.463972570303,0.539656741252,-0.124028993037,-1.3684260131,0.0789627440316,1.89865049127,0.157639155622,-0.00736811547245,-0.0445157598803,4.85145553342e-05,-0.0695208734975,-0.00624098436382,0.0207518874634,-0.0016082245456,0.574046684575,0.818808026725,0.00213686683404,0.0,0.818765216511,-0.573985220776,-0.0120512847493,0.0,-0.00864132507586,0.00866775917247,-0.999925095921,0.0,0.660216092867,0.258965209454,0.303371714412,1.0,-0.00782,-0.0102777142857,0.392
0.463868046505,0.538899886602,-0.124029039567,-1.36959868594,0.0788927081037,1.89908946775,0.157495819862,-0.0101425712105,-0.0440585308742,5.07010586224e-05,-0.0730266191027,-0.00311273786306,0.031776771356,-0.00193309619438,0.574063099861,0.818796494952,0.00214572442293,0.0,0.818753826686,-0.574001622887,-0.0120438827249,0.0,-0.00863000581405,0.00867093567606,-0.999925166137,0.0,0.660092435599,0.258793053687,0.303379000908,1.0,-0.00814,-0.0106982857143,0.408
0.463762980435,0.538124376378,-0.124038311432,-1.37079732469,0.0788228812845,1.8995571927,0.157349714388,-0.0051239337032,-0.04510308796,0.000190090136522,-0.0717597396479,-0.00881793146556,0.0301004097307,-0.0111094162438,0.574083689407,0.818781964522,0.00218152028766,0.0,0.818739815226,-0.57402211158,-0.0120198703394,0.0,-0.00858957754377,0.00868667627327,-0.999925377622,0.0,0.659961868633,0.258606653688,0.303397087524,1.0,-0.00848,-0.0111451428571,0.425
0.463648286065,0.537328116087,-0.124044600988,-1.37206754083,0.0787515809407,1.90002373672,0.157186519283,-0.00732224124919,-0.0439940956482,0.000273171771454,-0.0758136159539,-0.0058768371616,0.0263608782479,-0.00442665593657,0.574099389165,0.818770971508,0.00217588530541,0.0,0.818728709964,-0.574037793784,-0.0120273725581,0.0,-0.00859878866715,0.00868653425068,-0.999925299688,0.0,0.659816645433,0.258407101205,0.303395428688,1.0,-0.00882,-0.011592,0.442
0.463544956486,0.536481325745,-0.124046376733,-1.37337831926,0.0786790709637,1.90051962343,0.157027834787,-0.00114684472066,-0.0526949581006,0.000379939761636,-0.0767450379514,-0.0119951077651,0.0278127028489,-0.00161520527495,0.574108156159,0.818764745088,0.00220547834147,0.0,0.818722824617,-0.574046390362,-0.0120176979548,0.0,-0.00857378559351,0.0087053014755,-0.999925351177,0.0,0.659665017406,0.258215324025,0.303412381926,1.0,-0.00916,-0.0120388571429,0.459
0.463430013354,0.535673969608,-0.124049264789,-1.37466917477,0.0786017764732,1.90097870733,0.15686151421,-0.00849560726149,-0.0495584513769,0.0021308548271,-0.0825148937884,-0.0070175706427,0.0281300511052,-0.0127924238298,0.574118302671,0.81875768743,0.00218419622982,0.0,0.818715451044,-0.574056585824,-0.0120330127041,0.0,-0.00859843497048,0.00869677547104,-0.99992521371,0.0,0.659512843088,0.258013839586,0.30340766882,1.0,-0.00948,-0.0124594285714,0.475
0.463311750409,0.534773617677,-0.124052477413,-1.3761013509,0.0785258014385,1.90150312233,0.156681734376,-0.009089078809,-0.0474588661321,0.000861793423276,-0.082485332192,-0.00893909807234,0.0322759424593,-0.0141868361422,0.574128474163,0.818750560349,0.00218219733502,0.0,0.81870819119,-0.574066656552,-0.012046510512,0.0,-0.00861052628319,0.00870299509183,-0.999925055548,0.0,0.659343869834,0.257799078,0.303406847188,1.0,-0.00982,-0.0129062857143,0.492
0.463183957063,0.533869980583,-0.124056210589,-1.37757805292,0.07844544073,1.90204478802,0.156498770901,-0.0103734839511,-0.0484493196831,0.000150866286671,-0.0894403429108,-0.0130164417413,0.0377778670852,-0.0126968608823,0.574145382882,0.818738767527,0.00215795361966,0.0,0.818695986408,-0.574083569518,-0.0120699606739,0.0,-0.00864346542289,0.00869678759986,-0.99992482537,0.0,0.65917052024,0.257572966801,0.303388490073,1.0,-0.01016,-0.0133531428571,0.509
0.463060097108,0.533007460763,-0.124060933751,-1.3789668958,0.0783674011333,1.90256907569,0.156329226226,-0.0105386204145,-0.0570833156102,7.61784276194e-05,-0.0878576360159,-0.0040867680365,0.0307242461994,-0.0071851460591,0.574166495129,0.818723965532,0.00215662580035,0.0,0.818681131713,-0.57410464914,-0.0120749043148,0.0,-0.00864805114735,0.00869876181846,-0.999924768547,0.0,0.659011794467,0.257357978242,0.303381296037,1.0,-0.01048,-0.0137737142857,0.525
0.462936680123,0.532057811073,-0.124062677847,-1.38051462391,0.0782842623033,1.9031399437,0.156133618243,-0.0049249345377,-0.0604492775109,-0.000234712828531,-0.0947559082943,-0.00270407976929,0.0328547543274,-0.0139566598737,0.574170933994,0.818720903404,0.00213723795129,0.0,0.81867769819,-0.574109051826,-0.0120983469242,0.0,-0.0086783289545,0.00869639563228,-0.999924526807,0.0,0.658826755306,0.257129651092,0.303363683117,1.0,-0.01082,-0.0142205714286,0.542
0.462805015358,0.531056191617,-0.124064752213,-1.38211690022,0.0781843566599,1.90372394437,0.155927494758,-0.00927406757268,-0.0564278994682,-0.000929714615249,-0.0917630164803,-0.000288793448876,0.0372644742312,-0.00653551956822,0.5741719209,0.818720255695,0.00212015694877,0.0,0.818676824422,-0.574110109353,-0.0121072868356,0.0,-0.00869544485037,0.00868755475974,-0.999924454962,0.0,0.658635677497,0.256888122805,0.30335764079,1.0,-0.01116,-0.0146674285714,0.559
0.462665572243,0.530016876048,-0.12405954287,-1.3837687195,0.078078799267,1.90430852048,0.15571321275,-0.00956613837179,-0.0599640877994,0.00134440315538,-0.088770044334,-0.00818579865989,0.0351659913737,-0.0229349796018,0.574168294566,0.81872286426,0.00209474430357,0.0,0.818679057926,-0.574106550903,-0.01212498351,0.0,-0.00872456277614,0.00867687145328,-0.999924294087,0.0,0.658434324415,0.256639486206,0.303354149602,1.0,-0.0115,-0.0151142857143,0.576
0.462527046122,0.528968849134,-0.124062138163,-1.3854228803,0.0779829052545,1.90492693497,0.155483715175,-0.00578879038562,-0.0648086710195,-0.0012010862892,-0.0940867240658,-0.00483741489022,0.037512116796,-0.0115109901393,0.574159754125,0.818728824478,0.00210608939371,0.0,0.818685125477,-0.574097921423,-0.0121238954825,0.0,-0.00871724898729,0.00868544413055,-0.999924283449,0.0,0.658239954357,0.256390615844,0.303358642918,1.0,-0.01184,-0.0155611428571,0.593
0.462390690938,0.527947597248,-0.12406280854,-1.3870386784,0.077879083232,1.90555582441,0.155265177687,-0.00852053620366,-0.0612195947571,-0.00122339178501,-0.0962923657859,-0.00474610919509,0.0423573137463,-0.0150885839793,0.574152776526,0.818733656232,0.00212985025807,0.0,0.818690348962,-0.574090922958,-0.0121025449407,0.0,-0.00868620040488,0.00869256499057,-0.999924491767,0.0,0.658054926056,0.256147948163,0.303363133877,1.0,-0.01216,-0.0159817142857,0.609
0.462242770979,0.52677859299,-0.124065975244,-1.38880214726,0.0777684727251,1.90622293835,0.155024188574,-0.0053668537987,-0.0675454225075,-0.000545776152842,-0.105221053673,-0.00196968639392,0.0339910019632,-0.0103718190301,0.574144397675,0.81873937591,0.00218903051144,0.0,0.818696902117,-0.574082353171,-0.0120657010473,0.0,-0.00862214676127,0.00871977504139,-0.999924809227,0.0,0.657850240577,0.255882165562,0.303404432725,1.0,-0.0125,-0.0164285714286,0.626
0.462086049572,0.525608962523,-0.124063707656,-1.39063882517,0.0776526233247,1.90688537382,0.154781809565,-0.0124672062924,-0.0704109691309,0.000619688360821,-0.106325430468,-0.00528053207563,0.0411330988519,-0.0163305411532,0.574140411464,0.818742186501,0.0021833161258,0.0,0.818699614116,-0.574078367474,-0.0120713191409,0.0,-0.00863006982581,0.00871828006208,-0.999924753913,0.0,0.657628188913,0.255603964321,0.303410464591,1.0,-0.01284,-0.0168754285714,0.643
0.461931242468,0.524428205314,-0.124076813271,-1.39251215235,0.0775376248237,1.90755916369,0.154513171759,-0.00677399607468,-0.0704832985223,-0.000982115437318,-0.115330079266,-0.00839106439999,0.041165251691,-0.0196562369509,0.574126222013,0.818752188925,0.00216361488751,0.0,0.818709371782,-0.574064276323,-0.0120796567173,0.0,-0.00864835787179,0.00870678709228,-0.999924696047,0.0,0.657402453431,0.255314813001,0.303408065317,1.0,-0.01318,-0.0173222857143,0.66
0.461777594718,0.523303864652,-0.124085816421,-1.394303321,0.0774284279826,1.90822611571,0.154274991111,-0.0102813805214,-0.0674495127765,-0.00140606928318,-0.113365314558,-0.00620590986461,0.0419114309003,-0.014647714607,0.574130203506,0.818749406202,0.00216013158826,0.0,0.818706567048,-0.574068295797,-0.0120787306395,0.0,-0.00864955700997,0.00870344556545,-0.999924714765,0.0,0.657191055829,0.255038316058,0.30340408719,1.0,-0.0135,-0.0177428571429,0.676
0.461614294836,0.522067200838,-0.124084353926,-1.396249754,0.0773033145744,1.90898203629,0.154019250865,-0.00785425055977,-0.0735031259676,0.00048629343786,-0.118105773296,-0.00742913229104,0.0497085691536,-0.0123463161644,0.574124229615,0.818753506042,0.00219367583683,0.0,0.818711185984,-0.574062262261,-0.0120523812478,0.0,-0.00860878863506,0.00871571884953,-0.999924959686,0.0,0.656964181425,0.254748102974,0.30341220286,1.0,-0.01384,-0.0181897142857,0.693
0.461445273559,0.520806713312,-0.124095418403,-1.39827083007,0.0771828027571,1.90975350167,0.153742692963,-0.0094086746546,-0.0797256678253,-0.00320917214157,-0.113957196193,-0.0118008100581,0.0471695389615,-0.0144731966806,0.574119755184,0.818756628504,0.00219929283491,0.0,0.818714412318,-0.574057795696,-0.0120459605452,0.0,-0.00860035442969,0.0087165844813,-0.999925024719,0.0,0.656726808427,0.254440122336,0.303402968205,1.0,-0.01418,-0.0186365714286,0.71
0.461282390038,0.519481994008,-0.124098266294,-1.40030779307,0.0770549277355,1.91048952103,0.153469803208,-0.00695435825361,-0.0773280349529,-0.000538448566478,-0.119552307577,-0.0108460343654,0.044179466695,-0.0179792867146,0.574105555897,0.818766535633,0.00221759272767,0.0,0.818724555472,-0.574043518585,-0.012036940614,0.0,-0.00858261467586,0.00872624010982,-0.999925092924,0.0,0.656476554965,0.254136418288,0.303427495968,1.0,-0.01452,-0.0190834285714,0.727
0.461106377808,0.518149176665,-0.12410713394,-1.40240485767,0.0769205074765,1.91124282749,0.153194561328,-0.0150933083625,-0.0769575120798,-0.00172560554782,-0.12680925839,-0.00314690492547,0.0515307288865,-0.0174467680359,0.574105580571,0.818766558576,0.00220268379998,0.0,0.818724417605,-0.574043640038,-0.0120405253649,0.0,-0.00859410835328,0.00871609162806,-0.999925082718,0.0,0.656220073229,0.253813733068,0.303430419675,1.0,-0.01486,-0.0195302857143,0.744
0.460939919913,0.516856861192,-0.124104135958,-1.4044049485,0.0767935666306,1.91196116109,0.152910285193,-0.00884576061442,-0.0756197632613,-0.00025103479449,-0.126455403341,-0.00979554315412,0.0501781382302,-0.0137835175754,0.574078492506,0.818785530166,0.00221064107675,0.0,0.818743461422,-0.574016489967,-0.0120399553653,0.0,-0.00858936217733,0.00872199527852,-0.999925072021,0.0,0.655972243843,0.253514103044,0.303447255643,1.0,-0.01518,-0.0199508571429,0.76
0.460749907429,0.5154986656,-0.124108646763,-1.40658402333,0.0766513507353,1.91279400076,0.152616241874,-0.0144891861384,-0.0869056461995,-2.3374749438e-05,-0.129267444174,-0.0123846157328,0.0405587309824,-0.0153526511303,0.574073448814,0.818789062875,0.0022119637999,0.0,0.818747114378,-0.574011545992,-0.0120272468585,0.0,-0.00857825058166,0.00871572986686,-0.999925222039,0.0,0.655714345156,0.253179577127,0.303434939315,1.0,-0.01552,-0.0203977142857,0.777
0.460569488221,0.514122022852,-0.124106524085,-1.40882202635,0.0765221976116,1.91358959292,0.152310357635,-0.00719402669985,-0.0809706289421,0.000682513409017,-0.137533413621,-0.00891682951588,0.0435240442575,-0.0239512170852,0.574052197866,0.818804100422,0.00216012909268,0.0,0.818761294474,-0.573990333625,-0.0120742071425,0.0,-0.00864668357447,0.00870002274217,-0.999924769404,0.0,0.65542999928,0.252848143261,0.303403694461,1.0,-0.01586,-0.0208445714286,0.794
0.460372470427,0.51271040391,-0.124112081768,-1.41109818818,0.0763825331168,1.91437008282,0.151993642748,-0.00726975482769,-0.082825457455,-0.000893959275437,-0.135617996357,-0.0151385664893,0.0388830227957,-0.0218898914384,0.574039635821,0.818813094089,0.00208814666166,0.0,0.818769229882,-0.573977965615,-0.0121239468986,0.0,-0.00872886435755,0.00866950321125,-0.999924320457,0.0,0.655140101198,0.252494674873,0.303377267892,1.0,-0.0162,-0.0212914285714,0.811
0.460176654513,0.511275221514,-0.124113491595,-1.41339058662,0.0762422883752,1.9152458632,0.151662296159,-0.00828083371838,-0.0858518958094,0.00150080276206,-0.138975784832,-0.00739820379793,0.0536736754814,-0.00980994306935,0.574012074519,0.818832382087,0.00210125061733,0.0,0.818788692248,-0.573950353928,-0.0121167476594,0.0,-0.00871573961856,0.0086758067416,-0.999924380271,0.0,0.654863906021,0.252149132502,0.303367289559,1.0,-0.01654,-0.0217382857143,0.828
0.459982648908,0.509896372414,-0.124116924661,-1.41559698057,0.076102666199,1.91607876529,0.151341440797,-0.0128899517915,-0.0883770471091,0.000636468778584,-0.136154427159,-0.010577696149,0.055264313355,-0.0234722229084,0.573988239833,0.818849091585,0.00210062946881,0.0,0.818805430125,-0.573926561325,-0.0121126671032,0.0,-0.00871300715885,0.00867270226238,-0.999924431016,0.0,0.654597255984,0.251810343754,0.303354696291,1.0,-0.01686,-0.0221588571429,0.844
0.459780582202,0.508394600843,-0.124126338334,-1.41796665967,0.075954557242,1.9169151272,0.151027690396,-0.00749714191192,-0.0805932303041,-0.00141464360322,-0.13979598344,-0.00630367717241,0.0539269633966,-0.0228876621442,0.573986514677,0.818850376818,0.00207081042707,0.0,0.818806288568,-0.573924929547,-0.0121319391262,0.0,-0.00874592158264,0.00865932877435,-0.999924259572,0.0,0.654298451915,0.251444036221,0.303350399651,1.0,-0.0172,-0.0226057142857,0.861
0.459570384134,0.506858459611,-0.124125558582,-1.42036758137,0.0757992797001,1.91779228813,0.15069452941,-0.0174243795709,-0.0886326916493,0.000576723944229,-0.140615990963,-0.0141774559204,0.0511825480892,-0.0188440209847,0.573967648968,0.818863584663,0.00207714985046,0.0,0.818819589174,-0.573906048339,-0.0121274468181,0.0,-0.00873880396088,0.00866173989073,-0.999924300919,0.0,0.654000381839,0.251076777381,0.303357936519,1.0,-0.01754,-0.0230525714286,0.878
0.459353488126,0.505272614737,-0.124131834248,-1.42283244021,0.0756432755696,1.91873150733,0.150357843912,-0.0137916957857,-0.0897921576368,0.000814345239418,-0.140648720746,-0.0108195512358,0.0562346217709,-0.0250326910154,0.57395939967,0.818869249785,0.00212277847882,0.0,0.818825928376,-0.573897679646,-0.0120954213122,0.0,-0.00868647817399,0.00868063394288,-0.999924593003,0.0,0.653703004594,0.250698197892,0.303374836796,1.0,-0.01788,-0.0234994285714,0.895
0.459146652705,0.503699616929,-0.124130235458,-1.42517555327,0.0754960538598,1.91962137548,0.150027894067,-0.0161473329644,-0.0965759763617,0.000815696810151,-0.146709932517,-0.00663995755977,0.0533163762641,-0.0230204219611,0.57393831297,0.818883761433,0.00222375077617,0.0,0.818841800616,-0.573876209276,-0.0120394722472,0.0,-0.00858293590179,0.00873098257876,-0.999925048768,0.0,0.653418881068,0.250343232082,0.30343549732,1.0,-0.0182,-0.02392,0.911
0.458912055948,0.502007361164,-0.124142956948,-1.42767154816,0.0753392980588,1.92054571949,0.149683892435,-0.0194286785703,-0.0995888265006,0.000377887116829,-0.148832321264,-0.00984766283323,0.0564218418986,-0.0198418372632,0.573943366316,0.818879942456,0.0023235763438,0.0,0.818839363366,-0.573880931611,-0.0119799931823,0.0,-0.00847688317714,0.00877864240563,-0.999925536172,0.0,0.653117700145,0.249946103626,0.303509465721,1.0,-0.01854,-0.0243668571429,0.928
0.458677301135,0.500289841476,-0.124141540552,-1.43025323493,0.0751704948609,1.92145252788,0.149320633805,-0.0127769366649,-0.10011010332,-0.000117180482525,-0.150594620592,-0.00772511740063,0.060677102239,-0.0234621249281,0.573922916142,0.818894176335,0.00235821822682,0.0,0.818854029134,-0.573860323339,-0.0119647469427,0.0,-0.00844473630586,0.00879804834254,-0.999925637622,0.0,0.652789391276,0.249544390252,0.303557675634,1.0,-0.01888,-0.0248137142857,0.945
0.458438741216,0.498704945839,-0.124144759743,-1.43272139697,0.0750177178385,1.92236464491,0.148972175877,-0.0241428994288,-0.0987289522192,-0.000869936097391,-0.150840183992,-0.00849079241405,0.0604008462789,-0.024672991124,0.573914764603,0.818899843385,0.00237410533103,0.0,0.818859853114,-0.573852056565,-0.0119626516717,0.0,-0.00843399073419,0.00880977157626,-0.999925625097,0.0,0.652466144576,0.249131819169,0.303557533355,1.0,-0.01922,-0.0252605714286,0.962
0.458170303586,0.496939075562,-0.124146519112,-1.43552632294,0.0748509604124,1.92339256139,0.148549060698,-0.0170062242266,-0.103865491208,-0.00132473137759,-0.152114127662,-0.010744854177,0.0577608834833,-0.022399347069,0.573891701024,0.818916005576,0.00237449123744,0.0,0.818875927898,-0.573828897865,-0.0119732028057,0.0,-0.00844265827314,0.00881590517368,-0.999925497893,0.0,0.652135933625,0.248709462589,0.303552670405,1.0,-0.01956,-0.0257074285714,0.979
0.457904446806,0.495286064118,-0.124139555566,-1.43825379876,0.074681271521,1.92431819679,0.148164353839,-0.010642023875,-0.0914894458542,0.000829923393161,-0.161954536994,-0.0120129184802,0.0644290803699,-0.0203697906995,0.573880999318,0.818923857277,0.00224977886848,0.0,0.818881914233,-0.573818465629,-0.0120634135503,0.0,-0.008588217848,0.00876543581163,-0.99992470199,0.0,0.651777301527,0.248274164559,0.303486349442,1.0,-0.0199,-0.0261542857143,0.996
0.45761214772,0.493546286173,-0.12417479908,-1.44099069518,0.0745157849614,1.92530794155,0.147776782255,-0.0139725064892,-0.127863990194,-0.00544475525076,-0.188443820847,-0.0101751062004,0.0695220251337,-0.0116203092321,0.573921412555,0.818895567987,0.00223782104629,0.0,0.818853509372,-0.573858965376,-0.0120650299705,0.0,-0.00859597139925,0.00875699525958,-0.999924709321,0.0,0.651446014093,0.247801960118,0.3034820457,1.0,-0.0295405714286,-0.0388247510204,1.012
0.457270867356,0.490542145359,-0.124260999339,-1.44552601222,0.0742804193676,1.92704901826,0.147094927171,-0.0220678492135,-0.193741245158,-0.00277572884445,-0.309538312246,-0.0203806256041,0.118658708852,-0.0461278515357,0.57386945883,0.818931455264,0.0024213019143,0.0,0.818891836327,-0.573806311486,-0.0119676312441,0.0,-0.00841147329725,0.00885081284198,-0.999925452336,0.0,0.650886333158,0.247110979098,0.303567051079,1.0,-0.044316,-0.0582438857143,1.029
0.456699560768,0.486413059045,-0.124302120109,-1.4520696362,0.0739291027656,1.92955068411,0.146115202698,-0.0445559490523,-0.273925542676,-0.00117143453849,-0.425533110912,-0.0156230306942,0.165874389887,-0.0579950525691,0.573797007977,0.818981951842,0.00251059670366,0.0,0.818943194465,-0.573733193812,-0.011958823466,0.0,-0.00835380875543,0.00891814491013,-0.999925337498,0.0,0.650066570494,0.246106761106,0.303540398669,1.0,-0.0590914285714,-0.0776630204082,1.046
0.455780963856,0.480286234825,-0.124480425996,-1.46181364032,0.0733470861692,1.93302033644,0.144609149141,-0.0526763656086,-0.349513606273,-0.00903780864115,-0.561795190876,-0.029331614015,0.196852365927,-0.0846588852529,0.573766775971,0.819003572555,0.00236259079039,0.0,0.818962987955,-0.573703670811,-0.0120195407079,0.0,-0.00848878320657,0.00883145756657,-0.999924970144,0.0,0.648826205868,0.244473609007,0.303459701922,1.0,-0.0756051428571,-0.0993667591837,1.065
0.454841199086,0.474289247682,-0.124627227238,-1.47124263631,0.0727767664525,1.9362795601,0.14324852791,-0.0688465819468,-0.417168690149,-0.00899488194843,-0.66919738202,-0.0377811124692,0.234835730092,-0.0917776185775,0.573830942649,0.818959060164,0.00220316451243,0.0,0.818916270373,-0.573768371978,-0.012113807725,0.0,-0.0086567731437,0.00875565354491,-0.999924196532,0.0,0.647599131205,0.242870561263,0.303410985967,1.0,-0.0886422857143,-0.116501289796,1.08
0.453676595604,0.466843225414,-0.124765854353,-1.4826037041,0.0721157292164,1.94045396982,0.141483839527,-0.0740102681719,-0.499645315872,-0.010872918451,-0.751217952418,-0.0514470008033,0.281692663889,-0.122550815186,0.573805476523,0.818976265368,0.0024287397054,0.0,0.818936331825,-0.573741874462,-0.0120121940607,0.0,-0.00844439474029,0.00888181692486,-0.999924899943,0.0,0.646153208007,0.240966284419,0.303512664606,1.0,-0.102548571429,-0.134778122449,1.096
0.452179135527,0.457912987527,-0.124864866208,-1.4964756768,0.0712308731557,1.94540147843,0.139314952162,-0.0911153910553,-0.554599280672,-0.0086012832404,-0.844178710155,-0.0534814732874,0.300784413612,-0.125754439472,0.573737030672,0.819024246213,0.00241881200514,0.0,0.818984052138,-0.573673340441,-0.0120319454825,0.0,-0.0084670101326,0.00888431218223,-0.999924686532,0.0,0.644329098502,0.238614263374,0.303493400016,1.0,-0.117324,-0.154197257143,1.113
0.450403059312,0.447683586861,-0.12504058236,-1.51203561235,0.0701655458746,1.95090594293,0.136869757941,-0.102700096794,-0.623791422604,-0.0114516488726,-0.939684800385,-0.0704539496104,0.340864915385,-0.149176213709,0.573737029271,0.819023980745,0.00250741075357,0.0,0.818985617291,-0.573673700507,-0.01190759922,0.0,-0.00831433378531,0.00888553502016,-0.999925956819,0.0,0.642279621487,0.235870952252,0.303591952565,1.0,-0.132099428571,-0.173616391837,1.13
0.448377787876,0.436501342945,-0.125167035796,-1.52931285493,0.0690455960706,1.95681217235,0.13416165992,-0.123210594339,-0.686250575855,-0.0103642062283,-1.05544055457,-0.0706953344547,0.359099408994,-0.17242548128,0.573733406975,0.81902700465,0.00234313373863,0.0,0.818985870321,-0.573670079628,-0.0120636169937,0.0,-0.00853640672546,0.00884046370876,-0.99992448513,0.0,0.639901522279,0.232834850812,0.303532878666,1.0,-0.146874857143,-0.193035526531,1.147
0.446203095891,0.424798726965,-0.125327056765,-1.54682489623,0.0678446019122,1.96294840742,0.131257669326,-0.142550500712,-0.735300044075,-0.0105880588075,-1.11055430627,-0.0756134665438,0.387756859948,-0.187219795368,0.573680063605,0.819063652676,0.00258154757607,0.0,0.81902599594,-0.573616176881,-0.0119015333392,0.0,-0.0082674550924,0.00894219914265,-0.999925840381,0.0,0.637514797525,0.229675573558,0.303704647464,1.0,-0.160781142857,-0.211312359184,1.163
0.443584974208,0.41144498852,-0.125500817741,-1.56673135675,0.0664022983483,1.9699916751,0.127928526813,-0.157596260607,-0.798933310037,-0.00695669780326,-1.20276868889,-0.0880404669915,0.422769612192,-0.203414913561,0.573657562652,0.81907828842,0.00291635942114,0.0,0.819045987314,-0.57359360114,-0.0116102668813,0.0,-0.00783706331042,0.009049124106,-0.999928344329,0.0,0.634784788539,0.226003900046,0.303899016662,1.0,-0.175556571429,-0.230731493878,1.18
0.440627349508,0.397148971821,-0.125680147037,-1.58805632798,0.0649912996936,1.97730559384,0.124306617753,-0.184268252251,-0.871864124423,-0.0136137934781,-1.27066934054,-0.0850626880512,0.454049259806,-0.223022806983,0.573716766351,0.819035882957,0.0031688070862,0.0,0.819006285896,-0.573651310793,-0.0115595929318,0.0,-0.00765007835255,0.00922738285524,-0.999928163273,0.0,0.631760012248,0.222003018447,0.304032212458,1.0,-0.190332,-0.250150628571,1.197
0.437340458399,0.382054791621,-0.125852057186,-1.61071056937,0.0633187611182,1.98486676784,0.12032498405,-0.199512493804,-0.922790482226,-0.011716469947,-1.3517109349,-0.0980498155929,0.442973382659,-0.244884480556,0.57367857913,0.819062856571,0.00310994129999,0.0,0.819032570699,-0.573613404356,-0.0115783150114,0.0,-0.0076996119925,0.00918955144947,-0.999928131477,0.0,0.62844729289,0.217656759214,0.30403765609,1.0,-0.205107428571,-0.269569763265,1.214
0.433916320615,0.366956591548,-0.126014373672,-1.63322860046,0.0616107938396,1.99232850441,0.116308342515,-0.221352884729,-0.937730857059,-0.00902768170646,-1.41575447159,-0.108689400704,0.461975451106,-0.249072930349,0.573658340767,0.819077148387,0.00307895432423,0.0,0.819046619285,-0.573593456374,-0.0115727759847,0.0,-0.00771307680021,0.00916080297346,-0.999928291497,0.0,0.625086933102,0.213262136396,0.304043995728,1.0,-0.219013714286,-0.287846595918,1.23
0.429843491519,0.35010494006,-0.126233304128,-1.65823101836,0.0596746037448,2.00050565669,0.111689608913,-0.253486628672,-0.998340238457,-0.0111288004636,-1.51324824551,-0.113174197325,0.476716154122,-0.285809025597,0.57369508924,0.81905162221,0.00302186010795,0.0,0.819020577101,-0.57363064807,-0.0115724146413,0.0,-0.00774512253036,0.00911417853609,-0.999928469855,0.0,0.621293284827,0.208215444283,0.30403231337,1.0,-0.233789142857,-0.307265730612,1.247
0.425384334057,0.332351646321,-0.126461584532,-1.68420779588,0.0576748565611,2.00893078629,0.106730194487,-0.269020100563,-1.05785119248,-0.0113599741667,-1.55061138738,-0.129404756612,0.498862095939,-0.301468103984,0.573738403621,0.81902082714,0.00314258226354,0.0,0.818991243394,-0.573673452556,-0.0115264902706,0.0,-0.00763776662906,0.00918711436311,-0.999928628178,0.0,0.617266658235,0.202875534319,0.30409557898,1.0,-0.248564571429,-0.326684865306,1.264
0.420591232089,0.313840109114,-0.126626082106,-1.7111550915,0.0554555665224,2.0174371454,0.10140553293,-0.299903136956,-1.08553801785,-0.014457290127,-1.60303940006,-0.141968100914,0.496228809461,-0.323251043612,0.573587894036,0.81912635402,0.00311301575181,0.0,0.819096441194,-0.573523119608,-0.0115324845305,0.0,-0.0076613230051,0.00916493009184,-0.999928651548,0.0,0.612677631561,0.196963358978,0.304111722384,1.0,-0.264209142857,-0.347246302041,1.282
0.415317055741,0.294539539731,-0.126831658821,-1.73897916964,0.0531137724949,2.02602022933,0.0956509284789,-0.325773055624,-1.15137550903,-0.0174621576701,-1.63626570937,-0.150672327615,0.490123217673,-0.349292286167,0.573467975513,0.819210425777,0.00308322253547,0.0,0.819180233875,-0.573403437668,-0.0115320856486,0.0,-0.00767942224602,0.00913917272543,-0.99992874846,0.0,0.608359105093,0.191357517074,0.304140100358,1.0,-0.278115428571,-0.365523134694,1.298
0.409526318399,0.274511303863,-0.127045325334,-1.76753627593,0.0507694018541,2.03469698504,0.0895851447456,-0.347237697736,-1.17608436411,-0.015814913166,-1.67562697302,-0.141777020973,0.500670706425,-0.366986028808,0.57345935622,0.819216052413,0.00318953517235,0.0,0.81918644032,-0.57339352678,-0.0115838829144,0.0,-0.00766099150931,0.00925588820726,-0.999927816266,0.0,0.603556216725,0.185108594336,0.304190839065,1.0,-0.292890857143,-0.384942269388,1.315
0.403525182037,0.254940568104,-0.127371157072,-1.7950580057,0.0483339640589,2.04297183266,0.0834932694958,-0.386143844453,-1.22879986435,-0.0219658600469,-1.706494022,-0.155167958467,0.507913451254,-0.384232916082,0.57355588036,0.819147792826,0.00336043355996,0.0,0.819120938369,-0.573490188397,-0.0114297435882,0.0,-0.00743561671614,0.0093083773521,-0.999929030339,0.0,0.598872749308,0.17881164522,0.3042990261,1.0,-0.306797142857,-0.403219102041,1.331
0.396639687178,0.23350786615,-0.127674928833,-1.82494633007,0.0456066165309,2.05176791602,0.07658509068,-0.415557584053,-1.26625510618,-0.014201260809,-1.75670843203,-0.16686716272,0.537404122572,-0.422042244597,0.573575427241,0.81913335276,0.00353928839776,0.0,0.819109276893,-0.573509836524,-0.0112786001089,0.0,-0.00720899960679,0.00936837220653,-0.999930129522,0.0,0.593642429191,0.171856093106,0.304390580105,1.0,-0.321572571429,-0.422638236735,1.348
0.389291941883,0.211334075009,-0.127918408901,-1.85553106116,0.0427707326248,2.06046134865,0.0691823629756,-0.443129613122,-1.33748718237,-0.01852840566,-1.81754137282,-0.180239728955,0.521413431455,-0.456818818457,0.57341350171,0.819245980648,0.00370488189236,0.0,0.819223931104,-0.573347367576,-0.0112113201925,0.0,-0.00706078066723,0.00946403249048,-0.999930286303,0.0,0.588092226226,0.16468863951,0.30447191381,1.0,-0.336348,-0.442057371429,1.365
0.381238741436,0.188609144789,-0.128248802617,-1.88672197808,0.0397533585826,2.06889471109,0.0612960794361,-0.48731984006,-1.36187335533,-0.0268798627986,-1.85207944782,-0.186544620726,0.494813836108,-0.469371436885,0.573357948607,0.819285357741,0.00359336346071,0.0,0.819261583284,-0.573291727781,-0.0113048623686,0.0,-0.00720200132375,0.00942581881128,-0.999929640083,0.0,0.582262985856,0.15708935301,0.304443802191,1.0,-0.351123428571,-0.461476506122,1.382
0.372397671718,0.165217129025,-0.128732476971,-1.91841867589,0.036649934602,2.07715938039,0.0528958350938,-0.519781637193,-1.38115278461,-0.0247918517284,-1.88118690553,-0.193915376244,0.470303903521,-0.497894775064,0.57353438718,0.819162238528,0.00350436758601,0.0,0.81913669378,-0.573467584346,-0.0114347500838,0.0,-0.00735741591448,0.00942895999675,-0.999928479015,0.0,0.576205982535,0.149026012391,0.304417555787,1.0,-0.365898857143,-0.480895640816,1.399
