position_joint1,position_joint2,position_joint3,position_joint4,position_joint5,position_joint6,position_joint7,velocity_joint1,velocity_joint2,velocity_joint3,velocity_joint4,velocity_joint5,velocity_joint6,velocity_joint7,ee_T_00,ee_T_10,ee_T_20,ee_T_30,ee_T_01,ee_T_11,ee_T_21,ee_T_31,ee_T_02,ee_T_12,ee_T_22,ee_T_32,ee_T_03,ee_T_13,ee_T_23,ee_T_33,v_x,v_y,time
0.465093907451,0.547810959779,-0.123982243639,-1.35578270512,0.0794905917792,1.89409197829,0.159156583104,-0.000166446362529,-0.000560928621998,0.000837316406379,6.67528191543e-05,0.000100236616448,-0.000161564344005,-0.00160854173185,0.573777423079,0.818997202455,0.00194885555382,0.0,0.818954131542,-0.573718947803,-0.0118931183196,0.0,-0.00862250128429,0.00842018820406,-0.999927373814,0.0,0.66167992408,0.26091096331,0.303216255816,1.0,0.0,0.0,0.0
0.465093900068,0.547813899841,-0.123984952638,-1.35578270512,0.0794930714168,1.89408737721,0.159159775795,0.000276699027999,0.000507879262457,-0.000108594628372,-0.000264906105597,-0.000280352486129,-0.000399883096372,-0.000317771854015,0.573782566528,0.818993612441,0.00194320104417,0.0,0.818950453201,-0.573724099657,-0.0118978811747,0.0,-0.00862959356057,0.00841834425167,-0.999927328157,0.0,0.661679412541,0.260909439855,0.303213867665,1.0,-6e-05,-7.88571428571e-05,0.004
0.465091405535,0.547815181521,-0.123989591143,-1.35578091767,0.0794907143256,1.89408996709,0.159162041282,-0.000293274255345,-0.00156554910855,-0.00110562313297,0.000275111598276,0.000125200151013,0.00015431627374,0.00136607903147,0.573789003968,0.818989102445,0.00194316827267,0.0,0.818945993873,-0.573730586293,-0.0118920298171,0.0,-0.00862475380703,0.00841502783159,-0.999927397829,0.0,0.661682153874,0.260905094717,0.303214184612,1.0,-0.00032,-0.000420571428571,0.017
0.465086151452,0.547808078905,-0.12399064487,-1.35579219924,0.0794905896518,1.89409080632,0.159159823701,-0.00163218797638,-0.000663105183903,-0.00138011536622,-0.00105352831847,0.000114404390022,-7.13580367436e-05,0.00120515514279,0.573792803246,0.818986446939,0.00194050867625,0.0,0.818943299733,-0.573734392193,-0.0118939454472,0.0,-0.00862780966807,0.00841398887366,-0.999927380209,0.0,0.661681542257,0.260899798578,0.303213954356,1.0,-0.00066,-0.000867428571429,0.034
0.465087534936,0.54777025417,-0.123988147674,-1.35581936596,0.0794905896518,1.89409557451,0.159164025001,-0.000377889522151,-0.00392518978109,-0.000265638558483,-0.000853457887878,0.000123366444864,0.000200806173009,-0.00346896989479,0.573794815965,0.818985000269,0.00195586478327,0.0,0.818942019351,-0.573736308403,-0.0118896703939,0.0,-0.00861547694485,0.00842413328138,-0.999927401132,0.0,0.661676333998,0.260899758504,0.303228151387,1.0,-0.001,-0.00131428571429,0.051
0.465092823208,0.547663507613,-0.123985363939,-1.35595157097,0.0794904925886,1.89412138595,0.159161682168,-0.00905201147201,-0.000915173189876,-0.000499869108138,-0.0135849488185,0.000389988136208,-0.000591883771103,0.000895005495589,0.573793803605,0.818985693553,0.00196254959287,0.0,0.818942683112,-0.573735154557,-0.0118996262107,0.0,-0.00861980588914,0.00843530982006,-0.999927269602,0.0,0.661651982845,0.260892314666,0.303242997171,1.0,-0.00132,-0.00173485714286,0.067
0.465086455429,0.547515065648,-0.123982858286,-1.35616548658,0.0794844984631,1.89416921721,0.159157982095,0.000463263570868,-0.00681605283671,-5.47983104392e-05,-0.014335368636,-0.00142070606213,0.00883390468527,0.00207279216693,0.573804394913,0.818978295385,0.00195319405085,0.0,0.818935045592,-0.573745668477,-0.0119183013253,0.0,-0.0086403598306,0.00843847520623,-0.999927065499,0.0,0.661617820476,0.260868381258,0.303250396536,1.0,-0.0017,-0.00223428571429,0.086
0.465065260714,0.547345938287,-0.123983120744,-1.35636821293,0.0794808959751,1.89428009614,0.159141373568,-0.000276422519745,-0.0120151931418,0.000107573876017,-0.0162377878999,0.000469706468914,0.00444112074319,-0.00101816916708,0.573818916082,0.818967951392,0.00202312628526,0.0,0.818925585494,-0.573759873372,-0.0118844449782,0.0,-0.00857235592044,0.0084764724117,-0.999927329424,0.0,0.661603719111,0.26083932459,0.303283340696,1.0,-0.00202,-0.00265485714286,0.102
0.465042116504,0.547164296784,-0.123982867035,-1.35658058294,0.0794777956816,1.89440132161,0.159131000736,-0.00178250615891,-0.0109334566407,-0.000834496234553,-0.0124385100283,-0.000172633163223,0.00592801710024,-0.0018336607905,0.573840480775,0.818952635472,0.00210484618134,0.0,0.818911305143,-0.573781077828,-0.0118446585419,0.0,-0.00849265692852,0.00852079093741,-0.999927632832,0.0,0.661590154763,0.260809081985,0.303321435893,1.0,-0.00234,-0.00307542857143,0.118
0.465013812681,0.546960137258,-0.123982796396,-1.35685872762,0.0794713669538,1.89453244673,0.159119469775,-0.000901877525966,-0.00757346910927,0.000972410833014,-0.0183010184443,-0.000251081599408,0.00992056632068,0.000745640405475,0.573868180909,0.818933085917,0.00215838637966,0.0,0.81889239951,-0.573808509525,-0.0118228305564,0.0,-0.00844376920905,0.00855239712624,-0.999927777024,0.0,0.661565632815,0.260767933674,0.30334502609,1.0,-0.00268,-0.00352228571429,0.135
0.464980422352,0.54671155373,-0.123985364083,-1.35723484188,0.0794656810781,1.8946706805,0.15908925162,-0.00258844245314,-0.0144355365738,-0.00109241746629,-0.0229127414501,-0.00410771271794,0.00935921038066,-0.00172861733242,0.57389209865,0.818916278109,0.002176110434,0.0,0.818875681923,-0.573832212277,-0.0118303258127,0.0,-0.00843948660512,0.00857145945111,-0.999927649957,0.0,0.661523094479,0.260711441817,0.303354142985,1.0,-0.00302,-0.00396914285714,0.152
0.464943066254,0.546426220036,-0.123981090751,-1.35765850091,0.0794526357427,1.89482280402,0.158950796528,-0.00122015423785,-0.0183674365343,0.00134403206175,-0.0260906353462,-0.000379707913087,0.0128800049066,-0.0123190233869,0.573826509471,0.818962182424,0.00219720014125,0.0,0.818921712108,-0.573766397251,-0.0118362884398,0.0,-0.00843295536388,0.00859147639456,-0.999927533273,0.0,0.661473235578,0.26065087752,0.303367606949,1.0,-0.00336,-0.004416,0.169
0.464895061508,0.546135552804,-0.123982806441,-1.35815091187,0.0794336299528,1.89498968634,0.158920207642,-0.00323090589741,-0.0187950728693,0.000725360669772,-0.0300454149737,6.27258365112e-05,0.0186596330929,0.000377601083314,0.573864414833,0.818935688192,0.00217230159407,0.0,0.818894783021,-0.573804283701,-0.011862767291,0.0,-0.00846853058059,0.00858667177231,-0.999927273884,0.0,0.661415124179,0.260571741822,0.30335357478,1.0,-0.0037,-0.00486285714286,0.186
0.464841281942,0.545812281363,-0.123985810924,-1.35870653615,0.0793703831817,1.8951752161,0.158868457993,-0.00752982413724,-0.0222058134495,-0.000312981238488,-0.0327676209044,-0.00397174029649,0.00990266701154,-0.00394060950282,0.573882366989,0.818923258834,0.00211468704977,0.0,0.818881852226,-0.573822714395,-0.0118638711945,0.0,-0.00850230829375,0.00854030975836,-0.999927384295,0.0,0.661351307118,0.260475066456,0.303334101297,1.0,-0.00404,-0.00530971428571,0.203
0.464783366947,0.545476957351,-0.123986047134,-1.35929949197,0.0793004548208,1.8953739973,0.158771039068,-0.00834798855822,-0.0223121176161,-0.000318115441288,-0.0427699770059,-0.00386314886318,0.00906731300698,-0.00300098756934,0.57386466438,0.818935840543,0.00204522659758,0.0,0.818893801012,-0.573805564539,-0.011868600116,0.0,-0.00854622415092,0.00848595698562,-0.999927472663,0.0,0.66128262945,0.260372806794,0.303306418096,1.0,-0.00436,-0.00573028571429,0.219
0.464723072872,0.545061900084,-0.123986737635,-1.36000109183,0.079285737253,1.89559826257,0.158690133388,-0.000359962877554,-0.0294716640232,0.00392497585989,-0.0453944385453,0.000617191554483,0.0126832648107,-0.00630079464298,0.573883344447,0.81892284405,0.00200732679241,0.0,0.818880008103,-0.573824097859,-0.0119240910297,0.0,-0.00861322388423,0.00848696041993,-0.999926889266,0.0,0.661193730433,0.26026753673,0.30328576951,1.0,-0.0047,-0.00617714285714,0.236
0.464649355054,0.54461673531,-0.123994536071,-1.36076398744,0.079257625574,1.89587174332,0.158608890709,-0.00300339465773,-0.0210607405859,-0.00197615044923,-0.0398661558315,-0.00239967597563,0.017687400578,-0.00213679421922,0.573917744296,0.818898812005,0.00197620340545,0.0,0.818855426,-0.573858481244,-0.0119574962393,0.0,-0.00865808507497,0.00848100743617,-0.999926552341,0.0,0.661107132193,0.260143571732,0.303261703953,1.0,-0.00506,-0.00665028571429,0.254
0.464585709169,0.544202362772,-0.12399560529,-1.36145034043,0.079225572831,1.89611065188,0.158511878391,-0.00226911368118,-0.0266420019074,0.000791868492523,-0.0472862324854,-0.00475344401547,0.00858666693825,-0.00676432965022,0.5739208459,0.818896694744,0.0019526598869,0.0,0.818852891256,-0.573861573778,-0.0119826342609,0.0,-0.00869215046564,0.00847618797802,-0.999926297663,0.0,0.661026396089,0.260035867731,0.303249002629,1.0,-0.00536,-0.00704457142857,0.269
0.464515456845,0.543684601522,-0.123995888021,-1.36228130872,0.0791866942895,1.89640379744,0.158408209967,-0.0075855069753,-0.0307599456626,2.47905502286e-05,-0.0497991499412,-0.00594031076013,0.01109140044,-0.00825180347599,0.573929547831,0.818890622451,0.00194151742171,0.0,0.818846542659,-0.573870194497,-0.0120035971369,0.0,-0.00871562195337,0.00847918715601,-0.999926067927,0.0,0.660927746353,0.259911027569,0.303245254383,1.0,-0.0057,-0.00749142857143,0.286
0.464438567376,0.543148789739,-0.124001753,-1.36314043827,0.0791262479537,1.89670996337,0.1583045956,-0.00453171028572,-0.0289634322002,-0.000409109477518,-0.0495026124622,-0.000301488253022,0.0185756603915,-0.00933469148081,0.573943422115,0.818880948202,0.00192036040307,0.0,0.818836676481,-0.573884239259,-0.0120051689344,0.0,-0.00872890760981,0.00846291220865,-0.999926089913,0.0,0.660829770093,0.259772861328,0.303242087254,1.0,-0.00604,-0.00793828571429,0.303
0.46437459475,0.54259966168,-0.124002028624,-1.36400140466,0.0790764604387,1.89700962252,0.158182691486,-0.00525371872082,-0.0385049582563,0.000603041667878,-0.0554239794592,-0.000696375304081,0.0141891949654,-0.00850601484166,0.573930649895,0.818889920374,0.00191162818553,0.0,0.81884547933,-0.573871452471,-0.0120159860339,0.0,-0.0087429093312,0.00846183368797,-0.999925976714,0.0,0.66072506334,0.259647717999,0.303246668636,1.0,-0.00636,-0.00835885714286,0.319
0.464287700484,0.541975137777,-0.124002481483,-1.36498306267,0.0790231365736,1.89738457968,0.158058885891,-0.00683175600173,-0.0317044726738,0.000673037968602,-0.0576652824289,-0.00572575606376,0.0254709576999,-0.00743851925944,0.573941142649,0.818882525711,0.00192892751239,0.0,0.818838265276,-0.573881825856,-0.012012167726,0.0,-0.00872974587863,0.00847392007767,-0.999925989369,0.0,0.660615588307,0.259498535284,0.303253594146,1.0,-0.00672,-0.008832,0.337
0.464210909076,0.54131376507,-0.124007730462,-1.36597344243,0.0789652346085,1.89775836489,0.157941756271,-0.00342142279026,-0.0448306176398,-0.00116595005105,-0.0561955045989,-0.00113554098141,0.0249018264988,-0.00340911578284,0.573951298868,0.818875317323,0.00196675072026,0.0,0.818831564608,-0.573891833351,-0.0119908012924,0.0,-0.00869043635451,0.00849273705721,-0.999926172141,0.0,0.660503407994,0.259351887957,0.303282372675,1.0,-0.00706,-0.00927885714286,0.354
0.464133149497,0.540658341662,-0.124007385025,-1.3669852536,0.0789058811382,1.8981229904,0.157800127381,-0.0024075800076,-0.0467347482257,0.00014621205975,-0.0651479469372,-0.00803857217716,0.028681901391,-0.0121070814475,0.573938907928,0.818883981761,0.00197516670945,0.0,0.818840296652,-0.573879367019,-0.0119911462778,0.0,-0.00868601742159,0.00849969513925,-0.999926151415,0.0,0.660383165069,0.259204369539,0.303295670551,1.0,-0.00738,-0.00969942857143,0.37
0.46403492459,0.539923239593,-0.124006280582,-1.36809419726,0.0788337574672,1.8985362062,0.157665290924,-0.00682818595602,-0.0430294598815,-0.00055619973357,-0.0672628242948,-0.00529994017062,0.0203486365719,-0.00806934417057,0.573950242084,0.818875962396,0.00200617124842,0.0,0.818832720363,-0.573890606973,-0.0119705552642,0.0,-0.00865124369021,0.00851338566169,-0.99992633641,0.0,0.660257928267,0.259034537145,0.303323115672,1.0,-0.00772,-0.0101462857143,0.387
0.463924536638,0.539176148192,-0.124003157822,-1.3692539507,0.0787670826116,1.89897919925,0.157525102935,-0.00771120884847,-0.0414233849685,0.00215320901155,-0.0672660271348,-0.00583298086058,0.0257614324194,-0.0134249004703,0.573970032222,0.818862023462,0.00203360366571,0.0,0.818819102676,-0.573910243931,-0.0119605980377,0.0,-0.00862713963433,0.0085303426054,-0.99992640015,0.0,0.660129356695,0.258854880674,0.303337263672,1.0,-0.00806,-0.0105931428571,0.404
0.463822026724,0.53845414701,-0.124011617489,-1.37038608478,0.0787156091253,1.8994140726,0.157376928687,-0.00351572373546,-0.0500310068842,0.00121085229571,-0.0714394205158,-0.00201950500688,0.0318011254678,-0.0157402829847,0.573987463372,0.818849737106,0.0020607849096,0.0,0.818807070687,-0.573927460663,-0.0119581683662,0.0,-0.00860936772978,0.00855138862295,-0.99992637356,0.0,0.660004428086,0.258678570443,0.303346415609,1.0,-0.00838,-0.0110137142857,0.42
0.463706066731,0.537618898046,-0.124017319477,-1.37169115717,0.0786333968111,1.8999175089,0.157227534547,-0.00249279169672,-0.0493619335489,0.00247016450811,-0.0814724315348,-0.00288166144579,0.0293943911054,-0.00701713758829,0.574014186684,0.818830944073,0.00208456575631,0.0,0.818788664233,-0.573954158575,-0.011937088361,0.0,-0.00857817730399,0.00855904166613,-0.999926576144,0.0,0.6598604123,0.258475639459,0.303358919597,1.0,-0.00874,-0.0114868571429,0.438
0.463587014365,0.536789937664,-0.124026827475,-1.37299493247,0.0785474006697,1.90039730557,0.157068123561,-0.00856078452652,-0.0493255344963,0.00015566886395,-0.0763658954004,-0.000647275515876,0.0288765758343,-0.00861175786696,0.574036551678,0.818815272215,0.00208188046393,0.0,0.818773052587,-0.573976626801,-0.0119275791555,0.0,-0.00857169827873,0.00855161867602,-0.999926695217,0.0,0.659713387333,0.258266336111,0.303365511397,1.0,-0.00908,-0.0119337142857,0.455
0.463476914516,0.535982875295,-0.124035019152,-1.37425759967,0.0784858486966,1.90087434943,0.156913965218,-0.00969085903408,-0.0504584507583,-0.000557266000127,-0.0785661923375,-0.000628236318189,0.0289601707191,-0.00962389274383,0.57405925736,0.818799293907,0.00210528798188,0.0,0.818757287806,-0.573999142311,-0.0119262396609,0.0,-0.00855692786477,0.00857025316486,-0.999926662184,0.0,0.659570515375,0.258072065952,0.303375821083,1.0,-0.0094,-0.0123542857143,0.471
0.463356141124,0.535027560025,-0.12403672657,-1.37575249028,0.0783953827065,1.90141074179,0.156723972792,-0.00813008072541,-0.050521179987,7.05810469452e-05,-0.0843675890207,-0.000642643216887,0.035699797441,-0.00860906182102,0.574061463334,0.818797755169,0.00210222413322,0.0,0.8187556772,-0.57400132857,-0.0119315863476,0.0,-0.00856304153669,0.00857083687759,-0.999926604844,0.0,0.659392008695,0.25784828131,0.303384952804,1.0,-0.00976,-0.0128274285714,0.489
0.46323370919,0.534190928304,-0.124044966738,-1.37714283735,0.0783142505663,1.90191648465,0.156555987759,-0.00831833751511,-0.0505813945793,-0.00158449797393,-0.0864532818574,-0.00680158408845,0.0338787282563,-0.0103050493752,0.574084428675,0.818781762771,0.00205927360827,0.0,0.818739103895,-0.574024447196,-0.0119566164045,0.0,-0.00860795179162,0.00855027974557,-0.999926395232,0.0,0.659229589753,0.257629901951,0.303357516258,1.0,-0.01008,-0.013248,0.505
0.463116354514,0.533323720282,-0.124048168885,-1.37855125524,0.0782236609464,1.90244424079,0.156381051676,-0.00861787108211,-0.0536982879309,-0.00107701066329,-0.091625753176,-0.00154257445929,0.0321875315253,-0.0121658824536,0.57409235944,0.818776244691,0.00204226922752,0.0,0.818733416733,-0.574032499849,-0.0119594457148,0.0,-0.00861994710156,0.00853806485473,-0.999926396271,0.0,0.659065890745,0.257416038132,0.303344608033,1.0,-0.0104,-0.0136685714286,0.521
0.462996795922,0.53237640928,-0.124046043591,-1.38009060968,0.0781682067113,1.90302213587,0.156198209172,-0.00472422668869,-0.0602924213624,4.73184290139e-05,-0.0921777043658,-0.00588694381686,0.0335965800672,-0.00835894576638,0.57410845762,0.818764939141,0.00204944461256,0.0,0.818721840227,-0.574048204876,-0.0119980713348,0.0,-0.00864728663246,0.00856628422058,-0.99992591886,0.0,0.658880851407,0.257198398241,0.303329935141,1.0,-0.01074,-0.0141154285714,0.538
0.462854244766,0.531334022498,-0.124041068386,-1.38177360224,0.0780441439445,1.90363502443,0.155973459435,-0.00913522076115,-0.061097180774,0.000413871961353,-0.102393022347,-0.00510107800756,0.0383760036156,-0.012216630293,0.574095958145,0.818773791948,0.00201379289231,0.0,0.81873036233,-0.574035990196,-0.012000944139,0.0,-0.0086702358716,0.00853861130325,-0.999925956822,0.0,0.658680409314,0.25694281812,0.303316523179,1.0,-0.0111,-0.0145885714286,0.556
0.462720919352,0.530364373634,-0.124043573063,-1.38332350433,0.0779492230127,1.90417616917,0.155768672091,-0.00635712784269,-0.0639009468811,-0.000123062224301,-0.0987851625838,-0.00798963505025,0.0388031535556,-0.0189120482539,0.574097804969,0.818772580291,0.00197964530571,0.0,0.818728655748,-0.574037933634,-0.0120243880585,0.0,-0.00870901541195,0.00852413124639,-0.999925743362,0.0,0.658492063225,0.256703682612,0.303309026944,1.0,-0.01142,-0.0150091428571,0.572
0.462583751594,0.529306226394,-0.124046424328,-1.3849692637,0.077853154122,1.90478309059,0.155552444656,-0.00531897812203,-0.0651097459815,0.000197878461869,-0.100480715092,-0.00191611386191,0.0385999985163,-0.0107912589077,0.574098576847,0.818771996531,0.00199716305497,0.0,0.818728257242,-0.574038588084,-0.0120202781045,0.0,-0.00869558585922,0.00853612272734,-0.999925757942,0.0,0.658297476339,0.256455888789,0.303323729958,1.0,-0.01176,-0.015456,0.589
0.462432878833,0.528155658385,-0.124046769245,-1.38677848335,0.0777425637046,1.90548774212,0.155296327168,-0.00993052104296,-0.0644524458583,-2.2596158283e-05,-0.105001084108,-0.00407222793259,0.0378639423048,-0.0146083282095,0.574081146751,0.818784127762,0.00203370863579,0.0,0.818740899512,-0.574021038876,-0.01199722027,0.0,-0.00865590864353,0.00855262307274,-0.999925961201,0.0,0.658089825042,0.256186636405,0.303333840381,1.0,-0.01212,-0.0159291428571,0.607
0.462296125581,0.527082034598,-0.124047006681,-1.38843583568,0.0776328254151,1.90611142509,0.155080510352,-0.00952695596736,-0.065505584732,0.000444258505578,-0.106232644357,-0.0121115821434,0.0335391185186,-0.0185937538721,0.574076616703,0.81878723323,0.00206197841629,0.0,0.818744453203,-0.574016469578,-0.0119732995891,0.0,-0.00862014123676,0.00856198955467,-0.999926190026,0.0,0.657895337375,0.255938455346,0.303354732004,1.0,-0.01244,-0.0163497142857,0.623
0.462138812598,0.525898627306,-0.124058474169,-1.39024710431,0.0775187006157,1.90677774833,0.154825021321,-0.0149910173253,-0.0715563325569,-0.001870172162,-0.104251721336,-0.00470657508685,0.0420175114543,-0.00861654647786,0.574071192978,0.818790964442,0.00209017736838,0.0,0.818748618425,-0.57401099556,-0.0119508871948,0.0,-0.00858565896058,0.00857215494223,-0.999926399601,0.0,0.657683698259,0.25565560502,0.30338339329,1.0,-0.01278,-0.0167965714286,0.64
0.461982811039,0.524738610843,-0.124053173656,-1.39209024366,0.0773980165819,1.90743739232,0.154573034322,-0.0134734088913,-0.0673607952319,0.00124224652903,-0.107499483753,-0.00935679269554,0.0408340530404,-0.0179623530922,0.574055328611,0.818802146786,0.00206664282187,0.0,0.818759483937,-0.573995220725,-0.0119641527172,0.0,-0.00861019659958,0.00856033384289,-0.999926289883,0.0,0.65745823626,0.255377829017,0.303379023017,1.0,-0.01312,-0.0172434285714,0.657
0.461837786077,0.523605709628,-0.124071976218,-1.39389166859,0.0772804997681,1.90809421949,0.15432942393,-0.0104443897275,-0.0696538294989,-0.00130465958454,-0.111019547427,-0.0141413369595,0.0346159710078,-0.0149640382655,0.574052864911,0.818803922931,0.00204718879198,0.0,0.818761126885,-0.573992957834,-0.0119602826654,0.0,-0.00861822034331,0.0085421575945,-0.999926376201,0.0,0.657243237184,0.255098179451,0.303375682611,1.0,-0.01344,-0.017664,0.673
0.461669904697,0.522311446352,-0.124068069143,-1.39595139678,0.077169864228,1.9088947145,0.154056179504,-0.0146273395436,-0.0698363506377,0.000443650900623,-0.110999604636,-0.00517396172407,0.0511964875288,-0.0129674637572,0.574046606684,0.818808225156,0.00208102675773,0.0,0.818765781001,-0.573986471258,-0.0119529735193,0.0,-0.00859287726691,0.00856560230149,-0.99992639375,0.0,0.656986988554,0.25477990976,0.303373690524,1.0,-0.01382,-0.0181634285714,0.692
0.461505415975,0.521055704368,-0.12407306388,-1.39796025956,0.0770402787523,1.90965293701,0.153784170491,-0.00592714307043,-0.0713354444484,0.00052189206205,-0.114736374952,-0.00616327666883,0.0413364617218,-0.0234933236107,0.574032622592,0.818818030872,0.00208024510724,0.0,0.818775612548,-0.573972528051,-0.0119490685914,0.0,-0.00859027466099,0.00856257399905,-0.999926442048,0.0,0.656760838497,0.254496605026,0.30336622618,1.0,-0.01414,-0.018584,0.708
0.461372505416,0.5199861805,-0.124077595589,-1.39964159558,0.0769346484348,1.91026309501,0.153544266887,-0.0137454078158,-0.0788475438367,0.000990123439375,-0.119777726187,-0.0131458948709,0.0386472976209,-0.0233037849635,0.574011047211,0.818833164801,0.00207672874014,0.0,0.818790704813,-0.573950974061,-0.0119502295851,0.0,-0.0085934692789,0.00856013479652,-0.999926435483,0.0,0.656540295571,0.254223768237,0.303370229643,1.0,-0.01444,-0.0189782857143,0.723
0.46118821954,0.518555076679,-0.124083903413,-1.40183556773,0.0767893961237,1.91104813699,0.153263351902,-0.00718774301527,-0.0743767687889,-0.000611797581853,-0.11677973507,-0.00588133860211,0.0434444040998,-0.0104605034652,0.574011620151,0.818832733881,0.00208824279605,0.0,0.818790492258,-0.573951567552,-0.0119362805369,0.0,-0.00857543210179,0.00856156191308,-0.999926578116,0.0,0.656286294891,0.253909082588,0.303398652977,1.0,-0.01478,-0.0194251428571,0.74
0.461009131382,0.517206062109,-0.124084235279,-1.4039846831,0.0766496990153,1.91181326955,0.152964887855,-0.0130535007421,-0.0822922734055,0.000567812012861,-0.124794633417,-0.01314426116,0.0459295505413,-0.0178998682712,0.573990026529,0.818847957916,0.00205381658121,0.0,0.818805263363,-0.573930114698,-0.0119545402418,0.0,-0.0086103694551,0.00854362718852,-0.99992643128,0.0,0.656018834305,0.25358340472,0.303388656845,1.0,-0.01512,-0.019872,0.757
0.460836182313,0.515927680159,-0.124087592538,-1.40600449467,0.0765299239209,1.91258292054,0.152690357726,-0.00625222971311,-0.0796160114805,0.000547072361178,-0.132528342346,-0.00628236671169,0.0421934278647,-0.0160151642455,0.573983820549,0.818852249334,0.00207711596758,0.0,0.818809841047,-0.573923795676,-0.0119443652607,0.0,-0.00858872944004,0.00855680014652,-0.999926504748,0.0,0.655778367562,0.253277916798,0.303390771643,1.0,-0.01544,-0.0202925714286,0.773
0.460645501971,0.514535405409,-0.124089754011,-1.40822206147,0.0763938388981,1.91340111168,0.152376559609,-0.0112516906651,-0.0879982859,0.000915225291536,-0.130334098364,-0.0080837147538,0.0459791430996,-0.0163770503596,0.57396464888,0.818865707629,0.0020692041397,0.0,0.818823167021,-0.573904630055,-0.0119517217687,0.0,-0.00859949483412,0.00855434277295,-0.999926433248,0.0,0.655507983821,0.252940273893,0.303382397431,1.0,-0.01578,-0.0207394285714,0.79
0.460439651916,0.513046893988,-0.124090790106,-1.4106332076,0.0762460693576,1.91424481815,0.152050569733,-0.0152437602867,-0.0879405715305,-0.00260660213331,-0.140366187524,-0.0145461382762,0.0479154448328,-0.0183451558307,0.573953481228,0.818873703029,0.00200169277365,0.0,0.818830168719,-0.573893634636,-0.0119999092001,0.0,-0.00867781841629,0.00852660025486,-0.999925993539,0.0,0.655202491049,0.252571603816,0.303351079108,1.0,-0.01614,-0.0212125714286,0.808
0.46025644482,0.511701453738,-0.124097588915,-1.41278419805,0.0761233741743,1.91502278435,0.151747011157,-0.00816948010933,-0.0854480036459,-0.00329245299159,-0.139028783854,-0.0110294934084,0.0485493402338,-0.0163099887998,0.573939275848,0.818883709438,0.00198115064737,0.0,0.81883978879,-0.573879402505,-0.0120240831724,0.0,-0.00870955196691,0.00852350267021,-0.999925744046,0.0,0.654935362866,0.252243007659,0.303337376563,1.0,-0.01646,-0.0216331428571,0.824
0.460049713382,0.510243849677,-0.124100326133,-1.41511119966,0.0759817647207,1.91591013714,0.151419804892,-0.0142308369841,-0.0883566184432,0.000354218716057,-0.137682550345,-0.00726710193799,0.0469177835924,-0.0188632988627,0.573926029662,0.81889296252,0.00199381872182,0.0,0.818849205535,-0.573866102238,-0.0120175786854,0.0,-0.0086970930795,0.00853000232637,-0.999925797063,0.0,0.654656260815,0.25188636011,0.303327346578,1.0,-0.0168,-0.02208,0.841
0.459847329757,0.508724376989,-0.124103594125,-1.4174838533,0.0758220152607,1.91676676028,0.151085493845,-0.0123914866917,-0.0926859538817,0.00139150055878,-0.137980694197,-0.0126931195338,0.0490810310068,-0.0197530296531,0.573900281826,0.818911020066,0.00198862673224,0.0,0.818867266942,-0.573840449962,-0.012011828302,0.0,-0.00869563152668,0.00852217706329,-0.999925876498,0.0,0.654360783308,0.251522805484,0.303335658882,1.0,-0.01714,-0.0225268571429,0.858
0.459643858204,0.507293262275,-0.124114517173,-1.41973651813,0.0756822155508,1.91758137688,0.150776423305,-0.0153443859422,-0.0890161163595,0.0031959363739,-0.139641427186,-0.00615811224085,0.0487108771779,-0.0146165986436,0.573900523386,0.818910873216,0.00197936545121,0.0,0.818866996578,-0.573840728386,-0.0120169572717,0.0,-0.00870514406151,0.00851753909893,-0.999925833247,0.0,0.654083275644,0.251167561671,0.303335413785,1.0,-0.01746,-0.0229474285714,0.874
0.459429063576,0.505738943752,-0.124118817628,-1.42218781981,0.0755310347822,1.91850667799,0.150443182625,-0.0134949891525,-0.0945313293127,-0.000277709908779,-0.140803438192,-0.0145712242933,0.0562011952146,-0.0206361396985,0.57389259597,0.818916377952,0.00200027835582,0.0,0.81887278228,-0.573832720838,-0.0120050755248,0.0,-0.00868349497864,0.00852776164615,-0.999925934355,0.0,0.653784563215,0.250792534623,0.303335669077,1.0,-0.0178,-0.0233942857143,0.891
0.459192875216,0.503980147674,-0.124120534478,-1.42481436203,0.0753640534452,1.9195181228,0.150079656503,-0.0137663552405,-0.101701447784,0.00058574219625,-0.142674558527,-0.00964078328319,0.059379360107,-0.0250052212958,0.573879743581,0.81892508674,0.00211875367299,0.0,0.818883122427,-0.57381946186,-0.0119333103689,0.0,-0.00855686988277,0.00858346197622,-0.999926549382,0.0,0.653470949291,0.250390298158,0.303402019883,1.0,-0.01816,-0.0238674285714,0.909
0.458974319873,0.502412187209,-0.124133390739,-1.42715148793,0.0752150573719,1.92039231515,0.149751781986,-0.0171397951966,-0.0987505993322,-0.00739863382463,-0.149578385904,-0.00743922059701,0.0573542580578,-0.0189371017581,0.573878956608,0.818925415241,0.00220325569811,0.0,0.818884645507,-0.573818428579,-0.0118783533225,0.0,-0.00846337965084,0.00862111525543,-0.999927021125,0.0,0.653190467129,0.250018622329,0.303460637508,1.0,-0.01848,-0.024288,0.925
0.45875399737,0.500803033905,-0.124132370893,-1.4295723536,0.0750603753887,1.92124155203,0.149410124736,-0.0114400206824,-0.0990589695356,0.000798882858418,-0.153672441113,-0.00331107523662,0.048788163373,-0.0206476677534,0.573860346523,0.81893836877,0.00223556375455,0.0,0.818897964231,-0.573799636002,-0.0118679738072,0.0,-0.00843653587109,0.00864142454322,-0.999927072663,0.0,0.652882531083,0.249642098245,0.303504983246,1.0,-0.0188,-0.0247085714286,0.941
0.458494506789,0.498995646932,-0.12413474808,-1.43234690861,0.0748865199903,1.92225792229,0.149021514899,-0.0152121459069,-0.0979998487609,0.000367048956205,-0.15649000533,-0.0111480605235,0.0586718837712,-0.0253525260904,0.573850514627,0.818945146814,0.00227602154196,0.0,0.818905247115,-0.57378962388,-0.0118495010892,0.0,-0.00839829555785,0.00866385508741,-0.999927200473,0.0,0.652538350518,0.249206968673,0.303533292512,1.0,-0.01916,-0.0251817142857,0.959
0.458267297303,0.497519395208,-0.124134831036,-1.43466879848,0.0747440544208,1.92311840962,0.148666299195,-0.0110800972024,-0.101216589363,8.73377594942e-05,-0.160855532783,-0.0141147967173,0.0473690387211,-0.0239467572069,0.573825150922,0.818962883996,0.00228860365257,0.0,0.81892309792,-0.573764162435,-0.0118487340737,0.0,-0.0083907162181,0.00867345900209,-0.999927180844,0.0,0.652252233075,0.248838155967,0.30353201074,1.0,-0.01946,-0.025576,0.974
0.457987186719,0.495741252162,-0.1241355413,-1.43752268883,0.0745664920563,1.92410294712,0.148252351355,-0.0176740031011,-0.099325200709,-0.000373638574502,-0.15758791126,-0.0117662555074,0.0499063283569,-0.0196757311371,0.57381198656,0.818972318896,0.00221175577363,0.0,0.818931375637,-0.573751143357,-0.0119069053257,0.0,-0.00848259177773,0.00864376761633,-0.99992666277,0.0,0.651884133585,0.24837839134,0.303498167273,1.0,-0.01982,-0.0260491428571,0.992
0.457711376205,0.494036351457,-0.124139010038,-1.44027671076,0.0743909986933,1.92508658478,0.147865989712,-0.0150438863824,-0.10555323123,0.00175882218065,-0.163252346453,-0.00624467161569,0.0552237988427,-0.0195299771229,0.573815002663,0.818970365001,0.00215194579982,0.0,0.818928586564,-0.573754345058,-0.0119443935543,0.0,-0.00854758066329,0.00861632804237,-0.999926346165,0.0,0.651536190578,0.247931068939,0.303460177118,1.0,-0.0214611428571,-0.0282060734694,1.009
0.457444058411,0.492224095701,-0.124173493537,-1.44315141979,0.0742143287919,1.92615654842,0.147461685461,-0.0144318207999,-0.125578766631,-0.00268162124079,-0.186475896155,-0.00815784306902,0.0699923555434,-0.023270000953,0.57382425012,0.818963891876,0.00214957662804,0.0,0.8189221784,-0.573763697646,-0.0119344831849,0.0,-0.00854072619761,0.00860879758505,-0.999926469597,0.0,0.651182579115,0.24746391333,0.303447182341,1.0,-0.0244234285714,-0.0320993632653,1.025
0.457090381857,0.489946198993,-0.124180669882,-1.44685267131,0.0739995949689,1.92746788559,0.146927447652,-0.0236913444779,-0.130128554209,-0.00136955981508,-0.219867973883,-0.0147480789683,0.0803187108586,-0.0266047640074,0.573808373188,0.818975244803,0.00206062128118,0.0,0.818932087856,-0.573747909,-0.01201329674,0.0,-0.00865648215132,0.008581004358,-0.999925713081,0.0,0.650703750765,0.246875234558,0.303384057661,1.0,-0.027756,-0.0364793142857,1.043
0.456715517197,0.487607275355,-0.124198031889,-1.45052749538,0.0737760746702,1.92882434804,0.14639297511,-0.0256337712354,-0.154552381087,-6.95077127691e-05,-0.235277913267,-0.0133800264658,0.0910198834621,-0.041496288856,0.573812380256,0.818972398393,0.00207601455622,0.0,0.818929399836,-0.573751808417,-0.0120103007406,0.0,-0.00864515414303,0.00859193403148,-0.999925717231,0.0,0.650247619374,0.24627255413,0.303378754583,1.0,-0.0307182857143,-0.0403726040816,1.059
0.456307162062,0.485016576863,-0.124235885672,-1.4544907113,0.0735338082284,1.93033668383,0.145800529984,-0.0219903827802,-0.16342879394,-0.00507656732213,-0.251367494014,-0.0125851572738,0.0961131325387,-0.0375806029494,0.573819545547,0.818967087884,0.00218746724341,0.0,0.818925684531,-0.573758653563,-0.0119363971948,0.0,-0.00852060223816,0.00864087748716,-0.999926364576,0.0,0.649770072813,0.245612947645,0.30342367601,1.0,-0.0336805714286,-0.0442658938775,1.075
0.45578586597,0.481838283168,-0.124285255856,-1.45944814348,0.0732292596314,1.93203319445,0.145051432209,-0.0294236619987,-0.1786417278,-0.00205879990192,-0.288689176673,-0.0209587434194,0.0923557617366,-0.0417395244761,0.573828810655,0.818960786757,0.00211488001212,0.0,0.818918304308,-0.573768082807,-0.0119893670319,0.0,-0.00860553649052,0.008611923984,-0.999925887007,0.0,0.649131107178,0.244766517299,0.303417729971,1.0,-0.0370131428571,-0.048645844898,1.093
0.45524803696,0.478543721843,-0.124330377457,-1.46453824537,0.0729154566076,1.9338728098,0.144297443998,-0.0359870528377,-0.197766369012,-0.000243471127188,-0.301714979933,-0.0202450149484,0.117788241986,-0.044623064161,0.5738473315,0.81894772579,0.00214696407975,0.0,0.818905663709,-0.573786470034,-0.0119727879615,0.0,-0.00857335359544,0.00862887959967,-0.999926017286,0.0,0.648490344781,0.243906232213,0.303439020948,1.0,-0.0401605714286,-0.0527824653061,1.11
0.45468618678,0.475201865575,-0.124360521098,-1.4696359874,0.0726076560525,1.93576828742,0.143569186326,-0.0382722938107,-0.209227135218,-0.000944340607927,-0.329499481242,-0.0204852936359,0.118340921003,-0.0481741546733,0.573896332973,0.818913067638,0.00226573462487,0.0,0.818872523423,-0.573834951398,-0.0119157810325,0.0,-0.0084579939229,0.008693938254,-0.999926436182,0.0,0.647857741498,0.243044082412,0.303491139132,1.0,-0.0431228571429,-0.056675755102,1.126
0.454051803346,0.471433399169,-0.124387247318,-1.475476869,0.0722456561264,1.93781441408,0.142711679483,-0.0414520835279,-0.224819641243,-0.00113162567354,-0.349171662404,-0.0218527685586,0.124388927414,-0.0526705113663,0.573914435009,0.818900437183,0.00224547815298,0.0,0.818859410345,-0.573852908555,-0.0119520848681,0.0,-0.00849915698966,0.00869837242117,-0.999926048589,0.0,0.647096874865,0.242057306131,0.303494813631,1.0,-0.0462702857143,-0.0608123755102,1.143
0.453388207553,0.46734230799,-0.124398207822,-1.4815804186,0.0718632152865,1.94012620942,0.141719852151,-0.0388598609792,-0.243331741778,0.000257183917162,-0.372853480321,-0.0197979714721,0.138194972722,-0.0663178716276,0.573840070068,0.818951811321,0.00250032401073,0.0,0.81891414989,-0.573777604963,-0.0118161776091,0.0,-0.0082424088253,0.00882831687132,-0.999927059099,0.0,0.646330848083,0.24104920812,0.303614833593,1.0,-0.0494177142857,-0.0649489959184,1.16
0.45269467933,0.463320582552,-0.12441494379,-1.48777753267,0.0714497411603,1.94226689742,0.140770660531,-0.0447412271034,-0.253888836641,-0.00155728883331,-0.398884029738,-0.0254091229847,0.141014563337,-0.0521168202112,0.573820711386,0.818965488894,0.0024629424927,0.0,0.818927246947,-0.573758290123,-0.0118463337495,0.0,-0.00828876442189,0.00881481208684,-0.999926795057,0.0,0.645508646354,0.239991635616,0.303624266416,1.0,-0.05238,-0.0688422857143,1.176
0.451925864109,0.458816993403,-0.124426243204,-1.494711646,0.0709803404778,1.94467683994,0.139741615092,-0.0469109321324,-0.26903392644,-0.000235930813003,-0.408791256273,-0.0260198169499,0.147572645681,-0.0667325433966,0.573809359883,0.818973528376,0.00243417952616,0.0,0.818934843814,-0.573746978303,-0.0118690090793,0.0,-0.00832396135824,0.00880415243951,-0.99992659659,0.0,0.644580582236,0.23881857981,0.30363380026,1.0,-0.0555274285714,-0.0729789061224,1.193
0.451083871225,0.45416130136,-0.124442636142,-1.5020166533,0.0704847217373,1.94726971167,0.138599297573,-0.056072929215,-0.285703956158,-0.00478342869362,-0.437650860421,-0.0329463952358,0.159371349,-0.0725773659764,0.573775496561,0.818997443491,0.00236938878249,0.0,0.81895790627,-0.573713362806,-0.0119026046251,0.0,-0.0083890142672,0.00877002140569,-0.99992635287,0.0,0.643610821119,0.237563202474,0.303582872572,1.0,-0.0586748571429,-0.0771155265306,1.21
0.450248279317,0.449426437848,-0.124483732699,-1.50904404074,0.0699992542262,1.94993582387,0.137475276926,-0.0564090691008,-0.295214226651,0.00140593729737,-0.448446018641,-0.0347914872498,0.171129124891,-0.0738269679127,0.573756017122,0.819010202584,0.00265852986118,0.0,0.818974947846,-0.573693366995,-0.0116919787905,0.0,-0.00805082397383,0.00888578361639,-0.999928110957,0.0,0.642722247303,0.236338594408,0.303719273146,1.0,-0.0616371428571,-0.0810088163265,1.226
0.449248029989,0.443934924399,-0.12451763002,-1.51751189675,0.0694432453547,1.95277348821,0.1362267175,-0.0568836988911,-0.307172877431,0.000650404741407,-0.472489233094,-0.0378571043546,0.155646666124,-0.0693834895407,0.573804332782,0.818976727819,0.00254044727981,0.0,0.818939563416,-0.57374169528,-0.011798536801,0.0,-0.00820532451115,0.00885069472639,-0.999927166274,0.0,0.641552347403,0.234856434329,0.303698033887,1.0,-0.0649697142857,-0.0853887673469,1.244
0.448245070393,0.438543430084,-0.124545577608,-1.52589655412,0.0688616643256,1.95559597161,0.134864112506,-0.0553792102379,-0.318933108044,-0.000917097827084,-0.491321487094,-0.0269243668396,0.163962019836,-0.0772677234841,0.573740043196,0.819022248816,0.0023802685724,0.0,0.818982822804,-0.573677839218,-0.0119004052184,0.0,-0.00838135067939,0.00877730706887,-0.999926353209,0.0,0.640385891853,0.233382002464,0.303639584377,1.0,-0.0681171428571,-0.0895253877551,1.261
0.447231534606,0.433175962923,-0.124564186323,-1.53388521221,0.0683337937384,1.95855468917,0.133566601963,-0.0640697010673,-0.336341469302,-0.000743371388869,-0.502134265009,-0.030835610617,0.193186262246,-0.0779182364612,0.573725357905,0.819031673628,0.00266048702042,0.0,0.818996000053,-0.573662214819,-0.011745726359,0.0,-0.00809405687684,0.00891792098471,-0.999927475834,0.0,0.639333595508,0.23197121912,0.303756781206,1.0,-0.0710794285714,-0.093418677551,1.277
0.446063883879,0.427412887061,-0.124606161768,-1.54279750878,0.0676899322224,1.96162398166,0.132131342138,-0.0735210119338,-0.340821517252,-0.00355483378538,-0.531973464164,-0.0397841995219,0.166820425502,-0.0908580604521,0.57374096761,0.819021062312,0.00255899915722,0.0,0.818984225577,-0.573678362842,-0.0117779949577,0.0,-0.00817854095737,0.00885346862325,-0.999927361142,0.0,0.638109306293,0.230338165606,0.303707790559,1.0,-0.0742268571429,-0.0975552979592,1.294
0.444847624991,0.421340592899,-0.124725018995,-1.55214393954,0.0670146147146,1.96467671354,0.130589362817,-0.0758840684431,-0.36013293452,-0.0066700387616,-0.55730675872,-0.0410467967802,0.173504000954,-0.0900014101607,0.573768463541,0.819002476235,0.00233260965137,0.0,0.818962844577,-0.573706876201,-0.0118754495502,0.0,-0.00838794988557,0.00872424704645,-0.999926762223,0.0,0.636791270854,0.228580008174,0.303654682635,1.0,-0.0773742857143,-0.101691918367,1.311
0.443634803897,0.415365128623,-0.124768563988,-1.56098064911,0.0663917696503,1.9678779065,0.129176882074,-0.0775343714945,-0.372061270343,-0.00408045046967,-0.549408666492,-0.0427569076125,0.212909423623,-0.0875165823663,0.573832179802,0.818957042475,0.00259594024254,0.0,0.818921176756,-0.573769963421,-0.0116996682779,0.0,-0.00809220899293,0.00883968678045,-0.999928185467,0.0,0.635598954627,0.22694682812,0.303779108274,1.0,-0.0803365714286,-0.105585208163,1.327
0.442196037237,0.408524402842,-0.124781628856,-1.57133562593,0.0656913979206,1.9714374768,0.127402540018,-0.0772962467431,-0.380305307048,-0.00371141278378,-0.584283827276,-0.0379047617175,0.188251412571,-0.102720733738,0.573796095967,0.818982186506,0.00263919289569,0.0,0.81894647519,-0.573733283246,-0.0117276328009,0.0,-0.00809068531939,0.00889079881077,-0.999927744643,0.0,0.634135298841,0.225039332125,0.303788055998,1.0,-0.0836691428571,-0.109965159184,1.345
0.440755416251,0.401933584238,-0.124866271987,-1.58153212833,0.0649601451509,1.97479779363,0.12572914428,-0.0865354874506,-0.393720757881,-0.00717547874423,-0.603832123202,-0.0448434784544,0.207076433466,-0.094889758429,0.573872308282,0.818929506462,0.00240502279673,0.0,0.818890607566,-0.573810205874,-0.0118645428026,0.0,-0.00833635805636,0.00877835215456,-0.999926720149,0.0,0.632664363925,0.223091211279,0.30367805118,1.0,-0.0868165714286,-0.114101779592,1.362
0.439426724102,0.395778481338,-0.124916389551,-1.59050852581,0.064296452592,1.97802431698,0.124163411206,-0.0942222756814,-0.40784394419,-0.00139977461166,-0.609105619313,-0.0497234322817,0.204423002584,-0.102709638753,0.573882441162,0.818921441064,0.00271366771483,0.0,0.818887084152,-0.5738197852,-0.0116423546958,0.0,-0.0079771712449,0.00890370179991,-0.999928541863,0.0,0.631426324117,0.221374486837,0.303830012384,1.0,-0.0895937142857,-0.117751738776,1.377
0.437750333203,0.388320367573,-0.124949595311,-1.60185471364,0.0634406582059,1.98173023611,0.122244768429,-0.0897662120618,-0.419728083746,-0.0016325790059,-0.638401848288,-0.0498429173458,0.208159005421,-0.113221597117,0.573903037483,0.818907600935,0.00252816118787,0.0,0.818870716419,-0.573840906956,-0.0117520294607,0.0,-0.00817322130267,0.008814932282,-0.999927745101,0.0,0.629750312398,0.219201019021,0.303761801132,1.0,-0.0929262857143,-0.122131689796,1.395
