position_joint1,position_joint2,position_joint3,position_joint4,position_joint5,position_joint6,position_joint7,velocity_joint1,velocity_joint2,velocity_joint3,velocity_joint4,velocity_joint5,velocity_joint6,velocity_joint7,ee_T_00,ee_T_10,ee_T_20,ee_T_30,ee_T_01,ee_T_11,ee_T_21,ee_T_31,ee_T_02,ee_T_12,ee_T_22,ee_T_32,ee_T_03,ee_T_13,ee_T_23,ee_T_33,v_x,v_y,time
0.465091840112,0.547521932668,-0.123996959884,-1.35573859511,0.0794140009151,1.89411346692,0.159142997125,0.000111858770976,-0.00106743001249,0.000145590778984,-0.00147650073096,-0.000199542078949,-0.00050665670412,-0.00122332987899,0.573755182601,0.819012117048,0.00221121430399,0.0,0.818973294303,-0.573696524631,-0.0116527999117,0.0,-0.00827537769047,0.00849694339659,-0.999929657564,0.0,0.661710211308,0.260899218768,0.303444219628,1.0,0.0,0.0,0.0
0.465092213495,0.547527222382,-0.123999543479,-1.35573330571,0.0794185071309,1.89410948,0.159150117875,0.00018487519256,-0.000139441274814,-0.00108279047716,0.000320586359479,-2.63001089473e-06,-0.000720176970817,0.00113159262762,0.57376340091,0.819006364452,0.0022094490722,0.0,0.818967492848,-0.573704721799,-0.0116569612251,0.0,-0.00827971347836,0.00849796829623,-0.999929612963,0.0,0.661710731618,0.260898987961,0.30344273737,1.0,-0.00018,-0.000236571428571,0.01
0.465090770189,0.547523947575,-0.123999553223,-1.35573902706,0.0794150742467,1.8941155933,0.159149343564,-0.000869184452932,-0.00113564493995,-0.000822136353632,-0.00279657480145,-0.000340143026979,-6.61283799174e-05,4.1349313323e-05,0.57376339469,0.819006365472,0.00221068570182,0.0,0.818967542094,-0.573704744061,-0.0116524049215,0.0,-0.00827527225364,0.00849636682101,-0.999929663336,0.0,0.661711297811,0.260897250717,0.303442859254,1.0,-0.00044,-0.000578285714286,0.023
0.465088307449,0.54749509774,-0.123995509861,-1.35575925239,0.0794178420092,1.89411362493,0.15914613694,-7.36579620263e-05,-0.00360903002142,-0.000303651536467,-0.00530433507395,-2.46940206083e-06,-3.8552736477e-05,-0.00114597976129,0.573761731109,0.819007504639,0.00222039658072,0.0,0.818968740203,-0.573702976075,-0.0116552440948,0.0,-0.00827204351807,0.00850593218434,-0.999929608729,0.0,0.661706588854,0.260896254164,0.303453369633,1.0,-0.00084,-0.001104,0.043
0.465093072058,0.547422490983,-0.123994945349,-1.35582231723,0.0794159098868,1.89412360263,0.159151276112,0.0010772491528,-0.0094615842701,0.000174962347517,-0.00573335418314,0.000117473794222,0.000115854953876,0.00049216421875,0.573764510163,0.819005505789,0.00223947894578,0.0,0.818966953249,-0.573705648039,-0.0116492830271,0.0,-0.00825618417497,0.00851816842003,-0.999929635639,0.0,0.661694774487,0.260893566751,0.303475630045,1.0,-0.0011,-0.00144571428571,0.056
0.465087159309,0.547263781151,-0.123997615449,-1.35602858082,0.0794126208049,1.89416198065,0.159140627821,0.000437926286634,-0.00802331215761,-0.000282348424589,-0.0127002635639,0.000213474935345,0.00166923278032,-0.00156889899249,0.5737728711,0.818999652136,0.00223809996914,0.0,0.818960966781,-0.573713894492,-0.011664006937,0.0,-0.00826894777727,0.00852557140694,-0.99992946708,0.0,0.661661671175,0.260867777987,0.303493289203,1.0,-0.00152,-0.00199771428571,0.077
0.465069421841,0.547149440098,-0.124000226326,-1.35619092472,0.0794066380836,1.89421254222,0.159143067255,-0.000723667227036,-0.00784829733157,-0.000797506275121,-0.0147600069913,0.000127978672743,0.00829027483406,-0.000639166823928,0.573798641572,0.818981586445,0.00224207374465,0.0,0.818942921442,-0.573739615015,-0.0116658683054,0.0,-0.00826792398811,0.00853015404085,-0.999929436463,0.0,0.6616431145,0.26083922516,0.303501473717,1.0,-0.00178,-0.00233942857143,0.09
0.465052381986,0.546939352915,-0.123993152985,-1.35643498808,0.0794047463235,1.89435172571,0.15913133733,0.000190602020225,-0.00349632227325,0.00150510670635,-0.0173239500529,-0.000418823832512,0.00767822054439,0.000569231673476,0.573811424515,0.818972357293,0.00233965526893,0.0,0.818934872795,-0.573751953474,-0.0116239798313,0.0,-0.00817749382466,0.00858616302583,-0.999929700729,0.0,0.661623383564,0.260814992583,0.303545964996,1.0,-0.00218,-0.00286514285714,0.11
0.465031185877,0.546764835869,-0.123997967195,-1.35663343786,0.0793951229775,1.89445622512,0.159118962365,-0.00263110747815,-0.00903533103377,-0.00182660794917,-0.016400959541,-0.000111242972984,0.0107840617585,0.000760773853332,0.5738306761,0.818958669717,0.00240818675578,0.0,0.818922116368,-0.573771005799,-0.0115821901441,0.0,-0.008103743318,0.00861849932859,-0.999930022958,0.0,0.661610492203,0.260782463406,0.303584331795,1.0,-0.00246,-0.00323314285714,0.124
0.464996646058,0.54648735169,-0.12399718148,-1.35701516546,0.0793782471274,1.89461811585,0.159101092686,-0.00147995140933,-0.0188426152848,-9.05591539933e-05,-0.0215401896946,0.000152891850574,0.000586388376459,0.00205851517609,0.573860729511,0.818937455766,0.00246040036191,0.0,0.818901548944,-0.573800842894,-0.0115582322096,0.0,-0.00805384453884,0.00864780773215,-0.999930173067,0.0,0.661572313738,0.260726662467,0.303613157956,1.0,-0.00286,-0.00375885714286,0.144
0.464970842884,0.546285328097,-0.123997809451,-1.35731108211,0.0793595827875,1.89471824264,0.159040241903,-0.00427505221664,-0.0164866601693,-0.000536090838032,-0.0211378045418,0.000219901463266,0.0121803314451,-0.00335272938905,0.57384398431,0.818949172776,0.00246596462612,0.0,0.818913332687,-0.573784074929,-0.0115557694135,0.0,-0.00804881153473,0.00865078662672,-0.999930187825,0.0,0.661537637222,0.260680528937,0.303624050388,1.0,-0.00312,-0.00410057142857,0.157
0.464920348383,0.545929350097,-0.12399325572,-1.35787573747,0.0793113253959,1.89491747316,0.158921245073,-3.01573875712e-05,-0.015111581803,0.000628652369083,-0.0272790348835,-0.000512006448247,0.0111291923112,-0.00260834638908,0.5738034236,0.818977635303,0.00245170140908,0.0,0.818941689638,-0.573743653047,-0.0115532014175,0.0,-0.0080553205443,0.00863723331482,-0.999930252573,0.0,0.661471997645,0.260593118925,0.303624407403,1.0,-0.00354,-0.00465257142857,0.178
0.464882812597,0.545690014807,-0.123998106592,-1.35826413982,0.0792830008992,1.89504697138,0.158904320538,-0.000484026205269,-0.0210450901529,-0.000296252677646,-0.0335159760299,-0.00448955234806,0.002459834182,-0.00323099862955,0.573837812912,0.818953601956,0.00243088801234,0.0,0.818917434476,-0.57377816084,-0.0115587436757,0.0,-0.00807143971458,0.00862370679851,-0.999930239338,0.0,0.661427453169,0.260526722509,0.303620340186,1.0,-0.0038,-0.00499428571429,0.191
0.464811414219,0.545293827611,-0.123995873346,-1.35894845316,0.0792556957506,1.89527570942,0.158810882036,-0.00277199240866,-0.021277854573,0.00127258587452,-0.0311768476304,0.000487899877429,0.0142364978695,-0.00927172367104,0.573849105343,0.818945815084,0.00238812796021,0.0,0.818908925994,-0.573789422711,-0.0116024227321,0.0,-0.0081316295367,0.00861386505125,-0.999929836504,0.0,0.661345981926,0.260415868494,0.303594835403,1.0,-0.0042,-0.00552,0.211
0.46477018,0.544979715909,-0.123998931869,-1.35946102424,0.0792283308077,1.89544152817,0.158718338453,-0.00175716798308,-0.0287079426013,0.000807942103049,-0.0431345152578,-0.00197119151334,0.012554098947,-0.00249215129192,0.57383044465,0.818958965837,0.00236219582492,0.0,0.818921687586,-0.573770800276,-0.0116226181735,0.0,-0.0081632455386,0.00860403120013,-0.999929663561,0.0,0.661282542609,0.260336931986,0.303587658933,1.0,-0.00446,-0.00586171428571,0.224
0.46468050998,0.544488622767,-0.124007197308,-1.36032766142,0.079182488216,1.89572956818,0.158661853411,-0.00549228243467,-0.0249532324027,0.000569784245992,-0.0454543488851,2.55331624918e-06,0.017114115939,-0.00180480413958,0.573899483311,0.818910798806,0.00228769648524,0.0,0.818872493527,-0.573840036318,-0.0116704312006,0.0,-0.00824442903351,0.00857115118255,-0.999929279878,0.0,0.661181534313,0.260188552776,0.303547943036,1.0,-0.00488,-0.00641371428571,0.245
0.464627191347,0.544152423961,-0.124004533947,-1.36089742224,0.0791555067998,1.8959300262,0.158562398797,-0.00278155486378,-0.0278705806863,0.000174096017213,-0.045528722254,-0.00359445165489,0.00940538108191,-0.012354724055,0.573884415685,0.818921424237,0.00226390398884,0.0,0.818882710862,-0.573824955278,-0.0116950182829,0.0,-0.00827837580791,0.00856562548403,-0.99992904676,0.0,0.66111411692,0.260100863459,0.303531943716,1.0,-0.00514,-0.00675542857143,0.258
0.46454123462,0.543544610734,-0.124009861436,-1.36188849732,0.0791024756507,1.89628016327,0.158442698048,-0.00289452176392,-0.0272562555616,0.00110983043615,-0.0509754711307,-0.00158319042668,0.0188337415499,-0.00172663830551,0.573901551295,0.818909488192,0.00223751448908,0.0,0.818870368325,-0.573842121327,-0.0117169352175,0.0,-0.00831128937934,0.00855676635585,-0.999928849578,0.0,0.660998465271,0.259946472787,0.303520776377,1.0,-0.00556,-0.00730742857143,0.279
0.464483424211,0.543181136123,-0.124008341968,-1.36247232052,0.0790634141303,1.89648222789,0.158382908171,-3.08937040875e-05,-0.0291165513029,-0.000807019913291,-0.0509398369223,-0.000364749076122,0.0155828775316,-0.00285210785642,0.573923370711,0.818894242122,0.00222073680835,0.0,0.818854933032,-0.573864030607,-0.0117226245215,0.0,-0.00832534903622,0.00854651401632,-0.999928820298,0.0,0.660925073454,0.259844480077,0.303520560435,1.0,-0.00582,-0.00764914285714,0.292
0.464397716409,0.542487935731,-0.124021543759,-1.36357171595,0.0789967256537,1.8968697609,0.1582282303,-0.0046530440387,-0.0336731989992,-0.000158587505959,-0.0543455681345,-0.000913133807796,0.0160217967912,-0.0121525138269,0.573916913464,0.818898821186,0.00220090930294,0.0,0.818859261032,-0.573857655684,-0.0117323713283,0.0,-0.00834477706032,0.00853580564647,-0.999928749821,0.0,0.660802117066,0.259681824715,0.303518481129,1.0,-0.00622,-0.00817485714286,0.312
0.4643410777,0.542038120691,-0.124021136828,-1.36426552055,0.0789593377521,1.8971332864,0.158127702932,-0.00696399295306,-0.0400816244488,0.000216311323566,-0.0521275397102,-0.000128278272922,0.0199680669411,-0.00805303977071,0.573909302399,0.818904104203,0.00221982910068,0.0,0.818864749382,-0.573849932603,-0.0117270615245,0.0,-0.0083296504044,0.00854817407774,-0.999928770285,0.0,0.660723310236,0.259580020371,0.303529169907,1.0,-0.00648,-0.00851657142857,0.325
0.464243683155,0.541271214161,-0.124027929233,-1.36545857453,0.0788815104236,1.89756454156,0.157976960324,-0.00467756274504,-0.035058382167,-0.00044700561158,-0.0595029424777,-0.00286994831313,0.0188881213716,-0.00531133880047,0.573915751384,0.818899586031,0.00221928220651,0.0,0.818860284092,-0.573856444421,-0.0117202062456,0.0,-0.00832428291475,0.00854385752764,-0.999928851875,0.0,0.660585525562,0.259396863551,0.303541106216,1.0,-0.0069,-0.00906857142857,0.346
0.4641765412,0.540758319706,-0.124026734682,-1.36624946737,0.0788333184835,1.89785241136,0.157872909374,-0.0026523662014,-0.04082895177,-0.00109114049881,-0.0648180484294,-0.00171561767676,0.0257206545993,-0.00454312153474,0.573915624109,0.818899652055,0.00222781718962,0.0,0.818860445023,-0.573856268702,-0.0117175658316,0.0,-0.00831722385496,0.00854933008369,-0.999928863841,0.0,0.660493736734,0.259277797143,0.303552118664,1.0,-0.00716,-0.00941028571429,0.359
0.464058286378,0.539797046826,-0.124032198078,-1.36770567149,0.0787541529463,1.89838899085,0.15768829458,-0.00428477496953,-0.0489199610357,-0.000240516243735,-0.0721976984433,-0.00495391658876,0.0265954963731,-0.0132805602062,0.573924530998,0.818893301982,0.00226706616561,0.0,0.818854538082,-0.57386495916,-0.0117047431349,0.0,-0.00828410541677,0.00857420171196,-0.999928925805,0.0,0.660326030955,0.259059899405,0.303585035183,1.0,-0.00762,-0.0100148571429,0.382
0.463990624414,0.539317158908,-0.124030104513,-1.36845206339,0.0787053394132,1.89866952651,0.157601445638,-0.00629617326949,-0.0523752825931,0.000544907464193,-0.0731317526815,-0.002188123839,0.0246485574021,-0.0104890500141,0.573935598979,0.818885517481,0.0022769245099,0.0,0.818846903308,-0.573876011701,-0.0116969670053,0.0,-0.00827196378333,0.00857792350003,-0.999928994401,0.0,0.660241853474,0.25894527791,0.303593072581,1.0,-0.00784,-0.010304,0.393
0.463855929465,0.538351186165,-0.124038510343,-1.36996509922,0.0786293477753,1.89925755464,0.157412156626,-0.00471184292761,-0.0448062279253,-0.00154233112641,-0.0733106431431,-0.00284111027943,0.0234167844676,-0.0100024853251,0.573960248211,0.818868130421,0.00231632362401,0.0,0.818829955373,-0.573900437377,-0.0116849930881,0.0,-0.00823928793494,0.0086035623481,-0.999929043907,0.0,0.660075576523,0.258712159908,0.303606528533,1.0,-0.00828,-0.0108822857143,0.415
0.463778364104,0.537813114995,-0.124042430704,-1.37083451558,0.0785794359149,1.89958857555,0.157304625331,-0.00728575998414,-0.0483223889275,0.00061778795774,-0.0804590592656,-0.00122067155051,0.0284155724771,-0.010771545492,0.573973166371,0.818859078791,0.00231522531297,0.0,0.8188208879,-0.573913356324,-0.0116858835311,0.0,-0.00824051174849,0.00860330405888,-0.999929036045,0.0,0.659978212131,0.258576934861,0.303601531363,1.0,-0.00852,-0.0111977142857,0.427
0.463641227692,0.536798954256,-0.124053597751,-1.37241652186,0.078472662843,1.90016623392,0.157109911648,-0.0102817950358,-0.0520762684225,-0.00171917311594,-0.0785174763993,-0.00298753431277,0.0263679111491,-0.0104394262349,0.573992343272,0.818845639052,0.00231434052381,0.0,0.818807561686,-0.573932664648,-0.0116713442573,0.0,-0.00822891215531,0.00859442722996,-0.999929207907,0.0,0.659797472167,0.258327412519,0.30361498388,1.0,-0.00894,-0.0117497142857,0.448
0.463551843147,0.536215419649,-0.124052136722,-1.37335381494,0.0784216472662,1.90052596767,0.157001324432,-0.00920376623768,-0.0491190272175,-0.00170048913248,-0.0817017202711,-0.010622328095,0.0338723641429,-0.00738521906311,0.574013601252,0.818830717329,0.00232138697692,0.0,0.818792682197,-0.573953842863,-0.01167376312,0.0,-0.00822662524136,0.00860179908924,-0.999929163336,0.0,0.659692791486,0.258181841798,0.303611900044,1.0,-0.00918,-0.0120651428571,0.46
0.463412881259,0.535112100595,-0.124055561501,-1.37507049611,0.0783268121207,1.90114596717,0.156791802789,-0.0113072427203,-0.0584457784888,0.00107590480077,-0.0888147322946,-0.00157163591633,0.0293292520737,-0.00474813117268,0.574026985095,0.818821307149,0.00233114624551,0.0,0.818783298935,-0.573967085039,-0.0116808209297,0.0,-0.00822666223565,0.00861397588064,-0.999929058208,0.0,0.659488897001,0.257925631791,0.303627245192,1.0,-0.0096,-0.0126171428571,0.481
0.463312093063,0.53444949188,-0.124064143508,-1.37616505983,0.0782672408928,1.90154519508,0.156650205989,-0.00687242057568,-0.0502574342198,0.000274946261232,-0.0853150000316,0.00071618477736,0.0345450212801,-0.010935350846,0.574043695586,0.818809669996,0.00230364500368,0.0,0.818771265545,-0.573983853581,-0.0117003182311,0.0,-0.00825823766982,0.00860281788286,-0.999928893989,0.0,0.659362886421,0.257750406053,0.303608620625,1.0,-0.00986,-0.0129588571429,0.494
0.463167156683,0.533374755055,-0.12406593433,-1.37789508776,0.0781589163379,1.90217800141,0.156441825895,-0.00458764154353,-0.0555619687936,0.00194567861421,-0.0871779494329,-0.000377586168973,0.0344987911548,-0.00879399898489,0.574058634319,0.81879926105,0.00228065110076,0.0,0.818760567034,-0.573998885094,-0.0117115618943,0.0,-0.00828048646068,0.00859059581082,-0.99992881507,0.0,0.659158760255,0.257487984637,0.303598072657,1.0,-0.01026,-0.0134845714286,0.514
0.463067481574,0.532657200452,-0.124075976758,-1.37904852357,0.0781091483354,1.90261850348,0.15629419559,-0.00865619379996,-0.0588561857287,-0.00108216889293,-0.0951213504962,-0.00396241012749,0.0327321077114,-0.0146700512351,0.574076293199,0.818786849483,0.00229163727116,0.0,0.818748173919,-0.574016371907,-0.011720895378,0.0,-0.00828163713473,0.00860512767799,-0.999928680589,0.0,0.659027681855,0.257310778523,0.303593557128,1.0,-0.01052,-0.0138262857143,0.527
0.462914702774,0.531508743862,-0.124072598458,-1.38088315487,0.0779848317605,1.90329877438,0.156061444544,-0.0127596860869,-0.0628542809173,-0.000250925555485,-0.0954867091024,-0.00635375515769,0.0399490046682,-0.0158841077187,0.574075120717,0.818787707812,0.00227864249079,0.0,0.818748940134,-0.574015327603,-0.0117185155749,0.0,-0.00828716034421,0.00859310981156,-0.999928738179,0.0,0.658811420029,0.2570354331,0.303588674147,1.0,-0.01092,-0.014352,0.547
0.462808858738,0.53074583108,-0.124067604075,-1.38211796111,0.0779119584659,1.90372823301,0.155908412582,-0.0115365896382,-0.0593185973471,0.00137546682349,-0.093023744568,-0.00733229769577,0.0334129155466,-0.0134177565144,0.574080468884,0.818784051805,0.00224469536752,0.0,0.818744748349,-0.574020704737,-0.0117479566256,0.0,-0.00833069830132,0.00858227022715,-0.999928469493,0.0,0.658659153626,0.256849419112,0.303575602099,1.0,-0.01118,-0.0146937142857,0.56
0.462633430763,0.529409181253,-0.124080130598,-1.38424690384,0.0777732110133,1.90450389881,0.155623678602,-0.00805118120193,-0.0624951578794,-0.00140017156285,-0.0960757607197,-0.00887261922552,0.0430008751308,-0.0170272152084,0.574078087865,0.818785784933,0.00222133421951,0.0,0.81874627668,-0.57401851414,-0.011748478544,0.0,-0.00834456091699,0.00856341809169,-0.999928515532,0.0,0.658407334662,0.256521655972,0.303571478544,1.0,-0.01162,-0.015272,0.582
0.46252453093,0.528590093805,-0.124077241677,-1.38550642379,0.0776987820981,1.90497800953,0.155446578608,-0.00628773077161,-0.0665606386933,0.000427577429317,-0.0965884281857,-0.00402660170094,0.0289190569419,-0.0154219891086,0.574068493894,0.818792429037,0.00225152630188,0.0,0.818753276089,-0.574008769087,-0.0117368140974,0.0,-0.00831777882585,0.00858134494533,-0.999928584987,0.0,0.658260308157,0.256333018738,0.303589762691,1.0,-0.01188,-0.0156137142857,0.595
0.462347967703,0.527214233171,-0.124081531242,-1.38765136326,0.0775671869882,1.90580518956,0.155153824281,-0.0154138914563,-0.0658138985088,-0.0054017221129,-0.101903758191,-0.00997921620777,0.0409269218314,-0.0194276538461,0.574057205826,0.818800216213,0.00229723078364,0.0,0.818761704906,-0.573997361353,-0.0117066921425,0.0,-0.00826699681449,0.00860136117661,-0.999928834142,0.0,0.658012827047,0.256012608425,0.303609180279,1.0,-0.0123,-0.0161657142857,0.616
0.462247283859,0.52647041576,-0.124080882042,-1.38878777732,0.0774889862589,1.90624326501,0.154996859587,-0.00637641800066,-0.0705314103271,0.000579798273892,-0.104609548722,-0.00431259438675,0.0337557504097,-0.0151080454779,0.574045751002,0.818808160895,0.00232772604751,0.0,0.81877012845,-0.573985882247,-0.0116803527797,0.0,-0.00822804470453,0.0086110952286,-0.999929071644,0.0,0.657867331716,0.255825705035,0.30362896504,1.0,-0.01254,-0.0164811428571,0.628
0.462061453256,0.525023448616,-0.124091849868,-1.39106463824,0.0773448782518,1.90706185453,0.154687891855,-0.0122209867406,-0.0622953021996,-0.00106241717066,-0.103298175183,-0.00744750298807,0.0381979196812,-0.0223731227751,0.574041573383,0.818811125464,0.00231511254098,0.0,0.818772969452,-0.573981793292,-0.0116821387641,0.0,-0.0082367913251,0.00860175049678,-0.999929080064,0.0,0.657608394921,0.255491087266,0.303635058218,1.0,-0.01294,-0.0170068571429,0.648
0.461942439087,0.524122260619,-0.124095122654,-1.39250242238,0.0772533842393,1.90756963938,0.154495850037,-0.00552966943899,-0.069003163987,-0.000659713213407,-0.109633565064,-0.0086641791427,0.0392883333169,-0.0141178029247,0.574036551453,0.818814723334,0.00228765138068,0.0,0.818776207698,-0.573976869808,-0.0116970737903,0.0,-0.0082648363844,0.00858778776419,-0.999928968668,0.0,0.65743175749,0.255271785656,0.30362852945,1.0,-0.0132,-0.0173485714286,0.661
0.461741585359,0.522632308889,-0.124103162679,-1.39489141907,0.0771077197298,1.90846944248,0.154180939247,-0.0144183032221,-0.075782816785,0.000196598407769,-0.119881202812,-0.00606069568847,0.0422520887532,-0.0209474526919,0.574037826123,0.818813840841,0.00228366543316,0.0,0.818775298007,-0.573978184565,-0.0116962352566,0.0,-0.00826642432862,0.00858405557576,-0.999928987588,0.0,0.657149512746,0.254908581996,0.303617023209,1.0,-0.01362,-0.0179005714286,0.682
0.46161399355,0.521704948556,-0.124103514212,-1.39637561734,0.0770145319918,1.90904709766,0.153981777808,-0.0100019914069,-0.0733462095982,0.000812925284457,-0.11779267425,-0.00555332390944,0.0439150850423,-0.0153470768364,0.574033916022,0.818816543546,0.00229742753117,0.0,0.818778219947,-0.573974266396,-0.0116839615312,0.0,-0.00824851552362,0.00858823916707,-0.999929099556,0.0,0.65697724173,0.254684668829,0.303612288057,1.0,-0.01388,-0.0182422857143,0.695
0.461406779853,0.520145399277,-0.1241119526,-1.39887814077,0.0768593986442,1.90997383465,0.153642920827,-0.0081662255899,-0.0774006187979,0.000934678796373,-0.125834372935,-0.00305105272169,0.0401668853657,-0.0126772571502,0.574023790217,0.818823695807,0.00227823435606,0.0,0.818785145855,-0.57396423626,-0.0116913353719,0.0,-0.00826567653583,0.00857665421957,-0.99992905728,0.0,0.656676010619,0.254304913754,0.303597152897,1.0,-0.0143,-0.0187942857143,0.716
0.461290810582,0.519217949346,-0.124120613642,-1.40032147394,0.0767672443426,1.91049643033,0.153442242407,-0.00983352277893,-0.0744165287921,0.000247514524887,-0.121241580663,-0.0105991444011,0.0406670373931,-0.0224189180739,0.574012369331,0.818831697601,0.00227985970573,0.0,0.818793207832,-0.573952851336,-0.0116856387825,0.0,-0.0082601984975,0.00857459993417,-0.999929120166,0.0,0.656500245632,0.254085175557,0.303606870482,1.0,-0.01454,-0.0191097142857,0.728
0.461072942532,0.517548143394,-0.124119894207,-1.40292745315,0.0765967861859,1.91143286447,0.153091980297,-0.0126509317911,-0.0791053484147,0.00124621327886,-0.129296977842,-0.00541480347993,0.0481939921977,-0.0194154515177,0.573995398117,0.818843609461,0.00227444200521,0.0,0.818805068616,-0.573935922156,-0.0116860501839,0.0,-0.00826382264745,0.00857022867331,-0.999929127696,0.0,0.656179093695,0.253691275652,0.303619455711,1.0,-0.01496,-0.0196617142857,0.749
0.460927452783,0.516521858694,-0.124127744497,-1.40455744502,0.0764945279914,1.91203388012,0.152859512822,-0.0082679114929,-0.0751503614453,0.000772736882322,-0.12934701639,-0.00643023147213,0.0480574939281,-0.0166388138341,0.573988369992,0.818848553606,0.00226809864655,0.0,0.818809960514,-0.5739289495,-0.0116857344524,0.0,-0.00826727845133,0.00856478233232,-0.999929145795,0.0,0.655984183225,0.253435537849,0.303615901473,1.0,-0.01522,-0.0200034285714,0.762
0.460715029792,0.514907378325,-0.124128636999,-1.40712176021,0.0763340322872,1.9130050825,0.152512461763,-0.00664383613036,-0.077542509815,0.000770647584042,-0.125650238594,-0.00551313645958,0.0526786577997,-0.0247327485745,0.573970852137,0.818860795531,0.00228152148187,0.0,0.818822400244,-0.573911408815,-0.0116755553256,0.0,-0.0082514221797,0.00856975432971,-0.999929234167,0.0,0.65567495599,0.253052536034,0.303611641294,1.0,-0.01562,-0.0205291428571,0.782
0.460593596132,0.513987236852,-0.124131260576,-1.40859016064,0.076245741644,1.91351516427,0.152306274592,-0.0143698410191,-0.085120734624,0.00035597394336,-0.134613864247,-0.0084398602081,0.0443696549899,-0.0196841574333,0.573956547744,0.8188709094,0.00224987570448,0.0,0.818832031955,-0.573897149297,-0.0117009561023,0.0,-0.00829053492973,0.00855827543784,-0.999929008956,0.0,0.655488277057,0.252829604236,0.303601960502,1.0,-0.01584,-0.0208182857143,0.793
0.460321833061,0.512089443253,-0.124134338928,-1.41165021459,0.0760647577073,1.91459357176,0.151887632364,-0.0173192329536,-0.0859023398005,-6.6438282126e-05,-0.131229589647,-0.00854599164319,0.0555172474891,-0.0158642407911,0.573949876551,0.818875770933,0.00218125812647,0.0,0.81883583299,-0.573890564587,-0.0117577800657,0.0,-0.008376519032,0.00853463305031,-0.999928494427,0.0,0.655104634309,0.252355515793,0.303568658329,1.0,-0.0163,-0.0214228571429,0.816
0.460177189701,0.510976830948,-0.124134483677,-1.41341072714,0.0759586363128,1.91526756249,0.151626517625,-0.0106577009166,-0.0842744161813,0.000392522155965,-0.138236528355,-0.00268839753588,0.0450561427852,-0.0257417775936,0.573918154696,0.818897946314,0.00220275597842,0.0,0.81885827072,-0.573858747137,-0.0117480937893,0.0,-0.00835657998124,0.00854635380388,-0.999928561152,0.0,0.654891227561,0.252094963424,0.303568246557,1.0,-0.01656,-0.0217645714286,0.829
0.45994493514,0.509161383875,-0.124135155404,-1.41632188931,0.0757720117273,1.9163489046,0.151220403918,-0.00993223882815,-0.0849426210414,0.000461384399383,-0.140921973205,-0.0119704435737,0.0538949642586,-0.0181913499831,0.573883371207,0.818922340264,0.00219630827298,0.0,0.818882575756,-0.573823987252,-0.0117518372459,0.0,-0.00836370871665,0.00854286702892,-0.999928531346,0.0,0.654546491114,0.251684547815,0.303556098463,1.0,-0.01696,-0.0222902857143,0.849
0.459783706741,0.508001162483,-0.124140581567,-1.41813335832,0.0756517872652,1.91700390011,0.150972195853,-0.0131107049966,-0.0959158145145,-0.000247700720466,-0.136455697268,-0.00827243034539,0.0503460145084,-0.0222337705044,0.573871553769,0.818930662832,0.00218085994725,0.0,0.818890780128,-0.573812314474,-0.0117501012896,0.0,-0.00837127511651,0.00852909919912,-0.99992858556,0.0,0.654305408242,0.251380884597,0.30355342618,1.0,-0.01722,-0.022632,0.863
0.459536665868,0.50618607162,-0.124140480519,-1.42098971096,0.0754730210889,1.91804688226,0.150590167289,-0.00819601074326,-0.0945530299636,0.00100002820364,-0.148254618924,-0.00760436546243,0.0545821176596,-0.0206969758632,0.573860353336,0.818938513994,0.00217992374168,0.0,0.818898578291,-0.5738010774,-0.0117553795315,0.0,-0.00837625172217,0.00853124695736,-0.999928525562,0.0,0.653949238865,0.250946249109,0.303553456284,1.0,-0.01764,-0.023184,0.883
0.459370464689,0.504986155353,-0.124144046202,-1.42285979515,0.0753574458731,1.9187732921,0.150314016584,-0.00975107221221,-0.0876119603973,0.000506579368373,-0.146008454369,-0.00335668186481,0.0576478692324,-0.0251001367762,0.573838316116,0.818953835041,0.00222484372923,0.0,0.818914517689,-0.573778907698,-0.0117270925644,0.0,-0.00832753935571,0.00855157652392,-0.999928758776,0.0,0.653726168552,0.250659989026,0.303565029453,1.0,-0.0179,-0.0235257142857,0.896
0.459101720786,0.503007951304,-0.124147589637,-1.42577355811,0.0751725222995,1.91988696939,0.149913559074,-0.0130301521871,-0.100780029384,-0.000940520300254,-0.148434294414,-0.0133366178915,0.0582325927784,-0.022727640395,0.573832728437,0.818957334293,0.00237303256752,0.0,0.818920015128,-0.573772853687,-0.0116390762968,0.0,-0.00817048253665,0.00862237278138,-0.999929446462,0.0,0.653378879733,0.250208294767,0.303656426071,1.0,-0.0183,-0.0240514285714,0.916
0.4588986801,0.50162716486,-0.124152668559,-1.4278492369,0.0750418276775,1.92063597921,0.149624546822,-0.0179744163231,-0.101154301401,-0.00026778340485,-0.144570175062,-0.00303671430522,0.0490436940726,-0.0143935666328,0.573836690236,0.818954426623,0.00241804765415,0.0,0.818917683237,-0.57377664647,-0.01161615034,0.0,-0.00812583491474,0.00864612171191,-0.999929605215,0.0,0.653124367119,0.249874392289,0.303697415241,1.0,-0.01858,-0.0244194285714,0.93
0.458622271406,0.499601990321,-0.124150430022,-1.43091387809,0.0748477135154,1.92171465363,0.149192836662,-0.0136212167585,-0.0995877149315,-0.000552159684014,-0.155072147259,-0.00959253932489,0.0533761296138,-0.0206287634992,0.573811258645,0.818972143203,0.00245255175822,0.0,0.818935759825,-0.573751003463,-0.0116083679651,0.0,-0.00809993190792,0.00866966148833,-0.999929611559,0.0,0.652733437343,0.249400345895,0.303745067672,1.0,-0.01898,-0.0249451428571,0.95
0.45842243682,0.498338315374,-0.124152806213,-1.43291350766,0.0747262744675,1.92246886423,0.148910824774,-0.0151271296302,-0.0971028727988,-0.00074238578793,-0.156044078307,-0.00786040066154,0.0590437827196,-0.0224624661702,0.573809835326,0.818973083709,0.00247142551613,0.0,0.818936904944,-0.573749471394,-0.0116033054406,0.0,-0.00808497141521,0.00868219950635,-0.999929623848,0.0,0.652470792516,0.249058846394,0.30374119289,1.0,-0.01926,-0.0253131428571,0.964
0.458099771237,0.496251072189,-0.124150448874,-1.43621684685,0.0745179983586,1.9236586335,0.148413338917,-0.0182856057575,-0.0994273274639,-0.000568988487141,-0.16073973701,-0.00600288394395,0.0605905765551,-0.0259344496355,0.573780620308,0.818993636952,0.00244321337312,0.0,0.818957026312,-0.573720288235,-0.0116261267235,0.0,-0.0081201590665,0.00867189992281,-0.999929428094,0.0,0.652076152457,0.24855346047,0.303725584657,1.0,-0.01966,-0.0258388571429,0.984
0.457894904591,0.494983290295,-0.124150439177,-1.43830354915,0.0743899974018,1.92436382364,0.148129583302,-0.0145136667657,-0.0993139862721,-0.000809967161595,-0.161669393937,-0.00520782273969,0.0530311978141,-0.0211979407513,0.573786413707,0.818989857247,0.00234778028044,0.0,0.818951860629,-0.573726268238,-0.011694699922,0.0,-0.00823101587332,0.00863314517146,-0.99992885706,0.0,0.651802574161,0.248216531852,0.303676752634,1.0,-0.01992,-0.0261805714286,0.997
0.457551832496,0.492857895228,-0.124151541202,-1.44174678744,0.0741635980211,1.92562203345,0.147641629354,-0.0181616629748,-0.104756656886,0.0010954617789,-0.166364139757,-0.009929035009,0.060466264177,-0.0223393623824,0.573780190799,0.818994387968,0.00228736200132,0.0,0.818955629444,-0.573720293474,-0.0117238542995,0.0,-0.00828962447891,0.00860032892739,-0.999928655689,0.0,0.651371587679,0.247661100125,0.303626825312,1.0,-0.0209514285714,-0.0275361632653,1.018
0.457326420037,0.491471924863,-0.124154703503,-1.44396609122,0.0740275225331,1.92643336717,0.147341183635,-0.0169386984137,-0.108493184786,0.0009773580035,-0.173857346459,-0.00617514137877,0.0610031801223,-0.0188702184547,0.573795322738,0.818983841341,0.00226762612743,0.0,0.818944769067,-0.573735438215,-0.0117413396282,0.0,-0.00831511005293,0.00859435178452,-0.999928495475,0.0,0.651094279399,0.247300790456,0.303605372141,1.0,-0.0216942857143,-0.0285124897959,1.031
0.456970701454,0.489267735466,-0.124161781661,-1.44753708586,0.0737989082507,1.92768354645,0.146819016457,-0.0217326283831,-0.113416740708,0.00120204887609,-0.175443554855,-0.0132620732724,0.0678071721271,-0.024767515348,0.573779786952,0.818995007328,0.00216355215793,0.0,0.818954491631,-0.573720211133,-0.0118070689155,0.0,-0.00842881917304,0.00854667279443,-0.9999279521,0.0,0.650633709587,0.246719129055,0.303547217505,1.0,-0.0228371428571,-0.0300145306122,1.051
0.456716296818,0.487714870645,-0.124173482483,-1.44991834196,0.0736449414331,1.92858391147,0.146477072693,-0.0209751392437,-0.125654330897,-0.00162726240755,-0.184269079601,-0.0104961690987,0.0795135392114,-0.0229333635264,0.573793001404,0.818985603376,0.00221808573607,0.0,0.81894588866,-0.573733306741,-0.0117673736968,0.0,-0.00836488103308,0.00856869384026,-0.999928300555,0.0,0.650346775668,0.246321342773,0.303571324447,1.0,-0.02358,-0.0309908571429,1.064
0.45626924059,0.484992588251,-0.124186514611,-1.45406492468,0.0733831237071,1.93015894571,0.14585414556,-0.0220862762739,-0.130290129084,0.00121248192102,-0.188367947768,-0.0124503924116,0.0707001752244,-0.0327212995578,0.573792359423,0.818985712799,0.00234038476843,0.0,0.818947664943,-0.573732287295,-0.0116932245885,0.0,-0.00823398809798,0.00862630165011,-0.999928891652,0.0,0.649845656317,0.245632331148,0.303624972259,1.0,-0.0248371428571,-0.0326431020408,1.086
0.455992639526,0.483322938484,-0.124214295289,-1.45664317502,0.0732196215013,1.93101213021,0.145469405511,-0.0169102416905,-0.128714866397,-0.000398172211547,-0.199269163547,-0.0112433823674,0.0677699602436,-0.031771479798,0.573805582846,0.818976589566,0.00229035767868,0.0,0.818937847405,-0.573745647799,-0.0117252130495,0.0,-0.00828875182932,0.0086038189452,-0.9999286329,0.0,0.649510726714,0.24518478674,0.303631198183,1.0,-0.02558,-0.0336194285714,1.099
0.455554944966,0.480641819728,-0.124249377469,-1.46078109395,0.0729627158389,1.93250053742,0.144850342922,-0.019369828449,-0.133615784586,-0.00128420110919,-0.206720770634,-0.01866080403,0.0836307530805,-0.029350375793,0.573814954057,0.818969961921,0.00231233060947,0.0,0.818931508277,-0.573754939295,-0.0117132953139,0.0,-0.0082662850603,0.00861507027282,-0.999928722007,0.0,0.648990676917,0.244485133974,0.303650897525,1.0,-0.0267228571429,-0.0351214693878,1.119
0.455252665437,0.478885060258,-0.124255809804,-1.46350090445,0.0727998946079,1.93350548011,0.144447631649,-0.0220095057289,-0.136281458455,-0.00182275004169,-0.215122248987,-0.0130582426073,0.0776769105024,-0.0300514648989,0.573825735151,0.818962299472,0.00235045182138,0.0,0.818924253984,-0.57376548736,-0.0117037879373,0.0,-0.00823651152525,0.00864094308647,-0.999928744452,0.0,0.648651932382,0.244028398192,0.303660948381,1.0,-0.0274657142857,-0.0360977959184,1.132
0.454762430961,0.47604791513,-0.124268329993,-1.4678331297,0.0725332054659,1.93508845997,0.143835190612,-0.0273594793067,-0.145678266242,-0.000999391735827,-0.220696683089,-0.0158302018486,0.0797203918151,-0.0267287460902,0.573872016294,0.818929648321,0.00242629697013,0.0,0.818892503557,-0.573811397949,-0.0116745065529,0.0,-0.0081685199587,0.00868671626118,-0.999928905594,0.0,0.64811012227,0.243292453906,0.303700800278,1.0,-0.0286085714286,-0.0375998367347,1.152
0.454441524274,0.474165896582,-0.124272448231,-1.47076126586,0.072341572422,1.93614576454,0.143409420311,-0.0241923696857,-0.147863472439,-0.000684221688642,-0.221791728795,-0.0162393725879,0.0786518116493,-0.0332573967225,0.57387774462,0.818925619533,0.00243121447258,0.0,0.818888530403,-0.573817099138,-0.0116729778993,0.0,-0.00816438541165,0.00868992318434,-0.999928911496,0.0,0.647735627283,0.242801562645,0.303700906819,1.0,-0.0293514285714,-0.0385761632653,1.165
0.453943053421,0.471186139355,-0.124270363472,-1.47536885792,0.0720495965641,1.93775725088,0.142724777876,-0.0249487290593,-0.148384342705,0.000577614000311,-0.233229842889,-0.00981405809061,0.0826550045439,-0.0399081511602,0.573858588751,0.818939055165,0.00242712645038,0.0,0.818901701129,-0.573797735164,-0.0117008508476,0.0,-0.00818976175586,0.00870237928143,-0.999928595649,0.0,0.647099680371,0.241999655275,0.303709386988,1.0,-0.0305514285714,-0.0401533061224,1.186
0.453582197237,0.469024156918,-0.124272632472,-1.47863150189,0.0718353389819,1.93903017009,0.142200391261,-0.0246379699018,-0.14904622549,-0.000544305663493,-0.236465710516,-0.0132708174506,0.0944228136269,-0.0364548171632,0.573829169938,0.818959264686,0.00255996377316,0.0,0.81892376513,-0.573767988992,-0.0116150167378,0.0,-0.00804355516428,0.00876161927353,-0.999929265122,0.0,0.646728606946,0.241496952738,0.303757706973,1.0,-0.0312942857143,-0.0411296326531,1.199
0.453038243165,0.465854623253,-0.12427044528,-1.48349535487,0.0714970766649,1.94075184794,0.141441289251,-0.0294584078432,-0.156408352027,0.000330259358381,-0.24737011325,-0.0229888933278,0.0762159893808,-0.0400008935166,0.57378791303,0.818988137661,0.00257062868179,0.0,0.818952830189,-0.573726759082,-0.011602359229,0.0,-0.00802751066949,0.00876268583141,-0.999929384711,0.0,0.646092237268,0.240676539904,0.303778745538,1.0,-0.0324371428571,-0.0426316734694,1.219
0.452672860991,0.463738008801,-0.124281164463,-1.48681602354,0.0712805943477,1.94186668518,0.140956374776,-0.0278572836289,-0.164909087952,-0.00365936642706,-0.256674298336,-0.0163896371124,0.0902582562985,-0.0387098462765,0.573794096857,0.818984044283,0.0024932956726,0.0,0.81894759882,-0.573733066397,-0.0116595802381,0.0,-0.00811868031616,0.00873224493947,-0.999928914938,0.0,0.645642466179,0.240111233438,0.303754441924,1.0,-0.03318,-0.043608,1.232
0.452046936921,0.460277396934,-0.12427997864,-1.49223784924,0.0709161379034,1.94378911685,0.140155506646,-0.0294982481226,-0.166961260581,0.000388917233811,-0.259684158832,-0.0227435926471,0.0902201498517,-0.0392228068156,0.573802605197,0.818978209959,0.00245128205866,0.0,0.8189411571,-0.57374165773,-0.0116892384073,0.0,-0.00816698615447,0.00871493900595,-0.999928672544,0.0,0.644927994285,0.239185930369,0.303724048047,1.0,-0.03438,-0.0451851428571,1.253
0.451631984705,0.458097891863,-0.124277547487,-1.4956299716,0.0706848975324,1.94499559084,0.13961978555,-0.0334250743738,-0.173205192428,-0.000107914550052,-0.260198366444,-0.0199052150366,0.0921739040257,-0.0445861815154,0.573795281619,0.818983375471,0.00243975295345,0.0,0.818946156611,-0.573734359426,-0.0116971914262,0.0,-0.00818019271392,0.00870998724711,-0.999928607736,0.0,0.644484810936,0.238593348772,0.303713728833,1.0,-0.0351228571429,-0.0461614693878,1.266
0.450943643976,0.454497815461,-0.124315392312,-1.50137804143,0.070301751257,1.94694430967,0.138742061886,-0.0343728148246,-0.175898874448,-0.00026459401299,-0.272555235671,-0.0192106746787,0.0826727768269,-0.0458462531261,0.573826406096,0.818962088475,0.00225836401436,0.0,0.818922408063,-0.573766049803,-0.0118049382728,0.0,-0.00837218549321,0.00862357623077,-0.999927767613,0.0,0.643712632014,0.237568872437,0.303623001049,1.0,-0.0363228571429,-0.0477386122449,1.287
0.450523119061,0.45213819588,-0.12435303898,-1.5049198257,0.0700626963504,1.94825177496,0.138166457779,-0.0358962575655,-0.18496644816,-0.00513567483088,-0.273629705496,-0.0206394876881,0.105019158561,-0.0472765717638,0.573822982826,0.818964225664,0.00235124750021,0.0,0.818925961851,-0.573762492639,-0.0117310676671,0.0,-0.00825842612193,0.00865722053943,-0.999928422904,0.0,0.643261468389,0.23694019578,0.303671726314,1.0,-0.0370657142857,-0.0487149387755,1.3
0.449843950614,0.448418425444,-0.124373418474,-1.51048204799,0.0696759539482,1.95027755043,0.137331571201,-0.0379906286775,-0.191334012884,-0.000258607409634,-0.28111864974,-0.0210600930746,0.0963428635138,-0.0375900624777,0.573855410327,0.818941096917,0.00248891928213,0.0,0.818904840712,-0.573794652397,-0.0116320953029,0.0,-0.00809802822464,0.00871349663313,-0.999929245955,0.0,0.642539733298,0.235961158379,0.303751608493,1.0,-0.0382085714286,-0.0502169795918,1.32
0.449330081021,0.44558344152,-0.124377041456,-1.51480642161,0.069383662183,1.95171470311,0.136693255338,-0.0307521073427,-0.184261289315,0.0029465422813,-0.287240456455,-0.0147396663704,0.09501216797,-0.0394895494091,0.573869003623,0.818931707377,0.00244381572203,0.0,0.818894689152,-0.573808215154,-0.0116776368291,0.0,-0.00816106265468,0.00870282908423,-0.999928826378,0.0,0.641939155106,0.235208826976,0.303760341056,1.0,-0.0390657142857,-0.0513435102041,1.335
0.448660016221,0.441978663683,-0.124375552232,-1.52035091606,0.0689950751454,1.95373017744,0.135800842659,-0.0342522983995,-0.188194359345,-0.00067477441008,-0.292927179167,-0.0186417014972,0.109787659335,-0.0474055464871,0.573825261939,0.81896221164,0.00249230184717,0.0,0.818925926473,-0.573764417457,-0.0116390340245,0.0,-0.00810209091895,0.00871995023313,-0.999929156786,0.0,0.641200175029,0.234250069321,0.303763111943,1.0,-0.0401514285714,-0.0527704489796,1.354
0.448170887692,0.439500739371,-0.124383703614,-1.52422730451,0.0687242466905,1.95508121869,0.135162614068,-0.0346804623257,-0.188895816477,-0.00195338052533,-0.294122600941,-0.0259109542431,0.104652879544,-0.0486715340638,0.573805233094,0.818976396399,0.00244203131837,0.0,0.818939456225,-0.573744566886,-0.0116655865088,0.0,-0.00815289476829,0.00869381776876,-0.999928971397,0.0,0.640674249312,0.233557644263,0.303729707794,1.0,-0.0408942857143,-0.0537467755102,1.367
0.447349943696,0.435333781988,-0.124395697647,-1.53061135165,0.0683006938563,1.95729721454,0.134150332319,-0.0367488568038,-0.205729665085,6.62092100707e-05,-0.303691585739,-0.0230031140789,0.103676679677,-0.0552081257187,0.573819830522,0.818966174758,0.00244000072458,0.0,0.818929010571,-0.57375895917,-0.011690993024,0.0,-0.00817471294841,0.00870687864923,-0.999928679623,0.0,0.639804799653,0.232413487388,0.303729030127,1.0,-0.0420942857143,-0.0553239183673,1.388
0.446817835872,0.432664455856,-0.124407769143,-1.5346029831,0.0680209255156,1.95875492388,0.133520498314,-0.0440885966311,-0.204395255242,0.00045521826472,-0.313229062895,-0.0231031914725,0.115546075077,-0.0516254925794,0.573844347656,0.818948683087,0.00254283981156,0.0,0.818912996824,-0.573783262683,-0.011619724508,0.0,-0.00805707428372,0.00875044627395,-0.99992925412,0.0,0.639279713037,0.231687217203,0.303776127916,1.0,-0.0428371428571,-0.056300244898,1.401
