position_joint1,position_joint2,position_joint3,position_joint4,position_joint5,position_joint6,position_joint7,velocity_joint1,velocity_joint2,velocity_joint3,velocity_joint4,velocity_joint5,velocity_joint6,velocity_joint7,ee_T_00,ee_T_10,ee_T_20,ee_T_30,ee_T_01,ee_T_11,ee_T_21,ee_T_31,ee_T_02,ee_T_12,ee_T_22,ee_T_32,ee_T_03,ee_T_13,ee_T_23,ee_T_33,v_x,v_y,time
0.465066952914,0.547746171715,-0.12403150032,-1.35584140186,0.0794305547607,1.89409740416,0.159157020018,-0.00034886068442,7.11962999191e-05,0.000253709670769,-0.000510104877353,0.000115000080752,-0.000264153205522,0.0027842810685,0.573821493211,0.81896640184,0.00191663421639,0.0,0.818923662299,-0.57376387632,-0.0118235552394,0.0,-0.00858356427407,0.00835434808139,-0.999928261073,0.0,0.661690980454,0.260849144988,0.303236207597,1.0,0.0,0.0,0.0
0.46506630898,0.54774551978,-0.124031500115,-1.35583913561,0.0794305532922,1.89409644903,0.159157361378,1.19513085239e-05,-2.92651889985e-05,0.000298420464953,0.000493869946813,-4.37324459092e-05,7.99727611822e-05,-0.000793141532204,0.573822168195,0.818965925013,0.0019182951782,0.0,0.81892320822,-0.573764545602,-0.0118225271857,0.0,-0.0085817623769,0.00835512548694,-0.999928270044,0.0,0.661691495071,0.260848931907,0.303237665075,1.0,-0.00026,-0.000341714285714,0.014
0.465069054141,0.547737783408,-0.124031535492,-1.35584509231,0.0794287460237,1.89409709556,0.159161187447,0.00123404641847,-0.00421849461693,6.02324869567e-05,0.000136354969616,-0.000108468788243,-7.94427694667e-06,0.000711898165838,0.573822915354,0.818965398276,0.00191967280354,0.0,0.818922710979,-0.573765298364,-0.0118204372602,0.0,-0.00857925264694,0.00835506228674,-0.999928292108,0.0,0.661689856916,0.260849873916,0.303240364447,1.0,-0.00064,-0.000841142857143,0.033
0.465066664452,0.547709905136,-0.124032080531,-1.35586856999,0.0794305547607,1.8941003031,0.159156547577,0.00067730725096,-0.000391151359014,0.00045131479165,-0.00298480872237,-0.000100532788211,-0.000252576384469,-0.0014875558267,0.573823188007,0.818965186735,0.00192839881602,0.0,0.818922578739,-0.573765502348,-0.0118196974234,0.0,-0.00857363706116,0.00836178677832,-0.999928284063,0.0,0.661686499697,0.260846069185,0.303249239101,1.0,-0.00094,-0.00123542857143,0.048
0.465070446012,0.547598484626,-0.124032197946,-1.35597674862,0.0794264687381,1.89412604933,0.159151927058,0.00107044558078,-0.00848197291683,-0.000202844301759,-0.0111997628337,2.68006301734e-05,7.6787225993e-05,-0.00102870341664,0.573821195093,0.818966517561,0.00195603594737,0.0,0.81892422783,-0.573763358048,-0.0118095273449,0.0,-0.00854947033386,0.00837856363566,-0.999928350547,0.0,0.661669053092,0.26083821771,0.303278912457,1.0,-0.00128,-0.00168228571429,0.065
0.465062797565,0.547477496274,-0.124032195159,-1.35614820479,0.0794260127544,1.89416919511,0.159150075054,0.00072961402158,-0.0114307505459,-0.000524407050403,-0.0157239422726,-0.000188712900112,0.00346936929383,-0.00108093172093,0.573835263717,0.818956659843,0.00195609689705,0.0,0.818914255021,-0.573777311177,-0.0118231553775,0.0,-0.008560452634,0.00838658058488,-0.99992818938,0.0,0.66164356347,0.26081724973,0.303286757164,1.0,-0.0016,-0.00210285714286,0.081
0.465040071056,0.547312467746,-0.124032198086,-1.35635605219,0.0794152677441,1.89427406619,0.159143460412,-0.00331541013236,-0.00938350940845,0.000600041254772,-0.0114808902349,-0.00318938432857,0.00266073783875,-0.00105995364084,0.573857390997,0.818941026102,0.00200934496671,0.0,0.818899333339,-0.573799242103,-0.0117923076644,0.0,-0.00850440765596,0.00841271613465,-0.999928448069,0.0,0.661627717349,0.260785098679,0.303313815749,1.0,-0.00194,-0.00254971428571,0.098
0.465019691333,0.547119629359,-0.124029693411,-1.35657373173,0.0794121477789,1.89439065974,0.159131253967,-0.000877222564242,-0.0125621998645,0.000105879095033,-0.0153642631704,-5.40725096832e-05,0.0104261360983,-0.0014969677401,0.573873845585,0.818929285146,0.00209336686244,0.0,0.818888627207,-0.573815308387,-0.0117539352513,0.0,-0.00842459804085,0.00845967321455,-0.999928727499,0.0,0.661611067395,0.260757186278,0.303356836057,1.0,-0.00228,-0.00299657142857,0.115
0.464989516485,0.546920271186,-0.124032277013,-1.35685251189,0.0794024479925,1.89452770227,0.159123139504,-0.00513865312253,-0.00729650134798,-0.000428473721117,-0.0232887316873,-0.000159340952108,0.00992514168008,0.000946046228353,0.573906943447,0.818905958259,0.00214445610643,0.0,0.818865957095,-0.573848198985,-0.011727563001,0.0,-0.00837334015567,0.00848671533361,-0.999928928893,0.0,0.661588730757,0.260712996824,0.303377316991,1.0,-0.00262,-0.00344342857143,0.132
0.464953654976,0.546646691659,-0.124031587287,-1.35723227737,0.0793848539268,1.89465634779,0.159077197525,-0.000122910881841,-0.0146120310981,0.000216435915639,-0.0272287553913,-6.24628778883e-05,0.0112135275001,-0.000108047711893,0.573916932918,0.81889890472,0.0021644536662,0.0,0.81885905019,-0.573857996269,-0.0117304280047,0.0,-0.00836410663599,0.00850483748003,-0.999928852199,0.0,0.661540269254,0.260651981439,0.30339578939,1.0,-0.003,-0.00394285714286,0.151
0.46491045673,0.54637224726,-0.124033017829,-1.35765860255,0.0793662522356,1.89481428802,0.158948155636,-0.00338426499925,-0.0194079426552,0.000199661506687,-0.024633912243,-0.0016165452739,0.008844938237,-0.00549281681143,0.573864276617,0.818935771876,0.00217726136868,0.0,0.818896063129,-0.573805276795,-0.0117255710023,0.0,-0.00835332630459,0.00851200096679,-0.999928881361,0.0,0.661498203311,0.260585375605,0.303406594193,1.0,-0.00332,-0.00436342857143,0.167
0.46488256551,0.546157793659,-0.124032887435,-1.35802152343,0.0793308395307,1.89494325281,0.158938364786,-0.00602239376523,-0.0154674408203,0.000302536119722,-0.0284137342513,-0.0024148871218,0.00291523753593,-0.00389522222562,0.573889903729,0.81891787915,0.00215232617124,0.0,0.818877959097,-0.573831109964,-0.0117257087117,0.0,-0.00836748189382,0.00849192180192,-0.99992893373,0.0,0.661455498889,0.260529754542,0.30339684142,1.0,-0.00358,-0.00470514285714,0.18
0.464827428688,0.545750623637,-0.124029999431,-1.35868863597,0.0792756636604,1.89516537852,0.158869732695,-0.00389733474822,-0.0207057498045,0.00118468040188,-0.0321111097676,-0.00117887351685,0.00584389223695,-0.00372205381656,0.57389933739,0.818911371671,0.00211253217538,0.0,0.818871017702,-0.573840778503,-0.0117372993887,0.0,-0.00839971255444,0.00846608271261,-0.999928882607,0.0,0.661374146387,0.260427254749,0.303386701005,1.0,-0.004,-0.00525714285714,0.201
0.464765516099,0.545395428395,-0.124032888407,-1.35931513746,0.0792532914054,1.89537064872,0.158762233739,-0.00120570536781,-0.0174443555912,5.48841958187e-05,-0.0405903097046,-0.0020002883848,0.0158997715184,-0.00368237007219,0.573892983404,0.818915948519,0.00206391926963,0.0,0.818874797125,-0.573834447797,-0.0117830410234,0.0,-0.0084651352218,0.00845245877571,-0.999928446153,0.0,0.66129856319,0.260325236018,0.303357850396,1.0,-0.00434,-0.005704,0.218
0.464707147286,0.54498913346,-0.124030131023,-1.36000918031,0.0792250996365,1.89559330878,0.158702875629,-0.00358139388579,-0.0251929327786,0.000824077425841,-0.0425984103233,-0.00237272462934,0.0163678260609,-0.000431856757756,0.5739213269,0.81889620319,0.00201639084192,0.0,0.818854247704,-0.573862791555,-0.0118306545071,0.0,-0.00853111063003,0.0084411576572,-0.999927980911,0.0,0.661210306485,0.260221727168,0.303334308354,1.0,-0.00468,-0.00615085714286,0.235
0.464649191587,0.544608967207,-0.124035338331,-1.36064574908,0.079192304481,1.8958122515,0.158633601035,-0.00685771505746,-0.0250641579038,-0.000192011519322,-0.0425639770049,-0.00119252341171,0.00930094934742,-0.00706715383465,0.57394242518,0.818881490899,0.001985785102,0.0,0.818839085582,-0.573883959803,-0.0118532487169,0.0,-0.00856696070415,0.00842928306173,-0.999927774577,0.0,0.661135734263,0.260119368168,0.303319525903,1.0,-0.00498,-0.00654514285714,0.25
0.464590192186,0.544169157293,-0.124036085022,-1.36137164432,0.0791547808657,1.8960667773,0.158528212497,-0.00294113263363,-0.0329868951848,-0.000143822683337,-0.0507105087847,-0.000816526936788,0.0204213796769,-0.00966911984919,0.573935389544,0.818886479624,0.0019618915216,0.0,0.818843682268,-0.573876942882,-0.0118754090257,0.0,-0.00859889313781,0.00842236213949,-0.999927558803,0.0,0.661048719761,0.260010737314,0.303307336641,1.0,-0.0053,-0.00696571428571,0.266
0.464515709408,0.543675701229,-0.12403330238,-1.36219039395,0.0791132734466,1.89635540626,0.158415422265,-0.00752341547472,-0.0208986032755,0.000161416730829,-0.0474130203851,-0.00188040626083,0.0137469435976,-0.00703049900588,0.573936582288,0.818885707237,0.00193517319932,0.0,0.818842446797,-0.573878133092,-0.0119030493166,0.0,-0.00863684966121,0.00841635944209,-0.999927282217,0.0,0.660951888897,0.259885272782,0.303291705646,1.0,-0.00564,-0.00741257142857,0.283
0.464436699915,0.54313276979,-0.124039269654,-1.36304885346,0.0790545315503,1.89665393737,0.158322317897,-0.000684392983826,-0.0318958869408,0.000260707505262,-0.0512574397483,-0.00663415221643,0.0139959416377,-0.0140749808888,0.573961219249,0.818868485637,0.00191544507995,0.0,0.818825029973,-0.573902909043,-0.0119066444571,0.0,-0.008650862968,0.00840252831944,-0.9999272774,0.0,0.660853219183,0.259745577637,0.303293232651,1.0,-0.00598,-0.00785942857143,0.3
0.464362217032,0.542563866813,-0.124042492713,-1.36396093718,0.0790112443751,1.89697288466,0.158197069574,-0.00356545466982,-0.0366241030365,-0.00226165861384,-0.0562044717503,0.000497552596674,0.0223238091523,-0.00898682399646,0.573960980868,0.818868687367,0.0019005767549,0.0,0.818824910627,-0.573902609299,-0.0119292781688,0.0,-0.0086779334736,0.00840334158062,-0.999927035999,0.0,0.660744144997,0.259608331462,0.303289253368,1.0,-0.00632,-0.00830628571429,0.317
0.464264000874,0.541930415746,-0.124038702894,-1.36493615708,0.0789427613013,1.897348588,0.158074725081,-0.00648959016086,-0.0324514354166,0.000155461635542,-0.0559962875015,-0.00639188116047,0.0217561258962,-0.00852388133624,0.573974546959,0.818859123077,0.00192429160086,0.0,0.818815735613,-0.573916152618,-0.0119074673272,0.0,-0.00864632269002,0.00841038533322,-0.999927250615,0.0,0.660639352275,0.259452612187,0.303305442583,1.0,-0.00668,-0.00877942857143,0.335
0.464178968085,0.541278547788,-0.124042706614,-1.36591522847,0.078882589055,1.89770887844,0.15793696724,-0.00840260001318,-0.0401704094576,0.000600189883525,-0.0613911558671,-0.00224325139136,0.0212382351435,-0.00808870426901,0.573972379938,0.818860577799,0.00195143416094,0.0,0.818817561114,-0.57391389035,-0.0118909619497,0.0,-0.00861725071042,0.00842311446141,-0.999927394431,0.0,0.66052881294,0.259301180221,0.303331658511,1.0,-0.00702,-0.00922628571429,0.352
0.464088166836,0.540591307587,-0.124045950331,-1.36698005256,0.0788285665837,1.89810177401,0.157805743451,-0.00280045636289,-0.0394634410685,0.000522466664413,-0.0647745932766,-0.00462821582214,0.0228804776213,-0.0121283969895,0.573979357454,0.818855669727,0.00195864085204,0.0,0.818812627294,-0.57392072031,-0.0119010539381,0.0,-0.00862130691118,0.00843488155202,-0.999927260275,0.0,0.660419226546,0.259161513598,0.303336177984,1.0,-0.00732,-0.00962057142857,0.367
0.463995702024,0.539953586751,-0.124046467491,-1.36795984676,0.0787719803265,1.89845557306,0.15768431593,-0.00697843549364,-0.0392352468468,0.00019590072956,-0.0648866453157,-0.00620248604901,0.0242739707322,-0.0107337922424,0.574001812016,0.818839876932,0.00198056813142,0.0,0.818797108597,-0.573943070558,-0.0118909046546,0.0,-0.00860017912924,0.00844724691329,-0.999927337829,0.0,0.660294902682,0.25898544158,0.303359800024,1.0,-0.00766,-0.0100674285714,0.384
0.463890159871,0.539204605236,-0.124048861696,-1.36911603432,0.0786972342899,1.89890454895,0.157545537764,-0.0062417215876,-0.0443584480083,0.000634639616925,-0.0659672416799,-0.00093922457444,0.0300868196795,-0.00208388978243,0.574020339322,0.81882681338,0.00201162520978,0.0,0.818784523697,-0.573961541994,-0.0118658740668,0.0,-0.00856166518132,0.00845850349982,-0.999927573181,0.0,0.66016887021,0.258805338358,0.30337766776,1.0,-0.008,-0.0105142857143,0.401
0.463781168333,0.538439552737,-0.124057070387,-1.37031121324,0.078636508819,1.89936135431,0.157393693225,-0.00409757829924,-0.0519160202178,-0.000989416346221,-0.0731578738053,-0.00332930071807,0.0245548278225,-0.00312889535971,0.574040873385,0.818812353875,0.00203757851025,0.0,0.818770346119,-0.573981913164,-0.0118587763901,0.0,-0.00854074383432,0.00847589440557,-0.999927604834,0.0,0.660036999058,0.258617974748,0.303389102853,1.0,-0.00834,-0.0109611428571,0.418
0.463679954018,0.537705403438,-0.124066224916,-1.37146477873,0.0785678011454,1.89981001219,0.157247146143,-0.00861927607173,-0.049436083781,-0.00239720614637,-0.0759287934812,-0.00105991835757,0.0298083201308,-0.0122545497228,0.574055562393,0.818802001402,0.00205929265288,0.0,0.818760329212,-0.573996565797,-0.0118411428265,0.0,-0.00851368844942,0.00848370437267,-0.999927769326,0.0,0.659910728769,0.258437897984,0.303397700404,1.0,-0.00866,-0.0113817142857,0.434
0.463562369223,0.536880406607,-0.12406710393,-1.37276135027,0.0784915846488,1.90028783688,0.157090006406,-0.0121489611523,-0.0536810930036,0.000432317864676,-0.0757392499638,-0.00608428170023,0.0354464235048,-0.0125780348564,0.574074770194,0.81878852043,0.00206493090238,0.0,0.818746890005,-0.574015717181,-0.011842020032,0.0,-0.0085109711306,0.00848902412292,-0.99992774731,0.0,0.659762016432,0.258236821298,0.303404499621,1.0,-0.009,-0.0118285714286,0.451
0.463458724713,0.536036612894,-0.124078685812,-1.37408356208,0.0784150154084,1.90077419436,0.156917062419,-0.00668495186283,-0.0508162314946,-0.00193728934632,-0.0790235753645,-0.00143774436912,0.029294388291,-0.00891370680552,0.574078339322,0.818786004362,0.00207033403946,0.0,0.818744451045,-0.574019271069,-0.0118383793112,0.0,-0.00850485140285,0.00849139512749,-0.999927779248,0.0,0.659608121463,0.258036469442,0.303413299872,1.0,-0.00934,-0.0122754285714,0.468
0.463355412661,0.535141566231,-0.124071274784,-1.37549352018,0.0783309199781,1.90128331235,0.156761334591,-0.00488036346595,-0.0518761279416,0.000320083328779,-0.0856067352391,-0.00782563266177,0.0332238670717,-0.00830956617218,0.574084979659,0.818781356068,0.00206736217403,0.0,0.818739683609,-0.574025842167,-0.0118494687448,0.0,-0.00851556872562,0.00849539703832,-0.999927654042,0.0,0.659435412521,0.257837966157,0.303417685834,1.0,-0.00968,-0.0127222857143,0.485
0.463234246379,0.534245564621,-0.124076849681,-1.37696294439,0.0782520711515,1.90182171552,0.156573120548,-0.00514770235212,-0.0540556759591,0.000317002343494,-0.0886725688369,-0.00299052890971,0.0322999557214,-0.0106079539318,0.574093441436,0.818775491231,0.00204018634522,0.0,0.818733373145,-0.574034321014,-0.0118747167633,0.0,-0.00855175471543,0.00848772907605,-0.999927410339,0.0,0.659261673401,0.257615944973,0.303397259936,1.0,-0.01002,-0.0131691428571,0.502
0.46309556001,0.533271224975,-0.124076958653,-1.37852855128,0.0781616189056,1.90239935855,0.156379681415,-0.0120703175429,-0.0497759572421,-0.000210803083978,-0.0877850144649,-0.00269080605632,0.0283848202177,-0.0169028383656,0.574110094214,0.818763841051,0.00202958394246,0.0,0.818721523353,-0.574050953805,-0.0118876631726,0.0,-0.00856826912804,0.00848665487554,-0.999927278082,0.0,0.659078960467,0.257375972398,0.303389321898,1.0,-0.01038,-0.0136422857143,0.52
0.462986074727,0.532428486329,-0.124076960606,-1.37987088815,0.078088380096,1.90290952936,0.156212619719,-0.00653166029736,-0.0594875833303,-0.00112185661119,-0.0920584664782,-0.00410966031506,0.0344632985673,-0.010325126636,0.574116726782,0.818759160813,0.00204144921651,0.0,0.818716925295,-0.574057465496,-0.011889888368,0.0,-0.0085632107275,0.00849771642469,-0.999927227471,0.0,0.658922451475,0.257178303595,0.30338882466,1.0,-0.01068,-0.0140365714286,0.535
0.462850176432,0.531400133453,-0.124069408935,-1.38154155175,0.0779876601565,1.90352070065,0.155995009521,-0.0086443486627,-0.058331889324,0.00180255736633,-0.0907920460972,-0.00267501033369,0.0355239958787,-0.00849134292978,0.574108517829,0.818764980859,0.00201563321816,0.0,0.818722331285,-0.574049286235,-0.0119125198455,0.0,-0.00859664678514,0.00848948648838,-0.999927010478,0.0,0.658720639198,0.256933526923,0.303371210848,1.0,-0.01104,-0.0145097142857,0.553
0.462713405297,0.530369093249,-0.12407140654,-1.38319737114,0.0778797908394,1.90409065169,0.155788248422,-0.00783699588184,-0.0635163429542,0.00064261815639,-0.0999160359508,-0.00968965470749,0.0319210913613,-0.00927128647434,0.574113407171,0.818761676258,0.00196471355989,0.0,0.818718357445,-0.574054380447,-0.0119401161445,0.0,-0.00864842359279,0.00846369077264,-0.999926782674,0.0,0.658516444586,0.256680523179,0.303359031502,1.0,-0.01138,-0.0149565714286,0.57
0.462569306904,0.529327913255,-0.124075373798,-1.38484406087,0.0777834182984,1.90470340727,0.155560451914,-0.00276997981165,-0.0640079787077,-0.000284523233246,-0.0992699132366,-0.00423806058043,0.0377805878459,-0.0133515250182,0.57411119761,0.818763210551,0.00197097125762,0.0,0.818719941512,-0.574052113909,-0.0119404685081,0.0,-0.00864514256004,0.0084689932023,-0.999926766151,0.0,0.658324426927,0.256427530737,0.303361893882,1.0,-0.01172,-0.0154034285714,0.587
0.462430325431,0.528298557298,-0.124077657097,-1.38643985446,0.0776838583986,1.90531210572,0.15534483077,-0.00732476621391,-0.0610831846699,0.00117522118682,-0.0973729665538,-0.00270054567725,0.0311490610966,-0.0168495671317,0.574109813497,0.818764101167,0.00200389298594,0.0,0.8187213014,-0.574050632861,-0.0119184079243,0.0,-0.00860819424914,0.00848326815312,-0.999926963909,0.0,0.658141217518,0.256184010441,0.303379983958,1.0,-0.01204,-0.015824,0.603
0.462295856511,0.527236575208,-0.124083619829,-1.3880766056,0.0775778719669,1.90594563021,0.15511155632,-0.00644501456773,-0.0635746814046,-0.000754732514066,-0.104178952357,-0.0060602765277,0.0351941678633,-0.0201188126684,0.574093214548,0.818775631535,0.00204771001489,0.0,0.818733507468,-0.574033960412,-0.0118828844813,0.0,-0.00855412584947,0.00849857577668,-0.999927297928,0.0,0.657953815451,0.255937556802,0.303403563638,1.0,-0.01236,-0.0162445714286,0.619
0.462141051972,0.525992526183,-0.124086527241,-1.38999457255,0.0774579598712,1.90666514667,0.154849532735,-0.00656300840741,-0.0715136963889,-0.000639459415701,-0.106969596177,-0.0190686679968,0.0350784520762,-0.0193323003951,0.574078655685,0.818785749185,0.00208348753357,0.0,0.818744122836,-0.57401929073,-0.0118601050756,0.0,-0.0085150869253,0.00851464028442,-0.999927494469,0.0,0.657727171646,0.255652133642,0.303428482581,1.0,-0.01272,-0.0167177142857,0.637
0.461973191379,0.52476530839,-0.124092882246,-1.39194315868,0.0773355964492,1.90736393464,0.154587424574,-0.00799781026295,-0.0644784187646,0.000505375697766,-0.10926552133,-0.00600900426827,0.0417003428338,-0.0158342682813,0.574077719396,0.818786463932,0.00206045553959,0.0,0.818744542957,-0.57401845249,-0.0118716671299,0.0,-0.00853778522884,0.00850241001816,-0.999927404989,0.0,0.657492352694,0.25535051952,0.303424979321,1.0,-0.01308,-0.0171908571429,0.655
0.461847789354,0.523793413281,-0.124102371876,-1.39351386375,0.077232093788,1.9079337199,0.154374922807,-0.00813930137576,-0.0678167735322,-0.000754296245829,-0.111908544201,-0.00333496554074,0.0422896002608,-0.0148337797213,0.57407030246,0.818791727901,0.00203495833505,0.0,0.818749518864,-0.574011183409,-0.0118799656129,0.0,-0.00855929352239,0.00848621999635,-0.999927358644,0.0,0.65728789874,0.255094499648,0.303416147373,1.0,-0.01338,-0.0175851428571,0.67
0.461693997914,0.52256044202,-0.124099996114,-1.39545097165,0.0771209514744,1.90866760982,0.154119968289,-0.00889396613519,-0.0705766849483,9.47559425226e-05,-0.116698608749,-0.00523515015969,0.0413883875207,-0.0184852972474,0.574058925911,0.818799650734,0.00205631736188,0.0,0.818757672394,-0.57399967458,-0.0118741053924,0.0,-0.00854235231829,0.00850022546033,-0.999927384555,0.0,0.657069837972,0.254829212593,0.303418611351,1.0,-0.0137,-0.0180057142857,0.686
0.461525914599,0.521319434903,-0.12410568634,-1.39742826173,0.0769948293111,1.9094438364,0.153845171372,-0.0141547094428,-0.0777907838049,-0.000270967033127,-0.117241659505,-0.00936604821717,0.0455815116155,-0.0089479248132,0.574047518439,0.818807581631,0.00208272406672,0.0,0.818766054387,-0.573988269423,-0.011847432173,0.0,-0.00850547186008,0.00850641658016,-0.999927646295,0.0,0.656842347903,0.254529331387,0.303416892239,1.0,-0.01404,-0.0184525714286,0.703
0.461364096723,0.520039029503,-0.124110645649,-1.39945386686,0.0768707319007,1.91018571023,0.153568726312,-0.00539422523003,-0.0763827800866,-0.00176304574048,-0.121864041017,-0.0059129796792,0.0376692531751,-0.0194811009617,0.574031606833,0.818818749346,0.00207773376468,0.0,0.818777142584,-0.573972365178,-0.0118516537101,0.0,-0.00851195838704,0.00850458847742,-0.999927606649,0.0,0.656595060092,0.254226852226,0.303416484317,1.0,-0.01438,-0.0188994285714,0.72
0.461192359495,0.518675283936,-0.12411417956,-1.40153795195,0.0767358518603,1.91093155887,0.153285773914,-0.0116999540211,-0.0809209771347,-0.00191803660465,-0.119482484024,-0.00319719773457,0.04859279944,-0.020352785323,0.574017110695,0.818828865879,0.00209569441431,0.0,0.81878751435,-0.573957820617,-0.0118394846796,0.0,-0.00849183510817,0.00851215909364,-0.999927713329,0.0,0.656339001331,0.253911449628,0.303446598041,1.0,-0.01472,-0.0193462857143,0.737
0.461012804893,0.51733967855,-0.124112090652,-1.40366350554,0.0765917867884,1.91168735471,0.152998168341,-0.0120456260775,-0.0789776201158,-3.61497169128e-06,-0.124758365028,-0.0127715420274,0.0418637618206,-0.0203334098513,0.574000607872,0.818840526789,0.00205930832902,0.0,0.818798740794,-0.573941504383,-0.0118540508738,0.0,-0.00852481887093,0.00849055494352,-0.99992761635,0.0,0.656074805963,0.253588168117,0.303437540284,1.0,-0.01506,-0.0197931428571,0.754
0.460826331107,0.51599704491,-0.12411490629,-1.40581344182,0.0764659110338,1.9124949691,0.152708175464,-0.0104699194329,-0.0825742287946,0.00103943946118,-0.130049701212,-0.00757987343894,0.0458873312087,-0.013092361525,0.573989247943,0.81884845466,0.00207326986664,0.0,0.818806778571,-0.573930018186,-0.0118549775387,0.0,-0.00851768221711,0.00850240075999,-0.999927576513,0.0,0.655830655905,0.253284454984,0.303437080263,1.0,-0.01538,-0.0202137142857,0.77
0.460646024759,0.514685509769,-0.124118108135,-1.40789492022,0.076336426119,1.91327054439,0.152420879284,-0.0116247731689,-0.0801413093794,0.000827754616843,-0.133080810924,-0.00983747473611,0.0476785644345,-0.0196531713979,0.573987066792,0.818850013613,0.00206137394756,0.0,0.81880820436,-0.573927906715,-0.0118587211288,0.0,-0.00852759810572,0.00849478600807,-0.999927556717,0.0,0.655565090336,0.252942939398,0.303422260255,1.0,-0.01572,-0.0206605714286,0.787
0.460455417494,0.513300933334,-0.124120196515,-1.41016383018,0.076206327858,1.91405114644,0.152109350444,-0.00988310065743,-0.07817306335,-0.000655733185027,-0.13465619963,-0.0097354428073,0.0463394771669,-0.0279423366787,0.573973389645,0.818859807086,0.00197768049454,0.0,0.818816709806,-0.573914377674,-0.0119260111995,0.0,-0.00863087813099,0.00846473388105,-0.999926925442,0.0,0.655273647624,0.252597725222,0.303380461565,1.0,-0.01606,-0.0211074285714,0.804
0.460254047494,0.511863192793,-0.12412220536,-1.41244898307,0.07606799901,1.91486468007,0.151784462655,-0.0135277887254,-0.0865783564462,0.000642590618808,-0.134774002306,-0.00527606504968,0.0511906751022,-0.0274187956706,0.573955822393,0.818872187748,0.00194960912329,0.0,0.818828630705,-0.573896837988,-0.0119515599703,0.0,-0.00866809243637,0.00845622600903,-0.999926675519,0.0,0.654988577774,0.252245238634,0.30337052063,1.0,-0.0164,-0.0215542857143,0.821
0.460072128835,0.510480518,-0.124133590063,-1.41464471066,0.0759263316614,1.91570576802,0.151466946965,-0.0132949784688,-0.0912752108727,-0.000272658698332,-0.135543240717,-0.0063183977978,0.0484506628196,-0.0222843439731,0.573931714505,0.818889050408,0.00196395227635,0.0,0.818845772485,-0.57387276309,-0.0119331290344,0.0,-0.00864501642735,0.00845713805111,-0.999926867579,0.0,0.65471028192,0.251888452325,0.303363304121,1.0,-0.01674,-0.0220011428571,0.838
0.459864470088,0.508994078104,-0.124139654948,-1.417005047,0.0757802400137,1.91656976119,0.15114385314,-0.014671125071,-0.0877160155776,-0.00138896079481,-0.141672892349,-0.00983236603388,0.0513624754081,-0.0161096338428,0.573922574139,0.818895482159,0.00195322660297,0.0,0.818852073182,-0.573863677165,-0.0119377208088,0.0,-0.00865502647293,0.00845089381503,-0.999926833779,0.0,0.654434882673,0.251546285793,0.303358739065,1.0,-0.01706,-0.0224217142857,0.854
0.459631061636,0.507289874931,-0.124145160554,-1.41966257437,0.0756013656216,1.91752668987,0.15077555382,-0.0136127634109,-0.0948195043731,-0.00176500979708,-0.137773478046,-0.01379894207,0.0487288221068,-0.0189555317912,0.573905153938,0.818907705676,0.00194698967242,0.0,0.818864299078,-0.573846366823,-0.0119312145689,0.0,-0.00865345720464,0.00844186839936,-0.999926923598,0.0,0.654104619411,0.251133564139,0.303368962967,1.0,-0.01744,-0.0229211428571,0.873
0.459436337816,0.505911156272,-0.124148980588,-1.42181567551,0.0754799352897,1.91833105295,0.150488369855,-0.00900318831306,-0.0943861252838,-0.000355084718383,-0.147171520105,-0.0126286861871,0.0517109767261,-0.019558944333,0.573910840871,0.818903649051,0.00197666452593,0.0,0.818860522109,-0.573851824729,-0.0119279289153,0.0,-0.00863367819437,0.00846434322422,-0.999926904576,0.0,0.653841913089,0.250801603688,0.303377906365,1.0,-0.01774,-0.0233154285714,0.888
0.459202292814,0.50416749448,-0.124147241382,-1.42443527197,0.075311589189,1.91934307064,0.150119922348,-0.0139038824141,-0.0984979381185,0.00067897429958,-0.14249273619,-0.0089517599798,0.0491225169892,-0.0145502492339,0.573889054289,0.818918640673,0.00208811564918,0.0,0.818877044408,-0.573829663984,-0.0118595857951,0.0,-0.00851397709738,0.00851616040987,-0.999927490974,0.0,0.653528581842,0.250403230131,0.303437011434,1.0,-0.0181,-0.0237885714286,0.906
0.458971801354,0.502495361514,-0.124153181217,-1.42691845118,0.075147551192,1.92028184546,0.149775734973,-0.0115480167523,-0.10117755802,-0.00021110717824,-0.145630817363,-0.0156981280471,0.0512958294435,-0.0172294804018,0.573883133701,0.818922523873,0.00218989684719,0.0,0.818882373766,-0.573823466041,-0.0117912958087,0.0,-0.00839970524465,0.00856025852914,-0.999928080877,0.0,0.653230969355,0.250013798933,0.303504260242,1.0,-0.01844,-0.0242354285714,0.923
0.458763422139,0.500983436758,-0.124156721779,-1.42918546762,0.0749984965157,1.92107014451,0.1494514006,-0.0135059853062,-0.0980550794771,0.00058465735236,-0.147962666945,-0.0133388667509,0.0524448506718,-0.0165038895214,0.573865780359,0.818934615188,0.00221564454913,0.0,0.818894793875,-0.573806009422,-0.0117782433588,0.0,-0.00837442226914,0.00857367567252,-0.999928177989,0.0,0.652943192507,0.249656164788,0.303548861823,1.0,-0.01874,-0.0246297142857,0.938
0.458523402579,0.499283315361,-0.124157146351,-1.43178547753,0.0748363010762,1.92201907785,0.149087210082,-0.00983445513248,-0.0979277052455,-0.000172640113087,-0.155042482022,-0.00644907178038,0.0596430502842,-0.0198294320066,0.573852886565,0.81894353685,0.00225719591799,0.0,0.818904213303,-0.573792914924,-0.011761254956,0.0,-0.00833680121537,0.00859782288834,-0.999928285022,0.0,0.652619094213,0.249251478991,0.30357959332,1.0,-0.01908,-0.0250765714286,0.955
0.45825949626,0.497618853688,-0.124159654969,-1.43442771986,0.074676137876,1.92300000357,0.148698604374,-0.0154963461186,-0.0993021830525,-0.00103570825632,-0.155326078415,-0.00856462599892,0.0575677675339,-0.0244271179561,0.573843564487,0.818950062157,0.002259666079,0.0,0.818910708463,-0.573783520394,-0.0117673357351,0.0,-0.00834046175368,0.00860324027142,-0.9999282079,0.0,0.65229536803,0.2488270967,0.303567674784,1.0,-0.01942,-0.0255234285714,0.972
0.458016353733,0.496047762573,-0.124157505519,-1.4369472232,0.0745183016847,1.92388568658,0.148322025859,-0.015819402661,-0.0993670634726,0.000811435454214,-0.158311042479,-0.0111816535195,0.0568566218687,-0.0139445339578,0.573817756328,0.818968300046,0.00220293986205,0.0,0.818928085736,-0.573757807639,-0.0118116665759,0.0,-0.00840958846136,0.00858195856657,-0.999927811799,0.0,0.651951965152,0.248398727167,0.303539244368,1.0,-0.01976,-0.0259702857143,0.989
0.457742924772,0.494374186478,-0.124160363677,-1.43969348611,0.0743491183166,1.92483790227,0.147944329986,-0.0187126868006,-0.0986204182448,-0.000122896945024,-0.161985919468,-0.00511355287376,0.0570009086422,-0.0202694742876,0.573826331644,0.818962552502,0.00210371406497,0.0,0.818920906855,-0.573766633598,-0.0118804624202,0.0,-0.00852277698127,0.00854026202515,-0.999927210449,0.0,0.651618309446,0.247980471207,0.303481427861,1.0,-0.02278,-0.0299394285714,1.005
0.457432873899,0.492020494779,-0.124246568928,-1.4432301073,0.0741403753138,1.92614859874,0.147435984322,-0.0172531389317,-0.157318142965,-0.0104589144473,-0.237509389693,-0.0117658262166,0.0934941704701,-0.033259811236,0.573847134193,0.81894772315,0.00220005174312,0.0,0.818907582038,-0.573787306123,-0.0118002675207,0.0,-0.00840160221247,0.00857335381639,-0.999927952747,0.0,0.651190265875,0.247394941657,0.303552489021,1.0,-0.03468,-0.0455794285714,1.022
0.457013760282,0.488802506182,-0.124274264097,-1.44836848241,0.0738756504817,1.92810637725,0.146658247717,-0.0277278277239,-0.205403552092,-0.000689030787198,-0.336592032944,-0.0193738013891,0.121648771056,-0.0455984068652,0.573759749874,0.819008810284,0.00225055602072,0.0,0.818968938412,-0.573699339584,-0.0118191614597,0.0,-0.00838901637744,0.00862466064941,-0.999927617197,0.0,0.65053823961,0.24662913639,0.303515413115,1.0,-0.04658,-0.0612194285714,1.039
0.456378839178,0.484495804094,-0.124366406578,-1.45512732036,0.0734746462875,1.93065294091,0.145630912664,-0.037751939683,-0.27299819279,-0.00791688253272,-0.429831066981,-0.0316786187489,0.161262674776,-0.0673933691918,0.573731671263,0.819028293291,0.00231755905086,0.0,0.818989457064,-0.573671177953,-0.0117641704164,0.0,-0.00830583150043,0.00864770007782,-0.999928112639,0.0,0.649705721617,0.245526100464,0.303513242494,1.0,-0.05848,-0.0768594285714,1.056
0.455450280145,0.478522666399,-0.1245371593,-1.46463024605,0.0729078840169,1.93392138658,0.144202915077,-0.0580176098191,-0.339610252104,-0.0109262045693,-0.533955072872,-0.0299340626995,0.182029486246,-0.0676860935913,0.573757067273,0.819011139945,0.00208021660646,0.0,0.818969144871,-0.573697429561,-0.0118973091777,0.0,-0.00855077846087,0.00852996266582,-0.999927059302,0.0,0.648474999431,0.243907259824,0.303420435666,1.0,-0.07178,-0.0943394285714,1.075
0.454618534349,0.473264517454,-0.124647409608,-1.47283134838,0.0724334759753,1.93682033334,0.143018022481,-0.0620374927036,-0.394035264524,-0.00133574436915,-0.612446226317,-0.0372926446403,0.208900251046,-0.0878431227586,0.573815778338,0.818970092764,0.00204611589545,0.0,0.818927401439,-0.573756022902,-0.011945051585,0.0,-0.00860883443283,0.00853004367563,-0.999926560466,0.0,0.647416837151,0.242522590388,0.303410472862,1.0,-0.08158,-0.107219428571,1.089
0.453458384048,0.465991443012,-0.124758631749,-1.48385059648,0.0717795858559,1.9409521864,0.141275403848,-0.0710477957705,-0.450886516216,-0.00550814706172,-0.674831839323,-0.0459508282104,0.262817078168,-0.102810513113,0.573768568388,0.819002282262,0.00237454851227,0.0,0.818963873502,-0.573707527954,-0.0117725600057,0.0,-0.00827961656407,0.0086995618417,-0.999927880186,0.0,0.64603233385,0.24067414639,0.303549082908,1.0,-0.09348,-0.122859428571,1.106
0.452050802143,0.457875526367,-0.124824763246,-1.49648203019,0.0709803234582,1.94537939888,0.139333063976,-0.0958230279876,-0.495950980761,-0.00948046257741,-0.788025855725,-0.0496794233344,0.258224957358,-0.124488945389,0.573751337129,0.819014572393,0.00229788004994,0.0,0.818974767891,-0.573690177733,-0.0118598664084,0.0,-0.0083952938363,0.0086866872362,-0.999927027591,0.0,0.644358507987,0.238514554414,0.303512456001,1.0,-0.10538,-0.138499428571,1.123
0.450466324662,0.448691453471,-0.124991616937,-1.51042296799,0.07001450324,1.95031378405,0.137134707196,-0.0952545013255,-0.572038774185,-0.00799207048237,-0.859797390666,-0.0590665673772,0.311213061902,-0.127731832574,0.573742750732,0.819020331631,0.00238731192864,0.0,0.818982420575,-0.573682015254,-0.0117254878177,0.0,-0.00823401353297,0.00868274730595,-0.999928402897,0.0,0.642525932993,0.236054228767,0.303615296337,1.0,-0.11728,-0.154139428571,1.14
0.448682845654,0.438718846189,-0.125101192468,-1.52573711865,0.0690242625395,1.9556141406,0.134758618687,-0.113235954965,-0.611813871576,-0.0051540940111,-0.922556055456,-0.0588617533162,0.320900417415,-0.142529470579,0.573750822295,0.819014793027,0.00234725792613,0.0,0.818975949605,-0.573689803695,-0.0117961861212,0.0,-0.0083148130816,0.00869058659672,-0.999927666178,0.0,0.64043603951,0.233376464355,0.30361373724,1.0,-0.12918,-0.169779428571,1.157
0.446657004332,0.427787670907,-0.125224670912,-1.54210665745,0.0679272929035,1.96141338483,0.132067820765,-0.126542635444,-0.657237243749,-0.00778590075079,-0.983861129555,-0.0705403851075,0.343984637671,-0.162224470385,0.573707554202,0.819044239786,0.00263105041405,0.0,0.819009186886,-0.573645621867,-0.0116361166312,0.0,-0.00802135818532,0.00883075249251,-0.999928835279,0.0,0.638220821374,0.230448953043,0.303780608469,1.0,-0.14108,-0.185419428571,1.174
0.444380777898,0.416122581299,-0.125356068848,-1.55964866644,0.0666890026085,1.96751649358,0.129132741654,-0.143922947121,-0.712163238174,-0.00765071251034,-1.04843811827,-0.0684931400175,0.374381923858,-0.16923971439,0.573661628931,0.819075932204,0.00277482923345,0.0,0.819043064688,-0.5735995799,-0.0115207215806,0.0,-0.00784485592347,0.00888187155128,-0.999929782831,0.0,0.635796545783,0.227239432685,0.30388434933,1.0,-0.15298,-0.201059428571,1.191
0.441699127001,0.402955882181,-0.12548759952,-1.57959874754,0.0653241790323,1.97435832774,0.125797558356,-0.156375301041,-0.754587627634,-0.00504032018828,-1.13517874968,-0.0809158008748,0.376278374924,-0.198458216784,0.573659573828,0.819077258549,0.00280798573295,0.0,0.819044450999,-0.573596997918,-0.0115506782472,0.0,-0.00785039683092,0.00892619415064,-0.999929344668,0.0,0.632964315702,0.223556142612,0.303886218653,1.0,-0.16558,-0.217619428571,1.209
0.43921803031,0.391192353693,-0.125623838035,-1.59700381934,0.0640914497452,1.98036115253,0.122812260623,-0.166983616002,-0.800222377729,-0.00951178294897,-1.19683893897,-0.0977867043966,0.400527272327,-0.196901403838,0.573688979811,0.819055672783,0.00308321700501,0.0,0.819026562285,-0.573625704775,-0.0113924533783,0.0,-0.00756258664213,0.00906113603546,-0.999930349123,0.0,0.630486400575,0.220254788325,0.304040183159,1.0,-0.17608,-0.231419428571,1.224
0.435966157579,0.376440233631,-0.12576947941,-1.61906255843,0.0624213182237,1.98769600647,0.11887509184,-0.187761188994,-0.86986744102,-0.00489545595143,-1.25485436871,-0.0911199045714,0.415791939324,-0.225899345072,0.573596849851,0.819120371477,0.00303607876039,0.0,0.819090891218,-0.573534010799,-0.0113840801602,0.0,-0.00758378355254,0.0090168705787,-0.999930588727,0.0,0.627229852728,0.216006905657,0.304057604079,1.0,-0.18868,-0.247979428571,1.242
0.432533132154,0.361777507991,-0.125953102294,-1.6408348255,0.0607848870065,1.9949082628,0.114995806287,-0.205574063482,-0.8938681618,-0.0176711459457,-1.29356075785,-0.0981984554274,0.443612656241,-0.229164843128,0.573690386881,0.819054750958,0.00306624109258,0.0,0.819025760504,-0.573627567466,-0.0113562482443,0.0,-0.00754265387781,0.00902647467913,-0.99993081317,0.0,0.623980402615,0.211679225624,0.304086929338,1.0,-0.20058,-0.263619428571,1.259
0.429194383025,0.348400586971,-0.126127604229,-1.66090801224,0.0592707439168,2.00131082179,0.111233903237,-0.226584011393,-0.903158528998,-0.0111941561897,-1.34777687973,-0.0975252980115,0.42130483885,-0.268344948248,0.573734726361,0.819024691081,0.00278676678719,0.0,0.818991573563,-0.573672170851,-0.0115667507868,0.0,-0.007874915554,0.00891875682743,-0.999929218236,0.0,0.62089034532,0.207587319481,0.303952204448,1.0,-0.21108,-0.277419428571,1.274
0.425126428043,0.33240628012,-0.126305798436,-1.68430643529,0.0574698637459,2.00889871796,0.106783271302,-0.239684853016,-0.938791389848,-0.00836797494691,-1.40004316681,-0.0993979385285,0.437181382804,-0.2695327725,0.573803998738,0.818975759998,0.00290214900218,0.0,0.818943941183,-0.573740834673,-0.0115335479587,0.0,-0.0077807646179,0.00899486645912,-0.999929273539,0.0,0.617261531242,0.20276516116,0.304007355639,1.0,-0.22298,-0.293059428571,1.291
0.420810199744,0.315717265835,-0.12647200882,-1.70845121605,0.0554488808244,2.01658483983,0.102021245051,-0.263123843789,-0.989131005887,-0.0132168433368,-1.45207777117,-0.131434036282,0.452651521037,-0.287473422202,0.573713955525,0.819038508697,0.0029942291431,0.0,0.819008488853,-0.573651227189,-0.0114066485989,0.0,-0.00762498803993,0.00899662578568,-0.999930457723,0.0,0.613411936072,0.197739148022,0.304099987405,1.0,-0.23488,-0.308699428571,1.308
0.416153854334,0.298497801878,-0.126607750333,-1.73325934607,0.053384380027,2.0243628036,0.0968954122221,-0.282537218652,-1.02665040109,-0.0151586334703,-1.49941057773,-0.134804297165,0.444797403153,-0.30131933764,0.573536584689,0.819162379902,0.00308679092472,0.0,0.819133580484,-0.573473636441,-0.0113539654726,0.0,-0.00753069315052,0.00904058274144,-0.999930775866,0.0,0.609356220232,0.192504536885,0.304153854889,1.0,-0.24678,-0.324339428571,1.325
0.410732220407,0.279595035145,-0.126804623296,-1.76026344196,0.0511695872575,2.03263112714,0.0912083973457,-0.312902274387,-1.06877335698,-0.0097995258586,-1.54040761461,-0.137312132651,0.456663537732,-0.339769678209,0.573534068012,0.81916370866,0.00319971033614,0.0,0.819135775769,-0.573470078265,-0.0113752842199,0.0,-0.00748342595091,0.00914528631699,-0.9999301786,0.0,0.604847905367,0.186619487158,0.304207359522,1.0,-0.25938,-0.340899428571,1.343
0.405497660318,0.26223476409,-0.127004939569,-1.78483632103,0.0490441462614,2.03997790517,0.0858357219767,-0.336574897963,-1.09375021516,-0.0172999184462,-1.56490205546,-0.143578698205,0.456178009197,-0.342719006246,0.573536936843,0.819161480333,0.00325547501059,0.0,0.819134120112,-0.573472606047,-0.01136707018,0.0,-0.0074446836307,0.00918628213467,-0.99993009201,0.0,0.600655403088,0.181107200276,0.304257179807,1.0,-0.27058,-0.355619428571,1.359
0.399436578465,0.243285171187,-0.12725655303,-1.8115699029,0.046637762857,2.04777342541,0.0798513672274,-0.363782970331,-1.12696205051,-0.0145856337943,-1.58524211386,-0.143634950713,0.450581745402,-0.357478650891,0.573656342418,0.819078156647,0.00318135317741,0.0,0.819049822815,-0.573592190355,-0.0114076207764,0.0,-0.0075190784255,0.00914991693081,-0.999929868781,0.0,0.595996554836,0.174919981345,0.304240795875,1.0,-0.28248,-0.371259428571,1.376
0.392661165945,0.222576608564,-0.127452542313,-1.84043058662,0.0440494190201,2.05601830396,0.0730196307623,-0.393314267758,-1.169314245,-0.0145255322897,-1.62500099138,-0.155386570942,0.447142737181,-0.389448074605,0.573542232266,0.819157887514,0.00322645811375,0.0,0.819129407772,-0.573477071973,-0.011480772881,0.0,-0.00755441135415,0.00922777249344,-0.999928887013,0.0,0.590807248534,0.168233517828,0.304250246214,1.0,-0.29508,-0.387819428571,1.394
0.386139607801,0.20364860766,-0.127688737142,-1.86648950167,0.0415457343981,2.06323242471,0.0666069792387,-0.430881356423,-1.18696614068,-0.0222930481246,-1.63725353362,-0.156229883079,0.441364999338,-0.397692294605,0.573486715107,0.819196828805,0.00320783002885,0.0,0.819168197125,-0.573421727082,-0.0114775707626,0.0,-0.00756309574883,0.00921016401969,-0.999928983709,0.0,0.586021912045,0.161978919076,0.304276371918,1.0,-0.30628,-0.402539428571,1.41
0.378646116375,0.182987617534,-0.128016758636,-1.89460964192,0.0388418739936,2.07074877927,0.0593454405387,-0.468765708361,-1.22517427827,-0.0272438209781,-1.67510242657,-0.159410553023,0.432284064661,-0.442397074888,0.573506897944,0.819182719382,0.00320268290989,0.0,0.819153573591,-0.573441379104,-0.0115392593011,0.0,-0.00761635754776,0.00924151188481,-0.999928290207,0.0,0.580739645899,0.155012425065,0.304310399772,1.0,-0.31818,-0.418179428571,1.427
