position_joint1,position_joint2,position_joint3,position_joint4,position_joint5,position_joint6,position_joint7,velocity_joint1,velocity_joint2,velocity_joint3,velocity_joint4,velocity_joint5,velocity_joint6,velocity_joint7,ee_T_00,ee_T_10,ee_T_20,ee_T_30,ee_T_01,ee_T_11,ee_T_21,ee_T_31,ee_T_02,ee_T_12,ee_T_22,ee_T_32,ee_T_03,ee_T_13,ee_T_23,ee_T_33,v_x,v_y,time
0.465084081683,0.547835948011,-0.123896828882,-1.35586290503,0.0795255992244,1.89409791432,0.159162752817,0.00102180381452,-0.000685362432357,-0.000988823779257,-0.000868379648278,-0.000186099659323,-0.000223640871231,0.00131545959159,0.573744579198,0.819020312252,0.00190600658778,0.0,0.818975838058,-0.573685467954,-0.0120128030433,0.0,-0.00874544979528,0.00845341672407,-0.999926025691,0.0,0.66164302103,0.260950098831,0.303158137816,1.0,0.0,0.0,0.0
0.465079162975,0.547838462642,-0.123898597292,-1.35586541069,0.0795252188834,1.89409791438,0.159161226938,-0.000238729348594,0.000207925650755,-0.000194414510411,-0.00111920896533,8.85967320119e-05,-8.47942090747e-05,0.000401265775988,0.573748633685,0.819017483366,0.00190110170594,0.0,0.818972954881,-0.573689552442,-0.0120143037012,0.0,-0.00874945104897,0.00845030390942,-0.999926016998,0.0,0.661644090188,0.260945427695,0.303155221755,1.0,-0.0001,-0.000131428571429,0.006
0.465079133653,0.547837810702,-0.123903350525,-1.35586079423,0.0795224097131,1.89409710058,0.159163566625,-0.000793212503719,0.000340328652185,-0.00153531634297,0.000966698735264,-0.000273416956474,-0.000266214317221,0.00142571380994,0.573752891963,0.819014498053,0.00190206332043,0.0,0.818970037215,-0.573693859278,-0.0120075339675,0.0,-0.00874331069415,0.00844725284329,-0.999926096488,0.0,0.661646261717,0.260942704583,0.303157962002,1.0,-0.00036,-0.000473142857143,0.019
0.465078623396,0.547826866673,-0.123901555386,-1.35586703712,0.0795219014817,1.89409699592,0.159157361378,0.000932204016607,-0.000566466510697,-0.000613492467839,3.36280224789e-05,0.000119610657099,-5.38306265921e-05,0.00609009854428,0.573747159811,0.819018502826,0.00190670879888,0.0,0.818974091253,-0.573688096909,-0.0120063409157,0.0,-0.00873972748584,0.00845031180064,-0.999926101967,0.0,0.661644849598,0.260942720295,0.303162674219,1.0,-0.00068,-0.000893714285714,0.035
0.465069816198,0.547804957644,-0.123897605391,-1.35590533097,0.0795235590016,1.89410487933,0.159165194169,-0.00143243824222,0.00139332902528,0.000946527891766,-0.00262924399483,7.26648342621e-05,0.000306044635488,0.00210773942794,0.573760572624,0.819009116026,0.00190264825298,0.0,0.818964586505,-0.573701462742,-0.0120160143062,0.0,-0.0087498416308,0.00845267952901,-0.999925993502,0.0,0.661639518379,0.260935723519,0.303160526648,1.0,-0.001,-0.00131428571429,0.051
0.465074697814,0.547675515691,-0.123899739506,-1.35604453438,0.0795235620268,1.89412718289,0.159151749428,0.000495317809103,-0.0119293423361,0.000264103942373,-0.00885835445001,-0.000663868468814,0.00393176304353,-0.00199850999806,0.573754578453,0.81901327551,0.0019196729569,0.0,0.818968863532,-0.573695294783,-0.0120189937414,0.0,-0.00874257641128,0.00846826810779,-0.999925925153,0.0,0.661614695442,0.260924414305,0.303187978195,1.0,-0.00134,-0.00176114285714,0.068
0.465071158707,0.547528506278,-0.1239001065,-1.35624682144,0.0795141556737,1.89417184009,0.159150803747,0.000669205862485,-0.00629459990653,-0.00199123371725,-0.0130327712814,-0.000696540318848,0.00109546511104,-0.00198263702677,0.573767578893,0.819004175777,0.00191634341125,0.0,0.818959592178,-0.57370818389,-0.0120354899799,0.0,-0.00875786326892,0.00847514493793,-0.999925733117,0.0,0.661582287356,0.260903809291,0.303201522886,1.0,-0.00168,-0.002208,0.085
0.465048632269,0.547372467322,-0.12390223733,-1.35643030981,0.079517592124,1.89427156382,0.159143277786,-0.000274382314176,-0.00896475274674,0.000238503568007,-0.00863111656228,-0.00343038273403,0.0111617987594,-0.000653498610414,0.573790672235,0.818987840711,0.00198194960354,0.0,0.81894410543,-0.573730985289,-0.0120023164943,0.0,-0.00869281273396,0.00851008704027,-0.999926003975,0.0,0.661570761721,0.260872764192,0.303231647201,1.0,-0.002,-0.00262857142857,0.101
0.465029328144,0.547164212314,-0.123899741576,-1.35667459128,0.0795119848631,1.8944121294,0.159126830133,-0.00319116656536,-0.0161369294739,-0.00109912416277,-0.0171356552295,-0.00151209864109,0.00746065173741,-0.00130826957479,0.57381010926,0.818973984881,0.00207785938052,0.0,0.818931437271,-0.573749954609,-0.0119598301099,0.0,-0.00860278362855,0.00856446068342,-0.999926318349,0.0,0.661554655076,0.260847938845,0.303275937632,1.0,-0.00234,-0.00307542857143,0.118
0.464999813506,0.546936453282,-0.123897194305,-1.35698763577,0.0795078875743,1.89454519509,0.15911445872,0.000100776856938,-0.0109151966697,0.000503870702852,-0.0152287814551,-2.09550778485e-05,0.00688348902961,0.00149334954867,0.573832482526,0.818958188323,0.00212477729841,0.0,0.818916180252,-0.573772059344,-0.0119440587063,0.0,-0.00856271169193,0.00859406883045,-0.999926408267,0.0,0.661521160793,0.260799997257,0.303298789645,1.0,-0.00272,-0.00357485714286,0.137
0.464974838662,0.546739989973,-0.123896956422,-1.35730160692,0.0795005135216,1.89466212123,0.159069253214,-0.000465698740754,-0.0147269455356,-0.00654294249886,-0.0178268419909,8.07869990024e-05,0.00957282568922,-0.00912702547606,0.573831378712,0.818958946985,0.00213046008115,0.0,0.818916905323,-0.573770824207,-0.0119536758247,0.0,-0.00856733887708,0.0086042297138,-0.999926281251,0.0,0.661484504675,0.260755669681,0.303298626423,1.0,-0.003,-0.00394285714286,0.151
0.464929983591,0.546443612713,-0.123902982731,-1.35774322561,0.0794888904908,1.8948273047,0.158948381127,-0.00511001025461,-0.0175434318404,-0.000243451887729,-0.0259562385694,-0.00386914425611,0.0102995298225,-0.000599148469334,0.573792789105,0.818985916688,0.00215646456777,0.0,0.818944088609,-0.573732006327,-0.0119545618752,0.0,-0.00855354975529,0.00862563138113,-0.999926214913,0.0,0.661440291398,0.260685910718,0.303312700966,1.0,-0.00334,-0.00438971428571,0.168
0.464884539444,0.546155715376,-0.123900775331,-1.35823215449,0.0794763100426,1.89499445343,0.158928694935,6.17027683561e-05,-0.0155312936308,-0.000621322505107,-0.0319686113851,0.000515398239802,0.00687108489128,-0.00210137305296,0.573838459781,0.818953972947,0.00213522145439,0.0,0.818911698197,-0.573777588264,-0.0119856857832,0.0,-0.0085907481727,0.00862657138475,-0.99992588791,0.0,0.661378393375,0.260609587389,0.303298416612,1.0,-0.0037,-0.00486285714286,0.186
0.464825401611,0.545849277907,-0.123897620603,-1.3587610441,0.0794474929926,1.89517623047,0.15886132337,-0.00327555190753,-0.0234131756265,0.000954640396373,-0.0299732218037,-0.00288827641613,0.0109902299026,-0.00304880776172,0.57385138631,0.818944999982,0.00210245944171,0.0,0.818902224766,-0.57379057697,-0.0120111179906,0.0,-0.00863023976534,0.0086144712796,-0.999925652159,0.0,0.661317572375,0.260521213613,0.303279288537,1.0,-0.00402,-0.00528342857143,0.202
0.464752817311,0.545492920968,-0.123900143843,-1.35939307908,0.0793559365723,1.89538284975,0.158753457508,-0.00483198349215,-0.0212234140764,-4.53401551124e-05,-0.0364479018966,-0.00433509519567,0.0168194565113,-0.00266041424883,0.573835124396,0.818956618802,0.00201331335826,0.0,0.81891312557,-0.573775134666,-0.0120056032391,0.0,-0.00867704615211,0.00853812994856,-0.999925901858,0.0,0.661247583897,0.260400599542,0.303248616601,1.0,-0.00436,-0.00573028571429,0.219
0.464695773929,0.545093277649,-0.123905311959,-1.36008671219,0.0793336964344,1.89560149452,0.158710604363,-0.00203414206126,-0.028300614947,0.00503433346951,-0.0397575353737,-0.00290840484474,0.0130284990755,-0.00120402149267,0.573886155243,0.818920988035,0.0019603770081,0.0,0.818876569125,-0.57382615633,-0.0120604208246,0.0,-0.00875178463329,0.00852677950318,-0.999925347362,0.0,0.661155461669,0.260286764924,0.303223577633,1.0,-0.00472,-0.00620342857143,0.237
0.464619322413,0.544682095043,-0.123905486517,-1.36076187977,0.079312378335,1.89583657461,0.158598562976,-0.00569579106528,-0.0260510882665,-0.00249182822711,-0.0418894970605,-0.000337411401224,0.0159950852037,-0.0051852573531,0.573882955056,0.818923272132,0.00194297641421,0.0,0.818878428106,-0.57382284004,-0.0120919449611,0.0,-0.00878762007875,0.00853058681879,-0.999925000598,0.0,0.66107976832,0.260172689688,0.303207846686,1.0,-0.00504,-0.006624,0.253
0.464555061517,0.544190337243,-0.123903960554,-1.36158640696,0.079274209113,1.89613373185,0.158511364828,-0.00185574510885,-0.0263881008814,0.0045492256632,-0.045288280049,-0.00381970572934,0.0176400497137,-0.0112331044236,0.573901844142,0.818910090507,0.00191933780935,0.0,0.818864805568,-0.573841703112,-0.0121192769045,0.0,-0.00882337194659,0.00852711772065,-0.999924715352,0.0,0.660984209492,0.260062125904,0.303191838755,1.0,-0.00538,-0.00707085714286,0.27
0.464473152775,0.543673119385,-0.123908781451,-1.36241056665,0.0792377516495,1.89641989808,0.158402798272,-0.0056484793295,-0.0281201393383,6.79543718253e-05,-0.0482819354719,-0.00336241604561,0.0183620154062,-0.00728127513578,0.573919472091,0.818897762988,0.00190793847181,0.0,0.81885219462,-0.573859249804,-0.0121404976098,0.0,-0.00884710852837,0.00853015181583,-0.999924479739,0.0,0.66088963989,0.259927681591,0.303190496197,1.0,-0.00572,-0.00751771428571,0.287
0.46440310627,0.543162318343,-0.12391005827,-1.36321868658,0.0791876212184,1.8967047238,0.158291141268,-0.00918726721389,-0.0307759182947,0.00107962245179,-0.0494135680474,-0.00272134354755,0.020601271847,-0.0165215137143,0.573917813237,0.818898952432,0.00189637972785,0.0,0.818853222214,-0.573857632542,-0.0121476312212,0.0,-0.00885960107532,0.00852476272526,-0.999924415088,0.0,0.66079507796,0.259802654799,0.303191929584,1.0,-0.00604,-0.00793828571429,0.303
0.464336867139,0.542573805205,-0.123912674474,-1.36412196092,0.0791352218982,1.89703502035,0.158179630323,-0.00265760963971,-0.0393358824789,0.000423800397975,-0.0533888121481,-0.00140479492005,0.0175972549655,-0.0036119881377,0.573918777262,0.81889824482,0.00191014104527,0.0,0.818852676984,-0.573858517968,-0.012142555434,0.0,-0.00884753696565,0.008533128965,-0.999924450546,0.0,0.660689035123,0.259671822204,0.303206965034,1.0,-0.00638,-0.00838514285714,0.32
0.46425474624,0.541976263618,-0.123917940906,-1.36505173774,0.0790846606749,1.89739059969,0.158057432808,-0.00362629866115,-0.0340263386721,-0.000892401476253,-0.0556974601669,-0.00808892267195,0.0235201956196,-0.00516319995978,0.573927886144,0.818891811903,0.00193101166312,0.0,0.818846502751,-0.57386751899,-0.0121335271584,0.0,-0.008828071135,0.00854513626097,-0.999924520055,0.0,0.6605866468,0.259527950687,0.303217981434,1.0,-0.00672,-0.008832,0.337
0.464189324628,0.541363176431,-0.12391820441,-1.36598099978,0.079028657805,1.89772800401,0.157922726952,-0.0037189718194,-0.0403691557561,-0.000775872721502,-0.0559530594511,-0.00494658592966,0.0249563904215,-0.00513005389916,0.573907869527,0.818905796198,0.0019496538512,0.0,0.818860715047,-0.573847406999,-0.0121255818425,0.0,-0.00881107508653,0.00855562651101,-0.999924580261,0.0,0.660475834592,0.259396171404,0.303238396742,1.0,-0.00704,-0.00925257142857,0.353
0.464097027905,0.540671232909,-0.123913628566,-1.36704756399,0.0789662580586,1.89812327473,0.157797036553,-0.00446264786082,-0.0382244136323,0.000700543562451,-0.0630054200587,-0.00142342949809,0.0217376053501,-0.0164817475034,0.573919749547,0.818897423733,0.00196910744529,0.0,0.818852549783,-0.573859153766,-0.0121210664878,0.0,-0.00879608913951,0.00856909307689,-0.999924596887,0.0,0.660352993726,0.259237082928,0.303253976031,1.0,-0.00738,-0.00969942857143,0.37
0.464004321218,0.53989259465,-0.123919662029,-1.36821742748,0.0788915447477,1.89856721985,0.157649256759,-0.00703207470164,-0.043762375143,-0.0014790842381,-0.0648616901356,-0.00246489026838,0.0223347267648,-0.00903907577048,0.573923693107,0.818894560217,0.00201013378666,0.0,0.818850303466,-0.573862996357,-0.0120908571446,0.0,-0.00874776416779,0.00858539334193,-0.999924881,0.0,0.660221294977,0.259061773996,0.303286094231,1.0,-0.00774,-0.0101725714286,0.388
0.46390934843,0.539171936758,-0.123919082929,-1.36932457453,0.07883588509,1.8989856057,0.157514163482,-0.00724431938675,-0.0493285041175,-5.16480442406e-05,-0.0754236373565,-0.00723147987574,0.0239394419069,-0.0114065129931,0.573936805816,0.818885288529,0.00204305181955,0.0,0.818841363049,-0.573875867318,-0.0120854445786,0.0,-0.0087243026057,0.00860938255231,-0.999924879717,0.0,0.660095249982,0.25889683845,0.303304567507,1.0,-0.00806,-0.0105931428571,0.404
0.463797429929,0.538418069256,-0.123923140894,-1.37051635498,0.0787679735101,1.89944328789,0.157359306264,-0.00513644122777,-0.045746968622,-0.000772589929213,-0.0706730388048,-0.0110190169548,0.0241785113345,-0.0190926481836,0.573952261342,0.818874414137,0.00205972644195,0.0,0.81883070274,-0.573891245159,-0.0120774948106,0.0,-0.00870806017199,0.00861863864333,-0.999924941561,0.0,0.659964231893,0.258709111518,0.303309649999,1.0,-0.0084,-0.01104,0.421
0.463685681846,0.537623447609,-0.123928144578,-1.37175871464,0.0786948347669,1.89992182543,0.157216075566,-0.0128672359558,-0.0512330302441,-0.000853368866086,-0.0756064942008,-0.000173135995218,0.0242921561414,-0.0112374936873,0.573979046932,0.818855577217,0.00208428522497,0.0,0.81881221319,-0.573917948282,-0.0120621337491,0.0,-0.0086811039318,0.00863021638967,-0.999925076093,0.0,0.659826938181,0.258516064915,0.303321141313,1.0,-0.00874,-0.0114868571429,0.438
0.463585336004,0.536852491613,-0.123926662709,-1.3729854124,0.078625748756,1.90037911605,0.157059589735,-0.00446172065805,-0.0489820925122,-0.000223295820546,-0.0752173479453,-0.00285854718322,0.0366663843349,-0.00856749753021,0.573981121664,0.818854114196,0.00208771163607,0.0,0.818810731576,-0.573919945099,-0.0120676995931,0.0,-0.00868367330078,0.00863623871478,-0.999925001787,0.0,0.659683482074,0.258335081244,0.303321193894,1.0,-0.00906,-0.0119074285714,0.454
0.463458634357,0.535998969297,-0.123936100745,-1.37432294152,0.0785533565697,1.90088037134,0.156898889644,-0.00271639594537,-0.0505316981545,-0.0013579992216,-0.0846342386297,-0.00784793085123,0.0352592919286,-0.00512865256387,0.574014110815,0.818830948121,0.00210377885293,0.0,0.81878774399,-0.573952830107,-0.0120634159883,0.0,-0.00867059546052,0.00864728582978,-0.9999250198,0.0,0.659534467263,0.258120764244,0.30333080424,1.0,-0.0094,-0.0123542857143,0.471
0.463342618192,0.535097726443,-0.123937970498,-1.37573735992,0.0784587328672,1.90138438825,0.156718507705,-0.0090914691849,-0.0540290790926,-0.00110106283766,-0.0825913401662,-0.00908960390322,0.0275727369232,-0.013948000373,0.574014825526,0.818830480703,0.00209065764852,0.0,0.818787152192,-0.573953647613,-0.0120646880493,0.0,-0.00867916083237,0.00863727972226,-0.999925031973,0.0,0.659365810607,0.257906014187,0.303337279499,1.0,-0.00974,-0.0128011428571,0.488
0.463221579299,0.534255518711,-0.123935330867,-1.37712511832,0.078397514235,1.90188696582,0.156556457562,-0.00741796803285,-0.0591996317452,-0.000501215986893,-0.0855470982475,-0.00302011127258,0.0224733493772,-0.00878250664743,0.57403906325,0.818813552386,0.00206571855938,0.0,0.818769637458,-0.573977731094,-0.0121075136106,0.0,-0.00872828782482,0.00864169978674,-0.999924566163,0.0,0.659199574156,0.25769826105,0.303314431153,1.0,-0.01006,-0.0132217142857,0.504
0.463089792495,0.533342586002,-0.123935994069,-1.37860473694,0.0783144236171,1.90244829404,0.156377658834,-0.00668216524259,-0.0599076350185,0.000689377132707,-0.0865730515283,-0.00709672500466,0.0386482574029,-0.0151714946984,0.574059844541,0.818798991584,0.00206232091699,0.0,0.818754975572,-0.573998468418,-0.012115904075,0.0,-0.00873688920322,0.00864395594473,-0.999924471544,0.0,0.659029936053,0.257472002476,0.303302745524,1.0,-0.0104,-0.0136685714286,0.521
0.462954207998,0.532338866244,-0.123935995205,-1.38024559271,0.078216243599,1.90305998175,0.156167993057,-0.00650518873053,-0.057930852181,0.0016419205461,-0.0918824505383,-0.0125996798781,0.0293250972925,-0.010899258964,0.57406522878,0.818795261472,0.00204445551445,0.0,0.818751007428,-0.574003925555,-0.0121255178544,0.0,-0.00875495963128,0.00863490444194,-0.999924391695,0.0,0.658848804862,0.257236447552,0.303287488024,1.0,-0.01074,-0.0141154285714,0.538
0.462826233346,0.531406721645,-0.123938512876,-1.38175161586,0.0781249539769,1.90360006624,0.155975092412,-0.00804017317253,-0.0594262720899,0.000329714935944,-0.101064528298,-0.0129558253247,0.0344472268521,-0.0128679166367,0.574068607916,0.81879297995,0.00200905219912,0.0,0.818748195538,-0.574007393824,-0.0121511744491,0.0,-0.00879625487538,0.00862068163816,-0.999924151998,0.0,0.658655964859,0.256996277731,0.303269571198,1.0,-0.01108,-0.0145622857143,0.555
0.462691439309,0.530374637002,-0.123939102366,-1.38339479031,0.0780274181695,1.90417938621,0.15576497921,-0.0103958740587,-0.0619571614237,0.000676737685485,-0.100603998938,-0.00219442914136,0.0331513677901,-0.0187753431328,0.574070335057,0.81879183236,0.00198307056612,0.0,0.818746623125,-0.574009153255,-0.0121739887417,0.0,-0.00882983189411,0.00861252394316,-0.999923926356,0.0,0.658455188258,0.256749216344,0.303264940311,1.0,-0.01142,-0.0150091428571,0.572
0.462553522633,0.529315704123,-0.123936685801,-1.38504547575,0.0779245638566,1.90479477199,0.155542747422,-0.00694822874608,-0.0629638652685,0.00118942966621,-0.0982511126928,-0.00731008708719,0.0390538014946,-0.0141134995243,0.574061534377,0.818797957436,0.00200163621356,0.0,0.818752992496,-0.574000272305,-0.0121643567059,0.0,-0.00881138033907,0.00862210091721,-0.999924006589,0.0,0.6582605131,0.25650291551,0.303278414031,1.0,-0.01176,-0.015456,0.589
0.462418632036,0.528281637656,-0.123944865702,-1.38663444558,0.0778277583624,1.90541069202,0.155326048339,-0.00812740044547,-0.0656203440066,-0.000746752127197,-0.0984678005793,-0.00714572729938,0.045186315825,-0.0183580649804,0.57406051127,0.818798554523,0.00205022245146,0.0,0.818754299467,-0.573999108,-0.0121312827578,0.0,-0.0087564195165,0.00864288523164,-0.999924309962,0.0,0.658080585724,0.256260470739,0.303303890509,1.0,-0.01208,-0.0158765714286,0.605
0.462274551702,0.527140677322,-0.12394768625,-1.38839631287,0.0777153957985,1.90608157265,0.155077139573,-0.00876952785148,-0.0712697952204,-0.00196426646626,-0.108238794008,-0.00840882324973,0.0474387778804,-0.00942496829536,0.574041736477,0.818811621085,0.0020882671139,0.0,0.818767937387,-0.573980243249,-0.0121033866724,0.0,-0.00871193732759,0.00865782195012,-0.999924569289,0.0,0.657875450852,0.25599722733,0.303326644324,1.0,-0.01242,-0.0163234285714,0.622
0.462116209006,0.525893929323,-0.123950215607,-1.39030352211,0.0775933959963,1.90679127352,0.154821271115,-0.0110602964732,-0.0723447137686,-0.0034606162674,-0.103756482134,-0.00926384996486,0.0424478118069,-0.0126246678964,0.574033604236,0.818817224784,0.00212614831684,0.0,0.818774094296,-0.573972007134,-0.0120774350795,0.0,-0.0086690291631,0.00867385574968,-0.999924803253,0.0,0.657650301515,0.255710029916,0.303357689035,1.0,-0.01278,-0.0167965714286,0.64
0.461977678548,0.524800968365,-0.123956643985,-1.39204974552,0.0774834025706,1.90740870044,0.15458027039,-0.00770274351593,-0.0712961991034,-0.000655256140717,-0.112992753497,-0.00585650561829,0.0288943119034,-0.0230349488698,0.574018381823,0.818827983975,0.0020921018726,0.0,0.81878440047,-0.573956924795,-0.0120954920473,0.0,-0.00870351858079,0.00865618180812,-0.999924656802,0.0,0.657435038873,0.255446412589,0.303349028227,1.0,-0.0131,-0.0172171428571,0.656
0.461817554846,0.523597818055,-0.123960222301,-1.39396041628,0.0773671322219,1.9081011698,0.154325735201,-0.00847535330303,-0.0714200474559,-0.000353391024684,-0.108651696579,-0.00659042314262,0.0377799458119,-0.0192137287881,0.574014756378,0.818830561655,0.002077898315,0.0,0.818786758237,-0.573953327211,-0.0121065940334,0.0,-0.00872080044301,0.00865088580628,-0.999924552061,0.0,0.657203641474,0.255156286627,0.303345707861,1.0,-0.01344,-0.017664,0.673
0.461664315255,0.522384120378,-0.123958480535,-1.39589800318,0.0772486667431,1.908850786,0.154048783211,-0.00898528276525,-0.0712730469619,0.000232131169923,-0.109368122327,-0.00254652672326,0.0421960694654,-0.0207095567404,0.573984292741,0.818851866708,0.00209737369059,0.0,0.818808331014,-0.573922796353,-0.0120949489154,0.0,-0.00870040843345,0.00865982447852,-0.999924652328,0.0,0.65697412063,0.25487425407,0.303341459064,1.0,-0.01378,-0.0181108571429,0.69
0.461507233139,0.521204753653,-0.123958635774,-1.39777779318,0.0771341969604,1.90957602599,0.153805748947,-0.00680604301753,-0.0779856460742,-0.00037909693568,-0.117662186385,-0.00264748223976,0.0445758688889,-0.0212246749675,0.573983791238,0.818852170773,0.00211582530356,0.0,0.818808893254,-0.573922232567,-0.0120836333645,0.0,-0.00868055735704,0.00866843315981,-0.999924750264,0.0,0.656753013074,0.254594033266,0.303338221038,1.0,-0.0141,-0.0185314285714,0.706
0.461329819473,0.519907428292,-0.123966269894,-1.39982483328,0.0770088447239,1.91031928033,0.153527824567,-0.01046254942,-0.0756243656919,-0.00185502070088,-0.124901604047,-0.0039755363741,0.0420579836819,-0.0155480478342,0.573982052003,0.818853410411,0.00210787519369,0.0,0.818810018609,-0.573920517316,-0.0120888432667,0.0,-0.00868940501323,0.00866489521722,-0.999924704081,0.0,0.656505932724,0.25427734784,0.30333967195,1.0,-0.01444,-0.0189782857143,0.723
0.461141901144,0.518478321412,-0.123964097554,-1.40202845438,0.0768662844477,1.91109571932,0.1532251898,-0.0066966409022,-0.0842339599415,0.00148108177613,-0.123516636373,-0.00799809648206,0.0411480916511,-0.0187831333313,0.573964778954,0.81886551964,0.00210717007163,0.0,0.818822095144,-0.5739032261,-0.0120917524053,0.0,-0.00869237476983,0.00866580425295,-0.999924670391,0.0,0.656232540784,0.253942196373,0.303361212884,1.0,-0.0148,-0.0194514285714,0.741
0.460979420811,0.517291222877,-0.123969972649,-1.40392435946,0.0767429108557,1.91177594985,0.152964668604,-0.00951494087448,-0.0774106749041,-0.00137297959659,-0.12520529288,-0.00309738871411,0.0541915471606,-0.018024321196,0.573955635413,0.818872005711,0.00207695477743,0.0,0.818828216405,-0.573894244125,-0.0121035316966,0.0,-0.00871945876112,0.00864772589714,-0.999924591095,0.0,0.655999965666,0.253648997869,0.303350954277,1.0,-0.0151,-0.0198457142857,0.756
0.460788957506,0.515851716622,-0.123970421115,-1.40620024278,0.0765987885201,1.91263686544,0.152656964136,-0.0119389835298,-0.0778911292714,0.000549937836193,-0.126175163147,-0.00817614434334,0.0488989662829,-0.0147093195511,0.573941372314,0.818881961974,0.00209294071697,0.0,0.818838422671,-0.573879954572,-0.0120905830739,0.0,-0.00869983116406,0.00865323271846,-0.999924714417,0.0,0.655726331795,0.253307746317,0.303352011692,1.0,-0.01546,-0.0203188571429,0.774
0.460596190606,0.514457200813,-0.123979651241,-1.40842545278,0.0764716245068,1.91345151647,0.152353879437,-0.019488315791,-0.087178504402,-0.000734879432554,-0.138065320862,-0.00558741557014,0.0456011689533,-0.0194324928568,0.573940534977,0.818882579335,0.00208097880335,0.0,0.818838794118,-0.573879080056,-0.0121069245849,0.0,-0.00872008731929,0.00865280754044,-0.999924541652,0.0,0.655455065487,0.252964951689,0.303341494201,1.0,-0.0158,-0.0207657142857,0.791
0.460416472034,0.513147904712,-0.123979549764,-1.41056789291,0.0763332223542,1.91419589923,0.152050587077,-0.00815822716337,-0.0805757766628,-0.000415544788625,-0.137132429136,-0.0151621884577,0.0456827974952,-0.0193727261701,0.573914082394,0.81890131707,0.00200145747156,0.0,0.818856429529,-0.573852918012,-0.0121541437069,0.0,-0.0088046715963,0.00861450640778,-0.999924131141,0.0,0.655181532658,0.252638414562,0.303303850738,1.0,-0.01612,-0.0211862857143,0.807
0.4602182882,0.511728947763,-0.12398497987,-1.41285301672,0.0761964093957,1.915027474,0.151732586315,-0.0100579213351,-0.080355917924,-0.00106527200957,-0.136454031183,-0.00987302737331,0.0504442064862,-0.0207725188352,0.573902519007,0.818909493941,0.00197137318356,0.0,0.818864140399,-0.573841419553,-0.0121775069117,0.0,-0.00884119065669,0.00860315433657,-0.999923906647,0.0,0.654899339641,0.252287240851,0.303282440992,1.0,-0.01646,-0.0216331428571,0.824
0.460008828554,0.510164337426,-0.123988748562,-1.41530702093,0.0760474815985,1.91596679424,0.151385011178,-0.0158068716624,-0.0876029439916,-0.000621305898743,-0.135089247639,-0.00834296829966,0.0532680332107,-0.0158852154169,0.573880173173,0.818925055688,0.00201169231404,0.0,0.818880244646,-0.573818911568,-0.0121551864284,0.0,-0.0088000090562,0.00862312160859,-0.999924097927,0.0,0.654604421691,0.251916905363,0.303291380215,1.0,-0.01682,-0.0221062857143,0.842
0.459827033153,0.5088341061,-0.123992066128,-1.4174059357,0.0759092017492,1.9167253879,0.151084087636,-0.0118912466298,-0.0923220223385,-0.000129078966814,-0.140557271446,-0.00958483840921,0.0500237835164,-0.0247754800489,0.573856582791,0.818941622342,0.00199711883183,0.0,0.818896656698,-0.573795424144,-0.0121582803589,0.0,-0.00881115383683,0.00861270897511,-0.999924089525,0.0,0.654343443592,0.251593612774,0.303289105328,1.0,-0.01712,-0.0225005714286,0.857
0.459624663154,0.507311854795,-0.123995578448,-1.41980453305,0.0757538343221,1.91758412616,0.15075169808,-0.0162263459027,-0.0938409459197,-0.000322323321347,-0.140317987086,-0.0124566684652,0.0485124827367,-0.0193729246777,0.573834720541,0.818956989786,0.00197719104754,0.0,0.818911765345,-0.573773655316,-0.0121679885554,0.0,-0.00883076916412,0.00860172493324,-0.999924011035,0.0,0.654041128577,0.251227833011,0.303286759619,1.0,-0.01746,-0.0229474285714,0.874
0.459413078748,0.505747911522,-0.12400344737,-1.42224738958,0.0756050717461,1.91850901783,0.150430307029,-0.00819061839275,-0.0935598351657,-0.000199486821224,-0.14399004955,-0.00685916239506,0.0545547063949,-0.0177970395492,0.573836628157,0.81895556479,0.00201345158998,0.0,0.818910836852,-0.573775423232,-0.0121470935725,0.0,-0.00879283012827,0.00861945049521,-0.999924192732,0.0,0.653744481964,0.250854323346,0.303297834159,1.0,-0.0178,-0.0233942857143,0.891
0.45920677455,0.504191383531,-0.124002381643,-1.42458307615,0.0754589157549,1.91939712559,0.150106522215,-0.0142703135324,-0.0957076662981,0.000643513854423,-0.145220902671,-0.0113099828168,0.0559161438303,-0.0132737494999,0.573820466202,0.81896665906,0.00210495042578,0.0,0.818923164928,-0.573758900891,-0.0120963008544,0.0,-0.0086989005358,0.00866506448965,-0.999924620052,0.0,0.653461543451,0.250500119913,0.30335059422,1.0,-0.01812,-0.0238148571429,0.907
0.458953262445,0.50241222048,-0.124011363926,-1.42721578548,0.0752869226578,1.92039076493,0.149738977816,-0.0149914602302,-0.0976661401999,-0.000838622851951,-0.149880187071,-0.00565546151148,0.0538396152542,-0.0193746160913,0.573821949272,0.818965322915,0.00221749812282,0.0,0.818923449262,-0.573760058224,-0.0120219273569,0.0,-0.00857339483226,0.00871457478399,-0.999925273752,0.0,0.653148588533,0.250079993931,0.303426253991,1.0,-0.01848,-0.024288,0.925
0.458724598483,0.50068590366,-0.124016969259,-1.42980495136,0.0751253898959,1.92129225362,0.149373491765,-0.0156994243612,-0.103397056892,-0.00222532087678,-0.157097085595,-0.00657948979029,0.0531913189873,-0.0197752574176,0.573802078277,0.818979151907,0.0022518007595,0.0,0.818937658715,-0.573739978865,-0.0120122725494,0.0,-0.00854601720214,0.00873691960833,-0.999925313124,0.0,0.652817542251,0.249678196491,0.303476983027,1.0,-0.01882,-0.0247348571429,0.942
0.458491327467,0.499083310678,-0.124015174977,-1.43225737884,0.0749715998923,1.92219375918,0.149030569747,-0.0202964873118,-0.104069520066,0.00013209226478,-0.155080733661,-0.00832354068055,0.0535856626803,-0.0188432704524,0.573794202885,0.818984548884,0.00229528330776,0.0,0.818943599495,-0.573731901403,-0.0119930421237,0.0,-0.00850540269239,0.00876141430385,-0.999925445093,0.0,0.652514180292,0.249293592142,0.303505669677,1.0,-0.01914,-0.0251554285714,0.958
0.458232902874,0.497402876086,-0.124013040126,-1.43490949689,0.0748100985746,1.92317665176,0.148634925099,-0.0148099837853,-0.100434759091,0.00115563945463,-0.15488573572,-0.0169552930612,0.0621529064977,-0.0175384068884,0.573771322128,0.819000549984,0.00230563035424,0.0,0.818959659035,-0.573708902327,-0.011996631423,0.0,-0.00850265077608,0.00877171020404,-0.999925378231,0.0,0.652186372143,0.248874493459,0.303500130723,1.0,-0.01948,-0.0256022857143,0.975
0.457949820584,0.495634975918,-0.124016123572,-1.43776049576,0.0746362025943,1.92416130591,0.148209271627,-0.0183423642917,-0.100074483846,0.000679618189644,-0.154934731647,-0.00464347112228,0.0566011152447,-0.0242812341858,0.573753569253,0.819013213078,0.00222384218579,0.0,0.81897106626,-0.5736912986,-0.0120595787586,0.0,-0.00860132103805,0.00874065704724,-0.999924806268,0.0,0.651819710218,0.24841223118,0.303460603237,1.0,-0.01984,-0.0260754285714,0.993
0.457707969671,0.494142250753,-0.124024014805,-1.44019181832,0.074482742927,1.925023323,0.147875273606,-0.0173959621333,-0.105854072563,0.00531638711654,-0.160373105505,-0.0120371260349,0.0551551948468,-0.0196164594303,0.573764550693,0.819005705003,0.00215463269839,0.0,0.818962594029,-0.57370251255,-0.0121013873599,0.0,-0.00867515411713,0.00870807832268,-0.999924452683,0.0,0.651511522286,0.248015234966,0.303418063603,1.0,-0.02248,-0.0295451428571,1.008
0.457402800856,0.491886909022,-0.124096077444,-1.44371451808,0.0742795606246,1.92634210264,0.14736954654,-0.0212073797639,-0.132802171725,-0.00707411021267,-0.213876062149,-0.0123731932963,0.0873476071545,-0.029764670202,0.573774387254,0.818998723074,0.00218884350931,0.0,0.81895622117,-0.573712365128,-0.0120655214519,0.0,-0.00862604615382,0.00871562198982,-0.999924811804,0.0,0.65108097746,0.247442981127,0.303427695399,1.0,-0.0289085714286,-0.037994122449,1.026
0.457016090354,0.489271701607,-0.124107954317,-1.44791275074,0.0740375710372,1.92786178592,0.14674258102,-0.0199400561436,-0.166100985398,-0.00233749076275,-0.271489730694,-0.0173850315756,0.0938473658244,-0.0354520528429,0.573730464573,0.819029617327,0.00214169616387,0.0,0.818986229199,-0.573668378291,-0.0121200260822,0.0,-0.00869820442636,0.00870781551254,-0.999924254726,0.0,0.65054179597,0.246785313164,0.303380523574,1.0,-0.03498,-0.0459737142857,1.043
0.456540010879,0.486284441288,-0.124139540625,-1.45259440751,0.0737591892754,1.92962804316,0.146073397804,-0.0306532826602,-0.198635894503,-0.00544044258746,-0.308282010435,-0.0247048406136,0.117726797491,-0.0503391219855,0.573752445679,0.819014065119,0.0021997989075,0.0,0.818971439535,-0.573690110117,-0.0120907271074,0.0,-0.00864063904006,0.00873882497531,-0.999924483296,0.0,0.649968737301,0.246016658295,0.303381909561,1.0,-0.0406942857143,-0.0534839183673,1.059
0.455967084626,0.482609219483,-0.124208541712,-1.45829212275,0.0734068727828,1.93165903843,0.145186398783,-0.0374799886941,-0.225400112012,-0.00292594568599,-0.360457635155,-0.0237155547962,0.12131243636,-0.0546359091575,0.573729685846,0.819030016152,0.00219707125982,0.0,0.818987414871,-0.573667425456,-0.0120849556994,0.0,-0.0086377195514,0.00873303968634,-0.999924559064,0.0,0.649249298662,0.245058670275,0.303398807976,1.0,-0.0467657142857,-0.0614635102041,1.076
0.455292511588,0.478428552927,-0.124303273047,-1.46486237344,0.0730251572877,1.93396725173,0.144211010049,-0.0405136627258,-0.25514641962,-0.00754071598014,-0.40610606265,-0.0208491180849,0.142558715695,-0.0533889819998,0.573769111232,0.819002582088,0.00212707105782,0.0,0.818958892887,-0.573706973693,-0.0121403047526,0.0,-0.00872279338112,0.00870788328034,-0.999924039937,0.0,0.648409731429,0.243937802105,0.303372388656,1.0,-0.0528371428571,-0.0694431020408,1.093
0.454570541787,0.473993656512,-0.124376670446,-1.47164711358,0.0726079961012,1.93645625204,0.143254804272,-0.0517101801861,-0.288866003212,-0.00475232906736,-0.430843224338,-0.0237855460141,0.160093855331,-0.0540576653463,0.573845326207,0.818948894563,0.00223530424895,0.0,0.818906747837,-0.573782843214,-0.012072037172,0.0,-0.00860396792279,0.00875815646355,-0.999924630375,0.0,0.647560907657,0.242784051485,0.303430270942,1.0,-0.0585514285714,-0.0769533061224,1.109
0.453705895987,0.468829787088,-0.12440838288,-1.4795177897,0.0721431555222,1.93933971448,0.142035726695,-0.051968969981,-0.312957391852,-0.000855155848315,-0.475874381271,-0.0271296891324,0.180670575531,-0.0728936453766,0.573828683678,0.818960092596,0.00239904658098,0.0,0.818919805181,-0.573765234871,-0.0120230959826,0.0,-0.00847010935008,0.00886399475954,-0.999924840598,0.0,0.64655942526,0.241463894592,0.303502858476,1.0,-0.0646228571429,-0.0849328979592,1.126
0.452758935576,0.463157295405,-0.124453697018,-1.48815044305,0.0715772962912,1.94244761089,0.140643081974,-0.0616205867955,-0.34320452466,-0.000241377208527,-0.526084215076,-0.0384415095302,0.180507286011,-0.0807731774814,0.573749148301,0.819015480949,0.00251071515191,0.0,0.818976761556,-0.573685378814,-0.0119539561502,0.0,-0.00835027534127,0.00891496116494,-0.999925395402,0.0,0.645442430486,0.240000310651,0.303576666362,1.0,-0.0706942857143,-0.0929124897959,1.143
0.451694241539,0.457052226314,-0.12451226783,-1.49767676163,0.0709558473998,1.94563898791,0.139248823628,-0.0611577872936,-0.373213007043,-0.00224231202539,-0.569702732092,-0.0393726180984,0.19013517944,-0.0900910045357,0.573784803218,0.818991005959,0.00234065274379,0.0,0.818949718667,-0.573721354728,-0.0120794174446,0.0,-0.00855021639939,0.00884803341951,-0.999924300187,0.0,0.644229165915,0.238459061891,0.303539727926,1.0,-0.0764085714286,-0.100422693878,1.159
0.450543497737,0.450391209663,-0.124589981168,-1.50763256416,0.0702650171454,1.9493107076,0.137629302437,-0.0729853964725,-0.407622847579,-0.00361729321977,-0.583536693794,-0.0480187894871,0.228600757795,-0.098338911914,0.573732670989,0.819026785963,0.00258708628156,0.0,0.818989392908,-0.573668963575,-0.0118760867648,0.0,-0.00824286076755,0.0089326671851,-0.999926128623,0.0,0.642869531416,0.236618951478,0.303678774711,1.0,-0.0828371428571,-0.108871673469,1.177
0.449290198033,0.443364845854,-0.124619555484,-1.51826663302,0.0695801125117,1.95312078584,0.136030785177,-0.0740412174306,-0.418959964843,0.000164746144973,-0.637355543347,-0.0420082226521,0.216968109777,-0.10018969145,0.573762851205,0.819005080873,0.00275952565982,0.0,0.818969759658,-0.573698306237,-0.0118124124113,0.0,-0.00809144637056,0.00903766549416,-0.999926421842,0.0,0.64144999418,0.234786099032,0.303761981378,1.0,-0.0889085714286,-0.116851265306,1.194
0.448011706425,0.436428415774,-0.124659285269,-1.52907439666,0.0688228603054,1.95675070627,0.134278905957,-0.0840996345181,-0.439969457518,-0.00386828527296,-0.680323645408,-0.0465393740651,0.234661765405,-0.108837229904,0.573671473318,0.819069828379,0.0025305813246,0.0,0.819031321605,-0.573607586058,-0.0119489893865,0.0,-0.00833565652838,0.00892759159653,-0.999925404687,0.0,0.639938715962,0.232891084349,0.303674790478,1.0,-0.0946228571428,-0.124361469388,1.21
0.446535276785,0.42851747831,-0.12468543862,-1.54094665682,0.0680197595247,1.96103954589,0.132342470265,-0.0927479934395,-0.461042406362,0.000965592997077,-0.720537374425,-0.0479985897642,0.245742304244,-0.116260699115,0.573607168966,0.819114004248,0.00279475519925,0.0,0.819079043705,-0.573542406688,-0.0118057102377,0.0,-0.00806746728647,0.00906113989809,-0.999926403149,0.0,0.638334418117,0.23080571578,0.303788345422,1.0,-0.100694285714,-0.132341061224,1.227
0.444909087484,0.420300705489,-0.124753591405,-1.55359139126,0.0671019777107,1.96524976837,0.13026001133,-0.0955054117498,-0.482403024954,-0.00659834669161,-0.745031129614,-0.0562775102082,0.250350111111,-0.114320422364,0.573562705054,0.819145875602,0.00256997204673,0.0,0.819107972284,-0.573498774912,-0.0119177101768,0.0,-0.00828862689936,0.00894081081741,-0.999925677521,0.0,0.636544427203,0.22849794978,0.303721938194,1.0,-0.106765714286,-0.140320653061,1.244
0.443270009632,0.412080775241,-0.124859428316,-1.56586852749,0.0662249493939,1.9696590617,0.128239069476,-0.105532022977,-0.51454932238,7.74966584492e-06,-0.78009063676,-0.0484095003815,0.278209628291,-0.131758744893,0.573593453992,0.81912352191,0.00281998094805,0.0,0.819089529067,-0.573529324913,-0.0117133999529,0.0,-0.00797753324581,0.00902872023454,-0.999927417953,0.0,0.634871382725,0.226227141859,0.303833206221,1.0,-0.11248,-0.147830857143,1.26
0.441351408855,0.403108980235,-0.124928387662,-1.57968318162,0.0653020146484,1.97418640301,0.125946109296,-0.118082260876,-0.527870979792,-0.00865728520645,-0.804782571773,-0.0562299617904,0.260922853318,-0.143673185208,0.573640611892,0.81909133342,0.00256569800726,0.0,0.81905307529,-0.573576365908,-0.0119565559624,0.0,-0.00832204785252,0.0089603814366,-0.999925224746,0.0,0.6328642551,0.223641957039,0.303714208683,1.0,-0.118551428571,-0.15581044898,1.277
0.439160324808,0.392999403161,-0.125072641212,-1.59461387425,0.0642168995999,1.97941879687,0.123380338494,-0.122663143166,-0.564566051731,-0.00362650543343,-0.839512109301,-0.0697702425876,0.286172730202,-0.150665335565,0.573724847386,0.819031356697,0.00286061896785,0.0,0.818997632832,-0.573660265058,-0.0117270887077,0.0,-0.0079639832704,0.00907113698971,-0.999927142068,0.0,0.630779929084,0.220755387751,0.303869279914,1.0,-0.12498,-0.164259428571,1.295
0.437231208589,0.384400601403,-0.125135780576,-1.60771794696,0.063230002588,1.98368911728,0.121080103839,-0.132707173449,-0.578912858083,-0.00615108253293,-0.86799124484,-0.0633413670935,0.279233577296,-0.161312475027,0.573688993747,0.819057259998,0.00262491873785,0.0,0.819020311606,-0.573625096317,-0.0118627548597,0.0,-0.00821071430928,0.00895556608354,-0.999926188279,0.0,0.628834165121,0.218237020126,0.303773256296,1.0,-0.130337142857,-0.171300244898,1.31
0.434766945377,0.373574284112,-0.125236262429,-1.62371129853,0.0620564588384,1.9891079079,0.118202423462,-0.143761690731,-0.5992413625,-0.00412693955234,-0.901710844989,-0.0588669116035,0.296948688338,-0.161622364559,0.57368771494,0.819057555037,0.0028060941971,0.0,0.819023083121,-0.573623285235,-0.0117585225811,0.0,-0.00802142022126,0.00904414999935,-0.999926927414,0.0,0.626494388678,0.21511458895,0.303868413666,1.0,-0.136765714286,-0.17974922449,1.328
0.43208813671,0.362353114493,-0.125368114037,-1.640297394,0.0607561578469,1.99460395449,0.115278752294,-0.156248781996,-0.643537147673,-0.00609063146968,-0.920499900255,-0.0744965303438,0.311092910875,-0.172250201798,0.573807623876,0.818973422925,0.00284433215426,0.0,0.818939999863,-0.573743670593,-0.0116715028503,0.0,-0.00792688568651,0.0090267084837,-0.999927838905,0.0,0.624028306261,0.211778875018,0.303921498321,1.0,-0.143194285714,-0.188198204082,1.346
0.429731002739,0.352778713031,-0.12545378104,-1.65463175516,0.0596592181744,1.99921341109,0.112602093415,-0.161244672525,-0.650842714633,-0.00343616299077,-0.979142275917,-0.0696869587308,0.31237461584,-0.173687222954,0.573791909073,0.818984962482,0.00268760326181,0.0,0.818949243131,-0.573728219696,-0.0117819353335,0.0,-0.00810743012557,0.00896156236253,-0.999926977322,0.0,0.621825839146,0.208894812912,0.303848329938,1.0,-0.148551428571,-0.195239020408,1.361
0.426884878059,0.341459378824,-0.125579048847,-1.67111238727,0.0584320686157,2.0045961367,0.109506808307,-0.168853539074,-0.671356514894,-0.00580984534272,-0.972667511776,-0.077912487219,0.327796296249,-0.184242378775,0.573882355724,0.81892099769,0.00286150883605,0.0,0.818887306816,-0.573817774067,-0.0117255192535,0.0,-0.0079604425579,0.00907249654912,-0.999927157927,0.0,0.619303258169,0.205509251343,0.303945467543,1.0,-0.154622857143,-0.203218612245,1.378
0.423924081981,0.329996707165,-0.125625941345,-1.68808147025,0.0570644485449,2.00995398826,0.106228261732,-0.180225215822,-0.682440775652,-0.000613118932915,-1.00119582003,-0.0755196062642,0.319760431431,-0.199194195789,0.573779499811,0.818993465053,0.00274530462311,0.0,0.818958148417,-0.573715216081,-0.0117961383562,0.0,-0.00808609287391,0.00901684555894,-0.999926653109,0.0,0.616452099942,0.201842172431,0.30390204264,1.0,-0.161051428571,-0.211667591837,1.396
