position_joint1,position_joint2,position_joint3,position_joint4,position_joint5,position_joint6,position_joint7,velocity_joint1,velocity_joint2,velocity_joint3,velocity_joint4,velocity_joint5,velocity_joint6,velocity_joint7,ee_T_00,ee_T_10,ee_T_20,ee_T_30,ee_T_01,ee_T_11,ee_T_21,ee_T_31,ee_T_02,ee_T_12,ee_T_22,ee_T_32,ee_T_03,ee_T_13,ee_T_23,ee_T_33,v_x,v_y,time
0.465088136964,0.547811622621,-0.123984952674,-1.35584474072,0.0795265619263,1.89410512415,0.159157684625,0.00114024245715,-0.000527895003176,-0.00142593659934,-0.00054431506939,-0.000128300320768,-0.00138802488202,0.00199116018842,0.573797953464,0.818982870458,0.00192701816135,0.0,0.818939149754,-0.57373921087,-0.0119471256533,0.0,-0.00867905248071,0.00843350923546,-0.999926772304,0.0,0.661668406761,0.260904916576,0.303187559111,1.0,0.0,0.0,0.0
0.465085406043,0.547811563671,-0.123982167965,-1.35584223506,0.0795272513685,1.89410431035,0.159151388129,-0.000167840310153,-0.000351930002117,-0.000130300235961,0.00047234124372,0.000117916973654,-0.0013349371053,-0.00101224086397,0.573793128138,0.818986245048,0.00192961776049,0.0,0.818942538719,-0.573734356236,-0.0119479559942,0.0,-0.00867829069606,0.00843606353265,-0.999926757369,0.0,0.661668854973,0.260905076283,0.303188631805,1.0,-0.0,-0.0,0.001
0.46508289682,0.547813782197,-0.123984951556,-1.35584829129,0.0795240919687,1.89410431035,0.159149291228,-0.00108117602838,0.000638681719604,-0.000379391420512,-0.000929628852484,0.000126806406443,-0.000299973768502,-0.000467367841497,0.573794907693,0.81898502023,0.00192027227964,0.0,0.818941228632,-0.573736210425,-0.0119487152312,0.0,-0.00868425624345,0.00842886437486,-0.999926766288,0.0,0.661668877759,0.260900543049,0.303184264134,1.0,-0.00032,-0.000420571428571,0.017
0.465082244773,0.54781019393,-0.123985114024,-1.35585395571,0.0795266805621,1.89410399105,0.159157915146,-0.00245851247881,0.00275560056984,-9.36039248052e-05,-0.000896209647109,-7.57039331476e-05,-0.000198769588814,0.00219370452406,0.573803604226,0.818978928343,0.00191979376418,0.0,0.818935101973,-0.573744880213,-0.011952325628,0.0,-0.00868739825011,0.00843063634215,-0.999926724057,0.0,0.661667672203,0.260899789716,0.303184092642,1.0,-0.00068,-0.000893714285714,0.035
0.465076655703,0.54776746717,-0.123982503286,-1.35589260656,0.0795257361121,1.89411163757,0.159149691674,-0.00176295687839,0.00109632263359,0.000588617678658,-0.00553375936437,9.55323253009e-05,0.000948806112429,-9.45854789093e-05,0.57380146117,0.818980401139,0.00193199648921,0.0,0.818936699346,-0.573742652494,-0.0119498147976,0.0,-0.00867836241149,0.00843916649968,-0.999926730563,0.0,0.661662380495,0.26089394485,0.30319654089,1.0,-0.00102,-0.00134057142857,0.052
0.465086172073,0.547649571787,-0.12398191026,-1.35602969373,0.0795245277404,1.89414838799,0.159147413672,0.00133696034901,-0.00587502373183,0.00039863181849,-0.0128767965176,0.000531708631997,-0.00061899076614,-0.00131367055395,0.573798599497,0.818982358238,0.00195218109039,0.0,0.818938834136,-0.573739623126,-0.0119489623278,0.0,-0.00866611255215,0.00845517754368,-0.999926701547,0.0,0.661638850667,0.260888164278,0.303217981169,1.0,-0.00134,-0.00176114285714,0.068
0.465069816714,0.547522338582,-0.123980697071,-1.35623193523,0.0795236835434,1.89418188317,0.159149187654,-0.00212791754643,-0.00766337753042,3.04933973448e-05,-0.0121610154211,0.000264377861462,-2.67513332162e-05,0.00061295543315,0.573823420735,0.818965032579,0.00192461176584,0.0,0.818920982342,-0.573764395643,-0.0119828992124,0.0,-0.00870946942145,0.00845233590794,-0.999926348868,0.0,0.661606552354,0.260857838315,0.303214721002,1.0,-0.00168,-0.002208,0.085
0.465052765511,0.547353577764,-0.123985364047,-1.35643835694,0.079517595552,1.89430396223,0.159142919186,-0.001078180614,-0.00070466214961,-0.000773361112399,-0.0109465620551,0.000134174758447,0.00851967689876,0.0012589451776,0.573845720599,0.81894923235,0.00199766972358,0.0,0.818906167377,-0.573786417189,-0.0119408283467,0.0,-0.00863286266414,0.00848826072953,-0.99992670887,0.0,0.661593898027,0.260828889905,0.303246760194,1.0,-0.00202,-0.00265485714286,0.102
0.465030786141,0.54715726061,-0.123985390401,-1.35666294934,0.0795142210516,1.89442331953,0.159134476207,-0.00452446442302,-0.00935914271339,-0.00209372851864,-0.0200369162066,-0.000164614520458,0.00941038403298,0.0010322029924,0.573868666993,0.818932946899,0.00208048743558,0.0,0.818890924462,-0.573808983524,-0.0119017293929,0.0,-0.00855308061757,0.00853388616481,-0.999927006135,0.0,0.661577320896,0.260797826909,0.303289278383,1.0,-0.00234,-0.00307542857143,0.118
0.4650067529,0.546932419597,-0.12398285861,-1.35696694868,0.0795088695832,1.89456460767,0.159109290155,0.000307413699974,-0.0119472575208,8.15497899977e-05,-0.023770804507,0.000275067144955,0.00488642058764,-0.00206207337911,0.573881701124,0.818923658281,0.00214054295858,0.0,0.818882330307,-0.5738216853,-0.0118806351748,0.0,-0.00850120692665,0.00857109695075,-0.999927130234,0.0,0.661547699558,0.260758996466,0.303316012969,1.0,-0.0027,-0.00354857142857,0.136
0.464964368347,0.546677942834,-0.123982858286,-1.35733416545,0.0795019336443,1.89469165801,0.159074701158,-0.00259094954209,-0.0159045951401,-0.000378133835857,-0.0213708599442,-0.00456484150733,0.0101571995419,-0.00528369664392,0.573906706276,0.818906079095,0.00216171534113,0.0,0.818864879932,-0.57384645401,-0.0118870743064,0.0,-0.00849406826621,0.00859238986584,-0.999927008156,0.0,0.661506947585,0.260698213594,0.303332477986,1.0,-0.00304,-0.00399542857143,0.153
0.464922833485,0.546420776151,-0.123980352633,-1.35769802116,0.0794955575961,1.89483628761,0.158971010893,-0.00219669734584,-0.0231761655772,0.000136088993663,-0.0252628154056,7.61816967371e-05,0.00550019610872,-0.00906057805051,0.573872751898,0.818929761248,0.00220401274352,0.0,0.818888971258,-0.573812190954,-0.0118814631317,0.0,-0.00846555737265,0.00862345570037,-0.999926982509,0.0,0.661469694067,0.26064116702,0.303353878845,1.0,-0.00334,-0.00438971428571,0.168
0.464879691291,0.54612169641,-0.123982821133,-1.35821055002,0.0794752602148,1.8950142831,0.158925832997,-0.0052309539638,-0.0202765054403,0.000680810229659,-0.0297454778968,-0.00321859048394,0.0102691964571,0.0007511586918,0.573903438765,0.818908313465,0.00218266190799,0.0,0.818867091853,-0.573842803528,-0.0119109034437,0.0,-0.00850159670453,0.00862318447723,-0.999926679083,0.0,0.661404914215,0.260556727676,0.303340591359,1.0,-0.00372,-0.00488914285714,0.187
0.464818132477,0.545743478459,-0.123983515223,-1.35884659098,0.0794379353963,1.89522201728,0.158850993821,-0.00602840835707,-0.0216345016786,0.00049624360978,-0.0372688384956,0.00106957309055,0.00886896866226,-0.0114386824787,0.57391120273,0.818902995558,0.0021359187062,0.0,0.818861160623,-0.573850752083,-0.0119356968046,0.0,-0.0085486438993,0.00859921654087,-0.999926484379,0.0,0.661332003744,0.260459477637,0.303320268386,1.0,-0.00408,-0.00536228571429,0.205
0.464761230882,0.545419755527,-0.123983553184,-1.35939949379,0.0793242487761,1.89540688529,0.158776031573,-0.00294266255029,-0.0233976334824,-6.23597884395e-05,-0.0347316589439,-0.00489877606584,0.0131124670151,-0.00971056912967,0.573897031666,0.818913137488,0.00205358130724,0.0,0.818870919683,-0.573837608761,-0.0118980070108,0.0,-0.00856517697049,0.00851001276404,-0.999927106056,0.0,0.661271576935,0.260354577521,0.303302133899,1.0,-0.00438,-0.00575657142857,0.22
0.464708124208,0.545047466703,-0.123988293128,-1.36006313293,0.0793155509347,1.89561659047,0.158720574036,-0.00610318751689,-0.0244989881047,0.000601866046875,-0.0421772511157,-0.000353967548095,0.0178126106221,0.000886188585465,0.573933011263,0.818888055485,0.00199951691974,0.0,0.818844814447,-0.573873492529,-0.0119637505274,0.0,-0.00864966918055,0.00850384915278,-0.99992643118,0.0,0.661186077748,0.260255642744,0.3032681583,1.0,-0.0047,-0.00617714285714,0.236
0.464640986971,0.544615707271,-0.123985948568,-1.36078641067,0.0792988228928,1.89586379812,0.15860313562,-0.00391433634543,-0.0224669816033,-7.15572879781e-05,-0.0435046169278,-5.28555452525e-05,0.0257098835054,-0.00106328650474,0.57392600642,0.818893019249,0.00197713959757,0.0,0.818849187222,-0.573866289798,-0.0120098676502,0.0,-0.00870035052434,0.00851191841144,-0.999925922829,0.0,0.661098314158,0.260146490762,0.303250864236,1.0,-0.00504,-0.006624,0.253
0.464574586809,0.544152249987,-0.123990278517,-1.36155938948,0.0792685229189,1.89614326564,0.158531358706,-0.00619658850486,-0.0255112585922,0.000380602521077,-0.0451685853523,-0.00238101981921,0.0183554623262,-0.00852728197309,0.573959683842,0.818869460694,0.00195820552974,0.0,0.818825236071,-0.573899902056,-0.0120366978493,0.0,-0.00873283844886,0.00851217128291,-0.999925637471,0.0,0.661008391881,0.260028474988,0.303235301617,1.0,-0.00538,-0.00707085714286,0.27
0.464500136775,0.543642341336,-0.123987776793,-1.36239960622,0.0792260198743,1.89643056835,0.158402394933,-0.00607600977752,-0.0315785008408,-0.000754186686164,-0.0496768821817,-0.00334135817743,0.0188709122559,-0.00635102007133,0.573948670693,0.818877254385,0.00192680063525,0.0,0.81883248358,-0.573888894118,-0.0120684689412,0.0,-0.00877699420975,0.00850457239498,-0.999925315522,0.0,0.660906875494,0.25990028628,0.303220987582,1.0,-0.00572,-0.00751771428571,0.287
0.464424442529,0.543109012506,-0.123993228942,-1.36326266523,0.0791794034943,1.8967343425,0.15832465431,-0.00322837172029,-0.0277708106064,0.00106319291059,-0.0535190573996,-0.00590813421216,0.0149196719386,-0.00211488791988,0.573986357357,0.818850887966,0.00190571395183,0.0,0.818805789252,-0.573926617642,-0.0120856920221,0.0,-0.00880280916273,0.00849759556134,-0.999925147909,0.0,0.660806255029,0.259764724702,0.303213995396,1.0,-0.00606,-0.00796457142857,0.304
0.464348427593,0.542557402984,-0.123993156758,-1.36411635825,0.079132930377,1.8970367542,0.158184539878,-0.00600778281846,-0.0352813712468,0.00260384073582,-0.0532725313591,-0.000267003377254,0.0231325970503,-0.00692465667794,0.573968804617,0.818863182693,0.00190951774569,0.0,0.81881805711,-0.573908976452,-0.0120922701995,0.0,-0.00880619503312,0.00850429721612,-0.999925061121,0.0,0.660706687852,0.259633447324,0.303224021781,1.0,-0.00638,-0.00838514285714,0.32
0.464279630292,0.541955318035,-0.123996668314,-1.36505350611,0.0790716019005,1.89738117785,0.158054746857,-0.00250055853841,-0.0401105757636,0.00114171270006,-0.0519923435046,-0.00400620537567,0.0187228301963,-0.0116206229341,0.573957002457,0.818871444904,0.00191388436406,0.0,0.818826425314,-0.573897203868,-0.0120843494294,0.0,-0.00879732516873,0.0085031997804,-0.99992514853,0.0,0.660597229624,0.259496072073,0.303233692216,1.0,-0.00672,-0.008832,0.337
0.464183943872,0.541304877812,-0.123996325012,-1.36605255895,0.0790113089958,1.89775427868,0.157930077031,-0.00271329862445,-0.0378383230214,0.00356140249809,-0.0623794260629,-0.000738825734022,0.0249878494074,-0.00433047825916,0.573972386304,0.818860613417,0.0019345431436,0.0,0.81881586027,-0.573912492038,-0.0120741605792,0.0,-0.00877696504563,0.00851443329782,-0.99992523186,0.0,0.660486360317,0.259338578107,0.303250367895,1.0,-0.00706,-0.00927885714286,0.354
0.464099231115,0.540659103442,-0.123998783883,-1.36705352679,0.0789534853107,1.8981249175,0.157804070459,-0.00409007066013,-0.0399178921052,-0.00058040403716,-0.0616884344543,-0.00915262009185,0.0258265360851,-0.0138610976701,0.573980339233,0.818855006377,0.0019482317295,0.0,0.818810412495,-0.573920365332,-0.0120693640514,0.0,-0.00876509806666,0.00852297419231,-0.999925263191,0.0,0.660371914101,0.259186659882,0.303262624096,1.0,-0.00738,-0.00969942857143,0.37
0.463995579434,0.539911497392,-0.12400454695,-1.368157737,0.0788943545297,1.89853739202,0.157661971523,-0.0070483303321,-0.0425807011092,-0.00157912258264,-0.0654342059641,-0.00109651301247,0.028782259234,-0.0113354881319,0.573994566307,0.818844918308,0.00199612442043,0.0,0.818800900767,-0.573934335378,-0.0120503310198,0.0,-0.00872187590005,0.00855141764233,-0.999925398286,0.0,0.660241021167,0.259006010331,0.303298202924,1.0,-0.00774,-0.0101725714286,0.388
0.463878418228,0.539108716392,-0.124007729498,-1.36939057931,0.078818978687,1.89900689643,0.157509723554,-0.00702166396267,-0.0481631877581,-0.00129749991757,-0.0676252028072,-0.00090052578776,0.0307523455967,-0.0126022995384,0.574019795805,0.818827147354,0.00203068487104,0.0,0.818783628968,-0.573959460939,-0.0120271789406,0.0,-0.00868281699987,0.00856669526302,-0.999925607443,0.0,0.660115137358,0.258816709353,0.303322534234,1.0,-0.00808,-0.0106194285714,0.405
0.463785076937,0.53843320928,-0.124010922641,-1.37044697158,0.0787572679914,1.8994140727,0.15738472661,-0.00522948396832,-0.0500098830557,-3.59823253749e-05,-0.0708689682795,-0.00734390004968,0.0206455554727,-0.0104557759568,0.574038065178,0.818814286069,0.0020522080953,0.0,0.818771060092,-0.573977648044,-0.0120148909184,0.0,-0.00866020948961,0.00857745847652,-0.999925711229,0.0,0.659997958408,0.258654359153,0.303332286618,1.0,-0.00838,-0.0110137142857,0.42
0.463672481763,0.537649832784,-0.124009902055,-1.37168242411,0.0786913382577,1.89989468706,0.157230393363,-0.0050507918788,-0.048938744734,-0.00390444466732,-0.0787928733245,-0.000774554406433,0.0271521336872,-0.00812748301447,0.574068084721,0.818793158905,0.00208421126565,0.0,0.818750307946,-0.574007486603,-0.0120035604409,0.0,-0.00863224649886,0.00859747509575,-0.999925781117,0.0,0.659853997112,0.258449265278,0.303344086643,1.0,-0.00874,-0.0114868571429,0.438
0.463561296908,0.536758655168,-0.124020416456,-1.37305644471,0.0786092110615,1.90039704729,0.157063366518,-0.00785367164684,-0.0521929450085,-0.000616481174908,-0.0795367964379,-0.011187864181,0.0250010465396,-0.0132739590716,0.574066309879,0.8187943541,0.00210343932056,0.0,0.818751760026,-0.574005637456,-0.01199293643,0.0,-0.00861252842779,0.00860710112018,-0.999925868334,0.0,0.659693133109,0.258246154773,0.303364710324,1.0,-0.0091,-0.01196,0.456
0.463445929833,0.535950212818,-0.12402370426,-1.37433457514,0.0785360315338,1.90086906948,0.15690591803,-0.00767532446925,-0.0531492231349,-0.00293737423378,-0.0832943851846,-0.00628131503218,0.0267160623792,-0.00973255337533,0.57408767031,0.818779394111,0.00209701664652,0.0,0.818736678192,-0.57402698406,-0.0120008439095,0.0,-0.00862246557309,0.0086066066689,-0.999925786951,0.0,0.659555070209,0.25805722946,0.303361508861,1.0,-0.0094,-0.0123542857143,0.471
0.463333701123,0.535050883569,-0.124024481317,-1.37573728208,0.0784595881594,1.90137659608,0.156729943232,-0.00592115852242,-0.0463635475453,-0.0032755077703,-0.0843569072764,-0.00737081242495,0.0307685180478,-0.00772231624949,0.574092468002,0.818776009806,0.00210495860225,0.0,0.818733293857,-0.574031644319,-0.0120088197531,0.0,-0.00862438671843,0.00861773857789,-0.999925674506,0.0,0.659387542172,0.257850135639,0.303372494372,1.0,-0.00974,-0.0128011428571,0.488
0.463213951323,0.5341550294,-0.124033151693,-1.37721345839,0.0783819970627,1.90191326523,0.156551212147,-0.00519578142579,-0.0525900421446,-0.000980996397356,-0.0853708397181,-0.0032358579119,0.0316003643296,-0.0141306444867,0.574110422751,0.818763508166,0.00207052779187,0.0,0.818720240181,-0.574049640001,-0.012038522869,0.0,-0.00866828437514,0.00860679017204,-0.999925389221,0.0,0.65921210159,0.257626532516,0.30334869231,1.0,-0.01008,-0.013248,0.505
0.463090991967,0.533290831505,-0.124030786227,-1.37861143931,0.0782954629557,1.90243718654,0.156386087128,-0.00971703911236,-0.0506801956732,0.000427666517588,-0.0854839860483,-0.0105587878187,0.0267619656316,-0.00953928832313,0.574127591459,0.81875149633,0.00205982626626,0.0,0.818708083715,-0.574066847232,-0.0120447278575,0.0,-0.00867932808965,0.00860177262061,-0.999925336599,0.0,0.659049920505,0.257413804359,0.303338113561,1.0,-0.0104,-0.0136685714286,0.521
0.462950913101,0.532295001478,-0.124027739405,-1.38025738179,0.0782060118672,1.90304268262,0.156175187333,-0.00718463188811,-0.0510418257025,0.00121274513589,-0.0929695197255,-0.0049883142382,0.0274931929841,-0.013803658822,0.574133437508,0.818747480909,0.00202616436209,0.0,0.818703483758,-0.574072693946,-0.0120786857662,0.0,-0.0087263959202,0.00859377065814,-0.999924995747,0.0,0.658853738282,0.257167564151,0.303309225249,1.0,-0.01076,-0.0141417142857,0.539
0.46282453329,0.531302578125,-0.124028631197,-1.38185931008,0.0781117864383,1.90362304128,0.155968771561,-0.00517227955579,-0.0574789006348,-0.000254232479005,-0.101459616417,-0.00841590859654,0.038143093604,-0.0121465672863,0.574130513804,0.818749591155,0.00200175015122,0.0,0.818705208098,-0.574069810905,-0.012098815708,0.0,-0.00875692468151,0.00858530784673,-0.999924801552,0.0,0.658659895762,0.256930801612,0.303296587376,1.0,-0.0111,-0.0145885714286,0.556
0.462694282865,0.530332099595,-0.124033001051,-1.38340512723,0.0780109495545,1.90416569651,0.155776264639,-0.00324823922651,-0.0654618873586,-0.00106938861272,-0.0983945734388,-0.00457485664698,0.0337795656679,-0.0128576589511,0.574139407466,0.81874343389,0.00196904966565,0.0,0.818698643816,-0.574078866556,-0.0121133186133,0.0,-0.00878747946323,0.00856695680244,-0.999924690892,0.0,0.65847276671,0.256692256611,0.30329179319,1.0,-0.01142,-0.0150091428571,0.572
0.46256073586,0.529347992691,-0.124038620541,-1.38495329652,0.0779231726394,1.90474661907,0.15555185484,-0.0104256197916,-0.0673480377977,-0.00140893270812,-0.0985712161688,-0.00457363333339,0.035645750862,-0.00533538968375,0.574138631141,0.818743930175,0.00198895298644,0.0,0.818699311596,-0.574077916343,-0.0121132183961,0.0,-0.00877597901529,0.00858318632235,-0.999924652714,0.0,0.658281059905,0.256440221235,0.303299661846,1.0,-0.01176,-0.015456,0.589
0.462407610554,0.528196552968,-0.124039607052,-1.38675453176,0.07780812776,1.90543366241,0.155309500455,-0.0110457420068,-0.0659283660522,-0.00103176187688,-0.10145792057,-0.00390982440827,0.041905710297,-0.0129333390873,0.574123933335,0.81875418156,0.00201152942441,0.0,0.818709974264,-0.574063235779,-0.0120882698654,0.0,-0.00874274473479,0.00858718957562,-0.999924909476,0.0,0.658084786961,0.256183372279,0.303311661475,1.0,-0.0121,-0.0159028571429,0.606
0.462274439923,0.527122782439,-0.124039426306,-1.38841060635,0.0777018373769,1.90607191166,0.155078183986,-0.010768904242,-0.0735665121516,-0.00343446731512,-0.108893756937,-0.00578960850237,0.0479843375924,-0.0163161605692,0.574104496077,0.818767703131,0.00205494375407,0.0,0.818724133743,-0.574043683513,-0.0120577421836,0.0,-0.00869302975838,0.00860500171804,-0.999925189791,0.0,0.657892318166,0.255939481224,0.303334532219,1.0,-0.01242,-0.0163234285714,0.622
0.462105307901,0.525819604239,-0.124040376768,-1.39042785554,0.0775729534722,1.90680999163,0.154801640308,-0.00449105358579,-0.0731345848668,0.00192814655562,-0.106731468921,-0.00884907838583,0.0370682217326,-0.0196873815245,0.574091203029,0.818776981203,0.00207184883949,0.0,0.818733657718,-0.574030344861,-0.0120460698966,0.0,-0.00867390764106,0.00861200094501,-0.999925295593,0.0,0.657651239919,0.255634591925,0.303355306704,1.0,-0.0128,-0.0168228571429,0.641
0.461951586761,0.524718425101,-0.124046078241,-1.39217016677,0.0774728458324,1.90743726891,0.154565897547,-0.0148602594261,-0.0695971177993,-0.000148295561037,-0.112317367725,-0.00940197973992,0.0368997287938,-0.0274786045491,0.574094797123,0.81877448652,0.00206180567767,0.0,0.818730954604,-0.574033904752,-0.0120601438086,0.0,-0.00869115902197,0.00861189574943,-0.999925146702,0.0,0.657442210035,0.255364221516,0.303355106672,1.0,-0.01312,-0.0172434285714,0.657
0.461796240194,0.523511816052,-0.124057520913,-1.39408539867,0.0773463406936,1.90813696985,0.154308260072,-0.00772570778202,-0.0718867099442,-0.00165899134396,-0.11799975243,-0.0044615691724,0.0380445303251,-0.0208579811474,0.574087780946,0.818779447403,0.00204528232225,0.0,0.818735802317,-0.574027061828,-0.0120567489135,0.0,-0.0086979382731,0.0085963435985,-0.999925221577,0.0,0.657212350024,0.255070995439,0.303352882327,1.0,-0.01346,-0.0176902857143,0.674
0.461640146816,0.522366357647,-0.124052775078,-1.39590349245,0.0772347967875,1.90885237665,0.154076275687,-0.0110535038385,-0.071252645493,0.000492586323048,-0.114142257743,-0.00674849151703,0.0419969971655,-0.00522738347806,0.574089893965,0.818777880171,0.00207930052832,0.0,0.818734701138,-0.574029051131,-0.0120367982107,0.0,-0.00866205198502,0.0086127655275,-0.999925391779,0.0,0.657001977315,0.254800905899,0.303354460585,1.0,-0.01378,-0.0181108571429,0.69
0.461454720915,0.520965467889,-0.124058772821,-1.39814078699,0.0770958471858,1.90971294105,0.153759864954,-0.0109743170956,-0.0761907426986,-0.00066072652885,-0.115628067603,-0.00971448611409,0.0479529963269,-0.0188089189425,0.574069187129,0.818792360451,0.00209422021801,0.0,0.818749439484,-0.574008346816,-0.0120216484195,0.0,-0.00864130037248,0.00861606545172,-0.9999255429,0.0,0.656739211166,0.25446435729,0.303348571003,1.0,-0.01416,-0.0186102857143,0.709
0.461311853201,0.519891762696,-0.124061310359,-1.39983039948,0.0769932462275,1.91031993959,0.153531358537,-0.0102760402762,-0.0729782199882,-0.000316025047165,-0.121068986819,-0.00643895911206,0.0398342663251,-0.0188436013081,0.574063088989,0.81879665594,0.00208638040003,0.0,0.81875358794,-0.574002238046,-0.0120307877582,0.0,-0.00865334836944,0.0086148284839,-0.999925449367,0.0,0.656532173904,0.254207241706,0.30335108639,1.0,-0.01444,-0.0189782857143,0.723
0.461139403126,0.518528970304,-0.124065164553,-1.40190595692,0.0768571674152,1.91105813637,0.15326130724,-0.00766095063192,-0.0821574432856,-0.000146599948723,-0.119689837408,-0.0103002497616,0.045485083562,-0.0157943958936,0.574059136605,0.818799383326,0.00210343684577,0.0,0.818756575526,-0.573998251617,-0.0120176567629,0.0,-0.00863284708371,0.00862121439911,-0.999925571537,0.0,0.656276775492,0.253891490723,0.303383889408,1.0,-0.01478,-0.0194251428571,0.74
0.46095950455,0.517187746302,-0.124063438421,-1.40404867057,0.0767148365494,1.91182600613,0.152959250138,-0.0125835055712,-0.0804812037962,0.00141848849594,-0.125176606514,-0.0130236380414,0.0464147387247,-0.0187173389125,0.574032789658,0.818817942997,0.00206870120951,0.0,0.818774699434,-0.573972072406,-0.0120332276095,0.0,-0.00866581280215,0.00860143302855,-0.999925456741,0.0,0.656011023005,0.253566909706,0.303371640456,1.0,-0.01512,-0.019872,0.757
0.460777566223,0.515822354675,-0.12407395045,-1.40620970441,0.076588881471,1.91263920206,0.152660556849,-0.0124488874625,-0.082399923321,-0.00113325251056,-0.122519566167,-0.0134026153196,0.0455101927919,-0.0201514894929,0.57402502424,0.818823350876,0.00208290824899,0.0,0.818780272767,-0.57396422786,-0.012028173831,0.0,-0.00865360138503,0.00861008272993,-0.999925488053,0.0,0.655752234676,0.253237705776,0.303371558221,1.0,-0.01546,-0.0203188571429,0.774
0.460599064782,0.514512681587,-0.124075489091,-1.4082943862,0.0764611891114,1.91341012425,0.152380156533,-0.0133540543234,-0.0812594524261,0.000226754691758,-0.126060017185,-0.00326876697643,0.0431121334604,-0.0128065100994,0.574018075276,0.81882823555,0.00207769672794,0.0,0.818785061157,-0.573957273765,-0.0120340524486,0.0,-0.00866147954366,0.00860911641894,-0.999925428163,0.0,0.655498056203,0.252921254173,0.303364386599,1.0,-0.01578,-0.0207394285714,0.79
0.460387420313,0.513030723943,-0.124078010266,-1.41070882033,0.0763133095461,1.91424078579,0.152050653852,-0.0170978547016,-0.0796068646204,6.67719557496e-05,-0.1359108626,-0.0144130333488,0.0461450540688,-0.024959712515,0.574009919862,0.818834168366,0.00199085845947,0.0,0.818789723338,-0.573949358473,-0.0120942037741,0.0,-0.00876066402369,0.00857245243266,-0.999924879091,0.0,0.655190763722,0.252546568775,0.303325834078,1.0,-0.01614,-0.0212125714286,0.808
0.46019997222,0.511687792549,-0.124084342235,-1.41286501233,0.0761903946232,1.91502478532,0.15173738023,-0.014396085145,-0.0846396935191,-0.0006135079659,-0.137323333253,-0.0036990381392,0.0436517303168,-0.0159835128095,0.573991177746,0.818847359703,0.00196882692103,0.0,0.818802507146,-0.573930598555,-0.0121189617745,0.0,-0.00879377914563,0.00856842252975,-0.999924622951,0.0,0.654924473792,0.252215197162,0.303308414541,1.0,-0.01646,-0.0216331428571,0.824
0.460002252635,0.510216769242,-0.12408257349,-1.41518567022,0.0760480242945,1.91591034997,0.151404305388,-0.0115486710998,-0.0865900514862,0.0013534464969,-0.136874674823,-0.00570809634272,0.0488604411448,-0.0189292671052,0.573961980808,0.818867755197,0.0019977455027,0.0,0.818823272916,-0.573901270847,-0.012104790488,0.0,-0.00876588270159,0.00858365529867,-0.999924737249,0.0,0.654643596653,0.251867781847,0.303310468489,1.0,-0.0168,-0.02208,0.841
0.459795172188,0.5087097677,-0.124088305018,-1.41755365001,0.0758903828109,1.9167596146,0.151077334219,-0.0116281218641,-0.0886956529946,0.00047064280243,-0.138703934814,-0.0141318256951,0.0440777951982,-0.0222320268543,0.573948200098,0.818877457276,0.00198001774284,0.0,0.81883280047,-0.573887625424,-0.0121072358488,0.0,-0.00877820383343,0.00857039470361,-0.999924742904,0.0,0.654349021837,0.2514999615,0.303311731376,1.0,-0.01714,-0.0225268571429,0.858
0.459597089335,0.507262777854,-0.124095041579,-1.41980740363,0.075740402893,1.91757922288,0.150753070455,-0.0129106953241,-0.0968794068008,0.000578487698033,-0.143029068073,-0.0157294636833,0.0558015256842,-0.0232471516125,0.573925798607,0.818893149881,0.00198334873969,0.0,0.818848614782,-0.573865288542,-0.0120964283043,0.0,-0.00876767608458,0.0085666795781,-0.999924867106,0.0,0.65407088539,0.2511494938,0.30332232433,1.0,-0.01746,-0.0229474285714,0.874
0.459372314834,0.505595596635,-0.124108512921,-1.4224057862,0.0755805874613,1.9185638425,0.150410653772,-0.0167296871761,-0.0975543269591,-0.00223543361257,-0.141215228951,-0.0130452345067,0.0627472510946,-0.0199178892101,0.573930377553,0.818889841659,0.00202382080714,0.0,0.818845896345,-0.573869751009,-0.0120687122995,0.0,-0.00872170428113,0.00858396323739,-0.999925120921,0.0,0.653756719173,0.250749249217,0.303336845566,1.0,-0.01782,-0.0234205714286,0.892
0.459120191107,0.503752002166,-0.124108547111,-1.42517591282,0.0754046848782,1.9196141213,0.15002618704,-0.0121795644909,-0.0946426848301,0.000988139190681,-0.145131198067,-0.00596442501109,0.0582995685202,-0.0251493932678,0.573917100258,0.818898887869,0.00212611854922,0.0,0.818856338786,-0.573856100709,-0.0120091219824,0.0,-0.00861433638802,0.00863339233536,-0.999925626107,0.0,0.653422563031,0.250322900899,0.303397349928,1.0,-0.0182,-0.02392,0.911
0.458944509855,0.502467338485,-0.124113134441,-1.42705700082,0.0752909020034,1.92033294105,0.149764073178,-0.0132618980553,-0.0981954709809,-3.10787566614e-05,-0.145556540044,-0.00290516843382,0.0513274280638,-0.0172220549962,0.573915429486,0.818899779897,0.00223096024413,0.0,0.818858627187,-0.57385402669,-0.0119520556379,0.0,-0.00850745400655,0.00868647742908,-0.999926081436,0.0,0.653198723379,0.250029559244,0.303461436159,1.0,-0.01846,-0.0242617142857,0.924
0.458683737386,0.500534095147,-0.124124493623,-1.4299508413,0.0751043701704,1.9213438295,0.149353386634,-0.0141825389332,-0.107920753924,-0.00173631219036,-0.155221568265,-0.00746167168722,0.0567936274236,-0.0230185639737,0.573897717045,0.8189120834,0.00227088842979,0.0,0.818871455795,-0.573836159847,-0.0119309445308,0.0,-0.00846743977114,0.00870687517721,-0.999926243674,0.0,0.652832220221,0.249573407262,0.303521173532,1.0,-0.01884,-0.0247611428571,0.943
0.458456168697,0.49894077742,-0.124119233464,-1.43241564084,0.0749514506864,1.92224918459,0.149007347595,-0.0127129859167,-0.106988071893,0.000517999366203,-0.156661621609,-0.00718745183694,0.0563540840107,-0.0221682998119,0.57388108132,0.81892365866,0.00230058481621,0.0,0.818883354106,-0.573819341297,-0.0119232052072,0.0,-0.00844423734515,0.00872658052154,-0.999926268106,0.0,0.652524052524,0.249193359705,0.303537698009,1.0,-0.01916,-0.0251817142857,0.959
0.458210886772,0.497367474448,-0.12412473082,-1.43491048924,0.0748076932606,1.92317663211,0.148640649984,-0.0200384405898,-0.0964068129369,0.000259022676603,-0.15913400916,-0.00545971718772,0.0525197538938,-0.0219528721391,0.57387365945,0.818928836461,0.00230883170369,0.0,0.818888531909,-0.573811776262,-0.0119316651312,0.0,-0.00844651244351,0.00873811237218,-0.999926148183,0.0,0.652217790064,0.248794668979,0.303527739515,1.0,-0.01948,-0.0256022857143,0.975
0.457947196723,0.49568636218,-0.124122774635,-1.43761644215,0.0746332630697,1.92409747299,0.148240376853,-0.0129890539839,-0.0962678197261,-0.00106901681899,-0.162472907893,-0.0124194004783,0.0495425653176,-0.0266763863554,0.573849546339,0.818945982134,0.00221887682495,0.0,0.818904368922,-0.573787892634,-0.0119931534106,0.0,-0.00854874473113,0.00869948106184,-0.99992561623,0.0,0.651865280836,0.248359672939,0.303491045086,1.0,-0.01982,-0.0260491428571,0.992
0.457642362089,0.493862250823,-0.124135263471,-1.44057953713,0.074449678072,1.92514396317,0.14783305036,-0.0168454086493,-0.112570681707,-0.00495229561986,-0.178808531377,-0.0114823778823,0.0623528174961,-0.0286939074571,0.573868388862,0.818933016386,0.00212928130333,0.0,0.818890180282,-0.57380705325,-0.0120451309451,0.0,-0.00864252518282,0.00865613409685,-0.999925186252,0.0,0.651467141417,0.247835461676,0.303440385492,1.0,-0.0262028571429,-0.0344380408163,1.011
0.457375829986,0.491656300496,-0.124205272881,-1.44391240228,0.0742686990137,1.92640499859,0.147350277643,-0.016559853018,-0.15193543911,-0.000907396026552,-0.242765757262,-0.0151904007033,0.090174245992,-0.0401005284166,0.573866188746,0.818934237623,0.00224916980252,0.0,0.818893026526,-0.573804415577,-0.0119770894835,0.0,-0.0085180290795,0.00871524395637,-0.999925741094,0.0,0.651083219633,0.247343485166,0.303502540539,1.0,-0.0349148571429,-0.0458880979592,1.025
0.45686742427,0.487995717915,-0.12422626196,-1.44976142957,0.0739420853307,1.92860499288,0.146470792075,-0.0313449194884,-0.215935359275,-0.000847977075243,-0.340659445975,-0.0278127172934,0.131348001618,-0.047052730088,0.57378178512,0.81899331942,0.00226995817625,0.0,0.818952070947,-0.573719621361,-0.0120020189048,0.0,-0.00852741793644,0.00874569516339,-0.999925395197,0.0,0.65034093679,0.246451739596,0.303455308256,1.0,-0.0467382857143,-0.0614274612245,1.044
0.456306745798,0.484241679387,-0.124324074022,-1.45560571957,0.0735986807416,1.93079824921,0.145583004329,-0.0417338521762,-0.26523808652,-0.0056464960451,-0.406517895754,-0.026556414291,0.145479954669,-0.062551470209,0.573781295579,0.818993450712,0.00234508749727,0.0,0.818953384627,-0.573719036279,-0.0119401893346,0.0,-0.00843367790081,0.00877174353224,-0.999925962055,0.0,0.649625949529,0.245480167172,0.30347360951,1.0,-0.0560725714286,-0.0736953795918,1.059
0.455469063382,0.478872816537,-0.124474780222,-1.46416072102,0.0730832626855,1.93375736602,0.144278813346,-0.0495631932195,-0.318146055204,-0.00975422983399,-0.507290566018,-0.0344657872174,0.179573770406,-0.0773769027294,0.573786976425,0.818990044314,0.00213539246628,0.0,0.818947204253,-0.573725541375,-0.0120510049687,0.0,-0.00864469033164,0.00866365019623,-0.999925102442,0.0,0.648521183712,0.244023611377,0.303385661065,1.0,-0.0672737142857,-0.0884168816326,1.077
0.454508075258,0.472828105392,-0.124603620596,-1.47356025069,0.0725189589256,1.93709634056,0.142931404734,-0.0594083418377,-0.365619912114,-0.00435189044932,-0.571254235449,-0.0278868845612,0.203633111818,-0.0880831896716,0.573865203861,0.818935289866,0.00211322278588,0.0,0.818892096619,-0.573803789572,-0.0120702969818,0.0,-0.00867238388511,0.00865739155752,-0.999924916846,0.0,0.647315483755,0.242428267954,0.303388199371,1.0,-0.0778525714286,-0.102320522449,1.094
0.45345318887,0.466330959062,-0.124678736591,-1.48338645608,0.0719392537275,1.94078570934,0.141374379062,-0.0682498297902,-0.421588608288,-0.00301418121691,-0.638158448782,-0.0470848865246,0.244971916362,-0.102049805133,0.573820825819,0.818965515428,0.00242719954864,0.0,0.818926348414,-0.573758056447,-0.0119195401408,0.0,-0.00836922817304,0.00882754798789,-0.999926012471,0.0,0.646081388232,0.240782018322,0.303519376645,1.0,-0.0878091428571,-0.115406302041,1.11
0.45222153785,0.459176172493,-0.124740591264,-1.49449742453,0.0712318963957,1.94468472673,0.139672374561,-0.0838893380343,-0.468374660077,-0.00947591298281,-0.708815928927,-0.0453876417767,0.245121718934,-0.105148644844,0.573808266992,0.818974471661,0.00237368912442,0.0,0.81893432274,-0.573745414387,-0.0119800421401,0.0,-0.00844961811323,0.00881831249427,-0.999925417878,0.0,0.644612335517,0.238883907171,0.303499905894,1.0,-0.0977657142857,-0.128492081633,1.126
0.450734481076,0.450673204987,-0.12489481995,-1.50751202636,0.0703495165872,1.94918336136,0.137611416473,-0.0870833298005,-0.531033454841,-0.00763464544687,-0.75637405033,-0.059267521314,0.285770563232,-0.116886177587,0.573806328346,0.81897598468,0.00231969149116,0.0,0.81893547103,-0.573744047182,-0.0119670177161,0.0,-0.00846995400626,0.00876659692506,-0.999925700569,0.0,0.64288427545,0.23657721226,0.303541541133,1.0,-0.108344571429,-0.142395722449,1.143
0.448999203995,0.440818040375,-0.124995074547,-1.5224579068,0.0693745110538,1.9545363619,0.135315637941,-0.097504102626,-0.554645057403,-0.00661560741697,-0.847596355498,-0.05806944399,0.302350816125,-0.128117117506,0.573825830957,0.818961709095,0.002526195536,0.0,0.818923905534,-0.573762756103,-0.0118610098583,0.0,-0.0082644351079,0.0088750866253,-0.999926463271,0.0,0.640890094552,0.233981458995,0.303643507027,1.0,-0.119545714286,-0.15711722449,1.161
0.447256405846,0.431294174773,-0.125076322077,-1.53675745715,0.0684201701753,1.95956372756,0.132949104433,-0.111985878035,-0.61569333648,-0.00403705107676,-0.91833008054,-0.0642813646091,0.327410007912,-0.157122640045,0.573738958776,0.819021923816,0.00272807476998,0.0,0.818986691913,-0.573675086717,-0.0117660635738,0.0,-0.00807179090071,0.0089850789855,-0.999927054613,0.0,0.638945530862,0.231452748848,0.303774729862,1.0,-0.129502285714,-0.170203004082,1.177
0.445333557956,0.421225901548,-0.125177251131,-1.5520472558,0.0673178965894,1.96484955696,0.130405568155,-0.123590927182,-0.638856484204,-0.00694596248826,-0.979735023041,-0.0792043100002,0.332477289977,-0.164263222004,0.573660765864,0.819076783723,0.00270092125294,0.0,0.819041498457,-0.573597334295,-0.011741754379,0.0,-0.00806831252117,0.00894812267894,-0.999927414082,0.0,0.636682925843,0.228504860626,0.303798747674,1.0,-0.140081142857,-0.184106644898,1.194
0.442919247297,0.4090777517,-0.125316037013,-1.57020301847,0.066025957255,1.97123701146,0.127414350177,-0.142848569489,-0.676681165709,-0.00380977349461,-1.03881480531,-0.0662677306404,0.347250858173,-0.165805418195,0.573674285928,0.819066295505,0.00299401640532,0.0,0.819035439294,-0.573610582129,-0.0115150402116,0.0,-0.00771433036028,0.0090582624122,-0.999929215989,0.0,0.634313249957,0.225342578837,0.303949530222,1.0,-0.15066,-0.198010285714,1.211
0.440517072391,0.397633750882,-0.125418876848,-1.58739309372,0.0648901390523,1.9770389533,0.124502788821,-0.157336487255,-0.744927137148,-0.0103566485941,-1.08428362242,-0.0830853598803,0.376532972031,-0.190478926878,0.573708850253,0.819041833941,0.00306207404603,0.0,0.819011053963,-0.57364397542,-0.0115857607403,0.0,-0.00773283127652,0.00915490222563,-0.999928192965,0.0,0.63184448604,0.222126020605,0.30399162889,1.0,-0.160616571429,-0.211096065306,1.227
0.438094284257,0.386483274392,-0.12553631957,-1.60431381766,0.0636233276866,1.98272549897,0.121594663697,-0.165368614557,-0.768068399783,-0.0101461001543,-1.1596116941,-0.0807454449557,0.375149416371,-0.20406078,0.573697388396,0.819050342716,0.00293079266074,0.0,0.819018065836,-0.573633185455,-0.0116242539845,0.0,-0.00783980022039,0.00906935090243,-0.999928139621,0.0,0.629377030493,0.218902273737,0.30392378862,1.0,-0.169950857143,-0.223363983673,1.242
0.434529536938,0.3706692656,-0.125695951484,-1.62783789317,0.0618635033944,1.99054088022,0.117345303055,-0.189604530095,-0.812784355526,-0.0067878332764,-1.19645139188,-0.0845741292687,0.392647155412,-0.211618130313,0.573631917413,0.819096086568,0.00296162055925,0.0,0.81906428915,-0.573567713626,-0.0115980613141,0.0,-0.00780138690219,0.00907895058588,-0.999928352943,0.0,0.625891237872,0.214323369912,0.303975672145,1.0,-0.182396571429,-0.239721208163,1.262
0.43117572049,0.356572754198,-0.125897048369,-1.64867387528,0.0602239439012,1.99740789566,0.113588792132,-0.200872724294,-0.84447489962,-0.0127506199052,-1.2540788498,-0.100441859498,0.404056740435,-0.240287666129,0.573721441593,0.819033328269,0.00297683418186,0.0,0.819002391941,-0.573657952678,-0.0115057475179,0.0,-0.00771605463955,0.00903930240251,-0.999929374262,0.0,0.622766971854,0.210122563098,0.304024098109,1.0,-0.192975428571,-0.25362484898,1.279
0.427893949608,0.343614834487,-0.126078653978,-1.66774183482,0.0588203328631,2.00356969654,0.109972273041,-0.220887930807,-0.910845696602,-0.0167149921506,-1.26671370695,-0.106119317319,0.422984785101,-0.238213927351,0.573831260047,0.818956268082,0.00301045908495,0.0,0.818925277821,-0.573767076014,-0.0115532994836,0.0,-0.00773449363549,0.00909516055294,-0.999928725291,0.0,0.619852740933,0.206180159217,0.304050896797,1.0,-0.202309714286,-0.265892767347,1.294
0.423308863587,0.325683901046,-0.126235880238,-1.69394199537,0.0567263519716,2.01203534674,0.10490567486,-0.2364304482,-0.927623274095,-0.0117079763267,-1.31936184231,-0.122235676749,0.438662896373,-0.276264232094,0.573787412061,0.81898664753,0.00310222969572,0.0,0.818957001165,-0.573723130987,-0.011486779978,0.0,-0.00762784535069,0.00913173829928,-0.99992921116,0.0,0.615744143536,0.200790066811,0.304096171956,1.0,-0.214755428571,-0.282249991837,1.314
0.420153198458,0.313695486877,-0.126317855901,-1.71154904802,0.0552716694882,2.01753547476,0.101438782152,-0.247342340422,-0.905906326265,-0.00387718603911,-1.36454288447,-0.113419898321,0.411447359125,-0.278869133652,0.573699592748,0.819048726731,0.00295083432036,0.0,0.819016979401,-0.573635636341,-0.0115797700366,0.0,-0.00779184219836,0.00906026720412,-0.999928596827,0.0,0.612883138731,0.197146621262,0.30402340813,1.0,-0.222845142857,-0.292882187755,1.327
0.414592890679,0.293498030236,-0.126491742488,-1.74061086936,0.0528553563552,2.02651921429,0.0954404334702,-0.272210632408,-0.9724979033,-0.00318889089691,-1.38037017789,-0.103429208534,0.418930757492,-0.272775336897,0.573581880058,0.819131045412,0.00298399258912,0.0,0.819099536043,-0.573517607377,-0.0115866726531,0.0,-0.00777978077792,0.00909026744511,-0.999928418462,0.0,0.608101382403,0.190947883409,0.304073634905,1.0,-0.235913142857,-0.310057273469,1.348
0.410542868433,0.279496064168,-0.126652725048,-1.76063586913,0.0511835814548,2.03267722587,0.0911919592688,-0.296555648358,-1.00464222021,-0.0127267084261,-1.46049650313,-0.129396766928,0.436651795596,-0.312061558215,0.57357307572,0.819136937122,0.00305809610286,0.0,0.819106224675,-0.573508372453,-0.0115709258557,0.0,-0.00772447776651,0.00914185309451,-0.999928376918,0.0,0.604758053505,0.18656135664,0.304096875088,1.0,-0.244625142857,-0.321507330612,1.362
0.404588662641,0.260010392764,-0.126895756149,-1.78823601027,0.0487442958693,2.04090799924,0.0851600583498,-0.328948350437,-1.02790365913,-0.0117244015801,-1.49006616551,-0.135840160924,0.435480798239,-0.314630939122,0.573629520862,0.819097395317,0.00306213671984,0.0,0.819066938978,-0.573565038728,-0.0115430811929,0.0,-0.00769872139701,0.00912972285929,-0.999928686382,0.0,0.600053103373,0.180311412366,0.30413719225,1.0,-0.256448571429,-0.337046693878,1.381
0.399866528902,0.245248960291,-0.1270580452,-1.80891513795,0.0469185507326,2.04692886626,0.08050513267,-0.341356420237,-1.05653408526,-0.00848447974094,-1.4926199012,-0.13467913531,0.416807501123,-0.338914605315,0.573714743681,0.819037524461,0.00311019436368,0.0,0.819007417868,-0.573649773513,-0.0115556794413,0.0,-0.0076805206646,0.00917711261145,-0.999928392539,0.0,0.596447583147,0.175531137512,0.304187109596,1.0,-0.265160571429,-0.34849675102,1.395
