position_joint1,position_joint2,position_joint3,position_joint4,position_joint5,position_joint6,position_joint7,velocity_joint1,velocity_joint2,velocity_joint3,velocity_joint4,velocity_joint5,velocity_joint6,velocity_joint7,ee_T_00,ee_T_10,ee_T_20,ee_T_30,ee_T_01,ee_T_11,ee_T_21,ee_T_31,ee_T_02,ee_T_12,ee_T_22,ee_T_32,ee_T_03,ee_T_13,ee_T_23,ee_T_33,v_x,v_y,time
0.465076549262,0.547833971209,-0.123898354807,-1.35585046404,0.079521169824,1.89409457848,0.159168350054,-0.000345898571766,-0.0021584977212,-0.000663439036573,-0.00029204826183,-0.000201634698876,-0.000227729822035,0.00111009960215,0.57375451953,0.819013333808,0.00191239765737,0.0,0.818969002569,-0.573695437215,-0.0120027101522,0.0,-0.00873341399163,0.00845296634422,-0.999926134692,0.0,0.661647827325,0.260944792879,0.303165211692,1.0,0.0,0.0,0.0
0.465079054916,0.547844243567,-0.123894814573,-1.35584795937,0.0795211717741,1.89409554328,0.159168351355,-0.000227896045402,0.00211003856904,0.000740943613483,0.000778426178365,-0.000123491028506,4.46009330641e-05,0.000905265402754,0.573749883212,0.819016594138,0.00190707675297,0.0,0.818972178075,-0.573690809409,-0.0120072327912,0.0,-0.00874021877593,0.00845115392468,-0.999926090555,0.0,0.66164685336,0.260948725972,0.303159093416,1.0,-0.00016,-0.000210285714286,0.009
0.465079336564,0.547837885634,-0.123901570909,-1.35585368461,0.0795211698247,1.89409710036,0.15917321642,0.000710645895326,-0.000393951536425,-0.00145832125449,0.00141431443279,-0.000215741864188,0.000153436114915,0.000404705484693,0.573750556948,0.819016104735,0.00191454612759,0.0,0.818971799502,-0.573691463956,-0.0120017792745,0.0,-0.00873145984817,0.00845414959901,-0.999926141754,0.0,0.661647324085,0.260947719705,0.303164846345,1.0,-0.00052,-0.000683428571429,0.027
0.465072677375,0.547814798421,-0.1238912858,-1.35587238397,0.0795186885725,1.89410098032,0.159166824013,-0.000604641945735,0.00263910073784,0.00160100382871,0.000247436877047,0.000177197332987,-0.000119081245641,-0.000315301186669,0.573752051243,0.819015052633,0.0019168087337,0.0,0.8189707512,-0.573692923462,-0.0120035473669,0.0,-0.00873159448257,0.00845703303658,-0.999926116196,0.0,0.661644112542,0.260944005516,0.30316867899,1.0,-0.00088,-0.00115657142857,0.045
0.46507478409,0.547735195799,-0.123896455035,-1.35596567774,0.0795224781362,1.89411873136,0.159164189707,0.00052862700111,-0.00820326864433,0.000861002302327,-0.00948563628358,1.2680993544e-05,0.00111923776342,0.000261193740493,0.573757858543,0.819010964477,0.00192528660549,0.0,0.818966691915,-0.573698614472,-0.0120085048527,0.0,-0.00873073097691,0.00846688264459,-0.999926040382,0.0,0.661628796202,0.260934200913,0.303182387523,1.0,-0.0012,-0.00157714285714,0.061
0.465066929011,0.54760701757,-0.123893487161,-1.3561441967,0.0795197365237,1.89414822323,0.159160413138,-0.000993644872522,-0.00339538054035,0.00102021393777,-0.0142905031583,0.000124618717855,0.00596164300386,-0.000795863996793,0.57376811572,0.819003804509,0.0019142842951,0.0,0.818959249056,-0.573708782797,-0.0120302879694,0.0,-0.00875477846005,0.00847047957157,-0.999925799662,0.0,0.661598655951,0.260912769497,0.303190681094,1.0,-0.00154,-0.002024,0.078
0.465053818689,0.547454346049,-0.123892970913,-1.35634579189,0.0795149443585,1.89422680238,0.159159854138,-0.00296682577472,-0.00720672887432,0.00120988098973,-0.00839598550808,-0.000275165141433,0.0130117588744,0.00098310084413,0.57378804226,0.818989774644,0.00194383370308,0.0,0.818945543719,-0.573728520224,-0.0120219967299,0.0,-0.00873082765404,0.00849013537798,-0.999925842375,0.0,0.661575712633,0.260887037257,0.30320967741,1.0,-0.00186,-0.00244457142857,0.094
0.465034021869,0.547293205528,-0.123893760255,-1.35653746305,0.0795105621704,1.89434387501,0.159145885941,-0.00533870304824,-0.00845350836105,0.000829317455072,-0.0118405818507,0.000552974930397,0.00954851470736,-0.003795065833,0.573803195971,0.818978972715,0.00202025875077,0.0,0.818935747705,-0.57374335583,-0.0119812217164,0.0,-0.00865342522308,0.00852948964221,-0.999926180295,0.0,0.661564968451,0.260860107038,0.303242777488,1.0,-0.00218,-0.00286514285714,0.11
0.465007089543,0.547081063609,-0.123888751702,-1.35679780201,0.0795102910324,1.89447020802,0.159132765394,5.62723831114e-05,-0.00940929050424,0.000350320951945,-0.0154804709957,0.00028389760736,0.0104087083867,0.00238320290264,0.573825636475,0.818963058778,0.00209623033332,0.0,0.818920708279,-0.573765361512,-0.0119553494903,0.0,-0.00858841058582,0.00857709759552,-0.999926333587,0.0,0.661541957433,0.260825623376,0.303279933453,1.0,-0.00252,-0.003312,0.127
0.464970341746,0.546851023903,-0.123896307636,-1.35713649023,0.0795045171083,1.89460205726,0.159104883645,-0.0047519621507,-0.0184150276855,6.02841413129e-08,-0.0209159203743,0.000372523195004,0.0100160504266,-0.00187963507366,0.573855625519,0.818941979179,0.00212195653633,0.0,0.818899881229,-0.573795157745,-0.0119519192421,0.0,-0.00857052502277,0.00859651155787,-0.999926320331,0.0,0.661508277102,0.260767781033,0.303293348644,1.0,-0.00286,-0.00375885714286,0.144
0.46493401641,0.546570817648,-0.123893760271,-1.35754169105,0.0794949296748,1.89475149813,0.158970425867,-0.00270621136706,-0.0150027561945,0.000709661700445,-0.0278457248059,-0.000140720179392,0.00864603607183,-0.00860234335033,0.57379356934,0.818985379175,0.00215299387166,0.0,0.818943531674,-0.573732826747,-0.0119533402474,0.0,-0.00855453233622,0.00862209617308,-0.999926236997,0.0,0.661461928377,0.260709407735,0.303311807781,1.0,-0.0032,-0.00420571428571,0.161
0.464886700561,0.546290924394,-0.123892204461,-1.35799832841,0.0794782223522,1.89491225479,0.158936657979,-0.000512983972808,-0.0155734446102,0.00310194842818,-0.0293085586839,-0.00390031720034,0.013353929686,-0.000634618596852,0.57382465193,0.818963621808,0.00214520251511,0.0,0.818921553204,-0.57376381716,-0.0119715795404,0.0,-0.00857361362416,0.00862650612543,-0.999926035535,0.0,0.661409477351,0.260636690528,0.303306549041,1.0,-0.00354,-0.00465257142857,0.178
0.464841151118,0.545978561837,-0.123891945114,-1.35851818827,0.0794576260329,1.89509892145,0.158895058347,-0.00107614813711,-0.0246688203171,0.00199338431653,-0.0305599326371,-0.00522396011493,0.0165286386952,-0.0131425391988,0.573851301323,0.818944981704,0.00213256018811,0.0,0.81890263685,-0.573790403726,-0.0119912823951,0.0,-0.00859672348394,0.00862773827894,-0.999925826488,0.0,0.661348549228,0.26055844367,0.303296457858,1.0,-0.00388,-0.00509942857143,0.195
0.464778158113,0.545644504288,-0.123891945114,-1.35907846276,0.0794046396784,1.89528106524,0.158796063094,-0.00388135112025,-0.0263475410717,0.00068509775669,-0.0362147708652,-0.00624472233547,0.0137582648914,-0.00559366987762,0.573838917033,0.81895378238,0.00208483222603,0.0,0.818910941775,-0.573778347425,-0.0120010153287,0.0,-0.00863221150339,0.00859410702439,-0.999925810372,0.0,0.661284373105,0.260458445641,0.303282024101,1.0,-0.0042,-0.00552,0.211
0.464721543605,0.545264818144,-0.123897912583,-1.35974925845,0.0793324406169,1.89549122467,0.15873530502,-0.00325044773367,-0.0226584086862,0.000717228855944,-0.0413800874728,-0.00645284204827,0.016075469804,-0.00258116704042,0.573857779568,0.81894078535,0.00199645208281,0.0,0.818897045439,-0.5737978325,-0.0120176241746,0.0,-0.00869633013312,0.00853146009357,-0.999925791262,0.0,0.661202304861,0.260345480934,0.30324985987,1.0,-0.00454,-0.00596685714286,0.228
0.464656589068,0.54483032096,-0.123902936769,-1.36045761549,0.0793162479239,1.89573284037,0.158656266388,-0.000912488797512,-0.0248820611781,-0.00129759614742,-0.0433890773296,-0.00429548373333,0.0223809926802,-0.00309017481037,0.573884873129,0.818921833887,0.0019822408029,0.0,0.818877654168,-0.573824734565,-0.0120543936546,0.0,-0.00873431551806,0.00854121131655,-0.999925376937,0.0,0.661118066226,0.260235026347,0.303241384441,1.0,-0.00488,-0.00641371428571,0.245
0.46458733779,0.544414426867,-0.123906124171,-1.36115614832,0.0792955961285,1.89599063057,0.158546235723,-0.00386396298969,-0.0252462292597,4.33457337757e-05,-0.0467631800348,-0.000471443971782,0.0130203954753,-0.00811353026326,0.573887222743,0.818920213924,0.00197121809615,0.0,0.818875695723,-0.573826941727,-0.0120823343436,0.0,-0.00876349849827,0.0085482444708,-0.999925061497,0.0,0.661039680884,0.260124096426,0.303225716233,1.0,-0.0052,-0.00683428571429,0.261
0.464522498491,0.543918785939,-0.123903341245,-1.36196412135,0.0792596970175,1.89628170633,0.158465398481,-0.00194750315755,-0.0251144383981,0.000123439444339,-0.0473073846423,-0.00390363769324,0.0199274309307,-0.00625015419901,0.573909369785,0.818904718868,0.00196050764075,0.0,0.818859920449,-0.573848996159,-0.0121040154721,0.0,-0.00878716922594,0.00855215367764,-0.999924820336,0.0,0.660939302803,0.259994242716,0.303220230526,1.0,-0.00556,-0.00730742857143,0.279
0.464440501947,0.543353839841,-0.123911754464,-1.36286311212,0.0792094067325,1.89657815318,0.158338354366,-0.00246339323129,-0.0371696107276,-0.00188968218381,-0.0522476653456,-0.00136851684598,0.0169902525012,0.000162232284951,0.573913038827,0.818902222287,0.00192901516447,0.0,0.818856942065,-0.573852735682,-0.0121281937493,0.0,-0.00882500409297,0.00854028041575,-0.999924588613,0.0,0.660836160476,0.259861017572,0.303214774368,1.0,-0.0059,-0.00775428571429,0.296
0.464365796438,0.542832880747,-0.123905065638,-1.36369323718,0.0791578812118,1.89688151239,0.158253966776,-0.00454130147466,-0.0285909124879,0.000351555985014,-0.0515563839705,-0.000555187048397,0.0200717324511,-0.00655913353514,0.573932849654,0.818888349308,0.00192415118883,0.0,0.818842971885,-0.573872533104,-0.0121346629289,0.0,-0.00883288663887,0.00854022377794,-0.999924519497,0.0,0.660739890253,0.259736084519,0.303214228161,1.0,-0.00622,-0.00817485714286,0.312
0.464294204003,0.542245723828,-0.123912522754,-1.36462177355,0.0791077533945,1.89722052844,0.158106766043,-0.0085392090466,-0.0318468307065,-0.000719679826297,-0.0591834125873,-0.00445535717134,0.0218380986044,-0.0099488474741,0.573914371454,0.818901301321,0.00192349507433,0.0,0.818855879812,-0.573854025839,-0.0121388643179,0.0,-0.00883689653204,0.00854189839459,-0.999924469763,0.0,0.660632018824,0.259596851611,0.30321716254,1.0,-0.00656,-0.00862171428571,0.329
0.464210609694,0.5415711254,-0.123909750399,-1.36563716844,0.0790489564446,1.89759196945,0.157977297964,-0.00215762061181,-0.0344992400025,-0.000134439828783,-0.0604559859538,-0.00436768766922,0.015893171927,-0.00961307993848,0.573915461747,0.818900469573,0.00195207629921,0.0,0.818855374449,-0.573854943207,-0.0121295834257,0.0,-0.00881288260451,0.00855998844781,-0.999924527001,0.0,0.660513987051,0.259447268639,0.303242960944,1.0,-0.00692,-0.00909485714286,0.347
0.464132958303,0.540981422338,-0.123909721961,-1.3665374376,0.0789954130047,1.89794131169,0.157857049432,-0.00821728365459,-0.0437893549465,0.00046194051082,-0.06177233436,-0.00596308940333,0.0203471887139,-0.0104564599979,0.573916272779,0.818899822226,0.00198491761378,0.0,0.818855168299,-0.573855620924,-0.0121114237761,0.0,-0.00877915567339,0.00857646836193,-0.999924682472,0.0,0.66041451203,0.259311926892,0.303261621741,1.0,-0.00722,-0.00948914285714,0.362
0.464037522021,0.540262985089,-0.123911063595,-1.36763579634,0.0789293520875,1.89833818276,0.157728116231,-0.00678807824873,-0.0444525446969,-0.00437655113883,-0.0638478525584,-0.0047897201195,0.028097155962,-0.00919212564498,0.57393287137,0.818888153836,0.00199939240902,0.0,0.818843674224,-0.573872139436,-0.0121058524924,0.0,-0.00876611237362,0.00858530180143,-0.9999247211,0.0,0.660287607947,0.259143433423,0.303281058342,1.0,-0.00756,-0.009936,0.379
0.463938003655,0.539490093906,-0.123913520374,-1.36884700111,0.0788594178753,1.89879942313,0.157588569245,6.40897248453e-05,-0.0508473943149,0.000940001437615,-0.0647967620018,-0.00499450423903,0.0280308760818,-0.00835390090218,0.573950215519,0.818875950047,0.00201877236525,0.0,0.818831716668,-0.573889389905,-0.0120968935363,0.0,-0.00874747156207,0.00859621499746,-0.999924790586,0.0,0.660150196006,0.258962665922,0.303290771908,1.0,-0.00792,-0.0104091428571,0.397
0.46383017282,0.538776975689,-0.123918260115,-1.3699477749,0.078799924996,1.89922986688,0.157444146289,-0.0111709648202,-0.0442249941401,0.000119914715338,-0.0644199085875,-0.000918179584494,0.0358715989401,-0.00780971798346,0.573968629833,0.818862948609,0.00205676057043,0.0,0.818819199451,-0.573907625328,-0.0120790356642,0.0,-0.00871085189639,0.00861726850276,-0.999924929054,0.0,0.660032470263,0.258787020748,0.303308103111,1.0,-0.00824,-0.0108297142857,0.413
0.463730702601,0.537991104736,-0.123924956939,-1.37117693026,0.078727896185,1.89970469874,0.157296962245,-0.00327321224457,-0.0455394706597,-0.000312750755968,-0.0707106906811,-0.00858608528982,0.0245973360415,-0.00736156010011,0.573982940188,0.818852854735,0.00208172230429,0.0,0.818809464776,-0.573921859502,-0.0120626067109,0.0,-0.00868292117808,0.00862843051608,-0.999925075726,0.0,0.659894538281,0.258602470252,0.303319498352,1.0,-0.00858,-0.0112765714286,0.43
0.463608560557,0.537182514246,-0.123923580519,-1.3724441189,0.0786586893488,1.90017542363,0.157136178133,-0.00762775217298,-0.0485896107286,-6.36080609484e-06,-0.0788830848088,-0.0011128778562,0.0349948586155,-0.00465566901691,0.574001634148,0.818839714857,0.00209577398205,0.0,0.81879642598,-0.573940408966,-0.0120651008648,0.0,-0.00867670142889,0.00864156623565,-0.999925016281,0.0,0.659751154211,0.258403620654,0.303328080213,1.0,-0.00892,-0.0117234285714,0.447
0.463503809292,0.536393648027,-0.123928499718,-1.37368518488,0.0785830643629,1.90064093048,0.156983533447,-0.00287408095868,-0.0453955839131,-0.000102516774504,-0.0780858179045,-0.00794457287216,0.0380707964002,-0.00704279878966,0.574013933684,0.818831070237,0.00210457895296,0.0,0.818787923577,-0.573952696489,-0.0120575826085,0.0,-0.00866536134185,0.00864459068991,-0.999925088476,0.0,0.659609291697,0.258214058607,0.303334767984,1.0,-0.00924,-0.012144,0.463
0.463380377449,0.535513821452,-0.123931783916,-1.37508044193,0.0785063610004,1.90114879497,0.156818208619,-0.0060005745172,-0.0490273504232,-0.000280163301613,-0.0837901175641,-0.007934729814,0.0358633433255,-0.00565773111862,0.574037990312,0.818814215209,0.00210084529464,0.0,0.818770938786,-0.573976685222,-0.0120690315587,0.0,-0.00867662543766,0.00864836020286,-0.999924958203,0.0,0.659446690967,0.257998730885,0.303335747376,1.0,-0.00958,-0.0125908571429,0.48
0.463263166735,0.534617882392,-0.123934899771,-1.37651689317,0.0784208664154,1.90166596006,0.156638472813,-0.00491337420244,-0.0522445000388,-0.00110693433061,-0.0873358618175,-0.000496626247155,0.0352698234155,-0.017007189753,0.574044762419,0.818809519907,0.00208032443209,0.0,0.818765936312,-0.573983505646,-0.0120840259699,0.0,-0.00870061110625,0.00864023694974,-0.99992482001,0.0,0.659275289702,0.257782157823,0.303329106258,1.0,-0.00992,-0.0130377142857,0.497
0.463140959513,0.533766551754,-0.123935383477,-1.37791623095,0.0783433753803,1.90217810622,0.156463366557,-0.0105611510097,-0.0512495407629,0.000769663037793,-0.0908813048498,-0.0083360820196,0.0340646665389,-0.020375328204,0.574057651015,0.818800555253,0.00205205499139,0.0,0.818756505629,-0.573996419309,-0.0121095835132,0.0,-0.00873762971367,0.00863189863128,-0.999924569232,0.0,0.659110231851,0.257568604574,0.303307993901,1.0,-0.01024,-0.0134582857143,0.513
0.463007871037,0.532768230385,-0.123939126405,-1.37951604501,0.078267111272,1.90279575887,0.156261473622,-0.00596075891964,-0.0538808241601,-0.000871982690865,-0.0918348435346,-0.00376070370048,0.0359955201521,-0.0125506958811,0.574071181307,0.818791014239,0.00207381166927,0.0,0.818747097128,-0.574009702901,-0.0121160563235,0.0,-0.00873029811081,0.00865357265869,-0.999924445933,0.0,0.658926534224,0.257331480198,0.303304209164,1.0,-0.0106,-0.0139314285714,0.531
0.462879228274,0.531789268487,-0.123938500859,-1.3810832338,0.0781585542116,1.90336320287,0.156057513784,-0.00706631417404,-0.0530785079984,-0.000295088072906,-0.0956398258331,-0.00913405677446,0.0289319957782,-0.0134124999812,0.574065289993,0.818795209591,0.00204804215069,0.0,0.818751033643,-0.574004001867,-0.0121201340987,0.0,-0.00874849178472,0.00863475116968,-0.999924449628,0.0,0.658739104849,0.257094875612,0.30329752129,1.0,-0.01094,-0.0143782857143,0.548
0.462747490962,0.530830553558,-0.123933489548,-1.38262906873,0.0780743898973,1.90389492674,0.155866335403,-0.00675914750003,-0.0658710422363,0.000181090846312,-0.104911201029,-0.00459978488897,0.0303995778478,-0.00956338514482,0.574074409877,0.818788915747,0.00200755479738,0.0,0.818744010381,-0.574013102367,-0.0121634977421,0.0,-0.00880714393535,0.00862659234284,-0.999924005173,0.0,0.658547013167,0.256862593633,0.303283323138,1.0,-0.01126,-0.0147988571429,0.564
0.462606566695,0.52980117167,-0.123942311204,-1.38425783641,0.0779731507917,1.90449730554,0.1556521611,-0.0068861014193,-0.064286193313,0.000260334754765,-0.0960922403757,-0.0101719192777,0.0385499674014,-0.0181423807407,0.574074774099,0.818788654943,0.00200977156477,0.0,0.818743802868,-0.574013480499,-0.0121596205202,0.0,-0.00880269283855,0.00862618549789,-0.999924047877,0.0,0.658346593261,0.256594185946,0.30328664171,1.0,-0.01162,-0.015272,0.582
0.462461537431,0.528729239266,-0.123939191378,-1.38593534265,0.0778624553091,1.90513398377,0.15541162798,-0.00683914980588,-0.060832324402,0.00119268000215,-0.102421163163,-0.00824908120532,0.0427792241636,-0.0171732556144,0.574062774139,0.818797025971,0.0020269461172,0.0,0.818752488749,-0.574001494706,-0.0121405577669,0.0,-0.00877735148346,0.00862917558768,-0.999924244845,0.0,0.658163031314,0.256355965817,0.303297309032,1.0,-0.01194,-0.0156925714286,0.598
0.462332736768,0.527672571763,-0.123944801495,-1.38755367594,0.0777621668452,1.90576274222,0.15519002924,-0.00773469136119,-0.0739976436484,0.000430387159906,-0.10735370838,-0.0114051385137,0.0355793633794,-0.013016003876,0.574051479443,0.818804810512,0.00208041673465,0.0,0.818761051664,-0.573990046226,-0.0121042973094,0.0,-0.00871708619806,0.00865202054986,-0.99992457463,0.0,0.657977176761,0.256116160583,0.303325604939,1.0,-0.01226,-0.0161131428571,0.614
0.462173665693,0.526441261797,-0.123947677481,-1.38944747103,0.0776498154719,1.90647435574,0.154929737957,-0.0103126209789,-0.0653402067489,0.00105207249904,-0.105746700883,-0.00532213802358,0.0392621897087,-0.0169772775161,0.574042664106,0.818810882541,0.00212257403554,0.0,0.818767663658,-0.573981039443,-0.0120841304612,0.0,-0.0086764673253,0.00867486844543,-0.999924729953,0.0,0.657755162742,0.255831332944,0.303352521594,1.0,-0.01262,-0.0165862857143,0.632
0.462025999245,0.525253643617,-0.123948088416,-1.39127811998,0.0775302297553,1.90713415245,0.154687831323,-0.00656646153944,-0.0747144863654,0.000739003836122,-0.102974626722,-0.00528562249121,0.0484226012611,-0.0149249915169,0.574031962272,0.818818358738,0.00213274121189,0.0,0.818775304449,-0.573970327264,-0.0120752286056,0.0,-0.00866345549524,0.00867797008426,-0.999924815861,0.0,0.657532775709,0.255557745342,0.303373826796,1.0,-0.01296,-0.0170331428571,0.649
0.461870464761,0.524151582335,-0.123956777498,-1.39306267681,0.0774214216903,1.90777310605,0.154434558028,-0.0129598723501,-0.066856267695,-0.00315670173522,-0.117960413828,-0.00999798403612,0.0411787569458,-0.0176788727286,0.574024569032,0.818823644542,0.00209288974805,0.0,0.818780046993,-0.573963083601,-0.0120979424212,0.0,-0.00870500744971,0.00865829924983,-0.999924625509,0.0,0.657317526436,0.255278867442,0.303355121444,1.0,-0.01328,-0.0174537142857,0.665
0.461719052216,0.522944275956,-0.123951942457,-1.39498512556,0.0773078847618,1.90850632531,0.154175680372,-0.00368762190201,-0.0719401002186,0.000607485774214,-0.11376104891,-0.0148804041016,0.0456781942103,-0.0187576738886,0.574005803081,0.818836758074,0.00210916036451,0.0,0.818793321087,-0.573944198016,-0.0120955284379,0.0,-0.00869389032369,0.00867003685931,-0.999924620525,0.0,0.657086982321,0.255001224444,0.303352217647,1.0,-0.01362,-0.0179005714286,0.682
0.461553729251,0.521692685884,-0.123961930726,-1.3969376129,0.0771828389528,1.90926880335,0.153908525468,-0.00894154802429,-0.0728820074755,-0.00116624230528,-0.119948024864,-0.0120595177168,0.057612347199,-0.0177987910281,0.574000407907,0.818840424545,0.00215354474991,0.0,0.818797709907,-0.573938756607,-0.0120565673666,0.0,-0.00863656822566,0.00868395928893,-0.999924996457,0.0,0.656863280573,0.25470298606,0.303368774955,1.0,-0.01396,-0.0183474285714,0.699
0.461380061632,0.520431480991,-0.12396320513,-1.39898280626,0.077059059142,1.91000574653,0.153654676967,-0.0151978276832,-0.0814034004197,-0.00136896569634,-0.118077174222,-0.00871735258817,0.0447342892405,-0.014341827141,0.574011287386,0.818832905321,0.00211234889523,0.0,0.818789581972,-0.57394973971,-0.0120856792394,0.0,-0.00868393693845,0.00866705243564,-0.999924732888,0.0,0.656612223413,0.254392022712,0.303345166023,1.0,-0.0143,-0.0187942857143,0.716
0.461220442039,0.51910960191,-0.12396855859,-1.40104019044,0.0769276510198,1.91074988278,0.153353123788,-0.0112111664223,-0.0813114678706,-0.000577916804775,-0.123537829439,-0.00959177008015,0.0468818203289,-0.0162188042022,0.573972651349,0.8188599796,0.00211570637182,0.0,0.818816723659,-0.573911117713,-0.0120809321767,0.0,-0.00867853155582,0.00866666729206,-0.999924783155,0.0,0.656358373929,0.254086571953,0.303358675565,1.0,-0.01464,-0.0192411428571,0.733
0.461044538511,0.517742471572,-0.123969695491,-1.4031619008,0.0767935508382,1.91150933688,0.153072124152,-0.0129671830845,-0.0775001625645,-0.00023901805705,-0.131126721262,-0.00447031299824,0.0414859005838,-0.0260270003152,0.573963494517,0.818866392723,0.00211771847986,0.0,0.818823143853,-0.573901934231,-0.0120820477383,0.0,-0.00867838720226,0.00866885814663,-0.999924765417,0.0,0.656096132896,0.253766513847,0.303374111797,1.0,-0.01498,-0.019688,0.75
0.460872134197,0.516483743133,-0.123964761787,-1.40516238464,0.0766556934234,1.9122558872,0.152784512397,-0.0102917274582,-0.080510488229,0.00136095242442,-0.12491420834,-0.00766925991692,0.046193691549,-0.0196601857594,0.573934171695,0.818886957135,0.00211303017248,0.0,0.818843739145,-0.573872727238,-0.0120735536213,0.0,-0.00867443220867,0.00865983325306,-0.999924877935,0.0,0.655854371917,0.253463815376,0.303369505955,1.0,-0.0153,-0.0201085714286,0.766
0.460680205126,0.51502357911,-0.123975743075,-1.40748628107,0.0765198930204,1.91312366172,0.152485376339,-0.0120464274014,-0.0774361426722,-0.00127623157651,-0.128054486103,-0.00184596859746,0.0474559974351,-0.0212576174038,0.573940234592,0.818882701782,0.00211535807832,0.0,0.818839484491,-0.573878749732,-0.0120758496846,0.0,-0.00867491238574,0.00866312151116,-0.999924845286,0.0,0.655573063759,0.253111867732,0.303362891706,1.0,-0.01566,-0.0205817142857,0.784
0.460487452137,0.513611904378,-0.123974038437,-1.40975977702,0.0763833212792,1.91390660201,0.152169626013,-0.00892918818059,-0.0863134739561,-0.000117652856121,-0.131527091874,-0.0101604643418,0.0486185071444,-0.0156104823198,0.573920625696,0.818896608984,0.00205087684145,0.0,0.818852378989,-0.573859253757,-0.0121278688536,0.0,-0.00875472458023,0.00863996580758,-0.999924350033,0.0,0.655281939827,0.252766395115,0.303338055902,1.0,-0.016,-0.0210285714286,0.801
0.460311480944,0.512384383943,-0.123971147033,-1.411764635,0.0762645504027,1.91461403645,0.151898595143,-0.0137047581413,-0.0808063553365,0.00226170215762,-0.134076999398,-0.0106608246138,0.0463555115997,-0.0181512444777,0.573913623423,0.818901657617,0.00199371596289,0.0,0.818856528255,-0.573852356163,-0.0121740035031,0.0,-0.00882538296166,0.00861955974695,-0.999923905007,0.0,0.655028521578,0.252459860775,0.30330509387,1.0,-0.0163,-0.0214228571429,0.816
0.460106478465,0.510847717751,-0.12398034331,-1.41419894982,0.076112061447,1.91555496025,0.151541820941,-0.00882891030167,-0.086193830498,-0.000282984824909,-0.135640774051,-0.00520909975138,0.0609943132128,-0.019315051127,0.573882201764,0.818923604361,0.00202376356085,0.0,0.818878962982,-0.573820898037,-0.0121477513012,0.0,-0.00878697163297,0.00862876179964,-0.999924163924,0.0,0.654738645279,0.252090740956,0.303304398784,1.0,-0.01666,-0.021896,0.834
0.459907346494,0.50936032301,-0.123984965841,-1.41655587717,0.0759589025052,1.91642704162,0.151207109441,-0.0111200522929,-0.0866473057523,-0.000160069085188,-0.136749225198,-0.00642381047381,0.0540085488177,-0.0221086376401,0.573855788648,0.818942125151,0.00201900704607,0.0,0.818897478736,-0.573794565425,-0.0121434307469,0.0,-0.00878644087813,0.00862210380995,-0.99992422602,0.0,0.654448696452,0.251732029709,0.303299397455,1.0,-0.017,-0.0223428571429,0.851
0.459708222528,0.507928201152,-0.123986776841,-1.41881282738,0.0758166037329,1.91722294542,0.150895533897,-0.0132605143376,-0.0912423324807,-0.000280456250205,-0.140984851975,-0.0099494882111,0.0473147921853,-0.0176194641323,0.573843412446,0.818950861697,0.00199274160902,0.0,0.818905812437,-0.573782249203,-0.0121633777478,0.0,-0.00881797869863,0.0086119076859,-0.999924036264,0.0,0.654163806799,0.251382809112,0.303296119348,1.0,-0.01732,-0.0227634285714,0.867
0.459478059638,0.506277650113,-0.123990251836,-1.42138149402,0.0756526738342,1.91817529929,0.150545608983,-0.0130775078385,-0.0974582652872,-0.000804502211842,-0.146336294104,-0.0131046246134,0.0653057465244,-0.0165181253621,0.573836346404,0.818955753424,0.00201702262697,0.0,0.818911059631,-0.573775113412,-0.0121467092065,0.0,-0.00879046924707,0.00862215137178,-0.999924190205,0.0,0.653849665898,0.250985361266,0.303310290898,1.0,-0.01768,-0.0232365714286,0.885
0.459255399562,0.50465662035,-0.123997745076,-1.42385299826,0.0755005958653,1.919141874,0.150192229554,-0.0158861630362,-0.0970129352351,0.00060554424064,-0.145040851574,-0.0120528120811,0.0607989769658,-0.0216584795614,0.573821275978,0.818966073162,0.00211214262772,0.0,0.818922715897,-0.573759722343,-0.0120877337485,0.0,-0.00868774873992,0.00866604722858,-0.999924708489,0.0,0.653558192033,0.250604493136,0.303350780891,1.0,-0.01802,-0.0236834285714,0.902
0.459068803339,0.503295430905,-0.124001993996,-1.42588955813,0.0753739111381,1.9199019764,0.149927002695,-0.01831046001,-0.095342752149,-0.000459250378973,-0.144479311256,-0.00686503794491,0.0489198702505,-0.0150191312659,0.573830266355,0.818959588089,0.00218297812974,0.0,0.81891718647,-0.57376844054,-0.0120484540833,0.0,-0.00861483889825,0.00870161345693,-0.999925030427,0.0,0.653311026631,0.250287510268,0.303398187151,1.0,-0.0183,-0.0240514285714,0.916
0.458824723497,0.501480849714,-0.124003464169,-1.42856789155,0.0751928598697,1.92087190843,0.149545814594,-0.0148155891619,-0.105120456781,0.000157814399945,-0.153582342762,-0.0139338720948,0.0535204920998,-0.0271460459107,0.573806692384,0.818975876929,0.00226708721237,0.0,0.818934677165,-0.5737446256,-0.0119935830084,0.0,-0.00852189013073,0.0087387627785,-0.999925502932,0.0,0.652979080756,0.249870068139,0.303474160765,1.0,-0.01866,-0.0245245714286,0.934
0.458585164076,0.499754963943,-0.124006305883,-1.43116601993,0.0750358096065,1.92180090178,0.149178203639,-0.0141523421289,-0.103771346321,0.000675196623905,-0.149471499363,-0.0106583178666,0.0609763984732,-0.01379027803,0.573793675304,0.818984851767,0.00231897805644,0.0,0.818944241652,-0.573731308463,-0.0119775479841,0.0,-0.00847912329505,0.00877192389146,-0.99992557614,0.0,0.652652609759,0.24946430597,0.303522272937,1.0,-0.019,-0.0249714285714,0.951
0.458348685391,0.49819341807,-0.12401200536,-1.43364697349,0.0748845844543,1.92273100848,0.148811558992,-0.00986143553531,-0.098904463029,-0.00171646058726,-0.156888308978,-0.00843875889737,0.0619438878064,-0.0254411390705,0.573776587359,0.818996803292,0.00232613334787,0.0,0.818956266369,-0.573714172832,-0.0119761666751,0.0,-0.00847406970514,0.00877681450701,-0.999925576065,0.0,0.652348751532,0.24907167819,0.303511260587,1.0,-0.01932,-0.025392,0.967
0.45808920454,0.496510466711,-0.124015176866,-1.43632232281,0.0747212066239,1.92367294697,0.148419363432,-0.013184963816,-0.100166297088,-0.000524506446147,-0.156794634045,-0.00410810040267,0.0615323990175,-0.0240515560386,0.573761287319,0.819007639218,0.00228450818514,0.0,0.818966425795,-0.573698907323,-0.0120126624105,0.0,-0.00852800662255,0.0087635048765,-0.999925234248,0.0,0.652008084212,0.248643145846,0.303492706537,1.0,-0.01966,-0.0258388571429,0.984
0.457818997015,0.494832895984,-0.124021124048,-1.4390634998,0.0745489675641,1.92461545984,0.148030722026,-0.0156938920345,-0.100190672559,0.00091247811893,-0.161811418282,-0.0125184701043,0.0637387987214,-0.0249947048016,0.573759922728,0.81900888179,0.00217933985203,0.0,0.818966157813,-0.573697843991,-0.0120815172132,0.0,-0.00864475376697,0.00871686379451,-0.999924639419,0.0,0.65165390133,0.248196937889,0.303438655868,1.0,-0.01998,-0.0262594285714,1.001
0.457538585376,0.492948823728,-0.124068829231,-1.44203340651,0.0743665376561,1.92571332373,0.14762103487,-0.0178506830368,-0.126085724767,-0.00667970219747,-0.193228074505,-0.0128318612323,0.0716095020835,-0.023116390153,0.573788396653,0.81898893637,0.00217827248018,0.0,0.818946349375,-0.573726471007,-0.0120648337291,0.0,-0.00863139894149,0.00870671752817,-0.999924843187,0.0,0.651291778123,0.247704097896,0.303433478036,1.0,-0.0255754285714,-0.0336134204082,1.018
0.457205888967,0.490612215098,-0.124085219992,-1.44572224052,0.0741571210553,1.92707940306,0.147066857612,-0.0221553340979,-0.141153507439,-3.81386850798e-05,-0.232297691509,-0.011290586932,0.0811872503247,-0.029278036826,0.573747143108,0.819017790369,0.00219584503128,0.0,0.818975261961,-0.573684975563,-0.0120754300195,0.0,-0.00863043487183,0.00872675425226,-0.99992467684,0.0,0.650825862255,0.247130276766,0.303422371893,1.0,-0.0311708571429,-0.0409674122449,1.035
0.456766619597,0.487800943632,-0.124106060295,-1.4502237019,0.0738970986409,1.92871013775,0.146419376606,-0.031075432328,-0.187077755522,-0.00198556166744,-0.285105689981,-0.0184874421711,0.103500990269,-0.0384816588312,0.573745491727,0.81901906804,0.00215030485499,0.0,0.818975702145,-0.573683275757,-0.0121262241873,0.0,-0.00869818236662,0.00871858174729,-0.999924161102,0.0,0.650254407963,0.246404616683,0.303376243976,1.0,-0.0367662857143,-0.0483214040816,1.052
0.45629042058,0.484669845222,-0.12416655427,-1.45503923802,0.0736022090178,1.93054676604,0.14569790009,-0.0316436267133,-0.202456186317,-0.00580327497899,-0.319851783642,-0.0184238989359,0.116811800099,-0.0509001800548,0.573746874417,0.819017785603,0.00226668552282,0.0,0.818976194496,-0.573684421361,-0.0120384566514,0.0,-0.00855951273327,0.00876355708577,-0.999924964589,0.0,0.649671854684,0.245607264742,0.303419554169,1.0,-0.0420325714286,-0.0552428081633,1.068
0.455693397663,0.480892867538,-0.124239862911,-1.46095814398,0.073249687916,1.93258481096,0.144803211435,-0.0403861806173,-0.232314953652,-0.00247889540207,-0.368293064212,-0.0304304060979,0.121511026368,-0.0575272385641,0.57375035302,0.81901559069,0.0021775025748,0.0,0.81897264491,-0.573688084028,-0.0121052068942,0.0,-0.00866531272893,0.00872884982934,-0.999924356907,0.0,0.648906434747,0.244607138969,0.303401191719,1.0,-0.047628,-0.0625968,1.085
0.455006436272,0.476638926699,-0.124317650292,-1.46754742484,0.0728461012708,1.93494767322,0.143837245642,-0.0384603622634,-0.259254935171,-0.000266078370761,-0.402271876534,-0.0212853738601,0.144578257021,-0.0567285936394,0.573788845709,0.818988585671,0.00219179849676,0.0,0.818945859584,-0.573726543679,-0.0120945876021,0.0,-0.0086480027194,0.00873487193687,-0.999924454177,0.0,0.648072335068,0.243487433237,0.303418769483,1.0,-0.0532234285714,-0.0699507918367,1.102
0.454271089356,0.472227087368,-0.124364868874,-1.47435287626,0.0724396673719,1.93741792635,0.14283480567,-0.0453828554225,-0.283642792523,-0.00514396137573,-0.434627345633,-0.0214177046964,0.157367334408,-0.0675240689833,0.573821886924,0.818965248987,0.00226051736907,0.0,0.818923256531,-0.573759121938,-0.0120796029337,0.0,-0.00859594806211,0.00878289989207,-0.999924482322,0.0,0.647207632675,0.242338599754,0.303446708934,1.0,-0.0584897142857,-0.0768721959184,1.118
0.453411351461,0.46705491207,-0.124407485495,-1.48212957637,0.0719566936316,1.9403328324,0.141594167256,-0.0541911006793,-0.318004381527,-0.000400724399164,-0.467603339977,-0.0323815801602,0.180218663889,-0.0777710497079,0.573780194628,0.818993698685,0.00252124341244,0.0,0.818955224692,-0.573716495277,-0.0119360754819,0.0,-0.00832925203631,0.00891364079365,-0.999925582515,0.0,0.646234528598,0.241026067179,0.303570400207,1.0,-0.0640851428571,-0.0842261877551,1.135
0.452404841108,0.461138020368,-0.124451647407,-1.4912846878,0.0713635630568,1.94349141105,0.140196370391,-0.0591327109898,-0.332700129213,-0.00257335018962,-0.52362614811,-0.0372370546221,0.171869164143,-0.0793542427081,0.573759033177,0.819008747556,0.00244748352287,0.0,0.818969071347,-0.573695374705,-0.0120010050081,0.0,-0.00842498031136,0.00889026950371,-0.999924988594,0.0,0.645014367403,0.239466457301,0.303566118211,1.0,-0.0700097142857,-0.0920127673469,1.153
0.451485981212,0.455848254348,-0.124498962951,-1.49949773591,0.0708215133262,1.9462808291,0.138967091503,-0.0610218324732,-0.35311391788,-0.00494083865785,-0.555872939694,-0.0350886089982,0.186093538451,-0.0814639343072,0.57377041538,0.819001133441,0.00232395301538,0.0,0.81895963208,-0.573707043092,-0.0120870439439,0.0,-0.00856619940313,0.00883858210093,-0.999924246978,0.0,0.643903720602,0.238049985651,0.303539153395,1.0,-0.0749468571429,-0.0985015836735,1.168
0.450292888882,0.448971922318,-0.124556053932,-1.50969667719,0.0701088528191,1.95014078226,0.137318978619,-0.0680697831612,-0.384048889643,8.55301255903e-05,-0.588657797683,-0.0389193943699,0.223830757423,-0.0903295291904,0.57370922078,0.819042726952,0.0027364795184,0.0,0.819007458887,-0.573645160285,-0.0117796124861,0.0,-0.00807839323522,0.00899944270432,-0.999926872123,0.0,0.642609455694,0.236284479909,0.303740302354,1.0,-0.0808714285714,-0.106288163265,1.186
0.449056675225,0.442178589641,-0.124585092702,-1.52013581899,0.0694346260545,1.95375389592,0.135724612324,-0.0798243122277,-0.403666439937,0.0010106321817,-0.628976587027,-0.0390849624484,0.21139683267,-0.106565924868,0.573720229854,0.819035093792,0.00271291249301,0.0,0.818999094404,-0.573655782672,-0.0118437018139,0.0,-0.00814428628926,0.00901701780752,-0.999926179271,0.0,0.641185476068,0.234472448416,0.303737869556,1.0,-0.0864668571429,-0.113642155102,1.203
0.447892077319,0.435843460166,-0.124609223993,-1.52994558045,0.0687526822177,1.95705035603,0.134137647707,-0.0812448584854,-0.429712036217,0.00169216717693,-0.652019298003,-0.0414905585055,0.23709843188,-0.112615562384,0.573634852404,0.819095427555,0.00254628485003,0.0,0.819056998656,-0.573570772091,-0.0119561389131,0.0,-0.0083329045818,0.00894418261097,-0.999925279358,0.0,0.63981087188,0.232758763557,0.303683847917,1.0,-0.091404,-0.120130971429,1.218
0.44637032398,0.427791828905,-0.124649100213,-1.54210581391,0.0679079491139,1.96143014809,0.132171759482,-0.0925082996093,-0.444759059572,-0.00646678877241,-0.686613996224,-0.047144630459,0.243473825234,-0.115492466656,0.573592779976,0.81912424298,0.00274667490636,0.0,0.819088718486,-0.573528264161,-0.0118215209863,0.0,-0.00810815484463,0.00903068338387,-0.999926349579,0.0,0.638167590861,0.230604640854,0.303763466568,1.0,-0.0973285714286,-0.12791755102,1.236
0.444783312953,0.419838101901,-0.124732083078,-1.55432992171,0.0670267011965,1.96548723341,0.130143351685,-0.100877502178,-0.479334801007,-0.00218535147075,-0.722758355906,-0.0527280986689,0.237461318921,-0.116079852542,0.573563018721,0.81914578606,0.00252816878009,0.0,0.819107396708,-0.573499314502,-0.0119312960487,0.0,-0.00832372807577,0.00891436355599,-0.999925622071,0.0,0.636439457902,0.228354797401,0.303704438888,1.0,-0.102924,-0.135271542857,1.253
0.443207035248,0.411924436207,-0.12483353057,-1.56614096373,0.0661930031509,1.96973935549,0.128197973846,-0.0973606732966,-0.498364575631,-0.00844337507201,-0.756132028771,-0.0533069461882,0.271552310868,-0.130958471184,0.573593605758,0.819123526571,0.00278757115195,0.0,0.819089082721,-0.573529556788,-0.0117332416375,0.0,-0.00801237408397,0.00901355501483,-0.999927276199,0.0,0.634830337217,0.226173349662,0.303815694263,1.0,-0.108190285714,-0.142192946939,1.269
0.441230200382,0.402790301492,-0.124902313179,-1.58021284909,0.0652458692337,1.97434196624,0.125862076754,-0.115496183476,-0.509469114888,-0.0116796899154,-0.799624733581,-0.0577411611239,0.256917472301,-0.139883635976,0.573655874365,0.819080805392,0.00251375135961,0.0,0.8190418521,-0.573591813139,-0.0119842942649,0.0,-0.00837439943156,0.00893390037976,-0.999925024618,0.0,0.632787881837,0.223525309152,0.30368999164,1.0,-0.114114857143,-0.149979526531,1.287
0.439245192697,0.393584628192,-0.125036358287,-1.59373086885,0.0642592161209,1.979127056,0.123540977836,-0.119126839711,-0.53888207356,-0.00918936175919,-0.805228947979,-0.058164699109,0.286026376422,-0.137296338587,0.573736148201,0.819023439197,0.00286097773866,0.0,0.818989802332,-0.57367165695,-0.011716679948,0.0,-0.00795512682797,0.00906556895601,-0.999927263063,0.0,0.630913351512,0.220911962001,0.303870009033,1.0,-0.119710285714,-0.157333518367,1.304
0.437401944272,0.385346566689,-0.125088555481,-1.60630896112,0.0633136157839,1.98321781674,0.121348105186,-0.124602511304,-0.555972437565,-0.00150862495638,-0.865151159915,-0.0595524035357,0.252573107503,-0.15272902031,0.573702302174,0.819047964558,0.0026167029639,0.0,0.819010942041,-0.573638469866,-0.0118629510371,0.0,-0.00821544258904,0.00894908297767,-0.999926207486,0.0,0.629042547287,0.218503861286,0.303768144904,1.0,-0.124647428571,-0.163822334694,1.319
0.435045595527,0.374988627429,-0.125176470496,-1.62160089664,0.0621823383213,1.98840946433,0.118586702625,-0.13816835967,-0.573508013741,-0.00619958594618,-0.85803456254,-0.0642632207021,0.29224405107,-0.150936747779,0.573685742875,0.81905895881,0.00279952066204,0.0,0.819024509229,-0.573621458285,-0.0117483095477,0.0,-0.0080168474104,0.00903288763776,-0.99992706589,0.0,0.62681136929,0.215521034106,0.303867155826,1.0,-0.130572,-0.171608914286,1.337
0.432638804274,0.364914307108,-0.125273942498,-1.63661519039,0.0610278618538,1.99333484538,0.115976054131,-0.145849876334,-0.61381078666,-0.00515552541381,-0.892182303591,-0.0692150020004,0.303011370994,-0.153903265572,0.573802962024,0.818977051654,0.0027379806004,0.0,0.818941934601,-0.573739030491,-0.0117634835366,0.0,-0.0080632919722,0.00899234195729,-0.999927057894,0.0,0.624565437575,0.212522622228,0.303860634733,1.0,-0.136167428571,-0.178962906122,1.354
0.430258301128,0.355152920767,-0.125380640641,-1.65109789861,0.0598955126636,1.99806837881,0.113244846624,-0.153277616039,-0.611524133691,0.00108157679902,-0.910244809561,-0.0644508975264,0.289672429714,-0.178591550877,0.573775685209,0.818996297266,0.00269722612744,0.0,0.81896086049,-0.573712137353,-0.0117575227284,0.0,-0.00808209181836,0.00895527570689,-0.999927238767,0.0,0.622372592955,0.209596168476,0.30385742716,1.0,-0.141433714286,-0.185884310204,1.37
0.427553990317,0.344359482886,-0.125498236545,-1.6669355881,0.0587319110378,2.00320762008,0.110280280214,-0.160400884194,-0.654502436341,-0.00760434840619,-0.931510590375,-0.0676326551363,0.313466710851,-0.170616569121,0.573853471458,0.818941542531,0.00277310534445,0.0,0.818906642132,-0.573789138645,-0.0117763638937,0.0,-0.00805313093328,0.0090289955236,-0.999926809483,0.0,0.619943182281,0.206358757229,0.303900306826,1.0,-0.147029142857,-0.193238302041,1.387
0.424582799708,0.332746569516,-0.125545688944,-1.68412857779,0.0573594158543,2.00869921747,0.107021797002,-0.161993593936,-0.64289329291,0.00190578849648,-0.979514752628,-0.072895506451,0.296841590903,-0.185785013662,0.573810753521,0.818971860687,0.00265658563947,0.0,0.818935226388,-0.573746613448,-0.011860246143,0.0,-0.00818915850462,0.00898128125582,-0.999926134407,0.0,0.617228322599,0.20286719795,0.303836115268,1.0,-0.152953714286,-0.201024881633,1.405
