position_joint1,position_joint2,position_joint3,position_joint4,position_joint5,position_joint6,position_joint7,velocity_joint1,velocity_joint2,velocity_joint3,velocity_joint4,velocity_joint5,velocity_joint6,velocity_joint7,ee_T_00,ee_T_10,ee_T_20,ee_T_30,ee_T_01,ee_T_11,ee_T_21,ee_T_31,ee_T_02,ee_T_12,ee_T_22,ee_T_32,ee_T_03,ee_T_13,ee_T_23,ee_T_33,v_x,v_y,time
0.465075797376,0.547641279252,-0.123957208972,-1.35576100677,0.0794701063534,1.89408915182,0.159183202308,0.000347844323663,0.000648516095627,0.00114638423337,-0.000796908628071,-3.58857016752e-05,0.000183458736348,0.00258562479862,0.573789623375,0.818988259931,0.0021083413295,0.0,0.818947352905,-0.573730592286,-0.0117977771642,0.0,-0.00845278381332,0.00849622624519,-0.999928179714,0.0,0.661688968974,0.260914796872,0.30334567682,1.0,0.0,0.0,0.0
0.46507017301,0.547641164058,-0.123960056616,-1.3557582492,0.0794708185924,1.89409220858,0.159179551437,-0.000763348778783,0.000650128499835,0.000333908938774,0.000714364138072,0.000121809104366,7.91965968143e-05,-0.00328936659989,0.573793288034,0.818985680626,0.00211292194453,0.0,0.818944847989,-0.573734253458,-0.0117936111137,0.0,-0.00844670555576,0.00849762504499,-0.999928219191,0.0,0.661692295895,0.260910080317,0.303347432206,1.0,-0.0002,-0.000262857142857,0.011
0.465075434788,0.547642223151,-0.123960591674,-1.35576350762,0.079470687159,1.89409126691,0.159184372018,-1.37971684758e-05,0.00242536351536,-1.33436480645e-05,-0.000297448547812,0.000274844491299,3.2901707949e-05,0.00137255058419,0.573793548707,0.818985514187,0.00210663597722,0.0,0.818944597033,-0.573734535936,-0.0117972948755,0.0,-0.00845332654756,0.00849459339045,-0.999928188998,0.0,0.661689631467,0.260912527685,0.303344114566,1.0,-0.00054,-0.000709714285714,0.028
0.465077532463,0.547610475666,-0.123958353314,-1.35578301616,0.0794714779339,1.89409356627,0.159179338472,0.00118099040354,-0.00219831769646,0.000516976394615,-0.00118877351521,0.000326303918213,0.00056031643101,-0.000381510686709,0.57378737681,0.818989800091,0.00212142931148,0.0,0.818949040266,-0.573728271612,-0.0117935025337,0.0,-0.00844179684094,0.0085044691182,-0.999928202458,0.0,0.661685352134,0.260913598908,0.303357446488,1.0,-0.00088,-0.00115657142857,0.045
0.465071638639,0.547495324233,-0.123961220811,-1.35589216386,0.0794660284361,1.89411463955,0.159172453095,-0.000859126059861,-0.00617303870041,-0.00271920837959,-0.0105648091348,-0.000186320518963,0.000452742301703,0.000382230016744,0.573797132697,0.818982905591,0.00214423872614,0.0,0.818942430982,-0.573737925951,-0.0117827825415,0.0,-0.00841982851009,0.00851709889305,-0.999928280185,0.0,0.661671038886,0.260899198232,0.303387118303,1.0,-0.0012,-0.00157714285714,0.061
0.465071167768,0.547346065495,-0.123958354192,-1.35608279872,0.0794667267822,1.89415155352,0.159165017526,0.000190394816326,-0.0071861188111,-0.00190126658217,-0.0107815250485,-0.000323938086891,-0.00104478166334,-0.00178575828936,0.573795894689,0.818983752951,0.00215186923604,0.0,0.818943203417,-0.573736482165,-0.0117993860555,0.0,-0.00842906187429,0.00853286224806,-0.999928068002,0.0,0.661637102603,0.260880444169,0.303407087146,1.0,-0.00158,-0.00207657142857,0.08
0.465052337454,0.547193809259,-0.123955222193,-1.35628447213,0.0794585151176,1.8942516939,0.159164395732,-0.00042347488911,-0.0101125092261,0.00111821213769,-0.0114372790043,-6.99817979326e-05,0.00650831372079,-0.000383567782244,0.573817864898,0.818968239333,0.00219722307855,0.0,0.818928264817,-0.573758258922,-0.0117772791136,0.0,-0.00838470408333,0.00855754599768,-0.999928229996,0.0,0.661619512231,0.260853337251,0.303427524796,1.0,-0.0019,-0.00249714285714,0.096
0.465026903173,0.546984058459,-0.123955203682,-1.3565244336,0.0794576294641,1.89438197975,0.159146191513,-0.00369156771976,-0.0134942612913,0.000272829558791,-0.018559523884,-0.00101727236202,0.00537786600507,-0.00031199445913,0.573837141531,0.818954479687,0.00228956355226,0.0,0.818915643736,-0.573777118935,-0.0117359760212,0.0,-0.00829769071371,0.00860966410609,-0.999928508451,0.0,0.661602691873,0.260819510319,0.303473192824,1.0,-0.00228,-0.00299657142857,0.115
0.465004116539,0.54681344606,-0.123960819741,-1.35673316995,0.0794499159298,1.89449218093,0.15913330122,-0.00363514307136,-0.0140579920275,-0.000927085572428,-0.0161584698518,-6.04255104401e-05,0.00763320961011,-0.00566793066115,0.573858955758,0.81893901815,0.00235166950616,0.0,0.818901020152,-0.573798732625,-0.011699595451,0.0,-0.00823202872124,0.00863986853019,-0.999928790652,0.0,0.661588968483,0.260784890842,0.303504423401,1.0,-0.00256,-0.00336457142857,0.129
0.464969638344,0.546584231846,-0.123956223748,-1.35708188907,0.0794410404481,1.89461963254,0.15908527322,-0.0018550643211,-0.0105873467619,0.000656075634715,-0.0208930969007,-0.000148858151323,0.00821159771922,-0.0122618543044,0.573861787164,0.818936991714,0.00236637630059,0.0,0.818899052493,-0.573801370744,-0.0117079314819,0.0,-0.00823038668246,0.00865672446336,-0.999928658383,0.0,0.661548876552,0.260733575113,0.303511674145,1.0,-0.0029,-0.00381142857143,0.146
0.46493996757,0.546378275084,-0.123961166063,-1.35739658758,0.0794338554719,1.89473485314,0.158978779717,-0.00323648754041,-0.0153212718262,0.000225204676231,-0.0248366419581,-0.000619548507222,0.00830457362267,-0.010331858586,0.57381801579,0.818967628711,0.00237797788188,0.0,0.818929752553,-0.573757469921,-0.0117120875973,0.0,-0.00822759644054,0.00866817059339,-0.999928582187,0.0,0.661514358893,0.260683095371,0.30351789282,1.0,-0.00316,-0.00415314285714,0.159
0.464893065311,0.546038594097,-0.123963680802,-1.35793578037,0.0794112595439,1.89492258218,0.158949267075,-0.000857614341629,-0.0146513336976,-0.000958228544672,-0.0272312378792,-0.00690539449354,0.0138853850334,0.000890974928402,0.573858110705,0.818939550521,0.00237239800408,0.0,0.818901511599,-0.573797485373,-0.0117263370817,0.0,-0.0082420438948,0.00867218092122,-0.999928428434,0.0,0.661451080596,0.260600155796,0.303518122323,1.0,-0.00356,-0.00467885714286,0.179
0.464844479702,0.545719032596,-0.123961540258,-1.35844954597,0.0793606308457,1.89510530847,0.158897107681,-0.00650979225249,-0.0228043831957,0.000405172712335,-0.0320950924434,-0.00192298361063,0.0115172615978,-0.00369762716214,0.573868937536,0.818932022723,0.00235193328311,0.0,0.818893865658,-0.573808541703,-0.0117192643717,0.0,-0.00824788026664,0.00865147209932,-0.999928559699,0.0,0.661393002792,0.260516675005,0.30351554455,1.0,-0.0039,-0.00512571428571,0.196
0.464784788044,0.5453736141,-0.123960519705,-1.35904676929,0.0792685924082,1.89530297745,0.158791889613,-0.00545623888122,-0.0222989893936,0.00122385703348,-0.033647764616,-0.00178133455631,0.00858898422178,-0.00203891816278,0.573839775891,0.818952674045,0.00227512238809,0.0,0.818913964354,-0.573780132298,-0.0117057963276,0.0,-0.00828123261884,0.00858054623756,-0.999928895178,0.0,0.661324834174,0.260409942297,0.303492782059,1.0,-0.00424,-0.00557257142857,0.213
0.464726083884,0.545006094437,-0.123961576708,-1.35969740067,0.0792629509318,1.89550960617,0.158739243961,-0.00582059482518,-0.0178458731762,0.000140614700944,-0.0474154509146,-0.00229188417509,0.0138598754741,-0.00653830814657,0.573880166002,0.818924501793,0.00222762961528,0.0,0.818884834107,-0.57382034509,-0.0117722950801,0.0,-0.00836252269334,0.00858022395867,-0.999928221409,0.0,0.661242073947,0.260311212548,0.303461224959,1.0,-0.00456,-0.00599314285714,0.229
0.464663696458,0.54457706046,-0.123967441603,-1.36040217022,0.0792408531707,1.89575831161,0.158629420146,-0.00463956702319,-0.0270164370102,2.90194764314e-05,-0.0439508880372,0.000449950140761,0.0147984930458,-0.00742562202535,0.573878831857,0.81892547313,0.00221420553821,0.0,0.818885453758,-0.573818881324,-0.0118005068173,0.0,-0.00839334428149,0.00858540707022,-0.999927918681,0.0,0.661159791203,0.260201845135,0.303451190294,1.0,-0.0049,-0.00644,0.246
0.464586301612,0.544094955106,-0.123964444517,-1.36119800296,0.0792075355668,1.8960397764,0.158537790766,-0.00765936190541,-0.0305296439252,-0.00103412386194,-0.0455172694949,-0.00483345160173,0.00836076438083,-0.0085515062556,0.573900547927,0.818910306825,0.00219484981297,0.0,0.818869864916,-0.573840495839,-0.0118311693803,0.0,-0.00842933513315,0.00858737629342,-0.999927599018,0.0,0.661066901498,0.26007798812,0.303437859684,1.0,-0.00526,-0.00691314285714,0.264
0.464532404666,0.543654066071,-0.123973880625,-1.36192214687,0.079171027787,1.89629924132,0.158437776745,-0.0028128735504,-0.033258517223,0.000132855039548,-0.0473009214886,-0.000360939768308,0.0193652725836,-0.0102827241065,0.573900000609,0.818910741497,0.00217569850108,0.0,0.818870012176,-0.57383998514,-0.011845738235,0.0,-0.00845226221831,0.00858004863087,-0.999927468384,0.0,0.660981848585,0.259968426609,0.303427931629,1.0,-0.00556,-0.00730742857143,0.279
0.464448886495,0.543101885271,-0.123978714592,-1.36280814339,0.0791168693693,1.89660245115,0.158334778492,-0.000662971558297,-0.0293789651136,-0.000482576277097,-0.0451078049068,-0.00119615898714,0.0219094460041,-0.00551922880135,0.573922185069,0.81889526673,0.00214814224659,0.0,0.818854167597,-0.573862264914,-0.0118617038189,0.0,-0.00848091862163,0.00856687514449,-0.999927338695,0.0,0.66087871257,0.259824319546,0.303423266758,1.0,-0.00592,-0.00778057142857,0.297
0.464372577281,0.542573096861,-0.123986017806,-1.36366862208,0.0790646320042,1.89690157574,0.158231855907,-0.00679511698331,-0.0373068167398,-0.000829526922105,-0.055351603805,-0.00506157050953,0.0223927467056,-0.00571567796337,0.573939347324,0.818883316408,0.00211816017211,0.0,0.818841830616,-0.573879548758,-0.0118771567401,0.0,-0.0085106005525,0.00855137038072,-0.999927219223,0.0,0.660778471976,0.259686308886,0.303413866825,1.0,-0.00624,-0.00820114285714,0.313
0.464305171915,0.541978510455,-0.123988528761,-1.36458343664,0.0790169297393,1.89725095407,0.158094810617,-0.0047006710344,-0.0335854105789,-0.000423381405437,-0.0517300760631,-7.38994052673e-05,0.0143856585196,-0.0182917199051,0.573922246927,0.818895228607,0.0021461471922,0.0,0.818854057682,-0.573862288453,-0.0118681510646,0.0,-0.00848734274774,0.00856894224126,-0.999927266476,0.0,0.660673673165,0.259555527086,0.303429283337,1.0,-0.00658,-0.008648,0.33
0.464212176279,0.541362440351,-0.123984992804,-1.36554583879,0.0789536741163,1.89759892714,0.157956528476,-0.00759061887662,-0.034738519916,0.000342588478596,-0.0531293108961,-0.00538229053304,0.0255375002885,-0.00471133180059,0.573919159598,0.818897393617,0.00214566408015,0.0,0.818856224167,-0.573859211275,-0.0118674630507,0.0,-0.00848708886714,0.00856811977048,-0.999927275679,0.0,0.660564150937,0.259403373116,0.303436811202,1.0,-0.00692,-0.00909485714286,0.347
0.464142413385,0.54067966213,-0.123995526309,-1.36657581715,0.0788939803319,1.89798556292,0.157847431361,-0.00674141620927,-0.0462530781617,-0.000670128567174,-0.0628287621831,-0.00518770698769,0.0220771608243,-0.00350836769621,0.573935494267,0.818885860596,0.00217776007261,0.0,0.818845140956,-0.573875448833,-0.0118469937672,0.0,-0.0084517353695,0.00858282372293,-0.999927449021,0.0,0.660445333242,0.259254472703,0.303463066297,1.0,-0.00726,-0.00954171428571,0.364
0.464048802836,0.540003499607,-0.123990451791,-1.36760662463,0.0788400864975,1.89836100628,0.157706377288,-0.00207233821017,-0.0441900236389,-0.000195142302445,-0.0689039563589,-0.00141213664194,0.0187888828478,-0.0099996157242,0.573935701504,0.818885651316,0.00220170587523,0.0,0.818845127407,-0.573875443599,-0.0118481837521,0.0,-0.00843896520912,0.00860311741786,-0.999927382482,0.0,0.660326013826,0.259098871831,0.303482673549,1.0,-0.00758,-0.00996228571429,0.38
0.463938412548,0.539183894558,-0.123996621574,-1.36889588501,0.0787586084488,1.89885579018,0.157548383129,-0.00677662231808,-0.0446633640918,-0.00082226601659,-0.0660837839988,-0.000203830173447,0.0285295840613,-0.0116246698979,0.573950698554,0.81887509591,0.00221806878725,0.0,0.818834859583,-0.573890450766,-0.0118308981959,0.0,-0.00841526141862,0.00860675003465,-0.99992755099,0.0,0.660182774317,0.258900521463,0.3034912011,1.0,-0.00796,-0.0104617142857,0.399
0.46382921166,0.538423436099,-0.123999513218,-1.3700656091,0.0786970834698,1.89930729959,0.157401353285,-0.00349243555394,-0.0484837478078,0.000466389657514,-0.0736413569953,-0.000394160473332,0.0214328083504,-0.00766225888187,0.573970008683,0.818861453584,0.00225740271193,0.0,0.818821679135,-0.573909554254,-0.0118164383675,0.0,-0.00838064226697,0.00863085768223,-0.999927633947,0.0,0.66005455804,0.25871857314,0.303510862099,1.0,-0.0083,-0.0109085714286,0.416
0.463718848021,0.537649543845,-0.124004983785,-1.37129265935,0.078621769443,1.89977981681,0.157250407305,-0.00406674217294,-0.0481049602662,0.000214689320379,-0.0719195254953,-0.0117372660573,0.0227365167952,-0.0112642423669,0.573988283092,0.818848608634,0.00227022309893,0.0,0.818809050759,-0.573927828257,-0.0118039505237,0.0,-0.00836286526098,0.00863437475393,-0.999927752419,0.0,0.659919017944,0.258526942661,0.303514485558,1.0,-0.00864,-0.0113554285714,0.433
0.463607188086,0.536822916951,-0.124018023721,-1.37258563284,0.0785372771628,1.90025737737,0.157094655223,-0.00691489039647,-0.0531496145323,-0.000393351317103,-0.0778386861486,-0.0114513513906,0.0262108573802,-0.0114228781337,0.574009907531,0.818833443909,0.00227246431035,0.0,0.818794021119,-0.573949550824,-0.0117902921537,0.0,-0.00835016642531,0.00862859082655,-0.999927908472,0.0,0.659772891263,0.258321808891,0.30352449279,1.0,-0.00898,-0.0118022857143,0.45
0.463503898051,0.536083333475,-0.124024362142,-1.37375085035,0.0784723153423,1.9007002218,0.156944418947,-0.00470141297885,-0.0507210633156,-0.00105451891564,-0.0782913300755,-0.00237341561545,0.0234772937179,-0.0031533783678,0.574023145706,0.818824123699,0.00228681947844,0.0,0.818784872584,-0.573962716977,-0.0117846870664,0.0,-0.008337197456,0.00863726263034,-0.99992794182,0.0,0.659631082618,0.258130670692,0.303532355073,1.0,-0.0093,-0.0122228571429,0.466
0.463388745862,0.53512922488,-0.124031529833,-1.37524076511,0.0783918867264,1.90123533931,0.156759957738,-0.00958318036849,-0.0489549998978,-0.00116313018415,-0.0889929962838,-0.00718969826729,0.0356363696799,-0.00721079359487,0.574031143374,0.818818506604,0.00229054156451,0.0,0.818779216434,-0.573970608813,-0.0117932971044,0.0,-0.00834202699652,0.00864533409783,-0.999927831788,0.0,0.659463860292,0.257919774233,0.303541269355,1.0,-0.00964,-0.0126697142857,0.483
0.46327917838,0.534357018579,-0.124033878088,-1.3765164433,0.0783187737006,1.90170013645,0.156607343268,-0.0112335515586,-0.046782058041,-0.000419207885737,-0.0870969951379,-0.00573298730366,0.0368810038905,-0.00888601357167,0.574047920115,0.818806836167,0.00225773325184,0.0,0.818767066024,-0.573987454704,-0.0118169513192,0.0,-0.00838005130213,0.00863222015433,-0.999927627139,0.0,0.659313262452,0.257724581521,0.303519233333,1.0,-0.00994,-0.013064,0.498
0.463157992898,0.533432272948,-0.124034648346,-1.37799401892,0.0782258659838,1.90224430218,0.156426491897,-0.00420742987438,-0.0581636876708,0.00134910441335,-0.08523883917,0.000750786869975,0.0340502381646,-0.0058368431686,0.574055556152,0.818801511894,0.00224710291632,0.0,0.818761615506,-0.573995143404,-0.0118211346401,0.0,-0.00838949827872,0.00862599571127,-0.999927601638,0.0,0.659138968147,0.257502888759,0.303515343668,1.0,-0.01028,-0.0135108571429,0.515
0.463019806185,0.53243588652,-0.124034674478,-1.37960686667,0.0781553830337,1.90285362494,0.156225292261,-0.00303278446265,-0.0600604978497,3.46648879099e-05,-0.0924312144471,-0.00252607801624,0.0376799064295,-0.0156209872312,0.574073396617,0.818788985355,0.00225380995366,0.0,0.818748931237,-0.574012703544,-0.0118469687807,0.0,-0.00840661385606,0.00864650057025,-0.999927280792,0.0,0.658950630659,0.257263349878,0.303503072815,1.0,-0.01064,-0.013984,0.533
0.462887837516,0.531464482323,-0.124026800528,-1.38117738582,0.0780423839555,1.90342816441,0.156022717632,-0.0108816527735,-0.0542921558321,0.0031365743998,-0.0917318806218,-0.00879788651987,0.0377538004139,-0.0138651272581,0.574065270658,0.818794764981,0.00222368266032,0.0,0.818754405528,-0.574004785865,-0.0118522627962,0.0,-0.00842832851286,0.00862478847853,-0.999927285507,0.0,0.65876305479,0.257028026742,0.303489762846,1.0,-0.01098,-0.0144308571429,0.55
0.462750080288,0.530447619456,-0.124031812809,-1.38281821132,0.0779456624172,1.9040034782,0.155819228282,-0.00816466547576,-0.0573836930224,-5.50714981509e-05,-0.0956147624333,-0.00299112807446,0.0306407357687,-0.0110347335792,0.574078127372,0.818785862181,0.00218230738649,0.0,0.818744895289,-0.574017734896,-0.011882060615,0.0,-0.00847634329817,0.00860814987337,-0.999927023017,0.0,0.658563504389,0.256776361545,0.303475325163,1.0,-0.01132,-0.0148777142857,0.567
0.462610005483,0.529403809386,-0.124037206788,-1.38446264787,0.0778369051754,1.90460367617,0.155591203932,-0.00606357501193,-0.0627174069147,-0.000350469755509,-0.090870078487,-0.0103147813501,0.0391269432299,-0.0152460539633,0.574069899038,0.81879164977,0.00217535910591,0.0,0.818750664652,-0.574009608668,-0.0118770867722,0.0,-0.00847634563947,0.0085995202854,-0.99992709725,0.0,0.658369666056,0.256522645244,0.303480054834,1.0,-0.01166,-0.0153245714286,0.584
0.462479777115,0.528372438571,-0.124040001638,-1.38605237632,0.077735477925,1.90520651656,0.155375142635,-0.00375455267232,-0.0669725680715,0.000906247616941,-0.0994827711608,-0.00349295002422,0.0386982775504,-0.019186043353,0.574060507858,0.818798143639,0.0022091159485,0.0,0.818757657632,-0.57400014547,-0.0118523403243,0.0,-0.00843680381411,0.00861285692948,-0.999927316877,0.0,0.658184847662,0.256284631405,0.303501964243,1.0,-0.01198,-0.0157451428571,0.6
0.462327802182,0.527194452014,-0.124038581403,-1.38787631595,0.0776295140316,1.9059129388,0.155119783934,-0.00727968465116,-0.0668238265827,-0.00363892506913,-0.106202581471,-0.00703443952054,0.0367029856381,-0.00623954997181,0.574045176989,0.818808747354,0.00226206398431,0.0,0.818768923069,-0.573984581295,-0.011827846487,0.0,-0.00838651578342,0.0086419923075,-0.999927488532,0.0,0.657974099596,0.256015184459,0.303524208477,1.0,-0.01234,-0.0162182857143,0.618
0.462182283093,0.526096282619,-0.12404357291,-1.38958052101,0.0775178032934,1.90655544952,0.154889334332,-0.00537157324212,-0.0677418069123,0.000945253582298,-0.106906011021,-0.0151500592408,0.0384629500221,-0.0138840647961,0.574038327218,0.818813493995,0.00228206855259,0.0,0.818774005446,-0.573977732969,-0.0118083429187,0.0,-0.00835913492851,0.00864710630938,-0.999927673592,0.0,0.657760593486,0.255742772798,0.30353945331,1.0,-0.01268,-0.0166651428571,0.635
0.462026753675,0.524913675555,-0.124049857374,-1.39141560326,0.0774000283937,1.90721557132,0.154639094709,-0.00970043883178,-0.072878905764,0.000610210994277,-0.10990458206,-0.00556076569004,0.0403930518888,-0.0191933051529,0.574034840568,0.818815919914,0.0022886699838,0.0,0.818776568239,-0.573974274205,-0.011798760768,0.0,-0.00834753617518,0.0086469755926,-0.999927771618,0.0,0.657555821525,0.255471742623,0.303557409337,1.0,-0.013,-0.0170857142857,0.651
0.461869795291,0.523745525826,-0.124063751507,-1.3933154844,0.0772835345713,1.90788984697,0.154373577064,-0.00941533569365,-0.0704844352335,-0.00155285680465,-0.110473150107,-0.00701007036155,0.0404644362504,-0.00854529801862,0.574026328311,0.818822034537,0.00223541126845,0.0,0.818781990238,-0.573965968985,-0.0118264876687,0.0,-0.0084009004429,0.00861919572689,-0.999927564545,0.0,0.657324147716,0.2551772304,0.303533403326,1.0,-0.01334,-0.0175325714286,0.668
0.461732259471,0.522657523436,-0.124059855246,-1.39501996928,0.0771734498444,1.90854531971,0.154145197662,-0.00642029585808,-0.0766785421415,0.00219319434894,-0.112314170865,-0.00359495216362,0.0468243239582,-0.0232414558458,0.574010965906,0.818832724508,0.00226433126165,0.0,0.818793104282,-0.573950545676,-0.0118055241359,0.0,-0.00836729642561,0.00863068530255,-0.999927747201,0.0,0.657122670299,0.254927749017,0.303543533477,1.0,-0.01364,-0.0179268571429,0.683
0.46156615602,0.521435519989,-0.124065947148,-1.3969835991,0.0770578064084,1.90930958024,0.153882596403,-0.0112399244609,-0.0726481662363,0.000639813021331,-0.120437398592,-0.0107759214527,0.0473504110761,-0.0177856605979,0.574010396851,0.818833076876,0.00228110107203,0.0,0.818793689745,-0.573949927739,-0.0117949558662,0.0,-0.00834902295263,0.00863834477595,-0.999927833804,0.0,0.65689468282,0.254631172146,0.303533988564,1.0,-0.01398,-0.0183737142857,0.7
0.461400290484,0.520231634874,-0.124072292833,-1.39888996402,0.0769410854048,1.91001074565,0.153622014939,-0.0144983211515,-0.0754361308259,0.000170407667088,-0.115098296768,-0.00286832782352,0.0478671726221,-0.0165743270353,0.573997615766,0.818842043895,0.00227840846303,0.0,0.818802649297,-0.573937187058,-0.0117929520177,0.0,-0.00834906233484,0.00863485947454,-0.999927863578,0.0,0.656651281258,0.254321218019,0.303535656231,1.0,-0.01432,-0.0188205714286,0.717
0.461233807573,0.518904693066,-0.124078030851,-1.40094256117,0.0768100207242,1.91074517486,0.153341424553,-0.00826298008149,-0.0789877840545,-0.000806682120189,-0.118634989746,-0.00559112639661,0.0438127654434,-0.0211436561922,0.573991695368,0.818846186365,0.00228114574909,0.0,0.818806814365,-0.573931243467,-0.0117930243206,0.0,-0.00834761289175,0.0086370819978,-0.999927856484,0.0,0.656413818995,0.254026632903,0.30355156953,1.0,-0.01464,-0.0192411428571,0.733
0.461032151212,0.517386518282,-0.124078732248,-1.40331329103,0.076654093287,1.91160625629,0.153020434642,-0.0119406512481,-0.0778733428601,0.000136714626159,-0.124862300216,-0.00636957201684,0.0427933756793,-0.0165226239768,0.573977891949,0.818855859476,0.00228207302801,0.0,0.8188165438,-0.573917484027,-0.0117871128,0.0,-0.00834238538876,0.00863430754379,-0.999927924072,0.0,0.65612450754,0.253665714457,0.303563159115,1.0,-0.01502,-0.0197405714286,0.752
0.460857459172,0.516114016836,-0.124084054553,-1.40532500497,0.0765189860259,1.91235373093,0.152737828969,-0.0123527714306,-0.0797854050946,0.000755352723753,-0.127029085557,-0.00855507235362,0.0421704768391,-0.0139884066874,0.573963130989,0.818866211573,0.00228006802368,0.0,0.818826973148,-0.573902839483,-0.0117756435333,0.0,-0.00833429955706,0.00862593250613,-0.999928063782,0.0,0.655883313268,0.253354878799,0.30356315199,1.0,-0.01534,-0.0201611428571,0.768
0.460677537554,0.514743055377,-0.124090558612,-1.4075303331,0.0763868720668,1.91317636321,0.152441537839,-0.00890389318978,-0.0865033918807,0.000168800815986,-0.134169219595,-0.0101690353904,0.0512139257381,-0.0179315823139,0.573953199959,0.818873205979,0.00226797000677,0.0,0.818833786905,-0.573892931703,-0.0117847046925,0.0,-0.00834876769648,0.00862112542142,-0.999927984544,0.0,0.65561445962,0.253023849231,0.30354625358,1.0,-0.01568,-0.020608,0.785
0.460511729223,0.513508132192,-0.124094252519,-1.40952861606,0.0762706779938,1.91386155758,0.152165813557,-0.00855897931412,-0.0770678413436,-0.00103402854136,-0.136520749393,-0.00770498005668,0.0443396478591,-0.018739411949,0.573939267429,0.818883144118,0.00220465028031,0.0,0.818842750387,-0.573879091189,-0.0118357820005,0.0,-0.00842708192585,0.00859844749674,-0.999927522869,0.0,0.655357899743,0.25271986101,0.303520157513,1.0,-0.01598,-0.0210022857143,0.8
0.460311680419,0.512084751439,-0.12409696647,-1.41180418199,0.0761359221939,1.91467560177,0.15184623611,-0.0115947489234,-0.0848897011008,0.000311905673223,-0.136057988885,-0.00417307937627,0.0497172917339,-0.0224120934927,0.573926120952,0.818892440203,0.00217392922969,0.0,0.818851536929,-0.573865956104,-0.0118647290011,0.0,-0.0084685559541,0.00858976856231,-0.999927247072,0.0,0.655074733796,0.252369356291,0.303504860648,1.0,-0.01632,-0.0214491428571,0.817
0.460116364416,0.510649788164,-0.12409790158,-1.41411831131,0.0759920530617,1.91555855443,0.151518349959,-0.00986180546645,-0.0848838267818,0.000789575776999,-0.137577230585,-0.00972905197942,0.0546918025785,-0.021363825489,0.573900527324,0.818910379944,0.00217284572096,0.0,0.81886947761,-0.57384038523,-0.0118632971653,0.0,-0.00846827360398,0.00858779488109,-0.999927266416,0.0,0.654794447451,0.252021789549,0.30348479525,1.0,-0.01666,-0.021896,0.834
0.459915403412,0.509154936577,-0.124103595745,-1.41648008714,0.0758445033524,1.91642784123,0.151187189025,-0.0169124142298,-0.0840855530865,0.000547687899819,-0.134933564868,-0.0121841423701,0.0524734992591,-0.0165897315526,0.573881085394,0.818924008958,0.00217123943325,0.0,0.818883087506,-0.573820953923,-0.0118637573016,0.0,-0.00846977607735,0.00858654248543,-0.999927264445,0.0,0.654503385887,0.251661472146,0.30348240832,1.0,-0.017,-0.0223428571429,0.851
0.459682606772,0.507469781223,-0.124104160197,-1.41915010201,0.0756761102785,1.91737182225,0.150809352971,-0.0106678536802,-0.087908981651,0.00173574645301,-0.146104276482,-0.00654672931074,0.0472393036855,-0.0238612479919,0.573855476755,0.81894205049,0.00213462837887,0.0,0.818900581257,-0.573795423267,-0.011891053591,0.0,-0.00851340772561,0.0085719596846,-0.999927019035,0.0,0.654165457891,0.251251097245,0.303472200804,1.0,-0.01738,-0.0228422857143,0.87
0.459481926303,0.506001235438,-0.124109994324,-1.42143671305,0.0755258714974,1.91822161456,0.150503582734,-0.0167410838365,-0.0941317800019,-0.001450511327,-0.143429718273,-0.00411521838181,0.0632118631413,-0.0210154832111,0.573851141215,0.818945037437,0.00215413196904,0.0,0.818903904596,-0.573791093136,-0.0118711152605,0.0,-0.00848593257468,0.00857644524336,-0.999927214119,0.0,0.653885881061,0.250897872082,0.303484392477,1.0,-0.0177,-0.0232628571429,0.886
0.459259349042,0.504361942412,-0.124110688253,-1.42390470991,0.0753679279361,1.91917846554,0.150162653789,-0.00796948382821,-0.101208913357,0.000830385877521,-0.144180722569,-0.00995674080448,0.0488424342033,-0.0258060774014,0.573839335477,0.818953028574,0.00225852828276,0.0,0.818913343619,-0.573778970063,-0.0118057637527,0.0,-0.00837263114704,0.00862431661916,-0.999927757496,0.0,0.653592484352,0.250520094029,0.303538085774,1.0,-0.01804,-0.0237097142857,0.903
0.45905521518,0.502895501884,-0.124122034682,-1.42610008599,0.0752352791479,1.92001436447,0.149856053983,-0.00712785743365,-0.103020160218,-0.000902689919297,-0.142833033877,-0.00417463335383,0.0535117793924,-0.0154589326389,0.573840555669,0.818951921178,0.00234826952817,0.0,0.818913441284,-0.573779888571,-0.0117542356877,0.0,-0.00827892346512,0.00866825350959,-0.999928157823,0.0,0.653331304803,0.250174173971,0.303590084883,1.0,-0.01834,-0.024104,0.918
0.458821133242,0.501190256995,-0.124123073367,-1.42863806399,0.0750642478478,1.92092981579,0.149495062127,-0.0159042768422,-0.104745948103,-0.00102652255178,-0.159089937432,-0.0115258873572,0.0557780921141,-0.0233626045027,0.573820538214,0.818965759096,0.00241293447629,0.0,0.818928187718,-0.57375970611,-0.0117119557017,0.0,-0.0082074041337,0.00869674822137,-0.999928499988,0.0,0.653016128548,0.249776631877,0.303651673924,1.0,-0.01868,-0.0245508571429,0.935
0.45857761091,0.499476674632,-0.12412002962,-1.43123280912,0.0749027016791,1.92185097047,0.149138579185,-0.0174069868546,-0.104889724474,0.000181841304632,-0.158770146094,-0.0167670449314,0.0503780919746,-0.0208513115164,0.573814136721,0.818970136529,0.00244925975003,0.0,0.818932947773,-0.573753078195,-0.01170381197,0.0,-0.00817995965571,0.0087217601898,-0.999928507024,0.0,0.652688409713,0.24937072205,0.303691821045,1.0,-0.01902,-0.0249977142857,0.952
0.458317558631,0.497812700113,-0.124122775069,-1.43387315056,0.0747414138529,1.92283633853,0.148742764842,-0.0217004282621,-0.0981586212455,-0.00074821511451,-0.155629523808,-0.0103296889288,0.0536208376556,-0.0187376203656,0.573795642261,0.818983074927,0.00245576993431,0.0,0.818945929619,-0.573734518556,-0.0117052756858,0.0,-0.00817762013761,0.00872774700793,-0.999928473923,0.0,0.652365444513,0.248949021103,0.303680920825,1.0,-0.01936,-0.0254445714286,0.969
0.458074589419,0.496229972617,-0.124120269344,-1.43639108778,0.074585477776,1.92373206877,0.148367527783,-0.0166661362802,-0.0994381309192,-3.63913562641e-06,-0.158660026211,-0.00250177166383,0.0511002824184,-0.0215259807789,0.573770660898,0.819000674117,0.00242309514575,0.0,0.818962993973,-0.573709542479,-0.0117355133474,0.0,-0.00822139882259,0.00871808635475,-0.999928199208,0.0,0.652045109528,0.248549982334,0.303663100802,1.0,-0.01968,-0.0258651428571,0.985
0.457821647498,0.494652141598,-0.124122866625,-1.43896702881,0.0744217839991,1.92461817706,0.148004188282,-0.022436712556,-0.100439261286,-0.000666748382575,-0.164465015732,-0.0124902337136,0.0505005645726,-0.0247744005074,0.573779716243,0.818994631395,0.00231902477868,0.0,0.818955499314,-0.573718883636,-0.0118016780141,0.0,-0.00833520310635,0.00867090849953,-0.999927667251,0.0,0.651692985618,0.248102302452,0.303608546854,1.0,-0.020092,-0.0264066285714,1.002
0.457466928623,0.492458474742,-0.124131847603,-1.44249438099,0.0741960469506,1.92591687638,0.147507725551,-0.0197836546709,-0.106945319514,0.000500244638462,-0.173286278854,-0.00377524599005,0.066718078597,-0.0283980305668,0.573773866357,0.818998818741,0.0022873754828,0.0,0.818959284732,-0.573713166236,-0.011816925973,0.0,-0.0083659120522,0.00865367730342,-0.999927560069,0.0,0.651274244696,0.247558963473,0.303574225782,1.0,-0.022332,-0.0293506285714,1.022
0.457202365989,0.490723188507,-0.124139457931,-1.44524975961,0.0740268853192,1.92690811389,0.147118706391,-0.0212629914041,-0.122118868213,-0.00252160415748,-0.186980042952,-0.018598734762,0.0681914906692,-0.0294626241052,0.573769322786,0.819002072418,0.00226196939957,0.0,0.818962128902,-0.573708640402,-0.011839520858,0.0,-0.00839904243785,0.00864578759797,-0.999927350583,0.0,0.650923685494,0.247118569441,0.303556167308,1.0,-0.024012,-0.0315586285714,1.037
0.456866639599,0.488651072442,-0.124159903461,-1.44861904323,0.0738225802298,1.92809841843,0.14663855013,-0.0211609379092,-0.123461175144,-0.000601550519755,-0.202997779698,-0.0107103875249,0.0755702129159,-0.0338977101565,0.573778117229,0.818996162998,0.00216889015645,0.0,0.818954890897,-0.573717683825,-0.0119018000024,0.0,-0.00850336161373,0.00860538127869,-0.999926817449,0.0,0.65049290405,0.246564097653,0.30349711926,1.0,-0.025916,-0.0340610285714,1.054
0.456536407166,0.486601466179,-0.124177758111,-1.45176360698,0.0736248394066,1.92932161597,0.1461801696,-0.0240685465868,-0.136936463212,-0.00110010637085,-0.218665295398,-0.0152448493006,0.0820680451182,-0.0247942967267,0.57378863465,0.818988520059,0.00227016710674,0.0,0.818948705726,-0.573727941095,-0.0118327468637,0.0,-0.00838858704834,0.00864881259737,-0.999927412189,0.0,0.650118863754,0.246044302937,0.303530895402,1.0,-0.027596,-0.0362690285714,1.069
0.456140429074,0.484146475473,-0.124202472522,-1.45551840757,0.0733901085126,1.93068411372,0.145607357575,-0.0195526513439,-0.146067654274,-0.00155227293202,-0.228800302575,-0.0188976690247,0.0840515908348,-0.0368087083743,0.573782942478,0.818992369635,0.00231954775195,0.0,0.818953213888,-0.57372207577,-0.0118050894799,0.0,-0.00833766298167,0.00867332705265,-0.999927625768,0.0,0.649651570781,0.245414730851,0.303566810331,1.0,-0.0295,-0.0387714285714,1.086
0.455695942323,0.481548210058,-0.124245222661,-1.45959479385,0.0731456861916,1.93207419314,0.144992253198,-0.0237773727263,-0.158839963108,-5.93964964238e-05,-0.249911641559,-0.0170658758814,0.0868277306262,-0.0348960034643,0.573807275255,0.818975528236,0.00224542131927,0.0,0.818935250729,-0.573746531142,-0.0118625467989,0.0,-0.00842699508375,0.00864583678651,-0.999927114974,0.0,0.6491283535,0.244707721193,0.303550708578,1.0,-0.031404,-0.0412738285714,1.103
0.455236861778,0.478764025128,-0.124262262945,-1.46386129345,0.0728846965997,1.93364496851,0.144355128309,-0.0264850384814,-0.164860381465,-0.000477625589319,-0.252143005399,-0.0150225189457,0.0934113040739,-0.0383658764788,0.573810968354,0.818972730006,0.0023209922089,0.0,0.818933379249,-0.573749870225,-0.011830201591,0.0,-0.00835710441502,0.00868920471771,-0.999927325623,0.0,0.64859508529,0.243996012182,0.303586053702,1.0,-0.033308,-0.0437762285714,1.12
0.454772652613,0.476003258542,-0.124283586928,-1.46806504739,0.0726167059951,1.93520489782,0.143765138798,-0.0319044027546,-0.174879657737,6.70463432934e-05,-0.268183944373,-0.0181652254773,0.0987894507285,-0.0374762186452,0.573854112447,0.81894223249,0.00241337370757,0.0,0.818904163474,-0.573792741668,-0.0117731710311,0.0,-0.00825692962282,0.00873257251894,-0.999927780037,0.0,0.648073873642,0.24328414758,0.303632367781,1.0,-0.0351,-0.0461314285714,1.136
0.454259187378,0.472950324338,-0.124292896991,-1.47279361538,0.072324649837,1.93688410407,0.143076004533,-0.0327157725832,-0.182007834999,-0.000117092613623,-0.285849040929,-0.0182799462659,0.0983655894083,-0.0475489186299,0.573864829307,0.818934703423,0.00241994121038,0.0,0.818896528206,-0.573803229838,-0.0117930666419,0.0,-0.00826934066072,0.00874947608562,-0.999927529711,0.0,0.647461444527,0.242494100285,0.303639209961,1.0,-0.037004,-0.0486338285714,1.153
0.453723796005,0.469725449675,-0.124293889087,-1.47771214615,0.0720196554966,1.93865817034,0.142313124536,-0.0353257921871,-0.198089477477,0.00168747206713,-0.292091633663,-0.0158263540623,0.110367200097,-0.0579100819199,0.57383095811,0.818958215414,0.00249395719044,0.0,0.818920822873,-0.573768894719,-0.0117765962425,0.0,-0.00821374332182,0.00880029841275,-0.999927541959,0.0,0.646825454392,0.241679427692,0.30368001769,1.0,-0.038908,-0.0511362285714,1.17
0.453124683755,0.466124973387,-0.124297124689,-1.4831206397,0.0716573663742,1.94068533052,0.141445477593,-0.0374016531068,-0.201143399466,-9.98694631284e-05,-0.309839232578,-0.0204495963398,0.110213221422,-0.0514395587867,0.573770428959,0.819000071482,0.0026692070312,0.0,0.818965121797,-0.573707923513,-0.011665962456,0.0,-0.00802323333417,0.00887974270656,-0.999928386384,0.0,0.646142278586,0.240777785568,0.303766030671,1.0,-0.040924,-0.0537858285714,1.188
0.452485787394,0.462426754875,-0.124308052721,-1.48891782375,0.0712714488464,1.94267038329,0.140589782194,-0.0372793150034,-0.20479514418,-0.0021262245417,-0.329446625017,-0.0241869778971,0.119007510136,-0.0404950176598,0.57376658584,0.8190030957,0.0025653671412,0.0,0.818966641678,-0.57370427961,-0.011738239942,0.0,-0.00814204950258,0.00883613009048,-0.999927812312,0.0,0.645363047829,0.239796161592,0.303728376792,1.0,-0.04294,-0.0564354285714,1.206
0.451764055152,0.458363936203,-0.124313700379,-1.4952363857,0.0708345898198,1.94489532275,0.139639958104,-0.0443576762633,-0.219788822327,-9.59655902426e-05,-0.341832635619,-0.0231380685086,0.124098813683,-0.0523883664319,0.573757006483,0.819009940153,0.0025223685835,0.0,0.818972959223,-0.57369489296,-0.0117562218993,0.0,-0.00818155013987,0.00881113598926,-0.999927710447,0.0,0.644525609181,0.238716535882,0.30371071042,1.0,-0.045068,-0.0592322285714,1.225
0.451200981464,0.455305593779,-0.124324908288,-1.50010517999,0.070519377084,1.94661334215,0.138874815691,-0.0389841974673,-0.220503830439,-0.000576611308021,-0.348428707929,-0.0208022051494,0.118104678588,-0.0558216330357,0.573737718764,0.819023700714,0.00244021240793,0.0,0.818985493809,-0.573675745907,-0.0118172073655,0.0,-0.00827884162869,0.0087786451761,-0.999927195435,0.0,0.64387635072,0.237879583559,0.303645627463,1.0,-0.046636,-0.0612930285714,1.239
0.450476014838,0.451320531018,-0.124380574059,-1.50612794736,0.0701055231341,1.94879061557,0.137917603979,-0.0414725264467,-0.241976675888,-0.00206712212315,-0.35637130076,-0.016397933199,0.136168546379,-0.0512250271348,0.573749255477,0.81901533149,0.00253486210891,0.0,0.818978671676,-0.573687268533,-0.0117303096278,0.0,-0.00815324228412,0.00880642396927,-0.999927983175,0.0,0.643100224984,0.236804515795,0.303705480755,1.0,-0.04854,-0.0637954285714,1.256
0.449814891568,0.447703263829,-0.124422872931,-1.51161320158,0.0697358928536,1.95072573194,0.137108619993,-0.0473486555614,-0.24326906417,-0.0021978951402,-0.373214337876,-0.0199050759652,0.123222566101,-0.0588703904172,0.573805330673,0.818975911529,0.00257793083526,0.0,0.818939915781,-0.573743295147,-0.0116958332423,0.0,-0.00809969110275,0.00882247178211,-0.999928276926,0.0,0.642375721139,0.235828739035,0.303744024239,1.0,-0.05022,-0.0660034285714,1.271
0.448938976057,0.442983705713,-0.124438784175,-1.51889207941,0.069243667922,1.95315633233,0.135995762737,-0.0458699525507,-0.248266354598,0.000328440448421,-0.376916738968,-0.0246830637345,0.134635920711,-0.0648301499399,0.573811972485,0.818971607975,0.00246423712266,0.0,0.818933860806,-0.573750056256,-0.0117877679174,0.0,-0.00824014970642,0.00878217866483,-0.999927484006,0.0,0.641367224625,0.23455009184,0.303722512632,1.0,-0.052348,-0.0688002285714,1.29
0.448175249835,0.438948912981,-0.124443431057,-1.52514032217,0.0688107189382,1.95537463697,0.134974529288,-0.0468186289792,-0.254310454925,0.00123756080125,-0.389538863401,-0.0272741215382,0.144657101049,-0.0599034480464,0.573761094227,0.819007281631,0.00245484997415,0.0,0.818969413573,-0.57369922087,-0.0117919679111,0.0,-0.00824952089525,0.00877638842816,-0.999927457574,0.0,0.640521361163,0.233458273515,0.303699808047,1.0,-0.05414,-0.0711554285714,1.306
0.447297442444,0.434457038184,-0.124465096226,-1.53189048677,0.0683610607554,1.957816407,0.133883413191,-0.0517607800905,-0.269074618059,-0.0010236842256,-0.400883555334,-0.0310151899317,0.14402088548,-0.0621487132934,0.573773859253,0.818997879024,0.00260374592338,0.0,0.818961974199,-0.573711468896,-0.0117124794214,0.0,-0.00809885283391,0.00885285386563,-0.99992801519,0.0,0.639627281881,0.232244078284,0.30376540897,1.0,-0.056044,-0.0736578285714,1.323
0.446438961331,0.430164749573,-0.124493081162,-1.53848275362,0.0678712051168,1.96013251158,0.132822353959,-0.0548691408846,-0.265090587815,-0.000645209216837,-0.426492975256,-0.0295231031081,0.133613341785,-0.0662520404404,0.573776553919,0.818996056192,0.00258321825734,0.0,0.818960198694,-0.573714579079,-0.0116842461711,0.0,-0.00808747726751,0.0088198692503,-0.999928398746,0.0,0.638734079551,0.231041841115,0.303755034227,1.0,-0.057836,-0.0760130285714,1.339
0.445556180619,0.425727545498,-0.124544450221,-1.54537406671,0.067371652644,1.96236798231,0.131705560971,-0.0495416957638,-0.28144992212,-0.00304786088561,-0.429870443939,-0.0289489280545,0.139267928486,-0.0736468049615,0.57377683105,0.818996494166,0.00237436217465,0.0,0.818957897901,-0.573715595887,-0.0117950584165,0.0,-0.00829806264511,0.00871240163638,-0.999927615487,0.0,0.637753977183,0.229772842661,0.303690369513,1.0,-0.059628,-0.0783682285714,1.355
0.444560045415,0.420863494667,-0.124588811976,-1.5527662912,0.0668490635608,1.96487326337,0.130502404064,-0.0588006435497,-0.283238388954,-0.00222912631459,-0.435676382132,-0.0323630096122,0.15263308531,-0.0726667885927,0.573805775371,0.818976322439,0.00233716424404,0.0,0.818937253499,-0.573744690039,-0.0118132292382,0.0,-0.00833397991777,0.00869265739023,-0.999927488614,0.0,0.636725717025,0.22839888151,0.303695024898,1.0,-0.061532,-0.0808706285714,1.372
0.443533334739,0.415841432136,-0.124605182606,-1.56018132384,0.0663498522256,1.96761174585,0.129298598836,-0.0590938088298,-0.291018069799,-0.00234079623449,-0.433527926692,-0.0274873238657,0.153843657334,-0.0761370439898,0.573843737275,0.818948856405,0.00262348707666,0.0,0.818913606319,-0.573781705071,-0.0116536351819,0.0,-0.00803857708462,0.00883594494802,-0.999928651132,0.0,0.635732526786,0.227041845754,0.30380883614,1.0,-0.063436,-0.0833730285714,1.389
0.442522650941,0.411055785336,-0.12462685188,-1.5674545017,0.0658413364999,1.97009758689,0.128039764068,-0.0643561091018,-0.306497202452,-0.0025026117408,-0.461572541836,-0.0328597330843,0.147775654279,-0.0781346960019,0.573813048666,0.818970390834,0.00261362191366,0.0,0.818934887594,-0.573750917548,-0.0116739622683,0.0,-0.00806121667378,0.0088392282298,-0.999928439855,0.0,0.634707460859,0.225690419244,0.303803110206,1.0,-0.065228,-0.0857282285714,1.405
