position_joint1,position_joint2,position_joint3,position_joint4,position_joint5,position_joint6,position_joint7,velocity_joint1,velocity_joint2,velocity_joint3,velocity_joint4,velocity_joint5,velocity_joint6,velocity_joint7,ee_T_00,ee_T_10,ee_T_20,ee_T_30,ee_T_01,ee_T_11,ee_T_21,ee_T_31,ee_T_02,ee_T_12,ee_T_22,ee_T_32,ee_T_03,ee_T_13,ee_T_23,ee_T_33,v_x,v_y,time
0.465091405521,0.547552078797,-0.124006880124,-1.35573937847,0.0794388540582,1.89410925993,0.159144769514,0.00128013146095,0.000397141486317,-0.000120517603785,-9.68477033007e-06,-4.2030042839e-05,-0.000244427936578,-0.00173803802733,0.573770577146,0.81900138424,0.00219187474702,0.0,0.81896213461,-0.573711808711,-0.0116845848268,0.0,-0.00831234676027,0.00849949704305,-0.999929329223,0.0,0.661709392066,0.260896438864,0.303422498601,1.0,0.0,0.0,0.0
0.465091405521,0.547552079742,-0.124004138568,-1.35573892146,0.0794402711916,1.8941108409,0.159142277717,0.00053043844384,0.000973512144013,0.000706707016033,0.000832348366052,-0.000276185502662,0.000526625663468,-0.00114416383214,0.573766981669,0.819003894701,0.00219501984093,0.0,0.818964661936,-0.573708177432,-0.0116857412202,0.0,-0.00831152676205,0.00850269985374,-0.99992930881,0.0,0.661709103102,0.260898417188,0.303422764762,1.0,-4e-05,-5.25714285714e-05,0.003
0.465088382334,0.547553778566,-0.124009219539,-1.35573974301,0.0794371563975,1.89410560835,0.159144631049,-0.00105195102941,0.00166248243259,-0.00133443249467,0.000648768246345,-0.000171557316308,-0.000118880526987,-0.000700446735863,0.573774123548,0.818998916465,0.00218560663648,0.0,0.818959607383,-0.573715400474,-0.0116853598322,0.0,-0.00831654097353,0.00849484420104,-0.999929333887,0.0,0.661709956222,0.26089249471,0.3034208778,1.0,-0.00026,-0.000341714285714,0.014
0.465085432618,0.547536474807,-0.124009112334,-1.35575107558,0.0794378931423,1.89410885655,0.159146137427,-0.00120810383669,-0.000632524278189,-0.00077614694712,-0.00250897638752,-0.00013821076708,0.00532547998407,-0.000567942047091,0.573778502053,0.81899582503,0.00219455401466,0.0,0.818956618123,-0.573719730795,-0.0116822527794,0.0,-0.00830881728526,0.0085004336942,-0.999929350595,0.0,0.661709167147,0.260889828112,0.303428021924,1.0,-0.00068,-0.000893714285714,0.035
0.465084461403,0.547507458577,-0.12400730927,-1.35578102288,0.0794396602847,1.89411234561,0.159146137426,-0.00218404780037,-0.0017184335811,0.000322189305992,-0.00678909994214,-0.000546596285427,-0.000473687568107,-0.00122167702263,0.573780112774,0.818994682808,0.00219968585714,0.0,0.818955492599,-0.573721271108,-0.0116855089903,0.0,-0.0083085231278,0.00850652125788,-0.999929301271,0.0,0.661703504327,0.260887578367,0.303434568989,1.0,-0.00094,-0.00123542857143,0.048
0.46509282611,0.547342197186,-0.124004534271,-1.35594999091,0.0794351516927,1.89414328952,0.159143739114,-0.000726471615014,-0.00604129978617,0.000536425421647,-0.0127784214176,0.000391730159737,0.00432156830029,-0.00136493175264,0.57377730441,0.818996570158,0.00222933050341,0.0,0.818957661189,-0.573718246567,-0.0116820219429,0.0,-0.00828868789921,0.00852877056079,-0.999929276362,0.0,0.661672737257,0.260878203841,0.303473797604,1.0,-0.00136,-0.00178742857143,0.069
0.465081246322,0.547245391751,-0.124002037398,-1.3560925019,0.0794346374744,1.89416809859,0.159145202965,-0.00084562359791,-0.00469601760881,0.000444614561778,-0.017377584286,0.000212573203431,0.000295247479113,-0.000959746796272,0.573793888551,0.818984983074,0.00221762525357,0.0,0.81894580418,-0.573734751063,-0.0117026552774,0.0,-0.00831213029575,0.00853119122651,-0.999929061117,0.0,0.661650043171,0.260857938295,0.303476606027,1.0,-0.0016,-0.00210285714286,0.081
0.465061650184,0.547032329115,-0.124009449209,-1.35634232699,0.0794264705193,1.89429460217,0.159136440437,-0.00216293491916,-0.00556328065751,0.000175815944793,-0.0101523021985,5.28630004723e-05,0.00497639094579,0.00013299507054,0.573819888669,0.81896655113,0.00229573506416,0.0,0.818928406553,-0.573760480697,-0.0116585862134,0.0,-0.00823094855953,0.00857013630265,-0.999929399633,0.0,0.661630890402,0.260821105007,0.30351983097,1.0,-0.00202,-0.00265485714286,0.102
0.465044262846,0.546875712596,-0.12399975974,-1.35650737159,0.0794236527244,1.89439381615,0.159122078004,-0.00217712136779,-0.00736236403656,0.00128651704565,-0.010174119014,-8.67195435942e-05,0.0119896188223,-0.0028386457545,0.573824234325,0.818963268364,0.00237909076711,0.0,0.818926144928,-0.573764462737,-0.0116214178813,0.0,-0.00815263359873,0.00861711675403,-0.999929637457,0.0,0.661619432573,0.260803966541,0.303560497588,1.0,-0.00228,-0.00299657142857,0.115
0.465002817129,0.546610758863,-0.124007406033,-1.35684979296,0.0794110692588,1.8945500456,0.159101790389,-0.00379450076137,-0.0200204952809,-0.00149545840514,-0.017304354393,-7.87836804251e-06,0.00701420101545,-0.001241252636,0.573862834,0.818936017138,0.0024483645384,0.0,0.818899798512,-0.573802821547,-0.0115839925434,0.0,-0.00808182583592,0.00865275460951,-0.999929904508,0.0,0.661592315672,0.26074353019,0.303598962602,1.0,-0.0027,-0.00354857142857,0.136
0.464975324219,0.546436148472,-0.124004534283,-1.35710813046,0.0794009673179,1.89464469082,0.159088933281,-0.00380089443374,-0.0166054780823,0.00138123896233,-0.0196265182416,0.000104916273914,0.00850900882282,-0.000443777810922,0.573883529518,0.81892149016,0.00245650219115,0.0,0.818885290533,-0.573823393627,-0.0115905468272,0.0,-0.00808230506513,0.00866338422971,-0.999929808596,0.0,0.661559534741,0.260699128015,0.303605472738,1.0,-0.00296,-0.00389028571429,0.149
0.464929668606,0.546098636298,-0.124004626207,-1.3576249321,0.0793636824214,1.89483313431,0.158939710521,-0.0027009463887,-0.0214092328894,-2.94270450476e-05,-0.0239071719581,-0.00104066999416,0.0159008533637,-0.00460770280159,0.57381880532,0.818966812995,0.00246673377853,0.0,0.818930809705,-0.573758710325,-0.0115766205603,0.0,-0.00806571334402,0.00866313366229,-0.999929944738,0.0,0.661505524343,0.260623005647,0.30361706998,1.0,-0.00336,-0.004416,0.169
0.46489865813,0.545873986756,-0.12400593489,-1.35799942018,0.0793288373864,1.8949585616,0.158925253212,-0.00166579100636,-0.0198309610424,0.00455562354498,-0.0278241754483,-0.0090855360168,0.00683156704487,0.00134816905123,0.573845537624,0.818948175058,0.00243565584153,0.0,0.818911865174,-0.573785649963,-0.0115815316409,0.0,-0.00808728553686,0.00864076408055,-0.999929964052,0.0,0.661456769855,0.260559837647,0.303607772409,1.0,-0.00364,-0.004784,0.183
0.464831627851,0.545472102605,-0.124007740314,-1.35867764602,0.0792812849469,1.89519485194,0.15885724814,-0.00272207732974,-0.0218463045322,-0.000248616336506,-0.0327643950284,-0.000172890986088,0.0154188082647,-0.00975883846476,0.573870632624,0.818930697452,0.00239930892607,0.0,0.818893958118,-0.573810913146,-0.0115960430183,0.0,-0.00811976228144,0.00861957407957,-0.999929883743,0.0,0.661383383344,0.260450826884,0.303590949118,1.0,-0.00404,-0.00530971428571,0.203
0.464789722522,0.545197638631,-0.12400774065,-1.35915746756,0.0792673950841,1.89534796973,0.158795613463,-0.0045487793641,-0.021784820931,0.000230779658616,-0.0375525796793,-0.000162193862101,0.0107142620551,-0.00221267926173,0.573877493375,0.818925995319,0.00236298339543,0.0,0.818888619177,-0.573817726496,-0.0116358516489,0.0,-0.00817313699146,0.0086127394093,-0.999929507791,0.0,0.661322633107,0.260377901005,0.303570128244,1.0,-0.0043,-0.00565142857143,0.216
0.464704960143,0.544701270591,-0.124013631983,-1.36000119339,0.0792312063123,1.89562445433,0.158676804567,-0.00533721494297,-0.0190139552026,-0.0015509817047,-0.0409117297977,-0.00048479797554,0.0188648077566,-0.0010466828449,0.573891066497,0.818916636791,0.00230926002847,0.0,0.818878409489,-0.573831331235,-0.0116833499845,0.0,-0.00824272261744,0.00859613886441,-0.999929079445,0.0,0.66122240879,0.260237705866,0.303544009862,1.0,-0.00472,-0.00620342857143,0.237
0.464671383385,0.544409348783,-0.124010953188,-1.36051620291,0.0792028542494,1.89579350449,0.158635744584,-0.0037933098438,-0.0190660454951,0.000504854104567,-0.0455645473419,-0.00555809981982,0.0180916142252,-0.00768802084558,0.573904184257,0.818907568271,0.00226469029887,0.0,0.818868692801,-0.573844540259,-0.0117155651381,0.0,-0.00829454449042,0.00857826099641,-0.999928804451,0.0,0.66115511932,0.260166636987,0.303520020614,1.0,-0.00496,-0.00651885714286,0.249
0.464579788799,0.543795649361,-0.124014439851,-1.36151192336,0.0791526884458,1.89614561752,0.158485977233,-0.00680821285636,-0.0248825333979,-0.00151389314702,-0.0508162620776,-0.000177050015282,0.0150886247742,-0.00661655001663,0.573901079286,0.81890980222,0.00224364088616,0.0,0.818870550342,-0.573841408446,-0.01173910714,0.0,-0.00832593616017,0.00857450279047,-0.999928575794,0.0,0.661039900386,0.260009703328,0.303510957853,1.0,-0.0054,-0.00709714285714,0.271
0.464538727587,0.543437640574,-0.12401998517,-1.3621013144,0.0791141028957,1.89634655751,0.15841914983,-0.00292498708682,-0.0262196599047,3.20294940936e-05,-0.0513943671141,-0.00226542553328,0.00841937838061,-0.00474593898129,0.573906336656,0.818906197134,0.00221448495302,0.0,0.818866591842,-0.57384680184,-0.0117515821885,0.0,-0.00835282919013,0.00855783999482,-0.999928494253,0.0,0.660967859706,0.259921477021,0.303501285117,1.0,-0.00564,-0.00741257142857,0.283
0.464444546018,0.542784929498,-0.124018274202,-1.36315999811,0.0790461423445,1.89671806169,0.158289377559,-0.00318179489347,-0.0289056843654,-0.000778450824858,-0.0515292412438,-0.00711412605905,0.0178062818088,-0.00388640396648,0.573916707364,0.818899013838,0.00218289825556,0.0,0.818858988702,-0.573857282625,-0.0117695667396,0.0,-0.0083855759835,0.00854240131598,-0.999928352181,0.0,0.660843225699,0.259757335276,0.303491197216,1.0,-0.00606,-0.00796457142857,0.304
0.464395604965,0.542336255348,-0.12402637117,-1.36385725525,0.0790086450753,1.89697151556,0.158189131481,-0.00469436143484,-0.039291946494,0.0015064964953,-0.0517252361276,-0.00679837706896,0.0216514374659,-0.00865801245081,0.573909100521,0.81890433223,0.00218766877841,0.0,0.818864354526,-0.573849643519,-0.0117687051394,0.0,-0.00838221205836,0.00854573549492,-0.999928351896,0.0,0.660761591049,0.25965455847,0.303498870913,1.0,-0.00632,-0.00830628571429,0.317
0.46429647222,0.541620673028,-0.124021196046,-1.36495162177,0.0789470366132,1.89737464707,0.158043780451,-0.00221251677845,-0.0344556550986,0.000150121322551,-0.053871750427,-0.00181840396332,0.0203349880385,-0.00496761839948,0.573911931096,0.818902282548,0.00221221240619,0.0,0.818862547046,-0.573852301157,-0.0117648800839,0.0,-0.00836496502621,0.00856366781077,-0.999928342909,0.0,0.660636504708,0.259488938743,0.30351873412,1.0,-0.00672,-0.008832,0.337
0.464235222259,0.541138682946,-0.124026488579,-1.36569466917,0.0788991779106,1.89764940945,0.157941692482,-0.00588547857353,-0.0345866594611,0.000203543813622,-0.0555644541935,-0.00489868434456,0.024730699697,-0.0043196363411,0.573910637762,0.818903165501,0.00222087742321,0.0,0.81886358755,-0.573851020951,-0.011754898522,0.0,-0.00835183163174,0.00856502186509,-0.999928441094,0.0,0.660552342601,0.259374436634,0.303529787904,1.0,-0.00698,-0.00917371428571,0.35
0.464122335494,0.540286439014,-0.124026193123,-1.3669993764,0.0788209724429,1.89813774073,0.157788922803,-0.00469668088121,-0.040891944565,-0.00063197698451,-0.0650104927628,-0.00455075438853,0.0266527571569,-0.0139785809111,0.573929192753,0.818890078161,0.00225133211571,0.0,0.818850886715,-0.573869448718,-0.0117400194004,0.0,-0.00832197490807,0.0085816103792,-0.999928547796,0.0,0.660404521137,0.259176847171,0.303553463311,1.0,-0.0074,-0.00972571428571,0.371
0.464034670901,0.539747046088,-0.12402690834,-1.36783960076,0.0787729497309,1.89844704818,0.157683339712,-0.00588969257312,-0.0385594493297,-6.54051108181e-05,-0.0707078572135,-0.00400208997798,0.0271738755835,-0.010252107034,0.57394868393,0.818876394386,0.00225960919454,0.0,0.818837280907,-0.573888875765,-0.0117393599037,0.0,-0.00831648024806,0.00858820776531,-0.999928536868,0.0,0.660311838302,0.259039104596,0.303561534176,1.0,-0.00766,-0.0100674285714,0.384
0.463908289397,0.538834974057,-0.124035474158,-1.36927142293,0.0786954516813,1.89898711365,0.157510317867,-0.00680561504644,-0.03936825604,-9.35969442267e-05,-0.0702689378176,-0.00304091973074,0.0305905468519,-0.00750974767363,0.573975022313,0.818857880881,0.00227850429317,0.0,0.818818975751,-0.573915101436,-0.0117340613506,0.0,-0.00830102040954,0.00860090627123,-0.999928556184,0.0,0.660151492983,0.258816812193,0.303571497635,1.0,-0.00808,-0.0106194285714,0.405
0.463816013455,0.538232168373,-0.124033300925,-1.37019304411,0.0786452996689,1.89934161916,0.157392923213,-0.00575329786905,-0.054314328181,0.000870224040048,-0.0726422527938,-0.00684982927085,0.0256789555712,-0.00537971154668,0.573988720781,0.818848174019,0.00231586319214,0.0,0.818809727518,-0.573928631076,-0.0117176556321,0.0,-0.00826599987259,0.00862221948058,-0.999928662744,0.0,0.660060757439,0.258681730151,0.30359436951,1.0,-0.00832,-0.0109348571429,0.417
0.463688773629,0.537312921172,-0.124042465798,-1.37165678659,0.0785497903433,1.89989593125,0.157203355728,-0.0102285872972,-0.0462197088517,0.000957360109917,-0.0766230000849,-0.00120837842314,0.0290122941588,-0.0125679000539,0.574001105767,0.81883950185,0.00231250701491,0.0,0.818801095928,-0.573941114759,-0.0117093551551,0.0,-0.00826099873797,0.0086148319472,-0.999928767748,0.0,0.659887014868,0.258442802326,0.303590021312,1.0,-0.00874,-0.0114868571429,0.438
0.463599297956,0.536623536947,-0.124050440699,-1.37272948069,0.0784972254054,1.90029721875,0.157088489046,-0.00864232640721,-0.0534247926037,0.000443128967253,-0.0790671190991,-0.000852297741071,0.0354713696186,-0.0050844542447,0.574030936114,0.818818535296,0.00233185349983,0.0,0.818780308697,-0.573970794782,-0.0117081052416,0.0,-0.0082485565887,0.00863025649958,-0.999928737454,0.0,0.659764401396,0.258279573288,0.30360119209,1.0,-0.00902,-0.0118548571429,0.452
0.463465033369,0.535628236597,-0.12405455158,-1.37429916409,0.0783814701917,1.90088105691,0.156896684106,-0.00977836033079,-0.047795636023,0.000385000019732,-0.0782750550124,-0.00283767503236,0.0242116678605,-0.00517683588988,0.574041969921,0.818810815841,0.00232627011026,0.0,0.818772704944,-0.573982044654,-0.0116883255443,0.0,-0.00823544865831,0.0086144417458,-0.999928981868,0.0,0.659584874014,0.258036255026,0.30360722439,1.0,-0.00942,-0.0123805714286,0.472
0.46337461397,0.534927772027,-0.124055253696,-1.37538224987,0.0783351243737,1.90127229013,0.156760776341,-0.0104938681943,-0.0553582265111,-0.000317394911651,-0.0834974441604,-0.00670460376976,0.0310025573052,-0.00708143591689,0.574052186255,0.81880360235,0.00234417041335,0.0,0.818765536802,-0.573991998086,-0.0117016571033,0.0,-0.00823598249839,0.00863685407598,-0.999928784136,0.0,0.659455869665,0.257875886132,0.30361990415,1.0,-0.00968,-0.0127222857143,0.485
0.463236374251,0.533886285584,-0.124055427477,-1.37710710974,0.0782395264095,1.90189400668,0.156549041105,-0.00662581370373,-0.0513946040715,0.00169914963075,-0.08649092888,-0.010713375403,0.0346444432971,-0.00799551292537,0.574061023615,0.81879754679,0.00229465399791,0.0,0.818758715128,-0.574000890032,-0.0117427231373,0.0,-0.00829793922139,0.00861997358443,-0.999928417568,0.0,0.659247296748,0.257620282802,0.303587497219,1.0,-0.01008,-0.013248,0.505
0.463138387381,0.533172553205,-0.124058452002,-1.37823325645,0.0781636422446,1.90232117667,0.156406454118,-0.00502828433809,-0.0624332779848,-0.00118885985588,-0.08805433021,-0.0043859159259,0.0344512531617,-0.00868327999009,0.574067925786,0.818792689456,0.00230112567214,0.0,0.81875402459,-0.574007853108,-0.0117293942545,0.0,-0.00828323753856,0.00861769085283,-0.999928559138,0.0,0.659119376084,0.257446337837,0.303591915883,1.0,-0.01034,-0.0135897142857,0.518
0.462971487693,0.53200563465,-0.124056483175,-1.38013402658,0.0780632066478,1.90303909821,0.156170904043,-0.00522521553415,-0.0552418947625,4.2206383249e-05,-0.0912409616957,-0.00736367253514,0.0352876940416,-0.0148712039559,0.574087366371,0.818779080945,0.00229331238123,0.0,0.818740170171,-0.574027170515,-0.0117510918601,0.0,-0.0083052844785,0.00862394638493,-0.99992832233,0.0,0.65889859888,0.257159636999,0.30357207331,1.0,-0.01076,-0.0141417142857,0.539
0.462866855267,0.531270010318,-0.124058508917,-1.38133538985,0.0779999415601,1.90347075178,0.156005896288,-0.00934903252602,-0.0515915261999,0.000369727495313,-0.0926298968242,-0.00111951279387,0.0330222713573,-0.0177602997425,0.574087839675,0.818778818582,0.00226836495931,0.0,0.818739473406,-0.574027624231,-0.0117774448787,0.0,-0.00834117884876,0.00861865375539,-0.999928069184,0.0,0.658754781841,0.256975631714,0.303556214089,1.0,-0.01102,-0.0144834285714,0.552
0.46270563229,0.529987724811,-0.124061884415,-1.38337978606,0.0778630432259,1.90418750655,0.155758137009,-0.00574408245865,-0.0708755103822,0.000123943677277,-0.102632025332,-0.0030424419383,0.042207631487,-0.00945459512133,0.574093486884,0.81877498663,0.00222182106513,0.0,0.818735085102,-0.574033499589,-0.0117961296016,0.0,-0.00838313753673,0.00859132944327,-0.999927953436,0.0,0.658503980232,0.256668165263,0.303548781064,1.0,-0.01144,-0.0150354285714,0.573
0.462589573874,0.529188576528,-0.124067310794,-1.38462432755,0.0777828444933,1.9046530311,0.155581322457,-0.0104445967557,-0.0704171615727,-0.000310559426046,-0.0969816285533,-0.00392980741717,0.0339567045831,-0.0108439422808,0.574093557574,0.818774902163,0.00223464547137,0.0,0.818735225882,-0.574033580936,-0.011782391864,0.0,-0.0083645262467,0.00859394368676,-0.999928086831,0.0,0.658362460011,0.256469975126,0.303559779641,1.0,-0.0117,-0.0153771428571,0.586
0.462432874154,0.527919071361,-0.124062771443,-1.38663349782,0.0776593810012,1.9054175704,0.155301373296,-0.00997091361234,-0.0643520414498,0.000919477218463,-0.103373252535,-0.00683340880807,0.0435431371965,-0.0138051992426,0.574065201988,0.818794729659,0.00225420735562,0.0,0.818755298169,-0.574005144223,-0.0117729786385,0.0,-0.00834588692753,0.00860426723452,-0.999928153797,0.0,0.658124249838,0.256179547586,0.303563434326,1.0,-0.0121,-0.0159028571429,0.606
0.462319301626,0.527048777742,-0.124064939418,-1.38796341648,0.0775724573017,1.90593532646,0.155114616415,-0.0117907388319,-0.0668915957317,0.000550487916529,-0.101936867955,-0.00263066504087,0.0372331203432,-0.019903783832,0.574055394547,0.81880148149,0.00229886986251,0.0,0.818762713673,-0.573995255269,-0.0117393580992,0.0,-0.00829282307236,0.00862143676177,-0.999928447397,0.0,0.657973301359,0.255978181377,0.303587905475,1.0,-0.01236,-0.0162445714286,0.619
0.462131122124,0.525603620462,-0.124068829857,-1.39021029104,0.0774301487942,1.90676443948,0.154818573224,-0.00859070380607,-0.0676608075771,-5.0640236015e-05,-0.10584532457,-0.00548345008357,0.0495919177285,-0.0134524966547,0.574054515218,0.818802060107,0.00231232010592,0.0,0.818763494354,-0.573994354207,-0.0117289621611,0.0,-0.00827659904468,0.00862647306373,-0.999928538382,0.0,0.657718256852,0.255653272125,0.303603687834,1.0,-0.01276,-0.0167702857143,0.639
0.462005184199,0.524713449608,-0.124073739563,-1.39162181522,0.0773476973323,1.90727092472,0.154629666055,-0.0106462323484,-0.0659532615342,-0.000471665092368,-0.111251446239,-0.00481113223658,0.0418965865677,-0.0128734543498,0.574058177605,0.818799511629,0.00230551133615,0.0,0.818760819527,-0.573998002107,-0.0117371583278,0.0,-0.00828718015981,0.00862564014122,-0.999928457929,0.0,0.657537498201,0.255417163572,0.303605502887,1.0,-0.01304,-0.0171382857143,0.653
0.461812605784,0.523253079084,-0.124080781729,-1.39396387779,0.077196330639,1.90811148989,0.154300517281,-0.011033083679,-0.0706984425993,0.000827089033297,-0.111124822748,-0.00810142861681,0.0403593019153,-0.026935838892,0.574036092137,0.818815112603,0.0022634483901,0.0,0.818775910941,-0.57397611608,-0.0117546898302,0.0,-0.00832591266068,0.00860103882856,-0.999928348088,0.0,0.657252026086,0.25506024243,0.303590551452,1.0,-0.01346,-0.0176902857143,0.674
0.46170006843,0.522382249766,-0.124083745528,-1.39533518002,0.0771120751111,1.90864522286,0.154132875778,-0.00999753608452,-0.0774062604838,-0.000197541720371,-0.116791513736,-0.00987559777144,0.0459639633774,-0.0144568235491,0.574043959569,0.81880952692,0.00228866983174,0.0,0.818770690893,-0.573983926754,-0.0117368847195,0.0,-0.00829677306618,0.00861154935573,-0.999928499831,0.0,0.65709260383,0.254855805487,0.303596225936,1.0,-0.0137,-0.0180057142857,0.686
0.461502625255,0.520847621964,-0.124092194114,-1.39778831324,0.076957978487,1.90960309471,0.153791430804,-0.0116039521642,-0.0722526027801,-0.00063076120454,-0.118733406025,-0.00501110255175,0.0447474081714,-0.0148410108833,0.574021870466,0.818824941889,0.00231379971408,0.0,0.818786540134,-0.573961858948,-0.0117103829525,0.0,-0.00826087990302,0.00861668988672,-0.999928752721,0.0,0.656806516511,0.254490207901,0.303590036756,1.0,-0.01412,-0.0185577142857,0.707
0.461372295254,0.519864205798,-0.124092877427,-1.39934831306,0.0768635456672,1.91016501991,0.15356899857,-0.0135846226904,-0.075923142321,-0.00264083506763,-0.121569073061,-0.00173213374141,0.0396499490521,-0.0202855770752,0.574004491579,0.818837159512,0.00230146723343,0.0,0.818798548746,-0.573944477132,-0.0117226550785,0.0,-0.00827819055933,0.00861346053483,-0.999928637383,0.0,0.656614761123,0.254254856041,0.303586846743,1.0,-0.01438,-0.0188994285714,0.72
0.461172525993,0.518281772853,-0.124096799437,-1.40179163953,0.0766971282767,1.91103652006,0.153258924069,-0.0133366245337,-0.0804578216342,-0.00150807395631,-0.124869735198,-0.012424469966,0.0450924325472,-0.00777068442609,0.574004627792,0.81883707033,0.00229922324589,0.0,0.818798522989,-0.573944717991,-0.0117126573872,0.0,-0.00827129027125,0.00860588583175,-0.999928759706,0.0,0.656298431069,0.25386356664,0.30360969992,1.0,-0.0148,-0.0194514285714,0.741
0.461028672945,0.517163019035,-0.124100070761,-1.40354781575,0.076583479774,1.91167458516,0.153001277178,-0.0112608127865,-0.0845144270739,-0.000955115201919,-0.128634463494,-0.00769816889751,0.0463622803607,-0.021414449989,0.573972831902,0.818859363808,0.00229726888406,0.0,0.818820817215,-0.573912960453,-0.0117102527845,0.0,-0.00827077699702,0.00860258416441,-0.999928792362,0.0,0.656098037598,0.253619421924,0.303614742998,1.0,-0.01506,-0.0197931428571,0.754
0.460809936698,0.51557292436,-0.124114163829,-1.40608283987,0.0764284996895,1.91262894938,0.152660386019,-0.012066462286,-0.0789450645197,-0.00196196785242,-0.131681693382,-0.00232179070184,0.0487852918256,-0.0105587116029,0.573975067058,0.818857790722,0.0022995369669,0.0,0.818819320525,-0.573915235769,-0.0117033922006,0.0,-0.00826383368524,0.00860052620669,-0.999928867471,0.0,0.65579650884,0.25322744613,0.303606535703,1.0,-0.01546,-0.0203188571429,0.774
0.460669261125,0.514498949303,-0.124114484596,-1.40777964598,0.0763292211258,1.91325489566,0.152429289147,-0.0175384327243,-0.0800472173812,-0.000300262453697,-0.129513073792,-0.00536678518615,0.0513877900419,-0.0240834470592,0.573963871798,0.818865625719,0.00230386345816,0.0,0.818827143739,-0.573903955111,-0.0117092222497,0.0,-0.00826624240434,0.00860730219046,-0.999928789257,0.0,0.655587982772,0.252974181068,0.303606078041,1.0,-0.01572,-0.0206605714286,0.787
0.460432442043,0.512765988413,-0.124115286965,-1.41059456975,0.0761632969719,1.91422377646,0.152035617065,-0.00733919801983,-0.0830936309591,-0.00138875926236,-0.130879305878,-0.00562543192831,0.049495638778,-0.0163764720854,0.573938720198,0.818883508705,0.00221168033356,0.0,0.818843623381,-0.573878942743,-0.0117824626164,0.0,-0.00837938888622,0.00857359692125,-0.999928137057,0.0,0.655226756768,0.252546223677,0.303564645194,1.0,-0.01614,-0.0212125714286,0.808
0.460281890745,0.511694546051,-0.124113193388,-1.41234064649,0.0760607347744,1.91485732489,0.151788702205,-0.00979802977105,-0.0816479232089,0.00194086188385,-0.133512223303,-0.00563649403193,0.0489211893041,-0.0149005626424,0.57392207163,0.818895265841,0.00217857290352,0.0,0.818854848989,-0.573862321582,-0.0118118185562,0.0,-0.00842260355371,0.00856316322884,-0.999927863391,0.0,0.6550087374,0.252282122104,0.303538909844,1.0,-0.0164,-0.0215542857143,0.821
0.460041130686,0.509892779944,-0.124124526411,-1.41521615182,0.0758927042127,1.91595892706,0.151391463958,-0.00846448415965,-0.0856973973174,-0.00176620120393,-0.140590663017,-0.00658165792674,0.0536008730463,-0.0167881373531,0.573907114189,0.818905689359,0.00220070886773,0.0,0.818865540676,-0.573847259709,-0.0118023607224,0.0,-0.00840231136081,0.00857570854863,-0.999927926596,0.0,0.654662672578,0.251847848012,0.303527535312,1.0,-0.01682,-0.0221062857143,0.842
0.459884581862,0.508709929871,-0.12412486841,-1.41703293464,0.0757685298861,1.9166116171,0.151132076134,-0.0129634096563,-0.0895286322671,-0.000318860900694,-0.141799203973,-0.00983482898745,0.0488304739358,-0.0157275596846,0.573883775933,0.818922018152,0.00221061274068,0.0,0.818882055591,-0.573823944569,-0.011790104854,0.0,-0.00838683541105,0.00857654612254,-0.999928049336,0.0,0.654436336627,0.251569435145,0.30354700268,1.0,-0.01708,-0.022448,0.855
0.459639486587,0.50693179773,-0.124123461252,-1.41983192147,0.0755855528471,1.91762007423,0.150739637,-0.00877777880241,-0.0894436455469,0.00306430498968,-0.137847202878,-0.00517670471656,0.0485180005208,-0.0190655346438,0.573857487438,0.818940483375,0.00219447102855,0.0,0.818900313947,-0.573797724885,-0.0117980352335,0.0,-0.00840286797477,0.00856760882307,-0.999927991352,0.0,0.654086027869,0.251140117844,0.303545739729,1.0,-0.01748,-0.0229737142857,0.875
0.459469565204,0.505742428807,-0.124134105088,-1.42171474301,0.0754717706118,1.91832338577,0.150496683909,-0.0140890993629,-0.0918214075295,-0.000237199410066,-0.146110102177,-0.00215630533065,0.0513627062469,-0.0112955060542,0.573871948135,0.818930335172,0.00220004102168,0.0,0.81889024747,-0.573812171693,-0.0117941136558,0.0,-0.00839630878772,0.00857006811724,-0.999928025375,0.0,0.653857816326,0.250844361808,0.303542333734,1.0,-0.01774,-0.0233154285714,0.888
0.459191409228,0.503714546876,-0.124138237214,-1.42477202401,0.0752680997026,1.9195032073,0.150062063038,-0.0158682606113,-0.0967577598767,1.13235341286e-05,-0.150685858621,-0.0127851721184,0.0563983751771,-0.0208917655033,0.57384913607,0.81894599667,0.00231742786527,0.0,0.818907613611,-0.573789102774,-0.0117103718151,0.0,-0.00826060630422,0.00861791199354,-0.99992874445,0.0,0.653494653174,0.250371220129,0.303606271324,1.0,-0.01816,-0.0238674285714,0.909
0.459009599237,0.502442862369,-0.124141540054,-1.42666026019,0.0751598784878,1.9202182959,0.149804131302,-0.0164591131091,-0.100818132178,0.0007940966211,-0.146136975477,-0.00713900169323,0.0512102838853,-0.0254396659145,0.573856899915,0.818940302919,0.00240532224126,0.0,0.818903006957,-0.573796487571,-0.0116706018833,0.0,-0.00817751823062,0.00866714790242,-0.999929001851,0.0,0.653269061684,0.250074228433,0.30365755051,1.0,-0.01842,-0.0242091428571,0.922
0.458726005441,0.500418995137,-0.12414793277,-1.42969839804,0.0749610493125,1.92128235711,0.149372009791,-0.0154439708691,-0.0995851794082,0.00061190534525,-0.157341106618,-0.0104480479983,0.0589269067451,-0.0221279276187,0.573840722334,0.818951524387,0.00244397160893,0.0,0.818914733588,-0.573780177294,-0.0116496419413,0.0,-0.00813834625169,0.00868661054971,-0.999929152549,0.0,0.652886196863,0.249591766767,0.303716253747,1.0,-0.01882,-0.0247348571429,0.942
0.458542056601,0.49913682798,-0.124148012432,-1.43167783284,0.0748302299432,1.92201418151,0.149094715458,-0.0156156179879,-0.0993368859987,0.00113590390232,-0.151534918594,-0.0143820830563,0.05966106629,-0.0210576179635,0.57382659552,0.818961341278,0.00247116727609,0.0,0.818924937549,-0.573765992552,-0.0116309652708,0.0,-0.00810759526994,0.00869802517515,-0.999929303129,0.0,0.65262044616,0.249260300488,0.30373406703,1.0,-0.0191,-0.0251028571429,0.956
0.458222948561,0.497069193024,-0.124153898172,-1.43496132495,0.0746254906361,1.92322003387,0.14860893665,-0.0128552903579,-0.0916832808695,-0.00148097384835,-0.160986840677,-0.0158432154271,0.0569873859626,-0.0214421780208,0.573808672612,0.818973943353,0.00245646987293,0.0,0.818937323452,-0.573748096475,-0.0116416901411,0.0,-0.00812500240002,0.00869196497699,-0.999929214535,0.0,0.652235251096,0.248757321813,0.303715262226,1.0,-0.0195,-0.0256285714286,0.976
0.458000594704,0.495677689791,-0.124154208683,-1.43717987844,0.0744946253398,1.92398591425,0.148284802589,-0.0172789364707,-0.0963317316171,-0.000603128148499,-0.162292439199,-0.00135847110344,0.0509285905484,-0.0195265347053,0.573802130205,0.818978667468,0.00240925420108,0.0,0.818941261752,-0.573741540003,-0.0116876847995,0.0,-0.00818983298694,0.00867962322007,-0.999928792853,0.0,0.651950154116,0.248398352385,0.303695299527,1.0,-0.01978,-0.0259965714286,0.99
0.457681441894,0.4937113323,-0.124159532325,-1.4404068059,0.0742851237795,1.92512975047,0.147826580072,-0.0166940973076,-0.0985383022829,-1.1712968705e-05,-0.161250432523,-0.00830162963717,0.0504947792371,-0.0229817301895,0.57379762273,0.818982133094,0.00230232989157,0.0,0.818943301226,-0.573737389054,-0.0117483905597,0.0,-0.0083009490393,0.00862684230943,-0.99992833335,0.0,0.651539432433,0.247874519268,0.303628208545,1.0,-0.0204942857143,-0.0269353469388,1.01
0.457484424507,0.492446415838,-0.124163901406,-1.44242370752,0.0741586127936,1.92588383685,0.147554986743,-0.0184431361075,-0.111103399109,-0.00103889725785,-0.166642708341,-0.0083094587304,0.0622190992659,-0.0180594185488,0.573806738966,0.818975750932,0.00230056591183,0.0,0.818936900438,-0.573746515263,-0.0117488818535,0.0,-0.00830226750789,0.00862577197277,-0.999928331638,0.0,0.651289969062,0.247551955635,0.303614181081,1.0,-0.02118,-0.0278365714286,1.022
0.457121567418,0.490186017217,-0.124165591404,-1.44609301511,0.0739231777707,1.92716328791,0.14702189934,-0.0174385354251,-0.103720932188,0.00112805943055,-0.178063406052,-0.0132730138139,0.060599658159,-0.0241329152966,0.573787672405,0.818989422052,0.00218642710278,0.0,0.818948965424,-0.573727763902,-0.0118233607662,0.0,-0.00842895575153,0.00857483596001,-0.999927709834,0.0,0.650814662442,0.246958676961,0.303551189164,1.0,-0.02238,-0.0294137142857,1.043
0.456883595461,0.488692440676,-0.124180620848,-1.44844363561,0.0737722569418,1.92801441931,0.14669233493,-0.0208862972884,-0.111751995569,-0.00697425611535,-0.180960968089,-0.0132060549085,0.0720613696211,-0.0232119788273,0.573799398498,0.818981236313,0.00217525922509,0.0,0.818940672346,-0.573739570908,-0.0118248404831,0.0,-0.00843645261148,0.00856665954359,-0.999927716693,0.0,0.650520927526,0.246569634208,0.303544927156,1.0,-0.0231228571429,-0.0303900408163,1.056
0.456461582499,0.486132267592,-0.124181944949,-1.45235951265,0.0735314545273,1.92953151584,0.1461298361,-0.0212725662255,-0.124459706863,0.000313234621969,-0.188296830687,-0.0148662672397,0.0679329124761,-0.0225090717511,0.57381442285,0.81897033798,0.00231096047325,0.0,0.818931556057,-0.57375408993,-0.0117514971199,0.0,-0.00829836431409,0.00863586326095,-0.999928276936,0.0,0.650051644377,0.245928190744,0.303591106393,1.0,-0.0243228571429,-0.0319671836735,1.077
0.456190322737,0.484493951754,-0.124207185292,-1.4548531019,0.0733666944827,1.93042829846,0.145733670969,-0.0205183965419,-0.130096434289,-0.000783432884307,-0.192721635931,-0.0068762631979,0.0673728291794,-0.0343044458849,0.573808217386,0.818974610486,0.00233750733132,0.0,0.818936286685,-0.573747904155,-0.011723810344,0.0,-0.00826052211826,0.0086416546671,-0.999928540236,0.0,0.649744377181,0.245497703248,0.303619974739,1.0,-0.0250657142857,-0.0329435102041,1.09
0.455758596449,0.481880566612,-0.124239423433,-1.45890156346,0.0731106569258,1.93180405266,0.145133403019,-0.0205829013838,-0.127916241765,-0.00300378884021,-0.202498463597,-0.0123053946436,0.0741956576404,-0.0298452938949,0.573821840314,0.818965217636,0.00228358991877,0.0,0.81892611301,-0.57376164408,-0.0117619774463,0.0,-0.00832257434829,0.00861953691265,-0.999928216593,0.0,0.649221149733,0.244805825473,0.303626168088,1.0,-0.0262085714286,-0.0344455510204,1.11
0.455465010329,0.480142886234,-0.124241731984,-1.46160716365,0.0729490887409,1.93282108244,0.144736749813,-0.0233867065444,-0.133244281143,-0.0019786984759,-0.213177334197,-0.0093885182364,0.0817749041653,-0.0291424773021,0.573827652237,0.818961020999,0.00232776991699,0.0,0.818922408104,-0.573767203044,-0.0117487496266,0.0,-0.00828632949261,0.0086481868653,-0.999928270231,0.0,0.648885634932,0.244359436479,0.303631223027,1.0,-0.0269514285714,-0.035421877551,1.123
0.454965154499,0.477206192613,-0.124257935579,-1.46607580253,0.0726730940835,1.93445402879,0.144090755854,-0.0204841296072,-0.140990073318,-0.00309401126057,-0.21698501656,-0.00940776761176,0.0726932892412,-0.0296919724686,0.573861668286,0.818936936418,0.00241386494579,0.0,0.818899382116,-0.573800832942,-0.011711233349,0.0,-0.00820584183188,0.00869750787393,-0.999928506203,0.0,0.648327891831,0.243601940083,0.303680313125,1.0,-0.0281514285714,-0.0369990204082,1.144
0.454619732667,0.475207107986,-0.124260117294,-1.46918025976,0.0724752861262,1.93559818422,0.143662271539,-0.0247466211612,-0.146265963237,0.000177584917952,-0.228126016715,-0.0185727202313,0.0844485824515,-0.0265562106311,0.573891316448,0.818916070464,0.00244404205437,0.0,0.818878883777,-0.573830341661,-0.0116987005491,0.0,-0.00817794584691,0.00871532488526,-0.999928579606,0.0,0.647937028095,0.243081666735,0.303685474604,1.0,-0.0289514285714,-0.0380504489796,1.158
0.45410870236,0.472250542619,-0.124266184238,-1.47374902666,0.0721775875578,1.9371702987,0.142979781238,-0.021973381487,-0.148682798691,-0.00110593760479,-0.229474243092,-0.0163427152537,0.0799461993779,-0.0341985785663,0.573892690185,0.818915213699,0.00240828276465,0.0,0.818877422611,-0.573831697514,-0.0117344180493,0.0,-0.00822770288631,0.00870655275341,-0.999928247848,0.0,0.647338270933,0.24230494023,0.303691755369,1.0,-0.0300942857143,-0.0395524897959,1.178
0.45378121743,0.470283212798,-0.124265558663,-1.4767819796,0.071990083825,1.9382819296,0.14251217741,-0.0281007476839,-0.151524145461,-0.000640021174825,-0.233387978272,-0.0142182265276,0.0900517258878,-0.0332018311318,0.573871268764,0.818930101563,0.00245000868529,0.0,0.818892750997,-0.573810017502,-0.0117248914791,0.0,-0.00819618484518,0.00873504087811,-0.999928258234,0.0,0.646948099613,0.241806030634,0.303703767901,1.0,-0.0308371428571,-0.0405288163265,1.191
0.453254084856,0.467156190719,-0.124261604863,-1.48153649078,0.0716717446194,1.94009106554,0.141744200937,-0.0271811942843,-0.157525228329,0.000173723873125,-0.246421678481,-0.0210522126034,0.0830063847716,-0.0315620860832,0.573809795923,0.818972732396,0.00259395384732,0.0,0.818937389284,-0.573748189013,-0.0116324949373,0.0,-0.00803857460853,0.00879929475136,-0.999928974343,0.0,0.646351585649,0.241018301629,0.303755954282,1.0,-0.03198,-0.0420308571429,1.211
0.452888084166,0.465076905586,-0.12426682879,-1.48477291523,0.0714429520343,1.94117169451,0.14126225549,-0.0299301189356,-0.166628171848,5.12862974755e-05,-0.256316711449,-0.0195332175226,0.0828736953755,-0.0347296665419,0.573816464769,0.818968316544,0.00251160488746,0.0,0.818931900115,-0.573755141688,-0.01167592659,0.0,-0.00812132408605,0.0087568408779,-0.999928678373,0.0,0.645882051821,0.240414311764,0.303740719459,1.0,-0.03278,-0.0430822857143,1.225
0.452280219682,0.461646034451,-0.124272603876,-1.49016458735,0.071088105205,1.94307128969,0.140464168102,-0.0300494030749,-0.164339380135,-0.00294967196004,-0.261789844382,-0.0183577765303,0.0932378972356,-0.0356892968697,0.573810902952,0.818972366234,0.0024612800572,0.0,0.818935176195,-0.573749633132,-0.0117167646135,0.0,-0.00818370547194,0.00873900435275,-0.999928325815,0.0,0.645202176162,0.239545970313,0.303706279565,1.0,-0.0339228571429,-0.0445843265306,1.245
0.451887800491,0.459458679131,-0.124272870237,-1.49352976685,0.0708597682859,1.94425289423,0.139976764855,-0.0278807294575,-0.168067805453,-0.000365255227037,-0.262859739191,-0.0137771840054,0.0859914630867,-0.036293003517,0.573826667974,0.818961327086,0.00245901613651,0.0,0.818924081817,-0.573765376871,-0.0117212382175,0.0,-0.00818850013941,0.00873987487231,-0.999928278954,0.0,0.64475730857,0.238968200958,0.303712717227,1.0,-0.0346657142857,-0.0455606530612,1.258
0.451237199576,0.456086650482,-0.124287738876,-1.49889741157,0.0705020756428,1.94613727927,0.139130670973,-0.0307893251957,-0.16984906796,-0.00056582588079,-0.271797759207,-0.017311307741,0.0901738898572,-0.0432600735127,0.573826830005,0.818961520207,0.00235467348075,0.0,0.818922837138,-0.573765840603,-0.0117853243901,0.0,-0.00830085578684,0.00869119855527,-0.999927776822,0.0,0.644049088225,0.238022448869,0.303641156001,1.0,-0.0358085714286,-0.0470626938775,1.278
0.45081144848,0.453823346898,-0.124317398736,-1.50247746547,0.0702507205131,1.94733755057,0.138570921728,-0.0335633325187,-0.173597651743,-0.00293618159695,-0.273912788692,-0.0155140110596,0.0970531566478,-0.042555373137,0.573832971789,0.818957534819,0.00224132823287,0.0,0.818917424171,-0.573772466397,-0.0118387539553,0.0,-0.00840958623694,0.00862909624444,-0.999927406144,0.0,0.643565867798,0.237380376041,0.303597338594,1.0,-0.0365514285714,-0.0480390204082,1.291
0.450085929064,0.449730927468,-0.124356600218,-1.50850881586,0.0698376601765,1.94962964535,0.137635293666,-0.0361217780357,-0.187840608785,-0.00134262263429,-0.274846746223,-0.0142355682091,0.104286314982,-0.0357874838206,0.573850413678,0.818944508567,0.00251823557141,0.0,0.818908421325,-0.573789325336,-0.0116427881305,0.0,-0.00809001647219,0.00874359144257,-0.999929048104,0.0,0.642807254109,0.236323093831,0.303734409677,1.0,-0.0378085714286,-0.0496912653061,1.313
0.449664998657,0.447479462089,-0.124365128639,-1.51191374773,0.0696072290978,1.95073709436,0.137135250021,-0.0364521052911,-0.192685093711,0.00220564544636,-0.278549303227,-0.0140374439727,0.0889313201221,-0.0376237735745,0.573881124715,0.818923108388,0.00247873838913,0.0,0.818886366886,-0.573820020359,-0.0116811499651,0.0,-0.00814377071888,0.00873356470207,-0.999928699381,0.0,0.642336619371,0.235715257686,0.303753321393,1.0,-0.0384942857143,-0.0505924897959,1.325
0.448982291793,0.44371522866,-0.124371222334,-1.51771667866,0.0692039972003,1.95277658172,0.136250441721,-0.0368025228782,-0.185645069584,-0.00358514642642,-0.291243159806,-0.0227001795045,0.104556756107,-0.0467444670922,0.573867988334,0.818932352908,0.00246581169446,0.0,0.818895454114,-0.573806943362,-0.0116864828997,0.0,-0.00815569608936,0.00872590842041,-0.999928669028,0.0,0.641548902812,0.234714650892,0.303746172611,1.0,-0.0396371428571,-0.0520945306122,1.345
0.448473375704,0.441038216579,-0.124374508302,-1.52182867185,0.0689164851526,1.95424869017,0.135555545815,-0.0342307984345,-0.189551847192,-0.000476926423158,-0.302538126478,-0.0231529016505,0.102573249215,-0.053206442837,0.573820902555,0.818965282755,0.00248683242076,0.0,0.818928707878,-0.573759842825,-0.0116688078354,0.0,-0.00812966045063,0.00873251243283,-0.999928823391,0.0,0.640998510792,0.233992353715,0.30374793159,1.0,-0.0404371428571,-0.0531459591837,1.359
0.447710270847,0.437180735017,-0.124378403172,-1.52787238855,0.0685177341074,1.95634502072,0.134597992078,-0.0383157692957,-0.191557375924,0.0010336709416,-0.301735234377,-0.0170325279606,0.101383137681,-0.0420489376601,0.573820392635,0.81896586957,0.00241005736026,0.0,0.818928039314,-0.573759336599,-0.0117403999827,0.0,-0.00823235246705,0.00871071218465,-0.999928173354,0.0,0.640170611998,0.232921158739,0.303689291124,1.0,-0.04158,-0.054648,1.379
0.447188171184,0.434507572896,-0.124394986704,-1.53182161575,0.0682478760893,1.95774058084,0.133972730326,-0.0409922321306,-0.205346760401,-0.00102159751446,-0.301432377609,-0.0185279070132,0.114015099636,-0.0390654922734,0.573845461589,0.818948017499,0.00250554369786,0.0,0.81891147264,-0.573784102939,-0.0116854650768,0.0,-0.00813230388723,0.00875763819194,-0.999928582153,0.0,0.639644213317,0.232200752429,0.303754967543,1.0,-0.0423228571429,-0.0556243265306,1.392
