position_joint1,position_joint2,position_joint3,position_joint4,position_joint5,position_joint6,position_joint7,velocity_joint1,velocity_joint2,velocity_joint3,velocity_joint4,velocity_joint5,velocity_joint6,velocity_joint7,ee_T_00,ee_T_10,ee_T_20,ee_T_30,ee_T_01,ee_T_11,ee_T_21,ee_T_31,ee_T_02,ee_T_12,ee_T_22,ee_T_32,ee_T_03,ee_T_13,ee_T_23,ee_T_33,v_x,v_y,time
0.465091405521,0.547552078797,-0.124006880124,-1.35573937847,0.0794388540582,1.89410925993,0.159144769514,0.00128013146095,0.000397141486317,-0.000120517603785,-9.68477033007e-06,-4.2030042839e-05,-0.000244427936578,-0.00173803802733,0.573770577146,0.81900138424,0.00219187474702,0.0,0.81896213461,-0.573711808711,-0.0116845848268,0.0,-0.00831234676027,0.00849949704305,-0.999929329223,0.0,0.661709392066,0.260896438864,0.303422498601,1.0,0.0,0.0,0.0
0.465091405521,0.547552079742,-0.124004138568,-1.35573892146,0.0794402711916,1.8941108409,0.159142277717,0.00053043844384,0.000973512144013,0.000706707016033,0.000832348366052,-0.000276185502662,0.000526625663468,-0.00114416383214,0.573766981669,0.819003894701,0.00219501984093,0.0,0.818964661936,-0.573708177432,-0.0116857412202,0.0,-0.00831152676205,0.00850269985374,-0.99992930881,0.0,0.661709103102,0.260898417188,0.303422764762,1.0,-4e-05,-5.25714285714e-05,0.003
0.465088382334,0.547553778566,-0.124009219539,-1.35573974301,0.0794371563975,1.89410560835,0.159144631049,-0.00105195102941,0.00166248243259,-0.00133443249467,0.000648768246345,-0.000171557316308,-0.000118880526987,-0.000700446735863,0.573774123548,0.818998916465,0.00218560663648,0.0,0.818959607383,-0.573715400474,-0.0116853598322,0.0,-0.00831654097353,0.00849484420104,-0.999929333887,0.0,0.661709956222,0.26089249471,0.3034208778,1.0,-0.00026,-0.000341714285714,0.014
0.465085432618,0.547536474807,-0.124009112334,-1.35575107558,0.0794378931423,1.89410885655,0.159146137427,-0.00120810383669,-0.000632524278189,-0.00077614694712,-0.00250897638752,-0.00013821076708,0.00532547998407,-0.000567942047091,0.573778502053,0.81899582503,0.00219455401466,0.0,0.818956618123,-0.573719730795,-0.0116822527794,0.0,-0.00830881728526,0.0085004336942,-0.999929350595,0.0,0.661709167147,0.260889828112,0.303428021924,1.0,-0.00068,-0.000893714285714,0.035
0.465084461403,0.547507458577,-0.12400730927,-1.35578102288,0.0794396602847,1.89411234561,0.159146137426,-0.00218404780037,-0.0017184335811,0.000322189305992,-0.00678909994214,-0.000546596285427,-0.000473687568107,-0.00122167702263,0.573780112774,0.818994682808,0.00219968585714,0.0,0.818955492599,-0.573721271108,-0.0116855089903,0.0,-0.0083085231278,0.00850652125788,-0.999929301271,0.0,0.661703504327,0.260887578367,0.303434568989,1.0,-0.00094,-0.00123542857143,0.048
0.46509282611,0.547342197186,-0.124004534271,-1.35594999091,0.0794351516927,1.89414328952,0.159143739114,-0.000726471615014,-0.00604129978617,0.000536425421647,-0.0127784214176,0.000391730159737,0.00432156830029,-0.00136493175264,0.57377730441,0.818996570158,0.00222933050341,0.0,0.818957661189,-0.573718246567,-0.0116820219429,0.0,-0.00828868789921,0.00852877056079,-0.999929276362,0.0,0.661672737257,0.260878203841,0.303473797604,1.0,-0.00136,-0.00178742857143,0.069
0.465081246322,0.547245391751,-0.124002037398,-1.3560925019,0.0794346374744,1.89416809859,0.159145202965,-0.00084562359791,-0.00469601760881,0.000444614561778,-0.017377584286,0.000212573203431,0.000295247479113,-0.000959746796272,0.573793888551,0.818984983074,0.00221762525357,0.0,0.81894580418,-0.573734751063,-0.0117026552774,0.0,-0.00831213029575,0.00853119122651,-0.999929061117,0.0,0.661650043171,0.260857938295,0.303476606027,1.0,-0.0016,-0.00210285714286,0.081
0.465061650184,0.547032329115,-0.124009449209,-1.35634232699,0.0794264705193,1.89429460217,0.159136440437,-0.00216293491916,-0.00556328065751,0.000175815944793,-0.0101523021985,5.28630004723e-05,0.00497639094579,0.00013299507054,0.573819888669,0.81896655113,0.00229573506416,0.0,0.818928406553,-0.573760480697,-0.0116585862134,0.0,-0.00823094855953,0.00857013630265,-0.999929399633,0.0,0.661630890402,0.260821105007,0.30351983097,1.0,-0.00202,-0.00265485714286,0.102
0.465044262846,0.546875712596,-0.12399975974,-1.35650737159,0.0794236527244,1.89439381615,0.159122078004,-0.00217712136779,-0.00736236403656,0.00128651704565,-0.010174119014,-8.67195435942e-05,0.0119896188223,-0.0028386457545,0.573824234325,0.818963268364,0.00237909076711,0.0,0.818926144928,-0.573764462737,-0.0116214178813,0.0,-0.00815263359873,0.00861711675403,-0.999929637457,0.0,0.661619432573,0.260803966541,0.303560497588,1.0,-0.00228,-0.00299657142857,0.115
0.465002817129,0.546610758863,-0.124007406033,-1.35684979296,0.0794110692588,1.8945500456,0.159101790389,-0.00379450076137,-0.0200204952809,-0.00149545840514,-0.017304354393,-7.87836804251e-06,0.00701420101545,-0.001241252636,0.573862834,0.818936017138,0.0024483645384,0.0,0.818899798512,-0.573802821547,-0.0115839925434,0.0,-0.00808182583592,0.00865275460951,-0.999929904508,0.0,0.661592315672,0.26074353019,0.303598962602,1.0,-0.0027,-0.00354857142857,0.136
0.464975324219,0.546436148472,-0.124004534283,-1.35710813046,0.0794009673179,1.89464469082,0.159088933281,-0.00380089443374,-0.0166054780823,0.00138123896233,-0.0196265182416,0.000104916273914,0.00850900882282,-0.000443777810922,0.573883529518,0.81892149016,0.00245650219115,0.0,0.818885290533,-0.573823393627,-0.0115905468272,0.0,-0.00808230506513,0.00866338422971,-0.999929808596,0.0,0.661559534741,0.260699128015,0.303605472738,1.0,-0.00296,-0.00389028571429,0.149
0.464929668606,0.546098636298,-0.124004626207,-1.3576249321,0.0793636824214,1.89483313431,0.158939710521,-0.0027009463887,-0.0214092328894,-2.94270450476e-05,-0.0239071719581,-0.00104066999416,0.0159008533637,-0.00460770280159,0.57381880532,0.818966812995,0.00246673377853,0.0,0.818930809705,-0.573758710325,-0.0115766205603,0.0,-0.00806571334402,0.00866313366229,-0.999929944738,0.0,0.661505524343,0.260623005647,0.30361706998,1.0,-0.00336,-0.004416,0.169
0.46489865813,0.545873986756,-0.12400593489,-1.35799942018,0.0793288373864,1.8949585616,0.158925253212,-0.00166579100636,-0.0198309610424,0.00455562354498,-0.0278241754483,-0.0090855360168,0.00683156704487,0.00134816905123,0.573845537624,0.818948175058,0.00243565584153,0.0,0.818911865174,-0.573785649963,-0.0115815316409,0.0,-0.00808728553686,0.00864076408055,-0.999929964052,0.0,0.661456769855,0.260559837647,0.303607772409,1.0,-0.00364,-0.004784,0.183
0.464831627851,0.545472102605,-0.124007740314,-1.35867764602,0.0792812849469,1.89519485194,0.15885724814,-0.00272207732974,-0.0218463045322,-0.000248616336506,-0.0327643950284,-0.000172890986088,0.0154188082647,-0.00975883846476,0.573870632624,0.818930697452,0.00239930892607,0.0,0.818893958118,-0.573810913146,-0.0115960430183,0.0,-0.00811976228144,0.00861957407957,-0.999929883743,0.0,0.661383383344,0.260450826884,0.303590949118,1.0,-0.00404,-0.00530971428571,0.203
0.464789722522,0.545197638631,-0.12400774065,-1.35915746756,0.0792673950841,1.89534796973,0.158795613463,-0.0045487793641,-0.021784820931,0.000230779658616,-0.0375525796793,-0.000162193862101,0.0107142620551,-0.00221267926173,0.573877493375,0.818925995319,0.00236298339543,0.0,0.818888619177,-0.573817726496,-0.0116358516489,0.0,-0.00817313699146,0.0086127394093,-0.999929507791,0.0,0.661322633107,0.260377901005,0.303570128244,1.0,-0.0043,-0.00565142857143,0.216
0.464704960143,0.544701270591,-0.124013631983,-1.36000119339,0.0792312063123,1.89562445433,0.158676804567,-0.00533721494297,-0.0190139552026,-0.0015509817047,-0.0409117297977,-0.00048479797554,0.0188648077566,-0.0010466828449,0.573891066497,0.818916636791,0.00230926002847,0.0,0.818878409489,-0.573831331235,-0.0116833499845,0.0,-0.00824272261744,0.00859613886441,-0.999929079445,0.0,0.66122240879,0.260237705866,0.303544009862,1.0,-0.00472,-0.00620342857143,0.237
0.464671383385,0.544409348783,-0.124010953188,-1.36051620291,0.0792028542494,1.89579350449,0.158635744584,-0.0037933098438,-0.0190660454951,0.000504854104567,-0.0455645473419,-0.00555809981982,0.0180916142252,-0.00768802084558,0.573904184257,0.818907568271,0.00226469029887,0.0,0.818868692801,-0.573844540259,-0.0117155651381,0.0,-0.00829454449042,0.00857826099641,-0.999928804451,0.0,0.66115511932,0.260166636987,0.303520020614,1.0,-0.00496,-0.00651885714286,0.249
0.464579788799,0.543795649361,-0.124014439851,-1.36151192336,0.0791526884458,1.89614561752,0.158485977233,-0.00680821285636,-0.0248825333979,-0.00151389314702,-0.0508162620776,-0.000177050015282,0.0150886247742,-0.00661655001663,0.573901079286,0.81890980222,0.00224364088616,0.0,0.818870550342,-0.573841408446,-0.01173910714,0.0,-0.00832593616017,0.00857450279047,-0.999928575794,0.0,0.661039900386,0.260009703328,0.303510957853,1.0,-0.0054,-0.00709714285714,0.271
0.464538727587,0.543437640574,-0.12401998517,-1.3621013144,0.0791141028957,1.89634655751,0.15841914983,-0.00292498708682,-0.0262196599047,3.20294940936e-05,-0.0513943671141,-0.00226542553328,0.00841937838061,-0.00474593898129,0.573906336656,0.818906197134,0.00221448495302,0.0,0.818866591842,-0.57384680184,-0.0117515821885,0.0,-0.00835282919013,0.00855783999482,-0.999928494253,0.0,0.660967859706,0.259921477021,0.303501285117,1.0,-0.00564,-0.00741257142857,0.283
0.464444546018,0.542784929498,-0.124018274202,-1.36315999811,0.0790461423445,1.89671806169,0.158289377559,-0.00318179489347,-0.0289056843654,-0.000778450824858,-0.0515292412438,-0.00711412605905,0.0178062818088,-0.00388640396648,0.573916707364,0.818899013838,0.00218289825556,0.0,0.818858988702,-0.573857282625,-0.0117695667396,0.0,-0.0083855759835,0.00854240131598,-0.999928352181,0.0,0.660843225699,0.259757335276,0.303491197216,1.0,-0.00606,-0.00796457142857,0.304
0.464395604965,0.542336255348,-0.12402637117,-1.36385725525,0.0790086450753,1.89697151556,0.158189131481,-0.00469436143484,-0.039291946494,0.0015064964953,-0.0517252361276,-0.00679837706896,0.0216514374659,-0.00865801245081,0.573909100521,0.81890433223,0.00218766877841,0.0,0.818864354526,-0.573849643519,-0.0117687051394,0.0,-0.00838221205836,0.00854573549492,-0.999928351896,0.0,0.660761591049,0.25965455847,0.303498870913,1.0,-0.00632,-0.00830628571429,0.317
0.46429647222,0.541620673028,-0.124021196046,-1.36495162177,0.0789470366132,1.89737464707,0.158043780451,-0.00221251677845,-0.0344556550986,0.000150121322551,-0.053871750427,-0.00181840396332,0.0203349880385,-0.00496761839948,0.573911931096,0.818902282548,0.00221221240619,0.0,0.818862547046,-0.573852301157,-0.0117648800839,0.0,-0.00836496502621,0.00856366781077,-0.999928342909,0.0,0.660636504708,0.259488938743,0.30351873412,1.0,-0.00672,-0.008832,0.337
0.464235222259,0.541138682946,-0.124026488579,-1.36569466917,0.0788991779106,1.89764940945,0.157941692482,-0.00588547857353,-0.0345866594611,0.000203543813622,-0.0555644541935,-0.00489868434456,0.024730699697,-0.0043196363411,0.573910637762,0.818903165501,0.00222087742321,0.0,0.81886358755,-0.573851020951,-0.011754898522,0.0,-0.00835183163174,0.00856502186509,-0.999928441094,0.0,0.660552342601,0.259374436634,0.303529787904,1.0,-0.00698,-0.00917371428571,0.35
0.464122335494,0.540286439014,-0.124026193123,-1.3669993764,0.0788209724429,1.89813774073,0.157788922803,-0.00469668088121,-0.040891944565,-0.00063197698451,-0.0650104927628,-0.00455075438853,0.0266527571569,-0.0139785809111,0.573929192753,0.818890078161,0.00225133211571,0.0,0.818850886715,-0.573869448718,-0.0117400194004,0.0,-0.00832197490807,0.0085816103792,-0.999928547796,0.0,0.660404521137,0.259176847171,0.303553463311,1.0,-0.0074,-0.00972571428571,0.371
0.464034670901,0.539747046088,-0.12402690834,-1.36783960076,0.0787729497309,1.89844704818,0.157683339712,-0.00588969257312,-0.0385594493297,-6.54051108181e-05,-0.0707078572135,-0.00400208997798,0.0271738755835,-0.010252107034,0.57394868393,0.818876394386,0.00225960919454,0.0,0.818837280907,-0.573888875765,-0.0117393599037,0.0,-0.00831648024806,0.00858820776531,-0.999928536868,0.0,0.660311838302,0.259039104596,0.303561534176,1.0,-0.00766,-0.0100674285714,0.384
0.463908289397,0.538834974057,-0.124035474158,-1.36927142293,0.0786954516813,1.89898711365,0.157510317867,-0.00680561504644,-0.03936825604,-9.35969442267e-05,-0.0702689378176,-0.00304091973074,0.0305905468519,-0.00750974767363,0.573975022313,0.818857880881,0.00227850429317,0.0,0.818818975751,-0.573915101436,-0.0117340613506,0.0,-0.00830102040954,0.00860090627123,-0.999928556184,0.0,0.660151492983,0.258816812193,0.303571497635,1.0,-0.00808,-0.0106194285714,0.405
0.463816013455,0.538232168373,-0.124033300925,-1.37019304411,0.0786452996689,1.89934161916,0.157392923213,-0.00575329786905,-0.054314328181,0.000870224040048,-0.0726422527938,-0.00684982927085,0.0256789555712,-0.00537971154668,0.573988720781,0.818848174019,0.00231586319214,0.0,0.818809727518,-0.573928631076,-0.0117176556321,0.0,-0.00826599987259,0.00862221948058,-0.999928662744,0.0,0.660060757439,0.258681730151,0.30359436951,1.0,-0.00832,-0.0109348571429,0.417
0.463688773629,0.537312921172,-0.124042465798,-1.37165678659,0.0785497903433,1.89989593125,0.157203355728,-0.0102285872972,-0.0462197088517,0.000957360109917,-0.0766230000849,-0.00120837842314,0.0290122941588,-0.0125679000539,0.574001105767,0.81883950185,0.00231250701491,0.0,0.818801095928,-0.573941114759,-0.0117093551551,0.0,-0.00826099873797,0.0086148319472,-0.999928767748,0.0,0.659887014868,0.258442802326,0.303590021312,1.0,-0.00874,-0.0114868571429,0.438
0.463599297956,0.536623536947,-0.124050440699,-1.37272948069,0.0784972254054,1.90029721875,0.157088489046,-0.00864232640721,-0.0534247926037,0.000443128967253,-0.0790671190991,-0.000852297741071,0.0354713696186,-0.0050844542447,0.574030936114,0.818818535296,0.00233185349983,0.0,0.818780308697,-0.573970794782,-0.0117081052416,0.0,-0.0082485565887,0.00863025649958,-0.999928737454,0.0,0.659764401396,0.258279573288,0.30360119209,1.0,-0.00902,-0.0118548571429,0.452
0.463465033369,0.535628236597,-0.12405455158,-1.37429916409,0.0783814701917,1.90088105691,0.156896684106,-0.00977836033079,-0.047795636023,0.000385000019732,-0.0782750550124,-0.00283767503236,0.0242116678605,-0.00517683588988,0.574041969921,0.818810815841,0.00232627011026,0.0,0.818772704944,-0.573982044654,-0.0116883255443,0.0,-0.00823544865831,0.0086144417458,-0.999928981868,0.0,0.659584874014,0.258036255026,0.30360722439,1.0,-0.00942,-0.0123805714286,0.472
0.46337461397,0.534927772027,-0.124055253696,-1.37538224987,0.0783351243737,1.90127229013,0.156760776341,-0.0104938681943,-0.0553582265111,-0.000317394911651,-0.0834974441604,-0.00670460376976,0.0310025573052,-0.00708143591689,0.574052186255,0.81880360235,0.00234417041335,0.0,0.818765536802,-0.573991998086,-0.0117016571033,0.0,-0.00823598249839,0.00863685407598,-0.999928784136,0.0,0.659455869665,0.257875886132,0.30361990415,1.0,-0.00968,-0.0127222857143,0.485
0.463236374251,0.533886285584,-0.124055427477,-1.37710710974,0.0782395264095,1.90189400668,0.156549041105,-0.00662581370373,-0.0513946040715,0.00169914963075,-0.08649092888,-0.010713375403,0.0346444432971,-0.00799551292537,0.574061023615,0.81879754679,0.00229465399791,0.0,0.818758715128,-0.574000890032,-0.0117427231373,0.0,-0.00829793922139,0.00861997358443,-0.999928417568,0.0,0.659247296748,0.257620282802,0.303587497219,1.0,-0.01008,-0.013248,0.505
0.463138387381,0.533172553205,-0.124058452002,-1.37823325645,0.0781636422446,1.90232117667,0.156406454118,-0.00502828433809,-0.0624332779848,-0.00118885985588,-0.08805433021,-0.0043859159259,0.0344512531617,-0.00868327999009,0.574067925786,0.818792689456,0.00230112567214,0.0,0.81875402459,-0.574007853108,-0.0117293942545,0.0,-0.00828323753856,0.00861769085283,-0.999928559138,0.0,0.659119376084,0.257446337837,0.303591915883,1.0,-0.01034,-0.0135897142857,0.518
0.462971487693,0.53200563465,-0.124056483175,-1.38013402658,0.0780632066478,1.90303909821,0.156170904043,-0.00522521553415,-0.0552418947625,4.2206383249e-05,-0.0912409616957,-0.00736367253514,0.0352876940416,-0.0148712039559,0.574087366371,0.818779080945,0.00229331238123,0.0,0.818740170171,-0.574027170515,-0.0117510918601,0.0,-0.0083052844785,0.00862394638493,-0.99992832233,0.0,0.65889859888,0.257159636999,0.30357207331,1.0,-0.01076,-0.0141417142857,0.539
0.462866855267,0.531270010318,-0.124058508917,-1.38133538985,0.0779999415601,1.90347075178,0.156005896288,-0.00934903252602,-0.0515915261999,0.000369727495313,-0.0926298968242,-0.00111951279387,0.0330222713573,-0.0177602997425,0.574087839675,0.818778818582,0.00226836495931,0.0,0.818739473406,-0.574027624231,-0.0117774448787,0.0,-0.00834117884876,0.00861865375539,-0.999928069184,0.0,0.658754781841,0.256975631714,0.303556214089,1.0,-0.01102,-0.0144834285714,0.552
0.46270563229,0.529987724811,-0.124061884415,-1.38337978606,0.0778630432259,1.90418750655,0.155758137009,-0.00574408245865,-0.0708755103822,0.000123943677277,-0.102632025332,-0.0030424419383,0.042207631487,-0.00945459512133,0.574093486884,0.81877498663,0.00222182106513,0.0,0.818735085102,-0.574033499589,-0.0117961296016,0.0,-0.00838313753673,0.00859132944327,-0.999927953436,0.0,0.658503980232,0.256668165263,0.303548781064,1.0,-0.01144,-0.0150354285714,0.573
0.462589573874,0.529188576528,-0.124067310794,-1.38462432755,0.0777828444933,1.9046530311,0.155581322457,-0.0104445967557,-0.0704171615727,-0.000310559426046,-0.0969816285533,-0.00392980741717,0.0339567045831,-0.0108439422808,0.574093557574,0.818774902163,0.00223464547137,0.0,0.818735225882,-0.574033580936,-0.011782391864,0.0,-0.0083645262467,0.00859394368676,-0.999928086831,0.0,0.658362460011,0.256469975126,0.303559779641,1.0,-0.0117,-0.0153771428571,0.586
0.462432874154,0.527919071361,-0.124062771443,-1.38663349782,0.0776593810012,1.9054175704,0.155301373296,-0.00997091361234,-0.0643520414498,0.000919477218463,-0.103373252535,-0.00683340880807,0.0435431371965,-0.0138051992426,0.574065201988,0.818794729659,0.00225420735562,0.0,0.818755298169,-0.574005144223,-0.0117729786385,0.0,-0.00834588692753,0.00860426723452,-0.999928153797,0.0,0.658124249838,0.256179547586,0.303563434326,1.0,-0.0121,-0.0159028571429,0.606
0.462319301626,0.527048777742,-0.124064939418,-1.38796341648,0.0775724573017,1.90593532646,0.155114616415,-0.0117907388319,-0.0668915957317,0.000550487916529,-0.101936867955,-0.00263066504087,0.0372331203432,-0.019903783832,0.574055394547,0.81880148149,0.00229886986251,0.0,0.818762713673,-0.573995255269,-0.0117393580992,0.0,-0.00829282307236,0.00862143676177,-0.999928447397,0.0,0.657973301359,0.255978181377,0.303587905475,1.0,-0.01236,-0.0162445714286,0.619
0.462131122124,0.525603620462,-0.124068829857,-1.39021029104,0.0774301487942,1.90676443948,0.154818573224,-0.00859070380607,-0.0676608075771,-5.0640236015e-05,-0.10584532457,-0.00548345008357,0.0495919177285,-0.0134524966547,0.574054515218,0.818802060107,0.00231232010592,0.0,0.818763494354,-0.573994354207,-0.0117289621611,0.0,-0.00827659904468,0.00862647306373,-0.999928538382,0.0,0.657718256852,0.255653272125,0.303603687834,1.0,-0.01276,-0.0167702857143,0.639
0.462005184199,0.524713449608,-0.124073739563,-1.39162181522,0.0773476973323,1.90727092472,0.154629666055,-0.0106462323484,-0.0659532615342,-0.000471665092368,-0.111251446239,-0.00481113223658,0.0418965865677,-0.0128734543498,0.574058177605,0.818799511629,0.00230551133615,0.0,0.818760819527,-0.573998002107,-0.0117371583278,0.0,-0.00828718015981,0.00862564014122,-0.999928457929,0.0,0.657537498201,0.255417163572,0.303605502887,1.0,-0.01304,-0.0171382857143,0.653
0.461812605784,0.523253079084,-0.124080781729,-1.39396387779,0.077196330639,1.90811148989,0.154300517281,-0.011033083679,-0.0706984425993,0.000827089033297,-0.111124822748,-0.00810142861681,0.0403593019153,-0.026935838892,0.574036092137,0.818815112603,0.0022634483901,0.0,0.818775910941,-0.57397611608,-0.0117546898302,0.0,-0.00832591266068,0.00860103882856,-0.999928348088,0.0,0.657252026086,0.25506024243,0.303590551452,1.0,-0.01346,-0.0176902857143,0.674
0.46170006843,0.522382249766,-0.124083745528,-1.39533518002,0.0771120751111,1.90864522286,0.154132875778,-0.00999753608452,-0.0774062604838,-0.000197541720371,-0.116791513736,-0.00987559777144,0.0459639633774,-0.0144568235491,0.574043959569,0.81880952692,0.00228866983174,0.0,0.818770690893,-0.573983926754,-0.0117368847195,0.0,-0.00829677306618,0.00861154935573,-0.999928499831,0.0,0.65709260383,0.254855805487,0.303596225936,1.0,-0.0137,-0.0180057142857,0.686
0.461502625255,0.520847621964,-0.124092194114,-1.39778831324,0.076957978487,1.90960309471,0.153791430804,-0.0116039521642,-0.0722526027801,-0.00063076120454,-0.118733406025,-0.00501110255175,0.0447474081714,-0.0148410108833,0.574021870466,0.818824941889,0.00231379971408,0.0,0.818786540134,-0.573961858948,-0.0117103829525,0.0,-0.00826087990302,0.00861668988672,-0.999928752721,0.0,0.656806516511,0.254490207901,0.303590036756,1.0,-0.01412,-0.0185577142857,0.707
0.461372295254,0.519864205798,-0.124092877427,-1.39934831306,0.0768635456672,1.91016501991,0.15356899857,-0.0135846226904,-0.075923142321,-0.00264083506763,-0.121569073061,-0.00173213374141,0.0396499490521,-0.0202855770752,0.574004491579,0.818837159512,0.00230146723343,0.0,0.818798548746,-0.573944477132,-0.0117226550785,0.0,-0.00827819055933,0.00861346053483,-0.999928637383,0.0,0.656614761123,0.254254856041,0.303586846743,1.0,-0.01438,-0.0188994285714,0.72
0.461172525993,0.518281772853,-0.124096799437,-1.40179163953,0.0766971282767,1.91103652006,0.153258924069,-0.0133366245337,-0.0804578216342,-0.00150807395631,-0.124869735198,-0.012424469966,0.0450924325472,-0.00777068442609,0.574004627792,0.81883707033,0.00229922324589,0.0,0.818798522989,-0.573944717991,-0.0117126573872,0.0,-0.00827129027125,0.00860588583175,-0.999928759706,0.0,0.656298431069,0.25386356664,0.30360969992,1.0,-0.0148,-0.0194514285714,0.741
0.461028672945,0.517163019035,-0.124100070761,-1.40354781575,0.076583479774,1.91167458516,0.153001277178,-0.0112608127865,-0.0845144270739,-0.000955115201919,-0.128634463494,-0.00769816889751,0.0463622803607,-0.021414449989,0.573972831902,0.818859363808,0.00229726888406,0.0,0.818820817215,-0.573912960453,-0.0117102527845,0.0,-0.00827077699702,0.00860258416441,-0.999928792362,0.0,0.656098037598,0.253619421924,0.303614742998,1.0,-0.01506,-0.0197931428571,0.754
0.460809936698,0.51557292436,-0.124114163829,-1.40608283987,0.0764284996895,1.91262894938,0.152660386019,-0.012066462286,-0.0789450645197,-0.00196196785242,-0.131681693382,-0.00232179070184,0.0487852918256,-0.0105587116029,0.573975067058,0.818857790722,0.0022995369669,0.0,0.818819320525,-0.573915235769,-0.0117033922006,0.0,-0.00826383368524,0.00860052620669,-0.999928867471,0.0,0.65579650884,0.25322744613,0.303606535703,1.0,-0.01546,-0.0203188571429,0.774
0.460669261125,0.514498949303,-0.124114484596,-1.40777964598,0.0763292211258,1.91325489566,0.152429289147,-0.0175384327243,-0.0800472173812,-0.000300262453697,-0.129513073792,-0.00536678518615,0.0513877900419,-0.0240834470592,0.573963871798,0.818865625719,0.00230386345816,0.0,0.818827143739,-0.573903955111,-0.0117092222497,0.0,-0.00826624240434,0.00860730219046,-0.999928789257,0.0,0.655587982772,0.252974181068,0.303606078041,1.0,-0.01572,-0.0206605714286,0.787
0.460432442043,0.512765988413,-0.124115286965,-1.41059456975,0.0761632969719,1.91422377646,0.152035617065,-0.00733919801983,-0.0830936309591,-0.00138875926236,-0.130879305878,-0.00562543192831,0.049495638778,-0.0163764720854,0.573938720198,0.818883508705,0.00221168033356,0.0,0.818843623381,-0.573878942743,-0.0117824626164,0.0,-0.00837938888622,0.00857359692125,-0.999928137057,0.0,0.655226756768,0.252546223677,0.303564645194,1.0,-0.01614,-0.0212125714286,0.808
0.460281890745,0.511694546051,-0.124113193388,-1.41234064649,0.0760607347744,1.91485732489,0.151788702205,-0.00979802977105,-0.0816479232089,0.00194086188385,-0.133512223303,-0.00563649403193,0.0489211893041,-0.0149005626424,0.57392207163,0.818895265841,0.00217857290352,0.0,0.818854848989,-0.573862321582,-0.0118118185562,0.0,-0.00842260355371,0.00856316322884,-0.999927863391,0.0,0.6550087374,0.252282122104,0.303538909844,1.0,-0.0164,-0.0215542857143,0.821
0.460041130686,0.509892779944,-0.124124526411,-1.41521615182,0.0758927042127,1.91595892706,0.151391463958,-0.00846448415965,-0.0856973973174,-0.00176620120393,-0.140590663017,-0.00658165792674,0.0536008730463,-0.0167881373531,0.573907114189,0.818905689359,0.00220070886773,0.0,0.818865540676,-0.573847259709,-0.0118023607224,0.0,-0.00840231136081,0.00857570854863,-0.999927926596,0.0,0.654662672578,0.251847848012,0.303527535312,1.0,-0.01682,-0.0221062857143,0.842
0.459884581862,0.508709929871,-0.12412486841,-1.41703293464,0.0757685298861,1.9166116171,0.151132076134,-0.0129634096563,-0.0895286322671,-0.000318860900694,-0.141799203973,-0.00983482898745,0.0488304739358,-0.0157275596846,0.573883775933,0.818922018152,0.00221061274068,0.0,0.818882055591,-0.573823944569,-0.011790104854,0.0,-0.00838683541105,0.00857654612254,-0.999928049336,0.0,0.654436336627,0.251569435145,0.30354700268,1.0,-0.01708,-0.022448,0.855
0.459639486587,0.50693179773,-0.124123461252,-1.41983192147,0.0755855528471,1.91762007423,0.150739637,-0.00877777880241,-0.0894436455469,0.00306430498968,-0.137847202878,-0.00517670471656,0.0485180005208,-0.0190655346438,0.573857487438,0.818940483375,0.00219447102855,0.0,0.818900313947,-0.573797724885,-0.0117980352335,0.0,-0.00840286797477,0.00856760882307,-0.999927991352,0.0,0.654086027869,0.251140117844,0.303545739729,1.0,-0.01748,-0.0229737142857,0.875
0.459469565204,0.505742428807,-0.124134105088,-1.42171474301,0.0754717706118,1.91832338577,0.150496683909,-0.0140890993629,-0.0918214075295,-0.000237199410066,-0.146110102177,-0.00215630533065,0.0513627062469,-0.0112955060542,0.573871948135,0.818930335172,0.00220004102168,0.0,0.81889024747,-0.573812171693,-0.0117941136558,0.0,-0.00839630878772,0.00857006811724,-0.999928025375,0.0,0.653857816326,0.250844361808,0.303542333734,1.0,-0.01774,-0.0233154285714,0.888
0.459191409228,0.503714546876,-0.124138237214,-1.42477202401,0.0752680997026,1.9195032073,0.150062063038,-0.0158682606113,-0.0967577598767,1.13235341286e-05,-0.150685858621,-0.0127851721184,0.0563983751771,-0.0208917655033,0.57384913607,0.81894599667,0.00231742786527,0.0,0.818907613611,-0.573789102774,-0.0117103718151,0.0,-0.00826060630422,0.00861791199354,-0.99992874445,0.0,0.653494653174,0.250371220129,0.303606271324,1.0,-0.01816,-0.0238674285714,0.909
0.459009599237,0.502442862369,-0.124141540054,-1.42666026019,0.0751598784878,1.9202182959,0.149804131302,-0.0164591131091,-0.100818132178,0.0007940966211,-0.146136975477,-0.00713900169323,0.0512102838853,-0.0254396659145,0.573856899915,0.818940302919,0.00240532224126,0.0,0.818903006957,-0.573796487571,-0.0116706018833,0.0,-0.00817751823062,0.00866714790242,-0.999929001851,0.0,0.653269061684,0.250074228433,0.30365755051,1.0,-0.01842,-0.0242091428571,0.922
0.458726005441,0.500418995137,-0.12414793277,-1.42969839804,0.0749610493125,1.92128235711,0.149372009791,-0.0154439708691,-0.0995851794082,0.00061190534525,-0.157341106618,-0.0104480479983,0.0589269067451,-0.0221279276187,0.573840722334,0.818951524387,0.00244397160893,0.0,0.818914733588,-0.573780177294,-0.0116496419413,0.0,-0.00813834625169,0.00868661054971,-0.999929152549,0.0,0.652886196863,0.249591766767,0.303716253747,1.0,-0.01882,-0.0247348571429,0.942
0.458542056601,0.49913682798,-0.124148012432,-1.43167783284,0.0748302299432,1.92201418151,0.149094715458,-0.0156156179879,-0.0993368859987,0.00113590390232,-0.151534918594,-0.0143820830563,0.05966106629,-0.0210576179635,0.57382659552,0.818961341278,0.00247116727609,0.0,0.818924937549,-0.573765992552,-0.0116309652708,0.0,-0.00810759526994,0.00869802517515,-0.999929303129,0.0,0.65262044616,0.249260300488,0.30373406703,1.0,-0.0191,-0.0251028571429,0.956
0.458222948561,0.497069193024,-0.124153898172,-1.43496132495,0.0746254906361,1.92322003387,0.14860893665,-0.0128552903579,-0.0916832808695,-0.00148097384835,-0.160986840677,-0.0158432154271,0.0569873859626,-0.0214421780208,0.573808672612,0.818973943353,0.00245646987293,0.0,0.818937323452,-0.573748096475,-0.0116416901411,0.0,-0.00812500240002,0.00869196497699,-0.999929214535,0.0,0.652235251096,0.248757321813,0.303715262226,1.0,-0.0195,-0.0256285714286,0.976
0.458000594704,0.495677689791,-0.124154208683,-1.43717987844,0.0744946253398,1.92398591425,0.148284802589,-0.0172789364707,-0.0963317316171,-0.000603128148499,-0.162292439199,-0.00135847110344,0.0509285905484,-0.0195265347053,0.573802130205,0.818978667468,0.00240925420108,0.0,0.818941261752,-0.573741540003,-0.0116876847995,0.0,-0.00818983298694,0.00867962322007,-0.999928792853,0.0,0.651950154116,0.248398352385,0.303695299527,1.0,-0.01978,-0.0259965714286,0.99
0.457681441894,0.4937113323,-0.124159532325,-1.4404068059,0.0742851237795,1.92512975047,0.147826580072,-0.0166940973076,-0.0985383022829,-1.1712968705e-05,-0.161250432523,-0.00830162963717,0.0504947792371,-0.0229817301895,0.57379762273,0.818982133094,0.00230232989157,0.0,0.818943301226,-0.573737389054,-0.0117483905597,0.0,-0.0083009490393,0.00862684230943,-0.99992833335,0.0,0.651539432433,0.247874519268,0.303628208545,1.0,-0.0204942857143,-0.0269353469388,1.01
0.457484424507,0.492446415838,-0.124163901406,-1.44242370752,0.0741586127936,1.92588383685,0.147554986743,-0.0184431361075,-0.111103399109,-0.00103889725785,-0.166642708341,-0.0083094587304,0.0622190992659,-0.0180594185488,0.573806738966,0.818975750932,0.00230056591183,0.0,0.818936900438,-0.573746515263,-0.0117488818535,0.0,-0.00830226750789,0.00862577197277,-0.999928331638,0.0,0.651289969062,0.247551955635,0.303614181081,1.0,-0.02118,-0.0278365714286,1.022
0.457121567418,0.490186017217,-0.124165591404,-1.44609301511,0.0739231777707,1.92716328791,0.14702189934,-0.0174385354251,-0.103720932188,0.00112805943055,-0.178063406052,-0.0132730138139,0.060599658159,-0.0241329152966,0.573787672405,0.818989422052,0.00218642710278,0.0,0.818948965424,-0.573727763902,-0.0118233607662,0.0,-0.00842895575153,0.00857483596001,-0.999927709834,0.0,0.650814662442,0.246958676961,0.303551189164,1.0,-0.02238,-0.0294137142857,1.043
0.456883595461,0.488692440676,-0.124180620848,-1.44844363561,0.0737722569418,1.92801441931,0.14669233493,-0.0208862972884,-0.111751995569,-0.00697425611535,-0.180960968089,-0.0132060549085,0.0720613696211,-0.0232119788273,0.573799398498,0.818981236313,0.00217525922509,0.0,0.818940672346,-0.573739570908,-0.0118248404831,0.0,-0.00843645261148,0.00856665954359,-0.999927716693,0.0,0.650520927526,0.246569634208,0.303544927156,1.0,-0.0231228571429,-0.0303900408163,1.056
0.456461582499,0.486132267592,-0.124181944949,-1.45235951265,0.0735314545273,1.92953151584,0.1461298361,-0.0212725662255,-0.124459706863,0.000313234621969,-0.188296830687,-0.0148662672397,0.0679329124761,-0.0225090717511,0.57381442285,0.81897033798,0.00231096047325,0.0,0.818931556057,-0.57375408993,-0.0117514971199,0.0,-0.00829836431409,0.00863586326095,-0.999928276936,0.0,0.650051644377,0.245928190744,0.303591106393,1.0,-0.0243228571429,-0.0319671836735,1.077
0.456190322737,0.484493951754,-0.124207185292,-1.4548531019,0.0733666944827,1.93042829846,0.145733670969,-0.0205183965419,-0.130096434289,-0.000783432884307,-0.192721635931,-0.0068762631979,0.0673728291794,-0.0343044458849,0.573808217386,0.818974610486,0.00233750733132,0.0,0.818936286685,-0.573747904155,-0.011723810344,0.0,-0.00826052211826,0.0086416546671,-0.999928540236,0.0,0.649744377181,0.245497703248,0.303619974739,1.0,-0.0250657142857,-0.0329435102041,1.09
0.455758596449,0.481880566612,-0.124239423433,-1.45890156346,0.0731106569258,1.93180405266,0.145133403019,-0.0205829013838,-0.127916241765,-0.00300378884021,-0.202498463597,-0.0123053946436,0.0741956576404,-0.0298452938949,0.573821840314,0.818965217636,0.00228358991877,0.0,0.81892611301,-0.57376164408,-0.0117619774463,0.0,-0.00832257434829,0.00861953691265,-0.999928216593,0.0,0.649221149733,0.244805825473,0.303626168088,1.0,-0.0262085714286,-0.0344455510204,1.11
0.455465010329,0.480142886234,-0.124241731984,-1.46160716365,0.0729490887409,1.93282108244,0.144736749813,-0.0233867065444,-0.133244281143,-0.0019786984759,-0.213177334197,-0.0093885182364,0.0817749041653,-0.0291424773021,0.573827652237,0.818961020999,0.00232776991699,0.0,0.818922408104,-0.573767203044,-0.0117487496266,0.0,-0.00828632949261,0.0086481868653,-0.999928270231,0.0,0.648885634932,0.244359436479,0.303631223027,1.0,-0.0269514285714,-0.035421877551,1.123
0.454965154499,0.477206192613,-0.124257935579,-1.46607580253,0.0726730940835,1.93445402879,0.144090755854,-0.0204841296072,-0.140990073318,-0.00309401126057,-0.21698501656,-0.00940776761176,0.0726932892412,-0.0296919724686,0.573861668286,0.818936936418,0.00241386494579,0.0,0.818899382116,-0.573800832942,-0.011711233349,0.0,-0.00820584183188,0.00869750787393,-0.999928506203,0.0,0.648327891831,0.243601940083,0.303680313125,1.0,-0.0281514285714,-0.0369990204082,1.144
0.454619732667,0.475207107986,-0.124260117294,-1.46918025976,0.0724752861262,1.93559818422,0.143662271539,-0.0247466211612,-0.146265963237,0.000177584917952,-0.228126016715,-0.0185727202313,0.0844485824515,-0.0265562106311,0.573891316448,0.818916070464,0.00244404205437,0.0,0.818878883777,-0.573830341661,-0.0116987005491,0.0,-0.00817794584691,0.00871532488526,-0.999928579606,0.0,0.647937028095,0.243081666735,0.303685474604,1.0,-0.0289514285714,-0.0380504489796,1.158
0.45410870236,0.472250542619,-0.124266184238,-1.47374902666,0.0721775875578,1.9371702987,0.142979781238,-0.021973381487,-0.148682798691,-0.00110593760479,-0.229474243092,-0.0163427152537,0.0799461993779,-0.0341985785663,0.573892690185,0.818915213699,0.00240828276465,0.0,0.818877422611,-0.573831697514,-0.0117344180493,0.0,-0.00822770288631,0.00870655275341,-0.999928247848,0.0,0.647338270933,0.24230494023,0.303691755369,1.0,-0.0300942857143,-0.0395524897959,1.178
0.45378121743,0.470283212798,-0.124265558663,-1.4767819796,0.071990083825,1.9382819296,0.14251217741,-0.0281007476839,-0.151524145461,-0.000640021174825,-0.233387978272,-0.0142182265276,0.0900517258878,-0.0332018311318,0.573871268764,0.818930101563,0.00245000868529,0.0,0.818892750997,-0.573810017502,-0.0117248914791,0.0,-0.00819618484518,0.00873504087811,-0.999928258234,0.0,0.646948099613,0.241806030634,0.303703767901,1.0,-0.0308371428571,-0.0405288163265,1.191
0.453254084856,0.467156190719,-0.124261604863,-1.48153649078,0.0716717446194,1.94009106554,0.141744200937,-0.0271811942843,-0.157525228329,0.000173723873125,-0.246421678481,-0.0210522126034,0.0830063847716,-0.0315620860832,0.573809795923,0.818972732396,0.00259395384732,0.0,0.818937389284,-0.573748189013,-0.0116324949373,0.0,-0.00803857460853,0.00879929475136,-0.999928974343,0.0,0.646351585649,0.241018301629,0.303755954282,1.0,-0.03198,-0.0420308571429,1.211
0.452888084166,0.465076905586,-0.12426682879,-1.48477291523,0.0714429520343,1.94117169451,0.14126225549,-0.0299301189356,-0.166628171848,5.12862974755e-05,-0.256316711449,-0.0195332175226,0.0828736953755,-0.0347296665419,0.573816464769,0.818968316544,0.00251160488746,0.0,0.818931900115,-0.573755141688,-0.01167592659,0.0,-0.00812132408605,0.0087568408779,-0.999928678373,0.0,0.645882051821,0.240414311764,0.303740719459,1.0,-0.03278,-0.0430822857143,1.225
0.452280219682,0.461646034451,-0.124272603876,-1.49016458735,0.071088105205,1.94307128969,0.140464168102,-0.0300494030749,-0.164339380135,-0.00294967196004,-0.261789844382,-0.0183577765303,0.0932378972356,-0.0356892968697,0.573810902952,0.818972366234,0.0024612800572,0.0,0.818935176195,-0.573749633132,-0.0117167646135,0.0,-0.00818370547194,0.00873900435275,-0.999928325815,0.0,0.645202176162,0.239545970313,0.303706279565,1.0,-0.0339228571429,-0.0445843265306,1.245
0.451887800491,0.459458679131,-0.124272870237,-1.49352976685,0.0708597682859,1.94425289423,0.139976764855,-0.0278807294575,-0.168067805453,-0.000365255227037,-0.262859739191,-0.0137771840054,0.0859914630867,-0.036293003517,0.573826667974,0.818961327086,0.00245901613651,0.0,0.818924081817,-0.573765376871,-0.0117212382175,0.0,-0.00818850013941,0.00873987487231,-0.999928278954,0.0,0.64475730857,0.238968200958,0.303712717227,1.0,-0.0346657142857,-0.0455606530612,1.258
0.451237199576,0.456086650482,-0.124287738876,-1.49889741157,0.0705020756428,1.94613727927,0.139130670973,-0.0307893251957,-0.16984906796,-0.00056582588079,-0.271797759207,-0.017311307741,0.0901738898572,-0.0432600735127,0.573826830005,0.818961520207,0.00235467348075,0.0,0.818922837138,-0.573765840603,-0.0117853243901,0.0,-0.00830085578684,0.00869119855527,-0.999927776822,0.0,0.644049088225,0.238022448869,0.303641156001,1.0,-0.0358085714286,-0.0470626938775,1.278
0.45081144848,0.453823346898,-0.124317398736,-1.50247746547,0.0702507205131,1.94733755057,0.138570921728,-0.0335633325187,-0.173597651743,-0.00293618159695,-0.273912788692,-0.0155140110596,0.0970531566478,-0.042555373137,0.573832971789,0.818957534819,0.00224132823287,0.0,0.818917424171,-0.573772466397,-0.0118387539553,0.0,-0.00840958623694,0.00862909624444,-0.999927406144,0.0,0.643565867798,0.237380376041,0.303597338594,1.0,-0.0365514285714,-0.0480390204082,1.291
0.450085929064,0.449730927468,-0.124356600218,-1.50850881586,0.0698376601765,1.94962964535,0.137635293666,-0.0361217780357,-0.187840608785,-0.00134262263429,-0.274846746223,-0.0142355682091,0.104286314982,-0.0357874838206,0.573850413678,0.818944508567,0.00251823557141,0.0,0.818908421325,-0.573789325336,-0.0116427881305,0.0,-0.00809001647219,0.00874359144257,-0.999929048104,0.0,0.642807254109,0.236323093831,0.303734409677,1.0,-0.0378085714286,-0.0496912653061,1.313
0.449664998657,0.447479462089,-0.124365128639,-1.51191374773,0.0696072290978,1.95073709436,0.137135250021,-0.0364521052911,-0.192685093711,0.00220564544636,-0.278549303227,-0.0140374439727,0.0889313201221,-0.0376237735745,0.573881124715,0.818923108388,0.00247873838913,0.0,0.818886366886,-0.573820020359,-0.0116811499651,0.0,-0.00814377071888,0.00873356470207,-0.999928699381,0.0,0.642336619371,0.235715257686,0.303753321393,1.0,-0.0384942857143,-0.0505924897959,1.325
0.448982291793,0.44371522866,-0.124371222334,-1.51771667866,0.0692039972003,1.95277658172,0.136250441721,-0.0368025228782,-0.185645069584,-0.00358514642642,-0.291243159806,-0.0227001795045,0.104556756107,-0.0467444670922,0.573867988334,0.818932352908,0.00246581169446,0.0,0.818895454114,-0.573806943362,-0.0116864828997,0.0,-0.00815569608936,0.00872590842041,-0.999928669028,0.0,0.641548902812,0.234714650892,0.303746172611,1.0,-0.0396371428571,-0.0520945306122,1.345
0.448473375704,0.441038216579,-0.124374508302,-1.52182867185,0.0689164851526,1.95424869017,0.135555545815,-0.0342307984345,-0.189551847192,-0.000476926423158,-0.302538126478,-0.0231529016505,0.102573249215,-0.053206442837,0.573820902555,0.818965282755,0.00248683242076,0.0,0.818928707878,-0.573759842825,-0.0116688078354,0.0,-0.00812966045063,0.00873251243283,-0.999928823391,0.0,0.640998510792,0.233992353715,0.30374793159,1.0,-0.0404371428571,-0.0531459591837,1.359
0.447710270847,0.437180735017,-0.124378403172,-1.52787238855,0.0685177341074,1.95634502072,0.134597992078,-0.0383157692957,-0.191557375924,0.0010336709416,-0.301735234377,-0.0170325279606,0.101383137681,-0.0420489376601,0.573820392635,0.81896586957,0.00241005736026,0.0,0.818928039314,-0.573759336599,-0.0117403999827,0.0,-0.00823235246705,0.00871071218465,-0.999928173354,0.0,0.640170611998,0.232921158739,0.303689291124,1.0,-0.04158,-0.054648,1.379
0.447188171184,0.434507572896,-0.124394986704,-1.53182161575,0.0682478760893,1.95774058084,0.133972730326,-0.0409922321306,-0.205346760401,-0.00102159751446,-0.301432377609,-0.0185279070132,0.114015099636,-0.0390654922734,0.573845461589,0.818948017499,0.00250554369786,0.0,0.81891147264,-0.573784102939,-0.0116854650768,0.0,-0.00813230388723,0.00875763819194,-0.999928582153,0.0,0.639644213317,0.232200752429,0.303754967543,1.0,-0.0423228571429,-0.0556243265306,1.392
0.446325850389,0.430212584393,-0.124415280712,-1.53839466193,0.0677578510897,1.96000843254,0.132928665655,-0.0411589610978,-0.20940080743,-0.000644612557845,-0.317791147277,-0.0266611916803,0.100889450494,-0.0531266739821,0.573857991559,0.818939358247,0.00246575328328,0.0,0.818902538824,-0.573797033789,-0.0116765929672,0.0,-0.00814773650023,0.00872008570086,-0.999928784712,0.0,0.638745536501,0.230999957523,0.30375115874,1.0,-0.0435228571429,-0.0572014693878,1.413
0.445794529817,0.427503086336,-0.124435307047,-1.54258566736,0.0674574376587,1.96137585257,0.13225548369,-0.0378370970154,-0.212049853787,0.000289325248479,-0.322324104788,-0.021491673121,0.112101884704,-0.0469228427116,0.573851537437,0.81894419684,0.00235846237131,0.0,0.818905923681,-0.573790908752,-0.0117400211203,0.0,-0.00826131695592,0.00866855487262,-0.999928300829,0.0,0.638148522454,0.230239407213,0.303720226044,1.0,-0.0442657142857,-0.0581777959184,1.426
0.444940269582,0.423237067339,-0.124448795908,-1.5489788642,0.0669978301077,1.96364742498,0.131168679522,-0.0426132530593,-0.216915198428,-0.000976588302884,-0.323974235334,-0.0201179299163,0.111247991532,-0.0537665286995,0.573813610989,0.818970467092,0.00246186452625,0.0,0.81893370572,-0.573752788798,-0.0116648995944,0.0,-0.00814086336866,0.00870974968721,-0.999928930777,0.0,0.63727901837,0.229075891182,0.30377478663,1.0,-0.0454085714286,-0.0596798367347,1.446
0.444368310078,0.420430394483,-0.124454367171,-1.55327720212,0.0666975112311,1.96509013957,0.130490880873,-0.0475635234572,-0.224688293413,-0.000252686385704,-0.333459322566,-0.0244181580143,0.115628887895,-0.0593257916046,0.573827403041,0.818960939862,0.00241607152729,0.0,0.818923456899,-0.573766609152,-0.0117045659572,0.0,-0.00819947903466,0.00869514574267,-0.999928578942,0.0,0.636669894475,0.22829345366,0.303760165391,1.0,-0.0461514285714,-0.0606561632653,1.459
0.443417752763,0.415803392558,-0.124466099692,-1.56016353763,0.066229164053,1.96759261402,0.129377892578,-0.044959872349,-0.216736671897,0.00042983978411,-0.32794403364,-0.0192207160712,0.117814397281,-0.0514609996027,0.573859467875,0.818937860082,0.00261521628359,0.0,0.818902993863,-0.573798002298,-0.011596814364,0.0,-0.00799661841961,0.0087967195283,-0.999929333413,0.0,0.635736759119,0.227033627678,0.303837105123,1.0,-0.0473514285714,-0.0622333061224,1.48
0.442815673316,0.412909070646,-0.124471991591,-1.56456402157,0.0659091533861,1.96911361847,0.128610956705,-0.0499837667592,-0.22402481631,-0.00057260843875,-0.339681920691,-0.025416767257,0.112009475283,-0.0578023834059,0.573819794808,0.818965656423,0.00261602518967,0.0,0.818930830341,-0.573758364057,-0.011592311828,0.0,-0.00799289282046,0.00879441099491,-0.999929383506,0.0,0.635118008457,0.226225208152,0.303834793313,1.0,-0.0480942857143,-0.0632096326531,1.493
0.441876894633,0.408352981474,-0.124506751464,-1.57149945077,0.0654111750253,1.9713521475,0.12749747322,-0.0474765612956,-0.232352437811,-0.00504023315783,-0.350810690446,-0.0275971102891,0.11280927264,-0.0521391244478,0.573844033353,0.818949080733,0.00248504582101,0.0,0.818912381912,-0.573782868942,-0.0116823354271,0.0,-0.00814151788767,0.00873904152654,-0.999928669876,0.0,0.634106359691,0.224935304699,0.303810215029,1.0,-0.0492371428571,-0.0647116734694,1.513
0.441241719726,0.405382297312,-0.124501898997,-1.57601938368,0.0651203478948,1.9729310719,0.126742068376,-0.0520506922169,-0.227851350349,0.000712727633594,-0.351914985986,-0.0184512061519,0.12011745786,-0.0509097714702,0.573845764792,0.81894781195,0.0025032844682,0.0,0.818911050704,-0.573784212925,-0.0117096086159,0.0,-0.00815337022408,0.0087696454685,-0.999928305366,0.0,0.633414066164,0.224040545372,0.303789020034,1.0,-0.0500371428571,-0.0657631020408,1.527
0.440146367921,0.400506497154,-0.124521172808,-1.5833540066,0.064606499195,1.97550002639,0.125476834059,-0.0514410989916,-0.235915216312,-0.00125611351551,-0.34558405714,-0.0269429045739,0.126150346844,-0.0586654897905,0.573866970613,0.818932635123,0.00260500890242,0.0,0.818897146345,-0.573805001328,-0.0116632354273,0.0,-0.00805679210407,0.00882654987706,-0.999928587509,0.0,0.632439808231,0.222710300552,0.303822582933,1.0,-0.05118,-0.0672651428571,1.547
0.43941575191,0.397135006276,-0.124539091459,-1.58829980756,0.0642189984546,1.97720309691,0.124630576888,-0.054211664893,-0.240145676521,-0.000256807691807,-0.356343170596,-0.0287212818131,0.114092255424,-0.0579090007421,0.573869309734,0.818930728545,0.00268776695554,0.0,0.818896613315,-0.573807387441,-0.0115829926832,0.0,-0.00794356104012,0.00884829763017,-0.999929301234,0.0,0.631740773912,0.221763227934,0.303886318701,1.0,-0.05198,-0.0683165714286,1.561
0.438353865512,0.392299004653,-0.124558039899,-1.59564906254,0.0636658096431,1.97957393482,0.123429816534,-0.0497128605391,-0.242424805164,-0.0013098920469,-0.364140253058,-0.0211695065685,0.116508760093,-0.0528479715733,0.573897139515,0.81891167289,0.00254797217825,0.0,0.818875637116,-0.573835578206,-0.0116690626904,0.0,-0.00809397039471,0.00878348314893,-0.999928666489,0.0,0.630648960533,0.220369316853,0.30384617273,1.0,-0.0531228571429,-0.0698186122449,1.581
0.437719398591,0.389373201509,-0.124558420719,-1.60004146235,0.0633307476123,1.98105626109,0.122657860585,-0.0512101992494,-0.245381537949,-5.71635658777e-05,-0.362871015128,-0.0238656888281,0.125583379141,-0.0676374957337,0.573857638699,0.818939355302,0.00254749783249,0.0,0.818903354349,-0.573796128495,-0.01166387846,0.0,-0.00809042047841,0.00877972930836,-0.999928728185,0.0,0.630003730137,0.219547923391,0.303848379652,1.0,-0.0538085714286,-0.0707198367347,1.593
0.43655945596,0.384250190771,-0.124554573274,-1.60782319697,0.062761918592,1.98366757137,0.121235818694,-0.0539522276463,-0.253143566573,-0.00114473248025,-0.37329968702,-0.0235256335854,0.120770726488,-0.0724454215725,0.573773449876,0.818998492856,0.00249876325189,0.0,0.818961644663,-0.573711893135,-0.0117147406246,0.0,-0.00816094184343,0.00876816721936,-0.999928256562,0.0,0.628853193596,0.218077384915,0.303805708914,1.0,-0.0550085714286,-0.0722969795918,1.614
0.435815131396,0.38094273706,-0.124569350855,-1.61262020474,0.0624181809648,1.98537893989,0.12040825506,-0.0573433645141,-0.254625525332,0.000947780945378,-0.36862461651,-0.0248837462955,0.129334378508,-0.068425169201,0.573792533549,0.818984524421,0.00268776931093,0.0,0.818950236922,-0.573730429098,-0.0116039249134,0.0,-0.00796153317075,0.00885956536327,-0.999929058529,0.0,0.628116811509,0.217084515306,0.303889820665,1.0,-0.0558085714286,-0.0733484081633,1.628
0.434553465365,0.375629457365,-0.124582131033,-1.6206935151,0.0617907349045,1.98793377775,0.118987036454,-0.0587736971822,-0.250978403592,-0.000434218765683,-0.38667629462,-0.0257721687578,0.117288841022,-0.0748155543711,0.573794526999,0.818983775538,0.00248255775478,0.0,0.818946668594,-0.573732974847,-0.0117292145029,0.0,-0.00818186865811,0.00876341021342,-0.999928127251,0.0,0.626946600642,0.215571579881,0.303814578572,1.0,-0.0569514285714,-0.0748504489796,1.648
0.433757048724,0.372257781823,-0.124614029643,-1.62569553574,0.0613976853925,1.98957664095,0.118101518991,-0.0615174564274,-0.25584425871,-0.000560152624752,-0.374699999634,-0.0326802095653,0.122515967659,-0.0586704837835,0.573814134275,0.818970072709,0.00247107557409,0.0,0.818932965265,-0.573752780652,-0.0117171668084,0.0,-0.00817837993031,0.008747289588,-0.999928296943,0.0,0.626203481126,0.214574229752,0.303826190889,1.0,-0.0576942857143,-0.0758267755102,1.661
0.43251466899,0.367036544585,-0.12464432989,-1.63340326913,0.0608119740794,1.99215655329,0.116779327274,-0.0617833563651,-0.264003313757,-0.00112352720281,-0.383459280295,-0.0334097589397,0.125517484003,-0.0669530483704,0.573880063921,0.81892369893,0.00252872810332,0.0,0.818887421882,-0.573818582324,-0.0116778322003,0.0,-0.00811237855406,0.00877258762625,-0.999928612962,0.0,0.625058219706,0.213048231327,0.30385916193,1.0,-0.0588371428571,-0.0773288163265,1.681
0.431607906437,0.363318418346,-0.124656415358,-1.63874790527,0.0603929149383,1.99403755028,0.115753594703,-0.0653365592629,-0.264360491291,-0.000890198945201,-0.38408703064,-0.0223019517032,0.133405884078,-0.0733577070907,0.573859959139,0.81893716956,0.00272149061628,0.0,0.818903703705,-0.573798163398,-0.0115385718227,0.0,-0.007887930899,0.00885033349628,-0.999929723602,0.0,0.624287169819,0.211973967237,0.303949780109,1.0,-0.0596371428571,-0.078380244898,1.695
0.430289625958,0.357994316609,-0.12467861767,-1.64675110717,0.0597903903928,1.99654008978,0.114268367551,-0.0681262708736,-0.269774525039,-0.00116895777728,-0.404588401898,-0.025783525598,0.126642966971,-0.0727643568988,0.573844923229,0.818948203678,0.00256723149848,0.0,0.81891235666,-0.573783233868,-0.0116661708605,0.0,-0.00808111086512,0.00879707988936,-0.999928650971,0.0,0.623043938403,0.210373114867,0.303892443712,1.0,-0.06078,-0.0798822857143,1.715
0.429413991962,0.354470657602,-0.124694264669,-1.6519967212,0.0593921265632,1.99822349189,0.113330580291,-0.0677378033138,-0.278535515021,-0.000324796756933,-0.404917102193,-0.0333531086003,0.141771956137,-0.0750834275018,0.573870829707,0.818930173359,0.00252762230642,0.0,0.818893669163,-0.573809123255,-0.0117045108703,0.0,-0.00813496099975,0.0087869004443,-0.999928303825,0.0,0.622235033417,0.209320727971,0.303876993265,1.0,-0.0615228571429,-0.0808586122449,1.728
0.427961866574,0.348788149763,-0.124708272147,-1.66046694035,0.0587705504785,2.00099168381,0.11173720638,-0.0708992284067,-0.280835824814,0.000588335090213,-0.397825835622,-0.0300413394041,0.136399232154,-0.0737864580993,0.573873564393,0.818928302797,0.00251274157836,0.0,0.818891219566,-0.573811496056,-0.0117594392939,0.0,-0.0081884553117,0.00880626290629,-0.999927696853,0.0,0.620932745168,0.207614241579,0.30384482021,1.0,-0.0627228571429,-0.082435755102,1.749
0.427108530067,0.345422669335,-0.124711543929,-1.66522046738,0.0584113781352,2.00266814212,0.110819230081,-0.0672282585159,-0.28536114036,-0.00331429293875,-0.398728259185,-0.0303789447941,0.134645567583,-0.0791134729412,0.573877769374,0.81892459942,0.00274830563141,0.0,0.81889073771,-0.573815047252,-0.0116188700296,0.0,-0.00793811219221,0.00891854495082,-0.999928720425,0.0,0.620233086325,0.206645366434,0.303948439979,1.0,-0.0634085714286,-0.0833369795918,1.761
0.425598839331,0.339540712616,-0.124715668009,-1.67390138692,0.0576915640943,2.00532826547,0.109232643074,-0.0741888678934,-0.278064236868,0.000272875692624,-0.421601247167,-0.0305430693003,0.118595356286,-0.0768779459581,0.573888706558,0.818917413318,0.00260183605676,0.0,0.818881568718,-0.573826401392,-0.0117040327125,0.0,-0.00809178976488,0.00884757812989,-0.999928119066,0.0,0.618848420706,0.204875345786,0.303923860756,1.0,-0.0646085714286,-0.084914122449,1.782
0.424664858975,0.335868053403,-0.124715703573,-1.67936014088,0.0572412174667,2.00700748435,0.108157227605,-0.0746963128083,-0.276080398327,0.0021413979791,-0.414607100333,-0.0324874909102,0.125185834529,-0.0673998945232,0.573814960192,0.818969418756,0.00249589734216,0.0,0.818932092745,-0.573752935901,-0.0117704256095,0.0,-0.00820774821675,0.0087981861286,-0.999927609775,0.0,0.617967388985,0.203776518109,0.30388754392,1.0,-0.0653514285714,-0.0858904489796,1.795
0.423192793748,0.330144139369,-0.124707538511,-1.68762853538,0.05658241166,2.0097352599,0.106582375522,-0.0775926546313,-0.293140313362,0.00208185531181,-0.401101867014,-0.0230370139654,0.135941956999,-0.0825500310414,0.573792303604,0.818984865447,0.00263237457403,0.0,0.818949363829,-0.573729843428,-0.0116941500687,0.0,-0.00806721538725,0.0088659654867,-0.999928154765,0.0,0.61667304251,0.202101687919,0.303945689308,1.0,-0.0664942857143,-0.0873924897959,1.815
0.422125956495,0.326127577863,-0.124712559463,-1.69339767785,0.0561295650168,2.01170497727,0.105401419467,-0.08435029417,-0.279872398241,0.00012092984007,-0.421068446183,-0.0352670861241,0.140435463948,-0.0859593400716,0.573749398529,0.819014359249,0.00280248692631,0.0,0.818981199621,-0.573686510384,-0.0115900548694,0.0,-0.00788482422468,0.0089451433368,-0.999928904452,0.0,0.615786266689,0.200910348414,0.304001947147,1.0,-0.0672942857143,-0.0884439183673,1.829
0.420516487382,0.320329889919,-0.124747498931,-1.70202596423,0.055409311531,2.01428981423,0.10378839606,-0.080999010477,-0.292771969378,-0.000476527996685,-0.437643106587,-0.0380119378238,0.132972492569,-0.0781382808768,0.573821177109,0.818964842626,0.0025671277181,0.0,0.818928447529,-0.573758896692,-0.0117334221793,0.0,-0.00813650453428,0.00883535015111,-0.999927864339,0.0,0.614379331409,0.199079165343,0.303912909422,1.0,-0.0684371428571,-0.0899459591837,1.849
0.419479157446,0.31648178452,-0.124783668734,-1.70764292523,0.0549484715161,2.01602045172,0.102667541349,-0.0800305229416,-0.296454835708,-0.000492662294982,-0.435212070796,-0.0359233069759,0.130176040177,-0.0868172239626,0.573811424155,0.818971826205,0.00251878804683,0.0,0.818934768533,-0.573749284382,-0.0117622472201,0.0,-0.00818795389026,0.008812204597,-0.999927648613,0.0,0.613467671798,0.197893550429,0.303902104084,1.0,-0.06918,-0.0909222857143,1.862
0.417741858427,0.310178213858,-0.124796627609,-1.71656243529,0.0541886496076,2.01894749912,0.100799537071,-0.0860376854037,-0.295923002386,-0.00128023976025,-0.421002571812,-0.035263660926,0.138605313571,-0.090518815288,0.573748017282,0.819015539098,0.00273975960337,0.0,0.818981821094,-0.573685626307,-0.0115899002441,0.0,-0.00792070019057,0.00889366682554,-0.999929080085,0.0,0.612059534449,0.195995521366,0.304014843907,1.0,-0.07038,-0.0924994285714,1.883
0.416706030038,0.30659124953,-0.124806209682,-1.72170204271,0.0537657383245,2.02058864558,0.0997578428179,-0.0853571155869,-0.295034891805,-0.00224623557763,-0.436197727932,-0.0321679873707,0.136744484898,-0.082513185671,0.573767710739,0.819001536952,0.00280062224786,0.0,0.818968627681,-0.573705138031,-0.0115563131226,0.0,-0.00785805812761,0.00892443290693,-0.999929300211,0.0,0.61116493008,0.194790797986,0.304041975713,1.0,-0.0711228571429,-0.093475755102,1.896
0.414778865666,0.299944481256,-0.124866073164,-1.7314458768,0.0529507649908,2.02343273414,0.0977962260255,-0.0835626844693,-0.303693488294,-0.00228364131702,-0.446698611666,-0.0386830061684,0.134383290826,-0.0845515509012,0.573818916038,0.818966425763,0.00256748335052,0.0,0.818930173924,-0.57375678522,-0.0117161662785,0.0,-0.00812219220485,0.00882571734326,-0.999928065766,0.0,0.609607553024,0.192754673243,0.303965069688,1.0,-0.0723228571429,-0.0950528979592,1.917
0.413611646965,0.296041506588,-0.124895352998,-1.73719804359,0.0525099459127,2.02520046989,0.0966610796793,-0.0920774226319,-0.302240028311,-0.00119793858279,-0.440548959456,-0.0320204338841,0.12797818688,-0.0951064460911,0.573896236048,0.818912438732,0.00250496329115,0.0,0.818874970272,-0.573833888538,-0.0117982341407,0.0,-0.008224446213,0.00882238376418,-0.999927259369,0.0,0.608657226689,0.191499281619,0.303908477763,1.0,-0.0730657142857,-0.0960292244898,1.93
0.411788789881,0.28978222409,-0.124923608413,-1.74585772057,0.0517801944236,2.02808232317,0.0947682050961,-0.0937759285278,-0.312547462703,-0.00221575131961,-0.437685303074,-0.0422637010316,0.145433141669,-0.0919568258353,0.573874481505,0.81892646109,0.00287710016152,0.0,0.81889435995,-0.573811437594,-0.0115415869954,0.0,-0.00780094820615,0.00897963623383,-0.999929253168,0.0,0.607281779689,0.189591505575,0.304077031554,1.0,-0.0742085714286,-0.0975312653061,1.95
0.410595800314,0.285766092297,-0.124929066366,-1.75170498998,0.0512853645328,2.02973287693,0.0935577915277,-0.0891841673974,-0.309470071791,0.000264150190494,-0.45173938085,-0.033125788582,0.120897043302,-0.0998912870938,0.573867843152,0.818931643178,0.00272200274374,0.0,0.818897145493,-0.573804882394,-0.0116691450734,0.0,-0.00799448760389,0.00892575924013,-0.999928206918,0.0,0.606269519409,0.188319246596,0.304026240151,1.0,-0.0749514285714,-0.0985075918367,1.963
0.40862684569,0.279198977891,-0.124938332165,-1.76122926973,0.0504264764557,2.03251409441,0.091509009315,-0.0918931440646,-0.314576047522,-0.000805258283203,-0.451404106947,-0.0416451787756,0.128325432537,-0.0915041623461,0.573789763272,0.818986951118,0.00253542192993,0.0,0.818949969917,-0.573727414364,-0.0117706279122,0.0,-0.00818550719475,0.00883041952949,-0.999927507954,0.0,0.604633226438,0.186235835814,0.303958430223,1.0,-0.0761514285714,-0.100084734694,1.984
0.407366559869,0.275040348896,-0.124943683904,-1.76703658466,0.0499454807034,2.03436009372,0.0902988332287,-0.0939608171887,-0.325433272372,-0.00110593999987,-0.444801413804,-0.0410899459559,0.147914672209,-0.0925825745146,0.573835237249,0.818954585243,0.00269345534292,0.0,0.818919690001,-0.573772350172,-0.0116866765099,0.0,-0.00802558162914,0.00891212198812,-0.999928079474,0.0,0.603671045763,0.184949974,0.304021497025,1.0,-0.0768942857143,-0.101061061224,1.997
0.405384122338,0.268666707258,-0.124983955494,-1.77603540781,0.0491610335894,2.03711599617,0.0882880772978,-0.0991067998282,-0.318916453987,-0.00468926821403,-0.458202616558,-0.0400913262479,0.135793384777,-0.102486824507,0.573823350649,0.818962644656,0.00277413222325,0.0,0.818928940017,-0.573760347704,-0.0116276182714,0.0,-0.00793105063891,0.00894418824096,-0.999928547414,0.0,0.602156632639,0.182915361675,0.304057419613,1.0,-0.0780371428571,-0.102563102041,2.017
0.403962268456,0.264142976714,-0.12504251295,-1.78250484598,0.0485905813087,2.03890857348,0.0869193733074,-0.103627793617,-0.321059948762,-0.00478113777512,-0.466971956014,-0.044407201229,0.130313679082,-0.103914718459,0.57389060163,0.818915993947,0.00263042195296,0.0,0.818880208438,-0.573827851944,-0.0117280630635,0.0,-0.00809504489645,0.00888479670447,-0.999927762709,0.0,0.601022949877,0.181430695105,0.304024176975,1.0,-0.0788371428571,-0.103614530612,2.031
0.401793676892,0.257316453922,-0.125058226433,-1.79214734107,0.0477212571111,2.04176177735,0.084773546296,-0.102559454417,-0.33464152592,0.000477458487205,-0.451352456066,-0.0487621152581,0.138406783552,-0.100052907494,0.573874986674,0.818926941388,0.00262892386752,0.0,0.818891187416,-0.573812300323,-0.01172237483,0.0,-0.00809141549835,0.00888015125727,-0.99992783335,0.0,0.599354133602,0.179246385314,0.30403112083,1.0,-0.0800371428571,-0.105191673469,2.052
0.40054336056,0.25335031367,-0.12504518501,-1.79753261719,0.0472387732382,2.04343782376,0.0835662802807,-0.104422980167,-0.328799130347,0.00135236327564,-0.446963681134,-0.0440701942498,0.139530130045,-0.102314270682,0.573871467482,0.818928747822,0.00282695993877,0.0,0.818895797994,-0.57380836025,-0.0115924387157,0.0,-0.00787139962354,0.00896772808899,-0.999928807926,0.0,0.598438186458,0.178026655536,0.304131605547,1.0,-0.0807228571429,-0.106092897959,2.064
0.398300856929,0.246481292532,-0.125050187532,-1.80736274313,0.0463893515169,2.04620162121,0.0812980809395,-0.10407171006,-0.328557385853,0.000702045910725,-0.459101726046,-0.0383799855878,0.122524842091,-0.107536380575,0.573806776157,0.818974620433,0.00266488721307,0.0,0.818938878854,-0.573743468747,-0.0117597479887,0.0,-0.00810212950311,0.00893037476576,-0.999927299309,0.0,0.596678217624,0.175799964095,0.30404965406,1.0,-0.0819228571429,-0.107670040816,2.085
0.396998580836,0.242518427393,-0.125053383712,-1.81302882243,0.0458777711102,2.04783383866,0.0800257530025,-0.111022001396,-0.32837649543,0.0011714719493,-0.471875419293,-0.0466096414281,0.131369476463,-0.109952574145,0.573794382331,0.818983535913,0.00259260677357,0.0,0.818946693366,-0.573731165661,-0.0118156622788,0.0,-0.00818953123984,0.00890313879655,-0.999926830172,0.0,0.595665899393,0.174514384741,0.304002221746,1.0,-0.0826085714286,-0.108571265306,2.097
0.394662860752,0.235389702204,-0.125051444601,-1.82267006682,0.0450458901249,2.05073837402,0.0777587266001,-0.110238269876,-0.34051384827,-0.00194974200048,-0.455257181724,-0.0400588303198,0.147604321218,-0.100554541364,0.573789920787,0.818985566544,0.00291813253962,0.0,0.818952967417,-0.573725565672,-0.0116515816419,0.0,-0.00786842144162,0.00907554814241,-0.999927858583,0.0,0.593983352377,0.172284665305,0.304159741118,1.0,-0.0838085714286,-0.110148408163,2.118
0.393204099103,0.231027451172,-0.125056574018,-1.82877687993,0.0444411002177,2.05250257849,0.076342854844,-0.110980490672,-0.335840188996,-0.00177591374984,-0.477499004499,-0.0525267267546,0.129909971927,-0.118972348907,0.573757436639,0.819008413882,0.00289288677402,0.0,0.81897578533,-0.573693513769,-0.0116259280647,0.0,-0.00786225389861,0.00903984094753,-0.999928230544,0.0,0.592888946291,0.17086991602,0.304151788902,1.0,-0.0845514285714,-0.111124734694,2.131
0.390722102302,0.223900382967,-0.125080592561,-1.83884719401,0.0435085038233,2.0551957976,0.0739229538605,-0.123579576113,-0.32944097546,0.00163303892393,-0.476023988036,-0.0419008937505,0.127179420972,-0.103399840967,0.573725472695,0.819031563226,0.00266970438555,0.0,0.818995503472,-0.573661738694,-0.0118034635872,0.0,-0.008136058618,0.00895859609407,-0.999926771372,0.0,0.591035440773,0.168489747855,0.304068327001,1.0,-0.0857514285714,-0.112701877551,2.152
0.389172000199,0.219444862302,-0.125141497041,-1.84494974397,0.0429504257996,2.05699424143,0.0724401895211,-0.121101898826,-0.346408752007,-0.00629293639796,-0.457662999389,-0.0420763406371,0.140767317561,-0.118844107903,0.573766426161,0.819002521939,0.00277563850268,0.0,0.818968035803,-0.573702523653,-0.0117267893203,0.0,-0.00801203347033,0.00900177052329,-0.999927385087,0.0,0.589955211499,0.167010324984,0.304109341211,1.0,-0.0864942857143,-0.113678204082,2.165
0.386564337788,0.212189255387,-0.125199249992,-1.85484520408,0.0420359273089,2.05985508095,0.0700425689702,-0.126311350021,-0.353557915782,0.000196854372741,-0.481132955754,-0.0453093629358,0.133637399611,-0.114464059818,0.573871490207,0.81892836065,0.00293253325277,0.0,0.818896103761,-0.573807255827,-0.011625459365,0.0,-0.00783786042428,0.00907313443092,-0.999928120504,0.0,0.588186068012,0.164586119765,0.304177374008,1.0,-0.0876942857143,-0.115255346939,2.186
0.384925283171,0.207666210488,-0.125244136965,-1.86114620887,0.0414210345755,2.06148661308,0.0684663534929,-0.131851419341,-0.349795344537,-0.00343691217896,-0.480299862117,-0.0497160418621,0.124272655742,-0.120099691269,0.57386865891,0.818930843466,0.00278977457219,0.0,0.818896573209,-0.573804729664,-0.0117167189465,0.0,-0.00799455060512,0.00900856806867,-0.9999274638,0.0,0.58700646277,0.163041984066,0.304137864543,1.0,-0.0884371428571,-0.116231673469,2.199
0.382402196591,0.20068209405,-0.125273508698,-1.87078470832,0.040497606152,2.06411245377,0.0660472212723,-0.125728183315,-0.359294598112,8.58964568003e-05,-0.471307268499,-0.0407106356176,0.142459960694,-0.133817039004,0.573839548437,0.818951406546,0.00274103401894,0.0,0.818916375082,-0.5737756524,-0.0117566252522,0.0,-0.00805552129779,0.00899126727838,-0.99992713019,0.0,0.585210478905,0.160713342733,0.304116601039,1.0,-0.08958,-0.117733714286,2.219
0.380689588364,0.196070982767,-0.125287684022,-1.87688385673,0.0399240654287,2.06592614939,0.0644685936574,-0.134515409844,-0.346211404799,-0.000360873968968,-0.470500988882,-0.0446230431175,0.141392352163,-0.113791293449,0.573873695091,0.818926595299,0.00299340874005,0.0,0.81889519931,-0.573809343629,-0.0115860524948,0.0,-0.00777063022688,0.00910039401428,-0.999928397504,0.0,0.58411807001,0.159192060022,0.304224537879,1.0,-0.0903228571428,-0.118710040816,2.232
0.377877697637,0.188681042177,-0.125386384611,-1.88714135757,0.0389603469796,2.06858172539,0.0618078139257,-0.130395061952,-0.354985464824,-0.00720676115318,-0.487266156777,-0.0475767295108,0.122172202331,-0.128549956086,0.573921883175,0.818893471941,0.00281078759928,0.0,0.818859125139,-0.573857478505,-0.0117505081819,0.0,-0.00800957716702,0.00904568701604,-0.999927008446,0.0,0.582173571991,0.156619070801,0.304140579932,1.0,-0.0915228571428,-0.120287183673,2.253
0.376104950516,0.184032178809,-0.125431392923,-1.89352082146,0.0383434873324,2.07020812184,0.0602068229418,-0.132551135803,-0.352556648675,-0.000962009846693,-0.497236001299,-0.0458834813006,0.129012455486,-0.126903462991,0.573990366902,0.818845792561,0.00271543923842,0.0,0.818809915491,-0.573925974038,-0.0118340829435,0.0,-0.00813198448318,0.00901625177481,-0.999926286299,0.0,0.580951211165,0.155018999929,0.304109779869,1.0,-0.0922657142857,-0.121263510204,2.266
0.373366304674,0.176773216149,-0.125417254976,-1.9030472,0.0373931959413,2.07291075611,0.0576660435998,-0.138933727731,-0.356749989155,0.000630161112109,-0.480776016129,-0.0515257404323,0.131569125372,-0.121445769747,0.573961360376,0.818864994542,0.00303717155911,0.0,0.818833918667,-0.573896564801,-0.011597131163,0.0,-0.00775361170305,0.00914342030735,-0.999928137103,0.0,0.579177521808,0.152646981966,0.304263706883,1.0,-0.0934085714286,-0.12276555102,2.286
0.371585277839,0.172082682036,-0.125411009787,-1.90945236213,0.0367370106003,2.07453369454,0.0559475203426,-0.138933621618,-0.363771761247,-0.000469316312634,-0.496823226306,-0.0445112610136,0.118829646934,-0.136552576319,0.573874395778,0.818926294842,0.00294081406291,0.0,0.818893832607,-0.573809771215,-0.0116612296716,0.0,-0.00786237113863,0.00910047084303,-0.99992767966,0.0,0.577921385526,0.15107910866,0.304229103262,1.0,-0.0941514285714,-0.123741877551,2.299
0.368613741667,0.164514808855,-0.125414525443,-1.9198556508,0.0357144498135,2.07711208415,0.0531317564852,-0.14302052871,-0.361257426357,-0.000759582824861,-0.493750645891,-0.044245292718,0.128917734921,-0.136836604801,0.573797428446,0.818980968113,0.00272614728254,0.0,0.818944951334,-0.573732711627,-0.0118612476416,0.0,-0.00815021312072,0.00903869197139,-0.999925935294,0.0,0.575862755947,0.148495138954,0.304125070173,1.0,-0.0953514285714,-0.125319020408,2.32
0.366743740213,0.159660653081,-0.125410892587,-1.92610898607,0.0350880361012,2.07882607417,0.0513663167075,-0.144012337761,-0.377744976182,0.000809465160545,-0.483288059989,-0.0562798721753,0.138579145766,-0.1334540904,0.573746044228,0.819016124486,0.00296841129821,0.0,0.81898363073,-0.57368089107,-0.0116959274227,0.0,-0.00787638395622,0.00914174836187,-0.999927192856,0.0,0.574668573125,0.146914200295,0.304248712041,1.0,-0.0960942857143,-0.126295346939,2.333
0.363739399895,0.152285076191,-0.125435734222,-1.93594758338,0.0340626091786,2.08131024742,0.0486379679337,-0.151917406934,-0.37033629412,-0.00437817668139,-0.499620105778,-0.0526978482132,0.112808097346,-0.138187352525,0.573757076933,0.819008462375,0.00294993699837,0.0,0.818975799133,-0.573692067081,-0.0116961319761,0.0,-0.00788702746087,0.00912684122465,-0.999927245137,0.0,0.572737173267,0.14436835698,0.304257791884,1.0,-0.0972371428571,-0.127797387755,2.353
0.361601410802,0.14711435547,-0.125461047621,-1.94298135604,0.0333396104188,2.08295314355,0.0467128034851,-0.152675700399,-0.37000659905,-0.000798954198864,-0.50047718989,-0.0501155704321,0.122846759646,-0.143542688056,0.573781737202,0.818991846807,0.00276040184603,0.0,0.81895622297,-0.573716836,-0.0118509008319,0.0,-0.00812225852408,0.00906065318208,-0.999925964,0.0,0.571313055776,0.14255371322,0.304183492013,1.0,-0.0980371428571,-0.128848816327,2.367
0.35848497762,0.139626517639,-0.125507376899,-1.95271998584,0.0323749055043,2.08553503971,0.0438860700258,-0.157412447441,-0.369304250962,-0.0015662147599,-0.478440657598,-0.0545150539235,0.130225172704,-0.138727451445,0.573829012892,0.81895780371,0.00302102735866,0.0,0.818925788959,-0.573763431401,-0.0116971733853,0.0,-0.00784628746695,0.00918635153622,-0.999927020696,0.0,0.569418727973,0.139981636717,0.304286251609,1.0,-0.09918,-0.130350857143,2.387
0.356425039734,0.134773420486,-0.125546691302,-1.95912230918,0.0317051015545,2.08720433177,0.0419350101877,-0.16309482421,-0.374370032713,-0.00210150164952,-0.501901147262,-0.0568372773547,0.118954591017,-0.152419917494,0.573781132127,0.818991074547,0.00309501668829,0.0,0.818960251178,-0.573715582505,-0.0116311772148,0.0,-0.00775032024086,0.00920862296922,-0.999927564276,0.0,0.568158415413,0.138281453042,0.304302146313,1.0,-0.0999228571428,-0.131327183673,2.4
0.352999170746,0.126852963287,-0.125661504021,-1.96971798128,0.030547761809,2.08959012985,0.0388651603792,-0.162416850515,-0.373409582688,-0.00607093560796,-0.514503711056,-0.049970744384,0.123107271415,-0.144825915733,0.573855849705,0.818939724166,0.00281759530904,0.0,0.818904974331,-0.573790874505,-0.0118077200219,0.0,-0.00805325555148,0.00908344690495,-0.999926315319,0.0,0.565982925216,0.135421752272,0.304216760228,1.0,-0.101122857143,-0.132904326531,2.421
0.351011406577,0.122277841761,-0.125733729902,-1.97566665229,0.029916757565,2.09107657009,0.0371482396795,-0.162790297495,-0.387225996878,-0.00144933803259,-0.487527059975,-0.0506566929748,0.126106899376,-0.143224918075,0.573962862688,0.818864436481,0.00290065897134,0.0,0.818831027982,-0.573897874977,-0.011735570428,0.0,-0.00794531221749,0.00911110658248,-0.999926927205,0.0,0.564694316058,0.133667221765,0.304254805781,1.0,-0.101865714286,-0.133880653061,2.434
0.347433431136,0.114232526715,-0.125753531325,-1.98600261392,0.0288350110646,2.09369388111,0.0338976317626,-0.172123349105,-0.381990673553,-0.000127649731134,-0.502729783767,-0.04769833548,0.11393947814,-0.158012230017,0.573951472561,0.818871561908,0.00313355146522,0.0,0.818841466042,-0.573886047434,-0.0115846860717,0.0,-0.00768821653492,0.00921510692507,-0.999927983972,0.0,0.562720513991,0.13097746656,0.304344012393,1.0,-0.103008571429,-0.135382693878,2.454
0.345223649266,0.109263995186,-0.125758491616,-1.99259343488,0.0280835258666,2.09509763264,0.0318928191278,-0.166262885159,-0.382409943787,-0.000681724517342,-0.508013450173,-0.0669699274452,0.10766111635,-0.144890922933,0.573901074679,0.818907639536,0.00292938453533,0.0,0.818874627372,-0.573836021861,-0.0117180016295,0.0,-0.00791512707693,0.0091239480623,-0.999927049507,0.0,0.561318529576,0.129215031612,0.304279897896,1.0,-0.103751428571,-0.136359020408,2.467
0.341651489571,0.101115541194,-0.125737898516,-2.00307318326,0.0269638236014,2.09755300862,0.028602000878,-0.171791219143,-0.393034690986,0.000679427094291,-0.487713684989,-0.0410297904796,0.117725429375,-0.153242071997,0.573784289173,0.818989142808,0.0030199938441,0.0,0.818957200377,-0.573718817515,-0.0116862860358,0.0,-0.00783846500063,0.00917882975073,-0.999927151122,0.0,0.559124767067,0.126434889183,0.304323748997,1.0,-0.104951428571,-0.137936163265,2.488
0.339399970727,0.0960438651469,-0.125735401227,-2.0095103446,0.026321667187,2.09908646156,0.0265003092088,-0.177253888214,-0.380478202479,-0.00689333919329,-0.4990150847,-0.0518443178424,0.1170220502,-0.163180573283,0.573715722137,0.819036585065,0.00317638131619,0.0,0.819006446845,-0.573649472127,-0.0116391604773,0.0,-0.00771091724411,0.00927922478774,-0.999927216223,0.0,0.55777990117,0.124707787757,0.304381068232,1.0,-0.105694285714,-0.138912489796,2.501
0.335762400165,0.0882637286853,-0.125772345837,-2.01967067463,0.0252458603403,2.10123486421,0.0233059147348,-0.184560206045,-0.383874103843,-0.00274749390024,-0.507862758679,-0.0593010524298,0.104984745802,-0.167310955933,0.573775229528,0.818995544532,0.00300514855863,0.0,0.818962226774,-0.573708432672,-0.0118428163786,0.0,-0.00797528832832,0.00925639605559,-0.999925354168,0.0,0.555593633439,0.121907507858,0.304305564375,1.0,-0.106722857143,-0.140264326531,2.521
0.333332994878,0.0832055944013,-0.125808740165,-2.02624740727,0.0244828017063,2.10266538449,0.0210977802645,-0.181657653834,-0.391428221629,-0.00131284511024,-0.498567076577,-0.0622553641144,0.108282859395,-0.157088275828,0.573737082453,0.819022630211,0.00290487902372,0.0,0.818987978782,-0.573670625936,-0.0118932942863,0.0,-0.00807458886132,0.00920286214845,-0.999925051363,0.0,0.554187460703,0.120050765085,0.304263057538,1.0,-0.10758,-0.141390857143,2.534
0.329383605148,0.0748267864286,-0.125868134686,-2.03665873019,0.0233003760491,2.10510332881,0.0175991337828,-0.19035405966,-0.391914497808,-0.00127972818916,-0.513580033891,-0.0567455022988,0.109986282198,-0.158957403016,0.573762401442,0.819003835532,0.00318919687873,0.0,0.818973712418,-0.573695921141,-0.0116531255694,0.0,-0.00771447382378,0.00929817273708,-0.999927012775,0.0,0.551999111876,0.11708594137,0.304403481736,1.0,-0.10878,-0.142968,2.555
0.326864313907,0.0696938580907,-0.125935634781,-2.0433094393,0.0225642905846,2.10646538326,0.0153686988288,-0.195720262585,-0.3905822169,-0.00425712249633,-0.510406158251,-0.0562816722601,0.106300910563,-0.172639190347,0.573805592641,0.818974051572,0.00306457283938,0.0,0.818941815339,-0.573738940674,-0.0117761600079,0.0,-0.00788625653402,0.00926711173731,-0.999925961058,0.0,0.550544322009,0.115182962682,0.304342852238,1.0,-0.109522857143,-0.143944326531,2.568
0.322695564764,0.061313155711,-0.126073531352,-2.05391945801,0.0213143860255,2.10865701717,0.011699498464,-0.201980746581,-0.406267019345,-0.00310780462299,-0.49859102496,-0.0625995418254,0.114095204778,-0.166769721286,0.573889506898,0.818915515961,0.00299307409981,0.0,0.818882428755,-0.573823187844,-0.0118010114018,0.0,-0.00794668901798,0.00922362998605,-0.999925884645,0.0,0.548233714326,0.112061447223,0.304338193609,1.0,-0.110722857143,-0.145521469388,2.589
0.320079992737,0.0560638823135,-0.126091878722,-2.06030590687,0.0205821821814,2.11017539247,0.00938474679811,-0.202153708668,-0.401395578085,-0.000421402499141,-0.500658594649,-0.0508099779683,0.1090623529,-0.166025777072,0.573890975059,0.818913412417,0.00327392890064,0.0,0.818884713308,-0.573824601082,-0.0115715342343,0.0,-0.0075975699181,0.00932194887025,-0.999927686486,0.0,0.546881034977,0.110184502571,0.304455608808,1.0,-0.111465714286,-0.146497795918,2.602
0.316045892207,0.0480428354841,-0.126095132245,-2.07050688505,0.0194535063491,2.11214919367,0.00581778198334,-0.203668340578,-0.399960001843,-0.0016337876889,-0.509056392496,-0.0536336842656,0.100816095263,-0.183047317101,0.573868746404,0.818929536412,0.00313419764415,0.0,0.81889803251,-0.573801639326,-0.0117659661777,0.0,-0.00783724037236,0.00931888796242,-0.999925865247,0.0,0.544577629836,0.107284255301,0.304386353392,1.0,-0.112608571429,-0.147999836735,2.622
0.313388225706,0.0427946757406,-0.126096872743,-2.07715794757,0.0186828348562,2.11342486206,0.00347573402003,-0.205006435459,-0.403791780441,-0.000861617023499,-0.505355209498,-0.0581676235017,0.0996017540547,-0.18756091668,0.573830347824,0.818956784276,0.00304373225382,0.0,0.818923674228,-0.573763060994,-0.0118622311888,0.0,-0.00796842699086,0.00929967169722,-0.999925007327,0.0,0.542955186986,0.105241664148,0.304346433264,1.0,-0.113408571429,-0.149051265306,2.636
0.30916461822,0.0345843253747,-0.126137289249,-2.08707681462,0.0174981990133,2.11555151727,-0.00030848053116,-0.211748953642,-0.406911507349,-0.00266711273107,-0.498639577332,-0.0617869375477,0.105739238995,-0.185447911136,0.573785526029,0.818987089976,0.0033261799008,0.0,0.818958554066,-0.573718368412,-0.0116132411084,0.0,-0.00760295041519,0.00938769388261,-0.999927030512,0.0,0.540879295761,0.102422353398,0.304484407729,1.0,-0.114494285714,-0.150478204082,2.655
0.306150153472,0.0289094537105,-0.126200214127,-2.0942038724,0.0166545100508,2.11685877773,-0.00290612259368,-0.214679116976,-0.410757379991,-0.00510635226776,-0.50771988516,-0.0577706052369,0.0924271301157,-0.188112165974,0.573851750307,0.81894116445,0.00320698312875,0.0,0.818910650828,-0.573784449678,-0.0117259613439,0.0,-0.00776290484755,0.00935537620235,-0.999926104392,0.0,0.539243389107,0.100291399487,0.304434208751,1.0,-0.115294285714,-0.151529632653,2.669
0.301754839116,0.0207073140885,-0.126286284585,-2.10443889111,0.015459219006,2.11870134834,-0.00682653873816,-0.225632356961,-0.410515898965,-0.00808270787469,-0.505400190965,-0.056225322242,0.0955757500202,-0.200016325852,0.573839871793,0.81895001646,0.0030690359976,0.0,0.81891689493,-0.57377209288,-0.0118933397986,0.0,-0.00797927724216,0.00933833780673,-0.999924560445,0.0,0.536872830433,0.0972222237823,0.304370512986,1.0,-0.116437142857,-0.153031673469,2.689
0.298856116821,0.01523946734,-0.126343430133,-2.11086432212,0.0146385280646,2.12002174617,-0.00933406751219,-0.226438653494,-0.427178693616,-0.0036449634759,-0.49313973177,-0.0603621619507,0.105770966725,-0.198328562243,0.573875415648,0.818924174541,0.00330916443382,0.0,0.818895238022,-0.573808078702,-0.0116458088033,0.0,-0.00763835613725,0.00939328321405,-0.999926708187,0.0,0.535429757624,0.0952321426672,0.304506133413,1.0,-0.11718,-0.154008,2.702
0.294027719072,0.00662021084495,-0.126417457691,-2.12154742492,0.0133883708007,2.12186815281,-0.0135750601548,-0.229795156172,-0.405019461036,-0.00235775869336,-0.504806719281,-0.0566614344612,0.082938905378,-0.197653614627,0.573905523592,0.818903648731,0.00316401424383,0.0,0.818871820409,-0.57383745918,-0.0118431027863,0.0,-0.00788288195938,0.0093879249558,-0.999924860696,0.0,0.532918609193,0.0919542060417,0.304427895728,1.0,-0.11838,-0.155585142857,2.723
0.291281459,0.00164736755619,-0.12642347235,-2.12766038562,0.0126593324768,2.12295096238,-0.0159830145481,-0.227955034755,-0.410976932156,0.00748407882231,-0.508128487215,-0.0637200133016,0.0854985781515,-0.217141534882,0.573870337076,0.8189284282,0.00313250871324,0.0,0.818895848659,-0.573801986683,-0.011900253335,0.0,-0.00794816906278,0.00939458164864,-0.999924281355,0.0,0.53135232032,0.0899675392755,0.30440088644,1.0,-0.119122857143,-0.156561469388,2.736
0.286386726386,-0.00721029993805,-0.126410352274,-2.13811210155,0.0113437754258,2.12492919338,-0.0203886356472,-0.233761913939,-0.423738693187,-0.000334888075939,-0.501142438295,-0.0669805499495,0.0963836609885,-0.202183119887,0.573715045803,0.819036209639,0.00338827698104,0.0,0.819007903569,-0.57364698497,-0.0116592206869,0.0,-0.00760579547948,0.00946427817407,-0.99992628694,0.0,0.529029096021,0.0869133002555,0.304526671178,1.0,-0.11998,-0.157688,2.756
0.283014886415,-0.0130515489954,-0.126439028424,-2.14518489972,0.0104760157245,2.12611267969,-0.0232847632776,-0.244520318782,-0.418584971064,-9.03614200041e-05,-0.507112674975,-0.0616170430571,0.0812492757754,-0.214980263561,0.573753333275,0.819009533899,0.00335303437419,0.0,0.818980481384,-0.573685024706,-0.0117136860481,0.0,-0.0076701826175,0.00946701839036,-0.999925769176,0.0,0.527332595733,0.0847062799485,0.304506216974,1.0,-0.11998,-0.157688,2.77
0.278122577317,-0.0213293008132,-0.12654673672,-2.15527189856,0.00922973829818,2.12759866292,-0.0275800636216,-0.246637369932,-0.414210638801,-0.00939922079208,-0.503135465498,-0.0651660732832,0.0775960432639,-0.209900116498,0.573782482094,0.818990021399,0.00312329831261,0.0,0.818956802546,-0.573713565679,-0.0119685847137,0.0,-0.00801042706475,0.0094253921117,-0.999923494594,0.0,0.524860437889,0.0814977303924,0.304413414934,1.0,-0.11998,-0.157688,2.79
0.274896487435,-0.0268061601972,-0.126611047783,-2.16153025541,0.0084081699399,2.12877421964,-0.0303343479036,-0.252143412606,-0.42141023924,-0.00403977350027,-0.477635326906,-0.062352606925,0.0987392928345,-0.209486705372,0.573855484161,0.818937798488,0.00339299365672,0.0,0.818909236332,-0.573786993802,-0.0117002262848,0.0,-0.00763504892357,0.00949297563297,-0.999925791967,0.0,0.52339180288,0.0794280352947,0.304546250271,1.0,-0.11998,-0.157688,2.803
0.269862827344,-0.0350583568747,-0.126730412443,-2.17137071474,0.00716165779185,2.13029702185,-0.0346414455647,-0.256100434516,-0.402796666332,-0.00363283020765,-0.489811289756,-0.0626713113561,0.0742999638791,-0.21440312037,0.573983796311,0.818848069077,0.00334488314156,0.0,0.818818521286,-0.573915003398,-0.0117705129476,0.0,-0.00771873178913,0.00949511878449,-0.999925129147,0.0,0.520980860417,0.0762034396538,0.304520146842,1.0,-0.11998,-0.157688,2.823
0.2663387359,-0.0408577195948,-0.126733787786,-2.17824418018,0.006321160742,2.1312866448,-0.0377689706129,-0.252140459926,-0.408883902315,0.000221925567763,-0.496184206687,-0.0653903872231,0.0705927524755,-0.215944738193,0.573924033662,0.818890106191,0.00330824242595,0.0,0.818859450779,-0.573854604675,-0.0118675804045,0.0,-0.00781994458631,0.00952025848598,-0.999924103692,0.0,0.519261273954,0.0740090242053,0.304501542963,1.0,-0.11998,-0.157688,2.837
0.261318041247,-0.0490882868122,-0.126722470065,-2.18774819455,0.00509761879284,2.13282778057,-0.0421353319064,-0.249624516706,-0.422935959678,-0.000431886001034,-0.468080672464,-0.0597478920852,0.0794526556862,-0.21610194234,0.57388042283,0.818919866479,0.00350135393634,0.0,0.818892314554,-0.573811075551,-0.0117035738407,0.0,-0.00757531930725,0.0095838682525,-0.999925379219,0.0,0.516916248291,0.0709298056783,0.304583174043,1.0,-0.11998,-0.157688,2.857
0.257977601118,-0.054418438808,-0.126733048645,-2.19388402234,0.00427785579903,2.13374144433,-0.0450889006527,-0.259154606828,-0.417110444698,-0.0030624540198,-0.47990455824,-0.0666708554373,0.0617614025428,-0.225988367841,0.573819203187,0.818962478747,0.00356754257217,0.0,0.818936113366,-0.573750069424,-0.0116295727191,0.0,-0.00747744986641,0.00959504633376,-0.999926008677,0.0,0.515381851597,0.0688913761434,0.304626000368,1.0,-0.11998,-0.157688,2.87
0.252507843939,-0.0629347275111,-0.126773893616,-2.20398831301,0.00299039889038,2.13501733555,-0.0498161952293,-0.261068479353,-0.403868730787,-0.000480139375639,-0.474760919498,-0.0658374045255,0.0645709080608,-0.229313674962,0.573842760138,0.818946836923,0.00336330687579,0.0,0.81891657241,-0.57377274772,-0.0118839517188,0.0,-0.0078027010689,0.00957397172298,-0.999923725552,0.0,0.512776447329,0.0655670187564,0.304523334207,1.0,-0.11998,-0.157688,2.891
0.249094985351,-0.0681928856246,-0.126812525294,-2.21008543724,0.00218706156693,2.13586334082,-0.0528039573098,-0.265178465892,-0.409068076026,-0.00810741041244,-0.465684661517,-0.0593107046316,0.0604477115203,-0.217236380898,0.573832860847,0.818953747824,0.00336951613325,0.0,0.818923495322,-0.573762743121,-0.0118899250197,0.0,-0.00780414609059,0.00958239010937,-0.999923633636,0.0,0.511218944589,0.0635129598558,0.304517910642,1.0,-0.11998,-0.157688,2.904
0.243766406048,-0.0762786888773,-0.126913571008,-2.21917844319,0.000960323476573,2.1371647734,-0.0574364018519,-0.267741130493,-0.395728856491,0.00341178890876,-0.463610932299,-0.0555059736516,0.0558960258796,-0.233619154434,0.57388400377,0.818917027925,0.00357749824413,0.0,0.818890268017,-0.573814157512,-0.0116956610113,0.0,-0.00752510169559,0.00964171689681,-0.999925202273,0.0,0.508909818645,0.0603297470972,0.304620956588,1.0,-0.11998,-0.157688,2.924
0.240025267312,-0.0819241751231,-0.126926162902,-2.22574786763,9.73260172595e-05,2.13789029881,-0.0607013425104,-0.271468515476,-0.403063512042,-0.000141907497615,-0.471568641129,-0.0602534322928,0.0509687977812,-0.245464870914,0.573854313196,0.818938387213,0.00344848909759,0.0,0.818909168672,-0.57378391963,-0.0118547011604,0.0,-0.00772973107924,0.00962705608328,-0.99992378262,0.0,0.507166059454,0.0581314553499,0.304564896312,1.0,-0.11998,-0.157688,2.938
0.234433565082,-0.0903406605235,-0.126907623738,-2.23542617046,-0.00116051896139,2.13903195372,-0.0656512304592,-0.27068555842,-0.407554673657,-0.0004071108403,-0.457337653908,-0.0571764136114,0.0581039160909,-0.239007335973,0.573729399415,0.819026138977,0.00339217040786,0.0,0.818995428771,-0.573658289767,-0.0119750213027,0.0,-0.00786206015593,0.00964877960652,-0.999922541531,0.0,0.504596239265,0.0549040328077,0.304520697778,1.0,-0.11998,-0.157688,2.959
0.230871196623,-0.095577853081,-0.126934774237,-2.2411530891,-0.00196461084447,2.13980659409,-0.0687583853165,-0.279766901186,-0.397595088843,-0.00244597867503,-0.444039917457,-0.0625900032039,0.0581625109372,-0.249768152341,0.573716823681,0.819034132472,0.00358370929584,0.0,0.819006859839,-0.57364622162,-0.0117695734196,0.0,-0.00758404707477,0.00968767129305,-0.999924312763,0.0,0.503108003054,0.0528601502737,0.304621287067,1.0,-0.11998,-0.157688,2.972
0.225032108898,-0.103907097963,-0.127043833074,-2.25059817307,-0.00328693354566,2.14077707037,-0.0737319004472,-0.27507253047,-0.396738854846,-0.00817998495832,-0.457765608361,-0.061167929162,0.0425233932106,-0.24021395897,0.573836210153,0.818950964478,0.00347398894371,0.0,0.818921832104,-0.573765422783,-0.0118751599497,0.0,-0.00773206782539,0.00965950814647,-0.999923451585,0.0,0.50056052236,0.0494962617768,0.304587412677,1.0,-0.11998,-0.157688,2.993
0.221627952892,-0.10868581213,-0.127124897138,-2.25601026192,-0.00400819307919,2.14131208822,-0.0766672569551,-0.283739898397,-0.385617059572,-0.00530020152546,-0.448198735425,-0.0645566416457,0.0456489621565,-0.243065829761,0.573909416668,0.818899854064,0.00342890291946,0.0,0.818869554161,-0.573838060878,-0.0119699648125,0.0,-0.00783471827846,0.00967768605344,-0.999922476786,0.0,0.499087838965,0.047551238705,0.304559191206,1.0,-0.11998,-0.157688,3.005
0.215959694283,-0.116609642266,-0.127213040076,-2.26470896889,-0.00524318387349,2.14229560423,-0.0815604433402,-0.279220962962,-0.398268803502,0.000203422972871,-0.419774083473,-0.0503396133695,0.0533581298593,-0.244930458607,0.573969915534,0.818856851577,0.00356925598927,0.0,0.818829079058,-0.57389892847,-0.0118197331438,0.0,-0.00763042419022,0.00970696871801,-0.999923772787,0.0,0.496742997107,0.0443677577074,0.30462983145,1.0,-0.11998,-0.157688,3.025
0.212298502042,-0.121710043408,-0.127198980076,-2.27025414069,-0.0060146909763,2.14292711612,-0.0848233318315,-0.277199769811,-0.391402364193,0.00126510791721,-0.428177236505,-0.0644371242765,0.0396637137329,-0.249823902422,0.573875674151,0.818922303503,0.00370382833882,0.0,0.818896820627,-0.573804951579,-0.0116885247661,0.0,-0.00744686196054,0.00974100082521,-0.999924825749,0.0,0.495237305376,0.0423682564121,0.304689645258,1.0,-0.11998,-0.157688,3.038
0.206296231261,-0.129911407647,-0.127209609814,-2.27946085306,-0.00727818695268,2.14364990698,-0.0900567094577,-0.289932794382,-0.400252501885,-0.000878997176621,-0.432182494142,-0.0613680002815,0.0321068267669,-0.249633273818,0.573835104552,0.818951480204,0.00353450945209,0.0,0.818922632968,-0.573763471152,-0.0119141632204,0.0,-0.00772929800563,0.0097314422444,-0.99992277551,0.0,0.492639271717,0.0390936965506,0.304611450137,1.0,-0.11998,-0.157688,3.059
0.202500027103,-0.135001619393,-0.127226633753,-2.28509122586,-0.00806662482599,2.14413560035,-0.0933637093488,-0.295350266796,-0.384111612303,-0.000488070358576,-0.432944450456,-0.0664426835396,0.0416462859537,-0.257966073738,0.573822957008,0.818960110026,0.00350700704445,0.0,0.818930636317,-0.573751088457,-0.0119602799444,0.0,-0.00778299291698,0.00973526614888,-0.99992232179,0.0,0.491054706497,0.0370416509209,0.304593290738,1.0,-0.11998,-0.157688,3.072
0.196622293293,-0.142831179241,-0.127307656379,-2.29337091147,-0.00923310483775,2.14498870609,-0.0985215182849,-0.298193795175,-0.391070417941,-0.0100539254813,-0.416514080917,-0.0582017313843,0.0398610819618,-0.2566969138,0.573852813658,0.818937808572,0.00381586811665,0.0,0.818913523978,-0.573781399212,-0.0116744621018,0.0,-0.00737132618358,0.00982447808313,-0.999924568745,0.0,0.488640999159,0.0337186876948,0.304732204165,1.0,-0.11998,-0.157688,3.093
0.19244609597,-0.148200336065,-0.127423641728,-2.2992748161,-0.0100776515087,2.14543803695,-0.102099810966,-0.294826187779,-0.387206097818,-0.00283681173866,-0.43623414664,-0.0574871295421,0.0266044534068,-0.267288568307,0.573960504995,0.818862565846,0.00376614704554,0.0,0.818837190558,-0.573888646134,-0.0117568745174,0.0,-0.00746605914935,0.00983203219827,-0.999923791648,0.0,0.487068161766,0.0316225817029,0.304698432302,1.0,-0.11998,-0.157688,3.106
0.186501737573,-0.155917639165,-0.127424093978,-2.30773466378,-0.0113188009549,2.14592637568,-0.107360979922,-0.295580844153,-0.385652990081,0.0010562507495,-0.424978306679,-0.0662237202506,0.0292506944402,-0.264501240708,0.573833855504,0.818952112589,0.00359032926267,0.0,0.818923671606,-0.573761616202,-0.0119320894632,0.0,-0.00771196523228,0.00978743096133,-0.99992236288,0.0,0.484589521659,0.0285069092968,0.304636023781,1.0,-0.11998,-0.157688,3.126
0.182334571,-0.161280958471,-0.127413808447,-2.3135011081,-0.0121677211399,2.14632633487,-0.111025056384,-0.30275533199,-0.387990280176,-0.000470833477376,-0.41065929193,-0.052940495126,0.0324750359683,-0.258603925542,0.573763981141,0.819001091598,0.00358508131752,0.0,0.818972650458,-0.573691857483,-0.0119246534883,0.0,-0.00770972069962,0.00977820846873,-0.999922470418,0.0,0.482907223255,0.0263529501209,0.304637964586,1.0,-0.11998,-0.157688,3.14
0.175922538378,-0.169319941693,-0.127440077258,-2.32184355602,-0.0133180469864,2.14697130014,-0.116682968165,-0.304190793135,-0.38233555647,-0.0020253501214,-0.40050715501,-0.062410559681,0.0254333665437,-0.274840609363,0.573745982046,0.819012372478,0.00387668859832,0.0,0.818988430982,-0.573673791913,-0.0117080011386,0.0,-0.00736518494387,0.00989257218627,-0.999923942641,0.0,0.480485900549,0.0230738744313,0.304763451175,1.0,-0.11998,-0.157688,3.161
0.17222596432,-0.173858630902,-0.127460917439,-2.32680409061,-0.0139912051558,2.14717327249,-0.119902566123,-0.310226365804,-0.372674941813,-0.00251454175692,-0.406476546535,-0.0547190527414,0.0114615876111,-0.264249067529,0.573764416856,0.818999943568,0.00377270290239,0.0,0.818973554058,-0.573691121521,-0.0118979722094,0.0,-0.00758021835149,0.00991656791552,-0.999922097951,0.0,0.478987344668,0.0211924749238,0.304697725214,1.0,-0.11998,-0.157688,3.173
0.165599030481,-0.181790592318,-0.127649529712,-2.33527311628,-0.0152942293865,2.14758551134,-0.125647243989,-0.313499479364,-0.375315476172,-0.008903140513,-0.400473902308,-0.0640460889151,0.0248276881683,-0.271546096023,0.573899095418,0.818905951078,0.00369032090022,0.0,0.818878138866,-0.573825622173,-0.0119789784929,0.0,-0.00769220418786,0.00989683857652,-0.999921438204,0.0,0.476439064842,0.0177699701319,0.304660909014,1.0,-0.11998,-0.157688,3.194
0.162144707633,-0.185933718718,-0.127674505577,-2.33962068767,-0.0159265021867,2.14781006553,-0.128657875192,-0.310800360353,-0.375879750905,-0.000558558166355,-0.395340530423,-0.0597814314705,0.0213069494731,-0.271733539544,0.573916143974,0.81889385811,0.00372232957087,0.0,0.81886643728,-0.573842518179,-0.0119695082487,0.0,-0.0076658734068,0.00991777572134,-0.999921432968,0.0,0.47512508748,0.0160417671186,0.304669725062,1.0,-0.11998,-0.157688,3.205
0.15524909022,-0.194209976657,-0.127676914655,-2.34807302567,-0.0171948205885,2.14828604587,-0.134822622521,-0.31770301647,-0.373480534807,-0.00187020537642,-0.386048147173,-0.0564845154478,0.0193111640569,-0.279471857073,0.573780332384,0.818988035586,0.00393378165229,0.0,0.818964486484,-0.573707482177,-0.0117320787974,0.0,-0.00735173374411,0.0099534551776,-0.99992343744,0.0,0.472568019486,0.0126437209521,0.304778834394,1.0,-0.11998,-0.157688,3.227
0.15071371761,-0.199413531815,-0.12770478805,-2.35360596983,-0.0180454200457,2.14842415236,-0.138778670393,-0.330729325867,-0.369385737444,-0.00293310443429,-0.396084782545,-0.0592699934081,0.0122677971073,-0.27950589966,0.5737819972,0.818987465744,0.00380756409427,0.0,0.818961698752,-0.573708799137,-0.0118615627609,0.0,-0.00753018318054,0.00992439140493,-0.999922398387,0.0,0.470838325397,0.0104139512201,0.304723031062,1.0,-0.11998,-0.157688,3.241
0.144590799046,-0.206455534049,-0.127776087487,-2.36098498017,-0.0191010706883,2.14863761382,-0.144177268986,-0.325146835479,-0.369000271465,-0.00768651305942,-0.386463627987,-0.0582228824975,0.0137699549035,-0.282993284602,0.573802401115,0.818973261932,0.00378782483426,0.0,0.818946390059,-0.573728157879,-0.0119815677962,0.0,-0.00763954898157,0.00997726993814,-0.999921042571,0.0,0.468523974528,0.00742787006958,0.304684894879,1.0,-0.11998,-0.157688,3.26
0.140303107294,-0.211268086332,-0.127895519271,-2.36591237342,-0.0198211761209,2.14878234224,-0.147917042355,-0.331928352464,-0.37498785642,-0.0104048253395,-0.373117439546,-0.0573808236616,0.0107537481765,-0.285518696811,0.573915682018,0.818893569043,0.00385479112531,0.0,0.818867377056,-0.57384092425,-0.0119816255202,0.0,-0.00759978550249,0.0100331986502,-0.999920785955,0.0,0.466972593209,0.0053247270478,0.304700881321,1.0,-0.11998,-0.157688,3.273
0.133453655975,-0.218998826291,-0.127908843741,-2.37361285645,-0.0209976822913,2.1490315833,-0.153965781458,-0.326633310165,-0.364690441163,0.000317130617252,-0.370787321826,-0.0556755879172,0.00652021219987,-0.298157779742,0.573879376326,0.818918034605,0.00405720683788,0.0,0.818895548924,-0.573805371538,-0.0117568042903,0.0,-0.00729995253235,0.0100696100055,-0.999922653832,0.0,0.464539674067,0.00207097815936,0.304811700649,1.0,-0.11998,-0.157688,3.294
0.129202158559,-0.223732577207,-0.127905197066,-2.37854987369,-0.0217898427901,2.14909280896,-0.157833508344,-0.325820896717,-0.362976336377,-0.00104938190446,-0.384667680127,-0.0663625992179,0.00316812511907,-0.300012704821,0.573720312228,0.81903000546,0.00394973353623,0.0,0.819005853899,-0.573646323349,-0.0118344365348,0.0,-0.0074271514941,0.0100247045179,-0.999922168331,0.0,0.46294070912,6.83482732211e-05,0.304762043002,1.0,-0.11998,-0.157688,3.307
0.122446583741,-0.230988855941,-0.127939252278,-2.3859906568,-0.0229185783808,2.14910755047,-0.163753056569,-0.336505001148,-0.364969412249,-0.00298819286078,-0.36836610983,-0.0510396153436,0.000267981046874,-0.309242309975,0.573747069032,0.819011610077,0.00387688511588,0.0,0.818985770493,-0.573672342204,-0.0119623752392,0.0,-0.00757340825166,0.0100386847517,-0.999920931022,0.0,0.460500039852,-0.00309110041,0.304722176304,1.0,-0.11998,-0.157688,3.327
0.117692296386,-0.236042417697,-0.128021635871,-2.39109630889,-0.0236792566106,2.14912528239,-0.167901567409,-0.348748580087,-0.367950766467,-0.00572158497088,-0.363656970067,-0.0517819553044,0.00351542045245,-0.297723202086,0.573841409438,0.8189453914,0.00390251458553,0.0,0.818919502405,-0.573766066065,-0.0120040373737,0.0,-0.00759166680701,0.010084453185,-0.999920332026,0.0,0.458815422455,-0.00531679488455,0.304718831127,1.0,-0.11998,-0.157688,3.341
0.110776986031,-0.243274359856,-0.128173314145,-2.39812164897,-0.0248502138435,2.14922631239,-0.174025727455,-0.34742432223,-0.357531358395,-0.00201506828745,-0.353439592352,-0.0571877355257,0.00690702708327,-0.306319911331,0.573905302113,0.818899680596,0.00409441415374,0.0,0.818877739329,-0.573831257058,-0.011733855097,0.0,-0.00725948713796,0.0100871404692,-0.99992277174,0.0,0.45650024224,-0.00855299932641,0.3048327088,1.0,-0.11998,-0.157688,3.361
0.106374070734,-0.247917793667,-0.128165384386,-2.40279374456,-0.0255458091181,2.14921921932,-0.177997621912,-0.33519390103,-0.362772790743,-0.000101087429216,-0.358604655617,-0.0563916738569,-0.00186470911202,-0.304020507589,0.573818457764,0.818960486409,0.00410440395219,0.0,0.818938435203,-0.573744060444,-0.0117617751205,0.0,-0.00727769180258,0.0101105724701,-0.999922402753,0.0,0.454930932774,-0.0105391415338,0.304819440189,1.0,-0.11998,-0.157688,3.374
0.0990711094954,-0.2553331129,-0.128197048201,-2.41032644886,-0.0266767134203,2.1491656183,-0.184520306342,-0.350379049231,-0.358571596009,-0.00566911661159,-0.348364239993,-0.0440869632831,-0.00643740773385,-0.304403852204,0.573774761089,0.818991354545,0.00405359320207,0.0,0.818967793986,-0.573699372716,-0.0118965987154,0.0,-0.00741781043499,0.0101459257086,-0.999921015021,0.0,0.452368377617,-0.0138234051176,0.304747271659,1.0,-0.11998,-0.157688,3.395
0.094513073815,-0.259875385171,-0.128228505723,-2.41484459682,-0.0273888198726,2.14913005056,-0.188534578816,-0.344495737812,-0.350037677041,-0.00244024554536,-0.345068790545,-0.0556483477141,-0.00507380040181,-0.315345266731,0.573801945262,0.818972258748,0.00406373176106,0.0,0.818948823484,-0.573726508172,-0.0118939159084,0.0,-0.00740945919845,0.0101529359052,-0.999921005783,0.0,0.45081895588,-0.015863836257,0.304737299754,1.0,-0.11998,-0.157688,3.408
0.0870125796527,-0.267308481214,-0.128388709387,-2.42190847726,-0.0285263694612,2.14903540434,-0.195193155371,-0.360911096724,-0.354876988013,-0.000865352486262,-0.334869620287,-0.0567579398416,-0.00310487019615,-0.320526756029,0.573908644341,0.818896383649,0.0042810860907,0.0,0.818876770992,-0.573833872185,-0.0116733870142,0.0,-0.00710279895313,0.0102053361548,-0.999922697693,0.0,0.448370147796,-0.0192411997934,0.3048508656,1.0,-0.11998,-0.157688,3.429
0.0823901607673,-0.27182905793,-0.128427140131,-2.42627177983,-0.0292355709655,2.1489616901,-0.199315658663,-0.354214275579,-0.349314249691,-0.000436824353626,-0.341156089655,-0.0533703240478,-0.00737281461327,-0.321138147958,0.573904789631,0.818898756004,0.00434358778013,0.0,0.81888037368,-0.57383043496,-0.0115893234375,0.0,-0.00699813441651,0.0102082435542,-0.999923406006,0.0,0.446841413926,-0.0212784444459,0.304880351991,1.0,-0.11998,-0.157688,3.442
0.0752669560356,-0.278734179563,-0.128425727482,-2.43316397344,-0.0303241799362,2.14869023482,-0.205786971975,-0.360376862245,-0.34157065162,-0.00265945673869,-0.336032240262,-0.0584516944237,-0.0132676413419,-0.322275416401,0.573747597929,0.819009570499,0.00421476020672,0.0,0.818988569969,-0.573672312867,-0.011770582442,0.0,-0.00722246748927,0.010205380322,-0.999921840033,0.0,0.444374978383,-0.0243564626256,0.304797283738,1.0,-0.11998,-0.157688,3.462
0.0704871185483,-0.283198179451,-0.128454417813,-2.43748093152,-0.0310289256787,2.14855278046,-0.210032251813,-0.367485900729,-0.346988087908,-0.00075212958291,-0.328980476154,-0.0485289172724,-0.00678250292402,-0.317710317919,0.573762531679,0.818999015029,0.00423290960803,0.0,0.818978399259,-0.573687396099,-0.0117430832912,0.0,-0.00718934517515,0.0102045992041,-0.9999220867,0.0,0.442821177343,-0.0264222191848,0.304800924819,1.0,-0.11998,-0.157688,3.475
0.0627299877809,-0.290392415527,-0.128600933933,-2.44432509091,-0.0321037133924,2.14828518551,-0.216973161829,-0.379241612701,-0.336965453117,-0.00427117161312,-0.318646496064,-0.0494115591486,-0.0120700858859,-0.326490199386,0.573836873112,0.818946281273,0.00435641453619,0.0,0.818927386867,-0.573761501947,-0.011679932564,0.0,-0.00706583043055,0.0102701608853,-0.999922295899,0.0,0.440442381109,-0.0296180270286,0.304840578536,1.0,-0.11998,-0.157688,3.495
0.0578938398717,-0.2948052258,-0.128683835982,-2.44841827174,-0.0327448001073,2.14814502637,-0.22126476501,-0.370834996328,-0.343229594079,-0.0010874319147,-0.313288952592,-0.0495991008204,-0.00795381290467,-0.323046040254,0.573949753866,0.818866289986,0.00451952017509,0.0,0.818850019852,-0.573874625927,-0.0115458047221,0.0,-0.00686096442265,0.0103277198041,-0.999923129731,0.0,0.438819308233,-0.0318543918541,0.304903575553,1.0,-0.11998,-0.157688,3.509
0.0497806500079,-0.302228561232,-0.128675410956,-2.45548650704,-0.0339122516748,2.14773815059,-0.228668008507,-0.377250480738,-0.335124858647,0.000336847318597,-0.331037751373,-0.0598071713426,-0.0244571553369,-0.330651188171,0.573775744212,0.818988318985,0.00450284586405,0.0,0.818971886116,-0.573700772225,-0.0115421228819,0.0,-0.00686970993035,0.0103104928255,-0.999923247466,0.0,0.436172545723,-0.0352406177533,0.304903388198,1.0,-0.11998,-0.157688,3.531
0.0455880955112,-0.305845314627,-0.128704848661,-2.45904509055,-0.0345270178179,2.14747654629,-0.23233628353,-0.381541500698,-0.322486839312,-0.00127345597226,-0.324338954733,-0.0616435501935,-0.0229399832248,-0.334038047237,0.573837340886,0.81894583466,0.00437869841592,0.0,0.818927182477,-0.573761831522,-0.0116780730723,0.0,-0.00705151504009,0.0102873476184,-0.999922220282,0.0,0.434809833319,-0.0369927410472,0.304838941081,1.0,-0.11998,-0.157688,3.542
0.0372351299448,-0.313128152944,-0.128849168986,-2.46588042549,-0.035610995733,2.14705158832,-0.239903850427,-0.376682348323,-0.324077071578,-0.0140394452347,-0.304902003434,-0.0449336303071,-0.0312888157357,-0.349004475438,0.573881384132,0.818914411018,0.00448232914123,0.0,0.818896933132,-0.573805294087,-0.011663802385,0.0,-0.00697980605219,0.0103644041909,-0.999921927669,0.0,0.432184671641,-0.0404795598284,0.304853240483,1.0,-0.11998,-0.157688,3.564
0.0321967357549,-0.317401209893,-0.128930995071,-2.46986275312,-0.0362575533255,2.14676327799,-0.244407667811,-0.38866898013,-0.320643094863,-0.00716837936181,-0.300822039175,-0.0466326373977,-0.0224345899513,-0.353104867462,0.573958883498,0.818859835375,0.00452956557073,0.0,0.818842894598,-0.573882521707,-0.0116581365247,0.0,-0.00694707499614,0.0104004938483,-0.999921780879,0.0,0.43062790372,-0.0425651011509,0.304863113974,1.0,-0.11998,-0.157688,3.577
0.0242061802088,-0.324250095664,-0.128923569094,-2.47608505153,-0.0373268954449,2.14635243616,-0.251751668805,-0.384115006116,-0.334120284721,-0.00148721645081,-0.299161071709,-0.052949028704,-0.0139472925674,-0.350451993735,0.573789614995,0.818977765616,0.0046523167547,0.0,0.818963686776,-0.573714861268,-0.0114229857378,0.0,-0.00668619680473,0.0103646686221,-0.999923931315,0.0,0.428189514174,-0.0457975687878,0.304946185586,1.0,-0.11998,-0.157688,3.598
0.019498425146,-0.3281410895,-0.128945228168,-2.47970712748,-0.0379612969491,2.14601885237,-0.25600893402,-0.394706453148,-0.322354052203,-0.00311860682465,-0.302222606257,-0.0530778129381,-0.0307000489399,-0.352054567649,0.573764929782,0.818995269728,0.00461523752037,0.0,0.818980667545,-0.573690213376,-0.0114434333067,0.0,-0.0067245306178,0.0103458302023,-0.999923869345,0.0,0.426733006892,-0.0476960984654,0.304938238807,1.0,-0.11998,-0.157688,3.61
0.0116274942948,-0.334515913735,-0.129057002375,-2.48576240297,-0.0389307901591,2.14541555837,-0.263155439416,-0.397381509287,-0.319020429155,-0.0131646212082,-0.299872507684,-0.0474979448285,-0.0275054479414,-0.366284860889,0.573797101045,0.818973148414,0.0045404746159,0.0,0.818956186051,-0.573720487037,-0.0116754008084,0.0,-0.00695701039506,0.0104179614897,-0.999921529964,0.0,0.424264542824,-0.0508577622457,0.304853892031,1.0,-0.11998,-0.157688,3.63
0.00642310030058,-0.338632338828,-0.129155509261,-2.48949336589,-0.0395288857537,2.14508908485,-0.26777513234,-0.400192967968,-0.317966696294,-0.00565397348015,-0.281430563299,-0.0404346115494,-0.0254236683101,-0.363041097911,0.573950069599,0.81886540786,0.00463770622058,0.0,0.818849788643,-0.573873254114,-0.0116300796613,0.0,-0.00686214648247,0.0104728714248,-0.999921611883,0.0,0.422727241372,-0.0529494733558,0.304878469667,1.0,-0.11998,-0.157688,3.643
-0.00186517664056,-0.345231784672,-0.129165352572,-2.49550352697,-0.0405178932742,2.14446510088,-0.275462365445,-0.406906156184,-0.308908833829,5.51209456549e-05,-0.284357494845,-0.0498714039786,-0.0322770913514,-0.372310636252,0.573787638207,0.818979046823,0.00467054676329,0.0,0.818963784362,-0.57371064311,-0.0116260392235,0.0,-0.00684207186542,0.0104960883223,-0.999921506011,0.0,0.42022191228,-0.0561899908154,0.304887670259,1.0,-0.11998,-0.157688,3.664
-0.00713991209686,-0.349291296572,-0.129195753132,-2.49912465185,-0.0411670811272,2.14405346856,-0.280160864803,-0.413414575727,-0.308308551632,-0.00186470257396,-0.271459925117,-0.0460025649338,-0.0320834690501,-0.361571221643,0.573857764686,0.818929808169,0.00468850757525,0.0,0.81891513558,-0.573781253883,-0.0115680729137,0.0,-0.00678339257805,0.0104781200169,-0.999922094258,0.0,0.418677692414,-0.0582566207796,0.304917857835,1.0,-0.11998,-0.157688,3.677
-0.015657752756,-0.355840433683,-0.129339135607,-2.50490714661,-0.0421844894072,2.14342039421,-0.287968926943,-0.408375664023,-0.311970320863,-0.0120342351765,-0.281816505496,-0.0482324752131,-0.0294489541849,-0.370052462053,0.573875910671,0.818916393507,0.00480900181151,0.0,0.818903957724,-0.573800116576,-0.0114228342531,0.0,-0.00659506740561,0.01049360206,-0.999923191751,0.0,0.416188015023,-0.061598809947,0.304983297767,1.0,-0.11998,-0.157688,3.698
-0.0205943407297,-0.35947686396,-0.129406874667,-2.50828654078,-0.0427650762259,2.14297990995,-0.292435099141,-0.408738482009,-0.306140727624,-0.00201259171525,-0.279839124488,-0.0507158907137,-0.0388898820245,-0.375343108985,0.573924984329,0.818882386631,0.00474300855875,0.0,0.818868343068,-0.57384818211,-0.0115606016556,0.0,-0.00674513610025,0.0105190202074,-0.999921923628,0.0,0.414705134094,-0.0635065535929,0.304930023035,1.0,-0.11998,-0.157688,3.71
-0.0291301779752,-0.365796931448,-0.129403186201,-2.51400242111,-0.0437475624723,2.14226073977,-0.300376810108,-0.411401239014,-0.299075074255,8.9205250868e-05,-0.267885855016,-0.0468501658542,-0.0390761355335,-0.380285019033,0.573748742018,0.819006081358,0.00470814530806,0.0,0.818991353288,-0.57367171135,-0.0116050737986,0.0,-0.00680382723429,0.0105145292276,-0.99992157323,0.0,0.412183656694,-0.0667353801521,0.304905033524,1.0,-0.11998,-0.157688,3.731
-0.0345667463997,-0.369698325606,-0.129434323235,-2.51742449652,-0.0443571097555,2.14181657701,-0.305337630314,-0.415862625142,-0.294616339013,-0.00309752446078,-0.260947995631,-0.045485536601,-0.034189457578,-0.380731144183,0.573755364417,0.819001250243,0.00474139271879,0.0,0.818987297911,-0.573678769576,-0.0115421877962,0.0,-0.00673315952886,0.0105057348443,-0.999922144018,0.0,0.410638470923,-0.0687985137136,0.304930710379,1.0,-0.11998,-0.157688,3.744
-0.0429777210216,-0.375550511366,-0.129577091661,-2.52265539238,-0.0452353101812,2.14104419597,-0.312963578622,-0.420746896435,-0.295377268517,-0.0106234039929,-0.254458772144,-0.0413042171456,-0.0363833769613,-0.384762362171,0.573909164383,0.818893357214,0.00476313435096,0.0,0.81887883482,-0.573831152128,-0.0116623168075,0.0,-0.00681709014117,0.0105937443636,-0.999920646783,0.0,0.408103658902,-0.0721518334867,0.304904887618,1.0,-0.11998,-0.157688,3.765
-0.048439394747,-0.379365199205,-0.129647922216,-2.52591313078,-0.0457814644795,2.14059714759,-0.318013176286,-0.420423328496,-0.299073202877,-0.00499179696561,-0.251179338568,-0.0388002030277,-0.0319109138629,-0.392744452462,0.57392321296,0.818882866785,0.00487268027149,0.0,0.818870223064,-0.573845587213,-0.0115562414587,0.0,-0.00666717042695,0.0106226925283,-0.999921350528,0.0,0.40670318605,-0.0740428713375,0.304956454362,1.0,-0.11998,-0.157688,3.777
-0.0573104632376,-0.385456989692,-0.12965750429,-2.53124882433,-0.0467362480058,2.13980759625,-0.326237493606,-0.427727771444,-0.286764219165,-0.00166840056311,-0.259196463901,-0.0534351540024,-0.040203047556,-0.387264016374,0.573811614574,0.818961124885,0.00486351811952,0.0,0.81894858184,-0.5737343837,-0.0115249365969,0.0,-0.0066482354678,0.0105963177552,-0.999921756447,0.0,0.404069474027,-0.0774695511493,0.304961253305,1.0,-0.11998,-0.157688,3.799
-0.0628742723181,-0.389161797983,-0.129691806693,-2.53454913168,-0.0473421433823,2.13928640233,-0.331380673778,-0.428592946208,-0.284019941471,-0.0035793790378,-0.250303612813,-0.0485621483296,-0.0427146925514,-0.395943771284,0.573781191891,0.818982692668,0.00482077213059,0.0,0.818969299343,-0.573703622017,-0.0115839423291,0.0,-0.00672148325754,0.0105949165955,-0.999921281604,0.0,0.402605440805,-0.0793546188538,0.304934134478,1.0,-0.11998,-0.157688,3.811
-0.0719700049136,-0.395114245381,-0.129865027549,-2.53967025285,-0.0482610045554,2.13845394882,-0.339735713652,-0.435645164647,-0.281158233577,-0.00714667809264,-0.236409057605,-0.0460449755144,-0.0391570221504,-0.398630789505,0.573895164383,0.818902379673,0.00489691376416,0.0,0.818889988775,-0.573817374158,-0.0115565695459,0.0,-0.00665389621246,0.0106424979377,-0.999921228349,0.0,0.400082607326,-0.0827196757625,0.304956779716,1.0,-0.11998,-0.157688,3.832
-0.0775248157202,-0.398706017175,-0.129862076666,-2.54275862344,-0.0488013091426,2.13793725658,-0.344954825513,-0.43051358709,-0.276582208402,-0.000137116960017,-0.234881429956,-0.0347152824083,-0.0467047566837,-0.405555645084,0.573796574448,0.818971361045,0.00491404524913,0.0,0.818959293824,-0.573718913469,-0.01153387569,0.0,-0.0066267607566,0.0106427062932,-0.999921406334,0.0,0.39854829431,-0.0847164224086,0.304966843081,1.0,-0.11998,-0.157688,3.845
-0.0862739703445,-0.404142709775,-0.129875932467,-2.54752162633,-0.0496479160248,2.13703992422,-0.353096084648,-0.440011179265,-0.271771353544,-0.00187869631989,-0.240854464215,-0.0456874872688,-0.0436641632419,-0.415332757586,0.573724792406,0.819022075588,0.00484243534729,0.0,0.819008282317,-0.573646093634,-0.0116764573266,0.0,-0.00678556283763,0.0106652730513,-0.999920100852,0.0,0.396122480244,-0.0878434462277,0.304924071174,1.0,-0.11998,-0.157688,3.865
-0.0919941611667,-0.407693613442,-0.129938137976,-2.55048866962,-0.0502109662474,2.13651961206,-0.358363339905,-0.440970861968,-0.276779726007,-0.00653601087693,-0.227006329008,-0.0434501185547,-0.0438913167621,-0.406671269642,0.57377935848,0.818983529557,0.00489622273452,0.0,0.818970945996,-0.57370129618,-0.0115827145594,0.0,-0.00667721167958,0.0106559918549,-0.999920929215,0.0,0.394463038387,-0.0900640866814,0.304962504707,1.0,-0.11998,-0.157688,3.879
-0.101326140672,-0.413308079323,-0.130079902844,-2.555195461,-0.0510849928194,2.13570779552,-0.367035656096,-0.436567839429,-0.258364106166,0.00150551755854,-0.226802736251,-0.0432844230595,-0.0482564114651,-0.42180991239,0.573815902762,0.818957352117,0.00499119748457,0.0,0.818946622556,-0.573738567424,-0.0114556779021,0.0,-0.00651819464234,0.0106611797404,-0.999921923145,0.0,0.392095642073,-0.0932581867477,0.305003748803,1.0,-0.11998,-0.157688,3.899
-0.107066415127,-0.416742456575,-0.130078682433,-2.55814266735,-0.0515839304705,2.13510985737,-0.372436713997,-0.448773123156,-0.253035496522,-0.00218501169162,-0.225165611494,-0.0389593549733,-0.048026332835,-0.41999912128,0.573741144596,0.819009775442,0.00498333516942,0.0,0.818998493395,-0.573663109495,-0.0115261234818,0.0,-0.0065813789675,0.0106945611785,-0.999921152798,0.0,0.39052266193,-0.0952561410792,0.304987539597,1.0,-0.11998,-0.157688,3.912
-0.116540386249,-0.422221120878,-0.130133303986,-2.56277379263,-0.0523978102385,2.13415559725,-0.381228598878,-0.45617791326,-0.259739126503,-0.00262974480011,-0.216594772185,-0.0393228263121,-0.042809775012,-0.421006182216,0.573772694886,0.818987537896,0.0050054245928,0.0,0.818976157702,-0.573693964482,-0.011577354386,0.0,-0.00661025435329,0.010742300049,-0.999920450599,0.0,0.387980787069,-0.0985640661163,0.304984649997,1.0,-0.11998,-0.157688,3.933
-0.121995027007,-0.425241927137,-0.130261321319,-2.56533772691,-0.0528435291388,2.13363240624,-0.386282782519,-0.456168103443,-0.25070192148,-0.0110237197787,-0.215881032259,-0.0376666278864,-0.0451620551295,-0.409265552134,0.573883085899,0.818909881683,0.00505532401827,0.0,0.818898693304,-0.57380344271,-0.0116312570147,0.0,-0.00662431651865,0.0108149881233,-0.999919573997,0.0,0.386533354111,-0.100492071543,0.304972448319,1.0,-0.11998,-0.157688,3.945
-0.131437763685,-0.430437594351,-0.13029484963,-2.56971592861,-0.0536476700406,2.13272294749,-0.395212205773,-0.445759426918,-0.245272699546,0.00123078352621,-0.203931129078,-0.0337082532725,-0.0507256932597,-0.420860135514,0.573773039555,0.818986992326,0.00505493636149,0.0,0.818975643778,-0.57369316353,-0.0116531506096,0.0,-0.00664392425231,0.0108263418472,-0.999919321042,0.0,0.384041545325,-0.103745349161,0.304962311671,1.0,-0.11998,-0.157688,3.966
-0.137874933578,-0.433872818401,-0.130321217794,-2.57262272585,-0.0542027145702,2.13205796383,-0.401218299354,-0.464354974057,-0.242085340062,-0.00111350987964,-0.208992300794,-0.036054457275,-0.0491645381941,-0.427298100435,0.57376654677,0.818991812187,0.0050108163606,0.0,0.818979466701,-0.573686126419,-0.0117306597587,0.0,-0.00673280809327,0.0108346244519,-0.999918636794,0.0,0.382341368139,-0.105949354479,0.304939925194,1.0,-0.11998,-0.157688,3.98
-0.147144388426,-0.438696916357,-0.13043908648,-2.57660585563,-0.0549565024611,2.1311708658,-0.409873256538,-0.468308180325,-0.23626552252,-0.012063230128,-0.193484861789,-0.0378885107077,-0.04578573659,-0.436877677878,0.573838917921,0.818940842719,0.00505364290266,0.0,0.818928998732,-0.573758256659,-0.0117262463494,0.0,-0.00670366179199,0.0108677604767,-0.999918473027,0.0,0.379944151439,-0.109139151277,0.304949351638,1.0,-0.11998,-0.157688,4.0
-0.153164149219,-0.44183416569,-0.130511850893,-2.57909778657,-0.0554183853935,2.13062417246,-0.415539055395,-0.461228543224,-0.242214299251,-0.00704675203652,-0.198498765433,-0.0315709565291,-0.0428647732236,-0.434613836479,0.573861307322,0.818924577957,0.00514611292691,0.0,0.818914511441,-0.573781295318,-0.0116101246994,0.0,-0.00655519933636,0.0108770373082,-0.999919356459,0.0,0.378412658355,-0.111199357998,0.304998904906,1.0,-0.11998,-0.157688,4.013
-0.162450866668,-0.446618264723,-0.13052885275,-2.58294017719,-0.056181060766,2.12974800277,-0.424323452186,-0.467909070071,-0.234428095599,-0.000645218438176,-0.191768010753,-0.0413390902842,-0.0496489225931,-0.435233270677,0.573766592284,0.81899076151,0.00517465372574,0.0,0.81898187312,-0.573687862739,-0.0114749530875,0.0,-0.00642936831637,0.0108221006897,-0.999920769541,0.0,0.376029953952,-0.114322260137,0.30504778086,1.0,-0.11998,-0.157688,4.033
-0.169051046042,-0.449831782908,-0.130563404584,-2.58560045307,-0.0566819126353,2.12910285035,-0.430496668724,-0.479513544422,-0.231612185346,-0.00418176303027,-0.184015423764,-0.0326339613586,-0.0447141373954,-0.441991132808,0.573794268616,0.818971412612,0.00516812629045,0.0,0.818962176951,-0.573715111839,-0.0115182495646,0.0,-0.00646820949712,0.0108418142808,-0.999920305489,0.0,0.37433430849,-0.116529283071,0.305035304078,1.0,-0.11998,-0.157688,4.047
-0.178497505081,-0.454228258935,-0.130723442431,-2.58927812812,-0.05740589516,2.12820034033,-0.43944382129,-0.468081053086,-0.219160202488,-0.00151658087547,-0.181734341558,-0.0349451052281,-0.0500834944561,-0.453078939992,0.573825877609,0.818949310679,0.00516097150598,0.0,0.818939210139,-0.573745449253,-0.0116394355362,0.0,-0.0065711503088,0.0109057412094,-0.999918939111,0.0,0.371915424703,-0.119710701517,0.304991461892,1.0,-0.11998,-0.157688,4.067
-0.184558958113,-0.457034102565,-0.13072388285,-2.59157996173,-0.0578043930165,2.12759490984,-0.445278385881,-0.467290950739,-0.217355214202,0.00102066035198,-0.173386262711,-0.0267958768961,-0.0435456123728,-0.449499065675,0.573725038075,0.819019884733,0.00517262010588,0.0,0.819009496997,-0.573643863713,-0.0117007843449,0.0,-0.00661606064205,0.0109496687499,-0.999918162899,0.0,0.370376303297,-0.121697926197,0.30498071908,1.0,-0.11998,-0.157688,4.08
-0.194170705947,-0.461341502315,-0.130749433435,-2.59506849194,-0.058476025915,2.12669023913,-0.454343734495,-0.481084407541,-0.216504970756,-0.000473353602895,-0.172925031277,-0.0403262237472,-0.0506245643587,-0.447901305341,0.573725569221,0.819019490302,0.00517615961629,0.0,0.81900904352,-0.573644209468,-0.0117155656257,0.0,-0.00662613016974,0.010961052128,-0.999917971503,0.0,0.367970654437,-0.124856568903,0.304981460906,1.0,-0.11998,-0.157688,4.1
-0.200473879553,-0.464077283017,-0.130877007127,-2.59732869859,-0.0588913583423,2.12610775911,-0.460224248298,-0.483065858536,-0.206197558879,-0.00841566107742,-0.173467349174,-0.033023570497,-0.0521403186278,-0.453987423894,0.57387176578,0.818916788752,0.00521885447667,0.0,0.818906282492,-0.573789220031,-0.0117973883739,0.0,-0.00666668531753,0.0110441534502,-0.999916787529,0.0,0.366376551684,-0.126944527622,0.304955544736,1.0,-0.11998,-0.157688,4.113
-0.210484563468,-0.468404068348,-0.130929906868,-2.60079805312,-0.0595305391056,2.12519993223,-0.469808019815,-0.480268841663,-0.198937806268,-0.0018856552227,-0.159207905877,-0.0355302515033,-0.0459876666625,-0.453530874176,0.573807356507,0.818961541826,0.00527802335906,0.0,0.818951734644,-0.57372450282,-0.0117897451095,0.0,-0.00662734410199,0.0110877023332,-0.999916567103,0.0,0.363881296265,-0.130197016406,0.304962179014,1.0,-0.11998,-0.157688,4.134
-0.2168612615,-0.471071093871,-0.13094364208,-2.60282880311,-0.0599723635558,2.12465835529,-0.475835400625,-0.48718231992,-0.206814704817,0.000606290718893,-0.154067546519,-0.0351173360296,-0.0418952536774,-0.466265501734,0.573807740993,0.818961103758,0.00530413131004,0.0,0.818952517917,-0.573726287593,-0.0116476273663,0.0,-0.00649595926597,0.0110275427531,-0.999918094553,0.0,0.362340710694,-0.132274278839,0.305014213713,1.0,-0.11998,-0.157688,4.147
-0.22714283336,-0.475239802571,-0.131047835942,-2.60599670248,-0.060637007742,2.12378925105,-0.485597979925,-0.489596732111,-0.194126882835,-0.00820585197929,-0.148682301606,-0.0343362850099,-0.0405219319121,-0.462258631584,0.57385731203,0.818925771411,0.00539566957066,0.0,0.81891940026,-0.57377734321,-0.0114596334262,0.0,-0.00628879727141,0.0109950246119,-0.999919777013,0.0,0.359856292913,-0.135627171288,0.305090204771,1.0,-0.11998,-0.157688,4.168
-0.233415886101,-0.47765349806,-0.131092361212,-2.60799260683,-0.0610451482466,2.12324878473,-0.491674498551,-0.484647924798,-0.182134271891,-0.000386587370945,-0.160184737699,-0.0233396466039,-0.0448929915307,-0.467317199728,0.573771561436,0.818985998935,0.0053736149191,0.0,0.818978925168,-0.573690947219,-0.0115310065137,0.0,-0.00636106112555,0.0110172530993,-0.999919075243,0.0,0.358302647017,-0.137638434252,0.305055533414,1.0,-0.11998,-0.157688,4.181
-0.243270539598,-0.481339104339,-0.131110897284,-2.61102438472,-0.0616492426456,2.12234963381,-0.50108394934,-0.500527545194,-0.182429863261,0.00229341362003,-0.152895270016,-0.0292445260039,-0.0488835471774,-0.472670593733,0.573731721414,0.819014256732,0.00532033976256,0.0,0.819005552098,-0.573649670764,-0.0116922096303,0.0,-0.00652420083786,0.0110657924137,-0.999917488117,0.0,0.355868047849,-0.140760262918,0.30500117565,1.0,-0.11998,-0.157688,4.201
-0.249751692888,-0.483678860584,-0.131149064214,-2.6128915495,-0.0620148241852,2.12180138136,-0.507181600988,-0.50031551176,-0.17925484132,-0.00548502463571,-0.142829609722,-0.030702759066,-0.043696906096,-0.473690084615,0.573814926872,0.818955849166,0.00533795059512,0.0,0.818947090746,-0.573732323684,-0.0117315907097,0.0,-0.00654522604894,0.0111034747519,-0.999916932982,0.0,0.354173146662,-0.142983626433,0.304991099585,1.0,-0.11998,-0.157688,4.215
-0.260139124439,-0.487309049951,-0.131268153034,-2.6157566319,-0.0625807570587,2.12089548689,-0.51723773929,-0.488525284643,-0.164615978381,-0.00273073886788,-0.133711897072,-0.0214524565379,-0.0473818732064,-0.485441484737,0.573780842634,0.818979410558,0.00538670674757,0.0,0.818970695123,-0.573697075851,-0.0118073109007,0.0,-0.00657973329244,0.0111865791436,-0.999915780232,0.0,0.351780080235,-0.146121981406,0.304982612733,1.0,-0.11998,-0.157688,4.235
-0.266610576865,-0.48949953089,-0.131289212737,-2.61750374529,-0.0629465321642,2.12034738553,-0.523483422914,-0.505432190546,-0.172090467906,-0.00410613096156,-0.131328097169,-0.0237137779099,-0.0457449017216,-0.476485447852,0.573730998249,0.819014414721,0.00537373509041,0.0,0.819005193334,-0.573646714989,-0.0118611372133,0.0,-0.00663194455635,0.011206434799,-0.999915212971,0.0,0.350216369808,-0.148152967857,0.304967770891,1.0,-0.11998,-0.157688,4.248
-0.276727202047,-0.492791010725,-0.131335366152,-2.62004788601,-0.0635122549815,2.1195860387,-0.533118687887,-0.504042210333,-0.166451556792,-0.00652711602999,-0.125907997456,-0.0277241841671,-0.0364289257217,-0.488815497566,0.573779330008,0.818980483961,0.00538463077571,0.0,0.818971786683,-0.573695647508,-0.011800997769,0.0,-0.00657577422863,0.0111812445539,-0.999915865942,0.0,0.347820964122,-0.151338547921,0.304984527522,1.0,-0.11998,-0.157688,4.268
-0.283240554659,-0.494860352065,-0.131405955125,-2.62164511484,-0.0638604077288,2.11910441888,-0.539405711827,-0.492576017489,-0.157303603461,-0.00137113162942,-0.12730609222,-0.0212535189155,-0.0251687436408,-0.487840837237,0.573780233449,0.818979630412,0.00541807846239,0.0,0.818971505123,-0.573696669209,-0.0117708298573,0.0,-0.00653186207735,0.0111913368445,-0.999916040854,0.0,0.346272252925,-0.153388651002,0.304993157592,1.0,-0.11998,-0.157688,4.281
-0.293760709683,-0.498123943849,-0.13142650745,-2.62415015247,-0.0643779823119,2.11830970397,-0.549607357876,-0.513701434674,-0.155355344077,0.000606912380829,-0.124720072008,-0.0213982218966,-0.0402601575526,-0.49870538065,0.573698551388,0.819036620112,0.00545288483106,0.0,0.819029109868,-0.573615163434,-0.0117349208867,0.0,-0.00648359734614,0.0111985941304,-0.999916273722,0.0,0.343778424874,-0.156648396088,0.305009660618,1.0,-0.11998,-0.157688,4.302
-0.300971107237,-0.500238795655,-0.13144921515,-2.62574369816,-0.0647218419811,2.11780479888,-0.556478315767,-0.517587980301,-0.148797647806,-0.00299766659523,-0.111742273095,-0.0256224810763,-0.0364154996517,-0.494403528467,0.573758808027,0.818994206867,0.00548326825145,0.0,0.818987454641,-0.573675938435,-0.0116710626449,0.0,-0.00641303710518,0.0111873182905,-0.999916854976,0.0,0.342093477747,-0.158885895941,0.30503277389,1.0,-0.11998,-0.157688,4.316
-0.311143436481,-0.503060561844,-0.131564499261,-2.62788504979,-0.0651668242434,2.11713866004,-0.566309576621,-0.4996059107,-0.138776677546,-0.000194077604858,-0.107754504005,-0.0279250996483,-0.037127177939,-0.499528621716,0.573813459999,0.818955267329,0.00557943887578,0.0,0.818950022447,-0.573730725855,-0.0116043890693,0.0,-0.00630250137906,0.0112282524143,-0.999917098976,0.0,0.339719947548,-0.162054241225,0.305053227098,1.0,-0.11998,-0.157688,4.336
-0.317715617763,-0.504813371549,-0.131598681758,-2.62925760331,-0.0654446938543,2.11669365123,-0.572763071181,-0.510424879921,-0.144406414539,-0.0039482811351,-0.106365029954,-0.0233066360409,-0.0363891448821,-0.485294909853,0.573741349655,0.81900557852,0.00561007587895,0.0,0.819000527048,-0.573658166126,-0.0116272109323,0.0,-0.00630460615883,0.0112658836978,-0.99991666243,0.0,0.338176021875,-0.164071731033,0.30504367252,1.0,-0.11998,-0.157688,4.349
-0.328103491891,-0.507493434483,-0.13163584708,-2.63125433407,-0.065909388616,2.11599892067,-0.582674228045,-0.516355081759,-0.127457551387,-0.00750602418149,-0.0928464388632,-0.0186820349729,-0.0395359758023,-0.490735556235,0.573849403767,0.818929721372,0.00563206460371,0.0,0.818925308775,-0.573766764363,-0.0115665751921,0.0,-0.00624084087044,0.0112499291182,-0.999917242076,0.0,0.335763927154,-0.167261778178,0.305072667169,1.0,-0.11998,-0.157688,4.369
-0.335319867339,-0.509239476229,-0.131691775226,-2.63258229143,-0.0662135916435,2.11554336846,-0.589733253227,-0.50460554517,-0.120227725083,-0.00780407095727,-0.092290603194,-0.0194693207268,-0.0248636746581,-0.506196427536,0.573814890822,0.818953701995,0.00566144507668,0.0,0.818949673405,-0.573732171026,-0.0115574764228,0.0,-0.00621700462383,0.011268507622,-0.999917181365,0.0,0.334087440699,-0.169476657096,0.305077045573,1.0,-0.11998,-0.157688,4.383
-0.345501501335,-0.511630710755,-0.131717235869,-2.63446930077,-0.0666160721479,2.11485287469,-0.599748032344,-0.522142143518,-0.11166480777,-0.0018643891921,-0.0892937621355,-0.0194162259579,-0.0394110015914,-0.497923528376,0.573693761187,0.819038495337,0.00567084058592,0.0,0.819033844854,-0.573609691008,-0.0116717722186,0.0,-0.00630690306698,0.011340851619,-0.999915800484,0.0,0.331692153065,-0.172549968164,0.30504602764,1.0,-0.11998,-0.157688,4.403
-0.352867281896,-0.513193085188,-0.131725795862,-2.63571157878,-0.066939091623,2.11437106678,-0.606787129161,-0.529082095502,-0.115874549772,-0.00182286993879,-0.0898861943906,-0.0195253011969,-0.0286360556952,-0.505766531465,0.573760744494,0.818991900762,0.00562329660621,0.0,0.818986072573,-0.57367582562,-0.0117731445453,0.0,-0.00641628423921,0.0113605885083,-0.99991488054,0.0,0.329976856383,-0.174777351523,0.305018084198,1.0,-0.11998,-0.157688,4.417
-0.363262495637,-0.51525665582,-0.131815911746,-2.63736095173,-0.0673251784009,2.1137863874,-0.616925856223,-0.515930024896,-0.100934751684,0.00644088303666,-0.0732874144255,-0.0157322320936,-0.0320645317126,-0.500133316687,0.573778894785,0.818978987625,0.00565195801934,0.0,0.818972817289,-0.573692605049,-0.0118771357636,0.0,-0.00648476295561,0.0114438701439,-0.999913489101,0.0,0.327568273668,-0.177933003341,0.304978684582,1.0,-0.11998,-0.157688,4.437
-0.369933672105,-0.516540683934,-0.131852713951,-2.6383891861,-0.0675479909369,2.11342721215,-0.62354959307,-0.516173331137,-0.0983804012903,-0.00581363897736,-0.0774572123427,-0.0205672842203,-0.0317487067598,-0.500204148281,0.573691852601,0.819039763567,0.0056807444322,0.0,0.819033519458,-0.573604679675,-0.0119378541284,0.0,-0.00651920114729,0.0115015911977,-0.999912602889,0.0,0.326022396575,-0.179939725982,0.304953525358,1.0,-0.11998,-0.157688,4.45
-0.380518892187,-0.518489614964,-0.131873569253,-2.63985752845,-0.0679313049589,2.11286879633,-0.633731709097,-0.522552447935,-0.0934403216465,-0.00156490682678,-0.0721902962671,-0.0184882322888,-0.0240785072946,-0.517699929029,0.573807110639,0.818958989402,0.00568509966596,0.0,0.818952753778,-0.573719813311,-0.011946120489,0.0,-0.00652185400986,0.011510818527,-0.999912479409,0.0,0.323473871139,-0.183285001724,0.304955081712,1.0,-0.11998,-0.157688,4.471
-0.387342770999,-0.519675541265,-0.131941668331,-2.64068951464,-0.068158025378,2.11257471849,-0.640391816325,-0.516628776742,-0.0884075531506,-0.00146410665017,-0.0656091357486,-0.0188910882258,-0.0298049973087,-0.519386343166,0.57382963098,0.818942871929,0.00573358768186,0.0,0.818937871593,-0.573743221189,-0.0118416853583,0.0,-0.0064081801276,0.0114907832653,-0.999913444818,0.0,0.322051224035,-0.185197088909,0.304987516426,1.0,-0.11998,-0.157688,4.483
-0.398215536783,-0.521411951641,-0.131956279153,-2.64194094694,-0.0684769526778,2.1120927397,-0.651202845683,-0.532036849423,-0.0840796520806,-0.00342794630528,-0.0650803299267,-0.0169045417933,-0.025559262136,-0.508834164061,0.573683804633,0.819044710417,0.00577940657018,0.0,0.81904070181,-0.573597971532,-0.0117661690565,0.0,-0.00632208436199,0.0114838509433,-0.999914072517,0.0,0.319595352478,-0.188458487359,0.305015446234,1.0,-0.119808571429,-0.157462693878,4.504
-0.405144615416,-0.52245853106,-0.13196770916,-2.64268408272,-0.0686950903457,2.11180323798,-0.657889125069,-0.528544461611,-0.0793640950552,-0.00268582065463,-0.0548275615687,-0.0129461590077,-0.0226811602974,-0.503669906205,0.573755585203,0.81899436093,0.00578896493476,0.0,0.818990853674,-0.573670391839,-0.011705128252,0.0,-0.00626559688203,0.0114572126307,-0.999914733652,0.0,0.318029066501,-0.190534655981,0.305036903348,1.0,-0.119065714286,-0.156486367347,4.517
-0.416156341596,-0.523940938342,-0.131982575395,-2.64373033298,-0.0689783179808,2.11137029791,-0.668691315857,-0.507320886796,-0.0633311039159,0.000585893357946,-0.0527431063217,-0.00680392706714,-0.0168673779856,-0.51682438762,0.573757521529,0.818992672048,0.0058357966971,0.0,0.818990165812,-0.573672891708,-0.0116304996981,0.0,-0.00617757459582,0.0114527672868,-0.999915332262,0.0,0.315555275311,-0.193827240456,0.305067722469,1.0,-0.117865714286,-0.15490922449,4.538
-0.42283622311,-0.524766787908,-0.131975129029,-2.64433868386,-0.0691370407057,2.11113196938,-0.675308660544,-0.51842458881,-0.0651624790021,0.000331553586294,-0.0460688741953,-0.0154097379389,-0.0207492852957,-0.511457111028,0.57370141809,0.819031813061,0.0058582400617,0.0,0.819029706096,-0.573616925208,-0.0116064873667,0.0,-0.00614581506588,0.0114569514791,-0.999915480038,0.0,0.314051661121,-0.195810456737,0.305073655015,1.0,-0.117122857143,-0.153932897959,4.551
-0.434895170497,-0.526114191971,-0.131982186483,-2.64533591917,-0.069417931834,2.1106783685,-0.687008391165,-0.520566966929,-0.0588504320824,-0.00183010024835,-0.0414911678814,-0.0120958681627,-0.0195794402687,-0.521530839901,0.573824464219,0.818945387635,0.00588924754088,0.0,0.818943496879,-0.573739495836,-0.0116312827244,0.0,-0.00614660976575,0.0114974969151,-0.999915009765,0.0,0.311322917983,-0.199382866371,0.305074716899,1.0,-0.115808571429,-0.15220555102,4.574
-0.440058075659,-0.526586720147,-0.131974713795,-2.64572502489,-0.06952573177,2.1105219577,-0.692077536008,-0.506593572782,-0.0433535424665,0.00210887688987,-0.0421860981168,-0.00301893993694,-0.0169633253412,-0.510155772046,0.573828302733,0.818942643279,0.0058968553795,0.0,0.818940605569,-0.573742848438,-0.0116694180538,0.0,-0.00617342432182,0.0115256385754,-0.99991452059,0.0,0.31015958011,-0.200907372484,0.305057519941,1.0,-0.115237142857,-0.151454530612,4.584
-0.449115690807,-0.527379230526,-0.131948158655,-2.64636329812,-0.0696988869329,2.11024181836,-0.701124906598,-0.507732586125,-0.0444183335575,-0.00308964198225,-0.0385163464305,-0.00814391409838,-0.0180046557009,-0.49826440679,0.573708389923,0.819026515286,0.00591586788359,0.0,0.819024287345,-0.573622077371,-0.0117335413691,0.0,-0.00621672876597,0.0115770934993,-0.999913657867,0.0,0.308114269215,-0.203568651294,0.305033874765,1.0,-0.114208571429,-0.150102693878,4.602
-0.457364514098,-0.52803425903,-0.13194494986,-2.64686331479,-0.0698484735291,2.10999923885,-0.709081964638,-0.508729705153,-0.0364532455087,0.00150218185378,-0.0279122638585,-0.0083846776514,-0.0114878458003,-0.495273333979,0.57385313174,0.818924915379,0.005942479618,0.0,0.818922792614,-0.57376624536,-0.0117687010512,0.0,-0.00622820820627,0.0116201616827,-0.999913086856,0.0,0.30625144871,-0.205996434442,0.30502529265,1.0,-0.113294285714,-0.148901061224,4.618
-0.46749250672,-0.528618874724,-0.131931251537,-2.6473462136,-0.0700252122942,2.10975817508,-0.719025652082,-0.492419880413,-0.0263309410505,0.00138142721454,-0.018745651104,-0.00562392652981,-0.00814274345684,-0.48558216028,0.573892127854,0.818897492474,0.00595561143317,0.0,0.818895074665,-0.5738043172,-0.0118409945935,0.0,-0.00627932612561,0.0116726991881,-0.99991215522,0.0,0.303980450838,-0.208982411923,0.304998996785,1.0,-0.112151428571,-0.147399020408,4.638
-0.473883348124,-0.528929151431,-0.131860145368,-2.64761006617,-0.0700883892102,2.1096119717,-0.725449296593,-0.497932014438,-0.0242009298407,0.0107280365771,-0.0228273545022,-0.00358743911015,-0.0113429534573,-0.490874613877,0.573773472859,0.81898053055,0.0059698681274,0.0,0.818977920735,-0.573684930478,-0.0118959149031,0.0,-0.00631782095472,0.0117149761424,-0.999911418313,0.0,0.302557422316,-0.210841411116,0.3049816238,1.0,-0.111408571429,-0.146422693878,4.651
-0.484444216568,-0.529424301739,-0.131819326011,-2.64797707129,-0.0702522324576,2.10939613254,-0.735782896931,-0.500817034371,-0.0191436868389,0.00631762144154,-0.0151238584385,-0.0114759627895,-0.00479642533643,-0.502417870229,0.573840264707,0.818933660002,0.00597980078202,0.0,0.818931059188,-0.573751446611,-0.0119140551817,0.0,-0.00632602326188,0.0117340350839,-0.999911142977,0.0,0.300185582786,-0.213935712169,0.304978048396,1.0,-0.110208571429,-0.14484555102,4.672
-0.490885925232,-0.529615704214,-0.131804294424,-2.64810243954,-0.0703303596731,2.10929071048,-0.742052024165,-0.488626659388,-0.0105532216973,0.00194869092751,-0.00846377253207,-0.0121088003766,-0.00436769151478,-0.48150980802,0.573930526394,0.818870272158,0.00599792885693,0.0,0.818867902788,-0.57384160979,-0.0119126637945,0.0,-0.00631318664125,0.0117487790269,-0.999911050977,0.0,0.298751100758,-0.215833179156,0.304982237622,1.0,-0.109465714286,-0.14386922449,4.685
-0.500497905238,-0.529832926968,-0.131697988626,-2.6482955649,-0.0703587966869,2.10920634062,-0.751778525885,-0.491075027947,-0.00600370558599,0.000417760543273,-0.01247193374,-0.00230488204833,-0.00531175608476,-0.482387839414,0.573738973354,0.819004054919,0.00605767133804,0.0,0.819002397061,-0.573649735463,-0.011908044023,0.0,-0.00627787564894,0.0117935833619,-0.999910745851,0.0,0.296619773651,-0.218622369168,0.304969161478,1.0,-0.108322857143,-0.142367183673,4.705
-0.507377319206,-0.529986370492,-0.131660552212,-2.64841583353,-0.0704535122701,2.10910383656,-0.758514540646,-0.485417607065,-0.00876412792231,0.00209473181649,-0.00904303430867,-0.0110469875883,-0.00623201078389,-0.481017415539,0.573782966238,0.818973272465,0.0060525650967,0.0,0.818971406179,-0.573693473365,-0.011932366978,0.0,-0.00630009383545,0.0118036939248,-0.999910486807,0.0,0.295062929922,-0.220622569949,0.304962585434,1.0,-0.107522857143,-0.141315755102,4.719
-0.517574448727,-0.530038729617,-0.131646630084,-2.64842910445,-0.0705020491857,2.10904775497,-0.768526282822,-0.478368223922,0.00154621709605,0.00317119625463,0.00381102649825,-0.00118971367681,-0.000382681326553,-0.471234785691,0.573903402782,0.818888322109,0.00612756801268,0.0,0.818887640662,-0.573813978496,-0.0118868395617,0.0,-0.00621802964037,0.0118399153408,-0.999910572257,0.0,0.292784857102,-0.223613003555,0.304971176875,1.0,-0.106322857143,-0.139738612245,4.74
-0.52313541008,-0.529987619305,-0.131587725458,-2.64841268153,-0.0705045569243,2.10905100255,-0.774190063646,-0.465861893385,0.00952646483843,0.00491467040642,0.0008268228744,-0.00100171972743,0.000248968469235,-0.472366237399,0.57377769153,0.818976181102,0.00615811585918,0.0,0.818975886799,-0.573688151879,-0.0118805780777,0.0,-0.00619719167222,0.0118603874095,-0.999910459004,0.0,0.291551217944,-0.225227303469,0.304961733541,1.0,-0.105637142857,-0.138837387755,4.752
-0.533135016808,-0.529887484626,-0.131512856145,-2.64835029117,-0.0705686037143,2.10902056684,-0.784003336851,-0.469280827195,0.00350343002396,0.00227594433635,0.0074582869042,-0.00599884286504,-0.00212022121983,-0.467694379559,0.573853888791,0.818922687143,0.00617200956202,0.0,0.818922542455,-0.573764217817,-0.011884389489,0.0,-0.00619123713716,0.0118745295082,-0.999910328045,0.0,0.28930193619,-0.228129976557,0.304952758885,1.0,-0.104437142857,-0.137260244898,4.773
-0.539274255879,-0.52974371327,-0.131472076012,-2.64821332025,-0.0705756274546,2.10900615703,-0.79007506772,-0.472818270209,0.0176576159921,-0.000291983503332,0.0140589375586,-0.000701729837115,-0.00123436037015,-0.471832432002,0.573884958106,0.81890069151,0.00620154860465,0.0,0.81890101183,-0.573795317559,-0.0118664768742,0.0,-0.00615916515014,0.0118886759049,-0.999910358017,0.0,0.287931965676,-0.229920821842,0.304962325641,1.0,-0.103694285714,-0.136283918367,4.786
-0.547962818391,-0.529422943794,-0.131414639102,-2.64797249255,-0.070584260768,2.10901489055,-0.798829797988,-0.453406157372,0.019062034824,0.00755758978899,0.0102456201701,-1.02660068526e-05,0.0040529989224,-0.461647259813,0.57380017892,0.818959833516,0.00623639794978,0.0,0.81896046781,-0.573710146432,-0.0118813697167,0.0,-0.00615259824078,0.0119251250473,-0.999909964411,0.0,0.28598823142,-0.232454054971,0.304956860882,1.0,-0.102608571429,-0.134856979592,4.805
-0.554400217373,-0.529179298364,-0.131342911795,-2.64781592917,-0.0705896522072,2.1090079504,-0.805251145624,-0.46062328418,0.0170884452929,0.00406737293765,0.0156898053771,-0.000222804300446,-0.00175438073252,-0.457047022026,0.57376945346,0.81898126227,0.00624925825195,0.0,0.818981726214,-0.573678720981,-0.0119333198082,0.0,-0.00618821798091,0.0119652330629,-0.999909265462,0.0,0.28453160479,-0.234306510395,0.304940246919,1.0,-0.101808571429,-0.13380555102,4.819
-0.564048094996,-0.528707281013,-0.131262176857,-2.64745574714,-0.0706007583977,2.10904036986,-0.814783439875,-0.454813570088,0.0282426557047,0.00397849859325,0.0219084307596,-7.30001243967e-05,0.0021748402093,-0.45254251412,0.57383851536,0.818932726418,0.00626855581035,0.0,0.818933299496,-0.573747412441,-0.0119542710079,0.0,-0.00619329531301,0.0119935811338,-0.999908894402,0.0,0.28225361639,-0.237242373736,0.304936153036,1.0,-0.100551428571,-0.132153306122,4.841
-0.569917032627,-0.528290117033,-0.131269259975,-2.64713175202,-0.0705964892761,2.10911161728,-0.820578082379,-0.445004351563,0.0323486344465,0.00315532839153,0.0245573334915,-0.000286008516414,0.0103783562115,-0.447953827193,0.57390844355,0.818883489958,0.00629882510373,0.0,0.818884530311,-0.573817340577,-0.0119387005756,0.0,-0.00616214836358,0.0120099627309,-0.999908890211,0.0,0.281040911227,-0.238840530171,0.304937088982,1.0,-0.0998657142857,-0.131252081633,4.853
-0.578280031998,-0.527641846065,-0.131166666004,-2.64667650454,-0.0705997264434,2.10920500947,-0.829079300589,-0.449935141003,0.0317922903993,0.00875387135245,0.0249086993508,0.00133383667229,0.000966936575205,-0.43897194129,0.573747233977,0.81899656496,0.00628370826266,0.0,0.818997119362,-0.573655668262,-0.011984975957,0.0,-0.00621108886003,0.012022917249,-0.999908431726,0.0,0.27916570495,-0.241271394053,0.304917576341,1.0,-0.09878,-0.129825142857,4.872
-0.584540931065,-0.527143465751,-0.131100011166,-2.64627704431,-0.0705964909471,2.10926348174,-0.835257280459,-0.441664094258,0.0387568556933,0.00788603914636,0.0256805135157,0.000135186707482,0.00537066331683,-0.434470824752,0.573791665205,0.818965495286,0.00627609541516,0.0,0.818965946694,-0.573700115015,-0.0119876222585,0.0,-0.00621697203469,0.0120185375549,-0.999908447816,0.0,0.277758583741,-0.243095902728,0.304923539364,1.0,-0.09798,-0.128773714286,4.886
-0.593722986844,-0.526209390787,-0.131043672238,-2.64555671314,-0.0705920690812,2.10944953086,-0.844448246723,-0.433538886189,0.0517586453778,0.00149281153221,0.0339900509808,0.000494932391445,0.0073445667995,-0.438318632662,0.573786579566,0.818969141277,0.00626527306884,0.0,0.818969624475,-0.573695410405,-0.0119614869261,0.0,-0.00620184967656,0.0119946399362,-0.999908828681,0.0,0.275709253644,-0.245809283289,0.304926450648,1.0,-0.09678,-0.127196571429,4.907
-0.599234636225,-0.525584980932,-0.131000131767,-2.64510188259,-0.0705768057507,2.10954314713,-0.850059692217,-0.414302358481,0.0472365318272,0.00341023194173,0.035319558668,-0.000187885931013,0.00704635579656,-0.422080824642,0.573706049416,0.819025566684,0.00626393513871,0.0,0.819025757084,-0.573614371771,-0.0120045254836,0.0,-0.00623905018864,0.0120176244861,-0.999908321275,0.0,0.274470455728,-0.247428399277,0.304913646124,1.0,-0.0960371428571,-0.126220244898,4.92
-0.608673620371,-0.524526526265,-0.130851387213,-2.64430129849,-0.0705552524516,2.10971085273,-0.859465982279,-0.430221860618,0.0483331035894,0.00828223248549,0.0349416099457,7.1840923426e-05,0.00963269545448,-0.417792235817,0.573681367982,0.819043213514,0.006216858309,0.0,0.819042607998,-0.573589548963,-0.0120408681403,0.0,-0.00629618760284,0.0119997245813,-0.9999081781,0.0,0.272348720429,-0.250177197439,0.304907746558,1.0,-0.09478,-0.124568,4.942
-0.613747514175,-0.523913327204,-0.130817044887,-2.64377022725,-0.0705071631543,2.1098266384,-0.864540519283,-0.427848589925,0.0550418971711,0.00481338449898,0.0395340748947,0.0078798675615,0.0128188118891,-0.427123324426,0.57370603115,0.819025818245,0.00623263756699,0.0,0.819025801596,-0.573614872734,-0.0119775206271,0.0,-0.00623488506822,0.011976497386,-0.999908840704,0.0,0.271217431402,-0.251681646839,0.304935070143,1.0,-0.0940942857143,-0.12366677551,4.954
-0.622142176814,-0.522723338449,-0.130807551038,-2.64283694547,-0.0704323182637,2.11003152517,-0.872933127901,-0.408208672732,0.0598703987733,0.00289423204555,0.0481180761828,0.000969159337238,0.015566806034,-0.413150075711,0.573784313677,0.818970682735,0.00627129174268,0.0,0.818971115492,-0.573692870444,-0.0119812058142,0.0,-0.00621458059429,0.0120108659956,-0.999908554862,0.0,0.269328209447,-0.254183342008,0.304940419465,1.0,-0.0929514285714,-0.122164734694,4.974
-0.627405610413,-0.521952099676,-0.130724194184,-2.64224864163,-0.0703367634402,2.11016759035,-0.878317255596,-0.402301281339,0.0618401290258,0.0115036833597,0.048609400341,0.00830023918213,0.0173452063349,-0.413502521522,0.573699616647,0.819029802516,0.0062991547761,0.0,0.819030480147,-0.573607843958,-0.0119942003267,0.0,-0.00621048250604,0.0120404997071,-0.999908223925,0.0,0.26815419956,-0.255724083173,0.304938355687,1.0,-0.0922085714286,-0.121188408163,4.987
-0.636054551957,-0.520666215987,-0.130597356895,-2.64123597493,-0.0702782329457,2.11039662974,-0.886922348077,-0.410989184501,0.066680833789,0.00280832395622,0.0498313788857,-0.000226428209533,0.016277154301,-0.401622826826,0.573726143466,0.819011536067,0.00625803440704,0.0,0.819011729694,-0.57363464105,-0.011993002638,0.0,-0.0062327021907,0.0120063338954,-0.999908496498,0.0,0.266206361975,-0.258268710286,0.304948768681,1.0,-0.0910085714286,-0.119611265306,5.008
-0.64128406525,-0.519797304166,-0.130531993042,-2.64054372384,-0.0701829002445,2.11056263095,-0.892215550873,-0.401900718673,0.0698578524003,0.00175695573042,0.0574145039962,0.0061769854276,0.0161273234082,-0.404240881471,0.573706072142,0.81902543283,0.00627933640399,0.0,0.819026010198,-0.573614688615,-0.011972072726,0.0,-0.00620363188933,0.0120116219216,-0.999908613769,0.0,0.26504064141,-0.259819389778,0.304959628923,1.0,-0.0902657142857,-0.118634938776,5.021
-0.649632056606,-0.518331692275,-0.130504862383,-2.63946107728,-0.0700491915451,2.11083710375,-0.900639326345,-0.392375764192,0.0645214523824,0.00232162837788,0.0485203283394,0.00952096571484,0.0153961361351,-0.408483513091,0.573741256278,0.819000311522,0.00634093628836,0.0,0.81900127266,-0.573648786161,-0.0120304787743,0.0,-0.00621561512884,0.0120958497782,-0.999907523997,0.0,0.263137463673,-0.262296966837,0.30493627923,1.0,-0.0890657142857,-0.117057795918,5.042
-0.654660376857,-0.517414086636,-0.130398263967,-2.63877299455,-0.0699672154495,2.11100935065,-0.905819086258,-0.391396367055,0.0684705370495,0.00827055751552,0.0532140284108,0.00281052429803,0.0236049897603,-0.396417968003,0.573614170486,0.819089397263,0.00633163570731,0.0,0.819090052798,-0.573521411198,-0.0120591544254,0.0,-0.00624631714474,0.0121037147223,-0.999907237504,0.0,0.262008626028,-0.263772754189,0.30492822429,1.0,-0.0883228571429,-0.116081469388,5.055
-0.662502982187,-0.515959063522,-0.130290775952,-2.63765301497,-0.0698401936462,2.11129635671,-0.913634306722,-0.389552534857,0.0733582718451,0.00335277832763,0.0579391081582,0.0112645344802,0.0162279940018,-0.389869352253,0.573675346052,0.819046529729,0.00633453808733,0.0,0.819047193971,-0.573582504025,-0.0120644944331,0.0,-0.00624812237611,0.0121096218121,-0.999907154703,0.0,0.260231527232,-0.266092183745,0.304927721491,1.0,-0.08718,-0.114579428571,5.075
-0.667482141537,-0.514956326705,-0.130268012716,-2.63685702133,-0.0697320181463,2.1115022163,-0.91864845353,-0.385136741227,0.0796156345285,-0.00219374199401,0.064163816381,0.0119059750025,0.0161832771647,-0.384246579275,0.57371967992,0.819015201635,0.00636987157807,0.0,0.819016479857,-0.573626969889,-0.012035449254,0.0,-0.00620340520038,0.0121222372813,-0.999907280265,0.0,0.259106084347,-0.267590039394,0.3049374114,1.0,-0.0864371428571,-0.113603102041,5.088
-0.67511075996,-0.513358973562,-0.130261495425,-2.63562710487,-0.0695834015291,2.11180277907,-0.926336435565,-0.375177586537,0.0774729379284,0.00299172468077,0.0613027198441,0.000880077009977,0.00876364879634,-0.388870514331,0.573796405827,0.818961000621,0.00642736512327,0.0,0.818962850661,-0.573703073727,-0.0120573353092,0.0,-0.00618720738536,0.012182463478,-0.999906648667,0.0,0.257356178765,-0.269883253512,0.304931838422,1.0,-0.0852942857143,-0.112101061224,5.108
-0.680256402191,-0.512209623972,-0.130147878389,-2.63478362094,-0.0694690095371,2.11202003597,-0.931611871776,-0.365150217656,0.0827168024081,0.00305015339613,0.0626217111792,0.0107914824833,0.0171324703262,-0.363710737573,0.573703859988,0.819025841979,0.00642636022204,0.0,0.819027297614,-0.573609804373,-0.0121171363073,0.0,-0.00623814464026,0.012215247499,-0.999905932216,0.0,0.256194587736,-0.271403750081,0.304911268369,1.0,-0.0844942857143,-0.111049632653,5.122
-0.688066430277,-0.510493948334,-0.130003624952,-2.63348181714,-0.069311770337,2.1123710096,-0.939446349317,-0.366042761804,0.0860640218144,0.00440120296674,0.0603535997793,0.0106863459997,0.0187676913158,-0.376882196536,0.573718336538,0.819015791183,0.00641490568053,0.0,0.819016966625,-0.57362407518,-0.0121398375376,0.0,-0.00626309489133,0.0122189992432,-0.999905730407,0.0,0.254415478559,-0.273719209972,0.304900847259,1.0,-0.0832942857143,-0.109472489796,5.143
-0.692772489009,-0.509371601867,-0.129964055854,-2.63263549117,-0.0691973492919,2.11260030008,-0.944248178846,-0.366139599831,0.0871837450745,0.0030856141373,0.0686493940562,0.0106704672924,0.0215513232485,-0.368878859867,0.573707023991,0.819023464213,0.00644690572699,0.0,0.819024930412,-0.573612367732,-0.0121557332379,0.0,-0.00625792637239,0.0122542419869,-0.999905331474,0.0,0.253258239336,-0.275242685736,0.304891896224,1.0,-0.0824942857143,-0.108421061224,5.157
-0.699977195386,-0.507610702451,-0.12995545857,-2.63132078567,-0.0690272229794,2.11292988899,-0.951508353522,-0.353647218293,0.0859124827509,0.00408167094703,0.0638604547519,0.00529514421119,0.0103750176049,-0.356414248534,0.573797728199,0.818959454237,0.00650586891099,0.0,0.818961175528,-0.573701759326,-0.012232384281,0.0,-0.00628551933035,0.0123472060841,-0.999904014768,0.0,0.25166308188,-0.277306360623,0.304861846824,1.0,-0.0814085714286,-0.106994122449,5.176
-0.704851549172,-0.506358690589,-0.129830924096,-2.63037913183,-0.0689030052969,2.11316907072,-0.956525440655,-0.35010860634,0.0887887998132,0.0191231118141,0.0697317398724,0.00797487783088,0.0222235562017,-0.368249401326,0.573695352492,0.819031268094,0.00649394445276,0.0,0.819032537441,-0.573598885664,-0.0122787572185,0.0,-0.00633188870211,0.0123632557848,-0.999903523892,0.0,0.250560239591,-0.27875986902,0.304847822295,1.0,-0.0806085714286,-0.105942693878,5.19
-0.712903582747,-0.504352794509,-0.129702008253,-2.62876621163,-0.0687076537053,2.11358229666,-0.964683648723,-0.347463710709,0.0875739066338,0.00328252288461,0.0685278393994,0.00225870539867,0.0234481610394,-0.345791228424,0.573684987651,0.819038629143,0.00648118945014,0.0,0.819040117156,-0.573589339075,-0.0122189807419,0.0,-0.00629039717289,0.0123184371507,-0.999904338929,0.0,0.248717927564,-0.281188089536,0.304872508181,1.0,-0.0792942857143,-0.104215346939,5.213
-0.716667269541,-0.50333735029,-0.129659129119,-2.6279333739,-0.0685920248814,2.1137941158,-0.968521904215,-0.339702178108,0.0947800692932,-0.000428760660399,0.0718943589095,0.00427990394144,0.0224183090923,-0.358664944062,0.573686453511,0.819037519086,0.00649170920298,0.0,0.819039451344,-0.573591356877,-0.0121687862636,0.0,-0.00624322442284,0.0122982705588,-0.999904882821,0.0,0.247865077514,-0.282343375427,0.304891635593,1.0,-0.0786657142857,-0.10338922449,5.224
-0.723177423219,-0.501579233337,-0.129639410456,-2.62652537824,-0.0684140505148,2.11416075827,-0.975075614258,-0.343912911066,0.088216322161,-0.00112119601005,0.072800777344,0.00475892765823,0.0221140698621,-0.347407736959,0.573786752362,0.818967006222,0.00652322275219,0.0,0.818969663156,-0.573692104623,-0.0121163866182,0.0,-0.00618071848333,0.0122947803807,-0.999905314064,0.0,0.246355829711,-0.284340289974,0.304907258675,1.0,-0.07758,-0.101962285714,5.243
-0.727521158986,-0.500383306626,-0.129608207088,-2.62557150421,-0.0682825642812,2.11440176555,-0.979531323595,-0.332573496299,0.0865264650384,0.0006756850091,0.0749812082249,0.0143916935338,0.02188195298,-0.343621088729,0.573778960483,0.818972275582,0.00654700208874,0.0,0.818975373552,-0.573684464381,-0.0120921356788,0.0,-0.00614732884206,0.0123002833396,-0.999905452219,0.0,0.245347903227,-0.285666562675,0.304915301094,1.0,-0.0768371428571,-0.100985959184,5.256
-0.734363188003,-0.498398867043,-0.129430378068,-2.6240353253,-0.0680751947576,2.11480524217,-0.986560678468,-0.33167250394,0.0971047018637,0.0110878148059,0.0753036543312,0.00529674587137,0.019290958531,-0.338569230525,0.573667313377,0.81905067517,0.00652318690682,0.0,0.819053386452,-0.573572801932,-0.0121052850762,0.0,-0.00617343818095,0.0122874812659,-0.999905448763,0.0,0.243786268588,-0.287733619105,0.304909857663,1.0,-0.0756371428571,-0.0994088163265,5.277
-0.738632996024,-0.49717205525,-0.129348437011,-2.62305863948,-0.0679550622827,2.11505298618,-0.990856264526,-0.324778347863,0.0944085767917,0.00382885359256,0.0743968416237,0.0130790346663,0.0166827877251,-0.330495227192,0.573689655233,0.819035141666,0.00650869391414,0.0,0.819037776024,-0.573595429151,-0.0120893342614,0.0,-0.00616835128037,0.0122666283633,-0.999905736193,0.0,0.242798766575,-0.289030857083,0.304917310707,1.0,-0.0748942857143,-0.0984324897959,5.29
-0.745334623999,-0.495105926079,-0.129311109825,-2.62144885569,-0.0677358744493,2.11545953568,-0.997680360336,-0.317839566749,0.0977833253202,0.00339814082188,0.0786693689887,0.0102409965205,0.018503548876,-0.327714133118,0.573740130212,0.818999441693,0.00655167087492,0.0,0.819002538956,-0.57364549786,-0.0121008623388,0.0,-0.00615238145104,0.0123088223979,-0.999905316064,0.0,0.241231575331,-0.291097694034,0.304909585914,1.0,-0.0736942857143,-0.0968553469388,5.311
-0.749476813998,-0.493847254867,-0.129317256046,-2.62047431877,-0.0676092622494,2.11569926191,-1.00192467626,-0.318876758719,0.0969112206413,-0.0024948879758,0.072385639072,0.00874066932284,0.0182832550275,-0.326779997486,0.573765715643,0.818981209325,0.00659008544831,0.0,0.818984663508,-0.573670607088,-0.012120330168,0.0,-0.00614590266619,0.0123516466335,-0.999904827824,0.0,0.240241080052,-0.292370733409,0.304900091276,1.0,-0.0729514285714,-0.0958790204082,5.324
-0.755634706888,-0.491911701808,-0.129188685837,-2.61897159626,-0.0673872446329,2.11606083667,-1.00823965816,-0.301717217019,0.095783192734,0.00914219004368,0.0759361597042,0.0110667190403,0.0196642625663,-0.315754607767,0.573717455053,0.819014893947,0.00660546450152,0.0,0.819018296217,-0.573621776491,-0.0121587375255,0.0,-0.00616926762056,0.0123859146988,-0.999904260044,0.0,0.238804995565,-0.294241496586,0.304889112147,1.0,-0.0718085714286,-0.0943769795918,5.344
-0.759578005122,-0.490611409087,-0.129068031272,-2.61798979944,-0.0672524856248,2.11630170116,-1.01231696583,-0.302772806807,0.103830409318,0.00714176989813,0.0787312666165,0.00768737471355,0.0184250044306,-0.311859759192,0.573629344863,0.819076699858,0.00659403998136,0.0,0.819079573056,-0.573532982469,-0.0122195713508,0.0,-0.00622698664747,0.0124107871072,-0.999903593853,0.0,0.237891130982,-0.295434787493,0.304869151642,1.0,-0.0710657142857,-0.0934006530612,5.357
-0.765917927117,-0.488541803596,-0.128959422458,-2.61630753156,-0.0670205366789,2.11671096854,-1.01872370987,-0.300764271401,0.10038635294,0.00163338967744,0.0842952526415,0.0135188306815,0.014215996008,-0.303323321312,0.573681688371,0.819040057795,0.00659174146507,0.0,0.819043230248,-0.573585982782,-0.0121677541976,0.0,-0.00618506667648,0.0123795773395,-0.999904240923,0.0,0.236414355993,-0.297396714511,0.304890763924,1.0,-0.0698657142857,-0.0918235102041,5.378
-0.76972791074,-0.487236802649,-0.128930768403,-2.61526135814,-0.0668707795837,2.11697176101,-1.02266865244,-0.299163891927,0.0956204172025,0.00541842364705,0.0837903337047,0.0153588580465,0.0227957394873,-0.301262563127,0.573668024062,0.819049452816,0.00661354002652,0.0,0.819053042131,-0.573572482065,-0.0121436771617,0.0,-0.00615304603143,0.0123835177813,-0.999904389685,0.0,0.235519232491,-0.298589990416,0.304896388601,1.0,-0.0691228571428,-0.0908471836735,5.391
-0.775940575238,-0.485134990096,-0.128934555627,-2.6135840209,-0.0666356366591,2.11736473814,-1.02893733476,-0.293401931685,0.107189365945,2.99216455636e-05,0.0838372090358,0.0108964681513,0.0229601700661,-0.292540546056,0.573825161946,0.818938842371,0.00667853835793,0.0,0.818943257929,-0.573729224401,-0.0121434863801,0.0,-0.00611321774464,0.0124378214663,-0.999903959971,0.0,0.233954983175,-0.300618026642,0.304894058466,1.0,-0.0678657142857,-0.0891949387755,5.413
-0.779646964825,-0.483850980024,-0.128883659918,-2.6125562803,-0.0664801466654,2.11763144129,-1.03271142588,-0.280382995107,0.092842228564,0.00685786031386,0.0827275193165,0.00971341762468,0.0266016995135,-0.2932726937,0.573837601285,0.818930049436,0.0066879281243,0.0,0.818934816241,-0.573742081934,-0.0121052495823,0.0,-0.00607632382106,0.0124236637668,-0.99990436086,0.0,0.233149754127,-0.30168214432,0.304902281192,1.0,-0.06718,-0.0882937142857,5.425
-0.784942693507,-0.481902838558,-0.128702312841,-2.6110475954,-0.0662606735218,2.11799228036,-1.03822292218,-0.283030871722,0.102648421209,0.0124102461174,0.0789386650859,0.0121570023012,0.00788292239313,-0.278673647106,0.573700417886,0.819026299966,0.0066706358829,0.0,0.819030488376,-0.573604296091,-0.0121621345652,0.0,-0.00613492078875,0.0124411153774,-0.999903786069,0.0,0.231921895423,-0.303311487637,0.304884453737,1.0,-0.0660942857143,-0.0868667755102,5.444
-0.788833424839,-0.48048152327,-0.128604736793,-2.60993406819,-0.0661099730639,2.11826257822,-1.04220108624,-0.274929842239,0.101827997348,0.00910606761573,0.0821718542834,0.0145325908273,0.0198946870612,-0.283880648213,0.573678988707,0.819041389933,0.00666081028117,0.0,0.819045317268,-0.573582651317,-0.0121843042695,0.0,-0.00615904286392,0.0124456244383,-0.999903581663,0.0,0.231004747819,-0.304516012259,0.304876298161,1.0,-0.0652942857143,-0.0858153469388,5.458
-0.794269205418,-0.47844089796,-0.128510689871,-2.60832316452,-0.0658908339389,2.11864386664,-1.04781817277,-0.270633293916,0.101542781793,0.00858293817257,0.07962634084,0.00974174914506,0.0176316798993,-0.288025768631,0.573637272308,0.819070553364,0.00666748321242,0.0,0.819074415097,-0.573540603142,-0.0122076198466,0.0,-0.00617494848684,0.0124641506361,-0.9999032528,0.0,0.229713682251,-0.306217548604,0.30486736174,1.0,-0.0641514285714,-0.0843133061224,5.478
-0.797742628501,-0.477162227194,-0.128488222296,-2.60728379599,-0.0657501930652,2.11889348799,-1.05137434161,-0.26822575645,0.0977673893627,-0.000453248032509,0.0777090984031,0.0107862151257,0.0197362304179,-0.268297355841,0.573665400117,0.819050752621,0.00667983827721,0.0,0.819054945592,-0.573569006906,-0.0121793809068,0.0,-0.00614430118806,0.0124582838584,-0.999903514708,0.0,0.228876117353,-0.307313844712,0.304874746408,1.0,-0.0634085714286,-0.0833369795918,5.491
-0.80331933976,-0.475065081862,-0.128476041657,-2.60561182505,-0.0655108649521,2.11926668664,-1.05703554148,-0.259254125171,0.101359787817,0.0035455950283,0.0783269430578,0.011829766374,0.0165786047955,-0.271409227736,0.573773487653,0.818974582932,0.00673530096268,0.0,0.818979377842,-0.573676544374,-0.0121962292105,0.0,-0.00612463546766,0.0125141864992,-0.999902937278,0.0,0.227512560211,-0.30906862669,0.304867302229,1.0,-0.0622085714286,-0.0817598367347,5.512
-0.806664818773,-0.473740764813,-0.128381319637,-2.60459416798,-0.0653659092742,2.11950575719,-1.06055046313,-0.254686124553,0.106674118351,0.00450354672203,0.0787358264556,0.0116614194693,0.0246202352064,-0.268661054874,0.57367893875,0.819040807035,0.00673636007068,0.0,0.819045277733,-0.573581323396,-0.0122493010353,0.0,-0.00616894585271,0.0125447914495,-0.999902281383,0.0,0.22671564614,-0.310107124292,0.304846924053,1.0,-0.0614657142857,-0.0807835102041,5.525
-0.811696890303,-0.471726191371,-0.128213447721,-2.60301902112,-0.0651422845256,2.11985784138,-1.0657281066,-0.251152945904,0.102382507719,0.00593468209374,0.080955691035,0.00842020775386,0.0283207065065,-0.261762718495,0.573611875269,0.819087880302,0.00672367416424,0.0,0.819091756,-0.573513472176,-0.0123182542099,0.0,-0.00623373503278,0.0125734450531,-0.999901519664,0.0,0.225523284081,-0.311671592594,0.30482670894,1.0,-0.0603228571428,-0.0792814693877,5.545
-0.814966460228,-0.470438406129,-0.128148551855,-2.60195654442,-0.0649921784217,2.12010002021,-1.06903989406,-0.249238281183,0.103716453622,0.0034141552078,0.0839577909315,0.0125132364152,0.0190917911794,-0.245507492631,0.573643840206,0.81906552718,0.00671964880083,0.0,0.819069550707,-0.573545855183,-0.0122869853506,0.0,-0.00620993897617,0.0125524548589,-0.999901931459,0.0,0.224681940814,-0.312787013748,0.304836854563,1.0,-0.0595228571428,-0.0782300408163,5.559
-0.820091544262,-0.468338497314,-0.128083986892,-2.60023043222,-0.0647528019318,2.12049145241,-1.07435499063,-0.241218262899,0.0983812409755,0.00728635196764,0.0798376867854,0.0111605856139,0.0229748939797,-0.248977625151,0.57363145343,0.819074149362,0.0067260972118,0.0,0.81907850731,-0.573533945054,-0.0122458007273,0.0,-0.00617269258873,0.0125340194526,-0.999902393348,0.0,0.223509070026,-0.314353993313,0.304853212064,1.0,-0.05838,-0.076728,5.579
-0.823206043129,-0.467065937616,-0.128053336693,-2.59914571347,-0.0646132343039,2.12073178316,-1.0775692253,-0.239129068496,0.0978791761408,0.00418401168125,0.0822014647421,0.01294675898,0.0167434484231,-0.248100330666,0.573640086082,0.819068183707,0.00671632194607,0.0,0.819072815912,-0.573543442684,-0.0121814814026,0.0,-0.00612547937057,0.0124891832248,-0.999903244722,0.0,0.222758964974,-0.31536528959,0.304878878658,1.0,-0.0576371428571,-0.0757516734694,5.592
-0.828021343643,-0.465167157471,-0.12804359604,-2.5975147267,-0.0643742950773,2.12109931036,-1.08243784025,-0.228540440538,0.0930512033373,0.000471558009058,0.0826174510388,0.00811288519157,0.0176756611452,-0.237141380583,0.573779519497,0.818970348981,0.0067362747296,0.0,0.818976053797,-0.573684415455,-0.0120483057509,0.0,-0.00600282490786,0.0124301580989,-0.999904724093,0.0,0.221518254043,-0.316991983313,0.304924964571,1.0,-0.0564371428571,-0.0741745306122,5.613
-0.83147175752,-0.463707671411,-0.127945757643,-2.59629944116,-0.064208602227,2.12136163341,-1.0859960376,-0.222741364396,0.0985512551128,0.0134891936348,0.0812235147336,0.013539666763,0.017543847103,-0.237685125169,0.573741356664,0.818997282011,0.00671227331177,0.0,0.819002817738,-0.573646672141,-0.0120260957862,0.0,-0.00599898201333,0.0123974779574,-0.99990515288,0.0,0.22075299196,-0.318023127008,0.304937076842,1.0,-0.0556371428571,-0.0731231020408,5.627
-0.835943740458,-0.461797047189,-0.127783389436,-2.5947284821,-0.0639751897545,2.12171043235,-1.09070470966,-0.224517186247,0.0954503095631,0.00465846165934,0.0812119466859,0.0121800893652,0.0213821395759,-0.225724454791,0.573605112678,0.819092928719,0.00668548671168,0.0,0.819098258522,-0.573510879768,-0.0120025236971,0.0,-0.00599709838411,0.0123610174685,-0.999905615575,0.0,0.219691321389,-0.319444189794,0.304948213709,1.0,-0.0544942857143,-0.0716210612245,5.647
-0.838817988688,-0.460543371186,-0.127708915725,-2.59373435478,-0.0638283061187,2.12193762483,-1.09366253937,-0.222951938699,0.0999746151766,0.00285912766252,0.0742888895108,0.00984010286061,0.0209377513285,-0.234538026864,0.573593392543,0.819101115129,0.00668805850369,0.0,0.81910635474,-0.573498895611,-0.0120226144467,0.0,-0.00601225848898,0.0123745616776,-0.999905357007,0.0,0.218993261666,-0.320357056774,0.304937418014,1.0,-0.0537514285714,-0.0706447346939,5.66
-0.843218601793,-0.458585587415,-0.127671561008,-2.59217680932,-0.0635999463786,2.12227327142,-1.09815268826,-0.224518611159,0.101217293056,0.00355775086783,0.0761766900963,0.00795835801914,0.0184508715167,-0.220207721831,0.573655509244,0.819057308806,0.00672521420321,0.0,0.81906270647,-0.573560150234,-0.0120740976922,0.0,-0.00603217923139,0.0124349842191,-0.999904487429,0.0,0.218061192303,-0.321560790722,0.30491454175,1.0,-0.05278,-0.069368,5.677
-0.846202863725,-0.457221567515,-0.127655167009,-2.59111171276,-0.0634319121702,2.12248471136,-1.10122938987,-0.209476191305,0.0992024703015,0.0040940808063,0.0717010198668,0.0102558567261,0.0108565786291,-0.209459039041,0.573701864074,0.819024380467,0.0067810219963,0.0,0.819030177197,-0.573605543563,-0.0121241962527,0.0,-0.00604049681474,0.0125097764898,-0.999903504289,0.0,0.217153747773,-0.32273252001,0.304893343277,1.0,-0.0518085714286,-0.0680912653061,5.694
-0.850209432071,-0.455403042435,-0.127614907355,-2.58965329103,-0.0632231005645,2.12278600464,-1.1053684485,-0.2139236293,0.0973141580519,0.00234540091945,0.0711946913017,0.00713117003962,0.0110262851309,-0.214485599406,0.573723447136,0.81900899773,0.00681283676244,0.0,0.81901497979,-0.573626486701,-0.0121599151652,0.0,-0.00605117281924,0.01255648556,-0.99990285427,0.0,0.216155326534,-0.324026870452,0.304878421875,1.0,-0.0507228571428,-0.0666643265306,5.713
-0.853105120801,-0.454124213859,-0.127594760152,-2.5885853008,-0.0630638090229,2.12300015006,-1.10828277575,-0.205367333311,0.0884594769404,0.00368698124828,0.0746171373281,0.0132423420433,0.0131837132783,-0.20733007782,0.573803539524,0.818952754281,0.00682870315696,0.0,0.818959073155,-0.573706750318,-0.012138700017,0.0,-0.00602346468558,0.0125578992217,-0.999903003816,0.0,0.215481891206,-0.324900169637,0.304886294598,1.0,-0.04998,-0.065688,5.726
-0.856913367996,-0.452359162449,-0.127460615432,-2.58711893486,-0.0628448101113,2.1233095516,-1.1122685536,-0.202533811061,0.0929495999697,0.0065322026163,0.0788584134599,0.0116706249507,0.0222693086409,-0.210531284167,0.573716374725,0.819013972054,0.00681042240468,0.0,0.819020153403,-0.573619907651,-0.0121217477168,0.0,-0.00602140280562,0.0125325596487,-0.999903334156,0.0,0.214471257913,-0.326260671192,0.304895125885,1.0,-0.04878,-0.0641108571428,5.747
-0.85962055524,-0.451103438106,-0.127340878165,-2.58609027216,-0.0626794048585,2.12352589305,-1.11508950286,-0.192510276974,0.0930972728296,0.00895523453903,0.068808373055,0.00898242508096,0.0161871433719,-0.199686078593,0.573671230735,0.819045654457,0.00680307599759,0.0,0.819051767253,-0.573574867483,-0.0121169655109,0.0,-0.00602239048276,0.0125234670515,-0.999903442131,0.0,0.213868184615,-0.327065433477,0.304897402833,1.0,-0.0480371428571,-0.0631345306122,5.76
-0.863620922467,-0.44923046913,-0.127200855461,-2.58453211432,-0.062449335825,2.12386647794,-1.11930142721,-0.182327255695,0.0820023862345,0.00565239481494,0.0717165892342,0.00959959849983,0.0170791905541,-0.197985306566,0.573567233604,0.819118706555,0.00677643037213,0.0,0.819124697086,-0.573471493439,-0.012079889815,0.0,-0.00600888976464,0.0124796107305,-0.999904071679,0.0,0.212901601444,-0.328365162019,0.304908612414,1.0,-0.0468371428571,-0.0615573877551,5.781
-0.866081052274,-0.448045769247,-0.127155723332,-2.58357632872,-0.0623080339816,2.12405455701,-1.12177373757,-0.190047682534,0.0906363788059,0.00287282537989,0.0723900278607,0.0086993939055,0.016420701127,-0.186235376699,0.573629827033,0.819074745555,0.00679187990237,0.0,0.819080768114,-0.573533644732,-0.0121078721003,0.0,-0.00602199656688,0.0125087756187,-0.999903628401,0.0,0.212288435358,-0.329165624757,0.304898355122,1.0,-0.0460942857143,-0.0605810612245,5.794
-0.869403790477,-0.446429387182,-0.127156918953,-2.58227887528,-0.0621070062302,2.12432157375,-1.12524990642,-0.187719172007,0.0848840669304,-0.000600876815002,0.0721660202316,0.0164303716566,0.0204527393244,-0.192888745493,0.573652499557,0.819058414715,0.0068461622581,0.0,0.819064972892,-0.573555683048,-0.012132416327,0.0,-0.00601061813626,0.012567484619,-0.999902960692,0.0,0.211441812743,-0.330259603875,0.304880159171,1.0,-0.0450657142857,-0.0592292244898,5.812
-0.872108577647,-0.445142473566,-0.127140383677,-2.58124461106,-0.0619545289098,2.1245349506,-1.12800786285,-0.177954044299,0.0845271119448,-0.000219324192773,0.0670285508166,0.0116637630784,0.019164414889,-0.18301429035,0.573710808857,0.81901732911,0.00687526867003,0.0,0.819024130553,-0.573613545677,-0.0121540400592,0.0,-0.00601073791321,0.0126041577671,-0.999902498365,0.0,0.210749226861,-0.331139645999,0.304866124071,1.0,-0.0442085714286,-0.0581026938775,5.827
-0.875818116557,-0.443376570973,-0.127067641166,-2.57978523028,-0.0617310731926,2.12482335054,-1.13184422426,-0.179212856019,0.0883289532725,0.00334338113019,0.0648487351812,0.00962031158032,0.0160941168568,-0.176660305292,0.573717444598,0.819012530409,0.00689316308505,0.0,0.819019572326,-0.573620103444,-0.012151706594,0.0,-0.00599845853333,0.0126175244629,-0.999902403523,0.0,0.209816844899,-0.332346032747,0.304864938024,1.0,-0.0430085714286,-0.0565255510204,5.848
-0.878076014094,-0.442268104334,-0.127032784304,-2.57887575845,-0.061602180805,2.12500280298,-1.13412175349,-0.174305635286,0.0901473553197,0.00143740443609,0.0720914356621,0.00917306122997,0.0171088131338,-0.171301238463,0.57377333616,0.818973307234,0.00690127896326,0.0,0.818980403843,-0.5736758323,-0.0121607753577,0.0,-0.00600036898575,0.0126297840421,-0.999902237285,0.0,0.209246431328,-0.333087864501,0.304860337865,1.0,-0.0422657142857,-0.0555492244898,5.861
-0.881587827598,-0.440526634416,-0.126966055906,-2.57743262287,-0.0613761824965,2.12529240839,-1.13782456212,-0.157254099497,0.0837050420904,0.00583721704916,0.0646747390346,0.0088455612845,0.0175719933949,-0.184174617186,0.573738475335,0.818997552063,0.00692232162225,0.0,0.819004999356,-0.573641032839,-0.0121459200616,0.0,-0.00597666614233,0.0126382409988,-0.999902272388,0.0,0.208407812723,-0.334192919973,0.304860711333,1.0,-0.0411228571428,-0.0540471836734,5.881
-0.883706398516,-0.439499387253,-0.126888204381,-2.57655592148,-0.0612363602443,2.1254572479,-1.13997889733,-0.163055068666,0.0779182800759,0.00746521096557,0.0647415059466,0.0104252094309,0.016598524511,-0.159194929783,0.573745494461,0.818992699948,0.00691461627337,0.0,0.81900017095,-0.573648352274,-0.0121257914768,0.0,-0.0059644913037,0.012620433119,-0.999902570009,0.0,0.207845744625,-0.334937232113,0.304870766241,1.0,-0.0403228571428,-0.052995755102,5.895
-0.887021651518,-0.437841209311,-0.126741799235,-2.57511338039,-0.0610154371756,2.12574520502,-1.14346347495,-0.156926897386,0.0719211557073,0.00352102539619,0.067221094391,0.0141924781338,0.0117478691662,-0.167480780907,0.573659669794,0.819053163275,0.00687356392777,0.0,0.819060572933,-0.573563755526,-0.0120475356352,0.0,-0.005925259111,0.0125412919818,-0.999903799023,0.0,0.207048123107,-0.336038778236,0.304902574314,1.0,-0.0391228571428,-0.0514186122449,5.916
-0.888861404877,-0.436908989765,-0.126675385832,-2.57430766813,-0.0609040964753,2.1259102915,-1.14538845124,-0.151169770244,0.0769430792955,0.00482159834476,0.0653196144293,0.00400220861355,0.00627090633455,-0.169040350672,0.57362535413,0.819077417655,0.00684718102527,0.0,0.819084728445,-0.573530093818,-0.012007748102,0.0,-0.00590832468498,0.0124966107665,-0.999904458645,0.0,0.206599136623,-0.336655121877,0.304917606274,1.0,-0.0384371428571,-0.0505173877551,5.928
-0.891862290102,-0.435403285045,-0.126609288578,-2.57298011627,-0.0606983321117,2.12617441889,-1.14847979349,-0.150246225775,0.0728090699474,0.00184558098272,0.0654137154604,0.0133708837281,0.0135192796853,-0.161677331202,0.573651215019,0.81905943171,0.00683211058335,0.0,0.819067134387,-0.573557267399,-0.0119095458534,0.0,-0.00583613154549,0.0124281219663,-0.999905736234,0.0,0.20585558196,-0.337668644245,0.304952037924,1.0,-0.0372942857143,-0.0490153469388,5.948
-0.893946116907,-0.434343510237,-0.126575442857,-2.57207791357,-0.0605576910828,2.12633633859,-1.1506309332,-0.145829147814,0.080103723076,0.0012309792025,0.0589386097679,0.00868004212632,0.0102336161338,-0.158919064758,0.573672622085,0.819044341191,0.00684373684306,0.0,0.819052290225,-0.573578818998,-0.0118924839327,0.0,-0.00581516113171,0.0124280100535,-0.999905859802,0.0,0.205326997763,-0.33836379307,0.304958970443,1.0,-0.0364942857143,-0.0479639183673,5.962
-0.896826111895,-0.432851034445,-0.126541395493,-2.57081973441,-0.0603511442905,2.12655972429,-1.15352425284,-0.141382710425,0.0772045679483,0.00086310364561,0.0634160585798,0.0156761476895,0.00798462922407,-0.145792280608,0.573782641893,0.818966991503,0.00687703364082,0.0,0.818975434325,-0.573688790446,-0.0118809338432,0.0,-0.00578492691232,0.0124494349118,-0.999905768656,0.0,0.204592149468,-0.339327526741,0.304961843859,1.0,-0.0353514285714,-0.046461877551,5.982
-0.898757836569,-0.431822859982,-0.126518550406,-2.5699843367,-0.0602193686591,2.12670845904,-1.15562450323,-0.139834335366,0.0751777328131,0.00232806085318,0.0611163318303,0.011248206362,0.00878378940272,-0.14481915718,0.573722454888,0.81900890144,0.00690731647605,0.0,0.819017552944,-0.573628078439,-0.011908925072,0.0,-0.00579139646555,0.0124898716337,-0.999905226926,0.0,0.204094436642,-0.339970241699,0.304948777793,1.0,-0.0345514285714,-0.0454104489796,5.996
-0.901480753923,-0.430391151098,-0.126441939212,-2.56884050448,-0.0600460881439,2.12691554168,-1.15844235793,-0.136087787851,0.07441726617,0.00583065180431,0.0509704653743,0.00677688288303,0.011237371694,-0.139447187184,0.57371448047,0.819014294784,0.0069301327274,0.0,0.819022847765,-0.573619145895,-0.0119748570651,0.0,-0.00583243459069,0.0125463274973,-0.999904281606,0.0,0.203396516682,-0.340857629557,0.304922212149,1.0,-0.0334085714286,-0.0439084081632,6.016
-0.903206964201,-0.429460865218,-0.126420134432,-2.56811607173,-0.0599263044839,2.12704664245,-1.16011569516,-0.134703130421,0.0771964177271,0.0022436933536,0.0562661494773,0.00385994288857,0.0139265376647,-0.131398912039,0.573826196617,0.818935698844,0.00696879728776,0.0,0.818944407676,-0.57372989764,-0.0120336441226,0.0,-0.00585668616396,0.0126125206355,-0.9999033071,0.0,0.202944932817,-0.341422801658,0.30489520996,1.0,-0.0326657142857,-0.0429320816326,6.029
-0.905760141254,-0.428105118403,-0.126377356672,-2.5670102478,-0.0597464897814,2.12722750172,-1.1627895749,-0.128265992569,0.0637070431813,0.00524345636298,0.0547428307295,0.0131358759976,0.00771650096656,-0.129646616651,0.573823049038,0.818937536407,0.00701190117681,0.0,0.81894651327,-0.573725900798,-0.0120808136006,0.0,-0.00587063543678,0.0126748653457,-0.999902436955,0.0,0.202282519326,-0.342264500962,0.304877387751,1.0,-0.0315228571428,-0.0414300408163,6.049
-0.907377363345,-0.427246759909,-0.126310253367,-2.56632369958,-0.0596409682233,2.12735459151,-1.16445092039,-0.124657605435,0.0656941928511,0.00750218694613,0.0530514831309,0.00576296239345,0.00337532982212,-0.131372277671,0.573813495478,0.818944183876,0.00701733600021,0.0,0.818953003921,-0.573715830805,-0.0121189831667,0.0,-0.00589892759811,0.0127011490259,-0.999901936925,0.0,0.201871853147,-0.342788512392,0.3048616011,1.0,-0.03078,-0.0404537142857,6.062
-0.909884046157,-0.425916600778,-0.126147427988,-2.56518546296,-0.0594559114441,2.12756774286,-1.16703987307,-0.115880810472,0.0626856674292,0.00716659401207,0.0533250817314,0.012754605283,0.0106871680731,-0.12479251109,0.573755682833,0.818984973425,0.00698402615748,0.0,0.818993503024,-0.573658512501,-0.01209545121,0.0,-0.00589966031775,0.0126599496594,-0.999902455084,0.0,0.201267240324,-0.343613869734,0.30487292262,1.0,-0.02958,-0.0388765714285,6.083
-0.911340161289,-0.425105521739,-0.126059985549,-2.56448149761,-0.0593593658816,2.1276954655,-1.16863206607,-0.110392642567,0.0640553667321,0.00444031598898,0.0567223336756,0.00284015289727,0.00617463320946,-0.11800619652,0.573652002967,0.819057864659,0.00695275000647,0.0,0.819066090923,-0.573555239674,-0.0120777748162,0.0,-0.00590472393866,0.0126234445241,-0.999902886726,0.0,0.200918115075,-0.344108088073,0.304883577595,1.0,-0.0288371428571,-0.0379002448979,6.096
-0.91364621568,-0.423837418025,-0.125944292002,-2.56338965156,-0.0591828492759,2.12791355703,-1.17104885917,-0.108404070913,0.0576832656202,0.00454761375838,0.049450851942,0.00644206606364,0.00513480710397,-0.114457401236,0.573599715304,0.819094694079,0.0069278882929,0.0,0.819102875684,-0.573503685458,-0.0120311559542,0.0,-0.00588159977631,0.0125759629795,-0.999903621325,0.0,0.200357374897,-0.344888463741,0.304896963545,1.0,-0.0276371428571,-0.0363231020408,6.117
-0.91504832764,-0.42309153321,-0.125919603617,-2.56273007113,-0.0590847766367,2.12803244973,-1.172471636,-0.104703267254,0.0631281228519,0.00230714774882,0.0546486472778,0.00710976375404,0.00619058797983,-0.107971379875,0.573635749188,0.81906950662,0.00692224523094,0.0,0.819077844732,-0.573540230698,-0.0119931205945,0.0,-0.00585312593226,0.012549782044,-0.999904117347,0.0,0.199998480719,-0.345368014412,0.30491072068,1.0,-0.0268942857143,-0.0353467755102,6.13
-0.917241519983,-0.421908682701,-0.125901162145,-2.56172524295,-0.0589246741621,2.12823457717,-1.17474940361,-0.101526967292,0.0584013887436,0.002332639016,0.0452564797498,0.00301237723911,0.00945470928079,-0.11241052774,0.57366616694,0.819048080865,0.00693664483243,0.0,0.819056833388,-0.573571059936,-0.011953651594,0.0,-0.00581206856875,0.0125391532592,-0.999904490186,0.0,0.199427107757,-0.346114658818,0.304914289862,1.0,-0.0256942857143,-0.033769632653,6.151
-0.918483524502,-0.42126063957,-0.1258977875,-2.56116460933,-0.0588387451837,2.12832362298,-1.17599413049,-0.100178971418,0.0518383358168,0.00111387511397,0.0474157496847,0.0123070714214,0.00785765069683,-0.104132688489,0.573723176394,0.819008037007,0.00694975453151,0.0,0.81901702457,-0.573628132227,-0.0119426246833,0.0,-0.00579464245204,0.0125439693559,-0.999904530919,0.0,0.199095989327,-0.346532022962,0.304918644542,1.0,-0.0250085714285,-0.0328684081632,6.163
-0.920533761676,-0.420166983527,-0.125886524347,-2.56023483251,-0.0586979272948,2.12848578912,-1.17810253198,-0.0992690363594,0.0497971388995,-0.000583195120318,0.045203807248,0.00637819270612,0.0113690456087,-0.0983497713571,0.573768796002,0.818975917753,0.00696862797872,0.0,0.818985221144,-0.57367380307,-0.0119298834714,0.0,-0.0057726790919,0.0125524398754,-0.999904551659,0.0,0.19855148467,-0.347222983873,0.304919428524,1.0,-0.0238085714285,-0.0312912653061,6.184
-0.92175118151,-0.419505067365,-0.125839016625,-2.55968685008,-0.0586089211225,2.12857511898,-1.17926666053,-0.0864690267135,0.052207833614,0.00370066753309,0.0389794438031,0.00233634018404,0.00973347448478,-0.0802557927208,0.573839602708,0.818926249755,0.00697529403277,0.0,0.818935538406,-0.573744340099,-0.0119483488788,0.0,-0.00578289240486,0.01256899394,-0.999904284693,0.0,0.198238780598,-0.347622617431,0.304913170774,1.0,-0.0230657142857,-0.0303149387755,6.197
-0.923626836154,-0.418519128067,-0.125735820546,-2.55883446369,-0.0584747484786,2.12869784137,-1.18125670616,-0.0868463099796,0.0446781530566,0.00529287852314,0.0358764213444,0.00235622189043,0.00439055570403,-0.0925863253789,0.573764201302,0.818979157919,0.0069661394916,0.0,0.818988288533,-0.573668916556,-0.0119542596894,0.0,-0.00579414339447,0.0125643548255,-0.999904277864,0.0,0.197764871603,-0.34823346646,0.304919739905,1.0,-0.0218657142857,-0.0287377959183,6.218
-0.924710210829,-0.417906011752,-0.12567259834,-2.55831724941,-0.058391432382,2.12878274602,-1.18238909767,-0.0818611671319,0.046288232914,0.00171794506598,0.0426141176204,0.00494559379164,0.00863679916077,-0.0810347489494,0.573735505728,0.818999299822,0.006961555809,0.0,0.819008322548,-0.573640145515,-0.01196235562,0.0,-0.00580384473174,0.0125650422128,-0.999904212963,0.0,0.197497002738,-0.348594324456,0.304918570647,1.0,-0.0211228571428,-0.0277614693877,6.231
-0.926388576962,-0.41695842248,-0.12558942607,-2.55749935667,-0.0582517619731,2.12892757035,-1.18415960463,-0.0806299622096,0.044315575273,8.91354284206e-05,0.0436707233741,0.004969635878,0.00810884829609,-0.0822148091048,0.57369394518,0.819028460812,0.00695590008523,0.0,0.819037537182,-0.573598897791,-0.0119400184205,0.0,-0.00578942975145,0.0125473011223,-0.999904519311,0.0,0.197081770324,-0.349162477696,0.304925749917,1.0,-0.01996,-0.0262331428571,6.252
-0.927332858631,-0.416425800335,-0.125557750975,-2.5570506011,-0.0581837422981,2.12901623408,-1.18511482241,-0.0793671437942,0.0422878430309,0.00114889048686,0.0359913849879,0.00983798598657,0.00658652003765,-0.0753067519596,0.573710224332,0.819017093632,0.00695167145833,0.0,0.819026162156,-0.573615295465,-0.0119325358974,0.0,-0.00578547718117,0.012539660069,-0.999904638043,0.0,0.196840754697,-0.349483021782,0.304925000533,1.0,-0.01972,-0.0259177142857,6.264
-0.928918891481,-0.415496939972,-0.125539995429,-2.55625864738,-0.0580694699622,2.12914286948,-1.18671784083,-0.0750987354313,0.0433320629068,0.00144531737537,0.0393286369765,0.00832798577509,0.00313442825035,-0.0782924497608,0.573766764522,0.818977401021,0.00696156936155,0.0,0.818986592193,-0.573671761525,-0.0119339322017,0.0,-0.00578007630425,0.0125489672416,-0.999904552514,0.0,0.196426908204,-0.350034456044,0.30492453119,1.0,-0.0193,-0.0253657142857,6.285
-0.929892863091,-0.414947806595,-0.125529267076,-2.55579353378,-0.0579920005173,2.12923036826,-1.18776897483,-0.0776887392456,0.041758723168,-0.00039585140029,0.0312061064358,0.00906083534671,0.0120049078873,-0.0859611164341,0.57374921358,0.818989603063,0.00697258143355,0.0,0.818998999405,-0.57365429683,-0.0119219798289,0.0,-0.00576423720789,0.0125510054142,-0.999904618367,0.0,0.196171065426,-0.350367957449,0.304923815945,1.0,-0.01904,-0.025024,6.298
-0.931430189888,-0.41407564305,-0.12550786263,-2.55506202183,-0.0579067688944,2.12936918133,-1.18931976681,-0.0706252091768,0.0404190997088,0.00113943930233,0.03614200373,0.000148011183449,0.00363291273194,-0.0831849212065,0.57378718033,0.81896312985,0.00695776803525,0.0,0.818972326535,-0.573692309908,-0.0119251341267,0.0,-0.00577473833398,0.0125409500131,-0.999904683942,0.0,0.195783753104,-0.350869834009,0.304919977656,1.0,-0.01864,-0.0244982857143,6.318
-0.932353433592,-0.413562768751,-0.125482425005,-2.55462206971,-0.0578389512326,2.1294277771,-1.19031580762,-0.071609847983,0.0454708699267,0.00380494372618,0.0341564968727,0.00180303039032,0.00144670850773,-0.0744162434533,0.573760214688,0.818981930116,0.00696857845591,0.0,0.818991220153,-0.573665196425,-0.0119319162366,0.0,-0.00577450403781,0.0125535050878,-0.999904527749,0.0,0.195520977475,-0.351204009152,0.304919267057,1.0,-0.01836,-0.0241302857143,6.332
-0.933804611711,-0.412716301172,-0.125438137608,-2.55391871099,-0.0577458548148,2.12952189808,-1.19180532536,-0.0706369472673,0.0387492154486,0.00139570949004,0.0337985198504,0.00379924595705,0.00140629932985,-0.0668818550956,0.573766309888,0.818977606238,0.00697488485012,0.0,0.818986718769,-0.573670696311,-0.0119763756927,0.0,-0.00580720825428,0.0125842212295,-0.999903952242,0.0,0.195140757077,-0.351692772028,0.304908575234,1.0,-0.01794,-0.0235782857143,6.353
-0.934683601082,-0.412200258303,-0.12542094119,-2.55349039936,-0.0576764038417,2.12960737429,-1.19271130267,-0.0685039509754,0.0363445386144,0.00138764027428,0.0328386389045,0.00618875367483,0.00872001065602,-0.0701470806454,0.573779851228,0.818968063763,0.00698138683457,0.0,0.81897728122,-0.573684246706,-0.0119726700764,0.0,-0.00580023445592,0.0125875164129,-0.999903951243,0.0,0.194911894965,-0.351995168545,0.304903914739,1.0,-0.01768,-0.0232365714286,6.366
-0.936106701647,-0.4113992907,-0.125402854132,-2.55280862419,-0.0575760871498,2.12970892481,-1.19424793896,-0.0642209127667,0.0394967984704,-0.000104583486874,0.0334352866419,0.000251205596778,0.010597021055,-0.0636964875803,0.573746011639,0.81899164934,0.00699566582508,0.0,0.819000996675,-0.573650223952,-0.0119806054529,0.0,-0.00579906220263,0.0126035245357,-0.999903756392,0.0,0.194530865514,-0.352477449172,0.304901355963,1.0,-0.01726,-0.0226845714286,6.387
-0.936886941233,-0.410929971118,-0.125400696877,-2.55244349765,-0.0575168428104,2.12976471066,-1.19504269767,-0.0627383418736,0.0421395617151,-0.000882656825264,0.0356523090849,0.00190978780352,0.00339012960056,-0.058851561017,0.573773996535,0.818971814548,0.00702244812248,0.0,0.818981279256,-0.57367756645,-0.0120191880609,0.0,-0.00581486726045,0.0126477946249,-0.999903105611,0.0,0.194317771354,-0.352739353277,0.304883749916,1.0,-0.01702,-0.0223691428571,6.399
-0.938173385179,-0.410192525529,-0.125386046918,-2.55179822845,-0.0574346030152,2.12986100384,-1.19639115273,-0.0651411846905,0.0320867693634,0.000906946986214,0.0311630593044,0.00407068992515,0.00605011247321,-0.0729135834444,0.573775301287,0.818970928273,0.00701920072976,0.0,0.818980396009,-0.573678985673,-0.0120116298427,0.0,-0.00581051955799,0.0126408077,-0.999903219238,0.0,0.193975302751,-0.353185354178,0.304889235938,1.0,-0.01662,-0.0218434285714,6.419
-0.939001531266,-0.409708907875,-0.125375458899,-2.55137612565,-0.0573712192284,2.12993875358,-1.1972916165,-0.064872713707,0.0330409367014,-0.000790972576849,0.031221772977,0.00108584675722,0.00338490328892,-0.0644684272211,0.573753550047,0.818986170531,0.00701877401663,0.0,0.81899574938,-0.573657495906,-0.0119911129642,0.0,-0.00579429491838,0.0126285328561,-0.999903468493,0.0,0.193758576985,-0.353476167289,0.304893524098,1.0,-0.01636,-0.0215017142857,6.432
-0.940294594487,-0.408941551923,-0.125347212145,-2.55071428694,-0.0572646774691,2.13004053425,-1.19854691028,-0.0617004378486,0.0371354631053,0.00175792045731,0.0332286804773,0.00998291145209,0.00186530697964,-0.059951367888,0.573837703807,0.818927127205,0.00702829416745,0.0,0.818936864863,-0.573741658126,-0.0119861586806,0.0,-0.00578347669498,0.0126340822108,-0.999903461022,0.0,0.193422131343,-0.353924546121,0.304895005979,1.0,-0.01594,-0.0209497142857,6.453
-0.941052853404,-0.408483224256,-0.125320105698,-2.55030509854,-0.0572004208718,2.1301101933,-1.19937184654,-0.0535014139493,0.0369032139484,0.00541784370777,0.0327981082601,0.00919607730092,0.0066282889532,-0.0673583683531,0.573807960111,0.818948022576,0.00702197506296,0.0,0.818957809941,-0.573712241211,-0.0119631401898,0.0,-0.00576870801664,0.0126154892751,-0.99990378109,0.0,0.193232183956,-0.354193712752,0.304903042317,1.0,-0.01568,-0.020608,6.466
-0.942209267663,-0.407763033877,-0.12528720557,-2.54968677684,-0.0571230067619,2.13019357821,-1.20065906396,-0.0578702840003,0.036466466114,-0.00122937766183,0.0259558464166,0.00080287028688,0.00182693373522,-0.0582596943431,0.573742461136,0.818993882346,0.00702537330806,0.0,0.8190035755,-0.573646439005,-0.0119855428243,0.0,-0.00578611726953,0.012630663876,-0.999903488931,0.0,0.19291464051,-0.354619443328,0.304898166184,1.0,-0.01526,-0.020056,6.487
-0.942966127285,-0.407320171399,-0.125273967097,-2.54931501708,-0.0570662759573,2.13024750309,-1.20143584684,-0.0605257874507,0.0389178404589,-0.000721517544505,0.0266319569332,0.00522412709904,0.00163363294726,-0.0610289025675,0.573750087263,0.818988512911,0.00702851239838,0.0,0.818998212582,-0.57365397275,-0.0119914235079,0.0,-0.00578901550302,0.0126366626703,-0.999903396362,0.0,0.192730681916,-0.354857668247,0.304897492867,1.0,-0.01502,-0.0197405714286,6.499
-0.944188991964,-0.406638726949,-0.125249405245,-2.54870569371,-0.0569749639244,2.13035524969,-1.20266256464,-0.058475694981,0.0293426510761,0.000816171070875,0.0264318202144,0.00769254483068,0.00753030799066,-0.0598412713155,0.573793744627,0.818958002995,0.0070196052801,0.0,0.818967823144,-0.57369817995,-0.0119519821651,0.0,-0.00576114759254,0.0126070461825,-0.999903931168,0.0,0.192407930805,-0.355279764945,0.304909518099,1.0,-0.0146,-0.0191885714286,6.52
-0.944906406063,-0.406212003962,-0.125244302159,-2.54834761385,-0.0569203145744,2.1304086542,-1.20345243793,-0.0530562696984,0.0315543408447,0.00273088832302,0.0261302121483,0.00766927694984,0.0017712261393,-0.0580723975438,0.573769455589,0.818974913772,0.00703202294953,0.0,0.81898483774,-0.573673709606,-0.0119606588501,0.0,-0.00576150378571,0.0126220239043,-0.99990374016,0.0,0.192213999982,-0.35552658786,0.304904956027,1.0,-0.01434,-0.0188468571428,6.533
-0.946048885885,-0.405556999776,-0.125245139619,-2.54777256667,-0.0568374823259,2.13047188177,-1.20462152157,-0.0535261673227,0.0325517160872,0.000207899077516,0.02720411428,0.00660832226889,0.00106181942808,-0.057699736165,0.573808471998,0.818947426617,0.00704959585958,0.0,0.818957536174,-0.573712535445,-0.0119677700208,0.0,-0.00575664377969,0.0126407708591,-0.999903531329,0.0,0.191900092701,-0.355919392804,0.304907544149,1.0,-0.01392,-0.0182948571428,6.554
-0.946739106075,-0.405171343398,-0.125232761831,-2.54740999287,-0.0567948926708,2.13052701665,-1.20530109717,-0.0551934826031,0.0266732683147,0.00102784467544,0.0293762463253,0.00269318817901,0.00130534097962,-0.0526386068076,0.573841444565,0.818924469314,0.00703256421496,0.0,0.818934539583,-0.573745983848,-0.0119378723769,0.0,-0.00574142086664,0.0126098984469,-0.999904008667,0.0,0.191717705746,-0.356163017684,0.304921632621,1.0,-0.01366,-0.0179531428571,6.567
-0.947766545309,-0.404550658377,-0.125209357774,-2.54686419925,-0.0567188040468,2.13063869485,-1.20639488299,-0.055043503633,0.0291769300057,0.00223142779075,0.0267646697288,0.00186996836828,-9.51091520378e-05,-0.0582868708709,0.573825370569,0.818935869074,0.00701664714145,0.0,0.818945950357,-0.573730469638,-0.0119006514191,0.0,-0.00572031618655,0.0125753925874,-0.999904564188,0.0,0.191452164293,-0.35653006582,0.304929185868,1.0,-0.01326,-0.0174274285714,6.587
-0.948451464275,-0.404130741551,-0.125183152018,-2.54649749159,-0.0566621638604,2.13068205739,-1.2071520582,-0.0478442183623,0.0277689730195,0.00151347771631,0.0272228814249,0.00114269147139,0.00112249326844,-0.0527849976512,0.57378652288,0.818963055644,0.00702043816757,0.0,0.818973146046,-0.573691524893,-0.0119066041725,0.0,-0.00572361325499,0.0125816415758,-0.99990446671,0.0,0.19127587397,-0.356767581781,0.304930554196,1.0,-0.01298,-0.0170594285714,6.601
-0.949404058742,-0.403537894224,-0.125149684107,-2.54600866282,-0.0565867928947,2.13077472186,-1.20812819088,-0.0524716109962,0.0252255655044,0.000647742946531,0.0258438653452,0.00314301921721,0.00826037895737,-0.0460133341161,0.573795407755,0.818956815079,0.00702224864455,0.0,0.818966886701,-0.573700305893,-0.0119140424163,0.0,-0.00572853032851,0.0125874542839,-0.999904365394,0.0,0.191029145763,-0.357097482979,0.30492193996,1.0,-0.01258,-0.0165337142857,6.621
-0.950006456874,-0.403150836074,-0.125128085604,-2.54568548083,-0.056544533083,2.13082217357,-1.20876536157,-0.0446309028389,0.0317639307464,0.000615073399297,0.0245267007862,0.000427133075405,0.0101597148832,-0.0487134671254,0.573782612355,0.818965783702,0.00702180782535,0.0,0.818975759449,-0.573687317819,-0.0119295310204,0.0,-0.00574166616863,0.0125958903794,-0.999904183817,0.0,0.190873143059,-0.357308479508,0.304916961755,1.0,-0.01232,-0.016192,6.634
-0.951005833136,-0.402540322324,-0.125097160537,-2.5451493103,-0.0564592359025,2.13089547156,-1.20985045193,-0.0459432824113,0.0237377047174,0.000121987594325,0.0262263447084,0.00405345757734,0.00482724031419,-0.0496590323428,0.573748643524,0.818989540752,0.00702659908108,0.0,0.818999603039,-0.573653387229,-0.0119242795964,0.0,-0.00573513832607,0.0125965636244,-0.999904212799,0.0,0.190614034829,-0.357657942267,0.304920748739,1.0,-0.01188,-0.0156137142857,6.656
-0.95154399467,-0.402208644443,-0.125077002477,-2.5448591904,-0.0564167858556,2.13093244319,-1.21040811963,-0.0453551083713,0.0233078432445,0.00158056984394,0.0244014894833,0.00416963030314,0.00161888498004,-0.0453996408503,0.573748066575,0.81898994753,0.00702629680809,0.0,0.818999989902,-0.573652776783,-0.0119270755464,0.0,-0.00573761076829,0.0125979160985,-0.999904181576,0.0,0.190474929771,-0.35784562341,0.304922054273,1.0,-0.01164,-0.0152982857143,6.668
-0.952416209651,-0.401696406233,-0.125071932147,-2.5444123359,-0.0563577701479,2.13101572643,-1.2112795826,-0.039403545407,0.021508112378,-0.00068700222474,0.0192969579553,0.00118637973189,0.00151434330188,-0.0451028330108,0.573789043036,0.81896129132,0.00702027868115,0.0,0.818971375381,-0.573694035824,-0.0119074123315,0.0,-0.00572432798112,0.0125819922561,-0.999904458206,0.0,0.190238652617,-0.358152424975,0.304925149522,1.0,-0.01124,-0.0147725714286,6.688
-0.952981119376,-0.401347403523,-0.125063081023,-2.54412487986,-0.0563045208744,2.13103479937,-1.21185262835,-0.0475089055366,0.0314671851133,0.000589231999769,0.0175506988338,0.00373137177403,0.000359882508285,-0.0483447141521,0.573811011058,0.818945670192,0.00704696833821,0.0,0.818955907089,-0.573715441891,-0.0119398861633,0.0,-0.00573527394366,0.0126226375238,-0.999903883208,0.0,0.190084589077,-0.358341743525,0.304916441329,1.0,-0.01098,-0.0144308571428,6.701
-0.953862503648,-0.400833335646,-0.125063740383,-2.54368533485,-0.0562438124928,2.13110885489,-1.21278365513,-0.0419527889953,0.0177978428809,0.000926304186379,0.0181765067558,0.00454530547902,0.00923949705327,-0.0434048454122,0.573815494665,0.818942479315,0.00705269863212,0.0,0.818952816285,-0.573719952635,-0.0119351392718,0.0,-0.00572802890332,0.0126246383157,-0.999903899478,0.0,0.18984064986,-0.358646863153,0.304914457505,1.0,-0.01056,-0.0138788571428,6.722
-0.954332368228,-0.400545632179,-0.125052722072,-2.54344086831,-0.0562019535364,2.13114717589,-1.21330413063,-0.0365848600777,0.0246751076313,0.00145810005459,0.0228105281076,0.00758179826583,0.00351121544524,-0.0427802056372,0.573794156704,0.81895736958,0.00705970571875,0.0,0.818967790743,-0.573698570299,-0.0119354540247,0.0,-0.00572459517144,0.0126304085473,-0.999903846272,0.0,0.189716351804,-0.358809622124,0.304912589729,1.0,-0.01032,-0.0135634285714,6.734
-0.955166946324,-0.400027852388,-0.125032225038,-2.54298036379,-0.0561262377857,2.13122455681,-1.21417980679,-0.0399112409408,0.0182407715571,0.00124743749817,0.0192465476457,0.000607698238523,0.00360215793311,-0.035253428871,0.573797066836,0.818955336283,0.00705904842105,0.0,0.818965892926,-0.57370180107,-0.0119103557557,0.0,-0.00570437043698,0.0126154899782,-0.999904150192,0.0,0.189500573087,-0.359108295784,0.304919167749,1.0,-0.00987999999999,-0.0129851428571,6.756
-0.955652793803,-0.399731297202,-0.125020430457,-2.54274166737,-0.0560920732495,2.13124903867,-1.21468366927,-0.0402797347709,0.0220932522099,0.00103326404261,0.0195270614532,0.00433507198925,0.000580294025496,-0.0381535112137,0.573798294078,0.818954373362,0.0070709947075,0.0,0.818964913689,-0.573702590174,-0.0119396430316,0.0,-0.0057214850546,0.0126420867731,-0.99990371649,0.0,0.189367131175,-0.359269793872,0.304909892895,1.0,-0.00961999999999,-0.0126434285714,6.769
-0.956331449785,-0.399314301361,-0.12498347164,-2.54238270059,-0.0560399669323,2.13129497549,-1.21538378153,-0.0404075576798,0.01949828083,0.00331680975677,0.0234745916111,-0.000231996595108,0.000189415924229,-0.0356081649639,0.573784122189,0.818964374826,0.00706263343261,0.0,0.818974758423,-0.573688357027,-0.0119482626257,0.0,-0.00573356125007,0.0126400852525,-0.999903672621,0.0,0.189185471172,-0.359514538184,0.304910247948,1.0,-0.00921999999999,-0.0121177142857,6.789
-0.956805540659,-0.399014583522,-0.124941388357,-2.54212937264,-0.0559976948841,2.13136591777,-1.21590058273,-0.0339824529998,0.0170099356144,0.00428247906876,0.0187746190429,0.00140400748533,0.00118068099792,-0.0354675892564,0.57375265346,0.818986524312,0.00705071231406,0.0,0.818996865211,-0.573657202084,-0.0119287959628,0.0,-0.00572494146891,0.0126189325725,-0.999903989184,0.0,0.189080966788,-0.359668428508,0.304909303761,1.0,-0.00895999999999,-0.011776,6.802
-0.957499872412,-0.398575441306,-0.124909327865,-2.5417672945,-0.0559399544783,2.13139756257,-1.2166463314,-0.0332201677686,0.0197953573459,0.000479870269605,0.0207262269894,0.00612514515849,2.42854405888e-05,-0.0397783541596,0.573726644875,0.819004606197,0.00706674534082,0.0,0.819014921487,-0.573630605157,-0.0119680453684,0.0,-0.00574829354999,0.0126544000318,-0.999903406975,0.0,0.188898143755,-0.359901593483,0.304899216145,1.0,-0.00853999999999,-0.011224,6.823
-0.957931987605,-0.398319707374,-0.124894970752,-2.54154142659,-0.0559077837751,2.1314263439,-1.21707455962,-0.035050197769,0.0223834298833,0.00105125715651,0.0176144780256,0.00509779829312,0.000680990145023,-0.0391116285577,0.573742320963,0.818993635423,0.00706549174563,0.0,0.819003936649,-0.573646288563,-0.0119680521599,0.0,-0.00574877611233,0.0126534871965,-0.999903415753,0.0,0.188783352226,-0.360050083325,0.30490088527,1.0,-0.00827999999999,-0.0108822857143,6.836
-0.958593244298,-0.397911977197,-0.124887972736,-2.54121352477,-0.0558507255002,2.13148224711,-1.21771945807,-0.0307283434071,0.0209300593671,-0.000417291867784,0.017125838572,0.000872869494585,6.09534279434e-05,-0.0401768675896,0.573788931807,0.818960825745,0.00708339834203,0.0,0.818971268084,-0.573692596205,-0.0119839064142,0.0,-0.00575076742789,0.0126775766654,-0.999903099167,0.0,0.18860193703,-0.360275375729,0.304889485923,1.0,-0.00785999999999,-0.0103302857143,6.857
-0.95898381539,-0.397675374187,-0.124879320269,-2.54101036312,-0.0558215977014,2.13150274461,-1.21809965286,-0.031025461721,0.0173895337589,0.00188095479672,0.0127958951029,-0.000188014503607,0.00421064411921,-0.0249204211347,0.573811983144,0.818944631339,0.00708842036837,0.0,0.818955079757,-0.573715485947,-0.0119943914157,0.0,-0.00575611674287,0.0126878676737,-0.999902937856,0.0,0.188495771052,-0.360408786246,0.304887741441,1.0,-0.00759999999999,-0.00998857142856,6.87
-0.959563471286,-0.397345069588,-0.124866643352,-2.5407024323,-0.0557718171104,2.13154779938,-1.21868642138,-0.0266398417473,0.0134399984339,0.00127053311278,0.0158934742121,0.00271170649263,0.00179317276951,-0.027321518117,0.573830865067,0.818931429789,0.00708509004355,0.0,0.818941984916,-0.573734710972,-0.0119688624461,0.0,-0.00573682599928,0.0126706243437,-0.999903267374,0.0,0.188341606385,-0.360611534043,0.304897667216,1.0,-0.00719999999999,-0.00946285714284,6.89
-0.959933478431,-0.397148946565,-0.124856115477,-2.54051999254,-0.0557440666091,2.13158350459,-1.21906544851,-0.0292315695315,0.0157059560542,0.0025631925479,0.0116164257609,0.00237314868219,0.000349995538306,-0.0313950847112,0.573835051941,0.818928562375,0.00707741421261,0.0,0.818939147488,-0.573739221814,-0.0119467554333,0.0,-0.00572305931589,0.0126516821704,-0.999903586117,0.0,0.188242332094,-0.360737882373,0.304904187072,1.0,-0.00693999999999,-0.00912114285713,6.903
-0.960458159189,-0.396849647926,-0.124835393894,-2.5402418307,-0.0556968551229,2.13161602979,-1.21962423283,-0.022550122989,0.0167613019357,-0.00159220300144,0.0128762565986,0.00532189758739,0.00012179287732,-0.028558296201,0.573823454591,0.818936693946,0.0070768051679,0.0,0.818947353096,-0.573727811612,-0.0119322227709,0.0,-0.00571168509285,0.0126427635644,-0.999903763961,0.0,0.188104831832,-0.360917930968,0.304912225032,1.0,-0.00653999999999,-0.00859542857141,6.923
-0.960775617226,-0.396655404051,-0.124822902069,-2.54005741236,-0.0556721548153,2.1316509561,-1.21995607276,-0.0260139376848,0.0147776409291,0.000393116507757,0.0131552465097,0.0041969513357,0.0075234111077,-0.0247366901489,0.573820484052,0.818938883329,0.00706430140115,0.0,0.818949516873,-0.573725206103,-0.0119089713109,0.0,-0.00569986162958,0.0126191608596,-0.999904129583,0.0,0.188024904788,-0.361034747144,0.304920339103,1.0,-0.00627999999999,-0.0082537142857,6.936
-0.961280670949,-0.39637956469,-0.124804140268,-2.53980091922,-0.0556288414852,2.13168551008,-1.22047061989,-0.0260233768484,0.0124224293133,0.000523330842396,0.0121498377561,0.00251683261892,0.00152531745424,-0.0267537274239,0.573827903937,0.818933706723,0.0070616965601,0.0,0.818944408646,-0.573732863284,-0.0118913429284,0.0,-0.00568680364382,0.0126069640242,-0.999904357787,0.0,0.187890602333,-0.36120560908,0.304928147638,1.0,-0.00585999999999,-0.0077017142857,6.957
-0.96158280174,-0.396215985893,-0.12477897146,-2.53963539064,-0.0556076553224,2.13170295494,-1.22076959343,-0.0252502229134,0.00726136140342,-0.000221975123366,0.00965786124006,-0.000340384717073,-0.000186273060759,-0.031077795417,0.573827428649,0.818934167879,0.00704682279596,0.0,0.818944774342,-0.573732676316,-0.0118751676374,0.0,-0.00568209742328,0.0125854979244,-0.99990465496,0.0,0.187815655932,-0.361309086322,0.30493885391,1.0,-0.00559999999999,-0.00735999999998,6.97
-0.962032532733,-0.395954059594,-0.124754087419,-2.53938165641,-0.0555623724972,2.13174310983,-1.2212193167,-0.0178487975458,0.0103990191695,0.00134669638412,0.0145930078164,0.00570533859458,0.00511249697393,-0.0237146885567,0.573838699226,0.818926356605,0.00703680537705,0.0,0.818937024047,-0.573744415334,-0.0118424414162,0.0,-0.00566086860467,0.0125585934241,-0.999905113647,0.0,0.187703786502,-0.361468809154,0.304951598179,1.0,-0.00517999999999,-0.00680799999998,6.991
-0.962285701293,-0.39578569636,-0.124752728808,-2.53921724864,-0.055538606532,2.13177093799,-1.22147581888,-0.0223037244158,0.0128711067486,-0.000330015905976,0.0151877936152,0.00132771877483,0.00201870093936,-0.0180005281563,0.573851923899,0.818917150125,0.00702976315228,0.0,0.818927865554,-0.573757979325,-0.0118185904663,0.0,-0.00564517240887,0.0125392312296,-0.999905445384,0.0,0.187639857603,-0.361568306018,0.304960243365,1.0,-0.00491999999999,-0.00646628571427,7.004
-0.962654838749,-0.395554614111,-0.124734933036,-2.53899445602,-0.0555061722074,2.13179115439,-1.22186659179,-0.0213315823179,0.0117924147362,0.00204735476581,0.0126632832877,0.00498981770006,0.00277785213653,-0.0187488358666,0.573843954764,0.818922788019,0.00702351374608,0.0,0.818933491799,-0.573750195498,-0.011806611584,0.0,-0.00563906946007,0.0125271845076,-0.999905630819,0.0,0.187547055745,-0.361702058276,0.304969596171,1.0,-0.00451999999999,-0.00594057142855,7.024
-0.962867146644,-0.395402061394,-0.124718620533,-2.53886015829,-0.0554851972038,2.13180377709,-1.22209714642,-0.0147157262359,0.00854267133857,-5.2276582603e-05,0.0121032237235,0.000916717755765,0.00352089838776,-0.0175133649068,0.573831354964,0.818931620213,0.00702313151535,0.0,0.818942288971,-0.573737533754,-0.0118117144618,0.0,-0.0056436609648,0.0125297127488,-0.999905573236,0.0,0.187496586409,-0.361779509707,0.304970019588,1.0,-0.00425999999999,-0.00559885714284,7.037
-0.963188041588,-0.395160742156,-0.124686401359,-2.53864864539,-0.055449910102,2.13183480515,-1.22244181401,-0.0124075007894,0.0116724337958,0.00224910208308,0.0117865046012,0.00356896629611,0.00405329241444,-0.0236639671585,0.573811619828,0.818945498202,0.00701732333925,0.0,0.818956096879,-0.573717842119,-0.0118108390956,0.0,-0.0056465786178,0.0125243175773,-0.999905624356,0.0,0.187425472737,-0.361899737766,0.304971326361,1.0,-0.00383999999999,-0.00504685714284,7.058
-0.963373629316,-0.395022945369,-0.124664343625,-2.53852177581,-0.055432764211,2.13185349304,-1.22263782265,-0.00990859681587,0.00720810691244,0.00422791234631,0.0106070131711,0.000731572031675,0.000131846865999,-0.0178793997707,0.573799065192,0.81895438105,0.00700724233482,0.0,0.818964881758,-0.573705410035,-0.011805585362,0.0,-0.00564825176247,0.0125129601482,-0.999905757099,0.0,0.187385838592,-0.361970538226,0.304974971813,1.0,-0.00357999999999,-0.00470514285712,7.071
-0.963664920334,-0.394814754776,-0.124637265254,-2.53833500509,-0.0554043661365,2.13186684366,-1.22293569049,-0.0142046321123,0.00665628374596,-1.38834045027e-05,0.0134381003889,0.00317974422171,-0.000137778828539,-0.0127453565475,0.573793263933,0.818958467373,0.00700470446096,0.0,0.81896888931,-0.57369952044,-0.0118137838999,0.0,-0.00565651167182,0.0125155456187,-0.999905678048,0.0,0.187317941817,-0.362076119733,0.304976856958,1.0,-0.00315999999999,-0.00415314285712,7.092
-0.963830777217,-0.3946982907,-0.124618936328,-2.53823229561,-0.0553875884353,2.13188455148,-1.22310171582,-0.0123309033445,0.0146707399704,0.00156421291329,0.00709796911313,0.000763634982761,0.000244251434387,-0.012805234402,0.573790797321,0.818960242018,0.00699927169168,0.0,0.818970612649,-0.573697122038,-0.0118107867304,0.0,-0.00565721165209,0.0125093594044,-0.9999057515,0.0,0.187280846069,-0.362136445804,0.304978041271,1.0,-0.00289999999999,-0.00381142857141,7.105
-0.964082923352,-0.39454014055,-0.124599618765,-2.53808412814,-0.0553642151255,2.13190424545,-1.22334809553,-0.0145090761124,0.0123119072774,0.000811085996483,0.00489872387218,7.98623123267e-05,0.000249833843727,-0.0171890650712,0.573797135684,0.8189558587,0.006992530546,0.0,0.818966196518,-0.573703610835,-0.011801812402,0.0,-0.00565363223674,0.0124987329368,-0.999905904632,0.0,0.187219771066,-0.36222627323,0.304983085805,1.0,-0.00247999999999,-0.00325942857141,7.126
-0.964211748875,-0.39446801342,-0.124593220283,-2.53803586316,-0.0553542148281,2.1319129984,-1.22346438987,-0.00859554686307,0.00283570280678,0.000178157220724,0.00217996208861,0.00252968983847,3.20715553891e-05,-0.00815540932088,0.573808970405,0.818947514189,0.00699867049306,0.0,0.818957855397,-0.573715245741,-0.0118150238628,0.0,-0.00566074944772,0.0125114237393,-0.99990570565,0.0,0.187183179042,-0.362264052976,0.304976595194,1.0,-0.00225999999999,-0.00297028571427,7.137
-0.964442419713,-0.394364886413,-0.124577274349,-2.537993664,-0.0553263369744,2.13193257125,-1.2236655496,-0.0112552150676,0.00797363446184,0.000115172191403,-0.000703396518974,0.0038813538694,0.000147544028044,-0.00734965451519,0.573835261272,0.818928868412,0.00702483479441,0.0,0.81893935794,-0.573740984858,-0.0118472448888,0.0,-0.00567172441543,0.012551522218,-0.999905140917,0.0,0.187114579891,-0.362317458365,0.304955946091,1.0,-0.00181999999999,-0.00239199999998,7.159
-0.964579684172,-0.39431696378,-0.124557280625,-2.53798868393,-0.0553116033935,2.13193862564,-1.22377642211,-0.0130833113669,0.00475114877593,0.00200477621596,0.000887547692325,0.0020483067359,0.000374518638509,-0.0082758316979,0.57384864146,0.818919345912,0.00704190930598,0.0,0.818929871642,-0.573753870073,-0.0118789228923,0.0,-0.00568766655329,0.0125837759245,-0.99990464497,0.0,0.187073635646,-0.362340445343,0.304939739667,1.0,-0.00153999999999,-0.00202399999998,7.173
-0.964750763709,-0.394280651485,-0.124536848937,-2.53798140507,-0.0552995880991,2.13193740958,-1.22389685368,-0.00941714053187,0.00216119631447,0.00207686779483,0.000548758615632,0.000359619385446,-1.56425280657e-05,-0.00150681595623,0.57388041154,0.818896970543,0.00705491233377,0.0,0.818907514131,-0.573785235512,-0.0119051967748,0.0,-0.00570123480409,0.0126097227225,-0.999904240822,0.0,0.187020025532,-0.362369525095,0.304928655451,1.0,-0.00111999999999,-0.00147199999998,7.194
-0.964826697421,-0.394261022064,-0.124531746295,-2.53797754199,-0.055288244231,2.13194015783,-1.22392702942,-0.00428265945419,0.000305089372259,-0.00035894297804,-0.00172543750868,1.3493759896e-05,9.92791667285e-06,-0.00365523837194,0.573919238515,0.818869664254,0.00706594150048,0.0,0.818880300691,-0.573823887621,-0.0119141108057,0.0,-0.00570160766746,0.0126241407556,-0.999904056768,0.0,0.18699600446,-0.36238342194,0.304922801518,1.0,-0.000879999999985,-0.00115657142855,7.206
-0.964891671245,-0.394246121616,-0.124521097752,-2.53795745287,-0.0552795874863,2.13194127104,-1.22398861929,9.68359535146e-05,0.00115417300622,0.0013201370673,0.00101658432823,0.000562907401428,-6.22081298728e-05,-0.00275885432256,0.573918567266,0.818870142475,0.00706504150828,0.0,0.818880807539,-0.573823310226,-0.0119070813867,0.0,-0.00569637759937,0.0126193649473,-0.999904146861,0.0,0.186979736743,-0.362399521819,0.304926159309,1.0,-0.000479999999985,-0.000630857142838,7.226
-0.964904888492,-0.394240821696,-0.124516237943,-2.53795955364,-0.0552737370949,2.13193945955,-1.22402853636,-0.00081776405495,0.00266754624531,0.000306846713184,-0.00176938190471,1.66417256061e-05,-7.12427359518e-05,-0.00855049299811,0.573895966863,0.818885943749,0.00706945894603,0.0,0.818896689654,-0.573800745819,-0.0119022128808,0.0,-0.00569020356589,0.0126200314723,-0.999904173603,0.0,0.186978949259,-0.362400553942,0.304927041093,1.0,-0.000219999999985,-0.000289142857123,7.239
-0.964894965792,-0.3942492524,-0.12448719526,-2.53794500873,-0.05526242429,2.1319403,-1.22404895471,0.00229959336299,-0.000593176425503,0.000362923637555,0.000863152682323,0.000415073200625,-0.000223050155792,-0.00194567693169,0.573854287923,0.818915230814,0.00706030262482,0.0,0.818925914981,-0.573759248351,-0.0118919134865,0.0,-0.00568766465561,0.0126063330439,-0.999904360846,0.0,0.186993312793,-0.362397247635,0.304933651062,1.0,0.0,0.0,7.259
-0.964897750844,-0.394246197447,-0.124472555983,-2.53795018812,-0.0552582426939,2.13194585308,-1.22404972603,0.000406300752698,0.00122567843205,0.0018976393864,-0.00103381541871,0.00338782291009,-2.35805809886e-05,-0.00101529273846,0.573846555315,0.818920658439,0.00705925187446,0.0,0.818931311912,-0.573751484951,-0.0118948218578,0.0,-0.00569076866709,0.0126070876733,-0.99990433367,0.0,0.186997324332,-0.362394349101,0.304930846387,1.0,0.0,0.0,7.268
-0.96489712729,-0.39424143055,-0.124447325521,-2.53793602734,-0.0552507465552,2.13195318334,-1.22405403629,-0.000610768316458,0.00185619705696,0.000393966113062,0.00325509587011,0.000579437529861,0.000299911035864,-0.00074573401522,0.573827301066,0.818934246642,0.00704805853687,0.0,0.818944837199,-0.573732472067,-0.011880699543,0.0,-0.00568592115379,0.012589683295,-0.999904580535,0.0,0.187009393551,-0.362395308376,0.304936448722,1.0,0.0,0.0,7.293
-0.964897749862,-0.394242932382,-0.124441037184,-2.53793817583,-0.0552463645706,2.13195710291,-1.22405255078,-0.000725547230599,0.000521947347491,-0.000125890326007,0.000277179066241,3.38139495441e-05,-0.000249498990071,0.00110336511625,0.573826123352,0.818935073313,0.00704789038574,0.0,0.81894568296,-0.573731342559,-0.0118769452384,0.0,-0.00568296082094,0.0125873831949,-0.999904626322,0.0,0.187011836693,-0.36239415794,0.304936547385,1.0,0.0,0.0,7.305
-0.964897749863,-0.39424289374,-0.12443511177,-2.53793221645,-0.0552384744492,2.13196307821,-1.2240575348,0.00174856713368,-0.00214324186593,0.000754249019605,0.000148448375789,5.37909002625e-05,0.0028112558481,0.000309510642249,0.573815362504,0.818942674017,0.00704083303788,0.0,0.818953315335,-0.573720891287,-0.0118555094638,0.0,-0.00566961877395,0.0125692290163,-0.999904930433,0.0,0.187018029692,-0.362395136339,0.304942220109,1.0,0.0,0.0,7.328
-0.964894965803,-0.394245398413,-0.124434191823,-2.53793190759,-0.0552383379174,2.1319665553,-1.22406325299,0.000154460375664,0.000362559882157,0.000385684502788,-0.000522999111394,-0.000294633094611,-0.000650165398917,-0.00118286506212,0.573813642518,0.818943852322,0.00704395522448,0.0,0.818954515906,-0.573719116354,-0.0118584699315,0.0,-0.00567027845178,0.0125734728453,-0.999904873337,0.0,0.187017942462,-0.362395770613,0.30494131944,1.0,0.0,0.0,7.34
-0.964895204222,-0.39425032824,-0.124434542258,-2.53792860407,-0.0552404306121,2.13196749321,-1.2240580189,0.000348183441638,-0.000140106896036,-0.000757706742044,-0.00129173242844,0.000230098241811,0.000285776744636,0.000911262648555,0.573817563277,0.818941149176,0.00703883243949,0.0,0.81895179237,-0.57372316277,-0.0118507880392,0.0,-0.00566686587078,0.0125648966713,-0.999905000489,0.0,0.187018165399,-0.362397353263,0.304944877169,1.0,0.0,0.0,7.361
-0.964897111571,-0.394250688128,-0.124432106588,-2.53792580632,-0.0552400713645,2.13196586577,-1.22406272588,0.000296139366627,-0.00171770055516,-0.00122076015071,0.00108405375258,0.000270429539244,-0.000196829167134,-0.00159997192134,0.573813694814,0.818943870423,0.00703758782418,0.0,0.8189545043,-0.573719316314,-0.0118495939288,0.0,-0.00566666134081,0.0125631654022,-0.999905023402,0.0,0.187018553195,-0.362397885647,0.304946196924,1.0,0.0,0.0,7.374
-0.964900956364,-0.394245398413,-0.124432027839,-2.53793924703,-0.0552368775407,2.13196667957,-1.2240592048,0.000850176163181,-0.000868722219857,0.00105170635202,-0.0020650497442,3.81988308884e-05,0.000224003200942,0.00123039663572,0.573820612627,0.818938938031,0.00704749617501,0.0,0.81894961165,-0.573725988182,-0.0118646940251,0.0,-0.00567323744519,0.0125799924536,-0.999904774549,0.0,0.187015579686,-0.362394109433,0.304938059786,1.0,0.0,0.0,7.395
-0.964900931885,-0.394246067668,-0.124434533505,-2.53792570085,-0.0552335602847,2.13196656184,-1.22406663539,0.000661352452705,5.85588076173e-05,0.000190324953749,0.00187755272209,9.64271285031e-05,0.000507068682189,-0.00112367912465,0.573818337969,0.818940555782,0.00704471482642,0.0,0.818951274418,-0.573723907304,-0.0118505366242,0.0,-0.00566327276884,0.012569575418,-0.999904962042,0.0,0.187017134541,-0.362398633739,0.304944387353,1.0,0.0,0.0,7.407
-0.964898211418,-0.394247922468,-0.124437317565,-2.53793349515,-0.0552329621309,2.13196737564,-1.22406430023,-0.000486527150176,-0.000953839211587,0.00548921546966,-0.0020031011503,0.000172561920555,0.000132142705023,-0.000851789237765,0.573820096769,0.818939289353,0.00704867359413,0.0,0.818950035864,-0.573725594645,-0.0118544383276,0.0,-0.00566416990325,0.01257506855,-0.999904887892,0.0,0.187016254176,-0.362396247631,0.304941630794,1.0,0.0,0.0,7.427
-0.964900968839,-0.394244696081,-0.124437317601,-2.5379309861,-0.055235805005,2.13196667957,-1.2240612488,-8.23024845536e-06,0.00598442681003,-0.00103699518927,-0.000502786297622,0.000177070372637,0.00281120372061,0.00121812678568,0.573823706835,0.818936776303,0.00704675768926,0.0,0.818947485234,-0.573729184755,-0.011856892095,0.0,-0.00566722355665,0.0125749323686,-0.999904872302,0.0,0.187015174207,-0.362397549769,0.304941399336,1.0,0.0,0.0,7.441
-0.964900968514,-0.394244696398,-0.1244272721,-2.53793029734,-0.0552306683769,2.13196901925,-1.22406607252,-0.000584425502117,-0.0061429587759,-1.16348985242e-05,0.00115252232551,4.95673574868e-05,-0.000205154466343,1.63445504995e-05,0.573817516964,0.818941151108,0.00704238237968,0.0,0.818951869825,-0.573723164952,-0.0118453285704,0.0,-0.00566035808646,0.0125646711546,-0.999905040184,0.0,0.187019329144,-0.362397946741,0.304946455624,1.0,0.0,0.0,7.462
-0.964896041576,-0.39425319378,-0.124429653396,-2.53793349176,-0.0552326897184,2.13196749338,-1.22406924419,-0.00244544032987,0.000473619374514,-0.000531270014837,0.000656117693119,0.000166407357301,-0.000339914556367,0.00160686163266,0.573819562139,0.818939680793,0.00704671773163,0.0,0.81895040983,-0.573725087029,-0.011853170604,0.0,-0.00566426206154,0.0125727356043,-0.999904916707,0.0,0.187018177567,-0.362396992947,0.304942931141,1.0,0.0,0.0,7.475
-0.964900968514,-0.39424516148,-0.124434931668,-2.53792753658,-0.0552312489086,2.1319685661,-1.22406672375,0.000893358903166,0.000349094540508,-0.00192394084962,0.000310987257764,2.07035783337e-05,-0.00017442660216,0.00155849140885,0.573819546406,0.818939690187,0.00704690713482,0.0,0.81895043768,-0.573725105914,-0.0118503320071,0.0,-0.00566182868795,0.0125712618552,-0.999904949018,0.0,0.187017182041,-0.362398315475,0.304943354859,1.0,0.0,0.0,7.495
-0.964903474168,-0.394249750792,-0.12443133077,-2.53792568788,-0.0552280477196,2.13196749338,-1.22407537492,-0.000933037656006,-0.00184938198707,-0.000812000874139,0.000619266369241,-9.72454762366e-05,-0.000206385142149,-0.00239042539244,0.573811401826,0.818945390124,0.00704769687516,0.0,0.818956131347,-0.573716922875,-0.0118530265111,0.0,-0.0056637074996,0.0125733984029,-0.999904911514,0.0,0.187018130079,-0.362397001942,0.30494281185,1.0,0.0,0.0,7.508
-0.964901985418,-0.394244687736,-0.124431329792,-2.53792285899,-0.0552306551949,2.13196667957,-1.22407302262,-0.000315847141278,0.000231244294753,-0.000392298357023,0.00204052143663,0.000370116475279,-0.000872629063135,-0.00158142318258,0.573812940152,0.818944335551,0.00704499001406,0.0,0.818955068331,-0.573718532957,-0.0118485398695,0.0,-0.00566156227772,0.0125686177622,-0.999904983766,0.0,0.187018534152,-0.362399006526,0.304945187956,1.0,0.0,0.0,7.528
-0.964903708172,-0.394235497995,-0.124428825078,-2.5379279901,-0.0552273010722,2.13196830723,-1.22406672876,-0.00121106665831,0.0022914722178,2.25398929578e-05,-0.00103167830609,0.000457978707375,0.00027492592479,0.000692733222469,0.573818943139,0.818940074478,0.00705136932292,0.0,0.81895082641,-0.573724362779,-0.011859442576,0.0,-0.00566673951721,0.0125801397462,-0.999904809543,0.0,0.187018379784,-0.362397137372,0.304939344382,1.0,0.0,0.0,7.541
-0.964904117882,-0.394247480355,-0.124428824102,-2.53792867884,-0.055227060089,2.13196749404,-1.22406520288,0.000364494054615,0.000403428740448,-0.00116931023143,-0.000631582100293,0.00034252942218,5.52767369351e-05,0.0025313311486,0.573820562871,0.818938968216,0.00704803975505,0.0,0.8189497349,-0.573726126714,-0.0118494782236,0.0,-0.00566046390225,0.0125717065973,-0.999904951154,0.0,0.187018263997,-0.362397104778,0.304943809827,1.0,0.0,0.0,7.562
-0.964906633214,-0.394247165567,-0.124434113815,-2.53792880548,-0.0552309991483,2.13196773923,-1.22406992254,-0.000176462112319,-1.19529439723e-05,-0.00185591094615,-0.00120325964792,-0.000104013221481,-0.000459253394394,0.000769934585873,0.573821007777,0.818938664824,0.00704706970551,0.0,0.818949414548,-0.573726566424,-0.0118503287555,0.0,-0.00566171030874,0.0125714032371,-0.999904947911,0.0,0.187015182998,-0.362398710744,0.304943538518,1.0,0.0,0.0,7.574
-0.964911922595,-0.394245130477,-0.124431329417,-2.53792291162,-0.0552260367065,2.13196902071,-1.22406911066,-0.00282057101298,-0.000450730250383,-0.000283648444184,0.00108758870167,0.000343207010015,0.00167561396374,-0.000272623032063,0.573826305131,0.818934950762,0.00704733010332,0.0,0.818945737718,-0.573731936446,-0.0118444365414,0.0,-0.00565665361697,0.0125682721855,-0.999905015891,0.0,0.187015704673,-0.362400986208,0.304945543302,1.0,0.0,0.0,7.595
-0.96490941727,-0.394247939475,-0.124431965428,-2.53792788666,-0.0552320252103,2.13196832028,-1.22407249591,-0.00197138576169,-0.00030800595274,-0.00314483404166,-0.00113525922244,1.35895457782e-05,0.000212415418258,0.000580678013688,0.573819137327,0.818939996527,0.00704461679794,0.0,0.818950723343,-0.573724727914,-0.0118488910056,0.0,-0.0056619689138,0.0125685564211,-0.999904982235,0.0,0.187014965235,-0.362399359206,0.304944359119,1.0,0.0,0.0,7.608
-0.964901109176,-0.394248179476,-0.124428116741,-2.537922596,-0.055227679921,2.13197107511,-1.22407421158,0.0016028824779,-0.000298850528991,0.00111022132055,-0.000184983315943,0.000114275112926,-0.000603029203622,-0.000842693733951,0.573810120989,0.818946328723,0.00704291292571,0.0,0.818957081077,-0.573715827653,-0.0118404119627,0.0,-0.00565614018735,0.0125622334947,-0.99990509468,0.0,0.187020793961,-0.362399084701,0.304947158363,1.0,0.0,0.0,7.63
-0.96490412756,-0.394247451466,-0.124429198876,-2.53792788666,-0.0552276930196,2.13197174943,-1.22407782198,0.000509187526927,-0.000444029971757,-0.00076846898503,-0.00084127608833,-6.30015671046e-05,-0.000331693236026,-0.001260134286,0.573810258473,0.818946208518,0.00704568855756,0.0,0.818956969614,-0.573715891357,-0.0118450337981,0.0,-0.00565833096812,0.012567159612,-0.999905020384,0.0,0.187018629739,-0.362398244359,0.304944510333,1.0,0.0,0.0,7.642
-0.964901343463,-0.394242629397,-0.124426318444,-2.5379251316,-0.0552273243969,2.1319694922,-1.2240687874,0.00102566190144,0.000504871407539,0.00215302095672,-0.00068460862667,-0.000251261859635,5.55175404367e-05,0.00178481004658,0.573813491274,0.818943938901,0.00704620969293,0.0,0.81895468186,-0.5737190656,-0.0118494610743,0.0,-0.00566160848849,0.0125701490605,-0.999904964255,0.0,0.187020708339,-0.362397575888,0.304943670638,1.0,0.0,0.0,7.662
-0.96490134029,-0.39424076068,-0.12443125051,-2.53792530448,-0.05522661232,2.13197342811,-1.22407274687,0.000800868603473,8.67858112429e-05,-0.000301186390885,-0.000272114027498,-2.45917748275e-06,0.000130036981058,-0.000473060371147,0.573814269611,0.818943381329,0.00704762867004,0.0,0.818954156896,-0.57371986852,-0.0118468674854,0.0,-0.00565865806943,0.0125698284171,-0.999904984987,0.0,0.187019542917,-0.362398974245,0.304943072209,1.0,0.0,0.0,7.675
-0.964904049523,-0.394240436202,-0.124434034894,-2.537922596,-0.0552304813797,2.13197195922,-1.22407891955,0.000367495609934,0.0015215535477,-0.00122230309767,0.00062765836725,-0.000276116098348,0.000164017718437,-0.00138954208959,0.573811930851,0.81894504026,0.00704527842638,0.0,0.818955784979,-0.573717540727,-0.0118470508065,0.0,-0.00566019266344,0.012567992595,-0.999904999378,0.0,0.187017450867,-0.362400786997,0.304943982051,1.0,0.0,0.0,7.696
-0.964906273327,-0.394244668974,-0.124430619491,-2.5379223866,-0.0552265728434,2.13197032309,-1.2240698513,-0.003242709675,-0.000879019535112,-0.0012696944006,0.000167382674461,-5.55233417179e-06,0.000588533263751,0.000166667016793,0.573820318475,0.818939156623,0.00704604542367,0.0,0.818949932027,-0.573725968715,-0.0118435026817,0.0,-0.00565671777068,0.0125666428483,-0.999905036007,0.0,0.187018128794,-0.362400242949,0.304945718861,1.0,0.0,0.0,7.709
-0.964906633214,-0.394247398284,-0.124431329755,-2.53792514859,-0.0552265728414,2.13197185747,-1.22407629565,0.000514611533076,-0.000346509191953,0.00044544050966,-0.000741836887719,-3.18464287124e-05,0.000140658486244,-0.000128871979465,0.573815757756,0.818942352402,0.00704602683116,0.0,0.818953136255,-0.5737214285,-0.0118418747759,0.0,-0.00565546509226,0.0125656620472,-0.999905055419,0.0,0.187017567105,-0.362399889364,0.304945691563,1.0,0.0,0.0,7.729
-0.964906633214,-0.394244609698,-0.124431250834,-2.53792937097,-0.0552272849182,2.13196953887,-1.22407570741,-0.000464650497359,0.000126183874055,-0.000209478164234,-0.00230629407307,-0.00013796782229,0.00015653528279,-0.00145946207724,0.573815732491,0.818942341885,0.00704930593411,0.0,0.81895311747,-0.573721274752,-0.0118506195666,0.0,-0.00566074634097,0.0125733650941,-0.999904928701,0.0,0.187016604161,-0.362398081718,0.304942461305,1.0,0.0,0.0,7.742
-0.96490412756,-0.394241918119,-0.12443027711,-2.53792785975,-0.0552265728414,2.13197318276,-1.22407324372,3.4598442324e-05,0.00129512876222,-0.000527219848796,-0.000589752457092,-1.43977205339e-05,0.000759487565134,6.74413173728e-05,0.57381533353,0.818942631206,0.00704817003865,0.0,0.818953405069,-0.573720910214,-0.0118483927384,0.0,-0.00565958035931,0.0125711543173,-0.999904963099,0.0,0.18701847242,-0.362398494841,0.3049423852,1.0,0.0,0.0,7.763
-0.96490412756,-0.394242551718,-0.124431010823,-2.53792509339,-0.0552265728414,2.13197331035,-1.22407161634,-7.74475981491e-05,0.000173728326529,0.000176998575683,-0.00106664014813,4.60428915896e-05,0.000401128314823,0.00172730663337,0.573817315389,0.818941253544,0.00704689331358,0.0,0.818952030041,-0.573722940316,-0.0118451318414,0.0,-0.00565761169318,0.0125682513161,-0.999905010733,0.0,0.187018662561,-0.362399540254,0.304943886654,1.0,0.0,0.0,7.776
-0.964904127559,-0.394242160752,-0.12442596379,-2.53792482418,-0.0552265728414,2.13197154494,-1.22407896815,-0.000579349921559,0.00147824397892,0.000680227189834,-0.000608203133203,-0.000238656798195,-2.7566133472e-05,-0.000979414245245,0.573807505069,0.818948135696,0.00704592560595,0.0,0.818958885629,-0.573713105872,-0.0118474765936,0.0,-0.00566023798303,0.0125687363551,-0.999904989773,0.0,0.187020154063,-0.362398452786,0.304943801949,1.0,0.0,0.0,7.796
-0.9649013435,-0.394242329935,-0.124428715842,-2.53791952396,-0.0552258607105,2.13196800508,-1.22407791735,0.000671978717843,-0.00101609925525,-0.00045424401419,0.0010379250141,5.60875253478e-05,-0.000464488137037,-0.000739983191721,0.573808028562,0.818947781494,0.00704446205107,0.0,0.818958543822,-0.573713705895,-0.0118420466897,0.0,-0.005656622343,0.0125644257526,-0.999905064408,0.0,0.187020502859,-0.36239953479,0.304945898028,1.0,0.0,0.0,7.81
-0.964904127559,-0.39424712951,-0.124428021751,-2.53792478727,-0.0552265728414,2.13197200281,-1.22407476984,0.00047429207686,-0.00130284153177,-0.000111466795269,-0.000427455474672,-0.000217660610374,-7.94639802864e-05,-0.00334014960406,0.573812475079,0.818944664038,0.00704468517304,0.0,0.818955429242,-0.573718150233,-0.0118421243354,0.0,-0.00565648969383,0.0125646837539,-0.999905061917,0.0,0.187019616675,-0.362399005959,0.304945825311,1.0,0.0,0.0,7.83
-0.964909417274,-0.394247373554,-0.124428855479,-2.5379215638,-0.0552265728414,2.13197237477,-1.22407324395,-0.00157481493811,-0.000363309599479,-0.000470637365568,0.00202256456874,-0.000289206265995,0.000136658541657,0.00101854191876,0.573818798511,0.81894024551,0.00704327060142,0.0,0.818951013681,-0.573724526203,-0.0118385862944,0.0,-0.00565430654063,0.0125615388107,-0.999905113778,0.0,0.187017943742,-0.362401239437,0.304947394431,1.0,0.0,0.0,7.844
-0.964904162881,-0.394243019699,-0.124427846359,-2.53792228157,-0.0552265728407,2.13197224866,-1.2240802496,0.000643687736162,0.000337272906888,0.000547494232328,8.71712989326e-05,-0.000196288488338,-0.000427682322468,0.0012101269927,0.573807989502,0.818947805305,0.00704487547631,0.0,0.818958564551,-0.573713646124,-0.0118435087908,0.0,-0.00565758326135,0.0125656030022,-0.999905044178,0.0,0.187019988587,-0.362399735491,0.304945319295,1.0,0.0,0.0,7.864
-0.964904127706,-0.394244583364,-0.124428847034,-2.53792228157,-0.0552252372697,2.13197190853,-1.22407792767,0.000148669209906,9.93544071105e-05,-0.00013504060897,0.000104822360296,0.000226561572016,-0.000249975902568,-0.00257061646324,0.573811199086,0.818945548271,0.0070458265021,0.0,0.818956329743,-0.573716872371,-0.0118417579684,0.0,-0.00565555431483,0.0125653994742,-0.999905058214,0.0,0.187019816665,-0.3623997819,0.304945902687,1.0,0.0,0.0,7.877
-0.964907351417,-0.394245102392,-0.124427762903,-2.53792478722,-0.055222666931,2.13197295619,-1.22407395602,-0.000659603266042,-0.000515190252443,0.000684057907618,6.43515589883e-05,1.10499493874e-05,0.000344037554224,9.68111963329e-05,0.573817311672,0.81894124793,0.00704784832808,0.0,0.818952055201,-0.573722972911,-0.011841813094,0.0,-0.00565434556122,0.0125671291841,-0.999905043312,0.0,0.187019045402,-0.362399438807,0.304945092638,1.0,0.0,0.0,7.897
-0.964904127561,-0.394239993756,-0.124429083484,-2.53792228157,-0.0552265728394,2.13197307555,-1.22407278351,0.000766235867542,0.00124039514368,0.000276879622849,-0.000105290960591,-9.06829856557e-05,0.000119015725162,0.00131975397505,0.573815017794,0.818942871712,0.00704592976498,0.0,0.818953633827,-0.573720643686,-0.0118454865385,0.0,-0.00565849034603,0.0125676498198,-0.999905013321,0.0,0.187019637057,-0.362400016923,0.304944140962,1.0,0.0,0.0,7.91
-0.964904869308,-0.394244375571,-0.12442563175,-2.53791949751,-0.0552265596981,2.13197378761,-1.22407501711,1.75131057551e-05,0.000912995159765,0.000387964252121,0.00155123003538,-0.000191879704737,-2.21698028402e-05,5.18760990976e-05,0.573811279721,0.818945527728,0.00704164614209,0.0,0.818956274042,-0.573717015196,-0.011838690123,0.0,-0.00565543900838,0.0125602160404,-0.999905123991,0.0,0.187021047232,-0.362400702553,0.304947300586,1.0,0.0,0.0,7.931
-0.964904393451,-0.394245307555,-0.1244256317,-2.53792228156,-0.055225236783,2.13197378763,-1.22407877636,-0.00301700251214,0.00043384754754,7.5349464267e-06,-0.00112418307528,0.000247771021992,-5.4616377155e-05,-0.00054513439819,0.573808290438,0.818947605167,0.0070436294767,0.0,0.818958369777,-0.573714000721,-0.0118397994268,0.0,-0.00565525542076,0.012562456248,-0.999905096886,0.0,0.187020977056,-0.36239965775,0.304946420505,1.0,0.0,0.0,7.944
-0.964904154052,-0.394250116064,-0.124423122149,-2.53792228153,-0.0552265728394,2.13197390536,-1.22408183282,0.000180931214992,-0.00195990563628,0.00710468166443,-0.000332392639107,-0.00018615498692,-4.43761148981e-05,-0.000908667947032,0.573803091647,0.818951278705,0.00704003025838,0.0,0.818962019163,-0.573708870313,-0.0118359703629,0.0,-0.00565426411904,0.0125572755487,-0.999905167567,0.0,0.18702181834,-0.362399414858,0.304948425612,1.0,0.0,0.0,7.964
-0.964901608422,-0.3942445884,-0.124428133565,-2.53792386887,-0.055225249758,2.13197378763,-1.22407162943,0.000893495197686,0.000110255121496,-0.000555039556839,-0.000358938277372,0.000166620966167,-0.000993938476018,0.00121156984353,0.573813689297,0.818943807102,0.00704540174345,0.0,0.818954584358,-0.573719366873,-0.0118416103563,0.0,-0.00565563892839,0.0125649840971,-0.999905062955,0.0,0.187020925697,-0.362399029902,0.304945362291,1.0,0.0,0.0,7.978
-0.964906668537,-0.394248235382,-0.124425629102,-2.53792228157,-0.0552258607646,2.13197414084,-1.2240818412,-0.000609501737439,-0.00112942352186,0.000644614212231,-0.000204545013104,0.000137157213876,9.55368450814e-05,-0.00252658607482,0.573807354425,0.818948274785,0.00704202636424,0.0,0.818959035352,-0.573713109754,-0.0118369342298,0.0,-0.00565384287586,0.0125594928423,-0.999905142101,0.0,0.18702016629,-0.362400255936,0.304947634515,1.0,0.0,0.0,7.999
-0.964910145284,-0.394245725581,-0.12442586554,-2.53792227905,-0.0552241332167,2.13197307991,-1.22407873713,-0.00111858244324,1.01240533001e-06,0.000274860405714,-0.000370768421645,0.000234545093352,-0.000143838083969,-0.000661267653261,0.573813695164,0.818943808971,0.0070447067044,0.0,0.818954588738,-0.573719401652,-0.0118396222137,0.0,-0.00565440926212,0.0125632741356,-0.999905091396,0.0,0.187018874681,-0.362400580808,0.304946525924,1.0,0.0,0.0,8.011
-0.964909601619,-0.394247216174,-0.124428133456,-2.53792225322,-0.0552258593041,2.13197342876,-1.22407644097,-0.000163695738654,0.000148314243545,1.19785492943e-05,-0.000147569605967,3.48672029871e-05,-1.69754159755e-06,0.00148534487886,0.573816074489,0.818942152136,0.00704350858948,0.0,0.81895292509,-0.573721805479,-0.0118382137995,0.0,-0.00565390667677,0.0125615011815,-0.999905116512,0.0,0.187018200686,-0.362401076297,0.304947123894,1.0,0.0,0.0,8.032
-0.964914317052,-0.394234452667,-0.124430944148,-2.53792228157,-0.0552258602778,2.13197226029,-1.22407371511,-0.00257952131423,0.00272866838515,-0.00199609915664,0.000482798523673,0.000208753574788,-0.00176173906694,0.000933610722309,0.573824340026,0.818936309731,0.00704941838754,0.0,0.818947086054,-0.573729878056,-0.0118509142864,0.0,-0.00566079104856,0.0125736857984,-0.999904924415,0.0,0.187015245114,-0.36240190838,0.304941793271,1.0,0.0,0.0,8.045
-0.964903843793,-0.394247529508,-0.12443092661,-2.53792272081,-0.0552258602217,2.131971448,-1.22407593684,0.00147797202836,-0.000906649718916,-0.00126165669996,-0.000532856473845,0.000173882182264,-0.000607466774939,-0.000160369592119,0.573813244051,0.818944128838,0.00704426682977,0.0,0.818954868845,-0.573718877102,-0.0118456638866,0.0,-0.00565961700167,0.0125663773821,-0.999905022937,0.0,0.187017453508,-0.362400505333,0.304944298405,1.0,0.0,0.0,8.066
-0.96490960447,-0.39424247337,-0.124428133456,-2.53792010473,-0.0552249954863,2.13197859414,-1.22407630927,-0.0010193175634,0.000105951502392,-0.000581972190723,0.00100209598452,-0.000228612669992,0.000718977229426,-7.85491480435e-05,0.573816648276,0.818941757537,0.00704264331843,0.0,0.818952533528,-0.573722414914,-0.0118357658609,0.0,-0.00565238938994,0.0125593918917,-0.999905151587,0.0,0.187019080707,-0.362402546719,0.304946615882,1.0,0.0,0.0,8.078
-0.964907068056,-0.394242268268,-0.124423122149,-2.53792135377,-0.0552240905972,2.13197378763,-1.22407875623,0.000109062205074,-8.63536340414e-05,0.00145560907379,-0.000430922287167,-0.0005902765928,0.000169191941246,-0.00114924891152,0.573809155186,0.818946994099,0.00704423036176,0.0,0.818957755326,-0.573714837576,-0.0118417497987,0.0,-0.00565649482972,0.0125640734303,-0.999905069557,0.0,0.187021043245,-0.362399891909,0.304945661351,1.0,0.0,0.0,8.1
-0.964909108979,-0.394245023747,-0.124422468955,-2.53791423637,-0.0552255058902,2.13197380071,-1.22407233022,-0.000410852058194,-0.000188378641771,-0.00132982620148,0.00210926293028,7.40501087792e-05,-0.000134653536137,0.00157437080231,0.573815216968,0.818942794569,0.00703867184369,0.0,0.81895353363,-0.573721035157,-0.0118334472696,0.0,-0.00565279111378,0.0125547990097,-0.999905206994,0.0,0.187021444131,-0.362402600666,0.304950003784,1.0,0.0,0.0,8.112
-0.964906978631,-0.39424823405,-0.124425627802,-2.53792200254,-0.0552251528269,2.13197460288,-1.22407563597,-0.00114532102271,-0.00160433352204,0.000303197518454,-0.00093212904104,-0.000122400054077,0.00037237979403,-0.000430865766956,0.573813009687,0.818944311094,0.00704216887799,0.0,0.818955079041,-0.573718775258,-0.0118360605869,0.0,-0.00565295881656,0.0125591473208,-0.999905151439,0.0,0.187020224455,-0.362400441519,0.304947799451,1.0,0.0,0.0,8.133
-0.964908817585,-0.394245725449,-0.124425626828,-2.53792156445,-0.0552244200278,2.13197307555,-1.2240788978,-0.000882542362606,0.00010000695686,-0.00101502349284,0.000477592584908,0.000424208062601,-0.000366724961873,0.000753617883995,0.573812195598,0.818944865033,0.00704408406874,0.0,0.818955639632,-0.57371791187,-0.0118391222436,0.0,-0.00565438002927,0.0125624669691,-0.999905101702,0.0,0.187019505245,-0.362400539345,0.30494685297,1.0,0.0,0.0,8.146
-0.964906960967,-0.39424525743,-0.124425601458,-2.53791857033,-0.0552253874262,2.13197471917,-1.22407910528,-0.000630293077694,-0.000843154662074,-0.000555487118539,0.000854138047609,-2.79936784088e-05,-0.00188992624732,-0.00123118869294,0.573810165157,0.818946310311,0.00704145521175,0.0,0.818957070715,-0.573715938605,-0.0118357516787,0.0,-0.00565315892187,0.0125583659467,-0.999905160122,0.0,0.187020680615,-0.362401500103,0.304948156001,1.0,0.0,0.0,8.166
-0.964909604493,-0.394249319478,-0.124428054427,-2.53791987953,-0.0552240538281,2.13197378764,-1.22407258858,-0.000682814395365,0.00252070901621,-0.000411282290762,0.000851188012354,4.10494670357e-05,2.32212524177e-05,0.000805733305483,0.573820042387,0.818939377519,0.00704285488029,0.0,0.818950171081,-0.573725840149,-0.0118331962644,0.0,-0.0056501113317,0.0125581141737,-0.99990518051,0.0,0.187018850367,-0.362401819597,0.304949078829,1.0,0.0,0.0,8.18
-0.964904922301,-0.394247132348,-0.124425627839,-2.53792238894,-0.0552239662664,2.13197307555,-1.22408416038,0.000572738666741,-0.00661909867506,0.000290126655448,-0.000534850851182,-0.000341566632781,-1.40567676126e-05,-0.000437456534707,0.573804861131,0.81895000153,0.00704437630092,0.0,0.818960783388,-0.573710585499,-0.0118383385785,0.0,-0.00565368299578,0.0125622060193,-0.999905108922,0.0,0.187020869836,-0.362399549987,0.304947049661,1.0,0.0,0.0,8.2
-0.964904476316,-0.394239733714,-0.124428027146,-2.53792171427,-0.0552257422387,2.13197307555,-1.22407999421,0.000918657077831,0.00142935683182,0.000338877412923,-0.000872459110112,0.000183877698103,-9.00057790219e-05,0.000447918409369,0.573808988706,0.818947094662,0.00704610000269,0.0,0.818957860866,-0.573714619429,-0.0118450192006,0.0,-0.00565810241508,0.0125674794373,-0.999905017658,0.0,0.18702002837,-0.362400027476,0.304944313488,1.0,0.0,0.0,8.213
-0.964903837623,-0.394247607081,-0.12442600259,-2.53791921992,-0.0552240654023,2.13197273416,-1.22407672555,0.000453713584563,-0.000997926386521,-0.00389608045231,4.3252875488e-05,5.05750516897e-05,-0.00051802429863,0.00108865229065,0.573810412661,0.818946124481,0.00704289866574,0.0,0.818956904937,-0.573716182164,-0.0118354163925,0.0,-0.00565205227191,0.0125593574638,-0.999905153925,0.0,0.187021565854,-0.362400378312,0.304948636043,1.0,0.0,0.0,8.235
-0.964909772388,-0.394242212876,-0.124425627791,-2.53792148651,-0.0552267527983,2.13197414084,-1.22408568753,-0.00099414919061,0.0026028122434,0.000778113347018,0.000538680563952,-0.00038379686537,0.0122129129711,-0.00158150087453,0.573806405252,0.818948930423,0.00704312084299,0.0,0.818959675042,-0.573712088662,-0.0118421652946,0.0,-0.00565751395703,0.012563384139,-0.999905072452,0.0,0.187018960645,-0.362401010018,0.304945557919,1.0,0.0,0.0,8.246
-0.964904481697,-0.394245023099,-0.12442539104,-2.53792422188,-0.0552234671616,2.13197460579,-1.22407941851,0.00110285273866,-0.000227651947816,0.00376739961659,-0.00113095385546,0.000584774532509,0.00400617329258,0.000540338738646,0.573808364174,0.818947537224,0.00704552194915,0.0,0.818958321927,-0.573714055551,-0.0118404523594,0.0,-0.00565470319896,0.0125643813352,-0.999905075821,0.0,0.187021022046,-0.362399041299,0.304945504085,1.0,0.0,0.0,8.25
