position_joint1,position_joint2,position_joint3,position_joint4,position_joint5,position_joint6,position_joint7,velocity_joint1,velocity_joint2,velocity_joint3,velocity_joint4,velocity_joint5,velocity_joint6,velocity_joint7,ee_T_00,ee_T_10,ee_T_20,ee_T_30,ee_T_01,ee_T_11,ee_T_21,ee_T_31,ee_T_02,ee_T_12,ee_T_22,ee_T_32,ee_T_03,ee_T_13,ee_T_23,ee_T_33,v_x,v_y,time
0.465061009329,0.547677025787,-0.124038307664,-1.35586012086,0.0795301488572,1.89415140003,0.159127907147,-0.000171185477762,0.00245188626468,0.000847143120519,5.15909027911e-05,-0.000339614180852,-0.000375632915146,-0.000200776212563,0.573834936238,0.818956635894,0.00205946083894,0.0,0.81891493308,-0.573775933347,-0.0118430397814,0.0,-0.00851743094004,0.00848263652997,-0.999927746514,0.0,0.661696824225,0.260859789588,0.303281381401,1.0,0.0,0.0,0.0
0.465067095326,0.547671295135,-0.124040073395,-1.35586012063,0.0795294367803,1.89415209609,0.159128986663,0.00113905828152,0.000416429586856,0.000216806149404,-0.000312538356372,-0.000549539331195,0.000292339977156,-0.000785441908381,0.573831875371,0.818958768606,0.0020642267265,0.0,0.818917144168,-0.573772870086,-0.0118385574344,0.0,-0.00851105698938,0.00848393561209,-0.999927789766,0.0,0.661695973248,0.26086280315,0.303285558798,1.0,-0.00016,-0.000210285714286,0.009
0.465058854112,0.547664971952,-0.124041058889,-1.35586047634,0.0795307592087,1.89414801937,0.159134112443,-0.00113773355179,0.000667139956124,-0.000654349803156,0.000526032276161,2.07269130715e-05,0.000189003691261,0.00637965436246,0.573843840708,0.818950378506,0.00206662228862,0.0,0.818908773857,-0.573784813031,-0.0118387219259,0.0,-0.00850969315672,0.00848611616745,-0.99992778287,0.0,0.661697547925,0.260856758288,0.303289549775,1.0,-0.00046,-0.000604571428571,0.024
0.465065864944,0.547647703002,-0.124043119605,-1.35587283521,0.0795314712315,1.89415090413,0.159133993709,0.00133535539349,-0.00495577541411,0.00178835445476,-0.00204482891164,0.000157940086005,0.0083831263952,0.000723783000992,0.573840294257,0.818952845196,0.00207386946347,0.0,0.81891133,-0.573781233247,-0.0118354075851,0.0,-0.00850285704385,0.00849011243282,-0.999927807101,0.0,0.661694351844,0.260859277209,0.30329622093,1.0,-0.00078,-0.00102514285714,0.04
0.465060542345,0.547573225621,-0.12404071041,-1.35593494543,0.079527080945,1.89416427293,0.159126023773,-0.0027185772879,-0.00550383372432,0.000256726407596,-0.00220753113368,5.90186867281e-05,0.00126192140907,-0.00229898088222,0.573838630833,0.818953950865,0.00209738590799,0.0,0.818912724066,-0.573779458959,-0.011824962558,0.0,-0.0084808261364,0.00850336004731,-0.999927881627,0.0,0.661685831849,0.260850955764,0.303320491287,1.0,-0.00114,-0.00149828571429,0.058
0.465058748926,0.547448952027,-0.124041397675,-1.35609932714,0.079528004514,1.8941961958,0.159130967044,-0.000286708127687,-0.00690661666822,-0.000753673977047,-0.0126138810623,0.000182483974667,-0.000377468167598,0.000525320183866,0.573853851545,0.818943285047,0.00209758075225,0.0,0.818901930168,-0.573794546088,-0.0118403779111,0.0,-0.00849318110713,0.00851252328716,-0.999927698797,0.0,0.661658367487,0.260833805836,0.303333079809,1.0,-0.00148,-0.00194514285714,0.075
0.46504188267,0.547294348688,-0.1240431688,-1.35631474604,0.0795252394884,1.89428190493,0.15912766953,-0.0015346098811,-0.00793995855594,-0.000237803910591,-0.0164279387219,0.000284213722043,0.00846777478099,0.000521854972927,0.573877550423,0.818926610508,0.00212382284842,0.0,0.818885523987,-0.573818064346,-0.0118353088918,0.0,-0.0084737246246,0.00853135011631,-0.999927703415,0.0,0.661635115089,0.260803456002,0.30334755828,1.0,-0.00182,-0.002392,0.092
0.465034629492,0.547133765499,-0.124043880402,-1.35649458646,0.0795231068257,1.89437510627,0.159112297693,-0.00113475499818,-0.012976818035,-0.000415939452602,-0.0104135771069,0.000225248265331,0.00703873710997,0.000757794738851,0.573881005834,0.818924010896,0.00219144312469,0.0,0.818883767992,-0.573821217381,-0.0118038935623,0.0,-0.00840915720093,0.00856873248823,-0.999927928852,0.0,0.661618884966,0.260785000715,0.303383819283,1.0,-0.00212,-0.00278628571429,0.107
0.4650083557,0.546931966004,-0.124043222133,-1.35672994588,0.079517138952,1.89450441802,0.159100214105,-0.000971027305244,-0.0114451000875,-0.0036870570032,-0.0116647935192,0.000163963907883,0.007676447549,-0.00276040784073,0.573903953889,0.818907695384,0.00227707112019,0.0,0.818868550847,-0.573843818583,-0.0117607486732,0.0,-0.00832444467655,0.00861432794514,-0.999928245913,0.0,0.661603066583,0.260750537376,0.303425926932,1.0,-0.00246,-0.00323314285714,0.124
0.464984706815,0.546681051838,-0.124041093415,-1.35707362737,0.0795101920137,1.89463918969,0.15905723542,8.50093956725e-05,-0.0161656423881,0.000572531098749,-0.0202195665943,-5.20925036889e-05,0.0114023911772,-0.00191853822571,0.573904032072,0.818907516244,0.00232135995397,0.0,0.818868826345,-0.57384360402,-0.011752032509,0.0,-0.00829188983515,0.0086455945975,-0.999928246554,0.0,0.661563800514,0.260706650797,0.303451671751,1.0,-0.00282,-0.00370628571429,0.142
0.464944861528,0.546419905404,-0.124044116625,-1.35745612834,0.0794998900088,1.89477725404,0.158955629051,-0.00724757299772,-0.0206199646865,-0.000785582353635,-0.0232422424301,-0.000108028128995,0.00966421157729,-0.0014514024928,0.573874198434,0.818928361913,0.00234293141766,0.0,0.818889845574,-0.573813581619,-0.0117533512571,0.0,-0.00828090625679,0.00866371458171,-0.999928180742,0.0,0.66152212386,0.260644269891,0.303466620095,1.0,-0.00316,-0.00415314285714,0.159
0.464911143424,0.546120231757,-0.124041806091,-1.35794116307,0.0794791894273,1.89494170532,0.1589327866,-0.0028764481873,-0.0204962753903,-0.000214141200972,-0.0248564343321,-0.00129172341128,0.0119885759852,0.000448865069338,0.573903065388,0.818908169078,0.00233003360122,0.0,0.818869376999,-0.573842380598,-0.0117733829059,0.0,-0.00830440729628,0.00866494053005,-0.999927975219,0.0,0.661460924214,0.260577467541,0.303462124715,1.0,-0.00352,-0.00462628571429,0.177
0.464869746538,0.545863512342,-0.124043484746,-1.35835956148,0.0794553977089,1.89508283707,0.158876717999,-0.00766048331537,-0.0165884504701,-0.000769464496863,-0.0288239174324,0.00012703873102,0.00307620816096,-1.78877259472e-05,0.573909248399,0.818903884188,0.00231299897494,0.0,0.818864843304,-0.573848598983,-0.0117856161456,0.0,-0.00832413588336,0.00865807434197,-0.999927870654,0.0,0.661412290675,0.260508540934,0.303457015444,1.0,-0.0038,-0.00499428571429,0.191
0.464812227621,0.545534872205,-0.124040717275,-1.35893888831,0.0794066016379,1.89526968367,0.158783499225,0.000566788171383,-0.0170960729152,-0.000249082811982,-0.0340884391239,-0.00451372999634,0.00649304493698,-0.00387121428054,0.573897413296,0.818912349639,0.00225155995334,0.0,0.818872569772,-0.573837063176,-0.0118104319148,0.0,-0.00837984133633,0.00862188300877,-0.999927718084,0.0,0.661342251166,0.260412417746,0.303429987698,1.0,-0.00414,-0.00544114285714,0.208
0.464742209671,0.545125613796,-0.124044206448,-1.35965028071,0.0793678725315,1.89548695652,0.158724857826,-0.00395456442478,-0.0249792046774,3.63486914421e-05,-0.0399541243425,-0.00336174677361,0.0132868771967,-0.000527126123448,0.573938408294,0.818883810592,0.00218062740945,0.0,0.818843017474,-0.573878238624,-0.0118586200202,0.0,-0.00845958020683,0.00859187444713,-0.999927304956,0.0,0.661254116858,0.260293485744,0.303400012787,1.0,-0.0045,-0.00591428571429,0.226
0.464667946443,0.544719465711,-0.124047066334,-1.36035558582,0.079339152084,1.89572029542,0.158611084593,-0.00160559554303,-0.0229234497837,-0.00176526491006,-0.0500330845381,-0.00333216946085,0.0125900868806,-0.00632429453897,0.573934935245,0.818886361984,0.00213615586065,0.0,0.818844798651,-0.573874750903,-0.0119043227036,0.0,-0.008522565684,0.00858165201902,-0.999926857887,0.0,0.661165130017,0.260170717923,0.303375723478,1.0,-0.00486,-0.00638742857143,0.244
0.464594118811,0.544266361492,-0.124045212549,-1.36109269456,0.079304949786,1.89597702386,0.158547440258,-0.00770155355906,-0.0224200255792,0.000666072621418,-0.0443084279604,-0.00232597453559,0.0188249266871,-0.00226323048993,0.573978703979,0.818855742312,0.00211366117426,0.0,0.818813787093,-0.573918506398,-0.0119279914694,0.0,-0.00855439974351,0.0085772731345,-0.999926623623,0.0,0.661085125394,0.260058110565,0.303364094261,1.0,-0.00518,-0.006808,0.26
0.464539554752,0.543837977587,-0.124047589749,-1.36179171647,0.0792679570236,1.89622673001,0.158457097721,-0.00190549096327,-0.0339067353178,0.000428801937467,-0.0535942702685,-0.000676583726427,0.011736742678,-0.00228178378669,0.573980177135,0.818854750879,0.00209764611725,0.0,0.818812530512,-0.573919988577,-0.0119429263386,0.0,-0.00857580604694,0.00857274695266,-0.999926479078,0.0,0.661002172204,0.259954266421,0.30335621178,1.0,-0.00548,-0.00720228571429,0.275
0.464453110751,0.543320312081,-0.124051388078,-1.3626356229,0.0792206385058,1.89650628602,0.158333814031,-0.00506759182776,-0.0320511012451,-0.00276397912155,-0.049594661309,-0.00216747153137,0.0251227249484,-0.00800283317557,0.573986903743,0.81885013264,0.00205949224541,0.0,0.818807343659,-0.57392680152,-0.0119711055579,0.0,-0.0086207095521,0.00855774995149,-0.99992622142,0.0,0.660903258122,0.259812858962,0.303345112343,1.0,-0.00582,-0.00764914285714,0.292
0.46437973719,0.542775013995,-0.124059479431,-1.36350780483,0.0791652851225,1.89682015792,0.158228658768,-0.00690027850207,-0.034646716882,-0.000763977740651,-0.0539434730039,-0.00207198831974,0.0183202706855,-0.00173527718996,0.574000307833,0.818840774275,0.0020444787813,0.0,0.818797833467,-0.573940310219,-0.0119739349134,0.0,-0.00863150353282,0.00854722168346,-0.999926218352,0.0,0.660803315915,0.259675647669,0.303343146778,1.0,-0.00616,-0.008096,0.309
0.464302666448,0.542181685594,-0.124059926954,-1.36442517175,0.0791130461846,1.8971519865,0.158106185145,-0.00388341485725,-0.0399098300684,6.4111230056e-05,-0.0536933426689,-0.000113987302323,0.0227688908432,-0.00295188202617,0.574000467982,0.81884064094,0.00205290081665,0.0,0.818797764871,-0.573940390458,-0.0119747795038,0.0,-0.00862735953115,0.00855460434199,-0.999926190982,0.0,0.660696705537,0.259537421865,0.303354885277,1.0,-0.0065,-0.00854285714286,0.326
0.464220390025,0.541550304502,-0.124063294258,-1.36538288332,0.0790533918434,1.89749926399,0.157975046484,0.000248516258706,-0.0451641955605,-0.000562839238051,-0.0573861444462,-0.0066128426006,0.0157595368859,-0.00351806608577,0.574000022956,0.818840911314,0.00206942159035,0.0,0.818798267341,-0.573939893177,-0.011964251797,0.0,-0.00860926099307,0.00856208446535,-0.99992628295,0.0,0.66058715761,0.259389633267,0.303375668917,1.0,-0.00684,-0.00898971428571,0.343
0.464148029166,0.540927172036,-0.12406615659,-1.36633215555,0.0790007168004,1.89784849671,0.157857735313,-0.00442408659325,-0.044258436127,-0.000980745765998,-0.061983813823,-0.00109207373862,0.0294884447667,-0.00976007992151,0.574003802132,0.818838207231,0.00209103260492,0.0,0.818795807925,-0.573943545284,-0.0119573681463,0.0,-0.00859118063642,0.00857586862267,-0.999926320332,0.0,0.660476494271,0.259250848521,0.303394715661,1.0,-0.00716,-0.00941028571429,0.359
0.464048153918,0.540193298757,-0.12406317896,-1.36745549964,0.0789359455208,1.89825515518,0.157705976827,-0.00445364141893,-0.0402035470486,0.00015094808952,-0.0663424990863,-0.00467636920364,0.0209440377097,-0.0111360885815,0.574004108783,0.818837947401,0.00210852967274,0.0,0.818795711779,-0.573943715181,-0.0119557968263,0.0,-0.00857984796752,0.00858929692685,-0.999926302378,0.0,0.660346291255,0.259080016998,0.303413863381,1.0,-0.00752,-0.00988342857143,0.377
0.46394865213,0.539397455197,-0.124070153627,-1.3686755096,0.0788617566573,1.898709183,0.157573798447,-0.00324482655878,-0.0462542988684,4.48115452165e-05,-0.0676025057396,-0.00153720878238,0.0216049384851,-0.00136451481861,0.574029943265,0.818819777346,0.00213151671666,0.0,0.818777877161,-0.573969487822,-0.0119399255653,0.0,-0.00855338631394,0.00859927909,-0.999926443286,0.0,0.660207300856,0.25889470167,0.303435091103,1.0,-0.00788,-0.0103565714286,0.395
0.463849599503,0.538637901401,-0.124070565884,-1.36984280613,0.078798124076,1.89915873321,0.157419090694,-0.0047182421111,-0.0423467368664,-0.000394281712701,-0.0672601622377,-0.000871395776775,0.0273431775521,-0.0119394005318,0.574032280249,0.818818037855,0.00217002686274,0.0,0.818776595202,-0.573971622799,-0.0119251947999,0.0,-0.00851919478803,0.00862237997708,-0.999926536243,0.0,0.660076199568,0.258720681645,0.303455048118,1.0,-0.00822,-0.0108034285714,0.412
0.463754275273,0.537985078243,-0.124078566517,-1.37084522413,0.0787392823882,1.89954786748,0.157303476847,-0.0103664837579,-0.0435576596741,-0.000498847040995,-0.0713237751302,-0.00244489112897,0.0261364950042,-0.00774283764725,0.574060995181,0.818797821946,0.00220170155013,0.0,0.818756836081,-0.574000251066,-0.0119038669298,0.0,-0.0084832464011,0.0086363701683,-0.999926721136,0.0,0.65996869238,0.258559578681,0.303472985472,1.0,-0.0085,-0.0111714285714,0.426
0.463642573758,0.537183681474,-0.124081875522,-1.37212113562,0.0786691078846,1.90001616005,0.157150753317,-0.00960634963236,-0.0467180452959,-0.00114277194809,-0.0767205275211,-0.00600799282725,0.0307468018923,-0.00762474692098,0.574081315401,0.818783583496,0.00219854627742,0.0,0.818742491087,-0.574020514825,-0.0119133853175,0.0,-0.00849263716537,0.0086394615063,-0.999926614717,0.0,0.659821096674,0.258363424024,0.303472268946,1.0,-0.00884,-0.0116182857143,0.443
0.46352942686,0.536337259661,-0.124085334095,-1.37343155838,0.0785882278876,1.90050808492,0.156984947767,-0.00332470154687,-0.0527757951125,-0.0005703809702,-0.08043549634,-0.00677527267516,0.0298110882605,-0.0156421763896,0.574091146568,0.818776632603,0.00221996338566,0.0,0.818735849193,-0.574030289382,-0.0118988662915,0.0,-0.00846835049127,0.00864876391541,-0.999926740278,0.0,0.659672112447,0.258162613728,0.303488795029,1.0,-0.00918,-0.0120651428571,0.46
0.463417277418,0.53546666996,-0.124088232056,-1.37480390461,0.0785013487546,1.90100022428,0.156821593354,-0.0110425516452,-0.054756619324,0.00182767354946,-0.0805035209632,-0.0118469633093,0.0342025672338,-0.00786731058062,0.574103313495,0.818768131966,0.00220871263085,0.0,0.818727213212,-0.574042511265,-0.0119034662289,0.0,-0.00847844709925,0.00864231893254,-0.999926710443,0.0,0.659509064799,0.257954820487,0.303492736662,1.0,-0.00952,-0.012512,0.477
0.463288639806,0.534528375506,-0.124097269943,-1.37633804961,0.0784313604782,1.90154546701,0.15663294992,-0.00952379346127,-0.0485407922561,-0.00178099359952,-0.0873816006298,-0.00488275442442,0.0298591484428,-0.00776389856424,0.574125949598,0.818752349481,0.00217511354332,0.0,0.818710777191,-0.574065061313,-0.0119463630971,0.0,-0.00853262044325,0.00863967229735,-0.999926272508,0.0,0.659325165499,0.257720610304,0.303472124434,1.0,-0.00988,-0.0129851428571,0.495
0.46316258319,0.53360829197,-0.12409857535,-1.37781795785,0.0783377969678,1.90208052659,0.156451502453,-0.00755226439848,-0.0542686597404,0.00219084596757,-0.0848259357693,-0.00883481067587,0.0311226777415,-0.0172582595106,0.574137441653,0.818744355518,0.00215065112581,0.0,0.818702467198,-0.57407665502,-0.0119587317557,0.0,-0.00855667026215,0.00862686513232,-0.999926177571,0.0,0.659149842316,0.25749432317,0.303463100443,1.0,-0.01022,-0.013432,0.512
0.463033025724,0.532664009807,-0.124098614824,-1.37931793848,0.0782696194949,1.90265954453,0.156264776378,-0.00549166180112,-0.0600126120433,-0.00111403212942,-0.091514385564,-0.000258695576155,0.0398384541471,-0.016417785505,0.574154647965,0.818732209365,0.00218093308845,0.0,0.818690529301,-0.574093546245,-0.0119651282074,0.0,-0.00854434074674,0.00865550988372,-0.99992603546,0.0,0.65897808837,0.257271480077,0.303465215297,1.0,-0.01056,-0.0138788571429,0.529
0.46291552367,0.531823446501,-0.124096822418,-1.38067255481,0.0781839887483,1.90316274593,0.156094506766,-0.00798944003603,-0.0605487424533,0.000421812550838,-0.0892366319498,-0.00455975361243,0.0282225556486,-0.00601168752461,0.574161188247,0.818727655018,0.00216880632506,0.0,0.818685822345,-0.574100141132,-0.0119707620997,0.0,-0.00855584669194,0.00864888449897,-0.999925994404,0.0,0.658819421636,0.257065620251,0.303456540626,1.0,-0.01086,-0.0142731428571,0.544
0.462780487232,0.530813000983,-0.124101021908,-1.38228853857,0.0780813640799,1.90373072578,0.15588934254,-0.00597919632086,-0.0626050657557,9.14834932347e-05,-0.0919871803254,-0.0103027488332,0.0262283062111,-0.00388453939235,0.574167038288,0.818723645844,0.00213325605077,0.0,0.818681343887,-0.574106131855,-0.0119897221861,0.0,-0.00859171909849,0.0086307263762,-0.999925843713,0.0,0.658623619829,0.256817616409,0.303448805873,1.0,-0.0112,-0.01472,0.561
0.46263208794,0.529737796345,-0.124101732203,-1.38402996818,0.0779806592868,1.90436300503,0.155659182107,-0.00963302095251,-0.0589748023704,0.000478503829739,-0.09758575503,-0.00457017577325,0.0299387732385,-0.0154977624755,0.574168232244,0.818722879645,0.00210578446758,0.0,0.818680130817,-0.574107351883,-0.0120141092409,0.0,-0.00862744587484,0.00862224977325,-0.999925609226,0.0,0.658415108116,0.256553486081,0.303432239735,1.0,-0.01156,-0.0151931428571,0.579
0.462491204424,0.528669397499,-0.124105648473,-1.38570883363,0.0778661398309,1.9049896748,0.155424397883,-0.00954589045411,-0.0654030556652,-0.000837968849736,-0.102882093892,-0.00300018297065,0.0395010992813,-0.0172558631367,0.574157515837,0.818730369404,0.0021156854294,0.0,0.818687882155,-0.574096727834,-0.0119935651588,0.0,-0.00860505362473,0.00861844753292,-0.999925834957,0.0,0.658206040788,0.256283294711,0.30344406629,1.0,-0.01192,-0.0156662857143,0.597
0.462354936981,0.527563831513,-0.124102498846,-1.3874378802,0.0777555728956,1.90564944689,0.155181652586,-0.000785712277008,-0.0677824927698,0.000406819602832,-0.100277369694,-0.00705384093251,0.0375914765268,-0.014314919414,0.574128992637,0.818750312892,0.00213818971268,0.0,0.818708145142,-0.574068140745,-0.0119787211725,0.0,-0.00858028031212,0.00862805057021,-0.999925965026,0.0,0.658015186508,0.256045501386,0.303452371921,1.0,-0.01224,-0.0160868571429,0.613
0.462219075267,0.526541764593,-0.124110983409,-1.38900714903,0.0776678327289,1.90624534287,0.154972006472,-0.0128853804305,-0.069819721024,-0.00100842725684,-0.108433294892,-0.00861856860302,0.0424780844728,-0.0160133836534,0.574135861421,0.8187453829,0.00218117203295,0.0,0.818703755687,-0.574074811484,-0.0119590193495,0.0,-0.00853940036272,0.00865200218902,-0.99992610802,0.0,0.657834700063,0.255804541368,0.303476646964,1.0,-0.01254,-0.0164811428571,0.628
0.462072174332,0.525434190019,-0.124116354213,-1.39073064457,0.0775583644794,1.90686798258,0.154741201947,-0.012078657883,-0.0709158413941,0.000760707909371,-0.105948872605,-0.00438819627555,0.0368310002773,-0.0126083192449,0.574136377509,0.818745002549,0.00218808665511,0.0,0.81870347327,-0.574075307108,-0.0119545608828,0.0,-0.00853177472504,0.00865510906198,-0.999926146226,0.0,0.657614663473,0.255525595057,0.303492836339,1.0,-0.01288,-0.016928,0.645
0.461895770664,0.524119709681,-0.124125574718,-1.39281902397,0.0774211554581,1.90761230745,0.154453770655,-0.00827241301833,-0.0700803974177,-0.00130154026609,-0.114169907124,-0.0100845914934,0.0411308332903,-0.00628749918951,0.574125063186,0.818753036313,0.00215040721885,0.0,0.818711092261,-0.574064226141,-0.0119648892483,0.0,-0.00856198238987,0.00863007119424,-0.999926104434,0.0,0.657375544674,0.255215669733,0.303484802233,1.0,-0.01324,-0.0174011428571,0.663
0.461746945493,0.523003060564,-0.124126547309,-1.3946234882,0.0773187409655,1.90829346904,0.154212526566,-0.00883921475242,-0.0757975578996,-0.000958780703037,-0.112698673329,-0.00720734793423,0.0438188247729,-0.0137161114649,0.57411951299,0.818756938583,0.00214644519092,0.0,0.818714868363,-0.574058617934,-0.0119755750599,0.0,-0.00857306487207,0.00863290412323,-0.999925985023,0.0,0.657160114741,0.254947394653,0.303470008051,1.0,-0.01356,-0.0178217142857,0.679
0.461593347512,0.521815556066,-0.12412735005,-1.39646182335,0.0772007517948,1.90901910287,0.153957011539,-0.0111181116922,-0.0788252764008,0.000854272000335,-0.12096273725,-0.00383930405808,0.0475017919557,-0.0133330637903,0.574103482971,0.818768024543,0.00220447891514,0.0,0.81872681251,-0.574042455261,-0.0119336891392,0.0,-0.00850562235262,0.00865620515375,-0.999926359539,0.0,0.656948921967,0.25467351987,0.303492379531,1.0,-0.01388,-0.0182422857143,0.695
0.461407674698,0.520419658511,-0.124136549707,-1.39871872715,0.077057040544,1.90986307199,0.153657685572,-0.00976132749127,-0.0735008633234,7.72623283584e-05,-0.121601311628,-0.00799527612173,0.0485759219337,-0.0154412447546,0.574098795256,0.818771371743,0.00218197193834,0.0,0.818729936791,-0.574037931026,-0.0119369697898,0.0,-0.00852127853326,0.00863961206182,-0.999926369747,0.0,0.656678896148,0.254330681946,0.30347213251,1.0,-0.01426,-0.0187417142857,0.714
0.461247009911,0.519181885777,-0.124139747009,-1.40065346918,0.0769370489432,1.9105548901,0.153402686892,-0.00760397140189,-0.0732773430099,-0.000498422091146,-0.120223184656,-0.00527367278682,0.0449924943139,-0.0109929181709,0.574094279181,0.81877455369,0.00217617627742,0.0,0.81873301288,-0.574033408401,-0.0119434735602,0.0,-0.0085299785765,0.00863855352356,-0.999926304714,0.0,0.656440604842,0.254037514548,0.303480362814,1.0,-0.01458,-0.0191622857143,0.73
0.461063538277,0.517818091975,-0.124140166237,-1.40274952512,0.076803606591,1.91131101258,0.153116391025,-0.00625226135652,-0.0771044096532,0.00152410842465,-0.127563603404,-0.0040279487396,0.0436901975149,-0.0155109759005,0.574085446737,0.818780698295,0.00219427549629,0.0,0.818739389609,-0.574024499612,-0.0119345149872,0.0,-0.0085123465103,0.00864813765193,-0.999926372125,0.0,0.656185523466,0.253715747944,0.303505345236,1.0,-0.01492,-0.0196091428571,0.747
0.460877193382,0.516487746815,-0.124151486278,-1.40488432319,0.0766604595494,1.91209776432,0.152810896547,-0.0109441431161,-0.0735814041183,-0.00128314995067,-0.129234410297,-0.00497647414663,0.0558868435673,-0.0166369165306,0.574070267507,0.81879141025,0.00216826365587,0.0,0.81874988482,-0.574009551938,-0.011933452664,0.0,-0.00852656864921,0.00862607206025,-0.999926441549,0.0,0.655929451212,0.253381267209,0.303491066607,1.0,-0.01526,-0.020056,0.764
0.460705937556,0.515182567468,-0.12415729361,-1.40693101678,0.0765366743891,1.91287053987,0.152540650419,-0.0120737382163,-0.0781937834813,-0.00129721474226,-0.12770973791,-0.0016964630067,0.048795187037,-0.0128885393488,0.574068114139,0.81879285473,0.00219277743587,0.0,0.81875165617,-0.574007306987,-0.0119198970608,0.0,-0.00850141995043,0.00863833929847,-0.999926549779,0.0,0.655683938614,0.253072217079,0.303499286189,1.0,-0.01558,-0.0204765714286,0.78
0.460485472569,0.513603229403,-0.124149754769,-1.40945999289,0.0763816431218,1.91375417277,0.152185702499,-0.0159120017709,-0.0899423148018,-0.000603120895055,-0.131145122936,-0.00546269128729,0.0467053548252,-0.0214330476899,0.574043587291,0.818810192718,0.00213894668148,0.0,0.818768132875,-0.573982841635,-0.0119661605408,0.0,-0.00857046053204,0.00862056507623,-0.999926113802,0.0,0.655363454264,0.252687681008,0.303478892378,1.0,-0.01596,-0.020976,0.799
0.460311092616,0.512303840543,-0.124158569673,-1.41159903516,0.0762469253018,1.91451643712,0.151887104287,-0.00584922723393,-0.08163345878,6.89774891188e-05,-0.133139671453,-0.0119055167883,0.0448980401052,-0.0143961818164,0.574023892014,0.818824182608,0.00206791548773,0.0,0.81878117752,-0.573963426168,-0.0120048182387,0.0,-0.00864309402963,0.00858438804242,-0.999925799851,0.0,0.655094108862,0.252361502624,0.303437506418,1.0,-0.01628,-0.0213965714286,0.815
0.460135042888,0.51101476419,-0.124159161566,-1.4136416712,0.076126977634,1.91528629261,0.15160321626,-0.0129414581871,-0.0773184952265,0.000853043890544,-0.13244784124,-0.00601947914547,0.0526019209475,-0.0242740870218,0.57400504292,0.818837355702,0.00208386934521,0.0,0.818794458099,-0.573944412182,-0.0120080811347,0.0,-0.00863680652224,0.00859912535816,-0.99992572755,0.0,0.654830842008,0.252032240546,0.303430543195,1.0,-0.0166,-0.0218171428571,0.831
0.459915686926,0.509454341317,-0.124159337052,-1.4161355398,0.0759678325551,1.91622777586,0.151249824751,-0.0120243151541,-0.0888803585221,-0.000898876562478,-0.145147702404,-0.000592907783463,0.0528025779461,-0.0152359246586,0.573988234596,0.818849137673,0.00208402948365,0.0,0.818806317903,-0.573927680727,-0.0119990815672,0.0,-0.0086295215311,0.00859391361293,-0.999925835253,0.0,0.654543725135,0.251672254146,0.303421617018,1.0,-0.01694,-0.022264,0.848
0.459733671006,0.508132904139,-0.124169958895,-1.41821693371,0.075822561463,1.91696968252,0.150963327936,-0.0157712671383,-0.0906909617123,-0.000907315543542,-0.13575769843,-0.00531892913671,0.0520550172723,-0.0170624638199,0.573978835452,0.818855794465,0.00205699423913,0.0,0.818812750298,-0.573918523855,-0.0119981176418,0.0,-0.00864434748685,0.00857112372264,-0.999925902802,0.0,0.654285116836,0.251344289485,0.303420060205,1.0,-0.01724,-0.0226582857143,0.863
0.459517164707,0.506617677782,-0.124171019366,-1.42062535574,0.0756754088483,1.91785699416,0.150628685548,-0.0154119962835,-0.092461415579,-0.00137597997829,-0.146858044381,-0.00613583977928,0.0529966391974,-0.0197128961799,0.57396793721,0.818863448253,0.00205111488841,0.0,0.818820272661,-0.573907597545,-0.0120073919431,0.0,-0.00865543059705,0.00857151746533,-0.999925803552,0.0,0.653988156346,0.250972657566,0.303410301932,1.0,-0.01758,-0.0231051428571,0.88
0.459296671604,0.505017402989,-0.124174551167,-1.42307846826,0.0755231470294,1.91879467471,0.150292377008,-0.0133836935866,-0.0949963928324,0.000863364783775,-0.141962419701,-0.0165935962818,0.0540767741749,-0.0224183413573,0.573961307232,0.818867918614,0.00212051090254,0.0,0.818825688703,-0.573900718716,-0.0119667655683,0.0,-0.00858240292026,0.00860495488111,-0.999926145829,0.0,0.653693616503,0.250595425501,0.303442529956,1.0,-0.01792,-0.023552,0.897
0.459054866195,0.503247053109,-0.124179808825,-1.42571695438,0.0753592686917,1.91979074012,0.1499336651,-0.01286162263,-0.0983901097162,-0.000740762511524,-0.146180369557,-0.0097520464397,0.0598927666454,-0.0210748469598,0.57396078609,0.818867998869,0.00222786007634,0.0,0.818827210644,-0.573899803685,-0.0119063571748,0.0,-0.00847132951244,0.00865818127234,-0.999926633545,0.0,0.653375951471,0.250185694156,0.303509735838,1.0,-0.01828,-0.0240251428571,0.915
0.458839624928,0.501658666089,-0.124180307139,-1.42808390044,0.0752047314749,1.92065355719,0.149602867357,-0.0159374471967,-0.0945233110722,9.66933688524e-05,-0.15003745441,-0.00248001315503,0.0540455980009,-0.0247029323529,0.573945750406,0.818878347574,0.00229659900414,0.0,0.818838490733,-0.573884534642,-0.0118665029899,0.0,-0.00839940142361,0.00869143996276,-0.999926951796,0.0,0.653082824379,0.249818561185,0.303566753001,1.0,-0.0186,-0.0244457142857,0.931
0.458591770518,0.499833744031,-0.124181055249,-1.43084028357,0.0750274174904,1.92162361741,0.149215963951,-0.0140090719315,-0.104815384271,-0.000820855297353,-0.154198444601,-0.016387725522,0.0580987097268,-0.0245954935288,0.573924732055,0.818892988742,0.00232848131096,0.0,0.818853506501,-0.573863352432,-0.0118547259344,0.0,-0.00837168304079,0.00871057319731,-0.999927017756,0.0,0.652731827025,0.249390674769,0.303612150327,1.0,-0.01896,-0.0249188571429,0.949
0.458370253388,0.49837070337,-0.124186165104,-1.43314024475,0.0748840861233,1.92249313471,0.148874632435,-0.0149364704972,-0.0972170708691,-0.0017440553355,-0.157766617607,-0.010002217661,0.0593794159426,-0.0203249342253,0.573908733943,0.818904131161,0.00235286485909,0.0,0.818864986706,-0.573847283137,-0.0118395981855,0.0,-0.00834547143463,0.00872169537628,-0.999927139914,0.0,0.65245282262,0.249025445934,0.303613304133,1.0,-0.01926,-0.0253131428571,0.964
0.458107095219,0.496682476844,-0.124181623804,-1.43581040769,0.0747184761069,1.9234554955,0.148480242654,-0.0137581606473,-0.0985986596985,-3.60727678718e-06,-0.15928109994,-0.0114031320966,0.0508903696918,-0.026643152826,0.573888518533,0.818918343248,0.00233715435046,0.0,0.818878888309,-0.573827020604,-0.0118601689728,0.0,-0.00837154878649,0.00872042905295,-0.999926932975,0.0,0.652117129911,0.248600665021,0.303602449821,1.0,-0.0196,-0.02576,0.981
0.457818242122,0.494904850302,-0.124184408838,-1.43870059052,0.0745389972847,1.92445272582,0.148057712136,-0.013383999149,-0.0938670623101,-0.000834766456454,-0.162118314723,-0.00487977370651,0.0624572479349,-0.0243439872598,0.573878172155,0.818925867915,0.0022390364548,0.0,0.818884972984,-0.573816897242,-0.0119296421366,0.0,-0.00848485894918,0.00867984164447,-0.999926331045,0.0,0.651744888143,0.248130308302,0.303551835535,1.0,-0.01996,-0.0262331428571,0.999
0.457535563351,0.493017624696,-0.124224481687,-1.44167206822,0.0743570309293,1.92552346246,0.147653863067,-0.0140924314539,-0.132460428196,-0.00824101146751,-0.191754234289,-0.01596935311,0.0763253374702,-0.029718749858,0.573907967678,0.818905040057,0.00221966337825,0.0,0.818863957433,-0.57384683341,-0.0119322212426,0.0,-0.00849777292227,0.00866576602417,-0.999926343465,0.0,0.651375986111,0.247638574707,0.303545513035,1.0,-0.0267,-0.0350914285714,1.016
0.457211832939,0.490535088427,-0.12426822175,-1.44556576849,0.0741478013659,1.92698922843,0.147070123678,-0.0252545429235,-0.153760300126,0.000322241588156,-0.255999369089,-0.0158126955079,0.0820071964219,-0.0338245387276,0.573867832461,0.818933078354,0.00225187602895,0.0,0.818892259567,-0.573806413705,-0.0119337216941,0.0,-0.00848094181927,0.00869259021068,-0.999926253531,0.0,0.650852426987,0.246994763578,0.303535867436,1.0,-0.034764,-0.0456898285714,1.034
0.456737561412,0.487408196194,-0.124292882322,-1.45056013291,0.0738599138233,1.92881916767,0.146342810983,-0.0334125846622,-0.199116208221,-0.000747955088785,-0.314588000859,-0.0149304463694,0.119121172958,-0.044564564772,0.573847490693,0.818947350546,0.00224529738188,0.0,0.818906247782,-0.573785898202,-0.0119602369742,0.0,-0.00850664818623,0.00870220757432,-0.999925951518,0.0,0.650255272841,0.24624285542,0.303503701596,1.0,-0.041932,-0.0551106285714,1.05
0.456197732795,0.483847824459,-0.124377289324,-1.45609508804,0.0735185109785,1.9308941959,0.145481880797,-0.0383876216741,-0.228769226862,-0.00610664652962,-0.366650230027,-0.0157204364981,0.137790022132,-0.0630792918465,0.573826830284,0.81896164044,0.00231240903203,0.0,0.818921697637,-0.573765265118,-0.0118920386958,0.0,-0.00841250550393,0.0087178206456,-0.999926611984,0.0,0.649578290952,0.245319283981,0.303523621172,1.0,-0.0491,-0.0645314285714,1.066
0.455457992842,0.479153239217,-0.124491356205,-1.4634948596,0.0730799117667,1.93345617526,0.144372647365,-0.045004761953,-0.277364112242,-0.0100329925371,-0.428425089556,-0.022646112991,0.150317229203,-0.0642478311987,0.573849846125,0.818945863505,0.0021848690394,0.0,0.818904117336,-0.573788647871,-0.0119741841525,0.0,-0.00855272019502,0.00866074873184,-0.99992591846,0.0,0.64862424308,0.244061156643,0.303482197927,1.0,-0.057164,-0.0751298285714,1.084
0.454686943491,0.474341565521,-0.124584484929,-1.47089815082,0.0726230832105,1.93615082027,0.143313785268,-0.050619956004,-0.310873303122,-0.0065169214052,-0.475670047409,-0.0338295544276,0.172690150317,-0.0678890318075,0.573916365079,0.818899048978,0.00225840169937,0.0,0.818858409071,-0.573855010196,-0.0119197343774,0.0,-0.00846522699732,0.00869040916646,-0.999926405652,0.0,0.647693221735,0.242803107243,0.303525457255,1.0,-0.064332,-0.0845506285714,1.1
0.453811377555,0.469030936974,-0.124635111646,-1.47905361048,0.0721457753183,1.93912528154,0.142064784517,-0.0623007654425,-0.348065214178,-0.00112349007103,-0.514167121864,-0.0333306323433,0.196610181575,-0.0775915458851,0.573909013643,0.818903853858,0.00238098640877,0.0,0.818864505342,-0.573846856671,-0.011893438625,0.0,-0.00837342237352,0.00877562584592,-0.999926434388,0.0,0.646651311774,0.241436939382,0.303572751276,1.0,-0.0715,-0.0939714285714,1.116
0.452700671133,0.462368191897,-0.124686614578,-1.48920700408,0.0714908424976,1.94281043169,0.140436754105,-0.0630788569967,-0.38605394464,-0.00125489940767,-0.590967179238,-0.0441182402713,0.199049257724,-0.0950141344444,0.573823463876,0.818963340581,0.00253495390633,0.0,0.81892604649,-0.573760781647,-0.0118085869545,0.0,-0.00821650087818,0.00885215448167,-0.999927061577,0.0,0.64534093921,0.239721921879,0.3036553618,1.0,-0.079564,-0.104569828571,1.134
0.451499465123,0.455520810523,-0.124760909023,-1.49993382307,0.070783379592,1.94641537881,0.138833289804,-0.0752944810361,-0.410611594365,-0.00519732894621,-0.649276771323,-0.0448726841966,0.220181791407,-0.104187285074,0.573851402602,0.818944492928,0.00228738645191,0.0,0.818903671378,-0.573789363738,-0.01197037869,0.0,-0.008490761163,0.00874253608515,-0.999925734761,0.0,0.643885472662,0.237860173606,0.303575787895,1.0,-0.08718,-0.114579428571,1.151
0.450291100095,0.448365891985,-0.124862613629,-1.51047919631,0.0700457984246,1.95036426,0.137140233524,-0.0765125398316,-0.458965166523,-0.00427498671252,-0.677940108029,-0.0447224692888,0.25087704003,-0.0973882169588,0.57380748455,0.818973973493,0.00271077784052,0.0,0.818939595568,-0.573744866444,-0.0116410455379,0.0,-0.00797857206198,0.00889985371582,-0.999928564944,0.0,0.642542020627,0.236023478982,0.303811152739,1.0,-0.094348,-0.124000228571,1.167
0.448669217956,0.439428050331,-0.124899621431,-1.52415547007,0.0691600042333,1.95514025416,0.135005535359,-0.0884696616003,-0.487922811219,-0.000782091811512,-0.740889229998,-0.0497042543249,0.249473223363,-0.124154889833,0.573783294415,0.818990798501,0.00274771220251,0.0,0.818956417724,-0.573720012697,-0.0116824569472,0.0,-0.00799156112624,0.0089536275614,-0.999927981159,0.0,0.640680387922,0.233652249584,0.303833664098,1.0,-0.10286,-0.135187428571,1.186
0.447172589339,0.431289023389,-0.124944631775,-1.53639007945,0.0683260332715,1.95948442396,0.13299001939,-0.096963831963,-0.523468262324,-0.0036308355796,-0.781638146171,-0.0523210414198,0.285504046484,-0.122521165418,0.573696382133,0.819051011429,0.00294086818302,0.0,0.819019207326,-0.5736325427,-0.0115754433182,0.0,-0.00779405092357,0.00904959171402,-0.999928676286,0.0,0.639020169999,0.231500140305,0.30394105304,1.0,-0.110028,-0.144608228571,1.202
0.445646583596,0.423331242883,-0.124989586218,-1.54851730204,0.0674676067118,1.96368356866,0.130999365907,-0.107331843142,-0.53915348645,-0.00482562545717,-0.80952673896,-0.0547579049578,0.2848382576,-0.138561390132,0.573629390999,0.819097947471,0.0029361764897,0.0,0.819066143445,-0.573565646137,-0.0115693186764,0.0,-0.00779246524505,0.00904159805927,-0.999928760957,0.0,0.637335108504,0.229332142981,0.303948314386,1.0,-0.116748,-0.153440228571,1.217
0.443753072268,0.413751257671,-0.125107134,-1.56296963788,0.0664139397695,1.9686724634,0.128651141733,-0.110568441884,-0.579781196297,-0.00775972096315,-0.87945585023,-0.0641079659961,0.301083870972,-0.149593660762,0.573639792429,0.819090477718,0.00298743303598,0.0,0.819059847709,-0.573576479368,-0.0114775906771,0.0,-0.00768781192181,0.00903106305702,-0.999929666251,0.0,0.63520293703,0.226508541618,0.304004628869,1.0,-0.124812,-0.164038628571,1.235
0.441543535764,0.40318058587,-0.125192121458,-1.57917958307,0.0653448024156,1.97411525608,0.125941600625,-0.126711618873,-0.594240545707,-0.00178777511157,-0.911631674936,-0.0561270800583,0.301217732127,-0.145765234315,0.573667994354,0.819071199855,0.00285459687047,0.0,0.81903800879,-0.573604136762,-0.01165252541,0.0,-0.00790699162934,0.00902287793618,-0.999928030989,0.0,0.633129809175,0.223843633915,0.303916863924,1.0,-0.13198,-0.173459428571,1.251
0.439383199036,0.393156372866,-0.125322585977,-1.59400960096,0.0642900473113,1.97927248221,0.123392494831,-0.137733348574,-0.62876068993,-0.00571886972624,-0.951973511715,-0.06754053518,0.324014840322,-0.162016563728,0.573734530451,0.819023665039,0.00310991574485,0.0,0.818994007701,-0.573670100373,-0.0114968773216,0.0,-0.0076322958683,0.00914333390876,-0.999929071237,0.0,0.631046988301,0.221003592636,0.304055932454,1.0,-0.139148,-0.182880228571,1.267
0.43693399421,0.382202203563,-0.125448080274,-1.61056245999,0.0630141859727,1.98470569346,0.120443005838,-0.150455946773,-0.672666077898,-0.00940853583981,-0.96766582844,-0.0633739618908,0.322551627042,-0.182481317962,0.573692978821,0.819053620694,0.00287739122231,0.0,0.819021253969,-0.573629647426,-0.0115741108334,0.0,-0.00782941121246,0.00899680390461,-0.999928876391,0.0,0.628469781173,0.217600191745,0.303984964939,1.0,-0.147212,-0.193478628571,1.285
0.43430238142,0.370707066693,-0.125555650171,-1.62768031291,0.061771986755,1.99043972028,0.117398107538,-0.15677462208,-0.683268138313,-0.00972878858711,-1.02293819792,-0.0804024162047,0.347830090279,-0.178635162612,0.573716410172,0.819036953101,0.00294907709168,0.0,0.819005315862,-0.573652611818,-0.0115637557007,0.0,-0.00777954723983,0.00904980046042,-0.999928787343,0.0,0.625936867261,0.214261818047,0.30401245904,1.0,-0.154828,-0.203488228571,1.302
0.43161791846,0.359453993624,-0.12570742807,-1.64425606632,0.0604431299237,1.99598211736,0.114447915032,-0.164225708237,-0.711671266273,-0.00483159405437,-1.04516878804,-0.0917006453954,0.349956234153,-0.197259582547,0.573820236583,0.818963873176,0.00304260114526,0.0,0.818934318752,-0.573757161321,-0.0114038723642,0.0,-0.00759379148848,0.00903563719814,-0.99993034337,0.0,0.623477895976,0.21091441381,0.304087312741,1.0,-0.161996,-0.212909028571,1.318
0.428530950035,0.347187218906,-0.12584888032,-1.66250721828,0.0591062708877,2.00180104816,0.110992952938,-0.184422805751,-0.742901905286,-0.0080882633509,-1.06808716263,-0.0768996921275,0.351145754768,-0.207841963618,0.573869557119,0.818929824524,0.00290186450358,0.0,0.818897670786,-0.573806002954,-0.0115768154827,0.0,-0.00781564267522,0.00902008572142,-0.999928774355,0.0,0.620666826272,0.207183347075,0.304026859354,1.0,-0.169612,-0.222918628571,1.335
0.425282526345,0.334409697656,-0.125974522004,-1.68120230337,0.0576355363948,2.00790366023,0.107446827993,-0.191826974254,-0.74372355779,-0.00788628441042,-1.11866893622,-0.0877354730415,0.358616487395,-0.213527925891,0.573907550078,0.818902822307,0.00300640666143,0.0,0.818872177084,-0.573843836798,-0.0115045846159,0.0,-0.00769607705118,0.00906460526136,-0.999929299165,0.0,0.617775172756,0.203339141551,0.304074271258,1.0,-0.177228,-0.232928228571,1.352
0.422094692656,0.321970623681,-0.126022403834,-1.69927985719,0.056116282181,2.0136807931,0.103904429265,-0.207225375565,-0.772849746804,-0.000978997159499,-1.14278118063,-0.0882308262993,0.363185153707,-0.221287772838,0.57376974812,0.818999223454,0.00304877434202,0.0,0.81896949721,-0.573706361539,-0.0114332965657,0.0,-0.00761490638443,0.00905710725803,-0.999929988554,0.0,0.614892981991,0.199640523726,0.304121224091,1.0,-0.184396,-0.242349028571,1.368
0.418211290139,0.307557754686,-0.126099095989,-1.72009396586,0.0544414465102,2.02023943424,0.0996940524622,-0.22407490337,-0.846781998539,-0.00256251865618,-1.15920386847,-0.101598626657,0.378717659316,-0.249842478637,0.573685526795,0.819057830631,0.00315171836643,0.0,0.819029113952,-0.573621458396,-0.0114227784117,0.0,-0.00754816814551,0.00913460762118,-0.999929789586,0.0,0.611525503521,0.195276635867,0.304175936438,1.0,-0.19246,-0.252947428571,1.386
0.414521127514,0.294465646201,-0.126213964969,-1.7391509499,0.0528205203108,2.02594873326,0.0958095677194,-0.239364203321,-0.870578865425,-0.0103867752469,-1.18931525433,-0.0934240248298,0.359212364152,-0.243392975829,0.573664028701,0.819073883756,0.00288132337737,0.0,0.819041382112,-0.573600474519,-0.0115955560508,0.0,-0.00784503971365,0.00901204999032,-0.999928616606,0.0,0.608345670394,0.191173969791,0.304087384131,1.0,-0.199628,-0.262368228571,1.402
0.410609580432,0.280926529959,-0.126361948918,-1.75840650973,0.0512423028513,2.03190663563,0.0917289470996,-0.248870194402,-0.833614658632,-0.00853157611897,-1.22683512341,-0.104320606097,0.371222720151,-0.261321356875,0.573688324382,0.819056316828,0.00303368309469,0.0,0.819025476098,-0.573623906446,-0.0115598597525,0.0,-0.00772813179469,0.00911659583516,-0.999928579279,0.0,0.6049360875,0.186677563893,0.304149185412,1.0,-0.207244,-0.272377828571,1.419
