position_joint1,position_joint2,position_joint3,position_joint4,position_joint5,position_joint6,position_joint7,velocity_joint1,velocity_joint2,velocity_joint3,velocity_joint4,velocity_joint5,velocity_joint6,velocity_joint7,ee_T_00,ee_T_10,ee_T_20,ee_T_30,ee_T_01,ee_T_11,ee_T_21,ee_T_31,ee_T_02,ee_T_12,ee_T_22,ee_T_32,ee_T_03,ee_T_13,ee_T_23,ee_T_33,v_x,v_y,w_z,time
0.4650971297896213,0.5472953173203772,-0.12397750189045552,-1.3555810108540736,0.07944899594124812,1.894176206270853,0.15912580347067964,-0.005615597360474979,0.0010749454592487832,0.00015228962587304968,-0.00025880180405005214,0.00033402939317147813,-0.005134140936052064,-0.000764583780932419,0.5737236947553166,0.8190329833846337,0.002615550722621118,0.0,0.818999233115417,-0.5736634707931523,-0.011455362723240953,0.0,-0.007882025754815336,0.008714514843756516,-0.99993096306747,0.0,0.6617569903942884,0.26094564132556747,0.30368467216564793,1.0,5e-324,6.91240128906933e-310,6.91218908949033e-310,0.0
0.46509919862998095,0.547290010365212,-0.12398494289445738,-1.355578724428244,0.07944899642876006,1.8941769183476762,0.15913024681993743,0.0008852542101984171,-0.0005179555293773918,-0.001457957360834887,0.00022520433672817424,0.00020578214457684312,0.00028447574792348884,0.0002706617326683877,0.5737307052460384,0.8190280558128775,0.002620791954601856,0.0,0.8189944117777997,-0.5736705061320801,-0.011447740917178054,0.0,-0.007872701513682412,0.008714502216309747,-0.9999310366330261,0.0,0.6617589643679705,0.2609430939794333,0.30368982898652963,1.0,-0.00018,-0.00023657142857142863,-9e-05,0.010000000000000002
0.4650942599605802,0.5472893577628978,-0.12398179285239481,-1.355578734824841,0.07944828386440042,1.8941754315531212,0.15913135879989335,0.0013249265889896016,0.002637279819957269,-0.0006988637081132353,-0.005556013305774307,-0.00013379000803610084,0.0004616840826534615,-7.089043309946143e-05,0.5737332606417815,0.8190262666007244,0.002620525259754286,0.0,0.8189926088939781,-0.5736730507545431,-0.011449205920900402,0.0,-0.007874027260020122,0.008715148857538019,-0.9999310205584682,0.0,0.6617592877131356,0.26094143939860176,0.30369005146856665,1.0,-0.0003800000000000002,-0.0004994285714285718,-0.0001900000000000001,0.02000000000000001
0.4650916443212953,0.54727690522087,-0.12398216875910315,-1.3555851715860736,0.0794476735308869,1.8941737648646062,0.15912429977875653,-0.00044347182451239664,-0.0014326900480983423,-0.0009679255895148071,0.00029406674036484257,-0.0003564568331957945,7.864834806311629e-05,0.00016696919889460876,0.573730038001209,0.8190285113872963,0.002624486816371738,0.0,0.8189949034365146,-0.5736698141808131,-0.011447241762702528,0.0,-0.0078701800414826,0.008717235612067581,-0.9999310326564519,0.0,0.6617586100052777,0.26093867762303585,0.3036956754773941,1.0,-0.0006800000000000005,-0.0008937142857142865,-0.00034000000000000024,0.035000000000000024
0.4650882181309583,0.5472348197716944,-0.1239772166754622,-1.3556266051949408,0.07944899594121509,1.8941799068669998,0.1591207545542021,-2.2637821370358532e-05,-0.004841686589144069,7.704940844794069e-05,-0.004343101415479011,0.00011353797984171251,-0.0004747881883888441,0.0003503099534147063,0.573732775116426,0.8190265780422674,0.0026294711990867345,0.0,0.8189929743347396,-0.573672468268462,-0.011452250534957376,0.0,-0.007871393882232014,0.00872421788724606,-0.9999309622071948,0.0,0.6617491837496896,0.260934418821175,0.3037045933203289,1.0,-0.0010400000000000008,-0.001366857142857144,-0.0005200000000000004,0.05300000000000004
0.4650928231976933,0.5471121426669591,-0.12398274331383895,-1.3557724094876908,0.07944605712204608,1.8942065273490278,0.1591308875484967,9.847124516263492e-05,-0.0048721895353960295,-0.0008176744414774798,-0.0061067799793717735,0.00012356862370218656,-0.00012288526343484174,0.0017630634016235875,0.5737445902556848,0.819018264924805,0.0026407902427753116,0.0,0.8189847475970771,-0.573684179099869,-0.011453940591317508,0.0,-0.007866158414976232,0.008734571549383521,-0.9999309130193141,0.0,0.6617264815289938,0.2609210198526361,0.3037261201266679,1.0,-0.001360000000000001,-0.001787428571428573,-0.0006800000000000005,0.06900000000000005
0.4650825808822791,0.5469768679241603,-0.12398214787476527,-1.3559671419890498,0.07944152470879635,1.8942466923390782,0.1591214311016883,0.00040458911768167496,-0.009492623104613837,-0.0008238180665235116,-0.011221043888982598,0.00013070780209254438,0.0039454399894872285,-0.0014225231718054782,0.5737542949824143,0.819011501676405,0.0026298312115608157,0.0,0.8189777409400415,-0.5736938051883209,-0.0114727779765758,0.0,-0.007887771108268382,0.008736497068778867,-0.9999307259435081,0.0,0.6616962098567372,0.26089523528522535,0.30373270016283965,1.0,-0.0017000000000000012,-0.0022342857142857164,-0.0008500000000000006,0.08600000000000006
0.465052478645006,0.5467941732992195,-0.12398027661495961,-1.3562040969383873,0.07943716938425806,1.8943812621895486,0.1591256843236471,-0.0011622377579608109,-0.009939775596692393,-3.0827834300480475e-05,-0.013771124027902872,-7.007063580235487e-05,0.0033258924934576085,0.00015373887055669026,0.5737934622862226,0.8189838249692393,0.0027025871959767437,0.0,0.818950974615416,-0.5737327010739267,-0.011438347611651013,0.0,-0.007817409535840258,0.008776704475809222,-0.9999309263977654,0.0,0.661681208312184,0.26085911298281955,0.30376093827245426,1.0,-0.0020600000000000015,-0.0027074285714285737,-0.0010300000000000008,0.10400000000000008
0.4650261846440726,0.5465812760108558,-0.12397507490700545,-1.3564376271540097,0.07943227318483777,1.8944977694222722,0.15911336725274497,-0.002232852020301694,-0.008853734093530612,-9.443315480923422e-05,-0.011504188081101662,2.7054797759553454e-06,0.009164147311520373,-0.00019917607904148347,0.5738130830345408,0.8189697820659119,0.0027908247018061895,0.0,0.8189380134775969,-0.5737519786095262,-0.011399299286756696,0.0,-0.007734589372778766,0.008826749447707824,-0.9999311299391684,0.0,0.6616624375353333,0.26082692249137146,0.303810511781619,1.0,-0.002400000000000002,-0.0031542857142857175,-0.001200000000000001,0.1210000000000001
0.4650020738795107,0.5463732083987495,-0.12397580071324397,-1.356711515373479,0.07942614217571725,1.8946206183407477,0.15910985065733102,-0.0013098911095600684,-0.01082921902909527,0.0008148890737599803,-0.014006237343057764,0.000454269805923543,0.005588482244650811,-0.0002750930568241486,0.5738442114905682,0.8189477863525767,0.0028444803024401276,0.0,0.8189166591514261,-0.5737828809286498,-0.011377953185632603,0.0,-0.007685983450916978,0.008858735438590823,-0.999931221867195,0.0,0.6616364056957352,0.2607881210505269,0.3038381832026773,1.0,-0.002720000000000002,-0.003574857142857146,-0.001360000000000001,0.1370000000000001
0.4649648093155517,0.5461348167253314,-0.12398343637562476,-1.357068669505698,0.07941026502396069,1.8947481476938328,0.15910560489282372,0.0005448477416815747,-0.018005581038422338,-0.0001635262557726179,-0.019685122103848894,-0.003029470590927424,0.000982780090587668,0.0007721688235813337,0.5738923111171267,0.8189140507766818,0.00285299533432732,0.0,0.8188830193262843,-0.5738309325620926,-0.011375781080687177,0.0,-0.007678797832895323,0.00886491340570933,-0.999931222321891,0.0,0.6615985605650369,0.26072586703604367,0.3038482901387404,1.0,-0.0030400000000000023,-0.003995428571428575,-0.0015200000000000012,0.1530000000000001
0.4649299283669926,0.545843921368043,-0.12398351512660757,-1.3575104440248713,0.07938955998867855,1.8949042404420038,0.15909493541815015,-0.0008648536668909312,-0.01922848543422335,0.00028746413271112017,-0.025754178732590286,-0.004395036682469714,0.004825097780426989,0.00010955515600670764,0.5739313453009672,0.8188866682745397,0.0028604727676089115,0.0,0.8188556782557205,-0.5738698757237135,-0.011379403605731708,0.0,-0.007677050561002818,0.008873481630431196,-0.9999311597397285,0.0,0.6615462700323452,0.26066136749563784,0.3038575012245156,1.0,-0.0033800000000000024,-0.004442285714285718,-0.0016900000000000012,0.17000000000000012
0.4648771025057239,0.5455375880242237,-0.12398825692063566,-1.3580088999288642,0.07935366111009144,1.8950686640768848,0.15908524539944627,-0.0025952995200702656,-0.022722427067042566,-0.00190626970363014,-0.035571494005854895,0.00019291440678281867,0.015732672320176784,0.0002693954824467677,0.573988235867433,0.8188468912452683,0.002832081383047068,0.0,0.8188155801461913,-0.5739268975027007,-0.011388983009441276,0.0,-0.007700573909989017,0.008856265137141939,-0.9999311314932031,0.0,0.6614896066554816,0.2605738778355282,0.3038514860767538,1.0,-0.003720000000000003,-0.004889142857142862,-0.0018600000000000014,0.18700000000000014
0.46483095400925,0.5451932783411723,-0.12398143635643892,-1.3585704953072484,0.07929507067856095,1.8952575757719161,0.1590320987459856,-0.001204888189968853,-0.022330480412671286,0.0014791480196466415,-0.03570574212172686,-0.0017392303540919984,0.012713648672952107,-0.0020953471177046546,0.5739934866594787,0.8188433352553384,0.0027957971343748837,0.0,0.8188116995985557,-0.5739324231504379,-0.01138951967377498,0.0,-0.0077217823208993175,0.008826911457655434,-0.9999312274911247,0.0,0.6614211618316463,0.26048849548008596,0.30384398240685495,1.0,-0.004060000000000003,-0.005336000000000005,-0.0020300000000000014,0.20400000000000015
0.4647708984147999,0.5448188175249258,-0.12397823212334974,-1.3591979670157956,0.07927485717279252,1.8954715400401243,0.15891330521981528,-0.003865883229938631,-0.02296871824771078,0.00132598182660073,-0.03969542456080301,-0.00020450013648570786,0.01874159530253739,-0.008163411155666538,0.5739727687317681,0.8188579347069096,0.002773161216181392,0.0,0.8188258159677896,-0.5739115601435529,-0.011425897753976058,0.0,-0.00776478725310098,0.00882906015151301,-0.999930875498779,0.0,0.6613456235899026,0.2603923181405931,0.30382880321994016,1.0,-0.004400000000000004,-0.005782857142857149,-0.002200000000000002,0.22100000000000017
0.46471449358849637,0.5444371658208352,-0.1239868864616095,-1.3598719624113296,0.07925037999463043,1.8956809546024802,0.15890950330960862,-0.0015868388086534284,-0.023630671069410088,0.0006972148280746604,-0.043358408483446485,-0.00024977415921028035,0.014504671139842721,-0.0017879480818774182,0.5740528709918994,0.8188019988655431,0.0027082948431053685,0.0,0.8187688963263592,-0.5739916934835314,-0.011479421659285484,0.0,-0.007844985697281426,0.008807432110815694,-0.999930440250232,0.0,0.6612606171342409,0.26028526305402466,0.30379652047475625,1.0,-0.004720000000000004,-0.006203428571428578,-0.002360000000000002,0.23700000000000018
0.46465455972792374,0.5439920814933089,-0.12398567033604722,-1.3606140599743621,0.07921903297950746,1.8959221507052133,0.15887941622459475,-0.00461312402384502,-0.026877232384322845,0.0007912363450863674,-0.04291074905851895,-0.0030591286586452654,0.014506387093722288,-0.0024292294020057366,0.5741093646078856,0.818762521590497,0.002667884838091548,0.0,0.8187287339624443,-0.5740481300187374,-0.011521784039481684,0.0,-0.00790226279402162,0.008799207501915693,-0.9999300616493497,0.0,0.6611669131471251,0.26017538892,0.30377910271161584,1.0,-0.005060000000000004,-0.0066502857142857206,-0.002530000000000002,0.25400000000000017
0.46458627779942013,0.543517908247441,-0.1239903462081388,-1.3613794292159451,0.07917725526347798,1.8962055563845392,0.15882145308254983,-0.0059754720918265124,-0.026404196510452026,0.00011876911935359938,-0.04660357791246002,-0.004647478760931344,0.0227179807111888,-0.005328889318207418,0.5741518528672269,0.8187327488263175,0.0026613435780315905,0.0,0.8186988449044705,-0.5740905993466533,-0.011529613831100096,0.0,-0.007911972425049707,0.008798757460544801,-0.9999299888289659,0.0,0.6610857405699028,0.26006355202952824,0.30377514859273463,1.0,-0.005380000000000004,-0.007070857142857149,-0.002690000000000002,0.2700000000000002
0.46451861009827783,0.5430402959210747,-0.12398821219295535,-1.3621573919410337,0.07912754817092665,1.8964812359704992,0.15876947375104108,-0.0050442007656541455,-0.025704312572980417,0.0022898025882140374,-0.04784755771754019,-0.00034136543328071875,0.007783560034329859,-0.008271323904533338,0.5741940617572869,0.818703222251862,0.002638222563696376,0.0,0.8186690264738239,-0.5741328878974596,-0.011541188332780557,0.0,-0.007934270496545492,0.008786882078856431,-0.9999299165716664,0.0,0.6609894545619784,0.2599364814820716,0.3037663597642282,1.0,-0.005720000000000004,-0.007517714285714292,-0.002860000000000002,0.2870000000000002
0.4644482034486613,0.5425090182453106,-0.12399425869906486,-1.3630420448112448,0.07906990395248081,1.8967747124313286,0.1587094416404489,-0.0011643790696935778,-0.03272113142255361,-0.0011566894040158531,-0.04931946062137419,-0.0030806881177535103,0.017340216279949985,-0.0017713024196563767,0.5742333668026746,0.8186758023539847,0.0025919088974295243,0.0,0.8186410348019434,-0.5741723741176626,-0.011562345769710151,0.0,-0.00797776381165266,0.00876149640733731,-0.9999297932681424,0.0,0.6608753708793662,0.2597959505040244,0.3037536870698404,1.0,-0.006080000000000005,-0.00799085714285715,-0.0030400000000000023,0.3050000000000002
0.4643729096100767,0.5419425633843479,-0.12399419696774729,-1.3639502403929493,0.07902720825083495,1.8971058132307514,0.15864870925261387,-0.0032567595642556263,-0.029877814187909312,0.0005673060120828326,-0.056745999070761104,-0.006746649464364665,0.01826905557483181,-0.0025837283421369663,0.574291479323796,0.8186350785712505,0.0025791102994414377,0.0,0.8186000190446555,-0.5742303844745124,-0.01158539026325499,0.0,-0.008003357459019866,0.008764819403003027,-0.9999295596241848,0.0,0.6607747883102735,0.25966446760777245,0.303743642624162,1.0,-0.006400000000000005,-0.008411428571428578,-0.0032000000000000023,0.32100000000000023
0.46428102005686384,0.5413306847596794,-0.12399447035380208,-1.36489228773184,0.07895968950830796,1.8974473126609013,0.15857039661357747,-0.00034049732259303675,-0.040017665510379975,0.000733355141118157,-0.0532771109766595,4.248143952417338e-05,0.010584159940813617,-0.0028056170584454697,0.574337005404105,0.8186031285975415,0.002582435859814187,0.0,0.8185681919250647,-0.5742759809735072,-0.011574098092481385,0.0,-0.007991715887799622,0.008761501377271289,-0.9999296818130685,0.0,0.6606694886219304,0.25951205577935893,0.30375743491509827,1.0,-0.006740000000000005,-0.008858285714285721,-0.0033700000000000023,0.33800000000000024
0.4641957346985636,0.5406754940750378,-0.12400618031464965,-1.3658884441818342,0.0789046457448471,1.897809441119681,0.1585073375830783,-0.005636618123632276,-0.03934509162464457,-0.001772498098836531,-0.0600338910845979,-3.7850151773788495e-05,0.0253753750649742,-0.002935189286747133,0.5744038781615398,0.818556150656096,0.0025999763971837073,0.0,0.8185214441920324,-0.5743427893298959,-0.011565147805042215,0.0,-0.007973598689397066,0.008771371062289257,-0.9999297399185746,0.0,0.6605570056376066,0.25935494865571995,0.30377819432490305,1.0,-0.0070800000000000056,-0.009305142857142866,-0.0035400000000000028,0.35500000000000026
0.4640918653604787,0.5400143247879526,-0.12401226836861129,-1.366881934045428,0.07885032397096849,1.898188012930397,0.15842097108343742,-0.011516411226341021,-0.04101071917892958,-0.0007818748344328463,-0.06513467467562642,-0.006710018003092334,0.019629784187823296,-0.008895199117660487,0.5744539914720377,0.8185208736332564,0.0026340101941731984,0.0,0.8184865559381742,-0.5743927246723789,-0.011554327895435194,0.0,-0.007944655230202657,0.008793501012588023,-0.9999297759308973,0.0,0.6604409048483038,0.2591887873805234,0.3037989789493314,1.0,-0.007420000000000006,-0.009752000000000009,-0.003710000000000003,0.3720000000000003
0.4639856428689318,0.5392595290715045,-0.12401481281333354,-1.3680791982654719,0.07876903998156845,1.8986249969701043,0.15835551321363026,-0.008842036053377014,-0.04117002895789594,-0.0003005014580548328,-0.06357176853237749,-0.008675795046915853,0.03003003373343288,-0.003900152652638362,0.5745426642684539,0.818458651945687,0.0026284770806926337,0.0,0.8184243843579599,-0.5744815396256567,-0.01154273012927268,0.0,-0.007937388600517181,0.008783169761204093,-0.9999299244402831,0.0,0.6603149139752419,0.2590031346286234,0.30380697156103303,1.0,-0.007760000000000006,-0.010198857142857152,-0.003880000000000003,0.3890000000000003
0.46390123191822924,0.5385664628129039,-0.12401837127255523,-1.369165426520784,0.0787200373062335,1.8990474648196087,0.15825223397104837,-0.0033667724431793735,-0.0459057420141009,0.0005213667238748292,-0.07057456296913914,0.0001969570285714929,0.03333471298118345,-0.008758836520176136,0.5745767811065299,0.8184345999232171,0.0026599178541208317,0.0,0.8184006364689091,-0.5745154336007355,-0.011539570314862944,0.0,-0.00791637216932356,0.008807417201707399,-0.9999298777683923,0.0,0.6601916445762691,0.25884623153820263,0.30381629999244253,1.0,-0.008080000000000006,-0.01061942857142858,-0.004040000000000003,0.4050000000000003
0.46379141498925347,0.5377907193712672,-0.12403065059058781,-1.370362945875904,0.07864553236735944,1.89951505348159,0.15817300813891352,-0.006758217120575309,-0.04483779839662435,0.000206625607588388,-0.07391826735299573,-0.007384903175164527,0.016817242443282747,-0.008071624282733296,0.5746567168269516,0.8183783688010458,0.002692616834350246,0.0,0.8183449320521694,-0.5745953674737045,-0.011510115703023023,0.0,-0.007872616126607945,0.008818024414841683,-0.9999301297394445,0.0,0.6600635657140972,0.2586543199561562,0.303835093452099,1.0,-0.008420000000000007,-0.011066285714285726,-0.004210000000000004,0.4220000000000003
0.4636920261338237,0.5369948653098365,-0.12403467428713115,-1.3716247938899495,0.07856931961900147,1.8999872559870907,0.15807758651016388,-0.0037802690080767786,-0.04301843466784292,8.187171349902212e-05,-0.07771790819282474,-0.0031095584038880473,0.025308725364180332,-0.008192218171336247,0.5747119784400022,0.8183395537473517,0.0026950902344838393,0.0,0.8183061663052312,-0.5746506335288648,-0.011507148774470769,0.0,-0.007868171169018168,0.00881887498667798,-0.9999301572242055,0.0,0.659917287192586,0.2584667627188773,0.3038374594244397,1.0,-0.008760000000000007,-0.01151314285714287,-0.004380000000000004,0.43900000000000033
0.463570639541748,0.5361586334363702,-0.1240396634110814,-1.372951171068565,0.0784939291005603,1.9004696142202286,0.15798714808130276,-0.007964449635793253,-0.05012322006918413,0.00045495110778433017,-0.07538578406624262,-0.008475360130683137,0.02627379084595537,0.0014431604811394072,0.5747935707891717,0.8182822681335791,0.0026884082292622947,0.0,0.8182487601325407,-0.5747321992662808,-0.011515753093582756,0.0,-0.007878173465805771,0.008819137337033212,-0.9999300761550645,0.0,0.6597647089758636,0.2582578373311951,0.3038383835602968,1.0,-0.009100000000000007,-0.011960000000000012,-0.004550000000000004,0.45600000000000035
0.46347687613973476,0.535328944866694,-0.12404961665020488,-1.3742378024319237,0.07840896747803236,1.90093909243026,0.15788628115988756,-0.011234453424373177,-0.058233322322879554,-0.0012651674626470103,-0.08162892894568288,-0.003425614367790161,0.03609019964070869,-0.0035476275004837367,0.5748425937847114,0.8182478187762997,0.002691902654495042,0.0,0.8182144453740806,-0.5747813048883356,-0.011503035827824151,0.0,-0.00786523008509149,0.008815158308227336,-0.9999302131347514,0.0,0.6596128364571565,0.2580664830894941,0.3038524735197019,1.0,-0.009420000000000008,-0.012380571428571442,-0.004710000000000004,0.47200000000000036
0.46335617131846,0.5344486444562335,-0.12405210873519788,-1.3756526795601105,0.0783505698931226,1.9014459965882111,0.15777626770389977,-0.009392136808272474,-0.050288190013185144,-0.0008078886194511043,-0.08350255986736714,-0.0030887670595578787,0.028657189621290817,-0.0150627142780631,0.5749150335378789,0.8181969577490982,0.0026813137579529247,0.0,0.8181632009750549,-0.5748534945773045,-0.011540504482975358,0.0,-0.007901195197534627,0.008828731749343607,-0.9999298098417452,0.0,0.6594434549798113,0.25785397015071315,0.30384413560020196,1.0,-0.009760000000000008,-0.012827428571428585,-0.004880000000000004,0.4890000000000004
0.4632425245452039,0.5335302908530313,-0.12405407961088924,-1.3771250495510865,0.0782543700465681,1.9019843149523519,0.15770206464465814,-0.0035556913982259667,-0.05281054225645398,0.0005857413539905908,-0.0823744677560171,-0.009297996103217819,0.03247118159367978,-0.0029300300516872666,0.5750034954056863,0.8181348574939742,0.0026612263650116017,0.0,0.8181008917764588,-0.5749420688421856,-0.011545356262959092,0.0,-0.007915759811861767,0.008815941603535077,-0.9999298074966283,0.0,0.6592677747656702,0.2576361406956066,0.3038377406088132,1.0,-0.010100000000000007,-0.013274285714285725,-0.005050000000000003,0.5060000000000003
0.4631284974690334,0.5326514853384172,-0.12405109519341627,-1.378530355091796,0.07817999427177029,1.90251699450197,0.1575794608283083,-0.0008136619733035253,-0.05744595174104357,0.0012831942336829993,-0.09025475309083217,-0.0026362434247818004,0.03329505858659101,-0.00799957533309027,0.575057134199235,0.8180971255971738,0.0026706548660287033,0.0,0.8180631897624677,-0.5749955668806439,-0.011552598169757506,0.0,-0.00791568504868928,0.008828338407385714,-0.9999296987144519,0.0,0.6590943936290349,0.2574141288154622,0.30383504628495844,1.0,-0.010440000000000007,-0.013721142857142868,-0.005220000000000003,0.5230000000000004
0.46298441603769824,0.5316242626069837,-0.12405426192434896,-1.3801540176614053,0.07809210929624906,1.9031295055378492,0.15748054420149268,-0.00943809535215505,-0.060043141123229726,-9.846480405885481e-06,-0.09593615676656542,-0.006626665151391591,0.02762208583494281,-0.003488388916727606,0.5751556490516243,0.8180278161063927,0.0026866971208081023,0.0,0.8179940164753328,-0.5750939362550198,-0.0115542370785988,0.0,-0.007906736330626718,0.008843357157169413,-0.9999296368019044,0.0,0.6589165676288046,0.2571828152565061,0.30383904571921994,1.0,-0.010780000000000008,-0.014168000000000014,-0.005390000000000004,0.5400000000000004
0.4628674976404918,0.5306921751108413,-0.1240542648607211,-1.3816615183216052,0.0779820588487798,1.903666845181759,0.15735270904617596,-0.008987278773059403,-0.06064169496782226,-0.0007198941878549139,-0.09582444373651662,-0.011359773473842651,0.0388784326267218,-0.006871548998438467,0.5751991201753182,0.8179973936547125,0.0026425413611845,0.0,0.8179631354687324,-0.5751376751812363,-0.011563325753912921,0.0,-0.007939098085878893,0.008812885892714367,-0.9999296494073097,0.0,0.6587328607897208,0.2569577572650958,0.3038248566171577,1.0,-0.011100000000000007,-0.01458857142857144,-0.005550000000000004,0.5560000000000004
0.4627188170194098,0.5296291395384692,-0.12405707619066333,-1.3834026426602202,0.07788969489250158,1.9042983147023635,0.15724403489328057,-0.007281894496154014,-0.05742044095139973,-0.0009125918272094865,-0.09703826082321837,-0.0021670359595040755,0.03590936847357764,-0.0040459340763694075,0.5753036725712383,0.8179239801478613,0.002606516129829868,0.0,0.8178891251819632,-0.575242192275571,-0.011599398100173162,0.0,-0.00798820160632302,0.008805187050980837,-0.9999293261606512,0.0,0.6585242397539597,0.25669337786650603,0.3037998265337373,1.0,-0.011460000000000008,-0.0150617142857143,-0.005730000000000004,0.5740000000000004
0.46257924044879833,0.5286122722984067,-0.1240574523371177,-1.384979405293532,0.07778208594005563,1.9048700240983536,0.15712563179893943,-0.010166059449339366,-0.06477451974139072,0.0010582212252237362,-0.09712242057266693,-0.0049257874754258905,0.03453528342746453,-0.01117452110362139,0.5753776665507019,0.8178719219853079,0.002609015894170767,0.0,0.8178371771081577,-0.5753162541581418,-0.011589061325770093,0.0,-0.007977512201070402,0.0088020067229585,-0.9999294394989731,0.0,0.6583383289495813,0.25644884231942316,0.3038149386378265,1.0,-0.01178000000000001,-0.01548228571428573,-0.005890000000000005,0.5900000000000004
0.46244128907262394,0.5275102683382591,-0.12406594672133488,-1.386710351754819,0.07768266082128196,1.9055381833840008,0.15699180985690564,-0.0029042330961863948,-0.06437813648450028,-0.0014449623346597259,-0.10547872960912907,-0.009699026468575997,0.036857124034085365,-0.011448574051778305,0.5754541483751098,0.8178180103860336,0.0026404369552647904,0.0,0.8177836880373875,-0.5753926374931712,-0.011571482179443848,0.0,-0.007944231500459864,0.008818333474561846,-0.9999295606094453,0.0,0.6581383636317899,0.2561913288653717,0.303825028689492,1.0,-0.01212000000000001,-0.01592914285714287,-0.006060000000000005,0.6070000000000004
0.46228456075381347,0.526373310182038,-0.12406426071658953,-1.3884774858440148,0.07756948824266033,1.9062108790496015,0.15687032082073757,-0.015698917388509405,-0.06951117041094533,0.0016756640804221079,-0.10507079522347376,-0.004014609987019252,0.035162078397185055,-0.010629455490694852,0.5755467838455495,0.8177527198460524,0.002671271352053782,0.0,0.8177188531397817,-0.5754852212984487,-0.011549207247423449,0.0,-0.007907270692925183,0.00883162806985456,-0.9999297362394142,0.0,0.6579344575901008,0.25592167528394244,0.30384224722260306,1.0,-0.01246000000000001,-0.016376000000000016,-0.006230000000000005,0.6240000000000004
0.46213931513311524,0.5252773893337859,-0.12407874615090037,-1.3901892482176292,0.07746317879881275,1.9068378064518463,0.1567478228595297,-0.010501722343278033,-0.07351967577468535,-0.0020703020401073293,-0.1061575232449976,-0.007064695289202986,0.036645460918531186,-0.0036937991107278928,0.575639132740668,0.8176877049973974,0.0026744821683180346,0.0,0.8176539446914928,-0.5755776204531706,-0.01154021079162703,0.0,-0.007897068438045551,0.008829967830911972,-0.9999298315272875,0.0,0.6577331524219091,0.2556542504649346,0.3038532239622961,1.0,-0.01278000000000001,-0.016796571428571445,-0.006390000000000005,0.6400000000000005
0.4619909651316591,0.5241178959360419,-0.12408154549074664,-1.3920263654797727,0.07733975962851031,1.9074873351845336,0.15662084128293635,-0.008829534920621503,-0.07175306626255998,0.00026199620561275796,-0.10883085343049148,-0.0071124054793059634,0.035186946965561024,-0.009528838069909527,0.5757238379188144,0.8176281720019645,0.0026422910446745338,0.0,0.8175940502558426,-0.5756624832427792,-0.011550812707837834,0.0,-0.007923354604348065,0.00881056929116894,-0.9999297946958973,0.0,0.657507125868772,0.2553763735444573,0.3038505268334453,1.0,-0.01312000000000001,-0.017243428571428587,-0.006560000000000005,0.6570000000000005
0.4618154429214548,0.5228646225841224,-0.1240798277902238,-1.394055708949673,0.07721873723751663,1.9082452502223122,0.15645780593029995,-0.00991737119979573,-0.07026353950245806,0.0005713756783251958,-0.11368510274509747,-0.005392721841904957,0.035690931397596826,-0.0125480061752447,0.5758091460989995,0.8175681519630015,0.0026250839513937913,0.0,0.8175337667884802,-0.5757477930749394,-0.011565717927727225,0.0,-0.007944529297453318,0.008805910475969764,-0.9999296677241511,0.0,0.6572651687271618,0.2550694210220498,0.3038312503518274,1.0,-0.01348000000000001,-0.017716571428571443,-0.006740000000000005,0.6750000000000005
0.4616780468543924,0.5217675130130807,-0.12408333092018767,-1.3957754798860038,0.07710966735703631,1.9089177470219156,0.1563444307012659,-0.01043851331130841,-0.07299555636662407,7.63186731320804e-05,-0.10960000573422424,-0.0066580088293348265,0.04696991086718871,-0.004777026901512329,0.5758994150890908,0.8175044530367931,0.002660801808755724,0.0,0.8174706144018755,-0.5758380256108943,-0.011537319930361556,0.0,-0.007899771654169052,0.00881963289425955,-0.9999299013848033,0.0,0.657052661109112,0.2548004506917006,0.3038390607748954,1.0,-0.01380000000000001,-0.018137142857142872,-0.006900000000000005,0.6910000000000005
0.4615423935186887,0.5207633636617898,-0.12408807703858918,-1.3974355485915662,0.07701018589013592,1.9095539194733147,0.15622510256016045,-0.011999709391324338,-0.07030976563038205,0.0015343303486850528,-0.11610315683267092,-0.014202080469292834,0.036839394841061884,-0.006484911901682832,0.5759854280721368,0.8174439282274325,0.00263775546056688,0.0,0.8174097979147235,-0.5759241114926695,-0.01154932792843558,0.0,-0.007921933542014259,0.008808541340492457,-0.9999298238218565,0.0,0.6568265822554978,0.254510027445529,0.30381197397467985,1.0,-0.014120000000000011,-0.018557714285714302,-0.0070600000000000055,0.7070000000000005
0.4613382434893275,0.5192221002460473,-0.12409686571465257,-1.399847869082337,0.07685256652591506,1.9104226960055566,0.15604444812337315,-0.011646144595262623,-0.07302296894993454,-0.00148948954470475,-0.12454957287907119,-0.0070977925960529495,0.042214289187601645,-0.001155595769450024,0.5760837669723047,0.8173746593363045,0.0026280424402008173,0.0,0.8173404919750857,-0.5760225688974185,-0.0115441413691654,0.0,-0.007922229388840907,0.008798567347101133,-0.9999299092907207,0.0,0.6565752458445225,0.2541948954471847,0.30382207951475537,1.0,-0.014460000000000011,-0.019004571428571447,-0.0072300000000000055,0.7240000000000005
0.4611583833506801,0.5178724125580179,-0.12409813485199148,-1.4019168497794787,0.07672100890475807,1.9111766023012313,0.15587879792006895,-0.01125969410227619,-0.07992769926650257,2.3776297964086087e-06,-0.1224194057901133,-0.00527568029107988,0.04526233868623952,-0.017265544658174363,0.5761703386612427,0.8173135545612293,0.002653540782672971,0.0,0.8172797369648532,-0.5761090675632778,-0.01152912482538032,0.0,-0.007894333076339466,0.008811594518495391,-0.9999300152047247,0.0,0.6563252215796275,0.2538781526961746,0.3038498781290024,1.0,-0.014800000000000011,-0.019451428571428588,-0.0074000000000000055,0.7410000000000005
0.46098138485390866,0.5165275390675387,-0.12410212902394922,-1.4040499881668902,0.07658025280403404,1.9119532298712008,0.1557275107438077,-0.006075148444821293,-0.07701647255251808,-5.9702440760484526e-05,-0.12306583424079653,-0.012607955695093634,0.04954034603309513,-0.016863237271698753,0.5762688874042448,0.8172441343097137,0.0026346247263625217,0.0,0.8172101400633078,-0.5762077421857925,-0.011531336612392317,0.0,-0.007905978256724622,0.008798361957284104,-0.9999300397201161,0.0,0.656064059490674,0.25355415090820305,0.3038454393393645,1.0,-0.015140000000000011,-0.019898285714285733,-0.0075700000000000055,0.7580000000000006
0.46079143047904086,0.5151513408526774,-0.12411007585839254,-1.4062141254505884,0.07645033345753183,1.9127722123885813,0.1555610371056438,-0.012250255595741178,-0.07738202862357796,0.0015027214775839084,-0.12717522937246897,-0.008412075444232432,0.052692698700897087,-0.008409219128530088,0.5763729096887127,0.8171707010427012,0.0026572985446852914,0.0,0.8171370200842356,-0.5763116992754251,-0.011517924610613614,0.0,-0.00788083001924128,0.008810166358676208,-0.9999301343028622,0.0,0.6558076309084581,0.2532207032148046,0.30385161756502543,1.0,-0.015480000000000011,-0.020345142857142874,-0.0077400000000000056,0.7750000000000006
0.46061749123729495,0.513833786445905,-0.12411680713281086,-1.4083160495985214,0.07631705366194258,1.913538495043261,0.15539809449460124,-0.011461370922358197,-0.08580848216842454,0.0006546760938904321,-0.1373975366086467,-0.012637345103843784,0.046187519588211684,-0.002906297694911672,0.5764611467330468,0.8171085289165593,0.0026353709881693967,0.0,0.8170745953851576,-0.57640003189934,-0.011526304864483384,0.0,-0.0078993661772917,0.008797930991057648,-0.999930095768836,0.0,0.6555489539568001,0.2529010684134786,0.3038412754364095,1.0,-0.015800000000000012,-0.020765714285714304,-0.007900000000000006,0.7910000000000006
0.4604417933994726,0.512518345693409,-0.1241173916392934,-1.4104688111569232,0.07620520197524322,1.9142740150089355,0.1552371833688436,-0.010989969319284807,-0.07849665388542916,0.0004963814876838693,-0.12866139465941623,-0.00579974259471112,0.04698484379388277,-0.01022528864672302,0.5765562224952243,0.817041690838982,0.002558248272262787,0.0,0.8170064865478173,-0.5764950537191021,-0.011601761823477729,0.0,-0.0080044597324746,0.008779342433419199,-0.9999294233948854,0.0,0.6552691018283833,0.2525792581418467,0.3038020722290662,1.0,-0.016120000000000013,-0.021186285714285734,-0.008060000000000006,0.8070000000000006
0.46024115383543723,0.5110799413548619,-0.12412166114159831,-1.4127775035132968,0.07605725366965468,1.9151305544581516,0.15504971584512486,-0.0073980738873483005,-0.08877418682567943,-0.00034698738591429476,-0.13548660551910993,-0.004961889046211841,0.051569736689870416,-0.01199157662364714,0.5766507549009311,0.8169750359434319,0.0025385859494099373,0.0,0.8169396256281193,-0.5765896951209261,-0.01160682816939984,0.0,-0.008018920751349523,0.008767126475377737,-0.9999294147105325,0.0,0.6549877815047054,0.2522244827788354,0.303784906329447,1.0,-0.016460000000000013,-0.02163314285714288,-0.008230000000000006,0.8240000000000006
0.4600475471000074,0.5096200648711036,-0.12412147770120076,-1.4151105780045368,0.07591552516695615,1.9160245859803677,0.15487743754605163,-0.007218218263102976,-0.08928632598800584,0.0005159355999242221,-0.14388763100872595,-0.00906610190378363,0.050232770037240845,-0.00973165110570353,0.5767515790224901,0.8169038181874123,0.0025524159339078596,0.0,0.8168685894014948,-0.5766904617557226,-0.011600253031363835,0.0,-0.008004491181002715,0.008775621614306617,-0.9999294558048661,0.0,0.6547046619941459,0.25187787108995147,0.3037738194718532,1.0,-0.016800000000000013,-0.02208000000000002,-0.008400000000000006,0.8410000000000006
0.4598433643234462,0.5081159411119972,-0.12412959903621755,-1.4174849056092789,0.07575915556269554,1.9168717420445147,0.15469122566574922,-0.011792611832568153,-0.08410907222830177,-0.0011424832162625909,-0.1382876825248294,-0.015052834338804302,0.05065979952336215,-0.013757923782139131,0.5768527813795654,0.8168324471120695,0.002523660194217881,0.0,0.8167969029639572,-0.5767918127755104,-0.011609088027778984,0.0,-0.008027207792842495,0.008758221171772565,-0.9999294262581518,0.0,0.6544078458633005,0.251509805995833,0.303769699585174,1.0,-0.017140000000000013,-0.022526857142857164,-0.008570000000000006,0.8580000000000007
0.45964532706056505,0.5066981841296352,-0.12412986568551586,-1.4197240357707832,0.07562102615212421,1.9176830504274818,0.15451821375376576,-0.012325566875128008,-0.08192612187456005,0.00017841082768237286,-0.14114740852619792,-0.009318007932669901,0.04756914168334508,-0.011135418844318463,0.576951870348342,0.816762494238575,0.0025128087750178277,0.0,0.8167267676152317,-0.5768908812365229,-0.01162089102141335,0.0,-0.008042046301637296,0.008757141600486532,-0.9999293164830559,0.0,0.6541286988402258,0.2511658124104239,0.30376570266046077,1.0,-0.017460000000000014,-0.022947428571428594,-0.008730000000000007,0.8740000000000007
0.45942271684889024,0.5050952226822094,-0.12413374516555543,-1.422172373276629,0.07546417146335578,1.9186236344135736,0.15432019471093383,-0.011920834104203065,-0.09146827845404784,0.0012413570122949949,-0.14185701107670012,-0.009267141865630723,0.05723048160480672,-0.012522117192546959,0.5770586666468638,0.8166868135772929,0.0025866344774330184,0.0,0.8166521391152464,-0.5769975171152562,-0.011571336246530672,0.0,-0.007957829269720107,0.008789889677464746,-0.9999297029255467,0.0,0.6538371989051002,0.2507870065125623,0.30380233683128866,1.0,-0.017800000000000014,-0.023394285714285736,-0.008900000000000007,0.8910000000000007
0.4591996589979746,0.5034488278985232,-0.12414193310604378,-1.424646367847208,0.07530872484246104,1.9195760786224108,0.15411774975991654,-0.012324670675014512,-0.09432301154877448,-0.0009371789289622563,-0.14146209114654695,-0.012604297045137923,0.048455433039765565,-0.014398533628276942,0.5771665223788378,0.8166102693692556,0.0026870628944194973,0.0,0.8165769881445653,-0.5771051323882528,-0.011508062612616714,0.0,-0.0078470354023355,0.008836432331426655,-0.999930168311291,0.0,0.6535430056546907,0.2504040197915173,0.30385763020787854,1.0,-0.018140000000000014,-0.02384114285714288,-0.009070000000000007,0.9080000000000007
0.45896828463706346,0.5017768510622972,-0.12415070412756074,-1.4271438165507235,0.07514702116991626,1.9205002221259335,0.15393547080620243,-0.01100403112383491,-0.09483399971620061,-0.0014857794353339763,-0.1454032669418113,-0.014567047322934717,0.057141510841730386,-0.009218378500632042,0.5772967726316587,0.8165179377639288,0.0027641490589509106,0.0,0.8164857406417925,-0.5772352203603764,-0.01145786216270326,0.0,-0.007760135199770868,0.008871645946104664,-0.9999305346872294,0.0,0.6532396474654462,0.25001004292353474,0.3039165167266111,1.0,-0.018480000000000014,-0.02428800000000002,-0.009240000000000007,0.9250000000000007
0.458740173679351,0.5000577995145321,-0.12414947875263861,-1.4297356890979138,0.07497608704321311,1.9214172654942505,0.15373950591816804,-0.013459060282979635,-0.09801385193976593,9.016740336773043e-05,-0.15449293740658487,-0.007912748005946905,0.05643337444957296,-0.01342377665640104,0.5774075885852958,0.8164394657585253,0.0027968370092065747,0.0,0.8164077021556111,-0.5773459335492729,-0.011440444760679121,0.0,-0.007725836880683901,0.008889330044746721,-0.9999306432227428,0.0,0.6529096676258798,0.24961168466875305,0.30396172266225613,1.0,-0.018820000000000014,-0.024734857142857166,-0.009410000000000007,0.9420000000000007
0.45851010276059934,0.4984854704569219,-0.12414693515666898,-1.4321925563857316,0.07482456279342294,1.922334327885106,0.15353654527098745,-0.014501941055925957,-0.09276036093400392,0.00036867548568704023,-0.1526092666449746,-0.011869948643492707,0.05795464388542346,-0.008603167876416337,0.5775118573957044,0.8163656258631188,0.0028224772258029765,0.0,0.8163341662458875,-0.5774500789094458,-0.011431635417327144,0.0,-0.0077027028062433,0.008906161067003898,-0.999930671929073,0.0,0.6526064569123579,0.24923004631827997,0.30396830832674343,1.0,-0.019140000000000015,-0.025155428571428596,-0.009570000000000007,0.9580000000000007
0.4582513682256433,0.49681669904006354,-0.12415043116890077,-1.4348521641453393,0.07466005996280435,1.9233023166470447,0.15332631467775779,-0.017481830001337212,-0.09007444262730023,0.0009576384882928396,-0.15941877878071614,-0.01564755251261541,0.05527886529106565,-0.017836960506682237,0.5776441301706272,0.8162721175371401,0.0027992699156995024,0.0,0.81624032102105,-0.5775823637586199,-0.011449817276546382,0.0,-0.007729506475983583,0.008898968048649383,-0.999930529135553,0.0,0.6522750560313744,0.2488049252624424,0.30394969009558254,1.0,-0.019480000000000015,-0.025602285714285737,-0.009740000000000007,0.9750000000000008
0.4579603454115698,0.49503440810032234,-0.1241504311863425,-1.437726940432237,0.07448625334758249,1.9242959172209693,0.15309875174495727,-0.02022740334570427,-0.09547459000217351,-0.00035439234272853515,-0.16013983739882726,-0.010948880866261296,0.05695247663258104,-0.009758266697768508,0.5777936711260179,0.8161665541372265,0.002715955760494892,0.0,0.8161335160549179,-0.577731961476539,-0.011515709336217924,0.0,-0.007829793106372884,0.008870457281046143,-0.9999300022139233,0.0,0.6519060917136636,0.2483372583466335,0.3039092325045902,1.0,-0.019840000000000017,-0.0260754285714286,-0.009920000000000009,0.9930000000000008
0.4577137572913984,0.4935479985346083,-0.12416978691817188,-1.4401789291104246,0.07433001508559692,1.9251603018524608,0.15290952885759287,-0.016993572258137572,-0.10302668989742197,-0.0032387615103657494,-0.16175704986580122,-0.018462018849091454,0.061081907515502284,-0.010685317663607998,0.5779351559314313,0.8160666868587853,0.002620121952431175,0.0,0.8160324304034993,-0.5778737670736526,-0.011564115144356367,0.0,-0.007923141934498945,0.008821583016767942,-0.9999296992763861,0.0,0.6515970982175097,0.24792764207474727,0.3038527819290108,1.0,-0.02703599999999991,-0.03553302857142846,-0.04165725391199954,1.0079999999999998
