position_joint1,position_joint2,position_joint3,position_joint4,position_joint5,position_joint6,position_joint7,velocity_joint1,velocity_joint2,velocity_joint3,velocity_joint4,velocity_joint5,velocity_joint6,velocity_joint7,ee_T_00,ee_T_10,ee_T_20,ee_T_30,ee_T_01,ee_T_11,ee_T_21,ee_T_31,ee_T_02,ee_T_12,ee_T_22,ee_T_32,ee_T_03,ee_T_13,ee_T_23,ee_T_33,v_x,v_y,time
0.465079054916,0.547648688325,-0.124052774127,-1.35584655652,0.0795181705663,1.89415551789,0.15912944669,0.000793681799787,-0.00074452081062,0.000942858901725,-1.65095045356e-05,-0.000240641890364,-0.0002514502386,-0.000274378540108,0.573827586489,0.818961711688,0.00208870138633,0.0,0.818920590602,-0.573768669447,-0.0118036922239,0.0,-0.00846850361753,0.00848392813528,-0.999928151124,0.0,0.661700796509,0.260863687184,0.303308727102,1.0,0.0,0.0,0.0
0.465075834007,0.547648696992,-0.12405534701,-1.35585003012,0.0795174168764,1.8941563317,0.15913508367,-0.00023297946427,-0.00167034688134,0.000460658527518,-0.0015957856801,-9.25991776634e-05,-0.000211560699962,0.00221050116038,0.573836634158,0.818955380598,0.00208537497848,0.0,0.818914234155,-0.573777747045,-0.0118034315223,0.0,-0.00847010507359,0.00848114795808,-0.999928161144,0.0,0.661701635353,0.26085958701,0.303307222123,1.0,-0.00012,-0.000157714285714,0.007
0.465080794054,0.547645389573,-0.124055276857,-1.35585217914,0.0795187818169,1.8941563317,0.159126319469,0.0010944683538,-0.00204354850636,-0.000278365495365,-0.00162294520004,0.000128529408339,-0.00021495490202,-0.00148078628807,0.573825818917,0.818962953524,0.00208739102647,0.0,0.818921817427,-0.573766909288,-0.0118041369821,0.0,-0.0084696380557,0.00848309194923,-0.99992814861,0.0,0.66169984364,0.260862919444,0.303308542442,1.0,-0.00038,-0.000499428571429,0.02
0.465075836265,0.547636516576,-0.124056224017,-1.35585372903,0.0795187629133,1.8941555179,0.159134243616,-0.000431654214477,-0.00242201442764,-0.000545004088746,-0.00309795279689,-1.71959231449e-05,0.000311082295181,0.000773858692046,0.573837087789,0.818955043475,0.00209292755285,0.0,0.81891398304,-0.573778158651,-0.0118008447889,0.0,-0.00846364819116,0.00848585342462,-0.999928175896,0.0,0.661701073081,0.260858966092,0.303314051087,1.0,-0.00072,-0.000946285714286,0.037
0.465077967255,0.547595146328,-0.12405633903,-1.35590624827,0.0795144518413,1.89416741806,0.159136452069,0.000538361215422,-0.00627635349112,-0.000411333498704,-0.00615751688879,-0.000153447897834,-0.000110877609865,0.00149048318015,0.573838967282,0.818953725544,0.00209330997508,0.0,0.818912671486,-0.573780037819,-0.0118004907543,0.0,-0.0084631193311,0.00848598287328,-0.999928179274,0.0,0.661692212351,0.260854727845,0.303319389553,1.0,-0.00108,-0.00141942857143,0.055
0.465072623378,0.547454825258,-0.1240503796,-1.35605842436,0.0795157560933,1.89419887514,0.159135680649,4.70667204841e-05,-0.0090157911807,0.000281172529754,-0.0069194266896,-0.000181988188802,-0.00058446332656,0.000930852087551,0.573847171764,0.818947909979,0.00211922147657,0.0,0.818907038507,-0.573787984357,-0.0118050070577,0.0,-0.00845186476231,0.00850987913756,-0.999928071383,0.0,0.661667259448,0.260840769531,0.303348896008,1.0,-0.00142,-0.00186628571429,0.072
0.465060560955,0.547305506561,-0.124053435203,-1.35626779754,0.0795104246142,1.89425002341,0.159130010905,-0.0028538546192,-0.0139515208759,8.32393720487e-05,-0.0114786335905,0.000507427643836,0.00356434238998,0.00158607059541,0.573864653837,0.818935667902,0.00211608483973,0.0,0.818894671869,-0.573805392319,-0.0118167267469,0.0,-0.00846308105976,0.00851421632961,-0.999927939593,0.0,0.661637544391,0.260810733261,0.303359543511,1.0,-0.00176,-0.00231314285714,0.089
0.465048581572,0.547160483466,-0.124053461845,-1.35646093895,0.0795082712748,1.89435937088,0.159115739336,-0.00237062233225,-0.0100151796167,0.000864218071786,-0.0130850497987,0.000390788431978,0.0117663638147,-0.00475954241382,0.573873265067,0.818929486415,0.00217228502614,0.0,0.818889187145,-0.573813748144,-0.0117910355206,0.0,-0.00840970156308,0.00854558530101,-0.999928122363,0.0,0.661622150582,0.260788855277,0.303379832774,1.0,-0.00206,-0.00270742857143,0.104
0.465026109899,0.546951763709,-0.124050599842,-1.35669368389,0.0795033678776,1.89448607731,0.159099450049,-0.00073897047104,-0.0114841972307,0.0038552152695,-0.0146538984071,6.79964890744e-07,0.00893558326036,0.00036452873779,0.573888223665,0.818918752004,0.00226522768193,0.0,0.818879623167,-0.573828310485,-0.0117464781768,0.0,-0.00831971965576,0.00859627979077,-0.999928440559,0.0,0.661605039564,0.260758580607,0.303427790007,1.0,-0.0024,-0.00315428571429,0.121
0.465006632581,0.546747033479,-0.124053461849,-1.3569771252,0.0795004480978,1.89460221524,0.159062768454,0.000996711517659,-0.0149918429728,-0.000695904559643,-0.0232953949069,-0.00329931066721,0.00677560231065,-0.00604632796046,0.573891265605,0.818916511282,0.00230428151115,0.0,0.818877793832,-0.573831105612,-0.0117374572817,0.0,-0.0082898887673,0.00862311519628,-0.999928457255,0.0,0.661574492599,0.260720496041,0.303448054907,1.0,-0.00272,-0.00357485714286,0.137
0.464969627018,0.546493934346,-0.124055967503,-1.35735011221,0.0794888964574,1.89473090552,0.158971817346,-0.00314171514478,-0.0211811597905,-0.00142162236331,-0.0222569629489,-0.000262578814909,0.00536933920037,-0.00307094241042,0.573866572544,0.818933775836,0.00231832123732,0.0,0.818895139842,-0.573806257898,-0.0117420288584,0.0,-0.00828583632323,0.00863698613827,-0.999928371128,0.0,0.661532134295,0.260660475942,0.303461002449,1.0,-0.00306,-0.00402171428571,0.154
0.464930218342,0.546198735967,-0.1240509178,-1.35780660309,0.0794731735347,1.89489322036,0.158944517771,-0.000423851384939,-0.0115418592852,0.000228067901264,-0.0281709730065,-0.00120051222535,0.00302333392835,-0.00438966672537,0.573894288792,0.818914329178,0.0023267275413,0.0,0.818875665295,-0.57383379616,-0.0117544065807,0.0,-0.00829085670696,0.00865125393159,-0.999928206173,0.0,0.661477527849,0.260595487651,0.303466663153,1.0,-0.00342,-0.00449485714286,0.172
0.464883611625,0.545924279296,-0.124053792083,-1.35827900452,0.0794504480348,1.89505077943,0.158890153209,-0.000638822769372,-0.0143954683033,0.000659576077141,-0.0295639683183,3.66660827792e-05,0.01171799571,0.000761478568168,0.573910287748,0.818903208021,0.00229443029983,0.0,0.81886405896,-0.573849847269,-0.0117793307958,0.0,-0.00832963367112,0.00863927196756,-0.999927987498,0.0,0.661421820856,0.26051752932,0.303449880829,1.0,-0.00374,-0.00491542857143,0.188
0.464822812806,0.545587322262,-0.124056579177,-1.3588499076,0.0794115321512,1.89523553005,0.158795522443,-0.00651735293318,-0.0249380894774,-0.00027752812345,-0.0347029034352,0.000225172217532,0.0177141701921,-0.0115402612233,0.573906004374,0.818906334157,0.00224964954873,0.0,0.818866611361,-0.573845744849,-0.0118017294952,0.0,-0.00837372043676,0.0086154121954,-0.999927825135,0.0,0.661355102244,0.260418587848,0.303432774616,1.0,-0.00408,-0.00536228571429,0.205
0.464760995054,0.545194096696,-0.124058789014,-1.35954831028,0.0793645157895,1.89545797262,0.15872546722,-0.00261726002737,-0.0262441825607,0.000878658347897,-0.0422826316569,-0.00515797516171,0.0135678444004,-0.00175205477738,0.573929198289,0.818890272676,0.00217797361112,0.0,0.818849587064,-0.57386918453,-0.0118431294075,0.0,-0.00844851418976,0.00858071576354,-0.999927494334,0.0,0.661263795693,0.260298895011,0.303399642082,1.0,-0.00446,-0.00586171428571,0.224
0.464692154149,0.544782552486,-0.124054324668,-1.36024834143,0.079333255449,1.89567799299,0.158666536395,-0.00394754921286,-0.0302418018773,0.00116622723601,-0.044627038284,-0.000190846013442,0.0106592847011,-0.00333109852679,0.57396278158,0.818866875876,0.00212411287072,0.0,0.818825334809,-0.573902822661,-0.011889832547,0.0,-0.0085173196451,0.00856376367273,-0.999927055948,0.0,0.661181068461,0.260195391129,0.303375041517,1.0,-0.00478,-0.00628228571429,0.24
0.464622531842,0.544348447464,-0.124059854109,-1.36097946606,0.0793001853497,1.89592552422,0.158532112076,-0.00464227440019,-0.0276773583978,7.57163905267e-05,-0.0493816365834,-0.00222570433292,0.0176554211426,-0.0122237283091,0.573945501203,0.818879083611,0.00208685755471,0.0,0.818836939868,-0.573885578274,-0.0119229131264,0.0,-0.00856597164185,0.00855206305787,-0.99992674049,0.0,0.661094968818,0.260076507216,0.303355899946,1.0,-0.00512,-0.00672914285714,0.257
0.464551251175,0.543858875674,-0.124062940552,-1.3617606077,0.0792570127382,1.89620792185,0.15845910107,-0.00366867794001,-0.0300878045657,-0.000437192232487,-0.0482906578087,-0.00507240043471,0.0100833193302,-0.00461672539857,0.573980296517,0.818854742507,0.00206803897548,0.0,0.818812305196,-0.573920398432,-0.0119386776555,0.0,-0.00858931843564,0.0085460660397,-0.999926591488,0.0,0.66099802765,0.259947112376,0.303346908154,1.0,-0.00548,-0.00720228571429,0.275
0.464482715546,0.543382495783,-0.124065157711,-1.36255052025,0.0792139215194,1.89647561392,0.158356637608,-0.00234554925694,-0.0331405952462,0.000264343353927,-0.0506876691478,-0.000638087490755,0.0172950508632,-0.00949445596134,0.57398448147,0.818851872865,0.00204260582546,0.0,0.81880904184,-0.573924626547,-0.011959220045,0.0,-0.00862069392133,0.00853707520026,-0.999926398283,0.0,0.66091093833,0.259830562883,0.303339404923,1.0,-0.00578,-0.00759657142857,0.29
0.464413152059,0.542863727972,-0.124066957332,-1.3633640874,0.0791627315341,1.89676656653,0.158243772572,-0.0065081356213,-0.0341445536114,-1.53027683614e-05,-0.0522103497197,-0.00373781046723,0.014364195694,-0.00569661808187,0.573981870029,0.81885371521,0.00203785835635,0.0,0.818810827675,-0.573922040543,-0.0119610518498,0.0,-0.00862494597579,0.00853421170576,-0.999926386059,0.0,0.6608165835,0.259705241653,0.303344387151,1.0,-0.0061,-0.00801714285714,0.306
0.464343422577,0.542314253031,-0.124069417035,-1.36421417715,0.0791144851256,1.89706746167,0.158128498654,-0.00518605900314,-0.0344482936495,9.28131776411e-05,-0.0511882523466,-0.000404611443603,0.0229516204832,-0.0108774995718,0.573972421253,0.81886032933,0.00204146822975,0.0,0.818817430299,-0.573912519929,-0.0119658767871,0.0,-0.00862692372553,0.00853983746016,-0.999926320967,0.0,0.660708341277,0.259576038126,0.303354027844,1.0,-0.00644,-0.008464,0.323
0.464260100237,0.54165813655,-0.124072639521,-1.36521841198,0.0790525413555,1.89743848665,0.157995163219,-0.00451586901169,-0.0385985895646,-0.000792115139555,-0.0569818256588,-0.00866245329339,0.0225480387013,-0.007898769575,0.573981169726,0.818854156573,0.00205765982415,0.0,0.81881150384,-0.573921234826,-0.0119534219999,0.0,-0.00860734034078,0.00854603921449,-0.999926436747,0.0,0.660602026921,0.259424295674,0.303372735274,1.0,-0.00678,-0.00891085714286,0.34
0.464171615181,0.541013418026,-0.124077998252,-1.3662238439,0.0789950116162,1.89780528884,0.157875347112,-0.0118769580388,-0.0406750205576,0.000566265195166,-0.0571177958128,-0.00992832186201,0.0217014516489,-0.0102866869034,0.574000445972,0.818840613956,0.00206974890243,0.0,0.81879810851,-0.573940448341,-0.0119484794088,0.0,-0.00859615310452,0.00855330367334,-0.999926470871,0.0,0.660481277981,0.259258701663,0.303387452274,1.0,-0.00714,-0.009384,0.358
0.464086149976,0.540295755622,-0.124070782992,-1.36728648265,0.0789302157015,1.89818592776,0.157746062868,-0.00710382602497,-0.0430436126862,-0.00296347993923,-0.062733811932,-0.0059126954602,0.0219751475141,0.000844951860951,0.573993918545,0.818845130692,0.00209292073133,0.0,0.818802874934,-0.573933773904,-0.0119424483602,0.0,-0.00857798294725,0.00856874721807,-0.999926494688,0.0,0.6603529166,0.259104272823,0.303414992596,1.0,-0.00748,-0.00983085714286,0.375
0.463977463607,0.539520234204,-0.124081537568,-1.36848884538,0.0788634541427,1.89863433144,0.157592816358,-0.0113805121053,-0.0430616712449,-0.00248291610091,-0.0700166556813,-0.00643078052723,0.0258951690968,-0.00743010072872,0.574019998885,0.818826793116,0.00211439280977,0.0,0.818784804675,-0.573959750276,-0.0119329626703,0.0,-0.00855761794728,0.00858115713633,-0.999926562762,0.0,0.660227350959,0.258922865824,0.303431059809,1.0,-0.00782,-0.0102777142857,0.392
0.4638866601,0.538807353692,-0.124084726402,-1.36958932026,0.078799780074,1.89904750785,0.15745822067,-0.00848715525148,-0.0445612113774,0.00167855058814,-0.0697636837192,-0.00464497924963,0.0324242392359,-0.00944403181126,0.574028864787,0.81882049202,0.00214735659529,0.0,0.818778876463,-0.573968423595,-0.0119225447904,0.0,-0.00853007334185,0.00860226069204,-0.999926616787,0.0,0.660094318766,0.258751741824,0.303450895265,1.0,-0.00816,-0.0107245714286,0.409
0.463784542623,0.538072995331,-0.124090178792,-1.37070999073,0.0787387099172,1.89948443287,0.157318404446,-0.00715349315979,-0.0449856647219,-0.00103926765101,-0.0725488166448,-0.00172364962438,0.0315396822771,-0.00856778501049,0.574048876063,0.818806374147,0.00218092832127,0.0,0.818765233786,-0.573988334914,-0.0119008498325,0.0,-0.00849282779819,0.00861750367104,-0.999926802574,0.0,0.65997990145,0.258583324099,0.303470129242,1.0,-0.00846,-0.0111188571429,0.424
0.46367103878,0.53722579377,-0.124091790579,-1.37205801621,0.0786565911321,1.8999819257,0.157160506845,-0.00118524873891,-0.0490163800955,-6.88604724794e-05,-0.0740116787431,-0.000678632598906,0.0193186474608,-0.00942814322601,0.574066036505,0.818794355432,0.00217626868738,0.0,0.818753151059,-0.57400550859,-0.0119038078011,0.0,-0.00849774402886,0.00861556448535,-0.999926777517,0.0,0.659823394669,0.25837905225,0.303469905183,1.0,-0.00882,-0.011592,0.442
0.4635518666,0.536387505779,-0.12409539082,-1.37336690313,0.0785832332749,1.90047567907,0.15700827147,-0.00817355153865,-0.0515337336332,0.000890030943778,-0.0812224291299,-0.00951615888238,0.0324947800087,-0.00334418173671,0.57409399003,0.818774700191,0.00219723450703,0.0,0.81873373686,-0.574033341849,-0.0118969522897,0.0,-0.00847980093972,0.00862908496451,-0.999926813256,0.0,0.659676106023,0.258175592849,0.30348160874,1.0,-0.00916,-0.0120388571429,0.459
0.463457862667,0.535629961284,-0.124106035386,-1.37457011419,0.0785146495012,1.90090488709,0.156852143406,-0.00378307886021,-0.048553887293,-0.000744449952802,-0.0810795291546,-0.00318740681036,0.0280448957516,-0.00824809860249,0.574098310719,0.818771709146,0.00218284959851,0.0,0.818730534987,-0.574037695948,-0.0119072083933,0.0,-0.00849641099546,0.00862323986766,-0.999926722682,0.0,0.65953289671,0.257992544637,0.303481108681,1.0,-0.00946,-0.0124331428571,0.474
0.46331322914,0.53462880579,-0.124108193489,-1.37617216562,0.0784304923234,1.90148700142,0.156662174392,-0.00679712809944,-0.0514073609466,-0.000967461829437,-0.082842668322,-0.000220962786434,0.0315923837944,-0.0116402097419,0.574128088421,0.818750856913,0.00217239286814,0.0,0.818709407877,-0.574067371654,-0.011929172551,0.0,-0.00852008442239,0.00862759761987,-0.999926483658,0.0,0.659345628178,0.257744750739,0.303475501141,1.0,-0.00984,-0.0129325714286,0.493
0.463196377934,0.533768056361,-0.124116407676,-1.37756324798,0.0783363705499,1.90198534005,0.156490852058,-0.00543818409174,-0.0575654821517,-0.000815110133056,-0.0828568965459,-0.00172927198236,0.0363583144451,-0.0112187865349,0.574140167379,0.818742479954,0.00213696568982,0.0,0.818700654572,-0.574079679622,-0.0119376107146,0.0,-0.00854720498282,0.0086035626681,-0.999926459294,0.0,0.659181366401,0.257527701483,0.303463962802,1.0,-0.01016,-0.0133531428571,0.509
0.463069131274,0.532916780039,-0.124112104511,-1.37895087248,0.0782723752876,1.90250877452,0.156319799953,-0.00600719093803,-0.0550778121827,0.00110708015018,-0.0903945959233,-0.000283976839565,0.0375213355825,-0.0150001900191,0.574160197296,0.818728436106,0.00213603678653,0.0,0.818686390713,-0.574099501647,-0.0119625570267,0.0,-0.00856795291128,0.00861733426018,-0.999926163141,0.0,0.659020487111,0.257317925584,0.30344905876,1.0,-0.01048,-0.0137737142857,0.525
0.462943783854,0.531886293748,-0.124119617956,-1.38059031563,0.0781784889941,1.90313424392,0.156108426595,-0.00715741348577,-0.052767501808,-0.000618578053406,-0.0872245325134,-0.00631183776659,0.0351521766874,-0.00319309271475,0.574159557013,0.818728850217,0.00214937507883,0.0,0.818686971217,-0.574098799004,-0.0119565481451,0.0,-0.00855538198167,0.00862479781379,-0.999926206428,0.0,0.658829497169,0.257077110001,0.303449646165,1.0,-0.01084,-0.0142468571429,0.543
0.462813256602,0.530936691702,-0.124120326762,-1.38210796837,0.0780791918934,1.90366939862,0.155912848444,-0.0085253803246,-0.0583929041762,-0.000291955799474,-0.0975040729568,-0.00358713545221,0.0340716871855,-0.0180042798915,0.57416266702,0.81872675315,0.00211716291189,0.0,0.818684462288,-0.574102049694,-0.0119722448229,0.0,-0.00858669488499,0.0086074701183,-0.999926087333,0.0,0.658646385453,0.256843282976,0.303442893141,1.0,-0.01116,-0.0146674285714,0.559
0.462689983027,0.529965396459,-0.124117780922,-1.38366538975,0.0779851162482,1.90422008451,0.155712326162,-0.00657725170129,-0.0607077520346,0.000652801901436,-0.0915371847182,-0.00396921444918,0.0401245726695,-0.0131281285307,0.574156926789,0.818730854422,0.00208766348899,0.0,0.818688100615,-0.574096354924,-0.0119965026834,0.0,-0.00862355292284,0.00859718589192,-0.999925858616,0.0,0.658454355722,0.256613608191,0.303433548831,1.0,-0.01148,-0.015088,0.575
0.46253515196,0.528797269976,-0.124119926444,-1.38550630632,0.0778621747383,1.90490535577,0.155460524709,-0.00796026787794,-0.0580193735982,-0.000242607155139,-0.0948974860529,-0.00760661986616,0.0326065948702,-0.0127049280929,0.574145913742,0.818738569894,0.00209064648004,0.0,0.81869594683,-0.574085422382,-0.0119842127312,0.0,-0.00861189333093,0.0085924559999,-0.999925999759,0.0,0.65823838152,0.256333847157,0.303439450857,1.0,-0.01186,-0.0155874285714,0.594
0.462422123891,0.527889144019,-0.124122746969,-1.38693509133,0.0777715463572,1.90545531017,0.155257167971,-0.0107693953473,-0.0628140156735,0.00014180648531,-0.0996430703464,-0.00813403086257,0.032718493458,-0.0182287527298,0.574127104548,0.818751706387,0.00211140056411,0.0,0.818709412715,-0.57406658803,-0.0119664924313,0.0,-0.00858566688049,0.00859907672591,-0.999926168376,0.0,0.658072178375,0.256122776827,0.303446502089,1.0,-0.01214,-0.0159554285714,0.608
0.46226928283,0.526729622774,-0.124126278739,-1.38869706536,0.0776651848874,1.90612925639,0.155013606903,-0.0150392144479,-0.071473298147,-0.0017323076901,-0.0996859583171,-0.00370339006475,0.0429049912765,-0.0104264038482,0.574122041769,0.818755099846,0.00217129759298,0.0,0.818713612985,-0.574061306368,-0.0119324492342,0.0,-0.00852345983446,0.00862851914062,-0.99992644694,0.0,0.657870086766,0.255854731515,0.303482436746,1.0,-0.01248,-0.0164022857143,0.625
0.462113426106,0.525570642397,-0.124129466119,-1.39051724254,0.0775496541958,1.90678273562,0.154772434613,-0.0114833823264,-0.0703862882632,-0.000110050336006,-0.105568090612,-0.00538035862765,0.036032561653,-0.0125904302173,0.574121357146,0.818755606071,0.00216141117422,0.0,0.818713995198,-0.574060666968,-0.0119369848538,0.0,-0.00853285641227,0.00862302154208,-0.999926414223,0.0,0.657650866807,0.255575183477,0.30348820827,1.0,-0.01282,-0.0168491428571,0.642
0.461964163085,0.524463351238,-0.124130394848,-1.39227118482,0.0774514585,1.90741270763,0.154531361041,-0.00816626068759,-0.0736485063723,-7.74109880054e-05,-0.11798110166,-0.00537862503757,0.0374589228156,-0.0144818611366,0.574113233045,0.818761315257,0.00215666027433,0.0,0.818719525193,-0.574052444883,-0.0119530955283,0.0,-0.00854886070494,0.00862829631589,-0.999926232021,0.0,0.657423704006,0.25529522713,0.303490822754,1.0,-0.01316,-0.017296,0.659
0.461793784421,0.523134821578,-0.124145457444,-1.39440074996,0.0773050275431,1.90819888457,0.1542447292,-0.00776994720644,-0.066164571753,-0.00237343975399,-0.112687093292,-0.00466172210898,0.0447792789247,-0.0178827435769,0.574105021457,0.818767156813,0.00212465615179,0.0,0.818725124601,-0.574044541937,-0.011949105477,0.0,-0.00856405273498,0.00859971640005,-0.999926348227,0.0,0.657183306113,0.254983281231,0.303475766012,1.0,-0.01352,-0.0177691428571,0.677
0.461644132703,0.521962658936,-0.124143293844,-1.39623629712,0.0772036523127,1.90891959441,0.153992260445,-0.0107365278471,-0.0716739689259,0.000228885926221,-0.11436369686,-0.00531241413248,0.0496515396913,-0.0162778331942,0.574090615668,0.818777119192,0.00217738142925,0.0,0.81873570464,-0.574029852438,-0.0119298516074,0.0,-0.00851817159213,0.00863168195947,-0.999926464706,0.0,0.656968870301,0.254716178024,0.303488239396,1.0,-0.01384,-0.0181897142857,0.693
0.461468199168,0.520645520907,-0.124151158379,-1.39837235699,0.0770559299538,1.90973917075,0.153705956023,-0.0115470057456,-0.0739291780488,-0.000248856061226,-0.117257374393,-0.00662048702061,0.0474962561042,-0.013405965977,0.574080240323,0.818784431691,0.00216309782323,0.0,0.818743027843,-0.574019735537,-0.0119140452469,0.0,-0.00851353783819,0.00861080500455,-0.999926684168,0.0,0.65671796517,0.254391503639,0.303468071425,1.0,-0.0142,-0.0186628571429,0.711
0.461316460663,0.519492565929,-0.124149339816,-1.40016750059,0.0769411366611,1.91038978359,0.153465807892,-0.0130869071229,-0.0768197661438,0.000669596738984,-0.118164973032,-0.00625808592599,0.0501038380091,-0.00777617250665,0.574071070143,0.818790848324,0.00216795484573,0.0,0.81874950107,-0.574010540105,-0.0119122310218,0.0,-0.00850936064338,0.00861364499809,-0.999926695264,0.0,0.656498642237,0.254120599996,0.303479523328,1.0,-0.0145,-0.0190571428571,0.726
0.46114077764,0.51814703714,-0.12415347927,-1.40226570286,0.0768075463419,1.911135764,0.153180708244,-0.00873013409302,-0.0787186459586,-3.69452145488e-05,-0.125992297202,-0.0107081229781,0.0543857774178,-0.0162410001406,0.574059586374,0.818798923159,0.00215908022511,0.0,0.818757454001,-0.573999087335,-0.0119174727395,0.0,-0.00851886778178,0.00860926825463,-0.999926652006,0.0,0.656239600801,0.253800558514,0.303490022211,1.0,-0.01484,-0.019504,0.743
0.460931798196,0.516637151327,-0.124161110398,-1.40463947084,0.076651747337,1.91199321025,0.152847035416,-0.0167797815506,-0.0749287406885,0.000122260950974,-0.123653589995,-0.0109958823517,0.046793492106,-0.0185675610124,0.574046377738,0.818808217956,0.00214599960947,0.0,0.81876664224,-0.573985997873,-0.0119166565062,0.0,-0.00852584669951,0.00859795193384,-0.999926689893,0.0,0.655951500229,0.253430121768,0.303494010924,1.0,-0.01522,-0.0200034285714,0.762
0.46075637405,0.515343339364,-0.124167052165,-1.4066898067,0.0765284321606,1.9127785849,0.152575022947,-0.00993449728254,-0.0851030629332,-0.000889461480213,-0.12799140002,-0.00814017256449,0.0515252279184,-0.0172808099291,0.57404674352,0.81880790369,0.00216795082112,0.0,0.818766629212,-0.573986290273,-0.0119034603919,0.0,-0.00850243709911,0.0086083541982,-0.999926799722,0.0,0.655708496145,0.25311858244,0.303493687217,1.0,-0.01554,-0.020424,0.778
0.460570210231,0.513956911915,-0.124165227225,-1.40894008941,0.0763917641665,1.91357766114,0.152267583106,-0.0096695966599,-0.0798267179157,1.98098030204e-05,-0.136592643458,-0.00880642291179,0.0541695176894,-0.0171016593185,0.574027613822,0.818821457683,0.00211326981864,0.0,0.818779357553,-0.573967271572,-0.0119449450138,0.0,-0.0085679945367,0.00858719531808,-0.999926422066,0.0,0.655424058203,0.252780920672,0.303463693407,1.0,-0.01588,-0.0208708571429,0.795
0.460410151933,0.512781220929,-0.124168764877,-1.41081933964,0.0762764791144,1.91422606504,0.152000438799,-0.010825294867,-0.0860947112656,-0.00340566833314,-0.135256426516,-0.00894269771192,0.0447285474068,-0.0205255452028,0.574009719787,0.818834121471,0.00206639930404,0.0,0.818791322731,-0.573949486719,-0.0119792911023,0.0,-0.00862320950915,0.00856834431548,-0.999926109137,0.0,0.655184903412,0.252491813953,0.303449320926,1.0,-0.01616,-0.0212388571429,0.809
0.46021554958,0.511364413426,-0.124168486906,-1.41311380316,0.0761385809508,1.91508354573,0.151681328238,-0.0120799305647,-0.0839357650443,0.000355943164032,-0.13319115672,-0.011281752623,0.0518655645875,-0.0172636511273,0.573990647582,0.818847535919,0.00204848943985,0.0,0.818804442219,-0.573930431149,-0.011995520185,0.0,-0.00864697819929,0.00856279351259,-0.999925951426,0.0,0.654903349379,0.252146715274,0.303423896397,1.0,-0.0165,-0.0216857142857,0.826
0.459988007996,0.509721333524,-0.124171709635,-1.41571005642,0.0759684643452,1.91607548894,0.151304339941,-0.0108187637228,-0.0888383037684,0.000311613985487,-0.13399831036,-0.0160747051996,0.0487805312761,-0.0174844937804,0.573960230304,0.818868796671,0.00207238271026,0.0,0.818826126694,-0.573900028919,-0.0119698768476,0.0,-0.00861258397207,0.00856731932726,-0.999926209496,0.0,0.654592467303,0.251749159894,0.303424432335,1.0,-0.01688,-0.0221851428571,0.845
0.459779237468,0.508226321285,-0.124175250625,-1.41809034612,0.0758225614457,1.91692471539,0.150976284763,-0.0135938799279,-0.0878246379348,-0.00047744136972,-0.13684362809,-0.0157783137492,0.0509691479121,-0.0196147449205,0.573949283447,0.818876548019,0.00204108693643,0.0,0.818833391661,-0.573889136924,-0.0119950874443,0.0,-0.00865130474367,0.00855604671279,-0.999925971755,0.0,0.654293696205,0.251381766168,0.303411244568,1.0,-0.01722,-0.022632,0.862
0.459554072649,0.506603765793,-0.124175169382,-1.42063503204,0.0756619617048,1.91785730887,0.150646157202,-0.01359482892,-0.093484658531,0.000335345723165,-0.145003834498,-0.0119034786269,0.0529221262469,-0.0179646144803,0.57395165167,0.818874873282,0.00204703534917,0.0,0.818831776228,-0.573891461708,-0.0119941368856,0.0,-0.00864708769684,0.00856039708098,-0.999925970998,0.0,0.653978661437,0.250991287671,0.30341554401,1.0,-0.01758,-0.0231051428571,0.88
0.459347853365,0.505106055685,-0.124183113906,-1.42294594422,0.0755193944804,1.91873949526,0.150323444197,-0.0121430118961,-0.085890095534,-0.0010879989766,-0.137732568249,-0.00852067260069,0.0603930854875,-0.0129686353589,0.573942921708,0.818880851868,0.00210237151465,0.0,0.818838523341,-0.573882548601,-0.0119599333091,0.0,-0.00858741138779,0.0085859871603,-0.999926265877,0.0,0.65370136519,0.250634119894,0.30343913072,1.0,-0.0179,-0.0235257142857,0.896
0.459132211344,0.503526842914,-0.124182001713,-1.4252877968,0.0753684286589,1.91962612408,0.149980502144,-0.00974874126369,-0.0949322269746,0.000930601055423,-0.139399323768,-0.0121704193417,0.0460102576174,-0.015437778439,0.573917524226,0.818898381575,0.00220520790139,0.0,0.818857454588,-0.573856797504,-0.0118992405107,0.0,-0.00847895849832,0.00863509983549,-0.999926768475,0.0,0.653419506024,0.250272541339,0.303504378526,1.0,-0.01822,-0.0239462857143,0.912
0.458882305015,0.50174427102,-0.124184486779,-1.42793250449,0.0751965762503,1.9206025427,0.149622437587,-0.0131341649523,-0.0976236281424,0.000415335312326,-0.14525568249,-0.0119185369619,0.0563483465613,-0.0202280065462,0.573919617879,0.818896657304,0.0022986456414,0.0,0.818857009581,-0.573858586326,-0.0118434649227,0.0,-0.00837963763189,0.00867962606852,-0.999927220234,0.0,0.653097546626,0.249856079152,0.303574719493,1.0,-0.01858,-0.0244194285714,0.93
0.45865860879,0.50013041706,-0.124187657409,-1.43037020268,0.0750425820373,1.92145801504,0.149277605221,-0.0150046875065,-0.0897420004839,-0.000120136745248,-0.145778519365,-0.00685732498471,0.0540923736568,-0.0148859311608,0.57390517234,0.818906704459,0.00232582338171,0.0,0.818867357705,-0.573843982469,-0.0118355891424,0.0,-0.00835774446056,0.00869721412191,-0.999927250641,0.0,0.652788318932,0.249473522593,0.303614757866,1.0,-0.0189,-0.02484,0.946
0.458419694943,0.498544673414,-0.124188007308,-1.43283478943,0.0748879046254,1.92237614867,0.148923878162,-0.011269423813,-0.0977016940826,0.00173798901036,-0.146295692859,-0.00530877890743,0.0564828920472,-0.0224563827707,0.573895086178,0.818913683246,0.0023571920989,0.0,0.818874737404,-0.573833769268,-0.0118201772627,0.0,-0.00832722879681,0.00871395448046,-0.999927359491,0.0,0.652486552261,0.24908328602,0.303627238885,1.0,-0.01922,-0.0252605714286,0.962
0.458144856692,0.496777677378,-0.124185827922,-1.43566046799,0.0747159040246,1.92339649233,0.148498706071,-0.0204947084777,-0.0928396884944,0.00156357329631,-0.154867795305,-0.00941328608395,0.0548326438472,-0.0247532256709,0.573867225371,0.818933295868,0.00232625578529,0.0,0.818893816715,-0.573805895008,-0.0118515274118,0.0,-0.00837095228828,0.00870632725466,-0.999927060852,0.0,0.652130810975,0.248634975909,0.303602468588,1.0,-0.01958,-0.0257337142857,0.98
0.4578953563,0.495197648559,-0.124195521848,-1.43821765672,0.0745546435312,1.92427208847,0.148134888677,-0.0130783174707,-0.0975889535347,-0.00191386254977,-0.161450400037,-0.014453553155,0.055878540867,-0.0279863349712,0.573865802551,0.818934541021,0.00223720524845,0.0,0.818893807045,-0.573804725651,-0.0119086735379,0.0,-0.00846886820608,0.00866618087104,-0.999926585095,0.0,0.651800695188,0.248217769434,0.30356239922,1.0,-0.0199,-0.0261542857143,0.996
0.457607887167,0.493427242691,-0.124210002698,-1.44106874932,0.0743724992094,1.92529851584,0.147730169814,-0.0168122257206,-0.112498647656,-0.000904981137373,-0.175732727653,-0.0140886951325,0.0704749197375,-0.0329555662988,0.573874302472,0.818928728415,0.00218395062062,0.0,0.818887308074,-0.573813447136,-0.0119353032238,0.0,-0.00852114651681,0.00863793956415,-0.999926385322,0.0,0.651444813141,0.24774760808,0.303527623989,1.0,-0.0249788571429,-0.032829355102,1.013
0.457309836042,0.491054447197,-0.124277842873,-1.44472445326,0.0741674246663,1.92667068117,0.147198956376,-0.0197049557422,-0.148576618149,-0.00142566519212,-0.237144648289,-0.0102480161778,0.0876658383915,-0.0369369072282,0.573860511527,0.818938197906,0.00225570864169,0.0,0.818897797933,-0.573799456827,-0.0118880942981,0.0,-0.00844145265182,0.00866946962863,-0.999926788407,0.0,0.650992444879,0.247171549521,0.30355967824,1.0,-0.0320605714286,-0.0421367510204,1.03
0.456906734718,0.488359057042,-0.124280788862,-1.44907697067,0.0739304724459,1.92825414634,0.146561280338,-0.0282852588186,-0.18318202541,-0.000620218102367,-0.291634880268,-0.0193019286907,0.101580121534,-0.0474764278258,0.573824030816,0.818963887008,0.00220914823089,0.0,0.81892244965,-0.573762728287,-0.0119624407933,0.0,-0.0085294443123,0.00867362406945,-0.999926005675,0.0,0.650431449309,0.246496354204,0.303499574723,1.0,-0.0387257142857,-0.0508966530612,1.046
0.456366040561,0.484826850372,-0.124362431104,-1.45457675977,0.0735945476439,1.93034283126,0.145729831279,-0.0315737995052,-0.219443727952,-0.00355112041687,-0.34108726246,-0.0233753642664,0.122904112757,-0.0545332130933,0.573826761591,0.818961739151,0.00229442588861,0.0,0.818921703135,-0.573765413359,-0.0118845054251,0.0,-0.00841665506014,0.00869876989586,-0.999926742977,0.0,0.649765858482,0.245579209656,0.303518593965,1.0,-0.0458074285714,-0.0602040489796,1.063
0.455712742197,0.480700639794,-0.124448247712,-1.46104716619,0.0732108673183,1.93260381601,0.144754378255,-0.0477390012068,-0.252041034083,-0.00247596017333,-0.405146134874,-0.0229031654924,0.140074799048,-0.0578720706403,0.573838418352,0.818953773956,0.00222095632713,0.0,0.818912642919,-0.573777221088,-0.0119386234564,0.0,-0.0085030102952,0.00866977693724,-0.999926264173,0.0,0.648937136411,0.244484408096,0.303499627371,1.0,-0.0528891428571,-0.069511444898,1.08
0.454952159758,0.475957195363,-0.124534742036,-1.46839673737,0.072763303093,1.93522572065,0.143671465008,-0.0478847449593,-0.288979588122,-0.00150189452168,-0.441767619082,-0.0327318577804,0.157586115931,-0.0614541712586,0.573872782878,0.818929677904,0.00222679623794,0.0,0.818888601153,-0.573811535335,-0.0119384973795,0.0,-0.0084991920813,0.00867484378855,-0.99992625269,0.0,0.648001744717,0.243238790601,0.303516577847,1.0,-0.0599708571429,-0.0788188408163,1.097
0.45408266598,0.470669597582,-0.124605690405,-1.47658973822,0.0722722187347,1.93818119788,0.142466309967,-0.051559598317,-0.316144034023,-0.00188140448273,-0.491390619917,-0.0327834211624,0.174406659158,-0.0742218991653,0.573912747578,0.818901559376,0.00226740385983,0.0,0.818860890436,-0.573851206676,-0.0119323766363,0.0,-0.00847045247597,0.0087049990023,-0.999926234493,0.0,0.647022252,0.241937234487,0.30352687611,1.0,-0.066636,-0.0875787428571,1.113
0.453225190894,0.465466943302,-0.12465022935,-1.48439469838,0.0717766949743,1.94113755845,0.141192020595,-0.0583219227611,-0.353301968675,-0.00288748296804,-0.544148896827,-0.0325442032146,0.194754429237,-0.0901417941935,0.573837329625,0.818953542113,0.00256161873003,0.0,0.818916868354,-0.573774842579,-0.0117617877012,0.0,-0.00816272247359,0.00884727597185,-0.99992754521,0.0,0.645979718273,0.240541927253,0.303664087669,1.0,-0.0733011428571,-0.096338644898,1.129
0.452188828076,0.459492920067,-0.124694273438,-1.49364866117,0.0711815427105,1.94431475358,0.139794488768,-0.0695603192153,-0.382833664744,-0.0046578323085,-0.596442389639,-0.0394082739678,0.200807012176,-0.0940911649612,0.573843735662,0.818949328857,0.00247198428104,0.0,0.818911176176,-0.573781246683,-0.0118453953222,0.0,-0.00828255979152,0.00882191130627,-0.999926783862,0.0,0.644743363525,0.238953614563,0.303651397937,1.0,-0.0799662857143,-0.105098546939,1.145
0.450919383062,0.452179495687,-0.124801080319,-1.50488685374,0.0704068506536,1.94819922954,0.138014887587,-0.0718427882313,-0.4285187314,-0.00357318464768,-0.627099272647,-0.0514885158617,0.227328534384,-0.108970300768,0.573807851832,0.818974692078,0.00239787653531,0.0,0.818935864152,-0.573745957838,-0.0118479184466,0.0,-0.00832753372289,0.00876230442663,-0.999926934432,0.0,0.64324501969,0.236984072658,0.303668294213,1.0,-0.0874645714286,-0.114953436735,1.163
0.449523969792,0.444189167139,-0.1248660533,-1.51677677865,0.069628301298,1.95263773008,0.136187876606,-0.0815095296486,-0.442689038845,-0.00103533245521,-0.679319140094,-0.0438337539055,0.243469093745,-0.104357141794,0.573827068809,0.81895982413,0.00283698163181,0.0,0.818927036924,-0.573763971389,-0.0115827558143,0.0,-0.00785820511156,0.00896995247855,-0.999928891754,0.0,0.641707741874,0.23492980996,0.303871465199,1.0,-0.0949628571428,-0.124808326531,1.181
0.448155100355,0.436743174479,-0.124893326818,-1.52830639724,0.0688488959638,1.95652942936,0.13433899057,-0.0886244054919,-0.473178420025,-0.0025576736982,-0.737508728442,-0.0490104078103,0.24679165551,-0.116611626218,0.573749288962,0.819014886797,0.00266749348422,0.0,0.818979472033,-0.573686302745,-0.0117216608033,0.0,-0.00807006559511,0.00891008850353,-0.999927739571,0.0,0.640099263931,0.232919513236,0.303811999051,1.0,-0.101628,-0.133568228571,1.197
0.446466950135,0.427723337275,-0.124926432396,-1.54185339909,0.0679214734679,1.96137837553,0.132139214696,-0.101643121179,-0.5013186189,-0.000764737576683,-0.769869098234,-0.0580524929477,0.273575296727,-0.123226441365,0.573685956212,0.81905838603,0.00292075675204,0.0,0.81902635523,-0.573622223086,-0.0115810846869,0.0,-0.0078103239239,0.00903625637567,-0.999928669911,0.0,0.638261054586,0.230531049808,0.303932269238,1.0,-0.109126285714,-0.143423118367,1.215
0.444709201585,0.418810694223,-0.125008788086,-1.55552457773,0.0669447581393,1.9659557225,0.129866185371,-0.102701990771,-0.530404965556,-0.00890546958563,-0.838224022477,-0.0579708374157,0.268034040256,-0.131517164555,0.573630576079,0.819097826943,0.00273111452709,0.0,0.819063281122,-0.573567428193,-0.0116830533588,0.0,-0.00800323936997,0.00893888435544,-0.999928019662,0.0,0.636328874682,0.228036048212,0.303879721124,1.0,-0.116208,-0.152730514286,1.232
0.442927177918,0.409889698008,-0.125110482153,-1.56889349553,0.0660056403863,1.97069776218,0.12765889488,-0.11738130977,-0.558462475856,-0.00438620952859,-0.853111734101,-0.05411490706,0.294566399967,-0.13998082071,0.573649040348,0.819084161344,0.00294313502589,0.0,0.819052723292,-0.573585591052,-0.0115305293742,0.0,-0.00775648347533,0.00902523363193,-0.999929188554,0.0,0.634483747977,0.225572694559,0.303971073843,1.0,-0.122873142857,-0.161490416327,1.248
0.440564688781,0.398827517744,-0.12521613621,-1.58563038359,0.0648879211273,1.97631760662,0.124850186811,-0.128718635831,-0.604081680334,-0.00895126537924,-0.88611498921,-0.0545039222624,0.312860573111,-0.153590164173,0.573724509502,0.819031428278,0.00290750601297,0.0,0.818998784623,-0.573660306279,-0.0116443414538,0.0,-0.00786931233102,0.00906206245275,-0.99992797388,0.0,0.632083509621,0.222417535961,0.30395897515,1.0,-0.130788,-0.1718928,1.267
0.438559652376,0.389709176349,-0.125327236426,-1.59929301447,0.0638290987745,1.98103249737,0.12251511178,-0.139156369932,-0.610595555593,-0.00625870131758,-0.920537381242,-0.0778110191418,0.309351813319,-0.147241483926,0.573769440028,0.81899971622,0.00297345284995,0.0,0.818968732982,-0.573705951894,-0.0115083474695,0.0,-0.00771959434013,0.00903847701504,-0.999929354403,0.0,0.630143026387,0.219775834956,0.303996705515,1.0,-0.137036571429,-0.180105208163,1.282
0.436167924806,0.378892337614,-0.125442981779,-1.61546042947,0.0626147971657,1.98636949208,0.119605383585,-0.1384045788,-0.658626354233,-0.00638719840817,-0.965938076268,-0.0757004752835,0.331264282678,-0.167278680245,0.573698358758,0.819049719274,0.00291503297174,0.0,0.819018071917,-0.573635172324,-0.0115253566792,0.0,-0.00776782426622,0.00899971616745,-0.99992933051,0.0,0.627753226474,0.216651372204,0.30401093377,1.0,-0.144118285714,-0.189412604082,1.299
0.43337438095,0.367098579943,-0.125571487714,-1.63314532504,0.0613013800108,1.99221114218,0.116485648606,-0.162201979728,-0.65821763911,-0.0089364642401,-0.995257592331,-0.0752891039086,0.319949529996,-0.170760039014,0.573800363219,0.818978543104,0.00283478491643,0.0,0.818945731801,-0.573737281466,-0.0115830532645,0.0,-0.00786000162519,0.00896806784136,-0.999928894539,0.0,0.625121521789,0.213140309343,0.303968162911,1.0,-0.151616571429,-0.199267493878,1.317
0.430898037429,0.35680222565,-0.125695039608,-1.6482564609,0.0600957832886,1.99723711087,0.113703355695,-0.173723476966,-0.69356465215,-0.00786919464923,-1.01773883702,-0.0807716251934,0.325470270393,-0.1932376279,0.573827197714,0.818959370062,0.00294011087246,0.0,0.818928569011,-0.573764523233,-0.0114462936314,0.0,-0.00768726611265,0.00897610820615,-0.999930165272,0.0,0.622864774445,0.210083742316,0.304050267914,1.0,-0.157865142857,-0.207479902041,1.332
0.428057167239,0.345533283493,-0.125823275433,-1.66489269406,0.0588907257052,2.00259902219,0.11054838671,-0.185544303728,-0.725647270461,-0.0140372260345,-1.03390213792,-0.0778370253152,0.351070698401,-0.201845437905,0.573889345925,0.818915815631,0.00294150376015,0.0,0.818884344513,-0.573825857044,-0.0115352936795,0.0,-0.00775867289439,0.00902890735772,-0.999929138403,0.0,0.620311245445,0.206676626886,0.30405119743,1.0,-0.164530285714,-0.216239804082,1.348
0.424725640866,0.332492643589,-0.125919025899,-1.68415269351,0.0573647321139,2.00877920482,0.106910752925,-0.189511474106,-0.731424908476,-0.00340744195192,-1.09332517179,-0.0886479610978,0.334002599521,-0.205056295639,0.573894289062,0.818912639034,0.00286033469909,0.0,0.818879979646,-0.573830905834,-0.0115938494487,0.0,-0.00785315259479,0.00899608800961,-0.999928696655,0.0,0.617288324437,0.20274012866,0.30400427837,1.0,-0.172028571429,-0.226094693878,1.366
0.421814982817,0.321169901624,-0.125964538942,-1.70050686007,0.0559739193529,2.01402215843,0.10369125769,-0.200825644215,-0.749998173361,-0.00600941022811,-1.1088356521,-0.101222962331,0.340798312681,-0.21469968673,0.573771969516,0.818997983866,0.00296248578589,0.0,0.81896718029,-0.57370889178,-0.0114722273639,0.0,-0.00769627482146,0.00900879456723,-0.999929802023,0.0,0.614686174873,0.199378445448,0.304089140473,1.0,-0.178277142857,-0.234307102041,1.381
0.418266247483,0.308024968859,-0.126036293221,-1.71944512432,0.0544562151343,2.02000893089,0.0998452274248,-0.210463701422,-0.781927290158,-0.00648171720587,-1.11195278887,-0.0917763979331,0.357565222586,-0.232917244158,0.57369845361,0.819048970253,0.00310089568016,0.0,0.819019674273,-0.573634628625,-0.0114382208582,0.0,-0.00758982800125,0.00910195942924,-0.999929771957,0.0,0.61162893275,0.195400276495,0.304160007024,1.0,-0.185358857143,-0.243614497959,1.398
