position_joint1,position_joint2,position_joint3,position_joint4,position_joint5,position_joint6,position_joint7,velocity_joint1,velocity_joint2,velocity_joint3,velocity_joint4,velocity_joint5,velocity_joint6,velocity_joint7,ee_T_00,ee_T_10,ee_T_20,ee_T_30,ee_T_01,ee_T_11,ee_T_21,ee_T_31,ee_T_02,ee_T_12,ee_T_22,ee_T_32,ee_T_03,ee_T_13,ee_T_23,ee_T_33,v_x,v_y,time
0.465073608439,0.547872601016,-0.123908296232,-1.35585151955,0.07946231107,1.89409658403,0.159185097235,-0.000574800453304,-0.0006815972141,0.00165903486632,0.000468080067747,0.000312881630839,-0.000223661453638,0.00123614892835,0.573762126241,0.819008161747,0.00184401292241,0.0,0.818963535408,-0.57370391069,-0.0119706905694,0.0,-0.00874634424738,0.0083786695313,-0.999926646989,0.0,0.66165331055,0.260927047831,0.303137737803,1.0,0.0,0.0,0.0
0.465084307964,0.547872627016,-0.123907944179,-1.35585677335,0.0794637168954,1.89409637082,0.159181822005,0.00187828290084,-0.000717003204443,0.000792235340552,0.000263410575193,-8.54131147608e-05,-0.000279799409828,-0.000456088202861,0.573751092096,0.819015899827,0.00184039390049,0.0,0.818971204442,-0.57369287248,-0.0119750265667,0.0,-0.00875208480043,0.00837807548375,-0.999926601738,0.0,0.661649110135,0.260933919006,0.303135191471,1.0,-0.00012,-0.000157714285714,0.007
0.465073330625,0.547868380228,-0.123908277291,-1.355856753,0.0794599073273,1.89409563523,0.159185436425,-0.000339971113792,-0.000351434603091,0.000718091599142,-0.000164206071043,-0.000254451881672,6.97744465136e-06,0.00127227844708,0.573762252488,0.819008079353,0.00184132442619,0.0,0.818963433431,-0.573704063254,-0.011970355476,0.0,-0.00874761096114,0.00837627676442,-0.999926655955,0.0,0.661652236085,0.260925854775,0.303138149684,1.0,-0.00046,-0.000604571428571,0.024
0.465075503704,0.547858522334,-0.123911136455,-1.35587206906,0.0794599072668,1.89409710058,0.159184372018,-0.000444245811913,-0.00220132723959,0.000113684863335,-0.00100179935669,-0.000317076114905,0.000427447073712,0.00108080206336,0.573762426736,0.81900796501,0.00183788387677,0.0,0.818963274659,-0.573704252637,-0.0119721413429,0.0,-0.00875104580689,0.00837448550311,-0.999926640904,0.0,0.661649366975,0.260924048115,0.303138065737,1.0,-0.00078,-0.00102514285714,0.04
0.465074722151,0.547804946794,-0.123913272766,-1.35592209692,0.0794612296952,1.89410958136,0.1591814567,-0.000721950053157,-0.00561410195006,-0.00017463871033,-0.00107405237314,-0.000146822707356,0.00479695053162,0.000100219022562,0.573765246365,0.819005952918,0.00185419777879,0.0,0.818961438854,-0.573706967189,-0.0119676384585,0.0,-0.00873796918861,0.00838529295225,-0.999926664689,0.0,0.661642428314,0.260918126535,0.303153366109,1.0,-0.00112,-0.001472,0.057
0.465072277949,0.547669183185,-0.123906046892,-1.35609245155,0.079458610994,1.89413339567,0.15917876005,-0.000691830975692,-0.00871460465176,-0.00229749151124,-0.0136223496459,0.000379710989406,0.000431439299201,6.7936318255e-05,0.573768515177,0.81900366538,0.001853101922,0.0,0.818958976555,-0.573710086353,-0.0119865940836,0.0,-0.00875408976959,0.00839530637856,-0.999926439666,0.0,0.661610835333,0.260903445023,0.303170286718,1.0,-0.00146,-0.00191885714286,0.074
0.465068232681,0.547537708018,-0.123911148656,-1.35628768575,0.0794548056215,1.89418273234,0.159173088491,-0.000118521826978,-0.00826954909828,-0.00190100024905,-0.010561031629,6.7955029251e-05,0.00757530048233,0.000384529581093,0.573780498993,0.818995288593,0.00184475996681,0.0,0.818950412312,-0.573722029276,-0.0120000916161,0.0,-0.00876980791054,0.00839634714658,-0.999926293196,0.0,0.661581822816,0.26087909988,0.303174946864,1.0,-0.00178,-0.00233942857143,0.09
0.465051401493,0.54736291116,-0.123910794497,-1.35650623393,0.0794508239315,1.89432235911,0.159159184473,-0.00130593572206,-0.0113063403928,0.000103688185636,-0.00790276920046,-0.000166282937911,0.00471160265065,0.000423692198569,0.573794186237,0.818985503172,0.0019298538559,0.0,0.818941732473,-0.573735347651,-0.0119556084078,0.0,-0.00868441179653,0.00844065896636,-0.999926665445,0.0,0.661568718705,0.260853382286,0.303206851594,1.0,-0.00212,-0.00278628571429,0.107
0.465028350822,0.547133227638,-0.123903368413,-1.35678589105,0.0794473537713,1.89446731803,0.159139296961,-0.00256619352587,-0.0107094052837,0.00110925374596,-0.0182721306222,-0.00034044799478,0.00950221684568,9.46538369772e-05,0.573806521837,0.8189766447,0.00201936459923,0.0,0.818933940392,-0.573747210146,-0.0119200262403,0.0,-0.00860378393946,0.00849367853513,-0.999926913493,0.0,0.661544071429,0.260821554063,0.303248771426,1.0,-0.0025,-0.00328571428571,0.126
0.464995732037,0.546943762828,-0.123903420676,-1.35707768193,0.0794418357602,1.8945742444,0.159103915603,-0.00639720340537,-0.0115770745927,0.00104046781268,-0.018852585414,0.00010851015754,0.00611827192515,-0.00182824328771,0.573819150095,0.818967770711,0.00202988253939,0.0,0.818925091238,-0.573759682553,-0.011927636768,0.0,-0.00860385098308,0.0085067919187,-0.999926801441,0.0,0.661512292228,0.260774165786,0.303253361539,1.0,-0.0028,-0.00368,0.141
0.464958345535,0.546664865614,-0.123909292903,-1.35749004613,0.0794275087113,1.8947276477,0.158980649982,-0.00249146345672,-0.0191406977689,-0.000204598557463,-0.0238603494989,-0.00013512538468,0.00882133917013,-0.00539384162787,0.573772173111,0.819000627916,0.00205225204245,0.0,0.81895816728,-0.573712547197,-0.0119239395948,0.0,-0.00858847662339,0.0085224973893,-0.999926799875,0.0,0.661467535446,0.260708849784,0.303268103578,1.0,-0.00316,-0.00415314285714,0.159
0.46491975982,0.546404578372,-0.123909699089,-1.35790953073,0.0794138024619,1.89487563083,0.158964831955,-0.00224347766508,-0.0107703365109,0.000150132846265,-0.0306447796888,-0.00152156453879,0.00645959650388,-0.000932417565221,0.573810890309,0.818973511847,0.00204840322741,0.0,0.818930887691,-0.573751163031,-0.0119394726662,0.0,-0.00860300375943,0.00852866431699,-0.999926622414,0.0,0.661418559094,0.260644542646,0.303265611673,1.0,-0.00348,-0.00457371428571,0.175
0.464867245141,0.546103471839,-0.123911461219,-1.35841320487,0.0793812371042,1.89505111455,0.158916853654,-0.00355804610392,-0.0178885351321,-0.00665590634351,-0.0304549498639,0.000360639181366,0.0085150603082,-0.00195646428991,0.573835308603,0.818956465626,0.00202309472259,0.0,0.818913521192,-0.573775692863,-0.011951819552,0.0,-0.00862738342575,0.00851527962946,-0.999926526435,0.0,0.661361776682,0.26055959197,0.303254336008,1.0,-0.00382,-0.00502057142857,0.192
0.464809992814,0.545756716471,-0.1239125463,-1.35900108812,0.0792819038202,1.8952463086,0.158812841746,-0.00794900496789,-0.0257124663902,-0.00221527052488,-0.0388180826323,-0.00605003167401,0.0159296454241,0.000439560915893,0.573804113341,0.818978503611,0.00194859878109,0.0,0.818935136794,-0.57374535029,-0.0119273486611,0.0,-0.00865040921546,0.00843990022657,-0.999926966585,0.0,0.661295554491,0.260453029864,0.303236846122,1.0,-0.00416,-0.00546742857143,0.209
0.464738273543,0.54538320818,-0.123912445333,-1.35967030865,0.0792604017259,1.89546008956,0.158727372942,-0.00327749507425,-0.0252996299251,0.000387287013299,-0.0439202557049,-0.00222033909971,0.0177962673613,-0.00206116626326,0.573824281443,0.818964512913,0.00188878718919,0.0,0.818920137156,-0.573765546207,-0.0119855683192,0.0,-0.00873220222918,0.00842453819095,-0.999926385191,0.0,0.661214114098,0.260342150317,0.303201279381,1.0,-0.0045,-0.00591428571429,0.226
0.464683273941,0.544978636203,-0.123915019638,-1.36033642249,0.0792431138775,1.89568714674,0.158675138578,-0.00349623368234,-0.0286941012366,-0.000325615749511,-0.0430405586491,-0.00143318410663,0.0154273195529,-0.00822713130602,0.573860812257,0.818938956695,0.00187089919955,0.0,0.818894117516,-0.573801927974,-0.0120215910635,0.0,-0.00877159255595,0.00843095068322,-0.999925986378,0.0,0.661132811041,0.260243150917,0.303190394268,1.0,-0.00482,-0.00633485714286,0.242
0.464601587221,0.544539823672,-0.123915949958,-1.36106103717,0.0792145553359,1.89595709262,0.158556767007,-0.00822596083469,-0.0279510288159,-0.00161222979734,-0.0418302358241,-0.00233913937173,0.0188359278033,-0.0115424869575,0.573864279037,0.818936541489,0.00186471486522,0.0,0.818891478253,-0.573805283533,-0.012041193266,0.0,-0.00879115918378,0.00843717224655,-0.999925762067,0.0,0.661054628737,0.260122059267,0.30317951239,1.0,-0.00516,-0.00678171428571,0.259
0.46453121254,0.544004055828,-0.123916130158,-1.36191763341,0.0791727930602,1.89626018287,0.15846782258,-0.00288082662638,-0.0278727083541,0.00144474061968,-0.0546237608363,-0.00300208486808,0.0157897487644,-0.00084085609354,0.573885720808,0.818921538819,0.00185461908329,0.0,0.818876225839,-0.57382665374,-0.0120600627696,0.0,-0.00881218496089,0.00843996378628,-0.999925553433,0.0,0.660952764618,0.25999460782,0.303177204873,1.0,-0.00552,-0.00725485714286,0.277
0.46446137144,0.543546807293,-0.123916842849,-1.36265097437,0.0791355313714,1.89650997514,0.158358959042,-0.00571060116124,-0.0365336693675,0.000149712804643,-0.0526978164418,-0.00760001041683,0.0172656960682,-0.00931929714135,0.573885024663,0.818922067926,0.00183630950457,0.0,0.818876414502,-0.573825941513,-0.0120811224576,0.0,-0.00883994595182,0.00843704824189,-0.999925332999,0.0,0.660866189457,0.259877915812,0.303173343881,1.0,-0.00582,-0.00764914285714,0.292
0.464388527248,0.542992999096,-0.123924553638,-1.36352146311,0.0790732960058,1.89682808352,0.158261281008,-0.00151642260027,-0.037540500896,0.00135248801699,-0.0534462406262,-0.0119066402137,0.0191704430957,-0.00841453870159,0.573896194691,0.818914246842,0.00183328690572,0.0,0.818868639567,-0.573837205228,-0.0120731077362,0.0,-0.0088350017956,0.00843009404773,-0.999925435349,0.0,0.660760286865,0.259733046869,0.303179829911,1.0,-0.00618,-0.00812228571429,0.31
0.464312779722,0.542348216478,-0.123923172221,-1.36450280951,0.0790211772139,1.89718065771,0.158123954992,-0.0021173422707,-0.0383144138433,-0.00092053292241,-0.0534549995004,-0.00113053864058,0.0249972576474,-0.00542155185289,0.573891007067,0.818917848542,0.00184830960485,0.0,0.818872372577,-0.573831889964,-0.0120725470181,0.0,-0.00882597516404,0.00844201837247,-0.999925414463,0.0,0.66065124088,0.259599015031,0.303198032351,1.0,-0.00652,-0.00856914285714,0.327
0.46423455347,0.541822179033,-0.123930653155,-1.36534715948,0.0789729031131,1.8975003753,0.158005290577,-0.0037765903057,-0.0377450121916,-0.00271846277987,-0.0620258368041,-0.00138509115743,0.0231039238884,-0.0034628386552,0.573897194552,0.818913512605,0.00184820444416,0.0,0.818868049061,-0.573838090334,-0.0120710898242,0.0,-0.00882477836446,0.00844116267128,-0.99992543225,0.0,0.660558824658,0.259463571549,0.303196084821,1.0,-0.00682,-0.00896342857143,0.342
0.464152432971,0.541114973557,-0.123927785063,-1.36641293602,0.0789103118616,1.89790048457,0.157856741754,-0.00693747610946,-0.0370172889103,4.70791505828e-05,-0.0570265868521,-0.0117930656674,0.0268078237372,-0.0105143534609,0.573883161758,0.818923261867,0.00188539784693,0.0,0.818878252681,-0.57382386605,-0.0120550793474,0.0,-0.00879046786343,0.00846228127078,-0.999925555964,0.0,0.660435414978,0.259310806023,0.303223371076,1.0,-0.00718,-0.00943657142857,0.36
0.464064626253,0.540414772458,-0.123923347696,-1.36748670359,0.0788447441861,1.89828476651,0.157740835585,-0.00786932614771,-0.0421512915122,5.43414565724e-05,-0.0659017739668,-0.00214091493756,0.0297403663258,-0.00410539146134,0.573898862213,0.818912236022,0.00189540096852,0.0,0.81886731583,-0.57383948079,-0.0120547191706,0.0,-0.00878427024735,0.00847043460192,-0.999925541395,0.0,0.660307893005,0.259152607038,0.303240363732,1.0,-0.00752,-0.00988342857143,0.377
0.463974570512,0.53971982023,-0.123926505196,-1.36857118235,0.0787879031237,1.89870107114,0.157610988848,-0.000928632334462,-0.0458951536942,0.000488092551162,-0.0708937763483,-0.00163252349084,0.026228377537,-0.00397826133322,0.573913391179,0.818901994112,0.00192103249584,0.0,0.818857356871,-0.57385384647,-0.0120473603234,0.0,-0.00876338422795,0.00848735641785,-0.99992558117,0.0,0.660185781826,0.258990767562,0.30325148974,1.0,-0.00784,-0.010304,0.393
0.463869406511,0.538965134676,-0.1239339287,-1.36973522414,0.0787176280962,1.89913776205,0.157455736084,-0.00605426706621,-0.041679519417,-0.0013266272335,-0.0672977240025,-0.0044205156487,0.0195661781086,-0.01056597767,0.573923112856,0.818895131,0.00194212642538,0.0,0.81885080499,-0.573863510525,-0.012032346259,0.0,-0.00873888252825,0.00849611698335,-0.999925721206,0.0,0.66005632722,0.258807044531,0.303268722116,1.0,-0.00818,-0.0107508571429,0.41
0.463755414109,0.538178370264,-0.12393765648,-1.37094875357,0.0786487324946,1.89960689781,0.157305512751,-0.0109404110932,-0.0458355401982,-0.00249956368855,-0.0691238235027,-0.00531809821298,0.0215128175919,-0.0026580437753,0.573948229738,0.818877455619,0.00197209556236,0.0,0.818833505405,-0.573888480667,-0.0120186972674,0.0,-0.00871024501141,0.00851309184612,-0.999925826699,0.0,0.659914439149,0.258606623573,0.303282388036,1.0,-0.00854,-0.011224,0.428
0.463656369786,0.537426433149,-0.123935214715,-1.37213816205,0.0785852140891,1.9000473876,0.157165641443,-0.00734475244286,-0.0478396392085,0.000240573112998,-0.0752275723783,-0.00272792544112,0.0234551147463,-0.00381521157351,0.57395808819,0.818870513435,0.00198547958674,0.0,0.818826650072,-0.573898194753,-0.0120219005337,0.0,-0.00870508431179,0.00852599479735,-0.999925761704,0.0,0.659784489918,0.258440985143,0.303290613807,1.0,-0.00884,-0.0116182857143,0.443
0.463534728922,0.536580109181,-0.123940594236,-1.3734455689,0.0785033670307,1.90055103815,0.156995382209,-0.0068133295721,-0.0496129705509,-0.00114257752686,-0.0779615084188,-0.00286500453001,0.0278113656309,-0.00787671549052,0.573972160598,0.81886057072,0.00201779095917,0.0,0.818817199002,-0.573912196893,-0.0119971570614,0.0,-0.00866613088592,0.00853840049158,-0.999925994208,0.0,0.659641241507,0.258234474731,0.303309642034,1.0,-0.00918,-0.0120651428571,0.46
0.463410508372,0.535671502219,-0.123948423735,-1.3749005707,0.0784216156317,1.90107986627,0.15681990992,-0.00340197450109,-0.0486387584625,-0.00115118718157,-0.0849887417198,-0.00799236112733,0.0272618899405,-0.0089509269642,0.573993673718,0.81884552614,0.00200343544335,0.0,0.818801917853,-0.573933719672,-0.0120104806125,0.0,-0.00868505637444,0.00853452098917,-0.999925863125,0.0,0.65947127947,0.258009878811,0.303304498868,1.0,-0.00954,-0.0125382857143,0.478
0.463297826106,0.534818580473,-0.123944481201,-1.37625627842,0.0783549427287,1.90156456044,0.156650682164,-0.0124808025829,-0.0511202881603,-0.000146642819623,-0.0834554008139,-0.00596270591488,0.0276050345644,-0.0106245479071,0.574000984822,0.818840416432,0.00199718348894,0.0,0.818796524793,-0.573940858451,-0.0120369800585,0.0,-0.00871026825724,0.00854468981975,-0.999925556981,0.0,0.659307259394,0.25781024396,0.303302950454,1.0,-0.00986,-0.0129588571429,0.494
0.463170757337,0.533919362613,-0.12395302432,-1.37774202472,0.078257967664,1.90211103278,0.156475538368,-0.00678150028857,-0.0518311850016,0.000189710368504,-0.0893474557189,-0.00286155820172,0.0314171964064,-0.0133086034407,0.574022980338,0.818825099003,0.00195504172893,0.0,0.818780736174,-0.573963109854,-0.0120499584576,0.0,-0.00874485496198,0.00851786756821,-0.999925483946,0.0,0.659134432719,0.257578359431,0.303277740097,1.0,-0.0102,-0.0134057142857,0.511
0.463041405714,0.532992741897,-0.123956243159,-1.37924822323,0.0781762515744,1.90269324471,0.156279639441,-0.00795001120968,-0.0537000545631,-0.00100192058937,-0.0857791588843,-0.00835636973684,0.0306305049097,-0.0114706322582,0.574031378076,0.818819202192,0.00195908342901,0.0,0.81877483437,-0.573971432772,-0.0120545371071,0.0,-0.00874619692553,0.00852389486913,-0.999925420847,0.0,0.658962845185,0.257350891914,0.303264890588,1.0,-0.01054,-0.0138525714286,0.528
0.462912014597,0.53208489565,-0.12394818059,-1.38070738013,0.0780991761556,1.9032205918,0.156093156709,-0.0105702035033,-0.0611400320435,-0.000679860910463,-0.0928175530074,-0.00745902486864,0.036439959845,-0.0130044626285,0.574037814449,0.818814720849,0.00194612557664,0.0,0.818769999155,-0.573977744999,-0.0120823685855,0.0,-0.00877635746265,0.00852932990896,-0.999925110236,0.0,0.658787561282,0.257132356255,0.303255876147,1.0,-0.01086,-0.0142731428571,0.544
0.462785885178,0.531073887695,-0.123953026974,-1.38233495001,0.0779929162138,1.903800191,0.155878923999,-0.0103043365016,-0.0576775953546,-7.96360528057e-05,-0.0993216944255,-0.00435278409571,0.0321989656721,-0.0146247824886,0.57402899561,0.818820991071,0.00190884302912,0.0,0.818775816939,-0.573969124481,-0.0120976294807,0.0,-0.00881034562529,0.0085074684058,-0.999924997583,0.0,0.658589445013,0.256888700152,0.303244130096,1.0,-0.0112,-0.01472,0.561
0.462648053069,0.530034395994,-0.123951988786,-1.38397819563,0.0778963151467,1.90438290502,0.15566842388,-0.00633548494171,-0.0635726783964,0.000639504440875,-0.0916730251134,-0.00136716283158,0.0356012335113,-0.0164799914777,0.574031906189,0.818818987425,0.00189298986886,0.0,0.818773512437,-0.573972014509,-0.0121164678215,0.0,-0.00883484080232,0.00850533283778,-0.999924799623,0.0,0.65838971162,0.256641068055,0.30324484625,1.0,-0.01154,-0.0151668571429,0.578
0.462511409983,0.528974600328,-0.12395511823,-1.38563593483,0.0777914380793,1.9050119131,0.155433558444,-0.0103250216816,-0.0597059181411,-0.00017156715959,-0.0984194986822,-0.00445639632527,0.0321628749651,-0.00736825420145,0.5740154428,0.81883047707,0.00191524126071,0.0,0.818785349277,-0.573955509177,-0.0120984377931,0.0,-0.00880747588817,0.00851302551374,-0.999924975568,0.0,0.658197005305,0.256392161599,0.303256851869,1.0,-0.01188,-0.0156137142857,0.595
0.462376379284,0.527860815053,-0.123951968927,-1.38735829157,0.0776836353123,1.9056798395,0.155196703777,-0.00770066658593,-0.0642146464586,0.00208219552055,-0.105607309943,-0.00809854821155,0.0319272101047,-0.016761269501,0.573994183613,0.818845266025,0.00196325981033,0.0,0.818800804616,-0.573934080496,-0.0120689894662,0.0,-0.00875602175665,0.00853521279736,-0.999925238318,0.0,0.657996196465,0.256143195246,0.303279019297,1.0,-0.01222,-0.0160605714286,0.612
0.462225898142,0.526683926276,-0.123952180078,-1.38913712608,0.0775740528908,1.90635904334,0.154950309113,-0.00495747101262,-0.0669169444647,0.002557357475,-0.100972396998,-0.00664540634712,0.0409459914462,-0.00604954266271,0.573982375968,0.8188533855,0.00202781494135,0.0,0.818809797628,-0.573922026457,-0.0120320304787,0.0,-0.00868882851842,0.00856673311983,-0.9999255549,0.0,0.657790363,0.255876746845,0.303319496659,1.0,-0.01256,-0.0165074285714,0.629
0.462083718872,0.525581187981,-0.123967604887,-1.39086521981,0.0774563447644,1.90698379565,0.1547287643,-0.00885526126328,-0.0694694304391,-0.00325039655588,-0.111338243808,-0.00641198016745,0.0412244859002,-0.00905206139356,0.57398949902,0.818848420472,0.00201648393767,0.0,0.818804832201,-0.573929342207,-0.0120209741391,0.0,-0.00868620362276,0.00855118435286,-0.999925710797,0.0,0.657584840522,0.255607007609,0.303327432166,1.0,-0.01288,-0.016928,0.645
0.461916719254,0.524389400765,-0.123964685956,-1.3927233956,0.0773405216831,1.907650564,0.154462789134,-0.00658206699346,-0.0728833047013,0.00152626655165,-0.109396280536,-0.00856019618838,0.044824337862,-0.0224918868914,0.573974851586,0.818858687554,0.00201654793594,0.0,0.818815054951,-0.573914651879,-0.0120260153442,0.0,-0.00869044805267,0.00855397487188,-0.999925650049,0.0,0.657360999516,0.255320543458,0.303338856201,1.0,-0.01322,-0.0173748571429,0.662
0.461759215494,0.523198683299,-0.123969314515,-1.39464576917,0.0772234942873,1.9083685009,0.154206400711,-0.0069801921007,-0.0724319957038,-0.00206147865022,-0.115700925386,-0.00664991533084,0.0488120473684,-0.0146441406997,0.573968769442,0.818862987091,0.00200174380929,0.0,0.818819160513,-0.573908633012,-0.012033712315,0.0,-0.00870531116305,0.00854620577569,-0.999925587194,0.0,0.657130983537,0.255031586768,0.303323380006,1.0,-0.01356,-0.0178217142857,0.679
0.461607183791,0.522026535194,-0.123975736914,-1.39648148475,0.0771154583389,1.90909628312,0.153964307575,-0.0107550002668,-0.0757443979195,-0.000646484985393,-0.117409647371,-0.00882543064315,0.0515421100593,-0.00600001478424,0.573968970548,0.818862716446,0.00205410915524,0.0,0.818819617973,-0.573908655819,-0.0120014540539,0.0,-0.00864883876062,0.00857057211222,-0.999925868693,0.0,0.656920778119,0.254757345548,0.303336675194,1.0,-0.01388,-0.0182422857143,0.695
0.461441620318,0.520778094877,-0.123978905911,-1.39848863131,0.0769890013976,1.90984378625,0.15368457412,-0.00614732264459,-0.0755501184389,0.000440731059531,-0.119179566611,-0.011665906098,0.0421669523722,-0.0142098687197,0.57395074609,0.818875526021,0.00203981573999,0.0,0.818832265159,-0.573890517817,-0.0120059150048,0.0,-0.00866088580255,0.00856123564771,-0.999925844401,0.0,0.656679155796,0.254455209385,0.303323265957,1.0,-0.01422,-0.0186891428571,0.712
0.461271418237,0.519453529369,-0.123982106923,-1.4005513871,0.0768559042243,1.91058322528,0.153403609621,-0.0137456609133,-0.076006168899,-0.00104129418496,-0.122095372816,-0.0076956710357,0.0385256902957,-0.0179692901729,0.573935902522,0.818885937566,0.00203665261217,0.0,0.818842652731,-0.573875706577,-0.0120054308627,0.0,-0.0086624598302,0.00855821059704,-0.999925856662,0.0,0.656425632278,0.254142870327,0.303335730463,1.0,-0.01456,-0.019136,0.729
0.461109246686,0.518196271515,-0.123987558772,-1.40252588767,0.076727541385,1.91128503598,0.153135017801,-0.0115847770596,-0.0735860790787,-0.00102390043484,-0.120610273704,-0.0136689505259,0.0425719386403,-0.0206294697743,0.573922482225,0.818895388528,0.00201840192866,0.0,0.81885189009,-0.573862389477,-0.0120119499546,0.0,-0.00867841255768,0.00854686492219,-0.999925815376,0.0,0.65618118769,0.25384234857,0.303339392508,1.0,-0.01488,-0.0195565714286,0.745
0.460915337188,0.516754885292,-0.123988876383,-1.4047954146,0.0765862423655,1.91211063526,0.152828390204,-0.010645803114,-0.0756454594021,0.000351528935779,-0.123119468138,-0.00322012711889,0.0504979898902,-0.0176595028227,0.573912925728,0.818902096754,0.00201407922642,0.0,0.818858515907,-0.573852826952,-0.01201710559,0.0,-0.00868521512407,0.0085461826947,-0.999925762144,0.0,0.655903510697,0.253497161475,0.303342046396,1.0,-0.01524,-0.0200297142857,0.763
0.460734705913,0.515374810433,-0.123991671427,-1.40698080484,0.0764528404332,1.91294137503,0.152521716614,-0.00865992634937,-0.0829399159434,9.93151167596e-05,-0.131269313279,-0.00502179634823,0.0539803705341,-0.0257758662538,0.573891129001,0.818917325088,0.00203313219411,0.0,0.818874000351,-0.573830959518,-0.0120061796254,0.0,-0.00866556114451,0.00855528378899,-0.999925854836,0.0,0.655640883878,0.253170645952,0.303341804966,1.0,-0.01558,-0.0204765714286,0.78
0.460552759415,0.514076342247,-0.123993365305,-1.4090975352,0.0763211231941,1.91368191319,0.152234095231,-0.0116200886763,-0.0805606031193,-0.000146240462383,-0.133782484809,-0.00582060804714,0.0473901498587,-0.0160977579799,0.573881319151,0.8189243657,0.00196511893543,0.0,0.818880073633,-0.573821363605,-0.0120505011804,0.0,-0.00874099009947,0.00852491838345,-0.999925457651,0.0,0.655373555464,0.252845271808,0.303308805189,1.0,-0.0159,-0.0208971428571,0.796
0.460358157514,0.512662834546,-0.1239918703,-1.41137080721,0.0761972852657,1.91447299114,0.151922851976,-0.00964035982556,-0.0808516738039,0.00124034850968,-0.127392070906,-0.00579821755729,0.047133577302,-0.0111787991227,0.573870355442,0.818932165071,0.00191600069765,0.0,0.818886962183,-0.57381035458,-0.012106487722,0.0,-0.00881514088065,0.008516706376,-0.99992487668,0.0,0.6550833441,0.252501147559,0.303285798899,1.0,-0.01624,-0.021344,0.813
0.460160178754,0.511215211229,-0.124001066589,-1.41367212551,0.0760528033099,1.91535205928,0.151600578174,-0.0106906360263,-0.0821676790327,-0.00173114214269,-0.133145858452,-0.00895224200499,0.0487824387894,-0.0139617584434,0.573856590663,0.818941775315,0.00193103539787,0.0,0.818896845556,-0.573796599512,-0.0120898977719,0.0,-0.00879307009375,0.00851935033673,-0.999925048485,0.0,0.654808439299,0.252148340327,0.303280800827,1.0,-0.01658,-0.0217908571429,0.83
0.459967444767,0.509840864349,-0.124006663309,-1.4158771175,0.0759112596796,1.91618048125,0.151290796503,-0.0125883678715,-0.0842177364969,-0.000960626565556,-0.141500309059,-0.00967010194262,0.0505222445995,-0.0193180312944,0.57383296995,0.8189583239,0.001932152732,0.0,0.818913439808,-0.573773006976,-0.0120855893022,0.0,-0.00878914609363,0.00851753943192,-0.999925098411,0.0,0.654523977897,0.251788341666,0.303270475685,1.0,-0.01692,-0.0222377142857,0.847
0.459756111434,0.508327213013,-0.124013048084,-1.4182492698,0.0757633210692,1.91701987944,0.15095268343,-0.0119826959665,-0.0889555767646,0.00021716936728,-0.14406348174,-0.00263966044892,0.0504715331398,-0.0193695203777,0.573823593129,0.818964965322,0.00190169509985,0.0,0.818919669694,-0.57376375228,-0.0121028119888,0.0,-0.00882082511271,0.00850237828251,-0.999924948488,0.0,0.654225513026,0.2514172807,0.303268462733,1.0,-0.01726,-0.0226845714286,0.864
0.459526811286,0.506700491935,-0.124010844876,-1.42080321601,0.0755968286798,1.91795659211,0.150606739914,-0.0167021850343,-0.0904639618701,0.000283327982995,-0.141747367503,-0.0188781275391,0.0531115638996,-0.0121247275104,0.573815097125,0.818970905786,0.0019070105462,0.0,0.818925695789,-0.573755249468,-0.0120981562795,0.0,-0.00881405039267,0.00850396838672,-0.999924994706,0.0,0.653928829257,0.251044607464,0.303271536479,1.0,-0.0176,-0.0231314285714,0.881
0.459324689433,0.505184535533,-0.124017945884,-1.42311879383,0.0754521895822,1.9188499675,0.150287532792,-0.0136664445973,-0.0934462075789,0.00201649109863,-0.147212242704,-0.0054196503918,0.0552828602018,-0.0163193696132,0.573804821175,0.818977926375,0.00198247551309,0.0,0.81893378215,-0.573744723372,-0.0120498862006,0.0,-0.00873132405383,0.00853796334873,-0.999925430801,0.0,0.653651983295,0.250690760029,0.303306621491,1.0,-0.01792,-0.023552,0.897
0.459102836155,0.503515810115,-0.124030035258,-1.42559787612,0.0752953630972,1.91978909746,0.149935137593,-0.0137875683263,-0.0947961271437,-0.00118948704701,-0.141695948373,-0.00784023242368,0.0565317835118,-0.0176079438173,0.573791582999,0.818986940415,0.00208748931077,0.0,0.818944272139,-0.573731145334,-0.0119832761093,0.0,-0.00861665490107,0.00858560568199,-0.99992601758,0.0,0.653354788151,0.25030495517,0.303374085919,1.0,-0.01826,-0.0239988571429,0.914
0.458874787196,0.501825049456,-0.124031147938,-1.42811588281,0.0751368689375,1.92070662533,0.149583406008,-0.0115030784129,-0.0996650472641,0.000896173425156,-0.146591256255,-0.0123180080636,0.051809780727,-0.0185417302206,0.573776942724,0.818996998097,0.00216425685096,0.0,0.818955320496,-0.573716179364,-0.0119446836644,0.0,-0.00854115533635,0.00862617981846,-0.999926316129,0.0,0.65304255636,0.249915611978,0.303435542779,1.0,-0.0186,-0.0244457142857,0.931
0.458648721727,0.50020713243,-0.124037087294,-1.43056312422,0.0749739868969,1.92156709873,0.149242570666,-0.0133280656145,-0.0944527640446,0.000278234866694,-0.155608718937,-0.0130027040448,0.0560950009882,-0.0182742996941,0.573767507294,0.819003551835,0.00218553344443,0.0,0.818962188102,-0.573706695445,-0.0119293320232,0.0,-0.00851647409638,0.00863469859518,-0.99992645312,0.0,0.652733775825,0.249527775069,0.303474435391,1.0,-0.01892,-0.0248662857143,0.947
0.458402231104,0.498524812632,-0.124042860929,-1.43319419679,0.0748142967358,1.92255018586,0.148861257122,-0.0116019229258,-0.0957581599979,-0.00248339342975,-0.153775697587,-0.0105703989034,0.060376341679,-0.0222924543264,0.573751995455,0.819014342584,0.00221387782186,0.0,0.818973319786,-0.573691042046,-0.0119179132533,0.0,-0.00849102349207,0.00865119994253,-0.999926526931,0.0,0.652410627397,0.249114566592,0.30348089635,1.0,-0.01926,-0.0253131428571,0.964
0.458122049776,0.496758775628,-0.124040437241,-1.43601703504,0.0746463795472,1.92356523119,0.148453698475,-0.0140395518306,-0.0962045079821,-0.00104370329704,-0.15640407402,-0.00502115603702,0.0650822062478,-0.0159993106422,0.573743532139,0.81902035639,0.00218221182051,0.0,0.818978748687,-0.573682533525,-0.0119543644443,0.0,-0.00853913542652,0.00864609085091,-0.999926161414,0.0,0.652055394269,0.248663581627,0.3034563703,1.0,-0.01962,-0.0257862857143,0.982
0.457856544166,0.495076659936,-0.124048554121,-1.43874466167,0.074474288621,1.92450257285,0.148056357369,-0.0160572766454,-0.0978927451837,0.00568914875874,-0.161703251851,-0.00869228093577,0.0607601174118,-0.0173999799722,0.573732787062,0.819028110595,0.00209523416411,0.0,0.818985259,-0.573672040954,-0.0120117387927,0.0,-0.00863614074164,0.0086076599937,-0.999925659868,0.0,0.651724318453,0.248248155456,0.303415604079,1.0,-0.01994,-0.0262068571429,0.998
0.457596308055,0.493383438303,-0.124069049699,-1.44143692493,0.0743041452026,1.92548360046,0.147674628137,-0.0164440781696,-0.11185155548,-0.00520849456113,-0.180686283124,-0.0150244921893,0.0740458282247,-0.0158597055105,0.573736542016,0.81902555694,0.00206502676682,0.0,0.818982358113,-0.573675969712,-0.0120218873583,0.0,-0.00866174352154,0.00858878193316,-0.999925600744,0.0,0.651368369019,0.247781232356,0.303394902977,1.0,-0.023852,-0.0313483428571,1.015
0.457290077716,0.491183657161,-0.124102562827,-1.4448698696,0.0740983887437,1.92677010422,0.147174349683,-0.0194377295872,-0.13750781311,0.00160995477115,-0.214351709042,-0.0227589674277,0.0801319320948,-0.0297815734726,0.573718195605,0.819038305899,0.00210532723489,0.0,0.818995685831,-0.573657508597,-0.0119948456276,0.0,-0.00861666716353,0.00860608080637,-0.99992584146,0.0,0.650942732326,0.247238296552,0.303404204463,1.0,-0.0285537142857,-0.0375277387755,1.032
0.456916100548,0.488811753749,-0.124110758312,-1.44870926363,0.0738814925554,1.92813932969,0.146612904257,-0.0271444133082,-0.157015379497,-0.000448149296564,-0.251238734341,-0.00569543370134,0.0974988784832,-0.0329910460255,0.573703304872,0.819048923182,0.00203133311644,0.0,0.819005004421,-0.573642604182,-0.0120711351115,0.0,-0.00872175891667,0.00858908746159,-0.999925076442,0.0,0.650448499628,0.246624366392,0.303345192041,1.0,-0.0329788571429,-0.0433436408163,1.048
0.456446243903,0.485797003197,-0.124148583495,-1.45334198965,0.0735928196096,1.9299101957,0.145926142651,-0.0274916448578,-0.181156480639,-0.000395040002916,-0.282542009735,-0.0212847633722,0.109859692527,-0.0445277662288,0.57370446116,0.819047809519,0.00215031825761,0.0,0.819005638498,-0.573643450187,-0.0119876214365,0.0,-0.00858508438407,0.00863864099496,-0.999925832354,0.0,0.649888800194,0.245861006669,0.303389060287,1.0,-0.0376805714286,-0.0495230367347,1.065
0.455909018476,0.482417044728,-0.124203357685,-1.45860283147,0.0732756628057,1.93174728405,0.145125168679,-0.0355873372546,-0.204895766597,-0.00157620161068,-0.328773289514,-0.0190112421002,0.109316339905,-0.0537086203067,0.573700254979,0.819050856168,0.0021117170625,0.0,0.81900805897,-0.573639283191,-0.0120216065003,0.0,-0.00863510948717,0.00862647809336,-0.999925506605,0.0,0.649215574016,0.244975088051,0.303391513472,1.0,-0.0423822857143,-0.0557024326531,1.082
0.455293762296,0.478638283302,-0.124277532594,-1.46450524327,0.0729221438993,1.93384264943,0.144243545353,-0.0347725098719,-0.2332524731,-0.00387549430131,-0.351778923942,-0.0189006114433,0.120443860059,-0.0533723097455,0.573727688227,0.819031713425,0.00208304271557,0.0,0.818988479692,-0.573666772419,-0.0120437226141,0.0,-0.0086693852897,0.00861597100392,-0.999925300611,0.0,0.648466673124,0.243968682777,0.303385231697,1.0,-0.047084,-0.0618818285714,1.099
0.454606987026,0.474447250931,-0.124326894137,-1.47092954032,0.0725388849605,1.93621156037,0.143332268484,-0.0402270197613,-0.253360094329,-0.000845833834975,-0.385401302834,-0.0238455035872,0.147207907454,-0.0575887846547,0.573786550833,0.818990174346,0.00219893379819,0.0,0.81894838815,-0.573725076098,-0.0119925603288,0.0,-0.00856037042746,0.00868215027466,-0.9999256674,0.0,0.64766140571,0.242888540883,0.303435143687,1.0,-0.0517857142857,-0.0680612244898,1.116
0.453840493178,0.469897062778,-0.1243620242,-1.47790367005,0.072123457418,1.9386960568,0.142279301401,-0.0485109257457,-0.278275005766,-0.00393281619234,-0.42523213714,-0.0208793185724,0.154808812149,-0.0722416431149,0.57379832292,0.818981756943,0.00226126273883,0.0,0.818940466556,-0.573736266145,-0.0119981685255,0.0,-0.00852907690974,0.00873653674581,-0.999925461108,0.0,0.646762386472,0.241708840886,0.303476851175,1.0,-0.0564874285714,-0.0742406204082,1.133
0.453076913745,0.465229941878,-0.124389577714,-1.48493022814,0.0716637324076,1.94130277594,0.141139797686,-0.0428743662542,-0.295380053914,-0.00109091631708,-0.455117821506,-0.0263448790923,0.157781211878,-0.0716891109857,0.573717606031,0.819037731196,0.0024597375617,0.0,0.818999213447,-0.573654961562,-0.0118751988888,0.0,-0.00831535539533,0.00882770376659,-0.999926460551,0.0,0.645869118163,0.240533100935,0.303579385707,1.0,-0.0609125714286,-0.080056522449,1.149
0.452167834816,0.459949322595,-0.12442071783,-1.49310463775,0.0711372544844,1.9440953125,0.139928441819,-0.0539819780251,-0.31907940031,-0.00531254230471,-0.486257427483,-0.0353263288754,0.164643810681,-0.0711811421142,0.573730270636,0.819029115824,0.00237294949504,0.0,0.818989145881,-0.573667627956,-0.0119573603061,0.0,-0.00843230427903,0.00880388894683,-0.999925691131,0.0,0.644771128992,0.239138041469,0.303569370572,1.0,-0.0656142857143,-0.0862359183673,1.166
0.451185904688,0.454366357489,-0.124463174554,-1.50178867079,0.0705459738517,1.94712768098,0.138593215499,-0.059537045235,-0.331582453765,-0.00417690308075,-0.520286820384,-0.0396261451401,0.191404163467,-0.0777260028912,0.573709585055,0.819043836507,0.00229189834628,0.0,0.819002848853,-0.573647314358,-0.0119932982066,0.0,-0.00850845945855,0.00875791002932,-0.999925449786,0.0,0.643611679274,0.237641132121,0.303539125242,1.0,-0.070316,-0.0924153142857,1.183
0.45019959799,0.448650548722,-0.124495973644,-1.51020748283,0.0699750066831,1.95035137708,0.137239946727,-0.0606748995573,-0.352234207008,-0.00427088657861,-0.533927978338,-0.0353872498191,0.199409994359,-0.0878652404938,0.573659810041,0.81907742481,0.00270950375852,0.0,0.819042422488,-0.573596538388,-0.0117161518781,0.0,-0.00804242837406,0.00894045611444,-0.999927691181,0.0,0.642546085866,0.236197345832,0.303733892048,1.0,-0.0747411428571,-0.0982312163265,1.199
0.4490582248,0.442382771667,-0.124528936376,-1.51987316628,0.0693321947056,1.95364334305,0.135771772546,-0.0710654996907,-0.370805536109,0.000255956115162,-0.580732442037,-0.0441745881385,0.199863396119,-0.0927128955668,0.573671905473,0.819069264109,0.00261387898788,0.0,0.819032708455,-0.573608636694,-0.0118025968451,0.0,-0.0081679580083,0.00891184218927,-0.999926929096,0.0,0.641217510445,0.234511668261,0.303711953575,1.0,-0.0794428571429,-0.104410612245,1.216
0.447840464879,0.435754908507,-0.124558802136,-1.53010570034,0.0686356367777,1.95710567559,0.13409904335,-0.0781814025974,-0.407482029174,-0.00117663094431,-0.608708668018,-0.0408982360699,0.2166721064,-0.0977742611665,0.573578850717,0.819134836966,0.00248350167598,0.0,0.81909627152,-0.57351575221,-0.011904908651,0.0,-0.00832755840642,0.00886280142143,-0.999926048527,0.0,0.639790000949,0.232723588364,0.303671324014,1.0,-0.0841445714286,-0.110590008163,1.233
0.446585679272,0.429192695958,-0.124586496117,-1.53998604491,0.0679373432919,1.96069421035,0.132520532123,-0.083168969372,-0.414466824252,-0.000328532189857,-0.637043993783,-0.0451612745972,0.220876246128,-0.0956792368303,0.573568322557,0.819141584939,0.00268143326748,0.0,0.819105969839,-0.573504888294,-0.0117601096476,0.0,-0.00809553563343,0.00894177651769,-0.999927250822,0.0,0.638466859864,0.230964458326,0.303753156374,1.0,-0.0885697142857,-0.116405910204,1.249
0.445053297234,0.421517041338,-0.124681541278,-1.55180140835,0.0670857583215,1.96463270891,0.130544338604,-0.0882430117034,-0.428677181983,-0.0116993263824,-0.671752816938,-0.0522226790499,0.216096720538,-0.11092118014,0.57353838114,0.819163214791,0.00246977600949,0.0,0.819124935716,-0.573475835728,-0.0118554808128,0.0,-0.00829537662611,0.00882279825423,-0.99992666979,0.0,0.636807300005,0.228782046577,0.303692711638,1.0,-0.093548,-0.1229488,1.267
0.443602122436,0.414306471458,-0.124783394252,-1.56254674862,0.0663267037495,1.96846838453,0.12882831998,-0.0945605393033,-0.458061256025,-0.00573502164611,-0.679196739593,-0.0459607511569,0.245317950736,-0.118623152783,0.573636471662,0.819093802345,0.00269967404579,0.0,0.819058951603,-0.573573547958,-0.0116861364028,0.0,-0.00802373476191,0.00891495788767,-0.999928069016,0.0,0.635251987296,0.226648504468,0.303804907563,1.0,-0.0982497142857,-0.129128195918,1.284
0.441933439281,0.406442286703,-0.124827956881,-1.57455635295,0.0655190738465,1.97249334368,0.126797586432,-0.104278519171,-0.469016534183,-0.00426656453302,-0.719093997228,-0.0472646137288,0.236515992528,-0.122112734398,0.573634604415,0.819095462094,0.00259065543184,0.0,0.819058640892,-0.573571466378,-0.0118094301043,0.0,-0.00818728220401,0.00889636776594,-0.999926908854,0.0,0.63362980851,0.224542359271,0.303754796598,1.0,-0.102674857143,-0.134944097959,1.3
0.440150949888,0.39819733118,-0.124939742967,-1.58686438529,0.064663545049,1.97672782578,0.124728374307,-0.107440830426,-0.499403116079,-0.00789400291777,-0.714497743013,-0.0535114675416,0.265027961081,-0.126415819377,0.573734754619,0.819024911644,0.00271520707895,0.0,0.818989770524,-0.573671216329,-0.0117404528425,0.0,-0.00805824235055,0.00895980515723,-0.999927390675,0.0,0.631899084411,0.222178439911,0.303825208283,1.0,-0.107376571429,-0.141123493878,1.317
0.438280955017,0.38973210827,-0.124996013957,-1.59958176523,0.0636917750132,1.98107908098,0.122558776782,-0.11257107154,-0.503971609748,-0.00218938929393,-0.779650162681,-0.0545526606699,0.244442187695,-0.122719352271,0.573749557461,0.819014446763,0.00274375798836,0.0,0.818980107431,-0.573686397731,-0.0116725143853,0.0,-0.00798605503135,0.00894435538167,-0.999928108132,0.0,0.630073118903,0.219745733574,0.303840648864,1.0,-0.112078285714,-0.147302889796,1.334
0.436423071782,0.381443086622,-0.125045436365,-1.61200692186,0.0627516020109,1.98512347398,0.120310920801,-0.115602713137,-0.533928394071,-0.00386860857953,-0.772045561058,-0.0483857806091,0.265965787546,-0.138374809058,0.573669255893,0.819071051265,0.00263528438233,0.0,0.819035209517,-0.573606385978,-0.0117382467606,0.0,-0.00810299817146,0.00889243318776,-0.999927630408,0.0,0.628224270693,0.217350186448,0.30383258778,1.0,-0.116503428571,-0.153118791837,1.35
0.434202169056,0.371867142834,-0.125107665518,-1.62632204495,0.0616990051484,1.98994144762,0.117762606301,-0.126321505742,-0.544507309072,-0.0028255503362,-0.777046092001,-0.0654552143322,0.256122723454,-0.137339973622,0.573676402762,0.819065910023,0.00267709804814,0.0,0.819030503443,-0.573613262812,-0.011730560803,0.0,-0.00807263893628,0.00892234266875,-0.999927609531,0.0,0.626108758911,0.214561863781,0.303833216326,1.0,-0.121481714286,-0.159661681633,1.368
0.431956439225,0.362486550499,-0.125235894277,-1.64018846388,0.0606053197822,1.99449802018,0.115325336324,-0.125547069167,-0.570751743532,-0.00645142467175,-0.792909961691,-0.067181056198,0.277537663792,-0.155248536431,0.573796393667,0.818981873553,0.00267138667751,0.0,0.818946898686,-0.573733818123,-0.0116717597099,0.0,-0.00802644929072,0.00888510852989,-0.99992831291,0.0,0.624041079763,0.21175680255,0.303872548587,1.0,-0.126183428571,-0.165841077551,1.385
0.429743396625,0.353479646287,-0.125323910671,-1.65366258383,0.0596020093788,1.99883795872,0.112808350916,-0.13663148623,-0.581928129356,-0.0056667275542,-0.861498508194,-0.0608301887202,0.281991182109,-0.157070663173,0.573793736862,0.818984123491,0.00254949173741,0.0,0.818947153146,-0.573731149672,-0.0117845301589,0.0,-0.00818877793667,0.00884995898647,-0.999927308429,0.0,0.621973249367,0.20904759461,0.303810304545,1.0,-0.130608571429,-0.171656979592,1.401
