position_joint1,position_joint2,position_joint3,position_joint4,position_joint5,position_joint6,position_joint7,velocity_joint1,velocity_joint2,velocity_joint3,velocity_joint4,velocity_joint5,velocity_joint6,velocity_joint7,ee_T_00,ee_T_10,ee_T_20,ee_T_30,ee_T_01,ee_T_11,ee_T_21,ee_T_31,ee_T_02,ee_T_12,ee_T_22,ee_T_32,ee_T_03,ee_T_13,ee_T_23,ee_T_33,v_x,v_y,time
0.46508153416,0.547817258488,-0.123898359191,-1.35585946131,0.0794812439289,1.89409438176,0.159166956043,0.00028295278026,-0.000251087932843,-0.000490998334189,-0.000777043520783,-4.84164962509e-05,-0.000167006251251,-0.000284415762811,0.57373917701,0.819024116298,0.00189752163081,0.0,0.818979950238,-0.573680507505,-0.0119692655816,0.0,-0.0087147137788,0.00842143089362,-0.999926563936,0.0,0.661647111253,0.260940757394,0.303172677899,1.0,0.0,0.0,0.0
0.465076562381,0.547816543351,-0.123898359191,-1.35585608585,0.0794776528063,1.89409409128,0.159163789342,-0.000257939660635,-0.0010781027518,2.05199466076e-05,0.000816433952762,-0.000169500613323,0.00015451574763,-0.00208568104605,0.573739516613,0.819023875551,0.00189875073535,0.0,0.818979762033,-0.573680877136,-0.0119644260151,0.0,-0.00871004127162,0.0084196645285,-0.999926619523,0.0,0.661649345769,0.260937276986,0.303174759093,1.0,-0.0002,-0.000262857142857,0.011
0.465078949061,0.54782015898,-0.123895821728,-1.35586011741,0.0794776688139,1.89409791438,0.159169994583,-0.000384187150412,0.00206610596396,0.000920999611495,-0.000432401666256,0.000113895431913,0.000189931413076,0.000423103389033,0.57374112787,0.819022753421,0.00189590866152,0.0,0.818978590506,-0.573682488343,-0.0119673624039,0.0,-0.0087140602813,0.00841903869919,-0.999926589776,0.0,0.661647880769,0.260940059837,0.303170527131,1.0,-0.00054,-0.000709714285714,0.028
0.46507555228,0.547798624936,-0.123903687006,-1.35587883518,0.0794776512716,1.89410067986,0.159168216245,0.000495311637289,-0.00101339965351,-0.000712639983409,-0.000868012191796,-0.000111506858352,0.000925915890754,-0.000359532890022,0.57374894742,0.8190172667,0.00189975857975,0.0,0.818973179529,-0.573690315274,-0.0119624526565,0.0,-0.00870774983036,0.00841945804527,-0.999926641219,0.0,0.661647406266,0.260931508175,0.303177373902,1.0,-0.00086,-0.00113028571429,0.044
0.465080751421,0.547686460461,-0.123899059616,-1.35599449804,0.0794782616231,1.89412010157,0.159162159955,-2.05181099551e-07,-0.0068128180426,-0.000461352911444,-0.00979404481389,5.09167002434e-06,0.00458468026352,-0.00175713573492,0.573742906149,0.81902145031,0.00192054095711,0.0,0.818977510239,-0.573684066686,-0.0119656280797,0.0,-0.0086984897901,0.00843823654193,-0.999926563523,0.0,0.661625279072,0.260926792504,0.303203317152,1.0,-0.00122,-0.00160342857143,0.062
0.465077533486,0.547570698677,-0.123896544183,-1.35616686211,0.0794747858846,1.89414764337,0.159164911896,0.000430691485583,-0.00169988733049,-7.06519822991e-05,-0.00986553593033,0.000115271241659,0.00506085767485,0.000593843189775,0.573754504291,0.819013369849,0.00190150344318,0.0,0.818969055682,-0.573695622595,-0.0119902190574,0.0,-0.00872943358237,0.00843687710688,-0.999926305332,0.0,0.661594765528,0.26090848118,0.303205587491,1.0,-0.00154,-0.002024,0.078
0.465061983312,0.547414204729,-0.123899287574,-1.35636136983,0.0794707092053,1.89422763774,0.159159937911,-0.00321369201691,-0.00678481196569,-0.0002014848061,-0.010747068054,-9.91504843706e-05,0.00487302216295,0.000239947611384,0.573774895956,0.818998991469,0.0019410421563,0.0,0.818955151184,-0.573715802906,-0.0119743370434,0.0,-0.00869353078029,0.00846036335199,-0.99992641968,0.0,0.661575176773,0.260880354468,0.303230895079,1.0,-0.00186,-0.00244457142857,0.094
0.465049655995,0.547215252594,-0.123902207017,-1.35658017067,0.0794666740706,1.89435767906,0.159148716892,0.00100696015163,-0.0185914432413,-0.00135684141473,-0.0116406370948,-0.000545964335068,0.00801543373746,-2.81648636504e-05,0.573789261333,0.81898869027,0.00203855080941,0.0,0.818946125609,-0.573729763573,-0.0119226105678,0.0,-0.00859507142138,0.0085106930553,-0.99992684375,0.0,0.66156031901,0.260855350835,0.303279060795,1.0,-0.00222,-0.00291771428571,0.112
0.46502254719,0.54701997621,-0.123894559551,-1.3568495394,0.0794610056169,1.8944860696,0.15912620492,0.00141720319858,-0.00762380557572,-0.000286149535913,-0.0165522512435,-0.000106107800648,0.0043830144041,-0.000600106945592,0.573801412696,0.818980042792,0.00209169711601,0.0,0.818938077453,-0.573741603143,-0.0119056718445,0.0,-0.00855057860519,0.0085446262488,-0.999926935815,0.0,0.661534937705,0.260820244476,0.303300052022,1.0,-0.00256,-0.00336457142857,0.129
0.464987072303,0.546794300329,-0.123897281217,-1.35717709131,0.0794471603308,1.89460791493,0.159100579837,-0.00186645654912,-0.0191255103019,-0.00068384461468,-0.0243973522652,-0.000563642726503,0.0157788230036,0.00121268973195,0.573826012816,0.818962756221,0.00211135942709,0.0,0.818921010024,-0.573766083296,-0.011899911834,0.0,-0.00853432247759,0.00855768031698,-0.999926963057,0.0,0.661500709006,0.260765319165,0.303314629861,1.0,-0.00288,-0.00378514285714,0.145
0.464949145287,0.546527730352,-0.12389966123,-1.35756489086,0.0794364842403,1.89475959177,0.158968679803,-0.00290453307418,-0.0160392705726,-0.00104764848872,-0.0235984933527,9.72109592429e-05,0.00972880427141,-0.00391814762968,0.573769601629,0.819002192608,0.00214467990037,0.0,0.818960781598,-0.573709445082,-0.0118936003516,0.0,-0.00851062550636,0.00858076026938,-0.999926967236,0.0,0.661460047602,0.260704897024,0.303332066152,1.0,-0.00322,-0.004232,0.162
0.464904659066,0.546249661166,-0.123899084365,-1.3580274006,0.0794099564212,1.89492415359,0.158949266583,-0.00160196528885,-0.0142022012732,2.51263315188e-05,-0.025655839313,-0.00446201233373,0.0115307344777,0.00131654933031,0.573803971781,0.818978131086,0.00213767926057,0.0,0.81893658288,-0.57374379286,-0.0119029524509,0.0,-0.00852194161955,0.00858075034724,-0.999926870943,0.0,0.661404653421,0.260627610454,0.303329124192,1.0,-0.00358,-0.00470514285714,0.18
0.464854032087,0.545947951852,-0.123896982729,-1.35852106275,0.0793569993636,1.89509019484,0.158887463763,-0.00546999049569,-0.0243075839703,-0.000445583017152,-0.0298649757655,-0.00308794969404,0.00826954390315,-0.00783337509185,0.573811357503,0.818973070788,0.00209337679964,0.0,0.818931136186,-0.573751548731,-0.0119038403294,0.0,-0.00854801106357,0.00854505473869,-0.999926954105,0.0,0.661350398552,0.260547219982,0.303315980751,1.0,-0.00388,-0.00509942857143,0.195
0.46479299767,0.545605734503,-0.123897781698,-1.35912340625,0.0793074955787,1.89529416307,0.15880454448,-0.00125501053571,-0.0240618844199,-0.000482809203001,-0.0367616383864,-0.000442739642132,0.0129231514693,-0.0058423165478,0.573812839718,0.818972193682,0.00202924927963,0.0,0.818929501042,-0.573753370715,-0.011928487662,0.0,-0.00860497676614,0.00850669525919,-0.999926792576,0.0,0.661274189687,0.26043898271,0.303285815287,1.0,-0.00424,-0.00557257142857,0.213
0.464722501732,0.545207802712,-0.123900152396,-1.35984785997,0.0792862211309,1.8955178718,0.158725703513,-0.00097966536493,-0.0234492690346,0.000311547207017,-0.0470113060988,-0.00120253951014,0.00892053553176,-0.0079703063988,0.573843845558,0.818950634585,0.00196110427797,0.0,0.818906798245,-0.573784407648,-0.0119940080409,0.0,-0.00869741689204,0.00848881275907,-0.999926144771,0.0,0.661189309562,0.260328185369,0.303245592063,1.0,-0.00458,-0.00601942857143,0.23
0.464661012404,0.544797586966,-0.12390331399,-1.36050620092,0.0792614746678,1.89575061325,0.158623225383,-0.00381870785369,-0.0248251371039,0.000455287230118,-0.0390454704132,-0.000346371645041,0.0198540054037,-0.00857286446139,0.573842578091,0.818951536046,0.00195552511957,0.0,0.818907482233,-0.573783023021,-0.0120135313984,0.0,-0.00871662069932,0.00849543354518,-0.999925921322,0.0,0.661113302622,0.260224734858,0.303242881738,1.0,-0.0049,-0.00644,0.246
0.464582437612,0.544318661396,-0.123906508805,-1.36130519206,0.0792252788519,1.89603717968,0.158544315162,-0.00349831698727,-0.0250208319688,0.000706771268885,-0.0447574085829,-0.000180290142266,0.0184847353508,-0.009769845385,0.573879438726,0.81892576311,0.00193163768575,0.0,0.818881282462,-0.573819869909,-0.0120394781135,0.0,-0.00875119520364,0.00849115436873,-0.999925655676,0.0,0.661022493341,0.260095978752,0.303226473127,1.0,-0.00526,-0.00691314285714,0.264
0.464509856267,0.543817076788,-0.123906278682,-1.36212614247,0.079179424948,1.89632221499,0.158421969348,-0.00381804323622,-0.0303044282351,0.000453212350807,-0.0487004170489,-0.00447674847479,0.0115925845727,-0.00479351746265,0.573871946801,0.818931076923,0.00190442242654,0.0,0.818886166969,-0.573812425585,-0.0120620351845,0.0,-0.00878536335709,0.0084817320945,-0.999925436026,0.0,0.660925002538,0.259969200142,0.303215330552,1.0,-0.0056,-0.00736,0.281
0.464441906131,0.543306535288,-0.123909706212,-1.36291928467,0.0791342605521,1.89659507355,0.158341917546,-0.000955088189357,-0.0336770168876,0.000576318417508,-0.0497719804769,-0.00194667793346,0.0165052022912,-0.00339138119158,0.5738963887,0.818913965546,0.00189709539821,0.0,0.818868918595,-0.573836856622,-0.0120707515344,0.0,-0.0087964531051,0.00848099645715,-0.999925344769,0.0,0.660831209,0.259846078807,0.303222763434,1.0,-0.00592,-0.00778057142857,0.297
0.464371204086,0.542781436719,-0.123908034064,-1.36376225527,0.0790782923168,1.89690002927,0.158211903086,-0.00550362240608,-0.0357381245054,0.000487565088523,-0.0536015733491,-0.0112306316274,0.0165582934574,-0.00259223951808,0.573878564773,0.818926487764,0.00188346338015,0.0,0.818881279493,-0.573819110853,-0.0120758029688,0.0,-0.00880859722282,0.00847254050148,-0.999925309547,0.0,0.660732752828,0.259718804895,0.303219322141,1.0,-0.00624,-0.00820114285714,0.313
0.46430078287,0.542157309399,-0.123915721935,-1.36472895644,0.0790264040372,1.89725941266,0.158088379493,-0.000651739345579,-0.0344809552798,-0.00321552897261,-0.051956732379,4.78505927515e-05,0.0229388431961,-8.09083327191e-05,0.573880326096,0.818925217353,0.00189910641205,0.0,0.81888018728,-0.573820778166,-0.0120706389931,0.0,-0.00879537327998,0.00848240616849,-0.99992534231,0.0,0.660620955554,0.259577269588,0.303231999643,1.0,-0.0066,-0.00867428571429,0.331
0.464224571802,0.541555930275,-0.123911379352,-1.36564274893,0.0789741940134,1.89760001962,0.157971827307,-0.00369503115524,-0.0293769556287,0.000480057821092,-0.0587675113029,-0.00196566556697,0.0242187483444,-0.00509729510125,0.573889022164,0.818919061617,0.00192552869031,0.0,0.818874328163,-0.573829310893,-0.0120624847227,0.0,-0.00877344278438,0.0084994572159,-0.999925390181,0.0,0.660523873407,0.259450576052,0.303250576469,1.0,-0.0069,-0.00906857142857,0.346
0.464156740445,0.540930672214,-0.12391362721,-1.36660989683,0.078913220622,1.89796305851,0.157841934828,-0.00693885580432,-0.0398319321375,0.000616265112613,-0.0614489338806,-0.00480152991672,0.0280332259475,-0.0082079194875,0.573863106079,0.81893718035,0.00194345630884,0.0,0.818892710661,-0.573803348969,-0.0120495659162,0.0,-0.00875284431669,0.00850644730387,-0.999925511261,0.0,0.66039509437,0.259295883836,0.303268580361,1.0,-0.00726,-0.00954171428571,0.364
0.464057270161,0.540159593905,-0.123911201634,-1.36777734864,0.0788425523203,1.89839100506,0.157700340222,-0.00778306843154,-0.0477974424651,0.000963702456996,-0.0687470470528,-0.00682065665385,0.0287687226539,-0.00411675619343,0.573878582593,0.818926273991,0.00196903744293,0.0,0.818882115833,-0.573818691232,-0.0120389726424,0.0,-0.00872932858682,0.00852148216823,-0.999925588814,0.0,0.660267904594,0.25913050875,0.303291183406,1.0,-0.0076,-0.00998857142857,0.381
0.463972119267,0.539463059255,-0.123913628575,-1.36884864526,0.0787808804941,1.89880486739,0.157577142558,-0.00146141312874,-0.042135029603,0.000485503939168,-0.0673660917973,-0.00539709137792,0.0260761774797,-0.0093931436537,0.573891977068,0.818916806597,0.00200235651794,0.0,0.818873086054,-0.573831943915,-0.0120214799838,0.0,-0.00869574328579,0.00853887117612,-0.999925733106,0.0,0.660147179082,0.258972972664,0.303309412494,1.0,-0.00792,-0.0104091428571,0.397
0.463852976757,0.538713894425,-0.123911528347,-1.37001363295,0.078725730019,1.89925793731,0.157430451422,-0.0132134168978,-0.0433181142036,-0.00464420653173,-0.0739542436608,-0.0038407120995,0.0230343487754,-0.00457900772883,0.573917685503,0.818898692684,0.00204163869192,0.0,0.818855358424,-0.573857357604,-0.0120159062976,0.0,-0.00866836746652,0.0085681128771,-0.999925720665,0.0,0.660021173308,0.258788915103,0.303323390889,1.0,-0.00826,-0.010856,0.414
0.463737272909,0.537885897564,-0.123925351262,-1.37131739674,0.0786447717313,1.89975069739,0.157254893707,-0.00363108025015,-0.0420196903038,0.00137489785223,-0.0742589632004,-0.00749988263137,0.0269806807219,-0.0113201427049,0.573928686728,0.818890960392,0.00205047322399,0.0,0.818847831858,-0.573868409593,-0.0120009846808,0.0,-0.00865096262081,0.00856689987043,-0.999925881789,0.0,0.659876951692,0.258580990028,0.303330791009,1.0,-0.00862,-0.0113291428571,0.432
0.463640811645,0.537162627456,-0.123927846489,-1.37244311646,0.0785766490243,1.90016538284,0.157114206784,-0.00798260595959,-0.0472175921572,-0.00645263563918,-0.073024549635,-0.00366104100059,0.0262590202407,-0.0072611942115,0.573937949178,0.818884444992,0.00205988919686,0.0,0.818841439614,-0.573877631555,-0.0119961524742,0.0,-0.00864150470303,0.00857193482076,-0.999925920421,0.0,0.659747102328,0.258408888867,0.303341704443,1.0,-0.00892,-0.0117234285714,0.447
0.463512301519,0.536268348438,-0.123931683342,-1.37383893056,0.0785022798372,1.90069663858,0.156945354391,-0.00562394976832,-0.0486418636117,-0.000313240524889,-0.0740023356086,-0.00201631245463,0.0275490652607,-0.0111944660914,0.573964551194,0.818865727104,0.00208850402313,0.0,0.818823032799,-0.573904048415,-0.0119887894534,0.0,-0.00861877381698,0.00859142076771,-0.999925949372,0.0,0.659591041885,0.258191957538,0.303354818296,1.0,-0.00928,-0.0121965714286,0.465
0.463391434608,0.535386741387,-0.123932000346,-1.37525071815,0.0784075009736,1.90120899852,0.156768899877,-0.00554739246705,-0.0489856723301,0.000649712308102,-0.0873847574384,-0.0163433143771,0.0397830792845,-0.00693132612749,0.573971290092,0.818861057512,0.00206725441264,0.0,0.818818139874,-0.573910929064,-0.0119935905815,0.0,-0.00863483061358,0.00857684720257,-0.999925935953,0.0,0.659425165931,0.25797549781,0.303349424672,1.0,-0.00962,-0.0126434285714,0.482
0.463273620545,0.53454705796,-0.123936013877,-1.37660741957,0.0783475025751,1.90169948123,0.156616128267,-0.00752056047084,-0.055188753676,0.000224880634458,-0.0865454565858,-0.00393582658098,0.0288853467438,-0.00441125541297,0.574003770103,0.818838321454,0.00205478166244,0.0,0.818795026375,-0.573943244674,-0.0120251228142,0.0,-0.00866747020171,0.00858507612613,-0.999925582945,0.0,0.659264413012,0.257769036677,0.303338789798,1.0,-0.00994,-0.013064,0.498
0.46315163933,0.53362588454,-0.123938504105,-1.37808628526,0.0782516393051,1.90224260601,0.156433296858,-0.0073246579644,-0.0539252736059,-0.000329265611841,-0.0851702853032,-0.000821151699714,0.0330868309434,-0.0139690497886,0.574010879115,0.818833382261,0.00203706988766,0.0,0.818789899797,-0.573950471384,-0.0120292679985,0.0,-0.00868095611436,0.00857302800548,-0.999925569326,0.0,0.659090261747,0.257545087566,0.303331781957,1.0,-0.01028,-0.0135108571429,0.515
0.463019315189,0.532688784002,-0.123939112596,-1.37960900438,0.0781707952273,1.90282318909,0.156236797686,-0.00874502374866,-0.0537543315618,0.000422190674288,-0.0920003617059,-0.000113018796952,0.0353106591218,-0.0158498543782,0.574020431046,0.818826687468,0.00203654927314,0.0,0.818783099412,-0.573959926781,-0.0120409911261,0.0,-0.00869075452991,0.00857943222306,-0.999925429284,0.0,0.658914809064,0.257315391438,0.30331817065,1.0,-0.01062,-0.0139577142857,0.532
0.462887919961,0.531703379692,-0.123939191192,-1.3811843585,0.078079772995,1.90339366509,0.156033867973,-0.00516097412113,-0.0607714624176,-0.000103776326266,-0.0908947669171,-0.00408413029833,0.029423492203,-0.0116823431909,0.574023298844,0.818824713885,0.00202168661536,0.0,0.818780850828,-0.573962778146,-0.0120579650835,0.0,-0.00871315469846,0.00857703631613,-0.999925254898,0.0,0.658726125355,0.257078712152,0.303312437458,1.0,-0.01096,-0.0144045714286,0.549
0.46275252017,0.530697184864,-0.123941701044,-1.38282347395,0.0779751210864,1.90396360501,0.155831012901,-0.00536281386894,-0.0562852401495,-0.00126008743097,-0.0983024236569,-0.00297965383329,0.0289475385559,-0.00856933684693,0.574030675523,0.818819682465,0.00196419647281,0.0,0.818775047195,-0.57397038235,-0.0120900445109,0.0,-0.00877234470175,0.00854845606172,-0.99992498212,0.0,0.658524882092,0.256828489249,0.30329081205,1.0,-0.0113,-0.0148514285714,0.566
0.462617455916,0.529654811275,-0.123950174292,-1.38445326036,0.07787912446,1.9045690986,0.155614052682,-0.0100344975768,-0.0603642044792,-0.00118041405275,-0.0970274651445,-0.00775662712562,0.0401397482648,-0.0108249172664,0.574032299134,0.818818509877,0.00197846768179,0.0,0.81877406118,-0.573971943617,-0.0120826975459,0.0,-0.0087581200801,0.00855594139914,-0.99992504279,0.0,0.658334217914,0.256580423106,0.303302152739,1.0,-0.01164,-0.0152982857143,0.583
0.462492581995,0.528701442486,-0.123945603637,-1.38594709939,0.0777845747953,1.90513551282,0.155395485721,-0.0104770482216,-0.0686227027507,-0.00278415998176,-0.106314544341,-0.00340802266017,0.0398390806953,-0.0149851321741,0.574007947234,0.818835532372,0.00199858391752,0.0,0.818791359008,-0.573947519742,-0.0120707040615,0.0,-0.00873700731833,0.0085652682099,-0.99992514764,0.0,0.658159103351,0.256359226681,0.303311466949,1.0,-0.01194,-0.0156925714286,0.598
0.462348406501,0.52750883199,-0.123944517695,-1.38776584063,0.0776690773023,1.9058373947,0.155149477199,-0.00451865224291,-0.0703031066489,-0.00012149240936,-0.105714649171,-0.00661107774172,0.0410882401975,-0.0166772463217,0.573991179969,0.818847135073,0.00205951518008,0.0,0.818803824458,-0.573930559422,-0.0120314968134,0.0,-0.00867010492323,0.00859247739051,-0.999925496531,0.0,0.657947708801,0.256093704875,0.303346163542,1.0,-0.0123,-0.0161657142857,0.616
0.462195117331,0.52634970379,-0.123950633968,-1.38956245017,0.0775542828092,1.90651405361,0.154911832878,-0.0160002387479,-0.0667808765932,-0.00156269301586,-0.106004627368,-0.00584274503385,0.0413984841989,-0.0152181950412,0.573992481408,0.818846152174,0.00208740461972,0.0,0.818803284584,-0.573931821333,-0.0120080188564,0.0,-0.00863485834833,0.00860185191136,-0.999925720924,0.0,0.657738944631,0.255818626872,0.30336557249,1.0,-0.01264,-0.0166125714286,0.633
0.462046131454,0.525230034088,-0.123947984512,-1.39128725896,0.0774443827443,1.90712812099,0.15467222353,-0.0084656642833,-0.0743911718802,0.000467498496571,-0.106930813941,-0.0100557111854,0.0356426265584,-0.0176649715115,0.573979408006,0.818855299632,0.00209388421616,0.0,0.818812493725,-0.573918699555,-0.0120072195833,0.0,-0.00863062224947,0.00860656104778,-0.999925716974,0.0,0.657529577064,0.255556089568,0.303385381158,1.0,-0.01296,-0.0170331428571,0.649
0.461885959673,0.524056818977,-0.12395126658,-1.39318059512,0.0773277194318,1.90781156237,0.154417260078,-0.0146515345361,-0.0757744314389,0.000438599747013,-0.111959910902,-0.00143857912315,0.0396097859959,-0.0137704816656,0.573974288337,0.818858973837,0.00206014473751,0.0,0.818815698634,-0.573913694201,-0.0120278917754,0.0,-0.00866696870573,0.00859074487297,-0.999925538606,0.0,0.657299878063,0.255267085906,0.303368599731,1.0,-0.0133,-0.01748,0.666
0.461732692998,0.522842086847,-0.123965355362,-1.39510598642,0.0772096565665,1.90854927518,0.154160630157,-0.00850802734892,-0.0771300799273,-0.00178007575174,-0.114766293555,-0.00132259464013,0.0436775886894,-0.01120469379,0.573971151738,0.818861129557,0.00207710711736,0.0,0.818818161375,-0.57391057131,-0.0120092315369,0.0,-0.00864198555402,0.00859389094657,-0.999925727804,0.0,0.657074722889,0.254976531758,0.30337047364,1.0,-0.01364,-0.0179268571429,0.683
0.461576157987,0.521684898966,-0.123953459479,-1.39694325998,0.0770964644707,1.90926300127,0.1539148357,-0.0109785810993,-0.0709064863635,0.00195936970921,-0.114549013839,-0.00961065335891,0.0407073607903,-0.00697158088868,0.573957541295,0.818870597573,0.00210526053406,0.0,0.818827972777,-0.573896820532,-0.0119973864735,0.0,-0.00861627059385,0.00861000242677,-0.999925811118,0.0,0.656858063008,0.254707861113,0.30337061744,1.0,-0.01396,-0.0183474285714,0.699
0.46139499752,0.520321274534,-0.123961585566,-1.39909831006,0.0769629504929,1.91005206599,0.153628242981,-0.0112864298665,-0.0789014734006,0.000151214273655,-0.119842136839,-0.00475404435128,0.0506503629858,-0.00515978138614,0.573955770905,0.818871853666,0.00209933821806,0.0,0.818829165829,-0.573895089361,-0.0119987705759,0.0,-0.0086208215865,0.0086059286685,-0.999925806961,0.0,0.656598168855,0.25437825501,0.30337134247,1.0,-0.01432,-0.0188205714286,0.717
0.461232692004,0.518992063929,-0.123963834484,-1.4011656181,0.0768239866917,1.91079041226,0.15334125722,-0.00627212588349,-0.0775333988463,0.000621884601065,-0.12501401252,-0.0154856003148,0.0508889128237,-0.0190939045109,0.573927350071,0.818891790383,0.00209269801325,0.0,0.818849073731,-0.573866757599,-0.011995243825,0.0,-0.00862204286949,0.00859816787306,-0.999925863195,0.0,0.656341354084,0.254070180603,0.30338462323,1.0,-0.01466,-0.0192674285714,0.734
0.461065907143,0.517716798787,-0.123970039432,-1.40315857941,0.0766989429832,1.91150719271,0.153072318227,-0.0102738185023,-0.0788684178543,0.000677689845371,-0.125199549116,-0.00591144940494,0.0441727216433,-0.0138336370102,0.573919820588,0.818897077227,0.00208886257719,0.0,0.818854311766,-0.573859246356,-0.0119970152191,0.0,-0.00862577366699,0.00859596444914,-0.999925849963,0.0,0.656096962104,0.253765790528,0.303393323248,1.0,-0.01498,-0.019688,0.75
0.460882613321,0.516374439797,-0.123967507109,-1.4052898512,0.0765513624266,1.91229423216,0.152769767487,-0.00595073938352,-0.0799099892765,0.000374376528611,-0.128627497564,-0.0124344571761,0.0416056920406,-0.0170490228953,0.573893043186,0.818915872934,0.00207724337927,0.0,0.818873061327,-0.57383262598,-0.0119905668823,0.0,-0.00862744162726,0.0085824668018,-0.999925951516,0.0,0.655838302698,0.253441317682,0.303388694115,1.0,-0.01532,-0.0201348571429,0.767
0.46069194656,0.514999526183,-0.123970456401,-1.40747996407,0.0764293639164,1.9131191849,0.152476416198,-0.0130721111237,-0.0738881167376,0.000315799129998,-0.124843204255,-0.00451442391191,0.0477263934868,-0.0147430977639,0.573893792944,0.818915316752,0.00208933252537,0.0,0.818872554863,-0.57383321747,-0.0119968463367,0.0,-0.00862563888271,0.00859597820976,-0.999925851007,0.0,0.655575035426,0.253108956255,0.303381999488,1.0,-0.01566,-0.0205817142857,0.784
0.460516658639,0.513655794264,-0.123973538685,-1.40962310427,0.0763009698467,1.91386373238,0.152176213459,-0.0113640203889,-0.0856551766363,-0.000459201884641,-0.133485519063,-0.0111088568628,0.0429021511818,-0.0177699957476,0.573871377834,0.81893113838,0.00204430817843,0.0,0.818887665983,-0.573810873457,-0.0120340726446,0.0,-0.00868219770794,0.00858023379839,-0.99992549674,0.0,0.655301695969,0.252785421508,0.303368395782,1.0,-0.01598,-0.0210022857143,0.8
0.46030479364,0.512167779437,-0.12397714802,-1.41203642006,0.0761587746486,1.91472028625,0.151837399152,-0.0132328731761,-0.0912503436496,-0.00142586501909,-0.141896481156,-0.0127116856855,0.0456492164861,-0.0275557539261,0.573857912606,0.818940713733,0.00198756925847,0.0,0.818896360538,-0.573797516643,-0.0120792174277,0.0,-0.00875186913754,0.0085595325286,-0.999925066787,0.0,0.654999469113,0.252412867875,0.303336621653,1.0,-0.01634,-0.0214754285714,0.818
0.460113017715,0.510810266555,-0.123982819126,-1.41420170605,0.0760314442136,1.9155537826,0.151531313704,-0.0116952841828,-0.088676547324,-0.000490329547035,-0.133389361328,-0.012451070657,0.0614844152215,-0.0137283865982,0.573847370331,0.818948050178,0.00200837638863,0.0,0.818903956629,-0.573786873577,-0.0120698147847,0.0,-0.00873233939952,0.00857106386515,-0.999925138754,0.0,0.65474199963,0.252080813085,0.303329080363,1.0,-0.01666,-0.021896,0.834
0.459922286161,0.509408801247,-0.123985282911,-1.41642538053,0.0758870928282,1.91637749178,0.151219661056,-0.0135202922389,-0.0855270330961,0.000901365590226,-0.138485389279,-0.0101470232344,0.0466776561748,-0.00949862903734,0.573831105804,0.818959467882,0.00199971984087,0.0,0.818915293609,-0.573770680291,-0.0120704280531,0.0,-0.00873797895514,0.00856415312434,-0.999925148701,0.0,0.65445005875,0.251724030371,0.303320446975,1.0,-0.017,-0.0223428571429,0.851
0.4597009908,0.507817128433,-0.123989932526,-1.418946865,0.0757221613833,1.91727180311,0.150859751616,-0.0130048043939,-0.0847782774344,-0.000727867943369,-0.138409137812,-0.00575478724668,0.0442573574121,-0.0251981677456,0.573802563711,0.818979544836,0.00196721111543,0.0,0.818934966056,-0.573742302826,-0.012084627416,0.0,-0.00876855924708,0.00854537268573,-0.999925041678,0.0,0.65415201861,0.251350053508,0.303314142566,1.0,-0.01734,-0.0227897142857,0.868
0.459479917173,0.50626091929,-0.123991765046,-1.42138250698,0.0755702928112,1.91817458185,0.150526920896,-0.0125473396322,-0.090917376844,0.000847723510033,-0.144984936623,-0.00967756467557,0.0585233334869,-0.0246418190199,0.573797250797,0.818983225309,0.0019845757838,0.0,0.818938865021,-0.573736906802,-0.0120765902701,0.0,-0.00875206898304,0.00855492524472,-0.999925104467,0.0,0.653854012247,0.250972637831,0.303321311176,1.0,-0.01768,-0.0232365714286,0.885
0.459268116147,0.504730710964,-0.123996736738,-1.42371410281,0.0754161140307,1.91907684959,0.150224233414,-0.0158859301623,-0.093692937183,-0.000490630240139,-0.147689634971,-0.0147995128865,0.0591184273517,-0.0240713791718,0.57380493572,0.818977650766,0.00206159902245,0.0,0.818934452044,-0.57374441377,-0.0120190608844,0.0,-0.00866067806984,0.00858507621328,-0.999925641796,0.0,0.653577700338,0.250611096097,0.303359257181,1.0,-0.018,-0.0236571428571,0.901
0.459039894758,0.503067436845,-0.124004956746,-1.42618893059,0.0752590635376,1.92001441903,0.149866125066,-0.0153971871316,-0.102417847676,0.00669986633099,-0.146038246477,-0.0143124434228,0.0601533279516,-0.0212848969454,0.573789051038,0.818988513386,0.002164890737,0.0,0.818946753897,-0.573728192515,-0.0119550113357,0.0,-0.00854912270893,0.00863275105829,-0.999926191331,0.0,0.653281546789,0.250223711908,0.303424511415,1.0,-0.01834,-0.024104,0.918
0.458809086074,0.501347837602,-0.124008837811,-1.42872729456,0.0750985895391,1.92092762709,0.149519045045,-0.0149841234707,-0.105464480289,-0.000183602693761,-0.152062969676,-0.00777469266689,0.0521239622382,-0.0166904844197,0.573782716884,0.81899273537,0.00224502049805,0.0,0.818952016939,-0.573721530817,-0.0119141062993,0.0,-0.00846971297891,0.00867483936415,-0.999926502861,0.0,0.65296546156,0.249828348336,0.303495909403,1.0,-0.01868,-0.0245508571429,0.935
0.458588254195,0.499742506921,-0.124012034594,-1.43117246634,0.0749478270318,1.92179470556,0.149171598323,-0.0205408663088,-0.0987556447216,0.000565575457599,-0.148633878637,-0.00549374373012,0.0496814182049,-0.0227933979249,0.573769364505,0.819002010734,0.00227369087337,0.0,0.818961623656,-0.573708022229,-0.0119042475338,0.0,-0.00844533057116,0.0086925254698,-0.999926555499,0.0,0.652637916014,0.249421392053,0.303528931882,1.0,-0.01902,-0.0249977142857,0.952
0.458322622037,0.497955137904,-0.124020494288,-1.43396757408,0.0747747204748,1.92284205543,0.148769151921,-0.0172657391012,-0.102528056981,-0.00181698482909,-0.154096562303,-0.0115458930623,0.0604095999241,-0.0185350551893,0.57375424137,0.819012532342,0.0022998431001,0.0,0.818972471356,-0.573692782148,-0.0118924250504,0.0,-0.00842080389622,0.00870700513711,-0.999926636371,0.0,0.652313957354,0.249004896927,0.303534444914,1.0,-0.01936,-0.0254445714286,0.969
0.458063931398,0.496270129274,-0.124020432445,-1.43664072469,0.0746180387498,1.92378942727,0.148369513513,-0.0114988801936,-0.101974344327,-0.000803888765097,-0.158730356966,-0.0112308650542,0.0473097129879,-0.0253607586437,0.573731596787,0.819028476626,0.00227073247581,0.0,0.818987843977,-0.573670058196,-0.0119299056091,0.0,-0.00846844422955,0.00870443367656,-0.999926256424,0.0,0.651973528517,0.248580503714,0.303518652136,1.0,-0.0197,-0.0258914285714,0.986
0.45780964661,0.49469508282,-0.124023683149,-1.43922740097,0.0744502346165,1.92467429739,0.148017727058,-0.0125152740501,-0.101549151338,-0.00147215259317,-0.162835303507,-0.0157871967518,0.0602061317849,-0.0170368756097,0.57373864582,0.81902384268,0.00215831288821,0.0,0.818981649904,-0.573677470381,-0.0119984998943,0.0,-0.00858904737761,0.00865178830516,-0.999925684651,0.0,0.651637653324,0.248160063877,0.303461564597,1.0,-0.0203371428571,-0.0267288163265,1.002
0.4575377695,0.492767628175,-0.124068406867,-1.44224828394,0.0742688519612,1.92578855033,0.147585315123,-0.0165614373045,-0.123768909413,-0.00349761209156,-0.192876399868,-0.0189498477975,0.0702663863263,-0.0334638487331,0.573742143005,0.819021366446,0.002168304696,0.0,0.818979398215,-0.573681020653,-0.0119824347515,0.0,-0.00857011983384,0.00865079122239,-0.99992585568,0.0,0.651264627698,0.247670348472,0.30346356461,1.0,-0.0264085714286,-0.0347084081633,1.019
0.457191380786,0.490368558259,-0.124087427725,-1.4460613774,0.0740559639669,1.92720159844,0.147009132027,-0.0224713169943,-0.142420283501,0.00111479762362,-0.242254550098,-0.0167409897012,0.0813735465232,-0.0384800076083,0.573693817097,0.819055248648,0.00215656868227,0.0,0.81901286945,-0.573632489852,-0.0120180348454,0.0,-0.00860652235806,0.00866109654205,-0.999925453811,0.0,0.650747529142,0.247038330524,0.303429343908,1.0,-0.0328371428571,-0.0431573877551,1.037
0.456769507532,0.487613270317,-0.124107581748,-1.4504667343,0.0737957117728,1.92880161911,0.146375323988,-0.0284565160713,-0.183595905819,-0.00465671342295,-0.290523178771,-0.0228183544376,0.109663003313,-0.0391712998321,0.573690875212,0.819057369218,0.00213366556926,0.0,0.819014569931,-0.573629523173,-0.0120437239581,0.0,-0.00864073365854,0.00865704440187,-0.999925193854,0.0,0.650223208593,0.246369431773,0.303398700171,1.0,-0.0381942857143,-0.0501982040816,1.052
0.456199937605,0.483927020356,-0.124180797486,-1.45616625541,0.0734404953482,1.93092961695,0.145500887867,-0.028965327139,-0.211244542546,-0.00720332744875,-0.339413514841,-0.0192670776157,0.116378752865,-0.0534944484647,0.573679258477,0.819065292623,0.00221398188108,0.0,0.819023809125,-0.573617843484,-0.0119714921462,0.0,-0.00853561854286,0.0086812677522,-0.999925886657,0.0,0.649525478335,0.245416744507,0.303432044983,1.0,-0.0446228571429,-0.0586471836735,1.07
0.455559068511,0.479935945328,-0.124256083625,-1.46246401669,0.0730671311067,1.93310260846,0.14456416844,-0.0397920555033,-0.246276169231,-0.00909182374868,-0.38503482239,-0.0237990184313,0.129592063682,-0.0611801565613,0.573697957424,0.819052495547,0.00210002087354,0.0,0.819009298864,-0.57363678933,-0.0120560857049,0.0,-0.00867008477767,0.008636654649,-0.999925116109,0.0,0.648710442854,0.244350935903,0.303392921928,1.0,-0.0506942857143,-0.0666267755102,1.087
0.454876331325,0.475681970563,-0.124339987488,-1.46902160585,0.0726645527809,1.93547367889,0.143621099136,-0.0470036847671,-0.274644553601,-0.00322474976954,-0.42746786179,-0.0295186688161,0.156985183385,-0.0588203452829,0.573754175583,0.819012996321,0.00214587005864,0.0,0.818970502216,-0.57369291039,-0.0120211467924,0.0,-0.00861457087158,0.00865475407789,-0.999925439421,0.0,0.647884352823,0.243235021209,0.303425493423,1.0,-0.0564085714286,-0.0741369795918,1.103
0.454043504917,0.47070431201,-0.124391199854,-1.47669988435,0.0721997130221,1.93822906344,0.142488554602,-0.0488179216429,-0.304159108583,-0.00482415428325,-0.468477868462,-0.0302811875796,0.161545306432,-0.0721975841318,0.573787998382,0.818989170059,0.00219525376544,0.0,0.818947116485,-0.573726316426,-0.0120200308926,0.0,-0.00858496555551,0.00869491361152,-0.999925345635,0.0,0.646900411259,0.2419353343,0.303452729898,1.0,-0.06248,-0.0821165714286,1.12
0.45311896312,0.465191979622,-0.124436931436,-1.48498520978,0.0716795312444,1.9413381494,0.141130745092,-0.0583845020155,-0.329865795246,-0.00716222089809,-0.498839318428,-0.0317599685756,0.181867390521,-0.0895161387029,0.573717935725,0.819037454145,0.00247504266587,0.0,0.818999193388,-0.573655293653,-0.0118605309829,0.0,-0.00829455746972,0.00883182733913,-0.999926596877,0.0,0.645863004422,0.240531167497,0.303583899525,1.0,-0.0685514285714,-0.0900961632653,1.137
0.452153552478,0.4596075253,-0.124482312051,-1.49366799675,0.0711164410886,1.9442937255,0.13984215456,-0.0650541463214,-0.360671679518,-0.00462662438094,-0.564679801591,-0.0339758572893,0.18421029349,-0.0794968854648,0.573737442964,0.819024162755,0.00234824748587,0.0,0.818983964386,-0.573674996191,-0.0119587509543,0.0,-0.00844753776172,0.00878452935832,-0.999925732817,0.0,0.644696361249,0.239040613909,0.303555597466,1.0,-0.0742657142857,-0.0976063673469,1.153
0.451040854926,0.45324728265,-0.12456756604,-1.50350220577,0.0704413850121,1.94770106897,0.138300510105,-0.0727082677424,-0.387644571228,-0.0063519492626,-0.575721483502,-0.0478973612691,0.214805659803,-0.097671732562,0.573703714383,0.819048000763,0.00227320256246,0.0,0.819007067694,-0.573641827599,-0.011967606212,0.0,-0.00849820348621,0.00872779713821,-0.999925800295,0.0,0.643308105056,0.23722224842,0.303555564868,1.0,-0.0806942857143,-0.106055346939,1.171
0.449750068664,0.445886728708,-0.124613501197,-1.51439303746,0.0697241412497,1.95179672461,0.136598299581,-0.0725728987252,-0.413015752557,-0.000233763964021,-0.624242655484,-0.0372788033622,0.220704377475,-0.095106695724,0.573709219898,0.819042780321,0.00272064503737,0.0,0.819008023723,-0.573646015054,-0.0116984354186,0.0,-0.00802098631539,0.00893990249414,-0.999927868359,0.0,0.6419887144,0.235440881804,0.303764095136,1.0,-0.0867657142857,-0.114034938776,1.188
0.448589293647,0.439514835572,-0.124645500227,-1.52428001356,0.0690482253966,1.95513684479,0.135053753697,-0.0769405524871,-0.428320613492,-0.00162701278957,-0.674471128349,-0.0457718244551,0.218648714377,-0.104201249341,0.573671078961,0.819070017979,0.00255845910067,0.0,0.819032896634,-0.573608184868,-0.011811493773,0.0,-0.00820704534728,0.00887154534978,-0.999926967378,0.0,0.640614577253,0.233718216163,0.303708108363,1.0,-0.0921228571428,-0.121075755102,1.203
0.447078796948,0.431280279721,-0.12468596889,-1.53665865931,0.0682180316908,1.95953821082,0.13301574551,-0.0834254990131,-0.463333062699,-0.000522820019804,-0.702837857534,-0.047793225494,0.25802709699,-0.112916170873,0.573580425279,0.819132827672,0.00276645382862,0.0,0.819098375286,-0.573516751054,-0.0117104553967,0.0,-0.00800596497035,0.0089830587747,-0.999927601969,0.0,0.638933107493,0.231549044101,0.303817215854,1.0,-0.0985514285714,-0.129524734694,1.221
0.445602570104,0.423703030976,-0.124715813739,-1.54828193815,0.0673845852134,1.96352931231,0.131099240111,-0.0961638426239,-0.483882730903,-0.00763947849023,-0.752255229309,-0.0535075409287,0.255002839104,-0.120429050497,0.573512256169,0.819180908768,0.00266038248282,0.0,0.819145051664,-0.573448940297,-0.011766227419,0.0,-0.00811323155919,0.00892748666182,-0.99992723508,0.0,0.637202084897,0.229325339398,0.303775998749,1.0,-0.104622857143,-0.137504326531,1.238
0.443906599032,0.415173048583,-0.124840744563,-1.56118710962,0.0664405761559,1.96797774934,0.12903786864,-0.103124392558,-0.523816279213,-0.00791775512611,-0.778352274415,-0.0591002525391,0.277223714913,-0.123989761272,0.573574643298,0.819137130911,0.00269002409182,0.0,0.819102274663,-0.573511894241,-0.0116755174284,0.0,-0.00802124346955,0.00890035695629,-0.999928219073,0.0,0.635521343315,0.227069202131,0.303821376847,1.0,-0.110337142857,-0.145014530612,1.254
0.442069849371,0.40629258648,-0.12489057752,-1.57471776526,0.0655539557546,1.9726039516,0.126749496234,-0.112333936971,-0.530645390737,-0.00186987038173,-0.801908454631,-0.0558733911949,0.271648577083,-0.134588704289,0.573549165101,0.819154983895,0.00268597708781,0.0,0.819119354186,-0.573485635474,-0.0117667499248,0.0,-0.0080985784908,0.00894911771109,-0.999927160507,0.0,0.633594354366,0.224587244891,0.303790142845,1.0,-0.116408571429,-0.152994122449,1.271
0.440034973661,0.396925594769,-0.12501016864,-1.58871446286,0.0645842853341,1.97735861861,0.124381637505,-0.122582419901,-0.563483400339,-0.00493096028824,-0.810021948022,-0.0561032688814,0.284643861605,-0.148263170762,0.573651684793,0.819082894454,0.00277550841237,0.0,0.819048326677,-0.573587707845,-0.011735709531,0.0,-0.00802067584561,0.00900565845235,-0.999927280793,0.0,0.631611429769,0.221895472105,0.303856916627,1.0,-0.12248,-0.160973714286,1.288
0.438039011976,0.387866233262,-0.125093631917,-1.60244208525,0.0635208480667,1.9820266048,0.122034123702,-0.126382496333,-0.584889495696,-0.00457662587111,-0.899985694457,-0.0684945249203,0.289760218142,-0.156108634292,0.573654815855,0.819080940377,0.00270411873861,0.0,0.819045997956,-0.573591708182,-0.0117026680312,0.0,-0.00803452693906,0.00892826140201,-0.999927863661,0.0,0.629627326945,0.219266681489,0.303816003318,1.0,-0.128194285714,-0.168483918367,1.304
0.435780623439,0.37774605152,-0.125179844936,-1.61740990428,0.0624214476404,1.98699459967,0.119340805782,-0.130397706592,-0.598791890932,-0.00363111630738,-0.880602180931,-0.0621141472509,0.301531286158,-0.154187277824,0.573613764349,0.819109432761,0.00278090127868,0.0,0.819075408111,-0.57355030547,-0.0116734666548,0.0,-0.00796701326178,0.00897400177794,-0.999927994403,0.0,0.627420489701,0.216367743558,0.303897657034,1.0,-0.134265714286,-0.176463510204,1.321
0.433173981499,0.366812817455,-0.125280721633,-1.63384711488,0.0611805154529,1.9924195369,0.116450441144,-0.151331019661,-0.617101046667,-0.003893848746,-0.909696372049,-0.0650761026898,0.295878101849,-0.151177860833,0.573700667894,0.819048938859,0.00266951569,0.0,0.819013435687,-0.573637554086,-0.0117343771543,0.0,-0.00807985026756,0.00891856093757,-0.999927585023,0.0,0.624968347073,0.213106932195,0.303836592245,1.0,-0.140694285714,-0.184912489796,1.339
0.43073265679,0.356639351465,-0.125406757432,-1.64880737566,0.0599936078246,1.99736638606,0.113679968907,-0.15808083408,-0.633045772212,-0.00683313598147,-0.952212566388,-0.067608978151,0.304071459527,-0.181163053857,0.573708888542,0.819042960276,0.00273629876593,0.0,0.81900889676,-0.573646177041,-0.0116291657239,0.0,-0.00795527215741,0.00891298037814,-0.999928633666,0.0,0.622724635671,0.210084960709,0.303902004025,1.0,-0.146408571429,-0.192422693878,1.355
0.427926224555,0.345523335357,-0.125529793054,-1.66525023436,0.058809060143,2.00265790887,0.110572332467,-0.167730240781,-0.674620972934,-0.00774886983071,-0.964620443142,-0.0652767987924,0.323500526108,-0.18684286665,0.57377553906,0.818996338136,0.00271584188301,0.0,0.818961230791,-0.573712021623,-0.0117373594992,0.0,-0.00805489839391,0.00895895147255,-0.999927425267,0.0,0.62019628762,0.206721457137,0.303887941026,1.0,-0.15248,-0.200402285714,1.372
0.425015615445,0.334099080231,-0.12560425935,-1.68207446184,0.0574690100192,2.00809987044,0.107391991954,-0.175989372458,-0.680473899324,-0.000316577803188,-1.00213432187,-0.0845045161872,0.3170289786,-0.194301837487,0.573768608079,0.819001235394,0.00270327725026,0.0,0.81896599647,-0.573705171617,-0.0117396587215,0.0,-0.0080640661155,0.00894991210451,-0.999927432322,0.0,0.617567099238,0.203288944196,0.303874480696,1.0,-0.158551428571,-0.208381877551,1.389
0.422155861824,0.322951250716,-0.125630140166,-1.69820957108,0.056112896793,2.0132403778,0.104224564189,-0.181744516615,-0.698016166129,-0.00096937903023,-1.02221369145,-0.0838317005177,0.32361409529,-0.207155668672,0.573638170949,0.819092379933,0.0027692719391,0.0,0.819058320487,-0.573574879789,-0.0116649825165,0.0,-0.00796646685089,0.00895984696313,-0.999928125691,0.0,0.614993014592,0.199988566161,0.303945260682,1.0,-0.164265714286,-0.215892081633,1.405
