position_joint1,position_joint2,position_joint3,position_joint4,position_joint5,position_joint6,position_joint7,velocity_joint1,velocity_joint2,velocity_joint3,velocity_joint4,velocity_joint5,velocity_joint6,velocity_joint7,ee_T_00,ee_T_10,ee_T_20,ee_T_30,ee_T_01,ee_T_11,ee_T_21,ee_T_31,ee_T_02,ee_T_12,ee_T_22,ee_T_32,ee_T_03,ee_T_13,ee_T_23,ee_T_33,v_x,v_y,time
0.465082243763,0.547686960724,-0.123965111829,-1.35573437761,0.0795041458342,1.89409308915,0.159165367558,-0.000772721267541,-3.86834677323e-05,-0.00662036756016,0.000232990083092,0.000391005107369,0.000203511141055,1.90156100353e-05,0.573782932776,0.818992942351,0.00211029298473,0.0,0.818951823998,-0.57372365695,-0.011824649126,0.0,-0.00847374231732,0.00851317404855,-0.999927858177,0.0,0.66169287239,0.260922832408,0.30332665675,1.0,0.0,0.0,0.0
0.465085027824,0.547685202879,-0.123960487103,-1.35573680183,0.0795028234058,1.89409384199,0.159169929772,0.000487958947193,-0.00142635995618,-0.0009330083232,-0.000391998749835,-0.000194520030099,0.000430767844445,0.00147759270023,0.573780941721,0.81899433593,0.00211081347496,0.0,0.818953211664,-0.573721651336,-0.0118258528306,0.0,-0.00847445025271,0.00851427037442,-0.999927842843,0.0,0.661690798864,0.260926923132,0.303326658069,1.0,-0.0001,-0.000131428571429,0.006
0.46507905787,0.547681029078,-0.123960484513,-1.35573938637,0.0795030783371,1.89409161996,0.159168449859,-0.000664714514614,-0.000622527699986,-0.000567633011301,-0.000280516839607,-0.0056764300062,-0.000342298223692,-0.00012872389465,0.573784803055,0.818991630943,0.00211071783208,0.0,0.818950497898,-0.573725505005,-0.0118268254547,0.0,-0.00847526158894,0.00851479006989,-0.999927831541,0.0,0.661691416249,0.260922612598,0.303328192017,1.0,-0.00046,-0.000604571428571,0.024
0.465081245188,0.547667177404,-0.123960492961,-1.35574602633,0.0795028234077,1.89409162449,0.159166869476,0.000460449075885,0.000584847008327,-1.26619392355e-05,0.00139328930801,-0.000203790848641,0.00174837922473,-0.000168793932382,0.573781992861,0.818993582707,0.00211732235077,0.0,0.818952531433,-0.573722664857,-0.0118237891744,0.0,-0.00846901469044,0.00851842782081,-0.999927853486,0.0,0.661689707289,0.260923408948,0.303334844619,1.0,-0.00074,-0.000972571428571,0.038
0.46508089198,0.547601319907,-0.12396105748,-1.35580354737,0.0795034337574,1.89410149009,0.159166824015,-0.000769854317734,-0.00902036819722,0.000203359679759,-0.00653541706873,8.24436129893e-06,0.00172656642722,-0.000194867510259,0.573785890536,0.81899080319,0.0021361211166,0.0,0.818949949637,-0.573726440721,-0.011819395424,0.0,-0.0084545897634,0.0085313428646,-0.999927865449,0.0,0.661680418315,0.260917657253,0.303354997164,1.0,-0.00108,-0.00141942857143,0.055
0.465082541404,0.547488629032,-0.123958361113,-1.35595646344,0.0795008929341,1.89413290345,0.159164393627,-0.00237136891351,-0.00550994290835,0.0012336658921,-0.0107441616732,6.22073939431e-05,0.00165866017189,0.00104678020465,0.573788358631,0.81898907916,0.00213415476722,0.0,0.818948093848,-0.573728809168,-0.0118330052893,0.0,-0.00846683904529,0.00853756703582,-0.99992770868,0.0,0.661653697167,0.260905356782,0.303364676527,1.0,-0.0014,-0.00184,0.071
0.465068059168,0.547335518702,-0.12395877114,-1.35617249132,0.0794970711717,1.89420581834,0.159161108147,-0.000336290963248,-0.00411408199984,0.000325778638883,-0.00965322398568,0.000366895687403,0.00312975037906,0.00130284940273,0.573808827366,0.818974702167,0.00214796362621,0.0,0.818933808536,-0.573749131939,-0.0118362889632,0.0,-0.00846139187044,0.00855097175605,-0.999927640247,0.0,0.661626842757,0.260876238775,0.303376650558,1.0,-0.00176,-0.00231314285714,0.089
0.465044915584,0.547143135685,-0.123955171441,-1.35640054277,0.0794937335258,1.89433310854,0.159145578036,-0.000901038500934,-0.0131487920458,0.00134915150222,-0.011726978872,9.26759560853e-05,0.00173453010695,0.000319607234922,0.573824637083,0.818963400537,0.00223189557279,0.0,0.818923549971,-0.57376456211,-0.0117980282345,0.0,-0.0083817321109,0.00859791665215,-0.999927908599,0.0,0.661610423109,0.260846584708,0.303415307896,1.0,-0.00212,-0.00278628571429,0.107
0.465024406129,0.546987538547,-0.123961095591,-1.35659582177,0.0794909773635,1.89443923494,0.159129256013,-0.00371711504651,-0.00969306717515,-0.000756613938688,-0.0136382946574,-2.12961329157e-05,0.0113492479594,-0.00109293100283,0.573842578984,0.818950664911,0.00229126330118,0.0,0.818911584238,-0.57378227256,-0.0117672340988,0.0,-0.00832225815463,0.00862904815855,-0.999928137191,0.0,0.661597783162,0.260815220367,0.303441979536,1.0,-0.0024,-0.00315428571429,0.121
0.464988258007,0.546762069303,-0.123958390788,-1.35692575358,0.0794834820982,1.89457912335,0.159111829673,-0.0046321967304,-0.0137499467418,0.000708552178458,-0.020462620691,-0.00162199601673,0.00796962898323,-0.00350224620483,0.573872594907,0.81892952775,0.00232815280646,0.0,0.818890830453,-0.573812045417,-0.0117597293928,0.0,-0.00829462721144,0.00865525604763,-0.999928140269,0.0,0.661565186918,0.260764957609,0.303456676863,1.0,-0.00276,-0.00362742857143,0.139
0.464961478258,0.546532012962,-0.123955893884,-1.35726497716,0.0794780524171,1.89468446924,0.15906803999,-0.00381222386598,-0.0126311615883,0.000564241506889,-0.0230755818396,-0.00205685830511,0.00310710041843,-0.00798199740977,0.573874303817,0.818928311159,0.00233484520403,0.0,0.818889528901,-0.573813549375,-0.0117769653042,0.0,-0.00830488438818,0.00867064499101,-0.999927921808,0.0,0.661521156202,0.260717712811,0.303467195971,1.0,-0.00306,-0.00402171428571,0.154
0.464923134914,0.546267528324,-0.123963916718,-1.35766332497,0.0794664191314,1.89483867985,0.158924622199,-0.00142727619186,-0.0147110950505,-0.00181610726764,-0.0265802261098,-0.00133608582219,0.00910729400536,-0.00484028107122,0.57381309582,0.818971133947,0.00235790755363,0.0,0.818932582256,-0.573752189491,-0.0117727513464,0.0,-0.00828884848437,0.00868649345993,-0.999927917313,0.0,0.661479970981,0.260652480214,0.3034785231,1.0,-0.00338,-0.00444228571429,0.17
0.464870036863,0.545937044637,-0.123959344371,-1.3582219395,0.0794447916078,1.8950312782,0.158915179311,-0.0037859487907,-0.0168846690954,0.000405087285928,-0.0290835373094,-0.000768970685918,0.0118768396155,-0.000257851751814,0.573871114636,0.818930547744,0.00233423625802,0.0,0.818891539289,-0.573810135127,-0.0118034998025,0.0,-0.00832699845642,0.00868534113037,-0.999927610353,0.0,0.661412870938,0.260567604079,0.303463179357,1.0,-0.00376,-0.00494171428571,0.189
0.464809998704,0.545624989144,-0.123963392592,-1.35876813823,0.0793852767348,1.89520657696,0.158838718903,-0.0053710380539,-0.0164622371744,-0.000335682588173,-0.0406205506781,-0.00368583758135,0.0120798608996,-0.0105619749484,0.573875120359,0.818927925947,0.00226831197193,0.0,0.818888268031,-0.573814609403,-0.0118129343156,0.0,-0.00837251244703,0.00863680944953,-0.999927650662,0.0,0.661350537187,0.260467068788,0.303439386012,1.0,-0.00408,-0.00536228571429,0.205
0.464747884906,0.545221513322,-0.123964363578,-1.35945206875,0.0793054828423,1.89543595056,0.158723483475,-0.00405647669325,-0.0245139079804,-0.000622751242662,-0.0407717386523,-8.56587283454e-05,0.0182934443075,-0.00657118446939,0.573849202668,0.818946265,0.00220330221973,0.0,0.818906064039,-0.573789257488,-0.0118107227794,0.0,-0.00840827804784,0.00858203662931,-0.999927822149,0.0,0.66127066442,0.26035218835,0.303419289083,1.0,-0.00444,-0.00583542857143,0.223
0.464688325418,0.54480398611,-0.123964774897,-1.36014310454,0.079291977165,1.89566768057,0.158677912005,-0.00200995630767,-0.0237810324311,0.000574641877138,-0.0371836111761,4.82122755735e-05,0.0168754706593,-0.00444229449165,0.573895811828,0.818913658566,0.00218263194289,0.0,0.818872903166,-0.573835651322,-0.0118558269542,0.0,-0.00845658941937,0.00859147300285,-0.999927333703,0.0,0.661185410686,0.260249562548,0.30340603007,1.0,-0.00478,-0.00628228571429,0.24
0.464627503704,0.544402294765,-0.123965933816,-1.36082674918,0.0792691152047,1.89590285506,0.158591367887,0.00048137487719,-0.0236805356168,-0.00151353606314,-0.0403866945405,-0.000337635483613,0.0099526018457,-0.00288876994556,0.573907561926,0.818905504912,0.00215204325825,0.0,0.81886415828,-0.573847326701,-0.011894655265,0.0,-0.00850581816817,0.00858882905588,-0.999926938867,0.0,0.661103066232,0.26014506057,0.30338535239,1.0,-0.0051,-0.00670285714286,0.256
0.464568523989,0.543916363563,-0.123970119322,-1.36161902621,0.0792366707489,1.89618709732,0.158459303362,0.000462011690794,-0.0317517570635,0.000502844902067,-0.0486158423104,-0.000488257542513,0.00954800314951,-0.00923734345332,0.573886154721,0.818920537573,0.00214043483142,0.0,0.818878897716,-0.573825825921,-0.0119171843268,0.0,-0.00853115446146,0.00859202942699,-0.99992669553,0.0,0.661008402092,0.26003002017,0.303376884505,1.0,-0.00544,-0.00714971428571,0.273
0.464487361654,0.543405592265,-0.123971175973,-1.36245004375,0.0791925762971,1.89648128805,0.158364656822,-0.00326238790302,-0.0320143754767,0.00108537915259,-0.0503927524094,-0.00244208943133,0.0152496610983,-0.0114749330476,0.573910344816,0.8189036362,0.00212076235497,0.0,0.818861663874,-0.573850016734,-0.0119365251489,0.0,-0.00855802910376,0.00858727158639,-0.999926506752,0.0,0.660913046688,0.259896652002,0.303368238472,1.0,-0.00578,-0.00759657142857,0.29
0.464421969097,0.542897913641,-0.123971281254,-1.3632772284,0.0791325104994,1.89677410509,0.158261548535,-0.00305950943891,-0.0322965038841,-2.47630805787e-06,-0.0555851598261,-0.00649915749024,0.0184098196452,-0.00765927604004,0.573909502189,0.818904300875,0.00209193833131,0.0,0.818862015871,-0.573849355726,-0.0119441532997,0.0,-0.00858082625133,0.00856803687465,-0.99992647638,0.0,0.660814671878,0.259772001823,0.303358991722,1.0,-0.0061,-0.00801714285714,0.306
0.464344492703,0.542272172907,-0.12397153101,-1.36423942803,0.0790823100181,1.89711735379,0.158142399366,-0.00624279416775,-0.0361608659622,-9.2898265765e-05,-0.0499450338779,-0.00184972269511,0.0254951796427,-0.00868275186856,0.573915553164,0.81890003351,0.00210234503858,0.0,0.818857789488,-0.573855268441,-0.0119498275498,0.0,-0.00857943758524,0.00857987868873,-0.999926386757,0.0,0.660700846387,0.259629835878,0.303373320033,1.0,-0.00646,-0.00849028571429,0.324
0.464255074685,0.541652906193,-0.123977402021,-1.36520231233,0.0790245053513,1.89747206528,0.158014048374,-0.00320030548256,-0.0367689189796,-0.00126440909042,-0.0566415797613,-0.0106459593037,0.0221851368873,-0.000271393689385,0.573925821823,0.818892816251,0.00211031716543,0.0,0.818850692599,-0.573865519453,-0.0119438567404,0.0,-0.00856986522313,0.008583087719,-0.999926441302,0.0,0.66059362973,0.259475911326,0.303383825182,1.0,-0.0068,-0.00893714285714,0.341
0.464179011879,0.541043263575,-0.1239803526,-1.36615560712,0.0789751227055,1.89782491068,0.157898244244,-0.00279643932096,-0.0412426073015,-0.00133387351197,-0.0658494491906,-0.00666428564809,0.0224844763986,-0.00155232395272,0.57393505738,0.818886314671,0.00212142784761,0.0,0.818844268925,-0.573874641102,-0.0119459805203,0.0,-0.00856513122405,0.00859350150187,-0.99992639242,0.0,0.660483233482,0.259334756208,0.303391763697,1.0,-0.00712,-0.00935771428571,0.357
0.464092784699,0.540339015364,-0.123975141547,-1.36721880271,0.0789043085028,1.89821254715,0.157754790972,-0.00494234378197,-0.046863472369,0.00187978625421,-0.0651736058094,-0.00215423346234,0.0251986358631,-0.00953503617248,0.573924449089,0.818893690774,0.00214402651776,0.0,0.818851957993,-0.57386396013,-0.01193201816,0.0,-0.00854083927892,0.00860388291244,-0.999926510931,0.0,0.66035868286,0.25917872373,0.303416884229,1.0,-0.00746,-0.00980457142857,0.374
0.4639877108,0.539616818987,-0.123980493843,-1.36833231903,0.078842103229,1.89864425505,0.157621104997,-0.00493795002593,-0.0401377555188,0.000772401277196,-0.0582433988681,-0.000209691371162,0.0276763578346,-0.0141368381677,0.573949898475,0.818875762233,0.00217875408717,0.0,0.81883448446,-0.573889267862,-0.0119139495484,0.0,-0.00850584469361,0.00862221511786,-0.999926651316,0.0,0.660238389766,0.259002771585,0.303434820348,1.0,-0.0078,-0.0102514285714,0.391
0.463892328024,0.538908314574,-0.123989213173,-1.36944114802,0.0787803740871,1.89907101452,0.157475331469,-0.00544993315577,-0.0479490580998,-0.0015630131891,-0.0677137699167,-0.00167186052053,0.0332141187191,-0.00976008398267,0.573959662343,0.818868859469,0.00220088532178,0.0,0.818827879122,-0.573898950666,-0.011901499847,0.0,-0.00848284515002,0.00863329331142,-0.99992675111,0.0,0.660115846802,0.258831391913,0.3034448823,1.0,-0.00812,-0.010672,0.407
0.463777067396,0.53814256736,-0.123992324274,-1.37064216347,0.078713530178,1.8995293915,0.157352038702,-0.00750324825046,-0.0445099984926,-0.000668028984818,-0.0716975378038,-0.00509932874783,0.0297615422167,-0.000713008748089,0.574003793166,0.818837870147,0.00222142859633,0.0,0.818797133595,-0.573942969471,-0.0118940620471,0.0,-0.00846449807681,0.00864630256646,-0.999926794183,0.0,0.659983696496,0.258641282475,0.303453938207,1.0,-0.00846,-0.0111188571429,0.424
0.463668577133,0.537345149199,-0.123996294568,-1.37190236551,0.0786327495029,1.89999971466,0.157182484965,-0.00701494383578,-0.0539912201373,-0.00264908488623,-0.0763033379343,-0.000576132656997,0.0241904295295,-0.0135084626825,0.574004462059,0.818837395676,0.00222348382005,0.0,0.818796737749,-0.573943683073,-0.0118868756353,0.0,-0.00845742662667,0.00864386737414,-0.999926875072,0.0,0.659840005791,0.258447108923,0.303458097288,1.0,-0.0088,-0.0115657142857,0.441
0.463550396816,0.536510486606,-0.124002025231,-1.37320558755,0.078564274155,1.90049303888,0.157015376496,-0.00559259813038,-0.0450632887023,-0.000498863546473,-0.0752798161271,-0.00688563165631,0.0336310115562,-0.00707900702907,0.574021909754,0.818825097941,0.00224788889415,0.0,0.818784698116,-0.573960970468,-0.0118814734976,0.0,-0.00843881068242,0.00866092988712,-0.999926884711,0.0,0.659693850379,0.258244462447,0.303470005504,1.0,-0.00914,-0.0120125714286,0.458
0.463436708357,0.53565557238,-0.124005664561,-1.3745627156,0.0784819198039,1.90098850954,0.156853847987,-0.00821366370783,-0.0479901632428,0.000487755040766,-0.079852099732,-0.0102707823633,0.0356416192315,-0.0112236265395,0.574037789775,0.81881398607,0.00224031868276,0.0,0.818773483345,-0.573976874102,-0.0118860367251,0.0,-0.00844672462052,0.00865751446651,-0.999926847468,0.0,0.659534965817,0.258037785336,0.30347048983,1.0,-0.00948,-0.0124594285714,0.475
0.463308851414,0.534702302203,-0.124009158798,-1.37607843684,0.0784001161622,1.90154143527,0.156669604894,-0.00537589088659,-0.0486420082754,-0.00112612197814,-0.0834255895371,-0.0140061211282,0.0364355252679,-0.00189457568516,0.574055302818,0.818801719971,0.0022359741521,0.0,0.818761060856,-0.573994300005,-0.0119002390196,0.0,-0.00846066265298,0.00866229065873,-0.999926688267,0.0,0.659356537673,0.257808315706,0.303469707953,1.0,-0.00984,-0.0129325714286,0.493
0.463202409941,0.53389866931,-0.124012397847,-1.3773812234,0.0783288767875,1.9020213204,0.156497483244,-0.0082247040666,-0.0534080390497,-0.00119751825015,-0.0853591283962,-0.00315106085443,0.0361664149465,-0.0125993581594,0.574056238683,0.818801087985,0.00222711564447,0.0,0.818760248876,-0.573995205145,-0.0119124402587,0.0,-0.00847572852717,0.0086620511791,-0.999926562751,0.0,0.659192785379,0.257601571884,0.303460606345,1.0,-0.01016,-0.0133531428571,0.509
0.463069822334,0.532926247598,-0.124009180998,-1.37894604652,0.0782436742261,1.90261318239,0.1563038068,-0.00770728779416,-0.049357384547,0.000269319787918,-0.0903049926854,-0.00352443053857,0.0391522801792,-0.013968109597,0.574066695109,0.818793761827,0.00222532255412,0.0,0.818752785402,-0.574005551049,-0.0119268881987,0.0,-0.00848847758567,0.00866898523559,-0.999926394513,0.0,0.659020122081,0.257381054707,0.303450347942,1.0,-0.0105,-0.0138,0.526
0.462943089719,0.532009181472,-0.124009524112,-1.38041804341,0.0781524552708,1.90315736129,0.156122854138,-0.00847768357478,-0.0577296924731,0.000100512345343,-0.0957026532595,-0.00933125864135,0.0324318361937,-0.00188746705728,0.574078424169,0.818785570053,0.0022136120387,0.0,0.818744440062,-0.57401732497,-0.0119331220821,0.0,-0.00850018016034,0.00866309726092,-0.999926346129,0.0,0.658847543685,0.25715682461,0.303443403377,1.0,-0.01082,-0.0142205714286,0.542
0.462796058311,0.53083018184,-0.124012544503,-1.38231693643,0.0780361641607,1.90383025016,0.155876181649,-0.0076991150278,-0.0582776016356,0.000183353959563,-0.100168869259,0.000106435378084,0.0295160744831,-0.00894099972672,0.57407100912,0.818790880977,0.00217177767868,0.0,0.818749157642,-0.574010032572,-0.0119601952079,0.0,-0.0085464411403,0.00864430890699,-0.999926114404,0.0,0.658614717641,0.256875147736,0.303428891775,1.0,-0.01122,-0.0147462857143,0.562
0.462680796218,0.529974941955,-0.124015414271,-1.38367343615,0.0779590476238,1.90431890422,0.155694664389,-0.00688946002275,-0.0631567856411,-0.000569227477356,-0.100013029864,-0.000978321237766,0.0345707887545,-0.0139426771748,0.57407174308,0.818790389663,0.00216298267109,0.0,0.818748481241,-0.574010731465,-0.0119729499312,0.0,-0.00856192591799,0.00864443744591,-0.999925980823,0.0,0.658452409556,0.256668466972,0.303428216134,1.0,-0.0115,-0.0151142857143,0.576
0.462515363843,0.528728094957,-0.124012713069,-1.38562773218,0.0778289589074,1.90504713745,0.155432317264,-0.012703482349,-0.0694392915752,0.000146490465429,-0.100839177662,-0.00542550481396,0.0364991019505,-0.00748621021747,0.574061499563,0.818797542254,0.00217403296123,0.0,0.8187558508,-0.574000517472,-0.0119586631354,0.0,-0.00854399243752,0.00864517674558,-0.999926127828,0.0,0.658222565587,0.256373899138,0.303439152516,1.0,-0.0119,-0.01564,0.596
0.462420669122,0.52795295518,-0.124016562435,-1.38685502568,0.0777502941234,1.90552423951,0.155251693239,-0.0114812175712,-0.0635849418185,0.000193746621213,-0.103299658356,-0.0108182886088,0.0316514701933,-0.0116687380752,0.574039293821,0.818813066236,0.00219057352036,0.0,0.818771661127,-0.573978318642,-0.0119416734558,0.0,-0.00852082060448,0.00864873583269,-0.999926294776,0.0,0.658080368218,0.256193472822,0.30344220583,1.0,-0.01214,-0.0159554285714,0.608
0.462228615985,0.52645315012,-0.124016015063,-1.38914385462,0.077618522231,1.90639140911,0.154939653169,-0.00720686638618,-0.0665728042182,0.00071599278273,-0.105891978138,-0.00366479009587,0.0410768419313,-0.0134404054772,0.574028924643,0.818820145059,0.00226066824406,0.0,0.818779595056,-0.573967608449,-0.0119124335045,0.0,-0.00845675300329,0.00868923771863,-0.999926487536,0.0,0.657812777396,0.255852946716,0.303483462124,1.0,-0.01258,-0.0165337142857,0.63
0.462115383015,0.525558838213,-0.124021897027,-1.39053785101,0.0775238789986,1.90689416738,0.15475574475,-0.00781249135357,-0.0637179643668,4.48787199821e-05,-0.10624556816,-0.00363562645225,0.0359129901339,-0.0203720961581,0.574024704041,0.818823115232,0.00225654889139,0.0,0.818782591415,-0.573963486863,-0.0119050680507,0.0,-0.00845313098735,0.00868159326094,-0.999926584563,0.0,0.657645025888,0.255640150061,0.303492862665,1.0,-0.01284,-0.0168754285714,0.643
0.461939617785,0.524242223745,-0.124030367709,-1.39263597029,0.0773973028175,1.90764441063,0.154469038823,-0.00858822983632,-0.0689153766417,-0.000664590885132,-0.10892953844,-0.0110293701384,0.0386629161532,-0.0219591210906,0.574012471656,0.818831800957,0.00221608359949,0.0,0.818790762947,-0.573951431726,-0.0119242372481,0.0,-0.00849218380698,0.00865933639563,-0.999926446649,0.0,0.657377455871,0.255299581586,0.303479660399,1.0,-0.01324,-0.0174011428571,0.663
0.46181541592,0.523274166628,-0.124031478353,-1.39420895464,0.0772979407894,1.90822222171,0.154260991203,-0.00928091928396,-0.0597235229955,-0.000336780868172,-0.113580533073,-0.00230323850351,0.0391721984734,-0.012056598608,0.574008213718,0.818834825032,0.00220154513957,0.0,0.818793547113,-0.573947181801,-0.0119376132472,0.0,-0.00851152669939,0.00865506564689,-0.999926319162,0.0,0.657198408767,0.255085212633,0.3034674609,1.0,-0.0135,-0.0177428571429,0.676
0.46161435252,0.521745509849,-0.124031969672,-1.39663867031,0.0771432949767,1.90917322628,0.153934617544,-0.00827686938218,-0.0726311786835,-0.000957077515781,-0.116244811703,-0.00303479390049,0.0416944314864,-0.0214017773302,0.573994621642,0.818844258308,0.00223648439691,0.0,0.818803536307,-0.573933553256,-0.0119076563051,0.0,-0.00846708557624,0.00866633886245,-0.999926598822,0.0,0.656915961594,0.254723984009,0.303467680617,1.0,-0.01392,-0.0182948571429,0.697
0.461492992245,0.520869144877,-0.124040338282,-1.39806593562,0.0770631163039,1.90970817531,0.153742143372,-0.0112377186556,-0.0744292904801,-0.000250483120622,-0.115892410028,-0.00725190134823,0.043143215555,-0.0182302594551,0.57399704595,0.818842595841,0.00222292116258,0.0,0.818801660176,-0.573935993929,-0.0119190212664,0.0,-0.008484151193,0.00866178130202,-0.99992649366,0.0,0.656746345383,0.254504812965,0.303450636867,1.0,-0.01416,-0.0186102857143,0.709
0.461282082436,0.519255531913,-0.124043574035,-1.40059735731,0.0769069742145,1.91061169052,0.153389931648,-0.0123712321944,-0.0730183091,-0.00137641045634,-0.126020782866,-0.00776852935715,0.0405689268189,-0.0113560002202,0.573976042845,0.818857354212,0.0022096593042,0.0,0.818816190195,-0.573914990386,-0.0119321995592,0.0,-0.00850277646745,0.00865826819702,-0.999926365881,0.0,0.656434172171,0.254121275037,0.303457204835,1.0,-0.01458,-0.0191622857143,0.73
0.461139045679,0.518139650675,-0.124046478644,-1.40232707951,0.0767914693609,1.91124539755,0.153156416239,-0.0114609437364,-0.0808761715926,0.000547602694117,-0.123505853406,-0.00476711307744,0.0475827878611,-0.0273737464758,0.573964524359,0.818865398939,0.00222038250209,0.0,0.818824444814,-0.573903501577,-0.0119183200651,0.0,-0.0084853779918,0.00865896308872,-0.999926507659,0.0,0.656224204972,0.25385941009,0.303472097209,1.0,-0.01486,-0.0195302857143,0.744
0.460936366559,0.516627963952,-0.124052480065,-1.40470590919,0.0766358278221,1.91210976025,0.152834135773,-0.0105612061494,-0.0759077198266,-0.000859581501549,-0.123653333194,-0.00753349909894,0.0517246002949,-0.0193079086287,0.573954591038,0.818872387907,0.00221057704068,0.0,0.818831366608,-0.573893670765,-0.0119161493372,0.0,-0.00848933293604,0.00864958497013,-0.999926555256,0.0,0.655934352157,0.25349398725,0.303475496339,1.0,-0.01524,-0.0200297142857,0.763
0.460784639737,0.515496821942,-0.124054223011,-1.40650462918,0.0765250182849,1.91278630709,0.152580512605,-0.014840233669,-0.0875393958358,-0.00130643259088,-0.12932086694,-0.0107881811872,0.0441315006213,-0.0193301568116,0.573937528731,0.818884332465,0.00221586529486,0.0,0.81884338105,-0.573876590329,-0.0119131559094,0.0,-0.00848402684815,0.0086520204702,-0.99992657922,0.0,0.655717416548,0.253222835499,0.303471314168,1.0,-0.01552,-0.0203977142857,0.777
0.460587407523,0.514013683209,-0.124059278373,-1.40886480933,0.076381938065,1.9136325228,0.152258483435,-0.0108606557788,-0.0866002585521,-0.000485098291742,-0.134470033608,-0.0132090759598,0.0474246083815,-0.0210655706595,0.573924415664,0.818893595349,0.00218894996604,0.0,0.818852224213,-0.57386351752,-0.0119350350201,0.0,-0.00851752919984,0.00864240094119,-0.999926377591,0.0,0.655423616599,0.252864294054,0.30346111806,1.0,-0.01588,-0.0208708571429,0.795
0.460406517866,0.51269796282,-0.124057048908,-1.41099988046,0.076257601471,1.91437131382,0.151966941803,-0.0100762582532,-0.0811946382591,0.00083014252498,-0.13156439804,-0.00519497137212,0.0419194856206,-0.0173548003485,0.57391048978,0.818903524215,0.00212477063035,0.0,0.818861127407,-0.57384966696,-0.0119900230751,0.0,-0.00859953880078,0.00862125807527,-0.999925858172,0.0,0.655149783254,0.252541059336,0.303430790607,1.0,-0.0162,-0.0212914285714,0.811
0.460205329911,0.5112590152,-0.124065966799,-1.41328883913,0.0761121076939,1.91524308148,0.15163245302,-0.0100975882786,-0.0856406243041,-0.00179399228225,-0.130685618894,-0.00815021970384,0.0512404119053,-0.0208014201559,0.573888317385,0.818919033368,0.00213608491887,0.0,0.818876868557,-0.573827535116,-0.0119741799683,0.0,-0.00858030473865,0.00862119850819,-0.999926023917,0.0,0.654877088385,0.252186978491,0.303424951896,1.0,-0.01654,-0.0217382857143,0.828
0.460003213051,0.509794610226,-0.12406498793,-1.41563030808,0.0759644374224,1.91613771841,0.151300631844,-0.0140906064802,-0.0878418946383,-0.000414366654192,-0.13583369235,-0.0113285968007,0.0510193072137,-0.0196697410578,0.573863838553,0.818936160612,0.00214628600925,0.0,0.818894158188,-0.573803046753,-0.0119652883154,0.0,-0.00856742677185,0.0086241933993,-0.999926108513,0.0,0.65459429101,0.251833439977,0.303413151811,1.0,-0.01688,-0.0221851428571,0.845
0.459803213586,0.50838202126,-0.124064500082,-1.41787565194,0.0758273277036,1.91692012382,0.150993066621,-0.0107819275571,-0.086586268011,0.00137518348394,-0.137740765357,-0.00458007355166,0.0487055553839,-0.0213775869765,0.573854806317,0.818942597342,0.00210485794914,0.0,0.818899931102,-0.573794064045,-0.0120009086542,0.0,-0.00862046627756,0.00861061292191,-0.999925769698,0.0,0.654308736754,0.251485986591,0.303400641945,1.0,-0.0172,-0.0226057142857,0.861
0.459587812508,0.506832013989,-0.124077660054,-1.42028379851,0.0756712571013,1.91779056737,0.15066657916,-0.0132248882053,-0.0911933433892,-0.00205208598371,-0.143628759301,-0.00528803003486,0.0533670746366,-0.0198785258253,0.573855599535,0.818942032873,0.00210821649329,0.0,0.81889947841,-0.573794911026,-0.0119912985997,0.0,-0.00861066033876,0.00860785696181,-0.999925877916,0.0,0.654012496678,0.25110594621,0.303414270303,1.0,-0.01754,-0.0230525714286,0.878
0.459362951541,0.505225434645,-0.124087583367,-1.42273308758,0.0755187752136,1.91873295701,0.150320263713,-0.00992850546153,-0.0950102452409,-0.00210957042043,-0.141939378441,-0.00491459193826,0.0614780865166,-0.0112072739551,0.573848673019,0.818946675816,0.00218850315347,0.0,0.818905256105,-0.573787742867,-0.0119396214617,0.0,-0.00852234110331,0.00864387908896,-0.999926323814,0.0,0.653722708943,0.250722925408,0.30345340427,1.0,-0.01788,-0.0234994285714,0.895
0.459151979482,0.503679375336,-0.124100079498,-1.42506856938,0.075372945505,1.91962133474,0.149988054429,-0.0126742176339,-0.0925021688799,-0.00125753604963,-0.145205435034,-0.00483616615617,0.0499498303884,-0.0224629122545,0.573839171246,0.818953116472,0.00226836183074,0.0,0.818912824149,-0.573778010294,-0.0118881558294,0.0,-0.00843446851736,0.00867964719189,-0.999926759051,0.0,0.653443581322,0.250357695489,0.303499218673,1.0,-0.0182,-0.02392,0.911
0.458909942758,0.501885526022,-0.124106682294,-1.42772165974,0.0752020181287,1.9206049085,0.14962848997,-0.011785033206,-0.0989904239284,-0.000943411251706,-0.143479540038,-0.00863189093636,0.0571688868216,-0.024078755775,0.573834236124,0.818956301123,0.00236499558986,0.0,0.818917333278,-0.573772767617,-0.0118304394811,0.0,-0.00833180330613,0.00872561507942,-0.999927219699,0.0,0.653137514887,0.24996591937,0.303570690141,1.0,-0.01854,-0.0243668571429,0.928
0.458686250284,0.500275210595,-0.124107491544,-1.43016950211,0.0750420113842,1.92145584046,0.149286932283,-0.0128697340086,-0.0973353308902,-0.000296625286628,-0.15389462965,-0.00805169943369,0.0548179607212,-0.0191245861355,0.57382252983,0.818964461981,0.00237932203165,0.0,0.818925663939,-0.573760990432,-0.0118249609725,0.0,-0.00831922080617,0.00873408505311,-0.999927250515,0.0,0.652807578703,0.24956007279,0.3036065943,1.0,-0.01888,-0.0248137142857,0.945
0.458449850535,0.498691021811,-0.124113193402,-1.43264360135,0.0748850257089,1.92236386565,0.148933095329,-0.011857276947,-0.09780021401,-0.000923786715978,-0.152926202403,-0.0126521480879,0.059000068026,-0.0242326292444,0.573813874113,0.818970493142,0.00239084501431,0.0,0.818931856078,-0.573752303394,-0.0118176288816,0.0,-0.00830669644857,0.00873922681376,-0.999927309712,0.0,0.652502253113,0.249166166321,0.303612822063,1.0,-0.0192,-0.0252342857143,0.961
0.458169688421,0.49693234884,-0.124113883758,-1.43545663551,0.074717462928,1.9233843948,0.14850624947,-0.0177686645088,-0.0920417601671,2.55099258503e-05,-0.156973756342,-0.00715027750069,0.057578794603,-0.0283085048947,0.573791697506,0.818986106251,0.00236485581643,0.0,0.818946990439,-0.573730081909,-0.0118476522861,0.0,-0.00834643438743,0.00873494424511,-0.999927016228,0.0,0.65215124015,0.248714800202,0.303588449894,1.0,-0.01956,-0.0257074285714,0.979
0.457903421485,0.495268217724,-0.124114565946,-1.43816452001,0.0745504014307,1.92431420623,0.148134134194,-0.0131222984611,-0.0944985620561,0.000376124155775,-0.157068473573,-0.00495398033416,0.0515922375818,-0.0165901837754,0.573796816894,0.818982791287,0.00226878800905,0.0,0.818942250391,-0.573735398207,-0.0119176452719,0.0,-0.00845882525712,0.00869648071388,-0.999926407041,0.0,0.651800198317,0.248277921691,0.303539746709,1.0,-0.0199,-0.0261542857143,0.996
0.457635444493,0.493662537892,-0.124119787008,-1.44078805065,0.0743833534044,1.92526168966,0.147757999848,-0.0141972099419,-0.100657667,0.00216126666189,-0.164989736953,-0.0148337346398,0.0614066485995,-0.0188886334479,0.57379878312,0.818981591195,0.00220378667061,0.0,0.818940166419,-0.573737589554,-0.0119552941946,0.0,-0.0085269347803,0.00866486950906,-0.999926102979,0.0,0.651471801322,0.247847769516,0.30349156401,1.0,-0.0215891428571,-0.0283743020408,1.012
0.457331337305,0.49161118848,-0.124149352804,-1.44402604876,0.0741797054102,1.9264726079,0.147297738202,-0.019332012772,-0.113468621906,0.000995860728124,-0.184768722698,-0.00947777925545,0.0711747519119,-0.0325940153388,0.573799507893,0.818981055416,0.00221416201191,0.0,0.818939883104,-0.573738391268,-0.0119362116381,0.0,-0.00850534520854,0.00866242472175,-0.999926308035,0.0,0.651073429541,0.247324884966,0.303483880818,1.0,-0.0242222857143,-0.0318350040816,1.03
0.457014035472,0.489623606408,-0.124160525162,-1.44725217098,0.0739810288645,1.92761215584,0.146831398598,-0.0191194675287,-0.127605197459,-0.000107038143781,-0.205640791819,-0.00407004640114,0.0802234975869,-0.0286590790982,0.573792534077,0.818986169255,0.0021282170939,0.0,0.818943748347,-0.573731642548,-0.0119952609077,0.0,-0.00860309292724,0.00862584731161,-0.999925788021,0.0,0.650659003132,0.246801056601,0.303429927665,1.0,-0.0265628571429,-0.0349111836735,1.046
0.456659421754,0.487371539151,-0.124183828422,-1.4507427101,0.0737685126403,1.92891609273,0.14632136708,-0.0269432347956,-0.146744037503,-0.00448028248139,-0.219522446881,-0.0148736135243,0.0861883869036,-0.0394148548563,0.573798040752,0.818982174159,0.00218030748102,0.0,0.818940458753,-0.573736959172,-0.0119655170939,0.0,-0.00854878681093,0.00865149884197,-0.99992603217,0.0,0.650230633787,0.246226967668,0.30344737263,1.0,-0.0289034285714,-0.0379873632653,1.062
0.456216809092,0.484625889636,-0.124206526433,-1.45493090828,0.073508951312,1.93049425148,0.145684751755,-0.0269809503058,-0.158395892071,-0.00300349442844,-0.244275754661,-0.0149304140324,0.0921535923192,-0.0335172146769,0.573792215419,0.818985953461,0.00229095184752,0.0,0.818945754911,-0.573730764161,-0.0118999020658,0.0,-0.00843162542027,0.00870440404662,-0.999926567825,0.0,0.649720947974,0.245531160525,0.303497813402,1.0,-0.0315365714286,-0.0414480653061,1.08
0.455763116077,0.481831519834,-0.124247175035,-1.45928927439,0.0732373769645,1.9319733297,0.145032971489,-0.0267641070891,-0.170701173156,-0.00381750893666,-0.265562367499,-0.0208775834816,0.0851244402603,-0.0351694279671,0.573798872309,0.818981496637,0.00221567223461,0.0,0.818940203102,-0.573737606131,-0.0119519854236,0.0,-0.00851740441261,0.00867270580423,-0.999926116269,0.0,0.649155038051,0.244790259942,0.303491375861,1.0,-0.0340234285714,-0.0447165061224,1.097
0.455331171122,0.47915770976,-0.124278504079,-1.46339849133,0.0729913028564,1.93346925058,0.144415077344,-0.0263289264418,-0.181951339046,-0.00207796502461,-0.280301321403,-0.0161542074172,0.100163813607,-0.052674216965,0.573803081659,0.81897840484,0.00226777102061,0.0,0.818937729125,-0.573741541315,-0.0119325808653,0.0,-0.00847157470608,0.00870428250688,-0.999926231223,0.0,0.64863869611,0.244102201896,0.303519289592,1.0,-0.0362177142857,-0.0476004244898,1.112
0.454755636691,0.475760560328,-0.124307713656,-1.46856014121,0.0726735004072,1.9353929513,0.143689202206,-0.0358262054482,-0.197020926846,-0.00143611523276,-0.287896797647,-0.013465676722,0.106503301182,-0.0430281761262,0.573865130523,0.818934551323,0.00239990012574,0.0,0.81889563405,-0.573803099708,-0.0118612899519,0.0,-0.00833671054123,0.0087722173339,-0.999926771049,0.0,0.648002054105,0.243225106449,0.303582089548,1.0,-0.0388508571429,-0.0510611265306,1.13
0.454182759596,0.472375929198,-0.124324833727,-1.47380350057,0.0723450571351,1.93723968626,0.142914491199,-0.0321601578983,-0.207036384461,-0.000506505273607,-0.310216036968,-0.0225917347833,0.10890743553,-0.0475792689865,0.573874600113,0.818927942794,0.00239055575181,0.0,0.818888731238,-0.573812423008,-0.0118867974833,0.0,-0.00836286103215,0.00877929934764,-0.999926490527,0.0,0.647321801011,0.242341104797,0.303587769813,1.0,-0.0413377142857,-0.0543295673469,1.147
0.453616600416,0.468975365323,-0.12432759826,-1.47895598726,0.0720387840394,1.93914477424,0.14211110549,-0.0377293675028,-0.214515762986,-4.58566678509e-06,-0.328054416296,-0.022239266322,0.136456050382,-0.0469366447627,0.573845215726,0.81894810817,0.00253207705646,0.0,0.818910530328,-0.573782276352,-0.0118401673833,0.0,-0.00824378045996,0.00886813871061,-0.999926695413,0.0,0.646665498372,0.241488714492,0.303649456884,1.0,-0.0436782857143,-0.0574057469388,1.163
0.452991422106,0.465171572478,-0.124332946732,-1.48472890584,0.0716524970519,1.94122996782,0.14121393227,-0.0337787077778,-0.218287202948,-0.0019332734163,-0.35037692555,-0.0156383622184,0.121195467995,-0.0443794483343,0.573793262599,0.81898422809,0.00262160978566,0.0,0.818947868477,-0.573730053977,-0.0117881628114,0.0,-0.00815038001697,0.00891110171188,-0.999927079127,0.0,0.64591502602,0.24052909348,0.303706754744,1.0,-0.0461651428571,-0.0606741877551,1.18
0.452270132659,0.460977556261,-0.12433369098,-1.49127535255,0.071219764007,1.94348832973,0.140235034454,-0.0398319194615,-0.238080613423,9.54136426741e-05,-0.370172342358,-0.0311178532129,0.122077505641,-0.0556429692572,0.573770184624,0.819000659783,0.00253799399064,0.0,0.818962978909,-0.573707038756,-0.0118583202201,0.0,-0.00825606602226,0.00888264471946,-0.999926465295,0.0,0.645033910512,0.23942963387,0.303676405392,1.0,-0.0487982857143,-0.0641348897959,1.198
0.451588320904,0.457108996498,-0.124344301383,-1.49727804402,0.0708098754467,1.94561981029,0.13931620097,-0.0404328155504,-0.242488890639,3.1179303707e-05,-0.383168903507,-0.0241659051456,0.133279775198,-0.061615152377,0.573749130908,0.819015460722,0.00252126586261,0.0,0.818977594447,-0.573686086327,-0.0118625904029,0.0,-0.00826938901021,0.00887118198282,-0.999926456964,0.0,0.644239826874,0.238405737627,0.303666166976,1.0,-0.0511388571429,-0.0672110693878,1.214
0.450794718501,0.452797362999,-0.124378294924,-1.50393403035,0.0703486037708,1.94798873691,0.138237794115,-0.0462306727854,-0.263630767514,-0.0031155949845,-0.39564817512,-0.0271878724745,0.143560184298,-0.0698981430021,0.573718814301,0.819036704166,0.00251917581449,0.0,0.818998995534,-0.573655979906,-0.011840985348,0.0,-0.00825322024315,0.0088567690559,-0.999926718314,0.0,0.643367631021,0.237233973167,0.303666855135,1.0,-0.0536257142857,-0.0704795102041,1.231
0.449979085431,0.448233216899,-0.124447472589,-1.51079905925,0.0698812629916,1.95051068027,0.137206785692,-0.0516811390999,-0.268487433143,-0.00464222196403,-0.409515526405,-0.0301360096701,0.138763394646,-0.0639831150965,0.573776203982,0.818995993101,0.00267916595657,0.0,0.81896078415,-0.573713232742,-0.0117092913099,0.0,-0.00805294474699,0.00891281617109,-0.999927853292,0.0,0.642484915306,0.236016431682,0.303750556748,1.0,-0.0561125714286,-0.0737479510204,1.248
0.449155806822,0.443807980674,-0.124464361366,-1.51766357459,0.0694252320318,1.95276167043,0.136177098301,-0.0549969938754,-0.274258235043,-0.000224539921617,-0.427906737345,-0.0334378533254,0.137408547489,-0.066969926196,0.573800890074,0.818979201448,0.00252052502019,0.0,0.81894153131,-0.573738062503,-0.0118385316579,0.0,-0.00824954889131,0.00885729315256,-0.999926743967,0.0,0.641525561856,0.234809202975,0.303710007173,1.0,-0.0584531428571,-0.0768241306122,1.264
0.448251467263,0.438969822699,-0.124480235818,-1.52516685463,0.0688900345255,1.95536175656,0.134957488661,-0.0546347495559,-0.28074378768,0.000345670299072,-0.442957108415,-0.0314420537673,0.152734207918,-0.0747648664667,0.573737891858,0.819023575389,0.00244157848648,0.0,0.818984939085,-0.573675439944,-0.0118703857904,0.0,-0.00832161241569,0.00881027575203,-0.999926562207,0.0,0.640497683154,0.233493424363,0.303673149693,1.0,-0.06094,-0.0800925714286,1.281
0.447273124838,0.433876417448,-0.124498068929,-1.5327629006,0.0684021903577,1.95814205125,0.133721541978,-0.0611930007746,-0.309658601654,0.00174057742159,-0.454740621187,-0.0296724623633,0.1642330557,-0.0744732766492,0.573738802012,0.819022191003,0.00268041260829,0.0,0.818986595429,-0.57367538567,-0.0117582007177,0.0,-0.00809269638672,0.00894153014215,-0.999927276008,0.0,0.639494115927,0.232142350015,0.303775487012,1.0,-0.0634268571429,-0.0833610122449,1.298
0.446290944069,0.429034201155,-0.124540196537,-1.54025970508,0.067846366225,1.96074996246,0.132533535424,-0.0628508453418,-0.308136290264,-0.00706641788839,-0.483721887562,-0.0325662874699,0.160711683453,-0.0728582373175,0.57376943126,0.819000989804,0.00260102927333,0.0,0.818964686295,-0.573706654481,-0.0117585758611,0.0,-0.00813821415212,0.0088770334175,-0.999927481245,0.0,0.63847393812,0.230763607254,0.30373432019,1.0,-0.0657674285714,-0.0864371918367,1.314
0.445219636858,0.423625321828,-0.124627652758,-1.548534548,0.0672434990118,1.96345887623,0.131156543592,-0.0552679858533,-0.319149019338,-0.00979739857368,-0.485801771742,-0.0314252254266,0.164151550947,-0.0762664047914,0.573761988822,0.819006773184,0.00241507017131,0.0,0.818968179146,-0.573700045261,-0.011837504571,0.0,-0.0083096305408,0.00876994463467,-0.999927016392,0.0,0.637237473471,0.22912961478,0.303702528689,1.0,-0.0684005714286,-0.0898978938775,1.332
0.44401167091,0.417720137629,-0.124679948454,-1.5574212574,0.0666149155852,1.9665681292,0.129749831135,-0.0713451825043,-0.343225051058,-0.00325297089081,-0.484727333355,-0.0335383830277,0.190099760965,-0.0777919646935,0.573839665671,0.818952042188,0.00251745899738,0.0,0.818914978344,-0.573777539158,-0.0117618324934,0.0,-0.00818807295768,0.00881116054816,-0.999927656839,0.0,0.636089796048,0.227570476856,0.303761147922,1.0,-0.0708874285714,-0.0931663346939,1.349
0.44288854409,0.412343503063,-0.124682710133,-1.56546589381,0.0660780715114,1.96949776957,0.128366143374,-0.0689235854002,-0.342895695619,0.000161828197224,-0.518469219185,-0.0325747150088,0.180832403594,-0.0942193766575,0.573812206616,0.818970567708,0.00274001230859,0.0,0.818936307428,-0.573749194797,-0.0116590199755,0.0,-0.00797646792422,0.00893415555162,-0.99992827584,0.0,0.634993540675,0.226100053647,0.303827941364,1.0,-0.073228,-0.0962425142857,1.365
0.441647437263,0.40650404752,-0.12473718923,-1.57444281276,0.065419468792,1.97240083238,0.12689212491,-0.071917974134,-0.346680795208,-0.00692825680347,-0.548637008178,-0.0433766056831,0.178878109607,-0.091958599399,0.57384036979,0.818951552368,0.00251630184039,0.0,0.818914260647,-0.573778018568,-0.011788384925,0.0,-0.00821047552724,0.00882545654316,-0.999927347065,0.0,0.633689270041,0.224406253623,0.303756387261,1.0,-0.0757148571429,-0.099510955102,1.382
0.440347525178,0.400491643822,-0.12479735062,-1.58354686355,0.0647954339374,1.97551956501,0.125357191567,-0.0781472262235,-0.369384820034,-0.00189565890622,-0.525593458555,-0.0440417549496,0.183986069458,-0.0933973109981,0.57388242012,0.818922038485,0.00253173099199,0.0,0.818884777585,-0.573819823304,-0.0118016238375,0.0,-0.00821201052658,0.00884611073451,-0.999927151951,0.0,0.632397229431,0.222681927946,0.303750924827,1.0,-0.0782017142857,-0.102779395918,1.399
