position_joint1,position_joint2,position_joint3,position_joint4,position_joint5,position_joint6,position_joint7,velocity_joint1,velocity_joint2,velocity_joint3,velocity_joint4,velocity_joint5,velocity_joint6,velocity_joint7,ee_T_00,ee_T_10,ee_T_20,ee_T_30,ee_T_01,ee_T_11,ee_T_21,ee_T_31,ee_T_02,ee_T_12,ee_T_22,ee_T_32,ee_T_03,ee_T_13,ee_T_23,ee_T_33,v_x,v_y,time
0.46508200723,0.547632220084,-0.12396723905,-1.35576422542,0.079435090019,1.89409156758,0.159157363511,-0.000470508476483,0.000142125090263,-0.000681599361806,-0.000390073535824,-0.000372004339398,-0.000241555444653,-0.000683035754076,0.573761285852,0.819008149177,0.00209412053455,0.0,0.818967419034,-0.573702677083,-0.0117623029082,0.0,-0.00843218172368,0.00846393348744,-0.999928627524,0.0,0.661691602374,0.260907328018,0.303351039667,1.0,0.0,0.0,0.0
0.46507972935,0.547624590336,-0.123963955699,-1.35576048769,0.0794347482765,1.89408915134,0.1591581089,-0.000797054266041,-0.000562814167435,0.000253878902063,0.000445313930472,0.000411107880406,-0.000378625336512,-0.00058614161408,0.573761945664,0.819007664768,0.00210277454602,0.0,0.818967023889,-0.573703279933,-0.0117604115017,0.0,-0.0084256607268,0.00846994266954,-0.99992863161,0.0,0.661692716575,0.260908318099,0.303356042206,1.0,-2e-05,-2.62857142857e-05,0.002
0.465079294517,0.547629088483,-0.123972159048,-1.35576151789,0.0794347351333,1.89409162013,0.159163514947,0.000150528961633,9.90130150358e-06,-0.00152084686662,-0.00209999152134,-0.000276631842746,-0.000107267172219,0.00093097549944,0.573771735629,0.819000819352,0.00209766420992,0.0,0.818960166806,-0.573713143521,-0.0117567443174,0.0,-0.00842548791771,0.00846375397709,-0.999928685468,0.0,0.661694174398,0.260902995281,0.303354713716,1.0,-0.00036,-0.000473142857143,0.019
0.465078620489,0.547623792508,-0.123966573473,-1.35577310916,0.0794361802322,1.89409237143,0.159164686651,0.000118131798323,-9.67159278993e-05,0.00143258359445,0.000760476824755,0.000279384871928,0.000189132650448,0.00104150835441,0.573770356206,0.819001791138,0.00209555558991,0.0,0.818961059482,-0.573711720519,-0.0117639998844,0.0,-0.00843265452806,0.0084661758303,-0.999928604554,0.0,0.661690618461,0.260904759669,0.303352831178,1.0,-0.0007,-0.00092,0.036
0.465077728518,0.547569854961,-0.123969324995,-1.35581862062,0.0794353454842,1.89410248387,0.159162754293,-0.000458413882729,-0.00306350921408,0.000207549190778,-0.006589909727,-8.19538091559e-05,-3.4951615098e-05,0.000552674540882,0.573773662392,0.818999431026,0.00211263467274,0.0,0.818958909746,-0.573714948478,-0.0117562299276,0.0,-0.00841645757217,0.008475739274,-0.999928659998,0.0,0.661684540229,0.260898437452,0.303370346511,1.0,-0.00104,-0.00136685714286,0.053
0.46507476006,0.547428323267,-0.123963976863,-1.35596246721,0.079432959304,1.89412941018,0.159153094854,-0.00145974425922,-0.00439185773331,0.00102123178164,-0.0106013098349,0.00025532931176,0.000810400588715,-0.000776067341934,0.573771596838,0.819000805202,0.00214071052486,0.0,0.81896053252,-0.573712657529,-0.0117549847687,0.0,-0.00839935098,0.00849799742571,-0.999928614924,0.0,0.661660353058,0.260885796806,0.30340429499,1.0,-0.00136,-0.00178742857143,0.069
0.46506554626,0.547282950992,-0.123970191533,-1.35617092325,0.0794270926937,1.89418194843,0.159150473539,-0.00108113386055,-0.0091716922322,-0.00154605815482,-0.0128933332,-0.000334657834477,0.00319276836726,0.000305944434866,0.573791267864,0.818987039076,0.00213486534036,0.0,0.8189466307,-0.573732288311,-0.0117653863196,0.0,-0.00841101966667,0.0084993803501,-0.999928505085,0.0,0.661631036423,0.260855883414,0.30341280699,1.0,-0.00172,-0.00226057142857,0.087
0.465046042201,0.547115994295,-0.123967557061,-1.35636685453,0.0794256572979,1.89430589288,0.159145131215,-0.00249198735987,-0.0151475590362,0.00095005573196,-0.00721245401889,0.000386902758315,0.00498153912949,-0.0035222329871,0.573811882442,0.818972367251,0.00222084406572,0.0,0.818933038829,-0.573752534307,-0.0117240860054,0.0,-0.00832764789171,0.00854630698306,-0.999928802924,0.0,0.661619807528,0.260831639691,0.30344848655,1.0,-0.00204,-0.00268114285714,0.103
0.46501802094,0.546897427157,-0.123964749618,-1.35661878828,0.0794235892556,1.89443889232,0.159132310174,-0.00154782594483,-0.0111960406062,0.000518036622635,-0.0190271248192,-0.00055525546839,0.00871411126907,0.00116597826841,0.573836074158,0.818955160999,0.00231325941207,0.0,0.818916957555,-0.573776301701,-0.011684140358,0.0,-0.008241652295,0.00859931415613,-0.999929060966,0.0,0.661601110523,0.260796401872,0.303494838439,1.0,-0.00242,-0.00318057142857,0.122
0.464996243136,0.546686221993,-0.123962270283,-1.35690088157,0.0794077135173,1.89456562856,0.15911058909,-0.00138313743321,-0.0115016253362,0.00194722175614,-0.0185291044854,-0.00389777941274,0.00309151867918,-0.00266418859276,0.573846051363,0.81894803171,0.00236169314553,0.0,0.818910464328,-0.573786109189,-0.011657581956,0.0,-0.0081920047978,0.00862383863994,-0.99992925773,0.0,0.661573259581,0.260758758765,0.303521050044,1.0,-0.00274,-0.00360114285714,0.138
0.464952991614,0.546409577779,-0.12396501324,-1.35731674396,0.0793977904498,1.89470818526,0.159045856812,-0.00177289612926,-0.0159622193603,0.000449419791576,-0.0265891442824,-0.00191347637724,0.0077329058273,-0.0077885060438,0.573850915916,0.818944590609,0.00237291298779,0.0,0.818907033259,-0.573790789759,-0.011668220375,0.0,-0.00819422810511,0.0086391804153,-0.999929107081,0.0,0.661526045085,0.260690898896,0.303531474689,1.0,-0.0031,-0.00407428571429,0.156
0.464920625213,0.546176700907,-0.123964802328,-1.35766677315,0.0793802816509,1.89484253801,0.158939138421,-0.000873702763716,-0.0146603307317,0.000812327305524,-0.0238141046952,-9.279795285e-05,0.00513411525695,-0.00881096749155,0.573804825654,0.818976834793,0.00239019474101,0.0,0.818939468372,-0.573744607543,-0.0116627338016,0.0,-0.00818030496644,0.00864972428017,-0.999929129929,0.0,0.661488029902,0.260637407358,0.303541403533,1.0,-0.00338,-0.00444228571429,0.17
0.464876010483,0.545888003171,-0.12396851807,-1.35816974699,0.079338816281,1.89501191109,0.158922791272,-0.0017511601114,-0.0158052048704,-0.000466188302972,-0.0283358580581,-0.00107604507709,0.0126469805147,-0.00535282418101,0.573847647341,0.818946964713,0.00234382795587,0.0,0.818909088141,-0.573787688513,-0.0116765051237,0.0,-0.00821773702136,0.00862008297183,-0.999929078969,0.0,0.661428772729,0.260554611058,0.303521168592,1.0,-0.00372,-0.00488914285714,0.187
0.464813887297,0.545547955651,-0.123970487205,-1.35872850596,0.0792378693499,1.89519613543,0.158840612958,-0.00418763769054,-0.0185334807389,0.000234271935934,-0.0367441242403,-0.00492766099921,0.00779807329502,-0.00635142990413,0.573836899823,0.818954683708,0.00227713339596,0.0,0.818916504447,-0.573777772356,-0.011643607511,0.0,-0.00822917681621,0.0085464783038,-0.999929616702,0.0,0.661368464278,0.260446677694,0.303511839027,1.0,-0.00406,-0.005336,0.204
0.464758187516,0.545182849416,-0.123971737093,-1.35936793192,0.0792334467938,1.8954099645,0.158771600741,-0.00444129536137,-0.0241026821237,-0.000419456863454,-0.042577102614,0.000315062726562,0.016168926264,-0.00155759862619,0.57386133249,0.818937656475,0.00224338619701,0.0,0.818898711932,-0.573801987562,-0.0117015198892,0.0,-0.00829571553477,0.00855232052154,-0.999929016939,0.0,0.661288882258,0.260351808259,0.303484554181,1.0,-0.0044,-0.00578285714286,0.221
0.464694994344,0.544768395075,-0.123971172612,-1.36006029476,0.0792163844826,1.89563565684,0.158698885413,-0.000532544831927,-0.0313687143633,0.000343445055005,-0.0382235409705,-0.00233142851401,0.012344210015,-0.00877364365948,0.573887088932,0.818919691024,0.00221262562165,0.0,0.818880081376,-0.573827583845,-0.0117500317091,0.0,-0.00835282754014,0.00855523125623,-0.99992851659,0.0,0.661202967344,0.26024616147,0.303467918769,1.0,-0.00474,-0.00622971428571,0.238
0.464627926553,0.544337975782,-0.123977155954,-1.36078988866,0.0791823171626,1.89588332096,0.158585609329,-0.00533426789729,-0.0199801235811,-0.000311863274521,-0.0451298833786,-0.000754614959418,0.0135783732318,-1.50223204138e-05,0.573884980721,0.818921275707,0.00217255568674,0.0,0.818881047443,-0.573825529895,-0.0117829656858,0.0,-0.00840281515311,0.00854129615824,-0.999928216902,0.0,0.661116669779,0.260128694157,0.303446917835,1.0,-0.00508,-0.00667657142857,0.255
0.464564347079,0.543898274787,-0.123978103424,-1.3615274688,0.0791525305752,1.89615058999,0.158510186175,-0.00203464314104,-0.0292757545001,-0.000162212524895,-0.0452279375377,-0.00140031877561,0.0199004614609,0.000580228425511,0.573909143981,0.818904393329,0.00215312396064,0.0,0.818863771661,-0.573849623067,-0.0118101849432,0.0,-0.00843600538202,0.00854125278386,-0.999927937811,0.0,0.661030295363,0.26001765422,0.303430188738,1.0,-0.0054,-0.00709714285714,0.271
0.464489534549,0.5433864007,-0.123980691977,-1.36236509931,0.0790990106538,1.89643659834,0.158385130093,-0.00234774968555,-0.0322815115031,-0.000222562647381,-0.0544409085362,-0.000924677539362,0.0198189439485,-0.00687679816514,0.573902079838,0.818909437857,0.00211713191952,0.0,0.8188683449,-0.573842698373,-0.011829545435,0.0,-0.0084725888324,0.00852281713022,-0.999927785806,0.0,0.660931049097,0.259884746281,0.303418493402,1.0,-0.00574,-0.007544,0.288
0.464404675077,0.542848909605,-0.123980754384,-1.36322401688,0.0790519880269,1.89674338029,0.15828260481,-0.00109253452856,-0.0311191517225,5.05786603239e-05,-0.0505304106349,-0.00551520183509,0.0160609043907,-0.00598564768207,0.573922855324,0.818894904034,0.0021069374673,0.0,0.818853613466,-0.573863446487,-0.0118427784565,0.0,-0.00848905997185,0.00852227866546,-0.999927650696,0.0,0.660833263033,0.25974694331,0.303416460726,1.0,-0.00608,-0.00799085714286,0.305
0.464341631079,0.542263099516,-0.123988865614,-1.36412985027,0.0789945181944,1.8970825193,0.158163819595,-0.00998261831676,-0.035730936871,0.00142361100483,-0.0501324360616,-0.00271884638863,0.024870469889,-0.00613074741282,0.573917926881,0.81889832618,0.00211931272437,0.0,0.818857258672,-0.573858531893,-0.0118288712712,0.0,-0.00847062028165,0.00852438000579,-0.999927789162,0.0,0.660729024653,0.259614472958,0.303429259016,1.0,-0.00642,-0.00843771428571,0.322
0.464262308367,0.541687507382,-0.123987150017,-1.36502654406,0.0789448510474,1.89741374547,0.158046209605,-0.00361387397343,-0.0403292598934,0.000215463681601,-0.0534610662106,-0.00364463947838,0.0219496560476,-0.00675489022092,0.57392190079,0.818895511992,0.00213052436983,0.0,0.818854532713,-0.573862402921,-0.0118297789766,0.0,-0.00846488805281,0.00853412308181,-0.999927754597,0.0,0.660626441525,0.259478622872,0.303438110206,1.0,-0.00674,-0.00885828571429,0.338
0.464170863898,0.54091804943,-0.123990972731,-1.36620786848,0.0788631705773,1.89785342931,0.157886334024,-0.00560418749711,-0.044001075564,0.00220109694761,-0.0564466994271,-0.00106877773312,0.0253363138222,-0.0103973488678,0.573912235408,0.818902241773,0.0021474100147,0.0,0.8188615856,-0.573852776776,-0.0118085188275,0.0,-0.0084378877955,0.00853564934439,-0.999927969776,0.0,0.660490950885,0.259302507005,0.303458003222,1.0,-0.00714,-0.009384,0.358
0.464087208621,0.540273973563,-0.123993130264,-1.36720953383,0.0788117328936,1.8982168299,0.15776682207,-0.00834929839911,-0.0388581574339,-0.000744314711261,-0.0626592513483,-0.00108570217757,0.0166225929093,-0.0200946629586,0.573926077348,0.818892516375,0.00215667925719,0.0,0.818851892245,-0.573866491094,-0.0118142231449,0.0,-0.00843709540263,0.00854665618679,-0.999927882444,0.0,0.660374119787,0.259151902521,0.303468038879,1.0,-0.00746,-0.00980457142857,0.374
0.463977126706,0.539503622185,-0.123991043966,-1.36840394594,0.0787452505387,1.89867288674,0.157626696085,-0.00698807288941,-0.0447281911459,0.00130001262791,-0.0672387365063,-0.00332927131887,0.0251953763141,-0.0081402732767,0.573945939491,0.818878522364,0.00218427426148,0.0,0.81883820769,-0.573886192772,-0.0118056881999,0.0,-0.00841406166548,0.00856455892088,-0.999927923351,0.0,0.660249821092,0.258976037803,0.303482618936,1.0,-0.0078,-0.0102514285714,0.391
0.463891218395,0.538838275245,-0.123999413173,-1.36943472673,0.0786913960815,1.89907355625,0.157505949563,-0.00970930552039,-0.0380494269469,0.000399375724016,-0.0706939403216,-0.00164098969207,0.0403798510679,-0.00874085278897,0.57396843013,0.818862668131,0.00221784953676,0.0,0.818822772066,-0.573908532134,-0.0117903177118,0.0,-0.00838196962632,0.0085834611117,-0.9999280308,0.0,0.660127258725,0.258812233671,0.303497786682,1.0,-0.00812,-0.010672,0.407
0.463789915931,0.538101827476,-0.124007411597,-1.37055713383,0.0786212862076,1.89949851399,0.157345182843,-0.00287905221536,-0.0455302681615,-0.000978257966726,-0.0715743207647,-0.00315062790892,0.0230937616674,-0.0112418074652,0.573968561731,0.81886249457,0.00224767252724,0.0,0.818823047744,-0.573908612559,-0.0117672348277,0.0,-0.00834594932898,0.00859463439203,-0.99992823612,0.0,0.66000355842,0.258634658768,0.303520794757,1.0,-0.00844,-0.0110925714286,0.423
0.46368985356,0.537345573922,-0.124011399307,-1.37174050317,0.0785460646217,1.89994269352,0.157205942207,-0.00737033729958,-0.0494519613249,-0.00330000845471,-0.0775244485165,-0.00332883094372,0.0263562218868,-0.00925704277553,0.573984398683,0.818851364576,0.00225825203622,0.0,0.818812104503,-0.573924458113,-0.0117558836296,0.0,-0.00833041566205,0.0085969434162,-0.999928345802,0.0,0.659868906613,0.258453742433,0.303530184366,1.0,-0.00876,-0.0115131428571,0.439
0.463576952836,0.536514217898,-0.124008994827,-1.37303689024,0.0784834513463,1.90043659442,0.157048727418,-0.00524025004995,-0.0490207703965,0.00128272249333,-0.0804912551298,-0.00416587601057,0.0347369453409,-0.00203808164983,0.574001107805,0.818839561076,0.00229092908805,0.0,0.818800582325,-0.573940893212,-0.0117560361441,0.0,-0.00831160961338,0.00862395787938,-0.999928269675,0.0,0.659720847533,0.258261053377,0.3035428031,1.0,-0.0091,-0.01196,0.456
0.463460067989,0.535647048331,-0.124019444904,-1.37439736388,0.0783882250888,1.90093448484,0.156882067488,-0.00623439481222,-0.0507203644616,-0.000882242784547,-0.0873141840923,-0.00758411763331,0.0333645884648,-0.00582630303393,0.574016875498,0.818828525393,0.00228463291694,0.0,0.818789607508,-0.573956830678,-0.011742319043,0.0,-0.00830382499278,0.00861108876768,-0.99992844526,0.0,0.659565124309,0.258046165704,0.303550745944,1.0,-0.00944,-0.0124068571429,0.473
0.463343581,0.534750582228,-0.124017289811,-1.37580854801,0.078324111641,1.90144762569,0.156714788089,-0.00407774485415,-0.0521160704903,-0.00132799326671,-0.0825985691278,-0.00249383007647,0.0352735459235,-0.00248985539613,0.574033983174,0.818816503203,0.002295025899,0.0,0.818777496596,-0.573973664849,-0.0117639291513,0.0,-0.00831537500213,0.00863217686484,-0.999928167451,0.0,0.659396396417,0.257839293714,0.303556024987,1.0,-0.00978,-0.0128537142857,0.49
0.46321611314,0.533853964069,-0.124023431327,-1.37728965236,0.0782319745786,1.90198213456,0.156530673934,-0.0107490017786,-0.0502514293304,-0.000387417656893,-0.084676970472,-0.00792574044148,0.0307654232851,-0.0112111307494,0.574048319384,0.818806582778,0.00224809082009,0.0,0.818766977624,-0.573988190127,-0.0117873172871,0.0,-0.00836131638815,0.00860731792244,-0.999927998641,0.0,0.659221596697,0.25760901551,0.303530047332,1.0,-0.01012,-0.0133005714286,0.507
0.463091117572,0.532980520419,-0.124023364431,-1.37869632012,0.0781520587436,1.90251020069,0.1563592641,-0.00551526604275,-0.0556923069499,-0.000742568415266,-0.0896429573985,-0.0032587369482,0.0332676434716,-0.0127716240493,0.574065832151,0.818794313457,0.0022448847642,0.0,0.818754612486,-0.574005657344,-0.0117956251007,0.0,-0.00836977534553,0.00860964085665,-0.999927907874,0.0,0.659059126342,0.257394056088,0.303522231157,1.0,-0.01044,-0.0137211428571,0.523
0.462962306727,0.532018828068,-0.124021975659,-1.38025218638,0.0780606110206,1.90309990892,0.156154457742,-0.00634216239479,-0.0544798956768,-0.000331367134497,-0.0922686340358,-0.000525055039608,0.0315630492828,-0.0139671533494,0.574063140804,0.818796211397,0.00224086461394,0.0,0.818756423323,-0.574002946023,-0.0118018695575,0.0,-0.00837722447853,0.00860990636936,-0.999927843208,0.0,0.658877468408,0.257163137756,0.30351073569,1.0,-0.01078,-0.014168,0.54
0.462824185869,0.531015552855,-0.12402450925,-1.38186030565,0.0779617864194,1.90367178858,0.155957779175,-0.00816590078736,-0.0582775911995,-0.000433634638465,-0.100722278434,-0.00118911766464,0.0383478227526,-0.0124037325777,0.574077898081,0.818785946054,0.00221096834243,0.0,0.818745740464,-0.574017788097,-0.0118210964619,0.0,-0.00840997441052,0.00859661663402,-0.999927682642,0.0,0.65868441741,0.256915791609,0.303502027036,1.0,-0.01112,-0.0146148571429,0.557
0.462699806741,0.530046308922,-0.124026909352,-1.38341071416,0.0778733993416,1.90421600094,0.155755471781,-0.00889370544331,-0.0628369614433,-0.00153593689944,-0.099696894456,-0.00367248446629,0.0467344226093,-0.0123937612894,0.574076164381,0.818787239023,0.00218210995755,0.0,0.818746556506,-0.574016064483,-0.0118482414916,0.0,-0.00844878543342,0.0085885534001,-0.999927424754,0.0,0.658493845681,0.256683813287,0.303494198653,1.0,-0.01144,-0.0150354285714,0.573
0.462560760568,0.529013905119,-0.124025357412,-1.38504874072,0.0777665976366,1.90482645798,0.155529279343,-0.0064959653738,-0.0615713779508,0.000827911931941,-0.0942912513327,-0.00808738058492,0.0429425898536,-0.00488859578791,0.574063882814,0.81879585168,0.00218142629818,0.0,0.818755201248,-0.574003828802,-0.0118436417932,0.0,-0.00844554032449,0.00858522641447,-0.999927480738,0.0,0.658301128808,0.256436443628,0.303494526682,1.0,-0.01178,-0.0154822857143,0.59
0.462431038762,0.52798576633,-0.124026241454,-1.38664677803,0.0776719056493,1.90545076313,0.155316324726,-0.00974998364381,-0.067123588969,0.00183909973268,-0.0980874604025,-0.0068095545279,0.0423883554812,-0.014402512783,0.5740576169,0.818800122025,0.00222700515034,0.0,0.818760074552,-0.573997395289,-0.0118185203467,0.0,-0.00839887245074,0.00860806026025,-0.999927677505,0.0,0.658117469234,0.256201387326,0.30351193742,1.0,-0.0121,-0.0159028571429,0.606
0.462281185707,0.526751428659,-0.124033981237,-1.38852337166,0.0775466386735,1.90616265399,0.155053950367,-0.00621503329962,-0.0730000250053,-0.00106772478817,-0.105266787145,-0.0111237519406,0.0372444439865,-0.0111257529969,0.574038607447,0.818813309205,0.0022778783457,0.0,0.818774062718,-0.573978336025,-0.0117750114653,0.0,-0.0083342437413,0.0086245449409,-0.999928076216,0.0,0.657899362558,0.255919786418,0.303549392845,1.0,-0.01246,-0.016376,0.624
0.462130759544,0.525601079022,-0.124034556397,-1.39033154042,0.0774319371491,1.90682053624,0.154811860633,-0.00827051928728,-0.0714406858493,0.00036912563032,-0.109798989568,-0.00606877783221,0.0370529097468,-0.010136315035,0.574030429252,0.818819050987,0.00227484824509,0.0,0.818779769931,-0.573970175373,-0.011775951606,0.0,-0.0083368389823,0.00862252028823,-0.999928072043,0.0,0.657681643669,0.255647086814,0.30355511442,1.0,-0.0128,-0.0168228571429,0.641
0.461978866946,0.524500533884,-0.124038153815,-1.392067892,0.0773286519707,1.90744024845,0.154554132907,-0.00896036597921,-0.0711497190009,-0.00102111136714,-0.109531673123,-0.00514502118998,0.035671440335,-0.0227464475177,0.574011735799,0.818832191247,0.00226200003014,0.0,0.818792682058,-0.573951470247,-0.0117898477674,0.0,-0.00835578951371,0.00861978601087,-0.999927937439,0.0,0.657471740157,0.255378827334,0.303556503238,1.0,-0.01312,-0.0172434285714,0.657
0.461821871575,0.523317222577,-0.124043572688,-1.39398414089,0.0772010069299,1.90813794481,0.154307286591,-0.00798748714459,-0.0671866797113,-0.000270423661375,-0.113738476777,-0.00366567949072,0.0460214827772,-0.0112305350252,0.574010340602,0.818833275593,0.00222318812281,0.0,0.81879333787,-0.573950303012,-0.0118011200218,0.0,-0.00838731174808,0.00859446201698,-0.999927891512,0.0,0.657239769153,0.255087287868,0.30353699479,1.0,-0.01346,-0.0176902857143,0.674
0.461667655675,0.522080394968,-0.124049277829,-1.39592405468,0.0770950885845,1.9088963189,0.154046223698,-0.0145758905373,-0.0773967596289,-0.0018995839005,-0.114279186292,-0.0130616724052,0.0356333347063,-0.0131750850797,0.574002508016,0.81883862917,0.00227311915552,0.0,0.818799288966,-0.57394222628,-0.0117810093724,0.0,-0.00834226711051,0.00862372330839,-0.999928016397,0.0,0.657013293032,0.254802899129,0.303548801715,1.0,-0.0138,-0.0181371428571,0.691
0.461501911905,0.520830777877,-0.124052477739,-1.39792647965,0.0769710272865,1.90966476576,0.153771472562,-0.00497613830334,-0.0722373707968,0.000498301143131,-0.121528824614,-0.00465859867277,0.0424636251593,-0.0149862902895,0.573989178241,0.818847948755,0.00228188158457,0.0,0.81880876082,-0.573928904465,-0.0117716917106,0.0,-0.00832974818614,0.00862541435004,-0.999928106177,0.0,0.65677711583,0.254502963682,0.303540281651,1.0,-0.01414,-0.018584,0.708
0.461316908312,0.519455720356,-0.124059514073,-1.40009359301,0.0768263107063,1.91044311864,0.153480962252,-0.00996712753306,-0.0773996370121,0.000577891578833,-0.117774370931,-0.00669062484536,0.0454783312881,-0.0106262990283,0.573983865997,0.818851728679,0.00226161800397,0.0,0.818812355797,-0.573923751129,-0.0117728834518,0.0,-0.00834241029481,0.00860945168196,-0.999928138184,0.0,0.656513484826,0.254167688608,0.303542020121,1.0,-0.0145,-0.0190571428571,0.726
0.461171636457,0.518262886377,-0.12406833344,-1.40193385445,0.0767144568062,1.91110388412,0.153232331561,-0.0126190267273,-0.0825212135013,0.000115522313255,-0.124152510388,-0.00696706794237,0.0402089716436,-0.018107763917,0.573972846422,0.818859424499,0.00227186746388,0.0,0.818820169204,-0.573912677734,-0.0117692711254,0.0,-0.00833368549012,0.00861565882746,-0.999928157474,0.0,0.65628663942,0.253891216359,0.303560891174,1.0,-0.0148,-0.0194514285714,0.741
0.460976072406,0.516821536125,-0.124074588005,-1.40418991762,0.0765598735907,1.91192006781,0.152910895788,-0.00960512392713,-0.07972541622,-0.000820313389415,-0.121220213828,-0.00842448036915,0.0548144801511,-0.0226318432306,0.573951680422,0.818874285867,0.00226260645598,0.0,0.818835025916,-0.573891669088,-0.0117600759124,0.0,-0.00833169317988,0.00860258237418,-0.999928286661,0.0,0.656012753694,0.253540868504,0.303569230717,1.0,-0.01516,-0.0199245714286,0.759
0.46078035328,0.515381220801,-0.124078347302,-1.40649760641,0.0764150474019,1.91279835026,0.152610888067,-0.00707917108492,-0.0857094776644,0.00164865761831,-0.128169915377,-0.00313877042058,0.0551177897014,-0.0155281250256,0.573951857598,0.818874152359,0.00226597867243,0.0,0.818834982376,-0.573891881125,-0.0117527578919,0.0,-0.00832376315193,0.00860114542895,-0.999928365066,0.0,0.655737055124,0.253191527641,0.303557178649,1.0,-0.01552,-0.0203977142857,0.777
0.460597152204,0.513992232692,-0.124087620193,-1.40873482124,0.0762866241744,1.91359315864,0.152300220948,-0.0143800028249,-0.0865013194706,-0.000976791842948,-0.137413017514,-0.00962013014234,0.0517711640588,-0.00723891481012,0.573937069078,0.81888463603,0.00222272641788,0.0,0.818844786643,-0.573877139015,-0.0117894700837,0.0,-0.00837880535894,0.0085866471648,-0.999928029966,0.0,0.655456343076,0.252851957834,0.30353519174,1.0,-0.01586,-0.0208445714286,0.794
0.460412576496,0.512670301886,-0.124082747866,-1.4108620417,0.0761630524717,1.91433116697,0.152000183806,-0.0123905493306,-0.0822141394646,0.0019231916308,-0.132398225525,0.000223573200751,0.0447531579301,-0.0219457378266,0.573917089885,0.818898777542,0.00217093965875,0.0,0.818858063773,-0.573857169714,-0.0118392171546,0.0,-0.00844947384533,0.00857258555026,-0.99992755596,0.0,0.6551847174,0.252528933141,0.303512768895,1.0,-0.01618,-0.0212651428571,0.81
0.460207651323,0.511242942895,-0.124092979877,-1.41315748351,0.0760237633686,1.91520262136,0.151673865012,-0.00998287528459,-0.0915297526179,8.42586495524e-05,-0.137354945809,-0.00441477098332,0.0583153300647,-0.0176258516138,0.57390767417,0.818905380106,0.00216953088791,0.0,0.818864672269,-0.573847785338,-0.0118370043676,0.0,-0.0084485687268,0.00857006484553,-0.999927585216,0.0,0.65491105291,0.252171689651,0.30349576108,1.0,-0.01652,-0.021712,0.827
0.460001453608,0.509769264209,-0.124097247126,-1.41550022889,0.0758700507044,1.91607958579,0.151345541227,-0.0131370501518,-0.0925455380683,0.00237326433568,-0.137173628746,-0.00964506984716,0.0531660083372,-0.0211733445218,0.573891344974,0.818916827871,0.00216797042796,0.0,0.818876180807,-0.573831546549,-0.0118280848828,0.0,-0.00844233046947,0.00856349975991,-0.99992769415,0.0,0.654627237587,0.251810249725,0.30348843773,1.0,-0.01686,-0.0221588571429,0.844
0.459817493831,0.508358797326,-0.12410922857,-1.4177271597,0.0757388710247,1.91686649646,0.151034793962,-0.00782416657774,-0.0868282968534,-0.00126627217532,-0.142051641122,-0.00877645818131,0.0451410129996,-0.0208452819748,0.573876229629,0.818927484027,0.00214379879777,0.0,0.818886437111,-0.573816442283,-0.0118507629586,0.0,-0.00847493166311,0.00855656366468,-0.999927477746,0.0,0.65434543677,0.251469401484,0.303483970664,1.0,-0.01718,-0.0225794285714,0.86
0.459586726129,0.506753153198,-0.124113491437,-1.42027935037,0.075576154016,1.91779591748,0.150682110478,-0.00917278785419,-0.0844052234247,-0.0015032610588,-0.146032063946,-0.0055849876962,0.0579847942879,-0.0122397670005,0.573867567928,0.818933604826,0.00212420989708,0.0,0.818892307356,-0.573807864165,-0.011860475407,0.0,-0.00849421707589,0.00854600585728,-0.999927404395,0.0,0.654030186717,0.251071066323,0.303472813869,1.0,-0.01754,-0.0230525714286,0.878
0.459404185622,0.505417122889,-0.124110686881,-1.4223071655,0.0754406334335,1.91855928148,0.150400492872,-0.0146459075381,-0.0962107195944,0.00122052796368,-0.145036038548,-0.0093724507801,0.0488610544041,-0.0226244733606,0.573852384354,0.818944098804,0.00217965733612,0.0,0.818903595577,-0.573792536537,-0.0118225659995,0.0,-0.0084315118791,0.00856950190715,-0.999927734011,0.0,0.653784208004,0.25076025035,0.30350751904,1.0,-0.01782,-0.0234205714286,0.892
0.459186048149,0.50377346869,-0.124119882397,-1.42478230108,0.0752806681405,1.91951387259,0.150050814869,-0.0100289868146,-0.0978431383257,-0.000789782152794,-0.149187575003,-0.00893143934903,0.0548202642862,-0.0211511111968,0.573835452377,0.818955697616,0.00227724365655,0.0,0.818916593676,-0.573775364583,-0.0117554455526,0.0,-0.00832072300373,0.00861072981799,-0.99992830788,0.0,0.65348929399,0.250379177197,0.303560708249,1.0,-0.01816,-0.0238674285714,0.909
0.458920958918,0.501898702943,-0.124122362757,-1.4275734256,0.0751089269961,1.92054257035,0.149664943639,-0.0106214820787,-0.100794026273,-0.000675735962357,-0.149858987683,-0.00882798741984,0.0532264122482,-0.0269013288715,0.573834816754,0.818955867958,0.00237409329628,0.0,0.818917993268,-0.573774337761,-0.011707968697,0.0,-0.00822627423871,0.00866279457547,-0.999928639655,0.0,0.65314898468,0.249940185353,0.303630369073,1.0,-0.01854,-0.0243668571429,0.928
0.458699659427,0.500277484751,-0.124122490821,-1.43001179587,0.074950500321,1.92140381197,0.149314992911,-0.0127257483644,-0.104452231213,-0.00119001808542,-0.149863398749,-0.0115218325008,0.05667367638,-0.0241472401525,0.573810771227,0.818972610894,0.00241004785264,0.0,0.818935182816,-0.57375014245,-0.0116913338216,0.0,-0.0081922746126,0.00868245341977,-0.999928748281,0.0,0.652840050203,0.249560668858,0.30367566838,1.0,-0.01886,-0.0247874285714,0.944
0.458448064197,0.49860015058,-0.124117351158,-1.43263487547,0.0747909256427,1.92236577017,0.148951564756,-0.0141560558966,-0.0944557992238,0.00166258121985,-0.152102031163,-0.0141598806064,0.0619239929207,-0.0159084063602,0.573805853405,0.818976009685,0.00242591405334,0.0,0.818938688875,-0.573745062822,-0.0116950268103,0.0,-0.00818624778999,0.00869751716782,-0.999928666727,0.0,0.652513512844,0.249149981142,0.303680280308,1.0,-0.0192,-0.0252342857143,0.961
0.458220686682,0.49711225304,-0.124123623483,-1.43497483875,0.074648730856,1.92322873885,0.148609565365,-0.0154816880418,-0.103200676205,0.00151234866495,-0.159481058576,-0.0132166293214,0.05758371813,-0.0238170220154,0.573796773289,0.818982346114,0.00243446459401,0.0,0.818945097919,-0.573735911962,-0.0116951622948,0.0,-0.00818154921055,0.00870450682188,-0.999928644361,0.0,0.652225115843,0.248775687174,0.303678775375,1.0,-0.0195,-0.0256285714286,0.976
0.457937475864,0.495350834521,-0.124123462816,-1.43782883217,0.074468509196,1.92421436693,0.148187673342,-0.0157111163311,-0.0995863732808,0.000997082262569,-0.156339748293,-0.0093748779356,0.0446975783984,-0.0247464749587,0.573778176767,0.818995643024,0.0023425360017,0.0,0.818957068335,-0.573717517734,-0.0117591228475,0.0,-0.00828687598587,0.00866573132645,-0.99992811381,0.0,0.65185732386,0.248313870727,0.303633143921,1.0,-0.01986,-0.0261017142857,0.994
0.457659617557,0.493670365379,-0.124127373196,-1.44059650206,0.0742906121984,1.92520630305,0.147792874854,-0.0210863778044,-0.101484657482,0.00124070075154,-0.167016253097,-0.00894669135188,0.0590875437442,-0.0182042632134,0.573776252386,0.81899723564,0.00225546291351,0.0,0.818957490502,-0.573715885742,-0.0118092379086,0.0,-0.00837789959946,0.00862315454072,-0.99992772339,0.0,0.651507659453,0.247863233096,0.303572281944,1.0,-0.0211,-0.0277314285714,1.011
0.457393167376,0.491909637715,-0.124133326377,-1.44338851301,0.0741168720056,1.92625276677,0.147398140281,-0.0179401834928,-0.106436603651,9.82607674041e-05,-0.178237284953,-0.011093197892,0.0619668367522,-0.0294609746342,0.573768564215,0.81900259655,0.00226461139824,0.0,0.818962967161,-0.573708159869,-0.0118047710509,0.0,-0.00836907323487,0.00862800552278,-0.999927755457,0.0,0.651161171792,0.247421403621,0.303559706508,1.0,-0.022892,-0.0300866285714,1.027
0.457078222422,0.489915146689,-0.124142619895,-1.44661698866,0.0739203392392,1.92737603258,0.146947045807,-0.022793401667,-0.119987801103,0.000790589982146,-0.190973616388,-0.0116942702812,0.0694025241349,-0.0205697468843,0.573771455065,0.819000824569,0.00217108490449,0.0,0.818959807776,-0.57371124327,-0.0118738997172,0.0,-0.0084793210926,0.00859110139938,-0.999927144391,0.0,0.65074233387,0.246899270058,0.303508078201,1.0,-0.024796,-0.0325890285714,1.044
0.456729695009,0.487697737767,-0.124175854157,-1.45007828305,0.0737083707518,1.92865504066,0.146440911257,-0.0220813728957,-0.141078568762,-0.00265353790968,-0.207120747515,-0.010392300273,0.0798859747197,-0.0273522113021,0.573780999857,0.8189940749,0.00219462606813,0.0,0.818953419347,-0.57372074894,-0.0118552130596,0.0,-0.00845040943759,0.00859975809751,-0.999927314729,0.0,0.65031627766,0.246324728642,0.303513684987,1.0,-0.0267,-0.0350914285714,1.061
0.456361888507,0.485463795561,-0.124187407471,-1.45349385254,0.0734984557724,1.92997717058,0.145936272021,-0.0236331060146,-0.139414414302,-0.000174824826005,-0.221555044318,-0.0148983143746,0.0863475498361,-0.0298317261822,0.573789635733,0.818987705127,0.00231077406271,0.0,0.818948621347,-0.573728995183,-0.011787390763,0.0,-0.00832813037161,0.0086560545409,-0.99992785488,0.0,0.649908174214,0.245759366368,0.303554360545,1.0,-0.028492,-0.0374466285714,1.077
0.455944110168,0.482940547699,-0.124220644938,-1.45739386957,0.073255206612,1.9313194862,0.145343544031,-0.0263711952307,-0.15641998047,-0.00266572822992,-0.235664598991,-0.00954882059043,0.0784301673631,-0.0323142758407,0.573795564194,0.818983640824,0.00227891994878,0.0,0.818944071165,-0.573734970857,-0.0118126381479,0.0,-0.00836702241879,0.00864451378506,-0.99992763004,0.0,0.649409492944,0.24509192107,0.303566416006,1.0,-0.030396,-0.0399490285714,1.094
0.455503392031,0.480248645325,-0.124250460477,-1.46159232422,0.0729987937877,1.93281446823,0.144713094234,-0.0258567212387,-0.164980529506,0.00189163442501,-0.250775931115,-0.0187939724645,0.0857155050658,-0.0381560390587,0.573797276461,0.818982471823,0.00226787882656,0.0,0.818942670049,-0.573736634365,-0.0118289670449,0.0,-0.00838671297467,0.00864485825559,-0.999927462105,0.0,0.648875156021,0.244386971415,0.303565041741,1.0,-0.0323,-0.0424514285714,1.111
0.455053815525,0.477542343549,-0.124273692495,-1.46566938141,0.0727520850727,1.93432395688,0.144118674371,-0.0317246754612,-0.16563431649,-0.00330141194129,-0.258122271947,-0.0138507624529,0.0953279477413,-0.0404202727411,0.573826739961,0.818961490338,0.00238678674277,0.0,0.818923210533,-0.573765614563,-0.0117703736619,0.0,-0.0082701858204,0.00870891788244,-0.999927876787,0.0,0.648371160276,0.24369746472,0.303630538369,1.0,-0.034092,-0.0448066285714,1.127
0.454513027318,0.474381080689,-0.124294264228,-1.47053016586,0.0724432796036,1.93610743138,0.143426824339,-0.0313587511435,-0.180036513916,-0.00129246120115,-0.276559172684,-0.0165488013446,0.100079245679,-0.0425090605834,0.57386852046,0.818932021554,0.00245197882802,0.0,0.818894611025,-0.573807171134,-0.011734278456,0.0,-0.00820277127123,0.00874201357568,-0.999928143289,0.0,0.647761769398,0.242872833346,0.303659779059,1.0,-0.036108,-0.0474562285714,1.145
0.454015499421,0.471466921995,-0.124298950903,-1.47510878238,0.0721567901943,1.93768628136,0.142737227343,-0.0307952835059,-0.18235109906,-0.000307178024422,-0.288314866599,-0.0161447350016,0.104357477858,-0.0489284915224,0.573855608979,0.818941272093,0.00238323474841,0.0,0.818902707014,-0.57379424178,-0.0118013324141,0.0,-0.00829727155232,0.00872406615148,-0.999927520351,0.0,0.647155577179,0.242106269355,0.303632222268,1.0,-0.0379,-0.0498114285714,1.161
0.453476863202,0.468157503475,-0.124300339097,-1.48006439033,0.0718448103559,1.93958750443,0.141946400354,-0.0323720513402,-0.197622384385,0.00175793510394,-0.295045697512,-0.0187436554086,0.109707038359,-0.0501888924057,0.573801262403,0.818978694497,0.00259925486007,0.0,0.818942982948,-0.573739159625,-0.011683933176,0.0,-0.00807775356176,0.00883306719865,-0.999928360845,0.0,0.646537302118,0.241293443924,0.303723469217,1.0,-0.039804,-0.0523138285714,1.178
0.452893675701,0.464712101298,-0.124300304945,-1.48534123881,0.0714927228581,1.94143026176,0.141143602394,-0.0345530332411,-0.202082673175,0.00596057201772,-0.319562388463,-0.0170015207127,0.108367596272,-0.0404413543594,0.573773339381,0.818998241367,0.00260433388691,0.0,0.818962503395,-0.573711121106,-0.011692495566,0.0,-0.00808215359828,0.00884186425961,-0.999928247541,0.0,0.645838641373,0.240407445537,0.303748027803,1.0,-0.041708,-0.0548162285714,1.195
0.452270969875,0.46116377726,-0.124309809213,-1.49090406944,0.0711171844322,1.94336077654,0.140309706679,-0.034509647887,-0.204024295227,-0.00119459709121,-0.334279663658,-0.0171568448101,0.11122441476,-0.0509176074808,0.573764017957,0.819005027615,0.00252256613877,0.0,0.818968153028,-0.57370201461,-0.0117434943525,0.0,-0.00817093695651,0.00880406534163,-0.999927859509,0.0,0.645096349156,0.239461038419,0.303712718423,1.0,-0.043612,-0.0573186285714,1.212
0.451619975786,0.457503178345,-0.124311001526,-1.49659661,0.0707300780558,1.94538294079,0.139441381384,-0.0355120143733,-0.212970863029,0.000180001417122,-0.337419066405,-0.0192157871451,0.118099310141,-0.0534175134298,0.573744148364,0.819019007363,0.00250293799141,0.0,0.818981859972,-0.573682200481,-0.0117555429351,0.0,-0.0081922798579,0.00879470410674,-0.999927767256,0.0,0.644342745746,0.238492612574,0.30369753889,1.0,-0.045516,-0.0598210285714,1.229
0.450906296227,0.453712459261,-0.124340001936,-1.50258924204,0.0703257359224,1.94746140716,0.138511872971,-0.0446630985923,-0.22608730181,-0.00209703649204,-0.349138122809,-0.0231394987991,0.116957523378,-0.0598694439124,0.57375232344,0.819013635915,0.00238378564764,0.0,0.818974896694,-0.573690776608,-0.0118219423559,0.0,-0.00831493624133,0.00873529568031,-0.999927275578,0.0,0.643544074559,0.237436055326,0.303631696302,1.0,-0.04742,-0.0623234285714,1.246
0.450182031526,0.449646131084,-0.124401670004,-1.50865541356,0.0699226144439,1.94974063304,0.137558559783,-0.0427961973471,-0.242700478715,-0.000504705637339,-0.363887814448,-0.0181754187275,0.132886378353,-0.0534268001066,0.573775553659,0.818996702729,0.00260035469229,0.0,0.818961148327,-0.573713606541,-0.0116654233337,0.0,-0.00806223960051,0.0088230940687,-0.999928574101,0.0,0.642777461952,0.236362541844,0.303733945833,1.0,-0.049324,-0.0648258285714,1.263
0.449406699978,0.445481488363,-0.124431936012,-1.51503724757,0.0694927321312,1.95183111079,0.136617505735,-0.0435293287578,-0.246402673631,-0.00567147845989,-0.380041156553,-0.0211398818701,0.124588787077,-0.0537741855686,0.573829654742,0.81895914582,0.00248831619238,0.0,0.818921906466,-0.573767855052,-0.0117518730518,0.0,-0.00819674588462,0.00878147896671,-0.999927846889,0.0,0.64189492147,0.235224363429,0.303732411647,1.0,-0.051228,-0.0673282285714,1.28
0.448659657193,0.44148043552,-0.124440495396,-1.52121831431,0.0690507948688,1.95399033815,0.135644388219,-0.0476751569021,-0.249859872546,0.000342940993927,-0.389659694719,-0.0262240437743,0.140094334444,-0.0589585505517,0.573803078532,0.818977881757,0.00245013502015,0.0,0.818940235734,-0.573741518956,-0.0117603836161,0.0,-0.00822590824872,0.0087548270322,-0.999927841115,0.0,0.641055176214,0.234142304917,0.303715913241,1.0,-0.05302,-0.0696834285714,1.296
0.447820623103,0.437152612298,-0.124441244182,-1.52794534685,0.0686184698806,1.95637151222,0.134539444131,-0.0530447226655,-0.258460415734,0.000286202715011,-0.397731321061,-0.0225445199754,0.140462014351,-0.0640741960828,0.573763576371,0.819005586196,0.00244030963644,0.0,0.818967489742,-0.573701715677,-0.0118041973731,0.0,-0.00826785294575,0.00877152163713,-0.999927348869,0.0,0.640140874807,0.232963770451,0.303678132779,1.0,-0.054924,-0.0721858285714,1.313
0.446980586993,0.432847167258,-0.124475629399,-1.5343234055,0.0681679715961,1.95872917153,0.133502011777,-0.0511150664507,-0.269316606659,-0.0015759005549,-0.409615284519,-0.031297724314,0.142975116615,-0.0672745690085,0.57378021728,0.81899325162,0.00265762324979,0.0,0.818958368525,-0.573717990774,-0.0116449381769,0.0,-0.00801255377782,0.00885828850768,-0.999928662309,0.0,0.639311561774,0.231802129344,0.303784561753,1.0,-0.056716,-0.0745410285714,1.329
0.44605163467,0.428239500936,-0.124509827401,-1.54149591081,0.0676312201618,1.96110237272,0.132383618387,-0.0585127866247,-0.277008592301,-0.000196181219124,-0.424486228058,-0.0388837501582,0.142921508551,-0.0633471655172,0.573807734321,0.818974586115,0.00246134765604,0.0,0.818937282594,-0.573746342561,-0.0117306639482,0.0,-0.00819508421717,0.00874700347008,-0.999928162682,0.0,0.638304814685,0.230485295423,0.303716438845,1.0,-0.05862,-0.0770434285714,1.346
0.445094071977,0.423429576115,-0.124570050375,-1.54882517592,0.0670995106796,1.96355210695,0.13115079219,-0.0560337555858,-0.28666709924,-0.00241827668388,-0.425446084611,-0.0258166671998,0.144227037962,-0.0699440275619,0.573788858804,0.818988065025,0.00237523912041,0.0,0.818949778651,-0.57372793244,-0.0117586770946,0.0,-0.00826763434891,0.00869236681804,-0.999928041902,0.0,0.637280546735,0.229127023935,0.30371290286,1.0,-0.060524,-0.0795458285714,1.363
0.443963992668,0.41792434711,-0.124599287452,-1.55712856661,0.0665291186984,1.96647558084,0.12983577725,-0.0633876952177,-0.29713827737,-0.00036862681762,-0.437090027589,-0.0320490887142,0.166208529219,-0.0660699202393,0.573848354455,0.818946098504,0.00246996661028,0.0,0.818909020709,-0.573787047696,-0.0117126683379,0.0,-0.00817496658259,0.00874414174179,-0.999928352387,0.0,0.636140097136,0.227600068963,0.303751634257,1.0,-0.062652,-0.0823426285714,1.382
0.442970253521,0.413179931548,-0.124615252283,-1.56422548152,0.0660443267086,1.96906397038,0.128614981013,-0.0637280613187,-0.297811084528,-0.0010478596998,-0.453021524821,-0.0403010777113,0.152772394306,-0.0825935990991,0.573833092123,0.818956193612,0.002661246086,0.0,0.818921659372,-0.573771180594,-0.0116058188916,0.0,-0.00797786455321,0.00883932518633,-0.999929107491,0.0,0.635178779667,0.226291447362,0.303812670078,1.0,-0.064444,-0.0846978285714,1.398
