position_joint1,position_joint2,position_joint3,position_joint4,position_joint5,position_joint6,position_joint7,velocity_joint1,velocity_joint2,velocity_joint3,velocity_joint4,velocity_joint5,velocity_joint6,velocity_joint7,ee_T_00,ee_T_10,ee_T_20,ee_T_30,ee_T_01,ee_T_11,ee_T_21,ee_T_31,ee_T_02,ee_T_12,ee_T_22,ee_T_32,ee_T_03,ee_T_13,ee_T_23,ee_T_33,v_x,v_y,time
0.46508862145,0.547603925236,-0.123990653665,-1.35575064193,0.0794154769491,1.89408685176,0.159155391113,-0.000315821831869,0.00112023074766,0.000304631720249,-0.00208113134978,0.00018115150294,0.000372802665312,-0.00176482778396,0.573764591606,0.819005793067,0.00210979694023,0.0,0.818965566975,-0.573706224192,-0.0117181625941,0.0,-0.00838700088806,0.00845148053974,-0.999929112834,0.0,0.661699278696,0.260896644562,0.303377879381,1.0,0.0,0.0,0.0
0.465085325522,0.547606470878,-0.123993759714,-1.35575063552,0.0794158316372,1.89408837182,0.15916133018,-0.00051270673777,-0.00273230576065,-0.000893927416055,-0.00105122246144,0.00010447351884,0.000567457569427,-0.000553381018962,0.573774433914,0.818998902065,0.00210815175158,0.0,0.818958669684,-0.573716086779,-0.0117173384867,0.0,-0.00838716826145,0.00844976109524,-0.999929125961,0.0,0.661701069404,0.26089279408,0.303376314622,1.0,-0.00016,-0.000210285714286,0.009
0.465082256887,0.547595022508,-0.123986161139,-1.35575397075,0.0794158316372,1.89408603747,0.159158603417,-0.000103765910089,-0.00218056392492,0.00105303496003,-0.00350172478377,0.000328946665834,0.00193832452759,-0.000927732046093,0.573769549505,0.819002305014,0.00211550080928,0.0,0.818962123583,-0.573711130071,-0.0117186292388,0.0,-0.00838405941736,0.00845647046764,-0.999929095314,0.0,0.661699197415,0.260894757658,0.303382382927,1.0,-0.0005,-0.000657142857143,0.026
0.465079055066,0.54757238565,-0.123988526542,-1.35576798235,0.0794167621551,1.89408912615,0.159164382116,9.98679447765e-05,-0.00267391338623,0.00022069418991,-0.00170673536403,-3.72773018317e-06,-0.000477489956408,0.000843314048946,0.573779548251,0.818995272244,0.0021262529677,0.0,0.81895522446,-0.573721080614,-0.0117136198814,0.0,-0.00837368437284,0.00846250442981,-0.999929131203,0.0,0.661698526422,0.26089026643,0.303392098267,1.0,-0.00084,-0.001104,0.043
0.465081804135,0.547486998224,-0.123991336848,-1.35584924464,0.0794160498432,1.89410514786,0.159158887258,0.00105851814494,-0.00408069844484,-0.00146314939026,-0.0089696004134,-0.000426069871486,0.00553309686151,-0.000665768783288,0.573778964399,0.818995628567,0.00214646290838,0.0,0.818955801585,-0.573720378022,-0.011707680948,0.0,-0.00835723090842,0.00847564248393,-0.999929157579,0.0,0.661685317512,0.260882909243,0.303415390474,1.0,-0.00114,-0.00149828571429,0.058
0.465074719584,0.547343346486,-0.123989099829,-1.3560372935,0.0794098401884,1.89414124348,0.15915561957,-0.00227404702962,-0.00955626978684,0.000229293952241,-0.0131466149276,-0.000756979049728,0.00389359839831,-7.73513789146e-06,0.573789142267,0.818988503142,0.0021444903175,0.0,0.818948551821,-0.573730462051,-0.011720635082,0.0,-0.00836886708757,0.00848156368682,-0.999929010051,0.0,0.661654880474,0.260860522728,0.30343068998,1.0,-0.0015,-0.00197142857143,0.076
0.465058859977,0.547190576306,-0.123989377075,-1.3562429107,0.0794052614813,1.89422432537,0.159150873677,-0.00227144497394,-0.00973844331374,0.000403577009534,-0.0146463811696,-0.000286939020687,0.00604059964056,0.000755785533453,0.573808744688,0.818974690217,0.00217444357708,0.0,0.818935069048,-0.573749888809,-0.0117117323952,0.0,-0.00834418630111,0.0085011862389,-0.999929049677,0.0,0.661632799657,0.260832372743,0.303448251051,1.0,-0.00184,-0.00241828571429,0.093
0.465033995416,0.547000190429,-0.123984290784,-1.35645126118,0.0794003696139,1.89434345169,0.159138807225,-0.00173176304934,-0.00857265376724,0.000121933397657,-0.0123443682772,0.000500315392648,0.00647864170884,-0.0024899758681,0.573826208457,0.818962206711,0.00226569353954,0.0,0.818923731182,-0.573766970736,-0.0116675918848,0.0,-0.00825549562202,0.00855076484889,-0.999929363111,0.0,0.661619403682,0.2608039463,0.303494105021,1.0,-0.00218,-0.00286514285714,0.11
0.465008474951,0.546792499996,-0.123984288185,-1.35669791383,0.0793945030897,1.89447143227,0.159129038062,-0.00348225981779,-0.0119877646111,0.000535538085409,-0.0141761912418,5.34568932092e-05,0.0116712421567,-0.000271306010196,0.573851498162,0.818944260171,0.002345994585,0.0,0.818906795437,-0.573791933943,-0.0116285781534,0.0,-0.0081772019992,0.00859439337123,-0.999929632409,0.0,0.66160082807,0.260768264601,0.30353491173,1.0,-0.00252,-0.003312,0.127
0.464980735455,0.546565831155,-0.123986998232,-1.35701761571,0.0793818936824,1.89459300461,0.159104143199,-0.00255491893862,-0.0180657672589,-0.00134432036173,-0.0209118948498,-0.000414039215378,0.00413746343831,-0.00510983626186,0.57387024413,0.818931045031,0.00237345483092,0.0,0.818893895701,-0.573810536798,-0.0116190509025,0.0,-0.00815344508636,0.00861160105075,-0.999929678358,0.0,0.661566283404,0.260719586252,0.303553895168,1.0,-0.00284,-0.00373257142857,0.143
0.464939921162,0.546298535923,-0.123988445129,-1.35741623904,0.079359655904,1.89473885231,0.159027984896,-0.00327129832926,-0.0197057059714,-0.000263303133934,-0.0321528415168,-0.00126880960955,0.0112007546169,-0.0111102664461,0.573858677566,0.818939110984,0.00238696125645,0.0,0.818902121747,-0.573798907846,-0.0116135805647,0.0,-0.0081413363269,0.00861940757238,-0.999929709758,0.0,0.661523182471,0.260654242453,0.303566118273,1.0,-0.00318,-0.00417942857143,0.16
0.464903788934,0.54601334405,-0.123986740702,-1.35787133564,0.079317602064,1.89490021086,0.158930583054,-0.00379049703157,-0.0204599130228,0.00279494934125,-0.0312086155491,-0.00223031330509,0.016651155034,-0.00140046143794,0.573821567865,0.818965156131,0.00237238240694,0.0,0.818928079688,-0.57376196196,-0.0116085403045,0.0,-0.00814596407368,0.00860420702462,-0.999929802982,0.0,0.66146982358,0.260585194732,0.303565322016,1.0,-0.00352,-0.00462628571429,0.177
0.464853329839,0.545703389513,-0.123988871604,-1.35837953495,0.0792581989517,1.89507739926,0.158906056809,-0.00221145213025,-0.0197165397371,0.000666985821948,-0.0279398857453,-0.00122691736437,0.015786369404,5.96764101835e-05,0.573856888736,0.818940507596,0.00233734234885,0.0,0.818903222695,-0.573797661523,-0.0115975166335,0.0,-0.00815667162595,0.00856953698452,-0.999930013423,0.0,0.661413630018,0.260496738248,0.303558232764,1.0,-0.00386,-0.00507314285714,0.194
0.464790118749,0.545353055253,-0.123992359386,-1.35901618555,0.0792483380412,1.89527830118,0.158817919197,-0.0043217733606,-0.0167702950564,-0.00024967746642,-0.0346559400934,0.000149171530944,0.0119046827615,-0.01173875627,0.573871741673,0.818930263716,0.00227907441306,0.0,0.818891942125,-0.573812428933,-0.0116632082519,0.0,-0.00824375170256,0.00855966610544,-0.999929383844,0.0,0.661334531735,0.260393976803,0.30352076179,1.0,-0.00422,-0.00554628571429,0.212
0.464739730034,0.545003424806,-0.123990644692,-1.3596136572,0.0792272889452,1.89546910534,0.158750339786,-0.00989907605884,-0.0215727040108,0.000925501081146,-0.0396699141022,0.000336689798654,0.0137186119913,-0.00190821858133,0.573884086387,0.81892172311,0.00223913170009,0.0,0.818882699282,-0.573824729778,-0.011706887465,0.0,-0.00830231515764,0.00855214728325,-0.999928963647,0.0,0.661258426609,0.26030485781,0.303500346742,1.0,-0.00452,-0.00594057142857,0.227
0.464677828262,0.544590522414,-0.123998062439,-1.36032219545,0.0791964910036,1.89572314687,0.158650135498,-0.00344836876192,-0.0246034514463,-0.000600084376254,-0.0447436572899,-6.46934296361e-06,0.0156440020998,-0.010638978763,0.573889278434,0.818918170657,0.00220743469576,0.0,0.818878647307,-0.573829950229,-0.0117343984057,0.0,-0.00834298056276,0.00854203103214,-0.99992871165,0.0,0.661176642314,0.260193203775,0.303477599397,1.0,-0.00486,-0.00638742857143,0.244
0.464601256859,0.544149920371,-0.123998759324,-1.3610628366,0.0791502539673,1.89597826535,0.158561947164,-0.00748282634265,-0.0263686760326,0.000354802500511,-0.0458997045683,-0.00140695752397,0.0215099598821,-0.00673244278632,0.573909179157,0.818904330581,0.00216756471407,0.0,0.818864275321,-0.5738499864,-0.011757491745,0.0,-0.00838456535396,0.00852283783619,-0.999928527595,0.0,0.661091464592,0.260069875001,0.303458979019,1.0,-0.0052,-0.00683428571429,0.261
0.464531259836,0.543584446892,-0.123999548414,-1.36197580312,0.0790983944379,1.89629702692,0.158452350211,-0.00173440600059,-0.0363583623781,-0.0023825474552,-0.0534886212149,-0.00536963367696,0.0145767959773,-0.00419879919403,0.573914257482,0.818900832429,0.0021444363654,0.0,0.81886041808,-0.573855093993,-0.0117768289814,0.0,-0.00841362131252,0.00851504806016,-0.9999283499,0.0,0.66098113346,0.259935442392,0.303452163201,1.0,-0.00558,-0.00733371428571,0.28
0.464465717429,0.543162386579,-0.123999445088,-1.36265617019,0.0790552608972,1.89653972162,0.158360556213,-0.0031155415302,-0.0277051434073,0.000953177627625,-0.047115418969,-0.00276135053542,0.0214382010292,-0.00849062896271,0.573919026254,0.818897528581,0.00212976280055,0.0,0.818856922753,-0.573859918448,-0.0117847765779,0.0,-0.00842850118223,0.00850764230973,-0.999928287624,0.0,0.660903430372,0.259826454658,0.303447917086,1.0,-0.00586,-0.00770171428571,0.294
0.464386772164,0.542570867391,-0.124013019917,-1.36360282124,0.0789981027408,1.896865109,0.15823777904,-0.00116618435793,-0.0337784945971,0.00101283042206,-0.053801957651,-0.00309543237269,0.0173022862994,-0.00852414044859,0.573917575699,0.818898618269,0.00210147621343,0.0,0.818857642825,-0.573858576849,-0.0118000620676,0.0,-0.00845726720214,0.00849323639465,-0.999928167204,0.0,0.660782578253,0.259673187444,0.303443775384,1.0,-0.00624,-0.00820114285714,0.313
0.46431012818,0.541980223957,-0.124005915557,-1.36452938682,0.078948189573,1.89721352757,0.158111844398,-0.00405467943849,-0.0305828306472,0.000320456512725,-0.0565124336757,-0.00155148058248,0.0223348247055,-0.00569321910509,0.573922767137,0.818894941452,0.00211639471128,0.0,0.818854095437,-0.573863644191,-0.0117997950076,0.0,-0.00844843311883,0.0085053532337,-0.99992813889,0.0,0.660685159424,0.259541464846,0.303450984775,1.0,-0.00656,-0.00862171428571,0.329
0.464234198025,0.541354050166,-0.124016894087,-1.36549059592,0.0788882452014,1.89757442895,0.157984225888,-0.00337583611886,-0.0378539351799,1.11310066399e-05,-0.0552212135234,-0.00159452632083,0.0211821491162,-0.00540894676507,0.573925495397,0.818892982622,0.00213439607249,0.0,0.818852439712,-0.573866371484,-0.0117820439007,0.0,-0.00842353712098,0.00850993465638,-0.999928309948,0.0,0.66057747989,0.25939385823,0.303467827743,1.0,-0.0069,-0.00906857142857,0.346
0.464143890304,0.540717790138,-0.124009205163,-1.36645504678,0.0788223394123,1.89792999635,0.157871867664,-0.00854811245313,-0.0392933484606,0.00063947576186,-0.0602158920724,-0.00752348687591,0.0189983008172,-0.00567878155859,0.573937857779,0.818884263237,0.00215539599412,0.0,0.818844014737,-0.573878672714,-0.0117684083595,0.0,-0.00840019034634,0.00851943221794,-0.999928425477,0.0,0.660467874286,0.259246007533,0.30348907922,1.0,-0.00722,-0.00948914285714,0.362
0.464065795062,0.540046871429,-0.124020103431,-1.36746506918,0.0787782821551,1.89829600858,0.157729327326,-0.00396941891099,-0.0439048546895,-0.000987998714832,-0.064227423141,-0.00044405730273,0.0185973127488,-0.0136762490208,0.573936800858,0.818884923587,0.00218573630789,0.0,0.818844952237,-0.573877379961,-0.0117662171614,0.0,-0.00838099457562,0.00854300865787,-0.999928385402,0.0,0.660350444322,0.259094739584,0.303514599659,1.0,-0.00754,-0.00990971428571,0.378
0.463968217896,0.539356841353,-0.124025452482,-1.36855703688,0.0787149651885,1.89871588124,0.157605513983,-0.00260102567094,-0.0473322924836,-0.00233514428309,-0.0720625878695,-0.00517947728523,0.0256017151741,-0.00261307301931,0.573962667613,0.818866756491,0.00219959124166,0.0,0.818826979015,-0.573903204551,-0.011757429326,0.0,-0.00836557661786,0.00854957475752,-0.999928458391,0.0,0.660229985114,0.258924893997,0.303518988465,1.0,-0.00786,-0.0103302857143,0.394
0.463865236742,0.538602482043,-0.124022985527,-1.36971516068,0.0786507111299,1.89915960384,0.157458994953,-0.00241680595865,-0.048014379747,-0.000286863127707,-0.0693831742922,-0.00515530085447,0.0285465781517,-0.00648782762906,0.573972152284,0.818860008149,0.00223659519262,0.0,0.818820658357,-0.573912492788,-0.0117442313752,0.0,-0.00833343192162,0.00857239715265,-0.999928531406,0.0,0.660100118773,0.258750484882,0.303539032409,1.0,-0.0082,-0.0107771428571,0.411
0.463756946394,0.537825216989,-0.124026917469,-1.37093705179,0.078570955685,1.89962820988,0.157302629975,-0.007186206334,-0.0456443869615,0.000209782886163,-0.0772755484229,-0.00261922901757,0.0210776037374,-0.0122144756069,0.573981717798,0.818853262511,0.00225144612441,0.0,0.818814185718,-0.573922083609,-0.0117268117737,0.0,-0.00831054343262,0.00857465667993,-0.999928702524,0.0,0.659964511889,0.25856078705,0.303547122,1.0,-0.00854,-0.011224,0.428
0.463658204488,0.53702077439,-0.124035808811,-1.37220465381,0.0785041128234,1.90009673349,0.157147037853,-0.004012679738,-0.0482658088186,-0.000463448397852,-0.07052520496,-0.0051144074717,0.0243491816276,-0.0107301527097,0.573993363309,0.818845080005,0.00225847968451,0.0,0.818806037302,-0.573933642144,-0.0117300722765,0.0,-0.00830905447576,0.00858240567658,-0.999928648418,0.0,0.659816690962,0.258371536363,0.303552686749,1.0,-0.00888,-0.0116708571429,0.445
0.463537970421,0.536228947354,-0.124033300975,-1.37345169718,0.0784231464892,1.90057801424,0.156997939294,-0.0110343277585,-0.0487444109209,0.00019998847657,-0.0819162400016,-0.00834739994782,0.0301852269394,-0.00958266853581,0.574014996754,0.818829864924,0.0022765568477,0.0,0.818791107582,-0.57395525761,-0.0117145766966,0.0,-0.00828576300877,0.00858853256316,-0.999928789084,0.0,0.65967930412,0.258175593871,0.303559697647,1.0,-0.0092,-0.0120914285714,0.461
0.463426714161,0.535351071625,-0.124042193851,-1.37481804593,0.0783403063656,1.90107012806,0.156826388575,-0.00778366724707,-0.051114173539,-0.000296910527874,-0.0846397888207,-0.0012883882756,0.0315743957672,-0.013135434226,0.574024611292,0.818823122343,0.0022774654732,0.0,0.818784389042,-0.573964880271,-0.0117127015834,0.0,-0.00828360516898,0.00858829750094,-0.999928808982,0.0,0.65951874607,0.257966378389,0.30357180934,1.0,-0.00954,-0.0125382857143,0.478
0.463298323205,0.534407146151,-0.124040364709,-1.37635013682,0.078269886209,1.90162462103,0.156649988463,-0.00901191818159,-0.0514902609231,0.000701423901938,-0.0828144595355,-0.00849336972475,0.0259589071609,-0.00452032108159,0.574047476307,0.818807136769,0.00226155342482,0.0,0.818767967803,-0.573987565224,-0.011748905018,0.0,-0.0083221439611,0.00859628228175,-0.999928420364,0.0,0.659345782649,0.257749831282,0.303557912682,1.0,-0.00988,-0.0129851428571,0.495
0.463160856348,0.533429041868,-0.124048862762,-1.37790844562,0.0781674448598,1.90219981907,0.156449875986,-0.00753386503348,-0.0606833005143,0.00144465753166,-0.0857475205268,-0.00336337166021,0.0325518074154,-0.00233453037612,0.574061640787,0.818797242621,0.00224832259503,0.0,0.818757982637,-0.574001861462,-0.0117463103781,0.0,-0.00832746552333,0.00858410355164,-0.999928480685,0.0,0.659155831058,0.257494298405,0.303554815201,1.0,-0.01026,-0.0134845714286,0.514
0.463052684201,0.53266351265,-0.124049245315,-1.37916202478,0.078102109307,1.90267938159,0.156294150753,-0.0066626058902,-0.0506947021721,0.000110187998093,-0.0885709574094,-0.00742210155471,0.0345159429704,-0.010661174185,0.574077095861,0.818786420018,0.00224350235525,0.0,0.818746980717,-0.574017212726,-0.0117629912421,0.0,-0.00834372916176,0.0085898900125,-0.999928295416,0.0,0.658999470242,0.257294987159,0.303538697051,1.0,-0.01056,-0.0138788571429,0.529
0.462926518555,0.531686788827,-0.124044536329,-1.38071186884,0.0780130797955,1.90324226235,0.156101473412,-0.00561102688761,-0.062440764926,0.00101092225043,-0.0942296127189,-0.00156467875149,0.037596042697,-0.0189413734179,0.574076928002,0.818786549844,0.0022390694191,0.0,0.818746982525,-0.574016989364,-0.0117737601859,0.0,-0.00835509345583,0.00859244084024,-0.999928178608,0.0,0.658824403354,0.257078239686,0.303538979058,1.0,-0.01088,-0.0142994285714,0.545
0.462791091196,0.530692197152,-0.124047466485,-1.38232463082,0.0779036149054,1.90381645643,0.155902975827,-0.00743699505126,-0.0586352932933,0.000861532511898,-0.0920877924261,-0.00348482468057,0.0318751046603,-0.00425557143792,0.574085600787,0.818780591934,0.0021936593148,0.0,0.818740498664,-0.57402590167,-0.0117901213561,0.0,-0.00839446689627,0.00856474152117,-0.999928086478,0.0,0.658630354036,0.256830222907,0.30352206657,1.0,-0.01122,-0.0147462857143,0.562
0.4626590031,0.529662631575,-0.124050002349,-1.38397675258,0.0778157631121,1.90441117036,0.155677348794,-0.00494542973347,-0.061761741769,0.00146651324246,-0.100251538977,-0.002471474226,0.0334764960225,-0.0182857402087,0.574076913189,0.818786731226,0.00217564080384,0.0,0.818746258833,-0.574017137774,-0.0118167715795,0.0,-0.00842672290867,0.00856519842752,-0.999927811253,0.0,0.658429531216,0.256585315269,0.303512640029,1.0,-0.01156,-0.0151931428571,0.579
0.462516714174,0.528587987293,-0.124053161964,-1.38564151323,0.077699385776,1.90503297524,0.155446567486,-0.0100828915582,-0.0672026808085,0.000267501599979,-0.0999676749745,-0.00388973910384,0.044041922695,-0.0182643623137,0.57406558747,0.818794625755,0.00219294721045,0.0,0.818754516321,-0.574005886532,-0.0117911463473,0.0,-0.00839592430055,0.00856454168138,-0.999928075954,0.0,0.658236204942,0.256329688475,0.303531000176,1.0,-0.0119,-0.01564,0.596
0.462381053406,0.527487486599,-0.124058047927,-1.38735649956,0.0775951314412,1.90570457138,0.155213720425,-0.00544713988854,-0.0641017416105,-0.00172883386359,-0.105569336356,-0.00887983612964,0.037349171976,-0.0199239906039,0.57405442014,0.818802332472,0.00223829323533,0.0,0.818762864153,-0.573994599441,-0.0117609097378,0.0,-0.0083452527682,0.00858419887242,-0.999928331575,0.0,0.658039282587,0.25607713316,0.303547803944,1.0,-0.01224,-0.0160868571429,0.613
0.462238383743,0.526402267941,-0.124056492266,-1.38903469034,0.0774885018995,1.90634007958,0.154976539152,-0.00534989490795,-0.0670391171094,-0.000792072950168,-0.105779732119,-0.0123095675608,0.035367844887,-0.00938227597426,0.574037860938,0.81881385005,0.00227158032175,0.0,0.818774845179,-0.573977948191,-0.0117394545677,0.0,-0.00830875094903,0.00859896977167,-0.999928508633,0.0,0.657843327926,0.255825094237,0.303567740355,1.0,-0.01256,-0.0165074285714,0.629
0.462086024947,0.525213443424,-0.124062597951,-1.39087790461,0.0773728533259,1.907009894,0.154742476806,-0.00617492186732,-0.0732786475086,-0.00155967477248,-0.109052719843,-0.00653050247122,0.0420094668125,-0.00962957684456,0.574043278948,0.818810024636,0.00228130472076,0.0,0.818771167314,-0.573983350998,-0.0117318051932,0.0,-0.00829684851106,0.00860259607696,-0.999928576272,0.0,0.657622413236,0.255544914409,0.303584952375,1.0,-0.0129,-0.0169542857143,0.646
0.46192943513,0.52403446388,-0.12407054184,-1.39274836977,0.0772488363272,1.90767502768,0.154469392318,-0.00854966341826,-0.0691068102084,-0.0011220995266,-0.108775611813,-0.00566166718708,0.0342536436116,-0.0136526519652,0.574020393621,0.818826150423,0.00225166406255,0.0,0.818786969388,-0.573960643394,-0.0117399104183,0.0,-0.00832073930006,0.00858274643768,-0.999928548328,0.0,0.657395257628,0.255255905449,0.303581611895,1.0,-0.01324,-0.0174011428571,0.663
0.461777621023,0.52290565872,-0.124080541603,-1.39455716736,0.077136288761,1.9083514333,0.154233486601,-0.0100170059448,-0.0766632934719,-0.00174045793161,-0.112410023407,-0.00623240135992,0.0461041102262,-0.0108017045575,0.574025328829,0.818822714135,0.00224311851628,0.0,0.818783473101,-0.57396566284,-0.0117383541626,0.0,-0.00832431827777,0.00857490607092,-0.999928585806,0.0,0.657181571235,0.254978122777,0.30357312355,1.0,-0.01356,-0.0178217142857,0.679
0.461603424852,0.521545118439,-0.124086155857,-1.39674463835,0.0770052999927,1.90921271065,0.153935878432,-0.0106786183063,-0.0724133150246,0.000278250733005,-0.11651066982,-0.0036824017182,0.0527584306434,-0.0144687796028,0.57401032646,0.818833161902,0.00226825678198,0.0,0.818794288132,-0.573950609931,-0.0117199822168,0.0,-0.00829500243705,0.00858479179934,-0.999928744603,0.0,0.656926770384,0.254655843884,0.30356282421,1.0,-0.01394,-0.0183211428571,0.698
0.461438594485,0.520335345852,-0.12409040576,-1.39864611871,0.0768870166092,1.90991733133,0.153677565726,-0.0177846978013,-0.0740451369269,0.000246612772871,-0.12076750778,-0.00800233714736,0.0471652585482,-0.0181062602294,0.574006283801,0.818835974021,0.00227611664752,0.0,0.818797216298,-0.573946552898,-0.011714089854,0.0,-0.00828570839706,0.00858780450198,-0.99992879579,0.0,0.656700028575,0.254363995009,0.303568689052,1.0,-0.01426,-0.0187417142857,0.714
0.461273138412,0.519023411678,-0.124096672611,-1.40070579492,0.0767554945355,1.91065610915,0.153412889824,-0.00897566901453,-0.0754335557251,-0.00740256659355,-0.124763550071,-0.00256529369908,0.0418547564151,-0.00832109442151,0.574003351765,0.818838063464,0.00226382102527,0.0,0.818799165233,-0.57394368697,-0.0117182806898,0.0,-0.00829622820939,0.00858011235235,-0.999928774598,0.0,0.656446096375,0.254053376977,0.303573650438,1.0,-0.0146,-0.0191885714286,0.731
0.461113201815,0.517829238146,-0.124105578225,-1.40256758464,0.076627195143,1.91132849744,0.153148389417,-0.00981530398773,-0.0829326938181,-0.00184500947847,-0.124851095078,-0.00575868444647,0.0465915241607,-0.0161693036496,0.573984741173,0.818851109308,0.00226375518187,0.0,0.818812294315,-0.573925165891,-0.0117080116369,0.0,-0.00828805181904,0.00857397567888,-0.999928895041,0.0,0.656204681543,0.253747320115,0.303587915914,1.0,-0.01492,-0.0196091428571,0.747
0.460930956867,0.516485657014,-0.124097902358,-1.40471133144,0.0764907151265,1.91210773204,0.152849093131,-0.0100155875282,-0.077315465901,0.00113763629378,-0.128550825146,-0.00485250734341,0.0512919185651,-0.0212588560117,0.573963121536,0.818866333393,0.00223831487039,0.0,0.818827179894,-0.573903635688,-0.0117223423798,0.0,-0.00831461456351,0.00856115010574,-0.999928784411,0.0,0.655955958389,0.253441830091,0.303573577266,1.0,-0.01524,-0.0200297142857,0.763
0.460753385377,0.515111792915,-0.124108517078,-1.40688452616,0.0763649194082,1.91292575377,0.152565092943,-0.0117152607377,-0.0778817295548,-0.00033606564069,-0.13084776482,-0.00855733710354,0.0414793593234,-0.0242905355194,0.573964376199,0.818865411589,0.00225376553609,0.0,0.818826430711,-0.573904803348,-0.0117175067595,0.0,-0.00830177396349,0.00857103926647,-0.999928806383,0.0,0.655694121074,0.253114468063,0.303573834508,1.0,-0.01558,-0.0204765714286,0.78
0.460560331616,0.51371131155,-0.124110543755,-1.4091415604,0.0762273516735,1.91372294948,0.152247881116,-0.0131126816133,-0.0822663486029,-0.00108791416328,-0.134404612972,-0.00159462826191,0.0412517836575,-0.0213922102533,0.573945533129,0.818878756934,0.00220303056835,0.0,0.818839029382,-0.573886064379,-0.0117548276611,0.0,-0.00836165110824,0.00855072286901,-0.999928481407,0.0,0.655410663102,0.252769182841,0.303550342193,1.0,-0.01592,-0.0209234285714,0.797
0.460364347592,0.512325872317,-0.124112128984,-1.41141648801,0.0760966764499,1.91451519332,0.151925780453,-0.0139857387808,-0.0819117016792,-0.000166684365456,-0.132351053687,-0.009895354547,0.0521770408483,-0.0196433107939,0.573927254517,0.818891775491,0.00212448982138,0.0,0.818850844273,-0.573867907361,-0.0118180639668,0.0,-0.00845870171289,0.00852251337488,-0.999927905967,0.0,0.6551209352,0.252420763854,0.303506963476,1.0,-0.01626,-0.0213702857143,0.814
0.460167122244,0.510889222795,-0.124118424155,-1.41371999673,0.0759618123673,1.91538298612,0.151608763872,-0.0125282892922,-0.0814208867802,-0.000886954847235,-0.133357670093,-0.00230883600291,0.0472405813643,-0.0135657365745,0.573917862422,0.818898356693,0.00212497048278,0.0,0.818857384342,-0.573858466786,-0.0118233289386,0.0,-0.00846283527101,0.00852583159114,-0.999927842704,0.0,0.654841558588,0.252070508252,0.303492067629,1.0,-0.0166,-0.0218171428571,0.831
0.459977982757,0.5094803734,-0.12411646891,-1.41593016198,0.0758195930185,1.91621718517,0.151290051343,-0.0153374910107,-0.0885078838008,-0.00011340793712,-0.140086148057,-0.0101763185672,0.0519622979045,-0.020531157055,0.573900024779,0.818910807901,0.00214409927744,0.0,0.818870105308,-0.573840577225,-0.0118105657568,0.0,-0.00844159130549,0.00853398708731,-0.999927952705,0.0,0.654555192034,0.251710744937,0.303497158183,1.0,-0.01694,-0.022264,0.848
0.45976855944,0.507975676965,-0.124122573275,-1.41830924194,0.075658320459,1.91706423176,0.150957130114,-0.00662744787288,-0.0929654861186,0.00170472378758,-0.142406367067,-0.00338946376404,0.0466555477076,-0.0161459560944,0.573869979137,0.818931937081,0.00211574466806,0.0,0.818890952498,-0.573810734276,-0.0118150771223,0.0,-0.00846186991025,0.00851304613068,-0.999927959807,0.0,0.654275433632,0.251366088625,0.303492360136,1.0,-0.01726,-0.0226845714286,0.864
0.459554258726,0.506444041864,-0.124133766549,-1.42071966287,0.07550812873,1.91795039448,0.150634128919,-0.0158388213105,-0.0922891407745,-0.00190272672565,-0.143691458545,-0.00788331620814,0.0564218870781,-0.0230744143896,0.573873107274,0.818929740554,0.00211747131533,0.0,0.818888799504,-0.573813876435,-0.0118116958411,0.0,-0.00845807743114,0.00851255203088,-0.9999279961,0.0,0.653980067689,0.250989406508,0.303493253444,1.0,-0.0176,-0.0231314285714,0.881
0.459333200758,0.504833264496,-0.12413435213,-1.42317620049,0.0753643689246,1.9189004301,0.150295535528,-0.0160787272578,-0.0962723323558,0.000173359339234,-0.148840174266,-0.0137872051449,0.0589572686426,-0.0243986489076,0.573865449385,0.81893486618,0.00220858758807,0.0,0.818895067367,-0.573805822475,-0.0117683320074,0.0,-0.00837035813549,0.00856220546664,-0.999928310301,0.0,0.653686442637,0.250615442943,0.303532105957,1.0,-0.01794,-0.0235782857143,0.898
0.459105620438,0.503178849114,-0.124135238807,-1.42564677593,0.0752054748484,1.91983861135,0.149945473028,-0.0147873619686,-0.0931036611261,0.00173022123962,-0.151077374794,-0.00661880821616,0.0561430242067,-0.0127553801954,0.573849756887,0.818945586334,0.00230868911431,0.0,0.818907151015,-0.573789819707,-0.0117075923576,0.0,-0.00826333787206,0.00860916680646,-0.999928797212,0.0,0.653389678405,0.250232849504,0.303593048548,1.0,-0.01828,-0.0240251428571,0.915
0.458885201627,0.501574977258,-0.124141530678,-1.42800552389,0.0750508119703,1.92070338236,0.149627134434,-0.0139676730326,-0.106919653099,-0.000586081935067,-0.159951531873,-0.00138190080087,0.0585195532477,-0.0245935017545,0.573858812183,0.818938970125,0.00240287160118,0.0,0.818901840896,-0.573798618869,-0.0116476119031,0.0,-0.00816007599697,0.00865196728628,-0.99992927581,0.0,0.653082283249,0.249833182006,0.303670349182,1.0,-0.01862,-0.024472,0.932
0.458645380144,0.499864241292,-0.124139713289,-1.43061729094,0.0748856702502,1.92161694302,0.14926560949,-0.0128920208646,-0.101303747377,0.000403957283956,-0.155798769477,-0.00588647168877,0.0601530468351,-0.0211894319117,0.573839931177,0.818952181669,0.00240923779961,0.0,0.818915036622,-0.573779612998,-0.0116561316006,0.0,-0.00816360004645,0.00866188158443,-0.999929161212,0.0,0.652768366639,0.249452864315,0.303694670073,1.0,-0.01894,-0.0248925714286,0.948
0.458393452604,0.498189517579,-0.124147814769,-1.43324687979,0.0747234042433,1.92260183301,0.148885649065,-0.020117560846,-0.0974006719722,-0.000189871789936,-0.15793139402,-0.00857191885268,0.0584869723537,-0.0195237557947,0.573830854258,0.818958475651,0.0024316173462,0.0,0.818921625856,-0.573770462437,-0.0116436265993,0.0,-0.00814061321365,0.00867294320978,-0.999929252734,0.0,0.652447700311,0.249034519181,0.30369661776,1.0,-0.01928,-0.0253394285714,0.965
0.458131740229,0.496498371212,-0.124146985648,-1.43591149321,0.0745580103882,1.92355728326,0.148485003758,-0.0135038839133,-0.0974975994663,-0.00130459228682,-0.154490457731,-0.00763188259899,0.0585021888469,-0.0214463166149,0.573806571528,0.818975533699,0.00241672835391,0.0,0.818938400713,-0.573746140209,-0.0116623039475,0.0,-0.00816471023054,0.00867122524529,-0.999929071164,0.0,0.652112466605,0.248608792068,0.303689864712,1.0,-0.01962,-0.0257862857143,0.982
0.45786898501,0.494833979205,-0.124140476142,-1.43863947915,0.0743832261649,1.92449517405,0.148094243024,-0.0169547086096,-0.100062858922,0.000218116986625,-0.161806129674,-0.00842722106929,0.0622157103503,-0.0139050669018,0.573787046668,0.818989525342,0.00230853984583,0.0,0.818950848107,-0.573726867902,-0.0117361123448,0.0,-0.0082874413024,0.00862477596,-0.999928463219,0.0,0.651755866817,0.248175393899,0.3036320845,1.0,-0.01996,-0.0262331428571,0.999
0.457573536609,0.493004850333,-0.124146515765,-1.44160695963,0.0741930001571,1.92557399975,0.147674566018,-0.0169187496256,-0.110065070704,-0.000102984319057,-0.17087261551,-0.0132253884107,0.0727598639643,-0.0193851695574,0.573787237049,0.818989551328,0.00225129236263,0.0,0.818950121286,-0.573727265314,-0.0117673608529,0.0,-0.00834587845863,0.00859582312081,-0.999928226493,0.0,0.651384036335,0.247694244081,0.30358694576,1.0,-0.0212965714286,-0.0279897795918,1.017
0.45731530537,0.49137127589,-0.124151963464,-1.44422503076,0.0740343110037,1.92653062115,0.147310057845,-0.0191806656554,-0.112233640879,-0.000833580622759,-0.175109989883,-0.00835435046168,0.0664474468158,-0.0289178832866,0.573792312955,0.81898606121,0.00222711446002,0.0,0.818946237637,-0.573732351865,-0.0117896218947,0.0,-0.00837792968277,0.00858884678555,-0.999928018412,0.0,0.651055129912,0.247273426745,0.303560674839,1.0,-0.0225308571429,-0.0296119836735,1.032
0.456966003777,0.489179524079,-0.124156393764,-1.44777933866,0.0738156029214,1.92777018856,0.14679972568,-0.0172722043321,-0.119941758514,0.000380351545348,-0.191619738262,-0.00982378268293,0.0723318843902,-0.0327470002345,0.573781252648,0.818994086008,0.00212322750676,0.0,0.818952720978,-0.573721508413,-0.0118666966042,0.0,-0.0085007767177,0.00854787555936,-0.999927332669,0.0,0.650593329558,0.246700173153,0.303500793504,1.0,-0.0240942857143,-0.0316667755102,1.051
0.456633108447,0.48717137355,-0.124174929953,-1.45087748964,0.0736195914576,1.92896768926,0.146356406714,-0.0246235938083,-0.127285245465,-0.0011062206786,-0.190188246823,-0.0163838962324,0.0753800537487,-0.0247473920697,0.573805030847,0.818977207733,0.00220605760536,0.0,0.818937055772,-0.573745093855,-0.0118073224182,0.0,-0.0084043750273,0.00858188855255,-0.999927856232,0.0,0.650225583462,0.246181711312,0.303525932314,1.0,-0.0254108571429,-0.0333971265306,1.067
0.456260323012,0.484900883976,-0.124199614786,-1.45432479278,0.0734067535471,1.93026004804,0.145828193942,-0.022318658446,-0.13676476487,0.00120231222509,-0.211051104219,-0.0114018696835,0.0810668737397,-0.0311155329767,0.573804533343,0.818977297483,0.00230013579767,0.0,0.818938363519,-0.573744230635,-0.0117584637944,0.0,-0.00831038525799,0.00863089544789,-0.999928219994,0.0,0.64977819172,0.24557008996,0.303574366621,1.0,-0.026892,-0.0353437714286,1.085
0.455919130235,0.482813001616,-0.124237469282,-1.45754592872,0.0732035320511,1.93134974997,0.145339414849,-0.0244024717167,-0.147966206261,-0.00436438042093,-0.221845066811,-0.0159662728264,0.0809239139759,-0.0316972191446,0.573817097925,0.818968610243,0.00225842140334,0.0,0.818929181828,-0.573757001482,-0.0117747739963,0.0,-0.00834754591933,0.00860621953172,-0.999928123148,0.0,0.649394131165,0.245043433342,0.303585490088,1.0,-0.028044,-0.0368578285714,1.099
0.455485944683,0.480181753414,-0.124264647623,-1.46163309458,0.0729509936799,1.93282547746,0.144737830176,-0.0198563186567,-0.143954201055,-3.49309035484e-05,-0.232022569519,-0.0125962012036,0.0850104167144,-0.0326328308845,0.573829969368,0.818959553941,0.00227203997474,0.0,0.818920266998,-0.573769782698,-0.0117719863934,0.0,-0.00833731336227,0.00861590405712,-0.999928125119,0.0,0.648878990488,0.24435659042,0.30359318509,1.0,-0.0295251428571,-0.0388044734694,1.117
0.455019168684,0.477414499674,-0.124282063163,-1.46582240498,0.0726977689017,1.93437407615,0.144129783363,-0.0244263015115,-0.155521382004,-0.00087379916866,-0.233918840031,-0.015559702318,0.0891863525565,-0.0309447941032,0.573861767163,0.818936960575,0.00238195150198,0.0,0.818899034948,-0.573801094706,-0.0117226779252,0.0,-0.00823352637143,0.00867794153359,-0.999928448627,0.0,0.648359897061,0.243648499018,0.303650653382,1.0,-0.0310062857143,-0.0407511183673,1.135
0.454558393576,0.474726037768,-0.124294277078,-1.46997518471,0.0724313549519,1.93590111553,0.143533246041,-0.0258102732268,-0.159803511475,-0.000412915848318,-0.252959023935,-0.0151974407825,0.0898232251814,-0.043541655614,0.57388736654,0.818918882319,0.00242932257586,0.0,0.818881589049,-0.573826535665,-0.0116960242764,0.0,-0.0081842429423,0.00870169563679,-0.999928646785,0.0,0.647838379302,0.242947586886,0.303667318441,1.0,-0.0324051428571,-0.0425896163265,1.152
0.454162570033,0.472408403594,-0.124295716011,-1.47354642076,0.0722116292401,1.937123882,0.143016251818,-0.0275440757796,-0.163202844277,0.000578883523204,-0.257099644676,-0.0157063921654,0.0865526069688,-0.0348272459653,0.573899814037,0.818910234151,0.00240390363886,0.0,0.818872326797,-0.573838773889,-0.0117439724712,0.0,-0.00823796473596,0.00870852144947,-0.999928146214,0.0,0.647332739622,0.242302888025,0.303671225501,1.0,-0.0336394285714,-0.0442118204082,1.167
0.453615258898,0.469149230443,-0.124290990154,-1.47849507254,0.0718960313843,1.93897701284,0.142232829392,-0.0347212324288,-0.177673348034,-0.000730769221533,-0.255362641793,-0.0216743766063,0.100917559135,-0.0432487091175,0.573853577819,0.818942197962,0.00254843525232,0.0,0.81890618053,-0.573792033723,-0.0116668944536,0.0,-0.00809239614467,0.00878218758736,-0.99992869061,0.0,0.646741593558,0.241527949416,0.303732445082,1.0,-0.0351205714286,-0.0461584653061,1.185
0.453111480508,0.466123828525,-0.124291464124,-1.4831157809,0.0715821628931,1.94066723345,0.141509101826,-0.0337382036224,-0.181034321897,-0.000125363738513,-0.279160653096,-0.0164802524405,0.0939609440385,-0.036529879046,0.573806254655,0.818975135732,0.00261841029839,0.0,0.818940110334,-0.573744564186,-0.0116197097799,0.0,-0.00801410901505,0.00881195302503,-0.999929059254,0.0,0.646145656721,0.240760254451,0.303767240947,1.0,-0.0365194285714,-0.0479969632653,1.202
0.452638360601,0.463389688349,-0.124294242385,-1.4874205309,0.071296522437,1.94211359898,0.140870784903,-0.0260252526631,-0.180334803327,0.000771886070166,-0.286640569813,-0.0227949240856,0.106406351075,-0.04488994101,0.573796323124,0.818982432449,0.00251034076872,0.0,0.818945819691,-0.573734813204,-0.0116985225325,0.0,-0.00814077128281,0.00876857111587,-0.99992841744,0.0,0.645560182857,0.240033463862,0.303728794745,1.0,-0.0377537142857,-0.0496191673469,1.217
0.452068654722,0.46019917814,-0.124290647882,-1.49241102132,0.0709589761972,1.94385729193,0.140124889788,-0.0314461697748,-0.186704138228,0.000887034891305,-0.291580619682,-0.0223787005957,0.100300860413,-0.0498847704671,0.573789032466,0.818987707718,0.00245514368189,0.0,0.818950286374,-0.573727626134,-0.0117382434662,0.0,-0.00820505132528,0.00874608437194,-0.999928088985,0.0,0.6448952158,0.239185488536,0.303701912168,1.0,-0.0391525714286,-0.0514576653061,1.234
0.451395622798,0.456566076676,-0.124296232198,-1.49816341571,0.0705827814868,1.94590175729,0.139237830963,-0.0359854343346,-0.190694779378,0.00143302896019,-0.308761996079,-0.0249647677028,0.107269483384,-0.0543304744103,0.573780665731,0.818993773484,0.00238611143529,0.0,0.818955308239,-0.573719362714,-0.0117916435049,0.0,-0.00828848385661,0.00872010357528,-0.999927627796,0.0,0.644134371761,0.238196383408,0.303640866541,1.0,-0.040716,-0.0535124571429,1.253
0.450786884755,0.453372150432,-0.124347027947,-1.50316513697,0.070230683831,1.94762275786,0.138447909809,-0.0385618524169,-0.208256985684,-0.00588066952824,-0.313900694268,-0.0266742997635,0.110180626855,-0.0591363797898,0.573801080165,0.818979749915,0.00228834699679,0.0,0.818940201268,-0.573740344674,-0.011819921356,0.0,-0.00836752034215,0.00865646965552,-0.999927522442,0.0,0.643474444394,0.237287882876,0.303605511846,1.0,-0.0420325714286,-0.0552428081633,1.269
0.450148336751,0.449758162507,-0.124392484167,-1.50852330478,0.0698797489346,1.94964607701,0.13761543618,-0.0415806699298,-0.210171765297,-0.00111116964482,-0.321344369228,-0.0160974485553,0.118216285044,-0.0492713711238,0.573823271763,0.818963546419,0.0025118361272,0.0,0.818927163322,-0.573761979712,-0.0116721339789,0.0,-0.00811801246547,0.00875492150197,-0.999928722071,0.0,0.642797143415,0.236347568491,0.303711536048,1.0,-0.0434314285714,-0.0570813061224,1.286
0.449543836973,0.446497928362,-0.124410380952,-1.513457269,0.0695393379009,1.95126717856,0.136901546527,-0.0341022627526,-0.219579067446,-0.00135840585956,-0.333392473832,-0.0225334669577,0.108964765793,-0.051606104614,0.573874068595,0.818928107052,0.00246084868069,0.0,0.818890954472,-0.573812838424,-0.0117123031434,0.0,-0.00817962515918,0.00873672199144,-0.999928379146,0.0,0.642117985226,0.235467089467,0.303738582345,1.0,-0.0446657142857,-0.0587035102041,1.301
0.44885596971,0.442788981033,-0.124419949655,-1.51917154109,0.0691372988844,1.953277209,0.136007106619,-0.0365541497212,-0.224332712426,-0.00138052381079,-0.338383783703,-0.0256891699991,0.122359998854,-0.0565941911183,0.573855496586,0.818941158654,0.00244838779525,0.0,0.818903908543,-0.573794382726,-0.0117107568424,0.0,-0.00818570721383,0.00872544451021,-0.999928427846,0.0,0.641345900084,0.234469256148,0.3037324542,1.0,-0.0460645714286,-0.0605420081633,1.318
0.448138127527,0.439039279444,-0.124418167802,-1.52499847433,0.0687497842123,1.95532776505,0.135033583828,-0.0414068779852,-0.222830828033,-3.02714416162e-05,-0.348967979398,-0.0174846007576,0.11918823592,-0.0645773568733,0.573795577281,0.818983214165,0.00242431641626,0.0,0.818945457878,-0.573734353663,-0.0117462908673,0.0,-0.0082292598756,0.00872552065997,-0.999928069699,0.0,0.640552127651,0.233452344447,0.303700662667,1.0,-0.0474634285714,-0.0623805061224,1.335
0.447417336012,0.43537199082,-0.124434035561,-1.53058754753,0.0683670249517,1.9573377633,0.134145226832,-0.0426011973491,-0.235872989136,-0.00176920540029,-0.347108543788,-0.0256947600983,0.128489139479,-0.0614434954042,0.57380896289,0.818973646916,0.00248730076284,0.0,0.81893677191,-0.573747574261,-0.0117060473429,0.0,-0.00816001860989,0.00875414548728,-0.999928386952,0.0,0.639807440874,0.232448985436,0.303719126581,1.0,-0.04878,-0.0641108571429,1.351
0.446564334944,0.431120401038,-0.124454768871,-1.5370370815,0.0678915616545,1.95963734739,0.133110846545,-0.0491419543577,-0.228000684176,-0.000942528340843,-0.367458516282,-0.0313670962368,0.121720019252,-0.0590636647312,0.573822226911,0.818964183239,0.00254271030208,0.0,0.818928351956,-0.573760989528,-0.0116373605106,0.0,-0.00807182887438,0.00876024234258,-0.999929049349,0.0,0.638944686189,0.231271423532,0.303748028794,1.0,-0.0502611428571,-0.0660575020408,1.369
0.445752341219,0.42701894234,-0.124506375381,-1.54342801712,0.0674320138677,1.96166540391,0.13209408709,-0.0472648491437,-0.241657978878,-0.0035415385385,-0.379345411233,-0.0272651538234,0.129111522777,-0.0619695053396,0.573837040901,0.818954514932,0.00230214330392,0.0,0.818915462479,-0.573776576404,-0.0117750832188,0.0,-0.00832250189637,0.00864240605215,-0.999928019799,0.0,0.638027340178,0.230093703685,0.303676219827,1.0,-0.05166,-0.067896,1.386
0.444905476092,0.422788102272,-0.124538157851,-1.54981479359,0.0669814315722,1.96388535704,0.13101960554,-0.0528996834257,-0.248815018105,0.00119993805716,-0.375290090793,-0.0330928617704,0.134231249778,-0.0624155027631,0.573818871123,0.818967137139,0.00234058368988,0.0,0.818928661646,-0.573758344624,-0.0117454676488,0.0,-0.00827638193737,0.00865670872416,-0.999928278876,0.0,0.637149032591,0.228922666161,0.303705649021,1.0,-0.0530588571429,-0.0697344979592,1.403
