position_joint1,position_joint2,position_joint3,position_joint4,position_joint5,position_joint6,position_joint7,velocity_joint1,velocity_joint2,velocity_joint3,velocity_joint4,velocity_joint5,velocity_joint6,velocity_joint7,ee_T_00,ee_T_10,ee_T_20,ee_T_30,ee_T_01,ee_T_11,ee_T_21,ee_T_31,ee_T_02,ee_T_12,ee_T_22,ee_T_32,ee_T_03,ee_T_13,ee_T_23,ee_T_33,v_x,v_y,time
0.465076788551,0.547875023926,-0.123910480956,-1.35586429854,0.0794789736999,1.894093146,0.159179911148,-0.00099533125804,-0.000945349390112,0.00329036765424,-0.00233421384536,0.00291551254469,0.000174900228364,-0.000130747050867,0.573761892689,0.81900834047,0.00183729144123,0.0,0.818963463608,-0.573703550166,-0.0119928605275,0.0,-0.00876836099372,0.0083858823716,-0.999926393702,0.0,0.661648363989,0.260928801682,0.303129744355,1.0,0.0,0.0,0.0
0.465074473945,0.547872600978,-0.123915743468,-1.35585427848,0.0794795708878,1.89409314601,0.15917328201,-0.000636129754383,0.00187117118833,0.00179063890408,-0.000409116222163,-0.000422892188715,0.000140907556963,0.00106381217172,0.573760860457,0.81900904009,0.00184774437098,0.0,0.818964301652,-0.573702475031,-0.0119870623251,0.0,-0.00875762550099,0.00839110542723,-0.999926443967,0.0,0.661650396009,0.260929262329,0.303136472178,1.0,-0.00014,-0.000184,0.008
0.465075928653,0.547865988683,-0.123911241472,-1.35585841001,0.0794782565852,1.89409233222,0.15918080565,-0.000145423109164,0.000129028531915,-0.00117540750281,-0.000226487109694,-0.000251382946999,-0.00012235846046,0.00211986864889,0.57376332955,0.819007307881,0.0018488379693,0.0,0.818962598346,-0.573704953147,-0.011984829841,0.0,-0.00875514428663,0.00839074656882,-0.999926468707,0.0,0.661650233295,0.260928442347,0.303138900495,1.0,-0.00048,-0.000630857142857,0.025
0.465080865618,0.547844000773,-0.123908066178,-1.35587802775,0.0794779061484,1.89409213485,0.159177132602,0.000289834503608,-0.00276873031147,-0.000373150500847,-0.00122248565181,-0.000235526149861,0.00025016712983,0.00100661860983,0.573754996989,0.819013136965,0.00185251473286,0.0,0.818968440882,-0.573696572735,-0.0119867498689,0.0,-0.00875469281392,0.00839477036277,-0.999926438887,0.0,0.661644281285,0.2609314373,0.303145017458,1.0,-0.00082,-0.00107771428571,0.042
0.465077649041,0.547786058955,-0.123911189796,-1.35594588086,0.0794752944501,1.89410558918,0.159175902458,0.000692940318998,-0.000287681591386,-0.00214116957566,-0.0101337398524,-4.90878567851e-05,0.000471672515397,0.00160793248384,0.57376180842,0.819008356531,0.00185634921898,0.0,0.818963698107,-0.573703355003,-0.011986181336,0.0,-0.00875195740436,0.00839765738164,-0.99992643859,0.0,0.661634646099,0.260920700177,0.303155037286,1.0,-0.00114,-0.00149828571429,0.058
0.465077296131,0.547660692082,-0.123909344534,-1.35611151306,0.07947621004,1.89413714,0.159169283012,-0.00167776885684,-0.00280324371226,-0.000275371664309,-0.0110964724979,-0.000961020798444,0.000122849241372,-0.00133301412193,0.573764663619,0.819006354987,0.00185692623655,0.0,0.818961553251,-0.573706062658,-0.0120031191016,0.0,-0.00876546974655,0.00840787866641,-0.999926234338,0.0,0.661605894967,0.260905810752,0.303167696638,1.0,-0.00148,-0.00194514285714,0.075
0.46505916975,0.547505368756,-0.123908713644,-1.3563253621,0.079472031303,1.8942055896,0.159166720834,-0.00288903929924,-0.011641223255,-0.000304824185038,-0.0122115179968,-9.15385890739e-06,0.00837167412047,-0.000180480449283,0.573787731276,0.818990162363,0.00187090656865,0.0,0.818945446456,-0.573728974407,-0.0120069378049,0.0,-0.00876033929913,0.00842176616286,-0.999926162429,0.0,0.661579437572,0.260874813963,0.303181858838,1.0,-0.00184,-0.00241828571429,0.093
0.465045943161,0.547350686396,-0.123909580687,-1.35651682656,0.0794662892738,1.89432659285,0.159152060373,-0.00117962678076,-0.0121918910413,0.000511095340478,-0.0140644348259,-0.000182025749728,0.00945633767654,-0.00139197583982,0.573796660876,0.818983735365,0.00194424214568,0.0,0.818939998519,-0.573737611681,-0.011965728931,0.0,-0.00868441973311,0.0084582758135,-0.999926516512,0.0,0.661567734965,0.260852172022,0.303210825278,1.0,-0.00214,-0.00281257142857,0.108
0.465028348201,0.547142831203,-0.123908288856,-1.35677674574,0.079461889309,1.89446745679,0.159140278424,0.000484099292381,-0.0129003302769,-0.000124456400949,-0.0108306885226,-0.0003613949244,0.00845958374469,-0.00172563882475,0.573814141776,0.818971291049,0.00202534832986,0.0,0.818928567206,-0.573754708134,-0.0119282693264,0.0,-0.00860702270218,0.00850338894883,-0.999926803089,0.0,0.661546258205,0.260822028405,0.303246524009,1.0,-0.0025,-0.00328571428571,0.126
0.464993091272,0.546902951554,-0.123906943486,-1.35713363118,0.0794555190108,1.89460151482,0.159094679397,-0.00377065277006,-0.0111406701908,-0.000484391753699,-0.0203789589916,-0.000575456878458,0.00901445345661,-0.00438527567176,0.573823009458,0.818965019922,0.00204862451987,0.0,0.818922456611,-0.573763337226,-0.0119327203705,0.0,-0.00859722045788,0.00852509827309,-0.999926702564,0.0,0.661506704355,0.260768345644,0.303258146728,1.0,-0.00286,-0.00375885714286,0.144
0.464961080294,0.546652781047,-0.123904409324,-1.35751798211,0.0794461609485,1.89473725957,0.158978103463,-0.00250802997746,-0.0158779279922,0.00134879175972,-0.0241663204963,0.000261441850398,0.00555081691127,-0.0186341662527,0.573770952996,0.819001465241,0.00205920656198,0.0,0.818958883768,-0.573711088626,-0.0119448895364,0.0,-0.00860165800265,0.00854020058551,-0.999926535528,0.0,0.661460478921,0.260714001562,0.303264073802,1.0,-0.00318,-0.00417942857143,0.16
0.464914375804,0.54635904072,-0.123910026954,-1.35797166904,0.0794278705108,1.89489864046,0.158948620435,-0.00173512910627,-0.0190509460658,0.00034137474931,-0.0302740159442,-0.000545294724457,0.0202842288433,-0.00218701292667,0.57380945295,0.818974480161,0.00206384365153,0.0,0.818931896794,-0.57374950266,-0.0119500423244,0.0,-0.00860281606278,0.0085473592083,-0.999926464399,0.0,0.661410776994,0.260637856239,0.303270317936,1.0,-0.00352,-0.00462628571429,0.177
0.464860436411,0.546054874095,-0.123909329486,-1.35849554946,0.0794014553827,1.89507946898,0.158899338741,-0.00430778742375,-0.0198254510189,0.000130879947817,-0.0328289253288,-0.00365586250876,0.0129969227392,-0.00630404060544,0.573835017733,0.818956645052,0.00203294104534,0.0,0.818913583971,-0.573775118929,-0.0119750485557,0.0,-0.0086407609609,0.00853666959512,-0.99992622854,0.0,0.661349955592,0.260552385766,0.303251983674,1.0,-0.00386,-0.00507314285714,0.194
0.46480618501,0.545726072989,-0.12391404486,-1.3590474488,0.0793116524524,1.89526588844,0.158817613777,-0.00029223386112,-0.0260820924257,-0.00122169884799,-0.0344938312638,-0.00479798119995,0.0132533129226,-0.010269546711,0.57382270192,0.818965430092,0.00196925756469,0.0,0.818922046241,-0.573763570503,-0.0119496545694,0.0,-0.00865663240934,0.00846981457667,-0.999926659789,0.0,0.661289287695,0.260450691101,0.30323828051,1.0,-0.00418,-0.00549371428571,0.21
0.464735829357,0.545339278153,-0.123911788707,-1.35971993238,0.079279613754,1.89547912209,0.158725719281,-0.000628386405634,-0.0270177004161,-4.22336311198e-05,-0.0426988957755,-0.000819485009552,0.0117923815814,-0.00829029499117,0.573832335111,0.818958814148,0.00191280199909,0.0,0.818914545283,-0.5737732967,-0.0119966003319,0.0,-0.00872737490164,0.00845062126177,-0.999926207241,0.0,0.661207076966,0.260340006902,0.303210423934,1.0,-0.00452,-0.00594057142857,0.227
0.464675896778,0.544912258226,-0.12390976825,-1.36042847049,0.0792621862368,1.89571569945,0.158656914389,-0.00200315670075,-0.0273967866477,0.00155061157849,-0.0444164832376,-0.00386499811733,0.0137190012375,-0.00825964078485,0.573858415978,0.818940594959,0.00188871406379,0.0,0.818895724534,-0.573799200838,-0.0120422738375,0.0,-0.00877833329083,0.00845738289169,-0.99992570401,0.0,0.661118739688,0.260236287952,0.303195907166,1.0,-0.00486,-0.00638742857143,0.244
0.464599339327,0.544489066161,-0.123916093372,-1.36110296036,0.0792353575312,1.89596700148,0.15855080852,-0.00685776330113,-0.0266301009458,-0.000890690442149,-0.0439569390532,-0.00362926940122,0.0122699435501,-0.00689802312483,0.573869141552,0.818933065915,0.00189441981331,0.0,0.818888169407,-0.573809803303,-0.0120508315025,0.0,-0.00878195680861,0.0084670813199,-0.999925590116,0.0,0.661047759016,0.260120225133,0.303196380271,1.0,-0.00518,-0.006808,0.26
0.464535981621,0.543991051772,-0.123918642052,-1.36191821742,0.0791939064246,1.89626149233,0.158468484079,-0.00355044782208,-0.0305035665743,-0.000243178834379,-0.0532556798811,-0.00252400054457,0.0187948452932,-0.0113106661986,0.573889766855,0.818918650878,0.00187766994431,0.0,0.81887345854,-0.57383042505,-0.0120685163012,0.0,-0.00880583848488,0.00846373504077,-0.999925408417,0.0,0.660951394156,0.259999914655,0.30318636169,1.0,-0.00552,-0.00725485714286,0.277
0.46445464488,0.543470151901,-0.123921423821,-1.36275865023,0.0791447854607,1.89654867262,0.158351676333,-0.000951562979453,-0.0349718048974,-0.000693992652364,-0.0558493183825,-0.00397900909842,0.0169563935858,-0.00372804329041,0.573896221328,0.818914189332,0.00185055629281,0.0,0.81886859807,-0.573836955296,-0.0120877927123,0.0,-0.008837117523,0.00845266373888,-0.999925226119,0.0,0.660853413926,0.259863167288,0.303179854899,1.0,-0.00586,-0.00770171428571,0.294
0.464384411057,0.542907484762,-0.123922457883,-1.36364260933,0.0790942155186,1.89687443727,0.158235716944,-0.00367277089768,-0.0339472336459,-2.15314590941e-06,-0.0552353231849,-0.00290780061575,0.0135176845583,-0.00612192426565,0.573895175639,0.818914911534,0.0018552481994,0.0,0.818869350352,-0.573835859104,-0.0120888693175,0.0,-0.00883531751057,0.00845711249365,-0.999925204409,0.0,0.660750877705,0.259732548184,0.303185402881,1.0,-0.0062,-0.00814857142857,0.311
0.46430505472,0.542343844534,-0.123925350819,-1.36451123454,0.079047954211,1.89717912572,0.158132995877,-0.00770762735458,-0.0282808435012,9.01460040454e-06,-0.051886526432,-0.00211081409032,0.0191616644906,-0.00278030082323,0.57390677316,0.81890677315,0.00185997636998,0.0,0.818861209988,-0.573847373197,-0.0120937154606,0.0,-0.00883645307819,0.00846389067248,-0.999925137024,0.0,0.660644563777,0.259588853593,0.303197354976,1.0,-0.00654,-0.00859542857143,0.328
0.46421817909,0.541687935167,-0.123925302449,-1.36552212957,0.0789781196933,1.89756025228,0.157979959121,-0.0014943049695,-0.0439429919738,-0.000318119169523,-0.055867865402,-0.00460094880167,0.020372414426,-0.00931128376682,0.573897146564,0.818913484571,0.00187532797982,0.0,0.818868195147,-0.573837750233,-0.0120773459948,0.0,-0.00881433720742,0.00846696385795,-0.999925306202,0.0,0.660536669446,0.259441761824,0.303212757991,1.0,-0.00688,-0.00904228571429,0.345
0.464141874097,0.541072275111,-0.123923466427,-1.36647323411,0.0789329193481,1.89792046045,0.157853991711,-0.00436026555488,-0.0368555537646,-0.000117427766218,-0.0593035271158,-0.000872918704214,0.02395181379,-0.00916882933206,0.573895906553,0.818914289506,0.00190309871918,0.0,0.818869243664,-0.573836273661,-0.0120764114026,0.0,-0.00879764816813,0.00848915552116,-0.99992526502,0.0,0.660427091131,0.25930474972,0.303226491365,1.0,-0.0072,-0.00946285714286,0.361
0.464056038069,0.540364796369,-0.123926277761,-1.36756311737,0.078868101776,1.89831257418,0.157726836207,-0.00236924710413,-0.0432277162073,-0.000262049601556,-0.067419314487,-0.0037658467453,0.0286002768073,-0.00861954785382,0.573906982682,0.818906507986,0.00191136296738,0.0,0.818861551116,-0.573847293868,-0.0120743664939,0.0,-0.00879111609143,0.00849486843905,-0.999925273952,0.0,0.660298695796,0.259142483391,0.303241871216,1.0,-0.00754,-0.00990971428571,0.378
0.463948704489,0.539586837092,-0.123926058628,-1.36877817556,0.0787982109182,1.89877810309,0.15758518078,-0.00389383773176,-0.04044869195,-0.000846955499649,-0.065099067149,-0.00354153994688,0.0237615505619,-0.00751079836496,0.573923191816,0.818895079725,0.0019404121054,0.0,0.818850504323,-0.573863376296,-0.0120591797624,0.0,-0.00876184022332,0.0085101142171,-0.999925401273,0.0,0.660172326495,0.25896328854,0.303258633205,1.0,-0.00788,-0.0103565714286,0.395
0.463861652374,0.5389208618,-0.123934113949,-1.36980147915,0.0787394854724,1.89916703751,0.157448973494,-0.00731595213525,-0.0470702119533,-0.00114253815015,-0.0689383758092,-0.00434502444465,0.0290708000496,-0.00646640685483,0.573933626159,0.818887714376,0.00196237351256,0.0,0.818843422832,-0.573873711375,-0.0120482023113,0.0,-0.008740138557,0.00852190915825,-0.999925490745,0.0,0.660048835492,0.258800050272,0.303271053591,1.0,-0.0082,-0.0107771428571,0.411
0.463746274623,0.538140707324,-0.123937404974,-1.37102486238,0.0786679569639,1.89963378769,0.15729401706,-0.00339269025836,-0.0415721030289,-0.000591551774072,-0.0671200316995,-0.00795814289427,0.0307954607366,-0.00876204008022,0.573948988338,0.818876905572,0.00197969892008,0.0,0.818832865993,-0.573889022181,-0.0120363903277,0.0,-0.00872036248235,0.00852948081129,-0.99992559885,0.0,0.659904315861,0.258601700692,0.303277163777,1.0,-0.00856,-0.0112502857143,0.429
0.463633368446,0.537291953543,-0.123939637279,-1.3723587866,0.0785948792624,1.90013413627,0.157130604871,-0.00802880678868,-0.0453731367101,-0.000964066276288,-0.0801412056452,-0.00714331774463,0.0283392706015,-0.00979645908479,0.573966163858,0.818864824512,0.00199720408713,0.0,0.818820929907,-0.573906038602,-0.0120370471203,0.0,-0.00871067469933,0.00854437477333,-0.999925556132,0.0,0.659760608832,0.258406259002,0.30328826398,1.0,-0.0089,-0.0116971428571,0.446
0.463514613921,0.536441925981,-0.123936330413,-1.3736788378,0.0785152317197,1.90063789445,0.156970829788,-0.00857920126644,-0.0511560331307,0.000326960058115,-0.0775002431633,-0.0140631682679,0.0273297600975,-0.00486540072074,0.573981602955,0.818853932661,0.00202566938855,0.0,0.818810402666,-0.573921347352,-0.0120232458497,0.0,-0.00868287441489,0.00855992589836,-0.999925664917,0.0,0.659611638427,0.25820560645,0.303303594527,1.0,-0.00924,-0.012144,0.463
0.463407429769,0.535629066332,-0.123944500856,-1.37498441936,0.0784362417427,1.90110738179,0.15681735193,-0.00461946593066,-0.0460886251534,-0.000344584795109,-0.0867398521729,-0.0118895970219,0.0266749055633,-0.00484542655658,0.573999901376,0.818841161375,0.00200313727648,0.0,0.818797342141,-0.573939744421,-0.0120344994607,0.0,-0.00870483101345,0.00854812955947,-0.999925574929,0.0,0.659457495242,0.25800495278,0.30329683334,1.0,-0.00956,-0.0125645714286,0.479
0.463284709,0.534719247456,-0.123947348684,-1.37641957057,0.0783698017015,1.90163274166,0.156635889975,-0.00182804917135,-0.0536589554638,-0.000417268285534,-0.0826767734384,-0.00459285097676,0.0303215199641,-0.0036434335107,0.574014689393,0.818830770405,0.00201313171764,0.0,0.8187868848,-0.573954294283,-0.0120520643197,0.0,-0.00871332327602,0.00856655273746,-0.999925343299,0.0,0.659288730039,0.257788864573,0.303301359125,1.0,-0.0099,-0.0130114285714,0.496
0.463160886648,0.533865564833,-0.123950183386,-1.37782845091,0.0782808769867,1.90214382041,0.156457957823,-0.00765590271038,-0.0520062831462,-0.000674021194139,-0.0838907410804,-0.00571513016934,0.0300764649947,-0.012172824041,0.574025628924,0.818823203088,0.00197137632913,0.0,0.818778780412,-0.573965420958,-0.0120727458425,0.0,-0.00875411111997,0.00854435113682,-0.999925177002,0.0,0.659122904853,0.257569863258,0.303277349316,1.0,-0.01022,-0.013432,0.512
0.463024871148,0.532878539314,-0.123948089742,-1.37943338935,0.0781886464279,1.90275467988,0.156248136284,-0.0141660181869,-0.0516775565391,-0.000891316071617,-0.0941605721442,-0.00386843278549,0.0310324421781,-0.0139305037835,0.574026841748,0.818822365321,0.0019661901598,0.0,0.818777818195,-0.573966600884,-0.0120819039525,0.0,-0.00876457443449,0.00854537458231,-0.999925076597,0.0,0.65893667696,0.257330413516,0.303262383247,1.0,-0.01058,-0.0139051428571,0.53
0.462908969744,0.531963264916,-0.123953388363,-1.38090767023,0.0781130414653,1.9032943419,0.156061472793,-0.00936583407178,-0.0585248828159,0.00183005399109,-0.0970156204013,-0.00928410542896,0.0376955557356,-0.0158133725184,0.574029106418,0.818820783932,0.00196359021479,0.0,0.818776071628,-0.573968748758,-0.0120982180427,0.0,-0.00877940199393,0.00855263463937,-0.99992488445,0.0,0.658748635747,0.257100620629,0.303259325642,1.0,-0.01092,-0.014352,0.547
0.462776779039,0.531005731947,-0.123948194849,-1.38243171444,0.0780117823313,1.90383458188,0.155869684147,-0.0134751287047,-0.0578977885554,0.000141457179868,-0.0957158380507,-0.000391571151453,0.030397178207,-0.0149425554065,0.574035881583,0.818816117005,0.00192875306977,0.0,0.818770948633,-0.573975675653,-0.0121162838399,0.0,-0.00881412083907,0.00853455297275,-0.999924733507,0.0,0.65857570975,0.256880287223,0.303248964743,1.0,-0.01122,-0.0147462857143,0.562
0.462630633552,0.529901730501,-0.123956530047,-1.38417415633,0.0779086493413,1.90445813762,0.155643567936,-0.00749697663275,-0.061092694653,-0.00122865650518,-0.0916427472418,-0.00485771112471,0.0337141661445,-0.00919249075081,0.574043080829,0.818811101122,0.00191544573535,0.0,0.818765722132,-0.57398289751,-0.0121273462915,0.0,-0.00883074269657,0.0085300847687,-0.999924624978,0.0,0.658367245158,0.25661251811,0.303251734487,1.0,-0.01158,-0.0152194285714,0.58
0.462481228657,0.528764556001,-0.123957254567,-1.38594653241,0.0777921523259,1.90512928384,0.155392113724,-0.00966841480131,-0.0674391281057,-5.35527395527e-05,-0.10317637062,-0.0122110449388,0.0391406047786,-0.0104779019231,0.574024824964,0.818823841722,0.00193996245419,0.0,0.818778869769,-0.57396461936,-0.0121047529369,0.0,-0.00879835988701,0.00853699331507,-0.999924851481,0.0,0.658161464092,0.25634500633,0.303267193459,1.0,-0.01194,-0.0156925714286,0.598
0.46236091563,0.527781689669,-0.123954317246,-1.38745537197,0.0777055337894,1.90572449616,0.155190326372,-0.0109025626049,-0.0673729270446,0.000915548736373,-0.106404289274,-0.00276928193646,0.0520995473724,-0.0175140800078,0.574014589486,0.818830870753,0.00200076486182,0.0,0.818786673218,-0.573954100078,-0.0120756641946,0.0,-0.00873974769887,0.00856997202905,-0.999925083389,0.0,0.657987750073,0.256127709088,0.303292497095,1.0,-0.01224,-0.0160868571429,0.613
0.462211963558,0.526601688672,-0.123957525577,-1.38924217018,0.0775934863357,1.90640222792,0.154939120434,-0.00904650995211,-0.0717758065445,-0.000765417462694,-0.108375050088,-0.00359247536554,0.0403807509303,-0.00987454934904,0.573999439374,0.818841348417,0.0020583057593,0.0,0.818797959598,-0.573938761084,-0.0120393847821,0.0,-0.00867717167409,0.00859610217286,-0.999925404077,0.0,0.657780230956,0.255859123866,0.303331318836,1.0,-0.01258,-0.0165337142857,0.63
0.462048897679,0.525351540978,-0.123965099244,-1.39117397829,0.0774561811477,1.90709687734,0.154680472912,-0.0101211564851,-0.0727629742873,0.000753291730745,-0.104725971817,-0.00494311718333,0.0362447888546,-0.00991878324199,0.573993295792,0.818845657734,0.00205720590871,0.0,0.818802420053,-0.573932786925,-0.0120208115046,0.0,-0.0086626581655,0.00858447566795,-0.9999256298,0.0,0.657549288599,0.25555956512,0.303351733221,1.0,-0.01294,-0.0170068571429,0.648
0.461909206347,0.524309818425,-0.123974256774,-1.39283293013,0.0773569513316,1.90769002525,0.15445100939,-0.0121231216536,-0.0627908619771,0.000678033255068,-0.108476692477,-0.00785850528836,0.0382018904506,-0.00939534000423,0.573986378895,0.818850563034,0.00203449347648,0.0,0.818806925228,-0.573925865107,-0.0120443954153,0.0,-0.00869507894591,0.0085793414372,-0.999925392468,0.0,0.657332208142,0.255290927596,0.303344298444,1.0,-0.01326,-0.0174274285714,0.664
0.461737951358,0.522967513602,-0.123972177167,-1.39498305829,0.077227825293,1.90850096833,0.154164169727,-0.0107953436283,-0.0753541679682,-0.00269994859113,-0.11451606674,-0.0056767549487,0.0477458336259,-0.0114601992492,0.573973038078,0.818859907663,0.0020371752034,0.0,0.81881634161,-0.573912550773,-0.0120386742746,0.0,-0.00868899457762,0.00857811195033,-0.999925455906,0.0,0.657089936094,0.254988599904,0.303336927496,1.0,-0.01362,-0.0179005714286,0.682
0.461580011648,0.521801144041,-0.123969744476,-1.39681805749,0.0771182675528,1.90922891624,0.153903386106,-0.0116121130823,-0.0749513753158,0.000880191731183,-0.111740669448,-0.012974395046,0.044573548141,-0.0176085716179,0.57395601347,0.818871715997,0.00208668235477,0.0,0.818828810658,-0.573895332826,-0.012011357034,0.0,-0.00863838959717,0.0086027918608,-0.999925682337,0.0,0.656879249763,0.25471541531,0.303346174298,1.0,-0.01394,-0.0183211428571,0.698
0.461423682057,0.520627061409,-0.123980497929,-1.39872788013,0.0770010437992,1.90992773471,0.153655321453,-0.0095687082802,-0.0724554221807,-0.00142526673669,-0.121099517305,-0.00563319409374,0.0345044327741,-0.019399964602,0.57395877204,0.818869873724,0.002050562825,0.0,0.818826509235,-0.573898256,-0.0120285674799,0.0,-0.00867318408992,0.00858312227182,-0.999925550174,0.0,0.65664767963,0.254423696641,0.303322843546,1.0,-0.01426,-0.0187417142857,0.714
0.461248870862,0.519295303893,-0.123978896666,-1.40079496426,0.0768662065555,1.91066730978,0.153367737452,-0.0143690785218,-0.0803684392805,-0.00172349144449,-0.11665773026,-0.0106327956357,0.0412583334429,-0.0158141153545,0.573938580817,0.818884025751,0.00205054178825,0.0,0.818840666333,-0.573878072702,-0.0120277899716,0.0,-0.00867277108114,0.00858244494958,-0.99992555957,0.0,0.656393441666,0.254110447917,0.30333810149,1.0,-0.0146,-0.0191885714286,0.731
0.461077813368,0.517940826044,-0.123985334685,-1.40291210185,0.076728834183,1.91142474683,0.1530908579,-0.0109570340568,-0.0836127913444,-0.000835624077206,-0.12431484236,-0.0096246855775,0.0483800801715,-0.0174114380976,0.573931457501,0.818889043503,0.00204044685265,0.0,0.818845588324,-0.573871028812,-0.012028785217,0.0,-0.00867945419267,0.0085746742241,-0.999925568248,0.0,0.656131782114,0.253790190945,0.30334689418,1.0,-0.01494,-0.0196354285714,0.748
0.460907622942,0.516686493759,-0.123983884414,-1.40491806644,0.0765960881491,1.91215674678,0.152796285841,-0.00997823397976,-0.0717192492682,-0.000262615810975,-0.126702946184,-0.00810384387695,0.0484710992098,-0.0261473379156,0.573898716275,0.818912045962,0.00201775563076,0.0,0.818868326816,-0.573838420298,-0.012036512303,0.0,-0.00869914669814,0.00856017994641,-0.999925521309,0.0,0.655885727616,0.253486044923,0.303335521177,1.0,-0.01526,-0.020056,0.764
0.460717615361,0.515301913187,-0.123992070911,-1.40711026415,0.0764673042445,1.91298297975,0.152525153533,-0.0109881568409,-0.0768358618575,-0.00113699098811,-0.127513316928,-0.00931964576773,0.0397611928696,-0.0164512957567,0.573919133789,0.818897700625,0.00203240807498,0.0,0.818854154509,-0.573858754705,-0.0120312174397,0.0,-0.00868618836614,0.00856935667393,-0.999925555358,0.0,0.65562400381,0.253149927595,0.303334967333,1.0,-0.0156,-0.0205028571429,0.781
0.460514084539,0.513812140501,-0.123997291536,-1.40950122216,0.0763233023279,1.91381648123,0.152184115286,-0.0123857265485,-0.0803701228486,-0.000132446108236,-0.130900507862,-0.0101489400569,0.0449454244637,-0.0125701381968,0.573896800386,0.818913491582,0.00197552832626,0.0,0.818869082345,-0.573836550791,-0.0120741814216,0.0,-0.00875424825166,0.00854719771288,-0.999925151473,0.0,0.655321938474,0.252782649974,0.303313642936,1.0,-0.01596,-0.020976,0.799
0.460345945814,0.512583801215,-0.123995610505,-1.41149803564,0.0762159681205,1.9145210825,0.151896273293,-0.0107480116198,-0.0790109742246,0.000423722024853,-0.131425710284,-0.00547770366194,0.0451464067154,-0.019883128534,0.573873260997,0.818930096944,0.00192964603371,0.0,0.818884845683,-0.573812980133,-0.0121251904189,0.0,-0.00882259728633,0.0085386448558,-0.99992462382,0.0,0.655067654774,0.252483132433,0.303284944532,1.0,-0.01626,-0.0213702857143,0.814
0.46014454782,0.511134193227,-0.123996590836,-1.41380960632,0.0760632144218,1.91540266174,0.15157502854,-0.0129666857563,-0.0837614268796,0.00559532109545,-0.130558791544,-0.00524271310496,0.0535272751338,-0.0155699823298,0.573852419458,0.818944663955,0.0019454980954,0.0,0.818899702702,-0.573792151431,-0.0121074675722,0.0,-0.0087992038364,0.0085412318169,-0.999924807859,0.0,0.654775589538,0.252112408496,0.303279180915,1.0,-0.01662,-0.0218434285714,0.832
0.459928324108,0.50956249281,-0.124004875413,-1.41631218759,0.0759049427485,1.91634115665,0.151227041558,-0.0124604322375,-0.0925742569431,-0.00166188078248,-0.143607450257,-0.0106678453139,0.0469754669772,-0.0136404178956,0.573841184775,0.818952555733,0.00193727021745,0.0,0.81890756438,-0.573781029508,-0.0121028128426,0.0,-0.00880023004086,0.0085317019577,-0.999924880185,0.0,0.654486554148,0.251745982341,0.303267044085,1.0,-0.01696,-0.0222902857143,0.849
0.459733235907,0.508138626535,-0.124007665201,-1.41853299104,0.0757627545278,1.91712464242,0.150913851467,-0.0113953444968,-0.0946212090178,-0.00363086914036,-0.140367825073,-0.0128883483079,0.0521616177029,-0.0274691119506,0.573822999057,0.8189653313,0.00192322207506,0.0,0.818920127633,-0.573762880268,-0.0121131616421,0.0,-0.00881695575389,0.0085259401595,-0.999924781989,0.0,0.654206907587,0.251402184311,0.303274190299,1.0,-0.01728,-0.0227108571429,0.865
0.459513226884,0.506606892054,-0.124015881976,-1.42095320654,0.0756129265921,1.91800837494,0.150583205937,-0.0142700102063,-0.0924016862877,-0.00235057212756,-0.14160378549,-0.00663603379893,0.0566640902396,-0.0249103809583,0.573822968729,0.818965369408,0.00191603022337,0.0,0.81892006016,-0.5737628706,-0.0121181801607,0.0,-0.00882519280309,0.00852292979403,-0.999924734987,0.0,0.653909377414,0.251022274322,0.303270282825,1.0,-0.01762,-0.0231577142857,0.882
0.45929041151,0.504998538213,-0.124017322834,-1.4234121337,0.0754587674576,1.91896703573,0.150246441201,-0.0123911958969,-0.0973954406014,0.000451705265985,-0.146037134876,-0.00120131616114,0.0589042267311,-0.0186850501447,0.57381608457,0.818969982306,0.00200401403632,0.0,0.818925900959,-0.573755678502,-0.0120638727824,0.0,-0.00873030333143,0.00856374812369,-0.999925219215,0.0,0.653617962949,0.250645299056,0.303307150363,1.0,-0.01796,-0.0236045714286,0.899
0.459082615944,0.50342492187,-0.124023544786,-1.42575030533,0.0753088787128,1.91984581557,0.149917152504,-0.0133965373174,-0.0970737659897,-0.00309954903286,-0.146617085582,-0.0104271093785,0.0577768719957,-0.0191218448515,0.573800584536,0.818980608705,0.00209729671217,0.0,0.818937829316,-0.573739866355,-0.0120060139791,0.0,-0.00862955604708,0.00860677916322,-0.999925724299,0.0,0.653334741942,0.250284627888,0.303369778115,1.0,-0.01828,-0.0240251428571,0.915
0.458858566163,0.501727234976,-0.124032916739,-1.42826343323,0.0751519686153,1.92076304602,0.14956803192,-0.0113039110599,-0.0973502219994,-0.000792010816576,-0.147338762328,-0.0135922074724,0.0469052177838,-0.0198794517383,0.573790906268,0.818987165967,0.00218283470854,0.0,0.818945525904,-0.573729858133,-0.0119591968827,0.0,-0.00854223577902,0.00864986767264,-0.999926102268,0.0,0.653024522639,0.249893968071,0.30343857434,1.0,-0.01862,-0.024472,0.932
0.458606024284,0.499900780527,-0.124034087562,-1.4310222565,0.0749730247004,1.92174746022,0.149182516246,-0.0149322548792,-0.0986253831717,-0.000561647435307,-0.153134114179,-0.00727756800066,0.0568982782338,-0.0217273648613,0.573774748428,0.818998373937,0.00222451270199,0.0,0.818957274347,-0.5737135296,-0.0119379918332,0.0,-0.00850112653859,0.00867166607645,-0.999926263809,0.0,0.652677162398,0.249463230209,0.303485189671,1.0,-0.01898,-0.0249451428571,0.95
0.458386225659,0.498427624353,-0.124033961715,-1.43334195845,0.0748259075479,1.9226106333,0.148841433244,-0.0150687070108,-0.0961814135244,-0.000109967418282,-0.151766422901,-0.0056096983191,0.0558619936067,-0.0264859735436,0.573753488334,0.819013237874,0.00223555659595,0.0,0.818972281004,-0.573692226272,-0.0119322824142,0.0,-0.00849033928015,0.00867721460691,-0.999926307327,0.0,0.652390934495,0.249098998992,0.303483327919,1.0,-0.01928,-0.0253394285714,0.965
0.458108662032,0.496653877838,-0.12403197847,-1.4361613881,0.0746557128545,1.92361905565,0.148423282749,-0.0122205788931,-0.0943810600428,0.000800336146716,-0.158847135822,-0.0143035686106,0.0549646551876,-0.0225089771207,0.573733616178,0.819027236579,0.00220687772269,0.0,0.818985750305,-0.573672314771,-0.011965072678,0.0,-0.00853386006258,0.0086723327922,-0.999925979199,0.0,0.652034904376,0.248649175367,0.303465171377,1.0,-0.01964,-0.0258125714286,0.983
0.45783872124,0.494965584373,-0.124036846077,-1.4389057021,0.0744847420513,1.92455791591,0.148025211375,-0.0153843390758,-0.0987190616976,0.000249434653733,-0.161008443714,-0.01124589199,0.0528717878406,-0.0252373999767,0.573723990687,0.819034243073,0.00210667609241,0.0,0.818991295463,-0.573662952703,-0.0120341827183,0.0,-0.00864805220794,0.00862981486654,-0.999925365959,0.0,0.651679202718,0.248203498577,0.303416786514,1.0,-0.01998,-0.0262594285714,1.0
0.457581953352,0.493256595364,-0.124069787157,-1.44162494616,0.0743190044143,1.92556052563,0.147650990244,-0.0130125095308,-0.113294856565,-0.000967906608959,-0.177016301626,-0.0110029634805,0.0633877334592,-0.0325220089158,0.573743460037,0.819020640553,0.00209268087099,0.0,0.81897757829,-0.573682546694,-0.0120336519052,0.0,-0.00865544144421,0.00861825372095,-0.999925401736,0.0,0.651344350211,0.247758350517,0.303400429739,1.0,-0.0241285714286,-0.0317118367347,1.016
0.457275152577,0.491037686137,-0.124091545064,-1.44508745234,0.074112069443,1.92684776547,0.147139036279,-0.0184467886493,-0.13531549347,0.00116372082698,-0.214089824662,-0.00557642485397,0.083055376877,-0.0333545830198,0.573708612312,0.819044959204,0.00212834761421,0.0,0.819002338528,-0.573647528937,-0.012017858869,0.0,-0.00862241138563,0.00863803711693,-0.999925516394,0.0,0.650909622549,0.247218570107,0.303408600094,1.0,-0.0288302857143,-0.0378912326531,1.033
0.456868487457,0.488482626985,-0.124108233237,-1.44923926954,0.0738762524914,1.92832170317,0.146544225412,-0.0263353995965,-0.160698784192,-0.000619848973274,-0.257778810438,-0.0111409145261,0.0920641376704,-0.0390790795573,0.57370961776,0.819044500345,0.00203170982702,0.0,0.819000289809,-0.573648622573,-0.0121049582636,0.0,-0.00874918039779,0.00860886766291,-0.999924666782,0.0,0.650375681921,0.24654787953,0.303337478173,1.0,-0.033532,-0.0440706285714,1.05
0.456417081808,0.485615654664,-0.124151086165,-1.45363764984,0.0736028589064,1.93001507466,0.145896395786,-0.0333433829095,-0.180415863246,-0.00266754250525,-0.279443804067,-0.022423664191,0.109074731032,-0.0445947643875,0.573723702639,0.819034313066,0.00215730203605,0.0,0.818991978082,-0.573662403396,-0.0120138947695,0.0,-0.00860239460164,0.0086596359769,-0.999925501981,0.0,0.649849356032,0.24581659495,0.303383491013,1.0,-0.0379571428571,-0.0498865306122,1.066
0.45587471714,0.482223962566,-0.124202910667,-1.45892548238,0.0732834174401,1.93186285242,0.145075354983,-0.0310943043935,-0.206465238417,-0.00178763063456,-0.32739575931,-0.0210798667044,0.115848795744,-0.0529907347955,0.573705769019,0.819046984881,0.00211519572671,0.0,0.819003965441,-0.573644514453,-0.0120508311505,0.0,-0.00865699316744,0.00864615150557,-0.999925147465,0.0,0.649172394311,0.244926416568,0.303381945182,1.0,-0.0426588571429,-0.0560659265306,1.083
0.455262171347,0.478413401842,-0.124274857355,-1.46486462739,0.0729245205865,1.93398066938,0.144207984296,-0.0380494708125,-0.230583184666,-0.00487296857212,-0.355750553195,-0.017937856002,0.132718478218,-0.0539609894682,0.573740102004,0.819022990123,0.00209377741938,0.0,0.818979635713,-0.573678879389,-0.0120684105224,0.0,-0.00868331696917,0.00863905848096,-0.999924980524,0.0,0.648370576455,0.243859112915,0.303376518426,1.0,-0.0476371428571,-0.0626088163265,1.101
0.454566074448,0.474181431643,-0.124333180352,-1.47132107301,0.0725453859368,1.93636005578,0.143284233089,-0.0418520510639,-0.253658186662,-0.00511039870874,-0.389363229626,-0.0211808870568,0.140242465789,-0.0507070262015,0.573806695869,0.818975964948,0.00223416971021,0.0,0.81893439709,-0.573744827434,-0.0120030478601,0.0,-0.00854852897439,0.00871723549139,-0.999925463451,0.0,0.647612153903,0.242826508552,0.303445719369,1.0,-0.0520622857143,-0.0684247183673,1.117
0.453846858233,0.469887424278,-0.124359209758,-1.47790366883,0.0721404080812,1.93868947429,0.142286489201,-0.0469542166483,-0.280028456066,0.00042766899139,-0.418941406885,-0.024429315992,0.153306669266,-0.0567760925302,0.573801951374,0.818979178454,0.00227437029298,0.0,0.818937891411,-0.57373966822,-0.0120112456703,0.0,-0.0085322279258,0.00875481277335,-0.999925274378,0.0,0.646758291116,0.241716965624,0.303482850265,1.0,-0.0564874285714,-0.0742406204082,1.133
0.452972384475,0.464622915725,-0.124382028051,-1.48585635146,0.0716243246974,1.94162151082,0.141002724165,-0.0524445506545,-0.298786940502,0.00176086147341,-0.459003978526,-0.0319731807527,0.151841325974,-0.0699974939425,0.573718674857,0.819036942477,0.00247303031711,0.0,0.81899835124,-0.573655716739,-0.0118981604079,0.0,-0.0083265252539,0.00885177499882,-0.999926154802,0.0,0.645742916543,0.24038390856,0.303584496122,1.0,-0.0614657142857,-0.0807835102041,1.151
0.452107237764,0.459620428479,-0.124412811831,-1.49359913207,0.0711176951729,1.9442667155,0.139871120603,-0.0522739725334,-0.327504814483,-0.00199003485905,-0.491693687469,-0.0341417105656,0.169930291146,-0.0665939809761,0.573745082204,0.819018700082,0.00238672652538,0.0,0.818978751939,-0.573682217325,-0.0119693065541,0.0,-0.00843402571075,0.00882217893809,-0.999925515411,0.0,0.644703638648,0.239058066253,0.303574972104,1.0,-0.0658908571429,-0.0865994122449,1.167
0.451125072345,0.454015601735,-0.124460814303,-1.50230059497,0.070525119531,1.9473138968,0.138506744169,-0.0582069689173,-0.339143181834,-0.00131690021211,-0.518118706754,-0.0357619326666,0.185240275467,-0.0902642808403,0.57370495852,0.819046995448,0.00232093052001,0.0,0.819006266968,-0.573642446359,-0.0119927187865,0.0,-0.00849137951339,0.00878130794245,-0.999925389769,0.0,0.643543912793,0.237556863991,0.303552417655,1.0,-0.0705925714286,-0.0927788081633,1.184
0.450057720599,0.447918792334,-0.124506909976,-1.51130051392,0.0699151329677,1.95073651093,0.137082357584,-0.0621908614081,-0.362810165547,-0.00533824019539,-0.544682406692,-0.0336653109593,0.200263601297,-0.0863303323852,0.573688227025,0.819057438784,0.00273441892966,0.0,0.819022682323,-0.573624777012,-0.0117135792824,0.0,-0.00802571831718,0.00895966615832,-0.999927653497,0.0,0.6424038306,0.235997178329,0.303748876566,1.0,-0.0752942857143,-0.0989582040816,1.201
0.448985592059,0.442007122482,-0.124537184469,-1.5204560501,0.0693095563627,1.95385495024,0.135681849773,-0.0721386301319,-0.375987707365,0.000195372909905,-0.588539250152,-0.0428086314669,0.202855033135,-0.0930125496332,0.5736841224,0.819060674159,0.0026242433651,0.0,0.819024145502,-0.573620695937,-0.0118107230631,0.0,-0.00816853575859,0.00892511481117,-0.999926805996,0.0,0.641140881789,0.234407272269,0.303710098218,1.0,-0.0797194285714,-0.104774106122,1.217
0.44767891893,0.434938771935,-0.124559514288,-1.53129567893,0.0685745208515,1.95753678029,0.133915578184,-0.073853099464,-0.40463651047,-0.00238017155481,-0.599142218196,-0.037656992692,0.214909548672,-0.0949212746948,0.573597165632,0.819121832171,0.00254215286675,0.0,0.819083885771,-0.573533682425,-0.0118932793994,0.0,-0.0082841940136,0.00890435923839,-0.999926039523,0.0,0.639632764308,0.232510211034,0.303699068107,1.0,-0.0846977142857,-0.111316995918,1.235
0.44633756467,0.427946682969,-0.1245978326,-1.54191480718,0.067804728602,1.96135016921,0.13220721681,-0.0824306653602,-0.414009151633,-0.0063046005527,-0.63829221302,-0.0424321607043,0.219626870066,-0.10628178777,0.573569116709,0.819141114171,0.00265524626209,0.0,0.819105128124,-0.573505743837,-0.0117770016227,0.0,-0.00812438366781,0.00893002217855,-0.999927121891,0.0,0.638198448229,0.230613286906,0.303740575173,1.0,-0.0893994285714,-0.117496391837,1.252
0.444965805785,0.421086285048,-0.124687896676,-1.55247637978,0.0670521261575,1.96485633855,0.130441084874,-0.0895555618729,-0.43087590234,-0.0102914477444,-0.675962720385,-0.0483267293107,0.21774854318,-0.1122403372,0.573549695729,0.819155328016,0.0024580508702,0.0,0.819116772074,-0.573487062083,-0.0118764570558,0.0,-0.00831916287286,0.00882533894018,-0.999926449756,0.0,0.636710711891,0.228659147072,0.303683561504,1.0,-0.0938245714286,-0.123312293878,1.268
0.44341542944,0.413401522726,-0.12479126696,-1.56392949882,0.066253746428,1.96896189019,0.128593639747,-0.0939025902235,-0.449522089109,-0.00261620333753,-0.677175469817,-0.0419940598244,0.247040786641,-0.113567699568,0.573637426151,0.819093104123,0.00270868936197,0.0,0.819058264486,-0.573574352912,-0.0116947834487,0.0,-0.00802563624735,0.00892731176315,-0.999927943538,0.0,0.635156698676,0.226526708376,0.303799973112,1.0,-0.0985262857143,-0.129491689796,1.285
0.441730722425,0.405492074756,-0.124833978175,-1.57601277702,0.0654352778976,1.97296601273,0.12657329334,-0.104418825675,-0.46365261214,-0.00776996740699,-0.73523780173,-0.0505439440481,0.235394437706,-0.115692576009,0.573657293468,0.819079631906,0.00257160423076,0.0,0.819042341225,-0.573593983666,-0.011846184383,0.0,-0.00822807004462,0.00890207421344,-0.99992652327,0.0,0.633415888079,0.22427230236,0.303744379225,1.0,-0.103228,-0.135671085714,1.302
0.440049214344,0.397702763893,-0.124947329235,-1.58759236314,0.0646146582672,1.97699522489,0.124604089284,-0.105061267089,-0.509439538355,-0.00318044705547,-0.722538523358,-0.0541906979971,0.262337222654,-0.126378023121,0.573737129976,0.819023155632,0.00274283182881,0.0,0.818988397708,-0.573673520225,-0.0117236305796,0.0,-0.00802858949742,0.00897280236057,-0.999927512657,0.0,0.631798747008,0.222041992273,0.303834948034,1.0,-0.107653142857,-0.141486987755,1.318
0.438168899396,0.389219475937,-0.125004420876,-1.60036080901,0.063636228374,1.98133469449,0.122419123714,-0.109950475738,-0.499265420001,-0.00408105199944,-0.776105190981,-0.0621875383431,0.25252285015,-0.128362692218,0.573747489588,0.819015930652,0.0027332089164,0.0,0.818981441355,-0.573684352185,-0.011679455263,0.0,-0.00799781471785,0.00893967763126,-0.999928055974,0.0,0.629958231111,0.219595480036,0.303836266616,1.0,-0.112354857143,-0.147666383673,1.335
0.436068696504,0.379837613671,-0.125064981212,-1.61435517625,0.0625948853637,1.98594677322,0.119903745149,-0.118974059695,-0.530092045477,-0.00526530554669,-0.798751083834,-0.0508989949496,0.269147184416,-0.146065114864,0.573684856555,0.819059897672,0.00270486347656,0.0,0.819024926445,-0.573621699642,-0.0117073678448,0.0,-0.00803762187335,0.00893186221863,-0.99992780663,0.0,0.627886454622,0.216897500826,0.303860275039,1.0,-0.117333142857,-0.154209273469,1.353
0.434205538516,0.371883965815,-0.125110247578,-1.62631841192,0.0617075352698,1.98994981097,0.117771204479,-0.127006465535,-0.539296257357,-0.00852557198098,-0.778328238791,-0.0624338764551,0.273819020324,-0.13974505196,0.573685486406,0.819059550569,0.00267623049436,0.0,0.819024085036,-0.573622295702,-0.0117369887892,0.0,-0.00807830281506,0.00892540919622,-0.999927536422,0.0,0.626110414659,0.214564420455,0.303824656766,1.0,-0.121481714286,-0.159661681633,1.368
0.431818010612,0.361924232897,-0.125244496943,-1.64101471985,0.0605470194254,1.99476993605,0.115186024736,-0.134110107222,-0.566700595163,-0.00666735374937,-0.793615034905,-0.0617950915418,0.279234584718,-0.150453728287,0.573814754323,0.818968987723,0.00267801620367,0.0,0.818934077661,-0.57375212976,-0.0116712014011,0.0,-0.00802198894473,0.00889039746204,-0.999928301693,0.0,0.623917769121,0.211587678855,0.303876458345,1.0,-0.12646,-0.166204571429,1.386
0.42945119985,0.352335390382,-0.125327573499,-1.65540432696,0.0594852096305,1.99936769657,0.112490488918,-0.140736518225,-0.575305819285,-0.00425792163611,-0.877480951424,-0.0682218332036,0.271624776642,-0.154848732902,0.5738018609,0.818978581615,0.00250083691182,0.0,0.818940718936,-0.573739176137,-0.0118407573615,0.0,-0.0082626576415,0.0088424560317,-0.999926767048,0.0,0.621695784736,0.208698849446,0.30378482242,1.0,-0.131161714286,-0.172383967347,1.403
