position_joint1,position_joint2,position_joint3,position_joint4,position_joint5,position_joint6,position_joint7,velocity_joint1,velocity_joint2,velocity_joint3,velocity_joint4,velocity_joint5,velocity_joint6,velocity_joint7,ee_T_00,ee_T_10,ee_T_20,ee_T_30,ee_T_01,ee_T_11,ee_T_21,ee_T_31,ee_T_02,ee_T_12,ee_T_22,ee_T_32,ee_T_03,ee_T_13,ee_T_23,ee_T_33,v_x,v_y,time
0.465056671113,0.54779943091,-0.123994533143,-1.35583261885,0.0795216442119,1.8941084606,0.159165862724,-0.000271829586446,0.000343403655445,1.7258276774e-05,0.0033584941179,-9.95821457492e-05,-0.000513943772624,-0.000258061122328,0.573835151765,0.818956764118,0.00194525203543,0.0,0.818913396864,-0.57377644097,-0.0119243920196,0.0,-0.00864958824418,0.00843579067149,-0.999927008366,0.0,0.66168286408,0.26087958667,0.303202562884,1.0,0.0,0.0,0.0
0.465054363781,0.547796283223,-0.123994533147,-1.35583520408,0.0795255688787,1.89411008923,0.159162917768,-0.00122738491184,0.000462601366792,0.000301484692638,-0.00112581034365,0.000125744120997,5.85643827949e-05,-0.00188510687043,0.573835816691,0.818956288313,0.00194941470559,0.0,0.81891293875,-0.573777052801,-0.0119264130249,0.0,-0.0086488480364,0.00844036638692,-0.999926976155,0.0,0.661683061491,0.260878541645,0.303203711037,1.0,-0.00024,-0.000315428571429,0.013
0.465048879004,0.547787777451,-0.123999890717,-1.35584331242,0.0795228882178,1.89410850334,0.159164603024,-0.00144804732691,-0.000646988153434,-0.00150190260716,-0.00223703566245,0.000271634319685,-0.000350625732566,0.00064601287523,0.573845137923,0.818949764767,0.00194611692062,0.0,0.818906414414,-0.573786427789,-0.0119233643661,0.0,-0.00864814747052,0.00843601471807,-0.999927018937,0.0,0.661683923021,0.260870418757,0.303205912168,1.0,-0.0006,-0.000788571428571,0.031
0.465056596654,0.547764035446,-0.123997729121,-1.3558627329,0.0795218824124,1.8941124005,0.159169164184,0.000368693438475,-0.00161712410363,0.00066590633884,-0.00511907285596,-0.000211359214059,0.00032067246236,-0.000921760165726,0.573841821686,0.818952069446,0.00195410729285,0.0,0.818908806813,-0.573783062691,-0.0119209896645,0.0,-0.00864165186681,0.00844116061542,-0.999927031668,0.0,0.661678424228,0.260874886547,0.303213753118,1.0,-0.00094,-0.00123542857143,0.048
0.465061567409,0.547671609658,-0.123992416344,-1.35597280408,0.0795200110012,1.89413872502,0.159161632861,0.00148190227158,-0.00653439647307,-0.000511710287571,-0.00758944224449,-2.22453886762e-05,-7.60957179167e-05,-0.00170459893125,0.57383340496,0.818957937259,0.00196653365482,0.0,0.818914746537,-0.573774507316,-0.0119247456984,0.0,-0.00863768456274,0.00845340359107,-0.999926962519,0.0,0.661658473346,0.260870885073,0.303228946246,1.0,-0.00126,-0.001656,0.064
0.465055220418,0.547533668394,-0.123997729434,-1.35616086589,0.0795197386879,1.89416565871,0.159159262141,-0.000215104004516,-0.00730187859597,-0.000674478539123,-0.00958344319383,1.19523665325e-05,0.00265405969771,0.000866273999381,0.573850510461,0.818945982578,0.00195350059046,0.0,0.818902491309,-0.573791537405,-0.0119468921119,0.0,-0.00866312398415,0.00845561943399,-0.999926723707,0.0,0.661627261218,0.26084487935,0.303239667072,1.0,-0.0016,-0.00210285714286,0.081
0.465037191575,0.547381187045,-0.12400237767,-1.35637196638,0.0795169863721,1.89427668116,0.159157956652,0.00186061143536,-0.00994832495028,-0.00121677684165,-0.0147643312011,0.000392029080359,0.0094523117533,0.000890125195495,0.573878751883,0.818926077376,0.00200120772978,0.0,0.818883187801,-0.573819556895,-0.011924251033,0.0,-0.00861691389364,0.00848199296982,-0.999926899623,0.0,0.661610958186,0.260814308553,0.30325699455,1.0,-0.00194,-0.00254971428571,0.098
0.465017352821,0.547190956912,-0.123992522544,-1.35657973418,0.0795156626577,1.89439972247,0.159142809543,-0.00237651610769,-0.01230513416,0.00138804565076,-0.0127888870359,0.000344245466112,0.00612319725041,0.000840797110504,0.573887211023,0.818919904181,0.00209915741861,0.0,0.818878206817,-0.573827531449,-0.0118824851213,0.0,-0.00852641341723,0.00853832489829,-0.999927195991,0.0,0.661595874291,0.260792883265,0.303303207588,1.0,-0.00226,-0.00297028571429,0.114
0.4649988292,0.546987707077,-0.123990197185,-1.35684865926,0.0795113518115,1.89452446525,0.159128843961,-0.000776927230138,-0.00610490258198,0.00149742737708,-0.0146744924374,-0.000130121599433,0.0111725011936,0.000322969110486,0.573903351734,0.818908444898,0.00215607156621,0.0,0.818867407402,-0.573843360296,-0.0118622864608,0.0,-0.0084770424153,0.00857350775928,-0.999927314717,0.0,0.661568983627,0.260760502944,0.30332991759,1.0,-0.0026,-0.00341714285714,0.131
0.464968328854,0.546751249398,-0.123994916535,-1.35720586223,0.0795030987982,1.89465101597,0.159088253972,-0.000414040348027,-0.0163833091194,0.000100657740046,-0.0181446218695,-3.48169691202e-05,0.0124454708629,-0.00407134605286,0.573919197517,0.818897308972,0.00216771319997,0.0,0.818856277997,-0.573859010885,-0.0118734372126,0.0,-0.00847932728213,0.00858960449601,-0.999927157199,0.0,0.661523107028,0.260707130979,0.303337777062,1.0,-0.00296,-0.00389028571429,0.149
0.464933584695,0.546487998379,-0.123997825532,-1.35758440327,0.0794949737371,1.89479635129,0.158963954052,-0.00259561271596,-0.0130526915377,2.16246953544e-05,-0.0255265200915,-0.00109580963894,0.0124618589152,-0.0133996111052,0.573863875023,0.81893598854,0.00220148084198,0.0,0.818895321749,-0.573803484335,-0.0118642439042,0.0,-0.00845300167861,0.0086114091398,-0.999927192547,0.0,0.661487273772,0.260647962873,0.303357461793,1.0,-0.00326,-0.00428457142857,0.164
0.464889150723,0.546175625437,-0.123997103046,-1.35808853302,0.0794837272166,1.89497277,0.158933364312,-0.00100706541253,-0.0237367042597,-0.000727508646383,-0.0302775617615,-0.00235905120752,0.0146097557612,-0.000805778081861,0.573899883267,0.818910762436,0.00219864828535,0.0,0.818869868448,-0.573839305579,-0.0118885163709,0.0,-0.00847412635347,0.00862339101669,-0.999926910484,0.0,0.661427029524,0.260573400786,0.303353987455,1.0,-0.00362,-0.00475771428571,0.182
0.464833806901,0.545861824356,-0.123998141673,-1.3586304564,0.0794618138243,1.89515964274,0.158873379286,-0.00252029244738,-0.0128751607488,-0.000488112850339,-0.0337266872391,-0.00148507548895,0.00702322016992,-0.0053163654079,0.573921272094,0.818895853034,0.00216846092273,0.0,0.818854447906,-0.573860693546,-0.0119182401518,0.0,-0.00851556689782,0.00861595130451,-0.99992662256,0.0,0.661364024478,0.260485115779,0.303334461643,1.0,-0.00396,-0.00520457142857,0.199
0.464770970572,0.545530665856,-0.123998142591,-1.35920432278,0.0793749366575,1.89534601547,0.158771149891,-0.00137059351859,-0.024076576956,-0.000922878827198,-0.036651378935,-0.00601122079972,0.0136016735201,-0.00501134497743,0.573897893124,0.818912437143,0.00209176039334,0.0,0.818870455057,-0.573838053765,-0.0119085173778,0.0,-0.00855186592544,0.00854731838086,-0.999926901797,0.0,0.661299333042,0.260378360302,0.303311800318,1.0,-0.00428,-0.00562514285714,0.215
0.464711968942,0.545139753952,-0.124001752064,-1.35989473634,0.0793170926079,1.89555116166,0.158712976512,-0.002327575425,-0.021502283178,-0.00104329828115,-0.0358065098218,-0.000388267791065,0.00522544579103,-0.00165136904011,0.573924019082,0.818894352806,0.00200154048738,0.0,0.818851282148,-0.573864634634,-0.0119459509041,0.0,-0.00863402466553,0.00849519570787,-0.999926639943,0.0,0.661211307751,0.26026497822,0.303277746612,1.0,-0.00462,-0.006072,0.232
0.464639325201,0.544719744607,-0.123998463914,-1.36061478948,0.0793031273721,1.89579745734,0.158618595993,-0.0033000319331,-0.0252272310829,0.000438269706083,-0.0389334038528,-0.00022097048606,0.0176972953007,-0.00105318317705,0.573940327125,0.818882994176,0.00197221965628,0.0,0.81883921618,-0.573880745293,-0.0119989636316,0.0,-0.00869409576768,0.00850178359504,-0.999926063454,0.0,0.661124873108,0.260153343479,0.303253575442,1.0,-0.00496,-0.00651885714286,0.249
0.464578508336,0.544285233217,-0.124004428936,-1.36132901679,0.0792775473151,1.89606015165,0.15853048931,-0.00289970214337,-0.0323663447599,0.000461176408756,-0.0511570358738,-0.000737319739988,0.0170713934077,-0.00645795865861,0.573955216792,0.818872575473,0.00196498262291,0.0,0.818828561985,-0.573895526142,-0.0120190703789,0.0,-0.00871456016204,0.00850755583722,-0.999925836217,0.0,0.661043043263,0.26004429261,0.303244107131,1.0,-0.00528,-0.00693942857143,0.265
0.464508563127,0.543783570401,-0.124005197534,-1.3621468294,0.0792428302012,1.8963551018,0.158412482571,-0.00221549628692,-0.0317229311336,0.0026570558423,-0.0481308843244,-0.00440864240256,0.0223488670214,-0.00137529698523,0.573952723591,0.818874348507,0.00195431321284,0.0,0.818830042729,-0.573892929889,-0.0120421364075,0.0,-0.00873959833401,0.00851203124347,-0.999925579603,0.0,0.660947172646,0.25992151759,0.303235421532,1.0,-0.00562,-0.00738628571429,0.282
0.464425168267,0.543211744029,-0.124013622764,-1.36305202072,0.0791955157581,1.89665557885,0.158318199545,-0.000376376502335,-0.0344475172779,0.000173678656952,-0.0500528204539,-0.00130822724904,0.0131502862551,-0.00308261196029,0.573987279209,0.818850187616,0.00192884627358,0.0,0.818805468602,-0.573927513178,-0.0120648707247,0.0,-0.00877247260866,0.00850459593801,-0.999925355,0.0,0.660839960442,0.259774310641,0.303235434029,1.0,-0.00598,-0.00785942857143,0.3
0.464359081921,0.542713519149,-0.124011991862,-1.3638452085,0.0791407532257,1.89694447806,0.158198033323,-0.0042210079897,-0.0367280750286,-0.000598980481208,-0.0581503443076,-0.00620479850306,0.0101821036166,-0.00476682905782,0.573971362859,0.818861364811,0.0019200883642,0.0,0.818816569379,-0.573911673769,-0.0120649625955,0.0,-0.00877773960914,0.00849730679054,-0.999925370748,0.0,0.660747790661,0.259654715787,0.303235273859,1.0,-0.00628,-0.00825371428571,0.315
0.464270782608,0.542075568762,-0.124013748501,-1.36481984063,0.0790861354448,1.89730407915,0.158063891284,-0.00482159206945,-0.0359562135204,-0.000464192510045,-0.0583141082883,-0.0008233969395,0.0177274360175,-0.0149835891321,0.57397462715,0.818859025905,0.00194164449176,0.0,0.818814473343,-0.573914806383,-0.012058198885,0.0,-0.0087597951238,0.00851111068633,-0.99992541071,0.0,0.660637988718,0.259503610171,0.303253756384,1.0,-0.00664,-0.00872685714286,0.333
0.464196305775,0.541430547251,-0.124014787361,-1.36578587558,0.0790269847982,1.89766505964,0.157949771893,-0.00355123288407,-0.0336297192059,0.000369905734924,-0.056273252527,1.867370396e-05,0.0206006459799,0.000938443216188,0.573980717621,0.81885467689,0.0019750536702,0.0,0.818810574457,-0.573920765286,-0.0120393202984,0.0,-0.00872509740422,0.00852769671942,-0.999925572762,0.0,0.660526970859,0.259362536241,0.303281323211,1.0,-0.00698,-0.00917371428571,0.35
0.46411269561,0.540788352274,-0.124009524108,-1.36677547306,0.0789776391143,1.89802738725,0.157812379982,-0.0049237124693,-0.048089296196,-0.00104605857937,-0.0618822943003,-0.00343621404174,0.0279989554532,-0.00668060113417,0.573974656902,0.818858876977,0.00199492627941,0.0,0.818814897209,-0.573914486003,-0.0120446571415,0.0,-0.0087181251811,0.00854696786231,-0.999925469039,0.0,0.660410915494,0.259217930058,0.303295517018,1.0,-0.0073,-0.00959428571429,0.366
0.464017937346,0.540055982354,-0.124021130049,-1.36787794964,0.0789067125226,1.89843273906,0.157667491116,-0.00199189893198,-0.0455231389935,-0.000408470201374,-0.0628943934007,-0.00287256841381,0.0211908586604,-0.00278244758046,0.573983799674,0.818852406465,0.00202015845851,0.0,0.81880884495,-0.573923607062,-0.0120214637082,0.0,-0.00868455506196,0.00855441372989,-0.999925697494,0.0,0.660287514775,0.2590434072,0.303323866565,1.0,-0.00764,-0.0100411428571,0.383
0.463902833375,0.539255953485,-0.124020459004,-1.36910037975,0.0788362566491,1.89890410842,0.157525651932,-0.00145498120831,-0.0520124450163,-0.000203636212947,-0.0705903465034,-0.00972807003298,0.0290295139312,-0.00901615529747,0.574010329309,0.818833702988,0.00206291003934,0.0,0.818790686293,-0.573949939553,-0.0120010761579,0.0,-0.00864304494323,0.00857799835738,-0.99992585511,0.0,0.660153534923,0.258853782782,0.303348140765,1.0,-0.008,-0.0105142857143,0.401
0.463812748911,0.538603432384,-0.124026798503,-1.3701427289,0.0787811221009,1.89930661466,0.157390352794,-0.000577553511082,-0.0456570764013,0.000135614775737,-0.0792814245064,-0.00218991766174,0.0232279968725,-0.0122030182361,0.574020753242,0.818826365142,0.00207496908642,0.0,0.818783478258,-0.57396028415,-0.0119981186952,0.0,-0.00863359229673,0.00858628484938,-0.99992586565,0.0,0.660037632615,0.258693860533,0.303348075948,1.0,-0.0083,-0.0109085714286,0.416
0.463697519102,0.537771133318,-0.124032888697,-1.37144846194,0.0787080107281,1.8998066963,0.15723521997,-0.00711441728307,-0.0447031559769,-7.7280647098e-05,-0.0734667746887,-0.00339727771627,0.027701182329,-0.00985086496441,0.574044968373,0.818809330674,0.00209790085288,0.0,0.81876673363,-0.57398439097,-0.0119875653734,0.0,-0.00861153383515,0.0085992585768,-0.999925944376,0.0,0.659892161627,0.258492307109,0.303357948914,1.0,-0.00866,-0.0113817142857,0.434
0.463580799823,0.536940526094,-0.124039299304,-1.37275395868,0.0786279133113,1.90028673706,0.157082629277,-0.00855067253328,-0.0433823814435,-0.00127588626464,-0.0800878672621,-0.00289471255342,0.0282690869881,-0.00730237340678,0.57407056127,0.818791383803,0.00209937954804,0.0,0.818748831899,-0.574010000301,-0.0119840193339,0.0,-0.00860751264021,0.00859870280963,-0.999925983779,0.0,0.659743242918,0.258287122793,0.30336484222,1.0,-0.009,-0.0118285714286,0.451
0.463482897555,0.536191216994,-0.124045660755,-1.37391455736,0.0785612986356,1.90072597848,0.15693139273,-0.00618367088072,-0.053223798086,0.000522864314876,-0.0777239037054,-0.00823825780821,0.0264530300609,-0.00968957710716,0.57407731501,0.818786607647,0.00211528477592,0.0,0.818744249152,-0.574016672989,-0.0119775002482,0.0,-0.00859297350819,0.00860805416034,-0.999926028369,0.0,0.659601000146,0.25809840041,0.303375738336,1.0,-0.00932,-0.0122491428571,0.467
0.463362592251,0.535251849706,-0.124049722598,-1.37541061415,0.0784756093006,1.90125770772,0.156738777549,-0.0108936569569,-0.0539585721206,0.00128309489197,-0.0849350930219,-0.00540090006766,0.0332138387559,-0.0160320198349,0.574080176078,0.818784632709,0.00210322985211,0.0,0.818742058857,-0.574019525723,-0.0119904983155,0.0,-0.00861050653597,0.00860567580949,-0.999925898015,0.0,0.659431872282,0.257885194564,0.303376693996,1.0,-0.00966,-0.012696,0.484
0.463247141986,0.534350624404,-0.12405243956,-1.37687729655,0.0784025854361,1.90178891756,0.156561762333,-0.00688010482994,-0.0540593473903,4.08834133298e-05,-0.0879621862996,-0.00511897175487,0.0349597656503,-0.0150558712709,0.574092545293,0.818776017215,0.00208085905962,0.0,0.818732982899,-0.574031819229,-0.0120216524332,0.0,-0.00864872790282,0.00860537466898,-0.999925570746,0.0,0.65925505522,0.257669441496,0.303360572493,1.0,-0.01,-0.0131428571429,0.501
0.463119285849,0.533492259313,-0.124047470374,-1.37827756159,0.0783203855671,1.90230085213,0.156387747528,-0.0101676197813,-0.0501695693718,0.00107465906788,-0.0837023541333,-0.00112826432493,0.039332796694,-0.022114282639,0.574105877208,0.818766730573,0.00205659033502,0.0,0.8187232997,-0.574045173299,-0.0120434397898,0.0,-0.00868035919006,0.00859815353143,-0.999925358774,0.0,0.659090300959,0.257454531065,0.303343715466,1.0,-0.01032,-0.0135634285714,0.517
0.462979759365,0.532491160429,-0.124057477202,-1.37989398413,0.0782402080309,1.90291361183,0.156184866565,-0.0086520515143,-0.0515986254461,-0.000613963045127,-0.0923548594847,-2.33258934268e-05,0.0342211541861,-0.00934026120561,0.574128073584,0.818751158907,0.00205956590457,0.0,0.818707653306,-0.574067241637,-0.0120551813852,0.0,-0.00868803168369,0.00860756615628,-0.999925211158,0.0,0.658905018704,0.257206616741,0.303333693596,1.0,-0.01068,-0.0140365714286,0.535
0.462850150257,0.531521915182,-0.124057716353,-1.38145584922,0.0781429175639,1.90348475265,0.155985878599,-0.00444824402813,-0.0598476179292,-0.00125554758364,-0.0889970049078,-0.00233004059962,0.0365043073859,-0.0146296570918,0.574130484787,0.818749520535,0.00203861804572,0.0,0.818705731694,-0.574069732866,-0.0120670460344,0.0,-0.0087097469276,0.00859725279216,-0.999925110972,0.0,0.658719025249,0.256971427877,0.303322999322,1.0,-0.01102,-0.0144834285714,0.552
0.462726232217,0.530623567061,-0.124058451642,-1.38291072938,0.0780500582413,1.90398731537,0.155797733138,-0.00604674459832,-0.0518230903192,-0.00111145958077,-0.0902426763163,-0.00442872019273,0.0331347037893,-0.00969175924711,0.574132449453,0.81874826236,0.00199004220602,0.0,0.818703806153,-0.574071875602,-0.0120957155151,0.0,-0.00876108747636,0.00857396298043,-0.99992486243,0.0,0.658540441457,0.256747572746,0.303307133521,1.0,-0.01132,-0.0148777142857,0.567
0.462578876469,0.52951836694,-0.124055693925,-1.38464325792,0.0779471357772,1.90462758986,0.155564853923,-0.00925056339997,-0.0648381943267,-2.47753321353e-05,-0.0933021328968,-0.00641851845348,0.0287505591266,-0.0154052631083,0.574126942266,0.818752094102,0.00200236594427,0.0,0.818707741483,-0.57406625909,-0.0120959129991,0.0,-0.00875423191724,0.00858410731463,-0.999924835438,0.0,0.65833528408,0.256487798352,0.303316449541,1.0,-0.01168,-0.0153508571429,0.585
0.462433159969,0.528429612617,-0.124062346572,-1.38633032671,0.0778388311714,1.90527610448,0.155327324778,-0.0075268930452,-0.0687052558661,-0.001318594662,-0.0966874996892,-0.00176076466644,0.0456242091069,-0.0055063229536,0.574118924889,0.818757625386,0.00203908242937,0.0,0.818713856552,-0.574058186198,-0.0120651087753,0.0,-0.00870801550629,0.00859639782565,-0.999925133403,0.0,0.658143488335,0.256228526082,0.303336549505,1.0,-0.01202,-0.0157977142857,0.602
0.462307955559,0.527444352881,-0.124058867959,-1.38786683492,0.0777396182473,1.90586782516,0.155122179686,-0.00398918458954,-0.0716256034742,-4.36220555229e-05,-0.101471181998,-0.0136540832717,0.0375625084885,-0.00593759485446,0.574107394198,0.818765611642,0.00207846602652,0.0,0.818722407703,-0.57404653876,-0.0120389934721,0.0,-0.0086641444369,0.00861352771768,-0.999925367086,0.0,0.657953550466,0.255989182538,0.30335421227,1.0,-0.01234,-0.0162182857143,0.618
0.462153097195,0.526215219186,-0.124069480345,-1.38978011898,0.0776255119205,1.90658355519,0.154855131396,-0.00914216670169,-0.0658208392455,-0.00221863611048,-0.105109644132,-0.00948271890452,0.0415913675076,-0.0133052911024,0.574089495079,0.818778077895,0.00211132650632,0.0,0.81873528627,-0.574028486289,-0.0120239280436,0.0,-0.00863313334835,0.00863159447591,-0.999925479516,0.0,0.657727379296,0.255701864569,0.303375497226,1.0,-0.0127,-0.0166914285714,0.636
0.461999646229,0.525029782147,-0.124074450998,-1.3916235292,0.0775086959971,1.90724595535,0.154608684914,-0.0078920695971,-0.0710661433396,-0.00105019394178,-0.108866912908,-0.0107152310757,0.0362389832989,-0.0224903435396,0.57408563641,0.818780829756,0.00209327298472,0.0,0.818737859029,-0.574024760731,-0.0120266022121,0.0,-0.0086457272712,0.00861830735578,-0.999925485313,0.0,0.657502723499,0.255418163516,0.30337993571,1.0,-0.01304,-0.0171382857143,0.653
0.461854073129,0.523914747745,-0.12407258875,-1.39339925513,0.0774013909512,1.90788429715,0.154361403887,-0.0136186215656,-0.0662450210916,-0.000255378275168,-0.112759823106,-0.00468407579088,0.0379786463799,-0.0139773186422,0.574072675138,0.818789959712,0.00207664080089,0.0,0.818746693726,-0.574011793876,-0.0120440402514,0.0,-0.00866968983929,0.00861456305343,-0.999925310101,0.0,0.657298424679,0.255168124068,0.303374782287,1.0,-0.01334,-0.0175325714286,0.668
0.46168456444,0.522622859446,-0.124075413149,-1.39543627682,0.0772693604742,1.90867042672,0.154087452328,-0.0126734717932,-0.0779716584873,0.00115705374884,-0.118655429832,-0.00733359750616,0.0490239551748,-0.0126597996223,0.574062948814,0.818796708889,0.00210409407914,0.0,0.818753906409,-0.574002057323,-0.0120177298424,0.0,-0.00863248951524,0.00862183467517,-0.999925569276,0.0,0.657060929722,0.254862232807,0.303381517905,1.0,-0.0137,-0.0180057142857,0.686
0.461523647534,0.521399176303,-0.124075527523,-1.39742220262,0.0771563623469,1.9094406543,0.153816559489,-0.00748234972621,-0.0699721725282,0.00162070444085,-0.117707854768,-0.0037381987051,0.0496907865578,-0.0173897478778,0.574049066928,0.81880642132,0.00211188661315,0.0,0.818763664107,-0.573988088,-0.0120201527912,0.0,-0.00863014668856,0.0086294596595,-0.999925523724,0.0,0.656825951251,0.254570748742,0.303362886748,1.0,-0.01404,-0.0184525714286,0.703
0.461359539991,0.520176557273,-0.124086510083,-1.39932735577,0.0770316413874,1.91013635283,0.153554391252,-0.00861980140783,-0.0741655100219,-0.00176451307012,-0.120546469529,-0.00765452903912,0.0494394612322,-0.0217181639399,0.574044384064,0.818809694376,0.00211575558054,0.0,0.818767078101,-0.573983479965,-0.0120076411474,0.0,-0.00861773014519,0.00862539604676,-0.999925665872,0.0,0.656598379083,0.254273565141,0.303375417183,1.0,-0.01436,-0.0188731428571,0.719
0.461186050457,0.518836365916,-0.124090431642,-1.40141434104,0.0768967547901,1.91088152368,0.153282169073,-0.00836815172602,-0.0792103132813,-0.00273365798831,-0.121069109479,-0.00867786811458,0.0366626083599,-0.015253223434,0.574040667295,0.818812315259,0.00210987526354,0.0,0.818769640194,-0.573979806268,-0.0120085467638,0.0,-0.00862188618158,0.00862106199007,-0.999925667422,0.0,0.656341464558,0.253956077899,0.303387646206,1.0,-0.0147,-0.01932,0.736
0.461012724398,0.517491184463,-0.124087573256,-1.40353365054,0.0767620660159,1.91163671214,0.152991098419,-0.0119828247661,-0.0809445744693,0.0012946152444,-0.124757388159,-0.00176876355426,0.0414754140244,-0.0147585952368,0.574018040651,0.818828223548,0.00209194375383,0.0,0.818785269824,-0.573957213379,-0.0120227297328,0.0,-0.00864403064619,0.00861428234706,-0.999925534664,0.0,0.656076673947,0.253639647051,0.303388257422,1.0,-0.01504,-0.0197668571429,0.753
0.460835809157,0.516204542094,-0.12409679641,-1.40555874923,0.0766315454115,1.91239329265,0.152714057108,-0.015031348629,-0.0841364248902,-0.000178991813967,-0.12407090861,-0.00785943617422,0.0548364643616,-0.0203574123552,0.57401448704,0.818830693255,0.00210032212439,0.0,0.81878793371,-0.573953709559,-0.0120085717726,0.0,-0.00862766558427,0.008612978405,-0.999925687234,0.0,0.655835627284,0.253325016549,0.303392757302,1.0,-0.01536,-0.0201874285714,0.769
0.460634889009,0.514749268445,-0.124102679462,-1.40789352168,0.0764888471484,1.91326817224,0.152392318113,-0.0114105922068,-0.0847062573854,0.00299282468509,-0.128569029945,-0.0119019007118,0.0567103874266,-0.0237969972591,0.574004478968,0.81883772799,0.0020929037262,0.0,0.818794871752,-0.573943734048,-0.0120122871012,0.0,-0.00863507115019,0.00860893118544,-0.999925658162,0.0,0.655554336923,0.252968157117,0.303377894971,1.0,-0.01572,-0.0206605714286,0.787
0.460461299366,0.5134269115,-0.124105697631,-1.41001912506,0.0763676835458,1.91400077628,0.152106486128,-0.00736226406531,-0.0813996589359,-0.00111422014286,-0.132030594186,-0.0086710427957,0.0476527341698,-0.0160808110851,0.57399353243,0.818845540421,0.00203778387066,0.0,0.818801773729,-0.573932834055,-0.0120625135595,0.0,-0.00870795201747,0.00859251124826,-0.999925167361,0.0,0.655281212559,0.252647912501,0.303356566547,1.0,-0.01604,-0.0210811428571,0.803
0.46026071823,0.511995479767,-0.124103242898,-1.412307827,0.0762269896989,1.91481629232,0.151785475825,-0.0127352906212,-0.0818091215836,0.000691498803288,-0.130044880393,-0.0139415972294,0.048589188968,-0.0174584788671,0.573974967242,0.818858640823,0.00200255594113,0.0,0.818814313007,-0.573914324391,-0.012091979817,0.0,-0.00875249513042,0.00858038038543,-0.999924882629,0.0,0.654994513424,0.252297785155,0.303340600599,1.0,-0.01638,-0.021528,0.82
0.460060884648,0.510537694663,-0.124109637274,-1.41463508735,0.0760874944555,1.91570744192,0.151459812336,-0.0103659446911,-0.0888559257474,-7.18023756693e-05,-0.138978899669,-0.00933201049291,0.0469073041013,-0.0114070406736,0.573960717316,0.818868589846,0.00201852484488,0.0,0.818824474162,-0.573900010305,-0.0120832771581,0.0,-0.00873635289972,0.00858830932143,-0.999924955725,0.0,0.654715274931,0.251944065696,0.30333111954,1.0,-0.01672,-0.0219748571429,0.837
0.459855226086,0.509046697503,-0.12411516858,-1.41699789068,0.0759426622388,1.91656775066,0.15111934338,-0.00860100972143,-0.0839887338921,-0.000808788586819,-0.140067473408,-0.00715619516768,0.045400086532,-0.0183276737529,0.573938152125,0.818884433649,0.00200717811745,0.0,0.818840128138,-0.573877456459,-0.0120936520351,0.0,-0.00875159762015,0.00858473157103,-0.999924853138,0.0,0.654422859843,0.251580440616,0.303324750272,1.0,-0.01706,-0.0224217142857,0.854
0.459663193809,0.507623403708,-0.12411070754,-1.41922944293,0.0757961517758,1.91736661732,0.150811497529,-0.0143150497517,-0.0913025041019,0.000995294568754,-0.138601556304,-0.0104981484936,0.0486552156748,-0.013863240386,0.573916092608,0.818899922731,0.00199551926376,0.0,0.818855448986,-0.573855435044,-0.0121012494096,0.0,-0.00876474137964,0.00857930877778,-0.999924784556,0.0,0.654141246473,0.25124193566,0.303327312554,1.0,-0.01738,-0.0228422857143,0.87
0.459454236863,0.506050816662,-0.124121181098,-1.42167205881,0.075645969577,1.91827830499,0.150485573476,-0.00965927888733,-0.0931334520149,0.000821414350604,-0.148248675897,-0.00551090749174,0.0508115256981,-0.020598076449,0.573913652987,0.818901553602,0.00202764034058,0.0,0.818857525613,-0.57385288156,-0.0120818033791,0.0,-0.00873040839265,0.00859442593341,-0.99992495509,0.0,0.653842470118,0.250867620451,0.303343561994,1.0,-0.01772,-0.0232891428571,0.887
0.459228434522,0.504417524782,-0.124123073042,-1.42414664461,0.0754855257143,1.91923395429,0.150145718831,-0.00847624703799,-0.100475052967,-4.77369219064e-05,-0.148116226919,-0.00657143290471,0.0636599735899,-0.0221211684966,0.573905931257,0.818906734441,0.00211878662763,0.0,0.81886401509,-0.573844889218,-0.012021431307,0.0,-0.00862874230737,0.00863433509204,-0.999925493756,0.0,0.653548217709,0.250485699375,0.303389898735,1.0,-0.01806,-0.023736,0.904
0.459010823425,0.502847412304,-0.124128064711,-1.42647014626,0.0753415378342,1.92011580981,0.149807868667,-0.0187187621776,-0.0984284617354,-0.000644380903831,-0.14972336986,-0.00646877776173,0.0582381632703,-0.025656732176,0.573891513263,0.818916550982,0.00222720321229,0.0,0.818875295012,-0.573830073407,-0.0119601410138,0.0,-0.00851648521423,0.00868779237971,-0.999925993133,0.0,0.653270601552,0.250122158573,0.303457068883,1.0,-0.01838,-0.0241565714286,0.92
0.458777466024,0.501137092864,-0.124129075521,-1.42902882448,0.0751685746345,1.92102027545,0.14945692208,-0.0133082655716,-0.0977034651767,0.000948692527268,-0.152524746855,-0.015688686173,0.0502325450935,-0.0231723584904,0.573879557232,0.818924813668,0.00226941629674,0.0,0.818884159669,-0.573818000847,-0.011932386528,0.0,-0.00846965855874,0.00870630937793,-0.999926229809,0.0,0.652948136239,0.249721706486,0.303511393,1.0,-0.01872,-0.0246034285714,0.937
0.458532220827,0.499429983411,-0.124132663925,-1.4316325721,0.0750070510168,1.92196030347,0.149092396582,-0.0202465469715,-0.100079164951,-0.000604664903672,-0.158770811564,-0.0190573619383,0.0517991657754,-0.0195492273034,0.573871854568,0.818930103723,0.00230795411791,0.0,0.81888989197,-0.573810082963,-0.0119197491409,0.0,-0.00843727650012,0.00873053693363,-0.999926292329,0.0,0.652606125131,0.249286893624,0.303542632383,1.0,-0.01908,-0.0250765714286,0.955
0.458294700583,0.497855948526,-0.124135075824,-1.43412442949,0.0748567080552,1.92288738805,0.148722040689,-0.0104643498044,-0.106713078902,0.00179111483192,-0.160128071693,-0.000731226418282,0.0555408867606,-0.0175646290077,0.573849639183,0.818945658755,0.00231225374279,0.0,0.81890543658,-0.573787784467,-0.0119252352976,0.0,-0.00843953921172,0.00873697734733,-0.99992621698,0.0,0.652296012676,0.24889284106,0.303535054846,1.0,-0.0194,-0.0254971428571,0.971
0.458011394263,0.496088605637,-0.124135863089,-1.4369599948,0.0746780813599,1.92388603064,0.148306018624,-0.0175960492731,-0.0984227925851,-0.000252381185611,-0.155495606348,-0.0149026311566,0.0529128076658,-0.0224302946538,0.573839366384,0.818953019221,0.00225406273424,0.0,0.818911951861,-0.573777658483,-0.0119649749616,0.0,-0.00850558529085,0.00871202029747,-0.999925875113,0.0,0.651956102385,0.248459200516,0.303505319412,1.0,-0.01974,-0.025944,0.988
0.457743235403,0.494414098123,-0.12414039733,-1.43970597322,0.074510658665,1.92482885721,0.147922863917,-0.0159421312401,-0.0987206239149,-0.00378460620211,-0.157338450058,-0.00565354600393,0.0602119495427,-0.0204744544912,0.573841389147,0.818951893309,0.0021455648236,0.0,0.818909220416,-0.573779938562,-0.0120423304781,0.0,-0.00863117346909,0.0086675773449,-0.999925185175,0.0,0.65159931518,0.248015351719,0.303446686013,1.0,-0.0223205714286,-0.0293356081633,1.005
0.4574364982,0.49215503762,-0.124212995867,-1.44311618891,0.0743114168591,1.92609597326,0.147429699603,-0.0209333051469,-0.146699408853,-0.00061828024918,-0.227494483461,-0.0140242265566,0.0887324270959,-0.0365092579108,0.573858550759,0.818939627458,0.00223544185495,0.0,0.8188983236,-0.573796922919,-0.0119738780762,0.0,-0.00852335769424,0.00870207944927,-0.999925810341,0.0,0.651186464239,0.24745224413,0.303507930118,1.0,-0.032268,-0.0424093714286,1.022
0.457038949851,0.489171565803,-0.124241808215,-1.44787023796,0.0740593570139,1.92789697127,0.146721892985,-0.0267965864659,-0.189801175632,0.000166862536001,-0.301515436428,-0.0152210921079,0.107894477111,-0.0436753159854,0.573795777487,0.818983503841,0.00227443971164,0.0,0.818942417972,-0.573733700406,-0.0119876589117,0.0,-0.00851293608661,0.00874127151901,-0.999925557275,0.0,0.650585080128,0.246733713753,0.303477277448,1.0,-0.0422154285714,-0.0554831346939,1.039
0.456451545659,0.485303220791,-0.124314002926,-1.45396825454,0.0737042973468,1.93019260745,0.145801043006,-0.0329456735733,-0.249894481579,-0.00503912480488,-0.384180668629,-0.0266293560173,0.138199601673,-0.0537944089494,0.57378195755,0.818993046345,0.00232424832259,0.0,0.818952658263,-0.573719729604,-0.0119566838055,0.0,-0.0084591366395,0.00876414751899,-0.999925813611,0.0,0.649834806055,0.245736093909,0.303463405344,1.0,-0.0521628571429,-0.0685568979592,1.056
0.455779566457,0.480881673968,-0.124440301667,-1.46094134672,0.0732830021639,1.93263909477,0.144736571642,-0.0437537484483,-0.296345097751,-0.0183760556996,-0.462186738952,-0.0239413839214,0.160107482495,-0.0630734676814,0.573780003809,0.81899470695,0.00221903537139,0.0,0.818953019613,-0.573718280795,-0.0120013686341,0.0,-0.00855612096099,0.00870359862983,-0.999925517309,0.0,0.648943621096,0.244556176527,0.303427775562,1.0,-0.0615251428571,-0.0808616163265,1.072
0.454900109002,0.475337713254,-0.124571776094,-1.46960833816,0.0727576356975,1.93570154111,0.143490260915,-0.0536672864529,-0.34491760595,-0.00511457222581,-0.534522466494,-0.030376727654,0.195649006209,-0.0744738564218,0.573853267752,0.818943549413,0.00215333844672,0.0,0.818901024885,-0.57379182999,-0.0120330453126,0.0,-0.00861898277271,0.00866874033468,-0.999925280247,0.0,0.647834774727,0.243079085759,0.303411550331,1.0,-0.0714725714286,-0.0939353795918,1.089
0.453811880593,0.468585508318,-0.124671782181,-1.47994469801,0.0721612986735,1.93950294877,0.141898358462,-0.0608023385975,-0.392698903811,-0.00280393051138,-0.594864550788,-0.0376534063125,0.229618995669,-0.0980169926387,0.573848313187,0.818946481151,0.00234975823592,0.0,0.818906272033,-0.573785814424,-0.0119625955297,0.0,-0.00844863023369,0.00878911624093,-0.99992568328,0.0,0.646523974714,0.241343855867,0.303490541451,1.0,-0.0820051428571,-0.107778187755,1.107
0.452751424962,0.462295812848,-0.124713630773,-1.48963110466,0.0715526882676,1.94300463072,0.140342072081,-0.0724762073922,-0.422273733019,-0.0041229678167,-0.665420118007,-0.0441849725762,0.228448451331,-0.102827993302,0.573764236839,0.819005130136,0.00243808033005,0.0,0.818965903772,-0.573701219544,-0.0119375899145,0.0,-0.00837837903248,0.00884623714542,-0.999925770672,0.0,0.645266114548,0.239712231468,0.303521906495,1.0,-0.0907822857143,-0.119313861224,1.122
0.451374621399,0.454448942472,-0.124827249819,-1.50188777288,0.0707514279382,1.94713553283,0.138506116152,-0.08391075105,-0.48305449837,-0.0119528967718,-0.732958608071,-0.044728060109,0.255208569492,-0.120485059505,0.573819142721,0.818967382008,0.00218301533133,0.0,0.818924541944,-0.573756875156,-0.0120991616806,0.0,-0.0086564653749,0.00873062350501,-0.999924418054,0.0,0.643610619191,0.237567612051,0.303447574983,1.0,-0.100729714286,-0.13238762449,1.139
0.449866354516,0.445664583987,-0.12495768766,-1.51493710015,0.0698497125584,1.95193851177,0.136458116033,-0.0928100432933,-0.524236427279,-0.0057963521519,-0.779895538322,-0.0505052549153,0.286717599133,-0.116268086159,0.573817820124,0.818967137725,0.00258525355624,0.0,0.818930488578,-0.573754941907,-0.0117842443658,0.0,-0.00816776412928,0.00887932332616,-0.999927219975,0.0,0.641925820553,0.235280295086,0.303680393504,1.0,-0.110677142857,-0.145461387755,1.156
0.448264455556,0.436902480435,-0.124988152842,-1.52840734145,0.0689757118926,1.95654596449,0.134319978258,-0.104450052797,-0.561907501964,-0.00149592833612,-0.847545341874,-0.0562451218476,0.279597219933,-0.133768179955,0.57375922563,0.819008419854,0.0025111978616,0.0,0.818970095696,-0.573695868538,-0.0119071272377,0.0,-0.00831153364843,0.00888859118931,-0.999925952936,0.0,0.640061267142,0.232940335606,0.303660671064,1.0,-0.120039428571,-0.157766106122,1.172
0.446283284363,0.426188789579,-0.125100154291,-1.54443059463,0.06785989998,1.96226739257,0.131670237864,-0.11778161094,-0.59734529077,-0.00517161837557,-0.910635661929,-0.0648782359091,0.323333819483,-0.148621075336,0.573679782019,0.819063079767,0.00281530923252,0.0,0.819029251124,-0.573615912534,-0.0116883528355,0.0,-0.00795874532689,0.00901136581595,-0.999927724218,0.0,0.637894880036,0.230079332211,0.303832506196,1.0,-0.130572,-0.171608914286,1.19
0.444039211875,0.414760480513,-0.125228523894,-1.56160747275,0.0666132178239,1.96825116453,0.128838434606,-0.124362479113,-0.65578226517,-0.0121967833302,-0.962877881359,-0.0758191707169,0.356878723004,-0.151669758485,0.573667727691,0.819071056123,0.00294790250059,0.0,0.819039570771,-0.573604133844,-0.0115423589556,0.0,-0.00776323254571,0.00903610160599,-0.999929038026,0.0,0.635521257983,0.226924101208,0.303934666981,1.0,-0.141104571429,-0.185451722449,1.208
0.442147491082,0.405443596811,-0.125305477804,-1.57582478787,0.0656706717378,1.97309731707,0.126459516248,-0.141513088237,-0.669666412266,-0.00397389404982,-1.04152540582,-0.0711409754412,0.342739029639,-0.163361947021,0.573646596844,0.819085992062,0.00290971462736,0.0,0.819053393623,-0.573582415408,-0.0116403621118,0.0,-0.00786564784226,0.00906084020071,-0.999928013788,0.0,0.633488273859,0.224322882957,0.303889955058,1.0,-0.149296571429,-0.19621835102,1.222
0.439431523084,0.392643253908,-0.125444356904,-1.59487712532,0.0643415191393,1.97961815331,0.12318489945,-0.156927768371,-0.710103101188,-0.00865488258136,-1.09042217605,-0.0862491907159,0.370240133183,-0.191885901864,0.573676174713,0.81906451545,0.00311656828498,0.0,0.819034508039,-0.573611209326,-0.0115499817325,0.0,-0.00767262941018,0.00917870302883,-0.999928438524,0.0,0.630771080455,0.220711621937,0.304009287588,1.0,-0.159829142857,-0.210061159184,1.24
0.436630855886,0.380052901714,-0.125592223044,-1.61378126119,0.0628732128252,1.98589265019,0.119840020929,-0.170953641552,-0.765746378961,-0.0133492135603,-1.11453341805,-0.0879594663494,0.392836493054,-0.197220417739,0.573643085477,0.81908814517,0.00299463319555,0.0,0.819057121037,-0.5735791773,-0.0115371897327,0.0,-0.00773246496794,0.00907117940804,-0.999928958821,0.0,0.627998998805,0.217038411273,0.303997372858,1.0,-0.169776571429,-0.223134922449,1.257
0.433760621801,0.367650280949,-0.12571187779,-1.63239815297,0.0615120226508,1.99199877294,0.116561959282,-0.187267596216,-0.791779190444,-0.00950775808796,-1.18226143137,-0.0939791694496,0.379309691844,-0.201147702337,0.57369580976,0.819051627842,0.00288022471712,0.0,0.819018677555,-0.573631756724,-0.0116516263202,0.0,-0.00789124707126,0.00904362115338,-0.999927967974,0.0,0.625204949411,0.213394094002,0.303942455306,1.0,-0.179138857143,-0.235439640816,1.273
0.430410200547,0.353881238477,-0.12591167501,-1.65274987166,0.0599089317228,1.99871958137,0.112811036397,-0.19934273959,-0.790645464483,-0.00689811660411,-1.22063768413,-0.0893659331432,0.391478187612,-0.2215140125,0.573772340396,0.818997922153,0.00290719925901,0.0,0.818965985298,-0.573708952049,-0.011554227164,0.0,-0.00779515187995,0.0090105667483,-0.999929020128,0.0,0.622155847976,0.209248758765,0.303981188306,1.0,-0.189086285714,-0.248513404082,1.29
0.426774286505,0.33943643765,-0.126090954088,-1.67382716313,0.0583551473084,2.00555056186,0.108823812231,-0.217086462523,-0.87124486377,-0.0053477152109,-1.2563532986,-0.0975674621369,0.412171221212,-0.235888210215,0.573882913108,0.81891985458,0.00306931895668,0.0,0.818889495601,-0.57381838031,-0.0115415472721,0.0,-0.00769051864766,0.00913710574018,-0.999928682068,0.0,0.618918830587,0.204908397763,0.304078433943,1.0,-0.199033714286,-0.261587167347,1.307
0.422966880337,0.324576172587,-0.126215390386,-1.69555324172,0.0565794233071,2.0125623537,0.104554036764,-0.226767322556,-0.893447061644,-0.00806984334075,-1.27672238687,-0.116588998583,0.4244726389,-0.25669399747,0.573769390091,0.818999233505,0.00311278248687,0.0,0.818969792614,-0.573705161729,-0.011472274933,0.0,-0.00761011151485,0.00913189083618,-0.99992934489,0.0,0.615495653632,0.200438915035,0.304099327058,1.0,-0.208981142857,-0.274660930612,1.324
0.418888960931,0.309164611109,-0.126324150607,-1.71791336576,0.054757170041,2.01962179727,0.100105997264,-0.243745496232,-0.943861588011,-0.00401531034458,-1.32374512861,-0.110532105121,0.437388664651,-0.271283645656,0.573683269689,0.81905940151,0.00315432685505,0.0,0.819030379232,-0.573618783452,-0.011466301383,0.0,-0.00758234679874,0.00916169117988,-0.999929283215,0.0,0.611879220701,0.19578335373,0.304122116169,1.0,-0.218928571429,-0.287734693878,1.341
0.414166614205,0.292286570975,-0.126461352119,-1.74227665559,0.0527082683376,2.02704063636,0.0950869895997,-0.272782404116,-0.955737677745,-0.0119317002935,-1.35120526208,-0.100066247557,0.416271735677,-0.275958906969,0.573618293666,0.819105344893,0.0030387563976,0.0,0.81907454436,-0.573553838507,-0.0115599314735,0.0,-0.007726060011,0.00912013176931,-0.999928563045,0.0,0.607838534015,0.190552951185,0.304107025704,1.0,-0.229461142857,-0.301577502041,1.359
0.409664001288,0.276827739546,-0.126624715365,-1.76447292664,0.0508699008686,2.03371387725,0.0903583404895,-0.288630023884,-0.953244430044,-0.00396257709465,-1.40282546138,-0.106491987348,0.407293284555,-0.303602073116,0.573587741665,0.819127019773,0.00296226112836,0.0,0.819094611421,-0.573522822043,-0.0116763452237,0.0,-0.00786563694082,0.00912395628004,-0.999927439956,0.0,0.604322925931,0.18598954964,0.304060198984,1.0,-0.238238285714,-0.31311317551,1.374
0.404437700153,0.259829365355,-0.126844967286,-1.78852803947,0.0487160152142,2.04092762894,0.085085818778,-0.31959782851,-0.985031570364,-0.0138242449683,-1.44006878307,-0.127184320916,0.410043096396,-0.304866924741,0.573649799365,0.8190834407,0.00299528988144,0.0,0.819051860939,-0.573585227362,-0.0116096057918,0.0,-0.00779133183676,0.00911332124431,-0.999928118679,0.0,0.599994590958,0.180220004696,0.304114585183,1.0,-0.248770857143,-0.326955983673,1.392
0.398827825654,0.242385954766,-0.127059914765,-1.81302687625,0.04649730197,2.04807176846,0.0795566739205,-0.336987058226,-1.02519491915,-0.00835540943183,-1.4816097514,-0.137862727863,0.429417945327,-0.333627144936,0.573743752152,0.819017652586,0.00298973584684,0.0,0.818986102124,-0.573679304566,-0.0116002992207,0.0,-0.00778585015734,0.00910432659507,-0.999928243313,0.0,0.595721925903,0.17453279697,0.304140161743,1.0,-0.258718285714,-0.340029746939,1.409
