position_joint1,position_joint2,position_joint3,position_joint4,position_joint5,position_joint6,position_joint7,velocity_joint1,velocity_joint2,velocity_joint3,velocity_joint4,velocity_joint5,velocity_joint6,velocity_joint7,ee_T_00,ee_T_10,ee_T_20,ee_T_30,ee_T_01,ee_T_11,ee_T_21,ee_T_31,ee_T_02,ee_T_12,ee_T_22,ee_T_32,ee_T_03,ee_T_13,ee_T_23,ee_T_33,v_x,v_y,time
0.465054547473,0.547724263233,-0.124038724333,-1.35580604348,0.079428620518,1.894096743,0.159151192447,0.000657960411928,0.000758548622256,0.000235621231844,0.00201962968241,-0.000400846880467,-0.000608287953845,-0.00148910558572,0.573829443266,0.818960724728,0.00196170707547,0.0,0.818918660124,-0.573771731009,-0.0117887953778,0.0,-0.00852915255446,0.00837139759356,-0.999928584079,0.0,0.661704545164,0.260840893608,0.303268735036,1.0,0.0,0.0,0.0
0.46505945646,0.54771865969,-0.124037903343,-1.35581532152,0.079430898253,1.8940955491,0.159152816153,0.00199039476739,-0.000593378927982,0.000413513617709,-0.000270316615925,0.000337996615454,0.0001407779284,-0.00109710383832,0.573827270907,0.818962252198,0.00195947448682,0.0,0.818920122648,-0.573769532573,-0.0117941983231,0.0,-0.00853488078405,0.00837264692274,-0.999928524742,0.0,0.661700730805,0.260843876449,0.303268161897,1.0,-0.00012,-0.000157714285714,0.007
0.465048882565,0.54772313311,-0.124046386051,-1.3558162497,0.0794288604342,1.89409706117,0.159154902891,-0.00287685697865,-0.000397091681023,-0.00137130713626,-0.00042640397199,-0.000190628699706,-0.000191079037253,-2.74376753115e-05,0.573843095287,0.818951180262,0.00195275201651,0.0,0.818909027063,-0.573785444401,-0.0117905084699,0.0,-0.00853555447962,0.00836518918514,-0.99992858141,0.0,0.661705521052,0.260831573028,0.30326495976,1.0,-0.00042,-0.000552,0.022
0.465050571133,0.547711393825,-0.124041358799,-1.35582807139,0.0794267265573,1.89410109329,0.159152145776,0.000933502712597,-0.00120400421837,-0.000905539956975,-0.000409936043316,-0.000196427347462,0.000237898761238,-0.00119098385054,0.573836029507,0.818956121781,0.0019567160461,0.0,0.818914006457,-0.573778350258,-0.0117898984413,0.0,-0.00853285248269,0.00836801179682,-0.999928580853,0.0,0.661702450986,0.260834279563,0.303267829079,1.0,-0.00076,-0.000998857142857,0.039
0.46505557664,0.547656671786,-0.124041335578,-1.35589264672,0.0794264689013,1.89411227902,0.159156389761,-0.00103885932522,-0.0087513622557,-0.00096359688054,-0.00795599951564,0.000256880796714,0.000467128464149,0.00108936684682,0.573838827933,0.818954151666,0.00196059337445,0.0,0.818912037338,-0.5737810844,-0.0117936079706,0.0,-0.00853363711718,0.00837334490247,-0.999928529512,0.0,0.661690028236,0.260831376815,0.303276829185,1.0,-0.0011,-0.00144571428571,0.056
0.465052406375,0.547537196044,-0.124037031176,-1.3560395182,0.0794270790153,1.8941398219,0.159148479301,0.000337548790426,-0.0105363119975,0.00260519542054,-0.0115752498834,0.000204663512189,0.00494184817987,-0.000854722533552,0.573840098281,0.81895324222,0.00196864512617,0.0,0.818911089555,-0.573782181984,-0.0118060129846,0.0,-0.00853916352077,0.00838707045373,-0.999928367302,0.0,0.661664810927,0.26081787475,0.303293809283,1.0,-0.0014,-0.00184,0.071
0.465043888667,0.547400716766,-0.124041831117,-1.35623997079,0.0794167000165,1.89419535455,0.159147203803,-0.00161586420228,-0.00926486830436,-0.00212227012222,-0.0144892765348,-0.000365350687643,0.000891799975056,-0.000314269642238,0.573857718124,0.818940912066,0.00196183463077,0.0,0.818898656186,-0.573799812627,-0.0118115548439,0.0,-0.00854742971775,0.0083848570875,-0.999928315239,0.0,0.661637436066,0.260789546372,0.303300040697,1.0,-0.00174,-0.00228685714286,0.088
0.465035992523,0.547210551358,-0.12404075259,-1.35646401886,0.0794147339811,1.89432489768,0.159132545128,-0.00199349755199,-0.0114963291607,0.000279934802411,-0.0129698068092,-0.00347114461017,0.00263642314167,-0.00146774492837,0.57386369088,0.818936513118,0.00204906647444,0.0,0.818895338844,-0.573805386807,-0.0117706835667,0.0,-0.00846384013135,0.00843290126017,-0.999928622246,0.0,0.661618850525,0.260769344628,0.303339313893,1.0,-0.0021,-0.00276,0.106
0.465017901253,0.547024843285,-0.124036901724,-1.35670939726,0.0794129007017,1.89444736454,0.159125980165,-0.000403498062589,-0.0105088199916,-3.1370918919e-05,-0.0155121787546,0.000460954772465,0.0111456736593,0.000595097222049,0.57388385545,0.818922228503,0.00210974376519,0.0,0.818881747318,-0.573825217505,-0.0117494921568,0.0,-0.00841145807252,0.00847063760537,-0.999928745297,0.0,0.661595844905,0.260740945442,0.303364564074,1.0,-0.00244,-0.00320685714286,0.123
0.464996631067,0.546796702679,-0.124038941931,-1.35703893114,0.0793982602261,1.89458050213,0.1591045425,0.00142835216837,-0.0159790299428,0.000427086030229,-0.0265131000067,7.22381205031e-06,0.00726974922631,-0.00564138368852,0.573899753145,0.818911012165,0.00213878402439,0.0,0.818870884982,-0.573840978198,-0.0117367955998,0.0,-0.00838423066988,0.00848729547099,-0.999928832713,0.0,0.661559667367,0.260696243889,0.303380900419,1.0,-0.00278,-0.00365371428571,0.14
0.464964285169,0.546539424028,-0.124038473504,-1.35742304875,0.0793838806758,1.89472056008,0.159013198902,-0.00239314688067,-0.0125625869033,-0.000178443362107,-0.0252916046651,-0.000288180409999,0.0106062615692,-0.0101474256781,0.573868759753,0.818932687299,0.00215572577263,0.0,0.818892690043,-0.573809832428,-0.0117381984856,0.0,-0.00837597904909,0.00850165716688,-0.999928779864,0.0,0.661515389553,0.2606400797,0.303392397309,1.0,-0.00312,-0.00410057142857,0.157
0.464923902479,0.54625219642,-0.124041435415,-1.35785954679,0.0793520592373,1.89487756429,0.158945919095,-0.000650637706179,-0.0130347176379,-0.00053165037656,-0.0234819526048,-0.000638727893521,0.0038286441414,-0.00167081483875,0.573864733549,0.818935500344,0.00215888077824,0.0,0.818895597613,-0.573805849047,-0.011730077216,0.0,-0.00836755933744,0.00849953924358,-0.999928868362,0.0,0.661467091582,0.260569113895,0.303401707781,1.0,-0.00346,-0.00454742857143,0.174
0.464879189409,0.545945187875,-0.124035778258,-1.35836996961,0.0792942343042,1.89504779833,0.158914083018,-0.00134704902429,-0.024746087619,0.00500116397841,-0.0276542307097,-0.00478950148617,0.00591777618693,0.000265978547197,0.573884419387,0.818921815439,0.00211666822487,0.0,0.818881552081,-0.573825883642,-0.0117305509438,0.0,-0.00839196663183,0.00846544396471,-0.999928953053,0.0,0.66140554849,0.2604884411,0.303390635541,1.0,-0.0038,-0.00499428571429,0.191
0.46482384787,0.545628854861,-0.124036489807,-1.3589153006,0.0792606054954,1.89522933488,0.158820674411,-0.00439386197665,-0.0241738075176,0.000767239614425,-0.032798754619,-0.000772840940556,0.00565892887637,-0.0086897133518,0.573875206452,0.818928376736,0.00207559572447,0.0,0.818887557752,-0.573816808048,-0.0117552312836,0.0,-0.00843584317593,0.00844587790278,-0.99992874931,0.0,0.661341312387,0.260397718414,0.303370766849,1.0,-0.00412,-0.00541485714286,0.207
0.464755086934,0.545248355099,-0.12404178246,-1.3595759589,0.0792428188124,1.89545087616,0.158760393642,-0.00275261772177,-0.0243185934278,-0.000469064374197,-0.0349695119306,-0.00187897094004,0.0152678715726,-0.0052826223048,0.573917943121,0.818898526906,0.00203570541119,0.0,0.818856984792,-0.573859491951,-0.011801222705,0.0,-0.00849595858929,0.00844004755316,-0.999928289571,0.0,0.661263845977,0.260287904926,0.303345063598,1.0,-0.00446,-0.00586171428571,0.224
0.464680697968,0.544825697148,-0.124044522314,-1.36027582725,0.0792099172798,1.89568468179,0.15867818203,-0.0066297536984,-0.0270523109093,-0.00125150986667,-0.0425811550086,-0.00404301848721,0.0122459704552,-0.0064892579307,0.573943638841,0.818880598012,0.00200313101336,0.0,0.818838523722,-0.573885207092,-0.0118316546529,0.0,-0.00853930958936,0.0084311060917,-0.999927995729,0.0,0.661182569178,0.260170140582,0.303331457498,1.0,-0.0048,-0.00630857142857,0.241
0.464609044477,0.544423959065,-0.12404497583,-1.3609528094,0.079173832852,1.89592349341,0.15855817937,-0.00648149101886,-0.0283613185382,-0.00020990884415,-0.0461111162076,-0.000641280442219,0.0123727082778,-0.00690159195435,0.573932497934,0.818888476448,0.00197429913615,0.0,0.818845961128,-0.573874119206,-0.0118547100857,0.0,-0.00857485139549,0.00842061236835,-0.999927779998,0.0,0.661105857406,0.260057782608,0.303314255659,1.0,-0.00512,-0.00672914285714,0.257
0.464533051718,0.543902214185,-0.124045668394,-1.36180618524,0.0791328653363,1.8962243874,0.158500186188,-0.00502935920678,-0.0301366350294,0.000183105968927,-0.0495515703294,-0.00162415782403,0.0164419188526,-0.00622595955054,0.573984313655,0.818852209828,0.00195270032682,0.0,0.818809297373,-0.573925903187,-0.0118801972482,0.0,-0.00860758619385,0.00841809812065,-0.999927519915,0.0,0.6610054672,0.25992648608,0.303303367272,1.0,-0.00548,-0.00720228571429,0.275
0.464465205878,0.543455590983,-0.124045666481,-1.36253800659,0.0790857951099,1.89647831666,0.158388423523,-0.00154733357887,-0.031275764656,0.000264959175862,-0.047166980952,-0.00374623852888,0.0156063680915,-0.00544523670856,0.573976482015,0.818857766341,0.00192444741629,0.0,0.818814480753,-0.573918183928,-0.0118958466566,0.0,-0.00863669733896,0.00840386342688,-0.999927388633,0.0,0.660919658986,0.259810251445,0.303293015263,1.0,-0.00578,-0.00759657142857,0.29
0.464388982775,0.542948186228,-0.1240560049,-1.36336355055,0.0790386879019,1.89676044364,0.158282829898,-0.0038432628712,-0.0336180618001,-0.00230420774292,-0.0527335599582,-0.00345195344021,0.0125264754695,-0.00892301470156,0.573992923171,0.818846315548,0.00189276632601,0.0,0.818802605464,-0.57393474344,-0.011914296421,0.0,-0.00866982029188,0.00838868533768,-0.999927229439,0.0,0.660823933451,0.259674075672,0.303283795996,1.0,-0.0061,-0.00801714285714,0.306
0.464312226417,0.542283728103,-0.124057066055,-1.36439189118,0.0789822669872,1.89713745608,0.158140821611,-0.0010257711927,-0.0279856512552,-0.00104988623274,-0.0599079619244,-0.0017909377617,0.0222936168144,-0.0072671303834,0.573982314461,0.818853719311,0.00190681878803,0.0,0.818810129059,-0.573924016063,-0.011913993343,0.0,-0.00866161542697,0.00839990573562,-0.999927206351,0.0,0.660702934961,0.259525858262,0.303296980921,1.0,-0.00648,-0.00851657142857,0.325
0.464237715738,0.541735096892,-0.124059444512,-1.36523181184,0.0789234363595,1.89745312001,0.158034324938,-0.00717953810259,-0.0357012980952,-0.00133180355194,-0.0593214670669,-0.00605055947767,0.020769641479,-0.0109338685287,0.573988738533,0.818849180186,0.00192225043484,0.0,0.818805875972,-0.573930457766,-0.0118959667256,0.0,-0.00863793083567,0.00840226265517,-0.999927391431,0.0,0.660609794749,0.259394661795,0.303312558869,1.0,-0.00678,-0.00891085714286,0.34
0.464165987939,0.541085097842,-0.124057742111,-1.36623567759,0.078866269883,1.89782327461,0.157891495875,-0.00247259673238,-0.0393664127387,-0.00100960085029,-0.0635652711637,-0.00246306095697,0.0245548206295,-0.0125028254521,0.573969722412,0.818862471375,0.00193846025723,0.0,0.81881932369,-0.573911323747,-0.0118934657744,0.0,-0.00862677457714,0.00841389995953,-0.999927389888,0.0,0.660490470059,0.259253511517,0.303326302644,1.0,-0.00712,-0.00935771428571,0.357
0.464075417461,0.540380833031,-0.124055508113,-1.36729962333,0.0788106677816,1.89821605022,0.157786224332,-0.00331451317635,-0.0395684788593,-9.54081712536e-05,-0.065940087188,-0.0029510088331,0.0284209325506,-0.01084612072,0.574000167347,0.818841050857,0.00197185640692,0.0,0.818798239243,-0.573941530736,-0.0118873719116,0.0,-0.00860230344442,0.00843806847955,-0.999927397052,0.0,0.660367710298,0.259095602664,0.303351656331,1.0,-0.00746,-0.00980457142857,0.374
0.463985162489,0.539695508394,-0.124058448436,-1.36836196678,0.078750320306,1.89861941694,0.157638139981,-0.00314858536926,-0.0446703111146,-0.000392209712942,-0.0649888181665,-0.00198872462437,0.026463765761,-0.00658703726856,0.573997599524,0.818842794537,0.00199511316676,0.0,0.818800267244,-0.573938849839,-0.0118771169529,0.0,-0.00858058388337,0.00845119852613,-0.999927472782,0.0,0.660248102931,0.25893480125,0.303365364251,1.0,-0.00778,-0.0102251428571,0.39
0.463888683973,0.538950188704,-0.124064044018,-1.36953533997,0.0786704239288,1.89906146296,0.157491150488,-0.0055556763895,-0.0377734890804,-0.000934846831605,-0.0682880917798,-0.00170671686342,0.0252818542936,-0.0078752071204,0.574003700981,0.818838506312,0.00199968531465,0.0,0.818796145819,-0.573945037661,-0.0118622189086,0.0,-0.00856569706563,0.00844645480428,-0.9999276405,0.0,0.660115205214,0.258755432704,0.303371920269,1.0,-0.00812,-0.010672,0.407
0.463766835886,0.538172118295,-0.124060902125,-1.37072797665,0.0786150273227,1.89951583815,0.157343584524,-0.00942184778324,-0.0468975958336,0.00030176061023,-0.0681753358434,-0.000473069556771,0.0254688995776,-0.011409971203,0.57403151794,0.818818899354,0.00204288366795,0.0,0.8187769412,-0.573972518159,-0.0118581557781,0.0,-0.00853728734863,0.00847978446428,-0.999927601369,0.0,0.659984131119,0.258567338617,0.303393137529,1.0,-0.00846,-0.0111188571429,0.424
0.463655708657,0.537372165426,-0.12406205013,-1.37199316651,0.0785313873092,1.89999129387,0.157193794653,-0.00762279813969,-0.0441005668376,0.00195816138555,-0.0750791990516,-0.00463314119566,0.0332254905805,-0.0117108120107,0.574048054716,0.81880729795,0.00204611870588,0.0,0.818765448514,-0.573989106078,-0.0118487689155,0.0,-0.00852757279504,0.00847721725938,-0.999927706032,0.0,0.659840540389,0.258372390475,0.303397066886,1.0,-0.0088,-0.0115657142857,0.441
0.463523017765,0.536386964105,-0.124070885242,-1.3735293364,0.0784527576,1.90056887538,0.157004364888,-0.00353355363253,-0.0503970171849,-0.00045356386908,-0.0781641061725,-0.000828785644814,0.0237036091691,-0.0132454421443,0.574071348272,0.818790898004,0.00207348501241,0.0,0.818749315943,-0.574012198642,-0.0118448450563,0.0,-0.00850840944282,0.0084976142125,-0.999927696147,0.0,0.659666095629,0.258136768845,0.303411773081,1.0,-0.0092,-0.0120914285714,0.461
0.463429968732,0.535722722431,-0.124082102982,-1.37457925769,0.0783808726317,1.90095427058,0.156879780662,-0.00265471497636,-0.0490125946174,-0.00126385849496,-0.0807606490954,-0.00449147101666,0.032102600166,-0.0103304198208,0.574091807277,0.818776574118,0.00206528312796,0.0,0.818735000572,-0.574032802934,-0.0118358309681,0.0,-0.00850552462683,0.00848593655464,-0.999927819861,0.0,0.659547316359,0.257967497648,0.303414595718,1.0,-0.00946,-0.0124331428571,0.474
0.463304831855,0.534822608234,-0.124079088983,-1.37600947773,0.0783058660307,1.90147433221,0.156711762765,-0.00859986142169,-0.0485346704763,0.000751017813089,-0.0861711011325,-0.00311436157014,0.0367850356707,-0.00693961795984,0.574112909175,0.818761783527,0.00206306960744,0.0,0.818720033561,-0.574053763889,-0.0118545228525,0.0,-0.0085218814729,0.00849507457649,-0.999927603001,0.0,0.659378223208,0.257751920715,0.303413965251,1.0,-0.0098,-0.01288,0.491
0.463178326298,0.533923443138,-0.124080206596,-1.37749362493,0.0782164858194,1.90200028482,0.156531250665,-0.00698495328121,-0.0530358199363,0.000567011626596,-0.0908408434445,-0.0125158891375,0.0277337805608,-0.00827903424573,0.574126702687,0.818752239244,0.00201168999722,0.0,0.818709768987,-0.574067712831,-0.0118878993718,0.0,-0.00857856311885,0.00847231383939,-0.999927311435,0.0,0.659199456704,0.257524733167,0.303387456762,1.0,-0.01014,-0.0133268571429,0.508
0.463054336708,0.532999641181,-0.124080806587,-1.37896796375,0.0781352830905,1.90256935278,0.156341150189,-0.00736561714961,-0.0514629653181,-0.000261773389721,-0.0898942127764,-3.75624433864e-05,0.0362034928861,-0.0076501713837,0.574132012922,0.818748471148,0.00202968787864,0.0,0.818706177233,-0.574072891607,-0.0118851749969,0.0,-0.00856594498947,0.00848554082196,-0.99992730745,0.0,0.659030639648,0.257305245406,0.3033865378,1.0,-0.01048,-0.0137737142857,0.525
0.462914763868,0.53204598593,-0.124083253843,-1.38052328332,0.0780567433856,1.90314426229,0.156136633051,-0.00669695884153,-0.0599769453452,0.00543668289993,-0.0903784546517,-0.00284559882905,0.0300427272341,-0.00779565307248,0.574144458611,0.818739784094,0.00201332774775,0.0,0.818697122947,-0.574085250295,-0.0119118921232,0.0,-0.00859708374162,0.00848761590165,-0.999927022601,0.0,0.65884878549,0.257066045121,0.303368515454,1.0,-0.01082,-0.0142205714286,0.542
0.462783830225,0.531041021111,-0.124081064317,-1.38212886791,0.0779466612763,1.90372233325,0.155935452225,-0.00455836980341,-0.0557449420761,0.000231609467884,-0.0910274612898,-0.0110244285857,0.0289481682736,-0.0174486468328,0.574143145174,0.818740769407,0.00198702348245,0.0,0.818697825594,-0.574084104692,-0.0119188090248,0.0,-0.00861786219499,0.00847003737917,-0.999926992794,0.0,0.658655214994,0.256825109412,0.3033625794,1.0,-0.01116,-0.0146674285714,0.559
0.462647810267,0.530001055269,-0.124088769657,-1.38377215849,0.077843680851,1.90430585378,0.155716172815,-0.00781329586731,-0.0604473584892,0.00025553204469,-0.0914845423476,-0.0048359627734,0.038011694437,-0.0135340029812,0.574141878689,0.818741706585,0.00196670639037,0.0,0.818698508945,-0.574082933348,-0.0119282853123,0.0,-0.00863729839435,0.00845883058677,-0.99992691996,0.0,0.658457563687,0.256572599553,0.303363929742,1.0,-0.0115,-0.0151142857143,0.576
0.462516042628,0.528953893952,-0.124089474106,-1.3854266749,0.0777443247314,1.9049265556,0.155496808014,-0.0115792150481,-0.0629048661054,-0.00062667237027,-0.092668843074,-0.00586963571594,0.0455572955305,-0.00928736804494,0.574133755329,0.81874737759,0.00197726625764,0.0,0.818704299085,-0.574074749013,-0.011924768636,0.0,-0.00862844054269,0.00846537156859,-0.99992694108,0.0,0.658261547719,0.256328838746,0.303367770626,1.0,-0.01184,-0.0155611428571,0.593
0.4623931436,0.527920692507,-0.124089721095,-1.38704303071,0.0776417566246,1.90555847259,0.15526330438,-0.00882932654836,-0.0670391951829,-0.000366386102648,-0.101601945087,-0.00565264851929,0.0414532414203,-0.0184789863487,0.574103479046,0.818768516783,0.00201449074773,0.0,0.81872598656,-0.574044385339,-0.0118974574501,0.0,-0.00858502177517,0.00847985090219,-0.999927192114,0.0,0.658073677627,0.256095786139,0.303380646525,1.0,-0.01216,-0.0159817142857,0.609
0.46225077877,0.526754853377,-0.124089723049,-1.38880217505,0.0775285233452,1.90622709832,0.155016374051,-0.0064303673654,-0.0638965798853,-0.00266371153701,-0.108554767013,-0.00773621826428,0.0377850519654,-0.00625276140729,0.574082413639,0.818783135804,0.00207503606754,0.0,0.818741453576,-0.574023136237,-0.0118582529477,0.0,-0.00851838282768,0.0085066963002,-0.99992753401,0.0,0.65786820641,0.255835665648,0.303421791858,1.0,-0.0125,-0.0164285714286,0.626
0.462083831803,0.525458075354,-0.124088163217,-1.39085785538,0.0774052187817,1.9069700677,0.154758200387,-0.00970998707401,-0.0627563262019,0.000612619922587,-0.107111065777,-0.00479034522077,0.0363873976595,-0.0101508275913,0.574084085006,0.818781996401,0.00206218653156,0.0,0.818740070155,-0.574024782625,-0.011874062346,0.0,-0.00853868669372,0.0085052687155,-0.999927372979,0.0,0.657617314485,0.255530267483,0.303420037125,1.0,-0.01288,-0.016928,0.645
0.461924146741,0.524273994067,-0.124100696526,-1.39272555141,0.077285928331,1.9076412753,0.15448824086,-0.00819732268632,-0.0615606464478,-0.00244279321971,-0.113890879498,-0.00854657159218,0.0378583140384,-0.00844975724941,0.574070757852,0.818791381791,0.00204572371993,0.0,0.818749296155,-0.574011578412,-0.0118762281915,0.0,-0.00855004880483,0.00849289368864,-0.999927381074,0.0,0.657393738847,0.255238108268,0.303422357223,1.0,-0.01322,-0.0173748571429,0.662
0.461790311957,0.523287106999,-0.124093600231,-1.39430409797,0.0771895868746,1.90823080411,0.154278871471,-0.0128793127718,-0.0753879599293,0.00131964308201,-0.117949011653,-0.00585527656545,0.041336139348,-0.0167423871686,0.574062643824,0.818797074742,0.00204407938996,0.0,0.818754917571,-0.57400342228,-0.0118828896562,0.0,-0.00855653146451,0.00849528666536,-0.999927305295,0.0,0.657203820697,0.255004284291,0.303415698093,1.0,-0.0135,-0.0177428571429,0.676
0.461630398713,0.522056357502,-0.124096716512,-1.39625573496,0.0770715935157,1.90898471914,0.154007031512,-0.00999511398423,-0.0761158575082,3.97497568466e-05,-0.120511731065,-0.0091949489636,0.0500547043217,-0.0236986776242,0.574046069576,0.81880863076,0.00206956476763,0.0,0.818766825017,-0.573986766472,-0.0118669738504,0.0,-0.00852904203123,0.00850684445366,-0.999927441887,0.0,0.656974935362,0.254713958462,0.303417171308,1.0,-0.01384,-0.0181897142857,0.693
0.461473577374,0.520882528415,-0.124101809822,-1.39814630926,0.0769553350001,1.9097068938,0.153758976928,-0.00831983573303,-0.0757773317383,-0.000236828616204,-0.120648476199,-0.00917108329398,0.0410508031349,-0.0131461609256,0.574039608983,0.818813164577,0.00206778511751,0.0,0.818771365584,-0.57398034368,-0.0118643529182,0.0,-0.00852798453632,0.00850381547918,-0.999927476671,0.0,0.656737345545,0.254409714751,0.30340283518,1.0,-0.01418,-0.0186365714286,0.71
0.461295017355,0.519576923776,-0.124099995995,-1.40019328861,0.0768192085304,1.91044376204,0.153484579013,-0.00727072064701,-0.0818046886846,0.00158134290874,-0.122034324272,-0.00708848964133,0.0457813004851,-0.0177643397947,0.574036993219,0.818815017257,0.00206029878784,0.0,0.818773157264,-0.573977794728,-0.0118640213897,0.0,-0.00853203739237,0.00849746811205,-0.999927496058,0.0,0.65650197479,0.254115220423,0.303411015226,1.0,-0.0145,-0.0190571428571,0.726
0.461122489937,0.518231572747,-0.124101194629,-1.40229462118,0.0766874072666,1.9111886788,0.153207538814,-0.0129877795413,-0.0734013971898,0.00194076720684,-0.126191018582,-0.0135817381894,0.0398511399772,-0.017156301314,0.574027985797,0.818821359252,0.00204940370929,0.0,0.818779317301,-0.573968792517,-0.0118744127585,0.0,-0.00854689357701,0.00849441815212,-0.999927395099,0.0,0.656240391535,0.253798831136,0.303419752858,1.0,-0.01484,-0.019504,0.743
0.460941001063,0.516866089285,-0.124108966877,-1.40441379997,0.0765476648483,1.91196213624,0.152917638494,-0.0121628765049,-0.0778154085996,0.00117986269293,-0.127305511191,-0.00321689706523,0.0442484074322,-0.0161818370141,0.574019013398,0.81882762553,0.00205884148598,0.0,0.818785788892,-0.57395986514,-0.0118596803036,0.0,-0.00852950570027,0.0084935956654,-0.999927550558,0.0,0.655984244872,0.25347157429,0.303436374233,1.0,-0.01518,-0.0199508571429,0.76
0.460754277475,0.515509181199,-0.124117437474,-1.40659330486,0.0764083977412,1.91279875817,0.152605350603,-0.0151474355859,-0.0811905101966,-0.000184330232143,-0.127116243615,-0.00616851520936,0.0505253543301,-0.019464323971,0.573999876511,0.818841031093,0.00206263552832,0.0,0.81879934028,-0.573940811453,-0.0118461895714,0.0,-0.00851647934295,0.00848875939587,-0.999927702658,0.0,0.655726847091,0.253137574832,0.303423417174,1.0,-0.01552,-0.0203977142857,0.777
0.460575199175,0.514117746434,-0.124115263262,-1.40883337178,0.0762785861297,1.91358963677,0.152314168392,-0.00948124383028,-0.0847116155105,0.000887590131058,-0.135425955094,-0.0123702849351,0.0404894095904,-0.0141104333409,0.573989235524,0.818848602017,0.00201776572646,0.0,0.818806157899,-0.573930185421,-0.0118896993106,0.0,-0.00857797215387,0.00847688162614,-0.999927277792,0.0,0.655441120511,0.252806602028,0.303401130845,1.0,-0.01586,-0.0208445714286,0.794
0.460384246171,0.512781119069,-0.124113190623,-1.41096500941,0.0761509945667,1.91432927977,0.152009049284,-0.0103019403812,-0.0866858735687,0.000618282453739,-0.136646101552,-0.0024587076332,0.0414517999855,-0.0152841308719,0.573971387599,0.818861219765,0.00197379928832,0.0,0.818818057024,-0.573912377414,-0.0119297712853,0.0,-0.00863620549784,0.00846369282892,-0.999926888256,0.0,0.655171570489,0.252476905766,0.303387159342,1.0,-0.01618,-0.0212651428571,0.81
0.460183606585,0.511359848185,-0.124120989026,-1.41326516901,0.07600711478,1.91519007524,0.151671140853,-0.012648093718,-0.0892008048425,-0.000618267771988,-0.135476632228,-0.0090179801651,0.0533224361014,-0.0224372908823,0.573946120665,0.81887898009,0.00195280337001,0.0,0.818835574611,-0.57388723136,-0.0119370990533,0.0,-0.00865451720489,0.00845043926037,-0.999926842028,0.0,0.654893044287,0.252121815479,0.303362691556,1.0,-0.01652,-0.021712,0.827
0.459977695331,0.50989275744,-0.124124193965,-1.4155938211,0.0758712365237,1.91607057921,0.151352768069,-0.0153593727559,-0.0849113109978,0.000135591137791,-0.131180861942,-0.00593213774562,0.0503298633332,-0.0166433737217,0.573941279783,0.818882332049,0.00196990366991,0.0,0.818839086364,-0.573882258014,-0.0119353039599,0.0,-0.00864328318422,0.00846336069655,-0.999926829914,0.0,0.654611803369,0.251765849155,0.303357816996,1.0,-0.01686,-0.0221588571429,0.844
0.45976609882,0.508381854985,-0.124130182423,-1.41796984635,0.0757176866125,1.91690942815,0.151028320605,-0.0159055961373,-0.082125075524,3.97172110719e-05,-0.13604101046,-0.00426469937577,0.0465382483638,-0.014193554874,0.573934790302,0.818886945107,0.00194281112837,0.0,0.818843344626,-0.573875881102,-0.011949767837,0.0,-0.00867074336936,0.00844940813731,-0.99992671017,0.0,0.654314110671,0.251394001369,0.303356975373,1.0,-0.0172,-0.0226057142857,0.861
0.459544819805,0.50675962054,-0.124132026736,-1.42051818776,0.0755579363103,1.9178409951,0.150674217954,-0.0163370950707,-0.0882748606817,-0.000575558898656,-0.137982632367,-0.0047875284098,0.0557885913879,-0.0222316426436,0.573924298246,0.818894288972,0.00194686248211,0.0,0.818850748129,-0.573865379985,-0.0119467503895,0.0,-0.00866605553607,0.00845088283927,-0.999926738347,0.0,0.653982983305,0.250974211517,0.303361693325,1.0,-0.01758,-0.0231051428571,0.88
0.459334625203,0.505249882892,-0.124143335675,-1.42283673909,0.0754081255298,1.91872365287,0.150353668469,-0.0123281231348,-0.0917771814871,0.000871106987403,-0.144741198184,-0.00985449838735,0.0471039930421,-0.0223026751621,0.573913001606,0.818902077835,0.00200010162295,0.0,0.818859315902,-0.573853946812,-0.0119086267225,0.0,-0.0086043986182,0.00847248067553,-0.99992708804,0.0,0.653720903524,0.250641014285,0.303387892784,1.0,-0.01788,-0.0234994285714,0.895
0.459109543097,0.503588653362,-0.124148708925,-1.4253080677,0.0752530553707,1.91967246112,0.150004650499,-0.0116861905083,-0.0994047117589,-0.000888222830947,-0.141587309608,-0.00669603670702,0.0500801454218,-0.0236094323635,0.573900627421,0.818910460673,0.0021152178372,0.0,0.818869264522,-0.573841174998,-0.0118397803761,0.0,-0.00848208421935,0.00852710843426,-0.999927668719,0.0,0.653426593738,0.250258741179,0.303454460919,1.0,-0.01822,-0.0239462857143,0.912
0.458887683238,0.501996709692,-0.124152115788,-1.4276737131,0.0750971253339,1.92054449239,0.149675495798,-0.0137468130067,-0.101298433136,0.000801985482588,-0.150548782222,-0.0119700897877,0.0524081829603,-0.0152962746952,0.573894008991,0.818914891462,0.00219405743386,0.0,0.818874790971,-0.573834319318,-0.0117897237638,0.0,-0.00839591654972,0.00856287502013,-0.999928090293,0.0,0.653138274678,0.249886171136,0.303515592632,1.0,-0.01854,-0.0243668571429,0.928
0.458645092514,0.500190471479,-0.124155180552,-1.43040811266,0.074923413085,1.9215039701,0.149296524271,-0.0126042997242,-0.0919088341151,-0.000490787127814,-0.149082342397,-0.00923607852855,0.0568416939233,-0.0187445811754,0.57387668694,0.818926959582,0.00222035084735,0.0,0.818887144646,-0.573816840433,-0.0117823966375,0.0,-0.00837500879193,0.00858002470411,-0.999928118618,0.0,0.652789184678,0.249462585626,0.303557735772,1.0,-0.0189,-0.02484,0.946
0.458380239965,0.498420568174,-0.124156060532,-1.43317508976,0.074760313113,1.92253594708,0.148894525206,-0.0164297169844,-0.0936866133817,-0.000332446947746,-0.148995036838,-0.00942362683199,0.0569262923041,-0.024214084753,0.573861866388,0.81893725547,0.00225317754299,0.0,0.818897765133,-0.573801790877,-0.0117771791152,0.0,-0.00835205423541,0.00860376169134,-0.999928106653,0.0,0.652448965194,0.249028036453,0.303564647589,1.0,-0.01926,-0.0253131428571,0.964
0.458137730757,0.496846481677,-0.124153637698,-1.43569311378,0.0746052598743,1.92343826995,0.148523244286,-0.0100875073074,-0.0904378422473,0.000256189521965,-0.156153990437,-0.00532654356958,0.0561009219252,-0.0204253408949,0.573840255987,0.818952492714,0.00221860047667,0.0,0.818912442043,-0.573780202692,-0.0118083939471,0.0,-0.00839768630819,0.00859313678416,-0.999927815827,0.0,0.65212985232,0.248629668254,0.303541590907,1.0,-0.01958,-0.0257337142857,0.98
0.457873234766,0.495165460699,-0.124151129451,-1.43841274826,0.0744323351281,1.92437088101,0.148130990321,-0.0177222431857,-0.0927771769426,0.000592540245965,-0.166478300134,-0.0145735936781,0.0553439579852,-0.0190749130813,0.57382391692,0.818964182353,0.0021277439672,0.0,0.818922811147,-0.573764083936,-0.011872332107,0.0,-0.00850235538512,0.00855525089872,-0.999927256172,0.0,0.651775981577,0.248193925781,0.303499145716,1.0,-0.01992,-0.0261805714286,0.997
0.457571305541,0.493274834006,-0.124190943332,-1.44137841729,0.0742449349008,1.92544354738,0.147710841763,-0.0211542287995,-0.135986505767,-0.00430669681498,-0.201869444148,-0.010717760358,0.07776069675,-0.0320421679272,0.573854020533,0.81894312222,0.00211484952073,0.0,0.81890170733,-0.573794360352,-0.0118647655343,0.0,-0.00850324311686,0.00854066172201,-0.99992737334,0.0,0.651414121826,0.24768979734,0.303498212037,1.0,-0.02908,-0.0382194285714,1.014
0.457271279525,0.490616342017,-0.12425841136,-1.44544714216,0.074025099627,1.92701230397,0.147109644871,-0.0153231979561,-0.175734655196,-0.00338875778239,-0.286503833147,-0.0172735189395,0.104997997962,-0.0408105004233,0.573801155367,0.8189798031,0.00225013646983,0.0,0.818940185626,-0.573741008837,-0.0117887253808,0.0,-0.00836389345383,0.00860727713886,-0.99992797744,0.0,0.650908986653,0.247078349348,0.303549308817,1.0,-0.04028,-0.0529394285714,1.03
0.456731828898,0.486895564743,-0.12428660986,-1.45136665127,0.0737067453092,1.92923582055,0.146227603352,-0.036843782174,-0.247876923238,-0.00482341017241,-0.386617113301,-0.0235693834538,0.144759525643,-0.0560378072295,0.573750424612,0.819015239044,0.00228809351969,0.0,0.818975726891,-0.573689737594,-0.0118148484374,0.0,-0.00836404618018,0.00865283395506,-0.999927582976,0.0,0.650163018605,0.246157659522,0.303511693935,1.0,-0.05218,-0.0685794285714,1.047
0.456112412516,0.482749010555,-0.124415728618,-1.45789985292,0.073307142152,1.93160684612,0.145219562029,-0.0462464443573,-0.289295000843,-0.0134784220497,-0.462244864882,-0.0267730062216,0.163415325642,-0.0796073871133,0.57373933218,0.819023113013,0.00225076909392,0.0,0.81898341078,-0.573679095211,-0.0117989612008,0.0,-0.00837256395346,0.00861303649682,-0.999927855285,0.0,0.649347382466,0.245056545054,0.303489856252,1.0,-0.06268,-0.0823794285714,1.062
0.455234230294,0.477082739247,-0.124565910542,-1.46688346272,0.0727785002479,1.93471412241,0.143893897244,-0.0552523555545,-0.356137939564,-0.00913943619188,-0.554524084314,-0.0293089211556,0.194792240694,-0.0778733049798,0.573776105672,0.818997842694,0.00206424907164,0.0,0.818955552471,-0.573716444,-0.0119160337988,0.0,-0.00857507743456,0.00852782789414,-0.999926869425,0.0,0.648181156923,0.243535512724,0.303414715187,1.0,-0.07458,-0.0980194285714,1.079
0.453952708684,0.469126981342,-0.124721259096,-1.47915220779,0.0720781430563,1.93915860044,0.14207737332,-0.0734137271494,-0.431605828279,-0.00741196540448,-0.638520493537,-0.0401194164679,0.255234887662,-0.101652166473,0.57385138374,0.818944781021,0.00218675996465,0.0,0.818903748408,-0.573790876179,-0.0118923571156,0.0,-0.00848460423265,0.00861535739095,-0.999926890882,0.0,0.64661927577,0.241456386661,0.303465420417,1.0,-0.08858,-0.116419428571,1.099
0.452666139925,0.461364214671,-0.124787569568,-1.49109394878,0.0713230423656,1.94352055735,0.140139913472,-0.0856138440542,-0.467182980589,-0.00094803827748,-0.740026595438,-0.0422752617425,0.255268262445,-0.115848198128,0.573724341738,0.81903338174,0.00233370834306,0.0,0.818994204648,-0.573663214021,-0.0118218667756,0.0,-0.00834390154102,0.00869395372781,-0.999927394602,0.0,0.645075574138,0.239451949453,0.303513961536,1.0,-0.10048,-0.132059428571,1.116
0.451229905386,0.453219050239,-0.124908782981,-1.50378154098,0.0704832326473,1.94783801071,0.138215849088,-0.0934665531931,-0.526907792416,-0.0076176160943,-0.799518487401,-0.0586938975144,0.277726528091,-0.125353944752,0.57376881298,0.8190028183,0.00211654661333,0.0,0.818960719845,-0.57370844855,-0.0119458073937,0.0,-0.00856953423857,0.00858766560557,-0.999926404833,0.0,0.643370915757,0.237224567248,0.303453922534,1.0,-0.11168,-0.146779428571,1.132
0.449537821146,0.443520318592,-0.125048710051,-1.51832495593,0.069517861924,1.95310951425,0.135953050594,-0.104049095579,-0.581530215389,-0.0022303305052,-0.880457935435,-0.0579666544206,0.312445909581,-0.132304916628,0.573797342258,0.818981919303,0.00244392599256,0.0,0.818944531936,-0.573736167489,-0.0117222279733,0.0,-0.00819828187378,0.00872779112148,-0.999928304348,0.0,0.641467027681,0.234672326921,0.303640008573,1.0,-0.12358,-0.162419428571,1.149
0.447985033198,0.434971493715,-0.125136074121,-1.53137085427,0.0686683329145,1.95756283106,0.133848797684,-0.117446205098,-0.627537966574,-0.00762828393075,-0.921197778132,-0.057292718632,0.331402868962,-0.152232200118,0.573752820377,0.819013218396,0.0024075099308,0.0,0.818974912684,-0.573691314867,-0.0117946827439,0.0,-0.00827899293252,0.00873909097969,-0.999927540657,0.0,0.639666652899,0.23237211328,0.303660195266,1.0,-0.13338,-0.175299428571,1.163
0.445884378029,0.423770941293,-0.125252693169,-1.54819184767,0.0674963851442,1.96350392993,0.131050460004,-0.129821647786,-0.666193641542,-0.00455168840359,-1.01993922453,-0.0726983052934,0.350581352439,-0.176041764165,0.573667399759,0.819072348828,0.00263604650763,0.0,0.819037378422,-0.573605474687,-0.0116309526194,0.0,-0.0080146952805,0.00883148900044,-0.999928882202,0.0,0.637372455297,0.229353137778,0.3037974667,1.0,-0.14528,-0.190939428571,1.18
0.443393199885,0.411027715904,-0.125411964956,-1.56722263727,0.0661463273089,1.97023211099,0.127874939122,-0.140052782101,-0.734281753986,-0.00503948174984,-1.08242565843,-0.0730103133968,0.382019881288,-0.182351420184,0.573650705745,0.819082963334,0.00295192746005,0.0,0.819052688149,-0.573588454374,-0.0113897298659,0.0,-0.00763608919931,0.00895168304486,-0.99993077636,0.0,0.634596155091,0.225654385713,0.303970206946,1.0,-0.15858,-0.208419428571,1.199
0.440731694989,0.398261613147,-0.125548886878,-1.58641771321,0.0648806493078,1.97671696585,0.124647974571,-0.163409111844,-0.773886802056,-0.00937992265556,-1.13463828625,-0.0740760183484,0.394839421271,-0.200844369145,0.573705177452,0.819044580675,0.00301515068929,0.0,0.81901428856,-0.57364174612,-0.0114668716216,0.0,-0.0076624102779,0.00904822932164,-0.999929706037,0.0,0.632002553639,0.222266640911,0.304008530647,1.0,-0.16978,-0.223139428571,1.215
0.437817015981,0.384793614205,-0.125678823627,-1.60675169082,0.0633528590088,1.98352990995,0.121115638641,-0.170671232102,-0.833730746127,-0.0082372104842,-1.2271818615,-0.09269102008,0.388677189834,-0.221379358863,0.573651575925,0.819082537008,0.002900673689,0.0,0.819051001081,-0.573588785293,-0.0114939077897,0.0,-0.00775081448188,0.00896947069596,-0.999929734267,0.0,0.629030751661,0.218396615952,0.303968347392,1.0,-0.18168,-0.238779428571,1.232
0.434601208307,0.370488701498,-0.125828000233,-1.62799585797,0.0617731543962,1.99063053932,0.117280012355,-0.199334960884,-0.855162182476,-0.00866932067672,-1.27793050056,-0.0979591347292,0.421915161415,-0.231991969402,0.573596316877,0.819120921565,0.00298797952499,0.0,0.819090580755,-0.573533339387,-0.0114401062664,0.0,-0.00765727193895,0.00900960216626,-0.999930094184,0.0,0.62588674179,0.214266285391,0.304031118657,1.0,-0.19358,-0.254419428571,1.249
0.431264443164,0.356454930533,-0.12600649658,-1.64878978432,0.0601622463561,1.99747492603,0.113540457779,-0.21274884159,-0.875281428673,-0.00914173721666,-1.32455348053,-0.0974317903425,0.419592043119,-0.245465806689,0.573676540523,0.81906474839,0.00298524694802,0.0,0.819034716801,-0.573613966786,-0.0113972226297,0.0,-0.00762283070493,0.00898351309888,-0.999930592063,0.0,0.622757778822,0.210096283437,0.304055024518,1.0,-0.20478,-0.269139428571,1.265
0.427318298726,0.34082241661,-0.126215047074,-1.6717474231,0.0584572892507,2.00489836848,0.109201879645,-0.233351079705,-0.937916332387,-0.00171719601747,-1.3537775928,-0.104997391217,0.441480723542,-0.248358955365,0.573800821497,0.818977444761,0.00305108557304,0.0,0.818947757029,-0.573737434243,-0.0114313038586,0.0,-0.00761160456303,0.00905814562875,-0.999930004287,0.0,0.619239589455,0.205360187868,0.304101849395,1.0,-0.21668,-0.284779428571,1.282
0.4231432811,0.324587372466,-0.126376514732,-1.69553852771,0.0565283007764,2.01255916091,0.104577679075,-0.249824198182,-0.973530001781,-0.0158555872629,-1.4039839113,-0.122063602392,0.469080132876,-0.276107070753,0.573750649859,0.819012572414,0.00305694547331,0.0,0.818983240074,-0.573687584834,-0.0113909783023,0.0,-0.00757576863317,0.0090393423473,-0.999930446591,0.0,0.61549687952,0.200445920709,0.30410224499,1.0,-0.22858,-0.300419428571,1.299
0.418681725369,0.307672678878,-0.12653142063,-1.71997306959,0.0545439039586,2.0202837225,0.0996582733352,-0.273070547545,-1.03858233319,-0.0153007749333,-1.44731574931,-0.123569151078,0.483258162426,-0.294749123971,0.573641562612,0.81908853751,0.00317368315787,0.0,0.819060646845,-0.573578094994,-0.0113389873953,0.0,-0.00746742323373,0.00910412871075,-0.999930673812,0.0,0.611552035675,0.19533785973,0.304172356728,1.0,-0.24048,-0.316059428571,1.316
0.413487253994,0.289062801667,-0.126709459156,-1.74665160225,0.0523174420207,2.02849159716,0.0941327620072,-0.298540947616,-1.07152201795,-0.0180239896299,-1.50053943078,-0.122962602454,0.490851413056,-0.316465059134,0.57358685366,0.819126627738,0.00323047065506,0.0,0.819099297478,-0.573523021771,-0.0113327521178,0.0,-0.00743035279069,0.00914656997443,-0.999930562647,0.0,0.607140541157,0.189595401819,0.304233100546,1.0,-0.25308,-0.332619428571,1.334
0.408167470652,0.270985468647,-0.126897422468,-1.77247121215,0.0501525943827,2.03630455569,0.0885536015445,-0.326055958848,-1.09749825807,-0.0181590200952,-1.53216856614,-0.134076957991,0.481892228292,-0.34143526464,0.573533813448,0.819163674617,0.00325360126255,0.0,0.819136130921,-0.573469292025,-0.0113893381948,0.0,-0.00746403542038,0.00919748999748,-0.999929844716,0.0,0.602774904483,0.183905553251,0.304234863034,1.0,-0.26498,-0.348259428571,1.351
0.40267916734,0.253435028487,-0.127121524774,-1.79726295349,0.0479455931863,2.04367693972,0.0830959680209,-0.353083586295,-1.12436948792,-0.00796429164995,-1.55578328176,-0.141504912467,0.478850669721,-0.334987967678,0.573643237634,0.819086947107,0.00327961845659,0.0,0.819059930185,-0.573578863695,-0.011351862799,0.0,-0.00741718562015,0.00919830048909,-0.999930185876,0.0,0.598522020086,0.178227619155,0.304262939361,1.0,-0.27618,-0.362979428571,1.367
0.396844139431,0.235343770273,-0.12732818306,-1.82262752556,0.0456963998029,2.05095493844,0.0772464002591,-0.37019416907,-1.1470045679,-0.0115030015046,-1.59320396591,-0.129657133961,0.462977968315,-0.364729075226,0.573645381842,0.8190855709,0.0032481280208,0.0,0.81905754427,-0.573580354724,-0.0114482640453,0.0,-0.00751419014049,0.00922782522415,-0.999929189587,0.0,0.594029535633,0.172358991535,0.3042647478,1.0,-0.28738,-0.377699428571,1.383
0.391079763293,0.217994578573,-0.127498075808,-1.8468012439,0.0434699687907,2.05780504906,0.0714481869226,-0.39448454177,-1.1571444918,-0.0131735037962,-1.57509743317,-0.14549292362,0.456435125383,-0.390377061404,0.573523872766,0.819170769316,0.00321946690403,0.0,0.819141996255,-0.573458488738,-0.0115108021895,0.0,-0.00758322806031,0.00923909827826,-0.999928564306,0.0,0.58964823883,0.166716309686,0.304240145351,1.0,-0.29788,-0.391499428571,1.398
0.384010764795,0.197715297783,-0.127746812012,-1.87463240435,0.0407955042369,2.06540764731,0.0645405620102,-0.428156561403,-1.19005082849,-0.00769560059912,-1.5977475295,-0.153687023153,0.443803486866,-0.408912751409,0.57347943275,0.819202022171,0.00318339195788,0.0,0.819172630913,-0.573413983153,-0.0115477958538,0.0,-0.00763472324459,0.00923034869391,-0.999928253258,0.0,0.584493939653,0.159999417852,0.304268201712,1.0,-0.30978,-0.407139428571,1.415
