position_joint1,position_joint2,position_joint3,position_joint4,position_joint5,position_joint6,position_joint7,velocity_joint1,velocity_joint2,velocity_joint3,velocity_joint4,velocity_joint5,velocity_joint6,velocity_joint7,ee_T_00,ee_T_10,ee_T_20,ee_T_30,ee_T_01,ee_T_11,ee_T_21,ee_T_31,ee_T_02,ee_T_12,ee_T_22,ee_T_32,ee_T_03,ee_T_13,ee_T_23,ee_T_33,v_x,v_y,w_z,time
0.46511628397069965,0.5472938011153102,-0.12398285839358227,-1.3555759517102313,0.07944402106256584,1.8941867810860398,0.1591128176891536,0.00028750006032362776,0.002963232554343297,0.0004420094653793368,0.0016105183041122413,0.0001690951011024182,0.00010142815502611233,-0.0028439411902938805,0.5736995826611717,0.8190498406539108,0.0026256961759721998,0.0,0.8190163036495111,-0.5736394199771613,-0.011439279075443141,0.0,-0.007863288265182067,0.0087133653673621,-0.9999311206086313,0.0,0.6617568099666308,0.26095575161720125,0.30368924362495225,1.0,5e-324,6.91622088149306e-310,6.91600868191406e-310,0.0
0.4651169508760169,0.5472818694152325,-0.12398356691861769,-1.355581956679361,0.07944767156367474,1.8941883204094128,0.15911703406773492,0.0004687431285255873,-0.0008310963825747542,0.000855005509485722,3.2264578268941054e-05,-8.220020241604502e-05,0.00022362003776558867,-0.0008036855280376802,0.5737042639105538,0.8190465340695628,0.002634293205835259,0.0,0.8190130777375053,-0.5736440394335144,-0.011438593381542829,0.0,-0.00785774495407593,0.008720058270447667,-0.9999311058407959,0.0,0.6617558377709045,0.2609559229309187,0.3036950021667184,1.0,-0.00012,-0.00015771428571428574,-6e-05,0.007
0.46511804314122884,0.5472779270594641,-0.1239885484136193,-1.355586938128989,0.07944828386439204,1.894187206965229,0.15911566916137188,2.5991525234062026e-05,-0.0014455494415799494,-0.00048757249401641987,-0.0019044667535643538,7.451462584735416e-05,0.0003850182576200609,-0.0014256777029553703,0.573706152995878,0.8190452185973834,0.0026318830982455035,0.0,0.819011743145708,-0.5736459493291893,-0.011438370025933144,0.0,-0.00785892450852177,0.008717974276191184,-0.9999311147424552,0.0,0.6617554025299567,0.2609532462965295,0.30369549244503535,1.0,-0.00042000000000000023,-0.0005520000000000004,-0.00021000000000000012,0.022000000000000013
0.46511561640129295,0.5472690672101727,-0.12398821114951124,-1.355596138326902,0.07944899545442716,1.8941883465441949,0.1591214019315181,4.159870196648304e-05,-0.0026338567284563004,-0.0006969273906164243,-0.0004880984583954691,0.0003459071380253084,-3.0504945470967086e-05,0.00041886301309899796,0.5737132823864174,0.8190402197110782,0.002633440760677273,0.0,0.8190067502540527,-0.5736530571882343,-0.011439401999069298,0.0,-0.0078588002896528,0.008719910514111279,-0.9999310988356314,0.0,0.6617542702486644,0.2609510521346051,0.30369747827999793,1.0,-0.0007600000000000006,-0.0009988571428571438,-0.0003800000000000003,0.03900000000000003
0.4651149597763228,0.547201824829652,-0.1239860471180611,-1.3556512832739902,0.0794481595712097,1.8941930193542638,0.15912452916292033,-0.00026548934231669544,-0.006422133879123648,-0.000786553222236783,-0.0041068566979360534,6.930321503844628e-05,0.0003787757123583661,0.014662584871546556,0.5737175613801853,0.819037165584326,0.002651048240770216,0.0,0.8190038752231723,-0.5736572256730308,-0.011436201456609585,0.0,-0.00784603210757856,0.00873253652212129,-0.99993108891866,0.0,0.6617440519734589,0.26094638611587867,0.3037191950227225,1.0,-0.001100000000000001,-0.0014457142857142872,-0.0005500000000000005,0.05600000000000004
0.4651120158875309,0.5470705349108774,-0.12398575125945478,-1.355809826707763,0.07944552770670686,1.8942271880023356,0.1591221310595672,0.0005550530876921784,-0.006491251213117836,-0.000662855289999474,-0.00835663587904634,-0.00014471302372123893,0.002578597764169277,6.951996028271326e-05,0.5737257585809571,0.819031386706883,0.00266241073347421,0.0,0.8189981556423919,-0.5736652881733635,-0.011441376689038645,0.0,-0.007843665009662104,0.008744890366645205,-0.9999309995253131,0.0,0.6617188326171958,0.26092940261303116,0.3037396778261653,1.0,-0.001440000000000001,-0.00189257142857143,-0.0007200000000000005,0.07300000000000005
0.4650992450581304,0.546923251785851,-0.1239860737783221,-1.356009613822016,0.0794402832185546,1.8942864469918408,0.1591183125763855,-0.0035354517218500444,-0.0076535983257392205,-0.00016524766172313208,-0.012693608650801177,3.756989368907535e-05,0.008007094064325131,0.001664833564008784,0.573742976746012,0.8190192919014121,0.0026726445972449784,0.0,0.8189861215035339,-0.5736823917352141,-0.011445221656731019,0.0,-0.007840759151055421,0.008755642948964457,-0.9999309282207874,0.0,0.6616924357617222,0.260902155026939,0.30375404752012924,1.0,-0.0017800000000000014,-0.0023394285714285735,-0.0008900000000000007,0.09000000000000007
0.46508043549886985,0.5467493613853704,-0.12398387380685288,-1.356204204688762,0.07943462855227955,1.894396196123106,0.1591190057893622,-0.0013950558389708256,-0.013056617947628801,0.0016633431768563567,-0.010740897475154693,0.00046054728073450363,0.00636208493327039,-0.002141768207726656,0.57376692894909,0.8190022500640575,0.0027518240403462194,0.0,0.8189700919943733,-0.573706080340018,-0.011404766583695792,0.0,-0.007761940750941887,0.008797508864890322,-0.9999311756883824,0.0,0.6616790089441117,0.2608767090463701,0.30379404587997566,1.0,-0.0021000000000000016,-0.0027600000000000025,-0.0010500000000000008,0.10600000000000008
0.46506305508536616,0.5465448948155073,-0.12398395361119086,-1.3564424670574584,0.07943031736269268,1.894526755608062,0.15911534381522577,0.00025688957445290555,-0.00950323708721144,0.0005030385567319443,-0.014398405788579129,2.361763170151425e-05,0.010719292580646213,0.001256240386146103,0.5737905510266385,0.8189854029471451,0.002839051471406261,0.0,0.8189543446047308,-0.5737294035549283,-0.011362211525509789,0.0,-0.0076767858791555454,0.008844753438079805,-0.9999314162957305,0.0,0.6616605911875738,0.2608477367983955,0.30383679207720415,1.0,-0.002440000000000002,-0.0032068571428571463,-0.001220000000000001,0.1230000000000001
0.4650314235580799,0.546314279305701,-0.12398396541174249,-1.3567478530946309,0.07942028422205352,1.8946486735708539,0.1591100358965561,-0.0013672630224493298,-0.014187615075087565,0.003779633006364563,-0.013173915590852344,0.00023645999346783855,0.008317493649148966,-0.0007884701672589367,0.5738265159817496,0.8189600475674316,0.002883911546113023,0.0,0.8189295150136954,-0.5737651690800017,-0.011345796192395032,0.0,-0.007637212833560059,0.008872409805304293,-0.999931474314306,0.0,0.661629759490094,0.2608002300931652,0.30386532230386093,1.0,-0.002780000000000002,-0.003653714285714289,-0.001390000000000001,0.1400000000000001
0.46499735218624766,0.546058685287251,-0.12398771113841944,-1.3571566175410998,0.07940365237700439,1.8947868451926952,0.15909937144402372,-0.005165801629745766,-0.016840907431145264,-0.00013206966362140448,-0.01721375681099923,-0.00014666931510168348,0.003466141771489371,-0.002988095813129335,0.5738666998947662,0.8189319238795101,0.0028743180239857785,0.0,0.8189012043446083,-0.5738053031315957,-0.011359512411024644,0.0,-0.007653515781939346,0.008872799220119618,-0.9999313462084161,0.0,0.6615809709319276,0.2607370381395761,0.303863829827205,1.0,-0.003120000000000002,-0.004100571428571432,-0.001560000000000001,0.1570000000000001
0.4649575651563984,0.5457791460686893,-0.12398676798503698,-1.3575847609551441,0.07938207986366139,1.8949381705766115,0.15908533622562704,-0.0030869362575862095,-0.019683010769497782,-0.0006944933558107884,-0.030451999728444923,0.0003234374708373095,0.008170847835148818,-0.0009693027779145984,0.5739058957523375,0.8189044507305125,0.0028758121762546733,0.0,0.8188737137042017,-0.5738444470185164,-0.011363913564901719,0.0,-0.00765583794660718,0.008876914898522006,-0.9999312919032086,0.0,0.6615273565801598,0.26066827935553416,0.3038702970004907,1.0,-0.0034600000000000026,-0.0045474285714285755,-0.0017300000000000013,0.17400000000000013
0.4649092599260864,0.5454573317586713,-0.12399240464236404,-1.358124529806871,0.07934029826590148,1.8951166338829428,0.15906858525800543,-0.0021201904249960055,-0.02148837396383328,-0.002308799703926298,-0.03016402492878027,-0.000645425408835665,0.008443938880502185,0.00045810776291600915,0.5739540963295449,0.8188707998929953,0.002838184340339489,0.0,0.8188396418700798,-0.5738928292364897,-0.011375779279894405,0.0,-0.007686627828766224,0.008853363420121496,-0.9999312644921017,0.0,0.6614680651457806,0.2605811685108776,0.3038575450624554,1.0,-0.003800000000000003,-0.004994285714285719,-0.0019000000000000015,0.19100000000000014
0.4648557292502142,0.5451000871163167,-0.12399064436711735,-1.3587104963872203,0.07929526017219765,1.8953079509819855,0.15900062921780692,-0.005293001103223432,-0.01622760496607101,-0.0006341114718105747,-0.03449117440379572,-0.0032419645907605463,0.009231976561823221,-0.0050991568206512974,0.5739617224689837,0.8188655806769318,0.0028015753207113053,0.0,0.818833985449241,-0.5739006061733893,-0.011390584196488475,0.0,-0.007719680195275802,0.008831954453230359,-0.999931199192334,0.0,0.6613971614172441,0.26048760523549996,0.3038479902131197,1.0,-0.004140000000000003,-0.005441142857142862,-0.0020700000000000015,0.20800000000000016
0.4648014415558282,0.5447286925551639,-0.12399304126348928,-1.3593130311115336,0.07927291122353493,1.8955122411707745,0.15891673311620713,-0.004139511882812899,-0.023028506785659007,-0.0006462904808438615,-0.041586311322413035,-0.003589236608291853,0.016304774109619936,-0.0029842923931205226,0.573966779124424,0.8188620895381875,0.0027859791629395213,0.0,0.8188301609050718,-0.5739055594040514,-0.011415926528553368,0.0,-0.007749329719801523,0.008833776424152937,-0.9999309537577992,0.0,0.6613252297208562,0.2603939126935184,0.30384184455162183,1.0,-0.004460000000000004,-0.005861714285714292,-0.002230000000000002,0.22400000000000017
0.4647359724131535,0.544329860058211,-0.12399336639274278,-1.3600297781816792,0.07924109051321006,1.8957383793623521,0.15891237471123104,-0.010052140033689155,-0.0191145769799519,-0.0030250019974737904,-0.04683252542141746,8.027286800310957e-05,0.014951634927949509,0.0013496558431534906,0.5740484822405326,0.8188050615225991,0.0027125935046995696,0.0,0.818772040864629,-0.5739873210127259,-0.011473766435339955,0.0,-0.007837934657755785,0.008807663502483812,-0.9999304935063875,0.0,0.6612350369283739,0.2602807819912672,0.30380252643783356,1.0,-0.004800000000000004,-0.006308571428571435,-0.002400000000000002,0.2410000000000002
0.4646651842058031,0.5438653016348428,-0.1239963428578374,-1.360777085790394,0.07919435922126697,1.8959914545003864,0.15887358101792537,-0.005424770157574158,-0.03612163925986085,-7.830004232067122e-05,-0.046761366170288234,-0.0062476978585345715,0.015510392801633304,-0.002034526850239585,0.5741058871159949,0.818764903235842,0.0026852391266798427,0.0,0.81873152562466,-0.5740448032902203,-0.011489110714814317,0.0,-0.007865584493294109,0.008794625349746621,-0.9999303911500723,0.0,0.661147643733093,0.2601592540435982,0.30379754125635194,1.0,-0.005140000000000004,-0.006755428571428578,-0.002570000000000002,0.2580000000000002
0.46460224477062173,0.5434158109573235,-0.12399936142380147,-1.3615180440918728,0.0791615531696152,1.8962575708316474,0.15881728192743078,-0.00243109894185787,-0.025983432677774327,0.000744158188633232,-0.04293900785060562,-0.00548438176411976,0.01489963453060506,-0.0045424549962071415,0.5741459979124766,0.8187368320617774,0.0026682967863292384,0.0,0.8187031357189689,-0.5740848531501301,-0.011511031610138037,0.0,-0.007892828746918212,0.008793724983257187,-0.9999301843905358,0.0,0.6610610094184021,0.26004659301052796,0.3037860331119713,1.0,-0.005460000000000004,-0.007176000000000006,-0.002730000000000002,0.2740000000000002
0.4645188096001126,0.5428745955691477,-0.1239973415444529,-1.3624075812826082,0.07911202676862876,1.8965664557239226,0.15873745979721204,-0.006346790563516646,-0.028934843395401637,0.0010311860657879822,-0.05235791181187507,-0.0003201451800249809,0.01993581079146736,-0.005313586460061715,0.574183810864813,0.8187104164295065,0.0026367161001703545,0.0,0.8186762353649297,-0.5741226811816684,-0.011537569184471162,0.0,-0.007932282275672331,0.008783471362111508,-0.9999299623117262,0.0,0.6609561225119265,0.25990707190270285,0.30377215839403104,1.0,-0.005820000000000004,-0.007649142857142864,-0.002910000000000002,0.2920000000000002
0.46445559288919785,0.5423564823686114,-0.12401584128393484,-1.363235541874027,0.07906055085292456,1.8968514694003462,0.15870121368207962,-0.008472212366188876,-0.03239655179898821,-0.0011196653570536583,-0.04874325205044983,-0.005040202102876817,0.018012255728003343,0.00432633615331762,0.574251073944503,0.8186633259167633,0.002609554309904477,0.0,0.8186288632896972,-0.574190103867698,-0.011543643732759915,0.0,-0.007952130614363284,0.008765375049811688,-0.9999299634569053,0.0,0.6608594684877114,0.25977410125311295,0.30376978842465174,1.0,-0.006140000000000005,-0.008069714285714293,-0.0030700000000000024,0.3080000000000002
0.46436395451546886,0.5417706786287219,-0.12400632777565106,-1.3641575864117295,0.0790064414318955,1.8971876877994702,0.15863596613605713,-0.00966065735593348,-0.031036964562148966,-2.584897551540784e-05,-0.052504671634402596,-0.0026816691002336697,0.01972914577629474,-0.01199046269380658,0.5743027981036196,0.8186270345592936,0.0026117580704596932,0.0,0.8185925341987738,-0.5742417411692531,-0.01155130097186935,0.0,-0.007956579946829356,0.008772079017197246,-0.9999298692734735,0.0,0.6607541076077036,0.2596313585544284,0.30377396461971423,1.0,-0.006480000000000005,-0.008516571428571436,-0.0032400000000000024,0.32500000000000023
0.46429166654024867,0.5412355641261248,-0.12401230768880975,-1.3649942079249076,0.0789499421403661,1.897485068525299,0.15854967704529233,-0.010097192355505413,-0.035739048821147736,-0.0005749476298690058,-0.0598111287903951,-0.0006273613732334077,0.02061170039588454,-0.0035516082908179053,0.574330028904617,0.8186079936298656,0.0025918265597253375,0.0,0.8185733085452719,-0.5742691162568592,-0.011552815761584024,0.0,-0.007968974810880547,0.008756897649865703,-0.9999299036352565,0.0,0.6606519419657798,0.25948510774384453,0.3037715054992638,1.0,-0.006800000000000005,-0.008937142857142866,-0.0034000000000000024,0.34100000000000025
0.46420779607047247,0.5406146614081246,-0.12401547028876458,-1.3659455041129343,0.07889063779657413,1.8978291517480763,0.1585050952094078,-0.0047704362065877194,-0.04045851629579725,0.00017677783165826082,-0.06132316973288188,-0.004896891389118601,0.019103751868157614,-0.007122836824699214,0.5743980368150664,0.8185602096496707,0.002612543299761126,0.0,0.8185257976851722,-0.574337051693393,-0.011541944255699972,0.0,-0.00794744890652338,0.008768273026353801,-0.9999299752702755,0.0,0.660549144433195,0.2593506266711375,0.30379602352007534,1.0,-0.007100000000000006,-0.00933142857142858,-0.003550000000000003,0.35600000000000026
0.46411445289076253,0.5399485533185316,-0.12401589904175765,-1.3669406658528325,0.07884374900432856,1.898212149484813,0.15841870758202725,-0.005190791333368555,-0.04033241448906798,0.0006551225334602802,-0.06645759119920054,-0.005456575629472245,0.02158140938579364,-0.008581773453044844,0.5744466630416891,0.8185259166643859,0.0026649521952835722,0.0,0.8184920923421308,-0.5743853974779844,-0.01152635409254396,0.0,-0.007904062101138642,0.008802687422818811,-0.9999300167993946,0.0,0.660440207801783,0.2591977372350217,0.3038263249121209,1.0,-0.007420000000000006,-0.009752000000000009,-0.003710000000000003,0.3720000000000003
0.4640196760337681,0.5392337356450829,-0.12401911284666865,-1.3680646167011747,0.07877266948503513,1.89862297228671,0.15834074115597319,-0.004839398525496081,-0.04537328892495652,0.002203157873403569,-0.07139603608723867,-0.000917693298959201,0.02266514818894109,-0.004103127466486919,0.5745058408010488,0.8184843896005433,0.0026626616221498882,0.0,0.8184505662414809,-0.5744446094880443,-0.011524241855145886,0.0,-0.007903012602165749,0.008800170599497212,-0.999930047247921,0.0,0.6603105197060457,0.2590256289496171,0.30383210424816537,1.0,-0.007760000000000006,-0.010198857142857152,-0.003880000000000003,0.3890000000000003
0.4639152791933881,0.5384884274526585,-0.12402509336780065,-1.3692238240662236,0.07871132576528432,1.8990661985000987,0.1582485698062799,-0.010857347014461017,-0.04306953125687768,-8.919298369132059e-05,-0.06772491358105676,-0.002331790317875739,0.0274853933514336,-0.007762916823486295,0.5745677790549463,0.8184408236439047,0.0026893058884183974,0.0,0.818407314379508,-0.5745064183813131,-0.011514769211972396,0.0,-0.007879285404689407,0.008817132739266417,-0.9999300850718361,0.0,0.6601823030624114,0.2588455587442942,0.30384545128178436,1.0,-0.008100000000000007,-0.010645714285714297,-0.004050000000000003,0.4060000000000003
0.46382401673180007,0.5377734041723833,-0.12403373483170856,-1.370363545654449,0.07863541737708712,1.8995004659508186,0.15816941019627703,-0.00599545598282118,-0.04220634721857799,0.0018391895377247792,-0.07344316053712437,-0.0029573932533801845,0.03065804873567793,-0.012282666449906932,0.5746264389883714,0.818399639776519,0.002689262057844411,0.0,0.8183662379514477,-0.5745651920421886,-0.011501633619865798,0.0,-0.007867927922616091,0.008810113664664873,-0.999930236370228,0.0,0.6600538009528054,0.2586715838852449,0.30384584588481817,1.0,-0.008420000000000007,-0.011066285714285726,-0.004210000000000004,0.4220000000000003
0.46372568101973244,0.5369719713063248,-0.12404631104289666,-1.3716124333142865,0.07856727005109583,1.8999748673792851,0.1580655124583397,-0.004643514812991734,-0.04784178069687484,-0.0003613829003887899,-0.07509866913891251,-0.0009499284503726596,0.027945527766076735,-0.003895723187086376,0.5746813752709534,0.8183609907984859,0.002711559922725211,0.0,0.8183278832383512,-0.5746200559087884,-0.011489724245107325,0.0,-0.007844776439086765,0.008822045474213017,-0.9999303130700017,0.0,0.6599123506618556,0.25848281401420004,0.303858800254514,1.0,-0.008760000000000007,-0.01151314285714287,-0.004380000000000004,0.43900000000000033
0.4636113317754776,0.5361285806666423,-0.12404898329213566,-1.3729402243275417,0.07849578731998272,1.9004665141874988,0.15799658722065205,-0.00507668539074482,-0.04792463210340228,-4.954567308883186e-05,-0.07952881651584627,-0.0025781767255973077,0.029716262677187473,-0.0059527459785779745,0.5747743610243788,0.818295657061978,0.002720008038751124,0.0,0.8182625945390042,-0.5747129305468285,-0.011494378703605757,0.0,-0.00784272737952968,0.008832525063170282,-0.9999302366306657,0.0,0.6597589302421341,0.2582810542573118,0.3038648371343981,1.0,-0.009100000000000007,-0.011960000000000012,-0.004550000000000004,0.45600000000000035
0.4634931472314136,0.5352518922242988,-0.12405062567680158,-1.3743249813684217,0.07840864976196975,1.900955487816364,0.1578674776245822,-0.008531497857757824,-0.05217045301369856,0.0005921753833320905,-0.08501201923282328,-0.002135389416910727,0.027030911623695402,-0.007237256527989041,0.5748191588768565,0.8182642518110013,0.002701054885351252,0.0,0.8182309394205365,-0.5747577788321692,-0.01150531825313058,0.0,-0.007862089695426677,0.008823733921363333,-0.9999301621939934,0.0,0.6595939374395156,0.25806835310706255,0.3038667986592932,1.0,-0.009440000000000007,-0.012406857142857155,-0.004720000000000004,0.47300000000000036
0.4633703470888023,0.5343575359680506,-0.12404795117150481,-1.375743768508503,0.07834246528394131,1.9014671062512296,0.15778746621217532,-0.010157846948384569,-0.05840450070529541,-0.00027970296701300456,-0.08354225052189279,-0.005338964301038324,0.030605048928824496,-0.010843460957165004,0.5749244980862364,0.8181902217884821,0.002707281147522103,0.0,0.818156819377092,-0.5748628930776037,-0.011524754679212063,0.0,-0.007873277699196657,0.008841014549255774,-0.9999299215245092,0.0,0.6594166808121713,0.25784120145061,0.30387228211855144,1.0,-0.009800000000000008,-0.012880000000000013,-0.004900000000000004,0.4910000000000004
0.46324952739404707,0.5334333012147865,-0.1240560627205006,-1.3772072873418133,0.07825411886037152,1.9020117940545644,0.15767791615967516,-0.0035650630639542094,-0.05629399995536674,0.0002749890403480474,-0.08557700246428031,-0.010149903527512839,0.03678314624242629,-0.006583303697000113,0.5749837208392233,0.8181486253801084,0.002700825749589698,0.0,0.818115141039215,-0.5749221313453686,-0.011528477475047932,0.0,-0.007879395205363682,0.008838443480687616,-0.9999298960667374,0.0,0.6592553312364934,0.25763293363460804,0.3038694341996741,1.0,-0.010120000000000007,-0.013300571428571441,-0.005060000000000004,0.5070000000000003
0.4631150564371737,0.5325088002537717,-0.12405704793232857,-1.378692798657649,0.0781635361554547,1.9025677902985139,0.15755883961971345,-0.006314260503674368,-0.057688931864472125,-0.0006319117568948721,-0.08576936487081453,-0.00981880593233276,0.028842590014742826,-0.0005723621902716269,0.5750539716524197,0.818099273624024,0.002693526281815791,0.0,0.81806570113154,-0.5749924043826944,-0.011532147916950003,0.0,-0.00788583650792174,0.008835259033690146,-0.9999298734313211,0.0,0.6590847151021944,0.25740258955164746,0.3038624259961724,1.0,-0.010460000000000007,-0.013747428571428584,-0.005230000000000004,0.5240000000000004
0.46298468020966255,0.5315475608635076,-0.12405728989746449,-1.3802439804222042,0.07807873281476461,1.9031497118992928,0.15746438943747512,-0.010704482730315913,-0.057054253699947974,0.0001687599105595462,-0.09132161293637586,-0.00325779852400148,0.03038550228375329,-0.003742306093591624,0.5751455099964264,0.8180349384497534,0.002688625609301807,0.0,0.8180012269674004,-0.5750838627788832,-0.011545144102810007,0.0,-0.007898298111286117,0.0088396070300851,-0.9999297366487802,0.0,0.658903001023175,0.2571707741974153,0.3038521051379473,1.0,-0.010800000000000008,-0.014194285714285727,-0.005400000000000004,0.5410000000000004
0.4628597615672904,0.5306200151233348,-0.12405713173878198,-1.3817593888441402,0.07797737875573234,1.9036985839527187,0.15735274306911445,-0.009749706222381336,-0.05750932425515435,-0.00030985092434943025,-0.09383324142970599,-0.0048966160410675455,0.03533320649968411,-0.004861579147386878,0.5752115140907068,0.817988660869574,0.002647951564104159,0.0,0.8179544708221382,-0.5751500473175742,-0.011560866484648595,0.0,-0.007933840977904782,0.008816017070862298,-0.9999296635315622,0.0,0.6587211517132247,0.25694172071000865,0.30383195356668424,1.0,-0.011120000000000008,-0.014614857142857157,-0.005560000000000004,0.5570000000000004
0.46272153164149754,0.5296057746935855,-0.1240657089359682,-1.3834014948081406,0.07787615611093954,1.9042876157388349,0.15723981581090618,-0.006401967990965849,-0.0650223705683826,-0.0009584218516652094,-0.10297910674319294,-0.002377443833343451,0.035252963614684586,-0.007192652352074134,0.5753002200845884,0.8179263978063359,0.0026098742085263827,0.0,0.8178917291197468,-0.5752388862902672,-0.01157972530987949,0.0,-0.007970215328569286,0.008796582409959564,-0.9999295454208368,0.0,0.6585249982824958,0.25668768797668545,0.30381614236112126,1.0,-0.011460000000000008,-0.0150617142857143,-0.005730000000000004,0.5740000000000004
0.462583929505159,0.5285353621155495,-0.12407209111856067,-1.3850701296590024,0.07777752357267112,1.9049047544561661,0.15710662323589195,-0.0032252831217894594,-0.06878291641683394,-0.0010073218027494008,-0.10023180829020815,-0.0015471413230060257,0.0370700633482838,-0.0027643096045779645,0.5753722684079028,0.8178756704487005,0.0026243735331442962,0.0,0.8178411853371259,-0.575310871986042,-0.011573376440472315,0.0,-0.007955905565671995,0.008805490149779008,-0.9999295809755067,0.0,0.6583284471172736,0.25643526989705756,0.3038293844330559,1.0,-0.011800000000000008,-0.015508571428571443,-0.005900000000000004,0.5910000000000004
0.4624410100066187,0.5274318723314289,-0.12407373192162746,-1.38680591611405,0.0776645372475117,1.905565501630783,0.1570005919669166,-0.011805564196891948,-0.06891545626901767,-0.00029983725935617446,-0.10217524550456508,-0.005846706684699322,0.04383646726677454,-0.003710420453155026,0.5754672006460572,0.8178088243202013,0.002640974405277027,0.0,0.8177746390191575,-0.5754058307859566,-0.011554937291838496,0.0,-0.007930250291871499,0.0088093789157518,-0.9999297505192187,0.0,0.6581263361645808,0.2561752391462331,0.303837304937256,1.0,-0.012140000000000008,-0.015955428571428586,-0.006070000000000004,0.6080000000000004
0.4622911355550274,0.5262993779329872,-0.12407127022758667,-1.3885771110167253,0.0775628321443652,1.9062400624678801,0.15684923601501838,-0.00893259366501387,-0.06798769224370305,0.0009067368605538624,-0.10474320562667536,-0.005932185528407117,0.03809297732098028,-0.004805934257893846,0.5755326206198369,0.8177626826027405,0.002672909658179237,0.0,0.8177288623182118,-0.5754710825945372,-0.011545030551841182,0.0,-0.007903065098627537,0.008830427075584346,-0.9999297800944374,0.0,0.6579191457159853,0.2559119745513185,0.3038495913886913,1.0,-0.012480000000000008,-0.016402285714285727,-0.006240000000000004,0.6250000000000004
0.46213498771586,0.525132500770302,-0.12407839556772612,-1.3903866233596451,0.07743754682159655,1.9068972564955091,0.1567394361166876,-0.008041538346291453,-0.06759570752375185,-0.00017993483155751016,-0.1090411515612866,-0.0032912558547092286,0.03877492061932731,-0.0025423706586554145,0.575639083460427,0.8176877418815295,0.002673812022746397,0.0,0.8176540672231281,-0.5755776788644512,-0.011528609963717913,0.0,-0.007887968398328005,0.008822741613591964,-0.9999299671401825,0.0,0.6577049228470738,0.25562999401375025,0.30386628102413676,1.0,-0.01282000000000001,-0.016849142857142875,-0.006410000000000005,0.6420000000000005
0.46198276464468224,0.5239707062759955,-0.12408474269852081,-1.3922486590506962,0.07732692599438136,1.9075577493408264,0.15659264739796924,-0.008535921463946786,-0.06808517762155436,0.0007690239754761686,-0.11149835549459981,-0.003965638608837774,0.04188326157333789,-0.006187459602310012,0.5757181387788601,0.8176321972914518,0.0026384720135273557,0.0,0.8175980165883947,-0.575656786950719,-0.011553952116308188,0.0,-0.007928181576553728,0.008809198897401602,-0.9999297685096066,0.0,0.6574763277981641,0.2553473761887304,0.30385440332036956,1.0,-0.01316000000000001,-0.017296000000000016,-0.006580000000000005,0.6590000000000005
0.4618370857424753,0.5228293046963554,-0.12408407737972227,-1.3940476090694214,0.0772184063044935,1.9082294399738653,0.1564673893483158,-0.012094313184714149,-0.07274342566043658,0.0004041418214626808,-0.11329692723758358,-0.0038734071160392665,0.039966941393325635,-0.012904155716602233,0.5758015889653935,0.8175733981016599,0.0026487284951862795,0.0,0.8175393330848514,-0.5757401735468569,-0.011551550745238486,0.0,-0.007919413665885167,0.008817010756379279,-0.9999297691380682,0.0,0.6572603008111452,0.255081475170013,0.303858658136275,1.0,-0.01348000000000001,-0.017716571428571443,-0.006740000000000005,0.6750000000000005
0.46167508938717755,0.5216104300764793,-0.12408909213857569,-1.3959942373094343,0.07709735855343468,1.9089944178953822,0.15632439772671025,-0.009075868603918742,-0.0720770623370672,0.001101962423914891,-0.11158951715026585,-0.010685167981209248,0.046419350981548486,-0.008969229069066045,0.5758924373405248,0.8175093282021103,0.0026731662373373436,0.0,0.8174756636079465,-0.5758310237499132,-0.011529024116655738,0.0,-0.00788594453820285,0.008824896049095712,-0.9999299640917173,0.0,0.6570357238415702,0.25478934652759977,0.303855043022713,1.0,-0.013820000000000011,-0.018163428571428587,-0.0069100000000000055,0.6920000000000005
0.46151081580528314,0.5203590814189623,-0.1240953848676477,-1.3980204649093984,0.07696390284601994,1.9097618999929766,0.15617500382525726,-0.011203648914877157,-0.07808153740454483,0.0006080931502569497,-0.11480096053362876,-0.005929205440581826,0.038922529132364214,-0.005848819131795237,0.5759812543305758,0.8174468108482124,0.0026557475542540515,0.0,0.8174130333010741,-0.5759200124520948,-0.011524718995469429,0.0,-0.007891498560054167,0.00880903436803157,-0.9999300601361975,0.0,0.6567946043794574,0.25448419671318756,0.3038362617739304,1.0,-0.014160000000000011,-0.018610285714285732,-0.0070800000000000056,0.7090000000000005
0.46134675367450173,0.5190451453572004,-0.124104176593049,-1.4000758638317023,0.07683555660710037,1.9104987815475014,0.15601442898547888,-0.00875873825634762,-0.07787926826933708,0.000393484759168497,-0.12104796457098263,-0.012282090409463355,0.036209738271477075,-0.009975288275237942,0.5760648286367934,0.817387945253619,0.0026470857442290954,0.0,0.8173540709982484,-0.5760036219195981,-0.011528098685542392,0.0,-0.007898349988761433,0.008804708021035418,-0.999930044145149,0.0,0.6565416347121869,0.25417390416836333,0.3038445664219585,1.0,-0.014500000000000011,-0.019057142857142877,-0.007250000000000006,0.7260000000000005
0.46117840193167203,0.5177518585635562,-0.12410495947061295,-1.4020422691276042,0.07670948260135056,1.91121308309254,0.15587955328054898,-0.007022244005943877,-0.07550907881916231,0.0011722563534806642,-0.11999618045730814,-0.003995171864328932,0.04103211472776047,-0.014524938103023247,0.5761664272366109,0.8173162333585624,0.002677632383176011,0.0,0.8172828024380023,-0.5761051618505977,-0.011506964386422786,0.0,-0.007862382327439854,0.008818479239936963,-0.9999302062484321,0.0,0.6562889737812889,0.25385282223956557,0.3038787235309621,1.0,-0.014840000000000011,-0.019504000000000018,-0.007420000000000006,0.7430000000000005
0.4609919880008027,0.5164245766834236,-0.12411376581249454,-1.4041695761597093,0.07656765940368236,1.9119963498981318,0.15572134770349622,-0.013120283595508072,-0.07338480394540069,-0.0005157139131576308,-0.12476410631643346,-0.005292122677122098,0.05125274948763148,-0.014511695246902696,0.5762662514987215,0.8172459362020886,0.002652177594424994,0.0,0.8172122641016498,-0.5762051550394308,-0.011510065553636685,0.0,-0.00787850758282621,0.008800423823267775,-0.9999302383960583,0.0,0.6560476706480158,0.25354237411023356,0.30386480412929867,1.0,-0.015160000000000012,-0.019924571428571448,-0.007580000000000006,0.7590000000000006
0.4608088541728582,0.5150495540611272,-0.12412579435645416,-1.4063451133813318,0.07643997002015344,1.9128147229401262,0.15555568493001581,-0.012358714400973794,-0.07802987397173121,-0.003330397312451982,-0.12626124596765656,-0.00830534869124535,0.052314431624415965,-0.004643356119318839,0.5763694639494213,0.8171731088351243,0.0026642305836619843,0.0,0.817139598429914,-0.5763083218907662,-0.0115039861985303,0.0,-0.00786548134393833,0.00880776424454184,-0.9999302763154243,0.0,0.6557874221911602,0.2532099656139536,0.30386478801333916,1.0,-0.015500000000000012,-0.02037142857142859,-0.007750000000000006,0.7760000000000006
0.46062038679538336,0.5136411178077565,-0.12413192096370293,-1.4085745415841928,0.07631042383071764,1.9136183305690524,0.15537830394270158,-0.007451285957095554,-0.08335711518783914,-0.001965536558930126,-0.13385197227395884,-0.004531257243118942,0.04472128613869689,-0.015965566647548633,0.5764650513614878,0.8171057268283881,0.002650027218146338,0.0,0.8170719525035469,-0.5764038540140342,-0.011522517564221426,0.0,-0.007887781051652276,0.008807761169486825,-0.999930100683674,0.0,0.6555115779441296,0.2528703396403222,0.30386063047275,1.0,-0.015840000000000014,-0.020818285714285737,-0.007920000000000007,0.7930000000000006
0.46044126288319104,0.512339827119133,-0.12412916759679235,-1.4107211692116595,0.07617714598110656,1.9143697695066828,0.15521839413245228,-0.012678719611484984,-0.0755544307408366,-0.0004455607383804476,-0.13634475498024853,-0.010955306694066524,0.04733548485281172,-0.0071367305318569526,0.5765551694505104,0.8170424054275847,0.00256733601378158,0.0,0.8170074786889931,-0.5764941453853016,-0.011577003236283901,0.0,-0.007979002011148373,0.00877248268366769,-0.9999296870652812,0.0,0.6552371767642661,0.2525464153374246,0.3038156278281148,1.0,-0.01616000000000001,-0.02123885714285716,-0.008080000000000006,0.8090000000000006
0.46024434716883417,0.5109046352599169,-0.1241273600333517,-1.4130428073897559,0.07604215909510748,1.9152257026694475,0.15504187398037364,-0.00780994203496505,-0.07688960896866479,0.0018323976811144963,-0.1355203622134276,-0.0054690079177353666,0.05354043683754596,-0.004163636381480686,0.5766555392093192,0.8169716478528437,0.0025421654207535907,0.0,0.8169362932539767,-0.5765944767471665,-0.011603837741124943,0.0,-0.00801436220150692,0.008768373323532572,-0.9999294403245471,0.0,0.6549494558673096,0.2521980842471496,0.30378978361487774,1.0,-0.01650000000000001,-0.021685714285714305,-0.008250000000000006,0.8260000000000006
0.4600436964808332,0.5094220220908509,-0.12412753221250668,-1.4153868745021518,0.07588682924726116,1.916109789134195,0.15485550262093895,-0.011905577118175303,-0.09046614557444055,0.001783808575024986,-0.13865866744625413,-0.009229535112450319,0.05570604539737109,-0.0034981082490399542,0.57674744845969,0.8169067372012054,0.0025515312513000035,0.0,0.8168715981543992,-0.5766864456943418,-0.011588027541942467,0.0,-0.00799505821114116,0.00876780753595098,-0.9999295998195138,0.0,0.654664804691746,0.2518428199605341,0.3037884162879299,1.0,-0.016840000000000015,-0.022132571428571453,-0.008420000000000007,0.8430000000000006
0.4598390575577436,0.5079209409224071,-0.12413362706738737,-1.4177682850030433,0.07573299408095135,1.9169666506317258,0.1546668646033234,-0.012751230412428094,-0.09074518322778231,-0.001622166691142264,-0.14055256890076473,-0.010413160916417004,0.04337717550132715,-0.022872931393142913,0.576846693471044,0.8168367452661379,0.0025240276849694647,0.0,0.8168012813966817,-0.5767858067739123,-0.011599427318372657,0.0,-0.008019169506958523,0.00875288886235874,-0.9999295374460052,0.0,0.6543675685000104,0.25147581777173006,0.303779522978123,1.0,-0.017180000000000015,-0.022579428571428594,-0.008590000000000007,0.8600000000000007
0.4596176518910798,0.5063966467130876,-0.12413625083741626,-1.420159451171651,0.0755866943953019,1.9178342860071826,0.1544791194878652,-0.013528238287333032,-0.09275321051576592,-0.0016079516742276354,-0.14396259316054638,-0.010311886353753519,0.0543161401877762,-0.010633048920482049,0.5769601051039182,0.8167566469084172,0.0025226475384143125,0.0,0.8167211238201371,-0.5768991638758904,-0.011606357158002087,0.0,-0.008024410594296372,0.008756873175274738,-0.9999294605154937,0.0,0.6540727962639759,0.2511010256592951,0.30378251939394774,1.0,-0.017520000000000015,-0.02302628571428574,-0.008760000000000007,0.8770000000000007
0.45940789938511967,0.504900022665836,-0.12414887970141615,-1.4224680868703299,0.07544585013604171,1.9187157132212946,0.15430188355098864,-0.012107564243493454,-0.09429401058015542,0.0003859614597655844,-0.1472293945530312,-0.017599859721569418,0.05414392561717087,-0.019069910444134766,0.5770771616429353,0.8166737497761098,0.0025851185601038027,0.0,0.8166391273609297,-0.5770160940626512,-0.011563293521721613,0.0,-0.007951936365322654,0.008784190692698146,-0.9999297998869301,0.0,0.6537789679932738,0.25072167590336886,0.303809155880237,1.0,-0.017860000000000015,-0.02347314285714288,-0.008930000000000007,0.8940000000000007
0.4591940063647961,0.5032499272068168,-0.12414927224017093,-1.4249526911343846,0.0752810334177545,1.91967082327304,0.15411085499902497,-0.016542716440852954,-0.10035746104301971,-0.0009735281605695799,-0.14693634727211777,-0.0036332200727426014,0.051243997901846944,-0.015527980697226176,0.5771862667372827,0.8165963062976214,0.0026894111191728748,0.0,0.8165631509559179,-0.5771249743123177,-0.011494843502959751,0.0,-0.007834671264618176,0.008830909848270063,-0.9999303140506477,0.0,0.6534838672214597,0.25033816849481133,0.30387071454455045,1.0,-0.018200000000000015,-0.023920000000000025,-0.009100000000000007,0.9110000000000007
0.45896320945778724,0.5015561862372399,-0.12415438675924223,-1.4274590262627949,0.07512177478190624,1.9206104812397893,0.1539138201695048,-0.010378678148524596,-0.10311790216578766,0.00023909737840888899,-0.1577989334223012,-0.014648996657090907,0.05981436294607457,-0.011653018618095607,0.5772949885630636,0.8165191659252142,0.0027739426765730586,0.0,0.8164871478602838,-0.5772334660670706,-0.011445957032220698,0.0,-0.007744779854306716,0.008872753006322426,-0.9999306439144152,0.0,0.6531950636491823,0.2499735114537786,0.3039301324177732,1.0,-0.018520000000000016,-0.024340571428571454,-0.009260000000000008,0.9270000000000007
0.45872952341126,0.49983932128172187,-0.12415013891975589,-1.4300451359510558,0.07495852958448976,1.9215236425172741,0.15370827672943008,-0.014395681923608737,-0.1014259615453076,0.0007730489520366585,-0.14846769921394382,-0.004003228472435628,0.05269735160840614,-0.014453315561690945,0.5774021861534644,0.8164432366281762,0.0028113503012030605,0.0,0.8164116382539344,-0.5773404614020261,-0.011435709546451914,0.0,-0.007713649946850087,0.008898394119109351,-0.9999306566890518,0.0,0.6528658060616176,0.24957490376423128,0.30397604636297537,1.0,-0.018860000000000016,-0.024787428571428596,-0.009430000000000008,0.9440000000000007
0.4584977874172119,0.498265758547435,-0.12415551145165167,-1.432510687454204,0.07480491759841475,1.9224480647170588,0.1535191347644362,-0.012220084116686097,-0.09043917097713398,-0.0009712750479443228,-0.15352588077400836,-0.00853663543478193,0.05812987553500923,-0.022178274286503784,0.5775221168568809,0.8163583515495456,0.002827242059755827,0.0,0.8163270412684343,-0.5774604241070698,-0.011417845033794387,0.0,-0.0076885807801620465,0.008902183574070716,-0.9999308160333897,0.0,0.652546832666829,0.24916111988618173,0.30397504640878026,1.0,-0.019200000000000016,-0.02523428571428574,-0.009600000000000008,0.9610000000000007
0.45824411131043674,0.49658913924168613,-0.12415611926654602,-1.435172525333687,0.07464034073458929,1.9234114714776478,0.15329689078448608,-0.012341741941444374,-0.097072362968765,-0.00017069918639651054,-0.1568914139467063,-0.005386721661481579,0.05403567353622036,-0.006825050855925134,0.5776408552509229,0.8162743888243543,0.0028127203233520052,0.0,0.8162427750773107,-0.577579058042479,-0.011441623401509362,0.0,-0.007715084333607791,0.008905183221728313,-0.999930585183548,0.0,0.652229486276954,0.24876610021002998,0.3039653724459481,1.0,-0.019520000000000017,-0.02565485714285717,-0.009760000000000008,0.9770000000000008
0.45797463372918146,0.49491315710007905,-0.12415333814188835,-1.4378760701045352,0.07447058459142757,1.9243470427741212,0.15308039938166862,-0.016863649487107682,-0.09542745837862826,0.0014709679890394002,-0.16291655390406531,-0.014794449719855406,0.05820367321661411,-0.012965198033858824,0.5777721890970905,0.8161817068330426,0.0027323686181687096,0.0,0.8161489403817083,-0.5777104968232221,-0.011499385865738666,0.0,-0.007807220664714509,0.008874215953527137,-0.9999301453585158,0.0,0.6518812870062863,0.24832974451190395,0.30392715376538126,1.0,-0.019860000000000017,-0.02610171428571431,-0.009930000000000008,0.9940000000000008
0.45768474139384224,0.49312801404209383,-0.12419818994045718,-1.4407719466618645,0.07429791715375819,1.9253651117762203,0.15289122655145196,-0.01464443629021853,-0.121832826055603,-0.004650195021057571,-0.1937564508225712,-0.011462396495433375,0.07502701148041674,-0.008882405195794038,0.5779852323263904,0.816031143057219,0.002644177479930807,0.0,0.8159972614464607,-0.5779238283473732,-0.011544039215135561,0.0,-0.00789231429569981,0.008830095776853342,-0.9999298679325613,0.0,0.6515203716958227,0.24783603674970095,0.30388141367781574,1.0,-0.02738571428571398,-0.035992653061224095,-0.043226767954284276,1.0109999999999995
