position_joint1,position_joint2,position_joint3,position_joint4,position_joint5,position_joint6,position_joint7,velocity_joint1,velocity_joint2,velocity_joint3,velocity_joint4,velocity_joint5,velocity_joint6,velocity_joint7,ee_T_00,ee_T_10,ee_T_20,ee_T_30,ee_T_01,ee_T_11,ee_T_21,ee_T_31,ee_T_02,ee_T_12,ee_T_22,ee_T_32,ee_T_03,ee_T_13,ee_T_23,ee_T_33,v_x,v_y,w_z,time
0.46510034847273846,0.5473048036489822,-0.12398179285264295,-1.3555915985998037,0.07945439130294281,1.8941740683069648,0.15914611992911168,0.003894618225952652,0.001320044597441572,0.0005922038039455308,0.001115443199516904,0.0002122045173208667,-0.0004035874541915169,-0.000281487774912932,0.5737427161348372,0.8190197132545474,0.002598438736411618,0.0,0.8189857050885847,-0.5736825047864658,-0.011469327080895014,0.0,-0.007903078292925692,0.0087086947216609,-0.9999308476038434,0.0,0.6617537324891483,0.2609446343996548,0.30367287572239027,1.0,5e-324,6.9211014718123e-310,6.9208892722333e-310,0.0
0.4650996332210406,0.5473038468169762,-0.1239796883055103,-1.3555941160268286,0.07945379406087352,1.894170982179102,0.15914294408859436,-0.0002874496995225613,0.001339061069859571,0.00015889973613213238,-0.0007941746437362474,9.556492998613801e-05,6.90647445242897e-07,-0.0011863250308006958,0.5737391891002022,0.8190221951239378,0.002594934723072333,0.0,0.8189881303279494,-0.5736789771172743,-0.011472597649000051,0.0,-0.007907804862387735,0.008707667258760238,-0.9999308191835918,0.0,0.6617523019799512,0.26094478560579726,0.30367201568201313,1.0,-0.00020000000000000004,-0.00026285714285714297,-0.00010000000000000002,0.011000000000000003
0.46509487449033643,0.5473004184388376,-0.12398070001367764,-1.3555920317186945,0.07945304254715334,1.8941691207685851,0.15914031598839462,-0.0010479363890722386,0.0012870297001343841,0.0005310161910501347,0.0011037146524217778,-0.0003461804055098825,-0.0002635572303392813,1.6653697409441467e-05,0.5737413075144191,0.8190207029219294,0.002597525384181558,0.0,0.81898668266364,-0.5736810989977041,-0.01146983755772874,0.0,-0.007904035379033503,0.00870822595520937,-0.9999308441214523,0.0,0.6617540142917815,0.2609410950940353,0.3036753071958329,1.0,-0.0005200000000000003,-0.0006834285714285719,-0.00026000000000000014,0.027000000000000017
0.46509911817597605,0.5472705807155754,-0.12398032338821402,-1.3556096446616452,0.07945085133528995,1.8941718176420945,0.15915010422538647,0.0008821126984213679,-0.0035998606818847837,0.0010209927995089387,0.0005487668965656855,0.0003799162904626338,-4.007938530585026e-05,0.001149091028499049,0.5737459241660503,0.8190174284082605,0.0026102428187213204,0.0,0.8189835769140243,-0.5736856785998392,-0.011462539673231907,0.0,-0.00789071276410197,0.008714499199512962,-0.9999308946901161,0.0,0.6617502284631226,0.2609422500983194,0.30368827890795846,1.0,-0.0008800000000000007,-0.0011565714285714298,-0.00044000000000000034,0.04500000000000003
0.46509430687945585,0.547176050649117,-0.12397756857202742,-1.355704658624615,0.07944899594998774,1.8941900824223927,0.1591416448026042,0.00034021913048205935,-0.007347164427985864,0.0015484609675792721,-0.00657592214572024,-0.00029486126293599323,0.003615232783217289,-0.0007656749110150648,0.5737456554534696,0.8190175541750144,0.002629772357855285,0.0,0.8189838901676642,-0.5736852749154129,-0.011460361786386316,0.0,-0.007877727472831053,0.008729242045715319,-0.9999308684820022,0.0,0.6617353084871336,0.2609315604838492,0.30371150611437836,1.0,-0.001220000000000001,-0.0016034285714285731,-0.0006100000000000005,0.06200000000000005
0.46508998900158904,0.5470531253515438,-0.12398035263178642,-1.3558649494007986,0.07944933692466156,1.8942234931927957,0.15914298230466958,0.0009358348935012036,-0.004187755892368957,0.0007130275775267172,-0.01130956248854123,6.15203895672893e-05,0.0021349443655129504,0.0004310687011968755,0.5737610869069525,0.8190067348276611,0.0026325575955714253,0.0,0.8189730059481402,-0.5737005836770186,-0.011471822789953602,0.0,-0.007885352114042121,0.008738247358484108,-0.9999307297283844,0.0,0.6617102162372337,0.2609119987923161,0.30372527173098773,1.0,-0.0015400000000000012,-0.002024000000000002,-0.0007700000000000006,0.07800000000000006
0.46506848807526674,0.5468894764628867,-0.12398286120175449,-1.3560745496624576,0.0794408557823649,1.894294031174088,0.1591370496189398,-0.0010740386501239983,-0.012480119643741079,-0.0003547721892716969,-0.009520573668378714,-0.000400973895050852,0.0076328752625681355,-0.0027175364076553778,0.573784967969763,0.8189899287233003,0.002655952362097481,0.0,0.8189564731076046,-0.5737243538135549,-0.011463328381429206,0.0,-0.007864717361514784,0.00875276340518899,-0.999930765280075,0.0,0.6616872081777728,0.260877003026189,0.30374760990125094,1.0,-0.0018800000000000015,-0.0024708571428571453,-0.0009400000000000007,0.09500000000000007
0.46503900755847516,0.5466930413525791,-0.12398071936055073,-1.3562910394288659,0.07943552999492964,1.8944281952628308,0.1591363068322379,-0.003130743315761691,-0.0161832654976014,0.0003944327469989802,-0.009445154433297307,4.6338798085412416e-05,0.0009347875997411381,-0.002930396266026072,0.5738179185975409,0.8189665088649121,0.002756910446818317,0.0,0.8189343553289568,-0.5737569785840984,-0.011410437730452014,0.0,-0.0077631192086363154,0.008805411839703695,-0.9999310969774294,0.0,0.6616769988306629,0.2608438737956354,0.30379527717501936,1.0,-0.002220000000000002,-0.0029177142857142887,-0.001110000000000001,0.11200000000000009
0.46500778002467336,0.5464750655330154,-0.12398075697190174,-1.3565420765109448,0.07943272680827176,1.8945533863369934,0.15913516679731718,-0.0018190960653146951,-0.016282962473892902,0.0004634963382071511,-0.020242199671320273,0.00026148694975954354,0.0038816193035242285,0.0011805458614970981,0.5738559520570666,0.818939568196099,0.002841976895229202,0.0,0.8189084576961915,-0.5737946840740767,-0.011373009416329967,0.0,-0.0076832441120134876,0.008853958528580605,-0.9999312852282849,0.0,0.6616584476741544,0.2608043033420206,0.30384104085484903,1.0,-0.002560000000000002,-0.0033645714285714316,-0.001280000000000001,0.1290000000000001
0.46496897883397953,0.5462323885186816,-0.12398075454042433,-1.3568801245215145,0.07942089457450925,1.894686227700858,0.1591280838446713,-0.002714278830614936,-0.01535835624960284,0.0009122050044954712,-0.014819972373382305,-0.0005071208465430181,0.010621595661936668,-0.004614171910739503,0.5738976875950603,0.8189101938744331,0.002878444508630786,0.0,0.8188794980170788,-0.5738362403801031,-0.011361507599521762,0.0,-0.007652445949352604,0.008877613054818045,-0.9999313116696772,0.0,0.6616245831328861,0.2607487949690425,0.30386350444748134,1.0,-0.002900000000000002,-0.0038114285714285745,-0.001450000000000001,0.1460000000000001
0.4649401901186589,0.5459756404629443,-0.12398604681004413,-1.3572787786174498,0.0794074965897642,1.8948183715136986,0.15911170517455878,-0.0028203789976865828,-0.01624253935275438,-0.0009705589394543872,-0.028163109148550546,-0.0007636276155927023,0.006813974891832134,-0.0026578966524016027,0.5739302000763133,0.8188874208386674,0.0028747754289205193,0.0,0.8188565970885531,-0.5738686663984929,-0.01137427060425452,0.0,-0.0076646511457349464,0.008882237239332666,-0.9999311771239251,0.0,0.6615757239640818,0.2606895346267144,0.30386717141460484,1.0,-0.0032200000000000024,-0.004232000000000004,-0.0016100000000000012,0.16200000000000012
0.4648955322759476,0.5456761218519939,-0.1239856762476738,-1.3577513641243582,0.07938010650456044,1.8949845080339145,0.1590960977139028,-0.001166571828382094,-0.011450753184983368,0.0002413042768421586,-0.026479622702233738,0.00045039903636325684,0.012925229255659552,0.0014412549332529887,0.5739728466279437,0.8188575496024115,0.0028690929154542785,0.0,0.81882663199495,-0.5739113009578605,-0.011380345771167458,0.0,-0.007672424922083976,0.008881470142551348,-0.9999311243200313,0.0,0.6615213988414312,0.26061488389981263,0.3038686541684076,1.0,-0.003560000000000003,-0.004678857142857147,-0.0017800000000000014,0.17900000000000013
0.46484433277671505,0.5453554113457082,-0.12398673647578409,-1.358281066696733,0.07932028384783431,1.8951634028868092,0.15902841636093107,-0.005241964051321059,-0.021299715724193997,-0.00014701143953319161,-0.03119310870257635,-0.0054960960053946455,0.014918181848023139,-0.009385915783484428,0.5739737700192238,0.8188570462729551,0.0028277199754125435,0.0,0.8188258002485942,-0.5739125862426012,-0.011375372555953674,0.0,-0.007692087983693696,0.00884474583182536,-0.999931298766881,0.0,0.6614608773776812,0.26052419226254947,0.3038590226539907,1.0,-0.003900000000000003,-0.005125714285714291,-0.0019500000000000014,0.19600000000000015
0.4647954802387843,0.5449909427477378,-0.12398384243473715,-1.358888858588526,0.07929324709126025,1.895353873370206,0.158944498106597,-0.002087841841185358,-0.020914670554237277,0.0016347172863802207,-0.034219618892004845,3.6895337987627555e-05,0.012708011772424156,-0.0015282742959667984,0.573969649083245,0.8188600668659822,0.0027892157865518847,0.0,0.8188281829734453,-0.5739084223415247,-0.011413870293476444,0.0,-0.007745757289916055,0.008835273727849424,-0.9999309682083857,0.0,0.66138247550666,0.26043474614065415,0.30384410454993976,1.0,-0.004240000000000003,-0.005572571428571434,-0.0021200000000000017,0.21300000000000016
0.46473760413632054,0.5446256846204927,-0.12398993375363779,-1.359520209145995,0.07927316300235435,1.895575511051326,0.1589365730311397,-0.002443665597381081,-0.024396632251834808,-0.00011600841616468617,-0.040582385834177045,-0.00339666853761153,0.009753281273243009,-0.0003982586264505524,0.5740447395606042,0.8188075336595516,0.002758025810054813,0.0,0.8187751109975107,-0.573983446444838,-0.011448481101366141,0.0,-0.007791191419496579,0.008830313251853253,-0.9999306590479857,0.0,0.6613088599075013,0.2603345909945305,0.303821522837872,1.0,-0.004560000000000003,-0.005993142857142863,-0.0022800000000000016,0.22900000000000018
0.46468106778174817,0.5441741413952654,-0.1239896056749324,-1.360292266996712,0.07923203447611904,1.8958195003972702,0.15890202031342263,-1.22286787067685e-06,-0.02791227624033424,0.0002415199906552368,-0.046062521134919356,-0.003258922996084344,0.00766787324067381,-0.008586371117182856,0.574094486464783,0.8187728639216045,0.002695332550761094,0.0,0.8187395271626485,-0.574033270988187,-0.011495101621741548,0.0,-0.0078648181375095,0.008806219307560745,-0.9999302951392017,0.0,0.6612089098064422,0.2602215811692153,0.303794683300919,1.0,-0.004920000000000004,-0.006466285714285721,-0.002460000000000002,0.2470000000000002
0.4646179385443009,0.5437465919913002,-0.1239853437875762,-1.3609960399151242,0.07919998169492704,1.8960689979020375,0.15883657067099513,-0.0016186044800418362,-0.024454103897980452,-0.001603114111404647,-0.041238781480888255,-0.0004313389487470087,0.00920740349782389,-0.008375641431764289,0.5741202948198627,0.8187548225540769,0.002678529746789602,0.0,0.8187211430942694,-0.5740589909038957,-0.0115200570320796,0.0,-0.007894620163467092,0.00880703703845688,-0.999930053089254,0.0,0.6611253337704739,0.26011613110106163,0.3037836986372051,1.0,-0.005240000000000003,-0.0068868571428571486,-0.0026200000000000017,0.2630000000000002
0.46455749697860393,0.5432565874679384,-0.1239963480841728,-1.3618037556541653,0.0791549663188183,1.896354574000148,0.1587758642649998,-0.003804983106568835,-0.026097163735275604,-0.001795413087876046,-0.04499389525060155,-0.009099063204848126,0.01904440019212866,0.0010290368887475145,0.5741607726488925,0.8187265322889025,0.0026494109956895886,0.0,0.8186924736886422,-0.5740995572669331,-0.011535977318452434,0.0,-0.007923937587209717,0.00879272777955832,-0.9999299471219516,0.0,0.6610301172248989,0.25999245093876167,0.30377099488423354,1.0,-0.005580000000000004,-0.007333714285714292,-0.002790000000000002,0.2800000000000002
0.4644869405972485,0.5427412908076551,-0.12399457365238754,-1.3626655949029713,0.07910485655789416,1.8966491783171164,0.1587446768281508,-0.0025525833932340224,-0.031878802696578605,-0.0005649336640059666,-0.05328374564365439,-0.00492592105108891,0.015806982305095155,-0.00011936284289232324,0.5742263083099842,0.8186807107221108,0.0026053094700658926,0.0,0.8186460219207389,-0.5741651670183994,-0.011567137817581946,0.0,-0.007974068188026207,0.008775150029075182,-0.9999297030184173,0.0,0.6609247735849801,0.25986318859753815,0.3037507189561005,1.0,-0.005920000000000004,-0.007780571428571435,-0.002960000000000002,0.2970000000000002
0.46440658728502965,0.5421831395148314,-0.12399952166573518,-1.3635552814551324,0.07905216568504761,1.8969686586720693,0.15864726672766033,-0.008428394156638907,-0.03326541938537502,-0.0012938237625221363,-0.04981508621062687,-0.0048518450318587765,0.02855124907361845,-0.00012660338142184125,0.5742512003827325,0.8186632871167833,0.0025938556903847077,0.0,0.8186284457732973,-0.5741900901605396,-0.011573894480053915,0.0,-0.007985910020572973,0.008769895698322094,-0.9999296546110551,0.0,0.6608232001972586,0.25972209094663434,0.3037498163669459,1.0,-0.006260000000000004,-0.008227428571428578,-0.003130000000000002,0.3140000000000002
0.46432822902091364,0.5416141034421914,-0.12399663694138309,-1.3644452984521265,0.07899843302358324,1.8972856152906679,0.15860394546725134,-0.0017119958726303287,-0.0399505840635074,0.0006652526933704521,-0.05605049037504581,-0.003181668766864628,0.024358040317484675,-0.0011270099450658732,0.5743259539263128,0.8186108737709412,0.002585128974503236,0.0,0.8185759052123203,-0.5742648485026072,-0.011580936115711015,0.0,-0.007995885479437859,0.00876752527444026,-0.9999295956795967,0.0,0.6607124003016144,0.2595754043397217,0.30375415568877334,1.0,-0.006600000000000005,-0.008674285714285723,-0.0033000000000000026,0.33100000000000024
0.46423735002044686,0.5410026849372023,-0.1240083028407483,-1.3654177238223315,0.07893376430206372,1.897640497398749,0.15852164317791365,-0.00468445206499591,-0.03834279803578729,-0.002648458713559365,-0.05497741157962218,-0.004092307904142368,0.02568012374668664,-0.00840356658771447,0.5743647821602679,0.818583653565554,0.002577989616970695,0.0,0.8185486702124624,-0.5743037813435163,-0.011575324149068499,0.0,-0.007994975875919852,0.008758837140863895,-0.9999296790938267,0.0,0.660611393951878,0.25942603667216724,0.30375641046581475,1.0,-0.006920000000000005,-0.009094857142857151,-0.0034600000000000026,0.34700000000000025
0.46413816507015426,0.5403293017475396,-0.12400314104086532,-1.3664468997435726,0.07888114816993352,1.898027067415516,0.15843926136770506,-0.004755175580134249,-0.0359251350508264,1.968609718464024e-05,-0.06340087056130096,-0.0028576931991270726,0.02379381992906386,-0.0026846372593447325,0.5744179174740887,0.8185462672625209,0.0026098537378962455,0.0,0.8185115977992015,-0.5743566934284569,-0.01157151171352221,0.0,-0.00797298426111176,0.00878324831828374,-0.9999296405602501,0.0,0.6604961549464891,0.2592679036833557,0.30377583859225954,1.0,-0.007260000000000005,-0.009541714285714294,-0.0036300000000000026,0.36400000000000027
0.4640354226133407,0.5396166910438923,-0.12401230378729539,-1.367527637662665,0.07881250959294456,1.8984277807545151,0.1583977790214872,-0.008456649013030098,-0.04256006362680175,0.0006621850067309614,-0.06437677907988329,-0.014395192060489925,0.034232860324279385,0.0015737456516374938,0.5745159292477726,0.818477405976529,0.00263246039083289,0.0,0.8184431038316828,-0.5744546993271131,-0.011551238572803418,0.0,-0.007942351455454744,0.00879105887072909,-0.9999298157057271,0.0,0.6603777590913991,0.25909189111665365,0.303800009164929,1.0,-0.007600000000000006,-0.009988571428571439,-0.003800000000000003,0.3810000000000003
0.4639404275615999,0.5388814701363809,-0.12401845552618099,-1.3686889873959098,0.07874450645369678,1.8988601963250933,0.15827383658198485,-0.0037957764774614287,-0.03926024545721436,0.00040794672924339653,-0.06913851640303989,-0.005470869335951279,0.02545263839808817,-0.008324145448203915,0.5745426200496747,0.8184586576536206,0.002636353446872957,0.0,0.8184244109750879,-0.5744813794050181,-0.011548815445585909,0.0,-0.007937844850436138,0.008793111996110173,-0.9999298334386041,0.0,0.660244706428423,0.2589157342930785,0.3038043291256673,1.0,-0.007940000000000006,-0.010435428571428582,-0.003970000000000003,0.3980000000000003
0.4638436987657981,0.5381639805383103,-0.12402288319690957,-1.3697831788160153,0.07868599679912071,1.899288072445056,0.15821158331126225,-0.007866599622806105,-0.04261322435793825,-0.0010395685221531222,-0.0716872238667369,-0.006190451400635661,0.016736017994934526,-0.006050382501620521,0.5746188217045365,0.8184050145609133,0.0026811910877847355,0.0,0.8183713346295767,-0.5745574078424304,-0.011527820748116301,0.0,-0.007894080091393807,0.008818482487125481,-0.99992995648002,0.0,0.6601251129176814,0.25874840379269903,0.3038275369570944,1.0,-0.008260000000000007,-0.010856000000000011,-0.0041300000000000035,0.4140000000000003
0.4637518441389583,0.537375509472366,-0.12403362839160943,-1.3710326191397058,0.07860807113966738,1.8997589086989082,0.15811675551513185,-0.004976127492656857,-0.04692549779319275,0.0003698073884484084,-0.07705938156664467,-0.0071100188089971116,0.023195330188448375,-0.0057176348560994345,0.5746720525723759,0.8183676293610473,0.002683674242614402,0.0,0.8183340544664366,-0.5746107053931575,-0.011517788386210617,0.0,-0.007883869016420297,0.008815262837950005,-0.9999300654297929,0.0,0.6599810555806255,0.25856291906776635,0.3038307606493221,1.0,-0.008600000000000007,-0.011302857142857154,-0.0043000000000000035,0.4310000000000003
0.4636417662226951,0.5365577110928829,-0.1240350597187081,-1.372307909875277,0.07853703360195695,1.9002261636152105,0.15801307726520725,-0.008889576135375643,-0.05012887450382818,-5.456993050594708e-05,-0.0759515987999021,-0.00017272761111732077,0.030955728746470925,-0.0018625243003725202,0.5747294623526982,0.8183272783261825,0.002693984456048764,0.0,0.8182937809619935,-0.5746680117303132,-0.011520036200556725,0.0,-0.007879164877570455,0.00882554485730963,-0.9999300118102282,0.0,0.659832983981274,0.25836901031480836,0.303841636569475,1.0,-0.008940000000000007,-0.011749714285714297,-0.0044700000000000035,0.44800000000000034
0.4635283005417859,0.5357023737990741,-0.12404136999783587,-1.3736657610403185,0.07844571760629042,1.9007246860811429,0.15791363397324323,-0.005834497152590881,-0.05106538550371166,0.002012276197898804,-0.07996196276636243,-0.0038397157615071135,0.019438292656548065,-0.010209604249328638,0.5747955441410578,0.8182809019667715,0.0026823149033412897,0.0,0.8182473458781349,-0.5747342266902452,-0.01151505689790341,0.0,-0.00788108469820581,0.008813770138301244,-0.999930100536997,0.0,0.6596758127014302,0.25815959239372904,0.30384240030981613,1.0,-0.009280000000000007,-0.01219657142857144,-0.0046400000000000035,0.46500000000000036
0.46342810967837317,0.5348584297378944,-0.12404456474464748,-1.3749709722355796,0.07839100683313958,1.901196621353383,0.15783211344433534,-0.007488866991082246,-0.05212273092836741,0.0004647499831048616,-0.08528020101497404,-0.010490682968589893,0.028941707520137826,-0.004880127582479262,0.57486998408453,0.8182285384672635,0.002703171764106644,0.0,0.8181950470005522,-0.5748083591091414,-0.011530926382069599,0.0,-0.007881279053702395,0.008840675424721334,-0.9999298614895511,0.0,0.6595187704677126,0.2579709547570756,0.30385766725934127,1.0,-0.009600000000000008,-0.01261714285714287,-0.004800000000000004,0.48100000000000037
0.4633027721760578,0.5339160037583196,-0.12405562824800834,-1.3765010047217365,0.07829452160793353,1.9017543114952795,0.15771208398923772,-0.009369767341894894,-0.05121130784819219,-0.0038059268482464486,-0.08452979994931696,-0.010193869506618804,0.03146805768954531,-0.01023128191561574,0.5749400952662742,0.8181793820922908,0.0026706694841189304,0.0,0.81814552854592,-0.5748786341352431,-0.01154110204108863,0.0,-0.007907533155902147,0.008820608427682619,-0.9999298314313629,0.0,0.6593394695732078,0.2577348637311923,0.3038428711840633,1.0,-0.009960000000000009,-0.013090285714285728,-0.004980000000000004,0.4990000000000004
0.4631927478687919,0.5330885319279887,-0.1240538173718912,-1.3778038071130168,0.07821915443067771,1.9022407299809614,0.15760573833466135,-0.007117537140698175,-0.047218734126113306,0.001645278036015493,-0.08756274798164566,-0.0025221827458970897,0.036627645476201426,-0.006433142198752904,0.574995752053157,0.8181402678290189,0.0026709883365681163,0.0,0.8181063511987212,-0.574934207927056,-0.011549960381396633,0.0,-0.007913997485158586,0.008826500615297772,-0.9999297282962902,0.0,0.6591761252622622,0.25752857974287946,0.3038385294833483,1.0,-0.010280000000000008,-0.013510857142857156,-0.005140000000000004,0.5150000000000003
0.4630583448954827,0.5321035749162781,-0.12405635826315786,-1.3794169738847466,0.07813867887185078,1.9028603400474582,0.15752296276398,-0.002082711424652237,-0.054420343947345746,-0.0010231566069780376,-0.09192202233181253,-0.014011863672168836,0.036514433778371595,-0.004396101627133067,0.5751037175934416,0.8180643550336022,0.0026780468381863718,0.0,0.8180304429610749,-0.5750420395661131,-0.011558288011668364,0.0,-0.007915586311239009,0.008838108406812595,-0.9999296131894178,0.0,0.6590009019890587,0.2573007808384051,0.3038287808106049,1.0,-0.010620000000000008,-0.013957714285714299,-0.005310000000000004,0.5320000000000004
0.46293557456029855,0.5311754130977254,-0.12405106854961628,-1.380896577037675,0.07803792897806436,1.903404127167919,0.15740483964046506,-0.008886430356283016,-0.062497431640964794,-0.00044744564589249355,-0.09839609863171737,-0.01160759681689172,0.037075522257634955,-0.009860556280382165,0.5751573538849905,0.818026688809003,0.0026648769958704348,0.0,0.8179926575643507,-0.5750957702566787,-0.011559156755440822,0.0,-0.007923291785417619,0.008828353801703256,-0.9999296383328354,0.0,0.6588248645499032,0.25708011626162036,0.30382560524874386,1.0,-0.010940000000000007,-0.014378285714285725,-0.0054700000000000035,0.5480000000000004
0.4628037907038289,0.5301597369966066,-0.12405635826196992,-1.3825248122987277,0.07794668789489066,1.9039784074872907,0.15727462292669875,-0.009468552513352472,-0.055922357725955434,-0.001860072510288143,-0.0971233629237762,-0.00036115632317788274,0.04436250432717371,-0.0059967215326573705,0.5752263060421292,0.8179783039561167,0.0026340074810296942,0.0,0.8179437830313592,-0.5751647175902231,-0.011587162763869382,0.0,-0.00796321289282087,0.008819880687770065,-0.9999293959800748,0.0,0.6586263343064322,0.2568344987288079,0.30381615755722524,1.0,-0.011280000000000009,-0.014825142857142872,-0.005640000000000004,0.5650000000000004
0.4626583055875096,0.5291228228349983,-0.12405704549833549,-1.3841818667530676,0.07783709269206208,1.9045794767203406,0.15716756692290107,-0.008722746397874105,-0.06413595048538376,0.0007632359013076511,-0.0983686368046589,-0.004822768782556764,0.03568591822215903,-0.00911318027423881,0.5753177340848145,0.8179141004947037,0.002603067548605212,0.0,0.8178792405769167,-0.5752563075715853,-0.011596350013686607,0.0,-0.007987540949011107,0.008800750165064597,-0.9999293704987966,0.0,0.6584178639230753,0.256562491509783,0.3038062453442162,1.0,-0.011640000000000008,-0.015298285714285728,-0.005820000000000004,0.5830000000000004
0.46250990366042355,0.5280460852537954,-0.12406237606756351,-1.385880224254755,0.07773278684078183,1.905223488105569,0.15703998013695333,-0.008893015611061348,-0.06469701407813375,-0.00015516653284291195,-0.10028846233894068,-0.003130513904069678,0.042618323183524195,-0.007220295973365179,0.5754034712480822,0.817853716535768,0.002624981047007322,0.0,0.8178191735921276,-0.5753419961544108,-0.01158160901408688,0.0,-0.007961953432458424,0.008811027499485063,-0.9999294840597225,0.0,0.6582346344156813,0.2563168317850423,0.3038155964692965,1.0,-0.011960000000000009,-0.015718857142857156,-0.005980000000000004,0.5990000000000004
0.46236507028557405,0.5269139152030842,-0.12406665579332744,-1.387622715933921,0.07762735907815525,1.9058905056643896,0.15692832105002244,-0.00905854565759526,-0.06905571523029441,-0.0008386980896665342,-0.10671964689242461,-0.01183146679123752,0.04516677146932874,-0.0055547722741496495,0.5754995181811974,0.8177859882906996,0.002669986857997307,0.0,0.8177520665885941,-0.5754379229871583,-0.011554275378275254,0.0,-0.007912665160560828,0.008833037247360745,-0.9999296811191493,0.0,0.6580333865381321,0.2560552374652341,0.30384101982367856,1.0,-0.012300000000000009,-0.0161657142857143,-0.006150000000000004,0.6160000000000004
0.46221711572317403,0.5257605444648861,-0.12407053547985832,-1.3894243602818677,0.07751693190991454,1.906562803494445,0.15677990069525088,-0.010478721411622328,-0.06377458741603025,0.0007499552189647574,-0.10259480879771576,-0.0021573549627144223,0.03477388919625071,-0.00842594716179197,0.575569317120771,0.8177368083322325,0.002687078143883117,0.0,0.8177031275373532,-0.5755076785747086,-0.011543570435069136,0.0,-0.007893320310472407,0.008841527381438896,-0.9999297589771192,0.0,0.6578203269990539,0.2557846736233061,0.3038533576975399,1.0,-0.012640000000000009,-0.016612571428571442,-0.006320000000000004,0.6330000000000005
0.46207783633711397,0.5246786113903248,-0.12408120722956693,-1.391141015719438,0.07740271293555981,1.9071877545632603,0.1566578243108401,-0.010636078866868369,-0.06324913096391555,-0.000571210308125081,-0.10872285555235285,-0.0038096493604725242,0.045540102911717645,-0.00697769805541519,0.5756524365234338,0.8176783573328664,0.0026689277373591544,0.0,0.8176445439715979,-0.575590961948964,-0.011540846474677078,0.0,-0.007900641815763276,0.008825920521716726,-0.9999298390316407,0.0,0.6576148731405391,0.25552124319415775,0.3038517181926993,1.0,-0.01296000000000001,-0.01703314285714287,-0.006480000000000005,0.6490000000000005
0.4619134078613073,0.5234177598684564,-0.12408257683818155,-1.3931532980011436,0.07727328623220456,1.9078990600866448,0.1565152691766461,-0.009721106823116157,-0.0679981589396997,-0.0021780014650236447,-0.11168234347481998,-0.007107880809719677,0.0448671675343972,-0.008753048246113164,0.5757442120817207,0.817613867910505,0.0026290979499036787,0.0,0.8175795417214107,-0.5756828615162634,-0.011562128535139755,0.0,-0.007939982871161544,0.008806494832789544,-0.9999296986892457,0.0,0.6573664589796071,0.25521740237406776,0.30384206185096624,1.0,-0.01332000000000001,-0.01750628571428573,-0.006660000000000005,0.6670000000000005
0.4617695827572488,0.5222844730001018,-0.12408207687582877,-1.3949724940472052,0.07716717264852513,1.9085966720955276,0.15637598612538509,-0.011253804152737119,-0.0689203157715212,0.0004890822121527854,-0.11404474380665304,-0.007618858274491582,0.04708942191606811,-0.007933215339981871,0.5758165979734083,0.8175628620282939,0.002637997657999612,0.0,0.8175286241402372,-0.5757551786828085,-0.011561567043727964,0.0,-0.007933619775621181,0.008814150497900769,-0.9999296817417994,0.0,0.6571497883584964,0.2549522613826803,0.30383311805284774,1.0,-0.01364000000000001,-0.017926857142857158,-0.006820000000000005,0.6830000000000005
0.46160878926604115,0.5210493109615554,-0.12408302372892513,-1.396943121337651,0.07704522347299797,1.9093691240770192,0.15622567096022502,-0.014148732186558705,-0.07585524227136142,0.0006214002191009591,-0.12039026682266796,-0.006747267071348394,0.042180783278613215,-0.008089019309612724,0.575898494213668,0.8175050924862409,0.0026636483815454907,0.0,0.817471245020063,-0.5758370444581239,-0.011541607179639247,0.0,-0.007901647364523312,0.008824420051748591,-0.9999298443289294,0.0,0.6569199821181292,0.2546610367321185,0.30382988993990434,1.0,-0.01398000000000001,-0.018373714285714302,-0.006990000000000005,0.7000000000000005
0.461438229253998,0.5197781906656862,-0.12408900444662654,-1.3989850043433778,0.07691248385304553,1.9101188478579592,0.15609008591631887,-0.008991193935441883,-0.07570911770109937,0.00010034824991416506,-0.12063393291251304,-0.0068185418008368396,0.04326657328601698,-0.0009054726568454585,0.5760042379358525,0.8174306774532972,0.0026367289185078467,0.0,0.8173965501245264,-0.5759429405055302,-0.011547988031429753,0.0,-0.007921226781274437,0.008807112731549452,-0.9999298420047346,0.0,0.6566732940331429,0.254349288492643,0.30381582152624853,1.0,-0.014320000000000012,-0.018820571428571447,-0.007160000000000006,0.7170000000000005
0.46126417081383153,0.5184241085826057,-0.12409778383596229,-1.4010551441090058,0.07678019197564064,1.910855986549558,0.15593273718550216,-0.010202691451735519,-0.07817155347415454,0.0004975080672017915,-0.11775079732600849,-0.00980910188970091,0.05063450660358357,-0.004577590065512718,0.5760980566180528,0.8173645192441643,0.002649291012136579,0.0,0.8173305923466975,-0.5760367479807302,-0.011537534016824693,0.0,-0.007904434150690975,0.008812267180956387,-0.9999299294790053,0.0,0.6564203510833642,0.25403062580105523,0.30384510034424705,1.0,-0.014660000000000012,-0.019267428571428588,-0.007330000000000006,0.7340000000000005
0.4611017065534153,0.5171578046867514,-0.12410109055899624,-1.403062244906523,0.07664608376239336,1.9115850062738662,0.15577890129923,-0.014071915883586228,-0.08064306648425705,0.0005174604033160668,-0.1316309004321334,-0.00520005677234089,0.04022434992981109,-0.010194205332730653,0.576177411982607,0.8173086436321391,0.0026301837248985634,0.0,0.8172745425291715,-0.5761162379348097,-0.011539039075399937,0.0,-0.007915817226878563,0.008798285266019681,-0.9999299625543823,0.0,0.6561735855358294,0.2537283033638316,0.3038415511842377,1.0,-0.01498000000000001,-0.019688000000000018,-0.007490000000000005,0.7500000000000006
0.46091446788727497,0.5158124489066594,-0.1241071039811723,-1.405175419208642,0.07651420854521046,1.9123734764323297,0.15562600294897563,-0.010642186522391472,-0.08115542202285311,-0.0007815826216509133,-0.12532564253782885,-0.012815192866699403,0.048714088004585536,-0.000526166186309292,0.5762857643218359,0.8172322092598958,0.002642137277900139,0.0,0.817198303195667,-0.5762245821984706,-0.011528704416748983,0.0,-0.007899316217650554,0.008803147824631458,-0.9999300502493519,0.0,0.655921697403118,0.25340100653768743,0.3038478348324887,1.0,-0.015320000000000012,-0.020134857142857163,-0.007660000000000006,0.7670000000000006
0.4607250571897872,0.5144186965201486,-0.1241148290338732,-1.407382787217007,0.07637682555139313,1.9132096876644893,0.1554504468107169,-0.008308028096527576,-0.08016188207157751,0.00026378745630974387,-0.13311579710257343,-0.002003688971447454,0.0454579279275644,-0.013341310399348,0.5763818389385481,0.8171644112703935,0.0026547308972794956,0.0,0.8171307254475803,-0.5763206674883434,-0.011515756879596498,0.0,-0.007880442131057153,0.008806904871202684,-0.9999301660908169,0.0,0.6556587092079066,0.25306313953693504,0.3038470055175777,1.0,-0.01566000000000001,-0.020581714285714304,-0.007830000000000005,0.7840000000000006
0.46054405259425846,0.513112834483259,-0.12412023865005385,-1.4095256988782563,0.07625441668777018,1.91395502617338,0.15528692846190156,-0.011757192123040517,-0.080724517184147,-0.0005306648400189753,-0.135752232585052,-0.0047349600324632585,0.04540639817663324,-0.010924326975639108,0.5764793258412838,0.8170958856350077,0.0025782663030554697,0.0,0.8170610714462024,-0.5764182423735305,-0.011574207851998627,0.0,-0.00797123135547917,0.008779061591855347,-0.9999296913024656,0.0,0.6553862742531186,0.25273500884000205,0.30380694409465653,1.0,-0.01598000000000001,-0.021002285714285734,-0.007990000000000006,0.8000000000000006
0.4603362807414201,0.5116344770820849,-0.12412596691186271,-1.4119526405023641,0.07610677548818817,1.9148165635604837,0.15510202166850487,-0.011092854243946052,-0.07898121501540484,-0.000929718433635993,-0.13627543828662278,-0.004507475681918583,0.05238904522499573,-0.010783570809305686,0.5765891424216585,0.8170186384804604,0.0025004236040016828,0.0,0.8169827519767567,-0.5765282423316401,-0.011623926517452438,0.0,-0.008055554885980365,0.00874520115159691,-0.9999293122477694,0.0,0.6550813285462946,0.25236159081808063,0.30376219013433375,1.0,-0.016340000000000014,-0.021475428571428593,-0.008170000000000007,0.8180000000000006
0.46014590563901936,0.5101508150606113,-0.12412912591356973,-1.414269967660466,0.07596810756623099,1.9156994103512017,0.1549080181203068,-0.013437613623335643,-0.09311351069607178,-0.0004662075660965625,-0.13951715285558325,-0.013387124432182314,0.04350142679354249,-0.011103378156935783,0.5766720249209312,0.8169600173035763,0.0025402169477051996,0.0,0.8169246416473013,-0.5766109716683312,-0.011604487164006104,0.0,-0.008015839401588898,0.008767317728781171,-0.999929437739749,0.0,0.6548004686657515,0.25201702370189455,0.3037745255420329,1.0,-0.016680000000000014,-0.021922285714285738,-0.008340000000000007,0.8350000000000006
0.45995747359455075,0.508724848613032,-0.12412986470071406,-1.4165024347422939,0.075817682211345,1.916525715268524,0.15474026260980442,-0.009267485261540212,-0.08860388457569546,-0.00013998691428750127,-0.14008535103718808,-0.01243584611676893,0.051559625144173074,-0.007970519713644864,0.5767647218678476,0.8168945553791681,0.0025471359963617863,0.0,0.8168593632751895,-0.5767037361718165,-0.011590005018457309,0.0,-0.007999023156738505,0.008765526672631863,-0.9999295881064272,0.0,0.6545257381571351,0.2516788567640389,0.30378137692413876,1.0,-0.01700000000000001,-0.02234285714285716,-0.008500000000000006,0.8510000000000006
0.4597418584603044,0.5072295138533408,-0.12413061141566804,-1.4188799177335472,0.07567022525582537,1.9173689067996125,0.15455088695520677,-0.01165707875714919,-0.09138143274476765,0.001152983786089747,-0.1394509752208038,-0.009376942646544924,0.04845336374181364,-0.014035781855806076,0.5768698394690954,0.8168204375982873,0.002511560043303991,0.0,0.8167847236769987,-0.576808896385798,-0.011617190679982282,0.0,-0.008040623405017877,0.008753179324437796,-0.9999293626186667,0.0,0.6542273067514215,0.2513083322282384,0.3037687564584377,1.0,-0.017340000000000015,-0.02278971428571431,-0.008670000000000008,0.8680000000000007
0.4595270471259798,0.5056675763625048,-0.12414080125878804,-1.4213119878868432,0.07552292093174957,1.9182809459105041,0.1543543985802855,-0.013141710941467113,-0.09614084439709285,-0.0004765581688372213,-0.14475533288459375,-0.008414457510085696,0.056981201763310715,-0.015528984543887348,0.5769833703570324,0.8167400927428298,0.002560886385875337,0.0,0.8167050301088317,-0.5769222571035456,-0.011590942786985756,0.0,-0.007989509155703733,0.008779439059139721,-0.999929542114472,0.0,0.6539144577423183,0.2509125314860396,0.30379500586774155,1.0,-0.017700000000000014,-0.023262857142857165,-0.008850000000000007,0.8860000000000007
0.45930016570433657,0.5040282567471495,-0.12413406828494658,-1.4237747837938528,0.07537098954398758,1.9192462366764673,0.15416007616278626,-0.010201435112057698,-0.10258445994162925,0.002018881357682382,-0.14347477848439355,-0.0020978115599520957,0.061971635292771866,-0.00903144262708708,0.577085596753297,0.8166675409823643,0.0026624099830068757,0.0,0.8166338285503655,-0.577024171118947,-0.011534422953609742,0.0,-0.00788366570154625,0.008830733429965515,-0.9999299305262321,0.0,0.6536409105296793,0.2505577570672379,0.3038389883497497,1.0,-0.018020000000000015,-0.023683428571428595,-0.009010000000000008,0.9020000000000007
0.45907293566077934,0.5023599718928266,-0.12414514774957229,-1.4262635541070359,0.07520745083731535,1.920186993930238,0.15396844831005807,-0.018653612252746903,-0.09649331828283049,-0.0004468973874119106,-0.1427600545515721,-0.013631251478938056,0.05693924136800102,-0.005733654998333092,0.5772057990387792,0.8165822804078272,0.0027553187048532414,0.0,0.8165499133355111,-0.5771442221610975,-0.011468773214235154,0.0,-0.007775130409395814,0.008869868429229863,-0.9999304339708663,0.0,0.6533428412435923,0.2501668820349094,0.30390116502969655,1.0,-0.018360000000000015,-0.02413028571428574,-0.009180000000000008,0.9190000000000007
0.45883968731812247,0.5006378300472228,-0.12414867795160142,-1.4288197806041585,0.07504278294907654,1.9210883331088917,0.15377105644241795,-0.014584542119469936,-0.10876288994790881,-6.200404586057147e-05,-0.15366689677743364,-0.011042320459944476,0.050038956798232705,-0.010994295802266294,0.5773230812995694,0.816499180984579,0.002809653268735629,0.0,0.8164675162876279,-0.5772613205409367,-0.011441571380446904,0.0,-0.007720278144416837,0.008899645215971141,-0.9999305944016327,0.0,0.6530208136684846,0.2497665391292427,0.3039644779977368,1.0,-0.018700000000000015,-0.02457714285714288,-0.009350000000000008,0.9360000000000007
0.45860778139031005,0.4989502815012214,-0.12415154168433008,-1.4314186269422053,0.07488016080675701,1.9220454360354506,0.1535656905123865,-0.013587785834010649,-0.1048738624623487,0.0004140696979756519,-0.15202150517058163,-0.00933966618839592,0.05285923418776726,-0.006737070699648446,0.5774349747498709,0.8164199302727676,0.002845046613655501,0.0,0.8163887236151367,-0.577373092326836,-0.011424146016374127,0.0,-0.007684395081391293,0.008919537168781938,-0.9999306935627726,0.0,0.6526970283309342,0.2493661149313779,0.3039876325859055,1.0,-0.019040000000000015,-0.025024000000000025,-0.009520000000000008,0.9530000000000007
0.458370941886487,0.49738463522018184,-0.12414982340386543,-1.4339109789755957,0.07471981785396248,1.922968136712137,0.1533731491849903,-0.011363997549455256,-0.1019115509656411,-0.0019429033436372887,-0.1532953843630618,-0.009296159714849398,0.057574049350630555,-0.008101183104807085,0.5775529032861361,0.8163365438719701,0.0028351271806437888,0.0,0.8163052244738725,-0.5774910540811395,-0.011428466831698292,0.0,-0.007692362632957694,0.008915044970605579,-0.999930672361987,0.0,0.652387825379643,0.248974346435873,0.30397282162309264,1.0,-0.019360000000000016,-0.025444571428571455,-0.009680000000000008,0.9690000000000007
0.45812030152529787,0.4957973405852922,-0.12414654217018709,-1.436445876996264,0.07456630220890158,1.923860343011234,0.15317015021283098,-0.015359094719667999,-0.10446926774221474,-0.0005394602244133905,-0.1545132668778111,-0.01398136887412755,0.0563411216527022,-0.0152897717643875,0.5776871462350943,0.8162417138536295,0.002787927770008079,0.0,0.8162096732857147,-0.5776252976414549,-0.011468725328284952,0.0,-0.0077510236409458755,0.008901040192759738,-0.999930344132032,0.0,0.6520442618802378,0.2485405868178915,0.3039525375807958,1.0,-0.019700000000000016,-0.025891428571428596,-0.009850000000000008,0.9860000000000008
0.4578405817934849,0.494126283859152,-0.12415214566200132,-1.4392002768213643,0.07439401141357115,1.9248068808463443,0.1529551903711902,-0.013343893522117192,-0.10222169331589713,0.00014110747633407756,-0.16108648978315662,-0.01227656149896221,0.05246480273294913,-0.004205009328807256,0.5778244494845106,0.8161449216138155,0.0026682209634371614,0.0,0.816111209986945,-0.5777628283835128,-0.011547899078901119,0.0,-0.007883312076152671,0.008850393864459322,-0.9999297594927126,0.0,0.6517098987027843,0.24811533734780575,0.30388473369429486,1.0,-0.021036571428572032,-0.027648065306123248,-0.014731881477431215,1.0020000000000004
0.45756050131143433,0.4916939339271291,-0.1243058604909515,-1.4427853863831301,0.07421898009646521,1.9261114512359352,0.15291921895588692,-0.016891690568793964,-0.1769773330634224,-0.010634147461835785,-0.25427247221174254,-0.018503160402028665,0.0976229999363911,0.005597707994605334,0.5782666654477933,0.815831258393228,0.002787178074758777,0.0,0.8157993193732309,-0.5782048738649109,-0.011460421032575097,0.0,-0.007738358752952645,0.008901128805807415,-0.9999304414356996,0.0,0.6512771431852216,0.24750987556102713,0.3039887852372622,1.0,-0.038998285714284334,-0.05125488979591657,-0.09534386659370805,1.0189999999999986
