position_joint1,position_joint2,position_joint3,position_joint4,position_joint5,position_joint6,position_joint7,velocity_joint1,velocity_joint2,velocity_joint3,velocity_joint4,velocity_joint5,velocity_joint6,velocity_joint7,ee_T_00,ee_T_10,ee_T_20,ee_T_30,ee_T_01,ee_T_11,ee_T_21,ee_T_31,ee_T_02,ee_T_12,ee_T_22,ee_T_32,ee_T_03,ee_T_13,ee_T_23,ee_T_33,v_x,v_y,time
0.465080114949,0.547763846065,-0.124004946135,-1.35584724637,0.0794496062928,1.89409779664,0.159147765018,0.000328668412417,0.00222416304718,-0.000201651758694,-0.000869454456762,0.000379106165373,-0.000209305479248,0.000448741926179,0.573789980449,0.818988487533,0.0019137727653,0.0,0.818945392816,-0.573732069837,-0.0118618096275,0.0,-0.00861685861766,0.00837362412154,-0.999927813478,0.0,0.66167864665,0.260875405701,0.303220095,1.0,0.0,0.0,0.0
0.465077374993,0.547758322352,-0.1240119252,-1.35584474072,0.0794496062928,1.89409837448,0.159146991207,-0.000567260630192,6.01124467139e-05,-0.00184549308011,5.26461425897e-05,0.000152471964267,0.000370422420922,0.0016697448114,0.573796325001,0.818984029167,0.00191944952269,0.0,0.818941047664,-0.57373842859,-0.0118542359716,0.0,-0.00860733370364,0.00837399426458,-0.999927892414,0.0,0.661681801386,0.260869964826,0.303225481878,1.0,-0.00018,-0.000236571428571,0.01
0.465070905296,0.547758337117,-0.124005188555,-1.35584834123,0.0794489959412,1.8940955747,0.15914694977,-0.00149349894455,0.000418962660834,0.000832527648875,0.000198154458988,-0.000140406130842,-0.000434231697884,-0.000651886580862,0.573796897825,0.818983637005,0.00191553286486,0.0,0.81894056852,-0.573738982379,-0.0118605325412,0.0,-0.00861473206112,0.00837440558533,-0.999927825257,0.0,0.661680591155,0.260868864634,0.30322329036,1.0,-0.00056,-0.000736,0.029
0.465078611658,0.547734596822,-0.124007344645,-1.3558716739,0.0794482838644,1.89409698803,0.159149290909,0.000729242717556,-0.00501908298056,-0.00126770178029,-0.000993883387364,-0.000246312530364,7.47248787324e-05,0.000984791028462,0.573795063364,0.818984917871,0.0019174100736,0.0,0.818941869023,-0.573737135777,-0.0118600629193,0.0,-0.00861328912464,0.00837565420091,-0.999927827229,0.0,0.66167467704,0.260870239161,0.303229195717,1.0,-0.00088,-0.00115657142857,0.045
0.465074840892,0.547665843717,-0.124009824105,-1.35594548044,0.0794481730269,1.89411522449,0.159144929939,0.000471994074703,-0.006825607716,-0.000569983316576,-0.00363174940616,6.51361492782e-06,0.00205249778781,-0.00124997237299,0.573800318225,0.818981203531,0.0019313126936,0.0,0.818938296781,-0.573742295232,-0.0118571341044,0.0,-0.00860285981334,0.00838541469542,-0.999927835208,0.0,0.661664772764,0.260859674581,0.303244437587,1.0,-0.00118,-0.00155085714286,0.06
0.465069065606,0.547526720521,-0.124004535594,-1.35612085936,0.0794429443472,1.89414460875,0.159144611852,-0.000468967590791,-0.00688053774574,0.000972557630752,-0.00493496262159,9.59558009163e-06,0.000738356538014,-8.49927628966e-05,0.573809237311,0.818974953808,0.00193160881778,0.0,0.818931929211,-0.573751093412,-0.0118711847851,0.0,-0.00861410618804,0.00839381323006,-0.999927667921,0.0,0.661634685761,0.260841069841,0.303261884159,1.0,-0.00152,-0.00199771428571,0.077
0.465051076485,0.547371297827,-0.124012566413,-1.3563344537,0.0794381539668,1.89422327173,0.159134945876,0.000231282690762,-0.00922212565699,-0.00202721238249,-0.0116995778101,-0.000231850855274,0.00713535486091,-0.00266516429838,0.573832325126,0.818958729189,0.00195177543631,0.0,0.818915934133,-0.573774063574,-0.0118643876235,0.0,-0.0085967312012,0.00840667099532,-0.999927709435,0.0,0.661612311873,0.260805776422,0.303277405125,1.0,-0.00186,-0.00244457142857,0.094
0.465036491752,0.547188859743,-0.124010140671,-1.35653321611,0.0794379054937,1.89434640796,0.159134708278,0.000792046370985,-0.0183816379313,-0.00155463576809,-0.0132984809746,0.000343057586047,0.00322492697982,0.0012837875857,0.573853689193,0.818943521951,0.00204894004378,0.0,0.818901939015,-0.573794981594,-0.0118186410704,0.0,-0.00850329174287,0.00846021463962,-0.999928056811,0.0,0.66159938169,0.260784675208,0.303322640521,1.0,-0.00218,-0.00286514285714,0.11
0.465010375183,0.546985295854,-0.124007730107,-1.35677993153,0.0794337333093,1.89447446682,0.159112451001,-0.00118593976779,-0.01824486883,0.000280901185729,-0.0199226139959,7.94851999894e-05,0.00964601152967,-0.00361451653386,0.573868040049,0.818933265969,0.00212729912757,0.0,0.818892642417,-0.573808962514,-0.011783956728,0.0,-0.00842977316323,0.0085046294958,-0.999928302531,0.0,0.661580211196,0.260750213812,0.303360429305,1.0,-0.00252,-0.003312,0.127
0.464974994154,0.546775063792,-0.124012756204,-1.35709251412,0.0794263045717,1.89460146019,0.159099739236,-0.000910412172956,-0.0151882196874,-0.002542541851,-0.0206550616699,0.000707809696126,0.00771732334607,0.0018551066336,0.5738991917,0.8189113959,0.00214250630081,0.0,0.81887088348,-0.573839963714,-0.0117863961736,0.0,-0.00842272056871,0.00851880327785,-0.99992824131,0.0,0.661544086512,0.260696303567,0.303366366138,1.0,-0.00286,-0.00375885714286,0.144
0.464934518101,0.546487507348,-0.124005590839,-1.35751634699,0.0794117677916,1.89475399385,0.158995668372,-0.00208139664992,-0.0102036083688,0.000244966136715,-0.0279503922334,-0.000165518179232,0.0153874857158,-0.0155990076325,0.573868418267,0.818932874543,0.00217541014319,0.0,0.818892669021,-0.573808943825,-0.0117830179029,0.0,-0.00840139267824,0.00854349375349,-0.999928210081,0.0,0.661500663013,0.260635818161,0.303386623449,1.0,-0.0032,-0.00420571428571,0.161
0.464893095592,0.546222159564,-0.124007810586,-1.35793983185,0.0793888435281,1.89490246305,0.158940348315,-0.000880745011284,-0.0146127230837,-0.00021356559431,-0.0262985520025,-0.000128404059098,0.0129152082358,-0.00371624862979,0.573876150414,0.818927475672,0.00216805815404,0.0,0.818887148021,-0.57381667654,-0.0117901412968,0.0,-0.00841136467037,0.00854164031182,-0.999928142081,0.0,0.661452665841,0.260566713286,0.30338588259,1.0,-0.00352,-0.00462628571429,0.177
0.464848350195,0.545912543446,-0.124010829353,-1.35846143982,0.0793552404873,1.89508260957,0.158912026299,-0.00204594442535,-0.0183271948387,-0.00104214318075,-0.0344227376695,-0.00225697661776,0.0137144387078,0.000648274876748,0.573911911372,0.818902493102,0.00213814824859,0.0,0.818861791611,-0.573852564999,-0.0118045239011,0.0,-0.00843993469059,0.00852576892796,-0.999928036794,0.0,0.661391235248,0.260484301392,0.303372524392,1.0,-0.00386,-0.00507314285714,0.194
0.464792926066,0.545573064601,-0.124002964844,-1.35905428422,0.0792791382162,1.89528508222,0.158792425039,-0.00237379779078,-0.0234984240215,0.000121162492495,-0.03894207971,-0.0026996268425,0.00985906513109,-0.0139625365305,0.573875281803,0.818928331218,0.00207271913545,0.0,0.818887087648,-0.573816507353,-0.0118025621636,0.0,-0.00847625527587,0.0084706847109,-0.999928197721,0.0,0.661326588575,0.260388002793,0.303348524536,1.0,-0.00418,-0.00549371428571,0.21
0.464738534812,0.545225251843,-0.124010846934,-1.35969541943,0.0792609203977,1.89548595283,0.158748856592,-0.00498624645315,-0.02511590181,-0.00162130599775,-0.0391291601959,-0.00241750677995,0.0139654516386,-0.00148653253592,0.573913860545,0.818901483965,0.00199678113073,0.0,0.818859059683,-0.573855194408,-0.0118660493667,0.0,-0.00857142723774,0.00844533511942,-0.999927600854,0.0,0.661235439578,0.260274026493,0.303306410035,1.0,-0.00454,-0.00596685714286,0.228
0.464667227244,0.544765438046,-0.1240158509,-1.36044881272,0.0792375766017,1.89573236607,0.158652135309,-0.000788336420377,-0.0248661057775,0.00104603225942,-0.0471037943655,-0.000252222152572,0.0155750461371,-0.00345058949995,0.573930264782,0.818890039806,0.00197503771997,0.0,0.818847081362,-0.573871438996,-0.0119069622806,0.0,-0.00861724098609,0.00845118259849,-0.999927157682,0.0,0.661149262274,0.260165802459,0.303295024314,1.0,-0.00488,-0.00641371428571,0.245
0.464598749642,0.544346128728,-0.124011280941,-1.36114969818,0.0792064523132,1.89599413386,0.158566313935,-0.00313093453184,-0.0292041977073,-0.000239001809257,-0.0510674272812,-0.000168406971565,0.0170306412653,-0.00138911113007,0.573943737355,0.81888062338,0.00196415509183,0.0,0.818837393592,-0.573884828121,-0.0119278585192,0.0,-0.00864045976814,0.00845440610667,-0.999926930067,0.0,0.66106982129,0.260058212363,0.303280713562,1.0,-0.0052,-0.00683428571429,0.261
0.464530684206,0.543847594669,-0.124011617521,-1.36196233504,0.0791685921131,1.89627661047,0.158450692294,-0.00713512343769,-0.0282862562575,0.000736180402644,-0.0511755018441,-0.00466441888934,0.0149955427741,-0.0100143258073,0.573940146168,0.818883190314,0.00194322908404,0.0,0.818839551829,-0.573881192208,-0.0119546012714,0.0,-0.00867440641376,0.00845258117173,-0.999926651582,0.0,0.660972181559,0.259936148168,0.30327117933,1.0,-0.00554,-0.00728114285714,0.278
0.464449949244,0.543314354104,-0.124022255025,-1.36280774452,0.0791162741891,1.89656535449,0.1583723561,-0.00170980142345,-0.0289796827398,-0.00124873646913,-0.0548885407776,-0.000440026405597,0.0161959438448,-0.00855863731358,0.573982533915,0.818853534673,0.00192000393786,0.0,0.818809621539,-0.573923700098,-0.0119639894383,0.0,-0.00869498668158,0.00843940115587,-0.999926584162,0.0,0.660875505883,0.25979440182,0.303271399675,1.0,-0.00588,-0.007728,0.295
0.46437231264,0.542761947149,-0.124018081145,-1.36368963423,0.0790593064792,1.89688425235,0.15823914143,-0.00557308644336,-0.0314446398809,-0.00372662945865,-0.0568246739224,-0.00492880945424,0.0202352597333,-0.0092927321379,0.573967933932,0.818863792376,0.00190977894031,0.0,0.818819737311,-0.573909136905,-0.0119702659935,0.0,-0.00870614544416,0.00843447592094,-0.999926528625,0.0,0.660772875319,0.259660509489,0.303269873649,1.0,-0.00622,-0.00817485714286,0.312
0.464302601365,0.542207010225,-0.124023428417,-1.36455836083,0.079016441202,1.89719739426,0.158146177253,0.000121175948504,-0.0341031440356,0.00077680282325,-0.0549098861989,-1.32600839851e-05,0.0228566462214,-0.00165994246381,0.573989430362,0.818848717066,0.00191292793653,0.0,0.818804623775,-0.573930540471,-0.0119778837645,0.0,-0.00871035469056,0.00844165544633,-0.999926431381,0.0,0.660671402382,0.259529831296,0.303276171568,1.0,-0.00654,-0.00859542857143,0.328
0.464212761433,0.541576847159,-0.124029664941,-1.36551330209,0.0789553270082,1.8975541929,0.158005060288,-0.00480185646492,-0.0397066744954,-0.000942163333216,-0.0584022596663,-0.0019200966829,0.0249259814553,-0.0123928536542,0.573988509005,0.818849306393,0.00193696969675,0.0,0.81880558596,-0.573929575101,-0.0119583496307,0.0,-0.00868056923355,0.00845011957323,-0.999926618906,0.0,0.660567043315,0.259376114682,0.303298337286,1.0,-0.00688,-0.00904228571429,0.345
0.46412742768,0.540907405518,-0.124028297468,-1.36653105881,0.0789035472243,1.89793923208,0.157868366189,-0.00847060671239,-0.039910167233,-0.00382233291269,-0.0618995214487,-0.000584480124203,0.0240346192691,-0.0103889591297,0.573988141849,0.818849475992,0.00197372380353,0.0,0.818806141581,-0.573928962676,-0.0119496950461,0.0,-0.00865239085695,0.00847524360201,-0.999926650499,0.0,0.660451254387,0.259226275595,0.303320502593,1.0,-0.00722,-0.00948914285714,0.362
0.464040168911,0.540239241883,-0.124032967657,-1.36755060391,0.0788307487874,1.8983123888,0.157729104306,-0.00317940218508,-0.0438257671493,-0.00223836328304,-0.0640719712716,-0.00718650929811,0.033562158762,-0.0132842140553,0.573987206614,0.818850106451,0.00198411462035,0.0,0.818807027444,-0.573928101869,-0.011930322497,0.0,-0.00863057287398,0.00847262260268,-0.999926861264,0.0,0.660327154788,0.259058386091,0.303339654526,1.0,-0.00756,-0.009936,0.379
0.463940172814,0.539447412962,-0.124034327472,-1.36877365636,0.0787626297564,1.89877546172,0.157588689213,-0.00271896572636,-0.0431440438137,0.00069598957528,-0.0720973461348,-0.0104697852665,0.0250243056555,-0.00823140861144,0.57400316072,0.818838849191,0.00201430909777,0.0,0.81879611276,-0.573943878889,-0.0119204243183,0.0,-0.00860497182622,0.00849183318911,-0.999926918944,0.0,0.660196004879,0.258886045645,0.303357510149,1.0,-0.0079,-0.0103828571429,0.396
0.46383007179,0.538698558209,-0.124036489819,-1.36993519417,0.0787045432075,1.89922662683,0.15744433953,-0.00629599590181,-0.040754403659,0.000365210352993,-0.0705816252363,-0.00696391696316,0.0200812438599,-0.0091446237983,0.574029101857,0.818820575721,0.00204985326438,0.0,0.818778216277,-0.573969585404,-0.0119119470462,0.0,-0.00857735905078,0.00851634342975,-0.999926947735,0.0,0.660076818402,0.258712854687,0.303374099525,1.0,-0.00822,-0.0108034285714,0.412
0.46372714601,0.537946966768,-0.124039682223,-1.37109501996,0.0786294417809,1.89966861322,0.157309723352,-0.00314553269972,-0.0478080603223,0.000477632241905,-0.0731089746591,-0.00745543946143,0.0289690377805,-0.0118475880246,0.574045666169,0.818808896688,0.00207623665211,0.0,0.818766956486,-0.573986115339,-0.0118893762038,0.0,-0.0085435604913,0.00852516298366,-0.999927161932,0.0,0.65994013158,0.258525526973,0.303390060252,1.0,-0.00856,-0.0112502857143,0.429
0.463614385165,0.537139325991,-0.12405132896,-1.37236432583,0.0785578134341,1.9001350601,0.157151272267,-0.00643552604361,-0.0484167565733,-0.000699759439507,-0.0719392401477,-0.00300266773402,0.0256589308687,-0.00782036500063,0.574067184197,0.818793801641,0.00207974125854,0.0,0.818751901175,-0.574007610601,-0.0118884059238,0.0,-0.00854053020298,0.00852770000729,-0.999927166186,0.0,0.659796067595,0.25832435504,0.303397000652,1.0,-0.0089,-0.0116971428571,0.446
0.463503436085,0.536299133721,-0.124051348356,-1.37367990892,0.0784872389715,1.9006355838,0.156995345187,-0.00450962237262,-0.0469051456244,-0.000567164073863,-0.0771068300013,-0.00137304156016,0.0329855777899,-0.00395587867855,0.574083947219,0.818781984585,0.00210479587199,0.0,0.818740335193,-0.574024194997,-0.0118841906523,0.0,-0.00852252153636,0.00854596889329,-0.999927163869,0.0,0.659645454388,0.258128554044,0.303407326594,1.0,-0.00924,-0.012144,0.463
0.463391980557,0.535418707326,-0.124057755335,-1.37506537729,0.0784038803762,1.9011363685,0.156812450961,-0.00676215341671,-0.0560165605918,-0.000799632710837,-0.0804717826209,-0.00092746983672,0.0295538438789,-0.0119730250458,0.574083642958,0.81878221095,0.00209971921795,0.0,0.818740489576,-0.574023905387,-0.0118875428193,0.0,-0.00852818376063,0.00854373352136,-0.999927134695,0.0,0.659481709926,0.257918918416,0.303412833775,1.0,-0.00958,-0.0125908571429,0.48
0.463276200008,0.534578455761,-0.124058185283,-1.3764182844,0.0783310068584,1.90163582857,0.15665659027,-0.00555360830576,-0.0486866446634,0.0011760555843,-0.0895077422935,-0.00724407000914,0.0330825150062,-0.00918318360971,0.574103155642,0.818768546454,0.00209306511664,0.0,0.818726612351,-0.574043316437,-0.0119059641779,0.0,-0.00854688349702,0.00854906431387,-0.999926929471,0.0,0.65931156221,0.257705785156,0.303404570347,1.0,-0.00992,-0.0130377142857,0.497
0.463146585669,0.533662864364,-0.124060957434,-1.37790518875,0.0782431092585,1.90216829184,0.156462147095,-0.00831244130557,-0.0527291837629,-0.00030359606574,-0.0894553241365,-0.0012449139718,0.0307099709564,-0.0164414413295,0.574112464716,0.818762106422,0.00205860292732,0.0,0.818719699836,-0.574052741901,-0.0119268402092,0.0,-0.00858366341981,0.00853293068485,-0.999926752225,0.0,0.659146371877,0.257485228554,0.303389373135,1.0,-0.01024,-0.0134582857143,0.513
0.463010654541,0.5326048862,-0.124064310497,-1.37960158444,0.0781545317008,1.90281403087,0.156253861732,-0.00377982092186,-0.0638779337596,-0.00253514369769,-0.0942351280312,-0.00162028565145,0.0397588091771,-0.0144545498363,0.57412471233,0.818753490698,0.00206955619736,0.0,0.818711117748,-0.57406483438,-0.0119339224629,0.0,-0.0085830464888,0.00854609300735,-0.999926645113,0.0,0.658948651193,0.257235684817,0.303384053574,1.0,-0.01062,-0.0139577142857,0.532
0.462883225146,0.53174291847,-0.124061228622,-1.3809819339,0.0780708215198,1.9033246788,0.156081801376,-0.0104028126648,-0.0638488136271,0.00165428341921,-0.0960077063204,-0.00795633527231,0.0361473213659,-0.0132673885074,0.574138831618,0.818743607597,0.00206251005684,0.0,0.818701109447,-0.574078947758,-0.0119416093099,0.0,-0.00859323813024,0.00854488540416,-0.9999265679,0.0,0.658788113743,0.257022088259,0.303378818024,1.0,-0.01092,-0.014352,0.547
0.462755728853,0.530743235122,-0.124067076643,-1.38261456569,0.0779696386449,1.90389306963,0.155869813543,-0.012405643238,-0.0614763814733,0.000481877846506,-0.0957866561215,-0.0105037036593,0.0340265938111,-0.0107619664111,0.574135288296,0.818746236097,0.00200462249528,0.0,0.81870295367,-0.574075616768,-0.0119752572465,0.0,-0.00865405851892,0.00851677210376,-0.999926283215,0.0,0.658586486604,0.256776250662,0.303355671521,1.0,-0.01126,-0.0147988571429,0.564
0.462599851299,0.529648076574,-0.124068060108,-1.38435464199,0.0778576552722,1.904531725,0.15564406214,-0.00841794957199,-0.067333250266,-0.00538787828792,-0.0949637663842,-0.00665159768093,0.031535463657,-0.0113298885064,0.574143160976,0.818740739896,0.00199460276511,0.0,0.818697358439,-0.574083561715,-0.0119769092836,0.0,-0.00866108166155,0.0085096004059,-0.999926283466,0.0,0.65838259326,0.256506094124,0.303354323313,1.0,-0.01162,-0.015272,0.582
0.462454640657,0.528488478743,-0.124065173583,-1.38612935034,0.0777451808784,1.9052022109,0.155400734596,-0.00703428526912,-0.0677742664512,0.00122498208258,-0.0986976270254,-0.00430303502585,0.0359258228453,-0.0100402720357,0.57412675793,0.818752131932,0.00203940859175,0.0,0.81870936235,-0.5740670007,-0.0119501300423,0.0,-0.00861360311411,0.00853073656888,-0.999926513487,0.0,0.658174533806,0.256244054946,0.303384203407,1.0,-0.01198,-0.0157451428571,0.6
0.462327812036,0.527509889789,-0.12407088173,-1.38765353412,0.0776564757706,1.9057967783,0.155177426445,-0.00689853426496,-0.0689055924232,-0.000881782402524,-0.104354436854,-0.0068284383806,0.0402035982293,-0.0148084653407,0.574110593587,0.818763363391,0.00208038493916,0.0,0.818721143251,-0.574050684554,-0.011926779051,0.0,-0.00857112835256,0.00855070996402,-0.999926707873,0.0,0.658000667441,0.256015174554,0.303399355247,1.0,-0.01228,-0.0161394285714,0.615
0.462180016594,0.526354434911,-0.124073742511,-1.38944667534,0.077549396434,1.90647128614,0.154936284271,-0.00720444962293,-0.0624365252274,-0.000680273313266,-0.103457498294,-0.00398826290343,0.0355660390686,-0.0201288701308,0.574104218673,0.818767754297,0.00211128550619,0.0,0.818725926519,-0.574044173965,-0.0119117791936,0.0,-0.00854117399966,0.00856733181681,-0.999926821909,0.0,0.657789632148,0.255747045628,0.303417545856,1.0,-0.01262,-0.0165862857143,0.632
0.462026420219,0.525163470253,-0.12407661239,-1.39128864135,0.0774223271451,1.90713247491,0.154699222663,-0.00477598324715,-0.0688523135747,-0.000469107730702,-0.113206682117,-0.00940789045191,0.0339966223332,-0.0219065695662,0.574102633382,0.818768865354,0.00211148564336,0.0,0.818727137715,-0.574042685908,-0.0119002363931,0.0,-0.00853162441923,0.00856085247117,-0.999926958927,0.0,0.657567415817,0.255465707258,0.303435975736,1.0,-0.01296,-0.0170331428571,0.649
0.46187508739,0.524066498868,-0.124080124265,-1.39306166499,0.0773206518764,1.90776965423,0.154453228695,-0.00839699781402,-0.0636516762487,0.000255523266926,-0.109141631262,-0.00682283313719,0.0346393714291,-0.0155591192342,0.574095452689,0.818773980013,0.00208032605835,0.0,0.818731749963,-0.574035536664,-0.0119277471451,0.0,-0.00857211295698,0.00855105902546,-0.999926696448,0.0,0.657351728652,0.255194919803,0.303418838688,1.0,-0.01328,-0.0174537142857,0.665
0.461720561983,0.522861527714,-0.124083929781,-1.3949903051,0.0772006824926,1.90850073447,0.154196830712,-0.0099624349579,-0.0684079694035,-0.000876483952291,-0.109927054847,-0.00426366350857,0.0371084195076,-0.0137691520034,0.574085527656,0.818780933481,0.00208249982698,0.0,0.818738767967,-0.574025640086,-0.0119223006062,0.0,-0.00856650905525,0.00854960818346,-0.999926756879,0.0,0.657108296272,0.254890829287,0.303411977039,1.0,-0.01364,-0.0179268571429,0.683
0.461548408694,0.521563886397,-0.124081229112,-1.39706528033,0.0770772232158,1.90930797624,0.153912211173,-0.00765088170941,-0.0652217392812,0.000594641698765,-0.117041403034,-0.00802908554004,0.0462609495924,-0.00757387229221,0.574069921834,0.818791813221,0.00210673895494,0.0,0.818749944078,-0.574009917813,-0.0119117683654,0.0,-0.00854413386524,0.00856324520498,-0.999926831627,0.0,0.656878625553,0.254602246576,0.3034054966,1.0,-0.01398,-0.0183737142857,0.7
0.461395853822,0.520439225362,-0.124088987319,-1.39885422755,0.0769583260752,1.90996932784,0.153671462084,-0.00870054125983,-0.0789109784523,0.000511020783784,-0.118884335596,-0.0107541487762,0.047677391314,-0.0210992721504,0.574066503558,0.818794237661,0.00209589315894,0.0,0.81875232317,-0.57400664017,-0.0119061851872,0.0,-0.0085458237671,0.00855112412978,-0.999926920916,0.0,0.656665175911,0.254325638641,0.303401532385,1.0,-0.01428,-0.018768,0.715
0.4612233564,0.519119483321,-0.124098335347,-1.40090946553,0.0768276179727,1.91070595738,0.153381189832,-0.0107723627421,-0.0801346462663,-0.00295325723461,-0.122756053286,-0.0119508709479,0.0511202845711,-0.0135536245084,0.574049175065,0.818806392223,0.00209369594829,0.0,0.818764434212,-0.573989307872,-0.0119089302539,0.0,-0.00854951373283,0.00855071999453,-0.999926892829,0.0,0.656426367604,0.254033289554,0.303413850223,1.0,-0.0146,-0.0191885714286,0.731
0.461061756777,0.517830309209,-0.124089105894,-1.40290638568,0.07669789593,1.91142029789,0.153120965463,-0.00796819722806,-0.0832462451662,0.00113775331625,-0.123732111482,-0.0109235102964,0.0404623020054,-0.0175972164949,0.57403389637,0.818817096183,0.00209659692569,0.0,0.818775180575,-0.573974023882,-0.0119067411356,0.0,-0.0085462155689,0.0085516791799,-0.99992691282,0.0,0.656164487494,0.253716019612,0.303429909377,1.0,-0.01494,-0.0196354285714,0.748
0.460877316301,0.516507393409,-0.124100051748,-1.40503833891,0.0765656234436,1.91220789109,0.152825627969,-0.00780458131191,-0.0721386913608,0.00114122884818,-0.121861223396,-0.00533329241878,0.0506556749047,-0.0145452846861,0.574027998322,0.818821290999,0.0020730291602,0.0,0.818779098035,-0.573968252359,-0.0119155698902,0.0,-0.00856703433824,0.00853738805009,-0.999926856789,0.0,0.655907849052,0.253385057335,0.303411875441,1.0,-0.01528,-0.0200822857143,0.765
0.460694300401,0.515121068508,-0.124106140673,-1.40723215986,0.0764370100959,1.91302768922,0.152528967747,-0.00818168460956,-0.0803637038201,0.000509994227774,-0.130396142145,-0.00430887066507,0.0386000760725,-0.0110195328374,0.574020407559,0.81882658546,0.00208363897901,0.0,0.818784485033,-0.573960573584,-0.0119152818707,0.0,-0.00856078776715,0.00854583075776,-0.999926838168,0.0,0.655642174363,0.253054164894,0.303411077307,1.0,-0.01562,-0.0205291428571,0.782
0.460517410676,0.513802553392,-0.124112089675,-1.40936724107,0.0763119613918,1.91377258256,0.152232165891,-0.00827315071262,-0.0836670286943,0.000312565578603,-0.138403514643,-0.00881229385488,0.0463166431496,-0.0191920536442,0.574004509773,0.818837872902,0.00202671211107,0.0,0.818794852895,-0.573944736703,-0.0119655750284,0.0,-0.0086348115022,0.00852791966204,-0.999926354596,0.0,0.655352369325,0.252712217778,0.303385294592,1.0,-0.01596,-0.020976,0.799
0.460308167772,0.512319808716,-0.124118502786,-1.41177683832,0.0761593126902,1.91461651768,0.151895969894,-0.0108179166634,-0.0784121892744,-0.00170883563643,-0.136686613763,-0.0113660939897,0.0448469404105,-0.0190086068555,0.573990265884,0.818848044791,0.00194964445564,0.0,0.818804024058,-0.573930824555,-0.012005236909,0.0,-0.00871167144686,0.00848742926048,-0.999926032427,0.0,0.65506770573,0.252354421317,0.303349142035,1.0,-0.0163,-0.0214228571429,0.816
0.460119988021,0.510951882134,-0.124120614113,-1.41394847275,0.0760402160721,1.91544459507,0.151590045595,-0.0107498235057,-0.0820900413628,-0.000993935705251,-0.130987506669,-0.00256756956792,0.0512688719379,-0.0255766847536,0.573977065661,0.818857235726,0.00197547348279,0.0,0.818813430392,-0.573917397144,-0.0120055972911,0.0,-0.0086972790612,0.0085086455415,-0.999925977404,0.0,0.654805827694,0.252027112191,0.30334533052,1.0,-0.01662,-0.0218434285714,0.832
0.459913078073,0.50945924873,-0.124124077635,-1.41630792951,0.0758904041482,1.91632660076,0.151268005827,-0.0133806119111,-0.0883230413872,-0.00115758015395,-0.133842428809,-0.0103884434553,0.0493307624697,-0.0172525967109,0.57396777496,0.818863729119,0.00198326559837,0.0,0.818820059184,-0.573908107517,-0.0119975708277,0.0,-0.00868633062082,0.00851032053754,-0.999926058319,0.0,0.654518985179,0.251664928202,0.303343640125,1.0,-0.01696,-0.0222902857143,0.849
0.45970258371,0.507944557515,-0.124122745388,-1.41868333956,0.0757293858906,1.91717401866,0.150940858817,-0.0139795897647,-0.0896980558319,0.00156467410896,-0.142424688617,-0.00785539390187,0.0524958467981,-0.0185746176615,0.573950764044,0.818875697491,0.00196453912779,0.0,0.818831826134,-0.573891220275,-0.0120022790525,0.0,-0.0087011103966,0.00849750799733,-0.999926038783,0.0,0.654221434341,0.251297604233,0.303346086003,1.0,-0.0173,-0.0227371428571,0.866
0.459490187807,0.506398985597,-0.124130884921,-1.42110604273,0.0755811832954,1.9180603966,0.150591609014,-0.0137294177233,-0.0975124015513,0.00036559362893,-0.145483656373,-0.00710974936968,0.0568400417118,-0.0206976553152,0.573929820334,0.818890361559,0.00197078119429,0.0,0.818846545141,-0.573870226712,-0.012001887591,0.0,-0.00869742487041,0.00850217225412,-0.999926031198,0.0,0.653922098887,0.250923030972,0.303350795891,1.0,-0.01764,-0.023184,0.883
0.459261916976,0.504787106219,-0.124135146453,-1.42356387986,0.0754311408501,1.91902149624,0.150269945551,-0.0154699392691,-0.0969010102742,0.000644841038427,-0.150041485967,-0.00427066680473,0.0581683163565,-0.0212417859834,0.573942935113,0.818880934497,0.00206621672058,0.0,0.818838416641,-0.57388299272,-0.0119459198609,0.0,-0.00859668489674,0.00854833851752,-0.999926508758,0.0,0.65363321815,0.25054181702,0.30339085717,1.0,-0.01798,-0.0236308571429,0.9
0.459039321901,0.503122999914,-0.124141290894,-1.42603751975,0.075275516451,1.91995597453,0.149913303493,-0.0156710811596,-0.0993195579637,0.000609066587624,-0.146698455067,-0.0161330251303,0.0529473791204,-0.0237218946266,0.573922596117,0.81889492088,0.00217005162501,0.0,0.818853814237,-0.573862292212,-0.0118847544834,0.0,-0.00848721768788,0.00859804973668,-0.999927017675,0.0,0.653334833704,0.250159466449,0.303456934544,1.0,-0.01832,-0.0240777142857,0.917
0.458774333074,0.501205107721,-0.124147478173,-1.42887319305,0.0750908462364,1.92097656843,0.149515352308,-0.0162697838165,-0.109369361258,0.000119646727507,-0.159908775401,-0.00825505443675,0.0517743512197,-0.0201933244995,0.573912904023,0.818901486822,0.0022539690904,0.0,0.818861517619,-0.573852315603,-0.0118356132322,0.0,-0.00839891759663,0.00863846602823,-0.99992741491,0.0,0.652984183977,0.249711147977,0.303534576828,1.0,-0.0187,-0.0245771428571,0.936
0.458577028602,0.499806075277,-0.124150300766,-1.43101162371,0.0749551901405,1.92173521102,0.149218137171,-0.0146859852552,-0.104310204873,0.00050526119182,-0.153485089057,-0.0110807052414,0.0597585226649,-0.0225963398269,0.573905220487,0.818906829103,0.00226937160301,0.0,0.818867027425,-0.573844539173,-0.0118314478847,0.0,-0.00838674844013,0.00864860979818,-0.999927429366,0.0,0.652714127265,0.249375112988,0.303558660852,1.0,-0.01898,-0.0249451428571,0.95
0.458322033845,0.498130435925,-0.124147635101,-1.43363601317,0.0747913609076,1.92272610214,0.148833467324,-0.0154012694135,-0.101774786827,0.000285182760876,-0.153285171927,-0.00940088878947,0.0573573980324,-0.0258456445051,0.573886391511,0.81891992961,0.00230335104338,0.0,0.818880555628,-0.573825566211,-0.0118153323795,0.0,-0.0083542502891,0.00866699471249,-0.999927542227,0.0,0.652394181688,0.2489618652,0.303563886455,1.0,-0.01932,-0.025392,0.967
0.458078422735,0.496550467634,-0.12415112945,-1.43614890722,0.0746462036398,1.92361056532,0.148461181209,-0.0173223155429,-0.100163397278,-0.000624376407201,-0.155777531538,-0.00410734015511,0.057495019932,-0.0261043951782,0.573871526518,0.818930445455,0.00226791975194,0.0,0.818890419222,-0.573810643127,-0.0118563924603,0.0,-0.00840836615467,0.00866139055521,-0.999927137192,0.0,0.652073769027,0.248560402794,0.303545898238,1.0,-0.01964,-0.0258125714286,0.983
0.457760001837,0.494574547813,-0.124156403827,-1.4393720878,0.0744358556863,1.92472086581,0.14800786672,-0.0165088750418,-0.0999015411979,-0.00179490252427,-0.161068177146,-0.00533976283862,0.0590817498835,-0.0247816926749,0.573870028811,0.818931826265,0.00214496244763,0.0,0.818890118263,-0.573809555532,-0.0119295889961,0.0,-0.00853888455446,0.00860268776171,-0.999926537909,0.0,0.651657916736,0.248035225114,0.303484724887,1.0,-0.0214611428571,-0.0282060734694,1.003
0.457470441703,0.492477440596,-0.124219337716,-1.44252628377,0.0742517364882,1.92588433075,0.147551846734,-0.0205368180217,-0.152372892574,-0.00348909234435,-0.226310027458,-0.0138733759932,0.0813643798486,-0.0302189938643,0.573887750156,0.81891918334,0.00222896381898,0.0,0.818878710485,-0.573827080335,-0.0118695530087,0.0,-0.00844132737775,0.00863720838232,-0.999927068652,0.0,0.651275277896,0.247512607825,0.303545917693,1.0,-0.0333102857143,-0.0437792326531,1.019
0.457078298288,0.489344197682,-0.124263872108,-1.44748633785,0.0739958103457,1.92779536953,0.146806711596,-0.0295714379341,-0.198944971849,0.000416478122459,-0.327304920358,-0.0183250908615,0.129882183242,-0.0481293877384,0.573810990899,0.818972734115,0.00231395774413,0.0,0.818933120194,-0.573749741801,-0.0118543381598,0.0,-0.00838090843406,0.00869729361116,-0.999927056068,0.0,0.650652455834,0.246772648461,0.303531546263,1.0,-0.0459,-0.0603257142857,1.036
0.456499204309,0.485387944101,-0.124320744311,-1.45375166094,0.0736430540107,1.93017257982,0.145873650122,-0.0423224274161,-0.266673570515,-0.00807969178077,-0.433915955591,-0.0195032779421,0.161051370789,-0.0693398409051,0.573771839971,0.819000005528,0.00236928329057,0.0,0.818960999517,-0.573710264429,-0.0118389467535,0.0,-0.00833697582604,0.00873337301836,-0.999927108858,0.0,0.649817811676,0.245703431728,0.303503010677,1.0,-0.0584897142857,-0.0768721959184,1.053
0.455704029342,0.480160228957,-0.124481835435,-1.4620896349,0.073146537553,1.93307922719,0.144599886214,-0.0477048918966,-0.330637668703,-0.0075091789446,-0.528060461283,-0.0263491970627,0.177230907164,-0.0803377307697,0.573777764002,0.81899637153,0.00218354257585,0.0,0.818954974859,-0.573716951857,-0.0119312701435,0.0,-0.00851909558337,0.00863428679671,-0.999926434345,0.0,0.648802853613,0.244364361671,0.303420618141,1.0,-0.0703388571429,-0.092445355102,1.069
0.454834269048,0.474587125485,-0.124622143731,-1.47081435173,0.0726303546833,1.93612859912,0.143340461832,-0.0543782596955,-0.391583708682,-0.00740603243336,-0.60249083343,-0.0343769311033,0.220655855514,-0.0894126726319,0.573843400076,0.818950629538,0.00208937079845,0.0,0.818907889489,-0.573782852052,-0.0119939203847,0.0,-0.00862374954787,0.008593799742,-0.999925886028,0.0,0.647675230262,0.242882722976,0.303395318325,1.0,-0.0814474285714,-0.107045191837,1.084
0.453667556912,0.467315407058,-0.124746000864,-1.48190571357,0.0719874286363,1.94022761189,0.141609034684,-0.0689480989115,-0.455806576886,-0.00665693349087,-0.678722096313,-0.0456680236504,0.257501644681,-0.112873799393,0.573828236493,0.818960592519,0.00233448185619,0.0,0.818920895197,-0.573766540571,-0.0118857574962,0.0,-0.00839468104658,0.00873230735889,-0.999926635378,0.0,0.646273896481,0.241013142878,0.303498660616,1.0,-0.0940371428571,-0.123591673469,1.101
0.452290573178,0.459122819188,-0.124821632629,-1.4945977122,0.0711897955494,1.94476226654,0.139632458292,-0.0859043499539,-0.503177065969,-0.00217664077061,-0.755140188025,-0.0432566151543,0.263606009448,-0.11252892039,0.573770868191,0.819000712173,0.00236033389036,0.0,0.81896109383,-0.573708809192,-0.0119027707141,0.0,-0.00839439496428,0.0087626534194,-0.999926372309,0.0,0.644607536867,0.238868016451,0.303497993526,1.0,-0.106626857143,-0.140138155102,1.118
0.450767137766,0.450426116638,-0.124972846521,-1.50793261383,0.0702852153204,1.94937680541,0.137541890928,-0.0946649477654,-0.576317430175,-0.0114907854069,-0.84950713671,-0.0598683806247,0.307876320235,-0.133653939388,0.573780769214,0.818993956394,0.00229677421563,0.0,0.818953833,-0.573719295599,-0.0118968976054,0.0,-0.00842594577912,0.00870733074984,-0.99992659022,0.0,0.642835508019,0.236508685049,0.303529964509,1.0,-0.118476,-0.155711314286,1.134
0.448977885616,0.440277086418,-0.125100379727,-1.52340924892,0.0692729096798,1.95484775021,0.135139970212,-0.110141503095,-0.608658083351,-0.00716406659075,-0.93685298691,-0.0671924780974,0.323357885204,-0.14675145499,0.573790256139,0.818987018232,0.00239850526784,0.0,0.818948190321,-0.573728353362,-0.0118484184391,0.0,-0.00832777074572,0.00876292731307,-0.999926927,0.0,0.640756197597,0.233806071789,0.303590821434,1.0,-0.131065714286,-0.172257795918,1.151
0.446928745942,0.429128268243,-0.12522152403,-1.54013284556,0.0681534377834,1.96070191031,0.132407009889,-0.123816808731,-0.672284452293,-0.0080503032536,-1.01660217737,-0.0658531283219,0.355241223951,-0.166116867187,0.573741765324,0.819020320132,0.00261702813106,0.0,0.818984321612,-0.573679040122,-0.0117382613689,0.0,-0.00811269659253,0.00887820674119,-0.999927678184,0.0,0.638479051416,0.230825386654,0.30374623842,1.0,-0.143655428571,-0.188804277551,1.168
0.444330936581,0.415751018016,-0.125381330468,-1.56023017543,0.0667258056478,1.96772742137,0.12906280638,-0.140794829152,-0.7355956328,-0.0100597904959,-1.0823501461,-0.0713606937682,0.389367660534,-0.175419535553,0.573701873727,0.819047616291,0.00281233570741,0.0,0.819014707047,-0.57363909844,-0.0115689793246,0.0,-0.00786243059519,0.0089406615566,-0.999929120866,0.0,0.635711474883,0.227149394037,0.303878518042,1.0,-0.157726285714,-0.207297404082,1.187
0.442047705337,0.404484320116,-0.12549607341,-1.57725089229,0.0655514421018,1.97360184966,0.126222812093,-0.160547769405,-0.773927549859,-0.00729362326986,-1.16354805436,-0.0718492440508,0.39311073487,-0.200022997489,0.573701147136,0.819047845283,0.00289271719347,0.0,0.819015832306,-0.57363794347,-0.0115465642044,0.0,-0.00779796632514,0.00899363146464,-0.999929150647,0.0,0.633306273308,0.224008764042,0.303907304729,1.0,-0.168834857143,-0.221897240816,1.202
0.439351896408,0.391666089296,-0.125645314306,-1.59628123506,0.0642268723662,1.98012855973,0.122944599073,-0.171206686448,-0.787298445454,-0.00727442894447,-1.22100726695,-0.0956027938538,0.416091397121,-0.214437780676,0.57371823173,0.819034969796,0.00313938407255,0.0,0.819006062772,-0.573654158375,-0.0114333994652,0.0,-0.00756357888002,0.00913090011075,-0.999929706998,0.0,0.630589068009,0.220408840667,0.304046505982,1.0,-0.180684,-0.2374704,1.218
0.435830304849,0.375673646719,-0.125811408964,-1.62022127127,0.0624048323183,1.98809703029,0.118678563978,-0.191320602285,-0.872075398277,-0.00667297736157,-1.28182449819,-0.0977002360326,0.435767472918,-0.23211584384,0.573620897011,0.819103395574,0.003072584072,0.0,0.819073982229,-0.573557464278,-0.0114190064328,0.0,-0.00759118956803,0.00906702895298,-0.999930078969,0.0,0.627055551114,0.215797636828,0.304053887645,1.0,-0.194754857143,-0.255963526531,1.237
0.432067401337,0.35959303392,-0.125992689815,-1.64402884753,0.0605829933506,1.99600410566,0.114413459999,-0.213378745399,-0.905147419154,-0.012434815117,-1.34742391241,-0.105435450714,0.447775836716,-0.250147711293,0.573681933283,0.819060356541,0.00314939188389,0.0,0.8190322645,-0.573618665786,-0.0113367928,0.0,-0.00747911157839,0.00908334165967,-0.999930775501,0.0,0.623497687607,0.211071233139,0.304112203981,1.0,-0.208085142857,-0.273483330612,1.255
0.428816647236,0.346645854626,-0.126171356531,-1.66332917834,0.0591433324713,2.00213940243,0.110767955892,-0.240909600188,-0.949815453695,-0.00786526956678,-1.37747179861,-0.104203345578,0.454254732081,-0.261629418022,0.573744067577,0.819017586944,0.00294687926723,0.0,0.818986277747,-0.573680687745,-0.0115192131751,0.0,-0.00774401954985,0.00902270761951,-0.999929307956,0.0,0.620524604657,0.207110811325,0.304030294713,1.0,-0.218453142857,-0.287109844898,1.269
0.424618181532,0.33018256953,-0.126343055753,-1.68748788008,0.0573055014437,2.00991390473,0.106161453767,-0.250963488567,-0.974200498453,-0.00636078332001,-1.42293791575,-0.0934574813741,0.448427362509,-0.281410054101,0.573797832324,0.818979758866,0.00299150280505,0.0,0.818948471216,-0.573733652732,-0.0115691018456,0.0,-0.007758683787,0.00908838718937,-0.999928599473,0.0,0.616748181686,0.202143981277,0.304040361218,1.0,-0.231042857143,-0.303656326531,1.286
0.41931767764,0.309890354893,-0.1265274718,-1.71685374939,0.0548822190855,2.01923254438,0.100303088839,-0.276537042412,-1.03512235578,-0.00333617523479,-1.4701200441,-0.113219880794,0.477924473337,-0.304914172101,0.573660336348,0.819075660079,0.00310297722775,0.0,0.819046131273,-0.573596198699,-0.0114709452822,0.0,-0.00761586276521,0.009122083451,-0.999929390621,0.0,0.612033639878,0.196026608973,0.304125127931,1.0,-0.245854285714,-0.32312277551,1.306
0.415248911321,0.295147985167,-0.126678979648,-1.73819847025,0.0530231482997,2.0257959577,0.095884774578,-0.299068117419,-1.05205258548,-0.0126030723888,-1.52490871257,-0.127598064272,0.455578259664,-0.315854344424,0.573537304627,0.819162299566,0.0029722166553,0.0,0.819131477028,-0.573474057068,-0.0114837325188,0.0,-0.00770269989476,0.00902115890007,-0.999929641078,0.0,0.608511396176,0.191455836207,0.30409646179,1.0,-0.256222285714,-0.336749289796,1.32
0.409588949626,0.275599677572,-0.126867139908,-1.76604575573,0.0507578945876,2.0343010015,0.0899907145506,-0.31962005333,-1.07901834024,-0.00538318066554,-1.56206376749,-0.124662293705,0.460763302513,-0.335198413113,0.573549914455,0.819152855455,0.00313718494117,0.0,0.819123307331,-0.573485131761,-0.0115133808032,0.0,-0.00763223678575,0.00917341649618,-0.999928796161,0.0,0.603840536348,0.185369771906,0.304165372056,1.0,-0.269552571429,-0.354269093878,1.338
0.404425969251,0.258718378406,-0.127128103282,-1.78990551591,0.048624231773,2.04144946209,0.0847306066784,-0.362114100822,-1.11189786118,-0.0210376062914,-1.62983484819,-0.156283364701,0.462609490285,-0.355541555799,0.573598686242,0.819118540654,0.00317968542022,0.0,0.81909005055,-0.573534382752,-0.0114257513079,0.0,-0.00753553090467,0.00915842095909,-0.999929667076,0.0,0.599777541426,0.179934177535,0.304214625385,1.0,-0.280661142857,-0.368868930612,1.353
0.39813241581,0.239103408356,-0.127370825492,-1.81746424513,0.0461516726491,2.04944811143,0.0784464518185,-0.378905722939,-1.15652007948,-0.0125890992531,-1.59608457591,-0.147829906438,0.455335626555,-0.380262943438,0.573641319467,0.819088774606,0.00315639284333,0.0,0.819059775471,-0.573576828137,-0.0114653098586,0.0,-0.0075808187614,0.00916242629406,-0.999929288066,0.0,0.594944285919,0.173555413865,0.304223488354,1.0,-0.293250857143,-0.385415412245,1.37
0.391482421635,0.218905694403,-0.127569728952,-1.84548352198,0.0436296474224,2.05744795822,0.0717506467609,-0.409380008883,-1.18168975222,-0.0187354437407,-1.66014976809,-0.154027859892,0.459273670417,-0.403431994235,0.573527771711,0.819167820474,0.0032747333017,0.0,0.819139729115,-0.573462177847,-0.0114883273277,0.0,-0.00753307740192,0.00927151742804,-0.999928643309,0.0,0.589891553508,0.167033757904,0.304267418111,1.0,-0.305840571429,-0.401961893878,1.387
0.38468455132,0.199330449242,-0.1278164199,-1.87238126944,0.041034810253,2.06480746298,0.0650962070775,-0.437298493459,-1.21338685315,-0.014144054566,-1.64673872413,-0.158602053887,0.441925840803,-0.420797800442,0.573480629839,0.819201036383,0.00322119389926,0.0,0.81917220175,-0.573415143986,-0.0115205654492,0.0,-0.00759072393715,0.00924571163725,-0.999928446303,0.0,0.584917494492,0.160550830292,0.304287937285,1.0,-0.317689714286,-0.417535053061,1.403
