position_joint1,position_joint2,position_joint3,position_joint4,position_joint5,position_joint6,position_joint7,velocity_joint1,velocity_joint2,velocity_joint3,velocity_joint4,velocity_joint5,velocity_joint6,velocity_joint7,ee_T_00,ee_T_10,ee_T_20,ee_T_30,ee_T_01,ee_T_11,ee_T_21,ee_T_31,ee_T_02,ee_T_12,ee_T_22,ee_T_32,ee_T_03,ee_T_13,ee_T_23,ee_T_33,v_x,v_y,time
0.465085432289,0.547653205435,-0.123944541887,-1.35574939897,0.0794128107561,1.89408726383,0.15917233427,-0.000431947544425,0.00171044038545,-0.00144007314766,0.000777240442588,0.000165349947024,-0.000339238377363,0.00142350392768,0.573748179739,0.819017372901,0.00207750672326,0.0,0.818976523059,-0.573689733562,-0.0117597272748,0.0,-0.00843973915126,0.00844871401494,-0.999928692475,0.0,0.661688731468,0.260920308802,0.303342064102,1.0,0.0,0.0,0.0
0.465087980461,0.547650379633,-0.12394518777,-1.35575213421,0.0794114883277,1.89409090143,0.159172096081,0.000424313532703,9.82447712403e-05,-0.00205417466683,9.43413028011e-05,-0.000121394949695,7.96575072762e-05,0.000828786932705,0.573746167844,0.819018776469,0.00207980229377,0.0,0.818977973251,-0.573687729805,-0.0117564833747,0.0,-0.00843578598777,0.00844871221474,-0.999928725848,0.0,0.661688462725,0.260921367036,0.30334309906,1.0,-8e-05,-0.000105142857143,0.005
0.465085027825,0.547645044196,-0.123942416733,-1.35575500118,0.0794122004045,1.89409229295,0.159168515972,0.000169291432337,-0.000317384704659,0.00238505010396,-0.000724849143074,2.55245287135e-05,4.30412687085e-05,-0.00147336651077,0.57374406272,0.819020239514,0.00208438529332,0.0,0.818979474214,-0.573685585467,-0.0117565617993,0.0,-0.00843324262946,0.00845248903855,-0.999928715383,0.0,0.661688318321,0.260920957324,0.303345544702,1.0,-0.00038,-0.000499428571429,0.02
0.465076670731,0.547641943389,-0.12395021214,-1.3557642685,0.0794122004045,1.89409162013,0.159173148066,0.000738754814722,0.000394317791817,0.000897697259675,-5.89039961253e-05,-3.60438326442e-05,0.000640329164676,-0.00117341447973,0.57376064414,0.819008642433,0.00207695851473,0.0,0.818967810618,-0.573702223759,-0.0117571479192,0.0,-0.00843781249169,0.00844691356019,-0.999928723946,0.0,0.661690112035,0.260909809854,0.303343529722,1.0,-0.00072,-0.000946285714286,0.037
0.465078759837,0.547587190655,-0.123947418223,-1.35580684839,0.0794078190969,1.89409956303,0.159174775505,0.000176671338532,-0.00574997660278,-0.000185299081991,-0.00322228430609,-1.9618258962e-05,6.49409229288e-05,0.00136897917405,0.573757377167,0.81901089938,0.00208943666803,0.0,0.818970192655,-0.573698871624,-0.0117547922717,0.0,-0.00842875781142,0.00845574793287,-0.999928725644,0.0,0.66167904887,0.260908275324,0.303359462623,1.0,-0.00106,-0.00139314285714,0.054
0.465085682827,0.547458240988,-0.123945528751,-1.35595737304,0.0794094970022,1.89412660506,0.159167659628,0.00160947838855,-0.00121918883124,-0.00147400691418,-0.00704409876349,0.000350504022776,-1.47970193335e-05,0.000831721524799,0.573755231521,0.819012355614,0.00210773684102,0.0,0.818971773241,-0.573696541368,-0.0117583994609,0.0,-0.00842123523983,0.00847278331058,-0.999928644824,0.0,0.661654400273,0.26089991491,0.303384628927,1.0,-0.00138,-0.00181371428571,0.07
0.465066336924,0.547300219844,-0.123944887875,-1.35617396186,0.0794046465635,1.89418413374,0.159155977039,-0.00281522384173,-0.0114538493665,-0.000164330917622,-0.015358587246,0.000264391413839,-0.000244559146294,-0.000976558705473,0.573771710655,0.819000798118,0.00211273171338,0.0,0.818960175373,-0.573712893171,-0.0117683585584,0.0,-0.00842635586151,0.0084827576755,-0.99992851712,0.0,0.661625561133,0.260866971669,0.303398439558,1.0,-0.00174,-0.00228685714286,0.088
0.465049312228,0.547151963052,-0.123940594274,-1.3563562185,0.0793996399636,1.89430466776,0.159152522254,-0.000890205343913,-0.00890296398676,0.00182257833383,-0.0133650241562,0.000301071896018,0.00289750765201,0.000876551840144,0.573788999176,0.818988485203,0.00218916191338,0.0,0.818948850121,-0.573729880904,-0.0117282370863,0.0,-0.00834946427465,0.00852250913626,-0.999928824109,0.0,0.661615467137,0.260845896222,0.303427025263,1.0,-0.00204,-0.00268114285714,0.103
0.465030103999,0.546940347613,-0.123943099927,-1.35660221502,0.0793943982236,1.89442428786,0.159137992257,-0.000608330365273,-0.0114600575804,-0.00155258995079,-0.0203881330104,0.00017375152782,0.00324305576373,0.00070646836388,0.573807045029,0.818975631583,0.00226646190503,0.0,0.818936966065,-0.573747599771,-0.0116912048494,0.0,-0.0082745941091,0.00856475004165,-0.99992908556,0.0,0.661594380325,0.260812603742,0.303470287641,1.0,-0.0024,-0.00315428571429,0.121
0.464997846892,0.546712499369,-0.123943108696,-1.35690156947,0.0793804241801,1.89456520543,0.159116524183,-0.00406724669424,-0.0156125853706,0.000484027450171,-0.018788938587,-0.000395572211679,0.0153492504583,-0.00211013319094,0.573829059423,0.818960036481,0.00232725365662,0.0,0.818922163873,-0.573769392688,-0.0116584918609,0.0,-0.00821269012226,0.00859598651856,-0.999929327871,0.0,0.661569037317,0.260766031788,0.303501390553,1.0,-0.00274,-0.00360114285714,0.138
0.464962331661,0.546476996254,-0.123945578364,-1.35726416817,0.0793695580154,1.89468801386,0.159035958661,-0.00300629636603,-0.0125911966246,-0.00125617318926,-0.0204024992838,-0.000392996102645,0.00559112034607,-0.0108953861666,0.573811211581,0.818972534455,0.00232984396035,0.0,0.818934591911,-0.573751429234,-0.0116695554316,0.0,-0.00822045235485,0.00860427721273,-0.999929192782,0.0,0.661526993759,0.260707736892,0.303506308908,1.0,-0.00306,-0.00402171428571,0.154
0.4649236937,0.546186996922,-0.123940595248,-1.35769930792,0.0793417053428,1.89485472285,0.15894526704,-0.00230053697332,-0.0190304949813,0.000409616345781,-0.0276992558084,-0.00261413294493,0.0145845736881,-0.00286715261904,0.573782055078,0.818992907898,0.00234882617756,0.0,0.818955202974,-0.573722198229,-0.0116602608507,0.0,-0.00820225514199,0.00861419770267,-0.999929256802,0.0,0.661478528027,0.260644030031,0.303518812975,1.0,-0.0034,-0.00446857142857,0.171
0.46486805013,0.545861467173,-0.123942815753,-1.35825786052,0.0792561802945,1.89504355258,0.158913401483,-0.00446178010734,-0.013978757951,0.00120410827926,-0.0320812420316,-0.00989620962499,0.0171692328714,-0.000707849758329,0.573811542281,0.818972439936,0.00228111209149,0.0,0.818934295593,-0.573752386103,-0.0116432746206,0.0,-0.00822688591244,0.00854929089138,-0.999929611509,0.0,0.661416358776,0.260542877708,0.303499762529,1.0,-0.00378,-0.004968,0.19
0.46481567497,0.545589182813,-0.123948775425,-1.35873083053,0.0792117592107,1.89519842883,0.15883124934,-0.0062978750126,-0.0194540806433,-0.000579276170603,-0.0337314822118,-0.00141288084227,0.0190654966565,-0.00897265791765,0.573805869459,0.818976550311,0.00223184131893,0.0,0.818937905163,-0.573747036988,-0.0116529796767,0.0,-0.00826316384422,0.00851445151914,-0.999929609642,0.0,0.661363314885,0.260455538126,0.303480980102,1.0,-0.00406,-0.005336,0.204
0.464752528441,0.545219359705,-0.123951248322,-1.35937706758,0.0792065782036,1.89541009795,0.158767701902,-0.00258185583009,-0.0196342643119,-0.000576242021775,-0.0423735489756,0.00020301365862,0.0151749989701,-7.05460191827e-05,0.573841868346,0.818951428927,0.0021941039965,0.0,0.818911969954,-0.573782839276,-0.0117126307997,0.0,-0.00833329695094,0.00851813996801,-0.999928996206,0.0,0.661284121619,0.26035402083,0.303453648133,1.0,-0.0044,-0.00578285714286,0.221
0.464683542144,0.544801839799,-0.123957046856,-1.36006646258,0.0791865128229,1.89563451228,0.158686537855,-0.0041503634682,-0.0227215535469,-0.00218846033281,-0.03903062464,-0.000463498312223,0.013861271099,-0.0130137322159,0.573858382962,0.818939927903,0.00216741599497,0.0,0.818899878322,-0.573799204727,-0.011756225627,0.0,-0.00838414241386,0.00852146938728,-0.999928542805,0.0,0.661194217383,0.260243015336,0.303440180558,1.0,-0.00476,-0.006256,0.239
0.464624093105,0.544401052742,-0.123958925548,-1.36075624009,0.0791525045379,1.8958774867,0.158582885614,-0.00629223336312,-0.0247783397197,-0.000492329273893,-0.0408656234275,-0.000515633504856,0.0143999631109,-0.00787207089823,0.573863439855,0.818936487522,0.00212807510197,0.0,0.818895880343,-0.573804366202,-0.0117827579632,0.0,-0.00842839390726,0.00850452968833,-0.999928315006,0.0,0.661120063418,0.260134659337,0.303417135888,1.0,-0.00506,-0.00665028571429,0.254
0.464556093294,0.543892371333,-0.123963536947,-1.36157871937,0.0791117674122,1.89617198384,0.158501399616,-0.00605655821975,-0.0268881123074,-0.0111865059978,-0.0434131776572,-0.00733939146736,0.0185706032843,-0.00108040757961,0.57389056938,0.81891751083,0.00211464761802,0.0,0.818876653776,-0.573831468984,-0.0117990680174,0.0,-0.00844917473469,0.00850317314045,-0.999928151165,0.0,0.661024006379,0.260009483194,0.303411277866,1.0,-0.00542,-0.00712342857143,0.272
0.464486358682,0.543379240628,-0.123961251555,-1.36241759489,0.0790614614378,1.89645603616,0.158385086218,-0.00180826934543,-0.0336349021633,-0.000728998598111,-0.0459625431445,-0.00436665571279,0.025723997233,-0.0057038485137,0.573883984486,0.818922214116,0.00208001896225,0.0,0.818880847909,-0.573824962573,-0.0118243882799,0.0,-0.00848985088351,0.00848927819656,-0.999927924696,0.0,0.660921490321,0.259883014457,0.303399554703,1.0,-0.00576,-0.00757028571429,0.289
0.464428958242,0.542904047971,-0.123964774465,-1.36319153948,0.0790104530854,1.89672802315,0.158283302831,0.0010952776825,-0.0316018890068,-0.00191771858495,-0.052119491934,-0.00784547269398,0.016430344313,-0.0112752828758,0.573879492129,0.81892542869,0.00205369422479,0.0,0.818883748426,-0.573820604012,-0.0118350274935,0.0,-0.00851371681859,0.00847377953873,-0.999927853241,0.0,0.660828573098,0.259767615908,0.303390985551,1.0,-0.00606,-0.00796457142857,0.304
0.464358288511,0.542286077508,-0.123966911758,-1.36414491456,0.0789554997514,1.89707535355,0.158159786398,-0.000459752038852,-0.0339440970212,-0.000215562272321,-0.0518926747457,-0.00463449432019,0.0191689526157,-0.000859546713917,0.573875980033,0.818927861959,0.00206478828911,0.0,0.818886296886,-0.573817019,-0.0118325136133,0.0,-0.00850532816794,0.00848138547497,-0.999927860145,0.0,0.660716332363,0.259629312311,0.303404427096,1.0,-0.00642,-0.00843771428571,0.322
0.464275565484,0.541667438129,-0.123962959216,-1.36509925708,0.0789049719336,1.89742579007,0.158020724962,-0.00796406508886,-0.0315302906836,0.000789668301339,-0.0623007330718,-0.000444901723482,0.0242272268962,-0.0125943712164,0.573866531908,0.818934438402,0.00208231984842,0.0,0.818893004104,-0.573807404965,-0.0118345569305,0.0,-0.00849703927939,0.00849681688858,-0.999927799607,0.0,0.660605834482,0.259487402237,0.303417873428,1.0,-0.00676,-0.00888457142857,0.339
0.464198909274,0.541058966125,-0.123965473913,-1.36603810901,0.0788509167744,1.89777855598,0.157909580811,-0.00192999910205,-0.0411614407963,0.000268525931467,-0.0614914129593,-0.000658090511028,0.0198600262659,-0.00628563768653,0.573877701711,0.818926561612,0.00210168189734,0.0,0.818885367462,-0.573818484706,-0.0118257544312,0.0,-0.00847860373256,0.00850773712709,-0.999927863242,0.0,0.660499056054,0.259347051846,0.303431828278,1.0,-0.00708,-0.00930514285714,0.355
0.464108113724,0.540360956576,-0.123966264353,-1.36708883454,0.0787895225536,1.89817729578,0.157780391442,-0.00487700567369,-0.0411999879742,-0.000443167087448,-0.0651620368482,-0.000711956862824,0.0259849436458,-0.00158890711811,0.573888630412,0.818918799625,0.00214158963527,0.0,0.818878115537,-0.57382924579,-0.0118057389217,0.0,-0.00843919726191,0.00852904443607,-0.999928015084,0.0,0.660381491369,0.259188200672,0.303459655698,1.0,-0.00742,-0.009752,0.372
0.464006232659,0.539634961043,-0.123973000771,-1.36819564713,0.0787255116714,1.8985968762,0.157630791869,-0.00695734648623,-0.0400753218907,-0.00137118358382,-0.0624706426319,-0.00936484666179,0.0250879374338,-0.00941479395707,0.573898436208,0.818911841816,0.00217420169082,0.0,0.818871593337,-0.573838935051,-0.0117871602676,0.0,-0.00840516536714,0.00854518936908,-0.999928163887,0.0,0.66026003843,0.259013290815,0.303482456042,1.0,-0.00776,-0.0101988571429,0.389
0.463907107505,0.538935680122,-0.123971540705,-1.36929835885,0.0786490431772,1.89901644016,0.157505112027,-0.00699213013635,-0.0422098573155,-0.000519237334706,-0.0716619504006,-0.00384460540943,0.0267450587999,-0.00821080055356,0.573916216179,0.818899361738,0.00218152541927,0.0,0.818859294254,-0.573856771826,-0.0117732129837,0.0,-0.00838935498429,0.00854336469934,-0.999928312252,0.0,0.660136711068,0.258843087299,0.30348793035,1.0,-0.00808,-0.0106194285714,0.405
0.463791053552,0.538116253308,-0.123979365745,-1.37055936877,0.0785947213965,1.89950154995,0.157343691316,-0.00542830577048,-0.0485442325414,0.000929967564168,-0.0696458855097,-0.00503150767922,0.0306748794336,-0.00961859653035,0.573939727573,0.818882759002,0.00222778450791,0.0,0.818843150852,-0.573879957751,-0.0117658529618,0.0,-0.00835653414528,0.0085772616683,-0.999928296889,0.0,0.659998029505,0.258647144704,0.303508842874,1.0,-0.00844,-0.0110925714286,0.423
0.463666054578,0.537279715499,-0.123983950454,-1.37189337722,0.0784976195916,1.90000845576,0.157175747516,-0.00652648152891,-0.0512960300377,-3.7391188097e-05,-0.0791037087053,-0.000633329804276,0.0248997606018,-0.00970301576423,0.57395537569,0.818871801707,0.00222395751574,0.0,0.818832314953,-0.573895794167,-0.011747524258,0.0,-0.00834355712937,0.00856376785897,-0.999928520913,0.0,0.659850889158,0.258433325274,0.303508659165,1.0,-0.0088,-0.0115657142857,0.441
0.463560641002,0.536547358035,-0.123992099581,-1.37304457269,0.0784390982819,1.90043857016,0.157041828975,-0.00686520336019,-0.0476893835444,-0.00133564727324,-0.0764970863767,-0.0023412844725,0.0248060135652,-0.00583250058092,0.573985467525,0.818850674359,0.00223675500939,0.0,0.818811290599,-0.573925768707,-0.0117485872599,0.0,-0.008336767771,0.00857516370562,-0.999928479878,0.0,0.659721393414,0.258251730159,0.303515302383,1.0,-0.0091,-0.01196,0.456
0.463443370468,0.535689944743,-0.124001643845,-1.37440723572,0.0783598911978,1.90093701796,0.156872816192,-0.00817119041995,-0.0512570951157,-0.000207102001766,-0.082022371626,-0.00252505965579,0.0281519297991,-0.00916954013188,0.574003430785,0.818838101911,0.00222962008929,0.0,0.818798620681,-0.573943751955,-0.011753095892,0.0,-0.00834436686721,0.00857209225744,-0.999928442828,0.0,0.659564014827,0.258039354275,0.30351537883,1.0,-0.00944,-0.0124068571429,0.473
0.463295134923,0.534594668537,-0.124003157711,-1.37617213597,0.0782713008072,1.90158376244,0.156668736744,-0.00463414088636,-0.0472347997126,-0.000106333099377,-0.0868327146228,0.000350264890544,0.0280079974368,-0.0148216594293,0.574031846012,0.818818213318,0.00221815333252,0.0,0.81877840081,-0.573972020552,-0.0117812092656,0.0,-0.00837367199055,0.00857913051618,-0.999928137486,0.0,0.659355330698,0.257775155265,0.303504267284,1.0,-0.00986,-0.0129588571429,0.494
0.463211882436,0.533948207766,-0.124006152337,-1.37720749322,0.0782098931876,1.90195164104,0.156536979153,-0.00378977129973,-0.0527037273263,-0.00059897305737,-0.0865196206912,-0.00227874265647,0.0252311067522,-0.0109352043875,0.574034369355,0.8188164933,0.00220000013013,0.0,0.818776414216,-0.573974582356,-0.0117944577281,0.0,-0.00839491398955,0.00857189735725,-0.999928021407,0.0,0.65923050554,0.257619153161,0.303499445224,1.0,-0.0101,-0.0132742857143,0.506
0.463057746647,0.532801399579,-0.124003822047,-1.37904884903,0.0780999291191,1.90265020966,0.156298138711,-0.00583844796832,-0.0553759538338,0.000508506496862,-0.0888727149847,-0.00544352880293,0.0339869557182,-0.00893030803911,0.574034655379,0.818816286029,0.00220251183608,0.0,0.818776213361,-0.573974831819,-0.0117962610319,0.0,-0.00839494591522,0.00857499203242,-0.999927994605,0.0,0.659016676624,0.257345009577,0.303492192608,1.0,-0.01052,-0.0138262857143,0.527
0.462949773144,0.532005260066,-0.124008458571,-1.38032680154,0.0780259561144,1.90313274419,0.156128545142,-0.012315116484,-0.0572657870111,-0.00298336332311,-0.0888533286019,-0.00133447581422,0.0362289604937,-0.0152095962544,0.574037421594,0.818814346927,0.00220244819567,0.0,0.818774260965,-0.573977585206,-0.0117978033591,0.0,-0.00839621640895,0.00857585362622,-0.999927976549,0.0,0.658869029863,0.257150699192,0.303487153105,1.0,-0.0108,-0.0141942857143,0.541
0.462807159172,0.530878757213,-0.124004611405,-1.38212401015,0.0779155985427,1.90377026567,0.155910260618,-0.00816914038737,-0.0586732665429,0.000244929017981,-0.0965370201244,-0.011317260197,0.0299689310599,-0.0170922070665,0.57404078543,0.818812064679,0.00217400570856,0.0,0.818771541831,-0.573980991225,-0.0118207826376,0.0,-0.00843132381521,0.00856579027365,-0.999927767399,0.0,0.658648495379,0.25688587402,0.303480750841,1.0,-0.01118,-0.0146937142857,0.56
0.462696310565,0.530028717699,-0.124006355108,-1.38349085476,0.0778226333687,1.90425040416,0.155730738383,-0.00702040956878,-0.0644750283306,-0.000302656842591,-0.103247671816,-0.0126401932388,0.03563671174,-0.0123368727046,0.574034889638,0.818816296095,0.00213673309585,0.0,0.81877533139,-0.573975286492,-0.0118352906247,0.0,-0.00846465981261,0.00854353858582,-0.999927676126,0.0,0.658481450755,0.256678342324,0.303470696435,1.0,-0.01146,-0.0150617142857,0.574
0.462556909816,0.528985467944,-0.124007254617,-1.38514540165,0.0777214530016,1.90486220446,0.155508603943,-0.00892352132503,-0.0649451931875,-0.000125292565707,-0.101571191223,-0.0121718651668,0.0309399522185,-0.00690088885152,0.574030313664,0.818819507142,0.00213556088568,0.0,0.818778514956,-0.573970703381,-0.0118373142431,0.0,-0.00846703744744,0.00854369307103,-0.999927654676,0.0,0.658285739809,0.256428498753,0.30347100396,1.0,-0.0118,-0.0155085714286,0.591
0.46242541889,0.5279620889,-0.124007835963,-1.38675701168,0.0776271056594,1.90549268333,0.155279374182,-0.00964474412684,-0.0589735541532,0.000398714701333,-0.0987613036563,-0.00421215001288,0.0458954580674,-0.014472943219,0.574012786854,0.818831700118,0.00217124636019,0.0,0.818791167595,-0.573953033551,-0.0118188852074,0.0,-0.00843164676819,0.00856215342578,-0.999927795824,0.0,0.658100346861,0.256191260034,0.303479135762,1.0,-0.01212,-0.0159291428571,0.607
0.462275655519,0.5267914615,-0.124012712959,-1.3885181088,0.0775154784454,1.906158167,0.155029264091,-0.0144456860542,-0.0721498897447,-0.000288239783618,-0.104143075149,-0.00777834454288,0.0432901882762,-0.0223347623202,0.573999109216,0.818841126027,0.00223155703474,0.0,0.818801442057,-0.573939189447,-0.0117793125495,0.0,-0.00836476856386,0.00858868238743,-0.999928130008,0.0,0.657896922993,0.255923317243,0.303522617505,1.0,-0.01246,-0.016376,0.624
0.462131441303,0.52562949888,-0.124015160522,-1.39033546842,0.0773988216055,1.90682452444,0.154783890117,-0.00807485115563,-0.0713003724246,0.000519715183152,-0.106568355128,-0.00301833258559,0.0433033522847,-0.0240497545477,0.573990406569,0.818847235209,0.00222833078574,0.0,0.818807522933,-0.573930514249,-0.0117793083157,0.0,-0.00836670809828,0.00858594928632,-0.999928137253,0.0,0.65766269139,0.255635638513,0.303531310379,1.0,-0.01282,-0.0168491428571,0.642
0.461982446443,0.524533364904,-0.124018725038,-1.39207647753,0.077288132439,1.90744130728,0.154556360869,-0.00884725319086,-0.0698712246619,0.00108894027127,-0.109547225313,-0.00681228841669,0.0356493834013,-0.00922962209368,0.573986246679,0.818850203078,0.00220917273059,0.0,0.818810258294,-0.573926445545,-0.0117874050007,0.0,-0.00838437775099,0.00857486674135,-0.999928084349,0.0,0.65746594677,0.255384615348,0.303528752228,1.0,-0.01312,-0.0172434285714,0.657
0.461814843314,0.523272847534,-0.12402013948,-1.39410303584,0.0771608656395,1.90818299436,0.154283027257,-0.012027809431,-0.0712051184379,0.00227796396197,-0.115317424879,-0.00986690640508,0.0463129071627,-0.0130173144894,0.573975038333,0.818858125444,0.00218464333533,0.0,0.818817859738,-0.573915331551,-0.0118004951049,0.0,-0.00840929290174,0.00856217945879,-0.999927983845,0.0,0.657220601061,0.255079398166,0.30351471208,1.0,-0.01348,-0.0177165714286,0.675
0.461654225568,0.522044970769,-0.124023236163,-1.39604533725,0.0770603185275,1.9089475898,0.154019493478,-0.0112704731644,-0.0717320638925,0.000224110432887,-0.112908610228,-0.000290234060938,0.048209777055,-0.0107286279477,0.573970199025,0.818861386027,0.00223338435005,0.0,0.818821646528,-0.573910194406,-0.0117875712089,0.0,-0.00837078601504,0.00859462351675,-0.999928028604,0.0,0.656995275685,0.254793209948,0.30351955971,1.0,-0.01382,-0.0181634285714,0.692
0.461504356412,0.520944972413,-0.124036905218,-1.39781729261,0.0769435181873,1.90961769619,0.153782433598,-0.00885421930702,-0.0770681559396,-0.000386795214192,-0.120830727798,-0.00790354903911,0.0425021316684,-0.0202022829744,0.57396658187,0.818863951228,0.00222242593224,0.0,0.818824195427,-0.573906749247,-0.0117782449483,0.0,-0.008369476093,0.00858026031584,-0.999928162921,0.0,0.656771294293,0.254502074185,0.303509607897,1.0,-0.01414,-0.018584,0.708
0.461329560179,0.519566865731,-0.124041063024,-1.39999009387,0.076790823573,1.91040182065,0.153485329603,-0.00974100626393,-0.0775467885308,-0.0022295712627,-0.123605457732,-0.0124033718005,0.0439302692335,-0.0171872658957,0.573948651336,0.818876578817,0.0022002718708,0.0,0.818836679324,-0.573889053672,-0.0117725770543,0.0,-0.00837773697772,0.00855868281652,-0.999928278664,0.0,0.656521290193,0.254189106495,0.303509050404,1.0,-0.01448,-0.0190308571429,0.725
0.46115699353,0.518225457208,-0.124044303641,-1.40206783022,0.0766593839804,1.91114793664,0.153206593617,-0.0119376376114,-0.081301851319,0.00104085762512,-0.123295674424,-0.00601640119732,0.0439392016286,-0.0140236931889,0.573938598702,0.818883609398,0.00220591964567,0.0,0.81884377895,-0.573878976131,-0.0117700182783,0.0,-0.0083725053394,0.00856173621602,-0.999928296343,0.0,0.656265967482,0.253874382527,0.303526401707,1.0,-0.01482,-0.0194777142857,0.742
0.460986436478,0.516929351114,-0.124053137923,-1.40406906506,0.0765345148003,1.91186699309,0.152925835805,-0.0084820133152,-0.0808518159251,0.00438226853996,-0.12088864844,-0.0118501967809,0.0454685163919,-0.0223484288282,0.573926656493,0.81889195457,0.0022150866487,0.0,0.818852249683,-0.573867006845,-0.0117642910951,0.0,-0.00836267919153,0.00856583385862,-0.999928343476,0.0,0.656021831684,0.253565473559,0.303545812409,1.0,-0.01514,-0.0198982857143,0.758
0.460799817065,0.515581067754,-0.124057048782,-1.4062373939,0.0764061377764,1.91270069407,0.15262778954,-0.00732123863097,-0.0779944506512,3.80720435171e-05,-0.13051822573,-0.010947232868,0.0611530669803,-0.00771957111991,0.573918305885,0.818897780253,0.00222498731109,0.0,0.818858191516,-0.573858606612,-0.0117604721943,0.0,-0.00835395729616,0.00857166439499,-0.999928366418,0.0,0.655764769149,0.253236956968,0.303531762054,1.0,-0.01548,-0.0203451428571,0.775
0.460598426143,0.514099718032,-0.124060245207,-1.40859544199,0.0762638408997,1.91354844465,0.152309727513,-0.0114834773415,-0.0850131845342,-0.000131952554559,-0.129128942845,-0.00192663364532,0.0463065413312,-0.0137061059449,0.57391060336,0.818903245202,0.00220028381843,0.0,0.818863259754,-0.573850922384,-0.0117825126625,0.0,-0.00838626441884,0.00856400541483,-0.99992816161,0.0,0.655472419283,0.25287723799,0.303521424685,1.0,-0.01584,-0.0208182857143,0.793
0.460426831207,0.512848655535,-0.124058151643,-1.41060299809,0.076143598669,1.91424522433,0.152028446312,-0.0133039166317,-0.0869422972653,0.00161505128345,-0.130752784946,-0.00958467571219,0.0374989684853,-0.0188873262153,0.573891920033,0.818916466791,0.0021520781564,0.0,0.818875720274,-0.573832292748,-0.0118237661699,0.0,-0.00844790752175,0.00854801299541,-0.999927779558,0.0,0.655216397023,0.252572114767,0.30350284854,1.0,-0.01614,-0.0212125714286,0.808
0.460217422239,0.511342294437,-0.124065908615,-1.41303276724,0.0759918004877,1.9151478308,0.151683174945,-0.0103880999504,-0.088254694085,-0.000264559539866,-0.133944571492,-0.0117789471651,0.0563978252545,-0.0187223732097,0.573872369543,0.818930227872,0.00212890902295,0.0,0.818889201178,-0.573812857562,-0.0118333254194,0.0,-0.00846923557128,0.00853432341936,-0.999927716074,0.0,0.65492035175,0.252198606739,0.303479902221,1.0,-0.0165,-0.0216857142857,0.826
0.460019280946,0.509892342097,-0.124069825529,-1.41537201687,0.0758546337809,1.91603258254,0.151368355624,-0.0085197284231,-0.0825074349487,-0.000397078109234,-0.140042246057,-0.00668170054219,0.0543625912348,-0.0130116103649,0.573864811522,0.818935535043,0.00212472155844,0.0,0.818894399553,-0.573805262377,-0.0118418812034,0.0,-0.00847872414959,0.00853572584882,-0.999927623691,0.0,0.654635354412,0.251845909266,0.303458400676,1.0,-0.01684,-0.0221325714286,0.843
0.459824819848,0.508463486664,-0.1240733209,-1.417605617,0.0757089040702,1.9168188531,0.151055501536,-0.0112552441822,-0.0855236400285,0.00206328832082,-0.137322584359,-0.00671775413458,0.0489943815157,-0.0235132661222,0.573846686277,0.818948287751,0.0021046472304,0.0,0.8189068896,-0.573787217919,-0.0118524942387,0.0,-0.00849912381776,0.00852518879643,-0.9999275404,0.0,0.654353873444,0.251500243084,0.303463294556,1.0,-0.01716,-0.0225531428571,0.859
0.459607960912,0.506938172635,-0.124076603379,-1.42001050419,0.0755581683594,1.91768507404,0.150711647038,-0.0131109005064,-0.0910488866623,0.00107484893327,-0.145671381424,-0.0016947917853,0.0492496664824,-0.0226734144212,0.573828707811,0.818960920032,0.0020910414687,0.0,0.818919310031,-0.573769261365,-0.0118636112658,0.0,-0.00851622264181,0.0085202390004,-0.999927437107,0.0,0.654054862208,0.25112565744,0.303460598645,1.0,-0.0175,-0.023,0.876
0.459384465949,0.505335941714,-0.124087958653,-1.42246414457,0.0753997761346,1.91861899222,0.150377767865,-0.0145553261807,-0.0976629987201,0.000272583141276,-0.144670894555,-0.0109992352391,0.051896750616,-0.017942235805,0.573830323279,0.81895962663,0.00215335482312,0.0,0.818918947956,-0.573770750427,-0.0118164941393,0.0,-0.00844186214757,0.00854425022158,-0.999927862774,0.0,0.653762616114,0.250740624596,0.303493969066,1.0,-0.01784,-0.0234468571429,0.893
0.459174475434,0.503780369533,-0.124092161269,-1.4247883659,0.0752528857535,1.91951112922,0.150049402141,-0.0141409898077,-0.0998847706476,0.000937131657631,-0.147199279035,-0.0172395685269,0.0521395853933,-0.019888060774,0.573816306652,0.818969173885,0.00225507148692,0.0,0.818929885287,-0.573756412102,-0.0117545504669,0.0,-0.00833291319427,0.00859186358934,-0.999928368653,0.0,0.653485232897,0.250382429053,0.303551858932,1.0,-0.01816,-0.0238674285714,0.909
0.458942339626,0.502109333283,-0.124092612511,-1.42727390686,0.0750927441927,1.9204399759,0.149700668185,-0.00921147200118,-0.100507844139,0.00174191922771,-0.148401377821,-0.0114607749676,0.0587497715056,-0.01634498021,0.573805096529,0.818976763071,0.00234939314617,0.0,0.818938744682,-0.57374489803,-0.0116992027566,0.0,-0.00823358139497,0.00863723753453,-0.999928800598,0.0,0.653183847421,0.249994824114,0.303616043545,1.0,-0.0185,-0.0243142857143,0.926
0.458695222954,0.500293864114,-0.124096459622,-1.4300031976,0.0749207835072,1.92140803285,0.149320468041,-0.0144448560506,-0.10414295758,0.00588708243964,-0.151023309587,-0.009092379502,0.0571579925585,-0.0222677777317,0.573791326387,0.81898627695,0.00239558565003,0.0,0.818948812667,-0.573730912968,-0.0116802670136,0.0,-0.00819171456904,0.0086640647361,-0.999928912371,0.0,0.652839364609,0.249569378198,0.303667850875,1.0,-0.01886,-0.0247874285714,0.944
0.458462564665,0.498705425435,-0.124095432027,-1.43248410077,0.0747625929033,1.92231779663,0.148975297663,-0.0140405761779,-0.0987423017221,0.00161547438513,-0.155160286578,-0.00879690217898,0.0681018996641,-0.0192262530789,0.573781800606,0.818992916064,0.00240741180365,0.0,0.818955591016,-0.573721330439,-0.0116756945642,0.0,-0.00818128515038,0.00867103135106,-0.999928937369,0.0,0.652530530692,0.249181040544,0.30367374418,1.0,-0.01918,-0.025208,0.96
0.458208340602,0.497033650827,-0.124095802161,-1.43513016972,0.0746023653842,1.92328710936,0.148578394881,-0.0193203088857,-0.102884883141,0.000699944297509,-0.158748190396,-0.014261714605,0.0545448483042,-0.0239167424439,0.573756099299,0.819010930684,0.00240433757054,0.0,0.81897347534,-0.573695547706,-0.0116881192761,0.0,-0.00819349743707,0.00867538544807,-0.999928799609,0.0,0.652200549059,0.248763138312,0.303663789107,1.0,-0.01952,-0.0256548571429,0.977
0.457945636495,0.495357481338,-0.124098054975,-1.43782605221,0.0744299122289,1.92421391326,0.14817851303,-0.0186834530015,-0.0949588320504,-0.000238959686896,-0.162488539205,-0.00693453849674,0.0468125960757,-0.0200720328748,0.573734447446,0.819026332727,0.00232314767328,0.0,0.81898772537,-0.573674095578,-0.0117424297777,0.0,-0.00828478906565,0.00863983223237,-0.999928355218,0.0,0.65185203975,0.248328180609,0.303628947597,1.0,-0.01986,-0.0261017142857,0.994
0.457711794763,0.493981363809,-0.12409886709,-1.44010220169,0.0742879084721,1.92502394606,0.147874467961,-0.0119178132763,-0.0972622769351,0.000976842809823,-0.16624819462,-0.0109243007701,0.0607466926093,-0.021002472568,0.573753618008,0.819013122825,0.00224440728453,0.0,0.818973407037,-0.573693474912,-0.0117941642465,0.0,-0.008372134666,0.00860521996556,-0.999927926178,0.0,0.651563826029,0.24795572947,0.30357427596,1.0,-0.02088,-0.0274422857143,1.008
0.457388476027,0.491892363689,-0.124124461022,-1.44341399463,0.0740785939332,1.92626559438,0.147399763248,-0.0179367525917,-0.109646971693,-2.89992853701e-05,-0.178210469427,-0.00735532501054,0.0720569474768,-0.0249415537439,0.573757576647,0.81901033423,0.00225001455419,0.0,0.818970800129,-0.57369752342,-0.0117782451712,0.0,-0.00835583761268,0.00860071921683,-0.999928101219,0.0,0.651159183412,0.247415562779,0.303560366197,1.0,-0.0233228571429,-0.0306528979592,1.027
0.457046277653,0.489733055165,-0.124132039099,-1.44691734669,0.0738682101279,1.92749106714,0.146899482883,-0.0233025968361,-0.125292783515,7.64324956613e-05,-0.202814756966,-0.0116044637894,0.0720375162877,-0.0227796952095,0.573751241199,0.819015036641,0.0021517154856,0.0,0.818974012805,-0.573691357103,-0.0118549583194,0.0,-0.00847513171789,0.00856416100243,-0.99992741101,0.0,0.650705160759,0.246851001151,0.303501329948,1.0,-0.0256371428571,-0.0336945306122,1.045
0.456700264139,0.487578907316,-0.124156132656,-1.45028565005,0.0736617841488,1.92873596917,0.14640370564,-0.025316408234,-0.14186722965,-0.000758280400887,-0.217289375125,-0.0108268951023,0.0841579804244,-0.0290314400026,0.573757384656,0.819010675585,0.00217341490374,0.0,0.818969950433,-0.57369743029,-0.0118416919095,0.0,-0.00845175226809,0.00857438475938,-0.999927521278,0.0,0.650290201235,0.246292252387,0.303503927105,1.0,-0.0276942857143,-0.0363982040816,1.061
0.456300438695,0.485110896312,-0.124175972989,-1.45405747777,0.0734296461475,1.93018196148,0.145847910138,-0.0249629098575,-0.147458164465,-0.00701563309813,-0.223026465102,-0.0162870345369,0.0832530957605,-0.0313651228078,0.573767714037,0.819003122847,0.00228954094158,0.0,0.818963985876,-0.573707388293,-0.0117715486156,0.0,-0.00832756885443,0.00862935225695,-0.999928090353,0.0,0.649836522881,0.24566697471,0.303548443075,1.0,-0.02988,-0.0392708571429,1.078
0.455857955544,0.482456315076,-0.124211367882,-1.45816825808,0.0731722238037,1.93158167741,0.145210639026,-0.0257253123583,-0.15791807799,-0.00144537571233,-0.245479127223,-0.0129019716905,0.0880605730801,-0.0496439401953,0.573765081332,0.819005107094,0.00223895041329,0.0,0.818965222662,-0.57370485756,-0.0118087841472,0.0,-0.00838711927522,0.00860925627525,-0.999927765859,0.0,0.649307885557,0.244960725029,0.303556113328,1.0,-0.0320657142857,-0.0421435102041,1.095
0.455451723172,0.479972915106,-0.124245210566,-1.46207296094,0.0729277565107,1.93299205346,0.144637002689,-0.0294447632252,-0.169899382858,-0.000158180745093,-0.258866652147,-0.0215108725748,0.0940114332096,-0.0371732145687,0.573776709038,0.818997006508,0.00222225060536,0.0,0.818956927786,-0.573716572145,-0.0118149133842,0.0,-0.00840159845087,0.00859921520924,-0.999927730709,0.0,0.648814750676,0.244304044604,0.303542611813,1.0,-0.0339942857143,-0.0446782040816,1.11
0.454923712817,0.476778702472,-0.124269401962,-1.46691765632,0.0726410488129,1.93477364444,0.143940672773,-0.0316589202203,-0.180612246031,-0.00344399367881,-0.270664801128,-0.0192609931998,0.0987343053258,-0.0364527247614,0.573813864896,0.818970648817,0.00233917307506,0.0,0.818931962624,-0.573753143214,-0.0117693732138,0.0,-0.0082968230523,0.00866922003784,-0.999928001084,0.0,0.648209505256,0.243490810491,0.303603985815,1.0,-0.0363085714286,-0.0477198367347,1.128
0.454384182815,0.473595277333,-0.124292090505,-1.47181197615,0.0723399943164,1.9365545306,0.143240390769,-0.0340708673495,-0.192760146237,-0.00267813373836,-0.29034506556,-0.017343916057,0.0964701519918,-0.0376854664163,0.573839711634,0.818952343325,0.00240657755141,0.0,0.818914424232,-0.573778619943,-0.011747679877,0.0,-0.00824010586522,0.00871223404035,-0.999928096232,0.0,0.647552497069,0.242619147429,0.303636459214,1.0,-0.0386228571429,-0.0507614693878,1.146
0.453861243759,0.470442213044,-0.124291419591,-1.47666603016,0.0720292170815,1.93824084109,0.14250653303,-0.0331038300587,-0.199686573347,-0.00010078597334,-0.302380263995,-0.0196616900318,0.1072088729,-0.0455864859723,0.573826145249,0.818961901777,0.00238859121409,0.0,0.818923569576,-0.573764933266,-0.0117786012773,0.0,-0.00827589516044,0.0087151108036,-0.999927775593,0.0,0.646948874529,0.241857582676,0.303646676266,1.0,-0.0405514285714,-0.0532961632653,1.161
0.453246910049,0.4666832921,-0.124291861338,-1.48229211049,0.0716684242228,1.94040776202,0.141587635901,-0.0308500823826,-0.212433349178,-0.00224768695864,-0.318658553988,-0.021358993709,0.115785441678,-0.0506066904757,0.573745877431,0.819017368829,0.00263905066405,0.0,0.818982397858,-0.573683888511,-0.0116350746439,0.0,-0.0080155016973,0.00883708229267,-0.999928826322,0.0,0.646247591752,0.240933441649,0.303751057337,1.0,-0.0428657142857,-0.0563377959184,1.179
0.452616059649,0.46298364387,-0.124293090576,-1.48802256779,0.0712920879492,1.94236424038,0.140731345224,-0.0363887983325,-0.228203321595,-0.000197238828297,-0.34524211057,-0.017484950503,0.120039501925,-0.0536578399084,0.573727660142,0.819030333379,0.00257524637843,0.0,0.81899430669,-0.573665648278,-0.0116960034513,0.0,-0.00810220721533,0.00881960262005,-0.999928281852,0.0,0.645475700232,0.239970044622,0.303743721409,1.0,-0.0450514285714,-0.0592104489796,1.196
0.451985566638,0.459382457538,-0.124299601348,-1.49361682245,0.0708997249158,1.94430878682,0.139911146468,-0.0370949048679,-0.22852298232,0.00200445952364,-0.354230593069,-0.0327727897537,0.120708510765,-0.0499435256926,0.573728908527,0.819029640893,0.00251669627523,0.0,0.818992901854,-0.573667159187,-0.0117202425248,0.0,-0.00815563704484,0.00878556748638,-0.999928147113,0.0,0.644729139821,0.23901610403,0.303729378861,1.0,-0.0471085714286,-0.061914122449,1.212
0.451262261117,0.455469533427,-0.124315227754,-1.49981152929,0.0704941613337,1.94651881413,0.138934049837,-0.0435001681342,-0.230230369733,1.45313175939e-05,-0.371221616985,-0.0233059683148,0.127551397507,-0.0662581146273,0.573707174731,0.819045074598,0.0024475170761,0.0,0.819007330359,-0.573645568689,-0.0117686551132,0.0,-0.00823521023341,0.00875646489096,-0.999927750207,0.0,0.643911749508,0.237946913583,0.3036640797,1.0,-0.0492942857143,-0.0647867755102,1.229
0.450505890365,0.451270916953,-0.124376376263,-1.50616467527,0.0700529968028,1.94881965629,0.137911499574,-0.0465844975097,-0.251072576116,-0.00627833699636,-0.370950241426,-0.0259054594496,0.149847538369,-0.0590553693589,0.573702369057,0.819048149029,0.00254326784626,0.0,0.819012029042,-0.573640823774,-0.0116725527022,0.0,-0.00810161640401,0.00877970713393,-0.999928637731,0.0,0.643092697442,0.236816267686,0.303724247816,1.0,-0.05148,-0.0676594285714,1.246
0.449761790344,0.447177394097,-0.124422727401,-1.5123845881,0.0696407473598,1.95100805591,0.136994558826,-0.0482204596967,-0.256286625255,-0.00101220803218,-0.394962431814,-0.0249958699124,0.131191249471,-0.0584880930698,0.573762356616,0.819005998656,0.00258441433299,0.0,0.818970452528,-0.573700702235,-0.0116468469033,0.0,-0.00805631227049,0.00879925071503,-0.999928831977,0.0,0.642267323832,0.235714984754,0.303761521537,1.0,-0.0535371428571,-0.0703631020408,1.262
0.4489277568,0.442696022308,-0.124440799885,-1.51931723278,0.069163481371,1.95333833899,0.135923608705,-0.0538009411377,-0.266911724461,6.96946943844e-05,-0.411974639879,-0.0278332691362,0.139827282052,-0.0691458906171,0.573758742967,0.819008879582,0.00247122146182,0.0,0.818971708106,-0.573697325265,-0.0117246410298,0.0,-0.00818500955731,0.00875114424732,-0.999928208969,0.0,0.641309811851,0.234495180737,0.303732679466,1.0,-0.0557228571429,-0.073235755102,1.279
0.448005646535,0.437848408638,-0.12444841175,-1.52685538551,0.0686593226277,1.95597587765,0.134698872089,-0.0541170926269,-0.267209704393,-0.000742773175737,-0.421721454146,-0.0262490543052,0.154561267207,-0.0638696763289,0.573710167159,0.819043056642,0.00242123233725,0.0,0.819005022096,-0.573648713436,-0.0117760033781,0.0,-0.00825627594549,0.00873918256671,-0.999927727686,0.0,0.640279307792,0.233176673361,0.303687539473,1.0,-0.0580371428571,-0.0762773877551,1.297
0.447122756683,0.433285125484,-0.124470358674,-1.53361556861,0.0681959417735,1.95846209745,0.13360549534,-0.0528100236178,-0.290770476534,-0.00236504688958,-0.422977614948,-0.0307684971061,0.165723572339,-0.0771797247944,0.57372077228,0.819034913089,0.00265207417561,0.0,0.819000091453,-0.573658719948,-0.0116305687238,0.0,-0.00800461048061,0.0088449181547,-0.999928844285,0.0,0.639393337153,0.231959898488,0.303799399557,1.0,-0.0600942857143,-0.0789810612245,1.313
0.446141999731,0.428415036413,-0.124512148335,-1.54119202458,0.0676275781891,1.96103195598,0.132401916663,-0.0564217502349,-0.298059997952,-0.000827196029178,-0.454340045514,-0.0361291871264,0.150206327929,-0.0654573027907,0.573735674705,0.819024965768,0.00249558028607,0.0,0.818988384828,-0.57367446582,-0.0116781712345,0.0,-0.00813321969776,0.00874420307326,-0.999928692283,0.0,0.638344577731,0.230569461865,0.30373539914,1.0,-0.06228,-0.0818537142857,1.33
0.445116594697,0.423305008755,-0.124572180606,-1.54899245359,0.0670628353356,1.96361631717,0.131103339877,-0.0572838084004,-0.302824410473,-0.00220003890672,-0.467762839926,-0.0371668728867,0.149830515515,-0.0740089830109,0.573728995378,0.819029991199,0.00237913423625,0.0,0.818991981772,-0.573668300124,-0.0117286882004,0.0,-0.00824147217433,0.00867774743488,-0.999928384854,0.0,0.637250297526,0.229120826872,0.303723421475,1.0,-0.0644657142857,-0.0847263673469,1.347
0.44410613711,0.418372742421,-0.12460970075,-1.55645470768,0.0665464506836,1.96620887057,0.129925704329,-0.0638834227526,-0.310121568921,-0.00041013321349,-0.467692856936,-0.0305134992848,0.174142517115,-0.0754833989155,0.573788775502,0.818987995426,0.00241895786899,0.0,0.818950495827,-0.573727918486,-0.0117093055364,0.0,-0.0082021149221,0.00869984233081,-0.999928516472,0.0,0.636219771466,0.227742113154,0.303745418428,1.0,-0.0665228571429,-0.0874300408163,1.363
0.442985991297,0.413003162488,-0.124627327128,-1.56445246856,0.0660040385964,1.96914797214,0.128562776725,-0.068181739464,-0.317096065739,-0.00133896409392,-0.474017179896,-0.0437478027244,0.167303439119,-0.0837936592859,0.573783477241,0.818990914017,0.00267411746905,0.0,0.818956797634,-0.573721807093,-0.0115671334769,0.0,-0.0079393305688,0.00882718669774,-0.999929521419,0.0,0.635141669018,0.226269570859,0.303831695868,1.0,-0.0687085714286,-0.0903026938775,1.38
0.441825173024,0.407514858608,-0.124662746191,-1.57287305465,0.0653988756611,1.97187047313,0.127168707275,-0.0651445247509,-0.332032212243,-0.00142068950143,-0.507979960033,-0.033629621323,0.15967853962,-0.0801769336252,0.573790516632,0.818986584043,0.0024829583628,0.0,0.818949737804,-0.573729237347,-0.0116976948539,0.0,-0.00815586636742,0.00874561285395,-0.999928495493,0.0,0.633915637573,0.224693789668,0.303772439741,1.0,-0.0708942857143,-0.0931753469388,1.397
