position_joint1,position_joint2,position_joint3,position_joint4,position_joint5,position_joint6,position_joint7,velocity_joint1,velocity_joint2,velocity_joint3,velocity_joint4,velocity_joint5,velocity_joint6,velocity_joint7,ee_T_00,ee_T_10,ee_T_20,ee_T_30,ee_T_01,ee_T_11,ee_T_21,ee_T_31,ee_T_02,ee_T_12,ee_T_22,ee_T_32,ee_T_03,ee_T_13,ee_T_23,ee_T_33,v_x,v_y,time
0.465082926959,0.547847032468,-0.123981100915,-1.35583842069,0.0794898644137,1.89409314601,0.159180999913,-0.0013773628373,-0.000792149514337,-0.000946348581594,0.00195272007772,2.23528160253e-05,4.03487158235e-05,0.00104849653949,0.573808528986,0.818975589036,0.00187177126173,0.0,0.81893145789,-0.573750317704,-0.0119409846315,0.0,-0.0087056131762,0.00838485262866,-0.999926950605,0.0,0.661669056997,0.260897212211,0.303164246877,1.0,0.0,0.0,0.0
0.465085382141,0.547845943969,-0.123981715941,-1.35584792714,0.0794897198016,1.89409632492,0.159175146943,0.000775804505409,-0.00134055146418,-0.00040443546293,-0.00113880787373,9.59225525536e-05,0.00945916336463,0.00598878500558,0.573802655124,0.818979714647,0.00186731614876,0.0,0.818935523292,-0.573744461348,-0.0119435615772,0.0,-0.00871034005549,0.00838262026351,-0.999926928157,0.0,0.661667048102,0.26089755782,0.303160789794,1.0,-0.00022,-0.000289142857143,0.012
0.465081536464,0.547839659692,-0.123981992152,-1.3558508194,0.0794886906636,1.89409080633,0.159178896093,-0.00092564872592,-0.00117585269141,-0.00442530507307,-0.000785093309348,-7.08417055474e-05,-0.000486232818964,0.00549853231438,0.573808903379,0.818975341453,0.00186531405702,0.0,0.818931125296,-0.573750718563,-0.011944533114,0.0,-0.00871222054221,0.00838160455912,-0.999926920289,0.0,0.661666575251,0.260894050725,0.303163393089,1.0,-0.00058,-0.000762285714286,0.03
0.465078660386,0.547814881515,-0.123981767418,-1.35587167957,0.0794901028078,1.89409805736,0.159180285921,5.66152024147e-06,-0.00126719295321,-0.000754923302608,-0.00237908174531,0.000380889094497,-0.000263221079754,0.0016720223882,0.573813760734,0.818971912283,0.00187664167385,0.0,0.818927818067,-0.573755502641,-0.0119414775551,0.0,-0.00870316878488,0.00838917973357,-0.999926935589,0.0,0.661664516294,0.260890851169,0.303171642872,1.0,-0.00092,-0.00120914285714,0.047
0.465083880186,0.547726315189,-0.123977256021,-1.35597714827,0.0794850883188,1.89411868719,0.159177475674,0.000496375316575,-0.00744856094282,0.000108187401454,-0.00806560934538,-0.000123153984966,0.000245722301401,0.00164634426234,0.573808448018,0.818975620353,0.00188285716841,0.0,0.818931546986,-0.573750106281,-0.0119450322343,0.0,-0.00870256823513,0.00839625319546,-0.999926881446,0.0,0.66164467825,0.260886149212,0.303185819688,1.0,-0.00124,-0.00162971428571,0.063
0.465074779296,0.547600006285,-0.123977203366,-1.35615870175,0.0794826876905,1.89415363004,0.159172742958,-0.000690823443862,-0.00304063308277,-2.59440873503e-05,-0.0101245565472,0.000212695588665,0.00598892416207,0.000468033174961,0.57382127957,0.818966655662,0.00187161115318,0.0,0.818922313436,-0.573762866172,-0.0119651518724,0.0,-0.0087253674242,0.00839872459457,-0.999926662005,0.0,0.661615854484,0.260862246005,0.303191914553,1.0,-0.00158,-0.00207657142857,0.08
0.465054301327,0.547438912478,-0.123980035439,-1.35637709183,0.0794788600072,1.89425201285,0.159163606717,-0.00200172085988,-0.00951115973169,0.000152403748268,-0.0148003930508,8.97955069924e-05,0.00348027278461,-0.00292023927242,0.573843853984,0.818950748053,0.00191060455289,0.0,0.818906867955,-0.573785227853,-0.0119499294977,0.0,-0.0086902943477,0.00842216294085,-0.999926770296,0.0,0.66159586879,0.26082932036,0.303210714933,1.0,-0.00192,-0.00252342857143,0.097
0.465038917607,0.547258002017,-0.123974679254,-1.35657511757,0.0794775532612,1.89436758638,0.15915165159,0.000641400635807,-0.0135263538099,0.000533550392896,-0.0081624633159,3.66291004864e-05,0.0107616772695,6.99483413102e-05,0.573853864834,0.818943516972,0.00200118114007,0.0,0.818900753029,-0.573794797054,-0.0119094274764,0.0,-0.00860504677032,0.00847320286325,-0.999927076343,0.0,0.661581155602,0.260808769244,0.303254464546,1.0,-0.00224,-0.002944,0.113
0.465013459028,0.547054656648,-0.123974682176,-1.35684055642,0.0794707516105,1.89449246319,0.159137097535,-0.00148018944786,-0.00924467775562,0.00618145533101,-0.0217722870071,-0.000273533327999,0.0105843644709,0.00045887302564,0.573875981062,0.81892787527,0.00205921495523,0.0,0.818885822417,-0.573816628883,-0.0118841559732,0.0,-0.00855081944657,0.00850645737606,-0.999927259189,0.0,0.661557579478,0.260770476366,0.303282987735,1.0,-0.00258,-0.00339085714286,0.13
0.464973998231,0.546809810984,-0.123977147526,-1.35721309889,0.079466391694,1.89463033896,0.159101210721,-0.00452229287077,-0.0160776886508,-0.00155269323952,-0.0233260108832,-5.44665204673e-05,0.00749886559698,-0.00339329595837,0.573903910031,0.818908270932,0.00207189584373,0.0,0.818866280572,-0.573844400711,-0.0118897105177,0.0,-0.00854780102477,0.00852032104109,-0.999927166961,0.0,0.661521581952,0.260707989651,0.303289074716,1.0,-0.00292,-0.00383771428571,0.147
0.464937106538,0.546567859107,-0.123980451196,-1.35757451102,0.0794518412094,1.89477182702,0.158969103923,-0.00368076645026,-0.0229751861639,-0.000510428777736,-0.0209835430815,-0.00418585740887,0.0133830507459,-0.0123558146483,0.573841056966,0.818952244458,0.00209989013534,0.0,0.81891052208,-0.573781345549,-0.0118857573635,0.0,-0.00852915409518,0.008540322123,-0.999927155561,0.0,0.661480043884,0.260651807556,0.303302832213,1.0,-0.00324,-0.00425828571429,0.163
0.464894480118,0.546261846937,-0.123974609036,-1.35807768992,0.0794389609654,1.89494054497,0.158934949345,0.000155861438657,-0.0195003689512,0.000950211663594,-0.0267751073144,-0.00183006627564,0.00570866123197,-0.000876543013901,0.573868550131,0.818933013732,0.00208640648383,0.0,0.818890901693,-0.573808676144,-0.0119181042025,0.0,-0.00856309571626,0.00854812904381,-0.999926798762,0.0,0.661416757626,0.260580646648,0.303294472256,1.0,-0.0036,-0.00473142857143,0.181
0.464841934675,0.54594538722,-0.123975436245,-1.3586172344,0.0794053052443,1.89512439075,0.158887384251,-0.000146775897206,-0.0214654712567,0.00153358677055,-0.0298156700124,-5.51022200582e-05,0.00750959402532,-0.00787641580332,0.573894380934,0.81891500037,0.00205148795833,0.0,0.81887242043,-0.573834634495,-0.0119380992654,0.0,-0.0085992392836,0.00853127925093,-0.999926632488,0.0,0.661353645535,0.260492547045,0.303277677236,1.0,-0.00394,-0.00517828571429,0.198
0.464792620712,0.545633141558,-0.123980351657,-1.35915149691,0.0793083673319,1.89530574719,0.1588034487,-0.0087334495689,-0.0218865107629,0.00101649696579,-0.0374847870894,-0.0100550775845,0.0119305686263,-0.0115025563068,0.573873494642,0.818929830918,0.00197258219056,0.0,0.818886793267,-0.573814639698,-0.0119132691345,0.0,-0.00862440098547,0.00845219362622,-0.999927087407,0.0,0.661291021247,0.260387606675,0.303253538465,1.0,-0.00426,-0.00559885714286,0.214
0.464726996267,0.545229073386,-0.123983423375,-1.35987721812,0.0792922897242,1.89554124946,0.158714640473,-0.000721093707729,-0.0203065803176,0.00120793211283,-0.0429752029876,-2.99601634605e-05,0.0137405464316,-0.0036861133001,0.573892785374,0.818916437068,0.00192012911076,0.0,0.818872434884,-0.57383387411,-0.0119736047983,0.0,-0.00870371422732,0.00844406878337,-0.999926468827,0.0,0.661204255281,0.260281730965,0.303221356865,1.0,-0.0046,-0.00604571428571,0.231
0.464660449917,0.544799241008,-0.123982888287,-1.36058298643,0.0792703343799,1.89577718944,0.158624838903,-0.0018016391507,-0.0251499841978,-0.00251050309721,-0.0389823590163,-0.00406584513974,0.0129829871471,-0.00652896926467,0.573915603732,0.81890050372,0.00189517871188,0.0,0.818855985438,-0.573856611769,-0.0120087943957,0.0,-0.00874661534484,0.00844407549201,-0.999926094424,0.0,0.661115833447,0.260161658585,0.303210206137,1.0,-0.00496,-0.00651885714286,0.249
0.464591837266,0.54437497814,-0.123989480034,-1.36129291487,0.0792431110736,1.8960456002,0.158540569247,-0.00324589176316,-0.0261533059089,0.00327434235075,-0.0406447668537,0.000327061315028,0.014579747106,-0.0114019250256,0.573931005513,0.818889724839,0.00188848220773,0.0,0.818844963301,-0.573871890199,-0.0120302376093,0.0,-0.00876785991994,0.00845106322091,-0.999925849332,0.0,0.661041093924,0.260058294836,0.303195971217,1.0,-0.00526,-0.00691314285714,0.264
0.464520142113,0.543843879854,-0.123989816792,-1.36216697928,0.0792016892621,1.89634422233,0.158433537082,-0.00465253332475,-0.0281165142319,0.000961459795259,-0.0496316521882,-0.00243357080278,0.00729652520471,-0.00734575047114,0.573939852782,0.81888359678,0.00185666754718,0.0,0.818838270371,-0.573880731492,-0.0120639918646,0.0,-0.00881366900995,0.00844447874011,-0.999925502234,0.0,0.660934512328,0.259927485303,0.303181645608,1.0,-0.00562,-0.00738628571429,0.282
0.464441192601,0.543301414307,-0.123992302646,-1.36301561765,0.0791506082658,1.89663457121,0.158325990988,-0.000629632614071,-0.0321849584289,0.000844557999413,-0.0502531980492,-0.00553285335057,0.0196378736525,-0.00719364816698,0.573951642616,0.818875363719,0.00184323995101,0.0,0.818829832288,-0.573892550594,-0.0120744784368,0.0,-0.00882984124659,0.00843962908147,-0.9999254005,0.0,0.660835229176,0.259791692801,0.303186729814,1.0,-0.00596,-0.00783314285714,0.299
0.464372405767,0.542769950898,-0.124000636076,-1.36385874547,0.0790980031741,1.89694807484,0.158207945737,-0.00519215575635,-0.0347618703521,-0.00222270585495,-0.0541550605904,-3.01723685963e-05,0.0228551003595,-0.0115948053534,0.573950039031,0.818876492096,0.00184127418681,0.0,0.818830986395,-0.573891005006,-0.0120696724727,0.0,-0.00882705030968,0.00843524374997,-0.999925462145,0.0,0.660740205299,0.259661068446,0.303188791071,1.0,-0.00628,-0.00825371428571,0.315
0.464298094133,0.542171218877,-0.123993786279,-1.36477931154,0.0790522386961,1.89728571835,0.158095817949,-0.0030678315,-0.0374066159359,0.000976497934807,-0.0576061383976,0.000671137331423,0.0209102311591,-0.0112776966766,0.573953185513,0.818874240393,0.00186176277472,0.0,0.818828864052,-0.573893928521,-0.0120746471442,0.0,-0.00881933295496,0.00845491007354,-0.999925364146,0.0,0.660631361559,0.259530038185,0.303203109095,1.0,-0.00662,-0.00870057142857,0.332
0.464224571316,0.541561241564,-0.124002398178,-1.36568662544,0.0789863487464,1.8976245968,0.157964555406,0.000780594259861,-0.0385420216546,-0.000506070292148,-0.0598300235239,-0.00173808680623,0.0240127178924,-0.0142853013818,0.573944686708,0.818880133914,0.00188938657987,0.0,0.818835263843,-0.573885449784,-0.0120435922407,0.0,-0.00877813596596,0.00845961500784,-0.99992568686,0.0,0.660530439053,0.259389127797,0.303232178087,1.0,-0.00694,-0.00912114285714,0.348
0.46413714995,0.540890942939,-0.12400202867,-1.36672140212,0.0789298335897,1.89801389313,0.157844810128,-0.00465658076878,-0.0361016135479,-0.00124506449454,-0.0626031803824,-0.000300369298479,0.0180410107353,-0.00728495447672,0.573960279804,0.818869149183,0.00191327596176,0.0,0.81882453523,-0.573900883435,-0.0120375827869,0.0,-0.00875934305471,0.00847589487193,-0.999925713798,0.0,0.660412599901,0.259234844132,0.303247245219,1.0,-0.00728,-0.009568,0.365
0.46403778723,0.540089041378,-0.124002853905,-1.36796253592,0.0788583198193,1.89846997876,0.157675470093,-0.00408839345568,-0.0403472228818,-6.08928382577e-05,-0.0644535436914,-0.000101994591999,0.024515766417,-0.0101514331137,0.573953147296,0.818874110877,0.00192928605792,0.0,0.818829661132,-0.573893639206,-0.0120342772882,0.0,-0.00874752153445,0.00848703137567,-0.999925722824,0.0,0.660267868602,0.259051330576,0.303262815882,1.0,-0.00766,-0.0100674285714,0.384
0.463942673905,0.539376315867,-0.124005224912,-1.36904109823,0.0787947775321,1.89887675853,0.157547668755,-0.00505655921088,-0.0473904729814,0.000267230677892,-0.0661594119752,-0.00216837771551,0.0230025374489,-0.00698639419293,0.573970721728,0.818861709572,0.00196420366768,0.0,0.818817717455,-0.573911063262,-0.0120159872236,0.0,-0.00871232136389,0.00850531337641,-0.999925874803,0.0,0.660147108657,0.258885811324,0.303288389978,1.0,-0.00798,-0.010488,0.4
0.463835412105,0.538665165234,-0.124005823969,-1.37015778585,0.0787312454431,1.89931449698,0.157406283587,-0.00548504984679,-0.0448448015439,0.000793505101266,-0.0726065393447,-0.00243090664797,0.0298295033626,-0.0108462421224,0.573988068804,0.818849482836,0.0019920419738,0.0,0.818805845263,-0.573928281055,-0.0120026192567,0.0,-0.00868521656253,0.00852061990824,-0.999925980285,0.0,0.660026186507,0.258710861184,0.303297231562,1.0,-0.0083,-0.0109085714286,0.416
0.463721099976,0.537832247933,-0.124013876186,-1.37145520588,0.0786585031543,1.89980851985,0.157247832047,-0.00181823627546,-0.0472038943175,-0.001001289641,-0.072254828171,-0.0017303781698,0.0259748088776,-0.00319125507057,0.57400977799,0.818834203318,0.00201721326577,0.0,0.818790891199,-0.57394987817,-0.0119900266687,0.0,-0.00866023136323,0.00853423270426,-0.9999260809,0.0,0.659881641987,0.258509422637,0.303311048153,1.0,-0.00866,-0.0113817142857,0.434
0.463611017643,0.537056031249,-0.124014359943,-1.3726750397,0.0785907803547,1.90026187262,0.15710259859,-0.0058269838905,-0.0474528530073,-0.000913260030313,-0.0800103758795,-0.00657555229824,0.0226305179809,-0.00588521556509,0.574030417125,0.818819708363,0.00202788361514,0.0,0.818776473862,-0.573970409028,-0.0119917601847,0.0,-0.00865531103068,0.00854418299867,-0.999926038529,0.0,0.659742080097,0.258321700908,0.303317836517,1.0,-0.00898,-0.0118022857143,0.45
0.463510568022,0.536312767071,-0.124017677615,-1.37382738735,0.0785218386199,1.90069818382,0.15694672975,-0.00590769470644,-0.0488088958521,0.00360793708804,-0.0767527604933,-0.00803748658314,0.0254801541635,-0.0113694176661,0.574038917419,0.818813706288,0.00204513696253,0.0,0.818770723565,-0.573978862215,-0.0119797689093,0.0,-0.00863549985436,0.00855151648939,-0.999926147127,0.0,0.659603162588,0.258129058294,0.303330595274,1.0,-0.0093,-0.0122228571429,0.466
0.463381993078,0.535364444352,-0.124024762324,-1.37532498202,0.0784257482817,1.90123689346,0.156769771059,-0.00526389109126,-0.0547282344986,-0.000120098268391,-0.0854463816108,-0.00764035459653,0.0320507643319,-0.00439742945346,0.574054087388,0.818803093971,0.00203591690407,0.0,0.818760023335,-0.573994100933,-0.0119809508285,0.0,-0.00864160169177,0.00854480567977,-0.999926151781,0.0,0.659436692408,0.257911711589,0.303335310687,1.0,-0.00964,-0.0126697142857,0.483
0.463246088374,0.534425109263,-0.124029145445,-1.37687400705,0.0783468395275,1.90179847226,0.156581084941,-0.0125561648581,-0.052092692311,-5.04559599114e-05,-0.0947146752359,-0.00529732357824,0.0393870634254,-0.0121284720285,0.57407775059,0.818786590966,0.0020004084711,0.0,0.818742902658,-0.574017759079,-0.0120174252757,0.0,-0.00869160402613,0.00853692107044,-0.999925785745,0.0,0.659253783586,0.257673342199,0.303309597463,1.0,-0.01,-0.0131428571429,0.501
0.463141006971,0.533615575361,-0.124030764629,-1.37816906384,0.0782751368608,1.90227026466,0.156420468551,-0.00582047598676,-0.0556844910938,0.000562159349499,-0.0866764657577,-0.00659234263775,0.0406491615428,-0.0153872514383,0.574085050145,0.818781495285,0.00199125068504,0.0,0.818737605695,-0.574025016596,-0.0120316351411,0.0,-0.00870842016808,0.00853765805787,-0.999925633141,0.0,0.659099289784,0.257480442845,0.303305131046,1.0,-0.0103,-0.0135371428571,0.516
0.463000703753,0.532614424048,-0.124022999958,-1.37978367068,0.0781835063632,1.9028882646,0.156219772459,-0.00737778683979,-0.0564291860002,0.0028038281109,-0.0900053708039,-0.00868104789647,0.0366387166283,-0.0129083141661,0.574093952249,0.818775237253,0.0019979374006,0.0,0.818731346355,-0.574033802036,-0.0120384183621,0.0,-0.00871004294359,0.00854712171283,-0.999925538159,0.0,0.658912284593,0.257241072054,0.303295895026,1.0,-0.01066,-0.0140102857143,0.534
0.462869995835,0.531633720531,-0.12403044186,-1.38134812461,0.0780923823946,1.90345308336,0.156024006006,-0.00800761562466,-0.0575516445139,0.00118500698425,-0.0908039706543,-0.0100463715433,0.0297850371866,-0.0105160645829,0.57410670128,0.818766338059,0.00198144069037,0.0,0.818722192953,-0.574046582346,-0.0120515129727,0.0,-0.0087301019698,0.00854126827128,-0.999925413246,0.0,0.65872634607,0.25700138845,0.303291765363,1.0,-0.011,-0.0144571428571,0.551
0.462749321302,0.530736223934,-0.124031159667,-1.38280540291,0.0779998126668,1.90396512912,0.155829534042,-0.00563763567698,-0.0631598980668,0.000597946048376,-0.090940747203,-0.00688939245213,0.0346721880578,-0.0160821137081,0.574101068883,0.818770391265,0.00193803903584,0.0,0.818725656141,-0.574041116359,-0.012076572598,0.0,-0.0087755949369,0.00852005955574,-0.999925195962,0.0,0.658548249566,0.256780072102,0.30327500873,1.0,-0.0113,-0.0148514285714,0.566
0.462603001215,0.529634187007,-0.124031478503,-1.38453865505,0.0778933758231,1.90460537841,0.155600323043,-0.00803077529691,-0.0673847107069,0.000262048875439,-0.0963452435574,-0.00664710021638,0.0448743266625,-0.0102043215043,0.574098946483,0.818771864766,0.00194422638888,0.0,0.818727199094,-0.574038956188,-0.0120746487701,0.0,-0.00877048986212,0.00852399827722,-0.999925207183,0.0,0.658343497753,0.256518499253,0.303281877173,1.0,-0.01166,-0.0153245714286,0.584
0.462453435798,0.528418177633,-0.124035007262,-1.38641966772,0.0777744732263,1.90532200581,0.15534322347,-0.00946337902894,-0.0635105527578,0.00111724580752,-0.10153232772,-0.0070694818172,0.0380345674574,-0.0119965185383,0.57408344452,0.818782639501,0.0019836533215,0.0,0.818738557484,-0.574023352444,-0.0120462541108,0.0,-0.00872476838606,0.00853981293033,-0.999925472229,0.0,0.658124133679,0.256240073388,0.303305095547,1.0,-0.01204,-0.015824,0.603
0.462318910629,0.527373221765,-0.124031890743,-1.38806197432,0.077669490435,1.9059551655,0.155111473987,-0.00526342228857,-0.0648358767705,0.000950110017415,-0.106317986641,-0.0112846357672,0.0380522489461,-0.012218993033,0.574062345638,0.818797367295,0.00201035647658,0.0,0.818753680063,-0.574002187105,-0.012026948218,0.0,-0.0086938519067,0.00855036948946,-0.999925651296,0.0,0.657932816483,0.255998114377,0.30331377348,1.0,-0.01236,-0.0162445714286,0.619
0.46216692466,0.526193882835,-0.124037180457,-1.38988000613,0.0775578237149,1.9066316953,0.154874905442,-0.0110044162821,-0.0732480511148,-0.000471762565254,-0.110674387318,-0.00324447159259,0.034551852304,-0.00622080162785,0.574064840964,0.818795543805,0.00204027337428,0.0,0.81875226932,-0.574004577058,-0.012008909229,0.0,-0.00866188187544,0.00856453591578,-0.999925807511,0.0,0.657718736454,0.25572258583,0.303337132149,1.0,-0.0127,-0.0166914285714,0.636
0.462026708248,0.525081484225,-0.124045665998,-1.39160774874,0.0774431249552,1.90725072417,0.154628359928,-0.0114483575556,-0.0673933330879,-0.00184180790475,-0.103797914219,-0.00892111935634,0.0380302105779,-0.00999151187765,0.574045685664,0.818808982136,0.002036773452,0.0,0.818765737593,-0.573985513692,-0.0120018297008,0.0,-0.00865829420393,0.00855740363407,-0.999925899647,0.0,0.657509932549,0.25545844299,0.303351179078,1.0,-0.01302,-0.017112,0.652
0.461882397484,0.523984654303,-0.124048455102,-1.39339780779,0.0773278792299,1.90789575289,0.154391321366,-0.0099565760076,-0.0701506504118,0.000216619677053,-0.114622728244,-0.0114665619712,0.0441614321507,-0.00619333052025,0.574036748336,0.818815361796,0.00199041408468,0.0,0.818771524256,-0.573976786157,-0.0120244302236,0.0,-0.00870350427392,0.00853232347385,-0.999925721476,0.0,0.657290496948,0.255189022692,0.303326466819,1.0,-0.01334,-0.0175325714286,0.668
0.461713137003,0.522689595224,-0.124049972098,-1.39544950478,0.0772108668674,1.90867035865,0.154122233116,-0.00454291563137,-0.0722097924463,0.00107231082197,-0.117460317669,-0.0123946927306,0.0424113082907,-0.0133797211534,0.57403465128,0.818816789376,0.00200785109827,0.0,0.818773106227,-0.573974543079,-0.0120237813524,0.0,-0.00869298599334,0.00854620615721,-0.999925694417,0.0,0.657046147811,0.254883998032,0.303327462366,1.0,-0.0137,-0.0180057142857,0.686
0.461554294934,0.521518759701,-0.124056085338,-1.39730771082,0.0770907998004,1.90940126726,0.153856973953,-0.00927405573424,-0.0703911386519,-0.00176167316373,-0.124105378125,-0.0082248836027,0.0474634489678,-0.0197892576026,0.574019066061,0.818827643536,0.00203688042454,0.0,0.818784464824,-0.573958960665,-0.0119941042304,0.0,-0.00865218491323,0.00855277522433,-0.999925992128,0.0,0.65683328555,0.254601056803,0.303329249315,1.0,-0.01402,-0.0184262857143,0.702
0.461394107355,0.520311475148,-0.124055667618,-1.39922137909,0.0769728530994,1.9100996189,0.153611084005,-0.0136361993125,-0.0703769526752,0.000293138297833,-0.122456026315,-0.000860350677833,0.041114893951,-0.0118125080908,0.574018745384,0.818827888703,0.00202867726838,0.0,0.81878456829,-0.573958640379,-0.012002364972,0.0,-0.00866366112505,0.00855079675358,-0.999925909681,0.0,0.656599909059,0.254313145685,0.303326894271,1.0,-0.01434,-0.0188468571429,0.718
0.461225300699,0.518983293963,-0.124058839883,-1.40129412357,0.0768371271317,1.91083614296,0.153332251458,-0.0118930240929,-0.076978760215,0.00115775108259,-0.123866198711,-0.00733232830739,0.043480068243,-0.0140523688546,0.574004195692,0.818838117717,0.00201673067986,0.0,0.818794665318,-0.573944166611,-0.0120056886765,0.0,-0.00867339169807,0.00854276846929,-0.999925893946,0.0,0.656343050068,0.25399998759,0.303336743637,1.0,-0.01468,-0.0192937142857,0.735
0.461045605148,0.517620117131,-0.124064455247,-1.40341222055,0.076698114798,1.91159856296,0.153032110118,-0.0146105174325,-0.0779874329351,-1.9759785939e-05,-0.125585811717,-0.00283147890435,0.0493177368099,-0.0177576232426,0.573989007166,0.818848779038,0.00201087592428,0.0,0.818805298832,-0.573929052618,-0.0120030023737,0.0,-0.00867471073941,0.00853627162728,-0.999925937988,0.0,0.656068861661,0.253655990902,0.303347092238,1.0,-0.01504,-0.0197668571429,0.753
0.460871330122,0.516352733117,-0.124071472923,-1.40543396188,0.0765759213451,1.9123492707,0.152753255922,-0.01282995055,-0.0834324163273,-0.000830123797327,-0.126679894678,-0.00316343740372,0.0562248963043,-0.0137638648247,0.573977433199,0.818856889789,0.00201174675093,0.0,0.818813414365,-0.573917469935,-0.0120032104461,0.0,-0.008674501979,0.00853698151133,-0.999925933738,0.0,0.655840788156,0.253364082158,0.303343566454,1.0,-0.01534,-0.0201611428571,0.768
0.460682726331,0.514896290156,-0.124069018892,-1.40776901333,0.0764316475837,1.91322548766,0.152428901397,-0.0104583634361,-0.0794789303427,0.0027669128973,-0.132786448326,-0.00480081106471,0.0484117444957,-0.0184303097646,0.573948803046,0.818876968214,0.00200731470093,0.0,0.818833410104,-0.573888837706,-0.0120081370628,0.0,-0.00868137851466,0.00853587657777,-0.999925883492,0.0,0.655554865212,0.253019983765,0.303329291873,1.0,-0.0157,-0.0206342857143,0.786
0.460486510007,0.513484693,-0.124072588823,-1.41002569698,0.0762962406003,1.9139994054,0.15213202739,-0.0117849264791,-0.0799099435801,-5.11910825063e-05,-0.13007719036,-0.00703788312769,0.0501333707237,-0.0195283020041,0.573950601136,0.818875849973,0.00194850921306,0.0,0.818831384113,-0.573890750746,-0.0120547708887,0.0,-0.00875329787068,0.00851450742465,-0.99992543869,0.0,0.655267823704,0.252670727227,0.303311733466,1.0,-0.01604,-0.0210811428571,0.803
0.460311435995,0.512225498261,-0.124074837924,-1.41204612449,0.0761624675443,1.91471907774,0.151849656287,-0.0130586245495,-0.0867161261309,-0.000403582914245,-0.133802863573,-0.0133365438574,0.0529902581023,-0.0130916349712,0.573933831341,0.818887701528,0.00190694225123,0.0,0.818842713249,-0.573874183958,-0.0120738911222,0.0,-0.00879298531349,0.00849126384111,-0.999925288133,0.0,0.655015624719,0.252358768106,0.30329467669,1.0,-0.01634,-0.0214754285714,0.818
0.460113041384,0.510780368035,-0.124077949392,-1.41435375196,0.0760375327864,1.91561125283,0.151512997822,-0.01303406203,-0.0846876678606,-0.000863675819212,-0.143536984472,-0.00886723979076,0.0523232298602,-0.0168923357481,0.573910151288,0.818904225566,0.00193765311318,0.0,0.818859514321,-0.57385025251,-0.0120718847115,0.0,-0.00877396359852,0.00851500680857,-0.999925253317,0.0,0.654739167512,0.252012453415,0.303285772874,1.0,-0.01668,-0.0219222857143,0.835
0.459914053751,0.509291502375,-0.124082264632,-1.41669526249,0.0758826463758,1.91647741696,0.151191103585,-0.0133998415991,-0.0883789489474,-0.000711565133463,-0.137804635583,-0.0165787081563,0.0510653061737,-0.018435929561,0.573892562416,0.818916543955,0.00194106722103,0.0,0.818871959607,-0.57383273089,-0.0120605816686,0.0,-0.00876293066746,0.00851112750263,-0.999925383094,0.0,0.654451673251,0.251655179095,0.303288567135,1.0,-0.01702,-0.0223691428571,0.852
0.459715666287,0.507851480547,-0.124090464151,-1.41893490754,0.0757330800579,1.91727982573,0.150868142601,-0.0106193047426,-0.0949398320425,-0.000800709226688,-0.140052388504,-0.00640108269894,0.0468587186038,-0.0147948533507,0.573871910437,0.818931028776,0.00193582567855,0.0,0.818886448041,-0.573812174231,-0.0120549085926,0.0,-0.00876150704013,0.00850335855411,-0.999925461666,0.0,0.654174023447,0.251304121417,0.30329974563,1.0,-0.01734,-0.0227897142857,0.868
0.45948429679,0.506204085051,-0.124094015393,-1.4215198335,0.0755741238628,1.91823563081,0.150523219363,-0.0133729364561,-0.092468413175,-0.000231788236815,-0.149368030674,-0.0111634514037,0.0520019663466,-0.0183892788453,0.573872242542,0.818930763532,0.00194953376499,0.0,0.818886334472,-0.57381242032,-0.0120509087775,0.0,-0.00875036170979,0.00851229249155,-0.999925483247,0.0,0.653856567194,0.250904882148,0.303304272391,1.0,-0.0177,-0.0232628571429,0.886
0.459244415372,0.504472826764,-0.12410031664,-1.42413681683,0.0754057789748,1.91925167231,0.150157300643,-0.0135752605245,-0.0974159462319,-0.00011430254267,-0.143776889691,-0.00554862974893,0.0575348084068,-0.027576908557,0.573863068927,0.818936937688,0.00205356114004,0.0,0.818894002431,-0.573802938623,-0.0119811231284,0.0,-0.00863361109181,0.00855733774415,-0.999926113636,0.0,0.653547782483,0.250498389177,0.303356703056,1.0,-0.01806,-0.023736,0.904
0.459035285101,0.502896787311,-0.124114503977,-1.42647027293,0.0752520421849,1.92013028945,0.149830432269,-0.0120563875381,-0.10112311258,-0.00244457854982,-0.153643545764,-0.0116531335849,0.0580864415036,-0.0192029126913,0.573854927497,0.818942398439,0.00214875038297,0.0,0.818900860328,-0.573794562208,-0.0119133637862,0.0,-0.00852358153257,0.00859632155482,-0.999926723222,0.0,0.653267758993,0.250132155136,0.303423288646,1.0,-0.01838,-0.0241565714286,0.92
0.458779671799,0.501085914128,-0.124115296646,-1.42919364709,0.0750818122386,1.92108838507,0.149444906524,-0.0116248688365,-0.0998290812255,-0.00314714476236,-0.153055126048,-0.0142371991987,0.0573356386545,-0.0157881760992,0.57384196574,0.818951373001,0.00218950145863,0.0,0.818910283658,-0.573781354483,-0.011901742232,0.0,-0.00849081650397,0.00862289043606,-0.999926773217,0.0,0.652924337956,0.24970315112,0.303474092484,1.0,-0.01874,-0.0246297142857,0.938
0.45854648208,0.499473626467,-0.124116807174,-1.43164840536,0.0749285222625,1.92197326842,0.14911342225,-0.0174240181707,-0.10040754249,-0.000143300216551,-0.155159107747,-0.0112230420033,0.0550506688971,-0.018298614346,0.573846010754,0.818948441262,0.0022256230109,0.0,0.818907778881,-0.57378521011,-0.0118881978642,0.0,-0.00845895440442,0.00864474135395,-0.999926854594,0.0,0.652618274973,0.24931546033,0.303507217093,1.0,-0.01906,-0.0250502857143,0.954
0.458320631823,0.497992238373,-0.124117081813,-1.43397605057,0.0747852032868,1.92285109906,0.148764470694,-0.0151543867624,-0.104553971987,-0.000308363769363,-0.159187033991,-0.00913712304685,0.0601819403627,-0.0273916105397,0.573825063202,0.818963048755,0.00225133659483,0.0,0.818922700322,-0.57376414167,-0.0118771853473,0.0,-0.00843540212134,0.00865926399382,-0.999926927899,0.0,0.65233440515,0.248947799117,0.303508449848,1.0,-0.01936,-0.0254445714286,0.969
0.45802919628,0.496140130009,-0.124120234249,-1.4369700382,0.0746003516477,1.92389752952,0.14832200761,-0.0194074153976,-0.100542444019,3.3774187925e-05,-0.161252767395,-0.0125054522591,0.0566827285672,-0.0237583910219,0.573804936784,0.818977369331,0.00217024152365,0.0,0.818935814987,-0.573744191206,-0.0119365358871,0.0,-0.00853075353549,0.00862669782168,-0.999926400456,0.0,0.651950785035,0.248466555323,0.303465133571,1.0,-0.01974,-0.025944,0.988
0.457761351682,0.494461633286,-0.124120506118,-1.43970420015,0.0744352057002,1.92483879128,0.147942006788,-0.0131903708619,-0.0977594127925,-2.492533675e-05,-0.16333601696,-0.0110678385166,0.0568639513328,-0.0185248892384,0.573806183105,0.818976740852,0.00207583096178,0.0,0.8189337458,-0.573745618686,-0.0120096598414,0.0,-0.0086447995954,0.0085913505093,-0.99992572531,0.0,0.651595501299,0.248027117136,0.303414639297,1.0,-0.0208942857143,-0.0274610612245,1.005
0.457523286832,0.492794412571,-0.124171432475,-1.44234793504,0.0742684912514,1.92582197288,0.147578258372,-0.0131136338609,-0.1188944531,0.00112662163367,-0.182576536515,-0.00731999063357,0.0680727467947,-0.0235043845835,0.57382767281,0.81896170713,0.00206665766546,0.0,0.81891880878,-0.573767359206,-0.0119895386402,0.0,-0.00863335854029,0.00857251893708,-0.999925985781,0.0,0.651273081485,0.2475905524,0.303403801019,1.0,-0.0243228571429,-0.0319671836735,1.02
0.457197128161,0.490611283053,-0.124190979755,-1.44581929312,0.0740638552867,1.92708670715,0.147065379066,-0.0214420394956,-0.135265811711,-0.00157898673778,-0.214899107601,-0.0102022642231,0.0768967764174,-0.029334552908,0.573807248471,0.818976065574,0.00204756436453,0.0,0.81893280463,-0.573746905392,-0.0120123667385,0.0,-0.00866322392592,0.00856976572812,-0.999925751077,0.0,0.650834445009,0.247036860002,0.303380711562,1.0,-0.0282085714286,-0.037074122449,1.037
0.456769114702,0.487924906428,-0.124207641231,-1.45008980086,0.0738089311147,1.92863379849,0.146452344314,-0.0269390468976,-0.162099470641,-0.00563469721896,-0.250826334452,-0.0189471152501,0.0968962136778,-0.0336273445038,0.573811241931,0.818973342054,0.00201755771403,0.0,0.818929526739,-0.57375086575,-0.0120466255462,0.0,-0.00870845736372,0.00856489165038,-0.999925399918,0.0,0.650295305733,0.24634186088,0.303350272402,1.0,-0.0323228571429,-0.0424814693878,1.055
0.456341376877,0.48518742147,-0.124247257505,-1.45428647715,0.0735461814689,1.93024530141,0.145817637855,-0.0294430435972,-0.180283660149,-0.00593009597242,-0.275455332947,-0.0162826145454,0.104921594876,-0.0466356877112,0.573813159569,0.818971726202,0.00212520330631,0.0,0.818929556683,-0.573752569488,-0.0119631558678,0.0,-0.00857831071322,0.00860517374465,-0.99992617906,0.0,0.649755232673,0.245595514415,0.303390165003,1.0,-0.0362085714286,-0.0475884081633,1.072
0.455820413089,0.481981594604,-0.124288840955,-1.45928680581,0.0732449332673,1.93196804749,0.145063864148,-0.0262618577723,-0.196361719577,-0.00470821891623,-0.309339245385,-0.0161905124928,0.107746949954,-0.0431034222918,0.573809820119,0.81897419085,0.00207652544226,0.0,0.818931155807,-0.573749203563,-0.0120150056138,0.0,-0.00864874119699,0.00859502507133,-0.999925659647,0.0,0.649145473314,0.244802156347,0.303389727762,1.0,-0.0398657142857,-0.0523949387755,1.088
0.455216217103,0.478197193869,-0.12435064978,-1.46514617972,0.072884565694,1.93407730209,0.144194508708,-0.0345248733495,-0.213378223822,-0.00319400361585,-0.335791399756,-0.0183167038029,0.126567722926,-0.0392729907238,0.573825074955,0.818963447638,0.0020980195968,0.0,0.818920714508,-0.573764387387,-0.0120015839437,0.0,-0.00862525569783,0.00860508718791,-0.999925775965,0.0,0.648404273137,0.24381522591,0.303408156871,1.0,-0.04398,-0.0578022857143,1.106
0.454644566322,0.474776488002,-0.124380538319,-1.47038615973,0.0725622396147,1.93601539638,0.143453974918,-0.0395004967025,-0.229784421141,-0.000872090713925,-0.358217921521,-0.0223619728614,0.130019994716,-0.054409101292,0.573874400728,0.818928626745,0.00219622124325,0.0,0.818887167734,-0.573813293899,-0.0119522870389,0.0,-0.00852801325621,0.00865773564364,-0.999926155575,0.0,0.647749601696,0.242931747822,0.303450567072,1.0,-0.0474085714286,-0.0623084081633,1.121
0.453942144139,0.470617004858,-0.124414176106,-1.47678346144,0.0721730892062,1.9382694001,0.142494088073,-0.0424238231201,-0.25658404676,-0.00433508418241,-0.380653642735,-0.0229532546621,0.132709798856,-0.0647244214452,0.573889955204,0.818917643377,0.00222701223255,0.0,0.818876313631,-0.573828443616,-0.0119685911115,0.0,-0.00852353156868,0.00869246914123,-0.999925892449,0.0,0.646871495577,0.241780670309,0.303484682912,1.0,-0.0515228571429,-0.067715755102,1.139
0.453197709161,0.466083836124,-0.124432201965,-1.48354248732,0.0717430431456,1.94082918896,0.141388175116,-0.0461809118292,-0.272344763766,-0.000731995750483,-0.414053638847,-0.0253023362808,0.145662996963,-0.0683919697555,0.573809336106,0.818973359942,0.0024956768838,0.0,0.818935670577,-0.573746927237,-0.0118143067198,0.0,-0.0082438742464,0.0088231281904,-0.999927092815,0.0,0.646074730498,0.24071924831,0.303611110487,1.0,-0.05518,-0.0725222857143,1.155
0.452426751178,0.461604126023,-0.124441971272,-1.49050328292,0.0712859108145,1.94320227513,0.140340117893,-0.0489836968898,-0.291655407048,-0.00122768662374,-0.445321089697,-0.0243197122859,0.150809609888,-0.0668101462235,0.573795770623,0.81898313906,0.00240384126566,0.0,0.818943948,-0.573733391345,-0.0118975876112,0.0,-0.00836492069812,0.0087955660503,-0.999926330346,0.0,0.645076948508,0.23946433684,0.303593208066,1.0,-0.0590657142857,-0.0776292244898,1.172
0.451508102462,0.456270217532,-0.124465348753,-1.49876486521,0.0707266216041,1.94608260526,0.13909034847,-0.0506136743437,-0.304033609058,-0.000477598748521,-0.467405935875,-0.0365820030822,0.163515118922,-0.0730378797216,0.573764705616,0.819005071783,0.00234560969462,0.0,0.818965101602,-0.573702539041,-0.0119292060707,0.0,-0.00842456023574,0.00876569865813,-0.999926091925,0.0,0.644029851583,0.238136685206,0.303579315798,1.0,-0.0629514285714,-0.0827361632653,1.189
0.450559740236,0.450868087962,-0.12449801378,-1.50686837155,0.0701750136471,1.94910207254,0.137778314715,-0.0567129817052,-0.329220361332,-0.00210089494294,-0.48171364786,-0.040809049029,0.184351672761,-0.0698504124152,0.573710023955,0.819042632886,0.00259245624079,0.0,0.819006247263,-0.573647317982,-0.0117587591658,0.0,-0.00814392629294,0.00886952662553,-0.999927501353,0.0,0.642989404543,0.236739284857,0.303694267856,1.0,-0.0668371428571,-0.0878431020408,1.206
0.449609384103,0.445559929166,-0.124535612994,-1.51493080415,0.0696382903835,1.95195196329,0.136579494602,-0.0564784321415,-0.332834250893,0.00173740969537,-0.515874597075,-0.036027017261,0.172732205087,-0.0713832090576,0.573751961674,0.819012992297,0.00267428969818,0.0,0.818977706593,-0.573688995991,-0.0117131927525,0.0,-0.00805920163821,0.00891082252391,-0.999927820651,0.0,0.641985202052,0.235424588449,0.303747540696,1.0,-0.0702657142857,-0.0923492244898,1.221
0.448464433266,0.439330194047,-0.124570907598,-1.52467285277,0.0689587954138,1.9551944508,0.135038714818,-0.0680377470188,-0.355222450708,-0.00428963433548,-0.553507878429,-0.0388635070539,0.185843521675,-0.0855416048327,0.573695791161,0.819053150868,0.00241291484049,0.0,0.819014203159,-0.573633521005,-0.0118771000103,0.0,-0.00834400799881,0.00879022305153,-0.999926552057,0.0,0.640547733163,0.233628954,0.303650377945,1.0,-0.0746085714286,-0.0980569795918,1.24
0.447365147093,0.433455496708,-0.124595760432,-1.53349163497,0.0683869352823,1.95837163583,0.133605563895,-0.0725785286968,-0.371667414641,-0.00114626869398,-0.55376300832,-0.0329158300466,0.203168390329,-0.0881364569199,0.573669668412,0.819070835041,0.00261259081739,0.0,0.819034359387,-0.573606510254,-0.0117913713946,0.0,-0.00815952640913,0.00890432520037,-0.999927064901,0.0,0.639364075733,0.232076595902,0.303738679201,1.0,-0.0782657142857,-0.102863510204,1.256
0.446177275267,0.427464102893,-0.124635526586,-1.54269681438,0.0677133811258,1.9616053655,0.132111833062,-0.0727608099288,-0.374202659257,-0.00437549685512,-0.586878650448,-0.0398199461312,0.198889231358,-0.0920310248179,0.573656917616,0.819079842384,0.00258835332744,0.0,0.819043389506,-0.573594218253,-0.0117620488656,0.0,-0.00814954953162,0.00886752510697,-0.99992747329,0.0,0.638109362544,0.230406548341,0.303720029686,1.0,-0.0819228571429,-0.107670040816,1.272
0.444819923478,0.420785358569,-0.124743875462,-1.55299535012,0.0669695889299,1.96497928478,0.130402558177,-0.0827589688926,-0.394837456109,-0.000699740596258,-0.619459070514,-0.0440846345494,0.198435827805,-0.0958110522944,0.573676058399,0.819067179462,0.0023414629306,0.0,0.819027598902,-0.573614381273,-0.0118777411517,0.0,-0.00838573258465,0.00873186660407,-0.999926714312,0.0,0.636657334901,0.22847225964,0.303653179344,1.0,-0.0858085714286,-0.112776979592,1.289
0.443306272586,0.413332804333,-0.124835241464,-1.56406610925,0.0662004014516,1.9689903004,0.128610195914,-0.0865526515063,-0.411731841255,-0.0097289596127,-0.621918078941,-0.0340085599375,0.218485530725,-0.114547617448,0.573762127877,0.819005974941,0.00264206845743,0.0,0.818970754145,-0.573699807915,-0.0116696681196,0.0,-0.00804192858107,0.00885956098302,-0.99992841522,0.0,0.635164969312,0.226410160733,0.303785183295,1.0,-0.0899228571428,-0.118184326531,1.307
0.441857675708,0.406549292637,-0.124864155209,-1.57440082593,0.0654950985536,1.97241483734,0.126880677988,-0.0923033948606,-0.429711266099,-0.00608025480706,-0.662169032965,-0.0452741378617,0.211120238828,-0.0993475679094,0.573777230498,0.818995719182,0.00253941434495,0.0,0.818958622615,-0.573714687965,-0.0117888998259,0.0,-0.00819831702579,0.00884404784226,-0.999927282564,0.0,0.633678037576,0.22448084597,0.303750691758,1.0,-0.09358,-0.122990857143,1.323
0.440236040926,0.399071642956,-0.124966010734,-1.58562853931,0.0647054333378,1.97628145306,0.124987845111,-0.0973102140648,-0.456244046588,-0.00289046549953,-0.663131484418,-0.0398049689938,0.242578696227,-0.109883261572,0.573858281341,0.818938698358,0.00261307661831,0.0,0.818902670256,-0.573795579328,-0.0117386835999,0.0,-0.00811404667626,0.00887636711374,-0.999927683562,0.0,0.632099427399,0.222325352232,0.303787020178,1.0,-0.0974657142857,-0.128097795918,1.34
0.438531007624,0.391376722085,-0.125001262644,-1.59716823629,0.0638119001633,1.98026676598,0.123007640025,-0.100326047063,-0.450702758119,-6.58727657822e-05,-0.69655567928,-0.0527229078143,0.223367106722,-0.114255629128,0.573854983399,0.818940805178,0.00267629295168,0.0,0.818906101692,-0.573792613533,-0.0116438897381,0.0,-0.00800017333829,0.00887370762675,-0.999928624723,0.0,0.630453029629,0.220121870362,0.303815271098,1.0,-0.101351428571,-0.133204734694,1.357
0.436835961193,0.383937070869,-0.125056181883,-1.60852172488,0.0629545229397,1.9838684085,0.12099094254,-0.108748329823,-0.469905171645,-0.00401227430924,-0.715992497659,-0.0513873432192,0.226043725905,-0.131444560613,0.573820250451,0.818966043117,0.00238480489338,0.0,0.818927282527,-0.573758654756,-0.0118261966192,0.0,-0.00831711113303,0.00873926115446,-0.99992722284,0.0,0.628748351524,0.217920085433,0.303714785366,1.0,-0.105008571429,-0.138011265306,1.373
0.434975603132,0.375726775093,-0.125109408686,-1.62064825408,0.0620965492849,1.98802285229,0.118844313569,-0.112924814427,-0.47464984506,-0.000533180805008,-0.720403408295,-0.0525352318569,0.246893430542,-0.132117985046,0.573835309316,0.818954897835,0.0025806966008,0.0,0.818918503862,-0.573772787448,-0.0117481623051,0.0,-0.00814063831067,0.00885506103687,-0.999927656334,0.0,0.626977588845,0.215578695869,0.303793216256,1.0,-0.108894285714,-0.143118204082,1.39
0.432957466746,0.367330661824,-0.125186338243,-1.63326343064,0.0611203267078,1.99207635234,0.116664643032,-0.125661815528,-0.499404780492,-0.00383583703616,-0.759378797657,-0.0608062667127,0.24215028366,-0.122774217518,0.573936998338,0.818884185827,0.00239980050214,0.0,0.8188454153,-0.573875114607,-0.0118442213277,0.0,-0.00832201997518,0.00876307119156,-0.999926973617,0.0,0.625074472257,0.213056951284,0.303738647156,1.0,-0.11278,-0.148225142857,1.407
