position_joint1,position_joint2,position_joint3,position_joint4,position_joint5,position_joint6,position_joint7,velocity_joint1,velocity_joint2,velocity_joint3,velocity_joint4,velocity_joint5,velocity_joint6,velocity_joint7,ee_T_00,ee_T_10,ee_T_20,ee_T_30,ee_T_01,ee_T_11,ee_T_21,ee_T_31,ee_T_02,ee_T_12,ee_T_22,ee_T_32,ee_T_03,ee_T_13,ee_T_23,ee_T_33,v_x,v_y,time
0.465076162308,0.547764700372,-0.124003783016,-1.3558452153,0.0795385500515,1.89409785713,0.159144524116,0.00607178613913,0.00105989387007,0.000256394388906,0.000445454626369,-2.20706644934e-05,0.000253143594309,-0.00175097404144,0.573813209448,0.818972093326,0.00196415804796,0.0,0.81892883617,-0.573754289469,-0.0119299416138,0.0,-0.00864351156591,0.00845422652029,-0.999926905209,0.0,0.661674873404,0.260888114414,0.303220587623,1.0,0.0,0.0,0.0
0.46507029009,0.54776653043,-0.124006528644,-1.35585110079,0.0795396131006,1.89409634779,0.159149685821,0.000499916071447,0.00122299408255,-0.000447033160151,-0.000700504726506,0.000351338487125,-0.000487346430064,0.00054093556207,0.573824759562,0.81896401936,0.00195632543061,0.0,0.818920656693,-0.573765867476,-0.0119345826113,0.0,-0.0086516875588,0.00845059700395,-0.999926865182,0.0,0.661675276176,0.260881985101,0.303216451836,1.0,-0.00026,-0.000341714285714,0.014
0.465069461952,0.547761942071,-0.124006371453,-1.3558540096,0.0795357115734,1.8940954568,0.159151630609,0.000712498104517,0.00146112345685,6.38590925861e-05,-4.39902847171e-05,-1.26141771141e-05,-0.000497619618884,0.000977720586707,0.573827817837,0.818961861373,0.0019626495981,0.0,0.81891857864,-0.573768896557,-0.0119315465855,0.0,-0.00864554075998,0.00845406632683,-0.999926889021,0.0,0.66167552106,0.260880470827,0.303221329868,1.0,-0.0006,-0.000788571428571,0.031
0.465066348615,0.547736032942,-0.124006363292,-1.35587310777,0.0795385081619,1.89410114306,0.159150104711,-0.000728070448875,-0.00293733289907,0.000658308351503,-0.0030922301617,-7.73761195554e-05,0.000155616621736,0.000411956372752,0.573829103571,0.81896094678,0.00196836122887,0.0,0.818917735011,-0.573770154944,-0.011928934624,0.0,-0.00864011101541,0.00845725860954,-0.999926908958,0.0,0.661673048522,0.260877410614,0.303227991125,1.0,-0.0009,-0.00118285714286,0.046
0.46507128824,0.54764474367,-0.123997042777,-1.35597335534,0.0795361506499,1.89411637702,0.159144221865,-0.000999650758744,-0.000677309893803,0.00188975703063,-0.00857569102444,0.000265152471247,-0.000244161494979,7.94733641519e-05,0.573818521553,0.818968334209,0.00197959268593,0.0,0.818925158658,-0.573759419549,-0.0119356565736,0.0,-0.00863928116431,0.00847020214089,-0.99992680657,0.0,0.661652222329,0.260876026302,0.303245957173,1.0,-0.00124,-0.00162971428571,0.063
0.465067583575,0.547520038002,-0.124001349651,-1.35614822769,0.0795324967386,1.89415322034,0.159148333708,-0.00251435353958,-0.00812392293595,-0.000274473911916,-0.0135647587094,9.73259805063e-05,0.00131008559726,0.000981327921628,0.573836546442,0.818955722661,0.00197210275962,0.0,0.81891237205,-0.573777397631,-0.0119487142654,0.0,-0.00865408655483,0.00847175138478,-0.999926665418,0.0,0.661624931578,0.260853869332,0.303254400261,1.0,-0.00156,-0.00205028571429,0.079
0.46505557587,0.547368096076,-0.124002377925,-1.35636136401,0.0795286423302,1.89424976268,0.159136983545,0.000312647454307,-0.0065789336227,0.00116115407238,-0.00836271111216,0.000104041003485,0.0127197730334,-0.000686562777845,0.573848821284,0.818947038481,0.00200633355784,0.0,0.818904082453,-0.573789477549,-0.0119367540645,0.0,-0.00862452235507,0.00849305050871,-0.99992674017,0.0,0.661602917852,0.260827962772,0.303268996655,1.0,-0.0019,-0.00249714285714,0.096
0.46504183365,0.547169817919,-0.123999578982,-1.35657558837,0.0795264525812,1.89436167961,0.159129197665,0.00096301898134,-0.0153438604425,0.00132182478299,-0.0110199408679,-0.000447917299125,0.00597002007629,-0.00442259740634,0.573867252538,0.818933896687,0.00209671730793,0.0,0.818892045142,-0.573807462797,-0.0118979385859,0.0,-0.00854067760451,0.00854498696898,-0.999927017349,0.0,0.661583831147,0.260801573277,0.303316777323,1.0,-0.00226,-0.00297028571429,0.114
0.465016627911,0.546971656109,-0.124004530394,-1.35684655491,0.0795230016483,1.8944959855,0.159117115456,-0.00266021630143,-0.0104197295037,0.000161447537675,-0.0194125197818,-0.000183264344513,0.00429670961338,-0.0024146194368,0.573891937602,0.818916454975,0.00215188924789,0.0,0.818875293773,-0.573831894261,-0.0118725430487,0.0,-0.00848796160117,0.00857585078621,-0.999927201996,0.0,0.661562205356,0.260764393939,0.303340308335,1.0,-0.00258,-0.00339085714286,0.13
0.464984531057,0.546732542801,-0.124004534283,-1.35719650237,0.0795157778697,1.89463442393,0.159093361598,-0.00381221914432,-0.0187290115632,-0.000433794529653,-0.0231042235483,-0.00102473003806,0.0115897230018,-0.00139748543918,0.573916485549,0.818899169835,0.00218269564236,0.0,0.818858299407,-0.573856204532,-0.011869663581,0.0,-0.00846766724453,0.00859967961934,-0.999927169409,0.0,0.661524625014,0.260712989943,0.303355103896,1.0,-0.00292,-0.00383771428571,0.147
0.46494907682,0.546476389969,-0.124004533959,-1.35757145928,0.0795085430253,1.89477404941,0.158981456513,-0.00793275400054,-0.0167853751545,-4.83944087357e-05,-0.0219154521496,7.76813918159e-05,0.00997105090747,-0.0115189187318,0.573872928369,0.81892962168,0.00220991427909,0.0,0.818888963451,-0.573812399904,-0.011871906172,0.0,-0.00845434218626,0.00862280598929,-0.999927082999,0.0,0.661482843992,0.260656700539,0.303370152118,1.0,-0.00324,-0.00425828571429,0.163
0.464901542081,0.546162675965,-0.124004534392,-1.35809842808,0.0794918888653,1.89495067768,0.158942622487,-0.00284163343975,-0.0172748786711,-0.000412843543116,-0.0286587276204,-0.000791585861093,0.00517229706435,-0.00283072531696,0.573905044433,0.81890717777,0.00218656625093,0.0,0.818866050327,-0.573844437211,-0.0119037979288,0.0,-0.0084935202135,0.00862232055531,-0.999926755169,0.0,0.661418710466,0.260576109135,0.303356787654,1.0,-0.00362,-0.00475771428571,0.182
0.464853565616,0.545873116978,-0.124002028629,-1.35857818816,0.0794700286419,1.89512055239,0.158894115854,-0.00346625043255,-0.0232952778519,0.000436049623804,-0.0309151750093,-0.000424725073677,0.0129040484626,-0.00536967491101,0.573923870938,0.818894019035,0.00217321343308,0.0,0.81885262631,-0.573863222688,-0.0119216161996,0.0,-0.00851557689005,0.00862180764085,-0.999926571996,0.0,0.661363218878,0.260500666973,0.303348090868,1.0,-0.00392,-0.005152,0.197
0.464783860062,0.54549853555,-0.124002357124,-1.35921393532,0.0793840744391,1.8953277288,0.158782310434,-0.00526935255025,-0.01495825249,-1.73075777326e-05,-0.0392382050328,-0.0051293736136,0.00827609647216,-0.00132172264239,0.57390219171,0.818909400524,0.00210118648417,0.0,0.818867447971,-0.573842220109,-0.0119145279311,0.0,-0.00855133404834,0.0085585316851,-0.999926810432,0.0,0.661291424994,0.260383964446,0.303328536532,1.0,-0.00428,-0.00562514285714,0.215
0.464711067498,0.545084251298,-0.124002824499,-1.35994877696,0.0793462729312,1.8955636198,0.158716615102,-0.00836694764324,-0.0270540297221,-0.000478420330653,-0.0430029801614,-0.000314251667365,0.0122310238791,0.000500884695818,0.573939178315,0.818883653706,0.00203179449044,0.0,0.818840679675,-0.573879372104,-0.0119647182779,0.0,-0.00863187346284,0.00853090080496,-0.999926354534,0.0,0.661201684736,0.260263648476,0.303292481787,1.0,-0.00464,-0.00609828571429,0.233
0.464656657447,0.544737074503,-0.124007730582,-1.36053780042,0.0793294033237,1.89576134219,0.158627791262,-0.00217635624634,-0.0213013633865,2.9972093957e-05,-0.0382569812459,-0.00353064235069,0.0119274460111,-0.0130365025538,0.573942738976,0.81888122855,0.00200319883212,0.0,0.818837697663,-0.573882871401,-0.0120009041348,0.0,-0.00867788069994,0.00852829070499,-0.999925978583,0.0,0.661131070288,0.260170154045,0.30327516736,1.0,-0.00492,-0.00646628571429,0.247
0.464587336349,0.544269341195,-0.124016552705,-1.36128294168,0.0793006983482,1.8960341693,0.158547042916,-0.00105869097634,-0.0295067057569,0.00199896804641,-0.0445432580401,-0.00102293826612,0.016703514929,-0.000270723245363,0.573973486121,0.818859671933,0.00200544580257,0.0,0.818816057023,-0.573913493765,-0.0120130486263,0.0,-0.00868621588652,0.00853742699553,-0.999925828246,0.0,0.661048080433,0.26005077491,0.303275462243,1.0,-0.00526,-0.00691314285714,0.264
0.464513890393,0.543758631488,-0.124011992639,-1.36210774057,0.0792657003489,1.89632741511,0.158450033566,-0.00488324561003,-0.0282562032463,0.000213391465086,-0.0487040463247,0.000705650993844,0.0158176942915,-0.0127009211876,0.573987607248,0.818849795489,0.00199651054694,0.0,0.818805879417,-0.573927470095,-0.0120390117531,0.0,-0.00871245780647,0.00854516264478,-0.999925533865,0.0,0.660950211575,0.259927900089,0.303269524443,1.0,-0.0056,-0.00736,0.281
0.464439800966,0.543218508495,-0.124020413545,-1.36296078834,0.0792133739697,1.89662195796,0.158321252477,-0.00311708351231,-0.0328675545617,0.00139739452743,-0.054129299948,-0.00490859330087,0.0258920147731,-0.00999258900054,0.573982152059,0.818853662122,0.00197890067434,0.0,0.818809526165,-0.573922101113,-0.0120469339312,0.0,-0.00872910919637,0.00853523211668,-0.999925473456,0.0,0.660850862484,0.25979140428,0.30327139759,1.0,-0.00594,-0.00780685714286,0.298
0.464368182593,0.54269730265,-0.12402013354,-1.36379793957,0.0791697444999,1.89692565181,0.15822044772,-0.00167092779943,-0.0351790544593,-0.00120279770855,-0.0586448321111,-0.00199383100142,0.0207684585833,-0.0124166192576,0.573987715677,0.818849770261,0.00197557493502,0.0,0.818805488364,-0.5739275782,-0.0120604356704,0.0,-0.00874201635084,0.00854031794757,-0.999925317271,0.0,0.660745666729,0.259657873717,0.303273624914,1.0,-0.00628,-0.00825371428571,0.315
0.464289584138,0.542066760618,-0.124023459091,-1.36478120312,0.0791099915751,1.89728653011,0.158090922287,-0.00128060241775,-0.0326707701195,0.000172313955614,-0.0577536193643,-0.004896412775,0.00960589192252,-0.00804338853704,0.573992323307,0.818846535933,0.00197744183971,0.0,0.818802305183,-0.573932203333,-0.0120564466364,0.0,-0.00873763023833,0.00853960616628,-0.999925361687,0.0,0.660639654804,0.259517777841,0.303277206433,1.0,-0.00662,-0.00870057142857,0.332
0.464207851958,0.541464954112,-0.124021198973,-1.36568235632,0.0790571043808,1.89762296905,0.157976911817,-0.00534668629522,-0.0371422722704,-2.30417072486e-05,-0.0539624724866,-0.00413185343836,0.015867431108,-0.00563481262508,0.574000212907,0.818840924684,0.00201060848042,0.0,0.818797102632,-0.573939925316,-0.0120421655297,0.0,-0.00870681710969,0.00855865075679,-0.999925467639,0.0,0.660538361304,0.259380301815,0.303302870492,1.0,-0.00694,-0.00912114285714,0.348
0.464125923599,0.540778438514,-0.124026170046,-1.36672345831,0.0789927532196,1.89800801238,0.157842674159,-0.00433184179755,-0.0437767300094,-0.000725379263958,-0.059986664205,-0.000835535920106,0.0158881423982,-0.00514741523105,0.574001394156,0.818840037218,0.00203466395483,0.0,0.818796561347,-0.573941035376,-0.012026052514,0.0,-0.00867980326442,0.00856911174092,-0.999925612903,0.0,0.660418875887,0.259224454096,0.30332616175,1.0,-0.00728,-0.009568,0.365
0.464019555849,0.539967127364,-0.12403040077,-1.3679567204,0.0789305502189,1.89846068198,0.157691705031,-0.00522985323673,-0.0454620283277,-0.00187167739653,-0.0642178987508,-0.000396448655709,0.0299734471532,-0.00979625399173,0.574019490296,0.818827271277,0.00206675482048,0.0,0.818784111902,-0.573958891753,-0.0120214631545,0.0,-0.0086574362477,0.00859294560357,-0.999925602274,0.0,0.660277606903,0.259036667128,0.303351933096,1.0,-0.00766,-0.0100674285714,0.384
0.463925266778,0.539321015453,-0.124029855843,-1.36897156821,0.0788650407993,1.89885217052,0.157562733593,-0.009966761639,-0.0447203956035,0.000300989841378,-0.0711809227152,-0.00311647291888,0.0279292622386,-0.00549651175376,0.574029459896,0.818820241714,0.00208274645864,0.0,0.818777340261,-0.573968841558,-0.012007618313,0.0,-0.0086368156428,0.00859819780264,-0.999925735447,0.0,0.660166002542,0.258878707796,0.303359326127,1.0,-0.00796,-0.0104617142857,0.399
0.46381664225,0.538608623259,-0.124032946624,-1.37007703132,0.0787978705092,1.89928065778,0.157432030593,-0.0073776802415,-0.0399025398896,-0.000726088177946,-0.0684179683851,-0.00181392526721,0.0257622207143,-0.00930376716194,0.574056799323,0.818801003344,0.00211068126249,0.0,0.818758506078,-0.573996100216,-0.0119888516449,0.0,-0.00860512661765,0.00861058582055,-0.999925902059,0.0,0.66004700157,0.258701543021,0.303373644089,1.0,-0.00828,-0.0108822857143,0.415
0.463711546269,0.537826146486,-0.124047358732,-1.37131355156,0.0787315503555,1.89974938224,0.15728193941,-0.00842039804636,-0.0500792180176,-0.00234192300487,-0.07309970875,-0.00434209400874,0.0214229304244,-0.00944643582068,0.574077828163,0.818786204629,0.00213195248276,0.0,0.818743976998,-0.574017030145,-0.0119789871487,0.0,-0.00858461767068,0.00862256019141,-0.999925975158,0.0,0.659901273382,0.258499258051,0.303383024403,1.0,-0.00864,-0.0113554285714,0.433
0.463578764699,0.536898511413,-0.12405135824,-1.37276282343,0.0786477960455,1.90028631133,0.157096058329,-0.00246890058128,-0.0483821938902,-0.00185791036685,-0.0833077349336,-0.00624602577543,0.0298674218753,-0.00637985204058,0.57409745751,0.818772429418,0.00213658768918,0.0,0.818730241958,-0.574036617425,-0.0119791343239,0.0,-0.00858187057034,0.00862664560388,-0.999925963501,0.0,0.659744394991,0.258281463505,0.303390665761,1.0,-0.009,-0.0118285714286,0.451
0.463481482945,0.536106712367,-0.124063331694,-1.37399004485,0.0785707062489,1.90075498713,0.156942666233,-0.00480511506175,-0.0500878566419,4.07075240147e-05,-0.0772678551803,-0.00874294826304,0.0328378799372,-7.57786940535e-05,0.57410688298,0.818765760535,0.00215944252291,0.0,0.81872396646,-0.574046043544,-0.0119563178696,0.0,-0.00854996887052,0.00863235793135,-0.99992618749,0.0,0.659606146414,0.258094380561,0.303406455584,1.0,-0.00932,-0.0122491428571,0.467
0.46335002827,0.535157133855,-0.124059901906,-1.37548447392,0.0784945763401,1.90128837081,0.156760682447,-0.00054717565148,-0.0507627198763,-0.000275178328726,-0.0839656599117,-0.00506662938481,0.0289519427402,-0.0139191043244,0.574124687004,0.818753279187,0.00215835450454,0.0,0.818711281236,-0.57406365836,-0.0119791914931,0.0,-0.00856913441644,0.0086447851872,-0.999925916068,0.0,0.659427848027,0.257868613744,0.303411382776,1.0,-0.00968,-0.0127222857143,0.485
0.463232542966,0.534314350874,-0.124064835469,-1.37686824854,0.078417851812,1.90179914086,0.156593769451,-0.00602074296107,-0.0534220800575,0.000112361334538,-0.0870787420804,-6.60476214557e-05,0.0313987422279,-0.0137088948588,0.574143085118,0.818740442908,0.0021335084565,0.0,0.818698057657,-0.574082093696,-0.0119994577913,0.0,-0.00859979795781,0.00863627122033,-0.999925726389,0.0,0.659265915123,0.257657321172,0.303391766932,1.0,-0.01,-0.0131428571429,0.501
0.463101084816,0.533387375023,-0.124068039551,-1.37834867389,0.0783264566438,1.90234378375,0.156410368598,-0.00600024887045,-0.0585765210547,-0.00131981614854,-0.0869133924216,-0.00676592817255,0.0345943402975,-0.00443391703362,0.574159344108,0.818729067842,0.00212319214843,0.0,0.818686555599,-0.574098401344,-0.012004005816,0.0,-0.00860927302916,0.00863060713882,-0.999925693758,0.0,0.659094136726,0.257427408026,0.303388214631,1.0,-0.01034,-0.0135897142857,0.518
0.462987051605,0.532555231736,-0.124062750861,-1.37968953982,0.0782633470175,1.90285352485,0.156248891388,-0.00466403329695,-0.0608735236134,-0.00161702768488,-0.0903125144163,-0.0109416624951,0.0320710585279,-0.0055711051298,0.574173307372,0.818719248939,0.0021334055535,0.0,0.818676681574,-0.574112131061,-0.0120207702328,0.0,-0.00861698787162,0.00864874129576,-0.99992547062,0.0,0.658937056385,0.257231443633,0.303380784583,1.0,-0.01064,-0.013984,0.533
0.462845559517,0.53157900018,-0.124065997411,-1.38126173927,0.0781652347178,1.90341709341,0.156044899271,-0.0123628289796,-0.0565137885616,-0.00126685487186,-0.0917117196205,-0.00171745606708,0.0300811202361,-0.0121364636538,0.574183764585,0.818711994152,0.00210285987894,0.0,0.818669018157,-0.574122705819,-0.0120376191434,0.0,-0.00864821007493,0.00863351793079,-0.999925332628,0.0,0.658751162031,0.256984898729,0.3033695444,1.0,-0.01098,-0.0144308571429,0.55
0.462700583678,0.530520302517,-0.124062856198,-1.3829907319,0.0780582169614,1.90403049815,0.155817250324,-0.00259118780751,-0.0599018978183,0.000549481355797,-0.096315788452,-0.00990705051208,0.035950201878,-0.00986254096638,0.574183843771,0.818712085935,0.00204469997167,0.0,0.818668281668,-0.5741229652,-0.0120752773404,0.0,-0.00871243403028,0.00860752589179,-0.999924999183,0.0,0.658528340381,0.2567051375,0.303342536707,1.0,-0.01136,-0.0149302857143,0.569
0.462560460578,0.529468715886,-0.124065947159,-1.38463058999,0.077960566671,1.90464078819,0.155600073932,-0.0103323917269,-0.0614751515028,0.000957314703565,-0.0970620294242,-0.00455918250337,0.0407716453903,-0.0119120499671,0.574181092888,0.818713947526,0.00207161728044,0.0,0.818670481016,-0.574120085321,-0.01206308608,0.0,-0.0086870269863,0.00862253387498,-0.99992509093,0.0,0.658348528234,0.25647491924,0.303358911861,1.0,-0.01168,-0.0153508571429,0.585
0.46241951098,0.52837972592,-0.124068320971,-1.38632928538,0.0778528683782,1.90528200461,0.155364855682,-0.0070081221078,-0.0628850971353,0.00179987177522,-0.103368895325,-0.012756789409,0.0318908332141,-0.0146407286732,0.574168782282,0.818722523035,0.00209442802851,0.0,0.818679405638,-0.574107729943,-0.0120454184274,0.0,-0.00865959476895,0.0086309344963,-0.999925256401,0.0,0.658150323532,0.256219503622,0.303372863674,1.0,-0.01202,-0.0157977142857,0.602
0.462293076223,0.527391689256,-0.124076931376,-1.38785500651,0.0777520289165,1.90587845244,0.155149159785,-0.0100575501638,-0.0720786122525,-0.00131723812095,-0.102492150296,-0.0081842110412,0.0422982955623,-0.0191699554635,0.574157363972,0.818730421894,0.00213648404355,0.0,0.818688000482,-0.574096283005,-0.0120067734165,0.0,-0.00860392876903,0.00864305762992,-0.999925632217,0.0,0.65797789888,0.255987309823,0.303394138361,1.0,-0.01232,-0.016192,0.617
0.462149285681,0.526241333116,-0.124074732572,-1.38966275838,0.0776432110904,1.90655202499,0.154916259838,-0.0115700787254,-0.0686739287711,0.000437029170459,-0.103696701507,-0.0117272450967,0.0412713960009,-0.0133819772123,0.574151209356,0.81873470175,0.00215031323059,0.0,0.818692423745,-0.574090034201,-0.0120039508171,0.0,-0.00859374315216,0.00865269462044,-0.999925636462,0.0,0.657760968744,0.255722616027,0.303401520656,1.0,-0.01266,-0.0166388571429,0.634
0.46198028487,0.524919916801,-0.124087965095,-1.39172417049,0.07751293671,1.90729113895,0.154640016561,-0.00728092783895,-0.0749470917063,-0.00144445977863,-0.109465114301,-0.00484520435552,0.0347114461427,-0.0137716908938,0.574148514484,0.818736607731,0.00214414976889,0.0,0.818694296044,-0.574087412399,-0.0120016436993,0.0,-0.00859542114544,0.00864629555496,-0.999925677392,0.0,0.657512582798,0.255405537187,0.303414330835,1.0,-0.01304,-0.0171382857143,0.653
0.461838518284,0.523813645853,-0.124084022064,-1.39351531654,0.0774001785899,1.90793441697,0.154388037311,-0.00967135906214,-0.0681456448179,0.000107234434713,-0.104188811906,-0.00705853438007,0.0407280802168,-0.0184387569278,0.574121254144,0.818755820235,0.00210695818463,0.0,0.818712973478,-0.574060261629,-0.0120262204277,0.0,-0.00863718329643,0.00862966890277,-0.999925461162,0.0,0.657290431668,0.25514198564,0.30339531913,1.0,-0.01336,-0.0175588571429,0.669
0.461680941428,0.522600169185,-0.124084434297,-1.39544857026,0.077282667877,1.90866920635,0.154131163942,-0.00830695180251,-0.071429662666,0.000146867252899,-0.111036761445,-0.0063877548693,0.040631093409,-0.017362977507,0.574112369955,0.818762022307,0.00211763859643,0.0,0.818719313186,-0.57405133181,-0.0120208803325,0.0,-0.00862677312646,0.00863525396925,-0.999925502812,0.0,0.657060637628,0.254855490334,0.303391807779,1.0,-0.0137,-0.0180057142857,0.686
0.461518686404,0.521361245871,-0.124086905626,-1.39744280431,0.0771625838537,1.90943824098,0.153862126432,-0.00644843550333,-0.0697865262735,-0.00019573199135,-0.118789837596,-0.00259914633596,0.0451510424952,-0.0144482500917,0.574101223873,0.818769814694,0.00212654523097,0.0,0.81872723213,-0.574040160065,-0.0120150282169,0.0,-0.00861698596562,0.00863906922402,-0.999925554247,0.0,0.656825120704,0.254559753503,0.303379869861,1.0,-0.01404,-0.0184525714286,0.703
0.461354813081,0.520140298131,-0.124090410129,-1.39935126239,0.0770408877389,1.91014370066,0.15360292306,-0.0142435115026,-0.0809389322205,-1.63749437292e-05,-0.117300116741,-0.00417578091664,0.0447824728412,-0.0292204603855,0.57409455702,0.818774460688,0.00213752825012,0.0,0.818732058771,-0.574033485548,-0.0120050119403,0.0,-0.00860255001087,0.00864224130673,-0.999925651135,0.0,0.656596742731,0.254267805857,0.303390258936,1.0,-0.01436,-0.0188731428571,0.719
0.461188129242,0.518797906195,-0.124095735676,-1.40143837828,0.0769042804248,1.91088244241,0.153330658869,-0.0123003945269,-0.0836310908767,-0.000703200041487,-0.123760224623,-0.0109898147603,0.0472610083278,-0.0160133442734,0.574085715841,0.81878068713,0.00212700525016,0.0,0.818738178128,-0.574024719811,-0.0120068156984,0.0,-0.00861016098733,0.00863456803078,-0.999925651918,0.0,0.65633724443,0.253953274485,0.303403438986,1.0,-0.0147,-0.01932,0.736
0.461048808319,0.517688779147,-0.124096905044,-1.40316900782,0.0767995906376,1.91150742498,0.153087933423,-0.0124902888368,-0.082228867972,0.000428607330112,-0.123015168438,-0.0076429165933,0.0466485643859,-0.0203206917959,0.574065332501,0.818794969211,0.00213056745588,0.0,0.818752454343,-0.574004271635,-0.0120108930565,0.0,-0.00861166979101,0.00863961098902,-0.999925595365,0.0,0.656122954822,0.253695824002,0.303412260961,1.0,-0.01498,-0.019688,0.75
0.460851465263,0.516259207153,-0.124102372549,-1.40542985144,0.0766502134922,1.91234917599,0.152762101498,-0.0113991551912,-0.0850662615104,1.59420265227e-06,-0.124386944084,-0.00776153264345,0.0463344896231,-0.0160751962368,0.574043276088,0.818810431949,0.00213087067519,0.0,0.818768017558,-0.573982313597,-0.0119993334066,0.0,-0.0086022629099,0.00863299162987,-0.999925733506,0.0,0.655852244498,0.253346612144,0.303412112552,1.0,-0.01534,-0.0201611428571,0.768
0.460646252256,0.514715221276,-0.124111287101,-1.40788903479,0.0764966913,1.91327447802,0.152437869829,-0.0110266566346,-0.0842036059326,-0.0014876706616,-0.130710609197,-0.00903606411155,0.0449166257887,-0.0144558167936,0.574040543383,0.818812341354,0.00213333078351,0.0,0.818770010577,-0.573979622703,-0.0119920558377,0.0,-0.00859492039872,0.00863079968714,-0.999925815568,0.0,0.655556220902,0.252973235157,0.303404685462,1.0,-0.01572,-0.0206605714286,0.787
0.460452133396,0.5133190056,-0.124111717238,-1.41014885321,0.0763641304736,1.91405695446,0.15212234952,-0.0081231491738,-0.0825714785088,-0.0012974402828,-0.137861442465,-0.0021316477849,0.0385038576136,-0.0268695623579,0.574024224132,0.818823949818,0.00206790138633,0.0,0.818780585767,-0.573963402167,-0.0120462544182,0.0,-0.00867702896784,0.00860816508835,-0.999925301541,0.0,0.655268288133,0.252627634197,0.303375461804,1.0,-0.01606,-0.0211074285714,0.804
0.460255251539,0.511884525278,-0.124112080883,-1.41243616771,0.0762250366353,1.91487138561,0.151800613442,-0.00987249453018,-0.0799188594698,-9.07021665518e-05,-0.133460496928,-0.00962710972808,0.0465402850569,-0.0221182688637,0.574004397494,0.818837928947,0.00203584788061,0.0,0.818794045282,-0.573943615639,-0.0120741202126,0.0,-0.00871845355249,0.00859770375208,-0.999925031219,0.0,0.654981351755,0.252278672829,0.303362246588,1.0,-0.0164,-0.0215542857143,0.821
0.460081382781,0.510585142245,-0.124109168618,-1.41449849112,0.0760983982549,1.91566105395,0.151508969067,-0.010212835967,-0.0911166437079,0.000517565834695,-0.143167697651,-0.00788107889669,0.0537480587526,-0.0225322279093,0.573979926174,0.818855033982,0.0020553764356,0.0,0.818811375924,-0.573919034208,-0.0120673001158,0.0,-0.00870191732646,0.00860951939682,-0.999925073598,0.0,0.65474738649,0.251995496691,0.303358161017,1.0,-0.01668,-0.0219222857143,0.835
0.4598858497,0.509185058628,-0.124115993968,-1.41671360273,0.0759632788863,1.91647698109,0.151208315389,-0.0124832721291,-0.0860639460562,-0.00131955049126,-0.136056058252,-0.0073784055883,0.0533827937162,-0.0166472849365,0.573977364749,0.818856828714,0.00205565690238,0.0,0.818813174891,-0.573916472468,-0.012067069069,0.0,-0.00870159408433,0.00860958922046,-0.99992507581,0.0,0.65446042085,0.251629058965,0.303355349571,1.0,-0.01702,-0.0223691428571,0.852
0.459678688761,0.507675600518,-0.12411847145,-1.41908987497,0.0758080526775,1.91732017379,0.150865945073,-0.0131376645247,-0.0886962633709,-0.000687369198148,-0.140375597166,-0.00787362161214,0.0466469481323,-0.0165111296243,0.57394953424,0.818876397957,0.00203074262779,0.0,0.818832415122,-0.573888749389,-0.0120799905341,0.0,-0.00872676680624,0.00859630833665,-0.999924970697,0.0,0.654161236917,0.25126216271,0.303353403721,1.0,-0.01736,-0.022816,0.869
0.459464236122,0.506115179902,-0.124124180845,-1.42153286113,0.0756555552028,1.91823152624,0.150539434561,-0.0113126522232,-0.0915363872621,-0.000943687048763,-0.143543619791,-0.00994581367701,0.0518854486669,-0.0215702732335,0.573947117433,0.818878040292,0.00205144305854,0.0,0.818834348114,-0.573886263603,-0.012067050093,0.0,-0.00870431492544,0.00860580634477,-0.999925084693,0.0,0.653862467414,0.250886437169,0.303360825844,1.0,-0.0177,-0.0232628571429,0.886
0.459234541439,0.50448948812,-0.124124494598,-1.42400473105,0.0754949861466,1.91918490838,0.150201006014,-0.0129551936074,-0.097709971544,0.000559223388061,-0.148223091646,-0.00942467030297,0.0554283020623,-0.0148161523856,0.573942470933,0.818881079229,0.00213659579875,0.0,0.818838609066,-0.573881366317,-0.0120106868609,0.0,-0.00860933745908,0.00864313683368,-0.999925584978,0.0,0.653568895852,0.250502940129,0.303402931692,1.0,-0.01804,-0.0237097142857,0.903
0.45900722644,0.502824021816,-0.124130333602,-1.42647955193,0.075339366604,1.92012479606,0.149846517553,-0.0140498784014,-0.0941218221757,-0.00159449951518,-0.146046067954,-0.0107834738866,0.0602181315868,-0.0194705747634,0.573927609,0.81889120535,0.00224506778835,0.0,0.818850223896,-0.573866134464,-0.0119464405859,0.0,-0.0084946303057,0.00869493374711,-0.999926116962,0.0,0.653272282306,0.250117926168,0.303469742031,1.0,-0.01838,-0.0241565714286,0.92
0.458762954692,0.501021395685,-0.124129465752,-1.4291955206,0.0751706805287,1.92107251645,0.149477179859,-0.0128516785329,-0.0990114760632,8.67875209234e-05,-0.15449554859,-0.00871351941247,0.050407885181,-0.0192613525189,0.573917505522,0.818898197221,0.00227735465771,0.0,0.818857528872,-0.573855791171,-0.0119425814246,0.0,-0.00847304837235,0.00871905341689,-0.999926090048,0.0,0.652925051029,0.249697619617,0.303517335171,1.0,-0.01874,-0.0246297142857,0.938
0.458532946644,0.499413812999,-0.124129167483,-1.43164588204,0.0750085644308,1.92196396772,0.149121215631,-0.0180597119191,-0.10542775511,0.00121274862553,-0.157146838868,-0.0105591875657,0.0619386132866,-0.0229985090041,0.573894969158,0.818913888271,0.00231406000782,0.0,0.818873738874,-0.57383315246,-0.0119188850961,0.0,-0.00843281854655,0.00873527934642,-0.999926288516,0.0,0.652620506547,0.249312548403,0.303549743551,1.0,-0.01906,-0.0250502857143,0.954
0.458243539307,0.497551267167,-0.124134694661,-1.43458709596,0.0748313051078,1.92306069115,0.148692708245,-0.0167504510112,-0.0951000964722,-0.00140232561368,-0.156554543314,-0.00413890714488,0.0530141906139,-0.0252281912313,0.573886743808,0.818919609844,0.00232911901075,0.0,0.818879601988,-0.573824811513,-0.0119176357233,0.0,-0.00842324149297,0.00874680961083,-0.999926268444,0.0,0.65226086381,0.248841981944,0.303543778508,1.0,-0.01944,-0.0255497142857,0.973
0.457978679839,0.495874426443,-0.124130117293,-1.43728283983,0.0746710746468,1.92399478077,0.148288379167,-0.0117937054379,-0.0916213740438,0.000172627307652,-0.162495669964,-0.00876869792383,0.0518680302327,-0.02649406767,0.573862131922,0.818937042541,0.00226291858787,0.0,0.818895932804,-0.573800223198,-0.0119792318783,0.0,-0.00851193741675,0.00872769040746,-0.999925684409,0.0,0.651912474936,0.248412009672,0.303510124705,1.0,-0.01978,-0.0259965714286,0.99
0.457768481974,0.494583880176,-0.124132288863,-1.43938608691,0.0745369102766,1.92472322606,0.14800729204,-0.0163136965886,-0.0976331471458,0.000485889070967,-0.159861923234,-0.0145258638926,0.0577192272052,-0.016176061239,0.573875143003,0.818928126639,0.0021887310917,0.0,0.818885963276,-0.573813452219,-0.0120269739922,0.0,-0.00859346938776,0.00869446998353,-0.999925276446,0.0,0.651641886343,0.248069262116,0.303471243171,1.0,-0.0214611428571,-0.0282060734694,1.003
0.457446711847,0.492164414916,-0.124218224929,-1.44302483177,0.0743289775065,1.92606882885,0.147485373223,-0.0184966672639,-0.157430738955,-0.00112816937016,-0.237318059391,-0.0088372564912,0.0858528557636,-0.0323982856783,0.573899893648,0.818910510513,0.00228795593484,0.0,0.818869841802,-0.573837996064,-0.0119533828305,0.0,-0.00847599797656,0.00873375140134,-0.99992593678,0.0,0.651200736707,0.247467465866,0.303542609079,1.0,-0.0347914285714,-0.045725877551,1.021
0.4570307435,0.488915718801,-0.124263956671,-1.44819699676,0.0740564017208,1.92804731173,0.146690046961,-0.0287968623953,-0.207777599357,-0.00127256234601,-0.336529166111,-0.0208279468817,0.122894850318,-0.05562262258,0.573808342597,0.818974498037,0.00234615252597,0.0,0.818934353013,-0.573745979027,-0.0119508955997,0.0,-0.00844154567284,0.00877903752124,-0.999925831653,0.0,0.650549314941,0.246689614001,0.303513226964,1.0,-0.0473811428571,-0.0622723591837,1.038
0.456428583587,0.484821235598,-0.124340040441,-1.4546499855,0.073684766648,1.93048607331,0.145728972982,-0.0417366115523,-0.281352964153,-0.0101208448386,-0.435337186258,-0.0336387349578,0.160868931257,-0.0697001898686,0.573789629716,0.818987424687,0.00240955114308,0.0,0.818948134828,-0.573727046665,-0.0119153383561,0.0,-0.00837624888216,0.00881036462449,-0.999926105235,0.0,0.649751687361,0.245648034199,0.303499671989,1.0,-0.0592302857143,-0.0778455183673,1.054
0.455604016609,0.479460053831,-0.124493928871,-1.46319203829,0.0731695853047,1.93344690042,0.144421047603,-0.0559430249585,-0.340268443715,-0.00998000964735,-0.543990197551,-0.0344070252629,0.184248734126,-0.0814304777488,0.573783958561,0.81899197588,0.00220436901816,0.0,0.818950002336,-0.573722199639,-0.0120199091992,0.0,-0.00857967892843,0.00870226664002,-0.999925327044,0.0,0.648649231732,0.244199455746,0.303413511889,1.0,-0.07182,-0.094392,1.071
0.454517640635,0.472580988504,-0.124658265596,-1.47396986711,0.0725271735214,1.93724015486,0.142868265898,-0.0612329806254,-0.39374532177,-0.00545994694975,-0.634938394211,-0.0389594800146,0.215985460941,-0.089851480543,0.573868265353,0.818933167915,0.0021041414865,0.0,0.818889767497,-0.573806801307,-0.01208512988,0.0,-0.00868971030527,0.00865849915639,-0.999924756833,0.0,0.647258528021,0.242368055436,0.303378294256,1.0,-0.0851502857143,-0.111911804082,1.089
0.453379573777,0.465468569837,-0.124775870612,-1.48472525021,0.0718965458355,1.94128262907,0.141158518934,-0.0744846493401,-0.460424970321,-0.006315184745,-0.691903029794,-0.0512898678713,0.259761681264,-0.112302151291,0.57382828516,0.818960230567,0.00244679404251,0.0,0.818921344733,-0.573765465298,-0.0119066734394,0.0,-0.00834736681564,0.00883628799522,-0.999926118012,0.0,0.645910634171,0.240556994855,0.303522979816,1.0,-0.0969994285714,-0.127484963265,1.105
0.452009077839,0.457561838178,-0.124840817125,-1.49704609001,0.0711186145743,1.9455825823,0.139256547515,-0.0897837774756,-0.516796858866,-0.00429675929322,-0.788653311044,-0.0477177278943,0.271042343673,-0.118059553029,0.573804100876,0.818977458628,0.00235010202069,0.0,0.81893685909,-0.573741195908,-0.0120086570278,0.0,-0.00848663246424,0.00881537153912,-0.999925130344,0.0,0.644271970781,0.238450909003,0.303478316627,1.0,-0.108848571429,-0.143058122449,1.121
0.450151973445,0.446892936922,-0.125022506292,-1.51320420984,0.0699929109679,1.95130631845,0.136735287399,-0.104044115069,-0.58741168928,-0.00824275464249,-0.886987219219,-0.0626164667606,0.314707238646,-0.13039671884,0.573821157192,0.818965131468,0.002477881996,0.0,0.818927082769,-0.573758677638,-0.0118389122706,0.0,-0.00827410934899,0.00882279287954,-0.999926846044,0.0,0.642147444631,0.23559322719,0.303611377619,1.0,-0.122919428571,-0.16155124898,1.14
0.448391616178,0.437128973869,-0.125121518932,-1.52824909773,0.0690222534782,1.95644935116,0.134361688601,-0.114014875027,-0.632729451669,-0.00301894525762,-0.954110596871,-0.0618797682977,0.322204725623,-0.149171071759,0.573795348509,0.818983554208,0.00236280923842,0.0,0.818943399169,-0.57373268308,-0.0119693033848,0.0,-0.00844720437837,0.00880310712347,-0.999925572252,0.0,0.640073461824,0.2329594252,0.303577455145,1.0,-0.134768571429,-0.177124408163,1.156
0.446271079662,0.425722032576,-0.125246510088,-1.54529358233,0.0678646518988,1.96249859359,0.131545161243,-0.131682850817,-0.694391899589,-0.00668196075424,-1.01435787481,-0.0769541845645,0.356623825245,-0.165630668441,0.573736953056,0.819023480444,0.00268217812611,0.0,0.818987764516,-0.573673372248,-0.0117749925084,0.0,-0.00810545723106,0.00895259175672,-0.999927073673,0.0,0.637763742298,0.229906490468,0.303763943628,1.0,-0.147358285714,-0.193670889796,1.173
0.443896478466,0.413519417614,-0.125400387297,-1.56354516085,0.0665380850944,1.96891783687,0.128504751308,-0.139979346769,-0.74770791781,-0.00482590385066,-1.09671816162,-0.0834637783366,0.397195541785,-0.185212748743,0.573701963128,0.81904717602,0.00292024965635,0.0,0.819015397893,-0.573638529719,-0.0115482525279,0.0,-0.00778354575904,0.00901715818843,-0.99992905112,0.0,0.635252493443,0.226554749187,0.303915584012,1.0,-0.159948,-0.210217371429,1.19
0.441240614666,0.400580209816,-0.125536767347,-1.58309559351,0.0652369137104,1.97552216334,0.125197015233,-0.160689196213,-0.773409510391,-0.00878278012812,-1.16617713482,-0.0774604881252,0.388655206028,-0.194816669423,0.573702568225,0.819046732889,0.00292565499251,0.0,0.81901423035,-0.573638198008,-0.0116471100149,0.0,-0.00786141130396,0.00907830478543,-0.999927888697,0.0,0.632450908824,0.222925928521,0.303925290006,1.0,-0.172537714286,-0.226763853061,1.207
0.438454654331,0.38761683676,-0.125684192153,-1.60250428526,0.0638172877542,1.98219567957,0.121877442557,-0.174994038271,-0.785989765263,-0.0110977514918,-1.24754157419,-0.0989655023523,0.416584733724,-0.214276629609,0.573734939206,0.819023566137,0.00306015485794,0.0,0.818993187898,-0.573670572662,-0.011531658148,0.0,-0.0076893270334,0.00912253680613,-0.999928824253,0.0,0.62966918261,0.219229262903,0.303982648701,1.0,-0.184386857143,-0.242337012245,1.223
0.435444822718,0.373920752633,-0.125827340744,-1.62283140392,0.0622966324901,1.98895322643,0.11817332668,-0.190828814914,-0.880288211369,-0.0115106956619,-1.28553048436,-0.0903141384852,0.430577374301,-0.24362715224,0.573604615613,0.819114634144,0.00311576325924,0.0,0.81908509114,-0.573540230834,-0.011487558007,0.0,-0.00762275805689,0.00914156753159,-0.999929160142,0.0,0.626657446503,0.215310041839,0.304055942106,1.0,-0.196236,-0.257910171429,1.239
0.432291836527,0.360520240682,-0.125985910669,-1.64268255919,0.0607677600516,1.9955371871,0.114662303808,-0.212455574983,-0.91604472495,-0.0125670654744,-1.3466544444,-0.102434073542,0.456640300115,-0.241888414842,0.573706959443,0.819042790306,0.00315899282368,0.0,0.819014165984,-0.573642864733,-0.0114195691841,0.0,-0.00754112730566,0.00913892214017,-0.999929803287,0.0,0.623691834344,0.211353577583,0.304097452722,1.0,-0.207344571429,-0.272510008163,1.254
0.427618641791,0.341763784769,-0.126244478067,-1.67035793466,0.0586770364377,2.00446586081,0.109456707558,-0.244841905119,-0.982530404097,-0.0145175651985,-1.39975792991,-0.108253015884,0.46818594433,-0.27205583491,0.573810885848,0.818970124138,0.00312249145572,0.0,0.818940669083,-0.573746454617,-0.0114862194207,0.0,-0.0076154987645,0.00914822911455,-0.999929154532,0.0,0.619449528704,0.205677237133,0.304106535457,1.0,-0.222156,-0.291976457143,1.274
0.423343331516,0.325127718264,-0.126406360464,-1.69475844925,0.0567306239718,2.01231514811,0.104700603713,-0.25543934171,-1.00079855965,-0.0146609413497,-1.45138632958,-0.12944199356,0.476605775089,-0.286022272178,0.573754409112,0.819009669597,0.00312826356673,0.0,0.818980312563,-0.573689995657,-0.0114796959217,0.0,-0.00760747491932,0.00914868856458,-0.999929211406,0.0,0.615610825578,0.200645188247,0.304099788993,1.0,-0.234745714286,-0.308522938775,1.291
0.418760551831,0.30776221871,-0.126561925684,-1.719885948,0.0546798491014,2.02024521271,0.0996655938965,-0.279908206554,-1.05231589601,-0.0139857877975,-1.47996731683,-0.127201744312,0.488143801251,-0.308950257009,0.57365279787,0.819080535867,0.00320782790194,0.0,0.81905217793,-0.573588121775,-0.0114430453884,0.0,-0.0075329488,0.00919189040507,-0.999929379423,0.0,0.611551625593,0.195393923605,0.304153503375,1.0,-0.247335428571,-0.325069420408,1.308
0.41373564973,0.289699245509,-0.126743006736,-1.74580708236,0.0525008669452,2.02819801837,0.0943152798157,-0.305888065411,-1.10660483417,-0.0165480006476,-1.52868148443,-0.126223242926,0.493899566571,-0.321801039608,0.573598997116,0.819118165249,0.00322005699486,0.0,0.819089883138,-0.573534191201,-0.0114473475692,0.0,-0.00753006253073,0.00920388039617,-0.999929290872,0.0,0.607260974417,0.189818018057,0.304200683657,1.0,-0.259925142857,-0.341615902041,1.325
0.408937340706,0.273391422426,-0.126888216602,-1.76914835843,0.0505720707436,2.03522594213,0.0892905579116,-0.329020986516,-1.10144253675,-0.00768512321407,-1.54682191407,-0.131439368718,0.455665426853,-0.341350129941,0.573553447309,0.819150125185,0.00320349668824,0.0,0.819120812597,-0.573487704645,-0.0115626075246,0.0,-0.00763449242627,0.00925600242274,-0.999928017882,0.0,0.603308442809,0.184692167358,0.304183850502,1.0,-0.271033714286,-0.356215738775,1.34
0.402638867261,0.25302327998,-0.127192885878,-1.79783111386,0.0479979800547,2.04385441221,0.0829610380454,-0.356722274921,-1.14505300752,-0.0120367869195,-1.61077887272,-0.139014873518,0.494160321011,-0.352488706572,0.573658407435,0.819076058267,0.00334503419008,0.0,0.819049313897,-0.573593133079,-0.0113967535083,0.0,-0.0074162620853,0.00927777005168,-0.999929458532,0.0,0.598417650863,0.178125824169,0.304270596402,1.0,-0.284364,-0.373735542857,1.358
0.396242183283,0.233196549058,-0.12742580617,-1.82555929424,0.0454939217075,2.0518896627,0.0765219783592,-0.384253021428,-1.18674125884,-0.0134236541434,-1.61088738298,-0.147226100662,0.497578095892,-0.389191267751,0.573624189809,0.819099843804,0.0033884578712,0.0,0.819073517778,-0.573558617007,-0.0113943948109,0.0,-0.00738981007619,0.00931167587877,-0.999929339203,0.0,0.593520682317,0.171698968647,0.3043030593,1.0,-0.296953714286,-0.39028202449,1.375
0.389849841576,0.21401587191,-0.127621479507,-1.8521464048,0.0430286169486,2.0594251339,0.0701289098737,-0.420384410834,-1.22057333592,-0.0203560507581,-1.69458583686,-0.156129138719,0.488231498744,-0.396625211513,0.57351150378,0.819178554409,0.00343481156505,0.0,0.819152609871,-0.573445539343,-0.0114000899361,0.0,-0.00736917370298,0.00935189763343,-0.999929116133,0.0,0.588694225293,0.165468677591,0.304320593685,1.0,-0.308802857143,-0.405855183673,1.391
0.38202720919,0.191800632435,-0.127909295465,-1.88263909149,0.0400693541734,2.0676827674,0.0624770733928,-0.445509509096,-1.26052274433,-0.0188030058571,-1.72716972202,-0.166090740309,0.47133816288,-0.436564519901,0.573440480799,0.819228717552,0.00332719403101,0.0,0.819201200954,-0.573374612501,-0.0114757569013,0.0,-0.00749368529762,0.0093064840797,-0.999928614469,0.0,0.583007402199,0.158074110166,0.304312176113,1.0,-0.322133142857,-0.423374987755,1.409
