position_joint1,position_joint2,position_joint3,position_joint4,position_joint5,position_joint6,position_joint7,velocity_joint1,velocity_joint2,velocity_joint3,velocity_joint4,velocity_joint5,velocity_joint6,velocity_joint7,ee_T_00,ee_T_10,ee_T_20,ee_T_30,ee_T_01,ee_T_11,ee_T_21,ee_T_31,ee_T_02,ee_T_12,ee_T_22,ee_T_32,ee_T_03,ee_T_13,ee_T_23,ee_T_33,v_x,v_y,time
0.465088621462,0.547750526861,-0.12400889958,-1.35582722794,0.0795266805602,1.89410837972,0.15915122755,3.46214260533e-05,-0.00103519474919,-0.00131061423462,-0.000189788919652,0.000260658983546,-0.000684340459968,-0.00110528306924,0.573807991541,0.81897568181,0.00199207154949,0.0,0.81893295772,-0.573749122875,-0.0118954471159,0.0,-0.00859929817112,0.00845723849215,-0.999927260949,0.0,0.661680067693,0.260894518375,0.303240250694,1.0,0.0,0.0,0.0
0.46508578693,0.547755816694,-0.124003892176,-1.35582669459,0.079525573574,1.8941090168,0.159156430733,-0.000597625715049,0.00139801049397,0.000798826293512,0.00128081148369,4.68131542004e-05,0.000184743787191,0.000819128505283,0.573810766788,0.818973744972,0.00198893567131,0.0,0.818930966253,-0.573751897119,-0.0118987379719,0.0,-0.00860376403178,0.00845658778614,-0.999927228036,0.0,0.661679828036,0.260895397524,0.303236644664,1.0,-0.00018,-0.000236571428571,0.01
0.465085432727,0.547751917403,-0.124006637196,-1.35583519988,0.0795254562806,1.89410931714,0.159156446804,-2.52042717414e-06,0.000818741703597,-0.000152832693204,-0.000717064739708,5.43572515771e-05,9.14755150714e-05,0.000602150793789,0.573811788847,0.818973032656,0.001987376066,0.0,0.818930238636,-0.573752930394,-0.0118989921183,0.0,-0.00860485648918,0.00845546710282,-0.999927228113,0.0,0.661678042601,0.260894506305,0.303237851029,1.0,-0.00052,-0.000683428571429,0.027
0.46508290193,0.547735940789,-0.124004947034,-1.3558500914,0.0795266741693,1.89410651687,0.159156428764,0.000346574200907,0.000703879052248,0.000763915038248,-0.00216761550904,3.17131941415e-05,-0.000516407485944,0.000311374928747,0.573815381467,0.81897052006,0.0019854887354,0.0,0.818927664424,-0.573756493965,-0.0119043258676,0.0,-0.00861027066553,0.0084570197655,-0.999927168376,0.0,0.661675423904,0.260890369261,0.303239408934,1.0,-0.00084,-0.001104,0.043
0.465084344634,0.547651683043,-0.124003736816,-1.35593801758,0.0795224932817,1.89412344105,0.159154547459,9.02592139616e-05,-0.0063250878914,0.00131674225507,-0.0105151497652,5.8115810648e-05,0.000735153663596,-0.000446854201257,0.573815475329,0.818970421461,0.00199898630468,0.0,0.818927705775,-0.573756496974,-0.011901335864,0.0,-0.00860007624691,0.00846635896786,-0.999927177076,0.0,0.661660452155,0.260883168052,0.3032586703,1.0,-0.00118,-0.00155085714286,0.06
0.46508078903,0.54749919181,-0.124006994317,-1.35612086801,0.0795201973487,1.8941505005,0.159144225334,-0.000760896581589,-0.014307050931,-0.000437269448204,-0.0122046944929,0.000193011267338,-0.000406312991774,-0.000387736904964,0.573819525963,0.81896758667,0.00199762590754,0.0,0.818924717629,-0.573760419237,-0.0119178469114,0.0,-0.00861433749786,0.0084747616629,-0.999926983136,0.0,0.661630073114,0.260863609586,0.303277558288,1.0,-0.00152,-0.00199771428571,0.077
0.465062370655,0.547370967482,-0.124007317263,-1.35630390636,0.0795181593306,1.8942148075,0.159147859812,-0.00257115313904,-0.0111843609017,0.000488961807202,-0.011692168236,3.97647910048e-05,0.00486235824474,-0.00060072694492,0.573849460745,0.818946567508,0.00201565630707,0.0,0.818903870302,-0.573790213739,-0.0119159020756,0.0,-0.00860208885719,0.00848872616572,-0.999926970131,0.0,0.661608999592,0.260832313617,0.303291417274,1.0,-0.00184,-0.00241828571429,0.093
0.46504214235,0.547182815542,-0.124004455222,-1.35651524636,0.0795142303692,1.89435172613,0.159140345071,-0.00024341537787,-0.0146592878317,0.000506161717219,-0.0128202036482,0.000417624920636,0.0051089423349,0.0012493273548,0.57386897994,0.818932634484,0.0021168234413,0.0,0.818891245631,-0.573809310344,-0.0118638144017,0.0,-0.00850117545804,0.00854188771135,-0.999927380448,0.0,0.661597664929,0.260806652256,0.303335890227,1.0,-0.00218,-0.00286514285714,0.11
0.465018810862,0.547006583542,-0.124004569251,-1.35674809115,0.079510863942,1.89447520812,0.159128914855,9.53523337218e-06,-0.00866575139335,-0.000518398265103,-0.0194512196814,-0.000190662212171,0.0125438711031,0.000390097036885,0.573891159486,0.818916929836,0.00217853007643,0.0,0.818876302652,-0.573831200245,-0.0118364471501,0.0,-0.00844312098803,0.00857694416612,-0.999927572245,0.0,0.661579849583,0.260773675147,0.303360610664,1.0,-0.0025,-0.00328571428571,0.126
0.464983933806,0.546763393544,-0.124004534283,-1.35707690658,0.0795045229507,1.89459738304,0.159103651258,-0.002455912548,-0.0150204216259,0.000111569494035,-0.0248325162288,0.000627198779755,0.00135018835645,-0.00127129001764,0.573915678645,0.818899641401,0.00221766087435,0.0,0.818859407047,-0.573855444253,-0.0118299405482,0.0,-0.00841507932278,0.0086055065093,-0.999927563225,0.0,0.661544653201,0.260722056338,0.303386940806,1.0,-0.00284,-0.00373257142857,0.143
0.464949550543,0.546490521736,-0.124009449209,-1.35747643484,0.0794908062629,1.89473984336,0.159027973221,-0.00212093886629,-0.013729781613,-0.000364524147407,-0.0233681687829,-0.00359856395297,0.00367911789099,-0.00828613808399,0.573903956899,0.818907805244,0.00223644083182,0.0,0.818867737236,-0.573843570738,-0.011829291512,0.0,-0.00840389375797,0.00862039241871,-0.999927529076,0.0,0.661499458705,0.260660074147,0.303402531297,1.0,-0.00318,-0.00417942857143,0.16
0.46490301313,0.546208583911,-0.12400699101,-1.3579386935,0.0794711605634,1.89489628307,0.158940366041,-0.00215357344792,-0.0124002895542,0.000517612660185,-0.0282904500037,0.000312775956584,0.00502253264889,-0.000755131610175,0.573889190993,0.8189181937,0.0022215738527,0.0,0.818877819451,-0.573828749421,-0.0118503185688,0.0,-0.00842980083128,0.008620133253,-0.999927313239,0.0,0.661444667488,0.260586977319,0.30339562605,1.0,-0.00352,-0.00462628571429,0.177
0.464866315449,0.545910038167,-0.124005109615,-1.35842387902,0.0794440029466,1.89506881922,0.158911078578,-0.00108918368576,-0.0190439173334,-0.000197921769974,-0.0355912163695,0.000682373110509,0.0100249801663,-0.00200901306579,0.573911799154,0.818902401128,0.00220252597092,0.0,0.818861739549,-0.57385138979,-0.0118651102132,0.0,-0.00845260739267,0.00861325682946,-0.999927179966,0.0,0.661380815096,0.260511616566,0.303386632889,1.0,-0.00386,-0.00507314285714,0.194
0.46480926055,0.54554582463,-0.124007721801,-1.35905042507,0.0793848756876,1.89527738841,0.158806432219,-0.00521199672423,-0.0229477343368,-0.000292920958888,-0.0389578285213,-0.000130733726446,0.00114912117553,-0.0106568128892,0.573895933682,0.818913653668,0.00215221772625,0.0,0.818872496241,-0.573835888025,-0.0118724646165,0.0,-0.00848766702084,0.00857611618494,-0.99992720222,0.0,0.661312282727,0.260413166873,0.303368686877,1.0,-0.0042,-0.00552,0.211
0.464740397364,0.545155776278,-0.12400550879,-1.35973048207,0.0793563288002,1.89549712683,0.158726969995,-0.00624547256719,-0.0236392629235,0.00475650266963,-0.0455480950142,-0.00038661070353,0.0135974360122,-0.00238852671391,0.573915976139,0.818899744534,0.00209943688106,0.0,0.818857722442,-0.573855963193,-0.0119210236867,0.0,-0.00855751363672,0.00856097087378,-0.999926736685,0.0,0.661229143765,0.260303588758,0.303340078962,1.0,-0.00454,-0.00596685714286,0.228
0.46468889374,0.544753879426,-0.124005496804,-1.36038335476,0.0793302716324,1.8957218217,0.158669111971,-0.00306928771344,-0.0242534211271,0.000889338732559,-0.039801786332,-0.00235904450301,0.0169336381754,-0.00573858296101,0.57394019711,0.818882808316,0.00208405542486,0.0,0.818840436354,-0.573880095085,-0.0119466798321,0.0,-0.0085870981338,0.0085633535022,-0.999926462657,0.0,0.66114932793,0.260208347862,0.303333269158,1.0,-0.00486,-0.00638742857143,0.244
0.464627148258,0.544307610886,-0.124012999349,-1.36113617168,0.0792973331407,1.89599337477,0.158564078187,-0.00595539871597,-0.0271754780203,-0.00102303487592,-0.044493240694,-0.00199969924813,0.0214909153337,-0.00062865364731,0.573943256885,0.818880728815,0.00205833749484,0.0,0.818837924307,-0.573883164475,-0.0119713888452,0.0,-0.0086220603888,0.00855650744436,-0.999926220406,0.0,0.661061733535,0.260092768998,0.303314562461,1.0,-0.0052,-0.00683428571429,0.261
0.464558964472,0.543810447263,-0.124008210772,-1.36194696565,0.0792563552288,1.89628013686,0.158462569837,-0.00579606182387,-0.0258069131216,0.00393662832728,-0.0522304788033,-0.000527942129623,0.0187029740006,-0.00791146618418,0.573946854742,0.818878251598,0.00204056203561,0.0,0.818835089765,-0.573886712092,-0.0119951804781,0.0,-0.00865170755222,0.00855564462772,-0.999925971711,0.0,0.660964375543,0.259973577316,0.303305127711,1.0,-0.00554,-0.00728114285714,0.278
0.464484035319,0.543297575551,-0.124018347461,-1.36278605267,0.0792078625969,1.89656933146,0.158355278558,-0.000921968531626,-0.0291834467057,-0.000789540426996,-0.0529747387519,-0.00142584017364,0.0208895118867,-0.00345819969014,0.573961167861,0.818868301004,0.00200756058154,0.0,0.818824699312,-0.573901153925,-0.0120135016457,0.0,-0.00868550157025,0.00853928803197,-0.99992581856,0.0,0.660866878837,0.259837082191,0.303293974747,1.0,-0.00588,-0.007728,0.295
0.46439859013,0.542731691566,-0.124011358036,-1.36367419456,0.079150295221,1.8968927238,0.158233327513,-0.0045348329007,-0.0359127863258,-0.000404491806874,-0.0514607900576,-0.0060981499479,0.0217404046904,-0.00828365266124,0.573960421779,0.818868823083,0.00200791329763,0.0,0.818825210552,-0.573900391254,-0.0120150898068,0.0,-0.00868660746635,0.00854048047265,-0.999925798769,0.0,0.66076548847,0.259699299384,0.303299297097,1.0,-0.00622,-0.00817485714286,0.312
0.464322242675,0.542140889873,-0.124022229438,-1.36459118523,0.0790984395571,1.89722945048,0.158110689889,-0.00354488322133,-0.0343521448617,-0.000561444019134,-0.0545808712531,-0.00522355739712,0.0202866552266,-0.0086281778996,0.573967259736,0.818864010225,0.00201603812033,0.0,0.818820515307,-0.573907205246,-0.012009595374,0.0,-0.00867737369214,0.00854405241939,-0.999925848428,0.0,0.660662036498,0.259555917711,0.303310194086,1.0,-0.00656,-0.00862171428571,0.329
0.464224736189,0.541549925921,-0.124018011425,-1.36549970916,0.0790462921104,1.8975573132,0.158004801873,-0.0107683472394,-0.0423301656097,0.000642045953655,-0.0525215580353,-0.00146957041688,0.0196005508394,-0.0102057794339,0.573993905409,0.818845304637,0.00202744378459,0.0,0.818801895873,-0.573933737443,-0.0120111298686,0.0,-0.00867180586667,0.00855455485792,-0.999925806935,0.0,0.660560673718,0.259407671632,0.303323889219,1.0,-0.00688,-0.00904228571429,0.345
0.464139654789,0.540886660846,-0.124024348938,-1.36651796283,0.0789897534312,1.89793960481,0.157855615903,-0.00453010156994,-0.0408981982113,-0.000926316547143,-0.0624470795741,-0.00226538394026,0.0189920358118,-0.0116019396536,0.573987274092,0.818849892435,0.00205176561951,0.0,0.818806786826,-0.573926990161,-0.0120001130665,0.0,-0.00864889414521,0.00856807676409,-0.999925889599,0.0,0.660446029988,0.259252430079,0.303341455112,1.0,-0.00722,-0.00948914285714,0.362
0.464049576967,0.54021779145,-0.124026805107,-1.36753474035,0.0789189914004,1.89831262693,0.157735823644,-0.0041437548582,-0.0426296746767,-0.00100999435531,-0.0637429131132,-0.00134299760672,0.0269875450247,-0.00879194117441,0.574002039419,0.818839502679,0.00206748553687,0.0,0.818796689501,-0.573941774348,-0.011981979033,0.0,-0.00862486749042,0.00857069572683,-0.999926074685,0.0,0.660331040538,0.259093470474,0.303362624584,1.0,-0.00754,-0.00990971428571,0.378
0.463936659263,0.539439943746,-0.124032849271,-1.36875748072,0.0788523722866,1.89877354849,0.157583587218,-0.002755086911,-0.0455560478338,0.00013846545247,-0.0700119639094,-0.00334628569768,0.028551640427,-0.00638949995434,0.57402402251,0.818824053879,0.00208261173206,0.0,0.818781403537,-0.573963657257,-0.0119783250741,0.0,-0.00861296307568,0.00858121531394,-0.999926087074,0.0,0.660195145599,0.258900969505,0.30337043311,1.0,-0.0079,-0.0103828571429,0.396
0.46384219009,0.538726403236,-0.124033182589,-1.3698552701,0.078792399632,1.89919844835,0.157444630708,-0.00525253061275,-0.0461004049965,0.000672306944071,-0.0715973469411,3.90637749675e-05,0.0308897416194,-0.0102911820765,0.574032580389,0.81881795925,0.00211970820777,0.0,0.81877575551,-0.573972022967,-0.0119635254635,0.0,-0.0085794614786,0.00860318471963,-0.999926186302,0.0,0.660072581737,0.258736593016,0.303388842581,1.0,-0.00822,-0.0108034285714,0.412
0.463730939269,0.53793772086,-0.124046652442,-1.37107612094,0.0787205968075,1.89966853176,0.157299453647,-0.00426704914152,-0.0484324504089,-0.00195976815858,-0.0709036168641,-0.00911819208051,0.0270999408441,-0.00662266133643,0.574062551408,0.818796871915,0.00214860762392,0.0,0.818755111701,-0.574001938589,-0.0119410409745,0.0,-0.00854414655719,0.00861425377447,-0.999926393387,0.0,0.659940295313,0.258541060022,0.303405968475,1.0,-0.00856,-0.0112502857143,0.429
0.463626687374,0.537130413589,-0.124045666018,-1.37233804658,0.078642210171,1.90013604957,0.157146234474,-0.00914464454337,-0.0481887042521,0.000592632403614,-0.075082629835,-0.00679399673602,0.0349873619953,-0.00385891755345,0.574070329945,0.818791393492,0.00215803659433,0.0,0.81874975877,-0.574009680276,-0.0119359275157,0.0,-0.00853446514253,0.00861911973289,-0.999926434134,0.0,0.659793444431,0.258352681617,0.303415848814,1.0,-0.0089,-0.0116971428571,0.446
0.463524200402,0.536328062329,-0.124054830557,-1.37358927367,0.0785765499299,1.90060393476,0.156989285329,-0.0060124771538,-0.0526172600078,-0.0012553757387,-0.0804251190573,-0.00403133619792,0.0269487704163,-0.0116499178268,0.574083503175,0.818782107603,0.00217682168684,0.0,0.818740668314,-0.574022725438,-0.01193212597,0.0,-0.0085204301771,0.00863245532136,-0.999926438787,0.0,0.659649902752,0.258162871793,0.303427564348,1.0,-0.00922,-0.0121177142857,0.462
0.463422777749,0.535467817312,-0.124056938858,-1.37497178324,0.0784965539997,1.90110805534,0.156825478426,-0.0100987300376,-0.0505291237727,-0.000135807533912,-0.0836661600158,-0.00119290185974,0.0346244585618,-0.011584832053,0.574088442028,0.818778684539,0.00216179917042,0.0,0.818736997895,-0.574027672736,-0.0119459663883,0.0,-0.00854033452613,0.00862815231386,-0.999926306122,0.0,0.65948325044,0.257963191666,0.303420406395,1.0,-0.00956,-0.0125645714286,0.479
0.463300419097,0.534566869924,-0.124055262837,-1.37641023464,0.0784164448199,1.90162516507,0.156657511574,-0.0124639479172,-0.0509479097725,-0.00086692551813,-0.0777384377354,-0.00980708562176,0.0358201692075,-0.00513264938599,0.57410729972,0.818765498367,0.00214802100099,0.0,0.818723521921,-0.574046473456,-0.0119661133013,0.0,-0.0085645417341,0.00862863444259,-0.999926094915,0.0,0.659311463782,0.257746677404,0.303416175448,1.0,-0.0099,-0.0130114285714,0.496
0.463176719633,0.533657251019,-0.124058005666,-1.37789555148,0.0783374385704,1.90217231819,0.156479807583,-0.00437333796933,-0.0518406742946,-0.00130304987985,-0.0877657265477,-0.000415213201398,0.038899875938,-0.0111346777053,0.574125250347,0.81875296538,0.00212732169937,0.0,0.818710607662,-0.574064395617,-0.0119898910843,0.0,-0.00859570472816,0.00862552612969,-0.999925854331,0.0,0.659135925154,0.257523492724,0.303398341433,1.0,-0.01024,-0.0134582857143,0.513
0.463045815317,0.532714805693,-0.124050323382,-1.37941747337,0.0782512364219,1.90274258317,0.156264584608,-0.00955271668132,-0.0588161602667,0.000933531318484,-0.0893133863556,-0.00127672099606,0.0369001876511,-0.0138739865269,0.574110987017,0.818762977827,0.00212311722428,0.0,0.818720458767,-0.574050044832,-0.012004304459,0.0,-0.00861007029838,0.00863020874757,-0.999925690332,0.0,0.658956824097,0.257298129115,0.30338769687,1.0,-0.01058,-0.0139051428571,0.53
0.462911520418,0.531732183469,-0.124055641332,-1.3809812926,0.0781558937665,1.90331239844,0.156078314666,-0.00862920358522,-0.0623486416072,-1.59787155732e-05,-0.0948978964371,-0.0111889590753,0.0318378182328,-0.0138999002291,0.574131873166,0.818748363708,0.00211093396434,0.0,0.818705684216,-0.574070977918,-0.0120109053187,0.0,-0.00862224915614,0.00862424324808,-0.999925636859,0.0,0.658772857001,0.257057060031,0.303385592287,1.0,-0.01092,-0.014352,0.547
0.462786606108,0.53079077101,-0.124055746539,-1.38251246548,0.0780695825189,1.90385335834,0.155883263811,-0.00796635624517,-0.0613231076376,0.00024635242098,-0.0964681910928,-0.0143041034019,0.028154412647,-0.0164082779032,0.574134636556,0.818746524358,0.00207240440374,0.0,0.818703218894,-0.574073781209,-0.0120449160416,0.0,-0.00867218707946,0.00861225346264,-0.999925308341,0.0,0.658585136141,0.256828063107,0.303367127405,1.0,-0.01124,-0.0147725714286,0.563
0.462647009063,0.529760166002,-0.124063889424,-1.38415543155,0.0779627281337,1.90445387963,0.155662635172,-0.00630865240549,-0.0585517346356,-0.00062081350288,-0.0913300799758,-0.00803004948614,0.0444889196884,-0.0108416263048,0.574134576397,0.818746608806,0.00205563995217,0.0,0.818703154364,-0.574073861857,-0.012045458414,0.0,-0.00868225622238,0.00859883863139,-0.999925336413,0.0,0.658391851,0.256573373607,0.303363470531,1.0,-0.01158,-0.0152194285714,0.58
0.462499297244,0.528691840519,-0.124064514428,-1.38582810511,0.0778546466638,1.90507881593,0.155430552978,-0.00927405250624,-0.0631591341334,3.08662184885e-05,-0.102652938229,-0.00650177828373,0.0389067553311,-0.0118971213523,0.574127618298,0.818751455222,0.00206866650031,0.0,0.818708220776,-0.574066898705,-0.0120329525331,0.0,-0.00866461125538,0.00860225026871,-0.999925460123,0.0,0.658197446464,0.256316165865,0.303373858882,1.0,-0.01192,-0.0156662857143,0.597
0.462357982477,0.52757589446,-0.124064844276,-1.38755247582,0.0777483276771,1.9057508264,0.15518120299,-0.00890713618718,-0.0740502156495,-0.00105775035957,-0.105085958464,-0.0163614996586,0.0423344366449,-0.0128639986228,0.574104327941,0.81876765412,0.00212040273024,0.0,0.818725140986,-0.574043439379,-0.0120008385367,0.0,-0.00860886088732,0.00862592644294,-0.999925737696,0.0,0.6579992953,0.256061319467,0.303396977635,1.0,-0.01226,-0.0161131428571,0.614
0.462205729836,0.526413579764,-0.124062714324,-1.38934853244,0.0776320828334,1.90642193191,0.154948667721,-0.0125525144344,-0.0670707565368,0.00110427740794,-0.112126009649,-0.00828621417416,0.039270591295,-0.00749476847701,0.574102774452,0.818768670884,0.00214821934829,0.0,0.81872656463,-0.574041814582,-0.0119814181863,0.0,-0.00857700724483,0.00863753596902,-0.999925911215,0.0,0.657787626431,0.255791195562,0.303418146845,1.0,-0.0126,-0.01656,0.631
0.46205553646,0.525238046021,-0.124073399039,-1.39116222185,0.0775222227191,1.90708431202,0.154703876646,-0.0116068115988,-0.0726870538766,-0.000174571893247,-0.106376625316,-0.00624302046408,0.0430506374267,-0.0145413132315,0.574100929599,0.818769915572,0.00216676950452,0.0,0.818728066268,-0.574039908524,-0.0119701222993,0.0,-0.00855712860744,0.00864621981244,-0.999926006479,0.0,0.657571897893,0.255513525793,0.303439582948,1.0,-0.01294,-0.0170068571429,0.648
0.461914427674,0.524140257098,-0.124077869673,-1.39293952673,0.0774080084798,1.90771004438,0.154453159335,-0.0105852917422,-0.0674139523437,0.000931693588458,-0.108823111716,-0.00635637797329,0.0384363823716,-0.015807218401,0.574078942433,0.818785463547,0.00211646872658,0.0,0.818742952894,-0.57401812741,-0.0119963908434,0.0,-0.00860774474824,0.00861988518281,-0.999925799402,0.0,0.65735128097,0.25524561126,0.303420016207,1.0,-0.01326,-0.0174274285714,0.664
0.461752573408,0.522916592053,-0.124085459911,-1.39487144976,0.0772917484366,1.90844402529,0.154206982813,-0.00323432087143,-0.069192033939,0.00196708690065,-0.11607631648,-0.00681397064254,0.0490030246126,-0.0151270297861,0.574080509082,0.818784309983,0.00213769008126,0.0,0.818742021267,-0.574019550336,-0.0119918866211,0.0,-0.00859185813314,0.00863469131883,-0.999925808288,0.0,0.657108442797,0.254942268902,0.303420912439,1.0,-0.01362,-0.0179005714286,0.682
0.461594540732,0.521682900822,-0.124089032944,-1.39682296456,0.0771790288182,1.90921692085,0.153932500988,-0.0111894239204,-0.072340388108,-0.00170590035866,-0.11574351351,-0.0102667369719,0.0435699914129,-0.0194204625034,0.574069336964,0.818792026928,0.00218171899022,0.0,0.818750400525,-0.57400828679,-0.0119588978255,0.0,-0.00853968982607,0.00865168641438,-0.99992610828,0.0,0.65689893962,0.254665358706,0.303429704882,1.0,-0.01394,-0.0183211428571,0.698
0.461423455113,0.520423602804,-0.124087181832,-1.39885517766,0.0770474566587,1.90995498408,0.15366347418,-0.00569079069978,-0.0748167854187,-0.00143753561551,-0.117351983477,-0.00714242133202,0.048460067068,-0.0118433777589,0.574060706897,0.818798169148,0.00214706730561,0.0,0.8187560929,-0.573999802456,-0.011976394324,0.0,-0.00857399861225,0.00863326804721,-0.999925973875,0.0,0.656650216565,0.254358221315,0.303410895858,1.0,-0.01428,-0.018768,0.715
0.461268255828,0.519171363939,-0.124090368821,-1.40079392411,0.076924963529,1.91065726074,0.153404496266,-0.00989333604108,-0.0827872718339,9.22358030334e-05,-0.116206731039,-0.00698942355589,0.0407111266486,-0.0172244076011,0.574047964301,0.818807074689,0.00215778184619,0.0,0.818765143603,-0.573987022708,-0.0119701413741,0.0,-0.00856286252623,0.00863831816576,-0.999926025686,0.0,0.65641216628,0.254068666661,0.303428274138,1.0,-0.0146,-0.0191885714286,0.731
0.461088708049,0.517805370391,-0.124093604478,-1.4028993351,0.07678107718,1.91141943938,0.153119037717,-0.0101602890127,-0.0830644658779,-3.1589239297e-05,-0.127369383815,-0.0122778323607,0.0379504572584,-0.0186490997115,0.574029279992,0.818820163412,0.00216162054215,0.0,0.818778333928,-0.573968376978,-0.0119619823017,0.0,-0.00855417516316,0.00863658243498,-0.999926115036,0.0,0.656137581277,0.253731234257,0.303445030417,1.0,-0.01496,-0.0196617142857,0.749
0.460903840138,0.516482003301,-0.124099035896,-1.40502645765,0.0766458626666,1.91220680037,0.15282426634,-0.0157874187384,-0.0725866112298,-0.000847197061819,-0.124099857104,-0.00502502264061,0.05355777043,-0.0164839123249,0.574026148272,0.818822392553,0.00214882615416,0.0,0.818780479779,-0.573965382497,-0.0119587846307,0.0,-0.00855893360388,0.00862423803237,-0.999926180862,0.0,0.655899824436,0.253417541361,0.303435318226,1.0,-0.01528,-0.0200822857143,0.765
0.460718965807,0.51509623417,-0.124100232974,-1.40721698161,0.0765116286147,1.91302690778,0.152513322125,-0.00685670839565,-0.0816629396468,0.000294022530323,-0.127895593765,-0.00551308099917,0.0515414870072,-0.0196636124434,0.574003211785,0.818838441737,0.00216011484422,0.0,0.818796661506,-0.573942387785,-0.011954476642,0.0,-0.0085491681517,0.00863076897967,-0.999926208053,0.0,0.655634665923,0.253087775663,0.30343554811,1.0,-0.01562,-0.0205291428571,0.782
0.460537594942,0.513771769437,-0.124106406701,-1.40934373005,0.0763804323696,1.91377015906,0.152222558791,-0.0127969519116,-0.0799140410504,-0.000566424422611,-0.134587518078,-0.00857576400797,0.0479031766721,-0.0216946116297,0.573994260954,0.818844851413,0.00210822387359,0.0,0.818802327131,-0.57393358502,-0.0119889938015,0.0,-0.0086073110796,0.00860799798113,-0.999925905538,0.0,0.65536693645,0.252759565381,0.303416253677,1.0,-0.01594,-0.0209497142857,0.798
0.460339876755,0.512371415559,-0.124112089201,-1.411621814,0.0762475182503,1.91457587282,0.15191904446,-0.0116247765619,-0.0811683598225,-0.00142210267718,-0.134230247972,-0.00353061847671,0.0430825950097,-0.0165004563228,0.573995204828,0.818844340959,0.00204866184584,0.0,0.818800902912,-0.573934644052,-0.012035474591,0.0,-0.00867954936052,0.00858591617768,-0.999925470956,0.0,0.65508095786,0.25240797193,0.303383133886,1.0,-0.01628,-0.0213965714286,0.815
0.460137494353,0.510933480491,-0.12411239117,-1.41393022126,0.0761082131718,1.91544502314,0.151584893593,-0.0111520634668,-0.082671359421,0.00129607286772,-0.132619818891,-0.00188867843493,0.0487843922033,-0.0180341315166,0.57397081352,0.818861443597,0.0020465383379,0.0,0.818817935266,-0.573910222787,-0.0120412610991,0.0,-0.0086857624007,0.00858724005609,-0.999925405638,0.0,0.654800827404,0.252056650986,0.303366755651,1.0,-0.01662,-0.0218434285714,0.832
0.459936804234,0.50944209025,-0.124124175964,-1.41629775768,0.0759567197171,1.91632942254,0.15126113989,-0.00875514161967,-0.0894064516542,-0.00150334612057,-0.13892733271,-0.0154829188999,0.0457428918508,-0.0172312704978,0.573960973769,0.818868342683,0.0020456887743,0.0,0.818824905607,-0.573900469315,-0.0120321311011,0.0,-0.00867887660137,0.00858119981554,-0.999925517281,0.0,0.654512926002,0.251692582806,0.303360820703,1.0,-0.01696,-0.0222902857143,0.849
0.4597085443,0.507844347052,-0.124125519272,-1.4188087187,0.0757952553096,1.91721901579,0.150905970148,-0.0143893292603,-0.0918646695522,0.00181009727245,-0.137166758786,-0.00991859705332,0.0490607159664,-0.0219576499416,0.573944482825,0.818879959461,0.00202225838665,0.0,0.81883618405,-0.573884048553,-0.0120477967915,0.0,-0.00870532512258,0.00857082985422,-0.999925376311,0.0,0.654198657391,0.251299849072,0.303360588011,1.0,-0.01732,-0.0227634285714,0.867
0.459508022709,0.506387070873,-0.124136949466,-1.42109497633,0.0756463719161,1.91805938389,0.150592317652,-0.013138568771,-0.0939736104415,-0.00208859587954,-0.14585327443,-0.012189132125,0.0559719313599,-0.0166273784568,0.573938025263,0.818884480796,0.00202414667001,0.0,0.818840812626,-0.573877665056,-0.0120372766485,0.0,-0.00869569389287,0.00856626962057,-0.999925499191,0.0,0.653918271513,0.250942917572,0.303364582104,1.0,-0.01764,-0.023184,0.883
0.459306949753,0.504889329854,-0.12414077405,-1.42341077579,0.0755078308936,1.91896273036,0.150276129901,-0.00757608741188,-0.0947678248746,-0.000984626697253,-0.145295568239,-0.012316815535,0.0620099551533,-0.0130586398289,0.573928924492,0.818890679408,0.00209564111429,0.0,0.818847963626,-0.573868282066,-0.0119980917086,0.0,-0.00862266951789,0.00860222894878,-0.999925822863,0.0,0.653641425226,0.250593011708,0.303387517596,1.0,-0.01796,-0.0236045714286,0.899
0.459077674174,0.503215895901,-0.124141847151,-1.42589669332,0.0753485531899,1.91989614252,0.149933123296,-0.0157360228137,-0.100273718056,0.00017488862215,-0.149284565878,-0.0166370647747,0.0563036314646,-0.0181758947232,0.573921221388,0.818895815866,0.00219574563998,0.0,0.818854465407,-0.573860227106,-0.0119394777899,0.0,-0.00851730129856,0.00865048234669,-0.999926309652,0.0,0.653340925903,0.250207260252,0.303454043135,1.0,-0.0183,-0.0240514285714,0.916
0.458836903145,0.501414673757,-0.124144964833,-1.42857940985,0.0751726097738,1.92087066503,0.149552929212,-0.0122143256651,-0.102541136036,-0.0011779792735,-0.156001023959,-0.0116524565789,0.0611665227398,-0.0181816325671,0.573898749804,0.818911359995,0.00227075892619,0.0,0.818871042188,-0.573837513465,-0.0118941711617,0.0,-0.00843738767199,0.00868567591426,-0.999926682074,0.0,0.653007728879,0.249791406069,0.303519048782,1.0,-0.01866,-0.0245245714286,0.934
0.458612740766,0.499799317277,-0.124145149038,-1.43101300436,0.0750229869335,1.92172713674,0.149201850128,-0.0185043782977,-0.105313905413,0.00101515925704,-0.153730573734,-0.00898731397888,0.0552271530661,-0.0131649661044,0.573878342679,0.818925560904,0.00230660009995,0.0,0.818885612259,-0.573816866246,-0.0118871757667,0.0,-0.00841130798501,0.00871080207315,-0.999926683225,0.0,0.652698685254,0.249411585955,0.30356196747,1.0,-0.01898,-0.0249451428571,0.95
0.458371624039,0.498237751064,-0.124150675567,-1.43348240362,0.0748706507353,1.92266213158,0.14884996285,-0.0154866689566,-0.100555359609,-0.000787911982318,-0.151590916503,-0.00996611326677,0.0586319474862,-0.0232000543812,0.573876240121,0.818926978098,0.00232647125887,0.0,0.818887298872,-0.573814696846,-0.0118757034007,0.0,-0.00839053204231,0.0087204696775,-0.999926773509,0.0,0.652399820967,0.249017510595,0.303556874168,1.0,-0.0193,-0.0253657142857,0.966
0.458114667284,0.496544188659,-0.12414873504,-1.43614218758,0.0747067587622,1.92360988749,0.148455313185,-0.0153696670217,-0.0971795501407,-0.000250622792797,-0.157701974458,-0.0123184190043,0.0577078784286,-0.0299731371938,0.573852378811,0.818943738238,0.0023125386498,0.0,0.818903759733,-0.573790771148,-0.0118966441363,0.0,-0.00841593091901,0.00872083203534,-0.999926556901,0.0,0.652062672779,0.248595861631,0.303553426815,1.0,-0.01964,-0.0258125714286,0.983
0.457838760875,0.494864778085,-0.124150392706,-1.43888338209,0.0745349986713,1.92455302326,0.148063157166,-0.0229995529187,-0.105135884134,-0.000977197002115,-0.158755095109,-0.0158272578293,0.0609831302371,-0.0303815934031,0.573849967777,0.818945708629,0.00221081490349,0.0,0.818904252621,-0.573788614071,-0.011966549301,0.0,-0.008531578037,0.008677616728,-0.999925952831,0.0,0.651709149228,0.248148558017,0.303500560867,1.0,-0.01998,-0.0262594285714,1.0
0.457533051913,0.492725208619,-0.124210243187,-1.44213153391,0.0743499474352,1.92572643079,0.147603691485,-0.0161152152879,-0.161125733624,-0.00379697498945,-0.223741846923,-0.0123064663634,0.0848475711634,-0.036141647003,0.57388044581,0.818924207538,0.00226343246693,0.0,0.818883483877,-0.573818921952,-0.0119344687347,0.0,-0.00847478813878,0.00870261325428,-0.999926218522,0.0,0.6513104223,0.24760716602,0.303547534721,1.0,-0.0338862857143,-0.0445362612245,1.017
0.457143679835,0.489442343961,-0.124266930691,-1.44722835818,0.074075861683,1.92771081747,0.146831105991,-0.0294223569687,-0.21699686139,-0.00102977248835,-0.339150640906,-0.0145652073875,0.126239320465,-0.0497515083937,0.573789670591,0.818987382368,0.0024141968493,0.0,0.818948570109,-0.573727508658,-0.0118630614376,0.0,-0.00833076688298,0.00878417429476,-0.999926715617,0.0,0.650676234936,0.246849599091,0.303578833895,1.0,-0.0486617142857,-0.0639553959184,1.034
0.456534615334,0.485237042025,-0.124326877007,-1.45388212147,0.0737129547496,1.93025372387,0.145831967077,-0.0414350551089,-0.286453564718,-0.0078335908655,-0.448234397669,-0.0262390853981,0.176064908941,-0.0620909049506,0.573747094518,0.819016942973,0.00250310945964,0.0,0.818979101382,-0.573684399057,-0.0118401300568,0.0,-0.00826143133557,0.00884340481769,-0.99992676879,0.0,0.649851933994,0.245798879404,0.303555751468,1.0,-0.062568,-0.0822322285714,1.05
0.45567537099,0.479540826439,-0.124496452652,-1.46297746634,0.0731640615011,1.93341628719,0.14444063453,-0.0540900239371,-0.367391622985,-0.00806872076588,-0.579963762565,-0.0362811286779,0.195976943325,-0.0876773973917,0.573731195408,0.819028731328,0.00228025796936,0.0,0.818988023422,-0.573669413404,-0.011948578062,0.0,-0.00847827771268,0.00872294388583,-0.999926011791,0.0,0.648677301354,0.24426557156,0.303456908314,1.0,-0.0773434285714,-0.101651363265,1.067
0.454563456987,0.472563733841,-0.124663565632,-1.47397117588,0.072510585003,1.93724430115,0.142851793184,-0.0714538942427,-0.432072715872,-0.00375198334194,-0.675608629564,-0.0399118818987,0.238318330027,-0.0923213344226,0.573816228413,0.818969611919,0.00211131824182,0.0,0.818926483491,-0.573754918034,-0.0120604962092,0.0,-0.00866596752198,0.00864968940421,-0.99992503913,0.0,0.647250416964,0.242392332222,0.303390034859,1.0,-0.0921188571428,-0.121070497959,1.084
0.453269870545,0.464334983629,-0.124798901455,-1.48645221398,0.0717760685428,1.94190716154,0.140849411568,-0.0836698091445,-0.503445246431,-0.00510834067223,-0.76580463818,-0.0503871964434,0.276621804938,-0.134112773112,0.573730092013,0.819028972714,0.0024637927893,0.0,0.818990442257,-0.573667360693,-0.0118811475627,0.0,-0.008317766719,0.00883456472325,-0.999926379902,0.0,0.645671488188,0.240306472897,0.303537264352,1.0,-0.106894285714,-0.140489632653,1.101
0.451689458128,0.455105088337,-0.124923295257,-1.50093100982,0.0708598779969,1.94691512653,0.138639012721,-0.103944019202,-0.557387779868,-0.00668733389826,-0.890119466171,-0.0539248188195,0.294798788315,-0.138810114764,0.573728835769,0.819030469725,0.00224934892102,0.0,0.81898871363,-0.573666520061,-0.0120398342199,0.0,-0.0085707799227,0.00874995991303,-0.999924987153,0.0,0.643731550772,0.237819559902,0.303436144404,1.0,-0.121669714286,-0.159908767347,1.118
0.449952688992,0.445137381034,-0.125095106392,-1.51590816756,0.0698210708508,1.95229144986,0.136282130866,-0.112382199172,-0.632513014598,-0.00891001159112,-0.958288762745,-0.0598851678955,0.336428765108,-0.150442814836,0.57374177864,0.819020688078,0.00249616604555,0.0,0.818983067291,-0.573679443139,-0.0118058845776,0.0,-0.008237423159,0.00881801671455,-0.99992719107,0.0,0.64177418595,0.235166355011,0.303614321992,1.0,-0.135576,-0.1781856,1.134
0.447862495483,0.433613137546,-0.125230109554,-1.53351967555,0.0686887672834,1.95833308805,0.133442911726,-0.134623806468,-0.703479460706,-0.00310328114879,-1.05279415511,-0.0717416036099,0.374607061353,-0.176390375516,0.573696506028,0.819052506045,0.00246134380948,0.0,0.819013809796,-0.573633646392,-0.0118981507875,0.0,-0.00833346104027,0.00884197234095,-0.999926183752,0.0,0.639351703788,0.232058271042,0.303633910673,1.0,-0.150351428571,-0.197604734694,1.151
0.445488789867,0.420996963932,-0.125385207945,-1.55258933417,0.0673693688822,1.96493021754,0.130282372114,-0.14273281633,-0.774917327092,-0.0100286664129,-1.15081129113,-0.0903712456398,0.391818566136,-0.194498821028,0.573618819525,0.819106669713,0.0025417353395,0.0,0.819069178202,-0.57355583037,-0.0118379757028,0.0,-0.00823889635516,0.00887251354735,-0.999926696858,0.0,0.636712743756,0.22862068572,0.303716669353,1.0,-0.165126857143,-0.217023869388,1.168
0.442777327138,0.407359846044,-0.125555227232,-1.57285750678,0.0659231560814,1.9721051728,0.126903848774,-0.161557588809,-0.796050014739,-0.0103215216952,-1.22193784824,-0.0816400960985,0.415679084486,-0.206365339988,0.573634936235,0.819094061546,0.00293686420796,0.0,0.819062472767,-0.573571428,-0.0115425122102,0.0,-0.00777005140667,0.00902683731064,-0.999929068739,0.0,0.633920925648,0.224866565164,0.30392892239,1.0,-0.179902285714,-0.236443004082,1.185
0.43971714501,0.392773135162,-0.125722846837,-1.59452956025,0.0644922810669,1.97952653507,0.12318729757,-0.188833006841,-0.885615807627,-0.00835694431138,-1.30451807569,-0.0883838588604,0.447214037666,-0.223838080136,0.573689649362,0.819054589915,0.00324219923181,0.0,0.819026262599,-0.573624359389,-0.0114813932521,0.0,-0.00754422863414,0.00924238073286,-0.999928828974,0.0,0.630830135509,0.220781733329,0.304086357649,1.0,-0.194677714286,-0.255862138775,1.202
0.436541741079,0.378258382379,-0.125902145809,-1.61620113958,0.0627920105891,1.98679823107,0.119330531922,-0.201305308725,-0.940699695721,-0.00991372015947,-1.37617719673,-0.117353037319,0.47818024919,-0.24667657916,0.573606751872,0.819112713381,0.00322550548038,0.0,0.819085095115,-0.573542656141,-0.011365537726,0.0,-0.00745983509012,0.00916148902854,-0.999930206554,0.0,0.627661560579,0.216590594295,0.304130259246,1.0,-0.208584,-0.274138971429,1.218
0.43280500074,0.362003560394,-0.126088215221,-1.64031103241,0.0609967811846,1.99478879079,0.115013397897,-0.22943522445,-0.9888651234,-0.00961098804208,-1.44339848326,-0.11922594262,0.493701245853,-0.263241101133,0.573637136184,0.819091178105,0.00329011297259,0.0,0.819064346011,-0.573572794895,-0.0113398831609,0.0,-0.0074014214649,0.00919996945918,-0.999930287331,0.0,0.624054348382,0.211848855101,0.304178321102,1.0,-0.223359428571,-0.293558106122,1.235
0.428596700655,0.344922931896,-0.126309270198,-1.66561517368,0.0590849371441,2.00297166443,0.110254470581,-0.256423242074,-1.02940690323,-0.0187396128366,-1.49985239732,-0.115425704745,0.494414814718,-0.289474129471,0.573676336746,0.819064028164,0.0032133046721,0.0,0.819035855958,-0.573611781734,-0.011425297021,0.0,-0.00751500506987,0.00918641115067,-0.999929564794,0.0,0.620178394913,0.206701635351,0.304153009332,1.0,-0.238134857143,-0.312977240816,1.252
0.424053915128,0.326999588103,-0.126487553987,-1.69184788633,0.0570795619623,2.01142385509,0.105209617987,-0.27232772833,-1.07548300641,-0.0114585318289,-1.53246989203,-0.113680920005,0.507231721306,-0.297665631741,0.573670803576,0.819067524139,0.0033086139775,0.0,0.819040062212,-0.573605325875,-0.0114478609563,0.0,-0.00747887652293,0.00927736961009,-0.999928995889,0.0,0.616060913946,0.201328272628,0.304183220827,1.0,-0.252910285714,-0.33239637551,1.269
0.419125933793,0.308262808955,-0.126662720906,-1.71906222947,0.0548300825758,2.02003154127,0.0997655451322,-0.298343812384,-1.12254804214,-0.00894149764073,-1.57192625993,-0.12466646055,0.517478754069,-0.325612169025,0.573539961023,0.819159060077,0.00333081139095,0.0,0.819132080054,-0.573474678404,-0.0114094503049,0.0,-0.00743616176564,0.00927232866714,-0.999929361215,0.0,0.611672414329,0.195649797817,0.304203254026,1.0,-0.267685714286,-0.351815510204,1.286
0.413680016285,0.288661041791,-0.126891363613,-1.7471869072,0.0524399577798,2.02866011115,0.093923533804,-0.327180692381,-1.18657704186,-0.0159898197085,-1.6559400201,-0.127587633445,0.533303670533,-0.353514704399,0.573462437948,0.819213342441,0.00332847269042,0.0,0.819186495472,-0.573397375912,-0.0113877932129,0.0,-0.00742063750477,0.00925728976878,-0.999929615886,0.0,0.60702221458,0.189580686955,0.304255476663,1.0,-0.282461142857,-0.371234644898,1.303
0.40807568854,0.269592144465,-0.127136996533,-1.77434901952,0.050156271756,2.03687281844,0.0880539515708,-0.359168331899,-1.21220570577,-0.020739091653,-1.71566554782,-0.148195585953,0.539257271657,-0.379484666391,0.573447123,0.819223835312,0.00338403304975,0.0,0.819197322023,-0.573381422667,-0.011412214172,0.0,-0.00740895882437,0.00931667157078,-0.99992915097,0.0,0.602434757867,0.183563277651,0.304285272686,1.0,-0.296367428571,-0.389511477551,1.319
0.401538698274,0.248648069104,-0.127492723614,-1.80380836983,0.0475003925108,2.04564563946,0.0815219450487,-0.386447872956,-1.25764179967,-0.021259886619,-1.76286352988,-0.1555871945,0.528034280908,-0.40028855171,0.57360073848,0.819115901524,0.00347557014985,0.0,0.819091235062,-0.573535610963,-0.011278231359,0.0,-0.00724495488573,0.00931619024839,-0.999930357189,0.0,0.597382282705,0.17676359404,0.304358911395,1.0,-0.311142857143,-0.408930612245,1.336
0.394533293323,0.227020506088,-0.127756411196,-1.83388521183,0.0447981117242,2.05435472095,0.0744623063655,-0.412296633025,-1.2808271972,-0.0100508739285,-1.78374363701,-0.16197189583,0.510935491224,-0.425134512842,0.573552832658,0.819148752217,0.00363549069279,0.0,0.819125899965,-0.573486975266,-0.0112337040896,0.0,-0.00711730515696,0.00942122877524,-0.999930289778,0.0,0.592043105629,0.169773041745,0.304436771417,1.0,-0.325918285714,-0.428349746939,1.353
0.386997336343,0.204761059963,-0.128010841609,-1.8646878208,0.0418709393546,2.0629113441,0.0669167418274,-0.453080433774,-1.32337794819,-0.0126648299901,-1.84125018561,-0.180623685052,0.492121199975,-0.456822226834,0.573381066268,0.819269330413,0.00355865005175,0.0,0.819245292022,-0.573315174411,-0.0112964237887,0.0,-0.00721472438413,0.00939274365724,-0.999929859599,0.0,0.586382022883,0.162483108292,0.304416916777,1.0,-0.340693714286,-0.447768881633,1.37
0.379228206368,0.183145442784,-0.128370956099,-1.89415428161,0.0390172635014,2.07078499922,0.0593512258775,-0.5040735316,-1.36472412883,-0.0251039575667,-1.85490612898,-0.171208288404,0.478516938782,-0.487560903815,0.573380187755,0.819270156584,0.00350966113586,0.0,0.819245141388,-0.573313982956,-0.0113675925555,0.0,-0.00730113209772,0.00939340603944,-0.999929226192,0.0,0.580843305599,0.155212582271,0.30443489831,1.0,-0.3546,-0.466045714286,1.386
0.370233335404,0.159626654768,-0.128827519014,-1.92576231077,0.0358778959862,2.07900875534,0.0508177960912,-0.539974786992,-1.39658879187,-0.024485319624,-1.84395407916,-0.185868109325,0.462802318552,-0.51114113989,0.573513151278,0.819176888303,0.00355497999368,0.0,0.819152164326,-0.573446422805,-0.0113876579475,0.0,-0.00729005599814,0.00944322296241,-0.99992883778,0.0,0.574780096291,0.14711439669,0.304483858241,1.0,-0.369375428571,-0.48546484898,1.403
