position_joint1,position_joint2,position_joint3,position_joint4,position_joint5,position_joint6,position_joint7,velocity_joint1,velocity_joint2,velocity_joint3,velocity_joint4,velocity_joint5,velocity_joint6,velocity_joint7,ee_T_00,ee_T_10,ee_T_20,ee_T_30,ee_T_01,ee_T_11,ee_T_21,ee_T_31,ee_T_02,ee_T_12,ee_T_22,ee_T_32,ee_T_03,ee_T_13,ee_T_23,ee_T_33,v_x,v_y,time
0.465052835894,0.547799406087,-0.123969336109,-1.35584796377,0.0795511480718,1.89410560637,0.159150478898,-0.000829672806984,0.000736681150653,0.000247492557061,0.000392392237275,-3.40187845545e-05,-0.000172466902509,-0.00215587570226,0.573816725656,0.818969656311,0.00195302342186,0.0,0.81892596762,-0.573757572232,-0.0119689082477,0.0,-0.00868177784808,0.00846750436159,-0.999926461348,0.0,0.661672332125,0.260894394536,0.303194249974,1.0,0.0,0.0,0.0
0.465054682128,0.547794141517,-0.123969371753,-1.35585368367,0.0795511480719,1.89410930186,0.159154902886,-0.00022204557225,-0.000544626458947,-0.000199141066022,0.000704001425694,3.09174775075e-06,-0.000446620017595,0.00106691822402,0.573819190377,0.818967922564,0.00195588008271,0.0,0.818924270802,-0.573760024277,-0.0119674614524,0.0,-0.00867892833659,0.00846903976727,-0.999926473081,0.0,0.661671424112,0.260895237376,0.303195579249,1.0,-0.00022,-0.000289142857143,0.012
0.465056671113,0.547796480949,-0.123970743438,-1.35585424382,0.0795518557601,1.89410585396,0.159150123261,0.000533015702596,-0.000481884153236,-0.00126028773592,-0.00152227788688,0.000279418159807,9.40954299366e-06,-0.00132100060025,0.573814803603,0.818971008604,0.00195067515452,0.0,0.818927283339,-0.573755654531,-0.0119708143958,0.0,-0.00868470624696,0.00846665462577,-0.999926443113,0.0,0.661670301577,0.260895541572,0.303193402655,1.0,-0.00056,-0.000736,0.029
0.465056673384,0.547773319786,-0.123966869448,-1.35587247899,0.0795473389377,1.89410892123,0.159157245654,0.00073896320993,-0.00152265738862,0.000510692384725,-0.00363089035663,-0.000210451234333,0.002239576818,0.00128113847656,0.573817706924,0.818968959495,0.00195691224555,0.0,0.818925323641,-0.573758539044,-0.0119666233447,0.0,-0.00867766503015,0.00846938842325,-0.999926481092,0.0,0.661666710194,0.260895402881,0.303201261056,1.0,-0.00086,-0.00113028571429,0.044
0.465061585516,0.547664252629,-0.123969976539,-1.35597859182,0.0795477877297,1.89412707618,0.159156357374,0.00188400424809,-0.0100007721824,-0.000650740863815,-0.009762010522,0.000238786091456,0.00107948584409,0.00117500599881,0.573820972973,0.818966616223,0.00197974496804,0.0,0.818923205828,-0.573761637917,-0.0119629725339,0.0,-0.00866154018205,0.00848602701733,-0.999926479831,0.0,0.661648298867,0.260887002485,0.303229700308,1.0,-0.00122,-0.00160342857143,0.062
0.465053355314,0.547538373256,-0.123965103542,-1.35614884293,0.07954909648,1.89415287943,0.159144223851,-0.000460816348839,-0.00821569020176,-1.93914936144e-05,-0.0150192626561,0.000246629086167,0.00137907130209,-0.000970496980833,0.573823968115,0.818964533063,0.0019733480911,0.0,0.818920857353,-0.573764481618,-0.0119873236299,0.0,-0.00868512307023,0.0084947930741,-0.999926200841,0.0,0.661618690013,0.260867782355,0.303239921649,1.0,-0.00154,-0.002024,0.078
0.465035103343,0.54736881475,-0.123970027634,-1.3563674941,0.0795410074454,1.8942406933,0.159142867361,0.000210294090377,-0.00943622901562,0.00098176648382,-0.0132426029551,-5.22940670871e-05,0.00797787621239,-0.00108757726439,0.573851348353,0.81894526351,0.00200805117013,0.0,0.818902033327,-0.573791705198,-0.0119702029831,0.0,-0.00865090448799,0.00851367822286,-0.999926336854,0.0,0.661596898463,0.26083378943,0.303263734951,1.0,-0.0019,-0.00249714285714,0.096
0.46501653713,0.54715562195,-0.123970065639,-1.35660537867,0.07954002142,1.89438034603,0.159132368815,0.000745069995805,-0.0117725427688,-0.000497478661099,-0.0146506596575,-1.54936632015e-05,0.00243523854265,0.000800236376156,0.57387129414,0.818931023807,0.00211255986429,0.0,0.818889115162,-0.573811175549,-0.01192051956,0.0,-0.00855003744317,0.0085709612823,-0.999926715056,0.0,0.661580749279,0.260805391481,0.303313648156,1.0,-0.00228,-0.00299657142857,0.115
0.464998387328,0.546985178153,-0.123967773923,-1.35682176492,0.0795354664661,1.89448735003,0.159124691803,-0.00461821988191,-0.0095942760661,-0.00391287701968,-0.0233758511364,-0.000165882887894,0.00592038492784,-0.000123989850818,0.5738893052,0.818918253903,0.00216926305625,0.0,0.818877038555,-0.573828908924,-0.0118964663376,0.0,-0.00849761119341,0.00860378015759,-0.999926880112,0.0,0.661561429356,0.260777801405,0.303340588135,1.0,-0.00256,-0.00336457142857,0.129
0.464961288939,0.546753320748,-0.12396691212,-1.35716522206,0.0795297025595,1.89462900476,0.159102125587,-0.00451156089457,-0.01595550984,0.000902676680833,-0.0230234383252,0.000185692226325,0.00654822852702,0.000488203147596,0.573918382967,0.818897786662,0.00220263347799,0.0,0.818856890427,-0.573857731906,-0.0118929993652,0.0,-0.00847531578113,0.0086294187079,-0.999926848402,0.0,0.661526813085,0.260724722279,0.303353589027,1.0,-0.0029,-0.00381142857143,0.146
0.464930587422,0.546493570264,-0.123962270273,-1.35753731266,0.079520756046,1.89475813473,0.158996613822,-0.00421013010022,-0.0156601148524,0.00159639261227,-0.0221438593032,-0.000200331773486,0.00611449963944,-0.0142097174401,0.57387223191,0.818930063451,0.00222699817572,0.0,0.81888932449,-0.57381132592,-0.0118988816116,0.0,-0.00846663810614,0.00865226936242,-0.999926724452,0.0,0.661481483763,0.260673662864,0.30337148215,1.0,-0.00322,-0.004232,0.162
0.46488022734,0.546173489018,-0.123972292771,-1.35806565104,0.0795017622217,1.89494206627,0.158921427129,-0.0037202231321,-0.0122117326044,-0.00119823735176,-0.0290141430386,9.02929975162e-05,0.0128192299855,0.000966431757451,0.573883389697,0.818922288562,0.00221070761375,0.0,0.818881249328,-0.573822457858,-0.0119177706618,0.0,-0.00849133783297,0.00864988417475,-0.999926535644,0.0,0.661421833006,0.260585443399,0.303362937091,1.0,-0.0036,-0.00473142857143,0.181
0.464839434899,0.545900847362,-0.123970759827,-1.35853738515,0.0794819892869,1.89510930048,0.158886966059,-0.00112986966254,-0.020799529402,0.00100925401836,-0.0296038426106,0.00014304613315,0.00367982052242,-0.000428055825277,0.573902579442,0.818908893954,0.00219080220006,0.0,0.818867481782,-0.573841610385,-0.0119415397882,0.0,-0.00852202375288,0.00864742365728,-0.999926295871,0.0,0.661360409016,0.260515014531,0.30334666713,1.0,-0.00392,-0.005152,0.197
0.464769882634,0.545561757796,-0.123965474021,-1.35913741562,0.0794323805452,1.89531570499,0.158812718237,-0.0105992016642,-0.0179382796764,0.00161661419665,-0.0315712913436,-0.00150736723386,0.0156714376138,-0.0102605509439,0.573921442762,0.818895823486,0.00213417796505,0.0,0.818853745331,-0.573860776259,-0.0119624466722,0.0,-0.00857144162164,0.0086132501047,-0.99992616843,0.0,0.661297409586,0.260411338361,0.303318029473,1.0,-0.00424,-0.00557257142857,0.213
0.4647160507,0.545192012363,-0.123970790042,-1.35979488463,0.0793820287825,1.89551635921,0.158708688427,-0.00426637381735,-0.0196854523612,-0.000145740451534,-0.0444755227534,-0.00124999771822,0.0106441808109,-0.00727821010471,0.573907195938,0.818906015528,0.0020530668705,0.0,0.818862926194,-0.573846915886,-0.0119988388921,0.0,-0.00864794175603,0.00856756528051,-0.999925902219,0.0,0.661214140491,0.260304929084,0.303284355895,1.0,-0.00456,-0.00599314285714,0.229
0.464647015937,0.544772205622,-0.123971412736,-1.36050120253,0.0793617519658,1.89575525684,0.158657125849,-0.00420655766897,-0.0244766304418,-0.00128649950503,-0.0410245477554,-0.000416785557648,0.00924387453962,-0.00952592163451,0.573955880216,0.818871966937,0.00202391474324,0.0,0.818828257258,-0.573895480846,-0.0120419716397,0.0,-0.0086994849697,0.00856896399317,-0.999925443129,0.0,0.661129711698,0.260193520653,0.303266057391,1.0,-0.0049,-0.00644,0.246
0.464583451121,0.544322146754,-0.12397691616,-1.36125162159,0.0793304154967,1.89602502749,0.158547523801,-0.00486955602901,-0.0209815558835,1.86081127399e-05,-0.0475328550033,-0.00225208615064,0.0177733188964,-0.003823238734,0.57395556103,0.818872240877,0.0020034933888,0.0,0.818828140707,-0.573895127812,-0.0120666963366,0.0,-0.00873145568228,0.00856642916243,-0.999925186188,0.0,0.661042321117,0.260078375283,0.30325096067,1.0,-0.00524,-0.00688685714286,0.263
0.464511384572,0.543813563409,-0.12397399781,-1.36207416553,0.0792894750877,1.89631620682,0.158436897125,-0.00490827201175,-0.0264532384263,0.000941622365291,-0.0503003949239,-0.00212479643756,0.0133356424674,-0.0057935184531,0.573956833701,0.818871383343,0.0019893441438,0.0,0.818826973543,-0.57389633946,-0.0120882527608,0.0,-0.00875721554195,0.0085672288699,-0.999924954067,0.0,0.660944858842,0.259954601303,0.303244462863,1.0,-0.00558,-0.00733371428571,0.28
0.464427240898,0.543274583003,-0.12397780435,-1.36291819671,0.0792402107278,1.89661263801,0.158330427698,-0.00715311797408,-0.0311073279855,0.000549034416955,-0.0565844704497,-0.00678052753262,0.0155726376414,-0.00401131248442,0.573974990365,0.818858674081,0.00198222588841,0.0,0.818814145561,-0.573914499745,-0.0120949953423,0.0,-0.00876663245469,0.0085654643439,-0.999924886667,0.0,0.660849325562,0.259815817821,0.30324984399,1.0,-0.00592,-0.00778057142857,0.297
0.464359874138,0.542707838444,-0.123988868265,-1.36381715168,0.0791880560644,1.89693367061,0.158232212326,-0.00469134979469,-0.0321532145195,0.000769903779474,-0.0573913874206,-0.00518273353443,0.0197412009513,-0.0146127156352,0.573993531461,0.818845705066,0.00197079614929,0.0,0.818801039251,-0.573933100264,-0.0120996464531,0.0,-0.00877680736771,0.00855897351898,-0.999924852989,0.0,0.660744110892,0.259678967934,0.303251028646,1.0,-0.00626,-0.00822742857143,0.314
0.464288528309,0.542138914462,-0.123987149898,-1.36468248417,0.0791447784243,1.89725216254,0.158103886273,-0.00126826598956,-0.037480552609,0.000431852451245,-0.0526610071889,-0.00440252777386,0.0258092124025,-0.00757946234203,0.573982197403,0.818853590529,0.00199530545288,0.0,0.818809145195,-0.573921562939,-0.0120983569551,0.0,-0.00876180290001,0.0085781810189,-0.999924819984,0.0,0.660643676035,0.259552189703,0.303269055252,1.0,-0.00658,-0.008648,0.33
0.4641993951,0.541509705047,-0.12399074992,-1.36563248925,0.0790867176188,1.89760642778,0.157973382094,-0.00472566337074,-0.0369598255369,-0.000496890402848,-0.0606964512193,-0.000260998103357,0.0193634458475,-0.00327206706318,0.573988090092,0.818849392706,0.00202272044619,0.0,0.818805330635,-0.573927360248,-0.0120814975766,0.0,-0.00873220046928,0.00859101540682,-0.99992496875,0.0,0.660538954684,0.259401363158,0.30329258578,1.0,-0.00692,-0.00909485714286,0.347
0.464126450936,0.540833579389,-0.123992420085,-1.36665849098,0.0790236757987,1.8979920986,0.157838482855,-0.00535485493949,-0.0382384816422,0.000369781776994,-0.0626093320952,-0.0056445675935,0.0198449519068,-0.00928881254089,0.573978618202,0.818855959035,0.00205209670901,0.0,0.818812302236,-0.573917784108,-0.0120639003918,0.0,-0.00870102945082,0.00860486857811,-0.999925121358,0.0,0.660419660905,0.259255275867,0.30331567615,1.0,-0.00726,-0.00954171428571,0.364
0.464032122533,0.54014440821,-0.123988789923,-1.36768886895,0.0789600512807,1.89837416464,0.157707688837,-0.00125989505224,-0.0439470040045,0.000287653370085,-0.0675051487955,-0.0067614722642,0.0306098942914,-0.00530311494825,0.573986252592,0.818850518494,0.00208736657168,0.0,0.818807315664,-0.573925260187,-0.0120466773242,0.0,-0.00866660242922,0.00862394423049,-0.999925256001,0.0,0.660303159194,0.259097462835,0.303345309449,1.0,-0.00758,-0.00996228571429,0.38
0.463934982604,0.53940134277,-0.12399633315,-1.36884723085,0.0788974746816,1.89880933772,0.157571963145,-0.00516199162546,-0.0447956462192,-0.00139774962937,-0.0745138475064,-0.0051191141564,0.0242277415017,-0.00862483184864,0.574007376303,0.818835664222,0.00210567080971,0.0,0.818792672417,-0.573946275605,-0.0120407316016,0.0,-0.00865100509851,0.00863574284974,-0.999925289237,0.0,0.660172107401,0.258920606082,0.30335699087,1.0,-0.00792,-0.0104091428571,0.397
0.463819844075,0.538657013912,-0.123999184051,-1.37000477352,0.078826121702,1.89926148623,0.157424980608,-0.00401439322268,-0.0418770645914,-0.00140560082751,-0.0675137676078,-0.00905742043219,0.0299382529564,-0.00964684580988,0.574028348907,0.818820883515,0.00213594732799,0.0,0.818778341208,-0.573967172188,-0.0120191563852,0.0,-0.00861573848229,0.00864837041309,-0.999925484594,0.0,0.660048504399,0.258734447618,0.303371134864,1.0,-0.00826,-0.010856,0.414
0.463707601659,0.537864941397,-0.124003666285,-1.37124192089,0.0787589661999,1.89973474245,0.157275188854,-0.00625611283195,-0.0433943464612,0.00119587401106,-0.0724283742763,-0.000319474033003,0.0357503380003,-0.00205407066504,0.574051175023,0.818804813116,0.00216179895398,0.0,0.818762575198,-0.573989854053,-0.0120099875499,0.0,-0.00859315039001,0.0086645143624,-0.999925539206,0.0,0.659911076181,0.258542555395,0.303382880075,1.0,-0.0086,-0.0113028571429,0.431
0.463597886686,0.537095164557,-0.124011376415,-1.37243794929,0.0786947648081,1.90017425099,0.15711738266,-0.0060892074498,-0.0488439165328,-0.000763357122882,-0.0738725765078,-0.00990580696377,0.0307858250033,-0.0106745283802,0.574074420685,0.818788488859,0.0021718489182,0.0,0.81874631798,-0.574012990143,-0.0120125285726,0.0,-0.00858921599465,0.0086744456962,-0.999925486904,0.0,0.659765708421,0.258339822269,0.303392298601,1.0,-0.00894,-0.0117497142857,0.448
0.463485820574,0.536260255576,-0.124017992462,-1.37376700113,0.0786117729555,1.90067033812,0.156964442392,-0.00490649490488,-0.0476354299987,-0.000333153486973,-0.0835520005537,-0.00523289217905,0.0319464483936,-0.00481375905776,0.574088074432,0.818778913301,0.00217274721756,0.0,0.818736817261,-0.574026702168,-0.0120048390477,0.0,-0.00858225938496,0.00867091001626,-0.999925577302,0.0,0.659623218848,0.258148911314,0.303395483969,1.0,-0.00926,-0.0121702857143,0.464
0.463367016206,0.535371244229,-0.124021892999,-1.37516931155,0.0785331605575,1.90118512472,0.156796473689,-0.00781033633248,-0.0545867447889,-2.50348434977e-05,-0.085152696749,-0.0052913990806,0.0326005844373,-0.00626197567891,0.574106541516,0.818765956802,0.00217574630119,0.0,0.818723842616,-0.574045096537,-0.0120101447246,0.0,-0.00858468642311,0.00867660507478,-0.999925507067,0.0,0.659459629466,0.257935709863,0.303400171316,1.0,-0.0096,-0.0126171428571,0.481
0.463247085869,0.534479451505,-0.124019112997,-1.37661460028,0.0784593849956,1.90170267374,0.156625702288,-0.00638150867215,-0.0494320356709,0.00135925629408,-0.0889757728478,-0.00318854602945,0.035082028416,-0.0139059659354,0.574122426012,0.818754880189,0.00215244461283,0.0,0.818712277369,-0.574060890682,-0.0120435699336,0.0,-0.00862526344951,0.00867688347591,-0.999925155461,0.0,0.659284815873,0.257721566896,0.303386231572,1.0,-0.00994,-0.013064,0.498
0.463133485121,0.533614849117,-0.124027598968,-1.37800192924,0.0783738148692,1.90220753921,0.156445622602,-0.011676859761,-0.0502043666057,0.000484141206376,-0.0862802410445,-0.00047968258533,0.0319312268392,-0.00921140454198,0.574136858738,0.818744799366,0.00213725302683,0.0,0.818702017536,-0.574075405215,-0.0120491705659,0.0,-0.00863841765635,0.00866781318639,-0.999925120574,0.0,0.659112424788,0.257493200238,0.303381070125,1.0,-0.01028,-0.0135108571429,0.515
0.462998895943,0.532671631635,-0.124023339652,-1.37952836771,0.0782977774173,1.90279375305,0.156254248151,-0.0120863847687,-0.0572243174445,-0.000444877070454,-0.0921773087987,-0.0103622466197,0.0331576042206,-0.00227374345739,0.57414869262,0.818736488006,0.0021421650499,0.0,0.818693638438,-0.574087084392,-0.012062040298,0.0,-0.00864600968645,0.00867934867061,-0.999924954896,0.0,0.658935850436,0.257265922826,0.303370522329,1.0,-0.01062,-0.0139577142857,0.532
0.462856084908,0.531577983791,-0.124025504632,-1.38127730368,0.078198166466,1.90342513904,0.156037442333,-0.00986257195335,-0.0550979654247,0.000792786849997,-0.0939096897504,-0.00434033808982,0.0331148079622,-0.00604739477805,0.574150330477,0.818735382813,0.00212552207265,0.0,0.818692195026,-0.574088671969,-0.0120844289008,0.0,-0.0086738783773,0.0086785942681,-0.999924720084,0.0,0.658735400405,0.257019379446,0.303362301766,1.0,-0.01098,-0.0144308571429,0.55
0.46273792036,0.530686480241,-0.124028266276,-1.3827407503,0.0781015156222,1.90393398494,0.155848937394,-0.00651896274088,-0.0629163809782,0.0015926643991,-0.0948477489917,-0.00679995047459,0.0365029184239,-0.00841042289802,0.574148227287,0.818737009126,0.00206637177296,0.0,0.818693054361,-0.574086830434,-0.012113660233,0.0,-0.00873179324115,0.00864692724712,-0.999924490367,0.0,0.658555131253,0.256796841544,0.303338157912,1.0,-0.01128,-0.0148251428571,0.565
0.462594075111,0.529641537332,-0.124027608577,-1.3843762125,0.0780065245262,1.90453273925,0.155626132337,-0.00436484207367,-0.0634259733757,0.00520289812569,-0.0999723817224,-0.00284823614102,0.034343249234,-0.0129639262156,0.574146433186,0.818738243789,0.00207564883288,0.0,0.818694339012,-0.574084925566,-0.0121171122192,0.0,-0.00872931253877,0.00865648537462,-0.999924429326,0.0,0.658361992316,0.256547352979,0.303347719849,1.0,-0.01162,-0.015272,0.582
0.462455239875,0.528549319932,-0.12402615247,-1.38605833967,0.0778962135184,1.90517032404,0.155405727822,-0.00846445574248,-0.0685054860996,0.00207811644375,-0.0996903326702,-0.00219954820381,0.0392685111551,-0.0112832531176,0.57414021762,0.818742511424,0.0021112554546,0.0,0.818699147827,-0.574078632232,-0.0120903375729,0.0,-0.00868701395668,0.00867019901495,-0.999924678882,0.0,0.658165841595,0.256296897852,0.303371419051,1.0,-0.01196,-0.0157188571429,0.599
0.462304337632,0.527380586364,-0.124031478408,-1.38787136452,0.0777782104149,1.90587270317,0.15513552401,-0.00831715748864,-0.0633693811143,0.000471073191621,-0.0988595170295,-0.0129341245164,0.0375826887857,-0.0182374836969,0.57411282387,0.818761609957,0.00215370129824,0.0,0.818718925471,-0.5740511858,-0.0120542133164,0.0,-0.00863335853653,0.00868392165172,-0.999925024502,0.0,0.657958531,0.256023195071,0.303392245052,1.0,-0.01232,-0.016192,0.617
0.462165111801,0.526284708746,-0.124031716265,-1.38956223363,0.0776847554316,1.90651288285,0.154916291412,-0.00941530964038,-0.0681328050949,4.81701795127e-05,-0.103813607514,-0.01000389976,0.040751573949,-0.0138471977418,0.574113741958,0.818760852808,0.00219638450988,0.0,0.818718650132,-0.574051847624,-0.0120413896814,0.0,-0.0085983454433,0.00871151597312,-0.999925086167,0.0,0.657759482318,0.25577345131,0.303414115553,1.0,-0.01264,-0.0166125714286,0.633
0.462027450945,0.525247797611,-0.124029407708,-1.39118596186,0.0775782190066,1.90709102138,0.154694322352,-0.00474986911918,-0.068617644657,0.00135716432902,-0.10732628977,-0.0119098399995,0.0383660473863,-0.0100156050614,0.574101676606,0.81876934145,0.00218570851439,0.0,0.818727001962,-0.574039831296,-0.0120463788701,0.0,-0.0086086876914,0.00870551249361,-0.999925049465,0.0,0.657561496432,0.255527164258,0.303420712668,1.0,-0.01294,-0.0170068571429,0.648
0.461864449691,0.523999075873,-0.124040366573,-1.39318106031,0.077451520851,1.90780357743,0.154430050152,-0.00912606039186,-0.0722550234393,0.00065914401872,-0.108632523732,-0.00673087981897,0.0385705760567,-0.012313059109,0.574099472299,0.818770978823,0.00215105664506,0.0,0.818728215358,-0.574037802458,-0.0120605814982,0.0,-0.0086402326402,0.00868527146026,-0.999924953404,0.0,0.657318706263,0.25522108699,0.303411333026,1.0,-0.0133,-0.01748,0.666
0.461711060313,0.52286307152,-0.124046765126,-1.394998529,0.0773467843152,1.90850511322,0.154189124851,-0.00611199826752,-0.0727758093038,-0.000184118334545,-0.114395765066,-0.00660870787146,0.0408963963731,-0.00668497095615,0.574093550696,0.818775063346,0.00217660131422,0.0,0.818732651964,-0.574031792278,-0.0120454540297,0.0,-0.0086132448644,0.00869743949258,-0.999925080473,0.0,0.657094328339,0.25493114286,0.303412334832,1.0,-0.01364,-0.0179268571429,0.683
0.461539952579,0.521630739607,-0.124052478643,-1.39695382831,0.0772221657501,1.9092669368,0.153913112859,-0.0104493300188,-0.0689291035583,-0.00051488999807,-0.116829939551,-0.00554459129432,0.0413804692726,-0.0165276527201,0.574091278871,0.818776611702,0.00219329776052,0.0,0.818734498648,-0.574029531959,-0.0120276374853,0.0,-0.0085890959468,0.00870085784656,-0.999925258459,0.0,0.656882675868,0.254646244069,0.303407348083,1.0,-0.01396,-0.0183474285714,0.699
0.461350362981,0.520201841329,-0.124055664325,-1.39922885345,0.0770843530225,1.9101017456,0.153621547489,-0.00766720209311,-0.0786607010177,-0.00204205023111,-0.118938774105,-0.00988371385331,0.0532083814864,-0.0194597856173,0.574097285999,0.818772412762,0.00218842628483,0.0,0.818730187789,-0.574035509784,-0.0120357804242,0.0,-0.00859849612706,0.00870160707246,-0.99992517115,0.0,0.656593402863,0.254284867393,0.303404210905,1.0,-0.01436,-0.0188731428571,0.719
0.461205153246,0.519035747632,-0.124056322702,-1.4010555764,0.0769679811735,1.9107541822,0.153373399147,-0.00923420224493,-0.077742369912,-0.00032115480166,-0.12243877268,-0.00623668040377,0.039098923307,-0.0149978031038,0.574076024417,0.818787362228,0.00217268159344,0.0,0.818744924901,-0.574014310223,-0.0120443559514,0.0,-0.00861478197423,0.00869341538447,-0.999925102225,0.0,0.656379177482,0.25403125691,0.303406385462,1.0,-0.01464,-0.0192411428571,0.733
0.461007424667,0.51753050197,-0.124059554508,-1.40341789976,0.0768196320665,1.91160777742,0.153048888803,-0.0113402498457,-0.0821569192126,-0.00065651142298,-0.12669343948,-0.00712741005179,0.038223075867,-0.0113193572305,0.574059644271,0.818798862243,0.00216677416658,0.0,0.81875633327,-0.573997942444,-0.0120488879878,0.0,-0.00862205786367,0.00869100775262,-0.999925060443,0.0,0.656089151732,0.253672976297,0.303412417073,1.0,-0.01502,-0.0197405714286,0.752
0.460832703336,0.516261957512,-0.124055318475,-1.4054423199,0.0766880183388,1.91235410162,0.152769486531,-0.0101745577794,-0.0805408834134,0.000893180445611,-0.125912512692,-0.00869368940626,0.0446666296412,-0.0127985680818,0.574042437979,0.818810958672,0.00215412616206,0.0,0.818768274447,-0.573980801791,-0.0120539966508,0.0,-0.00863368371695,0.00868340296786,-0.999925026199,0.0,0.655842229271,0.253366619975,0.303403256996,1.0,-0.01534,-0.0201611428571,0.768
0.460659402538,0.51497259193,-0.124068442596,-1.40750760397,0.0765661637823,1.91313092447,0.152506267621,-0.0097315113342,-0.0773152334467,-0.000514140946235,-0.129790901178,-0.00442825455621,0.0555741121012,-0.00986603018182,0.574054392572,0.81880258313,0.00215200619866,0.0,0.818759877657,-0.573992770304,-0.0120544298375,0.0,-0.00863512854242,0.00868204188631,-0.999925025541,0.0,0.655594580661,0.253050151163,0.303392111868,1.0,-0.01566,-0.0205817142857,0.784
0.460476056173,0.51364232628,-0.124066926999,-1.40964865183,0.0764361799634,1.91386935526,0.152199265051,-0.0155774716065,-0.0860847030086,-0.000318266004457,-0.136367417002,-0.00658372448527,0.05127835764,-0.0144449776524,0.574029297295,0.818820331403,0.00209227844592,0.0,0.818776699344,-0.573967787525,-0.012101338614,0.0,-0.00870808932158,0.00865979846897,-0.999924585692,0.0,0.655321217508,0.25272340787,0.303369389465,1.0,-0.01598,-0.0210022857143,0.8
0.460286642258,0.512241046687,-0.124074722539,-1.41193021512,0.0762905111389,1.91467239293,0.151883252714,-0.0169219697726,-0.0865156386376,-0.00126807204299,-0.137891476096,-0.0132416842107,0.0551873032837,-0.0215755400259,0.574011263644,0.81883315222,0.00202112257914,0.0,0.818788563321,-0.573950040512,-0.012140283004,0.0,-0.00878101187652,0.00862369727389,-0.99992425997,0.0,0.655032845271,0.252373427074,0.303335042262,1.0,-0.01632,-0.0214491428571,0.817
0.460093396993,0.510788560431,-0.124072332306,-1.41422666308,0.0761591000492,1.91555180112,0.151543393749,-0.00965749963469,-0.081892186518,-0.00172679162756,-0.139083134756,-0.00164352660144,0.0519018648692,-0.0196491075705,0.573974416798,0.818858896947,0.00205490942286,0.0,0.818814658154,-0.573912959569,-0.0121333149716,0.0,-0.0087563023514,0.00864696882223,-0.999924275683,0.0,0.654754551114,0.252033228173,0.303335293382,1.0,-0.01666,-0.021896,0.834
0.45989281597,0.50929802807,-0.124076239577,-1.41658084726,0.0760105259722,1.91643849483,0.151230098202,-0.00990973224284,-0.0897709635012,-0.00155934209531,-0.141996211336,-0.00673925461676,0.0537875513939,-0.0221580096891,0.573967550923,0.818863672959,0.0020694192111,0.0,0.818819665269,-0.573906072072,-0.0121211842574,0.0,-0.00873811344645,0.00865181416245,-0.999924392884,0.0,0.654468198642,0.251676036019,0.303335011767,1.0,-0.017,-0.0223428571429,0.851
0.459679380506,0.50777825845,-0.124087214093,-1.41896094671,0.0758590646765,1.91727509913,0.150895326298,-0.01097324914,-0.0923906099901,-0.00183869595285,-0.1385909413,-0.00266218587843,0.0499898185054,-0.0197000376896,0.573958376905,0.818870164329,0.00204510480077,0.0,0.818825829865,-0.573896996835,-0.0121344250119,0.0,-0.00876300781518,0.00863940585546,-0.999924282314,0.0,0.654170411091,0.251299912349,0.303338190037,1.0,-0.01734,-0.0227897142857,0.868
0.459449300004,0.506115934133,-0.12408762311,-1.42153583248,0.0756959803566,1.91823201698,0.150541763086,-0.0135178136899,-0.0977130296509,-0.000525008090264,-0.142160720457,-0.0041816365104,0.0527922664395,-0.0239058214278,0.573943776227,0.818880300306,0.00208384292256,0.0,0.818836464463,-0.573882221061,-0.0121155981148,0.0,-0.00872551221102,0.00866016543947,-0.99992443063,0.0,0.653837586757,0.250886468499,0.303357350177,1.0,-0.01772,-0.0232891428571,0.887
0.459256489924,0.504696763189,-0.124091242643,-1.4237215273,0.0755530051671,1.91908607309,0.150241362339,-0.0131192298955,-0.100117935519,0.000211327440768,-0.144318476741,-0.00822580132911,0.0571452074087,-0.0168374304783,0.57393548182,0.818885952178,0.00214637720107,0.0,0.818843096203,-0.573873821298,-0.0120651536013,0.0,-0.00864840161719,0.00868233306017,-0.999924908302,0.0,0.653595588747,0.25057015996,0.303383419167,1.0,-0.018,-0.0236571428571,0.901
0.459030413674,0.503021606262,-0.124097220771,-1.42619354068,0.0754034905435,1.92001484509,0.149898639415,-0.0132065483131,-0.0983543358936,-0.000797783667623,-0.145993818948,-0.00995033753123,0.0511406501378,-0.0234674319349,0.573930898921,0.818888858798,0.00225988982729,0.0,0.818847501642,-0.573868780776,-0.0120057655715,0.0,-0.00853467176687,0.00874115326005,-0.999925373024,0.0,0.653297210279,0.250186558413,0.303457445058,1.0,-0.01834,-0.024104,0.918
0.458802310464,0.501318024118,-0.124100485954,-1.42873752071,0.0752359448307,1.92092827976,0.14954161836,-0.00999549525909,-0.0985688403194,-0.00211445411155,-0.152016200977,-0.0105592978481,0.0592999711866,-0.0233954779742,0.573912221513,0.818901786498,0.00231796662632,0.0,0.818861235664,-0.573849918551,-0.0119705725542,0.0,-0.00847272141649,0.00876831972056,-0.999925662017,0.0,0.652978944652,0.249791308897,0.303514988151,1.0,-0.01868,-0.0245508571429,0.935
0.458525722257,0.499407744847,-0.124101325943,-1.43164244188,0.0750569713315,1.9219684887,0.149132773528,-0.0126992224904,-0.0953104189465,-0.00236586927085,-0.149458276275,-0.0118728150368,0.0630350370919,-0.0244833511775,0.57390405534,0.818907392645,0.00235890587412,0.0,0.818867293239,-0.573841502652,-0.0119596320411,0.0,-0.00844035550334,0.00879548153717,-0.999925697191,0.0,0.65261536468,0.249332598313,0.303555208615,1.0,-0.01906,-0.0250502857143,0.954
0.458288267476,0.497832041867,-0.12410441462,-1.43412902794,0.0749064362693,1.92288954989,0.148770813437,-0.0116415279913,-0.104995469581,-0.00120679755246,-0.158739925074,-0.00983015337966,0.0497144545866,-0.0247645489453,0.573890127207,0.81891712848,0.00236758887191,0.0,0.818877086149,-0.573827482876,-0.0119617965946,0.0,-0.00843729499994,0.00880369074425,-0.999925650777,0.0,0.652308101342,0.248939897052,0.303550364512,1.0,-0.01938,-0.0254708571429,0.97
0.458055967599,0.496361902998,-0.124103501193,-1.43649492763,0.0747569515213,1.92373277667,0.148419139117,-0.0131690299043,-0.105544540119,-0.000800124617115,-0.164734437926,-0.00834394204597,0.0549945948053,-0.0218222653859,0.573870977549,0.818930680608,0.00232129011114,0.0,0.818889952215,-0.573808437791,-0.0119945730667,0.0,-0.00849091150917,0.00878438764597,-0.999925366693,0.0,0.652008390525,0.248560908277,0.303522011937,1.0,-0.01968,-0.0258651428571,0.985
0.457788000625,0.494691333864,-0.124099023103,-1.43924053923,0.074588038016,1.92467468629,0.148031349534,-0.0157287422744,-0.100704776328,-0.000304680427953,-0.162658987916,-0.00469738147424,0.0553666324573,-0.0250064783148,0.573862223735,0.818937122336,0.00221014289978,0.0,0.818894717055,-0.573799916263,-0.0120766459542,0.0,-0.00862199987461,0.0087403735264,-0.999924630654,0.0,0.651649649639,0.248122136487,0.303460558901,1.0,-0.0208491428571,-0.0274017306122,1.002
0.457436384177,0.492057940803,-0.124187943704,-1.44317055479,0.0743625651455,1.92611704841,0.147466819363,-0.0221010808906,-0.169266309349,-0.00848314951837,-0.251672742754,-0.0168205022978,0.0922928035244,-0.0342937128085,0.573888452905,0.818918419163,0.00232664522216,0.0,0.818877737384,-0.573825864978,-0.0119947821906,0.0,-0.00848782227952,0.00878907418644,-0.999925351738,0.0,0.651171735844,0.24747118847,0.30355062208,1.0,-0.0373628571429,-0.0491054693878,1.021
0.457092728307,0.489226656076,-0.124221905929,-1.44761298752,0.0741408438375,1.9278581327,0.146776163571,-0.0253462604074,-0.226498758722,0.0014220821402,-0.350912250264,-0.0189609805788,0.130789080137,-0.0531390576445,0.573792525338,0.81898526356,0.00245414748579,0.0,0.818945998751,-0.573729178626,-0.011959415677,0.0,-0.00838673064954,0.00887220840421,-0.999925470556,0.0,0.650616647823,0.246820282989,0.303557314046,1.0,-0.0495308571429,-0.0650976979592,1.035
0.456340638521,0.484016131072,-0.124327367061,-1.45586393263,0.0736703881854,1.93095898568,0.145530281394,-0.0416952628402,-0.302224942663,-0.0116252110231,-0.488046176933,-0.0265204791837,0.17596767248,-0.0833907699137,0.573747156978,0.819016907265,0.00250047511806,0.0,0.818978244186,-0.573683630616,-0.0119362647068,0.0,-0.00834168156372,0.00889640394565,-0.999925632407,0.0,0.649589437224,0.245494597356,0.303521278086,1.0,-0.0660445714286,-0.0868014367347,1.054
0.455471668186,0.478427114898,-0.124492526898,-1.46482481138,0.0731336274168,1.93403843228,0.144170340971,-0.0619161958336,-0.3702904092,-0.0104795954635,-0.605314372727,-0.0427321660701,0.204164702429,-0.0897687200937,0.573757330458,0.819010548984,0.0022345693862,0.0,0.818968317347,-0.573694785302,-0.0120803725111,0.0,-0.00861215752867,0.00876141249743,-0.999924531349,0.0,0.648426121418,0.243968824075,0.303403320894,1.0,-0.0799508571429,-0.105078269388,1.07
0.454406361697,0.47167755783,-0.124637265633,-1.47539022221,0.0725053627697,1.93774456091,0.14264509196,-0.0695546581498,-0.444556348619,-0.00728709810684,-0.695456126554,-0.0387726694647,0.240930899972,-0.101313238232,0.573825216833,0.818963248748,0.00213649886274,0.0,0.818919501587,-0.573762849782,-0.0121568512518,0.0,-0.00873033880576,0.00872569638609,-0.999923818802,0.0,0.647054138627,0.24218273033,0.303369896529,1.0,-0.0938571428571,-0.123355102041,1.086
0.453078154205,0.463310874219,-0.124768530135,-1.48807937432,0.0717429414707,1.94248000848,0.140594516867,-0.0809233088857,-0.505237679672,-0.00231307836051,-0.763584860434,-0.0577227025834,0.284755856236,-0.121539914991,0.573725659226,0.819032015374,0.00248447971083,0.0,0.818992940658,-0.573661982707,-0.0119682768063,0.0,-0.00837731160552,0.00890145022538,-0.999925289626,0.0,0.64544705933,0.240055092539,0.303517547443,1.0,-0.108632571429,-0.142774236735,1.103
0.451468891746,0.453941874916,-0.124911505911,-1.50275167123,0.0708201249297,1.94752904482,0.13836101412,-0.100751273969,-0.573056736967,-0.0119557280461,-0.892101569566,-0.0517553236488,0.30511631667,-0.138339810015,0.573748268289,0.819016827214,0.00226014955545,0.0,0.818974346388,-0.573685020837,-0.0121352267371,0.0,-0.00864250734996,0.00881373952241,-0.999923809629,0.0,0.643477249574,0.237520142952,0.303421733077,1.0,-0.123408,-0.162193371429,1.12
0.449719118226,0.443862869832,-0.125071615746,-1.51791138796,0.0697547045976,1.95297905066,0.135977886619,-0.110890018393,-0.642602579673,-0.00731271900121,-0.983489059654,-0.0588956180442,0.339397675313,-0.155206221824,0.573740384282,0.819021643438,0.0025031828778,0.0,0.818983355176,-0.573677210686,-0.0118940651289,0.0,-0.00830563770715,0.0088743414682,-0.999926128494,0.0,0.641488030696,0.234847127825,0.303592491367,1.0,-0.137314285714,-0.180470204082,1.136
0.447598094553,0.432164524149,-0.125213608549,-1.53568937073,0.0685981330811,1.95913087148,0.133090435864,-0.134727461222,-0.723079047603,-0.0135402432826,-1.07164895886,-0.0646101679849,0.393041646636,-0.179730970234,0.573683854611,0.819061067563,0.00255919182558,0.0,0.819023126299,-0.573620060968,-0.0119118068694,0.0,-0.00828865306232,0.00892982049675,-0.999925775514,0.0,0.639053013466,0.231702553741,0.303657424359,1.0,-0.152089714286,-0.199889338775,1.153
0.445171502363,0.419458935372,-0.125365394713,-1.55492158553,0.0672560845241,1.96570741441,0.129899172295,-0.145072523157,-0.760888659905,-0.0115820018405,-1.15211473571,-0.0827203183179,0.385428889794,-0.193064669865,0.573618471221,0.819106860484,0.00255880510531,0.0,0.819068999902,-0.573554779938,-0.0119010382525,0.0,-0.00828076661087,0.00892266509587,-0.999925904731,0.0,0.636374969016,0.228212474603,0.303717236986,1.0,-0.166865142857,-0.219308473469,1.17
0.442410210305,0.40572445501,-0.12553290289,-1.57539789362,0.0657981907859,1.97294641389,0.126487999246,-0.177479413632,-0.801643423542,-0.0104883226055,-1.23766512596,-0.0770916310483,0.415140063143,-0.21043881192,0.573648611639,0.819084556288,0.00291666173087,0.0,0.819052066712,-0.573584428245,-0.011634542962,0.0,-0.00785687397757,0.00906321173072,-0.999928061275,0.0,0.633546339802,0.224409934354,0.303896769726,1.0,-0.181640571429,-0.238727608163,1.187
0.439521453796,0.391895465327,-0.125695542364,-1.59591083709,0.0644368066365,1.97997821451,0.122948059569,-0.188947923205,-0.879064652937,-0.00813752558907,-1.30587086782,-0.095650345726,0.450817375028,-0.219901603657,0.57367363024,0.819065868977,0.00322725035332,0.0,0.819036840577,-0.573607768381,-0.0115554632906,0.0,-0.00761365629485,0.00927248003213,-0.999928024086,0.0,0.63061514135,0.220547728206,0.304057238743,1.0,-0.195546857143,-0.257004440816,1.203
0.435490732027,0.373602125563,-0.125907272064,-1.62324742948,0.0623503899546,1.98908990677,0.118046274089,-0.208497760472,-0.935289634193,-0.00869477858417,-1.40486223473,-0.0896612282568,0.458661742848,-0.261512824926,0.573558741088,0.81914649846,0.00318299917411,0.0,0.819117434555,-0.573493684566,-0.0115051758643,0.0,-0.00759914090612,0.00920632155264,-0.999928745812,0.0,0.626584493965,0.215264866468,0.304084144685,1.0,-0.212929714286,-0.279850481633,1.223
0.432335107521,0.359987073972,-0.126074958081,-1.64331851534,0.0608013769385,1.99577401694,0.114469763374,-0.230196405114,-1.0002715314,-0.0134845618737,-1.45209874372,-0.115128065102,0.494118171726,-0.273351840644,0.573618378797,0.819104262509,0.00330296021971,0.0,0.819077231439,-0.573553550165,-0.0113824835792,0.0,-0.00742915929196,0.00923475908745,-0.999929760942,0.0,0.623586400805,0.211282512651,0.304170483143,1.0,-0.225097714286,-0.295842710204,1.237
0.427563847292,0.340694297008,-0.126338571413,-1.67176357826,0.0586312698039,2.00498618814,0.109096298944,-0.262371868463,-1.04818227706,-0.0185314717448,-1.51580865578,-0.120440013871,0.505432977198,-0.292580294289,0.573669971339,0.81906816059,0.00329532902485,0.0,0.819040869232,-0.573604957087,-0.0114085334386,0.0,-0.00745429295291,0.00924392017375,-0.999929489242,0.0,0.619222724862,0.205469621956,0.304188188826,1.0,-0.241611428571,-0.31754644898,1.256
0.423221598001,0.323701315283,-0.126495195372,-1.69672108718,0.0566426113833,2.01298471185,0.104246569298,-0.276021141259,-1.09996207393,-0.00918192998069,-1.60046887309,-0.144401222784,0.522052964639,-0.316675026122,0.573590346793,0.819124056541,0.00326204893348,0.0,0.81909622946,-0.573525309795,-0.0114382171015,0.0,-0.00749859553782,0.00923296065876,-0.999929259249,0.0,0.615274601088,0.200347464321,0.304158062407,1.0,-0.255517714286,-0.335823281633,1.272
0.418840374093,0.307132046733,-0.12665138992,-1.72078648754,0.0547104741054,2.02055275705,0.099407613397,-0.298938663733,-1.13380272685,-0.0143249483202,-1.59630963174,-0.129513556908,0.53084367681,-0.336974669651,0.57348784528,0.819195742215,0.00328240070906,0.0,0.81916782609,-0.573422327322,-0.0114740632907,0.0,-0.00751744667401,0.0092692513482,-0.999928781951,0.0,0.611372890266,0.195322886396,0.304162929985,1.0,-0.268554857143,-0.352957812245,1.287
0.413018466898,0.286282055544,-0.126886245765,-1.75068166279,0.0521681078152,2.02970092045,0.0932104609101,-0.334345660651,-1.19826427734,-0.0137294217438,-1.70606380843,-0.142742871773,0.531705908331,-0.356343845444,0.573429084617,0.819236900563,0.00327606034328,0.0,0.819209009027,-0.573363724799,-0.0114623520376,0.0,-0.0075121522276,0.00925680240597,-0.999928937064,0.0,0.606415933998,0.188861659101,0.304215686393,1.0,-0.284199428571,-0.37351924898,1.305
0.407351342767,0.267145949946,-0.127119577369,-1.77788536525,0.0498578870061,2.03792024769,0.0873104603366,-0.365926591289,-1.22784555469,-0.0196378319073,-1.73014743562,-0.154677835304,0.526416898622,-0.382286374059,0.573413695658,0.819247368759,0.00335101709521,0.0,0.819220181299,-0.573347786267,-0.011461127228,0.0,-0.00746834388003,0.00931736754068,-0.999928702709,0.0,0.601811831752,0.182815618994,0.304256357517,1.0,-0.298105714286,-0.391796081633,1.321
0.400746716389,0.246177569714,-0.127478287502,-1.80737092364,0.047183697092,2.04665583382,0.0807188694769,-0.398799074204,-1.2455883796,-0.0232902595652,-1.76090356405,-0.164748651371,0.507058328395,-0.397874276146,0.573560597125,0.819144297722,0.00340702752452,0.0,0.819118501004,-0.573495346436,-0.0113452999325,0.0,-0.00733966462646,0.00929815530092,-0.999929834354,0.0,0.596737779437,0.175977731204,0.304315805022,1.0,-0.312881142857,-0.411215216326,1.338
0.393713383363,0.224460228516,-0.127716319231,-1.8375725808,0.0444909569132,2.05536140046,0.0735990197425,-0.415014870083,-1.29472576121,-0.0090237437442,-1.81029619871,-0.161680006077,0.494429974739,-0.429141276387,0.573462837412,0.819212106392,0.00355608622705,0.0,0.819187668793,-0.573396465514,-0.0113491644962,0.0,-0.00725846542702,0.00942160745575,-0.999929271495,0.0,0.591341821678,0.168987812338,0.30437529275,1.0,-0.327656571429,-0.43063435102,1.355
0.386037397586,0.202136886054,-0.128016974505,-1.86841867671,0.0415067870343,2.06390807368,0.0659946408243,-0.474998091945,-1.32246917346,-0.0148273225585,-1.84853454921,-0.180900125142,0.486413649396,-0.45990075419,0.573362793301,0.819282548333,0.00345834604521,0.0,0.819257036616,-0.573296946392,-0.0113695256563,0.0,-0.00733233589591,0.00935231738248,-0.999929383012,0.0,0.585677537294,0.161590967417,0.304357927303,1.0,-0.342432,-0.450053485714,1.372
0.377654849908,0.179088201056,-0.128423799528,-1.89965121669,0.0384906248719,2.07225362961,0.0578682853664,-0.516516900464,-1.36341455544,-0.0316764909619,-1.82852506997,-0.173507373103,0.488472557501,-0.494009550845,0.573404853784,0.819252805815,0.00352997485692,0.0,0.819227914258,-0.573338410538,-0.0113770999807,0.0,-0.0072969913972,0.00941571957211,-0.999929046554,0.0,0.579807780737,0.153807293427,0.304438238498,1.0,-0.357207428571,-0.469472620408,1.389
0.369104883709,0.156778952002,-0.12883935109,-1.92951896652,0.0354972584996,2.08002805723,0.0497747460156,-0.547811096217,-1.40980609143,-0.0263731767597,-1.84557834856,-0.18483273567,0.491066742771,-0.529552257618,0.573510552317,0.819178347635,0.00363703837012,0.0,0.819154773462,-0.573443717207,-0.0113361021569,0.0,-0.00720079126845,0.00948085408708,-0.999929128494,0.0,0.574058270059,0.146153902912,0.304513131703,1.0,-0.371113714286,-0.487749453061,1.405
