position_joint1,position_joint2,position_joint3,position_joint4,position_joint5,position_joint6,position_joint7,velocity_joint1,velocity_joint2,velocity_joint3,velocity_joint4,velocity_joint5,velocity_joint6,velocity_joint7,ee_T_00,ee_T_10,ee_T_20,ee_T_30,ee_T_01,ee_T_11,ee_T_21,ee_T_31,ee_T_02,ee_T_12,ee_T_22,ee_T_32,ee_T_03,ee_T_13,ee_T_23,ee_T_33,v_x,v_y,time
0.465053484523,0.54781791157,-0.123966175965,-1.35585437247,0.0793883901305,1.8940943808,0.159167531714,0.00115657948314,-0.00126601459614,-0.00389188483182,-0.000141688786096,0.000130826440705,-0.000122831514935,0.00172083563674,0.57378512303,0.818992075161,0.0018331161067,0.0,0.818948286343,-0.573727889391,-0.0118642375417,0.0,-0.00866517352098,0.00830891026401,-0.999927935792,0.0,0.661676369528,0.260868497325,0.303176710499,1.0,0.0,0.0,0.0
0.46505097887,0.547823201594,-0.123962969825,-1.35585672283,0.079391898503,1.89409859731,0.159162856566,0.00042505523294,0.00040854582954,-0.00122309245459,-0.000970001782138,-6.67294728158e-05,0.000234728277963,-0.000390579709098,0.573782202224,0.818994122341,0.00183272571691,0.0,0.818950282195,-0.573724926219,-0.0118697611365,0.0,-0.00866995110107,0.00831172895435,-0.999927870954,0.0,0.66167625109,0.260869200571,0.303172110908,1.0,-4e-05,-5.25714285714e-05,0.003
0.465045017992,0.54782291229,-0.123963440765,-1.35585675664,0.0793883112076,1.89409604094,0.159160480151,-0.000914938247588,0.00250600452718,0.000568790163246,-0.000653147606659,0.000110309226736,-0.000398878724668,-5.96191874573e-05,0.573784499817,0.818992521402,0.00182881328596,0.0,0.818948662764,-0.573727270893,-0.0118681629835,0.0,-0.00867086361177,0.0083076321039,-0.999927897087,0.0,0.661677605405,0.260864228062,0.303172086775,1.0,-0.00036,-0.000473142857143,0.019
0.465044297329,0.547808735664,-0.123964494107,-1.35586368467,0.0793863161935,1.89409956741,0.159160932248,-0.000946830919905,-0.000119902211573,0.000614355453479,-0.000388981526688,-0.000618935024724,-0.000511562375412,-0.00130856764594,0.573786046392,0.818991419378,0.00183707714729,0.0,0.818947689352,-0.573728803148,-0.0118612581334,0.0,-0.00866045130179,0.00831045449651,-0.99992796387,0.0,0.661677639397,0.260862424226,0.30317916968,1.0,-0.0007,-0.00092,0.036
0.465047027355,0.547772219945,-0.123964327234,-1.3558971491,0.0793883506987,1.8941045357,0.159162752823,0.000183792816628,0.000643497968055,0.000378176659623,-0.0038855672865,0.000314012298955,-4.01626197725e-05,0.00131542299538,0.573787521233,0.818990364159,0.00184683321305,0.0,0.81894671301,-0.573730191193,-0.0118615288021,0.0,-0.00865506045747,0.00831861535784,-0.999927942687,0.0,0.661671061239,0.260861504046,0.303189540143,1.0,-0.00102,-0.00134057142857,0.052
0.465049287888,0.547631244876,-0.123961499544,-1.35605763453,0.0793866583559,1.89413974557,0.15916120627,0.000297006880847,-0.0103525091093,-0.000303103873149,-0.0111124306453,0.000475330159095,0.00486438630394,7.55905115182e-05,0.573790732792,0.818988068176,0.00186709613589,0.0,0.818944560539,-0.573733202787,-0.0118644714901,0.0,-0.00864581199831,0.00833693252676,-0.999927870144,0.0,0.661643875974,0.260849560053,0.303215984477,1.0,-0.00138,-0.00181371428571,0.07
0.465035359195,0.547488438541,-0.123961187522,-1.35625310037,0.0793820328271,1.89418250613,0.159155717995,-0.00148169385966,-0.0119676152092,0.000566048540925,-0.0095491986708,0.000191421724245,0.00256024777531,0.000508516781696,0.573806908475,0.818976741937,0.00186409600127,0.0,0.818933089616,-0.57374928713,-0.0118784322054,0.0,-0.0086588026638,0.00834265698097,-0.999927709993,0.0,0.661615179629,0.260821352121,0.303227806799,1.0,-0.00172,-0.00226057142857,0.087
0.465024082553,0.547339531941,-0.123966860251,-1.35643984766,0.0793749342578,1.89429716342,0.159146536423,-0.00142728134117,-0.0141663953702,-0.000954558936381,-0.0119885557599,-0.000206520289547,0.00943231362417,-0.00085877201576,0.573821429647,0.818966417128,0.001929092065,0.0,0.818923659491,-0.573763586679,-0.0118377966148,0.0,-0.00858808044523,0.00837272171158,-0.999928068616,0.0,0.661603809466,0.260797050148,0.303254532689,1.0,-0.00202,-0.00265485714286,0.102
0.465005152245,0.547137583376,-0.123963710384,-1.35668449999,0.0793690681145,1.89443234619,0.159126875596,-0.000614858318757,-0.0185190651553,-0.0056780802465,-0.0163320649064,0.000141002642612,0.00951002083064,-0.00358064334507,0.573830997241,0.81895951212,0.00201271352437,0.0,0.818917801,-0.573772776685,-0.01179757782,0.0,-0.00850706213545,0.00841822485583,-0.999928379127,0.0,0.661584548751,0.260768209991,0.303292756217,1.0,-0.00238,-0.003128,0.12
0.464982173225,0.54695234729,-0.123964363903,-1.356938895,0.0793600049573,1.8945414797,0.159114875079,0.000261802399436,-0.0115471348955,-0.001037670974,-0.0181982638426,1.07833596017e-05,0.0110795138807,-0.000811260529036,0.573852338726,0.818944466336,0.00204970650154,0.0,0.81890320192,-0.573793935429,-0.0117818695834,0.0,-0.00847275086512,0.00843972712299,-0.999928489193,0.0,0.661559506556,0.260730815917,0.303312354778,1.0,-0.00268,-0.00352228571429,0.135
0.464943408201,0.546675008069,-0.123963710494,-1.35736437267,0.0793457113449,1.89469003569,0.15905185425,-0.00272755716746,-0.0178549936084,0.000244923752229,-0.0226513768028,-0.000286425554302,0.0162579229822,-0.00810277513663,0.573851958148,0.818944714994,0.00205689442071,0.0,0.818903422866,-0.573793405867,-0.0117922984418,0.0,-0.00847717124321,0.00845159415287,-0.999928351495,0.0,0.661509593841,0.260666460226,0.303319114662,1.0,-0.00306,-0.00402171428571,0.154
0.464904785082,0.54641602118,-0.123964363795,-1.3577607549,0.0793222678599,1.89483947201,0.158929627977,-0.000135095318658,-0.016150663237,-0.00113545417222,-0.0223337458754,-0.00010985556107,0.00661346682554,-0.00525596694069,0.573799903858,0.818981160301,0.0020679228056,0.0,0.818940004585,-0.573741307562,-0.011786763319,0.0,-0.00846684737783,0.0084569111929,-0.999928394011,0.0,0.661466796256,0.260603235663,0.303326813113,1.0,-0.00338,-0.00444228571429,0.17
0.464852602673,0.546107028707,-0.123964706453,-1.35828576111,0.0792652840103,1.89501714037,0.158916361839,-0.0036002070115,-0.0163258196435,-0.00171182434849,-0.0310011818165,-0.0117810509897,0.00758938103007,-0.00145967610644,0.573846161311,0.818948868193,0.00202023160476,0.0,0.818907302095,-0.573787955944,-0.0117880910667,0.0,-0.00849482282585,0.00841909531454,-0.999928475852,0.0,0.661406722139,0.260513089261,0.303311064539,1.0,-0.00374,-0.00491542857143,0.188
0.464815708844,0.545857844907,-0.123964660519,-1.35872584692,0.0792002085875,1.89516148929,0.158873862193,-0.00118064787503,-0.0111493329683,-0.000436520320637,-0.0398141665495,-0.00263679788278,0.0175274036182,-0.00481612766606,0.573851050081,0.818945592934,0.00195832499816,0.0,0.81890353402,-0.573793397425,-0.0117849880095,0.0,-0.00852775422486,0.00836666809045,-0.99992863559,0.0,0.661351515702,0.260432462026,0.303289378678,1.0,-0.00402,-0.00528342857143,0.202
0.464732564391,0.54543547121,-0.123964775884,-1.35946985961,0.0791908970382,1.89540769852,0.158744714745,-0.00153133883504,-0.0184446508441,-0.000241916668804,-0.040026367294,-0.00520155693449,0.0169091330943,-0.00424077172976,0.573850121106,0.818946348948,0.00191388390423,0.0,0.818903354619,-0.573792298917,-0.0118507551729,0.0,-0.00860712654975,0.00836800435073,-0.999927944342,0.0,0.66126576028,0.260316383593,0.303256727075,1.0,-0.0044,-0.00578285714286,0.221
0.464670843246,0.545017576091,-0.123965488847,-1.36017016702,0.0791680687018,1.89563208973,0.158688925205,-0.00292872520216,-0.0226549476343,0.0010624732926,-0.0402741479254,-0.00039132514411,0.0101929260951,-0.00818148367977,0.573888284205,0.818919696323,0.0018748675172,0.0,0.818875970924,-0.573830402453,-0.011897914329,0.0,-0.00866774728824,0.00836351862205,-0.999927458225,0.0,0.661178061334,0.260209052244,0.303238697327,1.0,-0.00474,-0.00622971428571,0.238
0.464596020593,0.544576050583,-0.123965552944,-1.36088606852,0.0791346474868,1.89588621517,0.158589003311,-0.00492559580919,-0.0251186557291,0.000796184002689,-0.0402957108035,-9.53222174557e-05,0.0169098768427,-0.00829591603319,0.573898746993,0.818912391715,0.00186273905841,0.0,0.818868397304,-0.573840807746,-0.0119173051795,0.0,-0.00869048052015,0.00836482570625,-0.999927249973,0.0,0.661097101215,0.260092208768,0.303232471136,1.0,-0.00508,-0.00667657142857,0.255
0.464542245877,0.544173436528,-0.123976227896,-1.36153844678,0.0790978968063,1.89611602982,0.158489821497,-0.00521018078186,-0.0258491479133,0.000110304039463,-0.0470247066081,-0.00116045520707,0.0155210002182,-0.00376348343974,0.573906452251,0.818907031018,0.00184540389908,0.0,0.818862735196,-0.573848512603,-0.0119353421428,0.0,-0.00871512110882,0.0083610633263,-0.999927066982,0.0,0.661005260143,0.259965781721,0.303226863369,1.0,-0.00542,-0.00712342857143,0.272
0.464449975846,0.543562715644,-0.123976090899,-1.36250711863,0.0790482453597,1.89645436828,0.158384379353,-0.00260330240802,-0.0285805494293,-0.000744527978823,-0.0513931953747,-0.00157231913129,0.0161142058494,-0.0040563484598,0.573925229292,0.818893900078,0.00183262069985,0.0,0.818849404287,-0.573867309637,-0.0119461679952,0.0,-0.00873113109131,0.00835700847248,-0.999926961212,0.0,0.660909252193,0.259835040773,0.303227502369,1.0,-0.00576,-0.00757028571429,0.289
0.464378259427,0.543085285708,-0.123974380064,-1.36326714492,0.0790062055898,1.89673692128,0.158282099104,-0.00402223114617,-0.0274903115686,0.000415068926009,-0.0498777044882,-0.00062067729537,0.0217767969093,-0.0038910955272,0.573930090726,0.818890488632,0.00183452654419,0.0,0.818845967144,-0.573872113987,-0.0119509740726,0.0,-0.00873392352697,0.00836137927855,-0.999926900286,0.0,0.660823713163,0.259717069839,0.303227924697,1.0,-0.00606,-0.00796457142857,0.304
0.464305889534,0.542497095362,-0.123977577162,-1.36417550506,0.0789447692214,1.89705475489,0.158175693712,-0.00943602746439,-0.0328594234794,-5.31058831546e-05,-0.0521463168308,-0.00483289678052,0.0143493949472,-0.00884357964989,0.573933296541,0.818888248085,0.00183171255347,0.0,0.818843757756,-0.573875396322,-0.0119447386381,0.0,-0.00873039941688,0.00835553048317,-0.999926979952,0.0,0.660710537083,0.259570371606,0.303244634071,1.0,-0.00642,-0.00843771428571,0.322
0.464234920128,0.54184919803,-0.123988228749,-1.36517803404,0.0788913705139,1.89743057132,0.158032822043,-0.00633570050842,-0.0397306689853,-0.00157157038573,-0.0537807793915,-0.000117997959293,0.0221989133881,-0.00829074546806,0.573928413832,0.818891634476,0.0018476153556,0.0,0.81884731155,-0.573870408474,-0.0119407514983,0.0,-0.00871805758215,0.00836621250962,-0.999926998315,0.0,0.660600875133,0.259432255544,0.303253133633,1.0,-0.00676,-0.00888457142857,0.339
0.464151042052,0.541191630026,-0.123980724624,-1.36616572929,0.0788342650303,1.89779808191,0.157905867652,-0.00256515627111,-0.0404983707239,-2.32685275884e-05,-0.0551407867041,-0.00125586072665,0.0268659577986,-0.00457178961903,0.57392736497,0.818892289214,0.00188289803552,0.0,0.818848357544,-0.573869144746,-0.0119297509061,0.0,-0.00868881123047,0.00838877997608,-0.999927063805,0.0,0.660486789541,0.259288306248,0.303279519283,1.0,-0.0071,-0.00933142857143,0.356
0.464072156166,0.540534100959,-0.123981108619,-1.3671722266,0.0787666166179,1.89816474835,0.157792872886,-0.010893814346,-0.0410876245193,0.000338772969959,-0.0607404316704,-0.00325364369824,0.0227659614015,-0.00280598865618,0.573937300619,0.818885299847,0.00189408399535,0.0,0.818841562395,-0.573879079081,-0.0119182712243,0.0,-0.00867288890617,0.0083914566741,-0.999927179575,0.0,0.6603691159,0.259139094116,0.303297001634,1.0,-0.00742,-0.009752,0.372
0.463972163793,0.539813022777,-0.123981684829,-1.36828485768,0.0787046970696,1.89859304516,0.157648259308,-0.0068578670068,-0.0418867828894,0.000794344866858,-0.0667316050977,-0.0017024480141,0.0280243967924,-0.00521882984835,0.57394626217,0.818878941433,0.00192725720448,0.0,0.818835601368,-0.573887867502,-0.0119046363922,0.0,-0.00864259291647,0.00841089030752,-0.999927278612,0.0,0.660245891302,0.258969184413,0.303314150657,1.0,-0.00776,-0.0101988571429,0.389
0.463871699538,0.539051727303,-0.123982375472,-1.36946456372,0.0786345747933,1.89902998143,0.157496511648,-0.0040314980154,-0.0516491394083,0.000902669008743,-0.0757721163147,-0.00770602894451,0.025136546863,-0.000532746826449,0.573951157093,0.818875472987,0.00194317084579,0.0,0.818832321156,-0.573892677329,-0.0118983881232,0.0,-0.00862829280435,0.00842038684345,-0.999927322183,0.0,0.660110311275,0.258790736451,0.303328411687,1.0,-0.0081,-0.0106457142857,0.406
0.463759500456,0.538276862117,-0.123993038315,-1.37065514367,0.0785781567597,1.89949162784,0.157353811019,-0.011122681677,-0.0433298647572,-0.000670173401733,-0.066709715983,-0.00448785913301,0.0246241863376,-0.00410916207817,0.573984396777,0.818852068772,0.00198711491743,0.0,0.818809419196,-0.573925663546,-0.0118833774646,0.0,-0.00859043736591,0.0084481043093,-0.999927414325,0.0,0.659981816934,0.258601544897,0.303349447918,1.0,-0.00844,-0.0110925714286,0.423
0.463653258263,0.537473701037,-0.123998839739,-1.37192029318,0.0785009350097,1.89996943009,0.157196288134,-0.00350322484114,-0.0514582242655,-0.000709224313104,-0.0778074306624,-0.0105506845843,0.0272721232908,-0.0034295406393,0.573995580388,0.818844203888,0.00199758748987,0.0,0.818801725496,-0.573936837298,-0.0118738375072,0.0,-0.0085764990987,0.00845132104902,-0.99992750679,0.0,0.659838251881,0.258408373499,0.303356051059,1.0,-0.00878,-0.0115394285714,0.44
0.46353976624,0.536692278513,-0.12399960177,-1.37314476592,0.0784152565842,1.90042713125,0.15705553412,-0.0108238376481,-0.0495810127319,-0.000353269155693,-0.0830298622632,-0.00482841989546,0.0260547386957,-0.0032058094699,0.574018209785,0.818828328606,0.00200250064276,0.0,0.818786017763,-0.573959546097,-0.0118593195775,0.0,-0.0085615573046,0.0084472475557,-0.999927669257,0.0,0.659700448151,0.258215175514,0.30336459596,1.0,-0.0091,-0.01196,0.456
0.463417528853,0.535838429531,-0.124002719274,-1.37449773779,0.0783528717019,1.90092356772,0.156879809507,-0.00932159457104,-0.0517123472116,0.000266533066492,-0.0816187186493,-0.0013539946721,0.0225439504811,-0.0135519395938,0.574034225136,0.818817084029,0.00200952140627,0.0,0.818774682084,-0.573975350832,-0.0118770163296,0.0,-0.00857185315849,0.0084633220614,-0.999927445124,0.0,0.659543677011,0.25800694111,0.303366449692,1.0,-0.00944,-0.0124068571429,0.473
0.463306472885,0.534927335896,-0.124014801629,-1.37592795872,0.0782743748815,1.90144522861,0.156718399036,-0.00481161647701,-0.0515938809806,-0.0014957763694,-0.0815303207839,-0.00372598113867,0.0347184345463,-0.00456001047515,0.574056462279,0.818801506122,0.00200464198423,0.0,0.818758982225,-0.573997547505,-0.0118866052524,0.0,-0.00858227593614,0.00846506416913,-0.999927340975,0.0,0.659364869132,0.257776847826,0.303367452335,1.0,-0.0098,-0.01288,0.491
0.463189567517,0.534090709257,-0.124014681947,-1.37731041362,0.078182945616,1.90194326451,0.156541109085,-0.00288232335642,-0.055318241282,0.000160011958498,-0.088236961868,-0.0122153606278,0.0232700595385,-0.00481153771742,0.574060443159,0.818798808087,0.00196631030378,0.0,0.81875583633,-0.574001735798,-0.0119010368728,0.0,-0.00861605516471,0.00844200507326,-0.999927245425,0.0,0.659210287058,0.257580483339,0.303349549538,1.0,-0.0101,-0.0132742857143,0.506
0.463060425697,0.533172082339,-0.124015908127,-1.37879541636,0.0780968884877,1.9025040216,0.156351276143,-0.00475256975887,-0.0520005000464,0.000494342446853,-0.088634253305,-0.000590961049136,0.0320112169058,-0.0101249970041,0.574069810313,0.818792252434,0.00196141330307,0.0,0.818749182829,-0.574011088677,-0.0119076695272,0.0,-0.00862420061054,0.00844190165859,-0.999927176078,0.0,0.659038972152,0.257354569686,0.303339240756,1.0,-0.01044,-0.0137211428571,0.523
0.462926051565,0.532169383996,-0.124015988381,-1.3804282706,0.0780127411067,1.90311838534,0.156148817336,-0.00356139844428,-0.0593519497831,0.000628136412029,-0.0848357926005,-0.0126099022268,0.0342808763317,-0.019722568274,0.574080777053,0.818784581593,0.00195378222313,0.0,0.818741268842,-0.574021945192,-0.0119284547853,0.0,-0.00864548744064,0.00844770137301,-0.999926943276,0.0,0.658846686209,0.257113389377,0.303322269968,1.0,-0.0108,-0.0141942857143,0.541
0.462805452371,0.531280873584,-0.124016281007,-1.38185967884,0.0779121931249,1.90364007484,0.155960713125,-0.00547066842557,-0.0573981812046,0.000771434037471,-0.0977077969416,-0.00808804276257,0.0372754056752,-0.0136128743468,0.574076569986,0.818787594498,0.00192711963567,0.0,0.818744029763,-0.574017943058,-0.0119315412389,0.0,-0.00866336349697,0.00842759822281,-0.999926958193,0.0,0.658676869026,0.256894686203,0.303312402266,1.0,-0.0111,-0.0145885714286,0.556
0.462670782173,0.530239267619,-0.124021809028,-1.38350837795,0.0778150324147,1.90420733902,0.155749451762,-0.00754925191096,-0.0666248313892,0.000100569937502,-0.0991957737425,-0.00499698725464,0.0376990540296,-0.017727076646,0.574082810013,0.818783290329,0.00189674125281,0.0,0.818739275886,-0.57402425797,-0.0119539233849,0.0,-0.00869906471518,0.00841564051451,-0.999926748951,0.0,0.658462260749,0.256631064697,0.303313554291,1.0,-0.01146,-0.0150617142857,0.574
0.462531076939,0.52919344704,-0.124016607356,-1.3851499112,0.0777168348843,1.90482140451,0.15553495152,-0.00826961471646,-0.0642118857643,-0.00062049451082,-0.0991480888526,-0.00959967345717,0.0439615167297,-0.0159494698748,0.574073739707,0.818789617486,0.00191064816472,0.0,0.818745770845,-0.574015117006,-0.0119480154533,0.0,-0.00868633731185,0.00842353919705,-0.999926793086,0.0,0.658269881255,0.25638084886,0.303323478252,1.0,-0.0118,-0.0155085714286,0.591
0.462394967106,0.528097924046,-0.124028270949,-1.38685275527,0.077605298369,1.90548421417,0.155282503208,-0.00671884958156,-0.0626301496529,-0.00107418244364,-0.100800607401,-0.00990385302472,0.0416006891367,-0.0189665544508,0.574054021397,0.818803350864,0.00194936735784,0.0,0.818760096022,-0.573995323963,-0.0119172199778,0.0,-0.00863909823214,0.00843735470244,-0.999927085855,0.0,0.658086272141,0.256142109066,0.303337971186,1.0,-0.01212,-0.0159291428571,0.607
0.462252568043,0.526936243709,-0.124027595773,-1.38860794894,0.0775004883833,1.90615000372,0.155047149172,-0.00434528426872,-0.0747709108084,-0.000537597369947,-0.102623852586,-0.00811437638361,0.0358632604849,-0.0106737063074,0.574044047736,0.818810192024,0.00201186431922,0.0,0.818767732382,-0.573985075576,-0.0118861401144,0.0,-0.00857787772693,0.00847058065468,-0.999927331998,0.0,0.65788050284,0.255883950719,0.30337786942,1.0,-0.01246,-0.016376,0.624
0.462091239522,0.525700801157,-0.124028180059,-1.39054203278,0.0773686772504,1.90685542953,0.154793233804,-0.00767101450417,-0.0670995616099,4.47022141405e-05,-0.109256908756,-0.00912520065297,0.0393906593697,-0.0057930676791,0.574037197763,0.818815000512,0.00200933386333,0.0,0.818772598444,-0.573978326148,-0.0118768704058,0.0,-0.00857181059379,0.00846311585557,-0.999927447235,0.0,0.657648644247,0.255590732979,0.303387678328,1.0,-0.01282,-0.0168491428571,0.642
0.461951167812,0.524674618339,-0.124033718415,-1.39216694728,0.0772690721898,1.90743811619,0.154569733707,-0.00817963145595,-0.070394944344,-0.000923492006957,-0.108561165597,-0.0126240182705,0.0357014251943,-0.013484091771,0.574033194108,0.818817844991,0.00199391258512,0.0,0.818775225913,-0.573974369972,-0.0118869233502,0.0,-0.00858893560502,0.00845621761458,-0.999927358646,0.0,0.657452735915,0.255339464899,0.303386703903,1.0,-0.01312,-0.0172434285714,0.657
0.461797316974,0.523474714602,-0.124035735845,-1.39408202882,0.0771500998706,1.90813356216,0.154309248306,-0.010832580969,-0.0733964143342,0.000214980548289,-0.11222089442,-0.00338897832536,0.0441068345664,-0.0230964138799,0.574017876668,0.818828629858,0.00197461204568,0.0,0.818785742002,-0.573959116554,-0.0118990806312,0.0,-0.0086101270762,0.00844723182263,-0.999927252347,0.0,0.657218933153,0.255053583323,0.303379170902,1.0,-0.01346,-0.0176902857143,0.674
0.461627302658,0.522192510904,-0.12403804318,-1.39612463436,0.0770243749179,1.90893844947,0.154017612507,-0.00896190603804,-0.0746486233081,0.000943794510989,-0.110045756668,-0.00968337281614,0.0481452266566,-0.0248113910983,0.573995655394,0.818844126038,0.00200792004299,0.0,0.818801728771,-0.573936817546,-0.0118745664435,0.0,-0.00857116476367,0.0084602008358,-0.999927477438,0.0,0.656983027788,0.254749183371,0.303377955267,1.0,-0.01382,-0.0181634285714,0.692
0.461477178194,0.52108054498,-0.124043678295,-1.39790463485,0.0769275332476,1.9096175586,0.153782728845,-0.0102254735357,-0.0778880790341,-0.000368997657359,-0.11841634753,-0.00685354452911,0.0407619067553,-0.0173775252282,0.573999373978,0.818841489198,0.00202018379646,0.0,0.818799173689,-0.573940408784,-0.0118771727321,0.0,-0.0085662216198,0.00847177764408,-0.999927421782,0.0,0.656772892465,0.254481020887,0.303371016106,1.0,-0.01412,-0.0185577142857,0.707
0.46130806578,0.519798776838,-0.12404364185,-1.3999504098,0.0767844929013,1.91035594414,0.15350811925,-0.0133328825058,-0.0732491952187,-0.000394815817751,-0.115379224626,-0.00574419706024,0.0461340502451,-0.0149725808457,0.573983129308,0.818852947213,0.00199123384482,0.0,0.818810389839,-0.573924417343,-0.0118766817923,0.0,-0.00858260340625,0.00844762058454,-0.999927485683,0.0,0.656509940118,0.254148284154,0.303365052931,1.0,-0.01448,-0.0190308571429,0.725
0.461126180035,0.518365692957,-0.124050795624,-1.402162334,0.0766423383968,1.91112702229,0.153206904739,-0.00697725818548,-0.0765879439716,-0.000929459591909,-0.123430652781,-0.00593753056855,0.0383802848936,-0.0138133472041,0.573969009124,0.818862878276,0.0019773840809,0.0,0.818820111335,-0.573910326845,-0.0118873426473,0.0,-0.00859942803671,0.00844225067317,-0.999927386484,0.0,0.656245913744,0.253833213036,0.303381593083,1.0,-0.01482,-0.0194777142857,0.742
0.460954768652,0.51706552234,-0.124058486048,-1.40417566725,0.0765070154303,1.91186733621,0.152932808318,-0.0148141202917,-0.0855891496961,-0.000883617243203,-0.123582456622,-0.0119211844262,0.0464335454125,-0.0161587163072,0.573960248714,0.818868983777,0.00199178437136,0.0,0.818826515829,-0.573901618284,-0.0118666089302,0.0,-0.00857427480289,0.00844205020566,-0.999927604179,0.0,0.656003751724,0.253522794608,0.303399943302,1.0,-0.01514,-0.0198982857143,0.758
0.460794363042,0.515893922463,-0.124057354442,-1.40607925351,0.0763983121232,1.9125840899,0.152667228493,-0.0106136000363,-0.0807526464082,0.00174330539842,-0.127746842696,-0.00103307391438,0.0409546658438,-0.0158911279617,0.573944677393,0.818879923894,0.00198101916524,0.0,0.818837222812,-0.573886001383,-0.0118830490663,0.0,-0.00859407661025,0.00844250753885,-0.999927430324,0.0,0.655772600159,0.253238775656,0.303377777203,1.0,-0.01544,-0.0202925714286,0.773
0.460588722432,0.514342372237,-0.124066599847,-1.40856784846,0.0762490500167,1.91349374627,0.152334722613,-0.0102925125879,-0.0790088400792,-0.000671104086605,-0.133824624677,-0.0111958648969,0.0534411676247,-0.0197988954481,0.573938052258,0.818884628055,0.0019557624962,0.0,0.818841556057,-0.573879439822,-0.0119013245034,0.0,-0.00862360583474,0.00843224495729,-0.999927262688,0.0,0.65546631051,0.252861234604,0.303360207866,1.0,-0.01582,-0.020792,0.792
0.46038915065,0.512922621461,-0.124069747715,-1.41083390102,0.076102168728,1.91427970996,0.152014758994,-0.0134250294287,-0.08515778138,-0.000404506020463,-0.130584747154,-0.0100213036818,0.0415828074099,-0.0326113832832,0.573915742741,0.818900418835,0.00188975332821,0.0,0.818856476934,-0.573857398905,-0.0119374539297,0.0,-0.00869130442787,0.00839869119192,-0.999926958939,0.0,0.655195397306,0.252529075894,0.303336224583,1.0,-0.01614,-0.0212125714286,0.808
0.460190355535,0.511515176837,-0.124072993597,-1.41313238371,0.0759623250149,1.91513303717,0.151693520615,-0.0130316168061,-0.0773936260286,9.55966834999e-05,-0.132746994994,-0.00971744661785,0.0495664988076,-0.0187001665202,0.573905108317,0.818907927358,0.00186549197123,0.0,0.818863617527,-0.573846818615,-0.0119562351187,0.0,-0.00872071698803,0.00838948943855,-0.999926780101,0.0,0.654899049451,0.252156995643,0.303310665887,1.0,-0.0165,-0.0216857142857,0.826
0.460040380738,0.510376517932,-0.124076214604,-1.41490420755,0.075854381646,1.91580556821,0.151441292151,-0.0109177468868,-0.0833027418805,0.000392126433661,-0.134338005697,-0.008071800665,0.0480550743318,-0.0171013657507,0.573887021709,0.818920528671,0.00189761341754,0.0,0.818876639241,-0.573828599968,-0.0119387798671,0.0,-0.0086881743441,0.00840558395226,-0.999926928223,0.0,0.654685030433,0.251889819706,0.303322917143,1.0,-0.01676,-0.0220274285714,0.839
0.459797568232,0.50860562561,-0.124082716884,-1.41768957139,0.075683927086,1.91680470034,0.151059938718,-0.0152208739483,-0.0883408380182,0.000585710875928,-0.136777626272,-0.00752888966492,0.0383331619722,-0.0187088385812,0.573876753369,0.818927756692,0.00188365690539,0.0,0.818883617416,-0.573818326221,-0.0119539333752,0.0,-0.00870869865945,0.00840274203486,-0.999926773566,0.0,0.654337490188,0.251460203331,0.303323236091,1.0,-0.01716,-0.0225531428571,0.859
0.459589866118,0.507078312886,-0.124088987554,-1.42009726471,0.0755329640015,1.91767989329,0.150723512201,-0.0166497239938,-0.0914871700788,-0.00192733568866,-0.145303906412,-0.00957622982523,0.0482058256963,-0.00747171160951,0.573859610201,0.818939787674,0.00187585847605,0.0,0.818895537322,-0.573801209177,-0.0119590218249,0.0,-0.00871751677149,0.0083990934461,-0.999926727381,0.0,0.654037994866,0.251090127029,0.30332153821,1.0,-0.0175,-0.023,0.876
0.459356667019,0.505399019851,-0.124094015377,-1.42269580203,0.07536094969,1.91866586006,0.150366597478,-0.0140467141112,-0.0941659991878,-0.000437146677307,-0.144861884031,-0.0129640908845,0.0566865074113,-0.0192461432963,0.573849504588,0.818946758911,0.00192329255543,0.0,0.818903252552,-0.573791026767,-0.0119192055941,0.0,-0.0086577934693,0.00841498276901,-0.999927112682,0.0,0.653725099882,0.250687634415,0.303344188434,1.0,-0.01786,-0.0234731428571,0.894
0.459164920922,0.503934826656,-0.124093147757,-1.42488290721,0.0752321747318,1.91950392354,0.150055519013,-0.0105542799791,-0.108748635951,0.00257465513426,-0.14732236903,-0.00801790706436,0.0514108048482,-0.0205413087739,0.57382901881,0.818960869071,0.00202459951151,0.0,0.818918632818,-0.573770078129,-0.0118708537401,0.0,-0.0085602748875,0.00846998569154,-0.999927487889,0.0,0.653460685734,0.250358647348,0.303398718262,1.0,-0.01816,-0.0238674285714,0.909
0.458918109709,0.502148994999,-0.124100407235,-1.42752828098,0.0750613169481,1.92048784558,0.149687214862,-0.0107071158088,-0.103610082209,-0.000703312341222,-0.148769894227,-0.00777731657391,0.0562253942212,-0.0191338943589,0.573823896716,0.818964201326,0.00212588924264,0.0,0.818923358819,-0.573764627809,-0.0118080970863,0.0,-0.0084508114537,0.0085168726181,-0.999928020743,0.0,0.653140598359,0.249942056641,0.303471998001,1.0,-0.01852,-0.0243405714286,0.927
0.458684428787,0.500436693855,-0.124096513776,-1.43011910699,0.0748924863053,1.92140145011,0.14932334616,-0.0130810475472,-0.103126627812,0.00104896383225,-0.156469374393,-0.0146529948665,0.0546978126662,-0.0243811827885,0.573800603538,0.818980447015,0.00215445777857,0.0,0.818939934662,-0.573741183902,-0.0117976358453,0.0,-0.00842609415018,0.00853402638723,-0.999928083079,0.0,0.65281052518,0.249541831335,0.303512813193,1.0,-0.01886,-0.0247874285714,0.944
0.458456168631,0.498835166742,-0.124096752071,-1.43257839079,0.0747408555678,1.92230361004,0.148986581706,-0.0170639335667,-0.0991035890016,0.00101316268864,-0.148621017853,-0.00997583235339,0.0548628485392,-0.0207458499996,0.573795947362,0.818983607978,0.00219261378299,0.0,0.818943540672,-0.573736328333,-0.0117834478336,0.0,-0.00839263002404,0.00855708625809,-0.999928167438,0.0,0.652504528425,0.249158894993,0.303537528294,1.0,-0.01918,-0.025208,0.96
0.458200217227,0.497156716151,-0.124099650736,-1.43522916469,0.0745847060465,1.92328348167,0.148586685004,-0.0152927287268,-0.109277630655,-0.000530596459915,-0.159604226284,-0.00624065284424,0.0523369807143,-0.0253805820523,0.573772465362,0.819000034811,0.00220178875634,0.0,0.818959979507,-0.573712704308,-0.011791173943,0.0,-0.00839393929739,0.00856879279336,-0.999928056199,0.0,0.652176432393,0.248739269453,0.303531048363,1.0,-0.01952,-0.0256548571429,0.977
0.457898903971,0.495293290666,-0.124099005258,-1.43825288247,0.0743949584567,1.92432074248,0.148143018782,-0.0147955482832,-0.103472106981,-0.000396339151721,-0.167584177446,-0.00658507109721,0.0570602326121,-0.0208446822473,0.573756311162,0.819011626465,0.00209714504637,0.0,0.818970046187,-0.573696799361,-0.0118656121582,0.0,-0.00851511285414,0.00852563298194,-0.999927400582,0.0,0.651785249933,0.248249169988,0.303480204681,1.0,-0.0199,-0.0261542857143,0.996
0.457664782769,0.493876148367,-0.124111097598,-1.44054900287,0.0742426519166,1.92514551714,0.147822778668,-0.0150523395986,-0.108984856299,0.00156805497473,-0.171753861088,-0.0103242655154,0.0547070380129,-0.0252865986393,0.573768529983,0.819003206212,0.00204184176621,0.0,0.818960966133,-0.573709300453,-0.0118878688013,0.0,-0.0085649439537,0.00849323723345,-0.999927250682,0.0,0.651499181512,0.247867467498,0.303446140325,1.0,-0.0231942857143,-0.0304839183673,1.01
0.457360475601,0.491542479252,-0.124186727056,-1.44415561231,0.0740319116835,1.92650063206,0.147301550396,-0.0240724782136,-0.139006257711,-0.00180922270351,-0.215057739329,-0.0115755805597,0.0839200486435,-0.0311506748436,0.573769407226,0.819002443114,0.00210057298059,0.0,0.818961162596,-0.573710135769,-0.0118338994923,0.0,-0.00848703598762,0.00851038103838,-0.999927769209,0.0,0.651058253039,0.247286047673,0.303473375582,1.0,-0.0296228571429,-0.0389328979592,1.028
0.456949771811,0.48890021763,-0.1241903349,-1.44845806773,0.0737906919767,1.92804932061,0.146676423945,-0.0314909827417,-0.1637233842,-0.00311641333491,-0.269433076775,-0.0224519860189,0.0979003455507,-0.0368063046537,0.573745902292,0.819019117998,0.00201763684688,0.0,0.818976375215,-0.573686589474,-0.011922281589,0.0,-0.0086072510663,0.00849292063404,-0.999926890092,0.0,0.65050377812,0.246607776521,0.303397545146,1.0,-0.0356942857143,-0.0469124897959,1.045
0.456506523683,0.486033832125,-0.124240176015,-1.4529047002,0.0735230118968,1.92974103129,0.14602644191,-0.0326329111532,-0.205747640549,-0.00247916782189,-0.307663286898,-0.0241918839065,0.119165143489,-0.0437528267374,0.57374951969,0.819016322628,0.00212104332848,0.0,0.818975077452,-0.573689937216,-0.0118501203266,0.0,-0.00848878419405,0.00853624681908,-0.999927533891,0.0,0.649928542854,0.245824739718,0.303429225749,1.0,-0.0414085714286,-0.0544226938775,1.061
0.455890828581,0.48212381361,-0.124322544009,-1.45901136282,0.0731531762552,1.93190749753,0.145072807771,-0.0367498826629,-0.227716931122,0.000154598229638,-0.359389789805,-0.0216575765848,0.116933507251,-0.0543295025267,0.573743269102,0.81902083288,0.00206963037729,0.0,0.818978904509,-0.573683879993,-0.0118788343539,0.0,-0.00854186367855,0.00851054872891,-0.99992730092,0.0,0.64919238689,0.24484021846,0.303417700976,1.0,-0.04748,-0.0624022857143,1.078
0.455214449748,0.47784614647,-0.124417228054,-1.46566718759,0.0727566719247,1.93426579467,0.144094491344,-0.0371158574666,-0.264066562991,-0.00809854750202,-0.411626886977,-0.0188501187305,0.155222431642,-0.0603919016087,0.573781171365,0.818994337131,0.00204695794217,0.0,0.818952068586,-0.573721825082,-0.0118963727067,0.0,-0.00856884240954,0.00850243880601,-0.999927139083,0.0,0.648344529132,0.243710476619,0.30342142866,1.0,-0.0535514285714,-0.070381877551,1.095
0.454480238012,0.473401823332,-0.12447377186,-1.47253985492,0.0723539458236,1.93677815352,0.143117418968,-0.0475795966884,-0.283254503853,-0.00096685028556,-0.436481331976,-0.0313798542766,0.159987229577,-0.0540410775183,0.573846127228,0.818948632948,0.00212267727229,0.0,0.818907167066,-0.573786282964,-0.0118785567687,0.0,-0.00851012857144,0.00855490413882,-0.999927193013,0.0,0.647476213114,0.242552439669,0.303445042679,1.0,-0.0592657142857,-0.0778920816326,1.111
0.453608411452,0.46816060459,-0.124506867312,-1.48047600322,0.0718679042545,1.93969966152,0.141864920928,-0.0550026891169,-0.326093546337,-0.00265100831566,-0.480443795015,-0.0309741939504,0.179087142307,-0.0858600814387,0.573805137032,0.818976819239,0.00231973416662,0.0,0.81893777959,-0.57374438512,-0.0117915480093,0.0,-0.00832623033522,0.00866593561505,-0.999927785117,0.0,0.646469836744,0.241219502541,0.303542304162,1.0,-0.0653371428571,-0.0858716734694,1.128
0.452650030675,0.462446530048,-0.124542231353,-1.48924155089,0.0712968716421,1.942810731,0.140481499447,-0.0608771520129,-0.343035276057,-0.00191248963219,-0.535380561267,-0.0310283997279,0.183965921821,-0.0874347699272,0.573739005079,0.819023030172,0.00236156715841,0.0,0.818984458834,-0.573678023757,-0.01177829137,0.0,-0.00829207235583,0.0086919193198,-0.999927843434,0.0,0.645320447413,0.239739056546,0.303580710599,1.0,-0.0714085714286,-0.0938512653061,1.145
0.451641914304,0.456648808142,-0.124601884553,-1.4982494572,0.0707009588989,1.94584903836,0.139157750826,-0.061441410594,-0.376556606325,-0.00552022460989,-0.575121494173,-0.0317459138236,0.19647952726,-0.0843559821899,0.573777790895,0.818996300855,0.00220289857759,0.0,0.818955476751,-0.57371722631,-0.0118835278753,0.0,-0.00846888756153,0.00862274624176,-0.999926960428,0.0,0.644102338499,0.238178654462,0.303548214392,1.0,-0.0771228571429,-0.101361469388,1.161
0.450425070167,0.449576210517,-0.124685888434,-1.50882730042,0.0699770995691,1.94979418838,0.137444374924,-0.0702147762577,-0.409725161903,0.000930065859549,-0.600118919996,-0.043985833463,0.23471267838,-0.094565245783,0.573717446942,0.819037610117,0.0025359790326,0.0,0.819001761388,-0.57365632197,-0.0116312513615,0.0,-0.00807180732069,0.00875019159873,-0.999929137526,0.0,0.642748339508,0.236343727575,0.303713288894,1.0,-0.0835514285714,-0.10981044898,1.179
0.449145556458,0.442525375187,-0.124712911069,-1.519574049,0.0692910635711,1.95357059599,0.135816176087,-0.0727805215727,-0.421298173642,-0.00386814309234,-0.65562518598,-0.0431748907705,0.228516723355,-0.104999445464,0.573746148857,0.819017264966,0.00261213718857,0.0,0.818981993554,-0.573684306811,-0.011642905768,0.0,-0.00803735347,0.00881953547141,-0.999928805837,0.0,0.641297123402,0.234480915183,0.303755417492,1.0,-0.0896228571428,-0.117790040816,1.196
0.447851027246,0.43550577849,-0.124742955371,-1.53043769511,0.0685554855937,1.95724284669,0.134050356498,-0.0838597604371,-0.456217635124,-0.00300775015665,-0.675458595783,-0.0452152538424,0.23400337597,-0.108055650702,0.573657268674,0.819079995723,0.00245878128315,0.0,0.81904236216,-0.573595588971,-0.0117667413406,0.0,-0.00822771475764,0.00876409146472,-0.999927745095,0.0,0.639780064059,0.232582508536,0.303700182903,1.0,-0.0953371428571,-0.125300244898,1.212
0.446267882283,0.427105094089,-0.124773760149,-1.54313341202,0.0676536084005,1.96179230435,0.131992967076,-0.0893191311251,-0.472678697562,-0.000664682161605,-0.732091401126,-0.0575579421281,0.25657723216,-0.115664532493,0.573589262927,0.819127068255,0.00263636273249,0.0,0.819092071993,-0.573527313602,-0.0116337892479,0.0,-0.00801768000888,0.00883261046796,-0.999928848369,0.0,0.638055003285,0.230339290184,0.303776131561,1.0,-0.101765714286,-0.13374922449,1.23
0.44471069229,0.41930337437,-0.124857097184,-1.55511277383,0.0668085448428,1.96578174956,0.130014637673,-0.0993275018,-0.498841125564,-0.0106992646855,-0.739263453502,-0.051218937906,0.255184041169,-0.115151035717,0.573575878098,0.819137020537,0.00244960223727,0.0,0.81909948731,-0.573514476482,-0.0117440221386,0.0,-0.00821523912787,0.00874272407176,-0.999928034721,0.0,0.636362234361,0.228136277188,0.303723228788,1.0,-0.10748,-0.141259428571,1.246
0.443171792474,0.411571952224,-0.124954961934,-1.56666601085,0.0660078296907,1.96993438187,0.128109771087,-0.110322125969,-0.517286476245,-0.00148611109643,-0.777312748096,-0.0510914210699,0.280072908065,-0.133236316149,0.573594281669,0.819123369995,0.00269289170734,0.0,0.81908926085,-0.573532309546,-0.0115853169065,0.0,-0.00794549640204,0.00885116061925,-0.999929260519,0.0,0.63467080081,0.225860324486,0.303819840551,1.0,-0.113194285714,-0.148769632653,1.262
0.441119496893,0.402026121545,-0.125020923548,-1.58132333076,0.0650362494959,1.97475063837,0.125656795454,-0.118565262736,-0.537038113766,-0.00728475110769,-0.798958250662,-0.0537369094334,0.263593959035,-0.148345542024,0.573647304407,0.819086944055,0.00246883103469,0.0,0.819048971495,-0.573585088011,-0.0118184604037,0.0,-0.00826442106487,0.00880189093624,-0.999927110374,0.0,0.632655509139,0.223261199031,0.303714883766,1.0,-0.119265714286,-0.15674922449,1.279
0.438914284483,0.391884346314,-0.125171940601,-1.59633752213,0.0638919943485,1.98000591006,0.123079548862,-0.124167804068,-0.558943382799,-0.00537427216605,-0.854828289248,-0.0726951683502,0.294569132603,-0.145605713419,0.57372064879,0.819034812981,0.00270909176334,0.0,0.819001015071,-0.573658719559,-0.0115653658612,0.0,-0.00791849560864,0.00885420858043,-0.99992944772,0.0,0.63055680558,0.220346399146,0.303851317498,1.0,-0.125694285714,-0.165198204082,1.297
0.436972853305,0.38321929978,-0.125242232369,-1.60945764171,0.0629174555174,1.98427056429,0.120748218085,-0.132275604446,-0.598292653756,-0.00594993903488,-0.877101711053,-0.0672415171853,0.283638338991,-0.168806525255,0.573677208262,0.819065843884,0.00252012003752,0.0,0.819029380058,-0.573615701843,-0.0116896579356,0.0,-0.00812917562952,0.00877031153771,-0.999928496513,0.0,0.628606523497,0.217817874604,0.303788894906,1.0,-0.131051428571,-0.172239020408,1.312
0.434629700749,0.372954331692,-0.125338739335,-1.62461016345,0.0618317857466,1.98942529957,0.118030770283,-0.138320103129,-0.60678115273,-0.00939641117708,-0.896611788311,-0.0721202329496,0.305108496665,-0.16321824551,0.573698201125,0.819050467718,0.00272988229161,0.0,0.819016620944,-0.573635848807,-0.0115945884489,0.0,-0.00793074743802,0.00888778462335,-0.999929052748,0.0,0.626391083213,0.214860035537,0.3038837271,1.0,-0.137122857143,-0.180218612245,1.329
0.431942772808,0.361710495762,-0.12547484923,-1.64124109436,0.0605219175105,1.99494208763,0.115103812277,-0.151048683491,-0.647874916899,-0.00788885430158,-0.935680902751,-0.0810597046787,0.311347872722,-0.17276557827,0.573822356325,0.818963380122,0.0027626620754,0.0,0.818930547986,-0.573760544703,-0.0115039913802,0.0,-0.00783639204324,0.00886384646475,-0.999930009143,0.0,0.623917379839,0.211512832033,0.303930656003,1.0,-0.143551428571,-0.188667591837,1.347
0.429418307946,0.351478247913,-0.125577007342,-1.65659717251,0.0593865401929,1.99983709996,0.11223442862,-0.160225607466,-0.645646616945,-0.00220016798992,-0.978182684238,-0.0763825497751,0.30330793127,-0.184890032593,0.573822751518,0.818963757856,0.00256126129828,0.0,0.81892767208,-0.573760910741,-0.0116889738303,0.0,-0.00810345033491,0.00880505640293,-0.999928399974,0.0,0.621544295613,0.208422093706,0.303830201905,1.0,-0.149265714286,-0.196177795918,1.363
0.426544962869,0.34010829493,-0.125696858268,-1.67307161386,0.0581358149687,2.00526246209,0.109132110698,-0.173971663623,-0.677820768232,-0.00551532065407,-0.974778237186,-0.0833073729959,0.323602127977,-0.188825439488,0.573914500777,0.818898662718,0.00280586853306,0.0,0.818865751106,-0.573851812295,-0.0115639998555,0.0,-0.00785974259897,0.00893454886563,-0.999929196635,0.0,0.61903256252,0.205025488076,0.303962774337,1.0,-0.155337142857,-0.204157387755,1.38
0.423567406998,0.328574459924,-0.125734245786,-1.6900544882,0.0567340008438,2.01064932655,0.105804177916,-0.177319150793,-0.687315579026,-0.000845282241374,-0.993992038685,-0.0861963520956,0.323797675917,-0.19937688462,0.573785300804,0.818989567628,0.00269510640985,0.0,0.818955267349,-0.573723052196,-0.0116136282861,0.0,-0.00796534909079,0.00887107158556,-0.999928926126,0.0,0.616334188465,0.201555079836,0.303923857475,1.0,-0.161408571429,-0.212136979592,1.397
