position_joint1,position_joint2,position_joint3,position_joint4,position_joint5,position_joint6,position_joint7,velocity_joint1,velocity_joint2,velocity_joint3,velocity_joint4,velocity_joint5,velocity_joint6,velocity_joint7,ee_T_00,ee_T_10,ee_T_20,ee_T_30,ee_T_01,ee_T_11,ee_T_21,ee_T_31,ee_T_02,ee_T_12,ee_T_22,ee_T_32,ee_T_03,ee_T_13,ee_T_23,ee_T_33,v_x,v_y,time
0.465074403496,0.547809155174,-0.123966274111,-1.35583770964,0.0795695893125,1.89410349655,0.15914847857,-0.000128806447939,-0.000816526527547,2.61688764138e-05,-0.000882610451988,-0.000117383359758,-5.47874734265e-05,0.00100650646066,0.573799614511,0.818981623309,0.00196213408285,0.0,0.818937874581,-0.573740250138,-0.0119845671895,0.0,-0.00868955229284,0.00848376928773,-0.999926255951,0.0,0.661666638382,0.260914371719,0.303191973712,1.0,0.0,0.0,0.0
0.465079028098,0.547816179302,-0.123969757588,-1.35583552285,0.0795716237575,1.89410239767,0.15915167589,4.95289347805e-05,0.00174062874978,-0.00108930686142,-0.00308039385153,0.000337201114909,-2.57056611933e-05,0.000633634615754,0.573801303655,0.818980451929,0.00195708515679,0.0,0.818936636865,-0.573741960017,-0.0119872856526,0.0,-0.00869465814647,0.00848121216071,-0.999926233259,0.0,0.661666212947,0.260915836776,0.303188062188,1.0,-0.00014,-0.000184,0.008
0.465073357557,0.547812596987,-0.123966834341,-1.35583591288,0.0795709116807,1.89410430599,0.159145328506,-0.00051394458633,0.00232872073787,0.000370867850658,0.000755726678008,3.58840721065e-05,0.000439928524509,-0.000712191411505,0.573798546947,0.818982371906,0.00196186885369,0.0,0.818938613031,-0.573739177301,-0.0119854669305,0.0,-0.00869045243122,0.0084840570116,-0.999926245687,0.0,0.6616674478,0.260913792582,0.303190481952,1.0,-0.00038,-0.000499428571429,0.02
0.465080189965,0.547801657645,-0.123964363686,-1.35583908685,0.0795698447354,1.89410349654,0.159143758397,0.000706000113447,-0.0041855637699,0.000900322922977,0.00186041091341,-0.000119640069961,-2.79452371583e-05,-0.0042950722049,0.573789804835,0.818988481412,0.00196826903577,0.0,0.818944798969,-0.573730402279,-0.0119828479077,0.0,-0.00868472583312,0.00848770306674,-0.999926264498,0.0,0.661664559206,0.260919283863,0.303196566799,1.0,-0.0007,-0.00092,0.036
0.465073050614,0.54774708018,-0.123969611865,-1.35590191133,0.0795709102202,1.89411123668,0.159144611494,-5.53535352806e-05,-0.0104895761666,-0.000612711693478,-0.00906043548989,0.00023962380595,0.00100766413009,-0.0013610212102,0.573803686997,0.818978750801,0.00197013366528,0.0,0.818935055652,-0.573744238629,-0.011986249028,0.0,-0.00868629765411,0.00849132889276,-0.999926220062,0.0,0.661656152587,0.260905480769,0.303206176929,1.0,-0.00108,-0.00141942857143,0.055
0.46507474832,0.547625406376,-0.123969793686,-1.35605822943,0.0795668783064,1.89414070788,0.159142343655,0.000515803313434,-0.0110823432357,0.000363648653859,-0.013450762086,-1.23429843315e-05,0.0044485963623,-0.00181131467988,0.573808021816,0.818975713595,0.00197016298792,0.0,0.818931932643,-0.573748488544,-0.011996186541,0.0,-0.00869437479001,0.00849710104729,-0.99992610083,0.0,0.661629234119,0.260890888553,0.303220528789,1.0,-0.0014,-0.00184,0.071
0.465062716591,0.547488444359,-0.123965322482,-1.35626127731,0.0795655719986,1.89419992072,0.159140529305,-0.000737676973716,-0.0121562293199,0.000710932439413,-0.0102142806601,-0.000112025673529,0.01011557954,-0.00107519591012,0.57382417357,0.818964392547,0.00197191995041,0.0,0.818920489968,-0.573764489538,-0.0120120171578,0.0,-0.00870616431178,0.00850779527188,-0.999925907316,0.0,0.661600291169,0.260867019841,0.30322590036,1.0,-0.00174,-0.00228685714286,0.088
0.465042933394,0.547325379363,-0.123967556953,-1.35646259051,0.0795635831326,1.89431245315,0.159136142692,-0.00145398928287,-0.0088566148049,0.000894531451746,-0.00953715551833,-0.000959912569261,0.00307021795114,0.000575622795913,0.573849303019,0.818946619557,0.002039275053,0.0,0.818903574023,-0.573789309596,-0.0119796305105,0.0,-0.00864073004618,0.00854463675891,-0.999926160757,0.0,0.661586675427,0.26083821705,0.303255433669,1.0,-0.00206,-0.00270742857143,0.104
0.465019807719,0.54709347426,-0.123967303481,-1.35674542813,0.0795589839465,1.89445583262,0.159125908235,-0.000646068947117,-0.00733322770909,-0.00342475359258,-0.0161982497479,-0.000133012190399,0.00581209329555,0.00129702374239,0.573874483509,0.81892875836,0.00212433745686,0.0,0.818886770774,-0.573814083184,-0.011941586703,0.0,-0.00856049883747,0.00859272917821,-0.999926438727,0.0,0.661562772333,0.260801543538,0.303297510045,1.0,-0.00246,-0.00323314285714,0.124
0.464996325621,0.546927007962,-0.123967551214,-1.35698361269,0.0795546425538,1.8945578555,0.159107794426,-0.000378013130976,-0.0166659209535,-0.000138516964497,-0.0235700900873,-0.000202887466824,0.00827009978192,0.000366566966108,0.573891311514,0.818916885099,0.00215517289214,0.0,0.818875232215,-0.573830715347,-0.0119336117816,0.0,-0.00853609613208,0.00861357965705,-0.999926467951,0.0,0.661539307195,0.260766006726,0.303310906911,1.0,-0.00272,-0.00357485714286,0.137
0.464955849625,0.546632746659,-0.123967559981,-1.3574356909,0.0795491689829,1.89472220387,0.159050100721,-0.00394536602421,-0.0161408188832,-0.000410271560217,-0.0274018592541,0.000337907021615,0.0100694187735,-0.00560637974707,0.573901050806,0.818910013222,0.00217279314934,0.0,0.818868388236,-0.57384017763,-0.0119482294236,0.0,-0.00853785308861,0.00863649932502,-0.999926255253,0.0,0.661486992366,0.260699698295,0.303318398965,1.0,-0.00312,-0.00410057142857,0.157
0.464921118423,0.546388904228,-0.123970648988,-1.35778421143,0.0795403089462,1.89485477024,0.158948582492,-0.00155065532301,-0.0223981174246,-0.000276973255967,-0.0267309371859,-0.000145420326561,0.0026660532108,-0.00194409292385,0.573865662297,0.818934730842,0.00220344220458,0.0,0.818893413727,-0.573804575674,-0.0119428970641,0.0,-0.00851627193807,0.00865816953889,-0.999926251887,0.0,0.661450145312,0.260644335956,0.30333679342,1.0,-0.0034,-0.00446857142857,0.171
0.464869600477,0.546066611088,-0.123965148328,-1.35834594279,0.0795300092656,1.89504002397,0.158917902049,-2.70588162695e-05,-0.0194525447618,0.00136305510625,-0.0349259384457,-0.00285622416056,0.0128622212533,-0.00445421254684,0.573907494405,0.818905502785,0.00217077764699,0.0,0.818863480513,-0.573846253727,-0.0119926755151,0.0,-0.00857534045389,0.00866042363551,-0.999925727541,0.0,0.661379373772,0.260561895309,0.303313533281,1.0,-0.00378,-0.004968,0.19
0.464822924001,0.545791931086,-0.123965834908,-1.35882072389,0.0795148483128,1.89519842411,0.158858569801,-0.00251239418102,-0.0242290969066,-0.0014355271961,-0.0362281498061,-0.00211515673285,0.0146157253681,-0.00412774998863,0.573920425734,0.818896541311,0.00213224203271,0.0,0.818853867536,-0.573859194931,-0.0120297512269,0.0,-0.00862768108584,0.00865028112534,-0.999925365093,0.0,0.661318260086,0.260478330355,0.303290482916,1.0,-0.00408,-0.00536228571429,0.205
0.46474293144,0.545366512801,-0.123970760696,-1.35958738359,0.0794055124636,1.89545054729,0.158738293338,-0.00543160362098,-0.0242730440882,-6.77774112185e-05,-0.0351839766374,-0.00618795025726,0.0101758041401,-0.0102079855145,0.573904215552,0.818908162731,0.00202960216002,0.0,0.818864677355,-0.573843946334,-0.0120213284248,0.0,-0.00867985617507,0.00856122540757,-0.999925679996,0.0,0.661235775458,0.260344388081,0.303253924357,1.0,-0.00446,-0.00586171428571,0.224
0.464695655256,0.545027311055,-0.123976119348,-1.36016185797,0.0793704444497,1.89563207257,0.158684069327,-0.00168606239248,-0.0213622589836,-0.000196579101535,-0.0339588714587,-0.000571635839956,0.00942779666907,-0.00343058163029,0.573924861845,0.818893809035,0.00198226679413,0.0,0.81884968433,-0.573864771614,-0.0120484553,0.0,-0.00872902043322,0.00853825096992,-0.999925448457,0.0,0.661164368029,0.260252922248,0.30323648685,1.0,-0.00474,-0.00622971428571,0.238
0.464625147862,0.544591960211,-0.123975045108,-1.36088853625,0.0793531337535,1.8958830217,0.158601836424,-0.00474272799267,-0.0257787143566,0.0053133501673,-0.0393999855933,-0.000544750635591,0.0144871956962,-0.00449778699201,0.573950388386,0.818875966335,0.00196222630527,0.0,0.818831294414,-0.573890103337,-0.0120916285678,0.0,-0.00877561072861,0.00854689177234,-0.999924966834,0.0,0.661077853116,0.260140610516,0.30322048144,1.0,-0.00508,-0.00667657142857,0.255
0.464555123196,0.544116598906,-0.123976406596,-1.36167520787,0.0793214099972,1.89617082103,0.158504647914,-0.00639146516237,-0.0304232754891,-0.000153058363247,-0.0456106737386,2.62176602e-05,0.015847733101,-0.0101310408304,0.573964554823,0.818866067296,0.00194949716522,0.0,0.818821074714,-0.573904173814,-0.0121158484831,0.0,-0.00880260211669,0.0085505215689,-0.999924698553,0.0,0.66098708477,0.260020785845,0.303207446705,1.0,-0.00542,-0.00712342857143,0.272
0.464488856241,0.543629572513,-0.123979740906,-1.3624645125,0.0792926501958,1.89643570987,0.158395748667,-0.000150641796486,-0.0278072828242,-0.000451182630733,-0.0447109902499,-0.000359969335821,0.0159523576377,-0.00649034619531,0.573968149444,0.818863599518,0.0019276177785,0.0,0.818818111451,-0.573907662139,-0.0121508271074,0.0,-0.0088437656794,0.0085527207644,-0.999924316524,0.0,0.660890647542,0.259901072793,0.303199442179,1.0,-0.00574,-0.007544,0.288
0.464407399344,0.543078985965,-0.123982866874,-1.36332199876,0.0792482060659,1.89674915379,0.158292981664,-0.00276566297981,-0.0304586734875,-0.000954630655434,-0.0477490666564,-0.00248841095539,0.019893178362,-0.0103607156282,0.573988762279,0.81884913066,0.00193620668967,0.0,0.818803692195,-0.573928173283,-0.0121537015584,0.0,-0.00884097460302,0.00856162613878,-0.999924264995,0.0,0.660794537085,0.259764951577,0.303208071826,1.0,-0.00608,-0.00799085714286,0.305
0.464337084412,0.542488211204,-0.123983266886,-1.36422699019,0.0791936976106,1.8970735207,0.158163581297,-0.000865280019413,-0.0357406140313,-0.000371690481139,-0.0534277146449,-0.000874956120678,0.0144742316261,-0.00896456136313,0.573979665851,0.818855504718,0.00193713299916,0.0,0.818810018414,-0.573919015812,-0.0121599315787,0.0,-0.00884563975184,0.00856586229044,-0.999924187457,0.0,0.66067854072,0.259624838908,0.303215764766,1.0,-0.00644,-0.008464,0.323
0.464263326643,0.541935160692,-0.123986038382,-1.3651162686,0.0791426318098,1.89741295011,0.158051048152,-0.00505216336678,-0.0428985068368,-8.98462828414e-05,-0.0596430348909,-0.00294023746436,0.0264496979408,-0.00159349107721,0.573979642734,0.818855479937,0.00195438125172,0.0,0.818810247141,-0.573918942806,-0.0121479696781,0.0,-0.00882594504602,0.00857311975065,-0.999924299291,0.0,0.660578475306,0.259491019391,0.303227516161,1.0,-0.00676,-0.00888457142857,0.339
0.464176227197,0.541233347197,-0.123984527866,-1.36618220377,0.0790803866081,1.89780684967,0.157910392689,-0.00523442715955,-0.0383632410556,-0.00111876786487,-0.0634123690921,-0.00482295467883,0.0193389661614,-0.00746453532668,0.573980068548,0.818855132873,0.00197463373756,0.0,0.818810136758,-0.573919251222,-0.012140836921,0.0,-0.00880847590448,0.00858561382851,-0.999924346132,0.0,0.66046425068,0.259340600366,0.303243544471,1.0,-0.0071,-0.00933142857143,0.356
0.464093163091,0.540524119482,-0.123983705116,-1.36725014149,0.0790239353747,1.89819757203,0.157782590342,-0.00881133134336,-0.0369448361163,0.000969409950105,-0.0651379515754,-0.00225374254656,0.0203132137873,-0.00146523328949,0.573986920538,0.818850251469,0.00200689370786,0.0,0.818805589457,-0.573925874031,-0.0121344424354,0.0,-0.0087846521461,0.0086084327704,-0.999924359525,0.0,0.660338741088,0.259186143209,0.303270399431,1.0,-0.00744,-0.00977828571429,0.373
0.463997771981,0.53984103296,-0.123988881384,-1.36829688627,0.0789549529895,1.89859933851,0.157649747726,-0.00737066356783,-0.0382552269889,-0.00135183045138,-0.0645016291019,4.51143046421e-05,0.0302762728976,-0.00370914451997,0.573999489543,0.818841373454,0.0020342139467,0.0,0.818797164541,-0.573938415898,-0.012109706747,0.0,-0.00874858381206,0.00861674000189,-0.999924604194,0.0,0.660224713321,0.259020970209,0.303289891494,1.0,-0.00776,-0.0101988571429,0.389
0.463898633215,0.539068933556,-0.123987694687,-1.36946659754,0.0788895551764,1.89903748458,0.157501318774,-0.0089304070514,-0.0477604108773,-0.000117072211167,-0.0668161155584,-0.00216132543125,0.0259955941869,-0.0117182737757,0.574005502521,0.818837063971,0.00207186955923,0.0,0.818793296637,-0.573944214566,-0.0120963981866,0.0,-0.00871600943908,0.00863999837315,-0.999924687968,0.0,0.660090955043,0.258846644293,0.303316594319,1.0,-0.0081,-0.0106457142857,0.406
0.463781069868,0.538245686753,-0.123989359804,-1.37073715704,0.0788232101438,1.89952721137,0.157342827085,-0.00745731708681,-0.0472823580586,0.00109604434059,-0.0722329101427,-0.000188597073379,0.0237062546137,-0.00681718106943,0.574025714545,0.818822791843,0.00211222660089,0.0,0.818779487737,-0.57396418635,-0.0120834659521,0.0,-0.00868204205986,0.00866583483576,-0.999924759896,0.0,0.65995071154,0.258650556831,0.30333586654,1.0,-0.00846,-0.0111188571429,0.424
0.463681691061,0.537549725396,-0.123993460812,-1.37184424569,0.0787504213986,1.89995341579,0.157207793717,-0.00888704543814,-0.0480057837092,0.000626092932569,-0.0757432478281,-0.00513088792389,0.0315334684575,-0.00564114578504,0.574041106367,0.81881198326,0.00211923865915,0.0,0.818768857676,-0.573979633011,-0.012070024391,0.0,-0.00866684764544,0.0086640235807,-0.999924907404,0.0,0.659828256529,0.258477455224,0.303337470063,1.0,-0.00876,-0.0115131428571,0.439
0.463567494211,0.536657905851,-0.124002028252,-1.37321344716,0.0786727172131,1.9004610466,0.157041474572,-0.00323514281831,-0.0526043435318,-0.000675248660601,-0.0835313314187,-0.00187318872603,0.021091872173,-0.00474467578539,0.574059032377,0.818799347382,0.00214545457113,0.0,0.818756554688,-0.573997435616,-0.0120579833808,0.0,-0.00864174988134,0.00867876635804,-0.999924996774,0.0,0.659671309269,0.258268186283,0.303359679865,1.0,-0.00912,-0.0119862857143,0.457
0.463445872902,0.535805342429,-0.124008329147,-1.37457582358,0.0785954243648,1.90095637113,0.156875904571,-0.00863084321671,-0.0526818741858,-0.000741977091017,-0.0806173093763,-0.0037129928047,0.0279077557032,-0.00769233715699,0.574081664305,0.818783510697,0.00213359331931,0.0,0.81874051815,-0.574020070009,-0.0120693855561,0.0,-0.00865765517771,0.00867583928372,-0.999924884589,0.0,0.659513495899,0.25805487646,0.30335612708,1.0,-0.00946,-0.0124331428571,0.474
0.463330280298,0.534951791159,-0.124011379302,-1.37592174017,0.0785228077173,1.90143519258,0.156702410405,-0.00204185716192,-0.0572493945405,-0.000327815147898,-0.0872623032809,-0.00582435510899,0.0290817013713,-0.00659018830059,0.574090723473,0.818777177903,0.00212628043049,0.0,0.818733980379,-0.574029049695,-0.0120857924748,0.0,-0.00867519134469,0.00867936649059,-0.999924701991,0.0,0.659353357007,0.257849054848,0.303359407445,1.0,-0.00978,-0.0128537142857,0.49
0.46320384869,0.534068355015,-0.12401472565,-1.37740189435,0.0784378520395,1.90196094431,0.15652627829,-0.00892389932102,-0.0475521872581,0.000258847829501,-0.0883009472227,-0.00477036484578,0.0315296083806,-0.00668905872526,0.574110698133,0.818763326446,0.00206602462323,0.0,0.818719250917,-0.574049192532,-0.012126814631,0.0,-0.0087431596527,0.00865379475823,-0.999924331635,0.0,0.659175351253,0.25762157707,0.303323807052,1.0,-0.01012,-0.0133005714286,0.507
0.463075580051,0.533147022204,-0.124018689859,-1.378879105,0.0783534560586,1.90252501766,0.156335056596,-0.00504443932677,-0.050712937048,0.000691763559259,-0.0851202466367,-0.00475218557095,0.0392553104039,-0.0182237559008,0.574120300037,0.818756576257,0.00207287774814,0.0,0.818712569768,-0.574058742926,-0.0121257855431,0.0,-0.00873828130033,0.00865891741316,-0.999924329932,0.0,0.659006892623,0.257396080122,0.303319487585,1.0,-0.01046,-0.0137474285714,0.524
0.462933185163,0.532190934145,-0.124024390841,-1.38043766703,0.0782630416424,1.90310647304,0.156148356518,-0.0102178619724,-0.054212895215,-0.000631581744223,-0.0894839420842,-0.00623269545516,0.029538575646,-0.0103304805015,0.574145368521,0.818739030933,0.00205959562644,0.0,0.818694813111,-0.574083829006,-0.0121370161442,0.0,-0.00875483685063,0.00865475849425,-0.999924221122,0.0,0.658836338552,0.257171648803,0.303304648472,1.0,-0.01078,-0.014168,0.54
0.462798299834,0.531192509549,-0.124019349772,-1.38204834954,0.0781658672574,1.90368655736,0.155944214074,-0.00834483362498,-0.0562340480494,-0.00425823619054,-0.0951937579841,-0.00464856922325,0.0326460834707,-0.0112508813233,0.574150378803,0.818735598914,0.00202694137795,0.0,0.818690884152,-0.574088913709,-0.0121615074907,0.0,-0.00879358384904,0.00864213894942,-0.99992399027,0.0,0.65863298598,0.256910928337,0.303289506942,1.0,-0.01114,-0.0146411428571,0.558
0.462651991924,0.530146015245,-0.124032546259,-1.38370140221,0.0780658057244,1.90426703803,0.155731375279,-0.00751716650178,-0.0640515069006,-0.0013763297903,-0.0941202253566,-0.0118819651037,0.0321656212856,-0.0142844228042,0.574168045608,0.81872327067,0.00200209077124,0.0,0.818678224724,-0.574106682766,-0.0121748949694,0.0,-0.00881862592403,0.0086296699163,-0.99992387742,0.0,0.658436393986,0.256647636275,0.303290771921,1.0,-0.01148,-0.015088,0.575
0.462526326171,0.529215805234,-0.124033300825,-1.3851552484,0.0779760541431,1.90481462158,0.155532501332,-0.0178516405423,-0.0687746900803,0.000229658671983,-0.0958019091308,-0.0087784219617,0.0380124428134,-0.0164051375537,0.574165475106,0.818725028098,0.00202051047088,0.0,0.818680228466,-0.574104035864,-0.012164967085,0.0,-0.00879994922892,0.00863902240788,-0.999923961202,0.0,0.658255063838,0.256413232917,0.303301220142,1.0,-0.0118,-0.0155085714286,0.591
0.462379355723,0.528069993049,-0.124034931221,-1.38695343115,0.0778639516998,1.90550787273,0.155273710547,-0.0143552958184,-0.058130567483,-0.000425960257273,-0.100450375283,-0.00468540253257,0.0493635061676,-0.017174640559,0.574140570338,0.818742415322,0.00205176627836,0.0,0.818698089112,-0.574079059867,-0.012141614712,0.0,-0.00876314761678,0.0086509372843,-0.99992418139,0.0,0.658059458941,0.256159543981,0.303312496998,1.0,-0.01214,-0.0159554285714,0.608
0.462237658627,0.526911082393,-0.12403196966,-1.38872278923,0.0777552939933,1.90617695144,0.155037315553,-0.00688767985886,-0.0677832157042,0.0012475494446,-0.102561409632,-0.00919749145859,0.03799933694,-0.0110162984232,0.574127396241,0.818751527803,0.00210131066753,0.0,0.818707854018,-0.574065675783,-0.0121159629519,0.0,-0.00871384061774,0.00867663286184,-0.999924389653,0.0,0.657850445191,0.255901046201,0.30334391217,1.0,-0.01248,-0.0164022857143,0.625
0.462109324694,0.525807866657,-0.124040300769,-1.39044298987,0.0776483868656,1.90680765176,0.15480670374,-0.00922641070056,-0.067264346906,-0.0053363677065,-0.10609510814,-0.0089529967981,0.0424487791512,-0.0170358661478,0.574113495109,0.818761254384,0.00210949143402,0.0,0.818717719478,-0.574051772845,-0.0121080472052,0.0,-0.00870281017646,0.00867863840675,-0.999924468313,0.0,0.657642353137,0.255647590488,0.303356294221,1.0,-0.0128,-0.0168228571429,0.641
0.461949341692,0.524636747418,-0.124037563272,-1.39230100524,0.077535389172,1.90747604594,0.154557133002,-0.00874430357192,-0.0702530428991,0.00113577131013,-0.109325460222,-0.00668456669083,0.0486546322947,-0.0152146865164,0.574107662563,0.818765383411,0.00209418604564,0.0,0.81872157625,-0.574045935556,-0.0121239991732,0.0,-0.00872471982158,0.008675203151,-0.999924307192,0.0,0.657416558993,0.255365908862,0.303353486425,1.0,-0.01314,-0.0172697142857,0.658
0.461796505533,0.523435209343,-0.124049184243,-1.39420812885,0.0774245867145,1.90818134124,0.154306858002,-0.00957295175732,-0.0718365662441,-0.000879894940463,-0.112433212125,-0.00749218248991,0.0457240333806,-0.0198775378375,0.57410871557,0.818764648264,0.00209293095803,0.0,0.818720804025,-0.574046973344,-0.0121270092048,0.0,-0.00872789378322,0.00867591483327,-0.999924273319,0.0,0.657188101296,0.255078012692,0.303352055234,1.0,-0.01348,-0.0177165714286,0.675
0.461631530024,0.522217470179,-0.124049857384,-1.3961429479,0.0773079774331,1.90895560592,0.15403688392,-0.013464195227,-0.0700622326275,-0.000182434687266,-0.117376988699,-0.00349091421412,0.0481388479985,-0.0178479442668,0.574095872408,0.818773535745,0.00213853888062,0.0,0.818730341245,-0.574033987996,-0.0120977622606,0.0,-0.00867790065506,0.00869632947797,-0.999924531099,0.0,0.65696762043,0.254789177055,0.30335413096,1.0,-0.01382,-0.0181634285714,0.692
0.461470852059,0.52095260869,-0.124050304946,-1.39815715159,0.0771728154203,1.9097182427,0.153767539319,-0.00731611915064,-0.0746224126121,0.000843122069236,-0.118540376373,-0.0105984733472,0.0389910817722,-0.014315223568,0.574078445281,0.818785748764,0.00214083775349,0.0,0.818742692043,-0.574016661257,-0.0120840277601,0.0,-0.00866552001617,0.00869014244691,-0.999924692258,0.0,0.65672652638,0.254490799525,0.30335014364,1.0,-0.01416,-0.0186102857143,0.709
0.461298482567,0.519647502908,-0.124056720226,-1.40019400647,0.0770490618616,1.91045768155,0.153492013649,-0.0105451340312,-0.0800631099655,-0.00108247973337,-0.119336660638,-0.00982630184493,0.0464323862593,-0.00987460804725,0.574073572551,0.818789151143,0.00214619914006,0.0,0.818746142334,-0.574011744015,-0.0120838340911,0.0,-0.00866233552345,0.00869436946698,-0.999924683105,0.0,0.656479509997,0.25417943446,0.30336144252,1.0,-0.0145,-0.0190571428571,0.726
0.461137297911,0.518384171485,-0.1240598376,-1.40216763783,0.0769226375603,1.91115041696,0.153218896186,-0.0106157350213,-0.0761592070259,-0.000825001948141,-0.12578199931,-0.0054921874752,0.0421365309688,-0.014575076623,0.574054584949,0.818802509998,0.00212838456928,0.0,0.818759249952,-0.573992816713,-0.0120947873636,0.0,-0.00868173194748,0.00868586992353,-0.999924588754,0.0,0.656232857079,0.253880771972,0.30336896286,1.0,-0.01482,-0.0194777142857,0.742
0.460955562672,0.517008892561,-0.124054498652,-1.40429657006,0.0767905007055,1.91191742182,0.152922404793,-0.0113952591203,-0.0840927258474,0.000732038067218,-0.124123369315,-0.0115089784081,0.0420526724721,-0.0177227305179,0.574033786818,0.818817059125,0.00214060223503,0.0,0.818773892544,-0.573971902476,-0.0120960719577,0.0,-0.00867599156979,0.00869639064831,-0.999924547133,0.0,0.655970114215,0.253560742203,0.303386896602,1.0,-0.01516,-0.0199245714286,0.759
0.46076446217,0.515669252603,-0.124062670929,-1.40647650897,0.0766546050334,1.91274953052,0.152631101622,-0.0109949492407,-0.0766298636492,-0.000391927991919,-0.126354814224,-0.00816262853018,0.0441367473407,-0.0186489932704,0.574036309012,0.818815326607,0.00212691087275,0.0,0.81877203886,-0.573974541012,-0.0120963445697,0.0,-0.00868404683241,0.00868536336123,-0.999924573052,0.0,0.655712183318,0.253223986462,0.303361301534,1.0,-0.0155,-0.0203714285714,0.776
0.460571973155,0.514196870269,-0.124068390919,-1.4088350927,0.0765110865674,1.91358926386,0.15231044984,-0.0103133180562,-0.0823001877128,0.000432291109348,-0.135694102593,-0.00886484241634,0.0435764118378,-0.0206854463876,0.574013342103,0.81883153292,0.00208582940637,0.0,0.818787627491,-0.573951674519,-0.0121261405501,0.0,-0.00873226909773,0.0086685846721,-0.999924298693,0.0,0.655398831514,0.252847471666,0.303345848727,1.0,-0.01588,-0.0208708571429,0.795
0.460382728696,0.512851999919,-0.124067029333,-1.41097633391,0.0763762587707,1.91433372046,0.1520091534,-0.0101854392539,-0.0856356616336,0.00254460392011,-0.135956713081,-0.00422720475366,0.0463748640647,-0.0162137870614,0.574003760537,0.818838361848,0.00204131236214,0.0,0.818793786795,-0.573942203165,-0.0121584963471,0.0,-0.00878441704415,0.00865060305563,-0.999923997654,0.0,0.655145652628,0.252536836171,0.303331555007,1.0,-0.01618,-0.0212651428571,0.81
0.46016375475,0.511257017342,-0.124078692786,-1.41354210777,0.0762136848636,1.91529099999,0.151644366684,-0.0105285111052,-0.082737585343,2.86803602911e-05,-0.139048210061,-0.0122827402375,0.0480961645084,-0.0263361546419,0.573983164299,0.818852847356,0.00202197395536,0.0,0.818808082976,-0.573921757773,-0.0121608433125,0.0,-0.00879765570816,0.00863589421098,-0.999924008405,0.0,0.654834162257,0.252141763504,0.303310802741,1.0,-0.01656,-0.0217645714286,0.829
0.459997427352,0.5100527818,-0.124076463464,-1.41546501696,0.0761040655082,1.91602700407,0.151372001476,-0.00738279287749,-0.0858870158898,0.000555105302164,-0.134028375377,-0.00869832643873,0.0488771889571,-0.0192068476124,0.573965798449,0.818864976095,0.00203961711114,0.0,0.818820357389,-0.573904232311,-0.0121614704193,0.0,-0.00878822649237,0.00865051464059,-0.999923964945,0.0,0.654601340175,0.251853992496,0.303302365429,1.0,-0.01684,-0.0221325714286,0.843
0.459782393353,0.508536147133,-0.124085108269,-1.41783784864,0.0759512368093,1.91686974227,0.151040845687,-0.00863897033288,-0.0890442478279,0.000883831168335,-0.141694070568,-0.0102980080443,0.0457764908158,-0.0213254627805,0.573958727682,0.818869972983,0.00202315718433,0.0,0.81882515125,-0.573897247551,-0.0121683127396,0.0,-0.00880335107663,0.00864088764937,-0.999923915141,0.0,0.654306854039,0.25147914789,0.303307527187,1.0,-0.01718,-0.0225794285714,0.86
0.459573333821,0.507004271572,-0.124093640806,-1.42024146643,0.0757961991858,1.91773448167,0.150711708861,-0.0102465602263,-0.0930330959237,0.000157710774987,-0.138849298344,-0.00768538714986,0.051018892675,-0.0133428797564,0.573949002572,0.818876818246,0.00201143903137,0.0,0.818831871376,-0.573887603436,-0.0121709466631,0.0,-0.00881233581809,0.00863269929004,-0.999923906725,0.0,0.654007398231,0.251106035329,0.30331008059,1.0,-0.01752,-0.0230262857143,0.877
0.459363745422,0.505509079909,-0.12410318792,-1.42256751224,0.0756508904973,1.91861491303,0.150401280358,-0.0147507950264,-0.0952970684463,-0.00115097527108,-0.147619001441,-0.0145815809352,0.0550063413498,-0.0180708841863,0.573954319548,0.818872999221,0.00204868726369,0.0,0.818828604856,-0.573892818994,-0.0121447552059,0.0,-0.00876945405048,0.00864822494935,-0.999924149564,0.0,0.653727579871,0.250743347751,0.303324768998,1.0,-0.01784,-0.0234468571429,0.893
0.459142155051,0.503836891135,-0.124109466349,-1.42505085921,0.0754986578752,1.91955559425,0.150051416979,-0.0133919856122,-0.102430019537,-0.00126837785335,-0.149328226645,-0.00661082053916,0.0509200797269,-0.0263660823818,0.573940568646,0.818882355298,0.00215841281102,0.0,0.818839441586,-0.573878640219,-0.012083960634,0.0,-0.00865684180726,0.00870303633905,-0.999924655286,0.0,0.653428372832,0.250361435386,0.30339269913,1.0,-0.01818,-0.0238937142857,0.91
0.458882579844,0.501974033646,-0.124113154086,-1.42782835469,0.075326301712,1.92059648182,0.149669532169,-0.0137891513627,-0.0971849177959,-0.000875339800948,-0.143862738773,-0.0125672875656,0.0617276246752,-0.0243583507907,0.573938923044,0.818883220301,0.00226517673453,0.0,0.818841735642,-0.573876580723,-0.0120261785118,0.0,-0.00854826848917,0.00875728179705,-0.999925115757,0.0,0.653092301785,0.249927505505,0.303461674371,1.0,-0.01856,-0.0243931428571,0.929
0.458690263497,0.500553125954,-0.12411092206,-1.42996785441,0.0751916627178,1.92133747664,0.149366410636,-0.0188917967173,-0.101288769517,-0.000438278634607,-0.153127205111,-0.00776285992309,0.0562959650852,-0.0212641241961,0.573919114497,0.818897044179,0.00228647111479,0.0,0.818855751838,-0.573856598635,-0.0120253393028,0.0,-0.00853557260972,0.00877403103523,-0.999925077383,0.0,0.65281700988,0.249596788413,0.303499037813,1.0,-0.01884,-0.0247611428571,0.943
0.458428895563,0.498757697645,-0.124116000675,-1.43273122991,0.0750040794344,1.92236737597,0.148972897837,-0.0161667476385,-0.101502709506,-0.000738897003136,-0.156835452068,-0.00911234929021,0.062017210174,-0.0170785571317,0.573904386078,0.818907248377,0.00232832497759,0.0,0.818866652027,-0.573841855045,-0.0119865966354,0.0,-0.00847998380981,0.00878591721858,-0.999925445987,0.0,0.652479546665,0.249158748807,0.303525470387,1.0,-0.0192,-0.0252342857143,0.961
0.458170043356,0.497090132187,-0.124112095924,-1.43537867862,0.0748470325368,1.92333440048,0.148573619886,-0.0144637179845,-0.0998000210512,-0.000588433587204,-0.151282250584,-0.0130552539178,0.0518214689336,-0.0232282720368,0.573878592877,0.818925343633,0.00232144211322,0.0,0.818884508469,-0.573815939023,-0.0120073649789,0.0,-0.00850121868023,0.00879193197404,-0.99992521281,0.0,0.652148583681,0.248740451228,0.303511645086,1.0,-0.01954,-0.0256811428571,0.978
0.457913579603,0.495508940727,-0.124111048002,-1.43793273928,0.0746817765178,1.92420661824,0.148210822536,-0.0150597058913,-0.100004835126,0.00137362300387,-0.164409371018,-0.0170485547446,0.0592369857271,-0.0256803818254,0.573874720413,0.818928302053,0.00223344312303,0.0,0.818886197715,-0.573812309371,-0.0120654758369,0.0,-0.0085993480484,0.00875317584514,-0.999924713729,0.0,0.651818255807,0.248324512844,0.303473362347,1.0,-0.01986,-0.0261017142857,0.994
0.45762578983,0.493757195401,-0.124145715895,-1.44077719989,0.0745107355142,1.92522293972,0.147814298785,-0.0175083725037,-0.122395752985,-0.0021675005928,-0.184043305108,-0.00481638808543,0.0644676037067,-0.0275578279048,0.573907669323,0.81890540202,0.00216253000769,0.0,0.818862355709,-0.573845540097,-0.01210311588,0.0,-0.00867051570947,0.00871705327293,-0.999924414713,0.0,0.651465657841,0.247843924836,0.303428698193,1.0,-0.0265857142857,-0.0349412244898,1.011
0.457306394102,0.49108219847,-0.124221685988,-1.44478699199,0.0742967039,1.92675271155,0.147224693687,-0.0229960707999,-0.176192319409,-0.00270913711414,-0.267126054983,-0.0185476102241,0.10408827001,-0.042894799482,0.573885121791,0.818920743313,0.00233024890738,0.0,0.818879971011,-0.573822377127,-0.0120091417502,0.0,-0.00849754992548,0.00880023136538,-0.999925170987,0.0,0.650974372169,0.247220333007,0.303516393622,1.0,-0.0378154285714,-0.049700277551,1.028
0.456845349454,0.487841284527,-0.124233471669,-1.44998641082,0.0740254274104,1.92870408605,0.146443320196,-0.0374148293164,-0.223671649492,-0.00218480027491,-0.35842697757,-0.0240237438991,0.134325804855,-0.0541478228586,0.573818430859,0.81896743022,0.00234596406433,0.0,0.818926380843,-0.573755130379,-0.0120573638877,0.0,-0.00852874360552,0.00884007968607,-0.999924553916,0.0,0.650312557797,0.24642831016,0.303464497066,1.0,-0.0483845714286,-0.0635911510204,1.044
0.456139703806,0.483120465125,-0.124351134362,-1.4574087349,0.0735840722115,1.93141877979,0.145315103189,-0.0429958998478,-0.282003316578,-0.00461397686968,-0.449323090473,-0.0241772457519,0.154589162027,-0.0703927833044,0.573805015274,0.818976840265,0.00234231872959,0.0,0.818935883324,-0.573741876792,-0.0120426210055,0.0,-0.00851890537096,0.00882849516374,-0.99992474013,0.0,0.649385019355,0.245196461606,0.303448263719,1.0,-0.0602748571429,-0.0792183836735,1.062
0.455292579641,0.47764398963,-0.124500009078,-1.46604152895,0.0730699812036,1.93438902597,0.144012926727,-0.0564473936762,-0.346277321721,-0.00818554338541,-0.529049181753,-0.0251720297661,0.186080511863,-0.0688418032508,0.573822014349,0.818965394315,0.00217385913689,0.0,0.818922103095,-0.573759452044,-0.0121419583968,0.0,-0.00869673895814,0.00874771274217,-0.999923919232,0.0,0.648265254775,0.24372832758,0.303397160607,1.0,-0.0715045714286,-0.0939774367347,1.079
0.45440122305,0.47205968007,-0.124615322448,-1.4747622816,0.0725400544635,1.93749142997,0.142772234777,-0.0645440352961,-0.383685002404,-0.011355451764,-0.602865143869,-0.0341907614534,0.217201941621,-0.0839672032272,0.573896549622,0.818913270662,0.00213362748774,0.0,0.818869423446,-0.573834123472,-0.0121660587363,0.0,-0.00873876693992,0.0087293895098,-0.999923712946,0.0,0.647143906816,0.242250068039,0.303382007742,1.0,-0.0814131428571,-0.107000130612,1.094
0.453163726407,0.464393531373,-0.124701230351,-1.48641310595,0.0718426977205,1.94183460664,0.140903542399,-0.0713644699906,-0.436705774303,-0.0018992214966,-0.676999711278,-0.0443467266812,0.246929917786,-0.113243340119,0.573807747795,0.818974628597,0.00244401029674,0.0,0.818934777052,-0.573743959906,-0.0120185817685,0.0,-0.00844083990674,0.00889801167805,-0.999924785976,0.0,0.645665728284,0.240305029009,0.30350653946,1.0,-0.0933034285714,-0.122627363265,1.112
0.45175248492,0.456321907364,-0.124788634151,-1.49906280375,0.0710200378846,1.94617506984,0.13898176568,-0.0906210659182,-0.492312068684,-0.00812669636156,-0.795002025071,-0.049747957836,0.261340639866,-0.116115078312,0.573817409585,0.818968477209,0.00222726218477,0.0,0.818925454291,-0.573754181413,-0.0121649713076,0.0,-0.00868499424855,0.00880460353583,-0.999923521991,0.0,0.643969815632,0.238119508931,0.303421055363,1.0,-0.104533142857,-0.137386416327,1.129
0.450268484374,0.447750728521,-0.12494800917,-1.51190847607,0.0701077910666,1.95081869849,0.13694503758,-0.0992916851322,-0.552884516594,-0.0118314080574,-0.812669549437,-0.0583224181331,0.30344298406,-0.126850936631,0.57381643257,0.818968468845,0.00246893742651,0.0,0.818929738356,-0.573753386489,-0.0119114243168,0.0,-0.00833868027044,0.00885702781424,-0.999926006997,0.0,0.642307075388,0.23583861409,0.303595998807,1.0,-0.115102285714,-0.151277289796,1.145
0.448512694492,0.438001238634,-0.125037007781,-1.52691313321,0.0691437285695,1.95597532689,0.134601044245,-0.10654971505,-0.588606222239,-0.00488058309263,-0.917364667698,-0.0609689168977,0.301094244074,-0.145568471126,0.573805371506,0.818976454381,0.00238949816696,0.0,0.818936068202,-0.573741991838,-0.0120245540547,0.0,-0.0084770344166,0.00885677046065,-0.999924845928,0.0,0.640245716658,0.233219461729,0.30357422578,1.0,-0.126332,-0.166036342857,1.162
0.446536643599,0.427324058569,-0.125164312977,-1.5428828415,0.0680609693348,1.96166107497,0.131969200149,-0.125042200759,-0.64190541146,-0.006227506003,-0.9594073976,-0.0658875525878,0.340308171046,-0.15731553094,0.573758054745,0.819008665937,0.00269195793701,0.0,0.818972570733,-0.573693876002,-0.0118326634923,0.0,-0.00814685101049,0.00899389886017,-0.99992636659,0.0,0.638090008675,0.230360157761,0.303746967644,1.0,-0.137561714286,-0.180795395918,1.179
0.444449254622,0.416668885295,-0.125290363177,-1.55892668707,0.0669194432249,1.96723640644,0.129292566683,-0.137946621662,-0.693255887075,-0.00494358627464,-1.00801165165,-0.0684149799267,0.370975471733,-0.164663364752,0.573729005013,0.81902865359,0.00280005471427,0.0,0.818994373212,-0.573664895813,-0.0117282079091,0.0,-0.00799959925392,0.00902221581553,-0.999927300374,0.0,0.635874154254,0.227415745189,0.303832394072,1.0,-0.148130857143,-0.194686269388,1.195
0.441849352646,0.40388602855,-0.125411346822,-1.57825786219,0.0655693012425,1.97389529973,0.126061777789,-0.154406707623,-0.718596933276,-0.00406091117409,-1.11327557376,-0.0783350457814,0.366306395457,-0.191524264223,0.573717365829,0.819036592173,0.0028621196223,0.0,0.819003038462,-0.573652950943,-0.0117073380966,0.0,-0.00794702793566,0.00906096229234,-0.999927369217,0.0,0.633140399878,0.223846623237,0.303855415936,1.0,-0.160021142857,-0.210313502041,1.213
0.439101634887,0.390986484519,-0.12556018119,-1.59742666219,0.064220265855,1.98045938833,0.122776765935,-0.160114657783,-0.751866973238,-0.0130490083529,-1.15341363674,-0.0902512696689,0.387879274009,-0.198231681169,0.573767433381,0.819000712289,0.00308424426725,0.0,0.818970068694,-0.573702300177,-0.0115950099616,0.0,-0.00772703215643,0.00917891956775,-0.999928017614,0.0,0.630404877063,0.2201991901,0.303984791497,1.0,-0.171250857143,-0.225072555102,1.23
0.436316085726,0.378289785543,-0.12569579194,-1.61642633021,0.0627496624918,1.98677852901,0.119372398054,-0.175706871138,-0.816333541406,-0.00650544524439,-1.20643174292,-0.094661763425,0.407299315486,-0.224355774408,0.57366388876,0.819073495752,0.00301632064637,0.0,0.819042467244,-0.573599573443,-0.0115634380121,0.0,-0.00774129440324,0.00910419680564,-0.999928590431,0.0,0.627604153997,0.216538060319,0.303996470142,1.0,-0.18182,-0.238963428571,1.246
0.433023346268,0.364163043886,-0.125845440407,-1.63746533726,0.0611967646931,1.99371456276,0.115641570501,-0.195780618819,-0.880177022107,-0.010720925188,-1.23561325465,-0.091368998113,0.416660861648,-0.216272336742,0.573742456542,0.819018514393,0.00300225635211,0.0,0.818987048682,-0.573677877349,-0.0116040524343,0.0,-0.00778175555726,0.00911672214386,-0.999928162249,0.0,0.624455907854,0.212386082592,0.304001211344,1.0,-0.193049714286,-0.253722481633,1.263
0.429394034973,0.34944712884,-0.126046726417,-1.65951154934,0.0595077375272,2.00080599345,0.111556525474,-0.220471236116,-0.886095193721,-0.00967628527237,-1.30003787029,-0.0937059920275,0.406018378307,-0.248172678938,0.573801884077,0.818977784577,0.00274464937726,0.0,0.818942744633,-0.57373791804,-0.0117613484318,0.0,-0.00805772879912,0.00899656779534,-0.999927064727,0.0,0.621080000303,0.207906228659,0.303880962879,1.0,-0.204279428571,-0.268481534694,1.28
0.425697276856,0.334842045774,-0.12621914675,-1.68077108529,0.0578674302831,2.00777565267,0.107501479907,-0.232620617709,-0.904626919196,-0.00955071379761,-1.35090495641,-0.110353169946,0.437601904301,-0.255426803417,0.573867762527,0.818930852986,0.00296581537333,0.0,0.818898799862,-0.573803153278,-0.0116380313833,0.0,-0.007829099489,0.00910756902893,-0.999927876093,0.0,0.617812523397,0.203519157303,0.303991755825,1.0,-0.214848571429,-0.282372408163,1.296
0.421574980348,0.318776471459,-0.126341982334,-1.70404929365,0.0559591111437,2.0151949471,0.102926999789,-0.252020607551,-0.953541354544,-0.00642276492558,-1.39335670516,-0.116957915617,0.432782434367,-0.276170012607,0.57375607776,0.819008733479,0.00306669534631,0.0,0.818978229923,-0.573691438563,-0.0115559133497,0.0,-0.00770520544098,0.0091420082569,-0.999928524193,0.0,0.614103131434,0.198718678813,0.30407691897,1.0,-0.226078285714,-0.297131461224,1.313
0.416854493599,0.301186036741,-0.126469762347,-1.72947078927,0.0538401703518,2.02317671047,0.0977045169596,-0.267866826014,-0.994537109663,-0.0087689920471,-1.44325337024,-0.121508943233,0.44073889185,-0.292063612032,0.573556594722,0.8191482433,0.00312010434404,0.0,0.819118507837,-0.573491904728,-0.0115174750421,0.0,-0.00764531206069,0.00916183537323,-0.999928802453,0.0,0.609956166747,0.193383256588,0.30411135809,1.0,-0.237968571429,-0.312758693878,1.331
0.412531180358,0.285961232243,-0.126622192075,-1.75122008682,0.0520568751081,2.02986966539,0.0931992827707,-0.291339712405,-1.01264347617,-0.0077625553525,-1.45900642602,-0.121795220455,0.438689810002,-0.298793364605,0.57358827642,0.819125618986,0.00323363193774,0.0,0.819097002729,-0.573522808062,-0.0115080691256,0.0,-0.00757213836383,0.0092497298488,-0.999928550057,0.0,0.606349774141,0.188662348375,0.304175976904,1.0,-0.247877142857,-0.325781387755,1.346
0.406969175802,0.267198749285,-0.126835075844,-1.77794469287,0.0497478237327,2.03790015533,0.0873967333413,-0.313495869002,-1.05834717074,-0.0118235214028,-1.49374507389,-0.132818544401,0.446450644366,-0.322830945659,0.57353352203,0.819164010314,0.00322028187792,0.0,0.819135118126,-0.573467976268,-0.011527590795,0.0,-0.00759640522768,0.00924948380688,-0.999928368273,0.0,0.6018119058,0.182729231129,0.304188477349,1.0,-0.259767428571,-0.341408620408,1.364
0.40117990518,0.248913487739,-0.127077482381,-1.80376012433,0.0474190947893,2.04552637499,0.0816759208434,-0.344076707818,-1.08776075513,-0.00717742641319,-1.53992542772,-0.144945758114,0.447620076776,-0.335788063465,0.573659187523,0.8190760794,0.00320306512768,0.0,0.819047265654,-0.573594044718,-0.0114976254004,0.0,-0.00758031679784,0.00921935768135,-0.999928768584,0.0,0.59735948286,0.17677643369,0.304199360571,1.0,-0.270997142857,-0.356167673469,1.381
0.395419000977,0.231176983554,-0.1272786293,-1.82844167195,0.0451990700797,2.05268662757,0.0759068362315,-0.361600585993,-1.14212105158,-0.0134637389776,-1.56613814467,-0.145530409058,0.463845342744,-0.366889290014,0.573640789753,0.819088455094,0.00333076041445,0.0,0.819061157697,-0.573575099349,-0.0114530458809,0.0,-0.00747076025638,0.00929820978463,-0.999928862988,0.0,0.592993350257,0.171034807494,0.304268671585,1.0,-0.281566285714,-0.370058546939,1.397
