position_joint1,position_joint2,position_joint3,position_joint4,position_joint5,position_joint6,position_joint7,velocity_joint1,velocity_joint2,velocity_joint3,velocity_joint4,velocity_joint5,velocity_joint6,velocity_joint7,ee_T_00,ee_T_10,ee_T_20,ee_T_30,ee_T_01,ee_T_11,ee_T_21,ee_T_31,ee_T_02,ee_T_12,ee_T_22,ee_T_32,ee_T_03,ee_T_13,ee_T_23,ee_T_33,v_x,v_y,time
0.465081830144,0.547695043482,-0.123954328345,-1.35574033989,0.0794919120802,1.89408959038,0.159162104562,-0.000360062048529,-0.00067277702349,-0.00155844750878,0.000906942851625,0.000195046243222,0.000363686519624,-0.00122508938783,0.573770141365,0.819001952304,0.00209138738386,0.0,0.818960631676,-0.573710985881,-0.0118294271352,0.0,-0.00848863543302,0.00850029966968,-0.999927841384,0.0,0.661688910352,0.260925761616,0.303317409091,1.0,0.0,0.0,0.0
0.465081838975,0.547697593574,-0.123950641848,-1.35574292487,0.0794898819561,1.8940883777,0.159164347235,-0.000132438432727,-0.00311994051866,-0.000850339949157,0.000384063294321,-0.000242710332444,0.000193981080447,0.00164214682615,0.573768994969,0.819002769694,0.00208579644439,0.0,0.81896137164,-0.573709857169,-0.0118329392144,0.0,-0.00849473155989,0.00849772396513,-0.999927811506,0.0,0.661687272788,0.260927147948,0.303314140979,1.0,-0.00014,-0.000184,0.008
0.465076515603,0.547691434517,-0.123957336778,-1.35575154288,0.0794905898161,1.89408574071,0.159161295429,0.000710986417891,-0.000795680207334,-0.00212941497209,-0.00165824810033,-6.85592322693e-06,-0.00055421569603,-7.6470350775e-06,0.573776162432,0.818997761153,0.00208075776591,0.0,0.818956312722,-0.573717058996,-0.0118338907646,0.0,-0.0084983274351,0.00849421767717,-0.999927810743,0.0,0.661687820577,0.260918743573,0.303314395942,1.0,-0.00046,-0.000604571428571,0.024
0.465070200619,0.547678696583,-0.123952647974,-1.35576165937,0.0794913182928,1.8940908063,0.159163240043,0.000988398305064,-0.000637902611763,0.000625247270041,-0.00542358299232,3.54240444249e-05,-0.000170700603345,0.00193287072611,0.573780408002,0.818994765059,0.00208928220928,0.0,0.818953394446,-0.573721237005,-0.0118332935606,0.0,-0.0084929034207,0.00850090043315,-0.999927800035,0.0,0.661687379144,0.260916708534,0.30331889088,1.0,-0.0008,-0.00105142857143,0.041
0.465074343169,0.547587829491,-0.123957287889,-1.35584523731,0.0794911868601,1.89411080171,0.159154919972,0.000302272896307,-0.0109511988168,-0.000247214532053,-0.00877730152868,-0.00115283805514,0.00520756106449,-0.00115958217575,0.573777946,0.818996422534,0.00211552867358,0.0,0.818955359575,-0.573718637298,-0.0118233304163,0.0,-0.0084697101538,0.0085166537587,-0.999927862707,0.0,0.661674603731,0.260909378194,0.303345371501,1.0,-0.00114,-0.00149828571429,0.058
0.465071154982,0.547432687021,-0.123954781265,-1.35603744741,0.0794878507221,1.89414476422,0.159160436037,-0.000435910019946,-0.0097574178682,-0.00156135477765,-0.00982533539131,-0.000242661628308,0.000628904482511,0.00155046016832,0.573792890676,0.81898594057,0.00212006123933,0.0,0.8189448034,-0.573733428238,-0.0118367735506,0.0,-0.00847796434384,0.00852823384165,-0.99992769406,0.0,0.661641853056,0.260889705239,0.303366645147,1.0,-0.00152,-0.00199771428571,0.077
0.465055952992,0.547295781005,-0.123961924413,-1.35623648342,0.0794836550904,1.8942184574,0.159145853408,-0.00253970754727,-0.0100182979853,-0.00151179534678,-0.0127041590681,-0.000220740731044,0.00383669076081,-0.00117672857498,0.573808408956,0.818975035755,0.00213249193941,0.0,0.81893402661,-0.573748861385,-0.0118343153974,0.0,-0.00846865710145,0.00853716426678,-0.999927696723,0.0,0.661620374389,0.260858011604,0.303375516651,1.0,-0.00184,-0.00241828571429,0.093
0.465042191074,0.547116515686,-0.123949264532,-1.35645098739,0.0794822520441,1.89435076055,0.159136412148,-0.00231753370345,-0.00873200325411,0.00415395180794,-0.00970205759557,-8.03607628877e-05,0.00946900579336,-9.84284673449e-05,0.573815020133,0.818970162089,0.00222332597969,0.0,0.81893024284,-0.573755023291,-0.011797351917,0.0,-0.00838619622269,0.00859041200428,-0.999927935671,0.0,0.661603076605,0.260841899834,0.303411468892,1.0,-0.00218,-0.00286514285714,0.11
0.465016664062,0.546909592562,-0.123951999154,-1.35669582999,0.0794780314589,1.89447767592,0.159120636606,-0.00161405824659,-0.00955017580267,-0.000235848418383,-0.0115450612043,-0.000618374931305,0.00910342131296,-0.00434233531481,0.57383765148,0.818954082223,0.00230387833025,0.0,0.818915184388,-0.573777317536,-0.0117582975781,0.0,-0.00830775262329,0.00863420105035,-0.999928213333,0.0,0.66158522741,0.260805030355,0.303452598947,1.0,-0.00252,-0.003312,0.127
0.464987081421,0.546700134668,-0.123951989411,-1.35702011208,0.0794725180824,1.8945965699,0.159096541652,-0.00392822405147,-0.00989898673536,0.0037693652022,-0.0190988665916,-0.000112370646692,0.00829318335974,-0.00474266107285,0.57385881789,0.818939219733,0.00231482486045,0.0,0.818900339218,-0.573798309995,-0.0117677855768,0.0,-0.00830901851971,0.0086488249004,-0.999928076433,0.0,0.661548105196,0.26075690278,0.303456909517,1.0,-0.00284,-0.00373257142857,0.143
0.464949393505,0.54643934272,-0.123952734775,-1.35741688078,0.0794638953397,1.89473970148,0.15898626014,-0.00097151328694,-0.0140963943143,-0.000565667135646,-0.0205117175308,-0.00298769459929,0.00681655870111,-0.00298514996328,0.573819769084,0.818966538073,0.00233002687188,0.0,0.818927712643,-0.573759060005,-0.0117766475809,0.0,-0.00830796622572,0.00866596361868,-0.999927936789,0.0,0.661502980875,0.260696188883,0.303465185282,1.0,-0.00318,-0.00417942857143,0.16
0.464903699706,0.546140834292,-0.123952946543,-1.35789747002,0.0794451272785,1.89490828507,0.158931660393,-0.0016524654843,-0.0167443129088,-0.000464427887085,-0.0274835877756,-6.60461059492e-05,0.0071413270895,-0.000404991473898,0.573834485627,0.81895624389,0.00232391887409,0.0,0.818917234414,-0.573773688857,-0.0117925423854,0.0,-0.0083243329821,0.00867023164018,-0.999927763673,0.0,0.661447192074,0.260621117145,0.303462429417,1.0,-0.00354,-0.00465257142857,0.178
0.464858884316,0.545896074531,-0.123954238656,-1.35831848306,0.079421450615,1.89505841472,0.158901287067,-0.00462965517384,-0.0118005759153,-0.000374214532151,-0.0260200396344,-0.00577978727142,0.0109773749141,-0.00586978561146,0.573864485896,0.818935285937,0.00230134223296,0.0,0.81889596283,-0.573803750943,-0.0118069625905,0.0,-0.00834878021954,0.00866032311873,-0.999927645719,0.0,0.66140023747,0.26055032008,0.303448379472,1.0,-0.00382,-0.00502057142857,0.192
0.464799066234,0.545511021958,-0.123955194478,-1.35897679734,0.0793223650753,1.89527793917,0.158798158123,-0.00302713344732,-0.0235325291837,-0.00011873411455,-0.0325529528683,-0.0094084453319,0.010516442074,-0.0178037137455,0.573840063772,0.81895261701,0.002222431924,0.0,0.818912753467,-0.573780136259,-0.0117900104007,0.0,-0.00838043392939,0.00858572346828,-0.99992802425,0.0,0.661324335229,0.260435967735,0.303426564133,1.0,-0.0042,-0.00552,0.211
0.464733620423,0.545124175308,-0.123952780448,-1.359660163,0.0792884364959,1.89549353533,0.158729576111,-0.00115656472244,-0.0209810828437,0.0014357564506,-0.0391352566268,-0.000181178358886,0.00790886943127,-0.000222141926388,0.57386479005,0.818935463877,0.00215769501412,0.0,0.818894623213,-0.573804974727,-0.0118403527398,0.0,-0.00845855148373,0.00856185122691,-0.999927571182,0.0,0.661238899381,0.260327183385,0.303393733312,1.0,-0.00454,-0.00596685714286,0.228
0.464677765469,0.544712678528,-0.123955174799,-1.36032431164,0.0792708096639,1.89572297412,0.158662276012,-0.00321973425153,-0.0314302164343,0.000257973858118,-0.0423011418859,-0.000231590751013,0.0119109291787,-0.00807286734759,0.57388938139,0.818918252657,0.00214948677837,0.0,0.81887708906,-0.573829377149,-0.0118703763712,0.0,-0.00848759262949,0.00857261347793,-0.999927232887,0.0,0.661158910573,0.260228152357,0.303388853956,1.0,-0.00486,-0.00638742857143,0.244
0.464600668395,0.544256083525,-0.123961579576,-1.3610701833,0.0792439711035,1.89598859311,0.158537811618,-0.00145389850187,-0.0299500929123,0.00600982202061,-0.0463039766027,-0.00744607589114,0.0123486228834,-0.00764981829411,0.573889500344,0.818918200353,0.00213762189416,0.0,0.818876726795,-0.573829386926,-0.0118948692804,0.0,-0.00851445861323,0.00857695454074,-0.999926967256,0.0,0.661075411578,0.260104614286,0.303380212814,1.0,-0.0052,-0.00683428571429,0.261
0.464533750399,0.543727853583,-0.123964062587,-1.36192194468,0.079205153407,1.89629644735,0.158456737146,-0.00590721146847,-0.032074411039,1.63696580446e-05,-0.0492024312595,-0.000610467514434,0.0114446868793,-0.0033272292861,0.573916757775,0.818899118594,0.00212969754734,0.0,0.81885742426,-0.573856554727,-0.0119130278472,0.0,-0.00853359140485,0.00858117017956,-0.999926767987,0.0,0.660974876032,0.259979382269,0.303375327515,1.0,-0.00556,-0.00730742857143,0.279
0.464464624486,0.543274057792,-0.12396485503,-1.3626605,0.0791609121507,1.89654931185,0.158343857681,-0.00141626885326,-0.0342527510118,-7.08386257745e-05,-0.0512035592859,-0.00741242662618,0.0178439118971,-0.0108231188649,0.573910713492,0.818903424351,0.00210271889858,0.0,0.818861340644,-0.573850583332,-0.0119314588191,0.0,-0.00856423090592,0.00856959225137,-0.999926605325,0.0,0.660887843583,0.259861525276,0.303366764108,1.0,-0.00586,-0.00770171428571,0.294
0.464390787826,0.542687739245,-0.123970120282,-1.36361186116,0.0791100112072,1.89687925789,0.158237308863,-0.00322444828711,-0.0310393275311,0.000861414879431,-0.0575999456442,-0.00130650651223,0.01735620029,-0.00547890400937,0.573926859853,0.818892179477,0.00207480893523,0.0,0.818849658101,-0.57386676896,-0.0119547401822,0.0,-0.0085991449032,0.00856026789205,-0.999926385551,0.0,0.660773163168,0.259718602608,0.303357434246,1.0,-0.00622,-0.00817485714286,0.312
0.4643169382,0.542087046399,-0.123968669983,-1.36453335564,0.0790518915195,1.89721828177,0.158119460454,-0.00844355255645,-0.0338268598874,0.000957423559885,-0.0530580930431,-0.00722249919209,0.0197510292532,-0.0069216374744,0.573925485236,0.818893106088,0.00208928205605,0.0,0.818850779218,-0.573865340499,-0.0119465162153,0.0,-0.00858411848288,0.00856738530408,-0.999926453705,0.0,0.660666277498,0.259582757982,0.30337295674,1.0,-0.00656,-0.00862171428571,0.329
0.464242299901,0.54148600679,-0.123973306839,-1.3654371067,0.0789903526937,1.89755599645,0.15797918515,-0.00322350044941,-0.0376710820293,-0.000573194122373,-0.0560222205111,-0.00643372721686,0.0149026098344,-0.0144621870248,0.573908711692,0.818904796944,0.00211449478433,0.0,0.818862882452,-0.573848549393,-0.0119234644174,0.0,-0.00855094707512,0.00857462648484,-0.999926675854,0.0,0.660564878477,0.259444341573,0.303397166441,1.0,-0.00688,-0.00904228571429,0.345
0.464151083708,0.540827699865,-0.123974283607,-1.36645959092,0.078940479004,1.89793082764,0.157858298262,-0.00559283544349,-0.0379347500335,-3.33470350082e-05,-0.0646084674639,0.000156109858567,0.0317358316874,-0.0086489703526,0.573928460597,0.818890917003,0.00212957013945,0.0,0.818849084747,-0.573868119614,-0.0119291491946,0.0,-0.00854674406284,0.00859044018567,-0.999926576056,0.0,0.660447639592,0.2592881635,0.303408393528,1.0,-0.00722,-0.00948914285714,0.362
0.464059433056,0.540128467203,-0.123976742824,-1.36753727498,0.0788766045022,1.8983327917,0.157716919062,-0.00595461181197,-0.041897408587,0.000354485419224,-0.0700730844781,-0.00525026568532,0.0270946820365,-0.00806281087248,0.573932097045,0.818888316626,0.00214936639251,0.0,0.818846739675,-0.573871672332,-0.0119192080094,0.0,-0.00852720387134,0.00860098330643,-0.99992665225,0.0,0.660325185406,0.259124411876,0.303424552335,1.0,-0.00756,-0.009936,0.379
0.463968357412,0.539435390362,-0.123977541779,-1.36862163774,0.0788090595111,1.89875295509,0.157593293607,-0.00585784109028,-0.0467820168501,-0.000337205052503,-0.0729269468201,-0.00591122585971,0.0215524375302,-0.00931699001571,0.573948065232,0.818877067316,0.00217116109361,0.0,0.818835814683,-0.573887591176,-0.0119032847654,0.0,-0.00850148819008,0.00860985749036,-0.999926794847,0.0,0.660204128156,0.258961778686,0.30343459612,1.0,-0.00788,-0.0103565714286,0.395
0.463859312898,0.538644278537,-0.123983672261,-1.36985249236,0.0787393806042,1.89922738373,0.157444953728,-0.00559387776724,-0.0468630248263,-0.00205960269959,-0.0698019250177,-0.00403006360996,0.0293737823579,-0.00615908850831,0.573969686222,0.81886183464,0.00220044771937,0.0,0.818820969064,-0.573909097669,-0.0118876042412,0.0,-0.0084716115581,0.00862506326939,-0.99992691737,0.0,0.660068358438,0.258771434733,0.303448943857,1.0,-0.00824,-0.0108297142857,0.413
0.463745431126,0.537866698815,-0.12398989446,-1.37108185419,0.0786707159106,1.8996980757,0.157278641858,-0.0106882831039,-0.0481863195192,0.000285353445421,-0.0699126222541,-0.000253340654284,0.0283494528582,-0.0143037375655,0.573980707711,0.818854065058,0.00221680274513,0.0,0.818813402002,-0.573920041929,-0.0118804492735,0.0,-0.00845624946688,0.00863446271938,-0.999926966282,0.0,0.659932779207,0.258577766952,0.303453989666,1.0,-0.00858,-0.0112765714286,0.43
0.463653624593,0.537150235317,-0.123996346839,-1.37220810278,0.0786106065668,1.90010945798,0.157147091547,-0.00861396501132,-0.0444649461149,-0.000653239900694,-0.07774628655,-0.0051031278259,0.0221094015697,-0.00870632699814,0.573998640758,0.818841484517,0.00222048246079,0.0,0.818800811983,-0.573937899466,-0.0118854849674,0.0,-0.00845807195966,0.00864055141532,-0.999926898273,0.0,0.659801265374,0.258407345882,0.303459696399,1.0,-0.00888,-0.0116708571429,0.445
0.463523696666,0.536257059747,-0.124000258559,-1.37360378617,0.0785155064538,1.90064161646,0.156974884351,-0.00765168128292,-0.050087153623,0.000290800348812,-0.0802258242851,-0.0017757029418,0.0201127508143,-0.0159896906133,0.574018165511,0.818827751091,0.00223754523607,0.0,0.818787424588,-0.573957480934,-0.0118621380087,0.0,-0.00842895424512,0.00864132297228,-0.999927137479,0.0,0.659646968788,0.258186138176,0.303472127168,1.0,-0.00924,-0.012144,0.463
0.463406532102,0.535324000817,-0.124008420736,-1.37507265073,0.0784375058387,1.9011775711,0.156791985671,-0.00732008501787,-0.0477077978182,-0.000352555008004,-0.088181010644,-0.00330390018702,0.0335861387735,-0.0104949886101,0.574029832011,0.818819562606,0.0022411506463,0.0,0.818779200111,-0.573969046708,-0.0118702058847,0.0,-0.00843336805906,0.00864902634401,-0.999927033661,0.0,0.659473860582,0.257965756571,0.303478194135,1.0,-0.0096,-0.0126171428571,0.481
0.463298810353,0.534534264743,-0.124005918534,-1.376335878,0.0783795702912,1.90163564058,0.156640107538,-0.00208594123543,-0.0483537524513,-0.00130275808899,-0.0817394673746,-0.00690981912087,0.0368836001367,-0.00625192470761,0.574045662801,0.818808472621,0.0022380984895,0.0,0.818767865362,-0.573984677493,-0.0118961991818,0.0,-0.00845623725115,0.00866161142973,-0.999926731585,0.0,0.659322894737,0.257778295958,0.303473762697,1.0,-0.0099,-0.0130114285714,0.496
0.463175963838,0.533607200395,-0.124006327691,-1.37782556759,0.0782870729509,1.90217951803,0.156466260175,-0.00599880609526,-0.0556964959272,0.00595406171505,-0.0863489207476,-0.00367329388324,0.0384564622866,-0.00570348805595,0.574060922264,0.818797824907,0.00221953980531,0.0,0.818756968694,-0.57400000187,-0.0119067615198,0.0,-0.008475377759,0.00865263677221,-0.999926647234,0.0,0.659146158057,0.257554355074,0.303465748991,1.0,-0.01024,-0.0134582857143,0.513
0.463041502603,0.532664241201,-0.124008497004,-1.37934503095,0.0782038160869,1.90276262513,0.156274199003,-0.0103680173478,-0.0620513940241,0.000429180569014,-0.0930195845896,-0.00358580589238,0.0352052964268,-0.00473404724617,0.574067713437,0.818793034295,0.00223030943167,0.0,0.818752273248,-0.574006702918,-0.0119065929989,0.0,-0.00846898590057,0.00866142829428,-0.999926625277,0.0,0.658963070929,0.257313542464,0.303459213524,1.0,-0.0106,-0.0139314285714,0.531
0.462917141772,0.531747221828,-0.124011562695,-1.38080755812,0.078118133925,1.9032956868,0.156084921476,-0.00690786469921,-0.0635027165464,-0.00117230027965,-0.0955493311701,-0.00590837840855,0.0381597037701,-0.0150122126639,0.574079509633,0.818784801171,0.00221650461767,0.0,0.818743791528,-0.574018482885,-0.0119219143649,0.0,-0.00848933111085,0.00865904286051,-0.999926473414,0.0,0.658788491928,0.25708755287,0.303454459094,1.0,-0.01092,-0.014352,0.547
0.462779326283,0.530688757626,-0.124014813825,-1.38253739118,0.0780056828115,1.90389887339,0.155861149163,-0.00353600064666,-0.0579717153987,-0.00133229810769,-0.0939565876094,-0.00907999008078,0.0350696039768,-0.0107763602445,0.57407764694,0.818786275985,0.00215324011718,0.0,0.818744454886,-0.574016890959,-0.0119529656776,0.0,-0.00855109269162,0.00862504987508,-0.999926240944,0.0,0.6585871558,0.256838243445,0.303429593413,1.0,-0.01126,-0.0147988571429,0.564
0.462624218224,0.529598569505,-0.124020504326,-1.38428089203,0.0779030996575,1.90453366049,0.155620495118,-0.00977104147657,-0.0593370778388,-0.00137525875084,-0.101028202869,-0.00692024290759,0.0402137401361,-0.0154549988055,0.574078745812,0.818785547769,0.0021371178864,0.0,0.818743474532,-0.574018013784,-0.0119661883532,0.0,-0.00857116294253,0.00861945167689,-0.99992611738,0.0,0.65838195269,0.256566634649,0.303422936908,1.0,-0.01162,-0.015272,0.582
0.462492965108,0.528574058096,-0.124018443407,-1.38585662269,0.0777968086029,1.90512846511,0.155416172569,-0.0142683849696,-0.0692619155025,0.000659085207933,-0.0992646015939,-0.00872003137029,0.0417567723146,-0.011687432522,0.574074299715,0.818788583374,0.00216818927942,0.0,0.818747002207,-0.57401352854,-0.0119399468984,0.0,-0.00853188649296,0.00862978127713,-0.999926364183,0.0,0.658198104467,0.256331014702,0.303445860926,1.0,-0.01194,-0.0156925714286,0.598
0.462354355509,0.52746450187,-0.12401878418,-1.38757430582,0.0776932466244,1.90579472726,0.155176449756,-0.0121098200964,-0.0690924625621,-0.00126762017892,-0.0995560815491,-0.00453820578845,0.0390427688583,-0.0130515878208,0.574056998825,0.818800583782,0.0022165289162,0.0,0.81875965214,-0.573996054062,-0.0119125501172,0.0,-0.00848188744128,0.0086534538188,-0.999926584966,0.0,0.657999351692,0.256078717456,0.303467142384,1.0,-0.01228,-0.0161394285714,0.615
0.462204456488,0.52630377837,-0.124019724652,-1.38937351603,0.0775903869991,1.906473839,0.154919679628,-0.00842653706048,-0.072055864727,-0.000919880533896,-0.106985902435,-0.00729707291379,0.036299146814,-0.02166299156,0.574039690622,0.818812616625,0.00225374083518,0.0,0.818772114758,-0.573978542854,-0.0118997201405,0.0,-0.00845020479747,0.00867637886488,-0.999926654555,0.0,0.657787857077,0.255810657115,0.303486483095,1.0,-0.01262,-0.0165862857143,0.632
0.462058623244,0.525189027948,-0.124030094445,-1.39109180568,0.0774725134876,1.90709061568,0.154693735854,-0.00729602033003,-0.0699782491914,-0.00130415752539,-0.105228647999,-0.00811365135399,0.030946675256,-0.0139407297614,0.574042000545,0.818810991653,0.0022557612655,0.0,0.818770638562,-0.573980970246,-0.011884196497,0.0,-0.00843630910401,0.00866914593174,-0.999926834622,0.0,0.657583075929,0.255542204777,0.303506554537,1.0,-0.01294,-0.0170068571429,0.648
0.461901767867,0.524029970302,-0.124028997129,-1.392968375,0.0773654062164,1.90775720029,0.154442757163,-0.0101480113531,-0.0753699663181,0.000760614164627,-0.113790139664,-0.00153149632826,0.0422192392364,-0.00713446582221,0.574036067542,0.81881525956,0.00221602641826,0.0,0.818774247741,-0.573975052334,-0.0119213017485,0.0,-0.0084895633565,0.0086578492297,-0.999926481778,0.0,0.657351272442,0.255260114185,0.303486189287,1.0,-0.01328,-0.0174537142857,0.665
0.461744771743,0.522821147007,-0.124033951373,-1.39490429123,0.0772371221208,1.9084963686,0.154184969821,-0.00599244661463,-0.0746486483496,-0.000632053952639,-0.116842848088,-0.00665672076834,0.0372122828193,-0.0169179329412,0.574026394542,0.818822038468,0.00221688756758,0.0,0.818781156256,-0.573965497857,-0.0119068186813,0.0,-0.00847731178235,0.00865014050594,-0.999926652437,0.0,0.657123266533,0.254969542915,0.303478707738,1.0,-0.01362,-0.0179005714286,0.682
0.461588324635,0.52166367915,-0.124037554939,-1.39674175962,0.0771274308687,1.90921757422,0.153922417359,-0.0122125957995,-0.0674486867251,0.000252723134875,-0.114256436237,-0.00377949897149,0.0482861100318,-0.0236650542484,0.574011079469,0.818832685447,0.00224962008514,0.0,0.818792258203,-0.573950083398,-0.0118864029584,0.0,-0.0084419681533,0.00866506533213,-0.999926822231,0.0,0.65691143198,0.254692923246,0.303480095012,1.0,-0.01394,-0.0183211428571,0.698
0.461415207128,0.520398057087,-0.124049745815,-1.39876977082,0.0770052872332,1.90995612227,0.153651960198,-0.0084451328608,-0.0781516270501,-0.00111941581555,-0.120636298737,-0.00161515193733,0.0457124484744,-0.0100803909911,0.574015248836,0.818829826611,0.00222622042214,0.0,0.818789088893,-0.573954339593,-0.0118991963128,0.0,-0.0084658309749,0.00865329172622,-0.999926722439,0.0,0.65666718905,0.254378404138,0.303468220547,1.0,-0.01428,-0.018768,0.715
0.46125014733,0.5190797109,-0.124053126483,-1.40082215091,0.0768666847652,1.91069890342,0.153376420949,-0.0126269006847,-0.079741994561,-0.000564017653066,-0.120658065398,-0.00566786528594,0.0441365306925,-0.0236823423005,0.573998743981,0.818841398066,0.00222567347396,0.0,0.818800735618,-0.573937923219,-0.0118895981066,0.0,-0.00845845957617,0.00864716394203,-0.999926837832,0.0,0.656415548731,0.254069815279,0.303481414557,1.0,-0.01462,-0.0192148571429,0.732
0.461091166148,0.517795663332,-0.124053851232,-1.40281360509,0.0767392033821,1.91141701069,0.153101175092,-0.0113114474815,-0.0879130843126,-3.45603183255e-05,-0.124372085943,-0.00149388820051,0.0383282855368,-0.0197825698607,0.573975107284,0.818857949677,0.00223189833179,0.0,0.81881736907,-0.573914265501,-0.0118860785948,0.0,-0.00845225438819,0.00864999689597,-0.9999268658,0.0,0.656169025125,0.253773708702,0.303496932365,1.0,-0.01494,-0.0196354285714,0.748
0.460912389631,0.516466401877,-0.124051305361,-1.40494118669,0.0766015436749,1.91220951869,0.152793318377,-0.0129397897045,-0.0776830717631,0.00086404336938,-0.125338497293,-0.0072851033233,0.0520966498978,-0.0188461273006,0.573943029756,0.818880460877,0.00222177630745,0.0,0.818839773052,-0.573882257453,-0.0118881264165,0.0,-0.00846007931878,0.00864255249689,-0.999926863998,0.0,0.655910421935,0.253454394323,0.303485389654,1.0,-0.01528,-0.0200822857143,0.765
0.460748338278,0.515230329128,-0.124057040138,-1.40686693435,0.0764931953412,1.91293023705,0.152545774893,-0.00912402538865,-0.0835841783804,0.000290560839969,-0.126478612483,-0.00647471553208,0.050085811129,-0.0167978272006,0.573951225783,0.818874636452,0.00225102160164,0.0,0.818834260032,-0.57389026512,-0.0118812920192,0.0,-0.00843761174919,0.00866266250889,-0.99992687982,0.0,0.65567873289,0.253162521397,0.3034982159,1.0,-0.01558,-0.0204765714286,0.78
0.460553848998,0.513825215161,-0.124063540033,-1.40912603814,0.0763490290646,1.9137246343,0.152229252469,-0.00910027927647,-0.082051122923,-0.000594908893237,-0.134126665425,-0.0137867841483,0.052191314167,-0.0299986810359,0.573935592789,0.818885743682,0.00219568337866,0.0,0.818844625839,-0.573874834127,-0.0119121950967,0.0,-0.00849484285798,0.00863492253792,-0.999926635188,0.0,0.655396098839,0.252812256648,0.303476916333,1.0,-0.01592,-0.0209234285714,0.797
0.460326602731,0.512260581288,-0.124074188341,-1.41166428988,0.0762027134469,1.91462450262,0.151880101321,-0.0156246856084,-0.0879132626176,-0.00668350087052,-0.138173848591,-0.0105424440184,0.0484875013868,-0.0277882872187,0.573936895571,0.818884991257,0.00213492316876,0.0,0.818842941284,-0.57387624261,-0.0119600409345,0.0,-0.00856888130724,0.00861264135181,-0.999926195618,0.0,0.655080682674,0.252413930812,0.303443368266,1.0,-0.0163,-0.0214228571429,0.816
0.460150449515,0.510911793738,-0.124081145666,-1.41383388392,0.0760711590535,1.91544815894,0.151570233789,-0.00996289388432,-0.0821094004724,-0.000254931509244,-0.133999403908,-0.00565057988246,0.0541169324639,-0.01519883829,0.573910484202,0.818903504031,0.00213403590062,0.0,0.818861450199,-0.573849845968,-0.0119593712874,0.0,-0.00856911986247,0.00861125409196,-0.999926205521,0.0,0.65481669183,0.252089370874,0.303426877957,1.0,-0.01662,-0.0218434285714,0.832
0.459939043459,0.509424126266,-0.124077356318,-1.41620348029,0.0759186060799,1.91632932098,0.151246129034,-0.014207327687,-0.0885012372494,0.00216686342002,-0.146435037191,-0.0115645463546,0.0451375416976,-0.014074937069,0.573897764889,0.818912431975,0.00212864129836,0.0,0.81887031742,-0.573837160152,-0.0119609271276,0.0,-0.0085736235139,0.00860759624307,-0.99992619841,0.0,0.654526826814,0.251726716689,0.30341657741,1.0,-0.01696,-0.0222902857143,0.849
0.459727575393,0.507823726782,-0.124081903212,-1.41871928407,0.0757565041225,1.9172242253,0.150890801901,-0.00818036831224,-0.0874600480199,0.000794102930599,-0.14217519188,-0.0104609105986,0.0462602404645,-0.0193552167434,0.573869742355,0.818932126308,0.00210670617076,0.0,0.818889717259,-0.573809223439,-0.0119730098668,0.0,-0.00859640050404,0.00859627361291,-0.999926100259,0.0,0.654209112861,0.251342818967,0.303416450152,1.0,-0.01732,-0.0227634285714,0.867
0.459531324631,0.506458177469,-0.124089832945,-1.42086784032,0.0756227721172,1.91801243963,0.150598125985,-0.0134513965441,-0.0914110190179,-0.00138590185325,-0.14661766375,-0.00785434068315,0.0566407847698,-0.0194523148999,0.573871485026,0.818930902358,0.00210778061299,0.0,0.818888513461,-0.573810967573,-0.0119717548996,0.0,-0.0085947378851,0.0085964516038,-0.999926113021,0.0,0.653946261146,0.25100475584,0.303417239177,1.0,-0.01762,-0.0231577142857,0.882
0.459304073143,0.50474567549,-0.124094138142,-1.42347664145,0.075460321481,1.91902685946,0.150247247597,-0.0123249314364,-0.0992336911537,-0.000232380853102,-0.140458028272,-0.00380355637581,0.0557719747098,-0.0194469744242,0.573864250065,0.818935718287,0.00220424857033,0.0,0.818894666502,-0.573803419559,-0.0119125051058,0.0,-0.00849093403496,0.00864137458004,-0.999926612649,0.0,0.653634978163,0.250609207692,0.30346038346,1.0,-0.01798,-0.0236308571429,0.9
0.459079758506,0.503081111703,-0.124094706279,-1.42595778324,0.0753085573307,1.9199602126,0.149896661887,-0.0154927513085,-0.0966209238996,-0.00151222051234,-0.148035986228,-0.0102468360788,0.0574958041072,-0.0213280587484,0.573847746151,0.818947006389,0.00230474846522,0.0,0.818907257061,-0.573786512288,-0.0118612626201,0.0,-0.00839147349302,0.00869410145331,-0.999926995221,0.0,0.653333596889,0.250228640628,0.303522935466,1.0,-0.01832,-0.0240777142857,0.917
0.458853792065,0.501485258625,-0.124100686572,-1.42833459019,0.0751506340401,1.92082003022,0.149564899322,-0.0138572559689,-0.101255878911,0.0008581117986,-0.152542367597,-0.0163885355872,0.0557798386187,-0.0205377897228,0.57384401353,0.81894944616,0.00236636247512,0.0,0.818910575728,-0.573782621963,-0.0118202620856,0.0,-0.0083225796584,0.00872099379919,-0.999927336828,0.0,0.653041714364,0.249849501572,0.303580319014,1.0,-0.01864,-0.0244982857143,0.933
0.45860080427,0.499664358104,-0.124105005575,-1.43109169603,0.0749676972593,1.92179135852,0.14916639352,-0.00968961570776,-0.103975672003,-0.00041482096703,-0.155574585991,-0.0152942204063,0.0551231625433,-0.024021186898,0.573818567144,0.818967203663,0.0023912813909,0.0,0.818928682319,-0.573757109976,-0.0118041911766,0.0,-0.00829539045141,0.00873192110231,-0.999927467395,0.0,0.652692981644,0.249415242156,0.303622720215,1.0,-0.019,-0.0249714285714,0.951
0.458401411356,0.49830890099,-0.124104984916,-1.43325118999,0.0748415452588,1.92259727697,0.14885839372,-0.0145735864636,-0.0934279033367,0.000585308213715,-0.153257972829,-0.010648157162,0.0565517366839,-0.0235947766974,0.573805553954,0.818976309529,0.00239532544774,0.0,0.818937746753,-0.573743984055,-0.0118133232291,0.0,-0.0083006881099,0.00874034118306,-0.999927349867,0.0,0.652424715219,0.249081165864,0.30361004598,1.0,-0.01928,-0.0253394285714,0.965
0.458099199921,0.496433169262,-0.124102280805,-1.43623683868,0.0746507603772,1.92367296099,0.148411352221,-0.0154556755162,-0.0995742958927,0.000640529064664,-0.157141976418,-0.0148214889286,0.0556306091765,-0.0235984534986,0.573784478955,0.818991168035,0.00236332233415,0.0,0.818952127488,-0.573722969848,-0.0118369612569,0.0,-0.0083386349621,0.00872748053175,-0.999927146471,0.0,0.652051671257,0.248598563423,0.303589566236,1.0,-0.01966,-0.0258388571429,0.984
0.457817874174,0.494644505499,-0.124103176362,-1.43914221488,0.0744748003991,1.92466264904,0.147999254226,-0.0126780470034,-0.104959026738,0.00101845484153,-0.163452566904,-0.0106037413941,0.0542045348534,-0.0211116641151,0.573776676568,0.818996929791,0.00225861032565,0.0,0.818956298317,-0.573715344385,-0.0119177164164,0.0,-0.00846493673062,0.00868797813982,-0.999926429235,0.0,0.651671856102,0.248132660466,0.303538603112,1.0,-0.0201262857143,-0.0264516897959,1.002
0.457537439642,0.49286369385,-0.124121210807,-1.44199910102,0.0742912287924,1.92572118481,0.1476037669,-0.017429931476,-0.106887714651,5.84925558153e-05,-0.177286338831,-0.00982855853135,0.0656637942028,-0.0273933235817,0.573789338973,0.818988126613,0.00223379695437,0.0,0.818947253151,-0.573728188164,-0.0119209715982,0.0,-0.00848170521636,0.00866965521084,-0.999926446172,0.0,0.651319962183,0.247666402939,0.303510980994,1.0,-0.0226131428571,-0.0297201306122,1.019
0.45727306054,0.491089751361,-0.124139086127,-1.4447994858,0.0741221876969,1.92674440492,0.147194201714,-0.0239428743588,-0.12928160279,-0.00493028543341,-0.196263917387,-0.0111618453135,0.0721747710172,-0.0330069434575,0.573777790064,0.818996230395,0.00222915460784,0.0,0.818955260841,-0.573716623053,-0.0119274504746,0.0,-0.00848979737791,0.0086694509815,-0.99992637927,0.0,0.650968370597,0.247217389023,0.303501634357,1.0,-0.0248074285714,-0.0326040489796,1.034
0.456876307761,0.488663044003,-0.124160027371,-1.44874932525,0.0738830731105,1.92813765635,0.146638763818,-0.0255215103791,-0.133719722125,-0.000732540030856,-0.214718692156,-0.0129902704513,0.0758764284612,-0.0300490426871,0.573794838367,0.818984583939,0.00211698747907,0.0,0.8189419873,-0.573733964222,-0.0120044423604,0.0,-0.00861703151797,0.00862194299622,-0.999925701673,0.0,0.650463083396,0.246566935462,0.303430552094,1.0,-0.0275868571429,-0.0362570122449,1.053
0.456548782469,0.486616139258,-0.124176380518,-1.45188172824,0.07369022368,1.92934833748,0.146184291961,-0.0296215973255,-0.150900950954,-0.000969034846819,-0.231258323719,-0.0186956638264,0.0824104623093,-0.0328015517863,0.573806039786,0.818976466365,0.00221881654643,0.0,0.818935290049,-0.573744837569,-0.0119414813583,0.0,-0.00850692145154,0.00866932821083,-0.999926234797,0.0,0.650088134003,0.246051122052,0.303467113866,1.0,-0.0296348571429,-0.0389486693878,1.067
0.456090068103,0.483810016998,-0.12421189959,-1.4561727035,0.0734253683158,1.93089955128,0.145519179828,-0.029205011596,-0.167158219085,-0.00354474375953,-0.246931592886,-0.00781318427827,0.0779094247655,-0.0315310360327,0.573802199606,0.818979012523,0.0022714918389,0.0,0.818938537425,-0.57374080086,-0.0119126927725,0.0,-0.00845316056602,0.0086959089436,-0.999926459918,0.0,0.649555660656,0.245323528402,0.30350817479,1.0,-0.032268,-0.0424093714286,1.085
0.455652252715,0.48110786582,-0.124250181379,-1.46037242474,0.0731582089802,1.93236663902,0.144903045095,-0.0264883461031,-0.18170268289,-0.00127020996377,-0.266352227756,-0.0192855269267,0.0966832618341,-0.0381500643062,0.573816556259,0.81896904599,0.00223793970839,0.0,0.818928135855,-0.57375529263,-0.0119297688584,0.0,-0.00848624505508,0.0086783777625,-0.999926331989,0.0,0.649018366178,0.244611815574,0.303511646705,1.0,-0.0346085714286,-0.0454855510204,1.101
0.455152048384,0.478035568584,-0.124283372111,-1.46508799243,0.0728730119268,1.93409503328,0.144199508868,-0.0305555345617,-0.191477645984,-0.00166928581082,-0.283954397133,-0.0166679364303,0.104804567195,-0.0366796549262,0.57382637678,0.818961965953,0.00230966145983,0.0,0.818921950685,-0.573764784538,-0.0118977986258,0.0,-0.00841880423127,0.00871887101046,-0.999926549814,0.0,0.648427766203,0.243821443151,0.30354666684,1.0,-0.0370954285714,-0.0487539918367,1.118
0.454601899552,0.474769244864,-0.12430841807,-1.47008707525,0.072573173076,1.93594613718,0.143493874044,-0.0319668211702,-0.191990530643,-0.00271726539984,-0.304178733101,-0.0167474247644,0.107739609534,-0.0477259124614,0.573877751352,0.818925670424,0.00241241065209,0.0,0.81888691673,-0.573815671377,-0.0118549479828,0.0,-0.00832420245339,0.00877895143357,-0.999926816155,0.0,0.647803808369,0.242978937982,0.303589122299,1.0,-0.0395822857143,-0.0520224326531,1.135
0.454092124247,0.471741970962,-0.124316948791,-1.47476852278,0.0722800457512,1.93756843002,0.142791315936,-0.0359763175949,-0.206833839537,-0.00360055799414,-0.318926481567,-0.0218242042395,0.107224625205,-0.052876529663,0.573876594065,0.81892654565,0.00239050529124,0.0,0.81888727783,-0.573814358534,-0.011893487664,0.0,-0.00836834762476,0.00878311766497,-0.999926411093,0.0,0.647107777257,0.242081161233,0.303594626205,1.0,-0.0420691428571,-0.0552908734694,1.152
0.453440273774,0.467857775234,-0.124321395226,-1.48060239263,0.0719178020651,1.93978796681,0.141852692477,-0.0355690106793,-0.2282334414,-8.37156911241e-05,-0.335231833162,-0.0178796299109,0.13089388406,-0.0621331459408,0.573818314335,0.818966678645,0.00262074492241,0.0,0.818930418714,-0.573755226966,-0.0117752170283,0.0,-0.00814000100244,0.00890321433721,-0.999927233932,0.0,0.646461036124,0.241222634107,0.303692617548,1.0,-0.0444097142857,-0.0583670530612,1.168
0.452748594304,0.463774839416,-0.124327672975,-1.4868757438,0.0714936443972,1.94196684008,0.140901469442,-0.0466722409765,-0.228726527183,-0.000848875707205,-0.363453974677,-0.0253816715715,0.128195216039,-0.0560275215967,0.573788990175,0.818987285604,0.00260147528158,0.0,0.818950711527,-0.573725907961,-0.0117924350962,0.0,-0.00816547785293,0.00889702075367,-0.999927081338,0.0,0.645627878608,0.240164979687,0.303711373407,1.0,-0.0470428571429,-0.061827755102,1.186
0.45200629802,0.459500791504,-0.124344679954,-1.493496778,0.0710500106546,1.94425539182,0.139919142272,-0.0403529360292,-0.241994910286,0.000374047733797,-0.373942092237,-0.0228976613936,0.124018718429,-0.057646787383,0.573791371422,0.818985804172,0.00254195749597,0.0,0.818948354235,-0.573728400911,-0.0118347786697,0.0,-0.00823428105205,0.00887259661619,-0.999926734138,0.0,0.644742835359,0.239035371364,0.30370219338,1.0,-0.049676,-0.0652884571429,1.204
0.451357623359,0.455873609812,-0.124352855535,-1.49924128363,0.0706709808821,1.94631313914,0.139014623885,-0.0471969268719,-0.243469087681,-0.0005753529154,-0.395963440556,-0.0175362887253,0.141340954248,-0.0688652925146,0.573749386225,0.819015398665,0.00248303373867,0.0,0.818977086665,-0.573686543972,-0.0118755077701,0.0,-0.00830190052389,0.00884728336921,-0.999926399304,0.0,0.643980364629,0.238061761894,0.30364145878,1.0,-0.0518702857143,-0.0681723755102,1.219
0.450557173212,0.451444747837,-0.124396036582,-1.50592967543,0.0702018878738,1.94874751823,0.137940055031,-0.0468225166873,-0.264435100473,-0.00682210098627,-0.398081789145,-0.0274713500577,0.159733579925,-0.0686145373798,0.573732864385,0.819026599849,0.00260306858582,0.0,0.818990240489,-0.573669995012,-0.0117673152255,0.0,-0.00814459864458,0.00888335426963,-0.999927373128,0.0,0.643117873682,0.23688128178,0.303711463106,1.0,-0.0543571428571,-0.0714408163265,1.236
0.449727335547,0.446841575591,-0.124440572365,-1.51292042543,0.0697376492315,1.95120724381,0.136916880845,-0.0537523934046,-0.279775965542,-0.000366226383552,-0.424602011079,-0.0244357313319,0.140421941332,-0.0565864777265,0.573795383422,0.818982642621,0.00265253651633,0.0,0.818946955034,-0.573732358306,-0.0117393685615,0.0,-0.00809264886478,0.00890845370339,-0.999927571621,0.0,0.642187030395,0.235652001358,0.30375464795,1.0,-0.056844,-0.0747092571429,1.253
0.448898704855,0.442380524126,-0.124471798065,-1.51985900062,0.0692580496993,1.95352518178,0.135842231857,-0.0493007004707,-0.277027339698,-0.00471876586204,-0.435480411864,-0.0291503666999,0.157252073725,-0.0708474885643,0.573793545202,0.818984400904,0.00250309021062,0.0,0.818946634909,-0.573730925072,-0.0118313857058,0.0,-0.00825377898284,0.00883884022868,-0.999926872344,0.0,0.641226087691,0.234425854629,0.303708136632,1.0,-0.0591845714286,-0.0777854367347,1.269
0.447967996596,0.43751041234,-0.124482191253,-1.5274269753,0.0687456041112,1.9561646666,0.134603354013,-0.055021570196,-0.284331382885,-0.00154213399572,-0.445159854007,-0.0349553812732,0.161687967028,-0.0690613609816,0.573741225142,0.819021229388,0.00244525776344,0.0,0.818982538411,-0.573678649938,-0.0118808789003,0.0,-0.00832806021164,0.0088193432259,-0.999926428593,0.0,0.640191256785,0.233095930071,0.303664025526,1.0,-0.0616714285714,-0.081053877551,1.286
0.446972500085,0.432346935596,-0.124498452018,-1.53505675832,0.0682261142376,1.95899563199,0.133356340728,-0.0600397198932,-0.305372543319,0.000897939397543,-0.45765104502,-0.0264664385156,0.171608052845,-0.0714543797408,0.573736390414,0.819023679263,0.00274117174698,0.0,0.818989088018,-0.573672997047,-0.0117009857692,0.0,-0.00801100244084,0.00895844356649,-0.999927782457,0.0,0.639193125996,0.231730760523,0.303800345263,1.0,-0.0641582857143,-0.0843223183673,1.303
0.445983401724,0.427459592556,-0.124548298844,-1.54266641019,0.0676601612734,1.96152078004,0.132150603479,-0.0591706970105,-0.314190621992,0.00223948661701,-0.48918469912,-0.0357781563304,0.150377112598,-0.080822504781,0.573763723989,0.819005187895,0.00253734840762,0.0,0.818968096741,-0.573701225658,-0.0117858856763,0.0,-0.0081971794426,0.00884049125917,-0.999927323341,0.0,0.638128840903,0.230324532154,0.303727551788,1.0,-0.0664988571429,-0.0873984979592,1.319
0.444826905606,0.421683577555,-0.124639543613,-1.55150833328,0.0670162478699,1.96443783804,0.13069038351,-0.0692931126927,-0.318001851483,-0.00784476235813,-0.50045531039,-0.0299244884154,0.161261169836,-0.0768177957093,0.573776088364,0.818997012747,0.00237495988846,0.0,0.818957978216,-0.57371438308,-0.0118483528726,0.0,-0.00834137755877,0.00874346225215,-0.999926983978,0.0,0.636886205122,0.228671539969,0.303700746138,1.0,-0.069132,-0.0908592,1.337
0.443669620367,0.416036466403,-0.124666038373,-1.55988782746,0.0664375443681,1.96749248068,0.129343603544,-0.0703103679363,-0.338706562638,0.001393309588,-0.493181712224,-0.0334792906832,0.177335916623,-0.0888001752572,0.5738295897,0.818958740728,0.0026324648157,0.0,0.81892325361,-0.573767139112,-0.0116928043542,0.0,-0.00806565781227,0.00886563446782,-0.999928170265,0.0,0.635758052722,0.227129649036,0.303807821268,1.0,-0.0716188571429,-0.0941276408163,1.354
0.442608078582,0.410980360893,-0.124681927401,-1.5675327154,0.0659152586206,1.9701751158,0.128006544296,-0.0732606283333,-0.341616399286,-0.00265721754053,-0.513021831852,-0.0366197348085,0.174670949605,-0.0890249689128,0.573784766518,0.818989898476,0.00270828482924,0.0,0.818955263687,-0.573721909684,-0.0116701897523,0.0,-0.00800411928031,0.00891431284685,-0.999928231975,0.0,0.63469337071,0.225720070311,0.303825117631,1.0,-0.0738131428571,-0.0970115591837,1.369
0.441277329665,0.404777170358,-0.124752487413,-1.57713405063,0.0652244480864,1.97328855943,0.126479320355,-0.078793842722,-0.341493949026,-0.00537175737437,-0.539685872344,-0.0355171994705,0.177813576871,-0.082697539612,0.573869967263,0.818931031716,0.00244394498242,0.0,0.818892751875,-0.573807834551,-0.0118311806349,0.0,-0.00828672573081,0.00879105733082,-0.999927021081,0.0,0.633297486968,0.223902214227,0.303718931335,1.0,-0.0764462857143,-0.100472261224,1.387
0.439932673978,0.398643650524,-0.124803345916,-1.58620569986,0.0645907614235,1.97649168786,0.12491522478,-0.07775584074,-0.367530057275,-0.00327008723396,-0.526724867088,-0.0362355401771,0.192991238871,-0.0913399398838,0.573911617769,0.818901187903,0.00265449447912,0.0,0.818865761062,-0.573848830019,-0.0117103606778,0.0,-0.00806650502393,0.00889455793095,-0.999927906569,0.0,0.632038269495,0.222165201326,0.303813998465,1.0,-0.0789331428571,-0.103740702041,1.404
