position_joint1,position_joint2,position_joint3,position_joint4,position_joint5,position_joint6,position_joint7,velocity_joint1,velocity_joint2,velocity_joint3,velocity_joint4,velocity_joint5,velocity_joint6,velocity_joint7,ee_T_00,ee_T_10,ee_T_20,ee_T_30,ee_T_01,ee_T_11,ee_T_21,ee_T_31,ee_T_02,ee_T_12,ee_T_22,ee_T_32,ee_T_03,ee_T_13,ee_T_23,ee_T_33,v_x,v_y,time
0.46507267711,0.547878265715,-0.123994907922,-1.35584823653,0.0794428827895,1.89409314601,0.159172466257,-0.000417447548242,0.00069686283297,-0.000494711420213,-0.000374389176685,-5.03460398101e-06,7.45463876922e-05,-0.00133141728112,0.573807716878,0.818976303595,0.00180695919474,0.0,0.818931823746,-0.57375025513,-0.011918879819,0.0,-0.00872470481577,0.00831908177357,-0.999927333562,0.0,0.661674453984,0.260873238961,0.303137820404,1.0,0.0,0.0,0.0
0.465073306681,0.54787079197,-0.123991748979,-1.3558511661,0.0794421707127,1.89409221447,0.159174832248,0.000708789887015,-0.00117184885333,0.000983894301654,5.9385395806e-05,-0.000108073020702,-0.000101796559294,9.9486170599e-05,0.573806883888,0.818976878892,0.00181073049707,0.0,0.81893243424,-0.573749392983,-0.0119184354133,0.0,-0.00872218544159,0.00832190644153,-0.999927332037,0.0,0.661672945553,0.260875056451,0.303141533731,1.0,-0.00016,-0.000210285714286,0.009
0.465069461564,0.547874433414,-0.123986974542,-1.35585424014,0.0794428827875,1.89409233222,0.159182212748,-0.00016257606791,0.000796840640493,-0.000651073019556,-0.00102866874301,2.91715464928e-06,4.52719586193e-05,0.00135619742114,0.573813104041,0.818972529953,0.00180657535333,0.0,0.818927997559,-0.573755597937,-0.0119245776578,0.0,-0.00872953688161,0.00832209428285,-0.999927266321,0.0,0.661672033087,0.260874984383,0.303137344584,1.0,-0.00044,-0.000578285714286,0.023
0.465070090375,0.547862744298,-0.123994533255,-1.35586117608,0.0794421707127,1.89409479904,0.159175606577,0.00066314822914,0.00107216369011,-0.000719539855535,-0.000366882991333,6.9944515802e-05,-0.000172601468119,5.09407484792e-05,0.573812647687,0.818972839993,0.00181096898101,0.0,0.818928406144,-0.573755162418,-0.0119174707805,0.0,-0.0087211999989,0.00832160962024,-0.999927343102,0.0,0.661672857757,0.260870410217,0.303142787415,1.0,-0.00076,-0.000998857142857,0.039
0.465071559434,0.547798204721,-0.123993959343,-1.35592100976,0.0794396758307,1.89410366131,0.15917406757,0.000520403408867,-0.00608857521421,-0.000553209524634,-0.00547442802563,-4.22598500854e-05,0.000312650623117,-0.00107870184373,0.573812337889,0.818973027072,0.00182447696602,0.0,0.818928738298,-0.573754766071,-0.0119137274371,0.0,-0.00871038676999,0.00833052080186,-0.999927363155,0.0,0.661662243885,0.260865661172,0.303160776653,1.0,-0.0011,-0.00144571428571,0.056
0.465071154793,0.547666257331,-0.123994838745,-1.35609316684,0.0794407369239,1.89414111699,0.159174001583,0.000441968371293,-0.00815644266373,6.97209407903e-06,-0.0124628013226,0.000471249278199,0.00869624889648,0.00281466804333,0.573822934345,0.818965591168,0.0018295913369,0.0,0.818921233209,-0.573765209699,-0.0119266441117,0.0,-0.00871792313558,0.00834223372882,-0.999927199826,0.0,0.661633980811,0.26084889801,0.303175594932,1.0,-0.00146,-0.00191885714286,0.074
0.465056366485,0.547529289997,-0.123997491237,-1.35628587652,0.0794359478834,1.89419910546,0.159170650267,0.00105195904558,-0.00968641163392,-0.000856461719287,-0.00849864300598,0.000360143735518,0.00292033109779,0.000366501288144,0.573843562599,0.818951124649,0.00183521137078,0.0,0.818906773409,-0.573785747974,-0.011931420218,0.0,-0.00871839973336,0.00834979646641,-0.999927132548,0.0,0.661609714864,0.260819665112,0.303186014556,1.0,-0.00178,-0.00233942857143,0.09
0.465035822981,0.547354384178,-0.123991788096,-1.35648889731,0.0794295687951,1.89432594156,0.159161128265,-0.00182626253949,-0.010993047563,-0.000376847799857,-0.011047915787,0.000405904041609,0.000279201128253,-0.000259834657495,0.573858569595,0.818940408054,0.00192277418105,0.0,0.81889718287,-0.573800372783,-0.011886251873,0.0,-0.00863100959092,0.00839574350191,-0.999927505955,0.0,0.661597497551,0.260795173226,0.303224093586,1.0,-0.00212,-0.00278628571429,0.107
0.46500953075,0.547155566138,-0.123992020963,-1.35673389383,0.0794282873723,1.89445213115,0.159141239982,0.000229904390009,-0.0130771807327,-0.000467979889193,-0.0146626375621,-0.000410104759795,0.0126529814664,-0.00300715832488,0.573877528702,0.818926942933,0.00199777129972,0.0,0.81888461939,-0.573818949563,-0.0118549631267,0.0,-0.00856215453127,0.00843940361708,-0.999927730377,0.0,0.661578719529,0.260759551018,0.303259275213,1.0,-0.00246,-0.00323314285714,0.124
0.464978637987,0.546972055264,-0.123992119678,-1.35702328801,0.0794227723322,1.89456315521,0.159129252599,-0.000192966925402,-0.0110033335599,0.00202652580153,-0.0208793446541,-0.000205831129197,0.00670601128706,-0.00465436256283,0.573898799093,0.818911999661,0.0020129857403,0.0,0.818869764166,-0.573840047181,-0.0118598687767,0.0,-0.00855722177652,0.00845490038984,-0.99992764169,0.0,0.661545345732,0.260713980208,0.303263306018,1.0,-0.00278,-0.00365371428571,0.14
0.464931986156,0.546687845182,-0.123994211701,-1.3574577667,0.0794096326235,1.89472365668,0.159026228619,-0.00165251847947,-0.016682122535,-0.00171327897496,-0.0223975828038,1.2288405932e-05,0.011193599274,-0.0124859493511,0.573883963733,0.818922369024,0.00202400211766,0.0,0.818880169055,-0.573825062329,-0.0118664852669,0.0,-0.00855647182401,0.00846756382364,-0.999927540951,0.0,0.661500913241,0.260642618291,0.303269620955,1.0,-0.00314,-0.00412685714286,0.158
0.464892742642,0.546416607254,-0.123989934403,-1.35786958896,0.0793910873087,1.89487120395,0.158927910053,-0.00411735125142,-0.0166681418655,-2.36649469826e-05,-0.0236397782153,-6.34880836204e-05,0.0136069263737,-0.00324475943962,0.573850665822,0.818945674706,0.00203521911196,0.0,0.818903528537,-0.573791631691,-0.0118710257212,0.0,-0.00855409816647,0.00847900737337,-0.999927464289,0.0,0.661453266779,0.26058082875,0.303278328535,1.0,-0.00346,-0.00454742857143,0.174
0.464857966395,0.546138309277,-0.123997813822,-1.35835298849,0.0793628874203,1.89503816793,0.158914687809,-0.00260376614218,-0.0187258495539,-0.00135735155832,-0.0316666271756,5.37144841808e-05,0.0134656514937,-0.00161411495385,0.573893341807,0.818915855656,0.00200012175259,0.0,0.818873266301,-0.573834459067,-0.0118884072113,0.0,-0.00858803172606,0.00846068687023,-0.999927328604,0.0,0.661395373405,0.260506299552,0.303260023547,1.0,-0.00378,-0.004968,0.19
0.464796820436,0.545737152578,-0.123992554054,-1.35903923733,0.0792595137632,1.89526398804,0.15882276641,-0.00267160368322,-0.0262414115923,-0.00104331557114,-0.0381030419984,-0.00178954212679,0.0129565023853,-0.0029830003099,0.57387520814,0.818928763241,0.00191653850212,0.0,0.818885579798,-0.573817154571,-0.0118754882078,0.0,-0.00862560227057,0.00838463543975,-0.999927645819,0.0,0.661313880107,0.260391292734,0.303236676856,1.0,-0.00418,-0.00549371428571,0.21
0.464733349243,0.545405299917,-0.123995636031,-1.35963176821,0.0792503378582,1.89545072568,0.158748962503,-0.00192891725479,-0.0263499672869,-0.000211170867448,-0.0413615373131,-0.000517693825237,0.0147356928303,-0.00326436530593,0.573899403024,0.818911921857,0.00186717698625,0.0,0.818867818255,-0.573841284224,-0.0119341379399,0.0,-0.00870171213137,0.00837812708928,-0.999927040935,0.0,0.66124145859,0.260292737643,0.303205898519,1.0,-0.00448,-0.005888,0.225
0.464685358825,0.544999181666,-0.123993138843,-1.36029142806,0.0792288161801,1.89567969868,0.158679216913,-0.000526085377476,-0.0284091892386,-0.000198051799869,-0.0421630904776,-0.00422630840388,0.0133499507929,-0.00155291914298,0.573910851186,0.818903922725,0.00185664701168,0.0,0.818859473829,-0.573852575607,-0.0119637156002,0.0,-0.00873186008111,0.0083866006666,-0.999926707088,0.0,0.661159314884,0.260201537852,0.303199170444,1.0,-0.0048,-0.00630857142857,0.241
0.46460232638,0.544545025042,-0.123998602303,-1.36105436444,0.0791978271295,1.89595276662,0.158565457552,-0.00286586353292,-0.0259224976986,-0.000199523036077,-0.0491392284242,-0.00505232393935,0.0129205701668,-0.00283851777487,0.573923808952,0.818894895905,0.0018324520618,0.0,0.818849998161,-0.573865507794,-0.011991929713,0.0,-0.00876871782602,0.00838311874599,-0.999926413746,0.0,0.66107486689,0.26007239261,0.303181327026,1.0,-0.00516,-0.00678171428571,0.259
0.464538406871,0.544018199667,-0.12400143292,-1.36190940473,0.0791441959379,1.89625641607,0.158479845947,-0.00426733056314,-0.0316440215825,-0.00072605162414,-0.0497155756623,-0.00761322520019,0.0115645775011,-0.001904242173,0.573941332512,0.818882666368,0.00180899366468,0.0,0.818837471218,-0.57388313891,-0.0120035622218,0.0,-0.00879152733968,0.00837077345764,-0.999926316885,0.0,0.660972824546,0.259945848628,0.303173547117,1.0,-0.00552,-0.00725485714286,0.277
0.464475231767,0.543592214857,-0.124001700668,-1.36259275896,0.0791101010499,1.89649086418,0.158367963686,-0.00390388908544,-0.029437615216,-0.000151494186018,-0.0551093740669,-0.00201774751492,0.0217011281588,-0.00452446314344,0.573930488828,0.818890299865,0.0017937898361,0.0,0.818844806252,-0.573872267643,-0.0120229199904,0.0,-0.00881621605476,0.00836931697331,-0.999926111704,0.0,0.660891863364,0.259838808224,0.303170017012,1.0,-0.0058,-0.00762285714286,0.291
0.464400381447,0.543077092022,-0.124002004979,-1.36341279815,0.0790655068348,1.89678747291,0.158278093329,-0.0025736091013,-0.0294216339641,0.000367591141069,-0.0511936802545,-0.000177499415481,0.016262458747,-0.00410976033591,0.573952104934,0.818875160378,0.00178881494522,0.0,0.818829541203,-0.573893845348,-0.0120326067743,0.0,-0.00882678285749,0.00837103567524,-0.999926004095,0.0,0.660797703541,0.259711503596,0.303169826717,1.0,-0.00612,-0.00804342857143,0.307
0.464324736883,0.542441069119,-0.124002689666,-1.364394326,0.0790134230022,1.89714142769,0.158139715736,-0.00210924069307,-0.0395885686683,0.00119738360019,-0.0536892466367,-0.000825368378429,0.0240956591392,-0.00850412005298,0.573941801005,0.818882357528,0.00180013636083,0.0,0.818836799002,-0.573883410324,-0.0120363971655,0.0,-0.00882349477284,0.00838237074885,-0.999925938158,0.0,0.660681532151,0.259568563051,0.303183198551,1.0,-0.00648,-0.00851657142857,0.325
0.464230169999,0.541795192789,-0.124005224929,-1.36540858635,0.0789469470837,1.89751792435,0.158004687893,-0.00298247616857,-0.0410470103399,-0.000231431927358,-0.0568687118662,-0.00210604890614,0.0233121562865,-0.0108839129335,0.573949024798,0.818877288099,0.00180301713126,0.0,0.818831820272,-0.573890671067,-0.0120289099,0.0,-0.00881563613459,0.00838051025684,-0.999926023067,0.0,0.66056853158,0.259407501157,0.303189863115,1.0,-0.00684,-0.00898971428571,0.343
0.464146093303,0.541171080877,-0.124008314682,-1.36635931071,0.0788890216413,1.89787746928,0.15788098722,-0.00798152003258,-0.0420201991968,-0.000617488156809,-0.060805938666,-0.00332054238489,0.0300259786555,-0.00498332231201,0.573956029538,0.818872319135,0.0018297575193,0.0,0.818827223253,-0.573897580322,-0.0120121880477,0.0,-0.00878652403941,0.00839288461571,-0.999926175517,0.0,0.660463000543,0.259260549482,0.30320984409,1.0,-0.00716,-0.00941028571429,0.359
0.464048195026,0.54038463409,-0.124010631123,-1.36756231974,0.0788272243577,1.89831502971,0.157725683153,-0.00419855002751,-0.0426334582169,0.000563955539529,-0.0647875055905,-0.00187599924951,0.0186474902136,-0.0114700350943,0.57396069874,0.818868993326,0.00185336767878,0.0,0.818824094495,-0.573902040373,-0.0120123782866,0.0,-0.00877308153156,0.00841237711056,-0.999926129747,0.0,0.66032247127,0.259081778566,0.30323114357,1.0,-0.00754,-0.00990971428571,0.378
0.463954258773,0.539774689989,-0.124014096769,-1.36850407321,0.0787693502693,1.89867592331,0.15760369951,-0.00930161911806,-0.0399601590552,-0.000465568534536,-0.0631603818871,-0.00493154631284,0.0194964963556,-0.0112493607152,0.57397686805,0.818857608059,0.00187605107594,0.0,0.818813040796,-0.573918144111,-0.011996457094,0.0,-0.00874685881359,0.00842198610605,-0.999926278588,0.0,0.660221184324,0.258929093591,0.303245317366,1.0,-0.00782,-0.0102777142857,0.392
0.463842531664,0.538981347399,-0.124019445041,-1.36973453476,0.078694616254,1.89914174315,0.157464998621,-0.00875103779477,-0.0415628892316,-0.000590735729332,-0.0673134976676,-0.00794034093076,0.0262842065982,-0.00973999293034,0.574006596526,0.818836718635,0.00189796248857,0.0,0.818792472303,-0.573947809029,-0.0119810981054,0.0,-0.00872139956034,0.00843142907564,-0.99992642139,0.0,0.66008466024,0.258736113373,0.303260709497,1.0,-0.00818,-0.0107508571429,0.41
0.463740635508,0.53823305256,-0.124022639193,-1.37087736773,0.0786389451081,1.89958521071,0.157312762413,-0.00477315592392,-0.0448518408796,0.0010646600477,-0.0734140075287,-0.00317471269415,0.0229071205046,-0.001548869307,0.574015916604,0.818830073692,0.00194545740601,0.0,0.818786357511,-0.573956839858,-0.0119663542976,0.0,-0.00868196934133,0.00846195473256,-0.999926506665,0.0,0.659958430456,0.258562258233,0.303283869566,1.0,-0.0085,-0.0111714285714,0.426
0.463638040646,0.537490580911,-0.124024402705,-1.37206797044,0.0785654990432,1.90002978401,0.157172175295,-0.0064364176822,-0.0487698320291,0.000681993099691,-0.0726115879131,-0.00140949502804,0.0217122737016,-0.0133149757593,0.574032047863,0.818818778436,0.00193984760859,0.0,0.818775003254,-0.573973006595,-0.0119678172045,0.0,-0.00868622053636,0.00845837220026,-0.999926500055,0.0,0.659821791961,0.258380238857,0.303280087285,1.0,-0.00882,-0.011592,0.442
0.46352795632,0.536642971948,-0.12403572989,-1.37337911249,0.0784887850282,1.90052627596,0.157017036353,-0.0079402580546,-0.04939775866,0.00047654518619,-0.0793072256817,-0.00291954650712,0.0338741755332,-0.012182465469,0.574054781996,0.818802778666,0.00196565980285,0.0,0.818759376962,-0.573995665378,-0.0119501324463,0.0,-0.00865668811405,0.00846959613773,-0.999926661157,0.0,0.659674375304,0.258177808493,0.303297837885,1.0,-0.00916,-0.0120388571429,0.459
0.463404711203,0.53567925352,-0.124041978227,-1.37491036357,0.0784034665549,1.90107938551,0.156825312475,-0.00956433730374,-0.0511820750665,-0.000806556663749,-0.0809514981317,-0.00691692559276,0.0272824467336,-0.0103735493054,0.574057194566,0.818801094479,0.00196263831076,0.0,0.818757560687,-0.573997999678,-0.0119624447595,0.0,-0.00866847929231,0.0084742155895,-0.999926519869,0.0,0.65948262293,0.25793891997,0.303299142299,1.0,-0.00956,-0.0125645714286,0.479
0.463306274271,0.534923830107,-0.124037389824,-1.37609594435,0.0783367117759,1.90150942126,0.156675334711,-0.0100427616542,-0.0540935366518,0.00355985871638,-0.0842490920289,-8.75443257546e-05,0.0324146695476,-0.019077757486,0.574065950508,0.818794964547,0.00195892845479,0.0,0.818751306481,-0.574006696005,-0.0119732191903,0.0,-0.00867934063658,0.00847745590407,-0.999926398185,0.0,0.659350824593,0.257772828037,0.303303214394,1.0,-0.00982,-0.0129062857143,0.492
0.463161190648,0.533871301579,-0.124038206766,-1.37783437333,0.0782320720668,1.90214366321,0.156457660221,-0.00597349090927,-0.0525899106667,0.000475241276483,-0.0877802274511,-0.00885748162439,0.0344030879154,-0.0141706217367,0.574074230016,0.818789268088,0.00191305961699,0.0,0.818744970084,-0.574015129043,-0.0120021870413,0.0,-0.00872930484626,0.0084566170392,-0.999926139705,0.0,0.659144069105,0.257510274345,0.303273255952,1.0,-0.01022,-0.013432,0.512
0.463048639739,0.533056704773,-0.124035000725,-1.37915853867,0.0781704877993,1.90264619689,0.156295885758,-0.00697757925865,-0.056923509912,0.000650103983337,-0.0876133762199,-0.00544415122804,0.0359514096574,-0.0106497537775,0.574087697728,0.818779818312,0.0019160748997,0.0,0.818735370779,-0.574028399157,-0.0120223333312,0.0,-0.00874393084103,0.00847079504592,-0.999925891906,0.0,0.658989103897,0.257315587796,0.303260946575,1.0,-0.01052,-0.0138262857143,0.527
0.462921572398,0.532154254422,-0.124039663556,-1.38061956915,0.0780848212768,1.90317834648,0.15611327256,-0.00889052439681,-0.0532469600846,-0.000244142133359,-0.0912338281346,-0.00571931837912,0.0296548630215,-0.00823514726754,0.574102212222,0.818769695247,0.00189287302065,0.0,0.818724908227,-0.574042976731,-0.0120387879864,0.0,-0.00877057316815,0.00846140001376,-0.999925738121,0.0,0.658816995343,0.257089822693,0.30324806676,1.0,-0.01084,-0.0142468571429,0.543
0.462791528247,0.531146746926,-0.124040376768,-1.38222988391,0.0779753130242,1.90376416305,0.15590731086,-0.00774584109117,-0.0592553910212,-0.000661583299802,-0.0898711974323,-0.000437498073878,0.0311826595884,-0.0110976357408,0.574098743868,0.818772177781,0.0018708509163,0.0,0.81872717851,-0.574039676998,-0.0120417316529,0.0,-0.00878566134519,0.00844502210087,-0.999925744121,0.0,0.658624318399,0.25684787515,0.303242473542,1.0,-0.01118,-0.0146937142857,0.56
0.462642497221,0.53009974794,-0.124041084133,-1.38388790791,0.0778799176503,1.90434964062,0.155691734096,-0.0118521550496,-0.0611607086751,-0.000155454952068,-0.0942662197484,-0.00845691862466,0.0315442279078,-0.0117229287049,0.574109057691,0.818764988736,0.0018520255365,0.0,0.818719635724,-0.57404996831,-0.0120639490042,0.0,-0.0088145535775,0.00844247461124,-0.99992551136,0.0,0.658425104121,0.25659056756,0.303241758932,1.0,-0.01152,-0.0151405714286,0.577
0.462508954154,0.529104993894,-0.124049571935,-1.38544444505,0.0777753602036,1.90493116902,0.15547175227,-0.0125747079921,-0.0618795378595,-0.000662506861012,-0.0947054487965,-0.0085990137051,0.0327497048168,-0.014273836776,0.574100574643,0.818770917437,0.00186060601918,0.0,0.818725798732,-0.574041565958,-0.0120454947772,0.0,-0.00879460494026,0.00843881409597,-0.999925717911,0.0,0.65824530756,0.256348573069,0.303252189884,1.0,-0.01184,-0.0155611428571,0.593
0.462349472142,0.527887913538,-0.124044263712,-1.38735410444,0.0776644381547,1.905677048,0.155212759083,-0.00613012445869,-0.0665418204074,0.00167152166705,-0.103564146516,-0.00169164139283,0.0436135692337,-0.0166453546283,0.574089152774,0.818778817758,0.00190765804457,0.0,0.818734269677,-0.574029899316,-0.0120256911669,0.0,-0.00875149693453,0.00846584686323,-0.999925867621,0.0,0.658024880425,0.256068654163,0.303264666746,1.0,-0.01222,-0.0160605714286,0.612
0.46222033082,0.526845103746,-0.124052504973,-1.3889218138,0.0775609660062,1.9062701261,0.154997042178,-0.0109047556839,-0.0669592647446,-0.000767490043242,-0.10500580897,-0.00283680400225,0.0359244577149,-0.00811164030843,0.574080873244,0.818784500971,0.00195929744575,0.0,0.818740745175,-0.574021515182,-0.0119849572352,0.0,-0.0086885856227,0.00848465472204,-0.999926256838,0.0,0.657843861275,0.255830018444,0.303304067143,1.0,-0.01252,-0.0164548571429,0.627
0.462062598709,0.525613535517,-0.124058771151,-1.39086679497,0.077443909963,1.90698480015,0.154736057737,-0.0115283280597,-0.0644982916651,-0.00142486487089,-0.108355535555,-0.00228191307703,0.0431744767406,-0.0184817742241,0.574074025386,0.81878930343,0.00195879244814,0.0,0.818745524786,-0.574014654436,-0.0119870361839,0.0,-0.00869064875885,0.00848536203492,-0.999926232907,0.0,0.657610649908,0.255537501683,0.303306966496,1.0,-0.01288,-0.016928,0.645
0.461915209001,0.524490020528,-0.12405917956,-1.39262332438,0.0773245942541,1.90760711817,0.154493329303,-0.0117515319238,-0.0682747417329,-0.000240351409296,-0.112723587259,-0.00706389330238,0.0355577131091,-0.0222474926244,0.574058253154,0.818800398077,0.00194344949241,0.0,0.818756469451,-0.573998998204,-0.0119891907086,0.0,-0.00870138359171,0.00847386886812,-0.999926237015,0.0,0.657395960515,0.255269586242,0.303315009018,1.0,-0.0132,-0.0173485714286,0.661
0.461753022691,0.523288458241,-0.124062800694,-1.39452911178,0.07720043338,1.90831158141,0.154238821002,-0.0119770913298,-0.0740285196655,-0.00082793449635,-0.11568735889,-0.00355156903621,0.041709663838,-0.02058874734,0.574053926148,0.818803446456,0.00193722683436,0.0,0.818759498241,-0.57399475812,-0.0119853490482,0.0,-0.00870185459713,0.00846652255507,-0.999926295145,0.0,0.657168820355,0.254978187307,0.303313838032,1.0,-0.01354,-0.0177954285714,0.678
0.461602540249,0.522143886974,-0.12406762414,-1.39637108237,0.077109098445,1.90902942781,0.153991100509,-0.0131261679107,-0.0700025959577,-0.000109930746803,-0.11477523824,-0.00682168546625,0.0394983491527,-0.014725228619,0.574052086517,0.818804677382,0.00196192868585,0.0,0.818760905074,-0.573992671231,-0.0119891866732,0.0,-0.00869083676438,0.00848893157013,-0.999926200975,0.0,0.656952771095,0.254706788699,0.303303947739,1.0,-0.01386,-0.018216,0.694
0.46143211466,0.520799859321,-0.12406869777,-1.39849295107,0.0769669846867,1.90983350633,0.153689257819,-0.0110483543609,-0.0763884677737,-0.00289221942821,-0.117707458425,-0.00654786303313,0.0393621335613,-0.0153561987926,0.574020194726,0.818827003214,0.00197528613896,0.0,0.818783518682,-0.573960838038,-0.0119688276372,0.0,-0.00866682924181,0.00848784392351,-0.999926418581,0.0,0.656699524875,0.254391617483,0.303307901371,1.0,-0.01422,-0.0186891428571,0.712
0.461270110107,0.519558666451,-0.124077118774,-1.40043460286,0.0768445054675,1.91053085785,0.153448714899,-0.0132493715774,-0.0732293659378,0.00362865472223,-0.121293874959,-0.00160084435179,0.0392933320733,-0.0176730851248,0.574025528199,0.818823298836,0.00196090793601,0.0,0.818779620384,-0.573966225219,-0.0119771637807,0.0,-0.00868185298412,0.00848091250483,-0.999926347064,0.0,0.656446962807,0.254074760855,0.303310616896,1.0,-0.01456,-0.019136,0.729
0.461109198591,0.518293929767,-0.124078380286,-1.40241379429,0.0767076734411,1.91123712615,0.153173188322,-0.0108380701938,-0.0795686969509,0.000524262335759,-0.124134518838,-0.00990670381656,0.0421559707652,-0.0166379292135,0.574006817944,0.818836434062,0.00195297382049,0.0,0.818792761059,-0.573947657128,-0.0119686347138,0.0,-0.00867961653042,0.00846932181463,-0.999926464719,0.0,0.656217284284,0.253794957792,0.30332294868,1.0,-0.01486,-0.0195302857143,0.744
0.460912206792,0.516848362393,-0.124076226703,-1.40467359664,0.0765684480123,1.9120511598,0.152857390569,-0.00960331815256,-0.0810343100887,0.00163160456808,-0.124985703594,-0.00845922539782,0.0559339139176,-0.0216524137281,0.573989847638,0.818848329752,0.00195309318382,0.0,0.818804590185,-0.573930621958,-0.0119762754137,0.0,-0.0086859803655,0.00847362530752,-0.999926372999,0.0,0.655939620175,0.253450524716,0.303332067505,1.0,-0.01522,-0.0200034285714,0.762
0.460720850301,0.515474588632,-0.124087215433,-1.40684950106,0.0764340212824,1.91289416545,0.152565365229,-0.0104411803866,-0.0845702477268,-0.000414173829917,-0.132313974343,-0.00327465770715,0.0492549113276,-0.0148116458527,0.573994034222,0.81884532645,0.00198164844572,0.0,0.818802043879,-0.573934770714,-0.0119515189813,0.0,-0.00864927504085,0.00848284171376,-0.999926613026,0.0,0.655686189996,0.253113877879,0.303333273224,1.0,-0.01556,-0.0204502857143,0.779
0.460554936357,0.514251101255,-0.124084799598,-1.40883191913,0.0763174554101,1.91358930959,0.152286782161,-0.00970567639655,-0.0788596370235,-0.00110622733031,-0.125743751885,-0.00182003441805,0.0454143691362,-0.0182624292719,0.573979143942,0.818855885063,0.00193098872033,0.0,0.818811798825,-0.573919956664,-0.0119945132873,0.0,-0.00871371259706,0.00846587981068,-0.999926197322,0.0,0.6554191276,0.252793284025,0.303308893402,1.0,-0.01588,-0.0208708571429,0.795
0.460345197233,0.512751146567,-0.124086518436,-1.41123918208,0.0761748297157,1.91441864227,0.151957052543,-0.0125503150243,-0.0820743461971,0.000767841385366,-0.134955414027,-0.0121655059713,0.0460635363686,-0.0114358103397,0.573963159844,0.818867236208,0.00186748709882,0.0,0.818822141881,-0.573904075368,-0.0120482008009,0.0,-0.0087942877517,0.0084445257716,-0.999925672481,0.0,0.655127422988,0.252444599495,0.30328483368,1.0,-0.01622,-0.0213177142857,0.812
0.460141345744,0.511309966592,-0.124097922326,-1.41353081463,0.0760352944736,1.91529973536,0.151626820524,-0.0132405442167,-0.0913816845669,0.000406441857398,-0.140975242735,-0.0151969498615,0.0574470550406,-0.0178456687194,0.573950240817,0.818876242435,0.00188879401297,0.0,0.818831479249,-0.573891116248,-0.0120308845903,0.0,-0.0087680122734,0.00845189582865,-0.999925840959,0.0,0.654856805607,0.252088629841,0.303280212916,1.0,-0.01656,-0.0217645714286,0.829
0.459938122883,0.509750991695,-0.124102643268,-1.41601839547,0.0758741954003,1.91623537883,0.151277194727,-0.0122354445531,-0.0835594808628,0.000526819223138,-0.145184730382,-0.00892410970788,0.0577974844541,-0.0174231593039,0.573919925221,0.818897494319,0.00188683172746,0.0,0.818852779948,-0.573860884649,-0.0120231751907,0.0,-0.00876313783069,0.00844553981452,-0.999925937394,0.0,0.654551946741,0.251715606917,0.303268805712,1.0,-0.01692,-0.0222377142857,0.847
0.459746032708,0.508336075617,-0.124106774095,-1.41824317409,0.075738059973,1.91702462657,0.150965808022,-0.0117281939415,-0.0900968781075,0.00012556641278,-0.141349578206,-0.0102591232384,0.0540452335373,-0.0273410322145,0.573903765619,0.818908859511,0.00186936459302,0.0,0.818863841852,-0.573844730428,-0.0120407959731,0.0,-0.00878775866857,0.00844117574128,-0.999925758169,0.0,0.654271576855,0.25137372715,0.303268427367,1.0,-0.01724,-0.0226582857143,0.863
0.459534306161,0.506798817885,-0.124104383134,-1.42064950042,0.0755855023533,1.91790448983,0.150640072991,-0.00894238153876,-0.0881469354668,0.000874279304674,-0.137065589386,-0.00960267039656,0.0559429365468,-0.0126540373203,0.573891947214,0.818917126224,0.00187621983903,0.0,0.818872171604,-0.573832858217,-0.0120401123311,0.0,-0.00878338670411,0.00844627034122,-0.999925753561,0.0,0.653972520815,0.251006438368,0.303274354474,1.0,-0.01758,-0.0231051428571,0.88
0.459328292144,0.505286423066,-0.124115626411,-1.42297372502,0.0754369882279,1.91880007366,0.15032402198,-0.0107038328776,-0.0927712586361,8.61420831823e-06,-0.136901919713,-0.00187028134194,0.0565840731418,-0.0160345466818,0.573889838374,0.818918455096,0.0019401587918,0.0,0.818874456711,-0.573830592209,-0.0119926015899,0.0,-0.00870780795039,0.00847134176426,-0.999926202502,0.0,0.653696105385,0.250646065886,0.303303195382,1.0,-0.0179,-0.0235257142857,0.896
0.459092268295,0.50362271077,-0.124119144337,-1.42545199325,0.0752798310424,1.91973142172,0.149968439863,-0.0142931971998,-0.10014199863,-0.000534522364439,-0.140783735967,-0.00455731998237,0.0475053106691,-0.0265100950706,0.573879344961,0.818925573338,0.00203707207081,0.0,0.818882886988,-0.573819740739,-0.0119360562051,0.0,-0.00860599519567,0.0085181435754,-0.999926686351,0.0,0.653399086301,0.250255459948,0.303366640906,1.0,-0.01824,-0.0239725714286,0.913
0.458862113536,0.50193477225,-0.124124867279,-1.42796567126,0.0751177296465,1.92065867878,0.149624310049,-0.0162335467552,-0.0994782137669,-0.0003978535016,-0.152107036524,-0.0154352706585,0.0489903547362,-0.0268809342616,0.573874855825,0.818928509645,0.00211963263706,0.0,0.818886956131,-0.57381497203,-0.0118860361301,0.0,-0.00851770090342,0.00855700153758,-0.999927110592,0.0,0.653091565768,0.249862576434,0.303429207143,1.0,-0.01858,-0.0244194285714,0.93
0.458646045461,0.500315622332,-0.124120242875,-1.43042224501,0.0749594967369,1.92151758902,0.149280039778,-0.0074680054855,-0.102347782561,-0.00134355916323,-0.152306871643,-0.00330009357728,0.0584940090959,-0.0169040026027,0.573848693114,0.818946794631,0.00213819460733,0.0,0.818905411805,-0.573788666365,-0.0118844338455,0.0,-0.00850601093867,0.00857101098458,-0.999927090116,0.0,0.65277516714,0.249486986335,0.303464104648,1.0,-0.0189,-0.02484,0.946
0.458404713176,0.498637974476,-0.124118473978,-1.43303627084,0.0747979557865,1.9224903936,0.148911200187,-0.0183904476359,-0.0975975105799,-0.00293989897889,-0.152148609908,-0.00977101457888,0.0619660400282,-0.0233875893702,0.573832363096,0.81895815681,0.00216872304232,0.0,0.818917127361,-0.573772171476,-0.0118735274894,0.0,-0.00847973251937,0.00858958415751,-0.999927153937,0.0,0.65245111517,0.249082524103,0.303474313442,1.0,-0.01924,-0.0252868571429,0.963
0.458143758734,0.496964560831,-0.124125875066,-1.43570304556,0.0746375338967,1.92344748629,0.148515353148,-0.0115706550754,-0.0972456801638,-0.000823019911228,-0.155782254893,-0.0151367950001,0.0568174795854,-0.0268019844278,0.573818957643,0.818967628659,0.00213868166937,0.0,0.818926104075,-0.573758783437,-0.0119013190415,0.0,-0.00851987167445,0.0085807899411,-0.999926888243,0.0,0.652116718381,0.248652873152,0.303454823875,1.0,-0.01958,-0.0257337142857,0.98
0.457892488654,0.495384280149,-0.124122637406,-1.43826424763,0.0744818708506,1.92432263305,0.148150327192,-0.0119976226421,-0.0977782799493,0.000405698676438,-0.156299560735,-0.0114320306722,0.0562041356482,-0.0178966543142,0.573810378424,0.818973860839,0.00205226141207,0.0,0.818931002121,-0.573750352808,-0.0119705187172,0.0,-0.00862622230237,0.0085496329768,-0.999926243312,0.0,0.651782762653,0.248242493661,0.303412686561,1.0,-0.0199,-0.0261542857143,0.996
0.457588420205,0.493427492072,-0.124145513034,-1.44141106446,0.0742849226682,1.92546981891,0.14769887485,-0.013938004125,-0.111839044286,-0.00369728286305,-0.174914304821,-0.0153008828445,0.0653578852098,-0.0244383598094,0.573811113777,0.818973455077,0.00200810521669,0.0,0.81893004853,-0.573751301205,-0.0119902828211,0.0,-0.00866773724915,0.00852481937184,-0.999926096162,0.0,0.651390854884,0.247729791994,0.303377747907,1.0,-0.02318,-0.0304651428571,1.015
0.457312774091,0.491462600786,-0.124192006444,-1.44450360746,0.0740893274914,1.92663321364,0.147253531812,-0.0196577110928,-0.129329469468,-0.0023284934202,-0.206255817453,-0.0067177118291,0.0793923734143,-0.0340805455286,0.573807710276,0.818975800834,0.00202390131284,0.0,0.818932816438,-0.573748044786,-0.0119570132575,0.0,-0.00863146126942,0.00851862961135,-0.999926462709,0.0,0.651012090091,0.247229709441,0.303375443892,1.0,-0.0268371428571,-0.0352716734694,1.031
0.456959453798,0.489221363311,-0.124191767868,-1.44811859078,0.0738841221502,1.92789678345,0.146736741997,-0.028049109558,-0.142934788795,0.000578907719041,-0.237020291384,-0.00910950219003,0.0827621697573,-0.0342973459867,0.57379830789,0.818982587214,0.00194180435348,0.0,0.818938156415,-0.573738624787,-0.0120429770458,0.0,-0.00874906878601,0.00850062119148,-0.999925593849,0.0,0.650540652992,0.246653769543,0.303323104361,1.0,-0.0304942857143,-0.0400782040816,1.047
0.456521411582,0.486458482183,-0.124223972849,-1.45239537703,0.0736195373109,1.92953859784,0.146115127628,-0.0236229853049,-0.174239831635,-0.00356328611626,-0.263250656512,-0.0130806490812,0.09584584894,-0.0364935384649,0.573805705274,0.818977126745,0.00205556914965,0.0,0.818934306415,-0.57374566173,-0.0119693075699,0.0,-0.00862338126752,0.00855159771239,-0.999926251017,0.0,0.649993427166,0.245907511305,0.303356014823,1.0,-0.0346085714286,-0.0454855510204,1.065
0.456036271681,0.483380253848,-0.124272338586,-1.45714203076,0.0733261203693,1.93124430631,0.145381165978,-0.0268577409091,-0.181816941095,-0.00165978749101,-0.287870722603,-0.0198094126572,0.1044966825,-0.0484105668573,0.57379714081,0.818983100151,0.00206634105839,0.0,0.818940475131,-0.57373710796,-0.0119572590332,0.0,-0.00860742224895,0.00855341605307,-0.999926372968,0.0,0.649429901257,0.245151561463,0.30337717249,1.0,-0.0382657142857,-0.0502920816327,1.081
0.455517537495,0.480160599441,-0.124335173198,-1.46216005552,0.0730290467797,1.93300305542,0.144618103409,-0.0350849473936,-0.201846276307,-0.00479318841307,-0.318854039066,-0.0224409493851,0.113148093759,-0.0450580330053,0.57380720846,0.818976132264,0.00203204372851,0.0,0.818932943278,-0.573747202131,-0.0119887180862,0.0,-0.00865276115765,0.00854348489806,-0.999926066562,0.0,0.648789203025,0.244297839268,0.303375677462,1.0,-0.0419228571429,-0.0550986122449,1.097
0.454870881852,0.476178627672,-0.124379125537,-1.46822978409,0.072653085061,1.9352161475,0.143758442268,-0.039037052054,-0.228601656321,-0.00463769960432,-0.339050169709,-0.0212214078527,0.128714545526,-0.0529560582615,0.573856922607,0.8189410398,0.00213368400955,0.0,0.818899186711,-0.573796498933,-0.0119351044079,0.0,-0.00855001101359,0.00859647989548,-0.999926496221,0.0,0.648026169088,0.243276452055,0.303437387742,1.0,-0.0460371428571,-0.0605059591837,1.115
0.454186958834,0.47213290082,-0.124419715872,-1.47448039068,0.0722810930524,1.93745489737,0.142834373962,-0.0462482074642,-0.247926540664,-0.00628022191641,-0.379396190872,-0.0274337796792,0.127673392897,-0.0576824222418,0.573889322376,0.818918243774,0.00216854290168,0.0,0.818876608962,-0.573828514136,-0.0119449805799,0.0,-0.00853775514554,0.00863103204262,-0.999926303296,0.0,0.647226551469,0.242215695449,0.303455659367,1.0,-0.0499228571429,-0.0656128979592,1.132
0.453510473981,0.467998640255,-0.124440911022,-1.48068772985,0.0718948416103,1.93978066923,0.141837747967,-0.0393867992081,-0.270751322039,0.000875768697207,-0.395803540818,-0.0235106154879,0.15386325599,-0.0612252916599,0.573833375705,0.818956850311,0.0023835177929,0.0,0.818918023933,-0.573771731764,-0.0118328698385,0.0,-0.0083231749283,0.00874216963855,-0.999927146961,0.0,0.64644523065,0.24118177056,0.303558346025,1.0,-0.05358,-0.0704194285714,1.148
0.452717560884,0.463341648359,-0.124448268127,-1.48785492593,0.071421395631,1.94229485364,0.14072189717,-0.0514854759442,-0.283336962905,0.000173188839268,-0.439525945457,-0.0272292515772,0.151493157033,-0.0711952338932,0.573781801799,0.818992990972,0.0023815045884,0.0,0.818953997996,-0.57372002475,-0.0118502855422,0.0,-0.00833914448308,0.00874998935857,-0.999926945509,0.0,0.645497603816,0.239974827321,0.303576543376,1.0,-0.0574657142857,-0.0755263673469,1.165
0.451823757019,0.458081180439,-0.124472767935,-1.49595546843,0.0708826534581,1.94508988633,0.139517999516,-0.0482952200815,-0.303779762295,-0.00287715247031,-0.460662073963,-0.0315839985405,0.161975882727,-0.0694814912979,0.573774241924,0.81899842352,0.00233419724525,0.0,0.818958662753,-0.573712491844,-0.0118925314692,0.0,-0.0084009681516,0.00873540746654,-0.999926555498,0.0,0.644409351445,0.238600883793,0.303585358886,1.0,-0.06158,-0.0809337142857,1.183
0.450960797265,0.453190596574,-0.124486774767,-1.50352232466,0.0703733448742,1.94780696066,0.138314081228,-0.053748587851,-0.307088601619,-0.00221999161791,-0.475269734691,-0.0277035178205,0.164284730417,-0.0762224885618,0.573713077928,0.81904121128,0.00235485478302,0.0,0.819001730741,-0.573651266122,-0.0118801018885,0.0,-0.0083795889461,0.0087445683235,-0.999926654817,0.0,0.643408025826,0.237311972044,0.303580739334,1.0,-0.0652371428571,-0.085740244898,1.199
0.449971845334,0.44759607951,-0.124530305969,-1.51182395362,0.0698105053725,1.9509209314,0.137042946016,-0.0608026981405,-0.336545937919,-0.003346903533,-0.501167987658,-0.0403045355264,0.186388767212,-0.072894455784,0.573736067338,0.819024122301,0.00267563575824,0.0,0.818989252113,-0.573673539506,-0.011662842479,0.0,-0.0080173622481,0.00888288132944,-0.999928405598,0.0,0.642346873045,0.23586697565,0.303737521421,1.0,-0.0691228571429,-0.0908471836735,1.216
0.448928623029,0.441830397715,-0.124555211098,-1.52082219864,0.0691994069068,1.95392776109,0.135669688066,-0.0588175939863,-0.350265316005,-0.00379521594014,-0.535166862368,-0.032789939256,0.194144277815,-0.0799677327531,0.573716814017,0.819038241192,0.00247460718649,0.0,0.8190004313,-0.573654660282,-0.0118055567,0.0,-0.008249791285,0.00879992015639,-0.999927248528,0.0,0.641089258745,0.234307450967,0.303663645367,1.0,-0.0730085714286,-0.095954122449,1.233
0.44785906807,0.436130267492,-0.124577357544,-1.52965420031,0.0686101088444,1.95692599545,0.134214033703,-0.0666922598016,-0.36303025989,-0.000540452796601,-0.551211095713,-0.0348848270755,0.194438214624,-0.0961605647616,0.573642761015,0.81909044797,0.0023595930748,0.0,0.819050765127,-0.573580664038,-0.0119085215953,0.0,-0.00840090106886,0.00876403245564,-0.999926305583,0.0,0.639861016393,0.232756756482,0.303615287928,1.0,-0.0766657142857,-0.100760653061,1.249
0.446632239872,0.429756437091,-0.124609155403,-1.53917954304,0.0679413960066,1.96041400701,0.132676779596,-0.0715759598779,-0.369155385167,-0.000870138724763,-0.579699124872,-0.0424864817895,0.194272614221,-0.0969249106301,0.573639649302,0.819091848653,0.00261593582451,0.0,0.819055899921,-0.573577011086,-0.0117299641842,0.0,-0.00810763349391,0.00887154101648,-0.999927778412,0.0,0.638598196303,0.231049806887,0.303729598303,1.0,-0.0805514285714,-0.105867591837,1.266
0.445314408333,0.423181657202,-0.124700001182,-1.54930634839,0.0672134630417,1.96379088358,0.131001912315,-0.0813946384299,-0.39286905045,-0.0101257304026,-0.600887056833,-0.0412264386533,0.204709255275,-0.0991832576368,0.573641953399,0.819090805477,0.00243075807933,0.0,0.81905256317,-0.573580121324,-0.0118105922243,0.0,-0.00827987239729,0.00876613860499,-0.999927296621,0.0,0.637181763658,0.229170637673,0.303677285633,1.0,-0.0844371428571,-0.110974530612,1.283
0.443996607631,0.416676310494,-0.12480910013,-1.55911674991,0.0665067583467,1.96716096717,0.129454163448,-0.0828667441962,-0.408066507072,-0.00325329286439,-0.605649714645,-0.0398151838664,0.220469490069,-0.0972182532574,0.573747338511,0.81901694985,0.00244424014382,0.0,0.81897927164,-0.573685855086,-0.0117575167435,0.0,-0.00822753790973,0.00874779437393,-0.999927889257,0.0,0.635829166104,0.22732324604,0.303717176533,1.0,-0.0880942857143,-0.115781061224,1.299
0.442497738909,0.409566815873,-0.124842527842,-1.56983342894,0.0657903168951,1.97091684111,0.127611176417,-0.092109575302,-0.416089407818,-0.000738207786196,-0.643331075464,-0.0398384119916,0.217006748695,-0.105116205738,0.573732125728,0.819027213333,0.00257266981912,0.0,0.8189909135,-0.573669861845,-0.0117268971622,0.0,-0.00812894127139,0.0088352609485,-0.999927926642,0.0,0.634339129955,0.225336232757,0.30375528491,1.0,-0.09198,-0.120888,1.316
0.440901699555,0.402256873665,-0.124916749354,-1.58105538699,0.0650018178052,1.97460835639,0.125763919229,-0.0974028953297,-0.426100961881,-0.00594792920759,-0.659031593671,-0.045002358321,0.228041992883,-0.109227734598,0.573811954619,0.818971894684,0.00237136145772,0.0,0.818932632361,-0.573750069199,-0.0118721796578,0.0,-0.00836257367339,0.00875455244816,-0.999926709901,0.0,0.632720122099,0.223198825354,0.303671985974,1.0,-0.0958657142857,-0.125994938775,1.333
0.439334555325,0.39500451999,-0.125008833634,-1.59165910894,0.0642104211564,1.97842209365,0.123947838193,-0.100478476155,-0.450385834172,-0.00326901627423,-0.680690990849,-0.0483033024306,0.246853180283,-0.119805669842,0.5738628292,0.818935228914,0.00270018656955,0.0,0.818901092703,-0.573800663009,-0.011599413844,0.0,-0.00794995284896,0.00886782891106,-0.999929077415,0.0,0.631165531433,0.221024443981,0.303830710068,1.0,-0.0997514285714,-0.131101877551,1.35
0.437583614995,0.38722693439,-0.125038809253,-1.60357785543,0.0633176658358,1.98227167726,0.121891542292,-0.0979724730292,-0.459697116867,-0.00567205432061,-0.71274626513,-0.0528020669597,0.218210645802,-0.12473860712,0.573834315607,0.818956139308,0.00240146273532,0.0,0.818917788957,-0.573772858547,-0.0117944319792,0.0,-0.00828138778302,0.00873481852853,-0.999927558157,0.0,0.629379170585,0.21873819558,0.30371008718,1.0,-0.103637142857,-0.136208816327,1.367
0.435651705926,0.378591565868,-0.125107272757,-1.61631937934,0.0623807870397,1.98656457807,0.119606713118,-0.107160878923,-0.481779460562,-0.00275594786266,-0.713160224207,-0.0439823880946,0.247221927326,-0.128224498118,0.573823683295,0.818963072122,0.0025717486293,0.0,0.818926941724,-0.573761608364,-0.0117058869161,0.0,-0.00811127464807,0.00882335926334,-0.999928175198,0.0,0.627621441511,0.216410100396,0.303813338137,1.0,-0.107522857143,-0.141315755102,1.384
0.433790670055,0.370793417232,-0.125147775198,-1.62803132452,0.0614839005463,1.99043562401,0.117520171751,-0.115834712389,-0.498800679507,-0.00108123409049,-0.736607526005,-0.0582018316997,0.242915633444,-0.122689198584,0.573840974745,0.818951173496,0.00250160633636,0.0,0.818914140542,-0.573779160977,-0.0117410284502,0.0,-0.00818011693517,0.00878625317589,-0.999927941125,0.0,0.625877409525,0.21409968412,0.303779531629,1.0,-0.11118,-0.146122285714,1.4
