position_joint1,position_joint2,position_joint3,position_joint4,position_joint5,position_joint6,position_joint7,velocity_joint1,velocity_joint2,velocity_joint3,velocity_joint4,velocity_joint5,velocity_joint6,velocity_joint7,ee_T_00,ee_T_10,ee_T_20,ee_T_30,ee_T_01,ee_T_11,ee_T_21,ee_T_31,ee_T_02,ee_T_12,ee_T_22,ee_T_32,ee_T_03,ee_T_13,ee_T_23,ee_T_33,v_x,v_y,time
0.465057791198,0.547663874742,-0.124072979499,-1.35584474072,0.0795062991513,1.89416227274,0.159116683141,0.000141081237687,-0.00118052095732,0.000218462648008,0.000944784517941,-0.000142044793616,-0.00069953282992,1.78147574055e-05,0.57384549591,0.81894920787,0.00207090666783,0.0,0.818908074384,-0.573786865795,-0.0117875040156,0.0,-0.00846527101274,0.00846025116501,-0.999928379104,0.0,0.66171301059,0.260836472477,0.303300067444,1.0,0.0,0.0,0.0
0.46506057623,0.547669500534,-0.124071798733,-1.35584474071,0.0795062996381,1.89416187463,0.159112817653,0.000122073843459,0.000515569866011,-7.60327498618e-05,0.00133232510707,-0.000233311297317,-0.000335880879825,-0.00266289145104,0.573839232426,0.818953609185,0.00206597010263,0.0,0.818912404386,-0.573780615355,-0.0117909408797,0.0,-0.008470983085,0.00845811585305,-0.999928348794,0.0,0.661711784195,0.260838896771,0.303296008346,1.0,-0.00024,-0.000315428571429,0.013
0.465060208425,0.547664319523,-0.124071679208,-1.3558528492,0.0795068963392,1.894162626,0.159122176357,0.00173277768957,0.00107267838182,-0.000590663924463,-0.0010963866467,-0.00118996726483,0.000963386381016,-0.000409659685947,0.573847711279,0.818947671176,0.00206471211905,0.0,0.81890643765,-0.573789085777,-0.0117931471694,0.0,-0.00847342427072,0.00845843940931,-0.999928325373,0.0,0.6617102469,0.260837975399,0.303295881582,1.0,-0.00058,-0.000762285714286,0.03
0.465064916827,0.547633499574,-0.124076548026,-1.35587235735,0.0795069095029,1.89416929252,0.159122985767,0.00163219883313,0.000494713676944,-0.00108545076877,-0.00166623196716,-9.72875634293e-05,-0.000101966538616,0.000908860710077,0.573848979344,0.818946744004,0.0020799742345,0.0,0.818905722273,-0.573790307109,-0.0117833949564,0.0,-0.00845666669511,0.00846535495607,-0.999928408714,0.0,0.661707810038,0.260836820323,0.303309169832,1.0,-0.00094,-0.00123542857143,0.048
0.465061963087,0.547548779859,-0.124069132454,-1.35596874381,0.0795063388289,1.89418821415,0.159115858708,0.00127618235416,-0.00544720776591,8.60979104573e-05,-0.00556083481744,0.000510188436693,-0.000316533011038,8.82651143755e-05,0.57384547474,0.818949168781,0.00209212176604,0.0,0.81890819895,-0.5737866491,-0.0117893981301,0.0,-0.0084546490396,0.00847871167574,-0.999928312609,0.0,0.661690825876,0.260830021999,0.303324704242,1.0,-0.00124,-0.00162971428571,0.063
0.465053116201,0.547412903699,-0.124068752699,-1.35615182402,0.0795009470576,1.89422554737,0.159117080427,-0.00121346312391,-0.0113288653128,-0.000529827898537,-0.0118034300855,-0.000118639364916,0.00758495222484,-0.000169776009033,0.573862044207,0.818937567795,0.00208834224441,0.0,0.81889645785,-0.573803140206,-0.0118023095947,0.0,-0.0084672203964,0.00848319690492,-0.999928168195,0.0,0.661662407599,0.260806098424,0.303337033537,1.0,-0.00158,-0.00207657142857,0.08
0.465036083622,0.547253807692,-0.12407133731,-1.35636718675,0.0795004416134,1.89431553505,0.159113043465,0.00048809001841,-0.00796152987816,0.000187274206271,-0.0148929300515,0.00013414217156,0.002332224294,-0.00191388636741,0.573886458055,0.818920370105,0.00212310844447,0.0,0.818879628059,-0.573827330069,-0.0117939356195,0.0,-0.0084401589716,0.00850711398086,-0.999928193786,0.0,0.661640241832,0.260775891196,0.303355122522,1.0,-0.00192,-0.00252342857143,0.097
0.465025748604,0.547067667732,-0.124071834634,-1.35658129751,0.0794966362724,1.89443379094,0.159098630094,0.00170800644304,-0.0113576842887,0.000812536966174,-0.0108487338392,0.000132632956958,0.00678043511518,-3.04205742032e-05,0.573894624636,0.81891443217,0.00220442728523,0.0,0.818874721029,-0.573835155029,-0.0117538510086,0.0,-0.00836058131861,0.00855078631994,-0.99992848981,0.0,0.661622671546,0.260753220624,0.30339533865,1.0,-0.00226,-0.00297028571429,0.114
0.464990588004,0.54681936012,-0.124074147785,-1.35688574141,0.0794880361366,1.89457904162,0.159082086734,-0.00318490535405,-0.0130463229144,-0.00126603045743,-0.0166177120939,0.000100836344984,0.00115130315488,0.000773352553505,0.573926373626,0.818891961006,0.00228489752477,0.0,0.818853266477,-0.573866567111,-0.0117148637748,0.0,-0.00828214092758,0.00859463055878,-0.999928766697,0.0,0.661598553759,0.260704220859,0.303438977029,1.0,-0.00264,-0.00346971428571,0.133
0.464971931616,0.54658884543,-0.12406907228,-1.35721936011,0.0794767716212,1.89469813943,0.159039918728,-0.00392685555901,-0.00941889705101,0.000139285296427,-0.0253292160553,-0.00478633635867,0.00385194264451,-0.00254167603606,0.57391920475,0.818896928546,0.00230515449817,0.0,0.818858386958,-0.573859209256,-0.011717378608,0.0,-0.0082726504893,0.00861258952554,-0.999928690735,0.0,0.661556184394,0.260664501819,0.303453590134,1.0,-0.00296,-0.00389028571429,0.149
0.464934241269,0.54632962349,-0.124071238673,-1.3576079192,0.0794629953754,1.89483556489,0.15894933043,-0.00104541235425,-0.0137862970654,9.24394763727e-05,-0.0246009152534,-0.00019090117644,0.0114100948215,-0.00155038346504,0.57389543729,0.818913549929,0.00231769320275,0.0,0.818875083398,-0.573835306625,-0.0117211586749,0.0,-0.00826880067012,0.00862478675185,-0.999928617447,0.0,0.661512364211,0.260602690417,0.303464195829,1.0,-0.00328,-0.00431085714286,0.165
0.464895602315,0.546056342393,-0.124069416927,-1.35805269212,0.0794376383681,1.89498214019,0.158918135659,-0.00955922183335,-0.0208455259311,0.000661172190129,-0.0306342986077,-0.00671961005569,0.00874249769046,-0.00238287516286,0.573918323164,0.818897567517,0.00229764064759,0.0,0.818858793004,-0.573858215084,-0.0117376744887,0.0,-0.00829359280356,0.00861807563253,-0.999928469987,0.0,0.661457787052,0.260534814513,0.303458624975,1.0,-0.0036,-0.00473142857143,0.181
0.46484194487,0.545750693068,-0.124069443344,-1.35855970826,0.0794037378608,1.89515341892,0.158863012424,-0.00311246627758,-0.0173353692678,0.000510026173775,-0.0347295771424,-0.00295178934094,0.00555182660108,-0.0100195516918,0.573929552484,0.818889759916,0.00227525622016,0.0,0.818850678162,-0.573869510257,-0.0117515519429,0.0,-0.00831768551762,0.00860782377374,-0.999928358172,0.0,0.661395535756,0.260446396635,0.303452403938,1.0,-0.00394,-0.00517828571429,0.198
0.464759325102,0.545304307702,-0.124069760038,-1.35932114053,0.0793626256383,1.89539359323,0.158753033204,-0.00883821703973,-0.0258391158058,0.00129348727713,-0.0387638340104,-0.00248985435314,0.00834699292244,-0.00693869292015,0.57394568986,0.818878630637,0.00220913536903,0.0,0.818838603213,-0.573885809878,-0.0117968644319,0.0,-0.00839257033439,0.00857985000313,-0.999927972875,0.0,0.661308125367,0.26031955052,0.303422906367,1.0,-0.00434,-0.005704,0.218
0.464703832603,0.544931806818,-0.124072398536,-1.359977968,0.0793295555639,1.89559909668,0.158675929878,-0.00146040471621,-0.0249612879369,0.000112749241923,-0.0378136514938,-0.000158446240094,0.0146190463678,-0.00470817811331,0.573957576769,0.818870470118,0.00214479351377,0.0,0.818829500575,-0.573897840474,-0.0118433352086,0.0,-0.00846742812843,0.00855395686907,-0.999927563618,0.0,0.661224873861,0.260216831967,0.303391826152,1.0,-0.00466,-0.00612457142857,0.234
0.464636096798,0.544551926315,-0.12408075069,-1.36061663344,0.0792956440194,1.89581228052,0.15861942825,0.000569748707614,-0.0235116586893,-0.00158875943039,-0.0431823074837,-0.00315556495094,0.0103868101672,-0.00934244151923,0.573999151013,0.818841429252,0.00210601008741,0.0,0.818799918872,-0.573939527979,-0.0118683604658,0.0,-0.00850974665016,0.00853699408356,-0.999927349333,0.0,0.661151994968,0.260105355121,0.30337543762,1.0,-0.00496,-0.00651885714286,0.249
0.464555308878,0.544058432999,-0.124073693347,-1.36142452271,0.0792588532481,1.89609851658,0.158485906288,-0.00515375196413,-0.024293291749,0.000662990916207,-0.0410455294132,-0.00093559283527,0.0159618901575,-0.00389394201476,0.573986267094,0.818850501043,0.0020902223611,0.0,0.818808612763,-0.573926536811,-0.011896760534,0.0,-0.00854219870701,0.00854023366726,-0.999927044964,0.0,0.661057692783,0.259980079203,0.303364698823,1.0,-0.00532,-0.006992,0.267
0.464497958079,0.54361507799,-0.124081636351,-1.36215211202,0.0792148141592,1.89634179551,0.158410767878,-0.00684508416475,-0.0298861381511,-0.000346061683626,-0.0443654219,-0.00372469335614,0.0105602981046,-0.00442253009915,0.574005954507,0.81883679406,0.00205323779226,0.0,0.818794421936,-0.573946370663,-0.011916589696,0.0,-0.00857945890503,0.00852153716014,-0.999926885472,0.0,0.660969622794,0.259866397438,0.30335340387,1.0,-0.00562,-0.00738628571429,0.282
0.464421052257,0.54308447985,-0.12409312034,-1.36299750152,0.0791642119476,1.89663491516,0.158309496841,-0.00261836825128,-0.0339827849818,-0.000347793849567,-0.0498325086758,-0.00511308318355,0.0154024564081,-0.0105833153773,0.574027532131,0.818821719982,0.0020322751562,0.0,0.818779093819,-0.573968050781,-0.0119255653322,0.0,-0.00859861645702,0.00850975108677,-0.999926821288,0.0,0.660872826117,0.259727228033,0.303352144509,1.0,-0.00596,-0.00783314285714,0.299
0.464353395974,0.542478650313,-0.124091489745,-1.36395411316,0.0791100372921,1.89697013554,0.158166089532,-0.00489703941577,-0.0338303496532,-0.00104021333069,-0.0550692304582,-0.00532368749933,0.00985584166451,-0.0107975647756,0.574003031931,0.818838920903,0.00202184306525,0.0,0.818796079388,-0.573943518282,-0.0119400629325,0.0,-0.0086167304236,0.00850927332952,-0.999926669423,0.0,0.660755438543,0.259591841761,0.303354310327,1.0,-0.00632,-0.00830628571429,0.317
0.464277434975,0.541880507673,-0.124092071531,-1.36487488786,0.0790506667828,1.89731322193,0.158071268781,-0.00552560774593,-0.0369037845657,-0.00129449858346,-0.0540150125671,-0.00203642917412,0.0170835066217,-0.00963401788287,0.574023338337,0.818824649437,0.00203652161636,0.0,0.818782033961,-0.573963795788,-0.0119284906198,0.0,-0.00859861802299,0.00851486325566,-0.999926777755,0.0,0.660650484284,0.25945354183,0.303368759427,1.0,-0.00666,-0.00875314285714,0.334
0.464197935526,0.541324432995,-0.124093968566,-1.36573049566,0.0790001212979,1.89761939696,0.157944779941,-0.00556269316609,-0.030194598283,0.0006103705826,-0.0585288849472,-0.00422515430482,0.0197881235063,-0.0089802874686,0.57402012665,0.818826885146,0.00204285670266,0.0,0.818784328468,-0.573960534834,-0.0119279004734,0.0,-0.00859453193669,0.00851967802405,-0.999926771872,0.0,0.660552674945,0.259318255974,0.303381257503,1.0,-0.00696,-0.00914742857143,0.349
0.464115852671,0.540625812194,-0.124091817438,-1.36678085175,0.0789523238393,1.89800364632,0.157812046694,-0.00239136239703,-0.0449695708938,-0.00252942472378,-0.0671535334757,-0.00225618374064,0.0231724793084,-0.0059555735014,0.57402257715,0.818825073292,0.00208018553485,0.0,0.818782837123,-0.573962666502,-0.0119276986632,0.0,-0.00857291495087,0.00855015315702,-0.999926697318,0.0,0.660428681568,0.259168114166,0.30340840121,1.0,-0.0073,-0.00959428571429,0.366
0.464021019434,0.539891723221,-0.124092802633,-1.36787752304,0.0788799809775,1.89840164304,0.157674245604,-0.00762609759082,-0.0428255441558,0.000453405913043,-0.0644860309422,-0.00428934751847,0.0224806740562,-0.00555535735246,0.574029396293,0.81882022297,0.00210749797327,0.0,0.818778385266,-0.573969415831,-0.0119085017136,0.0,-0.00854144709711,0.00856156867365,-0.999926868938,0.0,0.66030285551,0.258999676358,0.303439705077,1.0,-0.00764,-0.0100411428571,0.383
0.463930858994,0.539182159562,-0.12409849048,-1.36896329913,0.0788115045299,1.89880236673,0.157553813037,-0.00342717886868,-0.0477567202873,-0.000431832173504,-0.0649608785895,-0.00197231974106,0.0254146048514,-0.00684265838306,0.574050336482,0.818805496828,0.00212519427161,0.0,0.818763934956,-0.573990327223,-0.0118941149677,0.0,-0.0085192897828,0.00856801808463,-0.99992700272,0.0,0.660178886351,0.258833386251,0.30345914933,1.0,-0.00796,-0.0104617142857,0.399
0.463811275256,0.538365751705,-0.124100708201,-1.37022071936,0.0787420312956,1.89928641576,0.157391424793,-0.00423242357779,-0.0460516769667,3.69447546361e-05,-0.0708579869137,-0.00992166915375,0.0305421877864,-0.0123476119121,0.574067860234,0.818793109442,0.00216394962287,0.0,0.818752020457,-0.574007660992,-0.0118777532105,0.0,-0.00848346215583,0.00859053989037,-0.999927114091,0.0,0.660041287336,0.25863621144,0.303479375941,1.0,-0.00832,-0.0109348571429,0.417
0.463698589243,0.537534419478,-0.124101623612,-1.37152096919,0.078671612967,1.89978771076,0.157233102848,-0.00473463698225,-0.0494826424959,0.00170637046072,-0.0723921726316,-0.00508531168923,0.0293875714964,0.000384854898466,0.574084185605,0.818781582396,0.0021943263202,0.0,0.818740836081,-0.57402380967,-0.0118682840365,0.0,-0.00845809967437,0.00861014451361,-0.999927160328,0.0,0.659895287543,0.258440487555,0.303491064492,1.0,-0.00868,-0.011408,0.435
0.463590482696,0.536755889945,-0.12410984045,-1.37274963406,0.0786000757357,1.90023256,0.157082453816,-0.0102780604619,-0.0489696264011,-0.00230516793632,-0.0798849972927,-0.00146280496347,0.0289717284561,-0.00497481239352,0.57410362038,0.81876796976,0.00218898672693,0.0,0.818727142934,-0.574043252055,-0.0118725353312,0.0,-0.00846444155635,0.00860841410425,-0.999927121562,0.0,0.659753484595,0.258247363997,0.30349472921,1.0,-0.009,-0.0118285714286,0.451
0.463474821389,0.535851046755,-0.124124106372,-1.37415792403,0.0785130806291,1.90075874551,0.156910694855,-0.00497930732258,-0.0538246749711,-0.00235107692019,-0.0773261144985,-0.00692742755845,0.0289167759057,-0.0106728794151,0.574121912579,0.818755105419,0.00220312233905,0.0,0.818714541922,-0.574061566715,-0.0118559422562,0.0,-0.00844254793542,0.00861065032188,-0.999927287399,0.0,0.659593464528,0.258029111645,0.303509143313,1.0,-0.00936,-0.0123017142857,0.469
0.463382242071,0.535106429505,-0.124123077936,-1.37532385383,0.0784516535831,1.90116638518,0.156770762569,-0.00209068431776,-0.0554666743323,0.000335878921011,-0.0863953576256,-0.0018286925206,0.0280090908198,-0.00957802964335,0.574129855957,0.818749551313,0.00219718561811,0.0,0.818708778375,-0.574069397945,-0.0118747402679,0.0,-0.0084612641469,0.00861666397029,-0.999927077397,0.0,0.65945067016,0.257857740128,0.303514926994,1.0,-0.00964,-0.0126697142857,0.483
0.463249920936,0.53422264995,-0.124128780913,-1.37677541297,0.0783657239441,1.90169425462,0.156597492691,-0.0102634407663,-0.0537351637528,-0.000267017846642,-0.0900285491342,-0.00527085547504,0.0333224912271,-0.00322227136472,0.574156938526,0.818730655056,0.00216132260817,0.0,0.818689391363,-0.574096596485,-0.0118964396156,0.0,-0.00849933548464,0.00860004081714,-0.999926897625,0.0,0.659282006292,0.2576283805,0.303493444024,1.0,-0.00998,-0.0131165714286,0.5
0.463107797529,0.533197106289,-0.124132423516,-1.37841822807,0.0782746400136,1.90230252346,0.156385715239,-0.00612419025801,-0.0507267837397,0.000629678150394,-0.0867436827816,-0.00352916414263,0.0312365021975,-0.014316334083,0.574168045067,0.818722879993,0.00215608468463,0.0,0.81868146863,-0.574107642418,-0.0119085994398,0.0,-0.00851218202081,0.00860284946747,-0.999926764187,0.0,0.659090557073,0.257377552894,0.303487626102,1.0,-0.01036,-0.013616,0.519
0.462984965387,0.532252942832,-0.124135169429,-1.37994278759,0.0781882388514,1.90288804638,0.156199507808,-0.00716201830103,-0.0547461020485,-0.000381256942899,-0.0969451348565,-0.00232267442708,0.0365340199408,-0.0129133123661,0.574178425748,0.818715588014,0.00216061305096,0.0,0.818674204077,-0.574117971588,-0.0119100453086,0.0,-0.00851065682245,0.00860749495666,-0.999926737192,0.0,0.658914098686,0.25715216129,0.303478497904,1.0,-0.0107,-0.0140628571429,0.536
0.462862936904,0.531390495042,-0.124130264328,-1.38132786327,0.0781062143492,1.90339247883,0.156017757645,-0.00537389322204,-0.0547129451154,0.000718659020949,-0.0920454704642,-0.00939391897897,0.0370842125724,-0.012235018172,0.57417958445,0.818714812273,0.00214659431601,0.0,0.818673172132,-0.574119112696,-0.0119259620366,0.0,-0.00853172520805,0.00860516878045,-0.999926577672,0.0,0.658749247406,0.25694247462,0.303470681398,1.0,-0.011,-0.0144571428571,0.551
0.462735737666,0.53043786736,-0.124133035455,-1.38287749328,0.0780095712873,1.90392608022,0.155819755029,-0.0109218786623,-0.0615023496961,7.54306032886e-05,-0.0932607414558,-0.00604402711689,0.0271120624599,-0.013515731198,0.574184955782,0.818711187938,0.00209145876761,0.0,0.818668806394,-0.574124686667,-0.0119572780775,0.0,-0.00858896459385,0.00857806639144,-0.999926320518,0.0,0.658549328091,0.256687864971,0.303451103835,1.0,-0.01134,-0.014904,0.568
0.462589929029,0.5294024492,-0.124141150766,-1.38452426581,0.0779017010044,1.9045346112,0.155606055097,-0.00960295534244,-0.0598222267261,-0.00203787221228,-0.0961864046544,-0.00646839660442,0.0288161396458,-0.018343545983,0.574192383751,0.818706005764,0.00208073775115,0.0,0.818663548705,-0.574132222179,-0.0119554330418,0.0,-0.00859353169608,0.00856830771479,-0.999926364947,0.0,0.658366773159,0.256447455234,0.303449205214,1.0,-0.01166,-0.0153245714286,0.584
0.462454473586,0.52831203897,-0.124136234661,-1.38622719399,0.0777909175655,1.90517533795,0.155366662872,-0.0100865730301,-0.0628829646727,0.000779545377348,-0.0994991629239,-0.00514690968493,0.0415308234756,-0.00408889294242,0.574166395755,0.818724179749,0.00210104311307,0.0,0.818682021163,-0.574106187445,-0.011940714521,0.0,-0.00857009485144,0.00857620836023,-0.999926498361,0.0,0.658164639707,0.256198873429,0.30346183406,1.0,-0.012,-0.0157714285714,0.601
0.462305604678,0.527188707215,-0.124137261012,-1.38795611208,0.0776866562587,1.90584170273,0.155120367295,-0.0156039655869,-0.0645766829194,0.00182571531486,-0.0999900189468,-0.00745989902918,0.04040510395,-0.018575486387,0.574152995197,0.818733445126,0.00215193854142,0.0,0.818691965143,-0.574092596446,-0.0119123388732,0.0,-0.00851778225422,0.00860144544167,-0.999926728577,0.0,0.657966333207,0.255938162061,0.303487416193,1.0,-0.01234,-0.0162182857143,0.618
0.462161893213,0.526021368015,-0.12414785221,-1.38977112789,0.0775789280721,1.90651067331,0.154874847334,-0.0081370202688,-0.0646298409735,-0.000160457456025,-0.111308030232,-0.0109047453796,0.0359729427861,-0.0122624594552,0.574146096186,0.818738238848,0.0021687283579,0.0,0.818696978192,-0.57408563111,-0.011903484902,0.0,-0.00850096614671,0.00861003651051,-0.999926797744,0.0,0.657750020755,0.25566529852,0.303503234154,1.0,-0.01268,-0.0166651428571,0.635
0.461996440287,0.524798668465,-0.124157129811,-1.39171357008,0.0774426396969,1.90721155327,0.154621791458,-0.0111826604018,-0.0653289498513,-0.0021282597937,-0.108784295096,-0.00616613103716,0.0435733056262,-0.00950693803405,0.574148661713,0.818736515383,0.00213998414777,0.0,0.818695032348,-0.574088465886,-0.0119005985685,0.0,-0.00851507832818,0.00858487241816,-0.999926894031,0.0,0.657517833828,0.255362117774,0.303499727399,1.0,-0.01304,-0.0171382857143,0.653
0.46184993713,0.523614747166,-0.124163523541,-1.39361103479,0.0773364193832,1.90789143217,0.15435677724,-0.00481519974799,-0.0736824899915,-0.0009358768888,-0.109051026423,-0.0117280786398,0.0413816040999,-0.0175801514045,0.57412943821,0.818750061621,0.00211463444463,0.0,0.818708131005,-0.57406922977,-0.0119273869015,0.0,-0.00855176684173,0.00857929753306,-0.999926628777,0.0,0.657283219556,0.255081353065,0.303488178613,1.0,-0.01338,-0.0175851428571,0.67
0.461700803786,0.522456747852,-0.124163900038,-1.39542577887,0.0772177484479,1.90859542336,0.154115467443,-0.00937341833466,-0.0721917406514,-0.000713282399832,-0.119616239509,-0.00525070342603,0.0487968653597,-0.0188833085573,0.574119691044,0.818756809162,0.00214818696247,0.0,0.818715410945,-0.574059443513,-0.0118986594081,0.0,-0.00850908522427,0.00859017382243,-0.999926899519,0.0,0.657071604257,0.254811481693,0.303499323232,1.0,-0.0137,-0.0180057142857,0.686
0.461544886233,0.521303714187,-0.124167092963,-1.3972906303,0.0771070814742,1.90933264715,0.153871121936,-0.0113713108789,-0.069921296526,-0.000449622651466,-0.121406376214,-0.00633851723919,0.0477650014906,-0.0125705231274,0.57411984588,0.818756651289,0.00216689616123,0.0,0.818715520683,-0.574059547347,-0.011886092435,0.0,-0.00848805323083,0.0085982786193,-0.999927008615,0.0,0.656856036187,0.254533055602,0.303485858588,1.0,-0.01402,-0.0184262857143,0.702
0.461384275635,0.520011068593,-0.124167053064,-1.39932622776,0.0769736281105,1.91007882994,0.153602714449,-0.00995468142872,-0.074131177646,-0.000491300442276,-0.121010491373,-0.0102667931741,0.04813430207,-0.0122313151834,0.574104026048,0.818767752034,0.00216388664954,0.0,0.818726623265,-0.574043783094,-0.0118826911667,0.0,-0.00848716206035,0.00859369790411,-0.999927055558,0.0,0.656606688498,0.254232027977,0.303489466615,1.0,-0.01436,-0.0188731428571,0.719
0.461199054688,0.518585831634,-0.124170316903,-1.40153157179,0.0768293481889,1.91086092106,0.153298074437,-0.00945847143622,-0.0790308616626,-0.000241671541702,-0.12273577574,-0.0117510452677,0.0398282600865,-0.0234420973931,0.574086585037,0.818779989244,0.00216078570994,0.0,0.818738841762,-0.574026378606,-0.0118816058216,0.0,-0.00848823651566,0.0085903550913,-0.999927075161,0.0,0.656334717464,0.253895275805,0.303508148903,1.0,-0.01472,-0.0193462857143,0.737
0.461017669498,0.517242723665,-0.124168132038,-1.40364241854,0.0766953167912,1.91161997288,0.153005701003,-0.0151289019115,-0.0773536513916,0.00022771337006,-0.127380449424,-0.00473337502831,0.0443945631721,-0.0169725894192,0.574069734071,0.818791828891,0.00215134045731,0.0,0.818750527852,-0.574009536737,-0.0118899864382,0.0,-0.00850069746671,0.00858725781901,-0.999926995908,0.0,0.656074760342,0.253574494015,0.303511596801,1.0,-0.01506,-0.0197931428571,0.754
0.460847198472,0.515966370178,-0.124173524973,-1.40565550282,0.0765658237227,1.91237251991,0.152730801981,-0.00885379901191,-0.0823150909635,0.0001831945902,-0.126039558175,-0.00872183780738,0.0543744282873,-0.0112468385826,0.574059576341,0.818798931041,0.00215875827632,0.0,0.818757787669,-0.573999412263,-0.0118788364265,0.0,-0.00848741599526,0.00858682527985,-0.999927112444,0.0,0.655832880423,0.253267499769,0.303514046209,1.0,-0.01538,-0.0202137142857,0.77
0.460643079628,0.514498218469,-0.124176011026,-1.40800426607,0.0764291815141,1.91325368783,0.152416315038,-0.00623484069059,-0.0821350328365,-4.80253970731e-05,-0.137031128606,0.000215768484686,0.0521265515881,-0.0129702947139,0.574058133331,0.818799938554,0.00216034298256,0.0,0.818758740845,-0.573997887233,-0.0118868264548,0.0,-0.00849306398094,0.00859269454209,-0.999927014069,0.0,0.655549526194,0.252910418329,0.303501901166,1.0,-0.01574,-0.0206868571429,0.788
0.46047116221,0.513278287398,-0.124179565399,-1.40998879148,0.0763073019297,1.91393999468,0.152135791332,-0.0167449776666,-0.0779350485634,0.000119851799614,-0.134438113459,-0.00231874613293,0.0447179963126,-0.0252161491364,0.574042913156,0.818810783938,0.00209305114366,0.0,0.81876861878,-0.573982850683,-0.0119324315861,0.0,-0.00856919318273,0.00856361725879,-0.999926614001,0.0,0.655297715643,0.252603102378,0.303471872575,1.0,-0.01604,-0.0210811428571,0.803
0.460273690727,0.511855860292,-0.12418310076,-1.41228447824,0.0761661638557,1.91477039322,0.151807288414,-0.00868650194178,-0.0821873491318,-0.000308804000026,-0.1375033577,-0.00473631754235,0.051844889578,-0.0170030175868,0.574020307836,0.818826728627,0.00205464821937,0.0,0.818784008985,-0.573960353118,-0.0119585358664,0.0,-0.00861284800916,0.00854692010012,-0.999926381793,0.0,0.655012685623,0.252251481898,0.3034477132,1.0,-0.01638,-0.021528,0.82
0.460069319225,0.510381902276,-0.124189086453,-1.41461056604,0.0760166872267,1.91565496166,0.151492252037,-0.0120353205163,-0.0876017100434,-0.000684144102162,-0.138579192134,-0.00701163407191,0.0544948185043,-0.0194596730807,0.574015243619,0.818830227573,0.00207494745181,0.0,0.818787857362,-0.573955289859,-0.0119380392172,0.0,-0.00858446558046,0.00855172291499,-0.999926584798,0.0,0.654734423086,0.251893341754,0.303449422484,1.0,-0.01672,-0.0219748571429,0.837
0.459855082298,0.508802555172,-0.124194551976,-1.4171090362,0.0758473275369,1.9165766797,0.151145509285,-0.0117729252859,-0.0857606549819,-0.00148272370934,-0.143219493691,-0.0127419115265,0.0550789989859,-0.0297039625485,0.57399482877,0.818844560962,0.00206601783982,0.0,0.818802194091,-0.573935033493,-0.0119285867381,0.0,-0.00858206358371,0.00853877144032,-0.999926716098,0.0,0.654427630493,0.25150942219,0.303445513337,1.0,-0.01708,-0.022448,0.855
0.459658219113,0.507387078853,-0.124195361514,-1.41934838225,0.0757134469915,1.91737467102,0.150828213833,-0.0130656264805,-0.0917263139615,-0.000948203451742,-0.141669080166,-0.00443859642067,0.0450267006584,-0.0165667577633,0.573976712433,0.818857309365,0.00204631022555,0.0,0.818814568942,-0.573916884986,-0.0119523101043,0.0,-0.00861299032911,0.00853606063052,-0.99992647333,0.0,0.654145434945,0.251165601423,0.303438939147,1.0,-0.0174,-0.0228685714286,0.871
0.459433384426,0.505828425567,-0.12419901994,-1.42177674186,0.0755608885652,1.91828479691,0.15050067138,-0.017525343902,-0.0966164263577,-0.00134940295548,-0.142948957964,-0.00551927956516,0.0521435471604,-0.0168429468181,0.573979659675,0.818855166362,0.00207694543835,0.0,0.818812849134,-0.57391972897,-0.0119335532415,0.0,-0.00858001695371,0.00855041106205,-0.999926634199,0.0,0.65385189801,0.250785906058,0.30345178755,1.0,-0.01774,-0.0233154285714,0.888
0.45921455246,0.50418979775,-0.124199357857,-1.42426473194,0.0754078115494,1.91923974571,0.150157888637,-0.0120912457418,-0.0987530569218,0.000179849770423,-0.149051696916,-0.00691427369819,0.0562247595124,-0.026000979551,0.573965449216,0.818864897018,0.00216574228553,0.0,0.818823754028,-0.573905177251,-0.0118850437119,0.0,-0.00848947783368,0.00859513116445,-0.99992702358,0.0,0.65355185777,0.250409059633,0.303495285519,1.0,-0.01808,-0.0237622857143,0.905
0.459000142311,0.502613862431,-0.124210495025,-1.42659301688,0.0752617658932,1.92011679671,0.149834347632,-0.00534492291035,-0.0965839580761,-0.00114896408598,-0.149496819079,-0.00809593742125,0.0563511858141,-0.016421223411,0.573964118757,0.81886555055,0.00226878863369,0.0,0.818825822919,-0.573903516542,-0.0118225345226,0.0,-0.0083791617904,0.00864361974521,-0.999927536117,0.0,0.653272899126,0.250042875753,0.303563918176,1.0,-0.0184,-0.0241828571429,0.921
0.458753114556,0.50081236838,-0.124208675508,-1.42931139513,0.0750885863655,1.9210691066,0.149458533696,-0.0105064006019,-0.0965591707868,0.000314862980821,-0.152097952995,-0.00512366539956,0.0521291988021,-0.0230587091051,0.573949138605,0.818875964225,0.00229965460581,0.0,0.818836565663,-0.573888344068,-0.0118149979588,0.0,-0.00835543374017,0.00866441599757,-0.999927554687,0.0,0.652926607652,0.249620614262,0.30360983739,1.0,-0.01876,-0.024656,0.939
0.458524025671,0.499217569801,-0.124206171207,-1.43175304697,0.074937910616,1.92195818643,0.149108210936,-0.00582962879986,-0.0978626611561,0.000394586027556,-0.155743099797,-0.00798631066938,0.052319355779,-0.0175685326837,0.573931704766,0.818888077071,0.00233717691867,0.0,0.818849097991,-0.573870697174,-0.0118035819105,0.0,-0.00832473542249,0.00868841237882,-0.999927602515,0.0,0.65262194749,0.249239953218,0.30363714362,1.0,-0.01908,-0.0250765714286,0.955
0.458281237815,0.497654568651,-0.124206408295,-1.43424592945,0.0747792727294,1.9228899797,0.148743763385,-0.0136777911534,-0.104085643261,0.000600691856014,-0.157964591512,-0.00306498957762,0.049727553351,-0.0259620496175,0.573916112799,0.81889901254,0.00233444459015,0.0,0.818860002426,-0.573855122297,-0.0118043187823,0.0,-0.00832707233074,0.00868643929342,-0.999927600199,0.0,0.652316016168,0.248843958283,0.303621226512,1.0,-0.0194,-0.0254971428571,0.971
0.458008441801,0.495877467108,-0.124208538842,-1.43708771508,0.074604564329,1.92389071161,0.148323869424,-0.0180474475466,-0.0991528367183,-0.000337068835171,-0.16329371832,-0.00488520581352,0.0521766471171,-0.0201759483603,0.573893586646,0.818914950024,0.00228095046994,0.0,0.818875108642,-0.573832665215,-0.0118480242891,0.0,-0.00839380193787,0.00866748559375,-0.999927206742,0.0,0.651952606217,0.248391040656,0.303593897284,1.0,-0.01976,-0.0259702857143,0.989
0.457733629837,0.494211094548,-0.12420585649,-1.43984134529,0.0744265681,1.92483941306,0.147939153075,-0.0161459132861,-0.0987526891074,0.00210949037147,-0.164026997763,-0.0132895727686,0.0564469806694,-0.0226297893505,0.573891947062,0.818916427973,0.00215962836499,0.0,0.818874884233,-0.573831384247,-0.0119253228953,0.0,-0.00852674445992,0.00861247801995,-0.999926557229,0.0,0.651595436804,0.247944795203,0.303526153966,1.0,-0.0220628571429,-0.0289968979592,1.006
0.457442189773,0.492063653063,-0.124282966615,-1.44310628221,0.0742300550455,1.9260498588,0.147473929432,-0.0196087399746,-0.137988416684,-0.00302678791457,-0.212670031277,-0.0134203506231,0.0830397798977,-0.0289912369922,0.573916023514,0.818899379592,0.00222507500623,0.0,0.818858943505,-0.573855454936,-0.0118614663458,0.0,-0.00843663843311,0.00862967431503,-0.999927173275,0.0,0.651200617343,0.247401380411,0.303574022539,1.0,-0.0291445714286,-0.0383042938776,1.023
0.457070644642,0.489435306091,-0.124293834047,-1.4473431073,0.0740041394144,1.92762469448,0.146842354831,-0.0244661654628,-0.168615258685,-0.000946072392875,-0.270723419061,-0.0136733544982,0.0955904717206,-0.041413203472,0.573862402949,0.818936993097,0.00221149735923,0.0,0.81889601009,-0.573801517374,-0.0119117680926,0.0,-0.00848619038925,0.00864686870379,-0.999926605424,0.0,0.650658970862,0.246755890028,0.303522488874,1.0,-0.0362262857143,-0.0476116897959,1.04
0.456558032935,0.486115880062,-0.124339997248,-1.45254271791,0.0736880527926,1.92957373075,0.146081391684,-0.0329471297845,-0.212396151874,-0.00211394920523,-0.328252587719,-0.0238187258118,0.131358571303,-0.0461063461936,0.5738652195,0.818934883131,0.00226140262398,0.0,0.818894629534,-0.573804215879,-0.0118766351094,0.0,-0.00842875070543,0.00866760515623,-0.99992691172,0.0,0.650019082971,0.245904202211,0.303524358493,1.0,-0.043308,-0.0569190857143,1.057
0.455995527544,0.482453283304,-0.124437562657,-1.45823145081,0.0733445457208,1.93161637889,0.145195647339,-0.0380023840339,-0.233879505895,-0.00783496068105,-0.377885412565,-0.0220834071415,0.121734175335,-0.0591097388885,0.573858102166,0.818939866189,0.00226297260837,0.0,0.818899762153,-0.57379722608,-0.0118604295879,0.0,-0.0084146532224,0.00865951806747,-0.999927100522,0.0,0.649307160948,0.244939167918,0.303538489231,1.0,-0.0499731428571,-0.0656789877551,1.073
0.455372682359,0.478535008724,-0.124513894265,-1.46439577896,0.0729823359584,1.93377408122,0.144274461681,-0.0406274215409,-0.270976141707,-0.00506120309716,-0.422998247871,-0.0273750508342,0.152302829324,-0.0644115951715,0.573871877979,0.818930416032,0.00218821035334,0.0,0.81888914809,-0.573811103941,-0.0119217044237,0.0,-0.00850759076245,0.00863359884193,-0.999926538237,0.0,0.648512914642,0.243900111015,0.303509694865,1.0,-0.0562217142857,-0.0738913959184,1.088
0.454561347714,0.473520146367,-0.124593386291,-1.47212954822,0.0725105883313,1.93660108704,0.143158233788,-0.0504191370481,-0.300636370238,-0.00319588639246,-0.476688331158,-0.0325920170446,0.174307399338,-0.067387638806,0.57392604439,0.818892228246,0.00227178126504,0.0,0.818852084686,-0.573864966301,-0.0118747951011,0.0,-0.00842064386473,0.00867567403878,-0.999926910047,0.0,0.647538164372,0.242594253275,0.303546554236,1.0,-0.0633034285714,-0.0831987918367,1.105
0.45357785847,0.467558562735,-0.124643225546,-1.48115305472,0.0719646529923,1.93995376308,0.141734668978,-0.0542310401516,-0.343566821402,-0.00430539971795,-0.525827512327,-0.0319157868851,0.199399606794,-0.0904947179421,0.573885102677,0.818920183028,0.00252381750664,0.0,0.818883220472,-0.573822967089,-0.0117567245713,0.0,-0.00817975207331,0.0088138905902,-0.999927700881,0.0,0.646400415253,0.241079465369,0.303661341866,1.0,-0.0708017142857,-0.0930536816326,1.123
0.452533484598,0.461407615228,-0.124698294997,-1.49063839716,0.0713435933534,1.94328029224,0.140237140634,-0.0649065497804,-0.368055222723,0.000414656615633,-0.576263190197,-0.0377093619509,0.192745511977,-0.0817308026976,0.573830207992,0.81895871074,0.00250387711636,0.0,0.818921428116,-0.573768087472,-0.0117738384574,0.0,-0.00820580076631,0.00880683235364,-0.999927549644,0.0,0.645151621536,0.239459441073,0.303676457607,1.0,-0.0778834285714,-0.102361077551,1.14
0.451435163768,0.455094458956,-0.124774772211,-1.50045057637,0.0706874991227,1.9466034262,0.138778050783,-0.0747119723532,-0.39924112404,-0.00872985460697,-0.625879273746,-0.0482278929545,0.212715384753,-0.0996465206125,0.573860868684,0.818937766686,0.00232047189611,0.0,0.818897990592,-0.573799331435,-0.0118808733155,0.0,-0.00839837233139,0.00871836591007,-0.999926726034,0.0,0.643740807508,0.237643017725,0.303631703292,1.0,-0.0849651428571,-0.111668473469,1.157
0.450092533681,0.447303838311,-0.124870663051,-1.51196987582,0.069900567405,1.95095531469,0.136920275123,-0.0757931147976,-0.435224195205,-0.00461949491655,-0.660798543872,-0.0406399394145,0.242449843735,-0.0983117294771,0.573821964812,0.818963460981,0.00281942881759,0.0,0.818930990294,-0.573759546039,-0.0115222986889,0.0,-0.00781881795072,0.00892083746024,-0.999929639897,0.0,0.642365636515,0.235746407243,0.303880514695,1.0,-0.0920468571428,-0.120975869388,1.174
0.448686898848,0.439577342338,-0.124897639957,-1.52388473256,0.069132076688,1.95504857423,0.135067264256,-0.0873701634728,-0.459963017618,-0.00482305778126,-0.717399701228,-0.044865503765,0.235589518876,-0.116003149807,0.57379653356,0.81898152186,0.00274805891227,0.0,0.818947537424,-0.573733688401,-0.0116332558493,0.0,-0.00795092068379,0.00892580980872,-0.999928553837,0.0,0.640724210109,0.233684136543,0.303852296802,1.0,-0.0991285714286,-0.130283265306,1.191
0.447242352265,0.431723805785,-0.124941492505,-1.53566349515,0.0683263661724,1.95924636166,0.133125321332,-0.0929734826577,-0.497231482675,-0.00234069673036,-0.763475332365,-0.0499211704509,0.278813105246,-0.125897806641,0.573714476661,0.819038268068,0.00296000189542,0.0,0.819007148282,-0.5736510819,-0.0115097436444,0.0,-0.00772906101908,0.00902774307477,-0.999929378242,0.0,0.639131526654,0.231610150252,0.303969614242,1.0,-0.105793714286,-0.139043167347,1.207
0.445561657431,0.423037722042,-0.124973909404,-1.54895660208,0.0673881290216,1.9638109062,0.130940922368,-0.10321751767,-0.527419353004,-0.00617218431096,-0.826226421297,-0.0597264753628,0.267987147223,-0.144851467154,0.573627247356,0.819099676444,0.00287194031828,0.0,0.819067279801,-0.57356398902,-0.0115710224762,0.0,-0.00783072998705,0.00898993920057,-0.999928927805,0.0,0.63715407985,0.229088433549,0.303941494121,1.0,-0.113292,-0.148898057143,1.225
0.443727655723,0.413776587871,-0.125098589129,-1.56291697769,0.0663692750621,1.96865136463,0.128686367568,-0.109366325128,-0.558904411484,-0.00322646736342,-0.862915539114,-0.0643403842461,0.299852411426,-0.136473327603,0.573679949223,0.819062468015,0.00295571481945,0.0,0.819031763929,-0.573617123033,-0.0114504471411,0.0,-0.00768333079199,0.00898988933999,-0.999930071714,0.0,0.635339027135,0.226652780651,0.304007782467,1.0,-0.119957142857,-0.157657959184,1.241
0.441839501574,0.404740104438,-0.125148978189,-1.57677252709,0.0654594500984,1.97333348268,0.126369218795,-0.120982097397,-0.573781533575,-0.000528011213018,-0.888228632515,-0.0641834276537,0.290878532649,-0.138158757049,0.573686491465,0.819058290087,0.00284145229865,0.0,0.819025290189,-0.573623088405,-0.0116134999437,0.0,-0.00788236252261,0.00898990241327,-0.999928522453,0.0,0.633224085836,0.223933594405,0.303924563935,1.0,-0.127038857143,-0.166965355102,1.258
0.439509470387,0.39393925102,-0.125316267744,-1.59280479128,0.0643259390762,1.97886790974,0.123618361309,-0.13158507913,-0.601952786171,-0.00987990864142,-0.896281020782,-0.0616084387636,0.311090131307,-0.161429459857,0.573777057857,0.818994000401,0.00307605014811,0.0,0.818964332248,-0.573713236842,-0.0114582406594,0.0,-0.00761960636908,0.00909382605361,-0.999929619487,0.0,0.631096022302,0.221007759905,0.304055521013,1.0,-0.134120571429,-0.17627275102,1.275
0.437314681977,0.38410836109,-0.125412884383,-1.60781740048,0.063177760918,1.98377985442,0.12097859069,-0.136270153469,-0.620994315075,-0.00654045847221,-0.941647599595,-0.0681110137831,0.296641144529,-0.177540488023,0.573734296967,0.819024981083,0.00278993677909,0.0,0.818991691231,-0.573671489345,-0.0115921916528,0.0,-0.00789393934469,0.008935945014,-0.999928914778,0.0,0.628874926793,0.218115222159,0.303934845245,1.0,-0.140785714286,-0.185032653061,1.291
0.434952929195,0.373688833541,-0.125516681131,-1.6231588043,0.0620598465275,1.9889628117,0.118197124003,-0.150645096736,-0.644885850859,-0.00508092534514,-0.966301341817,-0.0662429406431,0.327346234408,-0.179594535828,0.573723125176,0.819032116357,0.00298578573022,0.0,0.819001388539,-0.573659716706,-0.0114892080297,0.0,-0.00769735356956,0.00903716098886,-0.999929537752,0.0,0.626629460087,0.215117204371,0.304047311982,1.0,-0.147450857143,-0.193792555102,1.307
0.432070645835,0.361586227204,-0.125663349628,-1.64105159268,0.0606517967817,1.9949272657,0.11505488691,-0.16119065994,-0.696697547754,-0.00929948688321,-0.995351976528,-0.0775256685003,0.34402923503,-0.177169481113,0.573858394418,0.818937109969,0.00304958571775,0.0,0.818907863487,-0.573795553115,-0.0113719499795,0.0,-0.00756321874266,0.00902339240957,-0.999930685654,0.0,0.623974964496,0.211521923391,0.304104688332,1.0,-0.154949142857,-0.203647444898,1.325
0.42915653821,0.3498573471,-0.125782113906,-1.65866197748,0.0593365811979,2.00054004067,0.111766618094,-0.178482094078,-0.68691690944,-0.013491146859,-1.05131994397,-0.0767131558824,0.325168297229,-0.19150396283,0.573872961001,0.818927771623,0.00280649192998,0.0,0.818894744574,-0.573810135388,-0.0115789782134,0.0,-0.00787210487405,0.00894325619022,-0.999929021548,0.0,0.621254951882,0.207963353609,0.303982929918,1.0,-0.162030857143,-0.212954840816,1.342
0.426045336472,0.337569869404,-0.125923428035,-1.67648613145,0.057940471731,2.00639396051,0.108369240562,-0.185478523679,-0.709459730384,-0.00495064549915,-1.06527004509,-0.0860322112556,0.340951886484,-0.206211635945,0.573931771809,0.818885786644,0.00302268766956,0.0,0.818855864655,-0.573868611024,-0.0114296589114,0.0,-0.00762510646115,0.00903516387032,-0.99993010934,0.0,0.618529140805,0.204275729909,0.304109233448,1.0,-0.169112571429,-0.222262236735,1.359
0.423190387598,0.326456865809,-0.125974094533,-1.69271970401,0.0565829837716,2.01157548118,0.105205928532,-0.19724401883,-0.773415811214,-0.000261560182998,-1.08413366059,-0.0988503663671,0.355908152799,-0.209866065312,0.573832140561,0.818955664562,0.00300679926164,0.0,0.818925830933,-0.573769387806,-0.0113982432141,0.0,-0.00760959298291,0.00900319722543,-0.999930515853,0.0,0.615954729557,0.200947920043,0.30412510169,1.0,-0.175361142857,-0.230474644898,1.374
0.419758484993,0.313562713231,-0.126012081275,-1.71165602475,0.0550620959518,2.01746250819,0.101484456821,-0.205156509756,-0.759128458584,-0.00344837741865,-1.12286452004,-0.0917955825705,0.342882340293,-0.228686688399,0.573749995627,0.819013765483,0.00285330825471,0.0,0.818981317243,-0.573687000155,-0.0115574547789,0.0,-0.00782895943644,0.0089680684449,-0.999929138061,0.0,0.612869326872,0.197040842011,0.304045026181,1.0,-0.182442857143,-0.239782040816,1.391
0.415857210541,0.299405153186,-0.126135591103,-1.73199771824,0.0533264735125,2.02383168968,0.097261097233,-0.223537705165,-0.806014228332,-0.00382283759877,-1.14863378757,-0.10109628726,0.345759329644,-0.229518979082,0.573646027977,0.819086326901,0.00292755369906,0.0,0.819055270735,-0.57358330716,-0.0114629895878,0.0,-0.00771013054809,0.00897369950488,-0.999930010853,0.0,0.609558988457,0.192687383134,0.30411121585,1.0,-0.189941142857,-0.249636930612,1.409
