position_joint1,position_joint2,position_joint3,position_joint4,position_joint5,position_joint6,position_joint7,velocity_joint1,velocity_joint2,velocity_joint3,velocity_joint4,velocity_joint5,velocity_joint6,velocity_joint7,ee_T_00,ee_T_10,ee_T_20,ee_T_30,ee_T_01,ee_T_11,ee_T_21,ee_T_31,ee_T_02,ee_T_12,ee_T_22,ee_T_32,ee_T_03,ee_T_13,ee_T_23,ee_T_33,v_x,v_y,time
0.465078620325,0.547661415517,-0.123956627505,-1.35575894432,0.0794716092261,1.89408208193,0.159165605417,0.00178283642627,-0.000862273826693,-0.000664376956254,0.000843932152095,-0.000177351948494,-0.000389294317213,-0.000896258102884,0.573772768641,0.819000120931,0.00208776942854,0.0,0.81895892014,-0.573713794292,-0.0118117002932,0.0,-0.00847616504054,0.00848719278107,-0.999928058505,0.0,0.661686542837,0.260916740571,0.303331762666,1.0,0.0,0.0,0.0
0.465071224581,0.547668980673,-0.123956304309,-1.35576236917,0.0794696592941,1.89408208338,0.159167317092,-0.000200179371208,0.00174639691852,-0.000336623515743,0.00168991336427,0.00042768765071,-7.98004367697e-05,0.000975103408936,0.573779686531,0.818995301055,0.00207727595009,0.0,0.818953976333,-0.573720765414,-0.0118158741495,0.0,-0.00848553243102,0.00848106525163,-0.999928031046,0.0,0.661687521968,0.260911210148,0.303324758955,1.0,-0.00014,-0.000184,0.008
0.465072600268,0.547667478605,-0.123957283667,-1.35577029185,0.0794715306692,1.89408360927,0.159171264653,0.00135302879209,0.00213493423018,0.000410707849936,-0.00152714775725,-0.000261552889842,0.000795932282383,0.000454035290815,0.57378341352,0.818992698113,0.00207405572347,0.0,0.818951313593,-0.573724486822,-0.0118197329265,0.0,-0.00849050187331,0.00848068064403,-0.999927992124,0.0,0.661685810308,0.260911039025,0.303322220433,1.0,-0.00046,-0.000604571428571,0.024
0.465071650299,0.547654678907,-0.123956913093,-1.35577799546,0.0794721410208,1.89408644161,0.159170096476,0.00118749619554,0.00351596455393,0.000854254377176,0.00142688776652,4.22748346322e-05,5.83022770875e-05,0.00150500879181,0.573783554438,0.818992579951,0.00208171603003,0.0,0.818951283804,-0.573724586085,-0.0118169783898,0.0,-0.00848384929138,0.00848537524828,-0.999928008763,0.0,0.661685076772,0.26091017129,0.303327856191,1.0,-0.0008,-0.00105142857143,0.041
0.465070614593,0.54755050917,-0.123954782243,-1.35587500408,0.0794716700407,1.89410413157,0.159160503924,0.000558748199418,-0.00910665574484,-0.000243033540557,-0.00971576970062,9.85968581874e-06,0.00366659075722,-0.00390271237562,0.573780163707,0.818994887611,0.00210824669291,0.0,0.818953854846,-0.573721009031,-0.011812465087,0.0,-0.00846496607321,0.00850447864508,-0.999928006505,0.0,0.661668928124,0.260901701083,0.303356942037,1.0,-0.00116,-0.00152457142857,0.059
0.465066244806,0.547420624734,-0.123952001536,-1.35603290892,0.0794686727527,1.89413894939,0.159160975938,-0.000377886161003,-0.00723672477548,-0.00167104342636,-0.00938077224141,2.24822720925e-05,-0.000640241282147,-0.00301925605175,0.573792493515,0.818986220472,0.00211942520718,0.0,0.818945266378,-0.573733226179,-0.0118145146923,0.0,-0.00846010295599,0.00851493702476,-0.999927958658,0.0,0.661647719315,0.260885604297,0.303376132258,1.0,-0.00146,-0.00191885714286,0.074
0.465050374393,0.547268016838,-0.123957288868,-1.35624293147,0.079465201592,1.8942339117,0.159159497477,0.000173331527565,-0.0111155082457,-0.000417445672769,-0.0117794950922,-0.000218856764935,0.001078505952,0.00089678667797,0.573816427341,0.81896935892,0.00215493966327,0.0,0.818928800879,-0.573756951257,-0.0118036806507,0.0,-0.00843060347928,0.00853805239881,-0.999928010702,0.0,0.66162414053,0.260854667659,0.303393269352,1.0,-0.00182,-0.002392,0.092
0.465030024358,0.547090646909,-0.123954877806,-1.35644382877,0.0794631528421,1.89433357083,0.159142937909,0.000520935611466,-0.00844188037665,-0.000540917965927,-0.0129097714013,-0.000122542678353,0.00977254041647,0.000211705096456,0.573828629888,0.818960618766,0.00222605754028,0.0,0.818920920645,-0.573768811099,-0.0117738710688,0.0,-0.00836525540451,0.00857931457256,-0.999928206355,0.0,0.66160750681,0.260827529629,0.303431855767,1.0,-0.00216,-0.00283885714286,0.109
0.465003845159,0.54688720895,-0.12395439639,-1.35668767695,0.0794556741568,1.89446566852,0.159128529627,0.000308701132084,-0.010951333886,6.91254562674e-06,-0.0216659020902,-0.000210218251203,0.012766045243,0.000230079510851,0.573849788891,0.818945567147,0.00230754003451,0.0,0.81890692126,-0.57378965225,-0.0117318448984,0.0,-0.00828385927002,0.00862214322658,-0.999928515606,0.0,0.661590440628,0.26079198706,0.303471327777,1.0,-0.0025,-0.00328571428571,0.126
0.464974680851,0.54667296586,-0.123957978177,-1.35699252337,0.0794491991088,1.89459358019,0.159109181134,-0.00240270440649,-0.0197809786221,-0.000842535704171,-0.0189248306468,0.000328131171721,0.00580364132978,0.000698456311796,0.573875738005,0.818927278455,0.00234453235906,0.0,0.818889048139,-0.573815392702,-0.0117204452841,0.0,-0.0082530224987,0.0086461575243,-0.999928563238,0.0,0.661560472309,0.26074488896,0.303489179072,1.0,-0.00282,-0.00370628571429,0.142
0.464933901202,0.546401433719,-0.123955667668,-1.35738529445,0.0794389877833,1.89473617691,0.158992403965,-0.00115755395631,-0.0131782953702,-0.00211220464587,-0.0222512678235,-0.000579233381749,0.0080664305035,-0.00228302482239,0.573831096888,0.818958480504,0.00237199428301,0.0,0.818920468301,-0.573770510037,-0.011722427684,0.0,-0.00823935982756,0.00866933511674,-0.999928475231,0.0,0.661516635461,0.260684222589,0.303506811355,1.0,-0.00316,-0.00415314285714,0.159
0.464892040057,0.546085087047,-0.123955221796,-1.35790204152,0.079422821165,1.89491766743,0.158926752611,-0.00105089715206,-0.0211768985829,6.71985472838e-05,-0.0316034691887,0.000282228157544,0.00974787411363,-0.00141553177337,0.573835882731,0.818955150225,0.00236400314499,0.0,0.818916883165,-0.573775166182,-0.0117449581213,0.0,-0.00826234672102,0.00867576753387,-0.999928229767,0.0,0.661454297054,0.260609307332,0.303500576598,1.0,-0.00354,-0.00465257142857,0.178
0.464841806014,0.545792899759,-0.123950419939,-1.35839112201,0.0793942793827,1.89508680603,0.158897308795,-0.00254060997067,-0.015202613578,0.00131962848068,-0.0359922818261,-0.00465854475201,0.00761643611742,0.00149331388476,0.5738692811,0.818931812326,0.0023413396381,0.0,0.818893200524,-0.573808592666,-0.01176316365,0.0,-0.00828990773034,0.00866799226277,-0.999928069083,0.0,0.661397039226,0.260531501058,0.30348914375,1.0,-0.00386,-0.00507314285714,0.194
0.464776327936,0.545455197937,-0.123958074103,-1.35897968894,0.0792855910923,1.89527915337,0.158815755033,-0.00316805400643,-0.0221181733722,0.000640995431426,-0.0350198396886,-0.00842790684193,0.016027932625,-6.33764357827e-05,0.573865392784,0.818934795999,0.00224894807498,0.0,0.818895622136,-0.573805715651,-0.0117348895887,0.0,-0.00831981033389,0.00857606587195,-0.999928613377,0.0,0.66133403008,0.260413786012,0.30346483816,1.0,-0.0042,-0.00552,0.211
0.464723772425,0.545108888665,-0.123963326965,-1.35957445393,0.0792739439688,1.89547319055,0.158727028584,-0.00389176034707,-0.0221404136929,-0.00179289653191,-0.0393390622536,-0.000168016768665,0.00983470396665,-0.00144473372405,0.573869451167,0.818932045563,0.00221464865455,0.0,0.818892195326,-0.57380966725,-0.0117807090671,0.0,-0.00837697464967,0.00857431262737,-0.999928151148,0.0,0.661260743957,0.26032122036,0.303443899459,1.0,-0.0045,-0.00591428571429,0.226
0.464657669869,0.54469246627,-0.123964324331,-1.36027013753,0.0792571310938,1.89571616235,0.158658664103,-0.00362549528099,-0.025235532137,-0.000492283164523,-0.0423780191796,-0.00471043247322,0.0201040800341,-0.010729271156,0.573902605773,0.818908860007,0.00219658607892,0.0,0.818868531346,-0.573842639021,-0.0118195141086,0.0,-0.00841877215963,0.00858213039493,-0.999927733045,0.0,0.661178641376,0.260213593912,0.303428625406,1.0,-0.00484,-0.00636114285714,0.243
0.464587075141,0.544218867605,-0.12396469262,-1.36106005298,0.0792231069885,1.89598746653,0.158555178422,-0.00338198182501,-0.0334592045627,0.00103427011319,-0.0471623857261,-0.00230180561603,0.0119340842066,-0.00460630257913,0.573910844841,0.818903169196,0.00216530731034,0.0,0.818862275457,-0.573850839583,-0.0118547308935,0.0,-0.00846547626731,0.00857681222387,-0.999927384365,0.0,0.661083919799,0.260092068447,0.303411331863,1.0,-0.0052,-0.00683428571429,0.261
0.464520013727,0.543734364346,-0.123965092454,-1.36187578562,0.0791856993455,1.89627705141,0.158440856417,-0.00411429708413,-0.0280912753961,0.00015734662062,-0.0516089086796,-0.000414872775477,0.0153689518454,-0.00663278155101,0.573907906347,0.818905306983,0.00213544572104,0.0,0.818863891598,-0.573847886552,-0.0118860017431,0.0,-0.00850825270261,0.00857027477299,-0.999927077354,0.0,0.660986357589,0.259970638025,0.303391000964,1.0,-0.00554,-0.00728114285714,0.278
0.464443686907,0.543170621853,-0.123971000481,-1.36277090261,0.0791378105344,1.89659291207,0.158347443346,-0.00347386102478,-0.0319948061928,0.00119399385157,-0.0513068017761,-0.00747297315564,0.0206790600251,-0.00279957571558,0.573935039106,0.818886321112,0.00212388392749,0.0,0.818844701823,-0.573875008927,-0.0118985430062,0.0,-0.00852487433136,0.00856828681298,-0.999926952821,0.0,0.660881984337,0.259831606349,0.303391330682,1.0,-0.0059,-0.00775428571429,0.296
0.464376136635,0.542714668662,-0.123976336863,-1.3634971454,0.0790902400915,1.89685120813,0.158246783897,-0.00745693144567,-0.0343009971771,-4.75597175042e-05,-0.0505464282563,-0.000640336219005,0.0229935160338,-0.00643018145072,0.573939324624,0.818883352757,0.0021102437633,0.0,0.818841593963,-0.573879387476,-0.0119012405402,0.0,-0.00853486667983,0.00855871010629,-0.999926949598,0.0,0.660799636685,0.259713487469,0.303390710917,1.0,-0.00618,-0.00812228571429,0.31
0.464306843441,0.542153321694,-0.123971857726,-1.3643613539,0.0790437476052,1.89716912263,0.158119658676,-0.0029803510367,-0.0353887029775,-0.000233318059729,-0.0552329539178,-0.00097721297293,0.0222939618582,-0.0114393167331,0.573924431045,0.818893746753,0.00212741132923,0.0,0.818852127191,-0.573864341447,-0.0119020297496,0.0,-0.00852581638255,0.00857306600275,-0.999926903826,0.0,0.660698199916,0.259589141142,0.303403766634,1.0,-0.0065,-0.00854285714286,0.326
0.464208890774,0.541423821122,-0.123973583761,-1.36549379733,0.0789639064436,1.89758281431,0.157960777164,-0.00888352291931,-0.036661078815,0.00174285732291,-0.0586026680169,-0.00435785686403,0.0245574210801,-0.0044055014205,0.573917252718,0.818898771386,0.00212982531189,0.0,0.81885727678,-0.573857248328,-0.0118897311794,0.0,-0.0085144344913,0.00856790976778,-0.999927045003,0.0,0.660568994174,0.259413746329,0.303416434511,1.0,-0.0069,-0.00906857142857,0.346
0.464138315151,0.540785511577,-0.123982487283,-1.36645191604,0.0789157981232,1.89794401923,0.15785784628,-0.00712288463227,-0.044726673342,0.00034052505005,-0.0621100899277,4.33533859683e-05,0.0172610973534,-0.00683323302767,0.573937284956,0.818884631315,0.00216804873779,0.0,0.818843596686,-0.573877086604,-0.011874364788,0.0,-0.00847970459882,0.00859059890887,-0.999927145456,0.0,0.660459727271,0.259273349528,0.303443227518,1.0,-0.00722,-0.00948914285714,0.362
0.464040980938,0.540080579291,-0.123983567787,-1.367539772,0.0788591071704,1.89834216615,0.157709455601,-0.00823163119363,-0.0440971082341,-0.00161214553384,-0.0656220865686,-0.00265913819991,0.0257259484132,-0.00234045994396,0.57394130036,0.818881769839,0.00218578755609,0.0,0.818840875657,-0.573880938912,-0.0118758244739,0.0,-0.00847067743533,0.00860600403008,-0.999927089501,0.0,0.660335064019,0.259106414775,0.303458201658,1.0,-0.00756,-0.009936,0.379
0.463942438472,0.539339593186,-0.123986403174,-1.36869997151,0.0787807710637,1.89877425619,0.157576614233,-0.00642892601542,-0.0457124246341,0.00166719864083,-0.0688240416942,-0.00383234380654,0.0235899025715,-0.00711358379304,0.573958452126,0.818869735159,0.00219065623219,0.0,0.818828986221,-0.573898152393,-0.0118637644179,0.0,-0.00845782690211,0.00860324632263,-0.99992722201,0.0,0.660203101731,0.258928366341,0.303467074225,1.0,-0.0079,-0.0103828571429,0.396
0.463846771605,0.53862974615,-0.123990012712,-1.36978716826,0.07872128823,1.89920315786,0.15743101106,-0.00568560299561,-0.0474052253256,-0.000588776315134,-0.0709081478499,-0.00205911313723,0.0248176618458,-0.0136306539423,0.573964406331,0.818865439222,0.00223598174261,0.0,0.81882527126,-0.573903918039,-0.0118412375579,0.0,-0.00841330349321,0.00862749334805,-0.999927388705,0.0,0.66008473349,0.258762863728,0.303488354651,1.0,-0.00822,-0.0108034285714,0.412
0.463732564747,0.537859965795,-0.123998721122,-1.37101177867,0.0786537283972,1.89967241023,0.157280106195,-0.0113370474158,-0.044980732354,-0.00062360592768,-0.0717961668229,-0.00209756989731,0.0373402270997,-0.00947651871147,0.57399010232,0.818847394613,0.00224803809752,0.0,0.818807379053,-0.573929559085,-0.0118357136923,0.0,-0.00840158956281,0.00863445893599,-0.999927427072,0.0,0.659950362556,0.258568082491,0.303490109629,1.0,-0.00856,-0.0112502857143,0.429
0.463609888961,0.536951380809,-0.123999512877,-1.37242613351,0.0785737580212,1.90019898704,0.157114949344,-0.00741601927391,-0.0470449525648,-1.38756080016e-05,-0.0742763584473,-0.00854776948222,0.0273696860841,-0.0141425875161,0.574012395033,0.81883171308,0.00226779707983,0.0,0.818791902419,-0.573951718304,-0.0118318422355,0.0,-0.0083868430886,0.00864864449777,-0.999927428272,0.0,0.659787887907,0.258353507927,0.30350411229,1.0,-0.00894,-0.0117497142857,0.448
0.463514184008,0.536255580131,-0.124005119213,-1.37350863888,0.0784938951693,1.90062240024,0.156979547115,-0.0100125415544,-0.0488942182711,-0.000817039929717,-0.0799687592987,-0.00755363456467,0.0291084200344,-0.00761295712186,0.57402210124,0.818824851598,0.00228836096926,0.0,0.818785484432,-0.573961525767,-0.0118001832307,0.0,-0.00834901287367,0.00864740920731,-0.999927755539,0.0,0.659670024855,0.258183568045,0.303516885348,1.0,-0.00922,-0.0121177142857,0.462
0.463402105095,0.53538105384,-0.124006941542,-1.37488275899,0.0784284036846,1.90111616239,0.15681501308,-0.00537316414961,-0.0534619939181,-0.000718423943174,-0.0830611186321,-0.00896216474141,0.0358948922605,-0.00761420933692,0.574036655324,0.818814638649,0.0022918942391,0.0,0.818775148106,-0.573975889051,-0.0118187365062,0.0,-0.00836202342298,0.00866110077227,-0.999927528323,0.0,0.659495783111,0.25796457347,0.303523825858,1.0,-0.00958,-0.0125908571429,0.48
0.463272971434,0.534435865535,-0.12401153958,-1.37641466203,0.0783458299793,1.90167781631,0.156623624014,-0.00682177774167,-0.0537020748372,-0.00198539885508,-0.086657457882,-0.00509797328264,0.0357084419476,-0.0113788545999,0.574052468601,0.818803601799,0.00227417590545,0.0,0.818763774494,-0.573991659225,-0.011840760826,0.0,-0.0083900611457,0.00865939755072,-0.999927308212,0.0,0.659325400355,0.257747354721,0.303509444775,1.0,-0.00992,-0.0130377142857,0.497
0.463150299927,0.533574508276,-0.124017911786,-1.37781492825,0.0782592918322,1.90218363388,0.156451145047,-0.00864182125258,-0.0522428874989,-0.000655304833066,-0.084424375552,-0.00328226381487,0.03542605365,-0.00656212468899,0.574069582322,0.81879169099,0.00224239176678,0.0,0.818751459543,-0.574008905017,-0.0118562793402,0.0,-0.00842083229428,0.00864245725473,-0.999927196108,0.0,0.659161111926,0.257528204569,0.303494533823,1.0,-0.01024,-0.0134582857143,0.513
0.463019111149,0.532632991687,-0.124015497056,-1.37933016413,0.0781707759688,1.90276511468,0.156251520865,-0.010388788326,-0.0611710255185,0.000593336016347,-0.0923621105743,-0.00880223264662,0.0364802491389,-0.0118575722242,0.574071084552,0.818790619171,0.00224916418763,0.0,0.818750443454,-0.574010347144,-0.0118566275582,0.0,-0.00841721396097,0.00864821772247,-0.999927176768,0.0,0.658987203568,0.257300772349,0.303487535268,1.0,-0.01058,-0.0139051428571,0.53
0.462900771969,0.531647729211,-0.124021084493,-1.3808877869,0.0780794720141,1.90333681712,0.156057445155,-0.00591093534509,-0.0649714690785,-0.000581455789805,-0.0962964544339,-0.00698609302727,0.0421640017373,-0.0149701489112,0.57407344001,0.818788970492,0.0022481494651,0.0,0.818748755489,-0.574012679507,-0.0118602719771,0.0,-0.00842075570918,0.00864950323982,-0.999927135829,0.0,0.658800881396,0.25707161879,0.303490394639,1.0,-0.01092,-0.014352,0.547
0.462764179296,0.530716517645,-0.124018693283,-1.38242314743,0.0780011117915,1.90387162213,0.155863452151,-0.0110145062813,-0.0582242126301,-0.00121004971595,-0.0971419311112,-0.00647407078342,0.0391623080752,-0.0169859038231,0.574087204201,0.818779458242,0.00219718802516,0.0,0.818738363769,-0.574026424257,-0.0119122981698,0.0,-0.00849246456263,0.00863778638467,-0.999926630654,0.0,0.65861269719,0.25683662582,0.303462130902,1.0,-0.01124,-0.0147725714286,0.563
0.462629127939,0.529689887219,-0.124021198985,-1.3840732683,0.0778896299887,1.90446221186,0.155646067196,-0.0082898117826,-0.0602491600725,-0.000344887734907,-0.0954099306503,-0.00270743206539,0.0329331659706,-0.0142184986293,0.574081116986,0.81878382058,0.00216175338306,0.0,0.818742324051,-0.574020541535,-0.01192357347,0.0,-0.00852210227001,0.00861518323398,-0.9999265735,0.0,0.658413469636,0.256585906649,0.30345119822,1.0,-0.01158,-0.0152194285714,0.58
0.462505046475,0.528681612125,-0.124021244801,-1.38563517912,0.0777885614007,1.90504881084,0.155422205021,-0.010993226149,-0.0641859349484,0.00224670218183,-0.0995638031804,-0.00524185533385,0.0348796946571,-0.0233964196927,0.574056969755,0.818800686562,0.00218587807729,0.0,0.818759553571,-0.573996349721,-0.0119050763856,0.0,-0.00849336220438,0.00862406667338,-0.999926741453,0.0,0.658229195157,0.256355493714,0.303468657125,1.0,-0.0119,-0.01564,0.596
0.462365840362,0.527574753574,-0.124019096177,-1.38736386535,0.0776874406895,1.90571964409,0.155183681188,-0.00649490819231,-0.074006013276,0.00098324054653,-0.104691377139,0.000318077924333,0.0423541646596,-0.0130631631143,0.574040684552,0.818811989099,0.002228427471,0.0,0.818771388463,-0.573979874094,-0.0118854730892,0.0,-0.00845305808986,0.00864748425372,-0.999926880739,0.0,0.658028218747,0.256103610243,0.303483156491,1.0,-0.01224,-0.0160868571429,0.613
0.462213999366,0.526418494092,-0.124019803691,-1.38915309439,0.0775752579527,1.9063983181,0.154938375794,-0.00711943834533,-0.0687744183555,0.00112420305208,-0.108379749575,-0.0069580259026,0.0389242619489,-0.0196795906706,0.574031124636,0.818818592677,0.00226431804752,0.0,0.818778496819,-0.573970211935,-0.0118623715356,0.0,-0.00841364124563,0.00866351220015,-0.99992707444,0.0,0.657819878524,0.255834004361,0.303504070423,1.0,-0.01258,-0.0165337142857,0.63
0.462073190098,0.52530273467,-0.124029817578,-1.39088131662,0.0774642723753,1.90701763622,0.154717643147,-0.00713053584143,-0.0712128972541,-0.0013786812381,-0.108276079782,-0.0035502525305,0.0327883361855,-0.0163153916196,0.574035783583,0.818815324781,0.00226494399038,0.0,0.818775288953,-0.573974921271,-0.0118559205754,0.0,-0.00840795028703,0.00866036956672,-0.999927149532,0.0,0.657611617581,0.255569174343,0.303520378308,1.0,-0.0129,-0.0169542857143,0.646
0.461906173598,0.524125901939,-0.124033292157,-1.39274909194,0.0773437293722,1.90769008393,0.15445960477,-0.0134476728068,-0.0718766512385,-0.000504507372587,-0.106053381641,-0.0150086227298,0.0403704955946,-0.00866847636856,0.574031487283,0.818818393447,0.00224433972416,0.0,0.818778112572,-0.573970730328,-0.0118638105537,0.0,-0.00842628321923,0.00864798356079,-0.999927102409,0.0,0.657387960112,0.255277253202,0.30351733679,1.0,-0.01324,-0.0174011428571,0.663
0.461738434797,0.522926508217,-0.124037515807,-1.39467836512,0.0772219874951,1.90840395357,0.154206103602,-0.00932771977988,-0.0739295014873,0.000483287024875,-0.119049659991,-0.00115612109258,0.0452506646791,-0.0200250269994,0.574034917208,0.81881603984,0.00222567462442,0.0,0.818775543205,-0.573974261459,-0.0118702963016,0.0,-0.00844227160048,0.0086364587829,-0.999927067155,0.0,0.657158495883,0.254980063632,0.303504207991,1.0,-0.01358,-0.017848,0.68
0.461580430154,0.521678672115,-0.124045802497,-1.39663111188,0.0771084739841,1.90918229969,0.153922975971,-0.0116455066142,-0.0744615014561,-0.000440410724239,-0.115681434146,-0.00546397781781,0.0524206338799,-0.0224696856198,0.574012580306,0.818831531662,0.00228633053971,0.0,0.818791867776,-0.573951734087,-0.0118334738778,0.0,-0.00837753945591,0.00866475855101,-0.999927366758,0.0,0.656935008098,0.254690441735,0.303519336839,1.0,-0.01392,-0.0182948571429,0.697
0.461420378414,0.520494521,-0.12404930096,-1.39852315242,0.0769886078143,1.90988380733,0.153678081482,-0.00999169065459,-0.0760491966063,0.00244791855345,-0.118224839355,-0.00862007967892,0.0474047454079,-0.0171446609026,0.574014223187,0.818830408625,0.00227604727518,0.0,0.818790639851,-0.573953446601,-0.0118353761516,0.0,-0.00838498214911,0.00865744713524,-0.999927367704,0.0,0.656707937521,0.254402491819,0.303511464027,1.0,-0.01424,-0.0187154285714,0.713
0.461252228763,0.519179263566,-0.124055371697,-1.40058113914,0.0768572134291,1.91061211302,0.153399004539,-0.0124852818159,-0.0737793960625,0.000162201805674,-0.120650656253,-0.00880128549295,0.0437814747362,-0.0190084031606,0.574001484956,0.818839382969,0.00225988242149,0.0,0.818799407024,-0.573940776256,-0.011843281141,0.0,-0.00840086809329,0.00864861786102,-0.99992731077,0.0,0.656453079451,0.254089786014,0.303518695342,1.0,-0.01458,-0.0191622857143,0.73
0.461077575834,0.517815018512,-0.124059551525,-1.402679709,0.0767230073751,1.91138238977,0.153111366058,-0.0141950602262,-0.0754195114036,-0.000492299756313,-0.127893011558,-0.00283384438519,0.041050849124,-0.0163085510475,0.573986932964,0.818849510105,0.00228637032777,0.0,0.818809916804,-0.57392616228,-0.0118248591722,0.0,-0.00837073355498,0.00865958407066,-0.999927468581,0.0,0.656198932903,0.253772161314,0.303544149926,1.0,-0.01492,-0.0196091428571,0.747
0.460889892674,0.516461773651,-0.124063461136,-1.40482779775,0.0765842802118,1.91217256277,0.15281314229,-0.0137449391418,-0.0759145306128,0.00092995251268,-0.126791689241,-0.0113139976038,0.0494600684821,-0.0155038848445,0.573975347645,0.818857658772,0.0022763714492,0.0,0.818817977814,-0.57391466099,-0.011824889472,0.0,-0.00837661963565,0.00865129547661,-0.999927491036,0.0,0.655939450209,0.253440802037,0.303539658314,1.0,-0.01526,-0.020056,0.764
0.460717277583,0.515163117954,-0.124074826757,-1.40687871031,0.0764555940046,1.91293702347,0.152525294564,-0.0101272401421,-0.0773145022583,-0.00236068749878,-0.135612030875,-0.00860370815428,0.0399555528785,-0.0173257832294,0.573973276506,0.818859114176,0.00227505817488,0.0,0.818819490178,-0.573912671666,-0.0118167130748,0.0,-0.00837069964747,0.00864550594874,-0.999927590686,0.0,0.655677975738,0.253101989832,0.303537379222,1.0,-0.0156,-0.0205028571429,0.781
0.460510894652,0.513671166932,-0.124078701581,-1.4092648726,0.0763213298483,1.91377608871,0.152204705076,-0.0173197632826,-0.0821094896827,-0.000526975827971,-0.134663442505,-0.00676913199443,0.0461961324765,-0.0120904904662,0.573960962214,0.818867842251,0.00224001862844,0.0,0.8188275555,-0.573900282799,-0.0118594544007,0.0,-0.00842594073654,0.00864121920723,-0.999927163774,0.0,0.655393215488,0.252759852743,0.303523607267,1.0,-0.01594,-0.0209497142857,0.798
0.460336188222,0.512365763176,-0.124079793331,-1.41141579017,0.0761870786043,1.91453215681,0.151911685669,-0.0105010649253,-0.0750793157051,0.00108742761083,-0.138270154338,-0.0122919906698,0.0489568190928,-0.0189323880172,0.57394123878,0.818881877517,0.00216148186251,0.0,0.818840490189,-0.57388079593,-0.0119092649481,0.0,-0.00851201219154,0.00860529282367,-0.999926744609,0.0,0.65511835065,0.252436313101,0.303480018729,1.0,-0.01626,-0.0213702857143,0.814
0.460135294227,0.510924973806,-0.124085117486,-1.41371399437,0.0760537268995,1.91539383771,0.151583339924,-0.0125090100857,-0.0865157908173,-0.000165885368941,-0.133378955643,-0.00588189734852,0.0526947068471,-0.025525711139,0.573925025116,0.818893228688,0.00216620758026,0.0,0.818851835319,-0.573864496816,-0.0119146124477,0.0,-0.00851384975082,0.00861206310998,-0.999926670677,0.0,0.654839753634,0.252084741434,0.303469993333,1.0,-0.0166,-0.0218171428571,0.831
0.459934395565,0.509440632303,-0.124088887366,-1.41607131634,0.0759086742958,1.91628020577,0.151259897407,-0.0102512412178,-0.0875981441647,0.000636264167522,-0.140104242325,-0.00385026751042,0.047372617079,-0.0256094781246,0.573911177248,0.818902911845,0.00217451217835,0.0,0.818861627119,-0.573850617576,-0.0119101318493,0.0,-0.00850556025372,0.00861614825889,-0.999926706031,0.0,0.65455247631,0.251727502783,0.303463905721,1.0,-0.01694,-0.022264,0.848
0.459745224926,0.508032557102,-0.124094614327,-1.41830152492,0.0757611933531,1.91707376892,0.150937830668,-0.0115888728657,-0.0869863481596,0.000331001455463,-0.140343415574,-0.0147301043022,0.0423188239721,-0.0204963446166,0.573874891481,0.81892840675,0.00214952230498,0.0,0.818886833149,-0.573814474625,-0.0119184775471,0.0,-0.00852711698981,0.00860009610056,-0.999926660622,0.0,0.654255001253,0.25136284431,0.303461571723,1.0,-0.01728,-0.0227108571429,0.865
0.45952886886,0.506498657013,-0.124097554082,-1.42071443616,0.0756030009876,1.91795968656,0.15060471379,-0.0128445440576,-0.0940145544353,-0.000786991199208,-0.140926786168,-0.00940279750672,0.0607381843451,-0.0109671330321,0.573870677979,0.818931377564,0.00214259137312,0.0,0.818889759777,-0.573810336283,-0.0119166357852,0.0,-0.00852963010497,0.00859331944013,-0.999926697449,0.0,0.653974847635,0.251009591876,0.30345747963,1.0,-0.0176,-0.0231314285714,0.881
0.459306203584,0.50489358762,-0.12410256147,-1.4231692475,0.0754563146096,1.91891159008,0.15027203023,-0.0171253011934,-0.0939502168495,-0.000970787797414,-0.142741853965,-0.00538824967212,0.0594677925852,-0.0201266301256,0.573871494062,0.818930575363,0.0022288874331,0.0,0.818890098946,-0.573810823953,-0.0118697541363,0.0,-0.00844170737879,0.00863709368179,-0.999927066435,0.0,0.653683427047,0.250631782722,0.303493494706,1.0,-0.01794,-0.0235782857143,0.898
0.459084292529,0.503234734382,-0.1241066862,-1.42565027281,0.0752967473829,1.91984024901,0.149921672836,-0.0122029162449,-0.0923455637897,-0.000406714011618,-0.142250920876,-0.0133792429801,0.053814686843,-0.0159802044867,0.573853553187,0.818942906848,0.00231553846338,0.0,0.818903625934,-0.573792617106,-0.0118165514167,0.0,-0.00834860282765,0.00867733992621,-0.999927499673,0.0,0.653381717059,0.250249088833,0.303551867478,1.0,-0.01828,-0.0240251428571,0.915
0.458868846648,0.501637875569,-0.124104975714,-1.4280110109,0.0751410940487,1.92071094599,0.149589325956,-0.0137895515928,-0.097864126122,0.00780145556677,-0.148220995335,-0.00912222529804,0.0495808793225,-0.0212224914531,0.573835146833,0.818955552457,0.00240296896764,0.0,0.818917463794,-0.573773939529,-0.0117643832126,0.0,-0.00825590493381,0.008718817685,-0.999927908527,0.0,0.653091539528,0.249884307244,0.303618343211,1.0,-0.0186,-0.0244457142857,0.931
0.458626989913,0.499911834712,-0.124105157072,-1.43062006384,0.0749711628264,1.92163160925,0.149227207069,-0.0160910361294,-0.0982622422043,0.00187703955615,-0.154778643594,-0.0103366636305,0.0603766109797,-0.0227678128355,0.573823517295,0.818963613052,0.0024327756763,0.0,0.818925894429,-0.573762182165,-0.0117509425782,0.0,-0.00822791812276,0.0087353983819,-0.999927994497,0.0,0.652761642581,0.249474680584,0.303660588931,1.0,-0.01894,-0.0248925714286,0.948
0.458345749674,0.498015690369,-0.12411311463,-1.43355611834,0.0747969384119,1.92273404531,0.148804976032,-0.0166150940014,-0.105625926235,-0.00131422417304,-0.158443861258,-0.00500982585195,0.0591130573685,-0.0150783982209,0.573816176649,0.818968593305,0.0024870662052,0.0,0.818931534441,-0.573754594068,-0.0117283667067,0.0,-0.00817835578127,0.00876683227436,-0.999928125991,0.0,0.652404150599,0.249009882834,0.303681210742,1.0,-0.01932,-0.025392,0.967
0.458099082735,0.496447917715,-0.124110430018,-1.43607321509,0.074642061081,1.92362754108,0.148423639749,-0.0122481269806,-0.0983685253705,-0.00643199267051,-0.154596678697,-0.0150581116074,0.0650188465691,-0.0221807198487,0.573789459332,0.818987451369,0.00244085231501,0.0,0.818949664948,-0.57372791499,-0.0117674442522,0.0,-0.00823716265865,0.0087511391473,-0.99992778075,0.0,0.652084145794,0.248608445175,0.303653274996,1.0,-0.01964,-0.0258125714286,0.983
0.457825973396,0.494766105511,-0.124113090642,-1.43880571173,0.0744727053928,1.92456529045,0.148039191571,-0.0134707906675,-0.101068032406,-0.00119981977495,-0.167054633486,-0.00882672224962,0.0559657268584,-0.0271645110688,0.573791956698,0.818985981831,0.00234497205216,0.0,0.818946791813,-0.573730610768,-0.0118357656852,0.0,-0.00834810465956,0.00871184222048,-0.999927203827,0.0,0.651731154129,0.248163477799,0.303605720733,1.0,-0.01998,-0.0262594285714,1.0
0.457548583828,0.493025902719,-0.12411919098,-1.44162823964,0.0742899119786,1.92560230513,0.147633466621,-0.0199502682105,-0.11481751057,0.000373203964983,-0.171046490603,-0.0109597231902,0.0559028910848,-0.0249046733035,0.573793395581,0.818985091294,0.00230354668896,0.0,0.818945407144,-0.57373225699,-0.0118517639209,0.0,-0.00838496035232,0.00868711009868,-0.999927110623,0.0,0.651359018158,0.247678193987,0.303568039656,1.0,-0.021884,-0.0287618285714,1.018
0.457217312404,0.490862135958,-0.124122277019,-1.44507621053,0.0740818337718,1.92683587264,0.147145073183,-0.0156487207532,-0.112722224444,-0.000828359294324,-0.186089511693,-0.0142578989373,0.057910414568,-0.0319069337394,0.573773348895,0.818999262713,0.00225802427735,0.0,0.81895878852,-0.573712188777,-0.0118984896157,0.0,-0.0084495608524,0.00867643210842,-0.999926659534,0.0,0.650937407739,0.247160949999,0.303535484114,1.0,-0.0239,-0.0314114285714,1.036
0.456919692976,0.489054548842,-0.124131267045,-1.44803047353,0.0738957347757,1.92788179096,0.14672769671,-0.0243864487735,-0.130444094719,0.00185797262267,-0.202357816816,-0.0140306831732,0.0725843879191,-0.0195303731971,0.573778349784,0.818996002004,0.00216816114912,0.0,0.818954273413,-0.573717467342,-0.0119546069691,0.0,-0.00854702794673,0.00863508574972,-0.99992618908,0.0,0.650559261003,0.246676810702,0.303477294878,1.0,-0.02558,-0.0336194285714,1.051
0.456555346946,0.486758298518,-0.124161834614,-1.45155140791,0.0736788156277,1.9292360656,0.146221664357,-0.0234815234275,-0.141336814659,-0.000928259420517,-0.20221060939,-0.0118340107121,0.0808204920164,-0.0283218179208,0.573800571559,0.818980156179,0.00227041055034,0.0,0.818939907513,-0.573739424827,-0.0118847457962,0.0,-0.00843090924616,0.00867897083388,-0.999926794938,0.0,0.650138472604,0.246091807931,0.303515188074,1.0,-0.027484,-0.0361218285714,1.068
0.456180609818,0.484472231928,-0.124184034353,-1.45505705639,0.0734608545293,1.93053787432,0.145676521096,-0.0242954474079,-0.150335447716,-0.0019058980097,-0.228411832379,-0.009617890505,0.0847627856784,-0.0337676636323,0.573790951453,0.818986711629,0.0023360453132,0.0,0.818947364638,-0.573729597639,-0.0118452373155,0.0,-0.0083609945949,0.00870995583599,-0.999927112563,0.0,0.649709182727,0.245503282121,0.303547244665,1.0,-0.029276,-0.0384770285714,1.084
0.455757991281,0.481882501937,-0.124232333683,-1.4590992908,0.0732069465497,1.93190598768,0.145066510365,-0.0233579451671,-0.150526298136,-0.00134984860809,-0.245120479446,-0.0126471472434,0.0818191324069,-0.03788974539,0.573801131827,0.818979797712,0.00225808652001,0.0,0.818939391155,-0.57374003659,-0.0118907917979,0.0,-0.00844292617116,0.00867235276148,-0.999926750965,0.0,0.649186458438,0.244808140672,0.30353988705,1.0,-0.03118,-0.0409794285714,1.101
0.45535377425,0.479442971443,-0.124256369606,-1.46285613154,0.0729839728461,1.93327999765,0.144509394618,-0.0281670969949,-0.169130623975,-0.00261615597051,-0.249153441671,-0.00690238657092,0.0973464055712,-0.0388129064536,0.573816323032,0.818969013715,0.0023084404665,0.0,0.81892917909,-0.573754940478,-0.0118749658132,0.0,-0.00840091166103,0.00870466606704,-0.999926824059,0.0,0.648716908993,0.24417640621,0.303562467009,1.0,-0.03286,-0.0431874285714,1.116
0.454869132727,0.476556135367,-0.124274412202,-1.46725690873,0.0726998435435,1.93491125321,0.143886982375,-0.025097524707,-0.174929950654,-0.00179934227857,-0.261692377104,-0.0175915860151,0.100554160364,-0.0340589064005,0.573852652853,0.818943295188,0.00239978779994,0.0,0.818904745925,-0.5737910131,-0.0118168222823,0.0,-0.00830049051571,0.00874648083042,-0.999927297822,0.0,0.648170460756,0.243433724532,0.303608788385,1.0,-0.034764,-0.0456898285714,1.133
0.454290434253,0.473149505876,-0.12428900509,-1.47251432211,0.0723780216848,1.93678792549,0.143119154981,-0.0310633481884,-0.180846529406,-0.00238067861648,-0.285052225626,-0.0202631591591,0.097230128715,-0.0413060016959,0.573873872105,0.818928348115,0.00242620468765,0.0,0.818889942633,-0.573811917934,-0.011827577627,0.0,-0.00829391312673,0.00877450132429,-0.999927106909,0.0,0.647495009905,0.242548923014,0.303626111167,1.0,-0.036892,-0.0484866285714,1.152
0.45375001541,0.469940580194,-0.124284358507,-1.47742850026,0.0720743883199,1.93854526447,0.142372101652,-0.0341894733529,-0.189373260603,0.00101103130408,-0.290566065089,-0.01566588543,0.117318268313,-0.0435350075163,0.573853232499,0.818942655421,0.00247822200109,0.0,0.818904689441,-0.573790831062,-0.0118295689954,0.0,-0.0082659167285,0.00881803379971,-0.999926955783,0.0,0.646856476628,0.241733708946,0.303656551518,1.0,-0.038796,-0.0509890285714,1.169
0.453197162539,0.466557627353,-0.124287537277,-1.48249450096,0.0717413609875,1.94047129704,0.141547337489,-0.0340809081971,-0.199569994144,-0.0021648575629,-0.300551846154,-0.0184975640638,0.105053549393,-0.0500838575898,0.573785148102,0.818989716629,0.00268230760877,0.0,0.818954546085,-0.573722161937,-0.0117080848582,0.0,-0.00805005676854,0.00891478485179,-0.999927858996,0.0,0.646178925508,0.240844217294,0.303751342311,1.0,-0.040812,-0.0536386285714,1.187
0.452708462376,0.463686236753,-0.124297808724,-1.48696409083,0.0714415217264,1.94198616622,0.140876002274,-0.032756359324,-0.202871202199,-0.00482130149578,-0.323833494446,-0.0176921079446,0.113614845712,-0.0534342731529,0.5737671611,0.819002620135,0.00258842730564,0.0,0.818966085516,-0.573704357381,-0.0117731897912,0.0,-0.00815743831826,0.0088750747344,-0.999927341985,0.0,0.645572390481,0.240085683555,0.303721938484,1.0,-0.04238,-0.0556994285714,1.201
0.45207593345,0.460105401914,-0.124300138839,-1.49256604056,0.0710516727035,1.94394636651,0.140048967628,-0.0377004157832,-0.208071320509,-0.00150965012678,-0.334431259215,-0.0261375134848,0.113836705194,-0.0538193083843,0.573763678894,0.819005234324,0.00253255469112,0.0,0.818968033603,-0.573701147469,-0.011794076045,0.0,-0.00820663848578,0.00884126401786,-0.999927238921,0.0,0.644872270846,0.239187857719,0.303700892628,1.0,-0.044172,-0.0580546285714,1.217
0.45140644634,0.456408920395,-0.124299325334,-1.49835175021,0.0706729953313,1.9460201946,0.139161618273,-0.0410978240388,-0.221154218474,0.00115679387004,-0.353483264864,-0.0233837944938,0.127774234784,-0.0500385255008,0.573748446653,0.819015958469,0.0025152808259,0.0,0.818978400422,-0.573685839182,-0.0118188182893,0.0,-0.00823697838515,0.00884115952188,-0.999926990377,0.0,0.644108358189,0.238203203931,0.30366967503,1.0,-0.046076,-0.0605570285714,1.234
0.450692193603,0.452551785368,-0.124353071903,-1.5043441639,0.0702518128373,1.94810609312,0.138199362413,-0.0430945980815,-0.233898705183,-0.00522590844358,-0.350779407964,-0.0267694070427,0.132855584716,-0.060241206882,0.573742503632,0.819020331082,0.00244616066306,0.0,0.818982099931,-0.57368039977,-0.0118264878376,0.0,-0.00828297903025,0.0087888897511,-0.999927071178,0.0,0.643317513518,0.237130739163,0.303649631634,1.0,-0.04798,-0.0630594285714,1.251
0.449864516547,0.447968412583,-0.124408740798,-1.51123703548,0.0698021701641,1.95060514912,0.137160944731,-0.0457578773051,-0.248481057709,0.000670980104898,-0.369503520628,-0.0190531327744,0.127340833661,-0.0495671069121,0.573799908565,0.818979656865,0.00259489359502,0.0,0.818943503064,-0.573737400422,-0.0117337567643,0.0,-0.00812107693886,0.00885807035455,-0.999927788742,0.0,0.642422063407,0.235911905703,0.303730645813,1.0,-0.050108,-0.0658562285714,1.27
0.449131115985,0.444017565944,-0.124420963572,-1.51735021601,0.0693792938336,1.95262383298,0.136247915521,-0.0505470060178,-0.242032557365,-0.00292612431565,-0.380972220635,-0.0289324456004,0.131135899172,-0.0502242204987,0.573817943127,0.818967423211,0.0024647039476,0.0,0.818929380414,-0.57375570302,-0.011824129925,0.0,-0.00826959848557,0.0088034858839,-0.999927053528,0.0,0.641570950574,0.23483685237,0.303702412421,1.0,-0.0519,-0.0682114285714,1.286
0.448324040996,0.439720885165,-0.124434524783,-1.52396685084,0.0689144307274,1.95495311825,0.135166195774,-0.0463770074135,-0.251076074062,-0.000158062803819,-0.392642020324,-0.0191340251555,0.139255442197,-0.0648090264418,0.57376741713,0.819002853315,0.00245442509198,0.0,0.818964745974,-0.573705296014,-0.0118205362863,0.0,-0.00827309555497,0.00879249547882,-0.999927121301,0.0,0.640675293538,0.233674366836,0.303694110607,1.0,-0.053804,-0.0707138285714,1.303
0.447562630207,0.435825718167,-0.124440198721,-1.52992144302,0.0685377758225,1.9570990988,0.134190473008,-0.0537621518776,-0.26697989367,-0.00127184850448,-0.392685128546,-0.0278832681122,0.138451459447,-0.0737370413669,0.57375440732,0.819011722927,0.00253469711841,0.0,0.818974429303,-0.57369173899,-0.0118076104135,0.0,-0.00821659474562,0.00885069104387,-0.99992707376,0.0,0.639878010962,0.23262087276,0.303706333023,1.0,-0.055484,-0.0729218285714,1.318
0.446653716236,0.431256233254,-0.124473388961,-1.53680386408,0.0680359709726,1.95960653646,0.133097334074,-0.0567708157223,-0.267527375879,-0.00241069886352,-0.421701301492,-0.0246230496699,0.141805663019,-0.0661451022352,0.573786930365,0.818988523171,0.00266540000312,0.0,0.818953381981,-0.573724278997,-0.0116857491062,0.0,-0.0080414445303,0.00888813957976,-0.999928165492,0.0,0.638971443829,0.231363001969,0.30376448703,1.0,-0.057388,-0.0754242285714,1.335
0.445663213302,0.426306580778,-0.124524789035,-1.54453936507,0.0674695080384,1.96207772794,0.131857603205,-0.056077089202,-0.277608092984,-0.00546197083746,-0.426372368537,-0.0293306200899,0.140316685562,-0.0794104127656,0.573792426421,0.81898557701,0.00237127235416,0.0,0.818946530032,-0.573730770564,-0.0118461284172,0.0,-0.0083414970018,0.00873933229362,-0.999927019086,0.0,0.637863408055,0.229938449403,0.303668393462,1.0,-0.059404,-0.0780738285714,1.353
0.444683229836,0.421456766596,-0.124576784233,-1.55191023323,0.0669376025171,1.96457805569,0.130626746068,-0.0584879802449,-0.283436105011,-0.000790748649652,-0.436465502042,-0.033016646311,0.153606465296,-0.0724572209746,0.573787771401,0.818988961143,0.00232847981045,0.0,0.818949492714,-0.573726423452,-0.0118518487091,0.0,-0.00837078403171,0.00870752086411,-0.999927051867,0.0,0.63683887748,0.228570531609,0.303674006109,1.0,-0.061308,-0.0805762285714,1.37
0.443650463048,0.416445317949,-0.12459214715,-1.55930938288,0.0664340025008,1.96729797483,0.129461946987,-0.056263082404,-0.298446595709,-0.00100925141607,-0.438222527977,-0.0303263328001,0.165196240133,-0.0723956544361,0.573860224356,0.818937375612,0.00260089006307,0.0,0.818901581551,-0.573797994866,-0.0116964833358,0.0,-0.00808645755326,0.00884218977692,-0.999928209865,0.0,0.635848382935,0.227209820942,0.303787270432,1.0,-0.063212,-0.0830786285714,1.387
0.442716378251,0.411973401332,-0.124600289496,-1.56607066213,0.0659602798324,1.96967479585,0.128273252366,-0.0640903975658,-0.299679972237,-0.000292564755192,-0.455415674233,-0.0320551683947,0.150294312382,-0.0780593029743,0.573803765115,0.818976726767,0.00266590607787,0.0,0.818941743537,-0.573741277232,-0.0116668073788,0.0,-0.00802545787579,0.0088778506985,-0.999928385332,0.0,0.634907030208,0.225967963822,0.303803680427,1.0,-0.064892,-0.0852866285714,1.402
