position_joint1,position_joint2,position_joint3,position_joint4,position_joint5,position_joint6,position_joint7,velocity_joint1,velocity_joint2,velocity_joint3,velocity_joint4,velocity_joint5,velocity_joint6,velocity_joint7,ee_T_00,ee_T_10,ee_T_20,ee_T_30,ee_T_01,ee_T_11,ee_T_21,ee_T_31,ee_T_02,ee_T_12,ee_T_22,ee_T_32,ee_T_03,ee_T_13,ee_T_23,ee_T_33,v_x,v_y,time
0.465079054916,0.547836768913,-0.123973868955,-1.3557666361,0.0795076215255,1.89408634072,0.159169163857,0.000107297929862,0.00136793936302,0.00199183680556,-0.000193083343688,9.0912486432e-05,-0.000827171948178,0.000866125244846,0.57379767987,0.818983016973,0.00194612100486,0.0,0.818939722025,-0.573739029543,-0.0119165670074,0.0,-0.00864306682884,0.00843161663039,-0.999927099961,0.0,0.661682793707,0.26090992464,0.303204884712,1.0,0.0,0.0,0.0
0.465079043142,0.547832154669,-0.123983547806,-1.3557673337,0.0795082319313,1.89408933898,0.159167238125,-0.000227646782704,0.000400795339559,-0.000958834121472,0.000591427287338,0.000291215651352,-0.000300946989855,0.00136242584569,0.573803087555,0.818979218965,0.00195000413407,0.0,0.818936022155,-0.573744466844,-0.0119090420697,0.0,-0.0086346201338,0.0084305360521,-0.999927182047,0.0,0.661685546787,0.260904597404,0.303208403508,1.0,-0.00028,-0.000368,0.015
0.465078387412,0.547827153302,-0.123981758324,-1.35578114736,0.0795067910294,1.89408676928,0.159162896225,-0.000928753721413,0.00147804154967,8.35279569816e-05,-0.00197447124987,-0.000147615749071,-0.000448885887657,-0.000524921382591,0.573799163873,0.818981990227,0.00194065034297,0.0,0.818938657046,-0.573740568339,-0.0119156677755,0.0,-0.00864545393071,0.0084266360311,-0.99992712131,0.0,0.661681839176,0.260903214585,0.30320508694,1.0,-0.00062,-0.000814857142857,0.032
0.465075464209,0.547788676014,-0.123979919692,-1.35580414282,0.079506160188,1.89409475941,0.159169163694,-0.00049558099962,-0.00756135490792,5.60192996419e-05,0.000308651132531,0.000144907077624,0.000247700959401,0.0015106302559,0.573806482469,0.818976811505,0.00196208958045,0.0,0.818933742614,-0.573747782438,-0.0119060596584,0.0,-0.00862520829291,0.00843875804837,-0.999927193922,0.0,0.661679558654,0.260900565856,0.303222032191,1.0,-0.00096,-0.00126171428571,0.049
0.465083009393,0.547688997879,-0.123973961044,-1.35593014478,0.0795042030643,1.89411730056,0.15916042823,0.000554279683936,-0.00475110403852,0.000977403962441,-0.0114253642583,0.000167095996478,-0.000434680347253,-0.00020543212793,0.573795326475,0.818984621103,0.00196484423302,0.0,0.818941473347,-0.573736504122,-0.011917800605,0.0,-0.00863335877037,0.00844763336321,-0.999927048643,0.0,0.661654576561,0.260896572133,0.303234431053,1.0,-0.00128,-0.00168228571429,0.065
0.465072248251,0.547551684552,-0.123973960154,-1.35610769491,0.0795011662204,1.89414844423,0.15915682587,0.000722989438672,-0.00652143288788,0.000970202771367,-0.00572531604486,-8.27087997217e-05,0.00258182339964,-0.000589591916431,0.573810048771,0.818974310325,0.00196312459111,0.0,0.818931025065,-0.573751119176,-0.0119321553196,0.0,-0.00864595020364,0.00845461703718,-0.999926880825,0.0,0.661626687618,0.260871801288,0.303249895246,1.0,-0.00162,-0.00212914285714,0.082
0.465052372453,0.547372785013,-0.123977413101,-1.35634462212,0.0795004094106,1.89427036682,0.159153213899,0.000242383105777,-0.00859022377148,0.000949556983111,-0.0167293482001,0.00930638780314,0.00384171274566,-0.00116509854868,0.573839044049,0.818953848269,0.00202307466107,0.0,0.818911287876,-0.573779807474,-0.0119072257818,0.0,-0.00859083438688,0.00848971318938,-0.999927058507,0.0,0.661607433163,0.260839048029,0.303274554957,1.0,-0.00198,-0.00260228571429,0.1
0.465035440577,0.547215480349,-0.123976445919,-1.35652546174,0.0794953290311,1.89437520368,0.159139739049,-0.000373822920808,-0.0119216515608,0.000617063794068,-0.019423808982,0.00018247737873,0.00543218163638,-0.00142449670769,0.573850168203,0.8189458722,0.00209517548796,0.0,0.818904247881,-0.573790634302,-0.0118696121345,0.0,-0.00851854179826,0.00852729120381,-0.999927357237,0.0,0.661595515696,0.260815316466,0.303308969642,1.0,-0.00226,-0.00297028571429,0.114
0.465004589329,0.546983785978,-0.123977129039,-1.35682142077,0.079488496443,1.89451272461,0.159121005229,-0.00671963293736,-0.0155645850091,0.000771418318076,-0.0210219748095,-0.0001328749751,0.0108957367695,-0.00668282412186,0.573875443202,0.818927984262,0.00216314200334,0.0,0.818887191126,-0.573815581385,-0.0118403408011,0.0,-0.00845530462981,0.00856641503408,-0.999927559555,0.0,0.66156977476,0.2607706655,0.303344164661,1.0,-0.00264,-0.00346971428571,0.133
0.464968742513,0.546749936529,-0.12397966101,-1.35718696875,0.0794802243337,1.89463717307,0.159093756177,-0.00197614360492,-0.0157875772245,-0.000754798663961,-0.0242398428153,-0.000183259567141,0.00504360506252,-0.00297075799557,0.573902450886,0.81890905538,0.00216397428041,0.0,0.818868147461,-0.573842455173,-0.011854982767,0.0,-0.00846653543235,0.00857577838568,-0.999927384265,0.0,0.661527299709,0.260712272524,0.303346673624,1.0,-0.00298,-0.00391657142857,0.15
0.464929433834,0.546486597955,-0.123980036772,-1.35758475434,0.0794708902229,1.89478490852,0.158964714006,-0.00286698520664,-0.0240088485683,-0.00149895260846,-0.0245302711447,-0.000413835634136,0.00835995131733,-0.0067054232592,0.573849005816,0.818946453995,0.00218424213281,0.0,0.81890567275,-0.573788797199,-0.0118601116394,0.0,-0.00845966557964,0.00859476702223,-0.999927279375,0.0,0.661483294417,0.260650811832,0.303356658991,1.0,-0.0033,-0.00433714285714,0.166
0.464883483151,0.546206480225,-0.123977156333,-1.35805859471,0.0794546062926,1.89495207603,0.158930550085,-0.00157115308783,-0.0130399408841,0.000928943638943,-0.030905443998,-0.00241975104524,0.0159409907408,0.00134927279491,0.573878821222,0.818925603536,0.00216825430924,0.0,0.818884474952,-0.573818531462,-0.0118851392085,0.0,-0.0084890237359,0.00859634497691,-0.999927017001,0.0,0.661427487943,0.260578223823,0.303343878276,1.0,-0.00364,-0.004784,0.183
0.464831577512,0.54588549327,-0.123982118392,-1.35860873833,0.0794101135086,1.89514687236,0.158886986226,-0.00343376062192,-0.0159216829875,-0.000524344206448,-0.0304490269911,-0.00753402060478,0.0126786246803,-0.010097183879,0.573908068287,0.818905206591,0.00213041644432,0.0,0.81886369422,-0.573848037033,-0.0118923329147,0.0,-0.00851632201336,0.0085697914854,-0.999927012803,0.0,0.661365637517,0.260485943731,0.303326306027,1.0,-0.00398,-0.00523085714286,0.2
0.46477431411,0.545556840389,-0.123979379117,-1.35917782685,0.0793235822329,1.89533974151,0.158790997779,-0.00340196673362,-0.0192099290296,0.000281811401081,-0.0350136120829,-0.00214960210274,0.00844083090123,-0.00520636651653,0.573883189299,0.818922818209,0.00206149402853,0.0,0.818880830819,-0.573823862599,-0.0118788270039,0.0,-0.00854507254,0.0085053408231,-0.999927317815,0.0,0.661301176589,0.260385495082,0.303304622159,1.0,-0.0043,-0.00565142857143,0.216
0.464717197928,0.545167776015,-0.123982858284,-1.35987667426,0.0793100764805,1.89555749419,0.158719626833,-0.00108283172794,-0.0217423570831,-0.00119602748934,-0.0387685028386,-7.61702593322e-05,0.0161221576978,-0.00279110529442,0.573909207329,0.818904743141,0.0019975751517,0.0,0.818861614874,-0.57384983543,-0.0119485967515,0.0,-0.0086386207018,0.00849331082742,-0.999926616259,0.0,0.661210678651,0.260280446256,0.30326642323,1.0,-0.00464,-0.00609828571429,0.233
0.46463934173,0.544702712914,-0.123986047238,-1.36063963051,0.0792802800179,1.89582409555,0.158624130575,-0.00629607510987,-0.0241762420715,-0.000209392647677,-0.0480876428928,-0.0029066928439,0.0187302617922,-0.011247969511,0.573931577368,0.818889110986,0.00197871426662,0.0,0.818845574855,-0.573872122918,-0.0119773945334,0.0,-0.00867279598273,0.00849462990637,-0.999926309221,0.0,0.661123350781,0.260155932899,0.303255667528,1.0,-0.005,-0.00657142857143,0.251
0.464584604045,0.544309211444,-0.123991746002,-1.36130852471,0.0792516621846,1.89606212942,0.158529542219,-0.00592282047436,-0.0233245341342,-0.000301111391509,-0.0433775965671,-0.00060492434104,0.0182661805435,-0.0030804209326,0.573932615508,0.818888449431,0.00195119086223,0.0,0.818844451628,-0.573873177438,-0.0120036309428,0.0,-0.00871006632616,0.00848716051833,-0.999926048691,0.0,0.661044472367,0.260053730167,0.303236599065,1.0,-0.0053,-0.00696571428571,0.266
0.464513307944,0.543754130892,-0.123989559225,-1.36218790267,0.0792063818284,1.89637180778,0.158419348409,-0.00568319367292,-0.0313631278815,0.000235464041399,-0.0487735268516,-0.000538521318283,0.0181327572036,-0.00138619986848,0.573936079369,0.818886039794,0.00194358691582,0.0,0.818841828998,-0.573876562645,-0.0120206835195,0.0,-0.00872835899237,0.00849075770885,-0.999925858643,0.0,0.660939042924,0.259924461712,0.303237569019,1.0,-0.00566,-0.00743885714286,0.284
0.464436231758,0.543205966836,-0.12399497073,-1.36304108894,0.0791596885596,1.89666978205,0.158312871171,-0.00722040040727,-0.0339631438373,-0.000850417204423,-0.0509191906196,-0.00582034621347,0.015038618614,-0.00606616066834,0.573950723157,0.818875786326,0.00193929297617,0.0,0.818831471082,-0.573891175998,-0.0120285900831,0.0,-0.0087371462531,0.00849193559334,-0.999925771898,0.0,0.660840320513,0.259788974699,0.303245273259,1.0,-0.006,-0.00788571428571,0.301
0.464374646531,0.542670770469,-0.123997851042,-1.36388983639,0.0791106328289,1.89697550376,0.158224099218,-0.00433189156206,-0.0375300745366,0.000347258664245,-0.052649669917,-0.000347242720942,0.0243461500261,-0.00247129305215,0.573964563534,0.818866101175,0.00193262924463,0.0,0.818821674301,-0.57390501943,-0.0120350018168,0.0,-0.00874607778025,0.0084903067435,-0.999925707648,0.0,0.660739223763,0.259665695752,0.303246438423,1.0,-0.00632,-0.00830628571429,0.317
0.464297650126,0.54206824278,-0.12400347097,-1.36482210617,0.0790579397779,1.89732065065,0.158076479875,-0.00260728729415,-0.0363219278297,-0.000828919386561,-0.0570919329032,-0.000335806285492,0.0233377941066,-0.0135932806734,0.573948414071,0.818877387796,0.00194644375555,0.0,0.818833126723,-0.573888798339,-0.0120293234964,0.0,-0.00873366688391,0.00849818738587,-0.99992574918,0.0,0.660633213765,0.259523710787,0.303258905575,1.0,-0.00666,-0.00875314285714,0.334
0.464212040185,0.541422745528,-0.124006635148,-1.36578739152,0.0789915623686,1.89768471043,0.157962339743,-0.00380983323195,-0.040081331119,-0.00451268432716,-0.0624518807646,-0.000710728362812,0.0206962063622,-0.00360623489006,0.573963129221,0.818866996088,0.00197886679972,0.0,0.818823254437,-0.573903467006,-0.0120014771182,0.0,-0.00869210234916,0.00850891133797,-0.999926020156,0.0,0.660526776825,0.25937318586,0.30328748837,1.0,-0.007,-0.0092,0.351
0.464131883466,0.540783261485,-0.124002019755,-1.36677546964,0.078939518403,1.8980484103,0.15782431162,-0.00402878448285,-0.0403712249599,-0.000995907643326,-0.0630250403244,-0.000165676599525,0.018466544279,-0.0090512759775,0.573953370921,0.818873791633,0.001997069475,0.0,0.818830181747,-0.573893528965,-0.0120040732405,0.0,-0.00868388291259,0.00852520319895,-0.999925952802,0.0,0.660410679296,0.259230286127,0.303300623906,1.0,-0.00732,-0.00962057142857,0.367
0.464041329618,0.540054103049,-0.123999521991,-1.36788365502,0.0788752851038,1.89846036688,0.157690539217,-0.0087125544725,-0.0442171167421,0.00102490612873,-0.0663411017038,-0.00362853623709,0.0255153002276,-0.00148570864664,0.573960416544,0.818868779405,0.00202713046705,0.0,0.818825520108,-0.573900405604,-0.0119932884802,0.0,-0.00865772518959,0.00854370350359,-0.999926021726,0.0,0.660282502071,0.259067526808,0.303324111307,1.0,-0.00766,-0.0100674285714,0.384
0.463929850635,0.539261458467,-0.124005221968,-1.36911324521,0.078809266467,1.89892365383,0.157529897999,-0.000747740835493,-0.0503560643679,-0.000213761731475,-0.070791701398,-0.00634092171491,0.0260370090152,-0.0126766163936,0.573974573166,0.818858794469,0.00205206773291,0.0,0.81881581525,-0.573914410888,-0.0119856820226,0.0,-0.00863703617755,0.0085599070414,-0.999926062065,0.0,0.660145331716,0.258875820868,0.303339279951,1.0,-0.00802,-0.0105405714286,0.402
0.4638262312,0.53859977984,-0.124013437971,-1.37016326585,0.0787448388731,1.8993385426,0.157405669099,-0.00790175918448,-0.0431761918008,-0.00146629942705,-0.0722618297096,-0.00397439880859,0.0258286959685,-0.0157093008053,0.574004432971,0.818837818035,0.00207016590242,0.0,0.818795152949,-0.573944268896,-0.0119674813841,0.0,-0.00861143228529,0.00856459406762,-0.999926242761,0.0,0.660034817131,0.258704424233,0.30334315239,1.0,-0.00832,-0.0109348571429,0.417
0.463712576038,0.537774822013,-0.124010232253,-1.37146411796,0.0786666515638,1.89983565772,0.157245655209,-0.00938543022307,-0.0465036173861,0.00280232673101,-0.0742579673374,-0.00068315147808,0.0256836124959,-0.0164188496489,0.574015172855,0.818830244592,0.00208776772504,0.0,0.818787798184,-0.573954923573,-0.0119596886392,0.0,-0.00859483568581,0.00857464656872,-0.999926299402,0.0,0.659887436368,0.258508767985,0.303349594154,1.0,-0.00868,-0.011408,0.435
0.463600037085,0.536936182995,-0.124024353385,-1.372772744,0.0785991674079,1.90031454401,0.157081525226,-0.00779672818807,-0.0500614762164,0.0019862147594,-0.0845797721461,-0.00742492488332,0.0361349393543,-0.00833169710094,0.574036839693,0.818815029099,0.00209802259244,0.0,0.818772661574,-0.573976490498,-0.0119609328745,0.0,-0.00858974133424,0.00858398491743,-0.999926263055,0.0,0.659737757932,0.258303560029,0.303360843455,1.0,-0.00902,-0.0118548571429,0.452
0.463489284822,0.536151552054,-0.124030467566,-1.37400420177,0.0785159652302,1.90078691833,0.156930048306,-0.00996845300423,-0.049040411874,0.0061101669606,-0.0793787967834,-0.0114113789457,0.0266463710345,-0.00711730743467,0.574053331865,0.818803430698,0.00211209688425,0.0,0.818761367351,-0.573993043401,-0.0119396969282,0.0,-0.00856410077321,0.00858349139481,-0.999926487225,0.0,0.659601552003,0.258109662885,0.303369688653,1.0,-0.00934,-0.0122754285714,0.468
0.463381361504,0.535252941009,-0.124042733345,-1.37542204654,0.0784358305697,1.90129214122,0.156748216402,-0.00782957673971,-0.0606047381887,0.00139246246631,-0.0811441190709,8.28254482809e-05,0.0342437387914,-0.0167807160995,0.574057713016,0.818800389368,0.00210033299799,0.0,0.818758137615,-0.573997437287,-0.0119499363035,0.0,-0.00857919191593,0.00857978302627,-0.999926389685,0.0,0.65943182633,0.257896172322,0.303373175403,1.0,-0.00968,-0.0127222857143,0.485
0.463253551015,0.534356368052,-0.124046066646,-1.37688524267,0.078357790552,1.90182538597,0.15659065448,-0.00591637944326,-0.0588506675554,-0.000182117551314,-0.0889136554733,-0.00814944218198,0.0340313174043,-0.00938534460333,0.574095021341,0.818774295408,0.00207522325216,0.0,0.818731606423,-0.574034735454,-0.0119760610251,0.0,-0.00861460655489,0.00857461296457,-0.999926129555,0.0,0.659259707039,0.257671592954,0.303355620658,1.0,-0.01002,-0.0131691428571,0.502
0.463135994388,0.533482541021,-0.124048485431,-1.37828496443,0.0782704622633,1.90233901913,0.156404574497,-0.00538521435605,-0.0575141447615,0.000744599384494,-0.0899300518381,-0.00438022559878,0.0311245001408,-0.011132285218,0.574093789355,0.818775192918,0.0020618890911,0.0,0.818732338952,-0.574033568176,-0.0119819307032,0.0,-0.00862708016889,0.00856705222168,-0.99992608682,0.0,0.659095145978,0.257458737665,0.303350298261,1.0,-0.01034,-0.0135897142857,0.518
0.463002677429,0.532484968513,-0.124049524488,-1.37990706646,0.0781921270703,1.90295292814,0.156203496564,-0.00448233768267,-0.053950796209,-0.00096199455391,-0.0924194699367,-0.00387838502671,0.0373117497027,-0.0112617569065,0.574106850707,0.81876603642,0.00206118349556,0.0,0.818722992677,-0.574046451593,-0.0120033152194,0.0,-0.00864485819469,0.00857888898879,-0.999925831795,0.0,0.658904927777,0.257219778713,0.303334900006,1.0,-0.0107,-0.0140628571429,0.536
0.462864992335,0.531507237397,-0.124047018561,-1.38146799434,0.0780994502428,1.90352133893,0.156005434039,-0.00977706677261,-0.0588014950956,-0.000801066775434,-0.0953600486686,-0.00505893363508,0.0363348956376,-0.0145505151678,0.574115841436,0.818759761626,0.00204945254323,0.0,0.818716499752,-0.574055426235,-0.0120169690367,0.0,-0.00866267813413,0.00857721804066,-0.999925691908,0.0,0.658720028078,0.256981646805,0.303330307844,1.0,-0.01104,-0.0145097142857,0.553
0.462735479559,0.530559404337,-0.124047194972,-1.38301574995,0.0779980654713,1.90406233319,0.155801815725,-0.0141488342028,-0.0504359379849,0.000651785165368,-0.098136562929,-0.00288510464735,0.0374504992309,-0.0192252356762,0.574112095387,0.818762523478,0.00199473815127,0.0,0.818718542651,-0.57405190938,-0.0120457527107,0.0,-0.00871769548481,0.00854890603437,-0.999925456217,0.0,0.658530501096,0.256745285574,0.303308411881,1.0,-0.01136,-0.0149302857143,0.569
0.462600836062,0.529516843627,-0.124047440767,-1.38466024865,0.0778913840564,1.90466804697,0.155575158136,-0.00875526636332,-0.0621901894009,0.00183702365466,-0.10001464984,-0.00177095083955,0.031873665101,-0.0194717174013,0.574097526531,0.818772741909,0.00199349895549,0.0,0.81872878149,-0.574037383555,-0.0120420738609,0.0,-0.0087155467101,0.00854562431832,-0.999925503,0.0,0.658334982726,0.256498818297,0.303312584506,1.0,-0.0117,-0.0153771428571,0.586
0.46246588396,0.52841551166,-0.124050419655,-1.38636536409,0.0777968360273,1.90531607963,0.15535630061,-0.00733594838039,-0.0626047358315,0.00104874458063,-0.104902025443,-0.00945072724289,0.0431985662221,-0.0122810702186,0.574098047612,0.818772276165,0.00203430899939,0.0,0.818728787755,-0.574037670368,-0.012027967481,0.0,-0.00868056344096,0.00857094500581,-0.999925590592,0.0,0.658134842867,0.256248972043,0.303332815533,1.0,-0.01204,-0.015824,0.603
0.462330940914,0.527361870962,-0.12405316196,-1.38799665569,0.0776856750749,1.90595039934,0.155118731792,-0.010503885358,-0.0684216510703,0.000379018762795,-0.104272658542,-0.00546886203305,0.032199389881,-0.0129772159538,0.574074405803,0.818788753294,0.00207388094201,0.0,0.818745928792,-0.574014010691,-0.011990267621,0.0,-0.00862722566067,0.00858145255757,-0.999925962084,0.0,0.657948370329,0.256003828418,0.30335311285,1.0,-0.01236,-0.0162445714286,0.619
0.462176462731,0.526202259945,-0.124053498873,-1.38980740872,0.0775798001507,1.90662633655,0.154875826356,-0.00441348485941,-0.0725303938177,-0.000628574599643,-0.106867191035,-0.00118150986491,0.0435641101961,-0.0185133522746,0.57407222235,0.818790217253,0.00210013279974,0.0,0.818747674389,-0.574011657247,-0.0119837360013,0.0,-0.00860683080332,0.00859917436474,-0.999925985593,0.0,0.657720639814,0.255714258506,0.303367764472,1.0,-0.01272,-0.0167177142857,0.637
0.462016720724,0.524945193457,-0.124059524208,-1.39176480623,0.0774417105923,1.90732392645,0.15460826907,-0.010456538039,-0.0674012011791,8.31176415233e-07,-0.109637595175,-0.00669543327493,0.0361032214674,-0.00946432784458,0.57406077217,0.81879830995,0.00207469982162,0.0,0.818755573261,-0.574000452082,-0.0119807831462,0.0,-0.00861913230147,0.00857653479079,-0.999926074072,0.0,0.657509964831,0.255444704516,0.303372719793,1.0,-0.01304,-0.0171382857143,0.653
0.461864914609,0.523835942922,-0.124071601793,-1.39354871352,0.0773263287653,1.90797244481,0.154368942119,-0.00519896945599,-0.0685647237894,0.00120341351667,-0.109419678683,-0.00695286140937,0.0399239446427,-0.00540875969184,0.574056915131,0.818801068747,0.00205302447031,0.0,0.818758131359,-0.573996767624,-0.0119824868906,0.0,-0.00863300987464,0.00855972474019,-0.999926098396,0.0,0.657284051166,0.25515302293,0.303366554625,1.0,-0.01338,-0.0175851428571,0.67
0.461718099955,0.522612851791,-0.124080866127,-1.39549282027,0.0772146544997,1.90870938053,0.154103318062,-0.00757970673995,-0.0739390339232,-3.38277248157e-05,-0.110284903093,-0.00445191844532,0.0445038157333,-0.00905680424546,0.574040458381,0.818812573118,0.00206619160009,0.0,0.818769785843,-0.573980236412,-0.0119780173555,0.0,-0.00862196406814,0.00856776678322,-0.999926124825,0.0,0.65705132726,0.254868363438,0.303365123353,1.0,-0.01372,-0.018032,0.687
0.461552410993,0.521365745499,-0.124082243566,-1.39748943171,0.0770954790805,1.90948678446,0.153831117149,-0.00932178880245,-0.0720210662576,-0.000117963980643,-0.120835052448,-0.00172391860846,0.0460353185999,-0.0243889772849,0.574029129589,0.81882046018,0.00208788751204,0.0,0.818777962811,-0.573968825665,-0.011965854792,0.0,-0.00859966995411,0.00857843065609,-0.999926225381,0.0,0.656817707511,0.254571538239,0.303358495032,1.0,-0.01406,-0.0184788571429,0.704
0.461387542259,0.520147771962,-0.124088198343,-1.39939569366,0.0769678879381,1.91017967562,0.153578348319,-0.00917328383137,-0.0717190522379,0.000312609856729,-0.123894562306,-0.014457004563,0.0479737324171,-0.0122283535783,0.574028410774,0.818820974021,0.00208399347097,0.0,0.81877851156,-0.573968208535,-0.0119579053256,0.0,-0.00859540317495,0.00857067147447,-0.999926328604,0.0,0.656588379137,0.254275942158,0.303366821908,1.0,-0.01438,-0.0188994285714,0.72
0.461217115414,0.518801420911,-0.124097509774,-1.40148458397,0.0768334286521,1.91092071082,0.153308574995,-0.00958599228313,-0.0800751559649,-0.00113347807596,-0.121246692966,-0.0146472842754,0.0429123145877,-0.0135495856967,0.574028155407,0.818821169411,0.00207755291815,0.0,0.818778656074,-0.573968012862,-0.0119574023301,0.0,-0.00859869079043,0.00856510649407,-0.999926348021,0.0,0.656330754232,0.253956966952,0.303382268705,1.0,-0.01472,-0.0193462857143,0.737
0.461028531658,0.517367647083,-0.124103192256,-1.40373396303,0.0766894499126,1.91172519376,0.152984886664,-0.0172088446772,-0.0806263799754,-0.000535586733593,-0.126969668443,-0.00915085978984,0.0465578236246,-0.0264446251863,0.574001710285,0.818839742828,0.00206374820425,0.0,0.818797058844,-0.573941637647,-0.0119632731885,0.0,-0.00861169831892,0.0085568949774,-0.999926306385,0.0,0.656053621181,0.253613110559,0.303387652146,1.0,-0.01508,-0.0198194285714,0.755
0.460852971861,0.516085153771,-0.124109582028,-1.40573812941,0.0765649370123,1.9124925483,0.152711580533,-0.0122519431722,-0.0794785637079,0.00128872977447,-0.130485718809,-0.00757974393807,0.0435215231405,-0.0194867592762,0.573998703613,0.818841762696,0.00209828909803,0.0,0.818799585703,-0.57393854508,-0.0119386693301,0.0,-0.00857175707932,0.00857102398128,-0.999926528565,0.0,0.655818211917,0.253305125457,0.303400013278,1.0,-0.0154,-0.02024,0.771
0.460671017181,0.514704981821,-0.124115895748,-1.40795228669,0.0764292765226,1.91331985947,0.15241576833,-0.0167659583182,-0.0868594321543,-0.000915499053322,-0.130467486737,-0.00852083072391,0.0473046856718,-0.0180864543511,0.573990167006,0.818847770594,0.00208894126305,0.0,0.818805475386,-0.573930051627,-0.0119430406164,0.0,-0.00858079122269,0.00856578933987,-0.999926495936,0.0,0.65554895272,0.252971686941,0.303385763836,1.0,-0.01574,-0.0206868571429,0.788
0.460482565946,0.513311749291,-0.124116010094,-1.41021613233,0.0762919759853,1.91409532899,0.152101842305,-0.0146847169038,-0.0762951170742,0.000874806000146,-0.132337383784,-0.00276579175428,0.0500238567827,-0.0212096251063,0.573969072414,0.818862756032,0.00200937715846,0.0,0.818819273032,-0.573909143199,-0.0120016817986,0.0,-0.00867469732607,0.0085340752209,-0.999925956852,0.0,0.655257311333,0.252628241664,0.303351912569,1.0,-0.01608,-0.0211337142857,0.805
0.460296880094,0.511958460082,-0.124125203908,-1.41237012037,0.0761614881809,1.9148697959,0.151793841271,-0.0142400074317,-0.0862201642961,3.71693201917e-05,-0.134427589416,-0.00745524854765,0.0569969248569,-0.0201254343223,0.573952983917,0.818874090704,0.00198563048574,0.0,0.818830254253,-0.573893114904,-0.0120189137324,0.0,-0.00870260494149,0.00852434983581,-0.999925797311,0.0,0.654990720251,0.252294874979,0.303342108925,1.0,-0.0164,-0.0215542857143,0.821
0.460099390719,0.510497555403,-0.124130195539,-1.41470838011,0.0760081433947,1.91576916833,0.151464436587,-0.00931452250178,-0.0800657493307,-0.0017419670884,-0.133406338263,-0.0131019582463,0.0485612404159,-0.0218636962353,0.573925511554,0.818893312347,0.00199927055857,0.0,0.818849758228,-0.573865690305,-0.0119995767313,0.0,-0.00867922745905,0.00852412954335,-0.999926002375,0.0,0.654695418774,0.251923371974,0.303329907334,1.0,-0.01676,-0.0220274285714,0.839
0.459894595446,0.508998434173,-0.124128743622,-1.41707322103,0.0758622411376,1.91662582811,0.151142192957,-0.0117027372657,-0.0869435313461,-0.00090868564657,-0.14313496077,-0.0117583761567,0.0503923341348,-0.0170967240655,0.573910852582,0.818903638236,0.00197774448251,0.0,0.818859800098,-0.573851121573,-0.0120110347253,0.0,-0.00870111666949,0.00851292253131,-0.999925907614,0.0,0.654398636412,0.251556752697,0.303325421593,1.0,-0.0171,-0.0224742857143,0.856
0.459696442457,0.507575909482,-0.124128838915,-1.41931207112,0.0757185385099,1.91741700479,0.150825172234,-0.0107415977493,-0.0907572929504,0.000172774657607,-0.138293025297,-0.00779354998933,0.0541092505515,-0.0245872979095,0.573895558801,0.818914392395,0.00196275780453,0.0,0.818870267133,-0.573835804406,-0.0120292181312,0.0,-0.00872476713207,0.00851092273068,-0.999925718558,0.0,0.654132694688,0.251234929147,0.303326019253,1.0,-0.0174,-0.0228685714286,0.871
0.459482305079,0.506018298543,-0.124131303428,-1.4217470644,0.0755778376667,1.91833304556,0.150491242585,-0.0109588362694,-0.0900229828154,0.000781103830583,-0.140995329866,-0.00450055985515,0.0463042562916,-0.0191738260334,0.573892063037,0.818916776054,0.00199017137777,0.0,0.818872952268,-0.573832136606,-0.0120213952366,0.0,-0.0087026654902,0.00852884503126,-0.999925758452,0.0,0.653853115716,0.25088352039,0.30333192939,1.0,-0.01772,-0.0232891428571,0.887
0.459239547535,0.504289023851,-0.124138105684,-1.42438056845,0.075402214906,1.91934971208,0.150127425378,-0.0101428160213,-0.0944085712578,-0.00339512453059,-0.144676117686,-0.00808592539669,0.0504891326517,-0.0250949272058,0.573881407681,0.818924010241,0.0020838112378,0.0,0.818881558618,-0.573821237764,-0.0119552058686,0.0,-0.00859483546665,0.00856742991684,-0.999926361263,0.0,0.653523610361,0.250452637446,0.303378753935,1.0,-0.0181,-0.0237885714286,0.906
0.459022856679,0.502710993924,-0.124140740384,-1.42671034909,0.0752555932597,1.92022994205,0.149796123346,-0.0163459880046,-0.0996821829431,9.92201899568e-06,-0.148751286947,-0.00424435679843,0.0505235710365,-0.0226541078919,0.573869375914,0.818932159927,0.00219174036162,0.0,0.818891159808,-0.573808813255,-0.0118937429533,0.0,-0.00848269198863,0.00862041762239,-0.999926863494,0.0,0.653243654815,0.250089916359,0.303448190754,1.0,-0.01842,-0.0242091428571,0.922
0.458785700975,0.500997545826,-0.124139442862,-1.42928052229,0.0750895750145,1.9211323332,0.14945143105,-0.0138379518039,-0.103123755648,0.00134484371919,-0.153787415903,-0.00439994264971,0.0529424736461,-0.024353702627,0.573866457345,0.81893410201,0.00222993295105,0.0,0.818893559619,-0.573805702297,-0.0118785911482,0.0,-0.00844839778985,0.00864296915639,-0.999926959162,0.0,0.652918041328,0.249687988144,0.303498941905,1.0,-0.01876,-0.024656,0.939
0.458539920859,0.499298333544,-0.1241420317,-1.43187967039,0.0749196418793,1.92208681724,0.149078728504,-0.0173402653785,-0.100560784857,0.000661342598635,-0.154228667503,-0.00847527154595,0.0565194484328,-0.0177830377935,0.573850685694,0.818945040393,0.00227117718169,0.0,0.818905082621,-0.57378981901,-0.0118514201309,0.0,-0.00840264517077,0.00866099085711,-0.999927188745,0.0,0.652597557825,0.249277490634,0.303529997903,1.0,-0.0191,-0.0251028571429,0.956
0.458302454616,0.497718155988,-0.124144080659,-1.43436688852,0.0747674271133,1.92301175028,0.148711714483,-0.0155719735054,-0.0982144497186,0.00086262887923,-0.157502512589,-0.0113428401694,0.0521649431189,-0.0199946489568,0.573831342034,0.818958553937,0.00228576766217,0.0,0.8189187434,-0.573770376707,-0.0118487730422,0.0,-0.00839230984194,0.00867122226576,-0.999927186869,0.0,0.652290785345,0.248885368149,0.303528226119,1.0,-0.01942,-0.0255234285714,0.972
0.458037368939,0.496044397403,-0.124150435434,-1.43704834155,0.0745995750747,1.92394930369,0.148309217539,-0.0144872223046,-0.099547607949,0.00284801993659,-0.158132227105,-0.00629474706929,0.0546464125691,-0.0233958110141,0.573813389897,0.818971300925,0.00222457603074,0.0,0.818930600584,-0.57375257267,-0.0118913280369,0.0,-0.0084624631,0.00864534308578,-0.999926819703,0.0,0.651949500482,0.248449489663,0.303499906387,1.0,-0.01976,-0.0259702857143,0.989
0.457744631052,0.494259995878,-0.124147138889,-1.4399591816,0.07442186187,1.92496405931,0.147899510647,-0.0220291786742,-0.100227165705,-0.00236384979521,-0.16350148302,-0.000997183874813,0.0505944441287,-0.0172853504699,0.573813667589,0.818971352983,0.00213184962159,0.0,0.818929242424,-0.573753022198,-0.0119629562566,0.0,-0.00857432839028,0.00861050757934,-0.9999261673,0.0,0.65157482462,0.247979312324,0.303445290645,1.0,-0.0212177142857,-0.0278861387755,1.007
0.457472088888,0.492450283663,-0.124170050643,-1.4428014319,0.0742436833514,1.92602353156,0.147499780091,-0.0176035904444,-0.114231432385,0.000376454342296,-0.184195087399,-0.0125279978125,0.0637490926123,-0.0313472495314,0.57382054689,0.818966493133,0.0021470896698,0.0,0.8189246633,-0.573759920471,-0.0119455599358,0.0,-0.00855126396925,0.00861307824861,-0.999926342671,0.0,0.651225882863,0.247518384757,0.303444753375,1.0,-0.0245182857143,-0.0322240326531,1.023
0.45714954347,0.490287432279,-0.124179295741,-1.44630448117,0.074035341196,1.92727263793,0.146987922736,-0.0225234674302,-0.128327953565,0.00126037644553,-0.219026351131,-0.0154485807012,0.0740800800159,-0.0411662026957,0.573790881855,0.818987470832,0.00207205736802,0.0,0.818944464189,-0.573730372671,-0.0120071208117,0.0,-0.00864504570351,0.00858664166956,-0.999925763629,0.0,0.650772561888,0.246967505358,0.303390717608,1.0,-0.0280251428571,-0.036833044898,1.04
0.456755634069,0.487765133855,-0.124200162047,-1.45028568694,0.0737956627197,1.92873362337,0.146415244159,-0.0236931274959,-0.154532676351,-0.00511660670175,-0.24489118872,-0.0134860408159,0.0912385924868,-0.0400854381452,0.573792715395,0.818986185178,0.00207247410105,0.0,0.818943109195,-0.573732129956,-0.0120155673902,0.0,-0.00865170529147,0.00859184884356,-0.999925661301,0.0,0.650273978357,0.246320950939,0.303376387182,1.0,-0.031532,-0.0414420571429,1.057
0.456312970332,0.484920103643,-0.124246988955,-1.45464350919,0.0735244074188,1.93038988086,0.145769820205,-0.0257170592769,-0.174289835482,-0.00137965781625,-0.265961124591,-0.0179449094042,0.0970414796919,-0.0404121746012,0.573802642795,0.8189789438,0.00218257529428,0.0,0.818937515222,-0.573741811891,-0.0119342511468,0.0,-0.00852182976696,0.00863546389554,-0.999926400882,0.0,0.649747354995,0.245595475448,0.303422871576,1.0,-0.0350388571429,-0.0460510693878,1.074
0.455798023696,0.481804604724,-0.124287743755,-1.45950498697,0.0732300975609,1.93204917487,0.145032575088,-0.0325398484255,-0.187995737482,-0.00170570714581,-0.299772510614,-0.00847052766549,0.101718170858,-0.0403770544983,0.573808295832,0.818975170849,0.00211094010349,0.0,0.818932597221,-0.573747547227,-0.0119958392928,0.0,-0.00861331366055,0.00861219557465,-0.999925817706,0.0,0.649118749859,0.244767876466,0.30341550378,1.0,-0.0385457142857,-0.0506600816327,1.091
0.455283527308,0.47858699075,-0.124341474979,-1.46449137202,0.0729257608038,1.93385767345,0.14429339273,-0.0382438467329,-0.204335498916,-0.00722385639171,-0.311556335288,-0.0154686042572,0.108751828234,-0.0423577003365,0.573828545111,0.818960870919,0.00215397754277,0.0,0.818918883038,-0.573767639667,-0.0119710307179,0.0,-0.00856808809421,0.00863341824383,-0.999926023242,0.0,0.648451760473,0.24387265742,0.303440468928,1.0,-0.0420525714286,-0.0552690938775,1.108
0.454540818828,0.474183529867,-0.124383684519,-1.4712208999,0.0725212492791,1.93633975858,0.143326822005,-0.0417992770564,-0.228319913425,-0.00178326742217,-0.35053026045,-0.0229968070472,0.127424014319,-0.0519993030403,0.573886856462,0.818919689534,0.00227265798905,0.0,0.818879166624,-0.573825377509,-0.0119202977388,0.0,-0.00845782053416,0.00870210201994,-0.999926366635,0.0,0.647651454273,0.242787066549,0.303491465993,1.0,-0.045972,-0.0604203428571,1.127
0.45386533563,0.470159056208,-0.124410625887,-1.47740818394,0.072144608682,1.93851159801,0.142398317777,-0.0472961013084,-0.243832810148,-0.000126748396246,-0.368054418376,-0.025910705169,0.139578289505,-0.0551810242967,0.573892654539,0.818915584486,0.0022876741171,0.0,0.818874971973,-0.573830820713,-0.0119463959736,0.0,-0.00847051500876,0.00872943604469,-0.999926020924,0.0,0.646845475935,0.241742347716,0.303516999883,1.0,-0.0494788571429,-0.065029355102,1.144
0.453271885059,0.466591262192,-0.124429094874,-1.48274672128,0.0717965929879,1.94054507493,0.141510103822,-0.0427457424471,-0.257551206086,-0.00295629585926,-0.395079644288,-0.0284833892359,0.134941079031,-0.0626292520558,0.573823299404,0.818963558859,0.00250144415436,0.0,0.818925937498,-0.573760859541,-0.0118123601589,0.0,-0.00823882038899,0.00882687492404,-0.999927101402,0.0,0.646181822375,0.240845631631,0.303615124541,1.0,-0.0523668571429,-0.0688250122449,1.158
0.45254452075,0.462337594317,-0.124436667167,-1.48932181698,0.071364920521,1.94280917042,0.140523357899,-0.0500814845389,-0.271293162359,-0.00151223799987,-0.425381887565,-0.0300004470841,0.14905885667,-0.0583219582937,0.573806520052,0.818975469585,0.00245044191922,0.0,0.818936963235,-0.573744040582,-0.0118647816828,0.0,-0.00831119871858,0.00881501626887,-0.999926607039,0.0,0.645301465858,0.239735712444,0.303614189408,1.0,-0.0556674285714,-0.0731629061224,1.174
0.451722476017,0.457566631497,-0.124453722878,-1.49668923419,0.070869929856,1.94536214026,0.139423413597,-0.0535066933243,-0.277496638852,-0.000818772331221,-0.442923997676,-0.0268182673984,0.157042057283,-0.0722318220506,0.573797212041,0.818982131971,0.00240288724616,0.0,0.818942899325,-0.573734805664,-0.0119015678159,0.0,-0.00836871246008,0.0087970832509,-0.999926285272,0.0,0.644313391974,0.23848329954,0.303612943868,1.0,-0.0591742857143,-0.0777719183673,1.191
0.450825650719,0.452552765286,-0.124471794618,-1.50439387034,0.0703445196009,1.94813576748,0.138173495149,-0.0558153648664,-0.304588836614,8.69118274317e-05,-0.447829695671,-0.0348607670679,0.16007076057,-0.0787912277343,0.573730333889,0.81902882915,0.00245517774618,0.0,0.818990386899,-0.573667848527,-0.0118613926276,0.0,-0.00830652590687,0.00881617746362,-0.99992663563,0.0,0.643300548548,0.237157022671,0.30363165156,1.0,-0.0626811428571,-0.0823809306122,1.208
0.449934845526,0.447524952837,-0.12451947559,-1.51190140016,0.0698320064931,1.9509521778,0.137035978928,-0.058422651763,-0.315171765132,-0.00141387867952,-0.475707435347,-0.0334940893185,0.173125419991,-0.0686277744474,0.573762937145,0.819005172432,0.0027141095269,0.0,0.818970554676,-0.573699997583,-0.0116743414033,0.0,-0.00800441547478,0.0089212519592,-0.999928167718,0.0,0.642340621339,0.235846824444,0.303751755854,1.0,-0.0659817142857,-0.0867188244898,1.224
0.448929976098,0.442026913225,-0.124549584442,-1.5204990079,0.0692553472447,1.95380386277,0.135727784544,-0.0561351210817,-0.329576050057,-0.000995719718251,-0.51552969205,-0.031491397515,0.172973474922,-0.0815144082552,0.573761310489,0.819006999149,0.00249816587246,0.0,0.818969184167,-0.573698729281,-0.0118317500021,0.0,-0.008257250455,0.00883469134825,-0.999926880349,0.0,0.641137512968,0.234347435013,0.303672157987,1.0,-0.0694885714286,-0.0913278367347,1.241
0.447851864221,0.436247498694,-0.124576165737,-1.52941928143,0.0686515427725,1.95686504034,0.134285695895,-0.066025193051,-0.34917719787,-0.0020651461519,-0.531529977928,-0.0322538075363,0.194062750318,-0.0832181577366,0.573708660543,0.819044110779,0.00242163517978,0.0,0.819005076144,-0.573646143447,-0.0118968172171,0.0,-0.00835501725694,0.00880880817201,-0.999926296577,0.0,0.639905461094,0.232781102705,0.303641633899,1.0,-0.0729954285714,-0.0959368489796,1.258
0.446604020658,0.429828055024,-0.124613380695,-1.53900173945,0.0679869283866,1.96037961643,0.132721093552,-0.0662888000474,-0.349138090308,0.00106455148409,-0.546858210712,-0.033883760918,0.182383825605,-0.0894491463113,0.573708535453,0.819043347654,0.00269405131081,0.0,0.819008228483,-0.573645405408,-0.0117139845329,0.0,-0.00804898591775,0.00892703497529,-0.999927758327,0.0,0.638640589808,0.231053747913,0.303762423242,1.0,-0.0767085714286,-0.100816979592,1.276
0.445418537688,0.42394463176,-0.124694073774,-1.54809107888,0.0673303006391,1.9633851623,0.131227374765,-0.0729489136558,-0.379188789965,-0.0116829633514,-0.573567617768,-0.0407171740981,0.196015234261,-0.0931830324816,0.573719399889,0.819036382328,0.00249028393321,0.0,0.818998689939,-0.573657094583,-0.0118080741228,0.0,-0.00824283196606,0.00881423017971,-0.999927179882,0.0,0.637365354705,0.229363368612,0.303701807954,1.0,-0.0800091428571,-0.105154873469,1.292
0.444086647711,0.417411508596,-0.124794084603,-1.55799232435,0.0666173789241,1.96676829109,0.129659270893,-0.0773452641264,-0.397904942576,-0.00522818556749,-0.585623762376,-0.0430593276484,0.211806679554,-0.096748845252,0.573815831467,0.818968907056,0.00246327709605,0.0,0.818931176128,-0.573753948954,-0.0117848091184,0.0,-0.00823823589389,0.00877973348941,-0.999927521248,0.0,0.635995999269,0.227501726669,0.30371955524,1.0,-0.083516,-0.109763885714,1.309
0.442678145276,0.41062598622,-0.124813317476,-1.56813252282,0.0659334000609,1.97038780738,0.127919048163,-0.0844903266248,-0.409547732116,-0.000449246365131,-0.602475169795,-0.0386200272425,0.20237130726,-0.104452528188,0.573786605583,0.818988682208,0.00268636720894,0.0,0.818953724613,-0.573723782505,-0.0116861127842,0.0,-0.00802971594986,0.00890551687714,-0.999928105131,0.0,0.63459888224,0.225638426907,0.303801676042,1.0,-0.0870228571428,-0.114372897959,1.326
0.441278557014,0.404143692678,-0.124867436503,-1.5781372635,0.06521696618,1.97365486211,0.126308639196,-0.0898277540142,-0.410051014932,-0.00496993062379,-0.628615348011,-0.044298676274,0.203489722473,-0.0949663074934,0.573856817508,0.81894022393,0.00245143431184,0.0,0.818901929559,-0.57379453905,-0.0118407610614,0.0,-0.00829041551034,0.00880255522419,-0.999926889344,0.0,0.633146767885,0.223749762162,0.303704047699,1.0,-0.0903234285714,-0.118710791837,1.342
0.43971880366,0.396886704376,-0.124951802814,-1.58880933926,0.0644635985389,1.9774554359,0.124446664397,-0.0939113754218,-0.428517032102,0.000118770944841,-0.63350679045,-0.0417509243467,0.222084665974,-0.115518447188,0.573884696043,0.818919731757,0.00275236050277,0.0,0.81888569655,-0.573821705252,-0.011645319657,0.0,-0.00795737105663,0.00893711144625,-0.999928401579,0.0,0.631670244954,0.221707708222,0.303844766262,1.0,-0.0938302857143,-0.123319804082,1.359
0.438163327541,0.389972183326,-0.124969534384,-1.59932272594,0.0636508666734,1.9809483373,0.122672418223,-0.0988083052545,-0.432482710254,-0.00417168416967,-0.659496344766,-0.0508733003918,0.219554717451,-0.111739617203,0.573894407908,0.81891335573,0.00262131248056,0.0,0.818877732478,-0.573831998137,-0.0116980368635,0.0,-0.00807564112599,0.00886014294487,-0.999928138362,0.0,0.630132071174,0.21969954004,0.30379118156,1.0,-0.0971308571428,-0.127657697959,1.375
0.436451860785,0.382331068288,-0.125040318011,-1.61078676614,0.0627848959333,1.98464562855,0.120604194312,-0.102525576091,-0.462654865049,-0.00340942006522,-0.660450926274,-0.0483546112772,0.223339327078,-0.114923872124,0.573842680084,0.818950031142,0.00248433236965,0.0,0.818912560145,-0.573780700931,-0.0117759491228,0.0,-0.00821861016618,0.00879216246262,-0.99992757354,0.0,0.628424894645,0.217473983256,0.303778072076,1.0,-0.100637714286,-0.132266710204,1.392
0.434544386135,0.37404941122,-0.125063108579,-1.62312818052,0.0619123918528,1.98887054026,0.118423058785,-0.113875207013,-0.460143911387,0.000404088631547,-0.696126716394,-0.0541715106068,0.237201633711,-0.128617615057,0.573846559092,0.81894687908,0.00262350237262,0.0,0.818910878231,-0.57378370243,-0.0117466267781,0.0,-0.008114696668,0.00888934713703,-0.999927562979,0.0,0.62661130452,0.215101544962,0.303804450008,1.0,-0.104350857143,-0.137146840816,1.41
