position_joint1,position_joint2,position_joint3,position_joint4,position_joint5,position_joint6,position_joint7,velocity_joint1,velocity_joint2,velocity_joint3,velocity_joint4,velocity_joint5,velocity_joint6,velocity_joint7,ee_T_00,ee_T_10,ee_T_20,ee_T_30,ee_T_01,ee_T_11,ee_T_21,ee_T_31,ee_T_02,ee_T_12,ee_T_22,ee_T_32,ee_T_03,ee_T_13,ee_T_23,ee_T_33,v_x,v_y,time
0.465085423865,0.547884703017,-0.123909705021,-1.35586655829,0.0794612296952,1.89409313292,0.159165071983,-0.00154476738408,-0.000190989604082,-0.000376745869006,0.000386956273007,0.000246625594311,1.48687428599e-05,0.00044734943226,0.573737560755,0.819025430039,0.00181747882653,0.0,0.818980450736,-0.573679455636,-0.0119854242364,0.0,-0.00877388590005,0.0083651287492,-0.999926519074,0.0,0.661646149196,0.260931688878,0.303121752647,1.0,0.0,0.0,0.0
0.465083306713,0.547880012823,-0.123910426347,-1.35586655828,0.0794605176184,1.894093146,0.159160342057,9.11886024963e-05,-0.000996605593319,-0.000125027127395,-8.89095752732e-05,-0.000162446393532,0.000149051591546,-0.00112406658185,0.573735728764,0.819026705319,0.00182110275018,0.0,0.818981783579,-0.573677618067,-0.0119823034413,0.0,-0.00876926945728,0.00836628665254,-0.999926549883,0.0,0.661647035165,0.260929818957,0.303125098857,1.0,-0.00014,-0.000184,0.008
0.465082279085,0.547878357879,-0.123908656721,-1.35587315667,0.0794599072668,1.8940923322,0.159160844746,8.98362845695e-05,-0.00043005853558,0.00214887217491,-0.00086671745127,-0.000277372311529,-0.000131111790339,-0.000103833283698,0.573735934503,0.81902657128,0.00181656227504,0.0,0.818981578629,-0.573677832209,-0.0119860585476,0.0,-0.00877494787234,0.00836472458838,-0.999926513136,0.0,0.661645298709,0.260929246063,0.303123000647,1.0,-0.00038,-0.000499428571429,0.02
0.465081957081,0.54787198374,-0.12391337576,-1.35587871929,0.0794612164979,1.89409304622,0.159160412089,0.000118433080894,-0.00288099080717,-0.000287548956546,0.000883839636694,0.000172694409508,0.000513555641974,-0.00742865386876,0.573739785684,0.819023870882,0.00181773199314,0.0,0.818978901143,-0.57368168517,-0.0119845936319,0.0,-0.00877303762247,0.00836488338209,-0.999926528569,0.0,0.661645429505,0.260925986661,0.303125089339,1.0,-0.00074,-0.000972571428571,0.038
0.465079045981,0.547830925693,-0.123911487373,-1.35591867692,0.0794605176184,1.89409737182,0.159156551974,-0.00207109398157,-0.00197695374623,-0.00118267749895,-0.00544223323186,-0.0001862404876,-0.000543421850609,-0.00119131759806,0.57373964253,0.819023955885,0.00182460338791,0.0,0.818979036366,-0.573681474816,-0.0119854222309,0.0,-0.00876977561137,0.00837098495813,-0.999926506123,0.0,0.661638584835,0.260921132131,0.303135470085,1.0,-0.00104,-0.00136685714286,0.053
0.465088561575,0.547701052869,-0.123900101001,-1.35607177309,0.0794578030206,1.89412974997,0.159161969396,0.000542708692803,-0.00969633555493,0.00276946400186,-0.00636118408225,0.000147863230717,-0.000266688629129,0.00102820935241,0.573735959666,0.819026500551,0.00184034841381,0.0,0.818981635116,-0.573677579931,-0.0119942706764,0.0,-0.00876802772621,0.00838891746281,-0.999926371166,0.0,0.661608434073,0.260919313048,0.303157038038,1.0,-0.0014,-0.00184,0.071
0.465071944335,0.547557612943,-0.123908631281,-1.35627711075,0.0794531365486,1.89417191432,0.159150462109,-0.00354049519935,-0.00630409624314,0.000453930400563,-0.00971543048125,-0.000246553679577,0.00199211036153,-0.00117859730177,0.573756107621,0.819012415884,0.00182715543315,0.0,0.818967305375,-0.573697712777,-0.0120097453235,0.0,-0.00878806483615,0.00838720677164,-0.999926209617,0.0,0.661580107283,0.260882996199,0.303164854931,1.0,-0.00174,-0.00228685714286,0.088
0.465058413738,0.547407528323,-0.123906134405,-1.3564720842,0.0794506785569,1.89428369156,0.159148415374,-0.00165779272665,-0.0057736140447,0.00118926969725,-0.017224286263,-0.000113232089661,0.00764695509672,0.00110037643135,0.573774271908,0.818999551338,0.00188857263218,0.0,0.818955199659,-0.573715569685,-0.0119821931691,0.0,-0.00873007538698,0.00842189268604,-0.999926426047,0.0,0.661564759971,0.260861525625,0.30318798969,1.0,-0.00204,-0.00268114285714,0.103
0.465037512741,0.547191398134,-0.123908631283,-1.35671535505,0.0794480657662,1.89442258423,0.159130015847,0.000771778646686,-0.0150111416354,-0.000914219544766,-0.0158680527914,-2.25667894296e-05,0.00876631084547,-0.000342714724271,0.573791230405,0.818987432073,0.00198920054674,0.0,0.818944365829,-0.573732076179,-0.0119321976897,0.0,-0.00863121796295,0.00847579815944,-0.999926828784,0.0,0.661548566806,0.26082924857,0.303237431911,1.0,-0.0024,-0.00315428571429,0.121
0.465003687776,0.546975342535,-0.12390612563,-1.35701791327,0.079439920278,1.89455514369,0.159107767091,-0.000556756773286,-0.0110967065066,0.000339886883377,-0.0218474142358,-0.00133974983567,0.0114174134586,-0.00751831481286,0.573813835814,0.818971483858,0.00203404936851,0.0,0.818928927356,-0.573754419683,-0.0119174131059,0.0,-0.00859314212463,0.00850428212857,-0.999926914876,0.0,0.661520016481,0.260782937222,0.303257869236,1.0,-0.00274,-0.00360114285714,0.138
0.464965238137,0.546739669286,-0.123904291841,-1.35737510176,0.0794329674015,1.8946782971,0.159047361352,-0.000137424775357,-0.0161146010787,-0.00161922573584,-0.0235743494292,-0.000250502700276,0.00180068622155,-0.00507193005891,0.573812638423,0.818972296749,0.00204451607629,0.0,0.818929719597,-0.573753023791,-0.0119301698902,0.0,-0.00859759688496,0.00852016127807,-0.999926741406,0.0,0.661478842318,0.260726497305,0.303265395351,1.0,-0.00306,-0.00402171428571,0.154
0.464923903322,0.546453873028,-0.123906125742,-1.35780019891,0.0794198169715,1.89483963762,0.158952129937,-0.00373601461368,-0.014750671895,-4.21795417972e-05,-0.0256332159439,0.000186661509713,0.00925583758104,-0.00170773918012,0.573790072416,0.818988042583,0.00207021839622,0.0,0.818945697056,-0.573730252105,-0.0119285369538,0.0,-0.00858174743356,0.00854003695229,-0.999926708004,0.0,0.661432942087,0.260660217445,0.303279507955,1.0,-0.0034,-0.00446857142857,0.171
0.464866829569,0.546141427039,-0.123911747137,-1.35832663352,0.0793930520729,1.89502433172,0.158922704769,-0.00199568708388,-0.0225284255877,-0.00106754914458,-0.03261005579,0.000433165768968,0.0116561505802,0.000702040970316,0.573838945887,0.818953860995,0.00204564082376,0.0,0.818911161999,-0.573779188072,-0.0119456682468,0.0,-0.00860937075901,0.00853025201247,-0.999926554071,0.0,0.661374827989,0.26056902862,0.303266369699,1.0,-0.00376,-0.00494171428571,0.189
0.464820960439,0.545861547508,-0.123909329341,-1.35879121616,0.0793318506637,1.89517146362,0.158866862708,-0.00312149612259,-0.0185148944401,-0.00043084595313,-0.0376229593501,-0.00966746642866,0.0143669630905,-0.0056452855475,0.573838644163,0.818954194445,0.00199618814973,0.0,0.818911101422,-0.573779339209,-0.0119425610738,0.0,-0.00863520522079,0.00848796711044,-0.999926691135,0.0,0.661319683138,0.260488693655,0.30325599959,1.0,-0.00404,-0.00530971428571,0.203
0.464749072199,0.545473089629,-0.123916553509,-1.35946102382,0.0792670647188,1.89540795209,0.158753002184,-0.00103062028757,-0.0190618914702,-0.00102106046526,-0.0411253024914,8.51637906133e-05,0.0134641877166,-0.0110875548021,0.573829494985,0.818960735265,0.0019420813694,0.0,0.81891717078,-0.57377064617,-0.0119440318403,0.0,-0.00866755069292,0.00844440412039,-0.999926780121,0.0,0.661247213514,0.260368124706,0.303232875819,1.0,-0.0044,-0.00578285714286,0.221
0.46468939196,0.545091001822,-0.123913227186,-1.36011889111,0.0792478704886,1.89561727022,0.158696409125,-0.00312283513029,-0.0304615173625,0.000351508073253,-0.0413516644223,-0.00184299246372,0.0125787125681,-0.00521125031116,0.573860289655,0.818939258076,0.00189906311912,0.0,0.818894848758,-0.573801344145,-0.0119996265127,0.0,-0.00873744848606,0.00844140467522,-0.999926197117,0.0,0.661157139156,0.260265271532,0.303209572658,1.0,-0.00474,-0.00622971428571,0.238
0.464625762506,0.544678165245,-0.123917162198,-1.3607903515,0.0792258419108,1.8958549208,0.158616630921,-0.00281079899762,-0.0321978495148,-0.000288144782642,-0.0391796449592,-0.00074387025874,0.0124945302727,-0.0107624937717,0.573882345516,0.81892382836,0.00188778997,0.0,0.81887910242,-0.573823282259,-0.0120251094806,0.0,-0.00876455960045,0.00844703242156,-0.999925912325,0.0,0.661081233375,0.260157325108,0.303199770758,1.0,-0.00506,-0.00665028571429,0.254
0.464552944359,0.54418229803,-0.12392130858,-1.36161914228,0.0791842999234,1.896164382,0.158489104883,-0.00272657943921,-0.0335231954522,-0.000548808792812,-0.0526702699907,-0.00628943840858,0.0220895267377,-0.00374324165162,0.57387550142,0.818928663787,0.00187066825185,0.0,0.818883671154,-0.573816471753,-0.0120389685159,0.0,-0.00878580529797,0.00844089129253,-0.999925777735,0.0,0.660992557886,0.260034425061,0.303185014993,1.0,-0.0054,-0.00709714285714,0.271
0.464482372576,0.543675045033,-0.123921424254,-1.36245353538,0.0791425752186,1.89643860098,0.158406817859,-0.00104163587061,-0.0349144495681,-0.00137290825614,-0.0497287058259,-0.000539469393063,0.0172090813379,-0.00538564178231,0.573901130073,0.818910794692,0.00183033837542,0.0,0.81886513847,-0.57384214307,-0.0120758741955,0.0,-0.00883890861457,0.00842932042522,-0.999925407344,0.0,0.660889238452,0.259907187069,0.303170552068,1.0,-0.00574,-0.007544,0.288
0.464409577407,0.543160961116,-0.12392891793,-1.36326342845,0.0790942882177,1.8967271285,0.158294033193,-0.00234339850205,-0.0334456226502,-0.00151089153944,-0.0515257374593,-0.00196819285005,0.0112198053419,-0.00807721538365,0.57390574265,0.818907579142,0.00182271184368,0.0,0.81886183237,-0.573846797464,-0.0120788835861,0.0,-0.00884570226925,0.0084248520196,-0.999925384926,0.0,0.660797122764,0.259777125488,0.303173993548,1.0,-0.00606,-0.00796457142857,0.304
0.464330354571,0.542588602643,-0.12391969799,-1.36417223028,0.0790423074346,1.89705390351,0.158161613739,-0.00344462240638,-0.0335590361333,0.00257604476288,-0.0577280941942,-0.00633324443375,0.0275677934437,-0.0088492123848,0.573892313101,0.818917000573,0.00181825091691,0.0,0.81887109597,-0.573833294622,-0.0120923558053,0.0,-0.00885943340343,0.00842878544529,-0.999925230213,0.0,0.66068929541,0.259643531704,0.303174283183,1.0,-0.0064,-0.00841142857143,0.321
0.464255489353,0.541979329713,-0.12392852034,-1.36510777402,0.0789853975754,1.89740495565,0.158052912731,-0.00675292262467,-0.0371611707429,-0.00038143574918,-0.0585162745591,-0.0043098417464,0.0178465394347,-0.00545417332853,0.573907561176,0.818906273887,0.0018364951083,0.0,0.818860658086,-0.573848507993,-0.0120772271225,0.0,-0.00883641721236,0.00843520796048,-0.999925379715,0.0,0.660584258125,0.259500533546,0.30319056309,1.0,-0.00674,-0.00885828571429,0.338
0.464183230755,0.541360214669,-0.123927472734,-1.3660484726,0.0789356359839,1.89775946816,0.157918467647,-0.000560404661948,-0.0412636344296,-0.000593152737039,-0.0633137086443,-0.00432407627725,0.0345778526797,-0.0104659953105,0.573894813048,0.818915135178,0.00186864485979,0.0,0.818869869275,-0.573835552787,-0.0120682414925,0.0,-0.00881074039113,0.00845624097604,-0.999925428641,0.0,0.660475493167,0.259365893166,0.303211252024,1.0,-0.00706,-0.00927885714286,0.354
0.46408713555,0.540633687273,-0.123920704315,-1.36717039809,0.0788659853655,1.89817179335,0.157783301587,-0.0104435348577,-0.0420089955256,0.00167797025605,-0.060472982873,-0.000707740350521,0.0189358004846,-0.00756064973767,0.573901577819,0.818910360509,0.00188343538135,0.0,0.818865257709,-0.573842222963,-0.0120639862489,0.0,-0.00879869798439,0.00846598353835,-0.99992545224,0.0,0.660345044871,0.259199439881,0.303226323619,1.0,-0.00742,-0.009752,0.372
0.463990246207,0.539849706034,-0.123927855731,-1.36834872913,0.0787967870277,1.89861621331,0.157642139018,-0.00151888276988,-0.0461059834786,0.00052256365723,-0.0670093018637,-0.00463044617839,0.0349836840449,-0.00570715066147,0.573917044684,0.81889942364,0.00192527515563,0.0,0.818854891464,-0.57385752927,-0.0120395069408,0.0,-0.00875448020161,0.00848636261028,-0.9999256676,0.0,0.660212627153,0.259020715237,0.303258269602,1.0,-0.00778,-0.0102251428571,0.39
0.463903251379,0.539192697036,-0.123932070467,-1.36938247974,0.0787422621769,1.89901259357,0.157501318377,-0.00628176414409,-0.0396829004653,-0.000320243851342,-0.0705450245769,-0.00592407524702,0.0369279561319,-0.0102820944639,0.57391857979,0.818898302846,0.00194429159581,0.0,0.818853975868,-0.57385894027,-0.0120345244493,0.0,-0.00873947079424,0.00849909171771,-0.999925690784,0.0,0.660096434891,0.258864834884,0.303264954896,1.0,-0.00808,-0.0106194285714,0.405
0.463786887919,0.538364508969,-0.123934887998,-1.3706441915,0.0786671604608,1.89949277364,0.157356792029,-0.00850864020018,-0.0490675895787,-0.000652340620157,-0.072378498446,-0.0010812367633,0.0188295584791,-0.00846084747496,0.573947083102,0.818878232366,0.00198324388543,0.0,0.818834429715,-0.573887288615,-0.0120126425582,0.0,-0.00869890052883,0.00851873354455,-0.999925877407,0.0,0.65995692237,0.258667943442,0.303291142538,1.0,-0.00844,-0.0110925714286,0.423
0.463681706885,0.537627920599,-0.123938049251,-1.37182412319,0.0786028868018,1.89994748036,0.157215752022,-0.00822628932784,-0.0496668238547,-0.00279448690517,-0.0714451734738,-0.00187863828177,0.0280251397411,-0.013669657896,0.573967922932,0.818863599,0.00199413610269,0.0,0.818819902805,-0.57390804448,-0.0120112510957,0.0,-0.00869129288393,0.00852707534562,-0.99992587246,0.0,0.659825166411,0.258486765205,0.303289250396,1.0,-0.00876,-0.0115131428571,0.439
0.463570517598,0.536836425448,-0.123940960019,-1.37304956495,0.0785304369863,1.90040607538,0.157069759907,-0.00349148365176,-0.0540575332411,-0.000818099276083,-0.0726144386239,-0.00690427728993,0.032080810043,-0.0131158106993,0.573989521681,0.81884840906,0.00201466652908,0.0,0.818804978044,-0.573929550757,-0.0120010665648,0.0,-0.00867094455024,0.00853826982847,-0.999925953593,0.0,0.659686781786,0.258296050435,0.303304644605,1.0,-0.00908,-0.0119337142857,0.455
0.463459080333,0.535971280605,-0.123947298604,-1.37440093952,0.0784506350744,1.90090299891,0.156902516946,-0.00597748949221,-0.0528081194167,-0.000797076482407,-0.0868293351276,-0.00928490059208,0.0315471328849,-0.0108036909582,0.574001572274,0.818839973092,0.00201007321339,0.0,0.818796510219,-0.573941646913,-0.0120003205552,0.0,-0.00867284440915,0.00853420810883,-0.999925971791,0.0,0.659520582124,0.258071755238,0.303309283269,1.0,-0.00944,-0.0124068571429,0.473
0.46332694933,0.535019939469,-0.123955059375,-1.37591523494,0.0783707658911,1.90144697804,0.156709315217,-0.0068337638636,-0.0506352143025,-0.00205401466032,-0.091243107493,-0.00698508785421,0.028539244203,-0.00686197337296,0.574018170964,0.818828335389,0.0020108379955,0.0,0.818784740034,-0.573958100115,-0.0120164762033,0.0,-0.00868546167332,0.00854428366099,-0.999925776232,0.0,0.659351813279,0.257855723443,0.303313353037,1.0,-0.00978,-0.0128537142857,0.49
0.463209935407,0.534181845671,-0.123953423131,-1.37730222415,0.0782874653928,1.90194532207,0.156554030815,-0.00737383774091,-0.0545026495755,-0.000301571369449,-0.089399819773,-0.0124358153785,0.0222317029734,-0.0125044473452,0.574039266103,0.818813653323,0.00196697859415,0.0,0.818769427856,-0.573979323999,-0.0120460172359,0.0,-0.00873460650538,0.00852555297501,-0.999925508023,0.0,0.659185164212,0.257646238438,0.303287581323,1.0,-0.0101,-0.0132742857143,0.506
0.46308386243,0.533264707823,-0.123956488237,-1.37877623968,0.0782063386259,1.90250785472,0.156359107992,-0.00421591471033,-0.0518858929298,-0.000600358824713,-0.0855586746903,0.000349123996492,0.0316820497063,-0.0135305443217,0.574044039796,0.818810290799,0.00197356490431,0.0,0.818766096051,-0.573984014708,-0.0120489716651,0.0,-0.00873319542696,0.00853269268281,-0.999925459448,0.0,0.659016101014,0.257423474956,0.303281695861,1.0,-0.01044,-0.0137211428571,0.523
0.462951427927,0.53231518409,-0.123954851549,-1.38034144945,0.078124920494,1.90309140841,0.156167021086,-0.00842656608357,-0.054735480032,0.000173818221345,-0.0892598434608,-0.00449457432711,0.0338935327537,-0.00557861083794,0.57405774767,0.818800732982,0.00195164303704,0.0,0.818756100679,-0.573997668461,-0.0120777110096,0.0,-0.00876916890817,0.00853138747777,-0.999925155751,0.0,0.658831013875,0.25719024988,0.303256740255,1.0,-0.01078,-0.014168,0.54
0.462837267779,0.53136495692,-0.123957166889,-1.38184822436,0.0780254207085,1.90363914594,0.15597811356,-0.00779667325328,-0.0613298211561,-0.000182691103109,-0.0957529199197,-0.00970932109114,0.0371733772561,-0.0122068452506,0.574053432202,0.818803789843,0.00193845745419,0.0,0.818759037105,-0.573993461433,-0.0120785881892,0.0,-0.0087775008754,0.00852104862142,-0.999925170805,0.0,0.658649219362,0.256968408319,0.30325685343,1.0,-0.0111,-0.0145885714286,0.556
0.462694381248,0.530211766233,-0.123957248735,-1.38369064957,0.0779141671028,1.90428511382,0.155735005163,-0.00929431331784,-0.0655822592885,6.47069425247e-05,-0.0952953964452,-0.0146388571178,0.0355007773273,-0.0164320681484,0.574041446992,0.818812277766,0.00190205580916,0.0,0.818766963542,-0.573981554668,-0.0121070728939,0.0,-0.00882184483081,0.00850746589731,-0.999924896219,0.0,0.658421056881,0.256696562323,0.303248453403,1.0,-0.01148,-0.015088,0.575
0.462567863262,0.529278741698,-0.123955195528,-1.38514626687,0.0778211529892,1.90482946946,0.155531684774,-0.0107555443087,-0.061614976907,-0.000603309480364,-0.0987758685478,-0.00866890532359,0.0420939039575,-0.00574292955833,0.574031062274,0.818819521043,0.00191791681456,0.0,0.818774437048,-0.573971123447,-0.0120961806844,0.0,-0.00880392950861,0.00851408863044,-0.999924997747,0.0,0.658251055684,0.256475831869,0.303259917609,1.0,-0.01178,-0.0154822857143,0.59
0.462434260838,0.528245037221,-0.123955186957,-1.38674524266,0.0777299102293,1.9054511721,0.155312794639,-0.00994744945649,-0.0676035589408,-6.47237446843e-05,-0.103729880108,-0.00387437710401,0.0373269456749,-0.0188646720963,0.574023450753,0.818824738879,0.00196771112996,0.0,0.818780278425,-0.573963268843,-0.012073466029,0.0,-0.00875682735235,0.00854174015434,-0.999925175526,0.0,0.658067396211,0.256239092495,0.303280621126,1.0,-0.0121,-0.0159028571429,0.606
0.46228118089,0.527031262235,-0.123960424576,-1.38859594046,0.0776107201677,1.90616017442,0.155058254833,-0.007553425137,-0.0720149328512,-0.000426879441877,-0.102801293684,-0.00669135613018,0.0432581293007,-0.0186876045479,0.574012045099,0.818832598993,0.00202331630748,0.0,0.818788970584,-0.573951728971,-0.01203251269,0.0,-0.00869149508361,0.00856364117004,-0.999925558211,0.0,0.657854160139,0.255960420454,0.303315697746,1.0,-0.01246,-0.016376,0.624
0.462120116908,0.525853037962,-0.123965442198,-1.39041431055,0.0774902882648,1.90682896862,0.15481883856,-0.00934306762345,-0.0725653046737,-0.000827410238668,-0.109965229245,-0.0104885762952,0.0421892027665,-0.0150204371395,0.574016888878,0.818829159627,0.00204096246125,0.0,0.818785850767,-0.573956585205,-0.0120131504807,0.0,-0.00866546090474,0.00856702739158,-0.999925755158,0.0,0.65764100274,0.255677121492,0.30333732772,1.0,-0.0128,-0.0168228571429,0.641
0.461982593235,0.524833380451,-0.123966776228,-1.39203563405,0.0773839560224,1.90740523707,0.154593083011,-0.00481113173311,-0.0663932962913,0.000355540651962,-0.112177531027,-0.00989933362229,0.0378310250664,-0.0132062176758,0.574005437997,0.818837268193,0.00200805113726,0.0,0.818793520684,-0.573945266779,-0.0120311316166,0.0,-0.00869919498696,0.00855027885292,-0.999925605602,0.0,0.657427571563,0.255413146344,0.303330828578,1.0,-0.01312,-0.0172434285714,0.657
0.461811677685,0.523552558801,-0.123972557264,-1.39406622234,0.0772588723878,1.90814031066,0.154318807004,-0.0100259174309,-0.0715402279255,-0.000692432668481,-0.114653017703,-0.00486432851707,0.0391393489432,-0.0145606018566,0.573998525933,0.818842133905,0.00199971743194,0.0,0.818798289804,-0.573938403205,-0.0120339869505,0.0,-0.00870638854917,0.00854502050219,-0.999925587943,0.0,0.657197961085,0.255118560845,0.303330785362,1.0,-0.01346,-0.0176902857143,0.674
0.461657726332,0.522334071632,-0.123973346661,-1.3960028727,0.077144164415,1.90890376487,0.154073234498,-0.00873392363424,-0.0775891898552,0.00054658730076,-0.113296209514,-0.00556287141297,0.0433893433585,-0.0117117220057,0.573997145145,0.818843011316,0.00203643956072,0.0,0.818799661568,-0.57393688103,-0.0120132306629,0.0,-0.00866832909396,0.00856316099498,-0.999925763417,0.0,0.656972063624,0.254836299467,0.303331620953,1.0,-0.0138,-0.0181371428571,0.691
0.461496188457,0.52115731231,-0.123978593931,-1.39788761584,0.0770312429962,1.90962991458,0.153803424811,-0.0115745534592,-0.0716439461846,0.000555024007049,-0.118023268612,-0.00724963088172,0.0510937580266,-0.0175655814431,0.573982620281,0.818853160908,0.00204924068836,0.0,0.818809996356,-0.573922321828,-0.0120043857323,0.0,-0.008653890842,0.00856841250653,-0.999925843491,0.0,0.656752063781,0.254549879832,0.303324432558,1.0,-0.01412,-0.0185577142857,0.707
0.461328665835,0.519861424352,-0.123985333549,-1.39993968096,0.0769027947086,1.91037185412,0.153527414977,-0.00569266316313,-0.0782714335886,-0.000219572649915,-0.121017474319,-0.00287375621068,0.048690726551,-0.0192367254463,0.57397304912,0.818859909485,0.00203332815834,0.0,0.818816541877,-0.573912823674,-0.0120120136978,0.0,-0.00866937025677,0.0085596596593,-0.999925784369,0.0,0.656500894264,0.254239019283,0.30332232581,1.0,-0.01446,-0.0190045714286,0.724
0.461142195886,0.518428869189,-0.123988538325,-1.40214294453,0.0767610046839,1.91114513796,0.153239226548,-0.0105927156529,-0.0792395826042,0.0045547976552,-0.125487587728,-0.00658841265301,0.0474009133476,-0.0172834995776,0.573970341119,0.818861809969,0.00203238568524,0.0,0.818818423116,-0.573910113149,-0.0120132798001,0.0,-0.00867097628534,0.00855958594533,-0.999925771074,0.0,0.656227807775,0.253901689515,0.303346338046,1.0,-0.01482,-0.0194777142857,0.742
0.460987725824,0.517228401179,-0.123994122513,-1.40404294825,0.0766286909933,1.91183066118,0.152971975232,-0.0137914958308,-0.0849493182095,-0.000565298333231,-0.126647821717,-0.00745973443022,0.048729657378,-0.0152768421684,0.573946597325,0.818878507523,0.00201003427326,0.0,0.818834945471,-0.57388658194,-0.0120112466185,0.0,-0.00868238716863,0.00853986484971,-0.999925840681,0.0,0.655994016362,0.253612535236,0.303343916303,1.0,-0.01512,-0.019872,0.757
0.460790587201,0.515795997614,-0.123992417891,-1.40633049041,0.076492407349,1.91269366498,0.152656161234,-0.0174744506707,-0.0802866887893,0.000287461373631,-0.130300682903,-0.00832711540964,0.0462413003372,-0.0208155018441,0.573932373256,0.818888460124,0.00201685532142,0.0,0.818844930977,-0.573872275468,-0.0120140486216,0.0,-0.00868091555756,0.00854690774874,-0.999925793283,0.0,0.655718566232,0.253268085307,0.303334569281,1.0,-0.01548,-0.0203451428571,0.775
0.460603643584,0.514400433658,-0.123997322102,-1.40856035075,0.0763584927819,1.91349836362,0.152349436645,-0.0097803704122,-0.0839111719365,-9.98077646054e-05,-0.135275967337,-0.00729063324711,0.043883855709,-0.0140901126133,0.573918911869,0.81889795711,0.00199131652598,0.0,0.818854024592,-0.57385885597,-0.012035228958,0.0,-0.00871305753694,0.00853800744232,-0.99992558976,0.0,0.655442083767,0.252929359467,0.30332154458,1.0,-0.01582,-0.020792,0.792
0.460417236698,0.513080730094,-0.123997745431,-1.41069617182,0.076234607392,1.91424307906,0.152056116421,-0.0185544485196,-0.0867600984279,-0.000167187434797,-0.134468852741,-0.0110757753014,0.0561781216725,-0.0172950079492,0.573910114256,0.818904259158,0.00193442196032,0.0,0.81885941055,-0.573850137297,-0.0120843940499,0.0,-0.00878606260822,0.00851953962362,-0.99992510847,0.0,0.655171441095,0.252601399331,0.303294379284,1.0,-0.01614,-0.0212125714286,0.808
0.460221877485,0.511661495032,-0.124006643348,-1.41299161483,0.0760998194246,1.91508959058,0.151726557808,-0.0124386042051,-0.0817167582325,-0.00300973293707,-0.134937361914,-0.00677319282492,0.0536672281229,-0.0248703365074,0.573890382533,0.818918147875,0.00190861690071,0.0,0.818872898877,-0.573830460423,-0.0121047543413,0.0,-0.00881775025979,0.00850988059531,-0.999924911787,0.0,0.654889686665,0.252250156975,0.303269652022,1.0,-0.01648,-0.0216594285714,0.825
0.460016681139,0.510097083034,-0.124007698251,-1.41544829003,0.0759466490179,1.91602544409,0.151376633963,-0.0103273679117,-0.0878660543828,-0.00024341341898,-0.137018167785,-0.0107365185977,0.0547393801773,-0.0185218090528,0.573859527016,0.818939691539,0.00194210609718,0.0,0.818894907111,-0.573799487656,-0.0120841207572,0.0,-0.00878195572174,0.00852513274941,-0.999925096877,0.0,0.654591906703,0.251882977879,0.303276765651,1.0,-0.01684,-0.0221325714286,0.843
0.459832701699,0.508763018121,-0.124013030411,-1.41754388156,0.0758042189995,1.91677475948,0.151093797766,-0.0108310841068,-0.0875464861384,-0.000813084861374,-0.144429093601,-0.00904590121535,0.052980528088,-0.0205773942293,0.573852495024,0.818944663745,0.00192316899676,0.0,0.818899709133,-0.573792614354,-0.012085073279,0.0,-0.00879367541184,0.0085100958315,-0.999925121967,0.0,0.654331142452,0.251556249141,0.30327797581,1.0,-0.01714,-0.0225268571429,0.858
0.45960552084,0.507135150826,-0.124017294049,-1.42008714969,0.0756427291613,1.91769044121,0.150726960148,-0.00904020481666,-0.0957402967283,-0.00118337917813,-0.144037115016,-0.00807707411737,0.0420280558706,-0.0169002171852,0.573829068707,0.818961085645,0.00192015798983,0.0,0.818916078013,-0.573769190961,-0.0120879930808,0.0,-0.0087980378299,0.00850905388796,-0.999925092461,0.0,0.654015006682,0.25116089869,0.303285543504,1.0,-0.0175,-0.023,0.876
0.459379331164,0.505552527414,-0.124021201484,-1.42253846293,0.0754962089586,1.91862251803,0.150401300747,-0.0175498692442,-0.095788785459,-0.00143611865506,-0.147561629282,-0.00183885223113,0.0560297399567,-0.0259871407694,0.57383758902,0.818954987809,0.00197389763154,0.0,0.818910665445,-0.573777459565,-0.0120621646729,0.0,-0.00874596034102,0.00853833370661,-0.999925299728,0.0,0.653720782302,0.250780252574,0.303306064728,1.0,-0.01784,-0.0234468571429,0.893
0.459175508896,0.503991540677,-0.124024346025,-1.42487086814,0.075354786159,1.91952116992,0.150081347036,-0.0104082416286,-0.0984269842423,0.000579065755378,-0.148608505199,-0.0160707959979,0.0481561129214,-0.0147980583975,0.573826696376,0.818962352212,0.00208208727635,0.0,0.818919470144,-0.573766134217,-0.0120029806784,0.0,-0.0086355243829,0.00859285799765,-0.999925792502,0.0,0.653440805965,0.250427124446,0.303364474839,1.0,-0.01816,-0.0238674285714,0.909
0.458934923011,0.502311897727,-0.124035421531,-1.42736642397,0.075194833836,1.92044472522,0.149734372988,-0.0164372590965,-0.101722358127,-0.000457863133494,-0.15353260711,-0.0110813060979,0.0525325401528,-0.0189266307722,0.573832014842,0.818958399718,0.00216914140946,0.0,0.818916740351,-0.573771178664,-0.0119479625409,0.0,-0.00854045788948,0.00863263583548,-0.99992626637,0.0,0.653140678313,0.250026404286,0.303429868586,1.0,-0.0185,-0.0243142857143,0.926
0.458703275135,0.500581834329,-0.124033958306,-1.42995112316,0.0750183971459,1.92135430954,0.149372672343,-0.0153526256715,-0.106588894241,-0.00102625934187,-0.149893585687,-0.00769508289374,0.0528644803574,-0.0187200181471,0.573808103075,0.81897504393,0.00221024119512,0.0,0.818933968139,-0.573747151554,-0.0119209400716,0.0,-0.00849499638392,0.00865054015155,-0.999926498895,0.0,0.652812293449,0.249625556735,0.303485738026,1.0,-0.01884,-0.0247611428571,0.943
0.458474708875,0.498992432602,-0.124034226499,-1.43241734436,0.074870343078,1.92225871006,0.149019637155,-0.0110403474174,-0.0962383876116,1.34439735148e-06,-0.15774015933,-0.00417040755074,0.0573865116436,-0.0180409744434,0.573791880637,0.818986339816,0.00223602576248,0.0,0.818945513328,-0.573730738878,-0.0119177333261,0.0,-0.00847774730569,0.00866964880159,-0.999926479793,0.0,0.652504736984,0.249242130984,0.303498989851,1.0,-0.01916,-0.0251817142857,0.959
0.458213301731,0.497326006722,-0.124042177747,-1.43507025633,0.074706868625,1.92323633747,0.148628569902,-0.0152433766234,-0.100487718737,-0.000785316843236,-0.165850384587,-0.00622043394287,0.0561729789251,-0.0189605512383,0.57378182389,0.818993413582,0.00222575476679,0.0,0.818952426962,-0.573720697899,-0.0119260251784,0.0,-0.00849053796233,0.00866589059196,-0.999926403844,0.0,0.652178338323,0.248814257442,0.303483156575,1.0,-0.0195,-0.0256285714286,0.976
0.457944182351,0.495640587198,-0.124037220805,-1.43776310483,0.0745408043731,1.92415943304,0.148225223631,-0.016965412128,-0.104258705249,0.000669004583035,-0.159355721523,-0.0138954332573,0.0508263748865,-0.0272197253378,0.57375907622,0.81900953285,0.00215741909389,0.0,0.818967457329,-0.573698031783,-0.0119841172173,0.0,-0.00857756430059,0.00864301845853,-0.999925859063,0.0,0.65182974234,0.248380584259,0.303455786786,1.0,-0.01984,-0.0260754285714,0.993
0.457684081871,0.494063614952,-0.124049131183,-1.44035794294,0.0743730074443,1.92509071644,0.147872020991,-0.0211124562225,-0.103095414005,-0.00620912105017,-0.163846728466,-0.0124397834004,0.0574837008816,-0.0193065655854,0.573776476455,0.818997554678,0.00207542748909,0.0,0.818954417824,-0.573715781835,-0.0120253940048,0.0,-0.00865822947716,0.00859973428264,-0.999925537044,0.0,0.651504092939,0.247953461581,0.303400247228,1.0,-0.0221925714286,-0.0291673795918,1.009
0.457387165186,0.491871067712,-0.124101544932,-1.4437815805,0.0741710456785,1.92637375833,0.147378546307,-0.0199478064853,-0.12853245998,-0.00236585920616,-0.200754431328,-0.0114560810612,0.0679647941841,-0.0303416490103,0.573770583571,0.81900158995,0.00211186853005,0.0,0.818959042027,-0.573709849435,-0.0119934584477,0.0,-0.00861122755407,0.00861119327298,-0.999925844306,0.0,0.651082214073,0.24740682653,0.303409584657,1.0,-0.0271708571429,-0.0357102693878,1.027
0.457022544353,0.489461226776,-0.124102651248,-1.44770123895,0.0739500208268,1.92777337755,0.146811283106,-0.0208506072413,-0.147061736516,-0.00048774126017,-0.242070446994,-0.00971978764427,0.0821578687326,-0.031289652375,0.573741370192,0.819022264098,0.0020292714826,0.0,0.81897826121,-0.573680617278,-0.0120790697424,0.0,-0.00872904139293,0.00859235668447,-0.999924984808,0.0,0.650572522856,0.246795444058,0.303341565241,1.0,-0.0318725714286,-0.0418896653061,1.044
0.456563290507,0.486559519767,-0.124137418674,-1.45222894041,0.0736690979538,1.92948030625,0.146147403971,-0.0311988863236,-0.182645537446,-0.00108444553162,-0.279527285988,-0.0179798513416,0.112753920356,-0.0387069969018,0.573747554615,0.819017783314,0.00208832210311,0.0,0.81897467332,-0.573686668364,-0.0120348619674,0.0,-0.00865889013171,0.00861542140967,-0.999925396285,0.0,0.65001986604,0.246048597336,0.303351847549,1.0,-0.0365742857143,-0.0480690612245,1.061
0.456083744072,0.483478116012,-0.124190481575,-1.45696871811,0.0733879365435,1.93119540295,0.145414495837,-0.0271158937941,-0.192400300022,-0.00639322107487,-0.30638867788,-0.0157713616333,0.113867497128,-0.0500817198044,0.573735713867,0.819025957399,0.00213509742765,0.0,0.818983431426,-0.573674605355,-0.0120138720354,0.0,-0.0086149877369,0.00864156324315,-0.999925549914,0.0,0.649426959123,0.245256122276,0.303385079606,1.0,-0.0409994285714,-0.0538849632653,1.077
0.455482176442,0.479814820425,-0.124254352612,-1.46271480001,0.0730446831366,1.93319534783,0.144560727782,-0.0357416550314,-0.215206861098,-0.00243099046931,-0.344696899606,-0.0141144329026,0.11597713562,-0.0475005599161,0.57376289582,0.819007098216,0.00206382025692,0.0,0.818963470299,-0.573701915778,-0.0120703375635,0.0,-0.00870184204457,0.00861587111584,-0.999925019544,0.0,0.648689970804,0.244276688334,0.303365583986,1.0,-0.0457011428571,-0.0600643591837,1.094
0.454863210283,0.475969330885,-0.124316574297,-1.46858087131,0.0726891805083,1.93534060272,0.143714805004,-0.0417917788948,-0.243714210762,-0.00150744962524,-0.371931807132,-0.0202958109158,0.140496051149,-0.0492794676048,0.573810179663,0.818973710432,0.00216477200362,0.0,0.818931447576,-0.573748812659,-0.0120137855825,0.0,-0.00859710470901,0.00866659919304,-0.999925487148,0.0,0.647955880432,0.243283519476,0.303424177017,1.0,-0.0501262857143,-0.0658802612245,1.11
0.454078968761,0.471291046165,-0.124355332147,-1.47580334266,0.0722543947117,1.93793364442,0.142650591661,-0.04255691603,-0.267527397635,-0.0029133567274,-0.417471409234,-0.0275930741181,0.149258523482,-0.0700778014849,0.573837777009,0.818954247319,0.00221209805842,0.0,0.818912351143,-0.573775955151,-0.0120192070062,0.0,-0.00857409702868,0.00870875712236,-0.999925318416,0.0,0.647029285641,0.242066327844,0.303447435481,1.0,-0.0551045714286,-0.0724231510204,1.128
0.453274597277,0.466408959955,-0.124382739045,-1.4830988468,0.0717902962464,1.94067152685,0.141472499515,-0.0496820755623,-0.295783595192,-0.00161204786641,-0.442271991021,-0.0250212755206,0.168264181531,-0.0698301821702,0.573771851479,0.818999662346,0.00248242390446,0.0,0.818961433377,-0.573709105648,-0.0118650595809,0.0,-0.008293450267,0.00884101685964,-0.999926524852,0.0,0.646113490054,0.240843000548,0.303583038718,1.0,-0.0598062857143,-0.0786025469388,1.145
0.452431697909,0.461543214382,-0.124404712017,-1.49065278037,0.0712905428165,1.94326352015,0.140327195163,-0.0583073467215,-0.313335953293,0.0001151437117,-0.486252180062,-0.0307225541843,0.160233541143,-0.0628106727026,0.573756984971,0.819010342861,0.00239319555903,0.0,0.818970757737,-0.573694384544,-0.0119330639788,0.0,-0.00840050170304,0.00880680554865,-0.999925933131,0.0,0.64510349056,0.239554044521,0.303566507485,1.0,-0.0642314285714,-0.0844184489796,1.161
0.451481824023,0.456036041981,-0.124447826099,-1.49919880291,0.0707144714987,1.946200996,0.139037184206,-0.0620645284003,-0.324579194047,-0.00816298373057,-0.518482509375,-0.0378678336915,0.180873979973,-0.0838408590535,0.573746798898,0.819017774487,0.00228970090173,0.0,0.818976770324,-0.57368454494,-0.0119933092916,0.0,-0.00850933129589,0.00875650325359,-0.999925454687,0.0,0.643953337518,0.238088174089,0.303543697258,1.0,-0.0689331428571,-0.090597844898,1.178
0.450451287864,0.450068318877,-0.124494495149,-1.50803940979,0.0701117694709,1.94954964265,0.137609330645,-0.0587246000914,-0.367757048168,-0.00191150222421,-0.533922821036,-0.0357364943899,0.209077519101,-0.0819315846125,0.57369418672,0.819053494923,0.00266448472355,0.0,0.819017952872,-0.573631120996,-0.0117335757378,0.0,-0.00808215046357,0.00891391663446,-0.999927607847,0.0,0.642831449237,0.23656427204,0.303724093912,1.0,-0.0736348571429,-0.0967772408163,1.195
0.449390146081,0.444230136358,-0.124521891816,-1.51693696848,0.0695399551154,1.95266463605,0.136272627697,-0.0703220835763,-0.369053973574,-0.00188904957066,-0.570603389723,-0.036465940535,0.194023940027,-0.0847179763959,0.573732092871,0.819026777519,0.00271481461394,0.0,0.818991606395,-0.573668528641,-0.0117437133411,0.0,-0.00806116719118,0.00896132814833,-0.999927353452,0.0,0.641632145368,0.235016153986,0.303760076758,1.0,-0.07806,-0.102593142857,1.211
0.448128682606,0.437367654796,-0.124552370527,-1.52769406439,0.0687965838347,1.95623391078,0.134562827136,-0.072578679079,-0.392527811845,-0.000838595120774,-0.610268605231,-0.0417606848073,0.205947301103,-0.101665317603,0.573656664996,0.819080525828,0.00242277037457,0.0,0.819041164113,-0.573593789898,-0.0119366067467,0.0,-0.00838751757522,0.00883203272966,-0.999925819622,0.0,0.640115574949,0.233140423033,0.303642658242,1.0,-0.0830382857143,-0.109136032653,1.229
0.446820936643,0.430420955129,-0.124578399188,-1.53806423534,0.0680895011486,1.96003418993,0.132852256524,-0.0841366554565,-0.409687376641,-0.000354190200934,-0.621610813276,-0.0399048310111,0.219042952496,-0.101100552077,0.573601673553,0.819118089807,0.00272432542661,0.0,0.819082907293,-0.573537941979,-0.0117544456591,0.0,-0.00806593037071,0.00897399086971,-0.999927201478,0.0,0.638735168876,0.231307818941,0.303773854053,1.0,-0.08774,-0.115315428571,1.246
0.445490161327,0.423669905588,-0.124640980107,-1.54842727502,0.067338902575,1.96354108831,0.131157896791,-0.0841235473267,-0.424493078748,-0.00863112788546,-0.656695185962,-0.0472822950017,0.219464414227,-0.112248865206,0.573582220993,0.819132122273,0.00259786899062,0.0,0.819095434518,-0.573519105997,-0.0118004707391,0.0,-0.00817637455985,0.00889661413235,-0.999926995913,0.0,0.637288328213,0.229416249083,0.303740283793,1.0,-0.0921651428571,-0.121131330612,1.262
0.443979781299,0.416143269477,-0.12477265926,-1.55984057525,0.0665201320305,1.96746535652,0.129328130843,-0.084236858612,-0.45397477667,-0.0103139374823,-0.668411649592,-0.0475925094403,0.245280631745,-0.108105140267,0.573667240533,0.819072634983,0.00258121333942,0.0,0.819036159573,-0.573604642361,-0.0117571456687,0.0,-0.00814951723181,0.00885896693544,-0.999927549412,0.0,0.635710423937,0.227278702787,0.303759092267,1.0,-0.0968668571428,-0.127310726531,1.279
0.442341630652,0.408333483434,-0.124812407253,-1.57166337995,0.0657439540974,1.9715629439,0.127324408196,-0.101769658285,-0.460606745345,-0.00171092517569,-0.714701874247,-0.0453043931361,0.237997375774,-0.120337317366,0.573667451848,0.819072220294,0.0026644950098,0.0,0.819036321418,-0.573603996166,-0.0117773800845,0.0,-0.0081183161724,0.00893878991319,-0.999927092831,0.0,0.634050429732,0.225094081693,0.303773077802,1.0,-0.101568571429,-0.133490122449,1.296
0.44068213626,0.400719864604,-0.124900686018,-1.58324574386,0.0649299722863,1.97540756441,0.125386197178,-0.103203729814,-0.490143918508,-0.00850485653879,-0.728650083241,-0.0477418302538,0.252374177163,-0.124449197198,0.573741120836,0.819021007137,0.00254224916795,0.0,0.818983280044,-0.573677853148,-0.0118682230289,0.0,-0.0082620510033,0.00889151833446,-0.999926336994,0.0,0.632389454746,0.22287726665,0.303733892127,1.0,-0.105993714286,-0.13930602449,1.312
0.438846498856,0.39225467759,-0.124991328594,-1.59577471536,0.0639724495597,1.979836957,0.123232337516,-0.105896416952,-0.492432778672,-0.000946113391529,-0.756780476628,-0.0593747860678,0.250096830997,-0.132490888688,0.573767677748,0.819001615734,0.00278429503872,0.0,0.818967915801,-0.573704503976,-0.0116379511653,0.0,-0.0079342909638,0.00895790098606,-0.999928398955,0.0,0.630637108402,0.220471796678,0.303851126236,1.0,-0.110695428571,-0.145485420408,1.329
0.436884994801,0.383601230225,-0.125029557114,-1.60894139244,0.0629957235893,1.98406224247,0.120905473169,-0.115009501895,-0.520479693686,-0.00105093004661,-0.76012192467,-0.0671990753714,0.259419787374,-0.148563558196,0.573721169559,0.819035049069,0.00252089234429,0.0,0.818997470176,-0.57365844367,-0.0118271193718,0.0,-0.00824085277811,0.00885024360569,-0.999926878093,0.0,0.628665166032,0.217941437726,0.303755739613,1.0,-0.115397142857,-0.151664816327,1.346
0.434958894322,0.375126246172,-0.125090936895,-1.62147725562,0.0620864109936,1.98834863393,0.118674948542,-0.126418749452,-0.522886913168,-0.0043671708692,-0.780146829935,-0.0532036071512,0.265614049762,-0.147597172557,0.573726587123,0.819030707988,0.00269248999302,0.0,0.818995371891,-0.573663242352,-0.0117393396477,0.0,-0.00807045250477,0.00894048024624,-0.999927465174,0.0,0.626834500975,0.215511554411,0.303826993668,1.0,-0.119822285714,-0.157480718367,1.362
0.432482896955,0.364745111605,-0.125207704092,-1.6369093894,0.0608842220459,1.99338123403,0.115972719191,-0.12890243316,-0.566828619299,-0.0112065184673,-0.773427121648,-0.0652340671668,0.276514290755,-0.150871448985,0.573839734815,0.818951681992,0.00261690865792,0.0,0.818915646443,-0.573776958697,-0.0117436186961,0.0,-0.00811609065279,0.00888215349259,-0.999927615591,0.0,0.624524796364,0.212415108874,0.303835510685,1.0,-0.125077142857,-0.164387102041,1.381
0.430302203101,0.355794193847,-0.125301779777,-1.65022118077,0.059860603899,1.99772933969,0.113476383947,-0.137062126051,-0.556789384011,-0.00186341137051,-0.815976042695,-0.0627225010426,0.267531673781,-0.162400348433,0.57382277144,0.818963720125,0.00256885139067,0.0,0.818927092159,-0.573760207459,-0.0117638839747,0.0,-0.00816044659008,0.0088542569767,-0.999927501994,0.0,0.622505519769,0.209734387425,0.303818931959,1.0,-0.129502285714,-0.170203004082,1.397
