position_joint1,position_joint2,position_joint3,position_joint4,position_joint5,position_joint6,position_joint7,velocity_joint1,velocity_joint2,velocity_joint3,velocity_joint4,velocity_joint5,velocity_joint6,velocity_joint7,ee_T_00,ee_T_10,ee_T_20,ee_T_30,ee_T_01,ee_T_11,ee_T_21,ee_T_31,ee_T_02,ee_T_12,ee_T_22,ee_T_32,ee_T_03,ee_T_13,ee_T_23,ee_T_33,v_x,v_y,time
0.465065864935,0.547848221576,-0.123913643909,-1.35585861467,0.0794959906705,1.89409791002,0.159171740823,0.00173759279448,0.000147933030886,0.000171968632369,-0.000261603628862,0.000127213351054,0.000118057864797,0.00146076326273,0.57377054799,0.819002184244,0.00187812758203,0.0,0.818957713222,-0.573711907186,-0.0119857585838,0.0,-0.0087390265563,0.00841534436189,-0.999926402989,0.0,0.66165395571,0.26092386136,0.303151986006,1.0,0.0,0.0,0.0
0.465063080871,0.547849833718,-0.123913642607,-1.35586456672,0.0794967028028,1.89409756111,0.159171979072,-6.92250912797e-05,-0.000159819755297,-0.000924971714016,-0.00265356767655,0.000232346686242,1.97893174968e-05,0.000469534651591,0.573773535563,0.819000105445,0.0018719161005,0.0,0.818955539751,-0.573714907884,-0.0119906331565,0.0,-0.00874655204456,0.00841308601825,-0.999926356194,0.0,0.661653163489,0.260921382191,0.303147982258,1.0,-6e-05,-7.88571428571e-05,0.004
0.465059542884,0.547847459108,-0.12391650684,-1.35585678311,0.0794943134299,1.89409568772,0.159167552654,-0.000779066436903,0.000364920146253,-0.00108294755321,-0.000882182394411,-0.000622416747137,3.06899849244e-05,-0.00143242572905,0.573773734834,0.818999954381,0.0018769228613,0.0,0.818955497063,-0.573715127121,-0.0119830565672,0.0,-0.00873747196733,0.00841284138938,-0.999926437636,0.0,0.661656354146,0.260917826295,0.303153296458,1.0,-0.00038,-0.000499428571429,0.02
0.465062676204,0.54783685433,-0.123918889197,-1.3558668031,0.0794965444352,1.89409605873,0.159171622169,-0.000548105711175,-0.00231691855814,-0.00276310812668,-0.000663205871779,0.000194835168137,-0.000179502892452,0.000244550234214,0.573777287949,0.818997460598,0.00187890106953,0.0,0.81895301118,-0.573718654094,-0.0119840863306,0.0,-0.00873714389669,0.00841509025851,-0.999926421579,0.0,0.661654016419,0.26091785789,0.303156155357,1.0,-0.00074,-0.000972571428571,0.038
0.465059485394,0.547784286261,-0.123911835021,-1.35590917714,0.0794954609815,1.89410284678,0.159164855109,-0.000230062803831,-0.00842619470469,0.000277423815419,-0.00510675401282,-1.08870493053e-05,-0.000577658287026,-0.000309671740678,0.573771411372,0.819001535868,0.00189700820089,0.0,0.818957261651,-0.57371264205,-0.0119814374368,0.0,-0.00872464605222,0.00842833718153,-0.999926419135,0.0,0.661646323199,0.260915779757,0.303173581625,1.0,-0.00106,-0.00139314285714,0.054
0.465065126577,0.547658549294,-0.123909329343,-1.35605404609,0.0794938450225,1.89413132001,0.159166824039,0.000699011450517,-0.00349217043994,0.000768429112028,-0.00634961383041,0.000346693164238,-0.000315316103649,-0.00158947762371,0.573774105772,0.818999615297,0.00191117523159,0.0,0.818955415161,-0.573715168607,-0.011986667206,0.0,-0.00872077351212,0.00844296911587,-0.999926329477,0.0,0.661620159098,0.260907092905,0.303196090893,1.0,-0.00138,-0.00181371428571,0.07
0.465052375489,0.547526682578,-0.123914425447,-1.3562521951,0.0794877317154,1.89417420156,0.159159183591,-0.000817130794328,-0.00659563592337,0.0039832985032,-0.0101117385219,-0.000552927424773,0.00163131244239,0.000129798064542,0.573791106255,0.818987744055,0.00189429979321,0.0,0.818943254559,-0.573732172344,-0.0120036299339,0.0,-0.00874417341708,0.00843906261474,-0.9999261581,0.0,0.661591600292,0.260875836064,0.303199075571,1.0,-0.00172,-0.00226057142857,0.087
0.465033576112,0.547351966159,-0.123914577497,-1.35646465733,0.0794862979397,1.89430258515,0.159146171326,-0.000481641841532,-0.0115360847697,-0.00055071233319,-0.0141330284973,-0.00275463839176,0.012922375572,-0.00130974488893,0.573807753953,0.818975886016,0.00197649441201,0.0,0.818932437581,-0.573748438452,-0.0119640692634,0.0,-0.00866444046016,0.00848385443933,-0.99992647314,0.0,0.661578133848,0.260848892151,0.303232865084,1.0,-0.00206,-0.00270742857143,0.104
0.465016537022,0.547169139508,-0.123912873134,-1.35667573467,0.0794855687596,1.89441740829,0.159136836272,-0.000411300463278,-0.0159532169384,-0.000879081989357,-0.0124451806339,0.000148767312829,0.00824939905914,-0.000291934245257,0.573824667584,0.81896383767,0.00205678439641,0.0,0.818921374108,-0.573764954957,-0.0119292243409,0.0,-0.00858965791766,0.00852979212105,-0.999926727527,0.0,0.661561560393,0.260823649359,0.30327181457,1.0,-0.00238,-0.003128,0.12
0.464989943196,0.546946923953,-0.123910359249,-1.35700582975,0.0794767225798,1.89454806459,0.159112466896,0.00016421391591,-0.0120722028552,0.00711720385601,-0.0166031878459,-0.000709857147851,0.00566676242409,-0.00121738101943,0.573840902666,0.818952397026,0.00208248288529,0.0,0.818910167881,-0.573780982363,-0.0119276200578,0.0,-0.00857342902656,0.00855008728551,-0.999926693474,0.0,0.661524624944,0.26077869077,0.303283340571,1.0,-0.00274,-0.00360114285714,0.138
0.464947035315,0.546697622166,-0.12391252231,-1.35738776519,0.0794672061172,1.89469317908,0.15901718851,-0.00387244718217,-0.018665751622,0.000456467972751,-0.0205538355193,-0.00422143763394,0.00963826213555,-0.0099379945634,0.573818393973,0.818968122734,0.00210037734961,0.0,0.818926015117,-0.573758291545,-0.0119311168384,0.0,-0.00856626036658,0.00856651288757,-0.999926614327,0.0,0.661484737369,0.260715307161,0.303290773161,1.0,-0.00308,-0.004048,0.155
0.464914413135,0.546454589391,-0.12390997838,-1.35776718781,0.0794567580314,1.89483815073,0.15895014538,-0.000192468160657,-0.0190028932228,-0.00301102472968,-0.0254910074357,0.00028886716716,0.0117335475228,0.000237189324405,0.573806911884,0.818976129974,0.00211501968508,0.0,0.818934090214,-0.573746627723,-0.011937753674,0.0,-0.00856341476494,0.00858219252593,-0.999926504249,0.0,0.661441495764,0.260661507849,0.30329477912,1.0,-0.00338,-0.00444228571429,0.17
0.46485793958,0.546137951532,-0.123913236303,-1.35829652064,0.0794323708988,1.89501014261,0.158925229565,-0.00503327078076,-0.0194524751418,0.000197673642677,-0.0325885436824,0.00018231189148,0.0136431758422,-0.00478060007475,0.573858034299,0.818940390533,0.00208329696986,0.0,0.818897849495,-0.573797787011,-0.011964890907,0.0,-0.00860330688135,0.00857232122869,-0.99992624649,0.0,0.661379462667,0.260571315916,0.303282051842,1.0,-0.00374,-0.00491542857143,0.188
0.464802925281,0.54579213881,-0.12391055762,-1.35889808849,0.0793803776874,1.89521955463,0.158851115831,-0.00283236634075,-0.0219882732442,0.000962793125152,-0.03454743962,-2.28565089729e-05,0.0111443489775,-0.000719713165797,0.57386030556,0.818938920617,0.00203492070787,0.0,0.818895849376,-0.573800359748,-0.0119783942837,0.0,-0.0086421014384,0.00854047755589,-0.999926184439,0.0,0.661308820442,0.260475407167,0.303258582029,1.0,-0.0041,-0.00538857142857,0.206
0.464745024259,0.545461066014,-0.123920704017,-1.35947191255,0.0793100906638,1.89540910545,0.158741424325,-0.00101923598347,-0.0230306540311,-0.00104686686672,-0.0382996759104,-0.000995601856451,0.00980440089299,-0.00583583714005,0.573838256731,0.818954535347,0.00196749802539,0.0,0.818910918646,-0.573778925505,-0.011974926707,0.0,-0.00867817871602,0.00848304000623,-0.999926360912,0.0,0.661244856489,0.260368955922,0.303236521468,1.0,-0.0044,-0.00578285714286,0.221
0.46468007346,0.545052517654,-0.123921443573,-1.36016188888,0.0792912610207,1.89563143255,0.15869304123,-0.00500440904923,-0.0281952692034,-0.00104940605151,-0.0376165175713,-0.00249670256674,0.00538215194144,-0.000660212356543,0.573885669408,0.818921402562,0.0019291903786,0.0,0.818877028637,-0.57382624492,-0.0120249537684,0.0,-0.00874064021946,0.00848088161112,-0.999925835178,0.0,0.661159502564,0.260261082847,0.303216626525,1.0,-0.00474,-0.00622971428571,0.238
0.464607629227,0.544588585448,-0.123921159557,-1.36093303776,0.0792665096977,1.8959030796,0.15857190381,-0.00378376239099,-0.021815804148,-0.00133529296411,-0.0466024818903,-0.00241046014624,0.014244011905,-0.0138598188832,0.573881977504,0.818924033302,0.00191062216065,0.0,0.818879182682,-0.573822407086,-0.0120613513883,0.0,-0.00878114178295,0.00848652429133,-0.999925432447,0.0,0.661068740055,0.260142338391,0.303201496437,1.0,-0.0051,-0.00670285714286,0.256
0.464545842309,0.544132203733,-0.1239268691,-1.3616703596,0.0792324838061,1.89617062097,0.158500926036,-0.00426121321127,-0.0342740804287,-0.00107429001393,-0.0450850643559,-0.00205292865768,0.0147769252646,-0.00360343456051,0.573910473166,0.818904081859,0.00190273632559,0.0,0.8188590472,-0.573850855398,-0.0120749111205,0.0,-0.00879647649603,0.00848815423251,-0.999925283828,0.0,0.660983767104,0.260029311974,0.303196897861,1.0,-0.00542,-0.00712342857143,0.272
0.46446458855,0.543584678422,-0.123922116,-1.3625568014,0.0791874218137,1.89647109155,0.158366970097,-0.00490252095702,-0.0294923514327,0.000389787029731,-0.0518865717469,-0.000896675938972,0.0189816765553,0.000344183262295,0.573901185792,0.818910651744,0.00187624839284,0.0,0.818865115571,-0.573841536382,-0.0121062184691,0.0,-0.00883741214389,0.00848433084158,-0.999924955323,0.0,0.660876602778,0.259893428863,0.303188260561,1.0,-0.00578,-0.00759657142857,0.29
0.464393938237,0.54306009607,-0.123930885911,-1.36336880715,0.0791335316805,1.89677460591,0.158279326732,-0.00559391200842,-0.0348033297405,0.000341605946799,-0.0537397064684,-0.000393671897113,0.0237792541484,-0.00405963062717,0.57392423639,0.818894478104,0.00188454691692,0.0,0.818849141322,-0.573864634764,-0.0120917999221,0.0,-0.00882060318229,0.00848309998751,-0.999925114183,0.0,0.660787305653,0.259764045263,0.303199442577,1.0,-0.0061,-0.00801714285714,0.306
0.464325719022,0.542508384888,-0.123925715663,-1.36422796301,0.0790907213386,1.89707393287,0.158146509493,-0.00507298013622,-0.036272365286,-0.000303756516481,-0.050832704791,-0.000421376844965,0.0157972040644,-0.0134256124152,0.573903923011,0.818908714239,0.00188462140441,0.0,0.818863230521,-0.573844181388,-0.0121083479481,0.0,-0.00883432271077,0.00849243906588,-0.999924913792,0.0,0.660682450308,0.259640618116,0.303206508638,1.0,-0.00642,-0.00843771428571,0.322
0.46425146222,0.541897049019,-0.123928092398,-1.36517616171,0.079034794794,1.8974296245,0.158040500396,-0.00903589534839,-0.0351858010154,0.000857247586121,-0.0555680166763,-0.00609085004322,0.0151629040559,-0.00186692425008,0.573917344314,0.818899272411,0.00190011621238,0.0,0.818853991997,-0.57385753321,-0.0121003417061,0.0,-0.00881873480456,0.0085006773874,-0.999924981386,0.0,0.660573773521,0.259500752842,0.303218406805,1.0,-0.00676,-0.00888457142857,0.339
0.464176863132,0.541251546602,-0.123926754776,-1.36617161667,0.0789743478793,1.89780125673,0.157903958533,-0.00409924120202,-0.0370161112603,2.6001891763e-05,-0.0623982470204,-0.00649740190593,0.0227569419488,-0.00620561472699,0.573904768834,0.818908042829,0.00191848920046,0.0,0.818862994671,-0.5738448708,-0.0120916134352,0.0,-0.00880117375537,0.00851057828031,-0.99992505189,0.0,0.66045760149,0.259358011751,0.303233137787,1.0,-0.0071,-0.00933142857143,0.356
0.464086989146,0.540554377633,-0.123924275332,-1.36723846435,0.0789157017697,1.89819272593,0.157769167925,-0.0110349051775,-0.0390187476851,0.000928798973492,-0.0630008784897,0.000363672856512,0.0319465672774,-0.00845684145145,0.573909645172,0.81890457257,0.00194090284453,0.0,0.81885973926,-0.573849572582,-0.0120889357451,0.0,-0.00878606765041,0.00852744820096,-0.999925041012,0.0,0.660333681052,0.259199694817,0.303252002535,1.0,-0.00744,-0.00977828571429,0.373
0.463992953434,0.539859643085,-0.123927115293,-1.36828274489,0.0788512219306,1.89859375719,0.157637122494,-0.00889604531548,-0.0427120457452,0.00117690173655,-0.0668113525699,0.000695893497314,0.0301795036026,-0.0122934077878,0.573921121106,0.818896429123,0.00198293221523,0.0,0.818852189772,-0.573860907848,-0.0120621992586,0.0,-0.00873993288975,0.00854664385746,-0.999925281434,0.0,0.66021925006,0.259037909772,0.303280768827,1.0,-0.00776,-0.0101988571429,0.389
0.463883399247,0.539063143182,-0.123935153864,-1.3695325397,0.0787818210543,1.89905962272,0.157491273837,-0.00265267122462,-0.0448341033887,0.000237708125927,-0.0710468659651,-0.00773450540297,0.0243836194467,-0.0044159900987,0.573947590808,0.818877850149,0.00199410198249,0.0,0.818833736021,-0.573887305731,-0.0120590205446,0.0,-0.00873064309633,0.0085542484612,-0.999925297562,0.0,0.66007815918,0.258843414377,0.303289311211,1.0,-0.00812,-0.010672,0.407
0.463769037952,0.538329340688,-0.123942745285,-1.37065808252,0.0787198985971,1.8994894635,0.157358248344,-0.00642815773335,-0.0482911997297,-0.00223153659562,-0.0675698943855,-0.00394664621306,0.0244523078155,-0.00656645310819,0.573983268293,0.818852761381,0.00202726403793,0.0,0.818809077013,-0.573922832991,-0.0120425941894,0.0,-0.00869778584564,0.00857235481172,-0.999925428847,0.0,0.659957461741,0.258658711023,0.303309429686,1.0,-0.00844,-0.0110925714286,0.423
0.463653973897,0.537540684585,-0.123945943969,-1.3719167194,0.0786472829746,1.89997080789,0.157191518721,-0.00974836819587,-0.0457208822873,-0.00117776454417,-0.075759889271,-0.00699253058819,0.0216212937033,-0.0134614544591,0.573993285393,0.818845716833,0.00203647980475,0.0,0.818802145074,-0.573932801833,-0.0120388165641,0.0,-0.00868929811499,0.00857783905441,-0.999925455609,0.0,0.659817171249,0.258462790272,0.303309137251,1.0,-0.00878,-0.0115394285714,0.44
0.463542181106,0.536704356188,-0.123946872386,-1.37320588909,0.078572586075,1.90046103133,0.157034975614,-0.00809157025795,-0.0511323459525,0.00216036249979,-0.0787729712091,-0.00287361574619,0.0229618577224,-0.00542492861217,0.574008310366,0.818835102917,0.00206900031468,0.0,0.818791940922,-0.573947672034,-0.0120238990862,0.0,-0.00865825942997,0.00859606428276,-0.999925568341,0.0,0.659671300817,0.258267633319,0.303328510626,1.0,-0.00912,-0.0119862857143,0.457
0.463421419653,0.535845519327,-0.123953250966,-1.37456914231,0.0784918592831,1.90095985463,0.156871301246,-0.00706679997193,-0.0521734474238,0.000104836254528,-0.0790531161321,-0.0109056514664,0.0265116487134,-0.0193447295459,0.574030918808,0.818819269417,0.00206280986234,0.0,0.818776019648,-0.57397029694,-0.0120280830277,0.0,-0.00866500139616,0.00859363625441,-0.999925530811,0.0,0.659514130107,0.25805452481,0.303329277606,1.0,-0.00946,-0.0124331428571,0.474
0.463311322009,0.534994119268,-0.123950873802,-1.37591007208,0.0784186904728,1.90144856829,0.156700068694,-0.00852858039549,-0.0534509523046,-0.000493616068876,-0.0829338532952,-0.00179749236447,0.0343351332585,-0.0056470251789,0.574033108328,0.81881772472,0.00206667086694,0.0,0.818774414723,-0.573972360043,-0.0120388788602,0.0,-0.00867160239676,0.00860301791715,-0.999925392914,0.0,0.659354438667,0.257856638079,0.303334104776,1.0,-0.00978,-0.0128537142857,0.49
0.463181424034,0.53404098812,-0.123956228569,-1.37747621395,0.0783302172013,1.9020124102,0.156521674658,-0.00834222733831,-0.0568434344376,0.00133165975842,-0.0913268828268,-0.0032607103894,0.0311654955438,-0.00551335189083,0.574059198267,0.818799536845,0.00202540099085,0.0,0.818755608861,-0.573998545343,-0.0120693746113,0.0,-0.00871998900607,0.00858700926094,-0.999925109728,0.0,0.659167409327,0.257618449122,0.303310110467,1.0,-0.01014,-0.0133268571429,0.508
0.463063252731,0.533173723057,-0.123954368327,-1.37886321439,0.0782535724846,1.90254151687,0.156331012725,-0.00975325437158,-0.0529174336422,0.00141005275541,-0.0855166408133,-0.00502209986739,0.0344020716506,-0.010742650682,0.574053955231,0.818803185811,0.0020362442102,0.0,0.818759326739,-0.573993184532,-0.0120721120984,0.0,-0.00871606135814,0.00859740316336,-0.999925054658,0.0,0.659007179735,0.257411887742,0.303307382764,1.0,-0.01046,-0.0137474285714,0.524
0.462937107412,0.532219986958,-0.123954474904,-1.38041646376,0.0781652467744,1.90312395865,0.156138436186,-0.00854484525572,-0.0571960982022,-0.000316963861137,-0.0864652071069,-0.0083525988108,0.0332570153105,-0.0128908416906,0.57406082566,0.818798402492,0.002022726045,0.0,0.818754300862,-0.574000047574,-0.0120866499282,0.0,-0.00873565299503,0.00859475336169,-0.999924906471,0.0,0.65882391322,0.257182081931,0.303291008127,1.0,-0.0108,-0.0141942857143,0.541
0.462810635778,0.531223467644,-0.123957258964,-1.38202709231,0.0780694798113,1.90370791967,0.155934585626,-0.00694765189885,-0.0606433529813,0.00127227989922,-0.0935884166941,-0.00514454929425,0.0342316815118,-0.0145728216349,0.574061409476,0.818798058003,0.00199631231259,0.0,0.818753563885,-0.574000699915,-0.0121055782664,0.0,-0.00876630808948,0.00858399841129,-0.999924730574,0.0,0.658629366852,0.256943190316,0.303277475682,1.0,-0.01114,-0.0146411428571,0.558
0.462681376532,0.530229704969,-0.123957260049,-1.38359549541,0.0779797242417,1.90425075403,0.155730161096,-0.00547856310408,-0.068142680564,-0.000664927238259,-0.0971190926762,-0.00576832583176,0.0415555037788,-0.00880872514065,0.574060770197,0.818798562789,0.00197296642171,0.0,0.818753635917,-0.574000038728,-0.0121320284585,0.0,-0.00880137411676,0.00858006022498,-0.999924456337,0.0,0.65843570778,0.256707275956,0.303278210515,1.0,-0.01146,-0.0150617142857,0.574
0.462534850662,0.529172514544,-0.123960344056,-1.38524280037,0.0778607066494,1.90486522478,0.155503851818,-0.00635411341205,-0.0608328630546,8.34951261055e-05,-0.101570808882,-0.00712232691626,0.0351784083548,-0.0115419162607,0.574054931788,0.818802634641,0.00198184161765,0.0,0.818758002697,-0.573994336587,-0.0121070841593,0.0,-0.0087759155065,0.00857294511153,-0.999924741128,0.0,0.658245885751,0.25644982884,0.303292098634,1.0,-0.0118,-0.0155085714286,0.591
0.462387859735,0.528027177692,-0.123960686744,-1.38703457612,0.0777488848435,1.90556300387,0.155247753502,-0.00921256389515,-0.0649786662477,-0.0016980374557,-0.0959596703973,-0.00747208493809,0.0419636059294,-0.00828472808088,0.574032976039,0.818817929331,0.00202186227527,0.0,0.818773879122,-0.573972266921,-0.012079676067,0.0,-0.00873073056427,0.00858974579974,-0.999924992492,0.0,0.658039802253,0.256184496356,0.303306195222,1.0,-0.01216,-0.0159817142857,0.609
0.462251062964,0.526923503894,-0.123963649107,-1.38870141226,0.0776500690543,1.90619998121,0.15501841883,-0.00833238941924,-0.0716098708502,0.000869347344341,-0.102647809534,-0.00949411870395,0.0367897957755,-0.0137247446292,0.574022818302,0.81882489195,0.00208501647533,0.0,0.818781677328,-0.573961850058,-0.0120460138851,0.0,-0.00866702297135,0.00862202612728,-0.999925268897,0.0,0.657846506963,0.255936643698,0.303344937973,1.0,-0.01248,-0.0164022857143,0.625
0.462097727371,0.525758283006,-0.123966852011,-1.39052479263,0.0775355355073,1.90686368082,0.154774605648,-0.0141108850388,-0.0694058021507,0.000628351538556,-0.104382890039,-0.0071804817326,0.0332215698958,-0.0220333617852,0.574018333414,0.818828031554,0.00208675533514,0.0,0.818784849203,-0.573957367861,-0.0120439816723,0.0,-0.00866440802199,0.00862223594438,-0.99992528975,0.0,0.657628059312,0.255659324065,0.303354528769,1.0,-0.01282,-0.0168491428571,0.642
0.461943665532,0.524592622258,-0.123972555855,-1.39239187805,0.0774243179206,1.90753168331,0.154515387603,-0.00657270273519,-0.0681958612788,-0.000862309375664,-0.111556745497,-0.00605948895365,0.0406444391681,-0.0235767346094,0.574006603119,0.818836327586,0.00205793662491,0.0,0.818792709167,-0.573945702906,-0.012065505875,0.0,-0.0086986981153,0.00861086933253,-0.999925089984,0.0,0.6574001927,0.255375754385,0.303343807809,1.0,-0.01316,-0.017296,0.659
0.461799113427,0.523466175968,-0.123981446586,-1.3941876488,0.0773069814747,1.90819087307,0.154284743809,-0.0104186387169,-0.0706459862376,-0.00201145879099,-0.112077269182,-0.00701740092674,0.0444364342122,-0.0129839187095,0.574007070905,0.818836040435,0.00204165049005,0.0,0.818792290053,-0.573946320441,-0.0120645722519,0.0,-0.00870727642794,0.0085970029792,-0.999925134636,0.0,0.657184354179,0.255102980327,0.303338477853,1.0,-0.01348,-0.0177165714286,0.675
0.461628011292,0.522250341695,-0.123981049894,-1.39612415539,0.077193862174,1.90894918667,0.154018080972,-0.0155096044555,-0.0667185860369,0.000451023862095,-0.112960712022,-0.0053698886219,0.0538669196074,-0.0154801496653,0.574002043102,0.818839485063,0.00207343146878,0.0,0.818796136954,-0.573941144523,-0.0120497150857,0.0,-0.00867692192324,0.00861444460959,-0.999925248391,0.0,0.65696136839,0.254810030338,0.303337014167,1.0,-0.01382,-0.0181634285714,0.692
0.461470282385,0.520982809324,-0.12398182254,-1.39814610778,0.077075670221,1.90971387557,0.153742405005,-0.00847704288792,-0.0669540165436,-0.000163106473971,-0.119856625848,-0.00311295738955,0.0478610616948,-0.0210615926136,0.573982263054,0.818853326842,0.00208271969772,0.0,0.818810049276,-0.573921276963,-0.0120506412954,0.0,-0.00867255754048,0.0086223721877,-0.999925217926,0.0,0.656717327887,0.254515396699,0.30333145164,1.0,-0.01416,-0.0186102857143,0.709
0.461307725486,0.519758346152,-0.123985331961,-1.40006858133,0.0769442722627,1.91041457682,0.153483366194,-0.0067889280887,-0.0798725899242,0.000162139859309,-0.122253594377,-0.00638493230731,0.0465419553451,-0.0140752300059,0.573972481737,0.818860199973,0.00207605645234,0.0,0.818816936674,-0.573911625906,-0.0120422907522,0.0,-0.00866964659703,0.00861201950159,-0.999925332386,0.0,0.656484749516,0.254220860335,0.303337117617,1.0,-0.01448,-0.0190308571429,0.725
0.461128417528,0.518330200142,-0.123989274069,-1.40228717736,0.0768027548464,1.91119432764,0.153186020473,-0.0102917848755,-0.0733237988526,7.85348065304e-05,-0.12069506052,-0.00580804212645,0.0399359940238,-0.0160101717809,0.573955307331,0.818872302713,0.00205035043907,0.0,0.818828669579,-0.573894529642,-0.0120592546839,0.0,-0.00869847222371,0.00860052453722,-0.99992518098,0.0,0.656190866468,0.253867486615,0.303341769432,1.0,-0.01486,-0.0195302857143,0.744
0.460943542738,0.516970861535,-0.12399423325,-1.40442133478,0.0766678984913,1.91196483001,0.152885848123,-0.0104071205036,-0.0817509451727,-0.00192668115264,-0.123420973939,-0.00373548979174,0.0386596877646,-0.0157182833036,0.573940995443,0.818882332777,0.00205078447483,0.0,0.818838732732,-0.573880244819,-0.0120557573576,0.0,-0.00869550942742,0.00859872069116,-0.999925222263,0.0,0.655929115462,0.25354058976,0.3033534222,1.0,-0.0152,-0.0199771428571,0.761
0.460774241235,0.515703290433,-0.123991695258,-1.4064720732,0.0765335127426,1.91275584819,0.152610610822,-0.00624036875944,-0.0785240802098,-0.000266249948417,-0.127598856039,-0.00867484370939,0.0520641880919,-0.0211424849288,0.573925042038,0.818893452416,0.00207523800529,0.0,0.818850273745,-0.573864290368,-0.0120313061777,0.0,-0.00866161963074,0.00860454277667,-0.999925466317,0.0,0.655690692825,0.253231797852,0.303350279144,1.0,-0.01552,-0.0203977142857,0.777
0.460587683706,0.514302325399,-0.12399201059,-1.40869156284,0.0764136194087,1.91354506424,0.152308108716,-0.00601506716533,-0.0809728434917,0.00109034603451,-0.131851402828,-0.0119237170399,0.0427093974877,-0.0171299962445,0.573916729524,0.818899367304,0.00203978023279,0.0,0.818855464314,-0.573855872084,-0.0120794676844,0.0,-0.00872149649564,0.00860305941302,-0.999924958618,0.0,0.655422661873,0.252919676136,0.303331830345,1.0,-0.01584,-0.0208182857143,0.793
0.460394838222,0.512882501604,-0.124002993488,-1.41096480472,0.0762705431084,1.91433450883,0.151989920964,-0.00792322822486,-0.0865359105889,-0.000909950328051,-0.1353068082,-0.00956889997984,0.0449082698669,-0.0179452292441,0.573902225595,0.818909675344,0.00198141020186,0.0,0.818864973706,-0.5738415891,-0.0121133132861,0.0,-0.00878286296886,0.00857452995331,-0.99992466654,0.0,0.65513588728,0.252566304863,0.30331354291,1.0,-0.01618,-0.0212651428571,0.81
0.460206602075,0.511560406698,-0.124002006987,-1.41312296985,0.076136018867,1.91514392836,0.151683551793,-0.0126829573375,-0.0827134983474,-1.69993121835e-05,-0.132300205683,-0.0127069048338,0.0582156158009,-0.0216335671108,0.573881513175,0.818924253633,0.00195513375265,0.0,0.818879192453,-0.573820979547,-0.0121284170498,0.0,-0.00881052774516,0.00856145751208,-0.999924535176,0.0,0.654872747177,0.252238040472,0.30328253957,1.0,-0.0165,-0.0216857142857,0.826
0.460011008469,0.510076196719,-0.124005432426,-1.41545827426,0.076000853594,1.91602427544,0.151354985828,-0.01454263568,-0.0835249284818,-0.001128228576,-0.136008433127,-0.00620528397478,0.042165928685,-0.0183490402668,0.57386058065,0.818938857395,0.00198210137667,0.0,0.818894077398,-0.573799861092,-0.0121225539729,0.0,-0.0087904702485,0.0085799521307,-0.999924553181,0.0,0.65458784226,0.251888242928,0.303286536619,1.0,-0.01684,-0.0221325714286,0.843
0.459793407834,0.508475862973,-0.124013742801,-1.41795830834,0.0758402500081,1.91691773138,0.15101121052,-0.00977983226678,-0.0887999476057,-0.00130640076049,-0.135290767288,-0.00692704780204,0.0485476270612,-0.0205794712524,0.573849449716,0.818946682401,0.00197163536,0.0,0.818901781826,-0.57378879357,-0.0121259637462,0.0,-0.0087993849217,0.00857321839345,-0.999924532528,0.0,0.654276267748,0.251500123584,0.303294103397,1.0,-0.0172,-0.0226057142857,0.861
0.459605589961,0.50711187652,-0.124017021669,-1.42008127171,0.0757013481823,1.91769270495,0.150715726885,-0.0156112998405,-0.0939556067854,-0.00076813287571,-0.141933290394,-0.00681510485028,0.0552389041016,-0.0189042944936,0.573835901306,0.818956155984,0.00197986087846,0.0,0.818911406745,-0.573775253344,-0.0121166602124,0.0,-0.00878718747435,0.00857447037604,-0.999924629057,0.0,0.654014267697,0.251171584737,0.303304865041,1.0,-0.0175,-0.023,0.876
0.459374771073,0.505435554067,-0.124017159976,-1.42268424348,0.0755348355738,1.91867954081,0.150353578635,-0.0140202828621,-0.0949292582153,7.95611699815e-05,-0.146881737956,-0.0113023829073,0.061079127574,-0.0184252307305,0.573817936402,0.81896863079,0.00202596820868,0.0,0.818924541665,-0.573757145697,-0.0120863444105,0.0,-0.00873609139325,0.00859464176848,-0.9999249036,0.0,0.653698450657,0.250773864974,0.303323289327,1.0,-0.01786,-0.0234731428571,0.894
0.459148633131,0.503778703556,-0.12402655642,-1.42515997415,0.0753849014703,1.91962501283,0.150005678366,-0.013920936735,-0.0995895505994,0.00485884223812,-0.143819680579,-0.0130009161157,0.0595899651503,-0.0260005796983,0.573811929923,0.818972568032,0.00213278946635,0.0,0.818929922661,-0.573750731911,-0.0120260676424,0.0,-0.00862549605061,0.00864747268664,-0.999925408235,0.0,0.653403309332,0.250388565364,0.303384645831,1.0,-0.0182,-0.02392,0.911
0.458929546578,0.502173737662,-0.12402759156,-1.42752336878,0.0752308603362,1.92049945461,0.149693288791,-0.0143738018096,-0.0979901434601,-0.000968719952636,-0.151873078946,-0.0121990087806,0.0577360500156,-0.0179627002559,0.573815516936,0.818969800832,0.00222817162082,0.0,0.81892846942,-0.573753992947,-0.0119693128958,0.0,-0.00852424755217,0.00869305801005,-0.999925881226,0.0,0.653115139325,0.250020089086,0.303456133689,1.0,-0.01852,-0.0243405714286,0.927
0.458692781433,0.500467250169,-0.124030824968,-1.43010748215,0.075065367536,1.92140601473,0.14932390815,-0.013361793436,-0.101171784277,-0.000528956844425,-0.152519666264,-0.00790375308572,0.061885964854,-0.026323150878,0.573796000076,0.818983410703,0.00225170831843,0.0,0.818942350591,-0.573734346142,-0.0119613279683,0.0,-0.00850441051251,0.00870754909427,-0.999925924052,0.0,0.652787356798,0.249614448664,0.303495723856,1.0,-0.01886,-0.0247874285714,0.944
0.45843061393,0.498677174358,-0.124027973563,-1.43287763445,0.0748884999314,1.92243135754,0.14891959051,-0.0111553015825,-0.104377732026,0.000675890246832,-0.152978573926,-0.0107898379901,0.0558301063264,-0.0152362473148,0.573770597492,0.819001108527,0.00228748483351,0.0,0.81896051317,-0.573708800196,-0.0119430878111,0.0,-0.00846921503583,0.00872612038724,-0.999926060876,0.0,0.652444989259,0.249181092652,0.303514565158,1.0,-0.01922,-0.0252605714286,0.962
0.458203472425,0.497196347273,-0.12403327302,-1.43522102349,0.0747442733825,1.92329582877,0.148575758319,-0.0171709715643,-0.09680426735,-0.00152017371586,-0.155591630292,-0.0061758031286,0.0543915054993,-0.0206630632346,0.573758719794,0.819009429947,0.00228736081697,0.0,0.818968803928,-0.573696894585,-0.0119464738146,0.0,-0.00847218602715,0.0087278387123,-0.999926020711,0.0,0.652155633778,0.248806818465,0.303506664838,1.0,-0.01952,-0.0256548571429,0.977
0.457942806465,0.49552903356,-0.12403612846,-1.43792785799,0.0745766790511,1.92421803109,0.148172173324,-0.0158028844435,-0.101377133027,0.000539748042502,-0.158380601121,-0.00551338565786,0.0575450513116,-0.0241651811794,0.573741912166,0.819021473215,0.00218895825858,0.0,0.8189793751,-0.573680300447,-0.0120184417022,0.0,-0.00858776493835,0.00868836266813,-0.99992537854,0.0,0.651782894796,0.248346768941,0.303460342845,1.0,-0.01988,-0.026128,0.995
0.457636934263,0.493699072874,-0.124049183849,-1.44089671454,0.074388701024,1.92528625778,0.14776370231,-0.0228462758475,-0.108643169061,-0.00255609973481,-0.168721093807,-0.00754849613211,0.0642794391277,-0.0277906544216,0.573758572056,0.81900997943,0.00212167092765,0.0,0.818966993479,-0.573697232211,-0.0120538892479,0.0,-0.00865522548603,0.0086537673552,-0.999925096886,0.0,0.651432838652,0.247879302797,0.303414604446,1.0,-0.0233051428571,-0.0306296163265,1.012
0.457370325714,0.491674445142,-0.124105807094,-1.44404995463,0.0741997727229,1.92647367057,0.147307916621,-0.0124092783258,-0.133752898686,-0.00248160667587,-0.208855675482,-0.0199537922372,0.0829149795056,-0.0318153141509,0.573751635747,0.819014735971,0.00216093517719,0.0,0.818972443075,-0.573690312402,-0.0120129030755,0.0,-0.00859920262502,0.00866233592782,-0.999925506051,0.0,0.651045677873,0.24737540489,0.303427459832,1.0,-0.0281417142857,-0.0369862530612,1.028
0.456992730787,0.489155380842,-0.124103955339,-1.44811294893,0.0739771829703,1.92791923878,0.146719870806,-0.0271348466285,-0.154562236251,-0.00103052775766,-0.260801720276,-0.0175932998142,0.0901504653034,-0.0341824882365,0.57372064334,0.819036620546,0.00209392262781,0.0,0.81899298468,-0.573659140805,-0.0121007486282,0.0,-0.0087099261,0.00865752391467,-0.99992458939,0.0,0.650515531242,0.24674463223,0.30337089102,1.0,-0.0332805714286,-0.0437401795918,1.045
0.456506174829,0.486122097637,-0.124148580686,-1.45282767813,0.0736915823861,1.92971489052,0.146031342904,-0.0321552411737,-0.196285644058,-0.00164279400154,-0.289991965764,-0.0171336077869,0.109916585227,-0.0410364934629,0.573744301734,0.81901981722,0.00218223035556,0.0,0.818977475592,-0.573682560519,-0.0120399805254,0.0,-0.00860924090582,0.00869523513743,-0.999925134126,0.0,0.649947176151,0.245959043382,0.30339129401,1.0,-0.0384194285714,-0.0504941061224,1.062
0.456008224637,0.482908426256,-0.124205047697,-1.45783595281,0.0733878067822,1.93150457705,0.145251599723,-0.033334238075,-0.211894076411,-0.0015385633014,-0.324343638757,-0.0203195429181,0.115782978294,-0.0480795266446,0.573718346986,0.819038023507,0.00217285125081,0.0,0.818995541757,-0.573656630768,-0.0120465538591,0.0,-0.00862028110228,0.00869105178394,-0.999925075379,0.0,0.649312686156,0.245124106973,0.303394826306,1.0,-0.043256,-0.0568507428571,1.078
0.455376470301,0.479042229104,-0.124278428404,-1.4639037186,0.0730227231876,1.93362633162,0.144343772287,-0.0414391242062,-0.23085299848,-0.00688760439792,-0.364118359165,-0.0205082987184,0.132845039304,-0.0521751502833,0.573742348591,0.819021397818,0.00210101200244,0.0,0.818977855957,-0.573680813995,-0.0120971900492,0.0,-0.00870271478223,0.00866151929637,-0.999924617578,0.0,0.648535874036,0.244088933125,0.303373157176,1.0,-0.0483948571429,-0.0636046693878,1.095
0.454589182832,0.474179259368,-0.124344733026,-1.47133994544,0.072576049065,1.9363592765,0.143282923554,-0.0463480216402,-0.258382780467,-0.000809257567262,-0.411434050589,-0.0188013526312,0.154622389789,-0.0607332287114,0.57380513911,0.818977054644,0.00223454647594,0.0,0.818935244811,-0.573743017647,-0.0120316835379,0.0,-0.00857178234146,0.00873395886728,-0.999925118451,0.0,0.647602747316,0.242837247624,0.303438608559,1.0,-0.0541382857143,-0.0711531755102,1.114
0.453932536386,0.470290350923,-0.124372813847,-1.47731560009,0.0722187688002,1.9384668374,0.142385733685,-0.0516364730511,-0.288192475826,-0.000404516791069,-0.433685577194,-0.0292787722743,0.151388963293,-0.0650665518293,0.573817414561,0.818968378445,0.00226202453497,0.0,0.818926620671,-0.573754863601,-0.0120537691879,0.0,-0.00857397330297,0.00876926361491,-0.999924790671,0.0,0.646827639981,0.241825935339,0.303465726416,1.0,-0.0583702857143,-0.0767152326531,1.128
0.453032987102,0.464831006358,-0.12441216461,-1.48554756695,0.0716888873974,1.94150930446,0.141053271348,-0.0544055265766,-0.310074917734,7.22138153632e-05,-0.475251972776,-0.0228804321767,0.165541213514,-0.0809767582667,0.573736880257,0.819024164439,0.00248137050056,0.0,0.818985429937,-0.573673619331,-0.0119243841013,0.0,-0.0083430225581,0.00887383606834,-0.999925821753,0.0,0.645780953495,0.240441579269,0.303579293544,1.0,-0.0638114285714,-0.0838664489796,1.146
0.452072355041,0.45930587072,-0.124444770631,-1.49411899784,0.0711243487176,1.94444146404,0.139784171782,-0.0543732863169,-0.336895129396,-0.00284011190031,-0.510912240675,-0.033153327911,0.173417515133,-0.0733934509387,0.573753013167,0.819013174334,0.00237635223746,0.0,0.818972834253,-0.573689921206,-0.0120049141438,0.0,-0.00846905656827,0.00883419367554,-0.999925113247,0.0,0.644631309321,0.23897232213,0.303560241895,1.0,-0.0689502857143,-0.0906203755102,1.163
0.451108563952,0.453789485687,-0.1244972651,-1.50266578434,0.0705463500537,1.94743059848,0.13845058142,-0.0610784775229,-0.356833438426,-0.00434894390367,-0.534472940643,-0.0390396042086,0.196817974557,-0.0916452909062,0.573723194263,0.81903422565,0.00231958619683,0.0,0.818993203627,-0.573660400016,-0.0120260037908,0.0,-0.00851921797824,0.00879949205699,-0.999924993119,0.0,0.643491815864,0.237495825042,0.303545208565,1.0,-0.0737868571429,-0.0969770122449,1.179
0.449990378161,0.447408842587,-0.124541362646,-1.51208621184,0.0699070402072,1.95101411543,0.136965700855,-0.0660045236863,-0.378621987917,-0.00168286751396,-0.571877087014,-0.0385701535191,0.200222467498,-0.0873866625966,0.573707910095,0.81904359033,0.00275280500288,0.0,0.819008828569,-0.573644119595,-0.0117349768683,0.0,-0.00803248183456,0.00898719368616,-0.999927352154,0.0,0.642297057098,0.235865124355,0.303749534714,1.0,-0.0789257142857,-0.103730938776,1.196
0.448794220892,0.440818088924,-0.124578655304,-1.5223127729,0.0692233321741,1.9544712546,0.135378731396,-0.066527066899,-0.393634226654,-0.000916698388759,-0.615586948867,-0.0442534699398,0.21108904427,-0.103421605658,0.573684127292,0.819060806183,0.00258162149636,0.0,0.819023417556,-0.573620528873,-0.0118691723441,0.0,-0.00824086144291,0.00892373604827,-0.999926224847,0.0,0.640792709147,0.233974831172,0.303692078643,1.0,-0.0843668571429,-0.110882155102,1.214
0.447569162296,0.434180778998,-0.124606587307,-1.53237806393,0.0685494604105,1.95793048087,0.133736514629,-0.0747823456792,-0.430833775718,-0.00396761597486,-0.626523945893,-0.0385036351272,0.225577988233,-0.0964025592367,0.573618720094,0.819106420112,0.00264261051683,0.0,0.819069597629,-0.573554650937,-0.0118660663352,0.0,-0.00820404751744,0.00897125244087,-0.999926102387,0.0,0.639406529563,0.232204305475,0.303743872007,1.0,-0.0892034285714,-0.117238791837,1.23
0.445980975631,0.425987399074,-0.124645088161,-1.54490095878,0.0676453362411,1.96237162941,0.131703054292,-0.0896672973194,-0.436407258059,0.000117411862313,-0.67693261879,-0.0493277357862,0.225936246526,-0.120177784855,0.573568271193,0.819141672554,0.0026656083103,0.0,0.819105526693,-0.573504536547,-0.0118080312986,0.0,-0.00814386884357,0.0089562990336,-0.99992672837,0.0,0.637781353521,0.230077678011,0.303742144951,1.0,-0.0946445714286,-0.124390008163,1.248
0.444426642994,0.418259579965,-0.124766901065,-1.55670821325,0.0668061955975,1.96632055695,0.129781432224,-0.0943914798579,-0.463288959737,-0.0153901983863,-0.680811921863,-0.0489772615659,0.241900065881,-0.109667820828,0.573620406394,0.819105636523,0.00251644311947,0.0,0.819067665879,-0.573557352273,-0.0118688359648,0.0,-0.00827866537496,0.00886951446739,-0.999926394998,0.0,0.636127022903,0.227871908971,0.303716315185,1.0,-0.0997834285714,-0.131143934694,1.265
0.442967892747,0.411101983676,-0.124849619885,-1.5674210044,0.0660638757639,1.97016805741,0.127977580146,-0.100471730663,-0.480069036399,-0.00270124211094,-0.720258034242,-0.0479997482329,0.247868946016,-0.13616594528,0.573635588007,0.819094296532,0.00273723629121,0.0,0.819059518004,-0.57357206934,-0.0117189649969,0.0,-0.00802908969127,0.00896454740951,-0.999927582682,0.0,0.634665375393,0.225882577653,0.303800509878,1.0,-0.104317714286,-0.137103281633,1.28
0.441065891378,0.402276993709,-0.124912535949,-1.58095501178,0.0651419543923,1.97458971508,0.12573757321,-0.11438368617,-0.493068983008,-0.00638809965645,-0.764883821965,-0.0565872948455,0.25244624636,-0.128072232777,0.573694163229,0.819054031817,0.00249938822589,0.0,0.819015344356,-0.573630637132,-0.0119375355306,0.0,-0.00834392159223,0.00889570303563,-0.999925619954,0.0,0.632698336584,0.223336524806,0.303704386518,1.0,-0.109758857143,-0.144254497959,1.298
0.439053129803,0.392940582301,-0.125033703786,-1.59473000557,0.0641215872613,1.97946299439,0.123375008122,-0.114888175612,-0.522011278923,-0.0056174114327,-0.796836431265,-0.0624103201166,0.272927601858,-0.136403388029,0.573752370049,0.819012260881,0.00280736384156,0.0,0.818978405639,-0.573688605291,-0.0116834137389,0.0,-0.00795845967932,0.00900273001643,-0.99992780428,0.0,0.630779307353,0.220686698973,0.303856320758,1.0,-0.1152,-0.151405714286,1.316
0.437397598009,0.385552150839,-0.125066489149,-1.60599233658,0.0632801444695,1.98312108605,0.121410171807,-0.120545686821,-0.527244157637,-0.000978469029531,-0.787014878855,-0.0636670374465,0.255710439424,-0.153095784111,0.573715729732,0.819038609,0.00260102422323,0.0,0.819001801094,-0.573652410397,-0.0118198456506,0.0,-0.00818898378843,0.00891164647308,-0.999926758869,0.0,0.629100725795,0.218536526274,0.303772008824,1.0,-0.119432,-0.156967771429,1.33
0.435148158615,0.375620042246,-0.12512973859,-1.62066112521,0.062208793858,1.98808106098,0.11877405482,-0.134489870489,-0.543383816447,-0.00542652577709,-0.799675332148,-0.0607010601666,0.273250678006,-0.157460314892,0.573690318438,0.819055859377,0.00276851063781,0.0,0.819021192973,-0.573626352661,-0.0117405236031,0.0,-0.00802820855766,0.00900306694675,-0.99992724368,0.0,0.626950563817,0.215695024435,0.303863307399,1.0,-0.124873142857,-0.164118987755,1.348
0.432843951774,0.366004615967,-0.125225075683,-1.63507277938,0.0610927167714,1.99279153239,0.116260139905,-0.135188729211,-0.574697337235,-0.00913602506704,-0.852083868034,-0.0639518946764,0.275890425156,-0.146301031268,0.573791182561,0.818985614784,0.00264357589671,0.0,0.818949468045,-0.573727813891,-0.0117860620197,0.0,-0.00813607887374,0.00892786542745,-0.999927046059,0.0,0.624792551911,0.212815815705,0.303821835461,1.0,-0.130012,-0.170872914286,1.365
0.430588312088,0.356630176543,-0.125350321714,-1.64891280336,0.059998512307,1.99732836562,0.113683395909,-0.141769663735,-0.58756898656,-0.0139446258869,-0.88824282612,-0.0722146481087,0.277955473349,-0.167893737071,0.573792086553,0.818984983112,0.00264305643423,0.0,0.818949269154,-0.573729202411,-0.0117321675318,0.0,-0.00809222616842,0.00889652530871,-0.999927681242,0.0,0.62270686045,0.210015438644,0.303853818552,1.0,-0.134848571429,-0.17722955102,1.381
0.428157047965,0.347013514551,-0.125433813174,-1.66317686456,0.0589531615971,2.00188297163,0.110997230378,-0.154853239061,-0.624026762486,-0.0134294412198,-0.870072308896,-0.0643388782465,0.293161209693,-0.172243252392,0.57383189638,0.818957328638,0.00256816426725,0.0,0.818919946811,-0.573768526873,-0.0118551755314,0.0,-0.00823550961442,0.00890617027362,-0.99992642555,0.0,0.62050344864,0.207107742069,0.303822621822,1.0,-0.139685142857,-0.183586187755,1.397
