position_joint1,position_joint2,position_joint3,position_joint4,position_joint5,position_joint6,position_joint7,velocity_joint1,velocity_joint2,velocity_joint3,velocity_joint4,velocity_joint5,velocity_joint6,velocity_joint7,ee_T_00,ee_T_10,ee_T_20,ee_T_30,ee_T_01,ee_T_11,ee_T_21,ee_T_31,ee_T_02,ee_T_12,ee_T_22,ee_T_32,ee_T_03,ee_T_13,ee_T_23,ee_T_33,v_x,v_y,time
0.465069213597,0.547821130543,-0.123997748873,-1.35584950828,0.0795657448447,1.89410349655,0.159148062795,0.000504800492401,-0.000545200945555,-0.00526224958875,-0.00103822480578,0.000104166267441,-0.000238473227932,-0.000956968256771,0.573825160812,0.818963796004,0.00193198246708,0.0,0.818919837623,-0.573766100022,-0.0119795205978,0.0,-0.00870245516682,0.0084564519146,-0.999926375137,0.0,0.661672411515,0.260890536104,0.303178909694,1.0,0.0,0.0,0.0
0.465065929329,0.547826752671,-0.123997275575,-1.35584521201,0.079564798545,1.89410512416,0.15914379798,-0.000823238971312,0.00203723035288,-0.00467159229183,0.000624141247022,7.31899270367e-05,0.000416815465561,-0.00121772689467,0.573823563289,0.818964916395,0.00193153561446,0.0,0.818920964799,-0.57376451685,-0.0119782936321,0.0,-0.00870172317946,0.00845536493499,-0.9999263907,0.0,0.661674373443,0.260889030138,0.303177095606,1.0,-0.00018,-0.000236571428571,0.01
0.465064105265,0.547821937628,-0.123990190485,-1.35584481542,0.0795637339178,1.89410268275,0.15914883269,0.00262023478694,0.00192527238468,0.0021037120356,0.00094226944854,0.0002449810871,0.00248357093416,0.000386456006964,0.573823900746,0.818964671237,0.00193522584184,0.0,0.818920739033,-0.573764810669,-0.0119796544103,0.0,-0.00870071676271,0.00845917146519,-0.999926367262,0.0,0.661673013877,0.260891696243,0.303180246773,1.0,-0.0005,-0.000657142857143,0.026
0.465068788407,0.547803098249,-0.123995489081,-1.35586850371,0.0795616003303,1.8941076888,0.159142948632,0.000509150022802,-0.00127580209052,7.0231931291e-06,-0.00249958364356,-5.79087588457e-05,-0.000130500349752,-0.00153932613394,0.573819678508,0.818967632644,0.00193394395038,0.0,0.818923711899,-0.573760621787,-0.011977056297,0.0,-0.0086993680479,0.00845658596775,-0.999926400866,0.0,0.6616691951,0.260889158368,0.303182924842,1.0,-0.00084,-0.001104,0.043
0.465065864932,0.547712337382,-0.123994805972,-1.35595962754,0.0795625678322,1.89412425431,0.159144933238,-0.000625102276754,-0.00529784435979,-0.000432582378054,-0.00626389042988,0.000351913676071,0.00111982422221,-0.000475805096861,0.573828408171,0.818961471031,0.00195290653755,0.0,0.818917714377,-0.573769189001,-0.0119767163383,0.0,-0.0086881189035,0.00847201294215,-0.999926368082,0.0,0.661654563516,0.260879280722,0.303205268056,1.0,-0.0012,-0.00157714285714,0.061
0.465060301095,0.547589860934,-0.12399690089,-1.35613574596,0.079559458919,1.89415655547,0.159149187492,-0.00254629289555,-0.00607147008723,-0.000783812196674,-0.0172063957912,0.000174955354656,0.00286735975858,0.00108507973803,0.573846711452,0.818948677656,0.00193959329776,0.0,0.818904645,-0.573787446889,-0.0119956280065,0.0,-0.00871105712212,0.00847215675956,-0.999926167296,0.0,0.661625968208,0.260856775141,0.303211074632,1.0,-0.00152,-0.00199771428571,0.077
0.465047061947,0.547444861599,-0.123993985519,-1.35634120697,0.079557511125,1.89424487141,0.159136520615,-0.000684005659182,-0.00965743430807,0.000759789210879,-0.0139085145116,-0.00255328744412,0.0115664037571,-0.00459411104995,0.573856204763,0.818941954343,0.00196940939398,0.0,0.818898217972,-0.573796721874,-0.0119907243511,0.0,-0.00868983388597,0.00849386094478,-0.999926167831,0.0,0.661603199084,0.260832905463,0.303223567269,1.0,-0.00186,-0.00244457142857,0.094
0.465032457356,0.547257487758,-0.123997808367,-1.35654877919,0.0795557092808,1.89437342014,0.159128883581,-0.00100939316712,-0.0134558255219,-0.00210873844452,-0.0121447608001,-0.000191333705085,0.00863678820152,-0.00225128950845,0.573875999642,0.818927845829,0.00206573523187,0.0,0.818885366776,-0.573816112407,-0.0119403569014,0.0,-0.00859310403957,0.00854404910531,-0.999926576198,0.0,0.661590989875,0.260807309578,0.30326878195,1.0,-0.0022,-0.00289142857143,0.111
0.465016157211,0.547062249224,-0.123992439744,-1.35678707289,0.0795542724447,1.89448534151,0.159122719862,-0.00272029636519,-0.0171690405639,4.97228656524e-05,-0.0145010928363,0.000139886037435,0.00742493538639,0.00157655021358,0.57389360205,0.818915338805,0.00213267372202,0.0,0.818873627413,-0.573833333645,-0.0119178196978,0.0,-0.00853605042959,0.00858611605115,-0.999926704541,0.0,0.661566921539,0.260781289351,0.303303190555,1.0,-0.00252,-0.003312,0.127
0.464987877648,0.546838285019,-0.123994944411,-1.35712707153,0.0795471321163,1.89461200042,0.15910049613,-0.000231941492692,-0.0161858039206,0.00102971590187,-0.0228487164506,-0.00181467174862,0.00588153653411,-0.00214931246549,0.573917455008,0.81889858161,0.00214820284556,0.0,0.818856966833,-0.573857013997,-0.0119223427199,0.0,-0.00853059251274,0.00860167706674,-0.999926617379,0.0,0.661528451218,0.260731156171,0.303311057167,1.0,-0.00286,-0.00375885714286,0.144
0.464952977433,0.546561145577,-0.123989942848,-1.35752048617,0.0795408577176,1.89477146494,0.159045676856,-0.000923842341868,-0.0161836007118,0.000216001458734,-0.0232930967136,-0.00216179018524,0.00714622662022,-0.00435548558536,0.573914538924,0.818900508038,0.00219245250532,0.0,0.81885931625,-0.573853763575,-0.0119174293658,0.0,-0.00850120551508,0.00863506239076,-0.999926579906,0.0,0.661481306931,0.260675847086,0.303331861225,1.0,-0.00322,-0.004232,0.162
0.464911464158,0.546273478125,-0.123997786541,-1.35798940351,0.079531078831,1.89492893425,0.158908872215,-0.0010967679829,-0.0162704532793,-0.0010492719671,-0.03020015989,0.000216644921355,0.0100655602647,-0.00473711224961,0.57386907736,0.818932387477,0.00218487814927,0.0,0.818890928113,-0.573808167096,-0.0119407759202,0.0,-0.00852515134211,0.00864178533692,-0.999926317956,0.0,0.661430144892,0.26060293387,0.303328185711,1.0,-0.00354,-0.00465257142857,0.178
0.464863653412,0.545960229455,-0.123998129507,-1.35851679913,0.0795186138522,1.89510826933,0.158902835535,-0.00160549403927,-0.0233104449005,-0.000389817424736,-0.0314224702324,1.99131131702e-05,0.00901972508429,0.000549177246907,0.573929662884,0.818889981992,0.00216479933013,0.0,0.818848063885,-0.573868628042,-0.0119746783812,0.0,-0.00856379862204,0.00864543131799,-0.999925956194,0.0,0.661366318631,0.26052276849,0.303314530596,1.0,-0.00388,-0.00509942857143,0.195
0.464796483654,0.545623804613,-0.123997194148,-1.35910565804,0.0794862776645,1.89530535335,0.158836649161,-0.0045307760887,-0.0168572474256,-0.000735671448038,-0.0420427525404,-0.00124312998824,0.0123324414108,-0.0146939980854,0.573954086765,0.818872983524,0.0021189717021,0.0,0.818830393492,-0.573893164871,-0.0120070358216,0.0,-0.0086163397614,0.00862673180371,-0.999925666331,0.0,0.661298332411,0.260421534764,0.3032894714,1.0,-0.00422,-0.00554628571429,0.212
0.464735881721,0.545254751288,-0.123998220785,-1.35974742865,0.079372588428,1.89550442387,0.158722463311,-0.001807476251,-0.0226829376492,-0.00218258218456,-0.0413738334493,-0.00848578462579,0.00969024732403,-0.00403742878739,0.573916365339,0.818899683602,0.00201511645064,0.0,0.818856354707,-0.573856496451,-0.0119891090945,0.0,-0.00866165674159,0.00853100107446,-0.999926096131,0.0,0.661222667848,0.260304620783,0.303262387028,1.0,-0.00454,-0.00596685714286,0.228
0.46466516237,0.544830175933,-0.12400317877,-1.36045826335,0.0793570657074,1.89573555896,0.158683000434,-0.00664252459454,-0.0249945433228,-0.000197616837199,-0.0423886007759,-0.000377371647503,0.0140510591648,-0.00453757735537,0.573980822052,0.81885458794,0.00198157181833,0.0,0.818810545778,-0.573920817412,-0.0120387858743,0.0,-0.00872091763334,0.00853272839616,-0.999925566301,0.0,0.661136949482,0.260189352652,0.303244797563,1.0,-0.00488,-0.00641371428571,0.245
0.464595544586,0.544385371438,-0.124004155736,-1.36120107865,0.0793367104188,1.89600699983,0.15855186579,-0.00802234685339,-0.0222911708153,-0.00104470392505,-0.0449795137774,-0.00189170268663,0.0215322696157,-0.00153686696985,0.573967200058,0.818864160314,0.00197157599839,0.0,0.818819748565,-0.573907006705,-0.0120712019234,0.0,-0.00875334187621,0.00854300381187,-0.999925195248,0.0,0.661051430845,0.260075548939,0.30322962393,1.0,-0.00522,-0.00686057142857,0.262
0.464535505324,0.543914683757,-0.124002025227,-1.36196416833,0.079309121416,1.89628172014,0.158463394541,-0.0058537361725,-0.0337183060285,0.00053736039628,-0.0502600786096,-0.00508910758391,0.0148282997568,-0.00257386245459,0.573977611739,0.818856874328,0.00196659344174,0.0,0.81881219634,-0.573917242633,-0.0120968026531,0.0,-0.00877705710992,0.00855372927761,-0.999924895672,0.0,0.660959688523,0.25996686853,0.303223238669,1.0,-0.00554,-0.00728114285714,0.278
0.464446529691,0.543346495675,-0.124008266513,-1.36285686617,0.0792599003806,1.896587028,0.158348314518,-0.00440791403628,-0.0298624618742,-0.00143804120657,-0.0538324536186,-0.00270554357666,0.0188047223747,-0.0122343084794,0.573997056723,0.8188432793,0.00195185051565,0.0,0.818798353197,-0.573936695935,-0.0121108530894,0.0,-0.00879682138898,0.00854993062826,-0.999924754479,0.0,0.660857313349,0.259818690659,0.303226983716,1.0,-0.0059,-0.00775428571429,0.296
0.46437749583,0.542787502063,-0.124008416843,-1.36373903659,0.0792090367749,1.89691177294,0.158240112134,0.000113767420355,-0.0405877280924,0.00123726601934,-0.0535583061356,-0.00888125116654,0.0189464717437,-0.00161922690392,0.574000629289,0.818840769999,0.00195393563677,0.0,0.818795838935,-0.57394022755,-0.012113473656,0.0,-0.00879773321549,0.00855318054559,-0.999924718663,0.0,0.660754375506,0.259689411239,0.303230648613,1.0,-0.00624,-0.00820114285714,0.313
0.464299216911,0.542228375253,-0.12401161751,-1.36460120019,0.0791556233749,1.89722470794,0.158126920205,-0.00338959895005,-0.0346139385457,0.0005245021586,-0.0526825062096,-0.00390593862851,0.0211810237726,-0.00717156225906,0.574007921391,0.818835641472,0.00196095295991,0.0,0.818790816168,-0.573947501507,-0.0121083349102,0.0,-0.00878942135502,0.00855605515839,-0.999924767166,0.0,0.660656807661,0.259553427432,0.303242927403,1.0,-0.00656,-0.00862171428571,0.329
0.464211466291,0.541598538503,-0.124013836095,-1.36556781177,0.0791072991668,1.89757543258,0.15799055274,-0.00778509544614,-0.0403657605649,-0.00039003531686,-0.0627728479613,-0.00186007409869,0.0188106838885,-0.00984401386833,0.574010404834,0.81883385912,0.00197818155786,0.0,0.818789160479,-0.573949812918,-0.0121107322069,0.0,-0.00878146972524,0.00857156494316,-0.999924704197,0.0,0.660546356063,0.259403680691,0.30325867835,1.0,-0.0069,-0.00906857142857,0.346
0.464138175283,0.540923323591,-0.124014103066,-1.36660065071,0.0790480213082,1.89796282918,0.157853702296,-0.00320506905536,-0.0496951984777,0.000662646284739,-0.0665343974671,-0.00237533676791,0.02915966601,-0.0156935074512,0.574000044568,0.818841056486,0.00200498153049,0.0,0.818796681579,-0.573939310716,-0.0120999483492,0.0,-0.00875736537848,0.00858720844587,-0.999924781372,0.0,0.660425374007,0.259258075167,0.303277996691,1.0,-0.00724,-0.00951542857143,0.363
0.464037892738,0.54025647198,-0.124017914751,-1.36763535011,0.0789847205168,1.89833273324,0.15774263469,-0.0030332674576,-0.0407896251316,0.000197967696092,-0.0714135609583,-0.00267464439426,0.0203179083372,-0.00584996476951,0.574034220836,0.81881709728,0.00200534578565,0.0,0.818772728897,-0.573973482787,-0.012099850117,0.0,-0.0087567174395,0.00858781581752,-0.999924781831,0.0,0.660308092773,0.259090429211,0.303289009284,1.0,-0.00756,-0.009936,0.379
0.463945828225,0.539508831402,-0.12401800267,-1.36877693287,0.0789150995679,1.89877564129,0.157605691686,-0.00454078292721,-0.0469646536144,0.000460014887503,-0.0666149814123,-0.000842104766362,0.025558733861,-0.00521763246914,0.574042228395,0.818811383686,0.00204569464245,0.0,0.81876757386,-0.573981345188,-0.0120756892876,0.0,-0.00871368905733,0.00860706974007,-0.999924992174,0.0,0.660179972663,0.258922683636,0.303312338035,1.0,-0.0079,-0.0103828571429,0.396
0.4638338945,0.538759572962,-0.124021198959,-1.36993765571,0.0788544730096,1.89922076386,0.157447871875,-0.00420371583078,-0.0443774155053,-0.00320596533494,-0.071748042443,-0.00676736413896,0.0280732277136,-0.00922874993582,0.574057776928,0.818800407932,0.00207548057933,0.0,0.818756930755,-0.573996707805,-0.012067090437,0.0,-0.00868938685031,0.00862668730966,-0.999925034601,0.0,0.660043969244,0.25872631283,0.303327612903,1.0,-0.00826,-0.010856,0.414
0.463736986382,0.538025134779,-0.124024398666,-1.37109323837,0.0787872292481,1.89966847233,0.15729752688,-0.00370559837269,-0.0461936362845,0.00169346873734,-0.0734305728246,-0.000825545015673,0.0276592387241,-0.00596139177216,0.574059413001,0.818799198812,0.00209982640292,0.0,0.818756050595,-0.573998250607,-0.0120534151245,0.0,-0.00866419677764,0.00863878830704,-0.999925148714,0.0,0.659923644339,0.258565524757,0.303335511489,1.0,-0.00856,-0.0112502857143,0.429
0.4636169712,0.537159873859,-0.124030715263,-1.37244315817,0.0787039994802,1.90016323135,0.15714124713,-0.00907451432767,-0.0503401662638,0.000706791865896,-0.0812807370528,-0.0072081913266,0.0200532781104,-0.00795449089773,0.574086252494,0.818780366448,0.00210549694488,0.0,0.818737320781,-0.574025091012,-0.0120474623517,0.0,-0.00865578421437,0.00864029779364,-0.99992520853,0.0,0.659769366512,0.258353887456,0.303347044232,1.0,-0.00892,-0.0117234285714,0.447
0.463500368461,0.536324809844,-0.124039510604,-1.37375658793,0.0786355831457,1.90066110004,0.156974831734,-0.00714073898802,-0.0496253570629,0.000463009681121,-0.0758891658483,-0.00747412454721,0.029766925786,-0.00517169755791,0.57410573195,0.818766658125,0.00212484955353,0.0,0.818723813981,-0.574044434785,-0.0120436794302,0.0,-0.00864137147085,0.008654176945,-0.999925213164,0.0,0.659621927727,0.25814961208,0.303354843746,1.0,-0.00926,-0.0121702857143,0.464
0.463391623839,0.535492879163,-0.124044837811,-1.37507388419,0.0785598765441,1.90113685878,0.156822921899,-0.00531676527383,-0.051578370585,-0.000248559319466,-0.0873177137602,-0.00592889692331,0.0341079988493,-0.0132547739105,0.57412619032,0.818752332879,0.00211704859769,0.0,0.818709345355,-0.574064882077,-0.0120526302326,0.0,-0.00865296246302,0.00865314475013,-0.99992512186,0.0,0.659466370175,0.25794937759,0.303356390843,1.0,-0.00958,-0.0125908571429,0.48
0.463267777561,0.534598054106,-0.124045105356,-1.37650350313,0.0784796104386,1.90165684311,0.156647904064,-0.00689514875654,-0.0540453218425,0.000198990031032,-0.0876900020676,-0.00673491911465,0.030786166919,-0.00845517647795,0.57414138952,0.818741700588,0.00210700268471,0.0,0.818698494257,-0.574080034615,-0.0120679848605,0.0,-0.00867114121953,0.0086538961362,-0.99992495788,0.0,0.659297860944,0.257731892894,0.303352366875,1.0,-0.00992,-0.0130377142857,0.497
0.463127796853,0.533635456344,-0.124048552696,-1.37807456551,0.0783941504497,1.9022325296,0.156439708585,-0.00803888974306,-0.0543601032432,-0.000568273973807,-0.0868090018758,-0.00544970576868,0.0244781555846,-0.0130204865335,0.574151155235,0.818734915956,0.00208212350519,0.0,0.818691278089,-0.574089799876,-0.0120929632628,0.0,-0.00870577300735,0.00864797168142,-0.999924708217,0.0,0.659114134275,0.257488980472,0.303333587961,1.0,-0.01028,-0.0135108571429,0.515
0.463016980991,0.532807607456,-0.124049273899,-1.37942252435,0.0783204304163,1.90274845119,0.156276614671,-0.00520327826729,-0.0568479322816,-0.000324305427731,-0.0844930689183,-0.00754194677792,0.0329659775729,-0.00665766293028,0.574162984402,0.81872662474,0.00208042910102,0.0,0.818682900306,-0.574101570872,-0.0121013210183,0.0,-0.0087134638584,0.00865150888972,-0.999924610629,0.0,0.6589577185,0.257289448583,0.303320521275,1.0,-0.01058,-0.0139051428571,0.53
0.462877420356,0.531755588745,-0.124051410997,-1.38108377548,0.0782248982377,1.90335185617,0.156075013248,-0.0076088123052,-0.0645946954086,-0.000155506556689,-0.0924661390143,-0.00797161130224,0.0363635167345,-0.0218211130058,0.574178665925,0.818715635437,0.00207720699291,0.0,0.818671795428,-0.574117191444,-0.0121115135856,0.0,-0.00872349325078,0.00865489012471,-0.999924493921,0.0,0.658760190299,0.25703835123,0.303323792174,1.0,-0.01094,-0.0143782857143,0.548
0.462745347337,0.530756429887,-0.124052442147,-1.38272424127,0.0781284685682,1.9039271197,0.155851447864,-0.00486360877964,-0.0577409917484,-0.000676277668176,-0.0917314074922,-0.0080079941674,0.0341273782512,-0.0197270514834,0.574167809904,0.818723387253,0.00202191398564,0.0,0.818678718188,-0.574106474334,-0.0121515190418,0.0,-0.00878810811876,0.00863247522717,-0.999924121885,0.0,0.658557886315,0.256792582542,0.303297008106,1.0,-0.01128,-0.0148251428571,0.565
0.462609785753,0.52977967015,-0.124052477791,-1.38427362217,0.0780330454995,1.90449012992,0.155657075815,-0.00624600531481,-0.0570863338827,-0.000406358898508,-0.0969177132113,-0.0114972087643,0.0447751154752,-0.00408226677002,0.574178207699,0.818716118795,0.00201234441903,0.0,0.818671300648,-0.574116889698,-0.0121591677496,0.0,-0.00879975513147,0.00862914390625,-0.999924048208,0.0,0.658374000982,0.256554971612,0.303296456999,1.0,-0.0116,-0.0152457142857,0.581
0.46247165369,0.528637649243,-0.124058175994,-1.3860500568,0.0779157510415,1.90516140172,0.155407056398,-0.00778558035481,-0.0651585544711,-0.00547087031027,-0.100560182138,-0.00812606382035,0.0424213260165,-0.0148923214131,0.574155498106,0.818731985732,0.00203627983972,0.0,0.818687595962,-0.574094190757,-0.0121337240217,0.0,-0.0087654202974,0.00863388763536,-0.999924308831,0.0,0.658165675871,0.256291425917,0.303313528141,1.0,-0.01196,-0.0157188571429,0.599
0.462336263244,0.527602666544,-0.124050656294,-1.38767552751,0.0778175902106,1.90579880327,0.155184491794,-0.0131149742557,-0.0690527299407,0.00104464226929,-0.102420925473,-0.0117834042089,0.0388265249218,-0.0137254999174,0.574140653457,0.818742295449,0.00207619681287,0.0,0.818698419738,-0.574079165916,-0.0121142759521,0.0,-0.0087267367828,0.0086552440013,-0.999924462555,0.0,0.657977842259,0.256054689475,0.303323486274,1.0,-0.01228,-0.0161394285714,0.615
0.46219326102,0.526504785465,-0.124055667629,-1.38936661914,0.0777161126632,1.90643069596,0.154953392975,-0.0116848102433,-0.069112138323,-0.000178519578557,-0.108609406952,-0.00771409725225,0.0408487921795,-0.0188130335169,0.57413612172,0.818745391146,0.00210834378078,0.0,0.818701941789,-0.574074501785,-0.0120972646824,0.0,-0.00869440069281,0.00867174873349,-0.999924601243,0.0,0.657779693989,0.255797828093,0.303346135995,1.0,-0.0126,-0.01656,0.631
0.462033525615,0.525333061451,-0.124060832123,-1.391200805,0.0775966452467,1.90709015538,0.15471177887,-0.0103491252692,-0.0672350663421,-0.000264405573546,-0.107324475574,-0.00299868644676,0.0479059510845,-0.0156473494385,0.574139248136,0.818743219346,0.00210033947494,0.0,0.818699709855,-0.574077706628,-0.0120962282569,0.0,-0.00869811426177,0.0086646335365,-0.999924630627,0.0,0.65756016811,0.255512877406,0.30335473093,1.0,-0.01294,-0.0170068571429,0.648
0.461885715361,0.52414392297,-0.12407198607,-1.39308048677,0.0774849713997,1.90775873658,0.154453970861,-0.00921415208272,-0.0698891580646,-0.00128235076196,-0.110728392638,-0.00408681068371,0.0405632299852,-0.0118790089352,0.574124973699,0.818753295162,0.00207440072778,0.0,0.818709365319,-0.574063465584,-0.0121185610712,0.0,-0.0087314422462,0.00865606651564,-0.999924414358,0.0,0.657314706126,0.255211172897,0.303350145355,1.0,-0.0133,-0.01748,0.666
0.461727627858,0.523011321827,-0.124071629834,-1.39489133417,0.077369906424,1.90844916042,0.154210126582,-0.0106545774623,-0.0689446312284,-0.000634699653483,-0.114755918803,-0.00878674786965,0.0511691433803,-0.0139449277658,0.574120723738,0.818756234055,0.00209061522482,0.0,0.81871261184,-0.574059240862,-0.0120993428302,0.0,-0.00870644300733,0.00865826321191,-0.999924613323,0.0,0.657104998239,0.254937129988,0.303349545324,1.0,-0.01362,-0.0179005714286,0.682
0.461556719157,0.521704648646,-0.124077657097,-1.39695067955,0.0772490961623,1.90925968273,0.153934912261,-0.00443215748412,-0.0712402146131,-0.00129710457917,-0.115304089598,-0.00253169808138,0.0464663632083,-0.0102822553749,0.574120637474,0.818756183345,0.00213372031494,0.0,0.818713146546,-0.574058991645,-0.0120749610789,0.0,-0.00866173447977,0.00867955633334,-0.999924817003,0.0,0.656879996159,0.254645812869,0.30335722345,1.0,-0.01396,-0.0183474285714,0.699
0.461388686727,0.520428655048,-0.124075874645,-1.39899485486,0.0771180464374,1.91000927495,0.153654300066,-0.0132293418571,-0.0803677903236,0.00104692156484,-0.124968557415,-0.00279255007488,0.0412795273776,-0.0224265031056,0.574100909448,0.818770068556,0.00211364816916,0.0,0.81872677082,-0.574039353351,-0.0120848023938,0.0,-0.00868152440248,0.00866856328168,-0.99992474074,0.0,0.656630356694,0.254340303227,0.303345454253,1.0,-0.0143,-0.0187942857143,0.716
0.461230019276,0.519184092488,-0.124089605652,-1.40091803494,0.0769929429004,1.91070396417,0.15340861621,-0.0105839395288,-0.0810138703927,-0.000831897193617,-0.11928263128,-0.00936212099304,0.039159669978,-0.0167787836451,0.574107822319,0.818765204506,0.00212017527453,0.0,0.818722081169,-0.574046326455,-0.0120712795973,0.0,-0.00866663173987,0.00866621720695,-0.999924890266,0.0,0.656397642379,0.254043146433,0.303364530542,1.0,-0.01462,-0.0192148571429,0.732
0.461048898723,0.51782303573,-0.124090785946,-1.40303838676,0.0768559906927,1.91146318508,0.153109512444,-0.0116812660012,-0.0827950450168,-0.000757143478956,-0.126723212356,-0.0115275774305,0.0412423650073,-0.0191357273507,0.574087411784,0.818779525326,0.00211646848994,0.0,0.818736357425,-0.57402593822,-0.0120725383598,0.0,-0.00867000634159,0.00866368880558,-0.999924882922,0.0,0.656137037729,0.253719218682,0.303376349882,1.0,-0.01496,-0.0196617142857,0.749
0.460851652487,0.516402838714,-0.124093897333,-1.40529801297,0.0767153585824,1.91230366005,0.152791611228,-0.00944247881675,-0.0803460372057,0.000841927966949,-0.129130048518,-0.0141393107939,0.0471242471395,-0.0175549716379,0.574072528328,0.818789967542,0.00211380552423,0.0,0.818746769843,-0.574011073034,-0.0120731854688,0.0,-0.00867222232814,0.00866172231708,-0.999924880742,0.0,0.655865132497,0.253372773433,0.303370093066,1.0,-0.01532,-0.0201348571429,0.767
0.460686062121,0.51518202209,-0.12410070238,-1.40723338813,0.0765980915246,1.91303244013,0.152537909847,-0.0128409426809,-0.0792527738319,0.000214020022588,-0.125923269998,-0.0038159292347,0.044541953471,-0.0212417508754,0.574075847013,0.818787616423,0.00212319801277,0.0,0.818744552667,-0.574014362437,-0.0120671494634,0.0,-0.00866185316002,0.00866598270344,-0.999924933704,0.0,0.655633355485,0.25307703911,0.303368374639,1.0,-0.01562,-0.0205291428571,0.782
0.460497548808,0.513769550658,-0.124102875447,-1.40949491143,0.0764613147849,1.91381729147,0.152224787974,-0.00902178702354,-0.082152164159,0.000703533074526,-0.129940234036,-0.00755857019481,0.0407886021238,-0.0170289569277,0.574057175147,0.818800844292,0.00206977076074,0.0,0.818756951797,-0.573995792837,-0.0121091119207,0.0,-0.00872707937879,0.00864612824646,-0.999924538429,0.0,0.655345386395,0.252733571209,0.303350115527,1.0,-0.01596,-0.020976,0.799
0.460311648035,0.512371976654,-0.124113616297,-1.41176894943,0.0763141291849,1.914621595,0.151905247409,-0.0149914400584,-0.0805313987432,-0.00193359632169,-0.134064869748,-0.00284925420217,0.0489705662207,-0.0110520185437,0.574034733807,0.818816748102,0.00200107759114,0.0,0.818771969699,-0.57397366736,-0.0121423932248,0.0,-0.00879399840256,0.00860874744847,-0.999924274663,0.0,0.655058884775,0.252384839949,0.303316993914,1.0,-0.0163,-0.0214228571429,0.816
0.460121054998,0.510996207514,-0.124106800956,-1.41393798465,0.0761882994379,1.91544372835,0.151589761329,-0.0110158400753,-0.0885059677356,-8.21364732962e-05,-0.128975487517,-0.00472739165308,0.0487551873704,-0.023144902972,0.574007320556,0.818835895329,0.00202962320356,0.0,0.818791384752,-0.573946028207,-0.0121396813108,0.0,-0.00877568159775,0.00863027009441,-0.999924250056,0.0,0.65479561502,0.252060090414,0.303319103276,1.0,-0.01662,-0.0218434285714,0.832
0.459911824945,0.509418387281,-0.124112784222,-1.41643970656,0.0760340028342,1.91637248231,0.151250841443,-0.00973952147513,-0.0890681534155,-0.00259857375465,-0.139495182966,-0.00345230917518,0.0452486034838,-0.0145243174327,0.573994215521,0.818845079851,0.00203043188763,0.0,0.818800575265,-0.57393291678,-0.0121396821838,0.0,-0.00877535628439,0.00863079231891,-0.999924248404,0.0,0.654487774253,0.251681585719,0.303313476879,1.0,-0.01698,-0.0223165714286,0.85
0.459696113523,0.507906123028,-0.124120988864,-1.41882240091,0.0758802548423,1.91722138048,0.150907297805,-0.0140788836848,-0.0895891234686,-0.00160490106347,-0.143187649689,-0.00516308700007,0.0452332777588,-0.016834470769,0.573977384497,0.818856936031,0.00200681363846,0.0,0.818812134247,-0.573916203651,-0.0121501809591,0.0,-0.00879768647031,0.00861729835611,-0.999924168566,0.0,0.654191750702,0.251305624487,0.303311203147,1.0,-0.01732,-0.0227634285714,0.867
0.459498658986,0.506449400557,-0.124122248528,-1.42111833647,0.0757382180312,1.91806282652,0.150603677447,-0.00888245009754,-0.0939632362558,-0.000723346703494,-0.14554308876,-0.00684657591306,0.0561118364129,-0.0167176270811,0.57397184633,0.818860817028,0.00200720134965,0.0,0.81881598173,-0.573910626682,-0.012154322076,0.0,-0.00880091336597,0.00861993318692,-0.999924117459,0.0,0.65390580892,0.250956650754,0.303310026074,1.0,-0.01764,-0.023184,0.883
0.459276365895,0.504834649068,-0.124126347936,-1.4235804683,0.0755851218647,1.91901820012,0.150263340395,-0.0129399532035,-0.098288546911,-0.000729945845933,-0.148802336241,-0.00984995958517,0.0569878264879,-0.0282883562682,0.573964070491,0.81886604587,0.00209561643321,0.0,0.818822445289,-0.57390254256,-0.0121004807836,0.0,-0.00870616087375,0.00866134573544,-0.999924589083,0.0,0.653613472227,0.25057808541,0.303349563748,1.0,-0.01798,-0.0236308571429,0.9
0.459028704464,0.503059127876,-0.124131941316,-1.42619554053,0.075415781412,1.9200137599,0.149891863243,-0.0166467548484,-0.100274973961,0.000500265626843,-0.144045907549,-0.0137914625859,0.0559203685218,-0.0239183204393,0.573955315291,0.818871845789,0.00222331393455,0.0,0.818830048078,-0.573893383007,-0.0120201583776,0.0,-0.0085671890669,0.00871971792898,-0.999925282104,0.0,0.653303118764,0.250166278362,0.303431380466,1.0,-0.01834,-0.024104,0.918
0.458815449785,0.501460307559,-0.124131655006,-1.42858920144,0.0752666907369,1.92086608858,0.149564173399,-0.0135134385681,-0.105021222669,0.000895991129704,-0.149196136534,-0.00969015013885,0.0621262754722,-0.0159418067944,0.573943400596,0.818880057435,0.00227406020983,0.0,0.818838864113,-0.573881200909,-0.0120011983817,0.0,-0.00852266570364,0.00875026595928,-0.999925395725,0.0,0.653000594782,0.249798067975,0.303481992122,1.0,-0.01866,-0.0245245714286,0.934
0.458577329916,0.499746415826,-0.124132397652,-1.4311830029,0.0750990638093,1.92179337374,0.149197262691,-0.0106010333225,-0.100777067461,-0.000109819983288,-0.15905796397,-0.00476966583303,0.0550073295443,-0.014683795231,0.573925171531,0.818892726574,0.00231230370847,0.0,0.818852025917,-0.573862811333,-0.011982500608,0.0,-0.00848560086135,0.00877066215543,-0.999925532259,0.0,0.652674211345,0.249393008268,0.303523563139,1.0,-0.019,-0.0249714285714,0.951
0.458318131826,0.498068943278,-0.124135155405,-1.43381551762,0.074935192929,1.92277774273,0.148814847906,-0.0138549664354,-0.0970312031733,-0.00101131745256,-0.155387101255,-0.0108460398929,0.0595291379887,-0.0195394871987,0.57391595354,0.81889912337,0.00233472022213,0.0,0.818858710636,-0.573853498975,-0.0119716594552,0.0,-0.00846395702193,0.00878270143668,-0.999925610027,0.0,0.652353258901,0.248972457586,0.303525790656,1.0,-0.01934,-0.0254182857143,0.968
0.458076951094,0.496484165766,-0.124132233321,-1.43633019305,0.0747844674978,1.92366827782,0.148440535711,-0.00969083417772,-0.0998160625315,0.000235598204185,-0.158494333817,-0.0122640276915,0.0558134938179,-0.021673394643,0.573891409404,0.818916407473,0.00230536002436,0.0,0.818875441667,-0.573828901675,-0.0120062291313,0.0,-0.0085093796487,0.00877824347434,-0.999925263657,0.0,0.652031948869,0.248575700425,0.303510599088,1.0,-0.01966,-0.0258388571429,0.984
0.457803332565,0.494809795723,-0.124137549389,-1.43907620466,0.0746159253955,1.92461565135,0.148055409953,-0.0156200844928,-0.104838386669,-0.00102341301059,-0.165489262559,-0.00739283320802,0.0568128451946,-0.0266704478691,0.573896741464,0.818912961781,0.0021995602216,0.0,0.818870440472,-0.573834496963,-0.0120796819641,0.0,-0.00863019075917,0.00873381311757,-0.999924617317,0.0,0.651677964937,0.248127907912,0.303452420923,1.0,-0.01998,-0.0262594285714,1.001
0.457484701299,0.49256175324,-0.124200904434,-1.44249083389,0.0744128883711,1.92586459042,0.147574471044,-0.0160487955195,-0.147593227699,-0.00814160394501,-0.220367833758,-0.0143210809673,0.08195769392,-0.0345986371702,0.573926209358,0.818892141384,0.00226139168277,0.0,0.818850583464,-0.573863859962,-0.0120307560451,0.0,-0.00855432531752,0.0087566767047,-0.999925069258,0.0,0.651261564258,0.247559967462,0.303502263432,1.0,-0.0318702857143,-0.0418866612245,1.019
0.457132856746,0.489775372189,-0.124253193476,-1.44688697167,0.0741838514144,1.92755039113,0.14690809877,-0.0283810672047,-0.18356033495,-0.00121385612146,-0.294195643437,-0.0231509114641,0.115202697009,-0.043752743944,0.573865631063,0.8189343897,0.00233447064294,0.0,0.818893642647,-0.573802840704,-0.0120103677788,0.0,-0.00849634090145,0.00880418996107,-0.999925146414,0.0,0.650712523535,0.24689302586,0.303495889075,1.0,-0.0424394285714,-0.0557775346939,1.035
0.456545408058,0.485859228786,-0.124290718664,-1.45308435498,0.0738358857041,1.92988535242,0.145988236404,-0.042711193153,-0.249903734422,-0.0020656462519,-0.388711194525,-0.0209717410421,0.14685977825,-0.0566116960619,0.573835285469,0.818955498427,0.00238823106057,0.0,0.818915233133,-0.573772050689,-0.0120092336239,0.0,-0.00846489065038,0.00884725113756,-0.999925033077,0.0,0.64994000016,0.245908207796,0.303470851917,1.0,-0.0536691428571,-0.0705365877551,1.052
0.455806911162,0.480986640219,-0.124442763239,-1.46079116845,0.0733687062713,1.9325905458,0.144799401302,-0.0493232238228,-0.307900687406,-0.00777393591745,-0.488198732298,-0.0340253381858,0.16880094891,-0.08065885698,0.573828602987,0.818960553069,0.00225694770913,0.0,0.818918714364,-0.573766056899,-0.0120581141059,0.0,-0.00858032500731,0.00876771629413,-0.999924749756,0.0,0.64895750261,0.244599081733,0.303422523772,1.0,-0.0648988571429,-0.0852956408163,1.069
0.454942866509,0.475504783715,-0.12458364205,-1.46940499279,0.0728436816175,1.93561540943,0.143548609316,-0.055945745707,-0.360811855412,-0.010148778756,-0.560577904676,-0.0382579227907,0.200538972338,-0.0811243372992,0.573890070323,0.818917773008,0.00214828692814,0.0,0.818874559017,-0.573828023181,-0.0121079853087,0.0,-0.00868286429549,0.00870799770717,-0.999924386463,0.0,0.647851233629,0.243129418257,0.303385876417,1.0,-0.075468,-0.0991865142857,1.085
0.453860645895,0.468784164002,-0.124701041781,-1.47974032404,0.0722479371868,1.93939162144,0.141990835674,-0.0670777354013,-0.418284767871,-0.00704216426375,-0.622236484435,-0.0347219805092,0.243722894202,-0.1064900744,0.573921257188,0.818895521635,0.00229392551871,0.0,0.818853990781,-0.573858364799,-0.0120609217205,0.0,-0.008560411251,0.00880057886064,-0.999924631745,0.0,0.646537590876,0.241385890868,0.303442264322,1.0,-0.0866977142857,-0.113945567347,1.102
0.452593063205,0.461182912366,-0.124767893521,-1.49141881132,0.071517141241,1.94362861691,0.140123243747,-0.0820130687972,-0.460833379473,-0.0040778904274,-0.717100382424,-0.0447471874495,0.246899294782,-0.106961972328,0.573830726233,0.818958580112,0.00242664246024,0.0,0.818918655112,-0.57376716716,-0.0120092089177,0.0,-0.00844287946494,0.00887864679614,-0.999924940892,0.0,0.645023815829,0.239417958566,0.303493451172,1.0,-0.0979274285714,-0.128704620408,1.119
0.451195725725,0.453260537707,-0.124888967029,-1.50378265178,0.0707025805494,1.94781479152,0.138217537262,-0.086951168318,-0.509332825778,-0.0140136880238,-0.790981891922,-0.0543765164618,0.272043666152,-0.126655813645,0.573850772563,0.818945208464,0.00218706736594,0.0,0.818901955668,-0.573788013903,-0.0121510906756,0.0,-0.00869633187758,0.00876407525046,-0.999923779494,0.0,0.643357630452,0.237246188666,0.303422877673,1.0,-0.108496571429,-0.142595493878,1.135
0.449555027772,0.443826562281,-0.125018699772,-1.51788125473,0.0697382287917,1.95293788321,0.136028859756,-0.10117282886,-0.567585058569,-0.00409984647516,-0.874301201211,-0.0555503973445,0.299973616368,-0.132047051271,0.573870545321,0.818930371983,0.00252783661231,0.0,0.818892334562,-0.573807184401,-0.0118914434371,0.0,-0.00828793295665,0.0088943463985,-0.999926097654,0.0,0.641516243879,0.2347719273,0.303626286802,1.0,-0.119726285714,-0.157354546939,1.152
0.447711944739,0.433660621802,-0.125116935365,-1.53328963176,0.0687265980101,1.95826810891,0.133534774318,-0.114301694509,-0.63008583797,-0.00686444253763,-0.916650863186,-0.0657819010931,0.340856648269,-0.156436864885,0.57381211347,0.818971096444,0.0025977926672,0.0,0.818933642147,-0.573748137176,-0.0118958710721,0.0,-0.00825205474909,0.00895358711621,-0.999925865687,0.0,0.639405324656,0.23205669199,0.303701691096,1.0,-0.130956,-0.1721136,1.169
0.445784257671,0.423397948344,-0.125217112645,-1.54876774592,0.0676386969189,1.96372150025,0.130957269673,-0.127498081772,-0.656849635172,-0.00524863783782,-0.987745183336,-0.0686673279964,0.350529133922,-0.167869112624,0.573717952445,0.819036545918,0.00275579275911,0.0,0.819001529219,-0.573653821411,-0.0117700984748,0.0,-0.00805942492155,0.00900988874925,-0.999926931118,0.0,0.637284762365,0.229284126776,0.303795012241,1.0,-0.141525142857,-0.186004473469,1.185
0.443351321347,0.411006543736,-0.125369226769,-1.56730997347,0.0662969588928,1.97025757551,0.127895254915,-0.130417446191,-0.711169306771,-0.00382394557438,-1.05306067917,-0.0685113422056,0.374971708642,-0.17383670797,0.573714739042,0.819037905201,0.00300914452494,0.0,0.819006987867,-0.573650680112,-0.0115411409373,0.0,-0.00772658285429,0.00908600798832,-0.999928869658,0.0,0.634727635699,0.225873112589,0.303939203792,1.0,-0.153415428571,-0.201631706122,1.203
0.440772758182,0.398626539858,-0.125486571163,-1.58598351619,0.0650561177892,1.97653991794,0.124743640703,-0.157972389973,-0.769398274832,-0.0118194995733,-1.10353741402,-0.0782109522266,0.386647042255,-0.190737684965,0.573741787415,0.819018929999,0.00301671648631,0.0,0.818987252771,-0.573676692919,-0.011648120084,0.0,-0.00780956126863,0.00915384182437,-0.999927606346,0.0,0.632042332836,0.222390172144,0.303953269082,1.0,-0.164645142857,-0.216390759184,1.22
0.438112417223,0.386336083148,-0.125608618931,-1.60451389312,0.0636798300724,1.98279828814,0.121548507755,-0.169596630583,-0.784035506284,-0.00648913917682,-1.18516913082,-0.0878924498761,0.390026724502,-0.207103909028,0.573726679842,0.819029669961,0.00297379579631,0.0,0.818997645889,-0.573661975781,-0.0116421850367,0.0,-0.00782949213813,0.00911513941842,-0.999927804037,0.0,0.62935024887,0.218862941267,0.303935416816,1.0,-0.175214285714,-0.230281632653,1.236
0.435049054567,0.37252502293,-0.125762990077,-1.62502238012,0.0621364937143,1.98963935195,0.117826420746,-0.182556625983,-0.824264311261,-0.00901420298258,-1.23030751153,-0.097695997785,0.403469102882,-0.214420185872,0.573630338339,0.819096922043,0.00303547981944,0.0,0.819065951156,-0.573565741256,-0.0115782129761,0.0,-0.00774278045127,0.00912804813556,-0.999928361478,0.0,0.626316489742,0.214888647477,0.304002331112,1.0,-0.186444,-0.245040685714,1.253
0.431393015063,0.357222106752,-0.125954505774,-1.6476960838,0.060369085775,1.99710135766,0.11378186442,-0.201749597205,-0.856545651908,-0.0105853606983,-1.27514185927,-0.0971810620924,0.411781271772,-0.231401609978,0.573757462125,0.819007918584,0.0030250377814,0.0,0.818977294339,-0.573693450177,-0.0115223036895,0.0,-0.00770156187923,0.00908861996431,-0.999929038948,0.0,0.622916763489,0.210327968753,0.304034016254,1.0,-0.198334285714,-0.260667918367,1.271
0.428035021155,0.343909928453,-0.126150046065,-1.6673489949,0.058895988171,2.00344097813,0.110039490326,-0.226698903705,-0.910691127527,-0.0170256720337,-1.31603791182,-0.100092759177,0.443767754159,-0.24504723662,0.57383737034,0.81895203388,0.00299758329118,0.0,0.818920728882,-0.573773053291,-0.0115788611503,0.0,-0.00776274882855,0.00909934151824,-0.999928468299,0.0,0.61991009668,0.206268621697,0.304034191513,1.0,-0.208242857143,-0.273690612245,1.286
0.424042779076,0.328323011094,-0.12628030805,-1.69021584725,0.0571424382098,2.01080186939,0.105642235276,-0.228443958908,-0.932614679239,-0.0100464350533,-1.34163496479,-0.117503816197,0.439853630412,-0.268914908851,0.573836810204,0.81895225408,0.00304428873662,0.0,0.818921027948,-0.573771721782,-0.0116236039744,0.0,-0.00777259953194,0.00916326031044,-0.999927808073,0.0,0.616319493073,0.201579085828,0.304036559843,1.0,-0.219472571429,-0.288449665306,1.303
0.419533266358,0.311118955273,-0.126428209219,-1.71518717105,0.0550475531621,2.01869633417,0.100664384778,-0.253609738361,-0.958824340197,-0.00695877657537,-1.37242799793,-0.101263529756,0.431828267776,-0.280259796371,0.573704453392,0.819044944733,0.00305377927534,0.0,0.819014266279,-0.57363985318,-0.0115627581694,0.0,-0.00771879774145,0.00913487052242,-0.999928484594,0.0,0.612300680046,0.196374987726,0.304071499176,1.0,-0.231362857143,-0.304076897959,1.321
0.415426781984,0.296235340369,-0.12655905564,-1.73674654375,0.0531967051033,2.02536434084,0.0962162240116,-0.281857059209,-0.988089326397,-0.00653286147401,-1.4609308861,-0.122570419388,0.436812719405,-0.296472688169,0.573584869967,0.819129028836,0.00296276285183,0.0,0.819097403956,-0.57352085221,-0.0115767790682,0.0,-0.00778381938215,0.00906723124925,-0.999928596187,0.0,0.608751108256,0.191776626454,0.304045716866,1.0,-0.241271428571,-0.317099591837,1.336
0.410097139889,0.277780517808,-0.12673932225,-1.76310332647,0.0510345013589,2.03340549466,0.0906538051189,-0.307340361373,-1.01698178419,-0.00896518173007,-1.50600751741,-0.129143448494,0.438232198647,-0.322999094555,0.573587431607,0.819126880993,0.00305909099983,0.0,0.819095812619,-0.57352228713,-0.0116182105202,0.0,-0.0077624811312,0.00916992471001,-0.999927825579,0.0,0.604334302255,0.186022803124,0.30408871146,1.0,-0.253161714286,-0.33272682449,1.354
0.404603518937,0.259767622465,-0.126981939625,-1.78857912269,0.0487693962158,2.04101708738,0.0850758409448,-0.334189919857,-1.03957631755,-0.0190127676353,-1.5223570277,-0.145547587006,0.443154289615,-0.330968154986,0.573636104225,0.819092686443,0.00308834029455,0.0,0.819062355691,-0.573571284042,-0.0115579632175,0.0,-0.0076958080015,0.00915978462394,-0.999928433882,0.0,0.599991679543,0.180247024055,0.304139562131,1.0,-0.264391428571,-0.347485877551,1.371
0.399014827511,0.242325861162,-0.127189795554,-1.81305777494,0.0465599098373,2.04814373425,0.07956041498,-0.356811551642,-1.09780815994,-0.0188372797193,-1.57389078269,-0.152451412257,0.448361104092,-0.361023481362,0.57372183752,0.819032629634,0.003090574039,0.0,0.819002331956,-0.573657003911,-0.0115572061845,0.0,-0.00769294764201,0.00916198531039,-0.99992843573,0.0,0.595716366845,0.174578475886,0.304171403618,1.0,-0.274960571429,-0.36137675102,1.387
0.392817272049,0.223311067938,-0.127367410045,-1.83949292068,0.0442097839974,2.05572249708,0.0732836955468,-0.382844023731,-1.11685636548,-0.0126605790827,-1.56568661531,-0.152228614306,0.443642393767,-0.38297793147,0.573602040825,0.819116134595,0.00319432460187,0.0,0.819086565803,-0.573536154416,-0.0115855168619,0.0,-0.00765797058074,0.00926208280799,-0.999927782047,0.0,0.590685056942,0.168083984272,0.304210711426,1.0,-0.286850857143,-0.377003983673,1.405
