position_joint1,position_joint2,position_joint3,position_joint4,position_joint5,position_joint6,position_joint7,velocity_joint1,velocity_joint2,velocity_joint3,velocity_joint4,velocity_joint5,velocity_joint6,velocity_joint7,ee_T_00,ee_T_10,ee_T_20,ee_T_30,ee_T_01,ee_T_11,ee_T_21,ee_T_31,ee_T_02,ee_T_12,ee_T_22,ee_T_32,ee_T_03,ee_T_13,ee_T_23,ee_T_33,v_x,v_y,time
0.465065446922,0.547869062085,-0.123924313133,-1.35585761543,0.0794673488329,1.89409279279,0.159169995071,0.000556671953382,-0.000787241848562,-0.00128401360165,0.000245225299107,2.95544598024e-05,1.9953829939e-05,0.000329175870833,0.573769267955,0.819003171952,0.00183803806928,0.0,0.818958491852,-0.573711100244,-0.0119711729841,0.0,-0.00875009426935,0.00837412927275,-0.999926652215,0.0,0.661656775458,0.260912259069,0.303137553845,1.0,0.0,0.0,0.0
0.465057792615,0.547871888359,-0.123931345195,-1.35586507729,0.0794633656231,1.89409229295,0.159169282506,-0.000749696701239,0.0010428359191,0.00154810461604,-0.00301563286914,-0.000104489212603,-0.000147078523197,-0.000468901183884,0.573779218179,0.818996230023,0.00182507381598,0.0,0.818951446028,-0.573721167133,-0.011970728191,0.0,-0.00875706637993,0.00836336292383,-0.999926681287,0.0,0.661658723948,0.26090151991,0.303132182518,1.0,-0.00024,-0.000315428571429,0.013
0.46505879847,0.547866641219,-0.123927485189,-1.35586360885,0.0794663786481,1.8940956274,0.159169877572,-2.03943331988e-05,0.00164112591822,0.000229077279535,0.00156746747985,1.0236945427e-05,-0.00133461003003,-0.00435100414778,0.573776918434,0.818997816295,0.00183621259852,0.0,0.818953135724,-0.573718779934,-0.011969542188,0.0,-0.00874972772167,0.00837178027982,-0.999926675092,0.0,0.661658548245,0.260905379802,0.30313676576,1.0,-0.00058,-0.000762285714286,0.03
0.465054170668,0.547839582309,-0.123932416591,-1.35588904519,0.0794639945062,1.89409557462,0.159167615411,-0.000381204117457,-0.000647315353524,-0.000718313489193,0.000269264348708,0.000466090210522,0.000310801462505,-0.00138657007956,0.573783009803,0.818993548021,0.0018365357734,0.0,0.818948893048,-0.573724889635,-0.0119669749544,0.0,-0.00874737740719,0.00837063700694,-0.999926705226,0.0,0.661655897091,0.260896410874,0.303143982883,1.0,-0.00094,-0.00123542857143,0.048
0.465056271984,0.547745768866,-0.123922186046,-1.35600075483,0.0794625521296,1.89411881364,0.159170696149,-0.000531633282954,-0.00924631292994,0.00144571989456,-0.00806098646297,-0.000180746385116,0.00325092499102,0.00106250776014,0.573782373469,0.818993968815,0.00184765823318,0.0,0.818949333236,-0.573724085418,-0.0119754041735,0.0,-0.00874790618656,0.00838457573712,-0.999926583819,0.0,0.661634586878,0.260893041165,0.303158951099,1.0,-0.00126,-0.001656,0.064
0.465060885309,0.547627889623,-0.123927153401,-1.35617588189,0.0794608931261,1.89414834144,0.159166267016,0.00162559258008,-0.00910878351148,-0.00165363551192,-0.0152745745343,0.000251469874196,0.00430670845598,0.00125490063113,0.573787547585,0.818990385586,0.0018290589219,0.0,0.818945402228,-0.573729238313,-0.0119973403115,0.0,-0.00877649076031,0.00838198524859,-0.999926355055,0.0,0.66160346525,0.260875710577,0.303161831742,1.0,-0.00158,-0.00207657142857,0.08
0.465039718308,0.547468177997,-0.123930206107,-1.35638306239,0.0794563613575,1.89423638714,0.159152060949,-0.00145327926658,-0.0110431728376,-0.000125196511873,-0.0142441401349,-0.000295868689242,0.00674348887976,-0.00198256685642,0.573805818748,0.818977498132,0.0018673041128,0.0,0.818932972744,-0.573747303476,-0.0119818532793,0.0,-0.00874167582652,0.00840461585406,-0.999926470065,0.0,0.661584222408,0.2608427,0.303184097227,1.0,-0.00192,-0.00252342857143,0.097
0.465020422515,0.547277767205,-0.123927463833,-1.35658363862,0.0794541763037,1.89437135611,0.159145885941,-0.00281051244744,-0.0175958019063,-0.00072371606769,-0.00978272319065,-7.47285601653e-05,0.00913933885379,0.000116562326695,0.573825619439,0.818963363228,0.00197865282543,0.0,0.818920271872,-0.573766615032,-0.011925044789,0.0,-0.00863105602763,0.00846341806965,-0.999926935044,0.0,0.661574718318,0.260819052765,0.303235131936,1.0,-0.00224,-0.002944,0.113
0.464994247948,0.547074299894,-0.123929565096,-1.356853716,0.0794507066739,1.89449522489,0.159126395671,0.000145592680071,-0.0161357190508,-0.000924251049563,-0.0175446717456,-0.000259352215898,0.00709991907049,-0.00494400350776,0.573846872689,0.818948336799,0.00203353393544,0.0,0.818905889164,-0.573787568998,-0.0119045057235,0.0,-0.00858252390957,0.00849679988562,-0.999927069678,0.0,0.661550361128,0.260778995663,0.303261522808,1.0,-0.00258,-0.00339085714286,0.13
0.464958996545,0.546817656116,-0.12392936768,-1.35725884115,0.0794389475699,1.89463994223,0.159086373325,-0.00215003452543,-0.0128630981186,-0.000729648328187,-0.0209388827931,-0.00043461094608,0.0092329372073,-0.000277644832975,0.573862349155,0.818937483014,0.00203716427255,0.0,0.818894957455,-0.573802904659,-0.0119173051201,0.0,-0.0085907624813,0.00850728005361,-0.999926909822,0.0,0.661502861291,0.260718993346,0.303263008231,1.0,-0.00296,-0.00389028571429,0.149
0.464916055916,0.546581701564,-0.123930235806,-1.35760897266,0.0794296615581,1.89477320113,0.158968576112,-0.00269467992554,-0.0213187694801,-0.00104442104266,-0.0263173914822,-0.000341229273562,0.00650205962927,-0.0110604945076,0.573818784112,0.81896795041,0.00206060717439,0.0,0.818925624962,-0.573759144232,-0.0119168826539,0.0,-0.00857741789521,0.00852577928062,-0.999926866821,0.0,0.661467237037,0.260659172172,0.303275046541,1.0,-0.00326,-0.00428457142857,0.164
0.464874477449,0.546294537633,-0.12392530342,-1.35807746566,0.0794121669657,1.89493891468,0.15894145882,-0.00174573893429,-0.0123714239061,0.00101518797755,-0.0270044809176,-0.00080309713975,0.0109047923123,-6.54192579627e-05,0.5738487045,0.818947002664,0.00205379470852,0.0,0.818904453539,-0.573788954955,-0.011936416866,0.0,-0.00859701361465,0.00853172325052,-0.999926647837,0.0,0.661411009744,0.2605911023,0.30326961194,1.0,-0.0036,-0.00473142857143,0.181
0.464822777277,0.545973491382,-0.123930551495,-1.35861445295,0.0793731529916,1.89512252523,0.158888756714,-0.00312515549215,-0.0162594003711,-0.000981869968261,-0.0333824434771,-0.00896945730036,0.0154943653918,-0.006374378917,0.57387114327,0.818931361009,0.00202083601678,0.0,0.818888443492,-0.573811588105,-0.0119467724832,0.0,-0.00862417356728,0.00851091110505,-0.999926591317,0.0,0.661349654013,0.260500487731,0.303257400121,1.0,-0.00394,-0.00517828571429,0.198
0.464757433131,0.545622044445,-0.123928522325,-1.35922006847,0.0792686374808,1.89532719904,0.158795577616,-0.00590658746035,-0.0228172232164,0.000540848526001,-0.0315690526751,-0.00271337767726,0.0116242630957,-0.00207158694205,0.573852903891,0.818944334386,0.00194133301686,0.0,0.818900956104,-0.573794246288,-0.011921993112,0.0,-0.00864968953178,0.00843139216154,-0.999927044587,0.0,0.661283028421,0.260388140823,0.303235493424,1.0,-0.00428,-0.00562514285714,0.215
0.464694846391,0.545231291307,-0.123931005376,-1.3599118523,0.079258515734,1.89554744446,0.158715336201,-0.00539813905077,-0.0195534092675,0.000543364851237,-0.0382678295095,-0.000188412298485,0.0171349801348,-0.00236463221331,0.573875943951,0.818928311717,0.00188894789666,0.0,0.818883915016,-0.573817179422,-0.011988545782,0.0,-0.00873401695997,0.00842692932065,-0.999926349193,0.0,0.661195694344,0.260281636745,0.303202051126,1.0,-0.00462,-0.006072,0.232
0.464626813345,0.544792119022,-0.123931005702,-1.36062410051,0.0792380737815,1.89579694754,0.158642004775,-0.00431065325516,-0.0243854284364,-0.000130061747581,-0.0459944133757,0.00025603795576,0.0163698415861,-0.0082671601603,0.573905827633,0.818907388079,0.0018808668374,0.0,0.818862652559,-0.573846869219,-0.0120197268002,0.0,-0.00876388226519,0.00843852533254,-0.99992599009,0.0,0.661112119477,0.260171506476,0.303195541304,1.0,-0.00496,-0.00651885714286,0.249
0.464565774937,0.544395303484,-0.123936706339,-1.361285046,0.0792135290328,1.8960348494,0.158518785636,-0.00424026366916,-0.0257765948976,-0.00010364242127,-0.0426866593306,-0.000525015204814,0.0166347371637,-0.0100918270162,0.573895392723,0.818914739322,0.00186409082629,0.0,0.818869645168,-0.573836374224,-0.0120443655039,0.0,-0.00879379462375,0.00843881573781,-0.999925725024,0.0,0.661030656419,0.260060459184,0.3031810714,1.0,-0.00528,-0.00693942857143,0.265
0.464494473862,0.543852403234,-0.123931933481,-1.36215637527,0.0791720367057,1.89633961983,0.158446653895,-0.00646285387673,-0.0325584767038,5.84745255985e-05,-0.0492221719205,-0.000133183340801,0.0152760217258,-0.00326264438932,0.573922572788,0.818895718592,0.00185186854991,0.0,0.818850311852,-0.573863457838,-0.0120683652553,0.0,-0.00882018276435,0.00844287292775,-0.999925458358,0.0,0.660930864118,0.259940091881,0.303178299673,1.0,-0.00562,-0.00738628571429,0.282
0.464412405319,0.543317950792,-0.123940618731,-1.36300456901,0.0791204812068,1.89663760256,0.158330603618,-0.00437196963242,-0.0298822349528,-0.000569017814668,-0.0514806346808,-0.000214358187555,0.0132054161098,-0.00466971471573,0.573934193331,0.818887609405,0.00183624323503,0.0,0.818842015655,-0.573875162137,-0.0120747083178,0.0,-0.00883422473062,0.00843384346752,-0.999925410597,0.0,0.660835252267,0.259799042143,0.303178796704,1.0,-0.00596,-0.00783314285714,0.299
0.464342778226,0.542783274884,-0.123940585521,-1.36384692904,0.0790664081769,1.89692995564,0.158199061074,-0.00802372642893,-0.032274516562,0.000811311715515,-0.0530744398162,-0.000616711745966,0.0191926146113,-0.00934481266343,0.573915753487,0.818900564836,0.00182200757214,0.0,0.81885477654,-0.573856779392,-0.0120829874232,0.0,-0.00884936420607,0.00842673867553,-0.999925336627,0.0,0.660734649612,0.25967118028,0.303181383433,1.0,-0.00628,-0.00825371428571,0.315
0.464264282381,0.542187917015,-0.123943465789,-1.36477060367,0.0790164498179,1.89728768802,0.158099130627,-0.00732644107975,-0.0356396004927,-0.000276381718239,-0.0512271405265,-0.00274532361913,0.02361382082,-0.0029511344604,0.573938307915,0.818884698313,0.00184837182325,0.0,0.818839232041,-0.573879193138,-0.0120718952325,0.0,-0.008824918062,0.00844220502594,-0.999925422217,0.0,0.660632558623,0.259532027339,0.303193896814,1.0,-0.00662,-0.00870057142857,0.332
0.464189051877,0.541549900249,-0.123943790236,-1.36573799074,0.0789593031796,1.89764388115,0.157962568006,-0.00244963007126,-0.0380332450866,0.000512063408676,-0.0547363393223,-0.0058098721242,0.0260842063972,-0.00817832017539,0.573926692759,0.818892784942,0.00187216708006,0.0,0.818847608578,-0.573867454877,-0.0120617187598,0.0,-0.00880304819499,0.00845572469205,-0.999925500756,0.0,0.660520015466,0.259390626863,0.303215453222,1.0,-0.00696,-0.00914742857143,0.349
0.464101056465,0.540912272355,-0.123943415929,-1.36671497533,0.0788988388768,1.89800751459,0.1578372367,-0.0040710009331,-0.044476444882,0.000407537243627,-0.0608560171802,-0.00879765284228,0.0258973544582,-0.000517120760575,0.573933851572,0.818887722102,0.00189195963048,0.0,0.81884281152,-0.573874533373,-0.0120505962527,0.0,-0.00878250695575,0.0084656256537,-0.999925597609,0.0,0.660409900038,0.259240031128,0.303232694327,1.0,-0.00728,-0.009568,0.365
0.464010507587,0.540188810314,-0.123946710757,-1.3678255351,0.0788301757837,1.89841155708,0.157702621698,-0.00596640015416,-0.0512799359842,-0.000220306306711,-0.0668093845081,-0.00240352925165,0.02155212615,-0.00537569786054,0.57394313798,0.818881183721,0.00190478726459,0.0,0.818836453755,-0.57388377552,-0.0120424706156,0.0,-0.00876839490441,0.00847156572692,-0.99992567115,0.0,0.660281022463,0.259072320045,0.303250547032,1.0,-0.00762,-0.0100148571429,0.382
0.463903899144,0.539419668817,-0.123946927764,-1.36903437468,0.0787734101101,1.8988773996,0.157546555914,-0.00489519426139,-0.0403519900549,-0.000407182305822,-0.0688858026657,-0.00393131187859,0.0229302478117,-0.00308403672386,0.57395460496,0.818873076732,0.00193456737835,0.0,0.818828601055,-0.573894981786,-0.0120423783285,0.0,-0.00875110936864,0.00849602117111,-0.999925615088,0.0,0.660145519651,0.258890845318,0.303259075789,1.0,-0.00798,-0.010488,0.4
0.46380069217,0.538696415301,-0.123952313694,-1.37015745891,0.0787046845359,1.89930520273,0.157396767871,-0.00546347079879,-0.0509358667475,-0.00026510214124,-0.0695862495568,-0.00428949977487,0.0219160143785,-0.012074435387,0.573963946644,0.818866478546,0.00195580362054,0.0,0.818822322619,-0.573904272167,-0.0120265235859,0.0,-0.00872584096408,0.00850441034119,-0.999925764597,0.0,0.660021785574,0.258713696859,0.303272713113,1.0,-0.0083,-0.0109085714286,0.416
0.463697691399,0.537906034175,-0.123952669019,-1.37137931348,0.0786303486752,1.89977983126,0.157257232378,-0.00656955516508,-0.0481870863562,-7.61047201057e-05,-0.0686250338031,-0.000582950957721,0.0216310316334,-0.00482239683597,0.573981896129,0.818853812763,0.00199076404311,0.0,0.818810142353,-0.573922098723,-0.012005093899,0.0,-0.00868804070582,0.00852092840318,-0.999925953122,0.0,0.659885162693,0.258531042342,0.303290521453,1.0,-0.00864,-0.0113554285714,0.433
0.463588610668,0.537084753161,-0.123954433293,-1.37267538543,0.0785627345637,1.90026119033,0.157098515986,-0.00660118150751,-0.0479362831245,0.00157929223791,-0.0826967860131,-0.00110879033274,0.0239657002084,-0.00814507067578,0.573995788842,0.818844049602,0.00200093094613,0.0,0.818800411318,-0.573935847812,-0.0120114912945,0.0,-0.00868729943179,0.00853307279055,-0.999925856,0.0,0.659734736037,0.258336708743,0.303295333139,1.0,-0.00898,-0.0118022857143,0.45
0.463483561719,0.536293041518,-0.123962621184,-1.3739103134,0.0784902318941,1.90072859704,0.156941735236,-0.0054918429966,-0.0523470028263,4.62627343639e-05,-0.0807887590686,-0.00862818399933,0.0256353253201,-0.00642201344484,0.574007728321,0.818835633741,0.00201981313332,0.0,0.81879226599,-0.573947729531,-0.0119989925494,0.0,-0.00866610235581,0.0085414862778,-0.999925968101,0.0,0.659595349645,0.258146455175,0.303307208855,1.0,-0.0093,-0.0122228571429,0.466
0.463363520798,0.535409201385,-0.123966289538,-1.37531860177,0.0784106355239,1.9012358557,0.156765618498,-0.00572504048001,-0.0490061774598,-0.000846284138472,-0.0835878013367,-0.00410689427883,0.0282679772937,-0.0117041960887,0.574020305197,0.818826848997,0.00200685941062,0.0,0.818783242151,-0.573960290759,-0.0120139047032,0.0,-0.00868561734652,0.00853957251236,-0.999925815125,0.0,0.659429014651,0.257931142911,0.303304755671,1.0,-0.00964,-0.0126697142857,0.483
0.463242885223,0.534510268163,-0.123968760931,-1.37677874525,0.0783231031281,1.90176381489,0.156595293394,-0.00289452242589,-0.0597521496686,-0.000701602507866,-0.0899542691882,-0.00631810328444,0.035586402448,-0.0115132917372,0.574037871974,0.818814606175,0.00197715829553,0.0,0.818770578032,-0.573977949203,-0.0120333403531,0.0,-0.00871839743465,0.00852659629293,-0.999925640586,0.0,0.659255114929,0.257710317501,0.303289849812,1.0,-0.00998,-0.0131165714286,0.5
0.463120348209,0.533655431013,-0.123971731464,-1.37816814206,0.0782419220673,1.902273028,0.156416485424,-0.00865367470063,-0.0566004275439,-0.00657492796504,-0.0898840252988,-0.00497542789034,0.0296017562411,-0.008070248619,0.574048144417,0.818807457231,0.00195519215665,0.0,0.818763102035,-0.573988275649,-0.0120494425531,0.0,-0.00874408439411,0.0085179633313,-0.999925489869,0.0,0.659092665875,0.25749554006,0.303275737064,1.0,-0.0103,-0.0135371428571,0.516
0.462989272472,0.532634019963,-0.123964075262,-1.37978674349,0.0781608487808,1.90288644248,0.156213994416,-0.00689638783694,-0.0584717844013,0.00099239295762,-0.0938343657793,-0.00373068627358,0.0265271051075,-0.0113147887368,0.574051072029,0.818805348724,0.00197851067525,0.0,0.818761104494,-0.573990913222,-0.0120595276582,0.0,-0.00873892685175,0.00854287684293,-0.999925322418,0.0,0.65890141768,0.257263387113,0.30327851087,1.0,-0.01066,-0.0140102857143,0.534
0.462858143514,0.531655647124,-0.123971529844,-1.38134808733,0.0780664956989,1.90345923562,0.156017435175,-0.00541587287872,-0.0608420959505,0.000489722924444,-0.0912239300569,-0.00347146160191,0.0318263408849,-0.00368632713543,0.574062507144,0.818797358958,0.00196716935642,0.0,0.818752972921,-0.57400240217,-0.0120647642774,0.0,-0.00874960564772,0.00853671894627,-0.999925281624,0.0,0.658718026349,0.257023787484,0.303274913116,1.0,-0.011,-0.0144571428571,0.551
0.462688246246,0.530398050504,-0.123974826155,-1.38339488144,0.0779395552626,1.9041767959,0.15574909213,-0.00710840121064,-0.0623122282778,-0.00157095399295,-0.102369664694,-0.0060625512187,0.0288903532003,-0.0133288740248,0.574061212829,0.818798417216,0.00190336337144,0.0,0.818753145763,-0.574001337008,-0.0121036489359,0.0,-0.00881808524671,0.00850678391765,-0.999924935183,0.0,0.658467832787,0.256711712653,0.303249189203,1.0,-0.01142,-0.0150091428571,0.572
0.462541991299,0.529270949894,-0.123978367763,-1.38513284213,0.0778343340106,1.90482849236,0.155510877114,-0.00950584593299,-0.0674460993402,-0.000309056725872,-0.0973836262303,-0.00489813836916,0.039491490644,-0.00778781110059,0.574054449352,0.818803080267,0.00193696288908,0.0,0.818758256983,-0.573994435471,-0.0120851798167,0.0,-0.00878374565376,0.00852361970999,-0.999925094054,0.0,0.658265407271,0.256449073425,0.30327247313,1.0,-0.01178,-0.0154822857143,0.59
0.462450044279,0.528502348497,-0.123975518558,-1.38632096697,0.0777503935887,1.90528764309,0.155347288713,-0.00838268539818,-0.0655780134794,0.0028736970315,-0.0960979379195,-0.00909085381499,0.0378471642277,-0.00940871524073,0.574035605869,0.818816226715,0.00196391580296,0.0,0.818771864451,-0.573975583014,-0.0120586478616,0.0,-0.00874674522527,0.00853025646868,-0.999925361801,0.0,0.658126790649,0.256276860153,0.303287865856,1.0,-0.01202,-0.0157977142857,0.602
0.462298036762,0.52737179401,-0.123976117051,-1.38805894618,0.0776522877441,1.90595589346,0.155097347291,-0.00969956681503,-0.0649975806743,0.00104901481778,-0.100058910759,-0.00885660182323,0.0334350979477,-0.014720893526,0.574023559244,0.818824538619,0.00201873440444,0.0,0.818780844733,-0.573963255657,-0.0120356285652,0.0,-0.0086965560715,0.0085618002489,-0.999925529972,0.0,0.657927287739,0.256014499835,0.303314443022,1.0,-0.01236,-0.0162445714286,0.619
0.46215837695,0.526273771222,-0.123981445131,-1.38975633305,0.077535900668,1.90659527171,0.154867749309,-0.00991722507844,-0.0694524331618,-0.000747732414905,-0.110216413357,-0.00936952576909,0.0403532060422,-0.0146999789005,0.574013886394,0.818831258052,0.00204351788481,0.0,0.818788031215,-0.57395362043,-0.0120061832325,0.0,-0.0086583203318,0.00856508878822,-0.999925833621,0.0,0.657729078666,0.255757047784,0.30333477885,1.0,-0.01268,-0.0166651428571,0.635
0.462006897284,0.525079181009,-0.123984379947,-1.39160209549,0.0774240527849,1.90725839419,0.154621315465,-0.00457181167193,-0.0717254450061,-0.00139657243121,-0.109566102228,-0.00487249292581,0.0408514821296,-0.0202756908796,0.574007249587,0.818835884712,0.00205383339002,0.0,0.818792752282,-0.573946901127,-0.012005432023,0.0,-0.00865185381725,0.00857303396722,-0.999925821506,0.0,0.657505007587,0.255479255238,0.303354136714,1.0,-0.01302,-0.017112,0.652
0.461844935774,0.523905943701,-0.123990228261,-1.39349222226,0.0772916810577,1.90793494399,0.154362971743,-0.00719382184956,-0.0745481265876,-0.000452511479364,-0.109609739644,-0.0109143060641,0.0471317587312,-0.0119413763332,0.573998071539,0.818842432274,0.00200795390672,0.0,0.81879882119,-0.573938037023,-0.0120152810145,0.0,-0.0086863480458,0.00854102286427,-0.99992579639,0.0,0.657276474177,0.255184982645,0.303338313374,1.0,-0.01336,-0.0175588571429,0.669
0.461701754745,0.522834151916,-0.12398853578,-1.39519475569,0.0771996900845,1.90859134913,0.154135026211,-0.00890253124378,-0.0775097702733,0.00135780847258,-0.110630530461,-0.00670288510529,0.0431300603882,-0.0143051007275,0.573994142088,0.81884512134,0.00203445504755,0.0,0.818801754605,-0.573933895558,-0.01201320464,0.0,-0.00866947821468,0.00856148928887,-0.999925767769,0.0,0.657076121186,0.254933506524,0.303338231623,1.0,-0.01366,-0.0179531428571,0.684
0.461522089718,0.521516978149,-0.123991724546,-1.39729674113,0.0770707925204,1.90940363585,0.153850052018,-0.0122281185147,-0.0763841467731,0.00101322340938,-0.119714397191,-0.0102605006342,0.0432868457839,-0.0141957295336,0.573988003974,0.818849375977,0.00205369364425,0.0,0.818806300592,-0.573927716855,-0.0119985348198,0.0,-0.00864648751715,0.00856875732235,-0.999925904581,0.0,0.656831054574,0.254615686786,0.303333812172,1.0,-0.01402,-0.0184262857143,0.702
0.461362367882,0.520235245293,-0.124002776356,-1.39932351144,0.0769477594472,1.91014301395,0.153581845186,-0.00742587286542,-0.0795960323993,-0.00109111603422,-0.120188086225,-0.00400870290904,0.0384209334706,-0.0136729126234,0.573981781377,0.818853757298,0.00204590007008,0.0,0.818810582172,-0.573921529801,-0.0120022937591,0.0,-0.00865410386113,0.00856446747246,-0.999925875444,0.0,0.656583880967,0.254310929458,0.30333383086,1.0,-0.01436,-0.0188731428571,0.719
0.461189418542,0.518901199441,-0.124006327807,-1.40141421885,0.0768096063402,1.91088675798,0.153298850791,-0.0116194792232,-0.0838497985027,-0.000807596558225,-0.12615197113,-0.00959094798734,0.0399352504555,-0.015699577775,0.573967731752,0.818863647888,0.00202878683773,0.0,0.818820287139,-0.573907591463,-0.0120066952753,0.0,-0.00866767700422,0.00855283214253,-0.99992585747,0.0,0.656325599471,0.253992894571,0.303339868099,1.0,-0.0147,-0.01932,0.736
0.461042510962,0.517785889813,-0.12399892875,-1.4031616079,0.0766964574753,1.91151173455,0.153058112041,-0.0120866761269,-0.0787174536452,0.00100368549729,-0.127796211188,-0.00965251041553,0.0446476687137,-0.0180907114425,0.57394751457,0.818877836854,0.00202131869456,0.0,0.818834342159,-0.573887372492,-0.012014603478,0.0,-0.00867865032307,0.00855104160237,-0.999925777604,0.0,0.656107949021,0.253732227386,0.303344801039,1.0,-0.01498,-0.019688,0.75
0.460837957711,0.516273349404,-0.124007018458,-1.40555438588,0.076537534921,1.91240900347,0.152736944214,-0.00734625829356,-0.08766350573,-0.000218981186914,-0.127699791109,-0.00930615586549,0.0587073668029,-0.0111830080287,0.573941343649,0.81888215274,0.00202506172022,0.0,0.81883884073,-0.573881318444,-0.0119971727425,0.0,-0.00866229232818,0.00854403713438,-0.999925979321,0.0,0.655822162631,0.253364441853,0.3033449832,1.0,-0.01536,-0.0201874285714,0.769
0.460628439907,0.514737378879,-0.124012663921,-1.40802880508,0.0763938179473,1.91332856428,0.152393903578,-0.015870461132,-0.0863616435532,0.000308142134552,-0.134658397573,-0.0035693506869,0.0429460068396,-0.0185798581068,0.573927756411,0.818891713409,0.0020097345717,0.0,0.818848118495,-0.573867716187,-0.0120145768512,0.0,-0.00868548285724,0.00854133095625,-0.999925801274,0.0,0.655520920558,0.252989460556,0.30332414232,1.0,-0.01574,-0.0206868571429,0.788
0.460461946445,0.513491768761,-0.124013036715,-1.4100185758,0.0762783241223,1.91400607478,0.152109221657,-0.0107913556806,-0.0791811111533,0.000149964005415,-0.134282420093,-0.0116663809043,0.0468157459108,-0.0173641712598,0.573904257131,0.818908308226,0.00195787293607,0.0,0.818863853866,-0.573844264128,-0.0120621830647,0.0,-0.00875447632357,0.00852593373959,-0.999925331011,0.0,0.655264347386,0.252687734212,0.303308818067,1.0,-0.01604,-0.0210811428571,0.803
0.460291434103,0.512235753331,-0.124018875677,-1.41204102756,0.0761540964989,1.91472321794,0.151832251376,-0.0129047734849,-0.0876004223068,-0.000779160437751,-0.136518347197,-0.00798572990274,0.0520558614775,-0.0231415430589,0.573893468633,0.818915972212,0.0019141624463,0.0,0.818870890626,-0.573833613377,-0.0120911349914,0.0,-0.00880338230585,0.00850663908627,-0.999925065968,0.0,0.655010222843,0.252377756403,0.303288494745,1.0,-0.01634,-0.0214754285714,0.818
0.460075697162,0.510697832072,-0.124019715959,-1.41449735505,0.0760007408099,1.91566186961,0.15147641887,-0.0120867894673,-0.0879205454031,6.37024002296e-05,-0.142876525892,-0.0130393599318,0.0528892324498,-0.0306016978213,0.573866424564,0.818934893979,0.00192693636234,0.0,0.818890006271,-0.573806542756,-0.0120812259502,0.0,-0.00878821800093,0.00851112273573,-0.999925161207,0.0,0.654715394785,0.252003620928,0.303277705463,1.0,-0.0167,-0.0219485714286,0.836
0.459877019119,0.509200073666,-0.124027631073,-1.41684647645,0.0758625176288,1.91652530464,0.15116666849,-0.0106182442186,-0.0838124845715,-0.00087822470129,-0.140001285534,6.93983824426e-05,0.0464226869806,-0.0161155412625,0.573866081337,0.818935108556,0.0019379285649,0.0,0.818890301525,-0.57380609046,-0.0120826950529,0.0,-0.00878311707364,0.00852096382383,-0.999925122212,0.0,0.654425549395,0.251646161576,0.303282977406,1.0,-0.01702,-0.0223691428571,0.853
0.459666631964,0.507685363568,-0.124029354408,-1.41923630346,0.0757028709345,1.91737436913,0.150818386571,-0.0119183122363,-0.088133638998,0.000966268068226,-0.145705866183,-0.00849668358039,0.0495378011608,-0.0178993145105,0.573834842221,0.818957066288,0.00190901302828,0.0,0.818911908965,-0.573775008835,-0.012094275216,0.0,-0.00880951779314,0.00850359373412,-0.999925037835,0.0,0.654125259659,0.251275779015,0.303278755641,1.0,-0.01738,-0.0228422857143,0.87
0.459451448587,0.506115617457,-0.124035747008,-1.42167291581,0.0755536884623,1.91828989615,0.150494682052,-0.0113256457098,-0.0934953301904,3.6773984746e-05,-0.143308999252,-0.00222238626883,0.0542441504404,-0.0229949564018,0.573836294378,0.818955956782,0.00194807776353,0.0,0.818911319737,-0.573776299246,-0.0120729338012,0.0,-0.00876960904466,0.00852335462801,-0.999925220396,0.0,0.653829208313,0.25090089184,0.303296112502,1.0,-0.01772,-0.0232891428571,0.887
0.459228032904,0.50448612964,-0.124045248366,-1.42414960711,0.0753960400111,1.9192456047,0.150143789819,-0.0129550131601,-0.0985960906373,-0.000731275558692,-0.150000401722,-0.0104501249475,0.053191916767,-0.0159962694891,0.573823828274,0.81896448247,0.00203407466737,0.0,0.818921089934,-0.573763584177,-0.0120143595413,0.0,-0.00867242274331,0.00856003723709,-0.999925754667,0.0,0.653535336587,0.250516258999,0.303339081594,1.0,-0.01806,-0.023736,0.904
0.459009011698,0.502924104586,-0.124048482622,-1.42647425809,0.0752442381391,1.92013350389,0.149826514055,-0.0156078647635,-0.0934286861856,0.00019668314396,-0.147069637407,-0.0110370144243,0.0587038265983,-0.0186607624132,0.573823944513,0.818964143856,0.00213510752372,0.0,0.818922183033,-0.573763392182,-0.0119488421323,0.0,-0.00856079155321,0.00860518431551,-0.999926329112,0.0,0.653258819588,0.250151769278,0.303400561384,1.0,-0.01838,-0.0241565714286,0.92
0.458779362657,0.50121276052,-0.124049288599,-1.42904625342,0.0750808463484,1.92103536856,0.149457987993,-0.0137836600357,-0.098573240773,0.00128111753834,-0.155782358777,-0.0135511715093,0.0537894119678,-0.0135211060609,0.573797681469,0.818982451305,0.00217073639145,0.0,0.818940896846,-0.573736928148,-0.0119369868279,0.0,-0.00853091535104,0.00862728627482,-0.999926393998,0.0,0.652931172849,0.249753674596,0.303449102506,1.0,-0.01872,-0.0246034285714,0.937
0.458508462749,0.499310788678,-0.124055609614,-1.43195028643,0.0748982744082,1.92208762267,0.149051306284,-0.0130562399424,-0.0977631032408,0.00071988801632,-0.153677593356,-0.0114137624981,0.0562232177459,-0.0190537701798,0.573789381517,0.818988157315,0.00221150108988,0.0,0.818947121162,-0.573728450923,-0.0119173924812,0.0,-0.00849156570259,0.00864934223871,-0.999926538397,0.0,0.652569850286,0.249295734128,0.303485142432,1.0,-0.0191,-0.0251028571429,0.956
0.45829539869,0.497928815956,-0.124055680159,-1.43413113461,0.0747698076329,1.9228982737,0.148733471044,-0.0107225598265,-0.0953552789983,-0.00152699258256,-0.158095848851,-0.000514727704925,0.0580610973879,-0.0194428998675,0.573779798044,0.818994837718,0.00222397166952,0.0,0.818953874573,-0.573718727168,-0.0119214227373,0.0,-0.00848781290133,0.00866176851219,-0.999926462695,0.0,0.652301288562,0.248950504676,0.303481080902,1.0,-0.01938,-0.0254708571429,0.97
0.458006638268,0.496057527138,-0.124061337684,-1.43712288227,0.0745752247618,1.9239492581,0.148287655705,-0.0148181428227,-0.0976835218364,0.000161645921058,-0.159824607639,-0.0137593203158,0.0526526671783,-0.0257131065223,0.573753528855,0.819013414254,0.00215923583387,0.0,0.81897156835,-0.573692685223,-0.0119590993823,0.0,-0.00855608974422,0.00863009438591,-0.999926154673,0.0,0.651919970071,0.248468838564,0.303452588517,1.0,-0.01976,-0.0259702857143,0.989
0.457767083057,0.494575844964,-0.12405449233,-1.43953942602,0.0744205611473,1.92479476414,0.147945764126,-0.0189215607583,-0.0993715424063,0.00222980858338,-0.160204045626,-0.0122424251294,0.0589595304779,-0.0269865000702,0.573757207134,0.819011052218,0.00207617637538,0.0,0.818968012342,-0.57369659841,-0.012014767329,0.0,-0.00864929843384,0.00859404684851,-0.999925663235,0.0,0.651589703425,0.248053005895,0.303404355955,1.0,-0.020988,-0.0275842285714,1.005
0.457475249751,0.492543921031,-0.124112013111,-1.44273969652,0.0742279540539,1.92597209121,0.147505166612,-0.0167937707054,-0.1209222384,-0.00130575696463,-0.188227449903,-0.00804196788347,0.0711628744989,-0.0272538072561,0.573772696726,0.819000194699,0.00207857519262,0.0,0.818957320832,-0.573712209859,-0.0119980754687,0.0,-0.00863408841072,0.00858659780671,-0.999925858679,0.0,0.651215149744,0.247554659215,0.303402802581,1.0,-0.025272,-0.0332146285714,1.022
0.457158153372,0.490434610522,-0.124116833012,-1.44613642266,0.0740316953324,1.92720329677,0.147003648098,-0.0242227707746,-0.136832317033,-0.00113039883294,-0.215703115854,-0.015096289532,0.077735932053,-0.0373437138234,0.573738521847,0.819024178685,0.0020615960653,0.0,0.818980900684,-0.57367792975,-0.0120276403889,0.0,-0.00866840302192,0.00858929379095,-0.999925538638,0.0,0.650811255746,0.247059857182,0.303377408813,1.0,-0.029052,-0.0381826285714,1.037
0.456740442758,0.4877869464,-0.124134411591,-1.45032645372,0.0737761761355,1.92873067413,0.146397863422,-0.0280195200546,-0.164958391444,0.000309336904466,-0.25761999582,-0.0231749414126,0.0968945964544,-0.0376324525128,0.573739731266,0.819023430273,0.00202196249063,0.0,0.8189795,-0.573679175523,-0.012063542278,0.0,-0.00872053390048,0.00857744447665,-0.999925187069,0.0,0.650252884342,0.246341306611,0.303339637041,1.0,-0.033588,-0.0441442285714,1.055
0.456292837583,0.484940375366,-0.124184407442,-1.45469029572,0.0735085515205,1.93040400345,0.14573632884,-0.0250664173812,-0.183276688237,-0.00288875405413,-0.278161066894,-0.0177462570873,0.107726051121,-0.0470883369888,0.573744185324,0.819020000692,0.00214363594765,0.0,0.81897787428,-0.573683329584,-0.01197604686,0.0,-0.0085790188724,0.00862694375614,-0.999925985399,0.0,0.649729961518,0.245611798259,0.303385945049,1.0,-0.03762,-0.0494434285714,1.071
0.455744133072,0.481586722935,-0.124232749762,-1.4599431377,0.073199401655,1.93220044993,0.144933862988,-0.0335389521314,-0.197548430634,-0.00478842740904,-0.326772794473,-0.0187747392402,0.110494301683,-0.0423932817951,0.57374476911,0.819019801332,0.00206200048007,0.0,0.818976321283,-0.573683969124,-0.0120513753587,0.0,-0.00868754569447,0.00860330878063,-0.99992525202,0.0,0.64904953151,0.244721567115,0.303369640492,1.0,-0.041904,-0.0550738285714,1.088
0.455115701776,0.477576767532,-0.124311581953,-1.46609343307,0.072815891539,1.93443038218,0.144033984474,-0.0368503763279,-0.231946262322,-0.00512169757002,-0.348262628805,-0.0197126188318,0.127110186586,-0.0556689260711,0.573774602511,0.818998742619,0.00212414762323,0.0,0.818956244258,-0.573713705826,-0.0120000266289,0.0,-0.00860951987579,0.00862506052805,-0.999925739492,0.0,0.648276849237,0.243682014765,0.303416307017,1.0,-0.04644,-0.0610354285714,1.106
0.454513847973,0.473985950406,-0.124342846255,-1.47162649309,0.0724888700888,1.93646984714,0.143243808525,-0.0411903677136,-0.238562371361,-0.000806887580686,-0.379884839516,-0.019086405492,0.139380629235,-0.0551572520169,0.573821744867,0.818965483083,0.00221122987519,0.0,0.818923977064,-0.573760336675,-0.0119725832245,0.0,-0.00853658076215,0.00868112489858,-0.999925879683,0.0,0.647581348304,0.242751964292,0.303445290596,1.0,-0.05022,-0.0660034285714,1.121
0.453733806859,0.469301003621,-0.124378743367,-1.47876483783,0.0720545677109,1.93903609445,0.142161771899,-0.0430282134872,-0.271913033637,-0.00203523799686,-0.391979139569,-0.0236756484002,0.147654813827,-0.0672298467843,0.573823552294,0.818963935848,0.00231290177385,0.0,0.818923555161,-0.573761525514,-0.0119444356722,0.0,-0.00845517078772,0.00874825668201,-0.999925986307,0.0,0.646664904203,0.241548025683,0.303508391346,1.0,-0.054756,-0.0719650285714,1.139
0.452880425536,0.464204398773,-0.124396138987,-1.48649832869,0.0715466460109,1.94184072811,0.140920362464,-0.0491322406857,-0.284049050228,-0.00186463987071,-0.447402502063,-0.0365644186416,0.157419827623,-0.0784890031823,0.573744679264,0.819018805812,0.00244655766772,0.0,0.818980207807,-0.573682179141,-0.0118711186494,0.0,-0.00831928305764,0.00881484318216,-0.999926541336,0.0,0.645666456654,0.240248516004,0.303586769026,1.0,-0.059292,-0.0779266285714,1.157
0.45204662886,0.459388893926,-0.124418736402,-1.49394472798,0.0710506343262,1.94437836207,0.139825847125,-0.0501158614865,-0.310508490612,-0.00374297472511,-0.469169406164,-0.0325174924021,0.159417011526,-0.0694383538352,0.573758240144,0.819009562075,0.00235923671019,0.0,0.818969640705,-0.573695885914,-0.0119375453944,0.0,-0.00842364161235,0.00878157735056,-0.99992596034,0.0,0.644664436463,0.238974838999,0.303579552324,1.0,-0.063324,-0.0832258285714,1.173
0.451102251158,0.454020869989,-0.124459126087,-1.50229310806,0.0704903515957,1.94732626605,0.138523246431,-0.0576998475263,-0.326088800252,0.000150051359733,-0.496560445854,-0.0375631244471,0.18170556593,-0.0767737641445,0.573725032746,0.819032956125,0.00231311123618,0.0,0.818992452144,-0.573662887361,-0.0119583400207,0.0,-0.0084674915324,0.00875538823172,-0.999925819631,0.0,0.643554950775,0.23753936847,0.303553326763,1.0,-0.067608,-0.0888562285714,1.19
0.450013500133,0.44783795225,-0.124502197433,-1.51144059362,0.0698767199797,1.95079053189,0.137078264898,-0.0630686277259,-0.3438674024,-0.000646713137995,-0.528752629727,-0.038792967298,0.184476809979,-0.0743897489738,0.573712452586,0.81904053786,0.00271403580184,0.0,0.819005739409,-0.573649319522,-0.0116963211575,0.0,-0.00802301084879,0.00893330799006,-0.999927911054,0.0,0.642392522866,0.235953782387,0.30374214809,1.0,-0.072144,-0.0948178285714,1.208
0.449180261158,0.443245757686,-0.124526422268,-1.51853421169,0.0694126614746,1.95316742558,0.136010144102,-0.0682424649901,-0.355036787888,-0.00147773775091,-0.553966209181,-0.0377693029528,0.187399465698,-0.0803493957738,0.573727569231,0.81903028655,0.00261015682193,0.0,0.818993781609,-0.573664415176,-0.0117928515637,0.0,-0.00816150564293,0.00890375769304,-0.999927053802,0.0,0.641408028059,0.234718115831,0.3037174448,1.0,-0.07542,-0.0991234285714,1.221
0.447960479784,0.436608465858,-0.124552719462,-1.52889652291,0.0687057309012,1.95664480933,0.134349100615,-0.0697243080329,-0.37693656656,0.000249244100286,-0.576114058538,-0.0362849841735,0.203615983682,-0.0914679559596,0.573646836907,0.819087506922,0.00238943754362,0.0,0.819047733869,-0.573584120054,-0.011950471415,0.0,-0.00841810048146,0.0088125832016,-0.999925734223,0.0,0.63995300796,0.232914867044,0.303624410598,1.0,-0.079956,-0.105085028571,1.239
0.446374565324,0.428355566967,-0.124587609467,-1.54129331675,0.0678245808281,1.96114658433,0.132328635056,-0.0825708997865,-0.395452528666,-0.0017504500105,-0.607112878888,-0.0437504045926,0.211628450199,-0.0915361255046,0.573608770754,0.819113357946,0.00265176364019,0.0,0.819077513943,-0.573545611359,-0.0117560514185,0.0,-0.00810878747471,0.00891554582496,-0.999927377667,0.0,0.638295989244,0.230699781649,0.303740130304,1.0,-0.085248,-0.112040228571,1.26
0.445404113751,0.42346053674,-0.124643755239,-1.54879336388,0.0672917724521,1.96364798082,0.13105790525,-0.0767673641084,-0.415085721975,-0.010869777324,-0.62453163157,-0.0405209279982,0.209157109478,-0.104913945483,0.57357430078,0.819137838912,0.00254347194362,0.0,0.819100577937,-0.573511534862,-0.0118114141359,0.0,-0.00821662394697,0.00885825349203,-0.999927006554,0.0,0.637242739123,0.229319708896,0.303717775571,1.0,-0.088272,-0.116014628571,1.272
0.443945086466,0.416249208749,-0.12476375975,-1.55970834494,0.0665008639908,1.96740463505,0.129328815536,-0.0906545707677,-0.432261486558,-0.00712070644122,-0.643480229148,-0.0532194542216,0.239923316449,-0.107819381159,0.573687507811,0.819058514041,0.0025575104555,0.0,0.819021908371,-0.573625186493,-0.0117475925663,0.0,-0.00815507030931,0.00883427428325,-0.999927722601,0.0,0.635648527387,0.227151548705,0.303754268166,1.0,-0.092808,-0.121976228571,1.29
0.442393994096,0.408766996086,-0.124794644067,-1.57098957553,0.0657574138926,1.9713294857,0.127421356376,-0.0939584744046,-0.444236224934,-0.00239765390352,-0.677161568882,-0.040022163121,0.221133702956,-0.115358019012,0.573665539802,0.819073587483,0.00265586751045,0.0,0.819037807614,-0.573602370137,-0.0117531941686,0.0,-0.00810347503032,0.00891783007607,-0.999927400364,0.0,0.634153450925,0.225197064606,0.303779968929,1.0,-0.09684,-0.127275428571,1.306
0.440810943258,0.401559457651,-0.124887419407,-1.58206662299,0.0649779019719,1.97498899283,0.125565756362,-0.100379699542,-0.453799754012,-0.0065001661303,-0.679164123169,-0.0535760443113,0.234829100326,-0.117843986298,0.573742719624,0.819020036404,0.00249370183868,0.0,0.818981906891,-0.573679883713,-0.0118648265822,0.0,-0.00828710367091,0.00884982494477,-0.999926499554,0.0,0.632469094329,0.222939894842,0.30371550363,1.0,-0.101124,-0.132905828571,1.323
0.438950241873,0.39299113245,-0.124964600491,-1.5946743968,0.0640201226709,1.97947469698,0.123402702892,-0.106716715834,-0.47268523976,-0.00174766738332,-0.72571463463,-0.0646741637096,0.252978214574,-0.125465941247,0.573771469658,0.818998995849,0.00277350081737,0.0,0.818965359038,-0.573708561214,-0.0116178477573,0.0,-0.00792397704481,0.00893756275044,-0.999928662735,0.0,0.630808199476,0.220653820046,0.303847952046,1.0,-0.105408,-0.138536228571,1.34
0.437089881301,0.384771655071,-0.125005409327,-1.60726396493,0.0630899707222,1.98348196807,0.121204387742,-0.112534423217,-0.491555179763,-0.00128160773567,-0.740142323247,-0.0568557066223,0.233102448402,-0.133759744923,0.573741960084,0.819020703514,0.0024489499083,0.0,0.81898232757,-0.573679653518,-0.011846905478,0.0,-0.00829810788846,0.00880288294865,-0.999926822651,0.0,0.628915099079,0.218238468825,0.30371970722,1.0,-0.109692,-0.144166628571,1.357
0.435266763998,0.376667979158,-0.125067881733,-1.61917683918,0.0622299497949,1.98756256782,0.119080034692,-0.11710023261,-0.500836992303,-0.00224190517952,-0.763163773714,-0.0524057747934,0.258177974137,-0.136698346491,0.573743548259,0.819018926136,0.00266202243617,0.0,0.818983354707,-0.573680487911,-0.0117349650406,0.0,-0.00808416378096,0.00891318415256,-0.999927598101,0.0,0.627181551663,0.215931893368,0.303823871983,1.0,-0.113724,-0.149465828571,1.373
0.433036875178,0.367392212657,-0.125152515761,-1.63315159084,0.0611556067393,1.99207010443,0.116658605248,-0.127093267722,-0.522833207208,-0.00881445617347,-0.798534232114,-0.0586277897686,0.248542670121,-0.127474741814,0.57384889826,0.818945756351,0.00245703524488,0.0,0.818907452515,-0.573786511927,-0.0118477781214,0.0,-0.00829303359844,0.00881108853566,-0.999926792477,0.0,0.625076784603,0.21314327298,0.303749475247,1.0,-0.11826,-0.155427428571,1.391
0.430997333321,0.358806951705,-0.125267732781,-1.64570673775,0.0601556794643,1.99627212775,0.114321220928,-0.13555846364,-0.535440194546,-0.00594846267641,-0.795490181103,-0.0527442042652,0.256482958205,-0.152845108168,0.57384563902,0.818947633187,0.00258912660312,0.0,0.818911726718,-0.573783497324,-0.0116973904114,0.0,-0.00809410791118,0.00883293267408,-0.999928229783,0.0,0.623209375389,0.210609372017,0.303843097191,1.0,-0.122292,-0.160726628571,1.407
