position_joint1,position_joint2,position_joint3,position_joint4,position_joint5,position_joint6,position_joint7,velocity_joint1,velocity_joint2,velocity_joint3,velocity_joint4,velocity_joint5,velocity_joint6,velocity_joint7,ee_T_00,ee_T_10,ee_T_20,ee_T_30,ee_T_01,ee_T_11,ee_T_21,ee_T_31,ee_T_02,ee_T_12,ee_T_22,ee_T_32,ee_T_03,ee_T_13,ee_T_23,ee_T_33,v_x,v_y,time
0.465094624172,0.547610299005,-0.123985390185,-1.35574285569,0.0794579961366,1.89408756432,0.159174941431,0.00040171987588,0.0014267635997,0.000510179159611,0.00107518149906,-0.000318986787104,0.000192805417545,-0.00216622087196,0.573782860074,0.818992927386,0.00213571488849,0.0,0.818952642139,-0.573723991567,-0.0117515247882,0.0,-0.00839926652874,0.00849203635198,-0.999928666276,0.0,0.661695875418,0.260911443882,0.303377036433,1.0,0.0,0.0,0.0
0.465091754319,0.547604581736,-0.12398560015,-1.35574783386,0.0794589579731,1.89408604231,0.159171300097,-0.000326565732765,-0.00107143214625,6.15717649222e-05,-0.000279958863787,-0.000259078065653,-0.000392670926235,-0.00217115041788,0.573782881,0.818992912146,0.00213593721919,0.0,0.81895261517,-0.573723996856,-0.0117531459533,0.0,-0.00840046652779,0.00849314883686,-0.999928646747,0.0,0.661695324601,0.260908959795,0.303378593522,1.0,-0.0003,-0.000394285714286,0.016
0.46508578693,0.547597837582,-0.123988174249,-1.35574964832,0.079458589227,1.89409156288,0.159178606847,-0.00298205028948,0.000430843880781,-0.000115331053711,0.000923898938304,0.000111373090198,0.000223046471728,0.000207692697501,0.573795576983,0.818983996373,0.00214392650002,0.0,0.818943825775,-0.573736683422,-0.0117462854608,0.0,-0.00839013206566,0.00849588558563,-0.999928710265,0.0,0.661698357524,0.260903711709,0.303383071901,1.0,-0.00062,-0.000814857142857,0.032
0.465087642848,0.547557542115,-0.123987765405,-1.35579316491,0.0794591952442,1.89409347396,0.159173266886,0.00133582021223,-0.00426761855414,0.000450044802045,-0.00505109032163,4.67351874343e-05,-0.000349746542929,-0.00185855462834,0.573791876309,0.818986584706,0.00214561293365,0.0,0.818946386748,-0.573732926827,-0.0117512215261,0.0,-0.00839324559147,0.00850006106024,-0.99992864865,0.0,0.6616892151,0.260900767107,0.303391057596,1.0,-0.00096,-0.00126171428571,0.049
0.465092823193,0.547464684321,-0.123982832415,-1.35589790538,0.0794605176184,1.89411748756,0.159176573573,0.000548022903398,-0.00490076150881,0.00126060282871,-0.00934323424778,0.00037683117943,0.00434803228308,0.00168916578432,0.573792962479,0.818985779367,0.00216247654893,0.0,0.818945689702,-0.573733835693,-0.0117554242698,0.0,-0.00838700081811,0.00851629453084,-0.999928562921,0.0,0.661669887868,0.260897682276,0.303408907755,1.0,-0.00124,-0.00162971428571,0.063
0.465084267668,0.547303925986,-0.12398783237,-1.3561106743,0.0794556084219,1.89415549531,0.159171894053,-0.000357974381284,-0.00830499564466,-0.00163189635254,-0.0160988488896,-0.00226348514133,0.00040566506708,0.000502256193476,0.573809923861,0.818973913578,0.00215570381886,0.0,0.818933638694,-0.573750722465,-0.0117707598314,0.0,-0.00840327041041,0.00851972120601,-0.999928397135,0.0,0.661636587626,0.260867763383,0.303424965488,1.0,-0.00162,-0.00212914285714,0.082
0.465067625172,0.547138404732,-0.123988578123,-1.35631379817,0.0794536755463,1.89426113477,0.159163403521,0.00122352617645,-0.0100009443129,-0.000718344212305,-0.0138308179301,0.000381294403538,0.010745903393,-0.0022553970698,0.573828122161,0.818960994765,0.0022185969099,0.0,0.818921490703,-0.573768630311,-0.0117429909572,0.0,-0.0083442508983,0.00855547985775,-0.999928586071,0.0,0.661620078413,0.260841254106,0.303454725121,1.0,-0.00196,-0.002576,0.099
0.465049142791,0.546945252062,-0.123983620402,-1.35652894828,0.0794462040768,1.89439520733,0.159144922201,0.000409515514156,-0.0155080373095,-0.00232369423042,-0.0141618652963,-0.00099370353599,0.0116593702845,-0.00129147393428,0.573834978972,0.818955916644,0.00231741310862,0.0,0.818917695963,-0.573775117127,-0.0116905562473,0.0,-0.00824453496261,0.00860638640146,-0.999928976356,0.0,0.661606686006,0.2608168029,0.30350059914,1.0,-0.0023,-0.00302285714286,0.116
0.465021993217,0.546753443076,-0.123983567787,-1.35678634679,0.0794427148305,1.89451342835,0.159129170038,-0.00223100387769,-0.0164347484511,-9.46053551713e-05,-0.0161292399651,-0.000235290683613,0.00484742069033,-0.00151560347024,0.573863570686,0.818935711024,0.00237704649915,0.0,0.818898191842,-0.573803411687,-0.0116680347471,0.0,-0.00819157065406,0.00864258555951,-0.999929099429,0.0,0.661584554972,0.260776001232,0.303527440727,1.0,-0.00264,-0.00346971428571,0.133
0.4649802931,0.546489468434,-0.123987941793,-1.35716693085,0.0794357093074,1.89464358695,0.159089023285,-0.00462508877191,-0.0212253724875,0.00303548082751,-0.0223047953476,0.000258492885054,0.0014478522584,-0.00155371305526,0.573881515277,0.818923103245,0.00238836682894,0.0,0.818885599398,-0.573821174114,-0.0116782763216,0.0,-0.00819327257372,0.0086579128052,-0.999928952891,0.0,0.661541445521,0.260714177753,0.303541425101,1.0,-0.00298,-0.00391657142857,0.15
0.46494211198,0.54623640048,-0.123986076375,-1.35755702549,0.0794181551288,1.89479866008,0.158952538438,-0.000724356041645,-0.0172558163584,0.00303280518231,-0.0282977140081,-0.00450297892588,0.0112393257992,0.000897785869077,0.573816943306,0.818968292566,0.00240795525913,0.0,0.818930986161,-0.573756479108,-0.0116743088982,0.0,-0.00817946637401,0.00867103236642,-0.99992895224,0.0,0.66150005023,0.260654704497,0.303548330319,1.0,-0.0033,-0.00433714285714,0.166
0.464887757232,0.545905508887,-0.123986015469,-1.35810335271,0.079391476699,1.89497965043,0.158934262275,-0.00490754068072,-0.016287276139,0.000343179473447,-0.0318152676456,-0.000467244816186,0.00617209810037,-0.00604632626759,0.573869820486,0.818931318362,0.00238156312676,0.0,0.818893586497,-0.573809358071,-0.0116987813717,0.0,-0.00821409338971,0.00866399114469,-0.999928729424,0.0,0.661435122551,0.260566241677,0.303538249902,1.0,-0.00368,-0.00483657142857,0.185
0.46484659949,0.545610667896,-0.123989208304,-1.35857617128,0.0793119437369,1.89514404868,0.158878874137,-0.00316427543124,-0.0210897680048,-0.00010887317112,-0.0298578515079,-0.00367983797666,0.00271039080488,-0.00446119926305,0.573865658579,0.818934351854,0.00234097358506,0.0,0.818896534675,-0.573805809077,-0.0116664419391,0.0,-0.00821094391195,0.00861215135382,-0.999929203118,0.0,0.661383033646,0.260483194961,0.303536181059,1.0,-0.00398,-0.00523085714286,0.2
0.464781589394,0.545251681649,-0.123991611066,-1.35919731207,0.079267928983,1.89535270412,0.158769699526,-0.00579103189197,-0.0232569399673,0.000180611751432,-0.033967367358,-0.000197764846672,0.013468139904,-0.00604745828363,0.573854113275,0.81894258331,0.00229103020231,0.0,0.818904150681,-0.573794482216,-0.0116889296856,0.0,-0.008258140779,0.00858403979126,-0.999929056169,0.0,0.661311386353,0.260376824403,0.30351278643,1.0,-0.00432,-0.00567771428571,0.217
0.464726461993,0.544842917985,-0.123989899001,-1.35989635367,0.0792556521554,1.89557302098,0.158715849507,-0.00148438131255,-0.0177502946324,0.000866351492346,-0.0386718032203,-0.00189061127063,0.0153671333877,-0.0011655906543,0.573889539783,0.81891787684,0.00224811480168,0.0,0.818878560877,-0.57382972755,-0.0117513069899,0.0,-0.00833348071147,0.00858505046263,-0.999928422442,0.0,0.661220104808,0.260276712338,0.303488453079,1.0,-0.00466,-0.00612457142857,0.234
0.464655678894,0.54442050041,-0.12399867942,-1.36060736324,0.0792287013525,1.89581980877,0.158618876577,-0.00412292521284,-0.0248632963876,-0.00138927063794,-0.0431772712878,0.000326382274566,0.0178120166085,-0.0057872640907,0.573906691809,0.818905936994,0.00221863788131,0.0,0.818866110437,-0.573846859094,-0.0117822912485,0.0,-0.00837559113119,0.00857886833448,-0.999928123663,0.0,0.661138930333,0.260158358433,0.303470670339,1.0,-0.005,-0.00657142857143,0.251
0.464595617744,0.543983163541,-0.123995274998,-1.36132982135,0.0791920860796,1.89608014627,0.158508992581,-0.00568765798981,-0.0226007135235,0.000690940013797,-0.0438983045106,-0.00220837156498,0.0207239355407,-0.003035462032,0.573894044073,0.818914846458,0.00220166513193,0.0,0.818874701135,-0.573834178232,-0.0118028231947,0.0,-0.00840227821247,0.00857662293818,-0.999927919032,0.0,0.661053085094,0.26005234952,0.303458713814,1.0,-0.00532,-0.006992,0.267
0.46452714412,0.543476651422,-0.124004362436,-1.36215892706,0.0791504265936,1.8963655504,0.1584377742,-0.00562733501779,-0.0270723789165,-0.000852848208989,-0.0486225843331,-0.000394813793874,0.0161661390852,-0.000263627773961,0.573933154892,0.818887516037,0.00217179555934,0.0,0.818846917874,-0.573873335384,-0.0118265347592,0.0,-0.00843842857681,0.00856617343121,-0.999927704185,0.0,0.660954751637,0.259922680383,0.303447474343,1.0,-0.00566,-0.00743885714286,0.284
0.464441205833,0.542951200723,-0.124004873032,-1.36302082038,0.0790970901025,1.89666842485,0.158302904714,-0.0054321505769,-0.0261787042704,-0.000219454266146,-0.0512788883513,0.000168554054855,0.0168812108299,-0.0101719148731,0.573927143719,0.818891807053,0.0021421822012,0.0,0.81885080448,-0.573867422502,-0.0118443359478,0.0,-0.00847006416426,0.00855207817255,-0.999927557362,0.0,0.660855951674,0.259782097442,0.303435183128,1.0,-0.006,-0.00788571428571,0.301
0.464385204941,0.54239347446,-0.1240113038,-1.36387511261,0.0790491850842,1.8969659953,0.158198016291,-0.00440165147292,-0.0370608557101,-0.000886265814565,-0.0537629096636,-0.00280558838243,0.0262433486783,-0.00271022247635,0.573926201819,0.818892462088,0.00214413200309,0.0,0.818851451903,-0.573866439673,-0.0118471952109,0.0,-0.00847129655501,0.00855530606956,-0.99992751931,0.0,0.660751844979,0.25965972341,0.303449014091,1.0,-0.00632,-0.00830628571429,0.317
0.464303978721,0.541798477119,-0.124003135736,-1.36480869597,0.0789922419845,1.89731141625,0.158081905561,-0.00225162631876,-0.0355334486123,0.0015040124281,-0.0544069121904,-0.00182619169557,0.0223964163492,-0.00526516092701,0.57392858553,0.818890773149,0.0021511075593,0.0,0.818849809839,-0.573868751045,-0.0118487299417,0.0,-0.00846852525969,0.00856192367518,-0.999927486142,0.0,0.660643560357,0.259522010161,0.303455052168,1.0,-0.00666,-0.00875314285714,0.334
0.464218174809,0.541128138444,-0.124009812919,-1.36584259022,0.0789304279416,1.89769850512,0.157931371289,-0.00726397081531,-0.0380018281598,0.000943796763021,-0.0620442624544,-0.0117348568705,0.0261879825146,-0.00699210515404,0.57392114762,0.818895937084,0.00216966408529,0.0,0.818855238699,-0.573861264424,-0.0118361374543,0.0,-0.00844764134001,0.00856981538913,-0.999927595189,0.0,0.660527129631,0.25936379883,0.303470626732,1.0,-0.00702,-0.00922628571429,0.352
0.464133850943,0.540489470316,-0.124009111873,-1.3668357884,0.0788717874962,1.89807148534,0.157805998244,-0.0012913456896,-0.0402245238853,0.00136966535406,-0.0650298317195,-0.000172111983482,0.0250318821562,-0.00772980129588,0.573926462373,0.818892169617,0.00218568729619,0.0,0.81885166291,-0.57386649842,-0.0118297523941,0.0,-0.00843316125323,0.00857932679802,-0.999927635853,0.0,0.660414011461,0.259214821389,0.303481624859,1.0,-0.00734,-0.00964685714286,0.368
0.464035036183,0.539775944505,-0.124012308118,-1.36794394159,0.078807810188,1.89848463637,0.157679357528,-0.00782754031063,-0.040026238276,0.00137050154883,-0.067221049352,-0.00422157340299,0.024332902228,-0.00111229779274,0.573950186278,0.818875499286,0.00220164529174,0.0,0.818835185544,-0.573890141953,-0.0118233153436,0.0,-0.00841848280806,0.00858894403862,-0.999927676978,0.0,0.660289078694,0.259043223726,0.303494322912,1.0,-0.00768,-0.0100937142857,0.385
0.463934118323,0.539028014022,-0.124016936801,-1.3690816493,0.0787357531741,1.89891502568,0.157521421341,-0.00164946978933,-0.0408476786485,-0.00073784648264,-0.0623438936137,-0.0110876990643,0.0263067327075,-0.0113005350475,0.573950404332,0.818875261324,0.00223308319031,0.0,0.818835411809,-0.573890294416,-0.0118002221613,0.0,-0.00838152660685,0.00860143547873,-0.999927880059,0.0,0.660162760441,0.258866226395,0.303518672014,1.0,-0.00802,-0.0105405714286,0.402
0.463821213245,0.538303137535,-0.124018002668,-1.37022121236,0.0786754976364,1.89935294364,0.157383351337,-0.00677750706124,-0.0499712400972,0.000194673099979,-0.069577146379,-0.00112525665852,0.0301951681606,-0.0145360849884,0.573977479183,0.818856221131,0.00225597125731,0.0,0.818816610604,-0.573917217381,-0.0117954522767,0.0,-0.00836419976809,0.00861771661987,-0.999927884961,0.0,0.660038308546,0.258685287047,0.303526295105,1.0,-0.00834,-0.0109611428571,0.418
0.4637209805,0.537519217824,-0.124034318696,-1.37145194155,0.0786125812942,1.89982602168,0.157232751069,-0.00482546091616,-0.045326032982,-0.000187208288993,-0.0704812904072,-0.00130724589344,0.0281166444561,-0.00938594910373,0.573998871279,0.818841161456,0.00227924936553,0.0,0.81880184406,-0.573938507749,-0.0117845826903,0.0,-0.00834171300156,0.0086307569151,-0.999927960335,0.0,0.659901431665,0.258495782087,0.303535650965,1.0,-0.00868,-0.011408,0.435
0.463597860305,0.536645819293,-0.124039264684,-1.37282125174,0.0785394233338,1.9003361781,0.157064362458,-0.0104827674902,-0.0518751184511,-0.00111693329872,-0.0751050687474,-0.00127069337551,0.0355576621926,-0.00637899739321,0.574021134001,0.818825512146,0.00229461998727,0.0,0.818786325588,-0.573960637556,-0.011785010268,0.0,-0.00833300595365,0.00864381484644,-0.999927920141,0.0,0.659745780976,0.258283371379,0.303544905872,1.0,-0.00904,-0.0118811428571,0.453
0.463494674161,0.535848670613,-0.124045959148,-1.3740696387,0.0784371059478,1.90080050959,0.156910206783,-0.00380790618316,-0.0450427366955,0.000235447959066,-0.0786056124271,-0.00539424769171,0.0251168093143,-0.00837430224368,0.574025295331,0.81882261175,0.00228860402249,0.0,0.818783604914,-0.573965088733,-0.0117572165101,0.0,-0.00831365598252,0.00862297715028,-0.999928261121,0.0,0.659603590439,0.258088657281,0.303553753441,1.0,-0.00936,-0.0123017142857,0.469
0.463372526797,0.534944631882,-0.124049247724,-1.37547842992,0.0783709741998,1.90130472572,0.156738478466,-0.00773425582268,-0.0516908618355,0.000335211661941,-0.0778360425265,-0.00899046416913,0.0206751552896,-0.0153408166183,0.574046529785,0.818807698797,0.002298028297,0.0,0.818768625924,-0.573986089207,-0.0117751220837,0.0,-0.00832268457878,0.00864118781065,-0.999928028807,0.0,0.659436732565,0.257874336011,0.303564948289,1.0,-0.0097,-0.0127485714286,0.486
0.46324997701,0.534055803302,-0.124055156325,-1.37695733114,0.0782888355143,1.90184423921,0.156552419071,-0.00890216347291,-0.0522155591306,-0.000169266527916,-0.0899071354264,-0.00626303337035,0.0326101113949,-0.0170870987173,0.574057779871,0.818799929194,0.00225570900076,0.0,0.818760235869,-0.573997427311,-0.011805782539,0.0,-0.00837196393004,0.00862425219105,-0.999927763638,0.0,0.659261451543,0.257649532633,0.303535010545,1.0,-0.01004,-0.0131954285714,0.503
0.463122414525,0.533190306909,-0.12405565853,-1.37834171901,0.0782095125314,1.90236319575,0.156389966546,-0.00865160428705,-0.0524255476329,-0.000207702997024,-0.0872110462558,-0.00673731359579,0.0348725113275,-0.00374264442934,0.57408410977,0.818781466441,0.00225655125527,0.0,0.81874173996,-0.57402370524,-0.0118108412334,0.0,-0.00837534524371,0.0086281150941,-0.999927701997,0.0,0.659102982066,0.257434557851,0.303531457693,1.0,-0.01036,-0.013616,0.519
0.463002021611,0.532236358048,-0.124056614668,-1.37987087185,0.0781185490501,1.90294738022,0.156198145885,-0.0106180775445,-0.0624583070471,0.000666422809516,-0.0885861893978,-0.0079949741418,0.0362436172847,-0.00828463776102,0.574085560324,0.818780432245,0.00226276432481,0.0,0.818740781179,-0.574025126059,-0.0118082509052,0.0,-0.00836964234501,0.00863172995585,-0.99992771855,0.0,0.658924684784,0.257210583147,0.303526853752,1.0,-0.0107,-0.0140628571429,0.536
0.4628696765,0.531264589066,-0.124056437292,-1.3814503236,0.0780308678285,1.90351677441,0.155986217371,-0.00124343703915,-0.0576834371301,0.000160117492598,-0.0955446725599,-0.00789058998908,0.029880119269,-0.0123056059025,0.574082812256,0.818782438818,0.00223370899691,0.0,0.818742292261,-0.574022370364,-0.0118374019915,0.0,-0.00841021986158,0.00862464710067,-0.9999274392,0.0,0.658734389427,0.256973213465,0.303509356895,1.0,-0.01104,-0.0145097142857,0.553
0.462739983994,0.530229294933,-0.124058725897,-1.38308835146,0.0779332807738,1.90409438392,0.155774996398,-0.0063101295384,-0.0622348231159,0.000339077398348,-0.101599678721,-0.00533787093675,0.0386909001418,-0.0136243680108,0.574080391107,0.818784192672,0.00221297954451,0.0,0.81874371011,-0.574019963167,-0.0118560508793,0.0,-0.00843741505723,0.00861835533849,-0.999927264344,0.0,0.658533714656,0.25672903246,0.30350928476,1.0,-0.01138,-0.0149565714286,0.57
0.462610016284,0.529248706525,-0.124063862132,-1.38463901338,0.077815986097,1.90466447875,0.155558237071,-0.00964107365432,-0.059199693587,-0.00104827897175,-0.092984020161,-0.0032053822996,0.0346065704854,-0.0172079652712,0.574065508271,0.818794666704,0.00219838400525,0.0,0.818754197609,-0.574005347244,-0.0118394313372,0.0,-0.00843234141009,0.0085967108138,-0.999927493462,0.0,0.658351874608,0.256489006987,0.303511431003,1.0,-0.0117,-0.0153771428571,0.586
0.46246795316,0.528098364903,-0.124057285671,-1.38643424226,0.0777201251882,1.90535128783,0.155318474783,-0.0035259736021,-0.0633666709891,0.00100287005462,-0.0983886803219,-0.00184822536179,0.0379406957895,-0.0106156424404,0.574052540934,0.818803641491,0.00224139019375,0.0,0.818763592684,-0.573992070556,-0.0118333907002,0.0,-0.00840284497907,0.0086283228089,-0.999927469491,0.0,0.658139381168,0.256232395538,0.303526261657,1.0,-0.01206,-0.0158502857143,0.604
0.462328911985,0.527027847416,-0.124062750376,-1.38807436847,0.077621606028,1.90598335719,0.155086982928,-0.00860540283694,-0.0701793386875,-0.000528856466592,-0.102649994656,-0.000300022115369,0.0436347053245,-0.0128504391575,0.574042988739,0.818810195535,0.0022929608328,0.0,0.818770850937,-0.573982354415,-0.0118024310077,0.0,-0.00834799250857,0.00865267885319,-0.999927718473,0.0,0.657951780743,0.255984025616,0.30355405571,1.0,-0.01238,-0.0162708571429,0.62
0.462178685256,0.525858532412,-0.124065235518,-1.38989194539,0.0774955178258,1.90665916621,0.154852864266,-0.0129194923635,-0.0698078418999,0.00051299591942,-0.108428863303,-0.00854502623274,0.0424180886578,-0.0168339667235,0.574040077755,0.818812198264,0.00230651374918,0.0,0.81877316127,-0.573979528416,-0.0117795689352,0.0,-0.00832152327553,0.00865062277272,-0.999927956893,0.0,0.657737087163,0.255708836038,0.303570300351,1.0,-0.01272,-0.0167177142857,0.637
0.462028494635,0.524688865263,-0.124070188234,-1.39174426058,0.0773831839654,1.90732296747,0.154585593243,-0.0113239726506,-0.0736031419601,0.00095252673886,-0.112538077561,-0.00121130803137,0.0406979630965,-0.013991848928,0.574017025944,0.818828406057,0.00228959862391,0.0,0.818789111113,-0.573956504508,-0.0117927671303,0.0,-0.00834228330417,0.00864411396382,-0.999927840198,0.0,0.657511060911,0.255429560057,0.303569028593,1.0,-0.01306,-0.0171645714286,0.654
0.461881471139,0.523564575193,-0.124083930744,-1.39352717276,0.0772667133796,1.90796779933,0.154349132738,-0.012728570289,-0.0707409618624,-0.000553969768552,-0.110722160792,-0.013312558312,0.0397975356895,-0.00700785633916,0.574017753274,0.818827951398,0.00226976584853,0.0,0.818788486814,-0.573957399005,-0.0117925777259,0.0,-0.00835350418905,0.00862777322743,-0.999927887648,0.0,0.657297206349,0.255152976231,0.303567212073,1.0,-0.01338,-0.0175851428571,0.67
0.461722828822,0.522345608609,-0.124082637175,-1.3954682576,0.0771552422404,1.90870501933,0.1540922579,-0.00914846382481,-0.0731595418428,0.00191117835066,-0.116296865974,-0.00904552879205,0.0390474379738,-0.0137067694924,0.5740105362,0.818832969658,0.00228452046298,0.0,0.818793628534,-0.57395005557,-0.0117929845259,0.0,-0.00834544456946,0.00864001451751,-0.999927849249,0.0,0.657065751585,0.254867050324,0.303563918301,1.0,-0.01372,-0.018032,0.687
0.461541657095,0.521023773576,-0.124087622136,-1.39757393751,0.0770274165859,1.90952983847,0.153802175261,-0.00878577427329,-0.0742217944095,0.000625385318339,-0.117147298402,-0.0117402894632,0.0451957969509,-0.0127466210697,0.574003275174,0.818837973551,0.00231518056934,0.0,0.818799081092,-0.573942730709,-0.0117708781144,0.0,-0.00830982091386,0.00865235689675,-0.999928039209,0.0,0.656823077029,0.25454780798,0.303561995511,1.0,-0.01408,-0.0185051428571,0.705
0.461386900126,0.519904628746,-0.124096444523,-1.3993577196,0.0769111394579,1.91018084078,0.153561262394,-0.013267026443,-0.0741286648306,0.000304384926164,-0.12160203269,-0.0109630327081,0.0471389150422,-0.0122664081814,0.574002607384,0.81883849409,0.00229656574275,0.0,0.818799425989,-0.57394220251,-0.0117726411065,0.0,-0.00832195593797,0.00863811971342,-0.999928061381,0.0,0.656609143819,0.254269401793,0.303555610019,1.0,-0.01438,-0.0188994285714,0.72
0.461207234642,0.518468942241,-0.124103130051,-1.40156608257,0.0767672448546,1.91095987143,0.153267765911,-0.0087646485077,-0.0804129669265,0.00183308204106,-0.122979766215,-0.00811062138783,0.0338641222033,-0.0150739626282,0.573992312607,0.818845709636,0.00229690678171,0.0,0.818806675484,-0.573931938359,-0.0117688238744,0.0,-0.00831874293717,0.00863610330994,-0.999928105533,0.0,0.65633546159,0.253933949367,0.303579989016,1.0,-0.01474,-0.0193725714286,0.738
0.461025510317,0.51711092568,-0.124103191939,-1.4036880271,0.0766212099205,1.91173508471,0.152971850114,-0.0122727004696,-0.0846601663759,-0.000119150620898,-0.125711012927,-0.00978356116177,0.0480662675683,-0.0117427218203,0.573971675045,0.818860174601,0.00229730252089,0.0,0.818821243673,-0.573911403703,-0.0117566368639,0.0,-0.00830875356986,0.0086292228002,-0.99992824799,0.0,0.656077741963,0.253609687074,0.303590021605,1.0,-0.01508,-0.0198194285714,0.755
0.460859157835,0.515852797376,-0.124109504318,-1.40571213093,0.0765019853091,1.91249239965,0.152697645455,-0.00587726185521,-0.0779411386567,0.000258869188926,-0.125219967327,-0.0126953349538,0.0441168177772,-0.0147259352367,0.573962793017,0.818866423769,0.00228892042894,0.0,0.818827350413,-0.573902519723,-0.01176498926,0.0,-0.00832049767475,0.0086270628433,-0.999928168973,0.0,0.655832320908,0.253305284854,0.303574898204,1.0,-0.0154,-0.02024,0.771
0.460662218651,0.514463330792,-0.124114991096,-1.40793215429,0.0763692420669,1.91331775955,0.152386329659,-0.0092051390431,-0.0851235027511,-0.000357893070433,-0.132245022247,-0.00736181705684,0.0501228890766,-0.0197486252881,0.573954296155,0.818872395004,0.00228331486906,0.0,0.818833214905,-0.57389401008,-0.0117719269136,0.0,-0.00832948562745,0.00862636816525,-0.999928100136,0.0,0.655564977166,0.252962273683,0.303564085284,1.0,-0.01574,-0.0206868571429,0.788
0.46046093439,0.512987309555,-0.124110660575,-1.41034025961,0.0762231496677,1.91414634164,0.152068676326,-0.0108109099338,-0.089527690847,0.00154679806726,-0.134044499425,-0.0124749858095,0.0480851570297,-0.0169656972105,0.573942678051,0.818880773694,0.00219719971454,0.0,0.818840306849,-0.573882554944,-0.011836887727,0.0,-0.00843222754065,0.00859301617249,-0.99992752618,0.0,0.655254512952,0.252599177465,0.303523946904,1.0,-0.0161,-0.02116,0.806
0.460285163199,0.511742907556,-0.124119091891,-1.41234099374,0.0761094543099,1.91487060665,0.151774556887,-0.01587275128,-0.0818683320865,0.000143119132662,-0.134061682644,-0.0055562259295,0.0562515356256,-0.0101831253266,0.573924782164,0.818893388815,0.00217004030004,0.0,0.818852509992,-0.573864709069,-0.0118578862583,0.0,-0.00846519809808,0.00858264297666,-0.99992733669,0.0,0.654994262235,0.252265048799,0.303503628789,1.0,-0.01642,-0.0215805714286,0.822
0.460081373809,0.510276508911,-0.124123808474,-1.41467172917,0.0759600201098,1.91576003078,0.151442052741,-0.0125545908177,-0.0886427216877,-0.00139743455019,-0.137588615197,-0.0108831902607,0.0530008364903,-0.0217742977614,0.573905368714,0.818906950657,0.00218651058564,0.0,0.81886632008,-0.57384526725,-0.0118450831555,0.0,-0.0084454647772,0.00858858204972,-0.99992745256,0.0,0.654728870615,0.251931476498,0.303500939917,1.0,-0.01674,-0.0220011428571,0.838
0.459869958237,0.508683661093,-0.124122362745,-1.41718116443,0.0758038958335,1.91666524419,0.151084675387,-0.0113846592497,-0.0890988328753,0.000248055712252,-0.139907061848,-0.00710805601509,0.0453721478235,-0.0193725890817,0.573873064831,0.818929616454,0.00217615644794,0.0,0.818888784749,-0.573812940932,-0.0118580745767,0.0,-0.00846238466076,0.00858722504007,-0.999927321165,0.0,0.654413513468,0.251553344359,0.303499579958,1.0,-0.0171,-0.0224742857143,0.856
0.459670985336,0.507252175302,-0.124122472352,-1.41943264137,0.0756584679767,1.91747716886,0.150777019933,-0.00995198976685,-0.0940933507983,-9.98079922356e-05,-0.143509214252,-0.00619864105851,0.0519264281136,-0.0201809785037,0.57386141176,0.818937810886,0.00216538573529,0.0,0.818896833471,-0.57380132654,-0.011864261163,0.0,-0.00847375400322,0.00858183440926,-0.999927271161,0.0,0.654132602323,0.251206424778,0.303499541849,1.0,-0.01742,-0.0228948571429,0.872
0.459448129286,0.505698531967,-0.124125559376,-1.421872168,0.0755050950045,1.91838829811,0.150452193393,-0.0163617263898,-0.0947033817015,-0.000183162155415,-0.146831021388,-0.0110178007643,0.0532604092957,-0.0207755009698,0.573864812811,0.8189353812,0.00218287353481,0.0,0.818894647662,-0.57380467422,-0.0118532178759,0.0,-0.00845463924012,0.00858985349303,-0.999927364108,0.0,0.653835851843,0.250826920629,0.303503613888,1.0,-0.01776,-0.0233417142857,0.889
0.459211782216,0.503950399415,-0.124126684508,-1.4244950206,0.075338903105,1.919394674,0.150084195379,-0.00939811315577,-0.0971630516737,-0.000747858793398,-0.143757820007,-0.00808336035187,0.0529369468388,-0.023302444517,0.573848035915,0.818946840463,0.00229152213956,0.0,0.818907587256,-0.573787545501,-0.0117882595728,0.0,-0.00833927162464,0.00864138084254,-0.999927888943,0.0,0.653521813814,0.250424998901,0.303563801965,1.0,-0.01812,-0.0238148571429,0.907
0.459014336585,0.502485408664,-0.124129193951,-1.4266737252,0.075201474041,1.92022024653,0.149780966623,-0.0116710748549,-0.100745012395,0.00106833867511,-0.14871853883,-0.00982636393371,0.0543761675086,-0.0223620446099,0.573837839861,0.81895371886,0.00238470324464,0.0,0.818915720441,-0.573777045812,-0.0117341985007,0.0,-0.00824163619417,0.00868656533906,-0.999928306938,0.0,0.653258904681,0.250089140481,0.303621382582,1.0,-0.01842,-0.0242091428571,0.922
0.458773272006,0.500773045137,-0.124132940674,-1.42924606796,0.0750349189184,1.9211179132,0.149420944278,-0.0106431880371,-0.0921303043893,0.00204344842528,-0.157304130304,-0.00798878263573,0.0525919637024,-0.0173683231382,0.573829070338,0.818959774646,0.00241504601003,0.0,0.818922148031,-0.573768141833,-0.0117209975275,0.0,-0.00821350716759,0.00870375135494,-0.999928388942,0.0,0.652933932322,0.249681042746,0.303669992092,1.0,-0.01876,-0.024656,0.939
0.458511281161,0.498968023938,-0.124135567643,-1.43199772551,0.0748621891999,1.92213424783,0.149032584161,-0.0162650705501,-0.0957410771126,-0.000660958381363,-0.156288827941,-0.00810931093101,0.0596608829242,-0.0250119685426,0.573820856917,0.818965357674,0.00247265017983,0.0,0.818928475999,-0.573759716479,-0.0116912721725,0.0,-0.00815619686231,0.00873378761237,-0.999928596154,0.0,0.652595975225,0.249246971697,0.303707504666,1.0,-0.01912,-0.0251291428571,0.957
0.458287472209,0.497501377712,-0.124135567644,-1.43433560721,0.0747202480057,1.92300166399,0.148687178103,-0.015201638984,-0.101938710795,0.000293496189636,-0.155521617105,-0.00669848553251,0.0581247198906,-0.0269012422879,0.573801736699,0.818978763876,0.00246945012111,0.0,0.818941777097,-0.57374054219,-0.0117005501544,0.0,-0.00816583566836,0.00873630007041,-0.999928495538,0.0,0.652306364263,0.248878948376,0.303692528852,1.0,-0.01942,-0.0255234285714,0.972
0.458008479329,0.495721074136,-0.124136306843,-1.43718140984,0.0745392629589,1.92398902451,0.148260490706,-0.0171667672783,-0.103929314564,-0.000120296780308,-0.160205395275,-0.0108824139013,0.0459908055373,-0.0332113052657,0.573775915626,0.818997056151,0.00240157539303,0.0,0.818959080486,-0.573714859408,-0.0117486801741,0.0,-0.00824447371894,0.00870806935721,-0.999928096506,0.0,0.651940921869,0.248420513583,0.303664232192,1.0,-0.01978,-0.0259965714286,0.99
0.45773470691,0.494051976591,-0.124141195001,-1.43992927148,0.0743681171832,1.92495039717,0.1478824253,-0.0187693955771,-0.101182240088,-0.000792980293467,-0.16366763077,-0.0064935134687,0.0616293496351,-0.0111639974139,0.57378599528,0.818990287482,0.00229946357339,0.0,0.818950868762,-0.573725203562,-0.0118157629041,0.0,-0.00835789576633,0.00866303375928,-0.999927546087,0.0,0.651588819008,0.247973162564,0.303602399075,1.0,-0.0204737142857,-0.0269083102041,1.007
0.45746410238,0.492367870326,-0.124145460545,-1.44262707441,0.0741884973057,1.92595531344,0.147495766697,-0.0195312168984,-0.107917512996,-0.000512646090189,-0.168782672172,-0.0116783286049,0.0607489580563,-0.020280993369,0.573780738591,0.818994018914,0.00228208370607,0.0,0.818954454614,-0.573720097901,-0.0118151357759,0.0,-0.0083674093444,0.00864838645715,-0.999927593315,0.0,0.651256201039,0.247536015208,0.303577856124,1.0,-0.0217902857143,-0.0286386612245,1.023
0.457164881539,0.490465138126,-0.124150046581,-1.44569749627,0.0739979904095,1.92702828162,0.147062992678,-0.0193319776325,-0.113116109784,-0.00325805671823,-0.183176788248,-0.0130705241718,0.0639002099519,-0.0329550388917,0.573776280291,0.818997364139,0.00220104757235,0.0,0.818956602879,-0.573715811795,-0.0118742072698,0.0,-0.0084623315865,0.0086158668034,-0.999927075233,0.0,0.650858576527,0.247041898391,0.303533318215,1.0,-0.0231891428571,-0.0304771591837,1.04
0.456838593001,0.488461608515,-0.124159641405,-1.44892853412,0.073801689299,1.92820055259,0.146599521717,-0.0178013078792,-0.117899661029,0.00192287334666,-0.194646857915,-0.0120459907708,0.0661885849094,-0.0306340220113,0.573778542894,0.818995906578,0.00215304974049,0.0,0.818954415249,-0.573718160424,-0.0119115509053,0.0,-0.00852043174078,0.00859800745159,-0.999926735572,0.0,0.650450710627,0.246515430232,0.303490346189,1.0,-0.024588,-0.0323156571429,1.057
0.456499199225,0.486379764887,-0.124184457194,-1.45208975395,0.073606033339,1.92944101818,0.14614172106,-0.0201526876581,-0.12808268638,-0.00369755026887,-0.205932762733,-0.00958588460885,0.0675739615655,-0.0266864258622,0.5738034891,0.818978078676,0.00228242103641,0.0,0.818938436632,-0.573742759381,-0.0118249721551,0.0,-0.0083750316778,0.0086545392231,-0.999927476268,0.0,0.650080435349,0.2459855326,0.303540157298,1.0,-0.0259045714286,-0.0340460081633,1.073
0.456097364261,0.483943616782,-0.124215899627,-1.45579827685,0.0733635679195,1.93076528122,0.145561762521,-0.0248868800067,-0.130786996798,-0.0056210554535,-0.213754989282,-0.00824004849969,0.0737575869977,-0.036473335418,0.573796764606,0.818982693776,0.00231670544865,0.0,0.81894360597,-0.573736016164,-0.011794104404,0.0,-0.00833015042197,0.0086648368875,-0.999927761989,0.0,0.649619460078,0.245349710855,0.303581735337,1.0,-0.0273857142857,-0.0359926530612,1.091
0.455692369384,0.481517711818,-0.124254669837,-1.45957027963,0.0731346128616,1.93205072351,0.145007093431,-0.0217986988387,-0.146152441897,0.000151167901545,-0.224301216157,-0.0171840199489,0.0757486441462,-0.0317864224446,0.573824525686,0.818963388034,0.00226488004553,0.0,0.818923506466,-0.573763849837,-0.0118356274997,0.0,-0.00839360090516,0.00864650331681,-0.999927390086,0.0,0.649134041905,0.244699853111,0.303581623194,1.0,-0.0287845714286,-0.0378311510204,1.108
0.455290807232,0.479133828138,-0.124271992021,-1.46323251732,0.072917639287,1.93342369751,0.14446149414,-0.0278930782005,-0.153789406864,-0.00317307537244,-0.231933237981,-0.0207260124085,0.0834844574735,-0.033232464565,0.573839190928,0.818952879463,0.00234756785796,0.0,0.818914011989,-0.573778130716,-0.0118001941692,0.0,-0.00831698002344,0.00869403747498,-0.999927618158,0.0,0.648683356531,0.244085106524,0.303610163204,1.0,-0.0301011428571,-0.0395615020408,1.124
0.454842130074,0.476499805427,-0.124282527651,-1.4672489729,0.0726602623206,1.9349079753,0.143887172311,-0.0277752642635,-0.156560496093,-0.000416698084904,-0.238056361567,-0.0167537191678,0.0925912305021,-0.0362658436325,0.573868566225,0.818932057458,0.0024291700984,0.0,0.818894285137,-0.573807231546,-0.0117540502209,0.0,-0.00823205165427,0.00873468162851,-0.999927966737,0.0,0.648183673749,0.243406681474,0.303651263693,1.0,-0.0315,-0.0414,1.141
0.454383057043,0.473756362601,-0.12429317824,-1.47148835289,0.0724018593306,1.93642889138,0.143273885888,-0.0254749167852,-0.16180992179,-0.00193871187941,-0.254687284285,-0.0190505491493,0.0898372758208,-0.0418666307251,0.573883970227,0.818921188098,0.00245424169684,0.0,0.8188835782,-0.573822366854,-0.0117611034298,0.0,-0.0082232763383,0.00875941559891,-0.999927822578,0.0,0.647638673628,0.242699354847,0.303663597352,1.0,-0.0328988571429,-0.0432384979592,1.158
0.453925974158,0.471073925339,-0.124288248025,-1.47562964306,0.0721372558604,1.93786535756,0.142646463839,-0.0258988239863,-0.170250133555,0.000648017077856,-0.263544758739,-0.0152809166005,0.0921705267718,-0.0399684277108,0.573866488899,0.818933484926,0.00243866492136,0.0,0.81889546822,-0.573804728694,-0.0117937423053,0.0,-0.00825913203675,0.00876521389788,-0.999927476252,0.0,0.647092705955,0.242007209287,0.303670883269,1.0,-0.0342154285714,-0.0449688489796,1.174
0.453439906949,0.468110834153,-0.124291168153,-1.48009301745,0.0718473044728,1.93960463988,0.141930549661,-0.0305204648844,-0.180131562374,-0.000215130760586,-0.260926778066,-0.0172765635312,0.103009121479,-0.0384733055345,0.57381398023,0.818969672692,0.0026340474075,0.0,0.81893435791,-0.573751692971,-0.0116730094274,0.0,-0.00804870651324,0.00885541841742,-0.999928397381,0.0,0.646541594226,0.241273696211,0.303743182055,1.0,-0.0356142857143,-0.0468073469388,1.191
0.452920124014,0.465034709503,-0.124293209155,-1.48480865729,0.0715315248494,1.94122380652,0.14121408488,-0.0300163819824,-0.181240261625,-0.000408208938305,-0.283145249603,-0.0182001919947,0.0950510180339,-0.04829428822,0.57378976464,0.818986706665,0.00261289123778,0.0,0.818951010185,-0.573727437671,-0.011696883364,0.0,-0.00808066016755,0.00885155229097,-0.999928173897,0.0,0.64591199356,0.240479589808,0.303760929401,1.0,-0.0370131428571,-0.048645844898,1.208
0.452395881658,0.462095446048,-0.124297579152,-1.48946527237,0.0712202005957,1.94283504784,0.140522577538,-0.0322459861926,-0.181347731878,0.000155522905547,-0.291267134865,-0.0169850580179,0.107576392226,-0.0425632883602,0.573788437457,0.818987940455,0.00251581643932,0.0,0.81895086492,-0.573726333884,-0.0117610184834,0.0,-0.00818889982462,0.00880883606485,-0.999927670548,0.0,0.64528941167,0.239687206588,0.303710024663,1.0,-0.0383297142857,-0.0503761959184,1.224
0.451787870625,0.458676074587,-0.124293447813,-1.4947921654,0.0708567664385,1.94470349575,0.139721631969,-0.0349407448983,-0.18908472878,0.001350085904,-0.29989362597,-0.0243699055974,0.110487741959,-0.0534525816815,0.573774696882,0.818997696546,0.00247329175637,0.0,0.818960003836,-0.573712684009,-0.0117904718297,0.0,-0.00823756901653,0.00879077067602,-0.999927429771,0.0,0.644579405593,0.238782808112,0.303690266588,1.0,-0.0398108571429,-0.0523228408163,1.242
0.451196238423,0.455584188486,-0.124315536959,-1.49971616768,0.0705305031935,1.94643860563,0.138963025634,-0.0358111872385,-0.190665291993,-0.00102315716386,-0.309930295918,-0.0242717697378,0.0999166753671,-0.0491450111306,0.573778498566,0.818995349642,0.00236616772725,0.0,0.818956201986,-0.573716828366,-0.0118527203465,0.0,-0.0083499733634,0.00873879206834,-0.999926953061,0.0,0.643887193657,0.237863779641,0.30361564731,1.0,-0.0412097142857,-0.0541613387755,1.259
0.450553845392,0.452108098994,-0.124360066793,-1.50502524765,0.0701638703184,1.94832199506,0.138109178297,-0.0383387017262,-0.208647520325,-2.02279752688e-05,-0.312530481009,-0.013472325844,0.116142140042,-0.050797203587,0.573792407027,0.818985497007,0.00240337909821,0.0,0.818947051079,-0.57373082091,-0.0118076063746,0.0,-0.00829152534972,0.00874352344791,-0.999927398067,0.0,0.643238851624,0.236964117523,0.303648856716,1.0,-0.0425262857143,-0.0558916897959,1.275
0.449896175014,0.448498683149,-0.124398298444,-1.51045418257,0.0697923689171,1.95029786868,0.137310035455,-0.0401129117019,-0.209386061686,0.000671156216247,-0.326540210562,-0.0237352766479,0.105554475717,-0.0420791386601,0.573848220103,0.818946048118,0.0025174307763,0.0,0.818909329604,-0.573786464891,-0.0117196201394,0.0,-0.00815342587156,0.00878699988358,-0.999928152559,0.0,0.642536078501,0.236001580197,0.303712812558,1.0,-0.0439251428571,-0.0577301877551,1.292
0.449213951757,0.444781783989,-0.124417062219,-1.51614117971,0.0694027612963,1.95218977136,0.136445097671,-0.0405186956288,-0.218353167173,-0.0023793368803,-0.328875395906,-0.0301794748944,0.117075508512,-0.0510613122604,0.573859175007,0.818938593381,0.00244426530518,0.0,0.818900781029,-0.573797534447,-0.0117748542869,0.0,-0.00824052785702,0.00875888757008,-0.99992768518,0.0,0.641750552259,0.234999013354,0.303716786801,1.0,-0.045324,-0.0595686857143,1.309
0.448565914938,0.441251740581,-0.124423599426,-1.52156519133,0.0690174419961,1.9541289954,0.135570824425,-0.0411907014397,-0.221107772649,-0.00154814014068,-0.348765117218,-0.0210792442458,0.119327653002,-0.060098484374,0.573813001195,0.818970885972,0.00246464826755,0.0,0.818933466332,-0.57375142693,-0.0117483921708,0.0,-0.00820765370722,0.00875993177558,-0.999927946412,0.0,0.641020253226,0.23405851141,0.30371870541,1.0,-0.0466405714286,-0.0612990367347,1.325
0.447822574512,0.437469969697,-0.124426030226,-1.52745836441,0.0686394426803,1.95620540083,0.134609404839,-0.0469796934426,-0.221702368935,-0.00180861227661,-0.348789393009,-0.0278313058191,0.123069179677,-0.0565602275276,0.573792069216,0.818985625521,0.00243995828462,0.0,0.818947586577,-0.57373027211,-0.0117971269637,0.0,-0.00826195854344,0.00876746464071,-0.999927433169,0.0,0.640219414268,0.233019108449,0.303678360381,1.0,-0.0480394285714,-0.0631375346939,1.342
0.447044287408,0.433459072748,-0.124444821506,-1.53341171559,0.0682108936704,1.9583694178,0.133645405046,-0.04974128813,-0.23818989903,-0.00700224777993,-0.35805151552,-0.0286196884827,0.13408098955,-0.065589594453,0.573800915793,0.818978908589,0.00260829872247,0.0,0.818943364127,-0.573738835505,-0.0116731266949,0.0,-0.00806371754029,0.00883426980522,-0.999928463509,0.0,0.639386195025,0.231871268321,0.303770842559,1.0,-0.0495205714286,-0.0650841795918,1.36
0.446232050386,0.429447169529,-0.124477800597,-1.53966952442,0.067754584833,1.96045535528,0.132665033034,-0.04810784918,-0.240398988276,-0.00452043673591,-0.379510068123,-0.0297341133019,0.114009267045,-0.0514848474343,0.573822570436,0.818964240902,0.00244472568108,0.0,0.818926633582,-0.573761144433,-0.011750100031,0.0,-0.0082203814156,0.0087446919371,-0.999927975252,0.0,0.638561141827,0.230793199574,0.303706643473,1.0,-0.0508371428571,-0.0668145306122,1.376
0.445407087537,0.425273249063,-0.124525284998,-1.54603927294,0.0672876184004,1.96257686614,0.131598584842,-0.047800099188,-0.252147499232,-0.00193626014031,-0.372654400403,-0.0241707380673,0.13445359268,-0.0677916259564,0.573800201538,0.818980172748,0.00235632377759,0.0,0.818941549074,-0.573739248956,-0.0117796565954,0.0,-0.00829554947396,0.00868902806373,-0.999927839722,0.0,0.637669441172,0.229618397112,0.303700065693,1.0,-0.052236,-0.0686530285714,1.393
0.444489083063,0.420772991012,-0.124536061682,-1.55286841113,0.0668296070807,1.96492528494,0.130498558371,-0.0512223888406,-0.252044262259,-0.00111143181071,-0.376103726058,-0.0157632992097,0.130892243016,-0.0645873381116,0.573819745497,0.818966426828,0.0023745122047,0.0,0.818927782162,-0.573758451507,-0.0118014332971,0.0,-0.00830274106662,0.00871661728644,-0.999927539912,0.0,0.636717820211,0.228374592672,0.303710754706,1.0,-0.0537171428571,-0.0705996734694,1.411
