position_joint1,position_joint2,position_joint3,position_joint4,position_joint5,position_joint6,position_joint7,velocity_joint1,velocity_joint2,velocity_joint3,velocity_joint4,velocity_joint5,velocity_joint6,velocity_joint7,ee_T_00,ee_T_10,ee_T_20,ee_T_30,ee_T_01,ee_T_11,ee_T_21,ee_T_31,ee_T_02,ee_T_12,ee_T_22,ee_T_32,ee_T_03,ee_T_13,ee_T_23,ee_T_33,v_x,v_y,time
0.465062013758,0.547840263745,-0.12396045679,-1.35585575477,0.0794728530916,1.89409597171,0.159167496721,-0.0011246177353,-0.00323314721049,-0.000275535750433,-0.00231428437292,0.000263067596164,0.0093022074469,0.000983313986901,0.573796619451,0.818983956354,0.00186162355425,0.0,0.818939728292,-0.573738486583,-0.0119422501709,0.0,-0.00871259395654,0.00837714155033,-0.999926954435,0.0,0.661667493734,0.260890785986,0.303160322634,1.0,0.0,0.0,0.0
0.465061638324,0.547847825109,-0.123960829625,-1.35584616897,0.0794715304529,1.89409314601,0.159161330849,-0.00291074876795,-9.04206990024e-05,0.000174418392036,0.00110791703511,-9.48280293438e-05,0.000422219492765,-0.00112199097249,0.573791257801,0.818987716899,0.00185982256143,0.0,0.818943485219,-0.573733152303,-0.0119408905272,0.0,-0.00871256855368,0.00837482940663,-0.999926974024,0.0,0.661669185397,0.260890953788,0.303159292776,1.0,-0.00024,-0.000315428571429,0.013
0.465063116347,0.547844192949,-0.123958057567,-1.35585674485,0.0794715306673,1.89409303298,0.159160530205,0.00013078580598,9.70716156765e-05,0.000516535399023,-0.000543856405785,3.67852729419e-06,-0.000289630978017,-0.00383316382476,0.573788024185,0.818989993522,0.00185491579416,0.0,0.818945671921,-0.573729914938,-0.0119464659055,0.0,-0.00871998324043,0.00837397555427,-0.999926916542,0.0,0.661665810792,0.260892319118,0.303156730937,1.0,-0.00052,-0.000683428571429,0.027
0.465057421737,0.547818496031,-0.123960429358,-1.35588081133,0.0794675140936,1.89410133912,0.15915578694,-0.000107971590639,-0.00445616227658,0.00119248260646,-0.00512944228237,0.000109389159703,0.000407567578381,-0.00251296393147,0.573790723272,0.818988087125,0.00186170202795,0.0,0.818943889463,-0.573732619039,-0.011938788155,0.0,-0.00870977378341,0.00837515663795,-0.999926995631,0.0,0.661664887648,0.260884575028,0.303164273176,1.0,-0.0009,-0.00118285714286,0.046
0.465062679811,0.547724467189,-0.123961470688,-1.35598114397,0.0794687121565,1.89411881315,0.159156547637,0.000615138718275,-0.00865919400983,-0.00104629642834,-0.00594419060418,0.000296742675532,0.00167045022852,-0.00175804965431,0.573793517607,0.818986095816,0.00187640996916,0.0,0.818942002897,-0.573735267132,-0.0119409397222,0.0,-0.00870306858957,0.00838846624909,-0.999926942447,0.0,0.661646660276,0.260878161314,0.303184685241,1.0,-0.00124,-0.00162971428571,0.063
0.465061903865,0.547597335696,-0.123958382003,-1.35615502307,0.0794659281447,1.89414449156,0.159158770621,0.00101397364195,-0.011773467255,-0.00026198573349,-0.00899337796725,0.000509821808857,-0.000982065882531,0.000162173013414,0.573802518016,0.818979815633,0.00186515572629,0.0,0.818935437709,-0.57374418105,-0.011962879105,0.0,-0.00872740230869,0.008391933845,-0.999926701261,0.0,0.661614922555,0.260861754405,0.303194109501,1.0,-0.00156,-0.00205028571429,0.079
0.465045716097,0.547431264824,-0.123955648357,-1.35638045478,0.0794604201298,1.89424432402,0.159147667736,-0.00153114788666,-0.0113527606523,0.00170951919358,-0.0144754681494,-0.000120409342836,0.00798886610585,-0.0022604654549,0.573816017082,0.818970267342,0.00190437674974,0.0,0.818926335098,-0.573757448784,-0.0119496673099,0.0,-0.00869393927126,0.00841661681948,-0.99992678531,0.0,0.66159143933,0.260833944887,0.303213022461,1.0,-0.00192,-0.00252342857143,0.097
0.465023742327,0.547253944029,-0.123958390778,-1.3565844342,0.0794579004868,1.89436708416,0.159141688425,-0.00215358895822,-0.0073001203396,0.000237895933034,-0.00715685169298,2.0509227608e-05,0.00567968632502,0.0014605955258,0.573842036498,0.818951832565,0.00198997147249,0.0,0.818909007684,-0.573783100083,-0.0119053808827,0.0,-0.00860828722695,0.00846157648646,-0.999927146903,0.0,0.66158034476,0.260803884597,0.303252285634,1.0,-0.00224,-0.002944,0.113
0.464994611782,0.547065082346,-0.123958390826,-1.35683455193,0.0794508834535,1.89449124958,0.159122828253,-0.00347298094688,-0.0114964495693,-0.000297837449004,-0.0200584668165,-0.00285464205465,0.00303368913165,-0.000922486298177,0.573862757608,0.818937171703,0.0020472261952,0.0,0.818895063635,-0.573803555993,-0.0118785851654,0.0,-0.00855327394549,0.00849330458732,-0.999927350002,0.0,0.661560726651,0.260764710626,0.303277780451,1.0,-0.00256,-0.00336457142857,0.129
0.464956981296,0.546833624927,-0.123955885088,-1.3571773664,0.0794423625519,1.89461438464,0.159099273876,-0.000253835231253,-0.0153080959077,0.000380479998758,-0.0186931044464,-0.00135959485142,0.00820565418041,-0.00528729866531,0.573889412876,0.818918448836,0.00206466625869,0.0,0.818876440974,-0.573830011045,-0.0118844327911,0.0,-0.00854777837581,0.00851122058195,-0.999927244658,0.0,0.661522466044,0.260710597189,0.303289139511,1.0,-0.0029,-0.00381142857143,0.146
0.464913267495,0.546546297285,-0.123960516681,-1.35760865282,0.079430016557,1.89477969052,0.158955019069,-0.00129424648451,-0.0171764954268,0.000178212969078,-0.0274472023343,-0.000566255159741,0.00459522831702,-0.00616049968095,0.573831193119,0.818959180843,0.00209017157442,0.0,0.818917402721,-0.573771593054,-0.0118824840028,0.0,-0.00853215256164,0.00853038208578,-0.999927214828,0.0,0.661477205305,0.260640806702,0.303301834605,1.0,-0.00326,-0.00428457142857,0.164
0.464865419167,0.546262561781,-0.123959335622,-1.35807570079,0.07940910172,1.89494479651,0.158932891041,-0.00568760337199,-0.021018880755,-0.000167529330508,-0.0315003074342,0.000301714763233,0.00529228797463,-0.00159745678315,0.57387197583,0.818930634099,0.00207817037007,0.0,0.818888616674,-0.573812336491,-0.0118988601555,0.0,-0.00855202594953,0.0085303766833,-0.999927045102,0.0,0.661423783697,0.26056594737,0.303294721887,1.0,-0.0036,-0.00473142857143,0.181
0.464817196456,0.545949052985,-0.123960870665,-1.35862126508,0.0793538000939,1.89512846384,0.158879805352,-0.00452622738515,-0.0220441481088,0.000658977261484,-0.0357891984961,-0.0117811028179,0.0121333604671,-0.00393497431933,0.573884814259,0.818921774238,0.00202349776058,0.0,0.818879224513,-0.573825575391,-0.0119067874878,0.0,-0.00858975814769,0.00849028826722,-0.99992706287,0.0,0.661359420647,0.260476027183,0.303272940649,1.0,-0.00394,-0.00517828571429,0.198
0.46475884016,0.545602869923,-0.123964146008,-1.35922495827,0.0792774287656,1.89533326978,0.15877220751,-0.00339449406538,-0.0214384559483,0.000196441257693,-0.0396640038603,-0.000794277233475,0.0131903885361,-0.00721337555092,0.573860148379,0.818939224371,0.00195545159329,0.0,0.818896133793,-0.573801532572,-0.0119025282414,0.0,-0.00862557219397,0.00843186071171,-0.999927248968,0.0,0.661290942574,0.260369953442,0.303248458939,1.0,-0.00428,-0.00562514285714,0.215
0.464698519032,0.545233401747,-0.123962243802,-1.35987424858,0.0792695570323,1.89553793434,0.158720731816,-0.00534754040664,-0.0210844585018,0.000953684701028,-0.0386109112723,-0.00199712205197,0.0121362553618,-2.47911675585e-05,0.573900047106,0.818911374809,0.0019086751462,0.0,0.818867324048,-0.573841281247,-0.0119681428988,0.0,-0.00870573937627,0.0084316318179,-0.999926556146,0.0,0.661207986036,0.260271556706,0.303218677427,1.0,-0.0046,-0.00604571428571,0.231
0.464636296962,0.544831314147,-0.123967559935,-1.36055003528,0.0792466743112,1.89576335791,0.158643097546,-0.00303038775649,-0.0255270076041,-0.00119759960641,-0.0461216237771,-0.00232250244005,0.00993583330837,-0.00531625232759,0.573922642787,0.81889561491,0.00187586745926,0.0,0.818850957091,-0.573863841469,-0.0120061828081,0.0,-0.00875548651737,0.00842683827416,-0.9999261622,0.0,0.661126858374,0.260163993401,0.303201355201,1.0,-0.00492,-0.00646628571429,0.247
0.464564584792,0.54435689211,-0.123965226597,-1.36134402228,0.0792102970331,1.89605503642,0.158520588824,-0.00437316006902,-0.0230553532055,0.00112793269486,-0.0411317038001,-0.00655108552931,0.0168624535352,-0.00483752307046,0.573914041903,0.81890168334,0.00185807182677,0.0,0.818856659264,-0.573855189919,-0.0120307723126,0.0,-0.00878592469387,0.00842628588597,-0.999925899871,0.0,0.661035046422,0.260043826007,0.303184406986,1.0,-0.00528,-0.00693942857143,0.265
0.464513288963,0.54389174264,-0.123970842643,-1.36206707953,0.0791782997809,1.89630897135,0.158456369438,0.000247206801396,-0.0272170186311,-0.00140085812915,-0.0447536751295,-0.00502953533048,0.0106201102047,-0.00575337228087,0.573939053574,0.818884150057,0.00185969635518,0.0,0.818839045067,-0.57388009347,-0.0120417396759,0.0,-0.00879371634786,0.00843417904464,-0.999925764833,0.0,0.660947959478,0.259939005015,0.303191593549,1.0,-0.00558,-0.00733371428571,0.28
0.464430639182,0.543355454448,-0.123976110904,-1.36292302962,0.0791301415414,1.89660082299,0.158326545591,-0.00589456707717,-0.028444863458,-0.00127175074904,-0.049375848719,-0.000921532307516,0.00955516513639,-0.0128090772358,0.57393547521,0.818886709609,0.0018368511112,0.0,0.81884120945,-0.57387652296,-0.0120647006982,0.0,-0.00882566724969,0.00842861139082,-0.999925530281,0.0,0.660859063416,0.259819320434,0.303185043755,1.0,-0.00588,-0.007728,0.295
0.46434949501,0.542764398937,-0.123971549798,-1.36386544492,0.0790652854683,1.8969360003,0.158215396423,-0.000617614034619,-0.0300660224793,0.000735490150945,-0.0528380319303,-0.00606866813813,0.0190442837936,-0.00647114593623,0.573946040642,0.818879342424,0.00181985830326,0.0,0.818833688231,-0.573887226732,-0.0120660230972,0.0,-0.00883639375281,0.00841556949526,-0.999925545396,0.0,0.660737503854,0.25965595333,0.303187462493,1.0,-0.00628,-0.00825371428571,0.315
0.464281298598,0.542192955768,-0.123974372594,-1.36473433214,0.0790183143086,1.89726098504,0.158095419762,-0.00557409890303,-0.0367633849896,-0.000214276088474,-0.0547109689893,-0.00149487002903,0.0178546636545,-0.00789431611117,0.573941359871,0.818882565372,0.00184565989122,0.0,0.818837208955,-0.573882395607,-0.0120568712514,0.0,-0.00881413964033,0.00843139440627,-0.999925608498,0.0,0.660638031011,0.259528086529,0.303206293601,1.0,-0.0066,-0.00867428571429,0.331
0.464190530831,0.541557346662,-0.123972220775,-1.36569567692,0.0789699059314,1.89762011344,0.157964166035,-0.00429470178896,-0.0406074369746,2.40483414578e-05,-0.0589324390181,-0.000782179892623,0.0198883592512,-0.0137110413163,0.573947127757,0.818878444474,0.0018800574351,0.0,0.818833434516,-0.573887913753,-0.0120505546973,0.0,-0.00878916646511,0.00845599794722,-0.99992562056,0.0,0.660530387617,0.259380151831,0.303229212349,1.0,-0.00694,-0.00912114285714,0.348
0.464107834319,0.54087587014,-0.123974683151,-1.36673036452,0.078903624291,1.89800920892,0.157829543317,-0.00524924255568,-0.0441870561606,-0.00138480351933,-0.0600329592036,-0.00319574135818,0.0238474300954,-0.00225548845787,0.573945999694,0.818879171012,0.00190777876351,0.0,0.818834571622,-0.573886712381,-0.0120304850244,0.0,-0.00875683331732,0.00846716697993,-0.999925809725,0.0,0.660412788413,0.259225922087,0.303252277679,1.0,-0.00728,-0.009568,0.365
0.46402424649,0.540203217231,-0.123985719111,-1.36777416333,0.0788418037797,1.89839185981,0.157703767018,-0.0031705986213,-0.0451321024052,-0.00201910506373,-0.0651119642317,-0.00568162967937,0.0187683686059,-0.00994113548989,0.57396044121,0.818869031325,0.00191529735443,0.0,0.818824561016,-0.573901149592,-0.0120231308724,0.0,-0.00874634657171,0.00846925707512,-0.999925883807,0.0,0.660293318796,0.259065223602,0.303264401064,1.0,-0.0076,-0.00998857142857,0.381
0.463914980904,0.539414754185,-0.123984488532,-1.3689847142,0.0787658730906,1.89885141274,0.157556517555,-0.0050480414535,-0.0434144497018,-0.00110864441604,-0.0693408450128,-0.00621428880322,0.0269162517737,-0.011138840594,0.573975170454,0.818858636515,0.00194525252217,0.0,0.81881458376,-0.573915774378,-0.0120045093071,0.0,-0.00871375278235,0.00848325473894,-0.999926049716,0.0,0.660158109745,0.258879359352,0.303285132675,1.0,-0.00796,-0.0104617142857,0.399
0.463808109581,0.538647667595,-0.12398371659,-1.37017525723,0.0787048591228,1.89931136449,0.157399972068,-0.00894082068436,-0.0484622516872,-0.000325773516033,-0.0722035632366,-0.0028366461049,0.0351280300413,-0.0130592792461,0.573983517218,0.818852699087,0.00198142923477,0.0,0.818809030471,-0.573923880363,-0.0119957521456,0.0,-0.00868573169415,0.00850793996307,-0.999926083779,0.0,0.660025446297,0.258699352372,0.303300228216,1.0,-0.0083,-0.0109085714286,0.416
0.463701863174,0.537909968791,-0.123989223339,-1.37132390463,0.0786440207986,1.89975342935,0.15726355416,-0.00234537487541,-0.0472271889207,-0.000470362245119,-0.0696858328142,-0.00315770283194,0.0254460300789,-0.00396406146292,0.574009871269,0.818834155484,0.00201007431984,0.0,0.818790824552,-0.573950074713,-0.011985168688,0.0,-0.00866034991347,0.00852559968969,-0.999926153518,0.0,0.659899162592,0.258519529777,0.303313031777,1.0,-0.00862,-0.0113291428571,0.432
0.463583122574,0.537090960377,-0.123987839251,-1.37261294765,0.0785626157259,1.9002300451,0.157109866991,-0.00850370395551,-0.0533967783837,0.000553510365653,-0.0817288249304,-0.00257894599923,0.0319367271675,-0.00631290307658,0.574029472792,0.81882040641,0.0020132844227,0.0,0.81877712878,-0.573969671534,-0.011982338966,0.0,-0.00865598611764,0.00852681112606,-0.999926180974,0.0,0.659751909992,0.258318903198,0.303319041455,1.0,-0.00896,-0.011776,0.449
0.463469004477,0.53625626131,-0.123996334078,-1.37391252518,0.0784859685053,1.90072613594,0.156954759933,-0.00329842979568,-0.0477414264035,0.00101230978018,-0.0764715532287,-0.0012312390962,0.0291388831998,-0.00787797270345,0.574052909576,0.818803915418,0.00203764686258,0.0,0.818760990286,-0.573993037638,-0.0119658025603,0.0,-0.00862821699513,0.00853751391181,-0.99992632965,0.0,0.659607023838,0.258116651921,0.303332982558,1.0,-0.0093,-0.0122228571429,0.466
0.463361741081,0.535407989231,-0.124005115745,-1.37524718543,0.0784060781663,1.90120294341,0.156776082094,-0.00177797334246,-0.0569949728406,-0.000111260239613,-0.0847994659849,-0.00844488347208,0.0335690729928,-0.0100333760541,0.5740610528,0.818798241858,0.00202328702947,0.0,0.818755148748,-0.57400125893,-0.0119711338954,0.0,-0.00864074044555,0.0085289026078,-0.999926294996,0.0,0.659441125936,0.257897598974,0.303335155543,1.0,-0.00964,-0.0126697142857,0.483
0.463244960487,0.534580390984,-0.124006625861,-1.37660079677,0.0783357641004,1.90170253652,0.156621461557,-0.00511506255989,-0.0569094695092,-0.0010258715871,-0.0901481295939,-0.00335514536694,0.0345662650283,-0.00561865678041,0.574074432031,0.818788904824,0.0020056737935,0.0,0.818745417418,-0.574014548512,-0.0119994355841,0.0,-0.00867388578254,0.00853086964056,-0.999925991246,0.0,0.659267650228,0.257678904345,0.303319114096,1.0,-0.00996,-0.0130902857143,0.5
0.463112787196,0.533599328998,-0.124011537481,-1.37818046347,0.0782382470688,1.90227842019,0.156423491325,-0.0068752730405,-0.0550167464494,-0.000556939659082,-0.0891042174694,-0.0106692804899,0.0370594994398,-0.00599979502237,0.574087714421,0.818779637545,0.00198700611746,0.0,0.818735935544,-0.574027936864,-0.0120059339534,0.0,-0.00868978453387,0.00851945652122,-0.999925950511,0.0,0.659103605615,0.257466484052,0.303311171282,1.0,-0.0103,-0.0135371428571,0.516
0.46298303727,0.532714286052,-0.124003822158,-1.37961551607,0.0781700192661,1.90282253168,0.156240722725,-0.00801143371028,-0.054633372975,0.000727076330755,-0.0897927683103,-0.000104319535749,0.0341313876317,-0.0157954075748,0.574099139609,0.818771614234,0.0019921161764,0.0,0.81872776709,-0.574039131131,-0.01202772749,0.0,-0.00870457680361,0.00853627318205,-0.99992567843,0.0,0.6589366355,0.257252602952,0.303299156793,1.0,-0.01062,-0.0139577142857,0.532
0.46284915001,0.531734262242,-0.124006577242,-1.38117338589,0.0780717842816,1.90339486266,0.156042487434,-0.0089083628747,-0.0603076020567,0.000732474391896,-0.0873116446066,-0.00256111499795,0.0337288677713,-0.0114483853363,0.574106933514,0.818766169684,0.00198372732123,0.0,0.818722234999,-0.574046981472,-0.0120296252327,0.0,-0.00871086520485,0.00853057715978,-0.999925672278,0.0,0.658753895388,0.257013691368,0.303298188379,1.0,-0.01096,-0.0144045714286,0.549
0.462720111053,0.530724482627,-0.124007070996,-1.38281353457,0.0779703525676,1.903963907,0.155831374445,-0.00574940039662,-0.0622220970741,-0.0014940795116,-0.0916665190669,-0.00198393785552,0.0282807527366,-0.00703184708921,0.574101863459,0.818769852635,0.00193020500694,0.0,0.818725156716,-0.57404208233,-0.0120645089447,0.0,-0.00877020616293,0.00850672824457,-0.999925356743,0.0,0.658550042382,0.256769210237,0.303278463599,1.0,-0.0113,-0.0148514285714,0.566
0.462582667993,0.529687697986,-0.124011886218,-1.38444899657,0.0778699988841,1.90456853066,0.155618288846,-0.00677745599597,-0.0615532470482,0.000602843103416,-0.0974106367628,-0.00342220832948,0.0380986588553,-0.0189279281408,0.574105165162,0.818767531786,0.00193264840392,0.0,0.818722879657,-0.574045384512,-0.0120619131508,0.0,-0.008766643748,0.00850727389962,-0.99992538334,0.0,0.658357730992,0.256520195185,0.303282975627,1.0,-0.01164,-0.0152982857143,0.583
0.462444340759,0.528585630383,-0.12400737169,-1.38613657695,0.0777626575401,1.90520661644,0.15539022601,-0.00779582850859,-0.0710120164107,0.00634129467297,-0.101878936913,-0.0062628122925,0.0357166152326,-0.0117354323272,0.574091113933,0.818777282285,0.00197530199622,0.0,0.818733211294,-0.574031174252,-0.0120368855153,0.0,-0.00872181140689,0.00852767854462,-0.999925601585,0.0,0.658159645824,0.256271864587,0.303310975513,1.0,-0.01198,-0.0157451428571,0.6
0.462299097566,0.527474653542,-0.124010207271,-1.38785910966,0.077651379873,1.90587777512,0.15513930882,-0.0109032119338,-0.0623261584956,0.000970491309693,-0.101661653719,-0.0136059968383,0.0392991049776,-0.0188984996284,0.574069978087,0.818791991988,0.00202015267636,0.0,0.818748608254,-0.574009949946,-0.0120016976785,0.0,-0.00866747308852,0.00854397601356,-0.999925934949,0.0,0.657963374927,0.256012301163,0.303331451054,1.0,-0.01232,-0.016192,0.617
0.462155406677,0.526317706344,-0.124015671372,-1.38966323687,0.0775447991533,1.90655562933,0.154897779277,-0.00751995852436,-0.0660206822674,-0.000224643362011,-0.102711372222,-0.00526065957976,0.0320792436899,-0.0111507939098,0.574062455738,0.818797202591,0.00204568863239,0.0,0.818754142762,-0.574002311796,-0.011989439745,0.0,-0.00864285612141,0.00855776802908,-0.999926030086,0.0,0.657749924684,0.255744395376,0.303345840569,1.0,-0.01266,-0.0166388571429,0.634
0.462014754462,0.525193937679,-0.124018836126,-1.39140168844,0.0774297659305,1.90717527837,0.154664621285,-0.00520716585654,-0.0732231006727,-0.00187643519912,-0.114068894457,-0.0107676410938,0.0372521949387,-0.0154772909759,0.574051312173,0.818805017501,0.00204480060022,0.0,0.818761989888,-0.573991216721,-0.0119847378962,0.0,-0.00863963227804,0.00855422421903,-0.99992608827,0.0,0.657538004082,0.255481939453,0.30336269671,1.0,-0.01298,-0.0170594285714,0.65
0.461847434914,0.523957128774,-0.124029749531,-1.39340707086,0.0773053047088,1.90789257548,0.154387709339,-0.00943754943109,-0.0671529693132,-0.0027478951972,-0.108057095868,-0.00952887065144,0.0420660282246,-0.0206722947937,0.574043358241,0.8188107131,0.00199646524313,0.0,0.818767058117,-0.573983471066,-0.0120094290259,0.0,-0.00868767835922,0.00852873714695,-0.999925889698,0.0,0.657294309879,0.25517236787,0.303340469706,1.0,-0.01334,-0.0175325714286,0.668
0.461704062933,0.52287183763,-0.124022548994,-1.39511550803,0.0771980186697,1.90854379288,0.154163797578,-0.0100632761681,-0.0730638598903,-0.000731178734107,-0.120297860767,-0.00986295536331,0.0449358416406,-0.0122395805901,0.574035902789,0.818815860841,0.00202860663368,0.0,0.81877264744,-0.573975902481,-0.0119900824085,0.0,-0.00865346493156,0.00854386989993,-0.999926057182,0.0,0.657081112814,0.254903939102,0.303351330094,1.0,-0.01366,-0.0179531428571,0.684
0.461530719666,0.521568882176,-0.1240231086,-1.39719109507,0.0770853736939,1.90935624189,0.153868228918,-0.0104908488027,-0.0668377616618,0.00683904003388,-0.118351231956,-0.00256921182105,0.0447372817185,-0.014366990555,0.574016354656,0.818829494214,0.00205691377152,0.0,0.818786533553,-0.573956122544,-0.0119886933201,0.0,-0.00863628371006,0.00856604425637,-0.999926016008,0.0,0.656849288251,0.25461406115,0.303344531841,1.0,-0.014,-0.0184,0.701
0.461354628929,0.520275522985,-0.124028615233,-1.39921609535,0.0769497919678,1.91010031493,0.153601192933,-0.0075142468576,-0.081260551074,0.00227984557858,-0.121143167975,-0.00869992040737,0.0394510990965,-0.0163107996517,0.574017032226,0.818829014101,0.00205895158493,0.0,0.818786180419,-0.573956891115,-0.0119760092249,0.0,-0.00862472042843,0.00856043919205,-0.999926163813,0.0,0.65660739991,0.254300448407,0.303353762975,1.0,-0.01434,-0.0188468571429,0.718
0.46118846708,0.519031883684,-0.124037969642,-1.40116321551,0.0768247624753,1.91078882824,0.153330562223,-0.011766066835,-0.0829235585588,-0.000104462562252,-0.123561450254,-0.0123725228855,0.0447980082879,-0.0123646815865,0.574007638158,0.81883564342,0.0020413973431,0.0,0.818792606194,-0.57394759687,-0.0119821112619,0.0,-0.00863989103001,0.00854946904019,-0.999926126702,0.0,0.656368579674,0.253997704381,0.303360097811,1.0,-0.01466,-0.0192674285714,0.734
0.46102541881,0.517671402844,-0.124040376876,-1.40327919699,0.076690284955,1.91155527933,0.153045481685,-0.00636939867407,-0.0850749197333,-0.000820412279817,-0.120466335549,-0.00633409267435,0.0519139060401,-0.0225368310901,0.573985138173,0.818851400357,0.00204748386059,0.0,0.818808446591,-0.573925078235,-0.0119782830271,0.0,-0.00863349771729,0.00855201817053,-0.999926160125,0.0,0.656105898679,0.253686344007,0.303374218576,1.0,-0.015,-0.0197142857143,0.751
0.46082871513,0.516243116412,-0.124045941983,-1.40555107265,0.0765372968015,1.91240521104,0.152725203668,-0.0149130305129,-0.0787195639263,-0.00165619177856,-0.128833277102,-0.00762156870363,0.0541346175284,-0.0214385116146,0.573966680742,0.818864351499,0.00204209263749,0.0,0.818821456366,-0.573906773327,-0.0119659945437,0.0,-0.0086267216568,0.00854035586582,-0.999926318283,0.0,0.655834177417,0.253336169429,0.303368636583,1.0,-0.01536,-0.0201874285714,0.769
0.460653394418,0.514948443952,-0.12404700668,-1.40762137565,0.0764120377231,1.91317720158,0.152453973581,-0.011514858113,-0.0787733107981,-0.000447481509134,-0.133365091788,-0.00602442899688,0.0444069399962,-0.0097156100228,0.573964298516,0.818866032282,0.00203767117307,0.0,0.818823045062,-0.573904375801,-0.0119722685411,0.0,-0.00863442187436,0.00854031125705,-0.999926252202,0.0,0.655582422569,0.253024040802,0.303358007931,1.0,-0.01568,-0.020608,0.785
0.460468540261,0.513531558009,-0.12404460385,-1.40989639522,0.0762794736225,1.91395267024,0.152141809057,-0.00629123792424,-0.0775947917393,0.00398017256592,-0.128539085103,-0.00504005843838,0.048464585988,-0.0183712701927,0.573941755206,0.818881991698,0.00197286718146,0.0,0.818837944121,-0.573881898648,-0.0120305683034,0.0,-0.00871959084881,0.00852046804048,-0.999925682418,0.0,0.655287131905,0.252684187013,0.303335401994,1.0,-0.01602,-0.0210548571429,0.802
0.460267064957,0.512095390373,-0.124050628655,-1.41217954467,0.0761330578651,1.9147734684,0.15181751109,-0.0121798765649,-0.0917763459104,-0.000137338412921,-0.140049431212,-0.00827893964875,0.0506546657717,-0.0162376414443,0.573925335435,0.818893565406,0.00194545178886,0.0,0.818849170792,-0.57386560956,-0.0120434446134,0.0,-0.00874603981095,0.00850523332578,-0.999925581128,0.0,0.655005441671,0.252328698753,0.303326140588,1.0,-0.01636,-0.0215017142857,0.819
0.460096322636,0.510832193453,-0.124058780828,-1.41421295199,0.0760168916414,1.91554911172,0.151525455822,-0.00924810812837,-0.082468514307,-0.0018836262311,-0.140018670589,-0.0147153363811,0.0527145050821,-0.0178986301059,0.573906964231,0.818906428914,0.00195038227512,0.0,0.81886205397,-0.573847175863,-0.0120458384496,0.0,-0.00874536156294,0.00851044846459,-0.999925542687,0.0,0.654759978383,0.25202125671,0.30331039929,1.0,-0.01666,-0.021896,0.834
0.459880994032,0.509244440135,-0.124061710634,-1.41671369338,0.0758570126309,1.91647716212,0.151189427416,-0.0136172234472,-0.0855258495949,-0.000378453379677,-0.136775638021,-0.0101408308604,0.0554200728534,-0.0138441622218,0.573897198445,0.818913255417,0.00195770803959,0.0,0.818869010234,-0.573837412915,-0.0120380446298,0.0,-0.00873487637344,0.00851187041242,-0.999925622232,0.0,0.654453512957,0.25163989353,0.303311950738,1.0,-0.01702,-0.0223691428571,0.852
0.459678065,0.507731214945,-0.124067248735,-1.41910060689,0.0757066730287,1.91732594917,0.150846018282,-0.011730093598,-0.0873848181573,5.88051868654e-05,-0.140142467742,-0.00512508874966,0.050333862044,-0.0256955841597,0.573869093222,0.818933007589,0.0019338631308,0.0,0.818888415256,-0.573809379501,-0.0120543045261,0.0,-0.00876216775568,0.00850137460011,-0.999925472746,0.0,0.654152361315,0.251273940281,0.30330820002,1.0,-0.01736,-0.022816,0.869
0.459473933229,0.506262037242,-0.124074837944,-1.42139008413,0.0755593024479,1.91818419762,0.150543560421,-0.0103441703713,-0.0979711555866,-0.00210477308529,-0.138386132812,-0.0121386020207,0.0574644975566,-0.0186591625369,0.573872580113,0.818930503117,0.00195953075809,0.0,0.818886323485,-0.573812830516,-0.0120321089188,0.0,-0.00872922518432,0.00850969416568,-0.999925690105,0.0,0.653874940685,0.25091812789,0.303320369346,1.0,-0.01768,-0.0232365714286,0.885
0.459237565351,0.50454544401,-0.124078702932,-1.42399886091,0.0753969301815,1.91919626778,0.150184105124,-0.0145842598636,-0.101663051668,-0.00159393887072,-0.146290314022,-0.002310599053,0.0660971085158,-0.0162476388057,0.573865350477,0.818935327794,0.00205798784677,0.0,0.81889250441,-0.573805255065,-0.0119725679122,0.0,-0.00862404062587,0.00855607743393,-0.999926207008,0.0,0.653565245609,0.250516828047,0.30336608884,1.0,-0.01804,-0.0237097142857,0.903
0.459010559123,0.502876674915,-0.124079422623,-1.42647725604,0.0752355281202,1.92012407591,0.149839419309,-0.0100556221809,-0.104142819823,2.02957598179e-05,-0.145559121317,-0.0103127000721,0.0593207916389,-0.0155087129263,0.573852946229,0.818943771542,0.00215454355026,0.0,0.818902279866,-0.573792528406,-0.0119137431911,0.0,-0.00852058883854,0.00860126285714,-0.999926706236,0.0,0.653264522341,0.250132934642,0.303432308664,1.0,-0.01838,-0.0241565714286,0.92
0.458803052327,0.501364547569,-0.12409040707,-1.42873032508,0.0750835706986,1.92093035487,0.149501299128,-0.0172789832476,-0.10568537184,-0.00204694070579,-0.152953515155,-0.0108154026774,0.053562731084,-0.0237775184463,0.573827584851,0.818961412951,0.00220314845694,0.0,0.818920654549,-0.573767076638,-0.0118764565271,0.0,-0.00846242849667,0.00861940809225,-0.999927043893,0.0,0.652985522842,0.249773883613,0.303485605737,1.0,-0.01868,-0.0245508571429,0.935
0.458550368941,0.499562439337,-0.124089004443,-1.43148953531,0.0749138383131,1.92190986174,0.149131857687,-0.0119676893111,-0.101493526492,0.000402456328303,-0.156461527092,-0.00675578633819,0.0490484996089,-0.0219488717585,0.573825445087,0.81896285382,0.0022247550463,0.0,0.818922266209,-0.573764738445,-0.0118782879794,0.0,-0.00845155334345,0.00863813164174,-0.999926974298,0.0,0.652635161493,0.24934535209,0.303514451275,1.0,-0.01904,-0.025024,0.953
0.458298242389,0.497878343721,-0.124089416675,-1.43413471603,0.0747593506381,1.92289467748,0.148737516219,-0.0117322244891,-0.105006587464,0.000363202393187,-0.156563116493,-0.0067207219462,0.0559741516029,-0.0197230513401,0.573802093465,0.818979149437,0.00224882702387,0.0,0.818938759435,-0.573741175632,-0.0118793341545,0.0,-0.00843884479521,0.00865820511724,-0.99992690802,0.0,0.65230847288,0.248930940085,0.303515186963,1.0,-0.01938,-0.0254708571429,0.97
0.458061778907,0.496407048139,-0.124091889906,-1.43649148435,0.074607953464,1.92373285562,0.148386123458,-0.0170139910117,-0.0992711218308,0.00109133133253,-0.163990201613,-0.0167902496814,0.0591725557494,-0.0252383541206,0.573789268235,0.818988275413,0.00219711090626,0.0,0.818947146329,-0.573728491874,-0.011913691004,0.0,-0.00849679171203,0.00863543200884,-0.99992661423,0.0,0.651988143636,0.248523677324,0.303487834539,1.0,-0.0197,-0.0258914285714,0.986
0.457762402992,0.494527968875,-0.124092612987,-1.4395456966,0.0744178380052,1.92478922851,0.147955075441,-0.0124107653849,-0.0989899875108,-0.00360745284289,-0.155827101319,-0.00978352607925,0.0573358103333,-0.0262020749916,0.573782758743,0.818993080424,0.0021040171215,0.0,0.818950592107,-0.573722217761,-0.0119787910734,0.0,-0.0086035912776,0.00859647536476,-0.999926036679,0.0,0.651616712212,0.248055965654,0.303438600707,1.0,-0.020736,-0.0272530285714,1.004
0.457491698311,0.492616374727,-0.124148554575,-1.44255081769,0.0742333794239,1.92590312416,0.147525552242,-0.0125984119767,-0.124823340733,0.000692943114016,-0.185072503046,-0.0134260838734,0.0723743478148,-0.0260644027063,0.57379407554,0.818985140344,0.00210847622877,0.0,0.818942897925,-0.573733702388,-0.0119547305799,0.0,-0.00858120804348,0.00858644053001,-0.999926315239,0.0,0.651249224983,0.247561587203,0.303437313177,1.0,-0.02502,-0.0328834285714,1.021
0.457199219494,0.490654718885,-0.124162335043,-1.44568617822,0.0740501576927,1.92704844533,0.14706209844,-0.0239323792003,-0.139700297583,-0.000489741745934,-0.214075863283,-0.011294009727,0.0776189197868,-0.0361799715296,0.57377138498,0.819001093579,0.00208647918628,0.0,0.818958432783,-0.573710974647,-0.0119812288196,0.0,-0.00861576937836,0.00858339123487,-0.999926044222,0.0,0.650851880953,0.247065467391,0.303409520945,1.0,-0.0288,-0.0378514285714,1.036
0.456789051664,0.488092758297,-0.124176722178,-1.44980816654,0.0738097452814,1.92852376747,0.146486918625,-0.0308023200082,-0.165523400782,-0.00259123878104,-0.255874778245,-0.0134041544683,0.093160564988,-0.0382263129666,0.573786717171,0.818990520648,0.0020192048204,0.0,0.818946733246,-0.573726343319,-0.0120448324676,0.0,-0.00870630023902,0.00856495097376,-0.999925418194,0.0,0.650325812811,0.246396865604,0.303357134385,1.0,-0.033084,-0.0434818285714,1.053
0.456267467566,0.484714717911,-0.124227744144,-1.45498230512,0.0734835406421,1.93050695893,0.145698907276,-0.0335159351234,-0.185637632423,-0.00268529169822,-0.28697188233,-0.0111343034417,0.104745103403,-0.0462177277909,0.573774313699,0.818998895016,0.00214331595625,0.0,0.818956958464,-0.573713650666,-0.011953833067,0.0,-0.00856069127111,0.00861425173169,-0.999926251897,0.0,0.649733518411,0.245592500295,0.303399520459,1.0,-0.03762,-0.0494434285714,1.071
0.455786036903,0.481756446023,-0.124276063132,-1.45961303574,0.0732137855479,1.93208048119,0.145002451071,-0.0357376551866,-0.205773808103,-0.00137515014717,-0.317775214048,-0.019450479331,0.108288587136,-0.0335420889789,0.573781497272,0.818994044076,0.00207269353349,0.0,0.818950986472,-0.573720927729,-0.0120135649942,0.0,-0.00865005706184,0.00859076112261,-0.999925684907,0.0,0.649057352914,0.244701326404,0.303393490713,1.0,-0.041904,-0.0550738285714,1.088
0.455202465639,0.478043889777,-0.12434275637,-1.46539493046,0.0728579825106,1.93416052705,0.144152679134,-0.0333675518187,-0.22501136229,-0.000412850396064,-0.345397934812,-0.0241243079595,0.125072806402,-0.0446905730582,0.573800882373,0.818980435048,0.00208357790708,0.0,0.818937553833,-0.573740298692,-0.0120041442989,0.0,-0.00863589297725,0.00859447425555,-0.999925775428,0.0,0.648366552515,0.243784962689,0.303402903607,1.0,-0.045936,-0.0603730285714,1.104
0.454517967338,0.473956269019,-0.124383064057,-1.47163832542,0.0724841169006,1.93646104062,0.143257362184,-0.0386798450881,-0.247146956027,-0.00421931296349,-0.38340411792,-0.0218494897921,0.130487081429,-0.0620064859312,0.573857798004,0.818940227154,0.00220882777214,0.0,0.818898889395,-0.57379659806,-0.0119507281781,0.0,-0.0085196782177,0.00866699203276,-0.999926146439,0.0,0.647585603369,0.242728651016,0.303460558313,1.0,-0.05022,-0.0660034285714,1.121
0.453827199735,0.469813962065,-0.124412547986,-1.47798026484,0.0720946969403,1.93871427406,0.142291481977,-0.0434099323569,-0.275227079672,-0.00112059197376,-0.403304976533,-0.0294769095642,0.15399417733,-0.0634466507885,0.573851088907,0.818944791652,0.00225895711897,0.0,0.818903897283,-0.573789471532,-0.0119497395385,0.0,-0.00849017460733,0.00870740747942,-0.99992604626,0.0,0.646765039514,0.241659277975,0.303500723146,1.0,-0.054252,-0.0713026285714,1.137
0.45298463711,0.464764860999,-0.12443454962,-1.48560348595,0.0715910198018,1.94153153213,0.141057214865,-0.0528505267015,-0.289666029533,-0.00165273280846,-0.443525701411,-0.0275631438911,0.15245851587,-0.0763108409373,0.573769272001,0.819001560555,0.00245218638388,0.0,0.818963359369,-0.573707090393,-0.0118295116521,0.0,-0.00828171123684,0.00879583043446,-0.99992702065,0.0,0.645794720424,0.240377631612,0.303600597261,1.0,-0.058788,-0.0772642285714,1.155
0.452101409578,0.459672243764,-0.124453231283,-1.49346894454,0.0710875283001,1.94422468513,0.139898802069,-0.0562975185081,-0.308763523385,-0.00134863791038,-0.47560258555,-0.0301204072242,0.161914701654,-0.070507816723,0.573786685162,0.818989551024,0.00238791663543,0.0,0.818950146576,-0.573724363335,-0.0119062689549,0.0,-0.00838126527972,0.00878741245981,-0.999926265169,0.0,0.644738379888,0.23903762027,0.303598637437,1.0,-0.063072,-0.0828946285714,1.172
0.451278331409,0.454972842553,-0.124491396307,-1.50080132487,0.0705868171032,1.94678412218,0.138768992599,-0.0568045559705,-0.320813379973,-0.00129419103705,-0.499492564558,-0.0234281652319,0.172156465215,-0.0749713827064,0.573770026187,0.819001428347,0.00231609931583,0.0,0.818961141614,-0.573708047509,-0.0119361488894,0.0,-0.00844712080635,0.00874556817994,-0.999926077861,0.0,0.643695062446,0.237688627529,0.303569907566,1.0,-0.067104,-0.0881938285714,1.188
0.450204767334,0.448865304209,-0.124532827666,-1.50985591527,0.0699732041554,1.95021779609,0.137311259508,-0.061377047863,-0.338990699105,-0.000823379884379,-0.513918243843,-0.0351067019813,0.194827298767,-0.0794067496174,0.573723862731,0.819032620494,0.00269124541827,0.0,0.818997735029,-0.573661040336,-0.0116819398948,0.0,-0.00802418168842,0.00890650306039,-0.999928140774,0.0,0.642609813943,0.236208279889,0.303743379234,1.0,-0.071388,-0.0938242285714,1.205
0.449115622788,0.442873577026,-0.124559443869,-1.5191013843,0.0693627623058,1.95335873411,0.13592620947,-0.0645855558234,-0.35622374891,-0.000273140628746,-0.554023846079,-0.0413026252438,0.182269330481,-0.0835861756165,0.573747205904,0.819016583313,0.00259362235174,0.0,0.818980067457,-0.573684332586,-0.0117763557599,0.0,-0.00815726720323,0.00888094720734,-0.999927291241,0.0,0.641336238271,0.234600466696,0.303719639366,1.0,-0.075672,-0.0994546285714,1.222
0.448025448014,0.436972133359,-0.124586098626,-1.5283021995,0.068738947924,1.95643947723,0.134431678186,-0.070918803675,-0.374848899643,-0.000845871979509,-0.574127216603,-0.0387304367531,0.192892136959,-0.0867782808024,0.573668892558,0.819072025957,0.00240102220035,0.0,0.819032627382,-0.573606361168,-0.0119182469867,0.0,-0.00838482253167,0.00880381257194,-0.999926091086,0.0,0.640045318292,0.232993085405,0.303642025965,1.0,-0.079704,-0.104753828571,1.238
0.446769230696,0.430310826395,-0.124610015943,-1.53822818409,0.068045446328,1.96008363173,0.1328112376,-0.0749582499454,-0.392775782136,0.000159157158077,-0.598696044032,-0.0484388837849,0.212785249498,-0.0915152439011,0.573627485147,0.819100106697,0.00269636695235,0.0,0.81906493482,-0.573564265482,-0.0117223210896,0.0,-0.00805536981555,0.00893291717512,-0.999927654387,0.0,0.6387265594,0.231234882452,0.303775934143,1.0,-0.083988,-0.110384228571,1.255
0.445402351318,0.423444873676,-0.12468393757,-1.54878853531,0.0672872881679,1.96364840808,0.131079857241,-0.0825486184679,-0.418017068169,-0.00453734470834,-0.627298852673,-0.0455949151293,0.214012507841,-0.110260493535,0.573622040187,0.819104387153,0.0025504626976,0.0,0.819067424771,-0.573559466294,-0.0117830049026,0.0,-0.00818882664622,0.00884816258002,-0.999927323928,0.0,0.637253724893,0.229294898323,0.303731756192,1.0,-0.088272,-0.116014628571,1.272
0.444032206045,0.416665854803,-0.124792170074,-1.55906139302,0.0665479551282,1.96715754457,0.129443347135,-0.0867288752254,-0.429726934877,-0.00541470902483,-0.640351383441,-0.049635600833,0.23438630518,-0.0997389644395,0.57370740761,0.81904468615,0.00252179383918,0.0,0.81900768212,-0.57364528566,-0.0117579662205,0.0,-0.00818384216993,0.0088111704885,-0.999927691387,0.0,0.63582957671,0.227368472601,0.303749638446,1.0,-0.092304,-0.121313828571,1.288
0.442390572948,0.408759888878,-0.124837291437,-1.57099101261,0.0657545394398,1.97131879748,0.127419755005,-0.0906436823641,-0.443076985599,-0.000187923645078,-0.684405472818,-0.0428154370486,0.229243307766,-0.108182313275,0.573698109412,0.819050818672,0.00264245924123,0.0,0.819015026901,-0.573635162463,-0.0117402298494,0.0,-0.0081001932872,0.00889973284263,-0.99992758819,0.0,0.634161035796,0.225168457331,0.30378426763,1.0,-0.09684,-0.127275428571,1.306
0.440707101693,0.401081542499,-0.124937699221,-1.58275031925,0.0649295116233,1.97522306611,0.125451410635,-0.105325273732,-0.457428353053,-0.00402668800886,-0.68384753816,-0.0554093082392,0.242182785317,-0.124195989763,0.573780535524,0.818993607245,0.00247290234155,0.0,0.818955379492,-0.573717958447,-0.0118548495769,0.0,-0.00829045715248,0.00882744857008,-0.999926669547,0.0,0.63247649395,0.22291164467,0.303711116409,1.0,-0.101124,-0.132905828571,1.323
0.43916332974,0.393936975966,-0.124997578242,-1.59323695735,0.0641398362082,1.97898410521,0.123656545756,-0.103887980897,-0.471185554992,-0.00553343722501,-0.71565018225,-0.0539503241023,0.249053453458,-0.126282446469,0.573809620369,0.818972255069,0.00277703081906,0.0,0.818938711585,-0.573746748812,-0.011610417573,0.0,-0.00791544985518,0.00893655939733,-0.999928739241,0.0,0.63091736143,0.220766493887,0.303855742696,1.0,-0.105156,-0.138205028571,1.339
0.437093219647,0.38475801089,-0.125043753583,-1.60726576417,0.0630853022813,1.98348961564,0.121199946398,-0.11198018835,-0.491540855302,-0.00203313207728,-0.741846892272,-0.0550344484678,0.226990820398,-0.128189364725,0.573763219465,0.819005790511,0.0024556059213,0.0,0.818967692705,-0.573701088213,-0.0118206002346,0.0,-0.0082725155217,0.00879345686345,-0.999927117646,0.0,0.628923940855,0.218217559987,0.303729537366,1.0,-0.109692,-0.144166628571,1.357
0.435273056539,0.376663686058,-0.125101262747,-1.6191738084,0.0622232939402,1.98755738857,0.119091998609,-0.111533204703,-0.498242638167,-0.00445209051614,-0.757435552832,-0.0475515677006,0.256812543415,-0.131698389617,0.573771199991,0.818999580489,0.00265407622446,0.0,0.818964070878,-0.573708346438,-0.0117188199449,0.0,-0.00807519840922,0.00889768575948,-0.999927808574,0.0,0.627187237005,0.215915130079,0.303828512037,1.0,-0.113724,-0.149465828571,1.373
0.433294869522,0.368419967106,-0.125172928897,-1.6315869279,0.0612661591789,1.99157741351,0.116910890903,-0.124165242495,-0.516104148549,-0.00275851192987,-0.803575902442,-0.0601369321049,0.241532079446,-0.130345878149,0.573835227072,0.818955242785,0.00248784788752,0.0,0.818917558551,-0.573772958772,-0.0118055487067,0.0,-0.00824091482706,0.0088119516983,-0.999927215766,0.0,0.62532170897,0.213441780087,0.303767732468,1.0,-0.117756,-0.154765028571,1.389
0.431142146398,0.359331874793,-0.125293890294,-1.64490385661,0.060200361263,1.99601648607,0.114481137429,-0.127613681847,-0.534063523577,-0.00473569072912,-0.797426439694,-0.0691931176125,0.263186028008,-0.149856277986,0.573862120837,0.818936066167,0.00259474474494,0.0,0.81890049126,-0.573800239732,-0.0116626411897,0.0,-0.00806224756359,0.00881775552314,-0.999928621128,0.0,0.623337539017,0.210758404476,0.303855354013,1.0,-0.12204,-0.160395428571,1.406
