position_joint1,position_joint2,position_joint3,position_joint4,position_joint5,position_joint6,position_joint7,velocity_joint1,velocity_joint2,velocity_joint3,velocity_joint4,velocity_joint5,velocity_joint6,velocity_joint7,ee_T_00,ee_T_10,ee_T_20,ee_T_30,ee_T_01,ee_T_11,ee_T_21,ee_T_31,ee_T_02,ee_T_12,ee_T_22,ee_T_32,ee_T_03,ee_T_13,ee_T_23,ee_T_33,v_x,v_y,time
0.465057791158,0.547785974754,-0.123984261921,-1.35583545156,0.079586489543,1.8941037958,0.15915561545,-0.00032773334162,-2.30806375214e-05,-0.00203367624894,-0.000432037753923,6.37738623424e-05,0.000310731160113,-3.4898219629e-05,0.57383594807,0.818956100019,0.00198943324176,0.0,0.818912652506,-0.573776410146,-0.0119768788345,0.0,-0.00866721498773,0.00850209936565,-0.999926294129,0.0,0.661675350778,0.260896307896,0.303210122463,1.0,0.0,0.0,0.0
0.465059551637,0.547786413788,-0.123988897575,-1.3558355307,0.0795859975002,1.89410323762,0.15914860047,0.000762986464468,-7.96379197307e-05,-0.00131274739618,0.000506080053419,-0.000303353190802,0.000252661784061,-0.00214518398852,0.573831871201,0.818958962065,0.00198719603573,0.0,0.818915512026,-0.57377236935,-0.0119749419389,0.0,-0.00866695470905,0.00849911263369,-0.999926321776,0.0,0.661675842565,0.260894656943,0.30320987783,1.0,-0.00018,-0.000236571428571,0.01
0.465059918417,0.54778135968,-0.123981184429,-1.35583635009,0.0795873274065,1.8941027239,0.159151767116,-0.00206425598637,-0.000638623960787,0.00122721712062,-0.00188491985174,0.000485504349401,0.0038574322991,0.00140644069032,0.57382915969,0.818960847488,0.00199315633495,0.0,0.818917422548,-0.573769581426,-0.0119778703749,0.0,-0.00866596124389,0.00850564550066,-0.999926274837,0.0,0.661673744733,0.26089951408,0.303212770769,1.0,-0.00056,-0.000736,0.029
0.465056712769,0.547770821387,-0.123984952636,-1.35584852365,0.0795828965435,1.89410264036,0.159161611808,0.000788290433385,-0.00289908063335,8.14876943654e-06,0.000976942297269,0.000348326753523,-0.000262281271579,0.00112681643196,0.573841950901,0.818951895276,0.0019888469026,0.0,0.818908462375,-0.573782436536,-0.0119746680814,0.0,-0.00866567854004,0.00850041411144,-0.999926321773,0.0,0.661673166361,0.260893181484,0.303214551453,1.0,-0.0008,-0.00105142857143,0.041
0.465053484576,0.547687186937,-0.1239849517,-1.35595363694,0.0795838575663,1.89412221974,0.159152976054,-0.00057571576564,-0.00713390032436,-0.000953457630521,-0.0120923558051,0.000548837499723,0.00131517567178,0.000440894859361,0.573843504668,0.818950797869,0.00199241571934,0.0,0.818907318924,-0.573783884223,-0.0119834936529,0.0,-0.00867084259849,0.00850841762428,-0.999926208937,0.0,0.66165597307,0.260881152744,0.303225472143,1.0,-0.0012,-0.00157714285714,0.061
0.465053189092,0.547578177359,-0.123982167644,-1.3561012111,0.0795838575115,1.89414755092,0.159151643808,-0.000179912716682,-0.00909239439804,-0.00123686635856,-0.0136488839349,-0.000154303131135,0.00107599229298,-0.000474331243247,0.573848750783,0.818947132373,0.00198809062489,0.0,0.818903461572,-0.573789015174,-0.0120013996123,0.0,-0.00868793450489,0.00851520641392,-0.999926002789,0.0,0.661629508319,0.260868200567,0.303234562836,1.0,-0.00148,-0.00194514285714,0.075
0.465035333336,0.547399070738,-0.123987170725,-1.35634557287,0.079581343061,1.89423413984,0.1591420541,0.000488990083291,-0.0108168556005,-0.000807119648297,-0.0112309839439,0.000275412871244,0.011875815406,-0.000246338034831,0.57387197795,0.818930797382,0.00201219406026,0.0,0.818887352863,-0.573812050656,-0.0119991976575,0.0,-0.00867205826955,0.00853392786552,-0.999925981001,0.0,0.661601430355,0.260832313705,0.303252810685,1.0,-0.00188,-0.00247085714286,0.095
0.465018425195,0.547246723641,-0.123982766681,-1.35652903228,0.0795763691932,1.89433501485,0.15913796583,-0.000749948637724,-0.0133389227578,6.12664519395e-05,-0.0117953429676,0.00035108630639,0.0126617089251,0.000390164841259,0.573888527672,0.818919042144,0.00207536060457,0.0,0.818876396419,-0.573828308364,-0.0119694113955,0.0,-0.00861124404324,0.00856873667076,-0.999926208891,0.0,0.661587189107,0.260809956672,0.303282009392,1.0,-0.00216,-0.00283885714286,0.109
0.464995639295,0.547013983427,-0.123979297317,-1.35681969295,0.0795730811028,1.89448768956,0.15911477286,-0.000100865628228,-0.00767293781679,0.000649811756751,-0.0122437594106,-0.000145779630357,0.00496116873606,-0.00241523764196,0.573901406948,0.818909787124,0.00216392165606,0.0,0.818868220798,-0.573840746138,-0.0119323903874,0.0,-0.00852996908265,0.00862014827259,-0.999926463632,0.0,0.66156246188,0.26077529465,0.303321653784,1.0,-0.00256,-0.00336457142857,0.129
0.464970078339,0.546827328069,-0.123979901786,-1.35708323088,0.0795705793071,1.8945963418,0.159107853487,-0.00125251990065,-0.0189475943003,0.000451546305394,-0.0201188456513,0.000390035710402,0.0037867466343,-0.00127325723954,0.573931233893,0.818888792972,0.00219781890683,0.0,0.818847571466,-0.573870333504,-0.0119265221122,0.0,-0.00850539598303,0.00864484866643,-0.999926459711,0.0,0.661535552234,0.260736179755,0.303337869774,1.0,-0.00282,-0.00370628571429,0.142
0.464932751465,0.5465085152,-0.123985359717,-1.35757139094,0.0795570800456,1.89476453807,0.159025079403,0.000532641559926,-0.0174450537263,-0.000633809877898,-0.0253010518737,2.26907927012e-05,0.0064897991507,-0.00706228005598,0.573921489272,0.818895603285,0.00220498840648,0.0,0.818854338052,-0.573860421582,-0.011938864957,0.0,-0.00851149231756,0.00865770216592,-0.99992629663,0.0,0.661477242383,0.260663798979,0.303346066397,1.0,-0.00324,-0.00425828571429,0.163
0.464896155698,0.546284091774,-0.12398286151,-1.35792845267,0.0795460592785,1.89488982274,0.158916482989,-0.00624640558288,-0.016947487866,-0.00322575399596,-0.0276298898086,-0.000215937715895,0.00324791196303,-0.00548293450385,0.573877806654,0.818926214007,0.0022058882007,0.0,0.818884835321,-0.573816613514,-0.0119527167615,0.0,-0.00852278187741,0.00866593412068,-0.999926129159,0.0,0.661435780313,0.260608318868,0.303345816959,1.0,-0.0035,-0.0046,0.176
0.464838069333,0.54591675237,-0.123977807699,-1.35854695583,0.0795270812401,1.89510495453,0.158893000949,-0.000312337464181,-0.0205662573751,0.000620049327498,-0.0367136642902,-0.000651788465243,0.00801368782828,-0.00356974285644,0.573932137516,0.818888193011,0.00218535452242,0.0,0.818846332409,-0.573870804543,-0.0119887653106,0.0,-0.00856351207781,0.00867037416818,-0.999925742679,0.0,0.661361406584,0.260515754195,0.303330015228,1.0,-0.0039,-0.00512571428571,0.196
0.464783825885,0.545632605443,-0.123985372688,-1.35903158952,0.0794978173681,1.89527037933,0.158832569717,-0.000338410040654,-0.0232945271214,0.00151198762872,-0.0362195331212,0.000354540544974,0.00591290531798,-0.00221142872449,0.573951642866,0.818874607183,0.00215319870404,0.0,0.818832337148,-0.573890451117,-0.0120041933976,0.0,-0.00859439444616,0.00865310184806,-0.999925627341,0.0,0.66130808257,0.260428187107,0.303315085158,1.0,-0.00418,-0.00549371428571,0.21
0.464704820736,0.545175890324,-0.123983578587,-1.35982345326,0.0794164031201,1.8955323247,0.158717229572,-0.00105483453143,-0.0258414342115,-0.000664319127111,-0.0409846208637,-0.002626495726,0.0129378336687,-0.00746590635378,0.573943117319,0.818880791187,0.00207239178879,0.0,0.818837699993,-0.57388249922,-0.0120185298853,0.0,-0.00865260047161,0.0085950705155,-0.999925625868,0.0,0.661215118011,0.26029356765,0.303284043874,1.0,-0.00458,-0.00601942857143,0.23
0.464647144717,0.544845481262,-0.123991362669,-1.36036262413,0.079400709462,1.89571721569,0.158642344252,-0.00464395805424,-0.0214066570651,-0.000578069653615,-0.0436516367837,-0.00571660520284,0.0115789984767,-0.00215172265042,0.573960334062,0.818868756571,0.00205945043643,0.0,0.818825354799,-0.573899628201,-0.0120416771889,0.0,-0.00867880248074,0.0085979408333,-0.999925374116,0.0,0.661154427063,0.260201267237,0.303277577626,1.0,-0.00484,-0.00636114285714,0.243
0.46456678995,0.544328227503,-0.123991750021,-1.36123402009,0.0793681638541,1.89602342412,0.158565592979,-0.00285757814734,-0.0285477663953,-0.00101975047796,-0.0447857767285,0.000199876765181,0.0124727710277,0.000129362904635,0.574003486484,0.818838586297,0.00202829874471,0.0,0.818794561417,-0.573942695403,-0.0120828593241,0.0,-0.00872995227742,0.00859652886968,-0.999924940995,0.0,0.661051518112,0.260066780468,0.303255454933,1.0,-0.00524,-0.00688685714286,0.263
0.464517751455,0.543905488624,-0.123995023315,-1.36190913231,0.0793364260555,1.89627102435,0.158464386905,0.000155344062515,-0.0304793234307,-0.000575306110501,-0.0543027391583,-0.000790841438037,0.0181915582064,-0.00670267785032,0.573992261738,0.818846455195,0.00202809774617,0.0,0.81880234962,-0.57393139609,-0.0120918046475,0.0,-0.00873751062579,0.00860137910113,-0.999924833268,0.0,0.660971962266,0.259969546664,0.303254823017,1.0,-0.00552,-0.00725485714286,0.277
0.464420557987,0.543286956104,-0.124000606988,-1.36290829631,0.0792801453551,1.89661117451,0.158353548626,-0.00258200236012,-0.0347939603579,-0.00107521217731,-0.0502572845594,-0.00496131677655,0.0112807172071,-0.0024050139058,0.574025502541,0.818823235777,0.00199446385953,0.0,0.818778627533,-0.573964717575,-0.0121164753515,0.0,-0.00877666864574,0.00858835558669,-0.999924602275,0.0,0.660855721766,0.259805561673,0.30324650309,1.0,-0.00592,-0.00778057142857,0.297
0.464367671264,0.542868490608,-0.12399978457,-1.36358563677,0.0792463175201,1.89686007561,0.158254195006,-0.00244380192818,-0.0335248002285,0.000788033702723,-0.0543742211559,-0.00636254609418,0.0181758991943,-0.0088071019978,0.574015583843,0.818830200969,0.00198956969734,0.0,0.818785446576,-0.573954741306,-0.0121282442907,0.0,-0.00878921896867,0.00859099734394,-0.999924469345,0.0,0.660775778395,0.259707594508,0.303241666124,1.0,-0.00618,-0.00812228571429,0.31
0.464276176163,0.542136101305,-0.124001653842,-1.36472654998,0.0791854615073,1.89727210298,0.158108664858,-0.00585012065495,-0.0349843209471,-0.00511778932289,-0.0549276337722,6.65772460288e-05,0.0163205735839,0.00100993726467,0.574019794003,0.818827232657,0.0019965101062,0.0,0.818782480191,-0.573958833467,-0.0121348473022,0.0,-0.00879059806987,0.00860051563172,-0.999924375399,0.0,0.660641821166,0.259538355407,0.303252362926,1.0,-0.0066,-0.00867428571429,0.331
0.464221658272,0.541684825049,-0.124007384355,-1.36540453853,0.0791432076878,1.89751978061,0.158035554941,-0.000370626713392,-0.0367074829487,-0.000868688501991,-0.0570950887536,-0.0124662168985,0.0217000972964,-0.0128121122103,0.574034923236,0.818816587547,0.00201240255808,0.0,0.818772079106,-0.573973926342,-0.0121227578455,0.0,-0.00877141749007,0.00860675110237,-0.999924490184,0.0,0.660564537852,0.25943443559,0.303270395729,1.0,-0.00684,-0.00898971428571,0.343
0.46411582717,0.540855571973,-0.123997192797,-1.36666421465,0.0790716555758,1.89799364803,0.157855160166,-0.00038284095208,-0.0425232292807,0.0022016236495,-0.063762575863,-0.00548667178335,0.0213192211123,-0.00322402471852,0.57401754019,0.81882866941,0.00205441180714,0.0,0.818784621652,-0.573956274754,-0.0121113549066,0.0,-0.00873815031177,0.00863441718539,-0.999924542938,0.0,0.660419238982,0.259252379564,0.3032977943,1.0,-0.00726,-0.00954171428571,0.364
0.46404175567,0.540312984738,-0.124002745578,-1.36749072821,0.0790172749283,1.89829490679,0.157745308814,-0.00563920823863,-0.0396153500305,0.00073708109009,-0.06592168879,-0.0135053419405,0.0250838140989,-0.00813435439949,0.574023361285,0.818824560435,0.00206563057265,0.0,0.818780717392,-0.573962103834,-0.0120990533389,0.0,-0.00872157628006,0.0086366040295,-0.999924668752,0.0,0.660326201671,0.259120902517,0.303314168416,1.0,-0.00752,-0.00988342857143,0.377
0.463916368037,0.539392000848,-0.124008333415,-1.36891935221,0.0789376496795,1.89883812377,0.157569268801,-0.00327627368617,-0.0397653124998,0.00070200708146,-0.0749920501289,-0.00298637390251,0.0297734046623,-0.0143472155775,0.574043706683,0.818810217143,0.00209714584167,0.0,0.818766765963,-0.57398229078,-0.0120855171818,0.0,-0.00869218772517,0.00865485503154,-0.999924766848,0.0,0.660166742072,0.258901353407,0.303332245923,1.0,-0.00794,-0.0104354285714,0.398
0.463830108133,0.538811834491,-0.124011956719,-1.3698097144,0.0788849209448,1.89918030367,0.157470284939,-0.0056678935162,-0.0470008672927,-0.000713430851219,-0.0685996671276,-0.000351935835845,0.0293057532259,-0.0112255212372,0.574071023568,0.818790998006,0.00212329582418,0.0,0.818747913355,-0.574009517008,-0.0120696172937,0.0,-0.0086638687853,0.00866742845423,-0.999924903711,0.0,0.660070373462,0.258758921095,0.303348094842,1.0,-0.0082,-0.0107771428571,0.411
0.463700149463,0.53789647846,-0.124022229096,-1.37124774336,0.0787979070718,1.89973459926,0.157287231341,-0.00637843664529,-0.0479287268866,-0.000110569433156,-0.0717338193739,-0.000205189187523,0.0312928207018,-0.00535249903282,0.574091039813,0.818776904685,0.00214598767702,0.0,0.81873418915,-0.574029507216,-0.0120498657268,0.0,-0.00863445775301,0.00867488044372,-0.999925093489,0.0,0.659912874855,0.258532031831,0.303358517906,1.0,-0.0086,-0.0113028571429,0.431
0.463611774028,0.537224283961,-0.124019404815,-1.37229008866,0.0787374378642,1.90011573499,0.157164016567,-0.00968679188113,-0.0542054825545,-0.00363797884415,-0.0773421460102,-0.00547757448726,0.0256877718049,-0.00530577087761,0.574101765855,0.818769354393,0.00215723186595,0.0,0.818726734227,-0.574040132594,-0.0120502172471,0.0,-0.00862817704847,0.00868440160271,-0.999925065057,0.0,0.659790593251,0.258376527018,0.303369974596,1.0,-0.00888,-0.0116708571429,0.445
0.463472700307,0.53623468179,-0.124031823262,-1.37384645829,0.0786532739367,1.9007030581,0.156977880975,-0.0101902591999,-0.0483626677069,-0.000497056330125,-0.0765327790204,-0.00174963438925,0.0266506358418,-0.0152855027022,0.574135203312,0.818745858763,0.00217577052169,0.0,0.818703455971,-0.574073462692,-0.012043982517,0.0,-0.00861207450051,0.00869635262832,-0.999925100007,0.0,0.65961622689,0.25813203884,0.303379099986,1.0,-0.00928,-0.0121965714286,0.465
0.463389134505,0.535567614935,-0.124035729549,-1.37490508072,0.0785890928851,1.90108169735,0.156844632883,-0.00717396058998,-0.0559044001249,-0.000338691370175,-0.0841745798364,-0.00251573418023,0.029246762522,-0.00349212403931,0.574138186889,0.818743798892,0.00216356938331,0.0,0.818701224291,-0.574076484737,-0.0120516354982,0.0,-0.00862531358864,0.00869078838155,-0.999925034271,0.0,0.659489555761,0.257973057326,0.303378943806,1.0,-0.00954,-0.0125382857143,0.478
0.463232267584,0.534457412361,-0.124038629458,-1.37670739148,0.0784994791611,1.90173612232,0.156619642077,-0.00422505866045,-0.0571380061388,0.00151319945862,-0.0907027368423,-0.00303890476413,0.0362597804806,-0.00446195427563,0.57415936143,0.818729011722,0.00214008147249,0.0,0.818685921377,-0.574097546452,-0.0120878533147,0.0,-0.00866822756588,0.00869257607139,-0.999924647637,0.0,0.659276547391,0.257698460094,0.303361250904,1.0,-0.00996,-0.0130902857143,0.499
0.463130737107,0.53376819672,-0.124039579763,-1.37782826353,0.0784326805432,1.90214723973,0.156476768093,-0.0111697571809,-0.0498212119283,0.000895742328377,-0.0842260596819,-0.00746098527809,0.0356990354015,-0.0138632389951,0.57416969007,0.818721815709,0.00212188309125,0.0,0.818678458343,-0.574107922678,-0.0121004902457,0.0,-0.00868891273972,0.00868504192595,-0.999924533573,0.0,0.659146020052,0.257524057614,0.303349554282,1.0,-0.01022,-0.013432,0.512
0.462977602283,0.532652022652,-0.124042870351,-1.37961503514,0.0783301770681,1.90282416242,0.156258435943,-0.00295297026795,-0.0610453776709,0.000456183022055,-0.0924770191692,-0.00251250117062,0.034694259404,-0.0103632265255,0.574188999597,0.818708259312,0.00212738767891,0.0,0.818664938387,-0.57412717052,-0.0121019679456,0.0,-0.00868675728928,0.00869060189192,-0.999924503993,0.0,0.658940205885,0.257253111635,0.303344959921,1.0,-0.01062,-0.0139577142857,0.532
0.462873964421,0.531908966306,-0.124038818166,-1.38080869033,0.0782630118315,1.90325812,0.156107372247,-0.0063618617431,-0.061129907287,0.000925141590211,-0.0928696033869,-0.0051609728121,0.0313417555765,-0.00978716840096,0.574194433282,0.818704477109,0.0021163297266,0.0,0.818660914329,-0.574132554024,-0.0121187730508,0.0,-0.00870680759567,0.00869125578657,-0.999924323924,0.0,0.658797526807,0.25707382202,0.303338114561,1.0,-0.01088,-0.0142994285714,0.545
0.462713724029,0.530664752016,-0.124045279425,-1.38281655263,0.0781437041096,1.90396631575,0.15584743165,-0.00550368768311,-0.0576083363038,-0.000431763828489,-0.0926850719681,-0.00958038433598,0.038371837129,-0.0109699620195,0.574194531318,0.818704530484,0.00206854330186,0.0,0.818660263567,-0.574132781886,-0.0121518937358,0.0,-0.00876136061845,0.00867115207951,-0.999924021955,0.0,0.658552221405,0.256771274513,0.303320847746,1.0,-0.0113,-0.0148514285714,0.566
0.462603318083,0.529878706793,-0.124040988151,-1.38407031478,0.0780655699888,1.90441745897,0.155680167831,-0.0110357696972,-0.0601405315531,0.00111987096523,-0.0985643090333,-0.0089198802433,0.0373471432233,-0.00935943499811,0.574192044099,0.818706311413,0.00205403176206,0.0,0.818661812707,-0.574130317499,-0.0121639568464,0.0,-0.00877959536861,0.0086661714623,-0.999923905193,0.0,0.658401673394,0.256580542203,0.303316811404,1.0,-0.01156,-0.0151931428571,0.579
0.46243971825,0.528609628234,-0.124041076186,-1.38605336671,0.0779441763261,1.90517643803,0.15540510553,-0.00864084645271,-0.0635078722977,0.00104829420451,-0.0999760981339,-0.00695553981498,0.0381940957948,-0.0082877192006,0.574175971834,0.818717491819,0.00209018173474,0.0,0.818673491904,-0.574114113987,-0.0121426799154,0.0,-0.00874158991226,0.00868337860252,-0.99992408889,0.0,0.658171375134,0.256285913223,0.303332468442,1.0,-0.01196,-0.0157188571429,0.599
0.462336973502,0.527770039398,-0.124041868331,-1.38735536517,0.0778571674986,1.90568016682,0.155218803279,-0.00688917127559,-0.0620406980371,0.000379791636279,-0.103961452343,-0.00334852738735,0.0335927043193,-0.0181302284671,0.574155312562,0.818731903988,0.00211975236248,0.0,0.818688386694,-0.574093424254,-0.0121166258553,0.0,-0.00870349983338,0.00869240910276,-0.999924342695,0.0,0.658020421552,0.256094410956,0.303347503075,1.0,-0.01222,-0.0160605714286,0.612
0.46214889531,0.526329031437,-0.124046769366,-1.38956606659,0.0777167310849,1.90652049766,0.154922865627,-0.00532636978347,-0.0716123020841,0.000295983401884,-0.107619388592,-0.0118593051376,0.0369542809925,-0.0187343435024,0.574152171449,0.818733963414,0.00217441360544,0.0,0.818691256747,-0.574090145608,-0.0120779858488,0.0,-0.00864051415734,0.00871494299878,-0.999924692806,0.0,0.657764754936,0.25575862925,0.303382351233,1.0,-0.01264,-0.0166125714286,0.633
0.462028303541,0.525437756721,-0.124051842618,-1.39098096663,0.0776308406126,1.90701727085,0.154743172295,-0.0124996555422,-0.0676091794988,-0.000566328115949,-0.106474016802,-0.00639261479672,0.0333059560361,-0.0126380838161,0.574160345141,0.818728294195,0.00215064007005,0.0,0.818685237878,-0.574098380488,-0.0120945319534,0.0,-0.00866762341267,0.0087050655175,-0.999924544223,0.0,0.657591922874,0.255539953452,0.303379129874,1.0,-0.0129,-0.0169542857143,0.646
0.461845289956,0.524045866257,-0.124059160869,-1.39318702209,0.0774965987194,1.9078132293,0.154434013067,-0.00675081032941,-0.0697424370573,-0.000377101133132,-0.111269559338,-0.00862362104529,0.042019268715,-0.0204503711426,0.574144610455,0.818739374027,0.00213321456415,0.0,0.818696059107,-0.574082691773,-0.0121067217024,0.0,-0.0086877754556,0.00869763082895,-0.999924434033,0.0,0.657324696154,0.255204101758,0.30337717239,1.0,-0.0133,-0.01748,0.666
0.461723558866,0.523127350771,-0.124059810859,-1.39465861901,0.0774019226956,1.90837123215,0.15423903883,-0.00404907932711,-0.0721223762389,0.000534459106606,-0.112751069944,-0.00968070252997,0.050383831224,-0.019564674111,0.574140133276,0.818742514027,0.00213306982049,0.0,0.818699235473,-0.574078254096,-0.0121023514343,0.0,-0.00868432784079,0.00869495570154,-0.999924487247,0.0,0.657137110431,0.254961975761,0.30337029046,1.0,-0.01358,-0.017848,0.68
0.461526073096,0.521598020796,-0.124064882052,-1.39707858269,0.0772512938463,1.90931488421,0.153909919283,-0.0100060448239,-0.0730734046103,0.000543350330897,-0.11938733297,-0.0106233422916,0.0446455473226,-0.02358779231,0.574123708299,0.818753930579,0.00217155025998,0.0,0.818711254274,-0.574061766625,-0.0120713348993,0.0,-0.00863701520693,0.00870847985882,-0.999924779344,0.0,0.656868448809,0.254623426261,0.303375624411,1.0,-0.01398,-0.0183737142857,0.7
0.461395077887,0.520626018181,-0.124069266429,-1.39862404073,0.0771563052685,1.9098891827,0.153693883844,-0.0088415900877,-0.0714883379394,6.37860391055e-05,-0.119826950354,-0.00982461814308,0.0407243460164,-0.0156757192645,0.574114108377,0.818760666607,0.00216985724005,0.0,0.818717974417,-0.574052181408,-0.0120713830782,0.0,-0.00863812868473,0.00870702009429,-0.999924782438,0.0,0.656683541307,0.254387772956,0.303372715141,1.0,-0.01424,-0.0187154285714,0.713
0.461190268378,0.519064927384,-0.124069498791,-1.40104901525,0.0770010924457,1.91075709867,0.153380059068,-0.012002489742,-0.0786313476205,0.0011560467841,-0.118916423421,-0.00912758753895,0.0444108841955,-0.0160261130779,0.574112888145,0.818761522073,0.00216991687702,0.0,0.818718864017,-0.574050994703,-0.0120674804298,0.0,-0.00863491195147,0.00870481551745,-0.999924829416,0.0,0.656371520219,0.253997748158,0.303392410595,1.0,-0.01466,-0.0192674285714,0.734
0.461049422618,0.517948922052,-0.124076968826,-1.40278955328,0.0768921212987,1.91138528551,0.15313247708,-0.0106526794269,-0.0802240313337,-0.00019993749927,-0.122942937105,-0.00773945898079,0.0484610115851,-0.023333801386,0.574092733692,0.818775653365,0.00217013364302,0.0,0.818732967153,-0.57403081068,-0.0120707823974,0.0,-0.00863770547228,0.00870667605151,-0.99992478909,0.0,0.656171866226,0.25375600717,0.303399263292,1.0,-0.01492,-0.0196091428571,0.747
0.460826318001,0.516262377235,-0.124080489445,-1.40543779583,0.0767232366473,1.91236095928,0.152766534953,-0.00871633841919,-0.0802499989405,0.00457070217432,-0.128506464168,-0.0130303474132,0.0449511805362,-0.018671269135,0.57407280265,0.81878961077,0.00217656931855,0.0,0.818747042514,-0.574010889086,-0.0120634358868,0.0,-0.00862820760436,0.00870751778823,-0.999924863761,0.0,0.655850084114,0.253354363107,0.303406577946,1.0,-0.01534,-0.0201611428571,0.768
0.460679318248,0.515207737503,-0.124091873118,-1.40710785425,0.076627094814,1.91298689549,0.152536316339,-0.0132734532095,-0.0784531846072,-0.00219073963955,-0.126961533875,-0.0123845478433,0.0420719951167,-0.0196922523853,0.574075096133,0.818787980385,0.0021849662876,0.0,0.818745508136,-0.574013132946,-0.0120608048664,0.0,-0.00862120869926,0.00871290679699,-0.999924877186,0.0,0.655651538779,0.25309388869,0.30340583739,1.0,-0.0156,-0.0205028571429,0.781
0.460443238971,0.513482976124,-0.124087278575,-1.40989986996,0.0764468829168,1.91396677939,0.15215136427,-0.015110998398,-0.0812555306637,2.45746533363e-06,-0.139243363703,-0.00695972498566,0.0426054897036,-0.0253556840614,0.574047839038,0.818807296026,0.00210650706969,0.0,0.818763715435,-0.573986131451,-0.0121097518514,0.0,-0.00870661495453,0.00867647548561,-0.999924453961,0.0,0.65529744042,0.252670585609,0.303370618406,1.0,-0.01602,-0.0210548571429,0.802
0.460309475048,0.512494196138,-0.124093029242,-1.41150135389,0.0763548726155,1.91453045717,0.151929560868,-0.0106594894115,-0.0807492109999,-5.99555018937e-05,-0.132886464538,-0.00631181364197,0.041835558725,-0.0221940100514,0.574038950547,0.818813628862,0.00206672369597,0.0,0.818769418865,-0.573977308986,-0.0121422568809,0.0,-0.00875616149706,0.008662465336,-0.999924142788,0.0,0.655094901381,0.25242593057,0.303350174128,1.0,-0.01626,-0.0213702857143,0.814
0.460055495425,0.510615418276,-0.124094729293,-1.41449809408,0.0761673812489,1.91566938999,0.151498698652,-0.0118254344604,-0.0890120698815,-0.00108918157939,-0.134477725936,-0.00744456427176,0.0546505844188,-0.0253971947666,0.57400165759,0.81883974091,0.00207910822214,0.0,0.818795724714,-0.573939998132,-0.0121320499488,0.0,-0.00874108956074,0.00866634855816,-0.999924241008,0.0,0.654732013305,0.251974635824,0.303338262839,1.0,-0.0167,-0.0219485714286,0.836
0.4599134974,0.50957128187,-0.124102123572,-1.41616124109,0.0760623370125,1.91628966269,0.151276160569,-0.0108514498058,-0.0924339577081,-0.000497209381314,-0.146951448854,-0.00387847169702,0.0520006468834,-0.0189399654863,0.573999351717,0.818841366427,0.00207551389817,0.0,0.818797342734,-0.573937747411,-0.0121293251998,0.0,-0.00874094573929,0.00866181683289,-0.999924281532,0.0,0.654529393724,0.25171884884,0.303331492436,1.0,-0.01694,-0.022264,0.848
0.459662019414,0.507715751225,-0.124098141822,-1.41909414201,0.0758794569487,1.917327312,0.150860705938,-0.0120120209806,-0.0845056662118,-0.000350023648964,-0.142321593375,-0.00651949418174,0.0471244706214,-0.0176059211279,0.573964903965,0.818865596945,0.00204207184965,0.0,0.818821010313,-0.573903327041,-0.0121602295496,0.0,-0.00878581095461,0.00865180289469,-0.999923975026,0.0,0.654156341018,0.251273951499,0.303323471645,1.0,-0.01736,-0.022816,0.869
0.45949266357,0.506547650699,-0.124106354543,-1.42095880028,0.0757589580421,1.91801261914,0.150610143783,-0.00781580778819,-0.0896697229271,-0.00385409722968,-0.145206243259,-0.0116119532728,0.061832187909,-0.0151987430155,0.573968232103,0.818863303328,0.00202630237636,0.0,0.818818559381,-0.573906772765,-0.0121626431577,0.0,-0.0087968028616,0.00864031113639,-0.999923977752,0.0,0.653928236571,0.250979563882,0.303312434556,1.0,-0.01762,-0.0231577142857,0.882
0.459227452705,0.504621809241,-0.124114929336,-1.42386556327,0.0755809177095,1.91913809038,0.15020483166,-0.0178263561994,-0.0990942415387,-0.00124351263411,-0.143188571635,-0.0120420212109,0.0567216004536,-0.0213934611977,0.573961818076,0.81886749288,0.00214648470101,0.0,0.818824410818,-0.573899925413,-0.0120915987751,0.0,-0.00866971668301,0.00869787754816,-0.999924588626,0.0,0.653584495122,0.250529171382,0.303372583832,1.0,-0.01802,-0.0236834285714,0.902
0.459058767057,0.503367810534,-0.124113607972,-1.42575379838,0.0754648924069,1.91984368699,0.149945085152,-0.011048102326,-0.095092866123,0.00119854412652,-0.140995445956,-0.0141442692031,0.0562569353994,-0.0134493319793,0.573952049422,0.818874176252,0.00220801550429,0.0,0.818831886216,-0.573889884401,-0.0120619069203,0.0,-0.00861019210372,0.00873111779807,-0.99992481326,0.0,0.653352946364,0.250241333588,0.303410835754,1.0,-0.01828,-0.0240251428571,0.915
0.458783656077,0.50135278524,-0.124128060326,-1.42874702296,0.0752650563016,1.9209315815,0.14952427245,-0.0181562431129,-0.102296288663,-0.000980973989853,-0.149965748558,-0.00769336099897,0.060035439537,-0.020690290068,0.573941974679,0.818881005936,0.00229231770391,0.0,0.818839973349,-0.57387962053,-0.0120010869451,0.0,-0.00851211162037,0.00876513766318,-0.999925355373,0.0,0.652985717639,0.249766251096,0.303487485651,1.0,-0.01868,-0.0245508571429,0.935
0.458607858666,0.500048015689,-0.124128752307,-1.43072750822,0.0751392532204,1.92162077479,0.149258863801,-0.0154313295243,-0.101662909824,-0.000841761467666,-0.153600391327,-0.00931031281127,0.0510506594895,-0.0183549548197,0.573935820939,0.818885286236,0.00230398141203,0.0,0.818844352206,-0.573873364485,-0.0120014705646,0.0,-0.00850579785692,0.00877484497078,-0.999925323961,0.0,0.65273109416,0.249459875049,0.303514938967,1.0,-0.01894,-0.0248925714286,0.948
0.458294941241,0.497960527927,-0.124128992119,-1.43398303425,0.0749395152037,1.92284392362,0.148777457298,-0.0127834435682,-0.10073118642,-0.00147853271488,-0.157328049766,-0.0181690463171,0.0618767580835,-0.0139329664475,0.573909840395,0.818903363258,0.00235024335165,0.0,0.818863000398,-0.573847165267,-0.0119818360765,0.0,-0.00846344832362,0.00880119040308,-0.999925451766,0.0,0.652333006754,0.248947638524,0.303527209728,1.0,-0.01936,-0.0254445714286,0.969
0.458100006658,0.496689198377,-0.124126322032,-1.43600839142,0.0748158668882,1.92355944769,0.148474036961,-0.0175123804926,-0.100611478726,-0.000488358802601,-0.155548043157,-0.010457301056,0.0478731713615,-0.0264936349807,0.573888180756,0.818918629861,0.00231960264565,0.0,0.818877743637,-0.573825505235,-0.0120115535556,0.0,-0.00850560157937,0.00879292888981,-0.999925166772,0.0,0.652073984321,0.248627285116,0.303511298222,1.0,-0.01962,-0.0257862857143,0.982
0.457778456578,0.494703507659,-0.124126918352,-1.43923958938,0.0746125043483,1.92467670306,0.14801280444,-0.0181278317282,-0.0981988590023,-0.000134913525453,-0.163392459844,-0.00880627246231,0.0582028637069,-0.0280507284374,0.573881997099,0.818923268329,0.00220927511404,0.0,0.818880762743,-0.573819600591,-0.0120875674757,0.0,-0.00863123107778,0.0087461386438,-0.999924500604,0.0,0.651657301454,0.24810352563,0.303453645269,1.0,-0.0209405714286,-0.0275218938776,1.002
0.457513386672,0.492900694687,-0.124187445012,-1.44193898398,0.0744570722144,1.92565765375,0.147630948401,-0.0153826826131,-0.158700616273,-0.00106405239652,-0.227913536469,-0.00482373682795,0.0823675764963,-0.0351717544975,0.573923659404,0.818893888206,0.00227594751506,0.0,0.818852380348,-0.573861106385,-0.0120397956216,0.0,-0.00855340197021,0.00877375752391,-0.999924927429,0.0,0.651332951701,0.247640554442,0.303510675016,1.0,-0.0343885714286,-0.0451964081633,1.016
0.45703274576,0.488766962833,-0.124269891942,-1.44831708784,0.0741299088963,1.92813468004,0.146651061668,-0.0333672866328,-0.239311232362,-0.00269713869441,-0.385157834529,-0.0178577715982,0.141081751635,-0.0632928971345,0.57380672704,0.818975210045,0.00248842028674,0.0,0.818936338976,-0.573743186257,-0.0119488840805,0.0,-0.00835828658851,0.00889437910984,-0.999925511759,0.0,0.650538403121,0.246692554937,0.303567200485,1.0,-0.0536,-0.0704457142857,1.036
0.456462402254,0.48476466167,-0.124324990437,-1.45461839219,0.0737833273529,1.93056159348,0.1456962453,-0.0442326087435,-0.31349973896,-0.0107652609178,-0.483589247726,-0.022003496869,0.181372995057,-0.0777908126955,0.573751910479,0.819013254949,0.00260390861363,0.0,0.818975775559,-0.573687804867,-0.0119049777584,0.0,-0.00825666293375,0.0089632143791,-0.999925741395,0.0,0.649759254696,0.245703764117,0.303560061487,1.0,-0.067048,-0.0881202285714,1.05
0.455348313786,0.477427875507,-0.124542907881,-1.46634076914,0.0730676360065,1.93460050827,0.143925286699,-0.0648522471603,-0.409001150687,-0.0140764211354,-0.646289389063,-0.0389152934318,0.227019812398,-0.0913212643401,0.573750731761,0.819015049984,0.00227872882415,0.0,0.818973344639,-0.573687949733,-0.0120641619603,0.0,-0.00857361601249,0.0087882091197,-0.999924627404,0.0,0.648235526014,0.243720273065,0.303423982403,1.0,-0.0862594285714,-0.113369534694,1.07
0.454429339929,0.471618952709,-0.124661786047,-1.47549822528,0.0725098266532,1.93775505081,0.142616714119,-0.0801621069924,-0.467659735069,-0.00621631759142,-0.726712002142,-0.0407708916086,0.249768112876,-0.106005036624,0.573807544637,0.818975710858,0.00210562205934,0.0,0.81893150757,-0.573745263698,-0.0121780620429,0.0,-0.00876561510002,0.00871239186724,-0.999923626193,0.0,0.647030583198,0.242172634225,0.303360690901,1.0,-0.0987468571428,-0.129781583673,1.083
0.452759707281,0.461163763307,-0.124817986563,-1.49147640687,0.0715577583468,1.94363432712,0.14005120193,-0.08923275316,-0.545911193305,-0.00459546675614,-0.82897577236,-0.0607153801283,0.296230499171,-0.136142053753,0.573687010308,0.819059298877,0.00241371678531,0.0,0.819018983744,-0.573623290307,-0.0120404312706,0.0,-0.00847742624715,0.00888448994097,-0.999924596699,0.0,0.644980069964,0.239496126243,0.303481351657,1.0,-0.117958285714,-0.155030889796,1.103
0.451427448733,0.453498683098,-0.124942592685,-1.50347521672,0.0708045979606,1.94774770443,0.138213891328,-0.115359723818,-0.611102514893,-0.0116982039784,-0.925970007276,-0.0667688712952,0.33591034631,-0.157272603053,0.573698702441,0.819051605955,0.0022388616599,0.0,0.819008657347,-0.573635360803,-0.0121671249383,0.0,-0.00868138014801,0.00881408056999,-0.999923469883,0.0,0.643244356574,0.237237099436,0.30342111243,1.0,-0.131406285714,-0.172705404082,1.117
0.448942785071,0.439400732224,-0.125159175779,-1.52496987657,0.0693239473934,1.95535853719,0.134866181166,-0.126661454883,-0.698492967184,-0.00985291001602,-1.08497193915,-0.0719021130712,0.368778955423,-0.171660819798,0.573727195113,0.81903140979,0.00232427787331,0.0,0.818990338926,-0.573664267228,-0.0120366171784,0.0,-0.00852517650975,0.00880946534513,-0.999924854519,0.0,0.64050049567,0.233619080065,0.303493861896,1.0,-0.150617714286,-0.197954710204,1.137
0.447157627058,0.429688840104,-0.125277966025,-1.53955688273,0.0683677158785,1.96042499511,0.132447605752,-0.142912749833,-0.757084558194,-0.00852439601508,-1.1456614443,-0.0701642253817,0.391343781794,-0.182444589256,0.573670785574,0.819070458958,0.00248192312794,0.0,0.819031247145,-0.573607016217,-0.0119814042423,0.0,-0.00839012728776,0.00890632565312,-0.999925138762,0.0,0.638506414287,0.231013138039,0.303617546339,1.0,-0.163105142857,-0.214366759184,1.15
0.443860778056,0.412674772492,-0.125525711735,-1.56502530695,0.0665292538322,1.96934317781,0.128198737011,-0.165189898483,-0.860226326975,-0.0125465336806,-1.25535972101,-0.0914321041513,0.449188855026,-0.21396672236,0.573637044116,0.819093160385,0.00277184582844,0.0,0.819058902685,-0.57357348371,-0.0116927164861,0.0,-0.0079877206203,0.00897785317689,-0.999927794629,0.0,0.635006944123,0.226323673175,0.303824044394,1.0,-0.183277142857,-0.240878530612,1.171
0.441545513572,0.401441732666,-0.125657486659,-1.58202868314,0.0654022455961,1.97511100373,0.125342112981,-0.188648186301,-0.866021083541,-0.0155100310553,-1.31082910834,-0.0846121724249,0.442069562539,-0.225602343722,0.573670715816,0.819069555715,0.00277841996455,0.0,0.819034704203,-0.5736063651,-0.0117744694028,0.0,-0.00805054504387,0.00903046452889,-0.99992681704,0.0,0.63257808793,0.223158012249,0.303821308232,1.0,-0.195764571429,-0.257290579592,1.184
0.437552328542,0.382804974934,-0.12588023777,-1.60968349009,0.0634211386942,1.98451322486,0.120491223353,-0.207379022698,-0.947101930232,-0.00621943359297,-1.40958350014,-0.102681300123,0.461725624756,-0.263711698296,0.573654302405,0.819080065761,0.00305517716619,0.0,0.819048922015,-0.573589132879,-0.0116239791057,0.0,-0.00776870272033,0.00917066175322,-0.999927770502,0.0,0.628588149268,0.217873934718,0.303995098686,1.0,-0.214976,-0.282539885714,1.204
0.434676398731,0.369868660104,-0.126054363362,-1.62879245204,0.0619725594619,1.99092000958,0.117057493058,-0.227649628318,-1.01164311368,-0.0162889838041,-1.50882785815,-0.107307417733,0.499147074933,-0.270666354113,0.573624654307,0.819100323186,0.00318801332911,0.0,0.819071361785,-0.573559619322,-0.0114984472438,0.0,-0.00759001227335,0.0092071805109,-0.999928807236,0.0,0.62576563864,0.214144618852,0.304095479525,1.0,-0.227463428571,-0.298951934694,1.217
0.429157708738,0.347017681808,-0.126354586421,-1.66260823426,0.0593919560998,2.00192489833,0.110799041604,-0.266112743929,-1.05679901829,-0.0145615653,-1.51749021155,-0.109565038891,0.49277223112,-0.300340189832,0.573689818224,0.819054868785,0.00314026853926,0.0,0.819025242166,-0.57362486523,-0.0115288155033,0.0,-0.0076415434751,0.00918610013217,-0.99992860864,0.0,0.620626642455,0.207313136945,0.304112965687,1.0,-0.248596,-0.326726171429,1.239
0.425835810704,0.33376837722,-0.126543349624,-1.68199767604,0.0578861313768,2.0082541179,0.107123601262,-0.290575778599,-1.10033959977,-0.010722306303,-1.67851810094,-0.128935565119,0.524973986436,-0.314807154201,0.573747087012,0.819014323926,0.00325026931894,0.0,0.818986259913,-0.5736819602,-0.0114569418395,0.0,-0.00751892336348,0.00923549073154,-0.999929083237,0.0,0.617628209193,0.20332208395,0.304159833977,1.0,-0.260122857143,-0.341875755102,1.251
0.419880040251,0.310913559557,-0.126773362719,-1.71520802861,0.0551704685529,2.01875905853,0.100504827004,-0.308885834994,-1.14503031386,-0.0122966362552,-1.64909888206,-0.129569801661,0.517489353725,-0.342396377732,0.573603373433,0.819114866684,0.00327903398236,0.0,0.81908729544,-0.573538329583,-0.0114251411127,0.0,-0.00747799524104,0.00923949244931,-0.999929353188,0.0,0.612305491814,0.196404976398,0.3042060936,1.0,-0.279334285714,-0.367125061224,1.271
0.415280371102,0.294055168469,-0.126965409967,-1.73948707587,0.0531176634616,2.02621343334,0.0954979019488,-0.34906071415,-1.19760474869,-0.0160773240472,-1.73465864593,-0.143444981206,0.509632956112,-0.359162392709,0.573495441429,0.819190627393,0.00323133918726,0.0,0.819162489729,-0.573430613854,-0.0114408661192,0.0,-0.00751944625305,0.00920845371043,-0.999929328657,0.0,0.608296059096,0.191219641685,0.304229263455,1.0,-0.292782285714,-0.38479957551,1.285
0.407671814805,0.267758578694,-0.127293911612,-1.77675200097,0.0500163711725,2.03764064521,0.0875038625143,-0.376103719629,-1.28566062583,-0.0175113168582,-1.81741773072,-0.1560388903,0.565523688799,-0.392148401159,0.573471870124,0.819205752275,0.0035632173271,0.0,0.819181562121,-0.573405679641,-0.01132438688,0.0,-0.0072339730963,0.00941332049384,-0.999929527032,0.0,0.602039383338,0.183023095084,0.304381073514,1.0,-0.312954285714,-0.411311346939,1.306
0.402429168477,0.250913716569,-0.12760611374,-1.80034551122,0.0478996771269,2.04467040121,0.0822628816654,-0.414056155423,-1.32168886325,-0.0314936209127,-1.82449551305,-0.158783875206,0.55845090786,-0.407781574033,0.573620261882,0.819101236002,0.00370232898019,0.0,0.819079410503,-0.573554450836,-0.0111784666598,0.0,-0.00703294399861,0.00944487825462,-0.999930663583,0.0,0.598003887954,0.177557610923,0.304485839249,1.0,-0.325441714286,-0.427723395918,1.319
0.393807447309,0.224094964513,-0.127947390402,-1.83759697191,0.044543380684,2.05545745735,0.0735411090684,-0.44179486741,-1.37525532614,-0.012372081405,-1.89247938555,-0.168747996976,0.519387102485,-0.444635378874,0.573542944372,0.819154357049,0.00392137593899,0.0,0.819135169486,-0.573476384389,-0.0110976376214,0.0,-0.00684199344475,0.0095772930939,-0.999930728892,0.0,0.591384552909,0.168922744155,0.304599197238,1.0,-0.344653142857,-0.452972702041,1.339
0.38772029217,0.206169573069,-0.128189551173,-1.86222489992,0.0421842246366,2.06235235697,0.0674931886754,-0.48013344239,-1.39621094143,-0.0137406670781,-1.900739054,-0.19253787922,0.521913040317,-0.464386153899,0.57346718917,0.819207042752,0.00399386427319,0.0,0.819189037866,-0.573400835704,-0.0110249152034,0.0,-0.00674173286772,0.00959434168468,-0.999931246459,0.0,0.586886867623,0.163038071988,0.304662116966,1.0,-0.357140571429,-0.46938475102,1.352
0.377385329699,0.177719092237,-0.128739873583,-1.90085471225,0.0384094151711,2.07270446487,0.0574778202223,-0.545497952009,-1.42575832023,-0.0347313123062,-1.92818730998,-0.194461520665,0.523843193102,-0.517872053053,0.573552587124,0.819147111102,0.00402331689802,0.0,0.819129524071,-0.573486216687,-0.0110058605662,0.0,-0.00670823125582,0.00960824244555,-0.999931338298,0.0,0.579653397665,0.153384442274,0.304739739609,1.0,-0.376352,-0.494634057143,1.372
0.370125117442,0.158627950975,-0.129129398492,-1.92637339173,0.035839098209,2.07931672782,0.0505666336585,-0.564246605843,-1.49561860494,-0.0313850108049,-1.94091749473,-0.19967015895,0.50665614846,-0.538982915327,0.573635024624,0.819088969786,0.00410670187252,0.0,0.819072488953,-0.573568525003,-0.010961380738,0.0,-0.00662299863373,0.00965170425889,-0.9999314879,0.0,0.57473847573,0.146845060806,0.304819907468,1.0,-0.388839428571,-0.511046106122,1.385
0.357470572274,0.127006432864,-0.129723662768,-1.9679852676,0.0313987985937,2.08973904525,0.038631523791,-0.6271046304,-1.48866293802,-0.0230670065233,-1.99933210502,-0.210140726891,0.469388109649,-0.59282478774,0.573623594221,0.819095994486,0.00429777516282,0.0,0.819082686169,-0.573557832604,-0.0107569873896,0.0,-0.00634610485834,0.00969088157384,-0.999932904633,0.0,0.566486155674,0.135921614938,0.30497631118,1.0,-0.409011428571,-0.537557877551,1.406
