position_joint1,position_joint2,position_joint3,position_joint4,position_joint5,position_joint6,position_joint7,velocity_joint1,velocity_joint2,velocity_joint3,velocity_joint4,velocity_joint5,velocity_joint6,velocity_joint7,ee_T_00,ee_T_10,ee_T_20,ee_T_30,ee_T_01,ee_T_11,ee_T_21,ee_T_31,ee_T_02,ee_T_12,ee_T_22,ee_T_32,ee_T_03,ee_T_13,ee_T_23,ee_T_33,v_x,v_y,time
0.465067386595,0.547826501989,-0.124006635148,-1.35585045345,0.0795647590989,1.89409710059,0.159162144832,-0.00122406740069,0.00139531877749,0.00014788806489,0.000455521447909,0.000222578921283,-0.000518544210193,-0.000300477919827,0.573844151963,0.818950521068,0.00191838529015,0.0,0.818906431491,-0.573785191417,-0.0119815472112,0.0,-0.00871172098848,0.00844668147557,-0.999926377035,0.0,0.661673347915,0.26088340483,0.303174391664,1.0,0.0,0.0,0.0
0.465072677215,0.547828534076,-0.124006371465,-1.35585153492,0.0795635737022,1.89409872818,0.159162856729,0.000898591040025,0.00188626123882,-0.00111270183393,-0.00104218050395,9.54531548432e-05,0.000102512310798,-0.000750866284739,0.573839977779,0.818953450515,0.00191642737103,0.0,0.818909345572,-0.573781035941,-0.0119813785082,0.0,-0.00871274933642,0.00844493685237,-0.999926382811,0.0,0.661671996168,0.260886821001,0.303172567843,1.0,-8e-05,-0.000105142857143,0.005
0.465070416294,0.547820412921,-0.124006871359,-1.35585368367,0.0795633162658,1.89409640158,0.159164530119,-0.000273106121565,-0.00193383410627,-0.000627762354957,-0.000685199599924,-0.000135318587455,-0.000558677542233,-0.00104868179579,0.573843567621,0.81895092759,0.00191963574375,0.0,0.818906864838,-0.573784612025,-0.0119796755177,0.0,-0.00870947661141,0.00844662525028,-0.999926397061,0.0,0.66167197442,0.260884688588,0.303177112241,1.0,-0.00038,-0.000499428571429,0.02
0.465066953028,0.547819370361,-0.124004220368,-1.35586329022,0.0795615652813,1.8941015092,0.15916239711,-0.000682022651932,0.00105448512385,-0.000248651978523,-0.00253178396025,0.000107478817808,6.40825812621e-05,-0.000980368629292,0.573845821875,0.818949343562,0.00192153535463,0.0,0.818905326207,-0.573786877931,-0.0119763235437,0.0,-0.00870561814253,0.00844628138045,-0.999926433566,0.0,0.661671333861,0.260882837524,0.303179035801,1.0,-0.00072,-0.000946285714286,0.037
0.465069084038,0.54778115739,-0.124007287763,-1.35590150141,0.0795600078303,1.89410285121,0.159167838101,-0.000228517999857,0.00150667032832,0.000236991535066,-0.00145921420965,3.87060058032e-05,-0.000224750274299,0.000419186646441,0.573849368342,0.818946866616,0.00191807586758,0.0,0.818902775207,-0.573790410604,-0.0119815007163,0.0,-0.00871180665859,0.00844645688929,-0.999926378185,0.0,0.66166396556,0.260878307126,0.303182730638,1.0,-0.00104,-0.00136685714286,0.053
0.4650712465,0.5476482336,-0.124011617105,-1.3560477918,0.0795600078076,1.8941344991,0.159156549091,0.000534674944811,-0.00948538390281,-0.00256396045495,-0.00736578794953,-0.000154275728439,-0.00018702612244,-0.00173239753718,0.573849352082,0.818946827938,0.00193933672009,0.0,0.818902926268,-0.573790218957,-0.0119803539553,0.0,-0.00869866790433,0.00846320981308,-0.999926350916,0.0,0.661640687362,0.260863766747,0.303210158658,1.0,-0.00138,-0.00181371428571,0.07
0.465063038951,0.547507955445,-0.124003812649,-1.35624600166,0.0795565411423,1.89417042587,0.159161926831,4.9508222916e-05,-0.0133108349581,-8.21680431494e-06,-0.0130688237023,-0.000315080698247,0.00367856393964,0.00144553020088,0.573864927315,0.818935939072,0.00192867733527,0.0,0.818891729947,-0.57380567404,-0.0120054140244,0.0,-0.00872514699574,0.00846902702108,-0.999926070963,0.0,0.661606653725,0.260843040438,0.303218045529,1.0,-0.00172,-0.00226057142857,0.087
0.465043491648,0.547345077879,-0.124007309594,-1.35644835668,0.0795543876773,1.89428048357,0.15914853455,0.000368525786539,-0.0124676550913,8.74761410002e-05,-0.0133924650953,2.64957390852e-05,0.00986753485365,-0.00228315572926,0.5738833702,0.818922861692,0.00199271343539,0.0,0.818879466675,-0.573823822099,-0.0119744374146,0.0,-0.00866284090143,0.00850388634112,-0.999926316838,0.0,0.661592537948,0.260813340926,0.303246776742,1.0,-0.00204,-0.00268114285714,0.103
0.465019807671,0.547142405502,-0.123997370819,-1.35667842907,0.0795510735664,1.89441065828,0.159129015723,-0.00234648414847,-0.00994872199664,0.00285344529557,-0.0158132971693,0.000593990713062,0.00934701699812,-0.00222399522134,0.573892061215,0.818916533726,0.00208800506913,0.0,0.818874303754,-0.573832039232,-0.011933662638,0.0,-0.00857467452447,0.00855861272619,-0.999926609859,0.0,0.661575183038,0.260787096705,0.303291797223,1.0,-0.00238,-0.003128,0.12
0.464992177536,0.54693425449,-0.12400453433,-1.35697748106,0.0795454745863,1.89454831615,0.159116252183,-0.00201440825803,-0.00912675399639,-0.000510936366198,-0.0191567854195,-0.00316053908518,0.00708272495778,-0.00391093460664,0.573924664309,0.818893571789,0.00213182586882,0.0,0.818851877537,-0.573864423821,-0.0119152267085,0.0,-0.00853408784174,0.00858425737765,-0.999926737251,0.0,0.661548707129,0.260740352807,0.303309070003,1.0,-0.00272,-0.00357485714286,0.137
0.464951152412,0.546687003811,-0.124007321374,-1.35735870544,0.0795376615145,1.89467655663,0.159047510081,-0.0034625233965,-0.0123680271638,0.000876822740935,-0.0257166633927,-0.000973633967568,0.00515104414665,-0.00871229019453,0.573923098536,0.818894660092,0.00213530813779,0.0,0.8188528671,-0.573862699091,-0.0119302781032,0.0,-0.00854443184758,0.00859573086061,-0.99992655035,0.0,0.661505118299,0.260677032723,0.303313944589,1.0,-0.00306,-0.00402171428571,0.154
0.464920399953,0.546435056006,-0.124005185504,-1.35772932086,0.0795289111742,1.8948195276,0.158944066314,-6.81081503258e-05,-0.0140803453648,0.000742429635633,-0.0335799012504,-6.94742713582e-05,0.0168303784472,-0.00363514537402,0.573880519998,0.818924422471,0.00216470535269,0.0,0.818882882244,-0.573819874677,-0.0119299411367,0.0,-0.00852773338661,0.00861916692718,-0.999926491161,0.0,0.661463249092,0.260625533291,0.303328296366,1.0,-0.00336,-0.004416,0.169
0.464876047204,0.546147852732,-0.124004172611,-1.35821332261,0.0795178884721,1.89499403889,0.158932318219,-0.00211655128519,-0.0181007975006,0.00102978767612,-0.0287599485221,-0.000597529641858,0.0178757852409,-0.00110352417958,0.573930684228,0.818889292763,0.00215471602096,0.0,0.818847445198,-0.5738698946,-0.0119562730974,0.0,-0.00855450206563,0.00862662179768,-0.999926198222,0.0,0.66140646771,0.260553157154,0.303316403316,1.0,-0.0037,-0.00486285714286,0.186
0.464819031564,0.545836601218,-0.124004978386,-1.35874165362,0.0794930271824,1.89516694113,0.158871690429,-0.0024919516135,-0.0214577591929,0.000620435624331,-0.0289133839907,0.000390249133748,0.0158454075916,-0.00227485270577,0.573949974291,0.818875903953,0.00210424285327,0.0,0.818833278438,-0.573889271288,-0.0119963879319,0.0,-0.00861611650115,0.00860851635988,-0.99992582524,0.0,0.661338300344,0.260458453708,0.303289320924,1.0,-0.00404,-0.00530971428571,0.203
0.464756812907,0.545472848333,-0.124010514734,-1.35938322969,0.0794149536742,1.89538255788,0.158754291967,-0.00413119427576,-0.0283431676059,-0.000625088165058,-0.0465098771833,-0.00819644258054,0.00912978141366,-0.00221222713228,0.573924874165,0.818893648086,0.00204422118777,0.0,0.818850598453,-0.57386478266,-0.0119856387534,0.0,-0.00864202328151,0.00855293262677,-0.999926078656,0.0,0.661271310308,0.260350302448,0.303271239855,1.0,-0.00436,-0.00573028571429,0.219
0.464692540291,0.545075715004,-0.124010573185,-1.36007427317,0.0793664769201,1.89560108906,0.158712692339,-0.01056946994,-0.0234594962319,0.00016369190113,-0.0411027208453,-0.000683186081273,0.0134356605522,-0.00429360294174,0.573969009614,0.818862882121,0.00197564893155,0.0,0.818818939452,-0.573909204788,-0.0120214789671,0.0,-0.00871026750678,0.00851781913412,-0.999925786245,0.0,0.661185987118,0.260237925588,0.303242349543,1.0,-0.0047,-0.00617714285714,0.236
0.464627666435,0.544643157007,-0.124010923958,-1.36079014923,0.0793457068301,1.89585406384,0.15859380808,-0.00750968149605,-0.0291035912399,-0.000421219165236,-0.0385624318583,-0.00433115671751,0.0158035109903,-0.00521307727439,0.573959428669,0.818869630783,0.00196186753578,0.0,0.818825274522,-0.573899456183,-0.0120553265333,0.0,-0.00874599446289,0.00852585920225,-0.999925405871,0.0,0.661101352616,0.260129335313,0.303229728453,1.0,-0.00504,-0.006624,0.253
0.464568832779,0.544171903146,-0.124016453358,-1.36157432518,0.0793173042446,1.89614193706,0.158502901055,-0.00574201036824,-0.0304747229184,-0.00213723630677,-0.0476871192829,-0.000727886108147,0.00965556570906,-0.00395160824185,0.573973259815,0.818859968343,0.00194837473685,0.0,0.818815275554,-0.573913188204,-0.0120807212392,0.0,-0.00877438998861,0.00852953416757,-0.999925125761,0.0,0.661008936254,0.260015275155,0.303215129898,1.0,-0.00538,-0.00707085714286,0.27
0.464487634053,0.543635806718,-0.124017204021,-1.36244921078,0.0792756577521,1.89644628394,0.158410438271,-0.00787943954785,-0.0285040539565,-0.000180991635769,-0.0487076428125,-0.00647338208881,0.0176180472545,-0.00143747232908,0.574002138298,0.818839781845,0.00192452547115,0.0,0.818794640194,-0.57394203466,-0.012108878588,0.0,-0.00881083507257,0.00852647750369,-0.999924831358,0.0,0.660905977982,0.259878263216,0.303204434114,1.0,-0.00574,-0.007544,0.288
0.46441520599,0.543115125722,-0.124020024457,-1.36326576065,0.0792305308429,1.89673667815,0.158290942702,-0.00539456416634,-0.0304453982939,-0.000512172636243,-0.0543605904863,-0.00458397606261,0.0207885921959,-0.00567490811655,0.573998939438,0.818842030786,0.00192172929939,0.0,0.818796802528,-0.573938800134,-0.0121159718031,0.0,-0.00881828172715,0.00852822496565,-0.999924750812,0.0,0.660811533078,0.259751073609,0.303209380511,1.0,-0.00606,-0.00796457142857,0.304
0.464349074143,0.542523858479,-0.124017923457,-1.36416975453,0.0791733553204,1.89705836227,0.158165226339,-0.00544056500823,-0.0341915515451,0.000933724218746,-0.0506751668957,-0.00130972833068,0.0234486225632,-0.00611962453547,0.573983609272,0.818852759595,0.00192906510557,0.0,0.81880761422,-0.573923426884,-0.0121135407692,0.0,-0.00881224029422,0.00853267132892,-0.99992476614,0.0,0.660702826503,0.25962162643,0.303225100072,1.0,-0.0064,-0.00841142857143,0.321
0.464263369552,0.541963853489,-0.124023318677,-1.36505353404,0.0791250497089,1.89739111078,0.158061608606,-0.00752032413901,-0.0381005263673,-0.00158173653402,-0.058789977753,-0.00312584550403,0.0212639164132,-0.00541916712709,0.57400900825,0.818834935922,0.00193728238352,0.0,0.818789880332,-0.573948769303,-0.0121115227201,0.0,-0.00880560662586,0.00853851474881,-0.999924774699,0.0,0.66060632634,0.259479080874,0.303229484561,1.0,-0.00672,-0.008832,0.337
0.464179133929,0.541310549227,-0.124018743493,-1.36605095162,0.0790651008399,1.89776696717,0.157917893223,-0.0025072341285,-0.0413177666091,0.000550313662126,-0.0623649664999,-0.00100578740199,0.019975440298,-0.00966092614219,0.573996493376,0.818843641546,0.00196550063226,0.0,0.818798931208,-0.573936109062,-0.012099581328,0.0,-0.00877976248816,0.00855463177372,-0.9999248642,0.0,0.660492501324,0.259332074951,0.303249063872,1.0,-0.00706,-0.00927885714286,0.354
0.464091526424,0.540618048257,-0.12402625192,-1.36711531684,0.0790082268869,1.89815124077,0.157789622354,-0.00610502411581,-0.0383218649774,5.05396903927e-05,-0.063371200005,-0.00841359977355,0.0234534636332,-0.00906059402131,0.574012217671,0.818832587522,0.00197850391518,0.0,0.818787996286,-0.573951724856,-0.0120988253126,0.0,-0.00877151558083,0.00856501370832,-0.999924847703,0.0,0.660369215107,0.259169479848,0.303265524683,1.0,-0.0074,-0.00972571428571,0.371
0.463984839381,0.539889119847,-0.124023707883,-1.36821854545,0.0789406453703,1.89857540548,0.15764700243,-0.00441889509104,-0.0380147633105,-0.000742731846782,-0.0611411461684,-0.00194557520357,0.0279905162771,-0.0103410800085,0.574024126274,0.818824136498,0.00202060512545,0.0,0.818780110165,-0.573963463363,-0.0120756293241,0.0,-0.00872823128358,0.00858629917206,-0.999925043913,0.0,0.660248906571,0.258996966554,0.303292233431,1.0,-0.00774,-0.0101725714286,0.388
0.463885606946,0.539172205479,-0.124027597921,-1.36932551775,0.0788735132856,1.89898681584,0.157513597543,-0.00769897986707,-0.0409240754424,0.000877163810698,-0.0676047464811,-0.00425302492102,0.0214463458461,-0.00793574291126,0.574042157028,0.818811454623,0.00203731046507,0.0,0.818767663778,-0.573981436801,-0.0120652335169,0.0,-0.00870994071177,0.00859420206802,-0.999925135509,0.0,0.660124165497,0.258824260382,0.303307662249,1.0,-0.00806,-0.0105931428571,0.404
0.463775779002,0.538399768031,-0.124036058389,-1.37051988858,0.0788084875822,1.89945771202,0.157371769583,-0.00346453716696,-0.0517432426065,-0.000578780858013,-0.0707840621209,-0.00963231279744,0.0376979908873,-0.0116547129144,0.574070681456,0.818791350839,0.00207927518135,0.0,0.81874812106,-0.574009791039,-0.0120424645919,0.0,-0.00866690840315,0.00861579438334,-0.999925323605,0.0,0.659995975057,0.258636645463,0.303325917018,1.0,-0.0084,-0.01104,0.421
0.463660194868,0.537608757451,-0.124044837793,-1.37176979934,0.0787353059428,1.89992386961,0.157219427502,-0.0104334467613,-0.0498979642323,5.75657532631e-05,-0.0786407051794,-0.00699486747998,0.0285831728021,-0.0101784382541,0.57409616467,0.818773472395,0.00208363026713,0.0,0.818730314899,-0.574035267858,-0.0120386719682,0.0,-0.00866103474368,0.00861745258207,-0.999925360209,0.0,0.659856207771,0.258437072856,0.303330309205,1.0,-0.00874,-0.0114868571429,0.438
0.463546043214,0.536774356523,-0.124048833065,-1.37306175428,0.0786559842118,1.90040827643,0.157060597585,-0.00546247043593,-0.0534645603336,-0.000283259906585,-0.0737962865336,-0.00337716353538,0.030570509988,-0.00858951989317,0.574112344092,0.818762075049,0.00210421556443,0.0,0.818719216417,-0.574051388171,-0.0120247789705,0.0,-0.0086376714181,0.00862650184695,-0.999925484273,0.0,0.659710073227,0.258237064723,0.303346593358,1.0,-0.00908,-0.0119337142857,0.455
0.463431449557,0.535919600721,-0.124060864005,-1.37440905524,0.0785821393965,1.90090941997,0.156887922708,-0.00480856642003,-0.0516539616268,-0.00137830439804,-0.0813555663602,-0.00321160883964,0.0330260986385,-0.0148250166829,0.574127614848,0.818751347024,0.00211199353586,0.0,0.818708569643,-0.574066603953,-0.0120232740859,0.0,-0.00863181308589,0.00863216707639,-0.999925485971,0.0,0.6595563133,0.258027829479,0.303352478579,1.0,-0.00942,-0.0123805714286,0.472
0.463324795648,0.535066283459,-0.124062437185,-1.37573212332,0.0785166894769,1.90139420429,0.156730767268,-0.00445791364771,-0.0570639789339,0.000357578891426,-0.0860423671104,0.000268589003632,0.0300269034845,-0.0111015680835,0.574142473376,0.81874087527,0.00213221234694,0.0,0.818698219361,-0.574081232781,-0.0120295754724,0.0,-0.00862520812073,0.00865249525449,-0.99992536727,0.0,0.659399663734,0.257833023216,0.303366965316,1.0,-0.00974,-0.0128011428571,0.488
0.463200464597,0.53417175491,-0.124064841348,-1.37720536269,0.0784241138194,1.90192729248,0.156549188771,-0.00892360072601,-0.0530982904852,0.000507425514348,-0.0864987254714,-0.00429412652159,0.0267267948228,-0.0098018267319,0.574153234189,0.818733439456,0.00208942270456,0.0,0.818690223322,-0.574092171865,-0.0120516945539,0.0,-0.00866777099641,0.00863027550572,-0.999925191247,0.0,0.659224732555,0.257607706395,0.303343084499,1.0,-0.01008,-0.013248,0.505
0.46307460133,0.533254292182,-0.124062750859,-1.37869669042,0.0783426169196,1.90247990871,0.156369127586,-0.00640874963088,-0.0563373547287,0.00256172758365,-0.0891491600451,-0.00307821753004,0.0328406530177,-0.0090683493895,0.57416723383,0.818723658571,0.00207494405068,0.0,0.818680140404,-0.574106119347,-0.0120722134911,0.0,-0.00869273608176,0.00863035107411,-0.999924973875,0.0,0.659048470621,0.25738527336,0.303328155967,1.0,-0.01042,-0.0136948571429,0.522
0.462947338712,0.532308000578,-0.124065256547,-1.38025370889,0.0782551710859,1.90305815448,0.156174348576,-0.0104419637441,-0.0534625955888,-9.67644333777e-05,-0.0896529611539,-0.00744089091806,0.0377910506213,-0.00987468168401,0.574175429517,0.818717977863,0.00204835653896,0.0,0.818674036435,-0.5741143535,-0.0120945472559,0.0,-0.00872620038885,0.00862149417178,-0.999924758802,0.0,0.658864115514,0.257152626087,0.303304472781,1.0,-0.01076,-0.0141417142857,0.539
0.462812502437,0.531312972808,-0.124064785804,-1.38184365861,0.0781598062676,1.90364154922,0.155967026257,-0.00602157096761,-0.0568689443229,0.00311334950429,-0.0948588430148,-0.00354431331268,0.0360938277368,-0.016538301298,0.57417683397,0.818717018118,0.00203825334786,0.0,0.818672901784,-0.574115759332,-0.0121046136745,0.0,-0.00874022812103,0.00861901748172,-0.999924657637,0.0,0.658675672026,0.256912553747,0.303299583748,1.0,-0.0111,-0.0145885714286,0.556
0.462686053385,0.530351986613,-0.124065144797,-1.38339797324,0.0780662676771,1.90418005815,0.155768080887,-0.00605802451607,-0.0620421788848,0.00114828251455,-0.0963161746867,-0.0113387166831,0.0370453913792,-0.0118035801371,0.574176980811,0.818717029076,0.00199196108122,0.0,0.818672219237,-0.574116022379,-0.0121382535692,0.0,-0.00879434744607,0.00860043457068,-0.999924343127,0.0,0.658483183165,0.256678597717,0.303283592285,1.0,-0.01142,-0.0150091428571,0.572
0.462545267926,0.52929365248,-0.124068452339,-1.38504612578,0.0779637313107,1.90479071772,0.155541450172,-0.0149994889773,-0.0655465695488,0.000373220512901,-0.0969736206033,-0.00686593296848,0.035845718807,-0.00917439287233,0.574170963354,0.818721212041,0.00200716112067,0.0,0.818676622265,-0.574109959577,-0.0121280407784,0.0,-0.00877732204659,0.00860695045442,-0.999924436656,0.0,0.658290152576,0.256427083035,0.303297613737,1.0,-0.01176,-0.015456,0.589
0.462408089155,0.528208509375,-0.12407195847,-1.38674767888,0.0778565093144,1.90545275047,0.155305741308,-0.00543727183689,-0.0618783232122,-0.000924467431053,-0.104938189374,-0.00855514091667,0.0360177266067,-0.0169433778212,0.574156364965,0.818731365886,0.0020410745361,0.0,0.818687299992,-0.574095294049,-0.012101449606,0.0,-0.00873623327872,0.00861929206572,-0.99992469018,0.0,0.658094486962,0.256174578743,0.303309307206,1.0,-0.0121,-0.0159028571429,0.606
0.462254446295,0.527062083124,-0.12407065745,-1.38850870542,0.077754515635,1.90612090872,0.155057124658,-0.0145311492784,-0.0730899725113,-0.000259564613331,-0.108418229677,-0.00933320653676,0.0439275978966,-0.0152854126789,0.574145577225,0.818738809612,0.00208918397638,0.0,0.818695328427,-0.574084256214,-0.0120819236871,0.0,-0.00869273955041,0.00864735469938,-0.999924826942,0.0,0.65789004489,0.255909075604,0.30333592842,1.0,-0.01244,-0.0163497142857,0.623
0.462109754244,0.525959426325,-0.124072827307,-1.39021958546,0.0776400055174,1.90675025086,0.154827969977,-0.00926560189048,-0.0725464064507,-9.81157784367e-05,-0.108749586981,-0.0027790353567,0.035206683078,-0.014808758177,0.574139350029,0.818743146985,0.00210069390508,0.0,0.818699896797,-0.574078060791,-0.0120667312639,0.0,-0.00867375824224,0.00864798962875,-0.999924986283,0.0,0.657687110943,0.255648224875,0.30335205406,1.0,-0.01276,-0.0167702857143,0.639
0.4619490034,0.524793943413,-0.124077304967,-1.39206038862,0.0775225910494,1.9074095181,0.154582455936,-0.00850593606884,-0.0698433812829,8.04995934459e-05,-0.109090233158,-0.0100788104915,0.0418167163509,-0.0145513186932,0.574134977435,0.81874625149,0.002085727165,0.0,0.818702803204,-0.574073750258,-0.0120746093895,0.0,-0.00868884724751,0.00864021261697,-0.999924922511,0.0,0.657451044904,0.255347262895,0.303355810033,1.0,-0.01312,-0.0172434285714,0.657
0.461774212207,0.523445713642,-0.124084732316,-1.39420177889,0.0773955842186,1.90818765808,0.154295381033,-0.00556009109129,-0.0715979886569,0.000794172772256,-0.114356389495,-0.00305858777717,0.0381736505907,-0.010429429648,0.574134492917,0.818746632071,0.00206964170535,0.0,0.818702937565,-0.574073299194,-0.0120869382535,0.0,-0.00870818160468,0.00863411614248,-0.999924806979,0.0,0.657205938649,0.255039042639,0.303349339538,1.0,-0.01348,-0.0177165714286,0.675
0.461631262402,0.522371990014,-0.124086676892,-1.3959165601,0.0772892817826,1.90885543738,0.154063934273,-0.0114007650745,-0.0746453984426,0.000465472754818,-0.11263249036,-0.00633097426939,0.0344209622408,-0.0174765642526,0.574126879855,0.818751923222,0.00208828863934,0.0,0.818708521379,-0.574065655638,-0.0120717413747,0.0,-0.00868511389567,0.00864057727191,-0.999924951794,0.0,0.657006359232,0.254782631066,0.303345755463,1.0,-0.01378,-0.0181108571429,0.69
0.461470939797,0.521112656334,-0.124093330252,-1.39791539961,0.0771743449003,1.90962439124,0.153784079838,-0.00548433550123,-0.0783272531409,-0.000301445352735,-0.121497067524,-0.00400392051191,0.0438198063097,-0.0116319751844,0.5741098462,0.818763803203,0.00211328223027,0.0,0.818720710255,-0.574048499848,-0.0120609005943,0.0,-0.00866206911829,0.00865463634234,-0.999925030104,0.0,0.656770296048,0.2544862772,0.303346021543,1.0,-0.01412,-0.0185577142857,0.707
0.461286377124,0.519753150501,-0.12409618809,-1.4000656967,0.077031362109,1.91041242339,0.153487501869,-0.0135934957538,-0.0745557369612,-0.000587114938228,-0.117190821991,-0.00611061237993,0.0396103675403,-0.0187545144938,0.574096079842,0.818773482227,0.00210304848334,0.0,0.818730330074,-0.574034853169,-0.0120573988068,0.0,-0.0086652221127,0.00864410139275,-0.999925093913,0.0,0.656511014634,0.25415642415,0.303345661486,1.0,-0.01448,-0.0190308571429,0.725
0.461110265027,0.51838923586,-0.124096158278,-1.40214929083,0.0768912865482,1.91115712472,0.153215067247,-0.0132382329263,-0.0800847051356,0.000654653683521,-0.121829000013,-0.00549975946666,0.041743232733,-0.0190661306753,0.574089777952,0.818777861005,0.00211850917708,0.0,0.818734965515,-0.574028541128,-0.0120431355712,0.0,-0.0086447344884,0.00864850507447,-0.999925233168,0.0,0.656255221295,0.25383938979,0.30337582071,1.0,-0.01482,-0.0194777142857,0.742
0.46095203773,0.517201041639,-0.124102489704,-1.40404505098,0.0767658598188,1.91183240732,0.152948278225,-0.0155361819037,-0.0827298201077,-9.9602161659e-05,-0.123723962147,-0.00957159278284,0.043447028701,-0.0189603034233,0.574071795517,0.818790557041,0.00208427310526,0.0,0.81874725674,-0.574010748655,-0.0120555759523,0.0,-0.00867476359993,0.0086274251248,-0.999925155205,0.0,0.656020797433,0.253548071014,0.303365948781,1.0,-0.01512,-0.019872,0.757
0.460768691274,0.515833197319,-0.124105688319,-1.40620850915,0.0766367309545,1.91265487787,0.152652121444,-0.00910313919493,-0.0788768736655,0.000289760767923,-0.128134164329,-0.00780855506535,0.0489253625643,-0.0193393677307,0.57406140779,0.818797784189,0.00210608517842,0.0,0.818754754168,-0.57400025492,-0.0120460275823,0.0,-0.00865453388997,0.00863969314556,-0.999925224577,0.0,0.655762221485,0.253222057405,0.303367000231,1.0,-0.01546,-0.0203188571429,0.774
0.460585345675,0.514435605354,-0.124105671184,-1.40842271268,0.0765046283553,1.91346544733,0.15233939859,-0.00543498869613,-0.0828166605615,0.000115634020776,-0.136520868316,-0.00855188912213,0.0505196957147,-0.0235268461762,0.574036490384,0.818815263309,0.00210218471446,0.0,0.818772099239,-0.573975274342,-0.0120573982697,0.0,-0.00866634654482,0.00864276317751,-0.999925095736,0.0,0.655488602566,0.252891094068,0.303363191141,1.0,-0.0158,-0.0207657142857,0.791
0.460385098571,0.513030742439,-0.12410645377,-1.41070514598,0.0763560080224,1.91425019646,0.152034646912,-0.00927634728475,-0.0831900924159,0.000890078579165,-0.133875869829,-0.0076761205189,0.043717692216,-0.0195431936571,0.574030852013,0.818819426497,0.00201857121275,0.0,0.818775111606,-0.573969939512,-0.0121066944969,0.0,-0.00875476600422,0.00860253765264,-0.999924672372,0.0,0.655198246801,0.252536315932,0.303329367678,1.0,-0.01614,-0.0212125714286,0.808
0.460202146634,0.511691791381,-0.124115543371,-1.4128613898,0.0762318694246,1.91503889977,0.1517267225,-0.0101586487545,-0.0879993165735,-0.00167874998168,-0.139655702483,-0.00758769183443,0.0512023618496,-0.0188621973341,0.57401451796,0.818830933939,0.00199541876401,0.0,0.818786227398,-0.573953621801,-0.0121285096616,0.0,-0.00878609022634,0.00859592752707,-0.999924454471,0.0,0.65493233655,0.252206328471,0.303309634055,1.0,-0.01646,-0.0216331428571,0.824
0.460001491205,0.51022044993,-0.124110706552,-1.41517768288,0.0760900157082,1.9159215492,0.151399795955,-0.011878495506,-0.0818596340906,0.00146768180193,-0.135097876713,-0.00203820620218,0.0479306820004,-0.021402649336,0.573990515065,0.818847682809,0.00202678927933,0.0,0.818803361529,-0.573929459913,-0.0121151597121,0.0,-0.00875740498784,0.00861369447858,-0.999924553217,0.0,0.654651947157,0.251859180618,0.30331363331,1.0,-0.0168,-0.02208,0.841
0.459783614715,0.508707795694,-0.124116053591,-1.41755029326,0.0759371672112,1.91677181008,0.151068518816,-0.0164674065357,-0.0927078060491,0.000786707867857,-0.1377962567,-0.00619804242011,0.0418534854899,-0.0181185778014,0.573983409095,0.818852695807,0.00201384102651,0.0,0.818808213519,-0.573922419665,-0.0121207500036,0.0,-0.00876948914073,0.00860622467757,-0.999924511629,0.0,0.654358986711,0.25148486632,0.303316725253,1.0,-0.01714,-0.0225268571429,0.858
0.459596934132,0.507273523366,-0.124119248423,-1.41981054258,0.0757933366767,1.91758443089,0.150762251808,-0.0152287562738,-0.096551004011,-0.00130673393576,-0.14905521104,-0.00345339074052,0.0560667529813,-0.023631148644,0.573964434885,0.818866006638,0.00200936824387,0.0,0.818821472083,-0.573903473588,-0.0121221599296,0.0,-0.00877341019387,0.00860316817465,-0.999924503536,0.0,0.654058493404,0.251118825174,0.303322151487,1.0,-0.01748,-0.0229737142857,0.875
0.459363406273,0.505611259919,-0.124130530796,-1.42240608253,0.0756261691121,1.91857060586,0.150405378669,-0.0168783102214,-0.0922551587316,-0.00142406788789,-0.144098423037,-0.0105690430152,0.0600280426217,-0.0187678399533,0.573962150776,0.818867543191,0.00203545724459,0.0,0.818823448582,-0.57390117307,-0.0120975411484,0.0,-0.00873830073783,0.00861037663354,-0.999924748926,0.0,0.653762351081,0.250738005387,0.303327150301,1.0,-0.01782,-0.0234205714286,0.892
0.459151800316,0.503958589264,-0.124133766609,-1.42488257548,0.0754783942576,1.91952232827,0.150060623828,-0.00475062385236,-0.0996024254182,-0.00133452385708,-0.146877752874,-0.0065361235923,0.0486989815258,-0.023335703209,0.573943282357,0.818880486784,0.00214567048718,0.0,0.818837839522,-0.573881842697,-0.0120403525648,0.0,-0.00862841456001,0.00866760253602,-0.999925208767,0.0,0.65346311731,0.250366387264,0.303385644717,1.0,-0.01816,-0.0238674285714,0.909
0.458928431136,0.50237571444,-0.124134457307,-1.42721854998,0.0753300879983,1.92039253325,0.149730050095,-0.0142681002914,-0.103743855515,-0.000339445876273,-0.152092753318,-0.00509997621219,0.0501009404857,-0.0234463778056,0.573935655887,0.81888556782,0.00224424116199,0.0,0.818844246593,-0.573873847166,-0.0119855855953,0.0,-0.00852707592889,0.00871680671883,-0.999925650364,0.0,0.653180902744,0.249998862549,0.303454459013,1.0,-0.01848,-0.024288,0.925
0.458702470585,0.500662813198,-0.124135146615,-1.42980530155,0.0751621564512,1.92129349674,0.149375608909,-0.0117763182223,-0.0997278638517,-0.000591195265994,-0.155840017835,-0.0105079570141,0.0534329289621,-0.0174149541245,0.573917270282,0.818898393967,0.00226586209771,0.0,0.818857318597,-0.573855338358,-0.0119787027314,0.0,-0.00850922719683,0.00873037022147,-0.999925684083,0.0,0.652848507149,0.249600746318,0.303496761525,1.0,-0.01882,-0.0247348571429,0.942
0.458454769693,0.49896159013,-0.124135181748,-1.43242882966,0.0749933833003,1.92225435233,0.148999489905,-0.0151868706814,-0.0986995648911,-0.000549539378195,-0.155069107361,-0.0100577549624,0.0569655819245,-0.0283958066225,0.573900018375,0.818910402418,0.00229534807843,0.0,0.818869719677,-0.573837977044,-0.0119626585129,0.0,-0.0084793508526,0.00874512934873,-0.999925808909,0.0,0.652523060615,0.249188270058,0.303517988204,1.0,-0.01916,-0.0251817142857,0.959
0.458205829023,0.497374663708,-0.124134515316,-1.43491438963,0.0748414058827,1.92317246682,0.148632860814,-0.0120386251331,-0.105308944725,0.000576321139507,-0.156378618538,-0.0114505295463,0.0568257693896,-0.0251717977457,0.57388833085,0.818918544733,0.00231251097728,0.0,0.81887802382,-0.573826157578,-0.0119611824434,0.0,-0.0084684178747,0.0087582160694,-0.999925787021,0.0,0.652217493272,0.248790151789,0.303520896874,1.0,-0.01948,-0.0256022857143,0.975
0.457911992254,0.495510611393,-0.12413848962,-1.43792472189,0.0746508429378,1.92421302894,0.148185601635,-0.0102123449666,-0.0986418220205,-0.00171877725246,-0.157857576256,-0.0129307809331,0.0509880859166,-0.027653843457,0.573865853182,0.818934550792,0.00222057947802,0.0,0.818892697859,-0.573803923857,-0.0120230304445,0.0,-0.00857206285723,0.00871819079559,-0.99992525365,0.0,0.651829635831,0.248303845415,0.303477360516,1.0,-0.01986,-0.0261017142857,0.994
0.457658507201,0.493986886087,-0.124149442463,-1.44039459774,0.0745069666584,1.92509547296,0.147839112018,-0.0147543309937,-0.111981740775,-0.00525440129358,-0.177671142649,-0.0111874869621,0.0650983114983,-0.0274769047089,0.573883182451,0.818922547237,0.00216827776401,0.0,0.818879870916,-0.573821328592,-0.0120659340273,0.0,-0.00863702769066,0.00870016313942,-0.999924851633,0.0,0.651519958932,0.247896185471,0.303439877186,1.0,-0.0265811428571,-0.0349352163265,1.009
0.457331204679,0.491229735107,-0.124242629486,-1.44449955351,0.07428216414,1.92664597315,0.147240678105,-0.0219593864629,-0.183297762488,-0.00656276670114,-0.269850537214,-0.0156326754675,0.103436455473,-0.035106431021,0.573873985099,0.818928528117,0.00233708436722,0.0,0.818888237139,-0.573811620762,-0.0119593417573,0.0,-0.0084529627197,0.00877713499802,-0.999925751905,0.0,0.651018450303,0.247246843561,0.303541834927,1.0,-0.0406085714286,-0.0533712653061,1.026
0.456781836139,0.487186497113,-0.124274931122,-1.45095172813,0.0739395396397,1.92910884549,0.146259843986,-0.0376096269789,-0.251550931005,-0.00400674711468,-0.407162930955,-0.0278355732596,0.151487287146,-0.0613354287017,0.573774516715,0.818998036638,0.00240142735543,0.0,0.818958193161,-0.573711497767,-0.0119725555066,0.0,-0.00842793523247,0.00883638598547,-0.999925441316,0.0,0.650204300823,0.246270493472,0.303496174472,1.0,-0.0554611428571,-0.0728917877551,1.044
0.456029452742,0.482107861145,-0.124421179755,-1.45898726771,0.0734544599736,1.93202907463,0.145024922096,-0.0460018769575,-0.321895556009,-0.0139073687397,-0.520651721176,-0.0357667857419,0.18361919262,-0.084004516548,0.573750283656,0.81901517296,0.00234635198421,0.0,0.818974857803,-0.573687747163,-0.0119707118693,0.0,-0.00845828411639,0.0087899718474,-0.999925594144,0.0,0.649195489792,0.244930649231,0.303454265995,1.0,-0.0694885714286,-0.0913278367347,1.061
0.454971478157,0.475389198368,-0.124590926641,-1.46960930731,0.0728164595148,1.93570717528,0.143482791328,-0.0678357714224,-0.403578809204,-0.00619825181477,-0.636943798371,-0.0384998869384,0.217086147017,-0.0915644163276,0.573820299517,0.81896668373,0.00214049148187,0.0,0.818923539802,-0.573758467216,-0.0120914911,0.0,-0.00867457026813,0.00869140924241,-0.999924602776,0.0,0.647818165007,0.243122866934,0.303376806941,1.0,-0.0843411428571,-0.110848359184,1.079
0.453845685908,0.468304425754,-0.124724637621,-1.48050156087,0.0722009692768,1.9396709316,0.141838567115,-0.0780812034607,-0.476864943425,-0.00575815865359,-0.700346096784,-0.0408465075545,0.275330879253,-0.110841924257,0.573849543742,0.818945794348,0.0022877868089,0.0,0.818904246164,-0.573786750874,-0.0120559958745,0.0,-0.00856067017778,0.00879197533684,-0.999924705213,0.0,0.646427760659,0.241290021284,0.303436061502,1.0,-0.0975434285714,-0.128199934694,1.095
0.452537447477,0.460300119563,-0.124826500358,-1.49284680074,0.0714280608718,1.9441544626,0.139855042598,-0.0899135006437,-0.521744010139,-0.00105196670529,-0.791471557944,-0.049517600587,0.284318237724,-0.11672916512,0.573742183952,0.819020696897,0.0023981888343,0.0,0.818980576284,-0.573678936191,-0.0120016974301,0.0,-0.0084540109398,0.00885012056046,-0.999925099728,0.0,0.644824695355,0.239211871901,0.303469012657,1.0,-0.110745714286,-0.145551510204,1.111
0.45075094027,0.450049017446,-0.125006938125,-1.50857605268,0.0703893874745,1.94962683873,0.137410322116,-0.103550302638,-0.597528697734,-0.0133489775501,-0.879367077554,-0.0624127931303,0.320364809273,-0.140591964573,0.573774338805,0.818998294942,0.00235540063915,0.0,0.818957809979,-0.573711463276,-0.0120003867352,0.0,-0.00847713913868,0.00881465742292,-0.999925217167,0.0,0.64273848644,0.236440124035,0.303505485064,1.0,-0.125598285714,-0.165072032653,1.129
0.449194648243,0.441274390202,-0.125113200198,-1.52197911025,0.0695017291884,1.95436817785,0.135339778884,-0.116430132691,-0.647453493494,-0.00222178241537,-0.996427437018,-0.0623456529857,0.351053788439,-0.156781429917,0.573793929251,0.818984452544,0.00239586053343,0.0,0.818944516129,-0.573730908884,-0.0119779211414,0.0,-0.00843531435312,0.00883510538439,-0.999925390409,0.0,0.640799273156,0.233914982216,0.303531267242,1.0,-0.137975428571,-0.181339134694,1.144
0.447066712184,0.429590705107,-0.125253436416,-1.53961184233,0.0683394424407,1.96046606928,0.13245525307,-0.128184973947,-0.700445598554,-0.00599500001259,-1.06142970697,-0.0656578952643,0.364040112221,-0.170306265813,0.573726852907,0.81903099411,0.00254476760379,0.0,0.818992787795,-0.573663026784,-0.011928627008,0.0,-0.00831023614845,0.00892809184033,-0.999925611809,0.0,0.638520154041,0.230962723532,0.303660709659,1.0,-0.151177714286,-0.198690710204,1.16
0.444479424792,0.416261334136,-0.125428926223,-1.55964126538,0.0669289851872,1.96745096081,0.129127816843,-0.154926616542,-0.765622179677,-0.0122110303332,-1.12611896224,-0.0791663822934,0.410578166625,-0.191190062919,0.57370796494,0.819043636026,0.00272766384089,0.0,0.819008328265,-0.573644019915,-0.0117746995058,0.0,-0.00807944019998,0.00898939136732,-0.999926954077,0.0,0.635763242225,0.227290702168,0.303791366817,1.0,-0.166030285714,-0.218211232653,1.178
0.441727198631,0.402731739087,-0.125574106716,-1.58002486044,0.0655042412395,1.97448407261,0.125697097113,-0.174815733308,-0.826477686142,-0.00973377099939,-1.22249716919,-0.081283462089,0.414107917181,-0.215454671144,0.573696650301,0.819051165254,0.00284412205969,0.0,0.819017378718,-0.573632301813,-0.0117159112219,0.0,-0.00796460379791,0.00905093867595,-0.999927320157,0.0,0.632886135873,0.223511883065,0.303848517412,1.0,-0.180057714286,-0.236647281633,1.195
0.438646175595,0.388208024586,-0.125752327472,-1.60155800173,0.0639675912086,1.98189322647,0.121997960701,-0.190820396066,-0.850974343759,-0.0109214650932,-1.30802746082,-0.105343977036,0.436914029684,-0.229386591356,0.573738560053,0.819020732866,0.00313858967011,0.0,0.818991037238,-0.573673549083,-0.0115363298567,0.0,-0.00764811470853,0.00918949101582,-0.999928527244,0.0,0.629811802003,0.219413591888,0.304012016617,1.0,-0.194085142857,-0.255083330612,1.212
0.435689639845,0.374717414328,-0.125894132793,-1.62163645828,0.0624485397323,1.98856196921,0.118361834817,-0.2011408408,-0.917254716268,-0.00537839864806,-1.35468403331,-0.104125244968,0.460353256619,-0.250357342812,0.573611979302,0.819109362271,0.00314590900538,0.0,0.819079979608,-0.573547224726,-0.011502822102,0.0,-0.00761788856493,0.00917508428624,-0.999928890273,0.0,0.626835986801,0.215547593998,0.304061053808,1.0,-0.206462285714,-0.271350432653,1.227
0.431479259898,0.356731340247,-0.126100594947,-1.64826765716,0.0604067969142,1.99733976464,0.113581235147,-0.225857556378,-0.964004182971,-0.0103629400643,-1.42563388646,-0.115256149014,0.449950168916,-0.255776844001,0.573669776454,0.81906876285,0.00317745304329,0.0,0.819040054183,-0.573605239946,-0.0114527399372,0.0,-0.00755812333359,0.00917272867576,-0.999929365416,0.0,0.622830051403,0.210257272683,0.304110626135,1.0,-0.22214,-0.291955428571,1.246
0.427730817964,0.341788454994,-0.126331099642,-1.67025463735,0.0587445613015,2.00447959436,0.10940793243,-0.258841354788,-1.02431980387,-0.0165378178453,-1.48855049143,-0.121166662909,0.494102655678,-0.282887573856,0.573765668093,0.819001434846,0.00321787804595,0.0,0.818973123532,-0.573700845531,-0.011450313105,0.0,-0.00753186851847,0.00920532941412,-0.999929263932,0.0,0.619471624577,0.205717223846,0.304142335481,1.0,-0.234517142857,-0.308222530612,1.261
0.423239797773,0.32422287824,-0.126490516804,-1.69603213019,0.0567001331939,2.01276891425,0.104404898153,-0.267196657939,-1.0660094986,-0.0101603591148,-1.5524890551,-0.148654809984,0.517857962373,-0.300554923908,0.573697380726,0.819049251067,0.00322282127256,0.0,0.819020885972,-0.573632408507,-0.0114627724797,0.0,-0.00754000565435,0.00921589791603,-0.999929105257,0.0,0.615404988227,0.200425935243,0.304126567312,1.0,-0.248544571429,-0.326658579592,1.278
0.4183733393,0.305800963667,-0.126665585011,-1.72267955557,0.0545271318367,2.02113347419,0.0990380737737,-0.297235328958,-1.12508141987,-0.015592157576,-1.60475671594,-0.138353508078,0.51842979451,-0.331962250816,0.57357709937,0.819133265712,0.00327886912961,0.0,0.819105501303,-0.573511823593,-0.0114504512908,0.0,-0.00749911972717,0.00925363454113,-0.99992906421,0.0,0.611084612952,0.194848640079,0.304176634735,1.0,-0.262572,-0.345094628571,1.295
0.413004158817,0.286660375811,-0.126878565419,-1.75012752801,0.0522015636335,2.02955597488,0.0933424957363,-0.321214939878,-1.15873467438,-0.0192793708991,-1.62799421293,-0.140764979516,0.517150255212,-0.345134703043,0.573537541708,0.819160901092,0.00329443087027,0.0,0.819133403014,-0.573472305796,-0.0114336981375,0.0,-0.0074769175555,0.00925641170678,-0.999929204767,0.0,0.606537614724,0.188907998265,0.30422295978,1.0,-0.276599428571,-0.363530677551,1.312
0.406785277757,0.265666375035,-0.127126122481,-1.77994281559,0.0496799207611,2.03853841546,0.0868678875618,-0.350794113484,-1.19720920191,-0.0159489969175,-1.66428595845,-0.144985775196,0.487931274478,-0.364776112611,0.573515447889,0.819176013025,0.00338195495288,0.0,0.819149222144,-0.573449429473,-0.0114477333413,0.0,-0.0074384716321,0.00933595742964,-0.999928751981,0.0,0.601481143204,0.182284885198,0.304275078548,1.0,-0.291452,-0.3830512,1.33
0.400695291129,0.246441535717,-0.127432640188,-1.80701247623,0.0472231553279,2.04655497858,0.0808236154691,-0.387493950791,-1.20517136345,-0.0136082628568,-1.70486663133,-0.157361497951,0.492500581287,-0.385510332987,0.573657229811,0.819076608443,0.00341161087752,0.0,0.819050745552,-0.573591794772,-0.01136116554,0.0,-0.00734893442195,0.00931187646637,-0.999929638584,0.0,0.59681711872,0.176007000987,0.304309965869,1.0,-0.304654285714,-0.40040277551,1.346
0.393846769245,0.225300341418,-0.1276465055,-1.83644784746,0.0446104585075,2.05503395921,0.0738825153832,-0.412831959372,-1.24931061282,-0.0126009513388,-1.73645077036,-0.149133072231,0.488472411936,-0.419773895679,0.57354709795,0.819153188897,0.00353927315821,0.0,0.819128288986,-0.573480443659,-0.0113918315199,0.0,-0.00730209176379,0.0094330522904,-0.999928845959,0.0,0.591555353596,0.169207862926,0.3043550381,1.0,-0.318681714286,-0.41883882449,1.363
0.385945718381,0.202282134517,-0.127946742075,-1.86833034998,0.0415290260195,2.06383153736,0.0660579462139,-0.459563609713,-1.28303728453,-0.0195080475473,-1.79018240098,-0.17889631904,0.469612942061,-0.442070948978,0.573440022106,0.819228879672,0.00336610449986,0.0,0.81920177762,-0.57337392747,-0.011468816172,0.0,-0.00746569260412,0.00933437670483,-0.999928563871,0.0,0.5856879631,0.161584037514,0.304303608199,1.0,-0.333534285714,-0.438359346939,1.381
0.379311884899,0.183797414434,-0.128243676799,-1.89345774754,0.0391098289353,2.07056108774,0.0596048087315,-0.485585376335,-1.32798509911,-0.0267710285459,-1.80612862313,-0.171387477651,0.469295237611,-0.472008919905,0.573438832197,0.819229614645,0.00338985504275,0.0,0.819202480319,-0.57337224175,-0.0115028487912,0.0,-0.00747996961008,0.00937333830254,-0.999928092707,0.0,0.580961101706,0.155393531991,0.304346999207,1.0,-0.345086285714,-0.45354197551,1.395
