position_joint1,position_joint2,position_joint3,position_joint4,position_joint5,position_joint6,position_joint7,velocity_joint1,velocity_joint2,velocity_joint3,velocity_joint4,velocity_joint5,velocity_joint6,velocity_joint7,ee_T_00,ee_T_10,ee_T_20,ee_T_30,ee_T_01,ee_T_11,ee_T_21,ee_T_31,ee_T_02,ee_T_12,ee_T_22,ee_T_32,ee_T_03,ee_T_13,ee_T_23,ee_T_33,v_x,v_y,time
0.465078947498,0.547816823909,-0.123978251309,-1.35577618526,0.0794564482376,1.8940868917,0.159175211647,-0.000657268827374,0.000665329226757,0.000429481974506,-0.000342528520239,-0.000282812187552,-0.000242250295918,-0.000673688020672,0.573792713726,0.818986541878,0.00192686228808,0.0,0.818943479403,-0.573734614636,-0.0118708219241,0.0,-0.0086167017028,0.00838954395727,-0.999927681387,0.0,0.661685151446,0.260898191266,0.303214567632,1.0,0.0,0.0,0.0
0.46507901911,0.547819329563,-0.123978731331,-1.35577095059,0.0794555265331,1.89408757715,0.159173135241,-0.00043817921825,0.00127880668584,0.000286321316337,0.0015348855004,0.000252268003437,7.58587436933e-05,0.00813822762365,0.573790769347,0.818987899291,0.00192891920816,0.0,0.818944880616,-0.573732678621,-0.0118677249893,0.0,-0.00861300500123,0.00838943108519,-0.999927714183,0.0,0.661686565677,0.260898447194,0.303215357736,1.0,-0.0,-0.0,0.001
0.465081128963,0.547821577232,-0.123981518638,-1.35577375812,0.0794591494137,1.89408603796,0.159180325472,1.34904064353e-05,0.00279598353383,-0.00123923207549,-0.000842343608588,0.000289982719948,-0.000541383112983,0.000843561789112,0.573797983424,0.818982855135,0.00192460753786,0.0,0.818939757082,-0.573739886904,-0.0118727986098,0.0,-0.00861956034605,0.00838888704152,-0.99992766226,0.0,0.66168544096,0.260898348634,0.303212394499,1.0,-0.0003,-0.000394285714286,0.016
0.465078699477,0.547805952157,-0.123979208104,-1.35577729608,0.0794548604038,1.89409075254,0.159178760042,0.0019529323617,-5.33550755342e-05,0.000403021578099,-0.000446379072566,-4.37988939219e-05,-0.000123993851115,0.00106703218698,0.573796139337,0.818984116767,0.00193748962377,0.0,0.818941216466,-0.573738019465,-0.0118623730557,0.0,-0.00860364930722,0.00839343557176,-0.99992776112,0.0,0.661686330097,0.260897492224,0.303222104773,1.0,-0.00064,-0.000841142857143,0.033
0.465080035881,0.547760620196,-0.123976478355,-1.35581651398,0.0794544046297,1.89409474127,0.159171979019,-0.00136181647984,-0.00613899672076,0.000942491183869,-0.00712784428602,9.50302185973e-05,0.000573807035319,-0.00196871427888,0.573789552315,0.818988704802,0.00194883630146,0.0,0.818945906641,-0.573731342352,-0.0118615218541,0.0,-0.00859650946249,0.00840217059408,-0.999927749167,0.0,0.66167838589,0.260896095763,0.303235808016,1.0,-0.001,-0.00131428571429,0.051
0.465077860534,0.54765563061,-0.123976465699,-1.35594440979,0.0794557268951,1.89412611454,0.159174736236,-0.00049077704149,-0.00931281201418,0.000177571355352,-0.00642129474429,0.000313018897047,0.000897220281626,0.000505393012234,0.573800946888,0.818980689973,0.00196206611364,0.0,0.81893796149,-0.573742581154,-0.0118664528482,0.0,-0.00859284030354,0.00841595433713,-0.999927664788,0.0,0.661658590201,0.260883208122,0.303252037384,1.0,-0.00132,-0.00173485714286,0.067
0.465069198686,0.54753197094,-0.123979997351,-1.35612755028,0.0794529632265,1.89415477849,0.159164593116,-0.000559188004968,-0.0107889269191,0.000146774767047,-0.0162703649938,0.000612958035189,0.0055122720923,-0.00751338759013,0.57381144435,0.818973385079,0.00194107356183,0.0,0.818930273906,-0.573753056655,-0.0118904734866,0.0,-0.00862445047961,0.00841265563869,-0.999927420406,0.0,0.661628808116,0.260856810357,0.303255070094,1.0,-0.00164,-0.00215542857143,0.083
0.46504890597,0.54735825293,-0.123982087378,-1.35634681977,0.079447443919,1.89427764141,0.159151691528,-0.000511589848853,-0.013227513961,0.000268804776479,-0.00874587059546,-0.00204432146284,0.00388264669856,-0.00199170464081,0.573830007608,0.818960213227,0.00200958215438,0.0,0.818917990479,-0.573771334241,-0.0118544410888,0.0,-0.00855543968649,0.0084482796553,-0.999927712899,0.0,0.661613716665,0.260825893241,0.303284490806,1.0,-0.002,-0.00262857142857,0.101
0.465032136548,0.547196171124,-0.123982163851,-1.35654441199,0.079442832846,1.89438445806,0.159145281018,-0.00238711204154,-0.00692204543332,-0.000852507236717,-0.0153532826043,0.000146731129382,0.0043027350747,-0.00144020784342,0.573848554466,0.818947057843,0.00207361731367,0.0,0.818905648708,-0.573789602643,-0.0118227455936,0.0,-0.0084925461729,0.00848272571889,-0.999927957417,0.0,0.661598646799,0.260799948242,0.303314522447,1.0,-0.0023,-0.00302285714286,0.116
0.46500092863,0.546967816129,-0.123979346261,-1.35684587897,0.0794379074243,1.89452140617,0.15912727289,-0.000162655799229,-0.0130115311896,-0.000840650236421,-0.0163740929528,-0.000355512478876,0.0104261637179,-0.00464117555273,0.573870909024,0.818931231802,0.00213641178712,0.0,0.818890542946,-0.573811610054,-0.0118009212326,0.0,-0.00843840753958,0.00852185687552,-0.999928083031,0.0,0.661568810039,0.260754071489,0.303344155126,1.0,-0.00268,-0.00352228571429,0.135
0.46496257844,0.546723018325,-0.123977144528,-1.35721872095,0.0794278238543,1.8946561463,0.159057382615,-0.00436799429155,-0.0147648878689,-0.000612259050583,-0.0217282231305,-0.00251476456566,0.00483159394349,-0.00474002198983,0.573863866938,0.818936133528,0.00214902902413,0.0,0.818895476971,-0.57380438623,-0.0118097857982,0.0,-0.00843850050652,0.00853720386126,-0.999927951334,0.0,0.661528478389,0.260699036706,0.303352091808,1.0,-0.003,-0.00394285714286,0.151
0.464927140891,0.546445382362,-0.12398216764,-1.35763691493,0.0794122995354,1.89481172451,0.158938338876,0.000483073873729,-0.0151427135503,0.000242141748252,-0.0260506699132,-0.000432340257747,0.00177021869456,-0.00469305526528,0.573818178706,0.818968100656,0.0021667474402,0.0,0.818927605677,-0.573758564534,-0.0118081829432,0.0,-0.0084274975116,0.00855032394381,-0.999927932026,0.0,0.661482132671,0.260634742533,0.303363309668,1.0,-0.00334,-0.00438971428571,0.168
0.464885517919,0.546158089791,-0.123981804581,-1.3581214706,0.0793874224856,1.89497136261,0.158929547987,-0.00532339452582,-0.0247614156915,0.000536845424979,-0.0259507787442,-0.000598145897951,0.00608208750581,-0.00385020070102,0.573867504383,0.818933622076,0.00213470081808,0.0,0.818892634848,-0.573807933897,-0.011834461951,0.0,-0.00846689353892,0.00853966833816,-0.999927690275,0.0,0.661426416475,0.260563329686,0.303347331982,1.0,-0.00366,-0.00481028571429,0.184
0.464832249775,0.545832282824,-0.123982853919,-1.35867930398,0.0793028088091,1.89515925003,0.158848027753,-0.00125271697163,-0.0220536420912,-0.000503345969534,-0.0361315540269,-0.00948217776215,0.0151534977284,-0.000843777790841,0.57385145245,0.818945035717,0.00207024076551,0.0,0.818903649091,-0.573792580014,-0.0118167477927,0.0,-0.00848954160307,0.00847654880129,-0.999928035312,0.0,0.661359307745,0.260461745684,0.303331292008,1.0,-0.00402,-0.00528342857143,0.202
0.464782055914,0.545509965006,-0.123985123929,-1.35922103245,0.0792645140546,1.89534506202,0.158770295757,-0.00278328998011,-0.0170300857345,-0.00111174200402,-0.0324662051917,9.02423092856e-05,0.0123752103692,-0.00589888454105,0.573850515151,0.818945774065,0.00203771983919,0.0,0.8189040012,-0.573791809001,-0.0118297778097,0.0,-0.00851888360752,0.0084573838507,-0.999927948044,0.0,0.661296159537,0.260373572899,0.303317783373,1.0,-0.00432,-0.00567771428571,0.217
0.464717328094,0.545077681744,-0.123980352636,-1.35996804518,0.0792493787706,1.89558250929,0.158686725218,-0.000188496092965,-0.0251519689937,-0.000155113581818,-0.0376476491212,-0.00367397417244,0.0206262495785,-0.00823631061148,0.573869236316,0.818932774229,0.00198942315948,0.0,0.818890017479,-0.57381037281,-0.0118971521812,0.0,-0.00860158180346,0.0084566912199,-0.999927245935,0.0,0.66119983434,0.260264196185,0.303288680628,1.0,-0.00468,-0.00615085714286,0.235
0.464643290279,0.544647200549,-0.123983885252,-1.36067588532,0.079221743147,1.89583808735,0.158608520251,-0.00636447235254,-0.0264315518178,-0.000946054625301,-0.0426907522599,-0.00229895432605,0.0179454292222,-0.00536327975972,0.573900428746,0.818910944127,0.00197746672947,0.0,0.818867897876,-0.573841479429,-0.0119192791858,0.0,-0.00862624181967,0.00845992633873,-0.999927006135,0.0,0.661121025507,0.260147701252,0.30327873103,1.0,-0.00502,-0.00659771428571,0.252
0.464586291425,0.544161380108,-0.123988789107,-1.36145483869,0.0791820511529,1.89612011265,0.158489016104,-0.00149168491564,-0.033124005667,-0.000532539774484,-0.0444854223336,-0.00261498791962,0.0146702391627,-0.00181776111078,0.573885514063,0.818921412804,0.00197060893996,0.0,0.81887821666,-0.573826535747,-0.0119297968509,0.0,-0.00863894471675,0.00846018921781,-0.999926894244,0.0,0.66102905659,0.260033811922,0.303276372377,1.0,-0.00536,-0.00704457142857,0.269
0.464506154924,0.543653497559,-0.12398394491,-1.36228654496,0.0791415535521,1.8964013207,0.158406565323,-0.00765263214161,-0.0346016451833,0.00110314130698,-0.0475722765198,-0.00442796586712,0.0121183426383,-0.00717124050092,0.573915623824,0.818900383237,0.0019406097102,0.0,0.818856639221,-0.573856614402,-0.0119640048621,0.0,-0.00868386363977,0.00845557325522,-0.999926544199,0.0,0.660929073363,0.259904119025,0.303264071081,1.0,-0.0057,-0.00749142857143,0.286
0.46442663014,0.543081398719,-0.123992063848,-1.36319157974,0.0790823620008,1.8967271654,0.158274131813,-0.00532410727404,-0.0310765589825,-0.00154924792308,-0.0502571449524,-0.00190293482724,0.0186839439457,-0.00853548762183,0.573912519558,0.818902583834,0.0019300223044,0.0,0.818858762397,-0.573853614213,-0.011962591747,0.0,-0.00868881430268,0.00844605945837,-0.999926581598,0.0,0.660826533448,0.259759476201,0.303266504326,1.0,-0.00606,-0.00796457142857,0.304
0.464356686065,0.542573768344,-0.123993130215,-1.36399680518,0.0790344296935,1.89701425327,0.15816237193,-0.00289085270143,-0.0352174888069,-0.000215784675211,-0.0513480213461,-0.00861932976827,0.0247666974405,-0.0126044722929,0.573910946652,0.818903706992,0.00192116849691,0.0,0.818859745278,-0.573852054852,-0.0119701130763,0.0,-0.00870007098494,0.00844310902918,-0.999926508637,0.0,0.660732693416,0.259635450456,0.303267196027,1.0,-0.00636,-0.00835885714286,0.319
0.464279167321,0.541964933381,-0.123995302453,-1.36492675958,0.0789802626878,1.89736495498,0.158045237444,-0.004195302323,-0.0344136940822,-0.00195085528202,-0.0554676168092,-0.0020972993484,0.015397341035,-0.00330604602269,0.573922703481,0.818895411509,0.00194482378101,0.0,0.818851772227,-0.573863723925,-0.01195610245,0.0,-0.00867490063719,0.00845456381748,-0.999926630533,0.0,0.660621814073,0.259485235704,0.303285374408,1.0,-0.00672,-0.008832,0.337
0.464193987961,0.541321234913,-0.123998838762,-1.36591937167,0.0789227353138,1.89772913441,0.157905762099,-0.00751688087623,-0.0395965986231,-0.000638855415608,-0.0618511700382,-0.00125205227209,0.0219617270039,-0.00608912223458,0.573914950878,0.818900808334,0.00196014551921,0.0,0.818857330877,-0.573855870883,-0.0119523229254,0.0,-0.00866309268247,0.00846485932736,-0.9999266458,0.0,0.660514584932,0.259343338743,0.303299909776,1.0,-0.00704,-0.00925257142857,0.353
0.464113665065,0.540718762507,-0.12399958773,-1.36685780193,0.0788674823164,1.89807077458,0.157789718867,-0.00276945676988,-0.0400392371241,-0.00105704684564,-0.0609926566303,-0.00611492216382,0.0196404646354,-0.00780403833107,0.573923436701,0.818894848451,0.00196542292125,0.0,0.818851414103,-0.573864308406,-0.011952575498,0.0,-0.008660183171,0.00846941560813,-0.999926632422,0.0,0.660406002193,0.259200615814,0.303308754855,1.0,-0.00734,-0.00964685714286,0.368
0.464019429183,0.53994802093,-0.124005134153,-1.36803058182,0.0788002673863,1.89850426194,0.157657855182,-0.00466323217948,-0.0415281690638,0.00088643499882,-0.0649342231355,-0.0019178748451,0.0222330423913,-0.00792481241623,0.573943439085,0.818880763415,0.00199272200205,0.0,0.818837670942,-0.57388418054,-0.0119399696028,0.0,-0.00863398602126,0.00848474641703,-0.999926728997,0.0,0.66027122475,0.259024623029,0.303333002206,1.0,-0.0077,-0.01012,0.386
0.463903292405,0.539152416402,-0.124006613034,-1.36926119062,0.0787298357424,1.89897475843,0.157506670752,-0.00368437614137,-0.0500380908235,0.00147332137147,-0.0715479915383,-0.00555977178394,0.0291743047994,-0.00424611656986,0.573965069478,0.818865526438,0.00202374186387,0.0,0.818822820618,-0.573905662273,-0.0119258604327,0.0,-0.00860440472827,0.00850227702821,-0.999926835076,0.0,0.660135783627,0.258831991269,0.303350236766,1.0,-0.00806,-0.0105931428571,0.404
0.463802444712,0.538435609379,-0.12401161751,-1.3703899221,0.0786710762269,1.89941430963,0.157357089936,-0.00338481710216,-0.0524067001774,-0.000317410425364,-0.0746685415617,-0.000365502577568,0.0266107047149,-0.0103323027609,0.573975447153,0.818858187599,0.00204977291498,0.0,0.818815778428,-0.573915889352,-0.0119172080893,0.0,-0.0085822714071,0.0085187352589,-0.999926885211,0.0,0.660011616669,0.25865826288,0.303357615553,1.0,-0.00838,-0.0110137142857,0.42
0.463678636899,0.537542938604,-0.124023291936,-1.37177977218,0.0785895110975,1.89994108793,0.157187668399,-0.00397042500562,-0.0531857516646,-0.0009073100481,-0.0753753780311,-0.00617403211495,0.0322558509693,-0.0013140856955,0.57400117003,0.818840099762,0.00207237204406,0.0,0.81879802562,-0.573941557036,-0.0119008087575,0.0,-0.00855560371441,0.00852809648143,-0.999927033946,0.0,0.659857472415,0.258439071412,0.30337253664,1.0,-0.00876,-0.0115131428571,0.439
0.463587219676,0.536810163919,-0.124027196259,-1.37292715961,0.0785164047501,1.9003649581,0.157045090016,-0.00874333330866,-0.0550264304176,-0.00201280888397,-0.0784360681053,-0.00449794425486,0.032902264571,-0.0138997043767,0.574005593012,0.818836988261,0.00207671572949,0.0,0.818795010353,-0.573946001352,-0.0118939251076,0.0,-0.00854742768927,0.00852774819741,-0.999927106839,0.0,0.659723873138,0.258266847745,0.303380624552,1.0,-0.00906,-0.0119074285714,0.454
0.463477430837,0.536060678576,-0.124024402395,-1.3740893233,0.0784416971255,1.90080611103,0.156904465394,-0.00816050840384,-0.0574933944119,0.000543060498157,-0.0802683688277,-0.00376721507698,0.0249131157139,-0.012666272761,0.574022300717,0.8188252208,0.00209832383415,0.0,0.818783554871,-0.573962650127,-0.011879117552,0.0,-0.0085227256326,0.0085371158018,-0.999927237754,0.0,0.659593805144,0.25808578369,0.303394630443,1.0,-0.00936,-0.0123017142857,0.469
0.463365453438,0.535156135177,-0.12403608065,-1.37550539629,0.0783762044114,1.90131439736,0.156732807157,-0.00518794977857,-0.0527868139317,-0.000541760721409,-0.0860422074361,-0.00289828376159,0.0322559410227,-0.0106336343172,0.574041755123,0.818811568206,0.00210381740119,0.0,0.818769813138,-0.573981918931,-0.0118952400257,0.0,-0.00853257126904,0.00855107127702,-0.999927034542,0.0,0.659425335759,0.257872824377,0.303403397774,1.0,-0.0097,-0.0127485714286,0.486
0.463239459006,0.534202692257,-0.124030899377,-1.37705993534,0.0782995557297,1.90187599484,0.156540310932,-0.00362563271913,-0.0567219259499,0.000796525970575,-0.0858649834417,-0.0050237378221,0.0391754434729,-0.00661869301608,0.57404830102,0.818807040383,0.00207981174552,0.0,0.81876474774,-0.573988337241,-0.011934130479,0.0,-0.00857812752699,0.00855380855209,-0.999926621351,0.0,0.659236607176,0.257646446028,0.303384651195,1.0,-0.01006,-0.0132217142857,0.504
0.463120355203,0.533389876373,-0.124039361573,-1.37836603272,0.0781929230541,1.90236657923,0.156376603345,-0.0107826696824,-0.0584743070128,-0.000856305624487,-0.0850254958401,-0.00795093116437,0.0397125383588,-0.0100892147284,0.574062487145,0.818797155137,0.00205584402157,0.0,0.818754830029,-0.57400289858,-0.0119141775947,0.0,-0.00857539939593,0.00852287873657,-0.99992690886,0.0,0.659079736497,0.257420925504,0.303376024461,1.0,-0.01038,-0.0136422857143,0.52
0.462981083014,0.532385084418,-0.124034648398,-1.37999030633,0.0781241296972,1.90298492368,0.156173336594,-0.00609698920939,-0.060634281589,0.00109985878698,-0.094980519246,-0.00387622252193,0.0344076993593,-0.0140859663164,0.574075350859,0.818788093252,0.00207286907147,0.0,0.818745704639,-0.574015406821,-0.0119386250334,0.0,-0.00858551054151,0.00855098763639,-0.999926582114,0.0,0.658900459,0.257196849899,0.303367841041,1.0,-0.01072,-0.0140891428571,0.537
0.462844027133,0.531407902225,-0.124037180469,-1.38156823266,0.0780277743689,1.90355895127,0.155964296836,-0.00523883674058,-0.0589072835014,-0.000604669536791,-0.0967105600455,-0.00409871080344,0.0330605407877,-0.0187111299989,0.574078293553,0.818786092364,0.0020481025196,0.0,0.818743361956,-0.574018432767,-0.0119537859218,0.0,-0.00861211087528,0.00853944377679,-0.999926452018,0.0,0.65871385931,0.256953976908,0.303355400392,1.0,-0.01106,-0.014536,0.554
0.462713811055,0.530449251068,-0.124037835551,-1.38311503167,0.0779292705843,1.9040906522,0.155773513453,-0.0135449994343,-0.0609990641454,0.000584253935779,-0.0953174422124,-0.00422843157923,0.0281999816967,-0.00637480512186,0.57408657684,0.818780409645,0.00199749215911,0.0,0.818736983992,-0.574026892003,-0.0119843732404,0.0,-0.00866612266493,0.00851565246775,-0.999926188266,0.0,0.658523085028,0.256716978425,0.303340765163,1.0,-0.01138,-0.0149565714286,0.57
0.462575715061,0.52940120475,-0.124043592694,-1.38476402421,0.0778273670779,1.90470641742,0.155545604102,-0.00398076423742,-0.0616959616602,-0.000385562633087,-0.0966489308034,-0.00235657665984,0.0396554139229,-0.0176710496882,0.574079260619,0.818785516526,0.00200682734884,0.0,0.81874224307,-0.574019567337,-0.0119759186943,0.0,-0.00865391722217,0.00851836487921,-0.99992627087,0.0,0.658330513547,0.256466027943,0.303347694084,1.0,-0.01172,-0.0154034285714,0.587
0.462431366891,0.528244443115,-0.124046756224,-1.386571329,0.0777100843277,1.90539955,0.155294307285,-0.0122010930827,-0.0689564629809,-0.000347216498018,-0.0981139154493,-0.00439373776831,0.0436308073773,-0.0207325918692,0.574060406867,0.818798661615,0.00203664067229,0.0,0.818755871143,-0.574000684432,-0.0119492528061,0.0,-0.00861516493374,0.00852726861183,-0.999926529613,0.0,0.65812056658,0.256197893247,0.303362172681,1.0,-0.01208,-0.0158765714286,0.605
0.462303414751,0.527250682682,-0.124043931905,-1.38811680863,0.0776144117395,1.90599190449,0.155082938632,-0.00891506150363,-0.0648616371445,0.00180764405572,-0.111364688566,-0.00723794213615,0.0414410383935,-0.0151806526946,0.574048018652,0.818807263897,0.00206972735598,0.0,0.818764915916,-0.573988172187,-0.0119305303964,0.0,-0.00858097113903,0.00854348196861,-0.999926685238,0.0,0.657940277415,0.255969652489,0.303377332705,1.0,-0.01238,-0.0162708571429,0.62
0.462137451075,0.525930123242,-0.124054604655,-1.39015265127,0.0774902123747,1.90674377589,0.154802988989,-0.0044212266534,-0.0700042276944,-0.00034680760798,-0.110109656012,-0.00257725996944,0.0371032011062,-0.0199219079348,0.574038539317,0.818813837465,0.00209805989967,0.0,0.818771887432,-0.573978606774,-0.0119122717378,0.0,-0.00854985604768,0.00855610026378,-0.999926843879,0.0,0.657699290933,0.255660889762,0.303403037051,1.0,-0.01276,-0.0167702857143,0.639
0.461993039765,0.524832343226,-0.124064114133,-1.39187925532,0.0773750039112,1.90736381235,0.154565146101,-0.0120423951004,-0.0644937612281,-0.000849945823328,-0.108857641066,-0.00267664843847,0.0407281349609,-0.0112190404422,0.574030452696,0.818819545499,0.00208283155818,0.0,0.818777482958,-0.573970669088,-0.0119101355449,0.0,-0.00855693229813,0.00854232054528,-0.999926901163,0.0,0.657491811662,0.255393327133,0.303407406025,1.0,-0.01308,-0.0171908571429,0.655
0.46185343407,0.523713346927,-0.124068750376,-1.39367763945,0.0772663307156,1.90800964613,0.154329186451,-0.00541623491157,-0.0723531257739,-0.000882113142008,-0.113281474936,-0.0107053434506,0.0438169327112,-0.0179756429778,0.57402201932,0.818825533083,0.00205295133975,0.0,0.818783038988,-0.573962317243,-0.0119306476072,0.0,-0.00859096758155,0.00852954038819,-0.999926718423,0.0,0.657269934263,0.255126346537,0.30339437439,1.0,-0.0134,-0.0176114285714,0.671
0.4616961178,0.522492429041,-0.124063677718,-1.39561743518,0.0771470006888,1.90874898973,0.154070569894,-0.00974700751205,-0.072370759775,-7.82053959101e-05,-0.113543188963,-0.0083180561323,0.0495328048882,-0.017492983119,0.57400736273,0.818835767752,0.00206878774262,0.0,0.818793466263,-0.573947583663,-0.0119238296585,0.0,-0.00857644761015,0.00853844029408,-0.99992676711,0.0,0.657038437047,0.254842564893,0.303393164869,1.0,-0.01374,-0.0180582857143,0.688
0.461527778196,0.52123984302,-0.124071602416,-1.39760659307,0.077027763392,1.90952524518,0.1537923121,-0.0105367674401,-0.0761856689434,-0.000786395738661,-0.119698673975,-0.0114609647313,0.0495161861504,-0.0185871375306,0.573997402156,0.818842673287,0.00209895780553,0.0,0.8188008108,-0.573937546995,-0.011902574697,0.0,-0.00854182984642,0.00855083993821,-0.999926957472,0.0,0.656808610281,0.254541066538,0.303393998541,1.0,-0.01408,-0.0185051428571,0.705
0.461358782766,0.519955619404,-0.124074504638,-1.39964258647,0.0769012962393,1.91026310422,0.153518616533,-0.00740495680521,-0.0778113419858,-0.000932417041531,-0.123370557819,-0.0125432629585,0.0403200098264,-0.0119687180838,0.573987990039,0.818849307402,0.00208469671384,0.0,0.818807239089,-0.573928174077,-0.011912309448,0.0,-0.00855808493221,0.0085446518284,-0.99992687138,0.0,0.656559600883,0.254233246721,0.303390891895,1.0,-0.01442,-0.018952,0.722
0.46117899615,0.51852076642,-0.124078032799,-1.4018354587,0.0767543172703,1.91104214757,0.153224286293,-0.00622462312347,-0.0783311843615,-7.97212266944e-05,-0.119937748929,-0.00443627608291,0.0452174913397,-0.017190835074,0.573973149173,0.818859681085,0.00209609721455,0.0,0.818817821747,-0.573913349084,-0.011899135821,0.0,-0.00854090883012,0.00854627075719,-0.999927004402,0.0,0.656288946151,0.253900904496,0.30342197365,1.0,-0.01478,-0.0194251428571,0.74
0.460994599236,0.517166662314,-0.12408123797,-1.40397436488,0.0766278563466,1.91181074688,0.152925129786,-0.0146869109302,-0.0793918608251,-8.57932480642e-05,-0.125068581322,-0.00542647553961,0.0472141066881,-0.0196362110952,0.57396052619,0.818868559915,0.00208395305719,0.0,0.81882645225,-0.573900687067,-0.0119159297226,0.0,-0.00856176296113,0.00854583371588,-0.999926829794,0.0,0.656026010637,0.253573699241,0.303420798013,1.0,-0.01512,-0.019872,0.757
0.460822048739,0.515895383214,-0.124090052899,-1.40599558893,0.0764965967776,1.91258080062,0.15264312106,-0.0139362126722,-0.0825104865335,-0.00252351707726,-0.128883189652,-0.00806489462299,0.0506896276616,-0.0208307762995,0.573948623812,0.818876880279,0.0020926228916,0.0,0.81883499404,-0.573888859234,-0.0118986000755,0.0,-0.00854272001926,0.00854286246816,-0.999927018055,0.0,0.655786856983,0.253263224931,0.303417444462,1.0,-0.01544,-0.0202925714286,0.773
0.460630991215,0.514495480956,-0.124087485132,-1.40821764226,0.0763587645217,1.9134048008,0.152353099043,-0.00766500170305,-0.0832350947581,0.00100433987698,-0.128930336813,-0.0132527220471,0.0480970465471,-0.0125615110206,0.573945611006,0.818878992833,0.00209227264685,0.0,0.818837072628,-0.573885818821,-0.0119021992503,0.0,-0.00854589986852,0.00854460994054,-0.999926975952,0.0,0.655515883767,0.252927779662,0.303412612909,1.0,-0.01578,-0.0207394285714,0.79
0.460451126498,0.513184837577,-0.124088559696,-1.41036251016,0.0762386658652,1.91414192784,0.152047873057,-0.0116539389767,-0.0838207997179,-2.11349270445e-05,-0.134894331805,-0.00942989766727,0.0530369603204,-0.0129153804833,0.573923761778,0.818894497691,0.00201599094869,0.0,0.818851359721,-0.57386406517,-0.01196796935,0.0,-0.00864376590739,0.00851966294965,-0.999926347615,0.0,0.65523973477,0.252602610016,0.303374196466,1.0,-0.0161,-0.02116,0.806
0.460257542933,0.511843988245,-0.124099167409,-1.4125125684,0.0761089901256,1.91491462753,0.151749488769,-0.0172514437884,-0.0788433905673,0.000125997600694,-0.134930145624,-0.00419825305349,0.0585583397139,-0.0222398700945,0.573922995023,0.818895115362,0.00198310890325,0.0,0.818851506705,-0.573863395866,-0.0119899855912,0.0,-0.00868067415416,0.00850536390876,-0.999926149614,0.0,0.654975605236,0.252263576808,0.303357418968,1.0,-0.01642,-0.0215805714286,0.822
0.460046494763,0.510285491122,-0.124097893601,-1.41496906129,0.0759534173807,1.91585386023,0.151409926344,-0.0126372600591,-0.0859293405185,0.00172549434645,-0.135173515595,-0.00877472989924,0.0484544221498,-0.0122632258641,0.573903227643,0.818908895093,0.00201339010331,0.0,0.818865721608,-0.573843542914,-0.0119693413163,0.0,-0.0086465956359,0.00851810375388,-0.999926336433,0.0,0.654679649531,0.251893681116,0.303360754498,1.0,-0.01678,-0.0220537142857,0.84
0.459857192494,0.50886594208,-0.124114176517,-1.41721638849,0.0758160683812,1.91666867346,0.151090106552,-0.0134614920058,-0.087469183023,-0.0063395770213,-0.140476190179,-0.00705948105771,0.0468166689189,-0.016140452182,0.573887725811,0.818919794878,0.00199865484743,0.0,0.818876435345,-0.573828110914,-0.011976212385,0.0,-0.00866083980231,0.00850981648676,-0.999926283722,0.0,0.654401646766,0.251545383055,0.303355667159,1.0,-0.0171,-0.0224742857143,0.856
0.459651327168,0.507354692977,-0.124109576206,-1.41960567167,0.0756589892739,1.91752582501,0.150756824466,-0.0125233713681,-0.0960971156388,0.000807382841162,-0.148665142808,-0.0139567839937,0.0487661239124,-0.0144637305711,0.573861279551,0.81893838139,0.001976415666,0.0,0.818894718689,-0.573801748997,-0.0119891389613,0.0,-0.00868446249214,0.00849874260299,-0.999926173017,0.0,0.654100147852,0.251182615272,0.303349668488,1.0,-0.01744,-0.0229211428571,0.873
0.459422698821,0.505796172958,-0.124109997251,-1.42204640343,0.075509596869,1.91843963337,0.150423671895,-0.0198721962255,-0.0966039907676,0.000552798152272,-0.141787050512,-0.00883999703437,0.0476337532597,-0.0191733530466,0.573861854494,0.81893791563,0.00200229891397,0.0,0.818894560875,-0.573802185469,-0.0119790242198,0.0,-0.00866132039029,0.00851414066728,-0.999926242749,0.0,0.653804334511,0.250801640599,0.303356775325,1.0,-0.01778,-0.023368,0.89
0.459208225256,0.504156134343,-0.124118424156,-1.42451801308,0.0753534712673,1.91939666443,0.150077192091,-0.0108854095112,-0.0990229257481,0.000454572101463,-0.14770337914,-0.00810117182133,0.049767831982,-0.0223407091969,0.573845030038,0.81894945033,0.00210385492327,0.0,0.818907525847,-0.573785047975,-0.0119134265955,0.0,-0.00854949826822,0.0085594880692,-0.999926817944,0.0,0.653509489872,0.250424546072,0.303409465317,1.0,-0.01812,-0.0238148571429,0.907
0.458987371712,0.502577974155,-0.124122362272,-1.42684814814,0.0752039063898,1.92028286133,0.149748590468,-0.0119063489473,-0.100297136256,-0.000311331312264,-0.14594049699,0.000373238499413,0.0579193946325,-0.0217560860344,0.57383870801,0.818953588671,0.00221442865046,0.0,0.818913187436,-0.573778368304,-0.011845776106,0.0,-0.00843071191211,0.00861115547195,-0.999927382912,0.0,0.653232072701,0.250058247848,0.303479329949,1.0,-0.01844,-0.0242354285714,0.923
0.458758646182,0.500880410066,-0.124119241946,-1.42941969336,0.075039699082,1.92118499152,0.149396099635,-0.0110926966965,-0.0985775406747,0.00145892476492,-0.151928554691,-0.0085187368605,0.0586199105652,-0.0185827153438,0.573821738438,0.818965412533,0.00223885488973,0.0,0.818925258278,-0.573761232414,-0.0118413020264,0.0,-0.00841321063865,0.00862841745677,-0.999927381513,0.0,0.652902970756,0.249662812278,0.303518244882,1.0,-0.01878,-0.0246822857143,0.94
0.458508381138,0.499176928322,-0.12412021024,-1.43202383665,0.0748737135378,1.92213803274,0.149027490017,-0.0156435798924,-0.100100651416,0.00191438405974,-0.157453667715,-0.0122777928874,0.0525777782265,-0.0156339217836,0.573813121711,0.818971333367,0.00228109111267,0.0,0.818931726681,-0.573752450353,-0.0118194606553,0.0,-0.00837117900831,0.00865038604592,-0.999927544467,0.0,0.652581577345,0.249250353024,0.303549684167,1.0,-0.01912,-0.0251291428571,0.957
0.45826869743,0.497588660819,-0.124120594783,-1.43451479734,0.0747270237359,1.92305761239,0.148653697896,-0.0200659726976,-0.100448289447,0.00116840643233,-0.155156662884,-0.0125612838664,0.0554830770434,-0.0225474945912,0.573779419743,0.818994934523,0.00228508322747,0.0,0.818955255306,-0.573718608498,-0.0118319470535,0.0,-0.00837947126363,0.00866047537376,-0.999927387678,0.0,0.652250391203,0.248837103704,0.303541277087,1.0,-0.01946,-0.025576,0.974
0.458002347463,0.495814988153,-0.124122814336,-1.4373780488,0.0745495209152,1.92404545977,0.148236328911,-0.012599350734,-0.100709685189,-0.000780191740344,-0.161679543008,-0.0159071944016,0.0472916888158,-0.0206475349405,0.573764874863,0.819005322627,0.00221286767762,0.0,0.818964561003,-0.573704203509,-0.0118861936293,0.0,-0.00846548734657,0.00863230680512,-0.99992690673,0.0,0.651900020516,0.248405355203,0.303510177075,1.0,-0.0198,-0.0260228571429,0.991
0.457722368885,0.494125619519,-0.124123151939,-1.44011692048,0.0743789473849,1.92502204406,0.147851266825,-0.0166324676045,-0.0995201821891,0.00120635097781,-0.158180136722,-0.0135648018332,0.0553492632531,-0.0217212006725,0.573770757251,0.819001370194,0.00214956881515,0.0,0.818959676721,-0.573710231783,-0.0119316701802,0.0,-0.00853898900512,0.00860661932061,-0.999926503184,0.0,0.651554076142,0.247959048223,0.30346792249,1.0,-0.021276,-0.0279627428571,1.008
0.457456300265,0.492310276541,-0.124152062865,-1.44296391475,0.0742033178732,1.92608277006,0.147452554694,-0.0136508788534,-0.120638844305,-0.000644167372549,-0.184237653006,-0.0146321980046,0.0637468600169,-0.0228053088952,0.573778393021,0.818995975068,0.00216689297216,0.0,0.81895459081,-0.573717880503,-0.0119129628635,0.0,-0.00851364730721,0.00861015340745,-0.999926688847,0.0,0.651203908441,0.247498838146,0.303469282245,1.0,-0.0242382857143,-0.0318560326531,1.024
0.457129789883,0.49018001451,-0.124163285605,-1.44641127362,0.0739999884584,1.92730310089,0.146945684389,-0.0256655072617,-0.129034448648,3.47872527673e-05,-0.205562138664,-0.0136274956686,0.0722142578163,-0.027600114751,0.573755952585,0.819011901158,0.00208795034825,0.0,0.818969276342,-0.573695554785,-0.0119783859053,0.0,-0.00861275860198,0.00858280264681,-0.999926075212,0.0,0.650758608229,0.246949277788,0.303416580762,1.0,-0.0273857142857,-0.0359926530612,1.041
0.456745363669,0.487714370426,-0.124195462942,-1.45028344493,0.0737665991369,1.92872583233,0.14638296306,-0.024260367196,-0.153189104369,-0.00288673738145,-0.231714648016,-0.016154729712,0.091304805934,-0.031824865441,0.573762553628,0.819007251441,0.00209786629581,0.0,0.818964746118,-0.573702103906,-0.0119744515877,0.0,-0.00860377802411,0.00858873581936,-0.99992610158,0.0,0.650277315459,0.246312861428,0.303411717686,1.0,-0.0305331428571,-0.0401292734694,1.058
0.456335752358,0.485144469839,-0.12421930835,-1.45422277854,0.0735208620404,1.93024463844,0.145794914464,-0.0268156993822,-0.165803192956,-0.000504577337364,-0.254629105683,-0.0152906785241,0.0975127728615,-0.0441277963389,0.573762130786,0.819007234021,0.00221693437877,0.0,0.818966423563,-0.573701339711,-0.0118960830294,0.0,-0.00847128293287,0.00864128313788,-0.999926780115,0.0,0.6498039014,0.245663063384,0.303453767908,1.0,-0.0334954285714,-0.0440225632653,1.074
0.455849721563,0.482162937079,-0.124271370591,-1.45885951007,0.0732376664281,1.93182310099,0.145082878697,-0.0291767553805,-0.182859344829,-0.00399163821957,-0.279442460464,-0.012713162253,0.0976215361103,-0.0399755187548,0.573764966004,0.819005426753,0.00214979928299,0.0,0.818963620668,-0.573704323809,-0.0119450310478,0.0,-0.00854986071826,0.00861441359174,-0.999926343167,0.0,0.649206046512,0.244868728818,0.303453932255,1.0,-0.0366428571429,-0.0481591836735,1.091
0.455322572508,0.47889753226,-0.124319394677,-1.46392674555,0.0729234322294,1.93365318499,0.144335348574,-0.0329060774823,-0.197067086582,-0.000479104399058,-0.303969434215,-0.0181985052426,0.10270182557,-0.03854245325,0.573781042792,0.818994120172,0.00216632333211,0.0,0.818952556513,-0.573720358386,-0.0119334594511,0.0,-0.00853073356832,0.00862147482913,-0.999926445673,0.0,0.64856683826,0.244015221665,0.303465453025,1.0,-0.0397902857143,-0.0522958040816,1.108
0.454734445319,0.475364718588,-0.124355685169,-1.46931580155,0.0725988288334,1.93564674058,0.143577739139,-0.037440867724,-0.213078911428,-0.00248384900306,-0.328696829169,-0.0203976062001,0.123763540858,-0.0528098804,0.573841620043,0.818951360168,0.00228291180274,0.0,0.818911279276,-0.573780423868,-0.0118780790591,0.0,-0.00841784096935,0.00868580558382,-0.999926845692,0.0,0.647896004691,0.243104378338,0.303519993721,1.0,-0.0429377142857,-0.0564324244898,1.125
0.454104695792,0.471615949547,-0.124391900151,-1.47512145212,0.0722454393888,1.93769194656,0.142712598745,-0.0341830519658,-0.22797639376,-0.00521758812798,-0.350396342194,-0.0296847877068,0.120190521087,-0.0530629904014,0.573857582266,0.818940194063,0.0022761207579,0.0,0.81889981376,-0.573796193537,-0.0119067295369,0.0,-0.00844503256374,0.00869684933077,-0.999926520419,0.0,0.647144068958,0.242120131504,0.30352717126,1.0,-0.0460851428571,-0.060569044898,1.142
0.453474716021,0.467802576989,-0.124397963915,-1.48082351806,0.0718904209617,1.93984687367,0.141784193829,-0.0391100879852,-0.241145934743,-0.00293042660381,-0.363906218563,-0.0228025520075,0.141030410299,-0.0600334281435,0.573792649314,0.818985022836,0.00250496808827,0.0,0.818947613615,-0.573730378457,-0.0117900759415,0.0,-0.00821887756375,0.00881666629632,-0.999927355585,0.0,0.646429182966,0.241174159787,0.303633123773,1.0,-0.0490474285714,-0.0644623346939,1.158
0.452756599831,0.463554182856,-0.124412184678,-1.48736295036,0.0714501869566,1.94213426569,0.140772708988,-0.0423725548708,-0.254025144684,-0.00112535423643,-0.399081237305,-0.0260717813361,0.137217026381,-0.0562386225447,0.573756106463,0.819010629338,0.00250324377657,0.0,0.8189732001,-0.573693849262,-0.011790323877,0.0,-0.00822046329018,0.00881502960457,-0.99992735698,0.0,0.645620224885,0.240135873158,0.30365510209,1.0,-0.0520097142857,-0.0683556244898,1.174
0.451932096824,0.458797570563,-0.124428337256,-1.49470805333,0.0709586164032,1.94467956819,0.1396828106,-0.0449567804111,-0.274446311461,-0.00208216409494,-0.414736059745,-0.0258393860536,0.142772751653,-0.0646127278432,0.573750840266,0.819014496203,0.00244442333455,0.0,0.818976149035,-0.573688642884,-0.0118387178222,0.0,-0.00829390329073,0.00879456802998,-0.999926930701,0.0,0.644582617508,0.238818823576,0.3036490496,1.0,-0.0555274285714,-0.0729789061224,1.193
0.451138210894,0.4544189994,-0.124436614287,-1.50156497825,0.070499022102,1.94712087265,0.138612774102,-0.0486778862048,-0.285590201507,-0.00127939930489,-0.432582026964,-0.0266530087408,0.151569018225,-0.0762648623606,0.573714272099,0.819040246748,0.00239897873021,0.0,0.819001227302,-0.573652169212,-0.0118711977714,0.0,-0.0083469701044,0.00877561107035,-0.999926655681,0.0,0.643614994009,0.237571240812,0.303606262006,1.0,-0.0586748571429,-0.0771155265306,1.21
0.450312680077,0.449701281169,-0.124479144533,-1.50858005397,0.070012288955,1.94977703721,0.137499486448,-0.050679301154,-0.299447179018,-0.00766855451312,-0.446091914064,-0.0328896726752,0.176343438877,-0.0600494031282,0.57370169785,0.819048194447,0.00267655716152,0.0,0.819013324623,-0.573639158334,-0.01166349079,0.0,-0.0080177374414,0.00888367148667,-0.99992839557,0.0,0.642784009747,0.236425075506,0.303737594173,1.0,-0.061452,-0.0807654857143,1.225
0.449311905787,0.444225647751,-0.124515068254,-1.51702613767,0.0694567681605,1.95261452121,0.136245527469,-0.0493781784091,-0.30499525719,0.000137725463736,-0.484743323234,-0.0300907570409,0.159323737254,-0.0789082831962,0.573746955413,0.819016858477,0.00256194954469,0.0,0.818980157182,-0.573684444175,-0.0117646740269,0.0,-0.0081658729803,0.00884830210238,-0.999927510407,0.0,0.641620465305,0.23494363451,0.303716249187,1.0,-0.0647845714286,-0.0851454367347,1.243
0.448196061055,0.438194673969,-0.124535629681,-1.5264125741,0.0688055729504,1.95577485083,0.134723272118,-0.0641773889623,-0.328171921501,-0.0025742687008,-0.495511916898,-0.0329428459572,0.174375324035,-0.0811030405924,0.573663836427,0.81907562521,0.00238114782191,0.0,0.81903633409,-0.573601768021,-0.0118845304774,0.0,-0.00836865975314,0.00876814074465,-0.999926539923,0.0,0.640310687849,0.23330379338,0.303647334836,1.0,-0.0683022857143,-0.0897687183673,1.262
0.447241020927,0.433152777385,-0.124551024362,-1.53389423488,0.0683092498968,1.95854444734,0.13350172699,-0.0649452906933,-0.34105317044,0.000167621156678,-0.508945206188,-0.0425636546383,0.193586091095,-0.0867821264933,0.573647249806,0.819086399855,0.00265504482293,0.0,0.819050779577,-0.573584272898,-0.0117324021318,0.0,-0.00808711477156,0.00890504819834,-0.999927646728,0.0,0.639325979106,0.231979894807,0.303766902355,1.0,-0.0710794285714,-0.093418677551,1.277
0.446076401593,0.427400666148,-0.1245967056,-1.54281710724,0.0676614813047,1.9616199698,0.132081569184,-0.0733783478644,-0.34041867119,-0.00416144182321,-0.534766234366,-0.0385961166153,0.174874724182,-0.0852722610972,0.573674718978,0.81906753446,0.00253726226216,0.0,0.819030579923,-0.573612380881,-0.0117682858659,0.0,-0.00818377340486,0.00882943346291,-0.999927530853,0.0,0.638100206535,0.230345023115,0.303706118872,1.0,-0.0742268571429,-0.0975552979592,1.294
0.44493749331,0.421693293101,-0.124700483451,-1.55158427327,0.0670242172248,1.96449496019,0.130625886647,-0.0722588806735,-0.356097212353,-0.00771545853848,-0.565770049338,-0.0367347696392,0.182441688634,-0.0921843779231,0.573684480201,0.819061275219,0.0023433979396,0.0,0.819021970074,-0.573623055191,-0.0118469401118,0.0,-0.00835930373225,0.00871586788461,-0.999927075185,0.0,0.636865010806,0.228701826157,0.303665013846,1.0,-0.0771891428571,-0.101448587755,1.31
0.443723229345,0.415738601845,-0.124761549699,-1.56042226766,0.0664034146472,1.96767342655,0.129225210415,-0.0798562042371,-0.378368303834,-0.00222809075449,-0.560830869334,-0.0403805050144,0.20860961022,-0.0883364286515,0.573773050599,0.818998561657,0.00256696530813,0.0,0.81896250478,-0.573711146675,-0.0116911439634,0.0,-0.00810248947778,0.00881048130437,-0.999928359976,0.0,0.635672124781,0.227055629233,0.303773909018,1.0,-0.0801514285714,-0.105341877551,1.326
0.442275125258,0.408914531621,-0.124774721441,-1.57073785354,0.0657121669461,1.97122828636,0.127454110266,-0.0790992506984,-0.373951017032,-0.00205276855526,-0.579336605016,-0.0430323335135,0.191313374689,-0.0905704151276,0.573748981094,0.819015227931,0.0026286900324,0.0,0.818979534181,-0.573686381079,-0.011713481936,0.0,-0.00808563207948,0.00887361250862,-0.999927938181,0.0,0.634220225465,0.225147280274,0.303790523061,1.0,-0.083484,-0.109721828571,1.344
0.4408279034,0.402320731746,-0.124859936283,-1.58092184355,0.0649853505782,1.97458692419,0.125768058682,-0.0916074826955,-0.390327150496,-0.00257418494186,-0.592677549023,-0.0434980850414,0.202423980507,-0.0969340684419,0.573821975117,0.818964766161,0.00240822769555,0.0,0.818926051569,-0.573760016968,-0.0118453320802,0.0,-0.00831932502649,0.0087694410871,-0.999926940198,0.0,0.632754840777,0.22319640382,0.303688911233,1.0,-0.0866314285714,-0.11385844898,1.361
0.439408361031,0.395756270875,-0.124917308099,-1.59049638512,0.0642835834938,1.97802358831,0.124121016755,-0.0915106795706,-0.406665508962,-0.00135512081537,-0.610086085105,-0.0478273520612,0.216307482281,-0.103554342141,0.573858656378,0.818938036629,0.00273524474849,0.0,0.818904089347,-0.573796074997,-0.0116148039224,0.0,-0.00794248493664,0.0089053303381,-0.999928803478,0.0,0.631434857686,0.221362008902,0.303850456472,1.0,-0.0895937142857,-0.117751738776,1.377
0.438201829902,0.390409543168,-0.124944392457,-1.59862587921,0.0636651817845,1.98069574017,0.12275001198,-0.0980972495457,-0.405168783738,-0.00307398674198,-0.623373699781,-0.0477672379262,0.205610791508,-0.10582715274,0.573882774196,0.818921530751,0.00261435543217,0.0,0.818886021923,-0.573820615099,-0.0116761161583,0.0,-0.00806180709018,0.00884175128361,-0.999928412788,0.0,0.630241992423,0.21979896648,0.30380648094,1.0,-0.0920005714286,-0.120915036735,1.39
