position_joint1,position_joint2,position_joint3,position_joint4,position_joint5,position_joint6,position_joint7,velocity_joint1,velocity_joint2,velocity_joint3,velocity_joint4,velocity_joint5,velocity_joint6,velocity_joint7,ee_T_00,ee_T_10,ee_T_20,ee_T_30,ee_T_01,ee_T_11,ee_T_21,ee_T_31,ee_T_02,ee_T_12,ee_T_22,ee_T_32,ee_T_03,ee_T_13,ee_T_23,ee_T_33,v_x,v_y,time
0.465088621463,0.547860246608,-0.123991100635,-1.35584095886,0.0794756168983,1.89409314811,0.159179573844,-0.00036059091866,0.000338592559892,0.000356029650769,-0.00137306143584,0.000254221341898,-4.61190528796e-05,0.00136237607381,0.573806068627,0.818977367444,0.00184773455731,0.0,0.818933103143,-0.573748132457,-0.0119331462864,0.0,-0.00871301023189,0.00836064372006,-0.999927088887,0.0,0.661669733508,0.260892405091,0.303153983017,1.0,0.0,0.0,0.0
0.465090761695,0.547860143788,-0.123991336836,-1.35584370658,0.0794779017545,1.89409198648,0.159171387303,0.00137089081207,-0.000282500659171,-0.000514526645236,0.000115007396966,-1.20478288479e-05,-0.000133206260823,-0.000836747305771,0.573798523445,0.818982657915,0.00184592200584,0.0,0.818938344678,-0.573740571584,-0.0119369608682,0.0,-0.00871725142661,0.00836126781275,-0.999927046703,0.0,0.661668241576,0.260893650279,0.303152659325,1.0,-0.00034,-0.000446857142857,0.018
0.465085423866,0.547858656194,-0.123991348581,-1.35585105733,0.0794764533673,1.89409638654,0.159176317399,-0.00152241390289,-0.00139647864382,-1.00957656308e-05,-0.00244890801916,-0.000349890810382,-5.49394109475e-05,-0.000217561193178,0.573806985901,0.818976733447,0.0018438831943,0.0,0.818932405938,-0.573749053442,-0.0119367114532,0.0,-0.00871813056764,0.00835954506823,-0.999927053442,0.0,0.661668949377,0.260889322219,0.303150594587,1.0,-0.00066,-0.000867428571429,0.034
0.46508540758,0.54782500171,-0.123994293134,-1.35588377247,0.0794766624004,1.89410033653,0.159177994198,-8.60000246253e-05,-0.00119327447405,-0.000628514311739,-0.00568041044501,-1.41808830213e-05,-7.54101884406e-06,0.000660161070809,0.573812239817,0.818973040476,0.00184913801491,0.0,0.81892876622,-0.573754269851,-0.0119356853885,0.0,-0.00871422149698,0.00836331569941,-0.999927055987,0.0,0.66166379773,0.260884469642,0.303159306393,1.0,-0.00098,-0.001288,0.05
0.465084714633,0.547713767086,-0.123991749087,-1.35602081667,0.0794754979544,1.89412813945,0.15916736279,-0.000991272617885,-0.00611532429045,0.00687116139893,-0.0110120861289,-1.48619138787e-05,0.00153035733556,-0.00213122233308,0.573811353562,0.818973644134,0.00185678171202,0.0,0.818929343218,-0.573753230051,-0.0119460756428,0.0,-0.00871835445281,0.00837552811711,-0.999926917742,0.0,0.661638873175,0.260870504946,0.303176961915,1.0,-0.00134,-0.00176114285714,0.068
0.465075446197,0.547560537065,-0.123989243543,-1.35622917718,0.0794710621199,1.89416775582,0.159166341429,0.000168833761578,-0.00631621241662,0.000495369870869,-0.00903338115474,-0.00469229111436,0.00432358637471,-0.000768626719664,0.573824695793,0.818964310091,0.00185045822355,0.0,0.818919805806,-0.573766481463,-0.0119634154663,0.0,-0.00873604758567,0.00838044147915,-0.999926722152,0.0,0.661606796245,0.260846942976,0.303187935144,1.0,-0.00168,-0.002208,0.085
0.4650516787,0.547372672028,-0.123991374744,-1.35646296813,0.0794673710223,1.89430036475,0.159155604622,-5.92191924559e-05,-0.0144179309827,0.000647676855957,-0.0146060682206,0.000117064227909,0.00977495514036,-0.0035265342297,0.573849234077,0.81894693661,0.00192833313657,0.0,0.818903426488,-0.573790667727,-0.0119245384294,0.0,-0.00865927137698,0.00842216801018,-0.999927039391,0.0,0.661591506013,0.260813125948,0.303221315621,1.0,-0.00206,-0.00270742857143,0.104
0.465034701702,0.547215357441,-0.123989278846,-1.35664694015,0.0794627844422,1.89440654427,0.159145971816,0.00138386210396,-0.01133545532,-0.000577749844549,-0.0192691249725,0.000484889729956,0.00376461921807,0.000723095442825,0.573863067548,0.818937072534,0.00199945857808,0.0,0.818894471958,-0.573804188696,-0.0118888070228,0.0,-0.00858905247786,0.0084600557264,-0.999927325177,0.0,0.661578861149,0.260789818205,0.303254325105,1.0,-0.00234,-0.00307542857143,0.118
0.464994985781,0.546980175803,-0.123991778317,-1.35696055156,0.0794575504551,1.89453992257,0.159132766108,-0.00153826156105,-0.0156840720062,-0.000736296336644,-0.0205438278351,-0.000472149453571,0.0131866827043,0.0015488986294,0.573902753258,0.818909129266,0.00205297563286,0.0,0.81886714053,-0.573843567618,-0.011870676679,0.0,-0.00854308312246,0.00849389184893,-0.999927432133,0.0,0.661550968699,0.260736177424,0.30328328999,1.0,-0.0027,-0.00354857142857,0.136
0.464962688941,0.546773786236,-0.123991489595,-1.35728656108,0.0794492919267,1.8946613148,0.159090650184,-0.00919132790485,-0.0132012525466,1.64871181499e-05,-0.0220757809601,-0.000113943346735,0.00689205862211,-0.00668873902671,0.573910578627,0.818903625944,0.00206059612437,0.0,0.818861630384,-0.57385125569,-0.0118791215139,0.0,-0.00854554453558,0.00850506035238,-0.999927316167,0.0,0.661514649366,0.260685895278,0.303284812627,1.0,-0.003,-0.00394285714286,0.151
0.464924353405,0.546466268683,-0.123989515288,-1.35772721135,0.0794370973211,1.89482628056,0.15894522925,-0.000207934017666,-0.0204192497762,0.000513768025272,-0.0277021525976,0.000317861905818,0.0100817317029,-0.00518126050371,0.573842896014,0.818950961654,0.00209761810708,0.0,0.818909301394,-0.573783285358,-0.0118762129824,0.0,-0.00852262192075,0.00853300371695,-0.999927273737,0.0,0.661464771465,0.260622641339,0.303307095858,1.0,-0.00336,-0.004416,0.169
0.46487675393,0.546180799887,-0.123989934041,-1.35821556906,0.079419013946,1.89498829151,0.158925539251,-0.00179827136252,-0.0168974539623,0.00103830769086,-0.0286977849113,-0.000157470332677,0.00747426414523,-0.00338678942188,0.573888481378,0.818919092611,0.00206823624074,0.0,0.818876921501,-0.573828856291,-0.0119070576855,0.0,-0.00856426812763,0.00852711835203,-0.999926968115,0.0,0.661406017243,0.260544755917,0.303290852158,1.0,-0.0037,-0.00486285714286,0.186
0.464837949277,0.54588771917,-0.123995280887,-1.35870852262,0.0793795247406,1.89515484413,0.158882901144,-0.00420207289526,-0.0222288629247,-8.40045974218e-05,-0.0328963759732,-0.00570761228135,0.0109407027768,-0.00445781021071,0.573906083171,0.818906846194,0.00203269707086,0.0,0.818864301516,-0.573846690328,-0.011915477493,0.0,-0.00859137501873,0.00850303179394,-0.999926940694,0.0,0.661347311858,0.26046623328,0.303278310403,1.0,-0.004,-0.00525714285714,0.201
0.464773752682,0.545507874305,-0.123989934296,-1.35936584349,0.0792809113269,1.89538359836,0.158754615663,0.000390174755542,-0.0228464139223,0.000953018491953,-0.0447712744009,-0.00221884113116,0.00852864041104,-0.0111971881778,0.573860344054,0.818939077265,0.00195963055515,0.0,0.818896058701,-0.573801728153,-0.0118982651605,0.0,-0.00861968084806,0.00843283863504,-0.999927291524,0.0,0.661272956601,0.260353387123,0.303253883277,1.0,-0.00436,-0.00573028571429,0.219
0.464710134282,0.545105317189,-0.123995289696,-1.36006005024,0.0792674480985,1.89560219554,0.158712619201,-0.00289007088709,-0.0234314707072,0.000284693441281,-0.0387622848864,-0.000325944933112,0.00700927170796,-0.0007042366638,0.573916777765,0.818899643428,0.00191130695184,0.0,0.818855706382,-0.573858075625,-0.0119577618214,0.0,-0.00869555537883,0.00842800700325,-0.999926675319,0.0,0.661186149228,0.26024374774,0.303227575786,1.0,-0.0047,-0.00617714285714,0.236
0.464647446854,0.544696237502,-0.123995636031,-1.36074734165,0.0792489646714,1.89584208325,0.158608502503,-0.00489773192089,-0.0280256750001,0.0003185797138,-0.0457404803414,-0.000832848078774,0.0176622616784,-0.00549968776656,0.573916477036,0.818899901629,0.00189087286154,0.0,0.818855458077,-0.573857629815,-0.0119960986022,0.0,-0.00873868039336,0.00843327257779,-0.99992625497,0.0,0.66110416125,0.260139173135,0.303210814717,1.0,-0.00502,-0.00659771428571,0.252
0.464571356118,0.544201737739,-0.123999075833,-1.36155662448,0.0792098616843,1.89614358361,0.158520654792,-0.00150100850583,-0.0354726973758,-0.00121300155018,-0.043313489347,-1.86561231933e-06,0.0190467648834,-0.00405380834676,0.573944022929,0.818880614374,0.00188277640043,0.0,0.818835988369,-0.573885133024,-0.0120093774768,0.0,-0.00875391756149,0.00843455788802,-0.99992611085,0.0,0.661013911765,0.260011439162,0.303201815693,1.0,-0.00538,-0.00707085714286,0.27
0.464506410594,0.543692393617,-0.124002160059,-1.36239701561,0.0791724395718,1.89643010813,0.158410587464,-0.00477392738813,-0.031360126727,-0.00135821385607,-0.0513442510673,-0.00355666158305,0.0111364855393,-0.0145545002543,0.573945958877,0.818879329237,0.00185130737322,0.0,0.818834139569,-0.573887058345,-0.0120433816408,0.0,-0.00879980436072,0.00842832617536,-0.999925760625,0.0,0.660910708782,0.259887037973,0.303187152203,1.0,-0.00572,-0.00751771428571,0.287
0.464426629706,0.543185725596,-0.124005185468,-1.36320612831,0.0791185519574,1.89671630262,0.158286927783,-0.00375441091035,-0.0350208676873,0.00120353032969,-0.0576743443347,-0.00314226582939,0.0170791013234,-0.0057525830713,0.573942741198,0.818881623287,0.00183405818922,0.0,0.818836242316,-0.573883948968,-0.0120485802862,0.0,-0.0088139941235,0.00841715056909,-0.999925729784,0.0,0.660819219993,0.259753868407,0.303185360765,1.0,-0.00604,-0.00793828571429,0.303
0.464351716348,0.542570170448,-0.124005915556,-1.36415713143,0.0790671292228,1.89705799945,0.15817979767,-0.0011387664524,-0.0329062092114,0.00169954646475,-0.0545651820748,-0.00153760355184,0.0150611519556,-0.00272960393497,0.573955956669,0.818872341552,0.00184253802344,0.0,0.818826997659,-0.573897055252,-0.0120525839035,0.0,-0.00881227012045,0.00842653443935,-0.999925665944,0.0,0.66070692227,0.259614009269,0.303197738014,1.0,-0.0064,-0.00841142857143,0.321
0.46426890447,0.541969410938,-0.124008421228,-1.36509787456,0.0790102381858,1.89741610838,0.158052156998,-0.00235116597022,-0.0352544598108,0.000191183099495,-0.0572973367338,-0.00215543797971,0.0216763048967,-0.00484472035182,0.573958152938,0.818870770554,0.00185653128399,0.0,0.818825627616,-0.573899207508,-0.0120431757404,0.0,-0.00879651212603,0.0084326166513,-0.999925753419,0.0,0.660602481178,0.259469161503,0.30320592671,1.0,-0.00674,-0.00885828571429,0.338
0.464190447412,0.541342100109,-0.124011608745,-1.36603711544,0.0789547417773,1.89776428011,0.157930871438,-0.00481982696586,-0.0379428442701,0.000366088244707,-0.0660009076012,-0.00410886810688,0.0148528932704,-0.00240326506586,0.57396257971,0.818867596692,0.001887612923,0.0,0.818822859073,-0.573903498229,-0.0120269315015,0.0,-0.00876532559407,0.00844879190645,-0.999925890745,0.0,0.66049590287,0.259326886367,0.30323267589,1.0,-0.00706,-0.00927885714286,0.354
0.464104857145,0.540651852765,-0.124016964336,-1.36710430005,0.0788962523757,1.89814170491,0.15779436653,-0.00320067876067,-0.0403897915253,-0.0010140173208,-0.0628959850645,-0.00303446667063,0.0201851093565,-0.00945980029526,0.573967455726,0.818864174029,0.0018897512817,0.0,0.818819377385,-0.573908280569,-0.0120357639888,0.0,-0.00877128090302,0.00845566459999,-0.999925780429,0.0,0.66036213164,0.259157172418,0.30324296379,1.0,-0.00742,-0.009752,0.372
0.464000204081,0.539875492524,-0.124015041267,-1.36828238738,0.0788291777146,1.89859717914,0.157644259147,-0.005367964193,-0.0462874895619,-0.00195136458783,-0.0628951287306,-0.00405842779739,0.0305816925506,-0.00690918437764,0.573976862319,0.818857467078,0.00193830700586,0.0,0.818813300022,-0.5739174727,-0.0120108758406,0.0,-0.00872293505359,0.00848123967473,-0.99992598675,0.0,0.660239079503,0.258988202997,0.303272885347,1.0,-0.00776,-0.0101988571429,0.389
0.463911674212,0.5392042358,-0.12402246565,-1.36931995908,0.0787659391598,1.89898715263,0.157511974813,-0.00707351938767,-0.0459796420755,-0.00322081655614,-0.0721808212366,-0.00335075381025,0.0225276768585,-0.00902109171425,0.57398672811,0.818850509861,0.00195585168073,0.0,0.81880661358,-0.573927303141,-0.0119969649426,0.0,-0.00870137170792,0.00848772636104,-0.999926119587,0.0,0.660122726918,0.258827329767,0.303287348355,1.0,-0.00806,-0.0105931428571,0.404
0.463792901577,0.538384193598,-0.12401549702,-1.3705820011,0.0786870269705,1.89947495518,0.15735736845,-0.000555842206728,-0.0468522457793,0.000852798696066,-0.0718281931196,-0.00538097996692,0.0229677403102,-0.00781745730781,0.574001176475,0.818840289933,0.0019939630288,0.0,0.818796898939,-0.573941596407,-0.0119761889929,0.0,-0.00866233452006,0.00850716110538,-0.999926293369,0.0,0.659983046993,0.258634265623,0.303307961318,1.0,-0.00842,-0.0110662857143,0.422
0.463680665742,0.537600613015,-0.124024284064,-1.37183536987,0.0786228295154,1.89994747896,0.157211479825,-0.012246354101,-0.0510405124094,0.00139605340034,-0.074562953489,-0.00663225820333,0.0310689118871,-0.000185600925078,0.574031819309,0.818818796475,0.00199896500761,0.0,0.818775408133,-0.573972152876,-0.0119810542069,0.0,-0.00866312892935,0.00851437366168,-0.999926225098,0.0,0.659842175749,0.258438276523,0.303306033239,1.0,-0.00876,-0.0115131428571,0.439
0.463581193381,0.536813865869,-0.124030101374,-1.37305277428,0.0785522480635,1.90040206933,0.157048028039,-0.00448994872434,-0.0507589762382,0.000291715937676,-0.0760295976825,-0.00461701143866,0.0374086451315,-0.0117154316322,0.574031658555,0.818818859407,0.0020192468581,0.0,0.818775730219,-0.57397190166,-0.0119710738997,0.0,-0.00864331652799,0.00852524986353,-0.999926303882,0.0,0.659702258639,0.258254514397,0.303321643664,1.0,-0.00908,-0.0119337142857,0.455
0.463455878609,0.535904522543,-0.124038210932,-1.37448731718,0.0784646410077,1.90093395624,0.156880594249,-0.0106639872886,-0.0523184983719,0.00026083431804,-0.080377175279,-0.00112575272338,0.0268752630886,-0.0074115470353,0.574058270856,0.818800196796,0.00202145744513,0.0,0.818757131198,-0.57399853569,-0.0119661204737,0.0,-0.00863771448803,0.00852449724958,-0.999926358706,0.0,0.659538449912,0.258030713574,0.303327059077,1.0,-0.00944,-0.0124068571429,0.473
0.463351066468,0.535109132201,-0.124034958831,-1.37573379598,0.0783950292957,1.90138275187,0.156724395331,-0.00703115666984,-0.054688099878,0.000798762187292,-0.0836619025411,-0.00300534345434,0.0294786432761,-0.0128957293269,0.574063578559,0.818796470653,0.00202344238538,0.0,0.818753330003,-0.574003734801,-0.0119768086392,0.0,-0.00864527160538,0.00853231409174,-0.999926226726,0.0,0.659389526996,0.2578451522,0.303333837743,1.0,-0.00974,-0.0128011428571,0.488
0.463240298398,0.534272181709,-0.124042854653,-1.37712522001,0.0783242541863,1.9018856338,0.156560900703,-0.00804141420623,-0.0520768175153,0.000327946262678,-0.0829464948473,-0.00673163130881,0.0333179357372,-0.00391845993996,0.574083268306,0.818782763842,0.00198332762651,0.0,0.818738976775,-0.574023470631,-0.0120120762098,0.0,-0.00869697179465,0.00851992363614,-0.999925884045,0.0,0.659222639046,0.257636015388,0.30330589204,1.0,-0.01006,-0.0132217142857,0.504
0.463096990506,0.533297541681,-0.124040327732,-1.37869430435,0.0782322183163,1.90247343356,0.156363113002,-0.011356596267,-0.0553983045864,0.0019291506591,-0.0875381728978,-0.00121817087298,0.0327560945073,-0.0124351973495,0.574098118486,0.818772364054,0.0019781588931,0.0,0.818728458084,-0.574038290632,-0.0120208033492,0.0,-0.00870693026183,0.0085208596188,-0.999925789405,0.0,0.659041794972,0.257394548481,0.303297317811,1.0,-0.01042,-0.0136948571429,0.522
0.462975798422,0.532401277593,-0.124041205437,-1.38015784144,0.0781463692492,1.90302132379,0.15617704427,-0.0089298284419,-0.0552665633932,0.000791626394873,-0.0923083642354,-0.00113813921969,0.0371370981085,-0.0108491363826,0.574102596055,0.818769265709,0.0019610288309,0.0,0.818725100225,-0.574042805963,-0.0120338723704,0.0,-0.00872741838155,0.00851438482286,-0.999925665947,0.0,0.658869839958,0.25717549531,0.303280177549,1.0,-0.01074,-0.0141154285714,0.538
0.462851095235,0.531477782746,-0.124040357112,-1.38165152446,0.0780592744821,1.90356247627,0.155981877189,-0.00860350954023,-0.0586373774862,0.000839365416467,-0.0932807959473,-0.00683240897283,0.0371178099616,-0.011733386812,0.574102298106,0.818769530665,0.00193748937689,0.0,0.81872498118,-0.574042535067,-0.012054875649,0.0,-0.00875813218498,0.00850716655642,-0.999925458841,0.0,0.658690424326,0.25695128252,0.303267055797,1.0,-0.01106,-0.014536,0.554
0.462701450651,0.530385302356,-0.124048919877,-1.38339301617,0.0779513895273,1.90417259632,0.155754293334,-0.00956355945515,-0.0605441653444,0.00100221291573,-0.101401598503,-0.00761016247619,0.038876247247,-0.00761794101788,0.574110037571,0.818764188651,0.00190132697094,0.0,0.818719154941,-0.574050419663,-0.0120750949871,0.0,-0.00879536714252,0.00848924949202,-0.999925284289,0.0,0.658480632475,0.256679335376,0.303261112563,1.0,-0.01142,-0.0150091428571,0.572
0.462572443372,0.529328822246,-0.124052196621,-1.38503494918,0.0778497943506,1.90478668978,0.155531689734,-0.00864984774394,-0.0649526646659,-0.00161993591952,-0.0986602580259,-0.00180892650367,0.0398515944111,-0.0181115646163,0.574097547529,0.818772895209,0.00192325058498,0.0,0.818728170779,-0.574037857624,-0.0120609820938,0.0,-0.00877135545831,0.00849896330562,-0.999925412691,0.0,0.658286615725,0.256436696719,0.303277095396,1.0,-0.01176,-0.015456,0.589
0.462437151069,0.528298012729,-0.12404748131,-1.38663695264,0.0777517787326,1.90540429362,0.155307222978,-0.00935916903609,-0.0654980663201,0.000775295350811,-0.0993253026388,-0.00202371246235,0.0402080443978,-0.0112553097737,0.574081772642,0.81878386344,0.00196219044325,0.0,0.818739646312,-0.574021914983,-0.0120407465336,0.0,-0.00873259677927,0.00851906024178,-0.999925580914,0.0,0.658101104423,0.256199804171,0.3032938097,1.0,-0.01208,-0.0158765714286,0.605
0.462299207866,0.527158562288,-0.124050260431,-1.38838956444,0.0776424224696,1.90607755169,0.155071860453,-0.0064291159089,-0.074590534585,-0.000169220544344,-0.10173859991,-0.00792014988573,0.0412766667753,-0.0161533377993,0.574069400098,0.818792422272,0.00200997591475,0.0,0.818748884924,-0.574009394628,-0.0120093803298,0.0,-0.00867961166156,0.00854004772276,-0.999925863215,0.0,0.657896820657,0.255942329198,0.303320113538,1.0,-0.01242,-0.0163234285714,0.622
0.462141807647,0.525986302661,-0.124052475729,-1.39019464365,0.0775128180454,1.90675534332,0.154823225484,-0.00922668994508,-0.0747423016275,-0.000439594085946,-0.105439453566,-0.00396311383608,0.0426390409193,-0.0104971063038,0.574058645743,0.818799897169,0.00203630654558,0.0,0.818756887626,-0.573998712476,-0.0119743034346,0.0,-0.00863588735313,0.00854135687047,-0.999926230615,0.0,0.657687410635,0.255663679174,0.303344574305,1.0,-0.01276,-0.0167702857143,0.639
0.462000744177,0.524894380243,-0.124050416057,-1.39192519567,0.0774187786671,1.90736618266,0.15458245316,-0.0113077081968,-0.0624919141449,0.0017032104316,-0.102319750403,-0.012679907025,0.0427435751376,-0.0126322721324,0.574043212244,0.818810758294,0.0020197720579,0.0,0.818767350528,-0.573983170273,-0.0120038682556,0.0,-0.00866974821931,0.00854462701985,-0.999925909663,0.0,0.65747235354,0.255407285934,0.303341836855,1.0,-0.01308,-0.0171908571429,0.655
0.461841043948,0.523698698286,-0.124061635833,-1.39383784684,0.0772919346815,1.90805427073,0.154327367531,-0.0110841018091,-0.0702910851922,-0.000448069842191,-0.113789732288,-0.00954100466996,0.034346538499,-0.0161991184498,0.574041399429,0.818812111288,0.00198621531322,0.0,0.818768355737,-0.57398158865,-0.0120109298233,0.0,-0.00869481118832,0.00852118526957,-0.999925892084,0.0,0.657241652661,0.255110648888,0.303332200219,1.0,-0.01342,-0.0176377142857,0.672
0.461670609234,0.522404088246,-0.124065080986,-1.39588937039,0.0771724594866,1.9088547261,0.154043641985,-0.00558747412542,-0.07433226425,-0.00302889932869,-0.113969379894,-0.0103466641459,0.0454791463735,-0.0143421688578,0.574029075674,0.818820661761,0.00202263584499,0.0,0.818777376535,-0.573969107358,-0.0119924298689,0.0,-0.00865888558129,0.00854025632997,-0.999926041126,0.0,0.657003212806,0.254805092062,0.303335181394,1.0,-0.01378,-0.0181108571429,0.69
0.461512202419,0.521223180477,-0.1240705459,-1.39777189,0.0770567095043,1.90957314816,0.153795512255,-0.00577107523059,-0.0778747952288,-0.00165118172174,-0.117523303831,-0.00822153397353,0.0443110613684,-0.018163096912,0.574029002939,0.818820687502,0.00203283161235,0.0,0.818777572939,-0.573969028923,-0.0119827705636,0.0,-0.00864512448996,0.00854305925316,-0.999926136253,0.0,0.656781739122,0.25451992904,0.303331304521,1.0,-0.0141,-0.0185314285714,0.706
0.46134286494,0.519937437044,-0.124071602289,-1.39981854444,0.0769271401162,1.91032077883,0.153512952259,-0.0113277114641,-0.0757861935408,4.89435361007e-05,-0.120327645788,-0.00765051487339,0.0469458337897,-0.0159650491857,0.574011060077,0.818833302902,0.00201788748561,0.0,0.818789992492,-0.573951150272,-0.011990504505,0.0,-0.00866022229995,0.00853507260759,-0.99992607381,0.0,0.656531982299,0.254211877035,0.303324981225,1.0,-0.01444,-0.0189782857143,0.723
0.461170208404,0.518571501914,-0.124072252359,-1.40188470831,0.0767981328527,1.91105073757,0.153238866729,-0.0102107205111,-0.0832496454718,0.00136036770455,-0.120766495732,-0.00204889462862,0.0383504346136,-0.0182262116131,0.574003080187,0.818838833352,0.00204348529215,0.0,0.818795812837,-0.573943020301,-0.0119822046821,0.0,-0.00863881670636,0.00855118423257,-0.999926121318,0.0,0.65627619392,0.253899590547,0.303363660498,1.0,-0.01478,-0.0194251428571,0.74
0.461000551035,0.517314789001,-0.124080969884,-1.40390586718,0.0766563315173,1.91177386843,0.152963321712,-0.0126060853615,-0.0782663199514,-0.000939136591427,-0.127338982508,-0.0155322548385,0.0479816181608,-0.00605280063795,0.573991118874,0.818847336061,0.00199564025995,0.0,0.818803826484,-0.573931395052,-0.011991430658,0.0,-0.00867395745204,0.00851717656348,-0.999926107353,0.0,0.656027837777,0.253586009756,0.30334644599,1.0,-0.0151,-0.0198457142857,0.756
0.460799748031,0.515878999906,-0.124084403618,-1.40618275785,0.0765175901073,1.91264019951,0.152651946223,-0.0109112941475,-0.0779410662718,0.000387793644597,-0.124728107176,-0.00785935525405,0.0501312287203,-0.0193922546409,0.573986051973,0.818850842193,0.00201426935079,0.0,0.818807584987,-0.573926259453,-0.0119805834522,0.0,-0.00865443540048,0.00852615097353,-0.999926200026,0.0,0.655757944434,0.253237270821,0.303345000781,1.0,-0.01546,-0.0203188571429,0.774
0.460624584554,0.514557363811,-0.12409253803,-1.40827470825,0.0763938788633,1.91341540172,0.152362355593,-0.0103410313521,-0.0862075195959,-4.84708982901e-05,-0.140392062793,-0.00199151134246,0.044149315992,-0.0136807630403,0.573975007701,0.818858575002,0.00201781605289,0.0,0.818815330281,-0.573915168363,-0.0119825423455,0.0,-0.00865411892881,0.00853006278296,-0.999926169402,0.0,0.655503654906,0.252919374706,0.303343353543,1.0,-0.01578,-0.0207394285714,0.79
0.460447742656,0.513256150133,-0.124093305449,-1.41041585644,0.0762622638396,1.91414991928,0.152058022443,-0.0099035354801,-0.074393493878,-0.000561173420081,-0.135369324261,-0.0136765167173,0.0459753042831,-0.0209525473295,0.57394778171,0.818877874865,0.00192790783756,0.0,0.818833330995,-0.5738882064,-0.0120436500769,0.0,-0.00875604359055,0.00849122492419,-0.999925612633,0.0,0.655227384644,0.252594665984,0.303299879685,1.0,-0.0161,-0.02116,0.806
0.46022938325,0.511736830755,-0.124092572166,-1.41283696913,0.0761139020585,1.91502983984,0.151726360986,-0.0100709203714,-0.0745098120131,0.0008648804181,-0.138502183173,-0.00486754734981,0.0522194098739,-0.0177162849398,0.573941110258,0.818882595777,0.00190871444154,0.0,0.818837729011,-0.573881549237,-0.0120618362725,0.0,-0.00878202087705,0.00848587448003,-0.999925430241,0.0,0.654929439761,0.252220461014,0.303288025795,1.0,-0.01646,-0.0216331428571,0.824
0.459997518542,0.510013078662,-0.124108512717,-1.41557959001,0.0759476351242,1.91607525725,0.151337092082,-0.0156405999575,-0.0865819166546,-0.00734663436772,-0.136432082724,-0.00915997347801,0.0507438597409,-0.0180817829672,0.57392206638,0.818895902882,0.00192584174853,0.0,0.818851312885,-0.573862484666,-0.0120467000334,0.0,-0.00875999362676,0.00849100849866,-0.999925579874,0.0,0.654600296318,0.251800572792,0.303280598118,1.0,-0.01686,-0.0221588571429,0.844
0.459836341579,0.508844065254,-0.124112426006,-1.41740216994,0.0758278043519,1.9167236344,0.151080862526,-0.00747467296481,-0.088412895049,3.82545431076e-05,-0.140436317216,-0.0158129856072,0.0522483975795,-0.0204002392823,0.57390915915,0.818904969607,0.00191695020662,0.0,0.818860285245,-0.57384963867,-0.0120487488165,0.0,-0.0087669078901,0.00848476505309,-0.999925572274,0.0,0.654372973544,0.251516594891,0.303287450262,1.0,-0.01712,-0.0225005714286,0.857
0.459624027186,0.507325899556,-0.124119193443,-1.41979303276,0.0756792890906,1.91758558421,0.150750686726,-0.011961578465,-0.0891807638001,-0.00141685533212,-0.147022661318,-0.0106682386197,0.0468881919868,-0.0217523814721,0.5739011777,0.818910590046,0.00190542537785,0.0,0.818865725368,-0.573841679526,-0.0120580909868,0.0,-0.0087812549722,0.00848060343023,-0.999925481687,0.0,0.654075891887,0.25114455627,0.303286318027,1.0,-0.01746,-0.0229474285714,0.874
0.459413017315,0.50576271902,-0.124124828898,-1.42224149445,0.0755190249606,1.91850916831,0.150407975173,-0.0107836633837,-0.0953955944652,-0.000595414829738,-0.148585184709,-0.0106972469692,0.0563231488948,-0.0174160014992,0.573880595083,0.818924956985,0.00192984878912,0.0,0.81888050989,-0.573821089061,-0.0120339175309,0.0,-0.00874765588196,0.00848651070591,-0.999925726068,0.0,0.653777561451,0.250770123777,0.303293992484,1.0,-0.0178,-0.0233942857143,0.891
0.459201706805,0.504206531701,-0.124123452487,-1.42457697816,0.0753778536861,1.91941203094,0.150097338542,-0.0122570276641,-0.0971180994147,0.00131513225855,-0.144690543584,-0.00544371359611,0.0517189754668,-0.0188814462774,0.573880608903,0.818924690704,0.00203582466123,0.0,0.818881627462,-0.573820653019,-0.0119785338946,0.0,-0.00864148530357,0.00854151218761,-0.999926180926,0.0,0.653498509927,0.250414607645,0.303347889904,1.0,-0.01812,-0.0238148571429,0.907
0.458974569408,0.502533151157,-0.124127373836,-1.4270552913,0.0752112452572,1.92034017851,0.149750243362,-0.0125800159218,-0.101917066439,0.00253788411929,-0.146358359754,-0.0131277335532,0.0501867518363,-0.0198099675555,0.57386735932,0.818933727301,0.00213333007969,0.0,0.818892061544,-0.573807128829,-0.0119129067071,0.0,-0.00853192535076,0.00858356064087,-0.999926761686,0.0,0.653180483422,0.25000071918,0.303419636065,1.0,-0.01848,-0.024288,0.925
0.458724517242,0.500710036449,-0.124135567265,-1.42980075032,0.0750428009971,1.921304211,0.149361994174,-0.0164723743945,-0.105669252292,0.00121383156895,-0.154028724564,-0.00797803547164,0.0562257938636,-0.0240803664026,0.573854178701,0.818942865108,0.00217075499242,0.0,0.818901613471,-0.573793724396,-0.0119019409912,0.0,-0.00850160774611,0.00860777906461,-0.999926811724,0.0,0.652851443469,0.249596580381,0.303466786085,1.0,-0.01882,-0.0247348571429,0.942
0.458501316339,0.499115620223,-0.124138755192,-1.43225190221,0.0748858087176,1.92220264471,0.149001622998,-0.0138963748679,-0.0972701640572,0.000495379035087,-0.157693287135,-0.0124464075917,0.0517358373974,-0.0249829900431,0.573826379575,0.818962257887,0.00220298911258,0.0,0.818921439475,-0.573765813144,-0.0118833722535,0.0,-0.00846819657158,0.00862323351658,-0.999926962078,0.0,0.65254631388,0.249214949403,0.303490276928,1.0,-0.01914,-0.0251554285714,0.958
0.458241773575,0.497440768162,-0.12413875648,-1.4349008805,0.074726084149,1.9231766079,0.148614019379,-0.0116607392942,-0.100576765352,-0.000962917964649,-0.154811174543,-0.00915982769299,0.0484568901927,-0.0254011384711,0.573812856602,0.818971729415,0.00220429546461,0.0,0.818930832615,-0.573752189504,-0.0118938359544,0.0,-0.00847615924414,0.00863016766257,-0.999926834789,0.0,0.652217968188,0.248793841771,0.303481648313,1.0,-0.01948,-0.0256022857143,0.975
0.457975375514,0.495751197994,-0.124136277146,-1.43759301382,0.0745583191252,1.9241057076,0.148212153729,-0.0127809065023,-0.100896186503,0.00391640967984,-0.162129519703,-0.0109803620951,0.057865140174,-0.0206842096562,0.573790489615,0.818987561677,0.00214353610864,0.0,0.818945714464,-0.573729910671,-0.0119437541779,0.0,-0.00855213998645,0.00860881801395,-0.999926371866,0.0,0.651870896167,0.248360722674,0.303458133647,1.0,-0.01982,-0.0260491428571,0.992
0.457710364397,0.494179905908,-0.124144146195,-1.44017184055,0.074394236941,1.92502642017,0.147862019665,-0.0195377550935,-0.102079536971,-0.000245784085354,-0.156335665035,-0.00345400621234,0.0633200766739,-0.0174532200218,0.573811821811,0.818972819648,0.00206415330954,0.0,0.818929899184,-0.573751531176,-0.0119894785628,0.0,-0.00863491219156,0.00857026640254,-0.999925991674,0.0,0.651547048985,0.247934441395,0.303405245515,1.0,-0.021424,-0.0281572571429,1.008
0.457429887942,0.49221664032,-0.124178733975,-1.44324168025,0.0742067164404,1.92617005124,0.14741488409,-0.0207990092032,-0.122332601732,-0.00215724760839,-0.189985037161,-0.0120899249086,0.07753788951,-0.0309188324716,0.573803687923,0.818978457257,0.00208834304346,0.0,0.818935940855,-0.573743385462,-0.011966591639,0.0,-0.0086023733737,0.00857685872055,-0.999926215611,0.0,0.651168586142,0.247440753999,0.303410851035,1.0,-0.0249308571429,-0.0327662693878,1.025
0.457096375817,0.490027565941,-0.124184956242,-1.44680400392,0.0739974603668,1.92743183669,0.146903309435,-0.0204929204561,-0.13391976218,-0.000336304521079,-0.220500155495,-0.0125860626375,0.074559365435,-0.0342533116826,0.573783652009,0.818992719456,0.00199826574721,0.0,0.818948771914,-0.573723479624,-0.0120426246969,0.0,-0.00871653779254,0.00854650300464,-0.999925486852,0.0,0.65070583643,0.246878587068,0.303347765046,1.0,-0.0284377142857,-0.0373752816327,1.042
0.456693426778,0.487455759642,-0.124206527964,-1.45083222372,0.0737513181637,1.9289259216,0.146331164753,-0.0252068582363,-0.163679156852,-0.000574459596105,-0.243856078532,-0.0146630646175,0.0907299808343,-0.0350098871179,0.573794269116,0.818985211585,0.00202653315496,0.0,0.81894162157,-0.573733963122,-0.0120294190496,0.0,-0.00868939270494,0.00856218890822,-0.999925588919,0.0,0.650206062423,0.246222046127,0.303348145324,1.0,-0.0319445714286,-0.0419842938775,1.059
0.45623413697,0.484585095469,-0.124241663021,-1.45523818081,0.0734763140382,1.93058357463,0.145654190155,-0.0336673768703,-0.173867004914,-0.00603512937445,-0.267249950868,-0.0141916638359,0.0956283441786,-0.0373026853786,0.573784570006,0.818991765349,0.00212188936792,0.0,0.81894955309,-0.573723997686,-0.0119645674804,0.0,-0.00858166861529,0.00860297019043,-0.999926169208,0.0,0.64966982267,0.245486860714,0.30338908198,1.0,-0.0354514285714,-0.0465933061224,1.076
0.455726224617,0.481426347776,-0.124297972622,-1.46017127405,0.0731738097157,1.9322811234,0.144918542554,-0.0258397515838,-0.195637640786,-0.00794205368454,-0.307346663697,-0.0269595541569,0.109154655465,-0.0476754227838,0.573798101037,0.818982462477,0.00205238942466,0.0,0.818939251504,-0.573737725839,-0.012011294537,0.0,-0.00865967306197,0.00857300531248,-0.999925754065,0.0,0.649034044842,0.244648123647,0.303381174801,1.0,-0.0389582857143,-0.0512023183673,1.093
0.455202941426,0.478178039676,-0.124346045749,-1.46519812803,0.0728676134925,1.93410165393,0.144173062361,-0.029809670067,-0.205383849634,-0.00214164120974,-0.318960555128,-0.0245383060998,0.112572749016,-0.0472173556929,0.573812686298,0.818972164154,0.00208381495817,0.0,0.818929349419,-0.573752163229,-0.0119967808696,0.0,-0.00862960239825,0.00859056768078,-0.999925863307,0.0,0.648399922219,0.24380239338,0.303398686543,1.0,-0.0422588571429,-0.0555402122449,1.109
0.454571952736,0.474419381185,-0.124384644411,-1.47092114514,0.0725308606046,1.93621380592,0.143363612721,-0.0369778510491,-0.221887754034,-0.00323584922303,-0.349893575303,-0.0244300831667,0.130813234546,-0.0457243939225,0.573880123144,0.818924567783,0.00221437183569,0.0,0.818883338183,-0.573818934349,-0.0119438657528,0.0,-0.00851064046847,0.00866782623234,-0.999926216172,0.0,0.647686418413,0.242832111884,0.303460238318,1.0,-0.0457657142857,-0.0601492244898,1.126
0.45388685847,0.470429466628,-0.124413830095,-1.47709532479,0.0721406005002,1.93837840666,0.142418135194,-0.0430234129892,-0.242484272121,2.76803581492e-06,-0.368436839499,-0.0191448598901,0.134648573192,-0.058611165065,0.573876967504,0.818926828149,0.00219618001594,0.0,0.818885197584,-0.573815686953,-0.0119723633921,0.0,-0.00854445154077,0.00866924981351,-0.999925915484,0.0,0.646885175889,0.241778302184,0.303467869138,1.0,-0.0492725714286,-0.0647582367347,1.143
0.453217831654,0.466342331766,-0.124427074573,-1.48318282458,0.0717509595171,1.94069787344,0.141428139114,-0.04308200901,-0.261732537108,-0.00151338311719,-0.392358628217,-0.0306680338929,0.142614981732,-0.0587319255177,0.57380665447,0.81897533951,0.00246240968914,0.0,0.818937321579,-0.573744482731,-0.0118185769981,0.0,-0.00826648829173,0.00879830671801,-0.99992712483,0.0,0.646125028603,0.240766793959,0.30359253027,1.0,-0.0525731428571,-0.0690961306122,1.159
0.45238861292,0.461517055964,-0.124440092524,-1.49066193831,0.0712545398053,1.94324690015,0.140315608516,-0.0485520568685,-0.275029738038,-0.000100471326134,-0.430727693626,-0.0303988611897,0.144869395093,-0.0608084325791,0.573798079398,0.818981626442,0.00236781119682,0.0,0.81894214063,-0.573736024198,-0.0118950300156,0.0,-0.00838347385447,0.00876461449344,-0.999926446744,0.0,0.64511848313,0.239497980817,0.303579627526,1.0,-0.0562862857143,-0.0739762612245,1.177
0.451550742362,0.456723140373,-0.124456848156,-1.49809130428,0.0707489224405,1.94584582966,0.139189091988,-0.0440742376922,-0.286559941286,-0.00226227073833,-0.445052396191,-0.0256022702296,0.158019146841,-0.0668898785489,0.573778893904,0.818995200995,0.00232132694764,0.0,0.818955084386,-0.573716998873,-0.0119214875086,0.0,-0.00843201867095,0.00874152872419,-0.999926240648,0.0,0.644127092309,0.238230226216,0.303567803579,1.0,-0.0597931428571,-0.0785852734694,1.194
0.450698055611,0.45193344618,-0.124472089367,-1.50535988088,0.0702587147104,1.94849868513,0.138016021754,-0.0498396531846,-0.308097780904,0.000822396804479,-0.453732505602,-0.0293132982545,0.178646189306,-0.0722921013032,0.57372597329,0.819031884004,0.00245508829197,0.0,0.818993636057,-0.573663696369,-0.0118378404827,0.0,-0.00828733332546,0.00880254771599,-0.999926914959,0.0,0.643179767876,0.236980039466,0.303628442671,1.0,-0.0630937142857,-0.0829231673469,1.21
0.449744894618,0.446566623263,-0.124533791812,-1.51343906643,0.0697189704114,1.95144532471,0.136810654378,-0.0596176584044,-0.321010199179,-0.00409480303179,-0.483764288391,-0.0318862234392,0.168183777426,-0.0734940207939,0.573782005623,0.818992079445,0.00263262816828,0.0,0.818956419125,-0.573719367887,-0.0117139825161,0.0,-0.00808342476187,0.00887745103797,-0.999927921956,0.0,0.642127217333,0.235563705549,0.303719810085,1.0,-0.0666005714286,-0.0875321795918,1.227
0.448663380151,0.440676671013,-0.124565825055,-1.5226440938,0.0690792637575,1.9544965897,0.135365214101,-0.0580814382857,-0.334894879091,-0.000658005439813,-0.520203631209,-0.0317684928555,0.16917241577,-0.0856108333674,0.573739763298,0.819022412114,0.00239151985515,0.0,0.818983370708,-0.573677765101,-0.0118662223677,0.0,-0.00834690100428,0.0087669073947,-0.999926732605,0.0,0.640838143629,0.233951967922,0.303635148716,1.0,-0.0703137142857,-0.0924123102041,1.245
0.447697216747,0.435523825756,-0.124582346971,-1.53051195356,0.068564623324,1.95724434889,0.134092714208,-0.0670591233966,-0.349408917575,-0.00105923553597,-0.519052749769,-0.0377398764424,0.187393593594,-0.0901197332242,0.57370501832,0.819046661226,0.00242189807917,0.0,0.819007735883,-0.573642612308,-0.0118839727627,0.0,-0.00834438492777,0.0088016175323,-0.99992644868,0.0,0.639761375639,0.232571733572,0.303648442734,1.0,-0.073408,-0.0964790857143,1.26
0.44644605573,0.429094811655,-0.124613275215,-1.540192795,0.0678790624799,1.96078172982,0.132526741623,-0.0722873161553,-0.357928130736,-0.00440628541043,-0.548565868468,-0.0511898929498,0.189785156978,-0.0852579530133,0.573698899227,0.81905030248,0.00263095679425,0.0,0.819014512325,-0.573636159392,-0.0117274097625,0.0,-0.00809628244081,0.00888296489191,-0.999927768964,0.0,0.638474384342,0.230833383376,0.303729857106,1.0,-0.0771211428571,-0.101359216327,1.278
0.445180066091,0.422807417118,-0.124704763317,-1.54990474231,0.0671764152072,1.96396071215,0.130912117419,-0.0773674894247,-0.371561803076,-0.00756375250823,-0.586175073206,-0.042500909076,0.17960050783,-0.10506435404,0.573696894643,0.819052453166,0.0023872454772,0.0,0.819013546215,-0.57363511807,-0.0118452241165,0.0,-0.00833261245831,0.00875092315832,-0.999926991792,0.0,0.637103635911,0.229022988429,0.303661671917,1.0,-0.080628,-0.105968228571,1.295
0.443929014181,0.416581492079,-0.124792662844,-1.55921137941,0.0665143923603,1.9672120728,0.129440433676,-0.0761221573609,-0.397398070405,-0.00828656003189,-0.578149379806,-0.0440336513632,0.214535564748,-0.0930152181615,0.573785844889,0.818989809661,0.00249855500407,0.0,0.818952700117,-0.573724009609,-0.0117466025094,0.0,-0.0081870243838,0.00878640177789,-0.999927883287,0.0,0.635828686387,0.227284674477,0.303740216298,1.0,-0.0839285714286,-0.110306122449,1.311
0.442514244126,0.409804770407,-0.124812033782,-1.5694179137,0.0658212871398,1.97079173329,0.12769640823,-0.087792020289,-0.399030453772,0.003441762462,-0.617557751081,-0.0379507124523,0.210494084765,-0.0973856565047,0.573757394328,0.819009349029,0.00262403466985,0.0,0.818973648294,-0.573694868524,-0.0117093180742,0.0,-0.00808480140613,0.00886749380118,-0.999927999178,0.0,0.634405470796,0.225406303438,0.303780287784,1.0,-0.0874354285714,-0.114915134694,1.328
0.441002422219,0.40289266213,-0.124876706573,-1.58009963546,0.0650675750736,1.97429589825,0.125947256422,-0.095359625303,-0.408990095776,-0.00532214265824,-0.635475615272,-0.0512762855977,0.21432361541,-0.100961555379,0.573829861835,0.818959311286,0.00238390976661,0.0,0.818920132604,-0.573767841678,-0.0118754862598,0.0,-0.00835789020225,0.00876690913204,-0.999926640797,0.0,0.632859789391,0.223378066512,0.303670029118,1.0,-0.0909422857143,-0.119524146939,1.345
0.439611597179,0.396450244507,-0.124948280803,-1.58951207904,0.0643880808917,1.97768261724,0.124300825253,-0.0999608832847,-0.420471637943,0.000372951552294,-0.634168797644,-0.0504631984876,0.231472227688,-0.105491936118,0.573855475089,0.818940364294,0.00270561290244,0.0,0.818905860773,-0.573792803344,-0.0116514772794,0.0,-0.00798955765947,0.00890207768504,-0.999928457431,0.0,0.631566834817,0.221570130436,0.303823715681,1.0,-0.0940365714286,-0.123590922449,1.36
0.437862261617,0.388620527636,-0.124982941174,-1.60141632332,0.0634807082124,1.98160452826,0.122298116514,-0.0992705450139,-0.436721569843,-0.0046992665793,-0.678991365526,-0.0543490173976,0.217146566302,-0.110854745909,0.573875484687,0.81892688461,0.00253626504899,0.0,0.818890195885,-0.573813425738,-0.0117365423738,0.0,-0.00815618417777,0.00881240619224,-0.99992790648,0.0,0.62981524883,0.219296003301,0.303759161315,1.0,-0.0977497142857,-0.128471053061,1.378
0.4361481742,0.380899163606,-0.125038623623,-1.61288917831,0.0626268046776,1.98537074003,0.120229354119,-0.107892331882,-0.466753373971,-0.00232352221247,-0.679909829719,-0.0497618339439,0.235863803818,-0.115010010268,0.57382794446,0.818960122444,0.00256025455272,0.0,0.818923737889,-0.57376579642,-0.0117247294511,0.0,-0.0081332559648,0.0088248005333,-0.999927983928,0.0,0.628022858892,0.216952575764,0.303815096878,1.0,-0.101462857143,-0.133351183673,1.396
0.43443608098,0.373562128646,-0.125064602815,-1.62388217243,0.0618284076742,1.98910196261,0.1182557351,-0.110380391916,-0.456306318308,-0.00172645786345,-0.686353216268,-0.0534066629352,0.230680400506,-0.121342485229,0.573801368575,0.818978686858,0.00257813780871,0.0,0.818942263422,-0.573738864464,-0.0117486802196,0.0,-0.00814289761575,0.00885292524765,-0.99992765685,0.0,0.626493342423,0.214955552062,0.303790830422,1.0,-0.104557142857,-0.137417959184,1.411
