position_joint1,position_joint2,position_joint3,position_joint4,position_joint5,position_joint6,position_joint7,velocity_joint1,velocity_joint2,velocity_joint3,velocity_joint4,velocity_joint5,velocity_joint6,velocity_joint7,ee_T_00,ee_T_10,ee_T_20,ee_T_30,ee_T_01,ee_T_11,ee_T_21,ee_T_31,ee_T_02,ee_T_12,ee_T_22,ee_T_32,ee_T_03,ee_T_13,ee_T_23,ee_T_33,v_x,v_y,time
0.465086377457,0.547661443719,-0.124022667924,-1.3558135056,0.0795258748981,1.89414504815,0.159131829591,-0.000631076319072,-0.00191261363339,0.00100261415194,-0.000392892329169,-0.000197625624836,-0.000132802483098,0.000726634961202,0.57380269028,0.818979106221,0.00210786690715,0.0,0.81893803372,-0.573743499383,-0.0118169684686,0.0,-0.00846863838666,0.00850698446434,-0.999927954094,0.0,0.661696692175,0.260890251606,0.303313530232,1.0,0.0,0.0,0.0
0.465085433957,0.547661419737,-0.124022529823,-1.35581601128,0.0795258426442,1.8941450089,0.159128813183,4.54638931489e-06,-0.00245882669666,0.0018585129821,-0.00162802424708,-0.000482070558436,6.84742960601e-06,-0.00155910888144,0.573801024495,0.81898027852,0.00210584531613,0.0,0.818939176363,-0.573741838412,-0.011818425262,0.0,-0.00847100874278,0.00850614752167,-0.999927941136,0.0,0.661696326555,0.260889401725,0.303312346505,1.0,-0.00016,-0.000210285714286,0.009
0.465088216637,0.547663259301,-0.124027895984,-1.35581382101,0.0795257144634,1.89414342054,0.159133557787,0.000805632332465,-0.00189495911139,-0.00444150622994,-0.000462089461895,2.59748544276e-05,-0.000616228720577,0.000831175839059,0.573806219196,0.818976645507,0.00210328956527,0.0,0.818935538753,-0.573747071332,-0.0118164464407,0.0,-0.00847080052877,0.00850297273835,-0.999927969902,0.0,0.661696976752,0.260888244386,0.30331212529,1.0,-0.00042,-0.000552,0.022
0.465085031191,0.547648622997,-0.124027898907,-1.35582239978,0.0795253976198,1.89414741796,0.159130246846,0.000651985849895,-0.00309143439227,-0.000954357499159,2.69117440071e-06,-2.41561729551e-05,-0.000644894716563,-0.000490727179149,0.573806503964,0.818976423026,0.0021122113184,0.0,0.818935432,-0.573747320558,-0.0118117428228,0.0,-0.00846182621867,0.0085075833407,-0.99992800667,0.0,0.661697044788,0.260885530693,0.303318757429,1.0,-0.00074,-0.000972571428571,0.038
0.465087498484,0.547587421969,-0.124022638679,-1.35588393698,0.0795259684855,1.89415896733,0.159132467668,0.000325454002419,-0.00538032448702,0.000559673571439,-0.00447735039512,-0.000145218777197,0.0041803383201,1.4120081563e-05,0.573806108945,0.818976663174,0.00212636186358,0.0,0.818935777873,-0.573746791044,-0.011813483322,0.0,-0.0084551366433,0.00852016674451,-0.999927956116,0.0,0.661684975737,0.260884584971,0.303333652506,1.0,-0.0011,-0.00144571428571,0.056
0.465081951615,0.54747177546,-0.124022688254,-1.3560379078,0.0795256138136,1.89419561942,0.159125433995,-0.000852887673516,-0.00498527241799,0.000102803500463,-0.00772740800684,-0.000152301583944,0.000794976945948,-0.00166110921434,0.573813290112,0.818971619782,0.00213095854174,0.0,0.818930688337,-0.573753846442,-0.0118236328959,0.0,-0.00846073701993,0.00852982926413,-0.999927826366,0.0,0.661661520372,0.260866557915,0.303345473138,1.0,-0.00142,-0.00186628571429,0.072
0.465063074525,0.547321960165,-0.124028216809,-1.35624148923,0.0795232048354,1.89426579998,0.159124222845,-0.00364535879425,-0.00380851391731,-0.00111950969262,-0.00619575369861,-0.00019993188904,0.00405319425558,0.00127181759294,0.573842318869,0.818951231809,0.00214939385439,0.0,0.818910475213,-0.573782733393,-0.0118218165905,0.0,-0.0084483688354,0.00854418429029,-0.999927808384,0.0,0.661639127854,0.260833046551,0.303360971139,1.0,-0.00178,-0.00233942857143,0.09
0.465049433408,0.547154143601,-0.124027593645,-1.3564302129,0.0795177468498,1.89435753645,0.159118871376,-0.00324385542829,-0.0130987886266,-0.000537033256036,-0.0127276714591,-0.00189512103775,0.00549942875918,-0.000517983944221,0.573857857708,0.818940173364,0.00221325538606,0.0,0.818900224819,-0.573797998533,-0.0117909106081,0.0,-0.00838625032807,0.00857890720577,-0.999928033989,0.0,0.661622306977,0.26080953869,0.303397951115,1.0,-0.00208,-0.00273371428571,0.105
0.465026833985,0.546953392567,-0.124023923923,-1.35666036547,0.0795163868884,1.89448927568,0.159098782738,-0.00208052636544,-0.0137953055497,0.000483110288105,-0.0157337595806,0.0002591115847,0.013790199261,-0.00385636149943,0.573870088943,0.818931342013,0.00230759314481,0.0,0.818892557461,-0.57380980458,-0.0117488043768,0.0,-0.00829750431655,0.00863212445977,-0.999928316355,0.0,0.661606233941,0.260780766297,0.303441916309,1.0,-0.00242,-0.00318057142857,0.122
0.464997037472,0.546713217149,-0.124023292384,-1.35698543574,0.0795120640511,1.8946213613,0.159068464514,-0.0019962480326,-0.0142807886062,0.00172046065821,-0.0221156207424,0.000310994181852,0.00984190994994,-0.00274254200714,0.573886292925,0.818919847473,0.00235650351623,0.0,0.818881579744,-0.57382569961,-0.0117376200804,0.0,-0.00826010679974,0.00866592344361,-0.999928333635,0.0,0.661572222466,0.260734257677,0.303468737461,1.0,-0.00278,-0.00365371428571,0.14
0.464955919846,0.546451850752,-0.124031096236,-1.3573740971,0.0795023098383,1.89476250872,0.158947980324,-0.000913794361507,-0.017374904166,-0.00161710267221,-0.0229928265981,0.000493790001658,0.00786650491714,-0.0016263148146,0.573845886589,0.818948108582,0.00237503589548,0.0,0.818909989813,-0.573785132927,-0.0117386846336,0.0,-0.00825077214385,0.00868130365392,-0.999928277291,0.0,0.661531158024,0.260667836847,0.3034813382,1.0,-0.00312,-0.00410057142857,0.157
0.464924682432,0.546197192226,-0.124031469628,-1.35775927529,0.0794875549072,1.89490938833,0.158937404149,-0.000689066310386,-0.0130744411507,-0.00101884782971,-0.0258455696862,-0.00088517203002,0.00977186806892,-7.45472865919e-05,0.573880724714,0.818923643843,0.00239295993777,0.0,0.818885693765,-0.573819832577,-0.0117374268453,0.0,-0.00823908711864,0.00869561110053,-0.999928249321,0.0,0.661487832087,0.260612159397,0.30349107505,1.0,-0.00342,-0.00449485714286,0.172
0.464888137517,0.545920043129,-0.124026250828,-1.35824134792,0.0794706876267,1.89506229536,0.158887652708,-0.00115735636864,-0.0225668929286,0.00047055303269,-0.0328983653197,-0.00362520107059,0.00460794600203,-0.0055641138141,0.573884166577,0.818921339826,0.00235572311151,0.0,0.81888273508,-0.573823233767,-0.0117774987919,0.0,-0.00829323610721,0.00868814833695,-0.999927866555,0.0,0.661421401557,0.260538320378,0.303471987292,1.0,-0.00376,-0.00494171428571,0.189
0.464828068022,0.545566361178,-0.124023701702,-1.3588430154,0.079414122236,1.89525011644,0.158792329023,-0.0056690841832,-0.0225316637128,0.00140114485687,-0.0354578905427,-0.000637816319422,0.0104267054596,-0.0091983154306,0.573876455183,0.818926915765,0.00229515199813,0.0,0.81888762869,-0.573815863322,-0.0117963333267,0.0,-0.00834350088159,0.00864927605631,-0.999927785401,0.0,0.661351091757,0.260443609467,0.303451080697,1.0,-0.0041,-0.00538857142857,0.206
0.464770545003,0.545169236458,-0.124031130549,-1.35954361834,0.0793448024966,1.89547386629,0.158714726465,-0.00120199452575,-0.0255154944187,-0.00051111832064,-0.0436056799099,-0.00115108920999,0.0138972738639,-0.00375785645612,0.573885798288,0.818920602492,0.00221003116414,0.0,0.81888042565,-0.573825757626,-0.0118150443715,0.0,-0.00840757231985,0.0085904028232,-0.999927756244,0.0,0.661265788352,0.260327266451,0.30341829042,1.0,-0.00446,-0.00586171428571,0.224
0.46471380567,0.544776747098,-0.124035031172,-1.36019308763,0.0793319676549,1.89567896377,0.158659504954,-0.000807118217361,-0.0215807626758,-0.00177561016715,-0.0444821408291,-0.00127617476078,0.00721458253961,-0.0015507806324,0.57392243214,0.81889501043,0.00217960558009,0.0,0.81885416926,-0.573862233226,-0.011863121997,0.0,-0.00846402104437,0.00859345639656,-0.999927253781,0.0,0.661184137614,0.260227381981,0.303404891684,1.0,-0.00478,-0.00628228571429,0.24
0.464641983535,0.544326702483,-0.124031880316,-1.36096709163,0.0793021239598,1.89594701305,0.158515275235,-0.00455209544976,-0.0229253386471,-0.000661164258055,-0.0412652249857,5.23127371497e-05,0.0219957059076,-0.00832851369092,0.573896152445,0.818913527855,0.00214172970578,0.0,0.818871985011,-0.57383589788,-0.0119071982386,0.0,-0.00852212840505,0.00858746304632,-0.999926811725,0.0,0.661091098319,0.260109104137,0.303378122384,1.0,-0.00514,-0.00675542857143,0.258
0.464577094346,0.543869511743,-0.12403470374,-1.36171953866,0.0792711098509,1.89621472906,0.158459349595,-0.0100492087294,-0.0288703653466,-0.00100929362431,-0.0456721347332,-0.00234757077281,0.0147836026637,-0.00402288044466,0.573936319477,0.81888540512,0.00213104880973,0.0,0.818843546497,-0.573875925596,-0.0119337874103,0.0,-0.00854961133641,0.00859439505753,-0.99992651756,0.0,0.660995371441,0.259992453887,0.303369706561,1.0,-0.00548,-0.00720228571429,0.275
0.464499041228,0.543379372353,-0.124034330075,-1.36250641476,0.0792229460376,1.89647697024,0.158340740489,-0.00410497275014,-0.0275414001452,-0.000924878549148,-0.0489896176649,-0.0068636605421,0.0114238758325,-0.00621996973787,0.573936518206,0.8188853576,0.00209549016691,0.0,0.818843029408,-0.573876264336,-0.0119529629005,0.0,-0.00858571953194,0.00857628454578,-0.999926363671,0.0,0.660909640705,0.25986604958,0.303361720829,1.0,-0.00578,-0.00759657142857,0.29
0.464413495019,0.542759191104,-0.1240325509,-1.36348231882,0.0791667426802,1.89682440224,0.158230945735,-0.00669435565161,-0.0357985247872,0.00150999309455,-0.0547881436716,-0.000807013969495,0.0151738910415,-0.0024751066585,0.573954675578,0.818872644781,0.00209019420801,0.0,0.818830187129,-0.573894381036,-0.0119628994122,0.0,-0.00859670588288,0.0085778413156,-0.999926255924,0.0,0.660795438581,0.259717322566,0.303365947499,1.0,-0.00616,-0.008096,0.309
0.464331124554,0.54221047339,-0.124036006101,-1.36434018817,0.0791167319641,1.8971365693,0.158108836242,-0.00491997277163,-0.0378025570017,-0.000124830837295,-0.0533839694458,0.00015335016601,0.0254373728024,-0.00371151181725,0.573958892035,0.818869682554,0.00209288058801,0.0,0.8188272456,-0.573898571528,-0.0119632087265,0.0,-0.00859537323989,0.00858026286973,-0.999926246604,0.0,0.660699399017,0.259579353069,0.303372851084,1.0,-0.00648,-0.00851657142857,0.325
0.46425775998,0.541631569266,-0.124046412656,-1.36523923449,0.0790543764879,1.89746338263,0.157995102147,-0.00599946647005,-0.0388548388102,0.000561256989437,-0.0548167549982,-0.00560244203082,0.0271357129995,-0.00907163587716,0.573966389595,0.81886443088,0.00209149636828,0.0,0.818822085359,-0.573906183171,-0.0119512487789,0.0,-0.00858629514461,0.00857234357477,-0.999926392522,0.0,0.660597389474,0.259437817713,0.303382909514,1.0,-0.0068,-0.00893714285714,0.341
0.464157369695,0.540968168794,-0.124044975836,-1.36625581681,0.0790012690943,1.89783574776,0.157877448834,-0.0020694237629,-0.0412645786079,-0.000915183482847,-0.0658436740574,-0.0057381469986,0.0187247704998,-0.00472779597018,0.573993441422,0.818845414359,0.00211269706284,0.0,0.818803252549,-0.573933051488,-0.011951272982,0.0,-0.00857386347838,0.00859000091918,-0.999926347662,0.0,0.660483195714,0.25927704738,0.30340026474,1.0,-0.00714,-0.009384,0.358
0.464069111148,0.540270756842,-0.124050677824,-1.36731599447,0.0789327654723,1.89822066918,0.157739109123,-0.00694642541801,-0.0458465976524,-0.000539755205762,-0.0673687206504,-0.000570550232958,0.0218240155251,-0.00858070696978,0.573996812882,0.818843011056,0.00212813235752,0.0,0.818801101541,-0.573936410407,-0.0119373290959,0.0,-0.00855355053704,0.00859467144798,-0.999926481495,0.0,0.660361493554,0.259113797008,0.303422104377,1.0,-0.00748,-0.00983085714286,0.375
0.463962916029,0.539531650318,-0.124057365509,-1.36846162557,0.0788745088247,1.89864526609,0.157595894865,-0.0029957630201,-0.0438910156183,-0.00172589738331,-0.0686655144234,-0.00159975251713,0.0257535449242,-0.00447488917608,0.574019055428,0.818827368193,0.0021475581827,0.0,0.818785638853,-0.573958497273,-0.0119359925584,0.0,-0.00854107254809,0.00861004274254,-0.999926455917,0.0,0.660233148269,0.258932889418,0.303436124527,1.0,-0.00782,-0.0102777142857,0.392
0.463859953265,0.53877989189,-0.124059469783,-1.36962770666,0.0788060723333,1.89909007692,0.157451796517,-0.00675694918689,-0.0396350780093,-0.000925383915379,-0.0702999678991,-0.00108151675727,0.0330518525862,-0.0047371498417,0.57403310823,0.818817449047,0.00217317591991,0.0,0.818776055491,-0.57397244607,-0.0119226259066,0.0,-0.00851527497769,0.00862349244394,-0.999926560038,0.0,0.660102885867,0.258754250568,0.303450813309,1.0,-0.00816,-0.0107245714286,0.409
0.463755899652,0.538083702226,-0.124060603987,-1.37067905729,0.0787457565851,1.89950152191,0.157323867218,-0.00870941134706,-0.0463364390848,-0.00101226901343,-0.072299963162,-0.0101470607144,0.0237051769556,-0.00398125956682,0.574056386474,0.818800998786,0.00222180948432,0.0,0.818760243225,-0.573995530163,-0.0118971579985,0.0,-0.00846625914076,0.00864893532254,-0.999926756505,0.0,0.659990447168,0.258587406261,0.303477816764,1.0,-0.00846,-0.0111188571429,0.424
0.463660070291,0.537277075452,-0.124077236359,-1.37194773106,0.0786697189251,1.89996466238,0.157177135979,-0.0125407670157,-0.0526553094003,-1.31670899063e-05,-0.0778832155672,0.000184654010196,0.0261048380672,-0.00417234718533,0.574075974341,0.818787274539,0.00221847649426,0.0,0.818746529968,-0.574015184444,-0.0118926277308,0.0,-0.00846425601594,0.00864380820363,-0.999926817797,0.0,0.659842946799,0.258393627193,0.303484230073,1.0,-0.0088,-0.0115657142857,0.441
0.463553478834,0.536445540152,-0.124068049718,-1.37324753855,0.0786009595914,1.90046454942,0.157013320976,-0.0101204988981,-0.0501533600992,0.000960523170325,-0.0805720164329,-0.00404352926792,0.0242289555515,-0.00948231538777,0.574075967141,0.818787188876,0.0022517070003,0.0,0.818746758664,-0.574014923667,-0.0118894695381,0.0,-0.00844259446456,0.00866920344088,-0.999926781075,0.0,0.659692408083,0.258208037266,0.303495621783,1.0,-0.00914,-0.0120125714286,0.458
0.463449084195,0.535631543112,-0.124079514493,-1.37453966754,0.0785248480918,1.90092810976,0.156855090804,-0.00701666238939,-0.042888408434,0.000163217501168,-0.0822540206604,-2.8007560083e-05,0.0290081779468,-0.0145102096291,0.574083836562,0.818781733856,0.00222885693339,0.0,0.818741001661,-0.574022878683,-0.0119018422344,0.0,-0.0084657591398,0.00865767849744,-0.999926685075,0.0,0.659529296948,0.257999938664,0.303488942603,1.0,-0.00948,-0.0124594285714,0.475
0.463321378059,0.534637269783,-0.124075412122,-1.37614012418,0.0784320399721,1.90150514721,0.156660035698,-0.00463994101948,-0.0550188926347,0.00119145806991,-0.0903320619517,-0.00395668605921,0.0334438873863,-0.00422501532964,0.574095426964,0.81877364536,0.00221479201052,0.0,0.818732636057,-0.574034428217,-0.0119202675575,0.0,-0.00848879749198,0.00865686026542,-0.999926496842,0.0,0.659346805105,0.257774328471,0.303485284244,1.0,-0.00984,-0.0129325714286,0.493
0.463209424684,0.533795388597,-0.124084772964,-1.37753369382,0.0783584099139,1.90200648836,0.156486657267,-0.0052405199724,-0.0536926744843,0.000542628421991,-0.0882261366502,-0.0045082619424,0.0331161218067,-0.0131019390728,0.574108356036,0.818764688576,0.00217420599318,0.0,0.818723055047,-0.57404742366,-0.0119524652564,0.0,-0.00853832353364,0.00864224914203,-0.999926201557,0.0,0.659179946005,0.25756280401,0.303459602697,1.0,-0.01016,-0.0133531428571,0.509
0.463082396108,0.532868606208,-0.124083321051,-1.37902051504,0.0782748296394,1.90256678067,0.156304474464,-0.0093026956785,-0.0503349892684,0.000397224791747,-0.0925382760437,-0.00969923082431,0.0385649681978,-0.0112034015219,0.574116884219,0.818758707135,0.00217477511016,0.0,0.818716994359,-0.57405586072,-0.0119623919956,0.0,-0.00854603474448,0.0086485030724,-0.99992608161,0.0,0.658996363686,0.257324126824,0.303450500433,1.0,-0.01052,-0.0138262857143,0.527
0.46295914543,0.532014835101,-0.124080821358,-1.38039306968,0.0781966468622,1.90308168227,0.156133371873,-0.00812572395584,-0.054756882126,0.000536266685559,-0.0879938652354,-0.00294320159928,0.0353229943336,-0.0083734558166,0.574134329614,0.818746473348,0.00217504960206,0.0,0.818704714304,-0.574073252338,-0.0119682340908,0.0,-0.00855047627813,0.00865226400231,-0.999926011104,0.0,0.658847812549,0.257130864727,0.303447126136,1.0,-0.0108,-0.0141942857143,0.541
0.46282599711,0.531008419599,-0.124077797864,-1.38199385305,0.0781002019328,1.90365152917,0.155925994301,-0.00723472668301,-0.0624897278411,0.00491653948182,-0.0943652009146,-0.00951004878486,0.0325847257871,-0.013376481701,0.574132642727,0.818747708942,0.00215512368929,0.0,0.818705614023,-0.574071571157,-0.011987312402,0.0,-0.00857755446767,0.00864688569124,-0.999925825713,0.0,0.658653439415,0.256891166765,0.303443765863,1.0,-0.01114,-0.0146411428571,0.558
0.462666590584,0.529870589454,-0.124086518557,-1.38381805941,0.0779886504904,1.9043137818,0.155685441107,-0.011420723152,-0.0611857173472,0.000104125679088,-0.0940618175489,-0.00688652497581,0.0363420871165,-0.00296583196293,0.574141557472,0.818741520409,0.00213111288205,0.0,0.818699116522,-0.574080588906,-0.0119992061123,0.0,-0.00860098331329,0.0086341493536,-0.999925734518,0.0,0.658438561225,0.256606404474,0.303434801841,1.0,-0.01152,-0.0151405714286,0.577
0.462539688363,0.528877925473,-0.124088974274,-1.38538838928,0.0778821425698,1.90489304837,0.155469260021,-0.00695883680435,-0.0617021244446,0.000283199730774,-0.0979787802094,-0.00740367345594,0.0358452582135,-0.0170285882551,0.574126746656,0.818751922094,0.00212502766027,0.0,0.818709526034,-0.574065892842,-0.0119920622997,0.0,-0.00859878370985,0.00862491015859,-0.999925833171,0.0,0.658252080861,0.256370140309,0.303436745036,1.0,-0.01184,-0.0155611428571,0.593
0.46239105336,0.527773518735,-0.124095172108,-1.38710753188,0.077778528936,1.90556056351,0.155221648049,-0.0100654053432,-0.0666278965731,-0.000242807845266,-0.103807057767,-0.013102900033,0.0419843119411,-0.0215671654809,0.57411553849,0.818759670464,0.00216734576123,0.0,0.818717874493,-0.574054559502,-0.0119645978579,0.0,-0.00855212013793,0.00864367267442,-0.999926071349,0.0,0.65805714358,0.256107650083,0.303454082318,1.0,-0.01218,-0.016008,0.61
0.462246458975,0.526612277617,-0.124096025973,-1.38888190176,0.0776597379176,1.90623018292,0.154979069418,-0.0109803810628,-0.0717052504621,4.16017738366e-05,-0.105817768922,-0.00558518159221,0.0354477408769,-0.0235504899153,0.574099820443,0.818770580903,0.00220882685969,0.0,0.818729429281,-0.574038779405,-0.0119309794286,0.0,-0.00850094635263,0.00865817139853,-0.99992638228,0.0,0.657849231973,0.255842862163,0.303484817695,1.0,-0.01252,-0.0164548571429,0.627
0.462102401076,0.525521895205,-0.12409613656,-1.3906105056,0.0775523032528,1.90685495953,0.15475394958,-0.0092759064775,-0.0668138707083,0.000691350159997,-0.111535808029,-0.00844737488309,0.0381159085704,-0.0143078258763,0.574097722299,0.818772087462,0.00219566527236,0.0,0.818730738677,-0.574036708837,-0.0119407434391,0.0,-0.00851651893423,0.00865297885794,-0.999926294715,0.0,0.657639763174,0.255582197408,0.303483321314,1.0,-0.01284,-0.0168754285714,0.643
0.461940273293,0.524260099195,-0.124113243501,-1.39258470965,0.0774324228958,1.90756369724,0.154478617437,-0.00866956558677,-0.0757076712729,-0.0032494174889,-0.112859392355,-0.00550005864341,0.0367360126072,-0.0146616456667,0.574090909784,0.818776881956,0.00218901350051,0.0,0.818735467699,-0.574029945795,-0.0119416148201,0.0,-0.00852112290492,0.00864796200858,-0.999926298893,0.0,0.657402470361,0.255276575377,0.303493004168,1.0,-0.0132,-0.0173485714286,0.661
0.461781361109,0.523079423074,-0.124112243929,-1.39448643443,0.0773161150465,1.90827027158,0.154233479182,-0.00899917173527,-0.0688257985269,0.000392789567187,-0.112786834332,-0.00674081005323,0.0521716082393,-0.0173638416407,0.574090396952,0.81877727936,0.00217481788325,0.0,0.818735651981,-0.574029462489,-0.0119522077578,0.0,-0.00853795099172,0.00864241502695,-0.999926203305,0.0,0.657173864079,0.254991603258,0.303479074236,1.0,-0.01354,-0.0177954285714,0.678
0.461634111976,0.521980636559,-0.124111798697,-1.39621189718,0.0772167492128,1.90893729163,0.153995864,-0.0115317724758,-0.0749252545068,0.000790896405707,-0.115417059342,-0.00911567170183,0.0493478024368,-0.00902233678059,0.574081925175,0.818783123539,0.00221058740619,0.0,0.81874192684,-0.574020809983,-0.0119379161607,0.0,-0.00850580487224,0.00866340928196,-0.999926295595,0.0,0.656972366476,0.254733885172,0.303487771317,1.0,-0.01384,-0.0181897142857,0.693
0.461461883642,0.520658303354,-0.124119923484,-1.39835401125,0.0770752790312,1.90974968662,0.153701906752,-0.00909720409244,-0.0716029082805,-0.000487091478425,-0.11771175068,-0.0144642467151,0.0391709100381,-0.018324889475,0.574064418799,0.818795443446,0.0021935728446,0.0,0.818754149407,-0.574003501358,-0.0119318967031,0.0,-0.0085108280187,0.0086458406738,-0.999926404915,0.0,0.656717519402,0.254411369887,0.303467772011,1.0,-0.0142,-0.0186628571429,0.711
0.461310349236,0.519491456437,-0.12412911877,-1.40015342598,0.0769604718554,1.91040738918,0.153456305732,-0.00550506665008,-0.0814410558817,-0.00152706680327,-0.121653784228,-0.00982116305323,0.0465102476518,-0.0221030501055,0.574058677701,0.818799423616,0.0022102810358,0.0,0.818758401785,-0.573997748903,-0.0119168226567,0.0,-0.00848895462232,0.00865080817992,-0.999926547886,0.0,0.65650143014,0.254134331701,0.303487906456,1.0,-0.0145,-0.0190571428571,0.726
0.461143913092,0.518151775628,-0.124127111122,-1.40225026087,0.0768257528591,1.91115408804,0.153174789076,-0.00858755360963,-0.0800045924128,0.000298991543229,-0.127439840372,-0.0118141022211,0.0422686865083,-0.0147122444544,0.574037819508,0.818814077918,0.00219874488512,0.0,0.818772881516,-0.573976915205,-0.011925443647,0.0,-0.00850285604342,0.00864609481722,-0.999926470538,0.0,0.656239027768,0.253823897999,0.30349482124,1.0,-0.01484,-0.019504,0.743
0.460936229027,0.516644318111,-0.124127453311,-1.40462935468,0.0766731535214,1.91201673478,0.15284331002,-0.010282709121,-0.0771298748627,-0.000401354719805,-0.121835158629,-0.00662229287507,0.0424645104459,-0.0200177511745,0.574021368311,0.818825642925,0.00218680401377,0.0,0.818784292288,-0.573960515847,-0.0119312971558,0.0,-0.00851467683867,0.00863950663318,-0.999926426895,0.0,0.655948497718,0.253458760733,0.303494806055,1.0,-0.01522,-0.0200034285714,0.762
0.460764634075,0.515425161113,-0.12412901176,-1.40655330167,0.0765477624814,1.91274996364,0.152585279502,-0.00920853848959,-0.0867864661242,0.00055129651497,-0.127483880391,-0.00444391381057,0.0501707219164,-0.0163237311218,0.574019555961,0.81882686604,0.00220447860741,0.0,0.818785823504,-0.573958711363,-0.0119130088656,0.0,-0.00848957546446,0.00864346230461,-0.999926606141,0.0,0.655721273853,0.253162461187,0.303497615576,1.0,-0.01552,-0.0203977142857,0.777
0.460568089617,0.513955248233,-0.124134127497,-1.40891803739,0.07641239048,1.91359513828,0.152260286577,-0.00996214572936,-0.0863358343522,0.0018938830244,-0.132259715255,-0.00770803908154,0.0509468013379,-0.0278128900176,0.574005827441,0.818836598498,0.00216377557166,0.0,0.818794862634,-0.573944984716,-0.011953005656,0.0,-0.00854583488956,0.00863294943497,-0.999926217723,0.0,0.655407644518,0.252786934952,0.303475323049,1.0,-0.0159,-0.0208971428571,0.796
0.460383003958,0.51255669695,-0.124139783157,-1.41120106421,0.0762809795838,1.91438120355,0.151942827377,-0.0084991398545,-0.0826387455962,-0.00124762303562,-0.134358592741,-0.0043193337794,0.0386138107487,-0.0158307286191,0.573985763285,0.818850865781,0.00208567905804,0.0,0.818807937762,-0.573925073563,-0.0120132383591,0.0,-0.00864019347486,0.00860336399883,-0.999925661829,0.0,0.655130973854,0.252459780906,0.303437514973,1.0,-0.01622,-0.0213177142857,0.812
0.460189714981,0.511199838219,-0.124137661058,-1.4133628909,0.0761449818123,1.91519920758,0.151639423692,-0.0100146708026,-0.0907582425315,0.000572042931623,-0.135881971437,-0.00812327224504,0.0458756924845,-0.0173155376523,0.573970632397,0.818861452312,0.00209331430808,0.0,0.818818632342,-0.573909920841,-0.0120082051857,0.0,-0.00863184867899,0.00860656758627,-0.999925706332,0.0,0.654870597859,0.252129212509,0.303429652853,1.0,-0.01654,-0.0217382857143,0.828
0.459980518819,0.509642582099,-0.124143354226,-1.4158408722,0.0759813998356,1.91614258889,0.151287086996,-0.00818767528799,-0.0919187436377,-0.00102126824027,-0.13693179142,-0.00859318946619,0.0476852901503,-0.0219677952147,0.573942674142,0.818881025364,0.00210237917674,0.0,0.818838447652,-0.573882051893,-0.0119889141462,0.0,-0.00861114242438,0.00860262397373,-0.999925918799,0.0,0.654571484482,0.251752909862,0.303422245707,1.0,-0.0169,-0.0222114285714,0.846
0.459778506342,0.50823869929,-0.124144015909,-1.41807642574,0.0758475928113,1.91693808933,0.150980320171,-0.0143084662985,-0.0859707294742,0.000656156062555,-0.134545527922,-0.00947740710407,0.0548974348988,-0.0122533635494,0.573937332424,0.818884842952,0.00207348361687,0.0,0.818841769789,-0.573876714198,-0.0120174810339,0.0,-0.00865117566609,0.00859530148772,-0.999925636211,0.0,0.654291159038,0.251405903238,0.30340943519,1.0,-0.01722,-0.022632,0.862
0.459562951926,0.50670455026,-0.124144151108,-1.42047988887,0.0756919130195,1.91781272604,0.150654005826,-0.0129802409296,-0.0889494243008,-0.0011131907569,-0.142147396325,-0.010375589555,0.0486459437863,-0.0149202906248,0.573929038979,0.818890655675,0.00207344290363,0.0,0.818847592037,-0.573868431962,-0.0120162687259,0.0,-0.0086502932928,0.00859448476129,-0.999925650865,0.0,0.653993438523,0.251034058135,0.303414123475,1.0,-0.01756,-0.0230788571429,0.879
0.459342807453,0.505104423599,-0.124147919997,-1.42293734145,0.0755333819827,1.91874992708,0.150317150076,-0.0121944086931,-0.0942013853975,0.00162810099618,-0.140203875494,-0.0150949364464,0.0564256564345,-0.0192424191381,0.573920296866,0.818896623843,0.00213522968851,0.0,0.818854459222,-0.573859525502,-0.0119735752504,0.0,-0.00857996364291,0.00862048618525,-0.999926032985,0.0,0.653698137142,0.25065536024,0.303444175164,1.0,-0.0179,-0.0235257142857,0.896
0.459110297821,0.503437714145,-0.124158924382,-1.42541288095,0.0753836509315,1.91969176259,0.149962538503,-0.0124723123109,-0.0973746643889,-0.000556602696081,-0.139180522348,-0.00808754692758,0.0463656968858,-0.0270464667281,0.573915201974,0.818899893234,0.00224782236534,0.0,0.818859241829,-0.573854019232,-0.0119102302325,0.0,-0.00846352731604,0.00867627935255,-0.999926542743,0.0,0.653404378045,0.250264879744,0.303512083422,1.0,-0.01824,-0.0239725714286,0.913
0.458889076845,0.501830838992,-0.124162521637,-1.42777399941,0.0752292690825,1.92055799048,0.149635478235,-0.0131167967278,-0.0970945422903,0.000960663488922,-0.147435641013,-0.011576255017,0.0501841993912,-0.0227938206116,0.573910121373,0.818903196825,0.00233959756935,0.0,0.818863808802,-0.573848647795,-0.011854912875,0.0,-0.0083656122138,0.00871963414363,-0.999926989591,0.0,0.653116149405,0.249893189139,0.303585204802,1.0,-0.01856,-0.0243931428571,0.929
0.458621565953,0.49994222166,-0.124163223951,-1.4306613238,0.0750421014708,1.92158137675,0.149216796872,-0.0136359069569,-0.096156137692,0.000448377460433,-0.151372752545,-0.00514546049242,0.0519383046506,-0.0242276887802,0.573883258893,0.818921969342,0.00235800594052,0.0,0.818882796231,-0.573821691537,-0.0118481753604,0.0,-0.00834981690164,0.00873056807633,-0.999927026207,0.0,0.652751482306,0.249439812385,0.303617439565,1.0,-0.01894,-0.0248925714286,0.948
0.45837389208,0.498268313478,-0.124163302922,-1.43328667848,0.0748712239955,1.92257465608,0.148845663442,-0.0130460102559,-0.0922128696931,-0.00320170125396,-0.154189215124,-0.0153650911715,0.0637337213928,-0.0257171730314,0.573869662314,0.818931413665,0.00238689969614,0.0,0.818892680663,-0.573808052706,-0.0118255277732,0.0,-0.00831483399632,0.00874109461371,-0.999927225752,0.0,0.652431073868,0.249028607125,0.303621328601,1.0,-0.01928,-0.0253394285714,0.965
0.45815548772,0.496882713631,-0.124168750478,-1.43547553786,0.0747370250196,1.92336155006,0.148521560625,-0.0182780426491,-0.0954180454933,-0.000858253560787,-0.156278955098,-0.0136790311444,0.0613260106241,-0.0163100146941,0.573861658194,0.818937063966,0.00237263941548,0.0,0.81889808462,-0.573800040538,-0.0118400754161,0.0,-0.00833501648053,0.00873768341175,-0.999927087536,0.0,0.652158226736,0.248673403307,0.303613729752,1.0,-0.01956,-0.0257074285714,0.979
0.457865362374,0.495012849994,-0.124164259729,-1.43852965345,0.0745506782302,1.92440722792,0.148072879554,-0.0125807607036,-0.0989670897879,0.000256711866546,-0.160046172791,-0.0130609200904,0.0570137096479,-0.0256420535765,0.573832172381,0.818958047963,0.00225843265289,0.0,0.818917332138,-0.573770749698,-0.0119279845357,0.0,-0.00847285946391,0.00869429831335,-0.999926307199,0.0,0.651757571803,0.24819043075,0.303553412125,1.0,-0.01994,-0.0262068571429,0.998
0.457583866001,0.493280177235,-0.124196399831,-1.44126545979,0.0743840119196,1.92538980328,0.14769079259,-0.0170014783665,-0.123890886663,-0.00445296267081,-0.186075989059,-0.00772904737717,0.0701523360763,-0.0242898710529,0.57386544259,0.818934798257,0.00223537588131,0.0,0.818893806654,-0.573804134003,-0.0119371741565,0.0,-0.00849326290948,0.00868103433215,-0.999926249344,0.0,0.651421456548,0.247726488899,0.303543855485,1.0,-0.0262274285714,-0.0344703346939,1.014
0.457304057427,0.490943021018,-0.124263297515,-1.444875713,0.074183017329,1.92675095753,0.147174647793,-0.0164549394413,-0.158079598497,0.00043815774298,-0.243388706348,-0.0146052429483,0.0954597982275,-0.0376621561798,0.573847241314,0.818947355261,0.00230647974279,0.0,0.818907370358,-0.573785733371,-0.0118910829596,0.0,-0.00841490778324,0.00871262615859,-0.999926637045,0.0,0.650971961833,0.247167682578,0.30357170884,1.0,-0.0339165714286,-0.0445760653061,1.03
0.456813457749,0.487660403213,-0.124277313596,-1.45015632946,0.0738936742053,1.92869384362,0.146390526281,-0.0349775740566,-0.19936691172,-0.00392063265221,-0.325114087184,-0.017073940467,0.113775989137,-0.0458969056608,0.573802594657,0.818978725558,0.00227515912139,0.0,0.818937910692,-0.573740782558,-0.0119565781854,0.0,-0.00848699499054,0.0087240976093,-0.999925927775,0.0,0.65029830946,0.246342727168,0.303509342981,1.0,-0.0425668571429,-0.0559450122449,1.048
0.456259493268,0.484036083329,-0.124369259299,-1.4558026489,0.0735476109634,1.93081700438,0.145526985147,-0.0325789255287,-0.236645772779,-0.00918790690465,-0.375405126252,-0.0250494289785,0.136906828159,-0.0642456653925,0.573801313661,0.818979435552,0.00234168431393,0.0,0.81893979641,-0.573739555774,-0.0118860799466,0.0,-0.00839109968227,0.00873811499876,-0.999926614703,0.0,0.649611164528,0.245395617169,0.303525270681,1.0,-0.050256,-0.0660507428571,1.064
0.455592832953,0.479806248622,-0.124465284699,-1.46249366028,0.073154606806,1.93313000631,0.144517458915,-0.0423466739366,-0.281257486803,-0.00785055265806,-0.439701531473,-0.0201631938718,0.152444496895,-0.0634478527529,0.573811146259,0.818972902132,0.00221379866644,0.0,0.818931396197,-0.573749694882,-0.0119750927377,0.0,-0.0085372745123,0.00868455812785,-0.999925843947,0.0,0.648745875678,0.244263628903,0.303477282522,1.0,-0.0579451428571,-0.0761564734694,1.08
0.454711116735,0.47426452031,-0.124586485778,-1.47104919615,0.0726324987991,1.93622186076,0.143276957024,-0.0506777707688,-0.315894912966,-0.00844899835738,-0.489110939686,-0.0260666336937,0.192369624374,-0.067089500293,0.573878334364,0.818925683276,0.00226484437701,0.0,0.818884982526,-0.57381680972,-0.0119331964216,0.0,-0.00847295838902,0.00870301749423,-0.99992623051,0.0,0.647666157065,0.242806945654,0.303513171141,1.0,-0.0665954285714,-0.0875254204082,1.098
0.453790225922,0.468743278329,-0.124645758633,-1.4794951864,0.0721321685787,1.93931929028,0.141988532323,-0.0570610145653,-0.365492664247,-0.00643301877428,-0.545379013843,-0.0421019870118,0.201890964457,-0.0867169743736,0.573889578607,0.818917361838,0.00241928664907,0.0,0.818878475361,-0.573827236026,-0.011878244202,0.0,-0.00833920838979,0.00879807171248,-0.999926523069,0.0,0.646595964343,0.241379383316,0.303578325713,1.0,-0.0742845714286,-0.0976311510204,1.114
0.45270885348,0.462237065449,-0.124688484902,-1.48945450784,0.0714989846528,1.94291654885,0.14037526646,-0.0673897841596,-0.385753459197,-0.00233964373773,-0.616474347012,-0.0325000573743,0.206649033293,-0.093115837038,0.573782472023,0.818992051687,0.002537907459,0.0,0.818954607551,-0.573719580947,-0.0118296284787,0.0,-0.00823248299541,0.00886623518121,-0.99992680537,0.0,0.645301673756,0.239706945602,0.303637285282,1.0,-0.0824542857143,-0.108368489796,1.131
0.451463660365,0.455118087715,-0.124784341492,-1.50056639158,0.0707694795604,1.94664638473,0.138728392261,-0.0752616627305,-0.436701831839,-0.0048946213661,-0.674203413977,-0.0476003665447,0.223845751487,-0.104076956533,0.573838256003,0.818953674741,0.00229814640191,0.0,0.818912840565,-0.573776017418,-0.0119828333824,0.0,-0.00849492769607,0.00875835843369,-0.99992556091,0.0,0.64379712073,0.237767299481,0.303572229728,1.0,-0.090624,-0.119105828571,1.148
0.450110653422,0.447223468687,-0.124896651686,-1.51225612961,0.0699531661377,1.95100838238,0.136858472575,-0.0782148105878,-0.467921582906,-0.00030365669973,-0.705761179057,-0.0519487990049,0.261087609655,-0.117109457757,0.573805417873,0.818975377208,0.00272412337456,0.0,0.818941073361,-0.573742643559,-0.0116466401007,0.0,-0.0079755192768,0.00891397333172,-0.999928463527,0.0,0.642304389706,0.235721961652,0.303805257519,1.0,-0.0987937142857,-0.129843167347,1.165
0.448689700631,0.439397597458,-0.124917474448,-1.52425629169,0.0691840339603,1.95516449865,0.134985266564,-0.0943770049033,-0.498741736452,-0.00391792927645,-0.778179750965,-0.0445765884153,0.250955390704,-0.123276704655,0.573775346385,0.818996453422,0.00272177581399,0.0,0.81896151644,-0.573711911684,-0.0117227933159,0.0,-0.00803956573108,0.00895545186368,-0.99992758001,0.0,0.640658129227,0.23364876037,0.303809316506,1.0,-0.106482857143,-0.139948897959,1.181
0.446945175378,0.429884612026,-0.124984395939,-1.53853810199,0.0682038145334,1.96023286456,0.132634892224,-0.0986888112172,-0.534017969765,-0.00411343672146,-0.8070852388,-0.0524321243183,0.279667731037,-0.129508377062,0.573681264568,0.819061569961,0.00294927068214,0.0,0.819029773636,-0.573617282236,-0.011584054518,0.0,-0.00779645135263,0.00906127000143,-0.999928551814,0.0,0.638719922537,0.231129104955,0.303941359402,1.0,-0.115133142857,-0.151317844898,1.199
0.445215486775,0.420993401434,-0.125037439135,-1.55214702382,0.067230100626,1.96487280768,0.130370577707,-0.111806259952,-0.566018704889,-0.00351333450876,-0.866686170881,-0.0582462313416,0.27872131954,-0.143535414866,0.573590683483,0.819125365974,0.00284772542889,0.0,0.819092259795,-0.573527057681,-0.0116331832783,0.0,-0.00789593994528,0.00900540878654,-0.9999282758,0.0,0.636811425377,0.228678565091,0.303913032346,1.0,-0.122822285714,-0.16142357551,1.215
0.443471541909,0.412127866161,-0.125149575539,-1.56540646378,0.066278738232,1.96955643918,0.128208740262,-0.119617703526,-0.601211739839,-0.00241416569582,-0.908425462276,-0.0629968245554,0.311742137773,-0.156569923579,0.57361780792,0.819105667958,0.00304336292158,0.0,0.819075637389,-0.573554178947,-0.011465206029,0.0,-0.00764582892682,0.00906956539174,-0.999929639667,0.0,0.63498431161,0.226237439007,0.30401877013,1.0,-0.130030857143,-0.170897697959,1.23
0.441008237383,0.400447046065,-0.125242293168,-1.5832336221,0.0650943492829,1.97549561722,0.125229576637,-0.139936234448,-0.635531071068,-0.00769010484875,-0.94613780658,-0.0661843379672,0.3155423932,-0.162953973906,0.573656372635,0.819079229,0.00288611455357,0.0,0.819046142725,-0.573592061259,-0.0116751980419,0.0,-0.00790761206085,0.00906158721473,-0.999927676039,0.0,0.632409015171,0.222916157963,0.303938623147,1.0,-0.139161714286,-0.182898253061,1.249
0.43859168693,0.389352671155,-0.125371912619,-1.59978547143,0.0638586602017,1.98122909186,0.122393468526,-0.144599236331,-0.64644481587,-0.0080682258745,-0.998326625394,-0.0739610544687,0.336075579691,-0.168910463673,0.573707967823,0.81904249078,0.00305169697599,0.0,0.819012208684,-0.573643875219,-0.0115088380271,0.0,-0.0076757878671,0.00910226440386,-0.999929113019,0.0,0.63006096581,0.219734585388,0.304019655207,1.0,-0.147331428571,-0.193635591837,1.266
0.436327374177,0.379114255646,-0.125494534365,-1.61509011058,0.0626866391562,1.98629080917,0.119645160409,-0.155143461241,-0.694974765569,-0.00801292625243,-1.02574109431,-0.0834887392274,0.349623273573,-0.181088285506,0.573648643896,0.819084276927,0.00298790025291,0.0,0.819053484692,-0.573585130652,-0.011499304751,0.0,-0.00770523290982,0.00904398481496,-0.999929415371,0.0,0.627804454309,0.216765901811,0.304033253224,1.0,-0.15454,-0.203109714286,1.281
0.433347691194,0.366401852995,-0.12564085398,-1.6340927075,0.0612839509061,1.99253772447,0.116292951679,-0.171708488136,-0.704254096178,-0.0103182875104,-1.06666670563,-0.0823347157439,0.346645194378,-0.176624050262,0.573749123934,0.819014154325,0.00291628222309,0.0,0.818982221989,-0.573685578261,-0.0115639207117,0.0,-0.00779813582709,0.00902334639994,-0.99992888162,0.0,0.624967511729,0.213002062153,0.304010347971,1.0,-0.163190285714,-0.214478661224,1.299
0.430668279848,0.355387363397,-0.125794167902,-1.65034626959,0.059995837765,1.99793441087,0.113266332002,-0.187953799282,-0.73203363083,-0.00916277560373,-1.10425914683,-0.0867842312729,0.351289809542,-0.212709831323,0.573780289291,0.818992118264,0.00297266605747,0.0,0.81896154633,-0.573717296254,-0.0114541046254,0.0,-0.00767549925399,0.00900681206575,-0.999929979572,0.0,0.622539419498,0.209693668281,0.304055848425,1.0,-0.170398857143,-0.223952783673,1.314
0.427406956912,0.342385167208,-0.125952984147,-1.66937705457,0.0586092176373,2.0041126344,0.10969855809,-0.19189067778,-0.770772890452,-0.00845332865705,-1.11962241499,-0.0887076501744,0.367573906479,-0.210940917774,0.573896785325,0.818910018531,0.00309971680126,0.0,0.818880519966,-0.573832713659,-0.0114654985001,0.0,-0.00761063921395,0.00911848599646,-0.999929463204,0.0,0.619623947471,0.205788408506,0.304125881976,1.0,-0.178568571429,-0.234690122449,1.331
0.423564340173,0.327456186324,-0.126060031169,-1.69127498488,0.0568600145516,2.0111538348,0.105445068773,-0.207086258739,-0.809548703855,-0.00208255795312,-1.14964238907,-0.105039170461,0.38687353346,-0.232630460878,0.573834613621,0.81895357082,0.00310353891255,0.0,0.818924098038,-0.57377051006,-0.0114660515992,0.0,-0.00760959130375,0.00912135570825,-0.999929445006,0.0,0.616180445,0.201288696932,0.304124058632,1.0,-0.187699428571,-0.246690677551,1.35
0.420131683014,0.314428836461,-0.126107291369,-1.71034978302,0.0552515271342,2.01711228381,0.101714293192,-0.217705535091,-0.798387527882,5.24396568755e-05,-1.20311496128,-0.0947462033383,0.367692384015,-0.237560643426,0.573729551292,0.819027710532,0.00295943502926,0.0,0.81899641483,-0.573665959587,-0.0115319646285,0.0,-0.00774742061361,0.00904016962202,-0.999929123892,0.0,0.613084565416,0.197351051558,0.304073973446,1.0,-0.195388571429,-0.256796408163,1.366
0.416698423944,0.301777515942,-0.126196222783,-1.72847290946,0.0537342448641,2.02282716908,0.0979302440801,-0.232161658063,-0.867384015932,-0.00322485726819,-1.21442187373,-0.108968558775,0.371641102869,-0.256410465522,0.573583178559,0.819129673091,0.00310851054369,0.0,0.819100522064,-0.573519401498,-0.0114270626817,0.0,-0.00757760090459,0.00910072876097,-0.999929875892,0.0,0.610139676474,0.193513605578,0.304165476457,1.0,-0.202597142857,-0.266270530612,1.381
0.412496166094,0.287073819514,-0.126349048828,-1.74950487049,0.0520265034336,2.02924823659,0.0936149172933,-0.251792491349,-0.876689701458,-0.00847448185601,-1.24550567032,-0.0939662428497,0.382290548966,-0.260300489701,0.573676025707,0.81906442159,0.00316823557331,0.0,0.819035520281,-0.573611427092,-0.0114670889154,0.0,-0.00757509426531,0.00917346808428,-0.999929230211,0.0,0.606650396332,0.18893008196,0.304215138808,1.0,-0.210766857143,-0.277007869388,1.398
