position_joint1,position_joint2,position_joint3,position_joint4,position_joint5,position_joint6,position_joint7,velocity_joint1,velocity_joint2,velocity_joint3,velocity_joint4,velocity_joint5,velocity_joint6,velocity_joint7,ee_T_00,ee_T_10,ee_T_20,ee_T_30,ee_T_01,ee_T_11,ee_T_21,ee_T_31,ee_T_02,ee_T_12,ee_T_22,ee_T_32,ee_T_03,ee_T_13,ee_T_23,ee_T_33,v_x,v_y,time
0.465063448036,0.547863300356,-0.123988631709,-1.35583448861,0.0794782616231,1.89409314602,0.159171741506,-0.000688018586429,0.00149641488073,0.00189354865023,0.000278496680192,8.97914689852e-05,-6.06285681011e-06,-0.00154138011604,0.573818899266,0.818968366824,0.00185253545595,0.0,0.818924135281,-0.57376091261,-0.0119340989014,0.0,-0.00871090476487,0.00836525854883,-0.999927068634,0.0,0.661676988081,0.26087833456,0.303154821995,1.0,0.0,0.0,0.0
0.465063080993,0.547860974922,-0.123997059418,-1.35583520299,0.0794776512535,1.89408984935,0.159174794221,0.000171724401651,0.00177969108873,-0.00119583396774,0.000388564665868,-0.000186662377439,-0.00926600017373,-0.00070741091819,0.573822204106,0.818966061424,0.00184802896091,0.0,0.818921776334,-0.573764241093,-0.0119359453072,0.0,-0.00871496897346,0.0083626626108,-0.999927054934,0.0,0.661676372683,0.260876218056,0.303153825837,1.0,-0.0003,-0.000394285714286,0.016
0.46506373806,0.54785842532,-0.123994531686,-1.35583877794,0.0794776512716,1.89409162013,0.159174080698,-0.000609865202002,0.00136133143677,-7.05221582151e-05,0.00044202195959,-0.000140449106133,3.22762328599e-05,0.000852818641738,0.573824726719,0.818964299991,0.00184533130832,0.0,0.818920041251,-0.573766833822,-0.0119303539292,0.0,-0.00871191178341,0.00835727177756,-0.999927126645,0.0,0.661676374168,0.260873419893,0.303154785178,1.0,-0.0006,-0.000788571428571,0.032
0.465059918378,0.547824876466,-0.123991632126,-1.35586862118,0.0794776103178,1.89409476072,0.15917158958,-0.00145927514737,-0.0038208881811,0.000544495707619,-0.00258831409304,-4.86929069907e-05,-0.000203003568279,-0.000569075709048,0.573825396692,0.818963800867,0.00185846232275,0.0,0.818919635159,-0.573767373237,-0.0119322865074,0.0,-0.00870595328256,0.00836914145779,-0.999927079266,0.0,0.661672149925,0.260870721754,0.303166035352,1.0,-0.00096,-0.00126171428571,0.049
0.465073685773,0.547708496937,-0.123986736801,-1.35600112071,0.0794747996074,1.89412110157,0.159174227517,0.00170190348916,-0.0101399707903,0.00116512171532,-0.0167621221649,0.000245814396858,0.00249966161045,0.000202818122394,0.573819328157,0.81896802028,0.00187277708401,0.0,0.818923938089,-0.573761145835,-0.011936417212,0.0,-0.00870118477251,0.008383170292,-0.999927003255,0.0,0.661645548936,0.260869801315,0.303187537094,1.0,-0.0013,-0.00170857142857,0.066
0.465059458903,0.547576004445,-0.123989234339,-1.35618745129,0.0794711055986,1.89415925618,0.159171769729,-0.000717001540508,-0.00915811073191,0.000141151601784,-0.01025265586,-0.000947692107889,0.00147317560804,-6.28493390164e-05,0.573839932151,0.818953602873,0.00186427241297,0.0,0.818909312873,-0.573781689985,-0.0119522562243,0.0,-0.00871882578608,0.00838551338864,-0.999926829944,0.0,0.661618428925,0.260840554622,0.303196098849,1.0,-0.00164,-0.00215542857143,0.083
0.465046120932,0.547438337158,-0.123996664013,-1.35636216415,0.0794669963001,1.89425075655,0.159169020529,-0.00190147690785,-0.00744451087711,-0.000853265790595,-0.0113432887269,-0.000136347001057,0.00348380834918,-0.000417296272653,0.573862638445,0.818937582872,0.0019116634725,0.0,0.81889392728,-0.573804209849,-0.0119252473968,0.0,-0.00866927964042,0.00840906544442,-0.999927062945,0.0,0.661605677514,0.260814058654,0.303218646174,1.0,-0.00192,-0.00252342857143,0.097
0.465023601351,0.547231835397,-0.12399175201,-1.35660275488,0.0794658125429,1.8943811736,0.159151739165,-0.00299025255635,-0.00733513832156,-0.000213614388714,-0.0121054238413,0.000215076336658,0.00903105603016,-0.000369002514076,0.573876854064,0.818927405933,0.00200176993693,0.0,0.818884834669,-0.57381796328,-0.0118877865218,0.0,-0.0085867479519,0.00846150748498,-0.999927332685,0.0,0.661586793808,0.260784840006,0.303261567452,1.0,-0.0023,-0.00302285714286,0.116
0.465000275219,0.546999461239,-0.123990304482,-1.3568969329,0.079458657976,1.8945315484,0.159134702565,-0.0018397582557,-0.014561834558,0.000752536981949,-0.0141208792436,-0.00150946836676,0.0109515858924,0.000728992981378,0.573895774682,0.81891394524,0.00208254529076,0.0,0.818872380317,-0.573836509712,-0.0118503914423,0.0,-0.00850957412334,0.00850639217083,-0.9999276116,0.0,0.661561608764,0.260747445992,0.3032991369,1.0,-0.00266,-0.003496,0.134
0.46496871604,0.546783582954,-0.123994827983,-1.35725211468,0.0794530004994,1.89464835991,0.159095810799,-0.00100344729997,-0.0183992852017,-0.000156817678962,-0.0232416962824,-0.00369248725057,0.00230618540913,-0.00787333393122,0.573911234534,0.818903140025,0.0020709984379,0.0,0.818861282973,-0.573851872496,-0.0118732717534,0.0,-0.00853477751063,0.00851022833612,-0.999927364155,0.0,0.661518699991,0.260691633574,0.303293261341,1.0,-0.00298,-0.00391657142857,0.15
0.464933132495,0.546495752964,-0.123994222065,-1.35767572177,0.0794430920602,1.8948074117,0.158956640093,-0.00166634834634,-0.0200598230575,-0.00117598404101,-0.0255491284553,-0.00132154975367,0.00904007064176,-0.00185703558865,0.573847047009,0.818948044906,0.00210078193858,0.0,0.818906424787,-0.57378742204,-0.0118747063741,0.0,-0.00851952934348,0.00853477333431,-0.999927284988,0.0,0.661470504725,0.260631139114,0.303309251562,1.0,-0.00332,-0.00436342857143,0.167
0.464888773877,0.546208560628,-0.123991703132,-1.35816691595,0.0794241275878,1.89497644016,0.158939271386,-0.00234645267848,-0.0156914701909,6.45865977975e-05,-0.0337194302913,-0.000958054889756,0.011054613418,0.0017502023385,0.573889793718,0.818918152083,0.00207647693508,0.0,0.81887608704,-0.573830133574,-0.0119028894845,0.0,-0.00855611195575,0.00853148835592,-0.999927000663,0.0,0.661411080531,0.260557117833,0.303293390875,1.0,-0.00366,-0.00481028571429,0.184
0.464839864201,0.545907941481,-0.123992814515,-1.35868650232,0.0793836911374,1.89515135139,0.158889961911,-0.0017523813853,-0.0183447678054,-0.000403886083654,-0.0318636440559,-0.000741844465382,0.0125015710336,-0.00418410884736,0.573908491739,0.818905157416,0.00203301976767,0.0,0.818862584988,-0.573849065645,-0.0119190463249,0.0,-0.00859408747567,0.00850536947632,-0.999926897503,0.0,0.66134984039,0.260471713325,0.303274096933,1.0,-0.00398,-0.00523085714286,0.2
0.464778395897,0.545547674978,-0.12399088113,-1.35929527014,0.0792877935898,1.8953559189,0.158783927088,-0.00281649972837,-0.0221850106722,0.000935324368109,-0.0331323567459,-0.00104400028299,0.00896044544251,-0.0141243776201,0.573879075562,0.818925941852,0.00196349057107,0.0,0.818882955266,-0.573820423529,-0.0118984879903,0.0,-0.00861745540571,0.00843632467532,-0.9999272813,0.0,0.661281225819,0.260363000005,0.303256936522,1.0,-0.00432,-0.00567771428571,0.217
0.464713173902,0.545162016383,-0.123990911707,-1.36000100251,0.0792772289365,1.89557576562,0.158716569623,-0.00278411197231,-0.0225346453974,0.000673923687638,-0.0407718084395,0.000209206373796,0.0117704662794,-0.000305362081382,0.573913767112,0.818901791224,0.00189503297505,0.0,0.818857554651,-0.57385504991,-0.0119763844608,0.0,-0.00872017633527,0.00842533620404,-0.999926483415,0.0,0.66119060799,0.260254342425,0.30321312656,1.0,-0.00466,-0.00612457142857,0.234
0.464650689037,0.544753590739,-0.123995635923,-1.36066565242,0.0792570189462,1.89581185183,0.158630436789,-0.005998516721,-0.0234391778566,-8.6576340257e-05,-0.0405278323514,-0.00160224957986,0.0144652318054,-0.0113847973889,0.57392937956,0.818890867059,0.00188733316275,0.0,0.818846350037,-0.573870519606,-0.0120011940853,0.0,-0.00874475173105,0.00843343611675,-0.999926200513,0.0,0.661114111364,0.260149510921,0.30320649341,1.0,-0.00498,-0.00654514285714,0.25
0.464578984323,0.544268240581,-0.123997781666,-1.36147832124,0.0792230063002,1.89611007008,0.158522432619,-0.0055482656017,-0.0249780929957,-0.00288975802,-0.0466807237745,-0.000478928173865,0.0186989637937,-0.000430906214666,0.573937460409,0.818885245239,0.0018691096977,0.0,0.81884034803,-0.573878541062,-0.012027113015,0.0,-0.00877635241637,0.00843347550577,-0.999925923321,0.0,0.661020472264,0.260025501555,0.303189098392,1.0,-0.00534,-0.00701828571429,0.268
0.464507051158,0.543759078168,-0.123999785559,-1.36230770125,0.0791745271458,1.89639060615,0.158422048519,-0.00333388351353,-0.0261342785887,9.47148247596e-05,-0.0458568794896,-0.00736628487177,0.0148234689296,-0.00932829052605,0.57394870765,0.818877437686,0.00183573877305,0.0,0.8188320542,-0.573889883953,-0.0120505191698,0.0,-0.00881455605668,0.00841970375994,-0.999925703335,0.0,0.660920804717,0.259896217784,0.303178977526,1.0,-0.00568,-0.00746514285714,0.285
0.464429284151,0.543244443072,-0.123997423046,-1.36311420616,0.079130664089,1.89667523666,0.158300542444,-0.00145850332081,-0.0288861228078,0.00151674099822,-0.0518501914823,-0.00319192371359,0.0158957924528,-0.0105214135809,0.57394434535,0.818880500857,0.00183320989422,0.0,0.818834998668,-0.57388545149,-0.0120615266601,0.0,-0.00882506641456,0.00842390363039,-0.999925575256,0.0,0.660827511206,0.259769433449,0.303183774115,1.0,-0.006,-0.00788571428571,0.301
0.464361946165,0.542702996405,-0.124007355428,-1.36396977208,0.079081726876,1.8969788695,0.158214192555,-0.00436106496311,-0.0303305095976,-0.000504612713313,-0.052837737412,-0.000896439668799,0.0153799302707,-0.00610415688268,0.573967762628,0.81886410268,0.00182639182223,0.0,0.81881854392,-0.57390892685,-0.0120616215887,0.0,-0.00882881635044,0.00841862753409,-0.999925586587,0.0,0.660724000427,0.259626154589,0.303189436084,1.0,-0.00634,-0.00833257142857,0.318
0.464282287495,0.54206964645,-0.124010926545,-1.3649367107,0.0790285929603,1.89734924287,0.158074020235,0.000156449822238,-0.0316702758274,-0.000704132068744,-0.058472798684,-0.00557553361745,0.0199195575074,-0.0100018282315,0.573962753303,0.818867547137,0.00185606248852,0.0,0.818822322724,-0.573903737124,-0.012052021602,0.0,-0.00880397767261,0.00843735934483,-0.999925647708,0.0,0.66061975587,0.259492796873,0.303206060407,1.0,-0.00668,-0.00877942857143,0.335
0.464203159924,0.541461651563,-0.124009111871,-1.36585271597,0.0789697413153,1.89769126316,0.157954719078,-0.00310298256337,-0.0394846765265,0.00121004869882,-0.056032748944,-0.00898330568024,0.0204529289042,-0.0037976736135,0.573963696044,0.818866823388,0.00188363459421,0.0,0.818821980262,-0.573904580048,-0.012035137788,0.0,-0.00877431746155,0.00845025626935,-0.999925799508,0.0,0.660516045244,0.259354521195,0.303229522081,1.0,-0.007,-0.0092,0.351
0.46412098562,0.540779462704,-0.124011617526,-1.36692139098,0.078908226419,1.89808660554,0.15781753259,-0.00055228032144,-0.0423079886064,-0.000133990864815,-0.064534151044,-0.00286647968263,0.0241309797487,-0.00129555553925,0.573963226151,0.818867134059,0.00189174144889,0.0,0.818822370143,-0.573904049397,-0.0120339162507,0.0,-0.00876866925782,0.00845618841919,-0.999925798906,0.0,0.660391437035,0.259197769899,0.303237458635,1.0,-0.00734,-0.00964685714286,0.368
0.46401546388,0.540041969428,-0.124014787362,-1.36803343089,0.0788458675906,1.89848597781,0.157679738067,-0.00679683693091,-0.044563013588,0.000100391485086,-0.0627862546657,-0.00617336353613,0.0205473002581,-0.00501803955354,0.573983807418,0.818852652579,0.00191548627284,0.0,0.81880814624,-0.573924474803,-0.0120276254378,0.0,-0.00874967699924,0.0084722411241,-0.999925829391,0.0,0.660265119368,0.259020946571,0.30326409732,1.0,-0.00768,-0.0100937142857,0.385
0.463912317599,0.539300044328,-0.124016948366,-1.36919002324,0.0787810246498,1.89893881631,0.157541607175,-0.00330706356476,-0.0450198328794,0.00110794957146,-0.0725299492167,-0.00242649218896,0.0214952413775,-0.00673149134107,0.574003475308,0.818838787563,0.00194864501696,0.0,0.818794703955,-0.573943988062,-0.0120115879275,0.0,-0.00871730883815,0.00849039690061,-0.999925958102,0.0,0.660138350502,0.258844277793,0.303277153623,1.0,-0.00802,-0.0105405714286,0.402
0.463813510187,0.538579807409,-0.124028993962,-1.37030935257,0.0787117705692,1.89936854722,0.157405568403,-0.0053245747733,-0.0452339525139,-0.000734396669267,-0.0692825324194,-0.00539010991073,0.0290656484849,-0.00934534706717,0.57401856007,0.818828161822,0.00197002619324,0.0,0.818784467254,-0.573959087375,-0.0119878732166,0.0,-0.00868546097615,0.00849445211371,-0.999926200802,0.0,0.660006280918,0.258656457202,0.303292998485,1.0,-0.00836,-0.0109874285714,0.419
0.463694466121,0.537752023664,-0.12403010325,-1.37161610814,0.0786326269546,1.89986656911,0.15724314359,-0.0127647469717,-0.0473572951528,-0.000130274350984,-0.0724642009645,-0.00694189915731,0.0260019868929,-0.00368224233638,0.574041093755,0.818812330371,0.00198424152353,0.0,0.818768812817,-0.573981549921,-0.0119815862751,0.0,-0.00867191951568,0.00850272167058,-0.999926248048,0.0,0.659870079278,0.258464139588,0.303296655019,1.0,-0.0087,-0.0114342857143,0.436
0.463593133852,0.536969387444,-0.124036477979,-1.37284390118,0.0785653734769,1.90031981251,0.157088772301,-0.00657896910493,-0.0481278343481,0.000712345478674,-0.0791165194949,-0.002554633545,0.0352583259596,-0.00975401228381,0.574051755729,0.818804834575,0.00199286793328,0.0,0.818761382885,-0.573992128402,-0.0119825427223,0.0,-0.00866764028383,0.00851044684528,-0.999926219431,0.0,0.659727840879,0.258277982349,0.303304357393,1.0,-0.00902,-0.0118548571429,0.452
0.46347068228,0.536113615275,-0.124047106688,-1.37417284881,0.0784892232429,1.90081378699,0.1569228159,-0.0129490574465,-0.050020785564,-0.00195295282817,-0.0879251379435,-0.000762393795755,0.0359018578344,-0.0143665831112,0.57407629267,0.818787590133,0.00200981068212,0.0,0.818744364736,-0.574016596241,-0.0119732766292,0.0,-0.00865007217106,0.0085192594507,-0.999926296519,0.0,0.659578828512,0.258065716172,0.30331905613,1.0,-0.00936,-0.0123017142857,0.469
0.463359032991,0.535219194043,-0.12404885352,-1.37558608464,0.0784008940984,1.90132003931,0.156745707659,-0.00405719472874,-0.0581507758506,-0.000496639533233,-0.08080478961,-0.00395348628909,0.0286587358398,-0.0107358419501,0.574077721622,0.818786619671,0.00199696922171,0.0,0.818743220014,-0.574018072337,-0.0119807851789,0.0,-0.0086635769752,0.0085130707726,-0.999926232309,0.0,0.659409234127,0.257855120686,0.303321505998,1.0,-0.0097,-0.0127485714286,0.486
0.463228339312,0.534322749075,-0.124049274911,-1.37705142065,0.078324212944,1.90185333738,0.156578396542,-0.00933469094637,-0.056249207722,-2.59800073596e-05,-0.086647548788,-0.00630196151632,0.0262194378778,-0.00681612668283,0.574107813046,0.818765582225,0.00197161470047,0.0,0.818721710916,-0.574048129367,-0.0120105014847,0.0,-0.00870215105369,0.00850969033973,-0.999925926125,0.0,0.659236578512,0.2576303046,0.303302752075,1.0,-0.01004,-0.0131954285714,0.503
0.463105368037,0.533398010316,-0.124055171565,-1.37853004118,0.0782369960605,1.90240331205,0.156388840188,-0.00729982941725,-0.0528311593159,-0.000738085801726,-0.0850038932856,-0.0111544447981,0.0297926306904,-0.0113840611442,0.574114998406,0.818760555334,0.00196685936098,0.0,0.818716613905,-0.574055326235,-0.0120139685223,0.0,-0.00870764509609,0.00850786375781,-0.99992589384,0.0,0.659064376962,0.257405647362,0.303299047882,1.0,-0.01038,-0.0136422857143,0.52
0.462965994264,0.532451357254,-0.124052507943,-1.3800684102,0.0781505534281,1.90298854811,0.156187234974,-0.00657620362711,-0.0585213726236,-0.00073899071591,-0.0940178289066,-0.00142160888701,0.0374517293264,-0.012157477824,0.57412316587,0.818754836433,0.00196344854872,0.0,0.818710774438,-0.574063432994,-0.0120245423784,0.0,-0.00871817606576,0.00851122868788,-0.999925773441,0.0,0.65888770078,0.257170879917,0.303284960933,1.0,-0.01072,-0.0140891428571,0.537
0.46282837432,0.531404310969,-0.124060922007,-1.38174561296,0.0780514030726,1.90360187149,0.155983256904,-0.00564297010368,-0.0642466830864,-0.00255152125105,-0.092711276533,-0.00700099933009,0.0357451890941,-0.000507421580976,0.574139545686,0.818743389002,0.00194729205417,0.0,0.818699101167,-0.574079865594,-0.0120348065205,0.0,-0.00873568530489,0.00850406833225,-0.99992568155,0.0,0.65868923362,0.256915559121,0.303278122837,1.0,-0.01108,-0.0145622857143,0.555
0.462708163715,0.530508259271,-0.124053161947,-1.38319553513,0.0779647356459,1.90410105401,0.155793015335,-0.00999514480622,-0.0608359499654,0.000507756132404,-0.0994493521803,-0.0099749609958,0.0366366151339,-0.0139402756771,0.574132105773,0.818748709045,0.00190353860318,0.0,0.81870372032,-0.574072490955,-0.0120722973918,0.0,-0.00879157802233,0.00848969111215,-0.999925313861,0.0,0.658507763965,0.256700419297,0.303262419812,1.0,-0.01138,-0.0149565714286,0.57
0.462568657667,0.529464139743,-0.12405883337,-1.38482946102,0.0778626943424,1.90471126209,0.155571656251,-0.0114023464407,-0.0596441515308,-0.000540835466066,-0.0967743557069,-0.00526807320681,0.0340840744103,-0.0141513802779,0.57413039546,0.818749876506,0.00191719373545,0.0,0.818705107966,-0.574070761698,-0.0120604168792,0.0,-0.00877402888967,0.00849403175287,-0.999925431141,0.0,0.65831783333,0.256449926981,0.303273281539,1.0,-0.01172,-0.0154034285714,0.587
0.462450321005,0.528416089738,-0.124062067848,-1.38642789817,0.0777555255075,1.9053267673,0.155357877085,-0.00673256384039,-0.0691901050245,0.00035169246435,-0.102535593647,-0.00561863110223,0.0420736230302,-0.00953318759702,0.574112394802,0.818762384415,0.00196542699639,0.0,0.818718372106,-0.574052678101,-0.0120206839726,0.0,-0.00871399301219,0.00851051870751,-0.999925815947,0.0,0.65813121898,0.256218607148,0.303303906647,1.0,-0.01204,-0.015824,0.603
0.46230998829,0.52730327624,-0.124062746958,-1.3881743649,0.0776514835653,1.90600064857,0.155101598735,-0.00616317491691,-0.0677227436386,0.000453951992456,-0.106490595237,-0.00336777740206,0.0436415321276,-0.0114706178047,0.574084582254,0.818781804362,0.00199904116227,0.0,0.818738229201,-0.574024724367,-0.0120031146849,0.0,-0.0086805999759,0.00852765868475,-0.99992596037,0.0,0.657927695924,0.255962049296,0.303314430705,1.0,-0.01238,-0.0162708571429,0.62
0.462165548801,0.526126377567,-0.124060248129,-1.38998204196,0.0775336361614,1.90667438604,0.154865693964,-0.00949278682997,-0.0731253423594,3.82022138383e-05,-0.108388158305,-0.00705537515956,0.0414373093825,-0.0153841462351,0.574077127632,0.818786956288,0.00202944401326,0.0,0.818743846041,-0.574017209737,-0.0119793320905,0.0,-0.00864375148992,0.00853881975293,-0.999926184334,0.0,0.65769949189,0.255673668639,0.303342074048,1.0,-0.01274,-0.016744,0.638
0.462009305442,0.52501786008,-0.124068127875,-1.39171919929,0.0774306181296,1.90729255899,0.154618690421,-0.0109070357257,-0.0729449407224,0.000122554766281,-0.106250643128,-0.00578389830948,0.0394908075221,-0.0143410396308,0.574070529923,0.818791598548,0.00202280058853,0.0,0.818748333634,-0.574010573642,-0.0119905971792,0.0,-0.00865685797705,0.00853977750506,-0.999926062772,0.0,0.657504013369,0.255422350787,0.303347226542,1.0,-0.01304,-0.0171382857143,0.653
0.46185103397,0.523843452032,-0.124074071406,-1.3936189163,0.0773015111513,1.90797297555,0.154372456837,-0.00535607795688,-0.0750154910083,-0.00125439302578,-0.109895762737,-0.00602901794883,0.0349048250517,-0.0153549386154,0.574061582149,0.818797965702,0.00198448090237,0.0,0.818754259941,-0.574001847198,-0.0120036720939,0.0,-0.00868965389049,0.00851581314218,-0.999925982682,0.0,0.657257683903,0.255117197348,0.303335362321,1.0,-0.0134,-0.0176114285714,0.671
0.461684494079,0.522533152924,-0.124071638312,-1.39567375064,0.0771800073251,1.90876002221,0.154091742017,-0.0113625444735,-0.0738203478036,0.000207037738651,-0.11717918698,-0.00615550273493,0.0414693701249,-0.0141749488451,0.574052086097,0.818804556696,0.00201178627106,0.0,0.818761197679,-0.573992227415,-0.0119904521541,0.0,-0.00866325397226,0.00853048084723,-0.999926086732,0.0,0.657029252772,0.254829107505,0.303339094553,1.0,-0.01374,-0.0180582857143,0.688
0.46152579993,0.521368003448,-0.124072331219,-1.3975410315,0.0770714894788,1.90949252166,0.153830468552,-0.0149743010626,-0.0754295395373,-0.000656664323847,-0.115630909295,-0.0101217794676,0.0472287208386,-0.0174063449105,0.574039461367,0.8188133445,0.00203729298807,0.0,0.818770302106,-0.573979481152,-0.0119789192298,0.0,-0.00863930087908,0.008544611848,-0.999926173319,0.0,0.656812436696,0.254550232636,0.303332522544,1.0,-0.01406,-0.0184788571429,0.704
0.46135889966,0.520073110527,-0.124078031321,-1.39958008316,0.0769332072185,1.91022489813,0.153557042414,-0.0108150706742,-0.077172747506,-0.00021926345404,-0.121772299941,-0.00837362498445,0.041904414002,-0.016869225189,0.574027397651,0.81882184887,0.0020182815253,0.0,0.818778648539,-0.573967587593,-0.0119783133548,0.0,-0.00864984304562,0.00852857006434,-0.999926219132,0.0,0.656562660008,0.254239674446,0.303335076921,1.0,-0.0144,-0.0189257142857,0.721
0.461189178936,0.518719274966,-0.124081924271,-1.4016635427,0.0768011825779,1.91097250643,0.153282069101,-0.00430231973197,-0.0834948282252,0.000707908812629,-0.123279965415,-0.00876410586945,0.0466884670019,-0.0217347447894,0.574018834452,0.818827820825,0.00203087145988,0.0,0.818784786297,-0.573958974275,-0.01197148607,0.0,-0.00863711524199,0.00853486945754,-0.999926275404,0.0,0.656306221127,0.253925907494,0.303358730943,1.0,-0.01474,-0.0193725714286,0.738
0.461006322172,0.517382748553,-0.12408754138,-1.4037951382,0.0766593722822,1.91173084028,0.152983062444,-0.0163378543633,-0.0757554933153,-0.000299611002068,-0.125127697651,-0.011453816616,0.0434137904814,-0.0218027767924,0.573997669345,0.818842745405,0.00199519064979,0.0,0.818799305235,-0.573938020522,-0.011983039985,0.0,-0.00866727645943,0.00851206162447,-0.99992620884,0.0,0.656059211682,0.253617400871,0.303350186055,1.0,-0.01506,-0.0197931428571,0.754
0.460825061056,0.516034983053,-0.124096100349,-1.40593189082,0.0765275917112,1.91254581146,0.15269077468,-0.0104225891567,-0.0851018487421,0.00177339977401,-0.12403090888,-0.0123406532702,0.0433036462309,-0.0147096121152,0.57399484204,0.818844693074,0.00200918810645,0.0,0.818801477489,-0.573935176027,-0.0119708430038,0.0,-0.00864928406124,0.00851649229802,-0.999926326908,0.0,0.655790214246,0.25326999239,0.303347199542,1.0,-0.01542,-0.0202662857143,0.772
0.460633939235,0.514650794213,-0.124102008551,-1.4081559505,0.0763842473753,1.9133669101,0.152386551723,-0.0141656884588,-0.0856315709113,-0.00403832619851,-0.13341332445,-0.0138424318964,0.0471359725089,-0.0185680710112,0.573984892117,0.818851723791,0.00198619410853,0.0,0.818808258967,-0.573925373775,-0.0119769480886,0.0,-0.00866758426984,0.0085010630683,-0.999926299739,0.0,0.655520025515,0.25292803473,0.303330479708,1.0,-0.01576,-0.0207131428571,0.789
0.460454868239,0.513343773692,-0.12409968917,-1.41028853242,0.0762657688828,1.91409639573,0.152096832565,-0.0103520716755,-0.0791850472981,0.000284693393812,-0.133527790692,-0.0112867483617,0.0518361013087,-0.0164779417782,0.573972466276,0.818860609915,0.00191216863279,0.0,0.818815924865,-0.573913018386,-0.0120447256403,0.0,-0.0087657016793,0.00847921826017,-0.9999256299,0.0,0.655244139154,0.25260651637,0.303294652576,1.0,-0.01608,-0.0211337142857,0.805
0.460254334485,0.511904851266,-0.124106379912,-1.41257158698,0.0761274752874,1.91492412504,0.151773493916,-0.0105734057455,-0.0817811696001,-0.000145564457969,-0.132544740671,-0.00238081777496,0.0485287221188,-0.0152056833194,0.573958831578,0.818870201655,0.00189720758062,0.0,0.818825271358,-0.573899402291,-0.0120581066498,0.0,-0.00878538707331,0.00847450147621,-0.999925497124,0.0,0.654963250653,0.252253056558,0.303287939591,1.0,-0.01642,-0.0215805714286,0.822
0.46004977916,0.510445720308,-0.124105996719,-1.41490359082,0.0759764167336,1.91582195678,0.151444131054,-0.0140107186851,-0.0878459297301,0.000122398672517,-0.133146538417,-0.0129102100594,0.051801406765,-0.016946000688,0.573937510567,0.818885113172,0.00191109679884,0.0,0.818840443029,-0.573878099641,-0.0120416989627,0.0,-0.00876420015671,0.00847622926875,-0.999925668404,0.0,0.65468442014,0.251898275516,0.303277464807,1.0,-0.01676,-0.0220274285714,0.839
0.459857271275,0.5090369478,-0.124109584972,-1.4171345153,0.0758399295292,1.91662344409,0.151133487285,-0.0138695578514,-0.0919434037627,-0.000939296673267,-0.138518621179,-0.016712445596,0.0435623205884,-0.0191390248486,0.57392242914,0.818895725328,0.00189295310329,0.0,0.818850753804,-0.573863036787,-0.0120583956385,0.0,-0.00878844203109,0.00847079288094,-0.999925501702,0.0,0.654405304006,0.251556344495,0.303271145814,1.0,-0.01708,-0.022448,0.855
0.459637951143,0.507521911374,-0.124109756117,-1.41952559915,0.0756838304518,1.91747713825,0.15078946923,-0.0135889986073,-0.0902043717734,0.000157889262897,-0.144337866255,-0.0166686550945,0.0526258256518,-0.0188967535893,0.573901983994,0.818910108127,0.00186935194278,0.0,0.818864821942,-0.573842691401,-0.0120712804901,0.0,-0.00881274933412,0.00845864122347,-0.999925390636,0.0,0.654107219842,0.251181748864,0.30326685477,1.0,-0.01742,-0.0228948571429,0.872
0.459423495179,0.505943175154,-0.124123081731,-1.42196915518,0.075533625005,1.91839913384,0.150460724631,-0.0166047675544,-0.0955294597085,-0.00114972743129,-0.1445170723,-0.01062288637,0.0620984006553,-0.021630756377,0.573903768611,0.818908754849,0.00191376747028,0.0,0.818864100955,-0.573844332306,-0.0120421488929,0.0,-0.0087633852617,0.00847831334458,-0.999925657877,0.0,0.653812336313,0.250802842997,0.303287899252,1.0,-0.01776,-0.0233417142857,0.889
0.459217756829,0.504397881985,-0.124122280762,-1.42430227371,0.0753859652377,1.91930373885,0.150135004042,-0.0110785486379,-0.0936879882807,0.000665899590609,-0.149731807695,-0.0109858003536,0.0551634086659,-0.0252642415283,0.573885391186,0.818921403239,0.00200997534115,0.0,0.818878068955,-0.573825608551,-0.0119844089149,0.0,-0.00866108039495,0.00852376603321,-0.999926162824,0.0,0.653533099523,0.250449847829,0.303335550321,1.0,-0.01808,-0.0237622857143,0.905
0.458984889558,0.50272362031,-0.124131247856,-1.42678061585,0.0752280543275,1.92024211766,0.149795604478,-0.0136361513271,-0.100544425172,-0.00388156973119,-0.149686824815,-0.00373475784248,0.060996901244,-0.0133045912671,0.573889066765,0.818918550264,0.00211990138964,0.0,0.818876745392,-0.573828924178,-0.0119158941921,0.0,-0.00854185052019,0.00857450443384,-0.999926754649,0.0,0.653237657546,0.250058634688,0.303406746218,1.0,-0.01842,-0.0242091428571,0.922
0.458740600723,0.500907230496,-0.12413195035,-1.4295011215,0.0750512399532,1.92118980583,0.149405957905,-0.0165917251114,-0.0987740859719,0.000396086179141,-0.145746557901,-0.010826259892,0.051703498461,-0.0193694917703,0.573861229703,0.818937963448,0.00215591500541,0.0,0.818896590381,-0.573800907027,-0.0119012713095,0.0,-0.00850950073731,0.00859531512221,-0.999926851802,0.0,0.652890334248,0.249635774975,0.303461760297,1.0,-0.01878,-0.0246822857143,0.94
0.458525067896,0.499394862381,-0.124131540755,-1.43179289646,0.0749066927517,1.92203170729,0.149094268089,-0.0155464512528,-0.10115874432,0.000311097310986,-0.151354387239,-0.0110948041932,0.0583995801873,-0.0180468034712,0.573859752315,0.818938859283,0.0022082414206,0.0,0.81889815482,-0.573799207209,-0.0118755521996,0.0,-0.00845842684618,0.00862339229562,-0.999927043399,0.0,0.652606965443,0.24927722873,0.303498910607,1.0,-0.01908,-0.0250765714286,0.955
0.458258031842,0.497627702286,-0.124129062596,-1.43458407255,0.074740872618,1.9230686577,0.148675820257,-0.0165995108282,-0.0972068791388,0.00175907159012,-0.154714311403,-0.00856607102167,0.056561752923,-0.014514407967,0.57383107577,0.818958914995,0.00222237108979,0.0,0.818918276603,-0.573770357729,-0.0118819080451,0.0,-0.00845582666636,0.00863831469288,-0.999926936588,0.0,0.652261091738,0.248840288507,0.303492438891,1.0,-0.01944,-0.0255497142857,0.973
0.457993263854,0.495954308526,-0.124129856866,-1.43727759011,0.0745756989447,1.92400254686,0.148273894721,-0.0191073424266,-0.0957141885508,0.00168645545611,-0.156612456444,-0.00558892168167,0.0530488964955,-0.0270626153954,0.573810615859,0.818973441599,0.0021508100332,0.0,0.818931706889,-0.57375002245,-0.0119380941288,0.0,-0.00854311921151,0.00861173747856,-0.999926423839,0.0,0.651914554035,0.248406655229,0.303457625511,1.0,-0.01978,-0.0259965714286,0.99
0.457733329389,0.494378139178,-0.124129490904,-1.43986677761,0.0744114123287,1.92490216808,0.147920007993,-0.0138310990931,-0.0953439437654,0.00194374352849,-0.165621466326,-0.0127861756059,0.0548403992766,-0.0161599458951,0.573819142487,0.818967720727,0.00205207781645,0.0,0.818924578842,-0.573758838391,-0.0120031844444,0.0,-0.00865298941851,0.00856831893328,-0.999925852093,0.0,0.651581136279,0.247985917317,0.303401191576,1.0,-0.0210114285714,-0.0276150204082,1.006
0.45745801854,0.492445429953,-0.124179251152,-1.44286796719,0.0742237730486,1.9260235331,0.147491722004,-0.0171358966821,-0.124583630688,-0.00198023081203,-0.186694007074,-0.0112980468716,0.0639811826135,-0.0338703164846,0.573829653964,0.818960275186,0.00208393866101,0.0,0.818917757915,-0.573769422912,-0.011962524985,0.0,-0.00860129807234,0.00857119097057,-0.999926273461,0.0,0.651216409171,0.24749289835,0.303416801719,1.0,-0.0245182857143,-0.0322240326531,1.023
0.457135020887,0.49029640818,-0.124189865984,-1.44636616419,0.0740184289362,1.92727205849,0.146980368686,-0.0294762113642,-0.126792301626,0.00109789271507,-0.219719681348,-0.00616262214355,0.0715213188279,-0.0366292344832,0.573802383386,0.818979587725,0.00200165216895,0.0,0.818935779957,-0.573742287879,-0.0120300584877,0.0,-0.00870410742666,0.00854226527779,-0.999925631344,0.0,0.650763996893,0.246941757395,0.303355484244,1.0,-0.0280251428571,-0.036833044898,1.04
0.456735062395,0.487768382992,-0.124202956779,-1.45036019957,0.0737768024921,1.9287346914,0.146415390795,-0.0260727222325,-0.156468462556,0.000344991722684,-0.244764028286,-0.0197451188996,0.0962865548264,-0.0297780792571,0.573809900082,0.818974328836,0.00199854366708,0.0,0.818930374164,-0.573749712654,-0.012043936314,0.0,-0.00871717863731,0.00854776257693,-0.999925470498,0.0,0.650262553203,0.246294208847,0.303338943824,1.0,-0.031532,-0.0414420571429,1.057
0.456288047762,0.484920051276,-0.124238062073,-1.45471185948,0.0735022213435,1.93039468267,0.145756777188,-0.0269793097056,-0.176391070995,-0.00201816198312,-0.26776458068,-0.0194228668868,0.0974912877849,-0.0428802056202,0.573802813233,0.818978987364,0.00212053854227,0.0,0.818936824809,-0.573742311686,-0.0119575772475,0.0,-0.00857652694495,0.00859804410375,-0.999926255692,0.0,0.64973683299,0.245573299225,0.303390598251,1.0,-0.0350388571429,-0.0460510693878,1.074
0.455784452746,0.481813138012,-0.124296887989,-1.4595720389,0.0732085730001,1.93205160427,0.145010092323,-0.0318202205523,-0.184288362425,-0.0028260245521,-0.295739412948,-0.0148419298363,0.101140060583,-0.0404617787274,0.573804614438,0.818977937441,0.00203699172412,0.0,0.818934544156,-0.57374432206,-0.0120171624166,0.0,-0.00867324544093,0.00856383101645,-0.999925715047,0.0,0.64910898394,0.244742470075,0.303378273636,1.0,-0.0385457142857,-0.0506600816327,1.091
0.455257053465,0.478595296102,-0.124348259819,-1.46456454054,0.0728959427987,1.93385513127,0.144281811328,-0.0364484314106,-0.201889075213,-0.000954622479012,-0.31290476416,-0.0149324315841,0.119702069682,-0.0392669026233,0.573835625387,0.818956172788,0.0020515824009,0.0,0.818913042019,-0.573775338718,-0.0120015495741,0.0,-0.00865176229296,0.00856714923449,-0.999925872734,0.0,0.64848172485,0.243893589171,0.303389961325,1.0,-0.0418462857143,-0.0549979755102,1.107
0.454636950192,0.474887340937,-0.124374432397,-1.47024273904,0.0725566192355,1.93596264974,0.143469023317,-0.0395823562958,-0.215482884229,-0.00210726231955,-0.341973069368,-0.0188328884571,0.127363423002,-0.0494029243775,0.573879746733,0.81892494528,0.00217190879516,0.0,0.81888326975,-0.5738188404,-0.0119530677204,0.0,-0.00854254761308,0.00863832956646,-0.999926199348,0.0,0.64777241055,0.242941492709,0.303437419601,1.0,-0.0453531428571,-0.0596069877551,1.124
0.453876761192,0.470414093807,-0.124404201215,-1.47709897633,0.0721317809925,1.93837194909,0.14244084454,-0.0454856238974,-0.244053489715,-0.00200983011572,-0.365770739432,-0.0198566904265,0.130573001631,-0.0504423203935,0.573894271784,0.818914695562,0.00219843277605,0.0,0.818873121632,-0.573833007453,-0.0119681714688,0.0,-0.00853954261591,0.00866886946229,-0.999925960716,0.0,0.646884140671,0.241775410873,0.303475840222,1.0,-0.0492725714286,-0.0647582367347,1.143
0.453251634419,0.466586944475,-0.124418576061,-1.48279969878,0.0717706949329,1.94054755478,0.141511715012,-0.0466377478511,-0.256908402841,-0.00148565709643,-0.392729958024,-0.0284243214349,0.132347868816,-0.0618327019507,0.573828283015,0.818960216585,0.00245197144093,0.0,0.818922061851,-0.573766147029,-0.0118242140285,0.0,-0.00827686203064,0.00879321123852,-0.999927083837,0.0,0.646173077134,0.240828710425,0.303592846436,1.0,-0.0523668571429,-0.0688250122449,1.158
0.452483313121,0.462057208233,-0.124430183229,-1.48982219392,0.0713050863138,1.94294550706,0.140445309161,-0.043596457746,-0.271408303652,-0.00292924303401,-0.424735517551,-0.0248847790649,0.143925959843,-0.069628015736,0.57379400239,0.81898448652,0.00236655057459,0.0,0.818944996927,-0.573731965875,-0.0118941263994,0.0,-0.00838350069671,0.00876302186003,-0.999926460478,0.0,0.645227004941,0.23964460183,0.303580879978,1.0,-0.0558737142857,-0.0734340244898,1.175
0.451711895114,0.457558853992,-0.124450038427,-1.49674986139,0.0708254026039,1.94536906092,0.139414953803,-0.0500695348307,-0.284033265295,0.00133418064071,-0.441935494635,-0.0361604960731,0.155208066797,-0.0678250021131,0.573785581197,0.818990456849,0.00234207199009,0.0,0.81895072778,-0.573723724895,-0.0118970526896,0.0,-0.00840003207796,0.00874456721286,-0.9999264833,0.0,0.644303670655,0.238465193451,0.303589974895,1.0,-0.0591742857143,-0.0777719183673,1.191
0.450811013074,0.452550909654,-0.124473250235,-1.50445277379,0.0703010607299,1.9481461909,0.138165806872,-0.0559982093654,-0.300710485161,-0.00191582094593,-0.450181011804,-0.0325136227796,0.174280179874,-0.0787315276738,0.573726599164,0.819031629667,0.00239288896038,0.0,0.818992688032,-0.57366468343,-0.0118555825029,0.0,-0.00833754169356,0.00876179028392,-0.99992685554,0.0,0.643293745324,0.237133827245,0.303605913541,1.0,-0.0626811428571,-0.0823809306122,1.208
0.449867647785,0.447196410039,-0.124533874204,-1.5124691823,0.0697628055435,1.95110867312,0.136960320107,-0.0601820461079,-0.314691168331,-0.00446256509761,-0.486571742372,-0.0365847418307,0.165252254594,-0.0712154969625,0.57377191531,0.818999175553,0.00262422286687,0.0,0.818963609335,-0.573709531898,-0.0116930104961,0.0,-0.00807117967869,0.00885843461114,-0.999928189519,0.0,0.642258721883,0.2357325762,0.303720734641,1.0,-0.066188,-0.0869899428571,1.225
0.448855057436,0.441663518623,-0.124562434345,-1.52109277192,0.0691768838308,1.95397788003,0.135638934101,-0.0606754793572,-0.33242868634,-0.000736859006133,-0.518689703485,-0.0343992044804,0.171529512898,-0.076122307993,0.573762580197,0.819006323456,0.00242705686645,0.0,0.818967880397,-0.573700585427,-0.0118319930312,0.0,-0.00829823293323,0.00877660544486,-0.999927052603,0.0,0.641054440566,0.234226445901,0.303653569684,1.0,-0.0696948571429,-0.091598955102,1.242
0.44782849463,0.436241264849,-0.124586556768,-1.52948115932,0.0686239325322,1.95686342631,0.134281009804,-0.0656250819923,-0.342061027308,-0.00212447666982,-0.532128133459,-0.0322980163013,0.190807344925,-0.0784896765658,0.573725803839,0.819032287398,0.00235820062697,0.0,0.818992614079,-0.573663730635,-0.01190668465,0.0,-0.00839930670761,0.0087626898268,-0.999926330743,0.0,0.639898429329,0.232748561885,0.303616717457,1.0,-0.0729954285714,-0.0959368489796,1.258
0.446588082467,0.429817064824,-0.124606730949,-1.53908486044,0.0679512704322,1.96038032877,0.132714034364,-0.0692634147999,-0.354602355978,-0.00325590353537,-0.548925299461,-0.0402636380289,0.195025133467,-0.0905121049556,0.573703319062,0.819047246469,0.00261852061201,0.0,0.81901130107,-0.573640630308,-0.0117329826264,0.0,-0.00810793340148,0.00887601993945,-0.999927736232,0.0,0.638623510365,0.231032609708,0.303730387105,1.0,-0.0767085714286,-0.100816979592,1.276
0.44540643725,0.423940029931,-0.124690827729,-1.54815796922,0.067290043924,1.96338925216,0.131216186844,-0.0718996652194,-0.372991157172,-0.00344657731107,-0.571358789909,-0.0394747709104,0.190388600576,-0.0988615191622,0.573707899478,0.81904464332,0.00242182296759,0.0,0.819006298143,-0.573646107083,-0.0118141580795,0.0,-0.0082872131275,0.00876153276601,-0.999927276177,0.0,0.637352924223,0.229344016666,0.30367351584,1.0,-0.0800091428571,-0.105154873469,1.292
0.444156989535,0.4177921593,-0.124775872922,-1.55749116626,0.0666192218507,1.96655160488,0.129741688856,-0.0803377531262,-0.391720479303,0.000109715010057,-0.574909145969,-0.0440862347764,0.211849447245,-0.0926828367503,0.57379022994,0.818987123669,0.00236858434751,0.0,0.818948289051,-0.573728843888,-0.0118178023645,0.0,-0.00831986299038,0.00872085553846,-0.999927360641,0.0,0.636053437001,0.227596810336,0.303680948833,1.0,-0.0833097142857,-0.109492767347,1.308
0.442666289247,0.410605689211,-0.124803792395,-1.56821713169,0.0658826949506,1.97038975831,0.127904381387,-0.0893032274948,-0.403848878448,-0.00173660464387,-0.610570827614,-0.0422664536029,0.204176297468,-0.101093027147,0.573764389825,0.819004489663,0.00261108834278,0.0,0.818968822666,-0.57370213041,-0.011691020703,0.0,-0.00807716701009,0.00884646162787,-0.999928247171,0.0,0.634580601436,0.225619513809,0.303775180063,1.0,-0.0870228571428,-0.114372897959,1.326
0.441181199476,0.403724375477,-0.124873088034,-1.57884958907,0.0651298780075,1.97387545835,0.126178843946,-0.0901505880052,-0.407191704214,-0.00426056020176,-0.629377851232,-0.0485109750758,0.204887020784,-0.105170902692,0.573836853248,0.818954457756,0.00236830670517,0.0,0.818915328395,-0.573775157379,-0.011853294712,0.0,-0.0083485937273,0.0087414683017,-0.999926941189,0.0,0.633040700598,0.223609113504,0.303667455272,1.0,-0.0905297142857,-0.118981910204,1.343
0.439709856992,0.396874793522,-0.124949570999,-1.58888065714,0.0644177464167,1.97745450166,0.124425965204,-0.0937914138508,-0.420972029206,-0.00119868669346,-0.635344602357,-0.0452876106656,0.227219226813,-0.111888403948,0.573861291255,0.818936374071,0.00267964999713,0.0,0.818901654834,-0.573798843194,-0.0116496420588,0.0,-0.00800288963872,0.00887981941557,-0.99992854873,0.0,0.631655017816,0.221688426503,0.303818865658,1.0,-0.0938302857143,-0.123319804082,1.359
0.438048781735,0.389499377139,-0.124974572295,-1.60006891605,0.0635639277985,1.98115550801,0.122544598831,-0.0998439435052,-0.439233890029,0.000422133880701,-0.660686171693,-0.0535826874613,0.208099718462,-0.114139721821,0.573889547776,0.818916995082,0.00254735550239,0.0,0.818880592608,-0.573827600709,-0.0117135227278,0.0,-0.00813081648142,0.00880841783386,-0.999928148218,0.0,0.630016471104,0.219545269178,0.30377152496,1.0,-0.0973371428571,-0.127928816327,1.376
0.43634818795,0.381835141537,-0.12504113196,-1.61151608969,0.0627005291817,1.98489009248,0.12046519103,-0.105637488179,-0.468392650356,-0.00339348098496,-0.65805104533,-0.0526685207461,0.237789495457,-0.119071738857,0.57381614086,0.818968652287,0.00247587599907,0.0,0.818931313697,-0.573754455523,-0.0117505368394,0.0,-0.00820293436508,0.00877038894382,-0.999927893473,0.0,0.62831703852,0.217334378752,0.303783894541,1.0,-0.100844,-0.132537828571,1.393
0.434643055035,0.374493756504,-0.125056997543,-1.62249133317,0.0619228276581,1.98862946609,0.118527329469,-0.115539986956,-0.461069017659,0.000526767593939,-0.69916820566,-0.0504577527204,0.229998031094,-0.12745384413,0.573824157744,0.818962760685,0.00256505407345,0.0,0.818926233012,-0.573761769827,-0.0117474793333,0.0,-0.00814917503784,0.00884174773491,-0.999927704608,0.0,0.626700963253,0.215220056994,0.303790123505,1.0,-0.104144571429,-0.136875722449,1.409
