position_joint1,position_joint2,position_joint3,position_joint4,position_joint5,position_joint6,position_joint7,velocity_joint1,velocity_joint2,velocity_joint3,velocity_joint4,velocity_joint5,velocity_joint6,velocity_joint7,ee_T_00,ee_T_10,ee_T_20,ee_T_30,ee_T_01,ee_T_11,ee_T_21,ee_T_31,ee_T_02,ee_T_12,ee_T_22,ee_T_32,ee_T_03,ee_T_13,ee_T_23,ee_T_33,v_x,v_y,time
0.465080774778,0.547758642395,-0.124006644869,-1.35582946679,0.0794782616229,1.89411012639,0.159152856834,-0.000790930586467,0.000837675013114,-0.00164174759908,-0.000237992538737,7.92188488276e-05,0.000372928736037,0.000364422779765,0.573801496341,0.818980313988,0.00195831495752,0.0,0.818937580655,-0.573743188927,-0.0118633491003,0.0,-0.00859244493369,0.00841110711874,-0.999927708971,0.0,0.661683933895,0.260882527606,0.303233423494,1.0,0.0,0.0,0.0
0.465085170047,0.547761157266,-0.124008761048,-1.3558319585,0.0794765845231,1.89410930341,0.159149414653,-0.000111721006393,0.00124823019677,-0.000298744503932,-0.000383381818755,-8.2346029697e-05,-1.14556831404e-06,-0.00119932650495,0.573796246635,0.818984007195,0.00195197543815,0.0,0.818941213175,-0.573737987127,-0.0118641641746,0.0,-0.00859680377406,0.00840632785412,-0.999927711696,0.0,0.661682564657,0.260883553402,0.303230451506,1.0,-0.00016,-0.000210285714286,0.009
0.465087271022,0.547760705703,-0.124009379933,-1.35583770532,0.0794774330016,1.89410719502,0.159152816339,0.00184166257383,-0.000365634047913,-0.000326063647658,-0.00195094430503,0.000287530146268,-0.000586729648063,-0.000175012337321,0.573798267146,0.818982605306,0.0019462084281,0.0,0.818939723071,-0.573740018151,-0.0118688015338,0.0,-0.00860388999468,0.00840428695291,-0.999927667903,0.0,0.661680383991,0.260883901926,0.303227875124,1.0,-0.0005,-0.000657142857143,0.026
0.465078886706,0.547740160806,-0.124014996627,-1.35584758481,0.0794781165207,1.8941100939,0.159158814233,0.000190692975061,-0.00199552899275,0.000862741096491,-0.00586186052196,7.52408801423e-06,0.000155209478518,0.000141265400549,0.573814674657,0.818971082847,0.00195742407419,0.0,0.818928364126,-0.573756394929,-0.0118608856304,0.0,-0.0085908031677,0.00840910222541,-0.99992773994,0.0,0.661682681637,0.260874511323,0.303238166145,1.0,-0.00084,-0.001104,0.043
0.465077979571,0.547667213114,-0.124005192403,-1.35591679818,0.0794741755261,1.89412146315,0.159152563042,-0.000525056797876,-0.00427592139101,0.00033170492277,-0.00654509549951,4.54600577682e-05,0.000420056780611,-0.000845189208522,0.573806132757,0.818977027468,0.00197418102087,0.0,0.818934456065,-0.573747716369,-0.0118600814398,0.0,-0.00858061759414,0.00842227448054,-0.999927716535,0.0,0.661669219175,0.260872463875,0.303257555391,1.0,-0.00116,-0.00152457142857,0.059
0.465077545586,0.54753323661,-0.124004525531,-1.35609243912,0.079470407689,1.89414852908,0.159146951231,0.000818481839226,-0.00882177517312,0.00201375723214,-0.0129144132536,-0.000333846714445,0.00422177461206,-0.00202084307964,0.573809967049,0.818974356892,0.00196757980581,0.0,0.818931584167,-0.573751463984,-0.0118770758588,0.0,-0.00859828431278,0.00842665999387,-0.999927527828,0.0,0.661638059486,0.260854697181,0.303271185918,1.0,-0.0015,-0.00197142857143,0.076
0.465064459516,0.547382949813,-0.124009587784,-1.35629762579,0.0794677465781,1.8942137479,0.159145342313,0.00103718622683,-0.00692841390933,0.00341140309529,-0.0112504876598,-3.01216672165e-05,0.00686576424151,0.00039279723029,0.573833585244,0.818957775905,0.00198106841071,0.0,0.818915103228,-0.573774949912,-0.0118788661013,0.0,-0.00859176775262,0.00843898164215,-0.999927479928,0.0,0.661612716622,0.260824725872,0.303285808817,1.0,-0.00184,-0.00241828571429,0.093
0.465042807934,0.547205131616,-0.124012567388,-1.35650478359,0.0794651270231,1.8943425294,0.159134859309,-0.000655124417301,-0.0141060413307,0.00126107036804,-0.013034714709,0.000724071227032,0.00331730344911,-0.000900692829158,0.573853900161,0.818943318514,0.0020710460839,0.0,0.818901755043,-0.573794837231,-0.0118383806497,0.0,-0.00850677096617,0.00848964763231,-0.999927777757,0.0,0.661598627506,0.260797985702,0.303322470634,1.0,-0.00218,-0.00286514285714,0.11
0.465022863446,0.546982284524,-0.124002747725,-1.35676052359,0.0794604111524,1.89447046121,0.159127255154,0.000395899048207,-0.0130953971731,0.0012190597781,-0.0121513200802,-0.0011250300261,0.00158407658292,0.000968373859717,0.573872432336,0.818930106511,0.00215846149249,0.0,0.818889640998,-0.57381298297,-0.0117967513608,0.0,-0.00842232377656,0.00853753652781,-0.99992808488,0.0,0.661578048133,0.260767757003,0.303371336555,1.0,-0.00252,-0.003312,0.127
0.464990780419,0.546771646429,-0.124006981159,-1.35708013142,0.079450517321,1.89459985694,0.15910224877,-2.23180911032e-05,-0.0140727664781,0.000425083792755,-0.025699121452,0.000395098306671,0.0116616801246,-0.000758406641701,0.573896837628,0.818912938653,0.00218301813705,0.0,0.818872733076,-0.57383722953,-0.0117910105987,0.0,-0.00840327584839,0.00855460242588,-0.999928099281,0.0,0.661542596676,0.260714981778,0.303381730465,1.0,-0.00286,-0.00375885714286,0.144
0.464955596271,0.546500386965,-0.12400740598,-1.35747869767,0.0794363852468,1.89474379843,0.159024320297,-0.00167105060365,-0.0161246985648,0.000806419040051,-0.0232910846687,-0.000148539515995,0.0046127648957,-0.0120111370515,0.573880317295,0.818924471509,0.00219961047788,0.0,0.818884398248,-0.573820561942,-0.0117920269614,0.0,-0.00839475935206,0.00856860384891,-0.999928050933,0.0,0.66150047353,0.260656308818,0.30339464294,1.0,-0.00318,-0.00417942857143,0.16
0.464917831904,0.546208998511,-0.124010514588,-1.35793948526,0.079408555461,1.89490488016,0.158927084239,-0.000977155323408,-0.0154337234032,-0.000576409858677,-0.0278214053008,-0.000305305512614,0.00811585994054,-0.00342549211017,0.573852126496,0.818944245866,0.00219225444686,0.0,0.81890407277,-0.573792398849,-0.0117961656948,0.0,-0.00840266485839,0.00856466575987,-0.999928018271,0.0,0.661446646409,0.260585083131,0.303395702584,1.0,-0.00352,-0.00462628571429,0.177
0.464872797311,0.545894133752,-0.124007730582,-1.3584601714,0.0793600185224,1.89508000786,0.158902740737,-0.00427332406507,-0.0275546625556,0.000534383060847,-0.0317424112508,-0.00248645805185,0.00826752013308,-0.00331625174315,0.573883267088,0.818922518239,0.00215679814083,0.0,0.818881997938,-0.57382378927,-0.0118016618675,0.0,-0.00842718682354,0.00853910384452,-0.999928030524,0.0,0.661384147595,0.260503256713,0.303385842221,1.0,-0.00386,-0.00507314285714,0.194
0.464812902284,0.545551767343,-0.124007730586,-1.35905280997,0.0793306991632,1.89528023959,0.158826075316,-8.90872381625e-06,-0.0211116707102,-0.000241602095293,-0.0346856400103,-0.0022966842354,0.00580510984411,-0.00815637213431,0.573894804454,0.818914536324,0.00211719588878,0.0,0.818873410977,-0.573835390215,-0.0118333694137,0.0,-0.00847575948221,0.00852498877732,-0.999927740423,0.0,0.661314233853,0.260406628054,0.303363492346,1.0,-0.0042,-0.00552,0.211
0.46474534901,0.545154413414,-0.124005303862,-1.35972618473,0.0793061203319,1.89550520933,0.158736438902,-0.00716214807941,-0.0239793554825,0.000924741370342,-0.0397366069803,-0.00578019078283,0.0172220988425,-0.00243639738122,0.573905995928,0.81890678107,0.00208294423857,0.0,0.81886501273,-0.573846519626,-0.0118747522129,0.0,-0.00852918902213,0.00852080570752,-0.999927321761,0.0,0.661233255865,0.260299930402,0.303343690732,1.0,-0.00454,-0.00596685714286,0.228
0.464672963473,0.544707182766,-0.124016178222,-1.36047539776,0.0792755967684,1.89576045547,0.158640774907,-0.0051621965438,-0.0244526204343,-0.00124386345251,-0.0446451798222,-0.00128428861927,0.0157938206774,-0.00166684308902,0.573928151475,0.818891341184,0.00204821385956,0.0,0.818849004079,-0.573868697614,-0.0119068601626,0.0,-0.00857518396668,0.00851102398562,-0.999927011682,0.0,0.661146753352,0.260175085429,0.303326117644,1.0,-0.0049,-0.00644,0.246
0.464605465462,0.544313745077,-0.124011163644,-1.36113404065,0.0792415724584,1.8959902008,0.158567361734,-0.0028365972304,-0.0280238843912,0.000459354690686,-0.0437577203724,-0.00422063856236,0.015228937668,-0.00292192609507,0.573947434447,0.818877891931,0.00202175652042,0.0,0.818835106675,-0.573887984724,-0.0119329781702,0.0,-0.00861155603246,0.00850455116111,-0.999926754174,0.0,0.661069763907,0.260070429122,0.303310796348,1.0,-0.0052,-0.00683428571429,0.261
0.46453568411,0.543814138979,-0.124015069895,-1.36195068499,0.0791971833856,1.89627936237,0.158455237792,-0.0060700490647,-0.0298371781393,0.00060081399816,-0.0480107988018,-0.00615271344688,0.0203103212846,-0.00832731304258,0.573949143589,0.818876748976,0.00199936515177,0.0,0.818833618805,-0.57388973445,-0.0119509124556,0.0,-0.00863907553189,0.008496526956,-0.999926585007,0.0,0.66097419789,0.259944096534,0.30330079497,1.0,-0.00554,-0.00728114285714,0.278
0.464467361563,0.543327045161,-0.124029909834,-1.3627394997,0.0791472143308,1.89655002391,0.158358320042,0.000132639059733,-0.0242880114557,-0.00171911405927,-0.0537383703676,-0.00656076135279,0.0172366094018,-0.0107880913746,0.5739666182,0.818864576879,0.00196794968012,0.0,0.818821096408,-0.573907396618,-0.011960731014,0.0,-0.00866496489081,0.00847662224733,-0.99992652993,0.0,0.660883343072,0.259813379729,0.303293875285,1.0,-0.00586,-0.00770171428571,0.294
0.464376699056,0.542769350712,-0.124026484739,-1.3636320044,0.0790893166478,1.89687391854,0.15823746355,-0.000824542008644,-0.03791447315,0.00160083549142,-0.054636620728,-0.00301897933606,0.0207565136239,-0.00310426514331,0.573959977329,0.818869258919,0.00195655917223,0.0,0.818825579575,-0.573900755361,-0.0119724738868,0.0,-0.00868118717205,0.00847396468891,-0.999926411748,0.0,0.660771631018,0.259671487937,0.303290648979,1.0,-0.00622,-0.00817485714286,0.312
0.46430648546,0.542178267316,-0.124029573888,-1.36455557616,0.0790462368996,1.897207095,0.158130021582,-0.00737891320078,-0.0341271987072,0.000143851923958,-0.0547320846661,-0.00157116763227,0.0222496014584,-0.00363234146116,0.573985163804,0.818851588082,0.00196349915358,0.0,0.818807930045,-0.57392584181,-0.0119770071311,0.0,-0.0086806555347,0.00848251639236,-0.999926343855,0.0,0.660673483931,0.259535025466,0.303298916245,1.0,-0.00654,-0.00859542857143,0.328
0.464220291588,0.541546880554,-0.124029692328,-1.3655157312,0.0789800781121,1.89755655757,0.157997862937,-0.00517850833437,-0.0372492422666,-0.000499233170825,-0.0533358999829,-0.00485609952454,0.0217544950145,-0.00491630928124,0.573983188669,0.818852940101,0.00197699608804,0.0,0.818809517389,-0.573923868096,-0.0119630582846,0.0,-0.00866150696771,0.00848554092611,-0.999926484244,0.0,0.660564423509,0.259385344728,0.303318613763,1.0,-0.00688,-0.00904228571429,0.345
0.464129782156,0.540835853047,-0.12403011603,-1.36659430988,0.0789136549181,1.89796360664,0.157859447132,-0.00584460109224,-0.0426395352623,0.000534345174931,-0.0606106245056,-0.00379674010852,0.0217995276811,-0.0090838945113,0.573986354633,0.818850641476,0.00200961444647,0.0,0.818807660605,-0.573926913618,-0.0119440219599,0.0,-0.00862716432647,0.0085013570055,-0.999926646792,0.0,0.660442644626,0.259223499145,0.303343164675,1.0,-0.00724,-0.00951542857143,0.363
0.464045881326,0.54016137532,-0.124036045948,-1.36762081721,0.0788598972692,1.89833261486,0.15772817608,-0.00251081374762,-0.0471774672545,-0.00066292279226,-0.0664572254611,-0.00217218881593,0.0217568995684,-0.00221564299269,0.573994125053,0.818845150052,0.0020276940375,0.0,0.818802336345,-0.573934540363,-0.011942540538,0.0,-0.00861549362836,0.00851539267,-0.999926627987,0.0,0.66032298341,0.259068001863,0.303363456181,1.0,-0.00756,-0.009936,0.379
0.463949832134,0.539425088171,-0.124036907711,-1.36877310223,0.0787920104632,1.89877582803,0.157588918158,-0.00710849265951,-0.0442108003747,-0.000104089554567,-0.0674528955522,-0.00468330107614,0.0245128970842,-0.00647985913284,0.574005072332,0.818837419847,0.0020502918524,0.0,0.818794901857,-0.573945394005,-0.0119306452133,0.0,-0.00859266861401,0.00852718355939,-0.999926723909,0.0,0.660193254088,0.258896058303,0.303373711761,1.0,-0.0079,-0.0103828571429,0.396
0.463838972799,0.538667326958,-0.124039273843,-1.369932498,0.0787252241132,1.8992251,0.157435864425,-0.00564019642261,-0.0432834682703,-1.79666055221e-05,-0.0719359090323,-0.0105008430404,0.0277410809358,-0.0102031210658,0.574018494043,0.818827907477,0.00209125182279,0.0,0.818785924291,-0.573958647285,-0.0119091683691,0.0,-0.00855143198966,0.00854853503495,-0.999926895108,0.0,0.660067539347,0.258713505172,0.303396203473,1.0,-0.00824,-0.0108297142857,0.413
0.463745487456,0.537919951606,-0.124047442029,-1.371095574,0.0786602975166,1.89966289235,0.157299061355,-0.00260765006557,-0.0462596985578,-0.00107217554312,-0.0750501319,-0.000282012375539,0.0256026053173,-0.0101073669749,0.57403561676,0.818815855173,0.00211019196082,0.0,0.81877411074,-0.573975682923,-0.0119003317723,0.0,-0.0085331457547,0.00855914962495,-0.999926960523,0.0,0.659934896585,0.258538013385,0.303408680548,1.0,-0.00856,-0.0112502857143,0.429
0.4636401189,0.537111482066,-0.124048033769,-1.37236540122,0.0785872261088,1.90013106394,0.157146183169,-0.00378836891787,-0.0439931574357,0.000393205727773,-0.0748781622003,-0.00341594793195,0.0354334714023,-0.00907638506346,0.574047536143,0.818807480743,0.00211722187751,0.0,0.818765782061,-0.573987526348,-0.0119021269028,0.0,-0.00853045583425,0.00856606037295,-0.999926924296,0.0,0.659786724057,0.258347962946,0.303415737051,1.0,-0.0089,-0.0116971428571,0.446
0.463529253247,0.536315957377,-0.124052037157,-1.37361420196,0.0785141838328,1.90060246422,0.156990250271,-0.0105522199445,-0.0459331798726,0.000557803795108,-0.0809315337979,-0.0003612719352,0.0276047568558,-0.012214089232,0.574062666126,0.818796834878,0.00213200737286,0.0,0.81875532633,-0.574002592196,-0.011894816473,0.0,-0.00851582427691,0.00857412752838,-0.999926979871,0.0,0.659645653118,0.258154868503,0.303423910233,1.0,-0.00922,-0.0121177142857,0.462
0.463413346936,0.535381772468,-0.124052478644,-1.37507949827,0.0784241171818,1.90113793244,0.156806266721,-0.00699823862942,-0.0534386838246,0.00196967374982,-0.0867449395559,-0.0078048466986,0.0351864892634,-0.0176001446003,0.574063540674,0.818796215516,0.00213439146491,0.0,0.818754726861,-0.574003445778,-0.0118948887766,0.0,-0.00851450578943,0.00857613018499,-0.999926973925,0.0,0.659471879708,0.257938253915,0.303432164762,1.0,-0.00958,-0.0125908571429,0.48
0.463296103,0.534550622365,-0.124060717842,-1.37642461833,0.0783597950031,1.90162262393,0.156642965678,-0.00782506720119,-0.0451395127089,-0.00161021245968,-0.0848757598057,-0.011534469935,0.0347080493383,-0.0138318559684,0.574088152337,0.818779007314,0.00211599397961,0.0,0.81873712991,-0.57402797912,-0.0119221724179,0.0,-0.0085471493085,0.00857698590655,-0.999926688088,0.0,0.659313531098,0.257729868998,0.303420640151,1.0,-0.0099,-0.0130114285714,0.496
0.463163621167,0.533578391801,-0.124060845614,-1.37798607536,0.078266122454,1.90220251198,0.156448408618,-0.00848341204845,-0.0543928156388,0.000227591999899,-0.0836902028705,-0.00230349039227,0.0418738149853,-0.0139242819879,0.574097835588,0.818772241054,0.0021069775105,0.0,0.818730220787,-0.574037672564,-0.0119299181944,0.0,-0.00855856616828,0.00857415145551,-0.999926614743,0.0,0.659130920118,0.257494057462,0.303413444268,1.0,-0.01026,-0.0134845714286,0.514
0.463035858211,0.53268834505,-0.12406156774,-1.37942002049,0.078184378502,1.9027445017,0.156277537264,-0.010844905123,-0.0596318978381,0.000657358567633,-0.0905359310663,-0.0076655351906,0.0282588068697,-0.00743841709017,0.574119611224,0.81875697463,0.00210603967363,0.0,0.818714896896,-0.574059404,-0.0119358778585,0.0,-0.00856375624398,0.00857703274444,-0.999926545596,0.0,0.65896613302,0.257274444223,0.303405535488,1.0,-0.01058,-0.0139051428571,0.53
0.462898744062,0.531719723751,-0.124061650899,-1.38097775203,0.0780999966247,1.90331051934,0.156067475807,-0.00816670815852,-0.0586531392017,-0.000859486618756,-0.0911513952555,-0.00294543330841,0.0321536381966,-0.0131320370288,0.574122266937,0.818755150753,0.00209108190577,0.0,0.818712749808,-0.574061992768,-0.0119586229026,0.0,-0.00859093885375,0.00857787225807,-0.999926305223,0.0,0.658781374965,0.25703661087,0.303395979002,1.0,-0.01092,-0.014352,0.547
0.46276056356,0.530713549423,-0.124066659284,-1.3826164171,0.0779912953203,1.9038900652,0.155861257335,-0.00943999696617,-0.0635650076385,-0.00201231343963,-0.0983284228419,-0.00674948906624,0.0351776603203,-0.017208056246,0.574129955611,0.818749890802,0.00203894137326,0.0,0.818706854094,-0.574069941527,-0.0119806592332,0.0,-0.00863883480835,0.008547915205,-0.999926149112,0.0,0.658583711745,0.256783132431,0.303375453885,1.0,-0.01126,-0.0147988571429,0.564
0.46261250193,0.529684211217,-0.124067108939,-1.38424793833,0.0778873676924,1.90448222918,0.155642683643,-0.0122510706529,-0.0621707393901,-0.000118499099019,-0.0972459325132,-0.00756185496744,0.0390257623509,-0.0125002371342,0.574133169886,0.818747666113,0.00202715875284,0.0,0.818704483367,-0.57407321242,-0.0119859333183,0.0,-0.00864988393029,0.00854133029661,-0.999926109863,0.0,0.65839161685,0.256528601779,0.303375358821,1.0,-0.0116,-0.0152457142857,0.581
0.462477975359,0.52866180452,-0.124069855282,-1.38583410406,0.0778008771467,1.90507987411,0.155432993382,-0.00972570879477,-0.0657923122229,-0.00306465228598,-0.100252687947,-0.00770795894053,0.0323948286239,-0.0132653488312,0.574136415194,0.818745308471,0.0020599770792,0.0,0.818702475373,-0.57407624215,-0.0119779763717,0.0,-0.00862449410699,0.00856366562638,-0.999926138138,0.0,0.65820668472,0.256290138272,0.303392299579,1.0,-0.01192,-0.0156662857143,0.597
0.462341306659,0.527559278138,-0.124073729379,-1.38755093813,0.0776847454987,1.90575168464,0.155189707544,-0.0107032659357,-0.0666559855406,-0.00147932985834,-0.109138358137,-0.00619000343705,0.0375918710298,-0.0157042231503,0.574113702753,0.818761134218,0.00209959676,0.0,0.818718973429,-0.574053523632,-0.0119390725964,0.0,-0.00857013270387,0.00857352994672,-0.999926521005,0.0,0.65801005018,0.256035420925,0.303409636706,1.0,-0.01226,-0.0161131428571,0.614
0.462192838324,0.526389366112,-0.124073677721,-1.38934102592,0.0775657192921,1.90642780249,0.154929417311,-0.00723017766734,-0.0666806259819,0.000294728409415,-0.106659051079,-0.0109636171602,0.0417051078813,-0.0198091382788,0.574086710282,0.818779952527,0.00214133599656,0.0,0.818738425305,-0.574026454426,-0.0119066136595,0.0,-0.00851987709106,0.00858878808903,-0.999926819529,0.0,0.657800633672,0.255767281783,0.303439475609,1.0,-0.0126,-0.01656,0.631
0.462048715073,0.52528766769,-0.124079412998,-1.39106261442,0.0774600682678,1.90704379617,0.154726867016,-0.0103459590065,-0.0664368394751,-0.000447284019605,-0.105839292915,-0.00220774806009,0.0443339249638,-0.0107305500936,0.574107062581,0.818765695681,0.0021361581438,0.0,0.818724086946,-0.574046810987,-0.0119111356397,0.0,-0.00852633864664,0.0085873565532,-0.999926776748,0.0,0.657592413424,0.255503996533,0.303448636164,1.0,-0.01292,-0.0169805714286,0.647
0.461892124142,0.524119051999,-0.124085474484,-1.39293974765,0.0773423735553,1.90771120992,0.154448207874,-0.0108772687883,-0.0633230394739,-0.000684206304316,-0.116425362559,-0.00770538342297,0.0424525062122,-0.0188573277905,0.574080438904,0.81878446229,0.00209782777286,0.0,0.818742341961,-0.574020334735,-0.011932296202,0.0,-0.00856594785033,0.00856784322212,-0.999926605607,0.0,0.657363033439,0.255216323662,0.303435027028,1.0,-0.01326,-0.0174274285714,0.664
0.461732753079,0.522901365205,-0.124085468922,-1.39487498838,0.0772291484315,1.90844654404,0.154197350325,-0.008145648371,-0.07412793532,-0.00107717850661,-0.115354056577,-0.00903709274034,0.0477538900607,-0.0217388244033,0.574078964522,0.818785456001,0.00211339434572,0.0,0.818743495425,-0.574018753617,-0.0119292119043,0.0,-0.00855450192121,0.00857880265992,-0.999926609628,0.0,0.657133307136,0.254929431312,0.303433648047,1.0,-0.0136,-0.0178742857143,0.681
0.461569770107,0.521674992277,-0.124087395671,-1.39683084934,0.0771127127214,1.90921124364,0.153934229469,-0.00535766024478,-0.0756337726357,-0.00110026320316,-0.118005453369,-0.00307282499569,0.0395747346342,-0.0166126010045,0.574071891222,0.818790342731,0.00214132201538,0.0,0.818748758696,-0.574011580192,-0.0119131373286,0.0,-0.00852538230259,0.00859236744839,-0.999926741856,0.0,0.656905702689,0.254638204744,0.303430837175,1.0,-0.01394,-0.0183211428571,0.698
0.461406351953,0.520410942078,-0.124092796366,-1.39887042205,0.0769833465222,1.90995949911,0.153659565423,-0.00726749020827,-0.0801631246809,0.00105828684092,-0.122777898242,-0.00396673725087,0.0399075137364,-0.0131985678591,0.574058533066,0.818799782892,0.00211259346165,0.0,0.818757849526,-0.57399836574,-0.0119250521686,0.0,-0.00855176958027,0.00857554554009,-0.999926660939,0.0,0.656656966524,0.254332114525,0.303412983015,1.0,-0.01428,-0.018768,0.715
0.46124729839,0.519162443867,-0.12409288983,-1.40080070604,0.0768586138017,1.91065399096,0.153401066022,-0.0106507539523,-0.0798933828209,0.000808201575648,-0.116809665285,-0.00587961714136,0.0443049177027,-0.0160872714139,0.574045996318,0.818808552644,0.00212017233749,0.0,0.818766726161,-0.573985807798,-0.0119200452811,0.0,-0.00854345068016,0.00857874600065,-0.999926704598,0.0,0.656419646311,0.254041916278,0.303430977639,1.0,-0.0146,-0.0191885714286,0.731
0.461071252749,0.51780184383,-0.124099537997,-1.40292023631,0.0767220960007,1.91141187741,0.153111944387,-0.0130335412983,-0.0835647886557,-0.00193853231007,-0.123466442638,-0.0068811580924,0.0367146772261,-0.0196980995828,0.574033497042,0.818817330173,0.00211447015614,0.0,0.818775455526,-0.573973359551,-0.0119198512747,0.0,-0.00854669580799,0.00857383524962,-0.999926718985,0.0,0.656158920032,0.253718208016,0.303442915251,1.0,-0.01494,-0.0196354285714,0.748
0.460892200607,0.5164790691,-0.124104711556,-1.4050411718,0.0765740663185,1.91220161164,0.15282619151,-0.0124615785299,-0.0778831453913,0.000119850370125,-0.125845843496,-0.0111713477761,0.0423020864683,-0.013332300911,0.57402199374,0.818825446861,0.00209408160212,0.0,0.81878346601,-0.57396210049,-0.0119117543248,0.0,-0.00855188873327,0.00855237301841,-0.999926858383,0.0,0.65590349917,0.253393068681,0.30342997994,1.0,-0.01528,-0.0200822857143,0.765
0.460704112237,0.515108211948,-0.124103597041,-1.40723354651,0.0764534244722,1.91302843941,0.152523046454,-0.0162589992562,-0.0763856023332,0.00460492267951,-0.134145439591,-0.00617274849971,0.040580843535,-0.0178068759523,0.574010355273,0.818833579861,0.00210414647284,0.0,0.818791587725,-0.573950279874,-0.0119230450641,0.0,-0.00855547893517,0.00856697370528,-0.999926702685,0.0,0.655638388002,0.253064759581,0.303419429351,1.0,-0.01562,-0.0205291428571,0.782
0.460517228796,0.513689621853,-0.124107511241,-1.40950527424,0.0763157087741,1.91381319184,0.152216881646,-0.0105228064214,-0.0855715506578,0.000776864910696,-0.133321461189,-0.00605571536678,0.0496035172075,-0.0162304769357,0.573997450096,0.818842772162,0.00204662194554,0.0,0.818799913192,-0.573937497267,-0.0119665487187,0.0,-0.00862425489241,0.00854470683444,-0.999926302391,0.0,0.655348159983,0.252720068429,0.30340061768,1.0,-0.01596,-0.020976,0.799
0.460331258395,0.512384247018,-0.124120572344,-1.41164425129,0.0761838704431,1.91456695223,0.15191608339,-0.010249919322,-0.0859902496466,-0.00216524433578,-0.134831058834,-0.00755992860124,0.0446985193329,-0.0143688259865,0.573989132792,0.818848779137,0.00197465044975,0.0,0.818804949525,-0.573929453031,-0.0120076840797,0.0,-0.0086993348855,0.00850929756392,-0.999925953972,0.0,0.655081010866,0.252383798364,0.30336288522,1.0,-0.01628,-0.0213965714286,0.815
0.460132492586,0.510937035999,-0.124116034667,-1.41394533418,0.0760473874222,1.91543627142,0.151580590907,-0.0151144561019,-0.0798988555358,0.00137207807678,-0.135568264365,-0.00099769511644,0.050975833716,-0.02421068383,0.573957587983,0.818870854216,0.00198952594779,0.0,0.818827137367,-0.573897769182,-0.0120090191701,0.0,-0.00869221863508,0.00852190958661,-0.999925908451,0.0,0.654800732204,0.252039131567,0.303356337887,1.0,-0.01662,-0.0218434285714,0.832
0.459927930896,0.509437070881,-0.124119478068,-1.41631046399,0.0758918860019,1.91632337921,0.151262026723,-0.0104607804008,-0.0904267841493,0.00247674867534,-0.137564244813,-0.00714308210595,0.0483590368583,-0.0123103548808,0.573947916455,0.818877607452,0.00200002798356,0.0,0.818834115173,-0.573888140241,-0.0119933823697,0.0,-0.00867348691171,0.00852143203053,-0.999926075178,0.0,0.654513465679,0.251677351313,0.303357498497,1.0,-0.01696,-0.0222902857143,0.849
0.459730567133,0.508026316457,-0.124131175371,-1.41854372577,0.0757480556648,1.91712135568,0.150946495061,-0.0121301650767,-0.0913833491437,-0.00129003152562,-0.140525826321,-0.0147054824714,0.0549148943314,-0.0202889568757,0.573936404747,0.818885741343,0.00197302613977,0.0,0.818841929637,-0.573876776719,-0.0120035958274,0.0,-0.00869746703966,0.00850506091352,-0.999926006265,0.0,0.654236041226,0.251325894556,0.303351060387,1.0,-0.01728,-0.0227108571429,0.865
0.459505774981,0.506380684337,-0.124134444155,-1.42111326149,0.0755893268466,1.91806613769,0.150586604729,-0.00785812344393,-0.097486563628,-5.52950974075e-05,-0.1479995865,-0.0142235812141,0.0605729404531,-0.0240754269255,0.57391819065,0.81889846749,0.00198929243478,0.0,0.818854837389,-0.573858465804,-0.0119984753485,0.0,-0.00868412796685,0.00851524894071,-0.999926035493,0.0,0.653918458298,0.250932206391,0.303360756855,1.0,-0.01764,-0.023184,0.883
0.459293442909,0.504869716228,-0.124139051079,-1.42341989046,0.0754485236354,1.91896426472,0.150277000928,-0.0126519525351,-0.100647473535,0.00122228181611,-0.147814976455,-0.0162526402159,0.0600807219895,-0.0213150499005,0.573923049607,0.818894851487,0.00207418396863,0.0,0.818852375585,-0.573863015159,-0.0119487962847,0.0,-0.00859467576691,0.00855630480834,-0.999926457894,0.0,0.653646228712,0.250575043081,0.303396831155,1.0,-0.01796,-0.0236045714286,0.899
0.459074350377,0.503201692979,-0.124149610084,-1.42590761824,0.0752928835021,1.91990002719,0.149932023106,-0.0114792418815,-0.0998480232161,-0.00216301587875,-0.152206741735,-0.0115740864212,0.0599287963756,-0.0181308762013,0.573913306354,0.818901432235,0.0021697868078,0.0,0.818860268125,-0.573852949953,-0.0118911739072,0.0,-0.00849272429438,0.0086014207447,-0.999926941929,0.0,0.653345002925,0.250190854263,0.303459229402,1.0,-0.0183,-0.0240514285714,0.916
0.458840343659,0.501500816614,-0.124155808303,-1.4284305015,0.0751269497508,1.92081105026,0.149585778714,-0.0119835779411,-0.102886862356,-9.62125564597e-05,-0.153389934019,-0.00917287743158,0.0529560013664,-0.018638032267,0.573909772358,0.818903717408,0.00224091697405,0.0,0.818863541455,-0.573849197474,-0.0118467689832,0.0,-0.00841557677836,0.00863414793389,-0.999927312137,0.0,0.653033429916,0.249792572655,0.303524857139,1.0,-0.01864,-0.0244982857143,0.933
0.458603975676,0.499790772895,-0.124156081655,-1.43102256396,0.074961913612,1.92172795111,0.149210973778,-0.0160382489727,-0.100217359508,-0.00146155799388,-0.154090481721,-0.0123880298399,0.058539275951,-0.0228291534755,0.573883838467,0.818921810531,0.00227048119007,0.0,0.818881967722,-0.573823098206,-0.0118373056816,0.0,-0.00839113480504,0.00865266111682,-0.999927357518,0.0,0.652704659834,0.249388811563,0.303563674923,1.0,-0.01898,-0.0249451428571,0.95
0.458348315496,0.498120683308,-0.12415219483,-1.43364766411,0.0747983067957,1.92271596848,0.148830603545,-0.01163716869,-0.0954724682991,0.000246349544706,-0.155388306375,-0.00432296197505,0.0622856923045,-0.0274305156885,0.573868296205,0.818932627893,0.0022970599488,0.0,0.81889310326,-0.573807426121,-0.0118266673973,0.0,-0.00836733485111,0.0086681629079,-0.999927422696,0.0,0.652383705576,0.248975524513,0.303564410495,1.0,-0.01932,-0.025392,0.967
0.458106147104,0.496549095948,-0.124154325421,-1.43614974893,0.0746427942726,1.92360976345,0.148458753357,-0.014060072053,-0.100386724986,-4.98591345523e-05,-0.15639754024,-0.0148055759189,0.056221631352,-0.021305373673,0.573848187014,0.818946807821,0.00226519782106,0.0,0.818906786685,-0.57378735896,-0.0118527768515,0.0,-0.00840721375599,0.00865684704729,-0.999927186227,0.0,0.65206744818,0.248575934126,0.303546475494,1.0,-0.01964,-0.0258125714286,0.983
0.457835133012,0.494873336795,-0.124159666043,-1.43890462873,0.0744680898901,1.92455412088,0.148066196545,-0.0210307592385,-0.101382587915,-0.00771997194525,-0.165888337294,-0.010762740586,0.0576713342036,-0.0247610385364,0.573843897795,0.818950130155,0.00214759934919,0.0,0.81890845786,-0.573783418399,-0.0119278379227,0.0,-0.00853621187189,0.00860356992238,-0.999926553139,0.0,0.651710503157,0.248127622783,0.303484798439,1.0,-0.01998,-0.0262594285714,1.0
0.457507456913,0.492589987834,-0.124222906429,-1.44236173902,0.0742653510951,1.92580967055,0.147586540859,-0.0192794941038,-0.158239154777,-0.00373558391417,-0.227454477631,-0.0136950269593,0.0867930991423,-0.0267816286076,0.573883841074,0.8189219711,0.00221113182134,0.0,0.818881232778,-0.573823208549,-0.0118827116289,0.0,-0.00846237779987,0.00863011670012,-0.999926951956,0.0,0.651288302951,0.247549794066,0.303539574088,1.0,-0.0340074285714,-0.044695477551,1.018
0.457149112317,0.489558771188,-0.124272608589,-1.44709796075,0.0740202815646,1.92764793481,0.146856720723,-0.0276719670639,-0.210133036137,-0.00204988376148,-0.333170030672,-0.0230856817476,0.121035145892,-0.048009999493,0.57378745147,0.818989164433,0.0023358032957,0.0,0.818949878435,-0.57372616586,-0.0118376568399,0.0,-0.00835496207406,0.00870537238003,-0.999927202901,0.0,0.650695232432,0.246850748642,0.303554643324,1.0,-0.0472097142857,-0.0620470530612,1.034
0.456516959602,0.485171573365,-0.12433710628,-1.45399982611,0.0736394182008,1.93029104126,0.145818137796,-0.0406326077808,-0.283701886364,-0.00380775020104,-0.44289977064,-0.0296977530594,0.170280051859,-0.0705705738091,0.573742060466,0.819020625873,0.00245139718364,0.0,0.818982705872,-0.573680194992,-0.0117944163779,0.0,-0.00825371117883,0.00877477359485,-0.999927437167,0.0,0.649842756392,0.245759251551,0.303548628233,1.0,-0.0612371428571,-0.0804831020408,1.051
0.455727234729,0.479973175708,-0.124488607061,-1.46232148807,0.0731420881633,1.93316602497,0.144548189158,-0.0558900799369,-0.351564513007,-0.0143000866126,-0.564601560839,-0.0317314619607,0.188655193434,-0.0821813187456,0.573731613879,0.819028591731,0.00222442451641,0.0,0.818987672254,-0.573670585799,-0.0119163159759,0.0,-0.00848387991791,0.00865871016013,-0.99992652256,0.0,0.648764131575,0.244355568189,0.303447530312,1.0,-0.0744394285714,-0.097834677551,1.067
0.454667976814,0.473222814012,-0.124652978351,-1.4729060589,0.0725113385318,1.93685922999,0.143018408237,-0.0668904561584,-0.422272497537,-0.0101090519442,-0.666110906258,-0.0386013342914,0.228536675388,-0.0963879691532,0.573806660669,0.818976357788,0.00209486467547,0.0,0.818933603619,-0.573746008726,-0.0120007181484,0.0,-0.00862655028145,0.00860181269567,-0.999925792971,0.0,0.647392438182,0.242557821917,0.303407457004,1.0,-0.0884668571429,-0.116270726531,1.084
0.453422792033,0.465334577175,-0.124784709167,-1.4848840483,0.0718045649739,1.94134029268,0.141111089536,-0.0757532606575,-0.484229366417,-0.00617920960429,-0.739945679019,-0.0439305299759,0.274865049209,-0.128525157251,0.573740525709,0.819021769546,0.00242838827552,0.0,0.818983380372,-0.573678567335,-0.0118267052158,0.0,-0.00829337440008,0.0087744386418,-0.999927111927,0.0,0.645882283339,0.240552194162,0.303544795137,1.0,-0.102494285714,-0.13470677551,1.101
0.451904936026,0.456462419173,-0.124891824274,-1.49877438205,0.070928842463,1.94619072745,0.138983509733,-0.0906197066951,-0.544845065315,-0.0114612576756,-0.83922645571,-0.0535726491682,0.296906020519,-0.130399141321,0.573728795546,0.819030417243,0.00227852852291,0.0,0.818989690381,-0.57366702453,-0.0119490132807,0.0,-0.00847965191445,0.00872175228775,-0.999926010533,0.0,0.644032966424,0.23817551557,0.30346577985,1.0,-0.116521714286,-0.15314282449,1.118
0.450132203517,0.44627803657,-0.125069117682,-1.51411247533,0.0698658076346,1.95165116631,0.136554925299,-0.108664488982,-0.621840406039,-0.0092651503246,-0.926258416466,-0.0638240310559,0.330510492781,-0.143869938105,0.573727865585,0.819030501099,0.00247415063946,0.0,0.818993167845,-0.573666227405,-0.0117472320059,0.0,-0.00820216256996,0.00876619559161,-0.999927936575,0.0,0.642022859538,0.23545745159,0.303631336353,1.0,-0.130549142857,-0.171578873469,1.135
0.448257994279,0.43591812432,-0.125186856437,-1.53008871418,0.0688395114651,1.95710528474,0.134027487477,-0.123244490288,-0.671127472383,-0.00854522679418,-1.01675488836,-0.0633638894136,0.348720517484,-0.167740382179,0.573707768358,0.819044975267,0.00233921257341,0.0,0.819005239377,-0.573645964882,-0.0118941897365,0.0,-0.00840015821391,0.00873978467174,-0.999926524054,0.0,0.63981865956,0.232650721485,0.30358699124,1.0,-0.143751428571,-0.18893044898,1.151
0.44598853597,0.423765084158,-0.125333445945,-1.54829095943,0.0675899140799,1.96349233197,0.131008336413,-0.134687175338,-0.721655992962,-0.00748094443938,-1.09510137564,-0.075056086098,0.374559347984,-0.184169627636,0.573641907654,0.819090355141,0.00258820365044,0.0,0.819054136817,-0.573579468211,-0.0117329242051,0.0,-0.00812594103013,0.00885054633066,-0.999927815851,0.0,0.637333389815,0.229373992116,0.30375601665,1.0,-0.157778857143,-0.207366497959,1.168
0.443433038292,0.410685978675,-0.125509087513,-1.5678136724,0.0662034352126,1.97040045217,0.127759822166,-0.150995932812,-0.777476120896,-0.00773777023373,-1.18467658119,-0.0711913783326,0.412787591124,-0.191951917147,0.573633672873,0.819095018441,0.00291667822049,0.0,0.819063769025,-0.573570926355,-0.0114752608686,0.0,-0.00772655594416,0.00897171422887,-0.999929901882,0.0,0.634648002718,0.225783022912,0.303932425386,1.0,-0.171806285714,-0.225802546939,1.185
0.440707721292,0.397559663926,-0.125665678654,-1.58739073806,0.0649110387191,1.97707103088,0.124433796153,-0.178561454595,-0.859978716783,-0.0144992434225,-1.23898099382,-0.0883207056712,0.437569373771,-0.220811831758,0.573689182897,0.819055396257,0.00311868428285,0.0,0.819026096901,-0.573625025329,-0.0114599220005,0.0,-0.00759750187988,0.00912889286364,-0.999929468153,0.0,0.631861928392,0.222106510503,0.304051480269,1.0,-0.185008571429,-0.243154122449,1.201
0.437518541742,0.382886030442,-0.12582051024,-1.6094401617,0.0632751395823,1.98445195487,0.12056493642,-0.19243835964,-0.893743738994,-0.0123223721587,-1.31128809828,-0.0929407574021,0.424870550488,-0.242722583561,0.57363809713,0.819091396054,0.00306028312487,0.0,0.819061473217,-0.573574281719,-0.0114714141674,0.0,-0.00764098406248,0.00908717515537,-0.999929516821,0.0,0.628640927281,0.217888900574,0.304048918684,1.0,-0.199036,-0.261590171429,1.218
0.433994651732,0.367293631266,-0.125989517392,-1.63267400138,0.0615142107662,1.99216750363,0.11641115545,-0.217432738627,-0.911015770016,-0.00820168656176,-1.37810610169,-0.0979408583074,0.440331821788,-0.237244533679,0.573616054095,0.81910681225,0.00306586231965,0.0,0.819077115799,-0.573552408124,-0.0114481618678,0.0,-0.00761898134628,0.00907820188701,-0.99992976622,0.0,0.624973287579,0.213082405481,0.304078542479,1.0,-0.213888571429,-0.281110693878,1.236
0.430022718942,0.350891586947,-0.126202740174,-1.65702280469,0.0596409137835,2.00015427244,0.111932525012,-0.248211400523,-0.970821090755,-0.0162013618512,-1.46390538065,-0.11252196088,0.477110607941,-0.271609665463,0.573665912262,0.819072086791,0.0030140752792,0.0,0.819041942114,-0.573602679841,-0.0114459441957,0.0,-0.00764631895564,0.00903497604039,-0.999929949054,0.0,0.621494115694,0.208443319336,0.304055701293,1.0,-0.227090857143,-0.298462269388,1.252
0.425679951297,0.333640435695,-0.126419201508,-1.68226490228,0.0577106152611,2.00833694223,0.107120674368,-0.265528179378,-1.0150385655,-0.00774918491848,-1.51829443043,-0.127965842049,0.490820662009,-0.289290081546,0.573724641082,0.819030497913,0.00313474146209,0.0,0.819001701973,-0.573660787231,-0.0114131617498,0.0,-0.00754959464893,0.00911554622375,-0.999929952766,0.0,0.617588186146,0.203250643103,0.30412128515,1.0,-0.241118285714,-0.316898318367,1.269
0.421026062689,0.315621161453,-0.126588564132,-1.70847951758,0.0555713138976,2.01662694575,0.1019826073,-0.288874314639,-1.07609080567,-0.0171233380393,-1.56387675495,-0.14433397082,0.496931636659,-0.310798929406,0.573640944887,0.819089107524,0.00313802266205,0.0,0.819060413833,-0.573577164482,-0.0114027092098,0.0,-0.00754008193937,0.00911146644955,-0.999930061726,0.0,0.613389534238,0.197821008835,0.3041547075,1.0,-0.255145714286,-0.335334367347,1.286
0.416266071086,0.298067157131,-0.126746929451,-1.73387144004,0.0534728238636,2.02452703338,0.0967360947774,-0.31089454849,-1.1048458988,-0.0098052872011,-1.60745222854,-0.136953287054,0.49329338173,-0.322507705311,0.573475381378,0.819205058381,0.00313148167359,0.0,0.819176084393,-0.573411405502,-0.0114302100052,0.0,-0.00756820425828,0.00912035453279,-0.999929768243,0.0,0.609225337917,0.192452983005,0.304158494604,1.0,-0.268348,-0.352685942857,1.302
0.410692081097,0.278631166292,-0.126978305653,-1.76162734009,0.0511905878325,2.03297517415,0.0908958480267,-0.33911865498,-1.15713941437,-0.0127801477868,-1.67095632406,-0.137526562956,0.491387691112,-0.350991601973,0.573497690356,0.819189139269,0.00320938648377,0.0,0.819160561603,-0.573432737453,-0.0114724379432,0.0,-0.00755787479958,0.00920859679165,-0.999929037619,0.0,0.604582865888,0.186384184206,0.30421027283,1.0,-0.282375428571,-0.371121991837,1.319
0.404188239875,0.257363206063,-0.127284902713,-1.79167313774,0.0485512315387,2.04196477091,0.0842605179919,-0.378987902769,-1.179971501,-0.024173351531,-1.69989598731,-0.149857330394,0.488148889002,-0.375666221758,0.573556345808,0.819147743733,0.00329226695623,0.0,0.819120461362,-0.573491415559,-0.0114023225321,0.0,-0.00745224341712,0.00923681551066,-0.999929570173,0.0,0.599467001321,0.17955257211,0.304281568895,1.0,-0.297228,-0.390642514286,1.337
0.397928986361,0.237820076818,-0.127563466787,-1.81901585114,0.0460828457311,2.04994179751,0.077998244402,-0.401200234155,-1.21670005407,-0.0167831532133,-1.68727739458,-0.156229236538,0.48810021472,-0.409878481108,0.57360980873,0.819110036413,0.00335894000943,0.0,0.81908371494,-0.573544806456,-0.0113564874908,0.0,-0.00737585229256,0.00926562407063,-0.999929870048,0.0,0.594683191106,0.173198216974,0.30433785172,1.0,-0.310430285714,-0.407994089796,1.353
0.391315198155,0.217731479307,-0.127761228605,-1.8468632583,0.0435576148601,2.05792724968,0.0713104359145,-0.426915822685,-1.26185226444,-0.0140846029379,-1.72847204211,-0.153995942257,0.491367098448,-0.43921952223,0.573464017024,0.819211492281,0.0035069922097,0.0,0.819186667396,-0.573398097674,-0.0113389790511,0.0,-0.00727825941688,0.00937555824503,-0.999929560443,0.0,0.589662445452,0.166717486029,0.304386284962,1.0,-0.323632571429,-0.425345665306,1.369
0.383668443555,0.195752616654,-0.128034734512,-1.87705558502,0.0406583654746,2.06623371697,0.0638054472642,-0.466466605289,-1.29649119605,-0.0122675613353,-1.76355750614,-0.162477769439,0.503065026452,-0.447346178651,0.573390820654,0.819262764068,0.00349815713889,0.0,0.819237725227,-0.573324806828,-0.0113561587626,0.0,-0.0072982382648,0.00937752003561,-0.999929396426,0.0,0.58407209939,0.159448576376,0.304401734706,1.0,-0.33766,-0.443781714286,1.386
0.375278024652,0.173058687807,-0.128502748393,-1.90777478943,0.0377044723952,2.07444747744,0.0557374543951,-0.503266371121,-1.33869377099,-0.0272723233913,-1.82885351134,-0.169211667346,0.502424771221,-0.490991855831,0.573525853983,0.819167789867,0.00360191031003,0.0,0.819143755374,-0.573459102926,-0.0113539510189,0.0,-0.00723538201073,0.00946244897355,-0.999929053137,0.0,0.578279693429,0.151708936495,0.304456572703,1.0,-0.351687428571,-0.462217763265,1.403
