position_joint1,position_joint2,position_joint3,position_joint4,position_joint5,position_joint6,position_joint7,velocity_joint1,velocity_joint2,velocity_joint3,velocity_joint4,velocity_joint5,velocity_joint6,velocity_joint7,ee_T_00,ee_T_10,ee_T_20,ee_T_30,ee_T_01,ee_T_11,ee_T_21,ee_T_31,ee_T_02,ee_T_12,ee_T_22,ee_T_32,ee_T_03,ee_T_13,ee_T_23,ee_T_33,v_x,v_y,time
0.465070171565,0.547690502848,-0.123960457777,-1.35575156857,0.0794917318192,1.89409233073,0.159184660435,-0.00096830410601,0.000990875461809,0.000431370345487,0.000342833474664,-8.58612914753e-05,5.9188767135e-05,0.00122254586236,0.573803021025,0.818978929261,0.00208647817677,0.0,0.818937572085,-0.573743908361,-0.0118290974615,0.0,-0.00849084090426,0.0084964308143,-0.99992785554,0.0,0.661691462462,0.260913382985,0.303315721746,1.0,0.0,0.0,0.0
0.46507258847,0.547687012603,-0.123957982544,-1.35575502959,0.079496343067,1.89409150239,0.159175284924,0.000771209037281,-0.00133672167355,0.000368453606635,-0.000559426253132,0.000264459153962,-0.000250421597896,-0.000136717868573,0.57379303269,0.818985920132,0.00208929731233,0.0,0.818944539988,-0.573733850345,-0.0118345381794,0.0,-0.00849378308034,0.00850175786398,-0.999927785274,0.0,0.661689138032,0.260916740682,0.3033164016,1.0,-0.00034,-0.000446857142857,0.018
0.465069408097,0.547676154807,-0.12396381839,-1.35575848703,0.0794920836001,1.89409315473,0.159173643902,0.000777514186021,0.00165631583836,-0.00192733382847,0.000536529261666,0.000328939715001,0.000552887058445,-0.00160498727764,0.573797422842,0.818982833395,0.00209357218796,0.0,0.81894157586,-0.573738290064,-0.0118244130639,0.0,-0.00848299211094,0.00849949469107,-0.999927896118,0.0,0.661691372198,0.260910414579,0.303322776688,1.0,-0.00068,-0.000893714285714,0.035
0.46506905378,0.547615273526,-0.123958390778,-1.35580338771,0.0794913714078,1.89409946894,0.159180404394,-0.000457926584774,-0.0062538215102,0.00115526178489,-0.00436544108396,-1.32647952653e-05,0.00192528574579,0.000873300465268,0.573801652956,0.818979811577,0.0021161747085,0.0,0.818938791751,-0.573742373715,-0.0118190892166,0.0,-0.00846561934856,0.00851499442785,-0.999927911481,0.0,0.661682835225,0.260909108037,0.303344901867,1.0,-0.00102,-0.00134057142857,0.052
0.465068373627,0.547497668625,-0.123958390778,-1.35594055046,0.0794912000583,1.8941344543,0.159170368025,-0.000667416801933,-0.00659005422821,0.000194312718212,-0.0109322032441,-0.00238995136362,0.00242856696533,-0.00161922218618,0.573801464889,0.818979894149,0.00213512835429,0.0,0.818939028483,-0.573742017873,-0.0118199600639,0.0,-0.0084554595854,0.00853101458823,-0.999927860895,0.0,0.661661663955,0.260896271521,0.303365965176,1.0,-0.00134,-0.00176114285714,0.068
0.465056627333,0.547353090542,-0.123958390848,-1.35613639377,0.0794890541391,1.89418359543,0.159169984078,-0.000820711015865,-0.0102631005186,2.52801132227e-05,-0.0143348371541,0.000219005111512,0.00647701892402,9.37087668326e-05,0.573820975362,0.818966212059,0.00213977633403,0.0,0.818925291337,-0.573761391023,-0.0118313262573,0.0,-0.00846189832047,0.00854154458175,-0.999927716534,0.0,0.661633567218,0.260870139783,0.303379426957,1.0,-0.00168,-0.002208,0.085
0.465040299849,0.547191374479,-0.123961175809,-1.3563458538,0.0794831122864,1.89429382809,0.159164316483,-0.000964160992388,-0.0100575580673,-0.000473380814714,-0.0116029158842,-0.00253117769092,0.002598602117,0.000944118670051,0.573841978206,0.818951349351,0.00219507301999,0.0,0.818911148689,-0.573782175404,-0.0118022304325,0.0,-0.00840612060932,0.00857035003266,-0.999927940522,0.0,0.66161703241,0.260841519595,0.303403935981,1.0,-0.00202,-0.00265485714286,0.102
0.465025097753,0.546993539906,-0.123955911838,-1.35655705335,0.0794848566866,1.89441533642,0.159144408597,-0.00272387367334,-0.0111999736698,0.000502820813934,-0.00897104231617,8.71357264139e-05,0.00508897105286,-0.00110839579405,0.573846902297,0.818947621532,0.0022962604538,0.0,0.818908645074,-0.573786617152,-0.0117599277764,0.0,-0.00831336142196,0.00862899179752,-0.999928211684,0.0,0.661600721369,0.260820587247,0.303453923093,1.0,-0.00236,-0.00310171428571,0.119
0.464991007143,0.546776515897,-0.123958400822,-1.35685611712,0.0794761575886,1.89455135258,0.159132250549,-0.00314616461993,-0.0132400834597,0.00329741133901,-0.0184002805031,5.92477863229e-05,0.000975012515913,0.00122414911011,0.573881156916,0.818923476886,0.00234598454366,0.0,0.818885114499,-0.573820647447,-0.0117380031273,0.0,-0.00826651111892,0.0086574773195,-0.999928353874,0.0,0.661574936899,0.260771777315,0.303477166215,1.0,-0.0027,-0.00354857142857,0.136
0.464955524083,0.546515426174,-0.123958705834,-1.35724355122,0.0794681149051,1.8946812789,0.159067259748,0.000816708055442,-0.0214981341131,-0.000321577138671,-0.0261656605496,-0.000624818738265,0.0163085259876,-0.00990190893704,0.573876640435,0.818926606447,0.00235832937844,0.0,0.818888251917,-0.573815925564,-0.0117499507528,0.0,-0.00826925954968,0.00867439749445,-0.999928184509,0.0,0.661528629418,0.260713084657,0.303488938982,1.0,-0.00304,-0.00399542857143,0.153
0.464919677991,0.546251907443,-0.123958012439,-1.35764561173,0.079454490449,1.89482859558,0.158938048983,-0.00172866887789,-0.0212230009416,0.00092489304139,-0.0283560613109,-0.00361387158695,0.00890139510437,-0.0075510137047,0.573818557253,0.818967264401,0.00237278188307,0.0,0.818928990791,-0.573757683361,-0.0117548171944,0.0,-0.0082655677827,0.00868843939553,-0.99992809312,0.0,0.661482650822,0.26065330446,0.303496922545,1.0,-0.00336,-0.004416,0.169
0.464865076505,0.54596813218,-0.123964354793,-1.35813807104,0.0794423724491,1.89500086486,0.158925288914,-0.00397307433903,-0.0127613580589,-0.00139013513614,-0.0334605196407,-0.00242643875444,0.00426848815433,-0.00370626465006,0.57388158444,0.818923169819,0.00234858984611,0.0,0.818884443539,-0.57382064879,-0.011784653263,0.0,-0.00830321611879,0.00868638641576,-0.99992779904,0.0,0.66142781892,0.26056851527,0.303478606803,1.0,-0.0037,-0.00486285714286,0.186
0.464810733725,0.545633940349,-0.123961605933,-1.35869091142,0.0794020000261,1.89518572962,0.1588564308,-0.00312741890949,-0.0187913994912,-0.0016634986251,-0.0286430885259,-0.00440849315123,0.00636698888082,-0.00363130664731,0.573887869066,0.818918856849,0.00231657876239,0.0,0.818879729353,-0.573827070154,-0.0117995471677,0.0,-0.00833371652381,0.00866878327095,-0.999927698069,0.0,0.661362344372,0.260478937439,0.303467968055,1.0,-0.00404,-0.00530971428571,0.203
0.46474717193,0.545278308917,-0.123959501169,-1.35932066432,0.0792920556093,1.89539880349,0.158746334603,-0.00434588754348,-0.0201761191458,0.00106986501,-0.0365875073581,-0.00494839086085,0.0129089433044,-0.00317963520601,0.573854215013,0.818942694336,0.00222490617681,0.0,0.81890295965,-0.573794375334,-0.0117772837832,0.0,-0.00836844298195,0.00858059139651,-0.999928168727,0.0,0.661291776714,0.260364693085,0.303438216761,1.0,-0.00438,-0.00575657142857,0.22
0.464683275593,0.544890454732,-0.123961945372,-1.35997757154,0.0792842977903,1.89560981902,0.158710287856,-0.00424078547672,-0.0317998124783,0.00179122572782,-0.0372117811436,0.000107362417755,0.00967287833051,-0.00167158501959,0.573913183422,0.818901459249,0.00219199337698,0.0,0.818860979356,-0.573853140144,-0.0118328752591,0.0,-0.00843223888099,0.00858614626235,-0.999927585098,0.0,0.661210740846,0.260261207315,0.303418482542,1.0,-0.0047,-0.00617714285714,0.236
0.464622523013,0.544477967168,-0.123970382529,-1.36070039144,0.0792645801202,1.89585340313,0.158591175053,-0.00409194385056,-0.0223473112627,-0.00184738864655,-0.0396114194028,0.000452704868461,0.0198231952568,-0.00637660063929,0.573906313514,0.818906396203,0.00214580243176,0.0,0.818865096925,-0.573846233379,-0.0118827764386,0.0,-0.00849968463244,0.00857688826813,-0.999927093517,0.0,0.661122839882,0.260149105618,0.303387783773,1.0,-0.00504,-0.006624,0.253
0.464561410903,0.543993111418,-0.123973958572,-1.36147681955,0.0792304492949,1.89613696844,0.158487997884,-0.00134078048322,-0.0285194672965,-0.000844908028885,-0.0415130878277,-0.000594801952168,0.0123737841316,-0.00494239045602,0.573908571073,0.81890481716,0.00214461684874,0.0,0.818863392735,-0.573848384756,-0.011896312583,0.0,-0.00851142663745,0.00858370924745,-0.999926935107,0.0,0.661032185291,0.260034559615,0.303386023431,1.0,-0.00538,-0.00707085714286,0.27
0.464478691864,0.543458718926,-0.123973333477,-1.36236797068,0.0791837138448,1.89644125236,0.158394701792,-0.0069641009614,-0.0275543258823,0.000275365322411,-0.0456386151555,-0.000336762806165,0.020877873651,-0.00515229401419,0.573936557543,0.818885309867,0.00210335469733,0.0,0.818843235757,-0.573876422862,-0.0119311960593,0.0,-0.00856338038397,0.00857023236347,-0.999926607124,0.0,0.66092580037,0.25989456485,0.303366293829,1.0,-0.00574,-0.007544,0.288
0.464416018586,0.542977565016,-0.123977213426,-1.36313129835,0.0791409413544,1.89670523434,0.158287583326,-0.00967521449972,-0.0326070012419,0.00101307038498,-0.0543433090936,-0.000156528345779,0.0241697173455,-0.0140682545627,0.573933851392,0.818887243131,0.00208905818876,0.0,0.818844937889,-0.573873731031,-0.0119438447171,0.0,-0.00858197168522,0.00856575643911,-0.999926486087,0.0,0.660834890262,0.25977759994,0.303366333487,1.0,-0.00604,-0.00793828571429,0.303
0.46434007037,0.542321362113,-0.123979695875,-1.3641443247,0.0790800336877,1.8970707975,0.158151221314,-0.0029738702092,-0.0395236376829,-0.00105553770399,-0.0544980724724,-0.00364536612402,0.0273801733501,-0.00105172280896,0.573926125134,0.818892639779,0.00209626016219,0.0,0.818850416803,-0.573865964485,-0.0119413822056,0.0,-0.00857590274991,0.00857015972769,-0.999926500426,0.0,0.660715335481,0.259629299236,0.303380016526,1.0,-0.00642,-0.00843771428571,0.322
0.464259049695,0.541708287699,-0.123983540491,-1.36508607164,0.0790228222061,1.89742417855,0.158034972563,-0.00686214243019,-0.0365547307247,0.000499807310707,-0.0500466515516,-0.00445427766277,0.0184971552563,-0.0137817636339,0.573937028434,0.818884947826,0.00211577802338,0.0,0.8188430025,-0.573876809664,-0.0119285996023,0.0,-0.00855411941423,0.00857892020918,-0.999926611892,0.0,0.66060990539,0.259484531313,0.303396027697,1.0,-0.00676,-0.00888457142857,0.339
0.464186343853,0.541140608193,-0.123983204297,-1.36597094327,0.0789783010371,1.89775788378,0.157915243339,0.00133076779449,-0.0413325743515,0.000197421957138,-0.0599197401685,-0.00498392615171,0.0251302943781,-0.00637122289853,0.573935545948,0.818885938793,0.00213430193002,0.0,0.818844153566,-0.573875170052,-0.0119284646377,0.0,-0.00854339356694,0.00859399598253,-0.999926574134,0.0,0.66050850438,0.259354557359,0.303405112536,1.0,-0.00706,-0.00927885714286,0.354
0.464095947164,0.540398188265,-0.123981339553,-1.36709740022,0.0789108732692,1.89816462026,0.157773998182,-0.00688851793957,-0.0421956147771,0.000248789440577,-0.0700081965506,-0.0077167841373,0.0305703602844,-0.00904623608409,0.573936910401,0.818884928473,0.00215492483384,0.0,0.818843376166,-0.573876414297,-0.0119219680931,0.0,-0.00852622360865,0.00860716917424,-0.999926607382,0.0,0.660375845616,0.259188664295,0.303428893062,1.0,-0.00742,-0.009752,0.372
0.464006574165,0.53975807299,-0.123983927399,-1.36807295183,0.0788545565449,1.8985389782,0.157646572234,-0.0090984897081,-0.0425782107492,-0.000401539699243,-0.0685592270305,-0.00291474819842,0.0245037307458,-0.00645568057354,0.573946582789,0.818878060558,0.00218836506561,0.0,0.818836946432,-0.573885952852,-0.011904418472,0.0,-0.00849255864761,0.00862458051999,-0.999926743846,0.0,0.660268837745,0.25903704307,0.30344943987,1.0,-0.00772,-0.0101462857143,0.387
0.463899057828,0.538968941642,-0.123986084586,-1.36930329289,0.0787796549331,1.89900852418,0.157498728845,-0.00754730317382,-0.0415612375534,0.00064772064477,-0.072100106322,-0.0016920895433,0.0240637324691,-0.00746142734851,0.573963161332,0.818866381177,0.00221045519342,0.0,0.818825580935,-0.573902467408,-0.0118900298703,0.0,-0.00846792307614,0.00863458263305,-0.999926866457,0.0,0.660131261677,0.258848867236,0.303462125237,1.0,-0.00808,-0.0106194285714,0.405
0.463787173326,0.538245241402,-0.123990306857,-1.37043033352,0.0787217502454,1.899444122,0.157359876772,-0.00866950406773,-0.0438903175874,-0.00290661262983,-0.0715653954542,-0.00867916687574,0.0345742063213,-0.00633902717105,0.573990913506,0.818846844558,0.00224126568155,0.0,0.818806393611,-0.573930040399,-0.0118804634217,0.0,-0.00844211281843,0.00865460735014,-0.99992691158,0.0,0.660009502145,0.258668469006,0.3034747753,1.0,-0.0084,-0.01104,0.421
0.46368238804,0.537450693741,-0.124007039655,-1.3716788284,0.0786409325531,1.89992061772,0.157204461811,-0.00394446423457,-0.0507133657756,-0.0032269000442,-0.0742416918628,-0.0084423579385,0.0251930031234,-0.00586625329203,0.574008519244,0.818834473328,0.00225211582446,0.0,0.818794301543,-0.573947742637,-0.0118586416955,0.0,-0.0084178299028,0.00865114752475,-0.999927146239,0.0,0.659871692256,0.258471096062,0.303483449754,1.0,-0.00874,-0.0114868571429,0.438
0.463552435958,0.536565946145,-0.124005569198,-1.37305379924,0.0785686127134,1.9004288764,0.157033050288,-0.00902582869982,-0.0498827742651,0.000636825126269,-0.076040259964,-0.00321828463536,0.0314466295928,-0.00392965945806,0.574029869731,0.818819447434,0.00227333694972,0.0,0.81877943704,-0.57396888885,-0.0118614928623,0.0,-0.00840775822361,0.00867037968211,-0.999927064399,0.0,0.659714845314,0.258257395048,0.303497635837,1.0,-0.0091,-0.01196,0.456
0.463450660003,0.535757207881,-0.124014090041,-1.37433344917,0.0784912582379,1.9008972015,0.156874372545,-0.0043450252224,-0.0475836899014,0.000734126336326,-0.077504595919,-0.000539759574619,0.0367253819697,-0.0112150614412,0.57403886781,0.818813152887,0.00226843654577,0.0,0.818773098135,-0.573977925072,-0.0118617958706,0.0,-0.00841072390653,0.00866663354982,-0.999927071934,0.0,0.659565116533,0.25806329746,0.303500227068,1.0,-0.00942,-0.0123805714286,0.472
0.463310961939,0.534710640178,-0.124015562884,-1.3760089802,0.078402212761,1.9015062376,0.156670749932,-0.00649591077368,-0.048197689411,0.00056612818266,-0.0845046195663,-0.000949571107999,0.0378851662776,-0.00327145442293,0.574055633546,0.818801430784,0.00225686541245,0.0,0.818761087062,-0.573994592007,-0.0118843410293,0.0,-0.00843564930947,0.00867027342693,-0.999926830413,0.0,0.659366244576,0.257812080529,0.303494023192,1.0,-0.00982,-0.0129062857143,0.492
0.463214459628,0.534016356866,-0.124018656944,-1.37712446128,0.0783399570853,1.90190931829,0.156524348863,-0.00541705484886,-0.0479963951277,0.000533202815894,-0.0838710902079,-0.0035902504234,0.0310527347344,-0.00778579791969,0.57406135115,0.81879746012,0.00224306002108,0.0,0.818756875659,-0.574000301222,-0.0118987251142,0.0,-0.00845529156498,0.0086672859029,-0.999926690413,0.0,0.659234582409,0.257640641388,0.303487875636,1.0,-0.01008,-0.013248,0.505
0.463087655201,0.533050031348,-0.124021860808,-1.3786923447,0.0782491054285,1.90250837033,0.156328387953,-0.00688836851437,-0.0503299634548,8.47991319004e-05,-0.0885060886921,-0.00856493522685,0.0331588339203,-0.0142651241151,0.574068572225,0.818792406048,0.00223988461603,0.0,0.818751763472,-0.574007516895,-0.0119024057015,0.0,-0.00846005167774,0.00866687339064,-0.999926653726,0.0,0.659053041856,0.257407710341,0.303475114881,1.0,-0.01044,-0.0137211428571,0.523
0.462962351015,0.53213585864,-0.124019125027,-1.38015991232,0.078159946526,1.9030652256,0.156144440168,-0.00715519316504,-0.0565165681574,0.000548910312079,-0.0889067615507,-0.00657089196957,0.0358102719983,-0.00866546158531,0.574074952173,0.818787928687,0.00224143377367,0.0,0.818747295065,-0.574013878349,-0.0119029906911,0.0,-0.00845957387268,0.00866854354731,-0.999926643291,0.0,0.658882831728,0.257187880462,0.303469267432,1.0,-0.01076,-0.0141417142857,0.539
0.462834772299,0.531214776803,-0.124021507419,-1.38165494419,0.0780798762182,1.90360247787,0.155965731672,-0.00697758417292,-0.0567978044447,-0.000456520144135,-0.0970396773556,-0.00585345753617,0.0432547015656,-0.00700610287784,0.574094728889,0.818774135913,0.0022143899118,0.0,0.818733022418,-0.574033630962,-0.011932117491,0.0,-0.00849873853394,0.00866332669725,-0.999926356395,0.0,0.658703350659,0.256960574799,0.303453517771,1.0,-0.01108,-0.0145622857143,0.555
0.462700075311,0.530182471628,-0.124016689537,-1.38331031171,0.077971366781,1.9041781562,0.155739037625,-0.00946474758161,-0.0608131677973,0.000851687747735,-0.102541922673,-0.00754142385634,0.0398559434891,-0.0134815625877,0.574076646291,0.818786930447,0.0021710858544,0.0,0.818745221162,-0.574015695201,-0.0119579006856,0.0,-0.0085448999567,0.00864248408489,-0.999926143349,0.0,0.658498366125,0.256713255178,0.303442670709,1.0,-0.01142,-0.0150091428571,0.572
0.462554364968,0.529130904386,-0.124025093367,-1.38495075634,0.0778788226109,1.90478590007,0.155514016869,-0.0112436035013,-0.0614515328816,0.00031827913693,-0.0984730968435,-0.00309878230565,0.0432112937863,-0.0152263047929,0.574081830479,0.818783249152,0.00218854361989,0.0,0.818741728073,-0.57402076738,-0.0119535864999,0.0,-0.0085312911591,0.00865435542714,-0.999926156875,0.0,0.658308277061,0.25645777814,0.30345548018,1.0,-0.01176,-0.015456,0.589
0.462417276433,0.528050606305,-0.12402588586,-1.38665180367,0.0777651694745,1.90544071536,0.155287734848,-0.00743527839358,-0.065161759008,-0.000291166471388,-0.100160430056,-0.00767577741581,0.0419141032586,-0.0191411970001,0.574071071197,0.818790735926,0.00220972342121,0.0,0.818749602258,-0.574010036545,-0.0119295284495,0.0,-0.00849954759932,0.0086577740371,-0.999926397611,0.0,0.658110895741,0.256205398606,0.30346323423,1.0,-0.0121,-0.0159028571429,0.606
0.462266782366,0.526891697762,-0.124028367958,-1.38841520068,0.0776590626101,1.90611718931,0.15503808546,-0.00912336679832,-0.0741949387201,-0.0024120507619,-0.103836630622,-0.0114317037098,0.0339130635275,-0.0215472937033,0.57405849671,0.818799386128,0.00227035961052,0.0,0.818759064546,-0.573997243256,-0.0118956235193,0.0,-0.00843711151808,0.00868782853341,-0.999926665703,0.0,0.657908193857,0.255939556024,0.3034982949,1.0,-0.01244,-0.0163497142857,0.623
0.462128603421,0.525806271817,-0.124028694118,-1.39011398544,0.0775469908325,1.9067427308,0.154803308393,-0.0102749837724,-0.0699063573117,1.74401015128e-05,-0.105410193423,-0.00960294273972,0.0374726060427,-0.015850017686,0.574041007624,0.818811633422,0.00227539869225,0.0,0.818771430059,-0.573979790583,-0.0118866405467,0.0,-0.00842704894388,0.00868661780221,-0.999926761077,0.0,0.65770469161,0.255685413414,0.303507628175,1.0,-0.01276,-0.0167702857143,0.639
0.461974599881,0.524643386493,-0.124036881678,-1.39195606783,0.077433053623,1.90740228665,0.154555983544,-0.0100449137292,-0.0694655713094,-0.00071901342329,-0.1095445512,-0.00479387196336,0.0390458273034,-0.0165881979361,0.574038688661,0.818813313937,0.00225560198756,0.0,0.818772849946,-0.573977547609,-0.0118971396968,0.0,-0.00844703411586,0.00867641118586,-0.999926681064,0.0,0.657481770041,0.255402340866,0.303506182924,1.0,-0.0131,-0.0172171428571,0.656
0.461815118979,0.523439195102,-0.124035768768,-1.39385786067,0.0773154536773,1.90808727849,0.154293764531,-0.00948436281125,-0.0709592383142,0.00154064652814,-0.112233103906,-0.00656431333631,0.0378889922751,-0.0172212641042,0.574024058402,0.818823602203,0.00224404800489,0.0,0.818782943384,-0.573962919826,-0.011908198425,0.0,-0.00846287652163,0.00867314760371,-0.99992657542,0.0,0.657249853478,0.255115710262,0.30350695215,1.0,-0.01344,-0.017664,0.673
0.461656857256,0.522217147937,-0.124046844411,-1.3958195745,0.0771956570782,1.90885237663,0.154036693877,-0.00902999832368,-0.0793888987235,-0.0020057256941,-0.117174746761,-0.0059588602499,0.0513189345923,-0.0317027546518,0.574024081635,0.818823543336,0.00225953133114,0.0,0.818783167648,-0.573962964952,-0.0118905904429,0.0,-0.00843957058447,0.00867571851425,-0.999926750096,0.0,0.657022247286,0.254820976964,0.303498791489,1.0,-0.01378,-0.0181108571429,0.69
0.461473513111,0.520831774691,-0.124055313299,-1.39805686626,0.0770636561152,1.90970607396,0.153723584235,-0.0129742077149,-0.0730349050982,-0.000998116480617,-0.119354923954,-0.00289201357508,0.0488750203279,-0.0123142457145,0.574006612786,0.818835820156,0.00224833471781,0.0,0.818795272867,-0.57394551639,-0.0118992540564,0.0,-0.00845327657567,0.00867134330461,-0.999926672272,0.0,0.656740937922,0.254467918574,0.303474586116,1.0,-0.01418,-0.0186365714286,0.71
0.461335440971,0.519762521914,-0.124058930659,-1.39974846742,0.0769471361252,1.91031446412,0.153504578585,-0.00742499069299,-0.0787170699464,-0.00415239166297,-0.121650195998,-0.00900080642561,0.0386718128282,-0.0159211267957,0.574002787571,0.818838529632,0.0022381132697,0.0,0.818797958324,-0.573941844228,-0.0118915848529,0.0,-0.00845290374293,0.00865853213351,-0.99992678644,0.0,0.656549849182,0.25422777528,0.303479994758,1.0,-0.01444,-0.0189782857143,0.723
0.461141489528,0.518258106542,-0.12406274063,-1.40206775029,0.0768078563835,1.91114250895,0.15318699194,-0.00866806473247,-0.0774180167593,-0.000476699196715,-0.125335611033,-0.00937852296148,0.0532361838386,-0.0150442948027,0.57398965267,0.81884770193,0.0022509050285,0.0,0.818807222381,-0.573928583328,-0.0118937259442,0.0,-0.00844745406223,0.00867009984417,-0.99992673226,0.0,0.656264098421,0.253876426623,0.303503954306,1.0,-0.01482,-0.0194777142857,0.742
0.460976633618,0.517053569541,-0.124065837548,-1.40396843635,0.0766832639458,1.91182588677,0.152935361663,-0.0104817941235,-0.0803380619458,-0.000766852842763,-0.127574278587,-0.00827124169021,0.0459903696524,-0.0152743172065,0.573987673443,0.81884913419,0.00223451853561,0.0,0.818808472941,-0.573926702182,-0.0118984059576,0.0,-0.00846071245741,0.00865934778244,-0.999926713335,0.0,0.656031492797,0.253582956081,0.303503743988,1.0,-0.01512,-0.019872,0.757
0.460804825277,0.515691456536,-0.124069047389,-1.40612454992,0.0765475566719,1.91264084831,0.1526243519,-0.0111665914012,-0.0815714924868,0.000407772647398,-0.127699935013,-0.0117570709361,0.0461734793431,-0.0254285809255,0.573953357174,0.818873151529,0.00224775328449,0.0,0.818832700735,-0.573892376559,-0.0118867672701,0.0,-0.00844394867374,0.00866315066562,-0.999926822098,0.0,0.655770476742,0.253263750926,0.303503554874,1.0,-0.01546,-0.0203188571429,0.774
0.460615167813,0.514289490418,-0.124067042449,-1.40834026809,0.0764144678149,1.91345038436,0.152328803102,-0.0137568844535,-0.0873075212632,0.00019920971539,-0.132651298103,-0.00993098388088,0.0427567174078,-0.0114862902918,0.573945973537,0.81887833348,0.00224528810176,0.0,0.8188377691,-0.573884920096,-0.0118976166793,0.0,-0.00845432630783,0.00866728276004,-0.999926698602,0.0,0.655497645718,0.252929466616,0.303501876021,1.0,-0.0158,-0.0207657142857,0.791
0.46042255819,0.512887461287,-0.124078022459,-1.41061614149,0.0762785412463,1.91424291842,0.152011145138,-0.0111755257107,-0.0862095230327,0.000386520398666,-0.13567626277,-0.0142153363567,0.0432716988401,-0.0204036446016,0.573934008415,0.818886907804,0.00217557184635,0.0,0.818845335995,-0.57387313689,-0.0119450984085,0.0,-0.00853334675253,0.0086373213652,-0.99992628662,0.0,0.655210076052,0.252577030375,0.303470150036,1.0,-0.01614,-0.0212125714286,0.808
0.460208451456,0.511307059031,-0.12408181027,-1.41316878105,0.0761260699655,1.91519744999,0.151647012156,-0.0152044538572,-0.0861741427235,1.35644692754e-05,-0.133906134365,-0.00591727927192,0.0504270787884,-0.0178692696908,0.573906500553,0.818906229476,0.00215936335598,0.0,0.818864391661,-0.573845643598,-0.0119596109651,0.0,-0.00855482337349,0.00863209043231,-0.999926148279,0.0,0.654897384885,0.252192530858,0.303444975044,1.0,-0.01652,-0.021712,0.827
0.46003909993,0.510100106246,-0.124079797315,-1.41508730863,0.0760085694924,1.91591770458,0.15137487158,-0.0116990549611,-0.0878223185822,0.00186612850833,-0.13497797263,-0.00367683302043,0.0519293005581,-0.0275956357666,0.573889375829,0.818918213458,0.00216584374898,0.0,0.818876429765,-0.573828463754,-0.011959676544,0.0,-0.00855133879748,0.00863725599748,-0.999926133479,0.0,0.654663886498,0.251900898363,0.303439144448,1.0,-0.0168,-0.02208,0.841
0.459830284705,0.508510397738,-0.124087938901,-1.41760759489,0.0758470262862,1.91681234579,0.15103603116,-0.01282990677,-0.0884757517141,0.000507842950028,-0.132295297183,-0.0125556404226,0.0477862614618,-0.0107764292929,0.573875881439,0.818927764353,0.00212987686858,0.0,0.81888550872,-0.573815116561,-0.0119784187163,0.0,-0.00858746945159,0.0086184168333,-0.999925986391,0.0,0.654345368498,0.251515991598,0.303429760652,1.0,-0.01716,-0.0225531428571,0.859
0.459613379746,0.506981414089,-0.124094666941,-1.42000450302,0.0756925756303,1.91768313466,0.150698468875,-0.0109036626492,-0.0932767334342,-0.000116019829458,-0.142475913019,-0.00978392268954,0.0578294277974,-0.0178368838983,0.573864224568,0.818935940964,0.00212679567072,0.0,0.818893676839,-0.573803505738,-0.0119762154871,0.0,-0.00858755582436,0.00861450699643,-0.999926019341,0.0,0.65405028237,0.251140046212,0.303433931211,1.0,-0.0175,-0.023,0.876
0.459414022316,0.505573336868,-0.124100815919,-1.4221726092,0.0755510698297,1.91850943915,0.150403381622,-0.0143033989134,-0.0950446736584,-0.00194501574487,-0.146767035531,-0.00931573239038,0.0579434865683,-0.0267204627329,0.57385918566,0.818939333302,0.00217951968125,0.0,0.818897866569,-0.573798361759,-0.0119361246734,0.0,-0.00852452128315,0.0086346250454,-0.999926385184,0.0,0.653774005173,0.250780906514,0.303459861388,1.0,-0.01782,-0.0234205714286,0.892
0.459166971334,0.503735852928,-0.12410916955,-1.42492895277,0.0753804459141,1.9195661259,0.1500072894,-0.0140881928239,-0.0936936753959,0.00159974815144,-0.146779459627,-0.0031156390369,0.055414028315,-0.0215212370388,0.573843906337,0.818949736993,0.00229048897696,0.0,0.818909788888,-0.573782715281,-0.0118701393978,0.0,-0.00840696641357,0.00868747826628,-0.999926922648,0.0,0.65346251255,0.250375464061,0.303521665799,1.0,-0.01818,-0.0238937142857,0.91
0.458958899032,0.502245913936,-0.124112781161,-1.42711855042,0.0752438292046,1.9203899839,0.149706019428,-0.0110794854465,-0.100451925904,-0.00584334694193,-0.151082920596,-0.00888983150532,0.0480729369772,-0.0278590394722,0.573845494949,0.818948323576,0.00239544155533,0.0,0.818909780072,-0.573783938271,-0.011811485367,0.0,-0.00829869002619,0.00873978645172,-0.999927371301,0.0,0.653200002566,0.250031087106,0.303591265536,1.0,-0.01848,-0.024288,0.925
0.458712861263,0.500433624862,-0.124111003581,-1.42986824273,0.0750666532344,1.92134425204,0.149332642512,-0.0132980713867,-0.102113881926,-0.0010989388973,-0.156718269416,-0.00484314179074,0.0541784468339,-0.0205213297326,0.573832002826,0.818957736502,0.00240941025951,0.0,0.818919307145,-0.573770323522,-0.0118123296023,0.0,-0.00829151024709,0.00875157382899,-0.999927327766,0.0,0.652846583182,0.249605420494,0.303629847096,1.0,-0.01884,-0.0247611428571,0.943
0.458474584303,0.498843727531,-0.124113880798,-1.4323409944,0.0749138441927,1.92224647395,0.148976410825,-0.0170238001875,-0.0972014673336,-0.00061458133717,-0.158925512834,-0.0144477828825,0.056024667799,-0.0195287082199,0.573822031541,0.818964676082,0.00242535555247,0.0,0.818926411192,-0.573760247621,-0.0118092422546,0.0,-0.00827993906998,0.00876275981025,-0.999927325684,0.0,0.652540311541,0.249212440929,0.303640154284,1.0,-0.01916,-0.0251817142857,0.959
0.458214796154,0.497169100082,-0.124116389846,-1.43499716527,0.074748236984,1.9232235929,0.148581479838,-0.0164528713714,-0.0992753582765,-0.00188757449721,-0.157318880288,-0.0111739218393,0.05588205663,-0.0177891587647,0.573803199714,0.818977888426,0.00241933240073,0.0,0.818939509657,-0.573741403455,-0.011816445553,0.0,-0.00828949605914,0.00876176984872,-0.999927255176,0.0,0.652211749628,0.24878813868,0.303628177377,1.0,-0.0195,-0.0256285714286,0.976
0.457945750373,0.495491249462,-0.12411178333,-1.43769197971,0.0745826484341,1.92415307865,0.148186231704,-0.0223558499377,-0.0976337254066,0.000860324505117,-0.158089831563,-0.0121583917287,0.0444439471105,-0.0205999766738,0.573787677513,0.818988971216,0.00234799116419,0.0,0.818949472714,-0.573725957601,-0.0118757574972,0.0,-0.00837917226095,0.00873721765739,-0.999926722565,0.0,0.651863819927,0.248354453922,0.303595098062,1.0,-0.01984,-0.0260754285714,0.993
0.457684819405,0.493913811617,-0.124122758276,-1.44027435036,0.0744148180248,1.92507485995,0.147824357134,-0.0109859369849,-0.103744610267,-0.0015697373124,-0.162426451533,-0.0105430270817,0.060812845301,-0.0220024822644,0.573795855825,0.818983483821,0.00226185055877,0.0,0.818942826203,-0.573734438033,-0.0119242998039,0.0,-0.00846826607664,0.00869460749828,-0.999926343422,0.0,0.651515984184,0.247904178896,0.3035376645,1.0,-0.0214662857143,-0.0282128326531,1.01
0.45738844986,0.491886403124,-0.124151487776,-1.44348262865,0.074218849498,1.9262813371,0.147371127224,-0.0127144175026,-0.113146525124,-0.000703578072853,-0.187527729332,-0.0140341283301,0.0697820843095,-0.0255704473264,0.573797805634,0.818982057053,0.00228372000465,0.0,0.818941796659,-0.573736415778,-0.0118998233793,0.0,-0.00843565091202,0.00869849377909,-0.999926585305,0.0,0.651144463488,0.247414890342,0.303534392657,1.0,-0.0242737142857,-0.0319025959184,1.027
0.457077469991,0.48988147561,-0.124153251919,-1.4467259549,0.0740298244365,1.92742149445,0.146891991443,-0.0207110069141,-0.128426817103,-0.000927888480968,-0.203234012021,-0.0141348339891,0.0748397861337,-0.0377190267068,0.573772152152,0.819000240194,0.00220700661033,0.0,0.818958706772,-0.573710795712,-0.0119710645506,0.0,-0.00853828561225,0.00867627779544,-0.999925907196,0.0,0.650722559034,0.24690042026,0.303484191729,1.0,-0.026916,-0.0353753142857,1.043
0.45669098864,0.487459374474,-0.124176032922,-1.45052455668,0.0737969868421,1.92882017642,0.146352937568,-0.0210775006947,-0.148424461735,-0.00219560218719,-0.230087136447,-0.0137933946401,0.0846511228125,-0.0263930627962,0.573789414573,0.818988106579,0.00222169033979,0.0,0.818946757987,-0.573727989039,-0.011964492394,0.0,-0.00852429516016,0.00868471239508,-0.99992595334,0.0,0.650251451937,0.246274816076,0.303481525302,1.0,-0.0297234285714,-0.039065077551,1.06
0.456261131056,0.484806279893,-0.124211423934,-1.4545926969,0.0735439899886,1.93037185166,0.145733531686,-0.0281143141187,-0.159008764398,-0.00235299293127,-0.248440788762,-0.0188558228265,0.0877432893459,-0.0404782399568,0.573792498559,0.818985648962,0.00232858174187,0.0,0.81894586125,-0.573730816306,-0.0118900657354,0.0,-0.00840197586297,0.00872958097791,-0.999926597915,0.0,0.649762988821,0.245592042643,0.303523055403,1.0,-0.0325308571429,-0.0427548408163,1.077
0.455823919393,0.482098565505,-0.124248314621,-1.45882048578,0.0732856270776,1.93180902533,0.145092938737,-0.0278000300535,-0.180026604644,-0.000687833258252,-0.2755837656,-0.0174747144071,0.0969199744856,-0.0473250658536,0.573789577991,0.818987891764,0.00225836975247,0.0,0.818947025226,-0.573728007204,-0.0119453138699,0.0,-0.00848754085664,0.00870374936919,-0.999926100468,0.0,0.649213211674,0.244877576161,0.30351505724,1.0,-0.0351731428571,-0.0462275591837,1.093
0.455310918125,0.478963696405,-0.124295510819,-1.46367489293,0.0729898814199,1.93356160395,0.144377476579,-0.0325546914153,-0.186366503183,-0.000570053696166,-0.283590244028,-0.01495562377,0.104706433026,-0.0428692823949,0.573814564644,0.818970319598,0.00228208723319,0.0,0.818929751144,-0.573752883661,-0.011934742674,0.0,-0.00846500886887,0.00871736613787,-0.999926172851,0.0,0.648602957988,0.244054907095,0.303530639702,1.0,-0.0379805714286,-0.049917322449,1.11
0.454745641018,0.475590200995,-0.124322189725,-1.46878987672,0.07266859671,1.9354660298,0.143650539408,-0.0370910983303,-0.198123320681,0.000281539357757,-0.308695445816,-0.0250611335499,0.110734605569,-0.0422903836127,0.573862054485,0.818936663044,0.00241479715511,0.0,0.818897903678,-0.573799928554,-0.0118580033629,0.0,-0.00832550356102,0.00878249959037,-0.999926774165,0.0,0.647970248711,0.243189337992,0.30359734638,1.0,-0.040788,-0.0536070857143,1.127
0.454174675816,0.472239958413,-0.124345658821,-1.47395599487,0.0723561186188,1.93729505555,0.142884669404,-0.040326239224,-0.216312977319,0.003558373188,-0.325476263116,-0.0246995057602,0.117106455819,-0.0496893665777,0.573882740763,0.818922117478,0.00243151421128,0.0,0.818883359295,-0.573820318963,-0.0118757027263,0.0,-0.00833018374472,0.00880655690806,-0.999926523598,0.0,0.647304636151,0.242312817329,0.303614512316,1.0,-0.0434302857143,-0.0570798040816,1.143
0.453549151602,0.468432129469,-0.124355361351,-1.47971369043,0.0720027878208,1.93943047249,0.141972484506,-0.0360373513371,-0.230842381806,-0.000471368672257,-0.347280286729,-0.0209204615784,0.129316673913,-0.0605118954096,0.573833637319,0.818956026166,0.002594376195,0.0,0.818919289575,-0.573770499213,-0.0118050114781,0.0,-0.00817936624253,0.00889886871635,-0.999926951384,0.0,0.646572611587,0.241359863559,0.303689267695,1.0,-0.0462377142857,-0.0607695673469,1.16
0.452834633592,0.464163938354,-0.124354313072,-1.48622775245,0.0715728027171,1.94175095112,0.140962934994,-0.0402560238143,-0.241723473737,8.09139094078e-05,-0.373778141378,-0.0206448317493,0.130992047398,-0.0539402319607,0.573780685683,0.818992937007,0.00265344517481,0.0,0.81895688758,-0.573717248165,-0.011784835342,0.0,-0.00812952616359,0.00893514013404,-0.999927034376,0.0,0.645717675757,0.240274047418,0.30373367284,1.0,-0.0492102857143,-0.0646763755102,1.178
0.452158223559,0.460207120405,-0.124364287319,-1.49239095207,0.071159991407,1.94387496952,0.140059458906,-0.0376417961997,-0.24549310471,6.43347221238e-05,-0.385450799227,-0.0292490198416,0.130131740716,-0.0505628003135,0.573776197681,0.818996330925,0.00257522947197,0.0,0.818959125829,-0.573712900416,-0.0118408200334,0.0,-0.00822030405919,0.00890315978675,-0.999926577478,0.0,0.644888190928,0.239234539519,0.303710051761,1.0,-0.0518525714286,-0.0681490938775,1.194
0.451385018066,0.455842628243,-0.124371422376,-1.49921113846,0.0706996860291,1.94629944349,0.138993876059,-0.0465627830391,-0.254687854495,-0.0007061586294,-0.412951185377,-0.0265867498091,0.14794125491,-0.0650938724175,0.573730777216,0.819028272682,0.00253588719086,0.0,0.818990512103,-0.573667588239,-0.0118653356499,0.0,-0.00826344817027,0.00888454684846,-0.999926387416,0.0,0.643982145039,0.238075950066,0.303676305451,1.0,-0.05466,-0.0718388571429,1.211
0.450550061993,0.451184168233,-0.124414868745,-1.50623666922,0.0702092333685,1.94887966914,0.137848923288,-0.049970138068,-0.282476363975,-0.00336816433763,-0.414205348369,-0.0303012165331,0.162948497207,-0.0679120976121,0.573694782501,0.819053001202,0.00268787168686,0.0,0.819017639892,-0.57363149689,-0.0117370448455,0.0,-0.00807156934953,0.00893506774291,-0.999927504539,0.0,0.643078924838,0.236842755491,0.303755960138,1.0,-0.0574674285714,-0.0755286204082,1.228
0.449674676109,0.446318673422,-0.124473902777,-1.51363843824,0.069721535401,1.95148469926,0.13677555378,-0.0583403352784,-0.290390104112,-0.00443496725175,-0.448264975921,-0.0285044050075,0.144796713957,-0.0694533023892,0.573776261434,0.81899577461,0.00273310919196,0.0,0.81896104522,-0.573712853907,-0.0117095932571,0.0,-0.00802224197842,0.00895716905578,-0.999927703765,0.0,0.642094259394,0.235536869585,0.303795952558,1.0,-0.0602748571429,-0.0792183836735,1.245
0.448800261844,0.441597260702,-0.124495156401,-1.52100105572,0.0692080830907,1.95394397511,0.135632485879,-0.0530667135413,-0.296777367299,-0.00418774538965,-0.455562887796,-0.0349489587277,0.149765737158,-0.0739285438061,0.573757515654,0.819009455077,0.00256371331392,0.0,0.818972360169,-0.573694545502,-0.0118147637471,0.0,-0.00820577286047,0.00887859077943,-0.999926915288,0.0,0.641069515786,0.234245223523,0.303737121937,1.0,-0.0629171428571,-0.0826911020408,1.261
0.447808396829,0.436413541601,-0.124504537206,-1.52902672724,0.06866765809,1.9567515685,0.134314830754,-0.0610741506096,-0.309957918674,-0.00118481913736,-0.473757006914,-0.0334247441327,0.174198086719,-0.0792678232094,0.573701855875,0.819048555712,0.00252801342902,0.0,0.819010800634,-0.573638816715,-0.0118559396433,0.0,-0.00826058265119,0.0088724157005,-0.999926518807,0.0,0.639973022526,0.23283429381,0.303702802322,1.0,-0.0657245714286,-0.0863808653061,1.278
0.446742221596,0.430958826778,-0.124531716202,-1.53715421875,0.0681042514568,1.95975762432,0.132990920474,-0.0637260149024,-0.314619536141,-0.00153245788976,-0.487083294082,-0.0424036092362,0.170953365981,-0.0754201276738,0.573708194906,0.819043270373,0.00278841457166,0.0,0.819009253486,-0.573644596694,-0.011681878682,0.0,-0.00796855858686,0.00898589987492,-0.999927875238,0.0,0.638907934458,0.231368343892,0.303814921259,1.0,-0.068532,-0.0900706285714,1.295
0.445628098954,0.425377921222,-0.124607489311,-1.54582336812,0.0674723207157,1.96259071795,0.131588822656,-0.0663934183584,-0.336499406138,-0.00512162537482,-0.520257597641,-0.0350880209986,0.163830026414,-0.0864082825302,0.573721862601,0.819034513521,0.00253711178118,0.0,0.818997283326,-0.573659223916,-0.0118021871771,0.0,-0.00821111914717,0.00884923084141,-0.999927131663,0.0,0.637683475174,0.229763433786,0.303735261756,1.0,-0.0713394285714,-0.0937603918367,1.312
0.4444360094,0.419556762836,-0.124687914015,-1.5547320363,0.0668313896689,1.96554653727,0.130166128046,-0.0713143502937,-0.347308853641,-0.0032410335793,-0.534605647665,-0.0418246433054,0.180521921936,-0.0806419772919,0.5737880846,0.818988550035,0.00239494940521,0.0,0.818949548709,-0.57372606215,-0.0118654616404,0.0,-0.00834379297696,0.00876977208742,-0.999926733424,0.0,0.636433052152,0.228091038247,0.303707461912,1.0,-0.0741468571429,-0.097450155102,1.329
0.4431985334,0.413491152361,-0.124718830089,-1.56365336166,0.0662214242323,1.96886927941,0.128673220864,-0.0729298379461,-0.360007270767,-0.000539547876157,-0.535242390377,-0.0330508871294,0.195447582114,-0.0949128163187,0.573803159757,0.818976786729,0.00277552738645,0.0,0.818943035836,-0.57374008209,-0.0116348252865,0.0,-0.0079363733165,0.0089492706377,-0.999928459708,0.0,0.635243450486,0.226451686084,0.303860074009,1.0,-0.0769542857143,-0.101139918367,1.346
0.441956958168,0.407724900528,-0.124743924691,-1.5724522191,0.0655996939223,1.97179704841,0.127189970646,-0.0815923259013,-0.357101954537,-0.00563467316078,-0.549803539293,-0.0432579567025,0.185527489828,-0.0865134218201,0.573808116856,0.818973640241,0.00267740963329,0.0,0.818938358493,-0.573745092451,-0.0117166880724,0.0,-0.00805966321817,0.00891593582814,-0.99992777135,0.0,0.633984417587,0.224800710942,0.303826543358,1.0,-0.0795965714286,-0.104612636735,1.362
0.440593834259,0.401441908559,-0.124828077503,-1.58213688223,0.0649213075291,1.97501531563,0.125576372744,-0.0789061122155,-0.379123169755,-0.00792799425893,-0.560871050839,-0.0349175795604,0.20105288991,-0.107712799011,0.573863919145,0.818935086484,0.00250466180263,0.0,0.818897355361,-0.573801299512,-0.011829495442,0.0,-0.00825056952466,0.0088397517347,-0.999926890773,0.0,0.632590551054,0.222956339146,0.303738878329,1.0,-0.082404,-0.1083024,1.379
0.439150128828,0.394833130101,-0.124857938995,-1.59184832249,0.0641874362973,1.97848611316,0.123923139633,-0.0860791617025,-0.389072468431,-0.000897323699127,-0.584283398499,-0.0474293646019,0.208363431706,-0.102871516705,0.573888842759,0.818916751256,0.00277444954366,0.0,0.818883090844,-0.573825875606,-0.011623033864,0.0,-0.00792639880064,0.00894245144114,-0.999928599833,0.0,0.631240968772,0.221105885725,0.303866148911,1.0,-0.0852114285714,-0.111992163265,1.396
0.437736993187,0.388545153094,-0.124885955145,-1.60141555458,0.0634727873909,1.98158199548,0.122306960748,-0.0899058152734,-0.399423795382,-0.00133931134938,-0.617348140437,-0.0451005848231,0.196695484256,-0.107293320193,0.57389658155,0.818911971167,0.00257760864374,0.0,0.81887550487,-0.573834028107,-0.011754259342,0.0,-0.00814674098645,0.0088566403523,-0.999927592645,0.0,0.629725972447,0.219162135677,0.303794687271,1.0,-0.0880188571428,-0.115681926531,1.413
