position_joint1,position_joint2,position_joint3,position_joint4,position_joint5,position_joint6,position_joint7,velocity_joint1,velocity_joint2,velocity_joint3,velocity_joint4,velocity_joint5,velocity_joint6,velocity_joint7,ee_T_00,ee_T_10,ee_T_20,ee_T_30,ee_T_01,ee_T_11,ee_T_21,ee_T_31,ee_T_02,ee_T_12,ee_T_22,ee_T_32,ee_T_03,ee_T_13,ee_T_23,ee_T_33,v_x,v_y,time
0.465069458244,0.54783668518,-0.123911145726,-1.35586011839,0.0794986355835,1.89409779081,0.159172334426,0.000890012405756,-0.00134520030594,-0.00692534247456,0.000130194235459,0.000478730676651,-0.000160163256381,0.00162282950518,0.573767108369,0.819004568895,0.00188901680327,0.0,0.81896020135,-0.573708384236,-0.011984379949,0.0,-0.00873168526759,0.00842343478769,-0.999926399001,0.0,0.66165223468,0.260928080761,0.303159354642,1.0,0.0,0.0,0.0
0.465060928321,0.547840971304,-0.123908631319,-1.35586083103,0.0794973131551,1.89409872767,0.159173148066,-0.00430167912377,-0.000124443353535,0.000310277824471,-0.00011802724767,-0.000102412492577,0.000313806519776,0.00188191648941,0.573764252745,0.819006588993,0.00188052117818,0.0,0.818962099954,-0.573705555041,-0.0119900732114,0.0,-0.0087412518125,0.00841971307513,-0.999926346762,0.0,0.661651199963,0.260924632223,0.303153969777,1.0,-0.0001,-0.000131428571429,0.006
0.465063764083,0.547835324633,-0.12391330892,-1.3558629827,0.0794948314163,1.89409438223,0.159170808385,0.00119308476714,0.000851068841599,0.000317615924981,0.000436943737531,9.36822272405e-06,-0.000200826432565,0.000117722095074,0.573771154986,0.81900174901,0.00188247855628,0.0,0.818957335016,-0.573712495753,-0.011983427777,0.0,-0.0087346150062,0.00841757688244,-0.999926422743,0.0,0.661653129728,0.260921890047,0.303158723796,1.0,-0.00044,-0.000578285714286,0.023
0.465063119264,0.547827557734,-0.123916608012,-1.35587553628,0.0794980250696,1.89409710058,0.159169994583,-6.09950137546e-05,-0.000826876268839,-0.00044145782091,-0.00362105732427,0.000156716328963,0.000347639499338,-0.000340585328643,0.573774858254,0.818999155368,0.00188213800387,0.0,0.818954714829,-0.573716178723,-0.0119861683698,0.0,-0.00873701696222,0.00841890993974,-0.999926390536,0.0,0.661651745746,0.260918867933,0.303158602487,1.0,-0.00076,-0.000998857142857,0.039
0.465065299842,0.547770114374,-0.123914366992,-1.35592820848,0.0794985956668,1.89410037753,0.159168429044,0.00104375198015,-0.00598305872622,0.000259346134677,-0.00727131256771,0.000301945666619,-0.000209043799246,-0.00152913800063,0.573773171694,0.819000312195,0.00189287349135,0.0,0.818955944699,-0.573714381825,-0.0119881454096,0.0,-0.00873249421568,0.00842881849356,-0.999926346569,0.0,0.661640730014,0.260916427609,0.303174438538,1.0,-0.0011,-0.00144571428571,0.056
0.465062956496,0.547644581838,-0.123909329379,-1.35608600034,0.0794938450948,1.89413903782,0.159165197898,0.000386821793172,-0.0105430588244,0.00136833511034,-0.011674803531,-3.47501557995e-05,0.00211615323124,-0.000597749194187,0.573776323207,0.818998079834,0.0019034327627,0.0,0.818953754609,-0.573717395544,-0.0119935300818,0.0,-0.00873081371545,0.00844058950777,-0.999926261952,0.0,0.66161530539,0.260902569523,0.303191447325,1.0,-0.00144,-0.00189257142857,0.073
0.465050019241,0.547500517522,-0.123913966223,-1.35629255326,0.0794904936243,1.89418103564,0.159165729372,-0.00402990477581,-0.0100154161024,-0.00614777853021,-0.0143352643132,7.85059316956e-05,-3.76820296986e-05,0.00223777009616,0.573801010024,0.818980812454,0.00189119761471,0.0,0.818936221551,-0.573742029453,-0.0120123092075,0.0,-0.00875295971826,0.0084416079119,-0.999926059742,0.0,0.661584753442,0.260871006397,0.303198985101,1.0,-0.00178,-0.00233942857143,0.09
0.465036420945,0.547334800204,-0.123906785046,-1.35648641542,0.0794889428025,1.89431524125,0.159152018813,0.000808365849951,-0.00772881926102,0.00160589316265,-0.0102436580785,0.000350489180799,0.0112732842895,-0.00156476430907,0.573810172636,0.818974187299,0.00197818568862,0.0,0.818930707481,-0.573750797392,-0.0119693667017,0.0,-0.00866778363247,0.00848830480512,-0.999926406396,0.0,0.661574554095,0.260852561041,0.303231463597,1.0,-0.00208,-0.00273371428571,0.105
0.465007754505,0.547137412501,-0.123909412558,-1.35672319261,0.0794861793522,1.89443602443,0.15913559145,-0.00147887542443,-0.0145086812195,0.00088123681246,-0.0171771492247,-2.21671814247e-05,0.00709735867148,-0.000877053566003,0.573831245581,0.818959215688,0.00206192529322,0.0,0.818916772045,-0.57377146419,-0.0119320679701,0.0,-0.00858896849604,0.0085357029697,-0.99992668301,0.0,0.661556687837,0.260815989302,0.303273202223,1.0,-0.00244,-0.00320685714286,0.123
0.464975411486,0.546927951469,-0.123914282029,-1.35704319453,0.0794780508616,1.89456789529,0.159107933352,-0.00134635586387,-0.0129001498467,-0.000762551261697,-0.0194454112972,-0.000195037411278,0.00728270439551,-0.00124022462067,0.573854327265,0.818942985597,0.00208430385674,0.0,0.818900775927,-0.573794393574,-0.0119272792793,0.0,-0.00857196487245,0.00855152351582,-0.999926693745,0.0,0.661525124795,0.260764183031,0.303280848426,1.0,-0.00278,-0.00365371428571,0.14
0.46493777567,0.546668645803,-0.123916817477,-1.35743576898,0.0794717004305,1.89470305248,0.158990244893,-0.0022726115333,-0.0120429857595,-0.000939891562286,-0.0191675391384,0.000416531929951,0.00297361692605,-0.0116587499532,0.573808321076,0.818975166188,0.00210588053294,0.0,0.818933069339,-0.573748136354,-0.011935278556,0.0,-0.00856661664166,0.00857330242094,-0.999926553085,0.0,0.661481565779,0.260710812245,0.303296028791,1.0,-0.0031,-0.00407428571429,0.156
0.46489453391,0.546381546378,-0.123915031007,-1.35787730144,0.0794573678942,1.8948705494,0.158965153381,-0.000593960368523,-0.0177511828378,-0.000501699018485,-0.0272141476176,-2.70010478615e-05,0.0120227436102,0.00138450986711,0.573845273408,0.818949254156,0.00211381318358,0.0,0.818907150074,-0.573784940705,-0.0119443827366,0.0,-0.00856913414364,0.00858540960285,-0.999926427635,0.0,0.661430917009,0.26063562051,0.303297075253,1.0,-0.00346,-0.00454742857143,0.174
0.464848008419,0.546088470928,-0.12391347273,-1.35838196943,0.0794326156028,1.89503959192,0.158912840887,-0.00476216149745,-0.0161344409734,0.000306364234151,-0.0313216841876,-0.00339312653215,0.00955907032198,-0.00734058020995,0.573861024106,0.818938302369,0.00208058313485,0.0,0.818895673749,-0.573800735738,-0.0119723883561,0.0,-0.00861097305003,0.00857443265543,-0.999926162398,0.0,0.661369648447,0.260557155746,0.303278983517,1.0,-0.0038,-0.00499428571429,0.191
0.464788317998,0.545770560149,-0.123910479188,-1.35892897445,0.079376379123,1.89522007529,0.158816506841,-0.00553120753826,-0.0175756251913,0.000374488850907,-0.0318360316006,-0.00567457350782,0.0110167680769,-0.00314444369657,0.573844454757,0.818950046929,0.0020271362599,0.0,0.818906875499,-0.573784544928,-0.0119821602557,0.0,-0.00864981778316,0.00853609638588,-0.999926155129,0.0,0.661306408322,0.260461796571,0.303259194016,1.0,-0.00412,-0.00541485714286,0.207
0.464728084914,0.545390313171,-0.123915720954,-1.3595873784,0.0793063529325,1.89544049676,0.15874924435,-0.00161215943931,-0.0244636031468,0.000459945108949,-0.0441453800531,-0.00124109398387,0.013712856548,-0.00531284032463,0.573860424111,0.818939022152,0.0019592183622,0.0,0.818895227715,-0.573801057054,-0.0119874872446,0.0,-0.00869298688186,0.00848370241863,-0.999926226665,0.0,0.661229922574,0.260349388296,0.303234206793,1.0,-0.00446,-0.00586171428571,0.224
0.464665493595,0.54496752403,-0.123916677797,-1.36028812166,0.0792941258436,1.89567476998,0.158673431399,-0.00394814514866,-0.0285012154679,0.000464215820477,-0.043181400697,0.000689711127763,0.00646483841836,-0.00287120614642,0.573885990731,0.818921156166,0.00193817636183,0.0,0.818876772964,-0.573826404594,-0.0120347410447,0.0,-0.00874349561671,0.00849386042539,-0.999925700049,0.0,0.661143906121,0.260243742592,0.303220316847,1.0,-0.0048,-0.00630857142857,0.241
0.464602702674,0.544552143777,-0.123921554572,-1.36096133479,0.0792670631013,1.89591766602,0.1585706453,-0.00413432462609,-0.0259329929968,-0.000472878514745,-0.0397726746763,-0.00197070175426,0.0171429120863,-0.00772851501748,0.573886981051,0.818920478088,0.00193143714312,0.0,0.818875889264,-0.573827309755,-0.0120516995603,0.0,-0.00876124086693,0.00849808439977,-0.999925508836,0.0,0.661067448014,0.260137056668,0.30321509663,1.0,-0.00512,-0.00672914285714,0.257
0.464532043963,0.54404461486,-0.123921860816,-1.36180400211,0.0792293648082,1.896219853,0.158487314234,-0.00136363611308,-0.027751590479,0.000131338152695,-0.0423645013083,-0.00243845242953,0.0244512811479,-0.00452852710152,0.573913729888,0.818901784015,0.00190936733151,0.0,0.818856763631,-0.573854012796,-0.0120797167035,0.0,-0.00879657281512,0.00849637720456,-0.999925213144,0.0,0.660967751718,0.260011217361,0.303199373764,1.0,-0.00548,-0.00720228571429,0.275
0.464449945463,0.543517092756,-0.12391931302,-1.36264266681,0.0791833867267,1.89651063133,0.158362561415,-0.00667646552964,-0.030382844728,9.15302261682e-05,-0.0520213264013,-0.00059209757753,0.0161871422503,-0.0124638676437,0.573911341647,0.81890348978,0.00189558864757,0.0,0.818858195043,-0.573851594499,-0.0120975535576,0.0,-0.00881911205344,0.00849530505234,-0.999925023717,0.0,0.660869890232,0.259878105152,0.303198540247,1.0,-0.00582,-0.00764914285714,0.292
0.464381580544,0.543037356082,-0.123927097375,-1.36341247386,0.0791397693576,1.89678682031,0.158265348853,-1.93080228578e-05,-0.0326024195534,-0.00038531740831,-0.0473851443323,-0.000320101794573,0.0166670218866,-0.0101011364804,0.573924332127,0.818894414437,0.00188305548969,0.0,0.818848948784,-0.573864631917,-0.0121049663864,0.0,-0.00883224046332,0.00848943620493,-0.999924957685,0.0,0.660782270636,0.259755026987,0.303195694197,1.0,-0.00612,-0.00804342857143,0.307
0.464300681385,0.542371297308,-0.123927434294,-1.36445351763,0.0790775714716,1.8971567963,0.158137562977,-0.00863165424697,-0.0382436038305,0.000279227231739,-0.0543544631467,-0.00248734310727,0.0202107025758,-0.0048269200735,0.57392733392,0.818892319556,0.00187916295879,0.0,0.818846767296,-0.573867616266,-0.0121110524084,0.0,-0.00883942721759,0.00848977398819,-0.999924891311,0.0,0.660658211843,0.259601602005,0.303203340352,1.0,-0.0065,-0.00854285714286,0.326
0.464208254827,0.541754601854,-0.123928473291,-1.36540419859,0.0790251121226,1.8975162902,0.157997084233,-0.00663568076128,-0.0358768824942,-0.000543935778497,-0.055817214961,-0.00537863592955,0.0258600626821,-0.013790888843,0.573927536411,0.818892122426,0.00190307105253,0.0,0.818846845511,-0.573867677115,-0.0121028781988,0.0,-0.00881901044462,0.00850466253734,-0.999924945068,0.0,0.660554039822,0.259451107421,0.303218119793,1.0,-0.00684,-0.00898971428571,0.343
0.464141185409,0.541131564515,-0.123934221314,-1.36635247785,0.078967685492,1.89787292484,0.157879544185,-0.00370444624752,-0.0417636975077,-0.000532246337472,-0.0641729058761,-0.00482315977797,0.0261173759544,-0.00988476180969,0.573927506293,0.81889208509,0.00192805558011,0.0,0.818847168256,-0.573867569531,-0.012086131786,0.0,-0.00879095834239,0.00851551027863,-0.999925099763,0.0,0.660444639375,0.259314012339,0.303238335528,1.0,-0.00716,-0.00941028571429,0.359
0.464051215675,0.540433562946,-0.123931285074,-1.36741872066,0.0789039810561,1.89826073539,0.157753545346,-0.00360867685924,-0.0377705761099,-0.00319267160923,-0.0656960108244,-0.00139696719749,0.0256702654726,0.00219350315416,0.573937912017,0.818884749713,0.00194595426097,0.0,0.818840029343,-0.573877859353,-0.0120812164426,0.0,-0.008776552813,0.00852745756385,-0.999925124491,0.0,0.660320314923,0.259154917747,0.303257715174,1.0,-0.0075,-0.00985714285714,0.376
0.463957280675,0.539694550379,-0.123931942114,-1.36857650238,0.0788335885088,1.8986986739,0.157605529701,-0.0101145505328,-0.041784958065,-0.00171461080072,-0.0698622549455,-0.00267846431703,0.0186628529321,-0.00777422685005,0.573939392619,0.818883676318,0.00196090833277,0.0,0.818839161636,-0.573879284637,-0.0120723211551,0.0,-0.00876067072801,0.00853461352427,-0.999925202713,0.0,0.660187925108,0.258983120786,0.303266861973,1.0,-0.00784,-0.010304,0.393
0.46386551518,0.53897645096,-0.123929888687,-1.36967013826,0.0787819142314,1.89911301887,0.157474422318,-0.00413060349155,-0.0496915714977,-9.95420990648e-05,-0.0724458689526,-0.00702738602596,0.0318168089584,-0.0107277060627,0.573952393205,0.81887446503,0.00200193840443,0.0,0.818830352008,-0.573891974424,-0.012066616091,0.0,-0.00873231553681,0.00856507601598,-0.999925190271,0.0,0.660062671629,0.258823104729,0.303289532725,1.0,-0.00816,-0.0107245714286,0.409
0.463742828768,0.538164557844,-0.123940476204,-1.37094901894,0.0787027808454,1.89960567902,0.157309466592,-0.0032861584274,-0.04178824566,-0.00098847114962,-0.0696889289212,0.000139270781596,0.0375645133936,-0.00475120662145,0.57397475271,0.818858751646,0.00201866422475,0.0,0.818814943987,-0.573914344489,-0.0120482195591,0.0,-0.00870741731721,0.0085684512454,-0.999925378479,0.0,0.659924811485,0.258615472857,0.30329734025,1.0,-0.00852,-0.0111977142857,0.427
0.463628064256,0.537359734772,-0.12393530456,-1.37220710102,0.0786351524559,1.90007126167,0.157157805072,-0.00739870303016,-0.0483624394451,0.000680542274026,-0.074148321032,-0.00526662232185,0.0223462756156,-0.012908132783,0.573992126467,0.818846534335,0.00203441949343,0.0,0.818802818598,-0.573931536338,-0.0120533295929,0.0,-0.00870237720669,0.00858446997714,-0.999925284962,0.0,0.659779597439,0.258424630463,0.303307059098,1.0,-0.00886,-0.0116445714286,0.444
0.463519111246,0.536559428628,-0.123948515396,-1.37344262939,0.0785678380676,1.9005519636,0.157008665165,-0.00559241542416,-0.0535334487506,-0.0013704708822,-0.0766225950069,-0.00346247653099,0.0253912896893,-0.0155842606898,0.574015841368,0.818829822046,0.00206961036082,0.0,0.81878657105,-0.573955103238,-0.0120348426021,0.0,-0.00866679146053,0.00860292510569,-0.999925435423,0.0,0.659653981902,0.258240730147,0.303323699109,1.0,-0.00916,-0.0120388571429,0.459
0.46339701427,0.535700916928,-0.123947673132,-1.3748105326,0.0784806585441,1.90104389753,0.156835760324,-0.00912531213742,-0.0508378337945,0.00077119880171,-0.0827704376457,-0.0132672256009,0.0292272821516,-0.0042865683881,0.574028113266,0.81882125562,0.002055097667,0.0,0.818777833666,-0.573967453685,-0.0120402702797,0.0,-0.00867943715945,0.00859428751426,-0.999925400014,0.0,0.659484286797,0.258018803449,0.303323541771,1.0,-0.00952,-0.012512,0.477
0.463281798063,0.534843089491,-0.12395084345,-1.37617273351,0.0784053944137,1.90153823721,0.156666779048,-0.00885176334114,-0.0569239546855,-6.11372231666e-05,-0.0813377857884,-0.0095265999431,0.026038471793,-0.00818683975145,0.574040817913,0.818812363894,0.00204914745892,0.0,0.81876878416,-0.573980102888,-0.0120526542899,0.0,-0.00869285984548,0.00859665901241,-0.999925263028,0.0,0.659323587131,0.257811927221,0.303323422087,1.0,-0.00984,-0.0129325714286,0.493
0.46316793308,0.533989874596,-0.123953484453,-1.37757828997,0.0783301000825,1.90204476435,0.156497817667,-0.00501001563527,-0.057858803406,0.000811597558544,-0.0883128072759,-0.00949428491576,0.0334173034265,-0.0103186191628,0.574054335668,0.818802975349,0.00201349481687,0.0,0.818758809456,-0.57399365385,-0.0120848739935,0.0,-0.00873956579937,0.00858610624023,-0.999924946568,0.0,0.659154309344,0.257601877755,0.303300308958,1.0,-0.01016,-0.0133531428571,0.509
0.463028424769,0.533013426774,-0.12395657124,-1.37915981077,0.0782439056309,1.90265337657,0.156288046521,-0.00490393040505,-0.0531983221984,-0.000940405667384,-0.0895246102928,-0.000463191132464,0.0362125275486,-0.0117575309617,0.574062541131,0.818797210166,0.00201851337779,0.0,0.818753048288,-0.57400177599,-0.0120894160691,0.0,-0.00874031816444,0.00859291033067,-0.999924881544,0.0,0.658974630358,0.25736057148,0.303289037381,1.0,-0.01052,-0.0138262857143,0.527
0.462893061521,0.53205314531,-0.123948714329,-1.38070984928,0.0781533410909,1.90322134765,0.156102950139,-0.0126472688391,-0.0548132098293,0.00205901599783,-0.0931387717038,-0.0069187261877,0.0262558858396,-0.00572720422098,0.574076545316,0.818787431407,0.00200229603524,0.0,0.818742956253,-0.574015749616,-0.0121094045957,0.0,-0.00876584759489,0.00859125633962,-0.999924672278,0.0,0.65878998915,0.257128458469,0.303277246919,1.0,-0.01086,-0.0142731428571,0.544
0.462785791431,0.531162788599,-0.123955127976,-1.38212518595,0.0780705110472,1.90373536794,0.15590343394,-0.00367767700633,-0.0578384706437,-0.000840526505329,-0.0900872054597,-0.000141838711428,0.0311424582432,-0.0119741300937,0.574060323758,0.818798827985,0.00199270617146,0.0,0.818754196014,-0.573999541349,-0.0121177531606,0.0,-0.00877835866782,0.00858802318794,-0.999924590295,0.0,0.658619382283,0.256919246371,0.303275868524,1.0,-0.01116,-0.0146674285714,0.559
0.462631371803,0.530065478408,-0.123956310794,-1.38386839418,0.0779654443645,1.90434939661,0.155689050907,-0.00726995264048,-0.0588252696855,0.00442544144798,-0.0899935853983,-0.00746730636603,0.034665955356,-0.0124303688375,0.574078372762,0.818786238819,0.00196569300958,0.0,0.818741182907,-0.574017638189,-0.0121397430356,0.0,-0.00881168173378,0.00857872291452,-0.99992437703,0.0,0.658409345681,0.256649049113,0.303272538675,1.0,-0.01152,-0.0151405714286,0.577
0.462496173654,0.529000137611,-0.123954843396,-1.38552515374,0.0778568494461,1.90497035035,0.155468951924,-0.00742850907731,-0.0617670442683,0.00184523554052,-0.0970970920046,-0.00314008986735,0.0323132258254,-0.0209899430007,0.574068477769,0.818793127465,0.00198598806417,0.0,0.818748397061,-0.574007713484,-0.0121224614808,0.0,-0.00878598483814,0.00858531284708,-0.99992454659,0.0,0.658214220774,0.256402814355,0.30328806135,1.0,-0.01186,-0.0155874285714,0.594
0.462360876399,0.527972053423,-0.123959714629,-1.38713698821,0.0777585391043,1.90559819371,0.155241430664,-0.0119703615888,-0.0633616294164,0.000377758112306,-0.0964548556227,-0.00134410877445,0.0306274451835,-0.0104109432613,0.574057416308,0.818800798837,0.00202027408871,0.0,0.818756572142,-0.573996557819,-0.0120985159066,0.0,-0.00874681251955,0.00859952103761,-0.999924767924,0.0,0.658030446844,0.25615980685,0.303299311532,1.0,-0.01218,-0.016008,0.61
0.462217327301,0.526717389624,-0.123958388942,-1.38901940948,0.0776379793458,1.90631507911,0.154980476864,-0.00489300377353,-0.0742210653497,0.000788019718624,-0.107257585727,-0.0081130522824,0.0404268737444,-0.0168635943972,0.574029567292,0.818820140186,0.00209303668261,0.0,0.818776932517,-0.57396846672,-0.0120532522545,0.0,-0.00866827553639,0.00863281953927,-0.999925164913,0.0,0.657808429939,0.255888323018,0.303348440969,1.0,-0.01254,-0.0164811428571,0.628
0.462066776411,0.525552083809,-0.123963795698,-1.39085210847,0.0775250631664,1.90697846094,0.154730546789,-0.00474424671746,-0.0710703109066,-0.00102968585527,-0.10696274744,-0.00968069351382,0.040043739268,-0.0158484292814,0.574020246785,0.81882668862,0.0020873874128,0.0,0.818783399742,-0.573959164089,-0.0120569136285,0.0,-0.00867461454005,0.00863019685697,-0.99992513258,0.0,0.657587330167,0.255610694585,0.30335365408,1.0,-0.01288,-0.016928,0.645
0.461928053283,0.524516836532,-0.123974370824,-1.39250099119,0.0774255153089,1.90757325917,0.154505417349,-0.00898322351484,-0.0719769240107,-0.00170317736198,-0.11002255696,-0.00436369057043,0.0453042732825,-0.0114289368098,0.574018734544,0.818827795722,0.00206887568702,0.0,0.818784260824,-0.573957727033,-0.0120668432734,0.0,-0.00869338686671,0.00862072293152,-0.999925051272,0.0,0.657389172121,0.255355482806,0.303348836815,1.0,-0.01318,-0.0173222857143,0.66
0.461768299996,0.523320003205,-0.123972560505,-1.39441000086,0.0773031536711,1.90827986336,0.154253884609,-0.0112031251082,-0.0697096476148,0.00345074348758,-0.119790830724,-0.00781530107318,0.0421045176594,-0.0107471550387,0.574011181345,0.818833111764,0.00206050250057,0.0,0.818789456982,-0.573950200343,-0.0120722641631,0.0,-0.00870271136183,0.00861689823929,-0.999925003128,0.0,0.657145073836,0.255054426855,0.303341806653,1.0,-0.01354,-0.0177954285714,0.678
0.461599158958,0.522004144991,-0.123972992247,-1.39648121351,0.077174490896,1.90908970749,0.153970653541,-0.0152497017502,-0.0755020287244,-0.00308189051838,-0.110723611699,-0.00844109480748,0.0581675617524,-0.0131143798006,0.573995015492,0.818844338734,0.00210190758296,0.0,0.818801313858,-0.573933948347,-0.0120406918213,0.0,-0.00865326281632,0.00863250798159,-0.999925297634,0.0,0.656918323462,0.254763019413,0.303351963646,1.0,-0.01388,-0.0182422857143,0.695
0.461436999159,0.520827782404,-0.123978825982,-1.39836862858,0.0770594595534,1.90980714241,0.153708001772,-0.0144951601492,-0.0774878841006,-0.00103839455283,-0.114331333094,-0.00913620950434,0.0493291932696,-0.0175401137977,0.573986740022,0.818850134887,0.0021037526368,0.0,0.818807158559,-0.573925690515,-0.0120368501085,0.0,-0.00864914517307,0.00863172626025,-0.999925340008,0.0,0.65669618863,0.254474614729,0.303342396662,1.0,-0.0142,-0.0186628571429,0.711
0.461266182486,0.519520994221,-0.123979289604,-1.40042696263,0.0769324233041,1.91053490768,0.153436940053,-0.015080601758,-0.0762671247532,0.000470629237716,-0.125976440791,-0.0107218953105,0.0399628619307,-0.0193443829389,0.573980022312,0.818854896637,0.00208306055008,0.0,0.818811583728,-0.573918995489,-0.0120550351115,0.0,-0.00867598355135,0.00862514949116,-0.999925164253,0.0,0.656440152961,0.254163940425,0.303343424115,1.0,-0.01454,-0.0191097142857,0.728
0.461096730609,0.518175073749,-0.12398293669,-1.40252038682,0.0768002464375,1.91129178269,0.15314686835,-0.0114893862525,-0.0782059166651,-0.000807090391068,-0.127551556473,-0.00525474513982,0.0461910416388,-0.0169886809815,0.573959103556,0.818869546421,0.00208813095541,0.0,0.818826301437,-0.573898059467,-0.0120520668523,0.0,-0.00867086315455,0.00862737613741,-0.999925189458,0.0,0.656182583869,0.253849843755,0.303357429576,1.0,-0.01488,-0.0195565714286,0.745
0.460924185657,0.516883216698,-0.123985304697,-1.40453683835,0.0766774964746,1.9120111024,0.152877747581,-0.01124510827,-0.079913897956,-0.000376036841962,-0.120957994565,-0.00613485191518,0.0476509352557,-0.0111980044438,0.573955107302,0.818872358281,0.00208387782008,0.0,0.818828996501,-0.573894020961,-0.0120612643,0.0,-0.0086808780536,0.00862912996722,-0.99992508743,0.0,0.655933558934,0.253541917984,0.303366454963,1.0,-0.0152,-0.0199771428571,0.761
0.460724350322,0.515439827095,-0.123991044251,-1.40684928676,0.0765256125351,1.91288660961,0.152556706798,-0.00865117332678,-0.0774035500395,-0.00101125877045,-0.1314442298,-0.00427323588468,0.0502470688531,-0.0133264866409,0.573941075894,0.818882203476,0.00207969543965,0.0,0.818838898159,-0.573880119591,-0.0120504813754,0.0,-0.00867459588689,0.0086193677175,-0.999925226148,0.0,0.655658002958,0.253186907741,0.303354145257,1.0,-0.01556,-0.0204502857143,0.779
0.460554298489,0.514133377146,-0.123991727556,-1.40895998714,0.0764057266772,1.9136387841,0.152268765376,-0.0119666412739,-0.0781219156468,-0.000250231192137,-0.130015053608,-0.0158189473041,0.0411239277832,-0.0156531121398,0.57392367435,0.81889450001,0.00203979770604,0.0,0.818850505296,-0.573862725259,-0.0120900552064,0.0,-0.00873008392391,0.00860922404366,-0.999924830623,0.0,0.655390820831,0.252873400096,0.303330610658,1.0,-0.01588,-0.0208708571429,0.795
0.46036408533,0.512807132826,-0.123989630187,-1.41110666771,0.0762723350229,1.9143819032,0.151973921157,-0.012088659107,-0.0809427073284,0.00112585521303,-0.134748219764,-0.00937206391463,0.051446911694,-0.0180349240161,0.573912796128,0.818902285599,0.00197382438869,0.0,0.818857310665,-0.573852021908,-0.0121370764171,0.0,-0.00880656605581,0.00858206922545,-0.999924393383,0.0,0.65511820078,0.252541606708,0.303302543705,1.0,-0.0162,-0.0212914285714,0.811
0.460173604349,0.511375553385,-0.123995613452,-1.41338965012,0.0761331972537,1.91524623562,0.151644434458,-0.0112455956991,-0.0889015187516,0.000515345410161,-0.136427324337,-0.00395564814696,0.0487109548378,-0.0204328646038,0.573885258791,0.818921564891,0.00198171647889,0.0,0.818876701947,-0.573824461753,-0.0121318178267,0.0,-0.00879801923693,0.00858521815958,-0.999924441589,0.0,0.654841497764,0.252197405306,0.303293718386,1.0,-0.01654,-0.0217382857143,0.828
0.459959488714,0.509818121469,-0.123994218743,-1.41587118279,0.0759818971615,1.91618210665,0.151295124354,-0.0123334960169,-0.089423165959,-0.000254932145036,-0.135140614602,-0.00695815012254,0.0515464084548,-0.0158229961407,0.573862236639,0.818937677023,0.00199032976939,0.0,0.818892892345,-0.573801370962,-0.0121311356119,0.0,-0.00879275935521,0.00859163293235,-0.999924432758,0.0,0.654539014974,0.251823097159,0.303283977355,1.0,-0.0169,-0.0222114285714,0.846
0.459757858011,0.508311766952,-0.124004237056,-1.41823914377,0.0758312412231,1.91702058874,0.150973715504,-0.0135186721738,-0.0831823902987,-0.000226348647527,-0.142641129643,-0.0123036962054,0.046857158922,-0.0146147972165,0.573853320922,0.81894398299,0.00196613674805,0.0,0.818898879277,-0.573792560847,-0.0121437035599,0.0,-0.00881702807707,0.00857893696674,-0.999924328065,0.0,0.654241229138,0.251456763778,0.303283881508,1.0,-0.01724,-0.0226582857143,0.863
0.459554153576,0.506858561723,-0.124008391815,-1.42050903835,0.0756868026922,1.91784430075,0.150654647953,-0.0096963527524,-0.0930857715643,-0.000150069999524,-0.138871104508,-0.00998366109077,0.0501955520259,-0.0251191931253,0.573840168332,0.818953193268,0.00196858973097,0.0,0.818908124959,-0.57377940228,-0.0121419642544,0.0,-0.00881433386276,0.00857980612489,-0.999924344361,0.0,0.653960489369,0.251103490411,0.303291306738,1.0,-0.01756,-0.0230788571429,0.879
0.459336426687,0.505256585496,-0.12401512767,-1.42296934573,0.0755286708281,1.91878802233,0.150315845932,-0.0113966544375,-0.0909088411778,-4.127534225e-05,-0.135238672993,-0.0122303426732,0.0559592493502,-0.0206543667024,0.573830194309,0.818960021125,0.0020344042017,0.0,0.818915929459,-0.573769254417,-0.0120950429908,0.0,-0.00873824631957,0.00860667258243,-0.99992478129,0.0,0.653665910478,0.250724852771,0.303322027082,1.0,-0.0179,-0.0235257142857,0.896
0.459118072626,0.503684077558,-0.124017988159,-1.42531050293,0.0753840265762,1.91968090553,0.149993487182,-0.01253873167,-0.0988359438971,0.000449474987346,-0.147259883685,-0.0119088741944,0.0479337104997,-0.0207982918449,0.573828453131,0.818960974072,0.00213921134392,0.0,0.818918296232,-0.573767109314,-0.0120364142286,0.0,-0.00863011056834,0.00865884297665,-0.999925270023,0.0,0.653386555077,0.250360628164,0.303383686339,1.0,-0.01822,-0.0239462857143,0.912
0.45887690846,0.501902107461,-0.124027589678,-1.427957883,0.075211686128,1.92065680116,0.149617768236,-0.0115982958242,-0.0918564381066,0.000773295923432,-0.147905784708,-0.0125041095161,0.0521127597968,-0.0211769664776,0.573813935594,0.818970910039,0.00222771859227,0.0,0.818929490758,-0.573752330095,-0.0119791392989,0.0,-0.00853257215844,0.00869830898785,-0.999925764561,0.0,0.653063304253,0.249945314527,0.303452602166,1.0,-0.01858,-0.0244194285714,0.93
0.458641490046,0.500178331802,-0.124035764666,-1.43056783153,0.0750414708757,1.92157225962,0.149263438102,-0.0146500149793,-0.0945273725154,-0.000847136825704,-0.148573739717,-0.00785616700415,0.0615219648298,-0.0179212772206,0.573809097253,0.818974243167,0.00224851947964,0.0,0.818933110119,-0.573747422549,-0.0119667527206,0.0,-0.00851054385085,0.00870818628584,-0.99992586632,0.0,0.652732351746,0.249534697851,0.303492769244,1.0,-0.01892,-0.0248662857143,0.947
0.458408311594,0.498586607083,-0.124033961664,-1.43303174579,0.0748930193825,1.92248995808,0.148899514844,-0.0117776398964,-0.0951347101746,-0.000335381936851,-0.155124789746,-0.00989023891699,0.0557520397874,-0.0166275745624,0.573786033943,0.818990288779,0.00228933159966,0.0,0.818949620228,-0.573724127006,-0.011953766002,0.0,-0.00847673669995,0.00873391938409,-0.99992592905,0.0,0.652428520203,0.24915061492,0.30350967376,1.0,-0.01924,-0.0252868571429,0.963
0.458144738987,0.496919558796,-0.124033423314,-1.43569335521,0.0747317323198,1.92344911538,0.148505663746,-0.0114484180653,-0.0942252409189,0.00117222028811,-0.157661705537,-0.0114775988467,0.0547171448743,-0.0225889951686,0.573770230675,0.81900143944,0.00226085981345,0.0,0.818960273314,-0.573708311836,-0.0119829280747,0.0,-0.00851712525607,0.0087271698014,-0.999925644778,0.0,0.652094562966,0.248724437545,0.303488124381,1.0,-0.01958,-0.0257337142857,0.98
0.457879619927,0.495245569415,-0.124040266344,-1.43841421682,0.0745594344532,1.9243885221,0.148114184134,-0.0130687049407,-0.0936926283197,-3.79252944222e-05,-0.165706342302,-0.0113068361244,0.0611147481392,-0.0263156785322,0.57376208428,0.819007401716,0.00216644341893,0.0,0.818964895853,-0.573700449517,-0.0120432755387,0.0,-0.00862080822109,0.0086843831849,-0.999925128774,0.0,0.651743829022,0.248283123298,0.303441140563,1.0,-0.01992,-0.0261805714286,0.997
0.457618090555,0.493593388206,-0.124062985449,-1.44106318216,0.0743901478454,1.92534861523,0.14774049384,-0.0146715108798,-0.11398776736,-0.00467895864202,-0.175057439223,-0.0152612036221,0.0638362196362,-0.0237296136068,0.573773922333,0.818999213619,0.00212627448935,0.0,0.818956245087,-0.573712518252,-0.0120566137563,0.0,-0.00865465352246,0.00865926305448,-0.999925054259,0.0,0.651415350869,0.247845021698,0.303414801385,1.0,-0.0236074285714,-0.0310269061224,1.013
0.457341920538,0.49154164222,-0.124100838734,-1.44425604478,0.0742006197428,1.92654989068,0.147281091987,-0.019640182506,-0.130608170303,-0.000736068625129,-0.208073226199,-0.0154233120203,0.075846385016,-0.027120997211,0.573760142189,0.819008747389,0.00217205838205,0.0,0.818966452925,-0.573698623291,-0.0120243718224,0.0,-0.00860212441846,0.00867811531586,-0.999925344098,0.0,0.651020125858,0.247342411704,0.303428232929,1.0,-0.028444,-0.0373835428571,1.029
0.456928445098,0.488844942242,-0.124111830884,-1.44863205882,0.0739563815816,1.92811037079,0.146642540717,-0.026456686402,-0.156847276103,-0.000414365058685,-0.26123117934,-0.00998543267547,0.0942904490947,-0.0332146897435,0.573736092644,0.819025826281,0.00208297484197,0.0,0.818981963143,-0.573674552037,-0.0121160758091,0.0,-0.00872859739399,0.00865751550214,-0.999924426651,0.0,0.650453950102,0.246650348222,0.303356480723,1.0,-0.0338851428571,-0.0445347591837,1.047
0.456476465444,0.485930384598,-0.124157160678,-1.4531136883,0.0736799567339,1.92982219126,0.145989065914,-0.0312971871276,-0.194659517937,-0.00459446067629,-0.286360165258,-0.0188151086573,0.118169755403,-0.0376260534582,0.573751321153,0.819014866084,0.00219488293459,0.0,0.818972673979,-0.573689510072,-0.0120354563998,0.0,-0.00859820193817,0.00870307571725,-0.999925160898,0.0,0.649913511504,0.245908719811,0.303397842089,1.0,-0.0387217142857,-0.0508913959184,1.063
0.455897458337,0.482241764915,-0.124216555169,-1.45885842942,0.073331793728,1.93184925797,0.145094226804,-0.0284414258559,-0.212961072716,-0.00527973335794,-0.329474552835,-0.0222459138395,0.117407423486,-0.0547692608353,0.573723373965,0.819034517786,0.00216696643884,0.0,0.818991870936,-0.57366159307,-0.0120598042724,0.0,-0.00863445679749,0.00869388687881,-0.999924928426,0.0,0.649180649506,0.244947543203,0.30340076363,1.0,-0.0441628571429,-0.0580426122449,1.081
0.455261092565,0.478293610366,-0.124293043788,-1.46502785332,0.0729641669599,1.9340253102,0.144183149053,-0.0397210707321,-0.240525699493,-0.00758386078721,-0.372513272251,-0.0261568275039,0.132594268664,-0.0546332221728,0.573754764014,0.81901263707,0.00212555685029,0.0,0.818969336733,-0.573693043048,-0.0120939964732,0.0,-0.0086858859968,0.00867992109169,-0.999924604335,0.0,0.648392632685,0.243899955123,0.30339163194,1.0,-0.0493017142857,-0.0647965387755,1.098
0.454590021938,0.474176992323,-0.124344610299,-1.47134246412,0.0725874469548,1.93635253584,0.143288632488,-0.0439357673581,-0.257173506976,-0.00255818939806,-0.411036310185,-0.0250560501455,0.147557513384,-0.060268733063,0.573812500382,0.818971894789,0.00223536388854,0.0,0.818929981262,-0.573750258042,-0.0120446704834,0.0,-0.00858187122765,0.00874215730734,-0.99992496027,0.0,0.647600012167,0.242838946363,0.303438407283,1.0,-0.0541382857143,-0.0711531755102,1.114
0.453788657083,0.469401684169,-0.124382642745,-1.4786129311,0.0721465379313,1.93897200168,0.142175669526,-0.0482093709386,-0.289677320224,0.000206151371283,-0.434884763972,-0.0270631422244,0.162131455221,-0.0723679713489,0.573812867714,0.818971324232,0.00234730330935,0.0,0.818930679621,-0.573749964183,-0.0120111396997,0.0,-0.00849017725794,0.00881459491827,-0.999925107099,0.0,0.646670125545,0.241607939006,0.30350589261,1.0,-0.0592771428571,-0.0779071020408,1.131
0.452870582619,0.463891723963,-0.124419600797,-1.48700486914,0.0715955856276,1.94202501011,0.140826995345,-0.0577364237655,-0.310942287587,0.000180248328807,-0.48878013407,-0.0338036704711,0.171125615516,-0.0816478628872,0.573732961374,0.81902691902,0.00247827654747,0.0,0.818988119587,-0.57366968693,-0.0119288378968,0.0,-0.00834848795323,0.00887381739018,-0.999925776302,0.0,0.645589925152,0.240192628954,0.303578050454,1.0,-0.0647182857143,-0.0850583183673,1.149
0.452015634741,0.458964040579,-0.124455090424,-1.49464140836,0.0710969455779,1.94460955948,0.139713488295,-0.0636871631749,-0.337053249941,-0.00380209366716,-0.518722686185,-0.0327503649103,0.175282278598,-0.0797289380584,0.573765940086,0.81900414258,0.00236798107641,0.0,0.818963637036,-0.573702822024,-0.0120158277311,0.0,-0.00848265857971,0.00883373316554,-0.999925002019,0.0,0.644559861441,0.238879584997,0.303561664448,1.0,-0.0692525714286,-0.0910176653061,1.164
0.450923616681,0.452678394304,-0.12452124133,-1.50428881101,0.0704421031256,1.94803438526,0.138173010735,-0.06492435263,-0.357435742695,-0.00220624247779,-0.534422349423,-0.0364777967821,0.202427931228,-0.0950469799005,0.573710682596,0.819042776651,0.00239365659857,0.0,0.819002828365,-0.57364769954,-0.0119762616506,0.0,-0.00843611741632,0.00883149080442,-0.999925415565,0.0,0.643286149877,0.23721016985,0.303588455203,1.0,-0.0746937142857,-0.0981688816326,1.182
0.449857406976,0.446645573478,-0.124551073409,-1.5132351472,0.0698510525894,1.95142529456,0.136798009367,-0.073896138868,-0.375917991869,-0.00146694324156,-0.576630207318,-0.0369256378713,0.205712811957,-0.0869249670773,0.573723624463,0.819032480059,0.00278320711929,0.0,0.818997975138,-0.573659569118,-0.0117372219855,0.0,-0.00801670698146,0.00901353607227,-0.999927241641,0.0,0.642143706273,0.235667623077,0.303761538398,1.0,-0.0795302857143,-0.104525518367,1.198
0.44871612106,0.440431094169,-0.124571189265,-1.52293096168,0.0691799794308,1.95466971171,0.135269973914,-0.076616024625,-0.396708696483,0.00163623456222,-0.618838255918,-0.050621536544,0.204118427153,-0.104578907799,0.573667605442,0.819072423774,0.00256709571606,0.0,0.819034807758,-0.573604023246,-0.0118808711112,0.0,-0.00825895647728,0.00891838333372,-0.999926123309,0.0,0.640789824348,0.233978964239,0.303681601295,1.0,-0.0843668571429,-0.110882155102,1.214
0.447338567788,0.432898224153,-0.124610036093,-1.53428915585,0.0684229372352,1.95866742186,0.133421189592,-0.080354176333,-0.432823190257,-0.00282956331395,-0.631251901956,-0.0374664994575,0.239611711942,-0.102845719693,0.573599004343,0.819120015992,0.00270712363074,0.0,0.819084099651,-0.573534769785,-0.011825922706,0.0,-0.00813437707969,0.00900087270602,-0.999926405392,0.0,0.639240141893,0.231990154242,0.303765077605,1.0,-0.089808,-0.118033371429,1.232
0.445903599627,0.425542305657,-0.124646817813,-1.54555860633,0.0676057199971,1.96260577345,0.131595888173,-0.0837239940192,-0.449925173444,-0.0013116164562,-0.671886474397,-0.0520213947152,0.230813057138,-0.114638977701,0.57356235349,0.819145748707,0.00268624929682,0.0,0.819109832733,-0.57349850112,-0.0118024587917,0.0,-0.00812753047826,0.00896995195308,-0.999926738922,0.0,0.637689579976,0.229965688892,0.303752084101,1.0,-0.0949468571428,-0.124787297959,1.249
0.444524831278,0.418735348083,-0.124745899502,-1.55600506153,0.0668614569046,1.96607069204,0.129884789052,-0.0924642960318,-0.451405125059,-0.00341911342642,-0.685307566459,-0.0512700315657,0.237425659979,-0.106436859376,0.57360449784,0.819116794563,0.00251074164688,0.0,0.819078637812,-0.57354134793,-0.011885040856,0.0,-0.0082953821326,0.00887397859163,-0.999926216848,0.0,0.636123630038,0.227889532098,0.303707076023,1.0,-0.0997834285714,-0.131143934694,1.265
0.442777227958,0.410144591883,-0.124830475727,-1.56887206181,0.0659759175325,1.97064744424,0.127738704378,-0.10104486737,-0.478562531726,-0.00166805244833,-0.72569389149,-0.0484276137218,0.241367300232,-0.122140316113,0.573616826004,0.819107437731,0.00273665472028,0.0,0.819072401479,-0.573553032703,-0.01175017928,0.0,-0.00805519771613,0.00898179182463,-0.999927217954,0.0,0.634448456983,0.225635056865,0.303798402048,1.0,-0.104922285714,-0.137897861224,1.282
0.44095966892,0.401780355397,-0.12490584036,-1.58171937677,0.0651019367558,1.97484357708,0.125604891836,-0.112322193756,-0.495032757656,-0.00831629172266,-0.769524673711,-0.0495439591257,0.250763438463,-0.12740822471,0.573687262882,0.819058873502,0.00249660688801,0.0,0.819019967455,-0.573623554401,-0.0119606708617,0.0,-0.00836454212863,0.00890662690121,-0.99992535043,0.0,0.632584043666,0.223201886145,0.303697316257,1.0,-0.110061142857,-0.144651787755,1.299
0.439285935345,0.393973132246,-0.125010601202,-1.59313163115,0.0642517326878,1.97893510829,0.123649360291,-0.112456847735,-0.515614705366,-0.00830705560031,-0.780388636643,-0.066435513069,0.280151025545,-0.137782432762,0.573744306867,0.819017750037,0.00285348275362,0.0,0.818984370931,-0.573680245191,-0.0116757590839,0.0,-0.00792581984572,0.00903603205229,-0.999927763143,0.0,0.631010435209,0.221003274189,0.303876639811,1.0,-0.114595428571,-0.150611134694,1.314
0.437145549307,0.38448367182,-0.125066431922,-1.60759728749,0.0631712007769,1.98363148446,0.121114112007,-0.12134808862,-0.536247969442,-0.00608758677611,-0.777785189569,-0.0628752896693,0.263061538313,-0.146482283024,0.573702824553,0.819047723285,0.00257739849607,0.0,0.819010498828,-0.573639477045,-0.0118448336957,0.0,-0.00822314486675,0.0089065024533,-0.999926524352,0.0,0.628740511594,0.218069685834,0.303766887679,1.0,-0.120338857143,-0.158159640816,1.333
0.434887128799,0.374528495168,-0.125148610853,-1.6223101854,0.06207949545,1.98865395996,0.118466642796,-0.133998150532,-0.546946423748,-0.00101265177857,-0.803088734536,-0.0589802354109,0.283499844617,-0.157713345246,0.573690142686,0.8190559742,0.00277095871818,0.0,0.819021454546,-0.573626297226,-0.0117249743825,0.0,-0.0080140698217,0.00899615007008,-0.99992741935,0.0,0.626713362136,0.215363543542,0.303857144078,1.0,-0.125477714286,-0.164913567347,1.35
0.432707226341,0.365439220325,-0.125234350842,-1.63590112312,0.0610329859979,1.99307238066,0.116106579956,-0.138075259417,-0.574164680877,-0.0074829598879,-0.84140228103,-0.0625928578433,0.281021504858,-0.147803731403,0.573796992655,0.818981499502,0.00265736625624,0.0,0.818945539967,-0.57373358149,-0.0117782401093,0.0,-0.00812169685455,0.00893472901833,-0.999927101672,0.0,0.624671201903,0.212647202688,0.30382807737,1.0,-0.130314285714,-0.171270204082,1.366
0.43028738603,0.355480658686,-0.12536182221,-1.65066286194,0.0598792861255,1.99789668431,0.113341885639,-0.147325761548,-0.579285757997,-0.0101958457727,-0.888231484548,-0.0691552544856,0.278037543158,-0.169753340346,0.573794417482,0.81898342462,0.00261984080601,0.0,0.818947260094,-0.573731453702,-0.0117622752801,0.0,-0.00813017994731,0.00889481059526,-0.999927388623,0.0,0.622440114527,0.209657099229,0.303832303225,1.0,-0.135453142857,-0.178024130612,1.383
0.427688236658,0.345152533313,-0.125455716473,-1.66584109365,0.0587702945497,2.00279629309,0.110495132743,-0.154271977515,-0.624761568031,-0.00539440066125,-0.893486659065,-0.0631301343847,0.306518243588,-0.170181554509,0.57385868016,0.818938250478,0.00266533505884,0.0,0.818902076303,-0.573794881595,-0.0118139825221,0.0,-0.00814572339378,0.00896237738486,-0.999926658802,0.0,0.620105824681,0.20655960288,0.303861902902,1.0,-0.140592,-0.184778057143,1.4
