position_joint1,position_joint2,position_joint3,position_joint4,position_joint5,position_joint6,position_joint7,velocity_joint1,velocity_joint2,velocity_joint3,velocity_joint4,velocity_joint5,velocity_joint6,velocity_joint7,ee_T_00,ee_T_10,ee_T_20,ee_T_30,ee_T_01,ee_T_11,ee_T_21,ee_T_31,ee_T_02,ee_T_12,ee_T_22,ee_T_32,ee_T_03,ee_T_13,ee_T_23,ee_T_33,v_x,v_y,time
0.465041817113,0.547692386039,-0.124077651275,-1.35585125455,0.0795192375315,1.89416262433,0.159139788766,0.000329698301672,-0.00123545377447,0.000808084645918,-9.25528902163e-05,0.000295547627607,-0.00014545288495,0.000262312201629,0.57388460164,0.818921866208,0.00204644780798,0.0,0.818880317839,-0.573825966816,-0.0118123564467,0.0,-0.00849925573071,0.00845488808809,-0.999928136178,0.0,0.661715342767,0.26082416505,0.30327697844,1.0,0.0,0.0,0.0
0.465039550586,0.547692304896,-0.12408043501,-1.35585117802,0.0795153316392,1.89416342618,0.159140183468,-0.000527448573125,-0.000645281487937,-0.000219172513642,0.000294285323526,-6.15046338882e-05,0.000230769208817,-0.00191911324996,0.57388507404,0.818921556628,0.00203783827491,0.0,0.818879930026,-0.57382650692,-0.0118130037503,0.0,-0.00850472154294,0.00844821405014,-0.999928146114,0.0,0.66171596433,0.260820424963,0.303272220318,1.0,-0.0002,-0.000262857142857,0.011
0.465039405308,0.547690750855,-0.12407538206,-1.35585276068,0.0795185254547,1.89416262579,0.159142625849,-0.000177554544658,-0.00228658839052,0.00226504117482,0.000844587365433,-4.94679492233e-05,5.92295479777e-06,9.33451874719e-05,0.573887205272,0.81892004079,0.00204678253537,0.0,0.818878490586,-0.573828562644,-0.0118129272305,0.0,-0.0084995042109,0.00845551678239,-0.999928128749,0.0,0.661715188992,0.260823609854,0.30327734357,1.0,-0.00054,-0.000709714285714,0.028
0.465036092813,0.547657877098,-0.124082576053,-1.35588331809,0.0795159252643,1.89416503992,0.15913984573,-0.0013825858845,-0.00579845066675,-0.000396193171701,-0.00630623032829,0.000329657655701,-3.85475408309e-06,0.00151398376902,0.573893606197,0.818915548691,0.00204933618551,0.0,0.818874063752,-0.573834984549,-0.0118078415818,0.0,-0.00849380780156,0.00845475581722,-0.999928183588,0.0,0.661712196427,0.260813802237,0.303286530367,1.0,-0.0009,-0.00118285714286,0.046
0.465038229694,0.547572768144,-0.124083660845,-1.355968614,0.0795151104628,1.8941870832,0.15913655647,-0.00049020125704,-0.00412561269946,-0.00246133508145,-0.0091721948336,0.000108675639107,0.00202959584004,-0.00038479294467,0.573894364889,0.818914961981,0.00207120587577,0.0,0.818873715947,-0.573835611282,-0.0118015023656,0.0,-0.00847605836165,0.008469034812,-0.999928213365,0.0,0.661699027398,0.260806950002,0.303308172148,1.0,-0.00122,-0.00160342857143,0.062
0.465026854466,0.547431620102,-0.124079896801,-1.35615773593,0.0795157692366,1.89421958587,0.159131460461,-0.00210309193459,-0.0123106507172,5.53497329498e-05,-0.00960936512643,7.90319080756e-05,0.00195355748962,0.000161640622182,0.573907357693,0.818905866032,0.00206742963539,0.0,0.818864395106,-0.573848441933,-0.0118243401595,0.0,-0.00849679383313,0.00847918358578,-0.999927951375,0.0,0.661667941482,0.260783316509,0.303320840254,1.0,-0.00156,-0.00205028571429,0.079
0.465013579223,0.547291790887,-0.124083631273,-1.35635324429,0.0795093570994,1.8943011726,0.159129391548,-0.00225192556855,-0.0117454765401,-0.00131190561696,-0.0132180979043,0.000355398238879,0.00205364646121,-0.000431483942666,0.573928438185,0.818891031569,0.00209121016855,0.0,0.818849853624,-0.573869409234,-0.0118137744346,0.0,-0.0084742755455,0.00849281176366,-0.999928026811,0.0,0.661647758426,0.260755504936,0.303334030062,1.0,-0.00188,-0.00247085714286,0.095
0.464996749237,0.54710802222,-0.124075754094,-1.3565386887,0.0795055139988,1.89440805255,0.15911540652,-0.000881740488723,-0.011139815043,0.00129675297071,-0.0121300114925,6.26369756124e-05,0.00935105859525,-0.00256799332502,0.573935100855,0.818886104883,0.00218955193482,0.0,0.818846137506,-0.573875618992,-0.0117696184893,0.0,-0.00838160794068,0.00854806789617,-0.999928337024,0.0,0.661631434574,0.260736168829,0.303385649029,1.0,-0.00222,-0.00291771428571,0.112
0.464971432977,0.546894186527,-0.124081084013,-1.35680904231,0.0794993024526,1.8945468979,0.159097791109,-0.000862928927396,-0.0175860447207,0.000586113452041,-0.018197678013,0.000601463809302,0.00678843160257,-0.000896327586829,0.573948048817,0.818876830108,0.00226302281654,0.0,0.818837806666,-0.573888275083,-0.0117320500096,0.0,-0.00830854162704,0.00858680117369,-0.999928614943,0.0,0.661614709265,0.26070010548,0.303421033437,1.0,-0.00254,-0.00333828571429,0.128
0.464941586096,0.546668314219,-0.124078580312,-1.35713326802,0.0794915903198,1.89466709239,0.159054292653,-0.00523044541437,-0.0131308968229,0.000742933174226,-0.0226078653942,-0.00130397997934,0.0138090022201,-0.00019854904641,0.573961635276,0.818867241752,0.00228659532363,0.0,0.818828423926,-0.573901667255,-0.0117318112211,0.0,-0.00829467472501,0.00860610449241,-0.999928564117,0.0,0.66157690844,0.260648388612,0.303435933998,1.0,-0.00288,-0.00378514285714,0.145
0.464909771212,0.546386444883,-0.124080788146,-1.35753545941,0.0794745054613,1.89480825318,0.158962937374,-0.00213172983814,-0.0214121558741,-0.000144546059806,-0.0267202171776,-0.00234570456984,0.0117296638663,-0.00542012563467,0.573932310598,0.818887732271,0.00230904496627,0.0,0.818849139088,-0.573872192656,-0.0117277794748,0.0,-0.00827879743349,0.00862187705277,-0.999928559823,0.0,0.661529970219,0.260588839123,0.303456412944,1.0,-0.00322,-0.004232,0.162
0.464867033628,0.546117110714,-0.124076152099,-1.3579706652,0.0794465172637,1.89495056831,0.158924754902,-0.0027963868636,-0.0179592470786,-0.00100953411027,-0.0255417474881,-0.00490795425398,0.0144330412623,0.00129372353316,0.57395671916,0.818870702878,0.00228109642552,0.0,0.818831758995,-0.573896715753,-0.0117412525574,0.0,-0.00830561389626,0.0086069707061,-0.999928465858,0.0,0.661474579007,0.260512775559,0.303447853553,1.0,-0.00356,-0.00467885714286,0.179
0.464805422159,0.545758705443,-0.124078715254,-1.35856611464,0.0794117595843,1.89515110398,0.158862317077,-0.00521912604285,-0.023689647117,0.00061866068954,-0.0344451447952,4.4354123863e-05,0.0153644752004,-0.000513784045268,0.573974733521,0.818858140343,0.00225791384854,0.0,0.818818819855,-0.573914737624,-0.0117626991257,0.0,-0.008336292397,0.00860048003486,-0.999928266413,0.0,0.661408521269,0.260420015589,0.303439917705,1.0,-0.00392,-0.005152,0.197
0.464741921313,0.545411668819,-0.124081536881,-1.35917056998,0.0793817516594,1.8953390879,0.158769748211,-0.00488563672769,-0.0253486110515,0.000676474511561,-0.0386574056037,-7.86151745068e-05,0.012315151548,0.00145192685417,0.57397856564,0.818855606772,0.00220189574469,0.0,0.818815458061,-0.573918681931,-0.0118041971977,0.0,-0.00840238572719,0.00857846761094,-0.999927902305,0.0,0.661335178912,0.260317080957,0.303414263656,1.0,-0.00426,-0.00559885714286,0.214
0.464684345933,0.545033327598,-0.124081564135,-1.35982803294,0.0793465802109,1.89554076405,0.158696922053,-0.00432425595107,-0.0209020756899,-0.000293415314385,-0.0369388687886,0.000312382100173,0.0136155361077,-0.0131636775926,0.573993281322,0.818845459597,0.00213850326699,0.0,0.818804381683,-0.573933538806,-0.0118500831578,0.0,-0.00847619123474,0.0085530486336,-0.999927497142,0.0,0.661251246311,0.26021389943,0.303386600691,1.0,-0.00458,-0.00601942857143,0.23
0.464620432719,0.544639238886,-0.124084643741,-1.36049670443,0.0793128117269,1.89577031753,0.158615237334,-0.00482783708387,-0.0243737700456,-0.0002587993481,-0.0416681558733,-0.00531484305291,0.0162879286039,0.000907660990219,0.574009182616,0.818834406236,0.00210245978528,0.0,0.81879278288,-0.573949505679,-0.0118781536789,0.0,-0.00851969919097,0.00853981260054,-0.999927240516,0.0,0.661172908955,0.260105763203,0.303367243215,1.0,-0.0049,-0.00644,0.246
0.464558635843,0.544183798855,-0.124087153985,-1.36124486939,0.0792789993422,1.8960206694,0.158519172986,-0.00145849328344,-0.0324871505233,-0.000812575376067,-0.0429157436327,-0.00525315402984,0.00717613012687,-0.00650629455609,0.574015492284,0.818830060404,0.00207212402006,0.0,0.818787906767,-0.573955802517,-0.0119099702306,0.0,-0.00856309890467,0.00853330180647,-0.999926925379,0.0,0.66108128939,0.259992135534,0.303355217329,1.0,-0.00524,-0.00688685714286,0.263
0.464489529201,0.54371838873,-0.124088047926,-1.36200879395,0.0792403804521,1.89629886205,0.158423897846,-0.00100692639143,-0.0286385964827,-0.000811075301033,-0.0490222176519,-0.00120139709043,0.00897929970555,-0.00200590976778,0.574027016509,0.818822017498,0.00205788224527,0.0,0.818779599888,-0.573967305656,-0.0119266821146,0.0,-0.0085848380682,0.0085313540075,-0.999926755595,0.0,0.660993561236,0.259873990054,0.303345055819,1.0,-0.00556,-0.00730742857143,0.279
0.464408812619,0.543193645828,-0.124087913293,-1.36285037703,0.0791841369237,1.89658063687,0.158319030995,-0.00999760483691,-0.032162043322,0.000194093585928,-0.0496300883466,-0.00529350430252,0.0125206116666,-0.00528581629881,0.574038864513,0.818813792204,0.00202549404486,0.0,0.818770951413,-0.573979284968,-0.0119438876234,0.0,-0.00861739420652,0.00851483531234,-0.999926616356,0.0,0.660893882261,0.259737725901,0.303340100063,1.0,-0.0059,-0.00775428571429,0.296
0.464340658793,0.542638500845,-0.12409640893,-1.36374285351,0.0791301347677,1.89689840845,0.158200408925,-0.00331240887798,-0.0342829692794,-0.000505299633249,-0.0534506055632,-0.00130364332728,0.0239718180757,-0.0122019435042,0.57403871125,0.818813946609,0.00200642120442,0.0,0.818770872983,-0.573979226674,-0.0119520626746,0.0,-0.00863503776868,0.00850390962226,-0.999926557125,0.0,0.660788921747,0.259601934257,0.303335779197,1.0,-0.00624,-0.00820114285714,0.313
0.464265769774,0.542048342258,-0.124091816448,-1.36465933282,0.0790785017478,1.89723690922,0.158098867382,-0.00489914679231,-0.0378658240789,0.00121065952609,-0.0522303453165,-0.00571743346194,0.0241117765201,-0.00726370999494,0.574050845507,0.818805407426,0.00201951598485,0.0,0.818762439585,-0.573991240827,-0.0119528188816,0.0,-0.0086280143642,0.00851519356355,-0.999926521724,0.0,0.660681966719,0.259468687086,0.303346095322,1.0,-0.00658,-0.008648,0.33
0.46417991964,0.54137134416,-0.124094767718,-1.36568014503,0.0790165969652,1.89759837552,0.157944706667,-0.00342895584649,-0.0384469741634,0.00275244619262,-0.0540690857931,-0.00461378465804,0.0186953384838,-0.00348840086165,0.57403700187,0.818815074731,0.00203489028054,0.0,0.818772292463,-0.573977320315,-0.0119463701769,0.0,-0.00861405296605,0.00852393441167,-0.999926567621,0.0,0.660562800262,0.259312488946,0.30337029098,1.0,-0.00694,-0.00912114285714,0.348
0.464091639773,0.540743766714,-0.124093127866,-1.36664501741,0.0789651907163,1.89795371435,0.157825134227,-0.00687044152664,-0.0421290078709,0.0068413365396,-0.0600015062828,-0.00349353310758,0.0155975715166,-0.0038622453187,0.574050007718,0.818805908101,0.00205436089097,0.0,0.81876329921,-0.573990164128,-0.0119456373893,0.0,-0.0086021411433,0.00853959295003,-0.999926536562,0.0,0.660452839347,0.259164628207,0.303385415239,1.0,-0.00726,-0.00954171428571,0.364
0.464005701771,0.540051417708,-0.12410226597,-1.3676779923,0.0788980768689,1.89832084123,0.157689849265,-0.00948952614376,-0.0455444206168,-0.000507664877517,-0.0706980661423,-0.00519525005965,0.0224668188398,-0.00591042488248,0.574055161195,0.818802247515,0.00207322714557,0.0,0.818759945301,-0.573995299615,-0.0119287422644,0.0,-0.00857742348149,0.00854539593309,-0.999926699321,0.0,0.66033376798,0.259003103791,0.303415154848,1.0,-0.00758,-0.00996228571429,0.38
0.463898279856,0.539210118578,-0.124103213893,-1.36895558491,0.0788212914718,1.89880377933,0.157545232388,-0.00653690125565,-0.0497984053629,0.000698494147363,-0.0660222266547,-0.000840993202249,0.0238371763395,-0.000581414898387,0.574075577115,0.818787833485,0.00211243869368,0.0,0.818746049438,-0.574015560089,-0.0119075692842,0.0,-0.00853736454714,0.0085655604576,-0.999926869616,0.0,0.660189184258,0.258811360842,0.303443370418,1.0,-0.00796,-0.0104617142857,0.399
0.463791807119,0.538443848265,-0.124103904208,-1.3701334766,0.0787603789259,1.89926121922,0.157379560418,-0.00354598058729,-0.0476801416903,0.000413684980023,-0.0748195407002,-0.00138785824902,0.0292831713964,-0.00902515686436,0.574076531958,0.818787050198,0.00215610390584,0.0,0.81874576523,-0.574016268174,-0.0118929681163,0.0,-0.00850033322197,0.00859294027391,-0.999926950188,0.0,0.660059148286,0.258632089885,0.303463695333,1.0,-0.0083,-0.0109085714286,0.416
0.463676411145,0.53760692596,-0.12411422223,-1.37143708812,0.078688389555,1.89975926122,0.157228826283,-0.00249131839196,-0.0485390321986,0.000591182420268,-0.0734074216086,-0.00953636667225,0.0255657213748,-0.0117396170884,0.574107635876,0.818765170799,0.00218275445967,0.0,0.818724233946,-0.574047262528,-0.0118792270104,0.0,-0.00847345625005,0.00860719462302,-0.99992705571,0.0,0.659914820687,0.258428323584,0.303477767662,1.0,-0.00866,-0.0113817142857,0.434
0.463584345809,0.536822733354,-0.124121288652,-1.37264700546,0.0786117588472,1.90020283539,0.15707713829,-0.00631285621241,-0.0518839156132,-0.000729336518279,-0.0780024855362,-0.00656733015728,0.0293587498622,-0.00475022070803,0.574109889329,0.818763559941,0.00219426237345,0.0,0.818722821198,-0.574049518996,-0.0118675478724,0.0,-0.00845726331228,0.0086099350444,-0.999927169206,0.0,0.659773151442,0.258247844146,0.303494202188,1.0,-0.00898,-0.0118022857143,0.45
0.463471903939,0.53602651832,-0.124119638788,-1.37389444166,0.0785354312573,1.90066789972,0.156926238858,-0.00768297809285,-0.0509548040037,0.00133980317593,-0.0788033273054,-0.00218216431424,0.0218990087864,-0.0111402241873,0.574125461707,0.818752611186,0.00220517504297,0.0,0.818712006552,-0.574065038073,-0.0118629376982,0.0,-0.0084470599538,0.00861638375949,-0.999927199905,0.0,0.65963037434,0.258056201911,0.303502713325,1.0,-0.0093,-0.0122228571429,0.466
0.463343754443,0.535017008167,-0.124123054889,-1.37547134405,0.078448916794,1.90122811401,0.156740315252,-0.00585769174554,-0.0537075978724,-0.000158809146272,-0.0848717333644,-0.00204139093685,0.0252185276179,-0.00356005275429,0.574143832598,0.818739736089,0.00220248491217,0.0,0.818698970683,-0.574083289133,-0.0118793704367,0.0,-0.00846186575071,0.00862380543687,-0.99992701074,0.0,0.659451269084,0.257831090393,0.303511484811,1.0,-0.00966,-0.012696,0.484
0.463223679585,0.534181428085,-0.124125587974,-1.37685211261,0.0783761742686,1.90172627518,0.156567544257,-0.00972925996441,-0.054058027703,3.29518981056e-05,-0.0884668296029,-0.00554396821142,0.0301029349504,-0.0058196660476,0.57415873969,0.818729376071,0.00216732471819,0.0,0.818688042377,-0.574098223248,-0.0119107612382,0.0,-0.00850759664473,0.0086131963227,-0.999926714139,0.0,0.659277095998,0.257608223363,0.303488716056,1.0,-0.01,-0.0131428571429,0.501
0.463111557633,0.533375007855,-0.124126278266,-1.37814643885,0.0783006270456,1.90219640413,0.156406500559,-0.0119588335006,-0.0550437908276,-0.00034084914878,-0.0899254088027,-0.00755134339536,0.0361748071166,-0.00906854981057,0.574179689396,0.818714729376,0.00215013686936,0.0,0.818673138225,-0.574119206077,-0.0119237940205,0.0,-0.00852791511106,0.00860682535364,-0.999926595917,0.0,0.659116123431,0.257390437747,0.303479940213,1.0,-0.01032,-0.0135634285714,0.517
0.46296309584,0.532317660908,-0.124129494586,-1.37984750539,0.078211578834,1.9028471023,0.156192306097,-0.0111521661537,-0.0589022693759,-0.000657600392866,-0.089364180769,1.09170507323e-05,0.0300627687986,-0.0185760956049,0.574187522809,0.818709201044,0.00216325640222,0.0,0.818667658882,-0.57412686195,-0.011931369963,0.0,-0.00852650292154,0.00862199781729,-0.999926477248,0.0,0.658929471385,0.257152496936,0.303474528358,1.0,-0.01068,-0.0140365714286,0.535
0.462838517286,0.531405498764,-0.12412480938,-1.3813224609,0.078124566284,1.90338555374,0.156000741274,-0.00490751076642,-0.052932207349,0.00063097909162,-0.0900544848193,-0.00673037805139,0.0286367667806,-0.01341919445,0.574186483961,0.818709980535,0.00214390073684,0.0,0.818668107641,-0.574125823109,-0.0119505511062,0.0,-0.00855333136649,0.00861715398719,-0.999926289873,0.0,0.658752746946,0.256932489402,0.303461940481,1.0,-0.011,-0.0144571428571,0.551
0.462711023435,0.530447888897,-0.124131004303,-1.38287222598,0.078022293198,1.90392403891,0.155800177096,-0.00768276836609,-0.0597723839308,-0.00141008602293,-0.0914537174719,-0.00137768653614,0.0238108728646,-0.0151048590554,0.574187723614,0.818709245014,0.00209214742459,0.0,0.818666725988,-0.574127305047,-0.0119739826612,0.0,-0.00860221696104,0.00858825067962,-0.999926119178,0.0,0.658563437842,0.256693533978,0.303445912906,1.0,-0.01132,-0.0148777142857,0.567
0.462558353312,0.529345624548,-0.124131977649,-1.38461378012,0.0779081146447,1.90456935397,0.155569581611,-0.0119046056101,-0.0601359874751,-0.000313157522367,-0.0983027489257,-0.0114896289238,0.0332530334031,-0.0103800647016,0.574188540731,0.818708673795,0.0020914220742,0.0,0.818666204141,-0.57412818381,-0.011967524916,0.0,-0.00859733762097,0.00858395750622,-0.999926198006,0.0,0.65835992594,0.256425505102,0.303449354524,1.0,-0.01168,-0.0153508571429,0.585
0.462441064684,0.528442877103,-0.124135169416,-1.38602274827,0.0778191450124,1.90509976504,0.155379287334,-0.00957370663018,-0.0697990851546,-0.000678537755554,-0.10199339378,-0.00732269036681,0.0391662722237,-0.0166188456797,0.57418354654,0.818712132319,0.00210859623334,0.0,0.818669928048,-0.574123160683,-0.011953751651,0.0,-0.00857625268871,0.00859005722926,-0.999926326689,0.0,0.658195610409,0.256212640462,0.303460473453,1.0,-0.01196,-0.0157188571429,0.599
0.462301521399,0.52733872347,-0.124130394924,-1.38775443544,0.0777085139437,1.90576339746,0.155131189046,-0.004971256898,-0.0677989856518,0.000382949358829,-0.100856503875,-0.00693355434797,0.0403127926259,-0.0214231776324,0.57415538692,0.818731809507,0.00213604150306,0.0,0.818689996353,-0.574094925464,-0.0119353814362,0.0,-0.00854575038508,0.00860168496597,-0.999926487881,0.0,0.657992297443,0.255959654071,0.303470851199,1.0,-0.0123,-0.0161657142857,0.616
0.462161810324,0.526250522798,-0.124138365718,-1.38944493993,0.0776130012384,1.90640069821,0.154902084526,-0.0100368081406,-0.0709966332912,-0.000341253800425,-0.103331663593,-0.00818148257764,0.0460611684506,-0.0143461832215,0.574153521001,0.818733036369,0.00216711352544,0.0,0.81869159797,-0.574092902869,-0.0119228012768,0.0,-0.00851763078748,0.00861988192781,-0.999926571105,0.0,0.657794567711,0.255704501077,0.303487476863,1.0,-0.01262,-0.0165862857143,0.632
0.462017927983,0.525066089619,-0.124147502599,-1.39127186137,0.0774799606541,1.90705467085,0.154661398988,-0.0072951260464,-0.0720280516891,-0.000632920827696,-0.108117622838,-0.003339502689,0.037858702645,-0.0208809510678,0.574143043807,0.818740393508,0.00216337419106,0.0,0.8186990923,-0.574082630239,-0.0119028074656,0.0,-0.00850351744154,0.00860523227208,-0.999926817406,0.0,0.657573534816,0.255426145918,0.303507999669,1.0,-0.01296,-0.0170331428571,0.649
0.461861273761,0.523907839417,-0.124159515786,-1.39316852215,0.0773766757016,1.90772732357,0.154406834414,-0.0107735229387,-0.0713655589596,0.00173282156079,-0.115372887171,-0.00451943217974,0.0443920116762,-0.0145781872628,0.574135928783,0.818745519269,0.00211112739408,0.0,0.81870336639,-0.574075556898,-0.0119498843096,0.0,-0.00857213263992,0.00858941040411,-0.999926367575,0.0,0.657326650739,0.255121094197,0.303477144239,1.0,-0.01332,-0.0175062857143,0.667
0.461682381585,0.522535922558,-0.124152532868,-1.39531746475,0.0772411514594,1.90854950232,0.154114666263,-0.00525273935768,-0.0721677236643,-0.000911859799242,-0.114835672207,-0.0158178815258,0.0435045649619,-0.0180698709098,0.574126657109,0.818751929924,0.00214609981981,0.0,0.818710291032,-0.574066201758,-0.0119248588726,0.0,-0.00853166210483,0.00860357901466,-0.999926591891,0.0,0.657086697485,0.254818466207,0.303490932661,1.0,-0.01368,-0.0179794285714,0.685
0.461528369913,0.521382207836,-0.124158572747,-1.39716437455,0.0771292712732,1.90928615784,0.153862054061,-0.0119919015401,-0.0733705810083,-0.00038462856924,-0.117121876281,-0.00622062946309,0.0506236239895,-0.017198586751,0.574119238793,0.818757046408,0.00217841815863,0.0,0.818715897665,-0.57405872359,-0.0118999025808,0.0,-0.00849275265383,0.0086156344673,-0.99992681932,0.0,0.656875526083,0.254541539306,0.303486535117,1.0,-0.014,-0.0184,0.701
0.46136959098,0.520167463852,-0.124161450113,-1.39908655949,0.0770053950512,1.90998383913,0.153604517382,-0.00903101023161,-0.0776590873055,-0.00438392613572,-0.118271095116,-0.0107643405014,0.0447149408342,-0.0124098792875,0.574109441055,0.818763951237,0.00216535145408,0.0,0.818722655125,-0.574049002814,-0.0119039175677,0.0,-0.00850364446146,0.00860713946702,-0.999926799911,0.0,0.656640939992,0.254250715313,0.30348534499,1.0,-0.01432,-0.0188205714286,0.717
0.461202538346,0.518836264023,-0.124164646395,-1.40115808341,0.0768689990338,1.91072219413,0.153322756526,-0.00714780522456,-0.0851656521515,-0.00107823544907,-0.128596423857,-0.0118162119372,0.0467698542275,-0.0210615933672,0.574090926794,0.818776951745,0.00215823172167,0.0,0.818735595975,-0.574030553047,-0.0119035689052,0.0,-0.00850764071271,0.00860091763414,-0.999926819455,0.0,0.656384435494,0.253938880101,0.303497986667,1.0,-0.01466,-0.0192674285714,0.734
0.461033208898,0.517564018037,-0.124170317978,-1.40315330566,0.0767398049037,1.91143706267,0.153059539303,-0.0082143224702,-0.0770413086207,-0.000605048887097,-0.126543890773,-0.00856767722023,0.0495288074266,-0.0142524904578,0.574088873456,0.818778423078,0.00214620041657,0.0,0.818736939095,-0.574028577354,-0.0119064622374,0.0,-0.00851693798077,0.00859270648868,-0.999926810903,0.0,0.656139765018,0.25363200377,0.303503243153,1.0,-0.01498,-0.019688,0.75
0.460848679692,0.516216352997,-0.124181655884,-1.405267531,0.0765958002724,1.91222814312,0.152764963151,-0.00792431943734,-0.0791315063321,-0.000942324889769,-0.127212972284,-0.00929763140075,0.0482653622902,-0.0149663486859,0.574079775018,0.818784778811,0.00215518068558,0.0,0.818743576797,-0.574019610555,-0.0118822999871,0.0,-0.00849209388803,0.00858609375536,-0.999927079009,0.0,0.655889332455,0.25330152787,0.303511163762,1.0,-0.01532,-0.0201348571429,0.767
0.460654478117,0.514758999403,-0.124179917506,-1.40758899827,0.0764559097857,1.91311571835,0.15245011253,-0.00924710457853,-0.0790170892522,0.000120127943571,-0.133480694674,-0.0136978115057,0.0595031255775,-0.0184482368478,0.574064718348,0.818795285568,0.00217402420064,0.0,0.818754302336,-0.574004453496,-0.0118754652503,0.0,-0.00847583857386,0.00859744280924,-0.999927119413,0.0,0.655610318919,0.252956406101,0.303504930659,1.0,-0.01568,-0.020608,0.785
0.460470521958,0.513353108343,-0.12418335013,-1.40985733693,0.0763309427342,1.91389718726,0.152141915136,-0.0149564432689,-0.0786292943291,-0.000590831978757,-0.130154815987,-0.00553758094803,0.0529053750718,-0.0207378756094,0.574050813518,0.818805194671,0.00211271865159,0.0,0.818763176353,-0.573990559833,-0.0119350396619,0.0,-0.00855995671783,0.00858130067782,-0.999926541512,0.0,0.655318214679,0.252615968496,0.303478445848,1.0,-0.01602,-0.0210548571429,0.802
0.460280506633,0.512002711033,-0.124186302766,-1.41200539766,0.0761917158658,1.91466728429,0.151838040956,-0.0109302672819,-0.0844597191766,-0.00018285040119,-0.135479024458,-0.00981668849235,0.0458828902877,-0.010189392419,0.574034518242,0.818816691447,0.00208436443296,0.0,0.818774309582,-0.57397438926,-0.0119489474151,0.0,-0.0085877911279,0.00856589724251,-0.999926434918,0.0,0.655052349304,0.252282379602,0.303468839154,1.0,-0.01634,-0.0214754285714,0.818
0.460069989638,0.510461451834,-0.1241869934,-1.41446607774,0.0760424089098,1.91560459127,0.151480884369,-0.0114742679282,-0.0846424316692,0.000825735672883,-0.144203506402,-0.00537556647739,0.053555095364,-0.0212405679842,0.574003493091,0.81883840661,0.00209778003474,0.0,0.818796179925,-0.573943293005,-0.0119439966756,0.0,-0.00857636154684,0.00857371516264,-0.999926466012,0.0,0.654754724148,0.251911800951,0.30345809098,1.0,-0.0167,-0.0219485714286,0.836
0.459883436809,0.509060996839,-0.124195444223,-1.41668243108,0.0759031181389,1.91642802339,0.151179893105,-0.00974089268994,-0.0846960360827,-0.0012088121045,-0.139762995856,-0.00388416752867,0.05102405024,-0.0166907857228,0.573993686618,0.818845277297,0.0020991600907,0.0,0.81880310292,-0.573933516397,-0.0119391919939,0.0,-0.00857173767916,0.0085719846609,-0.999926520496,0.0,0.654483172686,0.251573526978,0.30345492306,1.0,-0.01702,-0.0223691428571,0.852
0.45967306548,0.507558447083,-0.124193139058,-1.41904211452,0.0757497283702,1.91727391529,0.150839946959,-0.0158406721568,-0.0903584877695,0.000754318715891,-0.142944633955,-0.00701156493219,0.0466947402931,-0.0207391658961,0.573966765728,0.818864181073,0.00208607215182,0.0,0.818821817869,-0.573906634573,-0.0119478984255,0.0,-0.00858666073145,0.00856598292981,-0.999926443892,0.0,0.654187940919,0.251209662666,0.303456063786,1.0,-0.01736,-0.022816,0.869
0.459478348468,0.506185686112,-0.124198264811,-1.42119944036,0.0756076208857,1.91807318665,0.150561697926,-0.0170018797807,-0.0929714234508,0.000490889907431,-0.138432265562,-0.0075293632294,0.0560878835291,-0.0133572993103,0.573975214032,0.818858246486,0.00209110994042,0.0,0.818816023532,-0.573915135518,-0.0119366549917,0.0,-0.0085744738158,0.0085637433085,-0.999926567654,0.0,0.653924673591,0.250872701796,0.30345848209,1.0,-0.01766,-0.0232102857143,0.884
0.459251999958,0.504567891859,-0.124199839041,-1.42367302043,0.0754528990023,1.91902930668,0.150214407534,-0.0109515862374,-0.0992896464303,0.000442301778719,-0.149771931916,-0.0115031786052,0.0536727534989,-0.0214724322199,0.573963310096,0.818866376607,0.00217320665448,0.0,0.818825277737,-0.573902954709,-0.0118873889536,0.0,-0.0084871368032,0.00860256728069,-0.999926979507,0.0,0.653630276839,0.250491444138,0.303494574102,1.0,-0.018,-0.0236571428571,0.901
0.459024298937,0.502903102271,-0.124213249171,-1.42616007509,0.0753028817689,1.91996897867,0.149863378321,-0.00960660959184,-0.103888385338,-0.00156194988818,-0.151294436001,-0.010084330942,0.0608983591826,-0.0210598473609,0.573959302385,0.818868916912,0.00227222850551,0.0,0.818829141709,-0.573898592169,-0.0118317156527,0.0,-0.0083847568739,0.00865165675018,-0.99992741971,0.0,0.653332273371,0.250101150415,0.303555352798,1.0,-0.01834,-0.024104,0.918
0.458790735727,0.501207786784,-0.124219667048,-1.42870143852,0.0751402116065,1.92087523323,0.149510668025,-0.0116179800832,-0.105214626538,-0.00185584461178,-0.153797565176,-0.00458637058563,0.0542831822289,-0.0195870566525,0.573952125356,0.818873809477,0.00232139028828,0.0,0.818834676324,-0.573891228991,-0.0118058052497,0.0,-0.00833539967553,0.00867696893847,-0.999927613041,0.0,0.653014770413,0.249700979266,0.303607805268,1.0,-0.01868,-0.0245508571429,0.935
0.45857194436,0.49960225547,-0.124211852392,-1.43113802612,0.0749851203968,1.92174075587,0.149177073525,-0.0131212620341,-0.101420860202,0.000614296919394,-0.153324455345,-0.0051692706389,0.0533733419144,-0.0211399701554,0.573934567027,0.818886028309,0.00235208676168,0.0,0.818847215279,-0.573873473119,-0.0117992279586,0.0,-0.00831258276413,0.00869815195097,-0.999927618941,0.0,0.652703623516,0.249328602825,0.30364290448,1.0,-0.019,-0.0249714285714,0.951
0.458308927475,0.497945983263,-0.12421245565,-1.43377031189,0.0748189593388,1.92272911406,0.148791405412,-0.0163561847564,-0.100669970343,0.000371722504002,-0.156229071969,-0.00266332605357,0.0612677097112,-0.0216467594926,0.573917169581,0.818898228411,0.00234965265038,0.0,0.818859389513,-0.573856093177,-0.0117996369025,0.0,-0.00831449934492,0.00869621677711,-0.999927619838,0.0,0.652361770389,0.248883890061,0.303625793261,1.0,-0.01936,-0.0254445714286,0.969
0.458044051198,0.496173874412,-0.12421256395,-1.43661276918,0.0746385828474,1.92372886619,0.14836353439,-0.0188263395365,-0.096148657379,-0.000250928699717,-0.156307710751,-0.0096032499108,0.0539152688867,-0.0202914838164,0.573885157475,0.818920812857,0.00229678079984,0.0,0.818881184318,-0.5738241825,-0.0118389378581,0.0,-0.00837736553955,0.00867514832204,-0.99992727813,0.0,0.652017749629,0.248458777081,0.303599545558,1.0,-0.0197,-0.0258914285714,0.986
0.457755602859,0.494398448103,-0.124212566722,-1.43951455497,0.0744577388904,1.92472597555,0.147958409581,-0.0188920027252,-0.0971494016922,-0.000476156814282,-0.159852507544,-0.00809981661064,0.0604427646338,-0.023472209266,0.573886745431,0.818920000897,0.0021868814219,0.0,0.818878766866,-0.573826026883,-0.0119164990071,0.0,-0.00850393362703,0.00862967774218,-0.999926603194,0.0,0.651641542537,0.247988734616,0.303541591607,1.0,-0.0212297142857,-0.0279019102041,1.004
0.457486258954,0.492461466772,-0.124271830902,-1.44247405499,0.0742741408841,1.92580835862,0.147530355417,-0.0159118783138,-0.135490323869,-0.00268688539729,-0.202374983301,-0.0156077025079,0.0776364001078,-0.0352479695404,0.573898374272,0.818911747826,0.00222534990512,0.0,0.81887122174,-0.573837711113,-0.0118722538372,0.0,-0.00844550104651,0.0086359084397,-0.999927044638,0.0,0.651279863023,0.247497038078,0.30357684793,1.0,-0.0278948571429,-0.0366618122449,1.02
0.457126478717,0.489931216898,-0.124295686598,-1.44651165972,0.0740535073247,1.92732096133,0.146924980094,-0.0288224583536,-0.162730957832,-0.000204081847367,-0.258372678348,-0.0198777843841,0.092629341405,-0.0425582419509,0.573857510577,0.818940348773,0.00223821513552,0.0,0.818899771061,-0.57379657718,-0.0118911678873,0.0,-0.00845403975968,0.00865687653543,-0.99992679117,0.0,0.650771944071,0.246870490291,0.303547097986,1.0,-0.0349765714286,-0.0459692081633,1.037
0.456635678165,0.486744726395,-0.12432815942,-1.45154905125,0.0737625809471,1.92918965831,0.146200243016,-0.0323930015004,-0.196831854379,-0.00508459813067,-0.310875868202,-0.0154573855264,0.117899444027,-0.0436798684962,0.573861555992,0.818937464726,0.00225617447772,0.0,0.818896973848,-0.573800399728,-0.0118993443507,0.0,-0.00845038777348,0.00867631776268,-0.999926653538,0.0,0.650143142319,0.246057023378,0.303526935313,1.0,-0.0420582857143,-0.0552766040816,1.054
0.45609593678,0.48318773563,-0.124420439019,-1.45708764879,0.0734276427475,1.9312319415,0.145346020279,-0.0322670215091,-0.22692871771,-0.0060210740816,-0.360134599041,-0.0123757964086,0.119498862016,-0.0552983619155,0.573853492844,0.818943012717,0.00229294001879,0.0,0.818903202056,-0.573792400073,-0.0118563983864,0.0,-0.00839420467241,0.00868169869971,-0.999927080059,0.0,0.649459019037,0.245127395456,0.303539642048,1.0,-0.0487234285714,-0.0640365061224,1.07
0.455273324796,0.47797293838,-0.124536507116,-1.46526608799,0.0729391429407,1.93409827043,0.144122339726,-0.0404461555001,-0.28025880142,-0.00589049644788,-0.429158870262,-0.0227344841076,0.156039067469,-0.0627393363282,0.573875971671,0.818927507146,0.00220319770132,0.0,0.818886420452,-0.573815122334,-0.0119156486037,0.0,-0.00849398778411,0.00864243949344,-0.99992657751,0.0,0.648409398722,0.243741750634,0.303513531631,1.0,-0.0570548571429,-0.0749863836735,1.09
0.454703893697,0.47443026688,-0.124594786995,-1.47069642109,0.0725978566328,1.93609776024,0.143348234625,-0.0486616861044,-0.295302736921,-0.00797420371467,-0.469712606906,-0.0294079546628,0.173600770746,-0.0665153317375,0.573920709668,0.818895927528,0.00228599938956,0.0,0.818856072089,-0.573859682699,-0.0118551540436,0.0,-0.00839645613998,0.00867598994256,-0.999927110705,0.0,0.647729704679,0.242823150637,0.303555643277,1.0,-0.0620537142857,-0.0815563102041,1.102
0.453792565857,0.468960302498,-0.124642284841,-1.47907322514,0.0721067517517,1.93914888648,0.142056498086,-0.0539898761314,-0.344194304585,-0.00459406988322,-0.50000552115,-0.0235878408247,0.191521373079,-0.0803904504938,0.573912133397,0.818901545548,0.00242254819072,0.0,0.818863137419,-0.573850235825,-0.0118243782314,0.0,-0.00829298142386,0.00877005839966,-0.999927153614,0.0,0.646661153825,0.241414585496,0.303614184001,1.0,-0.0691354285714,-0.0908637061224,1.119
0.452655497533,0.462160920156,-0.124685928402,-1.48947077269,0.0714352129645,1.94289256165,0.140386710882,-0.0604374113791,-0.368722584623,-0.000498591271239,-0.571896708253,-0.033014839782,0.192419892009,-0.0873605988767,0.57381483425,0.818969380525,0.00253705716549,0.0,0.818932420847,-0.573752476407,-0.0117699958942,0.0,-0.00818378097789,0.00883164664606,-0.999927511246,0.0,0.645310249184,0.239661608921,0.303679477009,1.0,-0.0770502857143,-0.101266089796,1.138
0.451578962123,0.455912482832,-0.12476342382,-1.4991908704,0.0707878835807,1.94619553486,0.138942475327,-0.0636534875244,-0.396478566885,-0.00817894374582,-0.629937086063,-0.0391563805978,0.212844654595,-0.0945552690921,0.573843324802,0.818949906463,0.00237406526134,0.0,0.818910731543,-0.573781479544,-0.011864838709,0.0,-0.00835467472615,0.00875287453287,-0.999926790619,0.0,0.643999922958,0.237978156333,0.303640822311,1.0,-0.0837154285714,-0.110025991837,1.154
0.450412086645,0.449077308976,-0.12485551433,-1.50933921052,0.0700764900075,1.94998441707,0.137300239305,-0.0686165876243,-0.438343187737,-0.0093292788165,-0.643102959352,-0.0460220154378,0.248886016154,-0.102825111923,0.57378962038,0.818986429809,0.00272877880762,0.0,0.818952696288,-0.57372740319,-0.0115799383493,0.0,-0.00791838964047,0.00887936014674,-0.99992922553,0.0,0.642704875274,0.236209559467,0.30383270504,1.0,-0.0903805714286,-0.118785893878,1.17
0.449036474952,0.44144099393,-0.12487558449,-1.52098309156,0.0693399818922,1.9540946118,0.135517886874,-0.079999156426,-0.454471934363,-0.00206249609004,-0.706585141335,-0.0522903112456,0.244087337782,-0.111439327732,0.573792448165,0.8189841057,0.00282983042061,0.0,0.818951177562,-0.573729323837,-0.0115921801093,0.0,-0.00787040609587,0.0089691710441,-0.999928802805,0.0,0.641129279876,0.234205869431,0.303876018324,1.0,-0.0974622857143,-0.128093289796,1.187
0.447628585793,0.433777854105,-0.124908417996,-1.53266664561,0.0685416054581,1.95813180953,0.13360783318,-0.0936106027026,-0.502186958533,-0.000254404933436,-0.731023881172,-0.0476103741989,0.274713278534,-0.117158341831,0.573698362868,0.819050012693,0.00283055682639,0.0,0.81901692813,-0.573635059272,-0.0116119383227,0.0,-0.00788720345085,0.00898019685895,-0.999928571492,0.0,0.639518708316,0.232160217328,0.303898693886,1.0,-0.104127428571,-0.136853191837,1.203
0.445992801987,0.425161052404,-0.124941930679,-1.54574268109,0.0676198509267,1.96272859485,0.131473434976,-0.0999330716705,-0.509945776151,-0.00013786258796,-0.800818523426,-0.0543051657644,0.269758078527,-0.131645087107,0.573621559597,0.81910350261,0.00291638127027,0.0,0.819071651898,-0.573558122985,-0.0115522948299,0.0,-0.00778996097196,0.00901554417902,-0.999929015716,0.0,0.63771868155,0.229841378705,0.303941225603,1.0,-0.111209142857,-0.146160587755,1.22
0.444185740788,0.416050063268,-0.12505303303,-1.55956696651,0.0666213720746,1.96744751063,0.129208212334,-0.104833073946,-0.549161043524,-0.00928308122151,-0.842528814342,-0.0602975765197,0.293883517747,-0.131779727196,0.573630402198,0.819097470519,0.00287095197114,0.0,0.819065337103,-0.573567463764,-0.0115362458474,0.0,-0.0078027753798,0.00896921127445,-0.999929332476,0.0,0.635788978106,0.227290544242,0.303957177374,1.0,-0.118290857143,-0.155467983673,1.237
0.442229216241,0.406472690826,-0.125130150332,-1.57407354028,0.0656491467303,1.9724564,0.126796628321,-0.11774537851,-0.576873667973,-0.00289400647438,-0.854326019071,-0.0550228602357,0.294106864356,-0.135728700651,0.573640095389,0.819090446275,0.0029374621401,0.0,0.819058782014,-0.573576487893,-0.0115529668145,0.0,-0.00777821528102,0.00903337306862,-0.999928946245,0.0,0.6337403576,0.22462302534,0.30396735101,1.0,-0.124956,-0.164227885714,1.254
0.440046384087,0.396394175566,-0.125270294408,-1.58917747715,0.0646077067856,1.97760538991,0.124216995389,-0.128665812611,-0.602852232406,-0.00997660845424,-0.905327597923,-0.0581986541604,0.314859334286,-0.155656038467,0.573731271096,0.819026268627,0.0030243621678,0.0,0.818995623077,-0.573667249852,-0.0115240066057,0.0,-0.0077036349214,0.00908879732356,-0.999929021367,0.0,0.631602678281,0.221721088835,0.304020926942,1.0,-0.132454285714,-0.17408277551,1.271
0.437760084279,0.385956779381,-0.125401147749,-1.60498914793,0.0633814564776,1.98288124196,0.121473785446,-0.141366434798,-0.619808358375,-0.00626737121981,-0.952408230441,-0.0698728323434,0.307322830017,-0.16514776524,0.573716728345,0.819037048213,0.00285940081439,0.0,0.819004814632,-0.573653872968,-0.0115366606774,0.0,-0.00780879649944,0.00896081077718,-0.999929360789,0.0,0.629296971485,0.218675245213,0.303964284313,1.0,-0.139536,-0.183390171429,1.288
0.435263712185,0.374979897387,-0.125507007423,-1.62122084838,0.062191204177,1.9883021525,0.118533676771,-0.159273723109,-0.652033410691,-0.00416377509542,-0.974163969528,-0.0670938040143,0.321886230383,-0.181335175189,0.573702437966,0.819046657576,0.00297191634048,0.0,0.819015838136,-0.573639178371,-0.0114846341399,0.0,-0.00770179184138,0.00902298287804,-0.999929631615,0.0,0.626913445144,0.215499416175,0.304050750711,1.0,-0.146617714286,-0.192697567347,1.305
0.432729921374,0.364357484699,-0.125643621876,-1.63702387024,0.0609761134609,1.9935497658,0.115756757258,-0.159425716117,-0.678183299353,-0.00601755486571,-0.974559944416,-0.0722913371606,0.339616426905,-0.176249813636,0.573829755478,0.81895747532,0.00296854295606,0.0,0.818926950195,-0.573766886248,-0.0114436615583,0.0,-0.00766876817716,0.00899790658089,-0.999930111394,0.0,0.624569586029,0.212326619364,0.304061529177,1.0,-0.153282857143,-0.201457469388,1.321
0.429506957978,0.351250350299,-0.12578603999,-1.6565694382,0.0594848536063,1.99988585333,0.112136904496,-0.180902503534,-0.706056177766,-0.00855556740443,-1.060812226,-0.0770979651848,0.335010664002,-0.190934615884,0.573869671439,0.818929874712,0.00286485748128,0.0,0.818897861145,-0.573806950631,-0.0115162198622,0.0,-0.0077872512823,0.00895500738409,-0.999929580801,0.0,0.621754035242,0.208586602314,0.304016319929,1.0,-0.160781142857,-0.211312359184,1.339
0.426590054727,0.339717024421,-0.125917722457,-1.67331048813,0.0582005086534,2.00535656767,0.108971407871,-0.183890559956,-0.726943527113,-0.00709002091876,-1.0728823937,-0.0841905242934,0.350044909062,-0.201606514581,0.573947369883,0.818874836997,0.00302734849983,0.0,0.818844932819,-0.573884142742,-0.0114330051201,0.0,-0.00762499971039,0.00904104626568,-0.999930056985,0.0,0.619026742329,0.204916109335,0.30411779966,1.0,-0.167862857143,-0.220619755102,1.356
0.423374044441,0.327211962053,-0.125992482704,-1.69163340818,0.0566791083105,2.01120930916,0.105393813504,-0.193492108732,-0.768357674947,-0.00829555878706,-1.07474344816,-0.0973567460008,0.357749315689,-0.220083549135,0.573844743403,0.818946922961,0.00298240549702,0.0,0.818916737202,-0.573782018484,-0.0114157652119,0.0,-0.00763780219884,0.00899339178805,-0.999930389018,0.0,0.616129787531,0.201152076425,0.304116461741,1.0,-0.174944571429,-0.22992715102,1.373
0.419742649048,0.313542011224,-0.126027350477,-1.71164205071,0.0550467132378,2.0174425879,0.101468884407,-0.200608514879,-0.761965495413,0.00127157621975,-1.11919434194,-0.0931413593501,0.347836842384,-0.225887202283,0.573755935623,0.819009595827,0.00285572784433,0.0,0.818977337643,-0.573693113464,-0.0115359825154,0.0,-0.00780991934435,0.00895778729361,-0.99992937911,0.0,0.612876487065,0.197020480719,0.304063387846,1.0,-0.182442857143,-0.239782040816,1.391
0.416754440884,0.302540471339,-0.126118772395,-1.72741041518,0.0537068458838,2.02243308528,0.098163454582,-0.215235371283,-0.787955888659,-0.00370187592472,-1.14587187349,-0.109314328822,0.348472722863,-0.236833547281,0.573621985276,0.819102972195,0.00298091439192,0.0,0.819072733249,-0.57355925323,-0.0114187382769,0.0,-0.00764353859057,0.00899179813831,-0.999930359517,0.0,0.610320734321,0.193671362729,0.304140919017,1.0,-0.188274857143,-0.247446955102,1.405
