position_joint1,position_joint2,position_joint3,position_joint4,position_joint5,position_joint6,position_joint7,velocity_joint1,velocity_joint2,velocity_joint3,velocity_joint4,velocity_joint5,velocity_joint6,velocity_joint7,ee_T_00,ee_T_10,ee_T_20,ee_T_30,ee_T_01,ee_T_11,ee_T_21,ee_T_31,ee_T_02,ee_T_12,ee_T_22,ee_T_32,ee_T_03,ee_T_13,ee_T_23,ee_T_33,v_x,v_y,time
0.465066078423,0.547795537812,-0.124000507961,-1.35584195027,0.0795214880841,1.89411096222,0.159145323648,0.00110927804274,-0.000574008213727,-6.17599884752e-05,-0.00102085867706,0.000329329480681,0.000472471693441,-0.00108432226837,0.573815280699,0.818970695643,0.00194170460831,0.0,0.818927305268,-0.57375660966,-0.011923441613,0.0,-0.00865104997875,0.00843213026321,-0.999927026594,0.0,0.661680253005,0.260881440912,0.303201294404,1.0,0.0,0.0,0.0
0.465064721601,0.547792751505,-0.123997896141,-1.35584473942,0.0795205593107,1.89411530865,0.159143799226,-9.73997776926e-05,0.00113738638202,0.00128670107524,-0.000786429423716,-0.000141075404969,0.000644994447814,-0.0016008361294,0.573813250378,0.818972109106,0.0019455332535,0.0,0.818928766588,-0.573754561653,-0.011921624827,0.0,-0.00864738613846,0.00843420182392,-0.999927040815,0.0,0.661680360997,0.260881905732,0.303202230075,1.0,-0.00032,-0.000420571428571,0.017
0.465069053906,0.547789164895,-0.124000925741,-1.35584863159,0.0795210519679,1.89411561121,0.159145323624,0.000510896027504,0.00130213425494,-0.000102297228483,-0.00024403150601,1.08239516247e-05,0.000187955166461,-0.00111367739384,0.573813406277,0.818972000581,0.00194523562178,0.0,0.818928661546,-0.573754725953,-0.0119209331152,0.0,-0.00864698879242,0.00843356281321,-0.999927049641,0.0,0.661679161892,0.260882704531,0.303203045913,1.0,-0.00066,-0.000867428571429,0.034
0.465068779654,0.547754261381,-0.123998144611,-1.35587840493,0.0795179589173,1.89412121246,0.159142629627,0.000420557942694,-0.00355299090326,-0.00144000461571,9.55793930431e-05,8.44640689899e-05,0.000298149447064,-0.00180179926845,0.573810265125,0.818974178185,0.00195499473693,0.0,0.81893095728,-0.573751535786,-0.0119167651644,0.0,-0.00863800803277,0.00843913036921,-0.999927080289,0.0,0.661673984975,0.260880938437,0.303213989946,1.0,-0.00098,-0.001288,0.05
0.465059931499,0.547643942679,-0.12399814277,-1.35601515563,0.0795177034852,1.8941458821,0.159145734104,-0.00174660180456,-0.00789880318432,9.53515873596e-05,-0.00901062729291,0.00020598573115,0.00109304728832,-3.71444660204e-05,0.573827427462,0.81896214288,0.00195931673247,0.0,0.818918872358,-0.573768574517,-0.0119268727732,0.0,-0.00864362933224,0.00844865083297,-0.999926951317,0.0,0.661652792671,0.260861935189,0.303229194916,1.0,-0.00132,-0.00173485714286,0.067
0.465051085115,0.547500478807,-0.124000925745,-1.35622655601,0.0795143405051,1.89418779959,0.15914601716,-0.0027901629421,-0.00813963937556,-0.000943704281062,-0.013821996419,0.000235506953151,0.000378451212094,0.00176052430617,0.573847534416,0.818948093019,0.0019429578628,0.0,0.818904489245,-0.573788630288,-0.0119495668503,0.0,-0.00867139480488,0.00844848905024,-0.999926712287,0.0,0.661619605519,0.26083355808,0.303233930989,1.0,-0.00168,-0.002208,0.085
0.465031238125,0.547348837566,-0.124003879032,-1.35641013101,0.07951014787,1.8942913302,0.159131777669,-0.000204686100682,-0.011850244851,0.000177408225457,-0.0132542594355,-8.90279255377e-05,0.0032065014251,-0.000966776689878,0.573863553624,0.818936715199,0.00200629561436,0.0,0.81889394015,-0.573804386986,-0.011915836603,0.0,-0.00860726057786,0.00848117094699,-0.999926989737,0.0,0.66160826504,0.260805283512,0.30326305323,1.0,-0.00198,-0.00260228571429,0.1
0.46500835609,0.547141660054,-0.124001344133,-1.35664146369,0.0795101889728,1.89442661054,0.15912119869,-0.000343553206378,-0.011311802328,-0.000326368881456,-0.0161161810006,0.000369686458134,0.0130172516348,-0.000493465820498,0.573885062865,0.8189213854,0.00210856715724,0.0,0.818879875884,-0.573825411153,-0.0118698478459,0.0,-0.00851068668361,0.00853875598678,-0.999927326288,0.0,0.661593061894,0.260776086253,0.303311360566,1.0,-0.00234,-0.00307542857143,0.118
0.464978198044,0.546912274895,-0.124004023911,-1.35695240549,0.0795020442784,1.89456231887,0.159112031235,-0.00359979243013,-0.0136841697109,-0.000487131575211,-0.0207770825174,-0.000808724016395,-2.2895464445e-05,0.00143218852783,0.573919463211,0.818897144807,0.00215936944963,0.0,0.818856246889,-0.573859554469,-0.0118492859231,0.0,-0.00846433458481,0.00856891395775,-0.999927461746,0.0,0.66156380355,0.260728589601,0.303337690731,1.0,-0.0027,-0.00354857142857,0.136
0.464952704415,0.546713079591,-0.123998840101,-1.35725998381,0.0794991515886,1.8946802125,0.159086527389,-0.000231031390397,-0.0148645660501,0.00017256571288,-0.0233758087735,0.000545357546336,0.0128340813625,-0.00161260978691,0.573932309029,0.818888095138,0.00217696927441,0.0,0.818847265247,-0.573872165639,-0.011859199067,0.0,-0.00846221778569,0.00858914820833,-0.999927306059,0.0,0.661527628297,0.260688367329,0.303342431723,1.0,-0.00298,-0.00391657142857,0.15
0.464914652226,0.546410686464,-0.124004182943,-1.35770264453,0.0794869430885,1.89483745694,0.158952830746,0.000968540926759,-0.0218867472089,0.000635989856467,-0.0298660725256,-8.13124623023e-05,0.0115156843138,-0.0127777911968,0.573879180179,0.81892526835,0.00219961717836,0.0,0.818884613748,-0.573818832095,-0.011861037114,0.0,-0.00845128395452,0.00860820065306,-0.999927234693,0.0,0.661477219382,0.260620227917,0.303359696049,1.0,-0.00334,-0.00438971428571,0.168
0.46487310807,0.546131439929,-0.123999662306,-1.35818647273,0.0794734247982,1.89500731958,0.158909396448,-0.000794278209004,-0.0147398451383,0.000204759469975,-0.0289299992755,0.000222184319603,0.00868786665543,-0.000832314216102,0.573897951488,0.818912169109,0.00217886763378,0.0,0.81887106318,-0.573837499662,-0.0118933918261,0.0,-0.00848949079235,0.00860997062967,-0.999926895804,0.0,0.661417943479,0.260550935753,0.303341724925,1.0,-0.00368,-0.00483657142857,0.185
0.464825283231,0.545816298486,-0.123999486956,-1.35871054978,0.0794434688172,1.89517892184,0.15887152601,-0.00390164705689,-0.0208317321704,0.00148722053317,-0.0328072475104,-0.00139612847984,0.010138904096,-0.000590333816724,0.573927218841,0.818891739741,0.00214777995727,0.0,0.81885017793,-0.573866837293,-0.0119157903826,0.0,-0.00852536676527,0.00859767196659,-0.999926696392,0.0,0.661354230297,0.260468125162,0.303330257189,1.0,-0.004,-0.00525714285714,0.201
0.464764582155,0.54546285768,-0.123996737943,-1.35932726189,0.0793279517271,1.89538421972,0.158774456256,-0.00167122354435,-0.0204253754678,0.00151441041597,-0.0382669729105,-0.00818803245594,0.0170982400112,-0.0019463250057,0.573899194257,0.818911616968,0.00205556014754,0.0,0.818869503269,-0.57383984088,-0.011887831437,0.0,-0.00855568567979,0.00850581616343,-0.999927223019,0.0,0.661284463596,0.260356228485,0.303304474364,1.0,-0.00434,-0.005704,0.218
0.46470431775,0.545059615492,-0.124004878657,-1.3600251133,0.0793160782078,1.89559382975,0.158696573078,0.000690166977361,-0.0247966480107,0.00042803183512,-0.0373210502356,0.000526077951313,0.0119001096838,-0.00579413269616,0.573926016457,0.818892961146,0.00199817954336,0.0,0.818849790778,-0.573866590811,-0.011954204026,0.0,-0.00864269144919,0.00849720119501,-0.999926548031,0.0,0.661194725501,0.260246415474,0.303276224966,1.0,-0.00468,-0.00615085714286,0.235
0.464644626198,0.544680045085,-0.123999552206,-1.36066287105,0.0792984650027,1.89581220536,0.158622889557,-0.00350268330151,-0.0219193809864,0.00172655274265,-0.0408817133445,-0.000754967118498,0.0104683014123,-0.00515344510061,0.573941667856,0.818882043836,0.00197663441099,0.0,0.818838342044,-0.573882085316,-0.0119945259672,0.0,-0.00868791413048,0.00850286598922,-0.999926107979,0.0,0.661116936652,0.260151279334,0.303260094746,1.0,-0.00498,-0.00654514285714,0.25
0.464569789908,0.544157246305,-0.12400773058,-1.36152652581,0.0792668892828,1.89612415214,0.158508828163,-0.00463720906422,-0.0262100741992,-0.000339361376328,-0.0470431218142,-0.00288855336605,0.0103476422298,-0.00341916166879,0.573955037131,0.818872712249,0.00196045597204,0.0,0.818828630466,-0.573895356897,-0.0120224856839,0.0,-0.00871995676639,0.00850580745894,-0.999925804044,0.0,0.661017354638,0.260017470515,0.303246317495,1.0,-0.00536,-0.00704457142857,0.269
0.464494700968,0.543657639878,-0.124005490921,-1.362355453,0.0792262733096,1.89641525347,0.158403296249,-0.00672487044327,-0.0292302574501,0.000103327797479,-0.0482957747062,-0.00429729031516,0.0155718984223,-0.0093039228576,0.57396385888,0.818866594092,0.00193304974937,0.0,0.81882202255,-0.573904167305,-0.0120519309222,0.0,-0.00875970697119,0.00850036014277,-0.999925502931,0.0,0.660919048298,0.25989047495,0.30323043016,1.0,-0.0057,-0.00749142857143,0.286
0.464416709608,0.543140503568,-0.12401179501,-1.36315796028,0.0791857048227,1.896686912,0.158319231355,-0.00281774299884,-0.0352509731049,-0.00151764796743,-0.0459704473228,-0.00370794625125,0.0139572758515,-0.00355764690843,0.573996987114,0.81884339225,0.00192474764324,0.0,0.818798631337,-0.573937248997,-0.0120657546739,0.0,-0.00877544807442,0.00850185125299,-0.999925352232,0.0,0.660826008134,0.259758679256,0.303238049732,1.0,-0.00602,-0.007912,0.302
0.464330096728,0.542569955221,-0.124011617414,-1.36406440045,0.0791231628646,1.89701945525,0.158183622844,-0.00608499028569,-0.0353406504164,0.000535013010058,-0.0535542017343,-0.0062577058878,0.0127340071335,-0.00281864011847,0.573990479076,0.818847971695,0.00191731090302,0.0,0.818803169857,-0.573930828611,-0.0120631630416,0.0,-0.00877766175074,0.00849420451815,-0.999925397789,0.0,0.660724425639,0.259613890052,0.303238955442,1.0,-0.00636,-0.00835885714286,0.319
0.464246235038,0.541964151737,-0.124014782809,-1.36499277044,0.079071601663,1.89736634212,0.158052322447,-0.00632738967741,-0.0421976375554,0.000743686395729,-0.0532465007568,-2.88968484095e-05,0.0270982619734,-0.00543313256212,0.573991690181,0.818847070102,0.00193966249141,0.0,0.818802532314,-0.573931915374,-0.0120547290626,0.0,-0.00875791398188,0.00850767866829,-0.999925456395,0.0,0.660620873769,0.259469603469,0.303255652377,1.0,-0.0067,-0.00880571428571,0.336
0.464160159947,0.541361361136,-0.124014822574,-1.36591627319,0.0790165393379,1.89771076027,0.157939815836,-0.00501600641267,-0.0387969310988,-0.00138917780473,-0.0590632197216,-0.00338347853145,0.0235299633582,-0.00589468357246,0.574006638694,0.818836542967,0.00195998446766,0.0,0.818792262497,-0.573946766278,-0.012045217068,0.0,-0.00873830539556,0.0085190186958,-0.999925531397,0.0,0.660517773508,0.259325479484,0.303272129767,1.0,-0.00702,-0.00922628571429,0.352
0.464080802302,0.540670162172,-0.124032157509,-1.3669795078,0.0789558408199,1.89810142599,0.15780545544,-0.01029755167,-0.0386778852854,0.000287591707393,-0.0643403778344,-0.00812940115565,0.0250758433281,-0.00810883630939,0.574016468446,0.818829619735,0.00197349906776,0.0,0.818785559231,-0.573956579125,-0.0120332944905,0.0,-0.00872068307817,0.00852334584589,-0.999925648367,0.0,0.660396333545,0.25916257215,0.303289086546,1.0,-0.00736,-0.00967314285714,0.369
0.463974150538,0.539905775582,-0.124029384591,-1.36814783588,0.0788876585941,1.89854057557,0.157653975919,-0.00160347877109,-0.0483622424703,-0.00103407470648,-0.0647550546281,-0.005286685244,0.0220394527208,-0.00433308782255,0.57402431904,0.818824039229,0.00200520120185,0.0,0.818780358071,-0.573964259383,-0.012020860574,0.0,-0.00869222313974,0.00854225012813,-0.999925734852,0.0,0.660264886513,0.258983874683,0.303311171039,1.0,-0.00772,-0.0101462857143,0.387
0.463883029759,0.539192402969,-0.12402730413,-1.36924816791,0.0788171829735,1.89895129621,0.157522801883,-0.00658093127945,-0.0425566136247,0.00378630862514,-0.0698289728856,-0.00717813128611,0.0233524241709,-0.00381755072503,0.574032076516,0.818818556445,0.00202327763212,0.0,0.818775133772,-0.573971961313,-0.0120089485249,0.0,-0.0086720122279,0.00855029569211,-0.999925841574,0.0,0.660138178539,0.258820145339,0.303326997677,1.0,-0.00804,-0.0105668571429,0.403
0.463783567376,0.538417790206,-0.124031090197,-1.37044521402,0.0787546225101,1.89941359285,0.157366378771,-0.00329338291673,-0.0479955613726,0.00320193461539,-0.0742337886125,-0.00341392091912,0.0205523244158,-0.0127971220398,0.574037607973,0.818814585342,0.00206067092576,0.0,0.818771598044,-0.573977282368,-0.011995685152,0.0,-0.00863963000548,0.00857335830132,-0.999925924417,0.0,0.660003831794,0.25864161484,0.30334462275,1.0,-0.00838,-0.0110137142857,0.42
0.46366537339,0.537624012601,-0.124041058441,-1.37167045021,0.0786915707984,1.89989053931,0.157216798583,-0.00555433924506,-0.0537079779183,-0.000724820698065,-0.0713850357954,-0.00146295098022,0.0253172106472,-0.0104821419978,0.574069780503,0.81879192514,0.00210174708407,0.0,0.818749449426,-0.574009255053,-0.0119775239127,0.0,-0.00860084317771,0.00859690430849,-0.999926056633,0.0,0.659872413951,0.25844496469,0.303363703386,1.0,-0.00872,-0.0114605714286,0.437
0.46356346411,0.536846322755,-0.124041895907,-1.37289373782,0.078614147065,1.90033989273,0.157072577139,-0.0104304425642,-0.0526921778634,0.000412638207665,-0.0736619397944,-0.00575849320683,0.028526956324,-0.00772798991817,0.574082348001,0.818783112557,0.00210219089084,0.0,0.818740660881,-0.574021837369,-0.0119752805915,0.0,-0.00859861958885,0.00859611186098,-0.999926082569,0.0,0.659729745371,0.258260205146,0.303369495441,1.0,-0.00904,-0.0118811428571,0.453
0.463455496201,0.535992588658,-0.12405160471,-1.37423385154,0.0785355483992,1.90084006178,0.156907601892,-0.0100676984032,-0.0548999204339,-0.000817367308307,-0.0791512031172,-0.0082578543081,0.0275879229713,-0.0151113273185,0.574095182268,0.818774088456,0.00211203021067,0.0,0.818731783301,-0.574034647433,-0.0119681853342,0.0,-0.00858702684702,0.0086002293827,-0.999926146785,0.0,0.659575494014,0.258056697146,0.303377922203,1.0,-0.00938,-0.012328,0.47
0.463347175535,0.53508635432,-0.124051952719,-1.37565457112,0.0784601012869,1.90134466008,0.156728886461,-0.00808903838977,-0.0542677409252,-0.000568296597753,-0.0821269486732,-0.0101636169096,0.0316216364888,-0.00785301049969,0.574095454192,0.818773904157,0.00210956119224,0.0,0.818731426782,-0.574034789404,-0.011985752172,0.0,-0.00860282521645,0.0086082956182,-0.99992594158,0.0,0.659402236183,0.257850340281,0.303384949087,1.0,-0.00972,-0.0127748571429,0.487
0.46322732685,0.534246431621,-0.124052059088,-1.37705319243,0.078383590726,1.90184778113,0.156568082485,-0.00474729476792,-0.0530387746378,-0.000710231634274,-0.0900580463727,-0.00347200113844,0.0344133472388,-0.0141359918708,0.574118164348,0.818758093657,0.00206502735907,0.0,0.818714916634,-0.574057565528,-0.0120226303986,0.0,-0.00865834806745,0.0085932446438,-0.999925591809,0.0,0.659234696732,0.257638014709,0.303355422881,1.0,-0.01004,-0.0131954285714,0.503
0.463091922792,0.533271973961,-0.124049181364,-1.37861912488,0.0782907447448,1.90243235888,0.156366216096,-0.0146558094359,-0.0528963468563,0.000605111054098,-0.0860867071527,-0.00333893590268,0.0307435332463,-0.014572444167,0.574122583374,0.818755009239,0.0020593708716,0.0,0.818711710834,-0.574061960817,-0.0120310676125,0.0,-0.00866845728831,0.00859350411956,-0.999925501993,0.0,0.65905188731,0.257401981713,0.303347917325,1.0,-0.0104,-0.0136685714286,0.521
0.462965679316,0.532317564436,-0.124052475691,-1.38016234601,0.0782126253328,1.90301127677,0.156177871236,-0.00643059115486,-0.0599962980962,0.000696053686995,-0.0955855274626,-0.00964762546557,0.036211638312,-0.00885997009145,0.574137534968,0.818744531527,0.00205668097527,0.0,0.818701063105,-0.5740767883,-0.0120481246426,0.0,-0.00868381054774,0.00860125308501,-0.99992530215,0.0,0.658870526748,0.257172843322,0.303336617737,1.0,-0.01074,-0.0141154285714,0.538
0.462837708858,0.531384794624,-0.124049972127,-1.38165189597,0.0781225320038,1.90355623673,0.155979862363,-0.00767764436918,-0.0570719286118,-0.00217540341486,-0.097116299681,-0.00613709540923,0.0399331978922,-0.0148048939417,0.574135425658,0.818746036044,0.00204655052435,0.0,0.818702389713,-0.574074677467,-0.0120585518004,0.0,-0.00869818612186,0.0085989231316,-0.999925197242,0.0,0.658693711026,0.256947824408,0.30333224191,1.0,-0.01106,-0.014536,0.554
0.462692058709,0.530371089072,-0.124052093467,-1.38330325319,0.078022186772,1.90412634602,0.155781564785,-0.00891525005825,-0.0585345208485,0.000272618139864,-0.0953828062294,-0.00612191804896,0.0324167426087,-0.00581952498136,0.574156489904,0.818731408347,0.00198821228163,0.0,0.818686922988,-0.574095915868,-0.0120974548443,0.0,-0.00876331041218,0.00857372067593,-0.999924845028,0.0,0.658492001694,0.256690418572,0.303310015441,1.0,-0.0114,-0.0149828571429,0.571
0.462549431598,0.529314444222,-0.124054840987,-1.38494943137,0.0779191130768,1.90474233601,0.155549677394,-0.00800027108917,-0.0626489064343,-0.000203942034939,-0.100446147105,-0.000213578443344,0.0352569775586,-0.0202155080036,0.574147052479,0.81873797883,0.00200774823193,0.0,0.818693781501,-0.574086426711,-0.0120836128382,0.0,-0.00874086003252,0.00858166691031,-0.999924973365,0.0,0.658300851991,0.256438506389,0.303324234286,1.0,-0.01174,-0.0154297142857,0.588
0.462417301467,0.528292717649,-0.124050735227,-1.38654766338,0.0778198847616,1.90535162074,0.155324045892,-0.0130083895691,-0.0635866922872,0.00101908502031,-0.101878627475,-0.000313131523107,0.0319485461055,-0.0112396514172,0.57412763124,0.818751532312,0.00203427744673,0.0,0.818707686785,-0.57406689838,-0.0120692454261,0.0,-0.00871406961506,0.00859493134912,-0.999925093267,0.0,0.658113735664,0.256202911468,0.303335643056,1.0,-0.01206,-0.0158502857143,0.604
0.462272674312,0.527162317984,-0.124056355178,-1.38830649327,0.0777069899232,1.90603197095,0.155078618253,-0.00217023435086,-0.0648775606711,0.000913947630419,-0.108529218984,-0.0070465537925,0.0391828527067,-0.016653774915,0.574113967298,0.818761018478,0.00207221509406,0.0,0.818717773815,-0.574053178213,-0.0120375381761,0.0,-0.00866647221278,0.00860764385126,-0.999925397581,0.0,0.657911744691,0.255938435234,0.303353325494,1.0,-0.0124,-0.0162971428571,0.621
0.462107387177,0.525911093938,-0.124067319711,-1.3902088522,0.0775896310195,1.90673917161,0.154828870932,-0.0137322828096,-0.0754041988607,-0.00124343783714,-0.109465282713,-0.00521368301469,0.0306732375053,-0.0100690386067,0.574123554219,0.818754182754,0.00211651023875,0.0,0.818711574818,-0.574062635431,-0.0120081123513,0.0,-0.00861684867011,0.00862711767205,-0.999925658617,0.0,0.657690808815,0.255642954063,0.303389884969,1.0,-0.01276,-0.0167702857143,0.639
0.461975282594,0.5248907364,-0.124068750825,-1.39183832796,0.0774819219722,1.90731685008,0.154593317088,-0.00655832290201,-0.0650636935325,-0.000647286538271,-0.107798695222,-0.00407526710056,0.041731302099,-0.0207119383931,0.57409838537,0.818771912222,0.00208484366037,0.0,0.818728909248,-0.57403762117,-0.0120220441095,0.0,-0.00864669982484,0.00860892363661,-0.999925557737,0.0,0.657490246015,0.255397037021,0.303382114498,1.0,-0.01306,-0.0171645714286,0.654
0.461800876768,0.523623754756,-0.124079851398,-1.39384380542,0.0773628478164,1.90804320981,0.154327457945,-0.00831926882954,-0.0710479385845,-0.000538009772314,-0.113730796062,-0.00566951378836,0.0403386630113,-0.0155909583986,0.574106923628,0.818765955199,0.00207310163488,0.0,0.818722773048,-0.57404618227,-0.0120311435476,0.0,-0.00866080140721,0.00860462399484,-0.999925472705,0.0,0.657250544568,0.255084553858,0.303381740609,1.0,-0.01342,-0.0176377142857,0.672
0.461634141852,0.52233442499,-0.124077705893,-1.39589490742,0.077234601741,1.90884780105,0.154058859511,-0.0127777947712,-0.0720159128458,-0.000312236928894,-0.119030816515,-0.012232459926,0.0424900319174,-0.0104902962992,0.574097634144,0.818772387704,0.00210487635266,0.0,0.818729676204,-0.57403681567,-0.0120082663124,0.0,-0.00862392639921,0.00861740792657,-0.999925681325,0.0,0.657011144672,0.254783536138,0.303381353659,1.0,-0.01378,-0.0181108571429,0.69
0.461480040916,0.52115160553,-0.124078271129,-1.39777043057,0.0771253219438,1.909574862,0.153807328947,-0.00885365927672,-0.0736964072048,-0.000552675647231,-0.123614893299,-0.00789898637918,0.0378002382456,-0.00572695236322,0.574089294591,0.81877815903,0.00213425210094,0.0,0.818735808774,-0.574028332278,-0.0119956690148,0.0,-0.00859683613385,0.0086341400168,-0.999925770262,0.0,0.656790531163,0.254506526498,0.303382725357,1.0,-0.0141,-0.0185314285714,0.706
0.461310887957,0.519862601625,-0.124086553581,-1.39982515371,0.0769964178551,1.91031920794,0.153521829226,-0.00861040965543,-0.0754035488816,-0.00158823778922,-0.120201360582,-0.00522905303878,0.0477675594106,-0.0224393199172,0.574076833136,0.818786971038,0.0021053779711,0.0,0.818744261251,-0.574016010357,-0.0120083897078,0.0,-0.00862395841057,0.00861767038299,-0.999925678787,0.0,0.656525835776,0.254173395466,0.303370897933,1.0,-0.01446,-0.0190045714286,0.724
0.461121823421,0.518435306809,-0.124084999399,-1.40202440187,0.0768561582505,1.9110968764,0.153231593284,-0.00635150509568,-0.0780220408382,0.00188900902262,-0.121165974546,-0.00965527059927,0.0412310974962,-0.0170938451599,0.574069293243,0.818792232886,0.00211490483038,0.0,0.818749608958,-0.57400839301,-0.0120078926577,0.0,-0.00861816204476,0.00862510601424,-0.999925664652,0.0,0.656267973339,0.253858020195,0.30339723172,1.0,-0.0148,-0.0194514285714,0.741
0.460972959526,0.517326581269,-0.124090669312,-1.4037955401,0.0767332219586,1.9117316763,0.152992483497,-0.0134364518604,-0.078555277069,-0.00118882703457,-0.121475833748,-0.00470231240322,0.0397213815126,-0.0223144208843,0.574056475085,0.818801320025,0.0020757260809,0.0,0.818758284634,-0.573995840812,-0.0120163628015,0.0,-0.00864772208214,0.00859775433196,-0.999925644997,0.0,0.656033807736,0.253564447084,0.303384254311,1.0,-0.0151,-0.0198457142857,0.756
0.46078055445,0.515884574991,-0.124094012779,-1.40607231508,0.0765925042128,1.91258802977,0.152676102468,-0.00716567673433,-0.0791140509816,0.000950180465046,-0.1289915362,-0.0128912006217,0.0505715912521,-0.0178839560863,0.574043220987,0.818810558672,0.00209674670605,0.0,0.818767809046,-0.573982511349,-0.0120041008393,0.0,-0.00862575464707,0.00860778714404,-0.999925748422,0.0,0.655776580503,0.253240569625,0.303389485386,1.0,-0.01544,-0.0202925714286,0.773
0.460587692334,0.514491415691,-0.124100233189,-1.40829762764,0.076461856282,1.91340670133,0.152375636878,-0.0118549800073,-0.0855404699019,0.000543683588429,-0.135830169215,-0.00859701905341,0.0392675382669,-0.0191560935313,0.574041604522,0.818811720511,0.00208555328148,0.0,0.818768758237,-0.573980875804,-0.0120175558271,0.0,-0.00864321427275,0.00860632859842,-0.999925610211,0.0,0.655505613103,0.252899130937,0.30337821741,1.0,-0.01578,-0.0207394285714,0.79
0.460423713778,0.513274705172,-0.124107823962,-1.41030261187,0.0763500855533,1.91409683399,0.1521048546,-0.00969660769044,-0.0854123944457,-7.65879118182e-05,-0.131656754199,-0.00996274680484,0.0457352538447,-0.0120162829138,0.574031877031,0.818818737387,0.0020065787466,0.0,0.818774571732,-0.573971317007,-0.0120778656995,0.0,-0.00873803233076,0.00857618068998,-0.999925045149,0.0,0.655230312691,0.252574258206,0.303338725091,1.0,-0.0161,-0.02116,0.806
0.460220200565,0.511754944444,-0.124109311079,-1.41272749926,0.0761990171608,1.91496751745,0.15175879508,-0.0123489956714,-0.0831211656108,-0.000662504004947,-0.139213853783,-0.00592737343366,0.0516096280866,-0.0203384191043,0.574005022929,0.81883763935,0.00197507912532,0.0,0.818792985855,-0.573944528935,-0.0121025171705,0.0,-0.00877657970827,0.00856425146866,-0.999924809796,0.0,0.654944132999,0.252226813358,0.303322639085,1.0,-0.01644,-0.0216068571429,0.823
0.460023135943,0.510292179248,-0.124106662928,-1.41503984343,0.0760578697712,1.91586029005,0.151425138064,-0.0122552530569,-0.0789278502109,-0.00135846415478,-0.136477384946,-0.00808197401589,0.0451930734192,-0.0168254116725,0.573974650668,0.818858873689,0.00199806715091,0.0,0.818814513101,-0.57391405277,-0.0120913220655,0.0,-0.00875453610364,0.0085763238608,-0.999924899563,0.0,0.654648501987,0.251857373661,0.30331533812,1.0,-0.0168,-0.02208,0.841
0.45982714117,0.508866830435,-0.124117409044,-1.41727252637,0.0759120992205,1.91666792915,0.15111713814,-0.0120358255696,-0.0949081119905,-0.00349614970982,-0.137648545497,-0.00909019999711,0.0410006030515,-0.0132657759897,0.573966778332,0.818864378794,0.00200335097143,0.0,0.818820156774,-0.573906226613,-0.0120805966954,0.0,-0.00874280303793,0.00857441040607,-0.99992501863,0.0,0.654391169593,0.251532422949,0.30332860052,1.0,-0.0171,-0.0224742857143,0.856
0.459618420871,0.507342354635,-0.124116056531,-1.41967368882,0.0757552621436,1.91752520162,0.150780292339,-0.0109861827389,-0.0955763134292,-1.11504819728e-05,-0.140795847757,-0.0101929989678,0.0556550927081,-0.0179973155491,0.573942787738,0.818881244683,0.00198252659659,0.0,0.818836736837,-0.573882316239,-0.0120926596126,0.0,-0.00876488395098,0.00856402526227,-0.999924914321,0.0,0.654088611609,0.251164704358,0.303326304767,1.0,-0.01744,-0.0229211428571,0.873
0.459404135101,0.505779643137,-0.124122379389,-1.42211143,0.0756101670703,1.91844509888,0.150450463196,-0.0109712887202,-0.0945349163879,-0.00179559039288,-0.147257244925,-0.0104890602927,0.0554103052732,-0.0222929298519,0.573939729367,0.818883295612,0.00202042636934,0.0,0.81883925866,-0.573879069769,-0.0120759537797,0.0,-0.00872948449304,0.00858543937093,-0.999925040356,0.0,0.653792321476,0.250791151173,0.303338473641,1.0,-0.01778,-0.023368,0.89
0.459177313679,0.504131313369,-0.124125785926,-1.42458651654,0.0754525754125,1.91939713006,0.150116108388,-0.016012643308,-0.100404529827,-7.72920390476e-05,-0.146734101001,-0.0122295632037,0.0572014101254,-0.017017386807,0.573939128983,0.818883457894,0.00212261906074,0.0,0.818840852293,-0.573878130441,-0.0120123652853,0.0,-0.00861876850206,0.00863261987431,-0.999925594584,0.0,0.653497873957,0.250408050689,0.303394688531,1.0,-0.01812,-0.0238148571429,0.907
0.458946986784,0.502443750472,-0.124125959586,-1.42705560073,0.0752986951443,1.92032750904,0.149765859459,-0.0137611332857,-0.101518161339,0.000850101907835,-0.145079023693,-0.00496358093186,0.0519449967731,-0.0185635598445,0.57392612861,0.818892230019,0.00224975860106,0.0,0.818851312998,-0.573864638635,-0.0119436437725,0.0,-0.0084896636291,0.0086971544634,-0.99992613983,0.0,0.653200453921,0.250025023786,0.303478472005,1.0,-0.01846,-0.0242617142857,0.924
0.458718904728,0.500736625328,-0.124138858949,-1.42964326065,0.0751278389124,1.92123665066,0.149399950609,-0.0114824010806,-0.100039612362,-0.00142003280412,-0.151203318241,-0.00755035335207,0.0614041465653,-0.014370248053,0.573908129394,0.818904794738,0.00226783439013,0.0,0.818864167914,-0.573846624867,-0.0119278051826,0.0,-0.0084665107508,0.00870268023455,-0.999926288059,0.0,0.652872830193,0.249618266072,0.303517436509,1.0,-0.0188,-0.0247085714286,0.941
0.458485733826,0.499130478484,-0.124132342029,-1.43209362688,0.0749832369278,1.9221343814,0.149058332579,-0.0155747203356,-0.0954579928266,0.000135535726091,-0.150794383706,-0.00885630462924,0.0487108259598,-0.0195717465987,0.573900440165,0.818910039334,0.00231930133306,0.0,0.818869952033,-0.573838595479,-0.011917000323,0.0,-0.00842820885292,0.00873854614626,-0.999926298837,0.0,0.652567766732,0.249237966041,0.303549121643,1.0,-0.01912,-0.0251291428571,0.957
0.458230476318,0.497457940614,-0.124135143673,-1.43474060691,0.0748124619152,1.92311095865,0.148658323015,-0.0146484390932,-0.0997532019756,-0.000554439417491,-0.158265356819,-0.0132356074111,0.0570644249446,-0.0305248021479,0.573872102946,0.818929907838,0.00231568769179,0.0,0.818889793151,-0.573810296663,-0.0119162501728,0.0,-0.00842997051748,0.00873486473407,-0.999926316153,0.0,0.652240588289,0.248816633137,0.303540126442,1.0,-0.01946,-0.025576,0.974
0.457968713144,0.495777477126,-0.124130681208,-1.43744464697,0.0746446504648,1.92404157489,0.148280560948,-0.0108740465637,-0.103422924688,0.00117461364196,-0.1627772659,-0.015042945023,0.0548500951494,-0.0199537563877,0.573864958493,0.818935128809,0.00223855256842,0.0,0.818893823922,-0.573803274621,-0.0119772316275,0.0,-0.00852425104974,0.00870661803298,-0.999925763218,0.0,0.651889171976,0.248386260226,0.303504704503,1.0,-0.0198,-0.0260228571429,0.991
0.457685572868,0.494093547122,-0.124135616081,-1.4402013,0.0744758467168,1.92501101644,0.147881130046,-0.0124154621397,-0.100746375651,-0.000963665910529,-0.168495345526,-0.0155456602407,0.0512616153811,-0.0241345313695,0.573866407544,0.818934349787,0.00215033331618,0.0,0.818891747742,-0.573804942274,-0.0120391280264,0.0,-0.0086255496665,0.00866990828058,-0.999925213495,0.0,0.651539017871,0.247932841779,0.303449749499,1.0,-0.024076,-0.0316427428571,1.008
0.457357634599,0.491529962326,-0.124240437419,-1.44409816801,0.0742617136293,1.92648114601,0.14732101022,-0.0211842039265,-0.155934197317,-0.00942313429802,-0.238486560328,-0.00936408107947,0.0936319510087,-0.0348550535409,0.573890023596,0.818917511275,0.00225775209351,0.0,0.818876542934,-0.573828346416,-0.0119575575401,0.0,-0.00849685470201,0.0087113109277,-0.99992595552,0.0,0.651069320771,0.247294668212,0.303509694473,1.0,-0.0346085714286,-0.0454855510204,1.026
0.456947879398,0.488585101152,-0.124244455604,-1.44885388501,0.074003794081,1.92824127698,0.146601981676,-0.0270552505274,-0.202335945588,0.000934131407793,-0.318960861371,-0.0184740288826,0.11406519176,-0.0505270122264,0.573808036513,0.818975033396,0.00223132422441,0.0,0.818933285502,-0.573746034052,-0.0120211983131,0.0,-0.00856501276853,0.00872533386841,-0.999925251759,0.0,0.650455282544,0.246578497633,0.303446755826,1.0,-0.0439708571429,-0.0577902693878,1.042
0.456377302024,0.484795704757,-0.124330909635,-1.45476578743,0.073650450264,1.93048669448,0.145716271223,-0.0354135737407,-0.250146496328,-0.00450860000259,-0.396151993588,-0.0247086648203,0.152774253531,-0.0662108503461,0.57380376302,0.81897778815,0.00231753381187,0.0,0.818937411861,-0.573741662199,-0.0119485318477,0.0,-0.00845607928861,0.008754196224,-0.999925926642,0.0,0.649684467825,0.245533227444,0.303458849453,1.0,-0.0539182857143,-0.0708640326531,1.059
0.455581171638,0.479662651615,-0.124472202505,-1.46289356706,0.073159843663,1.93331126264,0.144478177448,-0.0428853396296,-0.309127248732,-0.0096153299987,-0.488925770256,-0.0329362558084,0.167287191759,-0.0744322215673,0.57381564803,0.818969890411,0.00216045767789,0.0,0.818927462853,-0.573754189193,-0.0120286270585,0.0,-0.00861167754209,0.00867163951116,-0.99992531805,0.0,0.648691525287,0.244219490132,0.303402753867,1.0,-0.0638657142857,-0.0839377959184,1.076
0.454665205727,0.473911699993,-0.124600571291,-1.47183163016,0.0726212006293,1.93651186148,0.14318960579,-0.0557213175075,-0.348585545451,-0.0047376938211,-0.544107529745,-0.0353013752231,0.198293306099,-0.0847846176893,0.573890558177,0.818917400675,0.00215986289162,0.0,0.81887499785,-0.573829125023,-0.0120258085827,0.0,-0.00860891742061,0.00867032265136,-0.999925353237,0.0,0.647554491746,0.24269871567,0.303410878846,1.0,-0.0738131428571,-0.0970115591837,1.093
0.453728296655,0.46817671539,-0.124680292363,-1.48056968484,0.0721190579143,1.93973018522,0.141840049551,-0.0634254398356,-0.413671000372,-0.00546373037941,-0.600303315745,-0.0386945539149,0.232674154776,-0.0934746643385,0.57389334475,0.818914908137,0.00235562817155,0.0,0.818874824414,-0.573830867466,-0.0119542622222,0.0,-0.00843795384923,0.00878960536324,-0.999925769131,0.0,0.646448751176,0.241224939738,0.303495166924,1.0,-0.0825902857143,-0.108547232653,1.108
0.452433595164,0.460513404322,-0.124727605344,-1.49238712045,0.0713704314028,1.9439604543,0.13997727296,-0.0800727166786,-0.433878313052,-0.0040654196363,-0.690317931641,-0.0466205479401,0.232406817283,-0.104234760671,0.573814639399,0.818969875934,0.00241843448821,0.0,0.818930363436,-0.573751661928,-0.0119514509185,0.0,-0.00840045920393,0.00883861710422,-0.999925652803,0.0,0.644901632199,0.239232747018,0.303520752535,1.0,-0.0931228571428,-0.122390040816,1.126
0.451104483428,0.45296252952,-0.124852547999,-1.5041182358,0.0705999015459,1.94791540471,0.138175981452,-0.0922713103242,-0.487527591437,-0.00659034543043,-0.74279710053,-0.050778886837,0.25594303636,-0.13126085975,0.573848990916,0.818946405452,0.00220624652624,0.0,0.818903954566,-0.573786707042,-0.012077868985,0.0,-0.00862537852679,0.00873774516319,-0.999924624487,0.0,0.643319610573,0.237164162547,0.3034749367,1.0,-0.102485142857,-0.134694759184,1.142
0.449665416023,0.444590915265,-0.124968362629,-1.51656616616,0.0697483492841,1.95251437736,0.136245292559,-0.091264211337,-0.533639858518,-0.00302860489552,-0.790394582095,-0.0483516665197,0.281599907739,-0.131190023826,0.573861431919,0.818936520818,0.00260359904323,0.0,0.818900061395,-0.573798427456,-0.0117813835192,0.0,-0.00815442119077,0.00889314025316,-0.999927206086,0.0,0.641709163516,0.234990247244,0.303690329645,1.0,-0.111847428571,-0.146999477551,1.158
0.447830261159,0.434569547238,-0.125014350376,-1.53184880736,0.0687417796609,1.95776805009,0.13378170163,-0.109936387539,-0.577247639782,-0.00155134116313,-0.868956873613,-0.0638775153519,0.304560044986,-0.138158620662,0.573779438105,0.818993979406,0.00260096250449,0.0,0.818956916632,-0.573715834411,-0.0118514534017,0.0,-0.00821421375869,0.00893036844375,-0.999926384896,0.0,0.639601549154,0.232319096596,0.303720979885,1.0,-0.12238,-0.160842285714,1.176
0.446036765535,0.424967571194,-0.125102355587,-1.54627865492,0.0677237457025,1.96290580376,0.131389709961,-0.11498337524,-0.604275695742,-0.00625924901577,-0.910220449598,-0.0685176601028,0.322504994221,-0.159372823061,0.573686722544,0.819058219782,0.00281493966696,0.0,0.819024442146,-0.573622916632,-0.0116815916715,0.0,-0.00795334290328,0.00900725184804,-0.999927804269,0.0,0.637509113173,0.229571651374,0.303836569304,1.0,-0.132327428571,-0.17391604898,1.193
0.443907427051,0.414085566729,-0.125224943479,-1.5626111496,0.0665423551257,1.96860483124,0.128710975598,-0.131014531542,-0.668971974004,-0.003960196782,-0.97377832057,-0.0801701918747,0.354081703227,-0.167608403446,0.573690327403,0.819055154232,0.00296807535204,0.0,0.819023920768,-0.573626655253,-0.011533624526,0.0,-0.0077442565792,0.00904782774115,-0.999929079137,0.0,0.635379605093,0.226746903602,0.303944488445,1.0,-0.141689714286,-0.186220767347,1.209
0.44157071332,0.402672887559,-0.125325787276,-1.58003547309,0.0653723944209,1.97447993438,0.125789503573,-0.138878676716,-0.687165929098,-0.00373195291918,-1.0558371608,-0.0649946081039,0.344314826295,-0.18209147242,0.573670773113,0.819069245754,0.0028568581078,0.0,0.819035822692,-0.573606609335,-0.0116844244777,0.0,-0.00793179276303,0.00904305606097,-0.999927652283,0.0,0.632872933814,0.223539247655,0.303875557765,1.0,-0.151637142857,-0.199294530612,1.226
0.438786746598,0.389768139051,-0.125459020406,-1.59922736459,0.063989449031,1.98107003886,0.122497408023,-0.160481108687,-0.726277695645,-0.00290025890606,-1.08641814924,-0.0844996623456,0.358189481442,-0.184880990336,0.573719443828,0.819034385107,0.00306963963127,0.0,0.819003964993,-0.573654853843,-0.0115481985616,0.0,-0.00769760623675,0.00913964905166,-0.999928604288,0.0,0.630136740761,0.219873994967,0.303995473442,1.0,-0.162169714286,-0.213137338775,1.244
0.436306593233,0.378520337417,-0.125595725969,-1.61607838444,0.0626916694903,1.98667136541,0.119473914675,-0.173771730213,-0.758814223885,-0.00384255178791,-1.13700958932,-0.0949194741198,0.389975259381,-0.204023921354,0.573645039656,0.819086771905,0.00299590882715,0.0,0.819055832252,-0.573581206927,-0.01152777583,0.0,-0.00772400040187,0.00906684258573,-0.999929063576,0.0,0.627654703887,0.21661259958,0.303996029,1.0,-0.170946857143,-0.224673012245,1.259
0.433010349356,0.364439953899,-0.125759739178,-1.63704629209,0.0611490245347,1.99357335033,0.11574839005,-0.18635657147,-0.798102295373,-0.0108660064581,-1.16806582002,-0.0995812725088,0.39084848499,-0.204583005798,0.573742142205,0.819018837026,0.00297418167764,0.0,0.818987365352,-0.573678073107,-0.011571980481,0.0,-0.00777159680902,0.00907532481507,-0.999928617834,0.0,0.624522331387,0.212456620048,0.3040020919,1.0,-0.181479428571,-0.238515820408,1.277
0.429582102122,0.350608795743,-0.125960225014,-1.65775605513,0.0595595190776,2.00027783743,0.111908114746,-0.208847145675,-0.797206413714,-0.00989549584311,-1.24194725009,-0.0844812947311,0.392202125002,-0.232678165064,0.573820223802,0.818964858286,0.00276740867925,0.0,0.818930658809,-0.573756785407,-0.011682215678,0.0,-0.00797965823267,0.00896998012769,-0.999927929658,0.0,0.621370373091,0.20823081823,0.303900501276,1.0,-0.191426857143,-0.251589583673,1.294
0.426123756668,0.336885236655,-0.126125020878,-1.677634034,0.0580513057715,2.00679862646,0.108107667306,-0.218119135985,-0.861178112219,-0.0141529408572,-1.25548134147,-0.10217894919,0.414976511422,-0.239303142663,0.573890793037,0.818914413125,0.00304771128954,0.0,0.818883834757,-0.573826399305,-0.0115445024091,0.0,-0.0077052505697,0.00912118076176,-0.999928714047,0.0,0.61832669164,0.204127316725,0.304054124945,1.0,-0.200789142857,-0.263894302041,1.31
0.422280219794,0.321923006344,-0.126216498183,-1.6994736425,0.0562575547991,2.01379056625,0.10384067931,-0.227680329225,-0.888093223295,-0.00584299266485,-1.29945242968,-0.10746833525,0.410307155139,-0.260522449464,0.573773913477,0.818996223679,0.00307062119371,0.0,0.818966153058,-0.573709713627,-0.0115044138273,0.0,-0.00766057376431,0.0091158428787,-0.999929105996,0.0,0.614856142831,0.199646361805,0.304075115131,1.0,-0.210736571429,-0.276968065306,1.327
0.418137598803,0.306348207164,-0.126358179562,-1.72192245026,0.0544051306189,2.02088949767,0.0992929008626,-0.247752575692,-0.931943963081,-0.0111131789483,-1.33731432909,-0.114987499989,0.421604198264,-0.274952971855,0.573669220697,0.819069089042,0.00319366589492,0.0,0.819040798736,-0.573604890058,-0.0114169614587,0.0,-0.00751952262116,0.00916547851207,-0.999929722922,0.0,0.611230430459,0.194928985852,0.304153986371,1.0,-0.220684,-0.290041828571,1.344
0.413886554449,0.291269199056,-0.126485532933,-1.74364013756,0.0525934153442,2.02749884645,0.0948259488154,-0.274249475507,-0.978604872195,-0.0152758235167,-1.34835442772,-0.105639903002,0.432637034149,-0.279013979016,0.573655254863,0.819079134061,0.0031253184647,0.0,0.819049614006,-0.57359071327,-0.0114965363654,0.0,-0.00762406619038,0.0091550156433,-0.999929027133,0.0,0.607625811195,0.190245657973,0.304154102661,1.0,-0.230046285714,-0.302346546939,1.36
0.409059985859,0.274851770252,-0.126637819517,-1.7672295006,0.0506307439909,2.03455124184,0.0897872055679,-0.294067972924,-0.985149175738,-0.00997779190013,-1.37811324908,-0.121469502883,0.407145590714,-0.295229458531,0.573624848242,0.819100882711,0.00300405092217,0.0,0.819068957528,-0.573559713692,-0.0116638134642,0.0,-0.00783098808828,0.00915135427745,-0.999927461539,0.0,0.603625371256,0.185066786114,0.304099665855,1.0,-0.239993714286,-0.315420310204,1.377
0.403797323353,0.257873626299,-0.126862392321,-1.79131605393,0.0484974500669,2.04172715458,0.0844985620551,-0.314262125876,-0.979556947417,-0.00603638536607,-1.41146259225,-0.119586662799,0.401321633818,-0.318456842224,0.573706331371,0.819043907077,0.00297834283142,0.0,0.819011812177,-0.573641463609,-0.0116563134672,0.0,-0.00783868250231,0.00912677451495,-0.999927625903,0.0,0.59950868506,0.179576158643,0.3041021781,1.0,-0.249941142857,-0.328494073469,1.394
0.398487647248,0.241377177468,-0.127069358476,-1.81449144369,0.046370560329,2.04847611531,0.079235682323,-0.336607582845,-1.02189778301,-0.0119562388044,-1.4752692853,-0.134875791608,0.415387791174,-0.346430993037,0.573758948856,0.819007159626,0.00294753971144,0.0,0.818974931332,-0.573694486731,-0.0116380688016,0.0,-0.00784082535107,0.00909158229626,-0.999927929698,0.0,0.595457216785,0.174193347588,0.304116071886,1.0,-0.259303428571,-0.340798791837,1.41
