position_joint1,position_joint2,position_joint3,position_joint4,position_joint5,position_joint6,position_joint7,velocity_joint1,velocity_joint2,velocity_joint3,velocity_joint4,velocity_joint5,velocity_joint6,velocity_joint7,ee_T_00,ee_T_10,ee_T_20,ee_T_30,ee_T_01,ee_T_11,ee_T_21,ee_T_31,ee_T_02,ee_T_12,ee_T_22,ee_T_32,ee_T_03,ee_T_13,ee_T_23,ee_T_33,v_x,v_y,time
0.465088621354,0.547657951455,-0.124030370386,-1.3558253044,0.0795308774982,1.89415631829,0.15913446892,-0.000360119841361,-0.00168452953573,0.00103946848616,-0.000454708170289,7.17476678725e-05,-0.000255216777886,-0.000862563671098,0.573810437477,0.81897366969,0.00211118396555,0.0,0.818932636869,-0.573751229055,-0.0118156815551,0.0,-0.00846560067712,0.00850904267948,-0.999927962304,0.0,0.661697230659,0.260887500787,0.303311631796,1.0,0.0,0.0,0.0
0.46508758912,0.547654985586,-0.124028550202,-1.35582347302,0.0795314712856,1.8941563317,0.159138188024,2.90879687073e-05,0.000652349685694,0.0012093621034,0.00101814584117,0.000493470196561,-3.93649762594e-05,0.000799608900754,0.573813108341,0.818971785804,0.00211604666778,0.0,0.818930804293,-0.573753868414,-0.0118145317863,0.0,-0.00846184115078,0.00851239289742,-0.999927965611,0.0,0.661697549986,0.260888225557,0.30331454659,1.0,-0.0003,-0.000394285714286,0.016
0.465090722655,0.54765464925,-0.12403140344,-1.35583194331,0.0795296946035,1.89415551929,0.159139709463,0.000877219765893,0.00149760436633,-0.000707454636561,-0.00295378007523,-0.0070539591819,0.00118759249687,0.00182253699031,0.573813768246,0.818971346747,0.00210700735059,0.0,0.818930267853,-0.573754584191,-0.0118169545896,0.0,-0.00846900514298,0.00850638711056,-0.99992795607,0.0,0.661695391664,0.260887301825,0.303310773688,1.0,-0.00062,-0.000814857142857,0.032
0.465085027862,0.547606984898,-0.124032122978,-1.3558631993,0.0795301488572,1.89415819807,0.159133151892,-2.20016095703e-05,-0.00625221796603,-0.000606630667387,-0.00740071612836,-1.20601176674e-05,-0.000123354423763,-0.00116612910817,0.573815323865,0.818970208886,0.00212554841853,0.0,0.818929343439,-0.5737560387,-0.0118103941769,0.0,-0.0084529774914,0.00851782312492,-0.999927994338,0.0,0.66169164764,0.260880291599,0.303329919816,1.0,-0.00098,-0.001288,0.05
0.465087129175,0.547506242742,-0.124031412268,-1.35596752637,0.0795311159117,1.89418271901,0.15913262789,-3.89843178574e-05,-0.00344097669374,9.69203736947e-05,-0.0102492380756,0.00020332115385,0.00114645055162,-0.000384505396756,0.573818619971,0.818967838478,0.00214891005958,0.0,0.818927191756,-0.573759156813,-0.0118081106887,0.0,-0.00843766851467,0.00853567899856,-0.999927971373,0.0,0.661674518932,0.260872856904,0.30335373602,1.0,-0.00128,-0.00168228571429,0.065
0.465072690349,0.547374788072,-0.124033938164,-1.35615504972,0.0795251608662,1.89422667446,0.159125433997,-0.00306105864926,-0.00704772407832,-0.000911301403168,-0.0136547747099,-0.00223667848723,0.011606435195,-0.0016364791126,0.573835054695,0.818956341132,0.00214201419694,0.0,0.818915536675,-0.5737755478,-0.0118199594246,0.0,-0.00845115806447,0.00853700013229,-0.999927846175,0.0,0.661648443985,0.260843323925,0.303361487786,1.0,-0.00162,-0.00212914285714,0.082
0.465051010804,0.547205974835,-0.124031499982,-1.35636629869,0.0795250239952,1.89432778693,0.159124456699,-0.00317364518916,-0.0115649983978,0.000466251000743,-0.010567012652,0.000525056183164,0.00729026789823,0.0012420009444,0.573862197423,0.818937170399,0.0021991380735,0.0,0.818897018751,-0.573802372411,-0.0118007201957,0.0,-0.00840233953299,0.0085730198921,-0.999927949415,0.0,0.661629737512,0.26081438437,0.303389218262,1.0,-0.00196,-0.002576,0.099
0.465042076954,0.547043392397,-0.124031499922,-1.35654997019,0.0795230934599,1.89443384345,0.159105838199,-0.000716098868906,-0.0069828081873,-0.000565464457709,-0.0101737535674,0.000330938552562,0.00543705064705,0.000168640156229,0.573864213704,0.818935547211,0.00227610297203,0.0,0.818896368889,-0.573804065051,-0.0117634541565,0.0,-0.00832763396169,0.00861468368833,-0.999928216292,0.0,0.661615507075,0.260795706979,0.303426164049,1.0,-0.00226,-0.00297028571429,0.114
0.465023572097,0.546823017048,-0.124034363268,-1.35681654885,0.079515914291,1.8945621297,0.159087113327,-0.0044507986937,-0.0100493776843,-0.0014729163662,-0.0168743430392,-0.00147180244244,0.00713826943596,-0.00396821006994,0.573879160918,0.818924863864,0.00235008741503,0.0,0.818886626592,-0.573818711688,-0.0117271397433,0.0,-0.00825528112471,0.0086545828989,-0.999928471706,0.0,0.6615916592,0.260760613407,0.303466589804,1.0,-0.0026,-0.00341714285714,0.131
0.464988869412,0.546553934682,-0.124033981546,-1.35721706854,0.0795078895264,1.8947021294,0.158997440344,-0.00288758410134,-0.0128614292453,-0.000669004302278,-0.0211618243682,-1.35636174821e-05,0.00857918588777,-0.00956476984376,0.573854099615,0.818942375872,0.00236733116538,0.0,0.818904204337,-0.573793423334,-0.0117370507124,0.0,-0.00825376805324,0.00867413911716,-0.999928314742,0.0,0.661544211617,0.260702068491,0.303478649227,1.0,-0.00298,-0.00391657142857,0.15
0.464951970568,0.546289921192,-0.124026581851,-1.35759832242,0.0794951059235,1.89484702627,0.158935329809,-0.0039866731018,-0.0142039596529,0.00516255905338,-0.0229279491757,-0.000713962354791,0.00555190689278,0.000760079271435,0.573846216167,0.818947808606,0.00239872293683,0.0,0.81890992404,-0.573785297119,-0.0117352469629,0.0,-0.00823436136767,0.00869873256098,-0.999928261099,0.0,0.661501229589,0.260647919322,0.303496458965,1.0,-0.0033,-0.00433714285714,0.166
0.4649144039,0.54603474108,-0.12403216292,-1.35803056106,0.0794834703149,1.89499215976,0.158911143866,-0.00427861240901,-0.0141522963163,-0.000286515776851,-0.0308793270417,0.000427052282067,0.00565473693556,-0.0017997217522,0.573882124994,0.818922707444,0.00237755042257,0.0,0.818884426439,-0.573821152373,-0.0117612978069,0.0,-0.00826746429407,0.00869670503073,-0.999928005586,0.0,0.661449420031,0.260579841442,0.303484180048,1.0,-0.0036,-0.00473142857143,0.181
0.464863145465,0.545726616935,-0.124029691462,-1.3585583115,0.0794375973658,1.89516610148,0.158842619832,-0.00621281754259,-0.0183029972141,0.000106301072138,-0.0335494128795,-0.00150641227995,0.00695367587124,-0.00115941662917,0.573883518412,0.818921863938,0.00233130014097,0.0,0.818883055699,-0.573822797226,-0.0117764754413,0.0,-0.00830641997524,0.00866755422121,-0.999927935849,0.0,0.661386422001,0.26049313706,0.303466081752,1.0,-0.00394,-0.00517828571429,0.198
0.4647989761,0.545365460107,-0.12403206039,-1.35916934244,0.0793659852279,1.89536608702,0.158760671515,-0.00823015990169,-0.0238921802887,0.000717712396618,-0.0364402098297,-0.00203592310424,0.0182299334753,-0.00234050010931,0.573885632861,0.818920557071,0.0022690312979,0.0,0.818881213268,-0.57382543242,-0.0117761864271,0.0,-0.00834189389064,0.00861641719529,-0.999928082494,0.0,0.661316746784,0.260383505365,0.303448240539,1.0,-0.00428,-0.00562514285714,0.215
0.464738547773,0.544972175507,-0.124032279934,-1.35986675852,0.0793497590256,1.89557392857,0.15867553643,-0.00209222563446,-0.02770087072,-0.000817226674245,-0.0400075604789,-0.00290227908176,0.0138429194133,-0.0110672233288,0.573899966015,0.818910696926,0.0022014470831,0.0,0.818870166923,-0.573839710801,-0.0118483303646,0.0,-0.00843960920742,0.00860262136113,-0.999927381314,0.0,0.661224988089,0.260277261833,0.303412710439,1.0,-0.00462,-0.006072,0.232
0.464662311837,0.544526809612,-0.124035394388,-1.36062510252,0.0793163715465,1.89582778709,0.158580956796,-0.00457188052342,-0.0183578666949,-0.000111383661035,-0.0394141807392,-0.00528255982794,0.017603037935,-0.00476301419542,0.573920474351,0.818896443037,0.00215675737624,0.0,0.818855189045,-0.573860250119,-0.0118886336005,0.0,-0.00849804605439,0.00858936757639,-0.999927000324,0.0,0.661135424093,0.260152695287,0.303389068959,1.0,-0.00498,-0.00654514285714,0.25
0.464592726277,0.544057752635,-0.124038145912,-1.36139058142,0.0792784372919,1.89609311539,0.158491609124,-0.00775453922399,-0.0292454934538,-0.000996916048995,-0.0482539890037,-0.00021003282804,0.0181191037547,-0.00236610456364,0.573938740619,0.818883700871,0.00213386153241,0.0,0.818842055292,-0.573878512394,-0.0119116916805,0.0,-0.00852987711169,0.00858404215409,-0.999926775027,0.0,0.661045471503,0.260032252127,0.303379727262,1.0,-0.00532,-0.006992,0.267
0.464524942851,0.543581665046,-0.124036049921,-1.3621602108,0.0792417638059,1.89636809484,0.158386008447,-0.00922045972672,-0.0369509167838,0.00017323661987,-0.042041968113,0.00048467188014,0.0141285405165,-0.00323562598516,0.573939404715,0.818883261985,0.00212364265005,0.0,0.818841361651,-0.573879095792,-0.0119312515643,0.0,-0.0085517527245,0.00858690718413,-0.999926563579,0.0,0.660954921056,0.259916274216,0.303374016602,1.0,-0.00564,-0.00741257142857,0.283
0.464438644603,0.542984601366,-0.124041779051,-1.36311564777,0.0791842577291,1.89669015319,0.158288363328,-0.00349623945962,-0.0352925629355,-0.000433923148677,-0.0519860117566,-0.000624185987911,0.0192228989735,-0.0106248983939,0.57397181895,0.818860625018,0.0020915897325,0.0,0.818818281944,-0.573911612689,-0.0119511035716,0.0,-0.00858606581219,0.00857239361187,-0.999926394062,0.0,0.660841807498,0.259762887203,0.303369701999,1.0,-0.00602,-0.007912,0.302
0.46437782661,0.542443160108,-0.124049614936,-1.36396311779,0.0791370241216,1.89699417521,0.158158538825,-0.00278258550387,-0.0289740282556,-4.10620731455e-05,-0.0506484769471,-0.0014918202062,0.0171864164833,-0.0077402911606,0.573955297493,0.81887220839,0.00209038444343,0.0,0.818829829769,-0.57389507848,-0.0119538980456,0.0,-0.00858921891632,0.0085728373006,-0.999926363178,0.0,0.66074165551,0.259637651453,0.303375878274,1.0,-0.00634,-0.00833257142857,0.318
0.464300875375,0.541883889878,-0.124048882412,-1.36483685374,0.0790900614213,1.89731660647,0.158050054356,-0.00461236220259,-0.0374066358084,-0.000273953619611,-0.0542092981941,0.000474762305519,0.0184067753605,-0.00606749867075,0.573964998573,0.818865383699,0.00210016513818,0.0,0.818823068051,-0.573904673454,-0.0119564173473,0.0,-0.0085855669897,0.00858239396522,-0.999926312562,0.0,0.660641673278,0.259505136207,0.303383412102,1.0,-0.00666,-0.00875314285714,0.334
0.464229754078,0.541321612783,-0.124045812241,-1.36569256062,0.0790279283848,1.89763509832,0.157940743845,-0.00344034083457,-0.0352031815955,0.00134678297264,-0.0581382342161,-0.00815645151616,0.0281968169868,-0.0100579315952,0.573962487187,0.818867102065,0.00211644964128,0.0,0.818825074734,-0.573902171466,-0.0119390734091,0.0,-0.00856204424479,0.00858574760651,-0.999926485466,0.0,0.660543810982,0.259377296248,0.303401132668,1.0,-0.00696,-0.00914742857143,0.349
0.464136014186,0.540631884071,-0.124053873109,-1.36673487558,0.0789740266039,1.89801126519,0.15781119567,-0.00420676990601,-0.0393484609301,-0.000699209676483,-0.0604605275171,-0.00504734994695,0.0279977404128,-0.000344270560535,0.573982140861,0.818853264521,0.00214010652143,0.0,0.818811485652,-0.573921665705,-0.0119339640846,0.0,-0.00854407644973,0.00860239167721,-0.999926496106,0.0,0.660425542002,0.25921283592,0.303425441996,1.0,-0.0073,-0.00959428571429,0.366
0.464033013881,0.539900789249,-0.124051794548,-1.36783498366,0.0789054150195,1.89841413728,0.157673108726,-0.00178296383234,-0.046882192453,0.000500640770906,-0.0628926913671,-0.00319124159879,0.0199283980921,-0.00708341761212,0.573994486028,0.818844535695,0.00216870298691,0.0,0.818803127471,-0.573933890992,-0.0119194847474,0.0,-0.00851567676318,0.00861762522552,-0.999926607199,0.0,0.660301036395,0.259041267396,0.303453327236,1.0,-0.00764,-0.0100411428571,0.383
0.463943671313,0.539190779692,-0.124059844686,-1.36892811809,0.078838326317,1.89882157848,0.157528914652,-0.0099814147177,-0.0462511338438,4.37313598686e-05,-0.0624813753918,0.000280132548756,0.0173950558893,-0.010459404316,0.57400650525,0.818836057316,0.00218862317957,0.0,0.818794926179,-0.573945846067,-0.0119072056683,0.0,-0.00849406169758,0.00862701316445,-0.999926710094,0.0,0.660169231741,0.258863620917,0.303472160856,1.0,-0.00798,-0.010488,0.4
0.463818143792,0.538340559088,-0.124060274028,-1.37024585709,0.0787684345857,1.89933309082,0.157367169986,-0.00101487057766,-0.0485565654185,-0.00624330049364,-0.0677905109484,-0.00493669451711,0.0268790493299,-0.000893687095901,0.574022699993,0.818824598505,0.00222793106333,0.0,0.818783945621,-0.573961846941,-0.011890986101,0.0,-0.0084580473356,0.00865005667425,-0.999926816299,0.0,0.660032954766,0.258668976306,0.303487981748,1.0,-0.00834,-0.0109611428571,0.418
0.46370821917,0.537560268255,-0.124066569972,-1.37148032761,0.078691871365,1.8998067504,0.157219006808,-0.00173046136336,-0.0409013636478,-0.000432578703136,-0.0762873388013,-0.00472801726304,0.0290963226855,-0.0173425321503,0.574043565997,0.8188099366,0.00224030432972,0.0,0.818769504654,-0.573982722402,-0.0118776905845,0.0,-0.00843983758932,0.00865277131794,-0.999926946677,0.0,0.659896197437,0.25847622648,0.303492699885,1.0,-0.00868,-0.011408,0.435
0.46360247892,0.536767247293,-0.124065256352,-1.37270889701,0.0786251960693,1.90025518107,0.157069078533,-0.00538824857822,-0.052239210419,0.00220913292426,-0.0782626513118,-0.00415568761845,0.0277359668346,-0.0131512983292,0.574056252139,0.818801000389,0.00225566909909,0.0,0.8187606756,-0.573995250731,-0.0118808724965,0.0,-0.00843348930635,0.00866730916555,-0.999926874331,0.0,0.659752467725,0.258291426048,0.303506649119,1.0,-0.009,-0.0118285714286,0.451
0.463483641057,0.535876431569,-0.124079121592,-1.37410941858,0.0785439402611,1.90077517733,0.156897380848,-0.010046881301,-0.0496223534757,0.000407191156381,-0.0770129099256,-0.0117611926458,0.0327091407746,-0.00739437567189,0.574078026982,0.818785716025,0.00226209462275,0.0,0.818745500353,-0.574017023607,-0.0118747278959,0.0,-0.00842453895889,0.00866926706545,-0.999926932807,0.0,0.659593073183,0.258072556816,0.303514327092,1.0,-0.00936,-0.0123017142857,0.469
0.46337488464,0.535029387035,-0.124085416942,-1.3754423867,0.0784721666903,1.90125106457,0.156743987859,-0.00760566489045,-0.0572743025525,-0.000614085461491,-0.0845078682908,-0.00443495781427,0.0288409010701,-0.0101471639028,0.574099795339,0.81877046776,0.00225677140331,0.0,0.818730096542,-0.57403872161,-0.011887893441,0.0,-0.00843814436247,0.00867269083656,-0.999926788397,0.0,0.659434218204,0.257870735822,0.303519034373,1.0,-0.00968,-0.0127222857143,0.485
0.463260871813,0.53418200507,-0.124091452321,-1.37681779241,0.078394804606,1.9017486995,0.156580111715,-0.00624194639406,-0.0583884171538,-0.000383155739132,-0.0896838470899,-0.00293818379284,0.0361105878206,-0.0127065571209,0.574117897686,0.818757843647,0.00223157453149,0.0,0.818717085406,-0.57405686179,-0.0119079971983,0.0,-0.00846887848801,0.00866378931824,-0.999926605733,0.0,0.659271136392,0.257661152478,0.303505503309,1.0,-0.01,-0.0131428571429,0.501
0.463123476378,0.533217980817,-0.124090063248,-1.37838579102,0.0783059793091,1.90232660427,0.156384232052,-0.0102334144422,-0.0545622363355,0.000520755289319,-0.0885331625873,-0.00378859654036,0.0335640489099,-0.00822147245428,0.574131115821,0.818748629493,0.00221143612935,0.0,0.818707520307,-0.574070068871,-0.0119289194538,0.0,-0.00849743076496,0.0086594499476,-0.99992640109,0.0,0.659086933436,0.257422745111,0.303489114452,1.0,-0.01036,-0.013616,0.519
0.462997735864,0.532271196891,-0.124094978552,-1.37990346129,0.0782211543991,1.90290784299,0.156193361674,-0.00740008537095,-0.05693012283,-0.00188342155251,-0.0930716668716,-0.0111595266178,0.0317547364246,-0.00979290411188,0.574141614899,0.81874124164,0.00222085124431,0.0,0.818700223295,-0.574080496109,-0.0119279195972,0.0,-0.00849109579702,0.00866669329028,-0.999926392151,0.0,0.658912468545,0.257194993079,0.303484815938,1.0,-0.0107,-0.0140628571429,0.536
0.462878520942,0.531350907138,-0.124087191052,-1.38138517115,0.0781375076192,1.90344834967,0.156001733691,-0.00894617824203,-0.057295817681,0.000441802153365,-0.0886700205897,-0.00227377795479,0.0436871978228,-0.0148205083657,0.574135206643,0.818745771905,0.00220734703235,0.0,0.81870445022,-0.574074013631,-0.0119497683678,0.0,-0.00851680573098,0.00866811445783,-0.99992616118,0.0,0.658732519357,0.256980304636,0.303474813903,1.0,-0.01102,-0.0144834285714,0.552
0.46273126134,0.53026202745,-0.124087218369,-1.38313351669,0.078027038054,1.90406066175,0.155778697521,-0.0112802026094,-0.062849229914,0.000444481327308,-0.0973570160958,-0.00542136583075,0.0302144674223,-0.0129573078364,0.574138469162,0.818743597883,0.00216472988227,0.0,0.818701682584,-0.574077411947,-0.0119760981663,0.0,-0.00856279603324,0.00864837317265,-0.99992593934,0.0,0.65851913485,0.256713744365,0.303462936114,1.0,-0.01138,-0.0149565714286,0.57
0.462595262701,0.529284760066,-0.124089735685,-1.38467595454,0.0779265253609,1.90463269525,0.155573187346,-0.0115322126524,-0.0643999190173,0.000345535624168,-0.0943385323615,-0.00500292819281,0.0352545264603,-0.015024589786,0.57414009758,0.818742454371,0.00216533184382,0.0,0.818700602732,-0.574079094055,-0.0119692838581,0.0,-0.00855685384577,0.00864497073038,-0.99992601963,0.0,0.658339534973,0.256475025147,0.303466779426,1.0,-0.0117,-0.0153771428571,0.586
0.462466635437,0.528261891204,-0.124092803671,-1.38628925732,0.0778249307003,1.90523629297,0.155343710295,-0.0094110213421,-0.0655679168538,0.000499397990937,-0.100969440767,-0.00754138094842,0.0397600492987,-0.0146165127716,0.574119878957,0.818756612183,0.00217290001285,0.0,0.818714893048,-0.574058881078,-0.0119612648565,0.0,-0.00854615668128,0.00864635200231,-0.999926099171,0.0,0.658148725371,0.256235012427,0.303471544155,1.0,-0.01202,-0.0157977142857,0.602
0.462311163404,0.527076432268,-0.124097891382,-1.38814233782,0.0777122950375,1.9059440039,0.155085930288,-0.00838702264117,-0.0674761130436,-0.00108337390886,-0.103691534877,-0.00659375533839,0.0386755292344,-0.00710555133773,0.574109795811,0.818763598419,0.00220434996238,0.0,0.81872232316,-0.574048705198,-0.0119410435754,0.0,-0.00851165144065,0.00866038735041,-0.999926272022,0.0,0.657934270122,0.255955123994,0.303485465234,1.0,-0.01238,-0.0162708571429,0.62
0.462169084235,0.52590880416,-0.124104565503,-1.38996458233,0.0775970854646,1.90661384563,0.154849394196,-0.0101088314027,-0.0710056888043,-0.00109389051544,-0.106239549897,2.66349080945e-06,0.0355430044849,-0.0119855169111,0.574105571259,0.81876652957,0.00221585349471,0.0,0.818725458679,-0.574044490039,-0.0119286909674,0.0,-0.00849497797096,0.00866267039428,-0.999926394037,0.0,0.657731017657,0.255699359115,0.303497556493,1.0,-0.0127,-0.0166914285714,0.636
0.462017599557,0.524824932469,-0.124104770654,-1.39169416097,0.0774954658211,1.90723934478,0.154608279196,-0.0128654018263,-0.0669233402373,-0.000628933691147,-0.105334214619,-0.00623829759767,0.0356483231407,-0.0185915907413,0.574096945191,0.818772628358,0.00219715157287,0.0,0.818731221591,-0.574035847182,-0.0119490519454,0.0,-0.0085224769873,0.00865895752282,-0.999926192197,0.0,0.657507048719,0.255418814758,0.303491327398,1.0,-0.01304,-0.0171382857143,0.653
0.461858154162,0.523623062957,-0.12410915731,-1.39357884717,0.0773719610005,1.90792263875,0.154344574241,-0.0114770448651,-0.0690092237894,-7.07078144637e-05,-0.10620001565,-0.0142831305201,0.0359309037926,-0.0182461597796,0.574082524777,0.81878275389,0.00219170669802,0.0,0.818741328021,-0.574021503461,-0.011945637546,0.0,-0.00852295932633,0.00865238920036,-0.999926244943,0.0,0.65728041089,0.255129917169,0.303498664406,1.0,-0.01338,-0.0175851428571,0.67
0.461699741975,0.522417168235,-0.12411488857,-1.39551756075,0.0772536732321,1.90865938335,0.154085458578,-0.0110916408818,-0.0702864894878,-0.00145996554825,-0.11771325182,-0.0100555990543,0.0382748777887,-0.0133944300363,0.574076349919,0.818787084778,0.0021911562312,0.0,0.818745676553,-0.574015356821,-0.0119429544155,0.0,-0.00852114356198,0.00865033391476,-0.9999262782,0.0,0.657050966692,0.254839028946,0.303487515864,1.0,-0.01372,-0.018032,0.687
0.461537859454,0.521160176641,-0.124114513308,-1.39750814772,0.077132155905,1.90943546515,0.153817388595,-0.00214697726876,-0.074875784932,-0.000509771808415,-0.122644142883,-0.00690254916091,0.0487461814052,-0.0164752245113,0.574063085064,0.818796295104,0.00222449832229,0.0,0.818755349134,-0.574001986855,-0.0119224264139,0.0,-0.00848533548857,0.00866571163091,-0.999926449557,0.0,0.656817512823,0.254546102296,0.303490443708,1.0,-0.01406,-0.0184788571429,0.704
0.4613869499,0.520031589709,-0.124112741851,-1.39929910912,0.0770189017297,1.91008862759,0.153579925167,-0.00122892451173,-0.0796824408492,-0.00121795620783,-0.117047155866,-0.00329657672656,0.0386773298559,-0.0145849926753,0.57405584975,0.818801395674,0.00221420686195,0.0,0.818760300501,-0.573994778581,-0.0119294336312,0.0,-0.00849705732407,0.00866123259144,-0.999926388824,0.0,0.656599034621,0.254276291561,0.303487157674,1.0,-0.01436,-0.0188731428571,0.719
0.461219060036,0.518762912032,-0.124126278144,-1.40125071387,0.0768937149871,1.91078731153,0.153313811734,-0.0120973743455,-0.0800619477965,-0.0011406774614,-0.126105525431,-0.00738596641087,0.0456861830375,-0.0189238736046,0.574054826133,0.818802092003,0.00222207683322,0.0,0.818761160079,-0.573993785274,-0.0119182261441,0.0,-0.00848337353831,0.00866123219827,-0.999926505014,0.0,0.656363222761,0.25397040047,0.303509842508,1.0,-0.01468,-0.0192937142857,0.735
0.461023645961,0.517264383787,-0.124130039982,-1.40362296504,0.0767307903302,1.91163584751,0.152998061981,-0.0112336393513,-0.0829104949221,-0.00041767813223,-0.126962409769,-0.00426959857281,0.0483406310715,-0.0135668198015,0.574040507376,0.818812217562,0.00218978597441,0.0,0.818770961238,-0.57397969671,-0.0119234096921,0.0,-0.00850630461419,0.00863761961744,-0.999926514455,0.0,0.656069892128,0.253609387391,0.303505895491,1.0,-0.01506,-0.0197931428571,0.754
0.460841709138,0.515909399844,-0.124135855814,-1.40577259804,0.0765998022821,1.91244998546,0.152688116009,-0.00806973842733,-0.0824565937507,-0.00159410409231,-0.123726925492,-0.00259334956723,0.0534021970368,-0.0152963337219,0.574018306828,0.818827744545,0.00220342704832,0.0,0.818786680214,-0.573957458381,-0.0119144943152,0.0,-0.00849140860505,0.00864344098453,-0.999926590759,0.0,0.655813089814,0.253283367345,0.303503876287,1.0,-0.0154,-0.02024,0.771
0.460678084044,0.514700695424,-0.124136550723,-1.40771511346,0.0764860295609,1.91318314441,0.15242381564,-0.0107708294729,-0.0834866118788,-0.00122437490261,-0.134724865826,-0.0143832954205,0.0496336987559,-0.0162285792524,0.57401802059,0.818827948183,0.00220232010013,0.0,0.818786804161,-0.573957110223,-0.0119227453999,0.0,-0.00849880350038,0.0086472678377,-0.999926494847,0.0,0.655561259678,0.252965905813,0.303493207109,1.0,-0.01572,-0.0206605714286,0.787
0.460462027656,0.51314025757,-0.124137542365,-1.41025149017,0.0763302777183,1.91406379246,0.152075981076,-0.0112746367328,-0.0799057816344,0.00100774383857,-0.13773809334,-0.0143804210042,0.0466542430437,-0.0219638581938,0.573992097024,0.818846332703,0.0021219974556,0.0,0.818804019817,-0.573931395844,-0.011978184253,0.0,-0.00859057668159,0.0086130489725,-0.999926005952,0.0,0.655255125752,0.252604293862,0.303453050641,1.0,-0.01608,-0.0211337142857,0.805
0.460279887013,0.511874205857,-0.124137661043,-1.41225797938,0.0762063332485,1.91477908687,0.151791571551,-0.0155774618072,-0.0828590527722,-0.00191558430067,-0.13113756631,-0.00958506723464,0.049917501157,-0.0133500051997,0.573979958127,0.818854897514,0.00210033025352,0.0,0.818812234571,-0.573919281313,-0.0119970811418,0.0,-0.00861861455429,0.00860602593233,-0.999925825149,0.0,0.655006245063,0.252291960339,0.303446862394,1.0,-0.01638,-0.021528,0.82
0.46008940614,0.510408380725,-0.12414109323,-1.41459000362,0.0760621694368,1.91567389088,0.151459568683,-0.0148784487705,-0.0813066275752,0.00524384925104,-0.139863968075,-0.0163578759265,0.0528730095008,-0.0199207172937,0.573949694696,0.818876057761,0.00212058624463,0.0,0.818833689772,-0.573888967937,-0.0119828158744,0.0,-0.00859562546516,0.00861410682012,-0.999925953452,0.0,0.654724056965,0.251945127028,0.303440897616,1.0,-0.01672,-0.0219748571429,0.837
0.459873202702,0.508825894034,-0.124149308552,-1.41709265902,0.0758993114581,1.91659643669,0.151118627246,-0.0127654856642,-0.0912407167635,-0.000781933540329,-0.136240543398,-0.00265650610311,0.0512685345418,-0.0163549433281,0.573939659716,0.818883106895,0.00211450901617,0.0,0.818840732071,-0.573879032026,-0.0119774372235,0.0,-0.00859481409564,0.0086059380461,-0.999926030765,0.0,0.65441730739,0.25155894703,0.303437376548,1.0,-0.01708,-0.022448,0.855
0.459656341283,0.507309301648,-0.124146527832,-1.41947629954,0.075750162892,1.91743878108,0.150774889889,-0.0132682621402,-0.0955019809457,0.000789278178412,-0.145471435919,-0.00828119295478,0.0473383446414,-0.0209283998454,0.573916898464,0.818899112667,0.00209376029787,0.0,0.818856375783,-0.573856268862,-0.0119985594046,0.0,-0.00862425822101,0.00860083056146,-0.999925821191,0.0,0.654117141869,0.25118891948,0.303436546448,1.0,-0.01742,-0.0228948571429,0.872
0.459461086971,0.505931400865,-0.124155007999,-1.42161664198,0.0756151100728,1.91824227676,0.150492429876,-0.0173620959291,-0.0920367493334,-0.000920166989747,-0.146638405043,-0.00599891671767,0.0509791521897,-0.0167131576571,0.573925814239,0.818892786752,0.00212378352912,0.0,0.818850498529,-0.573865115373,-0.0119765319392,0.0,-0.0085888956982,0.00861286787094,-0.999926021952,0.0,0.653859300265,0.25085313737,0.303451025314,1.0,-0.01772,-0.0232891428571,0.887
0.459237324196,0.504304076427,-0.124158924695,-1.42408587229,0.0754601127789,1.91919762701,0.150139511538,-0.0126684018097,-0.0989236266867,-0.000496197831033,-0.145618474537,-0.00166854112121,0.0522479430176,-0.0150725134261,0.573908457189,0.818904705454,0.00221654079544,0.0,0.818863704679,-0.573847460421,-0.0119194056067,0.0,-0.00848906447196,0.00865585914179,-0.999926503243,0.0,0.653565781778,0.250472757221,0.303495740117,1.0,-0.01806,-0.023736,0.904
0.459016995429,0.502727372387,-0.124164247009,-1.42642351406,0.0753086694269,1.9200776329,0.14982240568,-0.0122903188071,-0.104030233285,0.000230895147938,-0.148835443012,-0.00667539249571,0.0555846558789,-0.0165552240418,0.573912060341,0.81890191285,0.00231322867702,0.0,0.818862265941,-0.573850776965,-0.0118584187925,0.0,-0.00838359516914,0.00870007274106,-0.999927009369,0.0,0.653285725876,0.250104345503,0.303560574217,1.0,-0.01838,-0.0241565714286,0.92
0.458770025006,0.50093094295,-0.124171673458,-1.42913268335,0.0751387574059,1.92103490363,0.149436649454,-0.0131726164014,-0.0995594108038,-0.000476025376298,-0.149871879405,-0.00522357095972,0.0537126714277,-0.0193074273507,0.573896063843,0.818913016079,0.00235093667585,0.0,0.818873820837,-0.57383459524,-0.0118435533031,0.0,-0.00834995192316,0.00872225705134,-0.99992709761,0.0,0.652944503084,0.249678572043,0.303608118795,1.0,-0.01874,-0.0246297142857,0.938
0.458529674295,0.499239726125,-0.124171709358,-1.43172965628,0.0749759500552,1.92198503327,0.14907517503,-0.012717495453,-0.0984512063909,-0.00127019410281,-0.152740250408,-0.0063686656845,0.0592233743329,-0.0257085410487,0.573885198533,0.818920523593,0.00238785347682,0.0,0.818881779201,-0.57382355829,-0.0118280406524,0.0,-0.00831617877757,0.00874347550061,-0.999927193753,0.0,0.652621204411,0.249274099324,0.303634162036,1.0,-0.01908,-0.0250765714286,0.955
0.458273788311,0.497565703207,-0.124168925954,-1.43438333456,0.0748158918956,1.9229642516,0.148688508593,-0.0151559144072,-0.100446959574,-0.000651321909376,-0.15167880882,-0.0108512070848,0.0494880198897,-0.0181512242821,0.573867791676,0.81893271769,0.00238924156976,0.0,0.818893890275,-0.573806042039,-0.0118393196609,0.0,-0.00832480525516,0.00875090803469,-0.999927056953,0.0,0.652291468603,0.248856705678,0.303623123337,1.0,-0.01942,-0.0255234285714,0.972
0.458025701796,0.495988956043,-0.12416879183,-1.43690310176,0.0746580594903,1.92385276956,0.148313424494,-0.0163429379777,-0.0971127610281,0.000592773875853,-0.155722241675,-0.0145036975291,0.060132877312,-0.0175926437738,0.573848351064,0.818946475378,0.00234250884441,0.0,0.818906936281,-0.573786677008,-0.0118754326117,0.0,-0.00838140468328,0.00873316230385,-0.999926739282,0.0,0.651970768611,0.248451878017,0.303599639274,1.0,-0.01974,-0.025944,0.988
0.457733980407,0.494212110444,-0.124169205431,-1.43982053284,0.074472323092,1.92485359896,0.147904978736,-0.0163832385153,-0.102253766153,0.00179366315269,-0.160801257608,-0.0144084910572,0.0498903397859,-0.0246739518289,0.573849531392,0.818945986113,0.00222127254231,0.0,0.818904718167,-0.573788187669,-0.0119551309875,0.0,-0.00851623055317,0.00867962398982,-0.999926066239,0.0,0.651592577073,0.247977122895,0.303535501473,1.0,-0.02222,-0.0292034285714,1.006
0.457438461215,0.492052123282,-0.12424633329,-1.44313667825,0.0742805034782,1.92608211385,0.147429266519,-0.0159048416417,-0.139889041419,-0.00755931977311,-0.213883221218,-0.015615169882,0.0775611761975,-0.0355538657125,0.573872404998,0.818929815582,0.002273067213,0.0,0.818889405555,-0.573811036921,-0.0119072363544,0.0,-0.00844704244905,0.00869479242411,-0.99992652133,0.0,0.651190037617,0.247427098926,0.303569354394,1.0,-0.029836,-0.0392130285714,1.023
0.457086292604,0.489531378722,-0.124267074076,-1.44720430837,0.0740534525917,1.92760240057,0.146830885111,-0.0242147077655,-0.167154541001,-0.00185682189342,-0.275099785918,-0.0143853160071,0.0969277220762,-0.0425423987683,0.573828330029,0.818960746054,0.00225631991204,0.0,0.818919911185,-0.573766822482,-0.011939823471,0.0,-0.00848380857075,0.00869932175408,-0.999926170671,0.0,0.650673400473,0.24680319603,0.303519101974,1.0,-0.037004,-0.0486338285714,1.039
0.456564865323,0.486133567552,-0.124305919119,-1.452529755,0.0737412012776,1.92959255325,0.146047396016,-0.0373717149925,-0.217271357625,-0.00112662593837,-0.332947299816,-0.02509122343,0.127693534526,-0.0449076496508,0.573822179768,0.818964908144,0.00230914195437,0.0,0.818924698105,-0.573760395499,-0.0119203310278,0.0,-0.00843760105415,0.00873133181696,-0.999926282649,0.0,0.650013487247,0.245939556997,0.303518953078,1.0,-0.04462,-0.0586434285714,1.056
0.455949860101,0.482113457556,-0.12441124556,-1.45882035069,0.0733552678298,1.93184057599,0.145065992646,-0.0422321582046,-0.251233380768,-0.00743119158312,-0.386111735322,-0.0239300165869,0.138163271549,-0.0687096619017,0.573803234055,0.81897828296,0.00227322016809,0.0,0.818937764054,-0.573741760029,-0.0119196604739,0.0,-0.00845786456832,0.00870133309805,-0.999926372954,0.0,0.649221044402,0.244876459507,0.303512684527,1.0,-0.052236,-0.0686530285714,1.073
0.455252779106,0.477702768039,-0.124507678454,-1.46572490106,0.0729512800408,1.93427850691,0.144041882432,-0.0473084886403,-0.288940383044,-0.00670055407721,-0.446171024451,-0.0313583857991,0.160110751797,-0.0648568944293,0.573832656005,0.818957803004,0.00222411825226,0.0,0.818916499212,-0.573771228458,-0.0119620906852,0.0,-0.00852047649059,0.00868577263025,-0.999925976677,0.0,0.648337324892,0.243708620806,0.303497132168,1.0,-0.059404,-0.0780738285714,1.089
0.454342887719,0.472093938101,-0.124590645812,-1.47438865957,0.0724256583814,1.93742304586,0.142788459222,-0.0562079045772,-0.324664058082,-0.00133479626991,-0.497282364989,-0.0344050648348,0.178267369789,-0.0720031551332,0.573887015238,0.818919515827,0.00229504678167,0.0,0.81887908651,-0.573825242312,-0.0119323033451,0.0,-0.00845480308363,0.00872732779181,-0.999926172302,0.0,0.647236671647,0.242247871213,0.303528575625,1.0,-0.067468,-0.0886722285714,1.107
0.453410588377,0.466485017701,-0.12464037929,-1.48284054761,0.0719114658822,1.94058428243,0.141420228961,-0.0594229447173,-0.364864879986,-0.00125669827869,-0.550378507177,-0.033439999753,0.200464357513,-0.0936354842866,0.573820984935,0.818964905998,0.00258976714987,0.0,0.818928331128,-0.573758106651,-0.0117800860833,0.0,-0.00816173433395,0.00888066526932,-0.999927257293,0.0,0.646103924762,0.240730879429,0.303669358182,1.0,-0.075084,-0.0986818285714,1.124
0.452372176603,0.460396838612,-0.124681558811,-1.49226878898,0.0712982320016,1.94385670286,0.139976489265,-0.0690264591852,-0.392106827815,0.000159039192909,-0.603323346062,-0.0377476066644,0.205948557141,-0.0892256878143,0.573802067656,0.818978428639,0.00250349333621,0.0,0.818940490001,-0.573739254464,-0.0118527897588,0.0,-0.00827098597347,0.00885153775008,-0.999926617843,0.0,0.644921834835,0.239217692911,0.303646071304,1.0,-0.081804,-0.107513828571,1.139
0.450989758109,0.452461913884,-0.124800964225,-1.50448206763,0.0704819243307,1.94805136688,0.138074262067,-0.0781667955149,-0.442555537528,-0.00350546367989,-0.64404869332,-0.0464161113478,0.233541752057,-0.105191775271,0.57380243339,0.818978473221,0.00240306848865,0.0,0.818939294465,-0.573740079808,-0.0118953647754,0.0,-0.00836347199845,0.00879372577331,-0.99992635865,0.0,0.643289889697,0.237075176306,0.303654446969,1.0,-0.090316,-0.118701028571,1.158
0.449712906506,0.445119184156,-0.124869520015,-1.51536890901,0.0697507202055,1.9521317078,0.136392473899,-0.087701923918,-0.469945824474,0.000886919025826,-0.706346397246,-0.0419886607614,0.252611119492,-0.112355243938,0.573813995202,0.818969011477,0.00282914321644,0.0,0.818935919045,-0.573750693404,-0.0116124595717,0.0,-0.00788717350657,0.00898045172253,-0.999928569439,0.0,0.641890789073,0.235187572273,0.303861243022,1.0,-0.097484,-0.128121828571,1.174
0.448308891873,0.437467373939,-0.124908160131,-1.52721215597,0.0689527121333,1.95616308589,0.134510260502,-0.0901147536919,-0.484126605562,-0.00197382886767,-0.748668561363,-0.0526085929792,0.257368770854,-0.122300162139,0.573756414207,0.819009842515,0.00268363934271,0.0,0.818974500125,-0.573693217605,-0.0117306061242,0.0,-0.00806805151999,0.0089285145971,-0.999927591464,0.0,0.64024981922,0.233119659973,0.303807139732,1.0,-0.104652,-0.137542628571,1.19
0.446576515797,0.428163505441,-0.124954379266,-1.54118594228,0.0680010104309,1.96114591482,0.13222070522,-0.0984302348963,-0.514074066633,-0.00272887172902,-0.782861674409,-0.0590861411492,0.276488024723,-0.133059559277,0.573678517346,0.819063562658,0.00293018134873,0.0,0.819031499868,-0.573614575845,-0.0115960124292,0.0,-0.00781722702721,0.00905246833049,-0.999928469331,0.0,0.638352428525,0.230653570365,0.303931117415,1.0,-0.112716,-0.148141028571,1.208
0.44487591995,0.419491100444,-0.125014541707,-1.55445599111,0.0670533725192,1.96561970442,0.130019200083,-0.105561175466,-0.541482732169,-0.0057393610033,-0.817176110564,-0.0588836687247,0.277387979752,-0.132936153623,0.573610734292,0.819111513415,0.00279302663008,0.0,0.819077602656,-0.573547184904,-0.0116728067706,0.0,-0.00795955110462,0.00898352577994,-0.999927968311,0.0,0.636480287146,0.228248730357,0.303897729188,1.0,-0.119884,-0.157561828571,1.224
0.443050385766,0.41026585613,-0.12513064697,-1.56825778076,0.0660649681735,1.97050905701,0.127742600843,-0.113314041775,-0.573679986133,-0.00430370213952,-0.86432070371,-0.0610020662313,0.299736962884,-0.14602247669,0.573623154246,0.819102056802,0.00300738384844,0.0,0.819071484367,-0.573559545415,-0.0114934008057,0.0,-0.00768950257336,0.00905631753817,-0.999929424841,0.0,0.634576813818,0.225704366767,0.304003274702,1.0,-0.127052,-0.166982628571,1.24
0.44074455469,0.399441607194,-0.125222229331,-1.5846713308,0.0649804191724,1.97599906712,0.12499112289,-0.131976629619,-0.637004020724,-0.00287517340908,-0.900952252513,-0.0627539158386,0.319455213494,-0.162701626145,0.573686367165,0.819058018127,0.00294312286492,0.0,0.819025712298,-0.573621905845,-0.0116421059204,0.0,-0.00784747154319,0.00908958575512,-0.999927895711,0.0,0.632214968241,0.222623668567,0.303974353663,1.0,-0.135116,-0.177581028571,1.258
0.438406578632,0.388721856572,-0.125360012449,-1.60076353247,0.0637560766395,1.98154326317,0.122235255197,-0.138420404709,-0.640944129869,-0.00783210964068,-0.965263280598,-0.0815798738853,0.325643377234,-0.172693501167,0.573727980443,0.819028634729,0.00300779855349,0.0,0.818997932078,-0.573664197149,-0.0115118661069,0.0,-0.0077032299494,0.0090682350797,-0.999929211175,0.0,0.629921604447,0.219525706161,0.30400435375,1.0,-0.142732,-0.187590628571,1.275
0.436056729234,0.378130479974,-0.125474662211,-1.61655117529,0.0625719553462,1.98677078117,0.119398302243,-0.146364378264,-0.682153922821,-0.00463558911997,-0.990857915426,-0.0761774449924,0.342925404509,-0.169973841665,0.573674333963,0.81906627974,0.00298912128359,0.0,0.81903545008,-0.573610751109,-0.0115058518185,0.0,-0.00770961157352,0.00904898239547,-0.999929336407,0.0,0.62759171609,0.216467164551,0.304036290719,1.0,-0.1499,-0.197011428571,1.291
0.433144550513,0.365846584593,-0.125612723023,-1.63489899836,0.0612067882183,1.99281890881,0.116154475558,-0.163995141833,-0.696402208861,-0.0116644341053,-1.02549484985,-0.0723125660171,0.337539739097,-0.179715550191,0.57378647578,0.818987916194,0.00293602460157,0.0,0.81895629681,-0.573722927817,-0.0115469871768,0.0,-0.00777252798097,0.00903015477158,-0.999929019538,0.0,0.624859474253,0.21281378168,0.304019421763,1.0,-0.157964,-0.207609828571,1.309
0.430547981482,0.3551824941,-0.125749318276,-1.65064066021,0.0599612931366,1.99802770795,0.113223057457,-0.17717420567,-0.72055886271,-0.00928891799045,-1.05946249813,-0.0778656245371,0.346643465924,-0.208114472695,0.573808442356,0.818972378604,0.00297682162517,0.0,0.818941811722,-0.573745375807,-0.0114586061347,0.0,-0.00767649207583,0.00901306216198,-0.999929915634,0.0,0.622500199542,0.209615596014,0.304058341463,1.0,-0.164684,-0.216441828571,1.324
0.427582275999,0.34336650274,-0.125891308417,-1.66794188829,0.0586959764154,2.00364841704,0.109971656454,-0.194068174037,-0.748775987056,-0.00479618418676,-1.08200331857,-0.087641172809,0.37062946043,-0.196405497572,0.573905654809,0.818903843564,0.00308889533302,0.0,0.818874248476,-0.573841666905,-0.0114653132714,0.0,-0.00761659890192,0.00910960035307,-0.999929498816,0.0,0.619851992868,0.206065169566,0.304120547705,1.0,-0.171852,-0.225862628571,1.34
0.423915903008,0.329011521945,-0.12599177423,-1.68905400164,0.0570326013395,2.01038187969,0.10590252244,-0.196888191082,-0.783185334889,-0.00512150290717,-1.10263203131,-0.0897061897052,0.352984506157,-0.221656737985,0.573848937205,0.818943814236,0.0030287447714,0.0,0.818913131737,-0.573784776275,-0.0115351673116,0.0,-0.00770895469624,0.00909989756946,-0.999928879412,0.0,0.616517710927,0.201749397195,0.304093977549,1.0,-0.180364,-0.237049828571,1.359
0.420609507723,0.316424202201,-0.126026231881,-1.70738983873,0.0554663560011,2.01619218282,0.102333586771,-0.20977835937,-0.78277372496,0.00166224234466,-1.1610617579,-0.0944739381066,0.360127612145,-0.224645581864,0.573756073184,0.819008987815,0.00299887694234,0.0,0.81897829783,-0.573692465,-0.011500008158,0.0,-0.00769832515269,0.00905438898101,-0.999929374421,0.0,0.613569192512,0.197965632564,0.304100126084,1.0,-0.187532,-0.246470628571,1.375
0.416651029829,0.301848943656,-0.126126260799,-1.7283905893,0.0537210603916,2.02278974468,0.0979624514327,-0.226785439155,-0.837676606804,-0.00590908923949,-1.1773715419,-0.10520292466,0.366844102176,-0.24574026047,0.573586132933,0.819127688831,0.00308616246311,0.0,0.819098192714,-0.573522355251,-0.011445768701,0.0,-0.00760570933188,0.00909317937548,-0.999929731168,0.0,0.610150405026,0.193529889236,0.30415379571,1.0,-0.195596,-0.257069028571,1.393
0.412847586753,0.288475635682,-0.126269293885,-1.74748807413,0.0521822174931,2.02861716153,0.0940458179504,-0.240880436791,-0.86133714134,-0.00734523529807,-1.19658201814,-0.0945428311044,0.382046544886,-0.253324873061,0.573670792276,0.819068111052,0.00316203218779,0.0,0.819039066739,-0.573606137201,-0.0114783893121,0.0,-0.00758796767471,0.00917482122654,-0.999929120189,0.0,0.606983813987,0.189373032778,0.304215372269,1.0,-0.202764,-0.266489828571,1.409
0.40856181765,0.274029854485,-0.126410884594,-1.76820915071,0.0504196965964,2.03479221424,0.0896108285543,-0.256932755506,-0.862455918868,-0.00698114232887,-1.21209638507,-0.107377190307,0.367381209214,-0.257147067514,0.573665835963,0.819072269648,0.00297869840818,0.0,0.819040372791,-0.573601197655,-0.0116310226498,0.0,-0.00781821367058,0.00911217002369,-0.999927919348,0.0,0.6036662948,0.1850588265,0.30414119994,1.0,-0.209932,-0.275910628571,1.425
