position_joint1,position_joint2,position_joint3,position_joint4,position_joint5,position_joint6,position_joint7,velocity_joint1,velocity_joint2,velocity_joint3,velocity_joint4,velocity_joint5,velocity_joint6,velocity_joint7,ee_T_00,ee_T_10,ee_T_20,ee_T_30,ee_T_01,ee_T_11,ee_T_21,ee_T_31,ee_T_02,ee_T_12,ee_T_22,ee_T_32,ee_T_03,ee_T_13,ee_T_23,ee_T_33,v_x,v_y,time
0.465094983077,0.547805235971,-0.123981785609,-1.35576196143,0.0794796857151,1.89408756238,0.159168412803,0.00085880953659,3.79744256216e-05,-0.000493928736026,8.12371530695e-05,0.000285080251093,-0.000143701427827,0.000177900883976,0.57378184752,0.818994072918,0.00196134732398,0.0,0.818951279535,-0.573723432668,-0.0118731401453,0.0,-0.0085989260425,0.00841900228088,-0.999927586814,0.0,0.661684180024,0.260912414841,0.303229764715,1.0,0.0,0.0,0.0
0.465092160041,0.5478051565,-0.123984261488,-1.35576671796,0.0794816148047,1.894087318,0.159168775484,1.71844784796e-05,0.000244523668512,-0.000953432231396,-0.000343617742281,0.00021562969865,-0.00680369645997,0.00104891426016,0.573786955337,0.818990502994,0.00195775158578,0.0,0.818947652724,-0.573728544738,-0.0118762768827,0.0,-0.00860350565374,0.00841791088993,-0.999927556609,0.0,0.661684239213,0.260908845494,0.303227621451,1.0,-0.00018,-0.000236571428571,0.01
0.465096668989,0.54780979687,-0.123979218184,-1.35576381378,0.0794781674395,1.89408615569,0.159164528701,0.00130069596284,0.0021570676288,0.000452046161244,0.000852233243312,-0.000323811306306,-0.000214805489538,0.000305455122067,0.573775189022,0.81899875412,0.00195451118295,0.0,0.818955868001,-0.573716799355,-0.0118771758136,0.0,-0.00860622199003,0.00841564922714,-0.999927552271,0.0,0.661682408682,0.26091439308,0.303225442058,1.0,-0.00046,-0.000604571428571,0.024
0.465090722809,0.547793451843,-0.123982167638,-1.35578015264,0.0794796811056,1.89409079257,0.159166469859,-0.000357458845257,-9.88823753553e-05,-3.62596732187e-05,0.000151426428098,6.68168257804e-05,-7.83340501601e-05,-0.00430640730132,0.573785005902,0.818991865102,0.00195928562231,0.0,0.818949032315,-0.573726586815,-0.0118757295856,0.0,-0.00860219728906,0.00841883272343,-0.999927560105,0.0,0.661682164891,0.260907588186,0.303229747902,1.0,-0.00084,-0.001104,0.043
0.465090405493,0.547710952446,-0.123984952029,-1.35586470106,0.0794782616234,1.89410780964,0.159157328144,-0.000738176746497,-0.00724851413782,-0.00153225746385,-0.00214150863731,-5.18679345075e-05,0.00205224009412,-0.0021904824148,0.573783936876,0.818992577005,0.00197471380559,0.0,0.818949907105,-0.573725417553,-0.0118718914748,0.0,-0.00859021287839,0.00842925460547,-0.999927575332,0.0,0.661669162597,0.260897743063,0.303249517895,1.0,-0.00116,-0.00152457142857,0.059
0.465087474401,0.547585675498,-0.123977183626,-1.35603312833,0.0794795463828,1.89413782257,0.159161688555,-0.00288836857578,-0.00614124981373,0.000952555877837,-0.0104388854555,0.00046935704233,7.56649302508e-05,-0.000269180049662,0.57379400118,0.818985529525,0.00197320561147,0.0,0.818942654249,-0.573735304631,-0.0118943756659,0.0,-0.00860938958793,0.00844102616162,-0.999927311102,0.0,0.661638753271,0.260884195522,0.30326045109,1.0,-0.00148,-0.00194514285714,0.075
0.465075107373,0.547441963729,-0.123982249484,-1.35624484614,0.0794750222687,1.89421030027,0.159150941845,-0.00421940671153,-0.00675181195374,4.4788757866e-05,-0.0143604207829,-4.98366404487e-05,0.00227437009801,-0.00116456420325,0.573809474378,0.818974670964,0.00198048831755,0.0,0.818931833471,-0.573750689967,-0.0118972598677,0.0,-0.00860741366625,0.00844880802602,-0.999927262391,0.0,0.661613106441,0.260854026471,0.303267937378,1.0,-0.00182,-0.002392,0.092
0.465060550821,0.54725988474,-0.123980088077,-1.35645949169,0.0794702909994,1.89434019021,0.159148362863,-0.000939059121575,-0.0139175631102,0.00211508598104,-0.0141325679822,0.000306259550895,0.0112545783503,0.0011095140502,0.573828810282,0.818960908713,0.0020672182692,0.0,0.818919185534,-0.573769656151,-0.0118531070463,0.0,-0.00852128826341,0.00849470256522,-0.999927611217,0.0,0.661598179336,0.260830631418,0.30330594926,1.0,-0.00216,-0.00283885714286,0.109
0.465033318436,0.54706898158,-0.123983203392,-1.35668685166,0.0794672931773,1.89445710235,0.159135561992,-0.00533601579926,-0.017125819374,-0.001156343327,-0.013897476699,0.000130510382854,0.00678977409341,-0.000162178920655,0.573854883418,0.81894245091,0.00214050812282,0.0,0.818901647897,-0.573795401253,-0.0118184378855,0.0,-0.00845056947033,0.00853509825119,-0.999927867385,0.0,0.661582389758,0.260793797503,0.303343203536,1.0,-0.00248,-0.00325942857143,0.125
0.465000691234,0.546844632323,-0.123979405575,-1.35701361625,0.0794583813714,1.89457914523,0.159114104969,-0.00600230784005,-0.0141226951099,0.000920969933214,-0.0212147714763,0.000130932860666,0.00837101886532,-0.00245978069864,0.573877285652,0.818926690605,0.00216410013342,0.0,0.818886081464,-0.573817593687,-0.0118195457029,0.0,-0.00843770516784,0.00855528499951,-0.999927803509,0.0,0.661545836457,0.26074541426,0.303357029114,1.0,-0.00282,-0.00370628571429,0.142
0.464971516542,0.546576272273,-0.123980348301,-1.35741787754,0.07945003029,1.89472733149,0.159006545745,-0.00128692854888,-0.0169964400881,-0.000275144160704,-0.0232369079843,-0.00481502019528,0.00576746808188,-0.0108219098249,0.573830787042,0.818959213276,0.00218671777405,0.0,0.818918790208,-0.57377090236,-0.0118200486685,0.0,-0.00842562494741,0.00857361717308,-0.999927748356,0.0,0.661498059902,0.260682414805,0.303370112001,1.0,-0.00318,-0.00417942857143,0.16
0.4649313787,0.546292733587,-0.123980588697,-1.35786065692,0.0794343261977,1.8948891362,0.158937254874,-0.00421881786038,-0.0183753836656,0.00056975917159,-0.0307673424657,-0.00174587148222,0.00929373859602,-0.0013439378033,0.573831023817,0.81895903277,0.00219217969519,0.0,0.818918537357,-0.573770971732,-0.0118341907876,0.0,-0.00843407074912,0.00858620771641,-0.999927569121,0.0,0.661447545098,0.260622729848,0.303371622363,1.0,-0.0035,-0.0046,0.176
0.46487884633,0.545967199304,-0.123985364911,-1.35840218565,0.0793917996158,1.89507546127,0.158903150531,-0.00424594916421,-0.0190203340237,-0.000834111522201,-0.0299122990017,-0.00204114891869,0.0098507547486,-0.00765173675571,0.573868391639,0.818932935072,0.00215959118316,0.0,0.818892105876,-0.573808555004,-0.0118409475604,0.0,-0.00845791288452,0.00856378258316,-0.999927560045,0.0,0.661386136362,0.260530966932,0.30336063644,1.0,-0.00386,-0.00507314285714,0.194
0.46482203877,0.545654389668,-0.123988936451,-1.35895104753,0.0792960206506,1.89526458709,0.158820983164,-0.00194484697765,-0.0187611412096,-0.0025933425942,-0.0355353667919,-0.00302088893427,0.0106928753648,-0.010091327297,0.573855324906,0.818942288531,0.0020835148485,0.0,0.818901022948,-0.573796347813,-0.0118157840543,0.0,-0.00848109531093,0.00848690643754,-0.99992801913,0.0,0.661327029624,0.260427603758,0.303337234543,1.0,-0.00418,-0.00549371428571,0.21
0.464762758075,0.54528734536,-0.123986047118,-1.35958946175,0.0792820188054,1.89546910049,0.158750192955,-0.0036663584302,-0.0225285699293,-0.000258809201692,-0.0430103148213,-0.00054300324657,0.0107166477492,-0.00333690402288,0.573875667932,0.818928141493,0.00204052165656,0.0,0.818886032042,-0.573816577187,-0.0118722017266,0.0,-0.00855175959065,0.00848428572712,-0.999927439519,0.0,0.661246363742,0.260330718522,0.30331085546,1.0,-0.0045,-0.00591428571429,0.226
0.464690581196,0.54486344766,-0.123988632683,-1.36029476968,0.0792608686966,1.89570647354,0.158648786069,-0.00538066229635,-0.0244058967271,-0.000474505741775,-0.0391318345395,-0.000516490807325,0.0163411875709,-0.00511090295852,0.573887169207,0.818920146861,0.00201419596366,0.0,0.81887747304,-0.573827965412,-0.0119120594595,0.0,-0.00859938907508,0.00848572115997,-0.999927018859,0.0,0.661163314393,0.260216022966,0.303295870282,1.0,-0.00484,-0.00636114285714,0.243
0.464619827652,0.544430140996,-0.123990032534,-1.36103016342,0.0792303094098,1.8959654302,0.158573107764,-0.00275952995454,-0.0262140766333,-0.000556000918464,-0.0423052390051,-0.00235478455569,0.0159448818555,-0.00147969504909,0.573916977375,0.818899331441,0.00198367007612,0.0,0.818856115512,-0.573857754476,-0.0119451504053,0.0,-0.00864369764333,0.00848002825472,-0.999926685118,0.0,0.661077691115,0.260099454357,0.303275004966,1.0,-0.00518,-0.006808,0.26
0.464561135639,0.543961093968,-0.123997720516,-1.36179059141,0.0791960003211,1.89623559435,0.158476218323,-0.00431739703859,-0.0327359191394,-0.00191621936268,-0.0489141809405,-0.000635099059334,0.0245758492131,-0.0107000616202,0.573924283064,0.818894244961,0.00196971555246,0.0,0.818850756265,-0.573865028731,-0.0119630541496,0.0,-0.00866629217613,0.00847895359195,-0.999926498662,0.0,0.660987907389,0.259984876298,0.303268644231,1.0,-0.0055,-0.00722857142857,0.276
0.464478027412,0.543435424346,-0.124004143341,-1.36263277045,0.0791467236861,1.89652548297,0.158359564578,-0.00750761324478,-0.037176681115,-0.00545690074431,-0.0473865910453,-0.000169067423078,0.0213682539298,-0.00384978070874,0.573934955792,0.818886820169,0.00194658012771,0.0,0.818843009025,-0.573875777513,-0.0119777066437,0.0,-0.00869145825962,0.0084685311076,-0.999926368556,0.0,0.66089151372,0.259844853638,0.303265026799,1.0,-0.00584,-0.00767542857143,0.293
0.464405540743,0.542895293104,-0.124001919271,-1.36351719617,0.0790928040425,1.89684118202,0.158244204593,-0.00276891667205,-0.0322400722345,0.000220165619882,-0.0582286894723,-0.000396300857157,0.0215028531371,-0.00920503878842,0.57393308694,0.818888188378,0.00192186152045,0.0,0.818844020865,-0.57387398101,-0.0119945952456,0.0,-0.00871949392657,0.00845796273284,-0.999926213924,0.0,0.660786303154,0.259713042625,0.303253421044,1.0,-0.00618,-0.00812228571429,0.31
0.464345519713,0.542340017935,-0.124010393344,-1.36438724885,0.0790423721131,1.89715761584,0.158148291845,-0.00269294324383,-0.033565257319,-0.000495414743236,-0.0573705688092,-0.00537105274954,0.0187291361217,-0.00121442375082,0.573944509568,0.818880182248,0.00192196785965,0.0,0.818836024951,-0.573885410332,-0.0119936213332,0.0,-0.00871851736787,0.00845761247158,-0.999926225402,0.0,0.66068384427,0.259585798126,0.303259719202,1.0,-0.0065,-0.00854285714286,0.326
0.464258625148,0.541666317243,-0.124008055035,-1.3653970314,0.0789804859877,1.89753428843,0.158002465317,-0.00482074300818,-0.0442226227271,-0.00098500337842,-0.0590153653993,-0.00309400988722,0.0207524603564,-0.00526384569076,0.573934140733,0.81888736656,0.00195701063714,0.0,0.818843658732,-0.573874886511,-0.0119759795705,0.0,-0.00868406631037,0.00847607248521,-0.999926368883,0.0,0.660569294278,0.259434280352,0.303288027163,1.0,-0.00686,-0.009016,0.344
0.464180707725,0.541009234035,-0.124003014556,-1.36641707812,0.0789207119372,1.8979194465,0.157868617795,-0.00446456316843,-0.0423571909593,0.00159243095073,-0.060826416424,-0.000295244686916,0.0287594807526,-0.00661436496182,0.573925466761,0.818893396485,0.00197754826828,0.0,0.818849914639,-0.573866086047,-0.0119699407265,0.0,-0.00866742440731,0.00848933249517,-0.999926400786,0.0,0.660450381042,0.259289744374,0.303300258987,1.0,-0.0072,-0.00946285714286,0.361
0.46409946697,0.540341618725,-0.124008421191,-1.36742549898,0.0788654595054,1.89828074561,0.157738546577,-0.00800502463726,-0.0401801125092,-0.000361235303269,-0.0674702492412,-0.00460568179759,0.0244826660308,-0.0042787806615,0.573930260276,0.818889988459,0.00199750892808,0.0,0.818846718434,-0.573870747546,-0.0119651043314,0.0,-0.00865195878305,0.00850295278212,-0.999926418995,0.0,0.660332495067,0.259137597559,0.303323645905,1.0,-0.00752,-0.00988342857143,0.377
0.463998212556,0.539597341336,-0.124005915574,-1.3685755505,0.0788011081886,1.89872114891,0.157608906012,-0.00599808050739,-0.0454019353612,0.000701346368119,-0.0633768184196,-0.00756780091744,0.0238520244522,0.000350126892219,0.573951782698,0.818874825464,0.00202934976897,0.0,0.81883192372,-0.573892088052,-0.0119540314869,0.0,-0.00862439371746,0.00852289814979,-0.999926487318,0.0,0.660203361483,0.258964919256,0.303340291188,1.0,-0.00786,-0.0103302857143,0.394
0.463889478059,0.538845737785,-0.124011608716,-1.36973960455,0.0787327929221,1.89917402441,0.157467989079,-0.0091856375839,-0.0374089838553,0.000146762286131,-0.0707792707713,-0.00450366167217,0.0218702982432,-0.00934524547707,0.573975622944,0.818858033262,0.00206216645411,0.0,0.818815591398,-0.573915821242,-0.0119333278277,0.0,-0.00858835675369,0.00853813770399,-0.999926667478,0.0,0.660077470264,0.258781198444,0.303356669082,1.0,-0.0082,-0.0107771428571,0.411
0.463779953334,0.538059197498,-0.124018026796,-1.37095396526,0.0786650051289,1.89963728896,0.15730837924,-0.00760472230532,-0.0457768282069,0.000699460440625,-0.0753795477984,-0.000671563477615,0.0305606179011,-0.00201318324665,0.573988077796,0.818849224448,0.00209310042932,0.0,0.818807175683,-0.57392813765,-0.0119184212413,0.0,-0.00855826553192,0.00855504206069,-0.999926780993,0.0,0.659943017998,0.2585918255,0.303374577271,1.0,-0.00854,-0.011224,0.428
0.463674920816,0.537305724412,-0.124023291412,-1.37214594753,0.0785994823708,1.90007883969,0.157152209832,-0.00868427058222,-0.0476169607651,-0.0011444621341,-0.0767508242811,-0.0045162638906,0.0266887076157,-0.0165031472302,0.57400241048,0.818839140878,0.00210737542821,0.0,0.818797250766,-0.573942382953,-0.0119142808775,0.0,-0.0085465319901,0.00856450404301,-0.999926800352,0.0,0.659800217649,0.258396027789,0.303383723437,1.0,-0.00888,-0.0116708571429,0.445
0.46354608407,0.536401441103,-0.124024389485,-1.37354618464,0.0785051461279,1.90060880337,0.15698845241,-0.0078982072276,-0.0499246491508,0.00170828626498,-0.0813556783088,-0.0104702770485,0.0343547666311,-0.0108967135537,0.574022077625,0.818825322336,0.00211962275209,0.0,0.818783670853,-0.573962077273,-0.0118987855659,0.0,-0.00852660801223,0.00856584302857,-0.999926958977,0.0,0.65965028453,0.258187936068,0.303395589756,1.0,-0.00922,-0.0121177142857,0.462
0.46344610081,0.535641664457,-0.124035393254,-1.3747526514,0.0784351733355,1.90103777388,0.156840494814,-0.00352619367068,-0.0533352118868,0.00146735752774,-0.0812064920483,-0.000436641399917,0.0351406275283,-0.0132305458131,0.574034194072,0.81881686958,0.00210357519483,0.0,0.818774965434,-0.573974213605,-0.0119123883523,0.0,-0.00854683117463,0.00856063777352,-0.999926830902,0.0,0.659497159234,0.25798900869,0.303394607457,1.0,-0.00954,-0.0125382857143,0.478
0.463313075601,0.534694724974,-0.124036321172,-1.37628564345,0.0783624585399,1.90159523862,0.156658037525,-0.00635201524315,-0.047716857569,-0.00576446927726,-0.0818098991171,-0.00168424239896,0.0359844876686,-0.0179714337561,0.574062774181,0.818796871086,0.00208856413264,0.0,0.818754593632,-0.574002673916,-0.0119412162565,0.0,-0.00857875427863,0.00856519411554,-0.999926518513,0.0,0.659326484063,0.257768397874,0.303381980057,1.0,-0.00988,-0.0129851428571,0.495
0.46318061603,0.533727929193,-0.124042466117,-1.37785492215,0.0782725264826,1.90217149811,0.15645953252,-0.00943007545121,-0.0515414299141,-0.000340100547341,-0.0855789114359,-0.000535099848519,0.0315816965399,-0.00565953216766,0.574074865967,0.818788450457,0.00206605058628,0.0,0.818745834769,-0.574014812666,-0.0119582519771,0.0,-0.0086055006488,0.00855666695523,-0.999926361693,0.0,0.659142385204,0.257528462609,0.303367156261,1.0,-0.01024,-0.0134582857143,0.513
0.463067032903,0.532906026124,-0.124043457933,-1.37918533853,0.0781824331584,1.90268519655,0.156289932395,-0.00781941550585,-0.0563506050968,0.000582872409908,-0.0886223560408,-0.00180674862879,0.0332753702369,-0.0146634738883,0.57407840244,0.818785979363,0.00206270470949,0.0,0.818743422069,-0.574018463985,-0.0119481682485,0.0,-0.00859912761177,0.0085481758316,-0.999926489145,0.0,0.658991187838,0.257326167042,0.303358044306,1.0,-0.01054,-0.0138525714286,0.528
0.462923541101,0.531874948963,-0.124046157637,-1.38083288739,0.0781011045264,1.90328214124,0.156095581838,-0.00530579697633,-0.0608716108039,0.000114445839105,-0.0954353670915,-0.00388556004709,0.0346242303189,-0.00948160315338,0.574106717672,0.818766145966,0.00205471269815,0.0,0.81872329114,-0.574046616915,-0.0119750179445,0.0,-0.00862540448294,0.00855734414414,-0.999926184405,0.0,0.658795435283,0.25707535316,0.303352587676,1.0,-0.0109,-0.0143257142857,0.546
0.462798535419,0.530875697274,-0.124045815651,-1.38246707713,0.0779893241485,1.90385898309,0.155885230236,-0.00650285684792,-0.058961280183,-0.00052198288066,-0.0981563490522,-0.00727862315358,0.0242551350574,-0.0146713372964,0.574095381573,0.818774235868,0.00199760767571,0.0,0.818730681413,-0.574035567124,-0.0119994120924,0.0,-0.00867827869557,0.00852447387991,-0.999926007675,0.0,0.65859370386,0.256833420388,0.303328941429,1.0,-0.01124,-0.0147725714286,0.563
0.462676934972,0.529963208696,-0.12404828852,-1.38389878104,0.0779207551565,1.90437696827,0.155688461884,-0.00870404046371,-0.0569365561643,-0.000372737819841,-0.0913900300814,-0.00201942658394,0.0299249302186,-0.0187879415605,0.574096628305,0.818773373557,0.00199274286175,0.0,0.818729537074,-0.574036619896,-0.0120270961225,0.0,-0.00870372626331,0.00853639712501,-0.999925684775,0.0,0.658407086988,0.256604116713,0.303325886945,1.0,-0.01156,-0.0151931428571,0.579
0.462531169216,0.528841017421,-0.124049274642,-1.3856664529,0.0777991836491,1.90503754875,0.155453416903,-0.0077873296113,-0.0653492289924,-0.000299226805402,-0.104341518839,-0.0125414897663,0.0453875203047,-0.00628058725178,0.574085722943,0.818780978449,0.00200971251265,0.0,0.818737511368,-0.574025789072,-0.0120011608218,0.0,-0.00867286236879,0.00853528643842,-0.999925962431,0.0,0.658214509212,0.25635151881,0.303341603407,1.0,-0.0119,-0.01564,0.596
0.462391598846,0.527728433624,-0.12404928381,-1.38738713955,0.077689456961,1.90571360328,0.155212252424,-0.00700157947199,-0.071950414108,-0.000666930836155,-0.105652054389,-0.0055914576601,0.0369878122502,-0.0174181134042,0.574066367326,0.818794417038,0.00206287053353,0.0,0.818751726295,-0.574006294909,-0.0119637366774,0.0,-0.0086119059324,0.0085571224156,-0.99992630265,0.0,0.658017659305,0.256098125204,0.303364483901,1.0,-0.01224,-0.0160868571429,0.613
0.462250973932,0.526633952959,-0.124049946271,-1.3890678607,0.0775947302627,1.90634692746,0.154984029494,-0.00848190864088,-0.0679410498715,0.00056363754603,-0.113062862094,-0.00805797584266,0.0451686476625,-0.00810469443022,0.574060450638,0.818798454391,0.00210641912458,0.0,0.818756265533,-0.574000133036,-0.0119487164741,0.0,-0.00857467081222,0.0085840946902,-0.99992639146,0.0,0.657820255112,0.255847722357,0.303389699474,1.0,-0.01256,-0.0165074285714,0.629
0.462098887872,0.52545760265,-0.124058359818,-1.39090013692,0.0774612361641,1.90700830846,0.154728889702,-0.0104921699114,-0.0672747995357,0.000316122475293,-0.107743900831,-0.00832287268482,0.0441305291433,-0.014056275825,0.574044553773,0.818809623113,0.00209720808178,0.0,0.818767505079,-0.573984466999,-0.0119311010119,0.0,-0.00856570037614,0.00856627431247,-0.999926621169,0.0,0.657601333255,0.255564072459,0.303402730093,1.0,-0.0129,-0.0169542857143,0.646
0.4619339859,0.524217309723,-0.124066994773,-1.39288953042,0.0773466796162,1.90771722356,0.154459628776,-0.00931251718917,-0.068572168227,-0.00127144342291,-0.116716144465,-0.00737761243624,0.0358490828727,-0.0122948663107,0.574041188586,0.818812066181,0.00206421524694,0.0,0.818769429645,-0.573981150175,-0.0119585627624,0.0,-0.00860716055692,0.00855498863236,-0.999926361767,0.0,0.657358327354,0.255260355098,0.30338983404,1.0,-0.01326,-0.0174274285714,0.664
0.4617980285,0.523157119781,-0.124070916801,-1.39458020831,0.0772428762561,1.9083514041,0.154232558099,-0.0144922553817,-0.071102961962,-0.000796689041487,-0.110533954134,-0.00913517149547,0.0463943943013,-0.0155554859081,0.574032138276,0.818818410388,0.00206444590152,0.0,0.818775788944,-0.573972112051,-0.0119569614938,0.0,-0.00860581151768,0.00855416318949,-0.99992638044,0.0,0.657156279029,0.255008190122,0.303385541154,1.0,-0.01356,-0.0178217142857,0.679
0.461613043772,0.521759930672,-0.124071322784,-1.39676409792,0.0771098431063,1.90921151343,0.153939622244,-0.0136501983362,-0.0723652037109,-0.000955940475965,-0.116766960781,-0.00514908712617,0.0388248500633,-0.0137263864582,0.574025337662,0.818823025951,0.00212386313341,0.0,0.818781225938,-0.573965114971,-0.0119204760743,0.0,-0.00854190140046,0.00858179978998,-0.999926691629,0.0,0.656904742298,0.254682346484,0.303402475118,1.0,-0.01394,-0.0183211428571,0.698
0.461449401412,0.520496508155,-0.12407737243,-1.3987895924,0.076986407031,1.90995581242,0.153665118175,-0.00769656029584,-0.0787076912418,-0.00100035201084,-0.118814107928,-0.00501589510772,0.052159698806,-0.00812055650815,0.574013631387,0.818831278357,0.00210605503931,0.0,0.818789232644,-0.573953469215,-0.0119312440144,0.0,-0.00856106301954,0.00857327695538,-0.999926600867,0.0,0.656658443522,0.254378066479,0.303390587194,1.0,-0.01428,-0.018768,0.715
0.461296718968,0.519333118951,-0.124083296173,-1.40061037909,0.0768714111281,1.91059993614,0.153425668412,-0.00931358826599,-0.0776788991515,-0.00139280265433,-0.120806462508,-0.0127666076239,0.0403959777046,-0.00878458372329,0.574012413316,0.818832168716,0.00209182590604,0.0,0.81878993196,-0.573952304106,-0.0119392978619,0.0,-0.00857583797413,0.00856623609689,-0.999926534603,0.0,0.65643392237,0.254098681197,0.303396820708,1.0,-0.01458,-0.0191622857143,0.73
0.461115322358,0.517971441582,-0.124078696065,-1.40270653082,0.0767308950109,1.91135882266,0.153125940603,-0.013406141032,-0.0770146895461,0.00119071015888,-0.125361386434,-0.0102003179241,0.0488075243794,-0.0243191638519,0.573996483499,0.818843315243,0.0020997416034,0.0,0.818801237819,-0.573936399938,-0.0119284815757,0.0,-0.00856260411923,0.00856634243051,-0.999926647104,0.0,0.65616220164,0.253756453843,0.303417138225,1.0,-0.01494,-0.0196354285714,0.748
0.460920760729,0.516551839583,-0.124086796414,-1.40497079477,0.076576120571,1.9121929126,0.152815181374,-0.0136766504508,-0.0741151427296,0.000379081723484,-0.125309996487,-0.012033192244,0.04758887025,-0.0129199542817,0.573973833374,0.818859226354,0.00208636473633,0.0,0.818817097223,-0.573913929936,-0.0119209572326,0.0,-0.00856435692216,0.00855083326746,-0.999926764839,0.0,0.655905121171,0.253429377012,0.303411143806,1.0,-0.01528,-0.0200822857143,0.765
0.460761144399,0.515323974663,-0.124093336062,-1.40689785505,0.0764648965457,1.91291981803,0.152564070575,-0.0107932200094,-0.0782329613249,-0.00101642570889,-0.128794786517,-0.00560253876878,0.0425676861474,-0.00886453598306,0.573975376303,0.818858082729,0.00211060386099,0.0,0.818816232151,-0.573915336469,-0.0119126585131,0.0,-0.00854363327664,0.00856593427464,-0.999926812872,0.0,0.655673343569,0.253139629527,0.303418186974,1.0,-0.01558,-0.0204765714286,0.78
0.460556638888,0.513840490953,-0.124093988963,-1.40929293248,0.0763307716435,1.91376826823,0.152234275263,-0.0118074738061,-0.08706778463,0.000247249830903,-0.132529672046,-0.00296301330506,0.0489404630512,-0.0201395096776,0.573962983279,0.818866889972,0.00206330662702,0.0,0.818824212782,-0.57390292979,-0.0119617156718,0.0,-0.00861108098258,0.00855523215145,-0.99992632593,0.0,0.655371882949,0.252776349987,0.303391669411,1.0,-0.01594,-0.0209497142857,0.798
0.460374873249,0.512528102794,-0.124099916711,-1.41143518688,0.0761970468625,1.91451322318,0.151930733783,-0.00871034384335,-0.0803120376765,-9.17993654465e-05,-0.128329432562,-0.0104388949401,0.0448997654526,-0.0182866129243,0.573945723352,0.818879165464,0.00199146053701,0.0,0.818835533633,-0.573885956434,-0.0120010319718,0.0,-0.00868469101799,0.00851878364053,-0.999926000496,0.0,0.655086128354,0.252421668508,0.303359432642,1.0,-0.01628,-0.0213965714286,0.815
0.460172307356,0.511078562508,-0.124108425232,-1.41374172492,0.0760564184851,1.91538634804,0.151602090634,-0.0127205795686,-0.0879663487818,-2.09666158e-05,-0.134822109036,-0.0116059481552,0.0526002560274,-0.021422736393,0.573929127996,0.818890779802,0.00199842282609,0.0,0.81884721096,-0.573869306291,-0.0120004708791,0.0,-0.00868040856007,0.00852398685781,-0.999925993339,0.0,0.654823361668,0.252089994985,0.30334960872,1.0,-0.0166,-0.0218171428571,0.831
0.45997527463,0.509585523543,-0.124108931817,-1.41610351818,0.0759083969932,1.91627144573,0.151277783562,-0.0156793067702,-0.0991207722514,0.00114476019717,-0.144137076034,-0.00916812479237,0.0567526478833,-0.0119885373844,0.573908455922,0.818905242188,0.00200884020551,0.0,0.818861813893,-0.573848597266,-0.0119943346691,0.0,-0.00866962032009,0.00852877682965,-0.99992604609,0.0,0.654533438166,0.251736207632,0.303347313115,1.0,-0.01694,-0.022264,0.848
0.459760742901,0.508002495742,-0.124110260358,-1.41861375934,0.0757440552988,1.9171692496,0.150931267365,-0.0139139816618,-0.0883971455984,-0.000226202943371,-0.140653865586,-0.0060301303268,0.0510706514531,-0.0206179583519,0.573887014364,0.818920343639,0.00197798363646,0.0,0.81887651819,-0.573827294673,-0.0120096105794,0.0,-0.00870006092677,0.00851204779565,-0.999925924247,0.0,0.654217385107,0.251352437358,0.303337915448,1.0,-0.0173,-0.0227371428571,0.866
0.459566488055,0.506655232928,-0.124118108476,-1.42073748487,0.0756199528689,1.91794313643,0.150628977529,-0.0115883144828,-0.0914054111904,-0.000860314271935,-0.145016048123,-0.00915485389655,0.0542982284022,-0.0256311499569,0.57388060598,0.81892483616,0.00197729665001,0.0,0.818880924283,-0.573820814247,-0.0120188137016,0.0,-0.00870805872486,0.00851669857144,-0.999925815028,0.0,0.653956142974,0.25101899279,0.303336572922,1.0,-0.0176,-0.0231314285714,0.881
0.459350598818,0.505053628574,-0.124119539318,-1.42319325416,0.0754682477099,1.91889919198,0.150297695364,-0.0136259365341,-0.0871845333262,0.001333307625,-0.148448143026,-0.0125445218161,0.054789575265,-0.0213880132165,0.573873153268,0.818929851931,0.00206118320829,0.0,0.818887083252,-0.573813056487,-0.0119694606858,0.0,-0.00861958078405,0.00855699320081,-0.999926237627,0.0,0.653663002322,0.250647011878,0.303370020349,1.0,-0.01794,-0.0235782857143,0.898
0.459119107883,0.503376003191,-0.124122773861,-1.42566945968,0.0753122933018,1.91983873133,0.149946197244,-0.0127493279712,-0.0943617755937,0.000648471333176,-0.144869079862,-0.0061710168204,0.052585399707,-0.0237892165843,0.573862337697,0.818937125234,0.00217926338773,0.0,0.818895953646,-0.57380181693,-0.0119012138359,0.0,-0.0084960441293,0.00861441421762,-0.999926801872,0.0,0.653367146045,0.250260679079,0.30344474936,1.0,-0.01828,-0.0240251428571,0.915
0.458881332297,0.5016863748,-0.124131597436,-1.42818828703,0.0751440755821,1.92076139298,0.149600883749,-0.0117555422783,-0.0928227508242,-0.00142917729315,-0.142699418618,-0.00928461892118,0.0572451474935,-0.0246617924894,0.573863809045,0.818935899332,0.00225130094144,0.0,0.818895781762,-0.573803120371,-0.0118500872244,0.0,-0.00841282030601,0.0086440834619,-0.999927249491,0.0,0.653060359428,0.249859125586,0.303505633502,1.0,-0.01862,-0.024472,0.932
0.458659608748,0.500065515148,-0.124132132565,-1.4306408756,0.0749855305754,1.92161932673,0.149254322312,-0.0105197488845,-0.0995769874686,0.000335358276335,-0.153630736937,-0.0116920369173,0.0521943369703,-0.0240781671567,0.57384379294,0.818949866565,0.00227250060442,0.0,0.818909985998,-0.573782983784,-0.0118435321767,0.0,-0.00839549855766,0.00865747754748,-0.999927279199,0.0,0.652747281749,0.249477189531,0.303543588993,1.0,-0.01894,-0.0248925714286,0.948
0.458392574745,0.49828245371,-0.124135152354,-1.43341355121,0.0748112849503,1.92266409965,0.148858840859,-0.0162218762359,-0.0962692200713,-0.000864555624106,-0.150810883875,-0.0116377017064,0.0612123329725,-0.0223083190535,0.573834780941,0.818956060112,0.0023157482672,0.0,0.81891676514,-0.573773828957,-0.0118182857677,0.0,-0.00835010176476,0.00867831558892,-0.99992747869,0.0,0.652410127166,0.249038532841,0.30355805586,1.0,-0.0193,-0.0253657142857,0.966
0.458143771477,0.496705516082,-0.124129944612,-1.43593463935,0.0746598008212,1.92355662235,0.148475692701,-0.019239313803,-0.098555002846,0.000410425101851,-0.153924816219,-0.00696087027698,0.0516928509622,-0.0206943562213,0.573807702567,0.81897514433,0.0022760374347,0.0,0.818935157602,-0.573746727154,-0.0118594951061,0.0,-0.00840692454646,0.00866916362397,-0.999927081952,0.0,0.652089054307,0.248637280176,0.303534546599,1.0,-0.01962,-0.0257862857143,0.982
0.45787395047,0.49501912603,-0.124132459051,-1.43865611903,0.0744939446128,1.92449980486,0.148089724141,-0.0151221917609,-0.0986380851087,-0.000535394608108,-0.156392849004,-0.00804657511361,0.0571950545798,-0.0235719983797,0.573806672388,0.81897607507,0.00219956514332,0.0,0.818934924865,-0.573745829964,-0.0119188227602,0.0,-0.0084994029947,0.00864056709986,-0.999926547677,0.0,0.65173898136,0.248196788294,0.303495989435,1.0,-0.01996,-0.0262331428571,0.999
0.457590603605,0.493249552089,-0.124148835079,-1.4415029235,0.0743113855551,1.92552976041,0.147694779679,-0.0193778119665,-0.109018842678,0.000515529764521,-0.17299595291,-0.00535692254236,0.0701597618967,-0.0252030765046,0.573820693933,0.818966379541,0.0021511154186,0.0,0.818924630322,-0.573760079374,-0.0119401871853,0.0,-0.00854455222597,0.00861329372792,-0.999926398191,0.0,0.651384051211,0.24772889106,0.30346297834,1.0,-0.0227571428571,-0.0299093877551,1.016
0.457312755675,0.491329354969,-0.124175375373,-1.44452379677,0.0741293772335,1.92665072641,0.147261234697,-0.0178860570778,-0.129078797119,-0.000481590075502,-0.197244981948,-0.0075084765644,0.0768704144121,-0.0186265333506,0.573814526536,0.818970666484,0.002164134157,0.0,0.818929106719,-0.573753879604,-0.0119310816498,0.0,-0.00852968974503,0.008618666356,-0.999926478789,0.0,0.651008384329,0.247246292135,0.303459320832,1.0,-0.0257194285714,-0.033802677551,1.032
0.456960770481,0.489071295096,-0.124184438757,-1.44819095378,0.0739135687745,1.92794089784,0.146735278546,-0.029703439511,-0.137922687143,0.000886270563997,-0.221114525535,-0.00514397353779,0.0843192246767,-0.0291251730469,0.573802932432,0.818979039183,0.00206761024146,0.0,0.81893596088,-0.573742426954,-0.0120110945696,0.0,-0.00865072552548,0.00858540696125,-0.999925725109,0.0,0.65053229306,0.246659906406,0.303396379587,1.0,-0.0288668571429,-0.0379392979592,1.049
0.456524028429,0.48629321186,-0.124220350246,-1.45247389649,0.0736508904187,1.92958618683,0.14610148364,-0.0217314079709,-0.162025747108,-0.00180813714749,-0.247675832291,-0.0134812458477,0.0953900207347,-0.0462989010602,0.573809113678,0.818974421328,0.00217834143268,0.0,0.81893293976,-0.573748301402,-0.0119362354198,0.0,-0.00852581594729,0.00863320243606,-0.99992638643,0.0,0.650017303786,0.245953091017,0.30343164529,1.0,-0.0321994285714,-0.0423192489796,1.067
0.456087826236,0.483604677417,-0.124249759613,-1.45660870565,0.073398333548,1.93106613529,0.145467029514,-0.0286043856059,-0.172417631663,-0.00321352121096,-0.268414563413,-0.0124311577649,0.086300935946,-0.041673397421,0.573803042743,0.818978600194,0.00220623310352,0.0,0.818937421298,-0.573742056275,-0.0119289462928,0.0,-0.00850390674576,0.00865179910202,-0.999926412264,0.0,0.649497824593,0.245257850469,0.303458927701,1.0,-0.0351617142857,-0.0462125387755,1.083
0.455577463244,0.480478989449,-0.124299406998,-1.46152224427,0.0730944112008,1.93277280156,0.144731417143,-0.0271428456869,-0.18750883713,8.76907639072e-05,-0.295998402267,-0.0136924077039,0.108977694432,-0.0430835486361,0.57381207046,0.818972471995,0.00213185608378,0.0,0.818930242676,-0.573751305922,-0.0119767894405,0.0,-0.00858567094335,0.00861843369795,-0.99992600169,0.0,0.648865802644,0.244423832937,0.303437321694,1.0,-0.0383091428571,-0.0503491591837,1.1
0.455026557465,0.477072085653,-0.124333327601,-1.46674018686,0.0727713626326,1.93467393323,0.143977757277,-0.0287658322131,-0.206708286364,-0.00169096845684,-0.31912868597,-0.0201579384794,0.107177186334,-0.0426264454695,0.573836364222,0.818955256777,0.00220485717901,0.0,0.818913968473,-0.573775286088,-0.0119406957548,0.0,-0.00851396691951,0.00865776046928,-0.999926275058,0.0,0.648208049701,0.243550893467,0.30347939488,1.0,-0.0414565714286,-0.0544857795918,1.117
0.454447207728,0.473640008286,-0.124368039161,-1.47199791669,0.0724577403748,1.93661439518,0.143223889667,-0.0365249021989,-0.222395888096,0.00105784707087,-0.334710281743,-0.0200367623012,0.11675545943,-0.0492395347507,0.573887373086,0.818919238729,0.00230442048797,0.0,0.818879168676,-0.57382580783,-0.0118994234542,0.0,-0.00842249300743,0.00871613861352,-0.999926542572,0.0,0.64755074479,0.242659396916,0.303520678761,1.0,-0.0444188571429,-0.0583790693878,1.133
0.453789341011,0.469748356831,-0.124390544388,-1.47794391354,0.0720857758428,1.93873311658,0.142315114242,-0.0404082396955,-0.236031902579,-0.00178186563361,-0.353266350011,-0.0267528982316,0.132883747525,-0.0530421408229,0.573880957864,0.818923574312,0.00236062233888,0.0,0.8188840927,-0.573819022575,-0.0118877649329,0.0,-0.00838076230192,0.00875540657746,-0.999926550142,0.0,0.646784347756,0.241652675806,0.303563992763,1.0,-0.0475662857143,-0.0625156897959,1.15
0.453099142747,0.465594813337,-0.124404017124,-1.48420671701,0.0716854572707,1.941063872,0.141297671899,-0.0422727218714,-0.249869843198,0.000667642974471,-0.380596698357,-0.0226747967611,0.133211373564,-0.0593711166664,0.573810340462,0.818972502716,0.00254555983209,0.0,0.818935469097,-0.573747752592,-0.0117881614791,0.0,-0.0081938286328,0.0088489885574,-0.999927275643,0.0,0.645989171067,0.240606890922,0.303651479975,1.0,-0.0507137142857,-0.0666523102041,1.167
0.452397836608,0.461478723988,-0.124417027032,-1.49061158066,0.0712568691605,1.94323603949,0.140348174053,-0.0384971987203,-0.262798078954,-0.00199274592161,-0.410266839459,-0.0234769829692,0.140129034037,-0.0606242300096,0.573798448048,0.818981157778,0.00243949253661,0.0,0.81894255614,-0.573736061901,-0.0118645656091,0.0,-0.0083173909736,0.00880584312664,-0.999926636376,0.0,0.645122551704,0.239523567692,0.303628104224,1.0,-0.053676,-0.0705456,1.183
0.451549497273,0.456645965394,-0.1244252452,-1.4981008734,0.0707494868703,1.94588132646,0.139205557028,-0.0491937165296,-0.272839877052,0.000265026156469,-0.423432207673,-0.0203591818365,0.150710296893,-0.0705879857833,0.573770877453,0.819000542747,0.00241620950185,0.0,0.818961599257,-0.573708544133,-0.0118807505354,0.0,-0.0083443017548,0.00879578080333,-0.999926500733,0.0,0.644127182986,0.238250300732,0.303618180512,1.0,-0.0570085714286,-0.0749255510204,1.201
0.450688688074,0.451806054343,-0.12445427908,-1.50546333624,0.0702386680259,1.94857635458,0.13801095397,-0.0517982675934,-0.296997675134,-0.000606210740637,-0.429376972987,-0.0318414093843,0.165073419963,-0.0709921770207,0.573715293051,0.819039115801,0.00253696838971,0.0,0.819002058196,-0.573652843816,-0.011780931813,0.0,-0.00819386260124,0.00883685321706,-0.999927382684,0.0,0.643171855389,0.236975955407,0.303672583011,1.0,-0.060156,-0.0790621714286,1.218
0.449771660995,0.44669145702,-0.12450432804,-1.51319490218,0.0697229629418,1.95135725746,0.136869461674,-0.0570850920263,-0.306872503786,0.000878282347497,-0.469735140548,-0.0296337802498,0.153538663048,-0.0744838014599,0.573776123653,0.818996113988,0.00265934205767,0.0,0.818960801761,-0.573713393005,-0.011700203708,0.0,-0.00805687633449,0.00889136561957,-0.999928012589,0.0,0.642155458745,0.235620097858,0.303741846314,1.0,-0.0633034285714,-0.0831987918367,1.235
0.448857430698,0.441724634195,-0.124529329494,-1.52094120009,0.0691927898486,1.9539267152,0.135670195272,-0.0626480314274,-0.314135801279,-0.00427253070813,-0.491471004196,-0.0441731617353,0.172542553027,-0.077373112502,0.573759541692,0.819008319843,0.00247128451301,0.0,0.818970293363,-0.573697210262,-0.0118286275141,0.0,-0.00827013454122,0.00881086614041,-0.999926984091,0.0,0.641072783443,0.234263550328,0.303678365279,1.0,-0.0662657142857,-0.0870920816326,1.251
0.447751976344,0.435896663439,-0.124543916866,-1.52988739386,0.0685889268006,1.9570578802,0.134211602479,-0.0663940141176,-0.334730390498,0.000790045926313,-0.489319704983,-0.0316539404142,0.180325769278,-0.0764078284153,0.573707957897,0.819044445158,0.00247442972994,0.0,0.81900628978,-0.57364544017,-0.0118470744846,0.0,-0.00828399470892,0.00882350430184,-0.99992675792,0.0,0.639852469238,0.232689032277,0.30367381307,1.0,-0.0695982857143,-0.0914720326531,1.269
0.446767206049,0.430816795535,-0.124571117134,-1.53745789098,0.0680669756506,1.95986174952,0.132966823255,-0.0668163159125,-0.333450137939,-0.00214646389375,-0.51323417285,-0.0352474840849,0.175927633355,-0.0825456659161,0.573699554279,0.819049550726,0.00272062064816,0.0,0.819014901981,-0.573636471353,-0.0116848605861,0.0,-0.00800998680191,0.00893200013223,-0.999928027152,0.0,0.638858698437,0.231328537493,0.303777542574,1.0,-0.0723754285714,-0.0951219918367,1.284
0.445512239719,0.42456349866,-0.124659649571,-1.54714119281,0.0673608869699,1.96305184745,0.131398056696,-0.0722001747367,-0.357408091813,-0.00729649380023,-0.539454576552,-0.0379239347697,0.176900180141,-0.0861299869645,0.573723639314,0.819033454101,0.00247662213982,0.0,0.818995764684,-0.573661577743,-0.0117931569971,0.0,-0.0082384057607,0.00879452531647,-0.999927389861,0.0,0.637498552758,0.229528914209,0.303703363604,1.0,-0.075708,-0.0995019428571,1.302
0.444255176235,0.418394923714,-0.124743624545,-1.5565557533,0.0666972011887,1.96622171389,0.129897946661,-0.0815862614198,-0.365592878546,-0.0031041465279,-0.549177789554,-0.0352114247177,0.202166232145,-0.0848151349874,0.573796945828,0.818982368206,0.0023858808281,0.0,0.818943543379,-0.573735266752,-0.0118348360733,0.0,-0.00832381836058,0.00874486285838,-0.999927118055,0.0,0.636182726729,0.227769604894,0.30368786955,1.0,-0.0788554285714,-0.103638563265,1.319
0.443012503781,0.412341238061,-0.12476652129,-1.56552158006,0.0660859244383,1.96950403389,0.128383738325,-0.0789932703566,-0.381676168154,-0.00290636976636,-0.570696229535,-0.0368635796649,0.195960652077,-0.0973737073592,0.573792925716,0.818984243577,0.00268962317842,0.0,0.81894949701,-0.573730277766,-0.0116634738916,0.0,-0.008009237292,0.00889525561863,-0.999928360707,0.0,0.634969606553,0.226124359727,0.303806019882,1.0,-0.0818177142857,-0.107531853061,1.335
0.441614174515,0.405817992415,-0.124811813738,-1.57551979779,0.0653731982543,1.97278580697,0.126735908163,-0.085074057005,-0.392140967167,-0.00492698569606,-0.592687613478,-0.0459718066416,0.192581920368,-0.0965649701552,0.573827628739,0.818960496999,0.00251072736232,0.0,0.818923146401,-0.573765314511,-0.0117894467469,0.0,-0.00821468105059,0.00882137286101,-0.999927348559,0.0,0.633525705221,0.224243274219,0.303742611582,1.0,-0.0849651428571,-0.111668473469,1.352
0.440145493637,0.399024134916,-0.12489568055,-1.58567659509,0.0646578114562,1.9763235954,0.125012293628,-0.0930525083508,-0.407554673775,-0.00361833223863,-0.598440700829,-0.0385903395604,0.220411089376,-0.098139756036,0.573885994423,0.818919205982,0.00263559872781,0.0,0.8188836373,-0.573823391142,-0.0117068886311,0.0,-0.00807478320724,0.00887683900302,-0.999927997211,0.0,0.632104010349,0.222300290114,0.303797752055,1.0,-0.0881125714286,-0.115805093878,1.369
0.438685882535,0.392479479883,-0.124920657905,-1.59550927259,0.0638951807732,1.9796783787,0.123329390585,-0.0918135619964,-0.404370993985,-0.00269654496096,-0.63135718777,-0.0453979676678,0.197448746988,-0.106516934729,0.573888249619,0.818917590182,0.00264657171379,0.0,0.818882517161,-0.573825996426,-0.0116574360569,0.0,-0.00802796235576,0.00885746741425,-0.999928545993,0.0,0.630694441497,0.220418361789,0.303811024406,1.0,-0.0910748571428,-0.119698383673,1.385
0.436982275965,0.384943226758,-0.124986869115,-1.60701468544,0.0630326287194,1.98334673548,0.121310554495,-0.0954438621275,-0.423505848189,-0.00540272736832,-0.645258776637,-0.0494234865772,0.214391102756,-0.122036584519,0.573873227905,0.81892898189,0.00236385627788,0.0,0.818889991098,-0.573811750352,-0.011832351341,0.0,-0.00833360737642,0.00872617591004,-0.999927199771,0.0,0.628972669782,0.218190972413,0.303711125824,1.0,-0.0944074285714,-0.124078334694,1.403
