position_joint1,position_joint2,position_joint3,position_joint4,position_joint5,position_joint6,position_joint7,velocity_joint1,velocity_joint2,velocity_joint3,velocity_joint4,velocity_joint5,velocity_joint6,velocity_joint7,ee_T_00,ee_T_10,ee_T_20,ee_T_30,ee_T_01,ee_T_11,ee_T_21,ee_T_31,ee_T_02,ee_T_12,ee_T_22,ee_T_32,ee_T_03,ee_T_13,ee_T_23,ee_T_33,v_x,v_y,w_z,time
0.46508502793415574,0.5473044921690078,-0.12399244265521571,-1.3555784484307154,0.07943605756097126,1.894162584504955,0.15914847710728733,0.00020483535083829228,0.0011776324376813498,0.001137707184438446,-0.00016600096547181092,-0.0001737011008969306,-0.00051870042583263,8.410419817107851e-05,0.5737589852732514,0.8190083508670699,0.002587456167617969,0.0,0.8189744047843546,-0.5736990322713028,-0.011449523146874085,0.0,-0.007892985935766816,0.008688494437835398,-0.9999311030453155,0.0,0.6617619349764909,0.2609261450750723,0.3036786768214061,1.0,5e-324,6.9030645075891e-310,6.9028523080101e-310,0.0
0.46508510656272367,0.5473044930729887,-0.12399772948184501,-1.3555834064783308,0.07943605756097367,1.8941641089303194,0.15914461154739062,-0.00023794388214878673,0.0008203647021963159,-0.0012291655949165379,-0.0017238488343102212,-0.00020008582702901972,-8.236546477352362e-05,-6.385161172447433e-05,0.5737597324457687,0.8190078404040216,0.002583346997303714,0.0,0.8189738628489863,-0.5736998164379205,-0.011448995174867794,0.0,-0.007894903116165697,0.008684833287719435,-0.9999311197155286,0.0,0.6617622968803307,0.26092265231121475,0.30367662304630916,1.0,-6e-05,-7.885714285714287e-05,-3e-05,0.004
0.4650843191913858,0.5472995585771155,-0.12399520850800745,-1.3555812375380472,0.07943670734235779,1.8941639815855111,0.1591477650284634,-2.5433206373792572e-05,-0.0007229105749461839,-0.00024390131302196887,-0.005050937169961061,-0.0002609991646491592,0.00039846880968004536,-0.008089021150887218,0.5737612384921941,0.8190067633168816,0.002590317802360043,0.0,0.8189728608608909,-0.5737012832917574,-0.011447166633135752,0.0,-0.007889390141213815,0.008689507785744038,-0.9999311226167736,0.0,0.6617624876826522,0.2609240094025571,0.3036810585429851,1.0,-0.0003400000000000002,-0.00044685714285714316,-0.0001700000000000001,0.01800000000000001
0.4650826624381124,0.5472885567924173,-0.12399732324407992,-1.3555875832071769,0.07943666742572364,1.8941618884404474,0.1591500915886198,-0.0005075371883215807,-0.000602277310331085,0.00041717807733012975,-0.0006339421107596953,5.856882744970702e-06,0.005184250488067317,0.00026021488251132664,0.573766278914801,0.819003225252056,0.002592510019485932,0.0,0.8189693533378726,-0.57370631846576,-0.011445756725504554,0.0,-0.00788692414250347,0.008690542819816585,-0.999931133075207,0.0,0.6617618248605021,0.26092093103946734,0.303685719549495,1.0,-0.0007000000000000005,-0.0009200000000000009,-0.00035000000000000027,0.036000000000000025
0.4650812451882996,0.5472533802159921,-0.12399562780569302,-1.3556181413085455,0.07943418617380979,1.8941658428215256,0.15914893657486637,0.00031806786711706056,-0.006697919504283478,0.0007070614446132886,-0.002160163818955391,0.00021897430412573863,0.0004359221177562831,0.00012674985901970962,0.5737662808429314,0.8190031983184733,0.002600579356642375,0.0,0.8189694195368737,-0.5737062821240697,-0.011442841256507998,0.0,-0.007879906585482654,0.008695478851105012,-0.9999311454894051,0.0,0.6617566546079314,0.26091767431737845,0.30369637515787384,1.0,-0.0009800000000000008,-0.0012880000000000014,-0.0004900000000000004,0.05000000000000004
0.4650757776163989,0.5471284968690047,-0.12399563603124349,-1.355761167873341,0.07943189493824158,1.8941941006780507,0.15914182852867606,0.0009982301091699716,-0.010479313675496106,0.0008574591190776304,-0.008169631212526058,-0.00034542064987572814,0.0010955755088029654,-0.001198911474504902,0.5737721124175943,0.8189990687010806,0.002614455932354119,0.0,0.8189653871504186,-0.5737119776876018,-0.01144588172898467,0.0,-0.007874373399062107,0.00870864432133904,-0.9999310745034661,0.0,0.6617343530542562,0.26090025750242324,0.3037192052297222,1.0,-0.001340000000000001,-0.0017611428571428587,-0.0006700000000000005,0.06800000000000005
0.46506842319126446,0.5469927486981118,-0.12399633920265547,-1.3559602527922348,0.07942995796580095,1.8942442184815877,0.15914135417955896,-0.001091189585170825,-0.008337102495858789,-0.0004528108528651986,-0.013903427460677003,6.148156189042418e-05,0.009257095127528333,-0.0035283227732194507,0.5737990623623507,0.8189802233967791,0.0026031938570577513,0.0,0.818946292020044,-0.5737388455439179,-0.011465374034969092,0.0,-0.007896513182559628,0.00871086453868121,-0.9999308805705255,0.0,0.6617032654857793,0.2608702353911532,0.3037227107804342,1.0,-0.0017000000000000012,-0.0022342857142857164,-0.0008500000000000006,0.08600000000000006
0.4650422004771558,0.5468163569026935,-0.12399316557545162,-1.3561809244905503,0.07942563801877078,1.894356516962463,0.1591460361744396,-0.0022015398939517422,-0.013266501542941431,0.00022390787794164473,-0.012797885396472567,9.935140557976361e-05,0.008630691753973763,0.0011392953465242499,0.5738231204425812,0.8189631445280853,0.002672311998489412,0.0,0.8189300525470962,-0.5737626190198432,-0.011435600198877141,0.0,-0.00783221316172078,0.008750616872089764,-0.9999310391928771,0.0,0.661687289480111,0.26084375950869837,0.30375450814037525,1.0,-0.0020200000000000014,-0.002654857142857145,-0.0010100000000000007,0.10200000000000008
0.46502303115906035,0.5466553867480192,-0.12399777186976342,-1.356364642053463,0.07941994556753984,1.8944492980042182,0.15913675270895786,-0.001931314259022729,-0.007513597674358513,-0.0007544117690421822,-0.013752926659533957,0.0001991409758087375,0.001526185350662331,-0.001002374309797236,0.5738432652258476,0.8189488265595897,0.002733739712729376,0.0,0.8189165372770677,-0.5737825790423119,-0.011401923649024764,0.0,-0.00776916935067562,0.008781790832663824,-0.9999312577159352,0.0,0.6616742836580182,0.26081409705202085,0.30378927523189014,1.0,-0.0023000000000000017,-0.0030228571428571457,-0.0011500000000000008,0.11600000000000009
0.4649810553062461,0.5464325215780897,-0.1239980091792034,-1.3566452429386882,0.07941487461772706,1.8945853752471717,0.15912574327282938,-0.005604372726164077,-0.014087962761474445,-0.00019732351566882004,-0.016326704266453686,-0.0005959944640513122,0.004151764882322505,-0.0008615754719459324,0.5738832469296309,0.818920563847849,0.002806403718934084,0.0,0.8188891594262766,-0.5738222727736293,-0.011370608789370754,0.0,-0.0077013966765167585,0.00882370535769035,-0.9999314130044079,0.0,0.6616542287373651,0.2607642269452846,0.30382537220402417,1.0,-0.0026400000000000017,-0.0034697142857142886,-0.0013200000000000009,0.1330000000000001
0.46495340402167046,0.5461794499967374,-0.12400159516598416,-1.3570137695946851,0.07940096731702828,1.8947166814496457,0.1591204682130966,-0.0006185570606883072,-0.019255738446811305,0.00027614875211407234,-0.025326398995939057,-0.00020409892898580413,0.00730795418156814,-0.0010911947110562629,0.5739209378298707,0.8188940902815367,0.002823636602768899,0.0,0.8188628529477312,-0.5738598434989943,-0.011369036142989286,0.0,-0.007689812903455606,0.008837269154453153,-0.9999313823715115,0.0,0.6616113683327476,0.2607100958892237,0.30384066295111595,1.0,-0.002980000000000002,-0.0039165714285714325,-0.001490000000000001,0.1500000000000001
0.46492114547139224,0.5459022273320365,-0.123996396276315,-1.3574464772995647,0.07938376988260014,1.8948629439380757,0.15910605470616668,-0.0006972700578691624,-0.01602802022907178,0.001676494905720437,-0.02921224683119858,0.0002864222195244702,0.010722438266495996,-0.0007078089680975238,0.5739514723354152,0.8188726954805222,0.0028218613858611713,0.0,0.8188413226445553,-0.5738902502575444,-0.011384897463590513,0.0,-0.007703491252934014,0.008845205668752229,-0.9999312069133522,0.0,0.6615567502760721,0.260651183942622,0.30384348744654066,1.0,-0.0033200000000000026,-0.004363428571428575,-0.0016600000000000013,0.16700000000000012
0.4648802002976298,0.5456197714784415,-0.12400453093456303,-1.3579052394155258,0.07934919335870116,1.8950277416741563,0.15908927529883468,-0.003204260006438859,-0.020347099519414057,-0.001046268821920931,-0.027575467582015185,-0.004698751868545814,0.01287687353940422,-0.00265336864402762,0.5739934259772406,0.8188433449127535,0.002805410524648974,0.0,0.8188118471290031,-0.5739323489339427,-0.011382651253797643,0.0,-0.007710640828228754,0.008830840384556782,-0.999931278776757,0.0,0.6615062565007735,0.2605742287888604,0.3038396162977923,1.0,-0.0036400000000000026,-0.004784000000000004,-0.0018200000000000013,0.18300000000000013
0.4648305924757716,0.5452927183018647,-0.12400203739844125,-1.358450065625451,0.0792865770229346,1.89521342509028,0.15903073852018368,-0.00037453246404077506,-0.01558081914494771,-0.0005291257964176714,-0.03236025796252918,-0.005379257887306899,0.006751975913180901,-0.006044523673498508,0.5739981579819327,0.818840175753077,0.0027619028271594816,0.0,0.8188083252020064,-0.5739374512534035,-0.011378731468874958,0.0,-0.007732351878325883,0.008793009224257672,-0.9999314445116785,0.0,0.6614426943177645,0.2604849452519507,0.3038277399069954,1.0,-0.003980000000000003,-0.005230857142857147,-0.0019900000000000013,0.20000000000000015
0.4647837641904104,0.5449114450588225,-0.12399990488435737,-1.3590711952956445,0.07926530384349968,1.8954140622377862,0.15892771894726992,-0.0020673634223137174,-0.02411503188764569,0.001977835050842568,-0.03504748270985453,-0.000200659857294737,0.011742362787898855,-0.003369591976295292,0.5739795485079514,0.8188532985404176,0.002738661222945119,0.0,0.8188209620780554,-0.5739187050094783,-0.01141485886986583,0.0,-0.007775475637431362,0.008794538079895803,-0.9999310966654518,0.0,0.6613630025637629,0.26039665852363447,0.30381928464063296,1.0,-0.0043200000000000035,-0.005677714285714291,-0.0021600000000000018,0.21700000000000016
0.464716626260361,0.5445208017944688,-0.1240005796276625,-1.3597549246277363,0.0792409511625087,1.8956353716446535,0.15893131190944843,-0.004538178716693436,-0.022012448757514354,0.00027859293460638494,-0.036628382383449606,0.0003690726119758394,0.01741797603054412,0.006695541689445014,0.5740695357445054,0.8187903909437891,0.002685280136798639,0.0,0.8187571895062062,-0.5740086527609854,-0.011466389520015295,0.0,-0.007847346609937078,0.00878126639285226,-0.9999306518512778,0.0,0.6612793378402702,0.2602869164940102,0.3037895121635693,1.0,-0.0046600000000000035,-0.006124571428571434,-0.0023300000000000018,0.23400000000000018
0.4646620638200505,0.5441130181471948,-0.12400566564490176,-1.3604469230951102,0.07920728895256211,1.895859808774105,0.1589021458347564,-0.0022104823575557304,-0.028116049136323866,0.00033225724188483386,-0.04380091579487383,-0.0024390650220180447,0.017065148018985333,-0.0055842264436360796,0.5741234154954433,0.818752769523502,0.0026368690999041614,0.0,0.8187188560978305,-0.5740625871412,-0.011503374105907363,0.0,-0.007904843703369635,0.008763379606771954,-0.9999303558867952,0.0,0.6611930205672707,0.2601808880223817,0.3037683019317909,1.0,-0.004980000000000004,-0.006545142857142864,-0.002490000000000002,0.25000000000000017
0.46458665149332307,0.5436163800093423,-0.12400591514057895,-1.3612523551819447,0.07916834717437722,1.8961458338915307,0.15880657758911326,-0.0025299333611509436,-0.027562481337602945,-4.844305347665413e-05,-0.0437643604492283,6.423947679224034e-05,0.013884912410531587,-0.008401198924002101,0.5741445872652264,0.8187379821413108,0.002618475591938889,0.0,0.8187037195371067,-0.5740836939549843,-0.011527308979744008,0.0,-0.00793477432223777,0.008762266463873236,-0.9999301285804281,0.0,0.6611037886470672,0.2600625579885864,0.3037585624532666,1.0,-0.0053200000000000035,-0.006992000000000006,-0.0026600000000000018,0.2670000000000002
0.4645157097404985,0.5431552073764196,-0.1240119012142795,-1.3620352429439546,0.0791191359987157,1.8964315747621618,0.15877523272223779,-0.003795296307869079,-0.02308966530768836,-0.0012964501691830757,-0.050709431363555,-0.0053719962787614865,0.020842982187446565,0.0003372109655828133,0.5742087581664226,0.8186930786181439,0.0025868840192178437,0.0,0.8186584536074488,-0.5741480134255652,-0.011538713868800265,0.0,-0.007961564144726707,0.008743573373158134,-0.9999300792660644,0.0,0.6610113038872276,0.25992909898009603,0.3037396620112926,1.0,-0.0056600000000000044,-0.00743885714285715,-0.0028300000000000022,0.2840000000000002
0.4644432604766384,0.5426210665280883,-0.1240171410800937,-1.3629042690423456,0.07906739422276529,1.896722699906832,0.15871876195824924,-0.0051650139251669305,-0.03231665788536107,-0.0009860552675028922,-0.05510609111709717,-0.0021563716796272905,0.017970529871742327,-0.003120381567118291,0.5742599306030418,0.8186573062675028,0.002548313135029714,0.0,0.8186221580029898,-0.5741992835012201,-0.011562532353334414,0.0,-0.00800266608986161,0.008726172630550352,-0.9999299031665551,0.0,0.6609062549674511,0.25979341827972,0.3037292080408322,1.0,-0.0060000000000000045,-0.007885714285714293,-0.0030000000000000022,0.3010000000000002
0.4643524614472955,0.5420505290340589,-0.12401246363084766,-1.3638030431304955,0.07900996735037469,1.8970497171269811,0.15865150407288325,-0.013155414340317856,-0.03257218394745756,0.0007544084815466854,-0.05968440646818208,-0.0019743688822173792,0.020052224964236937,-0.006001042648723568,0.5743105488242268,0.818621804845766,0.002545788970931118,0.0,0.8185866189602222,-0.5742498986623149,-0.011564949061772932,0.0,-0.008005554547057425,0.008725989031420661,-0.9999298816476171,0.0,0.6608051435012307,0.2596498296852002,0.3037330539764913,1.0,-0.0063400000000000045,-0.008332571428571436,-0.0031700000000000022,0.3180000000000002
0.4642721083035703,0.5414567975567057,-0.12402549408332983,-1.3647476523610722,0.07895723622620685,1.8973885886326385,0.15856742779253144,-0.006878510756753322,-0.03500513245714996,-0.0010810728511499008,-0.051443307731310506,-0.0026799830410869016,0.02034798991801579,-0.0023793735755585728,0.5743549758746046,0.8185906714332547,0.002534014945493333,0.0,0.8185553390800687,-0.5742943668907361,-0.011570822023113853,0.0,-0.008016650805491687,0.008720158556951296,-0.9999298436113429,0.0,0.6606973762149071,0.2594993171858918,0.30373303060542856,1.0,-0.006680000000000005,-0.00877942857142858,-0.0033400000000000027,0.33500000000000024
0.46418092893205337,0.5408434785783772,-0.12402442598565538,-1.3656786350370511,0.07890462506946266,1.8977248380046703,0.1585095920659696,-0.003571693916656829,-0.03738455341741169,-0.0003536641319452235,-0.058419279006139316,-0.001578381647166126,0.023799889170820716,0.0001459332182941679,0.5744190288200381,0.8185456704213518,0.0025517964480820136,0.0,0.818510521991328,-0.574358300791542,-0.01156782618060492,0.0,-0.00800330265281135,0.008733619872203474,-0.9999298330535876,0.0,0.6605921554979705,0.25935154825369733,0.30375256766458897,1.0,-0.007000000000000005,-0.009200000000000009,-0.0035000000000000027,0.35100000000000026
0.46409241048310945,0.5401174588680947,-0.12403033997723195,-1.3667858716500998,0.07883913595089401,1.8981469717162214,0.1584328496381405,-0.0037016032007067905,-0.04444328045763158,-0.0001302305238928279,-0.06507673521026391,-0.0020303973879289,0.026077429246305742,-0.008988255791793636,0.5744767138665228,0.8185050834101167,0.0025846775674422326,0.0,0.8184703900989883,-0.5744158996907515,-0.011547363979837778,0.0,-0.007967049617564559,0.00874934222181259,-0.9999299851144963,0.0,0.6604678031901324,0.2591858004418912,0.3037754459705344,1.0,-0.007360000000000005,-0.009673142857142866,-0.0036800000000000027,0.36900000000000027
0.4639951828865582,0.5394558230503887,-0.12403679657799532,-1.367835406035438,0.07878012156971832,1.8985349875166595,0.1583358273835915,-0.004422272938946374,-0.03684721240487405,-0.0011450305745999896,-0.06755059020782393,-7.096779118946015e-05,0.024093702342422633,-0.0004424614413845874,0.5745237453317531,0.8184720725840289,0.002584444077016043,0.0,0.8184373627380601,-0.574462911269561,-0.011549621261227517,0.0,-0.007968528601609848,0.008750905740753392,-0.9999299596474954,0.0,0.660350096162722,0.2590187330702952,0.3037772466147472,1.0,-0.007680000000000006,-0.010093714285714296,-0.003840000000000003,0.3850000000000003
0.46390362837232624,0.5387091592364567,-0.1240434502596804,-1.3689822227145816,0.07871948643936147,1.8989700006821082,0.15828421003046336,-0.0063627869519902805,-0.0423012901550513,-0.0005816385848545472,-0.06536812177700797,-0.006602118809910032,0.029404265613539305,-0.0032873985667588616,0.5746083170777454,0.8184126022587063,0.002615589880365813,0.0,0.8183782665641619,-0.5745473363311707,-0.011537678770127678,0.0,-0.007939954376312286,0.00877035694997201,-0.9999300165328933,0.0,0.660219969070007,0.25884779922724993,0.3037967951926409,1.0,-0.008020000000000006,-0.010540571428571439,-0.004010000000000003,0.4020000000000003
0.46382195624164685,0.538086690347529,-0.12404820958532504,-1.3699487988215506,0.07865734943042779,1.89935070432166,0.1581785622755856,-0.0024579187519533177,-0.04353972122933704,-0.0005187706927324937,-0.07174374208167135,-0.007444772371364116,0.022697925946763977,-0.007275007860769974,0.5746331799083458,0.8183950168263376,0.0026555382599146677,0.0,0.8183612938436081,-0.5745721705035385,-0.01150480433023067,0.0,-0.007889828055207437,0.00878440114968193,-0.9999302900251101,0.0,0.6601076245823903,0.25868925916462876,0.30381908186884277,1.0,-0.008320000000000006,-0.010934857142857152,-0.004160000000000003,0.4170000000000003
0.46372923775490543,0.5373385618846303,-0.12405247860598316,-1.3711257280687128,0.07858913177832225,1.8997955378266107,0.1581176315609844,-0.005027981961969574,-0.04209042573998746,-0.0003265986989393571,-0.07541598367384893,-0.0012006909092342004,0.018938179841573234,-0.0032010403364532915,0.574704623562505,0.8183448526287396,0.0026541916160103957,0.0,0.8183110954468432,-0.5746435910060823,-0.011508313752691124,0.0,-0.007892707079577899,0.008786004729719882,-0.9999302532156158,0.0,0.6599789816352716,0.25852592056145446,0.3038163003325816,1.0,-0.008620000000000006,-0.011329142857142867,-0.004310000000000003,0.43200000000000033
0.4636211150385685,0.5365115588138547,-0.12405001215450984,-1.3724134333695885,0.07851903718633445,1.9002650780015848,0.15801127049510447,-0.00486462038852628,-0.04717879699174439,0.006020838522428733,-0.07640139898102392,-0.0010180713586742062,0.02552636224121107,-0.0032239111058068016,0.5747564108138509,0.8183084436470951,0.002665742946557249,0.0,0.8182747442748727,-0.5746952318986129,-0.01151434827071619,0.0,-0.007890450567790752,0.008799425029033553,-0.9999301530151972,0.0,0.6598272548507128,0.25833452067841345,0.30382783041240746,1.0,-0.008960000000000008,-0.011776000000000012,-0.004480000000000004,0.44900000000000034
0.46350623473478014,0.5356654953486638,-0.12405886292054011,-1.3737657762713136,0.07843888497388324,1.9007592702223322,0.15790215384539108,-0.006102821960054441,-0.051293395963886566,-0.0017961347360820935,-0.07555532303756034,-0.006337279859054499,0.031272419125911805,-0.0010546980661380017,0.5748202145674891,0.8182636687129902,0.0026526006394142687,0.0,0.8182298090365153,-0.5747590816916598,-0.011520612754367787,0.0,-0.00790244469715451,0.008792887300380636,-0.9999301158084655,0.0,0.6596705528950335,0.2581247366015742,0.30382439142053647,1.0,-0.009300000000000008,-0.012222857142857155,-0.004650000000000004,0.46600000000000036
0.46340017855486504,0.5348175366502277,-0.12406206862214417,-1.3750917925985755,0.07836012122257943,1.9012404527975226,0.1578473614157894,-0.00691342238117764,-0.04914060504348842,-9.065759873812745e-05,-0.08068480196592638,-0.002683798081577193,0.03349263415514096,-0.005558656894312381,0.574916009784605,0.8181963615196337,0.002653787969887197,0.0,0.8181625041667856,-0.5748548465600423,-0.011522545863353356,0.0,-0.007902314368645635,0.008795895249530061,-0.9999300903835119,0.0,0.6595134516055484,0.2579265581899389,0.30383334320199296,1.0,-0.009620000000000007,-0.012643428571428583,-0.0048100000000000035,0.4820000000000004
0.46327753513858816,0.5339286880653905,-0.12406037928090373,-1.3765358660786378,0.0782921363525292,1.9017708709606076,0.15770743339647111,-0.006283352920209649,-0.05048014511401768,-7.817752633956286e-05,-0.0833200886350277,-0.0064455203786734526,0.027328846331899016,-0.001479558971983081,0.5749616563677334,0.8181643241967391,0.0026418212986259832,0.0,0.8181301227418468,-0.5749003168075282,-0.01155313369706832,0.0,-0.007933730670987904,0.008804131976833954,-0.9999297691226993,0.0,0.6593420639348703,0.25771189940192174,0.303818932266113,1.0,-0.009960000000000009,-0.013090285714285728,-0.004980000000000004,0.4990000000000004
0.4631395307176915,0.5330072103266817,-0.12406274988250374,-1.378009499596783,0.07819384056851784,1.902321429813711,0.1575997155259237,-0.00428210232887012,-0.05316260479323165,-0.00020532315905429503,-0.08694677628686608,0.0005052723406809766,0.032598629530739665,-0.004992946297192057,0.5750423830939916,0.818107617904878,0.0026325031428901394,0.0,0.8180733796459411,-0.5749811575008917,-0.011548200500987638,0.0,-0.007934183856352806,0.00879445480007493,-0.9999298506851885,0.0,0.6591748665627621,0.2574781737754977,0.3038151071879136,1.0,-0.010300000000000007,-0.013537142857142869,-0.0051500000000000035,0.5160000000000003
0.4630127926756242,0.5320567170975096,-0.12406370668589389,-1.3795367179189668,0.07812193915217129,1.902898542313718,0.1575071975105595,-0.003482425446069249,-0.05704836217587882,-0.0004680778918136403,-0.08655662333786929,-0.010117942505259195,0.02551088173646212,-0.0016506327783457663,0.5751353044842131,0.8180422692012415,0.00264087810076806,0.0,0.8180079772627464,-0.5750738595000078,-0.011565126695517066,0.0,-0.007942215435981281,0.008811941674015111,-0.9999296329731917,0.0,0.6589961842331967,0.25725278897184584,0.30380835461545236,1.0,-0.010640000000000007,-0.013984000000000012,-0.0053200000000000035,0.5330000000000004
0.4628803188320353,0.5310686353649733,-0.12406594716036884,-1.3811190146149688,0.07801460995111592,1.9034771327205346,0.15738409735642464,-0.007613919453697312,-0.0638209882986555,0.00018253938539082202,-0.09639014711126866,-0.007063972125182613,0.025873969498608,-0.0052558403270076106,0.5752019112909561,0.8179955074910559,0.0026187540719511005,0.0,0.8179610129219748,-0.575140625136416,-0.011566743645385928,0.0,-0.007955545653112184,0.008795421124636979,-0.9999296724573192,0.0,0.6588092505771092,0.25701125859293583,0.30380177482122256,1.0,-0.010980000000000007,-0.014430857142857155,-0.0054900000000000036,0.5500000000000004
0.46274387441765386,0.5300534665372919,-0.12407129025834067,-1.382760915488772,0.07791097527744255,1.9040592873418398,0.157265517080953,-0.008927953418699697,-0.05775282974291486,-0.0007164006843359075,-0.09433209417704633,-0.0017704951285517105,0.03667715014667912,-0.01409862156024456,0.5752816167080335,0.8179395910844082,0.0025756000603243566,0.0,0.817904548741037,-0.5752204790474665,-0.011588638156925506,0.0,-0.007997422029922818,0.008773494416392275,-0.999929531035363,0.0,0.6586109059302114,0.25675946076640727,0.3037861102384882,1.0,-0.011320000000000009,-0.0148777142857143,-0.0056600000000000044,0.5670000000000004
0.4625961899018166,0.5290188292458274,-0.12407696878568786,-1.3844111401053716,0.07780941697813817,1.9046599480990525,0.15714814105390532,-0.010866538850739823,-0.060322920221739025,-0.000438152292137338,-0.09856853147514409,-0.008962973339273025,0.03498161376127571,-0.00773433835526752,0.5753726220855415,0.8178756294438407,0.0025587921874075624,0.0,0.8178403823683571,-0.5753115448057626,-0.011596649602130242,0.0,-0.008012668675309143,0.008765247028102455,-0.9999294813061749,0.0,0.658417195670507,0.25650094387614986,0.30378158228118124,1.0,-0.011660000000000009,-0.015324571428571443,-0.0058300000000000044,0.5840000000000004
0.46245528600022273,0.5278757071597444,-0.12407873125348687,-1.3862127859540518,0.07769423224810044,1.905344048670767,0.15701887651796656,-0.008494074235281927,-0.059351697684059096,0.002894038245317466,-0.10121982138997769,-0.007060361543985722,0.04328646637309139,-0.0076595217027504315,0.5754500511352388,0.8178211051231489,0.0025740172515588697,0.0,0.8177861219036019,-0.5753889852192372,-0.011581079891462457,0.0,-0.007990344219930612,0.00876949744160925,-0.9999296226804508,0.0,0.6582051915139123,0.25623609678865017,0.30378820800859857,1.0,-0.012020000000000008,-0.0157977142857143,-0.006010000000000004,0.6020000000000004
0.4623178283881656,0.526797546517916,-0.12408443463156525,-1.3878479044805405,0.07759954255288623,1.9059724775741236,0.15689251528778758,-0.0029391879268708173,-0.06980644120342307,-0.0007872544942889147,-0.10019076564796207,-0.007738950966194258,0.0410774431561401,-0.005023421833451908,0.5755260921977341,0.8177674023434289,0.002634343427504459,0.0,0.8177332106473214,-0.5754648252883856,-0.011548937675825047,0.0,-0.007928525431410371,0.008801074526481018,-0.9999298373244307,0.0,0.6580177188060857,0.2559896856593355,0.30382339197953373,1.0,-0.012340000000000009,-0.01621828571428573,-0.0061700000000000045,0.6180000000000004
0.46216580748472796,0.5256501853967597,-0.12408748412506924,-1.3896503428372236,0.07748804512881832,1.9066409528644856,0.15676867420482357,-0.009219681772778193,-0.06478497631594732,0.00032457510720731596,-0.10425931411620726,-0.010236227657546452,0.03419263065305486,-0.013003873885306539,0.5756184371532536,0.817702380402577,0.0026417407922346434,0.0,0.8176683043758446,-0.5755571562462897,-0.011543431639831275,0.0,-0.007918771172869876,0.008804849314725749,-0.9999298813875185,0.0,0.6578043809297311,0.2557163383880519,0.3038307373280247,1.0,-0.012680000000000009,-0.01666514285714287,-0.0063400000000000045,0.6350000000000005
0.4620139370105789,0.524481249837758,-0.1240914180264638,-1.3915022988538133,0.07736819160546127,1.90730645639167,0.15662788415223106,-0.009274023963544023,-0.074879314682718,0.000408475556499723,-0.1133925351431549,-0.009506520787741116,0.04169646785264575,-0.0023598558879837526,0.5756974542273374,0.8176468195220722,0.002620424166269215,0.0,0.8176125040897697,-0.5756362748940721,-0.011550717871236424,0.0,-0.007936149320366626,0.008792379717885074,-0.9999298533361535,0.0,0.6575794355668741,0.255435487726137,0.3038291480592021,1.0,-0.013020000000000009,-0.017112000000000016,-0.0065100000000000045,0.6520000000000005
0.46186048608503916,0.5232998395676114,-0.12410182346078888,-1.3933939545660743,0.07725328432236943,1.9079921512965796,0.15650839196019703,-0.009040687520262691,-0.06758050902965829,-0.0029994018090565015,-0.10998113434639391,-0.004954891410170675,0.04530721271832155,-0.0015203827052601515,0.5758030616503202,0.8175725339671217,0.002594763554848838,0.0,0.817537897231903,-0.5757419671513652,-0.01156376891514941,0.0,-0.007960458844308238,0.008779940127059543,-0.9999297694070086,0.0,0.6573505230584962,0.25514747791885334,0.30381910779108356,1.0,-0.01336000000000001,-0.01755885714285716,-0.006680000000000005,0.6690000000000005
0.4617133266017275,0.522142480983236,-0.12410573202191771,-1.3952161755964643,0.07714462256003259,1.9086956699018303,0.15636302456950782,-0.006374796044296983,-0.06977963543924796,-0.0018191615012911424,-0.11197484125441197,-0.007830185538478128,0.04861994064294348,-0.01067671607370049,0.575875731907029,0.8175212528818332,0.0026247644217987616,0.0,0.8174870252934191,-0.5758145509559089,-0.011546137257552137,0.0,-0.007927987688166604,0.00879502043456147,-0.9999298948560202,0.0,0.6571368541129623,0.2548775286048902,0.3038262429476229,1.0,-0.01368000000000001,-0.017979428571428587,-0.006840000000000005,0.6850000000000005
0.46154875420935376,0.5208414154332114,-0.12410466474422639,-1.3973227393829868,0.07700809953304406,1.9095178290411994,0.156213585820574,-0.012458909867612456,-0.07709165208694747,-0.001579364458470898,-0.1196315115381517,-0.008647349727250056,0.04405217719758299,-0.017034018528143645,0.5759632960983248,0.8174595496024756,0.002629298856947083,0.0,0.8174254775546264,-0.5759021967152228,-0.011532361613294745,0.0,-0.007913172495811915,0.008791642146719625,-0.9999300419176409,0.0,0.6568878494735644,0.254570764885066,0.3038088083747587,1.0,-0.01404000000000001,-0.018452571428571447,-0.007020000000000005,0.7030000000000005
0.4613722417079024,0.5195437455546738,-0.12411277140560197,-1.3993514686196937,0.07688475515542822,1.9102562286246938,0.15605881850802883,-0.010160009594713639,-0.07924000249280784,-0.00018295342151572453,-0.12229798781708226,-0.005871707916705317,0.040227423437313,-0.007961250075758722,0.5760521766676416,0.8173969227858656,0.0026281700626023643,0.0,0.8173628392918197,-0.5759910734400627,-0.011533393402961153,0.0,-0.007913710144761,0.008792174195248761,-0.9999300329846409,0.0,0.6566584005366404,0.2542743902607411,0.30381535953094885,1.0,-0.014360000000000012,-0.018873142857142877,-0.007180000000000006,0.7190000000000005
0.4612213776360663,0.5182905384994214,-0.12412767889220414,-1.4013104092594308,0.07675558671066622,1.9109585589120333,0.1559049208012633,-0.0010483036516799726,-0.08040131364483538,-0.0019125610080397873,-0.12502190363573948,-0.009862448559631148,0.03908464980062208,-0.015378988473004156,0.5761384569201783,0.8173361382189621,0.0026196412268871885,0.0,0.8173020418802989,-0.5760774793881756,-0.01152636027844855,0.0,-0.007911946812314719,0.008781986628916258,-0.9999301364637874,0.0,0.65640298144231,0.2539595537556254,0.30382719838346545,1.0,-0.014700000000000012,-0.019320000000000018,-0.007350000000000006,0.7360000000000005
0.46102971454833364,0.5169207373918396,-0.12412596788615969,-1.4034292732174833,0.07661540710766064,1.9117248021435862,0.15574575002505,-0.012111321466894464,-0.07610421938459075,-0.00047229985280176326,-0.125974233174902,-0.010651565392715832,0.0499496384241713,-0.003606036775652289,0.576237896296871,0.8172660085656606,0.0026277396596932233,0.0,0.8172320597476754,-0.5761769272305305,-0.011517636431331614,0.0,-0.00789908187346472,0.008784540811706515,-0.9999302157392206,0.0,0.6561463923874364,0.2536306433649832,0.30384604853531044,1.0,-0.015040000000000012,-0.019766857142857162,-0.007520000000000006,0.7530000000000006
0.4608475644255285,0.5155661884033189,-0.12413756829442933,-1.4055785438987105,0.076480311797018,1.912537080588975,0.15558303782541255,-0.012166027596917504,-0.08276202179353291,-0.001692149851657567,-0.13109060643065248,-0.006838772856643919,0.04926297089473955,-0.011814955015494124,0.5763391103852628,0.8171946136726195,0.0026344118869600624,0.0,0.8171608345920435,-0.5762781997702601,-0.011504511271292525,0.0,-0.007883422284473474,0.00878340711552636,-0.9999303492806526,0.0,0.655890944366186,0.2533003651576741,0.30384378147233515,1.0,-0.015380000000000012,-0.020213714285714304,-0.007690000000000006,0.7700000000000006
0.4606649780615187,0.5141797325674381,-0.12414150214998709,-1.4077968320435268,0.07635051119566275,1.9133617837487966,0.15540906199123491,-0.009751450278421132,-0.08312560057728051,-0.0006623105611668887,-0.1325899629187632,-0.013866981275561045,0.04853512481985595,-0.011249616665151799,0.5764307758613745,0.8171299800871554,0.002627391068625912,0.0,0.817096059579377,-0.5763698204309589,-0.011515485984021101,0.0,-0.007895451926307195,0.008784880545511395,-0.9999302414232107,0.0,0.6556197046726085,0.25296825690890884,0.30383146930281657,1.0,-0.015720000000000012,-0.02066057142857145,-0.007860000000000006,0.7870000000000006
0.4604780334416106,0.5128563605633595,-0.12414112719297993,-1.4099467278897855,0.07622028909371137,1.914105929740493,0.15524402291586503,-0.014219532170161775,-0.08858191121853781,-0.00024626970071178116,-0.13694668347891614,-0.005307372897192992,0.049559231278535544,-0.018243011899041935,0.5765258360951767,0.8170631373478165,0.002556717291597518,0.0,0.8170281962133353,-0.5764649868465261,-0.011566867926401408,0.0,-0.00797715698235374,0.008757676931671593,-0.9999298315688154,0.0,0.6553462736036049,0.2526376997653561,0.3037999628345076,1.0,-0.016040000000000013,-0.021081142857142878,-0.008020000000000006,0.8030000000000006
0.460275846260516,0.5113824981822873,-0.12414513593763456,-1.4123722940909331,0.07607379375786875,1.9149836608311241,0.15504766609983675,-0.013138268245958378,-0.08961748065111366,0.0007819701015662724,-0.13230069265938357,-0.007503902651196663,0.05378318060399563,-0.006809493036806647,0.576620804588636,0.8169963236789959,0.0024903236270745035,0.0,0.8169604630689281,-0.5765601057287042,-0.011610045887767519,0.0,-0.008049698535966932,0.008729258009948601,-0.9999294987188225,0.0,0.6550427243797288,0.25227032996468124,0.303753991371733,1.0,-0.016400000000000012,-0.021554285714285734,-0.008200000000000006,0.8210000000000006
0.4600903147235182,0.5100028058039333,-0.12414609711674451,-1.414571329602871,0.07594214650429262,1.9158196491236172,0.1548728794932043,-0.009564332987435665,-0.082325496998211,-0.0002644845249552783,-0.13485206837126362,-0.00724726721451937,0.05379999031605582,-0.014199731641368531,0.5767095785401379,0.8169336252850863,0.0025021590338755355,0.0,0.8168978992299667,-0.576648807272603,-0.011606989530425823,0.0,-0.008039427797143839,0.008738038732846815,-0.9999295046551022,0.0,0.6547757258906719,0.2519408686740027,0.3037456849800854,1.0,-0.016720000000000013,-0.021974857142857164,-0.008360000000000006,0.8370000000000006
0.45989202197868945,0.5085045952240459,-0.12414760875397612,-1.4169394832929942,0.07579012806555395,1.9166731959505574,0.15470227778358492,-0.009531797238504593,-0.08754596496191153,0.0011606354897637343,-0.14536154523740227,-0.00535060786429864,0.05472011186237537,-0.01799272311329307,0.5768150755732063,0.8168592010061978,0.002482181339192136,0.0,0.8168232233835399,-0.5767543683184783,-0.011617541395886596,0.0,-0.008058441801938876,0.008728844438048847,-0.9999294319053226,0.0,0.6544785155941897,0.25158227107290076,0.30374085661589884,1.0,-0.017060000000000013,-0.022421714285714305,-0.008530000000000006,0.8540000000000006
0.4596941972089953,0.5070772380996299,-0.12415184851936004,-1.419185574730254,0.07564601939537575,1.9174763503466266,0.15452007306628313,-0.013682355270920335,-0.0853380811784604,0.0007998403543435837,-0.14074020442458043,-0.002674184678816563,0.04563523799856359,-0.009978896048941827,0.5769174097393619,0.8167869727432351,0.002467873127817272,0.0,0.8167508172172389,-0.5768567477409587,-0.011625061802167314,0.0,-0.008071745177102574,0.008722505872166858,-0.9999293799169549,0.0,0.6541822042954571,0.2512113938929004,0.30374159278290613,1.0,-0.017400000000000013,-0.02286857142857145,-0.008700000000000006,0.8710000000000007
0.4594798005665902,0.5054916703055411,-0.12415965037632208,-1.4216181327195794,0.07549713793680429,1.9183961167520676,0.15433387327262088,-0.016276779049943225,-0.09616915086273876,-0.0004517926059455509,-0.14199131568697293,-0.018593887453367586,0.05556381815668471,-0.015683718988101357,0.5770220172096432,0.8167129123090062,0.0025213933178998135,0.0,0.8166774841924174,-0.5769611939572379,-0.011593721654000654,0.0,-0.008014150374636375,0.008749166255842863,-0.9999296102644426,0.0,0.6539039835029502,0.2508596546615262,0.30377025067917107,1.0,-0.017720000000000014,-0.02328914285714288,-0.008860000000000007,0.8870000000000007
0.4592543839576573,0.5038517030875813,-0.12416077544186417,-1.4240915160362988,0.07534869244079534,1.9193635819555976,0.15413539334609744,-0.012283036991305635,-0.09914151263905917,-0.0002824574017662405,-0.1489865856153799,-0.012476036937533378,0.05580107008955145,-0.01251183990027387,0.5771321775933844,0.8166347147268127,0.0026342343448965706,0.0,0.8166007715102335,-0.5770709882328109,-0.011532623730392806,0.0,-0.007897952733538827,0.008807135609920039,-0.9999300259042966,0.0,0.6536116369802283,0.2504813302062868,0.30382260170812647,1.0,-0.018060000000000014,-0.02373600000000002,-0.009030000000000007,0.9040000000000007
0.4590290056256479,0.5021906231754746,-0.12416953330534562,-1.4265621433520357,0.07518329427173226,1.9202993025030561,0.1539395183429318,-0.01516162654136918,-0.09934986304146924,-0.0012576848365240456,-0.14698532811175108,-0.0038497138008137415,0.05462773757301736,-0.00979136309107493,0.5772442227387472,0.816555200004385,0.0027312198276272896,0.0,0.8165226696549436,-0.5771828856873871,-0.011462692107562724,0.0,-0.007783657364447194,0.008847046034243675,-0.9999305698169754,0.0,0.6533157004929214,0.2500944564025466,0.30388779432960766,1.0,-0.018400000000000014,-0.024182857142857166,-0.009200000000000007,0.9210000000000007
0.4587974527051691,0.5004553977382329,-0.12416744410101208,-1.42914346789261,0.07501416371912019,1.921206847955676,0.1537294507747786,-0.014704042185342868,-0.1084034267091838,-0.003825100913315506,-0.15330601810656663,-0.005741296373535393,0.05856665693453485,-0.016705056874638722,0.5773457222965823,0.8164832716294315,0.002780466929454623,0.0,0.8164513702057268,-0.5772842102888687,-0.011438861025322943,0.0,-0.007734667934391426,0.00887446437621961,-0.9999307069962298,0.0,0.6529876145891375,0.2496954351720385,0.3039485820399333,1.0,-0.018740000000000014,-0.024629714285714307,-0.009370000000000007,0.9380000000000007
0.4585687488034901,0.4988710453356104,-0.12416752329385299,-1.4315855042647045,0.07486504395281314,1.922103742764403,0.1535367174382998,-0.011769274476083226,-0.09608668081657508,-0.00239505259266686,-0.1490956002272671,-0.004596361401521675,0.05428739716235697,-0.009318626954478134,0.5774724465366923,0.816393552316804,0.00280858108043734,0.0,0.816362009281443,-0.5774108265553821,-0.011426026422342275,0.0,-0.007706577552197391,0.008891205509616654,-0.99993077516747,0.0,0.6526665786655167,0.2492855634837331,0.30396701060211856,1.0,-0.019080000000000014,-0.02507657142857145,-0.009540000000000007,0.9550000000000007
0.458315968335299,0.4971969360599415,-0.12416810042388156,-1.4342412610651494,0.07469799303461228,1.923076989998168,0.15332809256843932,-0.019395559349941933,-0.10091205379582745,-0.0011071514473465114,-0.15339528886545686,-0.007702185184284578,0.05518968404324452,-0.01130361473077455,0.5775971278002716,0.8163053421392413,0.0028094933744659467,0.0,0.8162737817283663,-0.5775354556932336,-0.011430554723584216,0.0,-0.007708389258567261,0.008895742629633885,-0.9999307208492526,0.0,0.6523393808009219,0.24886757888572653,0.3039598243729054,1.0,-0.019420000000000017,-0.0255234285714286,-0.009710000000000009,0.9720000000000008
0.4580513729349922,0.49552053769987897,-0.12417071203266351,-1.4369302573743212,0.07453277940832914,1.9240243009419518,0.15310273750809922,-0.019309084100355756,-0.09698460609388385,-0.00048772590086501995,-0.16052572952537733,-0.007521352485309785,0.053316586672034746,-0.011122343638109886,0.5777096883710374,0.8162259079988665,0.0027440799684656566,0.0,0.8161933793066763,-0.5776480649736244,-0.01148161614860849,0.0,-0.007786629999031958,0.008872911620802268,-0.9999303174884876,0.0,0.6520115065381346,0.24846181304031295,0.3039268844374108,1.0,-0.019740000000000014,-0.025944000000000023,-0.009870000000000007,0.9880000000000008
0.4577716512224821,0.49385008377450307,-0.1241735535123738,-1.4396821985151087,0.07435747152780689,1.9249835768497137,0.15289903492091378,-0.020624146063044326,-0.10237432464025605,0.0008553416445503007,-0.1689322067278029,-0.012168540889582772,0.05942725819726287,-0.01287103447412638,0.577864510600735,0.8161166686739565,0.0026338948165914033,0.0,0.8160826464930437,-0.5778031473439207,-0.011549195364948096,0.0,-0.007903770304377389,0.008823515859928716,-0.9999298355298963,0.0,0.6516594112359289,0.2480104984321618,0.3038636789826469,1.0,-0.020785142857142967,-0.02731761632653076,-0.013683232478857565,1.0050000000000003
