position_joint1,position_joint2,position_joint3,position_joint4,position_joint5,position_joint6,position_joint7,velocity_joint1,velocity_joint2,velocity_joint3,velocity_joint4,velocity_joint5,velocity_joint6,velocity_joint7,ee_T_00,ee_T_10,ee_T_20,ee_T_30,ee_T_01,ee_T_11,ee_T_21,ee_T_31,ee_T_02,ee_T_12,ee_T_22,ee_T_32,ee_T_03,ee_T_13,ee_T_23,ee_T_33,v_x,v_y,time
0.465084022365,0.547820417546,-0.123973278156,-1.35577948647,0.0794769391947,1.89408911356,0.159166987884,0.00227443626229,-7.5734390935e-05,0.00142213884705,-0.00056750458695,0.00144892428751,0.000119130495296,0.0011595464132,0.573783979093,0.818992641234,0.00193541784383,0.0,0.818949475092,-0.573725636327,-0.0118911046381,0.0,-0.00862849448595,0.00840809664424,-0.999927423863,0.0,0.661681125245,0.260907459384,0.30321051679,1.0,0.0,0.0,0.0
0.465075839584,0.547820278008,-0.12397577841,-1.35577698082,0.0794769391947,1.89409162013,0.159161387954,0.00140345447183,0.000938657626245,0.000387191116538,0.000117663007191,-5.86731467338e-05,-0.00011611514988,-0.00117408077238,0.573787722144,0.818990010181,0.00193908277386,0.0,0.818946910534,-0.573729382087,-0.0118869995744,0.0,-0.00862299116013,0.00840878215099,-0.999927465572,0.0,0.661684913175,0.260901068639,0.303212108688,1.0,-0.00028,-0.000368,0.015
0.465070259673,0.547820025134,-0.123981648872,-1.35579013809,0.0794789736819,1.89409000544,0.159167277894,-0.000768586509652,0.0022621208056,-0.000101459940797,-0.00107037707005,6.83768652273e-05,0.00176896938657,-0.000837525086235,0.573802462248,0.818979712075,0.00192676642011,0.0,0.818936448412,-0.573744167756,-0.0118941300208,0.0,-0.00863574644852,0.00840294212391,-0.999927404588,0.0,0.661684269196,0.260892637591,0.303206083589,1.0,-0.0006,-0.000788571428571,0.031
0.465074751716,0.547789311636,-0.123973720346,-1.35580520387,0.0794769391947,1.89409312697,0.159165192035,0.00104194121071,-0.0056805898404,0.00136252770617,-0.00226092894947,-6.43568629137e-05,-0.000654409038471,0.000105269975709,0.573791787086,0.818987148727,0.00194478648656,0.0,0.818944086269,-0.573733386829,-0.0118882843128,0.0,-0.00862072911075,0.00841423329352,-0.999927439221,0.0,0.661679374916,0.260898699893,0.303220675812,1.0,-0.00094,-0.00123542857143,0.048
0.46507970518,0.547662720419,-0.123976386772,-1.35594917869,0.0794730125858,1.89412817759,0.159161390966,-0.00142958353866,-0.00989578513057,-4.7805244224e-05,-0.00708472647155,0.000157454190596,0.000378005917204,-0.000552808221048,0.573793319387,0.818986031031,0.00196328922495,0.0,0.818943156248,-0.573734790713,-0.0118845976833,0.0,-0.00860707786739,0.00842728728019,-0.999927446888,0.0,0.661656249664,0.260886754891,0.303244953836,1.0,-0.00134,-0.00176114285714,0.068
0.4650659043,0.547562925229,-0.123976474468,-1.35609979963,0.079473110921,1.89415572634,0.159160974479,-0.00182380408367,-0.00976296074165,0.000304784799436,-0.0120561355598,5.24599326866e-05,0.000980588753471,-0.000439433930526,0.573812869856,0.818972372607,0.00194684249381,0.0,0.818929144653,-0.573754270863,-0.0119096434012,0.0,-0.00863682600334,0.00842839498997,-0.999927181046,0.0,0.661629474964,0.260865128604,0.303245966876,1.0,-0.00162,-0.00212914285714,0.082
0.465055250752,0.547395483354,-0.123977421833,-1.35631454634,0.0794659682962,1.89425126332,0.159154043708,0.000512190319081,-0.00738278801141,0.000266703165724,-0.0123372194651,6.77402253007e-05,0.0114343083192,-0.00319256641,0.573824038924,0.818964432445,0.00199440308965,0.0,0.818921810666,-0.573765229507,-0.01188597178,0.0,-0.00859003437122,0.0084538792861,-0.99992736898,0.0,0.661610197942,0.260835271086,0.303269682527,1.0,-0.00196,-0.002576,0.099
0.46502783656,0.547206300796,-0.123973969778,-1.35654110245,0.0794637692572,1.89438731732,0.159133327723,-0.000422968812413,-0.0110088981315,0.000788729877321,-0.0144987861925,-3.09720649953e-05,0.00633933716255,-0.00165018501964,0.57384196877,0.818951647513,0.00208346231322,0.0,0.818910142284,-0.573782754499,-0.0118438340557,0.0,-0.00850423640075,0.00850282117735,-0.999927687383,0.0,0.66159777302,0.260805692192,0.303308939008,1.0,-0.0023,-0.00302285714286,0.116
0.46500913958,0.546987629189,-0.123973622528,-1.3568153478,0.0794567432711,1.89451720611,0.159126103479,0.00118476782753,-0.0184075631001,0.00147951326762,-0.0169154040962,5.55018121913e-05,0.00760066879784,-8.06220677817e-05,0.573864726626,0.818935524169,0.00215167123617,0.0,0.818894860416,-0.573805193401,-0.0118133192448,0.0,-0.00843986915172,0.00854140418404,-0.999927903913,0.0,0.661571750266,0.260771536353,0.303344547721,1.0,-0.00264,-0.00346971428571,0.133
0.464969061246,0.546770681402,-0.12397729398,-1.35716138078,0.0794478323827,1.89464041818,0.159101246031,8.94637576035e-05,-0.0162259844927,-0.000185730402493,-0.0182617015301,-0.00156133809429,0.00961130564004,-0.00058562774678,0.573896739172,0.818913089673,0.00215202950787,0.0,0.818872335237,-0.573837104111,-0.0118246957413,0.0,-0.00844864640583,0.00854855634245,-0.999927768671,0.0,0.661534461029,0.260711592205,0.303344304777,1.0,-0.00296,-0.00389028571429,0.149
0.464927176191,0.54646240741,-0.12397431516,-1.35760721717,0.0794335826689,1.89480076173,0.158962308568,-0.00420869229445,-0.0178306553626,0.00384607245561,-0.0262926904727,-0.001517268876,0.0121588674258,-0.00492057857886,0.573836272318,0.818955385771,0.0021807315777,0.0,0.818914862106,-0.573776387307,-0.0118259414983,0.0,-0.00843382857282,0.00857215272578,-0.999927691752,0.0,0.661483307672,0.260645317284,0.303364216443,1.0,-0.00332,-0.00436342857143,0.167
0.464891975606,0.546212108161,-0.123977156333,-1.35802968359,0.0794115155489,1.89494399511,0.158916521176,-0.00519119731731,-0.0182392872368,-0.00438077311359,-0.0256032346128,-5.15914589686e-05,0.0101600302957,-0.00119557809342,0.57384731236,0.818947712994,0.00215693773675,0.0,0.818906841386,-0.573787480852,-0.0118430929138,0.0,-0.00846141289459,0.00856262296469,-0.999927540365,0.0,0.661432568615,0.260579672775,0.303352871359,1.0,-0.00362,-0.00475771428571,0.182
0.464839556643,0.545894758504,-0.123977480677,-1.35857396265,0.0793534861294,1.8951309341,0.158892414753,-0.004340897582,-0.0199193565352,-0.00146810242231,-0.0332507292874,-0.00254563912475,0.00785166443857,0.00124570776106,0.573885700972,0.818920940193,0.00210780302846,0.0,0.818879634824,-0.573826267101,-0.0118450731255,0.0,-0.00849082915174,0.00852391917976,-0.999927621692,0.0,0.661370231353,0.260487660755,0.303334654366,1.0,-0.00396,-0.00520457142857,0.199
0.464774165923,0.545518536895,-0.123981871774,-1.35922096149,0.0792785123492,1.89535088148,0.158794734102,-0.00145872379116,-0.0228367559698,-0.000736903172754,-0.0379911657208,-0.0010512417515,0.0163841304695,-0.00801103779486,0.573874971823,0.818928610175,0.00204818304603,0.0,0.818886844099,-0.573816092287,-0.011839581689,0.0,-0.00852065583487,0.00847183286789,-0.99992781063,0.0,0.661302541616,0.260379885334,0.303313418591,1.0,-0.0043,-0.00565142857143,0.216
0.464718290958,0.545171364108,-0.123980352146,-1.35984010334,0.0792708469957,1.89554598274,0.158701740508,-0.00190962315713,-0.0258761503674,-5.77369704997e-05,-0.0486900961261,0.00020152276124,0.0134477225137,-0.00935556047643,0.573879411213,0.818925632011,0.00199437248243,0.0,0.818882829801,-0.573820417978,-0.0119073871865,0.0,-0.00860701863764,0.00846672474047,-0.999927114245,0.0,0.661218034539,0.260279785157,0.303280132126,1.0,-0.00462,-0.006072,0.232
0.464640705896,0.544716544666,-0.12398037985,-1.36059147913,0.0792460829806,1.89580705246,0.158630272065,-0.00461393846222,-0.0268665248752,0.000328488609082,-0.041658277025,-0.00186061528453,0.0162585259578,9.6848237169e-05,0.573919705244,0.818897441036,0.00197481588393,0.0,0.818854167847,-0.573860575995,-0.0119431159641,0.0,-0.00864708460353,0.0084716389164,-0.999926726946,0.0,0.661130922059,0.260158962093,0.30326706306,1.0,-0.00498,-0.00654514285714,0.25
0.464577071286,0.544246712093,-0.123989949337,-1.36136199319,0.0792052895006,1.89608093703,0.158525693075,-0.000242880588528,-0.0294377045972,-0.00221691568653,-0.0467502400581,-0.00352766611515,0.0186720526063,-0.00969810661934,0.57392494028,0.818893826036,0.00195230777354,0.0,0.818850231227,-0.573865877172,-0.0119582916129,0.0,-0.00867237532886,0.00846197239076,-0.99992658977,0.0,0.661041714855,0.260038042027,0.303256861757,1.0,-0.00532,-0.006992,0.267
0.464503710644,0.543765495519,-0.123987149043,-1.36214098229,0.0791669296632,1.89635734778,0.158437787533,-0.00722252874947,-0.0300781167524,0.000236782398295,-0.0485367205857,-0.00115461799284,0.0215897620521,-0.00170367675591,0.573944199712,0.81888035907,0.00193908429314,0.0,0.818836474583,-0.573885075834,-0.0119789201441,0.0,-0.00869665832987,0.00846318762462,-0.999926368584,0.0,0.660950812479,0.25991757376,0.303250448039,1.0,-0.00564,-0.00741257142857,0.283
0.464419085058,0.543230399645,-0.124000913578,-1.36299351919,0.0791150362662,1.89665204105,0.158329430788,-0.00746977975585,-0.029979164802,-0.00158230231539,-0.0486049790512,-0.00270747019541,0.0134257474126,-0.0132688165972,0.573967906245,0.818863796625,0.00191626709019,0.0,0.818819652286,-0.573908913107,-0.0119868005519,0.0,-0.00871596205564,0.00844927864263,-0.999926318133,0.0,0.660855407635,0.259771098829,0.303249200942,1.0,-0.00598,-0.00785942857143,0.3
0.464348185908,0.542660027133,-0.124001054132,-1.36389907367,0.0790675005539,1.89697512162,0.158198314671,5.09232897111e-05,-0.0387485271923,6.14918490128e-05,-0.0506160943125,-0.00415459748331,0.0220798410081,-0.0063856670197,0.573956315267,0.818871935898,0.00190988602558,0.0,0.818827615304,-0.573897260727,-0.0120007269099,0.0,-0.00873114822018,0.00845192314328,-0.999926163297,0.0,0.660747313888,0.259638398857,0.30324963165,1.0,-0.00632,-0.00830628571429,0.317
0.46427739776,0.542099457819,-0.124007454237,-1.36476880599,0.0790154044497,1.89730432491,0.158081996432,-0.0101491592639,-0.0335076820606,-0.000510747242978,-0.0544774649624,-0.00518924613907,0.0194514464771,-0.00885206878567,0.573957987214,0.818870728406,0.00192509092201,0.0,0.818826637043,-0.573898897438,-0.011989198838,0.0,-0.00871296417939,0.00845777499738,-0.999926272431,0.0,0.660649970096,0.259505954424,0.303260833358,1.0,-0.00664,-0.00872685714286,0.333
0.464186204567,0.541420959968,-0.124004850129,-1.36579367875,0.0789408463082,1.89768496784,0.157954478627,-0.00745106823574,-0.0387842198005,0.000321468321157,-0.055459842456,-0.00681930434141,0.0206019865819,-0.00594296006055,0.573963355533,0.818866911459,0.00194800508719,0.0,0.818823216889,-0.573904263221,-0.0119659116314,0.0,-0.00868068780621,0.00846322952737,-0.999926507002,0.0,0.660534541447,0.259348251222,0.303285628468,1.0,-0.007,-0.0092,0.351
0.464104090282,0.540730817271,-0.124005915574,-1.3668602572,0.0788884117255,1.89807699475,0.157827227584,-0.00714120629815,-0.0398926922096,0.00102924922469,-0.0614826187257,-0.00319467788718,0.0224944808589,-0.0126612318866,0.573972237716,0.818860639306,0.00196739090038,0.0,0.818817080194,-0.573912947996,-0.0119693026398,0.0,-0.00867224666781,0.00848114398103,-0.999926428461,0.0,0.660409122145,0.259193975508,0.303299856052,1.0,-0.00734,-0.00964685714286,0.368
0.46402429126,0.540038878981,-0.124009110784,-1.3679052238,0.0788303183488,1.89845996534,0.157680265686,-0.00367611738491,-0.0428362131028,0.000416071778471,-0.06408722481,-0.000881069738786,0.0294463416649,-0.00695975835071,0.573961753982,0.818867919883,0.00199540801227,0.0,0.818824681627,-0.573902304284,-0.0119596319576,0.0,-0.00864835619508,0.00849842428671,-0.999926488658,0.0,0.660286948518,0.259041063582,0.30332480041,1.0,-0.00766,-0.0100674285714,0.384
0.463923337665,0.539301131595,-0.124014158258,-1.36904860613,0.0787641159582,1.89890063965,0.157543662705,-0.00446042820049,-0.0459491730486,-0.000553002200827,-0.0640447543615,-0.000607369276151,0.0249174716782,-0.0171522968275,0.573981747827,0.818853834174,0.00202443091565,0.0,0.818810988645,-0.573922188801,-0.0119429048878,0.0,-0.00861779355563,0.00851279959892,-0.999926630247,0.0,0.660160891123,0.258864637233,0.303340224672,1.0,-0.008,-0.0105142857143,0.401
0.46381931447,0.538542716156,-0.124017214962,-1.37024002244,0.0786806101606,1.89936210897,0.157401451352,-0.00598133726684,-0.0419828562539,-0.000997479082059,-0.0678506768217,-0.0071665795534,0.0286293116532,-0.00854953228313,0.573996213874,0.81884365534,0.00203996766112,0.0,0.818801149272,-0.573936724393,-0.0119189448201,0.0,-0.0085891053539,0.00851192094637,-0.999926884563,0.0,0.660029474059,0.258680534998,0.303348976717,1.0,-0.00834,-0.0109611428571,0.418
0.463713889,0.537807817209,-0.12401280065,-1.37138883747,0.0786293984399,1.8998120518,0.157256058009,-0.00563530266476,-0.0461009598276,0.00182735673504,-0.0716844276242,-0.00613256662861,0.0342466625412,-0.0167752254819,0.574010231903,0.818833727451,0.00208023095546,0.0,0.8187915824,-0.573950412904,-0.0119170054378,0.0,-0.00856426145547,0.00854392314774,-0.999926824724,0.0,0.659901620259,0.258509035661,0.303360082126,1.0,-0.00866,-0.0113817142857,0.434
0.463608958623,0.536988301095,-0.12402653357,-1.37268998812,0.0785518986626,1.90028271293,0.157099466155,-0.00521477619944,-0.0487320407423,0.000273457015008,-0.0789580412755,-0.0025717931297,0.032767761928,-0.00134730387709,0.574028435353,0.818820998276,0.00206762907934,0.0,0.818778717196,-0.573968693768,-0.0119204757466,0.0,-0.00857414656776,0.00853578706705,-0.999926809496,0.0,0.659750042164,0.258307536405,0.303360653861,1.0,-0.009,-0.0118285714286,0.451
0.463484571674,0.53607090238,-0.124032235091,-1.37409641972,0.0784663603763,1.9008113471,0.15692200183,-0.00210461706715,-0.0549910400134,0.000303691101861,-0.0838902166248,-0.00697999055535,0.022910033352,-0.0102226663113,0.574043419513,0.818810413099,0.00209924170956,0.0,0.818768575612,-0.573983578806,-0.0119003257475,0.0,-0.00853934478092,0.00855026144883,-0.999926983644,0.0,0.659591513296,0.258089299802,0.303384799649,1.0,-0.00936,-0.0123017142857,0.469
0.463375245616,0.535294369683,-0.124030795303,-1.37534133592,0.0783847281915,1.90126395498,0.156767910157,-0.00512588643778,-0.0516370060793,0.000623158083209,-0.0887547531417,-0.0139869412533,0.0292017994752,-0.00795413313912,0.57405217639,0.818804318143,0.00208189171846,0.0,0.818762277466,-0.573992427965,-0.011906827404,0.0,-0.00855453631285,0.00853987900912,-0.999926942519,0.0,0.659445542756,0.257897961233,0.303379418773,1.0,-0.00966,-0.012696,0.484
0.463241888712,0.534343808817,-0.124033981144,-1.37687787777,0.078312900976,1.90181817815,0.156582440828,-0.00663308453091,-0.0543916809615,0.00090423159533,-0.091085801271,-0.0112272346181,0.0247553001996,-0.0193339925253,0.574076707521,0.818787162625,0.00206472835172,0.0,0.818744682485,-0.574016811402,-0.0119411905382,0.0,-0.00859227016213,0.00854580924013,-0.999926568323,0.0,0.659263039753,0.257664244424,0.303366873059,1.0,-0.01002,-0.0131691428571,0.502
0.463107890767,0.533418502666,-0.124043499065,-1.37836198989,0.0782124339645,1.90237211584,0.156405959533,-0.0045119645117,-0.0596475104185,-0.00281876384951,-0.0896584336863,-0.00350974180752,0.0265357922446,-0.00668641697502,0.574102906254,0.818768828287,0.00205079422729,0.0,0.818726297979,-0.574043194973,-0.0119334070607,0.0,-0.0085936227,0.00853020707363,-0.999926689921,0.0,0.659094808117,0.257427704585,0.303361395872,1.0,-0.01036,-0.013616,0.519
0.462982600117,0.532526178637,-0.124040376658,-1.37979665419,0.0781434657068,1.90291923376,0.156214395357,-0.0086105373956,-0.0564894771239,-0.00010805889044,-0.0893239912558,-0.00382444411864,0.0334219289536,-0.0126671851114,0.574106489442,0.818766283526,0.00206364793792,0.0,0.818723745267,-0.574046550281,-0.0119471313209,0.0,-0.00859744385809,0.00854864777814,-0.999926499589,0.0,0.658928619514,0.25721431542,0.303355065082,1.0,-0.01068,-0.0140365714286,0.535
0.462847222783,0.531548461833,-0.124043537503,-1.38136881628,0.0780536131052,1.90348567501,0.156011445107,-0.0105160957866,-0.0575807797726,-0.000921121170727,-0.0953351917575,-0.00695773457365,0.0268154775074,-0.00869359332156,0.574114923462,0.818760425621,0.00204132206505,0.0,0.818717517999,-0.574054998339,-0.0119679365549,0.0,-0.00862720779333,0.00854240158146,-0.999926296614,0.0,0.658741267876,0.256973406586,0.303345146946,1.0,-0.01102,-0.0144834285714,0.552
0.462710988488,0.530528132086,-0.124043563859,-1.38302075829,0.0779440276209,1.90406427454,0.155803781399,-0.00491828804778,-0.0599503136959,-0.000350119923662,-0.0961426397216,-0.00743153579051,0.0338523214039,-0.0177928276745,0.57411668393,0.818759315857,0.00199068637612,0.0,0.818715760816,-0.574056984206,-0.0119928635829,0.0,-0.00867666841748,0.00851527332742,-0.999926100042,0.0,0.6585389821,0.256722526419,0.303327993033,1.0,-0.01136,-0.0149302857143,0.569
0.462578849878,0.529549139868,-0.124046415629,-1.38456334842,0.0778369673534,1.90463158559,0.155598748053,-0.00742887488211,-0.0625360417873,-0.00031696364343,-0.0951850477393,-0.016959237517,0.0348926144768,-0.00885313008146,0.574113917725,0.818761268973,0.00198514608876,0.0,0.818717752629,-0.574054350625,-0.0119829444952,0.0,-0.00867175605023,0.00850501330231,-0.999926229977,0.0,0.658357917673,0.256484803255,0.303332633907,1.0,-0.01168,-0.0153508571429,0.585
0.462431894034,0.528387929917,-0.12404684847,-1.3863659676,0.0777311050896,1.90531974137,0.155351679546,-0.00945726452829,-0.0627165549176,0.000520483727566,-0.101639277299,-0.00983996448904,0.0397564636291,-0.0106918260031,0.574101592782,0.818769811948,0.00202561333315,0.0,0.818726800035,-0.574041834348,-0.0119643730968,0.0,-0.00863344693769,0.00852735375184,-0.999926371205,0.0,0.65814766984,0.256218655306,0.303352008295,1.0,-0.01204,-0.015824,0.603
0.462286564662,0.527267082522,-0.124052098905,-1.38811363086,0.077625806808,1.90599275533,0.155101095843,-0.00874170228812,-0.0656667626305,-0.00313581880159,-0.101102937787,-0.00150304390464,0.0404455923722,-0.00972173853253,0.574085448398,0.818781039096,0.00206273007535,0.0,0.818738542679,-0.574025569153,-0.011941172122,0.0,-0.00859331096044,0.00854425427126,-0.999926572667,0.0,0.657946307072,0.255955861192,0.303367673162,1.0,-0.01238,-0.0162708571429,0.62
0.46214891091,0.526174234342,-0.124053070428,-1.389815197,0.0775265598266,1.90663223617,0.154879816165,-0.0112579355292,-0.0686500164806,0.000374501458101,-0.112018212637,-0.00495741953431,0.0391426167753,-0.0184870567861,0.574082813309,0.818782817377,0.00209005550706,0.0,0.818740636705,-0.574022781657,-0.0119315903456,0.0,-0.0085698066783,0.00856109915713,-0.999926630306,0.0,0.657744527714,0.255704449971,0.303382254001,1.0,-0.0127,-0.0166914285714,0.636
0.461999732495,0.524991231644,-0.12405611809,-1.39166416441,0.077395477547,1.90728843641,0.15463557823,-0.0061020003539,-0.0706834226706,3.60831746675e-05,-0.109382256664,-0.00825174109316,0.0292088555065,-0.00892464961042,0.574071045303,0.818791115936,0.00207130642276,0.0,0.818748808186,-0.574011209054,-0.01192760976,0.0,-0.00857743294396,0.00854333955368,-0.999926716811,0.0,0.657518473216,0.255424010074,0.303391282776,1.0,-0.01304,-0.0171382857143,0.653
0.461858419272,0.523949295154,-0.124064840866,-1.39334223992,0.0772849450406,1.90788821962,0.154400273438,-0.0125026537446,-0.0672000444572,-0.000367856177251,-0.110657381776,-0.0114371182368,0.0421752791774,-0.00870871717849,0.574060449466,0.818798640128,0.00203326952442,0.0,0.818755896056,-0.574000830417,-0.0119405298927,0.0,-0.00860995701138,0.00851950139524,-0.999926640677,0.0,0.657315207877,0.255163381583,0.303377502739,1.0,-0.01334,-0.0175325714286,0.668
0.461697485922,0.522656305238,-0.124065837548,-1.39538636164,0.07716074905,1.90866713961,0.154120129879,-0.0123201999302,-0.0708793210956,0.000160225577333,-0.11536427057,-0.00417204551227,0.0409870839068,-0.0193359007804,0.574039753584,0.818813095717,0.00205486942,0.0,0.81877063543,-0.573980050153,-0.0119287671021,0.0,-0.00858814201456,0.00853021750171,-0.999926736919,0.0,0.65707160963,0.254864146026,0.303380976759,1.0,-0.0137,-0.0180057142857,0.686
0.461521596532,0.521356124853,-0.124074307617,-1.39749125717,0.0770406808007,1.90949114464,0.153845862248,-0.00813317253625,-0.0685155327038,-0.00133971659046,-0.118947218269,-0.0127478381696,0.051463268416,-0.0216852239435,0.574045741327,0.81880886035,0.00206977731773,0.0,0.818766590285,-0.573985971879,-0.0119214772367,0.0,-0.00857355311207,0.00853830214394,-0.999926793112,0.0,0.656827428733,0.254547348086,0.303364398665,1.0,-0.01406,-0.0184788571429,0.704
0.46134993621,0.520054332599,-0.124071641663,-1.39952448447,0.0769123700202,1.91022151868,0.153556909332,-0.0108234009035,-0.0749303881544,-0.000354320803455,-0.121848178763,-0.00379258670132,0.0458377212176,-0.014813637366,0.574021346399,0.818825967797,0.00206766558745,0.0,0.818783633452,-0.573961552051,-0.0119266616977,0.0,-0.00857926493493,0.00853929355608,-0.999926735656,0.0,0.656577591632,0.254240787567,0.303374127817,1.0,-0.0144,-0.0189257142857,0.721
0.461220714838,0.519036449971,-0.124072332258,-1.4011080813,0.0768091466723,1.91078104308,0.15335429411,-0.0111757956876,-0.0755585044187,-0.00547628629757,-0.120070826046,-0.0127010209053,0.0401824986854,-0.00901013345434,0.574017818695,0.818828461964,0.00205927167365,0.0,0.818786020724,-0.573958061789,-0.0119307366205,0.0,-0.00858745647373,0.00853472258945,-0.999926704365,0.0,0.656380414685,0.254002285782,0.303383495056,1.0,-0.01466,-0.0192674285714,0.734
0.46102012482,0.517523025216,-0.12407576884,-1.40347672117,0.0766504279686,1.91163138256,0.153023347607,-0.012081191828,-0.0780765200512,0.000458822246624,-0.124445876018,-0.00551515027978,0.0459611780852,-0.0183105283813,0.573995957251,0.818843817587,0.00204703713423,0.0,0.818801285533,-0.573936321601,-0.0119289755502,0.0,-0.00859326436335,0.00852346448008,-0.999926750498,0.0,0.65608976127,0.253639501121,0.303391960715,1.0,-0.01504,-0.0197668571429,0.753
0.460819941575,0.516075183496,-0.124084429925,-1.40575467805,0.0765075831204,1.91248517972,0.152708919633,-0.0132248367079,-0.0824944124615,-0.000665144252684,-0.129228401435,-0.00313742238122,0.0514330343021,-0.0219198992722,0.573990450266,0.81884764088,0.00206177848643,0.0,0.818805354455,-0.573930807911,-0.0119149547378,0.0,-0.00857337944992,0.00852742967869,-0.999926887381,0.0,0.655818840465,0.253286653225,0.303397581045,1.0,-0.0154,-0.02024,0.771
0.460648386233,0.514785613098,-0.124090078475,-1.40782751957,0.0763746238132,1.91326501869,0.152429984452,-0.00691245791489,-0.0827658769394,-0.000688686960603,-0.132723385914,-0.00290329425161,0.050190624339,-0.0177145869139,0.573979961353,0.818855018058,0.00205189374017,0.0,0.818812666199,-0.573920423761,-0.0119126723973,0.0,-0.00857729298559,0.00851791582263,-0.999926934908,0.0,0.655568343409,0.252973241816,0.303382937142,1.0,-0.01572,-0.0206605714286,0.787
0.460442055653,0.513302752205,-0.124091426797,-1.41023187045,0.0762370647428,1.91409413248,0.152095751703,-0.0148888264488,-0.0806448167775,-0.00056287007669,-0.131684102377,-0.00432414117609,0.0436140169717,-0.0128097040708,0.573965121158,0.818865599844,0.00197888533404,0.0,0.818822080381,-0.573905675959,-0.0119759210018,0.0,-0.00867114315595,0.00849427949606,-0.999926326532,0.0,0.655261190709,0.252605461291,0.3033497405,1.0,-0.01608,-0.0211337142857,0.805
0.460251004768,0.511932268594,-0.12409159778,-1.41237099751,0.0761046607946,1.91486848612,0.151787829232,-0.0127969365649,-0.0876376410089,0.00130971403862,-0.127738649961,-0.00671916016532,0.0468281400543,-0.0209749149142,0.573945668599,0.818879223491,0.00198336393723,0.0,0.818835714452,-0.573886159907,-0.0119789443052,0.0,-0.00867125044572,0.00849947606619,-0.999926281444,0.0,0.654997973034,0.252275543089,0.303358711166,1.0,-0.0164,-0.0215542857143,0.821
0.460066267735,0.510557034145,-0.124102129747,-1.41457969832,0.0759681547766,1.91571780763,0.151480857574,-0.00936261793153,-0.087530492611,-0.000777733966802,-0.144457466888,-0.0136551216043,0.0559875871744,-0.02099070669,0.573931821732,0.818888910537,0.00199075461961,0.0,0.818845562243,-0.573872346785,-0.0119675265651,0.0,-0.00865780245483,0.0084988285377,-0.999926403477,0.0,0.654733436098,0.251939941455,0.303344361034,1.0,-0.01672,-0.0219748571429,0.837
0.459845262036,0.508971901921,-0.124102955602,-1.41707415519,0.0758042820903,1.91662618933,0.151135242726,-0.0140089391841,-0.0922342587492,0.00242681873771,-0.144665722113,-0.0132910305284,0.052360044732,-0.0228907942421,0.573915709999,0.818900220068,0.00198350442885,0.0,0.818856813692,-0.573856303285,-0.0119669859199,0.0,-0.0086616876486,0.00849241084254,-0.999926424356,0.0,0.654425468825,0.251554862066,0.30334518077,1.0,-0.01708,-0.022448,0.855
0.459653467849,0.50755232579,-0.124108517096,-1.41931347942,0.0756679272013,1.91742166423,0.150821889044,-0.0102136127878,-0.0885740551374,-0.000601478735903,-0.139018747797,-0.00177200751092,0.0515150472476,-0.0173328771561,0.573899265525,0.818911794566,0.00196281719538,0.0,0.818868044209,-0.573839875585,-0.0119862530851,0.0,-0.00868950854886,0.00848635350848,-0.999926234402,0.0,0.654142835419,0.251211094375,0.303341474452,1.0,-0.0174,-0.0228685714286,0.871
0.45943525393,0.505976807899,-0.124112833762,-1.4217512509,0.0755113724154,1.91833849045,0.150484014214,-0.0103928611391,-0.0991001322711,-0.00115349927584,-0.144054476235,-0.00586133993002,0.0459047122295,-0.0151246393734,0.573888086705,0.818919529767,0.00200364820051,0.0,0.818876375495,-0.573828588614,-0.0119574013117,0.0,-0.00864256523656,0.0085031140482,-0.999926498858,0.0,0.653847553864,0.250834282216,0.303362281965,1.0,-0.01774,-0.0233154285714,0.888
0.459221004993,0.504345702922,-0.124114219521,-1.42423327033,0.0753570754597,1.91930129141,0.150143063702,-0.00817921665332,-0.103338329681,0.000768134751542,-0.143783514653,-0.00838789790649,0.0600395843111,-0.0192165622599,0.573871711114,0.818930774012,0.00209605842219,0.0,0.818888874067,-0.573811883663,-0.0119029827206,0.0,-0.00854514014138,0.00854738854629,-0.999926958697,0.0,0.653549500704,0.250460773326,0.303404154287,1.0,-0.01808,-0.0237622857143,0.905
0.458988154752,0.502674766839,-0.124117098445,-1.42670382619,0.0751983708671,1.92023268159,0.149805035068,-0.0104126481563,-0.100232610294,0.000700020600439,-0.144429460733,-0.0154757739071,0.0523500834157,-0.0217940871209,0.573871439637,0.818930678858,0.00220474392475,0.0,0.818890264684,-0.573811249363,-0.0118377114024,0.0,-0.00842932045942,0.00859893337669,-0.999927499823,0.0,0.653253133462,0.250073419849,0.303475908445,1.0,-0.01842,-0.0242091428571,0.922
0.458766793363,0.501076939586,-0.124124496541,-1.42911496521,0.0750430656555,1.92108762375,0.14945398754,-0.0114357994723,-0.102738313197,0.000342290273795,-0.149963666477,-0.00137355852283,0.0573739146037,-0.0227974829838,0.573851462983,0.818944588542,0.00223746061021,0.0,0.818904605668,-0.573791153115,-0.011819742939,0.0,-0.00839604106406,0.00861520944579,-0.999927639712,0.0,0.65295075149,0.249692565335,0.303517844475,1.0,-0.01874,-0.0246297142857,0.938
0.458526595594,0.499376374095,-0.124125556134,-1.43172649019,0.0748792267165,1.92202531867,0.149097486955,-0.0134834219218,-0.0934995501331,-0.00110140274139,-0.152709310813,-0.00789281836936,0.0493324998588,-0.0197464942551,0.573845526093,0.818948687348,0.00225977337377,0.0,0.818908942555,-0.573785076778,-0.0118142444562,0.0,-0.00837879706847,0.00863026610867,-0.999927654516,0.0,0.652621950202,0.249285031749,0.303542500992,1.0,-0.01908,-0.0250765714286,0.955
0.458257709123,0.497611083663,-0.124121333652,-1.43451444963,0.0747062478763,1.92306144798,0.148685009181,-0.0143913643947,-0.0991658605297,0.000450497802293,-0.156563866691,-0.00905475942615,0.0611754490627,-0.0277382624732,0.573819762209,0.818966709874,0.00227057641859,0.0,0.818927046257,-0.573759213133,-0.0118154625251,0.0,-0.00837386755343,0.00863954867441,-0.999927615651,0.0,0.652277117971,0.248847074925,0.303536105743,1.0,-0.01944,-0.0255497142857,0.973
0.458014864999,0.496030079045,-0.12412372253,-1.43705298859,0.0745500314813,1.92394937416,0.148313083788,-0.0149236180746,-0.100679941695,-0.000552010337354,-0.163271506932,-0.00225563583114,0.0590275608103,-0.0248244979581,0.573801697968,0.818979526809,0.00221200771449,0.0,0.818938975081,-0.573741250956,-0.0118608155411,0.0,-0.00844480761489,0.00861742133941,-0.999927209988,0.0,0.651950977135,0.248442268533,0.303506730828,1.0,-0.01976,-0.0259702857143,0.989
0.457745352459,0.494355470939,-0.124126643581,-1.43980027845,0.0743827080188,1.92489981844,0.147927844832,-0.0116217400486,-0.102066637232,-0.00222758594874,-0.160079811307,-0.00858584448667,0.0584556916259,-0.0229823558871,0.573801985664,0.818979596782,0.00210907684783,0.0,0.818937528183,-0.573741775198,-0.0119351258078,0.0,-0.00856472392435,0.00857576617822,-0.999926548172,0.0,0.651595319302,0.247998862731,0.303448134802,1.0,-0.0210114285714,-0.0276150204082,1.006
0.457467093436,0.492427741588,-0.124165492273,-1.44280941658,0.0741932326248,1.92601793502,0.14749495871,-0.0241166096482,-0.118186169209,-0.00128165068347,-0.182856060661,-0.013574200875,0.0689661822813,-0.0325029638458,0.57380310916,0.818978758165,0.00212896554632,0.0,0.818937105198,-0.573742974442,-0.0119064650384,0.0,-0.00852982715184,0.00857562064696,-0.999926847714,0.0,0.651226288058,0.247508813121,0.303455881137,1.0,-0.0245182857143,-0.0322240326531,1.023
0.457162027238,0.490414525254,-0.124185564618,-1.44608999693,0.0740021097803,1.92719854047,0.147030962371,-0.0232022379362,-0.121911389596,-0.000473018740959,-0.20887346045,-0.00633361130829,0.0765392367652,-0.0280493025782,0.573799834586,0.818981238715,0.00205605521966,0.0,0.818938485857,-0.573739850383,-0.0119619131537,0.0,-0.00861710754396,0.00854769110691,-0.999926338504,0.0,0.65080674127,0.246985453006,0.303398087915,1.0,-0.0278188571429,-0.0365619265306,1.039
0.456766599785,0.487906740987,-0.124200555182,-1.45004299156,0.0737644864228,1.9286296324,0.146454181363,-0.0234182252775,-0.154284148868,0.000119473393049,-0.237910238718,-0.00653978408443,0.0918444378843,-0.0421990481549,0.573794341643,0.818985114114,0.00204530159605,0.0,0.818942087375,-0.573734270652,-0.0119829506643,0.0,-0.00864056495537,0.008550897477,-0.999926108665,0.0,0.65030776897,0.246342850303,0.303384388214,1.0,-0.0313257142857,-0.0411709387755,1.056
0.456289133588,0.484895489066,-0.124243713944,-1.4546353062,0.0734737938021,1.93038646008,0.1457670552,-0.0337027665782,-0.173389049841,-0.00284530585961,-0.264763258512,-0.0219058282079,0.0954507811957,-0.0393398929023,0.573802226183,0.818979240438,0.00218079357228,0.0,0.818938232285,-0.573741852346,-0.0118829907521,0.0,-0.00848087347963,0.00860458744529,-0.999927015267,0.0,0.649757100069,0.245574999127,0.303443293453,1.0,-0.0350388571429,-0.0460510693878,1.074
0.455840276019,0.482173381499,-0.124284300961,-1.4588949942,0.0732193279083,1.93184693951,0.145116976014,-0.0296077110639,-0.185905606377,-0.00265487145585,-0.292872297023,-0.01052010635,0.102150595606,-0.0409309862556,0.57380653492,0.818976388092,0.00211734083008,0.0,0.818934372154,-0.573746234841,-0.0119372949841,0.0,-0.00856171124,0.00858382631972,-0.999926504812,0.0,0.649207969226,0.244849362418,0.303432326963,1.0,-0.0381331428571,-0.050117844898,1.089
0.455259163466,0.478573801679,-0.124334771422,-1.46448877123,0.0728765193287,1.93385509235,0.144290184447,-0.0299349171419,-0.202097728019,0.00045445815762,-0.316709404552,-0.0156854457497,0.110930595516,-0.0522437716073,0.57382147898,0.818965899518,0.00212428556872,0.0,0.818923934486,-0.573761108824,-0.0119384432946,0.0,-0.00855851028607,0.00859032887438,-0.999926476373,0.0,0.648498490561,0.24390901511,0.303440251518,1.0,-0.0418462857143,-0.0549979755102,1.107
0.454644212055,0.474856736526,-0.124380406006,-1.47016445009,0.0725338279028,1.93595189915,0.143481176802,-0.0335856995161,-0.219655074102,-0.00442471951157,-0.343289981736,-0.0246897144048,0.128242785889,-0.0519942126241,0.573877394439,0.818926410878,0.00223978118224,0.0,0.818885941437,-0.573816542334,-0.0118801330243,0.0,-0.00844389377592,0.00865203168605,-0.999926918832,0.0,0.647791206104,0.242947995059,0.303494803958,1.0,-0.0453531428571,-0.0596069877551,1.124
0.454009866633,0.471121741172,-0.124401656098,-1.47592663849,0.0721785021268,1.93797841099,0.142618648898,-0.0385081738533,-0.232517877374,0.00683089819931,-0.364875448096,-0.0298027140551,0.132756338465,-0.0569248501051,0.573885231398,0.818920908248,0.00224368419621,0.0,0.818880251688,-0.573824118961,-0.011906334246,0.0,-0.00846302888705,0.00867034499418,-0.999926598436,0.0,0.647042973302,0.241973105981,0.303510584023,1.0,-0.0486537142857,-0.0639448816326,1.14
0.453347794206,0.467089884542,-0.124423288786,-1.48194966382,0.0717854457201,1.9402725953,0.141634203013,-0.0418423903533,-0.255901478577,-0.00117535970116,-0.387478852188,-0.0311568293239,0.148166580241,-0.0685872662532,0.573816164741,0.818968593013,0.00248990781627,0.0,0.818931372165,-0.573754358561,-0.0117511964153,0.0,-0.00819542311975,0.00878225916839,-0.999927850879,0.0,0.646293985052,0.240965644371,0.30362654893,1.0,-0.0519542857143,-0.0682827755102,1.156
0.452531732747,0.462330460964,-0.124431483799,-1.48932482821,0.0713103224289,1.94281098607,0.140515714358,-0.0460105825166,-0.269099451077,0.000751800207553,-0.428493427429,-0.0219062166914,0.144451085678,-0.0624293240963,0.57379056994,0.818986715751,0.00242655577974,0.0,0.818948342706,-0.573728654485,-0.0118232780542,0.0,-0.00829108270951,0.00877147816572,-0.999927156906,0.0,0.645305959702,0.239721856896,0.30361755695,1.0,-0.0556674285714,-0.0731629061224,1.174
0.451712280776,0.457561243666,-0.124450505466,-1.49668372547,0.0708054562733,1.94536722095,0.1394200472,-0.050675249191,-0.28176451271,9.59654472298e-05,-0.443844889175,-0.0321512007706,0.152660207889,-0.0672003798571,0.573780585047,0.818993844822,0.00238102263587,0.0,0.818954883584,-0.573718849898,-0.0118459624805,0.0,-0.00833589328105,0.00874710180687,-0.999926997882,0.0,0.644320922579,0.238469632345,0.303619467279,1.0,-0.0591742857143,-0.0777719183673,1.191
0.450821596911,0.452551299397,-0.124467173825,-1.50439147947,0.0702884716303,1.94814286261,0.138178582223,-0.053347093877,-0.305737835357,-0.00179026004056,-0.449274097493,-0.0276882612519,0.161296231902,-0.0744174099633,0.573717177228,0.81903810901,0.0024338127467,0.0,0.818999861229,-0.573655276164,-0.0118151740731,0.0,-0.00828106774335,0.00877202950823,-0.99992723506,0.0,0.64330537995,0.237149190334,0.30363416497,1.0,-0.0626811428571,-0.0823809306122,1.208
0.449933998581,0.447525063125,-0.124513193677,-1.51191001964,0.0697815362794,1.95094021482,0.137029406056,-0.0556216730138,-0.323285684121,0.00516844625437,-0.47040710193,-0.0331401055933,0.163514990503,-0.0749790970602,0.57373837379,0.819022522362,0.00267080599349,0.0,0.818987699694,-0.573675984509,-0.0116515856778,0.0,-0.00801088806806,0.00887248989874,-0.999928549745,0.0,0.642337366901,0.235840406889,0.30374629033,1.0,-0.0659817142857,-0.0867188244898,1.224
0.448990296882,0.442360223456,-0.124543167113,-1.5199892802,0.0692360255222,1.95362534076,0.135804023838,-0.0574644457547,-0.325663625717,-0.000934539375816,-0.50923415428,-0.0385532775695,0.173797862955,-0.0779638756332,0.573739783231,0.819022170696,0.00246818708703,0.0,0.818984403076,-0.573677784809,-0.0117937965114,0.0,-0.00824359543372,0.00878814618113,-0.999927403175,0.0,0.64120858334,0.234430509443,0.303671034685,1.0,-0.0692822857143,-0.0910567183673,1.24
0.447856301307,0.43626130921,-0.124566489963,-1.52942023014,0.0686030900417,1.95686834348,0.134276305423,-0.0612947780604,-0.344419831808,-0.00475716891714,-0.529019843544,-0.027431771793,0.191251669963,-0.0959031211251,0.573675081528,0.819067733436,0.00238658295117,0.0,0.81902861288,-0.573613095121,-0.0118699322288,0.0,-0.00835346408339,0.00876433280368,-0.999926700368,0.0,0.639904770839,0.232782117345,0.303631753909,1.0,-0.0729954285714,-0.0959368489796,1.258
0.446675054426,0.430198049838,-0.124591425901,-1.53846439769,0.0679742746118,1.96019880434,0.132799214132,-0.0710423180512,-0.353265325016,-0.00100087270528,-0.547833592857,-0.0384703805094,0.188020667706,-0.0855516455925,0.573669587338,0.819070741502,0.00265930072474,0.0,0.819035505634,-0.573606955288,-0.0116896645814,0.0,-0.00804942382106,0.00888423781937,-0.999928135965,0.0,0.63871287909,0.231156170921,0.303749909013,1.0,-0.0765022857143,-0.100545861224,1.275
0.445502057661,0.424340620977,-0.124677194428,-1.54751397172,0.067316418293,1.96320365112,0.131317782096,-0.0726978368111,-0.376484214813,-0.00334896967467,-0.570832175745,-0.0385462345603,0.192004746954,-0.0912221685304,0.573682189123,0.819062530599,0.00246246903799,0.0,0.819024898234,-0.573620442761,-0.0117707527512,0.0,-0.00822861838199,0.00876966350237,-0.999927688806,0.0,0.637446330988,0.229474590069,0.3036911662,1.0,-0.0798028571429,-0.104883755102,1.291
0.444098066924,0.417422960624,-0.124771923141,-1.55800167455,0.066572050503,1.96676782376,0.12964956804,-0.0792500794316,-0.393006721554,-0.00523119521522,-0.578429262735,-0.0293958344817,0.214370668436,-0.0885407238787,0.573767853023,0.819002636639,0.00242464787434,0.0,0.818964678851,-0.573706413525,-0.0117708443009,0.0,-0.00824947530979,0.00873960129493,-0.999927780155,0.0,0.635988007784,0.227513936843,0.303706717147,1.0,-0.083516,-0.109763885714,1.309
0.442769738038,0.411047863349,-0.124797790276,-1.56754210625,0.0659238121079,1.97018062592,0.128007263349,-0.0871908874664,-0.402779875736,7.38393500516e-05,-0.604797931978,-0.0374300859162,0.200647604015,-0.10137988191,0.573743258227,0.819019238277,0.00262828329691,0.0,0.818983877359,-0.573681031712,-0.0116717342773,0.0,-0.00805173366462,0.00884927087462,-0.999928427434,0.0,0.634677885372,0.22575376515,0.303779083604,1.0,-0.0868165714286,-0.114101779592,1.325
0.441376922506,0.404556230888,-0.12485125831,-1.57752784972,0.0652145361789,1.97345585091,0.126396891564,-0.0885757346191,-0.412674813565,-0.00534180964243,-0.640980020084,-0.0473585824632,0.209571373489,-0.102150260362,0.57380931391,0.818973581308,0.00242719802447,0.0,0.818935318616,-0.573747501578,-0.0118108110713,0.0,-0.00828030286037,0.00876504033927,-0.999927302684,0.0,0.633231794713,0.223873382131,0.303698043262,1.0,-0.0901171428571,-0.118439673469,1.341
0.439713874647,0.396888759833,-0.124941394639,-1.58881741035,0.06441247701,1.97745014898,0.124425879994,-0.0997790743352,-0.423721737214,-0.00400953256173,-0.630668360299,-0.0475070186247,0.219638996499,-0.112694617811,0.573847378995,0.818946011081,0.00271356897924,0.0,0.818911823284,-0.573784918085,-0.0116206869228,0.0,-0.00795986349901,0.00889084562949,-0.999928794183,0.0,0.631668270239,0.221701758319,0.303838770966,1.0,-0.0938302857143,-0.123319804082,1.359
0.438157800167,0.389972838272,-0.124967889728,-1.59934194104,0.0636066642426,1.98094019227,0.12266331792,-0.101857048636,-0.437574613366,-0.000230359476407,-0.653334084781,-0.0465874353078,0.216892397434,-0.106566142956,0.573876344989,0.818926162177,0.00257458075618,0.0,0.818890243643,-0.573814443898,-0.011683310408,0.0,-0.00809059269801,0.00881324421926,-0.999928431957,0.0,0.630128169282,0.219687682166,0.303780869906,1.0,-0.0971308571428,-0.127657697959,1.375
0.436543703024,0.382795778355,-0.12502798476,-1.6101189723,0.0627876530132,1.98440990814,0.120710085367,-0.101888259855,-0.463977067234,-0.00396936090424,-0.674575194497,-0.0520796951504,0.213600476399,-0.125915525134,0.573811176987,0.818972193498,0.00245486134307,0.0,0.818934606254,-0.573749596041,-0.0117583427411,0.0,-0.00822143833081,0.00875760800617,-0.999927853524,0.0,0.628422769108,0.217469816202,0.303771065415,1.0,-0.100637714286,-0.132266710204,1.392
0.434646287219,0.374505573161,-0.125066077798,-1.6224233772,0.0619229195388,1.98863628347,0.11853520733,-0.106959393986,-0.460218468368,-0.000859565908738,-0.70134408694,-0.0498489092763,0.231878168389,-0.126296218545,0.573832275263,0.818956921745,0.00261287068599,0.0,0.818921156396,-0.573769867829,-0.0117057797546,0.0,-0.00808749859574,0.00885705983987,-0.999928069842,0.0,0.626721657248,0.215224595822,0.30381512409,1.0,-0.104144571429,-0.136875722449,1.409
