position_joint1,position_joint2,position_joint3,position_joint4,position_joint5,position_joint6,position_joint7,velocity_joint1,velocity_joint2,velocity_joint3,velocity_joint4,velocity_joint5,velocity_joint6,velocity_joint7,ee_T_00,ee_T_10,ee_T_20,ee_T_30,ee_T_01,ee_T_11,ee_T_21,ee_T_31,ee_T_02,ee_T_12,ee_T_22,ee_T_32,ee_T_03,ee_T_13,ee_T_23,ee_T_33,v_x,v_y,time
0.465054612042,0.547867313565,-0.123901637659,-1.355862982,0.0795106744191,1.89409233204,0.159170348767,-0.000345799383729,0.000367380963432,-0.00119336518079,-0.000134661890274,4.48734078264e-05,-5.46505616463e-05,-0.00026786950489,0.573774357463,0.818999547016,0.00186429795261,0.0,0.818954683271,-0.573715571626,-0.0120173426115,0.0,-0.00877279029299,0.00842218072771,-0.999926049777,0.0,0.661650684717,0.260924588941,0.303135528432,1.0,0.0,0.0,0.0
0.465053887054,0.54786194692,-0.123900845206,-1.35585867903,0.0795138209826,1.89409303263,0.159166129077,-0.00101104721026,-0.00779264808611,-4.11507403643e-05,0.000725702118201,0.000202106046325,-0.00216085984099,-0.00183076216697,0.573771537446,0.819001497961,0.00187511471913,0.0,0.818956748042,-0.573712678907,-0.0120147325949,0.0,-0.0087644756474,0.00842951173981,-0.999926060916,0.0,0.661651785623,0.260925709245,0.30314141846,1.0,-0.00016,-0.000210285714286,0.009
0.465054407168,0.54786202164,-0.123902139932,-1.35586381404,0.0795107791932,1.89409162013,0.159173843394,-0.000113966816915,-0.0034112449318,0.000375341794595,-0.000465564912175,0.000115178029269,-0.000233060828845,0.000851701461203,0.573777797328,0.818997129616,0.00186758540284,0.0,0.818952309323,-0.573718997367,-0.0120155738498,0.0,-0.0087694201074,0.00842389506179,-0.999926064898,0.0,0.661650655912,0.260924103104,0.303138836242,1.0,-0.00052,-0.000683428571429,0.027
0.46505133027,0.547851749496,-0.123904376997,-1.3558784346,0.0795134603061,1.89409239086,0.159168843038,-0.000936085540995,0.00128939943673,-0.00593799572879,-0.00272881787604,-1.81253463383e-05,0.000265359984538,0.00050311788052,0.57377928053,0.818996093662,0.00186620005429,0.0,0.818951227215,-0.573720459418,-0.0120195169863,0.0,-0.00877342922265,0.0084250388415,-0.999926020094,0.0,0.66164889519,0.260919658393,0.303139300808,1.0,-0.00084,-0.001104,0.043
0.465055860969,0.547771582315,-0.123902247114,-1.35595143121,0.0795083769186,1.89410668957,0.159168013812,0.00156333461732,-0.00751461320647,7.27588541484e-05,-0.00451195043625,0.000228387398033,0.00747445983622,0.00138882510682,0.573775998402,0.818998347774,0.00188597508581,0.0,0.818953719726,-0.573717073328,-0.0120113121211,0.0,-0.00875539724371,0.00843649134484,-0.999926081584,0.0,0.661635751593,0.260916430409,0.303162511864,1.0,-0.00116,-0.00152457142857,0.059
0.465052108789,0.547647438613,-0.123900035318,-1.35612759196,0.0795078720822,1.89414012594,0.159158891893,-0.000417520254111,-0.00737123329935,0.00109708551498,-0.0128815030645,-1.79568664926e-05,4.35534465541e-07,-0.000718077947755,0.573779544844,0.818995882267,0.00187767122265,0.0,0.8189509966,-0.573720511588,-0.012032732558,0.0,-0.00877766892027,0.00844201906444,-0.999925839671,0.0,0.661605809958,0.260898134371,0.303169442766,1.0,-0.0015,-0.00197142857143,0.076
0.465037608011,0.547494063676,-0.123905777763,-1.35634380972,0.0795041647537,1.89420295136,0.159154756568,0.000389729085462,-0.0089664188359,-0.000948702899658,-0.0163235308382,-0.00412410517687,0.00418820035761,-0.0101009361768,0.573803685738,0.818978937651,0.00189124811934,0.0,0.818934125234,-0.573744490414,-0.0120376554028,0.0,-0.00877366196531,0.00845622147046,-0.999925754831,0.0,0.661576752871,0.2608677045,0.303183616423,1.0,-0.00186,-0.00244457142857,0.094
0.46501436517,0.547271413588,-0.123900151747,-1.35658998461,0.0795032052695,1.89435194233,0.159143286588,-0.0030821671112,-0.00957847363426,0.000574695421566,-0.0126989277041,0.000284733714894,0.00741616611533,-0.0023208019123,0.573822563746,0.818965459421,0.00199712595716,0.0,0.818921987082,-0.573762872199,-0.0119871790134,0.0,-0.00867137579342,0.00851416807498,-0.999926155365,0.0,0.661562112074,0.260836806531,0.303234113775,1.0,-0.00224,-0.002944,0.113
0.464988525387,0.547095229202,-0.123900151735,-1.35681578634,0.0794968157488,1.89446866465,0.159121632794,-0.00543993474564,-0.013505894443,0.000522372369036,-0.0113566303926,-0.00452082302152,0.00427840800321,-0.00637327899621,0.573837114176,0.818955114539,0.002057587616,0.0,0.818912415369,-0.573777152391,-0.011957518548,0.0,-0.00861224002131,0.00854681653346,-0.999926387915,0.0,0.661545361171,0.260802128241,0.303261558388,1.0,-0.00254,-0.00333828571429,0.128
0.464956660968,0.546873085922,-0.123897647067,-1.35715889976,0.0794929127041,1.89459922675,0.159095480035,0.000463243450788,-0.00569350955801,0.00138146364197,-0.0212952797668,-0.00416798840666,0.00537615902994,-6.55155299219e-05,0.573858230972,0.81894027334,0.00207517438933,0.0,0.818897643393,-0.57379803435,-0.0119671350866,0.0,-0.00860980365877,0.00856695932817,-0.999926236524,0.0,0.661506507133,0.260752924664,0.303266835082,1.0,-0.00288,-0.00378514285714,0.145
0.464923969718,0.546609734773,-0.123902944554,-1.35753242439,0.0794839297966,1.89473959669,0.158975111977,0.000718598435434,-0.0165574247649,0.000535550110957,-0.024574279515,0.000201558563685,0.0174697165288,-0.00330841928808,0.573808622015,0.818974949016,0.00210833741006,0.0,0.818932653335,-0.573748196133,-0.0119609212213,0.0,-0.00858620537262,0.00859003145812,-0.999926241498,0.0,0.661465993021,0.26069543674,0.303287908167,1.0,-0.0032,-0.00420571428571,0.161
0.464873962472,0.546341034731,-0.123903281335,-1.35795780528,0.0794722017178,1.89488868057,0.158938340269,-0.00503371956524,-0.019261640218,0.000138822058992,-0.023737445455,-0.000226214465012,0.0111463021777,-0.00178341398269,0.573840328282,0.818952730895,0.00210928861993,0.0,0.818910310618,-0.573779757426,-0.0119766452934,0.0,-0.00859820479939,0.00860016584566,-0.999926051277,0.0,0.661418951405,0.260623422822,0.303288660528,1.0,-0.00352,-0.00462628571429,0.177
0.464828824084,0.54603063059,-0.123900969367,-1.35847673916,0.0794518640405,1.89507511341,0.158892996713,-0.0042451116632,-0.0169624375553,0.000747797765498,-0.0315989081611,-3.95222760615e-05,0.0115521227853,-0.00421116203841,0.573862160687,0.818937466121,0.0020961909299,0.0,0.818894750701,-0.573801517577,-0.0119980249435,0.0,-0.0086230006285,0.008601937881,-0.999925822511,0.0,0.661357546208,0.260546746681,0.303277539716,1.0,-0.00386,-0.00507314285714,0.194
0.464769526198,0.545689504643,-0.123900835916,-1.35907341054,0.0793993891309,1.8952715322,0.158797163178,-0.0043937448293,-0.0179913445099,0.00158687053667,-0.0351814888763,-0.0122943771157,0.0181488765518,-0.0105030723403,0.573851451424,0.818945120873,0.00203656502359,0.0,0.818901728522,-0.573791161391,-0.0120170310499,0.0,-0.00867289291559,0.00856390220949,-0.999925717495,0.0,0.661287018973,0.260446091329,0.303252029148,1.0,-0.0042,-0.00552,0.211
0.46469649963,0.545252625378,-0.123906125629,-1.35983766205,0.0793227314079,1.89551560718,0.158730123721,-0.00452861950276,-0.0260901911427,-6.17977077221e-05,-0.0425264581944,-0.000423781011521,0.0209701518065,-0.00374076187021,0.57388216316,0.818923817886,0.00194684558298,0.0,0.818879495334,-0.57382248906,-0.0120361984105,0.0,-0.00873975404428,0.00850175519366,-0.999925665666,0.0,0.661196106731,0.260313905515,0.303218790569,1.0,-0.00458,-0.00601942857143,0.23
0.464632395771,0.544824192278,-0.123906480478,-1.36054072277,0.0793042179444,1.89575433831,0.158623537293,-0.00286685584905,-0.0252173082383,-0.000440129134245,-0.0371035185531,0.000169410261056,0.0161413319283,-0.00429042081367,0.573879193717,0.818925925454,0.00193559766545,0.0,0.818881217509,-0.573819337041,-0.0120692563477,0.0,-0.00877331246834,0.00851148354689,-0.999925289027,0.0,0.661116067616,0.260214653095,0.303212845007,1.0,-0.0049,-0.00644,0.246
0.464568639888,0.544366371232,-0.123909646037,-1.36128762745,0.0792763608691,1.89602654524,0.158527368472,-0.00475932750962,-0.0300352222387,6.37923192492e-05,-0.0426815511243,-0.00352084329471,0.0101621339121,-0.00444860045893,0.573891726708,0.818917171944,0.00192312586519,0.0,0.818872121658,-0.57383174926,-0.0120962314014,0.0,-0.0088024304052,0.00851688525948,-0.999924987129,0.0,0.661024597204,0.26009403688,0.303200351829,1.0,-0.00526,-0.00691314285714,0.264
0.464514026201,0.543960716717,-0.123909767908,-1.36196087168,0.0792493961783,1.89627293793,0.158464983889,-0.00500740987837,-0.0293096957524,-0.000566285335238,-0.0506723793455,0.000223333680927,0.0148606136801,-0.00930273427628,0.57391580727,0.818900323418,0.00191137992712,0.0,0.81885498197,-0.573855745642,-0.0121181103501,0.0,-0.00882683807563,0.00852008209792,-0.999924744734,0.0,0.660945229763,0.259995636543,0.303188329787,1.0,-0.00554,-0.00728114285714,0.278
0.464435090404,0.543443162736,-0.123915366833,-1.36280867186,0.0792068835568,1.89656802973,0.158332886207,-0.00617023361172,-0.030874856321,-0.000357024435728,-0.0560871401104,-0.003403390458,0.0248476738101,-0.00400299912599,0.57391198332,0.818903064962,0.0018848070267,0.0,0.818857283461,-0.573851951378,-0.012142245401,0.0,-0.00886189240303,0.00851213198669,-0.999924502386,0.0,0.660846687644,0.259859530722,0.303176739807,1.0,-0.00588,-0.007728,0.295
0.464359959602,0.542908108718,-0.123912952203,-1.36364134787,0.0791544271747,1.89686650467,0.158247024515,-0.00615491144402,-0.0340322348238,0.00691175423744,-0.0558479846429,-0.00308876098747,0.017072367863,-0.00315664015585,0.573933763259,0.818887800629,0.00188474759762,0.0,0.818842007621,-0.573873718525,-0.0121436667577,0.0,-0.00886286408807,0.00851313477293,-0.999924485237,0.0,0.66075037824,0.259731242795,0.303184672763,1.0,-0.0062,-0.00814857142857,0.311
0.464290262154,0.542280761695,-0.123921160699,-1.36461709071,0.0790938915661,1.89721589487,0.158105376151,-0.00424922436337,-0.033788268406,-0.00106174477296,-0.0544814309273,-0.00735547998083,0.0125911328185,-0.0131696569346,0.573918581953,0.818898444524,0.00188301513945,0.0,0.818852659052,-0.573858575891,-0.0121410271288,0.0,-0.00886185446257,0.00851003687179,-0.999924520555,0.0,0.660635018069,0.259586773822,0.303194476599,1.0,-0.00656,-0.00862171428571,0.329
0.464200040447,0.54169864535,-0.123916133242,-1.36552456735,0.0790441318532,1.89755512461,0.157991859508,-0.00708475023568,-0.0361565994135,-0.0013702567928,-0.061621750377,-0.00237967131071,0.0112900442332,-0.0107621758023,0.573933102684,0.818888232316,0.00189829378685,0.0,0.81884257249,-0.573872955147,-0.0121416526869,0.0,-0.00885344749727,0.00852306426146,-0.99992448407,0.0,0.660533721425,0.259444987619,0.30320340498,1.0,-0.00688,-0.00904228571429,0.345
0.464121303478,0.541036202478,-0.123915783623,-1.36653730188,0.0789855674063,1.89793807099,0.157866145641,-0.0103700893266,-0.0446108508291,0.000810864200396,-0.0630871297541,-0.00045321548059,0.019054351062,-0.00518119420169,0.573934944045,0.818886874284,0.00192718194183,0.0,0.818841572835,-0.573874648917,-0.0121290077329,0.0,-0.0088264943077,0.00853948247841,-0.999924582275,0.0,0.660417398193,0.259298190633,0.303222876315,1.0,-0.00722,-0.00948914285714,0.362
0.464018272494,0.540237984911,-0.123918978589,-1.36776762499,0.0789138715504,1.89838608499,0.157699634298,-0.00845510454386,-0.0467487094754,-0.000547891008742,-0.0684930710364,-0.00405931388846,0.0229350153787,-0.0116927999332,0.573934115544,0.818887420958,0.00194157464684,0.0,0.818842279426,-0.57387372935,-0.0121248128567,0.0,-0.00881480775877,0.00854885174441,-0.999924605307,0.0,0.660275003794,0.259111550707,0.303240393291,1.0,-0.0076,-0.00998857142857,0.381
0.463919442189,0.53953905008,-0.123919921672,-1.36884278646,0.07884881936,1.8988041263,0.157572489248,-0.00638718814523,-0.0476302871631,0.000731244678109,-0.0686848569047,-0.00311394624472,0.0267205119512,-0.0135061424152,0.573953788959,0.818873550326,0.00197575739888,0.0,0.818828886047,-0.573893279308,-0.0121039762786,0.0,-0.00877792113775,0.00856509518123,-0.999924790794,0.0,0.660157671544,0.258945155822,0.303258800073,1.0,-0.00792,-0.0104091428571,0.397
0.463810670096,0.538783396566,-0.123920013371,-1.37001920114,0.0787873451007,1.89925945106,0.15743237221,-0.00628007726118,-0.0429014465174,0.00060545086937,-0.0721328988876,-0.00350547618087,0.0309918830747,-0.00486525771833,0.57397687241,0.818857289436,0.00200907369252,0.0,0.818812994567,-0.573916149715,-0.0120946238205,0.0,-0.00875089952224,0.00858725533122,-0.999924837577,0.0,0.660027805697,0.258764534865,0.30327219383,1.0,-0.00826,-0.010856,0.414
0.463706936141,0.53799514028,-0.123925633328,-1.37123294945,0.0787059042492,1.89972919207,0.157273961742,-0.00728461605335,-0.043423849236,-0.000235776907924,-0.0730070908224,-0.0058367169212,0.0286911791719,-0.00474116825451,0.573991276214,0.818847158582,0.00202302092549,0.0,0.81880316042,-0.573930603687,-0.0120744995763,0.0,-0.0087262640559,0.00858727868053,-0.999925052672,0.0,0.659883559838,0.258562283113,0.303282933944,1.0,-0.00862,-0.0113291428571,0.432
0.463601719303,0.537235770732,-0.123928911636,-1.37243639629,0.0786456301449,1.90016798646,0.157121553963,-0.0112946890505,-0.0481661722038,-0.00208969530199,-0.075429867014,-0.00391689701853,0.0313949066069,-0.00915762660323,0.574003656115,0.818838431308,0.00204281187,0.0,0.818794605438,-0.573942811579,-0.0120743548103,0.0,-0.00871465634787,0.00860353279009,-0.999925014183,0.0,0.659746151454,0.258376759265,0.303296920841,1.0,-0.00894,-0.0117497142857,0.448
0.463478640437,0.536346344395,-0.123937813352,-1.37383113234,0.0785610622308,1.90069665794,0.156946135704,-0.00604394475976,-0.0419462176993,-0.000529139415964,-0.0782881604789,-0.00484863103832,0.0302244323931,-0.00634967921838,0.57401266765,0.81883207791,0.00205729518936,0.0,0.818788469697,-0.573951787816,-0.0120637495914,0.0,-0.0086975643484,0.00860940042228,-0.999925112495,0.0,0.659597622668,0.258175569203,0.303303818565,1.0,-0.00928,-0.0121965714286,0.465
0.463382393582,0.535557178616,-0.123943683992,-1.37507662268,0.078488440598,1.90114329197,0.156811856998,-0.00657588623582,-0.0520978321164,-0.00153258780473,-0.0840625409917,-0.00318197652248,0.0315638979032,-0.0103430138519,0.574034504074,0.818816791409,0.00204869257265,0.0,0.818773041887,-0.573973629819,-0.0120716632625,0.0,-0.00870875273775,0.00860713119778,-0.999925034649,0.0,0.659448521504,0.257989767478,0.303306864455,1.0,-0.00958,-0.0125908571429,0.48
0.463269575016,0.53466875672,-0.123936820467,-1.37651296194,0.0784162430876,1.90166254765,0.156624087657,-0.00418913552469,-0.0506665921341,0.00127780374502,-0.0852589524383,-0.00749576426258,0.0355054692965,-0.00771351263434,0.574027696418,0.818821602488,0.00203321059052,0.0,0.818777440502,-0.57396668269,-0.0121035940034,0.0,-0.00874385744622,0.00861271096882,-0.999924680247,0.0,0.659273214636,0.257784083216,0.303294868182,1.0,-0.00992,-0.0130377142857,0.497
0.463141374286,0.533760587833,-0.123941705927,-1.37799584982,0.0783247367209,1.9022117437,0.156448373973,-0.0104786061557,-0.0503265509676,0.000925741317144,-0.0815180561064,-0.00694859254902,0.0368354422664,-0.00817918470069,0.574048912599,0.818806792322,0.0020074096857,0.0,0.81876231089,-0.573988026338,-0.0121148994571,0.0,-0.00876770164561,0.00859830179668,-0.999924595464,0.0,0.659100926538,0.257555101348,0.303277423585,1.0,-0.01026,-0.0134845714286,0.514
0.463021922929,0.532876952633,-0.123942379018,-1.37943008943,0.0782528092308,1.90275660794,0.156260786154,-0.00722513678834,-0.0529030405811,0.0010477483027,-0.0934733766265,-0.00158044483723,0.034277285774,-0.0142541173243,0.574061333422,0.818798072119,0.00201232830354,0.0,0.818753540015,-0.574000311221,-0.0121256064575,0.0,-0.00877351503551,0.00860860847612,-0.999924455794,0.0,0.658925164807,0.257326506401,0.303270006218,1.0,-0.0106,-0.0139314285714,0.531
0.462889110089,0.531881411474,-0.123944972679,-1.38099465938,0.0781486998285,1.90332278281,0.156068451825,-0.00921850951437,-0.0615591682877,-0.000930585056125,-0.0941853450947,-0.00494282282881,0.0324840303847,-0.00930691329914,0.574063202643,0.818796791808,0.00199999945926,0.0,0.818752139336,-0.574002274418,-0.0121272501636,0.0,-0.00878191836808,0.00859947747068,-0.999924460595,0.0,0.658748742029,0.257102601161,0.303271433637,1.0,-0.01092,-0.014352,0.547
0.462757175574,0.530878652862,-0.123947677625,-1.38262951968,0.0780656038789,1.90390198599,0.155847261087,-0.0118883862334,-0.0626602970988,-0.000800656370819,-0.0943223323614,-0.00836741673905,0.0364370462223,-0.0110158672061,0.574058639508,0.81880008163,0.0019625570905,0.0,0.818754735215,-0.573997678685,-0.0121694423697,0.0,-0.0088380073505,0.00859299188303,-0.999924022172,0.0,0.658548273037,0.256859092855,0.303250306277,1.0,-0.01126,-0.0147988571429,0.564
0.462608036079,0.529780384095,-0.123947142338,-1.38436548803,0.0779466123472,1.90453155817,0.155625571765,-0.00756396593028,-0.0659130276973,-3.11562275698e-05,-0.0975543414893,-0.00366400949263,0.0423596670045,-0.0170564841776,0.574061037488,0.818798435836,0.00194771934122,0.0,0.818752976295,-0.574000221417,-0.0121678479485,0.0,-0.00884519383201,0.00857995361563,-0.999924070588,0.0,0.658341933869,0.256593057791,0.303252293513,1.0,-0.01162,-0.015272,0.582
0.462467243726,0.528693776491,-0.123950873816,-1.38605499692,0.0778459220412,1.9051717516,0.155390204644,-0.0119667102262,-0.0677701216628,3.34114413021e-05,-0.100351039006,-0.00289190247847,0.029846883065,-0.0187733749428,0.574050831134,0.818805517243,0.00197866321934,0.0,0.818760468123,-0.573989883855,-0.0121513773672,0.0,-0.00881405185668,0.0085957249951,-0.999924210129,0.0,0.65814559421,0.256339085315,0.3032689917,1.0,-0.01196,-0.0157188571429,0.599
0.462330026863,0.527572679286,-0.123954062688,-1.38776872636,0.0777339718582,1.90584090151,0.155151029149,-0.00276152938084,-0.0646316321749,-0.000394524876017,-0.101626206905,-0.00648706676355,0.0404475896173,-0.0199186229924,0.574032329418,0.818818344117,0.00203740556256,0.0,0.818774190218,-0.573971250777,-0.0121068416856,0.0,-0.00874406019264,0.00861805954865,-0.99992463239,0.0,0.657949358779,0.25608553143,0.303300634735,1.0,-0.0123,-0.0161657142857,0.616
0.462195730409,0.526533842103,-0.123957180025,-1.38934918582,0.0776345109949,1.9064442221,0.154937317764,-0.0113542072781,-0.0663297070024,-0.000222062228828,-0.105783875942,-0.00769431897207,0.0491103725781,-0.0139079463902,0.574028094043,0.818821189042,0.00208675010166,0.0,0.818777743104,-0.573966865143,-0.0120744365073,0.0,-0.00868924633865,0.00863981665684,-0.999924922465,0.0,0.65776712209,0.255846263747,0.303331840626,1.0,-0.0126,-0.01656,0.631
0.46204518221,0.525358245479,-0.123960459336,-1.39117454672,0.0775122840612,1.90709689712,0.154695226187,-0.0110506612967,-0.063579290448,0.00177572534892,-0.107990268041,-0.00776803046288,0.0396742881448,-0.00911513112546,0.574020605626,0.81882644874,0.0020828014243,0.0,0.818783013619,-0.573959456642,-0.0120692021965,0.0,-0.00868730565741,0.00863349940281,-0.999924993891,0.0,0.657545803194,0.255568672445,0.303346709048,1.0,-0.01294,-0.0170068571429,0.648
0.461881551929,0.524180423982,-0.123963645859,-1.39305527432,0.0774045416446,1.90776681641,0.154440417949,-0.0069405661379,-0.0707108580017,0.000423541126553,-0.11016504508,-0.0095407649001,0.0414957088913,-0.0122036294071,0.574020122584,0.818826851326,0.0020575025315,0.0,0.818782970339,-0.573958968329,-0.0120953321167,0.0,-0.00872322863177,0.00862777817004,-0.99992473053,0.0,0.657316901862,0.25527952209,0.303338031164,1.0,-0.01328,-0.0174537142857,0.665
0.461733768152,0.523051339343,-0.123972201645,-1.39486455946,0.0772949130047,1.90845750539,0.154186375341,-0.0163267087214,-0.0652902087975,-0.000571431894777,-0.114096469322,-0.00304111674765,0.0464290799731,-0.0146448765947,0.574006814889,0.818836167633,0.0020625075022,0.0,0.818792390782,-0.573945679007,-0.0120882276333,0.0,-0.00871467850448,0.0086276565993,-0.999924806133,0.0,0.657104366004,0.255006615629,0.303330765149,1.0,-0.0136,-0.0178742857143,0.681
0.461579349725,0.521802886348,-0.123969972648,-1.39681605311,0.0771775869995,1.90922568552,0.153919543561,-0.00977700610847,-0.0674554617999,0.000119552731195,-0.112854714523,-0.012496233821,0.0408366212298,-0.014480018205,0.573986234903,0.818850455507,0.00211673304233,0.0,0.818807407481,-0.573924889466,-0.0120580930198,0.0,-0.00865909589891,0.00865454273404,-0.999925056666,0.0,0.656876017647,0.254724349716,0.303345741299,1.0,-0.01394,-0.0183211428571,0.698
0.461409626496,0.520549639255,-0.123971140441,-1.3988448402,0.0770519223502,1.90996696306,0.153653014939,-0.00840779158225,-0.0739945542521,0.00131039658093,-0.123368704066,-0.00704430312746,0.0438431456463,-0.0079546252608,0.57398210443,0.818853433132,0.00208464451347,0.0,0.81880993704,-0.573920867919,-0.0120777180275,0.0,-0.00869362726202,0.00863948798988,-0.999924887225,0.0,0.656628614098,0.254417858457,0.303324751549,1.0,-0.01428,-0.018768,0.715
0.461245006346,0.519229567412,-0.123973871598,-1.4009043085,0.07691733181,1.9107029195,0.153368599184,-0.0157840889711,-0.0801393994007,-0.000194737286862,-0.119842930231,-0.0106733853221,0.0448342478311,-0.0190704825585,0.573963963593,0.818866160299,0.00208012384515,0.0,0.818822628997,-0.573902772511,-0.0120771208539,0.0,-0.00869592416268,0.00863525088495,-0.999924903853,0.0,0.656360181025,0.254087038032,0.303338803307,1.0,-0.01464,-0.0192411428571,0.733
0.461064869305,0.517872540156,-0.123979605614,-1.40302892847,0.076786033187,1.91146947379,0.153090394287,-0.00864569992574,-0.0790629120684,-7.8969885114e-05,-0.12432381155,-0.00846129485091,0.0426155304331,-0.0211843330336,0.573959798745,0.818869095906,0.00207366722276,0.0,0.818825464643,-0.573898620487,-0.0120821668616,0.0,-0.00870380587126,0.00863281579591,-0.999924856304,0.0,0.656113727814,0.253784240737,0.303343024263,1.0,-0.01496,-0.0196617142857,0.749
0.460880901674,0.5165423363,-0.12398043201,-1.40516380915,0.076647842433,1.91225957682,0.152789056025,-0.0103568371873,-0.0751055566723,-0.000124296209314,-0.121554743943,-0.00749197373469,0.0483262387103,-0.013997207635,0.573939882077,0.818883101842,0.00205528116667,0.0,0.818839264511,-0.57387881953,-0.012087443526,0.0,-0.00871888878378,0.0086205768036,-0.999924830492,0.0,0.655854974582,0.253458473604,0.303328611577,1.0,-0.0153,-0.0201085714286,0.766
0.460701447027,0.515226187619,-0.123985759169,-1.40723391028,0.076518022517,1.91302544422,0.152504752011,-0.015370937518,-0.0834220038589,0.00029755147613,-0.128706521023,-0.0109788139763,0.0391357353081,-0.0178375489549,0.573931922082,0.818888665044,0.00206154754904,0.0,0.818844932943,-0.573870856594,-0.0120815002311,0.0,-0.00871050924236,0.0086222124181,-0.99992488942,0.0,0.655605033019,0.253140305106,0.303332797219,1.0,-0.01562,-0.0205291428571,0.782
0.460518744589,0.513825799076,-0.123983683881,-1.40950693943,0.0763803317928,1.91381721562,0.152190966705,-0.00977783457854,-0.0886340180356,0.0016074490697,-0.133280749094,-0.0103396029473,0.0477616499686,-0.0253504620163,0.573905206071,0.818907555769,0.00199410392929,0.0,0.818862792492,-0.573844290954,-0.0121327537069,0.0,-0.00879146779049,0.00859611353026,-0.999924405606,0.0,0.655313017793,0.252801943749,0.303301109986,1.0,-0.01596,-0.020976,0.799
0.460335681341,0.512520681346,-0.123989230724,-1.41164323301,0.076259931278,1.91457019735,0.151889959225,-0.00866587302387,-0.0849229487934,-0.000115498469911,-0.130252887105,-0.0053482202922,0.0516581859319,-0.0258892191303,0.573892905904,0.818916316477,0.0019354743439,0.0,0.818870610527,-0.573832082786,-0.012182400487,0.0,-0.0088658999548,0.0085764613975,-0.99992391717,0.0,0.655027001162,0.252453202525,0.303265974277,1.0,-0.0163,-0.0214228571429,0.816
0.460127119871,0.510983337221,-0.123992081067,-1.41407707034,0.0761145128213,1.91549300375,0.151541979519,-0.0130679411095,-0.0815541726918,0.000626875370874,-0.133157755212,-0.00495105964622,0.0461079381453,-0.0232621133347,0.573868036624,0.818933701938,0.0019532721696,0.0,0.818888196914,-0.573807105695,-0.0121767528175,0.0,-0.00885132222749,0.00858752609334,-0.999923951354,0.0,0.654749073503,0.25210630004,0.303262538479,1.0,-0.01664,-0.0218697142857,0.833
0.459933639701,0.509589054893,-0.123995224427,-1.41631079245,0.0759655958094,1.9163361901,0.151247212562,-0.0066348252431,-0.0889023744679,0.00247245943642,-0.141778341553,-0.00402665358174,0.0611739863628,-0.0141373691697,0.573863515169,0.818936886052,0.00194666962166,0.0,0.818891402687,-0.573802719205,-0.0121678650146,0.0,-0.00884787951177,0.00857696993968,-0.999924072425,0.0,0.654478404261,0.251764248152,0.303248535064,1.0,-0.01696,-0.0222902857143,0.849
0.459721417382,0.508069666246,-0.124002715297,-1.41868820397,0.0758116424286,1.91717526566,0.150912979205,-0.0152401644831,-0.093637046634,-0.00070334557623,-0.143397033222,-0.0128333499705,0.0551115707494,-0.013948811802,0.573850426425,0.818946107552,0.0019255958026,0.0,0.818900354395,-0.57378973253,-0.0121778206725,0.0,-0.00886826247923,0.00856528357928,-0.99992399203,0.0,0.65418091258,0.251391042601,0.303252937977,1.0,-0.0173,-0.0227371428571,0.866
0.459509298396,0.506525280725,-0.124010203077,-1.42110778176,0.075665219168,1.91806585392,0.150576647087,-0.0126747006526,-0.0959472119621,-0.00218448827214,-0.140160279773,-0.0046129615591,0.0578467700764,-0.0189753868533,0.573839725962,0.818953576952,0.00193768065756,0.0,0.818907949698,-0.573778947912,-0.0121752107091,0.0,-0.00885930256035,0.00857356673904,-0.999924000468,0.0,0.653882858898,0.251017957435,0.303258712659,1.0,-0.01764,-0.023184,0.883
0.45925868867,0.504709353883,-0.124016567791,-1.4238561137,0.0754877273873,1.91913491299,0.150199240947,-0.0121792805897,-0.0935274675191,-0.00162733650247,-0.143703625105,-0.0108010330615,0.0531858788093,-0.01853234067,0.573834357429,0.818957074833,0.00204614663788,0.0,0.818913030599,-0.573773261459,-0.0121012251775,0.0,-0.00873652794865,0.00861988087752,-0.99992468253,0.0,0.653558759308,0.250592063577,0.303312514647,1.0,-0.01802,-0.0236834285714,0.902
0.459059175759,0.503231999619,-0.124012236265,-1.42604309451,0.07535788626,1.91996127272,0.149894454975,-0.0169909854155,-0.100454957323,-0.00258213848047,-0.146351084339,-0.0126469961212,0.0599074069772,-0.0248784525105,0.573821619032,0.818965675035,0.00217245186507,0.0,0.818923295097,-0.573759999237,-0.0120352367667,0.0,-0.00861014559437,0.00868531770595,-0.999925212528,0.0,0.653279944303,0.250231862046,0.303392009509,1.0,-0.01834,-0.024104,0.918
0.458817988298,0.501423843945,-0.124026050411,-1.42871857016,0.0751762411084,1.92092962136,0.149513091557,-0.0126724609846,-0.104562315866,-0.000395789206703,-0.1497096578,-0.0109322580036,0.0558322442693,-0.026172402885,0.573804809132,0.818977308599,0.00222618916225,0.0,0.818935732188,-0.5737430713,-0.0119958985817,0.0,-0.00854727268894,0.00870657777625,-0.999925567046,0.0,0.652963471167,0.249836581033,0.303447999638,1.0,-0.01868,-0.0245508571429,0.935
0.458615518344,0.499902496315,-0.124020149026,-1.43101093986,0.0750354710423,1.92174237154,0.149192287677,-0.012614099326,-0.10444229642,0.00120226443469,-0.151081129278,-0.0057191041742,0.0567584667164,-0.018890712409,0.573782236452,0.818993014602,0.00226584788518,0.0,0.818951845806,-0.573720226215,-0.0119884604355,0.0,-0.00851866660195,0.0087345541154,-0.999925567172,0.0,0.65267000257,0.249488471107,0.303488604564,1.0,-0.01898,-0.0249451428571,0.95
0.458358260274,0.498234806041,-0.124028281356,-1.43363483915,0.0748690589543,1.92272553545,0.14881287981,-0.0178552105251,-0.0965529201943,-0.0057516932066,-0.15773257783,-0.00341854479755,0.055008289857,-0.0203999963173,0.573776506964,0.818996980956,0.00228301142794,0.0,0.818956086263,-0.57371447892,-0.0119738194183,0.0,-0.00849688883378,0.00874015065974,-0.999925703563,0.0,0.652351597762,0.249066461148,0.303488250163,1.0,-0.01932,-0.025392,0.967
0.45808305685,0.496440453102,-0.124026952349,-1.43648122559,0.0746950243378,1.9237308439,0.148389905264,-0.0156887156205,-0.103779224303,-0.000826770053346,-0.160723246587,-0.0117011332058,0.0551938696519,-0.026288326082,0.573756314144,0.8190112456,0.00224019233591,0.0,0.818969661793,-0.573694330807,-0.0120106104314,0.0,-0.00855180401553,0.0087259811336,-0.999925359165,0.0,0.651969589351,0.248585591582,0.303468034308,1.0,-0.0197,-0.0258914285714,0.986
0.457793676302,0.494668823934,-0.124026108034,-1.43938005167,0.0745111439043,1.92473061763,0.147978228335,-0.0171465187766,-0.0989936821262,0.00403153684091,-0.162858058075,-0.00751367315944,0.0564037134829,-0.0131683075633,0.573746695614,0.819018263525,0.00213545892606,0.0,0.818975129581,-0.573684970185,-0.0120846602315,0.0,-0.00867264372304,0.00868258879287,-0.999924696116,0.0,0.651613845989,0.248143924759,0.303412436883,1.0,-0.0206382857143,-0.0271246040816,1.003
0.457528585999,0.492852580715,-0.124084143111,-1.44224046264,0.0743431410137,1.92578309765,0.147580597711,-0.018394425379,-0.124027109217,-0.00225525257504,-0.19542736877,-0.00911077269096,0.0725720389547,-0.0312867650847,0.573778388016,0.818996066273,0.00213348932281,0.0,0.818953031139,-0.573716791647,-0.012071564617,0.0,-0.00866271206986,0.00867379743209,-0.999924858506,0.0,0.651265073472,0.247666342009,0.303408494876,1.0,-0.0259045714286,-0.0340460081633,1.019
0.457248369243,0.490789104133,-0.124095462689,-1.44550110948,0.0741554612158,1.92699511095,0.147096408685,-0.0154110022537,-0.147882896429,-0.000467208019414,-0.234755532221,-0.0100533345795,0.0810024790343,-0.0250218069486,0.573732209946,0.819028372382,0.00215021058402,0.0,0.818985418075,-0.573670410149,-0.0120785926748,0.0,-0.00865936463108,0.00869103611184,-0.999924737816,0.0,0.650850093179,0.247169868358,0.303397665876,1.0,-0.0308417142857,-0.0405348244898,1.034
0.456807217677,0.488026331194,-0.124109731515,-1.44994492345,0.0738992134691,1.9286018009,0.146463297235,-0.0261448761893,-0.1752616007,-0.0010755122539,-0.276493124214,-0.0196207248105,0.10826702447,-0.0319375543771,0.573737348056,0.819024920357,0.00209336588825,0.0,0.818980941906,-0.573675512697,-0.0121395975258,0.0,-0.00874188845599,0.00867953436578,-0.999924119656,0.0,0.650285608429,0.246451984702,0.303343137932,1.0,-0.0364371428571,-0.0478888163265,1.051
0.456262697705,0.484505468202,-0.124173305227,-1.455385493,0.0735678118675,1.93065802255,0.145636841115,-0.026875126682,-0.208471526252,-0.00115794774407,-0.320113736295,-0.0179804769544,0.118646444341,-0.0461504594845,0.573731904604,0.819028460991,0.00219741358701,0.0,0.818986052385,-0.573669832822,-0.0120629934034,0.0,-0.00861951098936,0.00872074316099,-0.999924823509,0.0,0.649623648435,0.245548541217,0.303378815186,1.0,-0.0423617142857,-0.0556753959184,1.069
0.455660948463,0.480713276032,-0.12424129887,-1.46134758306,0.073213637667,1.93271699038,0.14473373486,-0.0359520201375,-0.233088838358,-0.00207171370445,-0.369661917023,-0.0231166673298,0.13325609353,-0.0612485764119,0.573730084763,0.819029982281,0.00210353606254,0.0,0.818986124901,-0.573668194039,-0.0121357846072,0.0,-0.00873300785514,0.00868559880448,-0.999924144597,0.0,0.648851879882,0.244544740485,0.303352003011,1.0,-0.0479571428571,-0.0630293877551,1.086
0.454975692844,0.476410063311,-0.124329361352,-1.46796119385,0.072808674217,1.9351006354,0.143775982395,-0.0380742888386,-0.261507844307,-0.00447502768821,-0.406061025185,-0.0182413579324,0.145550521318,-0.0585802116723,0.573782005037,0.818993476696,0.00215469860426,0.0,0.818950397548,-0.573719995448,-0.0120979370351,0.0,-0.0086721048047,0.00870633747133,-0.999924494292,0.0,0.648018728655,0.243419076341,0.303393951979,1.0,-0.0535525714286,-0.0703833795918,1.103
0.454177263726,0.471694293697,-0.1243742006,-1.47525948387,0.072376672769,1.93771990195,0.142702511148,-0.0492282074817,-0.280424628843,-0.00105441084154,-0.441827638072,-0.0225335477716,0.156287350792,-0.0650901756114,0.573823178417,0.818964524007,0.00219436319603,0.0,0.818921665827,-0.573760693694,-0.0121127417424,0.0,-0.00866103317761,0.0087477519512,-0.999924228799,0.0,0.647085044854,0.242182671265,0.30341002234,1.0,-0.059148,-0.0777373714286,1.12
0.453318091604,0.466449797634,-0.124413989716,-1.48312219304,0.0718857682685,1.94065969321,0.141431199625,-0.0518331001343,-0.322846995343,-0.00244841397181,-0.480384361855,-0.0325096279241,0.173290208754,-0.079526976099,0.573755094757,0.819011454242,0.00246494691766,0.0,0.818972241062,-0.573691615499,-0.0119643460689,0.0,-0.00838497853043,0.00888349864858,-0.99992538501,0.0,0.646095757045,0.240863587961,0.303544029459,1.0,-0.0647434285714,-0.0850913632653,1.137
0.452416254479,0.461177631462,-0.124446595061,-1.49131584561,0.07134869132,1.94348534431,0.140190096688,-0.0546633198911,-0.337781161521,-0.00413830105024,-0.531095778231,-0.036939856663,0.180198230185,-0.0763194898608,0.573737863916,0.819023789054,0.00237557866071,0.0,0.818983204332,-0.57367453256,-0.0120328141289,0.0,-0.00849251555032,0.00884941047748,-0.999924779728,0.0,0.645001182204,0.239469937037,0.303523535963,1.0,-0.0700097142857,-0.0920127673469,1.153
0.451292603655,0.45479714195,-0.124503079519,-1.50119265823,0.0706877601595,1.94687540081,0.138700954809,-0.0671105216396,-0.361981527222,-0.00153272050644,-0.55863861728,-0.0340302069167,0.200285731018,-0.0848921691585,0.573754389986,0.819012518385,0.00226751004648,0.0,0.818970412464,-0.573691394831,-0.0120993349564,0.0,-0.00860882153855,0.00879923959781,-0.999924227916,0.0,0.643676501847,0.237756127805,0.30350652489,1.0,-0.0759342857143,-0.0997993469388,1.171
0.450297829473,0.448997576859,-0.124552379938,-1.5097359833,0.0700954794361,1.95013497191,0.137316763938,-0.0709551099092,-0.385714234438,-0.0047234470742,-0.589938152381,-0.0338432243741,0.222632456201,-0.0868142366077,0.573698395493,0.819050525996,0.00267091276373,0.0,0.819014422067,-0.573634594611,-0.011809962434,0.0,-0.00814098472231,0.00896304513921,-0.999926691408,0.0,0.642596325872,0.23628248001,0.303703586898,1.0,-0.0808714285714,-0.106288163265,1.186
0.448986314208,0.441774225371,-0.124590293644,-1.52078739903,0.0693791903353,1.95398358921,0.135616915439,-0.0766239209823,-0.404204089545,-0.000728338992114,-0.625470413822,-0.0366333324568,0.223028107877,-0.0993111732745,0.573706809832,0.819044570893,0.00268963650977,0.0,0.819008360442,-0.573642552582,-0.0118437449466,0.0,-0.00815782210796,0.00899784515426,-0.99992624164,0.0,0.641096075773,0.234359778789,0.303724438142,1.0,-0.086796,-0.114074742857,1.204
0.447817733944,0.435397035091,-0.124619276336,-1.53060064116,0.0687000712172,1.95729572551,0.134026157912,-0.0809763672577,-0.442605162821,0.000666386585299,-0.642291454253,-0.0425671457105,0.232521501593,-0.109669641977,0.573625721286,0.819101747969,0.00257006897054,0.0,0.819063759456,-0.573561689289,-0.0119286808816,0.0,-0.00829687000118,0.00894782080102,-0.999925546454,0.0,0.639725542905,0.23264245437,0.303698163574,1.0,-0.0917331428571,-0.120563559184,1.219
0.446367229349,0.427785675527,-0.124653960077,-1.54211126046,0.0679004936857,1.96142799212,0.132166193952,-0.0871892417078,-0.451307775977,-0.00165962497912,-0.685082679307,-0.0551765651933,0.238915167437,-0.116499372419,0.573592231801,0.819124646393,0.00274083757131,0.0,0.819089115982,-0.573527815463,-0.0118157467312,0.0,-0.00810677885884,0.00902258447398,-0.999926433847,0.0,0.638168028994,0.230597960187,0.303764983437,1.0,-0.0973285714286,-0.12791755102,1.236
0.444884795231,0.420305780352,-0.124739989812,-1.55359927735,0.067067342209,1.96523777742,0.130253836947,-0.100442015391,-0.472882244624,-0.00729540407388,-0.717509855806,-0.0569100157521,0.246463015621,-0.117675319379,0.573570048045,0.819140865268,0.00252779247332,0.0,0.819102644006,-0.573506529709,-0.0119107457812,0.0,-0.00830703305209,0.00890233992597,-0.999925868025,0.0,0.636443937545,0.228346846819,0.303709610707,1.0,-0.102924,-0.135271542857,1.253
0.443203716381,0.41192319796,-0.12484919936,-1.56613271526,0.0661813555466,1.96974638407,0.128192434716,-0.104710330169,-0.493107003638,-0.00976824442068,-0.762536517944,-0.0511142211603,0.272362800615,-0.131754068859,0.573599465241,0.819119410635,0.00279132535045,0.0,0.819085191071,-0.573535599903,-0.0117094967176,0.0,-0.00799070543663,0.00900306765045,-0.999927544075,0.0,0.634838585739,0.226161582655,0.303821433668,1.0,-0.108190285714,-0.142192946939,1.269
0.441349147092,0.403276044325,-0.124901016956,-1.57941429944,0.0652906905505,1.97408824614,0.125995977096,-0.116717337745,-0.511875560235,-0.00128659254541,-0.801687803191,-0.0530217133468,0.24714693716,-0.126574236777,0.573647329605,0.819086653192,0.00255787048723,0.0,0.819048448921,-0.57358328125,-0.0119417206137,0.0,-0.00831431230002,0.00894552822517,-0.999925422087,0.0,0.632906582195,0.223677573861,0.303720139815,1.0,-0.113785714286,-0.149546938775,1.286
0.439369732063,0.394111046388,-0.125041757188,-1.59290608911,0.0643206939693,1.97883857189,0.123685614017,-0.117938730682,-0.53832509022,-0.00821107441744,-0.809324043569,-0.0658252474127,0.282002366105,-0.141210985,0.573741934657,0.819019350202,0.00287111691185,0.0,0.818985862104,-0.573677426871,-0.0117095889689,0.0,-0.00794343792201,0.00906986101124,-0.999927317066,0.0,0.631032342233,0.22106610711,0.303883738628,1.0,-0.119381142857,-0.156900930612,1.303
0.437398820966,0.38535324055,-0.125102769181,-1.60630656431,0.063303064322,1.98322114744,0.121350139676,-0.124395003442,-0.546954067851,-0.00338304698058,-0.868581260606,-0.0622628916838,0.264542115455,-0.148922466835,0.573713735115,0.819039987596,0.00260686777459,0.0,0.819002979852,-0.573650093926,-0.0118505541037,0.0,-0.00821080582581,0.00893403014125,-0.999926380177,0.0,0.629047799374,0.218492269924,0.303765490091,1.0,-0.124647428571,-0.163822334694,1.319
0.435054370276,0.374975369034,-0.125184170411,-1.62160957949,0.0621725407613,1.98840615566,0.118599439318,-0.129788713436,-0.574365753587,-0.00506097571536,-0.858544853309,-0.0610327292524,0.296786096505,-0.156544757833,0.573691847473,0.819054700508,0.00279439086501,0.0,0.819020276106,-0.573627683736,-0.0117394497394,0.0,-0.00801246579588,0.00902366312059,-0.999927184297,0.0,0.626808823522,0.215519489554,0.30387170075,1.0,-0.130572,-0.171608914286,1.337
0.432500833528,0.364296771698,-0.125301535433,-1.63749579019,0.060944528163,1.99364095809,0.115802160972,-0.150847841207,-0.607914031463,-0.00873029501046,-0.887429274904,-0.0637705651659,0.294778205855,-0.162435420178,0.57380109766,0.818978288547,0.00275864363399,0.0,0.818943686196,-0.573737367983,-0.0117225560828,0.0,-0.00801793635047,0.00898576233801,-0.999927481756,0.0,0.624441052159,0.212335233142,0.303878960976,1.0,-0.136496571429,-0.179395493878,1.355
0.430267451094,0.355153747291,-0.12539407758,-1.65111148752,0.0598844477097,1.99806064662,0.113247539204,-0.154605798393,-0.618337902761,-0.000675366284254,-0.910769693626,-0.0682246417457,0.287878583969,-0.170276831097,0.57377737526,0.818995199114,0.00267102385135,0.0,0.818959515962,-0.573714025912,-0.0117590215372,0.0,-0.00809833425621,0.0089346929342,-0.999927291479,0.0,0.622368518694,0.20959028341,0.303850137412,1.0,-0.141433714286,-0.185884310204,1.37
0.427562951182,0.344372787399,-0.125499335385,-1.66693835345,0.0587219084292,2.00319430193,0.110282739635,-0.159760476835,-0.649555355761,-0.00655214365326,-0.93370679581,-0.0667809286336,0.31766022988,-0.168645350919,0.57384556782,0.818947181471,0.00274320170474,0.0,0.818911935473,-0.573781392377,-0.0117856948461,0.0,-0.00807801900905,0.00900978283475,-0.999926782031,0.0,0.619938162114,0.206360941091,0.30388921676,1.0,-0.147029142857,-0.193238302041,1.387
0.424756760095,0.333394396859,-0.125556048718,-1.68316453942,0.0574180996752,2.00839371851,0.107203252697,-0.161630785321,-0.641758408264,-0.000834412914586,-0.981126557039,-0.0763513024074,0.300554626054,-0.185389856795,0.573810403685,0.818972110149,0.00265524432304,0.0,0.818935666501,-0.573746497,-0.0118354642695,0.0,-0.00816963530911,0.00896595943218,-0.999926431609,0.0,0.617384419645,0.203056735775,0.303843252559,1.0,-0.152624571429,-0.200592293878,1.404
