position_joint1,position_joint2,position_joint3,position_joint4,position_joint5,position_joint6,position_joint7,velocity_joint1,velocity_joint2,velocity_joint3,velocity_joint4,velocity_joint5,velocity_joint6,velocity_joint7,ee_T_00,ee_T_10,ee_T_20,ee_T_30,ee_T_01,ee_T_11,ee_T_21,ee_T_31,ee_T_02,ee_T_12,ee_T_22,ee_T_32,ee_T_03,ee_T_13,ee_T_23,ee_T_33,v_x,v_y,time
0.465094381719,0.54761101914,-0.123985364048,-1.35575476206,0.0794890472087,1.89408637935,0.159150609091,0.000157833763038,-9.30758737042e-05,0.00104425400247,0.000580887449443,-0.00392132549529,-1.32195326835e-05,-0.00103487460274,0.57377198199,0.819000532656,0.00214175020665,0.0,0.818960032279,-0.573712794655,-0.0117831099591,0.0,-0.00842178598183,0.00851499011358,-0.99992828166,0.0,0.661691203824,0.260914825869,0.303370812383,1.0,0.0,0.0,0.0
0.465088890675,0.547616665532,-0.12398743771,-1.35576065312,0.0794878035859,1.89408708429,0.159149715383,7.26332408119e-05,-0.00363349946732,-0.000533415605433,-0.000777160166786,-0.000875728673758,0.00675764002699,-0.00107056527382,0.573777204817,0.818996900872,0.00213131327739,0.0,0.818956281017,-0.573718073836,-0.0117867907944,0.0,-0.00843073450135,0.00850860808817,-0.999928260579,0.0,0.661691822873,0.260909063507,0.303364135761,1.0,-0.00012,-0.000157714285714,0.007
0.465088621474,0.547607372396,-0.12398537306,-1.35575885182,0.0794885551466,1.89408592022,0.159156841934,-0.000754805629848,-0.00267228512341,0.000298745704599,0.000465503203203,-0.000147652107316,-1.04238275815e-06,0.00147054484967,0.573781893751,0.818993590918,0.00214087363586,0.0,0.81895307979,-0.57372270926,-0.0117835853314,0.0,-0.00842257520257,0.00851464689748,-0.999928277936,0.0,0.661691803601,0.260910460399,0.30337140858,1.0,-0.00046,-0.000604571428571,0.024
0.465085775827,0.547597622436,-0.123988234802,-1.35577057701,0.0794891654921,1.89408794248,0.15915822015,-0.000784023507257,-0.00628947058856,0.000489164263849,-0.00361240015822,0.000181165309985,-0.000225429222883,0.000483522544549,0.57378815115,0.818989206516,0.00214105378584,0.0,0.81894869771,-0.573728965171,-0.0117835455024,0.0,-0.00842237416487,0.00851483593445,-0.999928278019,0.0,0.661691142166,0.260905893711,0.303373006069,1.0,-0.00082,-0.00107771428571,0.042
0.465092735706,0.547524188735,-0.123991258003,-1.35583877735,0.0794843943215,1.89409818395,0.159154089084,0.00105024957925,-0.0079601195324,-0.00200462905033,-0.00793341794673,-0.000154924019136,-8.89690386884e-06,8.12637145641e-05,0.573783578686,0.818992374716,0.00215450442571,0.0,0.818952042932,-0.57372434328,-0.0117760862418,0.0,-0.0084085950908,0.00852152477342,-0.999928337004,0.0,0.661678637493,0.260901541903,0.303393545346,1.0,-0.00112,-0.001472,0.057
0.465089663663,0.547373937003,-0.123985338499,-1.35600410252,0.0794871213576,1.8941388614,0.159148837855,0.000274320250408,-0.004260718105,-0.000469210926597,-0.00939704835492,0.000117018827461,-0.000691485265999,-0.000879316477047,0.573787416551,0.818989600774,0.00218662593064,0.0,0.818949519296,-0.573727886578,-0.0117789604231,0.0,-0.00839247940176,0.00854952013036,-0.999928233422,0.0,0.661652107232,0.260888490246,0.303424631201,1.0,-0.00148,-0.00194514285714,0.075
0.465075538694,0.547241329055,-0.123986047122,-1.3561878774,0.0794823306405,1.89420063055,0.159145992671,0.000836939789436,-0.0105535935061,0.00100871764926,-0.0108975350001,-0.00688199392785,0.0117773216727,-0.00416573627584,0.573806103333,0.81897647448,0.00219930154839,0.0,0.81893649876,-0.573746461989,-0.011779442037,0.0,-0.00838540587363,0.00856036885808,-0.999928199949,0.0,0.661629910802,0.260862080224,0.303436470258,1.0,-0.00178,-0.00233942857143,0.09
0.465055539801,0.547065352266,-0.123988555711,-1.3564081572,0.0794805345512,1.8943271625,0.159134871038,-0.00193841462889,-0.00985392706559,-0.000928065457686,-0.0125950495035,-0.00238788356734,0.00603830685473,-0.00122467386764,0.573827222926,0.818961473237,0.00227386965374,0.0,0.818922439583,-0.573767266986,-0.0117434315218,0.0,-0.00831290605246,0.00860098917763,-0.99992845673,0.0,0.661615181657,0.26083187376,0.30346734201,1.0,-0.00212,-0.00278628571429,0.107
0.465042193699,0.546894968028,-0.123986757752,-1.35658007144,0.0794774212693,1.89441921234,0.159129949711,-2.01675113085e-05,-0.015332986417,-0.000651518043298,-0.0154124853512,-8.51351792227e-06,0.00522258087511,0.000912587521697,0.573841733269,0.818951074802,0.00235566136125,0.0,0.818913073917,-0.573781440151,-0.0117039825419,0.0,-0.00823351283439,0.00864548196673,-0.999928729914,0.0,0.66160185781,0.260811672495,0.303514127863,1.0,-0.00238,-0.003128,0.12
0.465002731568,0.54662315369,-0.123983544404,-1.35695237589,0.0794692088525,1.89457823132,0.159108488933,-0.000638735676718,-0.0156119594381,0.00063205738604,-0.022137471296,-0.000230144757028,0.00683882167138,0.000808340023917,0.573872965267,0.818929020437,0.00241373624331,0.0,0.818891665776,-0.57381234245,-0.0116868419855,0.0,-0.00818582001376,0.00868351834249,-0.999928791895,0.0,0.66156536673,0.260756273423,0.303543118129,1.0,-0.0028,-0.00368,0.141
0.464965355845,0.546355960452,-0.12398605137,-1.35735217632,0.0794622127822,1.89471706975,0.159020016375,-0.00243909941854,-0.0130752531362,-0.00116766850456,-0.0252649996742,6.81755843062e-05,0.00518325824628,-0.00147320441015,0.573853310536,0.818942748795,0.00242880300348,0.0,0.818905437318,-0.573792473604,-0.0116973872134,0.0,-0.00818601916127,0.00870171189769,-0.999928632103,0.0,0.661519094181,0.26069443943,0.303554166168,1.0,-0.00314,-0.00412685714286,0.158
0.464932178944,0.546083365394,-0.123989243393,-1.35776768126,0.0794465694815,1.89486741242,0.158921525385,-0.000595248222914,-0.0205017707329,-0.000399469361492,-0.0257575324946,-0.00187492121615,0.00260727666822,-0.00303159449575,0.573821116365,0.818965273238,0.0024401937542,0.0,0.818928033064,-0.57376016056,-0.0117005007648,0.0,-0.00818237538173,0.00871250522503,-0.999928567942,0.0,0.661471174359,0.260632574772,0.303562554105,1.0,-0.00346,-0.00454742857143,0.174
0.464870677807,0.545742971402,-0.123987112567,-1.35834635357,0.0794278907009,1.89506592914,0.158902857491,-0.00503315334386,-0.0209026915128,-0.00625696433872,-0.0333808433309,0.000344532350181,0.00656232774309,-0.00311430535959,0.573882069776,0.818922637538,0.00241466750236,0.0,0.818884892129,-0.573821015396,-0.0117355287098,0.0,-0.00822506152377,0.00871231198207,-0.999928219415,0.0,0.661403487058,0.260539354404,0.303545263507,1.0,-0.00384,-0.00504685714286,0.193
0.464824146408,0.545428011812,-0.123986737779,-1.35889351576,0.0793509934967,1.89524253391,0.158829243112,-0.00242691729508,-0.0186869107027,0.000339011627749,-0.0328242480448,-0.0161591959733,0.00609630586832,-0.00437806489503,0.57386969205,0.818931519527,0.00234302627448,0.0,0.818893180008,-0.573809259209,-0.011732036626,0.0,-0.00826344350732,0.00865151505092,-0.999928430833,0.0,0.661337699634,0.260447510572,0.303522985984,1.0,-0.00416,-0.00546742857143,0.209
0.464761378805,0.545026595361,-0.12399235654,-1.35956468726,0.0792874742044,1.89546350321,0.158725349986,-0.00523435526067,-0.0312137076188,-0.000129000658667,-0.0402426620912,-0.000813873789947,0.0145198075539,-0.00340432573012,0.573860425364,0.818938169809,0.00228760402165,0.0,0.818899294028,-0.573800392339,-0.011738947708,0.0,-0.0083010040864,0.00861000061259,-0.999928478053,0.0,0.661259341455,0.260333057643,0.303506936619,1.0,-0.0045,-0.00591428571429,0.226
0.464696391529,0.544619324907,-0.123989934078,-1.36026362856,0.0792731671875,1.89570472229,0.158669527989,-0.00824602353035,-0.0201021387745,0.000428071533932,-0.0436792525418,-5.42892919701e-05,0.0126390956817,-0.00432122475664,0.573901404838,0.818909530556,0.00225946716491,0.0,0.818870002821,-0.573841177533,-0.0117884837198,0.0,-0.00835728727413,0.00861580313232,-0.999927959248,0.0,0.661174689003,0.260227922862,0.303483364624,1.0,-0.00484,-0.00636114285714,0.243
0.464636817857,0.544198707851,-0.123995633091,-1.36095957598,0.0792480408974,1.89594697327,0.158550773294,-1.49884184061e-05,-0.0330701927047,0.00123101455092,-0.0435976821618,0.000143599446134,0.0130637203226,-0.00529613823157,0.573889012763,0.818918270716,0.00223915578015,0.0,0.818878326184,-0.573828708356,-0.0118172447887,0.0,-0.00839262738195,0.0086155489587,-0.999927665445,0.0,0.661092257473,0.260120518141,0.303470963628,1.0,-0.00516,-0.00678171428571,0.259
0.464554360263,0.543690973159,-0.123998602424,-1.3618093054,0.0792105297007,1.89625932821,0.158463292256,-0.00136690501632,-0.0298719644479,-0.000520672581491,-0.0465731187558,-0.000212730234914,0.0230160682109,-0.0100695842394,0.573924413235,0.81889351565,0.002219193799,0.0,0.818853192532,-0.573864060583,-0.0118421262035,0.0,-0.00842408698464,0.00861384510319,-0.999927415581,0.0,0.660996644461,0.259985213988,0.30345294566,1.0,-0.00552,-0.00725485714286,0.277
0.464480296795,0.543166674754,-0.124007313974,-1.36264722248,0.0791601557763,1.89655018525,0.158353352583,-0.00347102261602,-0.0317367526019,-0.000307183892801,-0.05096858771,-0.000779898600053,0.0118833544228,-0.0114857270105,0.573934273686,0.818886662293,0.0021978869878,0.0,0.818846068406,-0.573874010366,-0.0118525686266,0.0,-0.00844476273011,0.00860249210944,-0.999927338916,0.0,0.660899623912,0.259850218703,0.303450505577,1.0,-0.00586,-0.00770171428571,0.294
0.464407493738,0.542681381188,-0.124012645612,-1.36342800171,0.0791069361918,1.89681800565,0.158257813536,-0.0034716180951,-0.0396389968464,-0.00764819686858,-0.0502407177045,-0.00117472066867,0.0160615260966,-0.0120690786866,0.573940822374,0.818882159003,0.00216540530745,0.0,0.818841150178,-0.573880695126,-0.011868674665,0.0,-0.00847652483048,0.00858520516207,-0.999927218741,0.0,0.660799148193,0.259720126504,0.303441383497,1.0,-0.00618,-0.00812228571429,0.31
0.464336702926,0.5420916538,-0.124013768036,-1.36435178025,0.0790619208921,1.89716097684,0.15813333016,-0.00276375184074,-0.0319947579776,-0.00122967255704,-0.0545787721291,-2.3683617428e-06,0.0203992773451,-0.00642277434949,0.573945813597,0.818878634738,0.00217520704953,0.0,0.818837657942,-0.57388554976,-0.0118748732077,0.0,-0.00847592325434,0.00859684072636,-0.999927123872,0.0,0.660692944425,0.259580153602,0.303447375993,1.0,-0.00652,-0.00856914285714,0.327
0.464260988627,0.541428181398,-0.124016251124,-1.3653736313,0.0790043698009,1.89753027763,0.15801024225,-0.00310384544554,-0.041289507989,0.000424205476265,-0.0583078619639,-0.00294492589867,0.0248626374598,-0.00612585447336,0.573948974556,0.8188763701,0.0021936268665,0.0,0.818835622212,-0.573888625939,-0.011866579739,0.0,-0.00845852708679,0.00860719680803,-0.99992718209,0.0,0.660580137219,0.259440617905,0.303467446457,1.0,-0.00686,-0.009016,0.344
0.464169157698,0.54080087972,-0.124009839344,-1.36633800654,0.0789392011059,1.89788893957,0.157873961645,-0.00417337971491,-0.0399103262268,0.0019132481034,-0.059632240503,-0.00423996795907,0.0236414448092,-0.00447380858936,0.573944160791,0.818879700847,0.00220969140655,0.0,0.818839186597,-0.573883774171,-0.01185525781,0.0,-0.00844008642262,0.00861380375114,-0.999927281019,0.0,0.660471603563,0.259291232467,0.303482726091,1.0,-0.00718,-0.00943657142857,0.36
0.464073663212,0.540065989648,-0.124016609191,-1.3674732905,0.0788760047456,1.89830598958,0.15772585976,-0.00880872800596,-0.0362811954617,-0.000667347746042,-0.0548682570307,-0.0045666793385,0.0328820338869,-0.00317265335804,0.573951814125,0.818874294956,0.00222508979534,0.0,0.818833953118,-0.573891337247,-0.0118506183238,0.0,-0.00842736921948,0.00862382899402,-0.999927301868,0.0,0.660341753575,0.259117199573,0.303498114983,1.0,-0.00754,-0.00990971428571,0.378
0.463996879993,0.539419667399,-0.124017972378,-1.3684888231,0.0788151792729,1.89868873433,0.15759647129,-0.00563890642101,-0.0415727727294,0.00125674903744,-0.0718677967563,-0.00159816477987,0.0315363514141,-0.0152275395989,0.573949686072,0.818875757523,0.0022357326049,0.0,0.818835555496,-0.57388916899,-0.0118449006998,0.0,-0.00841660135225,0.00862924052727,-0.999927345875,0.0,0.660223978498,0.25896977401,0.303504652558,1.0,-0.00784,-0.010304,0.393
0.463890627732,0.538712918809,-0.124018003973,-1.36957985576,0.0787557979118,1.89910796163,0.157472500142,-0.00497088166476,-0.0380903569638,-0.00198984651388,-0.0697471479406,-0.00196870071806,0.0314232873781,-0.0108281899161,0.573979713407,0.818854621744,0.00226802699867,0.0,0.81881479721,-0.57391902248,-0.0118334444285,0.0,-0.00838836832547,0.00864941763676,-0.999927408791,0.0,0.660104668051,0.258798213103,0.303520972947,1.0,-0.00816,-0.0107245714286,0.409
0.463781903879,0.537930372731,-0.124032060011,-1.37078335353,0.0786857104764,1.89957396055,0.157323616066,-0.00818411098501,-0.0427329206303,0.00067369829893,-0.0765498830814,-0.00197643181952,0.0221964419558,-0.00922697115474,0.574004496319,0.818837150964,0.00230332544169,0.0,0.818797851053,-0.573943733555,-0.0118074859892,0.0,-0.00834658968154,0.00866367477252,-0.999927634972,0.0,0.659974870238,0.258605983332,0.303541684936,1.0,-0.0085,-0.0111714285714,0.426
0.463681193555,0.537134287848,-0.124030795195,-1.37204623625,0.07861190755,1.90004930068,0.157173652613,-0.00565844801676,-0.0454475864172,0.00075282806574,-0.0760334402853,-0.00460941569106,0.0297432398954,-0.00993401964176,0.5740132092,0.818831021642,0.00231096564101,0.0,0.818791790368,-0.573952384107,-0.0118072733952,0.0,-0.00834193810595,0.00866989751058,-0.999927619853,0.0,0.65982789729,0.258421106359,0.303543862872,1.0,-0.00884,-0.0116182857143,0.443
0.46354743606,0.536189653752,-0.124039300189,-1.37352014297,0.0785227794889,1.90060550302,0.15698453239,-0.00553421598529,-0.0494221008817,-0.00104691670356,-0.0793116571543,-0.00543026165614,0.0345189662774,-0.0128678423499,0.574031160876,0.818818380709,0.00233080638237,0.0,0.818779449784,-0.573970301812,-0.0117920375718,0.0,-0.00831788361207,0.00867758045406,-0.999927753595,0.0,0.659663347835,0.258188679415,0.303557625432,1.0,-0.00922,-0.0121177142857,0.462
0.463447584239,0.535421168348,-0.124040387159,-1.37472323202,0.0784548831464,1.90104202729,0.156837295494,-0.00371511492779,-0.0536484387953,-0.00218935591686,-0.0869793525612,-0.00568408745637,0.0290807384299,-0.00689594340843,0.574040984074,0.818811483186,0.00233463216517,0.0,0.818772540598,-0.573980045128,-0.0117975191816,0.0,-0.00832007209064,0.008683959423,-0.999927680009,0.0,0.65952117378,0.258008094843,0.3035651891,1.0,-0.00952,-0.012512,0.477
0.463316300728,0.534479868594,-0.124042881935,-1.3762503628,0.0783823295463,1.90159653,0.156650028911,-0.00444281033448,-0.0476813980786,-7.54245117788e-05,-0.0865479687777,-0.00586795105556,0.0289621060328,-0.00630652061294,0.574061265264,0.818797314294,0.00231705178071,0.0,0.818757945513,-0.57400018548,-0.0118304957291,0.0,-0.00835695087506,0.008688701187,-0.999927331282,0.0,0.659340194546,0.257777026523,0.303550605129,1.0,-0.00988,-0.0129851428571,0.495
0.463202804827,0.533670001976,-0.12404815103,-1.37755507296,0.0782847644189,1.90207027048,0.156489067256,-0.00795037583313,-0.0531140143108,-0.000367751729211,-0.0877586904048,-0.01216538645,0.0308238442341,-0.0122057523153,0.574071329988,0.818790343297,0.00228663719511,0.0,0.818750737382,-0.574010531065,-0.0118273904506,0.0,-0.00837176043894,0.00866211842849,-0.999927438033,0.0,0.659188426934,0.257571270461,0.303542018091,1.0,-0.01018,-0.0133794285714,0.51
0.463071359129,0.532739170258,-0.124045734462,-1.37904527292,0.0782143630488,1.90263809022,0.156299040186,-0.00744869862509,-0.0597681136197,0.000217252319501,-0.0881452250431,-0.00084046859229,0.0366957246331,-0.0158475792383,0.574084446822,0.818781099544,0.00230344262936,0.0,0.818741529951,-0.574023392193,-0.0118405764579,0.0,-0.00837277146138,0.00868358211425,-0.999927243403,0.0,0.65901648213,0.25734848099,0.303538262367,1.0,-0.01052,-0.0138262857143,0.527
0.462948552639,0.531827782414,-0.124044260681,-1.3805075487,0.078129827206,1.90317987145,0.156121344301,-0.00593018322787,-0.0604021765453,-0.000253472518324,-0.0952747029515,-0.00808436958245,0.0309800444977,-0.0121026765717,0.574092751853,0.818775282216,0.00230139137515,0.0,0.818735649991,-0.57403166689,-0.0118460011052,0.0,-0.00837830267912,0.0086851017515,-0.999927183875,0.0,0.658833261232,0.257115371978,0.303537223084,1.0,-0.01086,-0.0142731428571,0.544
0.462818055612,0.530775681066,-0.124052085448,-1.38221893331,0.0780174768612,1.90378366887,0.155903612017,-0.00846247128993,-0.0557981686735,-0.00137684272213,-0.0962073739856,-0.00595723656614,0.0306256996524,-0.00888529272049,0.574092612542,0.818775543614,0.00224238830557,0.0,0.818735161826,-0.57403177815,-0.0118743153202,0.0,-0.00843535924182,0.00865304545451,-0.999926982094,0.0,0.65863414624,0.256872845505,0.303511072437,1.0,-0.0112,-0.01472,0.561
0.462670701932,0.529677792824,-0.124052228614,-1.38396166409,0.0779208758507,1.90441188127,0.15568103146,-0.00842109094269,-0.0595698473373,-5.42981843286e-05,-0.0954458941669,0.000173452008421,0.0317505386302,-0.00774502187034,0.574089590674,0.81877769659,0.00222987616147,0.0,0.818736996252,-0.574028647001,-0.0118991719006,0.0,-0.00846292670174,0.00865703951108,-0.999926714584,0.0,0.658411265361,0.256599574505,0.303504574291,1.0,-0.01158,-0.0152194285714,0.58
0.462538754676,0.528672051867,-0.124049973116,-1.38552393998,0.0778114469698,1.90499750601,0.155456678317,-0.00576655855801,-0.0625848533588,0.00128482931093,-0.098117473605,-0.00283222887344,0.0380564830997,-0.0123408854277,0.574077861731,0.818785866492,0.00224953412281,0.0,0.818745560681,-0.574016983432,-0.011872510214,0.0,-0.00842993507404,0.00865770804137,-0.999926987478,0.0,0.658241890543,0.256374513302,0.303524795529,1.0,-0.01188,-0.0156137142857,0.595
0.462388504288,0.527499627647,-0.124049981876,-1.387358302,0.0777040610498,1.90571092442,0.15520811538,-0.00764311222436,-0.0641988485955,7.10644423815e-07,-0.105084025301,-0.00887308360354,0.0444124425599,-0.0160347957739,0.574068012545,0.818792650101,0.00229347225146,0.0,0.818752907682,-0.574006954161,-0.0118507230685,0.0,-0.00838697740068,0.00868107525133,-0.999927146117,0.0,0.658030085818,0.256104284411,0.303538901635,1.0,-0.01224,-0.0160868571429,0.613
0.462254679928,0.526474384899,-0.124052207069,-1.38892105732,0.077603388458,1.90630384261,0.154988267715,-0.00895602038478,-0.0620002879706,-2.69169112006e-05,-0.106636888188,-0.00340836760932,0.0428768251583,-0.0121470416971,0.574056469102,0.818800621264,0.00233662193619,0.0,0.818761506741,-0.573995314172,-0.0118203760011,0.0,-0.00833748169327,0.00869886688796,-0.999927405422,0.0,0.657849406136,0.255866844487,0.30356800549,1.0,-0.01254,-0.0164811428571,0.628
0.462101908343,0.525297954493,-0.124058745535,-1.39076756005,0.0774934481597,1.90697604995,0.154749024815,-0.0106299135331,-0.0709651303219,0.000426155588763,-0.11042062346,-0.000611303146434,0.0458724300991,-0.00838650110824,0.574060142585,0.818798042436,0.00233779784995,0.0,0.818758914849,-0.573998953082,-0.0118232024972,0.0,-0.00833908209478,0.00870148967274,-0.999927369256,0.0,0.657627809008,0.255586653482,0.303575197715,1.0,-0.01288,-0.016928,0.645
0.461921595312,0.52398857196,-0.124063043606,-1.39285935547,0.0773678517718,1.90771795776,0.154457037136,-0.00831382586632,-0.0631309104096,0.0007076767787,-0.114130623235,-0.00490407306749,0.0437940406659,-0.0232865733387,0.574050210014,0.818805103928,0.00230327283899,0.0,0.818765453531,-0.573989078854,-0.0118497409908,0.0,-0.00838073630347,0.00868835381276,-0.999927135229,0.0,0.657372726652,0.25526454247,0.303564781998,1.0,-0.01326,-0.0174274285714,0.664
0.46178346145,0.522923827918,-0.124071286967,-1.39455428284,0.0772434740785,1.90835289531,0.154231846751,-0.00219003825781,-0.073087541953,0.000953239475419,-0.112841802777,-0.00279517423586,0.0401368677204,-0.0147503865668,0.574042101029,0.818810820061,0.00229218197331,0.0,0.818771235591,-0.573981231815,-0.0118303082753,0.0,-0.00837127616088,0.00866803457118,-0.99992739082,0.0,0.657172618241,0.255004738824,0.303561766816,1.0,-0.01356,-0.0178217142857,0.679
0.461610465892,0.521613778212,-0.124074461725,-1.3966296665,0.0771236262665,1.90917479447,0.153948377339,-0.0101312571979,-0.0686594189639,0.000845737083468,-0.112382600765,-0.00201702480662,0.0495579819176,-0.0176442524904,0.574033043477,0.818817035445,0.00233973550908,0.0,0.818778073032,-0.573971996067,-0.0118051579388,0.0,-0.00832348201884,0.00869244222834,-0.999927577925,0.0,0.656933600231,0.254696420909,0.303565851947,1.0,-0.01392,-0.0182948571429,0.697
0.461458953446,0.52051386566,-0.124081529902,-1.39840270334,0.0770192461888,1.90983799821,0.153711385342,-0.014366610808,-0.0733103094541,-0.00162310762364,-0.115837593666,-0.00583342623435,0.0408059145673,-0.0141044205714,0.574034672142,0.818815921967,0.00232980981897,0.0,0.818776811791,-0.573973643034,-0.0118125558924,0.0,-0.00833521989324,0.00868857818655,-0.999927513732,0.0,0.65672256038,0.254424891344,0.303552260848,1.0,-0.01422,-0.0186891428571,0.712
0.46129346009,0.519192294654,-0.124084838839,-1.4004533812,0.0768801149677,1.91056977693,0.153434207796,-0.00938379960824,-0.0783566231734,-0.00437784381234,-0.118013886443,-0.00438072762452,0.0401983262792,-0.0154902292058,0.574016881533,0.818828409379,0.00232435165045,0.0,0.81878930042,-0.573955950807,-0.0118065639416,0.0,-0.00833363495931,0.0086804884035,-0.999927597204,0.0,0.656469459465,0.254115463387,0.303567591365,1.0,-0.01456,-0.019136,0.729
0.4610957886,0.517675002202,-0.124088312342,-1.40281025386,0.0767306103933,1.91141363076,0.153109970808,-0.0100706593288,-0.0805739191263,0.00145942792572,-0.129088998555,-0.00163743097772,0.0490062031872,-0.0180087176914,0.574000192107,0.818840107231,0.00232489822301,0.0,0.818800998125,-0.573939253822,-0.011807001895,0.0,-0.00833385679906,0.00868101747799,-0.999927590762,0.0,0.656179442345,0.253757020879,0.30358384845,1.0,-0.01494,-0.0196354285714,0.748
0.4609307221,0.516516782596,-0.124100016684,-1.40469847237,0.0765999635116,1.91210600316,0.15285263285,-0.0168719093548,-0.077516515821,-0.00160611777683,-0.129201355497,-0.0154576052114,0.0463642251907,-0.0173525701851,0.573995892297,0.818843194027,0.0022991568987,0.0,0.81880391549,-0.573935225038,-0.0118005228753,0.0,-0.00834337134608,0.00865617698659,-0.999927726766,0.0,0.655939100272,0.253439922903,0.30357138112,1.0,-0.01526,-0.020056,0.764
0.460742005556,0.515058604595,-0.124103180668,-1.4070021202,0.0764622834831,1.91297926061,0.152534939273,-0.0120080575091,-0.0792282432409,-0.000261150765073,-0.128052591088,-0.00755026974407,0.0486523201145,-0.0266878017673,0.573978777764,0.818855180902,0.00230266972613,0.0,0.818815905637,-0.573918055163,-0.0118036238045,0.0,-0.00834407542417,0.00866065890622,-0.999927682081,0.0,0.655674692299,0.253116025289,0.303559837495,1.0,-0.0156,-0.0205028571429,0.781
0.460544342369,0.513649081386,-0.124099044393,-1.4092609841,0.0763269107703,1.91376297939,0.152227744317,-0.0130953087539,-0.0837529072889,0.00134438138632,-0.131160504568,-0.00329506808779,0.0425288284439,-0.0211556493391,0.573968164245,0.818862766614,0.00225006376325,0.0,0.818822647276,-0.573907482092,-0.0118499454648,0.0,-0.00841231266169,0.00864406103695,-0.999927253956,0.0,0.65538795487,0.25277066445,0.303540421576,1.0,-0.01594,-0.0209497142857,0.798
0.460360827032,0.512344783043,-0.124109505568,-1.41140788631,0.0761958550707,1.91451710219,0.151924441947,-0.0158957163015,-0.0836742789915,0.000128403408791,-0.134180008441,-0.00908391799322,0.0554047771936,-0.0182885651507,0.573954611075,0.818872477148,0.0021719796922,0.0,0.818831280898,-0.573894179215,-0.0118975370012,0.0,-0.00849624267237,0.00860729685283,-0.999926861476,0.0,0.655117812405,0.252436711262,0.303498093336,1.0,-0.01626,-0.0213702857143,0.814
0.460186415524,0.511064250363,-0.124104561304,-1.41343930405,0.0760772674479,1.91528106196,0.15163302655,-0.0103395228908,-0.0846760826575,0.00184672348721,-0.139384840911,-0.00841061246972,0.0588722703223,-0.0199174050557,0.57392967239,0.818889918887,0.00218604591692,0.0,0.818848811164,-0.573869091074,-0.0119011623588,0.0,-0.00849140118106,0.00862063728786,-0.999926787679,0.0,0.654869314269,0.252133775424,0.303494028217,1.0,-0.01656,-0.0217645714286,0.829
0.459992803722,0.509578092904,-0.124115714053,-1.41577690535,0.0759268574191,1.91616769833,0.151310366205,-0.0134066592395,-0.0931598179986,-0.000793970451977,-0.139001405349,-0.00658553140062,0.0512170227027,-0.0205331360595,0.573913306896,0.818901330737,0.00220762000861,0.0,0.818860611076,-0.573852750317,-0.0118771832514,0.0,-0.00845955522904,0.0086243726316,-0.999927025398,0.0,0.654587095422,0.251778492263,0.303498866659,1.0,-0.0169,-0.0222114285714,0.846
0.459783284825,0.508086018749,-0.124118354479,-1.41815309364,0.075773586666,1.91702026003,0.150968237699,-0.0141457000356,-0.0865395743746,-0.000447789550656,-0.144276632074,-0.00218141465183,0.0544826447937,-0.0299690409773,0.573888473886,0.818918818508,0.00217603657797,0.0,0.818877680915,-0.573828039892,-0.0118941681171,0.0,-0.00849185079173,0.00860799950607,-0.999926892735,0.0,0.654290260664,0.251410639774,0.303485770489,1.0,-0.01724,-0.0226582857143,0.863
0.459565515427,0.506560552764,-0.124117215274,-1.42055631373,0.0756252541807,1.91789173184,0.150644475551,-0.0103761140491,-0.0914242337138,0.000950492485915,-0.139880549304,-0.0140086390412,0.0627080063396,-0.0171585670122,0.573885160045,0.818921155963,0.00217032183082,0.0,0.818879877377,-0.573824682036,-0.0119049407644,0.0,-0.00850398734611,0.00860946746954,-0.999926776954,0.0,0.653991580718,0.251038973185,0.303484157381,1.0,-0.01758,-0.0231051428571,0.88
0.459348441509,0.504958862251,-0.124128060326,-1.42301808984,0.0754695185971,1.91884287208,0.150296952254,-0.013331275413,-0.0949243645695,-0.00274144666712,-0.144977050246,-0.00516439486053,0.052676776551,-0.0213863021312,0.573871260959,0.818930705231,0.00224115505239,0.0,0.818890461283,-0.573810617025,-0.0118547505087,0.0,-0.00842238278797,0.00863852743588,-0.999927217007,0.0,0.653698717939,0.250659029854,0.303514630338,1.0,-0.01792,-0.023552,0.897
0.459134113209,0.503393761795,-0.124131497759,-1.42534789104,0.0753198572271,1.91972722945,0.149978406742,-0.0200967611382,-0.0947019820516,-0.00167017508285,-0.142280074602,-0.0104339712116,0.0628902888955,-0.0225774776222,0.573867705274,0.818932923371,0.00233896636289,0.0,0.818894032149,-0.573806766301,-0.0117943189223,0.0,-0.00831680147327,0.00868391152341,-0.999927707634,0.0,0.653419531185,0.250296951709,0.303575665597,1.0,-0.01824,-0.0239725714286,0.913
0.458895365939,0.501707697608,-0.124133080169,-1.42785090297,0.0751582159816,1.92064956818,0.149631437815,-0.0155319391668,-0.0956515219548,-0.000967353557808,-0.14420036209,-0.00739758417661,0.0579657800271,-0.0208594373714,0.57386454074,0.818934888107,0.00242586537986,0.0,0.81889716905,-0.573803320882,-0.0117440354251,0.0,-0.00822578909774,0.00872618779389,-0.999928092435,0.0,0.653114780138,0.249901829105,0.303641331959,1.0,-0.01858,-0.0244194285714,0.93
0.45864514163,0.499867440388,-0.124133140725,-1.43061022256,0.074982163267,1.92161577877,0.14924018967,-0.0109765701684,-0.0987542203153,-0.00168180749691,-0.159506483205,-0.0098065890084,0.0564263413336,-0.018428221917,0.573841825559,0.818950683719,0.00246653137092,0.0,0.818913433679,-0.573780395726,-0.0117299839177,0.0,-0.00819118870908,0.00875119954705,-0.999928157886,0.0,0.652763202943,0.249472581617,0.303695668587,1.0,-0.01894,-0.0248925714286,0.948
0.458395892041,0.498199178527,-0.124136250825,-1.43323956256,0.0748249327487,1.92259938299,0.148865363478,-0.0162557129918,-0.0977382371953,0.00171978476915,-0.157544007071,-0.00694986372145,0.0518900254582,-0.0257079787173,0.573832677678,0.818957033846,0.00248629132392,0.0,0.818919980127,-0.573771112153,-0.0117270588588,0.0,-0.00817755264386,0.00876561199297,-0.999928143258,0.0,0.652440126764,0.249059555194,0.303692984439,1.0,-0.01928,-0.0253394285714,0.965
0.458128541458,0.496515380295,-0.124138838374,-1.4359132751,0.0746610811306,1.92355484021,0.148465327725,-0.011269586451,-0.09850308985,-0.000301225064138,-0.165661445793,-0.00884429954616,0.0605339714206,-0.0181295739057,0.573816959808,0.818968133557,0.00245759154367,0.0,0.818930605134,-0.573755392894,-0.0117541482564,0.0,-0.00821637464803,0.00875749515655,-0.999927896134,0.0,0.652104602917,0.248627215112,0.303676921291,1.0,-0.01962,-0.0257862857143,0.982
0.457891701635,0.495050105957,-0.124133981301,-1.43830802522,0.074509878663,1.92437177889,0.148128751308,-0.0153423958223,-0.0948758628797,0.00205208535823,-0.161220489565,-0.011553346801,0.0495703850164,-0.0175480550309,0.573811469973,0.818972260932,0.00236212881053,0.0,0.81893333668,-0.573750100045,-0.0118219995631,0.0,-0.00832677838584,0.008718192828,-0.999927326297,0.0,0.651792082457,0.248242197353,0.303628629124,1.0,-0.01992,-0.0261805714286,0.997
0.457609428007,0.493339049478,-0.124144021111,-1.44108518512,0.0743269206738,1.92539144271,0.1477371274,-0.0185464816963,-0.104541680079,0.00231719108894,-0.173399279736,-0.0121242663327,0.0647150205991,-0.0260933119471,0.573819282479,0.818966929587,0.00231218489266,0.0,0.81892742096,-0.573758172459,-0.0118400015356,0.0,-0.00837009587578,0.00868770006176,-0.999927230034,0.0,0.651448981256,0.247785410158,0.303586963886,1.0,-0.0212354285714,-0.0279094204082,1.014
0.457306889993,0.491344470871,-0.124152197634,-1.4442586342,0.0741339918498,1.92654767848,0.147292002837,-0.0175314643914,-0.110855352076,0.000351150682105,-0.178084736754,-0.0149365325161,0.0674781004663,-0.0261175373468,0.573815226187,0.818969827693,0.00229225318503,0.0,0.818929971131,-0.5737541027,-0.0118608144549,0.0,-0.0083986212006,0.00868327794386,-0.999927029261,0.0,0.65104795606,0.2472810736,0.303564985301,1.0,-0.0229737142857,-0.0301940244898,1.032
0.457002508146,0.489481874261,-0.124160962166,-1.44730787993,0.073943238179,1.92761165523,0.146850329549,-0.0245606330234,-0.125451906442,-0.000575330586702,-0.18968686963,-0.0100392000556,0.0694634392547,-0.0239674508131,0.573809294978,0.818974275937,0.00218523482198,0.0,0.818932901502,-0.573748472179,-0.0119306500114,0.0,-0.00851728429819,0.00863564482781,-0.999926438048,0.0,0.650653985381,0.246782584385,0.303501592522,1.0,-0.0245188571429,-0.0322247836735,1.048
0.456635244393,0.487156382947,-0.124185562445,-1.45089278672,0.0737138117023,1.92897785978,0.146334050503,-0.0165614331911,-0.135699504752,1.92234426557e-05,-0.203342977919,-0.0178569809658,0.0802322071146,-0.0307044549136,0.573818424863,0.818967653334,0.00226825525591,0.0,0.818927477004,-0.57375738776,-0.0118741020496,0.0,-0.00842323945409,0.00867128203776,-0.999926926283,0.0,0.650194107608,0.246161769768,0.303531093267,1.0,-0.0263537142857,-0.0346363102041,1.067
0.456270214092,0.484951767249,-0.1242072921,-1.45423072084,0.0735108735912,1.930242849,0.145818879048,-0.0250054344652,-0.141692203755,-0.00318794805104,-0.216594074758,-0.0184754219062,0.0796549034912,-0.0360606077069,0.573824858566,0.818962854566,0.00237095644581,0.0,0.8189241486,-0.573763561658,-0.0118051283579,0.0,-0.00830775315361,0.00871587740672,-0.999927504732,0.0,0.649792893212,0.245589430802,0.303583755089,1.0,-0.0278988571429,-0.0366670693878,1.083
0.455818275512,0.48220243844,-0.124244529924,-1.45851491346,0.0732418598721,1.93168415464,0.145183008988,-0.0239743823251,-0.140507292448,-3.1116050883e-05,-0.230198701069,-0.0114969503719,0.0803832609907,-0.0306717485868,0.57383668543,0.81895479214,0.00229211385675,0.0,0.81891491623,-0.57377554166,-0.0118631644093,0.0,-0.0084003982069,0.00868473237832,-0.999927001702,0.0,0.649263395687,0.244895670342,0.303577157183,1.0,-0.0296371428571,-0.0389516734694,1.101
0.455403510197,0.479736376405,-0.124268259676,-1.4623342654,0.0730106964027,1.93309040404,0.14461454927,-0.0238856646538,-0.152309359912,-0.000365984390836,-0.240219021634,-0.0204931434192,0.0867584043681,-0.0385866967057,0.573851978951,0.818943951322,0.0023361826913,0.0,0.81890461098,-0.573790621973,-0.0118451320398,0.0,-0.00836018047648,0.00871063094659,-0.999927113489,0.0,0.648788919524,0.244251032702,0.303591360402,1.0,-0.0311822857143,-0.0409824326531,1.117
0.454973867922,0.477165284029,-0.12428633493,-1.46625509536,0.0727674266613,1.93452732466,0.144052471101,-0.0245290215446,-0.159622112574,-0.000958643163108,-0.243649402674,-0.0127132090058,0.0923115811615,-0.0322869592314,0.573880902082,0.818923473404,0.00240869977354,0.0,0.818885059926,-0.57381924581,-0.0118101088027,0.0,-0.00828957663457,0.00875021262047,-0.999927355711,0.0,0.648298680814,0.243589957261,0.30363092085,1.0,-0.0327274285714,-0.0430131918367,1.133
0.454489844497,0.474283212251,-0.124305241246,-1.47065966302,0.0724939956308,1.93614548161,0.14341761822,-0.0288342787306,-0.173773296307,4.9487636405e-05,-0.26274654338,-0.0149492765597,0.0857169335836,-0.0406534559288,0.573909366573,0.818903287202,0.00248838711511,0.0,0.818865886194,-0.573847382404,-0.0117723845093,0.0,-0.00821264805937,0.00879410637078,-0.999927605432,0.0,0.647745345841,0.242847857024,0.303669523001,1.0,-0.0343691428571,-0.0451708734694,1.15
0.453977924099,0.471322420358,-0.12430742585,-1.47528018165,0.0722018911998,1.93773719523,0.142735898108,-0.0306432101355,-0.175629076929,0.00561433639475,-0.272087892854,-0.0180392335049,0.0988886179385,-0.038069664771,0.573913245783,0.81890073208,0.00243397107616,0.0,0.818862376542,-0.573851202904,-0.0118301356906,0.0,-0.00829112917767,0.00878272800683,-0.999927057773,0.0,0.647135662368,0.242069103948,0.303655144366,1.0,-0.0360108571429,-0.047328555102,1.167
0.45349879236,0.468368301912,-0.124304885579,-1.47970640713,0.0719228576247,1.93943541739,0.142025829715,-0.0302874660294,-0.185351249424,0.000803108127264,-0.277884932161,-0.0146039424402,0.112382612895,-0.0394546239358,0.573857285302,0.818939354593,0.00262611981789,0.0,0.818903534954,-0.573794579184,-0.0117272435086,0.0,-0.00809720381055,0.00888047390264,-0.999927783629,0.0,0.646582180636,0.241346514758,0.30373533956,1.0,-0.037556,-0.0493593142857,1.183
0.452916062715,0.464957478482,-0.124305274704,-1.48496212884,0.0715677322439,1.94128673765,0.141205708243,-0.0296537941786,-0.185103956403,0.00190634912316,-0.295506100719,-0.0121024600629,0.0946652917522,-0.0501909550404,0.573813547131,0.818970010247,0.00262342245016,0.0,0.818934119471,-0.573750816724,-0.0117326542961,0.0,-0.0081036572562,0.00888093711868,-0.999927727236,0.0,0.645890077449,0.240462616185,0.303747103503,1.0,-0.0392942857143,-0.0516439183673,1.201
0.452434177666,0.462204104224,-0.124317954312,-1.48927310137,0.071270863881,1.94277959721,0.140560495578,-0.0374623094048,-0.197253562639,-0.000351805243229,-0.309748958606,-0.0246082223613,0.104262897092,-0.0440251820627,0.573809092281,0.818973344302,0.00255613741792,0.0,0.818936587303,-0.573746615951,-0.0117657793415,0.0,-0.00816944174929,0.00884479590738,-0.999927512276,0.0,0.645316344505,0.239725302036,0.303722463348,1.0,-0.0406462857143,-0.0534208326531,1.215
0.451829764341,0.458772867034,-0.124318720462,-1.49462079693,0.0709101776502,1.94465186971,0.139763856088,-0.0319524949245,-0.201109294709,0.000755485195512,-0.317087039832,-0.0173691901407,0.114238689772,-0.0514910827952,0.573801504094,0.818978801886,0.00251055014518,0.0,0.818941366317,-0.573739105102,-0.0117993522084,0.0,-0.00822317686269,0.00882664935096,-0.999927232164,0.0,0.644602459331,0.238818672983,0.303701536265,1.0,-0.042288,-0.0555785142857,1.232
0.451172555696,0.455282005319,-0.12433826828,-1.50018232445,0.0705424374869,1.94660878933,0.138901782534,-0.0390569817634,-0.208612364628,-0.0026698138094,-0.333776751056,-0.0185815989727,0.117169373079,-0.0469045262782,0.573803483955,0.818977734003,0.00240414412091,0.0,0.81893881575,-0.573741385376,-0.0118653135752,0.0,-0.00833823118328,0.0087773741986,-0.999926713116,0.0,0.643865106207,0.237848001535,0.303625264293,1.0,-0.0439297142857,-0.0577361959184,1.249
0.450492260176,0.45152330702,-0.124384545257,-1.5058347873,0.0701467012209,1.94865985559,0.137987565973,-0.0379659122454,-0.235392044722,-0.00265433232844,-0.338151291803,-0.0204325454076,0.133953887621,-0.055610801577,0.573794720789,0.818983547548,0.00251279560735,0.0,0.818946397932,-0.573732590122,-0.0117668707476,0.0,-0.00819535860219,0.00880978284218,-0.999927609292,0.0,0.643137861257,0.236842197679,0.303694729712,1.0,-0.0455714285714,-0.059893877551,1.266
0.449742407399,0.447425225877,-0.1244191721,-1.51204115913,0.0697265663292,1.95082673856,0.137071517423,-0.040093327299,-0.23388180455,-0.00236706281859,-0.352622608523,-0.025418317425,0.110997167317,-0.0482474989496,0.573848571718,0.818945701386,0.00254986660399,0.0,0.818909081403,-0.573786349867,-0.011742572253,0.0,-0.00815360740064,0.00882673717608,-0.999927801092,0.0,0.642311241985,0.235743146255,0.303739541009,1.0,-0.0473097142857,-0.0621784816326,1.284
0.449006584141,0.443470254424,-0.124438702834,-1.51813352981,0.0693047002363,1.95288760655,0.136154210835,-0.0386248608651,-0.232761456182,-0.00161868760999,-0.356778510729,-0.0306771086938,0.125479848719,-0.058665100342,0.573869710998,0.818931124216,0.0024729515744,0.0,0.818893426763,-0.573807687005,-0.011791557968,0.0,-0.0082376338,0.00879207102691,-0.999927417804,0.0,0.641475219142,0.234667731309,0.303727317446,1.0,-0.0489514285714,-0.0643361632653,1.301
0.448246587915,0.439442200799,-0.124438447717,-1.52435734792,0.0688770284393,1.95510856698,0.135123937039,-0.0461714144527,-0.241895377288,0.0032674323629,-0.366521223444,-0.0291162816855,0.135240956441,-0.0605859026586,0.57380569507,0.818975947753,0.00248358788283,0.0,0.818938362283,-0.573743611312,-0.0117887302963,0.0,-0.00822990233745,0.00879851537371,-0.999927424784,0.0,0.640634602937,0.233584777003,0.303712153132,1.0,-0.0505931428571,-0.066493844898,1.318
0.447426097703,0.435264412143,-0.124457032427,-1.53069282697,0.0684604729782,1.9573752369,0.134097506088,-0.0502066929301,-0.256904624317,-0.00205927701208,-0.368039734306,-0.0203285135798,0.129772304789,-0.061173585584,0.573813814939,0.818969981065,0.00257348022653,0.0,0.818933486388,-0.57375131457,-0.011752480729,0.0,-0.00814854814191,0.00885141535334,-0.999927624186,0.0,0.639789070567,0.232446939141,0.303746308512,1.0,-0.0522348571429,-0.0686515265306,1.335
0.446575167937,0.430989052028,-0.124483180924,-1.53720008734,0.0679828966538,1.95970358606,0.133062889359,-0.0496045943455,-0.247677953978,0.00208723471421,-0.391499477365,-0.0338841420796,0.133074904634,-0.0625590859494,0.573831421972,0.818957485606,0.00262351443432,0.0,0.818921983305,-0.573769113771,-0.0116848724608,0.0,-0.00806427748054,0.00885377108607,-0.999928286512,0.0,0.638918519829,0.231262586134,0.303766529731,1.0,-0.0538765714286,-0.0708092081633,1.352
0.445699522714,0.426585499972,-0.124525334637,-1.5440429466,0.0674846016948,1.96189946136,0.13195764648,-0.0516740251914,-0.260714788585,-0.00273348113345,-0.402243674385,-0.0294750505757,0.142347477013,-0.0718044710992,0.573827227518,0.818961123806,0.00239531940823,0.0,0.818922575927,-0.573765670675,-0.0118117184743,0.0,-0.00829914597333,0.00873963506934,-0.99992736884,0.0,0.637940029856,0.230006126066,0.30369922276,1.0,-0.0555182857143,-0.0729668897959,1.369
0.444897502448,0.422609618891,-0.124572573117,-1.55010273756,0.0670455840929,1.96397271803,0.130949680303,-0.0534756675382,-0.263191315482,-0.00407206939244,-0.404564398042,-0.0296442520193,0.139928348484,-0.0678741702206,0.573827106173,0.818961304834,0.00236226725971,0.0,0.818922498669,-0.573765855532,-0.0118080947134,0.0,-0.00831514445115,0.00871048632952,-0.999927490271,0.0,0.63710243827,0.228881623916,0.303698569143,1.0,-0.0569668571429,-0.0748707265306,1.384
0.444002025422,0.418240894331,-0.124582578063,-1.5566503086,0.0666021539315,1.96629434315,0.12992996027,-0.0576071509504,-0.272692882984,-0.000537191398143,-0.409540181544,-0.0223754034996,0.154347372292,-0.0656438490487,0.573883871311,0.818921179888,0.00247997608174,0.0,0.818883824322,-0.573822087152,-0.0117576129226,0.0,-0.00820565118018,0.00877848573251,-0.999927800132,0.0,0.636204580458,0.227684971163,0.303748507991,1.0,-0.058512,-0.0769014857143,1.4
