position_joint1,position_joint2,position_joint3,position_joint4,position_joint5,position_joint6,position_joint7,velocity_joint1,velocity_joint2,velocity_joint3,velocity_joint4,velocity_joint5,velocity_joint6,velocity_joint7,ee_T_00,ee_T_10,ee_T_20,ee_T_30,ee_T_01,ee_T_11,ee_T_21,ee_T_31,ee_T_02,ee_T_12,ee_T_22,ee_T_32,ee_T_03,ee_T_13,ee_T_23,ee_T_33,v_x,v_y,time
0.465078975406,0.547581879198,-0.123993549779,-1.35573330571,0.079419025579,1.89409791438,0.159161522015,0.000387425472256,-0.000390439218831,0.000155139501657,0.000588218284969,-0.000168068406884,-0.000258148156369,0.00073935981091,0.573779560331,0.818995192308,0.0021536069944,0.0,0.818955549723,-0.573721039946,-0.0116928526145,0.0,-0.00834098102088,0.00847299136348,-0.999929315728,0.0,0.661709027106,0.26089226802,0.303402813651,1.0,0.0,0.0,0.0
0.465071592943,0.547581192426,-0.123991576571,-1.35573588801,0.0794190256331,1.89409791292,0.159163778919,-0.000897538603759,-0.000470677046937,-2.59946672685e-05,-0.000346433824332,5.35891339016e-05,-7.9103514889e-05,0.00119774200902,0.573786216102,0.818990532094,0.00215254561742,0.0,0.818950863971,-0.573727686961,-0.0116948927625,0.0,-0.0083431920605,0.00847336049749,-0.999929294154,0.0,0.661709925763,0.260888227016,0.303402005513,1.0,-0.00018,-0.000236571428571,0.01
0.465075865826,0.547569106663,-0.123994497588,-1.35574180966,0.0794196228414,1.89409709912,0.159158934278,-0.000643755674261,-0.00200382557538,-0.000792802095889,0.000741876207115,3.49913785372e-05,0.000336932395216,0.000280945482919,0.573786528794,0.818990307228,0.00215474854,0.0,0.818950679037,-0.573728002842,-0.0116923462461,0.0,-0.00833983923556,0.0084737066911,-0.99992931919,0.0,0.661710291538,0.260887578834,0.303403929851,1.0,-0.0004,-0.000525714285714,0.021
0.465081125979,0.54756198912,-0.123994532989,-1.35574577497,0.0794203475747,1.8940974533,0.159163975054,0.000812172517074,-0.00313870494817,3.29296007299e-05,0.000683718562621,0.00020845318257,6.09530591876e-06,0.000607380973074,0.573781486263,0.818993823722,0.00216093218992,0.0,0.818954256431,-0.573722917991,-0.0116912850753,0.0,-0.00833547443021,0.00847811077156,-0.999929318254,0.0,0.661706192768,0.260892086772,0.303410963742,1.0,-0.00076,-0.000998857142857,0.039
0.465080076938,0.547486339364,-0.123989243469,-1.3558114383,0.0794174308978,1.89410614304,0.159164380493,-0.000404447832638,-0.00277639034095,0.000239122413727,-0.00405132218492,-0.000324389252369,4.89622869189e-05,0.000836482537781,0.573781716315,0.818993611513,0.00218018924701,0.0,0.818954239184,-0.573723019792,-0.0116874969544,0.0,-0.00832132079296,0.00849171077975,-0.999929320736,0.0,0.661694094186,0.260887771891,0.303433873566,1.0,-0.00108,-0.00141942857143,0.055
0.465080742273,0.547349411174,-0.12398672901,-1.35597302547,0.0794162076123,1.89414047264,0.159159178714,0.00040713280138,-0.00487670034743,0.00227873981726,-0.00776726586463,-9.23767226502e-05,0.000720654875019,0.000245346873914,0.573783642724,0.818992220988,0.00219549653177,0.0,0.818952927206,-0.573724765937,-0.0116937108157,0.0,-0.00831760759843,0.00850783210227,-0.999929214593,0.0,0.6616668301,0.26087441747,0.303456852987,1.0,-0.00142,-0.00186628571429,0.072
0.465063071228,0.547197767571,-0.123997377224,-1.35617839004,0.0794120905126,1.89419891068,0.159156351144,-0.000536003345634,-0.00948540098786,-0.00623263682371,-0.0159142144369,0.000215853537153,0.00463334534196,0.00162838384559,0.573813492034,0.818971289375,0.00220237140985,0.0,0.81893204343,-0.573754543516,-0.0116952528794,0.0,-0.00831461580939,0.0085146503474,-0.999929181439,0.0,0.661642690089,0.260837477482,0.303471938514,1.0,-0.00176,-0.00231314285714,0.089
0.465048817052,0.547006743006,-0.123992547394,-1.35639773189,0.0794055575578,1.89433299786,0.159146801997,-0.000712147498816,-0.0129561342557,-0.00129370632248,-0.012914658352,-1.7116209133e-05,0.00882441407126,0.00129095639765,0.573824772088,0.81896312801,0.00229625769904,0.0,0.818925084668,-0.573765459989,-0.0116468676369,0.0,-0.00822100007622,0.00856388907929,-0.999929534998,0.0,0.661627160226,0.260815376934,0.303514319683,1.0,-0.00212,-0.00278628571429,0.107
0.465023745593,0.546796264217,-0.12399177584,-1.35665604931,0.0793978683038,1.89446189074,0.159127967467,-0.000186373939123,-0.0124278576115,-0.000527738499215,-0.0149266120132,-0.000268099263694,0.00140046880945,-0.00243002648249,0.573841889134,0.818950925842,0.00236943870619,0.0,0.818913801394,-0.573782280785,-0.0116115048121,0.0,-0.00814986758144,0.00860369956297,-0.99992977554,0.0,0.661605975038,0.260778853826,0.303551599621,1.0,-0.00248,-0.00325942857143,0.125
0.464991036462,0.546573456802,-0.12399233012,-1.35695594551,0.0793895988653,1.89458591001,0.159107238252,-0.00467197752835,-0.0170994043018,2.68216343373e-05,-0.0232502051892,-0.000479952398037,0.0107000971705,-0.0044148481825,0.573866697782,0.818933409663,0.00241466699823,0.0,0.818896806604,-0.573806858188,-0.011595539285,0.0,-0.00811057819349,0.00863182312169,-0.999929852615,0.0,0.661576919797,0.260731306439,0.303577426797,1.0,-0.0028,-0.00368,0.141
0.464947393707,0.546301019382,-0.123987459909,-1.35738396365,0.0793729695052,1.89473540244,0.158991687033,-0.00732407617787,-0.0212540604392,0.000453958366874,-0.0266498734238,-0.000871084575199,0.0110018485653,-0.00371354903121,0.573823886663,0.818963402245,0.00241656340008,0.0,0.818926701769,-0.573763915833,-0.0116091738867,0.0,-0.00812110802071,0.00864077593717,-0.999929689826,0.0,0.661526913921,0.260665479776,0.303579416583,1.0,-0.00316,-0.00415314285714,0.159
0.464908360322,0.546025398575,-0.123991720344,-1.35783705724,0.0793437831605,1.89488978799,0.1589396645,-0.00226653610115,-0.0161056100192,0.000156479096027,-0.0305996982691,-0.00245137136358,0.00720174607718,0.0017866028293,0.573833767462,0.818956543288,0.00239466621039,0.0,0.818919575322,-0.573773890209,-0.0116189057272,0.0,-0.00814153867372,0.00862852560915,-0.999929629471,0.0,0.661473778813,0.260592780503,0.303572410956,1.0,-0.0035,-0.0046,0.176
0.464858405204,0.54575349863,-0.12399494506,-1.35828614034,0.0792907222305,1.89504787741,0.158913866706,-0.00316991643051,-0.0157073604198,-0.000915190278799,-0.0322600764168,-0.005188161613,0.0130006469551,-0.00434604222781,0.573866804465,0.818933486854,0.00236257143454,0.0,0.818896332376,-0.573807279677,-0.0116081657592,0.0,-0.00815081190166,0.00859640758015,-0.999929830559,0.0,0.661426114461,0.26051027122,0.303564907181,1.0,-0.0038,-0.00499428571429,0.191
0.464800781165,0.545397089952,-0.123997395185,-1.35890188607,0.0792346084126,1.89525286492,0.158821530099,-0.00149075257627,-0.0199878069727,-0.000601683534242,-0.0357229119234,-0.000113870294671,0.0101739100811,-0.00828667558675,0.573859513556,0.818938760145,0.0023049369752,0.0,0.818901000208,-0.57380034407,-0.0116216997442,0.0,-0.00819504452984,0.00855690290317,-0.999929807865,0.0,0.661353702607,0.260407155458,0.303541926152,1.0,-0.00416,-0.00546742857143,0.209
0.464733994262,0.545024109972,-0.123990346209,-1.35953292203,0.0792283971548,1.89546380902,0.158724742141,-0.0057133362249,-0.025154168136,0.0013156117279,-0.0385855921931,0.000908417614424,0.011724628138,0.000936246386684,0.573863504223,0.818936022185,0.00228407315887,0.0,0.818897644,-0.573804048023,-0.0116751884698,0.0,-0.00825078083223,0.00857055170592,-0.999929232626,0.0,0.661276743964,0.260310374854,0.303523666369,1.0,-0.00448,-0.005888,0.225
0.464671246832,0.544639538046,-0.124003852957,-1.36018821028,0.0792000256437,1.89568034271,0.158679894172,-0.00565524659743,-0.0253880907293,-0.00102702771271,-0.0431006777944,-0.00132949820896,0.0121832794887,-0.00353906239867,0.573916529303,0.818898984193,0.00224008520308,0.0,0.818859967381,-0.573857159636,-0.0117073078078,0.0,-0.0083017733743,0.00855349824218,-0.99992895659,0.0,0.6612004629,0.260198429445,0.303503160775,1.0,-0.0048,-0.00630857142857,0.241
0.464608700581,0.544207560808,-0.124004532825,-1.36092054585,0.0791628819728,1.89594060497,0.158564223028,-0.00343326217209,-0.025808579692,0.000447859132978,-0.0433389932684,-0.00228307340967,0.0133724003933,-0.00383422437505,0.573906514831,0.818906079363,0.00221185835319,0.0,0.818866596453,-0.573847150323,-0.011734231202,0.0,-0.0083401252283,0.0085457331867,-0.999928703836,0.0,0.661108626835,0.260077600668,0.303487324561,1.0,-0.00516,-0.00678171428571,0.259
0.464539056062,0.543710167465,-0.124007621307,-1.36171318014,0.0791239987842,1.89622488603,0.158474037288,-0.00297562408337,-0.0311763297062,0.000189119870144,-0.0457202504018,-0.00335087077021,0.0154117883526,-0.00161324907345,0.57392357055,0.818894148878,0.00220340690723,0.0,0.818854491276,-0.573864169601,-0.011746653397,0.0,-0.00835497031968,0.00854611544094,-0.99992857664,0.0,0.661022278139,0.259964694499,0.30348225869,1.0,-0.00548,-0.00720228571429,0.275
0.464467090992,0.543228828481,-0.124013057587,-1.3624984103,0.0790683349925,1.89649319083,0.158374496222,-0.00740258623558,-0.0267425391924,4.22370181751e-05,-0.0489330114778,-0.00291754323583,0.0196636134324,-0.00564293858096,0.573933573865,0.818887234696,0.00216715118908,0.0,0.818847169627,-0.573874375201,-0.0117584515491,0.0,-0.00838533478243,0.00852329983796,-0.999928517205,0.0,0.660930766029,0.25983629019,0.303472431152,1.0,-0.0058,-0.00762285714286,0.291
0.464394531478,0.542640966819,-0.124016897984,-1.36344681956,0.0790137304919,1.89681441741,0.158242618374,-0.00751163623105,-0.0348688718133,-0.000981233414136,-0.0596820351773,-0.000336261157326,0.0164163103005,-0.000210051677684,0.573925722174,0.81889282322,0.00213457446963,0.0,0.818852280323,-0.57386659521,-0.0117822244559,0.0,-0.00842358024539,0.00851018669908,-0.999928307439,0.0,0.660814635336,0.259694216963,0.303464774184,1.0,-0.00616,-0.008096,0.309
0.464323911171,0.542057156167,-0.12401230816,-1.36436001433,0.0789660529636,1.89716143862,0.158136143287,-0.00609566656197,-0.0324325940651,0.000570188045931,-0.0587038536045,-0.000314349524364,0.015928305059,-0.00606488310878,0.573931235844,0.818888908307,0.0021538978678,0.0,0.818848531208,-0.573871946749,-0.0117821294345,0.0,-0.00841235551158,0.00852601236479,-0.999928267121,0.0,0.660708691915,0.259565318356,0.303472911784,1.0,-0.0065,-0.00854285714286,0.326
0.464254714372,0.541467863313,-0.124020103647,-1.36525878681,0.0789073620305,1.89748638458,0.158004519211,-0.00711359771016,-0.0392778457653,-0.000312490994326,-0.0588372383309,-0.000943143029968,0.0197147744354,-0.00511010250943,0.573919728649,0.818896948593,0.00216322765585,0.0,0.818856751039,-0.573860463991,-0.0117701337353,0.0,-0.0083972974481,0.00852664969401,-0.999928388256,0.0,0.660604754104,0.259428693003,0.303490180382,1.0,-0.00682,-0.00896342857143,0.342
0.464169879506,0.540860157923,-0.124014843707,-1.36620570843,0.0788557260883,1.89784590424,0.157867726239,-0.00591325973092,-0.0357547984159,-0.00497408227707,-0.0599445813828,-0.000841126823589,0.0237454661743,-0.0189505988939,0.573912276394,0.818902115494,0.00218429501254,0.0,0.818862118167,-0.573852856662,-0.0117676349794,0.0,-0.00838323864954,0.00854239108694,-0.999928371867,0.0,0.660497614176,0.2592873243,0.303500059304,1.0,-0.00714,-0.009384,0.358
0.464088952793,0.540198957954,-0.124018949731,-1.36720810261,0.0787938169484,1.8982085021,0.157743319425,-0.00469907059079,-0.0450387185622,0.000159977570643,-0.0615139244808,-0.00129468593927,0.0176105441081,-0.00809701711416,0.573918441205,0.818897749747,0.00220118290434,0.0,0.818857984857,-0.573858969214,-0.0117571676262,0.0,-0.00836491061042,0.00855027613369,-0.999928457965,0.0,0.660381226169,0.25913578258,0.303521811376,1.0,-0.00746,-0.00980457142857,0.374
0.463994101397,0.539524812288,-0.124018602268,-1.36826105651,0.0787339815727,1.89861251054,0.157617855457,-0.00476724354351,-0.0416119767176,0.000769843751605,-0.0681084834594,-0.00760596487958,0.0227133733259,-0.014486951829,0.573935491755,0.818885739047,0.00222364365275,0.0,0.818846240596,-0.573875906049,-0.0117484304908,0.0,-0.00834468733021,0.00856382835679,-0.999928510963,0.0,0.660264049669,0.258974947535,0.303532008045,1.0,-0.00778,-0.0102251428571,0.39
0.463879524528,0.538769143714,-0.124019037422,-1.36943608601,0.0786657166914,1.89905729138,0.1574804108,-0.0127459228423,-0.0460255443735,0.00133860126961,-0.0687696460667,-0.00467301002406,0.0296444495759,-0.0104889074677,0.573963803989,0.818865834782,0.0022457155415,0.0,0.81882660479,-0.573904112379,-0.0117391645208,0.0,-0.0083241356359,0.00857687228756,-0.999928570463,0.0,0.660134464863,0.258788631418,0.303545140321,1.0,-0.00812,-0.010672,0.407
0.46377475671,0.538042451092,-0.124029751116,-1.37056215043,0.0786026184513,1.89949353591,0.157332177374,-0.0041674639986,-0.0459253924226,-0.000346779054962,-0.0661478178299,-0.00586364004137,0.0355943324705,-0.0127078194524,0.573982288156,0.818852794739,0.0022760342598,0.0,0.818813996241,-0.573922519364,-0.0117187127184,0.0,-0.00828979294784,0.00859014763514,-0.999928741809,0.0,0.660004766146,0.258601238187,0.30355841743,1.0,-0.00846,-0.0111188571429,0.424
0.46365959293,0.53720029698,-0.124039246173,-1.37190323738,0.0785246631627,1.89999284629,0.157170652261,-0.00588450569613,-0.0413687791836,-0.000308362228541,-0.0729458423256,-0.000282760348427,0.0273349343195,-0.0198074226897,0.574002917719,0.818838337825,0.00227461206033,0.0,0.818799515313,-0.573943145958,-0.0117203170557,0.0,-0.00829170657601,0.0085901128254,-0.999928726242,0.0,0.659860397309,0.258400152655,0.303560521597,1.0,-0.0088,-0.0115657142857,0.441
0.463545241474,0.536369324614,-0.124042460397,-1.37319379336,0.0784431694946,1.90048333122,0.157009979716,-0.00647692002759,-0.048827147535,-0.000798337556734,-0.0794644343745,-0.00549992675204,0.0325567717416,-0.00843432457158,0.574016496377,0.818828755898,0.00229723799694,0.0,0.818790277263,-0.573956690783,-0.011702387224,0.0,-0.00826389515863,0.00859848499752,-0.999928884518,0.0,0.659715661954,0.258200656586,0.303575466883,1.0,-0.00914,-0.0120125714286,0.458
0.463432889762,0.535553313886,-0.124054287048,-1.3744838441,0.0783693642416,1.90095187446,0.156851550975,-0.00630064658321,-0.0476063081519,0.000636619071275,-0.0807621122383,-0.00882018611407,0.0293461197339,-0.00710215963617,0.574038146957,0.818813593975,0.00229151933177,0.0,0.818775035688,-0.573978354273,-0.0117062659476,0.0,-0.00827012642327,0.00859624753938,-0.999928852238,0.0,0.659567001118,0.257997115268,0.303578332976,1.0,-0.00946,-0.0124331428571,0.474
0.463312791585,0.5346487419,-0.124050101602,-1.37590337523,0.0782973040314,1.90147638054,0.156683233892,-0.0101364644041,-0.0452240688463,0.000576170987143,-0.0866225168786,-0.0055746102665,0.0390997779223,-0.00987682228576,0.574054289949,0.818802231643,0.00230749825084,0.0,0.818763724017,-0.573994272748,-0.0117169103577,0.0,-0.00826950078198,0.00861560439387,-0.999928690816,0.0,0.659399693487,0.257787645438,0.30358624215,1.0,-0.0098,-0.01288,0.491
0.463190991397,0.533746474487,-0.124060918287,-1.3773793682,0.0781989336114,1.90200648775,0.156502614954,-0.00390386557023,-0.0542259106791,-0.000419823517709,-0.088795887247,-0.0120874332099,0.0373381668737,-0.00712036238739,0.574068131244,0.818792655624,0.00226156740105,0.0,0.81875364148,-0.574008377348,-0.0117304816419,0.0,-0.00830683351344,0.00858592752552,-0.999928636636,0.0,0.659225272641,0.257557769429,0.303566412923,1.0,-0.01014,-0.0133268571429,0.508
0.463066856248,0.532821858021,-0.124053839781,-1.37885971727,0.0781268534972,1.90257256726,0.156316991403,-0.00527434724812,-0.0508590074,-0.000382524121517,-0.0845604439957,0.000317386236907,0.0283247216189,-0.0117869308063,0.574074579598,0.818788084145,0.0022797418021,0.0,0.81874912352,-0.574014567618,-0.0117429042046,0.0,-0.00830650495711,0.0086080051276,-0.999928449552,0.0,0.65905229155,0.257343212591,0.303562671302,1.0,-0.01048,-0.0137737142857,0.525
0.462948872769,0.531907977321,-0.12405634949,-1.38032533462,0.0780401474725,1.90311942881,0.156132863629,-0.00833666339512,-0.056702866041,0.000850477934513,-0.0923035729054,-0.0103296973147,0.0361960683552,-0.0082260994305,0.574078958295,0.818785028263,0.00227465104289,0.0,0.818745981905,-0.574018944665,-0.0117479862485,0.0,-0.00831354252288,0.00860679881678,-0.999928401449,0.0,0.658879659371,0.257125112665,0.303556800202,1.0,-0.0108,-0.0141942857143,0.541
0.462811461326,0.530845267871,-0.124054226411,-1.38203163816,0.0779273860831,1.90372709714,0.155911717968,-0.00794818860523,-0.0610976338482,0.000514126150741,-0.100557093574,-0.00725625206911,0.0255524983509,-0.0100252797299,0.574071387627,0.818790434573,0.00223898651122,0.0,0.818750940587,-0.574011526523,-0.0117648463093,0.0,-0.00834790028004,0.00858719928822,-0.999928283713,0.0,0.658671894572,0.25687024684,0.303546144251,1.0,-0.01116,-0.0146674285714,0.559
0.462674286895,0.52982757766,-0.124061647977,-1.38366883264,0.0778347857114,1.90430515859,0.155701257013,-0.00896042429151,-0.0663227521116,-0.00191019330317,-0.0973571395931,-0.0120303838984,0.0306032606165,-0.01074303597,0.574080592313,0.818784072192,0.00220534673342,0.0,0.818744056928,-0.574020773101,-0.0117927178747,0.0,-0.00838993625904,0.00857575010369,-0.99992803015,0.0,0.658473685554,0.256618871179,0.303534194868,1.0,-0.0115,-0.0151142857143,0.576
0.462534173422,0.52882938928,-0.124059103599,-1.38523421257,0.0777255223865,1.90488877614,0.155478090296,-0.0159600340927,-0.0632293317953,-0.00246441885625,-0.100700429437,-0.00655487763976,0.0436756664334,-0.0194006017989,0.574066283705,0.818794087915,0.00221142697368,0.0,0.818754249948,-0.574006543322,-0.0117776617428,0.0,-0.00837426748213,0.00857193877699,-0.999928194177,0.0,0.658291809964,0.256377339456,0.303542575343,1.0,-0.01182,-0.0155348571429,0.592
0.462400134203,0.527739725595,-0.124056328872,-1.38695207193,0.0776275524299,1.90555322451,0.15524775872,-0.00649921067085,-0.0625680839783,0.00102547777436,-0.100927611912,-0.00700626299621,0.0406830377012,-0.0143663928354,0.574052331368,0.818803780203,0.00224438802281,0.0,0.818764316496,-0.573992410942,-0.0117666102018,0.0,-0.00834644391604,0.00859244027522,-0.999928250848,0.0,0.658090110571,0.256130349516,0.303549592901,1.0,-0.01216,-0.0159817142857,0.609
0.462240968373,0.526593437688,-0.124059554561,-1.3887070082,0.0775116422753,1.9062214083,0.154999823539,-0.0114246226282,-0.061616553033,-0.00183063875875,-0.0999338507546,-0.00215052461872,0.0385470050172,-0.0168408838672,0.574045531794,0.818808424965,0.00228856628732,0.0,0.818769636472,-0.57398554991,-0.0117310607949,0.0,-0.00829204708133,0.00860813735296,-0.999928568412,0.0,0.65789022479,0.255857081307,0.303579004404,1.0,-0.0125,-0.0164285714286,0.626
0.462104792097,0.525491357985,-0.124073738137,-1.39043813265,0.0774066709499,1.9068456808,0.154761871012,-0.0100676228744,-0.0714099648828,-0.000353420226148,-0.109072045897,-0.0110677970214,0.0365765871687,-0.0142116131208,0.574037146449,0.818814323891,0.00228131277606,0.0,0.818775459605,-0.573977211895,-0.0117325988106,0.0,-0.00829755816963,0.00860299609273,-0.999928566942,0.0,0.657681467862,0.255593639691,0.303584934577,1.0,-0.01282,-0.0168491428571,0.642
0.461953899061,0.524310243519,-0.124082258054,-1.39230074091,0.0772783083372,1.90750881775,0.154509789688,-0.00901622544071,-0.0727425631593,-0.00127562097365,-0.112363348047,-0.00183622767617,0.0319416827006,-0.0117934724733,0.57402564212,0.818822460235,0.00225559388797,0.0,0.818783371911,-0.573965919432,-0.0117328647007,0.0,-0.00831265916454,0.00858197319258,-0.999928622169,0.0,0.657454868716,0.255308160429,0.303586739142,1.0,-0.01316,-0.017296,0.659
0.461794262951,0.523130489898,-0.124087347558,-1.39421046231,0.0771700415636,1.90821771698,0.154259101388,-0.00744631404998,-0.0654445176664,0.00218796515245,-0.11300902379,-0.00483261395094,0.0531908119334,-0.0180746240897,0.574028081024,0.818820796236,0.00223891689226,0.0,0.818781418206,-0.573968345755,-0.0117504967446,0.0,-0.00833664418185,0.00857846380767,-0.999928452602,0.0,0.65722603463,0.255019665874,0.30356878025,1.0,-0.0135,-0.0177428571429,0.676
0.461633794251,0.521899770096,-0.124088312451,-1.39614792672,0.0770534401877,1.90897726766,0.153994799976,-0.0125252377226,-0.0724590823491,0.00065188488091,-0.113566657364,-0.00209918573516,0.0420384808783,-0.0143675457365,0.574016274007,0.818828955172,0.00228172048284,0.0,0.818790154269,-0.573956400733,-0.0117251963921,0.0,-0.00829148187186,0.00859886936604,-0.999928652842,0.0,0.65700122327,0.254732508148,0.303577340047,1.0,-0.01384,-0.0181897142857,0.693
0.461470868735,0.520654055548,-0.124097056186,-1.39816603284,0.0769241659175,1.90973483774,0.153717476313,-0.0116435419944,-0.0751341560509,-0.000940437741479,-0.115873746229,-0.00886867246691,0.0523444163532,-0.018202827,0.574001752045,0.818839191943,0.00226125809252,0.0,0.818800201453,-0.573942036077,-0.0117267312118,0.0,-0.0083046359259,0.00858284808948,-0.999928681327,0.0,0.656759803763,0.254427725052,0.303557797673,1.0,-0.01418,-0.0186365714286,0.71
0.461311062034,0.519404675732,-0.124096942477,-1.40008806754,0.0767979156413,1.91043938127,0.153480017099,-0.012070104928,-0.077445353188,0.00211305639274,-0.11919143665,-0.00382523303978,0.041201357879,-0.0142267664126,0.574006170247,0.818836033316,0.00228341027635,0.0,0.818797375261,-0.573946417349,-0.0117096190864,0.0,-0.00827786227138,0.00859120935514,-0.999928831527,0.0,0.656526920846,0.254138557104,0.303581254185,1.0,-0.0145,-0.0190571428571,0.726
0.461136279283,0.518069225753,-0.124101469954,-1.4021858666,0.0766610636224,1.91118210102,0.153177561533,-0.0141298179394,-0.084158431426,0.0016582356329,-0.121626305392,-0.0126118903079,0.0458310954197,-0.0200224950409,0.573978982971,0.818855151443,0.00226162882069,0.0,0.818816229687,-0.573919334481,-0.0117186352099,0.0,-0.00829803206469,0.00857827386182,-0.999928775404,0.0,0.656267114535,0.253818074808,0.303584573809,1.0,-0.01484,-0.019504,0.743
0.460956416587,0.516708440525,-0.124103968638,-1.4043101084,0.0765279151424,1.91195240163,0.152894576964,-0.00982363171715,-0.0815285538776,0.00154641703716,-0.123894468625,-0.00846236775616,0.0476964279185,-0.0133160445765,0.573972674198,0.818859564182,0.00226502149599,0.0,0.818820674906,-0.57391300182,-0.0117181734941,0.0,-0.00829577287378,0.00858072301266,-0.999928773136,0.0,0.65600708281,0.253495138107,0.30359500525,1.0,-0.01518,-0.0199508571429,0.76
0.460773955459,0.515330104595,-0.124107046376,-1.40648950619,0.0763895486283,1.9127854949,0.152595073288,-0.00948482205459,-0.083663694158,8.8513417417e-05,-0.12260508366,-0.00428507518849,0.0416574032651,-0.0149464981868,0.573956848938,0.818870596953,0.00228646083231,0.0,0.818832045574,-0.573897160411,-0.0116994578606,0.0,-0.00826830785386,0.00858737670203,-0.999928943499,0.0,0.65574726218,0.253167279752,0.303596558152,1.0,-0.01552,-0.0203977142857,0.777
0.460560931458,0.5137768636,-0.124113571604,-1.40898767681,0.0762478847945,1.91367216234,0.152248073479,-0.0112394788466,-0.0870309338085,-0.000902002076203,-0.128784650511,-0.0103507530854,0.0477174549227,-0.0121961196736,0.57394490803,0.818879091149,0.00224132247802,0.0,0.818839790918,-0.57388522179,-0.011742909426,0.0,-0.00832992152758,0.00857523219957,-0.999928536347,0.0,0.655434810091,0.252785050149,0.303573326128,1.0,-0.0159,-0.0208971428571,0.796
0.460403020178,0.51262973047,-0.124113105859,-1.41086355348,0.076144560286,1.91432123632,0.151983720467,-0.00320560381197,-0.0780767108629,0.000754266728291,-0.136824096998,-0.00482095869834,0.0497068881207,-0.0197526281551,0.573927828882,0.818891226635,0.00218015527484,0.0,0.818850928428,-0.573868171693,-0.0117993826937,0.0,-0.00841145119248,0.00855738101854,-0.999928006768,0.0,0.655193728301,0.252501684998,0.303540486258,1.0,-0.01618,-0.0212651428571,0.81
0.460200017122,0.511190103126,-0.12412166677,-1.41316089588,0.0759959279951,1.91519303539,0.151650554143,-0.0149564612449,-0.0856488499416,-0.00221484330943,-0.131074462509,-0.0130246495719,0.052350936856,-0.0209220849756,0.573907493831,0.818905469227,0.00218355118235,0.0,0.818865312576,-0.573847925113,-0.0117858221774,0.0,-0.00839860962429,0.00855217064582,-0.999928159286,0.0,0.654919633964,0.252145144661,0.30353109082,1.0,-0.01652,-0.021712,0.827
0.460007086997,0.50972494271,-0.124123099204,-1.41549993803,0.0758491390244,1.91607083028,0.151319801537,-0.0136713813983,-0.0845137583591,-0.00136516271904,-0.140743651848,-0.0180713715731,0.0508869159882,-0.0206829910656,0.573878066312,0.818926094049,0.00218274897877,0.0,0.818885936309,-0.57381851383,-0.0117848802898,0.0,-0.00839860590871,0.00855067138057,-0.999928172139,0.0,0.654632279949,0.251795531884,0.303519549825,1.0,-0.01686,-0.0221588571429,0.844
0.45978595505,0.508135212541,-0.124125559055,-1.41800999303,0.0756960418302,1.91696880002,0.150968810596,-0.0093412415516,-0.0932103114648,-0.00188107111909,-0.14176909721,-0.0101059116714,0.0573794994812,-0.0283825344546,0.573862389917,0.818937129053,0.00216402360671,0.0,0.818896643085,-0.573802826011,-0.011804732421,0.0,-0.00842577303925,0.00854656817445,-0.999927978667,0.0,0.654318039776,0.251408683431,0.303515018362,1.0,-0.01722,-0.022632,0.862
0.459583129624,0.506704544721,-0.124125248288,-1.42026762341,0.0755559064008,1.91779021013,0.150666112774,-0.00988439484943,-0.0908693361544,0.000585354342711,-0.141039673483,-0.0102774423311,0.0497766233079,-0.0185261993273,0.573859358597,0.818939268787,0.00215812187435,0.0,0.818898658427,-0.573799769858,-0.0118134769935,0.0,-0.00843635280197,0.00854672198878,-0.999927888147,0.0,0.654037785199,0.25106026134,0.303512128063,1.0,-0.01754,-0.0230525714286,0.878
0.459377967832,0.505194927291,-0.124129087536,-1.42257983996,0.0754067437064,1.91866718518,0.150351433702,-0.0113595627579,-0.0958469915272,0.00149673982686,-0.140637511919,-0.00856618175105,0.0574142707308,-0.0233470031329,0.573851476,0.818944638376,0.00221577744704,0.0,0.818904851957,-0.573791740273,-0.0117740875192,0.0,-0.00837109221772,0.00857125342689,-0.999928226639,0.0,0.653758749015,0.250704798372,0.303542833779,1.0,-0.01786,-0.0234731428571,0.894
0.459151005476,0.503546008468,-0.124135155351,-1.4250555404,0.0752537058654,1.91961176806,0.149998549082,-0.011380479691,-0.0980570127482,0.00111803249253,-0.143314500143,-0.00567074232487,0.0522701426474,-0.0191335765379,0.573838771186,0.818953268909,0.00231407177622,0.0,0.818914798905,-0.5737787064,-0.0117172999323,0.0,-0.00826831516277,0.00861903456118,-0.99992867106,0.0,0.653462843594,0.250320235008,0.303598380019,1.0,-0.0182,-0.02392,0.911
0.458928038332,0.501960537212,-0.124146538587,-1.42740716328,0.0750987461936,1.9204838715,0.149679712061,-0.0129639471785,-0.100363637075,-0.000184800147291,-0.147437801001,-0.011207465028,0.0490545711147,-0.0180654648606,0.573846816359,0.818947392222,0.00239729627461,0.0,0.818910115912,-0.573786565332,-0.0116596056117,0.0,-0.00817322457441,0.00865416434985,-0.99992914941,0.0,0.653179870186,0.249943983655,0.303661899204,1.0,-0.01852,-0.0243405714286,0.927
0.458692763299,0.500240110605,-0.124145088584,-1.42999621252,0.0749306529196,1.9213982247,0.149310170991,-0.01761260646,-0.103116765501,-0.000175292302084,-0.152389822394,-0.0115430840167,0.0517506774637,-0.0306861624318,0.573822113286,0.818964590354,0.00243494396948,0.0,0.818927771709,-0.573761697912,-0.0116432655762,0.0,-0.00813850132815,0.00867537352549,-0.999929248842,0.0,0.652851538525,0.249541742073,0.303709260682,1.0,-0.01886,-0.0247874285714,0.944
0.45845269537,0.498563531993,-0.124147853207,-1.43261872179,0.074764556094,1.92235982974,0.1489428827,-0.00831812557809,-0.0935633815355,-0.000500462186945,-0.152968158288,-0.00307299681456,0.0606651111834,-0.025991199977,0.573808378353,0.81897418399,0.00244495203657,0.0,0.818937486044,-0.573747919382,-0.011638980067,0.0,-0.00812939457492,0.00868097428793,-0.999929274314,0.0,0.65252429879,0.249132946682,0.30371380301,1.0,-0.0192,-0.0252342857143,0.961
0.458185357595,0.496889509644,-0.124144853236,-1.43526336665,0.07459805581,1.92333780181,0.148546583978,-0.0137503095208,-0.0959515066558,-0.00133279600342,-0.151852643031,-0.0135080003435,0.0610806723741,-0.0237210203339,0.57378968132,0.818987270637,0.00244929495602,0.0,0.818950591816,-0.573729169503,-0.0116410965017,0.0,-0.00812883439542,0.00868555982963,-0.999929239047,0.0,0.652199221811,0.248708235145,0.303706660009,1.0,-0.01954,-0.0256811428571,0.978
0.457917284484,0.495228971517,-0.124145236818,-1.4379730895,0.0744311672975,1.92426084772,0.148154096368,-0.01369092031,-0.0913435637584,0.000376363854499,-0.162912641637,-0.0154697125831,0.0547624513204,-0.0215055013363,0.573779459604,0.818994741481,0.00234351561457,0.0,0.818956514257,-0.573719147061,-0.0117181463172,0.0,-0.00825273932499,0.00864303544548,-0.999928592566,0.0,0.651846736031,0.248269673052,0.303653954615,1.0,-0.01988,-0.026128,0.995
0.457658837633,0.493632577704,-0.124150676519,-1.44058167182,0.0742721488353,1.92519506118,0.147793500477,-0.0162916116889,-0.100394853011,0.000671887258036,-0.168230270081,-0.00592180710539,0.059220446246,-0.0234232030512,0.573789432574,0.818987924144,0.00228343453168,0.0,0.818948850732,-0.573729275362,-0.0117577794965,0.0,-0.00831956636059,0.00861667160869,-0.99992826632,0.0,0.651498518126,0.247819773088,0.303608682216,1.0,-0.0207405714286,-0.0272590367347,1.012
0.45737251409,0.491821832396,-0.124147702258,-1.44346814208,0.0740795100025,1.92627516433,0.147381414894,-0.0183455984423,-0.101387326928,0.00175397312384,-0.173098955623,-0.00956907104147,0.0654013152564,-0.0250738260943,0.573775284676,0.818997871468,0.002270710801,0.0,0.818958663404,-0.573715209196,-0.0117606663795,0.0,-0.00832937977604,0.00860776370858,-0.999928261345,0.0,0.651158891816,0.247386849719,0.303585138697,1.0,-0.0218468571429,-0.0287130122449,1.028
0.457071795312,0.489922984577,-0.124156531031,-1.44653823425,0.0738888243753,1.92732908695,0.146941461965,-0.0184530836859,-0.111956290431,-0.000516850219462,-0.184821208478,-0.00875802295125,0.0583518242673,-0.0302979984355,0.573768812474,0.819002677966,0.00217030345186,0.0,0.818962017479,-0.573708975627,-0.0118309810327,0.0,-0.00844464516421,0.00856580894941,-0.999927654826,0.0,0.650758294258,0.246888041224,0.303536303156,1.0,-0.0230222857143,-0.0302578612245,1.045
0.456741324823,0.487898398004,-0.124171733744,-1.44972342744,0.0736898904986,1.92850935659,0.146492955446,-0.0225333701456,-0.123141066288,0.000381259592914,-0.190284632901,-0.0142416272136,0.0759398740039,-0.0207732807105,0.573787538097,0.818989528615,0.00218175278929,0.0,0.81894903525,-0.573727672408,-0.0118229639989,0.0,-0.00843131409161,0.00857077876191,-0.999927724735,0.0,0.650365729218,0.246361411496,0.303530269141,1.0,-0.0241977142857,-0.0318027102041,1.062
0.456390954521,0.485730967436,-0.124182425522,-1.4530092156,0.073492530161,1.92977970443,0.146004791475,-0.0215269973288,-0.130144662608,0.00158747900052,-0.198088512048,-0.0151142769074,0.0715275734509,-0.0286648441959,0.573791844575,0.818986156994,0.00231098493425,0.0,0.818947358066,-0.573731496337,-0.0117533709578,0.0,-0.00830012307117,0.00863672969207,-0.999928254855,0.0,0.649972348817,0.245820875738,0.303582088293,1.0,-0.0253731428571,-0.0333475591837,1.079
0.456043077278,0.483637465657,-0.124206546262,-1.45624195287,0.0732909481408,1.93089446826,0.145502090808,-0.0262033309479,-0.132274249724,0.000205251986575,-0.208507340903,-0.011733178854,0.0729787580289,-0.0325650598936,0.573786419298,0.818990020062,0.00228887960292,0.0,0.818950863315,-0.573726082162,-0.0117734032287,0.0,-0.00832927018361,0.00863006496388,-0.999928070032,0.0,0.64955954156,0.245268742456,0.303593754392,1.0,-0.0264794285714,-0.0348015346939,1.095
0.455661976672,0.481283117993,-0.124238835176,-1.45986602731,0.0730533469513,1.93216210152,0.144963846057,-0.0211742081387,-0.139915594628,0.000393335228536,-0.217340932917,-0.0124997931713,0.0825018505585,-0.033492111249,0.573793404625,0.818985158403,0.00227728464683,0.0,0.818945920019,-0.573733182243,-0.0117712607026,0.0,-0.00833409450097,0.0086194106759,-0.999928121731,0.0,0.649097922578,0.244652193602,0.303612438498,1.0,-0.0276548571429,-0.0363463836735,1.112
0.45525986772,0.478868712671,-0.124247722264,-1.46360368337,0.0728358846202,1.93356090959,0.144419022414,-0.0209732261303,-0.141785671176,0.00207496171289,-0.219029158368,-0.00957440239937,0.0783348953003,-0.031379004206,0.573806523419,0.818975768851,0.00234747057974,0.0,0.818937297038,-0.573745882882,-0.0117521187835,0.0,-0.00827800831335,0.00866604048155,-0.999928184582,0.0,0.648632703007,0.244035233937,0.303628133049,1.0,-0.0288302857143,-0.0378912326531,1.129
0.454824202128,0.47634620914,-0.124265169665,-1.46744231862,0.072588056765,1.93497557532,0.143871419573,-0.0233458335981,-0.147622485788,0.000491716770673,-0.231509754527,-0.0152728218701,0.0819458559653,-0.0304722570365,0.573845885752,0.818947965403,0.00242410156771,0.0,0.818910561947,-0.573785033991,-0.0117035550435,0.0,-0.00819384714734,0.00870132681489,-0.999928571339,0.0,0.648157708969,0.243377625089,0.303670686885,1.0,-0.0300057142857,-0.0394360816327,1.146
0.45440876683,0.47389111154,-0.12427354945,-1.47123862384,0.0723493950566,1.93633642652,0.143327898739,-0.0321145377444,-0.151927202642,0.000217825304792,-0.235813766129,-0.0127081245379,0.0743790923174,-0.0320083171472,0.573864799053,0.818934663976,0.00244037858686,0.0,0.818897380815,-0.573803788799,-0.0117063467711,0.0,-0.00818659229744,0.00871644778907,-0.999928499066,0.0,0.647670592689,0.24274087142,0.303680466841,1.0,-0.031112,-0.0408900571429,1.162
0.453959961315,0.471205040525,-0.124271312424,-1.475389994,0.0720958444091,1.93777636897,0.14269734515,-0.0199111926246,-0.162360829034,0.000746642941636,-0.239516682717,-0.0117009828806,0.0911330019442,-0.037117127441,0.573847077236,0.818947093477,0.0024365826622,0.0,0.818909487636,-0.573785792321,-0.0117414859026,0.0,-0.00821773745655,0.00873332617069,-0.999928096317,0.0,0.647090861503,0.242007630999,0.303692685216,1.0,-0.0323565714286,-0.0425257795918,1.18
0.453466824989,0.468243156261,-0.124271575933,-1.47986796282,0.0718056970698,1.93951273282,0.141978636533,-0.0241780155556,-0.169739791448,-0.000260938540437,-0.241869872813,-0.00668154684042,0.0968351057413,-0.0413409844371,0.573792676458,0.818984642209,0.00262052845454,0.0,0.818949528453,-0.573730853032,-0.0116329285201,0.0,-0.00802386626055,0.008821139567,-0.999928900006,0.0,0.646535821225,0.241273522508,0.303757017821,1.0,-0.0336011428571,-0.0441615020408,1.198
0.45297396624,0.465367702723,-0.124277815621,-1.48429366638,0.0714943735464,1.94104046284,0.141291568953,-0.031519884479,-0.167739511667,-0.00127353206138,-0.26420793435,-0.0145758377289,0.0914127043464,-0.0494468607551,0.573761566119,0.819006578739,0.00257606834937,0.0,0.818970940103,-0.573699958268,-0.0116492081815,0.0,-0.00806304307177,0.00879376235529,-0.999928826007,0.0,0.645980720646,0.240561760053,0.303759974966,1.0,-0.0347074285714,-0.045615477551,1.214
0.452481614681,0.462595698949,-0.124281020192,-1.4886694819,0.0711995631875,1.9425502666,0.140655558878,-0.0335605767733,-0.167405547959,0.0013111465115,-0.272745317526,-0.0114655108472,0.100368930921,-0.0351151318932,0.573770115173,0.819000859221,0.00248886130332,0.0,0.81896399675,-0.573708717473,-0.0117058286494,0.0,-0.00815935938842,0.00875491101185,-0.999928385629,0.0,0.645395435742,0.239817304876,0.30371885102,1.0,-0.0358137142857,-0.0470694530612,1.23
0.451933743973,0.459570283987,-0.124287133014,-1.49335242856,0.0708870037546,1.94420098446,0.139958099515,-0.0381993105224,-0.176294060408,-0.000219693229411,-0.270628181916,-0.0181929151748,0.0945128758726,-0.0453622525801,0.573783991387,0.818991175221,0.00247649758205,0.0,0.81895410075,-0.573722581727,-0.011718659566,0.0,-0.00817681361252,0.00875228561839,-0.999928266035,0.0,0.644779310873,0.239009592648,0.303716263047,1.0,-0.0369891428571,-0.0486143020408,1.247
0.451362253224,0.456526178153,-0.124295685356,-1.49820677847,0.0705608426628,1.94592782923,0.139202177977,-0.0313213695791,-0.183242024099,-0.000197096611701,-0.29184131143,-0.0132317825091,0.108117078077,-0.0443363285634,0.573773835777,0.818998532858,0.00239488106265,0.0,0.818960359953,-0.573712688449,-0.0117654935847,0.0,-0.00826210740241,0.0087122127781,-0.999927914867,0.0,0.644138659244,0.238168924472,0.303649821717,1.0,-0.0381645714286,-0.0501591510204,1.264
0.450798934156,0.453529500845,-0.124337964906,-1.50291152815,0.0702322814708,1.94751871932,0.138468247786,-0.0308042771533,-0.195730633585,-0.00686087268196,-0.289969700789,-0.0251004634516,0.10818292316,-0.0490194162516,0.573789486842,0.818987905437,0.00227649714184,0.0,0.818948280427,-0.573728879004,-0.0118166951135,0.0,-0.00837179941006,0.00864479528417,-0.999927587623,0.0,0.643508627946,0.237322107695,0.303608823287,1.0,-0.0392708571429,-0.0516131265306,1.28
0.450197634211,0.450165858821,-0.124378051646,-1.50790568101,0.0699082911607,1.94941795411,0.137689548788,-0.0330033983956,-0.195633536793,-0.00179516822506,-0.296598733491,-0.0178866927699,0.112336345761,-0.0437600090384,0.573812418911,0.818971206738,0.00249345915682,0.0,0.818934628005,-0.573751239995,-0.0116763247878,0.0,-0.00813210508683,0.00874216853132,-0.999928719138,0.0,0.642881072247,0.236444304301,0.303705683336,1.0,-0.0404462857143,-0.0531579755102,1.297
0.44956245207,0.446727754285,-0.124390183319,-1.51310798705,0.0695485586747,1.95114935788,0.136922559607,-0.042750791232,-0.200114393894,-0.000231624623354,-0.306764854896,-0.0193934310742,0.102558800397,-0.0470670526294,0.573847570932,0.818946680801,0.00245891063846,0.0,0.818909553949,-0.573786405483,-0.0117068457035,0.0,-0.00817655035881,0.00873173849739,-0.999928447824,0.0,0.642167929332,0.235522557218,0.30373657212,1.0,-0.0416217142857,-0.0547028244898,1.314
0.448930977432,0.443253703276,-0.124394372829,-1.51842257872,0.0691781897028,1.95302846308,0.136092750374,-0.0322369752522,-0.210094205056,-9.98269139595e-05,-0.313141341068,-0.019742412277,0.112217260207,-0.055776990351,0.573823020186,0.818963821907,0.00247927677401,0.0,0.8189269937,-0.573761820697,-0.0116918348132,0.0,-0.00815283233511,0.00873955890269,-0.999928573167,0.0,0.641449802707,0.23460400728,0.303748550661,1.0,-0.0427971428571,-0.0562476734694,1.331
0.448255090562,0.439752170482,-0.124395359343,-1.52383310833,0.0688003384984,1.95495029885,0.135188987324,-0.0439586495276,-0.208754612917,0.00439255672427,-0.322571393978,-0.0261966094433,0.111217175378,-0.0562203239224,0.573771955675,0.818999603822,0.00247764430706,0.0,0.818962773996,-0.573710789434,-0.0116898158982,0.0,-0.00815266028204,0.00873655518986,-0.999928600818,0.0,0.640721430002,0.233650647128,0.303734550244,1.0,-0.0439725714286,-0.057792522449,1.348
0.44758418979,0.436380358066,-0.124408919156,-1.52906423355,0.0684510746012,1.95678866616,0.134365496342,-0.045198682756,-0.206405116857,-0.0015242233119,-0.325073183087,-0.0239773670238,0.121578144264,-0.0531643545064,0.573790141953,0.81898693189,0.00245464701243,0.0,0.818949699477,-0.573728945644,-0.0117146727934,0.0,-0.00818601949305,0.00873216431945,-0.99992836663,0.0,0.640013867431,0.232712368103,0.303707687098,1.0,-0.0450788571429,-0.0592464979592,1.364
0.446844996989,0.432637639925,-0.1244273934,-1.53466103406,0.06805829222,1.95881381249,0.133462856413,-0.0435027481928,-0.217359572081,-0.00277408625153,-0.333481170757,-0.0272017762119,0.122903779982,-0.0558929045966,0.573804155443,0.818976717442,0.00258348336156,0.0,0.818941341974,-0.573742698723,-0.0116250148044,0.0,-0.00803851651508,0.00878637229781,-0.999929088443,0.0,0.639273404407,0.231696064651,0.303772575181,1.0,-0.0462542857143,-0.0607913469388,1.381
0.446090797796,0.428885939609,-0.1244571788,-1.5405356133,0.0676206483722,1.96070320742,0.132547251294,-0.0381727978519,-0.21873637691,-0.00735747031386,-0.348644224031,-0.0237061241977,0.114445906456,-0.0485611259942,0.573823161489,0.818964072805,0.0023608674351,0.0,0.818925819977,-0.573762515923,-0.0117398295593,0.0,-0.0082600804227,0.00867012834002,-0.999928297402,0.0,0.638436305371,0.230617366171,0.303697334741,1.0,-0.0474297142857,-0.0623361959184,1.398
