position_joint1,position_joint2,position_joint3,position_joint4,position_joint5,position_joint6,position_joint7,velocity_joint1,velocity_joint2,velocity_joint3,velocity_joint4,velocity_joint5,velocity_joint6,velocity_joint7,ee_T_00,ee_T_10,ee_T_20,ee_T_30,ee_T_01,ee_T_11,ee_T_21,ee_T_31,ee_T_02,ee_T_12,ee_T_22,ee_T_32,ee_T_03,ee_T_13,ee_T_23,ee_T_33,v_x,v_y,time
0.46507607481,0.547787378814,-0.123991602759,-1.35585117802,0.079527290859,1.8941039439,0.159146151702,-2.03803709334e-05,-0.000164398837457,-0.00078718738092,0.000589872473032,3.42676757439e-05,-0.000136233005544,-0.000271248964165,0.573803527908,0.818978931837,0.00194099680539,0.0,0.818935413538,-0.573744745605,-0.0119374304376,0.0,-0.00866303410062,0.0084394532064,-0.99992686106,0.0,0.661671973697,0.260892683101,0.303201788766,1.0,0.0,0.0,0.0
0.46507583725,0.547786755776,-0.123992896647,-1.35584588831,0.0795258692326,1.89410108783,0.159148422623,0.000312220919523,6.45051289916e-05,0.00244365612534,-0.00022778060846,-2.99083364828e-05,-0.000213332709395,-0.00180739904053,0.573805799756,0.818977336644,0.00194245473172,0.0,0.818933859278,-0.573747032441,-0.0119341440422,0.0,-0.00865948258669,0.00843878548922,-0.999926897458,0.0,0.661673072814,0.260891989532,0.303204539849,1.0,-0.00018,-0.000236571428571,0.01
0.465075836265,0.547787143623,-0.12399604354,-1.35584887579,0.0795266805441,1.89410583621,0.159145797572,-0.000341781338957,0.00154645255927,-0.000745548325088,0.00104436773041,-1.87558389167e-05,0.000457548765143,-0.000568290599178,0.573806261513,0.818977011347,0.00194320194927,0.0,0.818933555368,-0.57374750237,-0.0119324062057,0.0,-0.00865762579366,0.00843840514231,-0.999926916747,0.0,0.661674002227,0.260890262175,0.303203361343,1.0,-0.00048,-0.000630857142857,0.025
0.465075461281,0.547758435067,-0.123991709736,-1.35586676744,0.0795231263593,1.89410732889,0.159153974659,0.00107446660764,-0.00253051770499,0.000434011735464,-0.000169277858748,1.09814686662e-05,-0.000117804887288,0.00181855284556,0.573810232089,0.818974203797,0.00195396158541,0.0,0.818930883421,-0.573751423042,-0.0119272644896,0.0,-0.00864720018405,0.00844430847137,-0.999926957124,0.0,0.661670261844,0.260890303589,0.303215162739,1.0,-0.00084,-0.001104,0.043
0.46507475123,0.547697821182,-0.123988824631,-1.35593863081,0.0795232048357,1.89412496055,0.159149290909,0.000493744568612,-0.00462689782162,-0.000206360345733,-0.00743417935131,-2.34785330806e-05,0.00380125534582,-7.46066446768e-06,0.573808922142,0.818975099404,0.00196324390523,0.0,0.81893183319,-0.573750009292,-0.0119300598203,0.0,-0.00864417714557,0.00845350045297,-0.999926905594,0.0,0.661658425426,0.260884980796,0.303225334439,1.0,-0.00118,-0.00155085714286,0.06
0.465068817581,0.547566446449,-0.123986164537,-1.35611689315,0.0795208602713,1.89417004052,0.159150249954,-0.00257709828397,-0.00656653011802,0.000503183012368,-0.00564631598376,-0.000166149354174,-7.77365237089e-05,0.00107711757654,0.57382189988,0.81896599511,0.00196798712817,0.0,0.818922673369,-0.573762850851,-0.0119412280721,0.0,-0.00865046837413,0.00846393041628,-0.999926762958,0.0,0.661631087227,0.260865840493,0.303237377029,1.0,-0.00152,-0.00199771428571,0.077
0.465056661953,0.547412148011,-0.123993585107,-1.35632663575,0.0795172547847,1.8942572685,0.159143369575,-0.000813101968517,-0.0136526943811,-0.00117805215233,-0.0102633688752,-8.25941639227e-05,0.00652208962854,0.00107176592906,0.573842233753,0.818951674694,0.00199804377254,0.0,0.818908715008,-0.573783027969,-0.0119289647673,0.0,-0.00862296808657,0.00848172254615,-0.999926849727,0.0,0.661609550128,0.260835977906,0.303254662497,1.0,-0.00186,-0.00244457142857,0.094
0.465037101392,0.547214544904,-0.123989216116,-1.35655986897,0.0795195066889,1.89437533166,0.159134442185,-0.00114394869133,-0.0103763412837,0.000143766081111,-0.0082341716693,0.000551756168627,0.00851560996718,0.000781209771446,0.573861684533,0.818937846071,0.00207802768118,0.0,0.818895806456,-0.573802026773,-0.0119012243405,0.0,-0.00855415122581,0.00853150905987,-0.999927017262,0.0,0.661588813693,0.260808872327,0.303293734138,1.0,-0.00222,-0.00291771428571,0.112
0.465019869532,0.547039349852,-0.123991748975,-1.35678591676,0.0795136627111,1.89448779887,0.159114167149,-0.00254235017548,-0.0138766578789,-0.000267201008286,-0.0188069944257,0.000212887549736,0.00877683079836,-0.00154654973709,0.57387221618,0.818930323048,0.00213363312834,0.0,0.818888992116,-0.573812316943,-0.01187393855,0.0,-0.00849978701095,0.00856149694782,-0.999927224547,0.0,0.661569436097,0.260778174379,0.303320074448,1.0,-0.00252,-0.003312,0.127
0.464986674025,0.546806704125,-0.123986737779,-1.3571435604,0.0795078834616,1.89463309162,0.159098140346,-0.00259211870802,-0.0158458587126,0.000382952211069,-0.0238514640305,-6.87346558574e-05,0.0130180871044,-0.0010358907561,0.573901349178,0.818909838213,0.00215990528996,0.0,0.818868701259,-0.573841191604,-0.0118778709847,0.0,-0.00848762619417,0.00858557032196,-0.999927121436,0.0,0.661530343366,0.260728646964,0.303327062769,1.0,-0.00288,-0.00378514285714,0.145
0.464952742903,0.546540137444,-0.123991371388,-1.35752299181,0.0794978558723,1.89477199457,0.159036397984,-0.00335350594687,-0.012067468611,0.000246983316845,-0.0233991590786,0.00028431707373,0.00923971726224,-0.0186042830342,0.573900338462,0.818910469976,0.00218873898945,0.0,0.818869613972,-0.573839970113,-0.0118739594992,0.0,-0.00846788687076,0.00860692693688,-0.999927105193,0.0,0.661488494463,0.260669788348,0.303347445559,1.0,-0.0032,-0.00420571428571,0.161
0.464913659366,0.546269245468,-0.123989360354,-1.35795501606,0.0794883020243,1.89491484739,0.158919437907,0.00053955787526,-0.0182988356372,-0.000138372897223,-0.0311713332197,-0.000234438511495,0.00666493041673,-0.000497721309978,0.573856696394,0.818941066095,0.00218384262031,0.0,0.818899955512,-0.573796159298,-0.011898627572,0.0,-0.00849135772575,0.00861662163134,-0.99992682266,0.0,0.661435234598,0.260605520368,0.303345966997,1.0,-0.00352,-0.00462628571429,0.177
0.46486365352,0.545988853671,-0.123986775782,-1.35844122883,0.0794756996667,1.89508146514,0.158900689842,-0.000838002763652,-0.0178142360582,0.000620171511654,-0.0342256719057,0.000378346495744,0.013241943616,-0.00529142693065,0.573904307299,0.818907766864,0.00215924387028,0.0,0.818866150475,-0.573843676188,-0.0119335580162,0.0,-0.0085335792033,0.00861701796718,-0.99992645981,0.0,0.661377371567,0.260529170592,0.303327447641,1.0,-0.00384,-0.00504685714286,0.193
0.464797599817,0.545632817257,-0.123989349745,-1.3590622557,0.0794033558477,1.89528988107,0.158821815757,-0.0069548077916,-0.0181720392937,0.000779531850531,-0.0399530423698,-0.00878357172049,0.00976343302304,-0.00348983686356,0.573911036919,0.818903228764,0.00209057988755,0.0,0.818861004429,-0.573850974114,-0.0119357377513,0.0,-0.0085746979668,0.00856211082297,-0.999926579711,0.0,0.661307535044,0.260417373612,0.303301988981,1.0,-0.0042,-0.00552,0.211
0.464730148807,0.545267513397,-0.123992352026,-1.35969853474,0.0793235667245,1.89548880779,0.158719916186,-0.00546995879734,-0.0251931696174,0.00135945366912,-0.0445846597581,-0.000580797694123,0.0254768431296,-0.00238805334621,0.573899079564,0.818911820493,0.00200589988774,0.0,0.818868821307,-0.573839694473,-0.0119417519465,0.0,-0.00862834297002,0.00849609290333,-0.999926681364,0.0,0.661233347668,0.260300871327,0.30327498117,1.0,-0.00452,-0.00594057142857,0.227
0.464668681171,0.544838338994,-0.123990250099,-1.36040406929,0.0793099764925,1.89572675069,0.158661770081,-0.00201187323997,-0.0254183357155,0.000508266834156,-0.0391520622741,-0.00218637995005,0.0149401590789,-0.000671092457322,0.573942759099,0.818881275598,0.00197804286192,0.0,0.818837590428,-0.573883168734,-0.0119940004781,0.0,-0.00868666415072,0.00850372930098,-0.999926111497,0.0,0.66114151701,0.260185455683,0.303257120714,1.0,-0.00488,-0.00641371428571,0.245
0.464588959519,0.544365769423,-0.123995714149,-1.3611938091,0.0792844298245,1.89601531419,0.158546659848,-0.00354287753235,-0.027238522943,0.000703145810359,-0.0440719510805,-0.00031707922516,0.011411143056,-0.00544598842279,0.573948117999,0.818877527359,0.00197482473708,0.0,0.818833618646,-0.57388836303,-0.0120165991726,0.0,-0.0087069617181,0.00851412128874,-0.999925846529,0.0,0.661057985489,0.26006931425,0.303247297769,1.0,-0.00522,-0.00686057142857,0.262
0.464532660598,0.543929839689,-0.124004188711,-1.36190635663,0.0792539265492,1.89626970741,0.158474199634,-0.00245842842616,-0.0321551339464,0.000412777858606,-0.052442232593,-0.000589595386559,0.0215607317395,-0.00383163674717,0.573972388732,0.818860551226,0.00195997949178,0.0,0.818816356837,-0.573912604619,-0.0120350711221,0.0,-0.00873035612438,0.00851282568573,-0.999925653577,0.0,0.660974527332,0.259960656269,0.303238951161,1.0,-0.00552,-0.00725485714286,0.277
0.464440076875,0.54337150063,-0.124007375426,-1.36280219586,0.0792068798255,1.89657018783,0.158354469285,-0.00408085711326,-0.0358418329076,-0.000762088361618,-0.0514970293612,-0.00050367111296,0.013253945834,-0.00576596638574,0.573989564295,0.818848578219,0.00193207923007,0.0,0.818803916774,-0.573929798787,-0.0120614609572,0.0,-0.0087678011196,0.00850531051424,-0.999925389895,0.0,0.660870323454,0.259811384982,0.303233721339,1.0,-0.00588,-0.007728,0.295
0.464373223709,0.54281668388,-0.12401051459,-1.36368621211,0.0791517694958,1.89688872655,0.15823734535,-0.00407282674477,-0.0328643138822,5.90989679615e-05,-0.0556526521918,-0.000880791054614,0.0156476926015,-0.009710748902,0.573985057847,0.818851763222,0.00192097312872,0.0,0.818806966148,-0.573925350407,-0.0120661198594,0.0,-0.00877803735054,0.00849884231414,-0.999925355084,0.0,0.660765970482,0.259680434029,0.30323310907,1.0,-0.00622,-0.00817485714286,0.312
0.464302368708,0.54225036431,-0.12400939864,-1.3645530692,0.0791019918858,1.89719634044,0.158107999392,-0.00134431889041,-0.0372494331052,0.000129920472866,-0.0545893056181,-0.00169113265294,0.0139220154113,-0.00926252347591,0.573971183384,0.818861468704,0.00192940859892,0.0,0.818816725278,-0.573911386134,-0.0120680640844,0.0,-0.00877493206178,0.00850671683503,-0.999925315379,0.0,0.6606633337,0.259551624451,0.303247645902,1.0,-0.00654,-0.00859542857143,0.328
0.464225260058,0.541624072234,-0.124021552529,-1.36551538341,0.0790454960746,1.89755256481,0.157996421286,-0.006076301171,-0.0400388618267,-0.000496525796174,-0.0587313849317,-0.000593378596869,0.0177914910144,-0.000874875918544,0.573989830073,0.818848363087,0.00194425917382,0.0,0.818803855171,-0.57393000626,-0.0120557692972,0.0,-0.00875614685797,0.00851201976005,-0.999925434926,0.0,0.66055485583,0.259402665512,0.303263728052,1.0,-0.00688,-0.00904228571429,0.345
0.464134961903,0.540961289141,-0.124011988146,-1.36653348276,0.0789944897943,1.89793649826,0.157854285256,-0.00805699603216,-0.0371714090534,0.000584791778567,-0.058696494925,-0.00130769474997,0.0248007231232,-0.00351505058398,0.573983576805,0.81885266928,0.00197647987934,0.0,0.818808438796,-0.573923474622,-0.0120554027379,0.0,-0.00873741873368,0.00853812597301,-0.999925376175,0.0,0.660437962677,0.259254217026,0.303280669453,1.0,-0.00722,-0.00948914285714,0.362
0.464058495498,0.540290980091,-0.124019445269,-1.36755390593,0.0789284828255,1.89830465985,0.157732866005,-0.00776864280638,-0.0488079573483,-0.000703691806449,-0.0687893065837,-0.00840398814979,0.0300298362315,-0.00872212570852,0.573990807493,0.818847573021,0.0019879566889,0.0,0.818803550404,-0.573930711695,-0.0120428783659,0.0,-0.00872050022149,0.0085404119021,-0.999925504345,0.0,0.660318550757,0.259101372885,0.303300885498,1.0,-0.00754,-0.00990971428571,0.378
0.463956526988,0.539552548729,-0.124023290978,-1.36870134841,0.078857070536,1.89874823834,0.157597880321,-0.00735557505075,-0.0446891020471,-4.68720805368e-06,-0.0643535804372,-0.00443343715719,0.0222418408348,-0.00408608564322,0.574012177018,0.818832517428,0.00201889546712,0.0,0.818788956388,-0.573952002918,-0.0120204053224,0.0,-0.00868411684979,0.0085530730135,-0.999925712769,0.0,0.660185434027,0.258913223193,0.3033193323,1.0,-0.0079,-0.0103828571429,0.396
0.463838285226,0.538749386282,-0.124018338282,-1.36993722218,0.0787926987351,1.89922515732,0.15744130284,-0.00988694244502,-0.0411905650596,0.000241540426698,-0.0654422571675,-0.00609560527507,0.0229007895615,-0.00807337457843,0.574027355583,0.818821780689,0.00205752585682,0.0,0.818778624511,-0.573966917717,-0.0120120070061,0.0,-0.00865490782602,0.00858004400034,-0.99992573495,0.0,0.660055918862,0.258734447525,0.303335460433,1.0,-0.00824,-0.0108297142857,0.413
0.46373386231,0.538002301357,-0.124023625327,-1.37109814883,0.0787260997967,1.89967264015,0.157290968878,-0.00287908013836,-0.0444718493581,0.000664224786328,-0.0785455488655,-0.00501623037115,0.0285050887758,-0.00777719532645,0.574039849973,0.818812950042,0.00208575830671,0.0,0.818770172345,-0.573979301798,-0.0119963697345,0.0,-0.00862576686822,0.00859431643808,-0.999925864187,0.0,0.659927967933,0.258554046564,0.3033495155,1.0,-0.00856,-0.0112502857143,0.429
0.463625266301,0.53719566783,-0.124029749201,-1.3723608835,0.0786529543137,1.90013518506,0.157133804043,-0.00697996519062,-0.0500240140052,0.000127603993273,-0.0728814664327,-0.0113642351667,0.0305114285985,-0.014603350896,0.574054370056,0.818802756687,0.00209111503961,0.0,0.818760031409,-0.573993780204,-0.0119957557034,0.0,-0.008622036813,0.008598502947,-0.999925860366,0.0,0.659782374916,0.258359082101,0.303358360628,1.0,-0.0089,-0.0116971428571,0.446
0.463500999587,0.536357885946,-0.124035426423,-1.37367966232,0.0785790760112,1.90063705527,0.156979601332,-0.00754894935728,-0.048216079074,-0.00251800786315,-0.0741292346589,-0.00355215423703,0.0248364244148,-0.00251046020736,0.574086752304,0.81878000625,0.00210928788283,0.0,0.818737501347,-0.574026065776,-0.0119886028581,0.0,-0.00860540777887,0.00860961693208,-0.999925907982,0.0,0.659636149288,0.258150354165,0.303365774646,1.0,-0.00924,-0.012144,0.463
0.463386305943,0.535478806303,-0.124039684981,-1.37507418212,0.0784936932253,1.90114331656,0.15681229137,-0.00821996466113,-0.0547755976565,0.000409600847272,-0.0854662993999,-0.00603169467924,0.0257142753396,-0.00307576892768,0.574100355755,0.818770493878,0.00209923287534,0.0,0.818727857683,-0.574039709361,-0.0119939164639,0.0,-0.00861538774996,0.00860457780843,-0.999925865419,0.0,0.659471820863,0.25793877915,0.303366442474,1.0,-0.00958,-0.0125908571429,0.48
0.463265148769,0.534584226971,-0.124042856101,-1.37652114509,0.078426745029,1.90166185542,0.156631074288,-0.00886674673067,-0.0519766914511,-0.000125243327366,-0.0887017515578,-0.00128592889158,0.0333521952367,-0.00156082343323,0.574114818823,0.818760400975,0.00208026560901,0.0,0.818717300119,-0.574054033962,-0.0120289434185,0.0,-0.00865480430391,0.0086093098702,-0.999925484297,0.0,0.659298209564,0.257721373366,0.303353986729,1.0,-0.00992,-0.0130377142857,0.497
0.463132852827,0.533617827965,-0.124046394284,-1.37809833761,0.0783222558995,1.902235938,0.156432446589,-0.00606291139024,-0.0518849855834,0.00046580349558,-0.0875750964368,-0.00986091433305,0.0308174649338,-0.0101670581637,0.574121310934,0.818755945635,0.00204174439852,0.0,0.818712401232,-0.574060747872,-0.0120419567606,0.0,-0.00868750563986,0.00858531075467,-0.99992540706,0.0,0.659111919815,0.257479626835,0.30333479632,1.0,-0.01028,-0.0135108571429,0.515
0.463018175117,0.532835991768,-0.124052059043,-1.37935641584,0.0782634015801,1.90271218765,0.156276483147,-0.00852774829005,-0.0553077149634,-0.00357462722578,-0.0913244451048,-0.00360075370876,0.030136588489,-0.0111558273541,0.574144638907,0.818739570883,0.00204831314966,0.0,0.818695981083,-0.574083915134,-0.0120538725506,0.0,-0.00869324617913,0.00859777758051,-0.999925250052,0.0,0.658968612582,0.257284456945,0.303328798568,1.0,-0.01056,-0.0138788571429,0.529
0.462881890772,0.531806455522,-0.124051410889,-1.38100958332,0.078168624504,1.90331678874,0.156069784354,-0.0154421477393,-0.0585914756299,-0.000387166974692,-0.100791389212,-0.00717395255903,0.0382597662063,-0.0153832815107,0.574151305288,0.818734931495,0.00203408146554,0.0,0.818691068008,-0.574090555083,-0.0120713143525,0.0,-0.00871562757467,0.00859621072317,-0.999925068691,0.0,0.658771107993,0.257038004675,0.303320101573,1.0,-0.01092,-0.014352,0.547
0.462749681978,0.530808548375,-0.124043853142,-1.38263642361,0.0780691192455,1.90388300853,0.155855250745,-0.00532034885439,-0.0628856629728,0.00219730653023,-0.0969532822322,-0.0068667572532,0.0284225849316,-0.00877547013464,0.574140248463,0.818742813298,0.00198183458491,0.0,0.818698152993,-0.574079614853,-0.0121110279176,0.0,-0.00877825524263,0.00857611800884,-0.999924693382,0.0,0.658568409866,0.25679763995,0.303297856786,1.0,-0.01126,-0.0147988571429,0.564
0.462617224276,0.529833270968,-0.124052361523,-1.38417494464,0.0779777658986,1.90444761742,0.155658815181,-0.00959114510922,-0.0601835481132,-0.000458362300149,-0.101896849335,-0.00295791355765,0.0308555466876,-0.011212805489,0.574152924548,0.81873392514,0.00198140358182,0.0,0.818689256728,-0.574092288804,-0.0121116372189,0.0,-0.00877886878321,0.00857625087538,-0.999924686856,0.0,0.658388278158,0.256559181459,0.303301859223,1.0,-0.01158,-0.0152194285714,0.58
0.462480165189,0.528764331552,-0.124057765553,-1.38584407463,0.0778719798415,1.90507888915,0.155424346734,-0.01196906824,-0.0640019907026,-0.00148893479382,-0.105163544083,-0.0020493871808,0.0382260433483,-0.0107800969017,0.574139152563,0.818743529913,0.00200315286521,0.0,0.81869921283,-0.574078489176,-0.0120927283483,0.0,-0.00875104460842,0.00858305373037,-0.999924872381,0.0,0.658194209203,0.256307436782,0.303315094869,1.0,-0.01192,-0.0156662857143,0.597
0.46232927843,0.527574578958,-0.124055561504,-1.387668119,0.0777518504432,1.90578842647,0.155172464322,-0.0132493271195,-0.0753431008253,4.52910035328e-06,-0.103668048491,-0.00386025979978,0.0394129797126,-0.012202636103,0.574121462672,0.818755790403,0.00206123330536,0.0,0.818712340141,-0.574060657696,-0.0120504061438,0.0,-0.00868323403916,0.00860611963854,-0.999925265283,0.0,0.657984763931,0.256037230494,0.303345892241,1.0,-0.01228,-0.0161394285714,0.615
0.462180934812,0.526488473203,-0.124053398617,-1.38934530909,0.0776440347976,1.90642500221,0.15493539971,-0.00973311221268,-0.0686785004662,0.000600896491218,-0.105364346133,-0.00784232919953,0.0382676569582,-0.017452501896,0.574108896106,0.818764512509,0.00209651361483,0.0,0.818721570584,-0.574047990334,-0.0120267017765,0.0,-0.00864370360789,0.00862126338622,-0.999925477326,0.0,0.657790577668,0.255781826705,0.30336702956,1.0,-0.0126,-0.01656,0.631
0.462036244002,0.525296221064,-0.124056731711,-1.39117676797,0.0775338408421,1.90708542612,0.154704743007,-0.00998996983924,-0.0764474180942,0.000190347980858,-0.10704421272,-0.0105926606271,0.0367313328931,-0.0152461903588,0.574109717777,0.818763888835,0.00211499306792,0.0,0.818721149784,-0.574048695702,-0.0120216787606,0.0,-0.00862897357477,0.00863351837878,-0.999925498813,0.0,0.657567659315,0.255509991206,0.303391378555,1.0,-0.01294,-0.0170068571429,0.648
0.461871254182,0.52412283737,-0.12406167661,-1.39306042344,0.0774203671274,1.90775637196,0.154436456973,-0.00689240163613,-0.0685762424344,-0.0010009255246,-0.113725940295,-0.00982811969822,0.0413357740364,-0.0107324030302,0.574099209103,0.81877134485,0.00208083191598,0.0,0.818728100946,-0.574038274196,-0.0120458865029,0.0,-0.00866851642571,0.00861933542611,-0.999925279148,0.0,0.657339204346,0.255217651706,0.30337830376,1.0,-0.01328,-0.0174537142857,0.665
0.461726114206,0.522997886305,-0.124063440117,-1.39487236455,0.0773059937003,1.90845178408,0.154199926778,-0.00885039645554,-0.0725048533829,0.00171424836606,-0.112371498499,-0.00965602585041,0.043568275283,-0.0201847604248,0.57409218442,0.818776265665,0.00208266016261,0.0,0.81873309707,-0.57403129379,-0.0120389540001,0.0,-0.00866186445876,0.0086167781048,-0.999925358834,0.0,0.657124903773,0.254949611049,0.303367035384,1.0,-0.0136,-0.0178742857143,0.681
0.461559797081,0.521743686013,-0.124074177362,-1.39682543591,0.0771884050751,1.90921698624,0.153933998396,-0.00917249292035,-0.0754865045397,-0.00110240916484,-0.117887402203,-0.00169289301635,0.0451220509328,-0.0212867702649,0.574091313399,0.818776741493,0.00213503427793,0.0,0.818734335647,-0.574030281491,-0.0120029357182,0.0,-0.0086023158894,0.00863897332925,-0.999925681389,0.0,0.65690171832,0.254651604917,0.303385430243,1.0,-0.01394,-0.0183211428571,0.698
0.461382348402,0.520400700709,-0.124077620989,-1.39897697643,0.0770565258854,1.91000968546,0.153646620626,-0.0110169215969,-0.0751893207191,0.000245066490661,-0.121656252147,-0.00429001614615,0.0410049536993,-0.014022601328,0.574083008702,0.818782606305,0.00211887562414,0.0,0.818739970063,-0.574022025881,-0.0120134144406,0.0,-0.00862025947467,0.00863167145836,-0.999925589919,0.0,0.656640762997,0.254327786845,0.303373530165,1.0,-0.0143,-0.0187942857143,0.716
0.46122581546,0.519153223131,-0.124083998907,-1.40091129286,0.0769292282337,1.91070038814,0.153380690701,-0.0111538788339,-0.0776683514831,0.00106452982871,-0.125390825604,-0.00454698956413,0.0417551988211,-0.0159014110054,0.574066283062,0.818794339563,0.00211637726797,0.0,0.818751721243,-0.57400536342,-0.0120086897025,0.0,-0.00861800117434,0.00862673748433,-0.999925651964,0.0,0.6564025983,0.25403442564,0.303388761404,1.0,-0.01462,-0.0192148571429,0.732
0.461058045497,0.517792171285,-0.124088333393,-1.40303150592,0.0767948920059,1.91145731281,0.153091405296,-0.00831473983474,-0.0802740145048,-0.000101704487319,-0.126215754489,-0.00510748976872,0.0402493448631,-0.0151250551365,0.574045887135,0.818808651599,0.00211149990824,0.0,0.818765962184,-0.57398498308,-0.0120118802914,0.0,-0.00862362829699,0.0086243607777,-0.999925623952,0.0,0.656138750069,0.25371770726,0.303400538486,1.0,-0.01496,-0.0196617142857,0.749
0.460858164049,0.516374332528,-0.124096372272,-1.40529020765,0.0766414897557,1.91230229696,0.152776053834,-0.0129364435797,-0.0813993546256,-0.00154639759831,-0.123915492304,-0.0145723097476,0.0482734263156,-0.0174779952202,0.574035139407,0.818816208595,0.00210289535694,0.0,0.818773558427,-0.573974424232,-0.0119986353128,0.0,-0.00861783484345,0.00860959917035,-0.99992580111,0.0,0.655870381537,0.253365001658,0.303393583568,1.0,-0.01532,-0.0201348571429,0.767
0.460705582443,0.515220862343,-0.124094014781,-1.40711251747,0.0765353960838,1.91297432106,0.152530826982,-0.0110036835233,-0.0830958975388,0.00343057023545,-0.131457178192,-0.00378615779964,0.0449514165016,-0.0270033553912,0.574025168335,0.818823184819,0.00210832232744,0.0,0.81878051269,-0.573964338974,-0.0120065201807,0.0,-0.00862128124833,0.00861846393616,-0.999925695034,0.0,0.655646365228,0.253093645763,0.303393243331,1.0,-0.0156,-0.0205028571429,0.781
0.460505741098,0.513741048274,-0.124094615427,-1.40950951015,0.0763963834391,1.91381175127,0.15220249349,-0.00932141812712,-0.0784158481074,0.000655362261684,-0.137185411949,-0.0109728063341,0.0509776334087,-0.017551944218,0.574008794189,0.818834824891,0.00204466138979,0.0,0.818791129451,-0.573948045995,-0.012061249179,0.0,-0.00870280900614,0.00859757923642,-0.999925168573,0.0,0.655341123241,0.252731673774,0.303362250538,1.0,-0.01596,-0.020976,0.799
0.460305485807,0.512338570201,-0.124099582607,-1.41178426007,0.0762568755691,1.91461495344,0.151885120708,-0.0133596137246,-0.0830635177216,0.000331869098261,-0.133858814162,-0.0163084804586,0.0500665169451,-0.0176266067697,0.573997890991,0.818842616323,0.00198437208933,0.0,0.818798050147,-0.573937323885,-0.0121015795697,0.0,-0.00877055273031,0.00857124617125,-0.999924802745,0.0,0.655056256829,0.252378049705,0.303331943785,1.0,-0.0163,-0.0214228571429,0.816
0.460123132452,0.510984186472,-0.124102535225,-1.41395170066,0.0761319015191,1.91544068009,0.151574763096,-0.0064603935517,-0.0812605148751,7.81133373916e-05,-0.136097516924,-0.0111241421006,0.0442895577288,-0.0259941670626,0.57397507866,0.818858577612,0.00199645904445,0.0,0.818814104969,-0.573914398562,-0.0121025422217,0.0,-0.00876464266393,0.00858145166881,-0.999924767033,0.0,0.654793595539,0.25205328268,0.30332048291,1.0,-0.01662,-0.0218434285714,0.832
0.459912356415,0.509498055692,-0.124108525993,-1.4163133877,0.075983947439,1.9163246346,0.151250821708,-0.0159882608965,-0.0910869904139,-0.000547341594615,-0.137498796631,-0.00523453212472,0.0497224823166,-0.0193999603693,0.573969917246,0.818862189876,0.00199874678599,0.0,0.818817776115,-0.573909256195,-0.0120980193948,0.0,-0.0087596800245,0.00858067379375,-0.999924817195,0.0,0.654507892241,0.251687160397,0.303313459893,1.0,-0.01696,-0.0222902857143,0.849
0.45970569049,0.507999497801,-0.124114912027,-1.41868512311,0.0758278518398,1.9171695426,0.150918546876,-0.0132363865695,-0.0861233232606,-0.00290678850848,-0.140393851246,-0.00936325844618,0.0474733286739,-0.0138676889207,0.57395235768,0.818874572582,0.0019678396996,0.0,0.818829785469,-0.573891864094,-0.0121102294125,0.0,-0.00878760092913,0.00856218533101,-0.999924730693,0.0,0.654210816781,0.251318662225,0.303306445255,1.0,-0.0173,-0.0227371428571,0.866
0.459485238285,0.506446198881,-0.124119162055,-1.42111584289,0.0756682147554,1.91806171913,0.150589286261,-0.0147800859528,-0.0930536765273,0.00424208876763,-0.146295347966,-0.0114850458269,0.056820250646,-0.0159303709232,0.57394885181,0.818877016683,0.00197331097828,0.0,0.818832363694,-0.57388839571,-0.0121002618899,0.0,-0.00877633505757,0.00856090713495,-0.999924840582,0.0,0.653912690307,0.250938804719,0.303313120607,1.0,-0.01764,-0.023184,0.883
0.459267310524,0.504827309538,-0.124123309772,-1.42356840497,0.0755187820369,1.91902145757,0.150249341556,-0.0166813492084,-0.104302676667,-0.000428328807183,-0.141951357541,-0.00798147791559,0.0640583017155,-0.0241600450123,0.573938383493,0.818884093033,0.00207870914987,0.0,0.818840877183,-0.573877533431,-0.012039160256,0.0,-0.0086659191933,0.008612034008,-0.999925364572,0.0,0.65362234828,0.250565134779,0.303360471966,1.0,-0.01798,-0.0236308571429,0.9
0.459055567776,0.503253073323,-0.124128742575,-1.42590472261,0.0753712482368,1.9198951184,0.149919107151,-0.0105705909516,-0.104926292855,-0.000802534457458,-0.14307085212,-0.00234434605201,0.0623006646507,-0.0190146903832,0.573927909869,0.818891160869,0.00218353522676,0.0,0.818849388199,-0.573866697999,-0.0119766136862,0.0,-0.00855464963772,0.00866186611253,-0.999925892277,0.0,0.653323667833,0.250179580153,0.30342929979,1.0,-0.01832,-0.0240777142857,0.917
0.458824352961,0.501550357802,-0.124126670714,-1.42842359956,0.0752132333284,1.92081619782,0.149569308328,-0.0117938523246,-0.0980364206594,0.00119328464936,-0.149501597816,-0.00545851212731,0.0535409026116,-0.0270645932387,0.573912890736,0.818901474149,0.00226194283707,0.0,0.81886068397,-0.573851320406,-0.0119410727344,0.0,-0.00848070646124,0.00870551923836,-0.999926143049,0.0,0.653027648213,0.249813392131,0.303493337665,1.0,-0.01864,-0.0244982857143,0.933
0.458582891274,0.499833390531,-0.12413766101,-1.4310241328,0.0750395954588,1.92173084693,0.149205329101,-0.0137289916158,-0.103648381462,-0.00155315535624,-0.150086719639,-0.0102797633529,0.0581737376109,-0.0237307960341,0.573905671057,0.818906479712,0.00228147242448,0.0,0.818866008629,-0.573844089522,-0.0119234111759,0.0,-0.00845511199309,0.00871130122974,-0.999926309441,0.0,0.652700717011,0.249397609684,0.303533099289,1.0,-0.01898,-0.0249451428571,0.95
0.458325535985,0.498148501974,-0.124134513903,-1.43364833049,0.0748742110484,1.92272196189,0.148821290857,-0.0205680796998,-0.0971679828809,-0.000174373597309,-0.152441403295,-0.0150520066234,0.0607637467834,-0.017325788954,0.573886326808,0.818919906917,0.00232741469275,0.0,0.818880027833,-0.573824558121,-0.0119005636142,0.0,-0.00841024266277,0.00873561233546,-0.999926475745,0.0,0.652361475189,0.248959325942,0.303548282522,1.0,-0.01934,-0.0254182857143,0.968
0.458080938958,0.496571998482,-0.124133107941,-1.43616317647,0.0747285976627,1.92361175435,0.148449174416,-0.0170674517539,-0.099347346402,-0.000446464902016,-0.157217127362,-0.00926058090378,0.0567083125424,-0.021911007746,0.573871140489,0.818930659444,0.00228823913532,0.0,0.818890071192,-0.573809324539,-0.0119439221778,0.0,-0.0084683941556,0.00872825659648,-0.999926049184,0.0,0.65206094173,0.248583768779,0.303523858843,1.0,-0.01964,-0.0258125714286,0.983
0.457815606088,0.494891447927,-0.124138104723,-1.43890492281,0.074552675847,1.92454737251,0.148056206225,-0.0128739270585,-0.100030791845,-0.00182874428952,-0.157557255822,-0.0104805080581,0.0574864317972,-0.0245393770252,0.573860582494,0.818938358629,0.00217796406312,0.0,0.818896216269,-0.573799101864,-0.0120135166387,0.0,-0.00858878113481,0.00867777726066,-0.999925461732,0.0,0.651704133638,0.248140207248,0.303470982288,1.0,-0.01998,-0.0262594285714,1.0
0.457503535005,0.492739579935,-0.12419221033,-1.44223673374,0.0743617498139,1.92575767453,0.14758222784,-0.0198862816942,-0.143804345787,-0.0062276655142,-0.212294865597,-0.0103400623163,0.0798298339106,-0.03363458216,0.573882965766,0.818922612187,0.00220085311166,0.0,0.818880791284,-0.573821410213,-0.0119994061623,0.0,-0.00856385328365,0.00868865841704,-0.999925581047,0.0,0.65129334917,0.247589848743,0.303489826271,1.0,-0.0305588571429,-0.0401630693878,1.018
0.457196328232,0.490235378146,-0.124241812335,-1.44613544661,0.0741503663038,1.92726147482,0.147001166297,-0.0216735858423,-0.181014881606,0.00182697472362,-0.29112718755,-0.0135148928856,0.107169421731,-0.0423057126622,0.573829734122,0.818959681937,0.00228527902057,0.0,0.818918890747,-0.573767766138,-0.0119644398041,0.0,-0.00848733778546,0.00873717769004,-0.99992581066,0.0,0.650769726679,0.246949715309,0.303496697559,1.0,-0.0405154285714,-0.0532488489796,1.034
0.456612274956,0.486333271696,-0.124282302806,-1.45235015062,0.0738049136727,1.92959165021,0.146083392723,-0.0386513966432,-0.237297282625,-0.00756083765319,-0.371036700306,-0.0188588643945,0.143715710231,-0.05424395228,0.573805862711,0.818976309148,0.00232031753696,0.0,0.818935761673,-0.573743535611,-0.0119716539906,0.0,-0.00847339695135,0.00876976510074,-0.999925643618,0.0,0.65003173818,0.246012769597,0.303465277597,1.0,-0.0510942857143,-0.0671524897959,1.051
0.455909067496,0.481696318923,-0.124418609881,-1.45966011133,0.0733546654828,1.93218651935,0.144960526182,-0.0440046600618,-0.289257883405,-0.00750897137927,-0.459784174943,-0.0264924973706,0.155276147797,-0.0660143502304,0.57379828098,0.818981872029,0.0022300074606,0.0,0.818940370101,-0.573736553377,-0.011991014957,0.0,-0.00854115152623,0.0087068345382,-0.999925617115,0.0,0.649106500376,0.244774796364,0.303432892616,1.0,-0.0616731428571,-0.0810561306122,1.068
0.455087936948,0.476458908164,-0.124551069843,-1.46785916075,0.0728580472009,1.93506142602,0.143747011047,-0.053844126499,-0.345174552149,-0.00694121516522,-0.530483808171,-0.0316493785287,0.193452950554,-0.0798686013667,0.5738371155,0.818954896378,0.00214230584043,0.0,0.818912265497,-0.573775764115,-0.0120341528195,0.0,-0.00862639128948,0.00866017080572,-0.999925290617,0.0,0.648054223169,0.243377985428,0.303412063632,1.0,-0.0716297142857,-0.0941419102041,1.084
0.454053829513,0.470092686504,-0.12467754666,-1.4777392764,0.0722863041257,1.93861635976,0.142302985632,-0.0636234441961,-0.390151359496,-0.00936666722799,-0.60563575513,-0.0290191786737,0.222472489746,-0.0869787774115,0.573913911731,0.818900977767,0.00218115449785,0.0,0.818858617495,-0.573852148708,-0.0120425445668,0.0,-0.00861015709753,0.0086976084721,-0.999925105596,0.0,0.64679207704,0.241698144716,0.303423145343,1.0,-0.0822085714286,-0.10804555102,1.101
0.452863603542,0.462825672972,-0.124729234506,-1.4887714365,0.07159719521,1.94271654627,0.140501243765,-0.0740729917987,-0.439251012882,-0.00477287550063,-0.678809833578,-0.0415314859309,0.242918373599,-0.10143500752,0.573785783967,0.818989958893,0.00246338197686,0.0,0.81895129112,-0.57372290695,-0.0118977188989,0.0,-0.00833097404032,0.00884430209652,-0.999926183872,0.0,0.645384136675,0.239857551767,0.303541456709,1.0,-0.0927874285714,-0.121949191837,1.118
0.451546943613,0.455341076258,-0.124817327229,-1.50055241759,0.070843232747,1.94668789858,0.138746554566,-0.0822528073947,-0.479903951221,-0.00686193629715,-0.757431830151,-0.0580862823359,0.255277888048,-0.120202622458,0.573831775839,0.818958534237,0.00218154511548,0.0,0.818915671775,-0.57376950973,-0.0121003771117,0.0,-0.00865816972838,0.00873025045448,-0.999924406555,0.0,0.643786792039,0.237814342271,0.303431242791,1.0,-0.102744,-0.135034971429,1.134
0.449898439437,0.445808006258,-0.124972131685,-1.51476315621,0.0698587122029,1.95186419006,0.136513830026,-0.0900150672117,-0.539103433058,-0.00916283866428,-0.815438161088,-0.0460073493862,0.293269701496,-0.122625211354,0.573842389617,0.818950053766,0.00254326872334,0.0,0.818912911625,-0.57377972117,-0.011799222421,0.0,-0.00820385576682,0.00885378004769,-0.999927151011,0.0,0.641946569334,0.235307425302,0.303659066886,1.0,-0.113945142857,-0.149756473469,1.152
0.448156576457,0.436206129224,-0.125040338237,-1.52953328254,0.0688998108761,1.95691776116,0.134157883992,-0.106060430657,-0.581671360642,-0.00678257268572,-0.894093117236,-0.057272755674,0.311690773385,-0.146194928498,0.573781942431,0.818992687193,0.00245107437106,0.0,0.818953698809,-0.57371894416,-0.0119230541257,0.0,-0.00835882727104,0.00884871994345,-0.999925912337,0.0,0.639905138299,0.232730601992,0.303634020329,1.0,-0.124524,-0.163660114286,1.169
0.446331461335,0.426336909135,-0.125132105914,-1.54425403387,0.067886086094,1.96218596362,0.1317319067,-0.115364325794,-0.617059951199,-0.00199549593777,-0.94398394493,-0.0687167279378,0.327269542385,-0.154550776037,0.573714872553,0.819038649358,0.00277178105779,0.0,0.819004218839,-0.573651109085,-0.0117150104856,0.0,-0.00800516521168,0.00899134923909,-0.999927533859,0.0,0.637914900138,0.230108577742,0.303809834409,1.0,-0.134480571429,-0.176745893878,1.185
0.444149867555,0.415237735908,-0.125254452118,-1.56093552617,0.0666827288697,1.96799666458,0.128974262887,-0.128749886319,-0.673729673009,-0.0130649539253,-0.99483709193,-0.0755951532172,0.36330667845,-0.154710689906,0.573700210581,0.819048456708,0.00290531314723,0.0,0.819016299157,-0.573636610972,-0.0115796014152,0.0,-0.00781781119791,0.00902289231071,-0.999928732082,0.0,0.635610614084,0.227045028357,0.303910109066,1.0,-0.145059428571,-0.190649534694,1.202
0.441769451821,0.403510508908,-0.125363614997,-1.57876875319,0.0654647841453,1.97407404036,0.125986874432,-0.147044031661,-0.703087271014,-0.00540245649091,-1.08056720065,-0.0808417336753,0.354671128401,-0.179901222333,0.573673567928,0.819067242019,0.00287008947434,0.0,0.819034180365,-0.573609575194,-0.0116539066371,0.0,-0.00789917444745,0.00903641355996,-0.999927970542,0.0,0.633063793721,0.223765806109,0.303879408153,1.0,-0.155638285714,-0.20455317551,1.219
0.439259294632,0.391693552083,-0.125489837446,-1.59628969127,0.0642358649096,1.98010253751,0.122970220414,-0.157890408912,-0.737540000092,-0.0111678566327,-1.12884490734,-0.095255465349,0.380765243915,-0.190169881222,0.573700689082,0.819047322341,0.00312250123432,0.0,0.819017553781,-0.573635895871,-0.011526164531,0.0,-0.00764944267858,0.00917012840993,-0.999928694844,0.0,0.630568422675,0.220441097882,0.304017946986,1.0,-0.165594857143,-0.217638955102,1.235
0.436196713218,0.377847689231,-0.125645464769,-1.61703883345,0.0626402521648,1.98699329839,0.119280158075,-0.171731632209,-0.781417398926,-0.00637590362318,-1.17082996122,-0.0911631469122,0.393343372246,-0.198246389503,0.573636189704,0.819092857481,0.00302648069576,0.0,0.819062313827,-0.573572262004,-0.0115123077068,0.0,-0.00769389176844,0.00908292748354,-0.999929149719,0.0,0.627513824413,0.216425995897,0.30401728515,1.0,-0.176796,-0.232360457143,1.253
0.433177001714,0.364963876692,-0.125785257772,-1.63627421712,0.061224849321,1.9933052566,0.115863728057,-0.194946749079,-0.84351475175,-0.0122254799571,-1.20540804929,-0.0920475329712,0.403244982316,-0.219148349317,0.573714738202,0.819038068905,0.00296441480613,0.0,0.819006403029,-0.573650625512,-0.0115852728639,0.0,-0.00778839105703,0.0090746912115,-0.999928492915,0.0,0.624632083162,0.212620698581,0.303998771359,1.0,-0.186752571429,-0.245446236735,1.269
0.429655737999,0.350716537479,-0.1259942678,-1.65758003383,0.0595839242396,2.0002309172,0.111926572065,-0.217036067061,-0.826491169371,-0.00922368571798,-1.28464373516,-0.0909694029827,0.402211529871,-0.242085332141,0.573802928493,0.818976914782,0.00278553556441,0.0,0.818942997235,-0.573739482195,-0.0116670798257,0.0,-0.00795705050569,0.00897597223026,-0.999928056047,0.0,0.621397198317,0.208275406001,0.30390971186,1.0,-0.197331428571,-0.259349877551,1.286
0.425857260174,0.335677972619,-0.126165860637,-1.67940437275,0.0579162381669,2.00736994863,0.107744434685,-0.224850490873,-0.87627350937,-0.00814916944393,-1.31524825683,-0.111380108493,0.420480492336,-0.259560883138,0.573861213159,0.818935139399,0.00304834216923,0.0,0.818904611546,-0.57379687142,-0.0115383897847,0.0,-0.00770021189999,0.00911791136774,-0.999928782679,0.0,0.618046409874,0.203772540434,0.304055545079,1.0,-0.207910285714,-0.273253518367,1.303
0.421878144736,0.320147234846,-0.126280069378,-1.70199199536,0.0560697367765,2.01457902283,0.103319182737,-0.245467004713,-0.915860603923,-0.0071861539568,-1.33671809603,-0.116606197985,0.426708509085,-0.263943583714,0.573747739683,0.819014426649,0.00310597033192,0.0,0.818984823525,-0.573683446117,-0.011485181273,0.0,-0.00762483219339,0.00913351520789,-0.999929217912,0.0,0.614449179544,0.199128246088,0.304105859047,1.0,-0.218489142857,-0.287157159184,1.32
0.417844412315,0.305013381016,-0.126408140769,-1.72381929304,0.0542561087284,2.02148277442,0.0988750205439,-0.258136372154,-0.964289094114,-0.00759158700428,-1.38537516997,-0.117416125561,0.42942120116,-0.287520099075,0.573616610092,0.81910585358,0.00321436759995,0.0,0.819077874798,-0.573552279548,-0.0114001992308,0.0,-0.00749450635012,0.00917233761565,-0.999929847838,0.0,0.610914699696,0.194545502813,0.304169963221,1.0,-0.228445714286,-0.300242938775,1.336
0.413158290655,0.288381962892,-0.126568315585,-1.74766079314,0.0522789777764,2.02879445734,0.0939488555999,-0.280215583158,-1.01450868423,-0.0107850452137,-1.41899210507,-0.116177969418,0.44438750564,-0.299953911606,0.573613389393,0.81910794917,0.00325484519934,0.0,0.819080211907,-0.573548595735,-0.0114176045473,0.0,-0.00748558287239,0.00921544756463,-0.999929518304,0.0,0.60696477609,0.189392096574,0.304215432568,1.0,-0.239024571429,-0.314146579592,1.353
0.40811209821,0.271335232637,-0.12675144318,-1.77207006769,0.0502048697709,2.03612144226,0.0886741046198,-0.309810464349,-1.04565781924,-0.0189122509797,-1.44730074062,-0.134286600978,0.458028704878,-0.317854465282,0.573569766904,0.819138799948,0.00317739109154,0.0,0.819109652023,-0.573504712341,-0.0115095519462,0.0,-0.00760581824076,0.00920433995034,-0.999928713287,0.0,0.602828187726,0.18399291039,0.304184307569,1.0,-0.249603428571,-0.328050220408,1.37
0.4029380161,0.254803285652,-0.126960407514,-1.79548906341,0.0481584976939,2.04304462927,0.0835325246014,-0.331882816798,-1.05313958168,-0.0206563546963,-1.46400526355,-0.122558841178,0.439154698021,-0.3314170965,0.573690049992,0.819054662181,0.00315179329069,0.0,0.819024983444,-0.573624818678,-0.0115494931224,0.0,-0.00765186665502,0.00920740400558,-0.999928333756,0.0,0.59880232758,0.178637617656,0.304182253806,1.0,-0.25956,-0.341136,1.386
0.397081558732,0.23670061148,-0.127155493475,-1.82087164825,0.0458744882511,2.05033195187,0.0776999728039,-0.348748233763,-1.06186848042,-0.0091486680471,-1.48593296748,-0.126940451442,0.427945649805,-0.347951914964,0.573705379925,0.81904411136,0.00310283623859,0.0,0.819013435522,-0.573639869601,-0.011620642825,0.0,-0.00773805748235,0.00920826716222,-0.999927662525,0.0,0.594318426406,0.172752252894,0.304190332751,1.0,-0.270138857143,-0.355039640816,1.403
